# <P(U)> as a function of N_tot.
# number_of_species: 1
# species_total_upper_bound: 527
# species_total_lower_bound: 505
# volume: 729
# Bin widths for each
10	10	10	10	10	10	10	10	10	10	10	10	10	10	10	10	10	10	10	10	10	10	10	
# Bin lower bound for each
-2840	-2850	-2870	-2880	-2890	-2900	-2910	-2920	-2930	-2940	-2950	-2960	-2970	-2990	-3000	-3010	-3010	-3030	-3040	-3040	-3050	-3060	-3070	
# Bin upper bound for each
-2700	-2700	-2710	-2730	-2740	-2750	-2760	-2770	-2770	-2790	-2800	-2810	-2820	-2830	-2840	-2850	-2860	-2870	-2880	-2890	-2890	-2910	-2930	
# Normalized histogram for each
9.01553778017036e-05	0.000766856949553805	0.00447872912842904	0.0187145591210327	0.0599575746956812	0.132757386868264	0.205382685875484	0.228856859341435	0.183854927692133	0.105411132925501	0.043836020190867	0.0127286741342185	0.00267070475993971	0.000461874689091918	3.18582505662132e-05	
6.11712165792719e-05	0.000806522386530666	0.00457637907910032	0.0189718535868561	0.0599107355619641	0.133145623962218	0.207321356825709	0.229295754117811	0.18394067357608	0.104028564727807	0.0422959608352282	0.012606207366926	0.00262905826531729	0.000367270514701012	3.44330661634782e-05	8.4349110078854e-06	
2.19241665421078e-07	0.000125348812184675	0.000949269430916393	0.00472509115311542	0.0196509906544273	0.061437230594406	0.135001004805433	0.207671290929274	0.228121500974795	0.181545963393971	0.102912946035554	0.0419866268221736	0.0125573691492921	0.00291130485508684	0.000369260385005277	2.35006185172784e-05	1.10821441830702e-05	
5.22260219762935e-06	7.84379656082637e-05	0.000955564371784793	0.00556671076077245	0.0217340178583628	0.0637387356333139	0.136960633805422	0.208955465189206	0.228381092876216	0.178638259431968	0.100286943198749	0.0397250753471015	0.0119235600988943	0.00267739331187002	0.000353043742974741	1.984380555849e-05	
4.87385052004221e-06	9.69057741570973e-05	0.000858007319506785	0.0055488630949696	0.0226885183501232	0.0644537330951477	0.139716780965536	0.212255592708097	0.227271543589285	0.177211333979019	0.0970470948593806	0.0392646673932687	0.0108901368426818	0.00229004941628486	0.00038679506610993	1.51036959126469e-05	
1.61544871556121e-06	0.000140443732614624	0.0008195076307647	0.00537638226120111	0.0240653923081571	0.0674577015738826	0.141193543663876	0.210726120177084	0.226340472024084	0.176382018355879	0.0964134108534028	0.0380380417583462	0.010667726457336	0.00213044426344263	0.000231684909578822	1.54945816345495e-05	
8.56112781692533e-06	0.000139358220869625	0.000815001141599859	0.00555855212898336	0.0248261824355538	0.0714068071408898	0.146766973707736	0.214411446612794	0.223721011060296	0.172439807190107	0.0923069378430974	0.035223626602781	0.0101665027856661	0.00194360652696311	0.000254207063918972	1.14184109267695e-05	
2.59674707251262e-05	8.6224075687125e-05	0.000999122420218288	0.00586918196204409	0.0246460563135378	0.0727707376420629	0.14729425260968	0.216834460112084	0.22632770497478	0.168819889914093	0.0902533885096993	0.0340068174904939	0.009797454482899	0.00194882687881792	0.000306958356207578	1.29567869703618e-05	
8.07011331562172e-06	0.00017049919325072	0.000978842173729784	0.00638976491005845	0.0260198903852927	0.0757032355036298	0.151798788682944	0.217502469246103	0.225023296101464	0.165882206016227	0.086564581212834	0.0329502191878073	0.00908495279400853	0.00160995284454702	0.000274661948087277	3.11252879369903e-05	7.44439876431109e-06	
2.19490645762704e-05	0.000146126501888923	0.00130021207847083	0.00704589689103187	0.0277602849434548	0.0773914560324371	0.154251733955952	0.218106280379608	0.223826937348155	0.163596603273452	0.0853323965533467	0.0311098089133781	0.00819330371920049	0.00173108000708066	0.000180455161271491	5.47517669601456e-06	
1.01670135748936e-05	0.000180555650886203	0.00174240412549098	0.00816780655905362	0.0304974265015006	0.0811432570821615	0.159144671026328	0.219324307570607	0.222315366818986	0.157819473734786	0.0804203588226513	0.0292522354560227	0.00815867984117151	0.00152922930605199	0.000273007908821193	2.10525819066625e-05	
1.60046486952221e-06	0.000208463234599009	0.00167871578612939	0.00895054607592814	0.0313210491603623	0.0827103917679134	0.160726716745893	0.220005309246817	0.219818430805206	0.156299863140919	0.0797009377789636	0.0291759321319542	0.00753174471047166	0.0015690302356923	0.000266826495461753	3.44422188196172e-05	
2.60868357399211e-06	0.000220284694369534	0.00194731840185677	0.0092334940724294	0.0334568672777875	0.0885191340791112	0.165543418096224	0.218402145854129	0.214389042873092	0.154015884955734	0.0780397114363671	0.027769979677237	0.00694301133218001	0.00132842685738124	0.000173956603633045	1.47151048949269e-05	
3.05186077529008e-07	2.26258643685299e-05	0.000315678164401298	0.00218326436584006	0.00940168858825277	0.0345511261082122	0.0890410320997452	0.168216703246551	0.221575815893405	0.215927437232327	0.148815219238206	0.0749400935515297	0.0266334784875492	0.00699088169247022	0.00118911019463147	0.000186084579858851	9.45550657447634e-06	
3.44042325405357e-06	7.53751412022066e-05	0.000373816407488716	0.00212318922682755	0.0103039388875351	0.0367431589668629	0.0913734338046111	0.172387196955172	0.225773490969201	0.211871538901373	0.143361983767002	0.0714425571611259	0.0260677934269138	0.00696909233450677	0.00100890926958542	0.000110500420532514	1.05839368070061e-05	
9.27657154930329e-06	7.93748270128477e-05	0.0002998753707841	0.00209202949538837	0.0108380606507926	0.0391892404489823	0.0978903011395037	0.174270122241363	0.22745932494394	0.208851456784124	0.138886335867188	0.0672979439854902	0.0249170879961226	0.00654790184084348	0.00127001788122404	9.78350495283227e-05	3.81490616301343e-06	
3.07168647972078e-05	0.000372449690565341	0.00223333180793451	0.0115740581529938	0.0418361130238238	0.100138227432567	0.177958644179572	0.230542310819568	0.207001034053975	0.135435464747988	0.0642292005745369	0.02184376419419	0.00558914928702946	0.00109797381851625	0.000117047691995648	5.13659946441602e-07	
2.6226231115815e-06	5.03696411585488e-05	0.000427217666168535	0.00261015164750332	0.0123980968331933	0.0438514653415212	0.106016758795937	0.186629262391477	0.22879047514618	0.202425901934347	0.129363955739411	0.0617411312714837	0.0199824886181722	0.00473252085861279	0.000851573363038606	0.000120355484697315	5.65264398806887e-06	
1.32950075776695e-05	5.43589734010586e-05	0.000566744992889621	0.00297799493535235	0.0140784025021031	0.0460498080183043	0.109950580287783	0.187400368782585	0.229304783230873	0.201334833051017	0.125071821748949	0.057929884845177	0.0194129209437357	0.00481287440151222	0.000943159575954279	9.70152779439228e-05	1.15342484167113e-06	
4.40530461579583e-05	0.000504691361869946	0.00353412712789992	0.0150479780473737	0.0489837708852777	0.114308173399935	0.189007126226558	0.229393529866614	0.197800996725616	0.121579776028227	0.0563589511008389	0.0184808890267073	0.00420528465044231	0.000695637091860754	2.57875213588695e-05	2.92278932630724e-05	
7.9770097539923e-05	0.000597188696343517	0.00357464923977202	0.0160000813549339	0.0503193371641301	0.116025708463893	0.195143315661273	0.229863367446411	0.195938309207865	0.118968896920713	0.0525337243910316	0.0166866050427086	0.0036238756798675	0.000550354749621784	8.23657750643054e-05	1.17034070766673e-05	7.46701753589447e-07	
1.07703733636736e-05	0.00045320863024264	0.00367523092874116	0.0161810980442077	0.0536760028727927	0.121992753658481	0.195504150401733	0.228448421073107	0.192620193669785	0.116341734579532	0.0509303450025652	0.0161335600185693	0.00339925903767945	0.000550727446612322	8.1221939335332e-05	1.32232325270969e-06	
9.41000327815545e-06	0.000434030070470745	0.00383662749372114	0.0179936482275289	0.0563666033554421	0.126270418181407	0.196239596571584	0.22998973311919	0.191251124914486	0.111231080493295	0.0478348147158453	0.0143102802113106	0.00351352707976355	0.000637423898054557	8.16816646232998e-05	
