# <P(U)> as a function of N_tot.
# number_of_species: 1
# species_total_upper_bound: 527
# species_total_lower_bound: 505
# volume: 729
# Bin widths for each
10	10	10	10	10	10	10	10	10	10	10	10	10	10	10	10	10	10	10	10	10	10	10	
# Bin lower bound for each
-2840	-2850	-2870	-2880	-2880	-2900	-2910	-2920	-2930	-2940	-2950	-2960	-2970	-2990	-3000	-3010	-3010	-3020	-3030	-3040	-3050	-3050	-3070	
# Bin upper bound for each
-2700	-2700	-2710	-2730	-2740	-2750	-2760	-2770	-2780	-2790	-2800	-2810	-2820	-2830	-2840	-2850	-2860	-2870	-2890	-2900	-2910	-2920	-2930	
# Normalized histogram for each
0.000115648967696383	0.000724303494895275	0.00440027756922413	0.0182570980184716	0.0587628545842474	0.133360219847276	0.206311388279228	0.228535297815802	0.184054158266033	0.105548731131238	0.0439114734907159	0.0127395313330155	0.00278356892114601	0.000473405279136588	2.2043001874211e-05	
6.51375769560439e-05	0.00083598844967933	0.0043531903129953	0.0185464293081908	0.0594065186613439	0.134346751048521	0.20739019977733	0.228566129832535	0.184061188321739	0.104944393742781	0.0420482415757698	0.0125714277083462	0.00248219333384208	0.000331032920079742	3.92262535698824e-05	1.19511763212913e-05	
3.09826042193394e-07	8.90307262674303e-05	0.000950221717786083	0.00452101111492812	0.0191171372669748	0.0606330007181104	0.134641634286341	0.209214490584648	0.227588082234412	0.182017658151681	0.104041362779879	0.0414048645831146	0.0124936466297223	0.00292357017181056	0.000319371635017162	2.89466045134971e-05	1.56609687518232e-05	
3.27455859577015e-06	6.13537228788556e-05	0.0010687820000523	0.00570855127524366	0.0217923792082816	0.0636417321960664	0.137183354793247	0.208393742424725	0.229367769614211	0.179342094567276	0.0998702537282878	0.0391028833417702	0.0114366909010062	0.00272012567460885	0.000295816543415182	1.11954503341871e-05	
9.40071289048207e-05	0.000959339600845805	0.00586992073868779	0.0226725556062172	0.0641220514156373	0.14035725302795	0.213691321274458	0.227767401091957	0.176811453825621	0.096293573480726	0.0385224836186927	0.0104033098513135	0.00210719739996365	0.000323255573961322	4.87636506262294e-06	
2.28288640547487e-06	0.000143180248019195	0.000899188668885866	0.00560056194815558	0.0243974979714204	0.0667655867706285	0.142607929889425	0.211827447956438	0.226737598284881	0.174241252674978	0.0957359374850209	0.0381406830239457	0.0106117960246965	0.00206996621589234	0.000216083404732595	3.00654647518422e-06	
1.20940165674699e-05	0.000137116007495685	0.000800075614487553	0.00555069165392977	0.0251231421930181	0.0710574818005308	0.146914334354756	0.215729561250207	0.224559367153207	0.172035984674723	0.091185749713426	0.0347158329056441	0.0100261366313835	0.00189971479400917	0.000236586832551237	1.61304040630625e-05	
3.24066899003079e-05	9.31510682784634e-05	0.000912060550045318	0.0059917040250585	0.0240457333120328	0.0729012849776468	0.147854486298552	0.217949582915499	0.228665573507509	0.168635228394006	0.0879773253213064	0.0332398026445588	0.00956167913584873	0.00187848663037418	0.000260905594967973	5.8893441640871e-07	
1.0682339017761e-05	0.000115408910330357	0.000946572658830064	0.00637904909828707	0.0253271319546869	0.0760724969251486	0.152584441335629	0.217962460567987	0.225458816754287	0.164181062001699	0.0868025290410938	0.0334879052285452	0.00877535469559177	0.00159286560659841	0.000301019316261375	2.20356600723264e-06	
3.12887279389575e-05	0.000147543394440181	0.0012558077547025	0.00690858942601843	0.0271937725857127	0.0768032417726347	0.156249251291761	0.218860937114635	0.224325235795224	0.162074071180516	0.084776222405027	0.0310352777535229	0.00837641756703141	0.00173434529581443	0.000221793805368027	6.20412965252278e-06	
1.44794244819774e-05	0.000206400530313504	0.00158426745158792	0.00756982173606146	0.0291037348507017	0.0795244129168044	0.158663547898421	0.22229332532668	0.222890441213189	0.157947434969571	0.0804743578594801	0.0295140692161242	0.00818218072977842	0.00169925515961805	0.000305022517528829	2.72481996580672e-05	
2.29085021815505e-06	0.000232621233561651	0.00154023546311782	0.00869640567445751	0.0302309050946264	0.0814844737088345	0.160142022873632	0.220753822252839	0.220357243792926	0.156717048049153	0.0804774451651176	0.0297176008974229	0.00768269676550706	0.00162681115156367	0.000292636896827209	4.57401301947066e-05	
3.52687420000887e-06	0.000208085577800523	0.00196352945636476	0.0089568204560675	0.0328091014731222	0.0888916607621685	0.166534448670593	0.218303856429792	0.21512757508694	0.152775480967266	0.0778111229957873	0.0278967124550169	0.00716023997930141	0.00139165219525241	0.000157315530637513	8.871089690852e-06	
4.46025102723426e-07	2.07401672766393e-05	0.000257202682511857	0.00199437048647589	0.00893772785153922	0.0339611126400715	0.0893210870425371	0.168789471875826	0.221413820521529	0.215471758751728	0.148551128980278	0.075178061680104	0.0275559307019718	0.0071884327788339	0.00119004880468195	0.000165213850119139	3.44515941413957e-06	
5.00150764008744e-06	0.000104851965556564	0.000435625325622107	0.00215517809380384	0.0103275966539854	0.0366943095301901	0.0929104542650761	0.173694588536449	0.223335824703087	0.21270485815904	0.142021912473496	0.0710005863444106	0.0260808931866049	0.0072603547081198	0.00114780107967875	0.0001047770926877	1.53863745514666e-05	
1.33082551595539e-05	0.000111776012867639	0.000360041253665482	0.00224971721068659	0.0106912982399903	0.0387064417457495	0.0993795250057856	0.175564294272819	0.227263192281899	0.208368143455674	0.137708595883472	0.066406149240373	0.0250985397792893	0.00662593363019851	0.00136119677606075	8.63740567200205e-05	5.4728995898221e-06	
3.11372771041682e-05	0.000387047344032024	0.00230871553779287	0.0117594432731049	0.0423947508382631	0.102043172442798	0.177076068426577	0.227755488941482	0.206154314323237	0.135463918247841	0.0651143837765086	0.0223304902386248	0.00582217994846392	0.00122317481450572	0.000134981927851105	7.32641814215722e-07	
4.3048296662666e-05	0.000458843604732238	0.0027664179705208	0.0126420296942286	0.0444457975097071	0.107807039601166	0.187704922881445	0.226202787183628	0.200656422476991	0.129554561240491	0.0622283853617311	0.0198604129835678	0.00466105396133492	0.000838189627847547	0.000122099707368013	7.9878985783282e-06	
2.72022795998882e-05	0.000459025894558389	0.00284003007569103	0.014425708002195	0.0470351412067029	0.111373540381432	0.188696127918598	0.227447133167129	0.200360229744159	0.125576291717419	0.0571935185402863	0.0188126683473355	0.00471525579138401	0.000955061546702362	8.3065386807794e-05	
4.28831627471767e-06	0.000421878377632694	0.00340747312594078	0.0154379098565463	0.0500047487535833	0.114915138961776	0.190402341613193	0.230006501144937	0.195992057722202	0.121426304336649	0.0551314416346723	0.0180734142219445	0.00402495475395344	0.000729760810073144	2.17863706218069e-05	
7.75679046148255e-05	0.000636195177537649	0.00354778761945189	0.0167631923718264	0.0516407964661492	0.117818902074736	0.196091778166026	0.228724488985217	0.194154648739862	0.118188898962003	0.0523050959569531	0.0162913065396179	0.00331149520099034	0.000410272530047925	3.75733049667131e-05	
0.00037717784435277	0.00374621522087285	0.016694278394829	0.0549299066346927	0.123659406855087	0.196538323056042	0.228777942635065	0.191606043257886	0.114887299731292	0.0498275046312601	0.0155500602168681	0.00286127808011191	0.000481018111259534	6.35453303814168e-05	
1.11108194581362e-05	0.000339959206054159	0.00395414798035433	0.0182765157605888	0.0562370722645959	0.127114800347411	0.1968149626436	0.230856862050789	0.191058783159277	0.110593323263773	0.0470616286300003	0.0139105286704628	0.00316728612020209	0.000527879812860772	7.51392705728194e-05	
