# <P(U)> as a function of N_tot.
# number_of_species: 1
# species_total_upper_bound: 527
# species_total_lower_bound: 505
# volume: 729
# Bin widths for each
10	10	10	10	10	10	10	10	10	10	10	10	10	10	10	10	10	10	10	10	10	10	10	
# Bin lower bound for each
-2840	-2850	-2870	-2880	-2880	-2900	-2910	-2920	-2930	-2940	-2950	-2960	-2970	-2990	-3000	-3010	-3010	-3020	-3030	-3040	-3050	-3060	-3070	
# Bin upper bound for each
-2700	-2700	-2710	-2730	-2740	-2750	-2760	-2770	-2770	-2790	-2800	-2810	-2820	-2830	-2840	-2850	-2860	-2870	-2880	-2900	-2910	-2920	-2930	
# Normalized histogram for each
0.000103249400409061	0.000762185329851089	0.00446281565371491	0.0184561096810533	0.0590055757970384	0.133619825605594	0.205473056618438	0.228561599047654	0.184370500419712	0.105211507187983	0.0439968076073409	0.0127442120411072	0.00273838595873779	0.000470451678373099	2.37179729935611e-05	
5.72994729996421e-05	0.000774652240442933	0.00428243258527379	0.0184376340255571	0.0591152871072522	0.133469602539277	0.206892537095797	0.229468219870229	0.184746935755243	0.105199710463518	0.042161789409138	0.0124392228282339	0.00254139674082868	0.000365461508169599	3.73052849876103e-05	1.05130730514877e-05	
2.72278555899108e-07	7.82411878844367e-05	0.00089809785098769	0.00437090710631667	0.0190017693762642	0.0604387990640853	0.134400526540051	0.208640496768854	0.22838682482187	0.182070038303693	0.104098354327015	0.0418508541958511	0.0125051446871067	0.00286488255105662	0.000353605567417068	2.74223402726959e-05	1.3763032718424e-05	
2.86679354681673e-06	5.37136385494784e-05	0.00096487618751273	0.0054629075461793	0.021221587735382	0.0630500942600427	0.136329398607536	0.20817126426099	0.230059342755554	0.180008065245845	0.100437059463742	0.0394966024170453	0.0116268042252353	0.00276398929714913	0.000335111378093098	1.63161875964097e-05	
8.26905338270822e-05	0.000888104906308254	0.00557392780198046	0.0223995160148774	0.0637217007608705	0.139210520376556	0.212919493147035	0.228260990211349	0.177385022277636	0.0972363975387031	0.0391117716943717	0.0106459645905651	0.00217546506524658	0.000383908274038066	4.52680663505154e-06	
2.00482254165859e-06	0.00015405030203274	0.000864314376930342	0.00543880838379835	0.0240235854137577	0.0666386830129414	0.141796007694666	0.211764137502444	0.226828000633131	0.17547730811796	0.0958613563792009	0.0382524203007204	0.010562093078761	0.00211356778527444	0.000215819801780313	7.84239406001743e-06	
1.06289753041516e-05	0.000165012012971716	0.000841139967385086	0.00556372614123664	0.0246718882911068	0.0705351446802208	0.14653013507178	0.215965743205274	0.224018007307797	0.172822685856602	0.0919931889100293	0.0347485961483029	0.00996354288093031	0.00192148179602954	0.000234902350898388	1.41764041313982e-05	
3.23046635791463e-05	9.36017234464264e-05	0.00101189095240981	0.00583618144179146	0.0240217759984302	0.0722072593192099	0.146888896289713	0.217695669994331	0.228703105276735	0.169106150408998	0.0889302800120365	0.033741047734378	0.00956991127810451	0.00186144728258742	0.000286222805908385	1.4254818341483e-05	
1.00701026626613e-05	0.000176396967317512	0.000933990343579023	0.00622322334510058	0.0251834915848743	0.075701185953121	0.151860538220628	0.217692469675327	0.225577453487254	0.16571188768946	0.0868343350994496	0.0333060470699555	0.00889114656126848	0.00156385557871175	0.000285780037392847	3.88389645438626e-05	9.28931935482073e-06	
2.75392289912509e-05	0.000152230925300229	0.00122626759750834	0.00686705000689155	0.027154441580447	0.0767658603627607	0.155850793468558	0.218628734485462	0.224493788016229	0.161903518249425	0.0851617184762036	0.0314003502437121	0.00840158843036878	0.00174822531242109	0.00021102397696062	6.86963876183222e-06	
1.27330683735819e-05	0.000194179292697125	0.00158580427277988	0.00771392249948091	0.0296684656871543	0.0802372624622926	0.159361355226134	0.221319095918298	0.222894564646654	0.157481172620502	0.0798446393735137	0.0295398455787731	0.00820413220035709	0.00160701933764915	0.00030944176764216	2.63660476976175e-05	
2.01337554287327e-06	0.000205019734390904	0.00154373205046989	0.00869718103506718	0.0305580208145466	0.0818118328675072	0.160452430347645	0.220154420228852	0.220217348349007	0.156996315833546	0.0800030581688112	0.0297687776017403	0.00762895018369755	0.00162280771273093	0.000294763584511661	4.33281119343835e-05	
3.09989235251548e-06	0.000195360901447613	0.0019458389786231	0.00898706171261634	0.0328575526501487	0.0889120329469013	0.165844369457733	0.217636308256707	0.215277195419908	0.153694409065287	0.0779531215868612	0.028079393468294	0.00706885780053324	0.001362917081548	0.000172477198295092	1.00035827445805e-05	
3.90820618248435e-07	1.81731587485522e-05	0.000240866789998423	0.00196658239788004	0.00909625555372102	0.0344128268243316	0.090229490608247	0.169235886596552	0.221131076511822	0.214732332248117	0.147764242259702	0.0756151781008976	0.0270533848363932	0.00711619658279793	0.00122114597486332	0.000162951982950033	3.01875236164308e-06	
4.3995505002964e-06	9.2232492823579e-05	0.00038676527481947	0.00199832457477011	0.0102375169126658	0.0365552723531529	0.0923400644677726	0.17355830237232	0.224337117322174	0.212330157839209	0.142394725260354	0.0710559677949742	0.0261847546578479	0.00731548431743671	0.00109419060234542	0.000101189661506817	1.35345453265106e-05	
1.18265691094714e-05	9.93313342065953e-05	0.000326629173568762	0.00210865028895033	0.0105172158813699	0.0390007606056864	0.0985475558157298	0.175412535180012	0.227916361687178	0.207974600925851	0.138152814028135	0.0668329950432197	0.025195620304899	0.00650288213225946	0.00129348575001419	0.000101871710208964	4.86356960038918e-06	
3.88481934212832e-05	0.000413246033430547	0.00224877120175886	0.0116230026831499	0.0422442336288256	0.100931601765844	0.177576683735272	0.229292028963966	0.206755919113436	0.135122988183289	0.0645661262254981	0.0222266040847823	0.005695268586275	0.00114433915039339	0.000119688815316676	6.4963534149303e-07	
3.82879960981319e-05	0.000411701566870635	0.00264943716229701	0.012697379916328	0.0444867407395806	0.107171614971994	0.187137675754911	0.227227575867341	0.201114356061095	0.129642930769575	0.0616500358490725	0.0200446620321721	0.00477034380540322	0.000832959131430088	0.000117193782774456	7.10459305732638e-06	
2.42651539122818e-05	0.00040977730600519	0.00280385583934904	0.014148244708373	0.0465341303874522	0.110399816800011	0.187710705784624	0.228775210267557	0.201221999816569	0.125176109834367	0.0575514780497456	0.0192042029348787	0.00492755031350181	0.00100197909056434	0.000109225238503198	1.44847458641724e-06	
1.12796138282326e-05	0.000430652181351842	0.00334732352909042	0.015198034564932	0.0493482204160341	0.113473700116519	0.189919207723013	0.229602504220976	0.19742170805886	0.122059184938065	0.0557931073542168	0.0184657380475247	0.00417726631860597	0.000731585586447456	2.0487330535706e-05	
8.63940854029307e-05	0.000661246542698434	0.00360305856709167	0.0163343254995029	0.0507079872891043	0.117403692934186	0.19508277980398	0.228056238928906	0.195256134915838	0.11957849169701	0.0526453021760054	0.0166823822082198	0.00339175705978031	0.000458081927994376	5.21263642800233e-05	
7.83632800562345e-06	0.000412083207707	0.00372054500988495	0.0167412607562492	0.0544994507041626	0.122497908683968	0.195414267992614	0.229080978454295	0.192320481851516	0.115654064755557	0.0503500733766715	0.0158076740846193	0.00295512222092685	0.00047586310056716	6.23894732549105e-05	
1.09032377732107e-05	0.000362998038059331	0.00389791074700365	0.0184389187809775	0.0570913507183265	0.127859901917431	0.19650348925986	0.229883858724212	0.19067563407922	0.110308166816321	0.0474184340359985	0.0137996462408506	0.00313876389857156	0.000542703633386264	6.73198720096095e-05	
