# <P(U)> as a function of N_tot.
# number_of_species: 1
# species_total_upper_bound: 527
# species_total_lower_bound: 505
# volume: 729
# Bin widths for each
10	10	10	10	10	10	10	10	10	10	10	10	10	10	10	10	10	10	10	10	10	10	10	
# Bin lower bound for each
-2840	-2850	-2870	-2880	-2880	-2900	-2910	-2920	-2930	-2940	-2950	-2960	-2970	-2990	-3000	-3010	-3010	-3020	-3030	-3040	-3050	-3050	-3070	
# Bin upper bound for each
-2700	-2700	-2710	-2730	-2740	-2750	-2760	-2770	-2780	-2790	-2800	-2810	-2820	-2830	-2840	-2850	-2860	-2870	-2890	-2900	-2910	-2920	-2930	
# Normalized histogram for each
0.000110262839677796	0.00075560984333461	0.00454408322844983	0.018569603940144	0.0589133303731288	0.133687529585349	0.206352504916218	0.22840871193523	0.183861559376011	0.105050561001869	0.0438431079728353	0.0126545585239311	0.00274494537037782	0.000478129730005495	2.55013634374799e-05	
6.17163438890535e-05	0.000825598511160589	0.00443795671023627	0.0187571696881914	0.0595625171245661	0.134496398350462	0.207226296125369	0.228458601035674	0.183728006596896	0.104961237530237	0.0421495396877043	0.0124866529896376	0.00244719475215452	0.000349610166879841	4.01809244770695e-05	1.13234624650109e-05	
2.93695917819743e-07	8.43956198134874e-05	0.00093278522775545	0.00449548453714768	0.0191104577200531	0.0608127816351551	0.13494274314169	0.209296619814522	0.227397616693989	0.181710153848271	0.104105461952491	0.0414678287030027	0.0123979675906834	0.00286974476957639	0.000333267946365979	2.75514741954711e-05	1.48456293697932e-05	
3.09722488162305e-06	5.803111214014e-05	0.00102770665069819	0.0056082790272038	0.0215224064304471	0.0635592121070074	0.137146868666929	0.208869807503358	0.229546169288438	0.179098549489367	0.0999560270799858	0.0391532474573789	0.0114493800761397	0.00269496233652469	0.00029566638875584	1.05891607439275e-05	
8.89098880236558e-05	0.000928209418287169	0.00579375660537912	0.0226621456847216	0.0642121649964259	0.139857433677937	0.21340562054178	0.228186537220598	0.176685850806124	0.0966010384128215	0.0388033240733177	0.0104274582050807	0.0020352829621144	0.000307655547884143	4.61195950489283e-06	
2.16128891134055e-06	0.000135553780347869	0.000871168944126034	0.00554975201611174	0.0244954622891742	0.0667344991193878	0.141967560579056	0.211482388370028	0.227094239866991	0.174822690612298	0.0959643424622457	0.0380410438935035	0.010536474144748	0.00208965560369736	0.000210160626003066	2.84640337016419e-06	
1.14417567047064e-05	0.000129721006196252	0.000812529510257205	0.00553243684650025	0.0250709881477228	0.0708772192825712	0.146591758242573	0.215150678442797	0.224324746315226	0.172488100411825	0.0921046154276908	0.0348526369441256	0.00990607521386717	0.00188572616778262	0.000246065832199839	1.52604519605665e-05	
3.48149900860739e-05	9.5983294585579e-05	0.000969631436216254	0.0059193214993439	0.0239424305451606	0.0723004734527933	0.147097480852207	0.217852249676662	0.22849774582333	0.169054611517497	0.0888723942817138	0.033622739261196	0.00964568160260813	0.00184070711282604	0.000252975921113192	7.58732660655408e-07	
1.08760034059116e-05	0.000170506038816204	0.000952136799163656	0.006297393365057	0.0252179346752063	0.0753367638415108	0.15205415306965	0.217875293236764	0.225904486534474	0.165132911140191	0.0868753818088025	0.0334759060379326	0.0088440719067722	0.00156537329604145	0.000284729300563644	2.08294564897844e-06	
2.96890614806536e-05	0.000159833987780302	0.0012471658847348	0.00681330165598899	0.0269953224211364	0.0766769979028621	0.15589479804254	0.219249888891322	0.224355826040066	0.161843032398441	0.0850899476449935	0.0312801771412934	0.00842191823708054	0.00172575937006222	0.000210454382691625	5.88693752737562e-06	
1.37502549889058e-05	0.000199850093211644	0.00165124172344884	0.00774784080384107	0.029389016122261	0.0797959714537744	0.158951968618785	0.222014148084096	0.223136751971624	0.157934805109572	0.0795623549116027	0.0294059936259156	0.00819366526332841	0.00167328129354973	0.000300888359301009	2.84723106996014e-05	
2.17942116957935e-06	0.000221306324132453	0.0015697244406426	0.00885418372767656	0.0304901460433782	0.0815288256277521	0.160123192293555	0.220210857827998	0.220510411222913	0.156961488450461	0.0802678622707917	0.0296679776908891	0.00762484391815665	0.00160412711574898	0.00031597218862586	4.69014361091019e-05	
3.34789971850304e-06	0.000197526083391679	0.00194760045720322	0.00901775794723046	0.0330018922358448	0.0890989782867943	0.165737373524134	0.217412541931165	0.215726296946746	0.153331117091945	0.0778468262195752	0.0279995233409501	0.00709063230904804	0.00139771889317617	0.000180062912152588	1.08039209256495e-05	
4.22348307270219e-07	1.96391962880652e-05	0.000260042765533221	0.00201118622988395	0.00911232493043705	0.0339716516320864	0.0897436121493355	0.169306838754086	0.22156034659708	0.215110403449531	0.147945451706321	0.075214196856779	0.0273341202993034	0.00707806246286794	0.00116680273564028	0.00016163560993926	3.26227658029411e-06	
4.73194069532398e-06	9.92007447564625e-05	0.000412146367567873	0.00210555776706094	0.0103963074711641	0.0366615393350185	0.0927169517773095	0.174083444161453	0.22387764193086	0.212634990030871	0.142141930665097	0.0706119245826409	0.0258721620176825	0.00715511227219965	0.00111267193529539	9.91299073209037e-05	1.45570930073215e-05	
1.26171771176083e-05	0.000105971649547058	0.00034832396038094	0.00216930489359356	0.0105781654659577	0.0387374860790655	0.0988734798697573	0.175883217318378	0.228044038792799	0.208491634028702	0.137862270346927	0.0661990915421838	0.0247866937017362	0.00651254168118163	0.00130808601319917	8.18887794783896e-05	5.18869999438651e-06	
3.90798689745514e-05	0.000418744456778217	0.00225823347498969	0.0116053673112603	0.0420793490700096	0.101731564206498	0.177302989525711	0.228611721706244	0.206296957660519	0.135621090597165	0.0647857199257822	0.0222242062227971	0.00572345333095585	0.0011735771681398	0.000127254773062413	6.90701113017876e-07	
4.06477481636758e-05	0.000436912330186592	0.00273401293215378	0.0126710623312765	0.0444575742152321	0.107627993657049	0.187890723251594	0.226513225562305	0.200516231837686	0.129786350488885	0.0617365908501226	0.0199471383577592	0.00467612863616599	0.000837919828996242	0.000119945511632432	7.542460792658e-06	
2.57626433098069e-05	0.000435066128540892	0.00280354854893919	0.0141921203193016	0.046663142278995	0.111220427312839	0.188654971587942	0.228058818850171	0.200318079503136	0.125465821729993	0.0574473670762265	0.0189441848181818	0.00474126541939453	0.000950754496367202	7.86692866626197e-05	
7.01468570673502e-06	0.000427963799871561	0.00334010513328175	0.0151248586867095	0.0496132202899512	0.114325415620128	0.190603855684533	0.229933308827248	0.196797959107101	0.121466542396162	0.0554757914495875	0.0181881896074984	0.00395400568461429	0.000721153192579224	2.06158350276428e-05	
8.17889338700785e-05	0.000619246423458793	0.00356974986499208	0.0166059388940233	0.0512736392747491	0.117816543825613	0.196132682789193	0.228308442563612	0.194080107432387	0.118673250560072	0.0525241587042824	0.016549360837188	0.00333651860710844	0.000393063587436569	3.550770201487e-05	
0.000360706537808368	0.00376850217697212	0.0169239148556478	0.0547470275337653	0.123059480371274	0.196152503782075	0.228907289330667	0.191541077470212	0.115022642330555	0.0501951071673225	0.0158790118561634	0.00290047121990141	0.000482346280551962	5.99190870853324e-05	
1.04939797426924e-05	0.000348955610609348	0.00399951289873951	0.0185068584143428	0.0570501651430204	0.127805454148146	0.196862551802994	0.230178173752134	0.190474762351549	0.109946834994845	0.0471900587177844	0.0139512466803468	0.00310539025184943	0.000498573492586157	7.09677613107503e-05	
