# <P(U)> as a function of N_tot.
# number_of_species: 1
# species_total_upper_bound: 527
# species_total_lower_bound: 505
# volume: 729
# Bin widths for each
10	10	10	10	10	10	10	10	10	10	10	10	10	10	10	10	10	10	10	10	10	10	10	
# Bin lower bound for each
-2840	-2850	-2860	-2870	-2880	-2890	-2900	-2910	-2920	-2940	-2950	-2960	-2970	-2980	-2990	-3010	-3010	-3020	-3030	-3040	-3050	-3050	-3060	
# Bin upper bound for each
-2700	-2710	-2720	-2730	-2750	-2760	-2770	-2780	-2790	-2790	-2800	-2810	-2820	-2830	-2850	-2860	-2870	-2880	-2890	-2900	-2910	-2920	-2930	
# Normalized histogram for each
0.000120414022614314	0.000462221827272525	0.00386907990058469	0.0163120862634857	0.0565212034158751	0.130695083878168	0.204845124230867	0.230279291457755	0.186207497817146	0.108265349194131	0.0461439229469736	0.0130061146053995	0.00273537721046075	0.000508800584857442	2.84326444095503e-05	
0.000107088936152284	0.000646709102956339	0.00372100044645582	0.0167507274509111	0.0587088074604033	0.133569755273063	0.208253424418129	0.229793925593594	0.184999368009013	0.105360738377081	0.0430076384943537	0.0124507703582813	0.00242399245616259	0.000194811930251623	1.12416931917094e-05	
0.000106415372497488	0.000859586043632425	0.00454705400649329	0.0195904351854289	0.0600107272002032	0.133666179392287	0.211506778564468	0.225767461886098	0.183049829704133	0.10263325834224	0.0426173572512638	0.0121296467864367	0.00302483090426742	0.00046384973141158	2.65896291387312e-05	
3.18560463854302e-05	0.00109663115499393	0.00564531137450403	0.0208723312947103	0.0625494794960373	0.139220740571357	0.21334191000001	0.228332790355472	0.178205220509861	0.0978050049026909	0.0383348927788661	0.0115874098699944	0.00265742609274279	0.000315590511786302	3.4050405875163e-06	
5.53908297169995e-05	0.000894795203696013	0.0055548686055765	0.0221362941036311	0.0633462435610042	0.144045357864647	0.218515525010992	0.225751516587371	0.175460443797951	0.0951790937548495	0.037604070413184	0.00927241360573379	0.00196231045386012	0.000221676207787258	
3.68626067098228e-05	0.000935712540664477	0.0053343917888345	0.0236308411746125	0.0679874323666208	0.144973671984875	0.216921858101585	0.226371206222605	0.170191004854421	0.0936871187810215	0.0371647514723623	0.0104213936875897	0.00219878167288032	0.000144972745218467	
2.22250645167431e-05	0.000695221275190692	0.00529700534242343	0.0238515748318207	0.0725190000102679	0.14876896392538	0.219125413913357	0.22397569735695	0.170097168323699	0.0905167281949199	0.0339190735484703	0.00932566364260912	0.00177624006227877	0.000110024508115764	
3.43512654225471e-05	0.00064059254683717	0.00589350608064241	0.0238730950271547	0.0730118385390594	0.150045605208401	0.221115172454282	0.229883098740214	0.164214214022749	0.0885765140086022	0.0321763033416599	0.00864633061344178	0.00168719362965151	0.000202184521881912	
0.000174274933555956	0.000901505025154017	0.00693185548400012	0.026820139296507	0.0786142433416396	0.15072658035647	0.219512470704488	0.226450655929795	0.162524744901073	0.0834643040943389	0.0330762899662775	0.00912314882426633	0.0014040588785832	0.000275728263850751	
3.45109602368096e-05	0.000121397608987912	0.0012508847364194	0.00717837799508852	0.0291418527425188	0.0802732796374761	0.156834115444193	0.217126787254041	0.221516145095869	0.161870435871462	0.0833103424041475	0.0305222321924919	0.00874121744212231	0.00192410395220067	0.00015305886009355	1.2578026509999e-06	
1.4692686282861e-05	0.000184158796827102	0.00160236592658945	0.00836396369364639	0.0313894039720549	0.0827219619604979	0.15757690257929	0.220636401642254	0.222719977565112	0.156543490822191	0.0784473318395573	0.0298905538071673	0.00826870643785257	0.00130658979338121	0.000308389480711426	2.51089965848626e-05	
5.83585868041287e-06	0.000193072921913391	0.001422559095315	0.00862189369775829	0.0321607905183668	0.0856686429208058	0.160763454082602	0.217502276768222	0.22233989027959	0.152965180212099	0.0783708820575311	0.0301957119833757	0.00788551799943318	0.00154354545413242	0.000301604226634358	5.91419235397546e-05	
9.04212255021655e-06	0.000137428417187898	0.00189614099583067	0.00960753160636427	0.0342733165936927	0.0925391946398613	0.169252424157519	0.216142463102612	0.212796423678642	0.150959144136645	0.077890758682254	0.0261053185369988	0.00688557632198991	0.00121089420195411	0.000283760758546425	1.05820473513451e-05	
3.12889756918126e-05	0.00021640881415198	0.00197730483852918	0.00896193496095284	0.0341404509442429	0.0927449004464996	0.168469588274112	0.224679777632022	0.213157988593346	0.144885384224364	0.0747592050928789	0.0273255338102235	0.00737251440525628	0.00119228820220061	8.09354706661001e-05	4.49531486205156e-06	
1.51841455366063e-05	0.000423441736012779	0.00201001539457594	0.00997458953967228	0.0374341371203321	0.0920669376666147	0.173727705656959	0.223308292617625	0.213960209211905	0.14134627193339	0.0712273572787811	0.025361271985291	0.00795519237775487	0.00113138839248936	5.80049430610555e-05	
3.04357548261132e-06	0.000171776430896649	0.00042639750175901	0.00237525084675889	0.0109977001889968	0.0404399503206824	0.0989589988254954	0.172859461250394	0.223964860956017	0.211100242701019	0.139058699677286	0.0667293717449633	0.0239232456288085	0.00736133270598562	0.00152969361420561	9.99740312489462e-05	
1.51483623066904e-05	0.000494472695343509	0.00279617810495789	0.0127173626833588	0.0450513949555108	0.104178780530729	0.176014667732714	0.224293380833009	0.205099265986472	0.135108758163547	0.0657581031926663	0.0218787943867008	0.00533590031892266	0.00111842344375258	0.000139368610008519	
5.94833327435309e-06	0.000372720787349092	0.00268850459025776	0.0128667775589876	0.0452183772531332	0.107210006723037	0.184631665975269	0.22520302771229	0.203192454487748	0.130175651440597	0.0626602931548161	0.020195035371897	0.00456776951192256	0.000889107140437858	0.00012265995898278	
5.661349290891e-05	0.000697221713522521	0.00285365448285341	0.0148193920107363	0.0458560672968245	0.109622461268846	0.190088611666658	0.229368687321869	0.199720628617331	0.126239504071319	0.0557271745438291	0.0182402847307014	0.00540419232568936	0.00119331382236531	0.000112192634546646	
8.03738375003107e-06	0.000450110410809635	0.00391493348100461	0.0155165838892284	0.0494977455815413	0.112333876372821	0.188692118505961	0.231910569198549	0.201001397100345	0.119914753646658	0.0540703570238011	0.0177028030316605	0.00414238298072654	0.000801251016242571	4.30803769001665e-05	
0.000171973670394819	0.000774859304678142	0.0034015318944552	0.014418092679785	0.0490418798425364	0.117371052256562	0.194745648618195	0.22955374462179	0.195956133325877	0.120417137355934	0.0534227206418514	0.0168480376866534	0.00344826514184794	0.000427401956037118	1.52100340226732e-06	
0.000283876791699547	0.00365368024880737	0.0155797275588314	0.0513139185952254	0.122606547437967	0.198756043709374	0.230338343679274	0.196582127455511	0.113347827674638	0.0497593256446064	0.0147971868474492	0.00257838530290171	0.000402119631278349	8.89422437933082e-07	
0.000175870044736818	0.00414077542665275	0.018223627439025	0.0514497011007138	0.124152781798667	0.19653329555729	0.237388804585042	0.194631837837313	0.109441285802187	0.0461429471723621	0.0137090533643574	0.00340662603858077	0.000589413993031956	1.39798400400438e-05	
