# <P(U)> as a function of N_tot.
# number_of_species: 1
# species_total_upper_bound: 527
# species_total_lower_bound: 505
# volume: 729
# Bin widths for each
10	10	10	10	10	10	10	10	10	10	10	10	10	10	10	10	10	10	10	10	10	10	10	
# Bin lower bound for each
-2840	-2850	-2860	-2860	-2870	-2880	-2890	-2910	-2920	-2930	-2940	-2950	-2960	-2970	-2980	-2980	-3000	-3010	-3030	-3040	-3050	-3050	-3060	
# Bin upper bound for each
-2710	-2710	-2720	-2740	-2750	-2760	-2770	-2780	-2790	-2810	-2810	-2820	-2830	-2840	-2850	-2860	-2880	-2890	-2900	-2900	-2910	-2930	-2940	
# Normalized histogram for each
1.77749614338884e-06	0.000278289239949315	0.00453305953967738	0.0196828813567984	0.0695275393032171	0.14378521803101	0.197715339769499	0.234926443876781	0.187847236648949	0.0944374813501772	0.0344977562443995	0.0101516137554205	0.0026073646553335	7.99873264524976e-06	
8.00312460019602e-06	0.00120554109294502	0.00447848089423082	0.0209385410754734	0.0695177328387928	0.14290661086272	0.204203669376269	0.234742916530228	0.186701399475964	0.0876359051731183	0.0347719983069446	0.0093801129116889	0.00299564844189872	0.000500702527803813	1.27373673214387e-05	
3.47459479198077e-05	0.000767066595478047	0.004739612870386	0.0278471067635643	0.070151294258896	0.141831631538034	0.209247291005613	0.227575003942116	0.174998741289307	0.0921587579983457	0.036870208945975	0.00961599641474932	0.00375809516959398	0.000383643953624119	2.08033063978466e-05	
0.000596197159138658	0.00731768587613007	0.0243694456204539	0.0718969149741757	0.14143577051574	0.205946817491863	0.225520749450636	0.179566905349397	0.09164719172337	0.0356145123268067	0.0128249212224669	0.00284869888804246	0.000414189401780029	
0.000362692223858955	0.00859447704184577	0.0232256987699979	0.0686820260912199	0.154377205403159	0.218886349299075	0.224695903488511	0.165594200877467	0.0893042030241921	0.034104928189026	0.00993675671016301	0.00213431691042886	0.000101241971055997	
0.000669884198847738	0.00642626690740299	0.0275548328744603	0.0639075220318747	0.145640074516267	0.229754839029028	0.216389023010528	0.16809658159747	0.0875600084061323	0.0382188811849712	0.0130164731062356	0.00258283780118095	0.000182775335601909	
0.000996507128394193	0.00571479221430332	0.0256674265485941	0.0723165688422557	0.15258447569532	0.214518490614119	0.204673523146853	0.175898576537099	0.094927331097083	0.0372663086080865	0.0124743989961803	0.00282831192645303	0.000133288645258863	
4.78378415924377e-05	0.000840915313800556	0.00727516102419138	0.024155757323447	0.0677147448551354	0.150300112435733	0.222250914968741	0.221529762307545	0.168098254221269	0.0885738363080927	0.0355827276487488	0.0105560303240381	0.00257439288513496	0.000499552542530866	
0.000495753483013592	0.000520665718340909	0.00861125385318676	0.0307046697532171	0.0826867664620617	0.156410450365655	0.226333319820333	0.218993042918573	0.15259321648891	0.0773911046560741	0.0338650132793538	0.00953413893463052	0.00170999848035364	0.000150605786296957	
0.000150373632092413	0.00118684078398604	0.00632737427710711	0.0325933988609627	0.084780951543271	0.16093082309006	0.228148294742397	0.214002980444327	0.151241515857833	0.0774954464161371	0.0313496382786903	0.0101669983361553	0.0016253637369806	
1.05115639466905e-06	0.00113688403841206	0.00894650887018324	0.0379622796031628	0.0919092609097478	0.160408918524751	0.226005866153453	0.213474797182294	0.137339305926104	0.0774404435225933	0.0331130615642445	0.010624154476075	0.00162870843596221	8.75963662224207e-06	
0.000162542288105596	0.0019691498636241	0.00727200062872429	0.0335651043395988	0.0828673239434904	0.163066712399454	0.219076055534876	0.219526641278065	0.150019952248634	0.0761806705052153	0.0354040010503107	0.00938785282734025	0.00142011271954327	8.18803730187113e-05	
4.23421589561149e-05	0.000910964781909288	0.00868817299546075	0.0337975599479191	0.0961219327638151	0.169876620059062	0.205939850529745	0.224773472491407	0.152664897462013	0.0719315410027232	0.0266101001379892	0.00684093547456496	0.0015451237832865	0.00025648641114796	
0.0002878828152295	0.00150215456837473	0.00575952729342381	0.0247369670347983	0.0777778789497666	0.158589129729501	0.21837133914529	0.233260668284781	0.163261612510479	0.0826100194445633	0.0249919204465526	0.0070331717588954	0.00155092501064281	0.000266803007701863	
1.02996019326467e-05	0.00103976933796243	0.00660363882483994	0.0294846949754495	0.0809779226806431	0.154059974336825	0.210320446365129	0.224987569974453	0.167430451631414	0.0829505416793624	0.0307402654967627	0.00990184111515261	0.00140724442120222	8.53395588705015e-05	
0.000946905604348012	0.0101543183616652	0.034897968714116	0.0810600327405951	0.157909847575194	0.222301731643548	0.217991718254321	0.151806202289283	0.0814224950534066	0.0285560936977233	0.0111448525041949	0.0017470606711758	6.07728904290374e-05	
0.000191169875316662	0.00122014074108036	0.00825772176100788	0.0380110533341555	0.10206165709368	0.175388676946362	0.217746967500331	0.216467407314889	0.145946012889408	0.0685386821900294	0.0220908582591974	0.00403393469500039	4.57173995416139e-05	
0.00032969533594138	0.000934181641675536	0.00788308276712084	0.0289997326103541	0.093377120462467	0.184883455390135	0.23558427329025	0.216005349407753	0.142262999180606	0.065992625859176	0.0216180558929139	0.00208031028502767	4.9117876579022e-05	
4.25574904971776e-05	0.000821978355033023	0.0021388611767083	0.0103136878528041	0.0384214580676121	0.104091201838686	0.184805839342316	0.227894603912258	0.220234255622766	0.131452006011088	0.0576799222094536	0.0166466718021898	0.00499677977445793	0.000460176544129718	
7.14471817182857e-06	0.000965013267741645	0.00322798367003215	0.0170299120770982	0.0506855833400414	0.114968637068798	0.178628075979791	0.225143287322936	0.206209426931682	0.122951073446274	0.0573575593261673	0.0164915575628509	0.004367685297075	0.00187215431829148	9.49056730491228e-05	
0.000560467840510831	0.00228087083184194	0.00435693463210341	0.0163185266143866	0.0560693941731443	0.130084286706875	0.195366528023153	0.231394022888621	0.19199630390301	0.109740440583949	0.0449668671989097	0.0137072369617355	0.00292436208351916	0.000225263808683435	8.49374955736798e-06	
0.000581818480593619	0.00438815919796348	0.020301254106397	0.0500965995842283	0.121533433187352	0.20255614991249	0.227515803265758	0.206654683670864	0.112004294056606	0.0415019389883984	0.0104991789452576	0.00199361411852125	0.000373072485570401	
7.92307579371247e-05	0.00501647139111492	0.0235263458723813	0.0537003548424169	0.125634415613674	0.193802484048798	0.236064625972602	0.200446982978803	0.105560303213326	0.0425519796804748	0.00948376984502666	0.00329225315568768	0.000840782627757699	
