# <P(U)> as a function of N_tot.
# number_of_species: 1
# species_total_upper_bound: 527
# species_total_lower_bound: 505
# volume: 729
# Bin widths for each
10	10	10	10	10	10	10	10	10	10	10	10	10	10	10	10	10	10	10	10	10	10	10	
# Bin lower bound for each
-2840	-2850	-2860	-2880	-2880	-2900	-2910	-2920	-2930	-2940	-2950	-2960	-2970	-2980	-3000	-3010	-3010	-3020	-3030	-3040	-3050	-3050	-3070	
# Bin upper bound for each
-2700	-2700	-2710	-2730	-2750	-2750	-2760	-2770	-2780	-2790	-2800	-2810	-2820	-2830	-2840	-2850	-2870	-2870	-2890	-2900	-2910	-2920	-2930	
# Normalized histogram for each
0.000110372193337762	0.000692739376008146	0.00447928657423242	0.0184525793761847	0.0581870445969867	0.132003516614273	0.20610110812046	0.229830692118408	0.18466033692332	0.106796098126559	0.0436297009203688	0.0121535927380785	0.00245146505745537	0.000426868238906496	2.45990254219988e-05	
7.49397036020082e-05	0.000784759595152831	0.00448698264430904	0.0187551806458326	0.0598802290957257	0.134400462535043	0.208114340197009	0.228809723754291	0.184363306160865	0.105122080696827	0.0409513371323777	0.0118788801239784	0.00213713726013004	0.000207561192520631	1.96648936581631e-05	1.34143686782825e-05	
0.00010410433759235	0.000962347554624876	0.00470441922006995	0.019736742210077	0.060898223860779	0.135125341431707	0.210454992132516	0.227596965917947	0.181913540923201	0.103433520333909	0.0402827418490166	0.0117313904745685	0.00266771299394575	0.000334125804355035	3.3582352053382e-05	2.02486036379807e-05	
4.22003690631375e-06	5.5193140349018e-05	0.00116964405794567	0.0059642808092396	0.02249749197694	0.0635995964352094	0.137654229755347	0.208854777979961	0.229065703788576	0.180064374571997	0.0988034959774209	0.038302319071858	0.011167548296374	0.00252360107915088	0.000264883352572203	8.639670152791e-06	
9.95022944696396e-05	0.000993386769299764	0.00599284435813049	0.0235250154666138	0.0644010717177152	0.140616452291542	0.21514416550698	0.227100307939625	0.176323963641747	0.0953080444542006	0.0378497786273714	0.0104686211809145	0.00195443053657307	0.000222415214817844	
2.93287196637526e-06	0.000183179898762627	0.000990371438841684	0.00565612984809487	0.0242755633721173	0.0667747854901278	0.142081027163072	0.212646242964174	0.226624119064941	0.174111381966203	0.0954194846518401	0.0382254334209693	0.0108098280577931	0.00201970406900139	0.000176815758286571	2.99996380874332e-06	
1.55937802474298e-05	0.000141252113374653	0.000823570320093439	0.00545759850491873	0.0249267504875156	0.0713665708428708	0.147176470729532	0.216901222541631	0.223812020757948	0.17145256902745	0.090793179243415	0.0344941840033065	0.0104181001040038	0.00196618333010831	0.000235146785171325	1.95874284134905e-05	
4.21670982482939e-05	8.93301566855526e-05	0.000849223663116632	0.00597567594371026	0.0235521903926591	0.0720280717230793	0.148802643997481	0.217943787187621	0.229248838974182	0.169139406546609	0.087818848872055	0.0331584962896287	0.00933997742960535	0.00176595250145587	0.000244622911244528	7.66312618626064e-07	
1.40536066550177e-05	0.000124285643437309	0.000963439436960155	0.0065525216884968	0.0252896808449	0.07583483639716	0.15207337543517	0.217782272256941	0.226722402407984	0.164652476877454	0.0862991759871871	0.0330935854243415	0.00883864525559067	0.00152030733121187	0.000237547080083851	1.39432642758563e-06	
1.76580111440151e-05	0.000126290980613716	0.00119892465527761	0.00690354828281473	0.0279726527686454	0.0769388807966394	0.156434884957655	0.21655199618587	0.224612033584652	0.163753828902399	0.0838434447167693	0.0311523215839984	0.00857279346156428	0.00176420223981614	0.000152516546139679	4.0223260009146e-06	
1.87004897260974e-05	0.000189793918797377	0.00146009290411322	0.00773559201005123	0.0297207966721636	0.0796550670592138	0.156985203759192	0.222326189632557	0.2243792305218	0.157876908119618	0.0799344708354325	0.029326280546633	0.00839978043377792	0.00164677676292396	0.000314878524969578	3.02378090313614e-05	
2.99571672824305e-06	0.000219823280860708	0.00150099481921955	0.0087518456831923	0.0313094318030113	0.0829286368001081	0.159743749607943	0.220215950965144	0.221260259827157	0.155149023838667	0.0794843969401066	0.0298558256034459	0.0076809272165489	0.00151811463662961	0.000318209454079885	5.98138071578731e-05	
4.60522030479037e-06	0.000199200915847603	0.00192998951035387	0.00940351799013224	0.0338475950001143	0.0909829645661278	0.166628132301423	0.218178455584872	0.214256416695778	0.150987265721232	0.0776152769596585	0.0274497675540189	0.00694946848618586	0.0013794243623434	0.000176335695382334	1.15834362251496e-05	
1.63396512108417e-05	0.000246213646191252	0.00212533401533149	0.00953865695364954	0.0346118063767661	0.0905289756951871	0.168442470577842	0.224034318549453	0.21588549962702	0.146102488179104	0.0733876836567724	0.0268207562639731	0.00701357100264898	0.00112370634011933	0.000119891308761105	2.28815596845224e-06	
2.97609680741063e-06	4.91153231288355e-05	0.0002715736965795	0.00206081087784002	0.0107901015720444	0.038075443392713	0.0937789403531456	0.174028739135934	0.222938945004415	0.212428693790333	0.140965762476586	0.0705240116742357	0.0254594383486763	0.0073969232761076	0.00108471920565525	0.000123819243317466	1.998653248114e-05	
1.67453217303419e-05	0.000128218316787977	0.000352435498564285	0.00233967126238135	0.011088088736289	0.0390553375249461	0.100453684480691	0.175178554878161	0.226719135468859	0.208278321239824	0.138156961527728	0.0656509705113451	0.024383013985297	0.00668392575372848	0.00139776603071369	0.000110106225076221	7.06323787598325e-06	
3.78023006011799e-05	0.000438258176274412	0.00247714509226447	0.0120061253681805	0.0426682643483244	0.103349520874239	0.178223548411251	0.226638010961654	0.206177169280002	0.134948430493402	0.0646099239383303	0.0215183502881032	0.00553404652972873	0.00122123892485784	0.000152165012786545	
4.55732222640869e-05	0.000504010448239176	0.00270424518449737	0.0123986963381509	0.0446708462556132	0.10825179050863	0.188332019597141	0.22663795556784	0.199525220435542	0.130113580656437	0.0615824522221766	0.0195628742691519	0.00460909168468403	0.00092995955458423	0.000121294595876012	1.03894591729588e-05	
3.51517036018751e-05	0.00055337471906375	0.0026828103294943	0.0136701131460547	0.0467321473146062	0.110350723662254	0.189245110665891	0.228449250470697	0.201566720528497	0.125772693356305	0.0562190684622137	0.0187681686189897	0.00485798215015803	0.00101755175812137	7.91331140514479e-05	
4.40116049800011e-06	0.000376600354613083	0.00324876989880481	0.0150988435788643	0.0502894017831464	0.114820486392168	0.191494419143177	0.231733145501069	0.196462245270096	0.120374157942177	0.0542222788041593	0.0171928694158076	0.00404584322899525	0.000610000845022816	2.65366814026786e-05	
9.9378281934524e-05	0.000753157014620277	0.00357475608466705	0.0162345557896048	0.0512965597498902	0.11662145711901	0.196131062412183	0.230119441172766	0.195018854730113	0.118299181142899	0.0520525788294863	0.0159588927700952	0.00337401454025025	0.000423050133296522	4.30602291845615e-05	
0.000397339321056747	0.00397392035751143	0.0174366059327725	0.0554725052500368	0.123931238471724	0.197213458712552	0.228300072349531	0.193086619500333	0.113365456558315	0.0486061851001768	0.0148742648646861	0.00279399902947624	0.000468319194651164	8.00153571777063e-05	
1.22087575830208e-05	0.000312872605993446	0.00431122216008991	0.0192349996209348	0.0569144725321323	0.128299681136197	0.196343215487651	0.23131432025293	0.190660586185869	0.108434000848082	0.0466601923142791	0.0136313097707281	0.00321516146601425	0.000566148662812633	8.96081987039495e-05	
