# <P(U)> as a function of N_tot.
# number_of_species: 1
# species_total_upper_bound: 527
# species_total_lower_bound: 505
# volume: 729
# Bin widths for each
10	10	10	10	10	10	10	10	10	10	10	10	10	10	10	10	10	10	10	10	10	10	10	
# Bin lower bound for each
-2840	-2850	-2860	-2880	-2880	-2900	-2910	-2920	-2930	-2940	-2950	-2960	-2970	-2980	-3000	-3010	-3010	-3020	-3030	-3040	-3050	-3050	-3070	
# Bin upper bound for each
-2700	-2700	-2710	-2730	-2750	-2750	-2760	-2770	-2780	-2790	-2800	-2810	-2820	-2830	-2840	-2850	-2860	-2870	-2890	-2900	-2910	-2920	-2930	
# Normalized histogram for each
0.000103522447869872	0.000655805740603901	0.004330669738133	0.0181270009964404	0.0583253750953398	0.133103369497312	0.206598454625677	0.228961658784534	0.184127481127183	0.106364974613089	0.0438830880302774	0.0124240945049048	0.00254349559930562	0.000425331563806993	2.56776355226658e-05	
7.06374414363643e-05	0.000791709680671685	0.00442176752705976	0.018918414239389	0.0598742574627937	0.134881965750051	0.208282867288981	0.228504626169523	0.183732415148825	0.104999288020863	0.0409648287148759	0.0120230987392791	0.00224485735079428	0.000255709869564292	2.09123414281581e-05	1.26442544655673e-05	
9.85428736569945e-05	0.000961269256047167	0.00465993585585696	0.0198491709908089	0.0613432322681894	0.135171923368475	0.21052544242929	0.227530863804079	0.180963221334851	0.103563883602548	0.040192681427068	0.0120211833142024	0.00272418907769206	0.000339866832690569	3.54266822015617e-05	1.91668823429958e-05	
3.99746387926752e-06	5.94127570704647e-05	0.00115605935124655	0.00599120799234921	0.0226267079457031	0.0642929221966943	0.138241178195938	0.208855954468238	0.228210603179305	0.179231550952422	0.0986598574371132	0.038534534423575	0.0112484041881105	0.00258767361125179	0.000287511287208398	1.24245498950207e-05	
0.000105613028139976	0.00103688768880688	0.00609231678494149	0.0234994947306946	0.0648069840190675	0.141756603814424	0.215240335602012	0.226620708264119	0.175260034382206	0.0951869562347865	0.0377091425331883	0.0104127528887299	0.00202396677097729	0.000248203257907277	
2.7830896742871e-06	0.000173824868807108	0.000968324210301716	0.00564393305323264	0.0246042316878498	0.0669383271420957	0.142731017702679	0.212477564181709	0.225909464364833	0.174073509674806	0.0953102892598796	0.038266136951932	0.0106791152630686	0.00202750811291104	0.000191087300839124	2.88313538153272e-06	
1.47985903513339e-05	0.000134049097071006	0.000827534948488118	0.00562399252364466	0.0253826959944024	0.0714851883809586	0.147054750632911	0.216176640274087	0.223500478392001	0.171386857910292	0.0914267661038038	0.0345308101832538	0.0102242598953457	0.00197254923575335	0.000240039251384442	1.85885862522078e-05	
3.98102775779826e-05	8.43372790984119e-05	0.000830312539430332	0.00612612239825343	0.0238917476902593	0.072568611256379	0.148503413090035	0.217145304685004	0.228388010828132	0.168897108641646	0.0887911631293727	0.0333280613138032	0.00930189638704865	0.00185075039554475	0.000252626606853721	7.2348156089324e-07	
1.32452904412823e-05	0.000117137151011769	0.000980888917818645	0.00663023691816032	0.0253614789610001	0.0758605905291257	0.152361757717166	0.21717809228961	0.225525073897328	0.165118012370685	0.0868882071487792	0.0333765814283538	0.00882523964308811	0.00153509229088643	0.00022705131708625	1.31412945848554e-06	
3.87311067456893e-05	0.000135127474501729	0.00123208533427064	0.00699034374250711	0.0280141858059093	0.0770748834613234	0.156406164403128	0.216739510381354	0.224719189757762	0.163002673944411	0.0839872530001888	0.0313555567841212	0.00844306838769058	0.00171131759631736	0.000146116300136553	3.79251963238083e-06	
1.79205883155231e-05	0.000237712445219096	0.00154892106054571	0.00774669414767461	0.0295666172256287	0.0795404461723656	0.157730080741513	0.222027554265592	0.224020312344134	0.157576933435355	0.0800588105315366	0.0296524205487976	0.0083048599822658	0.00162730473085195	0.000314924093926643	2.84876862779465e-05	
2.8123114046749e-06	0.000254004568647063	0.00155464196958965	0.00881774760262014	0.0310038174673624	0.0822250585043348	0.160260735618937	0.220387613708569	0.220911005623009	0.155866300866114	0.079382009857227	0.0298187490780361	0.00759296711131103	0.00154043885326738	0.000325945004344502	5.61518552275693e-05	
4.30963812740239e-06	0.000223969446961641	0.00203860938930508	0.00938577080192692	0.0336347683688069	0.0903506223719676	0.16676082630028	0.218063501934406	0.214331966945941	0.151481578310679	0.0776542778935964	0.0276026958536689	0.00687061706038567	0.0014113029801317	0.000174342740664872	1.08399631501475e-05	
1.52264021341836e-05	0.000287686007503789	0.00220345107108862	0.00955631917386896	0.0346677654474292	0.0906421143797184	0.169327717618304	0.22360005349624	0.215344835551006	0.146022859065944	0.0732210814036898	0.0268642484434832	0.006940909855773	0.00110018974482936	0.000201334178497281	4.20816049112539e-06	
2.78359054452862e-06	7.10543324944871e-05	0.000429382486545229	0.00225747373821046	0.0108227728744487	0.0380836303580604	0.0938004426291027	0.174189418660851	0.222800715812134	0.211683955750698	0.140400704772378	0.0707816588782379	0.0259900756264254	0.00737264884502233	0.00116943550994255	0.000125152414090277	1.86937208137461e-05	
1.55727214984087e-05	0.000119239759646777	0.000364767890897087	0.00244185072906469	0.0112977072367468	0.0397441629404427	0.100795568742988	0.175026945608004	0.225846584516413	0.208049852619124	0.137592940792904	0.0658807805062237	0.0247699690376609	0.00659197211985094	0.00135282684893625	0.000102689298784883	6.56863081468266e-06	
3.48463547127012e-05	0.000406702334649377	0.00243667210281548	0.0121320205118243	0.0428338616910031	0.103938984358894	0.178197861425906	0.226681105774308	0.206038830099236	0.134035714843936	0.0645659251708938	0.0216424057035174	0.00565629025337679	0.00124041568855313	0.000157482615457603	8.81070915618235e-07	
4.87943010259991e-05	0.000492425177026804	0.002765704162951	0.0126717936148572	0.0452947910287334	0.109638954903452	0.188492082597853	0.225946311708307	0.198651936959732	0.129552073239192	0.0615188097582833	0.019336663327035	0.00450770389037653	0.000927903518484503	0.000144465675674852	9.58613701572725e-06	
3.23729187862228e-05	0.000532477224398958	0.00277616162579021	0.0141887527399302	0.0470663247997516	0.11114183944686	0.189191185197952	0.228352147548547	0.200107784889189	0.125467309196424	0.0563535816363566	0.0187746939166608	0.00487238934876932	0.00105076885126322	9.22106593213489e-05	
4.04897200095798e-06	0.000358074035461562	0.00328938485357826	0.0153797345865609	0.0501497488853137	0.115178651555596	0.191031445186023	0.231645327987531	0.196428145220992	0.120555456220776	0.0539317359346043	0.0171942195886913	0.00407445921418506	0.000753714006940432	2.58537517450643e-05	
9.18565020864798e-05	0.000698959370112896	0.00356368069345208	0.0164421346662573	0.0511561097412805	0.117452456345185	0.196797802462046	0.230431157984932	0.194196379217058	0.118075218510993	0.0517357597695436	0.0156685824231662	0.00323015898488222	0.000418576869875681	4.11664591290579e-05	
0.000383223894681407	0.00381507367426401	0.0170211150197066	0.0554168990578846	0.124628781756683	0.198208641042631	0.228245432911805	0.191704797025522	0.113637675751693	0.0489100987519241	0.0147858530573551	0.00271641933337378	0.000452064412817679	7.3924309658065e-05	
1.1323752228557e-05	0.000290192662544138	0.0041570733504225	0.0188353322925405	0.0565219155262712	0.128138100214261	0.196774245037652	0.231932361747935	0.190258105399438	0.109299489540566	0.0465099029698132	0.0135236492392026	0.00311854071252474	0.000546654999301085	8.31125553006325e-05	
