# <P(U)> as a function of N_tot.
# number_of_species: 1
# species_total_upper_bound: 527
# species_total_lower_bound: 505
# volume: 729
# Bin widths for each
10	10	10	10	10	10	10	10	10	10	10	10	10	10	10	10	10	10	10	10	10	10	10	
# Bin lower bound for each
-2840	-2850	-2860	-2870	-2870	-2880	-2900	-2910	-2920	-2940	-2950	-2960	-2970	-2980	-2990	-2990	-3000	-3010	-3030	-3040	-3050	-3050	-3060	
# Bin upper bound for each
-2700	-2710	-2720	-2740	-2750	-2760	-2770	-2780	-2790	-2790	-2800	-2810	-2830	-2830	-2850	-2860	-2870	-2880	-2890	-2900	-2910	-2930	-2930	
# Normalized histogram for each
8.16527434982824e-06	0.000357798195156011	0.00408820842708783	0.0177945499653035	0.0593595990066192	0.131320397671853	0.200241621374696	0.227940000620797	0.187223403173745	0.109274274837416	0.0467693060321539	0.0124958469852348	0.00259024905295345	0.000522577558389007	1.40018242460954e-05	
2.1186684711754e-06	0.000494604646615946	0.00366293906345424	0.01808307412469	0.0605735671221326	0.132655592177685	0.205179076125668	0.231581057241827	0.186313228601881	0.104654284929398	0.0425407740731318	0.0115275259496603	0.00245780462856847	0.000256597608220243	1.77550385964699e-05	
4.26465263568076e-05	0.000739116863308565	0.00484877267000345	0.0219065171418131	0.0634671697602919	0.134622898986625	0.207901039512066	0.22443415406195	0.180024068409329	0.103114492543966	0.0426501100985183	0.0122023418796415	0.00352902992054008	0.000489987085389455	2.76545402005629e-05	
1.28348285908642e-05	0.000968413366605297	0.00650356094353845	0.0229371913084705	0.0662531447208682	0.141918817695267	0.207758422435449	0.224325240447889	0.177890153164592	0.0984379953488625	0.0384437382583486	0.0113762269697862	0.00289970940084465	0.000274551110887479	
0.000671761614420503	0.00594065147262438	0.0229678680061884	0.0640568429232782	0.144104071795162	0.215314572999163	0.22280942310605	0.175327567192469	0.0985402267945724	0.0391128569685446	0.00906068810100164	0.00192145185485018	0.000172017171676249	
0.00070060876947362	0.0055461404745558	0.024746810743693	0.0710796855515993	0.143731419359259	0.215505659074019	0.221549397368384	0.171622508253261	0.0944342395736879	0.0385795578750887	0.0104270310805041	0.00192948193972997	0.000147459936745711	
1.00486894561049e-05	0.000657153371384783	0.00575959960579455	0.0259151063216274	0.0727256739315909	0.146496195133305	0.215613029112197	0.22188205089485	0.172963330075084	0.0929483677310795	0.0334544988848428	0.00971448550431713	0.00176424067804722	9.62200664227649e-05	
2.48381972326631e-05	0.000580613047404878	0.00628251353124585	0.0250359661294844	0.0724326727395682	0.148783643766118	0.217937093082743	0.226528493078202	0.165038451241182	0.0910882260194554	0.0346358486115432	0.00945220987120345	0.00186031314409943	0.00031911754051848	
0.000257430120225737	0.0010975079259416	0.00718936127620471	0.0268375360035662	0.0769528265548267	0.149380111384178	0.220017450888483	0.226788151714659	0.162443984542127	0.0825522641201248	0.0344797433599765	0.0100744143975603	0.00156358715331263	0.00036563055881375	
5.71885894043613e-05	0.000146912145104256	0.00123408155939605	0.00650064259000999	0.0290568839526929	0.0818509080447215	0.158145371440214	0.218445625864302	0.220144478698977	0.159071689804922	0.083022492506699	0.0305573028037455	0.00939703621112438	0.00226246657512584	0.000104834891396719	2.08432216507923e-06	
2.46753413614397e-05	0.000117446718229016	0.00136854253070169	0.00737967311926294	0.0318719754999227	0.0881935245183614	0.165083337753371	0.222891567852741	0.215681228851766	0.148925568430586	0.0770624747357778	0.0313186416768163	0.00860467698199161	0.00110505337154442	0.000332079360378254	3.95332571878874e-05	
9.90654965546649e-06	0.000277217173076963	0.00137056117179722	0.00892470420555306	0.0330306306193698	0.0889377117047114	0.166607221828158	0.217443080306647	0.218934448194712	0.147729427129831	0.0767225038146034	0.0304732448527745	0.00747861390349671	0.00158102548679306	0.00037930782405662	0.000100395234763452	
1.22895565374296e-05	0.000109187983082548	0.00202311760119741	0.00962775338398341	0.0349855989355894	0.0944258960673554	0.170483868201394	0.210376646547357	0.215783207360877	0.150806600059071	0.0776252282177401	0.0260178690152054	0.00607229014265474	0.00127055107586964	0.000379895852085599	
3.60797127839862e-05	0.000135718845109222	0.00161169487944555	0.00840042541811063	0.0313535727532459	0.088820190368524	0.167012520164243	0.227289525686488	0.218161089601951	0.145881667074887	0.0754982099389799	0.0272445839362436	0.007356095780014	0.00107221247013639	0.000118787583244111	7.62578659400826e-06	
1.45359865966575e-06	0.000278767920731453	0.00193910061199411	0.0101235717141459	0.0382903728709908	0.0927169506497764	0.168318293917068	0.225005379122596	0.216803723254067	0.142581231373143	0.0710983853393786	0.0248104418516767	0.00684021536388533	0.00110722225016362	8.48901617244797e-05	
0.000191897527477319	0.00163838349232115	0.0110784549574332	0.0408016598063721	0.097457543854846	0.172038656690813	0.226817263119235	0.213039153120002	0.136596407169839	0.0683011684711101	0.0237103841133071	0.00707153743637204	0.00124165648696123	1.58337539108505e-05	
0.000310569126721587	0.00167812573862005	0.0105754541277005	0.0431630855323289	0.10358179370678	0.177227538595909	0.230526393272002	0.20634527247662	0.135872106765024	0.0633949665801372	0.0213801657755041	0.00499015511401504	0.000954309787774488	6.34008628603832e-08	
0.000191735617900369	0.00188304175894867	0.0111019599242799	0.0421059494462958	0.105188303872227	0.184812486270436	0.223876659762686	0.207607251845554	0.135078532346139	0.0618157271914935	0.020969633195855	0.00471932596032852	0.000616110857076432	3.32819507790315e-05	
9.92184325589791e-06	0.000318823859400945	0.00217785931550528	0.0129861324133871	0.0428421658789106	0.108118384842862	0.191935290268235	0.22819191365064	0.20459597444616	0.126389002852692	0.0563744118547714	0.019679666960524	0.00522065605288525	0.00111130532800333	4.84904327669551e-05	
1.71281758492721e-06	0.000492606337425064	0.00324658863831002	0.0144415072794747	0.0503957179560377	0.114040850699401	0.18669209249215	0.230643048815301	0.203678618327148	0.121528889523266	0.0533661147587782	0.0171432771909792	0.00357836140451042	0.000717470739366257	3.31430202683414e-05	
0.000287578419271778	0.00101886554332285	0.00305294845973398	0.0131992509166455	0.0484008445286082	0.114511189935656	0.194246282614286	0.23153548464032	0.198610833777337	0.12231228895834	0.0527645121504305	0.0167740017252425	0.00294883310139901	0.000335061634981073	2.02359442698675e-06	
0.000353332870904236	0.00320812356545335	0.0154719863028386	0.0519016759987347	0.121183769873057	0.199563302564436	0.230260839238203	0.201361769771137	0.114214025787049	0.0469395050428645	0.0127601782221419	0.00241334164085181	0.000368149122329541	
0.000147161733561115	0.0036415562560119	0.0175326031291507	0.0528269264496098	0.121194712749067	0.19492417856136	0.240455291476297	0.196730158384686	0.110424010881462	0.0461060615175939	0.0125955718955173	0.00289360388525749	0.000520829926472225	7.33315395461007e-06	
