# <P(U)> as a function of N_tot.
# number_of_species: 1
# species_total_upper_bound: 527
# species_total_lower_bound: 505
# volume: 729
# Bin widths for each
10	10	10	10	10	10	10	10	10	10	10	10	10	10	10	10	10	10	10	10	10	10	10	
# Bin lower bound for each
-2840	-2850	-2860	-2870	-2870	-2880	-2900	-2910	-2920	-2940	-2950	-2950	-2960	-2970	-2980	-2990	-3000	-3010	-3030	-3040	-3050	-3050	-3060	
# Bin upper bound for each
-2700	-2710	-2720	-2740	-2750	-2760	-2770	-2780	-2790	-2800	-2800	-2810	-2830	-2840	-2850	-2860	-2870	-2880	-2890	-2900	-2910	-2930	-2930	
# Normalized histogram for each
5.7825566432143e-07	0.000221291214540007	0.00391294765752606	0.0182856728991303	0.0604950114245249	0.133772436590833	0.200122069770738	0.23011105906007	0.185103179965234	0.106533884227867	0.0453504955759466	0.0126574382363318	0.00280103429699399	0.000615733859565263	1.71669650345425e-05	
2.58764263605561e-06	0.00058914427058928	0.00395912967883601	0.0189409609651922	0.0611579861157301	0.135033105971875	0.205101220379647	0.233713185908894	0.184689239244363	0.102114501291471	0.0410545904762141	0.0108711240621208	0.00246358157220866	0.00028795724602078	2.16851742035646e-05	
5.21292917410702e-05	0.000793328969269564	0.00533653546390762	0.0223769730462358	0.0624698376559516	0.1353298681713	0.210253057777216	0.224991848409772	0.178262903058354	0.101552167914143	0.0431389966965799	0.0116085142757599	0.0032865182115944	0.000513517329777055	3.38037283979208e-05	
1.53916220058612e-05	0.000944141930297478	0.00678241558246342	0.023097975718853	0.0660029118450911	0.142091964610877	0.211190355719854	0.225200148024057	0.176444926168336	0.0966538393354169	0.0372981612852438	0.0110619844495394	0.00294064468929164	0.000275139018672793	
0.000693519214560696	0.00623321715756623	0.0230350941934896	0.0644726485796943	0.14502482516686	0.21724405567325	0.222906544568213	0.173673568874006	0.0972019225950477	0.0385649604774596	0.00888534135173922	0.00188665801043304	0.000177644137679674	
0.000637477078696051	0.00568247726783313	0.0252450250471529	0.0705012339806263	0.142761664853394	0.218937936463415	0.220470464968519	0.172674193211926	0.0925894094637087	0.037985609444447	0.0103661923286446	0.00200500106560791	0.000143314826029792	
1.23302920257042e-05	0.000726311109354097	0.00594168318198627	0.0266944372665283	0.0750267538882438	0.146876655460265	0.215734469399649	0.218237063408546	0.173949424025502	0.0913872303170695	0.0334779189699494	0.0100734691913996	0.00179654251782514	6.57109716569837e-05	
2.95935524981844e-05	0.000550471983261376	0.00608650035861244	0.0256155329298267	0.0729451954129675	0.149604660848915	0.2172059865603	0.22715632004414	0.164204093570027	0.0908860672557751	0.0346230206170942	0.00921113280728866	0.00164256181413103	0.000238862245163917	
0.000277176294346268	0.00111399571228003	0.00763642966860368	0.0275242663509848	0.0787605112088733	0.15132178843151	0.220725411891014	0.224410726897616	0.161447832441998	0.0828954819030889	0.0328731960220747	0.00913042898878983	0.00160378786387096	0.000278966324949824	
7.02680988073511e-05	0.000148539397934446	0.00138619431138124	0.00717534927866955	0.0301052784987661	0.0849050718401274	0.160893137948003	0.220423703030368	0.218167000620208	0.154460405627002	0.0814716989029573	0.0296867911540467	0.0087455771814033	0.00233045190110621	3.05322092198228e-05	
3.06993760526013e-05	0.000133290214850546	0.00142495928951233	0.00788002569074621	0.0332326688906295	0.0906856699493276	0.166731877223809	0.224876331518832	0.213306232629133	0.148278437192724	0.0754142673813186	0.0285731675976898	0.00807832152698451	0.00105714059699425	0.000247726340269589	4.91845811256629e-05	
0.000160343182551621	0.001354534612464	0.00859130342833741	0.0335005767202644	0.0906141680198922	0.166768227202362	0.216814429856044	0.21978455822096	0.146531118612655	0.0746551861454707	0.0311743970492463	0.00825469676304403	0.00136462732266411	0.000312705100551687	0.000119127763491737	
6.25977110466168e-05	0.00132486163143555	0.0091787210761273	0.0343760615564749	0.0941040220834632	0.168112351885616	0.209366723013307	0.222173022770385	0.15247136328723	0.0749166273745315	0.0260638772448011	0.00639579823631058	0.00117700227087443	0.000276969858397365	
0.000111045777099971	0.00133304526655089	0.00731937297503765	0.0300812324881982	0.0850319399755871	0.163428319928339	0.22301220169015	0.223346285818575	0.150932807070428	0.0780070209064527	0.0283643737013663	0.00760868712511906	0.00129702189022005	0.000126645386875282	
0.000122155527603965	0.00164949766745745	0.00909523531524264	0.0354161248834613	0.0920761220883023	0.163248302117775	0.220403024786692	0.218680773374518	0.149217620824289	0.0744704677291809	0.0272272818139521	0.00722247873998475	0.00106384107928522	0.000107074052255322	
0.000105620259729035	0.00121839279154692	0.0102917089824759	0.0375730244819465	0.0917129151450982	0.163000885930984	0.227381965902461	0.215797273061216	0.142191145011776	0.074720845307807	0.0264782730828237	0.00809779813738413	0.00140940815488667	2.07437498649495e-05	
0.000234350140516916	0.0016050037915062	0.0102817224093985	0.0388435357906789	0.0982535497784529	0.174993557321165	0.230690802940002	0.210669466157053	0.139616782919445	0.0661634407627369	0.0225757879817639	0.00546714437463678	0.000604768964691953	8.66679513745992e-08	
0.000105935072762116	0.00152926567483562	0.00992348804453082	0.0375113849518869	0.0971124968680802	0.183926267835014	0.22631248603333	0.211345802888815	0.13858228992436	0.0656645087456746	0.021817334583844	0.00533856900042662	0.000783784104067771	4.63862723720653e-05	
1.3891169733771e-05	0.000302019586466884	0.00175927336568945	0.0112279398331807	0.0420170374166283	0.10256365865546	0.189787385136102	0.22973134065534	0.205572700364254	0.129325223858055	0.0592687160635014	0.0215102908423473	0.00559195838947509	0.00126067517845001	6.78894853160855e-05	
2.4178819781031e-06	0.000555629278568092	0.00348340226782016	0.0149231675688523	0.0515737449772028	0.114315646513231	0.182856434993409	0.229329416149606	0.202013233309854	0.121941968656432	0.0562516615382718	0.0181194866498057	0.00366119718927668	0.000925807009415676	4.67860162762949e-05	
0.000413363090559742	0.00108252787957885	0.00355033420754096	0.0147125715186767	0.0510312098146245	0.116008815080567	0.194508145649489	0.231231298034256	0.196820029289376	0.119306665965301	0.0515632970118683	0.0166191217177322	0.00279829196240665	0.000351420078376756	2.90869964615874e-06	
0.000511621797099846	0.00436969430702378	0.0174419035850609	0.0530468837895713	0.123211015498034	0.197449475252443	0.226800685598349	0.206015473940496	0.112994753676732	0.0429415781123083	0.0123869042418727	0.0023349815432751	0.000495028657734446	
9.98306755848169e-05	0.00482446759103424	0.0207003571407267	0.0555536618641706	0.120309726481844	0.196717304921145	0.24086581274441	0.199123765325053	0.105301081307249	0.0423648067682045	0.0106771954013977	0.00276654108652248	0.000684796678616806	1.06520140402067e-05	
