# <P(U)> as a function of N_tot.
# number_of_species: 1
# species_total_upper_bound: 527
# species_total_lower_bound: 505
# volume: 729
# Bin widths for each
10	10	10	10	10	10	10	10	10	10	10	10	10	10	10	10	10	10	10	10	10	10	10	
# Bin lower bound for each
-2840	-2850	-2860	-2870	-2870	-2880	-2900	-2910	-2920	-2940	-2950	-2960	-2970	-2980	-2990	-3010	-3000	-3010	-3030	-3040	-3050	-3050	-3060	
# Bin upper bound for each
-2700	-2710	-2720	-2740	-2750	-2760	-2770	-2780	-2790	-2790	-2800	-2810	-2820	-2830	-2850	-2860	-2870	-2880	-2890	-2900	-2910	-2920	-2930	
# Normalized histogram for each
0.000148658863230569	0.000477227467769398	0.00402674638296529	0.0167672999549133	0.0579956227920225	0.132028406874419	0.202293635732616	0.227294363016753	0.18688816911754	0.108945996993363	0.0472347217460538	0.0131095323667256	0.00231455073648316	0.000463277512662439	1.17904424836401e-05	
7.51436543587182e-05	0.000470390216769311	0.00340912113607542	0.0171586986417596	0.0591164389678886	0.133495923129602	0.206614096139234	0.231350903979924	0.185167025142498	0.10572646738432	0.0431242537066193	0.0117862796696327	0.00227232800200095	0.000217956862157019	1.49733671612315e-05	
3.59984578139669e-05	0.000651224202176616	0.00468204311717806	0.0208767610947222	0.0615772527660958	0.134493339100481	0.208608895057588	0.22551806141952	0.181270889756336	0.103259988072108	0.0432407273846369	0.0120796757799401	0.00326819612383328	0.000413604129799549	2.33435377701214e-05	
1.08172522760563e-05	0.000930638359749891	0.00626975035200403	0.021157937456522	0.0636449884202201	0.141086204127377	0.211828652697296	0.226502318742625	0.17805648176343	0.0978732066034385	0.0385857468641368	0.0111590470482075	0.00264630017039072	0.000247910142326667	
0.000671826395378459	0.00581547902908965	0.022730544321228	0.0627379670112292	0.143985140029944	0.217894782356035	0.22431311431315	0.175451985816542	0.0970433888703572	0.0382304250298051	0.00919548288886819	0.00178117710276431	0.00014868683560953	
0.000761274481956065	0.0053711592042678	0.0240223203242683	0.0692964089437205	0.142952638348638	0.216729645530853	0.224243725020004	0.171681266910736	0.0943732993732344	0.0377629642499308	0.0105879643582002	0.00209051786178753	0.000126815392402948	
8.36049701688463e-06	0.000715864341494971	0.00562288442446351	0.0249783096551624	0.0725431579788969	0.14646003565379	0.216075887794104	0.224242498454015	0.172600351495874	0.0916946899808087	0.0336512834636289	0.00973395946681843	0.00159266181941342	8.0054974512446e-05	
2.05816960045495e-05	0.000542056032744006	0.00628914001591294	0.024396643165528	0.0724125355536085	0.147542309971797	0.217237579896592	0.23082364039832	0.166416447842289	0.0901507725656751	0.0333632771584177	0.00887662587369166	0.00166395919674752	0.000264430632672235	
0.000217757992116386	0.000977355750930474	0.0070571771807699	0.026846284375154	0.0761819987730671	0.149031084523023	0.217576437466338	0.22806241542243	0.164238290289909	0.0844808752752368	0.0338542400730221	0.00969219412909821	0.00148067903483289	0.000303209714072137	
4.77033019785542e-05	0.00012428394450563	0.00126514264034354	0.00687894654157716	0.0288807634505993	0.0801303006457142	0.158212945203766	0.216255014245928	0.222658503389311	0.160359267802127	0.0838928306745489	0.0301557401429453	0.00903431538114463	0.00201505702025127	8.74469983308463e-05	1.73861692860334e-06	
2.04963919645715e-05	0.000158087658717396	0.00138844584178695	0.0080950075906431	0.0318015340660023	0.0857789601772618	0.161083333650311	0.222711852171374	0.219500732520251	0.15040506918189	0.0787685373651552	0.0307763587226528	0.00821579674168665	0.00098114504338818	0.000281804865755884	3.2838011158192e-05	
8.23564649797373e-06	0.000230459919955043	0.00130543287912177	0.00818811189402569	0.0318859912371616	0.087019968900209	0.165233572054694	0.220656958073871	0.221593859590408	0.147839416832213	0.0768974749894747	0.02999704345818	0.00722932235055521	0.00149095601650733	0.000339734236240238	8.34619208855056e-05	
1.01952608114369e-05	9.85635241633143e-05	0.00198126968136981	0.00927693109653419	0.033449894480451	0.0938054463587416	0.172398667300155	0.21655431386553	0.213879486359399	0.149745722072765	0.0762719505155651	0.0250547974261896	0.00590215972315722	0.00118449884537271	0.000371090688161339	1.50128016344235e-05	
2.99005730776131e-05	0.000170327473080854	0.00155602693657437	0.00826681244634462	0.0307966993776338	0.0893579461636006	0.168530125690428	0.228111416328341	0.218444650141579	0.145759864878364	0.0748267409344191	0.0261197653256028	0.00692855299823681	0.000996407365407609	9.84436000022718e-05	6.31976730783815e-06	
5.52185689003498e-06	0.000305693183119004	0.00193588869295736	0.0100020207872426	0.0380067551423885	0.0931436642744991	0.171263656773269	0.224307304291056	0.215806405608847	0.141434851327189	0.0714922775769497	0.0242759412058164	0.00693627522293966	0.00101397751882157	6.97665380144804e-05	
4.25827939339668e-06	0.000240333134544388	0.000472850768494798	0.002307987431221	0.0112890362184319	0.0404978209034158	0.0976934718084248	0.172369177867499	0.225745645493878	0.212043411185067	0.138181997199506	0.0680856032559012	0.0233919490684858	0.00653910731092564	0.00112431558544798	1.30344893627142e-05	
0.000509086429156335	0.00266508048131882	0.0130510157007219	0.0442049905691062	0.104446101502242	0.176904775963152	0.226897196107019	0.205339630675085	0.134591020792097	0.0638544651277584	0.0218935767767918	0.0047670093197498	0.000875999478603966	5.10771976679377e-08	
0.000242678206947268	0.00225093651378852	0.0124084641050606	0.0456002803470713	0.107412741912442	0.184072603284612	0.222883588541122	0.204473892555728	0.133239457001349	0.0614408759687314	0.0205681860062881	0.0046023562022537	0.000769746478435746	3.41928761718671e-05	
8.01400572347447e-06	0.00039109299147852	0.00268126753509635	0.0142832649011757	0.045084013889675	0.108608421412092	0.18936177599879	0.227475531124068	0.204081744760814	0.126386910489026	0.0556376271123564	0.0192965605409383	0.00544436353812883	0.00116521740784726	9.41942927913424e-05	
1.09850553525376e-05	0.000545853182075674	0.00398075279543642	0.015188839461279	0.0508194099683943	0.113270999118536	0.186375756190975	0.231250886754139	0.202626977700222	0.12068024550558	0.05351636825282	0.0170500547344837	0.00381179108089823	0.000840668941305462	3.04112585022883e-05	
0.000237747077361938	0.000966862761984212	0.0034182525656824	0.0139177356292706	0.0490660842367772	0.115126081857227	0.193874665720885	0.230093881327445	0.197543304847972	0.12226424780062	0.0536554878248148	0.016418967054688	0.00310342081050148	0.000311619893605121	1.64059116461246e-06	
0.000316571827325641	0.00344714405248957	0.0154913109819911	0.0518813700603452	0.121156570800556	0.19996011789323	0.231155909296708	0.199945189012615	0.112942504130655	0.0478283661694998	0.0132633510465204	0.00218584083655831	0.000424513718038419	1.24017346797686e-06	
0.000165802666616093	0.00418991920261102	0.0177377560811399	0.0502997972508856	0.118724784523504	0.19530387771757	0.240166916868122	0.198308665820743	0.112244446327787	0.0468320702752967	0.0125563634833495	0.00292802673135357	0.000521635955993782	1.99370950277572e-05	
