# <P(U)> as a function of N_tot.
# number_of_species: 1
# species_total_upper_bound: 527
# species_total_lower_bound: 505
# volume: 729
# Bin widths for each
10	10	10	10	10	10	10	10	10	10	10	10	10	10	10	10	10	10	10	10	10	10	10	
# Bin lower bound for each
-2840	-2850	-2860	-2870	-2880	-2890	-2900	-2910	-2920	-2940	-2950	-2960	-2970	-2980	-2990	-3010	-3010	-3020	-3030	-3040	-3050	-3050	-3060	
# Bin upper bound for each
-2700	-2710	-2720	-2730	-2750	-2750	-2760	-2780	-2780	-2790	-2800	-2810	-2820	-2830	-2850	-2860	-2870	-2870	-2890	-2900	-2910	-2920	-2930	
# Normalized histogram for each
0.000156208867636439	0.000578691197692745	0.00449810434596634	0.0183431197339281	0.0579976508877689	0.129167853634186	0.201338598197517	0.228889887644939	0.187846665093462	0.10946933219453	0.0456806411729818	0.01259156887281	0.00279223534537005	0.000619164763980565	3.02780472301985e-05	
0.000106479751051406	0.000810925189017817	0.00430310333194711	0.0184898451662627	0.060422794967534	0.133208178732736	0.20415652074073	0.228435056870593	0.185460544729359	0.106643313645123	0.0426713611564943	0.0125073208524009	0.0025395361503189	0.000236224233939974	8.7944824924468e-06	
0.000118885395044519	0.00100499889951787	0.00483712254556557	0.0204504005400857	0.060749514468238	0.133872869603029	0.207455073862331	0.225257057122446	0.18275729136729	0.103940484760219	0.0431360726436628	0.0127626320604587	0.00318299242885555	0.000445191660782402	2.9412642473159e-05	
3.02709270326085e-05	0.00114677777830771	0.00590837522475903	0.0219076705426172	0.0635036354921328	0.137747249831878	0.210229591045887	0.226201954032308	0.178959186861195	0.0995056046673566	0.0397538203072462	0.0118912130548627	0.00290037511506231	0.000300726979191011	1.3548140163782e-05	
5.00729049882932e-05	0.00108592541763639	0.00580351371237495	0.0232083671154214	0.0644080793756345	0.142480835649038	0.216829183245406	0.225451222312665	0.174716336546561	0.0952109413064407	0.0381720510077779	0.0102189076331491	0.00213778398822752	0.000226779784679362	
8.67893785167468e-05	0.0010424441766487	0.00554393688370255	0.0242119644763869	0.0681512025239416	0.143078015653988	0.213793525915965	0.225964951471269	0.171672993227693	0.0944086219432698	0.0387094380549182	0.0109194073023889	0.002259349055445	0.00015268114229591	4.6787935714333e-06	
4.55718674457033e-05	0.000768976253030691	0.00523521530317182	0.0240694106289308	0.0723977879337126	0.148356319102661	0.217126906084449	0.222424582894888	0.171118411289301	0.0916129954377916	0.034805883222527	0.00991643534017793	0.00193175255453163	0.00016046665833545	2.92854290468418e-05	
8.4933404391397e-05	0.000673486662442044	0.00576890368623029	0.0235968363357714	0.0728393573978185	0.14914185272455	0.219249092892388	0.228980149165682	0.167341492647713	0.0890743869194398	0.0327374076414905	0.00860707949596661	0.00173326886883819	0.00017175215727911	
0.000166758719917737	0.000978551261968265	0.00661596590096376	0.0258325107210224	0.0774656461233393	0.151778230827411	0.218246803277327	0.226928327619669	0.163505832573316	0.084815517723928	0.0332501207889046	0.00871091589596859	0.00140021237527879	0.000304203354721253	4.02836264783161e-07	
2.71698565357307e-05	0.000162044366457123	0.00116753020186399	0.0068130117247524	0.0287387764974181	0.0801138187994612	0.157498103680173	0.216693515724972	0.221837453455374	0.161430646434634	0.0836861133934891	0.031108015837984	0.00868205338759218	0.00185380116814292	0.000181756437770631	6.18903337943751e-06	
2.11358989777974e-05	0.000240182070672623	0.00150174259479054	0.00799189626217326	0.0303244229549111	0.0808281143812616	0.157484430568148	0.221837650877313	0.223256482824656	0.156333910539535	0.0794304645484193	0.0300984752651827	0.00875845772947297	0.0014996320859276	0.000348357203779105	4.46441947796332e-05	
4.58580607152414e-06	0.000221565220865116	0.00140036359902247	0.00856151527220383	0.0309539601536233	0.0833736322583327	0.15946477364592	0.220098024528615	0.222430414740147	0.154304341451857	0.0791914078983246	0.0299234464308525	0.00789057183355131	0.00169782544923241	0.000426695405205441	5.6876306175682e-05	
7.04120019932439e-06	0.000161547885795853	0.00195270315134757	0.00956219585147551	0.032620788983701	0.0910022854844167	0.167236898828515	0.217366508414411	0.215073613826359	0.151308950661465	0.0786860733008312	0.0268242054755048	0.0066909389239069	0.00124829102922346	0.00024482775802236	1.31292248258145e-05	
2.44365110675433e-05	0.000241643068936264	0.00205390422137326	0.00920407375817517	0.0336901847567271	0.0910154094164208	0.167206826979665	0.22374949557164	0.215332725988081	0.146416521754032	0.0748247670164263	0.0277864010135399	0.0072141065853799	0.00116095080175574	7.50417415821014e-05	3.51081519767869e-06	
1.19103376189122e-05	0.000349123618591091	0.00199071097105382	0.0100361735868166	0.0377817483828872	0.0923094905663402	0.172015612590705	0.222396237279046	0.214642725705885	0.142694489274453	0.0713233279108788	0.0257127934389112	0.00757432453350008	0.001098617817141	6.27139861720389e-05	
2.36881348429165e-06	0.000133693522015875	0.000353632076438491	0.00216942872004067	0.0103443196062084	0.0391404540723681	0.0992270113837232	0.17411889851964	0.227807536157663	0.210912869508002	0.136777471624684	0.0664694552406409	0.0239143709746511	0.0069405657330359	0.00158174631616643	0.000106177731237975	
2.1244142353918e-05	0.000541202763405949	0.00257607071838349	0.012085682281775	0.0438022127085009	0.103025481023681	0.177242973883113	0.227263589153013	0.20553186293308	0.134068616545637	0.0646681004576616	0.022108132885133	0.00559831140153781	0.00129799847517769	0.000168520627546522	
4.72119976537751e-06	0.000341067926931048	0.0027435526027622	0.0124553846622172	0.0438006560071841	0.105855781581233	0.185678148906359	0.227256035877736	0.203237051863014	0.130638345669053	0.0618347794297749	0.0200448753560983	0.00487203857459792	0.00104200402105289	0.000179912943894953	1.56433783270718e-05	
5.21532364575257e-05	0.000610396740800164	0.00273479394629586	0.0140877655766847	0.0456609299346339	0.110280401614083	0.18904553640134	0.229292296422851	0.200897572903261	0.126396330241512	0.0560080714365444	0.0182935810923387	0.00536393144155389	0.00117100959450115	0.000105229417141849	
6.37100448824524e-06	0.00046002676197439	0.00371644163921144	0.015432048261043	0.0502627858280747	0.112974366887129	0.189253357438889	0.230833792000948	0.19839585618065	0.120900419563507	0.0549050081889539	0.0178900890937363	0.00413216644787072	0.000798856899620814	3.84138039038618e-05	
0.000140005870801997	0.000872572456164162	0.00346239506826028	0.0152835862477867	0.0500057472243686	0.118033542320529	0.197061874706678	0.229322552894584	0.192783109063882	0.118654503275865	0.0533635070261464	0.0170172380415997	0.00346537476565312	0.000497037469122719	3.6953568559425e-05	
0.000303177553945764	0.00393412011387262	0.0172929143627904	0.0541369473084573	0.124904173809551	0.199950255772783	0.227589463568344	0.192185324334824	0.11189951266764	0.0489391348031952	0.0155333104956259	0.00280260866341574	0.000517369247857833	1.16872976977687e-05	
0.000229892443084171	0.00425615037161261	0.0192725706478253	0.0556539997346684	0.128685646295092	0.200022997160715	0.23322567240472	0.187494492325143	0.107018521026602	0.0460217253900199	0.01387909655067	0.00358024758956969	0.000647891897247947	1.10961630299465e-05	
