# <P(U)> as a function of N_tot.
# number_of_species: 1
# species_total_upper_bound: 527
# species_total_lower_bound: 505
# volume: 729
# Bin widths for each
10	10	10	10	10	10	10	10	10	10	10	10	10	10	10	10	10	10	10	10	10	10	10	
# Bin lower bound for each
-2840	-2850	-2860	-2870	-2880	-2890	-2900	-2910	-2920	-2940	-2950	-2960	-2970	-2980	-2990	-3010	-3010	-3020	-3030	-3040	-3050	-3050	-3060	
# Bin upper bound for each
-2700	-2710	-2720	-2730	-2750	-2760	-2770	-2780	-2790	-2790	-2800	-2810	-2820	-2830	-2850	-2860	-2870	-2880	-2890	-2900	-2910	-2920	-2930	
# Normalized histogram for each
0.000128209288937454	0.000452981892455591	0.00376499453553129	0.0158751956963124	0.055852324820385	0.130613924903138	0.204598369898848	0.228960939174465	0.187003662645461	0.108757891111545	0.0474287026624289	0.0134151786268586	0.00258961784341058	0.000525403335847711	3.26035643766477e-05	
6.50851626056664e-05	0.00047671721076642	0.00342985292932928	0.0168380721260432	0.0578962818891141	0.131444499139812	0.207986437699419	0.231038835047955	0.185695096458565	0.106707734401619	0.0433886334888402	0.0123721968042793	0.00243090684687192	0.000216681715158382	1.29690796216917e-05	
9.8422328622202e-05	0.000751638190546761	0.00439428799405711	0.0199755292340016	0.0594853098086181	0.133426309292484	0.210523161176222	0.224309125999703	0.183147684152446	0.104255207377523	0.0435474700321542	0.0123575016087553	0.00321888276478449	0.000478913163105466	3.05568769765323e-05	
1.91611046780925e-05	0.000893989363501341	0.00584478866507256	0.0208059399598299	0.0623545795442086	0.139257933865034	0.21066016110231	0.225965777789104	0.180035154326948	0.0998644188909461	0.0391736402116768	0.0120340861713982	0.00283571314470681	0.000250745431059573	3.91042952614132e-06	
6.3451111602064e-05	0.00071868582939424	0.00550618504032411	0.022465382525247	0.0624465268686488	0.142901060772819	0.217259296938681	0.224665933911935	0.176898574331209	0.0965718757548246	0.0385176240562	0.00973562261066908	0.0020390939137863	0.000210686334659521	
3.30952311658033e-05	0.000881179720198572	0.00539564120672538	0.0239731853620472	0.0679027951170739	0.143539654063378	0.217369039659075	0.224509165810902	0.17107988686563	0.0945778365513602	0.0379565455886371	0.0103904550809218	0.0022508266296117	0.000140693113272782	
2.57873703369839e-05	0.000763931577275808	0.00550739833268685	0.0240128865501489	0.0720755459402113	0.147134983516563	0.216450928484069	0.223186981601735	0.17286236683664	0.0918000434531504	0.0343482047255587	0.00985044514374488	0.00185310113278126	0.000127395335097739	
4.00936112926208e-05	0.000703118927583375	0.00612165659147626	0.0241798418981336	0.0721137588790264	0.147607090263567	0.218999665309468	0.229553374483351	0.16565782635949	0.0909083681471931	0.0333846060761686	0.00876448620902786	0.00173049493649582	0.000235618307727032	
0.000201885701078592	0.0010159844225925	0.0071237235891906	0.0265399061421086	0.0762947262603043	0.148321025036614	0.217466694912695	0.228647137830461	0.163575365156593	0.0844201117630835	0.0349177972501971	0.00973345833586699	0.00145063944863046	0.00029154415058453	
4.01420507389578e-05	0.000111076437665487	0.00125587926167247	0.00714597082966784	0.0288692667818975	0.0790495276782526	0.157989784853924	0.215671168573273	0.222763349969348	0.16157746920875	0.0835954549048751	0.0308726431489875	0.00901189039089602	0.00193710540747028	0.000107807466563169	1.46303601782078e-06	
1.71393304224236e-05	0.00013219480887896	0.00139164955803754	0.00807864284511787	0.031216487202927	0.0828257112930819	0.157472346468384	0.220143715459472	0.22239564956655	0.156579659660494	0.0795326944398113	0.0305932013791005	0.00812504947008005	0.0012122014550033	0.000256197521240928	2.74595413977415e-05	
6.80494699551428e-06	0.00019282205513464	0.00128791614277519	0.00828851678210681	0.0322695381959734	0.0850197746507549	0.160813502640719	0.216380987151644	0.222430607866048	0.152762131410788	0.0797604183681413	0.031318877966543	0.00771824852264715	0.00140017493280857	0.000280715481261265	6.89628856592387e-05	
8.39215836722167e-06	8.11318826765194e-05	0.00184666678225097	0.00940781702807666	0.0328436800960874	0.0928272314656877	0.169776822075914	0.21488278275856	0.212822392602506	0.152083777533657	0.0785970819635363	0.0268049688217483	0.00654251744093396	0.00114386962975642	0.000318510076492218	1.23576837495352e-05	
2.48452159241271e-05	0.000156265766822605	0.00169127908399714	0.00829052931367659	0.0318769440976627	0.0903273502938097	0.168821807936857	0.225037972234338	0.214812893547411	0.146428287384104	0.0761937305017683	0.027648908321107	0.00740151474387752	0.00118967869583807	9.27415927745115e-05	5.25127003238067e-06	
4.5679746805948e-06	0.000310292857029442	0.00202029660957672	0.00979108038377049	0.0369690143955549	0.0915075355220974	0.172470121108209	0.224416602101932	0.215164784306055	0.140971541891084	0.0718175222369776	0.0257216944295943	0.00764415424530766	0.00113307733495485	5.77146031759766e-05	
3.54861627009834e-06	0.000200280440219697	0.000454417623709361	0.00236688377634742	0.0107708509821996	0.0398243893669868	0.0978678506985484	0.173690031008631	0.223207487355296	0.211624522556942	0.139561084203536	0.0676676548625336	0.0240745484650861	0.00722606462112452	0.00139503895223037	6.53464703396158e-05	
1.7736082868145e-05	0.000485977280336138	0.00273626431860445	0.0125026254353251	0.044605430487233	0.103654898703936	0.17558663923658	0.223785047113192	0.204630787919885	0.135728150792521	0.0666958723701145	0.0227626480333332	0.0055468738195227	0.0010999815277836	0.000161066878764963	
6.95424468204757e-06	0.000336377853217609	0.00255185489634252	0.0120242834751079	0.044346782399691	0.104998383086214	0.182696083024797	0.223387091651423	0.205712370197985	0.133479087382223	0.0630884925767486	0.0214550281036597	0.00478213306322355	0.000991675291659984	0.000143402753025626	
1.14519829805608e-05	0.000521851927055051	0.00252877709053709	0.0137514216641046	0.0449152349115394	0.107325514848791	0.188818064736367	0.229705886189795	0.202738537585757	0.127980749515357	0.0559920907626413	0.0187856137998984	0.00558623746493328	0.00120895098939656	0.000129616530847808	
9.2072272973859e-06	0.000481353843107335	0.00371229589539675	0.014745442359491	0.0487592466487679	0.111269845863455	0.186505569781314	0.232387044233284	0.203425836762993	0.120420976917055	0.0548510195996283	0.0182739619980319	0.00424798207137687	0.000860866060487374	4.93507383139884e-05	
0.000197263159158086	0.000872796973225068	0.00336166025141208	0.0138060246112872	0.0488464533976283	0.115303738772426	0.192068038592412	0.228989321465922	0.197329610135795	0.122333949292612	0.0552926775413008	0.0174959902701658	0.00366291363073475	0.000437817232241623	1.74467367901505e-06	
0.000312455478045175	0.00345428934828478	0.0151376049242736	0.0514108067220032	0.120778476980005	0.197382699699307	0.229692894847954	0.199809279869649	0.114919046690364	0.0499197934837244	0.0142742889678739	0.00244784525396711	0.000459492211861455	1.0255226861775e-06	
0.000189300350201777	0.00404263263724203	0.0175948502254352	0.0522899739997459	0.121842913027017	0.193360535018291	0.237108945138216	0.196383535049544	0.112087326639573	0.0478510723713894	0.0133790373761756	0.00323037506220428	0.000623228151528138	1.62749534368938e-05	
