# <P(U)> as a function of N_tot.
# number_of_species: 1
# species_total_upper_bound: 527
# species_total_lower_bound: 505
# volume: 729
# Bin widths for each
10	10	10	10	10	10	10	10	10	10	10	10	10	10	10	10	10	10	10	10	10	10	10	
# Bin lower bound for each
-2840	-2850	-2860	-2880	-2880	-2890	-2900	-2910	-2920	-2940	-2950	-2960	-2970	-2980	-3000	-3010	-3010	-3020	-3030	-3040	-3050	-3050	-3070	
# Bin upper bound for each
-2700	-2700	-2710	-2730	-2750	-2750	-2760	-2780	-2780	-2790	-2800	-2810	-2820	-2830	-2850	-2860	-2870	-2870	-2890	-2900	-2910	-2920	-2930	
# Normalized histogram for each
0.00014118412222331	0.00061686418414642	0.0046644458060769	0.0185049096214479	0.0584557678892395	0.130364096185058	0.202618913352741	0.229401004361232	0.185952576964477	0.108360047402823	0.0450351622480122	0.0125723266824059	0.0027092812180576	0.000569301455372004	3.41185066881113e-05	
0.000104684770393951	0.000894186290010943	0.00467381550551162	0.0186643895170795	0.0601609035620691	0.134115809796504	0.205543303791549	0.229046476702283	0.18440107347009	0.105195249855117	0.0419064684835249	0.0124679734308272	0.00251125168577765	0.000268204056280351	2.74702831540303e-05	1.87387998293095e-05	
0.000130685913608481	0.000992166281290742	0.00481954536868493	0.0201213319047997	0.0606683153998323	0.134741248766451	0.208924815922636	0.226543263599068	0.181731799423276	0.103050522154239	0.0421437974127767	0.0125072787407982	0.00310833288176003	0.000441547237377351	4.70063440408071e-05	2.83426493605889e-05	
5.9314143346601e-06	6.83314962202396e-05	0.00117319100646363	0.00592257064932328	0.0219812470854747	0.064288930093219	0.139195412462471	0.2097909455651	0.22636630964139	0.178322588277914	0.0989115707746445	0.03920568690113	0.011592668777226	0.00285271639606303	0.000309756090490459	1.21433685365001e-05	
6.20852827495743e-05	0.00111633781598742	0.00608922662171162	0.0240207652988207	0.06582045681199	0.143743140454257	0.216739456017985	0.224708987376134	0.172919737950353	0.0941363210823608	0.0378165488048457	0.0104680017082166	0.00210642979240049	0.00025250498218763	
0.000102129861007224	0.0010286948663762	0.00605623655875868	0.0247364515263338	0.0689178347479732	0.145400046851873	0.214750061039177	0.224391917055466	0.169797246947556	0.0932929664478128	0.0383368293907698	0.0108341245076156	0.00217712081129308	0.0001741530801696	4.18630781760885e-06	
7.00991372516893e-05	0.000867757517642101	0.00536969942742586	0.0243671473020821	0.072684404796572	0.150638257244003	0.219245900752743	0.221985015748024	0.167992271292806	0.0902458078598881	0.0345122185623462	0.00980998331567485	0.00200089613806375	0.00018427063829458	2.62702671830916e-05	
7.59496913997933e-05	0.000677204262563113	0.00588862997604697	0.0235315387657603	0.0731985326729672	0.149513365756868	0.220739196401687	0.22865055349374	0.166180854428777	0.0877696937819272	0.0328211975809802	0.00900479219613052	0.0017583265618665	0.0001901644292854	
0.000149122174302443	0.000943281229290992	0.00674617466223197	0.0256476977478769	0.0772917977760886	0.15246548707697	0.219265515308071	0.226751828087114	0.162505872127244	0.0842284658671494	0.0332583044064764	0.00889869914421911	0.00153268998307713	0.000314704177934191	3.60231955018445e-07	
2.43412237017925e-05	0.000145174052294347	0.0012022707034895	0.00693467047049575	0.0290088751345265	0.0795894944110208	0.159001655522032	0.217468581766502	0.221163970425635	0.161612958713029	0.0825748151976454	0.0306000925326906	0.00861905265482145	0.00187416333108038	0.000174339163153442	5.54469788195729e-06	
1.89311380130739e-05	0.000233782996614803	0.00160078501854865	0.00797656325113981	0.0304594973545528	0.0811587821328471	0.158307322795993	0.222138677153892	0.223143062334001	0.155856181965878	0.0785608697903081	0.0296398287521267	0.00881795022909989	0.00166146952655266	0.000385577055858116	4.07185045747675e-05	
4.09803613582256e-06	0.000275503543439829	0.00162736040349319	0.00860496826648588	0.0308308872779053	0.083190381089582	0.16043397542592	0.221292039834341	0.221887327714367	0.153641920588366	0.0786203419527868	0.029684881098782	0.00776654857813411	0.00164493520276024	0.000413007782775701	8.18232047253162e-05	
6.2829728322197e-06	0.000160956594411427	0.00190947500974307	0.00948335182992064	0.0329834398807091	0.0921319222910397	0.16817777421956	0.217278630735543	0.213061054898243	0.151718237367119	0.0781399612861871	0.0267550383714732	0.00669683966054991	0.00125138161955258	0.000229849803065155	1.58034600496006e-05	
2.23977005064326e-05	0.000258437131568362	0.00204210101705595	0.00915314294385178	0.0340062034583625	0.0911336042731994	0.168292936388417	0.224528339453967	0.214817409482512	0.146407025411138	0.0739894149932031	0.0272139660619707	0.00695040302112786	0.00111376400044541	6.77181555718853e-05	3.13650710361518e-06	
4.05082552249891e-06	6.68518591131356e-05	0.000348198901040159	0.00208842560271055	0.0104278442202888	0.0381113844109248	0.0933762145427337	0.173176736008416	0.222454896109696	0.213956806921161	0.141676206184266	0.070620569790177	0.0252494044293633	0.00733784538814441	0.0010336224078324	7.09423986113452e-05	
2.26440755479256e-05	0.000164337568830978	0.000328545890655404	0.00218092691326056	0.0104050819612783	0.0388502930759884	0.0996472707019486	0.175182723924866	0.227294574129239	0.210385278734934	0.136747675631528	0.0663589157577188	0.0240407445501287	0.00680684529886826	0.00148913231069052	9.50094745164388e-05	
5.08081195203266e-05	0.000511870928517678	0.00252163716119479	0.0122871889709665	0.0436261894929091	0.102810313351979	0.179212082070619	0.228260519217359	0.205584078258944	0.133393178575099	0.0631920430399627	0.0214689805382292	0.00561008996068942	0.00131309763050586	0.000157922683505278	
1.49674963430425e-05	0.000421899452895172	0.00276437562509455	0.0122748840674176	0.0439898749170866	0.105436020806937	0.186658853163217	0.22815846678007	0.203314993026759	0.129558119191465	0.0619059176440979	0.0197958997929648	0.00459938059762945	0.000931525064912066	0.000160837591174479	1.39847819366811e-05	
4.66923375037591e-05	0.000562910290724795	0.00260537323481752	0.0137496724383296	0.0457709469768426	0.109346079363062	0.187712693093658	0.228864749194317	0.202321524274688	0.12737542642215	0.056427702206187	0.0187993389766026	0.00523387064629102	0.0010888095659058	9.42109789200252e-05	
5.72750614205701e-06	0.00044572055692871	0.00360179348354014	0.015696019568923	0.0505280712431346	0.113198166117646	0.189427583148679	0.230488846387176	0.197986394532231	0.121601683708349	0.0548284757811137	0.0172762083687474	0.00413821362194369	0.00074256212788694	3.45338475596869e-05	
0.000126211810254855	0.000857005172777553	0.00354971166027565	0.0163104032036239	0.0512600183697243	0.117259369718965	0.195877839534892	0.229166938976392	0.193574836744274	0.119004054630851	0.0524801058409243	0.0164699757032972	0.00356261464439292	0.000467601266420696	3.33127229347257e-05	
0.000411570537486911	0.00422927727452228	0.0175589098236114	0.0544872507346296	0.124654220882177	0.198019182134128	0.228478764510666	0.19203649980124	0.113038374728351	0.0485870602468004	0.0150479464484415	0.00293146882788816	0.000508929889341435	1.05441607164515e-05	
1.56879037929048e-05	0.000382899293182448	0.0047787190771717	0.0204318138434235	0.057632816672408	0.12956769680365	0.197381998800352	0.231498862263388	0.18684437660234	0.106906996610781	0.0463179160617754	0.0139770043702137	0.00360801521707594	0.000645171003932979	1.00254765120311e-05	
