# <P(U)> as a function of N_tot.
# number_of_species: 1
# species_total_upper_bound: 527
# species_total_lower_bound: 505
# volume: 729
# Bin widths for each
10	10	10	10	10	10	10	10	10	10	10	10	10	10	10	10	10	10	10	10	10	10	10	
# Bin lower bound for each
-2840	-2850	-2870	-2880	-2890	-2900	-2910	-2920	-2930	-2940	-2950	-2960	-2970	-2990	-3000	-3010	-3010	-3030	-3040	-3050	-3060	-3060	-3080	
# Bin upper bound for each
-2700	-2700	-2710	-2730	-2740	-2750	-2760	-2770	-2770	-2790	-2800	-2810	-2820	-2830	-2840	-2850	-2860	-2870	-2880	-2890	-2890	-2910	-2930	
# Normalized histogram for each
8.83920373819772e-05	0.000797653322317702	0.00442548821827162	0.018799602575092	0.0599571357620475	0.133293012071976	0.205979831957223	0.228309575391959	0.183558538968125	0.105162979087862	0.0437405618475573	0.0127886351956903	0.00262832174358659	0.000441927920313011	2.83439005977147e-05	
5.93957140765065e-05	0.000818100528754727	0.00456353225139754	0.0190290091638719	0.0598482961305505	0.133212263700767	0.207571628513755	0.230052887837242	0.183546182123868	0.103398637153945	0.0422782928097608	0.0126020505703617	0.0026163872027731	0.00036247348703859	3.3342615009392e-05	7.52019682652677e-06	
1.35738917015046e-06	0.000132721980126595	0.000982322088628476	0.00484947269986361	0.0197132885406064	0.0613439588270023	0.13501031048641	0.207823924237007	0.228569400323873	0.181717193247201	0.102254069299329	0.0418868449521105	0.0124673917467726	0.00287456442915566	0.000340951057139334	2.23597325630949e-05	9.86896304188161e-06	
4.64170535236525e-06	6.97135089013262e-05	0.00101325234645032	0.00562794973028476	0.0214672995213097	0.0639136957496348	0.136924648068607	0.208545448971033	0.229103177867442	0.179098895975241	0.0999119024686537	0.0395548775796492	0.0117532190839805	0.00265251478733712	0.000341126006912809	1.76366292102333e-05	
4.31043289019364e-06	8.76964523821009e-05	0.000947400705146034	0.00581747146558315	0.0229017563540138	0.0643436717969284	0.1396597729898	0.211839362198316	0.227399533635263	0.176872625391791	0.0975393444263544	0.0390555763671701	0.0108398719973849	0.00230265178943774	0.000375596290454432	1.33577070855248e-05	
1.42566261758449e-06	0.000132055494224885	0.000863890978890097	0.0054319376389826	0.0239174984511177	0.0666089003082912	0.141689637655593	0.211489333968023	0.226411614133492	0.175939113434556	0.0965884420031385	0.0379176591037268	0.0106381220683735	0.00213760405199779	0.000218769326376789	1.39957205987707e-05	
7.53696457700042e-06	0.000130664242944465	0.000878094010996215	0.00564461719681638	0.0250618374540017	0.0711030134064063	0.1462281453668	0.214544961268188	0.223519750036993	0.172772421890936	0.0927502765764898	0.0349755946312197	0.0101191982709658	0.00200121935101823	0.000243220011071904	1.9449320575106e-05	
2.27062826545081e-05	7.96039477619959e-05	0.000982492084647834	0.00598126277366838	0.024861277596752	0.072391281524543	0.14723457765883	0.217606413867885	0.226499806876421	0.168571211499743	0.0902629074130023	0.0336641470940325	0.00959178793025725	0.00195627491019531	0.000281476844712152	1.27716948928429e-05	
7.05491838333698e-06	0.000164530608181839	0.00102364574880717	0.00653831976398404	0.0262178205723589	0.07574153831032	0.152330615897835	0.217479093738182	0.224881577888552	0.165242023533487	0.0865742509448588	0.0329305309994423	0.00898431934287694	0.00156759912459543	0.000280724038653061	2.98466527231433e-05	6.50791675918163e-06	
1.92183238235249e-05	0.000142521395816368	0.00131612350704498	0.00711941747505672	0.0275645807543358	0.0778851388672562	0.155076376276978	0.219322080190053	0.223330528555797	0.162210655608818	0.0848708560865624	0.0311427550784021	0.00815917819229379	0.00162927633168764	0.000202589831208967	8.70352486499904e-06	
8.90066885944534e-06	0.000181135183513554	0.00170279278061303	0.00804680553797551	0.0306709350005701	0.0813906266070408	0.15873427024484	0.219485503878248	0.222373986867636	0.157770294007354	0.0804277911198355	0.0294279772499092	0.00803165656202117	0.0014605124431468	0.000267569315918674	1.92425325183895e-05	
1.24102212161419e-05	0.000224009193792731	0.00159970571980891	0.0089508767529837	0.0313504939991974	0.0828925777456641	0.160913824006779	0.220417168081911	0.220406487770319	0.155429361782374	0.0794782297360972	0.0291072289933455	0.00743567335763744	0.0015115461407606	0.000240260002407959	3.01464957042113e-05	
4.5796488474347e-06	0.000210193303204182	0.00193804869073337	0.00921766375871544	0.0338547442911835	0.088378198564424	0.165275380528054	0.219179543283501	0.214928273427939	0.153459415957895	0.0774143887758854	0.0277040149935187	0.00693969144757985	0.00132108659758171	0.000161899671512923	1.28770594245265e-05	
2.68609860793958e-07	2.2961511893387e-05	0.000314676451920122	0.00222645156166716	0.00945432147602341	0.0350585607472408	0.0892016761181214	0.167251453489638	0.22146872833812	0.217051267822797	0.148516943826657	0.0742631285894498	0.0267080451821052	0.00703598521845494	0.0012478780515678	0.000169330730003612	8.32227448011627e-06	
3.0548273041873e-06	6.77000949269292e-05	0.00037322398319856	0.00213848886720551	0.0103673338828699	0.0370942694874168	0.092450653300657	0.173129026544204	0.225226536137859	0.21144524067258	0.143019811757792	0.0707186255779529	0.025959876700036	0.00688584141003987	0.00100920427241013	0.000101714773801997	9.39770974566601e-06	
8.24179078767666e-06	7.16306558274536e-05	0.000313444889266221	0.00210529826570753	0.0109701904517326	0.0396553052854476	0.0984416644878512	0.175480017466359	0.227179817102784	0.208355007400894	0.138450834752833	0.0668178857170357	0.0244723489272066	0.00636472637559582	0.00121604252055904	9.41545481804197e-05	3.38936193216085e-06	
3.26413810237431e-05	0.000373748826058793	0.0023153458571716	0.0117008048174121	0.0418518927552797	0.101804830464988	0.178932936391291	0.230044886319759	0.206059564750473	0.134873908377786	0.063667606172085	0.0217383895309566	0.00546689808473028	0.00103051419481689	0.000105576318265151	4.55757903151956e-07	
2.33181997462346e-06	5.41797239152317e-05	0.000451621459318141	0.00270363432933439	0.0123920520165194	0.0440267714666554	0.106472833414374	0.186856576726182	0.229257286360125	0.202350429256363	0.129454599080231	0.0610304344162501	0.0194182919640548	0.00463321309443242	0.000783708846150729	0.000107010161709225	5.02586441132435e-06	
1.18024756166064e-05	4.8256494354117e-05	0.000540190927175572	0.00299985402988122	0.0140133987140041	0.0460020040377062	0.110829097135625	0.188385905486337	0.229597413796236	0.201373340593449	0.124407154400657	0.0573201885137619	0.0188368009218128	0.00465075079194611	0.000896104660203646	8.67130828507601e-05	1.02393838362881e-06	
3.26545465030942e-06	5.08555151126119e-05	0.000490250588782868	0.00345418441687117	0.0148362126093113	0.049131715383279	0.114956007051779	0.1902889513441	0.230482779543828	0.197509776895085	0.120678227634267	0.0550283833093001	0.018123863343092	0.0041964875679795	0.000715855220478521	2.73172171781057e-05	2.58669049058303e-05	
4.20530590071216e-06	0.000107097827981588	0.000605960691631021	0.0035638502637777	0.015766809630841	0.0505164872871574	0.116670487951064	0.195988092196315	0.23010162831608	0.19518298570553	0.118965647455567	0.0519000239139025	0.0163266381618142	0.00365002072273784	0.000563416337507954	7.5600853025343e-05	1.03848068544918e-05	6.62572312330855e-07	
1.72452959955866e-05	0.000544330451024068	0.00365291618403914	0.0161814891361544	0.0536010537826947	0.121598735483736	0.196112913871626	0.228851443905924	0.192694401816222	0.116454500475825	0.050395752625363	0.0159643886252755	0.00329336701591472	0.000549951771492973	8.63341509206736e-05	1.17540779158265e-06	
1.04132707047842e-07	4.74075467607808e-05	0.000612698738233496	0.0040190561586195	0.0179663645651574	0.0555579503562894	0.125189965788648	0.196524464958568	0.231141599578076	0.191199299420501	0.111373701602666	0.0476241110988773	0.0145270287692003	0.00349837904085328	0.000629120013384041	8.87482314587742e-05	
