# <P(U)> as a function of N_tot.
# number_of_species: 1
# species_total_upper_bound: 527
# species_total_lower_bound: 505
# volume: 729
# Bin widths for each
10	10	10	10	10	10	10	10	10	10	10	10	10	10	10	10	10	10	10	10	10	10	10	
# Bin lower bound for each
-2840	-2850	-2860	-2870	-2880	-2890	-2900	-2910	-2920	-2940	-2950	-2960	-2970	-2980	-2990	-3010	-3010	-3020	-3030	-3040	-3050	-3050	-3060	
# Bin upper bound for each
-2700	-2710	-2720	-2730	-2750	-2760	-2770	-2780	-2780	-2790	-2800	-2810	-2820	-2830	-2850	-2860	-2870	-2880	-2890	-2900	-2910	-2920	-2930	
# Normalized histogram for each
0.000105827609809763	0.000458848827277495	0.00410435567081267	0.0166272402761572	0.0575268058054172	0.129459144783623	0.202387904032176	0.229485268616233	0.186518553516071	0.10897388926048	0.0474290142028528	0.0134373171910077	0.00276887686453892	0.000683137730548729	3.38156129950267e-05	
9.37525224523066e-05	0.00069199550623054	0.00411900748035299	0.0175917974151563	0.0596012474312338	0.132555794990956	0.204827576738788	0.228869425297699	0.185506882242333	0.106555580623861	0.0438155424082952	0.0130108586196082	0.00249112427601484	0.000259572747855337	9.84169916357136e-06	
9.74245333327382e-05	0.000827325806308337	0.00469468008922488	0.0200507683406638	0.0600243707886476	0.132512187184604	0.208700803545893	0.226493137973773	0.182961774759908	0.103862229919001	0.0434028627524642	0.0126111312075811	0.00323103052323952	0.000497348079222033	3.2924496136551e-05	
2.89642596236634e-05	0.00109337574520538	0.00565481233907527	0.0210300235263619	0.0629100211243662	0.137546859169305	0.210435802697936	0.227289694461304	0.17944950701878	0.0997293912987121	0.0397956900546938	0.0118617329096044	0.00282323023821934	0.000335711470540016	1.51836862733045e-05	
5.59460326901503e-05	0.00107195792698638	0.0056286067453215	0.0223759177133175	0.0636529771565678	0.142257119814726	0.215724974160935	0.22628506648004	0.175994207830545	0.0957791588002436	0.0386349527355838	0.0101849727558791	0.00211002882792762	0.000244113019237367	
9.67747150971389e-05	0.00109792464406623	0.00534646131403262	0.0236307486239272	0.0676155066896397	0.143331470400622	0.213851818676253	0.225640815794514	0.171363018357693	0.0950690732445915	0.0395201700941462	0.0111182580017905	0.00217921457134518	0.000138744872281878	
5.07567364157497e-05	0.000722468900371765	0.00513481145392436	0.0238131224974867	0.0723437007018689	0.147686516519999	0.21740549602071	0.223114218025041	0.17123429986398	0.091648778500172	0.0349657480206846	0.00981103193131146	0.00193097302192122	0.00013807780611313	
9.43711798109414e-05	0.000623114218369587	0.00571981042176173	0.0236497164340078	0.0729369023748861	0.149076226174132	0.219748426284166	0.228843843668783	0.166330818479903	0.090231811916865	0.032436864933773	0.00842463679158319	0.00170493143846215	0.000178525683496062	
0.0001800201359184	0.000972025783335147	0.00675886870487065	0.0258914128978094	0.0768500551163694	0.149823378247467	0.219730811744958	0.22680808987714	0.163628729665281	0.0851430092091265	0.0337684214542872	0.00882242101454524	0.00136662881525996	0.000255678017751053	4.49315881144129e-07	
3.02472038862903e-05	0.000152734599578437	0.00116339772077673	0.00695132764985616	0.0289644365055295	0.0788252123811038	0.157178027514724	0.217432352412722	0.221340236034641	0.161322480099157	0.0840290922292194	0.0317225646535275	0.00873601602950225	0.0019541140615513	0.000190870880560355	6.89002366430303e-06	
2.36649027689868e-05	0.000263159928240839	0.00150006506123414	0.00806479878140239	0.0303715741603548	0.0813396515174032	0.157146890328285	0.221336386726736	0.222833502299359	0.157143975336618	0.0795516059775751	0.0303783010642031	0.00840935424620799	0.00128928874065323	0.000325702885558876	2.20780433996378e-05	
5.14494821160737e-06	0.000218176881040545	0.00143312705083592	0.00873356685413039	0.0316215077757605	0.0851132926228659	0.160004263746343	0.217993907345422	0.221666847890849	0.15357587539999	0.0790454995394235	0.0303601494824994	0.00801750401159209	0.00166860338861482	0.00047872189265587	6.38111697654391e-05	
7.95908432854905e-06	0.000120967655045917	0.00187631068567199	0.00931332774042569	0.0333927032366086	0.0917746373802949	0.168058846063454	0.215153321506621	0.213984517808434	0.151038882942167	0.0790522322381564	0.0276991079639015	0.00698027335735795	0.00125737892269032	0.000274692676815229	1.48407380274692e-05	
2.76203693511166e-05	0.000191035060929748	0.0018822582462929	0.00865496510489736	0.0339774770572189	0.0923555051303175	0.168698905266661	0.223451829787411	0.213936262921023	0.144995418951968	0.0746819999573807	0.0283113156160551	0.00756974680809484	0.0011901407378439	7.15507416165318e-05	3.96824293841991e-06	
1.34017728284111e-05	0.000378874436312872	0.001986172662688	0.00979353671072308	0.0374983266489913	0.0917114241816235	0.173776398603442	0.221637737543306	0.214153579029066	0.142711521502438	0.0713594188033557	0.0258181329212105	0.00790684643864598	0.00118452716442081	7.01015809486117e-05	
2.66509633990132e-06	0.00015041543733004	0.000380800015444558	0.00221063241159839	0.0108833596698479	0.0397952347979939	0.0992564754975186	0.173848280648035	0.225534232780597	0.210386848971607	0.13773801280699	0.0668935281174245	0.0241195768925552	0.00710828320555253	0.00160058535916	9.10682920049206e-05	
2.37994474644529e-05	0.000605561935686896	0.00265536357138457	0.0124763508035989	0.0444332955971135	0.103817153739825	0.176689200287372	0.227212731160559	0.204524122505305	0.133734792405829	0.0648461121789123	0.0218376700832007	0.00564456133437773	0.00132663865414462	0.000172646295227636	
5.22233181324505e-06	0.000376366438707986	0.00277569274231503	0.0126658070864393	0.044950823561727	0.106599281438321	0.184737805426517	0.226408770773773	0.203144077587326	0.130575349752033	0.0619144694290152	0.019840059462873	0.00483774994508757	0.00102455914555792	0.000143964878493487	
5.74182776846184e-05	0.000633087317397441	0.00280990127696066	0.0143524765203832	0.0453557985908772	0.109990049318448	0.190884046138938	0.230411631723717	0.200798253586534	0.125554967521213	0.0548247186504393	0.0179179149758152	0.00515677100717301	0.00114211718327344	0.000110847911145503	
7.03532396170912e-06	0.000469441248350254	0.00385406895589098	0.0157374716876347	0.0502761875641659	0.112677807815567	0.191091188521859	0.231652038031154	0.198800837176891	0.119015731221358	0.0538488139391718	0.0176600405862655	0.00410734061851251	0.000759578008531138	4.24193006870209e-05	
0.000153956930822872	0.000838842199997001	0.00344155542577502	0.0148970920424746	0.0503119986571737	0.117316380761454	0.195239534677062	0.230707832531429	0.194915808231832	0.118767598538835	0.0527954226885707	0.016865970800843	0.00333401230412089	0.000412663085552879	1.33112405747092e-06	
0.000306581553436607	0.00382390649383565	0.0164301665157014	0.0535857386745211	0.124606787697304	0.199748354155884	0.228299967085183	0.193930207371609	0.111972548015721	0.0490071483384507	0.0151998727065602	0.0026844543948656	0.000403485277389196	7.81719538734734e-07	
0.000193916350867181	0.00428239015176567	0.0183310370466431	0.0537743212631357	0.127814598874662	0.199167825176609	0.235985720204815	0.190716292021984	0.107349208706402	0.0448859128640024	0.0134441547472384	0.0034246066619033	0.000617707729890651	1.23082000814566e-05	
