# <P(U)> as a function of N_tot.
# number_of_species: 1
# species_total_upper_bound: 527
# species_total_lower_bound: 505
# volume: 729
# Bin widths for each
10	10	10	10	10	10	10	10	10	10	10	10	10	10	10	10	10	10	10	10	10	10	10	
# Bin lower bound for each
-2840	-2850	-2860	-2880	-2880	-2900	-2900	-2910	-2920	-2940	-2950	-2960	-2970	-2980	-3000	-3010	-3010	-3020	-3030	-3040	-3050	-3050	-3070	
# Bin upper bound for each
-2700	-2700	-2710	-2730	-2750	-2750	-2760	-2780	-2780	-2790	-2800	-2810	-2820	-2830	-2850	-2860	-2870	-2870	-2890	-2900	-2910	-2920	-2930	
# Normalized histogram for each
0.00012489115077648	0.000703864626070319	0.00464637264748271	0.0186207410387037	0.0592213148940203	0.131316392108266	0.204151549240956	0.229908587688077	0.184970548205174	0.107338502823239	0.0439548189769972	0.0121084730579261	0.00242082625234428	0.000484104667265999	2.90126227010399e-05	
8.89061551908463e-05	0.000883373002687162	0.00464657404865786	0.0187749776972753	0.0609510328780086	0.133963426691756	0.206732781754746	0.229510195595799	0.184683445779999	0.104473615064001	0.0408670680856136	0.0118208165686671	0.00232836608613366	0.000236176373920079	2.33298238897397e-05	1.59143936548297e-05	
0.000111497520264714	0.000935634314480471	0.00465328961407072	0.0197417613859944	0.0612229158861481	0.135603356827156	0.209567697835133	0.227164875169452	0.18156288906451	0.103339474517116	0.0409738623601838	0.0118934511616899	0.00277893203364186	0.000386266567199401	3.99860224946077e-05	2.41097204646555e-05	
5.06171045867031e-06	5.83122725137357e-05	0.00115624743209396	0.0058949432418094	0.0221786139905859	0.0635561247471767	0.138962260890042	0.209469413725334	0.227258852133575	0.179589076664667	0.0991678000794005	0.0388497791954215	0.0109653292898019	0.00261261781359098	0.000265203987387494	1.03628261417372e-05	
5.36090275631749e-05	0.00102310864165609	0.00593939675304591	0.0234165011497011	0.0650005620985023	0.142425139501483	0.216451954051919	0.226424951783956	0.17403802443985	0.0945274383124964	0.0380824026780178	0.0103836527365077	0.00200313757746957	0.000230121247832094	
1.85321162443207e-06	0.000136129976387188	0.0010124442581452	0.00565432240473204	0.0241449382912381	0.0672279851634194	0.143468312195042	0.214866440486049	0.226213029803523	0.171621098605858	0.0945548183183715	0.0383791093013213	0.010514242481506	0.00202698496194053	0.000174665195602723	3.62534524029524e-06	
0.00010240671750226	0.000822813142092927	0.00533780233410452	0.0243260417030663	0.0712210457866228	0.147958585351712	0.218370724497372	0.223999842014579	0.170548951445676	0.0905150744521078	0.0342870224968993	0.010306964135713	0.00199214176258871	0.000187619512689475	2.29646472736015e-05	
6.81690769137159e-05	0.000680454196872318	0.0056977612986608	0.0230310978163698	0.0723038472393906	0.148451446008206	0.218711324156617	0.228735512358746	0.169185198651879	0.0885550739160465	0.0332012015457493	0.00936029437499886	0.00179871559178572	0.000219903767764164	
0.000131334993053937	0.000960381798134077	0.0066271273861941	0.0251621031712209	0.0757825850531358	0.151179230948015	0.21851748723053	0.227260678460491	0.164530544025221	0.0858306577118076	0.0334319490778003	0.00875153770726735	0.00154923553406308	0.000284829639307349	3.17263757261206e-07	
2.13264943460014e-05	0.000129841429984682	0.00128163000873852	0.00703957701837537	0.0284429366164929	0.0773881641551279	0.157404903752899	0.215941770703362	0.222523884702073	0.163897169570989	0.0838623340298369	0.0310385264334853	0.00891117121609209	0.00192917330346523	0.000182732593354179	4.85797137722128e-06	
1.66043816784832e-05	0.000205049590946458	0.00154978666516146	0.00778922194578374	0.0299066698203696	0.0800452099069777	0.158021782528298	0.220568902907355	0.223990579458066	0.157702753296938	0.0792674543759517	0.0295816378387814	0.00908061199781306	0.00186050160336363	0.000376757293026866	3.64763894890294e-05	
3.60258310043984e-06	0.000242195133671851	0.00149844487488731	0.00847964646328796	0.0310176602129453	0.0821562426992535	0.159640587934308	0.220845476687933	0.221218912231465	0.155328453122747	0.0797048299698646	0.0299212176730879	0.00779513149579432	0.00169299645151609	0.000382671696178935	7.19307699584464e-05	
5.50814753638119e-06	0.000148214869516074	0.00180217447232909	0.00922755422663011	0.0328463826239256	0.090161087097619	0.165891801798283	0.216887843244182	0.213945554390961	0.152484429501196	0.0793507221782746	0.0282066342341808	0.00729129604931606	0.00152677912203303	0.000210163489515855	1.38545545019894e-05	
1.9639340295538e-05	0.000255153921421364	0.00205102075259164	0.00897188307979846	0.0341187074420887	0.0904042934481392	0.167053476457641	0.224586675484218	0.215744089776186	0.146454183139502	0.0741747957502552	0.0277423430985723	0.00720726230576711	0.00110300156724601	0.000110724201703221	2.75023457562439e-06	
3.58155025483257e-06	5.91072836173349e-05	0.000307861164551833	0.00206860276924295	0.0102039888333818	0.0376775341396355	0.093317046096998	0.172934486903072	0.222695644903946	0.213098951222598	0.141477578857514	0.0713585614846195	0.0262265923013547	0.00747146496395866	0.00102101102411702	7.79865011370895e-05	
2.02230132026496e-05	0.000146766902324024	0.000303633768433617	0.00220809448265642	0.0104685143498092	0.0390241015608957	0.100020091425103	0.175022537924902	0.227069948332279	0.208957388933815	0.137656573390019	0.066570927474711	0.0241173976389447	0.00684027261637565	0.0014648872046433	0.000108640981885467	
4.5524889544877e-05	0.000485027122819844	0.00257122964648951	0.0120976264508195	0.0431891346557629	0.103395392448375	0.179108221859512	0.227577219248582	0.205157241356987	0.133510619109261	0.063898228493599	0.0217078327926404	0.00581196869259677	0.00129282628804876	0.000151906944961755	
1.34474446357498e-05	0.000379403576852746	0.00276365362180773	0.0121933572294877	0.0446379548329312	0.106350949644278	0.187753640822059	0.229256869533141	0.200764994336566	0.128330231931519	0.0617477566821179	0.0199760658124279	0.00464115686419265	0.00103141221192331	0.00014654092445658	1.25645316041097e-05	
4.21628114625962e-05	0.000517702751310541	0.00256888009659271	0.0134937144613911	0.0460738409812304	0.109651674483362	0.188539597701073	0.229111113830893	0.201768653098965	0.126818487014127	0.05629832276091	0.0188716334050231	0.00507520643935937	0.00108393839547739	8.5071768822708e-05	
5.22757982632703e-06	0.000432084234866159	0.00351471652314832	0.0155194739069315	0.0498792995839826	0.114339794031374	0.190339075904976	0.23043448110773	0.197186578167886	0.121448312106369	0.054779963076118	0.0172351986222257	0.00415111658848977	0.000703159011081446	3.15195549949487e-05	
0.000117951476095222	0.000859739586722311	0.003713893550831	0.0163385915686435	0.0515750499798012	0.117651041719516	0.196592006655076	0.229232634039459	0.193492438229927	0.118803052002115	0.0518080490727232	0.0159218713266865	0.00341943126305408	0.000443808317849554	3.04412115006064e-05	
0.000442249815740187	0.00418954906112935	0.0177633015033769	0.0550627557992993	0.12459957667764	0.197167033891341	0.228655050057245	0.191969928281947	0.113169509649867	0.0484559727466519	0.015130375930728	0.00291196766434109	0.000473120741684884	9.60817900724727e-06	
1.43595247682543e-05	0.000350477154678062	0.00454223629979401	0.0197494640465597	0.0572345451713823	0.129160084444917	0.197075573666015	0.231921677477938	0.188342320202628	0.107417276125379	0.0464157562307871	0.0136894281610598	0.00348343957799495	0.000594185350497941	9.17656560038139e-06	
