# <P(U)> as a function of N_tot.
# number_of_species: 1
# species_total_upper_bound: 527
# species_total_lower_bound: 505
# volume: 729
# Bin widths for each
10	10	10	10	10	10	10	10	10	10	10	10	10	10	10	10	10	10	10	10	10	10	10	
# Bin lower bound for each
-2840	-2850	-2870	-2880	-2890	-2900	-2910	-2920	-2930	-2940	-2950	-2960	-2970	-2990	-3000	-3010	-3010	-3030	-3040	-3050	-3060	-3060	-3080	
# Bin upper bound for each
-2700	-2700	-2710	-2730	-2740	-2750	-2760	-2770	-2770	-2790	-2800	-2810	-2820	-2830	-2840	-2850	-2860	-2870	-2880	-2890	-2890	-2910	-2930	
# Normalized histogram for each
8.44702654772262e-05	0.00076712899408646	0.00447359286201882	0.0188209157247799	0.0596260854923777	0.132338782065329	0.204565060098677	0.228188975956467	0.184248986263617	0.106284728264451	0.0444029989668475	0.0130624849121835	0.00265590018877962	0.000450501710076007	2.93882348319262e-05	
5.67127465260431e-05	0.000810363726972803	0.00460105517637839	0.0188331392313892	0.059735992390158	0.132508875783823	0.207038353451493	0.229683569115681	0.183969677833409	0.104162731368468	0.0427246969652496	0.012821913128433	0.00264429573707468	0.000366288343176042	3.45438701343206e-05	7.7911316340034e-06	
1.40511427623581e-06	0.000137388416783592	0.000974634419942048	0.00488434564542743	0.0197286465445095	0.0610849275176853	0.134674963070878	0.207241709716296	0.228214474275603	0.181980959845015	0.102864821572935	0.0422986988175035	0.0126309523798639	0.00289702804327554	0.000351682780015131	2.31458892763502e-05	1.02159507138652e-05	
4.81212550460869e-06	7.22730394829764e-05	0.0010231404032755	0.00567581327463826	0.0215608266769116	0.063705632946496	0.136498962509579	0.208360721188212	0.228753976528457	0.17909191535856	0.10038491534622	0.0398796337242276	0.0119333467938511	0.00268209548289473	0.000353650443864124	1.828415782459e-05	
4.47780467777477e-06	9.11016583958886e-05	0.00092234591127803	0.00582416498813189	0.0229839069625818	0.0642613890073073	0.139649385967793	0.211747722795579	0.227277972388412	0.176750578479401	0.0973875813431739	0.0394622522510117	0.0109672751441492	0.00228331445754093	0.000372654460909391	1.38763796573622e-05	
1.48263269498421e-06	0.000128984199258741	0.000838307658891432	0.00543283617929605	0.0240824949235214	0.0670008595054303	0.141416932007448	0.211023077560669	0.226352084826979	0.175732184710974	0.0966869695448493	0.0380690412721868	0.0108255395265249	0.00216713901519302	0.000227511440606793	1.45549954762502e-05	
7.83131245097768e-06	0.000127497885864383	0.000871394108469807	0.00562753110887118	0.0251037403711512	0.0710724901489494	0.146259690145811	0.214345733565216	0.223804022018885	0.172744119834282	0.0925972030396477	0.0349876854205432	0.0101519701243031	0.00202530882072056	0.000253509930981962	2.02721638524369e-05	
2.37020354838756e-05	8.26767140601936e-05	0.000993306162444119	0.00600299553782371	0.0247135830634169	0.0725719971588452	0.147403671998246	0.21768291291975	0.22681561023141	0.168449018247473	0.0897572667068493	0.0335947180491113	0.00963651560971142	0.00196487316033796	0.000293820625012443	1.3331780025177e-05	
7.36907807285745e-06	0.000171857253505633	0.000976629923600192	0.00639474335581408	0.0263176197274234	0.0759973803000702	0.152278306511436	0.217374588619629	0.224805446816211	0.165296425096632	0.0864697534408052	0.0329771371349487	0.00899557375763961	0.0016100190317551	0.000289176492486632	3.11757418271186e-05	6.79771814275519e-06	
2.00804327262959e-05	0.000137210555370648	0.00128212948501073	0.00700289975703954	0.027448609564231	0.0779224706634095	0.15493673555212	0.219058998872404	0.223683800263529	0.162411719646427	0.0846606675509562	0.0313210952083314	0.00821901205440911	0.00167545526826522	0.000210021172149569	9.0939536214559e-06	
9.30558696545624e-06	0.000176114122933263	0.00173592878194784	0.00805823585526487	0.0305195178649748	0.0813830120404381	0.159186101952737	0.219355639538587	0.222540103668754	0.157395551927467	0.0802934338197993	0.029462504290705	0.0080966753896074	0.00149133319544443	0.000276424031372078	2.01179330017959e-05	
1.46313543609888e-06	0.000219013699322359	0.00166035921909437	0.00905260060761069	0.0314018765576102	0.0825997202534145	0.161283604004633	0.220597234111357	0.219895837424364	0.155502770626158	0.0793382146117336	0.0291278498594833	0.00751404986849677	0.00152949697487174	0.000244422175435821	3.14868709788662e-05	
2.38150632997092e-06	0.000218296646552335	0.00198380935351678	0.00943240295981383	0.0339605864590563	0.0885717343485095	0.165620686405531	0.219277214772941	0.214291171615089	0.152988491540768	0.0773697847016213	0.0278332525646272	0.00694810790051116	0.00132214913157886	0.000166496453766967	1.3433639787836e-05	
2.79672901903293e-07	2.073437031352e-05	0.000320794462376246	0.00223955791313597	0.00952110229930376	0.0348787839297597	0.0893587469720466	0.167556114897073	0.221334880110929	0.216921063085305	0.148113211359237	0.0744047188803695	0.0269172052387209	0.00703394225099827	0.00119794994362325	0.000172249575892921	8.66503801241754e-06	
3.17788035427943e-06	7.0427156833462e-05	0.000375299106689745	0.00214089232454122	0.0103532154547458	0.0370424628325366	0.0921013712434796	0.172691993627779	0.225470278124711	0.211303201873827	0.143056532422075	0.0711449962382793	0.0261806533165404	0.00695699378798129	0.00099513325225774	0.000103595093704774	9.77626366473686e-06	
8.57990448575311e-06	7.34138071079242e-05	0.000302922671173404	0.0021104464223615	0.0109944242509525	0.0394747797861518	0.0982735241178465	0.174553735509696	0.227169314617606	0.208182248592052	0.138946282020143	0.0673293131730119	0.0247748012607408	0.00646965382081171	0.00124090628600042	9.21253517265477e-05	3.52840813298361e-06	
2.83576152685253e-05	0.000359335560967856	0.00229385129273192	0.0116800749422537	0.0420685933819993	0.101646814447052	0.178869992563808	0.229665642044696	0.2058303313897	0.13496596913082	0.0639001682199345	0.0219528297246268	0.00557242314670145	0.00105529213823196	0.000109850193594547	4.74207613186043e-07	
2.42560441646516e-06	4.6585734530596e-05	0.000434555273554838	0.00272318604411779	0.0124250055512194	0.0440290297278545	0.10655428692258	0.187118495697602	0.228861579304442	0.202101345850143	0.129300083838779	0.061252267027584	0.0196241947493765	0.00462225061566197	0.000788166008272065	0.000111314048114054	5.22800175199288e-06	
1.22917018942282e-05	5.02567819099517e-05	0.000556891951118039	0.003052291457287	0.0141225331969849	0.0460935848376285	0.110693202159436	0.188023559262018	0.229157189945382	0.201180106245225	0.124632817845622	0.0576294673872036	0.0190904852148615	0.00470114423146231	0.000912803959632333	9.03074405196288e-05	1.0663818150079e-06	
3.40025027436619e-06	5.29547942729224e-05	0.000509141751082648	0.00349685021216084	0.0149422333356888	0.0491577699665405	0.114807204003793	0.189965974938355	0.229840564515835	0.197365299425406	0.120966032770749	0.0556298063387691	0.01827624204471	0.0041992762588396	0.00073186986905458	2.84448522952151e-05	2.69346721733587e-05	
4.37228721954952e-06	0.000111350392951464	0.000626652325064718	0.00360494846938502	0.0159434492776115	0.0503929533388664	0.116506369307147	0.195891973257648	0.229805082498499	0.19499498892771	0.118733719263676	0.0524391790713485	0.0165916865490141	0.00369366887843166	0.000569517356382245	7.86027583424482e-05	1.0797159436058e-05	6.88881266102658e-07	
1.73617581311429e-05	0.000508217112714547	0.00363014553804867	0.0162290956741658	0.0537746503640208	0.121713069620175	0.195544036959916	0.228179481371798	0.192631302572219	0.116424188701589	0.0510254054769864	0.0162824906543404	0.00339057191933756	0.000559314281678767	8.94468457167149e-05	1.2211491625126e-06	
1.07986625058325e-07	3.28748847242777e-05	0.000542764252896413	0.00384151619982484	0.0178361931165194	0.0556425218276182	0.124921632228167	0.196180057649834	0.230744158369616	0.191679400480794	0.111786956098366	0.0479378733226743	0.0145491788462277	0.00356176510993461	0.000650966851204854	9.20327749736207e-05	
