# <P(U)> as a function of N_tot.
# number_of_species: 1
# species_total_upper_bound: 527
# species_total_lower_bound: 505
# volume: 729
# Bin widths for each
10	10	10	10	10	10	10	10	10	10	10	10	10	10	10	10	10	10	10	10	10	10	10	
# Bin lower bound for each
-2840	-2850	-2870	-2880	-2890	-2900	-2910	-2920	-2930	-2940	-2950	-2960	-2970	-2990	-3000	-3010	-3010	-3030	-3040	-3050	-3060	-3070	-3080	
# Bin upper bound for each
-2690	-2700	-2710	-2730	-2740	-2740	-2750	-2750	-2760	-2770	-2800	-2810	-2820	-2830	-2840	-2850	-2850	-2870	-2880	-2890	-2890	-2910	-2930	
# Normalized histogram for each
8.41513739616855e-05	0.000805183048716209	0.00439975115185881	0.0188099878648204	0.0601732921069104	0.133090198047638	0.205174103742801	0.227801052169186	0.183735087643696	0.105776922650331	0.0439100160183648	0.0127662616628782	0.00295973233084533	0.000462302075815264	5.19387633273388e-05	1.93488501157353e-08	
5.80928359314258e-05	0.000807230494800651	0.00446405745384698	0.0189356684920547	0.0601871803803614	0.133558512783541	0.206608718928455	0.229206403197865	0.183426568615651	0.104271729017553	0.0427710649084697	0.0125239176225785	0.00273326567316351	0.000413038322041806	2.92947330743351e-05	5.25654061109271e-06	
9.49024337491879e-07	0.000100375574106504	0.0008555844412491	0.00465319958013993	0.0194836776540425	0.0610854075200045	0.134882105517875	0.208540986981476	0.22904427103307	0.181496013169884	0.102513865692457	0.0416595618490487	0.0124131960833103	0.00285839630285859	0.000383789342181733	2.17203070118432e-05	6.89992694690157e-06	
4.13308455649124e-06	7.74896536604686e-05	0.000925249256735521	0.00537309433836279	0.0210163648427828	0.0638696205781949	0.136621528827068	0.209235087508682	0.230779737180562	0.178920840843164	0.0994256346871625	0.0391514405330512	0.0116537887208538	0.00257723308910873	0.000351565432074267	1.71914239800637e-05	
4.48182078308442e-06	0.000102799737339358	0.000885279595519501	0.00550508986798181	0.0226125078816564	0.0649507835271838	0.138982238625312	0.211627111771444	0.227631187880428	0.176977441838249	0.0974635589297605	0.0394418746419874	0.0110558865247601	0.00234333069832323	0.000398090758615589	1.83359006566999e-05	
4.58608747021799e-06	0.00013910588360056	0.000869526750870016	0.00556318178338733	0.0232500543774283	0.0663459358451637	0.141996172267432	0.212209663967912	0.227197620823932	0.174686214741647	0.0966729983812481	0.0379012730313411	0.0108702765729096	0.00204564290833724	0.000226796051132096	2.00698408280593e-05	8.80685360568178e-07	
7.39630223266337e-06	0.000138278979635453	0.00097531301604487	0.00568335675068555	0.0243261357510017	0.0701576396139613	0.145669301739257	0.214488223792246	0.224814191153334	0.172956373435363	0.0932126825468835	0.0354188706343959	0.00995757499439741	0.00190215084468926	0.000255417218015928	3.15698231236915e-05	5.52340473261089e-06	
1.58465574357126e-05	8.43110529902566e-05	0.00106117994690186	0.00603896911204023	0.0250896886207377	0.0727482462879982	0.147416011272171	0.217290153163654	0.226558761192577	0.167752255618325	0.0897560064307159	0.0341661612520425	0.00976236084104502	0.00194982383943208	0.000275259109961558	1.17615793669797e-05	1.8175192276826e-05	5.0289303277718e-06	
7.11236733032102e-06	0.000140478214466996	0.00101244206849745	0.00637548306837262	0.0263462318531271	0.0755236678374716	0.152062244102611	0.217800327301826	0.22523395338993	0.164750831226573	0.0867824280308412	0.0329491119337854	0.00904794450401247	0.00165948830169355	0.00027504954759186	2.25947171029667e-05	1.01912437055631e-05	4.20291060747326e-07	
2.27713996418318e-05	0.000169000782353252	0.00128732662540399	0.00700324755918327	0.0272760169453214	0.0776579959384252	0.155005819489767	0.219979924366711	0.22304687560683	0.161750827261793	0.0846912091223373	0.0317648714378461	0.00851144894484313	0.00159146094398987	0.000196162320255551	2.56210813761858e-05	1.5704188940634e-05	3.71598498159755e-06	
1.09126449679924e-05	0.000164140583452868	0.00162992874240717	0.00783636256603736	0.0303311289974322	0.0814784883496664	0.158925867058221	0.219808596813669	0.222103213982529	0.15768012894646	0.0807388355021183	0.0294019516642687	0.00811438847258514	0.00152903543569061	0.000229402352616385	1.76178878778736e-05	
1.00382478636059e-05	0.000204139130997018	0.00154795486711708	0.00832456628894407	0.0310885670784294	0.0823826977012902	0.160848459417589	0.221584471335547	0.221300421657947	0.154975442643703	0.0796882757449447	0.0288436881349826	0.00743780361425348	0.00151453725798767	0.000228150542096015	2.07863363091071e-05	
9.68503262939012e-06	0.000231983911375439	0.0018559263748291	0.00898992659399792	0.0326477071163183	0.0872699658940393	0.164989818888918	0.220946123676668	0.215599622760041	0.153810984194377	0.0773437892371	0.0276321498238581	0.00714385050327499	0.00135444322662387	0.000164924214052636	9.09855189806874e-06	
1.87201944850042e-07	3.19469801745814e-05	0.000299758728001	0.00225533156867958	0.00945730992141485	0.0342516975528842	0.089168230483396	0.167911991563028	0.222932866984455	0.216189746419505	0.148112690832654	0.0741933078461328	0.0266632633783442	0.00705702595026604	0.00130496861945095	0.000162052331845361	7.62363782303104e-06	
2.14694744505348e-06	5.34326366377456e-05	0.000328981128036271	0.00204958916360803	0.0102113352217129	0.0365623382196357	0.0929476446810206	0.173326660483544	0.224644650307707	0.211993968183293	0.143314144679857	0.0708900480462412	0.0258750395337231	0.00662788388233458	0.00105400977982128	0.000111522349395076	6.60475598740254e-06	
8.19313940911921e-06	0.000125389117448432	0.000346462398710505	0.00207458135702383	0.0109055444501752	0.039046325518297	0.0983352714384675	0.175572199225857	0.227217325508422	0.209131677676712	0.139035678617238	0.0668438500589763	0.0240648646345295	0.0060257582077676	0.0011484479140825	0.00011457533101481	3.85540586794895e-06	
2.44244082254498e-05	0.000300682186434757	0.00225692383015223	0.011556719514584	0.0407154692496733	0.101662618393771	0.178660886360362	0.230069228622291	0.207193513437062	0.135266109609951	0.0639670435886631	0.0218943952410261	0.00535106423804922	0.000953511818013811	0.000122523335952194	4.87653471273111e-06	9.63107579867895e-09	
1.66074003369187e-06	3.94546685674175e-05	0.000394124245005411	0.00260992874428811	0.0122345589623805	0.0429322743216579	0.106211126126888	0.185564235571891	0.229593901109909	0.203223942064178	0.130427585834873	0.0610217545367604	0.020006293463038	0.00483050263096855	0.000772579488411387	0.000128792808166252	7.28468298273773e-06	
8.45179261499362e-06	4.58505693800729e-05	0.000458453782598487	0.00284693686449596	0.013784906199556	0.0456265563201488	0.110170495627751	0.188134492983304	0.230286713648662	0.201852206620458	0.124669787570308	0.0573542248193123	0.0191328242101077	0.00473292924204321	0.000806768216290568	8.51278827762774e-05	3.27365019137373e-06	
2.35565065828105e-06	4.5524167411277e-05	0.000429807145349978	0.00337739869773718	0.0148230763554463	0.0488731390916221	0.114240794278874	0.190340452702055	0.230295995173262	0.198082355451029	0.121453702368504	0.055063600569532	0.0179103823606695	0.00428540942506486	0.000702968395684249	5.04694092070063e-05	2.25687578929934e-05	
3.03609801438149e-06	8.28272269668295e-05	0.000545638553761447	0.00354866490241929	0.0155009399668337	0.0500766196593653	0.117289035086138	0.19469951825813	0.230013978546704	0.195733643179773	0.119175001900083	0.051778813055021	0.0170180745650834	0.00381426002325293	0.000619962753813401	9.20103658699212e-05	7.49750249210605e-06	4.78356278793224e-07	
7.61547754490083e-07	2.4029262125719e-05	0.000553457261047225	0.00342898380691196	0.01598351334016	0.0523421720391274	0.120527321071738	0.195987402937215	0.231703905125823	0.192944141447637	0.115979361122552	0.0505301291089499	0.0158055736565375	0.00350382288709151	0.000609714576017216	7.48617645807464e-05	8.4904473053788e-07	
6.38144333177864e-06	7.156262645406e-05	0.00064387026101588	0.00388948807193034	0.017583944191561	0.0552408150717669	0.12435341303696	0.196727154697537	0.231676254951883	0.191025929960903	0.112057027252116	0.0480873449223644	0.0145751903491627	0.00342076499569289	0.000573490840028061	6.73673272939795e-05	
