# <P(U)> as a function of N_tot.
# number_of_species: 1
# species_total_upper_bound: 527
# species_total_lower_bound: 505
# volume: 729
# Bin widths for each
10	10	10	10	10	10	10	10	10	10	10	10	10	10	10	10	10	10	10	10	10	10	10	
# Bin lower bound for each
-2840	-2850	-2870	-2880	-2890	-2900	-2910	-2920	-2930	-2940	-2950	-2960	-2970	-2990	-3000	-3010	-3010	-3030	-3040	-3050	-3060	-3060	-3080	
# Bin upper bound for each
-2700	-2700	-2710	-2730	-2740	-2750	-2760	-2770	-2770	-2790	-2800	-2810	-2820	-2830	-2840	-2850	-2860	-2870	-2880	-2890	-2890	-2910	-2930	
# Normalized histogram for each
8.64814624145009e-05	0.000756510272157376	0.00447426887244211	0.0187678142506411	0.0596709119186181	0.132568075351003	0.204608813372999	0.228358488657497	0.183857998720953	0.106057985937342	0.0445031239906261	0.0130989422130828	0.00270972101286973	0.000450303970089551	3.05599972637645e-05	
5.8778528184262e-05	0.000789335815758606	0.00456094229503893	0.0188092931075714	0.0598574903371451	0.132726068579073	0.207152678094639	0.229443250238498	0.183615519826692	0.104274645464933	0.042743754645883	0.0129091590451901	0.00265570947254791	0.000362183335962563	3.30862301444953e-05	8.10498273753042e-06	
2.10417951072035e-07	0.000120303958549828	0.000942662400900284	0.00475095677793845	0.0195546161384897	0.0610341415049298	0.134663550864447	0.207676290338737	0.228177732147587	0.181620721422755	0.102942017700338	0.042439226611426	0.0128089472839005	0.00288040632227387	0.000355025182970683	2.25548003744357e-05	1.06361264315698e-05	
5.01291653163112e-06	7.52887085069703e-05	0.00096739293214954	0.00556310786111077	0.0215057367856771	0.0634111900411951	0.136420565884407	0.208537467657692	0.229001097563831	0.179314053493087	0.100264343133707	0.039852251607187	0.0120555794600648	0.00266103901896294	0.000346825852239292	1.90470836510929e-05	
4.67324307542207e-06	9.29171373200318e-05	0.000870499560137277	0.00559451516032716	0.0226539277075426	0.0640599166042186	0.13952631003189	0.212285292746267	0.22735960208491	0.177279259991456	0.0972632332802041	0.0393392747840296	0.0109828649261399	0.00229226090344241	0.000380969810497983	1.44820285412542e-05	
1.54674737628174e-06	0.000134470981866743	0.00084239097139496	0.00533081933978514	0.024003310362888	0.0669080050869185	0.14080326453064	0.210770412425125	0.22687954877679	0.176349723099869	0.0967044505037402	0.0380992690739124	0.0107789084152884	0.00214709260220856	0.000231951449682407	1.48356325143363e-05	
8.19715865538983e-06	0.000133433523109276	0.000834406077230734	0.00557921099961167	0.024897522043081	0.0710483773257352	0.146041215077608	0.214423483232435	0.22406426059101	0.173185066563161	0.0923632277515859	0.0349602605905994	0.010200283482076	0.00199349047052076	0.000256632146807878	1.09329667726865e-05	
2.48576695912057e-05	8.25390199502094e-05	0.000987305567866729	0.00585517299480524	0.0244714109171469	0.072173351093342	0.146910091320773	0.217333004326065	0.227004443563826	0.16925019697949	0.0901738225429335	0.0337926810198263	0.00967813605285663	0.00194874223674419	0.000301841656655023	1.24030381272849e-05	
7.74135446277465e-06	0.00016355342718868	0.000961918440813849	0.00631753007555967	0.025892640115784	0.0754370983425298	0.151625641600662	0.217239997414624	0.225598572274668	0.166197753828304	0.0866785094854601	0.0329495952305336	0.00900400066939887	0.00160902693026377	0.000279422368140455	2.98573114468843e-05	7.14113016049192e-06	
2.10795459345056e-05	0.000140337657585022	0.00126297699548644	0.00693091342141295	0.02742118155236	0.0773187940437697	0.154386181605794	0.218581134163477	0.224106606916414	0.163507551402886	0.0850249754949634	0.0311099214827938	0.00826440498120662	0.00171632397921473	0.000202358480739691	5.25827596260985e-06	
9.7597076082197e-06	0.000173471596200951	0.00169879653179319	0.00798399160871047	0.0303821036200408	0.080807655955276	0.158715865441943	0.219364927692843	0.223208821478501	0.158109152394874	0.0804328028817287	0.0292077163563357	0.00809918807314314	0.00151715066571784	0.000267496289856933	2.10997054251543e-05	
1.53473806741281e-06	0.00019990220834439	0.00161783022841831	0.00887687863076603	0.0312255129129385	0.0823295146389317	0.160722637290187	0.220575974733391	0.220197939906672	0.156414874741091	0.0795119982036766	0.0289805207284891	0.00750966906870513	0.00154580054180477	0.000256383659301828	3.30277692158335e-05	
2.50053655645895e-06	0.000211152451217555	0.00189798889652562	0.00922696458392605	0.0336138862204733	0.0883937835579342	0.165257128668676	0.21915783224975	0.214588132311636	0.153572095824664	0.0778167639777684	0.0277241530342049	0.00698036006634342	0.00136833442878098	0.000174818124111458	1.41050674327603e-05	
2.93205608117379e-07	2.17376571535298e-05	0.000317657944780547	0.00217949333524948	0.00943374889364172	0.0346086553911316	0.089066339619065	0.167582287117588	0.221455127262709	0.216476940900558	0.148580213011448	0.074884393831225	0.0269223512586402	0.00707325670333991	0.00120783522629402	0.000180584322985673	9.08431858253328e-06	
3.3181914851014e-06	7.35366867446724e-05	0.000390503451212218	0.00215802159727386	0.0102869598820019	0.0368770787190561	0.0917509004642796	0.172398968296777	0.225073037716184	0.211770035500973	0.143422856185776	0.0714314581700089	0.0263059117624732	0.00694683256816069	0.000993798349787871	0.000106574548372531	1.02079094339572e-05	
8.94566212174429e-06	7.65434061123763e-05	0.000311579850973831	0.0021267428080075	0.0109363880537627	0.0392057257613937	0.0979875421325378	0.174398535519941	0.227018304034382	0.208459206274847	0.139156196064521	0.0675213300153572	0.0249238840890099	0.00651539902145807	0.00125565335852987	9.43451243913733e-05	3.67882265329384e-06	
2.95758769295731e-05	0.000372651103513804	0.00231212632666169	0.0116234581156891	0.0418220210080026	0.100748236549466	0.177751633625788	0.230207310032102	0.206923745431485	0.135356805036121	0.0640954853328948	0.0219084000767647	0.00564990746632973	0.00108544952071179	0.00011269991765789	4.94579881765437e-07	
2.52587487833069e-06	4.8511511498192e-05	0.000421806390846983	0.00266264487222803	0.0123673847637393	0.0438032463927037	0.106218727983046	0.186575052514533	0.22904197376748	0.202664041705559	0.129429114855312	0.0613231755822783	0.0198018683146069	0.0046984068365457	0.000820158929911097	0.000115915586164015	5.44411866980013e-06	
1.27950761285664e-05	5.23149158715395e-05	0.00057640712818259	0.00304137731641653	0.0141174533861255	0.0460398077756174	0.109914527270588	0.18731485543261	0.229319106020752	0.20175000491051	0.125083013889072	0.0577936152059298	0.0192429398550427	0.00473709082789364	0.00091021371888259	9.33672177074541e-05	1.11005266988714e-06	
3.55561220994486e-06	5.53743689137758e-05	0.000495799470847415	0.00358424347074715	0.0151633521077995	0.0491667604244824	0.114319043298436	0.189052744741113	0.229295619832491	0.198013113107639	0.121559893078768	0.0560149185837633	0.0183775029382721	0.00416150324339758	0.000683560316996021	2.48500511279871e-05	2.81653529954667e-05	
4.56394026006672e-06	0.000102695993376035	0.000620602933391645	0.00362800965567355	0.0160723387564064	0.0505762554242772	0.116088090954076	0.195001293801243	0.229339587865335	0.195614554318417	0.119422115351775	0.0526606162352475	0.0166806782404604	0.00356725984421614	0.000530028530545562	7.93186402111274e-05	1.12704376840233e-05	7.19077404319194e-07	
1.24700361008516e-05	0.000499573537390777	0.00362864453922211	0.0162220019160929	0.0535241968182314	0.121359867537139	0.195192154272838	0.228460059411564	0.193062541125504	0.116586771838148	0.0512661636651643	0.0162002667597115	0.00337028947664045	0.00053558028103868	7.81465307519491e-05	1.27225446200278e-06	
1.12123225257529e-07	3.41342097066617e-05	0.000559904387553402	0.0038532218842774	0.0180314279645425	0.0558188219717764	0.125012784485141	0.195570935655445	0.230331772818534	0.192071345548707	0.111805711783291	0.0480756944088711	0.0145435522973825	0.00354543875602265	0.0006665189500048	7.86227555197143e-05	
