# <P(U)> as a function of N_tot.
# number_of_species: 1
# species_total_upper_bound: 445
# species_total_lower_bound: 421
# volume: 729
# Bin widths for each
10	10	10	10	10	10	10	10	10	10	10	10	10	10	10	10	10	10	10	10	10	10	10	10	10	
# Bin lower bound for each
-2140	-2150	-2150	-2160	-2160	-2170	-2190	-2190	-2200	-2210	-2220	-2220	-2220	-2230	-2240	-2250	-2250	-2260	-2270	-2270	-2280	-2290	-2300	-2300	-2310	
# Bin upper bound for each
-1920	-1930	-1930	-1940	-1940	-1950	-1960	-1960	-1970	-1980	-1990	-2000	-2000	-2010	-2040	-2040	-2040	-2050	-2060	-2060	-2070	-2080	-2090	-2100	-2110	
# Normalized histogram for each
5.90368508616414e-05	0.000442183046277771	0.000857072674066743	0.0027395768808132	0.00597874198700833	0.0124742789197502	0.0286036509100575	0.0448991567520357	0.0621745556512803	0.0838869150605083	0.106175106266332	0.119183683519759	0.120503854305359	0.115424163456723	0.106900458529431	0.0798643991769254	0.0559347461830748	0.0324732346498254	0.0149342465948494	0.00511291761896964	0.00118429702834006	0.000191053929421593	2.67000833042599e-06	
2.77965754905558e-05	0.000415085975237836	0.000812261785855469	0.00173141143416431	0.00450032288444777	0.009054949388024	0.0201720034897598	0.0398012573508689	0.0566902560250868	0.0755065316937557	0.0989722860978293	0.116710513137679	0.121199230235453	0.120272916521296	0.110250245118513	0.0910640170894492	0.0636558772491764	0.0399605861753302	0.0191948249080815	0.00768747249894223	0.00189962370027726	0.000391014713988283	2.95159512940954e-05	
0.000155949634211784	0.000796022406934013	0.00159515814594848	0.00373713061730016	0.00709231199436657	0.0148179040369162	0.0312008235046383	0.0498015675343995	0.0670265018147896	0.0884790580302457	0.114201832224232	0.125605401574554	0.122052806640568	0.117024633815541	0.0981514732287405	0.071773484146913	0.0470813643866509	0.0251456756383463	0.0106175945151014	0.00314432388616299	0.000454546483746142	3.84921057219647e-05	5.94363397177397e-06	
1.38991475049135e-05	0.000575340469445813	0.00185518520333259	0.00293538763669425	0.00637423328301093	0.0113091326244019	0.022665859299351	0.0413176728783688	0.0599863339089078	0.0820306626425593	0.103830843724584	0.123614525254962	0.124203764871912	0.119642738558861	0.110754023136324	0.0824799280164555	0.0544650028591529	0.0317765398956778	0.0140947183379877	0.0048471521980519	0.00107556938419336	0.000137166334467682	1.43203337929412e-05	
0.00021850685098229	0.0013447228614208	0.00272977891748536	0.00504249845035621	0.0088919834591446	0.018920655407337	0.0312510083298661	0.0539263303585833	0.0759266020769472	0.0961670728290127	0.118875793573295	0.126682884856513	0.123168802203183	0.112447389946987	0.0936995304367024	0.0641361478827196	0.0394192586051225	0.0182279150993329	0.00704840266397213	0.00162946106360757	0.000188504614966587	4.8258313591296e-05	8.49119887236879e-06	
0.000179475581311188	0.000564466102844548	0.00239142112321195	0.00405654012798205	0.00752607470804069	0.0149535918425688	0.0259759404723456	0.0433892717561294	0.0677545518829326	0.0895177160738303	0.11139049756595	0.125975758476826	0.130988335067191	0.118271888146114	0.100827337630948	0.0737108452389902	0.0468197472978215	0.0230614922260614	0.00900975817975361	0.00307348433081578	0.000492927864115985	6.66383593635925e-05	2.23994485255773e-06	
2.13969945919441e-05	0.00013804512639964	0.000348149808779891	0.00178202453669295	0.00343967041449982	0.00640777867721847	0.0115358790327123	0.0217606054548808	0.0360460673152211	0.0583556782377932	0.0830792842857159	0.104065732671747	0.121627695607183	0.132925446796856	0.130226664575743	0.107696871676564	0.0802650963389328	0.054924842711383	0.0281687982674784	0.012027319682695	0.00415778116203074	0.000927663249405578	3.3683010841512e-05	3.78243646335012e-05	
6.37786620893282e-05	0.000271128338405716	0.00111778317518894	0.00248888636105736	0.00477083719295475	0.00895979763113348	0.0176132644155652	0.0318974759387405	0.0495638892393801	0.0745521481674955	0.0988937853353805	0.117452823807166	0.129871026292546	0.133317973075465	0.117509976114753	0.0927750371973171	0.0626626735518171	0.0349066691773188	0.0149236547326942	0.00482495242139418	0.0013730358725984	0.000151853957355543	3.53405573481992e-05	2.20878483426245e-06	
5.49784257308831e-05	8.61419393258638e-05	0.000533454031844212	0.00190641773778203	0.00348296492117876	0.00630210617722078	0.013465495662488	0.0257454169562447	0.042841529995154	0.0672162966940683	0.0906105694390445	0.112717612161772	0.129944094833974	0.133837084499527	0.126852102727461	0.102970236667153	0.0711080615927114	0.0428643923108045	0.0185741345286695	0.00678085395375852	0.00154034851695016	0.000516171209894157	3.72873481442128e-05	1.2247669098464e-05	
3.11536480312317e-05	8.49275535460098e-05	0.00021333476369213	0.00139256806699606	0.00291083433126595	0.00459082866401102	0.0101833148375479	0.0206268303614785	0.0361062653643358	0.0568522922921947	0.0839906414441314	0.111635440552541	0.126967911607077	0.137646569448322	0.132492130656233	0.111620676432387	0.0802524745816708	0.046629561317355	0.0229942367105649	0.0092613023064671	0.00271537905253088	0.00065707107217176	0.000118248411875066	2.60065235738977e-05	
3.00906796308257e-06	8.93146081769507e-05	0.000312669516527579	0.000752130214954138	0.00199309719809269	0.0040779709690594	0.00757751701012442	0.0157636864036905	0.0307353040540078	0.0493521339899667	0.0735135819753546	0.103461330877934	0.121913893058272	0.140208615946364	0.138729522266693	0.124312804103931	0.0924516983042808	0.0537252671710412	0.0270134973111242	0.00945435476418892	0.00367543974108885	0.000848010062323269	2.12002515580817e-05	1.39511332833828e-05	
5.49724297994436e-05	0.000233632826647635	0.000504330397629744	0.0015790691640623	0.00321810825154218	0.0062232677472451	0.0127062663433658	0.0242066097128232	0.0412221037476899	0.0642026616928649	0.0911777440508656	0.121231837754704	0.140013529325778	0.144376757712209	0.134344844550879	0.0986612131054828	0.0647528024486608	0.0324402580872288	0.0125806349065767	0.00500693332829882	0.00108848187388242	0.000152145916818662	2.1794624945739e-05	
7.69800197318515e-05	0.000280179531276289	0.00134333602000537	0.00240815694159353	0.00570290178611677	0.0103683070900817	0.0201765325230874	0.0352801510972149	0.0543219565186334	0.0837030801578382	0.114185919647007	0.137186023812764	0.147595525616107	0.139811944053418	0.112070564185871	0.0726038096371495	0.0394922758525607	0.016047074599742	0.00517832803003414	0.00188288967181961	0.000245365143974136	5.68681226847912e-06	3.301125170483e-05	
2.13483565838472e-05	0.000290309559597449	0.00121755857385113	0.00204129614861602	0.00414551376926865	0.00908653472071434	0.0164250322964118	0.0298468283505052	0.0472138568811793	0.0754606820856108	0.103904417789586	0.132381018726722	0.152428108706955	0.144957869299181	0.125245470988286	0.0814619579308162	0.0438446086832193	0.0203086073483852	0.00699509802406915	0.00228778539733084	0.000424158137389596	1.96629600114382e-06	9.97192972008653e-06	
1.26643569693856e-05	0.000267499362208911	0.000576650387339358	0.00160021186062059	0.00297105814501786	0.00676445520258116	0.0133259992634973	0.025730596199933	0.0434823660789983	0.0649300174669626	0.0964469583662079	0.125342658802945	0.148912293558669	0.153331028420365	0.130815490309727	0.0937773119170614	0.052964733002287	0.0251006147982448	0.00992829300368856	0.0031473741370472	0.000571725359629041	
4.62934708550626e-05	0.000102318301949928	0.000386335001520178	0.000984535617404065	0.00272950752783273	0.00511591509749641	0.0111796646823496	0.0210536588593817	0.0385559273089633	0.0579191098752593	0.0902205529386692	0.120828739320353	0.147011103064975	0.155165426868202	0.140376539692342	0.102217651881162	0.0594066177976291	0.0299001604145226	0.0122160545478886	0.00362229032011866	0.0008938949477419	6.77024633826292e-05	
7.00837397015262e-05	0.000330651489873867	0.00073511898961088	0.00205288682111906	0.00374540222329951	0.00872784465683366	0.0171304288806936	0.0330896160917796	0.0519346775311669	0.0780702449184796	0.117910431874804	0.147556130233006	0.157002506012065	0.150649214571391	0.114075178703169	0.0665983522994862	0.0319997932045866	0.0129609301812515	0.00376973109546414	0.00127256589288412	0.000254485532131183	6.37250572039518e-05	
4.59488371642064e-05	0.000277800767809284	0.000706516065020274	0.00171317499298472	0.0027396467222952	0.00655508640278357	0.0123429536896143	0.0247828636411348	0.0475103950461814	0.0701870595428077	0.108708766012362	0.143781358851847	0.159494034449824	0.154765519711559	0.127798891916391	0.0793882087976988	0.0384090123796285	0.0140162220472638	0.00438214200551358	0.00188263767683803	0.000409324044829765	0.000102436398448644	
2.97144189642516e-06	0.000158193906676349	0.00052353976270348	0.00103844819418401	0.00235932486576157	0.00445433289997447	0.0102020920082929	0.0211749194456252	0.0395681447844969	0.0640979636284192	0.0979298105804839	0.136835889811011	0.16312183081572	0.160555919989541	0.134052497737459	0.0920412617251682	0.0461156462546531	0.0183166753357305	0.00495367663580706	0.00184441643428104	0.000468921830702522	0.000183521911412544	
0.000117808155417722	0.000387971888516769	0.00088146519231567	0.00207544723372719	0.00345011663007386	0.00756039258013882	0.0173939766352459	0.0313222252529515	0.0560881014196678	0.0917602663302702	0.12878845370219	0.166104728992818	0.164801322689258	0.143839421268521	0.0985581582725826	0.0554457217354023	0.0220531084946618	0.00707325947123363	0.00171783082083953	0.000478749215636192	8.58626310651867e-05	1.56113874663976e-05	
9.06184740082831e-06	0.000197168260382539	0.000864821791462921	0.0019662747271507	0.00256245659082777	0.00642704218962296	0.014074949078264	0.0270295907318933	0.0476189849795495	0.0832748698017151	0.122907736362212	0.160145936667625	0.175640672611239	0.153064249082707	0.10519986342919	0.059555484230047	0.0273032000598667	0.00953423273630375	0.00186104037023785	0.000590773987002388	0.000155074517617401	1.65159476821548e-05	
3.25327227434194e-05	7.31986261726937e-05	0.000260557533972296	0.00103513208729062	0.00237518451229456	0.00447576326943216	0.0108968354829083	0.0225278753677307	0.0428322870119611	0.0726133329153371	0.114422317921005	0.154962083111643	0.180836244765559	0.162340800381875	0.117478471470725	0.0670625110352474	0.0309880099171569	0.0117083790393442	0.00241511103566148	0.000516678787570489	0.000119483818075831	2.72091862944963e-05	
8.10848809565352e-05	7.32659817214407e-05	0.000156812367992728	0.000860078915860391	0.00184250912530698	0.00271764666191644	0.00882985394730612	0.0180720824320483	0.0385820686867131	0.0616363826702497	0.10523137932767	0.149465498600345	0.177481048942979	0.172575558439539	0.131972304300554	0.0755498242702397	0.0370916996158459	0.0129718434198823	0.00404396364327691	0.000671556567636447	7.57274870361927e-05	1.78097149243818e-05	
8.75007901409143e-05	4.96032907320568e-05	0.000239968722125584	0.00112712138203255	0.00266058004537165	0.00592795904845963	0.0149904363684889	0.0340351735617679	0.0584070700638434	0.0950652188163572	0.146032673204741	0.175307833047322	0.178325147083268	0.14071356162748	0.0860482477600968	0.0406520184295979	0.0151026656428001	0.00444615218933415	0.00061133495185408	0.000139591561529151	3.0142412657238e-05	
2.33774719484948e-06	0.000118640670138611	0.00019374079877315	0.000607083724662473	0.00164592013437371	0.00361284218044019	0.0118133671215728	0.0295513161808925	0.0563183754527194	0.0882581387207497	0.13958776165966	0.172121166605983	0.182417189688898	0.148575376859459	0.0953286551115719	0.0449002337162758	0.0182326748094298	0.00516101526022925	0.00139183623613351	5.58137142770312e-05	0.000106513606565329	
