# <P(U)> as a function of N_tot.
# number_of_species: 1
# species_total_upper_bound: 445
# species_total_lower_bound: 421
# volume: 729
# Bin widths for each
10	10	10	10	10	10	10	10	10	10	10	10	10	10	10	10	10	10	10	10	10	10	10	10	10	
# Bin lower bound for each
-2140	-2150	-2150	-2160	-2160	-2170	-2190	-2190	-2200	-2210	-2220	-2220	-2220	-2230	-2240	-2250	-2250	-2260	-2270	-2270	-2280	-2290	-2300	-2300	-2310	
# Bin upper bound for each
-1920	-1930	-1930	-1940	-1940	-1950	-1960	-1960	-1970	-1980	-1990	-2000	-2000	-2010	-2040	-2040	-2040	-2050	-2060	-2060	-2070	-2080	-2090	-2100	-2110	
# Normalized histogram for each
5.16157412967171e-05	0.000386599308556567	0.000837523762045726	0.00297283326066494	0.00747676059607622	0.0135842774820752	0.0283383388498197	0.0450333077156714	0.0637340279757318	0.0848960928440092	0.108104112322078	0.119547763106054	0.12065672341718	0.114160143154573	0.106471732081621	0.0782743638619261	0.0541405032353214	0.0308793117624493	0.0145178998981432	0.00471946844605234	0.00104722892203767	0.000167037876357215	2.33438025965052e-06	
2.42711735650388e-05	0.00036244118462844	0.000735141318908082	0.00168759721762272	0.00487149977461588	0.010422842627337	0.020861323897435	0.0391944422515592	0.0570061057014613	0.0769571354810653	0.100780543426572	0.118538910381944	0.121599455324839	0.120250153227422	0.10866454623352	0.0897322801979377	0.062652281283885	0.0378543982306565	0.0183224840770467	0.00738882082256509	0.00171812384829215	0.000349429833851306	2.57724832700927e-05	
0.000136165812891369	0.000695038745475452	0.00148843319608841	0.00385761949044331	0.00759192366213382	0.0155174659220959	0.0311609655367046	0.0498581873834343	0.0687049197869685	0.0906061157972854	0.115273874920704	0.126185303631228	0.122717400088026	0.115328983770567	0.0968854356206307	0.0708462569352511	0.0456150530688339	0.0238644796773142	0.0102501225121629	0.00293473159889555	0.000442724235562408	3.36089846701019e-05	5.18962263288338e-06	
1.21275762218166e-05	0.000527610816033979	0.00169112312870886	0.00302209399386075	0.00655807871752474	0.0117073985810001	0.0231036452064101	0.0410803881902398	0.0611298442010708	0.0840180105531963	0.105519590690627	0.124549472793437	0.125217101989486	0.119492028507399	0.108815718906793	0.0808434031007885	0.0534427983879879	0.0297877772161798	0.0135114674195727	0.00480668521001654	0.00103145648270399	0.00011968325220924	1.24950785315686e-05	
0.00019015408269067	0.0011952366402286	0.00258703151619185	0.00505250728133728	0.00940277455004359	0.0193874649295648	0.0312289902214741	0.0548119143355857	0.0776720312532521	0.0982307172491305	0.120598083852778	0.127201135111496	0.124376903619098	0.110534449971311	0.0917317334773775	0.0621628967757676	0.0377875818792519	0.0173814871453254	0.00661413536975548	0.00156261334273266	0.000240771523096024	4.19964651538333e-05	7.38940735844574e-06	
0.000167410734727983	0.0005735435601877	0.00221040781914366	0.00399661075685404	0.00740819975580745	0.0153288888286487	0.026028644941369	0.0436604998217827	0.0689798165661897	0.0916869885715004	0.114494289535584	0.127521311288844	0.130591729177054	0.116823020477959	0.0989741788173769	0.0723294965625851	0.0448185767059258	0.0222742974213496	0.00871549321021867	0.00285648382019818	0.000488067619772246	7.00902711406728e-05	1.95373578092468e-06	
1.86936018554666e-05	0.000131578836285897	0.000333469736324937	0.00175973125595557	0.00332058670894556	0.00641853864998667	0.0117248682915145	0.0221521594064938	0.0365480418934472	0.0597372740893291	0.0848099771250615	0.106817653079795	0.124153617025023	0.132360952466753	0.128403577255893	0.105928561254772	0.0788826580902833	0.0527403192167694	0.0271021045739384	0.0117066571051908	0.00397377733894045	0.000893674772574243	4.84827609412747e-05	3.30454639251474e-05	
6.84899874993715e-05	0.000239835537211708	0.00108462577034656	0.00238653843765416	0.00469168472467085	0.00904019602606141	0.0179129050932555	0.0322525139020808	0.0504599982901619	0.0765147712283691	0.101351676431112	0.120433734550413	0.130128082305672	0.131651019879822	0.116111027575299	0.0906127357855241	0.0605786704574106	0.0337283043193428	0.0144031549768044	0.00481323033628946	0.00135750049166888	0.000146505871147423	3.08687267602801e-05	1.92929542251751e-06	
5.67128989743526e-05	8.85767499704249e-05	0.000492344055875878	0.00188828985641649	0.00334047297606585	0.00641509680725402	0.0138366395051116	0.0265310550679871	0.0432545832523361	0.0684203674211147	0.0924548659845662	0.114247718851451	0.131814450137532	0.13293182503179	0.125254063681333	0.101663637817398	0.0696262001703765	0.0409053376111742	0.0179854793577532	0.00674645707861989	0.00154456450854468	0.000457983410585338	3.25772207944918e-05	1.07005469762929e-05	
2.71236618452982e-05	0.000172530075129005	0.000220998879556908	0.00135724445294581	0.00276154256274499	0.00479086418463147	0.01041017934519	0.0210274419521206	0.0370479738565637	0.0580202250532774	0.085168887839059	0.111576838798535	0.127125654844799	0.138326547897262	0.131391145492384	0.110461230793941	0.0795182035739316	0.0454877960621396	0.0224595712975523	0.00905918512736505	0.00287440058181434	0.00058881931997206	0.000102951986047588	2.26423611925968e-05	
2.61287035804281e-06	0.000113541093740406	0.000356894337541757	0.000680890261939066	0.00200775333648699	0.00396942514120486	0.00777934642373465	0.0159060858382545	0.031191377432805	0.0505368320300851	0.0745282076576342	0.105138458969444	0.12224385230204	0.1392467498565	0.136722835857465	0.12327201678793	0.0919779060433197	0.0531232173840441	0.0267706383206655	0.00956096770741648	0.00383343711575218	0.0010061926215154	1.86463930096692e-05	1.21142171145621e-05	
4.76130129731032e-05	0.000278223515201416	0.000453766441819423	0.00153972788922616	0.00330369383197464	0.00638988276377669	0.0132781391103148	0.0247741568108131	0.0424175435196164	0.0647856801218316	0.0925443071549133	0.12200666245524	0.139738542036639	0.142847094656353	0.132444132261255	0.0985589368543237	0.0635989618439414	0.0316279057464338	0.0127464604654485	0.00533842872728733	0.00111036912829952	0.000150894775962739	1.8876876355498e-05	
9.94323708568044e-05	0.000292052567540759	0.00124302472311447	0.00261178095865295	0.00575855130398109	0.0109827136583091	0.020565328268527	0.0364652608754756	0.0562357306141702	0.0858150596330033	0.115114584999546	0.136004269347402	0.145962157096421	0.13726614779301	0.110830226672181	0.0723456960914432	0.0383921833667416	0.0164691469038825	0.0053785947564075	0.00185619101006477	0.000278362603437286	4.92358358107365e-06	2.85808022511104e-05	
1.84819688938736e-05	0.000324164007046494	0.00117421298426406	0.00209746028565342	0.0043633253536622	0.00975094087812698	0.0173965179970604	0.0303438667586226	0.0495637768973443	0.0763088881733881	0.106459302218128	0.13145969131221	0.149473288204905	0.143294717366923	0.123282514403777	0.0819911208730493	0.0430682159744521	0.0202494287612509	0.00666129068343403	0.00221212144793581	0.000496338138321001	1.70228660864625e-06	8.63302494384886e-06	
1.09771117462658e-05	0.00023442231973692	0.000545440485881117	0.00161851414303274	0.0031919001599975	0.00735747013188878	0.0144267300964839	0.0265207019789781	0.0441893390778592	0.0659436571687004	0.0981423311823886	0.126018584494122	0.147625077480114	0.151343147196482	0.128614061582573	0.0935053552449494	0.0528057619591364	0.0246869144778103	0.00961119314130543	0.00289185910559957	0.000716561461214571	
4.01621586352199e-05	8.87668130796452e-05	0.000339870759862011	0.000984395011353348	0.00292930483162829	0.00544130915611586	0.0116794693095377	0.0220879811785411	0.0389698370127941	0.0591439043913883	0.0918407258037769	0.121654796718571	0.14645293965895	0.153779096308012	0.137033044049204	0.101736778177161	0.06004025623216	0.0296013200204019	0.0117265060719033	0.00334684655293499	0.00100248607380165	8.02037101874511e-05	
6.0552120685751e-05	0.000285681800158415	0.000683629859576407	0.00210702270835901	0.00409688243763968	0.00897580685999394	0.0175758800480404	0.0338145972889848	0.0524344341159486	0.079082980530642	0.11881114331003	0.147748249362949	0.156929957319712	0.148082301200341	0.111677458559418	0.0674545847151638	0.0323668402732991	0.0125271230505084	0.00369129071801678	0.00128724015138269	0.000251285329236331	5.50582399134738e-05	
3.96407793789393e-05	0.000239663060648817	0.00061594740068621	0.00166406415454037	0.00305779516530387	0.00678924112879968	0.012870039705029	0.0256267334506717	0.0478483603203799	0.0699556714257018	0.109478134594629	0.143630060124273	0.158684221915144	0.15285945185894	0.125224979606819	0.0806996561192695	0.0396225955351875	0.0142849852001696	0.0043824275698105	0.00192942704769174	0.000408530356290598	8.83734806337821e-05	
2.55494842410781e-06	0.00013650724437376	0.000471083823721212	0.00103511910439568	0.00243620415449213	0.00477215699939071	0.0108405244992788	0.022102737152746	0.0407779501624461	0.0646693945404889	0.0981325273647143	0.1383762499781	0.161255569787565	0.158180506862835	0.131239914036935	0.0920451802479614	0.0469603170277336	0.0187763159687683	0.00525784052839253	0.00183737290956553	0.000521331142728665	0.000172641514943285	
0.00013280503399535	0.000383479203129967	0.000792971763434281	0.00215325875175217	0.00369066060733846	0.00787706859087511	0.0186305423697845	0.0325714614304061	0.0572205487100735	0.0921512598306219	0.13067704180583	0.164921697305589	0.162632521874246	0.140411264953635	0.0976408249893519	0.0560509433638183	0.0222800047894449	0.00730166308744446	0.00180064707292477	0.000510683275054286	0.000155208882279477	1.3442308970476e-05	
3.02298219074641e-05	0.000275956880483075	0.000791118202366707	0.00183235368640762	0.00285276696946663	0.0068668106659843	0.0143831234806692	0.0279692333165251	0.0495780368427522	0.083888884707724	0.123156796190792	0.159619982288586	0.172724672802944	0.151228760727824	0.104808297772526	0.0597279817768111	0.0273811942912048	0.00990409244053756	0.00221681179489881	0.000556680288901767	0.000192040901827085	1.41741488611761e-05	
2.78906008928542e-05	9.08980038189839e-05	0.00032682713228081	0.000976424582167105	0.00243332815244293	0.00499254433527951	0.0112473919118779	0.0236109149613043	0.043714333309415	0.0731381565986246	0.114924869059968	0.155403639114894	0.178623325010947	0.160763578729208	0.116791510912451	0.0667328265526634	0.0306194426393028	0.0120497537893818	0.00281251354912714	0.000594069799017794	0.000102434570551937	2.33266843831144e-05	
6.96791449572581e-05	6.29600845506653e-05	0.000250969348890696	0.000921133410926038	0.0017942379826494	0.00304945800823657	0.00911988023150398	0.019334842882238	0.0392827378130553	0.0630170721370768	0.106319550051899	0.149819369259403	0.175602519299257	0.169917572060056	0.130873983026658	0.0751073992035176	0.0365335222633578	0.0133795156751946	0.00455104358206548	0.000879699205085383	9.75508029401613e-05	1.53045264816835e-05	
7.50363574993067e-05	7.11465128797775e-05	0.00031056017526887	0.00125240448862973	0.00292654342133166	0.00628373028570281	0.0156469627214859	0.0365780911403142	0.0601095179478686	0.0960066353220478	0.146335703628974	0.174666194866158	0.174552385541322	0.137848564584596	0.0857141064587733	0.0403326695501708	0.0151642455520882	0.00513635160180037	0.000809966032872951	0.00015333516532467	2.58486448910655e-05	
2.00639010167507e-06	0.000104206885905749	0.000210169363150464	0.000744496127102807	0.00208539171192853	0.00419322991311955	0.0124072655899959	0.0318890626784982	0.0585618872907852	0.0898104099293237	0.138190494451015	0.171313737840806	0.180861521337771	0.144327163976369	0.0945997885014034	0.0451268483712062	0.0182601563153448	0.00553324770227579	0.00159783891722149	8.96605576686048e-05	9.14161490075705e-05	
