# <P(U)> as a function of N_tot.
# number_of_species: 1
# species_total_upper_bound: 445
# species_total_lower_bound: 421
# volume: 729
# Bin widths for each
10	10	10	10	10	10	10	10	10	10	10	10	10	10	10	10	10	10	10	10	10	10	10	10	10	
# Bin lower bound for each
-2140	-2150	-2150	-2160	-2160	-2170	-2190	-2190	-2200	-2210	-2220	-2220	-2220	-2230	-2240	-2250	-2250	-2260	-2270	-2270	-2280	-2290	-2300	-2300	-2310	
# Bin upper bound for each
-1920	-1930	-1930	-1940	-1940	-1950	-1960	-1960	-1970	-1980	-1990	-2000	-2000	-2010	-2040	-2040	-2040	-2050	-2060	-2060	-2070	-2080	-2090	-2100	-2110	
# Normalized histogram for each
4.6754217659209e-05	0.000350186740809301	0.00077790560135498	0.00306486818776071	0.00724937066825991	0.013197611399853	0.0281979620564854	0.0463455294098713	0.0645597039024853	0.086379004489932	0.109252272014159	0.119591415126822	0.121795441839692	0.115948345282482	0.104633589663136	0.077035091859703	0.0530997517679966	0.0291497275627038	0.0136811298920271	0.00454220748746476	0.000948711210592391	0.000151305106394626	2.11451235644664e-06	
2.20371880956927e-05	0.000329081102645474	0.000669407986844935	0.00182477004932582	0.00493746607096588	0.0102763724652832	0.0206957594656822	0.0395535720066825	0.0583419787645566	0.0777451549140487	0.102249826513941	0.119295705099712	0.120964738113578	0.121940962827467	0.108403995274045	0.0886153955203849	0.0612055636857129	0.0367614375562076	0.0171661743702732	0.00707166550365596	0.00158826785543287	0.000317267352326133	2.34003131325397e-05	
0.000123566247487047	0.000631847372585763	0.0014119293905235	0.00390444673661204	0.0076525855340254	0.0155006120565898	0.0314296693324608	0.0510392515697791	0.0695577057178992	0.0921758233330078	0.11641263636438	0.125870724363956	0.122886296738625	0.116266868558815	0.0953810331192303	0.0698308521597126	0.0442202336254259	0.0228200620903574	0.00966104163655534	0.00278584702251877	0.000401758497954709	3.0499110087547e-05	4.70942141057711e-06	
1.10208281406494e-05	0.000479461684866433	0.00162317873857382	0.0030870564158419	0.00662307242654479	0.0116748419318243	0.0234723601526485	0.0417388818490411	0.0627774201265481	0.0850174513143785	0.106922182155142	0.124409119412454	0.124924426619152	0.119446073139782	0.108449513085341	0.0799632327361788	0.0522716765496036	0.0286558229881339	0.0128567422587866	0.00447735058400927	0.000998999108426136	0.000108761101953681	1.135479262976e-05	
0.000172565176883777	0.00111127950372759	0.00246620673129367	0.00520981421972822	0.00943140221276839	0.019437500111765	0.0317642866978178	0.0562064004692342	0.0786328322684363	0.0995404893340415	0.1205059289103	0.127119846962406	0.124246815591308	0.111153656325274	0.0900361045691325	0.0614549971477569	0.0369375537589703	0.0166943396833742	0.0061379108705332	0.00147675108948533	0.000218500596378098	3.81118687288652e-05	6.70590065610532e-06	
0.000151711350509876	0.000519757996604587	0.00208843786883508	0.00394847878110387	0.0074070770744563	0.0154165732533442	0.0264877394875985	0.044633125216197	0.0691021410222844	0.0926240397977271	0.114070004995077	0.127925423082124	0.131043417774551	0.116864216017487	0.0988636808781066	0.0712434731475336	0.0442818985010122	0.022020609284292	0.00818223244303521	0.0026177124052966	0.000442961733107976	6.35173706729898e-05	1.77051904314954e-06	
1.69073749642354e-05	0.000119006103780522	0.000301605753394265	0.00163914273282301	0.00312022877969003	0.00647639725001001	0.0118502154926749	0.0228803687596652	0.0379585839124473	0.0603971793262727	0.0852073885883073	0.107077350804142	0.123598255900647	0.132834700303689	0.127364673643486	0.105957755341994	0.0782901997110039	0.0524933633099273	0.0266311880856019	0.0112584573689267	0.00362461395281664	0.000828679532924495	4.38500950685332e-05	2.98878757432291e-05	
6.19601463175765e-05	0.000216969596876161	0.000990380578199432	0.00227005395223375	0.00459650472778824	0.00929456737145969	0.018378055723334	0.0333096873925174	0.0518729690462163	0.0770932575470567	0.101713907096651	0.120644695322434	0.130897899605582	0.131105378827934	0.115221655332941	0.089567318553584	0.0597427803066656	0.0332073658832817	0.0138384932426897	0.00458156011503207	0.00123233058617898	0.000132537989041999	2.79256997487669e-05	1.74535623429793e-06	
5.13667928222176e-05	8.02269615357486e-05	0.000445932681502732	0.00180042224149823	0.00322146248904956	0.00665388419641929	0.0143589031197519	0.0270189330244865	0.0444863347639577	0.0690790752469671	0.092996940068306	0.115363463134096	0.13134424312323	0.132924983483476	0.124256056462551	0.100557442773678	0.069071429456002	0.0403748375942465	0.0175955495035351	0.00641847998444997	0.00144602367718394	0.000414811081658663	2.95062918936847e-05	9.69184770230521e-06	
2.4591434696376e-05	0.000156422908525209	0.000205178100792806	0.00133317651838744	0.00284490823652683	0.00492598512752797	0.0106857268105444	0.0217377590787835	0.037663706784563	0.0587813340318726	0.0854024174449499	0.112225899057507	0.1274626450761	0.138652710136482	0.129967443078848	0.109881800734535	0.0787865730766558	0.0448187450883955	0.0223176892604928	0.00874621104796934	0.0027215233859198	0.000543684545352486	9.33405325649401e-05	2.05285020074095e-05	
2.3706347320617e-06	0.000103014854720499	0.000323807153174792	0.000647937574722137	0.00198152736763103	0.00410087481809419	0.00824668393997337	0.0160800153875745	0.0317669364341236	0.051271764716658	0.0749702458402095	0.105037652683693	0.123571059506703	0.13962305830199	0.136254278591606	0.122232512932082	0.0908804375760691	0.0525137618040099	0.0261768719797979	0.00953620147809076	0.00369743588914696	0.000953641699033912	1.69177114969858e-05	1.09911246668315e-05	
4.3218173634906e-05	0.000252542560078718	0.000422686834565633	0.00142325303629497	0.00320982248680863	0.00669095906365862	0.0136030292883888	0.0253497507097166	0.0429475143656773	0.0656307255894806	0.0929248575655596	0.122501913168141	0.140301689044804	0.142414359260018	0.131667440082804	0.0979836757536878	0.0630233382503101	0.0307704665336362	0.0125298871132574	0.00511131298994239	0.00104345696495792	0.000136966686645977	1.71344779310107e-05	
9.00438670230432e-05	0.000269152863384096	0.00115828167592081	0.00244978042563779	0.00581304935730646	0.0115098464273573	0.0206761598422188	0.0372653286090028	0.0569412185371178	0.0865254137939809	0.115180243244589	0.137320159669091	0.146315520234967	0.136363497956287	0.10978696360553	0.0715899854690078	0.0377116329933779	0.0160579317010744	0.00500852698020927	0.00168484255046861	0.000252079328211853	4.45869389848402e-06	2.58821743375414e-05	
1.67700507194738e-05	0.000294137863277086	0.00115205835271543	0.00196198560489738	0.00434929058823932	0.00995203213847825	0.0176789433367569	0.031149155589331	0.0501787499846918	0.0764776097205392	0.106904218848279	0.133109629683078	0.150290215657336	0.142149018008718	0.12100507327133	0.0815793460055339	0.0429679591631612	0.0197918593981295	0.00650060123941708	0.00203160338123941	0.000450364125242711	1.54460993468838e-06	7.83337895449105e-06	
9.967721196193e-06	0.000212866223767588	0.000495284990993056	0.00149106033849274	0.00314237948332871	0.00746571242349082	0.0144090055038434	0.0267900227540924	0.0446264845674757	0.0670274981739689	0.0985004670984905	0.127533116369269	0.148802572115078	0.150603407077857	0.127012247560539	0.0925533923754686	0.0523753910253961	0.0241381659060742	0.0094635760085811	0.00269671159340115	0.000650670689195932	
3.64969183668056e-05	8.06658616155224e-05	0.00030885380167465	0.000895325303719025	0.00284391002336899	0.00549864983322114	0.0116539153959784	0.0220666067664191	0.039548630664119	0.0599927137683693	0.0924590790632852	0.122930169887127	0.147538628097279	0.152934253596371	0.13477161149129	0.101172745723449	0.0601508670812921	0.0294153105997353	0.0115119829356631	0.00320328958890879	0.000913409362369244	7.28842363781554e-05	
5.51461170879326e-05	0.000260176552414862	0.000622596398838908	0.00200059670926695	0.00410680856585616	0.00920265784705861	0.0174751192575571	0.0341430603397501	0.0532205713072469	0.0794694704243325	0.119368066830568	0.148588547641622	0.156817501267436	0.146191268705492	0.110388168841095	0.0682351078019574	0.0324059032667494	0.0124057009555506	0.00356839973038226	0.00119613777044575	0.000228850947441835	5.01427218491853e-05	
3.61322613138176e-05	0.000218451011062439	0.000561431253013784	0.00153236146758417	0.00304892197685679	0.00677131836566379	0.0131179997887312	0.0260492609792351	0.048618333266299	0.070853044015945	0.110104281905008	0.143230272779789	0.159586253564055	0.151700580900686	0.123382390704882	0.0805520700139358	0.0396559855135046	0.0144806390747312	0.00428283317591306	0.00176451400893075	0.000372372234335063	8.05517385252999e-05	
2.32734120550955e-06	0.000124346515837224	0.000429117387987284	0.000947449522185768	0.00233122010751873	0.00492631637743357	0.011126353348911	0.0219484899545304	0.0414539365979059	0.0651608990718563	0.098354325951007	0.138390800928986	0.161815711813983	0.157908992536106	0.12971602447565	0.0917056662557247	0.0474489458917551	0.0187664603977404	0.00513666369210295	0.00167380162984813	0.000474888431695639	0.000157261770029431	
0.000120534994630149	0.000348049033229137	0.000719708013860056	0.0020259368263328	0.00376855428384421	0.00826178709679096	0.0187949866931399	0.0330744862209975	0.0577132173117172	0.093037313544959	0.131435673455675	0.164110372098419	0.163582367820161	0.13888907402803	0.0971043246758631	0.0559872058937659	0.0218725263920239	0.00690302897550564	0.00163428281847644	0.000463500546361295	0.000140868920622114	1.22003555951791e-05	
2.73264782802688e-05	0.000249453328699549	0.000715137338230934	0.0017236091134372	0.00289433894017486	0.00700601012440351	0.0148675317783698	0.0284197641872329	0.0498356726197192	0.0852379756408825	0.123837930172344	0.159055751118146	0.172492214504917	0.150677861073772	0.104203231894649	0.0598821786573401	0.0268214486775288	0.00935415966260303	0.00200877962329146	0.000503215396712999	0.00017359683919955	1.28128300650223e-05	
2.51879767253936e-05	8.20899059641236e-05	0.000295157290900294	0.000917071334410921	0.00229199139120752	0.00503072589688088	0.0119445965263948	0.0242572809853903	0.0443030177714915	0.074349182753197	0.115942203210643	0.15586858104449	0.176991676289619	0.15945615036581	0.116497712588241	0.0670791312346253	0.0299924687949591	0.0114513701457903	0.00257432571213852	0.000536503904250883	9.25085690641728e-05	2.10663078066928e-05	
6.28369773169733e-05	5.6777697361408e-05	0.00022632532722917	0.000830682398352774	0.00163398582801744	0.00286087781013134	0.00973086698197364	0.020275248402426	0.0394786775060453	0.0636703527286396	0.107993200141383	0.151396944551978	0.175675132827271	0.168850588255096	0.129443163392972	0.0746054454973378	0.0355229775750537	0.0126249586229725	0.0041658671783392	0.000793316838626788	8.79717682437626e-05	1.38016932321209e-05	
6.73774651223031e-05	6.38846533851937e-05	0.000278861582236957	0.00112457270800285	0.0026429317715282	0.00621765557744009	0.0163190924638531	0.0368154750939425	0.0600081957137341	0.0974600385719087	0.148926394175522	0.17578375033562	0.174445890768961	0.136171997767755	0.0841971563780263	0.0394866873734067	0.0144049189605708	0.00469693041564122	0.000727293540743255	0.000137684385249924	2.32102973498235e-05	
1.8070689601233e-06	9.38546441164037e-05	0.000189290473572915	0.000670535526015751	0.00187822230042815	0.00407460167964801	0.0128278178388652	0.0316798388817315	0.0592469017520324	0.0908012622828454	0.140708102230861	0.172988000949163	0.1808577862705	0.143933607382871	0.0915114403841738	0.0440845767003079	0.0176774262187861	0.00516528073889243	0.0014465587025787	8.07533941555098e-05	8.23345794956177e-05	
