# <P(U)> as a function of N_tot.
# number_of_species: 1
# species_total_upper_bound: 445
# species_total_lower_bound: 421
# volume: 729
# Bin widths for each
10	10	10	10	10	10	10	10	10	10	10	10	10	10	10	10	10	10	10	10	10	10	10	10	10	
# Bin lower bound for each
-2140	-2150	-2150	-2160	-2160	-2170	-2190	-2190	-2200	-2210	-2220	-2220	-2220	-2230	-2240	-2250	-2250	-2260	-2270	-2270	-2280	-2290	-2300	-2300	-2310	
# Bin upper bound for each
-1920	-1930	-1930	-1940	-1940	-1950	-1960	-1960	-1970	-1980	-1990	-2000	-2000	-2010	-2040	-2040	-2040	-2050	-2060	-2060	-2070	-2080	-2090	-2100	-2110	
# Normalized histogram for each
4.99941903736061e-05	0.000374453973627437	0.000827793252668503	0.00308343565603243	0.00741446502761928	0.0134010809045431	0.0280947251732682	0.0449770598265905	0.0631361305375946	0.0840443792649724	0.107409126452014	0.119028756080481	0.120849650009264	0.115597370908531	0.106934432870552	0.0793393983739327	0.0549280391411802	0.0303560201860965	0.0142631666546287	0.00471214086302785	0.00101432936499213	0.000161790244224132	2.26104378574098e-06	
2.35104893138767e-05	0.000351081894547942	0.000714161409931315	0.00177698095262564	0.00484582693662202	0.0103108038212059	0.0208568337236398	0.0388776237827262	0.0567149350746931	0.0762164012081968	0.10000901639384	0.118315931531638	0.120963164153145	0.121522568373108	0.109253365029674	0.0904477609046255	0.0632714530791227	0.0380260350795891	0.0180479361910777	0.00741331779540445	0.00167784909562177	0.000338478333266276	2.49647463848381e-05	
0.000132050882008822	0.000674034674500567	0.001457113180787	0.00387165517033126	0.00760442924061876	0.0154861413677787	0.0311556201670216	0.0494755830489806	0.0683843826225832	0.0900294634036918	0.114566003152925	0.125591892315501	0.122877779359512	0.116412798246863	0.0974319818129268	0.0714724799730817	0.0459891761414972	0.0237636466558054	0.0101902059945828	0.00296659136650854	0.000429345109108539	3.2593321149183e-05	5.0327922362709e-06	
1.17570843855825e-05	0.000511492549986907	0.00164337912856253	0.00306990536734654	0.00654145173865308	0.0116676592891952	0.0231771323521116	0.0407697683794997	0.0611003799675908	0.0833272073777486	0.104792080712978	0.123678946090205	0.124761310404248	0.120283405112907	0.109835869914393	0.0815802708998504	0.0539734491782214	0.0297871077037999	0.0135189844254259	0.00477456384482786	0.0010657381341032	0.000116026984290041	1.21133596699941e-05	
0.000184314017606286	0.00115852820004469	0.00252679715717115	0.00512963578404127	0.00943833406867941	0.0195332271378994	0.0311520533345557	0.0544813852392167	0.0770879053714644	0.0972422373238751	0.119325181496783	0.126725556427784	0.124539931202167	0.112019112313131	0.0920985153649131	0.0630584332735507	0.0384073884136198	0.0175237984731541	0.00650912593135879	0.00157729346802582	0.000233376881101224	4.07066580335127e-05	7.16246182407848e-06	
0.000162351580340467	0.000556211067001585	0.00214360926865291	0.00393729226458074	0.00742530524702308	0.0155653837536633	0.0261972215261854	0.043399502358657	0.0682456887425343	0.090812795246592	0.11320239261941	0.126637548379824	0.13060989248086	0.117765407532071	0.0997984993077262	0.0728513342671016	0.0455553087190496	0.0230911077753973	0.00870481569602289	0.00279443661041163	0.000474028720716914	6.79721423161401e-05	1.8946938624708e-06	
1.81099561762428e-05	0.000127470723795361	0.000323058250498783	0.00170478948753264	0.00323385398094225	0.00639713755201063	0.0119001106226226	0.0225815964522245	0.0367405443829459	0.0594785874888478	0.0838494476112851	0.105702089117809	0.123146884129463	0.132047284978738	0.128546104676949	0.106627916812909	0.0795892848880711	0.0535072091646193	0.0276484116750564	0.0119810796524945	0.00388242408890563	0.000887621529489785	4.69690476312878e-05	3.20137289825196e-05	
6.63833453536275e-05	0.000232458580824586	0.00105126442157725	0.00231313234373062	0.00460137093295364	0.0091440720782884	0.0181154072121531	0.0327203275503856	0.0504889752807355	0.0756744425172237	0.100870311369445	0.119829184432685	0.129648309684851	0.131858828336292	0.116408572193583	0.0909010054856251	0.0608791375494471	0.0342063561351944	0.0146668625442843	0.00482950524656329	0.00132030396559847	0.00014199958557158	2.99192542438884e-05	1.86995339024303e-06	
5.4973898922938e-05	8.58607016720939e-05	0.000477247202180055	0.00183038881067946	0.00323804332104584	0.0064269904556322	0.0140612169515532	0.0266964547597658	0.0432414085995543	0.0679206554917139	0.091703263110036	0.113744454349478	0.131220161245245	0.133074406653571	0.125684508597307	0.101698831775836	0.0701495762572686	0.0414082538065391	0.018408188690705	0.00684165730746602	0.0015475671168495	0.000443940164887122	3.15782983330923e-05	1.03724337590449e-05	
2.63240993352478e-05	0.000167444162293337	0.000214484183279367	0.00131723504021464	0.00268013667014564	0.00474428941584649	0.0104793950401505	0.0212403434905824	0.0372614192512259	0.0577010523115936	0.0844474817622634	0.110871612674985	0.126779265903275	0.138195913332367	0.131929175354096	0.11062862979286	0.0797933809997916	0.0456906247635838	0.0230030280725918	0.00921160352564385	0.0029132766281713	0.000581991500520588	9.99171248681363e-05	2.19749003146417e-05	
2.5346308338993e-06	0.00011014123078217	0.000346207529812155	0.000660501753215669	0.00194763337486672	0.00392775610860432	0.00777878202923697	0.0158462815525536	0.0312971606950188	0.0503401877815816	0.0739651361528797	0.104527945169022	0.121606287727836	0.139027727133165	0.137307634480887	0.123856233434891	0.0922124043680906	0.0534292115051502	0.0269904772767465	0.00981708606166181	0.00395321762743577	0.00101961285818222	1.8088047314645e-05	1.17514702298968e-05	
4.62964316090056e-05	0.000270530158442523	0.000441219022455523	0.00149715177571951	0.0032153807033901	0.0063704357534715	0.0131288963971205	0.0247228790301131	0.0421388717582999	0.0642226203663381	0.0919857486489567	0.121315239534347	0.139983340299232	0.143092332738066	0.133222073811243	0.0992715911183336	0.0637988209608263	0.031703235196979	0.0129165875087317	0.00537389337206957	0.00111777823892349	0.000146722276942682	1.83548983904391e-05	
9.6611739936598e-05	0.000283767815852423	0.00120776343005281	0.00257712983089328	0.00560523112900269	0.0108343998934937	0.020246693644056	0.0362611396661551	0.0558928085744553	0.0852749123230958	0.11448887897361	0.136421260790207	0.146339249324447	0.137846633996808	0.111164408328352	0.0727584413632663	0.0386735161434367	0.0165687967182812	0.0053475998225051	0.00180773633676052	0.000270466199484341	4.78391465869628e-06	2.77700411895052e-05	
1.7966164039588e-05	0.000315117061378563	0.00114144240875198	0.00204010520607427	0.0042733466755741	0.00955315313270802	0.0170849946125148	0.0298566914741569	0.0491515242635409	0.0756692277906299	0.10582732530624	0.131585958402657	0.150231645317663	0.143688061058481	0.123198005566674	0.0830300361167177	0.0435095577628722	0.0203466807748334	0.00681224933064219	0.00217437864258066	0.00048248606322104	1.65477826680416e-06	8.39208978164964e-06	
1.06941882790271e-05	0.000228380331914333	0.000531382333153433	0.00158416575706654	0.003115454694309	0.00722475595268226	0.0141568476194618	0.0260594791740189	0.0435930761547406	0.0652528474464536	0.0975670008719328	0.125850158262104	0.148591230813141	0.151836085185626	0.128579196286598	0.0943177499998218	0.0534395717761835	0.0248064767806596	0.00971673947032398	0.00284061405553801	0.000698092845992044	
3.91360591539771e-05	8.6498917529511e-05	0.000331187431519242	0.000959244789233517	0.00285846015238148	0.00532003600517442	0.0114736818228989	0.0217121685055326	0.0383921214529421	0.0585837424109246	0.0910812446959181	0.121382426640162	0.146884328969957	0.154586610978287	0.137104545106776	0.102008784576209	0.0610394419785593	0.0298968935253562	0.0118208527500486	0.0033809794286535	0.000979459210177914	7.81545926047891e-05	
5.89656791834405e-05	0.000278197050506488	0.0006657190288876	0.00205181955060011	0.00399710544807985	0.00883938563112234	0.0172443791286152	0.0333152598292996	0.0517367427824032	0.0783664343628252	0.118303179424769	0.148413474320621	0.157991733639815	0.147972918121909	0.11145385639031	0.0686067421846051	0.0326750111825445	0.0127049522564084	0.00375752103167376	0.00126828546646039	0.00024470175345554	5.36157359044696e-05	
3.86311255586008e-05	0.000233558823331357	0.000600259171141439	0.00162168030747068	0.00298392956990562	0.00664065504212388	0.0126154843238555	0.0252693634972723	0.0473493554449863	0.0691638913097334	0.108909648885598	0.144196405840412	0.159932741674608	0.153093496656754	0.124707298341094	0.0811696654225554	0.0401089137837156	0.0146070547050998	0.00439343403180062	0.00188028438651587	0.000398125055451023	8.61226010159632e-05	
2.48711290604339e-06	0.000132882889551461	0.000458576246295238	0.00100763602879129	0.00237152137288632	0.00464841402139509	0.010629209956742	0.0217341690822257	0.0402061935033058	0.0638336476767701	0.0973172934289885	0.138262870069077	0.163182320180256	0.158773734903373	0.131119408067128	0.0919773435857654	0.0476018013803477	0.019035177843377	0.00524117593066877	0.00178858948128892	0.000507489466780758	0.000168057772079789	
0.000129138154708962	0.000372890960317067	0.000771077023102901	0.00209380513258204	0.00360073968204903	0.00768571718695707	0.0182420049019246	0.0319667160022022	0.056391013388371	0.0910938364791444	0.131140945884336	0.165197109967977	0.164157227095194	0.140302493116767	0.0980108972269669	0.0566368236903521	0.0225559696502341	0.0072400876783925	0.00175092941347193	0.000496582801097347	0.000150923410423688	1.30711534288359e-05	
2.9393548884399e-05	0.000268322852886629	0.000769232833252715	0.00178166374316722	0.0027738484741821	0.00669611875871897	0.014069142896311	0.0274650393617429	0.0487371872788623	0.0831133695764329	0.122592686641108	0.159387433562652	0.174557188015531	0.151389705037566	0.105316109933336	0.0606393792082476	0.0276700624143349	0.00984159438414905	0.00216073075533615	0.00054128037323221	0.000186728312622468	1.37820374437223e-05	
2.7140192293197e-05	8.84523539737374e-05	0.000318033707872099	0.000950153459282741	0.00236785841307101	0.00485821778499268	0.0109466264679297	0.0231293653303042	0.0428895225164288	0.0724289078083444	0.114619076915182	0.155643944856557	0.179193736438385	0.161107635658709	0.117474348508936	0.0676079461054996	0.0307891911470173	0.0120908323021088	0.00276854634292694	0.000578086095845096	9.96785244222871e-05	2.26990699179466e-05	
6.77714297193936e-05	6.12363275678807e-05	0.00024409816740003	0.000895914096808341	0.00174511431527439	0.00296596821350518	0.0088701909665767	0.018869139299212	0.0384383816715073	0.0621824651349275	0.10623776710566	0.150553868060402	0.176253278291637	0.171019145549916	0.130837948950929	0.0757373561808573	0.0364532838827801	0.0131405171613598	0.0044611753816893	0.000855614300207344	9.4880001607151e-05	1.4885510456224e-05	
7.29620468025908e-05	6.91797333395802e-05	0.000301975026482295	0.00121778292497769	0.00284564183541275	0.00611002237421429	0.0152746899052006	0.0358128960295713	0.0589026996201337	0.0956207886684817	0.147410420786033	0.175429066859345	0.175286925079203	0.138055173460556	0.0859749132569111	0.0405834913974331	0.0150510453704361	0.00501851991485646	0.000787575271088167	0.000149096356509642	2.51340830122637e-05	
1.95383646169009e-06	0.000101477381229029	0.000204664369362037	0.000724995442065879	0.00203076877236914	0.00408339609015343	0.0120822804495338	0.0311463512653594	0.0576080132694803	0.0886925744567388	0.139354699104911	0.172828313825701	0.181583821354871	0.143956472431306	0.094330003222609	0.0455460038732366	0.0185079601129171	0.00547587091344419	0.00156404608758292	8.73120668817759e-05	8.90216737857547e-05	
