# <P(U)> as a function of N_tot.
# number_of_species: 1
# species_total_upper_bound: 445
# species_total_lower_bound: 421
# volume: 729
# Bin widths for each
10	10	10	10	10	10	10	10	10	10	10	10	10	10	10	10	10	10	10	10	10	10	10	10	10	
# Bin lower bound for each
-2140	-2150	-2150	-2160	-2160	-2170	-2190	-2190	-2200	-2210	-2220	-2220	-2220	-2230	-2240	-2250	-2250	-2260	-2270	-2270	-2280	-2290	-2300	-2300	-2310	
# Bin upper bound for each
-1920	-1930	-1930	-1940	-1940	-1950	-1960	-1960	-1970	-1980	-1990	-2000	-2000	-2010	-2040	-2040	-2040	-2050	-2060	-2060	-2070	-2080	-2090	-2100	-2110	
# Normalized histogram for each
4.79601338015431e-05	0.000359218992116583	0.000797969864406579	0.00314391932382477	0.00726258619116885	0.0133746111824957	0.0284512046007024	0.0460869170177618	0.0646031437506198	0.0861209759429318	0.108765268765336	0.119231061681914	0.120840859238333	0.114623032745806	0.104854951323477	0.0777442204122427	0.0541667535291368	0.0297321498828893	0.0140032745444119	0.00465936314967454	0.000973181006485584	0.000155207669186903	2.16905127745672e-06	
2.2583974551353e-05	0.000337246259150875	0.000686017330057338	0.001870046222644	0.00499361944512804	0.01031645270485	0.0209037966920764	0.039746165439022	0.0581150856060689	0.0775967903748497	0.102055001989485	0.118944904647898	0.120572114937995	0.120901794401549	0.107748841057945	0.0890112433269594	0.0621914930125881	0.0372246763215874	0.017538202422725	0.00724712758618522	0.0016276759390568	0.000325139386195511	2.39809214308182e-05	
0.000126716974762164	0.000647958396356439	0.00144793116715533	0.00399434442133693	0.00769673385272728	0.0155628452951321	0.0314966424601215	0.0507227812053199	0.0695884320050742	0.0919525981924318	0.11585461630399	0.125790859957505	0.122145389675395	0.115465956254357	0.0956639567018906	0.0705943486069067	0.0448576940776258	0.0231821921024738	0.00990301206938939	0.00285688134116694	0.000412002650247581	3.12767850592638e-05	4.82950357532749e-06	
1.13095757606775e-05	0.000492023664658969	0.0016657063047115	0.00316793783251866	0.00671388966697755	0.011747450547452	0.023460743891344	0.0416932651133631	0.0626362004212189	0.084550616863103	0.106231073596322	0.123863159159774	0.124544932373306	0.119267016113518	0.108619450368327	0.0803355722485402	0.0530303722655388	0.0290870864750726	0.0131390995567103	0.00459465795044898	0.00102517305935677	0.000111610661799817	1.16522901776677e-05	
0.000177169241721383	0.00114092860779515	0.00253200549729536	0.0053392888513845	0.00949461900064385	0.0194183914754055	0.0316833453224738	0.0558011968333064	0.078457172606101	0.099091422426895	0.120100320935656	0.126634354699477	0.124071711775019	0.110925731089909	0.0905202866240321	0.0619976451637444	0.0374762287415556	0.0170500150834824	0.0063016712544397	0.00151615103035274	0.000224330225107062	3.91286991107458e-05	6.88481509279985e-06	
0.000155836538723845	0.000533890753016704	0.00214522465013504	0.0040558419947077	0.0075469896609106	0.015520796391776	0.0262389629993362	0.0441565276300116	0.0691522083094634	0.0923361613516291	0.113896277200353	0.127395858908258	0.130937133426085	0.117123832646789	0.0985537096143529	0.0714030289803676	0.0447497522074001	0.022485700775659	0.0084013057988015	0.00268889070755017	0.00045500631984796	6.5244473543025e-05	1.81866128342927e-06	
1.73536879777792e-05	0.00012214757150811	0.000309567401668126	0.00168241205962638	0.00320035594093432	0.00662104773954779	0.0120274492799283	0.022654735838243	0.0373891365241503	0.060390162407008	0.085062628340319	0.106871847716574	0.123625545927431	0.132701300821255	0.12758319441986	0.105520835117684	0.0783979164826336	0.0526082089213854	0.0270353664802209	0.0115322533965366	0.00372029482460404	0.000850554629465734	4.500762946495e-05	3.06768419736226e-05	
6.36005526977608e-05	0.000222713907246208	0.00101660108792776	0.00233015405218381	0.0046881893325749	0.00940817894149869	0.0183767526543153	0.0330198841305424	0.0513347158242206	0.0770686415683359	0.101428213115598	0.120769163585548	0.130385611942571	0.13117222089099	0.115279472921617	0.0897336614882977	0.0599452005097002	0.0334790845999324	0.0141436207973807	0.00470285776990485	0.00126495676730036	0.000136046956915104	2.86650378356105e-05	1.79156486472566e-06	
5.26748789416435e-05	8.22699891226927e-05	0.00045728862410345	0.00184582935326954	0.0032545786837906	0.0066623231057197	0.0145741561804639	0.0270200043067511	0.0439715975285874	0.068858545311991	0.0929846337329041	0.114979101214173	0.131228362716787	0.13311527184986	0.124166505623623	0.100592785639746	0.0692029749711503	0.0406305525340813	0.017791520117497	0.00658060526417501	0.00148284753548929	0.000425374494094782	3.02576872746548e-05	9.93865640408368e-06	
2.5212693736257e-05	0.000160374656244104	0.000210361562086423	0.00135216772711622	0.00283379715554774	0.00494146873149128	0.0107879635477066	0.0217641453351748	0.0375488262997774	0.0583680437218803	0.0853877202561741	0.111894702144362	0.127252411621561	0.138032263259109	0.130439844211862	0.110023701028316	0.0790032084797086	0.0451752276733649	0.0224338164048913	0.00890030012971383	0.00279027785375081	0.000557419772386378	9.56986157902278e-05	2.10471182493972e-05	
2.42912422784214e-06	0.000105556489173504	0.00033179628657571	0.00066083220471069	0.00196913643087894	0.00408258492383923	0.00823992062505341	0.0163058276236032	0.0317561618600555	0.050844220042439	0.0746956804208833	0.104801141953382	0.122882438558063	0.139417155932772	0.136547476901789	0.122344718785809	0.0911645906119648	0.0528833594169749	0.02654215711973	0.00962838595074045	0.00378866089227033	0.000977170428018314	1.73351138077825e-05	1.12623032381772e-05	
4.42919627759607e-05	0.000258817176423165	0.000422115827061808	0.0014412783644723	0.0032491957541456	0.00661415459281929	0.0137041122403076	0.0253809723964882	0.0428265251590652	0.0653382507851198	0.092813584300244	0.122033976409385	0.140186299153733	0.142619560896639	0.13165606977729	0.0978875865510811	0.063167720912316	0.031253348461201	0.012704187626123	0.00517063926053002	0.00106938246490142	0.000140369730514724	1.75601973631966e-05	
9.22021378201477e-05	0.000270815941036956	0.00115263807799076	0.00248433538015398	0.0057312314363857	0.0112982138953744	0.0208440303959714	0.0371279524032075	0.0566905067097656	0.0865372741061543	0.114842996351223	0.136942557065941	0.146015559222112	0.137050348937209	0.109626671539572	0.071866666800293	0.0380456309270914	0.0162459498707667	0.00512000252999103	0.00172522671648255	0.000258121443800848	4.5655647954421e-06	2.65025468613468e-05	
1.71467725374584e-05	0.000300745365689895	0.00108938409469892	0.00196838180267178	0.00438833288473466	0.00975166284210913	0.0175732985043276	0.0309476682758311	0.0500371024571551	0.0763850361920989	0.106734372352544	0.132816531113157	0.150048699090161	0.142510774828809	0.121430058878858	0.0816980539090016	0.0431568471687858	0.0200044175500827	0.00659620546436055	0.00207521070788871	0.000460481088802007	1.57930799687117e-06	8.00934769841805e-06	
1.01969703441511e-05	0.000217761966682872	0.000506676126433821	0.00151051120698026	0.00310848975957923	0.00741115804612905	0.0143258369361684	0.0265763638079611	0.0444055398553684	0.0667115257828696	0.098287464150568	0.127047565807564	0.14919527209539	0.150787812263806	0.127361972393176	0.0925202843232571	0.0526800413906356	0.0243945520533243	0.00955342821576472	0.00272191128386541	0.000665635564132089	
3.72928023659539e-05	8.24249325565829e-05	0.000315588940141916	0.000914065624357105	0.0027836333201446	0.00542515082586759	0.0115835027841373	0.0221150797646007	0.0394097568498087	0.0598458765751589	0.0922118853840996	0.122445932995921	0.147360772697906	0.15371880353491	0.135377352204313	0.100975469959304	0.0599695139739938	0.0295541539086273	0.0116108284411261	0.00325511289360005	0.000933327972726307	7.44736143344125e-05	
5.62743453140342e-05	0.000265499475327751	0.000635334028752528	0.00199868271414164	0.00399259265343417	0.00892908477935462	0.0174583664190225	0.0341333317942059	0.0530211997779217	0.079302428987215	0.119219808924734	0.148638860110413	0.157333856932633	0.146779586819771	0.110139660271666	0.0680302447412346	0.0324510951520373	0.0124775873822928	0.00364140522035014	0.00121039790068943	0.000233532983315045	5.11685861731159e-05	
3.69017223625002e-05	0.000223103073732914	0.000573387312917013	0.00154908239409798	0.00294954225501121	0.00667718046014304	0.0128158440422621	0.0259907745694094	0.0485577012596804	0.0708316711571285	0.109875386156212	0.143311506397145	0.159314101931134	0.152351976978742	0.123316415341863	0.0806238309517428	0.0396956454274873	0.0146732307345079	0.00437403901764681	0.0017961095202494	0.000380302154011087	8.22671425145646e-05	
2.37352770641497e-06	0.000126814194599885	0.000437633299011369	0.000966251826768646	0.00230040044803161	0.00478480580587482	0.0108259989443453	0.0218365679241466	0.041291470332599	0.0651891645069448	0.098677832042398	0.138144285619022	0.161878093356496	0.158177989712453	0.129856152918478	0.0916024589747038	0.0473904193119256	0.018920971699638	0.00523860169831559	0.00170701852142787	0.00048431267723753	0.000160382657876326	
0.000123182907800076	0.000355694975568916	0.000735518561944032	0.00201618210105016	0.00353697726923235	0.00794431624596683	0.0186519933926859	0.0326533990862991	0.0578499029544964	0.0930363443838523	0.131596519753828	0.163748297720735	0.16392447121399	0.139207768812351	0.0970804842716092	0.0561005209470976	0.0220834512826031	0.00705467473939946	0.00167018474896316	0.00047368272793225	0.000143963529547042	1.24683730481801e-05	
2.7951404453691e-05	0.000255158048954855	0.000731491733981033	0.00170109232000948	0.00270571914730355	0.00678732008313049	0.0146582500077997	0.0278914423121866	0.0497973407196176	0.0851920534041157	0.123894774212382	0.158800047366612	0.17311360204646	0.150612489499376	0.104267321201187	0.0600099256481043	0.0272266396137278	0.00956726702649364	0.00205471817967464	0.000514723373300749	0.000177566805886311	1.31058452417721e-05	
2.57132114363482e-05	8.38016936357347e-05	0.00030131208674048	0.000936194652750677	0.00231442278573894	0.00479796837578877	0.0117572490510364	0.0239593366599216	0.0441871019492601	0.0742141721169909	0.115827849114408	0.155336665999292	0.177861556095767	0.159415131967798	0.116542793270572	0.0672096595652621	0.0302633979564776	0.0116740317485697	0.00262800708702858	0.000547691403594216	9.44376129116787e-05	2.15055950194912e-05	
6.42262525724908e-05	5.80330067887149e-05	0.000231329198997703	0.000849048121060981	0.00167011194635823	0.00290015937285817	0.00958508005802383	0.0202060378182526	0.039251759569941	0.0635196491044567	0.107300735757599	0.151319688924733	0.175492385977758	0.169133986973081	0.129761573800093	0.0748624640677055	0.0358426071454459	0.012778271708244	0.00425797116608267	0.000810856438727696	8.99167536014871e-05	1.41068376186007e-05	
6.90497848949092e-05	6.54702809956748e-05	0.000285782972600168	0.00115248478768577	0.00270852977304329	0.00633468269083548	0.0161844382107192	0.0366680915401543	0.0597165171473248	0.0970441611478799	0.148480131097598	0.175677086256114	0.174474719349574	0.136154744493857	0.0847078050967055	0.0399517667622972	0.0146031057623316	0.00481119964417422	0.000745345086114781	0.000141101734350467	2.37863807497513e-05	
1.85081997687169e-06	9.61269625487734e-05	0.00019387339257731	0.000686769887667952	0.00192369601346101	0.0041732520191	0.0129809572602867	0.0317231700798293	0.0589207382874617	0.0907677976294929	0.140268903320915	0.172618113257921	0.1806222156004	0.143508069632937	0.0923681785282442	0.0444324038322616	0.0177941302863901	0.00527113529413058	0.00148158139148579	8.27085177164537e-05	8.43279851962164e-05	
