# <P(U)> as a function of N_tot.
# number_of_species: 1
# species_total_upper_bound: 445
# species_total_lower_bound: 421
# volume: 729
# Bin widths for each
10	10	10	10	10	10	10	10	10	10	10	10	10	10	10	10	10	10	10	10	10	10	10	10	10	
# Bin lower bound for each
-2140	-2150	-2150	-2160	-2160	-2170	-2190	-2190	-2200	-2210	-2220	-2220	-2220	-2230	-2240	-2250	-2250	-2260	-2270	-2270	-2280	-2290	-2300	-2300	-2310	
# Bin upper bound for each
-1920	-1930	-1930	-1940	-1940	-1950	-1960	-1960	-1970	-1980	-1990	-2000	-2000	-2010	-2040	-2040	-2040	-2050	-2060	-2060	-2070	-2080	-2090	-2100	-2110	
# Normalized histogram for each
4.43293909876789e-05	0.000332024910890127	0.000764180782830314	0.00295024348864733	0.00690948183397151	0.012783126139839	0.0275637480032283	0.0455771853777165	0.0637143663536804	0.0870065654278421	0.111304863468817	0.121719931362955	0.123257314739344	0.116707034628828	0.104063579484714	0.0758392344514661	0.0520773443175178	0.0285707380130765	0.0134068562642887	0.00436288084014666	0.000899507943760037	0.000143457928623443	2.00484682858849e-06	
2.09161533943251e-05	0.00031234070300701	0.000635355113158546	0.00176428832033369	0.00470171408955219	0.00987555104360824	0.0203244634467578	0.0388396796249065	0.0575474537925514	0.0773423288605828	0.103231675077692	0.120737417316505	0.122566394771048	0.123103314584985	0.109314286552164	0.0878460113973629	0.0601334019325663	0.0361920611769455	0.016841816091379	0.00683623988801017	0.00150995220766765	0.000301127919744073	2.22099360785102e-05	
0.000117410170299084	0.000600368702028436	0.00136065815325735	0.00376383764623932	0.00729253532346768	0.0150770853170272	0.0307172493545903	0.0508386037395033	0.0697293887351654	0.0924153349615205	0.117291694700742	0.127069980190496	0.124411737224106	0.117277631050579	0.0948221369098474	0.0688919622936492	0.0433515212554493	0.0224190565016734	0.00948816943374311	0.00264844102839803	0.000381742867678418	2.89796427598464e-05	4.47479777909394e-06	
1.05030805853632e-05	0.000456937051324842	0.00154692341429476	0.00295200219482557	0.00644241988430485	0.0112848704927727	0.0230008977481607	0.0411487357155452	0.0627461460590214	0.0849863661526664	0.107740494552933	0.125079064856629	0.126061155937222	0.120927271365441	0.108251326199584	0.0794444528139026	0.0515706561327488	0.0282299465955484	0.0127213524233365	0.00433193723698536	0.000952067122960095	0.000103651613453534	1.08213557546166e-05	
0.000164762524806417	0.0010610322436206	0.00236387270046098	0.00505865769977216	0.00914602751043291	0.0190739300333377	0.0313853401689862	0.0559240717942031	0.0786709042506704	0.0995678932048584	0.122087963766757	0.12792935017084	0.125563449952263	0.111273822404139	0.089507348312566	0.0606923675574479	0.0363913891092184	0.0164673954278186	0.00600753617812622	0.00141147274327363	0.000208620943002944	3.63886146107437e-05	6.40268878781415e-06	
0.000145012567226969	0.000496808189835941	0.00199622332696907	0.00384605905872142	0.00720831980781763	0.0151594720442531	0.0263626712478368	0.0443578740924947	0.0688655268107717	0.0928980544728973	0.11476152836688	0.129372258471838	0.131671093727937	0.117407822618851	0.0984129744256429	0.0705627344356615	0.043735515270056	0.0216306710781795	0.00808177989546191	0.00254179212474931	0.000423402849459926	6.07127743167618e-05	1.69234214123378e-06	
1.61569462829486e-05	0.000113724054159335	0.000288219074015179	0.00156638988254109	0.003049806028042	0.00628786653987112	0.0116028764367825	0.0226463055787225	0.0376367203400422	0.0602235058134256	0.085171394449745	0.107484449981586	0.124524086723399	0.134109950833891	0.127602141347846	0.105856246749718	0.0778267593846059	0.0521295011558471	0.0263820000360665	0.0110591691347705	0.00356036553058317	0.000791898844590712	4.19038219725505e-05	2.85613114937284e-05	
5.92538747913466e-05	0.00020749288197181	0.000947123114842668	0.00218133542585749	0.00451946411546744	0.00901983763395105	0.0180905835265257	0.0327519533697042	0.0514398743734398	0.0768880574336959	0.102072831983656	0.1212983149888	0.132064055525053	0.131990196821968	0.115195791806504	0.0894707429298809	0.059231863228704	0.0330002354506961	0.0137069443141891	0.00453041773668767	0.00117850532309479	0.000126749045548391	2.67059717369449e-05	1.66912323355906e-06	
4.91125253413423e-05	7.67061454492664e-05	0.00042636261517505	0.00172995524273634	0.00312611005118205	0.00644805243611511	0.0141157840655081	0.0266199153864291	0.0438070341079796	0.0687753477774266	0.0932511976969623	0.115630138410834	0.132577254414207	0.134310401456284	0.124382155164692	0.100593674677397	0.0686378944832322	0.0399133477959596	0.0174212526473916	0.00626962055683514	0.0014004791817462	0.000400725259179255	2.82113877222805e-05	9.26651421534761e-06	
2.35052284314746e-05	0.00014951369215325	0.000196115362434782	0.00127428997092199	0.00274643264724978	0.00472618606105207	0.0104285544785278	0.0213769832919726	0.0371546123849866	0.0583499922381648	0.0856389492672347	0.112464853296205	0.128330269307578	0.139955955289785	0.130853606678019	0.110027667697797	0.078209355346627	0.0441983117727367	0.0220204133711229	0.00852197386279916	0.00270688254549769	0.000536736781400456	8.92176713942494e-05	1.96217559080136e-05	
2.26677091065255e-06	9.85014995719924e-05	0.000309620299386859	0.000619549703897898	0.00192593099372352	0.00394109033329363	0.00795461430068675	0.0155903351482612	0.0313325439475362	0.0510182128860568	0.0747061749724587	0.105166218189476	0.124094167433591	0.140426973090132	0.137487692464306	0.122838376349089	0.090673515337178	0.0520829770038152	0.0256850902937282	0.00942698504219697	0.0036279668424994	0.000964511022482658	1.61765014987477e-05	1.05095742221163e-05	
4.13649471557577e-05	0.000241713352824301	0.000404561718015782	0.00136629673938715	0.00314572066564557	0.00643527853390092	0.0131944780302514	0.0251386065214764	0.0423849691481213	0.0653723895036238	0.0930063677993524	0.122553892728784	0.141451719533541	0.143628602106082	0.132228589801054	0.0977608297557703	0.0625960285681367	0.0304182779584477	0.0124108420869117	0.00503419763440552	0.00102514038228941	0.000143732745672532	1.63997391501363e-05	
8.61385044732724e-05	0.000257479225327716	0.00110804494099616	0.00241083780514929	0.00565039460381802	0.0111674201705168	0.0205555808700114	0.0370039779760073	0.0568347678307224	0.0862823807434252	0.11484842640141	0.137962466499092	0.147990736157553	0.136886879545289	0.109680220165024	0.071230197246772	0.0371982057391131	0.0159065983967003	0.00500425178825824	0.00166482425976543	0.000241146199721069	4.26531241957025e-06	2.47596184355541e-05	
1.60553910992926e-05	0.00028160310967575	0.00110296311749219	0.00190826773420934	0.00433368806593273	0.00969259735561371	0.0174079521718349	0.0309979957168019	0.0502568598506954	0.0765633012841672	0.106945488250253	0.133168589528611	0.151066548011693	0.142639580236025	0.120963112210812	0.0813591099820697	0.0428676829799651	0.0195124759367185	0.00647750528798037	0.00199847368156984	0.000431171753074423	1.47878602230326e-06	7.49955768453797e-06	
9.54923474024331e-06	0.000203929213008307	0.000474490863981867	0.0014294143380062	0.0030623334785878	0.0073416638735155	0.0140220962925733	0.026378275533407	0.0446138125012003	0.0672392387816916	0.0986401995832502	0.127895341236068	0.149223875336226	0.150462623287252	0.126884713892725	0.0927224327121132	0.0524564928907539	0.024124868339926	0.00949448579439925	0.00269436963326376	0.000625793183310612	
3.4950601575422e-05	7.72481764549867e-05	0.00029576815387249	0.00085739178459346	0.00274724323194195	0.00537829932891696	0.0113787823399333	0.0214637626810071	0.0394883022015835	0.059821575604606	0.0926714675988506	0.123473233349423	0.148213641167317	0.152692146179999	0.134555302924631	0.100944684323123	0.060948916179746	0.0293642779452363	0.0114314706342002	0.00317410238091265	0.000917636965687431	6.97962463893562e-05	
5.29256837800004e-05	0.000249700661936412	0.000597527838178939	0.0019202523730436	0.00396859116422934	0.00900446475640093	0.017224543737806	0.0335977877690519	0.0535067180125832	0.0800113158661179	0.119977514413637	0.149367971296951	0.15615957876584	0.146028851283004	0.109557626883324	0.0687292720787267	0.0326658990528704	0.012403817747746	0.00352389015258673	0.00118399034602123	0.00021963636819156	4.81237479735309e-05	
3.46349874805642e-05	0.000209398685776989	0.000538166273360081	0.00146886240483322	0.00297034736668178	0.00657344523858952	0.0127698245584304	0.0257980875555537	0.0485273245690221	0.0711735223464516	0.110585701999297	0.143995860748285	0.159397414768274	0.15138677642533	0.123233827473277	0.0805346074489584	0.0397240004575631	0.0146561074087098	0.00421466489855232	0.00177326899204772	0.000356941614096334	7.72137794291476e-05	
2.2300166614102e-06	0.000119146604481059	0.000411172595856204	0.000907829163733133	0.00227408603829045	0.00477425328954005	0.010847119614908	0.0215796588499273	0.0413804015516668	0.0652095100653395	0.0992955271175336	0.138291828475614	0.162350841087951	0.157525191223929	0.129714122483134	0.0912811658102341	0.0479382434052567	0.0187462633947013	0.00512351637522473	0.00161654969698321	0.000460657727485592	0.000150685411549575	
0.000115646731858041	0.000333934002675374	0.000690520457982735	0.00194984508540408	0.00367294887460664	0.00814025098050437	0.0186137045821034	0.032757722589611	0.0580819723978239	0.0932890862650918	0.131717725728439	0.163866650105448	0.164066728706207	0.138273714028935	0.097060231896084	0.0563069522219672	0.0220832149227855	0.00673796661613761	0.00164961879932463	0.000444703412196384	0.000135156021206164	1.17055736088739e-05	
2.61558753421834e-05	0.000238767326775118	0.000684502513623033	0.00164977369741299	0.0027993298452321	0.0068733516236341	0.0146984081056732	0.0284577009028986	0.0497076673940749	0.0855986293018954	0.123453886594853	0.159492558653465	0.172465330170173	0.149977463620271	0.104330251679213	0.0601790255710039	0.0274317611119872	0.00926775378877622	0.00200759909576643	0.000481658816467262	0.000166160353314866	1.22639581479947e-05	
2.40858410616951e-05	7.84979456419791e-05	0.000282242264804773	0.000876943576837172	0.00220812421987877	0.00512973674066238	0.0120239803012854	0.0245001175279563	0.0444796511319196	0.0746299785296623	0.11603780907745	0.155671717431044	0.176526333433217	0.159037166313937	0.115875558093571	0.0672670463981978	0.0306013895121709	0.0115432488099131	0.0025678791004639	0.000529888503357293	8.84607253538621e-05	2.01445216152359e-05	
6.00563564559243e-05	5.42652077976744e-05	0.000216310126734999	0.000793923583648585	0.00156843609494266	0.00299423834330251	0.00966167358834049	0.0208474917087374	0.0397707134105308	0.0643729070761938	0.108379631243247	0.151173109766397	0.175812945898339	0.167341031628787	0.12848531970626	0.074722118702461	0.0361568221607955	0.0125663636144275	0.00413434392452203	0.00079102800931946	8.4078899038294e-05	1.31909497215691e-05	
6.43114826646678e-05	6.09776098175027e-05	0.000266172106346242	0.00107339951250175	0.00261881089359084	0.0063428544081596	0.0166375311273491	0.0373068975140601	0.0607498310210416	0.097750980131731	0.148487577828455	0.176589867500063	0.173678858783061	0.135710456369552	0.0830897903370384	0.0397733181552499	0.0142613401416036	0.00463548133326952	0.000747970504904288	0.000131419116749539	2.21541227908387e-05	
1.72569607838802e-06	8.96283400712777e-05	0.000180766664211145	0.000640341101086854	0.00186385962066396	0.00406703423274096	0.0128579457680593	0.0318263656376808	0.0595224934237497	0.0921799974351842	0.140577143953576	0.174200174920869	0.180399198802453	0.142551124555242	0.0905630202097346	0.0440055735669092	0.0177626975908528	0.0051417114655571	0.00141345294420469	7.71170435029646e-05	7.86270275715541e-05	
