# <P(U)> as a function of N_tot.
# number_of_species: 1
# species_total_upper_bound: 445
# species_total_lower_bound: 421
# volume: 729
# Bin widths for each
10	10	10	10	10	10	10	10	10	10	10	10	10	10	10	10	10	10	10	10	10	10	10	10	10	
# Bin lower bound for each
-2140	-2150	-2150	-2160	-2160	-2170	-2190	-2190	-2200	-2210	-2220	-2220	-2220	-2230	-2240	-2250	-2250	-2260	-2270	-2270	-2280	-2290	-2300	-2300	-2310	
# Bin upper bound for each
-1920	-1930	-1930	-1940	-1940	-1950	-1960	-1960	-1970	-1980	-1990	-2000	-2000	-2010	-2040	-2040	-2040	-2050	-2060	-2060	-2070	-2080	-2090	-2100	-2110	
# Normalized histogram for each
4.89073387796611e-05	0.000366313509804447	0.000809797393361726	0.00301640312820186	0.00728141798841412	0.0133655892388126	0.0284979868117306	0.0461770067184921	0.0643120445504076	0.0855197658149499	0.107827287788231	0.119193328744072	0.120119618994627	0.114640153809894	0.105468553195578	0.0784744056099421	0.0546099590579218	0.0301145095294352	0.0142526798886879	0.00475138482727231	0.000992401175840561	0.000158272995849758	2.21188969355251e-06	
2.30162294077414e-05	0.000343701116465087	0.000699147628349588	0.00175943650575673	0.00480351080546718	0.0102024775665913	0.0208756014324637	0.0397522314768292	0.0578867660833318	0.0771954843107025	0.101051450170753	0.118753184752104	0.12044025063962	0.120669582451193	0.108140686109053	0.0897174995120915	0.0627669185599196	0.0376995160066605	0.0178238155094981	0.00738109121841868	0.00165882948236619	0.000331362519256813	2.44399137010038e-05	
0.000129230662425587	0.000660811962584557	0.00143021520775178	0.00385569414690641	0.00751531418530504	0.0154451750055234	0.0315427185909683	0.0507824904882949	0.0693938167232452	0.091045347062899	0.115272695460791	0.12563530591079	0.122085215308603	0.115525176056255	0.0962152771751444	0.0710473124947522	0.0454446308764184	0.0235075500258696	0.010095471204078	0.00291355336475835	0.000420175556688637	3.18972233936113e-05	4.92530655342527e-06	
1.15223463687151e-05	0.000501280260707635	0.00164117783985102	0.00308985102420857	0.00650721601489758	0.0115984636871508	0.0233199487895717	0.0417085661080074	0.0624916201117318	0.0839935986964618	0.105453561452514	0.123645600558659	0.124441340782123	0.119567155493482	0.109035847299814	0.0807553538175046	0.0535335195530726	0.0294686918063315	0.0133845437616387	0.00468109869646182	0.00104445996275605	0.0001137104283054	1.18715083798883e-05	
0.000180611559631117	0.0011482403298828	0.00250013656994551	0.00524346707283992	0.00941660009734776	0.0193602958473495	0.0316396593506897	0.0555601631259275	0.0779929610621831	0.0977919184047507	0.119580644289627	0.126591039865206	0.124252213749102	0.111359776940045	0.0912762160193797	0.0625341790415024	0.037964807182538	0.017361754075136	0.00642410986516949	0.00154560915635101	0.000228688859507017	3.98889519651626e-05	7.01858392348901e-06	
0.000158960945000209	0.000544594864088972	0.00212446491264684	0.0039880530008951	0.00738791572171284	0.0155886076829964	0.026234005352033	0.0440023838344487	0.0689444112068046	0.0913722816634898	0.113495447989277	0.126964576405604	0.13069325987042	0.117317003603579	0.0990847281547545	0.0721058904827497	0.0452941299236153	0.0228542011603801	0.0085697457088661	0.00274280095909915	0.000464128856918917	6.6552576535463e-05	1.85512408461221e-06	
1.77095314640675e-05	0.000124652250498695	0.000315915190310624	0.00167920634791871	0.00316863507156764	0.00653950156695077	0.0119790698474204	0.0227453224271564	0.037304842391454	0.0601261444213433	0.0844719514726846	0.106147046924203	0.123194927441764	0.132311108709216	0.127946451861095	0.1058034820138	0.0790091894187492	0.0531698404622576	0.0274344635937164	0.0117687263156439	0.00379658078077097	0.000867995551822716	4.59305267648719e-05	3.13058814268032e-05	
6.49254899988455e-05	0.000227353520436098	0.00103777909102028	0.00229513893254722	0.00460365160159067	0.00915586575511888	0.0183172181713644	0.0331461772260127	0.0512020931612198	0.0763996986908598	0.100819798616676	0.120269555088935	0.129881156633888	0.131268481760852	0.115880226187605	0.0902882668894861	0.0605014122437129	0.0339408286458577	0.0144382630602538	0.00480082848583013	0.00129130855724817	0.000138881109768657	2.9262192675536e-05	1.828887042221e-06	
5.37652527908055e-05	8.39729839185536e-05	0.000466754532089571	0.00185078710864785	0.00322952206071731	0.00652351733861773	0.0142431706575626	0.0271473949044292	0.0438183428782625	0.0685629832884745	0.0921386521332914	0.114048274434081	0.131046886118319	0.132946704432342	0.124899161972164	0.101102796345451	0.0698770195925315	0.0411136237881825	0.0181410951271886	0.00671682427475239	0.00151354258799777	0.000434179777254052	3.08840236156828e-05	1.01443873190199e-05	
2.57521560992694e-05	0.00016380610597057	0.000209824089261004	0.00129678900844234	0.00270912682164314	0.00472775996213761	0.0105779780325151	0.0218279753733251	0.0377783010317321	0.0582083821924512	0.0850879228993882	0.111194451059763	0.12667160884132	0.137694203447184	0.130897761589002	0.110444055624209	0.0795903974016746	0.0454392315735765	0.0228253675756394	0.00909073503483427	0.00284997991891654	0.000569346581586022	9.774622728114e-05	2.14974520480858e-05	
2.48076113359959e-06	0.000107800347441873	0.000338849418475762	0.00064646379904211	0.00193567025542593	0.00394666543981752	0.00803157693189837	0.016177381637812	0.0319879489134605	0.0508609030466679	0.0746069741412225	0.104566675304226	0.121701179692129	0.13878200943005	0.136742372730752	0.123046428797758	0.091901600384112	0.0531850379432415	0.0267645935847968	0.00977104153403052	0.00386919803532739	0.000997942546925288	1.77036135443243e-05	1.15017107103254e-05	
4.52868147781855e-05	0.000264630528779599	0.000431597068113314	0.00146450239911476	0.00321707925890186	0.00645645884326268	0.013523717882814	0.0255403912071761	0.042766992361967	0.0650402143484411	0.0925723105207103	0.121313084332855	0.13957842321146	0.14265095061713	0.132292964064341	0.0986968947768864	0.0634335616696059	0.0314030895900137	0.0127962698302785	0.0052567013335709	0.00109340211134907	0.000143522607440967	1.79546210105432e-05	
9.44826362481265e-05	0.000277514216612855	0.00118114706256565	0.0025361969483706	0.00568653103235403	0.0113158932232101	0.0209216279084363	0.0372105256851845	0.0564408231172081	0.0864799113141245	0.114493442414374	0.136114561337545	0.145619879694392	0.137362005998735	0.109956336013574	0.0723144765542137	0.0383483111514044	0.0163403611450428	0.0052417323414178	0.0017678979268022	0.000264505737709127	4.67848802677921e-06	2.7158052448133e-05	
1.75749952217982e-05	0.000308256166192855	0.00111659032142701	0.00201754007648129	0.00432495194915369	0.00973330985375638	0.0176165045855128	0.031016629067354	0.0500664207631919	0.076379310484375	0.106473483552522	0.131998389112938	0.149456487491517	0.14276862368478	0.121896582484367	0.0821864589055565	0.0432879069811003	0.0200425476759323	0.00668358568290014	0.00212703692171184	0.000471981121680133	1.61874955990246e-06	8.20937276807678e-06	
1.04585930356926e-05	0.00022334906460668	0.000519675867284638	0.00154926624835393	0.00307319946024363	0.0072884772799849	0.0143839354151666	0.0268061873966052	0.0443889415950331	0.0665767305136657	0.0983894463964569	0.126545140914434	0.14829820098255	0.150699029117188	0.127512560770236	0.0932719406175032	0.052920596967194	0.0245240061896278	0.0095443957977838	0.00279174710099422	0.000682713712052157	
3.8269681735306e-05	8.45840413128684e-05	0.000323855745135412	0.000938009436407109	0.00279828372544434	0.00531753205373155	0.0115471007268366	0.0222934112364612	0.0395441885534577	0.0598389570419949	0.0919373365565676	0.121736432219854	0.146762850367268	0.153591172919776	0.135834270442532	0.101187566835471	0.060494023666293	0.0297218667560009	0.0116534053983236	0.00332268179679029	0.000957776359105225	7.64244395014368e-05	
5.76460098387072e-05	0.000271970918213388	0.000650820040072504	0.002014654138722	0.00395119622860929	0.0089100037771212	0.0174964167376725	0.0342262666147284	0.0530994792757478	0.0792706540423042	0.118873121700846	0.148114316017018	0.156796691960417	0.146747866813385	0.110725477876326	0.0683769225853883	0.0325666982525869	0.0126067389208803	0.00371151617192291	0.0012399008625071	0.000239225255819802	5.24157998730651e-05	
3.77597629194971e-05	0.000228290676733473	0.000586719741265947	0.00158510172965118	0.00296235155332348	0.00663532567853255	0.0128047166678291	0.0262003101150437	0.0487790317149676	0.0706746133839076	0.109356199506421	0.143119894060193	0.159026684951476	0.151960643934443	0.123800983185705	0.0809164005777359	0.0400296212060676	0.0146107187842234	0.0043734350483579	0.00183787274197772	0.000389144957304909	8.41800219214477e-05	
2.42790958372218e-06	0.000129719740616014	0.000447660281341538	0.000983650225633731	0.00233692078170364	0.00469106815997751	0.0108754163286862	0.0220409100452562	0.0415813044487628	0.0651502945401169	0.0984557801359074	0.137814391168144	0.161769534498052	0.157817244539978	0.130203125852659	0.0914932291382447	0.047604138822783	0.0189716854872051	0.00522601757159096	0.0017460138349225	0.000495409169821408	0.00016405731901437	
0.000125951720474532	0.00036369001947707	0.000752050994511007	0.00204214129729092	0.00356300537094965	0.00783769108186272	0.0188043439768636	0.032869149501269	0.0579504220031872	0.0930220149914419	0.131264120875878	0.163802750398395	0.162799740305731	0.139235318420587	0.097259871333294	0.0564691022841291	0.0223869444608393	0.00709968718644868	0.00170772590450333	0.000484329811721655	0.000147199433394322	1.27486277518739e-05	
2.86200300308431e-05	0.000261261684928858	0.000748989748566505	0.00173477758792762	0.00270892740677827	0.00672012555761556	0.0146283980051008	0.0280482232067829	0.0500338690147917	0.0852935085021678	0.124168059666469	0.158114384165832	0.173144768899789	0.149830607423917	0.104196503938639	0.0603183164867049	0.0275213058904059	0.00967321388449098	0.0021038690955453	0.000527036071688306	0.000181814381648219	1.34193501804368e-05	
2.63640931596802e-05	8.59229763431397e-05	0.000308939237116617	0.000922982934162987	0.00230014729139501	0.00478076878414674	0.011563650770197	0.0240082217622886	0.044120429739512	0.0745785070565293	0.116186798228285	0.155240169099294	0.177461624366078	0.159448837061875	0.116018427542424	0.0669626395634202	0.0306801348834941	0.0119304711754778	0.00269453015770641	0.000561555184301189	9.68281239682802e-05	2.20499688244598e-05	
6.58916552925119e-05	5.95378171035911e-05	0.000237327622723208	0.000871064150232974	0.00169671012378218	0.00294794559231892	0.00936355720807643	0.0199049277545065	0.0393368475549489	0.0638983150562432	0.107916764719725	0.151226996752483	0.175011766367017	0.168856897444345	0.12943697933826	0.0748351531980986	0.0360702687438227	0.0129560643855603	0.00436838141855321	0.000831882148067963	9.22483174095166e-05	1.44726314303196e-05	
7.08900878823708e-05	6.72151836610439e-05	0.000293399611218842	0.0011832006139698	0.00278071704256985	0.00640298715182357	0.0161306957162708	0.0368885700283821	0.060297828463532	0.0975529405516671	0.14863885104001	0.174703761228907	0.173387552791185	0.136000025605784	0.0848492708397298	0.0400760159865446	0.0148021585676124	0.00493942690935576	0.000765209895118234	0.000144862353498758	2.44203312772047e-05	
1.90041154599786e-06	9.87026246702637e-05	0.000199068109443276	0.00070517145928683	0.00197524025062152	0.0042765198571033	0.012941921403967	0.0317839080039277	0.0593752705859408	0.0908159167543726	0.14106457966638	0.171952324850648	0.179806250667371	0.142092939864208	0.0926753506764099	0.0450041209236618	0.0181527310873715	0.00538529121847143	0.00152127944257129	8.49246409617793e-05	8.65875010645274e-05	
