# <P(U)> as a function of N_tot.
# number_of_species: 1
# species_total_upper_bound: 445
# species_total_lower_bound: 421
# volume: 729
# Bin widths for each
10	10	10	10	10	10	10	10	10	10	10	10	10	10	10	10	10	10	10	10	10	10	10	10	10	
# Bin lower bound for each
-2140	-2150	-2150	-2160	-2160	-2170	-2190	-2190	-2200	-2210	-2220	-2220	-2220	-2230	-2240	-2250	-2250	-2260	-2270	-2270	-2280	-2290	-2300	-2300	-2310	
# Bin upper bound for each
-1920	-1930	-1930	-1940	-1940	-1950	-1960	-1960	-1970	-1980	-1990	-2000	-2000	-2010	-2040	-2040	-2040	-2050	-2060	-2060	-2070	-2080	-2090	-2100	-2110	
# Normalized histogram for each
5.58586299478045e-05	0.000418378331342726	0.000886018921760024	0.00291924498219682	0.00643216334298462	0.0132730209834768	0.0287714048726129	0.0451096330873963	0.0622392854586513	0.0834171446696411	0.105623195646957	0.118242193475768	0.119930864419316	0.114364650188839	0.107546528975612	0.0805147414854185	0.0561647296259858	0.0324126015946376	0.0152638618523451	0.00509787189847764	0.00113331265534804	0.00018076863158988	2.52626969613186e-06	
2.62783182743218e-05	0.00039241385587995	0.000774262202350636	0.00174710179949589	0.00458841109909473	0.00978826719143836	0.0211613607942662	0.0394839859386615	0.0565872429330288	0.0754216180075291	0.0984750177175465	0.116565608020685	0.121158895508737	0.119588833719471	0.109450956530785	0.0915887437771859	0.0640160151449805	0.0395613308857473	0.0195052849219886	0.00785193440931759	0.00186020693227454	0.000378326510000932	2.79037812603623e-05	
0.000147415125273427	0.000752459237443763	0.00155454734192604	0.00376336635146762	0.0072205319572448	0.0154613317551978	0.0316119830571596	0.0498212290622365	0.067000709518897	0.0887356116416748	0.113495868095835	0.125048692473321	0.122127679156197	0.116223984307111	0.0986385102885591	0.0718510952060922	0.0467157461827241	0.025230459870981	0.010902699596334	0.00317477601462272	0.000479299812935289	3.63855844595028e-05	5.61836230624676e-06	
1.31461062229285e-05	0.000544169124258191	0.00178587861204207	0.00298403332365302	0.00650679142454261	0.0114701768629327	0.0229752772201748	0.0414355972920084	0.05978782715712	0.0821234599967307	0.103083399296245	0.123045562412334	0.124116106941317	0.119796747918898	0.110578273310735	0.0827305710841169	0.0548174039042873	0.0315214413656441	0.0144166309132414	0.00501185340577767	0.00111237304878254	0.000129734805856577	1.35444730781687e-05	
0.000206635184243907	0.00127166290199845	0.00264851703120914	0.00500300718431992	0.00910653569422061	0.019103181887409	0.0311444992884202	0.0537821599425918	0.0757107835461649	0.0957768800389074	0.118439433273564	0.126682624684393	0.12379026742929	0.112314787825547	0.0938675120508194	0.0639533218613333	0.0396082443155919	0.0185958282711728	0.00704393112196213	0.00163608492706072	0.000260435277550934	4.56363975564586e-05	8.02986467269067e-06	
0.000170178421853989	0.000535225738623466	0.00227656781185329	0.00396029878127294	0.00750364715455572	0.0150225599241764	0.0258752175350147	0.0431722213593831	0.0678247294999383	0.0893086269309344	0.111200846378797	0.126131547123626	0.130529371707107	0.118109001801343	0.101347223715598	0.0739394711725453	0.0466426930137908	0.0236709954641212	0.0091979976822814	0.00300467127820986	0.000498588262467693	7.61953308457018e-05	2.12391166120423e-06	
2.02917057063811e-05	0.000130914230363749	0.000330165688977375	0.00172139121505294	0.00332417413739632	0.00644569304618955	0.0116855351164986	0.0219797137926913	0.0360117555742297	0.0584452180893618	0.0832329112091251	0.103916312292755	0.121917280796231	0.132520155227621	0.128930094288356	0.108036314036532	0.0809501597742724	0.0546624514030013	0.0282806157000985	0.0121793435934307	0.00425890174219349	0.000932109320189894	5.26275206062271e-05	3.58704991196673e-05	
6.04897707476968e-05	0.000257146990797568	0.00106158238359811	0.0023872510606986	0.00470170490811643	0.00896060374552137	0.0178125353920804	0.0319272080239288	0.0489455205819064	0.0751534338746644	0.0992223398412209	0.117527958516063	0.129687318948028	0.132234566761657	0.117384982694296	0.0934079897560181	0.0622450215412977	0.035141283548419	0.0151344882689778	0.00516873307317495	0.00139034821551903	0.00015187907806781	3.35181413666891e-05	2.09488383541807e-06	
5.21883181875255e-05	8.17703104274843e-05	0.000506381701225495	0.00180966868685407	0.00336382130099793	0.00635999915258572	0.0137305656645304	0.026011355351292	0.0424501588643409	0.0669116245086677	0.0909759938903498	0.112269086068871	0.129884193605226	0.133480278757959	0.126469734134105	0.103754510284974	0.0712150938950519	0.0426848771171793	0.0187744891099515	0.00703470109786653	0.00163501867153344	0.000497468349851883	3.53950474836188e-05	1.162611048732e-05	
2.95114394037765e-05	8.04507500268169e-05	0.000202089204612818	0.00131916134134881	0.00275739492516156	0.00468372205459154	0.0103351627004148	0.020600139499291	0.03606182415596	0.0565790750037082	0.0844424929826929	0.110921696143035	0.126490263534588	0.137345725742752	0.132349310741086	0.111676419128135	0.0807030086784161	0.0468134830837863	0.0234198933790188	0.00942313091223195	0.00298873894796594	0.000640654856274158	0.000112015159128247	2.46356363718482e-05	
2.84344594111663e-06	8.43986454340527e-05	0.000295459882790573	0.000710732237736379	0.00188546315404588	0.00392162894297094	0.00769953461837272	0.0157977979062157	0.0305495954487287	0.0493196990962107	0.0730782409047535	0.103443270862395	0.121548783644913	0.139282192751772	0.138473749371695	0.124188664706154	0.0931362963160185	0.0541924607064852	0.0274357636481205	0.00980588182302625	0.00401908159022558	0.00109498518241546	2.02918642161505e-05	1.31832493633589e-05	
5.19226321312982e-05	0.000220671186558017	0.000476350814477289	0.00149146449619575	0.00304914346013469	0.00641506742337347	0.013059197569811	0.0242845821775303	0.0416186120083936	0.0640638742780001	0.0914248724093098	0.120820293672309	0.13972839218685	0.14367634787744	0.133533209243487	0.0988849483632046	0.0650515843483159	0.0324031315116357	0.012907887677186	0.00548229569362081	0.00117101269587026	0.000164552786173685	2.0585487991449e-05	
7.26927612286413e-05	0.000264575455282622	0.00126852142792683	0.00229185213689868	0.00555582260503875	0.0107502770511048	0.0201336682352149	0.0352609663579211	0.055137917814743	0.0843006818842959	0.114347416125979	0.136431084053396	0.146878671066303	0.139312075001117	0.111358630326922	0.0725920391865064	0.0395836315810361	0.0167860028582008	0.00539000452266855	0.00194331981684568	0.000303606883834217	5.37009587454827e-06	3.11727516620119e-05	
2.0151601024815e-05	0.000274035258672977	0.00114930414002711	0.0019268642716754	0.00401427846993666	0.00942935836374303	0.0166952037200916	0.029566508569402	0.0479291246979746	0.0755979357866582	0.104958420750846	0.131731148475538	0.151278731774899	0.144671393012565	0.124736023969799	0.0813888695548419	0.0439580661091832	0.0207666225850394	0.00702031400701992	0.00233758571887854	0.000538790174768737	1.85606851544348e-06	9.4129188997491e-06	
1.19424517136821e-05	0.000252251118974552	0.000543779634696325	0.0015089951209777	0.00289498298930447	0.00692264117669773	0.013951968255371	0.0257687588382436	0.0433264186537911	0.0650101955364158	0.0968155983281098	0.125356996372547	0.148969744594747	0.152276476780357	0.130013225601803	0.0936102442881576	0.05343013088529	0.0254261431679689	0.0100121534350273	0.00312242034749615	0.000774932422310039	
4.36554189943548e-05	9.64876527923278e-05	0.00036431954770364	0.00092843146341748	0.00257684959685597	0.00518503146139858	0.0114857014082085	0.0215993379059217	0.0385481282640783	0.0582734294897468	0.0905346530292207	0.121369668450858	0.14690612210224	0.154487219908864	0.138400132460767	0.101846388248223	0.0601087924504704	0.0301727115875247	0.012285919659084	0.00361055223580638	0.00108928791718947	8.71797406343722e-05	
6.59443655872385e-05	0.000311122135078253	0.000691700465863776	0.00193163663379897	0.00373281528202792	0.00892902318185076	0.017312672152839	0.0335305637827041	0.0524487926393081	0.0785557377516145	0.117967706510894	0.147165322264392	0.157358734357236	0.148835392588139	0.112575356395478	0.06739761291802	0.0326931874007502	0.0129641159897657	0.00381748940825532	0.0013814499149942	0.000273662613797929	5.99612476049644e-05	
4.31595709648276e-05	0.000260937222622214	0.000663627898505055	0.00160917886606476	0.00258561466422316	0.00666201634388279	0.0125478203426764	0.0252109968475035	0.047704656548145	0.0704587255255866	0.108300562196307	0.143108162240391	0.158829332933854	0.154467840510207	0.126399996832325	0.0805003870502809	0.0394054802096209	0.0143024482827572	0.00440900754764546	0.00198903588513747	0.000444794355203269	9.62181260959e-05	
2.79190013931582e-06	0.000148635445512147	0.000491906215022311	0.000975702624878037	0.00223498253533515	0.00428463608047001	0.0103284351439603	0.0213937989770744	0.0399082182771344	0.0648308460826783	0.0978381519535524	0.136971950311091	0.162651980740143	0.159282423167241	0.133292358875098	0.0921276525876461	0.0465162470640179	0.0188116901910843	0.00520330417393059	0.00194595439710312	0.000569680576046108	0.00018865268084234	
0.00011053275431349	0.000364012162671665	0.000827029123685474	0.00194727519807741	0.00329550355467913	0.00741288255860948	0.0176908012336269	0.0318271945837594	0.0567957978566139	0.0921329159761195	0.129562154669907	0.165432813716369	0.163863248605117	0.142417588677106	0.0983949016597544	0.0557989687226211	0.0223037467213137	0.0072802432534333	0.0018071766272727	0.000551443164464601	0.000169121895250211	1.46472852341803e-05	
8.46409218106277e-06	0.000184162263746027	0.0008077747328282	0.0018365714856748	0.00241963822285736	0.00632595328203365	0.0137261636829832	0.0273212704547757	0.0483273725191678	0.0840508926750381	0.122367291908246	0.15943578361521	0.174587327725008	0.152917750047713	0.105647569945483	0.0594790870029496	0.0275517121902859	0.00999977884146237	0.00217513517291731	0.000605865179025106	0.000209008469825921	1.5426490588066e-05	
3.02881532294193e-05	6.81483447661933e-05	0.000242580572682894	0.000963713966390613	0.00224793166331799	0.00433588680821514	0.0106672122205539	0.0225005183404405	0.043277640762127	0.0726458601739146	0.114720235212291	0.154587154573938	0.180792740094879	0.162494014647902	0.117273526529531	0.066271305306512	0.0311333303779438	0.0121707436815471	0.00280977690572372	0.000630819627714541	0.000111240126406231	2.53319099736961e-05	
7.55526779579244e-05	6.82672411548389e-05	0.000146113482550772	0.000801398048339413	0.0017216566489662	0.00259105210746775	0.00859749000512274	0.018062081905309	0.0386300842398868	0.062357807499062	0.10582717567765	0.149352263956232	0.176448152581871	0.172462748819591	0.131443041308292	0.0754558086315427	0.0368052172362102	0.0135842365813385	0.00455042986100871	0.000897053135253999	0.000105773749141094	1.65946060514727e-05	
8.13980648494844e-05	4.61437190367478e-05	0.000223232151092231	0.00104851052430699	0.00249856668624939	0.00591306577780343	0.0150710286591969	0.0342344198931426	0.0594817039473433	0.0954660461175845	0.145480392866807	0.174492541596045	0.177258034043448	0.14015766723491	0.0860889346000578	0.0407100579151315	0.0155500249638881	0.00520008406596129	0.000803771861097333	0.000166335175996772	2.80401360518291e-05	
2.17557457944444e-06	0.000110410409906805	0.000180300743271458	0.000564969523599477	0.0015317404773401	0.00357827628954124	0.0119493433775986	0.02997669823652	0.0572079573271924	0.088783023012548	0.13802348233617	0.171090856209613	0.182750848168146	0.148272750153344	0.0951783964356474	0.0447776759941254	0.0185845738980817	0.00567539421071446	0.00160421430551784	5.77886997664929e-05	9.91246167759372e-05	
