# <P(U)> as a function of N_tot.
# number_of_species: 1
# species_total_upper_bound: 445
# species_total_lower_bound: 421
# volume: 729
# Bin widths for each
10	10	10	10	10	10	10	10	10	10	10	10	10	10	10	10	10	10	10	10	10	10	10	10	10	
# Bin lower bound for each
-2140	-2150	-2150	-2160	-2160	-2170	-2190	-2190	-2200	-2210	-2220	-2220	-2220	-2230	-2240	-2250	-2250	-2260	-2270	-2270	-2280	-2290	-2300	-2300	-2310	
# Bin upper bound for each
-1920	-1930	-1930	-1940	-1940	-1950	-1960	-1960	-1970	-1980	-1990	-2000	-2000	-2010	-2040	-2040	-2040	-2050	-2060	-2060	-2070	-2080	-2090	-2100	-2110	
# Normalized histogram for each
4.32987653977155e-05	0.000324305577011532	0.000746414144205342	0.00288165250717258	0.00679322816012449	0.0126446537774148	0.0277015274673007	0.0461657311377305	0.0652177318670645	0.088116904055593	0.1125742878441	0.121620248504452	0.123032136387195	0.115575827887625	0.102878084166708	0.0751650248674166	0.0515282505949773	0.0283039025024946	0.0132745529021705	0.00438982030794778	0.000880335702508326	0.000140122637769491	1.95823562100221e-06	
2.04261699246759e-05	0.000305023784906113	0.000620471233845953	0.00172295796209998	0.00460062626215831	0.00975328555996134	0.0202492835047096	0.0393023725943973	0.0584127391915027	0.0791374049498716	0.103979207422491	0.121405783764775	0.122264630507432	0.122070897761755	0.108323137796627	0.0873169278198117	0.0593669782534993	0.0359207885765065	0.0166342725861847	0.00677264409399407	0.00150437688599881	0.000294073673193916	2.16896443530063e-05	
0.000114804235338681	0.000587043435692803	0.00133327096539423	0.0036802987493735	0.00719026635103489	0.0149632006587388	0.0308424391045311	0.0516292981658721	0.0710603837982679	0.0936345218627581	0.117822065728238	0.126945147848999	0.123784593500809	0.116139798221659	0.0944075231569623	0.0682662237292854	0.0430060624345436	0.0221934713894198	0.00937123428825385	0.00262237042826251	0.000373270031958707	2.83364355826872e-05	4.37547902379729e-06	
1.02785924225594e-05	0.000447170682464275	0.00152673435933066	0.00291195638056084	0.00635704985293826	0.0112604575593285	0.0230800082519447	0.0415573874060664	0.0635849300884405	0.0861649211574858	0.108526258533178	0.125274342380329	0.125979619939182	0.119937364957205	0.107448978987961	0.0790004307664642	0.0510362222788179	0.0279393945119999	0.012640903668928	0.00427184530531521	0.000931718064646948	0.000101436210069096	1.05900649202127e-05	
0.000161128736016029	0.00103763149106696	0.00235901235598597	0.00495763065620304	0.00913205460010018	0.0191723367841042	0.0315034855568542	0.0563180414092503	0.0793870011688095	0.100677596426782	0.122934233594924	0.12766300717983	0.125022958757722	0.110472428619135	0.0892084446485223	0.0601993237602271	0.0359848263483052	0.0162697236600434	0.00590342711638003	0.0013898397061279	0.000204019869761229	3.55860744698614e-05	6.26147937886125e-06	
0.000141963322724569	0.000486361580479432	0.00195424784083209	0.00381903083058174	0.00709702711613366	0.0152072643802322	0.0265755133045831	0.0448326593095633	0.06903414409474	0.0936038430123809	0.115534018181246	0.129361618584832	0.131408541242468	0.11704435882695	0.0979563494364543	0.0702573481292734	0.0432543916472964	0.021474256489101	0.00797862866950856	0.00250284133740012	0.000414499767225712	5.94361394922704e-05	1.6567565015267e-06	
1.58171819496361e-05	0.000111332551658406	0.000282158116714475	0.00153345027843343	0.00300893823849657	0.00618033424256618	0.0115866470329518	0.022745311736247	0.0379260306934967	0.0609694197747429	0.0857579032335422	0.108329736200019	0.124741338051956	0.134076536792296	0.126727669965825	0.1053735559168	0.0775364381951269	0.0518003524680416	0.026067838362687	0.0108994670119915	0.00348549462368883	0.000775246008202484	4.10226267338948e-05	2.79606958335502e-05	
5.79581073086194e-05	0.000202955414501486	0.000926411366646048	0.00214332754228442	0.00451624265753432	0.00904615853052525	0.0181502751683591	0.0325830683552612	0.0518233232811391	0.0773571347960681	0.103146553808899	0.121861512367832	0.13201346668868	0.131157564216665	0.114667360259228	0.0893666056405891	0.059077882431163	0.0326251083908442	0.0135211774638471	0.00445144794249739	0.00115273369412935	0.00012397728940136	2.61219638574059e-05	1.63262274108787e-06	
4.80611168134009e-05	7.50640084402173e-05	0.000417234978457637	0.00169292009370809	0.00312538319168738	0.00643263287362254	0.0141648302853148	0.0266558843180002	0.0436657916587866	0.069338992387099	0.0936932832221462	0.116448962570063	0.132597296305249	0.133846986099455	0.123759491692732	0.100414786581941	0.0684903156849621	0.0397561155252219	0.0173554032937281	0.00621791958236602	0.00137382249004344	0.000392146470938692	2.76074339766705e-05	9.06813524781148e-06	
2.30066028950309e-05	0.000146342000154044	0.000191955091111149	0.00124725796303539	0.002688171505222	0.00473265827292433	0.0104677042311143	0.0215203763480119	0.0371135515893061	0.0586219244923293	0.0861844349328257	0.113125967152573	0.128976216174042	0.139304380357162	0.129950595821001	0.109658071866626	0.07812672236932	0.0442880106590592	0.0218998852670717	0.00843242010457001	0.00266836582099062	0.000525450804380857	8.73250622928781e-05	1.92055119819388e-05	
2.21893349382274e-06	9.64227463679337e-05	0.000303086143133515	0.000606474868107097	0.001893658015751	0.00395625755887259	0.00792764420974852	0.0156207874934453	0.0314494487110165	0.0513056759411026	0.0751255235548364	0.10565391314469	0.124686815187954	0.140622489516296	0.136734514592665	0.122146438919367	0.0904113529513278	0.051922438591772	0.0256533927039248	0.00929591929053031	0.00360667467298215	0.000952729353756801	1.58351162968259e-05	1.02877825622691e-05	
4.04486531926347e-05	0.000236359049211507	0.000395600085391601	0.00136320132704268	0.00320576005164353	0.00645350090243397	0.0132416224812797	0.0252751989491522	0.0426416647685081	0.0659999448427456	0.0932551870801282	0.122754001709875	0.141483668856273	0.14316657797244	0.131601633880446	0.097740084717457	0.0621521134932009	0.0304490515505828	0.0123045620156504	0.00503769589762814	0.00104553639919144	0.000140548855538044	1.6036460987989e-05	
8.42028446527685e-05	0.000251693285646862	0.00109433189771551	0.00240567933949987	0.00567047176067436	0.0112017240837525	0.0208137635447852	0.0370385737502513	0.0571585790749626	0.0866468627270922	0.11526921978234	0.138090733039661	0.147491858612034	0.136340879962438	0.10961013777843	0.0710787940322149	0.037093997120222	0.0157728809281269	0.00495057811659592	0.00167093833392469	0.000235727287325021	4.16946452990762e-06	2.42032331248296e-05	
1.57133212058196e-05	0.00027560338378102	0.0010991054675018	0.00187588109605791	0.00430762092977169	0.0097733756586802	0.0177037441432989	0.0311373932489163	0.0505594717677621	0.0770148121829101	0.107587869770888	0.13343721354848	0.15047955092155	0.142088430643416	0.120667038755356	0.0811247760722507	0.0426705575055351	0.0193469233575522	0.00636709977886602	0.00197326233668871	0.000485769054908857	1.44727958474654e-06	7.33977503692889e-06	
9.34371025029931e-06	0.000199540123345281	0.000468119883539995	0.00140467110762833	0.00301698022081887	0.00741797156771262	0.0140853317453179	0.026661861923218	0.0447145330408129	0.0678388662632675	0.0986581601528548	0.128379464269029	0.149065712030172	0.150215611304976	0.126292702313129	0.0927237621348841	0.0523017295830587	0.0239538470546757	0.00930405139123693	0.0026454120098653	0.000642328170206687	
3.42466457827261e-05	7.56922861744337e-05	0.000289810954401568	0.000848350093278402	0.0027401430337386	0.00531800016043474	0.0114986455605857	0.0215678793201681	0.0396426007704981	0.060320581514216	0.0928323724389577	0.123880196388573	0.148153046511676	0.152651595400048	0.134275955975063	0.1006733116815	0.0607917042899837	0.0290843495914056	0.0112438011514278	0.00311017135664025	0.000899154426661785	6.83904487853239e-05	
5.18122271746445e-05	0.000244447430772682	0.000587409628796561	0.00190949006855667	0.00395040128927625	0.00905037998188105	0.0172923052711021	0.0337547973574742	0.0539038264913771	0.0802969954528895	0.119965335882727	0.149110480121529	0.155824302387195	0.146279815662928	0.109582349505663	0.0686687783300214	0.0324880037321155	0.0121681066616524	0.00344975414740528	0.001159081421331	0.000215015633087677	4.71113150444006e-05	
3.39035031650009e-05	0.000204976225557207	0.000530740161167093	0.00148076401285181	0.0029397551337628	0.00653933257377045	0.0128122064223603	0.0261717418759379	0.0486495571134578	0.0713269571937687	0.110726249325948	0.143745254675962	0.159446827539308	0.151403091812864	0.12350942522572	0.0803634331122763	0.0393502512850931	0.0144790768210873	0.00412565198147314	0.00173581788987292	0.000349403075431355	7.55830391660111e-05	
2.18192495445751e-06	0.000116577133281016	0.000402305401126642	0.000932513165059817	0.00232686711214648	0.00478038977283979	0.0108698306171658	0.0216180968440118	0.0414453528063555	0.0654312538307069	0.0994265797318497	0.13820302271415	0.162222483822325	0.157633272235971	0.129741309938388	0.0915305050252329	0.0475993162886205	0.0185252701716624	0.00501302453346029	0.00158168778960508	0.000450723354877937	0.000147435786208343	
0.000113111786884248	0.00032661425997223	0.00067867072130549	0.00194314812894871	0.0036143827308514	0.00806857012496149	0.0185105796093901	0.0329049290660825	0.0580671602029694	0.0936196683481842	0.131771521399118	0.163792333967904	0.164037957220211	0.138322040176204	0.0973734531406595	0.0562041550083079	0.0218693742257355	0.00659027221671328	0.00161345960297869	0.000434955634101285	0.000132193437905021	1.14489906124638e-05	
2.55692228887196e-05	0.000233411993175033	0.000669149745888607	0.00161277077647895	0.00274237872708557	0.00680682420278664	0.0145519646181369	0.0284323392740929	0.0497692722447465	0.0856744025766986	0.123382428363207	0.159938565963396	0.172581114381001	0.150049854679815	0.104490698213783	0.0601197148893723	0.0272138225733587	0.00909786901216013	0.00196257047715989	0.000470855648050363	0.000162433527977716	1.1988888740354e-05	
2.35252401231953e-05	7.66708962196864e-05	0.000275673041079988	0.000856532606303609	0.00215790611675491	0.00506134847959581	0.0118993872530411	0.0244489265967596	0.0447164556274406	0.0749600765981818	0.115955266969772	0.155958868470169	0.176164804144891	0.158751528338611	0.116417644871102	0.0672351362720921	0.0305050719348376	0.0114034324180803	0.00250811139586157	0.000517555282710296	8.64017909979172e-05	1.96756553757633e-05	
5.86430111929612e-05	5.29881493993542e-05	0.000211219559957505	0.000775239664038378	0.00153152506910189	0.00292953256807694	0.00952676660762223	0.0205552131804356	0.0398178715623807	0.0644231177033302	0.108542768295703	0.151316980659849	0.175620320012818	0.167740374823089	0.128745285651678	0.0747655457648489	0.0360044003202327	0.0124424761802037	0.00407233824869977	0.000772412233141574	8.21002156701456e-05	1.28805185298825e-05	
6.27646374376578e-05	5.95109522193177e-05	0.000259770029528768	0.00104758168271783	0.00255729162402765	0.00622346016198314	0.0163920661299975	0.0371116385579751	0.0610318926225102	0.0977969612259382	0.148905638720449	0.17689341913826	0.173453539159361	0.135670067082593	0.0834828454169955	0.0393762034699398	0.0142207035559001	0.0045747863745739	0.000729980022372759	0.000128258172155214	2.16212630638085e-05	
1.68350327772827e-06	8.74369514870121e-05	0.000176346968342037	0.000624684934992047	0.00181828875890139	0.00396759634978611	0.0126135430894242	0.0315660021142697	0.0593480149549805	0.0925875245462669	0.140591042226366	0.174520788161521	0.180067194928951	0.142941212802074	0.0908514117911097	0.0440500206702637	0.0175433667813869	0.00511300989237048	0.00137889440341431	7.52315527234822e-05	7.67046180914944e-05	
