# <P(U)> as a function of N_tot.
# number_of_species: 1
# species_total_upper_bound: 445
# species_total_lower_bound: 421
# volume: 729
# Bin widths for each
10	10	10	10	10	10	10	10	10	10	10	10	10	10	10	10	10	10	10	10	10	10	10	10	10	
# Bin lower bound for each
-2140	-2150	-2150	-2160	-2160	-2170	-2190	-2190	-2200	-2210	-2220	-2220	-2220	-2230	-2240	-2250	-2250	-2260	-2270	-2270	-2280	-2290	-2300	-2300	-2310	
# Bin upper bound for each
-1920	-1930	-1930	-1940	-1940	-1950	-1960	-1960	-1970	-1980	-1990	-2000	-2000	-2010	-2040	-2040	-2040	-2050	-2060	-2060	-2070	-2080	-2090	-2100	-2110	
# Normalized histogram for each
4.22363712886911e-05	0.000316348298521578	0.000728099857818366	0.00281094724295189	0.00662654706628075	0.0124223747495266	0.0272710061743632	0.045834952571102	0.0653063442213322	0.0884514512013913	0.11241369400789	0.122031382685083	0.123581499959992	0.116475389672974	0.103141006443912	0.0749570366961904	0.0508796520232389	0.0280493015186629	0.0133040324697941	0.00435936657328679	0.000858735468512785	0.000136684538240789	1.91018764622221e-06	
1.99575685632495e-05	0.000298026165606875	0.000606236863624893	0.00168343119571657	0.00449600812622812	0.00955720636424229	0.0199196080333534	0.0389474007993109	0.0584787621122638	0.0795702086172872	0.104055470518711	0.121644878111207	0.122892226146411	0.122321686583257	0.108683980440348	0.0875635234490629	0.0588155718002848	0.0355026627408552	0.0164748699748977	0.00668228775048677	0.00147747731806902	0.000287327262871937	2.11920573403577e-05	
0.000112314305570942	0.000574311353804229	0.00130435434001536	0.00362504103497938	0.00706010578539957	0.0148315015332126	0.0305177944283339	0.0513899099151619	0.0713124497350167	0.0939170796323714	0.117957029280503	0.127558169790489	0.123966965733232	0.116180791787317	0.0948298626820024	0.0679992796392815	0.0425315522173361	0.0220575308117787	0.00930700340846399	0.00256977577192899	0.000365174371016957	2.77218612661491e-05	4.28058151903773e-06	
1.00495554746628e-05	0.000437206418478514	0.00149271427530219	0.00285590094670873	0.00631041026345874	0.0111347044446037	0.0229614070677001	0.041334024688611	0.0635721682941194	0.0864036417152784	0.108993113719755	0.125511334578937	0.126464316667787	0.119989459132924	0.107720474558281	0.0787887179426794	0.0504720144242589	0.0276908902911346	0.012657871918314	0.00417909241753934	0.00091095667504671	9.91759161489454e-05	1.03540874587435e-05	
0.000157586670372267	0.00101482141419135	0.00230715458793076	0.00498367845052294	0.00906715325293487	0.0191495361756838	0.0314712011890853	0.0560508433387431	0.0794390935173804	0.101065720683955	0.123415164430566	0.128077749833814	0.125143616673282	0.110633395330352	0.0891329191511998	0.0596239986127474	0.0356667421599356	0.0161998893014879	0.00579998556816374	0.00135928709586648	0.000199534935607372	3.48037918373983e-05	6.1238343408912e-06	
0.000138809649042431	0.000475557200256965	0.00191083479677447	0.00374441812584699	0.0070823295114275	0.0152166154441175	0.0265674175988563	0.0448614358749539	0.0688901859755681	0.0939700825213745	0.116106931015857	0.129927350208847	0.131597925853778	0.116870434709095	0.0979634670418206	0.0697440020006409	0.0428330533009815	0.0212788813420494	0.00790799886805844	0.00244724144931043	0.000405291776161088	5.81157830418348e-05	1.61995214053895e-06	
1.54591476564032e-05	0.00010881245221378	0.000275771246902934	0.00149873943117917	0.0029500043185877	0.0061452605345115	0.011634953471955	0.0227604532263042	0.0377622095849508	0.0607804814995892	0.085955952799133	0.108559221401524	0.125495166473078	0.134532284983702	0.127020834742111	0.105250764330181	0.0772331037998984	0.0512582449618638	0.0257698007246052	0.010739619481558	0.00342774184938881	0.000757697708036742	4.00940474701554e-05	2.73277835990611e-05	
5.66718705678332e-05	0.00019845132140743	0.000905851959305207	0.00210773462279133	0.0044906470959807	0.00898728065716222	0.0182214032294386	0.0323434746381905	0.0515712026678882	0.0772830707054421	0.103305835835759	0.122649501741513	0.132810628450137	0.131506177682877	0.114785880602546	0.0891314826309198	0.0584384764485974	0.0322417047297765	0.0133103067275198	0.00437870019672522	0.00112715162289579	0.000121225920316756	2.55422515235305e-05	1.59639072022065e-06	
4.70696479812006e-05	7.35154879370952e-05	0.000408627698721492	0.00166135134887105	0.00314587081266389	0.00634660687538552	0.0141164538615318	0.0266661890626913	0.0433033853931534	0.0692005728484706	0.0936110699128343	0.116522048380296	0.133791971299554	0.134433085561469	0.124093354209758	0.100056552652533	0.0681835921522562	0.039394038969524	0.0170689147998913	0.00611027185040654	0.00134548144700979	0.000384056750404261	2.70379109996833e-05	8.88106565683029e-06	
2.25012133534722e-05	0.000143127283200565	0.000187738384457884	0.00121985925784541	0.00265494751298491	0.00471263455847875	0.0103874405662244	0.0213286066436691	0.0368810539881395	0.0579784851224423	0.08603456323335	0.113365417454739	0.129891091192428	0.139822931103926	0.130842990348643	0.109503230929659	0.0778647639901539	0.0440889752761559	0.0215539122712911	0.00828788169762067	0.00260974942355315	0.000513908146720825	8.54067793807881e-05	1.8783621582029e-05	
2.16832724394766e-06	9.42236747824527e-05	0.000296173789457396	0.000592643259902603	0.00185047018205078	0.00389796246231299	0.00796071779516601	0.0154861931762742	0.0311853752241015	0.0507989793092301	0.0745708436862746	0.105637749394593	0.125906089747065	0.141739412403029	0.136762017214547	0.122386204707833	0.0899646858340224	0.0518501252208983	0.0254073744809567	0.00911742181948281	0.0035366402952079	0.000931000870287707	1.54739716954446e-05	1.00531535855755e-05	
3.94766827384616e-05	0.000230679403678788	0.000386093919813287	0.00133044395916037	0.00312872648420863	0.0064268238875401	0.0132338600679198	0.0250962044764564	0.0424799012843679	0.0658460102332334	0.0930730583802318	0.123383375013134	0.142064219790219	0.143359573364723	0.131975136069945	0.0975600419409847	0.0619360242474558	0.0301540049194327	0.0121753665898466	0.00494774423655385	0.00102041243563357	0.000137171503656877	1.56511090655012e-05	
8.21513493756001e-05	0.000245561098677066	0.00106766989206622	0.00234706802032512	0.00554581138248617	0.0111557166921422	0.0206058999352909	0.0369102639379984	0.0569062793991204	0.0864516947089173	0.115838462666478	0.13874628706658	0.147762695310368	0.136852936583325	0.109579283890259	0.0706695077010937	0.0368664101983558	0.0155199575194182	0.00495249608144016	0.0016361810417307	0.00022998409160947	4.06788082656957e-06	2.36135521152087e-05	
1.53192866896664e-05	0.000268692225754281	0.00107154379002983	0.00182884063335978	0.00422530115248405	0.00971071441997401	0.0175359471597488	0.0310640867240945	0.0501582673806126	0.0768792355434058	0.107977185953867	0.134414041819435	0.150866552585014	0.142618225335218	0.120479941157814	0.080718934124346	0.0422971552588541	0.0191273388494188	0.00632112067032361	0.0019394015379556	0.000473587685228569	1.41098693194296e-06	7.15571944056787e-06	
9.11791654391249e-06	0.000194718173304442	0.000456807618850016	0.00137072678710151	0.00294407394184552	0.00728724152226251	0.0140493923617795	0.0266429573820476	0.044685288018774	0.0677338613890275	0.0987261662727051	0.129357806901979	0.149228482426128	0.15046720204371	0.126196321305653	0.0924815078521471	0.0519819513881319	0.0237067856345401	0.00919268345957258	0.00266010149659456	0.000626806107302073	
3.34696173266882e-05	7.39748899472748e-05	0.000283235380260082	0.000829101721705258	0.00267797142358042	0.0051973390749641	0.0115396807943295	0.0212775302678916	0.0394742475919465	0.0604818097152751	0.0929523639902297	0.124290579800312	0.148575953215707	0.152553008134625	0.13448072139991	0.10060484523468	0.060509751317728	0.0288444780458407	0.011222473249936	0.00313157017131419	0.000899056237198876	6.6838725292035e-05	
5.05588346776964e-05	0.000238533989248619	0.000573199569482049	0.00186329748708631	0.00385483690986397	0.0089389415812111	0.0171257831010037	0.0335057485993358	0.0540526795135303	0.0805595696256482	0.119804194707956	0.149051034606276	0.155953562059374	0.146097281779543	0.110233417275625	0.0687870397064357	0.0322389855285059	0.0121396050088548	0.00350431560041209	0.00117162869551924	0.000209814177834069	4.59716425767614e-05	
3.30952800968933e-05	0.000200089812695896	0.000518087886287451	0.00144546419065391	0.00286967453170432	0.00640095103892359	0.012666079858	0.0258466040852126	0.0484791200663363	0.0717428753806843	0.110877892282049	0.14390222500479	0.159325435200403	0.151094932545848	0.123984230453265	0.0806739454016942	0.0391815729528773	0.0144755921297197	0.00414743572810578	0.00171984126815446	0.000341073681732509	7.37812207664685e-05	
2.13079294110914e-06	0.000113845222853546	0.000392877631808315	0.000910660316497837	0.00227233847219711	0.00467079959324177	0.0107419360141144	0.0213803763710892	0.0412554997287805	0.06560508533014	0.0997292269503503	0.13819764951216	0.162138021402496	0.157237502036937	0.129914547085755	0.0918704567182177	0.0477306750778196	0.0185143583989668	0.00514403855882906	0.00159383311994964	0.000440160941834832	0.000143980723020661	
0.000110304622704434	0.00031850847474448	0.000661827736226602	0.00189492383708741	0.00352664657819967	0.00798669562912505	0.0183940970176194	0.0326969986804797	0.0582430117317805	0.09425307746796	0.131699480999693	0.163817147809848	0.163552912931093	0.138055384292208	0.0973819244321328	0.0563158338719342	0.0219919712294117	0.00679019543870226	0.00174481857732468	0.000424161074935606	0.000128912712757665	1.11648540319389e-05	
2.49454873820342e-05	0.000227718142076661	0.000652826510035228	0.00157342885350333	0.00267548115290797	0.00667296962881736	0.0144273934160061	0.0282545425111473	0.050058140582002	0.0857500611216195	0.123773711927856	0.159756904672838	0.17257381328313	0.149227735324446	0.104830460737977	0.0604297703793764	0.0272242214264968	0.0092206180974232	0.00201406345842167	0.00046102572945884	0.000158471125236076	1.16964318430285e-05	
2.29469446821134e-05	7.47861788048877e-05	0.000268896469956765	0.000835477395016946	0.00210486065311385	0.00501943554062428	0.0117906616991399	0.0243580774757693	0.0448786956706312	0.074952439849539	0.116048435993618	0.156672350903009	0.176065126766745	0.157560397662207	0.116561300207263	0.0674157244772869	0.0305342476369601	0.0115404356978109	0.00268656570080543	0.000505667217358571	8.42778695597618e-05	1.91919900977675e-05	
5.73214602846727e-05	5.17940337572221e-05	0.00020645961677533	0.000757769233013271	0.00149701135118453	0.00289954465264986	0.00945138756318795	0.0204681627909	0.0399450737578772	0.0643594096503749	0.108680465102234	0.151845571891603	0.175179910056487	0.166929918885016	0.128354111509689	0.0752404558489129	0.0361838647254481	0.0126591374246184	0.00436564335918088	0.000774146793094607	8.02500443985418e-05	1.25902493125263e-05	
6.13807066479514e-05	5.81987636611847e-05	0.000254042222330568	0.00102448299841673	0.00250603671038417	0.00609650011932286	0.0166271917556884	0.0370512626411666	0.0611425741405546	0.0977526757831044	0.149358248289064	0.176834736553083	0.173104267652727	0.134944765062266	0.08354191311756	0.039646906971791	0.0143744787643797	0.00465374558312954	0.000820017500686427	0.000125430139671901	2.11445243636756e-05	
1.64980327127117e-06	8.56866574016465e-05	0.000172816892665655	0.000612180126346059	0.00178189064567732	0.00393581192902629	0.0125529406402845	0.0318942030656232	0.0591552429819947	0.0924381679512104	0.141064263343248	0.17465776377828	0.180203474361954	0.141845754530308	0.0909715959557548	0.044060574176908	0.0178582955098748	0.00514903600963733	0.00140831331743885	7.51691615472927e-05	7.51691615472927e-05	
