# <P(U)> as a function of N_tot.
# number_of_species: 1
# species_total_upper_bound: 445
# species_total_lower_bound: 421
# volume: 729
# Bin widths for each
10	10	10	10	10	10	10	10	10	10	10	10	10	10	10	10	10	10	10	10	10	10	10	10	10	
# Bin lower bound for each
-2140	-2150	-2150	-2160	-2160	-2170	-2190	-2190	-2200	-2210	-2220	-2220	-2220	-2230	-2240	-2250	-2250	-2260	-2270	-2270	-2280	-2290	-2300	-2300	-2310	
# Bin upper bound for each
-1920	-1930	-1930	-1940	-1940	-1950	-1960	-1960	-1970	-1980	-1990	-2000	-2000	-2010	-2040	-2040	-2040	-2050	-2060	-2060	-2070	-2080	-2090	-2100	-2110	
# Normalized histogram for each
5.48174407059164e-05	0.000410579876242052	0.000869503776825252	0.00286483107206799	0.00647451822287367	0.0134337162795265	0.0287003735161242	0.0451480849086346	0.0629178882944517	0.0842155658668049	0.106426683807906	0.118198935797896	0.119784096413686	0.114421353018396	0.106835335432465	0.0800101866781774	0.0557351507748197	0.0320128344432029	0.015181263233488	0.00501221478575127	0.00111218802437255	0.000177399154847287	2.47918073544346e-06	
2.57624866058309e-05	0.000384710946892227	0.000759063780613038	0.00171280697031962	0.00461812491857925	0.00984512097678601	0.0212338664087585	0.0394330712509374	0.0569053490225991	0.0761593550560673	0.0992891545641631	0.116737263405092	0.12071743478937	0.120009364796678	0.108912240089377	0.0909701289279658	0.0638471439959662	0.0391263117454762	0.0192489597732051	0.00784281802295756	0.00182369189978286	0.000370900129330339	2.73560424783565e-05	
0.000144505202777385	0.000737605957915417	0.00152386112656623	0.0037200254969071	0.00732688584862647	0.0156015789619307	0.0318370400928505	0.0501187840634627	0.0679502277923893	0.0893130010229447	0.113900259676636	0.12476608056388	0.122198556180594	0.115689003298312	0.0979675775958189	0.0714672641296781	0.0464209195277801	0.0248556816573986	0.0108356609991866	0.00311446739670206	0.000469838603948611	3.56673458760877e-05	5.50745781910178e-06	
1.28683082035205e-05	0.000559836398308714	0.00175047986441223	0.00292864497104566	0.00655139868761454	0.011698981934845	0.0234539865043943	0.0416966981350962	0.0603912303649439	0.0826605526171474	0.103722333624798	0.123138530977332	0.124141219153918	0.119610794768812	0.109766409010207	0.0820884978251909	0.0543851099895897	0.0310078134027719	0.0142224701718465	0.0049830248817188	0.00108886684667567	0.000126993304190298	1.32582569369605e-05	
0.00020211291776439	0.00124723567387248	0.00265692091441958	0.00496354767862056	0.00931133164923355	0.0194644950174715	0.0315298769755425	0.0545262428700872	0.0763832364613798	0.0962329765028025	0.118780609831223	0.126499255035871	0.123658809308818	0.111663067293915	0.0932194781350214	0.0633713010652555	0.0391583305996601	0.0182774743320522	0.00694619162451399	0.00160027876921611	0.000254735581586466	4.46376327445966e-05	7.85412892866802e-06	
0.000166491711842587	0.000584669022398849	0.00230685825074873	0.00395761967760607	0.00751004891765452	0.0153225621074474	0.0261388091530961	0.0438160212039273	0.0686531560763696	0.089730850953165	0.111837106171453	0.126389286972621	0.130066909668376	0.117397046239631	0.10067943423467	0.073324794031441	0.0460737890747411	0.0233593585939268	0.00918068026019979	0.0029400981781625	0.000487786949828982	7.45446510122034e-05	2.07789967978267e-06	
1.98446204626716e-05	0.000128029809436591	0.000323403298636828	0.00176655531060608	0.00343567993623091	0.00641352527391658	0.0119122775594087	0.0222706573216855	0.0365756839896547	0.0591807551735886	0.0835692816029742	0.104547349968588	0.122391632688622	0.132088226365921	0.128536935511769	0.107223557075241	0.0802981199718693	0.0540991240072409	0.0279563331289551	0.0120998412302333	0.00416506576059117	0.000911572243188526	5.14679833935095e-05	3.50801677856259e-05	
5.91793742203886e-05	0.000251576387378449	0.00112018101202878	0.00245338215247425	0.00479135171583038	0.00902434219307489	0.018068154656456	0.0323189834879298	0.0498437638901805	0.0756665941655286	0.0994273691027818	0.118091800787367	0.129258641277434	0.131770818522478	0.116913849433838	0.0925834409962425	0.0619427435711601	0.0347649361951556	0.0150371971828568	0.00506803450439324	0.00136022894988378	0.000148588904968941	3.27920342000422e-05	2.04950213750264e-06	
5.09796483943745e-05	7.98765283010868e-05	0.000515348722877786	0.0019323053362947	0.00346484946933845	0.00639239363455996	0.013889682816994	0.0263590019648616	0.0428796889131	0.0678337220531523	0.0909340645127261	0.112662373019349	0.129798348991278	0.13300956209113	0.125953171154958	0.103086022730614	0.071119764191365	0.042261497582694	0.0186503491411885	0.00699254018843037	0.00160257805596177	0.00048594709397707	3.4575306089254e-05	1.13568523650834e-05	
2.88143821350831e-05	7.8550511298683e-05	0.000197315877664156	0.00142004791957029	0.00289095948760512	0.00479947382432623	0.01042003225958	0.0210471522307656	0.036427517734939	0.0574969697918787	0.0848311696446748	0.110460184474686	0.126070062796561	0.137062123181484	0.131934541240584	0.111366334152873	0.0804865872183159	0.0466532408349907	0.0232708708520601	0.00934550636578605	0.00295359944876834	0.000625522652175956	0.000109369372190989	2.4053745086678e-05	
2.7738478098139e-06	8.23328463549307e-05	0.000288228004237935	0.000722839522439231	0.00212577609424829	0.004096216711147	0.00776059575190251	0.0159822806601909	0.0310904210083164	0.0500540837280918	0.0741453302082996	0.103777842024576	0.121333272644905	0.13837465883248	0.137445671984175	0.123597993297627	0.0928493859898747	0.054099614674714	0.0273492568168256	0.00974314043197132	0.00397744559129042	0.00106818357476106	1.97951866427628e-05	1.28605671182281e-05	
5.06097839959083e-05	0.00021509158198261	0.000471207761598267	0.0016142731859907	0.00331992514864068	0.00652137739383639	0.0133157408952871	0.0247457561267872	0.0424090819512986	0.0647208397543432	0.091749020457855	0.120704079225272	0.138655599653093	0.142942734006989	0.132542679000799	0.0989909482612089	0.0649130546915398	0.032284696904905	0.0130248624397954	0.00548656067410187	0.00114140399208954	0.000160392118471881	2.00649901195899e-05	
7.06723319984964e-05	0.0002572218209675	0.00127834151519442	0.00247938914656347	0.00584581156285941	0.010903276445714	0.0205192977487742	0.0361880541092841	0.0560845439737257	0.0853381779323033	0.113968367318873	0.135464598637183	0.14592856058669	0.137921703715098	0.111081880072491	0.0728923345859951	0.0394433108574095	0.0166270986499165	0.00548735640146163	0.0018893070087598	0.000295168406436963	5.22083894042946e-06	3.03063333615174e-05	
1.95773431922429e-05	0.000266226107752409	0.00113535710683962	0.00208846460435671	0.00423295647377016	0.00969503522440594	0.0172754597874287	0.0302477680218782	0.0491337218834898	0.0765215234212644	0.10544357043342	0.131031673178924	0.149750189236918	0.14361011617994	0.123760364561042	0.0816355891369959	0.0438240115341463	0.0205730829305273	0.00690771098741035	0.00231321765613607	0.000523436333771548	1.80317634665396e-06	9.14468004374506e-06	
1.15900327263891e-05	0.000244807246809618	0.000527732823474916	0.0015401865711957	0.00313278584594297	0.00718105549912927	0.0142939873614556	0.0263141390801352	0.0438081344773468	0.0659884952184032	0.097725353054933	0.125502411821421	0.14794985842775	0.151382053452458	0.128987148327822	0.0936094748775095	0.0531876904065307	0.0250613853205539	0.00975481543323607	0.00304483037536381	0.000752064345801247	
4.24231761505821e-05	9.37641370775629e-05	0.000354036055623026	0.000919805801222832	0.00280948439534171	0.0053845584479895	0.0115899352861838	0.0221916526222173	0.0388894402344715	0.0590152243147733	0.0918400613135923	0.121728781373245	0.146372824808971	0.153810129915563	0.137369556695645	0.101205518885766	0.0597212580752134	0.0298992940044586	0.0121098421386479	0.00350914830951287	0.00105854105295852	8.47189553757872e-05	
6.39990386258813e-05	0.000301944182234927	0.000671295635921966	0.00195632564225623	0.00397109616594004	0.00900745443634519	0.0174427044504199	0.033828730493863	0.0527502292983307	0.0797715827606029	0.118782215689636	0.147081404000054	0.15651867446504	0.148106524695676	0.111916015084081	0.0672099726407266	0.0324348894987802	0.012785164947108	0.00373529694670306	0.00134069780916269	0.000265589698755137	5.81924197367481e-05	
4.18811045392073e-05	0.000253207778819611	0.000643970011079922	0.00157073353537871	0.00284573780353715	0.00682085658513769	0.0127660522781208	0.0255445280031538	0.0480591438042157	0.0709409557114364	0.109393188902865	0.143369138902718	0.158046352776967	0.153146391622652	0.125901900620878	0.0805023990700602	0.0390954347418747	0.014224846714517	0.00437292523633687	0.00193536810609163	0.000431618722621188	9.33679670002512e-05	
2.70872115340958e-06	0.000144207154738663	0.00047725086988645	0.00095991918207972	0.00224217618141518	0.00454587902902924	0.0105935504575417	0.0221056153595324	0.0405202756807403	0.0651257826914266	0.0988380102198759	0.138209401171406	0.1616123649767	0.157885551629773	0.131966185872961	0.092259171471852	0.0461987871120595	0.0186018200542363	0.00508762325971115	0.00188797864392648	0.000552708102017146	0.000183032157937533	
0.00010734627881161	0.000353518297337865	0.000803187249316804	0.00199914333718112	0.00342902211359686	0.00757719843861874	0.0183472571774488	0.03238512104182	0.0577687621538379	0.0925643669361871	0.130839966850415	0.164799192650613	0.162751842272886	0.141191309245267	0.0977223885613913	0.0554927576165807	0.0222242359710926	0.00716730688075159	0.00176205953121682	0.000535545975028226	0.000164246392243039	1.42250283578575e-05	
8.21075688611018e-06	0.000178650178054236	0.000783597556372805	0.00179550712680455	0.00248534313680048	0.00651298425256288	0.0141407773997592	0.0283594245583738	0.0497050086941321	0.0848887641089276	0.123229555546432	0.159034282558631	0.173154533066175	0.151923237369009	0.104708339347933	0.059160092543176	0.0272243536346505	0.00978179251417349	0.00212009688693126	0.000587731275170274	0.00020275272246185	1.49647665827492e-05	
2.93007821177859e-05	6.59267597650184e-05	0.000234672627688813	0.000965727141527572	0.00223485056334749	0.0046433748534295	0.0109893915186489	0.0234739220375444	0.044077965652025	0.0740603905101692	0.11533174079143	0.155442646915453	0.179229820950912	0.161525089726986	0.116384171610952	0.0654985687899789	0.0305444671333127	0.0118074160812282	0.0027181802829177	0.000610255380289524	0.000107613781596232	2.45061086803301e-05	
7.30320154097552e-05	6.59896424952431e-05	0.000141238701229937	0.000793831924641393	0.00166617326584827	0.00270661865681082	0.00892477311169856	0.0189495909555065	0.0395866127099181	0.0636817003939816	0.10654510313816	0.15048364148062	0.175549794141007	0.170975512104404	0.130654666810992	0.0745565587314339	0.0359846997927717	0.0132764379156141	0.00439861395667897	0.000867124768677612	0.000102244821573657	1.60409605274998e-05	
7.87698831386874e-05	4.46538300736037e-05	0.000216024428674661	0.0010192664811491	0.00245622409847342	0.00610282183227178	0.0157551621276509	0.0359984952054432	0.0602754258776717	0.0960726495422521	0.146298460931323	0.174492415039831	0.175661054510076	0.139063354959486	0.0852656323311644	0.0400241894671231	0.0151772967809462	0.00503218368820615	0.000777819665441387	0.000160964543805144	2.71347757969391e-05	
2.1039946705815e-06	0.000106777729532011	0.000174368558324442	0.000546381116016633	0.00151448166381795	0.0036249198180781	0.0128580374305912	0.0316025259508018	0.0580230445276282	0.0895432516869435	0.138198654442808	0.171862174673112	0.181224293458865	0.146636067570841	0.0945444470189157	0.04420098303891	0.018140116051086	0.00549418758322285	0.00155143307022003	5.58873584373211e-05	9.58632571783696e-05	
