# <P(U)> as a function of N_tot.
# number_of_species: 1
# species_total_upper_bound: 445
# species_total_lower_bound: 421
# volume: 729
# Bin widths for each
10	10	10	10	10	10	10	10	10	10	10	10	10	10	10	10	10	10	10	10	10	10	10	10	10	
# Bin lower bound for each
-2140	-2150	-2150	-2160	-2160	-2170	-2190	-2190	-2200	-2210	-2220	-2220	-2220	-2230	-2240	-2250	-2250	-2260	-2270	-2270	-2280	-2290	-2300	-2300	-2310	
# Bin upper bound for each
-1920	-1930	-1930	-1940	-1940	-1950	-1960	-1960	-1970	-1980	-1990	-2000	-2000	-2010	-2040	-2040	-2040	-2050	-2060	-2060	-2070	-2080	-2090	-2100	-2110	
# Normalized histogram for each
5.76678790927712e-05	0.000431929516521485	0.000914716886212726	0.00301379870635588	0.00664049974578318	0.0134952979668885	0.0292402227950694	0.0454553292002755	0.0621340969449209	0.0840287649699221	0.105931981750869	0.118561681954692	0.119854137938379	0.114308893212853	0.105980521297342	0.0796176069018309	0.0559237879856364	0.0327058015190415	0.015241562486552	0.00510244814636166	0.00117002041124153	0.000186623689124345	2.60809503434644e-06	
2.71134970988558e-05	0.000404885572656625	0.000798869842355978	0.00180262827619094	0.00473424020993114	0.0100700087266328	0.0213511801638773	0.04017689180932	0.0569287004472888	0.0756491725911055	0.0988615405944956	0.116582167592718	0.120707891481163	0.119510005998512	0.108915057606398	0.0904728482085805	0.0635122488717151	0.0397699098322485	0.0196153573083733	0.00780407507475778	0.00188606517190237	0.000390350502046929	2.87906206307438e-05	
0.000152123419303772	0.000776492044994297	0.00160419805420066	0.00388356456921326	0.00745114864225017	0.0157892237536716	0.031935288740465	0.0503578213386364	0.0673268988716087	0.0889905437763438	0.113569657479351	0.125086863576767	0.121482560057691	0.115918459638565	0.0974648673585936	0.0714643245733987	0.0468027991813496	0.0254358087485599	0.0108675755971949	0.00312267138663396	0.000473763679719187	3.75477042201687e-05	5.79780726929075e-06	
1.35417986080125e-05	0.000560548390865004	0.00183963282302182	0.00307385149817432	0.0067026431675881	0.0117750726401227	0.0232046242369744	0.0418641284320594	0.0602534805842069	0.0824658603049941	0.103795013827681	0.123122443301584	0.123907730835004	0.119092595536021	0.109711685532626	0.0818307636288628	0.0542901649062784	0.0318624842662082	0.0145192702529909	0.00489529180387427	0.00107158030601182	0.000133639770101295	1.39521561415887e-05	
0.000212667284375139	0.00130878532132939	0.00272583261514508	0.00514905511126672	0.00933876589891114	0.0195123610792975	0.0314222799558192	0.054251782362582	0.0761195989017883	0.0963433761234418	0.118754981806892	0.126419957006499	0.122955987100572	0.111597019737976	0.0930774732867715	0.0634704408314575	0.0396902715874167	0.0187125172189565	0.00710383108267344	0.00159321404039329	0.000184568757164952	4.69686165621259e-05	8.26427270887846e-06	
0.000174916962197197	0.000550128854585881	0.00233995780162397	0.00407057149000872	0.00770999040549081	0.0153842333506886	0.0263330528112785	0.0435274447715383	0.0681042330450614	0.0896920151634723	0.111423469326496	0.125917836509127	0.130467314814512	0.117777921495303	0.100328658329595	0.0731387579967887	0.0465235458424339	0.0237524136357732	0.00919664814347885	0.00303935276903648	0.000480407662945656	6.49457675552776e-05	2.18305101026143e-06	
2.08452633240906e-05	0.000134485569832843	0.000339172607118429	0.00176835075773205	0.00341485758919554	0.00660673810360822	0.011952270533324	0.0223498878793804	0.036400805729946	0.0585222026261804	0.0834531375617928	0.10427715216585	0.121569979162806	0.132012514689186	0.129290795726909	0.107539772089995	0.0797757641402835	0.0545603922244747	0.0284988371032777	0.0123230472493532	0.00420980179247747	0.000909525908779514	3.28144790392136e-05	3.68490461341988e-05	
6.21043035056132e-05	0.000264010502348537	0.00108991708403357	0.00245096919008192	0.00482141786544552	0.00915339467231108	0.0181489745127702	0.0323567454011226	0.0493793736821319	0.0749737400959095	0.0994226719422167	0.117686579743942	0.12870982476639	0.132617556590866	0.117184502744822	0.0927081482190448	0.062103496956217	0.0352225498306381	0.0150656705960857	0.00504778939597247	0.00134613094221907	0.000147867389299079	3.44127742368766e-05	2.15079838980479e-06	
5.35557434425367e-05	8.39128356414003e-05	0.000519649787858277	0.00185708517298638	0.00344983828551627	0.00649350132868618	0.0139757954552384	0.026392641546902	0.0429843169163769	0.0671285451847421	0.0908037630068209	0.112610230048431	0.129495268933347	0.132909315014088	0.126527830029978	0.103174211795997	0.0708219030264563	0.042955948279999	0.0188028382423005	0.00685168850388849	0.00155324912355496	0.00050665854316182	3.63224596615224e-05	1.19307349253176e-05	
3.03625032062143e-05	8.27708239578104e-05	0.000207917141520816	0.00135720389331778	0.00283691388652846	0.00473364626073232	0.0105435772546832	0.0207960705112372	0.0364624621112263	0.0569768213970633	0.0840530456692972	0.111177585924894	0.126505105586925	0.137018056316635	0.132355695932996	0.111506821068356	0.0804257826232226	0.0466097426936266	0.0233199865929747	0.0094237289299079	0.00278820187051501	0.000647909416243913	0.000115245501300109	2.53460896330137e-05	
2.93038107208258e-06	8.69790381849966e-05	0.000304493233217308	0.000732462068881005	0.00194310904907003	0.0040400631044244	0.00774499717351426	0.0160457011576071	0.0307339698831417	0.049526237300128	0.073163490222384	0.103392901764569	0.121681543234576	0.139327498855819	0.138394971679199	0.124184088670134	0.0929624767367703	0.0540266366311487	0.0273886734910802	0.00965653802648958	0.00375714813182879	0.000868857987872485	2.06458666442182e-05	1.3586312243292e-05	
5.35204928750844e-05	0.000227462094719109	0.000491009976300964	0.00153736264256082	0.00314297742881335	0.00636515437486105	0.0131313069880059	0.0244027768486026	0.041484328699621	0.0641514738070573	0.0910161933279137	0.121327443376062	0.139576579918868	0.143745501947213	0.133630804557621	0.0986321864945902	0.0652402644398898	0.032505995714306	0.0128465401231377	0.00524460284347891	0.00107716749549097	0.000148127424724981	2.1218983286334e-05	
7.50099033345348e-05	0.000273009017541911	0.00130895660143238	0.00234652602107062	0.00565642247631883	0.0107706112009653	0.0204558088277331	0.0353135812660672	0.0549460381458471	0.0835818458734349	0.114133311925101	0.137020387691726	0.146983865302216	0.13962911049202	0.111520804841396	0.07277271607346	0.0394950792827648	0.016220249619443	0.00535178766169534	0.00186808447547737	0.000239085619817643	5.5412721382269e-06	3.21664089975122e-05	
2.07934848539983e-05	0.000282764034165884	0.0011859126328902	0.00198824018992112	0.00410124128896624	0.00935405860096509	0.0167469632620162	0.0298498683033693	0.0477251517171998	0.0755238521791162	0.103963320292718	0.13215545537595	0.15157410784322	0.144671354867905	0.124985670279352	0.0816447974837695	0.0440966886101772	0.0203264522402381	0.00704817057005065	0.00231368558773469	0.000429823219810938	1.91518939444721e-06	9.71274621469656e-06	
1.23316946338083e-05	0.000260472794431884	0.00056150316232607	0.00155817812639631	0.00295015241289473	0.00695041713327287	0.0138922020803021	0.0258592896094374	0.0433356302256412	0.0649724105736334	0.0964348111681855	0.125514317302998	0.148884248822357	0.15217955166617	0.130011138260631	0.0941064502024933	0.0535277758404838	0.0253005268236966	0.00997483375162898	0.00310512070879292	0.000608637639593071	
4.50647531784522e-05	9.96025775956181e-05	0.000376080928176933	0.000958404150179576	0.0026600384038308	0.0052238574697941	0.011472701247617	0.0217402925040805	0.0384226416146336	0.0582493737284939	0.0898921382575801	0.120848375781038	0.147262275645532	0.154546390780157	0.139282972411575	0.101813457093145	0.0599090558095166	0.0302039403375147	0.0122378547445268	0.00363860666278992	0.00105096958914072	6.59055099036223e-05	
6.81846148880501e-05	0.000321691516394903	0.00071519878101509	0.00199725782189829	0.00379870341642577	0.00897037869358547	0.0174247329940241	0.0335284058853947	0.0522744679549121	0.0780099237529242	0.117945800627917	0.147182072422282	0.156810224195586	0.149674374755823	0.113375548620539	0.0669255530249694	0.0326108050424338	0.0128788230286476	0.00383891485597513	0.00131352886313922	0.000273410891651688	6.19982395727635e-05	
4.46351729804052e-05	0.000269858522881532	0.000686316971698707	0.00166419580726942	0.00267401540882611	0.0066268899480908	0.0126503178174465	0.0252576384499119	0.0479140154579657	0.070175364360193	0.108818640740229	0.143205332306133	0.158663980548347	0.153842016876463	0.127485834475034	0.0795097119720952	0.0391043700018332	0.0143752556796893	0.00445382586904477	0.00201827421311398	0.000460001629798059	9.95077709563161e-05	
2.88582402162664e-06	0.000153635774103742	0.000508454708572313	0.00100852678546276	0.00231017083940788	0.00440129389355514	0.0102797174256086	0.0215186277879293	0.0400814846767554	0.064806812633478	0.0978811043251494	0.136602129105995	0.162215603760421	0.15903006630112	0.133713419260347	0.0919651650808148	0.0463981411995216	0.0190776329262077	0.00524986357610488	0.00201141934307377	0.000588845520603341	0.000194999251747057	
0.000114340758187254	0.000376552877269436	0.000855521402976535	0.00201436147981914	0.00338743264592792	0.0075203950943185	0.0176478997707152	0.0319101907358171	0.0571570510297893	0.0922764992423347	0.128778278117971	0.164905889138287	0.163235532000892	0.142929876005515	0.0985965268188002	0.0556492962712146	0.0226276853067356	0.00738669356971426	0.0018694363225094	0.000570441132256903	0.00017494837479694	1.51519041524214e-05	
8.77867653805245e-06	0.000191007010481173	0.000837797243155747	0.00190483121720032	0.00249540960171994	0.00635377953175106	0.01392255621468	0.0275821769078896	0.0486953187565769	0.0843492055580916	0.122094541249019	0.158857939491698	0.173727884814702	0.152389895573395	0.105921670417899	0.0593761362722455	0.0280327212424716	0.0102190874480784	0.00217810292233646	0.000628383330256077	0.000216776673867069	1.59998459483859e-05	
3.14010999519849e-05	7.06524748919659e-05	0.000251494264160897	0.000999125907563155	0.00233053254552731	0.00441399552734151	0.0109454243173544	0.022796342171506	0.0438021079843862	0.0732272223557562	0.11505120377544	0.154096187849373	0.178934743375938	0.160839859528607	0.117717870822726	0.0671118581401071	0.0313427224525287	0.0123493389497531	0.00289432502193795	0.000652001020821213	0.00011532767618729	2.62627381416601e-05	
7.83802387742002e-05	7.08221443209738e-05	0.000151581783200819	0.00083139038985491	0.00178608969106709	0.00267108656565507	0.00879244324920801	0.0183117232483346	0.0391730436922243	0.0627127288667981	0.106247072987958	0.14885499067975	0.175885815668154	0.170928265565686	0.131339106784398	0.0758696917333202	0.036981756159637	0.0136191263458657	0.00463745080590282	0.000930485406019434	0.00010973233428388	1.72156595879047e-05	
8.46054809637668e-05	4.79619699777875e-05	0.000232028409332069	0.00108982612017374	0.00259702041567041	0.00590158599906623	0.0154999221855944	0.0349371118122268	0.0600895573067727	0.0958766853892842	0.146005008418104	0.173608749168801	0.176078153959338	0.139566503020614	0.0859547827563277	0.0408210127191183	0.0154545068688898	0.00518243941087421	0.000770504095867348	0.000172889461099871	2.91450319039063e-05	
2.26487420747097e-06	0.000114942366029152	0.000187701449944157	0.000588159520752618	0.00159461299669753	0.00372444407954804	0.0121678951249998	0.030610341132522	0.0582217057050766	0.0896185244061429	0.139486100042325	0.169881419679775	0.181115903522021	0.146707651452846	0.0947657341518966	0.0451737653958363	0.0186389238450203	0.00561731269844191	0.00161924350370378	6.01607211359477e-05	0.000103193331077896	
