# <P(U)> as a function of N_tot.
# number_of_species: 1
# species_total_upper_bound: 445
# species_total_lower_bound: 421
# volume: 729
# Bin widths for each
10	10	10	10	10	10	10	10	10	10	10	10	10	10	10	10	10	10	10	10	10	10	10	10	10	
# Bin lower bound for each
-2140	-2150	-2150	-2160	-2160	-2170	-2190	-2190	-2200	-2210	-2220	-2220	-2220	-2230	-2240	-2250	-2250	-2260	-2270	-2270	-2280	-2290	-2300	-2300	-2310	
# Bin upper bound for each
-1920	-1930	-1930	-1940	-1940	-1950	-1960	-1960	-1970	-1980	-1990	-2000	-2000	-2010	-2040	-2040	-2040	-2050	-2060	-2060	-2070	-2080	-2090	-2100	-2110	
# Normalized histogram for each
4.57179352723635e-05	0.00034242503780632	0.000788117472119813	0.0030426549484783	0.00712590983573132	0.0130691265519545	0.0277891530178145	0.0457420578010247	0.064049448886372	0.0866028644928439	0.110311749222192	0.121108074097516	0.122593102909579	0.116626338010615	0.104106515897034	0.0763046123997838	0.0524539790972546	0.0288056304279279	0.0135447998433184	0.00447001943012249	0.000927683530803033	0.000147951509122623	2.06764531382548e-06	
2.15493421618989e-05	0.000321796104345469	0.000654589037938506	0.0018176981192645	0.00484404774401159	0.0101712895004163	0.0205641817720335	0.0389839818407915	0.0577397961365584	0.0773174845697268	0.10303418070012	0.120578011117905	0.121731789556234	0.122971098888709	0.108568029551479	0.0878861039511385	0.0606036370624248	0.0363989494140301	0.0169111239592584	0.00699187289886971	0.00155566256173914	0.000310243879681359	2.2882291161604e-05	
0.000120931032878317	0.00061837238681426	0.00140146118048002	0.00387670653220716	0.00751122178531954	0.01539127224714	0.0309311294475625	0.0504919983600786	0.0691525785305497	0.0925554768369885	0.117180415054619	0.126980437704496	0.124012689198905	0.116946124895639	0.0947085320684518	0.0691493961349476	0.0437323706257424	0.0225372867026782	0.00954608942838907	0.00272786171986315	0.000393190463523601	2.98486759917442e-05	4.60898673401933e-06	
1.07990748138087e-05	0.000469814295182565	0.0015905182814156	0.00303519451206289	0.0066239779602882	0.0115418111815584	0.023241681549028	0.0412571562959915	0.0622914633204515	0.0848872729303628	0.107358511394442	0.125170549024964	0.125822093205397	0.120660789933779	0.108353226174514	0.0794836995055987	0.0516157597552733	0.0283361178220513	0.0127531619472892	0.00439980487489872	0.000978897953324435	0.000106572687809001	1.11263195051362e-05	
0.000169150461526596	0.0010892895330045	0.00242682708791267	0.00519337929317894	0.00937240358423693	0.0193144848886412	0.0314824723311913	0.0556586087944217	0.0783243324253547	0.0993712949037508	0.121387805040508	0.127977771175359	0.125467793050984	0.111430386259023	0.0896740654656107	0.0608255857163391	0.0365331035341053	0.0165099176508945	0.00608569179909483	0.00144752917626355	0.000214176912101357	3.73577120340474e-05	6.57320446346876e-06	
0.000148447810849553	0.000508577219227099	0.002043512424627	0.00393716943698867	0.0073759396957567	0.0153916883735047	0.0262671417429722	0.044256937498924	0.0684701722221988	0.0926391216393922	0.114554934298038	0.128643941699748	0.131858361948246	0.11773026653799	0.0988255298617768	0.0707331621906566	0.0436925976082253	0.0217346651841375	0.0081186118581324	0.00257190434070711	0.000433432959030461	6.21510163586023e-05	1.73243251173804e-06	
1.65430580045507e-05	0.000116441782470741	0.000295106808919889	0.00160382279118957	0.00312268897482029	0.00643813125774522	0.0117673439821531	0.0228058328474477	0.0375718462340902	0.0600791569316107	0.0849083658671247	0.107555171898916	0.123863852126834	0.133822986504387	0.128090870270513	0.106139406321946	0.0778351946408177	0.0520654861753933	0.0263093323445921	0.0111540768125135	0.00355536998869415	0.000810823301035948	4.29052214053509e-05	2.92438573757865e-05	
6.06156975447441e-05	0.000212261659183972	0.000968890700719598	0.00223146872475458	0.00462333426889251	0.00921870848011474	0.0183034861496333	0.032906746804603	0.0514090481734719	0.0767180228183952	0.101737151979988	0.121375784242266	0.13137086455273	0.132038597685718	0.115532559060286	0.0894596985649661	0.0594200315671185	0.0328005626161223	0.013698507338448	0.00454937884917683	0.00120559073092073	0.000129662099501521	2.73197510060818e-05	1.70748443788012e-06	
5.02477202072102e-05	7.84791437198566e-05	0.000436217629723391	0.00176994170843091	0.00319836746526482	0.00658761306263752	0.0143011121495406	0.0267624414197962	0.0441085443456672	0.0687492046744495	0.092954174079171	0.11574925776638	0.131969474667986	0.133958736614302	0.124712629390513	0.100525357296053	0.0686401766023018	0.0399482016583222	0.0173464189492686	0.00629476471426007	0.0014145207273426	0.000405774042428037	2.88634703077057e-05	9.48070192588872e-06	
2.40163202382085e-05	0.000152764680471735	0.000200379645813574	0.00130199781326183	0.00280615039165919	0.00481558546411173	0.0106003860780106	0.0214585821328393	0.037330446084353	0.058429723182672	0.0851048589088174	0.112598429061168	0.127975870072125	0.139283171315408	0.131223085405898	0.11014646718363	0.0782981116593909	0.0444170356739465	0.0219580171750104	0.00857487051287687	0.00265787571888417	0.000530969514831696	9.11575981215478e-05	2.00484064597219e-05	
2.31376821448295e-06	0.000100543746047532	0.000316039703841875	0.00063239492153118	0.00196586161205069	0.0040206981290765	0.00810260594455433	0.0158333262342718	0.0313409370067138	0.050891016363705	0.0746705588454886	0.104765110983573	0.124264182268563	0.1399770873844	0.137493362377435	0.122779689616408	0.0908542106216895	0.0523134579591996	0.0257472971769188	0.00936255790862277	0.00360874221561606	0.000930765849917004	1.65118913488101e-05	1.07274708126028e-05	
4.21653302599493e-05	0.000246390338943239	0.00041238970731511	0.00139273363585893	0.00319104238020308	0.0065485100412049	0.0134005891646601	0.0250562151164413	0.0423838233349326	0.0656740990514717	0.0927373200014225	0.122307355017813	0.141017474973918	0.143328369323998	0.132495606180926	0.0980056437655684	0.0626954804941691	0.0305603878869654	0.0123263315459918	0.00500968844293018	0.00101803717832165	0.00013363002392989	1.67170627545758e-05	
8.78600258210854e-05	0.000262625077182592	0.00113018977659466	0.00245901961156743	0.00572724279428413	0.011295955541978	0.0205036438035709	0.0368034824828012	0.0569044345013588	0.0864077887276224	0.11484005708355	0.137906391084712	0.147302108290453	0.137246167557346	0.109963719539338	0.0711527203554384	0.0373555787561673	0.0157335235127966	0.00495634534550372	0.00168557549537191	0.000245965627842121	4.35055683413587e-06	2.52544518664472e-05	
1.6359884744612e-05	0.000286943767954839	0.00112388102962657	0.00194445840655368	0.00440683632225916	0.00981367059953273	0.0174993722432383	0.0308831571649999	0.0500347701366233	0.0767008441162374	0.106854694840254	0.133069257527081	0.151007440626265	0.142916939465951	0.121356979250607	0.0810263115380563	0.0427024204772372	0.0194582531797642	0.00642383790195672	0.00202507389124917	0.000439349010049382	1.50683148963531e-06	7.6417882688648e-06	
9.7286085733255e-06	0.000207759840865907	0.000483403750443462	0.00145626460777601	0.00311985667381467	0.00747178757561561	0.0141594493002212	0.0265127283709791	0.0444421215890147	0.0672766792497211	0.0988138015662195	0.127514710196641	0.149313927713844	0.15110453216959	0.127176478905242	0.0922945528655833	0.0520524877889748	0.0239795067941359	0.00928152496155578	0.00269114932268346	0.000637548148505264	
3.5667322209913e-05	7.88322797192071e-05	0.000301833375337943	0.000874974039437776	0.00280358005659001	0.00548859036637409	0.0115948787723415	0.0216755565414351	0.0394033938795946	0.0599871876123641	0.092974962075354	0.123131736558373	0.147997001374317	0.153156017114745	0.134970931132399	0.100923740801606	0.0600221051710441	0.0290848268533592	0.0113257136650937	0.00316078882406767	0.000936454648892701	7.12275353441206e-05	
5.39419029745821e-05	0.000254495131982644	0.000609000892754453	0.00195712288997522	0.00404479156880609	0.00915788816279517	0.0173947209921565	0.0338334893250889	0.0532603411788125	0.0798745526253269	0.119810711797988	0.148978811684348	0.156606430832383	0.1464302429588	0.110177666754158	0.0681563923655291	0.0321868249615039	0.0122406625980782	0.00349228604188892	0.00120672399119864	0.000223853577630218	4.90477658210697e-05	
3.53495475690322e-05	0.000213718824293506	0.000549269269719426	0.00149916674522122	0.00302860221618962	0.00668895597975974	0.0130012825291509	0.025945594992342	0.0485913583652813	0.0708393041998289	0.110258590048162	0.143523595336541	0.159808602198893	0.152138723299741	0.123514129873589	0.0802120151274443	0.0393350739292006	0.0143736449340099	0.00419005646414583	0.00180985359449766	0.000364305734885744	7.88067895346313e-05	
2.27804295282531e-06	0.000121712580622381	0.000420027729206648	0.000927380438271599	0.00228183969108002	0.00486752692077259	0.0110152055027972	0.0218098747521137	0.0413162141659776	0.0651276208477379	0.0987681320015243	0.138211686382044	0.162145673470313	0.15831064239835	0.129928722205571	0.0914030021785684	0.0475025109999643	0.0185427272448188	0.00503436644750809	0.00163834679602479	0.0004705785871122	0.000153930616669482	
0.000117998158476725	0.000340723829678339	0.00070456070070779	0.0019832980076116	0.00370151486633031	0.00818677195302103	0.0186819727345736	0.0328196340088608	0.0580848423347755	0.0931651308474612	0.131531784191874	0.163828112403254	0.164194713992149	0.138767272021918	0.0972019506964545	0.0558877763418448	0.0218273369551875	0.00676095165570106	0.00161006109584127	0.000453745495998126	0.000137904127104476	1.19435811766507e-05	
2.67156046290051e-05	0.000243876888729507	0.000699150698734999	0.00168507844798965	0.00283562309713672	0.00698263873685074	0.0147485656990482	0.028299030755647	0.0497909032811973	0.0856692951791636	0.123668529184027	0.159545923403812	0.172481375288287	0.150738752979871	0.10397912857245	0.0597370896286365	0.0269630288179343	0.0091971517396459	0.00203393325200409	0.00049196619644616	0.000169716143929489	1.25264038301974e-05	
2.46079891402707e-05	8.0199673698064e-05	0.000288360890925536	0.000895954513698037	0.00225599333168236	0.00512752195535977	0.0119725696982143	0.0240593428369387	0.04428800474621	0.0746146668536874	0.116158321538277	0.155940379763911	0.177406152399961	0.159480686419723	0.115911011247417	0.0668753424145762	0.0299959083625329	0.0114018880591522	0.00257511420903324	0.000537013435738362	9.03784328424487e-05	2.05812272809537e-05	
6.13594268678905e-05	5.54426249913439e-05	0.000221003507129527	0.000811149709112489	0.00160246717489803	0.00304298929102689	0.00969435116350622	0.0203640980734017	0.0395062669888913	0.0641786733916598	0.108377731261488	0.15133699999737	0.176856495202131	0.167928260311233	0.129034382316564	0.0741321585632778	0.0352907647926621	0.0124899304797694	0.00410790405840015	0.000808191308174215	8.59031976150467e-05	1.34771598299117e-05	
6.56901319580734e-05	6.2284790669277e-05	0.000271878054508749	0.00109641004527346	0.00265232146509646	0.006307021616008	0.0166435506241331	0.036922687548073	0.0608008308153947	0.0977026469168589	0.148724326198301	0.176935271931881	0.174114990246443	0.1356546263319	0.0833775844618012	0.0389023991837726	0.014203019417256	0.00464159002634855	0.000764004795599332	0.000134236356609976	2.26290421126474e-05	
1.76121395194065e-06	9.14730496289177e-05	0.000184487161465784	0.000653520452041979	0.00187899513497669	0.00405937800747921	0.0129705702249389	0.0317166013017793	0.0594647472663483	0.0916509322380637	0.140841747991638	0.173870453687613	0.181099246277482	0.142922402124112	0.0909144145785366	0.0434735850379591	0.0174776268038271	0.00513382859403501	0.00143527929495964	7.8704248477348e-05	8.02453106852961e-05	
