# <P(U)> as a function of N_tot.
# number_of_species: 1
# species_total_upper_bound: 445
# species_total_lower_bound: 421
# volume: 729
# Bin widths for each
10	10	10	10	10	10	10	10	10	10	10	10	10	10	10	10	10	10	10	10	10	10	10	10	10	
# Bin lower bound for each
-2140	-2150	-2150	-2160	-2160	-2170	-2190	-2190	-2200	-2210	-2220	-2220	-2220	-2230	-2240	-2250	-2250	-2260	-2270	-2270	-2280	-2290	-2300	-2300	-2310	
# Bin upper bound for each
-1920	-1930	-1930	-1940	-1940	-1950	-1960	-1960	-1970	-1980	-1990	-2000	-2000	-2010	-2040	-2040	-2040	-2050	-2060	-2060	-2070	-2080	-2090	-2100	-2110	
# Normalized histogram for each
4.01285606157536e-05	0.000300560902501411	0.000691763955740416	0.00267066661706051	0.00638417168248468	0.0124673791603512	0.0277516219550816	0.0471527727575066	0.0662668732783411	0.0899345571737717	0.114869113843416	0.12262088300377	0.124265549035841	0.115289657125648	0.101288318364271	0.0730685634771821	0.049490916779314	0.0273815922629715	0.0128436600352708	0.00425120761256944	0.000838364275175857	0.00012986328159068	1.81485952533559e-06	
1.90002741328211e-05	0.000283730897746303	0.000577157811673788	0.0016026829170592	0.00433509862856217	0.009391815915942	0.0203384223053816	0.0397905895559802	0.0595257041878661	0.0805857451520654	0.10635276124422	0.122379002777468	0.123398945328082	0.121594898681038	0.107345280718767	0.0857801654571295	0.0576786620751296	0.03465072158438	0.0160901960642205	0.00651102177499973	0.00147467591555612	0.000273545183778193	2.01755488214492e-05	
0.000106968939015668	0.000546978195420409	0.00124227629902225	0.0034525147213333	0.00687649144986205	0.0149300295009074	0.0309538212566501	0.0523443087476908	0.0722337366444135	0.0949033862755163	0.119529829773785	0.128017358865065	0.123526216514451	0.115151286306345	0.0935321066008571	0.0670450636261344	0.041870671252418	0.0215658893719856	0.00920670592355545	0.00258278541681389	0.000351094965898069	2.64024967443392e-05	4.07685611493473e-06	
9.58227476621185e-06	0.000416877347657318	0.00142330657007217	0.00272310826537984	0.00611552390458145	0.0110683016802083	0.0231322888202148	0.0419185804760087	0.0644908385709983	0.0872561940211251	0.110170123125455	0.126438018749511	0.126687641846704	0.119169427781396	0.106110142344208	0.0784637309932192	0.0497927905674797	0.0270082705678204	0.0123817508577588	0.00419287434947001	0.000926189770079608	9.45644691574645e-05	9.87264672882433e-06	
0.000150451446911248	0.000968872238755533	0.00220269103460413	0.00477546924237465	0.00892964416771166	0.0191718407900182	0.0322593627036515	0.0566983683326209	0.0803868706946794	0.10192832177355	0.124337499623628	0.128763636976639	0.124427146858834	0.108822291603552	0.0890026520965224	0.0589680024656887	0.0349465385789569	0.0158260500638883	0.00575661925464755	0.0014472181926981	0.000191377358635811	3.32279426144661e-05	5.84655881779463e-06	
0.000132439110128964	0.000453731947684716	0.00182313882236612	0.00357257156083114	0.00689253314865918	0.0152039325625074	0.0271436419518801	0.0460255370811637	0.0699512274381379	0.0945436535632448	0.116309649401508	0.130883457736903	0.131120321849256	0.11533002502819	0.0972130116450783	0.0694449448880387	0.0422194824210024	0.0207300534480199	0.0079178494979727	0.00262453550918587	0.00040726716871168	5.54486135769698e-05	1.54560595336501e-06	
1.47823607334721e-05	0.000104048745549794	0.000263698241471293	0.00143312603059281	0.00282085590822347	0.00592915720516105	0.0115669588487688	0.022899688807464	0.0388019802641179	0.0623489457315695	0.0865865812405166	0.109056055665602	0.125613539497991	0.134576227865799	0.12620101912456	0.104194566385675	0.076829460195871	0.0505036970207344	0.0252907118135858	0.0105602323977847	0.00348682510178371	0.000852131568732732	3.9578578738006e-05	2.61313989740088e-05	
5.42414627470971e-05	0.000189940615147845	0.000867003944156504	0.00201734313474019	0.00429806294950941	0.00878816741589279	0.0180678503401646	0.0327032092419813	0.0524729809713691	0.0778999080759999	0.103748161472251	0.123073210504432	0.132976670250296	0.131724723812594	0.113916143844539	0.0885859537148431	0.0579967290870035	0.0317920863615763	0.0129137654327943	0.00450786663552239	0.001243447335264	0.000136558612197797	2.44468564493959e-05	1.52792852808724e-06	
4.5118307864821e-05	7.04677973989343e-05	0.000391687448361056	0.00161130057542395	0.0030333312681697	0.00617553291862956	0.0139660553309362	0.0266585825757257	0.0438337130239151	0.0698813539843391	0.0940549298845416	0.116884888251789	0.134549415188222	0.134633503606863	0.123312118900456	0.0996220750543524	0.0675595110007799	0.0389693540751433	0.0167127860271344	0.00603081381793107	0.00157422221759794	0.000394808840729063	2.59170154192054e-05	8.51288827638132e-06	
2.155928968702e-05	0.000137135829617871	0.000179879464823441	0.00117779336920612	0.0026267651082581	0.00456194569777344	0.0102550979518206	0.0210519902270803	0.0369280636805176	0.058463731884924	0.0863665144862023	0.114069451845686	0.13026853970026	0.13993394421112	0.131108695845759	0.10875396210533	0.0775704180299402	0.0434146915310892	0.0215067037673921	0.00816703387761166	0.00276746290747643	0.000564759653757808	8.58622145796103e-05	1.79973200865559e-05	
2.0789529636892e-06	9.03399560584942e-05	0.000283966075267547	0.000599210942852418	0.00183958987927898	0.00396928819485459	0.00786335609156843	0.0153891658201233	0.0309135580807484	0.0511390299794467	0.0750341373526424	0.106341090032838	0.126683077795365	0.14187531007111	0.136532211958704	0.121880790947105	0.0896491766873774	0.0512133997968296	0.0251833022277871	0.00899373951664344	0.00354291384157433	0.00095679085260696	1.4836164331782e-05	9.638781922559e-06	
3.7845830612766e-05	0.000221149626358436	0.000391169153277908	0.00139207668865038	0.0031628983942664	0.00637692688797175	0.0130734407900069	0.0250755387487786	0.04272975859712	0.0664943598243953	0.093429791779121	0.123527930987554	0.141823522980447	0.143176320284295	0.132200073703799	0.0972044355313478	0.0618613038232699	0.0299320380629663	0.011870784394979	0.0048110078612289	0.00106111681134733	0.00013150470435143	1.50045338540512e-05	
7.89458027529584e-05	0.000235979301707213	0.00104526912509744	0.00238429672638071	0.00549865143788148	0.0109842405871432	0.0206566269471391	0.0370802142749267	0.0573232338641644	0.086982542680313	0.116383656769584	0.138176893516986	0.147418510388047	0.137015303281552	0.109419168651118	0.0705160500249423	0.0368337470042547	0.0153109091657984	0.00481302430310307	0.00159398059229947	0.000222154251708204	3.90915206868514e-06	2.26921510328552e-05	
1.47209194531333e-05	0.000258197179355615	0.00102968957648496	0.00180147251807719	0.00427594286036375	0.00947988473520068	0.0173811445553614	0.0309784317223418	0.050483843694052	0.0777348805019679	0.108726096180677	0.134115420918543	0.149904672361726	0.142289598837512	0.120390584732353	0.0808636569746845	0.0427787013863426	0.0189658709041221	0.00618501367786483	0.0018706221002452	0.000463321570156512	1.35587416015702e-06	6.87621895508202e-06	
8.75357717362749e-06	0.000186937503641245	0.000438554216398737	0.00134260421449727	0.00295870908468609	0.00720857080248224	0.0138006952480039	0.0264040956625928	0.0451110736544463	0.0679524634073727	0.0995109570957032	0.130261009301065	0.14851902604588	0.149455269755584	0.12578802862731	0.0930577227413364	0.0520609276204636	0.0236825112573434	0.0090191023478942	0.0025778312156647	0.00065515662046172	
3.22171088714792e-05	7.12065829711972e-05	0.000272636074473959	0.000834935884567163	0.00273971197904669	0.00526203103426691	0.0114891241135579	0.0211150738047525	0.0395229429835539	0.0609353236218261	0.0932786887307746	0.124758190280824	0.148019233130256	0.151738616113605	0.134079867277121	0.101234573156686	0.0606885192832941	0.0288733986621483	0.0110378910932078	0.00307049364640881	0.000875570075936596	6.97553618508603e-05	
4.87238811886897e-05	0.000229876772787664	0.000552972805443236	0.0019535681593761	0.003927702217321	0.00904390194679294	0.0171028511158682	0.0334316940678434	0.0542983929287906	0.0807556526189086	0.119953102063077	0.148969470692393	0.155344514839401	0.145814911717997	0.110361032427329	0.0691005542701869	0.032194376572174	0.0120257650346089	0.00347707839307294	0.00116735499960358	0.000202199301816574	4.43031740196962e-05	
3.1869096176839e-05	0.00019267646220676	0.000498892670731617	0.0013989266254506	0.00298185586124332	0.0064783927527921	0.0126823409342265	0.0257385346297201	0.0482760280853476	0.0721502693182274	0.111365923106401	0.144100162912481	0.159051836887923	0.150989247932212	0.123327652122794	0.0811506088654173	0.0390760924862612	0.0143496696724325	0.00405244308296374	0.00170650726011147	0.000329021616798191	7.10476180823108e-05	
2.04979058460906e-06	0.000109517382663398	0.000377942340171728	0.000876041452231729	0.00227790299395341	0.00479494822277788	0.0108739438332001	0.0213430052214023	0.041234270663524	0.0659411774524207	0.100916070934077	0.13928854111426	0.161598266618994	0.156443433735004	0.129281463480199	0.0913360330051423	0.0476444538669739	0.018444796552916	0.00508504239503779	0.00156887066982959	0.00042372099656133	0.000138507278074298	
0.000106108856947062	0.000306393053658762	0.000636653141682373	0.00190777161356368	0.0036312698326354	0.00813358697361131	0.0183347552450543	0.0326533847283399	0.0580339868558275	0.0955796163990791	0.133500157273812	0.163157334175574	0.163069324486354	0.1370007550933	0.0967833104988797	0.0560515313138971	0.021964931171948	0.00687350700512375	0.00173284614086463	0.000408026841662415	0.0001240091327207	1.07401654641825e-05	
2.38968078326795e-05	0.000218145133742303	0.000625382435687592	0.00151640615014592	0.00265244651254845	0.00680830962409726	0.0145037758443729	0.0284241126128641	0.0500951459832193	0.0863705994301057	0.124833552784033	0.160315354571613	0.171663561899525	0.148722031438878	0.104393056281742	0.060020947882252	0.0269593671966635	0.0091972963092124	0.00204451568756024	0.000449081504872222	0.000151809181708848	1.12047273240365e-05	
2.19759517160371e-05	7.16216244563574e-05	0.000257518197836108	0.000821001577973224	0.00204476241648764	0.00504088376090045	0.0118010860715119	0.0241631582559205	0.0448550151569138	0.0751045131312804	0.117347286863985	0.157829786864234	0.175896716223437	0.157065423307275	0.115798881284211	0.0669184711170566	0.0302723729422893	0.0114368846171634	0.00266877955453347	0.000484769516717856	8.07116772116273e-05	1.83798868897765e-05	
5.48066938547016e-05	4.95217626615696e-05	0.000197401966973095	0.000725014264420767	0.00151687312152504	0.00287275157985189	0.00934444343313045	0.0203229092959004	0.0398029699355923	0.0645799017981489	0.109924024220644	0.153013634143787	0.175303320796302	0.166701116588518	0.126901572071292	0.0751491769698358	0.0359541698596459	0.0125274400478384	0.0042300002055251	0.000740183974326979	7.67293713965822e-05	1.20378988288005e-05	
5.8634550359774e-05	5.55949666454713e-05	0.000242970594969097	0.00103218379872465	0.0025137357317283	0.00598984288783985	0.0164875845261657	0.0366669886010708	0.0612887932999731	0.0989197221428281	0.150846989807099	0.177422560476685	0.172823768368033	0.133710110979123	0.0830358381627579	0.0392419082114354	0.014264178064697	0.0044752477383291	0.000783330138502064	0.00011981842899606	2.0198524036979e-05	
1.57450792936954e-06	8.17760055816306e-05	0.00016492970560146	0.000661883770808721	0.00185388468008705	0.00387968594471214	0.0121552996214785	0.0313521923300798	0.0588307999336739	0.0942032030411621	0.142033998546532	0.175917113966328	0.179922170104916	0.140704228193434	0.090550049424788	0.0435672248461288	0.0175967990253796	0.00503566998510614	0.00134403933120808	7.17385175318998e-05	7.17385175318998e-05	
