# <P(U)> as a function of N_tot.
# number_of_species: 1
# species_total_upper_bound: 445
# species_total_lower_bound: 421
# volume: 729
# Bin widths for each
10	10	10	10	10	10	10	10	10	10	10	10	10	10	10	10	10	10	10	10	10	10	10	10	10	
# Bin lower bound for each
-2140	-2150	-2150	-2160	-2160	-2170	-2190	-2190	-2200	-2210	-2220	-2220	-2220	-2230	-2240	-2250	-2250	-2260	-2270	-2270	-2280	-2290	-2300	-2300	-2310	
# Bin upper bound for each
-1920	-1930	-1930	-1940	-1940	-1950	-1960	-1960	-1970	-1980	-1990	-2000	-2000	-2010	-2040	-2040	-2040	-2050	-2060	-2060	-2070	-2080	-2090	-2100	-2110	
# Normalized histogram for each
4.10151560276306e-05	0.000307201457583836	0.000707047702275311	0.00272967199211025	0.00647915801449546	0.0123349474892644	0.0276101045680372	0.0466976100942627	0.0661725954864779	0.0897163255778963	0.114145282278052	0.122040184547591	0.12378075234987	0.115725602422986	0.102059826479096	0.0738447998862293	0.0497999222979205	0.0274842766647464	0.0130834225601908	0.00427175941622448	0.00083390613712459	0.000132732464732634	1.85495680526973e-06	
1.94050880140773e-05	0.000289775979261762	0.000589454554984317	0.00163682917661011	0.00438745038949212	0.00948568714716999	0.0201108730709192	0.039479051407279	0.0593833703196978	0.0805308151797401	0.10593037494431	0.122059904106857	0.122766089268606	0.121661599671434	0.108053231557314	0.0864776744462398	0.057750342139709	0.0348013249073907	0.0162009478885364	0.00662473700604298	0.00146108309598777	0.000279373251666587	2.06054027365975e-05	
0.000109222675499629	0.000558502519455909	0.0012684499102035	0.00352525600922942	0.00691928622684222	0.0148829275641559	0.030838754821854	0.0518988094530144	0.0719986560258804	0.0948729766053355	0.119414677466034	0.1274826849352	0.12355463314264	0.115464027878543	0.0941534152404286	0.0671697649432875	0.041832879395172	0.0217147960053442	0.00932268065351237	0.00263135463869298	0.000355122365077288	2.695877290009e-05	4.16275169780801e-06	
9.77997718598049e-06	0.000425478401414323	0.0014526723688873	0.00277929169848864	0.00622194245560211	0.0111234892034485	0.0231456496438755	0.0416907585044064	0.0642122677860493	0.0868995427416121	0.11008144745243	0.126151925721962	0.126333694994914	0.119458864971411	0.106597602245957	0.0784121031465545	0.0498567430917551	0.0272799127270399	0.0125605531238976	0.0042661445937027	0.000933543276843592	9.65155324313428e-05	1.00763401310102e-05	
0.00015359850762735	0.000989138575996592	0.00224876571561933	0.00487535988458624	0.00897039159959416	0.0190885938086471	0.0320210111616574	0.0565285284855098	0.0800990352242961	0.101711558914429	0.124053178111297	0.128184918277934	0.124349034304098	0.109689926991963	0.0890883281946475	0.0591271685219357	0.035205991615153	0.0160633796784996	0.00584320954825624	0.00147450588086307	0.000194485157002247	3.39229864643305e-05	5.96885392334261e-06	
0.000135334654170602	0.000463651984419635	0.00186299848881238	0.00365067944215273	0.00697422610245179	0.0152247043885445	0.0269838150217123	0.0458378769812929	0.0693858106698789	0.0944455242480512	0.11602335653041	0.130465173141984	0.130842846655373	0.115876373817019	0.0976441997650053	0.0695432568940963	0.042443652266737	0.0210141846708974	0.00804110935721172	0.00266819526056264	0.000414789363110774	5.66608982450225e-05	1.57939786048843e-06	
1.50979918112389e-05	0.000106270381071365	0.000269328692632745	0.00146372595449991	0.0028810864631795	0.00605517137389583	0.0116476623535763	0.022766992400158	0.0386507616303727	0.0618518943499029	0.0863269079527065	0.108792622361431	0.125275733163353	0.134326151299801	0.126185606334377	0.104579795614102	0.0771701220287883	0.051047479190584	0.0254742084415113	0.0106727217081654	0.00352679348070662	0.000846753824613545	4.04236554946073e-05	2.6689353266319e-05	
5.5385325852934e-05	0.000193946149861771	0.000885287629258429	0.00205988557859724	0.00438870201758601	0.00893712439388171	0.0181951521458303	0.0327503767762308	0.0523988086694417	0.0777863499354098	0.103254336436992	0.12283568187917	0.132671940233773	0.130965818673124	0.113979197739655	0.0890718901529571	0.0584030460369069	0.0321195886196417	0.0131174488738837	0.00454637467938917	0.00121857467814105	0.000138560824008837	2.4962400384421e-05	1.56015002402631e-06	
4.6050707718282e-05	7.19240613210066e-05	0.000399781930107769	0.00164459917396422	0.00309022453533436	0.0063012235682695	0.0139748933858537	0.0268567341243564	0.0438710707619809	0.0696652596260702	0.0937873347424013	0.116555113573885	0.134034591322174	0.134066064132899	0.123330167065596	0.100031019061614	0.0679029753101592	0.0393393721869365	0.0169245522389284	0.00611093856845245	0.00157798494267363	0.000382983558738836	2.64526077878601e-05	8.68881277703435e-06	
2.19988899168853e-05	0.000139932069340884	0.000183547259784795	0.00120180892089419	0.00268032561800382	0.0046518087439466	0.0103370870772495	0.0212218508660819	0.0371627247365944	0.0583317782668758	0.0861341666385304	0.113669985852801	0.129761026058833	0.139540489100363	0.130572785096766	0.109045436602882	0.078000985741563	0.0439574166531405	0.0216884186270148	0.00825503561763749	0.00277912932793487	0.000556284972854805	8.76129702776824e-05	1.8364290713226e-05	
2.11980808413865e-06	9.2115296747116e-05	0.000289546513310757	0.000610986502796509	0.00186350401578371	0.0039798433230574	0.00799003844368316	0.0154734427552572	0.0311117487665126	0.0511728416354975	0.0744325321936217	0.106009097060038	0.126227248437075	0.141466645108861	0.136424488870911	0.12195564243771	0.0900473276061258	0.0517304475165388	0.0254875124996411	0.00903616373320558	0.00359615805982831	0.000975593493268357	1.51277213277167e-05	9.82820111737011e-06	
3.85963934204455e-05	0.000225535490845735	0.000398926864317888	0.00141198472596463	0.00314628832324596	0.00643838524385806	0.013220531799822	0.0251872656073191	0.0428422890936144	0.0660188385487522	0.093135144101974	0.123669862045184	0.141897593631829	0.142816402219644	0.131726274377862	0.0975756786581243	0.0619428254860173	0.0301603524201596	0.0120309636642246	0.00488936382812285	0.0010774826496541	0.000134112720572053	1.53021054722473e-05	
8.04935068571135e-05	0.000240605591148981	0.00106576125081466	0.00242034642538835	0.00553548402651075	0.0110932301461015	0.0206914975525308	0.0371753622985524	0.057296600296465	0.0866219013888435	0.116226402181335	0.138341409904046	0.147009627334506	0.136606813717027	0.109680374671999	0.0706870062481627	0.0368896492349617	0.0155559534864188	0.00490738191563658	0.00162046650459085	0.00022650950601096	3.98578959075079e-06	2.3137022502407e-05	
1.50178396126346e-05	0.000263405002679499	0.00105045836027323	0.00183514048003339	0.00430162303325582	0.00956349858753266	0.0175222619711942	0.0310475061691704	0.0505157639891176	0.0772008841555469	0.107981724870017	0.134462720979606	0.150033256610616	0.14206145141887	0.120322041762241	0.0811292348331676	0.0429208868113332	0.0191216618899398	0.00627202287137932	0.0019067716229226	0.000464268607498486	1.38322206958476e-06	7.01491192432273e-06	
8.93499966444112e-06	0.000190811881722843	0.0004476434831885	0.0013662607264671	0.00298597761008217	0.00730098678136294	0.0139213251438436	0.0265187811707391	0.0450223712536043	0.0679152302827391	0.0989322873956541	0.129646448019945	0.148695370915663	0.149921947814042	0.125761311610297	0.0927816321822009	0.0523053887578643	0.0239259435458923	0.00912739999054876	0.00260971484643515	0.000614231588043303	
3.28286074597638e-05	7.25581233945529e-05	0.000277810858323166	0.000832348146494851	0.00272023953644823	0.00525987243966437	0.0115740065254991	0.0212596287390108	0.0395501908988453	0.0608432397517566	0.0928837634636724	0.124101600300958	0.148438048375763	0.152136738149563	0.134235880149754	0.100889704554363	0.0606711113775081	0.0290632746269763	0.0111309682014024	0.0030787910239292	0.000881837518701462	6.55586305127414e-05	
4.96555501242417e-05	0.000234272339047704	0.00056295878129022	0.00194508722971882	0.00392954631574916	0.00912349727075663	0.0173269467350692	0.0335788067369751	0.0542951610127734	0.0805992827466355	0.119790537806825	0.148654026080819	0.155770440139157	0.14582483500303	0.11017724289076	0.0689043723229953	0.0322581845715407	0.0120990106205093	0.00347422352969867	0.00115069636767202	0.000206065636018549	4.51503128348628e-05	
3.2482745652254e-05	0.000196386508117756	0.000508499006097518	0.00141871123365594	0.00296904215535236	0.00651293950669736	0.0128878025104692	0.0258707685387821	0.048364026879025	0.0720575574385835	0.110861822870098	0.143656283677877	0.15938429005284	0.150995695489855	0.123174472177734	0.0811853083024805	0.0392593218774868	0.0144589939110249	0.00411040835579394	0.00168801008216744	0.000334761017884086	7.24156623256672e-05	
2.08938176188609e-06	0.000111632682706486	0.00038524219914395	0.000892961967282271	0.00231224914982061	0.00480776692846952	0.0110476558131575	0.0215147619796196	0.0412609120449874	0.0656580259123136	0.100064571845879	0.139032138671273	0.161744713366671	0.15676203533642	0.129305569097845	0.0915761102079233	0.0477212804527392	0.0185637589768795	0.00507361588407712	0.00159011901516493	0.000431606575383899	0.000141182510481732	
0.000108141000459321	0.000312260939470634	0.000648846002755923	0.00194430829691809	0.0035953082008378	0.00822986459165674	0.0185390363674029	0.0327388517473032	0.058048812030063	0.0949226634753416	0.132714953295655	0.163304667353418	0.163199364167403	0.137532852769727	0.0969651804221614	0.0559148769179065	0.0221422499084805	0.00683173422489355	0.00175285717239358	0.000415841166714707	0.000126384093320312	1.09458557165948e-05	
2.44011096936193e-05	0.000222748719194865	0.000638580078164551	0.00154840734665776	0.00270244821092279	0.00674250248061074	0.0146083672518883	0.0286543952372274	0.0501973351153231	0.0860771925561428	0.124281331632343	0.160199765101351	0.171882226677197	0.148763947107304	0.104529595204828	0.0600347285503108	0.02694743130227	0.00924761557621044	0.0020719680861835	0.000458558613287974	0.000155012858676063	1.14411842131908e-05	
2.24330338251402e-05	7.31112966028433e-05	0.000262874369096416	0.000838077750040125	0.00208729182909373	0.00511932028723257	0.0118873665922774	0.0245559126033475	0.0450862172867735	0.0749310235194045	0.116681244739708	0.157510691889826	0.175790759343919	0.156609087866727	0.116260727323823	0.0672036591133282	0.03031610387963	0.0114702141314653	0.00269787822247982	0.000494852332515479	8.23904151396059e-05	1.87621737446627e-05	
5.5936182409489e-05	5.0542336248574e-05	0.000201470142714177	0.000739955784445526	0.00154813373422263	0.00293055652805714	0.00943253841692014	0.0205977000839742	0.0402276043262242	0.0646056913667197	0.109378909602035	0.152651040427976	0.174918635328953	0.166484357995962	0.127309152987357	0.0753664144577452	0.0358219307591968	0.0125379954010469	0.00429539937884867	0.000755438120648152	7.83106553732846e-05	1.22859829220842e-05	
5.98836574694849e-05	5.67793207110333e-05	0.000248146660885257	0.00105417267923289	0.00256728649923944	0.00603463037863896	0.016641247823209	0.0371426883356048	0.0612894213215863	0.0983961594347303	0.150719755498431	0.176923562216416	0.172857782321904	0.133850188713633	0.0829884348434763	0.039447508168912	0.0142168609547538	0.00456247377586488	0.000800017624621596	0.000122370952220252	2.06288184593878e-05	
1.60588444236215e-06	8.3405623225184e-05	0.000168216395337435	0.000675073672457988	0.00189082856310378	0.00392287458935778	0.0123255645662401	0.0318952738519758	0.0589811245346323	0.0936116210630614	0.141980659731454	0.175462346676928	0.179946678614447	0.140941652497246	0.0903338101806449	0.0435758750790522	0.0176491718604482	0.00503705728902417	0.00137082310711139	7.31681099051254e-05	7.31681099051254e-05	
