# <P(U)> as a function of N_tot.
# number_of_species: 1
# species_total_upper_bound: 445
# species_total_lower_bound: 421
# volume: 729
# Bin widths for each
10	10	10	10	10	10	10	10	10	10	10	10	10	10	10	10	10	10	10	10	10	10	10	10	10	
# Bin lower bound for each
-2140	-2150	-2150	-2160	-2160	-2170	-2190	-2190	-2200	-2210	-2220	-2220	-2220	-2230	-2240	-2250	-2250	-2260	-2270	-2270	-2280	-2290	-2300	-2300	-2310	
# Bin upper bound for each
-1920	-1930	-1930	-1940	-1940	-1950	-1960	-1960	-1970	-1980	-1990	-2000	-2000	-2010	-2040	-2040	-2040	-2050	-2060	-2060	-2070	-2080	-2090	-2100	-2110	
# Normalized histogram for each
5.29926606496474e-05	0.000396912365318088	0.000840559464023176	0.00276946568219263	0.00626112279997241	0.0130160892641397	0.0281079463160381	0.0448142154543109	0.0634636375813298	0.0844158437936141	0.107630889874594	0.119537062507639	0.121228433784605	0.114559480533452	0.10647077667801	0.0790807610811248	0.0550737543329489	0.0314266449760694	0.0147589885804811	0.00484536661734	0.00107516516267815	0.000171493836474236	2.39665299420516e-06	
2.49133906521106e-05	0.000372031405768888	0.000734046087461155	0.00165635521974702	0.00447105468527774	0.00956288942422714	0.0206674554194779	0.0390035825198919	0.0570254670072867	0.0766522104791115	0.100453616339178	0.118075602380744	0.121760472645547	0.120332318947391	0.108623153760439	0.0901452514884788	0.0633687501581166	0.0386089492751809	0.0187288340520333	0.00758432958001545	0.00176358553518265	0.000358675773666726	2.6454425125437e-05	
0.000139649070250199	0.000712818530088355	0.00147265140233898	0.00359501313423583	0.00710208030227054	0.0152671155966088	0.0312343773938822	0.0496781925304475	0.0681739642176503	0.0900617383217198	0.114886198046459	0.126026062673033	0.123084561567182	0.115254709386103	0.0973321071587383	0.0713644765966787	0.0461963432979661	0.0244020909850442	0.0105122041502132	0.00300980496144507	0.000454049563254503	3.44687360327169e-05	5.32237835799305e-06	
1.24418860240294e-05	0.000541284879853482	0.00169247352611722	0.00284617568470904	0.00639814563114483	0.0114259243410168	0.0231603823203062	0.0411908116546037	0.0605228633480009	0.0832553201944503	0.105141728791266	0.12435049270497	0.125249953091576	0.119234615387999	0.108865245954093	0.0815981615165427	0.0540695461212546	0.030467036982438	0.0138523434669353	0.0049312598364734	0.00105818869012452	0.000122785077227038	1.28189128732424e-05	
0.000195194621933049	0.00122691956338098	0.00256597489726366	0.00491210300207811	0.00912408436149741	0.0190790100800829	0.0311948565711435	0.0544498179152759	0.0767271626717087	0.0973712695260993	0.119972253033924	0.12745981253731	0.124563751397904	0.110724781398458	0.0924666253858697	0.0629435652398833	0.0385221137554813	0.0178093600878072	0.00678946060292382	0.00160403456158454	0.000247153812097869	4.3109693056457e-05	7.58528323574024e-06	
0.000171859493394315	0.000588784858113128	0.00225197359506118	0.00389924245187715	0.0074135246526865	0.0149931425429715	0.025973973879112	0.0435694527334372	0.0685071301633217	0.0905074016787576	0.113717458730845	0.127273299340002	0.130771285600519	0.117114911575094	0.0994759350955262	0.0729981659545968	0.0454884877329802	0.0228328687110049	0.00894371344616893	0.0029323917789739	0.000501037487306403	7.19528440615149e-05	2.00565418986801e-06	
1.91964157443305e-05	0.000135117997271384	0.000342439287310154	0.00180706388468081	0.00335392345014332	0.00635475669843446	0.0116885117749576	0.02212207335161	0.0365008079833311	0.0596894589632647	0.0837243622579146	0.10534621416958	0.123619220392687	0.132525490363152	0.128813522797416	0.106508278485252	0.0793853530604784	0.0533821359888953	0.0275863640551945	0.0120136123641761	0.00408066259587062	0.000917712520422509	4.97868330917475e-05	3.39343091222358e-05	
6.33256656816283e-05	0.000246486788729469	0.00111470521097113	0.00245272323908178	0.0047286055291857	0.00912620743207858	0.0178345398256475	0.032307366670971	0.0503013979481493	0.075872946160296	0.0999619798155947	0.11912524329572	0.129968803125091	0.131981096978982	0.116658144758754	0.0915479692537163	0.0610663893390808	0.0343458086960143	0.0147701228765764	0.00494671349709111	0.00139514744470405	0.000150568852843793	3.17247953316964e-05	1.98279970823102e-06	
4.93864708941323e-05	8.91156863411446e-05	0.000506211326664856	0.00194147507609062	0.00342514734649181	0.00644432323298508	0.0139086482311698	0.0264383870769786	0.043431122620495	0.0682161631161787	0.0910327126692679	0.1130669022874	0.130490058038883	0.132886035339687	0.125967895371094	0.10261506253134	0.070377554680236	0.041633895157412	0.0184437687353812	0.00693268697363374	0.00158806842422196	0.000470882885851974	3.34947847153273e-05	1.10019365853265e-05	
2.79158635292958e-05	0.000101103975303928	0.000227453601103915	0.00139688553634202	0.00284219902724139	0.00485553965430208	0.0104601954377468	0.0211914174983672	0.0371872073006537	0.0579074535719743	0.0846107976375412	0.110415493644104	0.126223276174187	0.137339737151511	0.131651091030839	0.111434422662923	0.0801044490239947	0.0461109378844121	0.0229722068448969	0.00926515373205359	0.00293978317627423	0.000606016985225104	0.000105958908091632	2.33036773809774e-05	
2.68936096138298e-06	7.98251230810493e-05	0.000315633181922311	0.000700823017800391	0.00206652941146269	0.00404308747439912	0.00778496652112334	0.0160277356240821	0.0312756788130432	0.0506376108108399	0.0740950728217827	0.104245865290887	0.121336387469436	0.1385739687951	0.13657112834095	0.123710481979937	0.0927930993931579	0.0537368548314736	0.0272834447095502	0.00972864103412286	0.00392316642425745	0.00103564845749257	1.91922577698694e-05	1.2468855366412e-05	
4.9035280388934e-05	0.000216077182521944	0.000464225419641701	0.00157271993994912	0.00330938612039053	0.00646807543211103	0.0133353673894087	0.0249107892228379	0.0427528208288003	0.0647313993455524	0.092165276632039	0.120620846086427	0.138707063482609	0.142891531235597	0.132377797518468	0.0991412882261586	0.0643736646863513	0.0322348770118395	0.0129123761828214	0.00544700239653742	0.00114353741008032	0.00015540221436392	1.94407551036935e-05	
6.85964135570244e-05	0.000276486805634349	0.00124388163250071	0.00253201104167424	0.00586035846631768	0.0109775273205302	0.0206304640751312	0.0364061560275483	0.0560520452731386	0.0854335577610229	0.114402379393291	0.135243329400472	0.145835357236526	0.137454976651264	0.111258438903832	0.0728612565231481	0.0390837645019616	0.0167493902335022	0.00546830833333951	0.00184073222901759	0.000286498174099428	5.06748280331171e-06	2.94161196875168e-05	
1.90265086832229e-05	0.000284646583852953	0.00116637505204126	0.00211507182381854	0.00432014404068468	0.00977962546317657	0.0174932474670334	0.0303336373402243	0.04902893456308	0.0766591804030966	0.106169545719574	0.130765313773415	0.149000469904695	0.143372253392038	0.123591318604646	0.0823283289443016	0.0435441679119433	0.0204849156086718	0.00677406296322351	0.00224813221020186	0.00051096189766392	1.75244158924421e-06	8.8873823454528e-06	
1.12784597834561e-05	0.000238226133870556	0.000548383777915598	0.00160730583536231	0.00313766751175748	0.00735067350575759	0.0145747776295008	0.0264780640849604	0.0439307287025398	0.0659598163515862	0.0982347581328034	0.125211079507753	0.147094048444494	0.15094150702529	0.128718429867968	0.0943718856569697	0.0534499993922163	0.0248720114117962	0.0095745351426155	0.00296297670133373	0.000731846723726483	
4.1275602028826e-05	9.12277570366845e-05	0.00034445915326759	0.000981070240414888	0.00286363433535125	0.00543177006638803	0.0118329590020477	0.0223167140158558	0.0389673910348897	0.0587648059179049	0.0918316451240251	0.121470502198886	0.14593751394446	0.153076705686365	0.136777924866009	0.102325316198381	0.0606852989444354	0.0298275101267768	0.0119057180963147	0.00341422359724928	0.00102990683861116	8.24272533008087e-05	
6.22676018351625e-05	0.000293775352247946	0.000691207225105118	0.00208946491128525	0.00412120640469569	0.00904562802833016	0.0177898661258842	0.033903665265093	0.0525296612396829	0.0795179382275914	0.118807075564621	0.146647694084553	0.156115931221197	0.147682171422339	0.112133880010945	0.0680651208580991	0.0325790970485402	0.0126706586708679	0.00363424182624121	0.00130442642818789	0.000258404406826789	5.66180758303944e-05	
4.07821797588688e-05	0.000246563820743987	0.000633682738088111	0.00169801032849235	0.00296612410154488	0.00685814087137675	0.0129876900175201	0.0258063896571403	0.0481464187509229	0.0706250074829688	0.109549290814107	0.142974215685101	0.157096697915544	0.152458130295448	0.125724226660122	0.0812706529937861	0.0400078172080345	0.0142369716525189	0.00427738966113127	0.00188458568298552	0.000420293412193847	9.09180704716066e-05	
2.63200211262036e-06	0.000140122779138551	0.000463733705556921	0.00103951550105111	0.00236880190135833	0.00469097976529309	0.0108558807136536	0.0224279166688078	0.040677091316812	0.0651307722782999	0.0984610683647509	0.137794209269485	0.160246440624476	0.157294838255324	0.131726692399292	0.0927296957643691	0.0474993661261579	0.0188608018056036	0.00502148403057785	0.00185305482071867	0.000537053764408488	0.000177848142752776	
0.00010436607469973	0.000343703735575552	0.000787931849849617	0.00210614580440056	0.00358635127366949	0.0078138816099421	0.0188208528795624	0.0327457203186405	0.0575730648961058	0.0926966669829663	0.130261282709	0.163747810073209	0.162171690260443	0.140302323547381	0.0983552290796923	0.0566806389150231	0.0223311385724078	0.00712416912119027	0.00175283782882197	0.000520677864698284	0.000159686497117255	1.38301056043814e-05	
7.9888980088316e-06	0.000173822958288933	0.000762424347068654	0.00184595085281486	0.00275681407901536	0.00672459047233715	0.0145414694675915	0.0283729578379465	0.049547789716742	0.0845121038247493	0.122595309486043	0.158895702359431	0.172445002235603	0.151191054495881	0.105267003145306	0.0601401665040969	0.0275664656986356	0.00972841612365783	0.00214128237275425	0.000571850473599913	0.000197274239540664	1.4560410887064e-05	
2.85813503830615e-05	6.43080383618885e-05	0.00022891063352252	0.000945912782450323	0.00232950997144853	0.00486779371592242	0.0111416599554625	0.0239110278152403	0.0439790332410199	0.07371338128158	0.114675782904897	0.154890652300467	0.177926441217841	0.160919758248545	0.116848355279696	0.0671764367032867	0.0309668538182151	0.0119654524226397	0.00269600083249679	0.000595271579341764	0.000104971505043244	2.39044021385606e-05	
7.14659543212591e-05	6.45745944402806e-05	0.000138210050946292	0.000776809399916972	0.00166298723350058	0.00294299352250457	0.00908536467864121	0.0193534909012993	0.0396800673413478	0.0634296077578335	0.106443051397166	0.14996530710771	0.174978518737927	0.170123428084002	0.130574807051495	0.0751414738755566	0.0368198977551906	0.013370259111303	0.00441340553266447	0.000848530589789378	0.000100052336049763	1.56969863955623e-05	
7.69876558404599e-05	4.36435038961805e-05	0.00021113671501397	0.00102388432591836	0.0027149091745211	0.00623200912419589	0.0159562710114826	0.0369314162291266	0.0603946273945511	0.0959406520442476	0.145823889578588	0.1740647126307	0.174200406592667	0.138457664320689	0.0858233411380964	0.0409070948244598	0.0152620946899245	0.00497008102628922	0.000781334587451089	0.000157322601065288	2.65208312761451e-05	
2.05774865834787e-06	0.000104430744411155	0.00017053592006058	0.000534371604714714	0.00176657722319165	0.00404797743884371	0.0126864063065881	0.0323583548711026	0.0589271052826524	0.0898960939814967	0.138105672595726	0.170922133761894	0.179469507251506	0.145347790389491	0.0948510241415073	0.0450666247571857	0.0184936302390281	0.00557752773845191	0.0015237628815066	5.46589487373654e-05	9.3756173245975e-05	
