# <P(U)> as a function of N_tot.
# number_of_species: 1
# species_total_upper_bound: 427
# species_total_lower_bound: 402
# volume: 729
# Bin widths for each
10	10	10	10	10	10	10	10	10	10	10	10	10	10	10	10	10	10	10	10	10	10	10	10	10	10	
# Bin lower bound for each
-1830	-1830	-1850	-1850	-1870	-1870	-1880	-1890	-1900	-1900	-1910	-1930	-1930	-1940	-1950	-1950	-1960	-1970	-1970	-1980	-1990	-1990	-2000	-2000	-2010	-2010	
# Bin upper bound for each
-1690	-1700	-1700	-1710	-1720	-1720	-1730	-1740	-1740	-1770	-1780	-1780	-1790	-1800	-1810	-1820	-1820	-1830	-1840	-1850	-1860	-1870	-1880	-1880	-1890	-1900	
# Normalized histogram for each
0.00022902229642873	0.000615035683151347	0.00684665849081694	0.0204919546683609	0.054645828100297	0.112449947546506	0.166002378876756	0.191682427340829	0.187321768938666	0.131227928899659	0.0829651738353108	0.0319467633978043	0.0103300137413378	0.00302161674965647	0.000223481434418357	
0.00101304385058696	0.0042052251927243	0.0147182881745351	0.0441493984596632	0.100375154188554	0.163149254519979	0.196116908175592	0.189648732510873	0.137451465907248	0.0927281307336733	0.0406438294515169	0.0119141973722809	0.00324319793892949	0.000643173523843882	
5.1029148578656e-05	0.000477487033128852	0.00428280354142291	0.0104956023808743	0.0336883504098734	0.0773146275054401	0.151006185461796	0.187021829540774	0.200912692771721	0.158301531238951	0.101125192726159	0.0539232302909026	0.015274117651347	0.00450514483165848	0.0013814319508079	0.000238743516564426	
0.00033847331886961	0.00358448793425849	0.0101893416046595	0.0304496516314229	0.0641675128499638	0.1314349234181	0.175693546627012	0.192365669557562	0.171585627276141	0.12256248346937	0.0623197814535117	0.0273479043322735	0.0053489881867263	0.00241740233750044	0.000194206002630104	
7.06653327035441e-05	0.000193399857925489	0.00229662331286518	0.0084947168365734	0.0230833888118182	0.0578674690281285	0.121094345657615	0.167811569030732	0.187832173554057	0.184460693338491	0.134186028347956	0.0685063208280489	0.0348342897948102	0.0059228706489681	0.0024286559081797	0.000916789711127558	
0.000402543037944298	0.00161201867947418	0.00752644689294017	0.0159059895818907	0.0471695500196655	0.0998897622964896	0.16522175874377	0.190247748621105	0.190934656924387	0.140262243863527	0.0871025579948186	0.0392276343949021	0.0114060015843208	0.00218444226554176	0.000781081215827697	0.000125563883395469	
0.00071091030461658	0.0028021557364993	0.00460488849833869	0.0131961546729624	0.0357510569369383	0.0882452772550188	0.14020395771498	0.198270432542721	0.19552673362172	0.150824241098536	0.0976096819572096	0.0555962029469778	0.0149517448416575	0.00151987720297338	2.63998521608279e-05	0.000160284816690741	
0.000161657195456862	0.00158233866611893	0.00396725776144723	0.00992384995169303	0.030914561319427	0.068574982312801	0.125862488683996	0.188916402309606	0.218433104350671	0.156642018698983	0.105092391841827	0.0625841568341055	0.0231702307323642	0.0041060927646043	0	6.84665768993769e-05	
0.000175050278329943	0.00112810179368185	0.00459604230770727	0.00844131342168834	0.027377863530803	0.0558196437532336	0.123947267076155	0.161555846873797	0.222961539508848	0.177306481917306	0.106819569843116	0.0676005274848387	0.0323765214786692	0.00953051515351909	0.000272300432957688	6.22400989617574e-05	2.91750463883238e-05	
0.000793734786749921	0.00424139306560727	0.00939049309247214	0.0244572075189072	0.0537480563673812	0.100254809218721	0.174442553953613	0.212246717194331	0.194344944927017	0.114578669293454	0.069215708621995	0.0309353045092277	0.0111326391885181	0.000217768262005747	
0.000334746241427358	0.00121763945319201	0.00721378150275956	0.0204257972190956	0.0533187997673514	0.0943837949344525	0.162801742354187	0.211988518203919	0.194376681576822	0.132153631787503	0.0723951512006929	0.034158761773653	0.0112872248281287	0.00394372915681606	
0.000257839177688028	0.000288173198592501	0.000407342566431506	0.00442660033627429	0.0180725763117297	0.0481184240176111	0.0738698410497305	0.158659929625071	0.20027820630601	0.207372033766099	0.15096592189423	0.081332010192231	0.0388708810733043	0.0124651158759599	0.00459127073547	2.38338735678009e-05	
0.000584762513054661	0.00058907810355691	0.00334889822974478	0.0106034058640244	0.0400141551368474	0.0795535953184474	0.131994493306519	0.199268075850819	0.207135397336418	0.167565748021302	0.101336538378546	0.0402903529289913	0.0142371330669175	0.00346973476380773	8.63118100449684e-06	
0.000719346373791956	0.00181752012786488	0.00128333095679452	0.00862789999808458	0.0263050922487236	0.0697084944591175	0.132080932851783	0.184952891325491	0.195666470158831	0.17275379838296	0.125957975699713	0.0565453071162085	0.0201246725164992	0.00294336105016058	0.000512906733975921	
4.56119164389691e-05	0.00147912929023514	0.0017810367371407	0.00535831418356842	0.0252559697310635	0.0556248180953332	0.108334817530614	0.181630995252017	0.202588584857713	0.190119155701707	0.124064412713996	0.0702575552881587	0.0244718791675174	0.00728921864615144	0.00169850088834637	
0.000490479720810806	0.00134938430103249	0.00360287868650887	0.0202746686436541	0.05536092074571	0.0968776558233731	0.172058929895304	0.203883604867729	0.188129486646294	0.146917888722131	0.0711399019944668	0.0303803591125255	0.00828390864871707	0.00124993219174367	
0.000182002605744624	0.00165799934745407	0.00337814592613802	0.0149441895668116	0.0465615934550087	0.0967610194809374	0.15700610152638	0.201989599216945	0.191952821373321	0.158781736704377	0.0810555263315599	0.0344184683814863	0.008705051460127	0.00255913420028721	4.66104234224036e-05	
2.49004547728513e-05	0.0011001473654187	0.00360830226435681	0.0101118483154842	0.0384712026240552	0.0867622391394403	0.14068077843349	0.196254066131081	0.201806867545426	0.162934993967299	0.0978791603566651	0.0428378369201307	0.0133217433034754	0.00347021792425282	0.000735695254652424	
0.00123766800114384	0.00195703460108665	0.00978070488990563	0.038720689162139	0.0800172469259365	0.128364490992279	0.207246836574206	0.192184819130683	0.174044270088647	0.0998467436374035	0.0411647483557335	0.0196016228195596	0.00525003574492422	0.000583089076351158	
0.0013672652249985	0.00168518217975425	0.00992656785303789	0.0295551608148456	0.076600200532233	0.124114334497547	0.190490058981376	0.196606069768321	0.177046395866635	0.119094359086089	0.0493504934382385	0.0174965484890052	0.00599151183962757	0.000675851428291941	
0.00020016659025899	0.00250961552948368	0.00696924106729687	0.0247367163639416	0.0753874730151761	0.123715866753621	0.175274906212267	0.182422790580548	0.179519298857329	0.133633798451615	0.062215219978778	0.0225671688050055	0.0101116413014703	0.000736096493210478	
0.000266658572964723	0.00641281348641992	0.0226312914079573	0.0681236775469146	0.113527177494884	0.171654410489438	0.197648201463804	0.176818481390267	0.140000086718235	0.0634712442332374	0.0277866904852752	0.00971027437649589	0.00194899233410802	
2.16901390121009e-05	0.0014619153694156	0.0216510967618791	0.0570081923655049	0.107309793748468	0.177692125828834	0.198241363528899	0.172369365715265	0.137749734838051	0.0775509230238657	0.0312121100384132	0.0161092662442874	0.00162242239810515	
0.000762265389778448	0.0173342297634279	0.0507007669873878	0.108097776838375	0.173061226325364	0.200862551632799	0.185986009394527	0.128053839771365	0.081263336833608	0.0335396771502517	0.0159783417692202	0.00384730407643341	0.000512674067461611	
6.98018557986728e-06	0.00815751021433823	0.0458458588885683	0.0988371010823941	0.13586000539801	0.236393291576312	0.188539465969269	0.131171647416866	0.0883319217846938	0.0456829878917047	0.0170409597289827	0.00366459742943032	0.000467672433851108	
0.00590459120554566	0.0391043820222131	0.0896954170880667	0.135554485577178	0.220255305032149	0.213383125724251	0.1439978436608	0.0872534090202249	0.0497685851788541	0.0110558459599741	0.00303868739762572	0.000988322133117085	
