# <P(N_1)> as a function of N_tot.
# number_of_species: 2
# species_total_upper_bound: 100
# species_total_lower_bound: 0
# volume: 512
# Bin widths for each species index 
1	1	1	1	1	1	1	1	1	1	1	1	1	1	1	1	1	1	1	1	1	1	1	1	1	1	1	1	1	1	1	1	1	1	1	1	1	1	1	1	1	1	1	1	1	1	1	1	1	1	1	1	1	1	1	1	1	1	1	1	1	1	1	1	1	1	1	1	1	1	1	1	1	1	1	1	1	1	1	1	1	1	1	1	1	1	1	1	1	1	1	1	1	1	1	1	1	1	1	1	1	
# Bin lower bound for each species index 
0	0	0	0	1	1	2	3	3	4	5	5	6	8	9	9	10	11	11	13	14	15	15	16	17	18	18	20	21	21	22	22	23	24	25	26	26	27	28	29	30	31	32	34	34	35	36	37	37	39	40	40	40	41	42	43	45	46	47	47	48	49	48	49	49	50	51	54	55	56	57	58	59	60	61	62	62	63	64	66	67	67	68	69	70	70	71	71	72	73	75	76	77	78	79	80	80	81	82	83	84	
# Bin upper bound for each species index 
0	1	2	3	4	5	6	7	8	9	10	11	12	13	14	15	16	17	18	19	20	21	22	23	24	25	26	27	28	29	30	31	32	33	34	35	36	37	38	39	40	41	42	43	44	45	46	47	48	49	50	51	52	53	54	55	56	57	58	59	60	61	62	63	64	65	66	67	68	69	70	71	72	73	74	75	76	77	78	79	80	81	82	83	84	85	86	87	88	89	90	91	92	93	94	95	96	97	98	99	100	
# Normalized histogram for each species index 
1	
0.0499264150192912	0.950073584980709	
0.0026760449510874	0.0943811140755114	0.902942840973401	
0.00019357180304069	0.00648465540186313	0.135677702947937	0.857644069847159	
0.000619523851668289	0.0120686464610706	0.171060994939214	0.816250834748047	
1.61326751201884e-05	0.00113735359597328	0.0208676152679637	0.203562094666538	0.774416803794405	
8.1383519837233e-06	0.00214038657171923	0.0299165818921668	0.232724313326551	0.735210579857579	
0.000131488116761448	0.00385424542256994	0.0382959140067716	0.254182965714474	0.703535386739423	
8.28376878344572e-06	0.000207094219586143	0.005036531420335	0.0490316274292152	0.281134544972581	0.6645819181895	
7.46206782190531e-05	0.000845701019815936	0.00696459663377829	0.0638835917419783	0.30020727966172	0.628024210264489	
0.000149663257670242	0.0010143843019872	0.00970316787228735	0.0752556747318533	0.315149247526399	0.598727862309803	
1.64182045051553e-05	7.38819202731989e-05	0.00125599264464438	0.0132412819334078	0.0859493005844881	0.323964011295725	0.575499113416957	
4.84519598817772e-05	0.000121129899704443	0.00222879015456175	0.0170389392250917	0.0975418705686645	0.339196020479028	0.543824797713067	
0.000239501836180744	0.00320932460482197	0.0219383681941562	0.110378412901166	0.350838256426633	0.513396136037043	
0.000351836747749044	0.00438196676741992	0.0263077931839626	0.121735514721169	0.3614962657327	0.485726622846999	
1.59040666698475e-05	0.000572546400114509	0.00527219810105444	0.0294463794392226	0.135431079727086	0.366859105873372	0.462402786392481	
4.76455173509092e-05	0.000889382990550306	0.00636861748590487	0.0352894465179068	0.145461764472326	0.373350273961725	0.438592869054237	
0.000197221542903574	0.000867774788775728	0.00784152854584612	0.0421344104259196	0.157793012046292	0.373222047790724	0.417944004859539	
1.56963694297509e-05	0.000321775573309893	0.00150685146525609	0.00927655433298278	0.0479681049773187	0.17330361487388	0.375127533001617	0.392479869406206	
0.00033692458374143	0.00194319294809011	0.0110950048971596	0.054871694417238	0.184007835455436	0.37354750244858	0.374197845249755	
0.000482418941946327	0.00212419953469915	0.0139356826617076	0.0627455862557287	0.190687758230301	0.37458274651997	0.355441607855648	
0.000529656891381392	0.00260933909724656	0.0175955134945671	0.0680842777583051	0.199314561669977	0.370417104801963	0.34144954628656	
2.30731958683597e-05	0.00052299243968282	0.00354558109843794	0.0191815168318964	0.0735650394936203	0.205612939448243	0.374208781658347	0.323340075833904	
8.44639991400029e-05	0.000760175992260026	0.00495266176775472	0.021100642694248	0.0812313315365537	0.216527301068086	0.371173204948055	0.304170217993903	
0.000210115096380573	0.000692601613995222	0.00494159578524681	0.0233072116170302	0.0889409420938359	0.223710321320457	0.368829814553972	0.289367397919082	
0.00019546520719312	0.00129788897576231	0.00641125879593432	0.0268021892103206	0.0958326817826427	0.230883502736513	0.362415949960907	0.276161063330727	
2.34767501917268e-05	0.000156511667944845	0.00168250043040709	0.0078881880644202	0.031106694004038	0.100253548902071	0.236254362762744	0.359820324605199	0.262814392812984	
0.000203516132567278	0.00180033501886438	0.00952612051286065	0.0343237785118274	0.108568029181082	0.242833883870564	0.353898899447375	0.248845437324859	
0.000204953570133535	0.00245944284160242	0.010160967380851	0.0386022166516893	0.11538885998518	0.251170600198647	0.346726260858598	0.235286698513298	
1.56755782328921e-05	0.000384051666705856	0.00268836166694099	0.0113412808514974	0.0432489203445492	0.122191132325394	0.25553543856349	0.340387343538135	0.224207795465055	
7.09555345316935e-05	0.000425733207190161	0.00275938189845475	0.0130637023021129	0.0458609271523179	0.130077262693157	0.257324187953327	0.338055818353832	0.212362030905077	
7.88568905150932e-06	7.88568905150932e-05	0.000528341166451124	0.00358010282938523	0.0138866984197079	0.0504053244172476	0.13605179320569	0.259376084282245	0.335062927798631	0.201021985301076	
1.58140270419862e-05	0.000189768324503835	0.000814422392662291	0.00385862259824464	0.0162884478532458	0.0533011781450146	0.14036530402467	0.266671938009014	0.326053609551672	0.192440895073931	
6.35233209992218e-05	0.000198510378122568	0.00105607521161206	0.00501834235893853	0.0190093538090171	0.0574409630135463	0.146953262716575	0.27060140704156	0.318458288999349	0.18120027315028	
6.39452628549961e-05	0.000303739998561232	0.00111104894210556	0.00576306681480653	0.0209660530585819	0.0611716370786607	0.153788357166266	0.272822463970841	0.313955254302317	0.170054433405005	
0.000120267474864098	0.000232517118070589	0.00133897788682029	0.0060294094065201	0.0223056076714613	0.0675662673786501	0.159586921313	0.272870864803323	0.303474928240407	0.166474238706884	
8.03813290248941e-06	4.82287974149365e-05	0.000144686392244809	0.0013664825934232	0.00649481138521144	0.0243957333590554	0.0728174459636516	0.167233355036292	0.270571591630696	0.299388298086121	0.157531328622987	
4.01487108248954e-05	8.83271638147699e-05	0.000192713811959498	0.00137308591021142	0.00730706537013096	0.0280719786087669	0.0762343721143114	0.17089700249725	0.277997703493741	0.290130643905024	0.147666958413965	
2.43155181636921e-05	8.10517272123069e-05	0.000202629318030767	0.00154808798975506	0.00872927102076545	0.0298351407868502	0.0827213927928804	0.174293634197345	0.277950688129164	0.283810728006614	0.14080306051322	
8.04738299105131e-06	0.000128758127856821	0.000362132234597309	0.00202794051374493	0.0103891714414472	0.0320688212193395	0.0865978883667032	0.181677718405974	0.278890104937874	0.275244640442928	0.132604776926543	
1.60318071052969e-05	0.000192381685263563	0.00067333589842247	0.0026131845581634	0.0103725791971271	0.0359673592407336	0.0921508272412466	0.188870719507503	0.276260100038476	0.2651340259074	0.127749454918558	
2.41592578275995e-05	9.66370313103981e-05	0.000491238242494524	0.00324539363484087	0.0120393634840871	0.0383407421724005	0.0975953485375596	0.191139994846025	0.27721137739982	0.259422110552764	0.120393634840871	
1.60661927139816e-05	5.62316744989356e-05	0.000963971562838896	0.00344619833714905	0.0137285616740973	0.0420934249106318	0.101578503434149	0.194119773466683	0.278186126842591	0.253468289352131	0.112342852552516	
0.000135549974086034	0.00101263804170155	0.00401865805525655	0.0155563529083443	0.0442610533030339	0.102308336323406	0.19818203564167	0.279224973089343	0.250552166806203	0.104748235856955	
3.98759061799679e-05	0.000175453987191859	0.000765617398655384	0.00469738174800022	0.0170828382074983	0.0458174162007832	0.106388917688154	0.205719799982455	0.274194706074696	0.243817240746796	0.101300752059591	
2.41076163996079e-05	0.000329470757461307	0.00134199064624484	0.00533581909644654	0.0168994390961251	0.049219716815866	0.112767393645232	0.206650487777438	0.271274971472654	0.23849664904132	0.0976599540348114	
6.46929913230525e-05	0.000355811452276789	0.00173862414180704	0.00599218832129774	0.0185102821423084	0.0526196618173879	0.118105142284148	0.211570341498128	0.268217142025376	0.229708638940329	0.0931174743856188	
0.000105109961190168	0.000428525226390686	0.00213454075032342	0.00641979301423027	0.021272639068564	0.0578994178525226	0.122202457956016	0.210446313065977	0.269978978007762	0.220641979301423	0.0884702457956015	
8.09795283752267e-06	8.09795283752267e-05	0.000445387406063747	0.00251036537963203	0.00734484322363307	0.0217753951800985	0.0609856828193833	0.129389090437937	0.215729463591604	0.263993262503239	0.21440139932625	0.0833360326509458	
9.63901874789147e-05	0.000674731312352403	0.00267482770253988	0.00836988127941909	0.0256397898693913	0.0654007422044436	0.134207271033142	0.216171060452713	0.260197278583707	0.207584301251466	0.0789837261233473	
0.00023203712594015	0.000752120339254281	0.00316850696111378	0.00924947991678669	0.0274763962233957	0.0676188190110418	0.137502000320051	0.217106737077932	0.257097135541687	0.203168506961114	0.0766282605216835	
3.18984353817445e-05	0.000303035136126573	0.000669867143016635	0.00326958962662881	0.00964927670297772	0.0284853027958979	0.0684699915469146	0.141310068741128	0.220003508827892	0.256551141166526	0.197778273975662	0.0734780459018485	
2.36875143112066e-05	5.52708667261486e-05	0.000260562657423272	0.000821167162788494	0.00330835616546518	0.0108488815545326	0.030154205718166	0.0709677928763749	0.145141296022866	0.220728154189927	0.260183657194293	0.188220988716847	0.0692859793602792	
3.9270510987889e-05	7.85410219757779e-06	0.000235623065927334	0.00106815789887058	0.00402915442735741	0.0120403386688868	0.0311336611111984	0.074857448045114	0.146549692904604	0.226111748166067	0.253310504076279	0.1845007147233	0.0661158322992099	
7.84282969295322e-06	7.84282969295322e-06	0.000313713187718129	0.00134896670718795	0.00488608289870985	0.0116701305831144	0.0332065409199639	0.0788831810517235	0.149664719030626	0.22674404925297	0.249605897807929	0.181506607584016	0.0621544253166543	
7.83557822649522e-06	3.13423129059809e-05	0.00034476544196579	0.00144958197190162	0.00465433346653816	0.0124428982236744	0.0349075009990362	0.0840209053227083	0.154572451674071	0.229480579519366	0.24422713774163	0.174130054927403	0.0597306128205731	
2.35120773704093e-05	0.000235120773704093	0.00125397745975516	0.00445945734125429	0.0133313478690221	0.039006536357509	0.0873865542266878	0.158463564117435	0.22883521168707	0.239313760835149	0.169286957066947	0.0584040001880966	
1.56693147808646e-05	0.000258543693884266	0.00126921449725004	0.00512386593334273	0.0150817154765822	0.0417978971779564	0.0909447029881383	0.161433115529858	0.228388097588492	0.23957598834203	0.162843353860136	0.0532678355975493	
5.4440815056774e-05	0.000443303779748017	0.00167211074817234	0.00540519520920827	0.0172110748172344	0.0453958624980557	0.0937937470835278	0.164839010732618	0.229825789391818	0.233333333333333	0.156797324622803	0.0512288069684243	
1.54796365381341e-05	7.73981826906704e-05	0.00062692527979443	0.00168728038265662	0.00682651971331713	0.0193263262178604	0.0451695794182753	0.0975913685546663	0.17048497701274	0.228843206761505	0.228378817665361	0.151189610067956	0.0497825111066392	
7.78113231037381e-06	0.000178966043138598	0.000544679261726166	0.00173519250521336	0.00757882287030409	0.0202931930654549	0.0479006505026611	0.101746086090448	0.173472563727474	0.226703289862741	0.226625478539637	0.147693672383205	0.0455196240156868	
3.122682384168e-05	0.00017174753112924	0.00060111635895234	0.00221710449275928	0.00771302548889496	0.0195714118427729	0.0504937741519966	0.10538272375971	0.177188805183653	0.231578125609899	0.224559896951481	0.13774151996565	0.0427495218392599	
1.5666859891272e-05	0	7.833429945636e-06	0.000242836328314716	0.000775509564617964	0.00259286531200551	0.0076375941969951	0.0218396026884332	0.0550768459477667	0.109981356436729	0.181108900343104	0.230177505522568	0.218897366400852	0.131554622507011	0.040091494461765	
1.57822055632275e-05	0	7.10199250345236e-05	0.000268297494574867	0.000939041231012034	0.00334582757940422	0.00861708423752219	0.024738607220359	0.0565239692246991	0.113726573288617	0.181242848688104	0.231564411126455	0.212901953047938	0.1284119155652	0.0376326691655159	
7.93732686705771e-06	1.58746537341154e-05	0	7.14359418035194e-05	0.000230182479144674	0.00147634279727273	0.0036035463976442	0.00908823926278108	0.0255343805313247	0.059958567153754	0.116996198020431	0.183757054299253	0.230349163008882	0.208005587878114	0.123488931397684	0.0374165588513101	
1.60265399501575e-05	1.60265399501575e-05	2.40398099252362e-05	8.8145969725866e-05	0.000208345019352047	0.00155457437516527	0.00355789186893496	0.01017685286835	0.0283509491718285	0.0638737749713526	0.120920243923938	0.18878462734288	0.224195267362753	0.202599504779916	0.120391368105583	0.0352423613503963	
8.02471612566705e-06	1.60494322513341e-05	0.000112346025759339	0.000232716767644345	0.000345062793403683	0.0014364241864944	0.00442964330136821	0.0112506520081852	0.0312000962965935	0.0664927978172772	0.124487421257473	0.188476507643542	0.223993901215745	0.19711110219476	0.117578140673274	0.0328291136701039	
0.000135908669374181	0.000183876435035656	0.000503661539445493	0.00148700073550574	0.00472482491765534	0.0133510281091107	0.0317386716126763	0.0688817114898788	0.12808192894375	0.189616577659813	0.222186690543954	0.196268107831537	0.111269227079403	0.0315707844328611	
8.87991927346115e-05	0.000145307769929364	0.000548940464177598	0.00157416750756811	0.005029263370333	0.014167507568113	0.0323471241170535	0.0722744702320888	0.130591321897074	0.190627648839556	0.221408678102926	0.192266397578204	0.106970736629667	0.0319596367305752	
8.19195386291584e-05	0.000131071261806653	0.000491517231774951	0.00152370341850235	0.00517731484136281	0.0149830836152731	0.0357988383809422	0.0762752824176094	0.13243931810176	0.192748482440547	0.218422065846925	0.186104807857722	0.105741740462518	0.030080854584627	
4.88376636061731e-05	0.00021162987562675	0.000537214299667904	0.00201862342905515	0.0055593540405027	0.0169548088819431	0.0377677931887739	0.0779286318942502	0.135581493781337	0.193234355668425	0.216595038093378	0.18402031646806	0.101834668229472	0.0277072344859022	
2.45035979449649e-05	0.000187860917578064	0.000555414886752538	0.00218898808308353	0.00622391387802109	0.0172750365512003	0.038870874206696	0.0818420171361828	0.138625021440648	0.196845570157885	0.211408875203176	0.182984701587016	0.0969117298723363	0.0260554924814794	
1.6431828451711e-05	0.000230045598323953	0.000591545824261595	0.00264552438072547	0.00645770858152241	0.0176724314998151	0.0419340262087664	0.0837037341330157	0.140426405948322	0.197157293677854	0.214369633981021	0.177447315450027	0.0946884114529844	0.0226594914349094	
4.134110546116e-05	0.000305924180412584	0.000901236099053289	0.00264583074951424	0.00754061763611559	0.0194633924511141	0.0450370002893877	0.0858902807061061	0.144809624209351	0.197875067179296	0.214700897101989	0.17084625242879	0.0881640415064699	0.0217784943569391	
2.47825332705509e-05	0.000313912088093645	0.000883910353316316	0.00318868594747755	0.00826084442351697	0.0211477617242034	0.0478055066788927	0.0876888635556327	0.149546066598928	0.200507215847604	0.209354580225191	0.164341238961447	0.0844093083194964	0.0225273227429308	
4.1042142071479e-05	0.000418629849129086	0.00091934398240113	0.00319307865316107	0.00904568811255397	0.0222858831448131	0.0484871866432453	0.0934693743535863	0.151379836816443	0.199686438034574	0.20806724344557	0.160359857501683	0.0812552328731141	0.0213911644476549	
8.21881780524689e-06	9.86258136629627e-05	0.000304096258794135	0.00115885331053981	0.00367381155894536	0.00896673022552436	0.0230455651259123	0.0523867446906437	0.0955191005325794	0.152056348214873	0.199593990400421	0.204886909067	0.158483463738576	0.0797060950752844	0.0201114471694391	
8.27218807646811e-06	9.92662569176173e-05	0.00034743189921166	0.00135663884454077	0.00350740774442248	0.0100176197606029	0.0251557239405395	0.0545633525523836	0.0981329671511411	0.15458237858496	0.199500359840181	0.201717306244675	0.154789183286871	0.0770719763084533	0.0191501153970237	
8.28273959894975e-06	6.6261916791598e-05	0.000281613146364291	0.00106847340826452	0.00388460487190743	0.0112313948961759	0.0278134395732733	0.0576644330878881	0.102631426370586	0.155036319813141	0.195538916452006	0.201055221024906	0.152799980121425	0.0737660788682465	0.0171535537094249	
0.000140836902582286	0.000256820234120639	0.00104384998384518	0.00468904040362199	0.0118468688642746	0.0285981757478854	0.0610983621496682	0.106770941204735	0.154266115469691	0.196492332673333	0.199764719527451	0.148475233416455	0.0707166941436702	0.0158400092786665	
0.000134528393899137	0.000445625304790892	0.0010762271511931	0.00513730304202331	0.0132678628483024	0.0303025207257807	0.0608993223132157	0.1091025274522	0.155506415322784	0.201338557519296	0.199438343955471	0.143651100610423	0.0647417895639598	0.0149578757966603	
8.5230420441664e-06	0.000144891714750829	0.000375013849943322	0.00183245403949578	0.00600022159909315	0.0140544963308304	0.0303079375090557	0.0630108498325222	0.1100154267061	0.160173529136019	0.204501870807729	0.194921971550086	0.137135746490637	0.0621585456281056	0.0153585217635879	
8.50434146631856e-06	9.35477561295041e-05	0.000510260487979113	0.00204954629338277	0.00624218663627782	0.0146189629806016	0.03224846284028	0.0659766810956994	0.1115514470137	0.163266347470384	0.201748492605475	0.189825405869696	0.133373587216274	0.0632127701191458	0.0152737972735081	
5.99150917556834e-05	0.000145508079978088	0.000599150917556834	0.00204567241851548	0.00604286496850178	0.0146449602848535	0.0342457545877842	0.0669337167899206	0.114745960010956	0.167385647767735	0.200150643659271	0.185351615995618	0.130332443166256	0.0625855929882224	0.0147305532730759	
7.80768797008788e-05	0.000208205012535677	0.00102367464496708	0.0024464088972942	0.00575166347129807	0.0161011876360923	0.0350912198211172	0.0690720129087108	0.116855063285649	0.168489906394496	0.198367325693366	0.185415238871876	0.127221937868154	0.0609780430463863	0.0129000355683563	
8.79298671379708e-06	0.000114308827279362	0.000351719468551883	0.00108153736579704	0.00233014147915623	0.00679697872976514	0.0169352924107732	0.0363062421412681	0.0718562874251497	0.119320829706226	0.16951119786858	0.197428930684886	0.184125141786911	0.124842825362491	0.0566795923571359	0.0123101813993159	
7.923232678933e-05	4.40179593274056e-05	0.000343340082753764	0.000889162778413593	0.00271150629456818	0.00793203627079849	0.017712826833348	0.0370455145699445	0.0733251166475922	0.123461572321507	0.168932124306717	0.197138832643719	0.180491240426094	0.122387534113918	0.0554890395281275	0.0120169028963817	
0.000123695673302056	3.53416209434446e-05	0.000114860268066195	0.000282732967547557	0.000839363497406809	0.0036843639833541	0.00859684929449289	0.0174941023670051	0.0386725687173642	0.0767531652839257	0.125718981101068	0.170620510509715	0.19494438112404	0.177830201182177	0.120691635521863	0.0524646362905435	0.011132610597185	
5.34549730943302e-05	1.78183243647767e-05	8.01824596414953e-05	0.000231638216742098	0.000908734542603614	0.00383984890060939	0.00815188339688536	0.0197694308827198	0.0412939667153701	0.0788282669897723	0.127971205587827	0.174004846584227	0.195342290011047	0.175065036883931	0.114170913367307	0.049044937814048	0.0112255443498093	
3.53200883002208e-05	1.76600441501104e-05	0.000105960264900662	0.000388520971302428	0.00113024282560706	0.00386754966887417	0.00882119205298013	0.0210419426048565	0.0440353200883002	0.0789139072847682	0.130260485651214	0.177518763796909	0.193995584988962	0.170569536423841	0.111991169977925	0.0469315673289183	0.0103752759381898	
2.61417405170836e-05	0.000121994789079724	0.000522834810341673	0.00110666701522321	0.00379926628848282	0.0089491891703483	0.0220462011694072	0.0443363919169738	0.0818410756454831	0.132373060065006	0.179079636455529	0.19439869639854	0.168893071567372	0.108854207513136	0.0436218510095069	0.0100297144450544	
4.32081162125494e-05	0.000155549218365178	0.000613555250218201	0.00120982725395138	0.0038541639661594	0.00983416724997624	0.0222262549797354	0.0462499675939128	0.0837200459734356	0.133547645589748	0.18175926165971	0.189657705303364	0.167612924411721	0.105384595442408	0.0436229141281898	0.010508213862892	
1.73176666175999e-05	0.000233788499337599	0.000632094831542398	0.00171444899514239	0.00406965165513599	0.0103126704707808	0.0231970144342751	0.0481084778636926	0.0884240057494653	0.1374589787772	0.174466832339011	0.194018477950281	0.162630207205881	0.101749950211708	0.0433980725437055	0.00956801080622397	
3.45181695014713e-05	0.000181220389882725	0.000681733847654059	0.00164824259369526	0.00433203027243465	0.0102087486300601	0.024939377464813	0.0502670843365176	0.0898853133818314	0.137296019192102	0.178122384169967	0.19272356986909	0.159888161130815	0.0981869331469352	0.0433203027243465	0.00828436068035312	
6.09734852444166e-05	0.00018292045573325	0.000696839831364761	0.001463363645866	0.00422459147764886	0.011854987631093	0.0259747047141215	0.0522891188460332	0.0899271802376224	0.144132608619909	0.178530364795652	0.19121284972649	0.154872652520818	0.0959200027873593	0.0406257621685656	0.00803107905647887	
0.000131247375052499	0.000209995800083998	0.000647487050258995	0.00159246815063699	0.00503989920201596	0.0113047739045219	0.0271944561108778	0.0549314013719726	0.0963268234635307	0.144310863782724	0.179502659946801	0.188707475850483	0.149473260534789	0.0946906061878762	0.0382192356152877	0.00771734565308694	
1.73938756163955e-05	3.47877512327909e-05	0.00026960507205413	0.000643573397806632	0.00218293138985763	0.00567040345094492	0.0128975587695572	0.0284737743840394	0.0588173903968413	0.0997451797222198	0.143177687136359	0.179348251480654	0.185601349764748	0.148039275371142	0.0912395745458024	0.0370663489385387	0.00677491455258603	
2.62299668628085e-05	0.000166123123464454	0.000209839734902468	0.000839358939609873	0.0027628898428825	0.00639136859223768	0.0141641821059166	0.0313535537233438	0.0593759016551109	0.100749302720048	0.145069203395906	0.181397707500896	0.182709205844037	0.145008000139893	0.0877479824783821	0.0350782090178626	0.00695094121864426	
2.62324898130498e-05	2.62324898130498e-05	0.000288557387943548	0.00103181126597996	0.00256203983840786	0.00711774890260751	0.0161329812350256	0.0327381472866861	0.0625819765306658	0.101869502107343	0.14932407617915	0.178258512442944	0.178188559136776	0.143019534460747	0.0862961473216628	0.0339973067977125	0.00654063412672041	
2.6282360155942e-05	5.2564720311884e-05	0.000350431468745893	0.000858557098427439	0.00292610276402821	0.00743790792413159	0.0161198475623111	0.0346313898988129	0.0653467081343905	0.106399754697972	0.149380174339656	0.176363397433089	0.176634981821368	0.141653160453809	0.0821411362740374	0.033063209076175	0.00661439397257874	
7.07226082497923e-05	0.000203327498718153	0.000194487172686929	0.00115808271009035	0.00327976095758412	0.00733747060591595	0.0157711416397037	0.035988967273113	0.0692197528244842	0.105491610530596	0.147527360809067	0.176002050955639	0.178433140614226	0.137590834349971	0.0820647465478527	0.0330539790307467	0.00661256387135558	
