# <P(N_2)> as a function of N_tot.
# number_of_species: 2
# species_total_upper_bound: 100
# species_total_lower_bound: 0
# volume: 512
# Bin widths for each species index 
1	1	1	1	1	1	1	1	1	1	1	1	1	1	1	1	1	1	1	1	1	1	1	1	1	1	1	1	1	1	1	1	1	1	1	1	1	1	1	1	1	1	1	1	1	1	1	1	1	1	1	1	1	1	1	1	1	1	1	1	1	1	1	1	1	1	1	1	1	1	1	1	1	1	1	1	1	1	1	1	1	1	1	1	1	1	1	1	1	1	1	1	1	1	1	1	1	1	1	1	1	
# Bin lower bound for each species index 
0	0	0	0	0	0	0	0	0	0	0	0	0	0	0	0	0	0	0	0	0	0	0	0	0	0	0	0	0	0	0	0	0	0	0	0	0	0	0	0	0	0	0	0	0	0	0	0	0	0	0	0	0	0	0	0	0	0	0	0	0	0	0	0	0	0	0	0	0	0	0	0	0	0	0	0	0	0	0	0	0	0	0	0	0	0	0	0	0	0	0	0	0	0	0	0	0	0	0	0	0	
# Bin upper bound for each species index 
0	1	2	3	3	4	4	5	6	5	6	6	6	6	6	6	6	6	8	8	8	8	8	8	8	9	9	9	8	9	9	10	10	10	10	10	11	11	11	10	10	10	11	11	11	11	11	11	11	12	13	13	13	13	13	13	13	12	13	13	13	13	14	14	15	15	15	13	13	13	14	14	14	14	14	14	14	15	15	16	16	16	16	16	15	16	16	16	16	16	17	18	15	15	15	16	16	16	16	16	16	
# Normalized histogram for each species index 
1	
0.949804841127321	0.0501951588726792	
0.902042651114951	0.0953688694790146	0.00258847940603403	
0.857543545348765	0.135177321005032	0.0071720000357112	0.000107133610491952	
0.814813822383592	0.171454899211166	0.0132817070610985	0.000449571344143887	
0.774249659592815	0.202890090335696	0.0215830749103236	0.00122976262618031	4.74125349852651e-05	
0.735986216022985	0.231463348564983	0.0303226770993847	0.0021019380757201	0.000125820236926907	
0.700106135082092	0.255938228196356	0.0400496878205546	0.00372510420804848	0.000167503691010536	1.33410019388923e-05	
0.663153950356055	0.279868373508756	0.0512008017736566	0.00550327207516925	0.000257245627939552	1.48696894762747e-05	1.48696894762747e-06	
0.628324807710815	0.299412953517467	0.0639458703167682	0.00768860626429677	0.000605553622587594	2.22085680655597e-05	
0.597003432517999	0.31535925935798	0.0756634770015371	0.0109268983246114	0.000968449858286466	6.51556479581108e-05	1.33272916277954e-05	
0.569850565726003	0.327724262048415	0.0868636504447624	0.0139093363230023	0.00155777486022806	8.55596040655564e-05	8.85099352402307e-06	
0.54112370598357	0.340280874978105	0.0984504921420655	0.017629386923608	0.0023727621041042	0.000122170753499162	2.06071150480514e-05	
0.513854177189985	0.350498603967456	0.110553771776863	0.0217904062476666	0.00302485918885165	0.000263540490800241	1.46411383777912e-05	
0.487895831502475	0.359089843864429	0.122567888215133	0.0259806075519231	0.00404106980695433	0.000404253449336497	2.05056097489527e-05	
0.463227203609714	0.365120202200034	0.135390551351162	0.0305693296870394	0.00505062297340287	0.000627497220041386	1.45929586056136e-05	
0.439354578035407	0.370690246175793	0.146723806717651	0.0361029629489167	0.00626051137233852	0.000818300764184974	4.95939857081802e-05	
0.41768160085413	0.374375802747122	0.157478803112222	0.0415719370515344	0.00779364726109591	0.000987660785793976	0.000110548188100651	
0.396481971885409	0.376025752581722	0.16964338891657	0.0469714423508528	0.00925773935679557	0.00142650243972591	0.000178675967501311	1.01685509960096e-05	4.35795042686124e-06	
0.374319315359491	0.377168120049731	0.180938221801036	0.0540200604537801	0.011309725639532	0.00198083215236903	0.00023619286088965	1.88374674329169e-05	8.69421573826933e-06	
0.354454559410056	0.376229895178319	0.191262639281918	0.0616142365164097	0.0135654143483185	0.00238955200968565	0.000444601495135451	3.04124801232719e-05	8.68928003522055e-06	
0.339414942411579	0.373829666409424	0.199362231897142	0.0672961835840238	0.0165776023996389	0.00300974125252996	0.000483422397600361	2.03852818265213e-05	5.82436623614893e-06	
0.322025402773993	0.374614419578524	0.2071694280806	0.0731061936200191	0.0188459033400699	0.00362084968301173	0.000560976711452522	5.39120475941385e-05	2.91416473481829e-06	
0.306226509317423	0.371319975585752	0.215563790983666	0.0799785645239952	0.0216150784263908	0.00450174199747096	0.000708188410241134	8.17702081927908e-05	4.38054686747093e-06	
0.290941404693251	0.368150303584406	0.223922802822514	0.086684190168085	0.0240962796258527	0.00516620953184706	0.000890826827953208	0.000130400637644466	1.75821084464449e-05	
0.275500311006112	0.363966218603714	0.231874768205539	0.0946641280001869	0.026441360016587	0.00622742285442286	0.00113597537649261	0.000188355814354173	0	1.46012259189282e-06	
0.261785729342174	0.359941385721783	0.238472307224878	0.100433646805362	0.0306765500729044	0.00713489279489218	0.00136068860147088	0.000164271166630566	2.32596342131775e-05	7.26863569161795e-06	
0.248931778230012	0.355368826451345	0.243761716157173	0.107481564148012	0.0340211674945477	0.00863038578524694	0.00154051510973982	0.000237787843643552	2.18823168997133e-05	4.37646337994267e-06	
0.237896453894489	0.348914506715544	0.249382088081864	0.113847804384653	0.0380510963094836	0.00967611330114783	0.00195276244264857	0.00025286519654057	2.63096736284986e-05	
0.225437430576685	0.344576938138822	0.253704639188015	0.119927093690722	0.0423520437204928	0.011393066621634	0.00220116492868779	0.000355214446163902	5.09528918677729e-05	1.4557969105078e-06	
0.213907213621212	0.33869234968235	0.258664243156293	0.12722122855716	0.0450125434083228	0.0131357359380263	0.00284694718992811	0.000448601061544001	6.53302516811651e-05	5.80713348277023e-06	
0.202565311020396	0.333581791947331	0.261988007279741	0.133980582524272	0.0491208480462887	0.014431868442614	0.00351370751974013	0.000672868464366249	0.000136313869936266	5.80059021005387e-06	2.90029510502694e-06	
0.192137107893079	0.326473004234914	0.265255415552788	0.141855118905598	0.0530162517379404	0.0160891915348154	0.00408833236095751	0.000853368629124252	0.000198829085357181	3.04774510401519e-05	2.90261438477637e-06	
0.18219862867343	0.317697438901543	0.2695498345076	0.14876872782351	0.058061158781127	0.0177121202650786	0.00474164434178796	0.00102042744571893	0.000190421645853532	4.50616108508359e-05	1.45360035002696e-05	
0.172060207235472	0.312414610770768	0.270403838254957	0.155385820945523	0.0630620395536019	0.0196573652488777	0.00547947599779772	0.00119290027703252	0.000233045231166304	9.17615597717322e-05	1.89349250322622e-05	
0.165087449744458	0.302654250620268	0.274481992553871	0.159534923045974	0.0684641556631691	0.0219637489540725	0.00606565071997714	0.00142275296868486	0.000218660804613451	8.89220605428036e-05	1.74928643690761e-05	
0.157071182875797	0.296397403033689	0.27468249968962	0.1662116863484	0.0721965398126036	0.0249180232091084	0.00660634343345822	0.00155555068685231	0.000287740361793338	5.4042606022099e-05	1.75273316828429e-05	1.46061097357024e-06	
0.14818231930296	0.289483726921677	0.276653297676194	0.17183124951566	0.0768729136844753	0.0275792087097779	0.0074131368973902	0.00166832134120754	0.000254415349141202	4.38647153691728e-05	1.0235100252807e-05	7.31078589486213e-06	
0.141200879765396	0.282268328445748	0.277604105571848	0.175970674486804	0.0821304985337243	0.0299780058651026	0.00845014662756598	0.00193695014662757	0.000387096774193548	5.42521994134897e-05	1.17302052785924e-05	7.33137829912023e-06	
0.133657934239056	0.277068526099259	0.276853458491952	0.18145707572428	0.0865961674074551	0.0317729471284817	0.00975558371104277	0.00232477842184268	0.000433061304509397	7.31522473833441e-05	7.31522473833441e-06	
0.127267206241314	0.269290961540708	0.276549525244385	0.186671513495206	0.0915160062132838	0.0348037326419303	0.0104090022540672	0.00276064842390479	0.000601473903040071	0.000122630601590694	7.29944057087465e-06	
0.12019576037783	0.261377548110044	0.277408134937757	0.191264207765766	0.0968738893041175	0.037323769586642	0.0117713652180145	0.00302621205716601	0.00060114700603926	0.000137488609653748	2.04770269697072e-05	
0.114151212344939	0.255644330085306	0.275496524148215	0.194440099122082	0.101891068047748	0.0410201679812282	0.0129385019115357	0.00348535463922047	0.000764614293755163	0.000143273806478023	2.19296642568402e-05	2.92395523424536e-06	
0.108188412129686	0.248868303766495	0.275707128084127	0.19857991785371	0.105198228902677	0.0438390282268636	0.0146246613650267	0.00393107867983338	0.000878266188936468	0.000151475428937633	2.62169011622826e-05	7.2824725450785e-06	
0.102643297956894	0.242497603908551	0.274251659731638	0.20292264715508	0.10910397868063	0.0466478096217682	0.0162305975033896	0.00445760671373136	0.000990579269718079	0.000207466454719716	3.65257842816401e-05	1.02272195988592e-05	
0.0985102281857978	0.235772964571268	0.273094097553051	0.205676032075684	0.113109377263966	0.0500703247231284	0.017340422885026	0.00488101876448023	0.00123525632300489	0.000240026110157349	6.58608229090286e-05	4.39072152726858e-06	
0.0943030981599611	0.228935311362866	0.269937683230454	0.209259122850955	0.118157309329837	0.0530031379366225	0.0190368155099515	0.00559672358166738	0.00138629031069992	0.000304954404160344	7.07140647328334e-05	8.83925809160418e-06	
0.0885496725286528	0.221587218927208	0.26977958004962	0.211649902283793	0.122467034649679	0.0567183036288885	0.020825905372838	0.00635414247185758	0.00160813803653299	0.000358021531592441	9.76422358888476e-05	4.43828344949307e-06	
0.0832933593720994	0.21360055245747	0.26691566855522	0.215942556303881	0.128097363203659	0.0599832183617854	0.0225007611141226	0.00721610443228312	0.00192469054213602	0.000403947397732251	0.000109897453794804	1.18808058156544e-05	
0.0797113821439971	0.207901359206004	0.263250959461365	0.217553132260914	0.131971405453155	0.0641373013339668	0.0244360148762907	0.00821165309440209	0.00227449874175086	0.000464698502720639	7.86869669143574e-05	7.42329876550542e-06	1.48465975310108e-06	
0.0748813777925028	0.202191700586899	0.261273546951912	0.219217389246498	0.13602358244983	0.0673351121734192	0.0268467791556229	0.00896026599772813	0.0025898688943582	0.000551696800454373	0.000107972832260507	1.18326391518364e-05	7.39539946989777e-06	1.47907989397955e-06	
0.0713186241757395	0.194532140047615	0.259461125127593	0.221720328474561	0.1411187275833	0.0697230662563944	0.0288696723995147	0.00967853285708572	0.0027733374419814	0.000632593529768192	0.000131852047188218	2.51852224966259e-05	1.18518694101769e-05	2.96296735254423e-06	
0.0682123631018444	0.188041128347531	0.256702471464579	0.224201060067006	0.144687143909208	0.0724250699771657	0.0308358881728588	0.0106258603598064	0.00322139456452643	0.00077941745213473	0.000216340205345381	3.70445557098255e-05	8.89069337035813e-06	5.92712891357209e-06	
0.0652672264427562	0.181480000592356	0.251354273105573	0.226020702829979	0.149101840745183	0.0772742754749952	0.03278392346765	0.0117923201089934	0.00364002547129296	0.00103366060983014	0.000189553808106387	4.59075629007656e-05	1.33280021324803e-05	2.9617782516623e-06	
0.0617601424695718	0.176361188953843	0.247371132639052	0.226121307599072	0.154219440068376	0.0811099761458765	0.0350798562200893	0.0124139717860217	0.00409034190910417	0.00117930498435038	0.00024122147407167	3.57365146772844e-05	1.19121715590948e-05	4.46706433466055e-06	
0.0580602973568282	0.170547727925685	0.243436961310094	0.228786092223712	0.157286978069335	0.0852865830300709	0.0370454055736449	0.0135076493966673	0.00451900976824363	0.00116566510247079	0.000309746696035242	2.9927217008236e-05	1.34672476537062e-05	4.4890825512354e-06	
0.055381105763538	0.164001456884755	0.239026525194963	0.229693169878458	0.161559825953233	0.0890228530060239	0.0399594110708253	0.0144924060631587	0.00513806680985705	0.00134746851285341	0.000313260199317423	5.24598419909559e-05	1.04919683981912e-05	1.49885262831303e-06	
0.0527114622608967	0.159668667380565	0.235824777056881	0.228838776055024	0.163590606543264	0.0928457230616022	0.0427888811899898	0.016158689307429	0.00538273026957145	0.00172625314580015	0.000383945095851293	6.44907778187719e-05	1.49978553066911e-05	
0.0505819272782449	0.153829512659378	0.231662192229051	0.229434237785687	0.166407014075324	0.0963263540118954	0.0452952302545096	0.017909268320531	0.00601833142287116	0.00189293499571085	0.000528819935309698	8.1125785530465e-05	2.85442578718303e-05	4.50698808502583e-06	
0.0487731852048001	0.148305569263731	0.228573620924158	0.229071628892286	0.170371384552425	0.0988508202838194	0.0474913036675052	0.0190822811473141	0.00670279606648933	0.0020507095485129	0.000573235757874845	0.000127887242570503	2.40728927191536e-05	1.5045557949471e-06	
0.0452483716786458	0.14444956116589	0.224712861631813	0.229188487978714	0.173148348803891	0.102838576467897	0.0499692996713259	0.0205496562767123	0.00715739035166925	0.00197445251080531	0.000564344277097555	0.000171560660237657	2.40786891561623e-05	3.00983614452029e-06	
0.0431550393658164	0.137333770397147	0.220696675708675	0.230789241012625	0.17561845532025	0.107350791827308	0.0522521818105268	0.0221443994683059	0.00759498619640204	0.00222240934434413	0.000628529841634538	0.000171417229536692	3.45841778889818e-05	7.518299541083e-06	
0.0405471473034507	0.133400626093445	0.216048871993826	0.229477839270591	0.180148535479882	0.110350097855307	0.0551088593275438	0.022883549928771	0.00863623850519814	0.00250617894960113	0.000654374455628147	0.000200073109421939	3.30948000547569e-05	1.50430909339804e-06	3.00861818679608e-06	
0.0383824382793074	0.129370660909777	0.21194604719968	0.228538698145147	0.181702832642286	0.114067898023675	0.0576691211622824	0.024739391497563	0.0094080646567665	0.00315556531073073	0.000775736874862818	0.000172887094203923	6.46447395719015e-05	3.0067320731117e-06	3.0067320731117e-06	
0.0372219912386944	0.124087866133999	0.208306971082871	0.228315165976729	0.182883216736866	0.117254770814127	0.0608832408394946	0.0263125387901685	0.00988358430195774	0.00345571443205168	0.00108913754767801	0.00024705194719114	4.97116723006562e-05	4.51924293642329e-06	3.01282862428219e-06	1.5064143121411e-06	
0.0354672916285269	0.120073167742648	0.203299205533878	0.225226833619035	0.185983142369963	0.120800911419524	0.0644605391960324	0.0284879120413588	0.0107890647812911	0.00379001644609931	0.00124972198981159	0.000293518239737831	5.14413409849806e-05	2.11817286408744e-05	3.02596123441063e-06	3.02596123441063e-06	
0.0333428650535365	0.116933025292344	0.197896667075169	0.224609691187395	0.187301327935051	0.124484265853293	0.0669913503421585	0.0308388972858805	0.0117149380211241	0.00417731420332218	0.00124668848371513	0.000331340749919434	0.000104395030796534	2.269457191229e-05	3.02594292163867e-06	1.51297146081933e-06	
0.0319444149267235	0.112700345205529	0.194760284058305	0.223120572974384	0.189856968931502	0.126496421946206	0.0694661610534082	0.0322935673970532	0.012826040094848	0.004601222337257	0.00138750155600557	0.000394694096894365	0.000118408229068309	3.33971928141385e-05	
0.0305735737424809	0.109030848723745	0.192183915734172	0.221111149959792	0.190440285608743	0.13014595111451	0.0718065497861887	0.033753760510046	0.0137635807808483	0.00512447877316543	0.00149128260945574	0.000439327904314686	0.00010489143736233	3.0403315177487e-05	
0.0288483975908576	0.105962002168777	0.187637359704363	0.219970747435063	0.190776138569919	0.132885648093779	0.0752696863813906	0.0359586925720142	0.0151036574857131	0.00529535482080135	0.00165937386089628	0.000483475656161874	0.000117437304493578	3.20283557709759e-05	
0.0278261109096168	0.102987064064482	0.183487361714956	0.218181623411702	0.191357882993522	0.135096587196286	0.078224687084418	0.0376998428344283	0.0164327547130542	0.00598361621605905	0.00198331627007993	0.000560103205902202	0.000142321306417773	3.36674058192581e-05	3.06067325629619e-06	
0.0261036562619454	0.0989494982368825	0.180891091996813	0.215428851264118	0.194704353526158	0.13698432460397	0.0807395728911288	0.039540806536046	0.017453097391323	0.00626033346484434	0.00219372646426252	0.000595637416468761	0.000133557874311294	1.99569237476647e-05	1.53514798058959e-06	
0.0241930133416445	0.0955392588729574	0.176608997394005	0.215996704319101	0.195890890744167	0.139219374160072	0.0825648297154389	0.0419659292014917	0.0178485190265398	0.00678576994110668	0.00254736384101117	0.000661913439002902	0.000149663411616041	1.54292176923753e-05	1.23433741539003e-05	
0.0231495102213991	0.0906283969389999	0.17409051071381	0.214220457663494	0.196050801948585	0.143226561701574	0.0846761081569893	0.0438400624339968	0.019118863057098	0.00736758325307138	0.002575092675464	0.000833072675525935	0.000176524693327057	3.56146311098448e-05	1.08392355551702e-05	
0.0223480444301512	0.0864359399351854	0.167896370877966	0.212218291566682	0.19754997155085	0.146061648071642	0.0891154169655889	0.0459515622294238	0.0205606956435693	0.0078838161442743	0.00287274571407367	0.000858112955495634	0.000188630235262103	5.25690819582911e-05	6.18459787744601e-06	
0.0212540636390503	0.0839618633632154	0.163327504679342	0.209629900994976	0.19809778593242	0.148424416313664	0.0923000197024924	0.0485096911634322	0.0216527312580041	0.00866140035464486	0.0029091961383115	0.000945103930647227	0.000252438183430204	7.23450891537779e-05	1.53925721603783e-06	
0.0202076892832638	0.0812378096258663	0.158826023605961	0.206734868517419	0.199540524080084	0.150478363772328	0.0948093097839075	0.0510789203857748	0.02318194783869	0.00921110451535313	0.00322095703591776	0.0011024338346966	0.000237447287473114	0.000109472450718124	2.31279825460825e-05	
0.0191369931297544	0.077012387495472	0.155591401511516	0.204628978875311	0.199765006021914	0.153803403852167	0.0972036026217774	0.0532358887509404	0.024561360054739	0.00992609609674693	0.00354658237018827	0.00122141138807444	0.000238399687913136	8.20466458402351e-05	4.33453978023883e-05	3.09609984302774e-06	
0.0179195736643782	0.074868392987966	0.152251461355606	0.202639249955951	0.19903338784115	0.156546656733673	0.0993088120284018	0.0550987477627581	0.0260076475806875	0.0106985758931193	0.0039458919756044	0.00124574576276426	0.000304481284447343	8.80986457537998e-05	2.78206249748842e-05	1.54559027638245e-05	
0.0172626044780955	0.0718580979972911	0.147174887615663	0.200284778980041	0.199899108638707	0.15739669434237	0.103382791697906	0.0574556247705261	0.0275044660625526	0.0117629454106772	0.00427631274470783	0.00127425480776648	0.000319335042624286	0.000100274288746757	3.2396308672029e-05	1.23414509226777e-05	3.08536273066943e-06	
0.0160680602308944	0.0684016443460542	0.143090857689295	0.197936379688835	0.199909162393849	0.159773771104681	0.106565797787455	0.0597164569008001	0.0289907911059479	0.012785238580029	0.00477051918017516	0.00139500609446184	0.000461912316992348	8.65120058580987e-05	2.93522877018549e-05	9.26914348479629e-06	9.26914348479629e-06	
0.0151741393299747	0.0657592314360903	0.139690933154808	0.194643005889485	0.200402916050929	0.162264721398668	0.109506165602816	0.0617640071944887	0.0298469474327214	0.0134125385253766	0.00526012149183833	0.00158266412041822	0.000518299361072633	0.000128032282645918	2.00532490891197e-05	2.00532490891197e-05	6.17023048895991e-06	
0.015189744883673	0.063549843225463	0.135721516728258	0.191483404053676	0.199692912683198	0.164382486791861	0.112111486850324	0.0640898615030047	0.0317641520174529	0.0140020123758035	0.00552018683709295	0.00180775349319515	0.000481554760314965	0.000175390551680211	1.69236497235291e-05	9.23108166737951e-06	1.53851361122992e-06	
0.0144888303730182	0.0615867576397049	0.131589956871889	0.187962581288183	0.198876884932232	0.16739982404223	0.114898578187389	0.0667055291345462	0.0334304382332856	0.0146441777050431	0.00570017042063751	0.00189185364743231	0.000573708463814838	0.000210718658291241	2.92237555294422e-05	3.07618479257286e-06	7.69046198143215e-06	
0.0130106607447142	0.0599305482932351	0.129571417147005	0.185957098653412	0.19815267072263	0.167691422806489	0.117248199115398	0.0684366906784614	0.0353210219058926	0.0155251324134622	0.00596706426589731	0.00231915796726112	0.000630540296138633	0.000178396766712394	5.38266106459808e-05	6.15161264525495e-06	
0.0122422789473117	0.0565843795537323	0.126112707134713	0.184018871205255	0.199243243742297	0.168311331801766	0.119217577425952	0.0715148512261513	0.0363267623665328	0.0165461570538516	0.0066489300315905	0.00225426579409398	0.000715517811777269	0.000170801026037155	7.3859903151202e-05	1.53874798231671e-05	3.07749596463342e-06	
0.0120170295298966	0.0533925485769348	0.121984740132895	0.180920996755618	0.197549032476246	0.171853405211086	0.122057317926252	0.0740586891832836	0.0379674511759919	0.0174124935722327	0.00722998358506503	0.00245065868207993	0.000840049352899483	0.000171407128992358	5.09588761869172e-05	4.1693625971114e-05	1.54420836930052e-06	
0.010972053425365	0.0513858866241762	0.118183055166421	0.178439667622237	0.196456348359604	0.172362980761797	0.124765359483188	0.0763528745975934	0.0402932272000544	0.0185795087315651	0.00779918791960837	0.00306926804528601	0.000994226374367205	0.000233480843747197	4.94793841053663e-05	3.55633073257321e-05	2.78321535592686e-05	
0.0106211590573895	0.0488204988524567	0.114793016622741	0.174603002647939	0.196122340647793	0.174010272949705	0.127364148055522	0.0785653155627914	0.0420698802005067	0.0199454317254315	0.00822393111335685	0.003379952117345	0.00102605689276545	0.000309519424665293	9.74986187695674e-05	3.40471367131823e-05	1.39283741099382e-05	
0.00992782155274097	0.0479942615892862	0.110824602817572	0.171448933246144	0.195180167854697	0.174752538767509	0.129901108261487	0.0812622030117381	0.0439996351656982	0.0207306270666858	0.00882404319885479	0.00341491090158904	0.00115170150370477	0.000425124716132633	0.000117489012458473	2.78263450559541e-05	1.70049886453053e-05	
0.00949485514933521	0.0459139648597576	0.108595472778838	0.168334194158963	0.192815147232111	0.177173378529256	0.131412506610832	0.0839799834845191	0.0454469540690248	0.0217407440626227	0.00951031908280318	0.00375928222606415	0.00120464041715507	0.000445361283877612	0.000114433107662998	4.32990137103234e-05	7.73196673398632e-06	7.73196673398632e-06	
0.00936013337185749	0.0442759956922991	0.106039279186296	0.165775409332013	0.189770601023156	0.178854565653038	0.13393117876186	0.0856534093103816	0.0473769840840651	0.0227853890450285	0.0102670990848453	0.00388743736606032	0.00136122111267852	0.000468161177232225	0.000148328293776547	3.24468142636196e-05	9.27051836103416e-06	1.54508639350569e-06	1.54508639350569e-06	
0.00884578558853507	0.0434135342990394	0.103567347190907	0.161801587546715	0.190860796244247	0.176983661241004	0.136600055595021	0.0876764369768663	0.0490270871297526	0.0238440868517775	0.0109784723723631	0.00414955060691231	0.00152114155110109	0.000526608394848195	0.000183772431046731	2.00759798622479e-05	
0.0081454280972582	0.0420261559773974	0.100734567834651	0.159640220478216	0.189642393208753	0.178353440079636	0.137331979357519	0.0896659696464921	0.0510067755291986	0.0254363567161258	0.0111579729194564	0.00450880109961738	0.0015964176142186	0.000556280655147599	0.000169503800737496	2.77369855752266e-05	
0.00771814247884777	0.039717908735541	0.0975493859624842	0.15720775166619	0.188317140458198	0.177963234638298	0.141081001282513	0.0908477193111954	0.0534733947832185	0.0271019213084704	0.0120101001713092	0.00462565701860412	0.00160390966436306	0.000559753708368318	0.000159929630962377	6.30491814370908e-05	
0.0074381167412883	0.0377646356381877	0.0942212617170292	0.153172097392361	0.186407248403322	0.179365135401046	0.142885209567328	0.0951529449324568	0.0550429848244614	0.0279597058521064	0.0126997478162236	0.00529386393741299	0.00176973763984841	0.000549493560334546	0.000191862276653124	8.28845035141495e-05	3.06979642644998e-06	
0.00675313374207564	0.0361402960470881	0.0907843011088744	0.150263353831729	0.185300597180475	0.178242591928718	0.14453973594144	0.0985424384205511	0.0577923013049726	0.029184935976983	0.0135307797663367	0.00589367184795031	0.00206975582702908	0.000649575477912902	0.000225206592578294	7.20048289195905e-05	1.53201763658703e-05	
0.00642564641850342	0.0345931772150546	0.088614395584772	0.147763920834815	0.183013399228007	0.179415953002731	0.145091401386169	0.100704073798778	0.0597447751557952	0.0309835207353015	0.0140906336664189	0.00602881314800202	0.0025061547313973	0.000724983859569863	0.000201469198869941	8.54717813387628e-05	1.22102544769661e-05	
0.00626890000990227	0.0323819534897892	0.0856881698315852	0.144696571528682	0.180646389860073	0.17887616827769	0.147875962615114	0.103376674816998	0.0621740819451109	0.0328603094079203	0.0150956330979639	0.00628718112779263	0.00255478622517767	0.000865306246810326	0.000268123062391932	6.55073391071197e-05	1.8281117890359e-05	
0.00613415831203523	0.0312907411740752	0.0818135957381503	0.141193524565503	0.179092503168125	0.179194308619427	0.148714972087073	0.105863993994998	0.0645659289063663	0.0346244898331302	0.0165304702196263	0.00700026439027652	0.00264542224950541	0.0009375218425875	0.000276546151298095	0.000101805451302046	1.97532965212925e-05	
0.0059159709908909	0.0302023484289269	0.0809028438363253	0.136583287039503	0.17794790231875	0.180845769251258	0.14971652956083	0.106732518054594	0.066670725303827	0.0355841013035835	0.0173400199380551	0.00714726003941951	0.00298157632394012	0.0010197325865441	0.000264826074714437	0.000118715136940954	2.58738118973875e-05	
