# <P(N_2)> as a function of N_tot.
# number_of_species: 2
# species_total_upper_bound: 100
# species_total_lower_bound: 0
# volume: 512
# Bin widths for each species index 
1	1	1	1	1	1	1	1	1	1	1	1	1	1	1	1	1	1	1	1	1	1	1	1	1	1	1	1	1	1	1	1	1	1	1	1	1	1	1	1	1	1	1	1	1	1	1	1	1	1	1	1	1	1	1	1	1	1	1	1	1	1	1	1	1	1	1	1	1	1	1	1	1	1	1	1	1	1	1	1	1	1	1	1	1	1	1	1	1	1	1	1	1	1	1	1	1	1	1	1	1	
# Bin lower bound for each species index 
0	0	0	0	0	0	0	0	0	0	0	0	0	0	0	0	0	0	0	0	0	0	0	0	0	0	0	0	0	0	0	0	0	0	0	0	0	0	0	0	0	0	0	0	0	0	0	0	0	0	0	0	0	0	0	0	0	0	0	0	0	0	0	0	0	0	0	0	0	0	0	0	0	0	0	0	0	0	0	0	0	0	0	0	0	0	0	0	0	0	0	0	0	0	0	0	0	0	0	0	0	
# Bin upper bound for each species index 
0	1	2	3	3	4	4	5	6	5	6	6	6	6	6	6	6	6	8	8	8	8	8	8	8	7	8	8	8	8	8	9	10	10	10	10	11	11	11	10	10	10	10	10	10	10	11	11	11	12	13	13	13	13	13	13	13	12	13	13	13	13	14	14	15	15	15	13	13	13	14	14	14	14	14	14	14	15	15	16	16	16	16	16	14	15	15	16	16	16	17	18	15	15	15	16	16	16	16	16	16	
# Normalized histogram for each species index 
1	
0.949483352468427	0.0505166475315729	
0.902531049742596	0.0948800818356689	0.00258886842173538	
0.857943303067848	0.134826266249977	0.00711577935166522	0.000114651330510198	
0.815356533852103	0.17099621084058	0.0131724557115435	0.000474799595773729	
0.775957368979278	0.201377898117154	0.0214000665420382	0.00120584467029523	5.88216912339136e-05	
0.737045159492148	0.230473305510529	0.0302279611849874	0.00210504697848745	0.000148526833847982	
0.700196481692313	0.2561056226817	0.0399059825920893	0.00360461272907562	0.000174446362334276	1.28539424877888e-05	
0.663300620884012	0.279874271911	0.051098274008931	0.00545720480307893	0.000253007464643592	1.47741585193338e-05	1.84676981491673e-06	
0.628672549476733	0.298866821722218	0.0640421036400117	0.00775216566835123	0.000640659677540748	2.56998151449011e-05	
0.597748470168516	0.314743882970417	0.0755959958922808	0.0108792099070252	0.000942423958511301	7.34833495915244e-05	1.6533753658093e-05	
0.570522338191598	0.327379045324477	0.0866102666156491	0.0138717762354522	0.00150672717985709	9.88618076698455e-05	1.09846452966495e-05	
0.541474641751377	0.340163118429825	0.0983258897991616	0.0175155948890776	0.00237462439835238	0.000122384488222776	2.37462439835238e-05	
0.513726223862596	0.350540911666836	0.110756113863904	0.021656446620846	0.00303150292797047	0.000283351981284238	5.44907656315843e-06	
0.487726001897816	0.359428910064606	0.122716349212697	0.0257259509985348	0.00397559743031343	0.000414465575725406	1.27248203073589e-05	
0.462523442119276	0.365693433304677	0.135743019961622	0.0304611522821833	0.00496047939814059	0.000607590712386508	1.08822217143852e-05	
0.438957682626047	0.371244802659877	0.146719709330076	0.0360687691355582	0.00616149095376976	0.000800358618737103	4.71866759346138e-05	
0.418005825839952	0.37461598306526	0.157127607606159	0.0414340250764415	0.00782146152593584	0.000863020390439833	0.000132076495811547	
0.396462445064118	0.376188284556587	0.169535515427169	0.0470187977727843	0.00927525245688605	0.00133921722572669	0.000167853371957658	7.21949986914656e-06	5.41462490185992e-06	
0.374372496506125	0.377192777347101	0.180839717036619	0.0541573062001212	0.0113152976853193	0.00189397686578305	0.000203247279993813	1.43891879641637e-05	1.07918909731228e-05	
0.354790526792583	0.376350773257026	0.191243610114533	0.0612476363714797	0.0136928684923825	0.00227195927728688	0.000364879535830092	2.69615420564107e-05	1.07846168225643e-05	
0.340021853581007	0.374061063601145	0.19871587635569	0.0669640680170133	0.0168146148080587	0.00299990066554088	0.000400949998645439	1.80608107497946e-05	3.61216214995891e-06	
0.321360515711388	0.375563314265691	0.20740621664141	0.0724835318065974	0.0189634836889476	0.00367565380579182	0.000512965936533109	3.07057074685312e-05	3.61243617276837e-06	
0.306138850424914	0.372061578561538	0.214847999420778	0.0798294914609975	0.0217914257011756	0.0045432742345669	0.000696876725222412	8.68833319757813e-05	3.62013883232422e-06	
0.29150504760416	0.368420574303569	0.223423282596762	0.0863327528982372	0.0241383447057412	0.00513303354284738	0.000905187926465296	0.000127235250707973	1.45411715094827e-05	
0.275355437353317	0.364330309812699	0.231673568509474	0.0945458829072918	0.0265030763793869	0.00624699837799143	0.00115624745145301	0.000188479208387325	
0.261245023525154	0.360240680419834	0.238883460007239	0.100398117987695	0.0305030763662685	0.0071208830980818	0.00142417661961636	0.000166485703944987	1.80962721679334e-05	
0.248787395097163	0.355063455864822	0.244275503833925	0.107444529582099	0.034087620600724	0.00850142964525505	0.00158889918225383	0.00023842587958219	1.27403141761476e-05	
0.237939357506535	0.348423823446366	0.249892978477289	0.113808964304907	0.0381761710887049	0.00945979178621198	0.00200562887668388	0.000269603155085572	2.36813582169759e-05	
0.225342923782029	0.343742920882423	0.254097959583109	0.120072707634483	0.0427818825333138	0.0113392739022724	0.00221638676402096	0.000360638565854596	4.53063524942959e-05	
0.213997997751544	0.338452403150735	0.258159705564477	0.12712829416035	0.0456425751159983	0.0132952194055169	0.00283682037152028	0.00042543253816673	6.15519416922077e-05	
0.202843150049301	0.333799156081434	0.26180869729134	0.133469998839974	0.0493028971637376	0.0145256945652804	0.0034927643408155	0.000627138797053535	0.000125065251435532	5.43761962763181e-06	
0.192811232833545	0.3267870046562	0.265171587581293	0.141272477348338	0.0527068803459823	0.0161038236620443	0.00412194136918722	0.000807726647916301	0.000197404046239634	1.81104629577646e-05	1.81104629577646e-06	
0.181677460517706	0.317694484169925	0.270139912235388	0.149141838996707	0.0575436421407895	0.0177903690935159	0.00476343249900762	0.00101866402756556	0.000179444374962616	4.1689097213537e-05	9.06284722033413e-06	
0.171388168919877	0.312313469458975	0.270686941317174	0.155733235425626	0.0628814674523518	0.0201243961045334	0.00540552330336727	0.00114144876748979	0.00024537513313873	6.36157752581892e-05	1.63583422092486e-05	
0.16507622123272	0.302955279417172	0.274252624143945	0.159567612438606	0.0684370915419372	0.0220526394355223	0.00595643356719738	0.00137988283738864	0.000236655367889872	7.6457888087497e-05	9.10212953422583e-06	
0.157582448412243	0.296548306762929	0.274029501620458	0.166682151647146	0.0718940317241706	0.0248397304520339	0.00665125455668323	0.00141186586727732	0.000298769035139975	4.0078773006582e-05	2.0039386503291e-05	1.82176240939009e-06	
0.147788801260104	0.290496713009046	0.276413515494252	0.171853294100918	0.0767456784181607	0.0272913225626497	0.0074946310658018	0.00158971498160525	0.000253406401884323	5.10458939047557e-05	1.27614734761889e-05	9.11533819727779e-06	
0.141753998896856	0.282536354437963	0.277888173347019	0.175838225034062	0.0820107172992698	0.0293155028254366	0.00834663559356085	0.00190127957393804	0.000328751511343754	5.66183158425353e-05	1.46111782819446e-05	9.13198642621538e-06	
0.134035470668486	0.277478854024557	0.276844020009095	0.181786266484766	0.086093678944975	0.0312378353797181	0.00979718053660755	0.00224283765347885	0.000409276944065484	6.54843110504775e-05	9.09504320145521e-06	
0.12728543294581	0.268461796763684	0.277579024748836	0.186769764128255	0.0916260538902048	0.0344051476126948	0.0104204670242406	0.00275713105901785	0.000575385481045858	0.000110720865437847	9.07548077359398e-06	
0.120402263277091	0.261283616000233	0.277732062363916	0.19147193114045	0.0967372545021591	0.0370021773482956	0.0115457716478667	0.00309853411300365	0.000584388631183414	0.000121975197162893	2.0025778638684e-05	
0.114494062819783	0.254885246020826	0.276174758305055	0.194679166886293	0.101892663633703	0.0405942087728131	0.0128794915090962	0.00340617655772597	0.00084518255034289	0.000136319766184337	1.27231781772048e-05	
0.107908201669028	0.248398897955704	0.275989908205297	0.199468929279445	0.104953576656104	0.0434814152454298	0.0147005744197309	0.00401023689599321	0.000897814230446241	0.000165052717112339	2.53927257095907e-05	
0.101829527209638	0.242378184906355	0.273811281142876	0.203750175407903	0.109492802353108	0.0465628251880282	0.0164455160272707	0.0045196010358634	0.000989573936481381	0.000180419557480031	4.00932349955624e-05	
0.098318811091309	0.235379255578041	0.272973625754321	0.205749856363377	0.11373275903081	0.0498226956843141	0.017481583406219	0.00505015388331217	0.00121679432333427	0.000217742142070344	5.67227428922744e-05	
0.0943961388254366	0.228706432834721	0.269300346326726	0.209896101982168	0.11855795446172	0.0528682484710043	0.0189190184953209	0.00559096603050623	0.00139820204848574	0.000298430476751897	6.26335568491637e-05	5.52649031022032e-06	
0.0887267970668278	0.221626694897248	0.269664872694487	0.211496571868816	0.122479709269349	0.0568343688857604	0.0208570050826133	0.00623548517617324	0.00161475971673346	0.000349187169865702	0.000110853069798635	3.69510232662118e-06	
0.0834390815857043	0.214004779078914	0.2666395802722	0.215635528444425	0.128005476646333	0.0599759561868293	0.0226282707748935	0.00717603930124523	0.00195541505261439	0.000398874987013373	0.00012615580984609	1.48418599818929e-05	
0.0797485366476736	0.207560931362204	0.26295543485907	0.217272185383878	0.132116372145028	0.0644948703993721	0.0246946489990707	0.00830621364758848	0.00230471049504071	0.000460942099008141	7.58980966238305e-05	7.40469235354444e-06	1.85117308838611e-06	
0.0750259040609455	0.201522531923759	0.260736818428204	0.219172323769419	0.13654482232211	0.0675035860070134	0.0271006257536146	0.00907656171066362	0.00262912390806547	0.000569704970261032	9.77163864849019e-05	1.1062232432253e-05	7.37482162150203e-06	1.84370540537551e-06	
0.0714614722939038	0.193688319135751	0.259132236373558	0.221715363911318	0.141751990898749	0.0700574377757429	0.0289223711349741	0.00970430182117521	0.00275442344867135	0.000645596899655003	0.000138738588751075	1.29489349501004e-05	1.1099087100086e-05	3.69969570002867e-06	
0.0683644576531819	0.187901067541992	0.256298793470546	0.224059986396972	0.144977599361249	0.0727817453276556	0.0308766560208185	0.0105940974686539	0.00307916370948663	0.000803983321504613	0.00021624378992193	2.77235628105039e-05	1.10894251242016e-05	7.39295008280104e-06	
0.0649590077043761	0.181439072008908	0.251506676572908	0.22566687376364	0.149537534636508	0.0772742105272861	0.0328565186691469	0.0118801148189868	0.00360606837149879	0.00103056861946208	0.000178828543985369	4.42462376871017e-05	1.65923391326631e-05	3.68718647392514e-06	
0.0615440991397818	0.176550169526658	0.246909284730756	0.226416176840734	0.154385854517996	0.0812561999378155	0.035150871322604	0.0121648332124191	0.00413452569550347	0.00117151063798285	0.000262803334271035	3.33130987104129e-05	1.48058216490724e-05	5.55218311840216e-06	
0.0574888082454601	0.170159287297173	0.24341508395675	0.228953180540476	0.157891116498357	0.0856819905706679	0.0368974671683746	0.0135416511742047	0.0044506744798251	0.00114892098100748	0.00031976441542603	2.97455270163749e-05	1.67318589467109e-05	5.5772863155703e-06	
0.0550682833296998	0.163475639183768	0.239428615084756	0.229519193680927	0.161645806197954	0.0893208189154792	0.0402227849610834	0.0145287248374672	0.00512800445718992	0.00129504473028597	0.000292549672884745	5.9627958804534e-05	1.30436159884918e-05	1.86337371264169e-06	
0.0527581419068571	0.159720593654729	0.235891021847	0.229021258854754	0.1629702837616	0.0928934898247103	0.0428415617869201	0.0163303442140254	0.00544406847800596	0.00168254287320253	0.000357354238556289	7.07263597142655e-05	1.86121999248067e-05	
0.0505151374010247	0.153995342338146	0.231823008849558	0.229069399161621	0.166535631113181	0.0961024685607825	0.0453078714485328	0.0180344666977177	0.00611644154634374	0.00187051700046577	0.000512342803912436	7.63856544014905e-05	3.53982300884956e-05	5.5891942244993e-06	
0.0484619270321706	0.148601167231767	0.228346471370015	0.229101388114814	0.17022347399638	0.0989611972793173	0.0477573380703582	0.0191077816072457	0.0066525873140435	0.00205784712656319	0.000566653556589864	0.000132343429335133	2.79598794369999e-05	1.86399196246666e-06	
0.0449877431562072	0.144610251008976	0.224457762823082	0.228924287192297	0.173465564327458	0.103222198402416	0.0500918098185241	0.0204665989355654	0.00708007493918182	0.00190144192679449	0.000581617530548902	0.000182687557672411	2.42340637728709e-05	3.7283175035186e-06	
0.043017755343864	0.137075359911923	0.220677558103733	0.230765355153528	0.175599697701975	0.107739389246028	0.052424448819265	0.0219987124343388	0.00763955625635619	0.00222058425624423	0.000621390384310359	0.000175407495871393	3.54547066123028e-05	9.330185950606e-06	
0.0405839912166048	0.13312146628924	0.216306044559299	0.230028232341716	0.180095078759271	0.110277916781812	0.0551333567358035	0.0226773670727244	0.00843795980252299	0.00245912658993644	0.000662862520446041	0.000179252963275549	3.17427122467118e-05	1.86721836745364e-06	3.73443673490727e-06	
0.0382114246037375	0.129883753051762	0.212025623604775	0.229065096797796	0.181519199038368	0.113676748370527	0.0575336533795235	0.0247146088891212	0.00916835275759861	0.00317308625568356	0.00077273982932529	0.000177319526052905	7.09278104211619e-05	3.73304265374536e-06	3.73304265374536e-06	
0.0372788270703133	0.124548955934702	0.208351025920654	0.228789003971245	0.183075723026676	0.116982452071015	0.0602888552599828	0.0260029592605964	0.00972702598051228	0.00350547051682308	0.00114479613462952	0.000231952157996831	6.17292033378664e-05	5.61174575798785e-06	3.74116383865857e-06	1.87058191932928e-06	
0.0358626265665103	0.12076865945265	0.203561254900486	0.225188263277144	0.185997536830032	0.120260983199677	0.0640010529581543	0.0281290249795519	0.0108135041883291	0.00375492398958324	0.00129175402145402	0.000282042362762887	5.45281901341582e-05	2.63239538578695e-05	3.76056483683849e-06	3.76056483683849e-06	
0.0338650588270695	0.117789546535071	0.198409713236843	0.224441819877832	0.186994102247766	0.12369670207324	0.0664681942647369	0.030686742093702	0.0117823398429272	0.00418447025546896	0.0012393554599344	0.000302786387024945	0.00010531700418259	2.82099118346222e-05	3.76132157794963e-06	1.88066078897481e-06	
0.0321642884209693	0.112996363348434	0.195291394012062	0.222759519109859	0.189843015046198	0.126068702362033	0.0689417890666682	0.0324056007073466	0.0128461087451196	0.00469616332317182	0.00146295573616272	0.000373279942989972	0.000111229882002062	3.95902969837849e-05	
0.03077169569479	0.108670738143708	0.192213300158335	0.221167910729096	0.190688381210887	0.130110080675564	0.0714789263364246	0.0339760989218126	0.013711075925507	0.00513835482168438	0.00151549423207419	0.000433536907185403	8.85923245117997e-05	3.58139184196637e-05	
0.028979539410058	0.105855974975822	0.187632223162476	0.219437560444874	0.191224915377176	0.133209169487427	0.0751688678675048	0.0359911448259188	0.0150224401595745	0.0052417039410058	0.00160178916827853	0.000489225701160542	0.000107667432301741	3.77780464216634e-05	
0.0276212943751243	0.102920918246502	0.183247591166188	0.217722574349354	0.191988555078684	0.135476413798331	0.0782991785805645	0.0377057101441037	0.0164359681285469	0.00588541814702176	0.00193654132204	0.00057793062937593	0.000142114089190802	3.60022359283366e-05	3.78970904508806e-06	
0.0259725189329447	0.0989497233060222	0.181527989940476	0.215088905418028	0.194766308204181	0.136629184413825	0.0812466352528483	0.0392717117740944	0.0174862223710267	0.0061559416441082	0.00215343817711078	0.000591624799541919	0.000138870129796013	1.90233054515086e-05	1.90233054515086e-06	
0.0245156112660985	0.0959051477051248	0.176562082011694	0.216589597584744	0.195349103833072	0.138802690411587	0.0826556349600642	0.0420567890854894	0.0176596476478007	0.00666297244621088	0.0024095234455612	0.000638208430465854	0.000164329116826537	1.71972331562655e-05	1.1464822104177e-05	
0.0232467731433605	0.0905358305565131	0.174106629897736	0.214607989582136	0.196478225899115	0.142854954230342	0.084411505611092	0.0439407867019036	0.0189532345168333	0.0073327205178291	0.00245892221073193	0.000827300930713547	0.000201080087326209	4.21310659159677e-05	1.9150484507258e-06	
0.0225867776031366	0.0864550169333826	0.167578267836528	0.212579521806636	0.197596972092943	0.1461554808066	0.0887064197526137	0.0460733505506939	0.0204923603546342	0.00778418695832799	0.0028257402731166	0.000882565220804034	0.000210590399758012	6.5091578107022e-05	7.65783271847318e-06	
0.0215000342630028	0.0839119973807838	0.16298720086495	0.209548718182995	0.198293321760052	0.148693818192893	0.0921217935539871	0.0485373504800627	0.0216523142754898	0.00855242620129895	0.00287047823537922	0.000957460578511767	0.000283621523256965	8.75610071800026e-05	1.90350015608701e-06	
0.0201725261781602	0.0813800569496487	0.158870079325448	0.206411981535201	0.199257062480702	0.150878450237671	0.0952286562703698	0.0508334699260874	0.0229857015975634	0.00918665685740098	0.00325726069902454	0.00113022562581717	0.00026873830226007	0.000121980505990386	1.71535086548981e-05	
0.0192777580214057	0.0773289894806878	0.155330970216313	0.204438300850034	0.199297182996264	0.153721144543991	0.0975244628497356	0.0533574998374879	0.0243691662938448	0.0100547187776032	0.00362306371621182	0.0012790657657761	0.000273402697318359	8.03000929186789e-05	4.20619534335937e-05	1.91190697425426e-06	
0.0178636835358037	0.0751117910994445	0.152196141871681	0.202608967706489	0.198307108845614	0.156272892375313	0.0996314327574629	0.0554052713509554	0.02601146144924	0.0108357243147549	0.0040691197118613	0.00125144985043648	0.000322400952322813	7.24925218240645e-05	2.09846773701239e-05	1.90769794273854e-05	
0.0171007709722934	0.0719485282216988	0.147490103411967	0.199826345583713	0.199098977304967	0.157180096004996	0.103640459194068	0.0577629426807139	0.0278113640820974	0.0119311246979613	0.00441562051940188	0.00130050401671043	0.00034273897951373	0.000100917588412376	3.236979250963e-05	1.33287380922006e-05	3.80821088348588e-06	
0.016185394254471	0.0681025723147783	0.143388485683838	0.1976028840123	0.199915355535348	0.159291731722801	0.106716843295262	0.0597143821240041	0.0291737442021401	0.0129864435408076	0.00488230797240285	0.00145077562163162	0.000453724833046419	8.57883087692809e-05	2.85961029230936e-05	9.53203430769788e-06	1.14384411692375e-05	
0.0150888525582343	0.0654541786491214	0.139499563207409	0.194594429990427	0.20018613645058	0.16222800382931	0.109896635269622	0.0619446120349206	0.0298122838637968	0.0135243928202337	0.00544325407625504	0.0016501053440955	0.000510067165187535	0.000116097377150894	2.28388282919792e-05	2.09355926009809e-05	7.61294276399306e-06	
0.0148897429172036	0.0633488807033949	0.135406569429081	0.191310578673874	0.199679169185037	0.164534130088533	0.112140633374768	0.0645538969159948	0.0320013532674186	0.0140154409332984	0.00559933400996704	0.00185884204404201	0.000482766747634633	0.000152052518940042	1.33045954072537e-05	1.14039389205031e-05	1.90065648675052e-06	
0.0144329188837525	0.0611181171766044	0.131487420561711	0.187255913871819	0.199157109905771	0.167906454080805	0.115068425199705	0.0669695067623901	0.0334771219634112	0.0147114656328639	0.00572928690124373	0.00190594659152264	0.000538014953763148	0.000200324716826704	3.05256711354977e-05	1.90785444596861e-06	9.53927222984304e-06	
0.0129939626521521	0.0596338603669805	0.128859822300537	0.185458763901285	0.198552106764926	0.168216297207989	0.117708215876753	0.0686984823495011	0.0352742416047611	0.0155262468872015	0.00588827753070753	0.0023029452854601	0.000661260637982735	0.000172004212192041	5.35124215708571e-05	
0.0123187713701744	0.0565165899409753	0.125659490745162	0.183285897117534	0.199766957651239	0.168422761742851	0.119869725506676	0.0716910851750683	0.0363164027430231	0.0163912819239365	0.00649080246795668	0.00227120780882887	0.000744971442761361	0.000181467402723921	6.49462283432981e-05	7.64073274627037e-06	
0.0118018181644378	0.0535010658534953	0.121904962193268	0.180279320530346	0.1969563430232	0.171932205982162	0.12250719331619	0.074904168777662	0.0380074753133036	0.0173901406161876	0.00720574318188336	0.00246627983672845	0.000894743382627066	0.000187360793797975	3.25013621894447e-05	2.86776725200983e-05	
0.0108288332749904	0.0513647467055365	0.118055515703817	0.178039715286426	0.195923262767062	0.172197769195307	0.125435420097901	0.0770528587086889	0.0402661968624885	0.0184727155867483	0.00787342832712603	0.00311608715862204	0.00101574111800387	0.000267803684596123	3.63447857666167e-05	1.91288346140088e-05	3.44319023052159e-05	
0.0105113641801959	0.0483606981031304	0.115016261890131	0.174424325260774	0.19556956815541	0.173382951719702	0.127891773723312	0.0793166751852554	0.0423498287667955	0.0199430690273686	0.00826398819266176	0.00346486417158161	0.0010432878306696	0.000342657837963043	7.27430047072381e-05	3.06286335609424e-05	1.53143167804712e-05	
0.00983248779553939	0.0475428352637121	0.110852876423854	0.171492294438595	0.195127787881689	0.17431990044989	0.129878434000191	0.0815659998085575	0.0445065569062889	0.0206930219201685	0.00895185220637504	0.00341342012060879	0.00118502919498421	0.000474777448071217	0.000114865511630133	2.87163779075333e-05	1.91442519383555e-05	
0.00930980856885903	0.045423428502396	0.108032130824383	0.167795157365487	0.192907670860395	0.177317816346528	0.131679619860669	0.0846972059068866	0.0459584308897723	0.021889076171684	0.00934624242319648	0.003785285708533	0.00120998747825954	0.000469804963825018	0.000113136705574188	4.60217107420426e-05	9.5878564045922e-06	9.5878564045922e-06	
0.00922068939015486	0.044233946893133	0.105545094723898	0.164861852976213	0.18963224839565	0.179529646850863	0.134494485647312	0.086037351573608	0.0476367059908542	0.0229316373976867	0.0100641739999231	0.00375821388771471	0.00139684125581217	0.000468816047342735	0.000144103293240595	2.8820658648119e-05	1.15282634592476e-05	1.92137724320793e-06	1.92137724320793e-06	
0.00878175304109568	0.0436605517650092	0.103358770400643	0.161477274039183	0.189654309870429	0.177316754984472	0.137196611982744	0.0880407300938593	0.0493540678142209	0.0239766486952439	0.0107366744016902	0.00410418037612995	0.0015931839434766	0.000546454396071686	0.000184716978953809	1.73172167769196e-05	
0.00832342905340643	0.0420350419813672	0.101234520568953	0.159709389257371	0.188716788712955	0.177774795844036	0.137656711267876	0.0896062569489706	0.0514913928612506	0.0256316374650155	0.010974581144807	0.00442242073381129	0.00167350381474524	0.000561668519725492	0.000157190507226929	3.06713184833033e-05	
0.00792468010114167	0.0398647613209716	0.0974963604321508	0.15717377978699	0.188449160983833	0.177101371542411	0.141454677802467	0.0909623783618114	0.0537774883150716	0.0269653666385718	0.0119416136694506	0.00451689525706842	0.00161864991188415	0.00054976630143284	0.000139836027890583	6.32135468546472e-05	
0.00752339709579665	0.0382460064814018	0.0938464921085587	0.152647528368082	0.186222719320887	0.179618954754462	0.142709378913457	0.0956322234649689	0.0552467808081677	0.0280975460533234	0.0124542334642997	0.00520424063399199	0.00176087642318392	0.000541072777156404	0.000156777271119524	8.98601432026537e-05	1.91191794048199e-06	
0.00687180444895027	0.0365791143642819	0.0908541732967701	0.149634208856357	0.184759305806732	0.17882699098433	0.144460346105692	0.0982347885576643	0.0580901871928317	0.0292975933439161	0.013562571343089	0.00583512624034546	0.00203524324777562	0.000672697440510107	0.000217245065773802	5.90754126227006e-05	9.52829235850009e-06	
0.006461194846238	0.0349326151695636	0.0885745867266318	0.146943752279081	0.18278610064422	0.179851783760788	0.145198356022852	0.100520770025526	0.0598353743770512	0.031147441351647	0.0141037133827641	0.00609084417163	0.00250319071350431	0.000767290628418622	0.000199419594019691	7.40701349215996e-05	9.49617114379482e-06	
0.00626542911653092	0.0326950439262093	0.0857228925934557	0.144324642821281	0.179907051118096	0.178662301517382	0.148668951549495	0.102975084167429	0.0623341044339231	0.0329432360079346	0.0153102306291764	0.0064226805881584	0.00257096683130706	0.000848779027579635	0.000278505618424568	5.49432852674317e-05	1.51567683496363e-05	
0.00622461509398319	0.0314158874090866	0.0820213469349202	0.141688863700765	0.178507603664872	0.178267686785681	0.148886370076509	0.106317181448947	0.0641787097383584	0.034850288089166	0.016542930008501	0.00712194200434495	0.00265230943610088	0.000916218003211486	0.000285255502030792	0.00010579011995844	1.70019835647492e-05	
0.00603576483571721	0.0305473195270409	0.0809121299220113	0.137437426655253	0.177841524323528	0.179702898263159	0.149546750721401	0.10662932580469	0.0670831608964075	0.0352829571846199	0.0172966047405509	0.00729242845993511	0.00299331606129495	0.000990213141488986	0.000268340202464573	0.000111493464404294	2.83457960349901e-05	
