# <P(N_1)> as a function of N_tot.
# number_of_species: 2
# species_total_upper_bound: 100
# species_total_lower_bound: 0
# volume: 512
# Bin widths for each species index 
1	1	1	1	1	1	1	1	1	1	1	1	1	1	1	1	1	1	1	1	1	1	1	1	1	1	1	1	1	1	1	1	1	1	1	1	1	1	1	1	1	1	1	1	1	1	1	1	1	1	1	1	1	1	1	1	1	1	1	1	1	1	1	1	1	1	1	1	1	1	1	1	1	1	1	1	1	1	1	1	1	1	1	1	1	1	1	1	1	1	1	1	1	1	1	1	1	1	1	1	1	
# Bin lower bound for each species index 
0	0	0	0	1	1	2	3	3	4	5	5	6	7	8	9	10	11	11	13	14	15	15	16	17	18	18	19	21	21	22	22	23	24	25	25	26	27	28	29	30	31	32	34	34	35	36	37	37	39	40	40	40	41	42	43	44	45	45	46	47	48	48	49	49	50	51	54	55	56	57	58	59	60	61	62	62	63	64	66	67	67	68	69	70	70	71	71	72	73	75	76	77	78	79	80	80	81	82	83	84	
# Bin upper bound for each species index 
0	1	2	3	4	5	6	7	8	9	10	11	12	13	14	15	16	17	18	19	20	21	22	23	24	25	26	27	28	29	30	31	32	33	34	35	36	37	38	39	40	41	42	43	44	45	46	47	48	49	50	51	52	53	54	55	56	57	58	59	60	61	62	63	64	65	66	67	68	69	70	71	72	73	74	75	76	77	78	79	80	81	82	83	84	85	86	87	88	89	90	91	92	93	94	95	96	97	98	99	100	
# Normalized histogram for each species index 
1	
0.0495686209078079	0.950431379092192	
0.00259956180828056	0.094105546436346	0.903294891755373	
0.000168187360719842	0.00647521338771391	0.135278700472326	0.85807789877924	
0.000580963980233226	0.0120252544342251	0.170005459661501	0.817388321924041	
1.40359742018794e-05	0.00101760812963626	0.0209206195479013	0.20246190987501	0.775585826473251	
1.41014884121019e-05	0.00200241135451847	0.0299022061778621	0.23162399791298	0.736457283066228	
0.000163461401788126	0.00374539820618879	0.0384489645075548	0.255362244680397	0.702279931204071	
7.18840079647481e-06	0.000215652023894244	0.00493843134717819	0.0489817630271793	0.281282123166059	0.664574842034892	
6.46254595588235e-05	0.000782686121323529	0.00737448299632353	0.0635699103860294	0.299725700827206	0.628482594209559	
0.000129936691956197	0.00108280576630164	0.0101567180879094	0.0752694381681814	0.317363151397902	0.595997949887749	
1.43102461362335e-05	6.43961076130509e-05	0.00140240412135089	0.0137020606754436	0.0863265598168289	0.325186033199771	0.573304235832856	
4.2419015030471e-05	0.000120187209253001	0.00246030287176732	0.0172433296098865	0.0982707181539245	0.339790450065749	0.542072593074389	
7.00515579466487e-06	0.000308226854965254	0.0032714077561085	0.022283400582829	0.110429275947097	0.350061645370993	0.513639038332212	
7.01976062616265e-06	0.000358007791934295	0.00438735039135166	0.0262749640237268	0.121168088168193	0.360401530307817	0.487403039556351	
1.3971456314749e-05	0.000600772621534206	0.00537202495302098	0.0294308727270187	0.134726753243124	0.36677867117479	0.463076933824197	
4.19721305053445e-05	0.000818456544854217	0.00616290782920141	0.0353055571100789	0.145776204600146	0.372964351670491	0.438930550114724	
0.000174163839407007	0.000870819197035035	0.00779557345185763	0.0419456190827836	0.157137582466578	0.373051977456233	0.419024264506106	
1.3801098567446e-05	0.000282922520632642	0.00145601589886555	0.0093985481244307	0.0477932043390654	0.172458527698805	0.375210466753154	0.39338651356648	
0.000295880381754502	0.00191978201184898	0.0110714310289068	0.0548823703459048	0.183273813210027	0.375272657212256	0.373284065809302	
0.000464906403402021	0.0020578945209413	0.0138378023600837	0.0626393009995488	0.190891936608645	0.37513844639219	0.35496971271519	
0.000494162703069986	0.00262867104549729	0.0175633660716124	0.0673502584059135	0.1992917001256	0.371576035854249	0.341095805794058	
2.03351228241419e-05	0.000501599696328833	0.00349086275147769	0.0190879019575945	0.073436906892251	0.205289843283987	0.375562605064801	0.322609945230736	
7.44379931517046e-05	0.000744379931517046	0.00501441390231028	0.0211471571453706	0.0805960453124366	0.21634387646	0.373022317863765	0.303057371391449	
0.000206024146029915	0.000727951982639032	0.00495831444778661	0.0231983188429684	0.0883706237037648	0.224339692611974	0.368989245539577	0.28920982872526	
0.000192718012251359	0.0012251359350265	0.00629086654277652	0.0264367816091954	0.0957877348750774	0.231006951614013	0.362764126918577	0.276295684493083	
4.13001280303969e-05	0.000144550448106389	0.00154187144646815	0.00769559052299729	0.0305483280331502	0.0998499428681562	0.235438263191949	0.361100786079104	0.263639367282039	
2.06712648746977e-05	0.00017915096224738	0.00171571498459991	0.00937786383148785	0.0336597096376327	0.107270083856431	0.243032061131821	0.355345933617678	0.249398810713228	
0.000200867192153712	0.00234806821172787	0.0100156537880782	0.0377422527601923	0.11428650588056	0.251243298654882	0.348075138182775	0.23608821532963	
1.37420210390342e-05	0.000364163557534407	0.00267282309209215	0.011227231188891	0.042985041810099	0.121981049752987	0.255093136547592	0.341028865115192	0.224633946914573	
6.20852361308481e-05	0.000469088450766408	0.00278693726631807	0.0129620176322071	0.0455843600391827	0.130034077896276	0.256991487424291	0.337371173135029	0.2137387729198	
6.87691694059719e-06	7.56460863465691e-05	0.000577661023010164	0.00346596613806098	0.0140908028112836	0.0505109549286864	0.135262079304606	0.26071079813498	0.333661133040835	0.20163808161525	
1.37563881227345e-05	0.00019946762777965	0.000777235928934499	0.00385178867436566	0.016218781596704	0.0536430354846032	0.140026274701314	0.265890347830274	0.326253378912833	0.19312593285507	
5.52948250955564e-05	0.000207355594108336	0.00102986611740474	0.00493506313977841	0.0183855293442725	0.0570711713517511	0.147215559963782	0.271497591219182	0.318664077025691	0.180938491418934	
6.95255575949719e-05	0.000305912453417876	0.00113326658879804	0.00551337671728127	0.0201971744813393	0.0612798264642082	0.153985204961344	0.273826408587797	0.314415429111741	0.169273875076478	
1.39278675738351e-05	0.000153206543312186	0.000215881947394444	0.00136493102223584	0.00587756011615842	0.0217205094813958	0.0669373315598515	0.160678844265549	0.274873430503423	0.30282666072411	0.165337715968997	
5.58546104490012e-05	8.37819156735019e-05	0.000195491136571504	0.00141032891383728	0.00619986175983914	0.0237731185723562	0.0728064847202731	0.168268995803922	0.27076220597784	0.299003693386116	0.157440183203122	
4.18060200668896e-05	0.000104515050167224	0.000209030100334448	0.00137959866220736	0.00717670011148272	0.0275083612040134	0.0764353400222965	0.171551003344482	0.277034559643255	0.291339186176143	0.147219899665552	
4.2222894660915e-05	9.14829384319824e-05	0.000204077324194422	0.00159039569889446	0.00848680182684391	0.029626397753742	0.0826724277460715	0.174563520826443	0.277721089632168	0.284209341111729	0.140792242246821	
7.0244944120147e-06	0.000126440899416265	0.000316102248540661	0.00199495641301217	0.00998180655947288	0.0319052536193707	0.0861905464354203	0.18179391538294	0.27990502883555	0.276146924325122	0.131632000786743	
1.40090358281091e-05	0.000175112947851364	0.000630406612264911	0.00254264000280181	0.010401709102371	0.0357860820229048	0.091275872938045	0.189346128252723	0.278058347634224	0.265324134066473	0.126445557384513	
2.11930260815508e-05	9.18364463533866e-05	0.00045211788973975	0.00324959733250445	0.0119316736839131	0.0380979965526011	0.0976715928678403	0.191902851168442	0.277275424566956	0.259769985023595	0.119535731441973	
1.41255906262581e-05	4.94395671919032e-05	0.000911100595393645	0.00329832541123126	0.0135958809777734	0.0419106273881077	0.102170396999725	0.195215662454886	0.277885681595062	0.25386511473511	0.111083644684893	
0.000133725595078898	0.00106980476063118	0.00400472966315226	0.0151391450007742	0.0442279810250419	0.102497149533368	0.199152602018553	0.279162737011022	0.250390619501415	0.104221505890964	
4.23863515947865e-05	0.000155416622514217	0.000904242167355445	0.00487443043340044	0.0167920596234679	0.0457772597223694	0.107067924128431	0.204909752393063	0.275165130161421	0.243735650453887	0.100575747942496	
2.83706052159358e-05	0.00030498400607131	0.0013688817016689	0.00530530317537999	0.0170294557808654	0.0492797412600804	0.113134880949848	0.20680043407026	0.271428672752161	0.23674560787568	0.0985736678227688	
6.41034772575108e-05	0.000384620863545065	0.00168805823444778	0.00597586860211684	0.0185259049274206	0.0522514565734555	0.119481758999416	0.211106995826151	0.267446829726919	0.228949130329492	0.0941252724397783	
9.93986382386561e-05	0.000425994163879955	0.00209447130574311	0.006318913430886	0.0208382145164611	0.0581269036614198	0.12286381676571	0.21002932259828	0.268887516241028	0.221467265898457	0.0888481827798959	
7.10459383037072e-06	7.10459383037072e-05	0.000518635349617062	0.00243687568381716	0.00705486167355812	0.0218395214345596	0.0608863691262771	0.129772510905552	0.215127101183625	0.264170112394674	0.214658197990821	0.0834576637253648	
8.4841628959276e-05	0.000692873303167421	0.00254524886877828	0.00829326923076923	0.0253817873303167	0.0651018099547511	0.134035633484163	0.215773472850679	0.260661764705882	0.207826640271493	0.0796026583710407	
0.000204664949363069	0.000677511556512227	0.00311231871272804	0.00922403754543209	0.0274956773351212	0.0675958925861886	0.136949080772081	0.217460037404284	0.257694343484244	0.203161720597057	0.0764247150569886	
2.82342311818849e-05	0.000275283754023378	0.000649387317183353	0.00326105370150771	0.00963493139081823	0.0287918572477271	0.0688632898526173	0.141601727934948	0.220735219379976	0.255823310181264	0.197413744423739	0.0729219605850133	
2.10651967840466e-05	4.91521258294421e-05	0.000238738896885862	0.000821542674577818	0.00331425762735667	0.0108626198083067	0.0303409051012885	0.0718744514271671	0.145560509777762	0.220552610328968	0.259221289892216	0.188041989958923	0.0691008671839343	
3.48906179128432e-05	4.88468650779805e-05	0.000216321831059628	0.00115139039112383	0.00405428980147238	0.0119605038205227	0.0313666655036461	0.0752799972087506	0.146833676424409	0.225833013502669	0.253752485956526	0.184355046927881	0.0651128711489481	
4.17815659730927e-05	2.08907829865463e-05	0.000355143310771288	0.00129522854516587	0.00493022478482494	0.0117963287930698	0.0330979638450182	0.0789044873401855	0.150399710314476	0.227236010138993	0.249185259463525	0.181429486643826	0.0613074844711846	
2.08394114950194e-05	2.77858819933592e-05	0.00034037705441865	0.00142402645215966	0.00463329582239264	0.0126286833659817	0.0350032648411342	0.0848650300782173	0.155496742105336	0.229129329387738	0.244397671543089	0.173112991289126	0.0589199627669181	
6.9475805050891e-06	2.08427415152673e-05	0.000236217737173029	0.00122277416889568	0.00451592732830792	0.0137145239170459	0.0391565637266822	0.0880466877409942	0.159196859693612	0.228839406676625	0.238843922603953	0.168193976447702	0.0580053496369889	
2.08266803659942e-05	2.08266803659942e-05	0.000270746844757925	0.00131208086305763	0.00504699887535926	0.0155158768726657	0.0421462588339836	0.0910611887869153	0.162031573247435	0.228204878996987	0.238958388292629	0.162087111061744	0.0533232439637338	
2.06907967336129e-05	4.13815934672258e-05	4.82785257117634e-05	0.000462094460384021	0.00166905760317811	0.00533822555727213	0.0177320128007062	0.0454369896270139	0.0935430920326639	0.165774663429706	0.228881593467226	0.234019807989406	0.156036195100419	0.0509959170161112	
6.87304118326277e-06	2.06191235497883e-05	9.62225765656788e-05	0.000673558035959751	0.00171138725463243	0.00676307252433057	0.019512563919283	0.045327706603618	0.0972122944960686	0.170451421344917	0.22988260845659	0.228707318414252	0.150643316654753	0.048991037554297	
6.87786291043647e-06	1.37557258208729e-05	0.000247603064775713	0.000536473307014045	0.00179512221962392	0.00748311484655488	0.0204547642956381	0.0479455823486526	0.101730470308266	0.172875084253821	0.227973644029327	0.22613037676933	0.147034953299311	0.0457721776689547	
2.06523385331332e-05	6.88411284437775e-05	0.000172102821109444	0.000605801930305242	0.00227175723864466	0.0078891933196569	0.0199295066844736	0.0504949677135108	0.105251201277691	0.175875314948163	0.231478294392202	0.225220635816662	0.137682256887555	0.0430394735030497	
1.38092936546296e-05	6.90464682731478e-06	1.38092936546296e-05	0.000248567285783332	0.000773320444659256	0.00266519367534351	0.00797486708554857	0.0219084443830698	0.0548712283366706	0.109121038458883	0.180887937581993	0.230546157564041	0.218345646620175	0.132072084512877	0.0405509908168197	
1.38654908730406e-05	0	9.01256906747641e-05	0.000318906290079935	0.000984449851985885	0.00327918859147411	0.00899870357660337	0.0248122959173062	0.055974986654465	0.113489042795838	0.181769652600126	0.230735633618269	0.212058817412283	0.129157047482373	0.0383172840276478	
6.98387423439279e-06	1.39677484687856e-05	0	6.98387423439279e-05	0.000293322717844497	0.00138979097264416	0.003680501721525	0.00916284299552334	0.0253305118481426	0.0603336895109193	0.117699232472222	0.183843505346156	0.228833623164114	0.207700419730841	0.123970751534706	0.0376710176203147	
1.4145772182339e-05	1.4145772182339e-05	2.12186582735085e-05	9.19475191852035e-05	0.000212186582735085	0.00147823319305443	0.00360717190649645	0.0103971425540192	0.0280439933514871	0.0642288785939102	0.121745588287301	0.187339533896807	0.223955865190791	0.202942320613927	0.12035222972734	0.0355553983803091	
7.08511346809219e-06	1.41702269361844e-05	9.91915885532907e-05	0.000219638517510858	0.000361340786872702	0.00133200133200133	0.00431483410206814	0.0112369899603942	0.0312949461885632	0.0667275986424923	0.123776932287571	0.187826358039124	0.224095053882288	0.19719996315741	0.118045075491884	0.0334488206828632	
0.000120188908684709	0.000212098074149487	0.000459545827323888	0.00144226690421651	0.00463080795226379	0.013206640083708	0.0320833686830124	0.0686914962812138	0.127004326800713	0.189672237776081	0.221967704533243	0.196841152682334	0.11173326546195	0.0319349000311077	
8.54354001580555e-05	0.000135272716916921	0.000498373167588657	0.00150223911944581	0.00495525320916722	0.0140398840926405	0.0328356721274127	0.0719152480830432	0.130424257957952	0.189894416084638	0.222167638494343	0.192471717322739	0.107513331482233	0.0315612607417217	
7.23353466671489e-05	0.000115736554667438	0.000477413288003183	0.00144670693334298	0.00507070780136714	0.0150240515027668	0.0359144996202394	0.0760967846938406	0.132214546638215	0.193207710947955	0.21902419617346	0.185706535498571	0.106115953560707	0.0295128214401968	
4.33410143242052e-05	0.000202258066846291	0.000534539176665198	0.00203702767323765	0.00567044937408352	0.0168957720840527	0.0377716939835449	0.0777176621856873	0.135101165150935	0.193640428498162	0.217398527850213	0.184278769404133	0.101699690111748	0.0270086754263672	
2.17285810512288e-05	0.000188314369110649	0.00051424308487908	0.00223804384827656	0.00631577422555716	0.0175277220479912	0.03872757429364	0.0819819363062861	0.138338632692823	0.196774029999928	0.212954580022743	0.182013080605793	0.096764614281472	0.0256397256404499	
1.4583849844682e-05	0.000240633522437253	0.000627105543321326	0.00261780104712042	0.00644606163134944	0.0176172906123759	0.0422494130000437	0.0841269378290481	0.14069769137657	0.197866382767723	0.214316965392524	0.17658125391941	0.0939491606994414	0.0226487188087911	
3.6751734681877e-05	0.000330765612136893	0.000867340938492297	0.00257997177466776	0.00757085734446666	0.0193828648712219	0.0449620722098083	0.0863077737269199	0.14501499470775	0.196834940609197	0.215049100317535	0.171645301658238	0.0879027990121134	0.0215144654827708	
2.20476375956316e-05	0.000293968501275088	0.000955397629144037	0.00311606611351594	0.00798859402215053	0.02094525571585	0.0479168657078394	0.0887049952597579	0.148961188808619	0.199950025354783	0.210113986286369	0.164445979613284	0.0844938964789923	0.0220917328708229	
3.65403588263237e-05	0.000409252018854825	0.000964665473014945	0.00312054664376804	0.00879891840537874	0.0220338363722732	0.0485402126648884	0.0930244455000548	0.150853217378595	0.199970767712939	0.208462747104177	0.161026053275843	0.0813388387473965	0.0214199583439909	
7.29772529902429e-06	0.00010216815418634	0.000321099913157069	0.00116763604784389	0.00350290814353166	0.00889592713951061	0.0232432550773924	0.0516095133146998	0.0954250560100417	0.152310824715936	0.199636573280109	0.205321501288049	0.159046625166935	0.0796473739135511	0.0197622401097578	
7.33880318797611e-06	0.00013209845738357	0.000308229733894996	0.0013209845738357	0.00341988228559686	0.0100027887452114	0.0247170891371035	0.0537714109583009	0.0981564926391804	0.155010200936431	0.200151179345672	0.202000557749042	0.155274397851198	0.076778558952606	0.0189487898313543	
7.32901410102313e-06	5.8632112808185e-05	0.000263844507636833	0.00100407493184017	0.00375245521972384	0.0110374952361408	0.0270880361173815	0.0572396001289906	0.10293600304887	0.154906042039225	0.195091026355135	0.201914338483187	0.153235026824192	0.0742575708715664	0.0172085251092023	
0.000124511110785592	0.000234373855596408	0.000996088886284735	0.00444577907334437	0.0117186927798204	0.0278904888159726	0.0606369109525832	0.106398406257782	0.153866436199042	0.196449236087714	0.200411619083891	0.148717535558908	0.071813614191337	0.0162963071469378	
0.000119052048067264	0.000401800662227017	0.00108634993861379	0.00500762677182931	0.0132073365824621	0.029651400721753	0.0603370661110904	0.108731723650433	0.156173964805238	0.201339335540757	0.199672606867815	0.143465158674058	0.0656125599910711	0.0151940176345846	
7.53676054958058e-06	0.00012812492934287	0.000369301266929448	0.00181635929244892	0.00584852618647453	0.0140183746222199	0.0303957552964585	0.0628716565046012	0.109742770362443	0.161309286042673	0.203967350753299	0.194478569221377	0.137455438903251	0.0622536421395356	0.0153373077183965	
7.52139837838651e-06	8.27353821622516e-05	0.000466326699459964	0.00204582035892113	0.0059118191254118	0.0148021120086647	0.0322818418400349	0.065910013989801	0.111579944943364	0.164778795673692	0.201385441581299	0.188553935947771	0.13345969282609	0.0634429953216902	0.0152910029032598	
5.30648756007702e-05	0.000128871840744728	0.000598875024637264	0.00203162666585806	0.00602665372894462	0.0151159088497051	0.0343026517276407	0.0669906150977152	0.115203844929272	0.168549206301075	0.198477796139909	0.184370119926619	0.130668465818639	0.062639295298452	0.0148430037751869	
6.90401123052493e-05	0.000184106966147332	0.000966561572273491	0.00237804831273637	0.00576101381569358	0.0165542847060809	0.0351337460397824	0.0693699706195967	0.117306821930208	0.168764718968387	0.197661841529929	0.185065856596016	0.127394349450364	0.0606555742219563	0.0127340651585238	
7.78264625537975e-06	0.000101174401319937	0.00031130585021519	0.00106622253698703	0.00232701123035855	0.00665416254834969	0.0174876061358383	0.0363994365364111	0.0727833077803115	0.119829404394082	0.169646123074768	0.197803737226732	0.183888365722113	0.124039816018243	0.0556303554334545	0.0120241884645617	
7.03916906519835e-05	3.91064948066575e-05	0.00031285195845326	0.000977662370166437	0.00267488424477537	0.00781347766237017	0.0181688774871731	0.0373545238393192	0.0739269177825053	0.123271492929546	0.169479727193092	0.19754254786635	0.180406081842072	0.121425666374672	0.0547412714303592	0.0117945188336879	
0.000110382237921029	3.15377822631513e-05	0.000102497792355242	0.000299608931499937	0.000883057903368235	0.00350857827677558	0.00853097010218241	0.0181105714646146	0.0391778100163996	0.0771177620789706	0.125086728901224	0.171124006559859	0.195415983348051	0.177770594171818	0.119528194777343	0.0522265674277785	0.0109751482275766	
4.77627148327111e-05	1.5920904944237e-05	7.96045247211852e-05	0.000302497193940504	0.00105077972631964	0.00391654261628231	0.00806393835425606	0.0203867187810955	0.0414182342124326	0.0787845981165569	0.127789143534919	0.175496135200325	0.195675882217145	0.173808519276236	0.113603617229603	0.0485269182700345	0.0110331871263563	
3.16215532506957e-05	1.58107766253478e-05	0.000102770048064761	0.000537566405261826	0.00120161902352644	0.00378668100177081	0.00882241335694409	0.0211706299013408	0.0441515937262838	0.0791724639514293	0.131205729825449	0.178811978244371	0.193484378952694	0.169499430812041	0.111165570452821	0.0466180748798381	0.0102216670882874	
2.34727090635954e-05	0.000133012018027041	0.000547696544817226	0.00127535052578868	0.00372433650475714	0.00890398097145719	0.0222521281922884	0.0447389834752128	0.0825300450676014	0.133692726589885	0.179190660991487	0.193900225338007	0.167321294441662	0.108365673510265	0.0436201176765148	0.00978029544316475	
3.88008970767404e-05	0.000139683229476266	0.00060529399439715	0.00124162870645569	0.00387232952825869	0.00985542785749207	0.0224967601250941	0.0465610764920885	0.0846790777802783	0.134375266756167	0.182410777337172	0.1896044636552	0.165741911953004	0.104514096365908	0.0436898101084097	0.0101735952135213	
1.55482306113564e-05	0.000209901113253312	0.000668573916288326	0.0017491759437776	0.00412805522731513	0.0103240251259407	0.0234467317619255	0.0486426394676286	0.0886560109459543	0.137936127868649	0.175073076683873	0.192945767771628	0.161600534859133	0.101312270663598	0.0439004291311649	0.00939113128925928	
3.09631074574644e-05	0.000209000975337885	0.00073537380211478	0.00185778644744787	0.00452835446565417	0.0102720108990138	0.0251575248091899	0.0506711253541405	0.0894291951140216	0.137228492251482	0.17908287275711	0.191932562351958	0.159289706314926	0.0985013855990587	0.0429148669360457	0.00815877881504188	
6.2500976577759e-05	0.000203128173877717	0.000742199096860888	0.00162502539102173	0.00425006640728761	0.0115939311551743	0.0260941577212144	0.0526492601446898	0.0902045344458507	0.144728823887873	0.179049672651135	0.189604525070704	0.155033672401131	0.096040563133799	0.0402193784277879	0.0078985609150143	
0.000117519860856485	0.000219370406932105	0.000775631081652799	0.00171578996850468	0.00506118867421928	0.0116579701969633	0.0271079145708958	0.0552500039173287	0.0970008931509425	0.145332894592519	0.178677196446199	0.187405004779141	0.149759476018114	0.0943136056660242	0.0379354110844733	0.00767012958523324	
1.55962444243426e-05	3.89906110608565e-05	0.000382107988396394	0.000795408465641474	0.00218347421940797	0.00559125362612683	0.0128435072834461	0.0278938831529368	0.0587354565020743	0.100439814092766	0.144156087214199	0.179575158301881	0.185166411928008	0.14803955207586	0.090723353816401	0.0366277800305686	0.00679216444680121	
2.35369805192258e-05	0.000188295844153806	0.000282443766230709	0.00101209016232671	0.00265967879867251	0.00633144775967174	0.0139809664284201	0.0310923512658973	0.0599173067417758	0.100942263786786	0.145105484901027	0.182654814489365	0.182427290344346	0.144830886794969	0.0869142233973278	0.0347405832463773	0.00689633529213316	
4.71312763149626e-05	3.92760635958022e-05	0.000337774146923899	0.00102903286621002	0.00265506189907623	0.00721108527618928	0.0159853578834915	0.0324420285301326	0.0624882171809213	0.102164896625401	0.150089549424998	0.178603971595551	0.177849871174511	0.142917740212405	0.0862031043800666	0.0335339030980959	0.00640199836611575	
2.3636005515068e-05	0.000110301359070317	0.000338782745715974	0.000819381524522356	0.0029229860153634	0.0076186724443569	0.0162300571203467	0.0344612960409691	0.0642347843214497	0.106708686232027	0.14966318692141	0.176710655899153	0.176750049241678	0.142272995863699	0.0820484538113059	0.0327201103013591	0.0063659641520583	
6.37054261096689e-05	0.000183153100065298	0.000222968991383841	0.00108299224386437	0.0032410135533294	0.00735001353740305	0.0160617305579003	0.03487075761678	0.0687063020592779	0.105090063546163	0.148592906400803	0.177260348150154	0.178860946981159	0.138137253340553	0.0813916450333657	0.0325534727420408	0.00633072671964835	
