# <P(N_2)> as a function of N_tot.
# number_of_species: 2
# species_total_upper_bound: 100
# species_total_lower_bound: 0
# volume: 512
# Bin widths for each species index 
1	1	1	1	1	1	1	1	1	1	1	1	1	1	1	1	1	1	1	1	1	1	1	1	1	1	1	1	1	1	1	1	1	1	1	1	1	1	1	1	1	1	1	1	1	1	1	1	1	1	1	1	1	1	1	1	1	1	1	1	1	1	1	1	1	1	1	1	1	1	1	1	1	1	1	1	1	1	1	1	1	1	1	1	1	1	1	1	1	1	1	1	1	1	1	1	1	1	1	1	1	
# Bin lower bound for each species index 
0	0	0	0	0	0	0	0	0	0	0	0	0	0	0	0	0	0	0	0	0	0	0	0	0	0	0	0	0	0	0	0	0	0	0	0	0	0	0	0	0	0	0	0	0	0	0	0	0	0	0	0	0	0	0	0	0	0	0	0	0	0	0	0	0	0	0	0	0	0	0	0	0	0	0	0	0	0	0	0	0	0	0	0	0	0	0	0	0	0	0	0	0	0	0	0	0	0	0	0	0	
# Bin upper bound for each species index 
0	1	2	3	3	4	4	4	5	5	5	6	6	6	6	6	6	6	7	7	7	6	7	7	7	7	8	8	8	8	8	9	10	10	10	10	11	11	11	10	10	10	10	9	10	10	10	10	11	11	10	11	12	12	13	13	12	12	13	13	13	13	14	14	15	15	15	13	13	13	14	14	14	14	14	14	14	14	14	14	13	14	15	15	14	15	15	16	16	16	16	16	15	15	15	15	16	16	16	16	16	
# Normalized histogram for each species index 
1	
0.94918210725411	0.0508178927458899	
0.902663210689491	0.0948157386855662	0.00252105062494274	
0.857995831027051	0.134926336367812	0.00696006500771378	0.000117767597423245	
0.816317025936396	0.170226939776509	0.0129549333388356	0.000501100948259853	
0.77624855656078	0.201349854407301	0.0210793546320809	0.00125171523184646	7.05191679913497e-05	
0.737121011615939	0.230839582414351	0.0298073812674607	0.0021055727098956	0.000126451992354066	
0.699618291337514	0.256367219072454	0.039881770609023	0.00394982920454747	0.000182889776461496	
0.661324607704985	0.281667223960448	0.0512789892283073	0.00545152738302802	0.000274666220831642	2.98550240034393e-06	
0.626420915639974	0.300660835589228	0.0644605062137605	0.0077340695143052	0.000690914180715751	3.27588620166951e-05	
0.596238199461659	0.316618211977041	0.075873756321316	0.0103117168529502	0.000877274401252736	8.08409857809688e-05	
0.571111892404045	0.327745764630869	0.0863282344037709	0.0133392526204764	0.00139440925315679	7.44876737797429e-05	5.95901390237943e-06	
0.539793075414428	0.341772715269515	0.0983945097038551	0.0176897674101195	0.00223421584364643	9.19796695259486e-05	2.37366889099222e-05	
0.513066163573924	0.350762745589341	0.110893628310758	0.0220731940984863	0.00294191342284847	0.000256459386560939	5.89561808186066e-06	
0.485912029438081	0.360317253393853	0.123535651009416	0.0258709061927815	0.0039908509667518	0.000370346229282832	2.96276983426266e-06	
0.46271578362203	0.364858391536019	0.136504763650772	0.0304447848225533	0.00489375669010544	0.000567734915105888	1.47847634142158e-05	
0.437410127400432	0.372346071399982	0.146885553081537	0.0363730161318537	0.00619657676194768	0.000732322708230181	5.63325160177062e-05	
0.417669862689394	0.373961292613636	0.157901278409091	0.0417051373106061	0.00778882575757576	0.000858191287878788	0.000115411931818182	
0.395110674517509	0.37563454762563	0.171123450762634	0.047446221537267	0.00916160303053476	0.001349976176891	0.000167644100398228	5.88224913677994e-06	
0.373565526318104	0.376555387172324	0.181853889603785	0.0546001354231093	0.0112588779814335	0.00195806573590149	0.000205186529211234	2.93123613158905e-06	
0.354259446323217	0.377041884433513	0.190923331430161	0.0617213462749059	0.0134481092713777	0.00221353594799947	0.00038941836122213	2.92795760317391e-06	
0.340542559731279	0.373644409540533	0.198799344669261	0.0667625543780388	0.0168627070336284	0.00295016486215406	0.000438259785105638	
0.322947709854389	0.375050498545056	0.206531730651007	0.0723402635877679	0.018961105874225	0.00358905601386441	0.000564998214254349	1.46372594366412e-05	
0.305806606648849	0.372280442631406	0.214601795845642	0.0800921367280912	0.0217037089135837	0.00470061424485394	0.000735569934824401	7.91250527500352e-05	
0.291372622122802	0.369316988155368	0.222808092105847	0.0865815084078246	0.0237070177151666	0.00516334821679553	0.000920229968724017	0.000130193307472208	
0.274897063347453	0.363694715918503	0.232758110698313	0.0945331172058023	0.0265091459807378	0.00616140940391396	0.00123642301048297	0.000210014434794955	
0.261975348091341	0.359920233382448	0.238915221340529	0.100004142183404	0.0302261040398123	0.00720148171817768	0.00155036007408591	0.000189356955613546	1.77522145887699e-05	
0.249071195918914	0.355087228757975	0.243496884156045	0.108151761678838	0.0336719365825364	0.00862917738745036	0.00163897853860226	0.000240938768832637	1.189821080655e-05	
0.238190996753867	0.348049336452167	0.249883640443002	0.11382649894978	0.0383180971930495	0.0094042390681688	0.00205568550696964	0.000250620584303991	2.08850486919992e-05	
0.224824168085505	0.343204285930773	0.253385154348776	0.120944426120882	0.0433228443319279	0.0115676154310148	0.00232065441860327	0.000380337728016925	5.05136045022479e-05	
0.213820365631693	0.337522676969731	0.258066149726089	0.127965134810675	0.0455803367958224	0.0136702284527828	0.00288656599929102	0.000411089894635873	7.74517192792224e-05	
0.202351535071338	0.333072383655785	0.261005453051468	0.134653021588108	0.049692985732427	0.0147277209232838	0.00373496675879585	0.000624486442070666	0.000128482856502577	8.96392022111003e-06	
0.191757960754758	0.325928119177291	0.264954734282612	0.14234101669164	0.0532840449935548	0.0165301367691613	0.00409440152650295	0.000879294411097054	0.000197392622899339	2.99079731665665e-05	2.99079731665665e-06	
0.181161114007803	0.317184774986965	0.269368381308546	0.149643107571154	0.0582864368890727	0.0182551526157129	0.00477055202958222	0.00110573724806271	0.000173801518665684	3.59589348963484e-05	1.49828895401452e-05	
0.171000585773553	0.312015000634085	0.271324874843743	0.155208855446788	0.0633360105801574	0.0202816544177592	0.00533537045648065	0.0011655082038492	0.000256653360951248	5.13306721902496e-05	2.41556104424704e-05	
0.164414734746124	0.302850295197257	0.273993288082867	0.160647224903694	0.0688047158934445	0.021597363650944	0.00595538905213084	0.0014071422303053	0.000236036761212503	8.17050327274048e-05	1.21044492929489e-05	
0.158103495708589	0.296287226741884	0.272216629330334	0.167635597396433	0.0729282870332581	0.0245694229042527	0.00652100962279723	0.00141485048839551	0.000241854784341112	4.83709568682224e-05	3.0231848042639e-05	3.0231848042639e-06	
0.147768183990948	0.288823070267261	0.276059031034253	0.172905989629029	0.0772770453019017	0.0277729035693324	0.00745451355063563	0.00158831964857293	0.000254131143771669	6.05074151837308e-05	2.11775953143058e-05	1.51268537959327e-05	
0.141618672693252	0.282162037374547	0.277277587421934	0.175773371242497	0.0829354086170445	0.0294282034458458	0.00862068965517241	0.00183470632548419	0.000258195426599597	5.16390853199193e-05	2.43007460329032e-05	1.51879662705645e-05	
0.133770894610068	0.277557887601825	0.276144740186644	0.182044857595894	0.0868314027379353	0.0312708038297203	0.00976191340765218	0.00219688441846109	0.000344965321907114	7.26242782962344e-05	3.02601159567643e-06	
0.128195163685769	0.268407305985594	0.27661042274821	0.18630685018994	0.0925027188075205	0.0341861803239674	0.0103811753081064	0.00267211331929495	0.000614555938146752	0.000117488635233938	6.02505821712502e-06	
0.120273036306221	0.260939264214855	0.277440994088842	0.191116357422759	0.097334846847282	0.0376104190944276	0.0116079676848671	0.0030069013820878	0.000561529776173024	9.96262506113429e-05	9.05693187375845e-06	
0.11363417366272	0.254829986871108	0.276411355889332	0.194545487395059	0.101766980234393	0.0414343013381834	0.0130897462149043	0.00335449212868723	0.000849162280331956	7.52803440010599e-05	9.03364128012719e-06	
0.107331647208304	0.249727303238798	0.276244815764869	0.199119579028121	0.103621772588881	0.0440420252679021	0.0148185218037542	0.00399156138374128	0.000958933665763671	0.000143840049864551	
0.102642782938707	0.243432074893862	0.273853202745468	0.203330951365828	0.108320472710459	0.046364296909247	0.0165496700274427	0.00437461343069375	0.000975806015769025	0.000132109122134883	2.40198403881606e-05	
0.0993003237398134	0.236897287283633	0.27183886024276	0.204921569278208	0.113432637679935	0.0495686989159393	0.0176201352285036	0.00496622304556796	0.00122194430951095	0.000220251690356295	1.20685857729477e-05	
0.0947248904054694	0.229665812578173	0.26902269608617	0.208384436969484	0.118547280476994	0.053066825340927	0.0190955567159285	0.00570134427861905	0.00145114087602764	0.000309657676474517	3.03585957327958e-05	
0.0892945749885083	0.222632170156805	0.269886787398363	0.209697501042627	0.122128969214331	0.0568559225807237	0.0211356572510556	0.0062222790466884	0.00173517566370469	0.000331814293585634	7.91483636075824e-05	
0.0836721167267874	0.214959208544977	0.267088580530671	0.214571300286808	0.127982235634413	0.0602265750755199	0.022034410822335	0.00704954535319505	0.00195175887378321	0.000363473092300785	9.46862677422212e-05	6.10879146724008e-06	
0.0796924813521058	0.207654407614747	0.262394557408057	0.21730707628476	0.132165901429291	0.0651585643028205	0.0243513278520982	0.00837744253092729	0.00235215156276218	0.0004881248379273	5.49140442668212e-05	3.05078023704562e-06	
0.0757090597261374	0.201696208921366	0.25943664455939	0.219692201027213	0.136155888229016	0.0675837993498575	0.0271429918108809	0.00904665030667384	0.00283411028094791	0.000599055499299075	0.00010339028921913	
0.0711685347313557	0.195901141589437	0.258406291100729	0.22162886289636	0.141351414856836	0.0694047317524207	0.0287518194939899	0.00972227731987391	0.00282269507874556	0.000665240569909765	0.000164784361353795	1.220624898917e-05	
0.0681274318177666	0.18866034622387	0.256592928167376	0.223788125117976	0.14571117159576	0.0717473771380207	0.0304057139725627	0.0106954313793544	0.00315413233959897	0.000785488555614416	0.000295319340676738	2.74007635679448e-05	9.13358785598159e-06	
0.0647008042164569	0.182219395095946	0.252496705893044	0.225974222666485	0.148814878761719	0.0763899616823421	0.0322140942341769	0.0119769185333273	0.00380753328183925	0.00110863737561906	0.000209005406879004	6.05812773562331e-05	2.72615748103049e-05	
0.0616088218647874	0.176927196489755	0.247208174343807	0.226565400227606	0.153743632811787	0.0810131512484862	0.0347829526713283	0.012098418320462	0.00444257815590406	0.00125365904125512	0.000289071866308826	3.95572027580499e-05	2.43428940049538e-05	3.04286175061922e-06	
0.0581180501898075	0.170472487837355	0.242409990318748	0.228556943778498	0.157526486011049	0.0862211662090723	0.0369109172146092	0.0136178867995981	0.00453827759233074	0.00123687915537951	0.000342050531858037	2.44321808470026e-05	1.8324135635252e-05	6.10804521175066e-06	
0.0558279225247653	0.165667081588774	0.237655557560503	0.229000302780998	0.1610091476562	0.0894947227412996	0.0400466099232649	0.0146527652468583	0.00500047405105683	0.00126311668690304	0.000308897785416966	5.19926965553309e-05	2.14087574051363e-05	
0.0525180384452971	0.160620192042888	0.236412261858863	0.228104479164754	0.162388847069479	0.0935367592609592	0.0426068383914419	0.0165329465547946	0.00522028628955759	0.00162483705730075	0.000354954988035569	5.81391790747915e-05	2.14196975538705e-05	
0.0498474431844212	0.155754553034491	0.232359759207621	0.229574337469725	0.165301952543988	0.0954617783329617	0.0456112809580385	0.0179525317712167	0.00584266643047593	0.00174088858618467	0.000464236956315913	5.19212385353324e-05	2.74877145187054e-05	9.16257150623513e-06	
0.0490570178112085	0.14891742962683	0.229244638960342	0.229302546722421	0.170136052763115	0.0976324868640813	0.0475087471198508	0.0189632681921806	0.00672034817803894	0.00179818840138003	0.000585173174686384	0.000100576639399222	3.04777695149158e-05	3.04777695149158e-06	
0.0456281162592728	0.145242004134744	0.224638209899064	0.228785114921561	0.174197373221452	0.102088653775994	0.0493858689042928	0.0205004256354129	0.0069104949531801	0.00178462848108963	0.000562446795573392	0.00024930074182172	2.43220235923629e-05	3.04025294904536e-06	
0.0435111719106247	0.137002583979328	0.222465420276638	0.230721994224046	0.175616355069159	0.106991944064447	0.0517981456148351	0.0212798297613619	0.00752697978416173	0.00214318285453716	0.000650554795561635	0.000224958200334397	5.77595379236966e-05	9.11992704058368e-06	
0.0408060652970179	0.132452873885459	0.216999530719584	0.230523339082526	0.180014748813086	0.111000054850958	0.0545645138681505	0.0220196122646742	0.00812708357457597	0.00247438765000213	0.000734393378879943	0.000222451106465709	5.18036823276309e-05	3.04727543103711e-06	6.09455086207422e-06	
0.0382404117589799	0.12967244232454	0.212440986080016	0.22962802978682	0.181613817774749	0.113969872481262	0.0567385379149226	0.0242960916966806	0.00908327655018008	0.00313017132288523	0.000827411661637302	0.000240314416431422	0.000106468412343035	6.08390927674487e-06	6.08390927674487e-06	
0.0375200238763788	0.125466716206092	0.208488905402031	0.22841532717339	0.182572070727681	0.116723210642043	0.06026349289495	0.02600515291237	0.00952618788030138	0.00349313858654274	0.00112986435536823	0.000286272909446397	9.13636945041692e-05	9.13636945041692e-06	6.09091296694462e-06	3.04545648347231e-06	
0.0360746418474441	0.120794182380767	0.203902151524547	0.223990005187725	0.185542516322916	0.1202232256599	0.0645702936743521	0.0283605867961654	0.0110814718404759	0.00375112426289794	0.00128311779205511	0.00029468733980213	7.6741494740138e-05	4.29752370544773e-05	6.13931957921104e-06	6.13931957921104e-06	
0.0337168753360473	0.117677240955527	0.19859897073508	0.224518012136109	0.186551962516322	0.122691450956295	0.0674491128350872	0.0310960903295184	0.0117059682003226	0.00422766725554958	0.00125355250019203	0.000337967585836086	0.000119824871341885	4.60864889776481e-05	6.14486519701974e-06	3.07243259850987e-06	
0.0321404659676538	0.112480881567067	0.195883317670039	0.222796543018778	0.189501292989601	0.125552054348561	0.0691856929625739	0.0327025018273844	0.0130926714209372	0.00468056093021542	0.00142198143746046	0.000390046744184618	0.000119778134040946	5.22109815050276e-05	
0.0311635263586247	0.107765544140907	0.192791879731577	0.221182107154374	0.190196710738471	0.129002933001643	0.072415964128315	0.0343944349748929	0.0139187051795888	0.00509205939712228	0.00147417883632008	0.000451467268623025	0.000113634618633006	3.6854470908002e-05	
0.0287545776196997	0.104344943395525	0.187110786142283	0.22063042575736	0.191064114559774	0.132281590997813	0.0760179201031088	0.0368099490033027	0.01537336646363	0.00541878636535447	0.00156460098027673	0.000455438305149861	0.00013941988933159	3.40804173921665e-05	
0.0267818211264623	0.101268858463417	0.182430328022026	0.217624487660242	0.193832612839328	0.134862151017205	0.0791806301311839	0.0382059076355754	0.0169274564277617	0.00606087032353711	0.00204935903026075	0.000582416624101459	0.000152611842678992	3.42598014177329e-05	6.22905480322416e-06	
0.0254440635223341	0.0972783759962612	0.180489120718155	0.213984825150478	0.195977629800168	0.137975703930468	0.0823826834830012	0.0391917620453113	0.0180385613063293	0.00618850312248092	0.00223952925973207	0.000617909333567532	0.000163102971297014	2.50927648149252e-05	3.13659560186565e-06	
0.0238309679335855	0.0944105777769351	0.174679320054229	0.215341442372415	0.196465647190436	0.140716793548163	0.0840862478155209	0.0423591425781435	0.0179277391708302	0.00677860047971634	0.0024902271226184	0.00068576051473121	0.000183290828822167	2.52814936306437e-05	1.89611202229828e-05	
0.022997454613632	0.0897494971193599	0.171719835900434	0.213764788504133	0.196433281323982	0.143479076034282	0.0861204943324637	0.0448636263970231	0.019466962410268	0.00768700327627134	0.00260894158322397	0.000826217797366907	0.000238332056932762	4.13108898683454e-05	3.17776075910349e-06	
0.0224180335682646	0.0860973238174527	0.165775876861285	0.21046895157959	0.19724691930779	0.146643491302883	0.0897738177704622	0.0477531124683033	0.0213344687990543	0.00817598871313179	0.00314265559163907	0.000918329085928911	0.000187478948338428	5.08417487019466e-05	1.27104371754867e-05	
0.0212461896281838	0.0836000329545671	0.16162630788438	0.207547229598271	0.197831969732498	0.149848218869025	0.0931441825683015	0.0491339920021801	0.0225992281026408	0.0089072392311446	0.00313702128738284	0.0010203240954922	0.000307364711996096	4.75306255664066e-05	3.16870837109377e-06	
0.0200293096307624	0.0812832520946828	0.158466341712065	0.204746885851732	0.197868680110867	0.151976807161745	0.0959762974290357	0.0515148618942942	0.023708942623212	0.00932492274363631	0.00347255407945459	0.00123610181910861	0.000267609672178152	0.000108318200643538	1.91149765841537e-05	
0.0189519801916687	0.0774051599163534	0.156006645541201	0.20270183586283	0.199122480659936	0.153848127573864	0.0979479646426418	0.0539565345683606	0.0246609875941345	0.0100741529500815	0.00359539174054165	0.00129895954943744	0.000307901522829615	8.33899957663541e-05	3.84876903537019e-05	
0.0174743746647265	0.0750016864056432	0.154079656165981	0.202304433158911	0.19700430113744	0.155627937156495	0.100609354572408	0.0559147867258997	0.0257233074108694	0.0107159032870455	0.00400561492774153	0.00117887784962401	0.000295522512712286	4.81830183770032e-05	1.60610061256677e-05	
0.0167549662491044	0.0715692479702876	0.1480991225731	0.199703776052125	0.199437110242216	0.156172992215286	0.104594041464927	0.0584801333971618	0.0272609565913041	0.0119646201939913	0.0044208693305403	0.00118553835971611	0.000266665809909044	8.03210270810375e-05	9.6385232497245e-06	
0.0159898036034992	0.067049031535446	0.14396616650252	0.198317980804511	0.200741556109148	0.159492497537802	0.10665340620152	0.0594918538259017	0.0284713773503531	0.013038384540615	0.0050467012983669	0.00132604651462192	0.000337948747658498	7.72454280362281e-05	
0.0149196398885708	0.0645237303618868	0.139493145422911	0.193835883961226	0.202538469235909	0.162757066815583	0.110180023435003	0.0617541390541426	0.0290645689218284	0.0132120480449849	0.00552949872979699	0.00175278331014581	0.000322796189713777	0.000109750704502684	6.45592379427553e-06	
0.0147194736535963	0.0638479386273889	0.134805172982091	0.19155351037634	0.199561162563741	0.165740303890077	0.111835684786753	0.0650080464301641	0.0312453547215418	0.0138308116876822	0.00544184272945252	0.00183872239492784	0.000449178230043884	0.000106639435909699	6.46299611573933e-06	9.694494173609e-06	
0.0140742207406494	0.0618116664124045	0.131442705002905	0.18647693301437	0.198746433567795	0.167715633226327	0.115479370684982	0.0681087116699829	0.0334035529617211	0.0145805810809495	0.00580042261613017	0.00174629399411194	0.000480393143361648	0.00010386878775387	2.59671969384675e-05	3.24589961730844e-06	
0.0130443166850244	0.059854816199662	0.128619381154868	0.185522802223842	0.197625810162866	0.168281817379566	0.116771311001219	0.0696012838405397	0.0361946286569681	0.0154891046781084	0.00591586399395994	0.00226502417006311	0.000637344463437673	0.00014707949156254	2.9415898312508e-05	
0.0122785730022657	0.0565097153304593	0.125518320854173	0.183461742084201	0.198114479443091	0.168792563143893	0.120007102763172	0.0719549369136521	0.0368817554347647	0.0167802779942586	0.00649442465974147	0.00225249665413818	0.000687258103233401	0.000217028874705285	4.60364279677877e-05	3.2883162834134e-06	
0.0121434371307293	0.053765818815561	0.122223249120352	0.180164509080347	0.197193047312864	0.170156653309656	0.122774473366297	0.0750490160482173	0.0379156461866505	0.0177679048857613	0.00734415537262099	0.00249866319868498	0.000785577069071369	0.000171638687360131	1.65037199384741e-05	2.97066958892534e-05	
0.0110117818133748	0.0512748483897087	0.119691987375448	0.178135069484608	0.196146537336616	0.17190871986384	0.123439694631261	0.0775616768841813	0.0399358857841598	0.0183485632136424	0.00802088669299536	0.00332799048201332	0.000826214121651767	0.000251169092982137	5.61825602723202e-05	1.65242824330353e-05	4.6267990812499e-05	
0.0104945498919873	0.0488976105275309	0.115611549941459	0.174076944641414	0.195122112102373	0.174842103527316	0.126630497518181	0.0787618937682426	0.0420342672449333	0.0202239408980723	0.00810013027489652	0.00365099520126647	0.00105539156676176	0.000343002259197573	9.56448607377847e-05	3.95771837535661e-05	1.9788591876783e-05	
0.0100086031956603	0.0477575869021272	0.111496759025146	0.171016424879654	0.194248336824961	0.175590566694468	0.130023182657008	0.0804103264617223	0.0442177987640294	0.020690357196803	0.0091318653173003	0.00350038418850849	0.0012346570871287	0.000502400357262476	0.000114928186301874	3.94039495892138e-05	1.64183123288391e-05	
0.00941407528641571	0.0449754500818331	0.108150572831424	0.168635024549918	0.192772504091653	0.177855973813421	0.13230441898527	0.0835482815057283	0.0454762684124386	0.0214631751227496	0.00948936170212766	0.00397381342062193	0.00127986906710311	0.000474631751227496	0.000114566284779051	6.21931260229133e-05	9.81996726677578e-06	
0.00926333786874708	0.0445286269442731	0.104265572946746	0.16526525644665	0.190121934109248	0.180352848664011	0.134894298756514	0.0860260313171951	0.0468876946720309	0.0225237130355622	0.0100007504641458	0.00382084136819402	0.00139325300104086	0.000453541375046088	0.000163144379512981	2.93659883123367e-05	9.78866277077888e-06	
0.00907159896735401	0.0433842031306166	0.102071827718048	0.16083134538087	0.191202901865952	0.177268716708604	0.137995490343453	0.0885036436717754	0.049406882128035	0.0235253749877455	0.0104016208620633	0.00403254795594915	0.00159798699388909	0.000519590863043691	0.000166661220221561	1.96072023790072e-05	
0.00834804892405454	0.0418475627404495	0.100469272870955	0.158560896529072	0.190086407347064	0.178466781789741	0.13807289176805	0.0899813656718602	0.0514379002071565	0.0253498408114551	0.0106114856405103	0.00423743971485901	0.00167156102335958	0.000656916978051818	0.000159351148141283	4.22768352211566e-05	
0.00779157377422662	0.0393809702039023	0.0965745065173878	0.156583294006607	0.188556736261412	0.178080096336919	0.142298742087191	0.0913898878781468	0.0542871556199248	0.0267042033490098	0.0117426892971636	0.00419195782005175	0.00154269255178923	0.000650925127337228	0.000156222030560935	6.8347138370409e-05	
0.00720773931414515	0.038268195404052	0.0931489155938353	0.152284181592193	0.187128619690337	0.17976835279953	0.142970263613086	0.095748374932255	0.0557666782414544	0.0281072625843364	0.0122314135412035	0.00488737298833975	0.00164859593497782	0.000574412363171405	0.000178489717369646	8.11316897134753e-05	
0.00642043693833282	0.0365858382398513	0.0905898151017457	0.149319543435596	0.185137124264022	0.179894897221361	0.144329098233654	0.0982885290775746	0.0581616052060738	0.0292389732465654	0.0133928571428571	0.00571996694556347	0.00193032744551183	0.00065527838033261	0.000258237785352753	6.77874186550976e-05	9.68391695072823e-06	
0.00620340994093219	0.034115530449586	0.0879987876911966	0.146457220975522	0.182178415744538	0.180817792566226	0.145715649101086	0.101334184528876	0.059993164641853	0.0312524181691558	0.014157574350641	0.00598093837860146	0.00256325930511491	0.000847971317289587	0.000257938043282004	0.000109623668394852	1.61211277051252e-05	
0.00573800827071299	0.0322203807102515	0.0851593801792524	0.144750349976668	0.178537982525303	0.179194490482244	0.149513250840749	0.102946240365585	0.0634592176613513	0.0327095435016976	0.0153153008190259	0.00651680692551531	0.00254557742127536	0.00096545287785412	0.000347563036027483	5.79271726712472e-05	2.25272338165961e-05	
0.00587274749435869	0.0306012896257771	0.0805019640113405	0.141768831686478	0.179094690419096	0.177587126886062	0.150020250853429	0.107715253714264	0.0642434216870568	0.0349600447447428	0.0164739085432886	0.00715530154485082	0.00252653504683412	0.0010061138290828	0.000327870960276183	0.000125362425987952	1.92865270750696e-05	
0.00550638437720505	0.0299935237960221	0.079141790203211	0.137034542976541	0.178675567956645	0.178894663414603	0.150334926071393	0.108297596071747	0.0680806915683691	0.0352518147870102	0.0169412340873869	0.007162488280004	0.00300289657083388	0.00124046693108481	0.000260981354332129	0.000135323665209252	4.51078884030841e-05	
