# <P(N_1)> as a function of N_tot.
# number_of_species: 2
# species_total_upper_bound: 100
# species_total_lower_bound: 0
# volume: 512
# Bin widths for each species index 
1	1	1	1	1	1	1	1	1	1	1	1	1	1	1	1	1	1	1	1	1	1	1	1	1	1	1	1	1	1	1	1	1	1	1	1	1	1	1	1	1	1	1	1	1	1	1	1	1	1	1	1	1	1	1	1	1	1	1	1	1	1	1	1	1	1	1	1	1	1	1	1	1	1	1	1	1	1	1	1	1	1	1	1	1	1	1	1	1	1	1	1	1	1	1	1	1	1	1	1	1	
# Bin lower bound for each species index 
0	0	0	0	1	1	2	3	3	4	5	5	6	7	8	9	10	11	11	12	13	14	15	15	16	18	18	19	20	21	22	22	22	23	24	25	25	26	27	29	30	31	32	33	34	35	36	37	37	38	40	40	40	41	41	42	44	45	45	46	47	48	48	49	49	50	51	54	55	56	56	57	58	59	60	61	62	63	64	65	65	65	66	67	70	70	71	71	72	73	73	73	77	78	79	79	80	81	82	83	84	
# Bin upper bound for each species index 
0	1	2	3	4	5	6	7	8	9	10	11	12	13	14	15	16	17	18	19	20	21	22	23	24	25	26	27	28	29	30	31	32	33	34	35	36	37	38	39	40	41	42	43	44	45	46	47	48	49	50	51	52	53	54	55	56	57	58	59	60	61	62	63	64	65	66	67	68	69	70	71	72	73	74	75	76	77	78	79	80	81	82	83	84	85	86	87	88	89	90	91	92	93	94	95	96	97	98	99	100	
# Normalized histogram for each species index 
1	
0.0507020986687144	0.949297901331286	
0.00259263204108724	0.0947661565399013	0.902641211419011	
0.000118903912714189	0.00697914270278933	0.135092938916992	0.857809014467504	
0.000489549795502876	0.0129847255283382	0.170192374938159	0.816333349738	
6.44238574428882e-05	0.00121889938281945	0.0211696795557331	0.201548749532927	0.775998247671078	
0.000144175317185698	0.00209826577689899	0.029965294941506	0.230132126379964	0.737660137584446	
0.000164911476035013	0.00379811743243139	0.03990600045866	0.256107522282375	0.700023448350499	
2.60673946421077e-06	0.000250246988564234	0.00538031025413103	0.0513110596135248	0.280946559234244	0.662109217170072	
2.85680894440909e-05	0.00065446895817372	0.00777052032879274	0.0644236387954655	0.300364892415172	0.626757911412952	
7.30056422932115e-05	0.000870853018783309	0.010604069543089	0.0760901306800997	0.316416883076249	0.595945058039486	
5.18919816509953e-06	8.8216368806692e-05	0.00139070510824667	0.0136553749714594	0.0869995018369761	0.327464350208606	0.57039666230774	
2.07280198781711e-05	9.06850869669984e-05	0.00223085313938816	0.0180489233089175	0.0984995504610689	0.340931879953673	0.540177380030107	
5.14849548090809e-06	0.000234256544381318	0.00286771198286581	0.022213183752378	0.111040176284485	0.349886604387033	0.513752918553376	
2.58057190634588e-06	0.000345796635450349	0.00397924187958535	0.0258676527892111	0.123286822825675	0.359321412811507	0.487196492486665	
1.28711061686063e-05	0.000522566910445418	0.00484211014062971	0.0304504629736889	0.13622778768853	0.365189321100634	0.462754880079904	
4.89928109496354e-05	0.000732313595247182	0.0060286943158025	0.0364403370705393	0.146369890565532	0.372525863047043	0.437853908594886	
0.000102691809044581	0.000870313081652825	0.00773012592583084	0.0415670770060203	0.157185217514088	0.373500378676046	0.419044195987318	
5.10342082297764e-06	0.000165861176746773	0.00135240651808908	0.00913257156271849	0.0470305745941505	0.170630323505846	0.375519910996341	0.396163248225285	
2.54001798332732e-06	0.000205741456649513	0.00192533363136211	0.0110820984612571	0.054079522883022	0.181324263775788	0.377319671423274	0.374060828350665	
2.28165800481683e-05	0.000398022563062492	0.00226137660032957	0.0133578400304221	0.0611915325136266	0.191278996070478	0.377026239067055	0.354463176574978	
1.27315551594627e-05	0.000407409765102807	0.00290534088738939	0.0165790311286524	0.0665707556177987	0.199185180469794	0.373882487745878	0.340457062830225	
2.78824778904624e-05	0.000557649557809248	0.00355121377495799	0.0187395599131081	0.071766963319333	0.207308757886305	0.375353917361405	0.322694055709191	
2.53496990990717e-06	9.63288565764724e-05	0.000732606303963172	0.0045959004466617	0.0214788000466434	0.0794839815251393	0.214932493751299	0.372387079765363	0.306290274334444	
2.04265575888491e-05	0.000155752501614975	0.000929408370292636	0.00499684665017222	0.0237688530743246	0.0861004935566977	0.22379591826313	0.369015976121354	0.291216324904825	
0.000234374601945309	0.00116423035966311	0.00608864455053575	0.026344214768657	0.0945217484345305	0.232649910580994	0.364118776972186	0.274878099731488	
2.03847623901134e-05	0.000191107147407313	0.00148044336858198	0.0071907249331125	0.0301796407185629	0.100527455726844	0.238613836157472	0.360354185246528	0.261442221939101	
1.79489020400209e-05	0.000276925917188894	0.00157693925065898	0.00860778059262146	0.0337336793197879	0.108457522641258	0.243507625719238	0.355208771372014	0.248612806285193	
2.57083287272578e-05	0.000246799955781675	0.00198211214487157	0.00930384416639459	0.038343972296705	0.114350646178843	0.2494273469776	0.348877445826124	0.237442124124953	
5.11355936970267e-05	0.00036306271524889	0.00229854493668135	0.0114518162084491	0.0430791809100602	0.121101869772984	0.25376805406055	0.343068698113352	0.224817637688978	
6.90773820183899e-05	0.000396555341216683	0.00292939268189098	0.0135007905522609	0.0458059795428612	0.127949220448952	0.257640725977701	0.337581165923872	0.214127092149228	
7.70182635975744e-06	0.000133498323569129	0.000628982486046858	0.00369430937723032	0.0147669684071083	0.0496896163977018	0.13400407683342	0.261356342967462	0.333311939371223	0.202406564009879	
2.56897703334532e-06	2.56897703334532e-05	0.000190104300467554	0.000868314237270719	0.00411036325335251	0.0164517289215434	0.0531881004983815	0.141858911781329	0.265280275394338	0.32580280532292	0.19222113754303	
1.28736910674607e-05	3.08968585619057e-05	0.000187955889584926	0.00107109109681273	0.00469632250140967	0.0180257422326585	0.0579084371596518	0.149430081696444	0.269703827863302	0.317624855492818	0.18130791551769	
2.06887277466872e-05	4.39635464617103e-05	0.00027153955167527	0.00117667139059284	0.00519545675538683	0.0201818539168934	0.0630902752635227	0.155186146827901	0.271736094588863	0.312159282514922	0.170938026916035	
1.0359044481737e-05	6.99235502517248e-05	0.000240847784200385	0.00139588124391406	0.00583473180433837	0.0218549940953446	0.0683774628628255	0.159972134170344	0.275050759317961	0.303071974641059	0.16412093148528	
2.58878228858709e-06	2.58878228858709e-05	4.14205166173935e-05	0.000266644575724471	0.00136687704837399	0.00673601151490362	0.0244950580146111	0.0722373809807343	0.167305232964518	0.273028512848127	0.296601964368001	0.157892420563215	
1.29653591534139e-05	1.81515028147795e-05	5.18614366136556e-05	0.000246341823914864	0.0015506569547483	0.0075147221653187	0.027359500885534	0.0766460171713217	0.173154964565673	0.27648109780289	0.289420526237997	0.14754319409402	
1.30008918611817e-05	2.08014269778907e-05	4.42030323280177e-05	0.000293820156062706	0.00187212842801016	0.00858058862837991	0.029023190990902	0.0824256543998918	0.176666519323226	0.277322024290866	0.282049148571592	0.141688919859902	
2.58685360995421e-06	6.98450474687637e-05	0.000380267480663269	0.0022712574695398	0.00987402022919523	0.031241431047417	0.0866802907623458	0.182298160747083	0.275802571332488	0.277533176397548	0.133846392632641	
1.03198908155552e-05	0.000139318526009995	0.000616613476229421	0.00278379054749601	0.0105056488502352	0.0342413977260121	0.0925049212979327	0.186833883297515	0.276211877678334	0.268564838584008	0.127587390125412	
1.81127544842005e-05	0.000129376817744289	0.000589958288913959	0.00303259260792614	0.0117629402693108	0.0374882267095853	0.0972163283894139	0.190735067327696	0.277394247389176	0.26087282776323	0.12076032168252	
1.28905182503957e-05	9.28117314028493e-05	0.000889445759277306	0.00341340923270479	0.0131973125847552	0.0408913019939054	0.101352988795562	0.193984252942905	0.276620209238892	0.254971872889178	0.114573504313167	
1.02605671015437e-05	0.000166734215400085	0.000972188732871266	0.00396827432652203	0.0147085229400629	0.0435612376296038	0.103180262773123	0.199406426193176	0.276560760513234	0.249275347448453	0.108189984660452	
4.6284748918094e-05	0.0001748534959128	0.0010028362265587	0.00440476527203861	0.0165313694885792	0.046017325924345	0.108049174974351	0.203796892236248	0.273604579104493	0.24357091980653	0.102800998722027	
4.38620255483398e-05	0.000232210723491211	0.00122813671535352	0.00502091186570996	0.0175241692661367	0.0493576793376318	0.113295611991362	0.204624089540455	0.272759876051076	0.237017485467479	0.0988959670157568	
4.92798655437774e-05	0.00030086654753043	0.00146024022637614	0.00572165175734594	0.019024621777032	0.0529551060424896	0.11794746766333	0.208622420263881	0.269309277842476	0.229810168770571	0.0947988992434244	
7.27800146079887e-05	0.000311914348319951	0.00171812820199573	0.00617850338297104	0.0208956620512007	0.0566488442273752	0.122075478073721	0.209793590679999	0.270281580677946	0.222462511794261	0.089561006547602	
5.2168242582328e-06	8.86860123899576e-05	0.000344310401043365	0.00193283338767525	0.00694880991196609	0.0220228236061298	0.0598917508966417	0.127334854907075	0.215147049233779	0.267341375937398	0.214794913596348	0.0841473752852951	
2.60012428594087e-06	5.980285857664e-05	0.000439421004324007	0.00231931086305925	0.00810198727499174	0.0242123573506814	0.0644804821670476	0.131865303161491	0.217487395897524	0.262609952755742	0.208181551078142	0.0802398354641352	
9.82785732020194e-05	0.000587085160969958	0.00265093519821236	0.00892783249193081	0.027070574360672	0.0671268517752214	0.136159790614914	0.219556918811553	0.25989768683274	0.202055573946867	0.0758684722337168	
1.03831108319208e-05	0.000140171996230931	0.000661923315534951	0.00269701303859143	0.00964071840743846	0.028444532124047	0.0694110959113905	0.141324521533274	0.221513286488198	0.259175425253283	0.195547722075272	0.0714332067459071	
7.77980052591451e-06	2.33394015777435e-05	0.000254140150513208	0.000824658855746939	0.00297966360142526	0.0105416297126142	0.0300222502295041	0.0722380411499582	0.145554881306177	0.223728910257408	0.25685270762991	0.188398242802388	0.0685737551022525	
2.32087966496813e-05	5.15751036659584e-05	0.000195985393930642	0.0011140222391847	0.00356899717368432	0.0117900686980381	0.0323118024467229	0.0768804282796608	0.148979844449487	0.2257442287459	0.252104264229571	0.182176159924081	0.0650594145194232	
2.58405945403992e-06	2.06724756323193e-05	3.35927729025189e-05	0.00031008713448479	0.0012687731919336	0.00427403433698203	0.0120882301259987	0.034954572234798	0.081046440716508	0.153475043153793	0.226102618169039	0.247387515891966	0.177072674088085	0.0619631616484232	
5.19046407939334e-06	1.557139223818e-05	4.15237126351467e-05	0.000360737253517837	0.0012457113790544	0.00452608467723099	0.0136327539045266	0.0368782472840897	0.0857646332158558	0.157107561987117	0.228590633288522	0.24324071815261	0.170374388174047	0.0582162451144757	
1.81959968806862e-05	8.31817000259943e-05	0.000332726800103977	0.00137769690668053	0.00514426826098258	0.0144658175201456	0.0397556537561736	0.0894307252404471	0.16063945931895	0.228791265921497	0.239014816740317	0.165300233948531	0.0556459578892644	
2.60112524678176e-05	9.10393836373615e-05	0.000395371037510827	0.00172714716386309	0.00523866624701846	0.016363678927504	0.04248938090618	0.09273791842351	0.161844613980008	0.228615499064895	0.236952105480831	0.16091341114166	0.0526051569909143	
7.79259236170097e-06	4.93530849574395e-05	8.05234544042433e-05	0.000545481465319068	0.00174554068902102	0.00582366402497786	0.0180216686018271	0.0453944480376954	0.0952150885368369	0.165873121011167	0.229416516659264	0.232203667193965	0.155462217615934	0.0501609170322691	
2.59612139463641e-06	3.89418209195462e-05	0.000127209948337184	0.000547781614268283	0.00184065006879722	0.00663568628469067	0.0188686102962175	0.0473324852670111	0.0978114696643215	0.170622290298294	0.228531374127054	0.229639917962564	0.14877073651964	0.0492302500064903	
5.18949438756182e-06	2.59474719378091e-05	0.000225743005858939	0.00054230216350021	0.0018344862660031	0.00689943278826344	0.0202987072969481	0.049468855249433	0.102718257160205	0.174341063950139	0.228524574850672	0.224562395885769	0.144880304311951	0.0456727401049316	
1.2968082954233e-05	4.92787152260856e-05	0.000194521244313496	0.000643216914529959	0.00219419963585623	0.00753186257981855	0.0215140496210726	0.0519242041487491	0.107951509744218	0.175621560215996	0.230704789372397	0.221450765376256	0.136831430483295	0.0433756438653187	
5.19191929680645e-06	2.59595964840323e-06	4.41313140228548e-05	0.000197292933278645	0.000745040419091726	0.00247394954492827	0.00827591935910948	0.0221565155991215	0.0550265566672032	0.111418588109466	0.180162195558832	0.230235661216882	0.21633948921898	0.13217328549845	0.0407435866816886	
5.18934627210337e-06	5.18934627210337e-06	9.60029060339124e-05	0.000210168524020187	0.000814727364720229	0.00318106926479937	0.00908913999558906	0.0245819332909537	0.0571502704946744	0.114292756969941	0.182078592649291	0.229016229680466	0.211834304173532	0.129489757527795	0.03815466846564	
2.60304139356424e-06	5.20608278712848e-06	7.80912418069272e-06	7.80912418069272e-05	0.000252495015175731	0.00112451388201975	0.003464648094834	0.00955316191438076	0.0262412602885211	0.0605415367315171	0.117173305289901	0.182749124076571	0.228333584960668	0.208009037759718	0.125247939692737	0.0372156828037879	
5.23464286649043e-06	5.23464286649043e-06	3.6642500065433e-05	6.54330358311304e-05	0.000264349464757767	0.00126940089512393	0.00372706572094119	0.0110765043054938	0.0280472164786557	0.0647001858298218	0.120402020572146	0.185371790509592	0.224084591828722	0.204349988222054	0.120849582537231	0.0357447588138299	
2.61994089413343e-06	5.23988178826686e-06	3.92991134120014e-05	0.000102177694871204	0.000317012848190145	0.00121827251577204	0.00417094590346042	0.0116927962105175	0.0306140093479491	0.0669787889585211	0.123176521137683	0.186594810421077	0.224966464756555	0.19899499067301	0.117391691643437	0.033734358952862	
4.45082104557641e-05	0.000109961461126005	0.00037439259383378	0.00146091655495979	0.00464456266756032	0.0128707272117962	0.0325747737935657	0.068841110924933	0.125345593163539	0.189987223525469	0.22247559902815	0.195898961126005	0.113260304959786	0.0321113647788204	
3.13504193118583e-05	0.000104501397706194	0.000449356010136636	0.00147608224259999	0.00499516681035609	0.0136374324006584	0.0341144812811871	0.0716566084071374	0.129171565169684	0.190472085064138	0.220670376466285	0.193366773780599	0.108733704313295	0.0311205162369047	
2.88670723802476e-05	0.000139086803286647	0.000438254644318304	0.00151420916030935	0.00520657014567374	0.0150948545755622	0.036257042909591	0.075057012467951	0.131917272219117	0.1907982270369	0.220476201723102	0.188210687639907	0.105936907076894	0.0289248065250081	
5.26203625016773e-06	2.89411993759225e-05	0.000152599051254864	0.000552513806267611	0.00192853628568647	0.00591979078143869	0.0165280558617768	0.0377577411130785	0.078462222526251	0.134810737711172	0.192548430466137	0.21850342427009	0.18322410223084	0.102538669388893	0.0270389732714869	
2.64198698557211e-06	2.11358958845769e-05	0.000153235245163182	0.000568027201898003	0.00219549118501042	0.00606336013188799	0.0177277326731889	0.039349754163111	0.0815317183747553	0.137459940872331	0.195221702337894	0.214767122057157	0.180976108511689	0.0980731988914223	0.0258888304716211	
1.59392607902154e-05	2.12523477202872e-05	0.000170018781762298	0.000674762040119119	0.00245198961822814	0.00671042879268069	0.0179954254321532	0.0422071625724904	0.0834871914756833	0.140169859389154	0.19604759463272	0.215371291797391	0.175459382778691	0.094934237266523	0.0242834638138932	
2.6634066569186e-06	3.9951099853779e-05	0.000215735939210406	0.000796358590418661	0.00257285083058337	0.00746020204602899	0.0192457765028938	0.0444895447971683	0.0858122990792603	0.143344546275359	0.195837628076568	0.213400131572289	0.173267920065839	0.0902149102831468	0.0232994814347239	
1.06622595993656e-05	4.79801681971452e-05	0.000181258413189215	0.000903626501046234	0.00301208833682078	0.00796737348562594	0.0208633764710586	0.0470498860471005	0.0893843877863816	0.146616731750876	0.197235809198864	0.211288667350828	0.166643120843385	0.0862736735482667	0.02252135783876	
2.65523852007626e-06	5.04495318814489e-05	0.000268179090527702	0.00100102492206875	0.00300573000472632	0.00885256522593425	0.0220013063773519	0.0486970744581986	0.0926492376810209	0.149914766843506	0.198064862166568	0.207966246607933	0.162229763099619	0.0839427105736908	0.0213534281784533	
1.595299185068e-05	9.04002871538533e-05	0.0002392948777602	0.00115127424522407	0.00338735193629439	0.00936972388029938	0.0233339094135946	0.0510867975698276	0.0953005144839872	0.151460363462331	0.198519030589862	0.205070392576541	0.159112481886707	0.0816819771074567	0.0201805346911102	
3.20700409694773e-05	6.94850887672009e-05	0.000264577837998188	0.00124004158415312	0.00361322461589445	0.010136805449769	0.0243865936538734	0.0534821383234317	0.0974207669550298	0.15383196902034	0.198783476445891	0.20358596508107	0.156344122229616	0.0775720840983374	0.0192366795748582	
1.33381350619556e-05	5.33525402478226e-05	0.000317447614474544	0.00118709402051405	0.00406546356688408	0.0106171555093167	0.0256919157563389	0.0555479972790204	0.0998546143278247	0.155749403118456	0.197212329772051	0.202718311925627	0.153703333199952	0.0752537580195537	0.0180144852146773	
1.59911728725743e-05	9.5947037235446e-05	0.000317158261972724	0.00121532913831565	0.00439224214900042	0.0120306923911334	0.0273049276799207	0.0578454026710589	0.103609474236888	0.156702833369313	0.199407260525523	0.200657237205063	0.147854384379822	0.0717737142430712	0.0167774055388092	
7.9881987676872e-06	2.39645963030616e-05	0.000106509316902496	0.000359468944545924	0.00131272733082326	0.00500327516149475	0.0129568584011886	0.0285444969298689	0.0591606000734914	0.105976770317984	0.159867821937724	0.201062962982687	0.198267093413996	0.14391272626573	0.0675109305186471	0.0159258056098457	
7.99481935705663e-06	2.9314337642541e-05	2.13195182854843e-05	0.000127917109712906	0.000359766871067548	0.00169756664348169	0.00535652896922794	0.013220766276786	0.0292770284855414	0.0620424631505451	0.11005135338967	0.162886449580672	0.201839874428037	0.194180837483977	0.139333711754783	0.0646860834179452	0.0148810237632681	
2.66671644537365e-06	1.60002986722419e-05	1.60002986722419e-05	0.000125335672932561	0.000434674780595904	0.00184803449664394	0.00544543498145299	0.0136775886483214	0.0315205883843165	0.0647318749949999	0.111970090108349	0.165571090660359	0.20005173429904	0.191867581528189	0.134463843325075	0.0635718533412624	0.0146856074646727	
1.3367840184797e-05	2.6735680369594e-06	2.94092484065535e-05	0.000139025537921889	0.000497283654874449	0.00183674124139111	0.00578560123198015	0.0144025110151003	0.0336254652008384	0.0676412713350729	0.115185331736322	0.168608568250845	0.199327864995508	0.186379774992514	0.131282884886855	0.0614038371048466	0.0138383881593019	
4.02275268921017e-05	0.000174319283199107	0.000673140616661169	0.00223665049520086	0.00590003727750825	0.0153561879322783	0.0358641811418718	0.0695131664695518	0.11756628825973	0.168682065763961	0.197997205527799	0.184907168277109	0.128478675387994	0.0596654678863653	0.0129452181538783	
8.06692319482426e-06	4.84015391689456e-05	0.000204362054268881	0.000699133343551436	0.00224260464816115	0.0065288298390111	0.0165640822933725	0.0366157643813073	0.0723522341343788	0.120210600474873	0.169222536832227	0.198448999567075	0.18299546370019	0.125354608498772	0.0562721672326958	0.0122321445377519	
2.69647893780302e-05	2.96612683158332e-05	0.000186057046708408	0.000827819033905526	0.00243492048083612	0.00734520862657542	0.0175594708429732	0.0381336051384103	0.0751158137703786	0.122657433922784	0.171568865375593	0.196934642743506	0.179628640920686	0.12213431700885	0.0534037653631887	0.0120128136679124	
4.8566872536243e-05	1.34907979267342e-05	4.58687129508962e-05	0.000259023320193296	0.000925468737773964	0.00324858414075759	0.00811066771355259	0.01851477107465	0.0401594072683023	0.076946115054921	0.124592915172561	0.1716137422664	0.196212863206007	0.178083928952062	0.119466411960402	0.0509358566521775	0.0108223180968262	
2.15142249366003e-05	3.22713374049004e-05	9.14354559805511e-05	0.000322713374049004	0.00108108980306416	0.00367624318604157	0.00828028732247403	0.0201373145406579	0.0423534410658147	0.0787904702740643	0.127240504831288	0.174189922199184	0.195330337477511	0.17434052177374	0.115668541093514	0.048170349633048	0.0102730424072266	
2.68312315535283e-05	3.2197477864234e-05	0.000120740541990877	0.000480279044808157	0.0012342366514623	0.00353903944191038	0.00929433861014221	0.0207163938824792	0.0446176549503622	0.0806171183257312	0.130131473034612	0.174631070566139	0.194741078615508	0.171682318218406	0.11068687952777	0.0475637241749396	0.00988462570431983	
1.34001195290662e-05	1.34001195290662e-05	5.89605259278913e-05	0.000115241027949969	0.000495804422575449	0.00127033133135548	0.00395303526107453	0.00965344610873929	0.0216304729438187	0.0455684464705425	0.0838391878455556	0.1318518161182	0.177613224309961	0.193310124326309	0.168343021619753	0.107675320463859	0.0452843639365263	0.0093104030487952	
2.67792107631004e-06	2.67792107631004e-06	1.60675264578602e-05	4.01688161446506e-05	0.000166031106731222	0.000490059556964737	0.0013603839067655	0.00377051287544453	0.0101653884056729	0.0227650070697116	0.0467993487295942	0.0857470328634475	0.134846715797592	0.180470457174686	0.189843180941771	0.164761772141051	0.104851321821843	0.0445579287887227	0.00934326663524573	
2.41446101182013e-05	0.00019315688094561	0.00054191236043074	0.00158549606442855	0.00394630238709712	0.010620945717551	0.0235463603341614	0.0491369643249972	0.0880634413044528	0.137932792136369	0.177763350628028	0.190302451482747	0.161119666053215	0.102689709567168	0.04355151118432	0.00898179496397088	
3.47230569110903e-05	0.000192312315199885	0.000643712055044058	0.00158657660039905	0.00422018691688636	0.0106439524454381	0.0254359746895625	0.0512912970664359	0.0895240537299241	0.137919982050851	0.178115926932004	0.188890758591953	0.159632576637793	0.10138331316725	0.042041608906197	0.00844304483815049	
6.9591471297533e-05	0.000168625488144022	0.000596880696128841	0.00154171874874535	0.00427719888974837	0.0117930777898819	0.026827512185199	0.0540698966031332	0.0907151594313842	0.141452695197386	0.177688438983001	0.188756159514359	0.157795984572106	0.0966786132025727	0.0397126407554422	0.00785580647147151	
2.67459058704589e-06	0.000109658214068881	0.000173848388157983	0.000575036976214866	0.00167696829807777	0.00503357948482036	0.0125812741214639	0.0281206454322005	0.0551420341331251	0.0951886789929632	0.142298917593189	0.179895637475293	0.187528919010722	0.152759241379126	0.0934635680643186	0.0382787404818008	0.00717057736387003	
1.33339022464959e-05	7.20030721310776e-05	0.000245343801335524	0.000685362575469887	0.00197341753248139	0.00594958718238645	0.0135632453651356	0.0291052418236511	0.057637125850703	0.0978175068802936	0.143600793633862	0.179895675548823	0.186258613700851	0.149526379792204	0.0907852068354916	0.0363722185479914	0.00649894395494208	
1.330707404056e-05	9.04881034758077e-05	0.000244850162346303	0.000811731516474158	0.00262149358599031	0.00620908074732528	0.0139857348166285	0.0308777346037153	0.0592510778729973	0.100063873955395	0.145302602863682	0.182043434289668	0.183342204716027	0.146779688082185	0.0879358066748283	0.0341885346250067	0.00623835631021451	
1.85762621906721e-05	4.77675313474425e-05	0.000355602733364294	0.000926159357792079	0.00264579048630001	0.00646453924235388	0.0151529224441054	0.0324447687918795	0.0621853645591455	0.101906720626285	0.149960857161813	0.180317123333112	0.17994825184104	0.144515358588204	0.0848829032044052	0.0322271611490745	0.00600013268758708	
1.58881053699148e-05	0.000132400878082623	0.000349538318138126	0.000977118480249761	0.00261359333335099	0.00722643992574959	0.0164547811281084	0.0345539811620031	0.063653046147002	0.107006389666376	0.15013465169301	0.178479031672938	0.179485278346366	0.14148093030153	0.0805659343132764	0.0307805561366483	0.00609044039180068	
3.98257226377373e-05	0.00012478726426491	0.000286745202991708	0.00114432576379098	0.0029816191014786	0.00738634402521234	0.0171861268422716	0.0347652008145688	0.0670532416810703	0.107332977556878	0.150363343342865	0.18058310168038	0.179213096821642	0.136302208203568	0.0795240029630338	0.030185242711229	0.00552781030211793	
