# <P(N_1)> as a function of N_tot.
# number_of_species: 2
# species_total_upper_bound: 100
# species_total_lower_bound: 0
# volume: 512
# Bin widths for each species index 
1	1	1	1	1	1	1	1	1	1	1	1	1	1	1	1	1	1	1	1	1	1	1	1	1	1	1	1	1	1	1	1	1	1	1	1	1	1	1	1	1	1	1	1	1	1	1	1	1	1	1	1	1	1	1	1	1	1	1	1	1	1	1	1	1	1	1	1	1	1	1	1	1	1	1	1	1	1	1	1	1	1	1	1	1	1	1	1	1	1	1	1	1	1	1	1	1	1	1	1	1	
# Bin lower bound for each species index 
0	0	0	0	1	1	2	2	2	4	4	5	6	7	8	9	10	11	10	11	12	14	15	15	16	18	18	19	20	21	22	22	22	23	24	25	25	26	27	29	30	31	32	33	34	35	35	36	37	37	37	38	40	41	41	42	44	45	45	46	47	48	48	49	49	50	51	54	55	56	56	57	58	59	60	61	62	62	63	63	64	65	66	67	70	70	71	71	72	73	73	73	77	78	79	79	80	81	82	83	84	
# Bin upper bound for each species index 
0	1	2	3	4	5	6	7	8	9	10	11	12	13	14	15	16	17	18	19	20	21	22	23	24	25	26	27	28	29	30	31	32	33	34	35	36	37	38	39	40	41	42	43	44	45	46	47	48	49	50	51	52	53	54	55	56	57	58	59	60	61	62	63	64	65	66	67	68	69	70	71	72	73	74	75	76	77	78	79	80	81	82	83	84	85	86	87	88	89	90	91	92	93	94	95	96	97	98	99	100	
# Normalized histogram for each species index 
1	
0.0507180259816885	0.949281974018311	
0.00255061036994425	0.0951699137952913	0.902279475834764	
0.000120248344475643	0.00705035030241404	0.134830038458374	0.857999362894736	
0.000506361162098867	0.0130451294385721	0.170728105154335	0.815720404244994	
6.71428211734887e-05	0.00124633861803288	0.0211898547197207	0.201101142267245	0.776395521573828	
0.000154628942776843	0.00207704282594841	0.0299750295153218	0.229998014898708	0.737795283817245	
1.464824336173e-05	0.000163223283173563	0.00369763514573956	0.0397846289704587	0.256001071414372	0.700338792942895	
2.10956222364735e-06	1.68764977891788e-05	0.000240490093495798	0.00541524622810274	0.0512855672190907	0.280263779660445	0.662775930738853	
2.72645288479688e-05	0.000620792349153751	0.00766342987772907	0.0641303663933223	0.299014282418573	0.628543864432374	
1.8938038945025e-05	6.7335249582311e-05	0.000881670924218385	0.0107673272535214	0.0760551644032203	0.315467748519677	0.596741815610836	
1.04908236765301e-05	9.02210836181592e-05	0.00142045752580218	0.0138373964293433	0.0870885236683473	0.326975894185356	0.570577016283856	
2.09419698016795e-05	9.63330610877259e-05	0.00230361667818475	0.0177273774371217	0.0983581495675483	0.340512240581349	0.540981340704907	
4.15945694130174e-06	0.000230849860242247	0.00292617795820578	0.0218163516571276	0.111088696259816	0.350182600159723	0.513751164647944	
6.24957034203899e-06	0.000345809558926157	0.00393306293525653	0.0259815471019701	0.123395683213446	0.359252384731883	0.487085262888176	
1.04089466978657e-05	0.000580819225740909	0.00489636852667605	0.0306023032917253	0.136371774267418	0.36568295181074	0.461855373931001	
4.58639092728486e-05	0.000769262841894596	0.00609781521014009	0.0362616744496331	0.147012591727819	0.371547698465644	0.438265093395597	
0.000116318438341881	0.000847462907919416	0.0077954124838764	0.0414342894293542	0.157655103367627	0.374117485776955	0.418033927595926	
6.20537302565715e-06	6.20537302565715e-06	0.000175818902393619	0.00130105987771278	0.00923773197752828	0.0470077691270281	0.170263025077981	0.375929771725011	0.396072412566294	
1.23687877763393e-05	8.24585851755956e-06	0.000212330856827159	0.00187799427737419	0.0112659041996157	0.0540763401581556	0.180677067442877	0.377431497530365	0.374438250888491	
8.23409533023869e-06	2.47022859907161e-05	0.000368475766028181	0.00224379097749004	0.0136562471052009	0.0610208219685663	0.191203927663473	0.376954825694494	0.354518974443427	
1.44695364580642e-05	0.000407214097462663	0.00301999896646168	0.0166627047697793	0.066795514443698	0.199443956384683	0.374180145728903	0.339475996072554	
3.09962825125173e-05	0.000495940520200277	0.00361416654095952	0.0186804262608771	0.0723081278452004	0.207904465324459	0.37597250836383	0.320993368861961	
2.06704245498498e-06	8.88828255643543e-05	0.000640783161045345	0.00451235367923222	0.0216522697159677	0.0799821407531889	0.215067499271368	0.372061440769932	0.305992562781247	
1.66303224827408e-05	0.000126806208930899	0.000816964591964644	0.00497870279327054	0.0240516038906639	0.0865150951358385	0.223973025616933	0.368681776700502	0.290839394739413	
0.00019492005167455	0.00109279645992008	0.00605911054247909	0.0266667219631352	0.0948389732275235	0.232450456092185	0.363940619887237	0.274756401775846	
1.65860515453017e-05	0.000174153541225668	0.00138908181691902	0.00714236844669554	0.0307152942054556	0.100720871265288	0.238654622428903	0.359929758071706	0.261257264172263	
1.46112469029375e-05	0.000240041913405402	0.00158010198650338	0.00859350049991338	0.0341214361603313	0.107789255723956	0.243895107945805	0.355230722025202	0.248535222497981	
2.08958030779518e-05	0.00022985383385747	0.00206450534410164	0.00948669459739011	0.0382393196326518	0.113934366282532	0.249393499315662	0.348669459739011	0.237961405451715	
4.77506337339542e-05	0.000361243924769915	0.00225050812902636	0.0114124014624151	0.0430856044295979	0.12052052342999	0.253092891591529	0.343491069593435	0.225738006805503	
6.64409060048045e-05	0.000413179384217378	0.00286318779314454	0.0135809364430446	0.0459189711625705	0.127591454868976	0.257518722839684	0.338522644929417	0.21352446167294	
6.24230116190032e-06	0.000126926790291973	0.000630472417351933	0.00351441555414988	0.0146798115657356	0.0496991210839964	0.133551952591803	0.261985218230849	0.333411708892366	0.202394130572294	
2.07961601969812e-06	2.07961601969812e-05	0.00019964313789102	0.000796492935544381	0.00406564931850983	0.016285473050256	0.0533338324411781	0.141628089789501	0.265579443411568	0.326368699283364	0.19171980085597	
1.04071051388204e-05	3.33027364442252e-05	0.000183165050443239	0.00102614056668769	0.00463532462883059	0.0179522563644651	0.0581507406736727	0.149389831425711	0.270176775087888	0.317233541683578	0.18120851467714	
1.87856928163511e-05	5.42697792472364e-05	0.000256737801823465	0.00115218915940287	0.00531843836622917	0.0202697625488428	0.0631094913669305	0.155750091841165	0.270687222389206	0.312036619577197	0.17134639147714	
1.04653523579485e-05	8.16297483919986e-05	0.000251168456590765	0.00141072949785146	0.0060406013810079	0.021956309246976	0.0684517767028698	0.160071750455766	0.274317816006547	0.30298450918544	0.164423243966201	
2.09409611482348e-06	2.09409611482348e-05	4.18819222964696e-05	0.000278514783271523	0.00143445583865408	0.00675764816253536	0.0247752511344766	0.0719824598509422	0.167251268498722	0.273532928614358	0.296090531963236	0.157832024174246	
1.04868411117729e-05	1.46815775564821e-05	4.82394691141556e-05	0.000260073659571969	0.00158561037610007	0.00755891507336594	0.0273853368792839	0.0765728164299437	0.172430933664438	0.276219200147655	0.289847898856515	0.148065807025345	
1.05115995501035e-05	1.68185592801657e-05	4.62510380204556e-05	0.000346882785153417	0.00191100879820882	0.00851439563558387	0.0292096328298277	0.0822742896786604	0.176010427506754	0.277081559500909	0.282553898226693	0.142024323841359	
1.04626587708468e-05	7.32386113959279e-05	0.000443616731883906	0.00224528657222373	0.0097825859507418	0.0311703530101069	0.0861955680177447	0.181985394128356	0.276433907384545	0.277588984912846	0.134070602021386	
1.04445841697704e-05	0.000125335010037245	0.000626675050186227	0.00270096946630264	0.0103902723320876	0.0342122799065001	0.0919624746979948	0.187192015324294	0.276854592588105	0.268632615929662	0.12729232511066	
2.30758419011137e-05	0.00013635724759749	0.000581091655146227	0.00310474963760439	0.011649104552444	0.0371961593407861	0.0972164241255829	0.191518998760198	0.277717757279904	0.261025532370162	0.119830749188674	
1.25763752790383e-05	0.000138340128069422	0.000874058081893164	0.00346059926428205	0.0130417011643627	0.0407097267782471	0.101755452382699	0.194764035758827	0.276439208945995	0.254510202584445	0.1142940985359	
1.8817429121017e-05	0.000171447687547044	0.000949234757882412	0.00404574726101865	0.0146985029689721	0.0434138998076441	0.104436731621644	0.199452203730033	0.275894873295977	0.248866772601823	0.108051768838337	
4.40903221742827e-05	0.000186858984452913	0.00100357971425272	0.00453080548819534	0.0164036993879843	0.0464271092495197	0.109060561206815	0.203405452503176	0.273563652778215	0.243309293610053	0.102064896755162	
6.32780564355893e-05	0.000225691734620268	0.00121704795211117	0.0050685723204907	0.0176925445793908	0.0497555357753038	0.113474429337394	0.205172770186755	0.273205117929204	0.235837316335441	0.098287695792853	
6.36911573320199e-06	4.88298872878819e-05	0.000290856285149557	0.00140120546130444	0.00571734288983765	0.019067009466629	0.0525048670659395	0.118440076174624	0.209713750708564	0.269460302363154	0.22891451160559	0.0944348789761859	
2.1291499794537e-06	8.09076992192407e-05	0.00032788909683587	0.00161176653444645	0.00629376733926515	0.0209806438975368	0.0565651275041465	0.122304762269759	0.211015796163698	0.26989530969551	0.221797811659651	0.0891240889899525	
1.28243217536833e-05	0.000111144121865255	0.000361218396062078	0.0019920446457388	0.00717734540814473	0.0223527928166699	0.0600584361594576	0.127608413610025	0.214719756508878	0.267017340620398	0.214751817313262	0.0838368660777453	
2.13095575496566e-06	4.26191150993132e-06	6.60596284039355e-05	0.00045176262005272	0.00238240853405161	0.00829794170983628	0.0244527172882309	0.0646809000304727	0.131603565515169	0.216807700421716	0.262827820905955	0.208420258570171	0.0800024719086758	
2.12225910236929e-06	8.48903640947716e-06	4.24451820473858e-06	9.76239187089873e-05	0.000594232548663401	0.00271224713282795	0.00898776729853394	0.0270397032232871	0.067267124508697	0.136159899489809	0.219322744675252	0.260957223745533	0.201788639971477	0.0750579376734947	
4.25738443329956e-06	2.12869221664978e-06	8.51476886659912e-06	0.000146879762948835	0.000668409356028031	0.00280561634154441	0.00970045043127304	0.0285415052408402	0.0696529380209974	0.14162827925036	0.221926807046823	0.259519511592858	0.193825941094829	0.0715687610159822	
6.37844595542742e-06	2.33876351699005e-05	0.000238128649002624	0.000812188784991091	0.00312543851815944	0.0105393188670179	0.0304315656533442	0.0727291669324353	0.145343521837673	0.223811163981341	0.256383761327057	0.187534815684173	0.0690211636836801	
1.90300187974297e-05	4.44033771940026e-05	0.000181842401842106	0.00108259662492044	0.0036093602319125	0.0118578161573317	0.0325624766089352	0.0771202083998503	0.149723959005111	0.225457090479282	0.251416150565509	0.181669017226396	0.0652560489029194	
2.12399004273468e-06	1.69919203418774e-05	2.97358605982855e-05	0.000276118705555508	0.00125740210529893	0.00422249220495654	0.0122575465366218	0.0351222993466607	0.0808985327476785	0.154222917002965	0.225648454160047	0.247266424815	0.177009082181423	0.06176987842281	
4.26758618923757e-06	1.28027585677127e-05	3.41406895139006e-05	0.000345674481328244	0.00119705792608114	0.00456845101557882	0.0135389171853562	0.0366735019172131	0.0855096244737533	0.157435522107163	0.229005076293772	0.243749586577588	0.170330033777945	0.0575953432099503	
1.49826201606137e-05	6.84919778770911e-05	0.000323196520607524	0.00133131281998596	0.00516044245817709	0.0144881936953134	0.0400442629407031	0.0892386260509238	0.161332853889488	0.229542302357836	0.239323812948408	0.163944110546052	0.0551874111744662	
2.13982470556012e-05	7.91735141057245e-05	0.00034665160230074	0.0017118597644481	0.00537951930977814	0.016461671459874	0.0427857949876746	0.0931230313612709	0.162596720076691	0.228563236099699	0.236446350314982	0.15987914270063	0.05260545056149	
6.42753384096567e-06	4.07077143261159e-05	6.85603609703005e-05	0.000512060195996932	0.00184898723491779	0.00608473203611417	0.0179606720629384	0.0453269686464899	0.095939512621534	0.165843228164596	0.229460815611194	0.23223108269665	0.15461861156699	0.0500576335534407	
2.14257554721379e-06	3.21386332082069e-05	0.000113556504002331	0.000539929037897876	0.00203544676985311	0.00668269313175983	0.0189767916216726	0.0476101712346377	0.098372071099227	0.170606863097993	0.22912917159459	0.228792787233678	0.148585471623729	0.0485207658422036	
4.28254520226461e-06	2.1412726011323e-05	0.000201279624506437	0.000588849965311384	0.00189074370679983	0.00700196140570264	0.0204041866161897	0.0500736597774789	0.103215763192381	0.173719304857263	0.228690055073531	0.224531703682132	0.144745745291342	0.044911051536149	
1.07174473612573e-05	4.07262999727777e-05	0.000173622647252368	0.000628042415369677	0.00217778530380748	0.00756437434757539	0.0217328397591575	0.0523761652544644	0.107946129822583	0.175285995082835	0.230667332577396	0.22103663437857	0.137481271260736	0.0428783634029181	
4.28876237039896e-06	2.14438118519948e-06	3.64544801483912e-05	0.000188705544297554	0.000681913216893435	0.0024703271253498	0.00822584622642521	0.0224280828160014	0.0554494086868882	0.110862362893628	0.179727020275124	0.23025936290435	0.216494580076554	0.132679297071848	0.0404902055389366	
4.28597756719341e-06	4.28597756719341e-06	8.14335737766749e-05	0.000184297035389317	0.000773618950878411	0.00315662247823795	0.00899626691353897	0.0247986662037811	0.0577471187515805	0.113912711780867	0.181757593680755	0.22912836074216	0.211598712492339	0.129650821407601	0.0382052040339621	
2.14885551955029e-06	4.29771103910058e-06	6.44656655865086e-06	6.44656655865086e-05	0.000234225251630981	0.00111740487016615	0.00342527569816316	0.00957530019511608	0.0262396747492286	0.0607588898152844	0.116964354784642	0.182790245915026	0.228621036435994	0.208267076954814	0.124631471278397	0.0372976852528343	
4.32808625010279e-06	4.32808625010279e-06	3.02966037507195e-05	5.62651212513363e-05	0.000272669433756476	0.00128111353003043	0.00362260819133604	0.0109219256521344	0.028128232539418	0.0644365480915304	0.120405195434735	0.185651095655034	0.224450224844081	0.203958900492969	0.121008963466624	0.0357673047708495	
2.16547240863331e-06	4.33094481726661e-06	3.24820861294996e-05	0.000101777203205765	0.000320489916477729	0.00120616813160875	0.00413172135567235	0.0117715080133306	0.0306046215512145	0.0665666218413878	0.123310660837215	0.18672868579645	0.224431725903164	0.199002583408584	0.11780386450206	0.0339805930362738	
3.89700644954567e-05	0.000106085175570966	0.000378875627039163	0.00144622239349806	0.00465692270720708	0.0128622862870838	0.0325010337892109	0.068403288207442	0.125299582370809	0.189736584014047	0.222845983810103	0.195876534175664	0.113467837789272	0.0323797935885584	
3.24376224520248e-05	9.94753755195426e-05	0.000451964206164878	0.00151375571442782	0.00511433180660257	0.013649751527812	0.0338756903807312	0.0709800054495206	0.129603439252983	0.190720244968925	0.22125053522077	0.192735702577277	0.108741723000004	0.0312309428968094	
3.03946088648048e-05	0.000117236348478533	0.000447234959010699	0.00159137487842156	0.00537116159510907	0.0150713839099625	0.0358309017646241	0.0747902771988328	0.132692007086286	0.191555509239961	0.219672693483396	0.187413158260386	0.106270407808809	0.0291462588578574	
4.3494807807318e-06	2.39221442940249e-05	0.000145707606154515	0.000582830424618061	0.00200946012069809	0.00599358451584842	0.0164410373511662	0.0372728755504812	0.0782863045723917	0.135318871309737	0.192251399989126	0.217634969825477	0.183439351927364	0.103137063013103	0.0274582721687599	
2.18101081127059e-06	1.74480864901647e-05	0.000154851767600212	0.00062813111364593	0.00224207911398617	0.00613518341210417	0.0173913802090717	0.0394283134461498	0.0814825639090693	0.136795179093703	0.194513449203168	0.214674713142553	0.181867948519421	0.0984922672261686	0.0261743107460584	
1.31331836150401e-05	1.96997754225602e-05	0.000168542523059682	0.000698247595532967	0.00255221534918946	0.00670667909941382	0.0177538753835984	0.0423260619273385	0.0829316768011067	0.139255523598142	0.195248851940866	0.215975204549335	0.176245135249903	0.0955636105748394	0.0245415424486383	
2.1966724805265e-06	4.61301220910565e-05	0.000206487213169491	0.000878668992210599	0.00257669681965758	0.00735885280976377	0.0190802971658532	0.0442146236880374	0.0850661418083887	0.143176915608237	0.195866301726145	0.214147010109087	0.173556896013918	0.0903315657442107	0.0234912155067504	
8.78128882976154e-06	6.36643440157712e-05	0.000208555609706837	0.000941793226991926	0.00290002063602875	0.00790974591340771	0.0206404193943545	0.0464069161430823	0.089191550643888	0.146643132812603	0.19728263017163	0.211991288961481	0.166559095878502	0.0866076564057307	0.0226447485697476	
2.18364927098869e-06	9.1713269381525e-05	0.000286058054499519	0.00101758056028073	0.00300033409833846	0.00881102480843937	0.0217404121419634	0.0487521536240935	0.0923290584759438	0.149472976248447	0.19837798532151	0.208448975759309	0.162354323298009	0.0838979886406565	0.0214172320498571	
1.9647480538079e-05	0.000126617096800954	0.000261966407174387	0.00117884883228474	0.00337718359915647	0.00936093294969808	0.0232757152774443	0.0509371848216664	0.0952247890078896	0.150905748852805	0.198819404725001	0.206062775883373	0.158810585189293	0.0814388068303375	0.0201997930465383	
2.19092126048082e-06	4.38184252096164e-05	8.76368504192328e-05	0.000280437921341545	0.00130140722872561	0.00363912021365864	0.0102184567588825	0.0244901178496546	0.053454096913211	0.0976866062410583	0.153658071682562	0.199544726562072	0.203692140508162	0.155590464234306	0.0770547007311104	0.0192560069583659	
2.18494702595936e-05	2.18494702595936e-05	7.64731459085774e-05	0.000329927000919863	0.00124760475182279	0.00412517998501126	0.0108810361892776	0.0259746502446048	0.0556549706452367	0.100022504954367	0.156315480131184	0.19804141348593	0.202168778417967	0.152301732444497	0.0748781345796271	0.0179384150831263	
4.36438227624358e-06	1.52753379668525e-05	3.49150582099486e-05	0.000106927365767968	0.000331693052994512	0.00127876400693937	0.00444512334835408	0.0122071772266533	0.0278142082465003	0.0581859445068794	0.104164711787105	0.157366531734515	0.198974370165083	0.199585383683757	0.147249893618182	0.0711939858812233	0.017040730597593	
1.31077060203694e-05	1.09230883503078e-05	3.05846473808619e-05	9.61231774827087e-05	0.00041944659265182	0.00143747842690051	0.00499403599376073	0.0131077060203694	0.0292520306021243	0.0599633858078498	0.106720757800177	0.159800413329663	0.200698640730886	0.197279714077239	0.142710149296772	0.0673430242973177	0.0161224784050543	
8.72845979780523e-06	2.40032644439644e-05	2.61853793934157e-05	0.000115652092320919	0.000477883173929836	0.00167368216622915	0.00545965160352717	0.0135465696061937	0.0299735309456632	0.0623932127496612	0.110532850649507	0.162984347689468	0.200641105372149	0.193645244844208	0.138579574094804	0.0649855653096094	0.0149322125990953	
2.18170552647827e-06	1.30902331588696e-05	1.52719386853479e-05	0.000130902331588696	0.000475611804772263	0.00194171791856566	0.00563316366936689	0.0140959994065761	0.0322259723316105	0.0650802758548468	0.112619639276808	0.164945664623863	0.199366432715111	0.191014863959752	0.1345610517566	0.0632127359241814	0.0146654245489869	
1.09466438684564e-05	2.18932877369127e-06	2.4082616510604e-05	0.000170767644347919	0.000553900179743892	0.00190252670433772	0.00585207581207678	0.0148327024417584	0.0337944789506985	0.0676393124631919	0.115655671127789	0.167818618489757	0.199023121501179	0.186244009449143	0.131269963941755	0.0611654672793868	0.0140401654256821	
3.29295439477694e-05	0.000180014840247806	0.000678348605324049	0.00234458352908118	0.00598439578677462	0.015604213225383	0.0358624686620507	0.0695406109088993	0.117850447183207	0.16784188550178	0.198165604871816	0.184627171703423	0.128857696073481	0.0595190530341282	0.0129105765304554	
6.59287046987388e-06	5.2742963758991e-05	0.000202181361076132	0.00075378485705558	0.00228772605304624	0.00657968472893413	0.0167173218881102	0.0367970077158561	0.0722754413377374	0.120115507090632	0.168645626619374	0.198845368618376	0.182580757169197	0.125484301276599	0.05645474983353	0.0122012056162466	
2.64199629239854e-05	3.08232900779829e-05	0.000189343067621895	0.000893875412261505	0.00250108982347061	0.00737777464652291	0.0176199136067212	0.0383441728570108	0.0752022227995473	0.122742744417682	0.17145455105878	0.196586540790221	0.180038837345498	0.121756399135187	0.0534585933131074	0.0117766984733665	
3.9622180496642e-05	1.76098579985076e-05	3.9622180496642e-05	0.000275154031226681	0.00103898162191195	0.00321159785247782	0.00806971742781609	0.0186378334591704	0.0403177698875831	0.0772016174654572	0.125153260795393	0.171903031316931	0.196041744168385	0.177513972321706	0.118362459304719	0.0513107237431514	0.0108652823850792	
1.75946758510875e-05	3.51893517021749e-05	8.35747102926654e-05	0.000345295513577591	0.00107547456139772	0.00361790522187986	0.00835087302582239	0.0201129138322744	0.0421788366840194	0.0792310246919282	0.127642775296195	0.173707836008824	0.195212928567815	0.174354440346351	0.115267120169437	0.0482424018492004	0.0105238154934317	
2.19596820238043e-05	3.29395230357064e-05	0.000127366155738065	0.000467741227107032	0.00122095832052352	0.00348500153717774	0.00909130835785498	0.0207738591945189	0.0444244367341561	0.0810729500636831	0.130137467609469	0.174039263911459	0.195254512714656	0.17126356010365	0.110720716764021	0.0479401818261672	0.00992577627475954	
1.10042718583354e-05	1.10042718583354e-05	5.28205049200099e-05	0.000127649553556691	0.000470982835536755	0.00125448699185024	0.0039043156553374	0.00950989173997346	0.0219865351729541	0.0456501213771186	0.0846338548624576	0.131558270920771	0.177624353774135	0.19278603954055	0.167724910810377	0.107960710347757	0.0454036256874919	0.00932942168149676	
2.20275476510925e-06	2.20275476510925e-06	1.32165285906555e-05	3.30413214766387e-05	0.000165206607383193	0.000502228086444908	0.00141857406873035	0.00380415747934367	0.0102053628267511	0.0228778109904246	0.0473173751093117	0.0859977487846301	0.13449139493851	0.180081810311976	0.189593305387718	0.164832139073125	0.105335732867524	0.0441211779451382	0.00920531216339154	
1.98684707238084e-05	0.000211930354387289	0.000576185650990443	0.00159610048147927	0.00405096041979871	0.0108283165444756	0.0240474723993828	0.0493797725722384	0.0878451318935315	0.137306585956523	0.177955269449577	0.189821161687407	0.161100183452213	0.102843619682149	0.0437128432002367	0.00870459778488628	
3.52107251868919e-05	0.000180454966582821	0.000596381657852982	0.00162629536956957	0.00435952791220206	0.0110737730712775	0.0255651871560077	0.0513526420147577	0.0891469541622378	0.138078858820397	0.178234490225723	0.188432396507976	0.159610217272181	0.101125202736754	0.0423651044108035	0.0082173029904909	
7.26664171052342e-05	0.000160746922687336	0.000587937374760531	0.00158104507519873	0.00448549974676855	0.0121463017197719	0.0268337260255874	0.0537269063924427	0.0906788804967741	0.141844846189417	0.177191553079515	0.188045273379869	0.157538590271508	0.0970801312399533	0.0400854380904146	0.0079404575782265	
2.19821768510092e-06	0.000103316231199743	0.000175857414808074	0.000558347292015634	0.00169262761752771	0.00515042403619146	0.0126969053491429	0.0280932220155898	0.0551972460728841	0.0956400550433708	0.142842383395543	0.179238273607759	0.186703420866362	0.152637641400353	0.0937781646640903	0.0381874376255732	0.00730247914990526	
1.09670287248416e-05	6.79955780940181e-05	0.000221533980241801	0.000644861289020688	0.00201793328537086	0.00601870536419309	0.0136714980083876	0.0291350085104143	0.0580484830405868	0.0982229026654267	0.143953219042271	0.178959974731966	0.185706890803488	0.149474021302357	0.0908026110301988	0.0364302760181789	0.00661311832107951	
1.09356785260455e-05	7.87368853875276e-05	0.000203403620584446	0.000763310361117976	0.00258738153926237	0.00619615545285738	0.014089528212957	0.0310332685212119	0.0598159744017637	0.100369844647751	0.145147073940497	0.180655222114567	0.182927656112279	0.146780864312288	0.0882443642980716	0.034705469370258	0.00639081053062099	
1.5281006800048e-05	3.92940174858378e-05	0.000303437135029525	0.000881932392459915	0.00263488217252257	0.00649879389196328	0.0152700917951908	0.0327712105831887	0.0625888208520253	0.102843358765295	0.149112064354869	0.178787779560562	0.179796326009365	0.144329109226454	0.0852658349432966	0.0325332634773022	0.00632851981619132	
1.30661736363815e-05	0.000111062475909242	0.000315765862879218	0.000947297588637655	0.00270687563833702	0.00724519328137352	0.0166223505610833	0.0347973980892899	0.0638739898214507	0.10687041186757	0.149337653881416	0.178183409879334	0.178588461262062	0.141807182475648	0.0811235167170803	0.0311170925150424	0.00633927190925107	
3.26751825453532e-05	0.000106738929648154	0.000281006569890037	0.00107610267849363	0.00305839708624505	0.00736716449122562	0.0171697192548316	0.0351519613822909	0.0672368122963247	0.1072769809874	0.149671941167245	0.180197096701114	0.177981719324539	0.136972186884617	0.0797797257027343	0.0306536779185473	0.0059860934423087	
