# <P(N_1)> as a function of N_tot.
# number_of_species: 2
# species_total_upper_bound: 100
# species_total_lower_bound: 0
# volume: 512
# Bin widths for each species index 
1	1	1	1	1	1	1	1	1	1	1	1	1	1	1	1	1	1	1	1	1	1	1	1	1	1	1	1	1	1	1	1	1	1	1	1	1	1	1	1	1	1	1	1	1	1	1	1	1	1	1	1	1	1	1	1	1	1	1	1	1	1	1	1	1	1	1	1	1	1	1	1	1	1	1	1	1	1	1	1	1	1	1	1	1	1	1	1	1	1	1	1	1	1	1	1	1	1	1	1	1	
# Bin lower bound for each species index 
0	0	0	0	1	2	3	3	4	5	5	6	7	8	9	10	11	11	12	13	14	15	15	16	17	18	19	20	21	21	22	22	23	24	25	27	28	29	29	30	30	31	32	34	34	35	36	37	37	39	40	40	41	41	42	43	45	47	47	47	48	49	51	52	53	54	54	54	55	56	57	58	59	60	61	62	62	63	64	66	67	67	68	69	70	70	71	71	72	73	75	76	77	78	79	80	80	81	82	83	84	
# Bin upper bound for each species index 
0	1	2	3	4	5	6	7	8	9	10	11	12	13	14	15	16	17	18	19	20	21	22	23	24	25	26	27	28	29	30	31	32	33	34	35	36	37	38	39	40	41	42	43	44	45	46	47	48	49	50	51	52	53	54	55	56	57	58	59	60	61	62	63	64	65	66	67	68	69	70	71	72	73	74	75	76	77	78	79	80	81	82	83	84	85	86	87	88	89	90	91	92	93	94	95	96	97	98	99	100	
# Normalized histogram for each species index 
1	
0.0499085705199555	0.950091429480045	
0.00255348238700338	0.0946195914428181	0.902826926170179	
0.00025779840164991	0.00674241973545918	0.136415015765364	0.856584766097527	
0.000554653143694782	0.0106176458935858	0.174933639713165	0.813894061249554	
0.00102888800949743	0.020399683419074	0.205599525128611	0.772971903442818	
0.00237261996559701	0.0304881665579216	0.236194317575182	0.730944895901299	
0.00017749378771743	0.00422040784128111	0.0383978227428707	0.259180373131385	0.698023902496746	
0.00011731581417175	0.00432113248865947	0.0469458783043954	0.283043954325043	0.66557171906773	
0.000586029067041725	0.00677840287544929	0.0645608688857634	0.300671979996875	0.627402719174871	
0.000236495141995625	0.00116276778147849	0.00944009775132536	0.0762499753650894	0.318834867267102	0.59407579669301	
1.96776796080206e-05	0.00125937149491332	0.0134792105314941	0.0838662704893839	0.326649481493142	0.574725988311458	
0.000176456748490314	0.00213708728727159	0.0178809505136852	0.096208140537997	0.343659320837581	0.539938044074974	
0.000331480939845959	0.00267134639758214	0.0218582431510188	0.113795456761236	0.35252023008677	0.508823242663547	
0.000253070918258093	0.00356245984932547	0.0248593509704296	0.123031400260858	0.364850396153322	0.483443321847807	
0.000425457850664294	0.00446730743197509	0.0290858457908681	0.135779071341546	0.369858245179756	0.460384072405191	
0.000659899462376026	0.00652135939289249	0.0341400927741009	0.149001416842963	0.372377384857248	0.437299846670419	
3.85490150726649e-05	0.000828803824062295	0.00815311668786863	0.0424810146100767	0.159689294938514	0.370668054431209	0.418141166493196	
0.000268657289247951	0.00153518450998829	0.00932624589817889	0.048396691677381	0.171057934025446	0.37504557579014	0.394369710809618	
0.000404094827586207	0.00152016625615764	0.0108143472906404	0.0544758312807882	0.184209513546798	0.378252001231527	0.370324045566502	
0.000547872742386458	0.00183253986246505	0.0143391521197007	0.0614373158014056	0.19141540089171	0.373214690546361	0.357213028035971	
0.000586687863131399	0.00240352769734476	0.0174681579893639	0.0697401540528776	0.196653986638657	0.36632033157327	0.346827154185356	
1.87216834537762e-05	0.000580372187067061	0.00391283184183922	0.0186842400868686	0.0742501965776763	0.203673194293631	0.371288426255289	0.327592017074175	
7.44532340623546e-05	0.000632852489530014	0.0059004187994416	0.0205677059097255	0.0805025593299209	0.218371335504886	0.369101907864123	0.304848766868311	
0.000285910338517841	0.000743366880146386	0.00426959438853309	0.022205702958219	0.0888609332113449	0.224420555047271	0.368995882891125	0.290218054284843	
0.000153236156071025	0.00134081636562147	0.00670408182810734	0.025303120271228	0.0931101193326565	0.230984350757561	0.36606202233417	0.276342252954585	
0.000190614158819717	0.00165834318173154	0.00859669856276924	0.0291639662994167	0.0959932903816095	0.234398231100606	0.365655140863863	0.264343715451184	
0.000227630555608248	0.00210558263937629	0.00912419143729727	0.0332340611188042	0.104634178727925	0.246599768575602	0.354838097767324	0.249236489178064	
0.000170377101317583	0.00280175677722247	0.00969256398606694	0.0378805088596093	0.113527941844616	0.255565651976374	0.347417840375587	0.232943359079206	
3.73852739405948e-05	0.000336467465465353	0.00332728938071294	0.0120754434828121	0.0427874460250108	0.122193767874834	0.257995775464045	0.34256126511767	0.218685159915509	
0.000148864905098623	0.000521027167845181	0.00316337923334574	0.013676963155936	0.046706363974693	0.129121697059918	0.259545962039449	0.337104577595832	0.210011164867882	
1.87673598078222e-05	0.000112604158846933	0.000675624953081601	0.00390361084002703	0.0142631934539449	0.0498085729299602	0.134768410779971	0.261053974926807	0.336555063433676	0.198840177163877	
3.78014666969078e-05	0.000245709533529901	0.00100173886746806	0.00381794813638769	0.0166704468133364	0.0539615937098359	0.140243441445528	0.270318288349588	0.324147576925985	0.189555454751644	
7.63402484875088e-05	0.000248105807584404	0.000916082981850106	0.00524839208351623	0.0191041471839991	0.0573124415519973	0.14853903849457	0.273756131076207	0.315857778117068	0.178941542454721	
5.76645843344546e-05	0.000172993753003364	0.000826525708793849	0.00649687650168188	0.0208169149447381	0.0604709274387314	0.154983181162902	0.2759827006247	0.312042287361845	0.16814992791927	
0.000136006839201057	0.00151550477966892	0.00703349654154037	0.0225965648558328	0.0671485194684076	0.161886997746172	0.273179451309552	0.300575114634336	0.16592834382529	
0.000117148603002909	0.00158150614053927	0.00698986664584025	0.0238592654782592	0.0741355409336744	0.165413827440108	0.26752835972431	0.299588027412773	0.160786457621493	
0.000213882947695897	0.00126385378183939	0.00696091775228466	0.0283297686175384	0.0762395489014194	0.169959167800894	0.276939529457515	0.290005833171301	0.150087497569512	
9.7524820066707e-05	0.00013653474809339	0.00117029784080048	0.0089527784821237	0.0287503169556652	0.0815697595037937	0.173594179718738	0.278043262010182	0.283075542725624	0.144609803194913	
0.000174967922547533	0.000311054084528947	0.00182744274660757	0.0102647847894553	0.0305805046852521	0.086356390217349	0.182685952019907	0.280784633928224	0.272716668610755	0.134297600995373	
1.9321431331633e-05	0.000270500038642863	0.000734214390602056	0.00307210758172965	0.0100085014297859	0.0347592549656079	0.0930713347244764	0.189485277069325	0.278363861194837	0.262056573150939	0.128159054022722	
3.85929027651815e-05	7.7185805530363e-05	0.000366632576269224	0.00362773285992706	0.0114234992184937	0.0381876772861471	0.0993188352661945	0.193292553499411	0.277328599270594	0.255813055979005	0.120525635335662	
1.93005481355671e-05	7.72021925422682e-05	0.000714120281015981	0.00306878715355516	0.0139349957538794	0.0407627576623176	0.101791090866981	0.195958465220412	0.278815718366402	0.251833552072879	0.113024009881881	
0.000114944730741968	0.000632196019080825	0.00390812084522692	0.0155366961052894	0.0432000613038564	0.101151363052932	0.201613057721412	0.27935401061323	0.247763367114313	0.106726182493918	
5.71210967250571e-05	0.000152322924600152	0.000609291698400609	0.00447448591012947	0.0177456207159177	0.0461157654226961	0.106359482102056	0.204246001523229	0.272886519421173	0.246115765422696	0.101237623762376	
3.85096755559834e-05	0.000173293540001925	0.00123230961779147	0.00550688360450563	0.016328102435737	0.0485414460383171	0.114951381534611	0.202907480504477	0.272590738423029	0.240396649658227	0.0973332049677482	
3.83127083253515e-05	0.000249032604114785	0.00158997739550209	0.00593846979042949	0.0177387839546378	0.0532355082180759	0.119554806329259	0.211447837247615	0.271043255047699	0.229780468181296	0.0893835485230451	
0.00011404675917126	0.000494202623075461	0.00199581828549705	0.0062535639612241	0.0218399543812963	0.0577456757270481	0.122353164797567	0.213400494202623	0.271203193309257	0.216897928150542	0.0877019578026991	
1.90443543011674e-05	5.71330629035023e-05	0.000552286274733855	0.00238054428764593	0.0074844312403588	0.020815479251176	0.0607514902207241	0.128587480241482	0.213810965739207	0.262831133710412	0.219390961549449	0.0833190500676075	
3.73901663862404e-05	0.000635632828566087	0.00246775098149187	0.0087866891007665	0.0263413722191064	0.0651523649280239	0.132192933258553	0.2152177977192	0.262722004112918	0.2081510562722	0.0782950084127874	
0.000258278756572272	0.00064569689143068	0.00346831473111337	0.00900285951480491	0.0268794391661286	0.0669126464348307	0.135319619961258	0.218503828060142	0.258961350428927	0.203745041970298	0.076302924084494	
3.65911668923122e-05	0.000219547001353873	0.000512276336492371	0.00325661385341579	0.00901972263895496	0.0274433751692341	0.0672362691646237	0.142522595045556	0.221870540451535	0.256394306414432	0.197519118884701	0.0739690438728091	
9.0337500903375e-05	0.000234877502348775	0.0005781600057816	0.00343282503432825	0.0105514201055142	0.0283840427838404	0.0686926356869264	0.147340463973405	0.218869697188697	0.260569487605695	0.18978102189781	0.0714750307147503	
3.60087861438191e-05	1.80043930719095e-05	0.000126030751503367	0.000954232832811206	0.00390695329660437	0.0110366929530806	0.0299413056785856	0.0746282092830651	0.146123654171618	0.224982895826582	0.25598646069641	0.184869108062367	0.0673904432681574	
1.78743788653344e-05	1.78743788653344e-05	0.000125120652057341	0.00142995030922675	0.0043613484431416	0.0119043363243127	0.0328352339756193	0.0780216637471848	0.149197440388946	0.225252922460944	0.25254709898831	0.182425910699603	0.0618632252529225	
1.79079887537831e-05	7.16319550151322e-05	0.000214895865045397	0.0011640192689959	0.00488888092978278	0.01221324833008	0.0337386508121273	0.0836482154689207	0.155298078472807	0.230851883025017	0.244247058612847	0.174029834709264	0.0596156945613438	
3.55340771800156e-05	8.88351929500391e-05	0.0011370904697605	0.00467273114917206	0.013645085637126	0.0389808826664772	0.0879290739819487	0.15947693838391	0.22651197498401	0.238931134958425	0.169248809608414	0.0593419088906261	
7.13215890450039e-05	0.00144426217816133	0.0054917623564653	0.0145317737679195	0.0412595392625348	0.0917017331146138	0.162149632693816	0.225376221382212	0.240389415876186	0.165234291420013	0.0523500463590329	
3.53338162288218e-05	0.000265003621716163	0.00159002173029698	0.00593608112644206	0.0159708849354275	0.0433899263289932	0.0916382523894493	0.166810946416268	0.23078282069855	0.234722541208063	0.159161175202728	0.0496970125258379	
1.73638242086437e-05	0.000121546769460506	0.000590370023093886	0.00158010800298658	0.00656352555086732	0.0174332795054783	0.0433401052247747	0.0951363928391589	0.172526957337084	0.231998055251689	0.226615269747009	0.153183657168655	0.0508933687555347	
1.72232651866141e-05	0.000310018773359053	0.000637260811904721	0.00149842407123542	0.00723377137837791	0.0184805635452369	0.047174523346136	0.100118840529788	0.174437229810027	0.227932691479651	0.226537606999535	0.147706722240402	0.0479151237491604	
6.86471365563164e-05	8.58089206953955e-05	0.000634986013145927	0.00217954658566305	0.00665877224596269	0.017573666958417	0.0491170262060444	0.107106694811993	0.180610616279668	0.230551408124389	0.224218709777068	0.138358303729256	0.0428358132111414	
0.000173097228713368	0.000553911131882779	0.00247529037060117	0.00659500441397933	0.0207716674456042	0.0541621228644129	0.112097765314777	0.17932872894705	0.230375101694622	0.21908916238251	0.133181007772066	0.0411971404337817	
0.000138386756387414	0.000934110605615043	0.00295801691778097	0.00826860869414797	0.023716030375893	0.0562369181269353	0.112837101489387	0.180854192253801	0.232385960663564	0.212129599197357	0.132885882821014	0.0366551920981162	
0.000121331877350805	0.00124798502417971	0.00270396755238937	0.0090478914253029	0.0253930286169899	0.059504619277902	0.116599934134124	0.182431144159603	0.230703898219888	0.209297488430139	0.125682491810098	0.037266219472033	
0.00021176346021494	0.000917641660931406	0.00324703972329575	0.0107646425609261	0.0280763054334974	0.0639702119399298	0.121993400038823	0.188045952670867	0.2244339739178	0.202375280145411	0.122593396509432	0.0333703919388709	
8.89948916932168e-05	0.000320381610095581	0.00153071213712333	0.00437854867130627	0.0108929747432497	0.0308100315041917	0.0680098962319563	0.127173700229607	0.18591032874713	0.221152305857644	0.199846928786288	0.117651246818433	0.0322339497712831	
8.94086511810883e-05	3.57634604724353e-05	0.000572215367558965	0.00139477495842498	0.00473865851259768	0.0123562755932264	0.0322944048066091	0.0708474151958944	0.128515995207696	0.18745417806627	0.223056702966579	0.198880603687213	0.108291758310534	0.0314718452157431	
0.000125700330412297	3.59143801177992e-05	0.000700330412297084	0.00156227553512426	0.00538715701766988	0.0134858497342336	0.0323229421060192	0.0737681367619595	0.129417468754489	0.190489872144807	0.224985634247953	0.188245223387444	0.107150553081454	0.0323229421060192	
7.20123861304144e-05	3.60061930652072e-05	0.000558095992510712	0.00160227559140172	0.00552695063550931	0.0148345515428654	0.0353580815900335	0.0776473553451194	0.133168905051669	0.190490764411479	0.217765455658373	0.183919634177078	0.10953083930436	0.0294890721204047	
3.56671541177729e-05	0.000178335770588865	0.00060634162000214	0.00189035916824197	0.00545707458001926	0.0176195741341798	0.0373613439383672	0.0770588864714484	0.133947997289296	0.192317295003032	0.216463958340764	0.187520062774191	0.100224703070942	0.0293184006848094	
1.81382862947109e-05	0.000181382862947109	0.000634840020314881	0.00246680693608068	0.00643909163462236	0.0174853079881013	0.0389791772473337	0.0808423420155264	0.137288688964667	0.198668649785968	0.214775448015671	0.181074512080099	0.0952804179061162	0.0258651962562577	
3.71464125852046e-05	0.000260024888096432	0.000724355045411489	0.00295313980052376	0.0065006222024108	0.0178488512471908	0.0411953715569919	0.0841923441243662	0.143236566928549	0.200962092085957	0.215412046581601	0.175925410003529	0.0899314648687803	0.0208205642540072	
5.66283481510844e-05	0.00037752232100723	0.00101931026671952	0.00256715178284916	0.00768257923249712	0.019215886139268	0.0450006606640618	0.0866602487872095	0.147044944032316	0.206504709590955	0.216358042169243	0.166090945127131	0.0817524586141156	0.0196689129244767	
5.70374736201685e-05	0.000494324771374793	0.000950624560336141	0.00271878624256136	0.00787117135958325	0.0209327528186018	0.0479685153145617	0.0869821472707569	0.153982166283248	0.208262828678442	0.205943304751222	0.160655550696808	0.081145312470293	0.0220354773085917	
3.79722802354281e-05	0.000341750522118853	0.00115815454718056	0.00324662996012911	0.00907537497626732	0.0221188532371369	0.047541294854756	0.0939244351623315	0.154585152838428	0.2033225745206	0.207841275868616	0.154452249857604	0.0809569014619328	0.0213973799126638	
1.9063596156779e-05	1.9063596156779e-05	0.000228763153881348	0.00131538813481775	0.00324081134665243	0.00903614457831325	0.0231622693304865	0.0526727161811804	0.0961377154186366	0.153366631081287	0.19963397895379	0.202722281531188	0.156740887601037	0.0807152661278023	0.0209890193686137	
1.91307009488828e-05	0.000114784205693297	0.000153045607591062	0.00160697887970615	0.00283134374043465	0.00981404958677686	0.0260177532904806	0.055325987144169	0.0983700642791552	0.154097796143251	0.198576675849403	0.202077594123049	0.15170645852464	0.0783402203856749	0.0209481175390266	
1.94193611030197e-05	5.82580833090591e-05	0.000233032333236237	0.00122341974949024	0.00279638799883484	0.0113603262452665	0.0280803961549665	0.057131760365084	0.101893387707544	0.155529663074085	0.197145353917856	0.201378774638314	0.148499854354792	0.0767841538013399	0.0178658122147781	
0.000117538738809333	0.000352616216427998	0.000959899700276216	0.00481908829118264	0.0117538738809333	0.0282288871040414	0.06133563186867	0.105393069132368	0.151879640331459	0.196387642760593	0.198287852371344	0.150527944835152	0.0730307363801986	0.0169255783885439	
0.000137835975189524	0.000708870729546126	0.000728561583144629	0.00523776705720193	0.0123461652062617	0.0285517377178301	0.0589150339667225	0.107256079551049	0.154927636113026	0.203386826818943	0.199133602441666	0.145141281874569	0.0674805552820715	0.0160480456827803	
1.99541055572184e-05	0.000199541055572184	0.000419036216701586	0.00161628255013469	0.00538760850044897	0.0129502145066347	0.0279756559912202	0.0602015364661279	0.110026938042502	0.161787887857927	0.204848847650404	0.197525690910905	0.138202135089295	0.0639329542053277	0.0149057168512421	
1.97530864197531e-05	9.87654320987654e-05	0.00057283950617284	0.00211358024691358	0.00555061728395062	0.0141234567901235	0.0282864197530864	0.0636049382716049	0.114192592592593	0.164444444444444	0.201224691358025	0.190261728395062	0.134004938271605	0.0655802469135802	0.015920987654321	
0.000138457582530609	0.000197796546472299	0.000692287912653045	0.00231421959372589	0.00577565915699112	0.0139644361809443	0.0327155487865182	0.0656091144648614	0.114682437644639	0.166327115928556	0.199042664715074	0.187174871926736	0.131277567893665	0.063848725201258	0.0162390964653757	
9.99060882770196e-05	0.000239774611864847	0.00131876036525666	0.00231782124802685	0.00519511659040502	0.0155054249005934	0.0344476192379164	0.0668571542749815	0.114572302036086	0.165424500969089	0.197534317741323	0.187343896737067	0.129318440665774	0.0662577177453194	0.0135672467880193	
2.03252032520325e-05	0.000182926829268293	0.000528455284552846	0.00150406504065041	0.00170731707317073	0.00695121951219512	0.0168089430894309	0.0344512195121951	0.0694918699186992	0.118516260162602	0.16609756097561	0.197012195121951	0.18530487804878	0.127276422764228	0.0610569105691057	0.0130894308943089	
0.000183966313723887	8.17628060995053e-05	0.000490576836597032	0.00128776419606721	0.00247332488451004	0.0081149585053759	0.0169657822656474	0.0356281427578595	0.0708679121867462	0.12315522668738	0.165017783410327	0.198806263030947	0.182044887780549	0.125710314377989	0.0569477944483055	0.012223539511876	
0.000287509754795252	6.16092331704111e-05	0.000205364110568037	0.0005544830985337	0.000759847209101737	0.00351172629071343	0.00907709368710724	0.0177639955641352	0.0371709040128147	0.0772990512178092	0.123074711463425	0.167618187045632	0.197806711299133	0.178009611040375	0.123300611985049	0.0530044769376104	0.0104941060500267	
0.000125804625416728	2.09674375694546e-05	0.000188706938125092	0.000293544125972365	0.00085966494034764	0.0036063992619462	0.0083660075902124	0.0195626192523012	0.0414106891996729	0.0783343467594825	0.12687396473277	0.170926551066194	0.197408424716415	0.176168410458558	0.116327343635334	0.0481831715346068	0.011343383725075	
8.33611203734578e-05	4.16805601867289e-05	0.000250083361120373	0.000416805601867289	0.00127125708569523	0.00387629209736579	0.00858619539846616	0.0213196065355118	0.0430976992330777	0.0766713904634878	0.13143964654885	0.179372290763588	0.19208486162054	0.170661053684562	0.115726075358453	0.0448691230410137	0.0102325775258419	
6.21607061456218e-05	0.000207202353818739	0.000476565413783101	0.0010360117690937	0.00364676142720981	0.00899258215573329	0.0215490447971489	0.0442584227756827	0.0816170071692014	0.134184244333016	0.183415523600348	0.192532427168373	0.170486096722059	0.105859682565994	0.042248559943641	0.00942770709875264	
8.22419145917717e-05	0.000226165265127372	0.000637374838086231	0.000966342496453317	0.00347472089150235	0.0104652836318029	0.0231716594362317	0.0467339679667743	0.0851203816024837	0.135452433332648	0.182741534222917	0.190924604724798	0.165285687850813	0.103892098608056	0.0413060016037173	0.00951950161399757	
4.11099691675231e-05	0.000308324768756423	0.000698869475847893	0.00172661870503597	0.00380267214799589	0.0117780061664954	0.0236998972250771	0.0496197327852004	0.0898663926002056	0.136505652620761	0.174964028776978	0.195580678314491	0.159568345323741	0.10049331963001	0.0420760534429599	0.00927029804727646	
6.11645734790409e-05	0.000183493720437123	0.000835915837546893	0.00110096232262274	0.00399608546729734	0.0109280704615886	0.0254852389496004	0.051276300766596	0.0918691893655195	0.136967868210732	0.179538411352145	0.190955798401566	0.161168651117273	0.0959264394062959	0.0422443320828576	0.00746207796444299	
8.2223318533136e-05	0.000226114125966124	0.000472784081565532	0.00104834731129748	0.00390560763032396	0.0121073836540043	0.0269486926492353	0.0546373951652689	0.0918228909718796	0.146953626048347	0.179760730143069	0.190943101463575	0.1527914816642	0.0928301266239105	0.03887107383654	0.00659842131228416	
0.000124556268294202	0.000145315646343236	0.00068505947561811	0.00155695335367752	0.00535591953665068	0.0122480330489299	0.0296443918540201	0.0552822237445766	0.098088061281684	0.147599177928629	0.18110481409977	0.186024786697391	0.148761703099375	0.0912374665255029	0.0348965145004256	0.00724502293911274	
2.06475057813016e-05	4.12950115626032e-05	0.000247770069375619	0.00064007267922035	0.00216798810703667	0.00658655434423522	0.0142880740006607	0.0300214734060126	0.0609720845721837	0.101152130822597	0.146948298645524	0.181553518334985	0.185765609514371	0.145647505781302	0.0851090188305253	0.0331185992732078	0.00571935910142055	
4.2000042000042e-05	0.000105000105000105	0.000315000315000315	0.00123900123900124	0.00287700287700288	0.0070980070980071	0.014994014994015	0.0343980343980344	0.0618660618660619	0.103677103677104	0.147693147693148	0.184170184170184	0.182238182238182	0.141099141099141	0.0810810810810811	0.0312060312060312	0.0059010059010059	
4.30440771349862e-05	6.45661157024793e-05	0.000667183195592287	0.00159263085399449	0.00284090909090909	0.00712379476584022	0.0189393939393939	0.0338972107438017	0.0629304407713499	0.105113636363636	0.156271522038568	0.183109504132231	0.176803546831956	0.136966253443526	0.0793302341597796	0.029678891184573	0.00462723829201102	
6.47640430033246e-05	0.000129528086006649	0.000863520573377661	0.00112257674539096	0.00338931825050732	0.00876473381978326	0.0184793402702819	0.0353611674798152	0.0678079530244808	0.106795906912482	0.154721298734942	0.178295410388152	0.177388713786106	0.134039981002547	0.0777168516039895	0.0301152799965459	0.00494365528258711	
0.000175400131550099	0.000504275378206534	0.000482350361762771	0.00164437623328217	0.00407805305853979	0.00909888182416137	0.0165314623985968	0.0380837535628152	0.0728568296426222	0.108419206314405	0.147116860337645	0.179960534970401	0.17529050646788	0.1328655996492	0.0799166849375137	0.0282394211795659	0.00473580355185266	
