# <P(N_1)> as a function of N_tot.
# number_of_species: 2
# species_total_upper_bound: 100
# species_total_lower_bound: 0
# volume: 512
# Bin widths for each species index 
1	1	1	1	1	1	1	1	1	1	1	1	1	1	1	1	1	1	1	1	1	1	1	1	1	1	1	1	1	1	1	1	1	1	1	1	1	1	1	1	1	1	1	1	1	1	1	1	1	1	1	1	1	1	1	1	1	1	1	1	1	1	1	1	1	1	1	1	1	1	1	1	1	1	1	1	1	1	1	1	1	1	1	1	1	1	1	1	1	1	1	1	1	1	1	1	1	1	1	1	1	
# Bin lower bound for each species index 
0	0	0	0	1	2	3	3	4	5	5	7	8	8	9	10	11	12	12	13	14	15	16	16	17	18	19	20	21	21	22	22	23	24	25	27	28	30	31	31	32	33	34	35	35	36	36	37	37	39	40	40	41	41	42	43	46	47	48	49	50	51	51	53	54	55	56	56	57	58	58	59	60	60	61	62	62	63	64	66	68	68	69	71	72	72	73	74	76	76	77	77	78	80	80	81	82	83	83	83	84	
# Bin upper bound for each species index 
0	1	2	3	4	5	6	7	8	9	10	11	12	13	14	15	16	17	18	19	20	21	22	23	24	25	26	27	28	29	30	31	32	33	34	35	36	37	38	39	40	41	42	43	44	45	46	47	48	49	50	51	52	53	54	55	56	57	58	59	60	61	62	63	64	65	66	67	68	69	70	71	72	73	74	75	76	77	78	79	80	81	82	83	84	85	86	87	88	89	90	91	92	93	94	95	96	97	98	99	100	
# Normalized histogram for each species index 
1	
0.0465038474406156	0.953496152559384	
0.00174196448640144	0.0924365025848505	0.905821532928748	
0.000492018368685764	0.00759895036081347	0.127268751366718	0.864640279903783	
0.000217521344281908	0.0100059818369678	0.174017075425526	0.815759421393224	
0.000747104968248039	0.0187843534873793	0.203212551363467	0.777255990180906	
0.00139290688953177	0.0318761384335155	0.2325618772099	0.734169077467052	
0.000384256463742658	0.00411703354009991	0.0403469286929791	0.263270571444255	0.691881209858923	
0.000109793588054458	0.00318401405357927	0.0510540184453228	0.287055335968379	0.658596837944664	
0.000166638893517747	0.00449925012497917	0.0647669832805643	0.298561350885963	0.632005776814975	
5.55833472291701e-05	0.000889333555666722	0.00717025179256295	0.075482185537213	0.311766994608415	0.604635651158913	
0.000671366230278617	0.0129797471187199	0.0826339935101264	0.323374734250867	0.580340158890008	
0.00202565833896016	0.0182309250506415	0.0958811613774477	0.345937429664641	0.53792482556831	
0.000225873849455079	0.00271048619346095	0.0212886103111412	0.112823987802812	0.360777006042125	0.502174035801005	
0.000229108196345724	0.00269202130706226	0.0274929835614869	0.128472421100865	0.364110201042442	0.477003264791798	
0.000577233895174325	0.00409836065573771	0.0323250981297622	0.139921496190256	0.367178480720388	0.455899330408682	
0.000233276958068467	0.00618183938881437	0.0358080130635096	0.147372718259754	0.374642794657958	0.435761357671896	
0.000530035335689046	0.00700824499411072	0.0425795053003534	0.162073027090695	0.372379269729093	0.415429917550059	
5.88789448893076e-05	0.0015897315120113	0.0093028732925106	0.0485751295336788	0.169394724446538	0.376943005181347	0.394135657089025	
0.000240341284624166	0.00114162110196479	0.00955356606381061	0.0555188367481824	0.180195878146969	0.379859400348495	0.373490356305954	
6.00312162324409e-05	0.00144074918957858	0.0148877416256453	0.0626125585304358	0.184055708968664	0.372913915235923	0.364029295233521	
0.000239750659314313	0.00215775593382882	0.0179812994485735	0.068928314552865	0.192639654759051	0.370354830975785	0.347698393670583	
5.73460259204037e-05	0.00401422181442826	0.0177199220094047	0.0729441449707535	0.201284550980617	0.370570019497649	0.333409794701227	
5.64493367202935e-05	0.000620942703923229	0.00547558566186847	0.0186847304544172	0.0802145074795371	0.220152413209145	0.372622071690658	0.302173299463731	
0.000684111510176159	0.0011401858502936	0.00467476198620375	0.021720540448093	0.0859700131121373	0.230260532466792	0.36337723048857	0.292172624137734	
0.00045826888927078	0.00189035916824197	0.00578564472704359	0.0232571461304921	0.0940596895228275	0.236982299364152	0.36380821446984	0.273758377728132	
0.000405092592592593	0.00185185185185185	0.00543981481481481	0.025462962962963	0.0999421296296296	0.233796296296296	0.366087962962963	0.267013888888889	
0.000285095221804083	0.00182460941954613	0.00661420914585472	0.0314745124871707	0.104116775002851	0.242958148021439	0.354943551146083	0.257783099555251	
5.68537153903008e-05	0.00272897833873444	0.00864176473932571	0.0353061572573768	0.116208994257775	0.250326908863494	0.349252373642618	0.237477969185286	
0.000113752701626664	0.000341258104879991	0.0037538391536799	0.0102946194972131	0.0391878057103856	0.12205664884541	0.25998179956774	0.346320100102377	0.217950176316688	
0.000114790793778339	0.000573953968891695	0.00350111921023934	0.00975721747115881	0.0439648740171038	0.125351546805946	0.267347758709751	0.336796188945647	0.212592550077484	
5.79844601646759e-05	0.000231937840658703	0.00069581352197611	0.00342108314971588	0.0121187521744173	0.0476632262553636	0.141945958483127	0.261973791024006	0.334280412849356	0.197611040241215	
5.97442944198829e-05	0.000597442944198829	0.00137411877165731	0.00400286772613215	0.0148763293105508	0.0547855179830326	0.141474489186283	0.277870713346875	0.320229418090572	0.184729358346278	
6.17741536940944e-05	0.000617741536940944	0.00160612799604645	0.00488015814183346	0.018964665184087	0.0575117370892019	0.155670867309118	0.27384482332592	0.313874474919694	0.172967630343464	
6.37470516988589e-05	0.000446229361892012	0.000764964620386307	0.0060559699113916	0.022120226939504	0.0630458341301715	0.158538917575062	0.273156116529611	0.307898259705489	0.167909734174794	
6.67289470172161e-05	0.00106766315227546	0.00633924996663553	0.0243560656612839	0.0726678233017483	0.16682236754304	0.266515414386761	0.306152408914987	0.156012278126251	
6.74490759476595e-05	0.000944287063267233	0.00701470389855659	0.028733306353703	0.0801295022258195	0.166936462970457	0.263456090651558	0.293133684068528	0.159584513692162	
0.000692137320044297	0.00685215946843854	0.0326688815060908	0.0790420819490587	0.168466223698782	0.273186600221484	0.290213178294574	0.148878737541528	
0.00103128222756961	0.0110690959092472	0.0312822275696115	0.0785149535922998	0.170711584737023	0.272052251632864	0.292952904778274	0.142385699553111	
0.000138293458719403	0.00214354861015074	0.0123772645553865	0.0300096805421104	0.0876089060987415	0.179159175770986	0.283225003457336	0.275342276310331	0.129995851196238	
0.000411409764125069	0.00294843664289632	0.0130279758639605	0.0384668129456939	0.0907844212835985	0.190002742731761	0.279072956664838	0.264673614920461	0.120611629182666	
0.000273616526438197	0.00465148094944935	0.013201997400643	0.0389219508858335	0.100075244544771	0.188658594979137	0.283261508995143	0.250701142348998	0.120254463369588	
0.00100435219283562	0.00381653833277536	0.0141278875125544	0.0385671242048878	0.0980917308336123	0.196853029795782	0.273652494141279	0.255641111483093	0.11824573150318	
0.000924336458470883	0.00349927373563977	0.0166380562524759	0.0427175491879044	0.0967912320084511	0.202495708437871	0.278225273999736	0.252343853162551	0.1063647167569	
0.000193823491407159	0.001227548778912	0.00529784209846233	0.017121075074299	0.0468406770900633	0.109187233492699	0.205259077400181	0.272063574105182	0.241181031140974	0.10162811732782	
0.000321274818479728	0.00147786416500675	0.00642549636959455	0.0154854462507229	0.0509541862108848	0.117650838527276	0.198162308038296	0.269870847522971	0.237936130566086	0.101715607530682	
0.000127844541038098	0.000447455893633342	0.00204551265660956	0.00511378164152391	0.0154691894656098	0.0556123753515725	0.123881360265917	0.208450524162618	0.274546151879315	0.221938123242138	0.0923676809000256	
0.000326647938851506	0.000783955053243614	0.00267851309858235	0.00594499248709741	0.022342719017443	0.0604298686875286	0.123472920885869	0.215652969229764	0.268569935323708	0.216371594695237	0.0834258835826746	
6.46328852119959e-05	0.000193898655635988	0.000517063081695967	0.00303774560496381	0.00975956566701138	0.0200361944157187	0.0604963805584281	0.127843846949328	0.206954498448811	0.268937435367115	0.21826525336091	0.0838934850051706	
6.35606686582343e-05	0.000953410029873514	0.00362295811351935	0.0106146316659251	0.0242801754274455	0.0634971079895761	0.131316341447912	0.218203775503718	0.261361469522659	0.208733235873641	0.0773533337570711	
0.000378620559096359	0.00145137880986938	0.00454344670915631	0.00870827285921625	0.0260617151511327	0.0674575629456679	0.131065816873856	0.223512336719884	0.256704739067331	0.205212343030227	0.074903767274563	
6.32111251580278e-05	0.000316055625790139	0.00056890012642225	0.00316055625790139	0.00828065739570164	0.0262958280657396	0.0624525916561315	0.137420986093552	0.227623261694058	0.259165613147914	0.199747155499368	0.074905183312263	
0.00018807598269701	0.000564227948091029	0.000814995925020375	0.00307190771738449	0.0109084069964266	0.0240110337909849	0.0673938937997618	0.138925459218858	0.221490815622845	0.267193279418218	0.191649426368253	0.0737884772114601	
0.000126016004032512	6.30080020162561e-05	0.000189024006048768	0.000756096024195073	0.00365446411694285	0.0102703043286497	0.0277865288891689	0.0696238422279629	0.146934660701909	0.229475143343205	0.254489320143658	0.189528070064898	0.0671035221473127	
6.20770997578993e-05	6.20770997578993e-05	0.000186231299273698	0.00093115649636849	0.00384878018498976	0.0116084176547272	0.0306660872804023	0.0761686014029425	0.147557266124527	0.231485504997207	0.254454031907629	0.178285430504687	0.0646843379477311	
6.18161587438957e-05	0	0.000309080793719478	0.00105087469864623	0.00407986647709711	0.0107560116214378	0.0324534833405452	0.0843790566854176	0.15503492612969	0.231006985225938	0.243617481609693	0.174012486864066	0.0632379303950052	
0.000184377112654416	0.000860426525720607	0.00417921455350009	0.0123532665478459	0.0401327515211112	0.0867801610226784	0.159609120521173	0.221191076147748	0.244361133304652	0.170241534017577	0.0601069387253396	
0.000124007936507937	0.0013640873015873	0.00576636904761905	0.0154389880952381	0.0392485119047619	0.0901537698412698	0.166976686507937	0.224454365079365	0.236545138888889	0.16734871031746	0.0525793650793651	
0.000249984375976501	0.00168739453784138	0.00612461721142429	0.0144990938066371	0.041372414224111	0.0916192737953878	0.173114180363727	0.225485907130804	0.23329791888007	0.164114742828573	0.0484344728454472	
0.000122294239941299	0.00152867799926623	0.00587012351718234	0.0162039867922221	0.0455546043781338	0.0981411275528923	0.175431087195793	0.225449431331784	0.227528433410786	0.152256328726917	0.0519139048550813	
0.000362078329611973	0.00156900609498522	0.0057329068855229	0.0175607989861807	0.0512340836400941	0.109226962766278	0.172892402389717	0.222135055216945	0.223402329370587	0.14839176875264	0.0474926075674371	
0.000483646696088507	0.00199504262136509	0.00580376035306209	0.0175926485702195	0.0527779457106584	0.109485520827036	0.181246599359168	0.233178163351672	0.219273320839127	0.139411160147512	0.0387521915240917	
0.000309540023525042	0.000123816009410017	0.00210487215997028	0.00600507645638581	0.0217297096514579	0.0578839843991828	0.115210796756021	0.179718937658639	0.231412121587321	0.215687488392249	0.130068717885223	0.0397449390206154	
0.000124061782767818	0.002047019415669	0.00781589231437256	0.0233236151603499	0.0594876248371689	0.111159357359965	0.179517399665033	0.23881893182805	0.209788474660381	0.130388933688977	0.0375286892872651	
0.000183250870441635	0.00201575957485798	0.0065359477124183	0.0262659580966343	0.0563801844725429	0.116486469977399	0.182334616089426	0.236699040987111	0.211654755360088	0.122533748701973	0.0389102681571071	
0.000305008235222351	0.00274507411700116	0.00817422070395901	0.0250716769352773	0.0637467211614714	0.125053376441164	0.186177026779723	0.225523089123406	0.201244433599707	0.124809369852986	0.0371500030500823	
0.000836120401337793	0.00376254180602007	0.0101528905876732	0.0264572384137602	0.0688604873387482	0.124343048256092	0.180721452460583	0.225274725274725	0.206402293358815	0.120580506450072	0.0326086956521739	
0.00011906888134786	0.00113115437280467	0.00410787640650116	0.0116092159314163	0.0298267547776389	0.0720366732154551	0.120676311246056	0.190748347919271	0.22283741144252	0.21087098886706	0.105554563314878	0.0304816336250521	
0.000484848484848485	0.00187878787878788	0.00478787878787879	0.0120606060606061	0.0316363636363636	0.0706060606060606	0.129636363636364	0.188848484848485	0.23230303030303	0.195151515151515	0.103090909090909	0.0295151515151515	
0.000302114803625378	0.00175226586102719	0.00471299093655589	0.0134138972809668	0.0356495468277946	0.0782477341389728	0.134320241691843	0.197643504531722	0.225196374622357	0.177280966767372	0.104954682779456	0.0265256797583082	
0.000121684108055488	0.000121684108055488	0.00176441956680458	0.0045631540520808	0.0158797761012412	0.03802628376734	0.0771477245071794	0.138537357021173	0.203577512776831	0.214833292771964	0.180214164030178	0.0972256023363349	0.0279873448527622	
6.22897720194344e-05	0.000311448860097172	0.00211785224866077	0.00523234084963249	0.0179394543415971	0.0365018064033886	0.0863959137909555	0.135106515510153	0.201133673850754	0.21141148623396	0.18387940700137	0.0931232091690544	0.0267846019683568	
0.000440667296191376	0.000314762354422411	0.00251809883537929	0.00623229461756374	0.0169971671388102	0.0405413912496065	0.0801384954359459	0.143028013849544	0.208624488511174	0.211709159584514	0.176770538243626	0.092036512433113	0.0206484104501102	
0.000129007288911824	0.000645036444559118	0.000516029155647294	0.00167709475585371	0.00774043733470941	0.0195446042701413	0.0428304199187254	0.087015416371025	0.147713345804038	0.209701348126169	0.209249822614978	0.172482745275108	0.0816616138811843	0.0190930787589499	
0.000193411127586874	0.00103152601379666	0.000902585262072078	0.00251434465862936	0.00825220811037328	0.0186964090000645	0.0468699632518858	0.0862613629037457	0.146541164334988	0.211462832828315	0.20765908065244	0.164270517697118	0.0831667848623557	0.0221778092966282	
0.00012987012987013	0.000909090909090909	0.00214285714285714	0.00285714285714286	0.00844155844155844	0.0197402597402597	0.0474675324675325	0.0930519480519481	0.148896103896104	0.205324675324675	0.213246753246753	0.156038961038961	0.0812337662337662	0.0205194805194805	
6.48634624116235e-05	6.48634624116235e-05	0.000583771161704612	0.00181617694752546	0.00272426542128819	0.00830252318868781	0.0219887137575404	0.0481286891094247	0.0943763378089122	0.146007653888565	0.205098268145554	0.203800998897321	0.160861386780826	0.0838684568982292	0.0223130310695985	
6.43956468542727e-05	0.000386373881125636	0.000321978234271363	0.00173868246506536	0.00244703458046236	0.00946616008757808	0.024792324038895	0.0522892652456694	0.0918925880610471	0.150814604932707	0.196857492433511	0.20980101745122	0.158864060789491	0.0807521411552579	0.0195118809968446	
6.52571130253198e-05	0.00013051422605064	0.000195771339075959	0.00117462803445576	0.00221874184286087	0.0107674236491778	0.0265596450013051	0.0519446619681545	0.102584181675803	0.150417645523362	0.204842077786479	0.203928478204124	0.149960845732185	0.0756982511093709	0.0195118767945706	
6.50575759547199e-05	0	0.00104092121527552	0.00461908789278511	0.0104092121527552	0.0246568212868389	0.0641467698913538	0.102595797280593	0.154316570164596	0.197059397566847	0.195107670288205	0.154251512588641	0.0733849456769241	0.018346236419231	
6.57981313330701e-05	0.000855375707329912	0.00473746545598105	0.0117778655086196	0.0245427029872352	0.0611264640084222	0.104355836294249	0.157783918936702	0.205026977233847	0.199631530464535	0.149230161863403	0.0660613238584024	0.0148045795499408	
6.781500067815e-05	0.00020344500203445	0.00183100501831005	0.0042045300420453	0.0101044351010444	0.0270581852705819	0.0607622406076224	0.110877526108775	0.165604231656042	0.209141462091415	0.200257697002577	0.135087481350875	0.0639495456394955	0.010850400108504	
0.000200467758102239	0.000467758102238557	0.00213832275309054	0.00507851653859004	0.0112930170397594	0.0317407283661878	0.0643501503508186	0.112729702639492	0.166388239224858	0.210958904109589	0.189375208820581	0.127163381222853	0.0636151019044437	0.0145005011693953	
0.000596935729919745	0.00291835245738542	0.00497446441599788	0.0131325860582344	0.0350865556808384	0.0649333421768256	0.112953505339258	0.173973602175499	0.204417324401406	0.184320488160775	0.128739139086025	0.0592292896464814	0.0147244146713537	
0.0016706762897621	0.00260625501202887	0.00447741245656242	0.0137663726276397	0.032878909382518	0.0684977278802459	0.112670408981556	0.164795509222133	0.205225875434376	0.192261427425822	0.126236300454424	0.061881849772788	0.0130312750601443	
0.000137419266181119	0.00233612752507902	0.00206128899271678	0.0059090284457881	0.0150474096468325	0.034148687646008	0.0752370482341624	0.116806376253951	0.165933763913701	0.208396317163666	0.187852136869589	0.11797444001649	0.0549677064724474	0.0131922495533874	
0.000283687943262411	0.00141843971631206	0.00219858156028369	0.00709219858156028	0.0180851063829787	0.0353191489361702	0.0714893617021277	0.123687943262411	0.173333333333333	0.21	0.177517730496454	0.111347517730496	0.0560283687943262	0.0121985815602837	
0.000218978102189781	0.000364963503649635	0.0037956204379562	0.00788321167883212	0.0202189781021898	0.0386131386861314	0.0835766423357664	0.123065693430657	0.178686131386861	0.196204379562044	0.170729927007299	0.116569343065693	0.0513868613138686	0.00868613138686131	
0.000836247529268664	0.00433328265166489	0.0079823627793827	0.0183214231412498	0.0417363539607724	0.0837007754295271	0.133267447164361	0.175916071157062	0.19598601185951	0.173483351071917	0.111525011403375	0.0441690740459176	0.00874258780599057	
0.000615100722743349	0.00192218975857297	0.00376749192680301	0.00676610795017684	0.024604028909734	0.0440565892664924	0.0847301245578964	0.142857142857143	0.178148546824543	0.189989235737352	0.164462555743503	0.110948792864832	0.0385206827618022	0.00861141011840689	
0.000847196549599507	0.00130930375847197	0.00323475046210721	0.00893407270486753	0.0224121996303142	0.045671595810228	0.0941928527418361	0.137784966112138	0.185767097966728	0.18507393715342	0.168592113370302	0.0965033887861984	0.0412045594577942	0.00847196549599507	
0.000230982445334155	0.00153988296889436	0.000923929781336618	0.00346473668001232	0.0111641515244841	0.0242531567600862	0.0533569448721897	0.0902371419772097	0.142901139513397	0.181013242993532	0.187711733908223	0.157068062827225	0.101940252540807	0.0372651678472436	0.00692947336002464	
0.000386727511795189	0.00100549153066749	0.00139221904246268	0.00495011215097842	0.0129166988939593	0.0260654342949957	0.055224688684353	0.0954443499110527	0.134813210611803	0.183540877097997	0.190579317812669	0.151829221130791	0.0969139144558744	0.0379766416582876	0.0069610952123134	
0.000380112513303938	0.000760225026607876	0.00456135015964726	0.0120875779230652	0.028280370989813	0.0543560894024631	0.0979930059297552	0.135472099741523	0.183898433936445	0.182301961380569	0.158430895545081	0.0940398357913943	0.0398357913942527	0.00760225026607876	
7.64117062734011e-05	0.000611293650187209	0.00068770535646061	0.00351493848857645	0.011614579353557	0.0286543898525254	0.0568503094674104	0.102391686406357	0.143042714143807	0.175135630778635	0.190188736914495	0.149308474058226	0.0927638114159089	0.0379002063116069	0.0072591120959731	
0.000380691335465205	0.00137048880767474	0.0016750418760469	0.00540581696360591	0.0117252931323283	0.027942744023146	0.0572559768539668	0.101796863103396	0.142530835998173	0.176716917922948	0.189584285061672	0.143749048271661	0.0939546215928126	0.0357088472666362	0.0102025277904675	
0.000453720508166969	0.000907441016333938	0.00158802177858439	0.00703266787658802	0.014065335753176	0.0341802782819117	0.0563369630973987	0.100574712643678	0.145871143375681	0.177707199032063	0.187235329703569	0.142619479733817	0.0904416212946158	0.0355414398064126	0.00544464609800363	
0.000379766064104512	0.00113929819231353	0.00212668995898527	0.00835485341029926	0.017089472884703	0.034254898982227	0.0599270849156919	0.100486100562054	0.141272975846878	0.181376272216315	0.175679781254747	0.150919033875133	0.0852195047850524	0.0352422907488987	0.0065319763025976	
0.000233100233100233	0.000621600621600622	0.00108780108780109	0.00310800310800311	0.00753690753690754	0.01996891996892	0.0326340326340326	0.0617715617715618	0.105361305361305	0.155167055167055	0.177078477078477	0.177466977466977	0.136052836052836	0.0846930846930847	0.0317793317793318	0.00543900543900544	
0.000244180367898421	0.000488360735796842	0.000651147647729123	0.00113950838352596	0.00317434478267947	0.00748819794888491	0.0187204948722123	0.0328829562103207	0.06959140485105	0.108497476802865	0.155298713983396	0.173042487384014	0.176135438710728	0.13096207064952	0.0806609148624451	0.0332085300341853	0.00781377177274947	
0.000667278338476937	0.000417048961548086	0.000333639169238469	0.00216865460005005	0.00316957210776545	0.00975894570022521	0.0194344816081408	0.0333639169238469	0.0803236299941613	0.111685711902577	0.13946117274168	0.172908499457836	0.167987321711569	0.134539994995412	0.0859954958712153	0.030945032946868	0.00683960296938861	
