# <P(N_2)> as a function of N_tot.
# number_of_species: 2
# species_total_upper_bound: 100
# species_total_lower_bound: 0
# volume: 512
# Bin widths for each species index 
1	1	1	1	1	1	1	1	1	1	1	1	1	1	1	1	1	1	1	1	1	1	1	1	1	1	1	1	1	1	1	1	1	1	1	1	1	1	1	1	1	1	1	1	1	1	1	1	1	1	1	1	1	1	1	1	1	1	1	1	1	1	1	1	1	1	1	1	1	1	1	1	1	1	1	1	1	1	1	1	1	1	1	1	1	1	1	1	1	1	1	1	1	1	1	1	1	1	1	1	1	
# Bin lower bound for each species index 
0	0	0	0	0	0	0	0	0	0	0	0	0	0	0	0	0	0	0	0	0	0	0	0	0	0	0	0	0	0	0	0	0	0	0	0	0	0	0	0	0	0	0	0	0	0	0	0	0	0	0	0	0	0	0	0	0	0	0	0	0	0	0	0	0	0	0	0	0	0	0	0	0	0	0	0	0	0	0	0	0	0	0	0	0	0	0	0	0	0	0	0	0	0	0	0	0	0	0	0	0	
# Bin upper bound for each species index 
0	1	2	3	3	4	4	5	6	5	6	6	6	6	6	6	6	6	8	8	8	8	8	8	8	7	8	8	8	8	8	9	10	10	10	10	11	11	11	10	10	10	11	11	11	10	11	11	11	12	13	13	13	13	13	13	13	12	13	13	13	13	14	14	15	15	15	13	13	13	14	14	14	14	14	14	14	15	15	16	16	16	16	16	14	15	15	16	16	16	17	18	15	15	15	16	16	16	16	16	16	
# Normalized histogram for each species index 
1	
0.949622826601718	0.0503771733982816	
0.902237747044965	0.0951653529407771	0.00259690001425749	
0.857773682507796	0.13498356151854	0.00713096413683998	0.00011179183682457	
0.815269505191618	0.171000777345543	0.0132758425053898	0.000453874957449223	
0.775247603147622	0.201963978564365	0.0215063907640109	0.00122811835085101	5.39091731512102e-05	
0.736305117043232	0.231073269433419	0.0303777097704922	0.00210755251206119	0.000136351240796291	
0.699953308127588	0.256184987467362	0.0399577918958417	0.003718493521292	0.000173619597775646	1.17993901400925e-05	
0.663140979558006	0.279998646785693	0.0510939891912007	0.0055025076752624	0.000248653128885205	1.35321430685826e-05	1.69151788357282e-06	
0.62858079097944	0.299044674290227	0.0639807758555501	0.00774847290723174	0.000621759916650563	2.35260509002916e-05	
0.597410114552626	0.31498270268815	0.075568051797709	0.0109824469302319	0.000970870519188574	7.06699511367766e-05	1.51435609578807e-05	
0.570389766368309	0.327369529918544	0.0866775587434077	0.0139226237603833	0.00153652088729049	9.39357747688509e-05	1.00645472966626e-05	
0.54113653087163	0.340378955114054	0.0984263161415479	0.0175329453475149	0.00238477490133119	0.00011706468660111	2.34129373202221e-05	
0.513303756482075	0.350881895138132	0.11076835998302	0.0217281648756857	0.00302982378744621	0.000278011303573361	9.98843006850398e-06	
0.487256554057654	0.359447434326211	0.122878590078329	0.0259414797250493	0.00404133585549102	0.000417954388021527	1.66515692438855e-05	
0.462862431519289	0.36507454715238	0.135792087336853	0.030618320901897	0.00501072304683807	0.00063027962853309	1.16104142098201e-05	
0.439259856523788	0.370846522925003	0.146626782668711	0.0361710034707705	0.00624141432240339	0.000804648045285924	4.97720440383046e-05	
0.417677926647004	0.374619744203579	0.157263877683283	0.0415503855463119	0.00785145555305726	0.00091592048355311	0.000120689883211872	
0.396619065055535	0.376131899017289	0.16945414839959	0.0470094774378919	0.00922672947572252	0.00136405171190964	0.00018308311973636	6.59758990040938e-06	4.94819242530704e-06	
0.374765400501027	0.377068217668858	0.180785951499381	0.0539796792833633	0.0112393926484207	0.00192120746573326	0.000217122761538348	1.31589552447483e-05	9.86921643356126e-06	
0.354574160522206	0.376536252178191	0.191236554451079	0.0613530043818873	0.0135817115852625	0.00229543102270914	0.000388330983053302	2.46820540076251e-05	9.87282160305004e-06	
0.339689513378934	0.374044007124837	0.198922666384145	0.0672671350342005	0.0166897318915912	0.00295654246760384	0.000410538931671754	1.65539891803127e-05	3.31079783606253e-06	
0.321819497358308	0.375138459093099	0.207262293263396	0.0728050611869152	0.0187923552367754	0.00363263677440398	0.000518238518864379	2.81471400022187e-05	3.31142823555514e-06	
0.306402813664473	0.371628219008841	0.215214445603151	0.0798450359014553	0.0216836819416676	0.00444533746039548	0.000697438077462122	7.9707208852814e-05	3.32113370220058e-06	
0.291806702015341	0.36813215222725	0.223642359032009	0.0863145920864113	0.0240229771946006	0.00507379689134035	0.000875655282036057	0.000118421952427733	1.33433185834066e-05	
0.275902264140904	0.364439219390198	0.231417615601554	0.0943336614696962	0.0264293886021391	0.00619911669238546	0.00110579737136168	0.000172936731761826	
0.262419331874216	0.360110129168336	0.238065753007361	0.100278468522461	0.0304808797088828	0.00710243734458245	0.00136585333549662	0.000160591240658391	1.65557980060197e-05	
0.24945894461787	0.355322954378476	0.243833963317941	0.107251970571906	0.0338097280261701	0.00850229886203836	0.00157413040515158	0.000231049763797328	1.49600566487478e-05	
0.238429340442056	0.34883017060601	0.249356839124137	0.113607072358301	0.0380258993858583	0.00948402449914938	0.00198727148456663	0.000257763246952157	2.16188529701809e-05	
0.225705412100906	0.344442202678433	0.25378628766856	0.119717471332039	0.0424801796646833	0.0112521953688054	0.00221438706625962	0.000360520075014636	4.13440452998436e-05	
0.213999308106683	0.338923941156121	0.258306838212279	0.12720623362931	0.0451691020213169	0.0131212625405664	0.00279722583727328	0.000415135989984021	6.09525064659078e-05	
0.202530060326631	0.333984770862616	0.262265124088962	0.133382658029901	0.0491972652806317	0.014431593292061	0.0034637142155643	0.000598158068625044	0.000141712379894638	4.94345511260367e-06	
0.19247525600502	0.326633910761847	0.265373890040964	0.141532851163779	0.0529255481233436	0.0159870338007336	0.00407993846326161	0.000775797745739289	0.000192714089705938	2.14126766339931e-05	1.64712897184562e-06	
0.181782041025049	0.317745354370974	0.269846506602443	0.149242430490832	0.0577468389927666	0.0176587514330724	0.00473594351838869	0.00101449155827553	0.000176505035342247	4.28890740083964e-05	8.24789884776853e-06	
0.171678648543561	0.312115621664998	0.270580838372891	0.15578976976596	0.0629747594662343	0.0199028764777418	0.00545844122537786	0.00116978416075846	0.00024322244926661	7.11467028466954e-05	1.48911703632618e-05	
0.165120194416808	0.302427064726692	0.274463094081246	0.159619112576006	0.0686037714609238	0.0220655792524952	0.0059795087598479	0.0014005161713265	0.000225142079551305	8.44282798317394e-05	1.15881952710231e-05	
0.157188273866157	0.296392188323592	0.274210925871288	0.16678711491094	0.0721413156263364	0.0248797451359352	0.00657879469983524	0.00146692701167906	0.000278467500522127	5.46989733168463e-05	1.98905357515805e-05	1.65754464596504e-06	
0.148237955603912	0.289801902689506	0.276334469993498	0.171786060212029	0.0770164660925869	0.0274058938262104	0.00747674711743867	0.00162206270648958	0.000252099725343983	4.64394230896812e-05	1.16098557724203e-05	8.29275412315735e-06	
0.141649224226718	0.282437954749327	0.277618857769361	0.175753347287285	0.0822087112528655	0.0295757334130702	0.00840891723977541	0.00192531313332669	0.000345526429449483	5.48190969799661e-05	1.32894780557494e-05	8.30592378484335e-06	
0.134033191409088	0.2772172698585	0.277013732949647	0.181444052999025	0.0862169107730597	0.0315085063534956	0.00980121228568639	0.00227200142972268	0.000417002447407221	6.78456362845082e-05	8.27385808347661e-06	
0.12740663763526	0.269124439166007	0.277182304038005	0.186505344418052	0.0912922275006598	0.0346562417524413	0.0103836764317762	0.00276128266033254	0.000578978622327791	0.000100620216415941	8.24755872261811e-06	
0.120235836337258	0.261223152855231	0.277802500301909	0.191355645365409	0.0966637826785357	0.0371240407155158	0.011732262232273	0.0031051122687502	0.000605472077976863	0.0001323436236015	1.9851543540225e-05	
0.114357543561551	0.255409037265746	0.275797264820514	0.194669143777086	0.101684941967518	0.0406574480253088	0.0129783836854511	0.00347103995662853	0.000803297818534031	0.000145453102944434	2.31402663775235e-05	3.30575233964622e-06	
0.108196613187792	0.24863060002968	0.275725097696506	0.199243161244579	0.104920276353323	0.0434926707009415	0.0146981713852293	0.00399690009398651	0.000903589625208172	0.000158293073029169	2.8031065015582e-05	6.5955447095487e-06	
0.101984922541629	0.242682462099246	0.273581310579074	0.203570540965951	0.109424239913843	0.0466141993206859	0.0163582139010852	0.00452655123850551	0.00101897108773093	0.000192196172645183	3.81078618175793e-05	8.28431778643029e-06	
0.0981832687864634	0.235292455495903	0.273061516214285	0.20583082625534	0.113548194072769	0.050193640609677	0.0174542492894304	0.0049299403287735	0.00123830261123947	0.000214417499127371	5.31888369928361e-05	
0.0943348850756537	0.228512888500535	0.269944575848729	0.209542127209391	0.118210290378361	0.0530103298833431	0.0191214158853552	0.00558928544525965	0.0013759786271349	0.00028959160887389	6.36097175561146e-05	5.02181980706168e-06	
0.0887207610445208	0.221147480938604	0.269687255326942	0.211841083903747	0.122671720582948	0.056633097103071	0.0209045300429112	0.00633755725139537	0.00159447026287757	0.000356193567681818	0.000102489658625429	3.36031667624357e-06	
0.0833253220939862	0.213690955057791	0.266430208612673	0.215918922884653	0.128441248943781	0.0598262488678854	0.0226642177572915	0.00724722009994654	0.00193281690354636	0.00038959921877767	0.000119746946031232	1.34926136373219e-05	
0.0797650973339154	0.207633325298727	0.26286478095023	0.217286651709938	0.132378844601166	0.0643555094080743	0.0246381477479786	0.00824586568947877	0.00229576227904131	0.000458478223127192	6.91088498096136e-05	6.742326810694e-06	1.6855817026735e-06	
0.0749408463381826	0.201898290967164	0.26080845297011	0.219033960667223	0.13646065462826	0.067503186488951	0.0269814587486125	0.00905819309703216	0.00264323246843319	0.000554171991475827	9.90792348396176e-05	1.00758543904696e-05	6.71723626031306e-06	1.67930906507826e-06	
0.0711970462822012	0.193957998671163	0.259333395009293	0.221834971951455	0.141551374673047	0.0698749379736083	0.0289131294101816	0.00973414857738791	0.00277373613342192	0.000654325867738707	0.000139611946072783	2.18669313126046e-05	1.00924298365867e-05	3.36414327886225e-06	
0.0681644677767053	0.187696529643817	0.256456261539548	0.224540688152226	0.144729894702149	0.0728122362088738	0.0307435420569234	0.0105953650112495	0.00318146811637582	0.000810500862628512	0.000225325965958964	2.6904592950324e-05	1.00892223563715e-05	6.72614823758101e-06	
0.0652625851802345	0.181193346118065	0.251171280700988	0.225999240976521	0.149675399914694	0.0773112432871762	0.0327505197295727	0.0116842596666342	0.00365909770244264	0.00104953467830503	0.000184718103381685	4.0302131646913e-05	1.51132993675924e-05	3.35851097057609e-06	
0.0618124840652485	0.176650755834863	0.246687682247125	0.226058194134661	0.154808960269071	0.0811469306502729	0.035050543765481	0.012138270587699	0.00414852285908699	0.00118529224545342	0.000261709826275329	3.2080559349879e-05	1.35076039367912e-05	5.06535147629669e-06	
0.0580255001934919	0.170384879118492	0.243180259754367	0.228673460381688	0.157811301283836	0.085650709809699	0.0367974038141663	0.0134612642827561	0.00445879980718704	0.00117792427338706	0.000327578364212828	3.05513500302119e-05	1.52756750151059e-05	5.09189167170198e-06	
0.0553276248600948	0.163749493959837	0.238997241018	0.229704812739625	0.16160456405703	0.0892433721495906	0.0401158024010968	0.0144991137918482	0.00507060748633266	0.00132165783860466	0.000295969709031158	5.61321861955645e-05	1.19068273748167e-05	1.70097533925953e-06	
0.0527004809809359	0.159570398505202	0.235617751919928	0.229133265212786	0.163559020900313	0.0927754249174988	0.0428921422778672	0.0162010156875613	0.00540827273608275	0.00168147806852746	0.000379140150941985	6.46068418645535e-05	1.7001800490672e-05	
0.0505688979759853	0.154020047934056	0.231876317208462	0.228955707775761	0.166404996844653	0.0962763505479757	0.0452175658412869	0.0180815831506181	0.00610147119108814	0.00188130112554878	0.000506896686630685	7.14418148942576e-05	3.2318916261688e-05	5.10298677816126e-06	
0.0483641221191954	0.14849327485679	0.228482779067033	0.229200104957898	0.170180030056125	0.098953487975846	0.0476893927776699	0.0191718549263761	0.00671492003775758	0.0020378189203649	0.000563978313244801	0.000120974200121997	2.55579296032387e-05	1.70386197354925e-06	
0.0448468998434601	0.144341089770619	0.224311318161876	0.229263579455541	0.173313781489366	0.103372693084417	0.0501764275093762	0.0205499212179046	0.00709636339116377	0.00194949410457278	0.000580409803462998	0.000172415853381655	2.21921395441735e-05	3.41417531448822e-06	
0.0426703513566203	0.137149814796447	0.220517065062367	0.230895646433934	0.175615036544782	0.107655764225446	0.0526795516808548	0.0221560224501592	0.00757060137286623	0.00222996706352328	0.000644706735389782	0.000174429939017925	3.2491851385692e-05	8.55048720676104e-06	
0.0401937850417676	0.133139023128851	0.216107311292483	0.229786658355396	0.180583478609323	0.11026019529203	0.0552807965120062	0.0228120408393927	0.00844941141817908	0.00248653128885205	0.000655882564483702	0.000208923427851205	3.08247680436205e-05	1.71248711353447e-06	3.42497422706894e-06	
0.0379869273884565	0.129286347715032	0.21183417162853	0.228683391483286	0.182220495033572	0.114154234902983	0.0576506277798131	0.0248458369998048	0.0091059744368471	0.00320994586747289	0.000766963065934856	0.000178044997449163	7.01908163020739e-05	3.42394225863775e-06	3.42394225863775e-06	
0.0371510391659236	0.124279785993552	0.207826325536731	0.228249537005282	0.183433363056451	0.117434323341793	0.0606986075862542	0.0261489128198093	0.0098326359832636	0.00348274915975033	0.00114033884354208	0.000255504492763564	5.65882433637424e-05	5.14438576034022e-06	3.42959050689348e-06	1.71479525344674e-06	
0.0356915199691272	0.120305764877353	0.20324371259342	0.224937375742102	0.186036254879868	0.12078815255855	0.0642385338170993	0.0283592272149347	0.010924358165962	0.00379363454998398	0.00129210986034877	0.000299769487600914	5.85756470024774e-05	2.41193840598436e-05	3.44562629426338e-06	3.44562629426338e-06	
0.03369805099156	0.117488358150328	0.198050130157861	0.224135109199947	0.187079312738931	0.124300326126843	0.06664151372472	0.0308089082761793	0.0118494475828195	0.00421397917818792	0.00125075588036158	0.000335946827369846	0.000117150688518716	2.58420636438343e-05	3.44560848584458e-06	1.72280424292229e-06	
0.0321938927181345	0.113140956950369	0.195163052119989	0.222811396019275	0.189469881850298	0.126153670660297	0.0690750585909144	0.0324272193685317	0.0128709893741315	0.00466653300794348	0.00145181026913797	0.000404432860688435	0.000133082608004314	3.80236022869468e-05	
0.0306695800119182	0.108994809524221	0.192208240851894	0.221490815189699	0.190185596213803	0.130110804998748	0.071398837540699	0.0338633203499469	0.013790601870644	0.00517320298128492	0.00150791525965333	0.000452547305875342	0.000119182305745796	3.45455958683467e-05	
0.02896166070616	0.105704265438923	0.187611489157761	0.219607904202806	0.191300255549154	0.132963418579825	0.0751041142202636	0.0360208384157683	0.0151530094070464	0.0052995738540515	0.00160042631896756	0.000505215659609219	0.000131494486747605	3.63340029171014e-05	
0.0276773132111098	0.102792027934163	0.183364803232144	0.218147140288644	0.191821760046649	0.135448411348601	0.0778584965255843	0.0377673495171916	0.0164140975890818	0.00601167625804391	0.00193505168236691	0.000564028517281834	0.000156192512478046	3.8180391939078e-05	3.47094472173436e-06	
0.0260485104929472	0.0990774013879062	0.180968048879951	0.215477489221246	0.194761717211501	0.136784742094128	0.0808938087951845	0.0392792786512703	0.0175283279947858	0.00629646540516613	0.00215575081820938	0.000568128348210396	0.000135932549571812	2.26554249286354e-05	1.74272499451042e-06	
0.024489595774564	0.095930426011089	0.176673940226052	0.216080754021765	0.195811690699768	0.13891155795439	0.0824387322291066	0.041951392075206	0.017628165837154	0.00684741987117744	0.00243600026619126	0.00061294039767573	0.000155861986837543	1.75125827907351e-05	1.40100662325881e-05	
0.0231361293880835	0.0908179145164633	0.174278005922793	0.214762719426128	0.195896551360732	0.142916360749377	0.0847019106803483	0.0437868637652241	0.0188679245283019	0.00728405166811282	0.0025099854916164	0.000804460010609036	0.00018442860505229	4.03986468209778e-05	1.22952403368193e-05	
0.022432552371564	0.0863378757395516	0.167839834136981	0.212776854952299	0.19736927499829	0.146003658949429	0.0891583890098209	0.0460420726562815	0.0203259376715681	0.00774588718999349	0.00283805377568149	0.000866500967358873	0.000196453660615777	5.9637718401218e-05	7.01620216484918e-06	
0.0212705847884887	0.083990645616397	0.163045999361726	0.210144030302343	0.198074364210589	0.148395332574147	0.0923893613941589	0.0484530563059253	0.0215478679713509	0.0085382293288875	0.0028460764429625	0.000957411744599518	0.000265075747138664	8.02202918972273e-05	1.74391938907016e-06	
0.0201054672976318	0.0815233234243182	0.15899343491383	0.206165699912198	0.199595377034243	0.150785768024312	0.0951806576956041	0.0508431972545686	0.0229734376718295	0.00911885406866022	0.00322406651317294	0.00110494537240848	0.000254853119070519	0.000113462005065642	1.74556930870219e-05	
0.0191994730655567	0.0773969999071558	0.155522738937968	0.204691608463884	0.199154242190141	0.153721912449702	0.0972603963570051	0.0533818925845539	0.0244600586144497	0.00998162386200204	0.00357712810217763	0.00126828635944006	0.000254007627235924	8.40852834987886e-05	4.37944184889524e-05	1.7517767395581e-06	
0.0179007949492811	0.0749016156211121	0.152475226734654	0.202613201092596	0.19861308210393	0.15642110089014	0.0993572862184877	0.055229989343515	0.0260130222596298	0.0107807231361213	0.0039948694886812	0.00126687932974384	0.000314969999107585	6.99933331350189e-05	2.9747166582383e-05	1.74983332837547e-05	
0.0171280850989502	0.0718485266632897	0.147228869364727	0.20009956157971	0.199364203245358	0.157551833155753	0.103641857784144	0.057578033571466	0.0276920927145377	0.0117709734327785	0.00435450909154425	0.00125761995423661	0.000333618626748878	0.000101308274091282	3.14404988559152e-05	1.39735550470734e-05	3.49338876176835e-06	
0.0160876241242659	0.068089526867504	0.14353644417862	0.197799603361979	0.199723332738726	0.159433444210099	0.106836934204958	0.0597685228906307	0.029177728110583	0.0128120376491327	0.00475860694011605	0.00140956897968892	0.000431964687324022	8.39445546216724e-05	3.14792079831271e-05	8.74422443975754e-06	1.0493069327709e-05	
0.0150820244328098	0.0654171029668412	0.139589877835951	0.194959860383944	0.200228621291449	0.162191972076789	0.109687609075044	0.0620069808027923	0.0297417102966841	0.0135270506108202	0.00528795811518325	0.00160732984293194	0.000509598603839442	0.000113438045375218	2.26876090750436e-05	1.91972076788831e-05	6.98080279232112e-06	
0.0148670982078329	0.0633345001314825	0.135435659789524	0.191422814560944	0.199593884584507	0.164861612515042	0.112094472337306	0.0644682099749051	0.0318797118182721	0.0139928703408618	0.00559366515679503	0.00181463234538618	0.000459753300558496	0.000156734079735851	1.21904284238995e-05	1.04489386490567e-05	1.74148977484279e-06	
0.0142752894512646	0.0613538917054231	0.131459406991522	0.187317565397131	0.199073686121702	0.167970768564685	0.115223600229047	0.0667989972207092	0.0335068644292678	0.0146523791567157	0.005703481794947	0.00190465216966243	0.000528973059035488	0.000192036424072289	2.79325707741512e-05	1.74578567338445e-06	8.72892836692225e-06	
0.0129124870770348	0.0596237670792702	0.129327446980916	0.185760638743748	0.198219075693649	0.168192391516947	0.117562309648216	0.0686279303696667	0.0351295090670318	0.0155599485875548	0.00590439799938529	0.00231216295509794	0.000646148257844589	0.000167649277711029	5.41367459275196e-05	
0.0122578785045912	0.0563111037332797	0.125870851061971	0.183906619953345	0.199561407340748	0.16843530758276	0.119672890255729	0.0716863101426737	0.0361515678377032	0.0163170448290624	0.00658413203211687	0.00226635330298715	0.00072166839948627	0.000183475016818543	6.2905720052072e-05	1.04842866753453e-05	
0.0119939373998026	0.0533470313561043	0.121745552809728	0.180829652135561	0.197568309262617	0.171536232086977	0.122361613799766	0.0746798933094376	0.0379787598972298	0.0171989526963169	0.00715995883592476	0.00247824534628928	0.000848834034569422	0.000187268539585419	4.90048514802965e-05	3.67536386102224e-05	
0.0109918800618195	0.0513655303893155	0.117688288294603	0.17808843268021	0.196709620216789	0.172258688544123	0.125045996628666	0.0767416513928655	0.0405208395392277	0.0183863856988158	0.00774495614111941	0.00309623020392715	0.000997031684230078	0.000255828868009827	4.2054060494766e-05	3.5045050412305e-05	3.15405453710745e-05	
0.0106242258278714	0.0486201996947988	0.114567838940661	0.174343125351498	0.196118933863143	0.173926145511948	0.127481949853794	0.0789335828204306	0.0422691412142523	0.0199992641532243	0.00817841130681131	0.00343745565209164	0.00101792137302	0.000345147178115216	8.23447582305338e-05	3.85443549164201e-05	1.57681451930809e-05	
0.00995442447095765	0.0478253936825063	0.110697195203793	0.171159679061365	0.195205545460758	0.174636105421228	0.129964727589403	0.0815330619711548	0.0442280633817008	0.0207359019872052	0.00889958139200737	0.0033835581153704	0.00115121578549889	0.000459084529377029	0.000117399478886492	2.97879274786622e-05	1.92745413097226e-05	
0.0093442051026723	0.0458181614180752	0.108175390554464	0.167994081419057	0.192609838238311	0.177425943230009	0.131614794348597	0.0844397070863436	0.0457988769422535	0.0217949639467959	0.00943361494511813	0.00371839756524727	0.00121141570843275	0.000455814883057186	0.000105188049936274	4.20752199745094e-05	8.7656708280228e-06	8.7656708280228e-06	
0.00920817100136885	0.0442648555684251	0.105998385455056	0.165234635498929	0.189556351128427	0.179177635042645	0.134233617633639	0.0859850479098663	0.0475343090800604	0.0228598504790987	0.0101189849426135	0.00381348496016286	0.00136534344178863	0.000466814081639816	0.000142150152679794	2.63241023481099e-05	1.0529640939244e-05	1.75494015654066e-06	1.75494015654066e-06	
0.00883187481563681	0.0436852972988159	0.103413703979436	0.161691786883173	0.190522678428453	0.177041339495161	0.136725499009706	0.0879886502507339	0.0492109255383405	0.0238004101642061	0.0107036001741793	0.00412622382042674	0.00154162745290837	0.000523240297228582	0.000177339832282171	1.58025593122726e-05	
0.00827211351012708	0.0423125518428946	0.10123232966656	0.159481868549169	0.189446624130702	0.177998313027835	0.137353483667519	0.0895250228371232	0.0512409045250753	0.0255005792404425	0.0108883203427143	0.00440117738057322	0.00162222323331665	0.000551240904525075	0.000145247603414544	2.79995380076229e-05	
0.00786307518071615	0.0399969938899065	0.0976845961326044	0.15704478404944	0.18844989583479	0.177411179933166	0.141355336194964	0.0909156052068623	0.0536485787391116	0.02703052250388	0.0117850002097286	0.00449518323289663	0.00157995553753443	0.000550537604339984	0.000131080381985711	5.76753680737126e-05	
0.00749032296345937	0.038200298077158	0.0944004076746142	0.152802937491056	0.186411660610884	0.179261648220088	0.14253951965599	0.0955836413580312	0.0552943599194424	0.027973529072994	0.0124291892231495	0.00512734596147335	0.00170853359301648	0.000542751733838738	0.000150085688457014	8.20235739241823e-05	1.74518242391877e-06	
0.00679473695208509	0.0363871920427396	0.0911090292337376	0.149957859396658	0.185375121023634	0.178522919612446	0.144146983638301	0.0982224327317559	0.0581192056670405	0.0291693077099891	0.0134327526520719	0.00582480653632102	0.00202170415206837	0.000649522522585274	0.000200254933236747	5.74644591027186e-05	8.70673622768464e-06	
0.00645416570493408	0.0347247651492407	0.0889248321378925	0.147600643507567	0.183356270294004	0.179784699167154	0.144627805149796	0.10027992926276	0.0598593932494182	0.0309831192068266	0.0139305157605555	0.00597865040427478	0.00246608482568199	0.000751453011625828	0.000197842132391096	6.94182920670511e-05	1.04127438100577e-05	
0.00616640641500158	0.0325026054019244	0.0859072857771022	0.144739165509672	0.180595035713915	0.179035256887436	0.148121860101169	0.102836339211212	0.0622180366522057	0.0326913022854828	0.0151165246535075	0.0063343293297279	0.0025188437208948	0.000875969019087815	0.000270061594817587	5.71284142883358e-05	1.38493125547481e-05	
0.00608120007873445	0.0312589569067031	0.0819684302492222	0.141654666569975	0.179200292836892	0.179079428553669	0.148683787955702	0.105776967411536	0.0642669926549048	0.0347433015287605	0.0163736571114818	0.00702394148787386	0.00259167555882465	0.000909935389407454	0.000271081320943018	0.000100144691813344	1.55396935572431e-05	
0.00580235063392537	0.0304394663425683	0.0809048973841947	0.137094992127724	0.178094702096511	0.180554788277215	0.149773499433749	0.106362041819739	0.0666691986851918	0.0354735795376074	0.0173276385934867	0.00722315830179819	0.00292275502030218	0.000968497085876861	0.000255503687539707	0.000107035328563931	2.58956440074027e-05	
