# <P(N_1)> as a function of N_tot.
# number_of_species: 2
# species_total_upper_bound: 100
# species_total_lower_bound: 0
# volume: 512
# Bin widths for each species index 
1	1	1	1	1	1	1	1	1	1	1	1	1	1	1	1	1	1	1	1	1	1	1	1	1	1	1	1	1	1	1	1	1	1	1	1	1	1	1	1	1	1	1	1	1	1	1	1	1	1	1	1	1	1	1	1	1	1	1	1	1	1	1	1	1	1	1	1	1	1	1	1	1	1	1	1	1	1	1	1	1	1	1	1	1	1	1	1	1	1	1	1	1	1	1	1	1	1	1	1	1	
# Bin lower bound for each species index 
0	0	0	0	1	1	2	3	3	4	5	5	6	7	8	9	10	11	11	13	14	15	15	16	17	18	18	19	20	21	22	22	23	24	25	25	26	27	28	29	30	31	32	34	34	35	36	37	37	39	40	40	40	41	42	43	44	45	45	46	47	48	48	49	49	50	51	54	55	56	57	58	59	60	61	62	62	63	64	66	67	67	68	69	70	70	71	71	72	73	75	76	77	78	79	80	80	81	82	83	84	
# Bin upper bound for each species index 
0	1	2	3	4	5	6	7	8	9	10	11	12	13	14	15	16	17	18	19	20	21	22	23	24	25	26	27	28	29	30	31	32	33	34	35	36	37	38	39	40	41	42	43	44	45	46	47	48	49	50	51	52	53	54	55	56	57	58	59	60	61	62	63	64	65	66	67	68	69	70	71	72	73	74	75	76	77	78	79	80	81	82	83	84	85	86	87	88	89	90	91	92	93	94	95	96	97	98	99	100	
# Normalized histogram for each species index 
1	
0.049359138923153	0.950640861076847	
0.00267779142347087	0.0937037083929453	0.903618500183584	
0.00015770582186812	0.00678765857320389	0.13479432006712	0.858260315537808	
0.000535069055382795	0.0126716942174772	0.169862392828816	0.816930843898324	
1.26309673426339e-05	0.00114310254450837	0.020822149664332	0.203061746483854	0.774960370339962	
1.27065610327893e-05	0.00209022928989384	0.0298985381101532	0.232040864300281	0.735957661738639	
0.000153550863723608	0.00379398592450416	0.0384580934101088	0.255777351247601	0.701817018554063	
6.45190427954811e-06	0.000232268554063732	0.00496796629525204	0.0489118863432542	0.281206248024104	0.664675178879046	
5.80083789880761e-05	0.000779890428617467	0.00743796326135997	0.0631066709635836	0.300315823396713	0.628301643570738	
0.000116599190283401	0.00110121457489879	0.0101246963562753	0.0755368421052632	0.317421862348178	0.595698785425101	
1.28521488792926e-05	5.78346699568168e-05	0.001471571046679	0.0138738947151964	0.087317499485914	0.325352148879293	0.571914199054082	
3.81218628883665e-05	0.000108011944850372	0.00250333566300273	0.0176504225173137	0.0991422580850118	0.339043141241502	0.541514708685431	
6.29057420361331e-06	0.000289366413366212	0.00323964571486085	0.0224384781842887	0.110927985506517	0.349183483468371	0.513914750138393	
6.32575086662787e-06	0.000347916297664533	0.00436476809797323	0.026245540345639	0.12223248399585	0.360213557349257	0.486589408162749	
1.89514778994182e-05	0.00059381297418177	0.00532536528973651	0.0295390368858932	0.135244063449548	0.365555057201877	0.463723712720864	
6.95907431658727e-05	0.000803456762005985	0.00618092327936887	0.035434341133823	0.145488938235052	0.372860875451549	0.439161874395035	
0.000157549785732291	0.000907486765817999	0.00766952356944795	0.0412213259389967	0.157316612049408	0.373103100579783	0.419624401310814	
1.2493987268627e-05	0.000256126739006853	0.00149303147860092	0.00907063475702318	0.0474833986144168	0.172035957695359	0.375569257294927	0.394079099433398	
0.000268382651246107	0.00193485167177426	0.0109287912170217	0.0544379880039196	0.183086899805891	0.376391064730151	0.372952021919997	
0.000435123139848577	0.00206994293670823	0.0135261136044358	0.0625023310168206	0.190876089361861	0.375337220433383	0.355253179506943	
0.000455123569166313	0.00261851916506646	0.0174692635726577	0.0665789670565351	0.198907703434001	0.371960647397691	0.342009775804883	
1.84228787590349e-05	0.000472853888148562	0.00335296393414435	0.0187422086575248	0.07323708402675	0.205022076749713	0.374911723705946	0.324242666159014	
6.74921156937576e-05	0.000766955860156336	0.00479194021425679	0.0210882183308586	0.080450601906959	0.216796946902112	0.372096305113448	0.303941539556515	
0.000211721921936882	0.000859341918449697	0.00501282785762323	0.023065235260418	0.0881261364485516	0.223572122449996	0.369025082820634	0.29012753132239	
0.000250341089734764	0.00133932483008099	0.0062960784068293	0.026486087293938	0.0954300234068919	0.231853400257851	0.362393761500044	0.27595098321463	
3.74932043567103e-05	0.000237456960925832	0.00174968286997982	0.00774859556705347	0.0304444819376488	0.0998943941410619	0.236250929519025	0.360403426878878	0.263233538921071	
1.87484766862692e-05	0.000231231212463987	0.00176235680850931	0.00933049189753333	0.0332597976414416	0.107941229775081	0.242405304569004	0.355339878634861	0.24971096098442	
6.26813842556899e-06	0.000231921121746053	0.00222518914107699	0.0100164852040592	0.0377404614603509	0.114832295956424	0.249540858860327	0.348138676294527	0.237267843823063	
2.48382409557755e-05	0.00038499273481452	0.00264527266179009	0.0113634952372673	0.0429018516908633	0.121278921026813	0.253312800387477	0.34183629115386	0.226251536866159	
5.60632393339687e-05	0.000479652158746177	0.00290905919655149	0.0132558414780762	0.0454361408557742	0.129350351641096	0.256501778450537	0.338734092055839	0.213277020924047	
6.22320133923293e-06	7.46784160707951e-05	0.000597427328566361	0.00346632314595274	0.014319586281575	0.0503145828276982	0.135043469061355	0.261386902650461	0.333712948615027	0.201077858471955	
1.24396676120814e-05	0.000199034681793302	0.000808578394785291	0.00379409862168483	0.016501219087426	0.0535776484052346	0.140443847340399	0.266221326566154	0.326056127780266	0.192385679454645	
4.98917971648986e-05	0.000199567188659595	0.00106643716439971	0.00489563259680568	0.018516093222823	0.0570949253805809	0.147891759746051	0.270806438536424	0.318565361372523	0.180913892994568	
6.27140115644637e-05	0.000288484453196533	0.00119156621972481	0.00560663263386306	0.0205137531827361	0.0616980445771194	0.154621395512185	0.273420547618749	0.313977698897488	0.168619162893374	
1.25506733436249e-05	0.000138057406779874	0.000225912120185248	0.00143077676117324	0.00610590258167351	0.0219636783513435	0.0673594638352348	0.160974936305333	0.275035455652196	0.302421024887985	0.164332241424752	
5.04229222604596e-05	7.56343833906894e-05	0.000189085958476724	0.00141184182329287	0.00637849966594814	0.0238626479597625	0.0727791854176909	0.168589040577847	0.271357259009946	0.298238979440053	0.157067402841332	
3.78663570040138e-05	9.46658925100346e-05	0.000252442380026759	0.00133163355464115	0.00728927372327266	0.0275225304824174	0.0766541286951253	0.171938505036225	0.277181733269381	0.290535935172797	0.147161285436599	
3.82414052441714e-05	8.2856378029038e-05	0.000261316269168504	0.00152965620976685	0.00847047126158396	0.0294012670652271	0.0829073665693635	0.175088273910439	0.277396780073678	0.283470789939961	0.141352980917539	
6.36023074917158e-06	0.000114484153485088	0.00036253315270278	0.00195259083999567	0.00984563719971761	0.0314513410546535	0.0862065675742716	0.18180719596507	0.280110922424266	0.275646040438347	0.132496326966742	
1.26806999746386e-05	0.000158508749682982	0.000621354298757291	0.002561501394877	0.0103284301293431	0.035385493279229	0.091700481866599	0.189398934821202	0.278081410093837	0.265197818919604	0.126553385746893	
1.91646756698054e-05	8.30469279024901e-05	0.000485505116968404	0.0033027124404298	0.0117671108612605	0.0378949520244286	0.0980848100780641	0.19234307324739	0.277881408986955	0.259036144578313	0.119102071062617	
1.2785925253481e-05	7.03225888941453e-05	0.000895014767743668	0.00333712649115853	0.0133037552262469	0.0420465151960722	0.102332152766235	0.19546483231259	0.277454578000537	0.253468182225007	0.111614734500262	
0.000152835090936879	0.00108895002292526	0.00414565184166285	0.0153217178664221	0.0442393906974375	0.102870752458098	0.198984920271028	0.278707524580977	0.249363187121096	0.105125070049417	
3.83928742825332e-05	0.000166369121890977	0.000895833733259107	0.00493988315768593	0.0168928646843146	0.0460266574523768	0.107199303809213	0.204634019925902	0.274502652307732	0.243327638390315	0.101376384543029	
2.5655004329282e-05	0.000282205047622102	0.00139178398486355	0.00534265465157297	0.0169964403681493	0.0491357470416573	0.113651669178719	0.206073822274958	0.271513324567874	0.237077895006895	0.0985088028733605	
5.78737195439551e-05	0.000385824796959701	0.00170405951990534	0.0060574493122673	0.0184038428149777	0.0522471079216261	0.119560674164529	0.210563882940757	0.268000334381491	0.229218511873758	0.0938004385541859	
0.00010257462303826	0.000442353061852498	0.00217329982562314	0.00625705200533388	0.0206751974561494	0.0580508257257155	0.122820289260437	0.210034362498718	0.268931428864499	0.221971484254795	0.0885411324238383	
6.40295047958099e-06	8.96413067141339e-05	0.000505833087886898	0.00247153888511826	0.00713288683425322	0.0219941348973607	0.060834432506499	0.128763334144374	0.214793376788024	0.264646749222042	0.214966256450973	0.0837954129262764	
8.27150910502271e-05	0.000687171525648041	0.00265324561291882	0.00853874247610806	0.0252026519730731	0.0651158647544634	0.133203110087423	0.216210885305982	0.261328786124225	0.206806815723503	0.0801700113256048	
0.000190208087647887	0.000703769924297181	0.00317013479413145	0.00935823791227603	0.0276752767527675	0.0675111905758233	0.136784976097184	0.217084490432533	0.258080673590241	0.203383167852297	0.0760578739808017	
2.5405374506977e-05	0.00025405374506977	0.000666891080808145	0.0032010771878791	0.00977471784155938	0.0289176675325665	0.0690200511918296	0.141622260189143	0.220861623276404	0.256397390868038	0.196383544938932	0.0728753167732634	
1.90062277072788e-05	4.43478646503171e-05	0.000247080960194624	0.000798261563705708	0.0032754065748877	0.010909574703978	0.0306190328364261	0.0718372053242779	0.145169567228195	0.220693980727685	0.259251281336518	0.187597802880077	0.0695374517716972	
3.15206838727573e-05	4.41289574218602e-05	0.000208036513560198	0.00116626530329202	0.00403464753571293	0.0119211226406768	0.0316593748817974	0.075277697224919	0.146703566880587	0.225492668288931	0.25291566325823	0.185221842573096	0.0653234652579022	
3.77974184363208e-05	1.88987092181604e-05	0.000365375044884434	0.0012410152386592	0.00492626353620048	0.0118494906797866	0.0334255170371864	0.0789210096950378	0.151718837603392	0.226910502012713	0.24789436881461	0.181181925274504	0.0615089989353727	
1.88204590937322e-05	2.50939454583095e-05	0.000338768263687179	0.00141153443202991	0.00472393523252677	0.0128920144792065	0.0350876092370813	0.0848049886763571	0.156134528641602	0.228806594688866	0.244308379495737	0.172828275857742	0.0586194565906111	
6.27022146422212e-06	1.88106643926663e-05	0.00023826841564044	0.00132301672895087	0.00482180030598681	0.0136502721276115	0.0391700734869956	0.0885229866318878	0.159401570063455	0.228856813222643	0.238293496526297	0.167389832208874	0.0583067893958015	
1.8754688672168e-05	1.8754688672168e-05	0.000306326581645411	0.00146286571642911	0.00517004251062766	0.0153350837709427	0.0423043260815204	0.091185296324081	0.162303075768942	0.228532133033258	0.237478119529882	0.161915478869717	0.0539697424356089	
1.86362026873404e-05	3.72724053746809e-05	4.34844729371277e-05	0.000459692999621064	0.00173937891748511	0.00525540915783	0.0174993943234127	0.0450809743006765	0.0942681252601303	0.165992657336141	0.227926970933736	0.233797374780248	0.157003795573281	0.0508768333364394	
6.19736116361653e-06	1.85920834908496e-05	9.2960417454248e-05	0.000619736116361653	0.00167948487534008	0.00663737380623331	0.0193915430809561	0.0458914594165804	0.0975216752706698	0.169758116993784	0.228868547772359	0.229153626385885	0.151190822947589	0.0491698634721336	
6.19805257188191e-06	1.23961051437638e-05	0.000223129892587749	0.000514438363466199	0.00179743524584576	0.00731990008739254	0.0207200897478012	0.0481216801680912	0.102218283015477	0.171580689347407	0.228689545744727	0.225751668825655	0.14738349210678	0.0456610532970541	
1.86079977174189e-05	6.20266590580632e-05	0.000155066647645158	0.000583050595145794	0.00225156772380769	0.00774712971635209	0.0202517041824576	0.0508122391003653	0.105513549723671	0.175944821084102	0.231402856947916	0.224294601819862	0.137376644481798	0.043586133320101	
1.24109514235361e-05	6.20547571176806e-06	1.24109514235361e-05	0.00022339712562365	0.000757068036835704	0.00269938193461911	0.00799265271675727	0.0220480552039119	0.0551170352719239	0.10964455035123	0.180126343485492	0.230036984635242	0.2179921562787	0.132859234988954	0.0404721125921513	
1.24154970233846e-05	0	8.07007306519998e-05	0.000285556431537846	0.00104290174996431	0.00329631445970861	0.00905710507855906	0.0250482652446784	0.056447057216818	0.113595590015457	0.180732390169409	0.229773603411779	0.213658288275425	0.128990806324454	0.0379790053945335	
6.2409116723771e-06	1.24818233447542e-05	0	6.2409116723771e-05	0.000262118290239838	0.0013355550978887	0.00357604238827208	0.00948618574201319	0.0259434698220716	0.0604993977520236	0.117478921320827	0.182733893767202	0.228785580997672	0.208003345128656	0.124281515043718	0.0375328427976759	
1.26149537661944e-05	1.26149537661944e-05	1.89224306492917e-05	8.19971994802639e-05	0.000201839260259111	0.001362415006749	0.00355110948518374	0.0106344060249019	0.0281439618523798	0.0639956604559044	0.121500927199102	0.1869914596763	0.224338030301119	0.203674736032092	0.119873598163263	0.0356057070050838	
6.31317116900991e-06	1.26263423380198e-05	8.83843963661387e-05	0.000202021477408317	0.000340911243126535	0.00125000789146396	0.00433083542194079	0.0110480495457673	0.0312880763136131	0.0666228953465615	0.12331517244427	0.188328209142734	0.224426921887133	0.197551752220658	0.117652257905669	0.0335355652497806	
0.000107189245766025	0.000201767992030164	0.000447672732316927	0.00140607069446021	0.00462174806744095	0.0130518669844513	0.031879342740766	0.068481317544988	0.126785961991954	0.189838459501381	0.222367242966494	0.197083191465214	0.111672278338945	0.0320558897337924	
7.6022984282248e-05	0.000145710719874309	0.000544831387356111	0.00158381217254683	0.00502385221131856	0.0139692233618631	0.0327912472204096	0.0719050726336262	0.130271718816322	0.189880073742295	0.221898420622502	0.192680253663358	0.107483829277718	0.0317459311865287	
6.42578539161949e-05	0.000154218849398868	0.00050121126054632	0.0014843564254641	0.00518560881103693	0.0149206736793405	0.036055081832377	0.0762740725985234	0.131934225660731	0.192323756771171	0.219222094420491	0.186579104631064	0.10578127911684	0.0295200580890999	
3.85148667385611e-05	0.000205412622605659	0.000596980434447697	0.00199635392594875	0.00567452369948133	0.0166833564422534	0.0376611205258563	0.0780824731679762	0.134050993683562	0.193986545473219	0.218186720073949	0.183741590920762	0.102006624557079	0.0270887896061213	
1.93053919959845e-05	0.000205924181290501	0.000566291498548878	0.00217507416488092	0.00611337413206175	0.0175872121083419	0.0389196702639047	0.0822087942495672	0.136984626472841	0.196625417479102	0.214058186451476	0.181798876426186	0.0969516786038341	0.0257855685759699	
1.2913556651773e-05	0.000238900798057801	0.000619850719285105	0.00249231643379219	0.0062243343061546	0.0174526718148713	0.0421563056897131	0.0842093029262119	0.139582633849015	0.197758206565252	0.215604741858003	0.176270048296702	0.0942302228879878	0.0231475502983032	
3.23582707740098e-05	0.000304167745275692	0.000783070152731038	0.00245275692466995	0.00720942272844939	0.0192920010354647	0.0445249805850375	0.0857300025886617	0.143327724566399	0.196485891793943	0.216095003882992	0.173052032099405	0.0883121925964276	0.0223983950297696	
1.9363583553863e-05	0.000258181114051507	0.000922997482734138	0.00303362809010521	0.00778416058865294	0.0205705802620538	0.0477247789324211	0.087458852384948	0.147356870844898	0.199696637190989	0.210708061705286	0.166268637449171	0.0857096753372491	0.0224875750338863	
3.20938681455521e-05	0.000372288870488404	0.00091788462896279	0.00315161785189322	0.00852413137945864	0.0219842996797032	0.0489559864692252	0.0918077192171664	0.149050342441573	0.199444134203719	0.209836128709249	0.16191356479431	0.0828599487781864	0.0211498591079188	
6.41284621353495e-06	8.97798469894894e-05	0.000282165233395538	0.00117996370329043	0.0034308727242412	0.00868940661933986	0.0236377511430898	0.0516683019424511	0.0940956924911984	0.151420124793987	0.199824288013749	0.205967794686316	0.159506723869255	0.0807120824435509	0.0194886396429327	
6.45215405163014e-06	0.000116138772929342	0.000290346932323356	0.00129043081032603	0.00346480672572538	0.00962016169098053	0.0245375418583494	0.0537077303257693	0.0974855955660797	0.154677489079729	0.200287766070703	0.202339551059121	0.156129223741346	0.0773484227709421	0.0186983424416241	
6.44404634558132e-06	5.15523707646505e-05	0.000238429714786509	0.00104393550798417	0.00383420757562088	0.0105102395896431	0.0264592542949569	0.0571264708535784	0.102415228570324	0.154682888479334	0.195460813754173	0.201350672114034	0.154496011135312	0.0750538077869856	0.0172700442061579	
0.0001092552008689	0.0002442175078246	0.0010090039139069	0.00438948836432111	0.011311126678192	0.0274808964067892	0.0601032140309385	0.10543769561501	0.154062686778193	0.197289185663147	0.199506423563133	0.14993026947474	0.0724619052821676	0.0166646315207681	
0.000104050152173348	0.000364175532606716	0.00112504227037432	0.00490986655567984	0.0126616028925942	0.0293551491819057	0.059432146294514	0.108218661394792	0.157356345758656	0.201662201180969	0.199366594698645	0.144187498374216	0.0661433811096949	0.0151132846031787	
6.56935265598928e-06	0.000111678995151818	0.000374453101391389	0.00182628003836502	0.00561022716821484	0.0134211874761861	0.0299693868166231	0.0620541051884747	0.109780452234237	0.161606075337336	0.204576211060162	0.194472546675251	0.138350566935134	0.0626190695168898	0.0152211901039272	
6.5635747853711e-06	7.21993226390821e-05	0.000420068786263751	0.0019756360103967	0.0057234372128436	0.0142101394103284	0.0320105542282549	0.0657473286250624	0.110996613195411	0.164955761505947	0.201646144556171	0.189083462416971	0.134310430833049	0.0638438919373047	0.014997768384573	
4.62348333234259e-05	0.000118889571403095	0.000561422976070171	0.00189562816626046	0.00591805866539851	0.0149272461872775	0.0343789010640617	0.0669942734856441	0.11428590299932	0.168618437130534	0.198083235909935	0.184886493484191	0.1318683496146	0.0628133235579686	0.0146036023540135	
5.996242354791e-05	0.00017988727064373	0.000852798912681386	0.00245179687395899	0.00573640518608339	0.016423041560622	0.0355643796554159	0.0687302623689155	0.116613588817674	0.169400509014351	0.197796047810039	0.184890801764228	0.128093061681346	0.060148973310059	0.0130584833504337	
6.75766995539938e-06	8.78497094201919e-05	0.000277064468171374	0.000939316123800514	0.00235842681443438	0.00659548587646979	0.0171982700364914	0.0362751723205839	0.0723138261927287	0.120151371807001	0.170239221516421	0.197283416677929	0.184241113664009	0.124003243681579	0.0556561697526693	0.0123732936883363	
6.13258652057483e-05	3.40699251143046e-05	0.000272559400914437	0.000953957903200529	0.00263701220384718	0.00756352337537562	0.0178185708347813	0.037183916269752	0.0743269486293669	0.12356480440456	0.170404137451706	0.197285308366892	0.180366183555129	0.121261677466833	0.0542052508568586	0.0120607534904638	
9.61063210500302e-05	2.74589488714372e-05	8.92415838321709e-05	0.000274589488714372	0.000919874787193146	0.00362458125102971	0.00843676204074908	0.0177659399198199	0.0393898621560767	0.0770841342193421	0.125130430007139	0.171831237300236	0.195583228074029	0.177700587621506	0.119487616014059	0.0513345049151518	0.0112238453512	
4.15003769617574e-05	1.38334589872525e-05	6.91672949362623e-05	0.000304336097719554	0.00107900980100569	0.0039010354344052	0.00766373627893787	0.0202798508753121	0.0414865435027702	0.0789544671697435	0.128229248082337	0.176259017686077	0.195280023793549	0.17403183078913	0.113448197154457	0.0479951859562724	0.0109630162473976	
2.75938189845475e-05	1.37969094922737e-05	9.65783664459161e-05	0.000544977924944812	0.00126931567328918	0.00362168874172185	0.00859547461368653	0.0211299668874172	0.0438396799116998	0.079739238410596	0.13207091611479	0.178138796909492	0.193425772626932	0.170198675496689	0.110692604856512	0.0465438741721854	0.0100510485651214	
2.05414732344604e-05	0.000136943154896403	0.000623091354778631	0.00123933555181244	0.00374539528641661	0.00889445791052134	0.0220341536228312	0.0448488832285718	0.0835284773290607	0.134039960012599	0.179724196486039	0.193356887555976	0.166851539925777	0.107527765224655	0.0436506306232283	0.00977774125960314	
3.40434803330814e-05	0.00018383479379864	0.000605973949928849	0.00118471311559123	0.00379244370910527	0.00976367015952775	0.0226389144214991	0.0466395680563215	0.0851087008327035	0.135499860421731	0.182588802418449	0.189009402809268	0.165247053536777	0.104118580250696	0.0434939504735448	0.0100904875707253	
1.36595227362756e-05	0.000259530931989236	0.000648827329973091	0.00161182368288052	0.00387247469573413	0.0103129396658881	0.0234260814927126	0.048969389009548	0.0890054501495718	0.138514390307203	0.175798057615867	0.192770014615689	0.161400920651832	0.100670682566351	0.0434646013468289	0.00926115641519485	
2.72023720468425e-05	0.000197217197339608	0.000700461080206194	0.00172055003196279	0.00436598071351822	0.0102892972267182	0.025475021421868	0.050950042843736	0.0901690627422711	0.138303660079159	0.179386042462903	0.191531901581818	0.158963861648736	0.0980373488568203	0.0418848523591257	0.00799749738177169	
5.48234342769817e-05	0.000178176161400191	0.000664734140608403	0.00163099716974021	0.00417343393433523	0.0116157151374355	0.0266373361293285	0.0536652892278805	0.0911850770611898	0.144398072956285	0.178786072106522	0.189524612295526	0.155040672135304	0.0949815998848708	0.0395688136894115	0.00789457453588536	
0.000102720026296327	0.000191744049086477	0.000698496178815022	0.00161612841372887	0.0049784972744953	0.011771715013559	0.0278987591420823	0.0559413263209795	0.0968718327991892	0.144691429041006	0.179581997972991	0.188272112197661	0.149409702248884	0.0933656559016079	0.037239433533295	0.00736844988632317	
1.36516907619009e-05	3.41292269047522e-05	0.000334466423666571	0.000716713764999795	0.00202727607814228	0.0055767156762365	0.0131807074306153	0.0286685505999918	0.0585521016777928	0.0998962471502095	0.144899045746816	0.180611868779948	0.184721027699281	0.147752249116053	0.0899032095124981	0.0363954075712277	0.00671663185485522	
2.06198321545663e-05	0.00016495865723653	0.000247437985854795	0.00090039933741606	0.0026049721288602	0.00614470998206075	0.0143651497343478	0.031376511261865	0.0601617969496395	0.100604161082129	0.145754720223244	0.182478641290527	0.183069743145624	0.144572516513049	0.0867476338742603	0.0342083015444254	0.00657772645730664	
4.12765459786325e-05	3.43971216488604e-05	0.0002958152461802	0.00095623998183832	0.00266921663995157	0.00739538115450499	0.016029058688369	0.0333376903020755	0.0622312724871183	0.101836118353616	0.150707548792317	0.179167727244584	0.177970707411204	0.143002593542972	0.0854424501757693	0.0326703861420876	0.00621212016978419	
2.06786740834178e-05	9.65004790559496e-05	0.000296394328528988	0.000799575397892154	0.00293637171984532	0.00753393025772521	0.0163361525259	0.0345402786106688	0.0636282801546765	0.106653708030908	0.150754426959477	0.177202451112168	0.177181772438085	0.142103848301247	0.081274082039193	0.0323896965059934	0.00625185246455331	
5.56672766872404e-05	0.000160043420475816	0.000208752287577151	0.00116901281043205	0.00312432590407137	0.00732024688437211	0.0159556331804803	0.0346667965569789	0.0684359582773761	0.107062089888735	0.151282782807162	0.17648614232731	0.178469289059293	0.136823207687651	0.0806758007389831	0.0321617691060531	0.00594248178636291	
