# <P(N_1)> as a function of N_tot.
# number_of_species: 2
# species_total_upper_bound: 100
# species_total_lower_bound: 0
# volume: 512
# Bin widths for each species index 
1	1	1	1	1	1	1	1	1	1	1	1	1	1	1	1	1	1	1	1	1	1	1	1	1	1	1	1	1	1	1	1	1	1	1	1	1	1	1	1	1	1	1	1	1	1	1	1	1	1	1	1	1	1	1	1	1	1	1	1	1	1	1	1	1	1	1	1	1	1	1	1	1	1	1	1	1	1	1	1	1	1	1	1	1	1	1	1	1	1	1	1	1	1	1	1	1	1	1	1	1	
# Bin lower bound for each species index 
0	0	0	0	1	1	2	3	3	4	5	5	6	7	8	9	10	11	11	12	13	15	15	16	17	18	18	19	20	21	22	22	23	24	24	25	26	27	28	29	30	31	32	34	34	35	36	37	37	38	40	40	40	41	41	42	44	45	45	46	47	48	48	49	49	50	51	54	55	56	57	58	59	60	60	62	62	63	64	65	67	67	67	68	70	70	71	71	72	73	75	76	77	78	79	80	80	81	82	83	84	
# Bin upper bound for each species index 
0	1	2	3	4	5	6	7	8	9	10	11	12	13	14	15	16	17	18	19	20	21	22	23	24	25	26	27	28	29	30	31	32	33	34	35	36	37	38	39	40	41	42	43	44	45	46	47	48	49	50	51	52	53	54	55	56	57	58	59	60	61	62	63	64	65	66	67	68	69	70	71	72	73	74	75	76	77	78	79	80	81	82	83	84	85	86	87	88	89	90	91	92	93	94	95	96	97	98	99	100	
# Normalized histogram for each species index 
1	
0.0502854796518316	0.949714520348168	
0.00250059580340977	0.0942614349791736	0.903237969217417	
0.00012732725935148	0.00692518816139437	0.134754682813649	0.858192801765605	
0.000523452807899893	0.0128245937935474	0.168951467436284	0.817700485962269	
6.00647285780912e-05	0.00124015998417118	0.0210297214409882	0.200934183190356	0.776735870655907	
0.000109954032120765	0.0021458770784859	0.0300812950456841	0.230907014357868	0.736755859485841	
0.000178199754797137	0.00390613862515325	0.0393465058592079	0.256336783280586	0.700232372480255	
3.59776938298255e-06	0.000241050548659831	0.00531390537866523	0.0507861126101817	0.279787731606404	0.663867602086706	
3.2225146355873e-05	0.000662405786204057	0.007784163130852	0.0637950480691766	0.299876470272302	0.627849687595109	
7.92353072529119e-05	0.000911206033408487	0.0102645738941272	0.0758353922507869	0.316980846665274	0.59592874584915	
7.1799106101129e-06	6.82091507960726e-05	0.00134264328409111	0.0135161817235375	0.0862558561145914	0.327278275385471	0.571531654430902	
2.85034275371613e-05	9.61990679379195e-05	0.00223751906166717	0.0177006285005772	0.0982370630068266	0.340804794276512	0.540895292658942	
7.05997804346828e-06	0.000254159209564858	0.00297225075630015	0.022320120584425	0.110788705447126	0.350044301362223	0.513613402662318	
3.54323454795414e-06	0.00035078022024746	0.00418101676658588	0.0262766274076279	0.123088424961379	0.360531201723429	0.485568405686183	
1.06065909356074e-05	0.000586898031770275	0.00509116364909155	0.0307944690163801	0.136277015870996	0.364806624169592	0.462433222671235	
4.96756887179414e-05	0.000748683594248975	0.00636203641937636	0.0366003377946833	0.14623458279518	0.37210639113218	0.437898292575613	
0.000127478302130658	0.000874642795174238	0.00789657260420466	0.0422236465168324	0.157464031642947	0.373621198225219	0.417792429913492	
7.03888278852381e-06	0.000193569276684405	0.00137258214376214	0.00897809499676211	0.0478010530168652	0.172044373117099	0.375028155531154	0.394575133034885	
3.50212403822919e-06	0.000234642310561355	0.00188064060852907	0.0110141801002308	0.0545665946396489	0.181609646250451	0.376860065629804	0.373830728336736	
3.48491554307181e-06	0.000421674780711689	0.00220246662322139	0.0132879829657328	0.0614111817000115	0.19082003547644	0.376569518837711	0.355283654700628	
0.000425834915670725	0.00285518820507093	0.0168484027700212	0.0668386295096616	0.197971350385346	0.374246062772255	0.340814531441975	
1.73263381130925e-05	0.000557908087241578	0.00349992029884468	0.018802542120328	0.0729092307798931	0.205563140641352	0.375149872824678	0.32350005890955	
9.01472520690528e-05	0.000735046824563046	0.00485755000572088	0.0215625292545169	0.0799502109792419	0.214605935156388	0.37251965036735	0.30567893016015	
0.000153935501025071	0.000965595415520897	0.0051778304890251	0.0233877005534681	0.0868441123169392	0.223272948634522	0.369301762561487	0.290896114528013	
0.000245522717866337	0.00123462852412787	0.00612754554446416	0.0265410058013511	0.0949471424663108	0.2334675524191	0.363499891268511	0.273936711258269	
2.10550695343671e-05	0.000210550695343671	0.00152298336298589	0.00725698063284521	0.0304245754771605	0.10037653482684	0.239076805384483	0.359641642716525	0.261468871834283	
1.41315292081044e-05	0.000194308526611436	0.00164985603504619	0.00880747557895109	0.0337884863365777	0.108258112380986	0.242334528625179	0.355990885163661	0.24896221582378	
7.10083541328637e-06	0.000227226733225164	0.00203438934590655	0.00944411109967088	0.0384261708389992	0.113634669118822	0.250176633280906	0.348775283412093	0.237274415334964	
2.82844424959606e-05	0.000364162197135493	0.00231932428466877	0.0112642792240163	0.0431691303594599	0.121110447212391	0.25323768477696	0.342436209743283	0.226070477759589	
6.7463685008504e-05	0.000426086431632657	0.00280861972851193	0.0134075197153743	0.0456551611494392	0.128514769220936	0.257057944203982	0.338206105108421	0.213856330756694	
3.56558356123355e-06	0.000117664257520707	0.000627542706777105	0.00365472315026439	0.0149397951215686	0.0498896451887798	0.135206928641976	0.261200389361725	0.332462142416539	0.201897603571288	
3.20928839378682e-05	0.000188991427634113	0.000905732502246502	0.00409362564007474	0.0167988418034774	0.0537698440999016	0.141964655037156	0.265169236474632	0.325910368141038	0.191166611989901	
3.92613161820868e-05	0.000171322106976379	0.00114928580096654	0.0048362803115207	0.0183885728154647	0.0581460092656706	0.149360754388344	0.268733001634698	0.317948846074225	0.181226666285951	
3.59536341933443e-06	5.39304512900164e-05	0.000262461529611413	0.0012116374723157	0.005493715304743	0.0202670635947882	0.0631309862800932	0.154859493197572	0.272586073000259	0.311541835648747	0.170589208157161	
7.21245735634588e-06	9.73681743106694e-05	0.000194736348621339	0.00141003541316562	0.00601158320651429	0.0214318170343818	0.0687852058074707	0.161959336165425	0.273817337304993	0.302061320312444	0.164224047775318	
2.88321536177145e-05	4.6852249628786e-05	0.000187408998515144	0.00142719160407687	0.00640434212233483	0.0242442371732957	0.0730895094209062	0.169093372929491	0.271541222771635	0.295461098216731	0.158475932359768	
2.1666046776995e-05	6.4998140330985e-05	0.00025999256132394	0.00161412048488613	0.00747839714585944	0.0276964297965919	0.0773947300952223	0.172768668007554	0.274378816383865	0.28909367315324	0.149228508184349	
2.17532385133837e-05	5.80086360356898e-05	0.000261038862160604	0.00183089757487646	0.00840762668542279	0.0294103784700947	0.0834272952385786	0.175483375087466	0.27644015502808	0.282944373343582	0.14171509783519	
3.61374814343689e-06	7.58887110121747e-05	0.000321623584765883	0.00213933890091464	0.0097462787428493	0.0314251538553272	0.0868889603607966	0.181735394133441	0.277048001416589	0.278265834540928	0.132349912005233	
7.18741914153466e-06	0.00010781128712302	0.000574993531322773	0.00264137653451399	0.0102887905011069	0.034582267199494	0.0918947474340914	0.186653681396084	0.277172038064572	0.268371043325763	0.127706063306788	
1.08077340144607e-05	9.72696061301467e-05	0.000497155764665194	0.00302976810205383	0.0115678779734778	0.0376613504623909	0.0973344525342335	0.191037506439608	0.277805597685704	0.261064417697304	0.119893796000418	
1.08092916671171e-05	7.2061944447447e-05	0.000785475194477173	0.00332565873624968	0.0130143871672089	0.041367159210057	0.10183433679591	0.194725786285891	0.276926846317094	0.255510036427313	0.112427442629684	
0.000129269483783861	0.000926431300451007	0.00388885697049783	0.0148588089971561	0.0435817701301313	0.102862600902014	0.199161184683003	0.278561374278245	0.24978455086036	0.106245152394358	
2.16002937639952e-05	0.000122401664662639	0.000907212338087798	0.00434165904656303	0.016495424337771	0.0460914268434051	0.107501062014443	0.204360379301158	0.274741336482176	0.243593712874495	0.101823784803473	
1.4465185913802e-05	0.000213361492228579	0.00117529635549641	0.0048349883916883	0.0173654556895192	0.0493660632273276	0.11370359387544	0.205452651830208	0.272198635932968	0.236563650434317	0.0991118375848926	
3.27165654876586e-05	0.000279908393616635	0.0014358937075139	0.00560180304627576	0.0191719073757679	0.0534188810934603	0.118426696717438	0.208484495983133	0.268650259914937	0.229721182158566	0.0947762550438038	
6.91366649928316e-05	0.000320211922072062	0.00179755328981362	0.0061640794998872	0.0212940928177921	0.0569249466919925	0.122098989149182	0.209094746341215	0.269283671375237	0.223293234067637	0.0896593381801774	
7.29679342412977e-06	9.4858314513687e-05	0.000394026844903007	0.00207593772916492	0.00707788962140587	0.0217736315776032	0.0598811352351209	0.127420255168866	0.213449449639356	0.267708405541185	0.216094537255603	0.0840225762788543	
3.6382422923837e-06	6.1850118970523e-05	0.000512992163226102	0.00245945178965138	0.00836431903019014	0.0243216497245851	0.0641604028261866	0.131318717301297	0.217053896921319	0.263365083061072	0.208471283353586	0.0799067154676233	
0.000123290254268018	0.000616451271340092	0.0029625922863815	0.00895304817022758	0.0272181367216396	0.0668994676761963	0.135401708657877	0.219906299406756	0.259721799167428	0.202308428701971	0.0758887776859145	
1.4539691540444e-05	0.000189015990025772	0.000697905193941311	0.00297336692002079	0.00947260903859925	0.0287340654068024	0.0690453602026833	0.141354881156196	0.222144677200673	0.257981381924982	0.195976867350759	0.0714153299237757	
1.08944725077986e-05	3.26834175233959e-05	0.000308676721054294	0.000849768855608293	0.00327197324317552	0.0104695880799945	0.0302394241908131	0.0715149490320261	0.145840671971064	0.223478314552473	0.257036921367329	0.188321851769807	0.0686242823266235	
3.25818982213904e-05	5.79233746158051e-05	0.000217212654809269	0.00121639086693191	0.0038048416700757	0.011754824836095	0.0321148910135505	0.0757637739974731	0.148663961162377	0.225184359240769	0.252571254801305	0.183758285757728	0.0648596987260478	
3.62902640479612e-06	2.9032211238369e-05	4.35483168575535e-05	0.000322983350026855	0.00134636879617936	0.00448547663632801	0.0119140936869457	0.0345664765056831	0.0802450318628518	0.15298160809418	0.225805280959224	0.24777540681386	0.178482776640683	0.0619982870995369	
7.26775876855095e-06	1.45355175371019e-05	2.54371556899283e-05	0.000348852420890446	0.00126095614634359	0.00450601043650159	0.0132781952701426	0.0367130834193351	0.0860938703722546	0.156449409131212	0.228145849382967	0.242721339593296	0.171897030393767	0.0585381630012937	
2.18011372926621e-05	3.63352288211035e-05	0.000341551150918373	0.00118816198245008	0.00482895191032466	0.0142179750376978	0.0400014534091528	0.0890649128862889	0.160332830696001	0.228559489853387	0.238282797085915	0.166153734353142	0.0569700052686082	
2.18020086917341e-05	5.81386898446244e-05	0.000367000479644191	0.00147163558669205	0.00508350169328934	0.016206159794189	0.0427755410531824	0.0928801906949027	0.162352291391114	0.227242336593945	0.236682606357466	0.162065231610006	0.0527935640470342	
1.08651168181143e-05	2.53519392422668e-05	5.07038784845335e-05	0.000449091495148725	0.00165149775635338	0.00570056462390398	0.0180324722124637	0.0460354999583504	0.095421077602286	0.1649469601214	0.227758200446918	0.232614907664616	0.157355865171144	0.0499469420128715	
3.60901387304933e-06	1.44360554921973e-05	0.000101052388445381	0.000602705316799238	0.00169984553420623	0.00670554777612565	0.0191855177491302	0.0473322169450419	0.0976382613214765	0.169002901647154	0.227883962985954	0.229681251894732	0.150726855394032	0.0494218359775375	
3.59775643908459e-06	2.15865386345075e-05	0.000266233976492259	0.000561250004497196	0.00180967148885955	0.00695446319675051	0.0206115466395156	0.0490698000726747	0.102424528064299	0.172623951703718	0.227925065928887	0.225212357573817	0.146705714316552	0.045810232738864	
1.07643785186062e-05	6.45862711116374e-05	0.000222463822717862	0.000670979594326455	0.00219952134396854	0.00755659372006157	0.021047948130048	0.051310204272023	0.106520701693954	0.174522868922163	0.230623221634966	0.223708902499848	0.137837866930753	0.0437033767855413	
7.19439987913408e-06	3.59719993956704e-06	3.23747994561034e-05	0.000241012395950992	0.000784189586825615	0.00251444275775736	0.00822319906185026	0.0218565868328093	0.054785355079606	0.109977193752383	0.179525457383972	0.230882680921171	0.217303251149305	0.133121578163557	0.0407418865155363	
7.18620536019058e-06	0	8.98275670023822e-05	0.000255110290286766	0.000873123951263155	0.00318348897456443	0.00895401187879746	0.0245372982023707	0.0567279051133444	0.112632989712947	0.181322333648329	0.229951385320738	0.212887740692966	0.130066723916769	0.0385108745252613	
3.59297358086526e-06	7.18594716173052e-06	7.18594716173052e-06	5.03016301321136e-05	0.000229950309175377	0.0011174147836491	0.00340613895466027	0.009359696178154	0.0259017465444577	0.0600565534041628	0.116092569371337	0.182447605462757	0.228534677584516	0.209154178089329	0.126063071058238	0.0375681317615272	
7.23408411069596e-06	7.23408411069596e-06	3.25533784981318e-05	6.51067569962636e-05	0.000235107733597619	0.00126234767731644	0.00363151022356937	0.0108366579978225	0.0280356929710022	0.0637395150993421	0.119608346686247	0.185829152635558	0.224513417417504	0.205010326655068	0.120917715910283	0.0362680806889742	
3.61732990410458e-06	7.23465980820917e-06	5.06426186574642e-05	0.000122989216739556	0.000289386392328367	0.00123350949729966	0.00419972001866542	0.0114307624969705	0.0307690081643136	0.0666022781943736	0.122323628037201	0.186809768237673	0.225171551870702	0.199090603262108	0.117917720214001	0.0339775797892544	
6.15157480314961e-05	0.000133887216303844	0.000361857341361742	0.0013497278832793	0.00468243399722094	0.0130377200092635	0.0321220761926818	0.0685936776285317	0.125217114404817	0.189924444187124	0.223157422417786	0.196086874710514	0.113102130616026	0.0321691176470588	
4.34354549139978e-05	0.000130306364741993	0.000470550761568309	0.00145870736086176	0.00503851277002374	0.0138776278450223	0.0340606358950599	0.0718748190189379	0.129415937916256	0.189689870851914	0.222165112642613	0.192668819134766	0.107904528870099	0.0312011351132218	
3.65426288036309e-05	0.000146170515214524	0.000464091385806112	0.0015640245127954	0.00535349511973192	0.0153113614687213	0.0367216876847687	0.0760415562774755	0.13173983109997	0.190599043313978	0.221060978684685	0.186619551037263	0.105085637650601	0.0292560286201869	
3.29357861955141e-05	0.000161019399178069	0.000570886960722245	0.0021042307847134	0.00585891041100202	0.0166618482831307	0.0383152979407815	0.0785408714809027	0.133777844462579	0.193406255603658	0.218265455117672	0.182863144489294	0.102108256269693	0.0273330430104772	
1.10308311731289e-05	0.000176493298770062	0.000610372658246466	0.00232015149008144	0.00603386465170151	0.0179287776000588	0.0388358796168625	0.0818671520232383	0.137429448642289	0.196264225176034	0.214637912966742	0.180865184858346	0.0975677017263251	0.0254518044601327	
1.10990665685016e-05	0.000207182575945363	0.000684442438390931	0.00247139215591969	0.00654844927541594	0.017592020511075	0.0415882024321755	0.0842049183663654	0.140051721650209	0.197322905143677	0.215466179294321	0.175653827513106	0.094508551830791	0.0236891077460386	
4.07916547691007e-05	0.000244749928614604	0.000797291434123332	0.0025958325762155	0.00742778950022806	0.019205452731743	0.0447076536269344	0.085781141647167	0.143519874806703	0.196534192677527	0.21379647930936	0.172741532950386	0.0897119738340076	0.0228952433222207	
7.41410756387254e-06	1.85352689096813e-05	0.000192766796660686	0.000930470499266003	0.00311392517682647	0.00790714571687006	0.0211895194175477	0.048106436928187	0.0888098874538472	0.146521300731031	0.197915894363795	0.211049985913196	0.165694182891205	0.0860814958703421	0.0224610388647518	
2.21487212804914e-05	0.00033592227275412	0.00103729844663635	0.00312296970054929	0.00868229874195263	0.0225843127990077	0.0491110979859429	0.0924856771602386	0.149430039572382	0.198766316224677	0.20791373811352	0.161419880692221	0.0836963262654303	0.0213919733034079	
3.70638053408943e-06	9.63658938863253e-05	0.000266859398454439	0.00132317785066993	0.00335427438335094	0.00913622801653046	0.0236948907544338	0.0515854042734568	0.0955801412130984	0.152061674172087	0.198888085839773	0.204373529030226	0.158714627230778	0.0810770741832064	0.0198439613795148	
1.12133184320791e-05	7.84932290245534e-05	0.000306497370476828	0.00133064712060672	0.00350229312361936	0.00997985340455036	0.0246618250049526	0.0539098972486254	0.0982922116027944	0.153947648754013	0.198969122258811	0.202680730659829	0.155917455025249	0.0776597056877689	0.0187524061912469	
1.12316643080172e-05	4.11827691293963e-05	0.000284535495803101	0.00105952033305629	0.00388241196247127	0.0107973732881072	0.0260200223135731	0.0562182237497286	0.101242222072467	0.155412539030033	0.196423089306707	0.202020202020202	0.154143360963228	0.0749077131582691	0.0175363718729175	
1.12099664074673e-05	7.47331093831156e-05	0.000224199328149347	0.00103131690948699	0.00443167338641875	0.0119386142239527	0.0274868376311099	0.0593530354720704	0.104514253472287	0.155736326643475	0.198984377043483	0.199122633295842	0.148812304059129	0.0715457422679257	0.0167327431908796	
6.75883717961234e-05	0.000341696768524846	0.00125038487822828	0.00511418679924001	0.0130933695807268	0.0288226856615024	0.0598194639491135	0.106462950307527	0.158697496977298	0.200906435163977	0.198728587628324	0.14378299626762	0.0668636742540872	0.0160484833920351	
7.53764109521925e-06	9.42205136902406e-05	0.000309043284903989	0.00171858216970999	0.00566830610360488	0.0132021783782765	0.0290726817042607	0.0620536303163925	0.10983096839844	0.162650988373189	0.203293949158611	0.193807827840277	0.139265456875271	0.0640586428477208	0.0149659863945578	
1.13066320934983e-05	7.53775472899887e-06	7.53775472899887e-05	0.000437189774281935	0.00177514123867923	0.00543472115960819	0.0139448462486479	0.0315002770124863	0.0650583610659893	0.111909275584082	0.16564216016975	0.199724118176919	0.191112233399037	0.134692139252481	0.063863626941443	0.0148116880424828	
3.78224839538112e-06	3.02579871630489e-05	8.32094646983846e-05	0.00047278104942264	0.00167931828754922	0.00577549329974697	0.0148377604550801	0.0333556485988661	0.0673429326797608	0.115846486102128	0.167557386163779	0.198341105853786	0.186548055356988	0.131660066643217	0.0622293328492055	0.0142363829602145	
3.41892030496769e-05	0.000136756812198708	0.000649594857943861	0.00210453538772456	0.00599450693471002	0.0156700513977686	0.0357277171869124	0.0695940222077868	0.117227179656664	0.168157695799666	0.197522422419	0.185343468532637	0.128809721889827	0.059975459749811	0.0130526779642989	
3.82453053887635e-06	4.97188970053926e-05	0.000221822771254828	0.000741958924542012	0.00224117489578154	0.00668527938195587	0.0167170229854285	0.0368264045588404	0.0719547175584197	0.120706008337477	0.168849198760852	0.197602019352125	0.183378590278043	0.125371935594906	0.0564003518568096	0.012249971316021	
3.46065998631117e-05	1.92258888128398e-05	0.000192258888128398	0.000815177685664408	0.00261472087854622	0.00753270323687064	0.0177147339521506	0.0379634400498335	0.0752655095245053	0.122772680781033	0.169814585528289	0.196846185199142	0.179969699999231	0.122095929494821	0.0541247221859067	0.0122238201072036	
5.39243441451643e-05	1.5406955470047e-05	6.54795607476995e-05	0.00024265954865324	0.000889751678395211	0.00348967541396563	0.00820805552666751	0.018207169626728	0.0401543776938099	0.0775701690528189	0.122982170300782	0.171336900043525	0.195872476629574	0.178100553494875	0.120147290494294	0.0516903356020075	0.0109736040335409	
2.31107002542177e-05	1.92589168785148e-05	0.000107849934519683	0.000381326554194592	0.00109390647869964	0.00374778522455897	0.00810415222247901	0.0204722286418612	0.0413874123719282	0.0786457129651028	0.126473307141206	0.174720745705262	0.194896387027194	0.174851706340035	0.115541945920961	0.0489831291888144	0.0105500346660504	
1.53481340506028e-05	1.91851675632535e-05	0.000130459139430124	0.00054869579230905	0.00122785072404822	0.00350704863056274	0.00902470282175444	0.0208504401077439	0.0438035745804204	0.0798985488339255	0.13004857684427	0.176062282727977	0.194560621292466	0.171039605859918	0.111116653492852	0.0481048891481018	0.0100415167026069	
4.97962185517727e-05	0.000118744828854227	0.000528606012318818	0.00118744828854227	0.00396837557074127	0.00938467195783409	0.0218030827689762	0.0450808997027549	0.0832516164618638	0.13257285569822	0.178343241503999	0.193036956455122	0.168200134832838	0.10786627033984	0.045280084576962	0.00932721478258205	
2.2894559108028e-05	0.000186972232715562	0.000492233020822601	0.00136222626692766	0.00385391744985138	0.00995913321199217	0.0226160086388803	0.0467545054584445	0.0863506454357788	0.134883294984947	0.180596098003976	0.189746290127485	0.164814115258842	0.10440682105231	0.0446291272212492	0.00932571707667006	
2.28929867335142e-05	0.000183143893868114	0.000587586659493531	0.00173223599616924	0.00400245718057606	0.0103285525146038	0.0233393999748177	0.0496815967095147	0.088779002552568	0.138140097447814	0.1771573778373	0.190740549965851	0.160693504878114	0.101721171052581	0.0439011175593024	0.00898931279069324	
4.93799023797314e-05	0.000182325793402085	0.000729303173608341	0.00174349039940744	0.00419349324824796	0.0105331130229996	0.0253508821909483	0.0515374242683228	0.0899967713140752	0.13767876474275	0.178481757924525	0.19038231439804	0.158486695914763	0.100305775549351	0.0422084211725828	0.00814008698459727	
7.99330085261876e-05	0.000171285018270402	0.000692752740560292	0.00148447015834348	0.00409180876979294	0.0114799025578563	0.0267471071863581	0.0540232947624848	0.0912873020706456	0.142688032886724	0.177972746650426	0.189155755176614	0.155816077953715	0.0970843483556638	0.0395059378806334	0.00771924482338611	
9.50642634420869e-05	0.000190128526884174	0.000593201003878622	0.00165792075442999	0.00466195147919994	0.0121568180089741	0.0284204121986463	0.0557684995056658	0.0967259867670545	0.142942429082059	0.179549775648338	0.186675792835957	0.151897482698304	0.0934101452581945	0.0380028899536086	0.00725150201536238	
7.55886465852829e-06	6.04709172682263e-05	0.000272119127707018	0.000680297819267546	0.00201821686382705	0.00561245700895725	0.0134887939831437	0.0294909104652481	0.0582297138969727	0.0989946710004157	0.143939680260025	0.179541932801693	0.184791564307041	0.149778903208738	0.0906005517971201	0.0362371971729846	0.00625496050493216	
1.13504371810054e-05	0.000113504371810054	0.00026484353422346	0.000866416704816747	0.00255006488666588	0.00596654647814852	0.0143431691177305	0.031429360554204	0.0602935223055008	0.100708645628001	0.145750963841291	0.181311883529381	0.182666369032981	0.146522793569599	0.0875799732886378	0.033574593181414	0.00604599953841556	
2.2720215690581e-05	5.30138366113556e-05	0.000363523451049295	0.000939102248544013	0.00244999659196765	0.00660400936072886	0.015487613695746	0.0328988723199612	0.0631773464302754	0.102812762702494	0.149847395884612	0.179989548700782	0.178592255435812	0.144315023363955	0.0846896039866405	0.0321188115812513	0.00563840019387917	
1.51707083962286e-05	0.000132743698467	0.000299621490825514	0.000864730378585028	0.00248799617698148	0.00709989152943497	0.0165550355373844	0.034911592696821	0.063455280544325	0.107897870791077	0.150793048781413	0.178297543103775	0.178987810335804	0.141428929023841	0.080112718363384	0.0308079160756412	0.00585210076384517	
5.3312617573362e-05	0.000148513720382937	0.000243714823192512	0.00116145345427681	0.00301597093700733	0.00706011378435808	0.0168048986679462	0.0351787115101941	0.0678936184796765	0.108285542379723	0.152645448244872	0.178338321871121	0.178144111621389	0.136800176693247	0.0785523339502365	0.0301216289289495	0.00555212831585441	
