# <P(N_1)> as a function of N_tot.
# number_of_species: 2
# species_total_upper_bound: 100
# species_total_lower_bound: 0
# volume: 512
# Bin widths for each species index 
1	1	1	1	1	1	1	1	1	1	1	1	1	1	1	1	1	1	1	1	1	1	1	1	1	1	1	1	1	1	1	1	1	1	1	1	1	1	1	1	1	1	1	1	1	1	1	1	1	1	1	1	1	1	1	1	1	1	1	1	1	1	1	1	1	1	1	1	1	1	1	1	1	1	1	1	1	1	1	1	1	1	1	1	1	1	1	1	1	1	1	1	1	1	1	1	1	1	1	1	1	
# Bin lower bound for each species index 
0	0	0	0	1	1	2	2	2	4	4	5	6	7	7	8	9	10	10	11	12	12	13	14	15	16	17	18	20	20	21	21	22	23	24	25	25	26	27	29	30	31	31	32	33	34	35	36	37	37	37	38	39	40	41	42	43	45	45	46	47	48	48	49	49	50	51	54	55	56	56	57	58	59	60	61	62	62	63	63	64	65	66	67	69	69	70	71	72	73	73	73	77	78	79	79	80	81	82	83	84	
# Bin upper bound for each species index 
0	1	2	3	4	5	6	7	8	9	10	11	12	13	14	15	16	17	18	19	20	21	22	23	24	25	26	27	28	29	30	31	32	33	34	35	36	37	38	39	40	41	42	43	44	45	46	47	48	49	50	51	52	53	54	55	56	57	58	59	60	61	62	63	64	65	66	67	68	69	70	71	72	73	74	75	76	77	78	79	80	81	82	83	84	85	86	87	88	89	90	91	92	93	94	95	96	97	98	99	100	
# Normalized histogram for each species index 
1	
0.0501418378871007	0.949858162112899	
0.0025908892705292	0.0952800940396846	0.902129016689786	
0.000104298948976672	0.00714588745015849	0.134992438326199	0.857757375274666	
0.000449865392941203	0.0132153247562759	0.17122243516791	0.815112374682873	
5.18859126942391e-05	0.00125087119252058	0.0214316865866502	0.202847274517145	0.774418281790989	
0.000124649336207271	0.00207982319402019	0.0303570153066584	0.231640483303291	0.735798028859823	
1.2628264581787e-05	0.000166973720581405	0.00370569408449993	0.0399838919469557	0.256311676795003	0.699819135188379	
1.40765369466865e-06	1.40765369466865e-05	0.000256192972429695	0.00558416220675054	0.0513174230928404	0.280014695904572	0.662812041632766	
2.10549069864392e-05	0.000595152037483349	0.00782540709662658	0.0640897332062553	0.299959434212539	0.627509218540109	
1.26426867676021e-05	6.32134338380107e-05	0.000987534310847144	0.010992113772943	0.0758378589469485	0.315694912301896	0.59641172454676	
8.40499761157984e-06	8.82524749215884e-05	0.00157033372043017	0.0139298827082583	0.0870337502679093	0.327696848546146	0.569672527284724	
1.95668185890367e-05	0.000122991431131088	0.00240112816685465	0.0175961604311409	0.098681056664109	0.340183117469395	0.54099597901878	
1.39042028233874e-05	0.000278084056467749	0.00306309588199225	0.021861578099212	0.110486966895483	0.350483240569127	0.513813130294894	
1.39060203333829e-06	2.08590305000744e-05	0.000404665191701443	0.00409115118208126	0.0259319467176925	0.122663614758737	0.359010336344914	0.48787603617234	
4.15694979651731e-06	1.38564993217244e-05	0.000641555918595838	0.00504376575310767	0.0305591236041309	0.135608016261988	0.365436070961904	0.462693454051155	
1.38546179519827e-06	5.68039336031289e-05	0.000825735229938167	0.00623873446377779	0.03612730177159	0.147058456789525	0.370345021550858	0.439346560798913	
1.382368716443e-06	0.000111971866031883	0.000992540738406074	0.00784494246581402	0.0416950052253537	0.157437973115693	0.374512715027454	0.417403469192531	
4.13892437633308e-06	1.10371316702215e-05	0.000173834823805989	0.00143344747567002	0.00932223733696087	0.046991967727427	0.169404795081854	0.375877796878147	0.396780744620088	
8.25058682298778e-06	2.06264670574695e-05	0.000231016431043658	0.00199114161994772	0.0112868027738473	0.0539959654630436	0.180752481020213	0.376878555487259	0.374835160150766	
1.09947500068717e-05	2.88612187680383e-05	0.000442538687776587	0.00241334762650834	0.0135345372584591	0.0614551551634095	0.190996674088123	0.376449245485281	0.354668645721668	
4.14737560983702e-06	5.52983414644936e-06	1.93544195125728e-05	0.000482478029277707	0.00300408240005862	0.0165480286832497	0.0672966991037521	0.199271720842913	0.373952269236565	0.339415690074915	
6.90961805013342e-06	2.76384722005337e-06	5.2513097181014e-05	0.000577644068991154	0.00359576523328943	0.0187900153255328	0.0731424528314924	0.207056378337518	0.37443496598395	0.322340591656774	
2.76825038271062e-06	1.52253771049084e-05	8.44316366726738e-05	0.000718360974313405	0.00449979099709611	0.0215757434828465	0.0798308045366087	0.215344965521441	0.371603010749116	0.306324898474417	
4.17029250431625e-06	1.6681170017265e-05	0.000125108775129488	0.000909123765940943	0.00517950329036079	0.0240292254098702	0.0864793556620061	0.224051744989394	0.368228487546116	0.290976599098661	
1.38606478189578e-06	0	0.000181574486428347	0.00115320589853729	0.00620957022289308	0.0262728579408344	0.094382695258411	0.232111794441049	0.364313267273486	0.27537364841358	
6.90131124913734e-06	2.20841959972395e-05	0.000168391994478951	0.00134023464458247	0.00709454796411318	0.0304748102139406	0.100531400966184	0.238699792960663	0.359741890959282	0.26191994478951	
4.15384168047819e-06	2.07692084023909e-05	0.000239538203574242	0.00149815223275913	0.00854860617842412	0.0339604249656962	0.107749268577711	0.243682352957466	0.355650540068649	0.248646193765637	
2.91175308333853e-05	0.000248192286627427	0.00191898393682882	0.00972109565108879	0.0381106882136395	0.114112989885124	0.249412449824255	0.348617263922686	0.237829218748917	
1.3803479857272e-06	5.10728754719065e-05	0.000350608388374709	0.00222097990903507	0.0114831148932646	0.042549226660041	0.120098556846181	0.253383578000014	0.344344369215479	0.225517112864153	
5.50438768503343e-06	6.46765552991428e-05	0.000437598820960158	0.00285402501468983	0.0131912650871826	0.0450492849112349	0.127144475039666	0.258692460227359	0.338466174849627	0.214094535106297	
2.75330017442157e-06	5.50660034884313e-06	0.000129405108197814	0.000660792041861176	0.00349669122151539	0.0144341761644051	0.049055549207669	0.134164187549301	0.262167865958334	0.33327734956312	0.202605723285073	
2.75395605787714e-06	2.891653860771e-05	0.000198284836167154	0.000850972421884036	0.00405244633916621	0.0160638256855974	0.0530301778504822	0.141838375826875	0.265422153924112	0.326415395715946	0.192096696905104	
1.37845285208787e-05	4.27320384147241e-05	0.00019436185214439	0.00100764903487624	0.00474601316973855	0.0177089837907729	0.0579887545816327	0.148798471571478	0.269592294999938	0.317745788481924	0.18216116595056	
1.79463817333444e-05	8.6970926861592e-05	0.000251249344266821	0.00117341726718021	0.0054984952649162	0.0196623319252326	0.0628385653938541	0.155192026284547	0.270453353212402	0.312631491758469	0.172194152240537	
1.65797610856428e-05	8.56620989424876e-05	0.000227971714927588	0.00140098981173681	0.00603088809490255	0.0218935745135913	0.0683417751950194	0.159712838537997	0.27448070806633	0.302968882551736	0.164840129653732	
1.38363109074406e-06	1.66035730889287e-05	5.25779814482743e-05	0.000305782471054438	0.00154413229727037	0.00658608399194173	0.024873536118306	0.0722338447233845	0.16650478182905	0.274775298310863	0.296209127537579	0.156896847534923	
6.92323242952842e-06	9.69252540133978e-06	4.15393945771705e-05	0.000276929297181137	0.00165880649011501	0.00740370476013769	0.0275046177960305	0.0770874238098271	0.171870629709529	0.276794986472004	0.289457578585611	0.147887167927157	
6.93726630084149e-06	1.10996260813464e-05	5.82730369270685e-05	0.000381549646546282	0.00192023531207292	0.00854671208263672	0.0299384664479115	0.0822579414355979	0.17601370803821	0.277640496985758	0.282184406412809	0.141040173709148	
6.92141152498076e-06	7.19826798597999e-05	0.000424974667633819	0.00235743276540845	0.00979656587245777	0.0318772529194514	0.0868208018870536	0.181443418845066	0.276778941190151	0.276687578558021	0.133734129203373	
6.91000001382e-06	0.00011747000023494	0.000595642001191284	0.00277229200554458	0.010487998020976	0.034795996069592	0.0917385421834771	0.186579674373159	0.276417966552836	0.269466506538933	0.127021002254042	
1.93958739434444e-05	0.000130229439334555	0.000605428350948943	0.0030409959504186	0.0117816080010751	0.0374215679347412	0.0969087133192852	0.191122785579999	0.277606216654683	0.26121808859204	0.120144970303532	
2.77320199448687e-06	2.07990149586516e-05	0.000146979705707804	0.000762630548483891	0.0035178067300066	0.0130340493740883	0.0409075026206759	0.101682224329856	0.194603903559127	0.27571451549388	0.255449341919167	0.114157473502055	
6.91319105986132e-06	2.48874878155008e-05	0.000171447138284561	0.000893184284934083	0.00399720707081182	0.014657347685118	0.0436941327747475	0.105217385292877	0.198853792922275	0.275610953259915	0.248700665740299	0.108172083151862	
9.71432932964189e-06	3.46940333201496e-05	0.00020400091592248	0.00101584129561398	0.00448108134363052	0.0162048890831755	0.0465593927156408	0.109257061970482	0.203035034034847	0.274446456698377	0.242032515248028	0.102719318331633	
4.17521425807834e-06	6.26282138711752e-05	0.000233811998452387	0.00124560558699337	0.00493092803879052	0.01737445826595	0.0500636024305314	0.113305572797644	0.205966102827177	0.27297968340742	0.235504351964995	0.098329079253917	
8.40850772811931e-06	6.72680618249545e-05	0.000292896352529489	0.00137759384945688	0.0055860519673806	0.0190971224685136	0.0529750001051063	0.118418415753059	0.209293363024708	0.269959344865135	0.228766065505078	0.0941584695394801	
4.22528665048851e-06	9.29563063107473e-05	0.000347881934223554	0.00163659436262255	0.00631257825582984	0.0207940440359375	0.0567117974228568	0.122309372671691	0.211985448112776	0.269691596327381	0.221392344625647	0.0887211606580743	
1.13200925983575e-05	0.000107540879684396	0.000408938345115663	0.00192441574172077	0.00714439344113835	0.0224406685646689	0.0600997866162545	0.128074112646241	0.216104812737368	0.266558465448247	0.213617222388879	0.0835083230980829	
1.41390919026835e-06	1.13112735221468e-05	7.63510962744907e-05	0.000469417851169091	0.00227780770552231	0.00819784548517587	0.0244380064445981	0.0640359472272534	0.132088810464059	0.217535584559546	0.263218990497116	0.207793750238597	0.0798547632479756	
1.40881580578629e-06	7.04407902893144e-06	1.40881580578629e-05	0.000112705264462903	0.00054662053264508	0.00259503871425834	0.00897133905124708	0.026895702548266	0.0672653194630721	0.136212764998253	0.219117348721359	0.261097242102179	0.202069268655539	0.0750941088958265	
2.82247878554383e-06	1.12899151421753e-05	2.54023090698945e-05	0.000136890221098876	0.000635057726747361	0.00281118887040165	0.00978130023130214	0.0288965378063977	0.0697505069877519	0.141067489701481	0.221509546328872	0.259192460594668	0.194684707951064	0.0714947988772179	
5.64570651076989e-06	8.46855976615484e-06	3.81085189476968e-05	0.000218771127292333	0.000797456044646247	0.00324628124369269	0.0107593051828997	0.0308876603204221	0.0723525517887715	0.1448660062131	0.224059742866297	0.256337658414996	0.188178455137099	0.0682438888755588	
2.82270186199528e-06	1.27021583789788e-05	4.37518788609269e-05	0.000193355077546677	0.00104298833800726	0.00367092377152487	0.0118045391868643	0.0327489870028693	0.0773632012826357	0.149161445844348	0.225841553276381	0.251331962441129	0.181535013499572	0.065246753540021	
4.25626095987197e-06	1.13500292263253e-05	3.40500876789758e-05	0.000231256845486377	0.00117614677857795	0.0040845917678238	0.0124183507272531	0.0350375402216661	0.0810335336613492	0.154056784196219	0.226132307290691	0.24723626788339	0.176736980097724	0.0618065841519542	
4.27678801815069e-06	1.28303640544521e-05	2.85119201210046e-05	0.000303651949288699	0.00116898872496119	0.00444785953887672	0.0134832870252231	0.0370526657932515	0.0851194863292471	0.157368691915873	0.228564382054027	0.243543119289597	0.170638139540188	0.0582641087672729	
1.42832657258756e-06	9.9982860081129e-06	5.28480831857396e-05	0.000334228417985488	0.00131548877335314	0.00506770267954065	0.014461806547449	0.0399531508884191	0.0889947437582129	0.161525167114209	0.229533508541393	0.239113294863738	0.164223276009827	0.0554133577101068	
1.42989510289525e-05	6.57751747331816e-05	0.000380352097370137	0.0016872762214164	0.00536925611137167	0.0161706837186424	0.0427981903247578	0.0927930427023873	0.163572850295702	0.228675974330523	0.236082830963521	0.1597192829934	0.0526701861151466	
4.29893042610998e-06	2.72265593653632e-05	8.16796780960897e-05	0.000525902488794121	0.00185713794407951	0.00601133771251046	0.0178735197349566	0.0452792012014078	0.0962602171246461	0.166473214797492	0.229399525398081	0.231878575277138	0.153867317811329	0.050460845341679	
1.43482933422484e-06	2.29572693475974e-05	0.000129134640080236	0.000559583440347688	0.0020618497532811	0.00668630469748776	0.0191363188305567	0.0477052057043075	0.0989716578161611	0.170278371239133	0.228848104662191	0.228690273435426	0.148161911881391	0.0487468918009547	
2.86990573794604e-06	2.58291516415143e-05	0.000175064250014708	0.000566806383244342	0.0019888446763966	0.0072221177895412	0.0206317523500941	0.0500712454099445	0.102812938109048	0.173250469588326	0.229146188693432	0.224699269752485	0.144161105028505	0.0452454989115883	
7.16781136614184e-06	3.58390568307092e-05	0.000174894597333861	0.000629333837947254	0.00221485371213783	0.0075548731799135	0.0221428028722854	0.0524898826342567	0.107370947140258	0.175903825174214	0.230684540321089	0.220150724737407	0.137342433586644	0.0432978813383164	
2.87047827909086e-06	5.74095655818172e-06	3.44457393490903e-05	0.000195192522978179	0.000667386199888625	0.00247004655915769	0.00858129481534213	0.0229681319501455	0.0551992973069173	0.110593787136813	0.180267471166046	0.2291603276938	0.216013537175564	0.13314569973649	0.0406947705626712	
4.30521691835443e-06	2.87014461223629e-06	6.45782537753165e-05	0.000170773604428059	0.00077350397299768	0.0031399382057865	0.0093566714358903	0.0249185955234354	0.057770270755092	0.114396788882208	0.181677283809945	0.228393192591009	0.211650203995528	0.129071838284572	0.0386091853238025	
1.43784346485767e-06	2.87568692971534e-06	4.313530394573e-06	4.88866778051607e-05	0.000244433389025804	0.00106256632052982	0.00346232706337726	0.0099283091248422	0.026345605806587	0.061086779604478	0.11753938972172	0.18274415300955	0.227971519196648	0.208257247449985	0.124070074739103	0.0372300808355596	
2.88960968597167e-06	2.88960968597167e-06	2.02272678018017e-05	5.05681695045042e-05	0.000288960968597167	0.00122519450685199	0.0037637166159781	0.0108215882739639	0.0284684346261929	0.0645379875313342	0.120732227094425	0.185879922269499	0.225223402948847	0.203505096549084	0.12009073374414	0.035386160214409	
1.44510341160013e-06	2.89020682320027e-06	2.1676551174002e-05	0.00010404744563521	0.000336709094902831	0.00123122810668331	0.00415900761858519	0.0116851061861987	0.0308283910796657	0.0669473057491994	0.124436409669476	0.187220372489855	0.224790170984636	0.198045642146152	0.116836610827871	0.0333529867397311	
3.18780981526642e-05	0.000114471352457294	0.000394129213523848	0.00136786021164159	0.00453538396444723	0.0128077504350636	0.0322664313483421	0.0693870276426581	0.126564743692846	0.18987754463296	0.223068440827729	0.194820098851084	0.112813691353356	0.0319505483757384	
2.90259753453365e-05	0.000104493511243212	0.000442646124016382	0.0014832273401467	0.00504471451501949	0.0138120103680784	0.0337325372475829	0.0719452337897184	0.130053785132315	0.190189800852783	0.22097329900528	0.19235804121108	0.109173949767647	0.0306572351597445	
3.05839346960175e-05	0.000117966605256068	0.000471866421024271	0.00166463987416895	0.00527936967966969	0.015120114762574	0.0359477742905619	0.0753282311562912	0.132799813583636	0.190549564178931	0.220220349967596	0.187533405666766	0.106002461278554	0.0289338586002753	
2.92233599850376e-06	3.21456959835414e-05	0.000137349791929677	0.000564010847711226	0.00198718847898256	0.00599224996493197	0.0164089166315986	0.0374979543648011	0.0782966872399121	0.135108360218825	0.19152405666994	0.218295576752233	0.183376583906111	0.102956819563286	0.0278191775377566	
1.46488595130426e-06	2.34381752208682e-05	0.000149418367033035	0.000619646757401703	0.00218707472529726	0.0062550630120692	0.0173632931808094	0.039354161081789	0.0806771288821309	0.136840856255136	0.194774165857317	0.215587265453448	0.181191743316824	0.0988812665989889	0.0260940134505828	
1.17740731964695e-05	2.20763872433804e-05	0.000148647674105428	0.000681424486245675	0.00252701045979228	0.00680688606670896	0.0177111496057893	0.04168757791125	0.0825862929183365	0.139113618334587	0.195844046513476	0.216498714418383	0.176696459977718	0.0954862618642184	0.0241780593089502	
1.03334760337167e-05	4.13339041348666e-05	0.000175669092573183	0.000838487769593009	0.00254941615860409	0.00737662567721173	0.0189309280937689	0.0437977000634771	0.0846045969206241	0.143261835520586	0.196182518710973	0.214338436102213	0.17411464253554	0.0905507742725971	0.0232267017020711	
7.36984847591534e-06	5.15889393314073e-05	0.000188668120983433	0.000849006544425447	0.00285213136017923	0.00787247214197276	0.0204852308236543	0.0459701668533695	0.0892164377100407	0.146307705913566	0.19766523200283	0.212004009197571	0.167743647190614	0.086384941925594	0.0224013914273923	
2.93588755550662e-06	7.0461301332159e-05	0.00025248632977357	0.000923336636206833	0.00289918896106279	0.00864472090718925	0.0217123564167492	0.0486902271642996	0.0924055928657932	0.148406180043304	0.197997724687144	0.209606224081618	0.163257367242835	0.08386803185438	0.0212631656207567	
2.35287543436286e-05	0.000108820488839282	0.000230875901996856	0.00108526379409987	0.00321020442075883	0.00922327170270242	0.0231155305954687	0.0511397475658768	0.0947532348360855	0.15029727110566	0.199465014948112	0.206944217735093	0.158830856196665	0.0812624353143074	0.0203097266399909	
2.95311051130155e-06	4.28201024138725e-05	7.9733983805142e-05	0.000236248840904124	0.00121077530963364	0.00352601395049406	0.00992540442848452	0.0246200823327211	0.0531692782007288	0.0971145157194073	0.153746315994637	0.199901956731025	0.204665323985754	0.155463549756959	0.0770496063503688	0.0192454212021522	
1.4739066928629e-05	2.9478133857258e-05	8.40126814931854e-05	0.00029478133857258	0.00122039474169048	0.00389700929592951	0.0106401324157773	0.0260100314089516	0.0551108451528368	0.0992086594966019	0.156546577662354	0.199226493767586	0.202775661083999	0.15215286181093	0.0749275206383785	0.0178608013041126	
2.94154416360869e-06	1.17661766544347e-05	3.08862137178912e-05	9.56001853172823e-05	0.000311803681342521	0.0012516270416155	0.00425935594890538	0.0117514689336167	0.0274107792885875	0.057363052734533	0.103324680290919	0.157288778744402	0.200355926843797	0.200302979048852	0.147177220681997	0.0718339792474059	0.0172271533941743	
8.83124376293409e-06	8.83124376293409e-06	2.79656052492913e-05	8.53686897083629e-05	0.000441562188146705	0.00138944901870163	0.00476298413614245	0.0127008004050597	0.028945873306977	0.0597360046864467	0.106635796563469	0.1598234339997	0.199901090069855	0.197812500919921	0.143214808229542	0.0683685454647148	0.0161361542288411	
5.87550970046652e-06	1.90954065265162e-05	1.90954065265162e-05	0.000123385703709797	0.000503824956815004	0.00155847894804874	0.00522332812371473	0.0133990998719139	0.029785896426515	0.0617677646035794	0.109838247217946	0.162052433048567	0.200263810385551	0.194693827189509	0.139565388547456	0.0659129366972585	0.0152675119566622	
1.46485805525445e-06	8.78914833152667e-06	2.19728708288167e-05	0.000175782966630533	0.00047461400990244	0.00176808367269212	0.00549028799109366	0.0140055078662878	0.0318035332376293	0.064093399349603	0.112190548735827	0.164272112032344	0.199833006181701	0.191401283215656	0.135552105001025	0.0637301145518999	0.0151773943104913	
7.31483946853302e-06	2.92593578741321e-06	2.92593578741321e-05	0.000203352537225218	0.000569094510651869	0.00189454342235005	0.00570264884966835	0.0146721050059835	0.03341857559594	0.066607465232568	0.114752275646559	0.167326952842693	0.198884633277838	0.187969429822893	0.131696369791469	0.0617665044722929	0.0144965488587387	
5.84561155326667e-06	5.11491010910834e-05	0.000169522735044734	0.000637171659306067	0.00234847444152489	0.00596836939588527	0.0155069460479282	0.035165737701564	0.0683688113241187	0.117157746750571	0.167662369167906	0.198249531620374	0.186171036748437	0.129575287092597	0.0599788973422927	0.0129831032598053	
2.92342098723927e-06	1.46171049361963e-05	7.01621036937424e-05	0.000165173285779019	0.000726470115328958	0.00225395758116148	0.00663616564103314	0.0165670267346849	0.0362445733997924	0.0716135822139067	0.119345738383056	0.168427053337816	0.199333460014909	0.183941648517095	0.126145615599374	0.0564074079487817	0.0121044245976642	
1.46648208545484e-06	3.95950163072808e-05	4.83939088200099e-05	0.000174511368169126	0.000840294234965626	0.00244462563645322	0.00716669795161782	0.0174144747647763	0.037932025622375	0.0741614655435369	0.122077301203688	0.171810108167719	0.197790304793637	0.180673525892208	0.122152091790047	0.0533154226987963	0.0119576949247988	
2.6432028570086e-05	3.37742587284432e-05	4.69902730134862e-05	0.000242293595225788	0.000997074855504911	0.00299856679667309	0.00778863775198534	0.018552347164137	0.040264790188431	0.0763724096612001	0.124696031671444	0.172535066491236	0.196369414031296	0.1787230980687	0.118016070673371	0.0513956111085005	0.0109413913819839	
1.322897144747e-05	3.23374857604821e-05	9.70124572814464e-05	0.000314555543306508	0.00102157057288796	0.00331753206188219	0.00822695035460993	0.0198949031712784	0.0420989968029986	0.078356667769081	0.127340609267629	0.174085914820123	0.196431117480616	0.174772351449675	0.114658435306655	0.0487972660125675	0.0105405504722008	
1.6147950458088e-05	2.64239189314167e-05	0.000114503648702806	0.000419846711910288	0.0011538444600052	0.00341896151062609	0.00882705691858937	0.0207618603026126	0.0439356372054651	0.0810230754212046	0.130018893102036	0.174673848100634	0.195234593020269	0.171592525554132	0.110955503588515	0.0479535408785366	0.00987373770737271	
7.33630502595585e-06	7.33630502595585e-06	4.10833081453527e-05	0.000121782663430867	0.000444580084572924	0.00121049032928271	0.00377672982736207	0.00952692570670626	0.0218181711471927	0.0453016835352774	0.0840447103773502	0.131406428363916	0.176888585002832	0.193018185232898	0.168516393707211	0.108581716167162	0.0457785433619645	0.00950931857464397	
1.46493960054027e-06	1.46493960054027e-06	8.78963760324162e-06	3.22286712118859e-05	0.000150888778855648	0.000455596215768024	0.00135067431169813	0.00388062500183117	0.0103717723718251	0.0227270729627817	0.0472809256074372	0.0855671220675571	0.133896944428981	0.178611295856272	0.190046614378089	0.165885365546379	0.105948826729874	0.0443744854399653	0.00940784211466961	
1.90076542361482e-05	0.000176917397121071	0.000510282409878132	0.00152938510238546	0.00415244138697391	0.0109674164942575	0.0238326741576319	0.0489739522030602	0.0875448690299517	0.136404775307595	0.177192277043871	0.190895333620885	0.162051949381155	0.103308062900714	0.0435699298909984	0.00887072601928546	
2.62503171913327e-05	0.000161876956013218	0.000542506555287543	0.00160710275249159	0.00455297168174115	0.0111636765610918	0.0254350990074463	0.0509256153511855	0.0893939968441285	0.137471452780054	0.178421947598533	0.189665833462154	0.159644220701	0.100515381227523	0.0422965527500124	0.00817551545414507	
5.96676077655209e-05	0.000154262595686469	0.000555927467473877	0.00163576563727916	0.00467153709578834	0.0119684489332596	0.0271822336059609	0.0532351485868964	0.0907136828011759	0.140945076694706	0.178167476787845	0.188379369560788	0.157385685595366	0.0974764967837704	0.0397357161568239	0.00773350408941409	
2.9060305946901e-06	7.84628260566327e-05	0.000184532942762821	0.000544880736504394	0.00177994373924769	0.00531948900358023	0.0126528572092807	0.0280519133305435	0.0548963709489933	0.0948789928860371	0.142812514530153	0.179567989491793	0.186679046357	0.153389012879528	0.0940260729064956	0.0377464313944297	0.00738858278699958	
1.44939929646158e-05	7.10205655266175e-05	0.000224656890951545	0.000629039294664326	0.00206684339675422	0.00590775153237741	0.0135344906303582	0.0291836548342539	0.0575570954617859	0.0985736461523522	0.144565984627671	0.178448591981053	0.18577385602537	0.150167912908495	0.0906686223894507	0.0358943735768711	0.00671796573909943	
1.15513790902711e-05	8.23035760181819e-05	0.000197817366920893	0.000708965891665391	0.002492210038726	0.00604714695375694	0.0139944957678635	0.0308869437649987	0.0596628730012504	0.100824768467045	0.1451069802096	0.179618169164171	0.183433012108733	0.147568867878214	0.0883810453420508	0.0345314038679793	0.00645144522191643	
1.73094232500173e-05	6.2025433312562e-05	0.000258198896812758	0.000842391931500842	0.00251419372706501	0.00632226684206882	0.0150115973135775	0.0327638533084078	0.0620614946109996	0.103581031180041	0.147949410325648	0.179260714532992	0.180763749451868	0.14451925961827	0.0853700754690854	0.0323758337372199	0.00632659419788133	
1.87110665883681e-05	9.64339585708199e-05	0.000264833557866132	0.000911085011572075	0.00261811000955704	0.00699506027842067	0.0164657385977639	0.0346399415063272	0.064521514847951	0.105865775444172	0.148813430515735	0.179568666735754	0.178944004974265	0.141071366886594	0.0816881987863714	0.031339597222702	0.00617753059979044	
2.44995604490625e-05	0.000112409747942757	0.000263730562481085	0.000985747020421104	0.00295003530819006	0.00717548891034602	0.0173946879188344	0.0356857715199816	0.0668420066581158	0.107112078283301	0.149990632521005	0.180749110089495	0.177496433152229	0.136217556096788	0.0807462277882662	0.0302756921125827	0.00597789274957126	
