# <P(N_2)> as a function of N_tot.
# number_of_species: 2
# species_total_upper_bound: 100
# species_total_lower_bound: 0
# volume: 512
# Bin widths for each species index 
1	1	1	1	1	1	1	1	1	1	1	1	1	1	1	1	1	1	1	1	1	1	1	1	1	1	1	1	1	1	1	1	1	1	1	1	1	1	1	1	1	1	1	1	1	1	1	1	1	1	1	1	1	1	1	1	1	1	1	1	1	1	1	1	1	1	1	1	1	1	1	1	1	1	1	1	1	1	1	1	1	1	1	1	1	1	1	1	1	1	1	1	1	1	1	1	1	1	1	1	1	
# Bin lower bound for each species index 
0	0	0	0	0	0	0	0	0	0	0	0	0	0	0	0	0	0	0	0	0	0	0	0	0	0	0	0	0	0	0	0	0	0	0	0	0	0	0	0	0	0	0	0	0	0	0	0	0	0	0	0	0	0	0	0	0	0	0	0	0	0	0	0	0	0	0	0	0	0	0	0	0	0	0	0	0	0	0	0	0	0	0	0	0	0	0	0	0	0	0	0	0	0	0	0	0	0	0	0	0	
# Bin upper bound for each species index 
0	1	2	3	3	4	4	5	6	5	6	6	6	6	6	6	6	6	8	8	8	8	8	8	8	7	8	8	8	9	9	10	10	10	10	10	11	11	11	10	10	10	11	11	11	11	11	11	11	12	13	13	13	13	13	13	13	12	13	13	13	13	14	14	15	15	15	13	13	13	14	14	14	14	14	14	14	15	15	16	16	16	16	16	14	15	15	16	16	16	17	18	15	15	15	16	16	16	16	16	16	
# Normalized histogram for each species index 
1	
0.949519483938915	0.0504805160610848	
0.902147746748165	0.0952616823355755	0.00259057091625967	
0.857824425908933	0.134920255748324	0.00714329253726917	0.000112025805473779	
0.815212339941662	0.171124404673621	0.0132001779799278	0.000463077404788978	
0.774770192918185	0.2023795266212	0.0215410814508812	0.00125669980132331	5.24992084103732e-05	
0.736118532991945	0.23120916371886	0.0304003881598143	0.002132584114953	0.000139331014428136	
0.699980632687428	0.256004687546162	0.040060793665904	0.00376677816548876	0.000172336255937394	1.47716790803481e-05	
0.663122925775694	0.279723963546331	0.0513140046357267	0.00557242006005373	0.000248577674761629	1.6462097666333e-05	1.6462097666333e-06	
0.628470028189119	0.298945445378261	0.0641490716579851	0.00777738126029263	0.000633518532463323	2.45549818784234e-05	
0.597410070527134	0.31495398194689	0.0755846932184439	0.0110020361390083	0.000962329788943208	7.21337490860326e-05	1.47546304948703e-05	
0.570132679031747	0.327665914132718	0.0866562989051775	0.0138984634585415	0.00154536276819232	9.14802484342175e-05	9.80145518938045e-06	
0.541149921602915	0.340321501316387	0.0985312147396289	0.0175029836481428	0.0023576111927917	0.000113972916778604	2.27945833557209e-05	
0.513503527203956	0.350765969652919	0.110729733365097	0.0216996374750632	0.00302077104208498	0.000270637748942163	9.72351193804178e-06	
0.487394304219079	0.359235181520398	0.122966110897707	0.0259553342636669	0.00402442206673442	0.000408439130413642	1.62079020005413e-05	
0.462700354481077	0.365163957591467	0.135857496992159	0.0306452524567396	0.00500149382686143	0.000620140015987985	1.13046357081143e-05	
0.439200021957902	0.370697825360408	0.146849929040456	0.0361788729460885	0.00622894019216394	0.00079597395405309	4.84365489281799e-05	
0.417705520859999	0.374398060268838	0.157411566580854	0.0415992478067739	0.00785037279610766	0.000917701495853438	0.000117530191574212	
0.396745932415519	0.375766563146166	0.169531555008587	0.0471063797654642	0.00926864614143803	0.00138652134166424	0.000183155773985775	6.42651838546579e-06	4.81988878909934e-06	
0.374992189565259	0.376892328150409	0.180668573213814	0.054001746333101	0.0112790688359648	0.0019161599897463	0.000227503945270882	1.28171236772328e-05	9.61284275792459e-06	
0.35508940985014	0.376253371689978	0.191009040293697	0.0613311207785801	0.0136116966408037	0.00229050673056593	0.000381217204108176	2.40262943765657e-05	9.61051775062629e-06	
0.33999107216239	0.373999042755318	0.198770085620219	0.0671811722540856	0.0166615366516741	0.00297325999829179	0.000404492281610427	1.61152303430449e-05	3.22304606860898e-06	
0.32174147263566	0.375120160515093	0.207271243411333	0.072839852646112	0.0188272978884007	0.0036419119876646	0.000516125702414823	3.87094276811117e-05	3.22578564009264e-06	
0.306381808772157	0.371404774226938	0.215296286712382	0.0799181653512744	0.0217055893388537	0.00450252296545478	0.000700284642256437	8.73334195885626e-05	3.23457109587269e-06	
0.291673840096931	0.368013214270633	0.223539787363285	0.0865018239461554	0.0241124707242837	0.00510964791180092	0.000906288472595331	0.000129933831196463	1.29933831196463e-05	
0.275983777088781	0.364322547741826	0.231409628508286	0.0942596475321584	0.0265022788171199	0.00621716358102146	0.00111228942191712	0.00019266730889103	
0.262510038671057	0.36013591312397	0.23801084337738	0.100185130833315	0.0305143347384785	0.00710367004138029	0.00135784112936259	0.000162876430006676	1.93516550502982e-05	
0.249424718184731	0.35561316464873	0.243613643645685	0.10712378511161	0.0339133080241699	0.0085005777091647	0.00155512186912379	0.00023464377837976	2.10370284064613e-05	
0.238370530582906	0.349295286693497	0.249239919831374	0.113387124452402	0.0379602977506808	0.00948036095308711	0.00197021845626827	0.000267120826034729	2.91404537492432e-05	
0.225550724637681	0.344495974235105	0.254035426731079	0.119689210950081	0.0423703703703704	0.0112302737520129	0.00219967793880837	0.000371980676328502	5.47504025764895e-05	1.61030595813205e-06	
0.213733390456844	0.338873992917327	0.258429328108779	0.127417519908987	0.045114736421533	0.013127175226368	0.00279520098329458	0.000431635513493825	7.06020914264992e-05	6.41837194786356e-06	
0.202301533285391	0.334086706389973	0.262132088555578	0.133512366447504	0.049279587014588	0.0144371532771728	0.00347685946168071	0.000621211732073146	0.000144467844668173	4.81559482227245e-06	3.21039654818163e-06	
0.192065750011239	0.326735105419656	0.265475785268863	0.141630970194784	0.0529602918226715	0.0160232738855958	0.00407004001001856	0.000812402463538221	0.00020069230818632	2.24775385168678e-05	3.21107693098111e-06	
0.181570678270826	0.317724967274856	0.269880324067374	0.149289373896431	0.0578294304377611	0.0177149969606623	0.00471338562923939	0.0010340180687823	0.000186541362330866	4.18109950051942e-05	1.44730367325672e-05	
0.171576174844339	0.312178227089769	0.270428040683393	0.155866394238994	0.0631732013802141	0.0198462268444548	0.00544371173020622	0.00115555813780838	0.000242086202054828	7.5853676643846e-05	1.45251721232897e-05	
0.165145482883654	0.302192539712022	0.274512432467354	0.159734795564852	0.0686268967689313	0.022127288438088	0.00596952248665498	0.00137447609203014	0.000219657753837954	8.5601918775085e-05	1.13059138004829e-05	
0.157269194303595	0.29653245404272	0.27407883198452	0.166612735691843	0.0722518662813838	0.0248918414299906	0.00656717480431146	0.00144966460326757	0.000271812113112669	5.33916650757029e-05	1.94151509366192e-05	1.61792924471827e-06	
0.148280407856551	0.289925697035655	0.276543713723051	0.171496035447761	0.0769006529850746	0.0274765495439469	0.00745620854063018	0.00160817008706468	0.000247784514925373	4.53461857379768e-05	1.13365464344942e-05	8.09753316749585e-06	
0.141473355605277	0.28262058245622	0.278032064459916	0.175682801656929	0.0818534497445325	0.0295771197152133	0.00843716180367049	0.00190485153029022	0.000340731534379001	5.67885890631668e-05	1.29802489287238e-05	8.11265558045239e-06	
0.134053068331175	0.277196590150365	0.277091507547356	0.181463105498083	0.0861742010893024	0.0315312475244964	0.00974519893753405	0.00226008429241417	0.000407397168589678	6.95161835291911e-05	8.08327715455711e-06	
0.127572639956933	0.269332374847483	0.276877227311044	0.186559814836007	0.0912554821468579	0.0345941398046172	0.0104058037822582	0.00272555981967142	0.000567354853059928	0.000101543624269249	8.05901779914671e-06	
0.120359362683655	0.261403724139713	0.277696835385788	0.191227208704304	0.0967313631488493	0.0370491813870547	0.0117154690064223	0.00307222143254035	0.000592799824259889	0.000129220670138395	2.26136172742192e-05	
0.114499012355242	0.255507894702867	0.275649715325923	0.194611203635566	0.101717727255122	0.0406306079502175	0.0129733271363466	0.00344546006171166	0.000795602721509999	0.000142014278890223	2.4206979356288e-05	3.22759724750507e-06	
0.108353463162011	0.248758012369183	0.275699528310237	0.199043102241291	0.104870908924126	0.04353031866015	0.0146769383777799	0.00397339483056344	0.000902824827843697	0.000156103401605773	2.73583281164757e-05	8.04656709308108e-06	
0.102284821851082	0.242689845971966	0.273800698673876	0.203301823561428	0.109237644406329	0.0465701831313704	0.0163492271142314	0.00449470503397273	0.00100941094007652	0.000211572533040039	3.87613800989384e-05	1.1305402528857e-05	
0.0983367589393741	0.2353739579436	0.272913093265566	0.205840860758428	0.113425622237447	0.0502567989776631	0.0174341481902596	0.00488331073891051	0.00123580964968117	0.000228373736048551	6.80262192485046e-05	3.23934377373832e-06	
0.0942641797421539	0.228566909205947	0.269616492236243	0.209518715531102	0.118330033885923	0.0531950283252396	0.0191933258756038	0.00557372878868425	0.0013812019555341	0.000285372304862418	6.68586542820522e-05	8.15349442464051e-06	
0.0886726545271043	0.220986129179187	0.269437335544101	0.211987954373421	0.122781176578531	0.0568185914219148	0.0209192818499671	0.00633575054149613	0.00160236980335744	0.000353897625281398	9.99433108433577e-05	4.91524479557497e-06	
0.0832637070564861	0.213447849370403	0.266504717043197	0.215870514861647	0.12846377021355	0.0600978934487704	0.0226000315785319	0.00727128590413284	0.00195556637412666	0.00039308693306667	0.000118419494480336	1.31577216089262e-05	
0.0797880301507703	0.207626177815862	0.262750180506603	0.21735462022891	0.132315040352888	0.0644593601102612	0.0246179756616245	0.00824327191448839	0.00230423462733405	0.000457228569877848	7.56565259510108e-05	6.57882834356615e-06	1.64470708589154e-06	
0.0749163780939286	0.202120005834277	0.260870847789284	0.218998438183704	0.136364753755816	0.0675448673931106	0.0268704511895534	0.00900215835473388	0.00263198003235074	0.000558845075362143	0.000103247037383622	9.83305117939255e-06	6.55536745292836e-06	1.63884186323209e-06	
0.071246890368558	0.194174007996782	0.259356809169205	0.221921362244353	0.14127866402844	0.0698363697567304	0.0289197776664833	0.00967331423082291	0.00276521153704053	0.000650251644102168	0.000142858315749719	2.13466448821419e-05	9.85229763791164e-06	3.28409921263721e-06	
0.0681258693713593	0.187950081866658	0.256420825826837	0.224472300822608	0.144673247749693	0.0727241972222815	0.0307660978425631	0.0106155682958433	0.0031777729969766	0.000801422854017871	0.000226631872652595	2.95606790416428e-05	9.85355968054759e-06	6.56903978703173e-06	
0.0652107528788282	0.181306250841403	0.251337214456692	0.225853797886068	0.1495939924676	0.0772284444969808	0.0327908954493664	0.0117369504614991	0.00365620208109643	0.00103595128566316	0.000188802532252398	4.26857899005421e-05	1.47758503501877e-05	3.2835223000417e-06	
0.0617837107867254	0.176432908608843	0.247134843146901	0.22612864562525	0.154594651707208	0.0811538550433694	0.0348920138808636	0.0122464612712679	0.00414378778523623	0.00117544896537378	0.000264145834915457	3.13673178962105e-05	1.32072917457728e-05	4.95273440466482e-06	
0.0580359513568053	0.170375643885083	0.24339851840051	0.228818172162923	0.157609128564601	0.0855404651903776	0.0367943816048006	0.013448568849238	0.00444911316446285	0.001158329350539	0.000321942541553821	2.98709574637566e-05	1.49354787318783e-05	4.9784929106261e-06	
0.0553729792627686	0.16382329717824	0.239019241158625	0.229888210115114	0.161554253418111	0.089114408012301	0.0400498690936292	0.0144553879399909	0.00505007688151935	0.00131321946556955	0.000290903046170469	5.48560029921456e-05	1.16361218468188e-05	1.66230312097411e-06	
0.0527313753260532	0.159648601395699	0.235817619408945	0.229048331421152	0.163552107910121	0.0926862799466692	0.0428588743754971	0.0161685863196293	0.0053745855326186	0.00166368078581521	0.000370260294647497	6.30936824959861e-05	1.66036006568384e-05	
0.0506603430495843	0.15401362035381	0.232025932144002	0.228938851220634	0.166381871412036	0.0961545167863139	0.0452633484283121	0.0180575136959117	0.00604131274836554	0.00185822676344723	0.000498184118886658	6.97457766441321e-05	3.15516608628217e-05	4.98184118886658e-06	
0.0484074018023891	0.148623096457253	0.228756072128825	0.229324827502482	0.17007448699762	0.0988320558511125	0.0474478349877684	0.0191165000590375	0.0066803810993609	0.00203720857523453	0.000555451154390476	0.000118074945993185	2.49454111253208e-05	1.66302740835472e-06	
0.0449841566386431	0.14444017070535	0.224609410773486	0.229311633839355	0.173231296424879	0.10322578496654	0.0499344785844044	0.020429027901966	0.00710162230025959	0.00196314482813741	0.000576122231158222	0.000168174408517285	2.16462109972742e-05	3.33018630727296e-06	
0.0428327926540936	0.137189234401529	0.220660445106478	0.230987501895293	0.17554496968364	0.107497696489834	0.0525333613253556	0.0221153637879871	0.00756451078109405	0.00223602939828815	0.000628154309355167	0.000169951563804316	3.16576442380588e-05	8.33095901001548e-06	
0.0403043930820967	0.13327706309384	0.216327933169638	0.229804433116259	0.180425629870823	0.110077265933597	0.055148726913633	0.0228061278958044	0.00844720828440269	0.002485454254297	0.000653891320593573	0.000206843172840824	3.00256218639906e-05	1.66809010355503e-06	3.33618020711007e-06	
0.0380715949389037	0.129248354843604	0.212117220831923	0.229043116685646	0.182036742798742	0.113931352754543	0.0574516790015189	0.0247202775633512	0.00916152459773488	0.00318444258083232	0.000780271794675145	0.000178395474423591	6.83571444053012e-05	3.33449484903908e-06	3.33449484903908e-06	
0.0370717306764314	0.124090613849218	0.208195787895334	0.228676908896915	0.18347183887606	0.117101051439907	0.0604949465096436	0.0261348855304704	0.00983648164196275	0.00347474423644958	0.00113542819835931	0.000250462102579259	5.51016625674369e-05	5.00924205158517e-06	3.33949470105678e-06	1.66974735052839e-06	
0.0356449096673544	0.120128159965108	0.20315031956117	0.225331722946337	0.186306678073575	0.120664955630483	0.0641118547967725	0.0283159713485314	0.0109003069800211	0.00377769949507658	0.00128327713753711	0.000296915102410548	5.7034539446094e-05	2.34848103601563e-05	3.35497290859376e-06	3.35497290859376e-06	
0.0336617777621136	0.117436085922539	0.197899096903694	0.224404579089318	0.187345910556375	0.124349027170091	0.0664541931629182	0.0307683787063284	0.011786741049176	0.00418401615201422	0.00123019809042376	0.000335661143362553	0.000114124788743268	2.51745857521914e-05	3.35661143362553e-06	1.67830571681276e-06	
0.0322174577423546	0.113176778658122	0.194906868255774	0.222794221590947	0.18973699622357	0.126332016182777	0.0690931855970596	0.0322797250812841	0.0128287547205375	0.00464985560708973	0.00141868558696223	0.000398847549359488	0.00012958338101553	3.70238231472942e-05	
0.0306039857370989	0.109250188046154	0.192121749578053	0.221335792376853	0.19026568776093	0.130260875125574	0.0714087391400191	0.033777632688227	0.0137530310347671	0.0051424523237793	0.00148585909747942	0.000444243263572557	0.000116109034797373	3.36547926948907e-05	
0.0289185962592995	0.105949980102657	0.187766843606882	0.21954188896608	0.191194919769865	0.132920997430208	0.0750939222047605	0.0359737220172534	0.0151135497534753	0.00528291324083879	0.00158335637827885	0.000495747364445134	0.000128152379924592	3.54105260317953e-05	
0.0277708285439965	0.102861431527134	0.183569081393934	0.218109778360762	0.191588121543226	0.135294256852696	0.0779354690394732	0.0377337759807435	0.0164454556518682	0.00602104152862108	0.00191348091252079	0.000559507227954401	0.000157202937159394	3.71877915860931e-05	3.38070832600847e-06	
0.0261154904628916	0.0991750681222026	0.180992972299799	0.215556294559386	0.194507127805057	0.136721175740012	0.0809305340169873	0.0393055777068183	0.0175302265763121	0.00627267205309969	0.0021564961264511	0.000571785361616066	0.000140825474819387	2.2057002080145e-05	1.69669246770346e-06	
0.0244438116317417	0.0958995442043356	0.176752545413311	0.215905273622339	0.195509568639621	0.138958848796225	0.0826263924958266	0.0419679868769045	0.0177782476506828	0.00685824976511091	0.00245546485871699	0.000653085445061532	0.00016028728938847	1.70518392966457e-05	1.36414714373166e-05	
0.0231643521132061	0.0908201354176289	0.174244990266216	0.21464617953271	0.195676420978442	0.142806066764518	0.0848207717915294	0.0438875602587921	0.0189800226494367	0.00736962033111971	0.00252154604644161	0.000821127613495232	0.000189885760620772	3.93456981466465e-05	1.19747776968055e-05	
0.0223894743853141	0.0864223464374094	0.167974000201522	0.212450665450701	0.19729037833259	0.146021726841581	0.0891172808828728	0.0461247081768546	0.02037254309248	0.00783716994311263	0.00286400827949442	0.000870986417735333	0.000199814531127518	5.80657611823555e-05	6.83126602145359e-06	
0.0213184711969692	0.0840529208886715	0.163228778747417	0.209915789151931	0.197950682568066	0.148329283265323	0.092426457727309	0.0485108146155662	0.021510361211726	0.00857731384545891	0.00286476508756468	0.000971337065848842	0.000263211967144354	7.81145192815502e-05	1.69814172351196e-06	
0.0201501960297809	0.081525276540495	0.15906877781762	0.2060037625482	0.199528916729404	0.150926786658079	0.0950153883802859	0.0509303554707349	0.0230562291925476	0.00906818301551074	0.00322722630180939	0.00111822796555586	0.000253215755118272	0.000110463248877099	1.69943459810921e-05	
0.0192471629657919	0.0774421681488352	0.155458903922745	0.204667125866114	0.199122633531562	0.153793169294561	0.0972451443068362	0.0533069179987997	0.0245529625184134	0.00996030880026188	0.0035684570898576	0.00125995689890338	0.000248922472584429	8.18375252332369e-05	4.26237110589776e-05	1.7049484423591e-06	
0.0180320808643415	0.0750443014164537	0.152352613741014	0.202695364565335	0.198550352113275	0.156376765460386	0.099308370201531	0.0551942027702642	0.0260071869579354	0.0107566052092678	0.00399521323408	0.00125797297826379	0.000311514282844755	7.14950813086323e-05	2.89384852915893e-05	1.70226384068172e-05	
0.0173367316270548	0.0718582904726085	0.147319768458695	0.200255381433566	0.199482784676435	0.157329566004384	0.103448158757596	0.0574981788790725	0.0276691519944033	0.0117129064410797	0.0043384279438908	0.00125822900447087	0.000339602970167577	0.000103578905901111	3.22622821659198e-05	1.35841188067031e-05	3.39602970167577e-06	
0.0160794007541576	0.0682362981676487	0.143580650316386	0.197959558386008	0.199751447622092	0.15946114116483	0.106552806329755	0.0597154738305968	0.0291479515679881	0.0127676358282642	0.00476023705980558	0.00140767010197108	0.000433521589375151	9.35046565318953e-05	3.23016086201093e-05	1.02005079852977e-05	1.02005079852977e-05	
0.0150774225392965	0.0655746602957814	0.139635353324615	0.194873438870203	0.20026223079363	0.162209930507143	0.109455065413522	0.0619668666473301	0.0297986454235977	0.0135118402461509	0.00531415961476159	0.00163003746881133	0.000515641405326372	0.000123821784831662	2.20504548330357e-05	2.20504548330357e-05	6.78475533324174e-06	
0.0149490189706301	0.063377611677567	0.135560114284167	0.191495375824295	0.199438734749699	0.164772650336488	0.112026242027867	0.0644050182123465	0.0318208284248013	0.014055327619125	0.0056160376975261	0.00181446425911633	0.000475619829115381	0.000164181933893922	1.69259725663837e-05	1.01555835398302e-05	1.69259725663837e-06	
0.0142423523027878	0.0614020212982432	0.131565827850505	0.187560198060096	0.198831648918131	0.167769449908431	0.115258088584413	0.066830021026928	0.0334701214135522	0.0146594994234552	0.00570609780912976	0.00191277216306044	0.000554500440887201	0.000196703520314726	3.05229600488367e-05	1.69572000271315e-06	8.47860001356576e-06	
0.0128943935427944	0.0596779200686706	0.129505446316336	0.185917781913242	0.198086113038419	0.167917201741871	0.117601754763936	0.0685874523521538	0.035156349398878	0.0155764138284355	0.00591537301456705	0.002293542964065	0.00064972407931723	0.000167944344262156	5.25886330517862e-05	
0.0122169056844693	0.0563115302459682	0.125828185649423	0.184099175125395	0.199613541663129	0.168369166194065	0.119567764348709	0.0716611935381993	0.0361481174588836	0.016370144225708	0.00661699533736998	0.00223453062970975	0.000711450101708499	0.000179984989931028	6.11269777124247e-05	1.01878296187375e-05	
0.0119783616692427	0.0532651546616372	0.121693481946497	0.181123994852556	0.197448065963546	0.171659778442013	0.122311379528696	0.0745000646834934	0.0380253831645889	0.0172466619912984	0.00717816557612566	0.00245116396244272	0.00085280079526653	0.000182135099987063	4.76615214919418e-05	3.57461411189564e-05	
0.0109591607343574	0.0514748458734971	0.117796927688273	0.178352464320992	0.196624544432712	0.172202731700671	0.124980414864266	0.0766272693211622	0.040411798766988	0.0184134337000579	0.00774549541878129	0.00306549950611397	0.000991178173643517	0.000248646071051466	4.08733267481862e-05	3.40611056234885e-05	3.06549950611397e-05	
0.010619161505284	0.0487060771447844	0.114662755599163	0.174507539366189	0.196309696585652	0.173715445991156	0.127513405967444	0.0787289711984628	0.0421427744049931	0.0199999318629355	0.00818155802211729	0.00342729434530502	0.00101353883471992	0.000338981895981957	8.0061050809809e-05	3.74753854854425e-05	1.53308395167719e-05	
0.00989768361148738	0.047925984614205	0.11074705446367	0.171097537080107	0.195341665175795	0.174750598478459	0.129940961484397	0.0813010623525102	0.0441297995416635	0.0207989367955632	0.00891967183786132	0.00338385258261559	0.00115180480657006	0.000451521115001576	0.000114158168698512	2.89655054906671e-05	1.87423859057258e-05	
0.00941558219996042	0.0458273906605068	0.108331229229079	0.16796552453613	0.192551129733382	0.177433993680863	0.131621957294645	0.08433420454623	0.0456277850947529	0.0218883710138598	0.00946676311425627	0.00372767659121463	0.0011942213335699	0.000453804106756563	0.000102361828591706	4.09447314366824e-05	8.53015238264216e-06	8.53015238264216e-06	
0.00925038237078431	0.0442217152427093	0.105964984235216	0.16524057317167	0.189536284637666	0.179040099800911	0.134322797843343	0.086050942896448	0.0474618270060581	0.0228602189126144	0.0102107952457854	0.00384506933941709	0.00135175548776841	0.000464826160142866	0.000138422496219015	2.56337955961139e-05	1.02535182384456e-05	1.70891970640759e-06	1.70891970640759e-06	
0.00883201554325276	0.0436247522195484	0.10335031666299	0.16173500190699	0.1904886512705	0.176992633715929	0.136771388648021	0.0880772921081392	0.0492157395957865	0.0237441657217231	0.0107646603077523	0.00416288261662998	0.00152901276058636	0.000521643055904743	0.000174451120335357	1.53927459119432e-05	
0.00823861989476663	0.0422843074069148	0.101134515247926	0.159503909593423	0.189498487654005	0.177900993340222	0.137347273514678	0.089613746491937	0.0512322124581846	0.02545242503913	0.0109973299505887	0.00446031242647134	0.00161635175087723	0.000542193941749957	0.00015004109079873	2.72801983270418e-05	
0.00786736507979756	0.0399277292264098	0.0977664857059172	0.157287700345347	0.188317814302938	0.177354589977454	0.141234529218236	0.0907471612775784	0.0536343139725766	0.0270776995960738	0.0118334025843102	0.0046029194395439	0.00158879905182925	0.000560251755682554	0.000136231429953204	6.30070363533571e-05	
0.00750753558684073	0.0381106035439784	0.0943559177095216	0.152969437733867	0.18648813601968	0.179196510084001	0.14244596733474	0.0954201652813881	0.0552354690254654	0.0279900511552866	0.012498958703454	0.00523283390767567	0.00175277834919221	0.000538924089906819	0.00017000759933969	8.33037236764483e-05	3.40015198679381e-06	
0.00681889483368239	0.036421140100223	0.0910638730847826	0.150137785427813	0.185429508975131	0.178349457761347	0.143939560952034	0.0981947989180664	0.0580699865182258	0.0292427312887389	0.0134495535752139	0.00588280183487794	0.00205703044845977	0.000647803488303077	0.000206890119300983	7.12244673003383e-05	1.69582065000806e-05	
0.0064583938842964	0.034723583445423	0.0888916301107829	0.14797528844789	0.183433932421746	0.179630205411397	0.144538246804599	0.100162558213414	0.0597173312064456	0.0309992767680318	0.0139408031254436	0.00597173312064456	0.00250596497394337	0.000753648265933071	0.000201085523870035	8.27999215935436e-05	1.35183545458847e-05	
0.00623797311369557	0.0324839669599738	0.0860510024230701	0.144848364343463	0.180749567790356	0.179071280048259	0.148044862181572	0.102845675039008	0.0619180335050938	0.0326305643832293	0.0150590939268226	0.00628346886574035	0.00253091183597265	0.000899804873774563	0.000266234400854646	6.06610027263751e-05	1.85353063886146e-05	
0.00612456073158768	0.0313148823802133	0.0820701216849093	0.141598970616891	0.179302142756355	0.179280305320943	0.148738132193755	0.105676389364833	0.0640979123411747	0.0345820986783312	0.0163461603069336	0.00696782169901967	0.00259361540580674	0.000923891498182453	0.000265408830386959	9.91083607141177e-05	1.84778299636491e-05	
0.00592057154864467	0.0303189745744904	0.0813280100861525	0.136921201933179	0.178074385375079	0.180824542971212	0.149836520277369	0.10624248791763	0.0665097709602858	0.0354091195629334	0.017144778314772	0.00717797856692582	0.00294347552006724	0.000968270645093507	0.000250472788400925	0.000104223576381593	2.52153813826434e-05	
