# <P(N_2)> as a function of N_tot.
# number_of_species: 2
# species_total_upper_bound: 100
# species_total_lower_bound: 0
# volume: 512
# Bin widths for each species index 
1	1	1	1	1	1	1	1	1	1	1	1	1	1	1	1	1	1	1	1	1	1	1	1	1	1	1	1	1	1	1	1	1	1	1	1	1	1	1	1	1	1	1	1	1	1	1	1	1	1	1	1	1	1	1	1	1	1	1	1	1	1	1	1	1	1	1	1	1	1	1	1	1	1	1	1	1	1	1	1	1	1	1	1	1	1	1	1	1	1	1	1	1	1	1	1	1	1	1	1	1	
# Bin lower bound for each species index 
0	0	0	0	0	0	0	0	0	0	0	0	0	0	0	0	0	0	0	0	0	0	0	0	0	0	0	0	0	0	0	0	0	0	0	0	0	0	0	0	0	0	0	0	0	0	0	0	0	0	0	0	0	0	0	0	0	0	0	0	0	0	0	0	0	0	0	0	0	0	0	0	0	0	0	0	0	0	0	0	0	0	0	0	0	0	0	0	0	0	0	0	0	0	0	0	0	0	0	0	0	
# Bin upper bound for each species index 
0	1	2	3	3	4	4	5	6	5	6	6	6	6	6	6	6	6	8	8	8	7	7	8	8	7	8	8	8	8	8	9	10	10	10	10	11	11	11	10	10	10	10	10	10	10	11	11	11	12	13	13	12	12	13	13	12	12	13	13	13	13	14	14	15	15	15	13	13	13	14	14	14	14	14	14	14	14	15	15	16	16	16	16	14	15	15	16	16	16	17	18	15	15	15	16	16	16	16	16	16	
# Normalized histogram for each species index 
1	
0.949234051813864	0.0507659481861363	
0.902580577806461	0.0948734862002202	0.0025459359933184	
0.857853319108358	0.13513175410935	0.00690163052201252	0.000113296260279275	
0.815432313357124	0.171120933279414	0.0129761406446212	0.000470612718840826	
0.776006470756975	0.201505767720516	0.0211921993519838	0.00123677985788788	5.87823126372567e-05	
0.73784079335802	0.229925517086014	0.0299926314949617	0.00208852531339613	0.000152532747607583	
0.700410040111599	0.256026133598865	0.0396583468760862	0.00373404225338882	0.000154997980329347	1.64391797319005e-05	
0.662520649110874	0.280835018047975	0.0510154503935478	0.00537054636895606	0.000237005576741221	1.89604461392977e-05	2.37005576741221e-06	
0.627744925456957	0.299857001949115	0.0640187643646969	0.00771151205100736	0.000637120028693998	3.0676149529711e-05	
0.59625725453038	0.316216984484188	0.0759114058983774	0.0106336610209641	0.000893047494966244	6.63271349046547e-05	2.13194362193533e-05	
0.569755164227758	0.327810650887574	0.0870944501529485	0.0138043439747723	0.00142909447377434	9.44855850429319e-05	1.18106981303665e-05	
0.540377126944045	0.340771245840512	0.0984188044273476	0.0180445094753735	0.00226323366294574	0.000101479715856796	2.3599933920185e-05	
0.514050493190942	0.349913641785658	0.110777552019985	0.0220898922221363	0.00292703961229029	0.000236694155997853	4.6870129900565e-06	
0.487066342414737	0.359437963321938	0.12315699197594	0.0260082942703744	0.00396151270574137	0.000366545659605963	2.34965166414079e-06	
0.462681909267107	0.36508092938565	0.136258898947378	0.0305438623660758	0.00485482455522862	0.00056784318142355	1.17322971368502e-05	
0.438042431219604	0.3721095787421	0.146707233982567	0.0362638911730846	0.00605455442520499	0.000772971829993187	4.93386274463736e-05	
0.418332029768122	0.373818009807182	0.157516731688812	0.0415212840195394	0.00779563219790462	0.000906251024508587	0.000110061493932567	
0.395716251195112	0.376179371779027	0.1704451647506	0.0467761117459133	0.0093230417648019	0.00137583657859758	0.000170230627521395	6.99577921320803e-06	6.99577921320803e-06	
0.374162014096068	0.377731374796826	0.181044485628382	0.0536938813949108	0.0112080251320198	0.00193001262646815	0.000211603793986267	4.650632834863e-06	1.3951898504589e-05	
0.35456655645373	0.377227978130903	0.191280243692188	0.0607371642203732	0.0134741704404722	0.00229565104245328	0.000383383018223473	2.55588678815649e-05	9.29413377511449e-06	
0.340095916766288	0.37455637328153	0.198982927375971	0.0664762963239689	0.0164935744172146	0.00296295950388524	0.000415608188882247	1.63441422594142e-05	
0.32195358216497	0.376074346776203	0.207280525885616	0.0719110856520129	0.01864257987598	0.00357669281657574	0.000528586763908003	3.26000647344143e-05	
0.306044964548258	0.372469230124198	0.214855723988857	0.0796499548118402	0.0216879874032181	0.00450716954411203	0.000684810256314696	9.78300366163851e-05	2.32928658610441e-06	
0.290834709503078	0.369184900915778	0.223565812190362	0.0864594280138117	0.0239031301606365	0.004989397237652	0.000900765650803183	0.000143090376820297	1.87659510583996e-05	
0.274921281502031	0.364076272079222	0.232273998899697	0.0947009867612459	0.0265360349287729	0.00609614776837448	0.00117521742692933	0.000220060633727804	
0.26188987331989	0.36022914368555	0.238282265487223	0.100344043411768	0.0304369515271171	0.00714785903822418	0.00145908131743567	0.000192046016099077	1.87361966925929e-05	
0.248892783777162	0.355376359284597	0.243182375002356	0.108224496334408	0.0338713933020486	0.0086056614085675	0.00156188160796065	0.000268558828518121	1.64904543826916e-05	
0.237684723251412	0.349042577794979	0.249342760453295	0.113894775594583	0.0383086878336346	0.00940666726451473	0.00205077617984528	0.00024543236214489	2.35992655908548e-05	
0.225198091565451	0.343694143808143	0.253425846433883	0.120647028743802	0.0428999010128589	0.0114046322228946	0.00231282751373388	0.000370615362241332	4.69133369925736e-05	
0.21359416663152	0.338209313332677	0.257649032536213	0.12797280135712	0.0457184631173469	0.0134751374225021	0.00288669262815556	0.000428786323825055	6.56066506398992e-05	
0.202231097774303	0.332753370009556	0.262030716923893	0.133802469657587	0.0499050222006203	0.014825459215899	0.00365823019613092	0.000655100272606243	0.000131489660451432	7.0440889527553e-06	
0.191757307634506	0.325201476555455	0.265939660354674	0.141897730688308	0.0534382514277127	0.0165854185452359	0.00411641493838293	0.000835963330327622	0.000201946197775774	2.34821160204388e-05	2.34821160204388e-06	
0.180852064549204	0.31690677428003	0.270543193501808	0.149539303805506	0.0580326696862374	0.0181621067385343	0.0046939744982668	0.00103709556800384	0.000183431869170747	3.7627050086307e-05	1.1758453151971e-05	
0.170629925536864	0.311748549350425	0.271701882951414	0.155803424879142	0.0630681268022417	0.020298466574247	0.00527122482765787	0.00115957499568997	0.000257420925723435	4.01482177733798e-05	2.12549388212011e-05	
0.163849894311794	0.302453103820889	0.274936255319956	0.160522848557806	0.0685101280580859	0.0219717722442867	0.00603086285178059	0.00140285689911753	0.000248817524336724	6.39816491151575e-05	9.47876283187518e-06	
0.157615322209518	0.296018578700914	0.272956508950133	0.167701716015353	0.0723672661887569	0.0247605311724603	0.00688873179965746	0.00137110433202549	0.000256192504945939	3.79544451771761e-05	2.37215282357351e-05	2.37215282357351e-06	
0.147695318437453	0.289628932968536	0.275977542179663	0.172955616355069	0.0767665108679131	0.0274452804377565	0.00761893904848761	0.00158173734610123	0.000254122967016264	4.749962000304e-05	1.6624867001064e-05	1.187490500076e-05	
0.142216941258272	0.282607505054089	0.276842629126315	0.176006114911765	0.0823417635615075	0.0291791778682103	0.00845562759996857	0.00192638770159802	0.000345273444662192	4.76239234016816e-05	1.90495693606726e-05	1.19059808504204e-05	
0.134133899552848	0.278058283682605	0.275972834719293	0.181770193466224	0.0863721473022907	0.0311420732818717	0.00979521885378423	0.00222037585424108	0.000452123441535231	7.1014153120717e-05	1.18356921867862e-05	
0.127279853239428	0.269136601132814	0.276892529046363	0.186852934857289	0.0919850689533865	0.0341166387673623	0.0102822118914784	0.00270099894462716	0.000606780357315717	0.000136938757682146	9.44405225394112e-06	
0.120524251238855	0.260882026890024	0.277977278972153	0.191229001051724	0.0968723055495021	0.0371822324973233	0.0116210761694507	0.00297751584692205	0.000573236941093982	0.000135018618356847	2.6056224595181e-05	
0.114417828377985	0.255052469084728	0.27676821642936	0.19450321622842	0.101429986454253	0.0404717607816345	0.01294292583408	0.00340180278999837	0.000853405703397784	0.000144204287831758	1.41840283113205e-05	
0.108145263995443	0.249473280304332	0.27626006652558	0.199541430182274	0.103597230690279	0.0432322109986135	0.0146092622628584	0.00397599806025909	0.000967516401874769	0.000176554087933352	2.11864905520022e-05	
0.102425774234733	0.243653552523829	0.273740327228189	0.203537066273974	0.108490799804598	0.0458912401679328	0.0165030053735655	0.00452398989005076	0.000993531426036187	0.000191154502396511	4.95585746953918e-05	
0.0984504227735939	0.236902552286675	0.272744081525256	0.204815849920708	0.113391504704201	0.0493650692059157	0.0176315670950109	0.00519133260796905	0.00119708811279652	0.000239417622559303	7.11141453146445e-05	
0.0947890676942214	0.229855803944838	0.269220778911297	0.208892447520119	0.117904283940644	0.0526359687062866	0.0190497978014331	0.00584791140914648	0.0014488712863737	0.000295493486036741	5.24262636516799e-05	7.1490359525018e-06	
0.089503308177031	0.222629696525758	0.270354295858158	0.209833624821945	0.121814403275489	0.0565718553230274	0.0208821964482132	0.00632526311519805	0.00169405387091309	0.000305406895037854	8.35096978619131e-05	2.38599136748323e-06	
0.083910225107479	0.215508574383133	0.267361809285803	0.21451995901914	0.127112477139766	0.0599225385153056	0.022034393282203	0.00713574431007574	0.00201074311320484	0.000351880044810847	0.000117293348270282	1.4362450808606e-05	
0.0802620939368713	0.208995346329898	0.262950250334535	0.217107664124759	0.131044583161395	0.0643427734538056	0.0242009927511515	0.00820057294287984	0.00235903625378364	0.000455587385715546	7.39435023936227e-05	4.77054854152405e-06	2.38527427076202e-06	
0.075434771778917	0.20228778558771	0.261003029346947	0.219408221699803	0.135808209364169	0.0668496452319218	0.0269154036480264	0.00895756779260953	0.00265690570119774	0.000555103512571671	0.000106750675494552	4.74447446642454e-06	9.48894893284908e-06	2.37223723321227e-06	
0.0713986460108738	0.194505013187587	0.25978119078678	0.222129914399703	0.141230968454529	0.0693300515125258	0.0284223455814441	0.00968835397960447	0.00269464783904478	0.000652238081182217	0.000149967150052846	9.52172381287908e-06	2.38043095321977e-06	4.76086190643954e-06	
0.0687576512506371	0.187247836214411	0.257048677435182	0.22409768831008	0.145641704734368	0.0724588321035759	0.0302572725583877	0.0103866471683823	0.00301286600963164	0.000807400456336069	0.000250079787360729	2.61988348663621e-05	7.14513678173513e-06	
0.065161666319201	0.181711142277732	0.251724693440479	0.225783219301404	0.149302067736861	0.0772439967401399	0.032522790591892	0.0117151223395182	0.00349439948448724	0.00108977882228076	0.000182419498512215	4.73816879252507e-05	2.13217595663628e-05	
0.0618214200902398	0.176556637378295	0.24743528853004	0.225867964853954	0.153999050106863	0.0812111137497032	0.0352125385894087	0.0121325100926146	0.00418190453573973	0.00123486107812871	0.000294466872476846	3.08715269532178e-05	1.89978627404417e-05	2.37473284255521e-06	
0.0578717559217916	0.169928530718437	0.24299555731493	0.229078482666851	0.157547199057569	0.085815601145607	0.0369460653740035	0.0136809899342063	0.00449753303397474	0.00122096336871424	0.000360088806007521	3.81551052723201e-05	1.43081644771201e-05	4.76938815904002e-06	
0.0553963523206096	0.164556659488579	0.238834329581767	0.229219197759098	0.160885557703936	0.089648018776156	0.0400092733560706	0.0145338346044364	0.00514336656285925	0.00132647232452922	0.000353725953207792	7.64812871800632e-05	1.67302815706388e-05	
0.0524009738784374	0.160582318079412	0.236466868521628	0.228658142838693	0.161778141308039	0.093123538106103	0.0428750460391943	0.0166291178172878	0.0053046718421896	0.00169567733819316	0.00037309684733164	8.84909189184018e-05	2.3916464572541e-05	
0.0498920019231551	0.154885746885039	0.23213965359288	0.229666342154173	0.165664026713677	0.0957439428985584	0.0454620475861294	0.0180570870897448	0.00602540765387035	0.00180833989135609	0.00052862846030383	7.41515034815327e-05	4.54476956822297e-05	7.17595194982574e-06	
0.0488097916357527	0.148241133869123	0.229028351514745	0.228841670934791	0.170592543307501	0.0984309257920761	0.0477184282452504	0.0189576522284396	0.00668699410759503	0.0019960462010502	0.000540895013713843	0.000117273697663621	3.59001115296798e-05	2.39334076864532e-06	
0.0451508019546672	0.144409302147405	0.224283939118963	0.228653448800121	0.173992678377751	0.103134793986597	0.0502170389329298	0.020420574285256	0.00699121548985196	0.00192737276346946	0.000579408954980882	0.000210694165447593	2.39425188008629e-05	4.78850376017258e-06	
0.0432011144968368	0.136580917114085	0.221278846821314	0.230920584919345	0.175425536243887	0.107895070697303	0.0524383208822142	0.0215742267819143	0.00753769445647933	0.00222851493775238	0.000672623735239978	0.000189100623074585	4.54798966888242e-05	1.196839386548e-05	
0.0407133018308431	0.132104799984695	0.216209753017926	0.230498268638442	0.179889422433089	0.111113236785216	0.055303131755658	0.0224287846033173	0.00822396740066193	0.00252290945266017	0.000738937460542174	0.000205658969600735	4.06535172466568e-05	2.3913833674504e-06	4.78276673490081e-06	
0.0383639587863108	0.12958635948132	0.211455248014855	0.229054839410292	0.181914952015218	0.113955802924673	0.0574838837481831	0.0248647332733474	0.00900743937162728	0.00319102979328714	0.000818641151157434	0.000202870256117732	9.06949380291035e-05	4.77341779100545e-06	4.77341779100545e-06	
0.0374389946023095	0.125121531852121	0.208510342779691	0.228194910748924	0.182592328286868	0.116692130483302	0.060557585742817	0.0264065366176069	0.00959562820592644	0.00341965487348714	0.00113509552523313	0.000249050494987859	7.18414889388054e-05	7.18414889388054e-06	4.78943259592036e-06	2.39471629796018e-06	
0.0357590301067808	0.121366755329401	0.204459157318531	0.224227574110481	0.185035272348791	0.12011391233954	0.0646226051424386	0.0280395898384796	0.0110442928183185	0.00369588682009175	0.0012407964226514	0.000289117613044987	6.26421494930804e-05	3.37303881885818e-05	4.81862688408311e-06	4.81862688408311e-06	
0.0338469620875466	0.118198074012666	0.199450062175267	0.224900953354091	0.185838980518416	0.123066060016002	0.0665901926951291	0.0304947994486162	0.0117410038654701	0.0041883958781172	0.00118566787804008	0.000342204956670105	0.000113265020869683	3.61484109158561e-05	4.81978812211415e-06	2.40989406105708e-06	
0.0321245195410714	0.11375677940794	0.196316240715944	0.222716194476288	0.189329717649099	0.125061412043504	0.0687453639927943	0.0324833585403682	0.012776113364224	0.00467935688344717	0.00144498925891318	0.000404596992495689	0.000118007456144576	4.33496777673953e-05	
0.0310314117222289	0.108848236851607	0.193354194247202	0.220977253580455	0.190663136358166	0.129259838729089	0.0711902756047659	0.0340426044048622	0.013488987844506	0.00503309664219521	0.00149476471296185	0.00046937056204116	0.000110723312071248	3.610542784932e-05	
0.028888480404013	0.106031655427958	0.187990383406054	0.220313361647785	0.191117711366737	0.132206398808084	0.0749567059779612	0.0361613923744473	0.0149908574635024	0.00519528264466008	0.0015455240269729	0.000440196201735631	0.000128189003802134	3.38612462873562e-05	
0.0271580543064223	0.102893065312517	0.183405859746751	0.218397735335498	0.191954048039365	0.134957246950622	0.0784326545635944	0.0376483522337893	0.0165321477262546	0.0059110843122583	0.00195906071635271	0.000573915191317172	0.000145294985143588	2.66374139429911e-05	4.84316617145293e-06	
0.0260864290393808	0.0982796690364691	0.181852813432655	0.214934608012035	0.194700701235047	0.136575837721107	0.0814257637153325	0.0394147477737607	0.0177177104311746	0.00604420935141824	0.00221289398976051	0.000589619780166452	0.000143158712056875	1.94113507873729e-05	2.42641884842161e-06	
0.0244048025104032	0.095314433843665	0.17603276387982	0.215852279925546	0.195957139933537	0.139728884254432	0.0826503464473312	0.0421169832282459	0.017948505549979	0.00666338573085282	0.00247775622971748	0.000660247726896202	0.000158362000916063	1.94907078050539e-05	1.46180308537905e-05	
0.023304054631858	0.0905286047619629	0.173553880547785	0.213557789804171	0.196374164701858	0.14332311225674	0.0850409861099234	0.0441306180290018	0.0192677474131718	0.00734695872069585	0.00253857336574758	0.000791624418192702	0.000200349389789511	3.9092563861368e-05	2.4432852413355e-06	
0.0224559380984017	0.0863725624291688	0.166617003399898	0.211912345148306	0.197614209230529	0.146759838211732	0.0890885732150533	0.0463675798194537	0.0207388917112822	0.00799904255734886	0.00293583180272773	0.000898823713314315	0.000178299269217242	5.12915705967408e-05	9.76982297080777e-06	
0.0213753086720109	0.084034206332794	0.16204459474254	0.208510224190154	0.198637585607065	0.149831522863017	0.0923206053012517	0.0483681438320338	0.0217256438016227	0.00882893184278711	0.0029973116644568	0.000997481966255915	0.000262751347208875	6.32549539576922e-05	2.43288284452662e-06	
0.0202039896177327	0.0815202953828156	0.158736580432107	0.205544520673141	0.198864287193985	0.151522610677163	0.0951878434861021	0.0509535356981831	0.0233259812583015	0.00927823745171393	0.00335352107527144	0.00116008432545727	0.000241278042479558	9.01746219368046e-05	1.70600636096657e-05	
0.0192661628225712	0.0772237341896072	0.155732368719897	0.203393605356933	0.199152210518072	0.153911481379958	0.0976524258918432	0.0535105924736657	0.0246284802443513	0.0102449387163723	0.00363443239221522	0.0012824529114618	0.00025698006813643	7.34228766104084e-05	3.67114383052042e-05	
0.0180472693335679	0.0751281412314262	0.152589454550785	0.202228606888599	0.19757203516127	0.156227248518252	0.100018567652218	0.055549040589865	0.0260411322358874	0.0107838969593026	0.00417039241267096	0.00125575963685581	0.000300502792477169	5.86346912150574e-05	1.71017849377251e-05	1.22155606698036e-05	
0.0169325507036095	0.0717581566676193	0.14742213396061	0.19988568329877	0.199030750704098	0.156980280369038	0.104008656803187	0.0580474805136435	0.0277047013964713	0.012100960211437	0.00444564949229217	0.00124820158822049	0.000305333069525561	9.52639176919751e-05	2.68693101182494e-05	7.32799366861347e-06	
0.015958681948284	0.0674351472310012	0.143535255023599	0.197719978783679	0.200748437496181	0.159748141738712	0.106426247619886	0.0596183506510331	0.0289915648014392	0.0130206614701346	0.00495210439994232	0.00132968647263999	0.000369085767221762	0.00010265961737294	2.93313192494115e-05	9.77710641647051e-06	4.88855320823526e-06	
0.0149060857967134	0.0649619042268109	0.138954912876835	0.193891485063379	0.201371398978413	0.162545222699658	0.110122311982275	0.0623529727894314	0.029807285954031	0.0134477224370546	0.00539374589300938	0.00168065995216959	0.000376194233479821	0.000122140984896046	2.9313836375051e-05	2.68710166771301e-05	9.77127879168366e-06	
0.0147225063907397	0.0633995561274193	0.134614492513007	0.191541517223868	0.200003906469357	0.165060538067323	0.112198683031518	0.0646300939750035	0.0318011021126675	0.0139973680162704	0.00556427729096116	0.00187754683490528	0.000434594716011885	0.000119635624070688	1.70908034386697e-05	1.46492600902883e-05	2.44154334838138e-06	
0.0138568298921757	0.0614145666833931	0.131144210410369	0.186600903227386	0.199402743950947	0.168320951693245	0.115150476703342	0.0675168590206469	0.0335491451160855	0.0145813700172568	0.00588688851628379	0.00186764903863806	0.000536061781732287	0.000129731846720599	2.69254776212564e-05	2.44777069284149e-06	1.22388534642075e-05	
0.0128533127941974	0.0596256350002576	0.128569921776308	0.184896376297903	0.198267255695072	0.168361227147963	0.117715740647621	0.0693637364874643	0.0357734186623234	0.0154656750319493	0.00591890148328211	0.0023155586407867	0.000677006551755434	0.000159439948782983	3.67938343345344e-05	
0.0121713765171251	0.0563119526011192	0.125234796828616	0.182848107015791	0.198908823941051	0.16885728526986	0.120306825743308	0.0724807067599388	0.0366098898265757	0.0165075982095284	0.00651660949696391	0.00226141572973013	0.000743983676556166	0.000189065158728795	4.41970500924455e-05	7.36617501540758e-06	
0.0119419876250108	0.0534510966503881	0.121754640620964	0.179885106958779	0.196545828054076	0.171697440123996	0.122832224176743	0.0750864158045588	0.0383108016680403	0.0174922810082049	0.00740531165044961	0.0024725376108644	0.00089306582362565	0.000179597259296618	2.70626007159288e-05	2.4602364287208e-05	
0.0109121150311617	0.051231580423641	0.118493020921243	0.177863784326414	0.196090830132692	0.171562560742467	0.12525680992252	0.0770245233484815	0.0403145444837844	0.0184558680605961	0.00813180161848687	0.00327732519086975	0.00101616764551742	0.000270649978224979	4.18277239074968e-05	1.2302271737499e-05	4.42881782549966e-05	
0.0104745465572233	0.0484024229448061	0.115305949571909	0.174268856516391	0.195144288965878	0.173556803421783	0.127673575218588	0.0790477149234052	0.0423475162851453	0.0201830221988691	0.00839731580536888	0.00365356898198506	0.00108526713040148	0.000326562281319901	8.34820869539596e-05	2.94642659837505e-05	1.9642843989167e-05	
0.00992123747293763	0.0479995885539631	0.110681433007768	0.171499524877791	0.194753573212904	0.17422780395576	0.129813673723293	0.0808809843356616	0.0445733206634078	0.0208735391216607	0.00931876291891574	0.00360505098991957	0.00120250002449084	0.000472673125716357	0.000122454177646725	2.93890026352139e-05	2.44908355293449e-05	
0.00926491175165427	0.0455351166878737	0.107915750349978	0.168094772275383	0.192746449349446	0.177751953378788	0.131589205728113	0.083933382857339	0.0456773143278832	0.0218714680435321	0.00960569575098742	0.00403301927268359	0.00129694054422469	0.000480529955894215	0.000125035855870433	5.39370358656772e-05	1.22584172421994e-05	1.22584172421994e-05	
0.0092351327611673	0.04423736548455	0.105404172003121	0.165071864250418	0.189725056063439	0.179847095251414	0.134677383738904	0.0857733810301933	0.0469902398092126	0.0228890949864319	0.0101993748374528	0.00379072266631336	0.00142305446372929	0.000512790315378312	0.000166840868161365	3.68031326826539e-05	1.47212530730616e-05	2.4535421788436e-06	2.4535421788436e-06	
0.00881121185517447	0.0436306225884748	0.102938464148967	0.161053607481784	0.190167740095072	0.177795647758096	0.137595569556439	0.0879793232851582	0.0492006462702974	0.0237408426597416	0.010771171623127	0.00396664379637075	0.00156403313979653	0.000563150297190888	0.000199192899879747	2.21325444310829e-05	
0.00823472898918702	0.0423206250551433	0.101569009969904	0.159565029850893	0.188563039791387	0.17810297332536	0.137936612193281	0.0892267197349201	0.0513028517650749	0.025576676110463	0.0109306224082661	0.00423990510455165	0.00158567549285833	0.000622506298587352	0.000191163351534699	3.18605585891164e-05	
0.00796311201853233	0.0397959283835251	0.0969978208802858	0.157672071930582	0.188432506183988	0.177372492049158	0.141348305783502	0.0907230358475009	0.0539062193254545	0.0268709018807177	0.0120489614825867	0.00444903608308139	0.00157544465821194	0.000603675055950371	0.000166869527661078	7.36189092622404e-05	
0.0072904247688387	0.0382686098007006	0.0937913880939383	0.152450175161146	0.187049091634617	0.179775803525745	0.142364026723397	0.0949836100087887	0.0552461436394838	0.0282779370399113	0.0127325383555171	0.00518261559289171	0.00170142552529983	0.000582646438879654	0.000186055165356528	0.000115060431207327	2.44809428100695e-06	
0.00665127381158463	0.0362796753359161	0.0908089050998788	0.149361082733752	0.186060119908228	0.179618527015924	0.143716764964757	0.0976381638778292	0.0577987892145987	0.0293016893942903	0.0137219094617296	0.0060319836546409	0.00202610283630016	0.000655862410306549	0.000243815022418791	7.31445067256374e-05	1.21907511209396e-05	
0.00638589799105731	0.0344230310756042	0.0879721307248055	0.146498581722465	0.183383528518812	0.181734142294836	0.145347903722553	0.0998559827957826	0.0593487113866035	0.0309636989067343	0.0140927645951219	0.00625696366971406	0.00262977361079351	0.000783336820236363	0.000223810520067532	8.75780295916431e-05	1.21636152210615e-05	
0.00620020942713661	0.0323980378961076	0.0850779520844317	0.144286064834949	0.179990719122252	0.179781777895476	0.149929907507064	0.102094514320977	0.0621162830813486	0.032468494821416	0.0151603866870425	0.00645774163688444	0.00272838369383793	0.000920799127305946	0.000327989135056208	4.3731884674161e-05	1.70068440399515e-05	
0.00616616655436358	0.0310344326108771	0.0804825316185702	0.141727302253656	0.179179977410113	0.178542516009249	0.149973095735553	0.106938391658224	0.0637170543950903	0.0344107966086084	0.0164552298496755	0.00722779428660071	0.00269527405992622	0.000981642081178164	0.000332061642275083	0.000121190380392366	1.45428456470839e-05	
0.00564286634280535	0.0305424393610584	0.0795299069485994	0.136597706400838	0.178688337347172	0.180705382594601	0.150255289883425	0.107321388213165	0.0671676067393613	0.034574099680918	0.0170087948033138	0.00739502251557135	0.00300612647116719	0.00112274084856851	0.000291620999628183	0.000114218224854372	3.64526249535229e-05	
