# <P(N_1)> as a function of N_tot.
# number_of_species: 2
# species_total_upper_bound: 100
# species_total_lower_bound: 0
# volume: 512
# Bin widths for each species index 
1	1	1	1	1	1	1	1	1	1	1	1	1	1	1	1	1	1	1	1	1	1	1	1	1	1	1	1	1	1	1	1	1	1	1	1	1	1	1	1	1	1	1	1	1	1	1	1	1	1	1	1	1	1	1	1	1	1	1	1	1	1	1	1	1	1	1	1	1	1	1	1	1	1	1	1	1	1	1	1	1	1	1	1	1	1	1	1	1	1	1	1	1	1	1	1	1	1	1	1	1	
# Bin lower bound for each species index 
0	0	0	0	0	1	1	2	2	4	4	5	6	7	7	8	9	10	10	11	12	12	13	14	15	16	17	18	20	20	21	21	22	23	24	25	25	26	27	29	30	31	31	32	33	34	35	36	37	37	37	38	39	40	41	42	43	45	45	46	47	48	48	49	49	50	51	54	55	56	56	57	58	59	60	61	62	62	63	63	64	65	66	67	69	69	70	71	72	73	73	73	76	77	78	79	80	81	82	83	84	
# Bin upper bound for each species index 
0	1	2	3	4	5	6	7	8	9	10	11	12	13	14	15	16	17	18	19	20	21	22	23	24	25	26	27	28	29	30	31	32	33	34	35	36	37	38	39	40	41	42	43	44	45	46	47	48	49	50	51	52	53	54	55	56	57	58	59	60	61	62	63	64	65	66	67	68	69	70	71	72	73	74	75	76	77	78	79	80	81	82	83	84	85	86	87	88	89	90	91	92	93	94	95	96	97	98	99	100	
# Normalized histogram for each species index 
1	
0.050365110515625	0.949634889484375	
0.00254076008194568	0.0953142710546991	0.902144968863355	
0.000101047816566173	0.00713619397237451	0.134980166285273	0.857782591925787	
1.23438502937836e-06	0.000478941391398805	0.0132893892262875	0.172033772774404	0.814196662222881	
6.37730855503679e-05	0.00124602797921488	0.0215638877544638	0.203276710191798	0.773849600988973	
4.89687187824418e-06	0.000127318668834349	0.00209708538185807	0.0304389555951658	0.231743237419936	0.735588506062327	
1.22556979803835e-05	0.000182609899907715	0.00366567926593271	0.0400798091052483	0.256631864569635	0.699427781461296	
1.2292517667421e-06	1.35217694341631e-05	0.000259372122782583	0.00551688192913855	0.0514318939204895	0.280070264030987	0.662706836975401	
2.08712391868565e-05	0.000562295738092958	0.00776655641741496	0.064187654539249	0.299779747040581	0.627682875025475	
1.10674289255863e-05	6.02560019281921e-05	0.000948109744625226	0.0109161740636033	0.0759483864303484	0.315633235243121	0.596482771087449	
1.10307094952347e-05	8.08918696317214e-05	0.00153694552300271	0.0139771345648508	0.0871940816566655	0.327803270973056	0.569396644703298	
1.83444052010058e-05	0.000124741955366839	0.00232362465879406	0.0177549383138801	0.0990830243320191	0.339859457396953	0.540835868937786	
1.2211890962468e-05	0.000260113277500568	0.00300534636586337	0.022004606325271	0.110501737752084	0.350944101290308	0.51327188309801	
1.22201135737356e-06	2.32182157900976e-05	0.000408151793362768	0.00405096764969334	0.0259750734123323	0.122869575949839	0.358937729967262	0.487734061000363	
3.65300806949483e-06	1.3394362921481e-05	0.000658759121865567	0.00505941617625033	0.0307778106548504	0.13577622159634	0.36522531144938	0.462485433630323	
1.21585868803984e-06	6.07929344019921e-05	0.000814625320986694	0.00640149599252976	0.0361876021321298	0.147011905688273	0.37048430083262	0.43903806124037	
1.21398412594357e-06	0.000115328491964639	0.00100760682453316	0.00790910658052235	0.0416954987896578	0.157770590991752	0.374151121599934	0.41734953273751	
4.84107360489336e-06	1.21026840122334e-05	0.000187591602189618	0.001441429665857	0.00931422561581482	0.0470092452403169	0.169057551893283	0.375904524346364	0.397068487878557	
9.64769046349917e-06	2.29132648508105e-05	0.000244810145511291	0.00198380635155702	0.0111792613245797	0.0537894922179317	0.179982489441809	0.376900293530982	0.375887286032315	
1.08487978929224e-05	2.77247057263572e-05	0.000435157337704997	0.00235659998674036	0.0134103196176401	0.0613354870206187	0.190198713814739	0.376700398391967	0.355524750326971	
3.63302125680737e-06	4.84402834240983e-06	2.9064170054459e-05	0.000463815713785741	0.00293548117550036	0.0165157146334463	0.0671685080029403	0.198974519199912	0.374388895549428	0.339515524505334	
6.05486678082109e-06	4.84389342465687e-06	6.78145079451962e-05	0.000572790397465675	0.00354451901349267	0.018715593219518	0.0731306809787571	0.207141836465314	0.374764768425565	0.322051098231737	
2.42753504450279e-06	1.69927453115195e-05	8.37499590353461e-05	0.000707626465472562	0.00443025145621759	0.0215213119370395	0.079949652923177	0.215543264136447	0.371871665932337	0.305873056909918	
3.65789422345344e-06	1.95087691917517e-05	0.000130464893969839	0.000915692853937845	0.00515153436469693	0.0241445404709417	0.086657952749761	0.22456178427203	0.368217044811643	0.290197818919604	
1.21701286626002e-06	2.43402573252004e-06	0.000174032839875183	0.00117563442880718	0.00627370132557041	0.0265041062014108	0.0944669727048354	0.232214573972476	0.36420448736984	0.274982840118586	
6.07255242738138e-06	1.94321677676204e-05	0.000168816957481202	0.00134689212839319	0.00717532794819384	0.0306858219260436	0.100958613126186	0.238471562844238	0.359931112965264	0.261236347384005	
3.6589337135372e-06	1.95143131388651e-05	0.000239050335951097	0.00155626647282449	0.00858873707024299	0.0342207873781423	0.107655587008834	0.243905740988961	0.355388572662155	0.248422084836037	
3.17452952861899e-05	0.000263730145454501	0.00192181133771011	0.00976412024629465	0.0383593054617781	0.113896014622371	0.249538777488679	0.348422930359369	0.237801565043058	
1.21632749374504e-06	5.59510647122716e-05	0.000374628868073471	0.00225385484590955	0.0114407764061658	0.0425617316611263	0.120286274838928	0.253131131050773	0.344100264307964	0.225794170628853	
1.45547872514618e-05	6.79223405068219e-05	0.000463327394171535	0.00288548657260231	0.0130908182337523	0.0453296719957403	0.127406543104609	0.258632504963789	0.338500687107248	0.213608483500329	
2.42371655119677e-06	1.33304410315822e-05	0.000126033260662232	0.000673793201232702	0.00351075342440852	0.0145241214330466	0.0493589875651222	0.134254507203892	0.262055869090222	0.333132568812343	0.202347611851489	
2.4216915757826e-06	2.78494531214999e-05	0.000184048559759478	0.00085727881782704	0.00410476722095151	0.0162289660951071	0.0532275699899137	0.141706493402707	0.265081992422527	0.32596452948349	0.192614082863021	
1.21120510062692e-05	3.99697683206884e-05	0.000196215226301561	0.00102225710492912	0.00477335930157069	0.0177320426731781	0.0582238403922367	0.148639089948936	0.269018342490044	0.31794739494007	0.182395376103408	
1.57785181543989e-05	8.73887159320553e-05	0.000239105236647429	0.00117246527208841	0.00545208488842767	0.0196224079232436	0.0630412486876521	0.155155023940867	0.270686547599541	0.31253603267367	0.171991916543776	
1.45901800792976e-05	7.90301420961955e-05	0.000226147791229113	0.00139700974259275	0.00606343567128811	0.0218487946687482	0.0681458677570395	0.159950928361	0.274575030608982	0.302881195811159	0.164817969265786	
1.21625500488935e-06	1.70275700684508e-05	4.74339451906845e-05	0.000300414986207668	0.00153734632618013	0.00654466818130957	0.024719166719371	0.0723927141460187	0.166123406097816	0.274478348228403	0.296621486847418	0.157216770697011	
6.0840869489034e-06	8.51772172846477e-06	4.38054260321045e-05	0.000281084817039337	0.00165852210227107	0.00735931157339356	0.027385692174404	0.0770281912252864	0.171636960098124	0.276877062505476	0.289344573481169	0.148370194788128	
6.09141013708109e-06	9.74625621932975e-06	5.60409732611461e-05	0.000378885710526444	0.00188468229641289	0.00849386229514588	0.0299185700292875	0.0818916996008908	0.176130687549645	0.277651347176266	0.282341732981818	0.14123665372039	
6.07317938228478e-06	7.04488808345034e-05	0.000420264013254107	0.00235882287207941	0.00968793575062068	0.0318526112242072	0.086800309003367	0.181687663672184	0.276576232976878	0.276814301608664	0.133725336818529	
7.27174007892262e-06	0.000122407624661864	0.000604766383230398	0.00275720144659149	0.0104713057136486	0.0348619338950349	0.0916590717381398	0.186694654786259	0.276265525165069	0.269296774256101	0.127259087251185	
2.4293455221696e-05	0.000137258022002582	0.000580613579798534	0.00303546722995092	0.011631706360148	0.0375831899007248	0.0969102368976286	0.191153052411915	0.277301288646332	0.26106232850339	0.120580564992888	
3.64200543387211e-06	2.54940380371048e-05	0.000149322222788756	0.000722331077717968	0.00352060525274304	0.0131767756597493	0.0409252150604209	0.101621663619522	0.19438839802749	0.275540777106839	0.255254806840172	0.114670969089086	
1.33010882708585e-05	2.90205562273277e-05	0.000165659008464329	0.000896009673518742	0.00411729141475212	0.0147847642079807	0.0436287787182588	0.105110036275695	0.198561064087062	0.275371221281741	0.248579201934704	0.108743651753325	
9.69820401384419e-06	3.27314385467241e-05	0.000220634141314955	0.00104740603349517	0.00457997684553792	0.0162105480091406	0.0463040750640991	0.109727904763637	0.202517896217094	0.274185199328399	0.241616205698907	0.103547724255814	
3.65013237813425e-06	5.47519856720137e-05	0.00023239176140788	0.00128849672948139	0.00491916173493225	0.0173174447126616	0.050003163448061	0.113514250116804	0.205773779395733	0.272756141956082	0.235167078726055	0.098969689300732	
7.34067972247337e-06	7.09599039839092e-05	0.000310755441584706	0.00141675118643736	0.00549572221889173	0.0191224706770431	0.0527623589518978	0.118520167905814	0.20938432495721	0.270084405582342	0.228613235490229	0.0942115070048436	
4.90790319651735e-06	8.7115281738183e-05	0.000359503909144896	0.00166009825622199	0.00626248447875614	0.0208205523354257	0.0567905748627014	0.122915981605179	0.21207663200051	0.269486829641772	0.221131713398085	0.0884036063272688	
9.84755977468783e-06	0.000103399377634222	0.000443140189860952	0.00198920707448694	0.00717640918580376	0.0224967503052744	0.0603286130696813	0.128065052979872	0.216066539961398	0.266290325757277	0.213544333714106	0.0834863808248316	
1.22804561452631e-06	9.82436491621045e-06	8.10510105587362e-05	0.000474025607207154	0.00234065494128714	0.00820825688749383	0.0242833739816432	0.0640229300677144	0.132129111803729	0.217559333023866	0.263151754508769	0.208032155146371	0.0797063006108299	
1.22320567958861e-06	6.11602839794306e-06	1.22320567958861e-05	0.000124766979318038	0.00056389781829035	0.00264334747359099	0.0088829196451725	0.0267233744819724	0.067275089171694	0.136013132336176	0.219221698690191	0.261081020251393	0.202024650040855	0.0754265318204725	
2.4530366140245e-06	9.812146456098e-06	2.33038478332328e-05	0.000142276123613421	0.00064882818440948	0.00280504736813702	0.00971647802815105	0.0288477105809281	0.0697226596804184	0.14104101967826	0.221759415981043	0.258307208493394	0.195045847254316	0.0719279395964264	
4.91563540732184e-06	7.37345311098276e-06	4.30118098140661e-05	0.000224890319884974	0.000800019662541629	0.00328978899635014	0.0107947353544788	0.0308923107173141	0.072361839922333	0.145191894117213	0.223749892470475	0.255587234094847	0.188529364777014	0.0685227286692146	
2.45713527512544e-06	1.10571087380645e-05	4.05427320395697e-05	0.000197799389647598	0.00106025387121663	0.00372501707709016	0.0118765633523188	0.0327523846497845	0.0772388188059305	0.149178825391053	0.225099391121879	0.251148710741121	0.182261694735342	0.065406483888564	
3.70364883483208e-06	9.87639689288554e-06	4.19746867947635e-05	0.00023209532698281	0.00120862406976687	0.00407895191676173	0.0124862347718305	0.0350081233364444	0.0806259660350711	0.153881670888826	0.225815173108547	0.247413618563676	0.177140585571572	0.0620534016779998	
3.7182323523397e-06	1.36335186252456e-05	3.2224680386944e-05	0.000296219177403063	0.00117867965569168	0.0044395694286936	0.013539323405653	0.0369629478146089	0.08471992414806	0.156725972472686	0.228125948923882	0.243987928138963	0.171213445128186	0.0587604652748084	
1.24055780441118e-06	1.11650202397006e-05	4.83817543720358e-05	0.000325026144755728	0.00133359963974201	0.00507388142004171	0.0145430591411122	0.039713976992615	0.0885137993447374	0.161124888194728	0.229219106078857	0.239427656251357	0.164816788220656	0.0558474312389823	
2.23369680544129e-05	6.70109041632386e-05	0.000368559972897812	0.00169885051480507	0.00540182344115884	0.0161496279033405	0.0426462357865529	0.0923670857330062	0.163250971968346	0.22836323384696	0.236371036894467	0.160324829153218	0.052968396913031	
3.73384644680949e-06	3.11153870567458e-05	7.59215444184596e-05	0.00051029234773063	0.00187190168533382	0.00594428354332071	0.0180344783380898	0.0450924189226359	0.0958640182908691	0.166156166883022	0.229457310311266	0.231958987430628	0.154362190573033	0.050637180896148	
1.24733226811158e-06	2.369931309412e-05	0.000120991230006823	0.000588740830548664	0.00208179755547822	0.00669567961522294	0.0191739916254112	0.0474460248144281	0.0986540037494808	0.17003009812763	0.22937692011211	0.229233476901277	0.147990984282366	0.0485823445106778	
2.48891499484172e-06	2.36446924509964e-05	0.0001729795921415	0.000572450448813596	0.00203966583827279	0.00727634298741978	0.0206069716997921	0.0496090536771852	0.102655298962247	0.173104037891242	0.229628541881595	0.224882180986432	0.143953865471656	0.0454724769557583	
6.20599946380165e-06	3.10299973190082e-05	0.000162597185951603	0.000642941544449851	0.00221678300846995	0.00751422415077103	0.0218401533130108	0.0522346562869257	0.106729537578568	0.175534212433844	0.231238022421035	0.220532673345977	0.13777939409586	0.0435375686383541	
2.48093094452762e-06	4.96186188905525e-06	3.10116368065953e-05	0.000193512613673155	0.000654965769355293	0.00248465234094442	0.0084326842804494	0.0229002330834622	0.0549873534545103	0.110139688816832	0.180227228465209	0.229613880312448	0.215941469877157	0.133546031812978	0.0408398447433415	
3.71481144855358e-06	2.47654096570238e-06	5.8198712694006e-05	0.000178310949530572	0.000772680781299144	0.00308577004326517	0.00933903598166369	0.0247468355997811	0.0575374762561635	0.114162347166466	0.181993565946571	0.228406420184799	0.211617948978303	0.129264293975319	0.0388309240717305	
1.23833948581668e-06	2.47667897163336e-06	3.71501845745004e-06	4.58185609752171e-05	0.000260051292021503	0.00102534509425621	0.00346239720234343	0.00998101625568243	0.0262082168778242	0.0607306450634216	0.117517178864517	0.18298075744273	0.228015449523425	0.207858997712787	0.124501413564523	0.0374052825085786	
2.4876426352096e-06	2.4876426352096e-06	2.11449623992816e-05	5.09966740217967e-05	0.000291054188319523	0.0012177010699351	0.00374514598730805	0.0107602982185991	0.0284175856433168	0.0642707351232751	0.120450412575531	0.186207514173344	0.22493886618224	0.203681959864374	0.120532504782493	0.0354091052695734	
1.24253392428247e-06	2.48506784856494e-06	2.48506784856494e-05	0.000103130315715445	0.000344181897026244	0.00117543709237121	0.00405563072885798	0.0115978116492526	0.0306458567085028	0.0667675604213184	0.123907967997296	0.187140519404031	0.225196848436954	0.198638928339341	0.117056635938803	0.0333409127902715	
3.36060401256119e-05	0.000110775465599239	0.000374645113992933	0.00130939089674606	0.00448329468638719	0.0126632537865917	0.0321784057543498	0.0691500285651341	0.126216818702882	0.18961772507023	0.223990480777967	0.195264784479486	0.112626287142454	0.0319805035180545	
3.36529532959329e-05	0.000107190888275934	0.000412560279294584	0.00144956980308037	0.00496069459695603	0.0137540866526155	0.0336442284561895	0.0717406179928631	0.129644886558387	0.189805149400417	0.222116970187223	0.192400166021236	0.109294821059769	0.0306354051503975	
4.24995218803788e-05	0.000116248692202213	0.000469994712559484	0.00162248174708035	0.00524369100847615	0.014957331730018	0.0356583488435755	0.0751354047266968	0.132602258224595	0.190600355745998	0.221193761570182	0.187786637400329	0.10574006042432	0.0288309256520864	
2.50972833445644e-06	4.14105175185312e-05	0.000154348292569071	0.000567198603587155	0.00192747136086254	0.00595809506599958	0.0162642944714449	0.0371163723382762	0.0779697301665581	0.134936798766218	0.192227622321022	0.218923602614635	0.183422240459581	0.102683025075951	0.0278052802174429	
1.25822406705831e-06	3.14556016764577e-05	0.000162310904650522	0.000616529792858572	0.00220692501362028	0.00630370257596213	0.0173194542830576	0.0392175859461405	0.0806823600760471	0.137410650363438	0.194693817464402	0.216044621658314	0.180769051714267	0.0985730480855492	0.0259672282959494	
1.01197418453855e-05	2.52993546134638e-05	0.000165710772718188	0.000683082574563523	0.00251349088084763	0.00689786903536091	0.0177993609383025	0.0417085160157564	0.0828832156491688	0.139491786564525	0.196083912899382	0.216157685817435	0.176474383138486	0.0950319657345541	0.0240736008824415	
8.8872525058878e-06	3.80882250252335e-05	0.000180284265119438	0.000839210558055977	0.00261666105923354	0.00742212544991716	0.0190263380076049	0.0438433558265462	0.0850433888363412	0.143567216195113	0.196457795072653	0.213945368789239	0.173502021849945	0.090383357984879	0.0231259006278209	
6.34512129968389e-06	4.44158490977872e-05	0.000184008517690833	0.000845170157117894	0.0028984514096956	0.00785145309622884	0.0203120023045481	0.0462089803770779	0.0894915908107415	0.146154793041179	0.19771144164963	0.211571724616659	0.167549273039453	0.0866984684146207	0.0224718815949605	
2.53126427791257e-06	6.58128712257268e-05	0.00024173573854065	0.000964411689884688	0.00290462575890467	0.00859870475206899	0.0216397783118745	0.0483914448329935	0.0921430822445733	0.148382711971235	0.198052445264574	0.209635510600302	0.163422218678452	0.0841493496549254	0.0214056363661676	
2.15288524615077e-05	0.000111443471565452	0.000215288524615077	0.00109163946010704	0.00326731996180528	0.00922574648129902	0.02317517647327	0.0507865629566966	0.0943951532221094	0.150265058165894	0.199331845731842	0.206922665829152	0.159498403065709	0.0814018575600465	0.020290310243428	
2.5396599649273e-06	4.06345594388367e-05	8.88880987724554e-05	0.000231109056808384	0.00122157644313003	0.00354536531103851	0.00995800672247993	0.0243007363744068	0.052817308290593	0.0967585050037651	0.153536413009662	0.200125205236271	0.204846433111071	0.156027819435256	0.0772437578332637	0.0192557018540788	
1.52114004375813e-05	2.66199507657673e-05	8.87331692192242e-05	0.000294087075126572	0.00122451773522529	0.0038776394948801	0.0105022043854467	0.0257579714076376	0.0547369568579331	0.0991834013198425	0.156659677873243	0.199477234871628	0.203088674858851	0.152321893515126	0.0748185406689467	0.0179266354156895	
2.5330243043682e-06	1.01320972174728e-05	3.03962916524184e-05	9.24553871094393e-05	0.000301429892219816	0.00122091771470547	0.00426307990425168	0.0116354471421153	0.027324999683372	0.0571703585495903	0.103390453031397	0.15728054510683	0.200506604860874	0.200136783312436	0.147674050432514	0.0717111845688159	0.0172486290005953	
7.6136914475404e-06	7.6136914475404e-06	2.41100229172113e-05	8.62885030721245e-05	0.000416215132465542	0.00139965027777284	0.00478266717762996	0.0125905077570826	0.0288102084374929	0.059328421656384	0.106556149705477	0.160277087610747	0.200130955492898	0.19806383826489	0.14304349701924	0.0682986191301611	0.0161765564288742	
5.07031898644324e-06	1.64785367059405e-05	1.64785367059405e-05	0.000115349756941584	0.000513369797377378	0.00160348837946267	0.00523130161426281	0.0131676184077931	0.029628408997281	0.0616297272802175	0.109611423428676	0.162360487004139	0.200565340566988	0.194801655459149	0.13919419955508	0.0662868152692656	0.0152527870909679	
1.26529744612363e-06	7.59178467674181e-06	2.27753540302254e-05	0.00018093753479568	0.000520037250356814	0.00182455891731028	0.00548632972639208	0.013825905193793	0.0317779453593951	0.0639177657883815	0.111848498344991	0.164443117288012	0.200183974248666	0.191496441983582	0.135594335516393	0.0637659300948467	0.0151025903169317	
6.31474189123994e-06	2.52589675649597e-06	3.40996062126957e-05	0.00021343827592391	0.000630211240745746	0.00194999229601489	0.00570726372130266	0.0145049621241781	0.0331700762063051	0.0664765508374611	0.114733808370317	0.167559150187295	0.199342509074284	0.187962081237891	0.131618165239114	0.0617569127479483	0.0143319381963582	
5.04563142923817e-06	4.66720907204531e-05	0.000180381323595265	0.000705126992236035	0.00230837637887646	0.0058819448386344	0.0154787358170454	0.0348829728860381	0.0683809199447503	0.117104059841189	0.168077551355067	0.19834503289121	0.186265791249614	0.129328363386376	0.0599660681286384	0.0130429572445807	
2.52450983485919e-06	1.26225491742959e-05	6.18504909540501e-05	0.00018807598269701	0.000752303930788038	0.00217991424240091	0.0064829412559184	0.0164850492216305	0.0360613607360461	0.0715534445043314	0.119214927931555	0.16901214667907	0.199571338230041	0.183934524312923	0.125937697621785	0.0563079296116168	0.0122413481892322	
1.2663758223528e-06	3.41921472035256e-05	4.93886570717592e-05	0.000179825366774098	0.000809214150483439	0.00239724943171385	0.00702332031076863	0.0173518815178781	0.0377405322577581	0.0740589244670141	0.122238192628426	0.171816806073538	0.198208078211371	0.180630781797114	0.12182028860705	0.0537044658743375	0.0119355921256751	
2.28123871262095e-05	3.04165161682794e-05	4.56247742524191e-05	0.000230658580942785	0.00095305083993942	0.00292125290699517	0.00771312155833951	0.0184729641528683	0.0400116596645312	0.0760134086142109	0.124592386999474	0.17259345157754	0.196417187866345	0.178525939585195	0.118392487120506	0.052042659163926	0.0110209176916399	
1.14095338064487e-05	2.78899715268745e-05	9.76149003440608e-05	0.000313128316688091	0.000976149003440608	0.0032453785049454	0.00808302083887963	0.0196484849406831	0.0417246651301828	0.0781172747948185	0.127085726166118	0.173762128968299	0.196275674620379	0.175356928249245	0.115492372092787	0.0491674843499228	0.0106146696179327	
1.39425112237215e-05	2.28150183660898e-05	0.000114075091830449	0.000391657815284541	0.00114835592442652	0.00335000519675418	0.00870899951074461	0.0205271790243791	0.0439594703873737	0.080552224844541	0.129794639484685	0.174187595221014	0.195359932264745	0.172220433637449	0.111651629879562	0.0480167411534766	0.00998030303414394	
6.33342706805394e-06	6.33342706805394e-06	3.80005624083236e-05	0.000115268372638582	0.0004344730968685	0.00119448434503497	0.00372278843060211	0.00943300627515954	0.0217819223724511	0.0452105357825962	0.0835974372420712	0.130933471148706	0.17642014435147	0.193416529231299	0.169060702098391	0.109026146920308	0.0460237478181344	0.00957867509772478	
1.2647309537842e-06	1.2647309537842e-06	7.58838572270521e-06	3.41477357521734e-05	0.000149238252546536	0.000407243367118513	0.00135199738959531	0.00391181284005454	0.0102860568471269	0.0226918027727961	0.0472402305857475	0.0854325759281228	0.133258376945472	0.178047558942786	0.190797311687885	0.166539771994304	0.106176693032091	0.0443667618587498	0.00929830197222145	
6.31680016171008e-06	2.40038406144983e-05	0.000166763524269146	0.000471233292063572	0.00152613891906916	0.00413624074588776	0.0109192207595321	0.0239520428531723	0.0487050559668494	0.0871731055916315	0.13622305884731	0.177264572857973	0.191602445865023	0.162583065922126	0.103174823761275	0.0433079819086843	0.00876392854435657	
5.04836332061146e-06	2.52418166030573e-05	0.000161547626259567	0.000514933058702369	0.00159275862765291	0.00448799499202359	0.0112149391167384	0.0252746309646413	0.0508357565477272	0.0894443771329335	0.137353345045536	0.178813028816058	0.19022864037479	0.159622937743584	0.100347579814624	0.042016265826619	0.00806097413218635	
8.81658727539744e-06	5.16400111844707e-05	0.00015114149614967	0.000532773773927588	0.0015743905848924	0.00472065272974137	0.0118557908604737	0.0270656634230022	0.0530922290599755	0.0908901982220722	0.140890324173319	0.178935157779127	0.188187536368423	0.15720352965774	0.0974409225676925	0.0396280407779757	0.00777119192702889	
6.28658003759375e-06	7.41816444436062e-05	0.000172252293030069	0.000545675147263137	0.00174641193444354	0.00525180896340582	0.012574417391195	0.0282518906889463	0.0546328951587047	0.0947953403868761	0.142808466765995	0.180085371756911	0.186517800451376	0.153636472222746	0.0936562120840641	0.0377458838617204	0.00749863266884182	
1.38026571369776e-05	6.77584986724353e-05	0.000209549431079569	0.000628648293238706	0.00201142358096137	0.00575445323910719	0.013501508253989	0.0294147171459117	0.0574629712352625	0.0985196022827085	0.144863905800629	0.178950194993902	0.185465049162555	0.150112679873718	0.0902756516108956	0.0358806346210794	0.00686744931915257	
1.00042768283441e-05	8.00342146267529e-05	0.000198835001963339	0.000704050981794717	0.00240602857721676	0.00593503722841515	0.0140547584092199	0.0309494809030861	0.0596755112810727	0.101059452916122	0.14502324743828	0.179631792591333	0.183467182220399	0.147395511581201	0.0881839486380428	0.0346335558451238	0.00659156789527523	
1.49805066157662e-05	6.61639042196342e-05	0.000258413739121968	0.000817685986110574	0.00245056120722909	0.00626060338983897	0.0149393102225729	0.0327411455843084	0.0622377631107521	0.10339670503757	0.147701553353699	0.179251748662054	0.181151776251153	0.144091251259299	0.0854176003475478	0.0327111845710769	0.00649155286683204	
1.61926174120461e-05	9.84012904270491e-05	0.000256590706683191	0.000876892512160033	0.00252604831627919	0.00694787845572253	0.0164155772979504	0.0347817422010749	0.0646832786313501	0.10604545143149	0.148476336980824	0.179698194523159	0.178548518686903	0.14038501061862	0.0822136553588222	0.0316553214545953	0.00637490891652706	
2.49605934630702e-05	0.000129795086007965	0.000248357904957548	0.000962230878001355	0.00281555494263432	0.00715745017553537	0.0173463644271606	0.0359083097559728	0.0670004730032461	0.107245685873427	0.149778537134499	0.180710952583609	0.176485124110311	0.136206214438955	0.081210538861772	0.0306528568023233	0.00611659342812535	
