# <P(N_1)> as a function of N_tot.
# number_of_species: 2
# species_total_upper_bound: 100
# species_total_lower_bound: 0
# volume: 512
# Bin widths for each species index 
1	1	1	1	1	1	1	1	1	1	1	1	1	1	1	1	1	1	1	1	1	1	1	1	1	1	1	1	1	1	1	1	1	1	1	1	1	1	1	1	1	1	1	1	1	1	1	1	1	1	1	1	1	1	1	1	1	1	1	1	1	1	1	1	1	1	1	1	1	1	1	1	1	1	1	1	1	1	1	1	1	1	1	1	1	1	1	1	1	1	1	1	1	1	1	1	1	1	1	1	1	
# Bin lower bound for each species index 
0	0	0	0	1	1	2	2	2	4	4	5	6	7	8	9	10	11	10	11	12	14	15	15	16	18	18	19	20	21	22	22	22	23	24	25	25	26	27	29	30	31	32	33	34	35	35	36	37	37	37	38	40	41	41	42	44	45	45	46	47	48	48	49	49	50	51	54	55	56	56	57	58	59	60	61	62	63	63	64	64	65	66	67	70	70	71	71	72	73	73	73	77	78	79	79	80	81	82	83	84	
# Bin upper bound for each species index 
0	1	2	3	4	5	6	7	8	9	10	11	12	13	14	15	16	17	18	19	20	21	22	23	24	25	26	27	28	29	30	31	32	33	34	35	36	37	38	39	40	41	42	43	44	45	46	47	48	49	50	51	52	53	54	55	56	57	58	59	60	61	62	63	64	65	66	67	68	69	70	71	72	73	74	75	76	77	78	79	80	81	82	83	84	85	86	87	88	89	90	91	92	93	94	95	96	97	98	99	100	
# Normalized histogram for each species index 
1	
0.0507485012975533	0.949251498702447	
0.0025768154836362	0.0952125361049831	0.902210648411381	
0.000108746134414753	0.00693936270234144	0.135180507255406	0.857771383907838	
0.000469913077431233	0.0129782273607457	0.171068791188335	0.815483068373488	
6.5520583630247e-05	0.00122907577568463	0.0211767044953898	0.201403496087969	0.776125203057326	
0.000160094884404729	0.0020496654918859	0.0300144085395964	0.229758707696054	0.738017123388059	
1.58041013900836e-05	0.000160298742670848	0.00366203606495937	0.0397134490645101	0.255997092045344	0.700451319981125	
2.2781015213162e-06	1.82248121705296e-05	0.000239200659738201	0.00535581667661438	0.0511729944733257	0.280630214004857	0.662581271271773	
2.9459286133514e-05	0.000641305998137267	0.00776138884671427	0.0639583762947923	0.299745970309572	0.627863499264651	
2.04924564990687e-05	7.28620675522444e-05	0.000913052784014062	0.0107881398769542	0.0759177205102166	0.316075649041636	0.596212083263128	
1.1363972117358e-05	9.77301602092789e-05	0.00145913401986877	0.0138981378995289	0.0870502992133858	0.327500585244564	0.569982749490326	
2.26880842181686e-05	0.000104365187403576	0.00229603412287866	0.0179145112986659	0.0981758780288592	0.340927035121154	0.54055948815682	
4.50569181518553e-06	0.000234295974389648	0.00293771106350097	0.021978764674475	0.110826501578119	0.349993128819982	0.514025092197719	
6.77687369262812e-06	0.00035917430570929	0.00396898902598253	0.0259283187479952	0.123205822689877	0.359583177088745	0.486947741267998	
1.1284592919595e-05	0.00056648656456367	0.00486817338551329	0.0305022546616653	0.136281771771365	0.365153628448007	0.462616400575966	
4.97126832872738e-05	0.000770546590952744	0.0060694666958917	0.0361998721028239	0.146740542726921	0.371981931699293	0.43818792750083	
0.000123871641952397	0.000885119187041675	0.00773859930451704	0.0414902434190375	0.157546710870074	0.373939208302553	0.418276247274824	
6.72891662199414e-06	6.72891662199414e-06	0.000186166693208504	0.00136372710205748	0.00925001738303461	0.0467614845784446	0.17046140181277	0.37607242108663	0.39589132351061	
1.34207471329929e-05	8.9471647553286e-06	0.000212495162939054	0.00192587721358448	0.0111101418349293	0.0536293055434396	0.180972064714843	0.37779403179375	0.374333715824627	
8.93914675844191e-06	2.45826535857152e-05	0.000377678950544171	0.00226830848995463	0.0134265984311797	0.0608063110376115	0.19139383645831	0.377194001832525	0.354499742999531	
1.57183628651432e-05	0.000410922914903029	0.00297077058151206	0.0164526349589863	0.0665358300081511	0.198998964833531	0.374629215047413	0.339985943292638	
3.13633420777318e-05	0.000521975621722251	0.00358214171302094	0.0187015128332075	0.0721446477336625	0.207576039302748	0.376281696577587	0.321160622875974	
2.24010824203025e-06	9.40845461652707e-05	0.000678752797335167	0.00451829832417502	0.0217917729784703	0.0798396978542003	0.214889103441478	0.372211905279263	0.30597414467067	
1.80401619104531e-05	0.000137556234567205	0.000872692832418171	0.00501065497062836	0.0240520458671117	0.0866085623118467	0.223637122143171	0.368855915481841	0.290807409996505	
0.000211487839449232	0.0011474340225437	0.00610839876707089	0.0265574729453056	0.0948342970279209	0.232233896550948	0.364164060566517	0.274742952280244	
1.79996130083203e-05	0.000184496033335283	0.00145571870204791	0.00714584636430317	0.0304755947747123	0.100532338554721	0.238517371876505	0.35985951302047	0.261811121060897	
1.58487216873908e-05	0.000258107753194649	0.00160751319972106	0.0085673661235838	0.0338732464521504	0.108276202465155	0.243384290747063	0.355000045282062	0.249017379255382	
2.26836582389315e-05	0.000247251874804353	0.00208462819215781	0.00942505999827604	0.0383875548377438	0.114155510087423	0.248885098197557	0.348958593250251	0.237833619903549	
5.18617231170249e-05	0.000383325779560618	0.00228642553220275	0.0114118339432723	0.0429369970258429	0.120704778268585	0.253082953953554	0.343626757943299	0.225515065830565	
7.21092635616117e-05	0.00042814875239707	0.00288662395695077	0.0134844322860214	0.0457578345588152	0.128027744039155	0.25768245333742	0.338194699518445	0.213465954287234	
6.77766983711e-06	0.000131034950184127	0.000655174750920634	0.00361023879990059	0.0147143212163658	0.049908501457199	0.133807017147505	0.262284526579762	0.33278584822538	0.202096559202946	
2.2590956839977e-06	2.2590956839977e-05	0.000210095898611786	0.000815533541923168	0.00408444499666783	0.0164258847183472	0.0533959855869695	0.141853136189583	0.266001739503677	0.325653161039636	0.191535168472061	
1.13196441103892e-05	3.62228611532453e-05	0.000183378234588305	0.00102555975640126	0.00467954087523488	0.0179733309184759	0.0582803196667497	0.149663806569921	0.27039686672251	0.317006633311449	0.180743021439406	
2.04688271134633e-05	5.68578530929535e-05	0.000270643380722459	0.00114625431835394	0.00524684268341775	0.0202846076694421	0.0631827206710136	0.155936073578611	0.271614512853286	0.311469593557323	0.170771424607624	
1.141794947329e-05	8.22092362076879e-05	0.000244344118728406	0.00136330316711082	0.00601497578252917	0.0219019106796649	0.0685419506881598	0.160629996780138	0.274841461771563	0.302214853838829	0.164153575987596	
2.28694793076951e-06	2.28694793076951e-05	3.88781148230817e-05	0.000251564272384646	0.00137445570639248	0.00681510483369315	0.0246738812250723	0.0722767024040397	0.167816239159867	0.27300212228768	0.296139174503275	0.157586721065535	
1.14526809580855e-05	1.60337533413197e-05	4.8101260023959e-05	0.000254249517269498	0.00155069300172477	0.00755418835995318	0.0275185018060878	0.0767375434915559	0.172848442091809	0.275915699106004	0.289832997006269	0.147712097925003	
1.14747853067669e-05	1.83596564908271e-05	5.04890553497744e-05	0.000335063730957594	0.00188645470443248	0.00845003189990315	0.029262997489317	0.0822466711647825	0.175851084826203	0.276886569452286	0.282695105774571	0.142305697460401	
1.14079458624521e-05	6.84476751747127e-05	0.000447191477808123	0.00219488878393579	0.00976976483660399	0.0311938871662891	0.0862897025035878	0.18155289522258	0.276216029989208	0.278148536018307	0.134107248380642	
9.10174844587645e-06	0.000131975352465209	0.000609817145873722	0.00271232103687118	0.0103009038036207	0.0341588619173743	0.0918867014353457	0.186922607832965	0.276922971902903	0.269211515532134	0.127133222292002	
2.51360201453776e-05	0.000137105564429332	0.000573558277862707	0.00302089260292629	0.0115488587104308	0.0370504936942866	0.0970730247087078	0.191237126358773	0.277846711408783	0.261151823846771	0.120335268806885	
1.36880984265531e-05	0.00013916233400329	0.000837255353757497	0.00336955356266982	0.0128508430727956	0.0404734256975797	0.101453904187874	0.194309401214134	0.276923919267595	0.255226001911771	0.114402845299393	
2.04535692614671e-05	0.000174991648125885	0.000952227280061633	0.00401799005047486	0.0145674865517782	0.0431865751861843	0.103667779492342	0.199331395547031	0.276482258801284	0.249504000945409	0.108094840928047	
4.78485252400971e-05	0.000198229604566116	0.00099798352643631	0.00450459687617485	0.0164530571789877	0.0459436982353008	0.108563746767376	0.203563575879786	0.273773311915422	0.243899882657188	0.102054068833521	
6.86882378261546e-05	0.000240408832391541	0.0011837272985374	0.00512643214975868	0.0176482979054667	0.049343340446382	0.113468389672952	0.204977149712883	0.273177701050472	0.236656164998306	0.0981096996950242	
6.91177351500546e-06	5.29902636150419e-05	0.000299510185650237	0.00141691357057612	0.00581049760161459	0.01900507324176	0.0525755572041415	0.118209758502633	0.209458992447735	0.269464706180508	0.229325733454366	0.0943733555738846	
2.30994361427638e-06	8.77778573425023e-05	0.000304912557084482	0.00166315940227899	0.00630152617974595	0.0208818902730584	0.0566351975348282	0.12200660181885	0.210542120666835	0.270332701178764	0.222211955806159	0.0890298467814401	
1.39093020775861e-05	0.000115910850646551	0.000347732551939652	0.0020029394991724	0.00714706305086632	0.0221065174353102	0.0599676376904995	0.127024383006542	0.214671531831438	0.267550061896394	0.215121265931946	0.0839310469531674	
2.30959683677617e-06	4.61919367355235e-06	7.15975019400613e-05	0.000454990576844906	0.00236040796718525	0.00824526070729093	0.0242161228335982	0.0641444329477846	0.13103959572817	0.217009718783489	0.263125438823399	0.208886866708547	0.0804386386312405	
2.29682830978702e-06	9.18731323914806e-06	4.59365661957403e-06	0.000105654102250203	0.000567316592517393	0.00266202401104315	0.00892777164014213	0.0268568134263396	0.0666907068029758	0.135799973816157	0.219629613466764	0.260947257931522	0.20241029162829	0.0753864987838294	
4.60956946621186e-06	2.30478473310593e-06	9.21913893242371e-06	0.000149811007651885	0.000652254079468978	0.00269429335300083	0.00962017147598414	0.0283165852309394	0.0692680003687656	0.14128791370886	0.222137457361482	0.259938231769153	0.194429335300083	0.0714898128514797	
6.91075451617808e-06	2.53394332259863e-05	0.000255697917098589	0.000799343939037931	0.00300848179937619	0.0103615246045897	0.030167747047956	0.0723348675208359	0.145637240673937	0.224150322732236	0.256981013853759	0.18747264493004	0.0687988647933915	
2.06129371374127e-05	4.80968533206297e-05	0.000187806760585316	0.00108561468923707	0.00350190898701156	0.0117516644946738	0.0324493437069848	0.0770740622831347	0.149505633057654	0.225883436130814	0.251734349627478	0.181579363243469	0.065178107228499	
2.29730319577848e-06	1.83784255662278e-05	3.21622447408987e-05	0.000298649415451202	0.00125662484809083	0.00414433496518437	0.0122354368207162	0.0351073874378867	0.080940883496863	0.154245531170958	0.22587085020894	0.24750225710039	0.176602885872275	0.0617423206897423	
4.61231210593558e-06	1.38369363178068e-05	3.68984968474847e-05	0.000362066500315943	0.00121073192780809	0.00448547352302236	0.0136685869259401	0.0368339244780016	0.0855745326574759	0.157697257057991	0.229190400856045	0.243304075900208	0.169866842549502	0.0577507598784195	
1.61861312602753e-05	7.39937429041157e-05	0.000342221060931535	0.00133882428567134	0.00512406669611001	0.0145212720449327	0.0399265612101677	0.0894931197380621	0.161299422617575	0.229459221354594	0.238733874566732	0.164363226034698	0.0553080105163607	
2.31415056789255e-05	8.56235710120243e-05	0.000361007488591238	0.00170090066740102	0.00533411705899233	0.0165253492053207	0.0428534402162342	0.0931515028093788	0.16192342938601	0.228485342170303	0.236478418231804	0.160488656033916	0.0525890716553582	
6.94746787954017e-06	4.40006299037544e-05	7.17905014219151e-05	0.000518744268338999	0.00185265810121071	0.00607208692671811	0.0180217316795272	0.0454155975285541	0.0958449510435097	0.165643845006623	0.229525812158995	0.232017637305124	0.154954007762637	0.0500101896195567	
2.31619273502987e-06	3.4742891025448e-05	0.000113493444016463	0.000541989099996989	0.00203361722135622	0.00665673792047584	0.0190275233182704	0.047692724607	0.0984520883951795	0.170659396909736	0.228791202173515	0.228988078555993	0.148324350365843	0.0486817389048578	
4.63169888399215e-06	2.31584944199608e-05	0.000203794750895655	0.000572014812173031	0.0019476293807187	0.00701933965869011	0.0204188445300794	0.0501311928708891	0.103201198683671	0.173978189329955	0.228692448246555	0.224454443767702	0.144344579870173	0.0450085339051938	
1.15842102580499e-05	4.40199989805895e-05	0.000185347364128798	0.000655666300605622	0.00221721784339074	0.00756217245645495	0.0215257795015083	0.0524417198381917	0.108062146971192	0.175482250673043	0.230956716756792	0.221147207510275	0.136645027361905	0.0430631432132746	
4.63083021524099e-06	2.31541510762049e-06	3.93620568295484e-05	0.000203756529470603	0.000715463268254733	0.00248907124069203	0.008224354462268	0.0224317415626273	0.0553754677138517	0.111079724372986	0.179761882710332	0.23049031230319	0.216451950505687	0.132038861927166	0.0406911051013226	
4.62341156916277e-06	4.62341156916277e-06	8.78448198140926e-05	0.000196494991689418	0.000792915084111415	0.00316472521909192	0.00899253550202159	0.0248300318321887	0.0575175516261694	0.114075745351738	0.181970544244893	0.229154771013984	0.211435546175167	0.129409289820866	0.0383627574951281	
2.31926006326941e-06	4.63852012653883e-06	6.95778018980824e-06	6.95778018980824e-05	0.000241203046580019	0.00111556409043259	0.0034046737728795	0.0095692670210496	0.0262609816963996	0.0606532891746217	0.117092482814283	0.182834228567718	0.228410008071025	0.208255638121214	0.124771552883768	0.0373076173777518	
4.66885013224518e-06	4.66885013224518e-06	3.26819509257163e-05	6.06950517191873e-05	0.000280131007934711	0.00126992723597069	0.00369072602953981	0.0110184863120986	0.0280527860195952	0.0646962562825215	0.120423651461	0.185264642097621	0.224268216102397	0.204194494958809	0.121063283929118	0.0356746838604854	
2.33362425849089e-06	4.66724851698178e-06	3.50043638773634e-05	0.000109680340149072	0.000338375517481179	0.00121348461441526	0.00417018654992322	0.0117731343840866	0.0304934681857005	0.0666226389556565	0.123329708436985	0.185978185280432	0.22463933837085	0.199349852281584	0.11809538922519	0.0338445526208934	
4.19773182557025e-05	0.000114271588584968	0.00040344866990203	0.00147153821218602	0.00466181439961941	0.0128264028003535	0.032481116036968	0.0687261982775307	0.125136717793486	0.189490278752714	0.222435477363731	0.196318589188975	0.113714223081462	0.0321779465162324	
3.4954279802019e-05	0.000107193124726191	0.000463726778706785	0.00151468545808749	0.00504972828873167	0.0135669211338236	0.0340594502390873	0.0712880885135576	0.129449679818797	0.190384310654997	0.220696662099307	0.193450966136294	0.108912875292451	0.0310207581816318	
3.27849657514197e-05	0.000124114513201803	0.000444938820912125	0.00159007083894386	0.00521046777120777	0.0150670335460453	0.0360564369767578	0.0749206720917979	0.132203032609332	0.191040337216791	0.220237691001698	0.187988993618641	0.106146010186757	0.0289374158421638	
4.68993656860791e-06	2.57946511273435e-05	0.000145388033626845	0.000588587039360293	0.00196742839053102	0.00593511472757331	0.0164640223240981	0.0374890079611673	0.0781601378841351	0.134920095205712	0.191949723879985	0.218476005112031	0.183592256914725	0.103026181570894	0.0272555663684649	
2.35027568733812e-06	1.8802205498705e-05	0.000155118195364316	0.000618122505769927	0.0022069088704105	0.00608016320314373	0.0175800621412892	0.0393013100436681	0.0812913354736511	0.136461706958226	0.194720340695964	0.215024372358878	0.18202650170865	0.0983754894449119	0.0261374159188873	
1.41455387328426e-05	1.88607183104569e-05	0.000169746464794112	0.000674270679598833	0.00254148179233406	0.00668848223084576	0.0177762270076056	0.0420004620875986	0.0827207529198749	0.139437290469208	0.195920426629448	0.215910430448744	0.17623219430312	0.0954564529590109	0.0244387757507745	
2.36472585733136e-06	4.25650654319645e-05	0.000205731149587828	0.000827654050065976	0.00255153920006054	0.00736139159387252	0.0191590088960987	0.0440217365600806	0.0849125760850545	0.143177056483842	0.196269881432646	0.214019513717775	0.173549595395406	0.0905524472547898	0.0233469383894325	
9.46053655433068e-06	5.20329510488187e-05	0.000189210731086614	0.000908211509215745	0.00293276633184251	0.00800834419324092	0.0206594467005196	0.0463282475065573	0.0889290436107084	0.146576823104522	0.197616417815136	0.212173818438113	0.166635525733842	0.086500050850384	0.0224805999872283	
2.35486939894313e-06	7.0646081968294e-05	0.000259035633883745	0.000993754886354003	0.0030189425694451	0.00884724433182936	0.0217354445522451	0.0484490830138561	0.0923933008675339	0.149557755526878	0.198567297457683	0.208606105705378	0.162186920113411	0.083941674594727	0.0213704397954089	
1.65060081869801e-05	9.66780479523118e-05	0.000238158118126427	0.00116249457659731	0.00340495368885703	0.0093211786233046	0.0233017675576767	0.0509658372790553	0.0951948652166531	0.151310577050046	0.198810152609836	0.205723812039011	0.158658108694422	0.081487804417951	0.0203071060723246	
3.54811240420096e-05	7.33276563534866e-05	0.000257829501371937	0.00127258964897341	0.00365455577632699	0.0102351215819851	0.0245884189611127	0.0533848992336077	0.0975707257072571	0.153768095373261	0.199292742927429	0.203585958936512	0.155629671681332	0.0773559466363894	0.0192946352540448	
1.17942052710662e-05	1.65118873794927e-05	5.89710263553311e-05	0.000313725860210361	0.00124782691767881	0.00414684257330688	0.0108365158030556	0.0260203756690263	0.0554775827540413	0.100097420135539	0.15619066040473	0.197772310508401	0.202145601822912	0.152539174452808	0.0751503171461797	0.0179743688331049	
7.06938602382383e-06	2.5921082087354e-05	9.42584803176511e-05	0.000320478833080014	0.00125363778822476	0.00446313904304078	0.0120839371767229	0.0276106653470479	0.058025520483546	0.104207462915179	0.156956864962945	0.198883037008236	0.199729006869087	0.147714820967799	0.0716647225855101	0.0169594570711534	
4.71727039865652e-06	9.43454079731304e-06	2.83036223919391e-05	0.000101421313571115	0.000405685254284461	0.00138451886200569	0.00496728572978532	0.013012590394694	0.0290654615613222	0.0597536641397822	0.106452282451282	0.159632430290537	0.200557109634081	0.19771731285409	0.143442758282348	0.0674145112672003	0.0160505125314288	
9.41708258781429e-06	2.58969771164893e-05	2.82512477634429e-05	0.000117713532347679	0.000426122987098597	0.00170213767774743	0.00544071946510971	0.0134946793483379	0.0297697523307279	0.0622351445522177	0.11006215274508	0.162592993690555	0.201014690648837	0.193911856106978	0.139095018363311	0.065109709012148	0.0149637442320369	
2.35365004048278e-06	1.41219002428967e-05	1.64755502833795e-05	0.000120036152064622	0.000470730008096556	0.00195823683368167	0.0055899188461466	0.014006571390913	0.0318919580485417	0.0646453520119001	0.112139656178802	0.164903782786345	0.199820181136907	0.191387053041857	0.134666440716263	0.0636238678943305	0.0147432638535841	
1.18042849554388e-05	2.36085699108776e-06	2.59694269019654e-05	0.000125125420527652	0.000557162249896713	0.00190048987782565	0.00583131676798678	0.0146656436286372	0.0336705424068937	0.0674402408074131	0.115316059729682	0.168093017765449	0.199213834621968	0.186295225166736	0.131412382694918	0.0614956029038541	0.0139432213893643	
3.54906103675171e-05	0.000153792644925907	0.000688517841129832	0.00232345195872679	0.00594822629759587	0.0155306910968255	0.0357508748435456	0.0693746791057313	0.118051234245127	0.167955764503238	0.197978454833466	0.184669475945647	0.128811987308558	0.0597519916147518	0.0129753671503643	
7.10762363711317e-06	4.2645741822679e-05	0.000182429006685905	0.000741562066138807	0.00229102401902948	0.00654612136978123	0.0165323325799252	0.0366113693547699	0.0724480077330945	0.120244407484802	0.168607047919599	0.198757587388233	0.182734634502301	0.125596448083548	0.0564321624707995	0.0122251126558346	
2.3761999809904e-05	2.61381997908944e-05	0.000173462598612299	0.000895827392833381	0.00249263378005893	0.00739711054082312	0.0175173462598612	0.0383494914932041	0.0751924721984602	0.122485980420112	0.171468966828248	0.196708963026328	0.179980515160156	0.121858663625131	0.0535143997718848	0.0119142667046859	
4.27536180249254e-05	1.18760050069237e-05	4.03784170235406e-05	0.000266022512155091	0.00101421082759128	0.0032849029849151	0.00805668179669704	0.0185859478358356	0.0404354218475739	0.0770301436759086	0.125061458325911	0.171762660415138	0.196132222689345	0.177574777265526	0.118503528361088	0.0513067168309118	0.010890296591349	
1.89667844187866e-05	2.84501766281799e-05	8.53505298845397e-05	0.000327177031224069	0.00108347755992318	0.00365347684866877	0.00836672277673724	0.0201474667488561	0.0422911875577894	0.0792052917328528	0.127589558785177	0.173707295099457	0.195104198771901	0.174259702695654	0.115358353683112	0.0482538704094455	0.0105194528082695	
2.36493836970609e-05	2.8379260436473e-05	0.000132436548703541	0.000475352612310923	0.00122030819876834	0.00356632706151678	0.00923508433370226	0.0208658512359168	0.0446476714816812	0.0808406882916631	0.129891875017737	0.174102032901023	0.19471956560812	0.171616482674462	0.110646006565069	0.0480248034736215	0.00996348535157174	
1.18423639253173e-05	1.18423639253173e-05	5.21064012713962e-05	0.000132634475963554	0.000480799975367883	0.00127897530393427	0.00400508747954232	0.00953783990545057	0.0218396875510702	0.0456546814048833	0.0840523621963322	0.13135550065962	0.177718355427237	0.192807895540876	0.168161567739506	0.108007095944464	0.0455528370751256	0.00933888819150524	
2.3712134684925e-06	2.3712134684925e-06	1.4227280810955e-05	3.55682020273875e-05	0.000173098583199953	0.00051218210919438	0.00138478866559962	0.00378919912265102	0.010115596656589	0.0228845811844211	0.0468219811488529	0.0855936925721738	0.134587705258166	0.179932420416148	0.189711304760211	0.165188215069062	0.105639931234809	0.0443488055012152	0.00926195980793171	
2.13859522808118e-05	0.000225740607408569	0.000577420711581919	0.00155404586573899	0.00395164873811	0.0107880248172095	0.0237075162117399	0.0490736318337028	0.0878511157526548	0.137302566076652	0.177729144538147	0.190049829268814	0.161157407737438	0.103415336579246	0.0437485297157807	0.00884665559349582	
3.7896910928048e-05	0.000194221668506246	0.000606350574848768	0.00157745891738	0.00422313701154435	0.0109569443720719	0.0254359329035192	0.0511560926389988	0.0890458978962477	0.137876067627038	0.177959156604247	0.188657928270622	0.159763902244918	0.101686886247685	0.0425511253013989	0.00827100081004647	
7.8225003555682e-05	0.000173043189683781	0.000597354572607026	0.00156212961646044	0.00442563883752904	0.0120158346370834	0.0266747262124876	0.0536765751671171	0.0904138813824492	0.141317024605319	0.177300526240933	0.188628929028588	0.157758498079932	0.097330868060494	0.040084388185654	0.00796235718010714	
2.36798484489699e-06	0.000111295287710159	0.000189438787591759	0.000568316362775278	0.00167653327018707	0.00512668718920199	0.0126781908595785	0.0280393085484253	0.0550556476438551	0.0948946246744021	0.142517167890126	0.179933696424343	0.187172626095193	0.152697134738338	0.0937414160549372	0.0383258347146578	0.00726971347383377	
1.18068772698722e-05	7.32026390732074e-05	0.000236137545397443	0.00064465549893502	0.00197883263043057	0.00598372540037121	0.013670002503058	0.0291133979720508	0.0575585266906268	0.0976098157654871	0.144187946595133	0.179677058292914	0.186343221199484	0.149312131330257	0.0906343126744466	0.0363557364893903	0.00660948989567443	
1.1780477863304e-05	8.48194406157891e-05	0.000216760792684794	0.000761018869969441	0.00258463684320891	0.00618710697380729	0.0140305491351951	0.030820086185976	0.0592369548878381	0.100039818015178	0.145618486868301	0.181624339409704	0.183488011007679	0.146450188605451	0.0878658721912396	0.0345639220509341	0.00641564824435538	
1.64648158645557e-05	4.2338097937429e-05	0.000319887851082797	0.000893804289790168	0.00267200440316219	0.00643303876993713	0.0151358700126309	0.0324827295842164	0.0621946658700832	0.102190055721641	0.149832176484009	0.179769915958876	0.180158015189969	0.144276477187998	0.0849960837259408	0.0323416025910916	0.00624486944577078	
1.40687540008019e-05	0.000119584409006816	0.000328270926685378	0.000956675272054531	0.0026636840908185	0.00719851246374365	0.0164768557272725	0.0344238962476288	0.0637971098089698	0.106772463696753	0.149865057201209	0.178931102966866	0.179259373893551	0.14168876633441	0.0802880342902431	0.0309981546484336	0.00621838926835445	
3.5248419108403e-05	0.000115144835754116	0.000291386931296131	0.00109035109775327	0.00300316530803593	0.00734577054219118	0.0170249864293586	0.0347055934541336	0.0670871411417198	0.10728678818755	0.150515449382095	0.181195673374049	0.178255955220408	0.136592323834276	0.0790810032170057	0.0305368804209131	0.00583713820435154	
