# <P(N_1)> as a function of N_tot.
# number_of_species: 2
# species_total_upper_bound: 100
# species_total_lower_bound: 0
# volume: 512
# Bin widths for each species index 
1	1	1	1	1	1	1	1	1	1	1	1	1	1	1	1	1	1	1	1	1	1	1	1	1	1	1	1	1	1	1	1	1	1	1	1	1	1	1	1	1	1	1	1	1	1	1	1	1	1	1	1	1	1	1	1	1	1	1	1	1	1	1	1	1	1	1	1	1	1	1	1	1	1	1	1	1	1	1	1	1	1	1	1	1	1	1	1	1	1	1	1	1	1	1	1	1	1	1	1	1	
# Bin lower bound for each species index 
0	0	0	0	1	1	2	3	3	4	5	5	6	7	8	9	10	11	11	12	13	14	15	16	17	18	18	19	20	21	22	22	22	23	24	25	25	26	27	29	30	31	32	34	34	35	36	37	37	38	40	40	40	41	41	42	44	45	45	46	47	48	48	49	49	50	51	54	55	56	56	57	58	59	60	61	62	63	64	65	65	65	66	67	70	70	71	71	72	73	73	73	77	78	79	80	80	81	82	83	84	
# Bin upper bound for each species index 
0	1	2	3	4	5	6	7	8	9	10	11	12	13	14	15	16	17	18	19	20	21	22	23	24	25	26	27	28	29	30	31	32	33	34	35	36	37	38	39	40	41	42	43	44	45	46	47	48	49	50	51	52	53	54	55	56	57	58	59	60	61	62	63	64	65	66	67	68	69	70	71	72	73	74	75	76	77	78	79	80	81	82	83	84	85	86	87	88	89	90	91	92	93	94	95	96	97	98	99	100	
# Normalized histogram for each species index 
1	
0.050774430368414	0.949225569631586	
0.00261528067113338	0.0947159506784528	0.902668768650414	
0.000128955572002063	0.00695799412411133	0.135131422548162	0.857781627755725	
0.000511167033658383	0.0129926302071631	0.170322540781018	0.81617366197816	
6.99441565853822e-05	0.00128417471490762	0.0211483151851562	0.201198563067247	0.776299002876104	
0.000156749463972815	0.00211891686120395	0.0298887638625307	0.2307240145777	0.737111555234592	
0.000179409406659453	0.00395822003442418	0.0398064621025661	0.256191026165741	0.69986488229061	
2.83613922040205e-06	0.000266597086717793	0.00545105958161274	0.0512773971048691	0.281339338385443	0.661662771702137	
3.10751142010447e-05	0.000683652512422983	0.007709453332241	0.0645204121125145	0.300651729895107	0.626403677033513	
7.94831325438009e-05	0.00087431445798181	0.0104605479794252	0.0760823899442483	0.316666477421113	0.595836787064688	
5.65225623938436e-06	7.9131587351381e-05	0.00136501988181132	0.0135993285119588	0.0866716971747197	0.32785347090925	0.570425699678669	
2.25675050494793e-05	8.74490820667321e-05	0.00227367613373503	0.0178875686898435	0.0984535617164844	0.341466097965539	0.539809078907281	
5.60978346235835e-06	0.000246830472343768	0.00295635588466285	0.0221642544597779	0.110815662515427	0.350527319645462	0.513283967238865	
2.81926005700544e-06	0.000360865287296696	0.00398079520049168	0.0257623984009157	0.123542794958035	0.360123821901704	0.4862265049915	
1.40586075230421e-05	0.000545473971894032	0.00485584303845873	0.0303131695411833	0.1364247274036	0.365006438842246	0.462840288595095	
5.35515983742862e-05	0.000738448356529631	0.00606542314218231	0.0362516135942142	0.146545358203823	0.372623295508994	0.437722309595883	
0.00011249258252034	0.000871817514532635	0.00779011133953355	0.041670064880097	0.157748348468273	0.373753793109267	0.418053372105777	
5.59337297170313e-06	0.000176191248608648	0.0013396128267229	0.00915914824116387	0.0473898525027547	0.170832797301757	0.375821526655219	0.395275277850802	
2.78800821904823e-06	0.000200736591771473	0.00193208969580042	0.0112802812542691	0.0544386484851357	0.181794863931259	0.376654334376978	0.373696257656568	
2.50780903870107e-05	0.000398462991704725	0.00223195004444395	0.0134920126282117	0.0615555660821614	0.191220439200956	0.376820599700735	0.3542558912614	
1.40107826983647e-05	0.00042032348095094	0.00294786867973592	0.0167316766983871	0.0665988544784066	0.199236132127285	0.373465819294529	0.340585314458007	
1.39570068361419e-05	0.000575028681649048	0.00358136795415402	0.0187833398000798	0.0720935231114076	0.206636277610449	0.375144803945925	0.3231717018895	
7.5520039382302e-05	0.000749606316831739	0.00462630167178991	0.0215903401478515	0.0796904237793025	0.214848917965658	0.372649438774226	0.305769451304958	
0.000146697059288181	0.00092531991243314	0.00514003926967433	0.0236520797129251	0.0862324809858042	0.223047236453091	0.369558103319867	0.291298043286917	
0.000205732322520644	0.00121184792717639	0.00613533241270468	0.0262379167488657	0.0944649550488967	0.233010173886086	0.364022207817828	0.274711833835921	
1.69219054065488e-05	0.000186140959472037	0.00153707307442818	0.00723129424373184	0.0300420227317596	0.100217164452717	0.238909101164791	0.360072764193248	0.261787517274445	
1.1344106453095e-05	0.000241062262128268	0.0016193711961793	0.00865555322371145	0.0335501948350283	0.108449657691588	0.243319739312434	0.355135760593977	0.249017316778501	
1.99136883849145e-05	0.000244653885871807	0.0020511099036462	0.009353743915657	0.0384106600818737	0.114000176378383	0.249225499762458	0.34854075336328	0.238153489020446	
4.81188365431428e-05	0.000365137053768554	0.00230970415407085	0.0116504194830339	0.0431484437802158	0.120860364797391	0.253676845215855	0.343220338983051	0.22472062769607	
7.37157859520394e-05	0.000396931155126366	0.002886256542276	0.0136572669588836	0.0455988840564096	0.127774974057714	0.258132835846286	0.337533242984242	0.213945892613111	
8.52592449441268e-06	0.000122204917753248	0.000608182613934771	0.00375140677754158	0.0147526913501654	0.0496294064819762	0.134547614446326	0.261100753691725	0.333190287266816	0.202288926529267	
2.84566264100258e-06	2.84566264100258e-05	0.000190659396947173	0.000853698792300775	0.00405222360078768	0.0164507757276359	0.0532736503022094	0.141927424220004	0.265161690551262	0.326226765164536	0.191831809955266	
1.42536232710355e-05	3.42086958504852e-05	0.000182446377869254	0.00107472319463608	0.00473505365063799	0.0181933247431497	0.0582232003375258	0.149369419706489	0.269687104461954	0.317445294593886	0.18104097061473	
2.29407783806105e-05	4.87491540587972e-05	0.000269554145972173	0.00114130372443537	0.00529645220862344	0.0202681776992693	0.0632534611899382	0.155180027758342	0.271641756804808	0.312201052981728	0.170676523554444	
1.15010940415707e-05	7.76323847806023e-05	0.000244398248383377	0.0013743807379677	0.00585405686715949	0.021607680430601	0.068770791821572	0.160474765162036	0.27451386313123	0.303025075260284	0.164045854861944	
2.87658032131402e-06	2.87658032131402e-05	4.60252851410244e-05	0.000244509327311692	0.00137212881326679	0.00662188789966488	0.0245631193637004	0.0728206308340645	0.167537791073971	0.272760222647317	0.296592690609404	0.157409351762625	
1.44170744295884e-05	2.01839042014238e-05	5.76682977183538e-05	0.000256623924846674	0.00156857769793922	0.00755166358621843	0.0278307204788775	0.0770419623368348	0.17306256145278	0.276848196856501	0.288577928612414	0.147169495777239	
1.44779818851491e-05	2.31647710162385e-05	4.92251384095068e-05	0.000286664041325952	0.00190819801246265	0.00867810234195835	0.029332391299312	0.0827011281243485	0.176631378998819	0.277595033473094	0.281767587852394	0.141012647964975	
2.88332343392288e-06	7.20830858480719e-05	0.000369065399542128	0.00227494218936515	0.0098061829987717	0.0312004428784795	0.0868053353016821	0.182540323278223	0.276288701408792	0.277283447993495	0.133356592142367	
5.74306668274725e-06	0.000117732866996319	0.000631737335102198	0.00270498440757396	0.010544270429524	0.0341080730288359	0.0924662451255722	0.18682483072311	0.276454000907405	0.268252901684441	0.127889480424757	
1.43805850597226e-05	9.4911861394169e-05	0.000601108455496403	0.00308032131979257	0.0117201768236739	0.0375735926440431	0.097658553140576	0.191028815816343	0.277102369632806	0.260780405590021	0.120345364130794	
8.60716058379501e-06	7.17263381982918e-05	0.000895144700714681	0.00346581666174146	0.0131775628537902	0.041357406605135	0.101860007402158	0.194206233305695	0.275954175477052	0.254866632046754	0.114136687448178	
0.000142826129183377	0.00102834813012032	0.00408482729464459	0.0148710565705732	0.0440761434659902	0.10324615226408	0.198833967481347	0.275962933762954	0.249925730412825	0.107828014488283	
2.57765914181135e-05	0.000163251745648052	0.00102533552529829	0.00440206900107116	0.0166029889389782	0.0461887877555463	0.107975277384764	0.203173957623284	0.274085360614514	0.243468498141221	0.102888696678257	
1.72504010718249e-05	0.000224255213933724	0.00123627874348079	0.00496524044184027	0.0175695334916537	0.0493246467980381	0.113392636378796	0.204785261257324	0.272067575571132	0.236922758454134	0.0994945632485955	
3.47205143265522e-05	0.000318271381326729	0.00143222121597028	0.00564497695425862	0.0190268418509506	0.0527983287859104	0.118547409415625	0.208479328273783	0.269029011883096	0.229595187736714	0.0950937019880388	
7.83382995946718e-05	0.000322057453889206	0.0017321468465933	0.00625835971206323	0.0209192274102809	0.0567691544396055	0.121975633887408	0.209763853548	0.269901554870176	0.222698377236631	0.089581296295759	
5.81767409389726e-06	9.89004595962534e-05	0.000349060445633836	0.00199546221420676	0.00700738844609925	0.0220053522601664	0.0601256617604282	0.1276455872942	0.214451102449241	0.266978881843039	0.21533829774856	0.0839984874047356	
2.90151110698452e-06	6.67347554606439e-05	0.000478749332652445	0.00235892852997841	0.00823158701051508	0.0241869965878229	0.0646253568858662	0.131896891901302	0.21677479631392	0.26287400478169	0.208415542814698	0.0800875095749867	
0.000101084200250689	0.000612281441518458	0.00278125956689752	0.00896183638222535	0.0267873130664325	0.0671459020465218	0.135929368137105	0.21984658306522	0.259965458084714	0.202058651941105	0.0758102620680094	
1.15916157843032e-05	0.000156486813088093	0.000669415811543511	0.00279937521190923	0.00955438931021192	0.0284226419031115	0.0692483126954274	0.141345264969847	0.221979442269407	0.258852372079275	0.195930183698131	0.071030523622264	
8.67701545376452e-06	2.60310463612936e-05	0.000283449171489641	0.00079250074477716	0.00308612516305558	0.0105049733760242	0.0300976742706245	0.0721320294671445	0.145823029377482	0.223806259598948	0.256969812663236	0.188600715564541	0.0678687225408615	
2.59033058374539e-05	5.75629018610086e-05	0.00020147015651353	0.00109657328045221	0.00370992902494201	0.0118176637520651	0.0322035654461413	0.0767428607610967	0.149033231063244	0.226014977867064	0.251952821445635	0.182405323417164	0.0647381175779833	
2.88926320898908e-06	2.31141056719126e-05	3.7560421716858e-05	0.000291815584107897	0.00123082612702935	0.00440034786729036	0.0120828987399923	0.0348531820900352	0.0811218431187863	0.153815705456951	0.225972164838245	0.247257366898867	0.177328529451705	0.0615817560363932	
5.80509396995864e-06	1.74152819098759e-05	4.35382047746898e-05	0.000359915826137436	0.00125390029751107	0.00455119367244757	0.0136680937522676	0.0370016689645164	0.0862462811116755	0.157483491764023	0.228447862999782	0.242385893621653	0.170306944343662	0.0582279950656701	
2.03486597500603e-05	8.4301590393107e-05	0.000311043799036636	0.0012819655642538	0.00520053604183684	0.0145492917212931	0.0400548832422973	0.0896881713240873	0.160696272997619	0.228957305604893	0.237625834658419	0.16574855451842	0.0557814902777011	
2.03478907957769e-05	6.97641970140924e-05	0.000360448351239477	0.0017005023022185	0.00525847634993721	0.0164730710199526	0.0425329054462583	0.0934694897911725	0.162030254406772	0.228006836891307	0.236683758894935	0.160946002511511	0.0524481419468862	
8.71424255803686e-06	2.61427276741106e-05	6.0999697906258e-05	0.000514140310924174	0.00180675295703297	0.00583563776636535	0.0178903399716497	0.0456858689842679	0.0956359073269351	0.164986754351312	0.229033532405363	0.232769037715242	0.155886180373202	0.0498599911695675	
2.90096399033399e-06	2.90096399033399e-05	0.00011603855961336	0.000577291834076464	0.00184501309785242	0.00665481139382617	0.0188562659371709	0.0477005508930618	0.097437578507338	0.170086419717272	0.229022404144897	0.229643210438829	0.149025421147447	0.0490030837247217	
2.89557960817017e-06	2.89557960817017e-05	0.000240333107478124	0.000544368966335992	0.00180973725510635	0.00676407396468551	0.0204862257278039	0.049227748918501	0.102022851914268	0.174200964807125	0.229028764687828	0.224893877007361	0.145048269312068	0.0457009329557497	
1.44637004509782e-05	5.49620617137171e-05	0.000214062766674477	0.000642188300023431	0.00213484218656438	0.00746037669261455	0.0212847815836595	0.0516354106099921	0.107323550086348	0.175829420902361	0.230886943039055	0.222217400988739	0.136861319147336	0.0434402779344679	
5.79696702685155e-06	2.89848351342578e-06	4.92742197282382e-05	0.000211589296480082	0.000756504197004127	0.00242023373371052	0.00811285535407875	0.0219502156471734	0.0545407642721328	0.111220609377174	0.180236400315355	0.23098884663544	0.21676598803506	0.131979548300329	0.0407584751657933	
5.79412880927756e-06	5.79412880927756e-06	0.000101397254162357	0.000231765152371102	0.000814075097703497	0.00308247652653566	0.00912864993901679	0.0243440321921797	0.056759285815683	0.114048734417415	0.182271704082253	0.229490956813461	0.212273703056693	0.129388690439977	0.0380529409549304	
2.90113231194135e-06	5.8022646238827e-06	8.70339693582405e-06	8.70339693582405e-05	0.00027850870194637	0.00110533141084965	0.00346975424508186	0.00959404455559005	0.0260898828812886	0.0601085603711128	0.11683149933419	0.182782940181553	0.228658545430281	0.208449257745298	0.125085220761663	0.0374420136179151	
5.83861484701369e-06	5.83861484701369e-06	4.08703039290959e-05	7.29826855876712e-05	0.000289011434927178	0.00127573734407249	0.00374255211693578	0.0111021261315965	0.0280311898805127	0.0644875009852663	0.120447704986469	0.1856387590608	0.224042248217033	0.203954493835882	0.120847650103489	0.036015495683804	
2.91977622834986e-06	5.83955245669972e-06	4.37966434252479e-05	0.000113871272905645	0.000324095161346834	0.00122922579213529	0.0041986382163671	0.0116236291650608	0.0307510832369807	0.0670701797414246	0.123278791913388	0.186781005103769	0.224451958001939	0.198679093234295	0.117643623792673	0.0338022493956063	
4.96177970281858e-05	0.000116747757713378	0.000370674130739976	0.00142140395016038	0.00466991030853514	0.0129006272273283	0.0325230066050044	0.0690942417087202	0.12570814811788	0.189647976323555	0.222506632731985	0.196066184303848	0.112754984399581	0.0321698446379214	
3.49912376109149e-05	0.00011663745870305	0.000431558597201284	0.00144630448791782	0.00501541072423114	0.0137661360634275	0.034055222004823	0.0724376937275291	0.129333446082877	0.190515625045562	0.221185444811528	0.192722988951517	0.107819666825099	0.0311188739819737	
3.23346815915718e-05	0.000138157275891261	0.000435048443232057	0.0015226695513122	0.00533228294610103	0.0151561471169222	0.0365969805286427	0.0760423525538519	0.132345851754303	0.191177335151914	0.220069842912238	0.187452967735867	0.104755549807168	0.0289424795409651	
5.90493061706525e-06	3.24771183938589e-05	0.000144670800118099	0.000552111012695601	0.00198110422202539	0.00598464718039563	0.0168467670504872	0.0381665190434012	0.0792146442279303	0.1351904340124	0.193244759374077	0.21752583407145	0.182719220549159	0.101535281960437	0.0268556244464128	
2.97298743615509e-06	2.37838994892408e-05	0.000154595346680065	0.000585678524922554	0.00217028082839322	0.00616300295514951	0.017941979177196	0.0394247863908527	0.0825152662904847	0.137774183766299	0.19547986990207	0.21438509700858	0.180597094796677	0.0972791218984309	0.0255022862273384	
1.79732199023455e-05	2.39642932031273e-05	0.000173741125722673	0.000665009136386784	0.00242638468681664	0.0067938771230866	0.0180391217086541	0.0424916873857952	0.0839589012371566	0.140424767097025	0.19616870862415	0.215507893239074	0.174888416259773	0.0943743821705659	0.0240451726926879	
3.00893955943107e-06	4.5134093391466e-05	0.000234697285635623	0.000794360043689802	0.0025666254441947	0.00762766178315776	0.0194618210704002	0.0446887703366702	0.0860646982184069	0.143577568957372	0.195954179868389	0.213637717659165	0.172240727200513	0.0898529531237306	0.0232500759757239	
1.20381126646964e-05	5.41715069911339e-05	0.000183581218136621	0.000902858449852232	0.00309981401115933	0.00819494519649209	0.0212863927193495	0.0474512305960672	0.08991868254895	0.146263068876062	0.197057885264748	0.21085356237849	0.166234297786793	0.0859581434822649	0.0225293278519794	
3.00021901598817e-06	5.70041613037752e-05	0.000291021244550852	0.00100207315134005	0.00311422733859572	0.0089496533246927	0.0224626397727034	0.0489125706176551	0.0929947886195692	0.149917944009913	0.197777437752956	0.207705162476861	0.161594796420139	0.0837241118601658	0.0214935690305392	
1.80699487716952e-05	0.00010239637637294	0.000252979282803733	0.00120767490957496	0.00345738353165102	0.00936625677999536	0.0236415163096346	0.0514059925973443	0.0956382155323256	0.151624940143295	0.198064708486551	0.204488575274889	0.158840873019458	0.0817333899525061	0.020157027854826	
3.63598901931316e-05	7.87797620851185e-05	0.000293909112394481	0.00127259615675961	0.00363598901931316	0.0101171394462389	0.0245126259718696	0.053742947696298	0.097496015562033	0.153693255846367	0.19920674839562	0.203118466582231	0.15600816885533	0.0777010853427223	0.0190859123605447	
1.51501837717292e-05	6.06007350869166e-05	0.000299973638680237	0.0011968645179666	0.00401176866275388	0.0107657205881907	0.0255765402434332	0.0556193546627721	0.100088174069551	0.155680258401534	0.19724630259765	0.202309494014162	0.154192510355151	0.0752600529044417	0.0176772344248536	
1.81556849988653e-05	0.000105908162493381	0.000302594749981088	0.00119827520992511	0.00449958393221878	0.0120220894167486	0.0271488009683032	0.0577895453513882	0.103904985248506	0.156235721310235	0.199555185717528	0.200214842272487	0.148558892503215	0.0717240335880173	0.0167213858839549	
9.06903348287162e-06	2.72071004486149e-05	0.000102782379472545	0.000350669294671036	0.00135430900010883	0.00502122153834992	0.0128780275456777	0.0283679367344224	0.0588217511699053	0.106162105950495	0.159599874242736	0.20136579644252	0.198687408553912	0.144218793455785	0.0671441008960205	0.0158889466619911	
9.08548533148393e-06	3.33134462154411e-05	1.51424755524732e-05	0.00012416829953028	0.000354333927927873	0.00173229920320294	0.00546037668422184	0.0130497854311214	0.0289221283052239	0.0617116448665494	0.109831403677199	0.162945150925054	0.202621465367644	0.194211334445801	0.139580311147588	0.0645130028437569	0.0148850534680812	
3.03336397030943e-06	1.82001838218566e-05	9.1000919109283e-06	0.000130434650723306	0.000442871139665177	0.00182911847409659	0.00535692077156646	0.0137957393369673	0.0311283810633154	0.0647562540381658	0.11165812774709	0.165743007337707	0.200235389044096	0.192115073695578	0.13459035936263	0.0636035757294482	0.0145844139692478	
1.52299261957777e-05	3.04598523915553e-06	2.43678819132442e-05	0.000140115321001154	0.000484311653025729	0.00175753348299274	0.00578432596915635	0.0144988897383803	0.033411412088297	0.0679041489364943	0.115549450047365	0.168025683747537	0.199639964544732	0.186450848459188	0.130922537549383	0.061513671904746	0.0138744627643534	
3.06727766837821e-05	0.000162565716424045	0.000653330143364558	0.00222070903190582	0.00592291317763832	0.0154621467262945	0.0361662709878474	0.0695443865751391	0.116933826551582	0.168801491923858	0.19796210071713	0.185257436614707	0.128344099477949	0.0595665323199048	0.0129715172595714	
3.08216750347514e-06	5.23968475590774e-05	0.000212669557739785	0.000690405520778432	0.00225306444504033	0.00655268811238816	0.0167176765388492	0.0367702583164585	0.0721566234238566	0.120056588595364	0.169198667270771	0.198263506828542	0.183250268919115	0.125179150986139	0.0563173646234978	0.0123255878463971	
3.089585624776e-05	2.4716684998208e-05	0.000182285551861784	0.000812561019316089	0.00251183311294289	0.00726670538947316	0.0177743860993364	0.0380698740684899	0.0751788870076745	0.122702893087979	0.170724322453872	0.197405983909438	0.179838600046962	0.121806913256794	0.0535517876342425	0.0121173548203715	
5.56584549831324e-05	1.5460681939759e-05	5.25663185951806e-05	0.000265923729363855	0.000865798188626504	0.00329003311678071	0.00801790965395902	0.0184322250085807	0.0401482988611662	0.0773095939715709	0.123889536519677	0.171845479760421	0.196124934678619	0.178014291854385	0.119480150030458	0.0512459763575252	0.0109461628133494	
2.47077536019272e-05	3.70616304028908e-05	0.00010191948360795	0.000336643142826258	0.00105316799728215	0.00364130518708402	0.00820297419583983	0.0203838967215899	0.0418642000092654	0.0788949457201538	0.127133746158716	0.174390413391602	0.1948762295968	0.17410009728678	0.115650817672221	0.0488194326482079	0.0104884414040181	
3.07974696798911e-05	3.69569636158693e-05	0.00013858861355951	0.000505078502750214	0.00122265954629168	0.00351091154350759	0.00931315483119907	0.0207728932990865	0.0442282462072916	0.080612376887115	0.129872929640101	0.174849554360614	0.194495260269416	0.17128628711865	0.111286656688286	0.0478223109189349	0.0100153371399006	
1.53505607559844e-05	1.53505607559844e-05	6.75424673263314e-05	0.000132014822501466	0.000497358168493895	0.00129865743995628	0.00396965501149757	0.00961252114539744	0.0215245562920413	0.0454345897255627	0.0836973974659294	0.131938069697686	0.1773757295354	0.193116194534586	0.168708802932571	0.108080228170735	0.0451306486225942	0.00938533284620887	
3.06337823224696e-06	3.06337823224696e-06	1.83802693934817e-05	4.59506734837044e-05	0.000186866072167064	0.000480950382462772	0.0013632033133499	0.00381696927737971	0.010060134114699	0.0225188933852474	0.0467287715546951	0.0857837806376116	0.134653853576647	0.180338013154146	0.19025416849193	0.16510076982695	0.104694014465272	0.0446548644914639	0.00929428955663727	
2.75972034833803e-05	0.000180915000613271	0.000530479578069422	0.0015515761069545	0.00398626272537716	0.0103704157978658	0.0234300257573899	0.0491322212682448	0.0881914632650558	0.13770084631424	0.177548141788299	0.191184226665031	0.161063412240893	0.102627867042806	0.0434717281982092	0.00900282104746719	
3.96504658929742e-05	0.000173852042761502	0.000655757705153036	0.00164091928080155	0.00420904945633111	0.0105958245009379	0.0254464489957757	0.0512619523279399	0.089408750552819	0.137867719945709	0.178387446052491	0.189828130480533	0.159522974394949	0.10095313619935	0.0417244902627606	0.0082838973357937	
6.41711229946524e-05	0.000158899923605806	0.000641711229946524	0.00155844155844156	0.00422001527883881	0.0117708174178762	0.0267838044308633	0.0540901451489687	0.0909549274255157	0.142102368220015	0.177998472116119	0.18868449197861	0.157335370511841	0.0966692131398014	0.0391902215431627	0.00777692895339954	
7.62674118501254e-05	0.000186092484914306	0.000570480240638938	0.00174194768665686	0.00490246923372606	0.0123614221126683	0.0281060666150082	0.0556721599541175	0.0953891773491888	0.142894622842395	0.179850759928492	0.187529362953562	0.152345680518862	0.093098104297211	0.0380879454779526	0.00718744089275582	
9.11867961519172e-06	6.3830757306342e-05	0.000246204349610176	0.000696059210626301	0.00200003039559872	0.00581163847474886	0.0135321205489445	0.0293499901214304	0.0579917627927476	0.0980562014620283	0.144257511512333	0.179771729053633	0.185598565327741	0.149102569947872	0.0905332907794951	0.0365172722989711	0.0064621042872992	
1.51739081614382e-05	0.00010318257549778	0.0002458173122153	0.000849738857040542	0.00260991220376738	0.0061181197706919	0.0142361606370614	0.031176311708491	0.0597548503397438	0.100873106675609	0.14584553568448	0.181188602574102	0.182554254308631	0.146343239872175	0.0877658848057588	0.0341291542367069	0.0061909545298668	
2.12121212121212e-05	5.45454545454545e-05	0.000357575757575758	0.000939393939393939	0.00263333333333333	0.00654242424242424	0.0153393939393939	0.0327818181818182	0.0631060606060606	0.102966666666667	0.149854545454545	0.179793939393939	0.178827272727273	0.144106060606061	0.0846848484848485	0.0320606060606061	0.00593030303030303	
1.81764203357791e-05	0.00013935255590764	0.00033020496943332	0.00098152669813207	0.00256590467073415	0.00726753873092233	0.0166556598343522	0.0350047561633212	0.0642142636429182	0.108076995316542	0.150194790637932	0.177795684917812	0.178716623548158	0.140964198510745	0.0802337487655181	0.0307211797708559	0.00611939484637895	
4.56154435645732e-05	0.000130764271551777	0.000264569572674525	0.00119208359182085	0.00303798854140058	0.00738970185746086	0.0172517607561216	0.0352303275797054	0.0681129803306207	0.107999124183484	0.150828984661047	0.179317349681908	0.178030994173387	0.135894488438006	0.0793526256249316	0.0304133367392865	0.00550730455302947	
