# <P(N_1)> as a function of N_tot.
# number_of_species: 2
# species_total_upper_bound: 100
# species_total_lower_bound: 0
# volume: 512
# Bin widths for each species index 
1	1	1	1	1	1	1	1	1	1	1	1	1	1	1	1	1	1	1	1	1	1	1	1	1	1	1	1	1	1	1	1	1	1	1	1	1	1	1	1	1	1	1	1	1	1	1	1	1	1	1	1	1	1	1	1	1	1	1	1	1	1	1	1	1	1	1	1	1	1	1	1	1	1	1	1	1	1	1	1	1	1	1	1	1	1	1	1	1	1	1	1	1	1	1	1	1	1	1	1	1	
# Bin lower bound for each species index 
0	0	0	0	1	2	2	3	3	4	5	5	6	8	9	9	10	11	11	13	14	15	15	16	17	18	18	20	21	21	22	22	23	24	25	26	27	27	28	29	30	31	32	34	34	35	36	37	37	39	40	40	41	41	42	43	45	47	47	47	48	49	51	51	53	53	53	54	55	56	57	58	59	60	61	62	62	63	64	66	67	67	68	69	70	70	71	71	72	73	75	76	77	78	79	80	80	81	82	83	84	
# Bin upper bound for each species index 
0	1	2	3	4	5	6	7	8	9	10	11	12	13	14	15	16	17	18	19	20	21	22	23	24	25	26	27	28	29	30	31	32	33	34	35	36	37	38	39	40	41	42	43	44	45	46	47	48	49	50	51	52	53	54	55	56	57	58	59	60	61	62	63	64	65	66	67	68	69	70	71	72	73	74	75	76	77	78	79	80	81	82	83	84	85	86	87	88	89	90	91	92	93	94	95	96	97	98	99	100	
# Normalized histogram for each species index 
1	
0.0493445032685206	0.950655496731479	
0.00278202642322932	0.0917827851577084	0.905435188419062	
0.000262085725858331	0.00625431845798289	0.134843105954111	0.858640489862048	
0.000617415877086747	0.0119327491629266	0.172104675737931	0.815345159222056	
0.000964147978860163	0.0210684187973147	0.203720897014712	0.774246536209113	
1.20101365552526e-05	0.00219785498961123	0.0312864057264331	0.234437865558531	0.732065863588869	
0.000157638813100998	0.00407435701553349	0.0388761565232153	0.257897098233233	0.698994749414917	
1.22343614275053e-05	0.000244687228550106	0.00464905734245201	0.0500874756842067	0.28414304415381	0.660863501229553	
0.000110882501509234	0.000862419456182932	0.00686239481562704	0.0640161642046645	0.300651742703315	0.627496396318701	
0.00022202486678508	0.0012951450562463	0.00953473455693704	0.0739219459246102	0.316632129465167	0.598394020130255	
2.43813239058881e-05	8.53346336706083e-05	0.00131659149091796	0.0130561989516031	0.0841521394611727	0.325015238327441	0.576350115811289	
7.15905023266913e-05	0.000155112755041165	0.00256532633337311	0.0178021715785706	0.0958119556138886	0.339828182794416	0.543765660422384	
0.000270900567713364	0.00301524110150526	0.022154955124732	0.113365998445266	0.35160538032084	0.509587524439942	
0.000389408099688474	0.00422448786934768	0.0258189370338903	0.122510148211083	0.36159492117436	0.48546209761163	
2.33522097028431e-05	0.000583805242571078	0.00510245782007122	0.0291318816042968	0.135979917099656	0.366069239301769	0.463109346721934	
5.81314235222992e-05	0.000860345068130028	0.00633632516393061	0.0348090964051528	0.147421290052551	0.371343533460447	0.439171278426266	
0.000242704420687663	0.000855244149089858	0.0075469517480497	0.0415486853510546	0.15941057497833	0.372770875469517	0.417624963883271	
2.29536794748198e-05	0.000401689390809347	0.00152641968507552	0.0089175044759675	0.0475485470320892	0.174964421796814	0.376348528669146	0.390269935270624	
0.000415526853422902	0.0019044980781883	0.0107575285386151	0.0556228862956935	0.185879012431178	0.376040259935132	0.36938028786777	
0.000594183854196423	0.00210249671484888	0.014077586699423	0.0634062732103068	0.192972633262869	0.371410615323087	0.355436210935268	
0.000606539178997723	0.0025978187477827	0.0174866389718589	0.0688936954257791	0.198853297627631	0.369267918655085	0.342294091392866	
3.39885571857475e-05	0.000566475953095791	0.00372741177137031	0.0187730130855945	0.0736985214977624	0.204917011272871	0.373081062708888	0.325202515153232	
7.93677789493974e-05	0.000895722076714627	0.00539700896855902	0.0209757701509122	0.080172794993027	0.218091318298808	0.37089696928467	0.30349104844836	
0.000277251513331177	0.000866410979159928	0.00499052723996118	0.0238898387320364	0.0879811468970935	0.224804768726029	0.368467261217134	0.288722794695254	
0.000186152575304534	0.0012914334911752	0.00667822363905016	0.026503472908983	0.0946004118625729	0.230038044932578	0.364393666158625	0.276308594431711	
3.4831878134869e-05	0.000150938138584432	0.00161387702024893	0.00817388073564927	0.0307449377670444	0.0980981794538362	0.235846646851198	0.362518577001672	0.262818131153632	
0.000243021802527427	0.00179373235198815	0.00976716196824515	0.0337337406841642	0.107623941119289	0.244121186872194	0.35264778040087	0.250069434800722	
0.000219620172690809	0.00270479581103418	0.0104492966374996	0.0380520846577971	0.114063782321732	0.2500202281738	0.346028920509056	0.238461271716389	
2.28383501575846e-05	0.000422509477915315	0.00303750057095875	0.0118416845567076	0.0423993970675558	0.120723518932992	0.256554606495227	0.341067921253369	0.223930023295117	
0.000103121132957514	0.000527063568449516	0.00285301801182456	0.013153673403914	0.0461409780466566	0.129565974609285	0.259063201796599	0.338283147715294	0.210309821715019	
1.15236580700177e-05	9.2189264560142e-05	0.00056465924543087	0.00365299960819563	0.0138168660259513	0.0495171587268663	0.135506695245339	0.260941713337482	0.335591970315057	0.200304224573048	
2.31916324590088e-05	0.000162341427213062	0.00095085693081936	0.00374544864212992	0.0161761636401586	0.052900113638999	0.14015863076602	0.267608246944502	0.32427700085809	0.193998005519609	
5.81165585698677e-05	0.000185972987423577	0.00108096798939954	0.00502127066043657	0.0190622312109166	0.0571750703210359	0.14743008578004	0.271787897807843	0.316061092126369	0.182137294557965	
6.96839831364761e-05	0.000220665946598841	0.000998803758289491	0.00563278863686515	0.0206148450112075	0.0613102911629095	0.153780936785013	0.273370265844396	0.312486208378338	0.171515510493246	
4.66162434300232e-05	0.000186464973720093	0.00114209796403557	0.00614169007190556	0.0223874509072686	0.0669642336872283	0.158938081974664	0.271131725849872	0.304112718076614	0.168948920251262	
2.3403035373688e-05	0.00011701517686844	0.00111164418025018	0.00628371499783522	0.0246433962484934	0.0715430791373641	0.165716893481085	0.269509355363391	0.301899156320575	0.159152342058765	
2.33135556669425e-05	9.32542226677702e-05	0.000128224556168184	0.00102579644934547	0.00737874036858732	0.0286290463590054	0.0735659249070372	0.170830079149522	0.278060778439624	0.290720039166774	0.149544802825603	
2.3566008389499e-05	0.000117830041947495	0.000106047037752745	0.00131969646981194	0.00844841400763539	0.028785879247773	0.0814323419899138	0.174353113069708	0.27867983221002	0.283251637837583	0.143481642079465	
1.16543324981062e-05	0.000163160654973486	0.000291358312452654	0.00200454518967426	0.00984791096089971	0.0315249694073772	0.0851582075636618	0.182821513897791	0.27796748441233	0.276219334537614	0.133989860730727	
2.3062996575145e-05	0.000207566969176305	0.000634232405816488	0.00259458711470381	0.0100439350084757	0.0360935896401019	0.0917446003759268	0.189024319929888	0.275775781547296	0.26525905510903	0.128599268903009	
3.45853219893477e-05	0.000103755965968043	0.000484194507850868	0.00314726430103064	0.0113555140531692	0.038989186322658	0.0968389015701736	0.192179105854142	0.27712065665998	0.25962048373337	0.120126351709668	
2.30263536617659e-05	5.75658841544147e-05	0.000955593676963284	0.00317763680532369	0.013378311477486	0.0425757279206051	0.102582405563167	0.195010189161495	0.277778417398713	0.251655019169439	0.112806106588991	
0.000102586314985581	0.00083208899932749	0.00403506172276618	0.0155019320422656	0.0439183412932715	0.102483728670595	0.200123103577983	0.277986116652039	0.249546910442147	0.10547013028462	
4.55949571977339e-05	0.000170981089491502	0.000649728140067709	0.00453669824117453	0.0172120963421446	0.0458685269409203	0.106794788496392	0.205747244354774	0.271552166330404	0.245984794081775	0.101437381025659	
3.45693807471595e-05	0.000322647553640156	0.00129059021456062	0.00549653153879837	0.0168583346776981	0.049607061372174	0.114343988384688	0.2046622571501	0.271288976976792	0.240971630061533	0.0951234126892674	
9.24043614858621e-05	0.000277213084457586	0.00150157087414526	0.0060293845869525	0.0181805581223434	0.0525896322306413	0.118658750693033	0.211883200887082	0.269231657734245	0.231207262982813	0.0903483644428017	
8.08724987291464e-05	0.00042746892185406	0.0017214289015204	0.00671241739451916	0.021373446092703	0.0576389851656731	0.121609131660428	0.213549609501363	0.270541614677203	0.217882064790425	0.088462960395582	
1.16084695393759e-05	3.48254086181278e-05	0.000429513372956909	0.00262351411589896	0.0072320765230312	0.0208372028231798	0.0608051634472511	0.130165768945022	0.215615713224369	0.263837295690936	0.215615713224369	0.0827916047548291	
4.58494761697348e-05	0.000733591618715756	0.00260195777263245	0.0085394649366131	0.0254808463813301	0.0650489443158112	0.134556750189129	0.215905183283281	0.260344788060796	0.208420256298572	0.0783223676669494	
0.000215659122380877	0.000760482168395723	0.00316678395496129	0.00912578602074868	0.0268438854963565	0.0668316269778212	0.13725000567524	0.218598896733332	0.257962361807904	0.202515266395769	0.0767292456470909	
2.2532926238466e-05	0.000168996946788495	0.000428125598530853	0.00318840906274293	0.00905823634786332	0.0272085084329476	0.0668889915388862	0.140954720084724	0.222985838055859	0.256289503036312	0.199292466116112	0.0735136718529952	
5.57450888576716e-05	0.000189533302116084	0.000557450888576716	0.00326666220705956	0.0103685865275269	0.0287756148683301	0.0690904631301982	0.146765669944478	0.220817445983009	0.26173434120454	0.189232278636252	0.0691462082190559	
2.21542824227923e-05	1.10771412113962e-05	0.00014400283574815	0.00100801985023705	0.00365545659976073	0.0116088439895432	0.0302627497895343	0.0746710089060215	0.147669369489122	0.225807523594311	0.254862864991803	0.184079932650981	0.0661969958793035	
1.10432564354577e-05	1.10432564354577e-05	0.000231908385144611	0.00144666659304496	0.00479277329298864	0.0114297704106987	0.0328536878954866	0.0796881384382627	0.149437346084613	0.226232151336786	0.250692964341325	0.181518006029618	0.0616545006791603	
1.10618245373392e-05	4.42472981493568e-05	0.000309731087045497	0.00149334631254079	0.00467915177929448	0.012521985376268	0.0351323547305893	0.0839813718874791	0.155197398258869	0.228625789537726	0.244189776661763	0.174422849304764	0.0593909359409741	
2.20024422710921e-05	0.000275030528388651	0.00134214897853662	0.00446649578103169	0.013377484900824	0.0393733704441193	0.0882517959493504	0.156624385306769	0.227747279948074	0.240783726993696	0.169308793276054	0.058427485450885	
0.000254028561646105	0.0012811875283021	0.00522415259385251	0.0147888801758319	0.0426988877966888	0.0898708872223633	0.161661567687567	0.227167802432047	0.24076385284015	0.164091406103312	0.0521973470582388	
3.29149477749495e-05	0.000384007724041078	0.00173352058281401	0.00540902308435004	0.0172254893355569	0.0445119810409901	0.0921837970683753	0.164684455367331	0.229998683402089	0.235451593083472	0.158277012200474	0.0501075221627315	
1.08205200341928e-05	7.57436402393499e-05	0.000595128601880606	0.00187194996591536	0.00692513282188342	0.0190116537000768	0.04443987578043	0.0966705259854789	0.169817241416622	0.229027127043726	0.229936050726598	0.152114870640683	0.0495038791564323	
1.08776051864422e-05	0.000239307314101727	0.000630901100813645	0.00178392725057651	0.00757081320976374	0.0197210982030196	0.0472414393247183	0.100606970369403	0.174792237740939	0.227178784318844	0.227548622895183	0.147130487751817	0.0455445329156333	
4.36038589415163e-05	0.000207118329972203	0.000697661743064261	0.00200577751130975	0.00757617049108846	0.0190003815337657	0.0497847059464763	0.10582656565106	0.18072709434785	0.230119365563852	0.225181228538726	0.137025126723715	0.0418051997601788	
0.000230013472217658	0.000788617619031972	0.0024425240145018	0.00753567947074995	0.0211064743315918	0.0550498910174263	0.111994654925027	0.182543072760928	0.230385874982201	0.217537979605472	0.130308108522547	0.0400771092783054	
2.20244912342525e-05	0.000209232666725399	0.000991102105541362	0.00330367368513787	0.00844639238833583	0.0235221566381817	0.0570434322967139	0.116047044313276	0.182076469033565	0.232468504977535	0.2104550259889	0.129272751299445	0.0361421901154083	
0.000254109952271522	0.0015025631960403	0.00340286370867951	0.00897118614106417	0.025245271345236	0.0607322785928938	0.118603058158034	0.183942460668199	0.230599257557009	0.206746066819869	0.123210182075305	0.0367907017853986	
4.46737697960642e-05	0.000178695079184257	0.00129553932408586	0.00357390158368514	0.0105988518841162	0.0282784962809087	0.0654359043087851	0.122461971453461	0.188411624114901	0.223022627264402	0.201445196452903	0.120585673122026	0.0346668453617459	
1.12494797115633e-05	8.99958376925067e-05	0.000348733871058464	0.0015636776799073	0.00461228668174097	0.0111594838738708	0.0308685723285298	0.0684980819637092	0.125274206067969	0.186415128300316	0.221850989391741	0.198845803381594	0.117703306222087	0.0327584849200724	
5.60305702791443e-05	6.72366843349732e-05	0.000470656790344812	0.00152403151159272	0.00475139235967144	0.0132792451561572	0.0327778836132994	0.0701054495332653	0.127525577955332	0.187601555408631	0.222912020798548	0.197429317435593	0.109293230386499	0.0322063717964521	
7.85651754248131e-05	3.36707894677771e-05	0.000594850613930728	0.00141417315764664	0.00515163078856989	0.0141080607869986	0.0327729017486363	0.0725942220925273	0.129924352959662	0.190127724528048	0.223484253294126	0.191272531369952	0.106837414981257	0.0316056477137534	
4.52406804198335e-05	5.65508505247919e-05	0.00041847629388346	0.00147032211364459	0.0054062613101701	0.015223488961274	0.0354686934491495	0.0757442091929063	0.131627759681506	0.192193720593558	0.219338128845458	0.185814784654361	0.10736744480637	0.0298249185667752	
2.2348366334421e-05	0.000122916014839315	0.000514012425691682	0.00196665623742904	0.00568765923211013	0.0167501005676485	0.0370312430161355	0.0770795154874179	0.134850042461896	0.193268672060072	0.218254145621955	0.185189737630179	0.101126357663255	0.028136593215036	
1.12126478667937e-05	0.000134551774401525	0.000549419745472893	0.00238829399562707	0.00650333576274037	0.0167741212087234	0.038324830408701	0.0810225934854516	0.138543477042103	0.196580142400628	0.214262488086562	0.182351292257667	0.0969221281605651	0.0256321130234905	
2.27280475470755e-05	0.000181824380376604	0.000568201188676887	0.00296601020489335	0.00660249781242542	0.017455140516154	0.0401490959919088	0.0840824119004057	0.14249349409639	0.198859052013137	0.216552837028535	0.176301464822664	0.0925599736354649	0.0212052683614214	
3.4447519204492e-05	0.000229650128029946	0.00105639058893775	0.00264097647234438	0.00748659417377625	0.0188542755112586	0.0447817749658395	0.0862451055816464	0.146803844343143	0.201472057320672	0.21641079814902	0.168413921390761	0.0847523797494517	0.0208177841059146	
3.46384324954681e-05	0.000357930469119837	0.00087750695655186	0.00284035146462839	0.00804766248311376	0.0203904905956656	0.0484129824844993	0.0869078271311296	0.15205117251094	0.203974182821647	0.20751884908035	0.162558163701232	0.0836749067648859	0.0223533351037421	
5.75215130458792e-05	0.000425659196539506	0.000908839906124891	0.00285306704707561	0.00918043348212231	0.0217776448391699	0.0487092172472505	0.0931158253186692	0.152754130044637	0.200957157977083	0.208975656895679	0.158230178086604	0.0807717086190235	0.0212829598269753	
1.15332272276428e-05	0.000115332272276428	0.000311397135146357	0.00118792240444721	0.00321777039651235	0.00939958019052891	0.023216386409245	0.0530297787927018	0.0952759901275575	0.152342398449934	0.199905427536733	0.204691716836205	0.156540493160796	0.0799137314603372	0.0208405416003506	
1.16407659624003e-05	9.31261276992026e-05	0.000291019149060008	0.00132704731971364	0.00308480298003609	0.0103370001746115	0.0257726558407543	0.0546417554275071	0.0984925208078692	0.153797799895233	0.198533263488738	0.202246667830743	0.153250683895	0.078132821139631	0.0199871951574414	
1.17319943217147e-05	3.51959829651442e-05	0.000234639886434295	0.00105587948895433	0.00353133029083614	0.0114973544352805	0.0282271783380457	0.0577331440571583	0.102924786184403	0.153771249574715	0.194903621666647	0.20053497894107	0.152609782136865	0.0755188474488778	0.0174102795734247	
8.22909809084924e-05	0.000282140505971974	0.00101100347973291	0.00479638860152356	0.0122731120097809	0.0281317596162889	0.0607777673281294	0.105238408727546	0.151309602181887	0.196534374118311	0.200484341201919	0.149934167215273	0.0728040063951848	0.0163406376375435	
8.31136757616775e-05	0.00046306190781506	0.000985490726888461	0.00555674289378072	0.0135000356201468	0.0296122153356605	0.0598537199306594	0.106824820118259	0.154852651326257	0.201313196077035	0.200410819025908	0.145282705231412	0.0656598038517252	0.015601624278692	
1.20081174874215e-05	0.000120081174874215	0.000372251642110066	0.00175318515316354	0.00629225356340886	0.0140134731078209	0.0286513683249877	0.060653001428966	0.108865593140963	0.160104230459791	0.205110654802647	0.198025865485068	0.137961261812986	0.0625022515220289	0.0155625202636983	
1.18992372588917e-05	5.94961862944585e-05	0.000523566439391235	0.00211806423208272	0.00622330108640036	0.0145884648794012	0.0296172015373815	0.0645890598412642	0.110484417948809	0.161817727483668	0.204345601446947	0.190649579361963	0.133604635942836	0.0652078201787265	0.0161591641975749	
8.32778147901399e-05	0.000118968306843057	0.000606738364899591	0.00210573903112211	0.00611497097173313	0.0145022366041686	0.033001808318264	0.0660868944513182	0.112282287998477	0.166258208813172	0.201698867421719	0.187910440658609	0.130710478728467	0.0628747501665556	0.015644332349862	
7.1990785179497e-05	0.000191975427145325	0.00107986177769246	0.00221971587636782	0.00596323670570167	0.0158139758110962	0.0353714724515262	0.0680912843156076	0.114141389902093	0.166442695334997	0.198478594739873	0.188111921674026	0.128179593012094	0.0621520445382991	0.013690247648301	
1.21832358674464e-05	0.00013401559454191	0.00043859649122807	0.00113304093567251	0.00213206627680312	0.00698099415204678	0.0170808966861598	0.0356846978557505	0.0703216374269006	0.118055555555556	0.168981481481481	0.196722709551657	0.185964912280702	0.124634502923977	0.0587719298245614	0.0129507797270955	
0.000109691887675507	6.09399375975039e-05	0.000365639625585023	0.000987226989079563	0.00266916926677067	0.00808063572542902	0.0177700858034321	0.0362714508580343	0.0711778471138846	0.122538026521061	0.167255752730109	0.197360081903276	0.182051969578783	0.123988397035881	0.0571982254290172	0.0121148595943838	
0.000172220787048997	4.92059391568562e-05	0.000159919302259783	0.000381346028465636	0.000873405420034198	0.00372734989113186	0.00888167201781255	0.0174189024615271	0.0384052355119263	0.0756664329384557	0.123728334009915	0.169588269304105	0.196171777933597	0.177940977475981	0.122202949896052	0.0540896286181742	0.0105423724643564	
7.47989777473041e-05	2.49329925824347e-05	0.000112198466620956	0.000249329925824347	0.000910054229258867	0.00369008290220034	0.00825282054478589	0.0199962600511126	0.0414884996571714	0.0782023312348065	0.127769120488687	0.172162313781712	0.195075733964969	0.175328803839681	0.115988281493486	0.0496041887427539	0.011070248706601	
4.95159812829591e-05	2.47579906414795e-05	0.000148547943848877	0.000408506845584412	0.00116362556014954	0.00361466663365601	0.00897477160753633	0.0213785249189176	0.0441806342997202	0.0776658166423213	0.129310985120448	0.177799509791785	0.192914263078409	0.173157386546508	0.112500309474883	0.045950830630586	0.0107573469337229	
3.66179647735179e-05	0.000158677847351911	0.00051265150682925	0.000964273072369304	0.00342988270045284	0.00867845765132374	0.0218365129932745	0.0435021421509392	0.0807670243021226	0.131006871971389	0.180026120814872	0.196711706763338	0.171921344611666	0.106900045162157	0.0436119960452598	0.00993567444188119	
6.00817111271329e-05	0.000180245133381399	0.000468637346791637	0.00106945445806297	0.00335255948089402	0.00996154770487864	0.022422494592646	0.0454578226387888	0.0830569574621485	0.134450853160298	0.18097813025715	0.192201393895698	0.168324921893776	0.105142994472483	0.0428022110069695	0.0100696947849075	
2.38237045860631e-05	0.000238237045860631	0.000559857057772484	0.00164383561643836	0.00387135199523526	0.0108516974389518	0.0235378201310304	0.0485884455032758	0.0883978558665873	0.136569386539607	0.174437164979154	0.195378201310304	0.162465753424658	0.101465157832043	0.0425253126861227	0.00944609886837403	
4.70976097963028e-05	0.000188390439185211	0.000682915342046391	0.00134228187919463	0.0042152360767691	0.0107500294360061	0.0260096550100082	0.0508889673849052	0.0902625691746144	0.136630166019075	0.178146709054515	0.191746143883198	0.159390085953138	0.0980101259861062	0.043541740256682	0.00814788649476039	
7.12953170859227e-05	0.000237651056953076	0.000582245089535036	0.00140214123602315	0.00427771902515536	0.0125598583599701	0.0268070392243069	0.0539111422698052	0.0902598714307782	0.143648181375287	0.177382748909776	0.190940741708949	0.154259301068242	0.0951673657568592	0.0405551528690424	0.00793754530223273	
0.000155563799107303	0.000191463137362835	0.000706020319025453	0.0016753024519248	0.00576782701305539	0.0123134730216473	0.0282767120992736	0.0548182895161966	0.0965093876769538	0.144913662091495	0.178443644022162	0.187203082556512	0.149819904986418	0.0945229576268144	0.0368686203884308	0.00781408929362069	
2.38766057017334e-05	4.77532114034669e-05	0.000250704359868201	0.000716298171052003	0.00249510529583114	0.00606465784824029	0.0140991356668736	0.0287474332648871	0.0593691800773602	0.0995893223819302	0.145002626426627	0.179408815242825	0.186106203142161	0.147414163602502	0.0885105773363259	0.0354806360727759	0.0066735112936345	
3.61838137739718e-05	0.000156796526353878	0.000229164153901821	0.000976962971897238	0.00311180798456157	0.00677843444699071	0.0145579544083946	0.0314557954408395	0.0601616210348571	0.102122783741406	0.146809793752261	0.182342298878302	0.182860933542395	0.14418043661802	0.0841394282957424	0.0334097213846339	0.0066698830056688	
3.62993974300027e-05	3.62993974300027e-05	0.000375093773443361	0.00127047891005009	0.00295235099097355	0.0072114802894272	0.0171817147835346	0.0324758609007091	0.0622050673958812	0.104542264598408	0.150896595116521	0.17927062410764	0.177806548411296	0.14211214093846	0.0828110253369794	0.0326331582895724	0.00618299736224379	
3.63883363252632e-05	7.27766726505264e-05	0.000485177817670176	0.000933967299015089	0.00338411527824948	0.00809034010965019	0.0173087186453835	0.0346174372907671	0.066226772111979	0.107200038814225	0.149095143370045	0.177562951821843	0.178048129639513	0.139148998107807	0.0790961137256805	0.0321187715297657	0.00657415942943089	
9.78401780691241e-05	0.000281290511948732	0.000269060489690091	0.00138199251522638	0.00382799696695448	0.0077293740674608	0.0164616099601301	0.0360785656629895	0.0706039184991317	0.106621334050828	0.145696255167184	0.179218746178118	0.178961915710687	0.134689235134408	0.0791771641024387	0.0326296993860529	0.00627400141868258	
