# <P(N_1)> as a function of N_tot.
# number_of_species: 2
# species_total_upper_bound: 100
# species_total_lower_bound: 0
# volume: 512
# Bin widths for each species index 
1	1	1	1	1	1	1	1	1	1	1	1	1	1	1	1	1	1	1	1	1	1	1	1	1	1	1	1	1	1	1	1	1	1	1	1	1	1	1	1	1	1	1	1	1	1	1	1	1	1	1	1	1	1	1	1	1	1	1	1	1	1	1	1	1	1	1	1	1	1	1	1	1	1	1	1	1	1	1	1	1	1	1	1	1	1	1	1	1	1	1	1	1	1	1	1	1	1	1	1	1	
# Bin lower bound for each species index 
0	0	0	0	0	1	1	2	2	4	4	5	6	7	7	8	9	10	10	11	12	12	13	14	15	16	17	18	20	20	21	21	22	23	24	25	25	26	27	29	30	31	31	32	33	34	35	36	37	37	37	38	39	40	41	42	43	45	45	46	47	48	48	49	49	50	51	54	55	56	56	57	58	59	60	61	62	62	63	63	64	65	66	67	69	69	70	71	72	73	73	73	76	77	78	79	80	81	82	83	84	
# Bin upper bound for each species index 
0	1	2	3	4	5	6	7	8	9	10	11	12	13	14	15	16	17	18	19	20	21	22	23	24	25	26	27	28	29	30	31	32	33	34	35	36	37	38	39	40	41	42	43	44	45	46	47	48	49	50	51	52	53	54	55	56	57	58	59	60	61	62	63	64	65	66	67	68	69	70	71	72	73	74	75	76	77	78	79	80	81	82	83	84	85	86	87	88	89	90	91	92	93	94	95	96	97	98	99	100	
# Normalized histogram for each species index 
1	
0.0503041978341498	0.94969580216585	
0.00256153340350353	0.0951512713732083	0.902287195223288	
0.000105866954111488	0.00709308592546966	0.134874499538035	0.857926547582384	
1.20474525059304e-06	0.000483102845487807	0.0132606309732775	0.171854500506595	0.814400560929389	
6.58463409786921e-05	0.0012367140041998	0.0215377395310304	0.2030282133613	0.774131486762491	
4.78217777985005e-06	0.000129118800055951	0.00210654931202395	0.0304780145354294	0.231617607500368	0.735663927674343	
1.19712450693434e-05	0.000186751423081758	0.00365122974614975	0.0400486032549815	0.256635960423064	0.699465483907654	
1.20062720765328e-06	1.32068992841861e-05	0.000264137985683721	0.00548926759339079	0.0513724369610685	0.280108728799925	0.66275102113344	
2.03949420543705e-05	0.000560261055258296	0.00773448184850157	0.0643148499172205	0.299877630347674	0.627492381889291	
1.08160076913832e-05	5.88871529864199e-05	0.00095060689820935	0.0109914673717101	0.0760329287345271	0.315526979930297	0.596428313904579	
1.07774750770889e-05	7.90348172319852e-05	0.00154117893602371	0.0140622099811394	0.0871718109151873	0.327508307637039	0.569626680238302	
1.79142124195652e-05	0.000121816644453043	0.0023276533337155	0.0178019500217359	0.0991384458107017	0.339640330385848	0.540951889591126	
1.19205992723666e-05	0.000262253183992066	0.00301948779569046	0.0219887374178075	0.110493226715493	0.35093529021891	0.513289084068834	
1.19275947289573e-06	2.26624299850189e-05	0.000412694777621924	0.00405776772679129	0.0259592171681028	0.122943682668728	0.359096937947881	0.487505844521417	
3.56786071071785e-06	1.30821559392988e-05	0.000663622092193521	0.00505090147947291	0.0308168022453737	0.135889110889111	0.365277579563294	0.462285333713905	
1.18844451627931e-06	5.94222258139657e-05	0.00081289604913505	0.00638907771951759	0.0362023968549004	0.147121112003765	0.370750716632043	0.438663190070308	
1.18721840663418e-06	0.000112785748630247	0.00101507173767222	0.00789025353049074	0.0417117314986852	0.157915481921632	0.374105579332902	0.417247909011581	
4.73743927195033e-06	1.18435981798758e-05	0.000183575771788075	0.00143899717885491	0.00931498996847234	0.0470498781293747	0.169118291489901	0.376130175356315	0.396747511067843	
9.4367331917037e-06	2.24122413302963e-05	0.000239457104739481	0.00196637927882126	0.0112061206651481	0.0538117914340414	0.180169648870954	0.37668254003829	0.375892213633484	
1.06097793873206e-05	2.7113880656486e-05	0.000431464361751038	0.00233886692271601	0.0134555579918753	0.0613799314844024	0.190168506873958	0.376617696640472	0.355570252064781	
3.55267551993406e-06	4.73690069324542e-06	2.84214041594725e-05	0.000465400493111362	0.00292858885359898	0.0165625732739326	0.0673385960300035	0.198749695062018	0.374371472489265	0.339546962817698	
5.92060702799737e-06	4.73648562239789e-06	6.63107987135705e-05	0.000580219488743742	0.00356065306663762	0.0187552989432901	0.0731751505018307	0.207053100740313	0.374670222188541	0.322128387179281	
2.37290991128876e-06	1.66103693790213e-05	8.30518468951067e-05	0.00070950006347534	0.00445988417826723	0.0215638188188366	0.0800797772312175	0.215324964080076	0.371697354324094	0.306062666177847	
3.57617551869446e-06	1.90729360997038e-05	0.000127550260166769	0.000913116815773318	0.00518426244360073	0.0241999797350054	0.0867580180835275	0.224452696138326	0.36795985146951	0.290381875942471	
1.19036423955366e-06	2.38072847910732e-06	0.000170222086256174	0.00116774731900214	0.00628869427756199	0.0264975079724645	0.0944244529383546	0.232047224130112	0.364364541906178	0.275036038277353	
5.94078228221092e-06	1.90105033030749e-05	0.000167530060358348	0.00134024048286678	0.0071907228743881	0.0306900812699016	0.100887552872962	0.238641224276413	0.360051803621501	0.261005893256024	
3.5805119893444e-06	1.90960639431701e-05	0.000237507295293178	0.00155036169138612	0.00858845475844076	0.0342822087939761	0.107618255359728	0.244189724169291	0.35535268639847	0.248158124957481	
3.1066587646013e-05	0.000272430076280421	0.00190103619018487	0.00979433918978339	0.0384592406370084	0.113960607566865	0.249732349398742	0.348185950255224	0.237662980098266	
1.19051303968932e-06	5.71446259050875e-05	0.000373821094462448	0.00224530759285406	0.0114420208244541	0.042577508351449	0.120491824746956	0.253048308638124	0.344013028974706	0.225749844638048	
1.42512906325079e-05	6.65060229517036e-05	0.000454853692687544	0.00290013764371536	0.0130909980535112	0.0454129252080392	0.127635746512294	0.25858254288154	0.338394520853795	0.213447517840834	
2.37379989579018e-06	1.3055899426846e-05	0.00012343759458109	0.000665850870769147	0.00350016794634263	0.0145205339625486	0.0495020361268606	0.134358261001672	0.262065134695341	0.332927809184469	0.202321338918093	
2.37222316452198e-06	2.72805663920028e-05	0.00018028896050367	0.000857558673974696	0.0040802238429778	0.0162544731233046	0.0532872489446572	0.141702378509556	0.265010538601408	0.325951765586396	0.192645870967665	
1.18695348210608e-05	3.91694649095007e-05	0.000193473417583291	0.00103027562246808	0.0047620573702096	0.0176998503251659	0.0581322337396275	0.148582836890039	0.26913932816059	0.318065550693003	0.182343354781583	
1.54725065460605e-05	8.56938824089503e-05	0.000238038562247084	0.00117114972625565	0.00544156153296834	0.0195822423232564	0.0629504879790526	0.15499047845751	0.270867650559391	0.312613663413473	0.172043561056891	
1.43032527980738e-05	7.74759526562332e-05	0.00022408429383649	0.00138622358367999	0.00604789205811888	0.021891128407452	0.0679905121756439	0.159816203201545	0.274654636041813	0.303037057344124	0.164860483688332	
1.19229586106415e-06	1.66921420548981e-05	4.64995385815018e-05	0.000295689373543909	0.00154283084421701	0.00660412677443432	0.0246864858033332	0.0722388216301546	0.165984276002184	0.27476100429465	0.29674455538095	0.157077825920035	
5.96417439723071e-06	8.349844156123e-06	4.29420556600611e-05	0.000286280371067074	0.00166877599634515	0.00739676908744553	0.0273361969322673	0.0769724419357802	0.171536812673632	0.276846240005535	0.28939128443267	0.148507942491045	
5.97119733254673e-06	9.55391573207476e-06	5.61292549259392e-05	0.000382156629282991	0.00189764651228335	0.00850179076208003	0.0298595693811332	0.0817361375668326	0.176177788817858	0.277525726903707	0.282533172986781	0.141314356072051	
5.95296916242915e-06	7.14356299491497e-05	0.00043099496735987	0.00235023222532703	0.00966881251361742	0.031838860268336	0.0867835750437246	0.181570321829419	0.27661423688293	0.277004751659985	0.133660826010189	
7.12882015650136e-06	0.000120001805967773	0.000605949713302616	0.00275528899048778	0.0104959995437555	0.0348943865293814	0.0915661305001818	0.186580233682725	0.276269108208361	0.269434945951662	0.127270826254019	
2.38164986412688e-05	0.000135754042255232	0.000587076691507275	0.00304613017621827	0.0116438861857163	0.0376264953784084	0.0967735789290673	0.190991647553927	0.277393141324721	0.261114564503414	0.120663908716124	
3.57094819387392e-06	2.49966373571174e-05	0.000147599192013455	0.000733234695808778	0.00352452586735356	0.0131720375711363	0.0409123534572135	0.101531579680353	0.194242917321836	0.27571410036507	0.255410879250767	0.114582205012897	
1.30463144161774e-05	2.84646859989326e-05	0.000163671944493862	0.000900195694716243	0.00411196109826247	0.0147684279191129	0.0436292474648639	0.105187689023305	0.198643183300718	0.275413627468422	0.248571428571429	0.108569056514262	
9.51221368236816e-06	3.21037211779925e-05	0.000216402861273876	0.0010451544783502	0.00455991743398524	0.0161707632600259	0.0463756087816757	0.109738842173351	0.202575669659843	0.274373858534358	0.241352208736017	0.10354995814626	
3.57981129621387e-06	5.36971694432081e-05	0.000230301193389759	0.00128276571447664	0.00487808952630744	0.0173119674284903	0.050063660977551	0.113580252806274	0.205900006324333	0.27270286492298	0.235034897193786	0.0989579169316721	
7.19908715574865e-06	6.95911758389036e-05	0.000317959682712232	0.00140862138680815	0.00550730167414772	0.0191447724428542	0.0527681090037783	0.118388988276287	0.209391449164246	0.270234534261056	0.228542220846397	0.0942192529987198	
4.80986599713332e-06	8.53751214491164e-05	0.000370359681779266	0.00164978403701673	0.00630693678874107	0.0208026704376016	0.0567672409646667	0.12280189123931	0.212121102806076	0.269514828816869	0.221097515223226	0.0884774850172674	
9.65138008703132e-06	0.000101339490913829	0.000449995596557835	0.00198818429792845	0.00724818644536052	0.022457555040011	0.0602620108409127	0.128062955952308	0.216061826740838	0.266214016940585	0.213618821156308	0.0835254561181908	
1.20392431168637e-06	9.63139449349098e-06	8.18668531946734e-05	0.000476754027427804	0.00233922493760662	0.0082167834272595	0.0242398120914934	0.0639681104528321	0.13213791675345	0.217523840711182	0.263340384316719	0.207979128768133	0.0796853423418977	
1.19928810258231e-06	5.99644051291154e-06	1.19928810258231e-05	0.00012472596266856	0.00056126683200852	0.00264323097809141	0.00887473195910907	0.0266889574348667	0.0672284931664564	0.136147982557554	0.219229865152046	0.261043044848578	0.202044066642041	0.0753944458569393	
2.40535239013854e-06	9.62140956055414e-06	2.28508477063161e-05	0.000143118467213243	0.000654255850117682	0.00281546497265716	0.00971642097996462	0.0287848520527879	0.0696493838088515	0.141237481644155	0.221931040952327	0.258215781757567	0.194879245296634	0.0719380766080683	
4.81801745808626e-06	7.22702618712939e-06	4.21576527582548e-05	0.00023126483798814	0.000798586393677798	0.00330034195878909	0.0108152446890391	0.0309027639761653	0.0724304609517753	0.145418607424324	0.223710186613861	0.255565713542363	0.188302576314385	0.0684700506012283	
2.40853875158211e-06	1.08384243821195e-05	4.09451587768958e-05	0.000203521524508688	0.00105614424256875	0.00371878383244278	0.011924675359083	0.0327910508334146	0.0773490177376836	0.149399250221887	0.225140568342889	0.251004661726754	0.181959081335149	0.065399052721709	
3.6302252554771e-06	9.68060068127227e-06	4.11425528954072e-05	0.000237174716691171	0.00119797433430744	0.00409731423834849	0.0125581592337805	0.0350377240907798	0.08076888170911	0.154076440443129	0.225701994808778	0.247241331324609	0.176942019252295	0.0620865324693397	
3.64501447070745e-06	1.33650530592606e-05	3.15901254127979e-05	0.000295246172127303	0.00117976968368564	0.00451374291955939	0.0136323541204459	0.0370552171092119	0.0848960320372472	0.156813382549129	0.22802603026334	0.243641272255851	0.171122494356303	0.0587758583401576	
1.21657165242061e-06	1.09491448717855e-05	4.74462944444039e-05	0.000322391487891462	0.00134431167592478	0.00509256893703268	0.0146195415471385	0.0397502621711911	0.0887610677606079	0.161147081079634	0.229011097566613	0.239186502867459	0.164851541761255	0.0558540211342827	
2.19022066473197e-05	6.57066199419591e-05	0.000363819988197144	0.00168525312258543	0.00542079614521163	0.0162356190719548	0.0427604081111172	0.0923920251632019	0.163290684869834	0.228046992401151	0.236315075410514	0.160388642489064	0.0530130744005792	
3.6605588209096e-06	3.05046568409133e-05	7.44313626918285e-05	0.000507597489832798	0.00185468313592753	0.0059752521819981	0.0181527111928907	0.0451346902618154	0.095723613166786	0.166078333518395	0.229302285286872	0.23224781495143	0.154304756164076	0.0506096660716225	
1.22219655609454e-06	2.32217345657963e-05	0.000119775262497265	0.000579321167588814	0.00206795657291197	0.00668663735839325	0.0192324850067037	0.047429781752361	0.0984137110898449	0.169930542569717	0.229714287111082	0.229350072537366	0.14786378374943	0.0485872018909825	
2.43881322470859e-06	2.31687256347316e-05	0.000170716925729601	0.000569462887969456	0.00202665378973284	0.00728473510220457	0.0206689420794053	0.0496005833641234	0.102474054075806	0.173066722271608	0.229849610582498	0.224828094152823	0.143871689158622	0.0455631280706183	
6.08280646091371e-06	3.16305935967513e-05	0.000160586090568122	0.00063869467839594	0.00220562562272731	0.00759499214709686	0.0218348420720959	0.0522622565508784	0.106788533666509	0.175548577900678	0.231222072314836	0.220403192743455	0.137675808313737	0.0436271044989653	
2.43264906969418e-06	4.86529813938836e-06	3.16244379060243e-05	0.000189746627436146	0.000648300977073499	0.00249468162097138	0.00850819012125539	0.0229447460253555	0.0550727422888065	0.110192921234472	0.180174153346899	0.229601933469481	0.215795433674431	0.133529323760048	0.0408089044686547	
3.6435093310274e-06	2.42900622068493e-06	5.70816461860959e-05	0.000174888447889315	0.000774852984398493	0.00308969591271123	0.00937474950873349	0.0247928664945311	0.05762817258575	0.114073419142026	0.182046729221674	0.228497829682942	0.211572514337209	0.129163620288032	0.038747507232366	
1.2151568949825e-06	2.43031378996499e-06	3.64547068494749e-06	4.49608051143523e-05	0.000257613261736289	0.00101830147799533	0.00346319715070011	0.00999588061812601	0.0263142225608459	0.0607371870819101	0.117583441786086	0.183166674565186	0.227973154753876	0.207688540705933	0.124506190616801	0.0372433436743185	
2.44116487505508e-06	2.44116487505508e-06	2.07499014379682e-05	5.00438799386291e-05	0.000291719202569082	0.00122180301996507	0.00375329099539718	0.0108277868033068	0.028389526914453	0.064289297567013	0.120665559191535	0.186241350647702	0.224880108290074	0.203505268644092	0.120599647739909	0.035258964872858	
1.2189874358965e-06	2.437974871793e-06	2.437974871793e-05	0.000104832919487099	0.000347411419230502	0.00117997983794781	0.00406410411127893	0.0116401110253757	0.03066850489972	0.0668261102232819	0.123996620966828	0.187331551173702	0.225122599661365	0.198432869752411	0.117070334356064	0.0331869329422822	
3.41898292584348e-05	0.000111116945089913	0.000391961971141342	0.0013175294917804	0.00450084680880681	0.0127222796801297	0.0322434511213653	0.0692002144190721	0.126502368256209	0.189643656504554	0.223931170989441	0.195151882211154	0.112439358843016	0.0318099729289816	
3.30231602430505e-05	0.000110077200810168	0.000414624123051634	0.00147625757086526	0.00498160487666461	0.0138354810618291	0.0336628310877584	0.0718388274087338	0.129774904355143	0.189801225036937	0.222128452754865	0.192269400495103	0.109081613682841	0.0305916771851547	
4.17091425213667e-05	0.000122673948592255	0.00047597492053795	0.00164137743216437	0.0052872471843262	0.0150067041312906	0.0356870783849729	0.075141473731214	0.132610538428228	0.19063654285185	0.221195850185667	0.187654339161573	0.105628403435361	0.0288700870617013	
2.46129611853602e-06	4.43033301336484e-05	0.000158753599645573	0.000573481995618893	0.00196657559871028	0.005978488271924	0.0162863964163529	0.0371729552782495	0.0779357109453838	0.135013167934234	0.192250609170789	0.218855989564104	0.183398557680475	0.102558517315218	0.0278040316030422	
1.23376214793055e-06	3.20778158461943e-05	0.000172726700710277	0.000635387506184233	0.0022454471092336	0.00630699210022097	0.0173232543190928	0.0391830520561263	0.080721356052652	0.13752623286767	0.194672861797665	0.216035453389083	0.180706674283092	0.0985344139444733	0.0259028362958019	
9.92384688000456e-06	2.6050098060012e-05	0.000163743473520075	0.000688466877300317	0.00251817614580116	0.00690823790934318	0.0177537620683282	0.0416603092022592	0.0830179410746782	0.139492072707064	0.19635323436777	0.216169916106279	0.176423668871001	0.0947863829935036	0.0240281142582111	
8.71779863130561e-06	3.73619941341669e-05	0.000179337571844001	0.000839399468214284	0.00262903898724088	0.00744375463133052	0.0190284636125312	0.0438131651213331	0.0850794876425204	0.143683020841766	0.196671046322646	0.213936023812044	0.17328866499368	0.0902665778281473	0.0230959393739375	
6.22406122484546e-06	4.35684285739182e-05	0.000186721836745364	0.000847717138823951	0.00292157433894246	0.00783609308208043	0.0202954188419761	0.0462995466393804	0.0895405895928717	0.146274152469583	0.197903985141921	0.211508538167188	0.167295296850376	0.086627728939644	0.0224128444706685	
2.48238437984453e-06	6.45419938759577e-05	0.000243273669224764	0.000964406331569599	0.00290314853222818	0.00858780876207215	0.0217345164377288	0.0484971024368326	0.0920257125374064	0.148596770169683	0.198093032319403	0.209459870394712	0.163232908473247	0.0841913074346171	0.0214031181230195	
2.11196915034239e-05	0.000109325461900077	0.000224862597771748	0.00108455827544053	0.00325740183070455	0.0092404862001451	0.0232018446187026	0.0509357265670811	0.0943578122981206	0.150275301390421	0.199276712682747	0.206931979685341	0.159348072393333	0.0814437421111741	0.0202910541956131	
2.49236091379921e-06	3.98777746207873e-05	8.72326319829722e-05	0.000240512828181623	0.00121377976502021	0.00355535284353457	0.00999810580570551	0.024352858488732	0.0529414843504658	0.096656248598047	0.153563079162367	0.200147797002188	0.204792311565053	0.155905898421339	0.0772706654105168	0.0192323029913316	
1.49314088406383e-05	2.61299654711171e-05	8.95884530438299e-05	0.000297383892742713	0.00123308551342271	0.00389460913926649	0.0105341089370703	0.0258164058854637	0.0548480418079448	0.0991022490434566	0.156696425794009	0.199448782156966	0.20305222882384	0.15227424020904	0.0747491212243755	0.0179226677450462	
2.4865168623141e-06	9.94606744925641e-06	2.98382023477692e-05	9.20011239056218e-05	0.000300868540340006	0.00122585281312085	0.00425567360985059	0.0116480882415104	0.0273230905415385	0.0571513468218585	0.103395587427176	0.157348030305668	0.200456773147607	0.20018076977589	0.147694128587733	0.0716701187809105	0.0172153994962317	
7.47360881885841e-06	7.47360881885841e-06	2.3666427926385e-05	8.47008999470619e-05	0.000411048485037212	0.00140254725500576	0.00476940802790147	0.0125606452215614	0.0287870955687728	0.0593965060878772	0.106545012923115	0.160229190670445	0.200119577741102	0.198134088998225	0.143130819294367	0.0682589605455734	0.0161317846355059	
4.97662850836758e-06	1.61740426521946e-05	1.61740426521946e-05	0.000113218298565362	0.000512592736361861	0.00159874190831308	0.00520928589113376	0.0131295901622008	0.0296271136674393	0.0617624481030958	0.109541814254806	0.162336377785823	0.200425004074615	0.194899702273199	0.139307029363352	0.0662625644317872	0.0152371923354944	
1.24209407123658e-06	7.45256442741947e-06	2.23576932822584e-05	0.000181345734400541	0.000534100450631729	0.00181594153214788	0.00548260323043826	0.0137884862847973	0.031816239634725	0.0639864760797524	0.111823245045287	0.164357613788238	0.199958514058021	0.19158058954753	0.135677661683385	0.0638510878259876	0.0151150427528779	
6.19665455014147e-06	2.47866182005659e-06	3.34619345707639e-05	0.000229276218355234	0.000625862109564288	0.00194698885965445	0.00571331549523043	0.0144852996764107	0.0331929997632878	0.0663909568502157	0.114556313337555	0.167560017697645	0.199211289808858	0.188018892360392	0.13183382555426	0.0618017144903809	0.0143911105272485	
4.95059308105111e-06	4.57929859997228e-05	0.000188122537079942	0.000699271272698469	0.00231440226539139	0.00587759163547793	0.0154594645438524	0.0348917800352482	0.068359026911424	0.1169466227054	0.168059020970712	0.198528683736312	0.186225222281629	0.12938003722846	0.0599690092873126	0.013051001009921	
2.47769762425963e-06	1.23884881212982e-05	6.81366846671399e-05	0.000188305019443732	0.000747025833714279	0.0021605523283544	0.0064568800088206	0.016451912225084	0.0360703220139717	0.0714592771812721	0.1191784945757	0.169109057099781	0.19958226018055	0.183938077380975	0.126002073832912	0.0562957677208031	0.0122769917282065	
1.24189662452497e-06	3.35312088621743e-05	4.8433968356474e-05	0.000180075010556121	0.000794813839695984	0.002386925312337	0.00699684558257371	0.0173207322222498	0.0377126747969499	0.0740505700305507	0.122232433372246	0.171820123692904	0.198260102829041	0.180707135938005	0.121769205931298	0.0537455602195673	0.0119395941481831	
2.23785682937958e-05	2.98380910583944e-05	4.47571365875916e-05	0.000226272190526157	0.000944872883515822	0.00291294363957575	0.00770071400065395	0.018431237497529	0.0400041773327482	0.0760386453009358	0.124677220233707	0.172624546056958	0.19641793716844	0.17857475871552	0.118290625493416	0.0520662256431041	0.0109928500474301	
1.11928186875301e-05	2.73602234584069e-05	9.5760782104424e-05	0.000307180690646659	0.00096506970016926	0.00323348095417536	0.00805261122241747	0.019584945410136	0.0417566755836122	0.0781694020671893	0.12722255178855	0.173779702942592	0.196246177341507	0.175255911362825	0.115534761785727	0.0491924381316947	0.0105647771945076	
1.36769990177428e-05	2.23805438472155e-05	0.000111902719236077	0.000384199336043866	0.00114762455394333	0.00334962139579992	0.00867743419498427	0.0205167418901613	0.0440635607445261	0.0805724445770699	0.129910353488256	0.174231290487026	0.195277705248238	0.172103895457993	0.111588148258669	0.0480423240951422	0.00998669601004638	
6.21177429393867e-06	6.21177429393867e-06	3.7270645763632e-05	0.000113054292149684	0.000431097135999344	0.00119017595471865	0.00370594454376381	0.0093797791838474	0.0217598453516672	0.0453633453137754	0.0835297289305934	0.130946686825945	0.176404451108988	0.193404834996639	0.169012439699201	0.109076271891846	0.0460553369701201	0.00957731360639465	
1.24066246412935e-06	1.24066246412935e-06	7.44397478477608e-06	3.34978865314924e-05	0.000146398170767263	0.000403215300842038	0.00133991546125969	0.00389443947490202	0.0102888138150247	0.0227413429674909	0.0473052190947879	0.0856007473750684	0.133252111297348	0.177747229910883	0.190899492693118	0.166434869562952	0.10625405541543	0.0443648490548013	0.0092838772190799	
6.192786394696e-06	2.35325882998448e-05	0.000163489560819974	0.000473128880554775	0.00151227843758476	0.00411572583791496	0.010958754804054	0.024018102753189	0.0488610846541515	0.087331912295282	0.136194235506712	0.177096351086401	0.191498295125906	0.162587891120907	0.103161912877404	0.043228126149536	0.00876898553488954	
4.95070949855501e-06	2.47535474927751e-05	0.000159660381328399	0.000509923078351166	0.00157556329791513	0.00450885867580898	0.0112777162377083	0.0253674354705959	0.0509848817708688	0.0895546217967362	0.137185397882334	0.178626549417363	0.190180267709616	0.159669045070022	0.100275383215857	0.0420253352558589	0.00806965648264467	
8.65094666073459e-06	5.06698304414454e-05	0.000149537792278412	0.000532651144396658	0.00157323644273073	0.00474195461960552	0.0119197686489693	0.0271713876118444	0.0531823125216274	0.0909585248900094	0.140681694596866	0.178795293885017	0.188275495575659	0.157133323446537	0.0973676405160908	0.0396114489099807	0.00784640862128627	
6.16962520760789e-06	7.28015774497731e-05	0.000170281655729978	0.000552798418601667	0.00177438420970803	0.0052836670277954	0.0126205853246827	0.0283050065274635	0.0547147041911498	0.0948197358906841	0.142649138350144	0.179927247779552	0.186574401978229	0.153623667669436	0.093669717751986	0.0377161528191485	0.00751953920303249	
1.3543378826774e-05	6.64856778768907e-05	0.000205613114915569	0.000648850967428174	0.00203889412155798	0.00574977992009407	0.0135076735553216	0.0294506928669486	0.0576073774478118	0.0984209651504239	0.14486613601246	0.178986832142132	0.185321439784291	0.150018776047919	0.0901693537961475	0.0360315437605038	0.00689604225534194	
9.81599909692808e-06	7.85279927754247e-05	0.000201227981487026	0.000714113934301518	0.0024368217758124	0.00593377145409303	0.0140822777044305	0.0309805201497921	0.0597094955067264	0.101080250700617	0.145174945643905	0.179554255481009	0.183431575124295	0.147167593460581	0.0880752788970743	0.0347240968053831	0.00664543138862031	
1.46921444776514e-05	6.85633408957066e-05	0.000281599435821652	0.000814189673136516	0.00246215854537975	0.00624171271225557	0.0149615004597417	0.0327157327156103	0.0622885708583763	0.10353186909789	0.1477197179598	0.17943638485093	0.1810010982378	0.143794466693521	0.0853760515596323	0.0327524630768044	0.00653922863792802	
1.83184404412546e-05	0.000105025725196526	0.000260121854265815	0.000869515306278218	0.00252672355153038	0.00692559171615699	0.0164194287821779	0.0347879396273052	0.0648081998224333	0.106089415971482	0.148608958694359	0.179645281719296	0.178373981952672	0.140260634770598	0.0822412489756939	0.0316664773761154	0.00639313571399785	
3.0586988784363e-05	0.00012724187334295	0.000247142869377653	0.000978783641099615	0.00284581343649713	0.00717081365060605	0.0173721861499668	0.0359164657101504	0.0669647062853815	0.107234312239322	0.149860339809211	0.180491373857423	0.176434315665065	0.136243012402412	0.0812035613042781	0.0307607228806581	0.00611862123642396	
