# <P(N_2)> as a function of N_tot.
# number_of_species: 2
# species_total_upper_bound: 100
# species_total_lower_bound: 0
# volume: 512
# Bin widths for each species index 
1	1	1	1	1	1	1	1	1	1	1	1	1	1	1	1	1	1	1	1	1	1	1	1	1	1	1	1	1	1	1	1	1	1	1	1	1	1	1	1	1	1	1	1	1	1	1	1	1	1	1	1	1	1	1	1	1	1	1	1	1	1	1	1	1	1	1	1	1	1	1	1	1	1	1	1	1	1	1	1	1	1	1	1	1	1	1	1	1	1	1	1	1	1	1	1	1	1	1	1	1	
# Bin lower bound for each species index 
0	0	0	0	0	0	0	0	0	0	0	0	0	0	0	0	0	0	0	0	0	0	0	0	0	0	0	0	0	0	0	0	0	0	0	0	0	0	0	0	0	0	0	0	0	0	0	0	0	0	0	0	0	0	0	0	0	0	0	0	0	0	0	0	0	0	0	0	0	0	0	0	0	0	0	0	0	0	0	0	0	0	0	0	0	0	0	0	0	0	0	0	0	0	0	0	0	0	0	0	0	
# Bin upper bound for each species index 
0	1	2	3	3	4	4	5	6	5	6	6	6	6	7	7	7	7	8	8	8	9	9	9	9	9	9	9	8	9	9	10	10	10	10	10	11	11	11	10	10	10	11	11	11	11	11	11	11	12	13	13	13	13	13	13	13	12	13	13	13	13	14	14	15	15	15	13	13	13	14	14	14	14	14	14	14	15	15	16	16	16	16	16	15	16	16	16	16	16	17	18	15	15	15	16	16	16	16	16	16	
# Normalized histogram for each species index 
1	
0.949913511118328	0.0500864888816719	
0.90213870070618	0.0952749185973614	0.00258638069645861	
0.857933709206595	0.13483406598715	0.0071300903338003	0.000102134472454747	
0.815129022809044	0.171230870413459	0.0131965822358058	0.000443524541691307	
0.774451166335913	0.20279893151682	0.0214383321774122	0.00126075521709573	5.08147527587604e-05	
0.735887367661939	0.231639936274819	0.0302722030431242	0.00207847191183769	0.000122021108280709	
0.699996155609926	0.25620113848866	0.0399267369091653	0.0037002254460179	0.000163386578135855	1.23569680943084e-05	
0.662763211333145	0.280105731966711	0.0513240588409409	0.00553716106915944	0.000254692888561536	1.37671831654884e-05	1.37671831654884e-06	
0.627591510515727	0.29982628279513	0.0641682516358942	0.00780422826303394	0.000589127912166384	2.05988780477757e-05	
0.59648758968499	0.315715886741455	0.0757693955808511	0.0109723336226693	0.00098062914089196	6.18043576192412e-05	1.23608715238482e-05	
0.569893577398753	0.327543900007668	0.0869537831235554	0.01394366120039	0.00156922672450623	8.76356984017439e-05	8.2158467251635e-06	
0.541321862326049	0.339950206062726	0.0985329645703292	0.0176492451654514	0.00239951025940947	0.000127081124217016	1.91304918176154e-05	
0.514049189150987	0.350415617881626	0.11034668348347	0.0218056680602143	0.00308519487014999	0.000284055386723061	1.35911668288546e-05	
0.488122624116946	0.358813404467068	0.122609161459438	0.0259083418987486	0.00410188221602249	0.000417394047172325	2.58322048738573e-05	1.35958973020301e-06	
0.462747736891845	0.365354880812796	0.135533302824586	0.0306084870279155	0.00508810077634832	0.000648536527906026	1.48933231878211e-05	4.06181541486029e-06	
0.439344918899682	0.370158980167058	0.147063081933851	0.0362153816592988	0.0063272726288627	0.000825414094013312	6.35974793747962e-05	1.35313785903822e-06	
0.417691445285254	0.374303341666476	0.15733853918623	0.0416625630550837	0.00789242556498299	0.000997008973080758	0.000113327136317705	1.34913257521077e-06	
0.396901978992134	0.375957365201768	0.169177247982989	0.0469871005511032	0.00933847427175647	0.00144269266743377	0.000180336583429221	1.07663631898043e-05	4.0373861961766e-06	
0.37518485397374	0.376969373567926	0.180367871139183	0.0539565789244348	0.0112434119585605	0.00200842250344904	0.000241332477049952	2.01110397541627e-05	8.04441590166506e-06	
0.354864346175908	0.37665714239765	0.190790496459223	0.0613082378672785	0.0134849711323516	0.00240965793042816	0.000446282586669955	2.81439469071143e-05	1.07215035836626e-05	
0.339149947272889	0.374419125242396	0.199138565768643	0.06726819624734	0.0165315000660775	0.00298022800767038	0.000482769966853392	2.0227791907265e-05	5.39407784193734e-06	4.045558381453e-06	
0.322137396344531	0.374663359940878	0.207087073965738	0.0730433070494485	0.0188113858174909	0.00359532257433727	0.000596073735130185	5.66404906684792e-05	2.69716622230853e-06	6.74291555577133e-06	
0.306215118234913	0.371570930815384	0.215504627934594	0.079819881407065	0.0215677559076926	0.00448810355332967	0.000729553256712228	8.64655711658937e-05	1.4861270044138e-05	2.70204909893418e-06	
0.290974894767471	0.368252129407184	0.223904164128832	0.0865667268512176	0.0240634203183225	0.0051710783163338	0.000914298736938347	0.000132939578961362	1.62783157911872e-05	4.0695789477968e-06	
0.275090779213048	0.364499510252234	0.232098501534182	0.0943481484287485	0.0263692644042665	0.00624090178527943	0.00117295942940327	0.00017858205845586	0	1.35289438224137e-06	
0.261699043200928	0.359753754037234	0.23883970412725	0.100523913234035	0.0305056403271592	0.0071405934986211	0.00133911413486889	0.00016991780563291	2.15768642073537e-05	6.74277006479802e-06	
0.248669766485152	0.355414578168473	0.243876595468275	0.107731322601249	0.0340339500492579	0.00850645765445865	0.0015048012904483	0.000238169988416278	2.02985785582055e-05	4.0597157116411e-06	
0.237764028683393	0.348454175406646	0.249611104787612	0.114080445752505	0.0381889678422955	0.00972238030970693	0.00189704981652818	0.000253391654064836	2.84557472479227e-05	
0.225713526628033	0.344256790016898	0.253341568969633	0.120045637652682	0.0425587294822743	0.0114458261912115	0.00222658878775659	0.000360084316372508	4.98993247407595e-05	1.34863039839891e-06	
0.21394031649042	0.338479081725959	0.258818593543251	0.127191873662016	0.0450705702636703	0.0131391396021817	0.0028494357606205	0.000442408855707478	6.32012651010682e-05	5.37883107243134e-06	
0.20253140733073	0.333099864893024	0.262302464862104	0.134258692890415	0.0491493637872973	0.0144114108260346	0.00345631877180364	0.000656041836110532	0.000126368714332766	5.37739209926666e-06	2.68869604963333e-06	
0.191985493180773	0.326192390103317	0.265448445141049	0.14188239152819	0.053210937647024	0.0161548326043182	0.00405685511731005	0.000844169984649011	0.00019356763979213	2.82286141363523e-05	2.68843944155736e-06	
0.18212133976237	0.31773130198752	0.26964944885323	0.148693221655069	0.0580591505436106	0.0177448939357034	0.00473699580264491	0.00101468603272564	0.000193786191926383	4.17178607619296e-05	1.34573744393321e-05	
0.172271172552835	0.312599895959958	0.27037608049357	0.155273024249955	0.0628296735137233	0.0196247550611707	0.0054823172358771	0.00118729633353189	0.000253361760163445	8.4903143033495e-05	1.75196961815148e-05	
0.164777195237588	0.303024458145454	0.2744308318575	0.159817585639927	0.0682947818216887	0.021875155957264	0.00603057234461261	0.00140816764208803	0.000241438704917392	8.36268139937334e-05	1.6185834966529e-05	
0.156911411628482	0.296316462896433	0.274817566079518	0.166365143467846	0.0722777454261475	0.024840197208332	0.00655019179037224	0.00153891675933044	0.000312106910803628	5.26933745512619e-05	1.62133460157729e-05	1.35111216798107e-06	
0.14806084555194	0.28944912813106	0.276843745182204	0.171769135271541	0.0770563367710421	0.027442166162235	0.00738661105746735	0.00165258855954323	0.000279939305912805	4.3275641493767e-05	9.46654657676152e-06	6.76181898340109e-06	
0.141199892123819	0.28215855359183	0.277674102804916	0.175953369301095	0.0822135758650084	0.0299004042646327	0.00852438665750532	0.001914937734031	0.000384884866570988	5.82748213470157e-05	1.08418272273518e-05	6.77614201709485e-06	
0.133885647229327	0.276790108101385	0.276646802113358	0.181567334887167	0.0867244577355491	0.0317652593838383	0.0097799577112141	0.00234156576663296	0.000421806304381919	7.03010507303198e-05	6.7597164163769e-06	
0.127167006046768	0.269625683314509	0.276362007241008	0.186457991760418	0.0916677124701609	0.034766556418737	0.0104863728431146	0.00275822237695616	0.000584300532887484	0.000116050452259408	8.09654318088892e-06	
0.120273282583172	0.26129299290688	0.277609602493142	0.190947480617009	0.0969758206322669	0.0374147175466788	0.011719067019429	0.00302174465851851	0.00059244590887695	0.000129851158110016	2.29944759153154e-05	
0.11436517749166	0.255433238732438	0.275643020050159	0.194508999710516	0.101690100453706	0.040947127207993	0.0129929685111587	0.00349139528654873	0.000749412238956991	0.000154211182745662	2.02909450981135e-05	4.0581890196227e-06	
0.108394126134387	0.248588842891625	0.275522863037527	0.198844374924149	0.105157836540406	0.0436953033347267	0.0146765733087016	0.00402108982052077	0.00089132809234213	0.000171253657681468	2.83175339473294e-05	8.09072398495125e-06	
0.10289270684864	0.241943234130449	0.274255572294661	0.202940217030844	0.109406068579797	0.0465369679299502	0.0162400902016679	0.00449654772878318	0.00104359972874528	0.000198974267348323	3.51927275582067e-05	1.08285315563713e-05	
0.0984365308058673	0.235452841431187	0.272916923987355	0.205941155791785	0.113359999674249	0.0500448586308413	0.0173625296738825	0.00492426967298669	0.00126228522488358	0.000233454901806425	6.10783173330763e-05	4.07188782220509e-06	
0.0940592435906896	0.22878252480781	0.269995873336012	0.209189069532922	0.118503578719532	0.0529702415601523	0.0191479941953415	0.00559832528497211	0.00138147592460503	0.00029515212632511	6.83222514641459e-05	8.1986701756975e-06	
0.0885579324081866	0.221365316743106	0.269770104370721	0.211872701489853	0.122458168659681	0.0567099680010323	0.0208768897717242	0.00630507329836463	0.00164593574673181	0.000343189271628817	9.06019677100078e-05	4.11827125954581e-06	
0.0833327587229307	0.213589581991618	0.266502925686326	0.21622635420732	0.128015842698334	0.0601162000140665	0.022521509965813	0.00722354229385392	0.0019499978624493	0.000405445100113221	0.000104808937444234	1.1032519730972e-05	
0.0797987366634803	0.207724644428344	0.263222196817141	0.217479277259116	0.132206816948434	0.0640263135421631	0.0244513191205679	0.00824088791676194	0.00230298589283402	0.000460046225003926	7.43787309886586e-05	1.10190712575791e-05	1.37738390719738e-06	
0.0751642507039316	0.201930940606287	0.260895159475496	0.219239698997206	0.136262219319286	0.0673592548479343	0.0268303593481566	0.00899468140577745	0.002646947434286	0.000544757973774775	0.000109774906554111	1.37218633192639e-05	6.86093165963193e-06	1.37218633192638e-06	
0.0715396578538103	0.19466525858975	0.25900914837473	0.221447596574963	0.141111583220233	0.069830439487757	0.0289288302373517	0.00980566063421214	0.00284503040978613	0.000644910228221217	0.000133382286007373	2.47513520426053e-05	1.10006009078246e-05	2.75015022695615e-06	
0.0682014939034042	0.188184482068067	0.256043261812972	0.224102026968439	0.144946067251804	0.0724227964098971	0.0309612650419171	0.0108140768808332	0.00324683815220638	0.00080104273191357	0.000225723381501418	3.71617762227945e-05	8.25817249395433e-06	5.50544832930289e-06	
0.0651493030687015	0.181472095201366	0.251268525150129	0.225717591317283	0.149319596716434	0.0774144675224506	0.0327998457385268	0.0118409454024572	0.00372431271004352	0.00104126494408022	0.000194204176078453	4.26973720456173e-05	1.23960112390502e-05	2.75466916423338e-06	
0.0618626201046248	0.17670070640415	0.247306514062329	0.225917820127881	0.154190736041839	0.0809616952592156	0.0350516548517354	0.0124018710089135	0.0041501070749774	0.00118080097897122	0.000227023869344995	3.32230052699992e-05	1.10743350899997e-05	4.1528756587499e-06	
0.0583701023035702	0.170734219500313	0.243691279838541	0.228464054561904	0.157288607418749	0.0849759899784258	0.0370338924072656	0.0134776254436634	0.00444568167582991	0.00117614308580973	0.000297863456051221	2.78377061730113e-05	1.25269677778551e-05	4.1756559259517e-06	
0.0556172750880607	0.164227080176693	0.239091556628562	0.229653346863618	0.161528457505753	0.0888426728073342	0.0398367444797415	0.014468855022909	0.00502506959128969	0.0013200390854234	0.000326176500516446	5.1574916748327e-05	9.75741668211591e-06	1.3939166688737e-06	
0.0528987972096602	0.159753085042909	0.236165401794427	0.228616595941628	0.163484969302917	0.0927032392253517	0.0427152280952195	0.0161793981029705	0.00534898763752349	0.00167704772685451	0.000379182860934686	6.41265132463072e-05	1.39405463578929e-05	
0.0505881202503353	0.153915679481448	0.232005755476084	0.229429760840411	0.166320686186857	0.0961206414841305	0.0452237930263746	0.0179146177916853	0.00599715020116227	0.00185795708538221	0.00051547831917747	7.96267322306661e-05	2.65422440768887e-05	4.19088064371927e-06	
0.0486545629568274	0.148185562856087	0.228778864773503	0.228883802146879	0.170281176194047	0.0989671364129887	0.0476135842129417	0.0191139927691154	0.00672998354581985	0.0020819574877713	0.00055966599133637	0.000125924848050683	2.23866396534548e-05	1.39916497834093e-06	
0.0453249348003716	0.144119161415252	0.224719053961787	0.229259242676934	0.173300892087619	0.102770564466482	0.0499266853964025	0.0205714621506363	0.00723072273648157	0.00200355939602198	0.000575043932796812	0.000170694306085672	2.51844058159188e-05	2.79826731287986e-06	
0.0433550933360166	0.137445792157734	0.220149175509725	0.230760845411742	0.176051978035954	0.10720819305329	0.0523637623981004	0.0220744535891426	0.00752446078657448	0.00221513193661229	0.000638684728726697	0.000170502268937981	3.49389895364714e-05	6.98779790729428e-06	
0.0406954298247577	0.133406817215371	0.215913923144066	0.229320068933104	0.180321333452698	0.110483203151228	0.0550569593339451	0.0229194176495602	0.00853270965287259	0.00244511089724939	0.000663033504174034	0.000200029095141111	3.35713166670397e-05	5.59521944450661e-06	2.79760972225331e-06	
0.0386711435487728	0.129185365014593	0.211801180565558	0.228469222367816	0.181667531370572	0.114420604099396	0.057550123692281	0.0248139721234378	0.00930523954628916	0.00310454340137691	0.000767745192502668	0.000172008485751964	6.43283767852873e-05	2.7968859471864e-06	4.1953289207796e-06	
0.0372788341942785	0.124312270990442	0.208261432269198	0.227856806696324	0.182732819380792	0.117666091458154	0.0608997344329527	0.0262107392176417	0.00994755891218359	0.00347506246988559	0.00104770122026377	0.000254921954663111	4.76227827392625e-05	4.20201024169963e-06	2.80134016113309e-06	1.40067008056654e-06	
0.0353098835015963	0.120211825517036	0.203832791851305	0.225312360993024	0.18566545982804	0.120649609513567	0.0645104983699233	0.0283729075051098	0.0107644187185739	0.00376691310198819	0.0012387457136583	0.000288571444659035	5.0675961013294e-05	1.97073181718366e-05	2.81533116740522e-06	2.81533116740522e-06	
0.033418346891894	0.117057058493361	0.198374660801528	0.224939404980116	0.187101103300617	0.124123077875327	0.0668001187282572	0.0307230466458564	0.0116336811245986	0.00412876107626321	0.00123229802480633	0.000339022630112243	0.000104098234972224	2.11009935754508e-05	2.81346581006011e-06	1.40673290503005e-06	
0.0321502713718548	0.112938891652796	0.195121366851621	0.223253558980922	0.189692520396932	0.126377118793364	0.0691910144980643	0.0320981251312464	0.0127532792233874	0.00452262935438726	0.00136425840294387	0.000393210841344358	0.000111339270488187	3.24152306484596e-05	
0.0306517520025407	0.109315078160838	0.192567133632097	0.221295035110625	0.190027876777586	0.129900137619535	0.0718557464977593	0.0336088076502347	0.013706905677688	0.00504322664878789	0.00146229577613889	0.000436148064504746	0.000101626733476834	2.82296481880095e-05	
0.0288886905748416	0.105987526046425	0.187772239149743	0.220409065218408	0.190595381265839	0.132720259621418	0.0752998437568613	0.0357701880158821	0.015023705611296	0.00527798671579189	0.00164600659252554	0.00046320495331829	0.00011615537055688	2.97471070938351e-05	
0.0278254270312675	0.103048873211613	0.1835079735716	0.218511817883369	0.191780705107889	0.134839412935931	0.0781340378632732	0.0373914390516701	0.0162839646010656	0.00597751397382457	0.00196408091103794	0.000557105439310326	0.000140697547172761	3.41084962843057e-05	2.84237469035881e-06	
0.025996716414085	0.0989717791026669	0.181386083348403	0.215900757673923	0.194823724406612	0.136811333355167	0.0804222241524404	0.0392407027956046	0.0172309944310041	0.0062496351175669	0.00217434331841528	0.00061086659043887	0.000149512801855667	2.99025603711335e-05	1.42393144624445e-06	
0.0241484970280863	0.0955544974770547	0.176967918773887	0.216591528794748	0.196142017012187	0.139061541563182	0.0823070686793036	0.0414652385466577	0.0176041385167741	0.00677456207703669	0.00251079168579072	0.000676312339054106	0.000158711775126862	2.57370446151668e-05	1.14386864956297e-05	
0.0232246942194277	0.0906556210845171	0.174302097436721	0.214422172246827	0.196372226174358	0.14319910732726	0.0844754687105583	0.043562257612961	0.0188789384308236	0.0073160726989008	0.00253574133143631	0.000826123872685132	0.000177846111480827	4.15930422011612e-05	1.00396998416596e-05	
0.0224104884065404	0.0864517108697458	0.167926814943	0.212091693335587	0.197704801551716	0.146381574235101	0.0890932949033472	0.0457793389163775	0.0203619715041271	0.00786028828219681	0.00285073331174989	0.000839462171198712	0.000190526397217455	5.01385255835408e-05	7.1626465119344e-06	
0.0213116649042516	0.084099306022322	0.163225319410968	0.209747368150663	0.198019816109472	0.148415324876595	0.0923134444439688	0.0484799705455495	0.021559972771758	0.00864796366142794	0.00290263334774661	0.000947565655311576	0.000258297264474993	6.84987220707164e-05	2.85411341961318e-06	
0.0202951317138604	0.0812219980236843	0.159031919929184	0.207015491626399	0.199479179328482	0.150474558868323	0.0946286256883856	0.0509923764552447	0.0229349860785578	0.00922661991388297	0.00324333136464454	0.00109112073687116	0.000235956646898743	0.000105822981033376	2.28806445477569e-05	
0.0191977616495769	0.0768714801350709	0.155430628229012	0.204778039346363	0.199969262898451	0.153962716183084	0.0972355280677135	0.0530775163847423	0.0244733398733459	0.00989619764818084	0.00353620299126578	0.00120363042513433	0.000245609549758915	7.75609104501836e-05	4.16530815380616e-05	2.87262631296976e-06	
0.017861394204154	0.0748388688261734	0.151935151694208	0.202967911447413	0.199101336951315	0.156678015885081	0.0993721119011901	0.0551775669838137	0.0260018529726443	0.0105671071540233	0.00386514030674442	0.00121475838211967	0.000294008817396143	8.17487931296593e-05	2.86837870630384e-05	1.43418935315192e-05	
0.0171868736040318	0.0718114655518012	0.147117862665369	0.200312124162419	0.200363667602085	0.157133039344826	0.103368936487028	0.0575167516178913	0.0274869709638623	0.0117662218658725	0.00426092434568467	0.00123131550312124	0.000304965351354447	9.44963060534906e-05	3.00670064715652e-05	1.14540977034534e-05	2.86352442586335e-06	
0.0160964352774234	0.0684650336118795	0.14317370676681	0.197905886737283	0.199912566112919	0.159839178981467	0.106457207562315	0.0597001447675835	0.0290022503475855	0.0127309472959995	0.00477303022919145	0.0013831754267777	0.000432869408172918	8.3133859847779e-05	2.72335058122035e-05	8.60005446701162e-06	8.60005446701162e-06	
0.0152833273962549	0.0659473502747508	0.139678711067429	0.194750478185171	0.200322748166301	0.162039322057176	0.10979160139457	0.0615295916863735	0.0297926886667611	0.0134034910021073	0.00523893521717547	0.00156223846454277	0.000496425592670641	0.000120172189580213	1.85980769588425e-05	1.85980769588425e-05	5.72248521810537e-06	
0.0152038838830839	0.0637709741959237	0.135509217372442	0.191509856694761	0.199940919767903	0.164370053457621	0.112181088046671	0.0639450753629724	0.031714953577779	0.0138981251302191	0.00550273852573415	0.00177668813914394	0.000470929386279116	0.000174101167048643	2.14058811945053e-05	8.5623524778021e-06	1.42705874630035e-06	
0.0144834414913699	0.06185025039001	0.131720104572556	0.187989827683233	0.198724898668623	0.167596754546555	0.114716378997158	0.0665944821592666	0.0332637607653457	0.014578896004445	0.00572584609028287	0.00193758414600266	0.000574151772675789	0.000205155968400282	2.84938845000392e-05	2.84938845000392e-06	7.12347112500979e-06	
0.0130242169033046	0.0599168055375691	0.129675774985022	0.186215562743795	0.198082798840458	0.167577213882062	0.117287684060277	0.0684881405909568	0.0351036230718765	0.0154377955602107	0.00596279161110645	0.00235665463197906	0.000641818381052269	0.000173618276027443	4.98085218111517e-05	5.69240249270305e-06	
0.0121443718600117	0.0563440217468653	0.12619159443804	0.183899064941719	0.199268462775572	0.168377382121458	0.119314575238746	0.0717760414442879	0.0363036021803794	0.0165620596900218	0.00661229950329476	0.0022358851742738	0.000722997879395984	0.000162247555612485	6.83147602578882e-05	1.42322417203934e-05	2.84644834407868e-06	
0.0119037251607174	0.0533012207814086	0.121943941991825	0.180794428748253	0.197779151491963	0.17176598572638	0.122129536171592	0.074207691308339	0.0379468715245705	0.0174901099716897	0.00718106710942776	0.00245412611552809	0.000842312046632679	0.000172745351936532	4.71123687099634e-05	3.85464834899701e-05	1.42764753666556e-06	
0.0109297505895805	0.0514986064460802	0.117880368755806	0.178822268276996	0.196476809833488	0.172314728792968	0.124752376188094	0.0763338812263274	0.0402472664903881	0.0186178803687558	0.00779103837633102	0.00300007146430358	0.000990495247623812	0.000238690773958408	4.71664403630387e-05	3.28735796469663e-05	2.57271492889302e-05	
0.0105125794667731	0.0489256335521129	0.114622458601442	0.174840494106974	0.196525282703537	0.173940478796698	0.127291354558814	0.0783628592728048	0.0420889512746878	0.0198618641048425	0.008220330616117	0.0033167495854063	0.0010287933355941	0.000319083329398449	9.87298194102825e-05	3.14790728554524e-05	1.2877802531776e-05	
0.0098925038391486	0.0480525695510875	0.110976036570122	0.171563872718831	0.195325881218528	0.174530909610371	0.130028213278097	0.0809156815828006	0.0439455733723796	0.0207949716081569	0.00879825720509982	0.00341130673904503	0.00117852933823792	0.000429984643405593	0.000114281632798829	2.57133673797364e-05	1.57137245098389e-05	
0.00950713427809617	0.0457619203354417	0.108730082789331	0.16846493414128	0.193108934306945	0.176922384824003	0.13133612582493	0.0838590082132386	0.0452749242728263	0.0219005414082327	0.00951141870093443	0.00377314837955988	0.00121391980417331	0.000461289525585859	0.000119963839471245	3.9987946490415e-05	7.14070473043126e-06	7.14070473043126e-06	
0.00936398255328681	0.0442402875254859	0.105923007888688	0.165815114492272	0.19006330640041	0.178691838938929	0.133845168267756	0.0855941912774995	0.0473406888797892	0.0227600563294273	0.0104297901058246	0.00392508243243822	0.00136115181408435	0.000448010135872628	0.000155519442070435	3.13892451885281e-05	8.56070323323493e-06	1.42678387220582e-06	1.42678387220582e-06	
0.00881731867392318	0.0433793828162094	0.103087344780829	0.161971178318293	0.190717291155448	0.177280290640724	0.136551521572061	0.0877226251769809	0.0490356414157329	0.0239581833243744	0.0110644231742632	0.00418195272810748	0.0015384681192049	0.000500465532753402	0.000175376810622987	1.85357604723482e-05	
0.00815654650711155	0.0422268097559865	0.100245991085135	0.159266778683428	0.189531222656789	0.178465180666154	0.13782614448455	0.0894730327471186	0.0511587474799785	0.0255039687225679	0.0112339248596115	0.00455986944972833	0.00161765103411579	0.00053921701137193	0.00016930560515372	2.56092511997223e-05	
0.00772938216064846	0.0396849740697192	0.0974174803605814	0.157179251231191	0.187973234724423	0.178145005083812	0.141291629035098	0.0908937284506018	0.0533303228078546	0.0272835971803305	0.0119753591329687	0.00469187555737323	0.00161744741520827	0.000566603616038717	0.000161886747439633	5.82224267107453e-05	
0.00738229157216729	0.0376513880068947	0.0939824684750068	0.153328551664701	0.186606980858206	0.17941746802141	0.142822110586955	0.0950767712963803	0.054956114487889	0.0282009775015876	0.012665279415767	0.0053283475460401	0.00176902839517373	0.000541481447881702	0.000189943753968974	7.7961988569355e-05	2.834981402522e-06	
0.00674786741925901	0.0358429175685043	0.0905841078527069	0.150088415453607	0.185676696515724	0.178562435456719	0.144487826960347	0.0987353053516106	0.0576001923920271	0.0292563199366238	0.0135084666638374	0.00590332300640835	0.00206679964350889	0.000633761971452418	0.000222099619459888	6.93177156276083e-05	1.41464725770629e-05	
0.00650433787024882	0.034592981857508	0.0882463667781038	0.147532708514577	0.183480702011649	0.179655367382995	0.145031365487952	0.10085037202895	0.0596825522158882	0.0308607073414559	0.0140365669842461	0.00601788728164361	0.00248160300273963	0.000723330875230359	0.000204450247384799	8.7420105778328e-05	1.12800136488165e-05	
0.00636983067806284	0.0324537236029002	0.0853458663040185	0.144218885420557	0.180746763999183	0.179419246189728	0.147930861970561	0.103597122302158	0.0621114861294118	0.0328032187374488	0.014980376130046	0.00630641422219717	0.00252115643430407	0.000842734235726013	0.000263530605486228	7.18719833144258e-05	1.6911054897512e-05	
0.00618236718031764	0.0314150845260888	0.0817596270899578	0.140996769649891	0.178661696032208	0.179493883701773	0.148867409450391	0.106082842033349	0.0644987615585526	0.0347382123146906	0.0164385179187436	0.00695973167570546	0.00262167230361355	0.000909502402379607	0.000261464369153952	9.41834017920149e-05	1.82743913924805e-05	
0.00595998237208143	0.0303110088604226	0.0809011639776582	0.136119351709359	0.177191557184433	0.180691797245145	0.149965434073415	0.107333185964685	0.0668213568146971	0.0358373331718849	0.0173956017498384	0.0071666218459472	0.00292296796703072	0.000989810443556165	0.000259068451798484	0.000109822495871097	2.39356721770339e-05	
