# <P(N_2)> as a function of N_tot.
# number_of_species: 2
# species_total_upper_bound: 100
# species_total_lower_bound: 0
# volume: 512
# Bin widths for each species index 
1	1	1	1	1	1	1	1	1	1	1	1	1	1	1	1	1	1	1	1	1	1	1	1	1	1	1	1	1	1	1	1	1	1	1	1	1	1	1	1	1	1	1	1	1	1	1	1	1	1	1	1	1	1	1	1	1	1	1	1	1	1	1	1	1	1	1	1	1	1	1	1	1	1	1	1	1	1	1	1	1	1	1	1	1	1	1	1	1	1	1	1	1	1	1	1	1	1	1	1	1	
# Bin lower bound for each species index 
0	0	0	0	0	0	0	0	0	0	0	0	0	0	0	0	0	0	0	0	0	0	0	0	0	0	0	0	0	0	0	0	0	0	0	0	0	0	0	0	0	0	0	0	0	0	0	0	0	0	0	0	0	0	0	0	0	0	0	0	0	0	0	0	0	0	0	0	0	0	0	0	0	0	0	0	0	0	0	0	0	0	0	0	0	0	0	0	0	0	0	0	0	0	0	0	0	0	0	0	0	
# Bin upper bound for each species index 
0	1	2	3	4	4	5	5	6	5	6	6	6	6	7	7	7	7	8	8	8	9	9	9	9	9	9	9	8	9	9	10	10	10	10	10	11	11	11	10	10	10	11	11	11	11	11	11	11	12	13	13	13	13	13	13	13	12	13	13	13	13	14	14	15	15	15	13	13	13	14	14	14	14	14	14	14	15	15	16	16	16	16	16	15	16	16	16	16	16	17	18	16	16	16	16	16	16	16	17	17	
# Normalized histogram for each species index 
1	
0.949517017865455	0.0504829821345454	
0.902119492560457	0.0953072588258268	0.00257324861371575	
0.857547809747884	0.135265560918788	0.00707800364473853	0.00010862568858864	
0.814339973860809	0.171907431610362	0.013277967949972	0.000473468953054801	1.15762580208998e-06	
0.773797136148073	0.203407155025554	0.0214950043740504	0.00123164049910217	6.90639532206823e-05	
0.735426653497178	0.231756942440211	0.0305868663093734	0.00209730627225657	0.000125332447190771	6.89903379031767e-06	
0.699291322618697	0.25673312629018	0.0401568490120908	0.00361365563255677	0.000193526983190799	1.15194632851666e-05	
0.662529781643646	0.28015658616283	0.0515179105822759	0.00551379256955213	0.000268063678989123	1.27099158141394e-05	1.15544689219449e-06	
0.627673788300289	0.299555518602049	0.064392640247219	0.00779372552551928	0.000564695774481987	1.96315504421141e-05	
0.596422045932882	0.315508707819691	0.0760390406364919	0.0110090894372875	0.000954043990101071	5.66644309272151e-05	1.04077526192844e-05	
0.56931328641993	0.32757941126982	0.0873506680895888	0.0141316448810531	0.00153509631231143	7.95207549170333e-05	1.03722723804826e-05	
0.540756091362094	0.339569501961357	0.0993938250890402	0.0178241414247123	0.00231498785005135	0.000124202030703202	1.72502820421114e-05	
0.513093232359079	0.350849931722936	0.110824757068026	0.0219462810534307	0.00301475680387543	0.000259556204828894	1.14847878242873e-05	
0.487386413380041	0.359015867945968	0.123107272645803	0.0260084492704835	0.00405229494089302	0.000406723110030091	2.1829771442293e-05	1.14893533906805e-06	
0.462006741109302	0.36510788067778	0.136168115011579	0.0309632449040424	0.0050718822369477	0.000666085800105473	1.26109187627542e-05	3.43934148075115e-06	
0.438566822897081	0.37045869371807	0.14726971300687	0.0363980940500977	0.00641928146239005	0.000828923110789071	5.73252497087877e-05	1.14650499417575e-06	
0.417144819297794	0.373693879302944	0.15809425701777	0.0419618279108364	0.0079537585486594	0.00104043265516353	0.000109880676452914	1.14459037971786e-06	
0.396617236702091	0.375892274037166	0.169156432821984	0.0472648346980997	0.00940227344345848	0.00147056808684572	0.00018039577462859	1.14174540904171e-05	4.56698163616684e-06	
0.375852276281386	0.376626788571792	0.180181583894694	0.0538519191641181	0.0112264476044142	0.00199371519101793	0.000236561756834986	2.1609006633965e-05	9.09852910903791e-06	
0.355366556850944	0.376824374772006	0.190242954501289	0.0613471764025369	0.0134199434291825	0.00233760891132428	0.00042501980205896	2.6137581410043e-05	1.02277492474081e-05	
0.339247753392329	0.374464692248732	0.199007117636913	0.0673348327852224	0.0165255742599931	0.00292427387195564	0.000460344675936767	2.74150675495841e-05	4.56917792493069e-06	3.42688344369802e-06	
0.321659216804695	0.374605797180936	0.207494652553063	0.0733000146254959	0.0187297756814567	0.00355582368964698	0.000580449368361396	6.39865445437759e-05	4.57046746741257e-06	5.71308433426571e-06	
0.30570127373145	0.371507487452205	0.21560907907258	0.08035970918202	0.021577741362548	0.00443510015905898	0.000711127601026497	8.01593109047581e-05	1.60318621809516e-05	2.29026602585023e-06	
0.290418414421087	0.367882417485097	0.224406491927646	0.086825104175173	0.0242222373020154	0.00519754465184272	0.000901720514946823	0.000124216601548797	1.84024594887107e-05	3.45046115413325e-06	
0.27500953685362	0.364410070917422	0.23209944065779	0.0942999489835782	0.0265319863772366	0.00630696259255344	0.00117199887855794	0.000166607683716569	2.29803701678027e-06	1.14901850839013e-06	
0.260707005157157	0.360160562081941	0.238749532783145	0.100832849873765	0.0307273907171177	0.00727826404000981	0.00135062933823749	0.000169688575601993	1.83447108758912e-05	5.73272214871598e-06	
0.247855489911271	0.355226706997778	0.244202882691526	0.107926422598938	0.0343029463904155	0.00864139368102407	0.00157231436611542	0.000249957668459374	1.8430058503917e-05	3.45563596948443e-06	
0.237373859733523	0.348288461028181	0.249837042984888	0.113955696458093	0.0384832364820667	0.00983395112789328	0.00191395177395295	0.000276882715942561	3.69176954590081e-05	
0.225441331447071	0.343926513903909	0.253460606262591	0.120480238487343	0.0424960725207464	0.0115106458534208	0.00224673648596623	0.000376946070279756	5.8610517025206e-05	2.29845164804729e-06	
0.2136922592285	0.338168905180561	0.258615653369226	0.127670322746929	0.0453781608866233	0.0130439016008477	0.00290042670179558	0.00045018471319339	6.64394742117472e-05	1.37460981127753e-05	
0.202613766185944	0.332963575837072	0.261930111258887	0.134282580876828	0.0494506814020747	0.0144548497507568	0.00350735950835214	0.00066213275361457	0.000120075887961191	1.25793787387915e-05	2.28715977068936e-06	
0.193173837726485	0.326194818200816	0.26479270176849	0.14130674337316	0.053215700470128	0.0162061117778648	0.00405381178208992	0.000850729514832954	0.000176997415837729	2.62641326726952e-05	2.28383762371263e-06	
0.182722243017958	0.318123407984954	0.269178360464161	0.148338141713305	0.0580417872565758	0.0176434068893738	0.00468817047228638	0.00102482402242288	0.000190585313746793	3.76605709799052e-05	1.14122942363349e-05	
0.17227142960042	0.312739026094075	0.270681866773072	0.154892910593236	0.0630394343749393	0.0195005276438501	0.00537247768518127	0.00116962006212821	0.000235524665492092	8.23193005603429e-05	1.48632070456175e-05	
0.164871170274814	0.30348806623895	0.274557701764618	0.159570453219885	0.0679749774133416	0.021886757928203	0.00597088322411683	0.00136892304525337	0.000223007513637767	7.43358378792557e-05	1.37235393007857e-05	
0.157178132930928	0.297104282415346	0.274674760500263	0.165848137732355	0.072095708439079	0.0246507533667147	0.00657681139538606	0.00151130621670439	0.000298374374099732	4.45846765896152e-05	1.60047556988362e-05	1.14319683563116e-06	
0.148736061816665	0.289622733169876	0.276634146620258	0.171388074458904	0.076946201898622	0.0272631151804034	0.00741502780492544	0.00164943504277901	0.000288051026181781	4.34362658528082e-05	8.00141739393836e-06	5.7152981385274e-06	
0.141559789330841	0.282438782713962	0.277596550023628	0.175895933188173	0.0818557010081501	0.0298234392895923	0.00848420496191547	0.00189135412030294	0.000381016891748868	5.83539383759527e-05	9.15355896093375e-06	5.7209743505836e-06	
0.134008274452741	0.276906796089933	0.276602319948547	0.18150085070862	0.086739208772562	0.0317499053501133	0.00962920051635504	0.00233773816420273	0.000451582591719161	6.84216048059335e-05	5.70180040049446e-06	
0.127276968593537	0.269402594446973	0.276214155666818	0.186646563495676	0.0915817023213473	0.0349487938097406	0.0104767865270824	0.00271847974510696	0.00061106053709604	0.000116067364588075	6.82749203459263e-06	
0.120476770453199	0.260925894429726	0.277269505205688	0.191382791837555	0.0967581024609017	0.0377542203111427	0.0116361760197064	0.0030443085584223	0.000592424500120425	0.000136976763033624	2.28294605056041e-05	
0.114618437034805	0.255218179493502	0.275455035297771	0.194410577458743	0.101576983844306	0.0410250965779884	0.0132435135209184	0.00354119290939478	0.000739746294419025	0.000143839557248144	2.39732595413573e-05	3.42475136305104e-06	
0.108673400918472	0.248346954233321	0.275370016126721	0.198533810387064	0.105195579140348	0.043796898847474	0.0148029196416183	0.00416701732997	0.000912103684125529	0.000161494667264121	2.72948733404148e-05	1.25101502810235e-05	
0.103562974078754	0.241348561628527	0.274271235763384	0.202532829169726	0.109627077052194	0.046468270077221	0.0162195939628081	0.00463302940599614	0.0010661783151874	0.000226919234997104	3.42089298990609e-05	9.12238130641623e-06	
0.099110736834397	0.234957928195318	0.272673807927394	0.205807442258536	0.113471444491992	0.0500696810689465	0.017373355515331	0.00494747031403393	0.00129064442974798	0.000241423736415624	5.26326629152546e-05	3.43256497273399e-06	
0.0939664756937857	0.228439667631304	0.270533033939365	0.209341229791769	0.11854805422664	0.0526928785856279	0.0191547754142824	0.00551648333959945	0.00140499012942695	0.00032422849140622	7.12842782524314e-05	6.89847854055788e-06	
0.0882812212108929	0.221190164719755	0.269691749272211	0.211983408261783	0.123011248479935	0.0566730847182813	0.0208364041714265	0.00625529719571065	0.00161909938460405	0.000361591185466337	8.98220142241221e-05	6.90938570954785e-06	
0.0832605622089155	0.213664106971243	0.266469376062689	0.21605746839654	0.128106056405707	0.06025680121239	0.0224966733200266	0.00717084349818881	0.00196482035928144	0.000438936940932949	0.000100493457529386	1.38611665557773e-05	
0.0794667478257662	0.207948288741942	0.263564175635669	0.217656254323105	0.132057613738022	0.0639047210617086	0.024351188335224	0.00815510610629997	0.002321795829529	0.000478423668944655	8.30036244916028e-05	1.15282811793893e-05	1.15282811793893e-06	
0.0754796319422983	0.201832016516411	0.261182412365709	0.219318089123824	0.136085762177924	0.0671846618880593	0.0267633417470218	0.00883264955359964	0.00260337979818637	0.000575592797392484	0.000121782108829548	1.26377660106134e-05	6.89332691488005e-06	1.14888781914668e-06	
0.0720180209245518	0.194863345162926	0.257906623035443	0.22226459879246	0.141202700834217	0.0695891137023552	0.0288761119048716	0.00964995160621284	0.00280453518919666	0.000652163893625847	0.000139420196340508	2.18924275245426e-05	9.21786422086003e-06	2.30446605521501e-06	
0.0685151361660738	0.188465661088798	0.255329705007159	0.223593196715353	0.145547646876251	0.0725234481636647	0.0309253847068013	0.0107753672266842	0.00326295518974869	0.000785739916626187	0.000223837802974274	4.03831087840184e-05	6.92281864868888e-06	4.61521243245925e-06	
0.0655139231509451	0.181995555483762	0.250950171111568	0.225090747975622	0.149262824137	0.0774848099542395	0.0328550363107285	0.0118820426313567	0.00367376420064475	0.0010395921937126	0.000199610931756138	3.92298941023623e-05	1.03843837329783e-05	2.30764082955073e-06	
0.0622024871724752	0.177024477744766	0.247215488512007	0.225620750230594	0.153831802991467	0.0809072663814561	0.0350479960323898	0.0125888193115084	0.00409970938182223	0.00117962242812183	0.000228276638840865	4.05567632458389e-05	9.2701173133346e-06	3.47629399250048e-06	
0.0589044488812969	0.171099190784784	0.243579710431423	0.22780472319351	0.156807977961996	0.0849053861243836	0.0371780843262955	0.0136690973744402	0.00450830204344575	0.00119655475953203	0.000291870986047171	3.48849784120125e-05	1.62796565922725e-05	3.48849784120125e-06	
0.0559346030518886	0.164855776955516	0.239008334128945	0.228911440274405	0.161128821555564	0.0887180717168213	0.0398694575946758	0.0147098889481393	0.00510433379362377	0.00135525650907347	0.000337649817552668	5.23939372064484e-05	1.28074068726874e-05	1.16430971569885e-06	
0.0531887873986392	0.160119768850778	0.236191630161245	0.227931307670799	0.163476325845838	0.0922173548326964	0.0428161990865878	0.0163831671171591	0.00546416255009787	0.00170915276353807	0.000394957591574238	8.03895982850219e-05	2.6796532761674e-05	
0.0507180007196363	0.154245152969434	0.232088533951411	0.229083818932041	0.166098122870881	0.0958903629490133	0.0451069407515059	0.0182549288074132	0.00600242059468123	0.00186100739729996	0.000524540063645752	8.76180507203372e-05	3.50472202881349e-05	3.50472202881349e-06	
0.0485955739868755	0.147884818812428	0.229244872358949	0.229679001713114	0.169897868436573	0.0983238628385273	0.0475787049605422	0.0192690244610243	0.00675299326923977	0.00204426949252502	0.000574548552278067	0.000124036958332943	2.92539996068262e-05	1.17015998427305e-06	
0.0454836314041635	0.143924072508512	0.224768681778056	0.229639092195666	0.173161714907589	0.102451436017917	0.0497830442925936	0.0206645056726094	0.00732488241421025	0.00201308740349091	0.000576835949724193	0.000175152616313014	3.15274709363425e-05	2.33536821750685e-06	
0.0436315048800081	0.137797997628494	0.220418266422443	0.230941968069788	0.175661637224942	0.106745732397634	0.0523398505042073	0.0218763809006358	0.00757389385122475	0.00218728831048301	0.00062493951728086	0.000159732675125891	3.49779580567646e-05	5.82965967612743e-06	
0.04095724389911	0.133737201225836	0.215984162592407	0.22933793430089	0.179935861765656	0.110111746116184	0.0550494569015097	0.0230585001825688	0.00846816011460422	0.00250113449314113	0.000629949918981441	0.000187818401770393	3.38306437971515e-05	4.66629569615882e-06	2.33314784807941e-06	
0.0388207104420878	0.12923679653932	0.211860523416139	0.22847948136445	0.181832597783439	0.11391909145499	0.0576364070962589	0.0247856022666985	0.00935829344651279	0.00307473458988964	0.000762562162225189	0.000172567584112122	5.48018679274983e-05	2.33199437989354e-06	3.49799156984032e-06	
0.0371534407342225	0.12472048848576	0.207849196827457	0.228177094760822	0.183171656248687	0.117266459085116	0.0606639186230528	0.0262565763982578	0.0100075625662308	0.00343466549649181	0.000999005662588172	0.000249751415647043	4.31813195277598e-05	3.50118806981836e-06	2.33412537987891e-06	1.16706268993945e-06	
0.0352923248248982	0.120859244497846	0.203632740380389	0.224906368138792	0.18616885971339	0.120420830524866	0.0642077191337221	0.0283644462679131	0.0108196817395891	0.00374761890806787	0.00121560237962664	0.00029071300882103	4.92336547196905e-05	1.99279078627319e-05	2.34445974855669e-06	2.34445974855669e-06	
0.0332274034453364	0.117379605256995	0.19869465026744	0.225100231375231	0.187191460661527	0.123734227609529	0.0667053853287495	0.0305658857362322	0.011681170552584	0.00405726302773693	0.00117912377169728	0.000350107256938915	0.000106554382546626	2.34185456146431e-05	2.34185456146431e-06	1.17092728073216e-06	
0.0318194132196222	0.112648603766681	0.195442172801978	0.224231165714969	0.189606502737816	0.12613186315729	0.0689713810577621	0.0321301954879106	0.0126975079953136	0.00448112847973524	0.00130176723698145	0.000390530171094434	0.000114930801102867	3.28373717436762e-05	
0.0306745222892522	0.109106608943897	0.192552822796187	0.22221582598582	0.189970570785778	0.129535535335616	0.0716005145706918	0.0336162688925569	0.0137547800445256	0.00495891070788715	0.00146382438806619	0.000405312531206128	0.000112782617379096	3.17201111378709e-05	
0.0288814492456461	0.105622508416735	0.18790676956471	0.221263788773838	0.190868093239863	0.132532491483101	0.0749852405176955	0.0354934616377192	0.0149327073663074	0.00526509915661785	0.00162148085038186	0.000466647105197105	0.000120196981641679	4.00656605472262e-05	
0.0277271706896348	0.102357069436076	0.183492243528397	0.219016056427888	0.192421933151384	0.135078391757937	0.077951062748851	0.0370538404281714	0.0162419215727974	0.00594643131416959	0.00195181890145205	0.00055884403171115	0.000155956473965902	4.48965606871537e-05	2.36297687827125e-06	
0.0258714197071821	0.0983334201713709	0.180583646344987	0.216180531543522	0.194859819724234	0.137562108932792	0.0808848953917422	0.0390842218443452	0.0173076103277268	0.00628667920292155	0.00221910657869184	0.000622865560507955	0.000168150018235988	3.43404966819975e-05	1.18415505799991e-06	
0.0240720638366756	0.0947194766611438	0.17632572511379	0.216256974994763	0.196327058218591	0.139503466072483	0.0831690757774858	0.041651193128797	0.0177731436515645	0.00685596754842027	0.00247576605915176	0.000676074577691443	0.000158306195128454	2.49957150202822e-05	1.07124492944067e-05	
0.0230812481422192	0.090034177198568	0.173261564797605	0.21397934565527	0.196862096257221	0.143679128272529	0.0850872575036439	0.0438334807620453	0.0191000760421777	0.00743828586367559	0.0025820915299519	0.000835628326845276	0.000181450722400689	3.58126425790833e-05	8.35628326845276e-06	
0.022391782201612	0.0862866444069471	0.167023076757846	0.211801867811634	0.198157248450451	0.146335380304683	0.0894609217815095	0.046380249789376	0.0203535619926825	0.00786409319487438	0.00287355636013012	0.000842496175353765	0.00018138727854642	4.17668075600308e-05	5.96668679429012e-06	
0.02137063289814	0.0840977174360475	0.163083281581258	0.209447192658106	0.19839009405791	0.148559388778247	0.0920913311109683	0.0483852162760872	0.0217810803929827	0.00860512095709218	0.00293261760807856	0.000952952009765081	0.000235561170953166	6.54336585981017e-05	2.3794057672037e-06	
0.0203391364081733	0.0812255865478828	0.159076000319064	0.207030836102324	0.19931020278419	0.150524372080952	0.0943441152344703	0.0509692758081664	0.023166662102941	0.00925166407327994	0.00331445538283507	0.00110362792381039	0.000219058832773582	0.000104767267848235	2.02391312888636e-05	
0.0191847467358	0.0772880433420347	0.155750589937229	0.204684644682926	0.200428263991091	0.153572268354896	0.0966434750018202	0.0530233313161479	0.0243279728718395	0.00994508242410787	0.00356289858808953	0.00122463448957449	0.000239913774273366	8.35520606922169e-05	3.81952277450134e-05	2.38720173406334e-06	
0.0179769069187501	0.0745657983626812	0.152286610611951	0.202849044261938	0.199665435083325	0.15672126381659	0.0991601324438609	0.0548898545095371	0.0258596757532179	0.0104730257035931	0.00388181089218503	0.00123912932101671	0.000299059095745378	9.29346990762529e-05	2.50208805205296e-05	1.42976460117312e-05	
0.0172079417972977	0.0716771373909027	0.147424701861158	0.200005714551033	0.200491451388814	0.15742992829429	0.103565522684982	0.0572359907186167	0.0274560366493206	0.0116053007222954	0.00421686244956611	0.0012286284720362	0.000319062432660564	9.52425172121087e-05	2.85727551636326e-05	9.52425172121087e-06	2.38106293030272e-06	
0.0161465108785163	0.0683848715225149	0.143023547243672	0.197842198856652	0.200108606141618	0.160398142954326	0.106656004964852	0.0594027855685114	0.0288486555514447	0.0125493799902135	0.00471422263065558	0.00139159078160618	0.000411748558880044	8.47366599434293e-05	2.26760075904952e-05	7.16084450226163e-06	7.16084450226163e-06	
0.0152368452451975	0.0663488843813387	0.139113470946188	0.194815654456509	0.200342441236129	0.162432883904069	0.109692160839995	0.0617694785825081	0.0297136379906932	0.0131428230521417	0.00514377759217277	0.0015916955017301	0.00050709939148073	0.000113351628683928	1.55112755041165e-05	1.55112755041165e-05	4.77270015511276e-06	
0.0151233711070098	0.0637974400003813	0.13561587852691	0.191549594482049	0.200084118017817	0.164500766713094	0.111747093102918	0.0639463741679048	0.0318099552363466	0.0138008356994008	0.00547243705148475	0.00181580537044693	0.000526631216363218	0.00017991247436843	2.1446520123389e-05	7.14884004112966e-06	1.19147334018828e-06	
0.0144396308379835	0.0616236710583397	0.131909456656742	0.187811473023004	0.199513885174686	0.167679901113072	0.114456864737658	0.0663255543075835	0.033199622042752	0.0145418456912279	0.0057014494303899	0.00191474568112531	0.000615666209076917	0.000225823512981881	3.20907097395304e-05	2.37708961033559e-06	5.94272402583896e-06	
0.0131659486030975	0.059965029987853	0.129427004251442	0.186082457105982	0.198439397965381	0.168331735879138	0.116752154190708	0.0682733734436684	0.0349474738080777	0.0155134945338597	0.00588962382326146	0.00228111714242332	0.000692757364105679	0.000186237853021561	4.74491345277862e-05	4.74491345277862e-06	
0.0123455617592693	0.0562703083244393	0.126095922367442	0.183852589315076	0.199383374865106	0.169329725866558	0.119229230453256	0.0714176323446832	0.0360525069242705	0.0164164273494735	0.00643099413885581	0.00215118356647715	0.000740804936800079	0.000194698733389764	7.24184313218026e-05	1.42462487846169e-05	2.37437479743615e-06	
0.0119590708648682	0.0538086834080973	0.121891902177274	0.180709695219702	0.198157142381444	0.17174752755486	0.122254622604261	0.0741352982870082	0.0376170813968423	0.0172952235071379	0.00699396338069709	0.00237016987208456	0.000789660208260987	0.00018433333174767	4.75698920639149e-05	3.68666663495341e-05	1.18924730159787e-06	
0.0110102401184583	0.0520730794272771	0.118278545981738	0.178642038644157	0.196322698830058	0.172711982831167	0.124693052359941	0.0761527721404026	0.0398415953778417	0.0184329274026427	0.00769645541685959	0.00289361013275374	0.000930811651095608	0.000224965987285256	4.52312567028556e-05	2.85671094965404e-05	2.14253321224053e-05	
0.0105026167152744	0.0491389451377724	0.115541894261104	0.175135781957477	0.196503338978748	0.173757998829599	0.127313835397823	0.0782261399784751	0.0417422997298067	0.0195166078884043	0.00802713612997882	0.00320251147457358	0.000948715717811899	0.000309882018380771	9.53483133479296e-05	2.62207861706806e-05	1.07266852516421e-05	
0.00995663718185796	0.0480651264937638	0.111568942350224	0.172182698509783	0.195247139448957	0.174359781433274	0.129824963009859	0.0805329918675342	0.0440746026465984	0.0205261005535704	0.00865706413333381	0.00335742908682936	0.00112311725844931	0.000381526032594246	0.000107304196667132	2.14608393334263e-05	1.31149573704272e-05	
0.00954574908044444	0.0460409083112577	0.10895899639801	0.168927836328639	0.193475920032018	0.176428408073031	0.131029521068781	0.0834949305330564	0.0454381944312096	0.021812048560157	0.00937660803110289	0.0037056183415601	0.00119113415029254	0.00041689695260239	0.000109584341826914	3.57340245087763e-05	5.95567075146271e-06	5.95567075146271e-06	
0.00928266830930812	0.044455966189492	0.106238152884572	0.166451823117959	0.190982041140558	0.177381493170591	0.133118172672376	0.0857499268659876	0.0474824062160343	0.0227024622973355	0.0103267603891919	0.00390404817569287	0.00133068227493156	0.000411453143097695	0.000140322170189387	3.21076152128259e-05	7.1350256028502e-06	1.18917093380837e-06	1.18917093380837e-06	
0.00875529467925554	0.0433002936639596	0.103252628191503	0.162733532909244	0.191507376035928	0.177065236623328	0.135860846269945	0.087400949272015	0.0489206394820684	0.0240227331291658	0.0108880098893387	0.00413718251221027	0.00149266315093235	0.000465492406655116	0.000168622249349557	2.25621319552225e-05	5.93740314611118e-06	
0.00803339726954756	0.0418273484682031	0.100328390648289	0.159793820554998	0.190160157247457	0.17882385078119	0.137267290984994	0.0894030178684893	0.0509629031396046	0.0254090037233442	0.0111914107733511	0.00452264589036622	0.00157009922979626	0.000515448612504973	0.000160335397899012	2.61287315094687e-05	4.75067845626704e-06	
0.00783759506273043	0.0396400758009951	0.0971363409288588	0.157130431583906	0.188377576290474	0.178997381139697	0.140806162806013	0.0908247333378425	0.0531307068786911	0.0271402686260061	0.011892260063389	0.00475595473299372	0.00158057178252187	0.000537536799911716	0.000153073393352343	5.1024464450781e-05	8.3063081664062e-06	
0.00746081148028663	0.0377508764527545	0.0934408859580298	0.153488862709217	0.186775104238025	0.179981558343664	0.143003429958447	0.0948702328436892	0.0545131094576304	0.0283653059821604	0.0125156742226889	0.00525634613424483	0.00176120188398823	0.000560597907891275	0.000176594266967865	7.34821782013933e-05	5.92598211301559e-06	
0.00686293177160144	0.0360164956354214	0.0900885451838256	0.149926025093518	0.18535237719042	0.179026369600157	0.145122091118635	0.0985657974565878	0.0574201384412878	0.0294764279640521	0.0134916983716059	0.0056897406088531	0.0020128743538283	0.00065045880999152	0.000212877428724498	7.21417952899686e-05	1.30091761998304e-05	
0.00666046248630565	0.0347194571734854	0.0882517169480145	0.147110933100873	0.183365335909246	0.179560367067582	0.145222584787193	0.101133244589994	0.0596025397872516	0.0308873941264475	0.0141431752052681	0.0059183168608418	0.00240431622471698	0.000715051420089764	0.000207329571558152	8.83506696980763e-05	9.42407143446147e-06	
0.00654428881830286	0.0327331953732853	0.0853425087341402	0.143776932468909	0.180949762095301	0.179507879821992	0.147612550838983	0.103672158040638	0.0623264482573437	0.0326497612727108	0.0150028614371113	0.00628223523480824	0.00243134019843214	0.000804962801317554	0.000276155121619891	7.1682818803461e-05	1.52766663023769e-05	
0.00641233680643835	0.031617635859409	0.0820551814797935	0.140294618347039	0.178501507303362	0.179715317084373	0.148691698173779	0.106022066499436	0.0647911977701518	0.0347248014378256	0.0165000802567278	0.00690910837704494	0.00253658125085676	0.000850604151557508	0.0002530723095543	0.000101931902459371	2.1089359129525e-05	1.17163106275139e-06	
0.00613189500787464	0.0307322362815719	0.0809703533145093	0.136177359048565	0.17659857622679	0.180528856873942	0.149950358055726	0.107105722084915	0.0670835181703599	0.0358396060565519	0.0174908637698304	0.00716815592499489	0.00285177126682017	0.000962326106498987	0.000248796505582665	0.000122051115946213	3.28599158316727e-05	4.69427369023896e-06	
