# <P(N_2)> as a function of N_tot.
# number_of_species: 2
# species_total_upper_bound: 100
# species_total_lower_bound: 0
# volume: 512
# Bin widths for each species index 
1	1	1	1	1	1	1	1	1	1	1	1	1	1	1	1	1	1	1	1	1	1	1	1	1	1	1	1	1	1	1	1	1	1	1	1	1	1	1	1	1	1	1	1	1	1	1	1	1	1	1	1	1	1	1	1	1	1	1	1	1	1	1	1	1	1	1	1	1	1	1	1	1	1	1	1	1	1	1	1	1	1	1	1	1	1	1	1	1	1	1	1	1	1	1	1	1	1	1	1	1	
# Bin lower bound for each species index 
0	0	0	0	0	0	0	0	0	0	0	0	0	0	0	0	0	0	0	0	0	0	0	0	0	0	0	0	0	0	0	0	0	0	0	0	0	0	0	0	0	0	0	0	0	0	0	0	0	0	0	0	0	0	0	0	0	0	0	0	0	0	0	0	0	0	0	0	0	0	0	0	0	0	0	0	0	0	0	0	0	0	0	0	0	0	0	0	0	0	0	0	0	0	0	0	0	0	0	0	0	
# Bin upper bound for each species index 
0	1	2	3	3	4	4	4	5	5	5	6	6	6	6	6	6	6	7	6	6	6	7	7	7	7	8	8	8	8	8	9	9	9	10	10	10	10	10	10	10	10	10	9	10	10	10	10	11	10	10	11	12	12	12	12	12	12	13	13	13	13	14	14	15	15	15	13	13	13	13	13	13	13	13	13	14	14	14	13	13	14	15	15	14	15	15	16	16	16	15	15	15	15	15	15	16	16	16	16	16	
# Normalized histogram for each species index 
1	
0.950159258110889	0.0498407418891113	
0.90333754942513	0.0939618728563452	0.0027005777185246	
0.857760260786107	0.135316867613569	0.00677521396159766	0.000147657638727191	
0.817120932215433	0.169737103879494	0.0126246980247264	0.000517265880346739	
0.775330472004892	0.202563765523469	0.0208255942209548	0.00120587277185001	7.42954788343611e-05	
0.735894378389534	0.231932994714333	0.0300400151346641	0.00208101631562654	5.15954458419803e-05	
0.70113260591536	0.25585026097176	0.0390478275397219	0.00381952045719026	0.000149785115968246	
0.663806733630952	0.281093052455357	0.0498802548363095	0.00499906994047619	0.000215076264880952	5.81287202380952e-06	
0.628234244464271	0.300140203700914	0.0630742847873191	0.00779810667068352	0.000701018504571104	5.21418722408259e-05	
0.594948091228644	0.317712043535635	0.0756560124254067	0.0105218904368745	0.00105686024920881	0.000105102124230711	
0.570854504805319	0.326064864550971	0.0875177840364682	0.0140646322696786	0.00143433698208531	5.22632908452136e-05	1.16140646322697e-05	
0.542011216754023	0.338676010138661	0.098708582307807	0.0179835074721015	0.00248305444369258	0.000103221662786297	3.44072209287656e-05	
0.515488807027487	0.349011051289317	0.109895154434684	0.0221309152734486	0.00319070558231794	0.000277699064890904	5.66732785491641e-06	
0.486193793901001	0.361029298666378	0.122321789708153	0.0259090676039809	0.00418715142676473	0.000353201889060426	5.69680466226494e-06	
0.463361113321888	0.365672575125351	0.13536775323184	0.0297147340056621	0.00531533887417143	0.000551430877855218	1.70545632326356e-05	
0.43915121174195	0.372573671634998	0.145585390829446	0.0357890544999431	0.00610422118557288	0.000733871885311184	6.25782227784731e-05	
0.419134048166306	0.37360590586397	0.156925463377076	0.0416614771453481	0.00762576569028182	0.000905807357420261	0.000141532399596916	
0.394702418046362	0.37515930361163	0.1719075449559	0.0475749358574885	0.00893784492389919	0.00147654096418686	0.000230183192135595	1.12284483968583e-05	
0.373144800952017	0.376681186429261	0.182438197453802	0.0547129353122123	0.0108617553943912	0.00191975211621798	0.000241372342097582	
0.356229434012861	0.374643150443862	0.190343972245345	0.0626770281066163	0.0135309530327324	0.00213970066537428	0.000435761493209383	
0.341819624851886	0.371911958684522	0.19894810972747	0.0668414227905833	0.0173824588074851	0.00266046636410383	0.000435958773949786	
0.324188456334496	0.374052603209874	0.20576523260035	0.0733166862837845	0.0187114303628983	0.00348158007634176	0.000467510752747313	1.65003795087287e-05	
0.305245112583655	0.371443642237827	0.216046330179453	0.0802920911218805	0.0213683666853482	0.00482422883767953	0.000719788129539885	6.04402246178529e-05	
0.290755760266124	0.369040864234616	0.223395970316968	0.0873246331341856	0.0232969527051834	0.00512332699175595	0.000873357587085433	0.000189134764082196	
0.276110491071429	0.362756696428571	0.232327008928571	0.0945256696428571	0.0264118303571429	0.00627790178571429	0.00132254464285714	0.000267857142857143	
0.264631341550554	0.360056046802429	0.236479546266524	0.0993770096463023	0.030010718113612	0.00750826187924259	0.00168028760271526	0.000223294033583423	3.34941050375134e-05	
0.250508948545861	0.355139821029083	0.242024608501119	0.108350111856823	0.0329753914988814	0.00907158836689038	0.00169463087248322	0.000218120805369128	1.67785234899329e-05	
0.237752234133863	0.348221949208166	0.249185165238953	0.114441508608358	0.0382313177042136	0.00978362701043998	0.00212614371385135	0.000252444504283142	5.60987787295871e-06	
0.226076069113269	0.341860270999694	0.253532177735734	0.120775715756379	0.0434322918115801	0.0113352438719012	0.0025875740797418	0.000378397929940736	2.22587017612198e-05	
0.213778840633031	0.338406051585643	0.256852350452364	0.128891638933949	0.045509529463574	0.0132225139499752	0.0028429519875579	0.000445953252950259	5.01697409569042e-05	
0.201627142889073	0.332949643503721	0.261683914083279	0.135094208891174	0.0500156456047026	0.0144163071902729	0.00354819963791601	0.000592297892313538	6.70525915826647e-05	5.58771596522206e-06	
0.193195028167755	0.325678485200751	0.26588348385943	0.140386077081284	0.0535578556737906	0.0165206116426719	0.00375570061700796	0.000810381829562729	0.000201198247339712	1.11776804077618e-05	
0.181578180350657	0.318707681269898	0.269466615846823	0.147992242500336	0.0575086318999148	0.0185473745571947	0.00483722703017802	0.00109300031388727	0.000207389803147841	6.16564279628716e-05	
0.16979750471738	0.313543808263159	0.272098459458698	0.154538541696004	0.062365167431774	0.020548060945729	0.00553693637874222	0.00117159996620385	0.000309798067986594	8.44903821781621e-05	5.6326921452108e-06	
0.164252732941316	0.303868119725099	0.27430894217271	0.160576863445959	0.0674454398358262	0.0216943954265869	0.00606631223466931	0.00141509699897955	0.000208599956024874	0.000152221589531665	1.12756732986418e-05	
0.157113546571107	0.297451433674536	0.272157944416498	0.168508334134058	0.0728622055922633	0.0239595756345981	0.00624000271304466	0.00140739191625735	0.000180869643856367	7.34782928166491e-05	4.52174109640917e-05	
0.147553041018388	0.290540311173975	0.276927864214993	0.171898161244696	0.0764922206506365	0.0274625176803395	0.00728712871287129	0.00143140028288543	0.000282885431400283	9.05233380480905e-05	3.39462517680339e-05	
0.141067157945326	0.283021134899475	0.277831813344624	0.1756244922246	0.083189344440503	0.0289274639264913	0.00838759139957204	0.00156194573811949	0.000280349235047087	7.43783684818803e-05	3.43284777608678e-05	
0.13207827453221	0.275372089701471	0.279754320811313	0.182139694329382	0.0869361519782888	0.0315326381945436	0.00974717897443222	0.00199971432652478	0.000331381231252678	0.000102842451078417	5.71346950435652e-06	
0.126128697160991	0.265738975582471	0.278096140455018	0.189090307188274	0.0917055741372815	0.0355874932934556	0.0103423476900949	0.00259700231732514	0.000559354345270031	0.000142692435017865	1.14153948014292e-05	
0.118672995586613	0.258958946303788	0.278146837072453	0.192499540272159	0.0977553788157411	0.0383298087532181	0.0119069510849577	0.00318361529974255	0.000453981243104082	7.47057741816844e-05	1.72397940419272e-05	
0.111363322912836	0.252999724163295	0.277543444280986	0.195947499080544	0.102226232070614	0.0420133780801765	0.0135274917248989	0.00345370540639941	0.000850496506068408	6.3212578153733e-05	1.14931960279515e-05	
0.105422343637011	0.248791910102042	0.278997027123196	0.199234398135926	0.102902859241744	0.0437494978248643	0.015489950758141	0.00424122771777183	0.00103304599350329	0.000137739465800438	
0.100934763016199	0.243662329859266	0.275067594111802	0.20443463591616	0.107318651353038	0.045987105123287	0.0167078778915259	0.00480091512028286	0.000901254824024218	0.00015020913733737	3.46636470778546e-05	
0.0984301513016348	0.236903912733346	0.271774619136264	0.206284034169001	0.113612507756456	0.0488874197533012	0.0172642762284197	0.00524249436025911	0.00131062359006478	0.000266764093553008	2.31968777002615e-05	
0.0947251287548647	0.228793316399059	0.267664468318147	0.210429726643518	0.119182727039687	0.052504019948265	0.0186665423784111	0.00600661834960733	0.00162545734194029	0.000349560718696838	5.24341078045256e-05	
0.0886804841343165	0.222880750257116	0.268423774411537	0.210103369533007	0.122364193119157	0.0580473094287657	0.020766875265106	0.00613593180748514	0.00210341601733866	0.000400927362420904	9.29686637497748e-05	
0.0838955841980364	0.215066772137174	0.265611186077893	0.21444441859383	0.128635242659718	0.0605835000697967	0.0219452328881858	0.00688660369456982	0.00236727002000838	0.000476943836955004	8.14294355776837e-05	5.81638825554883e-06	
0.0804112991739356	0.206533418057882	0.262434290335625	0.216220900005777	0.132955923978973	0.0648720466755242	0.0251689677083935	0.00813933337184449	0.00253595979435041	0.000652764138409104	7.50967592860031e-05	
0.0762341142906545	0.203348606668396	0.258459410391631	0.21744041958445	0.136918244430996	0.0672718365464972	0.0274343678856517	0.00896804126682228	0.00306619405780813	0.000685859197141293	0.000172905679951586	
0.0731943125767084	0.196518305814788	0.256877706504875	0.22030081281986	0.14182085542922	0.0689681124516592	0.0286976356436561	0.00964499918949587	0.00307991570757011	0.000642613991617072	0.000231572609591737	2.31572609591737e-05	
0.0692306806137966	0.189121469056725	0.258300308741533	0.221211004101193	0.144716833325653	0.0716729643795217	0.0307071102714161	0.0107886733330261	0.00321413759734574	0.000748813418736464	0.000230404128841989	4.03207225473481e-05	1.72803096631492e-05	
0.0653381117039547	0.185263001213676	0.253017014358011	0.225577640889418	0.146442556504614	0.0750704160846367	0.0321624035356889	0.0118905859992214	0.00389864663720259	0.00107627836680483	0.000194646087613639	4.00741945086904e-05	2.86244246490646e-05	
0.0614779181705343	0.180933151057903	0.247644814588136	0.227012989984385	0.151990253221756	0.0791182140058458	0.0335760494660436	0.0119089156709204	0.00477615013699257	0.00117830769846763	0.000331756536461759	1.71598208514703e-05	3.43196417029406e-05	
0.0583495954443265	0.173639403380237	0.243846074839947	0.229016170814931	0.156110559530738	0.0843803850411403	0.0354285779497187	0.0129754527714061	0.00457050908966414	0.001323792894884	0.000319536216006482	2.28240154290344e-05	1.71180115717758e-05	
0.0576992077820746	0.167134631484825	0.238468416646258	0.22899711247672	0.160157874053866	0.0888183935802441	0.0387110369454902	0.0137655695596954	0.00473280442867476	0.00125296868147828	0.00023920311191858	1.70859365656128e-05	5.69531218853761e-06	
0.0533101599418393	0.161782079243911	0.237413667757179	0.227922800799709	0.163167938931298	0.0919835968738641	0.042183524173028	0.0154375681570338	0.00501522173754998	0.00144265721555798	0.000306706652126499	1.70392584514722e-05	1.70392584514722e-05	
0.0507064213446014	0.156745886034832	0.233212254051825	0.227150757828256	0.166377620481417	0.095356995576746	0.0452776255656172	0.0176421740039205	0.00527062066783792	0.00172297888927177	0.000446279777876951	3.95437777865653e-05	3.38946666741988e-05	1.69473333370994e-05	
0.0489927850579057	0.151158395902319	0.229095565546536	0.227696577556397	0.170151914300703	0.0982958295491084	0.0461271161103621	0.0194222405243949	0.00665083403376751	0.00167540093980403	0.000626159947199486	8.46162090810116e-05	1.69232418162023e-05	5.64108060540077e-06	
0.0457693414836514	0.147462056431357	0.225420638817865	0.228017000524917	0.171997674562993	0.102725615365946	0.0480665571679338	0.020584632925253	0.00743914071716026	0.00179487613661378	0.00049669528308809	0.00020883778948022	1.1288529161093e-05	5.64426458054648e-06	
0.0440779119682756	0.137287973059111	0.223339745144604	0.231451344506056	0.175809608691483	0.106127698460601	0.050880824923707	0.0201831032790492	0.0077844277599463	0.00227327854149156	0.000564088968112051	0.000146663131709133	5.64088968112051e-05	1.69226690433615e-05	
0.0404595235407023	0.132776335102179	0.218070452749238	0.230224681043243	0.179993225697189	0.110076775431862	0.0548154002483911	0.0218019645478153	0.00801625832674721	0.00272101162921983	0.000795980580331941	0.000220164841368409	1.12905046855594e-05	5.64525234277972e-06	1.12905046855594e-05	
0.0381949356344603	0.128844249540246	0.21307115575046	0.230114584806903	0.180636582260574	0.113413495543924	0.0569868439666148	0.0249313905785825	0.00903663884566417	0.00340076389871269	0.00100721459895318	0.000277266940161267	7.35606167774791e-05	0	1.1317017965766e-05	
0.0378863126826915	0.124085478332435	0.207418338678094	0.228674404745012	0.183137043448648	0.117092828560888	0.0608167551153617	0.0259329681868491	0.00964327269631353	0.00370633141300338	0.00128841842381588	0.000244061639753668	5.67585208729461e-05	0	1.13517041745892e-05	5.67585208729461e-06	
0.0360850703387017	0.120199626844316	0.203993681535662	0.223939196227236	0.18603413344322	0.121063837093506	0.0642033812941405	0.0282327758891064	0.0108569989583691	0.00374300333092957	0.00129345375044355	0.000240376360701899	7.44022068839211e-05	1.71697400501356e-05	1.14464933667571e-05	1.14464933667571e-05	
0.0341633916261935	0.117598265515683	0.198167121453946	0.224819372221936	0.186886108679858	0.122580903510729	0.0667078549486005	0.0314747121110711	0.011286733368801	0.00444490209202149	0.00124136905272672	0.000343235682781582	0.00018877962552987	8.00883259823691e-05	1.14411894260527e-05	5.72059471302637e-06	
0.0322530837722383	0.112422584020999	0.196303476356317	0.222917989100288	0.190121635299971	0.125855650294224	0.0680803124660456	0.0319785894422618	0.0130842297288797	0.00483796256583575	0.0014353766005021	0.000428897390588276	0.000182996219984331	9.72167418666758e-05	
0.0317661934593942	0.107368239553997	0.192982355307776	0.221593195011208	0.189740789700557	0.130685671590321	0.0714926145180757	0.0331973101902408	0.0137249267199264	0.00512098396459567	0.0015748031496063	0.000551755848037244	0.000132191505258923	6.89694810046554e-05	
0.0296153330340119	0.105539973994017	0.186036070181167	0.219558131534295	0.192222695176065	0.132257330946536	0.0760062740890617	0.0363792208700925	0.0150904669998076	0.00508457775263996	0.0015335366386976	0.000478136898757427	0.000139942506953393	5.83093778972472e-05	
0.0271694154671018	0.102127163587622	0.183314878489422	0.21784486275424	0.194422751908619	0.133789847893234	0.0780989568156653	0.0378110612506556	0.0168832682557259	0.00561804300949939	0.00209802436039396	0.000600268080890495	0.000186491054257241	3.49670726732327e-05	
0.025556283488149	0.0975806640305108	0.181239617211446	0.213411638082314	0.196869369896348	0.137041109993215	0.082196588595896	0.0390041882121716	0.0180455789793865	0.00604833992372306	0.00222864362760008	0.000567397458995297	0.000193032125225204	1.75483750204731e-05	
0.0232709605872309	0.0941341454112318	0.17556490462192	0.215535097138364	0.197492181403181	0.140013026105019	0.0841005239780082	0.0422937680062431	0.0177377997617748	0.00648371443491935	0.00250547155086929	0.00063957002118209	0.000217101750309517	1.17352297464604e-05	
0.0224100034767031	0.0890094931673944	0.172762682600574	0.215732376356062	0.196510332879594	0.143499449030943	0.0854031502466102	0.0444900147907202	0.0193222196687114	0.00731286203381241	0.0024690485029552	0.000771945951997926	0.000276957707968721	2.94635859541193e-05	
0.0223058190887811	0.0863104889827061	0.165958124259273	0.210198293601892	0.19992098916844	0.147254963236378	0.0873836211725443	0.047565699864974	0.0211029676232481	0.00774777855740373	0.00311915894738704	0.000878553276296161	0.000235853228535882	1.76889921401912e-05	
0.0209341659399891	0.0832743212636581	0.161673562787867	0.208879316903593	0.199135009861356	0.150068180887112	0.0919534848334104	0.0489205180576933	0.022215849568968	0.00837483686332805	0.00325395478407435	0.000924684992596668	0.000362851073044262	2.92621833100211e-05	
0.0193877610734956	0.0806526179036874	0.159210210614404	0.205002311550143	0.199343402718851	0.152767130342168	0.0947911119433992	0.0514744178697456	0.0236304796905449	0.00869025813285269	0.00349951135585583	0.00120551728980987	0.000257489129862302	8.19283595016415e-05	5.85202567868868e-06	
0.0186187001126797	0.0776900069023698	0.156011256172311	0.20206245169816	0.199071424778918	0.154919855817164	0.0981316405812149	0.0540213678491154	0.0247423410242645	0.00961022258667784	0.00341578813854295	0.00132147934893544	0.0002713752234421	0.000106190304825169	5.89946137917608e-06	
0.0172844611158697	0.0753522166760197	0.15452048320879	0.200992409250672	0.195345128038515	0.154715420740172	0.102466255131878	0.0572466550491774	0.0265646690492365	0.0104498331216587	0.00373334908586112	0.00105148122987861	0.000224473520985321	4.72575833653307e-05	5.90719792066633e-06	
0.0166901587039473	0.0726818077270127	0.149810392720024	0.198742635393752	0.197120800184005	0.154540253949906	0.105472366876817	0.0601612399077618	0.0277068429650686	0.011453105372108	0.00433472319696157	0.000949510795524914	0.000235903303236004	0.000100258903875302	
0.0153415019527174	0.0664102793429329	0.144077750946546	0.198193363742062	0.201013624303133	0.158000178874877	0.108308738037743	0.0597859463971619	0.0294428047580717	0.0128491786661897	0.00500253406075783	0.0010851742539427	0.00038159973765018	0.000107324926214113	
0.0153673975306265	0.0626729885195793	0.138270475823726	0.194276637223519	0.203939926352018	0.161375725047534	0.110484006835303	0.06243832583215	0.0298502972394041	0.0134239091193531	0.00559580254639101	0.0017870466196539	0.000379070495078101	0.0001263568316927	1.20339839707334e-05	
0.0147512678750835	0.0641367319805322	0.133814213436167	0.188565962592421	0.201349993683185	0.165229841838975	0.111627151477232	0.0662603851452567	0.0321435661731529	0.0140534101778936	0.00559489360678125	0.00196122076968891	0.00039705696564254	8.42242048332662e-05	1.20320292618952e-05	1.80480438928427e-05	
0.0144618359823533	0.0624644950746359	0.131927237565722	0.184547047803227	0.197389254849822	0.16862271106545	0.115416691847465	0.0677041155496465	0.0343445941862573	0.014848613041639	0.00577143893152837	0.00180697407385024	0.000525775064966459	0.000114824439475434	4.83471324107089e-05	6.04339155133861e-06	
0.0131758651805965	0.0600992610296808	0.128313781918396	0.184827939419067	0.197077043143185	0.169103480233154	0.116875594468697	0.0696168573031242	0.0353998487915518	0.0164378216228081	0.00573128795453991	0.00232300075604224	0.000798722044728434	0.000164622100821891	5.4874033607297e-05	
0.0126072696784376	0.0567049713947524	0.125073979088578	0.183813375419215	0.196432974945749	0.168968238311304	0.11983995857171	0.0724625172617873	0.0365456697573486	0.0172247977904912	0.00675675675675676	0.00231801144209903	0.000887749062931545	0.000277421582166108	8.01440126257644e-05	6.16492404813573e-06	
0.0122832011892963	0.054837710604559	0.122255946481665	0.180853567888999	0.196964816650149	0.168898662041625	0.12312314172448	0.0739903369672943	0.0372212586719524	0.0179819127849356	0.00766228939544103	0.00265733399405352	0.000922943508424182	0.0002601585728444	3.09712586719524e-05	5.57482656095144e-05	
0.0110583632376396	0.0511301335725678	0.119903807814992	0.178977272727273	0.195424641148325	0.171688098086124	0.124028110047847	0.0771531100478469	0.0394736842105263	0.0178802830940989	0.00837943580542265	0.00352621610845295	0.000890899122807017	0.000280352870813397	9.3450956937799e-05	2.49202551834131e-05	8.72208931419458e-05	
0.0107587379581528	0.0484049436432175	0.113988859923857	0.174334064752474	0.195513962603852	0.175828160262061	0.127817057694592	0.0787682151497534	0.0414845933122034	0.0201671636565956	0.00761426079780949	0.00382588473584516	0.00104399142301657	0.000306320836693485	7.50173477616699e-05	3.12572282340291e-05	3.75086738808349e-05	
0.00996508175599554	0.0469933586869246	0.110935447930736	0.170414724170769	0.193979870659339	0.177684690123926	0.131562731465633	0.0795588226140756	0.0440119257318204	0.0210629835492123	0.00844013170589004	0.00351672154412085	0.0012137357541656	0.000510391445341433	0.000112037146538363	1.24485718375959e-05	2.48971436751919e-05	
0.00979263385948623	0.0440111420612813	0.107644692045806	0.167254719900959	0.193178582482204	0.179572887650882	0.133457134014237	0.0830269266480966	0.0453481894150418	0.0222098421541318	0.0088331785824822	0.00367069018879604	0.00126895697926339	0.000575673166202414	0.000136180748994119	1.85701021355617e-05	
0.0102164683554444	0.0439468349282444	0.104136498918583	0.164652744828606	0.188665758810009	0.182713341179515	0.135691706667817	0.0851454521927203	0.0464547375945085	0.0230394301453598	0.00961876182318978	0.0037649349609026	0.00119541306450917	0.000560734994176983	0.000166371921349215	3.08096150646694e-05	
0.009271334886797	0.0436679873168139	0.101230615183974	0.161055448763513	0.191527236091452	0.176445864675596	0.139193641100446	0.0887143130867982	0.0487548597247032	0.0234873817132191	0.0103468097336655	0.00384451353305849	0.00157612693075549	0.000636631662226727	0.000234873817132191	1.23617798490627e-05	
0.00821808101031881	0.0417680579085169	0.0993192669028184	0.159322347143077	0.190845525951024	0.178308948097952	0.138610811643308	0.0901771138148776	0.0507685199445557	0.0253935006930541	0.0103742491914369	0.00429385492068381	0.0016633297397197	0.000702294778992761	0.000209456337594332	2.46419220699215e-05	
0.00782304252924313	0.0392271480719123	0.0953067963459302	0.155720833048313	0.19007257146766	0.1783691008476	0.143793491576859	0.0912522464818074	0.0534491657701468	0.0266841617591274	0.011628847002929	0.00413539211601485	0.00161062640307947	0.000684049823701705	0.000192777677588662	4.97490780873967e-05	
0.00717077505266232	0.0374259775928814	0.0932449310574097	0.149790904176324	0.187881762991593	0.179983968284544	0.144316508317229	0.0970726584685362	0.0558375949941279	0.0278442313786654	0.011874654354972	0.00483437000950718	0.00170880687996719	0.000677308908786996	0.000229912198395586	0.000105635334397972	
0.00646353294486223	0.036334200493107	0.0902484690819435	0.147722006290513	0.184810079650994	0.180496938163887	0.144774486964797	0.0998757963554572	0.0584004300782916	0.0290117468223023	0.0130877273204763	0.00545013007396605	0.00211331574296643	0.000809486439557316	0.000346040004696257	4.32550005870322e-05	1.23585715962949e-05	
0.00653497236160595	0.0337318982509156	0.0867391669309258	0.145808850503958	0.182761600974961	0.182612372300671	0.145516611016807	0.100760444452735	0.0601391557387752	0.0312136643722758	0.0141394168889552	0.00608728633873665	0.00254932318578348	0.000920243491453549	0.00029845734857953	0.000167882258575985	1.86535842862206e-05	
0.00598321462369876	0.0324625193006923	0.0848607859740001	0.143908452458037	0.178643472630373	0.179066842655775	0.151286297753648	0.101565223888031	0.0619552223937839	0.0332594511132141	0.0158639238930119	0.00714748219355481	0.00264606265876376	0.00095880858694028	0.000317527519051651	3.7356178711959e-05	3.7356178711959e-05	
0.00615275284260922	0.0320229902254139	0.0804159186116098	0.141507081587872	0.178261520047876	0.177638140833832	0.151038549770596	0.107408238579693	0.063603381208857	0.0342858567723918	0.0161330540594454	0.00741197885497706	0.0028613105924596	0.000791691601835228	0.000299222022740874	0.000149611011370437	1.87013764213046e-05	
0.00559790676025864	0.0319898357108713	0.0800563564545752	0.135915918182504	0.178126651068005	0.177315269076911	0.151652954939995	0.108266032656553	0.0684957355272096	0.0345686466903163	0.0160200769869424	0.00724582987395275	0.00310086295821068	0.00118876896369537	0.000194983269177548	0.000194983269177548	6.91876116436461e-05	
