# <P(N_2)> as a function of N_tot.
# number_of_species: 2
# species_total_upper_bound: 100
# species_total_lower_bound: 0
# volume: 512
# Bin widths for each species index 
1	1	1	1	1	1	1	1	1	1	1	1	1	1	1	1	1	1	1	1	1	1	1	1	1	1	1	1	1	1	1	1	1	1	1	1	1	1	1	1	1	1	1	1	1	1	1	1	1	1	1	1	1	1	1	1	1	1	1	1	1	1	1	1	1	1	1	1	1	1	1	1	1	1	1	1	1	1	1	1	1	1	1	1	1	1	1	1	1	1	1	1	1	1	1	1	1	1	1	1	1	
# Bin lower bound for each species index 
0	0	0	0	0	0	0	0	0	0	0	0	0	0	0	0	0	0	0	0	0	0	0	0	0	0	0	0	0	0	0	0	0	0	0	0	0	0	0	0	0	0	0	0	0	0	0	0	0	0	0	0	0	0	0	0	0	0	0	0	0	0	0	0	0	0	0	0	0	0	0	0	0	0	0	0	0	0	0	0	0	0	0	0	0	0	0	0	0	0	0	0	0	0	0	0	0	0	0	0	0	
# Bin upper bound for each species index 
0	1	2	3	3	4	4	5	6	5	6	6	6	6	7	7	7	7	8	8	8	9	9	9	9	9	9	9	8	9	9	10	10	10	10	10	11	11	11	10	10	10	11	11	11	11	11	11	11	12	13	13	13	13	13	13	13	12	13	13	13	13	14	14	15	15	15	13	13	13	14	14	14	14	14	14	14	15	15	16	16	16	16	16	15	16	16	16	16	16	17	18	15	15	15	16	16	16	16	16	16	
# Normalized histogram for each species index 
1	
0.949857494744716	0.0501425052552843	
0.902177220828698	0.0952496882377241	0.00257309093357748	
0.857721837210535	0.134939304082216	0.00723281704839509	0.000106041658853638	
0.814800627886603	0.171420030514357	0.0133173557847224	0.000461985814317937	
0.774369120376862	0.202799964495534	0.0215290847180289	0.00125166105584621	5.01693537286764e-05	
0.735945133456731	0.231569313552077	0.0303111209235817	0.00206019094953623	0.000114241118073972	
0.699733591730934	0.256580849704869	0.0398738512508851	0.00364078449717206	0.000159356610536299	1.15662056034411e-05	
0.662678316001083	0.28014845169521	0.0513833584618755	0.00551152691331297	0.000264171853455497	1.28864318758779e-05	1.28864318758779e-06	
0.627574245578461	0.299967319336402	0.0641312990692444	0.00774171467979383	0.00056612173161198	1.92996044867721e-05	
0.596697852330693	0.315619155903454	0.0758346688205954	0.0108360964843459	0.000940200181609119	6.04506272717217e-05	1.15756520307552e-05	
0.569913326138283	0.327573875303461	0.0869443169786943	0.0139495953425297	0.00152275285003448	8.45973805574711e-05	1.15360064396552e-05	
0.541241274149993	0.339745615168428	0.0987631263519711	0.0177810980531616	0.00232433490378379	0.000125363137353226	1.91882353091672e-05	
0.51349201391589	0.350667429856443	0.110548209074904	0.0219561539824611	0.00305700849154861	0.000266436519905613	1.27481588471585e-05	
0.48776027909422	0.358808081890777	0.12290634673935	0.0259915424447286	0.00409224196672613	0.000415987178407458	2.42446515022752e-05	1.27603428959343e-06	
0.462677708554158	0.365105449517172	0.135518579805852	0.0309027963122536	0.00511678626169578	0.000660886452081919	1.39802903325021e-05	3.81280645431877e-06	
0.439195705692749	0.370323088246491	0.146892210857592	0.0362998401055811	0.0063957767569351	0.000828659171087028	6.34501662394355e-05	1.26900332478871e-06	
0.417264720480536	0.374359318497209	0.157567132279205	0.0417253324959736	0.00795154118087983	0.00101293518227769	0.000117753714939781	1.26616897784711e-06	
0.397128250194762	0.375568661765096	0.169166063755775	0.0471103838301193	0.00937005597285828	0.0014457234993832	0.000193184013454698	1.26264061081502e-05	5.05056244326009e-06	
0.375741442666589	0.376871140252333	0.179960322202835	0.0539009162124184	0.0112567193733072	0.00199772802467722	0.000237764859360199	2.39022874489089e-05	1.00641210311195e-05	
0.355352628202709	0.376610945498912	0.190368916896218	0.0613398236544533	0.0134749632089355	0.00237852659648064	0.000433945888834384	2.89297259222922e-05	1.132032753481e-05	
0.339506469402772	0.374306217555003	0.198997666109534	0.0672150339969202	0.0165091775248624	0.00296098129600457	0.000467789530111738	2.78145126012385e-05	5.05718410931609e-06	3.79288808198707e-06	
0.322208887500616	0.37447312744467	0.207233376878436	0.0731519783092276	0.0187012093566749	0.00356875931867301	0.000584254714821733	6.70248915271685e-05	5.05848237940894e-06	6.32310297426118e-06	
0.306138101256676	0.371512384844839	0.215551698914971	0.0799490889637398	0.0215421125291097	0.00448514059483258	0.000714985668594001	8.62039458588512e-05	1.77478712062341e-05	2.53541017231915e-06	
0.290650686153109	0.368221913075383	0.224099185177258	0.0865628137118514	0.0242140960767228	0.00517990817319697	0.000912153037877282	0.000135039416222056	2.03833081089895e-05	3.82187027043554e-06	
0.275068694412177	0.364052423813385	0.232246847428503	0.0944627601300428	0.0265029523981404	0.00631022676146199	0.00118070506775392	0.000171577162698362	2.54188389182759e-06	1.27094194591379e-06	
0.261317861204762	0.360101028671704	0.238517941845117	0.100705349523956	0.0306230481800765	0.00718282411146627	0.00135922108517067	0.000166098845296043	2.0286881868219e-05	6.33965058381842e-06	
0.248242945357161	0.355554763181253	0.244050719313147	0.107594525655736	0.0341286931894155	0.00860858081941974	0.00155361961533906	0.000241957153208543	2.03753392175615e-05	3.82037610329278e-06	
0.237578328549067	0.348444136257259	0.249677508170643	0.114030816452437	0.0382923993901973	0.00974613647140402	0.00194387367497922	0.000256208923718573	3.0592110294755e-05	
0.225523694444727	0.344035264969589	0.253413025598327	0.120268218880416	0.042657108333418	0.0114283683478367	0.00225292690108953	0.000365545322542977	5.45779474630139e-05	1.26925459216311e-06	
0.213485065307253	0.338489335615892	0.258838906244267	0.127258993269994	0.0453993908958285	0.0131209186920582	0.00287976961843053	0.000450438481617428	6.19985550540842e-05	1.51833196050819e-05	
0.202138489652163	0.333188322404821	0.262253950388558	0.13428855067057	0.0493648394868131	0.0145002497644626	0.0034941732163972	0.000643696766972918	0.000118875237908555	6.32315095258269e-06	2.52926038103308e-06	
0.19216665149262	0.325817122393858	0.265420624563746	0.141898829575228	0.0532798701101636	0.0162387585606911	0.00410457952717672	0.000857333616582198	0.000187146571171335	2.65545810445813e-05	2.52900771853156e-06	
0.181858015396714	0.317852615529178	0.269560272982046	0.148717974695086	0.0582220708188068	0.0177357281526349	0.00475401095929964	0.00104096883552059	0.000203888056592233	4.17907196741844e-05	1.26638544467225e-05	
0.171852641869973	0.312550072688721	0.270654706356613	0.155277074167889	0.0630100113635642	0.0196367468464522	0.0054773649227722	0.00118460395756756	0.000248855708127805	9.14163825775611e-05	1.65057357431708e-05	
0.164762253462396	0.302786443832524	0.274616892577365	0.159907143964993	0.0682512198160678	0.0218702405561192	0.0060742899132208	0.00139843426214794	0.000235191216815791	8.26347518541967e-05	1.52556464961594e-05	
0.157115083704995	0.296180342917382	0.274664931751369	0.166327789498076	0.0723686304566757	0.024884236418707	0.0065466740171395	0.00153927049527842	0.00030428920460839	4.96538869444653e-05	1.78244722364747e-05	1.27317658831962e-06	
0.148301105412379	0.289138925169635	0.276875537574464	0.17175368736262	0.0770144308878341	0.0275442005670415	0.00739957312605524	0.00164378324997611	0.000268866872670511	4.4598770348189e-05	8.91975406963779e-06	6.37125290688414e-06	
0.141230309683678	0.28218106155378	0.277570272409303	0.176153335545967	0.0819883070795782	0.0299790650769741	0.00854374633000587	0.00190712042686819	0.000371467231739386	5.87199060481503e-05	1.02121575735914e-05	6.3825984834946e-06	
0.133754246171599	0.276770782518319	0.276556802217243	0.181704938996509	0.08673589608709	0.0318321171694991	0.00977049339017397	0.00237543608039036	0.000424139525345839	6.87793824885145e-05	6.36846134152912e-06	
0.127423907278114	0.269464078791217	0.276255153088546	0.186405386050759	0.0915923727293657	0.0348648335811565	0.0104708978489631	0.00277290540703835	0.000615635879360807	0.000127197495735704	7.63184974414224e-06	
0.120696954934872	0.261344072720409	0.277479933788516	0.190680657115822	0.0968100653698126	0.0375155900499137	0.0116928562501753	0.0030147139464952	0.000598096802413812	0.000141553827436958	2.55051941327851e-05	
0.114699601439304	0.255552837324037	0.275840188373444	0.194255017685494	0.101304241460506	0.0408499230400701	0.0130857364198852	0.00349887363281449	0.000732648338990653	0.000150352180871125	2.6757591510963e-05	3.82251307299471e-06	
0.108756142775031	0.249086117487036	0.275593468515621	0.19843019028804	0.104787209070688	0.0435440750849172	0.0146436904993015	0.00406917211950957	0.000881844285331821	0.000163680450083173	3.045217675966e-05	1.39572476815108e-05	
0.103484161859712	0.242117824873348	0.274355164157381	0.202465859386728	0.109228334355368	0.0463935756869471	0.0161422061184661	0.0045291814140715	0.00103814944771976	0.000201014231298679	3.43505331966097e-05	1.01779357619584e-05	
0.0987241112226917	0.235689157306023	0.273053468914327	0.205752537039565	0.113066535322047	0.0499062765969664	0.0173002300657531	0.00494966753393247	0.00127091231343046	0.000225854899073484	5.74207370525808e-05	3.82804913683872e-06	
0.0942240661558218	0.228801284937774	0.270316731516511	0.209352745951535	0.118174249159389	0.0527586520982228	0.0190457130468138	0.0055330836838817	0.00140989078798655	0.000309175322934266	6.67100281849869e-05	7.69731094442157e-06	
0.0884685092886271	0.221288410841537	0.269818140626931	0.21191096511101	0.122613481896445	0.0567216398237014	0.0208054434238168	0.00628552745396878	0.00163863945298019	0.00035527453968777	9.01058615150142e-05	3.8616797792149e-06	
0.0834937284435431	0.213727668479454	0.26657538139589	0.215940475113999	0.127986255538475	0.0601268520791082	0.0224716778835596	0.00718483975559661	0.00194282614031235	0.000434035627091057	0.000105925361373413	1.03341815974061e-05	
0.0798205040942186	0.208012344533135	0.263378400676526	0.217562083616938	0.131901903760081	0.0639463832683621	0.0243500299073902	0.00819230451910979	0.00228430583916012	0.000460212858115216	7.99249221376565e-05	1.03128931790525e-05	1.28911164738156e-06	
0.0753653511671341	0.20200886983422	0.261185169021045	0.219353182422068	0.135998562342355	0.0671578663620202	0.0267044907547061	0.00893658261076061	0.00259420187537305	0.000550674222926789	0.000124511421034728	1.28362289726524e-05	6.41811448632621e-06	1.28362289726524e-06	
0.0718428067142137	0.194986466598742	0.25863976452911	0.221687918737843	0.140941626272294	0.0696172568876265	0.0288330914816759	0.00978341412207848	0.00284175697510472	0.000647081828192699	0.000141508948511326	2.44424547428654e-05	1.02915598917328e-05	2.5728899729332e-06	
0.068487575695913	0.188462539055356	0.255986770762768	0.223822930162712	0.1446960701232	0.0723499669011491	0.0309506453631987	0.0108775445546595	0.00327768776836471	0.000803645252439913	0.000226669173765104	4.50762561464695e-05	7.72735819653763e-06	5.15157213102509e-06	
0.0652811695024131	0.181863237938798	0.251450485254419	0.22536814068838	0.14906881871863	0.0772480751381614	0.0327442138286245	0.0119154129264723	0.00375253118849035	0.00105560054015852	0.000196959612980797	4.11941674208203e-05	1.15858595871057e-05	2.57463546380127e-06	
0.0619882950112727	0.176937651909891	0.247295712743735	0.225947438854247	0.154014303796485	0.0808050609451481	0.0350178991590113	0.0123986943838315	0.00412340713015523	0.0011906888134786	0.00023296085481103	3.36499012504821e-05	1.03538157693791e-05	3.88268091351717e-06	
0.0586149133784797	0.170901251077002	0.243921678707	0.228164632220788	0.157155908340123	0.08485413198492	0.0369955958242852	0.0134581421370064	0.00442106986771878	0.00117219430355154	0.000298896551903386	2.59910045133379e-05	1.16959520310021e-05	3.89865067700069e-06	
0.0557397829702723	0.164473290350793	0.239457607883661	0.229491107195194	0.161318576630651	0.0886235088641729	0.0397202404037617	0.0144682146975301	0.00501708803265077	0.00130665535273187	0.000324060939073941	4.94550830715251e-05	9.11014688159672e-06	1.30144955451382e-06	
0.0529031653380127	0.160080239938766	0.236266525730413	0.228687730735385	0.163471301594905	0.0923436206384829	0.0426583840582351	0.0160883420377091	0.00535800759181251	0.00169878520585892	0.000359283307905795	6.50875557800353e-05	1.95262667340106e-05	
0.0505873859855017	0.154131544696555	0.23202758148928	0.229525039130781	0.166315283784648	0.0959595102484136	0.0450744822922609	0.0179303178372394	0.00594370128234082	0.0018824549196432	0.000507818976242166	7.8326834381825e-05	3.26361809924271e-05	3.91634171909125e-06	
0.0485553110601188	0.148299419403286	0.229038731740246	0.229057047094007	0.170077683264738	0.0988924443932777	0.0474459239180205	0.0190963727750116	0.0067165018720908	0.00208271737054315	0.000584783080799491	0.000126899236773044	2.48565515328643e-05	1.30823955436128e-06	
0.0455497361679224	0.143878952092171	0.224772649778104	0.229444417590199	0.173184627584594	0.102716183573301	0.049764256011831	0.0206284154790195	0.00724280781606613	0.00203671309257704	0.00057351959438186	0.000180286341741906	2.48220325586682e-05	2.61284553249139e-06	
0.0436080191525492	0.137679147883589	0.220120081374876	0.231042612336817	0.175800488197124	0.10688076443381	0.0522772323680167	0.0219740835877927	0.00753277997375256	0.00223376900951763	0.000649018066942695	0.000162906141300877	3.25812282601754e-05	6.51624565203509e-06	
0.0408499861253874	0.133744751422962	0.215847282855799	0.229407925335043	0.180267043951907	0.110206112906777	0.0549903659380215	0.022831228691396	0.00845765116488121	0.00248831080174416	0.000677445872726159	0.000192811517622061	3.12667325873612e-05	5.21112209789353e-06	2.60556104894677e-06	
0.038835848074922	0.129484911550468	0.211737773152966	0.22843912591051	0.181778095733611	0.114196149843913	0.0575117065556712	0.0246097814776275	0.00927939646201873	0.00310093652445369	0.000780437044745057	0.000178199791883455	6.11342351716962e-05	2.60145681581686e-06	3.90218522372529e-06	
0.0373295719226655	0.124552052944284	0.208188355068145	0.227853783835129	0.183027848839176	0.11747338342186	0.0607399291612557	0.0261025938639386	0.00993355939966637	0.00345345384421202	0.00103707713407573	0.000255040298969689	4.55429105303016e-05	3.90367804545443e-06	2.60245203030295e-06	1.30122601515148e-06	
0.0353288063135835	0.120352359287171	0.203891178852164	0.224881515657724	0.186075686084189	0.12065715477986	0.0643890289320254	0.0283708353881956	0.0107528710296463	0.00370856318358238	0.00122572264656673	0.00028778973558664	5.10172713085407e-05	2.22382977498767e-05	2.61627032351491e-06	2.61627032351491e-06	
0.0333566837525518	0.116894115432972	0.198604463937979	0.225240931890835	0.187074758806724	0.124105735577413	0.0667774069010944	0.0306448113713056	0.0115885168214503	0.00404363043256652	0.00119714462709468	0.000342414729583849	0.000100633336557085	2.4831602527073e-05	2.61385289758663e-06	1.30692644879331e-06	
0.0320448588729483	0.112591212910679	0.195163865606757	0.223799251042293	0.189639025438104	0.126309005961012	0.0692491168507625	0.0321483350164579	0.0127314951254877	0.00447698048754291	0.00131899337359734	0.000382468783605187	0.000111335091117948	3.40554396360783e-05	
0.0305704533733661	0.109105391690495	0.192353974775702	0.221992722195467	0.190078512629865	0.129717089455582	0.0717466074749063	0.0337080715917606	0.013752504779914	0.00496166226840218	0.0014552984542867	0.000423860595793151	0.000102356428705467	3.14942857555282e-05	
0.0289048476332082	0.105649931056644	0.187698450848721	0.220720145288081	0.190853909885042	0.13282296373461	0.0752029120830639	0.0357083123166943	0.0149331177015194	0.00526261031266174	0.00163435920871202	0.000460939341699602	0.000113259381103331	3.42412082405419e-05	
0.0279067124134978	0.102631676332359	0.183284255935546	0.218405874485216	0.19218162690252	0.135230258462547	0.0781639061731789	0.0372904518468785	0.0162708755161057	0.00595669206003479	0.00192300575712239	0.000568310979768129	0.000144060225104014	3.96496032396369e-05	2.64330688264246e-06	
0.0260559444634263	0.0985782128601812	0.180971943011974	0.21578692263073	0.194754113991943	0.137229739930553	0.0808177924688719	0.0392792535087789	0.0172558554692984	0.00628123733621505	0.00216658323467169	0.000629050755787929	0.00015891808567274	3.31079345151542e-05	1.32431738060617e-06	
0.0241462610009684	0.0951563813598102	0.176598133426981	0.216190977875682	0.196161766114357	0.139353137736913	0.08276665708904	0.0417092338962849	0.0176893443582458	0.00682405899818025	0.00251146654747842	0.000695708159073737	0.000159627111068544	2.6604518511424e-05	1.06418074045696e-05	
0.0232470020653328	0.0904690493598536	0.173776143537963	0.213964745248934	0.196440102679596	0.14342722503589	0.0849107957668682	0.0437682451075094	0.0189655724494207	0.00735941594308861	0.00259100539548188	0.000857886956382519	0.000174779457676687	3.8691635668885e-05	9.33936033386879e-06	
0.0225008263052958	0.0866061242549925	0.167769295561408	0.211626115512149	0.197717531532876	0.146313345630178	0.0893782452474118	0.0460012154684351	0.0202884605132689	0.00784057105692444	0.00287874103058929	0.000846296552974166	0.000179921314411831	4.66462666993635e-05	6.66375238562335e-06	
0.0213875743694626	0.0841283573402012	0.163254674794317	0.209579358213299	0.198098852746803	0.148445234706502	0.092262652277164	0.0484363309691917	0.0216055165961677	0.00862865169509883	0.00289703691595802	0.000962135195942022	0.000247178379067978	6.37879687917363e-05	2.65783203298901e-06	
0.0203925139584482	0.0812172672061005	0.159087701921566	0.207048317397938	0.199476009042039	0.150520929018928	0.0944461751056369	0.0509000769478592	0.0230018185255299	0.00922043032224911	0.00325497431965046	0.00109031655124488	0.000222323399338089	9.98458380260877e-05	2.13004454455654e-05	
0.0193287353866081	0.0770585603931178	0.155638048565534	0.204947355067868	0.200255045834808	0.153588334657524	0.0968947168123277	0.052905319241272	0.0243375151057906	0.00993209905392684	0.00354794127269207	0.00122181643376486	0.000228339464670811	7.47778363834234e-05	3.87242366985585e-05	2.67063701369369e-06	
0.0179701820196939	0.0748606611535019	0.152144432840275	0.202997783366725	0.199450370859798	0.156549725052219	0.0991557078306833	0.0549975489151285	0.02581232149708	0.0105409970586982	0.00387244767466644	0.00124419199454367	0.000287736050130014	7.59303465620871e-05	2.66422268638902e-05	1.33211134319451e-05	
0.0172477557297404	0.0718193089722918	0.147342262522416	0.200289480265854	0.200539582701426	0.157286495000612	0.103345519175407	0.0572029501444741	0.0273649313814701	0.0116523788998686	0.00426770538997355	0.00121592354315331	0.000296664059215743	8.7801918871027e-05	2.79369741862359e-05	1.06426568328518e-05	2.66066420821294e-06	
0.0160912374093627	0.0684173996912038	0.14303070510233	0.19784935063551	0.200098047443773	0.160145046272798	0.106669224426069	0.0595598255927807	0.0287761254474414	0.0126595768773221	0.00477714855120248	0.00138412084347445	0.000422296734727046	7.85978149807435e-05	2.53111607565106e-05	7.99299813363494e-06	7.99299813363494e-06	
0.0152360780536349	0.0660438482937908	0.139345189233633	0.194560672239392	0.200503700589513	0.162335010117916	0.109810985888135	0.0617279351601904	0.0296286638363998	0.0132896597692769	0.00524322245977779	0.00160183705698362	0.000516206626336915	0.000117077791540331	1.72955828411853e-05	1.72955828411853e-05	5.32171779728779e-06	
0.0150395315721239	0.0635427514824339	0.135399619561752	0.191503634354211	0.200111315381182	0.164534228815541	0.112087150113706	0.0641312086884444	0.0316930033368047	0.0139250494144652	0.00548075492550637	0.0018224904890438	0.000516726530785743	0.00017932668806189	2.39102250749187e-05	7.9700750249729e-06	1.32834583749548e-06	
0.0143605679476582	0.0615595075239398	0.131334910523432	0.187947896998783	0.199234138425632	0.167762428996591	0.114758492213343	0.0666665782095664	0.033285522270623	0.0144945804546076	0.00575324980329352	0.00195313277454983	0.000632910552622466	0.000210970184207489	3.58251256201396e-05	2.65371300889923e-06	6.63428252224807e-06	
0.0129713603818616	0.0599257491381596	0.12921373640944	0.186096526120392	0.198450013259082	0.167954123574649	0.117157252718112	0.0683903473879608	0.0350914876690533	0.0155290373906126	0.0059387430389817	0.00234420578095996	0.000702731370989128	0.000181649429859454	4.77326968973747e-05	5.30363298859719e-06	
0.0122001072420219	0.0563020614889652	0.125842141867392	0.183881577200983	0.199496705758684	0.168854421609798	0.119108988686498	0.0716716482886403	0.036281781067005	0.0166012773480428	0.00652742900525061	0.00222580285518611	0.000753879559776809	0.000172542856991171	6.37081318121247e-05	1.32725274608593e-05	2.65450549217186e-06	
0.0119139533026277	0.0536287638774261	0.12173397939352	0.180563616517132	0.198147014190251	0.17194031042837	0.12211336226405	0.0739636857378664	0.0378890338382897	0.01747956657171	0.00711509278240728	0.00243071270732941	0.000818668299566039	0.000175714171614174	4.92532147706398e-05	3.59415351028993e-05	1.33116796677405e-06	
0.0109559470191616	0.05184286970658	0.118032939796925	0.178457212909416	0.196610079151454	0.172807344828505	0.124516962929403	0.0760706766516537	0.0401220584708046	0.0185659462196519	0.00774858087039949	0.00296218319430749	0.000968739173307038	0.000234522826000053	4.79705780454654e-05	3.19803853636436e-05	2.39852890227327e-05	
0.0105656863961285	0.04907888716818	0.115112759790367	0.174922734833418	0.196186162032091	0.173900980537315	0.127304449433166	0.0782122234360557	0.042025314429545	0.0197748138899893	0.00818603931486439	0.00327468250252437	0.000993742755348537	0.000318798011447383	0.000101375099874482	2.93454236478763e-05	1.20049460377676e-05	
0.00994739065934286	0.0480415116621593	0.111319338831078	0.171876728597382	0.195014441910464	0.174379904218211	0.130109150719696	0.0807640683668179	0.0440321654068593	0.0206878534669249	0.00875711598980069	0.00336422538177427	0.0011516207329053	0.000403866993136927	0.000111963126810237	2.39920986021937e-05	1.46618380346739e-05	
0.00960375035312805	0.0459159741803432	0.108903357514831	0.1687499000581	0.192994472546626	0.176545368292566	0.131324989739298	0.0838392614426813	0.0452923367215858	0.0218646226993375	0.00943984563640337	0.00373915963519874	0.00118464465990438	0.000439744361944256	0.000111934928494902	3.73116428316339e-05	6.66279336279176e-06	6.66279336279176e-06	
0.00937923289610594	0.0444013337697624	0.106121449689577	0.166178345135546	0.190197909930624	0.178130912748785	0.133679017076617	0.085633234604566	0.0474137586919902	0.0227089470616882	0.010327933854387	0.00387064668673176	0.00134521271924572	0.000425784441304284	0.000146363401698348	2.92726803396695e-05	7.98345827445533e-06	1.33057637907589e-06	1.33057637907589e-06	
0.00889439943866811	0.0434912610831154	0.103188588377878	0.162350364653101	0.191202345261636	0.1769045948417	0.136309030214114	0.087468903489188	0.048986306903957	0.0239203929323212	0.010995407284557	0.00411297867364079	0.00150964257617316	0.000479736769364887	0.000168771661244711	1.72758393400098e-05	
0.0081427712498457	0.0422747199802503	0.100448748322669	0.159562480339886	0.189987377709114	0.178535734621311	0.13723124541264	0.0893859939025442	0.051025378635545	0.0253932354608065	0.0112273352897221	0.00452597391393217	0.00156351826117657	0.000510997054798793	0.000160599074365335	2.38907713931903e-05	
0.00777413425016025	0.0397990644551219	0.0975143960543951	0.157432178293876	0.188086371028834	0.17862894467783	0.140766129673089	0.0907361985940339	0.0532322916611484	0.0270571657122272	0.01192342941298	0.00472010467931365	0.0015826389146408	0.00054167306785614	0.000150979779304645	5.42997451885128e-05	
0.00739050347391983	0.0377770612937411	0.0939623299708503	0.153663802786007	0.186691808208969	0.179882713912329	0.142620992571176	0.0947630889741035	0.05470399665954	0.0280860274160855	0.0125822231501278	0.00530535874267623	0.00177858352867801	0.000539124873477435	0.00017706552217151	7.26761471599483e-05	2.64276898763448e-06	
0.0068204407581314	0.0358119277302195	0.0904215912955674	0.150157790251014	0.185703438693808	0.178967363650504	0.144664791287131	0.0985180634904733	0.0574319603692055	0.0291826280447455	0.0134629225865474	0.00585946253766797	0.00206564179899341	0.000638015718387244	0.000216187144246917	6.45925004152375e-05	1.31821429418852e-05	
0.00654910779413485	0.0345434878894735	0.0879733251672106	0.147447582823279	0.183561647436411	0.179918435153581	0.145102889204026	0.100911197357751	0.0597804872599285	0.0307451893694956	0.0140195329801398	0.00596819154990294	0.00245772257175038	0.000722859579926584	0.000203714972524765	8.41145693005479e-05	1.05143211625685e-05	
0.00640331428616435	0.0325062057540565	0.0851648676215192	0.144062757205698	0.181106941124426	0.179506768899163	0.147797367526349	0.103549126862547	0.0622176890572636	0.0328343788929539	0.0149305651272721	0.00624316579438246	0.00248230162261927	0.000838810543021529	0.000270414666451385	6.95727054462301e-05	1.5752310667071e-05	
0.00632396783810642	0.0314221333637093	0.0817323743946077	0.14055705908	0.178580734025435	0.179835053112165	0.148660379359512	0.106127440390384	0.0646746822631687	0.034902279639835	0.0164344605184082	0.00692494117924324	0.00254922678691371	0.000887712255535436	0.000267099262727476	0.000103435498801327	1.70210314483196e-05	
0.0060554620503826	0.0305501733599025	0.0807596089137031	0.136013076439714	0.176911058433372	0.180807228773415	0.149931718630909	0.107067285681115	0.0671190771979582	0.0359707039474634	0.0174422494414833	0.00714953816607131	0.00284800868964052	0.000961580087289958	0.000250561796278829	0.000136431553994755	2.62368373066837e-05	
