# <P(N_1)> as a function of N_tot.
# number_of_species: 2
# species_total_upper_bound: 100
# species_total_lower_bound: 0
# volume: 512
# Bin widths for each species index 
1	1	1	1	1	1	1	1	1	1	1	1	1	1	1	1	1	1	1	1	1	1	1	1	1	1	1	1	1	1	1	1	1	1	1	1	1	1	1	1	1	1	1	1	1	1	1	1	1	1	1	1	1	1	1	1	1	1	1	1	1	1	1	1	1	1	1	1	1	1	1	1	1	1	1	1	1	1	1	1	1	1	1	1	1	1	1	1	1	1	1	1	1	1	1	1	1	1	1	1	1	
# Bin lower bound for each species index 
0	0	0	0	1	1	2	2	2	4	4	5	6	7	8	9	10	11	10	11	12	13	14	15	16	18	18	19	20	21	22	22	22	23	24	25	25	26	27	29	30	31	31	32	33	35	35	36	37	37	37	38	39	40	41	42	43	45	45	46	47	48	48	49	49	50	51	54	55	56	56	57	58	59	60	61	62	62	63	63	64	65	66	67	70	70	71	71	72	73	73	73	77	78	79	79	80	81	82	83	84	
# Bin upper bound for each species index 
0	1	2	3	4	5	6	7	8	9	10	11	12	13	14	15	16	17	18	19	20	21	22	23	24	25	26	27	28	29	30	31	32	33	34	35	36	37	38	39	40	41	42	43	44	45	46	47	48	49	50	51	52	53	54	55	56	57	58	59	60	61	62	63	64	65	66	67	68	69	70	71	72	73	74	75	76	77	78	79	80	81	82	83	84	85	86	87	88	89	90	91	92	93	94	95	96	97	98	99	100	
# Normalized histogram for each species index 
1	
0.0504204834219095	0.949579516578091	
0.00258215709707403	0.0949907228963225	0.902427120006603	
0.00011818828109471	0.00713606515397605	0.134899387748889	0.85784635881604	
0.000461728439250497	0.0132183188073805	0.171041752420495	0.815278200332874	
5.6959974937611e-05	0.00120149947134023	0.0215273105279834	0.201499471340233	0.775714758685506	
0.000143851417469245	0.00206897409076136	0.0302247811593714	0.230719914186414	0.736842479145984	
1.2439756038613e-05	0.000168825260524034	0.00365551116734671	0.0399795988000967	0.256047498542771	0.700136126473223	
1.78655971129195e-06	1.42924776903356e-05	0.000251904919292165	0.00549724423164533	0.0511652835716902	0.279785970146587	0.663283518093383	
2.48853938735715e-05	0.000645242712579033	0.0077429125509484	0.0640070105709598	0.29918287031688	0.628397078454759	
1.60111579981071e-05	7.47187373244999e-05	0.000955332427220392	0.010862681192938	0.0755833398563977	0.314654835013912	0.597853081614209	
1.06411657042323e-05	9.93175465728352e-05	0.0015039514195315	0.0137661213660419	0.0865853918077212	0.32717860132518	0.570855975369248	
2.29975339567434e-05	0.000118525751930908	0.00235282462788221	0.0174551282731682	0.0981941628720736	0.340068072700512	0.541788288240476	
5.27335304395516e-06	0.000274214358285668	0.00304448249071011	0.0216488720297839	0.110487292976948	0.350452981026476	0.514086883764752	
1.23132995948924e-05	0.000415134100627802	0.00400182236834004	0.0257365551961245	0.122626391622735	0.359536034871264	0.487671748541314	
1.05248386191412e-05	0.000612194779680045	0.00498877350547292	0.0304097670502386	0.135703760875667	0.365622368790345	0.462652610159978	
4.56328486305758e-05	0.000817881056224935	0.00618500609900573	0.036104358814599	0.146832466016691	0.3710459575439	0.438968697620949	
0.000127780763218745	0.000915470399498679	0.00779462655634344	0.0415550043673014	0.157261360672582	0.374717963349676	0.417627793891379	
5.24222577916949e-06	6.98963437222599e-06	0.00017474085930565	0.00136472611117712	0.00924728627445498	0.0470664504539768	0.169524844655376	0.376173384870237	0.396436334915321	
1.04552931664204e-05	1.39403908885605e-05	0.000203878216745198	0.00191157610059386	0.0112969442663172	0.0540329550840606	0.180907937658572	0.377012643934536	0.37460966905512	
1.04541272894539e-05	2.61353182236347e-05	0.000371121518775613	0.00227899974910095	0.0136705137855092	0.0612193694070419	0.191115385687603	0.376381687156756	0.3549263332497	
3.50259016542733e-06	1.75129508271367e-05	0.000402797869024143	0.00298770941110952	0.0168054276137203	0.067058840012189	0.198386706969804	0.374314805798888	0.340022696784272	
3.50271285110318e-06	2.9773059234377e-05	0.000514898789112167	0.00365508086012617	0.0189619360194471	0.0724466098993671	0.207218740914839	0.375639682934433	0.321529774810591	
3.51177850510613e-06	8.4282684122547e-05	0.000695332144011013	0.00449858826504095	0.0217133264970712	0.0798244813103148	0.21500688308587	0.372025523606175	0.306148070628889	
1.41132553458365e-05	0.000123490984276069	0.00088737092986947	0.0050843002383376	0.0239942982448403	0.0863801793441923	0.223705682173018	0.368322445544886	0.291488119285234	
0.000182885761464212	0.00114479452608848	0.00620932330509741	0.0264551288025731	0.0943602603308474	0.231941349943112	0.364042900779199	0.275663356551619	
1.7546660958153e-05	0.000161429280815007	0.00139671421226898	0.00714149100996826	0.0304557394250661	0.100403748668647	0.238646871693551	0.359950448229454	0.261826010819271	
1.23485538079412e-05	0.000238150680581723	0.00158767120387815	0.00851168173190231	0.0339708715256462	0.107499453135474	0.244159134048844	0.355052675402386	0.248968013717479	
2.29573276257885e-05	0.000266658190114928	0.00199375560688579	0.00948844010256628	0.038259269462516	0.113889536403258	0.249668001723566	0.348368616979946	0.238042764203522	
4.39290879091336e-05	0.000361975684371261	0.00222281184820216	0.0113301903535237	0.0428870899439289	0.119850851960731	0.254077058648847	0.343892714624345	0.225333377848142	
6.49022607036107e-05	0.00041747940668809	0.00282412539818414	0.0132874222926987	0.0455210423653892	0.127241759167006	0.258195226000196	0.338635438739282	0.213812604369852	
5.26949978395051e-06	0.000151058993806581	0.000616531474722209	0.00349894785654314	0.0145543584032713	0.0494296644733838	0.133611680021921	0.261923999761116	0.33367877831917	0.202529711196282	
1.75683937568956e-06	2.28389118839643e-05	0.000196766010077231	0.000802875594690129	0.00412505885411909	0.0161435970232114	0.0528914062445099	0.141483545442407	0.265212472154096	0.326515625329407	0.192604057596222	
8.79739597079265e-06	4.57464590481218e-05	0.000181226356998328	0.00101346001583531	0.0047646696577813	0.0177936130905252	0.0577126770475939	0.149186240872702	0.270083575261723	0.317598310899974	0.181611682941849	
1.58836890397251e-05	7.41238821853838e-05	0.000250609315960107	0.00114186075652246	0.00547810786436741	0.0201405177023714	0.0630564806333709	0.155748395306193	0.270647472110889	0.312045660311426	0.171400888427674	
1.23732624404316e-05	8.66128370830211e-05	0.000233324377448138	0.00138227017548821	0.00600987032820962	0.0220915762829306	0.0685690852270317	0.159608015045887	0.274225080249445	0.302784337570881	0.164997454643155	
1.76907236921248e-06	2.12288684305498e-05	5.48412434455869e-05	0.000290127868550847	0.0014453321256466	0.00664994303586971	0.0248820028729735	0.071976478413779	0.166791681114091	0.274115994537105	0.296434611547089	0.15733598930065	
8.85676834236724e-06	1.23994756793141e-05	4.95979027172565e-05	0.000249760867254756	0.00161724589931626	0.00752116767633826	0.0273798136535941	0.0769670882488398	0.171966556842739	0.276338257696532	0.29021858504269	0.147670669925957	
8.87760446721057e-06	1.42041671475369e-05	5.50411476967055e-05	0.000335573448860559	0.00191223600223716	0.00835382580364514	0.029445238496844	0.0821640048649273	0.175902630434204	0.277847713572969	0.282368189767673	0.141592464689328	
8.84821071482925e-06	6.37071171467706e-05	0.000403478408596214	0.00223151874227994	0.00977019427131445	0.0313049695090659	0.086277133038157	0.181756405219736	0.276956073942727	0.27732769879275	0.133899972747511	
8.83111378006994e-06	0.000107739588116853	0.000568723727436504	0.00274471016284574	0.0103694938005581	0.034467837083613	0.0916334028047617	0.186585538168074	0.277579568335158	0.268506482037515	0.127427673178141	
2.12559051561512e-05	0.00012045012921819	0.000573909439216082	0.00308919154936064	0.011531328547212	0.0370437287108825	0.0967072831587692	0.191570616545242	0.27757200880703	0.261293528108278	0.120476699099635	
3.53525533381649e-06	1.94439043359907e-05	0.000136107330351935	0.000825482120446149	0.00343450055680272	0.0128382797447546	0.0405635197002103	0.101930249412264	0.194665299701271	0.276048645113393	0.254978523323847	0.114556413836989	
7.05504700425067e-06	2.645642626594e-05	0.000160502319346703	0.000922447395805775	0.00403372312468032	0.0146692064835882	0.0433620826498757	0.104968516852744	0.199479690283437	0.275815298869429	0.248496393107219	0.108058627440605	
8.86119470171446e-06	3.89892566875436e-05	0.000178996132974632	0.00100131500129373	0.00454933735986021	0.0163666266140666	0.0466577345824073	0.10941803217677	0.203676332457847	0.273812688521917	0.24240152554328	0.101889561158194	
5.51595534567247e-05	0.000211741511656459	0.00124020028255926	0.0050106226623915	0.0174837991053476	0.0500724191556674	0.113625121439985	0.205919509756124	0.273009540823408	0.235173645832963	0.0981982398764426	
5.37521702438736e-06	6.09191262763901e-05	0.000295636936341305	0.00140830686038949	0.00563501918056608	0.0190264765273231	0.0531286450690447	0.118702709288554	0.20992730914844	0.269377209438164	0.228203047031357	0.0942293461765185	
3.59564782786915e-06	0.000107869434836074	0.00035776695887298	0.00162703064211079	0.00630496846616855	0.0209356594777681	0.056881350812976	0.122789575497817	0.211738711463644	0.269305033187829	0.221330102044485	0.088618336365663	
1.44459612703778e-05	0.000128207906274603	0.00039726393493539	0.00199715414562974	0.0072374265964593	0.0226783534493344	0.0601060333557246	0.128249438413256	0.215782934985951	0.266327547725845	0.213666601659841	0.0834145918654792	
1.8044450699854e-06	7.21778027994161e-06	7.39822478694015e-05	0.000467351273126219	0.00234036525577107	0.00827518509095305	0.0247912708165294	0.0645576312688677	0.132175601376431	0.217388715361421	0.262640588826515	0.207601405301821	0.0796788809553454	
1.79737152388347e-06	7.18948609553389e-06	1.07842291433008e-05	9.8855433813591e-05	0.000562577286975527	0.00264393351163259	0.0090587524803727	0.0271654732119748	0.0675757771834469	0.136578667356857	0.218980962240819	0.260590113018721	0.20159319011877	0.075131927069853	
3.60549405183619e-06	1.08164821555086e-05	1.26192291814267e-05	0.000137008773969775	0.000648988929330514	0.00276361119073244	0.00968255427620608	0.029009805141074	0.0701034235968769	0.141539077245907	0.221743292429003	0.259114238276285	0.193683534970588	0.0715474239646373	
7.20646708356079e-06	1.08097006253412e-05	2.7024251563353e-05	0.000230606946673945	0.000832346948151271	0.00307175659436779	0.010534053259395	0.0308869179201415	0.0726682124538561	0.144781526942278	0.224173373185096	0.256316017994548	0.187942859922494	0.0685172874137251	
3.59039998851072e-06	1.61567999482982e-05	4.30847998621286e-05	0.000181315199419791	0.00106096319660492	0.0035832191885337	0.0118088255622118	0.0327929182950627	0.0771953949529747	0.149509641121569	0.225701519277755	0.251381855195578	0.181482153019257	0.065239362991234	
5.40993805620926e-06	1.44265014832247e-05	3.42629410226586e-05	0.000265086964754254	0.00117395655819741	0.00411515954808984	0.0121633440630438	0.0349608230319096	0.0810480853327563	0.154287826737717	0.22639328446356	0.246851866879458	0.176854481682851	0.061831985357101	
5.43563931271777e-06	1.63069179381533e-05	3.26138358763066e-05	0.00032432647899216	0.00114510801521254	0.00442823416009407	0.0134224053428711	0.0366905653608449	0.085453685635236	0.157651658866524	0.228838603185647	0.243598175799447	0.170597539829647	0.0577953409323571	
1.81562673619307e-06	1.27093871533515e-05	5.99156822943712e-05	0.000297762784735663	0.00131088250353139	0.00507830798113201	0.014463282580514	0.0400509101736829	0.0891781384015948	0.161518154451735	0.229716725916619	0.239361335139277	0.163831262913645	0.0551187964573491	
1.81390101179398e-05	6.89282384481714e-05	0.000368221905394179	0.00169055574299199	0.00538365820300455	0.0162144611444264	0.0427101132237012	0.0927774089512387	0.163178535020987	0.229164626028028	0.235997591139456	0.159728495296555	0.0526992660956506	
5.44774073112312e-06	3.45023579637798e-05	7.44524566586827e-05	0.000515719455879656	0.00185586367573594	0.00604517629796963	0.0179975194620538	0.0451890093646663	0.0961653352993624	0.166804373446259	0.229159213854694	0.231912138837488	0.15384238233334	0.0503988654171971	
1.81765965413572e-06	2.72648948120358e-05	0.000129053835443636	0.000559839173473802	0.0020557730688275	0.0066253694393247	0.0190926970070416	0.0478044489037695	0.0991496988137953	0.170325615550442	0.229103275786229	0.228441647672123	0.148381010546061	0.0483024876490026	
3.64036141508129e-06	2.36623491980284e-05	0.000180197890046524	0.000573356922875303	0.00191483010433276	0.00705138006101246	0.0205134365739831	0.0500877327101035	0.103426308163875	0.173559691006123	0.22893686885234	0.224490167383818	0.144342150288681	0.0448965773321975	
9.1150390852876e-06	3.46371485240929e-05	0.000175008750437522	0.000636229728153074	0.00221495449772489	0.00762199568311749	0.0220675096254813	0.0525755454439389	0.107756169058453	0.175643157157858	0.230814665733287	0.220696972348617	0.136896949014117	0.0428570907712052	
3.64920885152099e-06	1.8246044257605e-06	3.28428796636889e-05	0.000197057277982133	0.00066415601097682	0.00248876043673732	0.00843332165586501	0.0227363957494015	0.0552745664739884	0.110246248613301	0.180345726046593	0.22993117592106	0.2161718339464	0.133070225375139	0.0404022157996146	
3.6487095426525e-06	3.6487095426525e-06	7.47985456243763e-05	0.000176962412818646	0.000780823842127635	0.003176201656879	0.00914731482342982	0.0247473724730406	0.0575821096473705	0.113909063212068	0.181875400217828	0.22885435993425	0.211980902654254	0.129633176986129	0.0380542161750943	
1.82754549674514e-06	3.65509099349028e-06	5.48263649023542e-06	6.03090013925897e-05	0.000239408460073614	0.00114769857195595	0.0035180250812344	0.00973167977016788	0.0259968346911996	0.0604606876688195	0.117163941796331	0.183176712684262	0.228594873369373	0.208210430898677	0.124517984875233	0.0371704478582994	
3.66969110375134e-06	3.66969110375134e-06	2.56878377262594e-05	5.50453665562701e-05	0.000293575288300107	0.00131007972403923	0.00376877276355263	0.0108255887560665	0.0281061641636315	0.0641351914202622	0.120426418106256	0.185934073999321	0.225197933963909	0.203480702011908	0.120587884514821	0.0358455427014431	
1.83420274543467e-06	3.66840549086934e-06	2.751304118152e-05	0.00011005216472608	0.000326488088687371	0.00125276047513188	0.00421316370626344	0.0117792500311814	0.0305926675911048	0.0664916837247522	0.123880219223912	0.187000638302555	0.224389027065496	0.198306664025415	0.117722800607488	0.033901569343869	
3.86308491244594e-05	0.000114052983129356	0.000389987619732638	0.00145877444550935	0.00473319879986829	0.0127960088814162	0.0324407154433258	0.0688585687822269	0.12600647158701	0.189911093860086	0.222934951168767	0.195312054480535	0.112864624627718	0.0321408664715502	
3.49571866456188e-05	9.01527445071221e-05	0.000441564462892026	0.00153259665662108	0.00514238614076339	0.0137676119825876	0.0339912643830425	0.0714340909843576	0.130106968991136	0.190586581591913	0.221299229837983	0.192073181950317	0.108753647506449	0.0307457655807861	
3.6868534180818e-05	0.000106918749124372	0.000514316051822412	0.00160931151699271	0.00524086213380328	0.0150939778936269	0.0360389921617496	0.0751122646865806	0.133198640288459	0.191332944984773	0.219345657255359	0.187618440166056	0.105783198271603	0.0289676073058687	
3.69810860235533e-06	3.51320317223756e-05	0.000147924344094213	0.000584301159172141	0.00193965796193537	0.00590772849226263	0.0164177531401565	0.0376411984090737	0.078141034767768	0.135520887841913	0.192048326883216	0.217809351407223	0.183224639757996	0.102986777412692	0.0275915882821731	
1.85597624350408e-06	2.2271714922049e-05	0.000139198218262806	0.000588344469190794	0.00215478841870824	0.00614699331848552	0.017481440237565	0.0391648106904232	0.0810504825538233	0.136900519673348	0.194942464736451	0.215202301410542	0.181202672605791	0.0990293244246474	0.0259725315515961	
1.49147992095156e-05	1.86434990118946e-05	0.000165927141205862	0.000632014616503225	0.002440434020657	0.00674521794250345	0.0176292926656475	0.0420056676236996	0.0825683284238786	0.139041351280808	0.195676572579142	0.216219844140348	0.176391737201238	0.0959077519668892	0.024542302099258	
1.30881731527913e-05	4.30039975020287e-05	0.00019632259729187	0.000824554908625854	0.00249236211609584	0.00732937696556315	0.0189797208105693	0.0439725223153352	0.0845196827426828	0.142997640389354	0.196477785630682	0.21449459084501	0.1739249935494	0.0904897594393775	0.0232445955193574	
7.47262683382933e-06	6.35173280875493e-05	0.000209233551347221	0.00088924259322569	0.00284333451027206	0.00782384029501931	0.0206076366509928	0.0460892941543508	0.0888233788603123	0.146091722758072	0.197363283621683	0.21271019098166	0.167674537210879	0.0862864220502273	0.0225168928070362	
1.85753108113882e-06	8.54464297323855e-05	0.000280487193251961	0.0009714887554356	0.00289403342441427	0.0085947963124293	0.0216996780898636	0.0485317145569138	0.0923081495461123	0.148556048214077	0.198135410300753	0.209856431422739	0.162981634590201	0.0837114957026018	0.0213913279303946	
1.86036474311153e-05	0.00012092370830225	0.000271613252494284	0.00113668285804115	0.00331516997222475	0.0092255487610901	0.0229457387415377	0.050806561134376	0.0954925222639151	0.150797445347135	0.199096234807796	0.206480022473206	0.158808175930973	0.0813500294867812	0.0201347276146961	
1.86765428225112e-06	4.6691357056278e-05	8.96474055480538e-05	0.00026707456236191	0.00129428441760003	0.00363071992469618	0.0100591859642045	0.0244102414690222	0.0535755307406557	0.0974560681021457	0.153580946938074	0.199080740562276	0.204571644152094	0.155431792331785	0.0772088280282613	0.0192947363899363	
1.86477404532893e-05	3.17011587705918e-05	7.27261877678282e-05	0.000318876361751247	0.0012568577065517	0.00406520741881706	0.0108045008186358	0.0260247865766105	0.055439732367629	0.0994931544144796	0.156122612623028	0.198408228874907	0.202721451241753	0.152316608796512	0.0750459666802174	0.0178589410321151	
3.71888916780558e-06	1.48755566712223e-05	3.34700025102502e-05	0.000107847785866362	0.000347716137189821	0.00130347065331585	0.00438828921801058	0.0119320558949042	0.0278079937522662	0.0578194293364572	0.103559906655882	0.157312730687344	0.199202298273506	0.199834509432033	0.147334951050121	0.0718526576111715	0.0171440790635837	
1.11715200714977e-05	9.30960005958144e-06	3.35145602144932e-05	8.93721605719818e-05	0.000452446562895658	0.00145602144931854	0.00484099203098235	0.0129794444030684	0.02922655842705	0.0599501005436806	0.106658225962613	0.159417591420273	0.199841736798987	0.197588813584568	0.143213301556565	0.0680513145155284	0.0161800849035525	
7.43907859572513e-06	2.04574661382441e-05	2.41770054361067e-05	0.000119025257531602	0.00050771711415824	0.00165147544825098	0.00540449059979431	0.0135242448870283	0.029851162634996	0.0621906970602621	0.109843574774828	0.162400665053626	0.200105634916059	0.194517027121021	0.139211197301102	0.0655252640407959	0.0150957502403752	
1.85599002219764e-06	1.11359401331858e-05	1.29919301553835e-05	0.000159615141908997	0.000478845425726991	0.00185970200224204	0.00560323387701468	0.0140424205079473	0.0319991239727095	0.0646404204930994	0.112185316891736	0.164670858729463	0.199455823725492	0.191252347827378	0.135385192169207	0.0633208115873169	0.0149203037884468	
9.31220084554784e-06	1.86244016910957e-06	2.97990427057531e-05	0.000195556217756505	0.000534520328534446	0.0019071387331682	0.00573072840035014	0.0146965153744436	0.0336412567746261	0.0669677611606727	0.115139776134692	0.167876631963198	0.198999869629188	0.18717896187585	0.131464064216937	0.0611308736706833	0.0144953718361798	
5.22381237558465e-05	0.000167908254929507	0.000649245252394092	0.00229288050342626	0.00587119198070174	0.0155968112356742	0.0353260311898912	0.0686912670916611	0.117532047156101	0.168206758493826	0.198514198508602	0.185508771340673	0.128824810123748	0.0597025785111015	0.0130632622335156	
7.46300680812796e-06	6.34355578690877e-05	0.000177246411693039	0.000729508915494508	0.00224076779414042	0.00651707069519774	0.0164186149778815	0.036273944590906	0.0717157639227056	0.119701031947266	0.16855200876157	0.199689538916782	0.183440707343785	0.1256080018359	0.0565509340885896	0.0123139612334111	
2.80242877160206e-05	3.176085941149e-05	0.000183092013078001	0.000874357776739841	0.00243998131714152	0.00720784680056049	0.0173489023820645	0.0380812704343765	0.074964969640355	0.122400747314339	0.172031760859411	0.197100420364316	0.180349369453526	0.121681457262961	0.0534778141055582	0.0117982251284447	
3.36707264833358e-05	1.87059591574088e-05	3.55413223990767e-05	0.000261883428203723	0.000993286431258406	0.00309209504871967	0.00781909092779687	0.0184440757292051	0.0404759544248011	0.0772144582099519	0.125488927007477	0.172259436688746	0.195901898467795	0.178032095684722	0.117804518985613	0.0512805164341204	0.0108438445235499	
1.49645153928746e-05	2.99290307857493e-05	7.10814481161546e-05	0.00033483103191557	0.0010231987399878	0.00343061515381651	0.00818558991990243	0.0200243921600904	0.0424880003292193	0.0794054598034411	0.127991500155257	0.173356428568756	0.195515134736755	0.174254299492329	0.114863879026858	0.0484681947930969	0.0105425010942802	
1.86960618615295e-05	2.80440927922942e-05	0.000112176371169177	0.000463662334165931	0.00115728622922868	0.00335968231651685	0.00895541363167262	0.020694670874527	0.0445938467521201	0.0819093166215468	0.12998623969847	0.174374429770113	0.19486531357035	0.17123162177119	0.110747992042956	0.0476188695613156	0.00988273830000449	
9.35807358440421e-06	9.35807358440421e-06	4.49187532051402e-05	0.00011042526829597	0.000458545605635806	0.00119034695993622	0.00374510104847856	0.00943293817307944	0.0219409393259941	0.0461128433945102	0.0848590112633774	0.13184028388652	0.177148332952772	0.19257043821987	0.167713523164975	0.10800714208176	0.0454914673085057	0.00931502644591595	
1.87437911191918e-06	1.87437911191918e-06	1.12462746715151e-05	2.81156866787877e-05	0.000140578433393938	0.000462971640644037	0.00137954302637251	0.00378624580607674	0.0101535116492662	0.0230023804614721	0.0478135367659463	0.0862795449007516	0.134398605461941	0.179175648066578	0.18942287867144	0.164810406552829	0.105658750538884	0.0442784577608667	0.00919382954396356	
1.68924308771113e-05	0.000182062866119978	0.000540557788067562	0.00156911913480723	0.00411612232372279	0.0107529707216634	0.0240191597704882	0.0494873147228797	0.0880471036050324	0.13695069099427	0.177312339169981	0.189732029738186	0.161482254501364	0.103265306888546	0.0437532729084824	0.00877280243551314	
2.99168312092383e-05	0.000155193561897924	0.000557200981272064	0.00165290492431042	0.00441647220726381	0.0109177735894214	0.0256892089989828	0.0513933764135703	0.0895410758092503	0.137576287919584	0.177969619457907	0.188801382157602	0.159443621731586	0.101305869682283	0.0422556542810985	0.00829444145276132	
6.16537785358909e-05	0.000136385631306668	0.000539937636268863	0.00158992016769828	0.00447270138833099	0.0118711548126379	0.0269931452208046	0.0536985728084417	0.090806674301771	0.14162246588958	0.177086466621952	0.188367239797701	0.157267579267142	0.0976409022376585	0.0399310972317453	0.00791410320842527	
1.86659449167966e-06	8.77299411089438e-05	0.000153060748317732	0.000537579213603741	0.00173033309378704	0.00511260231271058	0.0124221863421281	0.0280175833201116	0.0552735960876179	0.0957282985057911	0.142889674932569	0.179400263189823	0.186332795131922	0.152719161525754	0.0939195684433535	0.0381587911934072	0.00751490942350229	
9.30253326585896e-06	5.76757062483255e-05	0.000213958265114756	0.000662340368529158	0.00200562617211919	0.00577873366475158	0.0134886732354955	0.0292694906676986	0.0581259488583931	0.0983724287798053	0.1445036912452	0.17863096478433	0.184949245378501	0.149757762033757	0.0908727264608698	0.0364454648289822	0.00685596701693805	
9.26444048338145e-06	7.22626357703753e-05	0.000201964802537716	0.00075412545534725	0.00247545849715952	0.00604226808326138	0.0140059811227761	0.0311822537789653	0.0600187512275384	0.100456181049402	0.14497737623634	0.179933963068234	0.182811498282373	0.147117461988001	0.0886569896497671	0.0348380019937076	0.00644619768833681	
1.47772150121727e-05	5.35674044191261e-05	0.000271531325848674	0.000853384166952975	0.0025490695895998	0.00641700561903601	0.0152463915888092	0.0329587309327748	0.0623857074776402	0.102936232622919	0.148322601380931	0.178737804179735	0.180001256063276	0.144498996996531	0.0859054923213897	0.0326151606837417	0.00623229043138385	
1.65747687819755e-05	0.000103131894643403	0.000278087787342033	0.000931870333742178	0.00262433839047945	0.00711057580746749	0.0165324110395327	0.0349377709514286	0.06420328769747	0.106017746052443	0.148837740380188	0.178368453426741	0.178676007469696	0.141732689495648	0.0820009060873601	0.0314183950467224	0.00621001337031348	
2.76435529705762e-05	0.000108731308350933	0.000270906819111647	0.000995167906940743	0.00295048855372617	0.00728315475598114	0.0173398793266768	0.0354445636188728	0.066974800137112	0.106501395077973	0.149418932516558	0.179837898205381	0.178066867911732	0.137340542771948	0.0808924076060315	0.0305663979713318	0.00598022195930132	
