# <P(N_2)> as a function of N_tot.
# number_of_species: 2
# species_total_upper_bound: 100
# species_total_lower_bound: 0
# volume: 512
# Bin widths for each species index 
1	1	1	1	1	1	1	1	1	1	1	1	1	1	1	1	1	1	1	1	1	1	1	1	1	1	1	1	1	1	1	1	1	1	1	1	1	1	1	1	1	1	1	1	1	1	1	1	1	1	1	1	1	1	1	1	1	1	1	1	1	1	1	1	1	1	1	1	1	1	1	1	1	1	1	1	1	1	1	1	1	1	1	1	1	1	1	1	1	1	1	1	1	1	1	1	1	1	1	1	1	
# Bin lower bound for each species index 
0	0	0	0	0	0	0	0	0	0	0	0	0	0	0	0	0	0	0	0	0	0	0	0	0	0	0	0	0	0	0	0	0	0	0	0	0	0	0	0	0	0	0	0	0	0	0	0	0	0	0	0	0	0	0	0	0	0	0	0	0	0	0	0	0	0	0	0	0	0	0	0	0	0	0	0	0	0	0	0	0	0	0	0	0	0	0	0	0	0	0	0	0	0	0	0	0	0	0	0	0	
# Bin upper bound for each species index 
0	1	2	3	3	4	4	5	6	5	6	6	6	6	7	7	7	7	8	8	8	9	9	9	9	9	9	9	8	9	9	10	10	10	10	10	11	11	11	10	10	10	11	11	11	11	11	11	11	12	13	13	13	13	13	13	13	12	13	13	13	13	14	14	15	15	15	13	13	13	14	14	14	14	14	14	14	15	15	16	16	16	16	16	15	16	16	16	16	16	17	18	15	15	15	16	16	16	16	16	16	
# Normalized histogram for each species index 
1	
0.949862280736436	0.0501377192635644	
0.902100484910583	0.0953339767036406	0.00256553838577596	
0.857739107420518	0.134970721540345	0.00718695206272538	0.000103218976411817	
0.814910345832588	0.171354384012612	0.0132768979061927	0.00045837224860733	
0.774509545892398	0.20273243603173	0.0214565447396264	0.00125278323165436	4.86901045916085e-05	
0.736050343676239	0.231477407211356	0.030280024220867	0.00207532374393657	0.000116901147601491	
0.699870070777235	0.256390597753329	0.0399006330761927	0.00366510874339505	0.00016175399190441	1.18356579442251e-05	
0.662874636129939	0.280023319339092	0.0513276063779975	0.00550668782289964	0.000253241691496223	1.3189671432095e-05	1.3189671432095e-06	
0.627897485587449	0.299666526677208	0.0641011294384667	0.00774505944724789	0.000570051120288686	1.97477293402547e-05	
0.596869358344781	0.315456358918486	0.0757830551651903	0.0108754006726564	0.000944771649481823	5.92127078366045e-05	1.18425415673209e-05	
0.569992567161009	0.327543059996251	0.0868855618085788	0.0139532871632118	0.00153244952027382	8.52089125900757e-05	7.86543808523775e-06	
0.541413417581153	0.339671098743606	0.0986272243202812	0.0177854086681801	0.00235639338431442	0.000128150139657499	1.83071628082142e-05	
0.513695937431657	0.35046290992783	0.110552940441353	0.0219205294564844	0.00308259479499703	0.000272070233173302	1.30177145058996e-05	
0.487971680290598	0.35874150838673	0.122759999061916	0.0259914373789937	0.00409369373125461	0.000415623265522031	2.47549907364219e-05	1.30289424928536e-06	
0.462734845339423	0.36520785758771	0.135470728669296	0.0307984741540378	0.00512118538509446	0.00064874403155491	1.4272368694208e-05	3.89246418932946e-06	
0.439095293677186	0.370366579913177	0.147023198029845	0.0362719404497104	0.00636336195896202	0.000817443280966008	6.08872174412082e-05	1.29547271151507e-06	
0.417402450732726	0.37428139104861	0.157622972744224	0.041669950936243	0.00791325910238005	0.000998848675071812	0.000109834589108802	1.29217163657414e-06	
0.396914145925247	0.375749326878586	0.169285041302395	0.04709723237221	0.00932381103364898	0.0014345316118954	0.000181733115253595	1.03110987377926e-05	3.86666202667223e-06	
0.375441743792456	0.37688231045818	0.180249458341793	0.0539383627657852	0.0112276814972641	0.00199700321011198	0.000236453404543504	1.92760927616987e-05	7.71043710467947e-06	
0.35501144912052	0.376681850733297	0.190617249665398	0.0613546861680996	0.0134818054768067	0.00238110850114877	0.000434565158417	2.69996104341923e-05	1.02855658796923e-05	
0.339171373303542	0.374340553624628	0.199176079940417	0.0673255958291956	0.0165352946044356	0.00294811320754717	0.000470663687520689	2.32745779543198e-05	5.17212843429328e-06	3.87909632571996e-06	
0.321983046374067	0.374377047398736	0.207424456485176	0.0732211889273571	0.0187467979071898	0.00358375639771675	0.000592548891752444	6.08074190226307e-05	3.88132461846579e-06	6.46887436410965e-06	
0.306071589806392	0.371421417785366	0.215567254253823	0.0799845881614247	0.0216141954968372	0.00451328168378228	0.000725186680435268	8.43240326087521e-05	1.5567513712385e-05	2.59458561873083e-06	
0.290854824892526	0.368184017034171	0.223913817315553	0.0865556003228461	0.0242173656231542	0.00519604813483386	0.000920554575456137	0.000138213576484916	1.56468199794244e-05	3.91170499485611e-06	
0.275028096610716	0.364250444863003	0.232196374496602	0.0943798973953401	0.0264576417578072	0.00631133125904034	0.00119930903149942	0.000175603816976597	0	1.30076901464146e-06	
0.26131430224308	0.359895401641354	0.238788817418532	0.100679811505041	0.0305701155329341	0.00718854295160899	0.0013697404108443	0.0001660291407084	2.075364258855e-05	6.48551330892186e-06	
0.24826874811962	0.35552626540609	0.24403585843654	0.107666479551236	0.0341040665696792	0.00859732455323477	0.00154467912742561	0.000231832111873321	2.0838841516703e-05	3.90728278438181e-06	
0.237610215474513	0.348524808264204	0.249535660249387	0.114116711013722	0.0382467261438931	0.0097550477383002	0.00193040121041373	0.000249126102154745	3.13038034121146e-05	
0.225580166242252	0.344146914415497	0.253292835429	0.120227612419992	0.0426357746782481	0.0114520420579134	0.00224781548953941	0.000359702420914164	5.5838281946964e-05	1.29856469644102e-06	
0.21373333212493	0.338321449980514	0.258935819537035	0.12726300511802	0.0452452131040992	0.0130973666731834	0.00287815797889351	0.000446677689032056	6.34411790219442e-05	1.55366152706802e-05	
0.202417313337026	0.332958445713339	0.262227634868949	0.134406918294343	0.0493117425673892	0.0144277808551062	0.00347234804756457	0.00064710176063447	0.00012165513099928	6.4710176063447e-06	2.58840704253788e-06	
0.192210964263167	0.325955000362233	0.265309501878435	0.141894269480351	0.0532637156784617	0.0161814474814485	0.0041035778230856	0.00086159610030738	0.000190172112230007	2.71674446042868e-05	2.58737567659874e-06	
0.181911212840731	0.317788909312535	0.269720368765552	0.148626714906196	0.0581244875197706	0.0177646859184358	0.00475659375036432	0.00104795325273549	0.00020337288093878	4.27471660571957e-05	1.29536866839987e-05	
0.172208147521324	0.312623622308862	0.27052325007917	0.1551748752745	0.0628689201185736	0.0195900801046604	0.0054484666940085	0.00119923373636585	0.000253085041765521	9.34467846518848e-05	1.68723361177014e-05	
0.164759309246505	0.303051598672947	0.27468414940519	0.159764674095185	0.0681257842681333	0.0218529901562171	0.00602084107317757	0.00140031643514249	0.000240314044991985	8.44346644566434e-05	1.55879380535342e-05	
0.157002043718136	0.296261075560331	0.274930174047772	0.166295692581082	0.0722287195084669	0.0248368342793064	0.00654223966010014	0.00152725976555132	0.000305712133649539	5.07352051588597e-05	1.82126377493343e-05	1.30090269638102e-06	
0.148277397117627	0.289324131539487	0.276802263828724	0.171842458763745	0.0769365940519827	0.0274608984505165	0.00739467052649117	0.00163096676107964	0.000273346384538487	4.16527824058647e-05	9.1115461512829e-06	6.50824725091636e-06	
0.141178495431218	0.282302228063587	0.277763435139984	0.175967215337756	0.0820294571702758	0.0299057036758877	0.00851039971627655	0.0018945320649226	0.000375516334960571	5.60666750114741e-05	1.04310093044603e-05	6.51938081528769e-06	
0.133854457956689	0.276758795603824	0.276636535084867	0.181719451128309	0.0867191259673538	0.0317539181895038	0.00971971125707225	0.00234245951746114	0.000421408597255642	6.76334785718931e-05	6.50321909345126e-06	
0.127391058658474	0.269500321514169	0.276252768594236	0.186565254385908	0.0915724316214057	0.0348235569209984	0.0104131619457128	0.00275527900285141	0.000594963594203652	0.000123409479147046	7.79428289349762e-06	
0.120574738545022	0.261126734512318	0.277577980599774	0.190882649080463	0.0968682714989651	0.0374939919736676	0.0117021373594382	0.00301671305926747	0.00058745146361383	0.000143280844783861	2.60510626879747e-05	
0.114586072669991	0.25537343939177	0.275561428404046	0.194572533295145	0.101560933696119	0.0409097418405739	0.0130238371109057	0.00349810578938461	0.000731646986838165	0.000151016104044888	2.73391222839884e-05	3.90558889771263e-06	
0.108598399556138	0.248951596490068	0.275317567418665	0.198525818273268	0.105111283090337	0.043700439843352	0.0146238516173609	0.00407305573812144	0.000886686863423	0.000165929705435883	3.11118197692281e-05	1.42595840608962e-05	
0.103286293441061	0.242198903745644	0.274228664048862	0.202435312024353	0.109347277626351	0.0465043731892111	0.0161812550123676	0.00452851574127149	0.00103984287974087	0.000204069165149146	3.50946971912544e-05	1.03984287974087e-05	
0.0986813800008866	0.235549807435066	0.273009358368948	0.205701590844496	0.113216968660285	0.0499925685841458	0.0173282365119802	0.00496731480781316	0.00126073318088066	0.000229461261463285	5.86690725332262e-05	3.91127150221508e-06	
0.0942034594268397	0.228757715492644	0.270249847493982	0.20916479177189	0.118269893016208	0.0529081093845316	0.0191219588988082	0.00557024132027576	0.00138665687129804	0.000291237299364394	6.82177457970653e-05	7.87127836119984e-06	
0.0885228715474052	0.221336153534119	0.269738332428973	0.211820609943052	0.122479862607404	0.0568469768887531	0.0209197085675452	0.00628355134574151	0.00162916642521112	0.000330574593959572	8.82410270728739e-05	3.95109076445704e-06	
0.0834630157271579	0.213754487098971	0.266462612466698	0.216027289494734	0.127992225667198	0.0601400173203673	0.0225098666596151	0.00721770115094502	0.00192903938069771	0.000392683136440863	0.000100484573634699	1.05773235404946e-05	
0.0798951459487128	0.207961414553447	0.263241979614937	0.217473212613093	0.13189209584093	0.0640403901816081	0.0244443975377504	0.00823344406244805	0.00227570758015108	0.000453822265259114	7.65165447239204e-05	1.05540061688166e-05	1.31925077110208e-06	
0.0753706586787012	0.202006188045642	0.261203844208397	0.219146154806246	0.136047665030973	0.0671409521181904	0.0268161782577564	0.00897857832607453	0.00260528545809274	0.000551800248310112	0.000111673859777046	1.31381011502408e-05	6.56905057512038e-06	1.31381011502408e-06	
0.0718645656684819	0.194904096314476	0.258900451869095	0.221485638146599	0.140918115842804	0.0695815207659655	0.0288593201950726	0.00981682975384194	0.00283734819199697	0.000654367541263338	0.00014087993343094	2.3699428053803e-05	1.05330791350235e-05	2.63326978375589e-06	
0.0685466606064199	0.188398579794347	0.256080996515358	0.223948514251461	0.144588265517855	0.0723527590590808	0.030873004894308	0.0108662859250769	0.00325540646470236	0.000801006527939714	0.000231870310719391	4.34756832598858e-05	7.9046696836156e-06	5.26977978907706e-06	
0.0653271295124434	0.181848951096841	0.251450975020973	0.225498704757038	0.149111635851693	0.0771864715263849	0.0326951721086187	0.0118527571488588	0.00374283731300629	0.00102987289893417	0.000198862925497519	4.21431365292757e-05	1.18527571488588e-05	2.63394603307973e-06	
0.0620853369042547	0.177174773134463	0.247178239962738	0.225933992648207	0.153952316555825	0.0807572505669984	0.0349977637634406	0.012360169054191	0.00411652777299949	0.00116178443738141	0.000232886174235908	3.44036393757592e-05	1.05857351925413e-05	3.96965069720298e-06	
0.0585920780128834	0.171090516106906	0.243783614210553	0.228415788676115	0.157025386621577	0.0847789271633395	0.0369380794006535	0.0134802455449124	0.00439593452490143	0.00116046290905321	0.000296429815256432	2.65856336552854e-05	1.19635351448784e-05	3.9878450482928e-06	
0.055751833057332	0.164422713404082	0.23946624352373	0.229579448458741	0.161338331531781	0.0886323821491898	0.0396736439103093	0.014466110404098	0.00498399902023951	0.00130191000047923	0.000322149509321037	5.05854601413198e-05	9.31837423655891e-06	1.33119631950842e-06	
0.052982988579187	0.159976572691212	0.236321646300881	0.228682480100099	0.163393498921811	0.0924074221973751	0.0426643239357879	0.0161315656363975	0.00531240848707505	0.00167318904240875	0.000367382796901206	6.6554854511088e-05	1.99664563533264e-05	
0.0506286202386355	0.154077356324907	0.232106344926995	0.229531804713984	0.166278728345301	0.0959426634279155	0.0450511171022075	0.0179430371299682	0.00595921309024905	0.0018631716627072	0.000503163120946	7.74097109147692e-05	3.33662547046419e-05	4.00395056455703e-06	
0.0486471669730904	0.148284138392111	0.229077051646331	0.228999498579308	0.170179508607722	0.0988106301186696	0.0474116663880996	0.0190486378071202	0.00674979107471168	0.0020618418853418	0.000576299515293331	0.000127026575296674	2.54053150593348e-05	1.33712184522815e-06	
0.0455015926225184	0.143730008747738	0.224855595547335	0.229389728419464	0.173298698523569	0.102787924115043	0.0498126915654444	0.0205818915146942	0.0072359151402643	0.0020273383504838	0.000574278979386056	0.000176290291346417	2.53751176938025e-05	2.67106502040026e-06	
0.0435199872039241	0.137515162016981	0.220080508644016	0.230969169454701	0.175816749530144	0.107113818429015	0.0522999613451875	0.02203857483705	0.00755235061247884	0.00224331205097104	0.000643802567212721	0.000166615571224824	3.33231142449649e-05	6.66462284899298e-06	
0.0407689868442441	0.133676017192817	0.215825545669419	0.229273089191069	0.180370023955893	0.110379643619445	0.0549719803982701	0.0228566936603486	0.00847649577774047	0.00248885478038655	0.00067817295675415	0.000194525052428499	3.19767209471505e-05	5.32945349119175e-06	2.66472674559587e-06	
0.0388355326167926	0.129440246887304	0.211794987762052	0.228220442694477	0.181838618708098	0.114274502500798	0.05752766840481	0.0246368521868682	0.00928886878791104	0.00311136532936043	0.000784824944131106	0.000176918165371927	6.25199531765457e-05	2.66042353942748e-06	3.99063530914122e-06	
0.0373418530011337	0.124671996338069	0.208373474417045	0.227662484897194	0.182841083889099	0.117463899637533	0.0607412217437819	0.0261285188871561	0.00994390006333864	0.0034796331681561	0.0010392326976405	0.000259475513495388	4.52418844043241e-05	3.99193097685212e-06	2.66128731790142e-06	1.33064365895071e-06	
0.0353817753580084	0.120348029734112	0.204057762562876	0.224946764924869	0.185864934627461	0.120692904797105	0.0643085054478229	0.0283358976175549	0.0107419225047019	0.00373748324080968	0.00121909324592934	0.000284722435726918	5.21322769640835e-05	2.2724325856139e-05	2.67345010072223e-06	2.67345010072223e-06	
0.03346010854237	0.117018236400154	0.198617313362677	0.22514128669715	0.187074003247724	0.124081235844622	0.0667345946754412	0.0305395602752019	0.0115820370924319	0.00408102217853938	0.00120587795393359	0.000333853254134439	0.000101491389256869	2.53728473142173e-05	2.67082603307551e-06	1.33541301653775e-06	
0.0321453229786072	0.112733422893507	0.195109158152206	0.22365913968711	0.189738223818368	0.126381537045264	0.0691036132713192	0.0320516594501148	0.0127221832700882	0.00449718741804441	0.00132868405418569	0.000384020466819026	0.0001110581837839	3.47893105829083e-05	
0.0306134345338838	0.109192606678003	0.192277025786576	0.22184388153425	0.190221389604699	0.129845452072454	0.071704717376826	0.0335414430458793	0.0137529296835741	0.00497828449522339	0.00146467428082885	0.000428815891916954	0.000103183823992517	3.21611918937716e-05	
0.0289443752806511	0.105719771015561	0.187597303597981	0.220574988639511	0.190861595631119	0.132908312113643	0.0752212270403842	0.0357028580032966	0.0149232461152505	0.00529035796968564	0.00164155707267755	0.000466519495674948	0.000112932673304598	3.49553512609471e-05	
0.0279181108308946	0.102786281676085	0.183432008523379	0.21835628262013	0.191991800294003	0.135061834953944	0.0781655855102564	0.0372978732012569	0.0162969156698	0.00600277818986096	0.00194743017437862	0.000566427059029791	0.000138909493047782	3.50645322256537e-05	2.69727170966567e-06	
0.0260451651356184	0.098769169638887	0.181128168810405	0.215847397037736	0.194744744947676	0.136938831501797	0.0806979796109511	0.0392900729415994	0.0172237862325941	0.00632376771675359	0.00218405826678218	0.000627105838977061	0.000150018853720805	2.83819452985308e-05	1.35152120469194e-06	
0.0241206890228248	0.0952357665929068	0.176776382725256	0.216360828229234	0.196183505779212	0.139252594159253	0.0826001496930749	0.0415826171293976	0.0176534591733193	0.00683399146667971	0.00251435464218329	0.000696847072631026	0.000153496528669212	2.44507744782816e-05	1.08670108792363e-05	
0.0232813487652303	0.0904539658667364	0.173920802545827	0.214144815710892	0.196473332025545	0.143392129296628	0.0847882473462804	0.0436092765753395	0.0189493014233091	0.00735494452799756	0.00257334510342422	0.000839163887617428	0.000170284879792498	3.95060921118595e-05	9.53595326837987e-06	
0.0224947539457676	0.0864979764247358	0.167789363097717	0.211910652415907	0.197721130371592	0.146308438050291	0.08924688162561	0.0459067168545992	0.0203051556941802	0.0078684009264627	0.00287274201932943	0.000841001690168445	0.000182353117285715	4.76295455597016e-05	6.80422079424308e-06	
0.0213189026608249	0.0840608390203647	0.163236803101129	0.209680440412398	0.198296876611778	0.148343295817928	0.0922235614117954	0.0484008447752605	0.0215985037271094	0.00866627576808856	0.00290595088793698	0.000951457997404868	0.000248383471505122	6.5149763017737e-05	2.71457345907238e-06	
0.0203305481715152	0.0812528469158129	0.15907511778583	0.207005282516028	0.199510500445309	0.150540149161392	0.094458457124598	0.0508739606632719	0.02300783879148	0.00924202353677026	0.00326469008559444	0.00109049623017357	0.000225713683552135	0.000100619352908783	2.17555357640612e-05	
0.0193670281699748	0.0770520428347316	0.155522815633313	0.20487415592388	0.200226451128845	0.153673010026601	0.0968392333401542	0.0529827433326513	0.0244089761953482	0.00992701725666735	0.00354273241934384	0.00123456790123457	0.000233271945979128	7.36648250460405e-05	3.95607393765773e-05	2.72832685355706e-06	
0.0179776198644123	0.0747883144109559	0.152058319039451	0.202969043535081	0.199403740913175	0.156552043344496	0.0991777614419124	0.055119932478423	0.0258569522720466	0.010551607721419	0.00388521331917558	0.00124697105829181	0.000294045577064445	7.75953606142285e-05	2.72264423207819e-05	1.3613221160391e-05	
0.0172039239356814	0.0718486435341523	0.147248187844282	0.200192227170644	0.200500823830731	0.157300010331871	0.103348613626106	0.0573418815967634	0.0273930515451584	0.0116736542738598	0.00428364791160269	0.00123030827039049	0.000303158833477436	8.97241390561021e-05	2.85485896996688e-05	1.08756532189215e-05	2.71891330473037e-06	
0.0160775030661735	0.0683937062108901	0.143212424230462	0.197771936582955	0.199951267918909	0.16009033131009	0.106576244607822	0.0596627685539231	0.0288608263490823	0.0126853146282001	0.00477383822310309	0.00139117840433743	0.000430149095665976	8.03126476085208e-05	2.58633949925745e-05	8.16738789239194e-06	8.16738789239194e-06	
0.0152277295814005	0.065965535097579	0.139626482984331	0.194636044487151	0.200374305312988	0.162234306427477	0.109645361345977	0.061752221843175	0.0297256045764737	0.0133018376841456	0.00523945890184747	0.00159698163674988	0.00051647065699145	0.000116885464477012	1.76687330023391e-05	1.76687330023391e-05	5.43653323148894e-06	
0.0150521065760222	0.063592674831364	0.135633085064681	0.191719374585447	0.200088438077747	0.164323916667458	0.111894514533279	0.0640647062892766	0.031719700124383	0.0139235715961852	0.005490756728822	0.00179724621187973	0.000492377641443277	0.000177690002834902	2.03461835307139e-05	8.13847341228557e-06	1.35641223538093e-06	
0.0143933616613185	0.0615923723039538	0.131603222184145	0.1881079353125	0.199184023991645	0.167574435460822	0.114660612767641	0.0665608317970571	0.0332458750814418	0.0145057886345812	0.00578118460102647	0.00194105846608972	0.000597352954323494	0.000211308528060012	3.11544624703863e-05	2.70908369307707e-06	6.77270923269268e-06	
0.0129895442087098	0.060016918756133	0.129405474909485	0.186218658004264	0.198305417385714	0.16779886982709	0.117056136432849	0.068409975298616	0.0350935607214158	0.0154853991134572	0.00595404865834264	0.00234967685175786	0.000683517747775184	0.000180015565255642	4.73725171725375e-05	5.41400196257571e-06	
0.0121902172220334	0.056414624468997	0.126070300259594	0.183901384094759	0.199364624536705	0.168637206297963	0.119054357643802	0.0716341147332087	0.0363851306974911	0.016587199594833	0.00653792143390105	0.0022316682939248	0.000743438042090239	0.000166562621451911	6.50000473958679e-05	1.35416765408058e-05	2.70833530816116e-06	
0.0119455292559514	0.0536000271674534	0.121892213128672	0.180620097123646	0.197977383095052	0.171877610622474	0.122034842258974	0.0739443746391823	0.0379366319149659	0.0175175739464122	0.00712194790640812	0.00244371243250586	0.00082724895575101	0.000173871701701362	4.8901416103508e-05	3.6676062077631e-05	1.35837266954189e-06	
0.0109496249243388	0.0517665621578242	0.118087284152968	0.17861218604841	0.196474356794548	0.172653141726232	0.124623054061223	0.0760856111046879	0.0400552241952706	0.0185898787380047	0.00779395662316288	0.00298836347313941	0.000980705536701647	0.000238035324442147	4.48866611805192e-05	3.2644844494923e-05	2.44836333711923e-05	
0.0105570921445216	0.0491294074090206	0.115079926824488	0.17491206960385	0.196210009364723	0.173760535313718	0.127251344817823	0.0782716640895529	0.0420350850447547	0.0197761722237951	0.00824721780604134	0.00329670927978744	0.00100861336759806	0.000325315242720561	9.66417666659407e-05	2.99453361500098e-05	1.22503647886404e-05	
0.00993287459321025	0.0480725574263428	0.111352322745698	0.171785579320264	0.195053817230758	0.174422745970165	0.129947066356007	0.0808196422697033	0.0439523243769354	0.0207438984935525	0.00878964925683556	0.003401129359821	0.00116225643591005	0.000410528004262966	0.000114186597212216	2.44685565454748e-05	1.49530067777902e-05	
0.00956193047770264	0.0458157725673104	0.109014156818376	0.168787088134106	0.192920096760217	0.176679755464494	0.131255152780362	0.0838013563272408	0.0452561823177631	0.0218701995102227	0.00946821269319106	0.00375957721055126	0.00120339068227905	0.000441424347337125	0.000114091215927134	3.80304053090446e-05	6.79114380518653e-06	6.79114380518653e-06	
0.00937313035963571	0.0443354899627869	0.106127061607067	0.166256730705311	0.190211190505585	0.178195295933969	0.133706503940405	0.0855628830007041	0.04728892820174	0.022726686898917	0.0103567053358603	0.00387325042361557	0.00136479507045788	0.000432772989538832	0.000147875410218598	2.98464130716436e-05	8.13993083772098e-06	1.35665513962016e-06	1.35665513962016e-06	
0.0088375982877831	0.0434384221362861	0.103188448228888	0.162388157618294	0.191137461250791	0.177014924968519	0.136307754450314	0.087616925356181	0.0489144799710474	0.0238615153770144	0.0109792248667244	0.00411382067537143	0.00152760326232079	0.000486610089772107	0.000169432482511179	1.76209781811626e-05	
0.00810938466389767	0.0421980330140737	0.100390176167991	0.159614939565325	0.189947990044621	0.178533679254348	0.137402100698744	0.0894617247058792	0.0510057558766648	0.0253377669688739	0.0111761179162996	0.00453243144849688	0.00158344126447935	0.000519693543213736	0.000162404232254293	2.43606348381439e-05	
0.00773464990780827	0.039761989990612	0.0973976941936094	0.157401341339043	0.188045467746402	0.178399443472623	0.141090496484557	0.0909071261169383	0.0532361661747523	0.0270618191150945	0.0118910449071666	0.00470751919816832	0.00160339319604757	0.000552474993414876	0.000153990584961604	5.53825788019803e-05	
0.00736674306950772	0.0378726322867357	0.0938730850443123	0.153616872765689	0.18655768145001	0.179587101260041	0.142699486201	0.0950211488993005	0.0548065741478119	0.0281060045626106	0.0125869301284565	0.005317206539652	0.00178542794349693	0.000545734578955666	0.000180564033531011	7.4112103314967e-05	2.69498557508971e-06	
0.00678628120123494	0.0358494141808949	0.0904192333074821	0.150061626261255	0.185714804146769	0.178721533976433	0.144615397022316	0.0986490609555632	0.0575792236838391	0.0292365198433873	0.0134892291811436	0.0058736480192903	0.00206451335414872	0.000641128170526653	0.000219085727035313	6.5860126532088e-05	1.34408421494057e-05	
0.00653386283310973	0.0345577680592618	0.0879920333783221	0.147403945514956	0.183571389320384	0.17976097454407	0.145158977259477	0.100995425625877	0.0597268778321782	0.0307446727238367	0.0140528311395191	0.00598434821535076	0.00248219773680394	0.00073045235775278	0.000207743331104002	8.577789155262e-05	1.07222364440775e-05	
0.00637427902767141	0.0325434993332512	0.0850720570672693	0.144025770242118	0.181062460169124	0.179445125771849	0.14792183240774	0.103580360633438	0.0622646965891382	0.0327898482811805	0.0149509712039502	0.00628189817219791	0.0024982996567181	0.000840799670106626	0.000263754036641728	6.82815018717165e-05	1.60662357345215e-05	
0.00628347905751821	0.0315042021183538	0.0817760410476115	0.140545600963689	0.178541618533392	0.179658087925971	0.148664042874561	0.10619814126543	0.0646831083255764	0.0349137073327733	0.0164305298288303	0.00695656586835544	0.00257615963909726	0.000902791039932478	0.000259085002584173	8.94778101708225e-05	1.73613661525476e-05	
0.00603741269034175	0.0304827789225787	0.0810514625204057	0.13586720903471	0.176882008189044	0.180544330559049	0.149983943051355	0.107109214012364	0.0672170631840929	0.0359287606711805	0.0174712982042979	0.00719618915085503	0.00287285572831643	0.000966093076778976	0.000255573099258704	0.000111060561457971	2.27473439130784e-05	
