# <P(N_1)> as a function of N_tot.
# number_of_species: 2
# species_total_upper_bound: 100
# species_total_lower_bound: 0
# volume: 512
# Bin widths for each species index 
1	1	1	1	1	1	1	1	1	1	1	1	1	1	1	1	1	1	1	1	1	1	1	1	1	1	1	1	1	1	1	1	1	1	1	1	1	1	1	1	1	1	1	1	1	1	1	1	1	1	1	1	1	1	1	1	1	1	1	1	1	1	1	1	1	1	1	1	1	1	1	1	1	1	1	1	1	1	1	1	1	1	1	1	1	1	1	1	1	1	1	1	1	1	1	1	1	1	1	1	1	
# Bin lower bound for each species index 
0	0	0	0	1	1	2	3	3	4	5	5	6	8	9	9	10	11	11	13	14	15	15	16	17	18	18	20	21	21	22	22	23	24	25	26	27	27	28	29	30	31	32	34	34	35	36	37	37	39	40	40	41	41	42	43	45	46	47	47	48	49	51	51	53	53	53	54	55	56	57	58	59	60	61	62	62	63	64	66	67	67	68	69	70	70	71	71	72	73	75	76	77	78	79	80	80	81	82	83	84	
# Bin upper bound for each species index 
0	1	2	3	4	5	6	7	8	9	10	11	12	13	14	15	16	17	18	19	20	21	22	23	24	25	26	27	28	29	30	31	32	33	34	35	36	37	38	39	40	41	42	43	44	45	46	47	48	49	50	51	52	53	54	55	56	57	58	59	60	61	62	63	64	65	66	67	68	69	70	71	72	73	74	75	76	77	78	79	80	81	82	83	84	85	86	87	88	89	90	91	92	93	94	95	96	97	98	99	100	
# Normalized histogram for each species index 
1	
0.0492956389354609	0.950704361064539	
0.00270915243628113	0.0939009839015707	0.903389863662148	
0.000233372228704784	0.00669972773239984	0.13522948269156	0.857837417347336	
0.00062918651024122	0.0120223022418399	0.171351686219847	0.815996825028071	
1.94439043359907e-05	0.0010499708341435	0.020892475209022	0.20324713202411	0.774790978028388	
9.81123189827715e-06	0.00210941485812959	0.0299340685216436	0.232418272438287	0.735528432950041	
0.000128616090862321	0.00378922790771301	0.0380604693497962	0.254501563180181	0.703520123471447	
9.95014974975373e-06	0.000218903294494582	0.00475617158038228	0.0493527427587785	0.281111630730042	0.664550601486552	
8.96878861561765e-05	0.000837086937457647	0.00681627934786941	0.0633894048710487	0.299228684179057	0.629638856778411	
0.000179109824173856	0.00110451058240545	0.00951272177278924	0.0743305770321502	0.316168641850005	0.598704438938476	
1.96589177765764e-05	6.88062122180174e-05	0.00131714749103062	0.0131813043691945	0.085231238020347	0.323644763355777	0.576537081633656	
5.77200577200577e-05	0.000134680134680135	0.0022991822991823	0.0172294372294372	0.0967580567580568	0.338441558441558	0.545079365079365	
0.000285206346791904	0.00307072166712617	0.0222270812933157	0.111810394820653	0.350005228783025	0.512601367089089	
0.000399398999600601	0.00424123699575876	0.025998972974001	0.122130508377869	0.360352992639647	0.486876890013123	
1.88784323349789e-05	0.000481400024541962	0.00511605516277928	0.0290916642282025	0.135112940221444	0.366940089294985	0.463238972635712	
4.7052623654295e-05	0.000828126176315591	0.00625799894602123	0.035035383572988	0.145806670179929	0.372195663630204	0.439829104870888	
0.000225073148773351	0.000853402355765624	0.00797134068572286	0.0423231300172556	0.158845374746793	0.373715207442419	0.416066471603271	
1.8737118231216e-05	0.000356005246393105	0.00144275810380364	0.00906876522390856	0.0483323964774218	0.175032789956905	0.375801011804384	0.389947536068953	
0.000365723288133686	0.00186612652150265	0.011046718805679	0.0554586545134005	0.185918715654832	0.373628537669499	0.371715523546953	
0.000521852576647097	0.00206877271456528	0.0140434255894138	0.0632373497344143	0.19262883235486	0.37351598173516	0.35398378529494	
0.000588895120583287	0.00262665918863339	0.0181435782389232	0.0685268274443821	0.200523462329407	0.369770050476725	0.339820527201346	
2.77628680893594e-05	0.000583020229876548	0.00374798719206352	0.0196005848710877	0.0738955005645116	0.206629772899739	0.373040404227359	0.322474967147273	
0.000101455424175905	0.000848536274925753	0.00529412849790633	0.0216100053494678	0.0810905535776872	0.217096161295678	0.370782682481415	0.303176477098744	
0.000252790053179537	0.000758370159538611	0.00493408733428208	0.0235937382967568	0.0881769155868474	0.224299677926747	0.368904950940004	0.289079469702644	
0.00023543815039789	0.00136554127230776	0.00638508263879079	0.0264255780006592	0.0954372086452889	0.230569289447662	0.362913782549324	0.276668079295569	
2.83219258909606e-05	0.000188812839273071	0.00178428133113052	0.0078829360396507	0.0309086617890017	0.0995610101486901	0.235827236252065	0.361425536936512	0.262393202737786	
0.000245658459154557	0.00186133524820953	0.00957123150475255	0.0344583230975642	0.108023583212079	0.242757799656078	0.354598537387328	0.248483531434834	
0.000237374073054245	0.00257313495190801	0.0102735498817877	0.0385210645752428	0.115382789430207	0.250059343518264	0.346585136585042	0.236367606984495	
1.87888694737238e-05	0.000422749563158785	0.00284651372526915	0.0117524378558142	0.0425755782274581	0.121620352103414	0.256073502057381	0.340501287037559	0.224188790560472	
8.48176420695505e-05	0.000490057487512958	0.00290264819526906	0.0132598247102064	0.045895768542079	0.130072566204882	0.259127320704929	0.336999340307228	0.211167656205824	
9.45429792383618e-06	9.45429792383618e-05	0.000548349279582498	0.00387626214877283	0.0140396324168967	0.0494837953333585	0.13631206746587	0.258745225579548	0.335523579019022	0.201367091479787	
1.89397526468304e-05	0.000189397526468304	0.000880698498077615	0.00390158904524707	0.0163734161631849	0.0526335726055418	0.140542434515805	0.266539138998845	0.325290251709313	0.193630561184871	
7.58610226065847e-05	0.000170687300864816	0.0011094674556213	0.00520596267637688	0.0192876649977242	0.0575500682749203	0.148109164011531	0.270586785009862	0.316340464269458	0.181563874981035	
5.70656826006734e-05	0.000209240836202469	0.00108424796941279	0.00585874341366913	0.0211808791919499	0.061611915314527	0.155037948678929	0.272317437370413	0.312900648646592	0.169741872895703	
3.81894387107246e-05	0.000210041912908985	0.00124115675809855	0.00620578379049274	0.022904115866757	0.0680822218615442	0.159966011399547	0.271927898339714	0.303434185276062	0.165990395356164	
1.91806045726561e-05	0.000115083627435937	0.00124673929722265	0.00652140555470308	0.0247142089918674	0.0732027773515421	0.167849470615314	0.26953544575725	0.298574881080252	0.15822080711984	
1.91411371749596e-05	7.65645486998383e-05	0.000162699665987156	0.00131116789648473	0.00746504349823423	0.0285585766650397	0.0759233206044771	0.171188760324251	0.277374218802339	0.289213012145052	0.148707494712261	
1.92970099283116e-05	9.6485049641558e-05	0.000173673089354804	0.00159200331908571	0.008731896992561	0.0293314550910336	0.0821280742548942	0.174512509286686	0.278118155591791	0.283347645282364	0.14194880503266	
9.57313395686346e-06	0.000143597009352952	0.000363779090360811	0.00207737006863937	0.0101953876640596	0.0314956107180808	0.0859093041288927	0.182808566040265	0.278836672761562	0.274461750543275	0.133698388841555	
1.89866808433884e-05	0.000189866808433884	0.00063605380825351	0.00274357538186962	0.0101483809107911	0.0361506403258114	0.091791108537361	0.189638968263763	0.275895459335276	0.264845211084424	0.127941748863172	
2.84548989851086e-05	8.53646969553258e-05	0.000512188181731955	0.00336716304657118	0.0118656928767903	0.0382623541686427	0.0971829650004742	0.191956748553543	0.276761832495495	0.259290524518638	0.120686711562174	
1.8908774616861e-05	5.67263238505829e-05	0.00101161944200206	0.00345085136757712	0.0137939510830001	0.0424029270783107	0.102060110994507	0.19414584337862	0.27721209027049	0.252829225402048	0.113017745884978	
0.000159359562042427	0.0010217760154485	0.00410585224556371	0.0158422152853942	0.0441988432370614	0.102430702025741	0.197887079689155	0.27745437160775	0.251206914330174	0.105692886001669	
4.67062735866682e-05	0.000186825094346673	0.000756641632104024	0.00466128610394948	0.0173186862459366	0.0463139408885401	0.106322161192691	0.203349773941636	0.272437693831035	0.246394275679109	0.102212009117065	
2.82981493010357e-05	0.000358443224479786	0.00136774388288339	0.00560303356160507	0.0169788895806214	0.0498424736355576	0.113088837323372	0.204322070669912	0.271303790065463	0.240675759805309	0.096430660101496	
7.58171669020158e-05	0.000388562980372831	0.00181961200564838	0.00614119051906328	0.0184899115782291	0.0530056768103718	0.118208440346105	0.211946890074585	0.268335907957959	0.230124055839343	0.0914639347214193	
0.000123254292567766	0.000426649474273037	0.00224702056450466	0.00660832630151792	0.0216548310942137	0.0577778199159975	0.122600096707214	0.211836204526277	0.270116522711974	0.218605709518076	0.088003564893385	
9.49721731532661e-06	9.49721731532661e-05	0.00050335251771231	0.00264972363097612	0.00737933785400878	0.0217866165213592	0.0611335878587574	0.129969418960245	0.215396888711608	0.262949455809448	0.215007502801679	0.0831196459437385	
0.000112840283981381	0.000752268559875876	0.00279279702853919	0.00856645822558653	0.0256053411067751	0.0651746673562462	0.134721895716771	0.215374488692463	0.259899384080117	0.208068080304669	0.0789317786449763	
0.000233697277894107	0.000710439724798086	0.00325306610828597	0.00946006580915345	0.0274267125336524	0.0667158988932097	0.138068351779838	0.217048683816931	0.256590263236614	0.20327924020341	0.077213580616213	
1.85427270788715e-05	0.000194698634328151	0.000556281812366145	0.0033469622377363	0.00954950444561882	0.0276935628922946	0.0679776374711429	0.140414800804754	0.22051011042194	0.256705513679897	0.199362130188487	0.0736702546843564	
4.58043239281788e-05	0.000229021619640894	0.000760351777207768	0.00346280688897032	0.0107365335287651	0.0293788933675339	0.0699615243679003	0.145373763283254	0.221042506412605	0.260782337852693	0.188988640527666	0.0692378160498351	
1.81990245322851e-05	9.09951226614254e-06	0.000181990245322851	0.00110104098420325	0.00397648686030429	0.0118657639950499	0.0305743612142389	0.0749253839994176	0.147093615782194	0.225385819320084	0.253594307345126	0.185056780956541	0.0662171507607192	
9.0695544127917e-06	9.0695544127917e-06	0.000326503958860501	0.00145112870604667	0.0049156984917331	0.0117904207366292	0.0326050481139862	0.0793404620031018	0.149611369593412	0.226131200174135	0.250319701793051	0.182180139489747	0.0613101878304719	
9.0665119315297e-06	3.62660477261188e-05	0.000362660477261188	0.00145970842097628	0.00495938202654675	0.0124755204177849	0.0346159425545804	0.084246028867774	0.155200551243925	0.229745412344963	0.243997969101327	0.173533038369479	0.059358453615725	
1.81187320511311e-05	0.000244602882690269	0.001313608073707	0.00462933603906399	0.0133353867896325	0.0396347263618492	0.0879573847422157	0.158466430519192	0.228404736236558	0.240082259043512	0.168612920467826	0.057300490111702	
9.08686130723587e-06	0.000254432116602604	0.00128124744432026	0.00526129269688957	0.0152295795509273	0.0424447291660987	0.0911684794954975	0.161210006451672	0.227971176475933	0.240183918072858	0.163045552435733	0.0519404992321602	
4.51194311342123e-05	0.00044217042511528	0.00166039506573901	0.00563992889177653	0.0176507214597038	0.0459045092359476	0.0937852495555736	0.164911520795546	0.230127146556936	0.233240387305197	0.156392972197407	0.0501998790799246	
8.97359966977153e-06	8.97359966977153e-05	0.000601231177874693	0.00181266713329385	0.00710709093845905	0.0198226816705253	0.0456935695184766	0.0975430284104166	0.170534288124338	0.227974299610546	0.228090956406253	0.151124392038622	0.0495970853748273	
9.0166447261645e-06	0.000207382828701783	0.000559031973022199	0.00186644545831605	0.00783546426703695	0.0208374659621662	0.0490775972445134	0.101779885668945	0.173949110057166	0.22516365210178	0.226146466376932	0.147602474167313	0.0449660072493824	
3.6194181785278e-05	0.000171922363480071	0.000615301090349726	0.00228023345247252	0.00792652581097589	0.0200968194362756	0.0510428448626883	0.106646156630322	0.178355879292404	0.230095462154459	0.224485363977741	0.136623987693978	0.0416233090530697	
0.000227479526842584	0.000718835304822566	0.00272065514103731	0.00793448589626934	0.0220291173794359	0.0555232029117379	0.111747042766151	0.18140127388535	0.229490445859873	0.218362147406733	0.130018198362147	0.0398271155595996	
1.83514860115798e-05	0.000266096547167907	0.000963453015607939	0.00352348531422332	0.00887294348659883	0.0247561546296211	0.0568712551498858	0.114687611829368	0.180973179303194	0.232109595074461	0.211289834194324	0.128460402081059	0.037207637888478	
0.000258143029677229	0.00150276120847815	0.00372463514248573	0.00929314906838024	0.0255930375137138	0.0609678519734113	0.117667124563231	0.183438280767422	0.229581347322227	0.206357694045193	0.12406538394166	0.0375505914241198	
4.66857767112671e-05	0.000177405951502815	0.00138189899065351	0.00361347911745208	0.0105883341581154	0.0289731930270124	0.0650332869587951	0.121355007983268	0.187676822379294	0.223550173204232	0.201365092111037	0.121112241944369	0.0351263783975574	
9.35374945046722e-06	7.48299956037378e-05	0.000308673731865418	0.00149659991207476	0.00458333723072894	0.0114396355779214	0.0314473056524708	0.0676463160257789	0.124507758935169	0.187168526503849	0.223208523136499	0.198514624587266	0.117034113124246	0.0325604018370764	
4.65566687772357e-05	5.58680025326828e-05	0.000409698685239674	0.00151774740213788	0.00480464821781072	0.013557301947931	0.032049610786249	0.0696487764907445	0.128235688480018	0.188610376550337	0.223201981451823	0.196403962903646	0.109715445640434	0.0317423367723193	
6.5582985899658e-05	2.81069939569963e-05	0.000571508877125591	0.0014896706797208	0.00489998594650302	0.0141940319482831	0.0330913008853703	0.0725816273949501	0.129629456129667	0.190762167986134	0.222616761137396	0.191080713917646	0.107068908980185	0.0319201761371621	
3.79791304678079e-05	5.69686957017119e-05	0.000455749565613695	0.00147169130562756	0.00508920348268626	0.015030240882635	0.0356718982918886	0.0761956305010397	0.131084968809639	0.193418216689929	0.21895918192953	0.185793906248516	0.106692872266689	0.0300414922000361	
1.88100746759965e-05	0.000206910821435961	0.000564302240279894	0.00199386791565562	0.00541730150668698	0.0164870304535109	0.0376295543893309	0.0770272557982055	0.135065741210993	0.193414592855934	0.217914715121419	0.184272896563399	0.102082275266633	0.0279047457818408	
2.82629585665027e-05	0.000216682682343188	0.000565259171330055	0.00227987865769789	0.00610479905036459	0.0167222504851808	0.0386072014018427	0.0803233282460008	0.137329715674637	0.197388502628455	0.212999076743353	0.18369038870989	0.0975260490268121	0.0262186045635257	
1.89708323452691e-05	0.00022764998814323	0.000616552051221247	0.00273179985771876	0.00657339340763576	0.0173867678444392	0.0411003082760256	0.083139672753142	0.140365188522646	0.198425420915343	0.215973440834717	0.17778515532369	0.0934218638842779	0.0222338155086554	
4.78555909686929e-05	0.000296704664005896	0.000966682937567596	0.00252677520314698	0.00781960356428442	0.019295374278577	0.0447162642011466	0.0857955034886726	0.144878016098621	0.200084225840105	0.215991424278098	0.169686354456791	0.086293201634747	0.021602013763268	
2.88181669724594e-05	0.000355424059327	0.000854938953516297	0.00306433175473819	0.00835726842201324	0.0209604134446355	0.0482608236232121	0.0877801365981114	0.150680589043333	0.20216904736746	0.208009529207212	0.163216491676353	0.0837744113889396	0.0224877762941758	
4.79510515665609e-05	0.000412379043472423	0.000959021031331217	0.00295378477650015	0.00919701169046637	0.0220478935103047	0.0490731061732184	0.0941087338045323	0.152225408303204	0.200636789964804	0.207541741390389	0.158267240800591	0.0812194911434408	0.0213094473161796	
9.62102771818086e-06	9.62102771818086e-05	0.000317493914699968	0.00117376538161806	0.00358864333888146	0.00926504969260816	0.023407960438334	0.0528290632005311	0.095488700102945	0.152089206169003	0.19991533495608	0.204745090870607	0.156524499947084	0.0804510337794283	0.0200983269032798	
9.67557787388852e-06	7.74046229911081e-05	0.000338645225586098	0.00137393205809217	0.00323164300987877	0.0100432498330963	0.0256209302100568	0.0542606407167668	0.0987102454694107	0.154431898445135	0.199094365911004	0.20134877555562	0.154431898445135	0.0776658635937031	0.0193608313256509	
9.71354748467688e-06	2.91406424540306e-05	0.000271979329570953	0.0010102089384064	0.00358429902184577	0.0111705796073784	0.0277418916162372	0.0576499043215573	0.103692119398926	0.154999077212989	0.194018397458936	0.20110928712275	0.152842669671391	0.0746291853247725	0.0172415467853015	
8.76945112979762e-05	0.000263083533893929	0.00102310263180972	0.00469652827173606	0.0117218330101628	0.0284422531643103	0.0616687291116546	0.106909353106822	0.153114616726266	0.196425961472878	0.200070155609038	0.148437576123708	0.071168967835602	0.0159701448908203	
8.86638359916065e-05	0.000463022254622834	0.00113292679322608	0.00513265095018078	0.0133192784734058	0.0305693203424394	0.0613455229688593	0.10813047376043	0.155536071403943	0.201463938447595	0.199070014875821	0.144147694247687	0.0645078664525599	0.0150925551932379	
9.96452628642034e-06	0.000139503368009885	0.000428474630316075	0.00177368567898282	0.00604846745585715	0.0136514010123959	0.0303120889632907	0.0620690342381123	0.110028299254653	0.160887241420543	0.20482083781737	0.196490493841923	0.136673442544541	0.0613316592929172	0.0153354059548009	
9.92398229561559e-06	0.000109163805251771	0.000525971061667626	0.00203441637060119	0.00606355318262112	0.0145783299922593	0.0317368953813786	0.0661234940356866	0.111624952861084	0.162663993807435	0.203133993608955	0.189012166802294	0.133626421610464	0.0633943989043924	0.0153623245936129	
6.98986469619052e-05	0.00013979729392381	0.000659044385640821	0.0020869738878626	0.00594138499176195	0.0145489040890708	0.0342603225323281	0.0672824404613311	0.113096010784363	0.166298866643367	0.200089869688951	0.186609416346298	0.130710469818763	0.0632582755005242	0.0149483249288532	
6.0661820461232e-05	0.000212316371614312	0.00101103034102053	0.00228492857070641	0.00576287294381704	0.0160248309051755	0.0355276061834616	0.0685175262109616	0.114832826133112	0.167780485092358	0.197646321366104	0.186666531862621	0.128481735736889	0.0621177041523016	0.0130726223093955	
1.02883833863185e-05	0.000113172217249504	0.000390958568680103	0.00105970348879081	0.0020576766772637	0.00681090980174285	0.0171301583382203	0.0362562630533864	0.0712367665668694	0.119098326080023	0.168996985503668	0.196477257528525	0.184676481784417	0.125291932878587	0.0578412913978827	0.0125518277313086	
9.25240562546262e-05	5.14022534747923e-05	0.000339254872933629	0.000945801463936179	0.00258039312443458	0.00795706883789785	0.0177234969981084	0.0364441977136278	0.0722407270334731	0.123920552677029	0.168362941031335	0.196315486470927	0.180915371329879	0.122995312114483	0.0567275269347808	0.012387943087425	
0.000144828585024724	4.13795957213498e-05	0.000134483686094387	0.000331036765770798	0.000910351105869696	0.00365174932240912	0.00847247222394637	0.0174104648997579	0.0384830240208553	0.0764177683984028	0.12446982392982	0.169728756750047	0.195353071400492	0.177259843171332	0.121842219601514	0.0543003744853413	0.0110483520576004	
6.25716967358432e-05	2.08572322452811e-05	9.38575451037647e-05	0.000229429554698092	0.000980289915528209	0.00368130149129211	0.0078736051725936	0.0200855146522057	0.0409114610491188	0.0791219105224737	0.127677547189488	0.172854312232767	0.194514547919491	0.174731463134842	0.116289498383565	0.0497132130566274	0.0111586192512254	
4.13078051097755e-05	2.06539025548877e-05	0.000123923415329326	0.000413078051097755	0.00120825329946093	0.00359377904455047	0.00874692773199496	0.0214180969494186	0.0442406592725696	0.0790941198339426	0.129902720118966	0.176952310139001	0.191554619245306	0.17149967986451	0.113451886733998	0.0473284177045253	0.0104095668876634	
3.05268941937847e-05	0.000132283208173067	0.000508781569896412	0.00110914382237418	0.00361234914626453	0.00870016484522865	0.0220607688707084	0.0446608462055071	0.0822191016952602	0.131693021551987	0.177798807416	0.194507194171398	0.170340069601319	0.10883855343224	0.0440503083216314	0.00973807924781733	
5.02583278049173e-05	0.000150774983414752	0.000542789940293107	0.00124640652956195	0.00367890959531994	0.00980037392195887	0.0225559375188469	0.0467301931930121	0.0839314074342118	0.133063948696299	0.1806987917898	0.189835755784734	0.167993486520716	0.105431920069155	0.0439961401604246	0.0102929055344471	
2.00948476810546e-05	0.000241138172172655	0.000653082549634274	0.00172815690057069	0.0040491118077325	0.0106000321517563	0.023932963588136	0.0490515231894542	0.0886986576641749	0.136293304396753	0.17397114379873	0.194196607989711	0.162285989872197	0.101468933365485	0.0432039225142673	0.00960533719154409	
4.00068011561966e-05	0.000210035706070032	0.00069011731994439	0.00151025674364642	0.00434073792544733	0.010581798905814	0.0255343408379425	0.0505185881599872	0.0904353740135823	0.136703239550724	0.177060100217037	0.192272686356681	0.160047208025364	0.0980066611323925	0.0435974115599652	0.00845143674424652	
7.06549715866079e-05	0.000211964914759824	0.000666175446388017	0.00154431580753586	0.0042594854299355	0.0120920937086795	0.0261625266217839	0.0532132871720852	0.0900245273687079	0.143126785299728	0.177323791547647	0.191737405751315	0.155037194795757	0.0957072057977451	0.0408385735770593	0.00798401178928669	
0.00015178499150004	0.000222617987533393	0.000718448959766858	0.00159880191046709	0.0053630696996681	0.0117785153404031	0.0276855824496074	0.0547134299360479	0.096241803610459	0.143436816967538	0.178468793005748	0.18915445640735	0.149821905609973	0.0949668096818587	0.0378956528778434	0.00778151056423541	
2.01351065650515e-05	4.0270213130103e-05	0.000302026598475772	0.000684593623211751	0.00229540214841587	0.00579891069073483	0.0134099809723243	0.0284509055764178	0.0586434978707125	0.0992962780255515	0.143291485870189	0.179595083006977	0.186068519767641	0.148657491769775	0.0904569662434938	0.0363539349032005	0.00663451761318447	
3.04164005231621e-05	0.00019263720331336	0.000223053603836522	0.00092263081586925	0.0029706684510955	0.00640772171021281	0.0143362634465837	0.0314809745414728	0.0595046182234794	0.10135758534335	0.145278867698797	0.181565633522929	0.183400756354493	0.14505581409496	0.0858452210765378	0.0345327533939634	0.00689438411858341	
3.04364588194712e-05	3.04364588194712e-05	0.000334801047014183	0.00115658543513991	0.00277986323884504	0.00688878517947365	0.0166588884605239	0.0327191932309316	0.0625367773877402	0.103483959986202	0.149666213501613	0.178601140352657	0.178631576811477	0.14239189984376	0.0843089909299353	0.0333076314347747	0.00647282024227421	
3.05359051351214e-05	6.10718102702428e-05	0.000407145401801618	0.000916077154053641	0.00311466232378238	0.00765433355387043	0.0168965341747672	0.0343732505471016	0.066150949157718	0.107058883403736	0.149015217059392	0.17748485928037	0.178024326937758	0.139589801007685	0.0799226423736577	0.0328973484655708	0.00640236144333045	
8.2323159562864e-05	0.000236679083743234	0.000226388688797876	0.00132746094795118	0.00345757270164029	0.00740908436065776	0.0163308567782832	0.0362839325773323	0.070077589577888	0.106608491633909	0.146926259029822	0.177509312807426	0.179474778241989	0.134968820103316	0.0802753709687378	0.0327337463211838	0.00607133301776122	
