# <P(N_1)> as a function of N_tot.
# number_of_species: 2
# species_total_upper_bound: 100
# species_total_lower_bound: 0
# volume: 512
# Bin widths for each species index 
1	1	1	1	1	1	1	1	1	1	1	1	1	1	1	1	1	1	1	1	1	1	1	1	1	1	1	1	1	1	1	1	1	1	1	1	1	1	1	1	1	1	1	1	1	1	1	1	1	1	1	1	1	1	1	1	1	1	1	1	1	1	1	1	1	1	1	1	1	1	1	1	1	1	1	1	1	1	1	1	1	1	1	1	1	1	1	1	1	1	1	1	1	1	1	1	1	1	1	1	1	
# Bin lower bound for each species index 
0	0	0	0	1	1	2	2	2	4	4	5	6	7	8	9	10	11	10	11	12	13	14	15	16	18	18	19	20	20	21	21	22	23	24	25	25	26	27	29	30	31	31	32	33	34	35	36	37	37	37	38	39	40	41	42	43	45	45	46	47	48	48	49	49	50	51	54	55	56	56	57	58	59	60	61	62	62	63	63	64	65	66	67	69	70	71	71	72	73	73	73	77	78	79	79	80	81	82	83	84	
# Bin upper bound for each species index 
0	1	2	3	4	5	6	7	8	9	10	11	12	13	14	15	16	17	18	19	20	21	22	23	24	25	26	27	28	29	30	31	32	33	34	35	36	37	38	39	40	41	42	43	44	45	46	47	48	49	50	51	52	53	54	55	56	57	58	59	60	61	62	63	64	65	66	67	68	69	70	71	72	73	74	75	76	77	78	79	80	81	82	83	84	85	86	87	88	89	90	91	92	93	94	95	96	97	98	99	100	
# Normalized histogram for each species index 
1	
0.0504797282341959	0.949520271765804	
0.00259652819053234	0.0952790542967548	0.902124417512713	
0.000109264329695474	0.00717288187883229	0.135008933965781	0.857708919825691	
0.000461113806743508	0.0132437669302674	0.171229069128511	0.815066050134478	
5.11347929120785e-05	0.0012368228035609	0.021502180419529	0.202479398271324	0.774730463712674	
0.000135611175637213	0.0020995800839832	0.0303593536611827	0.231207481907874	0.736197973171323	
1.43753893334611e-05	0.000167712875557046	0.00372801763381092	0.0399939303911703	0.25579887233057	0.700297091379558	
1.60287234724627e-06	1.60287234724627e-05	0.000251650958517664	0.00550746938513817	0.0511476566006283	0.279630698211194	0.663444893248702	
2.39109365435625e-05	0.000621684350132626	0.00772801469087941	0.0639410324423587	0.299034954601102	0.628650402978984	
1.43513432059944e-05	7.0162122340417e-05	0.000971107556938954	0.0109708045841379	0.0754115247664319	0.315032713089541	0.597529336537404	
9.53572160778623e-06	9.21786422086003e-05	0.00155909048287305	0.0138887785217406	0.0866701736931691	0.32773162665107	0.57004861628733	
2.21944263454182e-05	0.000131581241904979	0.00240175399380776	0.0174892079601895	0.0986241040982008	0.340269091566276	0.541062066713275	
1.57760059570198e-05	0.000280812906034953	0.00303372594553492	0.0217409138093691	0.110646595380154	0.350497101947706	0.513785074005244	
2.20926122304701e-05	0.000416603544917437	0.00404926021309903	0.0259288365399182	0.122820721607837	0.359371054890673	0.487391430591325	
1.57160548930365e-05	0.000634928617678676	0.00501656472185726	0.0305677267669561	0.135915585925959	0.365197110760468	0.462652367152188	
4.71264638657838e-05	0.000812146060620341	0.00623640205157206	0.0361648483706025	0.146703111132056	0.3707046191789	0.439331746742383	
0.000114328850493885	0.000947519925326033	0.00784014007633408	0.0416063046879527	0.157386974968246	0.374278201246968	0.417826530244679	
4.68627717454977e-06	6.24836956606635e-06	0.000178078532632891	0.00139026222844976	0.0092850771751746	0.047129889544447	0.169521390512163	0.375676971790174	0.396807395570218	
9.34662423299265e-06	1.24621656439902e-05	0.000227434523002821	0.00193630898693498	0.0113109730926266	0.054009468130348	0.180687381901508	0.376887044488374	0.374919580087329	
9.34575072079102e-06	2.33643768019776e-05	0.000394079155393355	0.00235512918163934	0.0136510265528354	0.0614062551109574	0.191129947990897	0.376203849514722	0.354827002366033	
3.1352729176693e-06	1.56763645883465e-05	0.000438938208473702	0.00300672672804486	0.0166561373751182	0.0673331211798659	0.198904849169858	0.373780966698699	0.339860449002435	
3.13610376740146e-06	4.54735046273211e-05	0.000526865432923445	0.0036661053040923	0.018846415590199	0.0730257442758266	0.207357613048701	0.374723630855498	0.321805015884366	
3.14364574884785e-06	8.4878435218892e-05	0.000704176647741919	0.00452999352408976	0.0217335948846596	0.0800167870682988	0.215478054209027	0.371138817108978	0.306310554476237	
1.26300899262403e-05	0.000126300899262403	0.00089989390724462	0.00513728907749823	0.0241234717591189	0.0865840027280994	0.223641002323937	0.367848211579266	0.291627197635647	
0.000187287727460158	0.00111743097896397	0.00622456270676408	0.0264909834336923	0.0943253392426021	0.231412086511192	0.364428866862033	0.275813442537292	
1.88135250431535e-05	0.000158347169113209	0.00134673483433907	0.00710994467255844	0.0304779105699087	0.100249435986197	0.238470836684492	0.35996074244441	0.262207234113938	
2.04698942966151e-05	0.000228318051769937	0.00153209285773896	0.00850917759837752	0.0339233386712519	0.107227604754684	0.243848403112054	0.355412476243113	0.249298118816714	
2.83660225478361e-05	0.000260021873355165	0.00196198322622533	0.00954043891692222	0.0379679211802787	0.113651621118189	0.249247512457412	0.349192041124429	0.238150094080641	
1.56656572761495e-06	5.32632347389083e-05	0.000361876683079054	0.00221825707030277	0.011257341318641	0.0423380053545217	0.119856377254092	0.253966936063753	0.34424968551193	0.225696690943214	
6.24184658789456e-06	6.86603124668402e-05	0.00044161064609354	0.00283223788925716	0.0131109987578725	0.0450349231316593	0.127485035172806	0.258272007190607	0.338848004793738	0.213900280258912	
3.11983764364902e-06	6.23967528729805e-06	0.000140392693964206	0.00063956671694805	0.00352385661850157	0.0144417284524513	0.0492840752567236	0.133694402543292	0.262161517114649	0.333777390224613	0.202327710865927	
3.12258000049961e-06	3.27870900052459e-05	0.000198283830031725	0.000841535310134646	0.00408433464065349	0.016025080562564	0.0530276535684844	0.141861932002698	0.265142951712423	0.326729597062277	0.192052721640728	
1.56403226285752e-05	4.84850001485831e-05	0.000198632097382905	0.00103851742253739	0.00474840195003543	0.0176829487638671	0.0580193408229625	0.149388541586836	0.269725183891093	0.317392195166202	0.181742112976306	
2.04062411703764e-05	9.88917841333626e-05	0.000240165761466738	0.00118042256616331	0.00546573321194236	0.0198238784415911	0.0632813235801965	0.155768687407779	0.270357580133739	0.312049100555678	0.17171381031614	
1.88470031694377e-05	9.58055994446416e-05	0.000221452287240893	0.00141509582130528	0.00601847634544044	0.0220557054590345	0.0686345032087023	0.159844575047196	0.274479901241703	0.302180284149984	0.165035353836779	
1.57244077401825e-06	1.8869289288219e-05	5.81803086386751e-05	0.000289329102419357	0.00148752897222126	0.00657594731694431	0.0248319847032962	0.0722567984476865	0.166722750387607	0.274291851297421	0.296372064646185	0.157093123087519	
7.86770919058581e-06	1.10147928668201e-05	4.72062551435149e-05	0.000251766694098746	0.00162704226061315	0.00743498518510359	0.0274299813220584	0.0770327406850257	0.171720620793726	0.276408359283661	0.289643419684064	0.148384995334448	
7.88512943439967e-06	1.26162070950395e-05	5.51959060407977e-05	0.000343791643339825	0.00191293240078536	0.00844181957246828	0.0296717420616459	0.0820684271532317	0.175880966086058	0.277756838378502	0.282443759314309	0.141404026147089	
7.85963323807458e-06	6.75928458474414e-05	0.000402413221789418	0.00225414281267979	0.00977266796822193	0.0316177325901264	0.0865078391981917	0.181384615868285	0.277147959167633	0.276975047236396	0.133862129457591	
7.83680634467842e-06	9.8743759942948e-05	0.000559547973010039	0.00273504541429277	0.0103586906263959	0.0347672076675313	0.0914022397592533	0.186624138930903	0.276944899414591	0.269120631960064	0.127381017687672	
2.19950793865258e-05	0.000127257245022042	0.000590724989238122	0.0030368920324396	0.011754798854999	0.0371559733922383	0.0968411923846751	0.191324198043695	0.277612465554135	0.261248126490559	0.120286375933613	
3.14009206749942e-06	2.35506905062456e-05	0.000138164050969974	0.000778742832739856	0.00344154090597936	0.0129670101927389	0.0407332742996025	0.101864586669681	0.194602495745175	0.27554150887704	0.255515571716563	0.114390413926936	
7.82514249584485e-06	2.66054844858725e-05	0.00015180776441939	0.000887371159028806	0.00396108713139666	0.0146517968092199	0.0437315913522785	0.105038452750225	0.198728883852975	0.27578149698106	0.248792580512891	0.108240501059524	
1.09934808658466e-05	3.76919343971882e-05	0.000210446633717634	0.000990983775192739	0.00449476317686469	0.0163551585338466	0.0465385454996616	0.109171546986922	0.203135968941846	0.273930844723365	0.242646539173699	0.102476517139622	
3.14876332320481e-06	6.76984114489034e-05	0.000226710959270746	0.0012406127493427	0.00488530629595227	0.0173575578191665	0.0502007336618543	0.113237401010753	0.205644158256845	0.272953697435332	0.235678637215234	0.0985043374214777	
7.92813934497713e-06	6.81819983668033e-05	0.000285413016419177	0.00138901001323999	0.00554811191361499	0.0191274289836918	0.0529916833818271	0.118259297725417	0.209396430751667	0.269826294466952	0.228823543402599	0.094276676206861	
4.77461433052745e-06	9.70838247207249e-05	0.000351729922348856	0.00160108733883687	0.00635819475015239	0.0207536569566927	0.0568004036140647	0.122669391379911	0.211856003997944	0.269689315845513	0.221136262718379	0.0886820950371067	
1.27834530983095e-05	0.000115051077884786	0.000396287046047596	0.00194308487094305	0.00728177447112458	0.0225084650428485	0.060126971647899	0.128369838081587	0.215914120762086	0.266900923444693	0.213304698398393	0.0831260017033951	
1.59794185089605e-06	6.39176740358418e-06	7.35053251412181e-05	0.000458609311207165	0.00227706713752687	0.00826295731098345	0.0245747477249303	0.0644673660325501	0.132333554381956	0.217507050918417	0.262925352146435	0.207353728397824	0.0797580716037743	
1.59266355460208e-06	6.37065421840832e-06	9.55598132761249e-06	0.000100337803939931	0.00054309827211931	0.00262630220153883	0.00899695641994716	0.026952645334531	0.0675639733133295	0.136327222283274	0.219252435580741	0.260773174449217	0.201898773489797	0.0749475615524647	
3.19133488751342e-06	9.57400466254027e-06	2.07436767688373e-05	0.000138823067606834	0.000635075642615171	0.00276688734747414	0.00965059669984059	0.0288943460715465	0.0697306672921683	0.14140804886572	0.22206425114529	0.259160327877746	0.194197514907523	0.07131995206615	
6.38565526401492e-06	9.57848289602238e-06	2.87354486880671e-05	0.000220305106608515	0.000790224838921846	0.00316409218331939	0.0106209411178728	0.030812383062688	0.0726049003518496	0.144743647869426	0.224407890115644	0.256459090299551	0.187960166282463	0.0681716591848072	
3.19200211948941e-06	1.43640095377023e-05	4.14960275533623e-05	0.000183540121870641	0.00102622868141584	0.00362771040879971	0.0117784878209159	0.0327738817618575	0.0772799673138983	0.149558067306557	0.225837341955995	0.251429218949001	0.18135998442303	0.0650865192174488	
4.81768282303366e-06	1.28471541947564e-05	3.05119912125465e-05	0.000256943083895129	0.00118033229164325	0.00410145397667599	0.0122529733132489	0.0349490770925605	0.0812727033303036	0.154405128583955	0.226114731510536	0.247328594874628	0.176452451076431	0.0616374340378927	
4.84141931048506e-06	1.45242579314552e-05	2.90485158629104e-05	0.000316306061618357	0.00116839586026373	0.00442505724978335	0.0134171867157909	0.0369125946295749	0.0855946796029391	0.157371948493754	0.228871642677434	0.243410424866821	0.170538995211836	0.0579243544370801	
1.61619296050994e-06	1.13133507235696e-05	5.33343676968281e-05	0.000290914732891789	0.00132042964873662	0.00506030015935663	0.0144568460317614	0.0401009797361727	0.0891265770002812	0.161553032139613	0.229850114264842	0.239043019824223	0.163742973601104	0.0553885489496362	
1.61574119703802e-05	6.46296478815209e-05	0.000363541769333555	0.00169006529210177	0.00534002465621067	0.0162268888418529	0.0428817713693891	0.0927580863807559	0.16366488881277	0.228923060019938	0.235726946200665	0.159544748760323	0.0527991908368085	
4.85282984684469e-06	3.07345890300164e-05	8.08804974474115e-05	0.0005030766941229	0.00185378100149467	0.00604015554937269	0.018028262881028	0.0452186685128988	0.0962041164937981	0.166418093937845	0.229123125998874	0.231782476754945	0.154023966509004	0.0506878077502928	
1.62003398831307e-06	2.59205438130092e-05	0.000121502549123481	0.00056377182793295	0.00203476268932122	0.00669722050768625	0.0190953406202462	0.0475220770131757	0.0988204532531092	0.170210491016102	0.229242909516242	0.228560875207162	0.148549016558367	0.0485540386637312	
3.24349395655989e-06	2.59479516524791e-05	0.000170283432719394	0.000583828912180779	0.00198664004839293	0.00710649525882271	0.0204745556007843	0.0499952158464141	0.102990663602646	0.173207442521233	0.229279344295262	0.224629795708533	0.144439272873525	0.0451072704538783	
8.10919517859692e-06	3.4058619750107e-05	0.000170293098750535	0.000648735614287753	0.00223813786929275	0.0075723664577738	0.0220975568616766	0.0524600054493792	0.10740466830148	0.175585159524088	0.230700115474939	0.220719318049122	0.13732111115436	0.043040364329921	
3.2449042834359e-06	1.62245214171795e-06	3.0826590692641e-05	0.000209296326281616	0.000650603308828898	0.00249046403753705	0.0084513532062088	0.0228441261553887	0.0551163217063005	0.110174235135499	0.180285259535557	0.229570488244523	0.2164399830616	0.133399637544192	0.0403325377909665	
3.24411477029234e-06	3.24411477029234e-06	6.81264101761392e-05	0.000176804254980933	0.000760744913633554	0.00318896481919737	0.00923437269363716	0.0247493515825603	0.0576073680334663	0.114114981159803	0.181908869571988	0.228901494077057	0.211926663541503	0.129206603071203	0.0381491676412528	
1.62555634665964e-06	3.25111269331929e-06	4.87666903997893e-06	5.36433594397683e-05	0.000243833451998947	0.00111025498476854	0.00348356725089162	0.00985899924249074	0.0262072194208468	0.0606673884136846	0.117066065861041	0.183276601416835	0.228652381277492	0.208246772457874	0.124021821468398	0.0371016980561597	
3.26740793261298e-06	3.26740793261298e-06	2.28718555282909e-05	5.55459348544206e-05	0.000289165602036249	0.00127102168578645	0.00379999542562889	0.0108624976719718	0.0284444197573623	0.064103276229934	0.120655572727599	0.18634844291675	0.225353125112317	0.203195198217302	0.120029864108504	0.0355624679385597	
1.63426197546319e-06	3.26852395092638e-06	2.45139296319479e-05	0.000111129814331497	0.000326852395092638	0.00124367336332749	0.00419841901496494	0.0118271539164271	0.0308891855982298	0.066532439283082	0.124339553879166	0.187453117109579	0.224575377882225	0.197737527721169	0.117062185302428	0.033673968004419	
3.60435930874942e-05	0.00012615257580623	0.000394841178822095	0.00140733847555261	0.00465126185342709	0.0128823078384985	0.0323753383182715	0.0693118295072513	0.126426179444667	0.189895670181463	0.2227772571481	0.194514165132083	0.113091688347434	0.0321099264055363	
3.27752795731348e-05	0.000113074714527315	0.000439188746280006	0.00147980387272703	0.00516538406072604	0.0138360842717988	0.0338781677307707	0.0715861268796623	0.130366952030101	0.190240832754303	0.221106952292303	0.192086080994271	0.109149874798432	0.0305187015745244	
3.45007171220488e-05	0.000124859738155986	0.000486295822291735	0.0016034619005295	0.00529832441517177	0.0151688152946608	0.0360548922838325	0.0751442047831137	0.132835975376345	0.191173402247147	0.219662780133501	0.187777545947562	0.105793984717825	0.0288409566227412	
3.29589743167193e-06	3.62548717483912e-05	0.000153259230572745	0.000565246409531735	0.00190997256165388	0.00604961973583382	0.0164926707480863	0.0377775763618236	0.0780550909255704	0.135217488031772	0.191593813600521	0.218096124848595	0.18357983899541	0.102761138073383	0.0277086097080659	
1.65415026300989e-06	2.15039534191286e-05	0.000137294471829821	0.000592185794157541	0.00218017004664704	0.00633043305653886	0.017563767492639	0.0394233632183148	0.0808234360009263	0.136770106196447	0.194557845634697	0.215499387964403	0.180949151420915	0.0991216462103418	0.0260280543884606	
1.32978502362862e-05	1.66223127953577e-05	0.000157911971555898	0.000663230280534773	0.00255318724536695	0.0068633529532032	0.0178573506360528	0.0419680153457192	0.0825696765796599	0.139014064138856	0.195586443506577	0.216021914857189	0.176691860552093	0.095699641456713	0.024323430313447	
1.16763385671131e-05	3.83651124348002e-05	0.000185153368707079	0.000834024183365221	0.00255378204946431	0.0073644335391149	0.0190107472356268	0.0438680039966439	0.0847985748194755	0.14290503967453	0.196009027477761	0.214581077992937	0.174065851213422	0.0906384121513987	0.0231358308465512	
6.66295762025806e-06	5.66351397721935e-05	0.000194891510392548	0.000866184490633547	0.00283841994622993	0.00785729277368931	0.0204636085912176	0.0461876222236288	0.0890437656371287	0.14625691698288	0.197609997101613	0.212195211332358	0.167793261750959	0.0862569836124557	0.0223725459494215	
1.65711066185e-06	7.62270904450999e-05	0.0002585092632486	0.000956152851887449	0.00286514433433865	0.00862360388426739	0.0216170085838332	0.0485450568388957	0.0924634607099062	0.148501971961688	0.198034666755046	0.209768667351606	0.163036489576774	0.0839077983627747	0.021343585324628	
1.65833629069972e-05	0.000107791858895482	0.000247092107314258	0.00110611030589671	0.00325531413864355	0.00913411628917405	0.0231636413084937	0.050995499275307	0.0949762360409543	0.150863827373825	0.199468005717944	0.206098034208161	0.158868616649033	0.0814840119798214	0.0202151193836296	
1.66404025646188e-06	4.16010064115471e-05	7.98739323101704e-05	0.000242949877443435	0.00125967847414165	0.00359599099421413	0.0100374908269781	0.0245678903464033	0.0532476241665238	0.0973147382381475	0.153857162112466	0.199102416685664	0.20466363922276	0.15547294520149	0.0772896777918851	0.0192246570829041	
1.66131722520152e-05	2.82423928284258e-05	6.97753234584638e-05	0.000304021052211878	0.00125595582225235	0.00400211319551046	0.0108085298671611	0.0260976322906906	0.0552288298345993	0.0994514330522385	0.156328289574238	0.198595522417815	0.202674056205684	0.152322853744277	0.0748572928503552	0.0179588392044284	
3.31532009415509e-06	1.32612803766204e-05	3.14955408944734e-05	0.00010111726287173	0.000333189669462587	0.00126147929582601	0.00433975400324901	0.0117809899545801	0.0277624904684547	0.0575705334350032	0.103537446540463	0.157331830388224	0.199326990020887	0.200263567947485	0.14727149156251	0.0717849683386931	0.0172860789709246	
9.96429461097733e-06	9.96429461097733e-06	3.15535996014282e-05	9.13393672672922e-05	0.00043510753134601	0.00139167981399983	0.00478784356057461	0.0129021008054471	0.0291671510420991	0.0597276426139666	0.106755791746243	0.159495142406377	0.199666196130532	0.197832765922112	0.143452628082704	0.0682238644855933	0.0160192643029146	
6.62760796373373e-06	2.15397258821346e-05	2.15397258821346e-05	0.000122610747329074	0.000518610323162164	0.0016154794411601	0.00536504864664245	0.01349049601018	0.0298043530129106	0.0619979586967472	0.109597439092283	0.16229355001193	0.200243233212269	0.194748946210334	0.139593992736142	0.065462540759789	0.0150960340393945	
1.65441298118602e-06	9.92647788711609e-06	1.81985427930462e-05	0.00016213247215623	0.000468198873675642	0.00180827338843632	0.00559191587640873	0.0139897161689089	0.0318275969320566	0.0642987605137945	0.112220486926829	0.164796077055939	0.199505661401222	0.191491684920357	0.135511312875965	0.0632746788784403	0.0150237242821502	
8.28516888488255e-06	3.31406755395302e-06	3.14836417625537e-05	0.000192215918129275	0.000548478180179225	0.00190890291107694	0.00568196882125245	0.0146133808791558	0.0334886526326953	0.0667138368948513	0.115115793520335	0.167918831857469	0.198830796966965	0.187685587783021	0.131482316135532	0.0614312132138502	0.0143449414072856	
1.65745673209201e-06	5.13811586948523e-05	0.000165745673209201	0.000638120841855423	0.00230883722780417	0.00589557359605128	0.0155718059980044	0.0351927787925096	0.0685524104393255	0.117528599415912	0.168102576682236	0.197978234278194	0.185867197936798	0.129381072507102	0.0598159560044685	0.0129480519911028	
9.95239438021464e-06	5.97143662812878e-05	0.000175825634050459	0.000701643803805132	0.00223763000315159	0.00659843747408231	0.0163716887554531	0.0361620249805099	0.0717866206644882	0.119597923267039	0.168338116011744	0.199419443661154	0.18408446265364	0.125836415811037	0.0563836316287093	0.0122364688904739	
3.49271768362963e-05	4.65695691150618e-05	0.000179625480872381	0.000844905039658978	0.00245155517412861	0.00713678646688322	0.0172673309483061	0.0380373587736237	0.0744946785951291	0.122396470026661	0.171667074150396	0.197306948346032	0.181127349476342	0.121772770440299	0.0532689342720428	0.0119667160636739	
2.99622475680642e-05	3.3291386186738e-05	4.32788020427595e-05	0.000249685396400535	0.00098875416974612	0.00304116812815852	0.00772027245670455	0.0184118011305755	0.0404390468010307	0.0766500875563457	0.12501248426982	0.172194701342975	0.19663224337335	0.178376911757852	0.117836525977269	0.0513769317326835	0.0109628534712928	
1.49819467541612e-05	3.66225365101719e-05	9.15563412754298e-05	0.00033126748934201	0.00101211373628111	0.00339923725244414	0.00816682564176834	0.0199842523093006	0.0422857123832449	0.0787367888361191	0.127438103751646	0.17368237939949	0.196370040767542	0.174371548950182	0.11470677833211	0.0487396021127874	0.0106321882132031	
1.83140425418559e-05	2.99684332503097e-05	0.000121538645959589	0.000442866846921243	0.00113880046351177	0.00337477856657654	0.00887731589392507	0.0208380505867153	0.0442733653884575	0.081227773412006	0.129839901969925	0.174752593934389	0.195196060149975	0.171099774903768	0.11081827142077	0.0480560476298299	0.00989457771147724	
8.33447237789164e-06	8.33447237789164e-06	4.16723618894582e-05	0.000103347457485856	0.000443393930503836	0.0011768274997583	0.00372217536396641	0.00947129441023607	0.0218379845245517	0.045701245836931	0.0842531812681066	0.131614654002714	0.177417580402655	0.192431298944189	0.168052967238856	0.108398147746859	0.045859600812111	0.00945795925443144	
1.66809845117059e-06	1.66809845117059e-06	1.00085907070235e-05	2.50214767675588e-05	0.000135115974544818	0.0004537227787184	0.00133948305628998	0.00382661784698533	0.0102454606870898	0.0229280132113397	0.0475574868428735	0.0860438543082813	0.134280257220781	0.178851847836059	0.189317497518704	0.165411978614978	0.106116082971217	0.0442179537436299	0.00923626112413155	
1.50191995434163e-05	0.000170217594825385	0.000512321584425424	0.00151527035393578	0.00414696787393218	0.0108622188697885	0.0238137752760612	0.0493547584996153	0.0881109685214266	0.136826576640472	0.176654156229714	0.190361679013005	0.161790155081579	0.103512323253225	0.0435623538757044	0.00879123813274636	
2.66303606083706e-05	0.000146466983346038	0.000530942814629389	0.00161446561188247	0.00446391419697812	0.0110798944106202	0.0255668105815738	0.0513017253144879	0.0898175487418819	0.13737271519828	0.17776098585595	0.189435070187644	0.1595491479949	0.101068876098918	0.0420926137366058	0.00817219191169372	
6.14675119280199e-05	0.000132902728493016	0.000556530175564504	0.00159981659423468	0.00462003109923847	0.0119080844729742	0.0271686402721848	0.0537674600959558	0.0908107730951716	0.141204165171511	0.177436771526919	0.188379649934213	0.157230572943663	0.0975555865661922	0.0397628350810042	0.00780471273075236	
3.31738775618527e-06	8.12760000265391e-05	0.000165869387809263	0.000540734204258199	0.00176816767404675	0.00521990963435752	0.0125762169836984	0.0281098851520359	0.055329051691536	0.095419682725035	0.142463558495498	0.179284903895277	0.186629600387471	0.152828736539699	0.0941176080307323	0.0380189223797613	0.00744255943100165	
1.65533041222693e-05	6.95238773135312e-05	0.000201950310291686	0.000653855512829638	0.0020592310328103	0.00590456358041347	0.0134677682338783	0.0293721828345547	0.0580292629310274	0.0983911843723566	0.143995537229209	0.178535661610736	0.185388729517355	0.149939828739516	0.0909140569003276	0.0362964299488999	0.00676368006435925	
1.3191915993879e-05	8.08004854625086e-05	0.000197878739908184	0.000738747295657221	0.0025394438288217	0.00603530156719962	0.0140180597329956	0.031088399029075	0.0596967178513007	0.100438301408897	0.144685636641866	0.17972006754261	0.183239011133977	0.147820365679911	0.0885886628673949	0.0346667062424146	0.00643270803651522	
1.80978203643256e-05	5.92292302832473e-05	0.000266531536274613	0.000896664736232494	0.0025748262609245	0.0063325918711172	0.0150343529535643	0.0328409629356639	0.0619669369274508	0.103076958513215	0.147941455196378	0.179086158786985	0.180764320311677	0.144710171633147	0.085737601347794	0.032441165631252	0.00625197430767611	
1.80439386309244e-05	9.84214834414056e-05	0.000267378363349152	0.000951407673266921	0.00261637110148403	0.00699448675656922	0.0164265455863706	0.0346213971585718	0.0642692286872378	0.105837542218715	0.148803440815061	0.179177950963136	0.179117257715014	0.14142511027307	0.0819408060391422	0.0313226371052273	0.00611197412171129	
2.46293286045022e-05	0.000101801224898609	0.000254503062246523	0.000996666830862191	0.00297029702970297	0.00716877657915045	0.0172224685155083	0.0354530975485608	0.066602630412295	0.106590808334565	0.149802144393544	0.180843308211418	0.177868085315994	0.13681427844277	0.0811240825575095	0.0303039259149796	0.00585849629739093	
