# <P(N_2)> as a function of N_tot.
# number_of_species: 2
# species_total_upper_bound: 100
# species_total_lower_bound: 0
# volume: 512
# Bin widths for each species index 
1	1	1	1	1	1	1	1	1	1	1	1	1	1	1	1	1	1	1	1	1	1	1	1	1	1	1	1	1	1	1	1	1	1	1	1	1	1	1	1	1	1	1	1	1	1	1	1	1	1	1	1	1	1	1	1	1	1	1	1	1	1	1	1	1	1	1	1	1	1	1	1	1	1	1	1	1	1	1	1	1	1	1	1	1	1	1	1	1	1	1	1	1	1	1	1	1	1	1	1	1	
# Bin lower bound for each species index 
0	0	0	0	0	0	0	0	0	0	0	0	0	0	0	0	0	0	0	0	0	0	0	0	0	0	0	0	0	0	0	0	0	0	0	0	0	0	0	0	0	0	0	0	0	0	0	0	0	0	0	0	0	0	0	0	0	0	0	0	0	0	0	0	0	0	0	0	0	0	0	0	0	0	0	0	0	0	0	0	0	0	0	0	0	0	0	0	0	0	0	0	0	0	0	0	0	0	0	0	0	
# Bin upper bound for each species index 
0	1	2	3	3	4	4	4	5	5	5	6	6	6	6	6	6	6	7	6	6	6	7	7	7	7	8	8	8	8	8	9	9	9	10	10	10	10	10	10	10	10	10	9	10	10	10	10	11	11	10	11	12	12	13	13	12	12	13	13	13	13	14	14	15	15	15	13	13	13	13	13	13	13	14	13	14	14	14	14	13	14	15	15	14	15	15	16	16	16	15	15	15	15	15	15	16	16	16	16	16	
# Normalized histogram for each species index 
1	
0.950023502153177	0.0499764978468229	
0.903909152555323	0.0934786968854761	0.00261215055920079	
0.857990635806891	0.134979103712945	0.00686897245295371	0.000161288027210239	
0.816998116171035	0.169582568176102	0.0128641318015953	0.00055518385126767	
0.775705331388138	0.201897991284637	0.0210518312241901	0.00128306872021023	6.17773828249372e-05	
0.735024416323374	0.232687800430567	0.0299965153634285	0.00223398618556406	5.72816970657451e-05	
0.699928536142007	0.256814246727771	0.0390605140601543	0.00404801987558574	0.000148683194482415	
0.664397253527247	0.279953839171037	0.050269915307433	0.00518585045050265	0.00018831300518585	4.82853859450899e-06	
0.628474602269187	0.299768479683253	0.0630952780400822	0.00793304605001414	0.000685453525771615	4.31404316919198e-05	
0.595128972934459	0.317420733879587	0.0755688000077027	0.0107164521129608	0.00105912824117313	0.000105912824117313	
0.573363366516183	0.325083752493486	0.086052704418123	0.0138823933647027	0.00151756654863371	9.06722151699388e-05	9.54444370209882e-06	
0.542268624354835	0.339350946242134	0.0980745209870142	0.0177417454219792	0.00239918927199453	0.000127265442718767	3.77082793240791e-05	
0.515985525358602	0.348552535860178	0.109935461006137	0.0220710301990263	0.00318031747216056	0.000265803659696704	9.32644419988435e-06	
0.487157682261855	0.360010092561875	0.122143361103453	0.0260771239936641	0.00425663142057481	0.000350436176227344	4.67248234969792e-06	
0.461927988111377	0.367010001910006	0.135070041321352	0.0300802668418282	0.00537596839638683	0.000521757764640663	1.39756544100177e-05	
0.436588743940557	0.373561174642984	0.146694678919688	0.0361601377529057	0.0062278912201239	0.000711224241516779	5.61492822250089e-05	
0.418778527624541	0.37237359170377	0.158074542857943	0.0419291908188887	0.00785472263448237	0.000858745671268423	0.000130678689106064	
0.395385721241913	0.374595960767037	0.171447121292926	0.047844737635356	0.00912653326222552	0.00137268996220465	0.000217960906160874	9.27493217705846e-06	
0.374502822164292	0.376868902481375	0.180882441461506	0.0545031925878251	0.011108075696049	0.00193546295996185	0.00019910264899129	
0.357657769844894	0.375474474100517	0.189586705962116	0.0614014454452792	0.0133244780208377	0.00217231884659555	0.000382807779760999	
0.341754304865365	0.373396509880966	0.198340459956085	0.0663954697792673	0.0169559690280827	0.00271350976539928	0.000443776724835317	
0.325428555780711	0.37397995509064	0.204926337696478	0.0730781167278237	0.0185798784161236	0.00349599284371178	0.00048834364788141	2.28197966299724e-05	
0.305483076278557	0.372412945178345	0.215042599600188	0.0801947150084471	0.0213293989608521	0.00476314075855066	0.000701265465408032	7.28587496527825e-05	
0.291084785732709	0.369159696377906	0.223474520063377	0.0871209329746859	0.0231078890158075	0.00500663252146358	0.000875124359777442	0.000170418954272449	
0.275544049088798	0.362863697506864	0.233010558514069	0.0947179789566788	0.0262120179107778	0.00616373988833404	0.00122537728721738	0.000262580847260867	
0.26334287407598	0.360134703647381	0.237307213444637	0.0996954006882199	0.0303312919513192	0.00737378424445129	0.00157583052700735	0.000211335872426641	2.7565548577388e-05	
0.249859219939995	0.355873528732979	0.241966305100392	0.10794830371567	0.0334041080083083	0.00902377105931225	0.00168012924071082	0.000230786983614124	1.38472190168475e-05	
0.236747756313629	0.348920479580715	0.250244660374296	0.114037244034229	0.0381345516105842	0.00950349017879919	0.00213816933744579	0.000264372347580065	9.27622272210756e-06	
0.225663574058967	0.342127216330444	0.253593831376833	0.121413658172366	0.0429923168747609	0.0113195894344353	0.00244735423032784	0.000410196848397697	3.22626734694818e-05	
0.213965045817322	0.338443134791605	0.255990430091635	0.129443171741058	0.0457341856340526	0.0131078185042861	0.00274811557788945	0.000498817617499261	6.92802246526751e-05	
0.202190102777069	0.331930492077118	0.261633760991114	0.135744611743962	0.0498480384195996	0.0144537503190033	0.00345683595109389	0.00062176646637125	0.000116001206412547	4.64004825650187e-06	
0.192349473097813	0.325653405134395	0.265697971310524	0.140982312798849	0.0539807808365443	0.0165219813379137	0.00380669421103941	0.000784550392275196	0.000213546260619284	9.2846200269254e-06	
0.181922473131264	0.318007858582668	0.269235413783174	0.148686056124771	0.0577828764641951	0.0183877829693552	0.00471422069055205	0.00102644608139114	0.000185782096179391	5.10900764493326e-05	
0.170903203531069	0.31318178849043	0.271399643533682	0.154507619234251	0.0628388529623097	0.0203941658968114	0.00534699476498418	0.00107313158459543	0.00027994736989446	6.9986842473615e-05	4.665789498241e-06	
0.165217837389123	0.303354070868272	0.273371699327507	0.16115116636975	0.0677389868765915	0.0215272401667708	0.0060160614850811	0.00131047540876573	0.000177217315064404	0.000125917565966814	9.32722710865287e-06	
0.158076948200405	0.297042822616015	0.271380980375689	0.168976232468296	0.0727349924880789	0.0237068764405625	0.00643878950757258	0.00136241053348637	0.000181965790431399	6.0655263477133e-05	3.7326315985928e-05	
0.149286795909592	0.289562730178909	0.275387448355798	0.17264119197622	0.0764988502738778	0.0274251743283917	0.00736105139182292	0.00147688396178796	0.00025705258828588	7.47789347740741e-05	2.80421005402778e-05	
0.141453118300848	0.282350280569337	0.277638788769688	0.176483059831234	0.083096580870401	0.0288249068302497	0.00821684169858702	0.00161133019547979	0.000235574589982426	6.12493933954308e-05	2.82689507978911e-05	
0.131802580967133	0.2771079232207	0.278190780646042	0.18261213459447	0.0868687058912152	0.0315252753047302	0.00953385341876922	0.00198680797171388	0.00028248454574131	8.4745363722393e-05	4.70807576235517e-06	
0.127134235054488	0.268155664229329	0.276908491885448	0.187878389667439	0.0913767048067807	0.0349831513934126	0.0102781193388213	0.00257187643729409	0.000577264236837906	0.000126716539793687	9.3864103550879e-06	
0.11976802348078	0.260289357204202	0.278310478581338	0.19143725403222	0.0971035966741853	0.0378448267726196	0.0115799507356619	0.00309553695297238	0.000462443020413556	9.43761266150115e-05	1.41564189922517e-05	
0.112081925416955	0.254876456810545	0.277290014279453	0.195699198371294	0.101464233033135	0.0411653541822775	0.0131531200369475	0.00339785007045473	0.000810582818471863	5.18395988557587e-05	9.42538161013794e-06	
0.105401949816206	0.250336094162773	0.278770130395134	0.199437806127725	0.102482866248625	0.0434102041008188	0.0149996709567637	0.00409423798287095	0.000954225385215617	0.000112814823867856	
0.101534756327918	0.243294295428787	0.274787495277673	0.204646769928221	0.107409331318474	0.0461088024178315	0.0166037023044957	0.00456649036645259	0.000892519833774084	0.000127502833396298	2.8333962976955e-05	
0.0982198774030706	0.235861499629932	0.272218321219137	0.205985614787543	0.114294118763403	0.0495132180745071	0.0173599908906306	0.00506234224659822	0.00122881597176095	0.000237223160571613	1.8977852845729e-05	
0.0949267720029969	0.228784400933424	0.267643676241106	0.209333288793659	0.11886843775501	0.0535096468162882	0.0192602278204351	0.00579333909167697	0.00151275823069324	0.000324503342861642	4.2948971849335e-05	
0.0893856881714785	0.223263761281793	0.268266839761549	0.208992979157022	0.122117803158663	0.0577179157976126	0.0217354989284981	0.00617605085934927	0.00191390756924193	0.00034841708866499	8.11382261274634e-05	
0.0841195231696879	0.215960331084344	0.266426306955927	0.213971147271328	0.127819405061899	0.0599815426694273	0.0221918319139678	0.00686172781653605	0.00214697964433776	0.000425570575380981	8.60704534478389e-05	9.56338371642655e-06	
0.0810206121768934	0.206950064264293	0.262350645023088	0.216375493882991	0.132974722711477	0.0644737468462893	0.0246441662303042	0.00804493740181844	0.00251344789831961	0.000575998476698243	7.14047698386252e-05	4.76031798924168e-06	
0.0769698524451539	0.202624252962023	0.258154471776454	0.218719417761689	0.136120058147821	0.0673878136609374	0.027192657412422	0.00889794677384108	0.0031164191583768	0.000669840093492575	0.000147269807789148	
0.0726215549332737	0.196884047980146	0.256535939943995	0.220474761929665	0.142119551006242	0.0690083057189177	0.0287205769788482	0.00959412751917161	0.00311405030974103	0.000698878466460965	0.000209188112410085	1.90171011281895e-05	
0.0691707746728985	0.189176646635697	0.257523452335289	0.222159082837295	0.144734412069725	0.071656887954426	0.0304063492965483	0.010635829391068	0.0033337595241816	0.000871323512002008	0.000274656324435416	4.26190848261852e-05	1.42063616087284e-05	
0.0652575570708288	0.184923188878336	0.252264640421882	0.224791256148906	0.147512321439541	0.0756959309715863	0.0322271208706048	0.0118181861139857	0.00393151973084211	0.00124750145305567	0.000231543830301999	5.67046115025304e-05	4.25284586268978e-05	
0.0618750501849167	0.180561787669389	0.247424628159288	0.225499133276969	0.15242517133721	0.0796346065738698	0.0340123844566095	0.0120018704213644	0.00471383970111044	0.00139336945072904	0.000368416329345305	4.72328627365776e-05	3.77862901892621e-05	4.72328627365776e-06	
0.0586434024402903	0.173514452067075	0.243170301308849	0.228208660860047	0.155698257070331	0.0855375527266894	0.0355852072736881	0.0132394711760765	0.00453425937284729	0.00142491813798115	0.000386898302365742	2.83096318804201e-05	1.88730879202801e-05	9.43654396014004e-06	
0.0576018402420974	0.167403580553015	0.239613285190388	0.227272727272727	0.159729620167243	0.0889858870777672	0.0390155836075156	0.0140704986188757	0.00466659753188842	0.00125856721314566	0.000325247706767981	2.82824092841722e-05	2.82824092841722e-05	
0.0531971982149918	0.162039390687078	0.238570675403416	0.227461447212337	0.161309759174528	0.0925925925925926	0.0423280423280423	0.0157647479711537	0.00493325048485191	0.00138394622380388	0.00033892560582952	5.17803008906212e-05	2.82438004857934e-05	
0.0503820081644882	0.156637391857983	0.233783378899667	0.227636605370585	0.165138946106887	0.0956752556084042	0.0453962398412045	0.0175180704842515	0.00560840417961874	0.00168533013744804	0.000430695479570054	6.08591438522902e-05	3.27703082281562e-05	1.4044417812067e-05	
0.0494678542933264	0.150115947573966	0.229576196452984	0.228106438473131	0.169316119279025	0.0982264920376445	0.0470975779321672	0.0189202178041349	0.0066769005370449	0.00174038008407949	0.000611232683684753	0.000121313357067203	1.86635933949543e-05	4.66589834873857e-06	
0.0452859105308899	0.146576456185928	0.224658673569513	0.22820977674775	0.172831257183975	0.102841817043426	0.0487061835920343	0.0209701987683279	0.00729377902793223	0.0018129316225738	0.000513975460008037	0.000271005242549692	2.33625209094562e-05	4.67250418189124e-06	
0.0436864125195384	0.137166443593751	0.223827931224904	0.230978744115087	0.174909444876031	0.106578935053023	0.0510244194644378	0.0208159788845106	0.00786215029810653	0.00221824954839434	0.000636459786037195	0.000215273162924346	6.55179191508878e-05	1.40395541037617e-05	
0.0404172465662913	0.132873162479674	0.217831386276412	0.230961719595687	0.179668133402687	0.110131725078374	0.0543816981335433	0.0217948537715734	0.00822871709801827	0.00263356435597168	0.000782571614674858	0.00023898893621807	4.21745181561301e-05	4.68605757290334e-06	9.37211514580668e-06	
0.0379709424243419	0.129895901258661	0.212560341147385	0.230208807344614	0.181438617396077	0.113185684194724	0.056693703879191	0.0246243485032581	0.00888052804661222	0.00327448947519035	0.00090541041362713	0.000248636020322476	0.00010320740466216	0	9.38249133292363e-06	
0.0377327432546196	0.125040563992343	0.208252009387331	0.227896739360476	0.183617320472	0.116659690443829	0.0603639236785545	0.0258010506661901	0.00955193837095007	0.00363077125670776	0.00118047096558763	0.000206935149346038	5.17337873365095e-05	0	9.40614315209263e-06	4.70307157604632e-06	
0.0361198334171307	0.119937768586417	0.204263231290258	0.224720859855995	0.186476051340916	0.120530674584729	0.0639294963619288	0.0279092711525144	0.0107387134414161	0.00374716590932807	0.00131862294024456	0.000213446159392105	6.1662223824386e-05	1.42297439594737e-05	9.48649597298246e-06	9.48649597298246e-06	
0.0344912703762425	0.117263673562389	0.198004386173111	0.22526606602045	0.187423455582877	0.122190997901852	0.0666755276224473	0.0311446772555088	0.0114448737788495	0.0043149690024779	0.00122471067397063	0.00031804501998462	0.000156649039693917	6.64571683549952e-05	9.49388119357074e-06	4.74694059678537e-06	
0.0325357531829488	0.112560103870903	0.19562829055317	0.22355072980724	0.190444257375357	0.125396530978165	0.0681105863664683	0.0320458858276143	0.0129363029758253	0.00476550572859446	0.00137923818492255	0.000399503474253428	0.000166459780938928	8.0851893598908e-05	
0.031890867246327	0.107743287829521	0.192849264442566	0.22169381138598	0.189220418940664	0.12999384051224	0.0721901515042997	0.0335668208926005	0.0135986210387093	0.00506605931252477	0.00152316015145655	0.000477479671302994	0.000128919511251808	5.72975605563593e-05	
0.0295702432211703	0.105875871667367	0.185723743663347	0.220817567208393	0.191271486630809	0.132077842372578	0.0755034286791249	0.0367852085961021	0.0150726570692646	0.00516597319879573	0.00150291643108089	0.000449425170709077	0.000135310804084453	4.8325287173019e-05	
0.0274480209754351	0.102709972039203	0.183191594345921	0.216933213363132	0.194119525150205	0.133969949399665	0.0783386062171654	0.0379744386071847	0.0167232655114697	0.00566955949651216	0.00213817858144912	0.000595013496647607	0.00015963776739326	2.90250486169564e-05	
0.0255556472398445	0.0978346867552337	0.181277636745769	0.212585124817373	0.196363477509574	0.137553938676154	0.0826032297678392	0.0387970158381912	0.0182165895709661	0.00594599579654501	0.00241722931157503	0.000660126880269487	0.000174739468306629	1.45616223588857e-05	
0.0234957216089292	0.0941832451266413	0.175567968020798	0.215175460458479	0.197426612520952	0.139967649401612	0.0841457633910464	0.0420411175128156	0.0178221498976216	0.00660695000317642	0.00256556860330445	0.000757453587642267	0.000229679474962494	1.46603920188826e-05	
0.0226913757075726	0.0894411034699263	0.173206910421551	0.214243669861576	0.196168071184013	0.143697330599511	0.0855169572169955	0.0446714999068015	0.0192675581018905	0.00742644678367163	0.00249183287061109	0.000824070713115478	0.000299216151785977	5.39570109777991e-05	
0.0224811635693382	0.0864294363041869	0.166191977175687	0.21036506154623	0.199075458471614	0.146240312167574	0.08807655164638	0.0476683023437079	0.0213242611266073	0.00785321064938503	0.00309814552460133	0.000941208766967494	0.000220595804758006	2.45106449731118e-05	9.80425798924473e-06	
0.0212947355087644	0.0837027798618351	0.162066042423829	0.208436047587961	0.198789839327299	0.149097251317828	0.0920774424881371	0.0489423273669749	0.0225370502090012	0.008486714540441	0.00314719724059982	0.00100359540489716	0.000389745788309575	2.92309341232181e-05	
0.019472824364195	0.0805296140059984	0.159883933578796	0.206115432444954	0.199287995903538	0.151208212430811	0.0944136938870059	0.0515471458876887	0.0235985467313648	0.00890492794616079	0.00329667650142645	0.00135085708712297	0.000287727682816805	9.75348077345103e-05	4.87674038672551e-06	
0.0185721579639848	0.077469905543664	0.155666398287611	0.203233313041258	0.199300905288377	0.154095398935648	0.0976768847082851	0.054091471437268	0.0249248865934843	0.00995129902008915	0.00321072992557391	0.00139917129784184	0.000294562378493019	9.8187459497673e-05	1.47281189246509e-05	
0.0171950961221142	0.0749471734729563	0.154484959832137	0.202095329100644	0.195795550257853	0.15477064174995	0.101944114706216	0.056609349679593	0.0262925875393428	0.0106687419651961	0.00377297153524478	0.00106884441664245	0.000290607468119376	4.92555030710806e-05	1.47766509213242e-05	
0.0164482593900355	0.0715400790895347	0.150107603134034	0.198487154106402	0.198368963020964	0.155155347407922	0.104963533125514	0.0600656945449889	0.0275926938210685	0.0117058420868606	0.00428442684710506	0.000945528683499047	0.00022653291375498	9.35679426379265e-05	1.47738856796726e-05	
0.0154068654980642	0.066070603203634	0.144084012146574	0.1988181443176	0.200701757873654	0.158596285454428	0.107336152955385	0.0599426467006943	0.0293525637521184	0.0131355953262528	0.00499480639534017	0.00110830032453817	0.000362806832696351	8.94592190210179e-05	
0.0150995470135896	0.0627281181564553	0.138540843774687	0.194204173874784	0.203508894733158	0.162660120196394	0.110161695149146	0.0619331420057398	0.0296091117266482	0.0135995920122396	0.00575482735517934	0.00174494765157045	0.000334989950301491	0.000109996700098997	9.99970000899973e-06	
0.0145777981981262	0.0641792684632134	0.133712219580895	0.190015781377974	0.200393535627959	0.165095187678539	0.111673225593799	0.0659571705387643	0.0320721548572684	0.0142082342835454	0.0057432229968637	0.00187279010767295	0.000404522663257356	6.99174973531233e-05	9.98821390758904e-06	1.49823208613836e-05	
0.0141685719860516	0.0617523601779076	0.131809744895662	0.185237068426398	0.198244938187603	0.167706462409758	0.115254729111112	0.0682212738706918	0.0342607277402829	0.0148940108765803	0.00596861100966084	0.00184111387389371	0.000495299656292057	0.000100060536624658	4.00242146498632e-05	5.0030268312329e-06	
0.0128163211927025	0.0601783621465829	0.12817327183377	0.184941325593912	0.197848185947316	0.168478288206268	0.11641827080263	0.0696246145798228	0.0360144661458988	0.0163926180404308	0.00591522516586271	0.00226850897092184	0.000749463052477503	0.00013580874105297	4.52695803509901e-05	
0.0122086176088369	0.0562256335282651	0.12558885640026	0.183423692332684	0.197226283300845	0.168783503898635	0.120350064977258	0.0717795646523717	0.0366969217024042	0.0173763401559454	0.0068632228719948	0.00229958576998051	0.000852826510721248	0.000253817413905133	6.59925276153346e-05	5.07634827810266e-06	
0.0122285032699395	0.054546566690964	0.122330908701658	0.181021607597066	0.196782563041273	0.169649456369373	0.122784571390706	0.0738450716430235	0.0372513138377315	0.0178100835452975	0.00779892038474674	0.00274746280220816	0.000902228044509917	0.000229380011316081	2.5486667924009e-05	4.58760022632161e-05	
0.011010167552689	0.0512003431740536	0.120437751188598	0.179093959217441	0.195425367303479	0.171244874092912	0.123660114697757	0.0772550161118176	0.0393884148116373	0.0179655702459925	0.00810442296202105	0.0037841067516431	0.000975390539222445	0.00027576486449221	8.68148647475475e-05	2.04270269994229e-05	7.14945944979803e-05	
0.0105527946499785	0.0485203591222365	0.115451868212774	0.174836902059431	0.195298280058081	0.175286827412725	0.127001656543346	0.0785579892426938	0.0413368918338548	0.0200216782215678	0.00765895658220341	0.00378857598625683	0.00115037732376219	0.000368120743603902	0.000112481338323415	2.55639405280488e-05	3.06767286336585e-05	
0.00973071406044945	0.0474327802476169	0.111544604616621	0.171012340152802	0.195183983234483	0.176612714528419	0.130878867106829	0.079788803320549	0.0432668341861908	0.0204787531664242	0.00856079025809536	0.00353011790797278	0.00120044355371985	0.000579875275949419	0.000157685382056421	2.03465009105059e-05	2.03465009105059e-05	
0.00943725792977749	0.0446902766878465	0.108320887021239	0.168437840164038	0.193635926385338	0.178801610004303	0.132855732476014	0.0829709136014986	0.0446193959952409	0.0215224160190365	0.00895121889476749	0.00373642508163937	0.00122522340075437	0.000572108447459687	0.000156950105055312	6.58177859909374e-05	
0.00981873490921686	0.0443499605945455	0.10479341000246	0.165347295079087	0.1894574094804	0.181807229520458	0.134982505986115	0.0850354649090663	0.0464532581032172	0.0225037774018503	0.0096882200280105	0.00378995135810774	0.00123487156833709	0.000512019918578793	0.000195772321809539	3.0118818739929e-05	
0.00929668147583565	0.0440313700319918	0.101506323147433	0.162060112522941	0.191324100167481	0.176902710779938	0.137981005485744	0.0882633157161052	0.0487148115090309	0.0233620490808621	0.0102644589973223	0.00387111008594667	0.00160460521697271	0.000596712565061727	0.000200575652121589	2.00575652121589e-05	
0.00793650793650794	0.0420749797716443	0.0998431678104428	0.159963838692599	0.191215399522511	0.179198257864085	0.137592775729969	0.0895941342763243	0.0504510174113698	0.0249932572147802	0.0103489266484861	0.00424046270490575	0.00160827914131879	0.000739209046320437	0.000179807605861728	1.99786228735253e-05	
0.00760219529708315	0.0395575261231315	0.0962124597671137	0.156306959975496	0.190300924414897	0.177993803758919	0.143442478898134	0.091276556215573	0.0535166429830331	0.0259750041425437	0.0113832078853946	0.00402705457612991	0.00150637951725558	0.000692934577937566	0.000165701746898114	4.01701204601487e-05	
0.00712500878082068	0.0376571766901825	0.0941303976959127	0.150954851528866	0.186936145872011	0.179279270238537	0.144125881845277	0.0969101546427962	0.0561169705666891	0.0277574285742958	0.0118415638892513	0.00461118526026352	0.00166082951158567	0.000592078194462564	0.000215757308151612	8.5299400897149e-05	
0.00644606148627476	0.0363486244920494	0.0907472159082431	0.149189517191984	0.184518510044615	0.179330823215769	0.144384813954529	0.0993519121823599	0.0585169084768693	0.0291763863259936	0.0132950018154417	0.00555574898161181	0.0020691061560882	0.000711255241155317	0.000313350211138357	3.48166901264841e-05	9.94762575042402e-06	
0.00638245968645296	0.0338887699576328	0.0874227707442386	0.146881207589252	0.183174601594121	0.180745084958404	0.144904736063884	0.100755241134505	0.0600907085924237	0.0316932436536346	0.0140892050800795	0.00611361973086133	0.00257389364890498	0.000856305043736278	0.000278796990983904	0.000134419977795811	1.49355530884235e-05	
0.00578843806819597	0.032703180652071	0.0851278985777977	0.144676081596055	0.17963087499066	0.179232359461008	0.149283917407656	0.102199307579267	0.0623377917258213	0.0330369374081546	0.0155470871005504	0.00668011656579242	0.00249072206032529	0.0008667712769932	0.000338738200204239	2.98886647239035e-05	2.98886647239035e-05	
0.00593302101671988	0.03132117884602	0.0808144103283303	0.141934970508957	0.17862719939526	0.178179611891903	0.150812122658869	0.107246938998796	0.0634778543649728	0.0343995862302191	0.0164463541511254	0.00706193616407563	0.00260595390843354	0.00073105958881628	0.000273525696495887	0.000119356667561842	1.49195834452302e-05	
0.00556369836379408	0.030630253357662	0.0796715623223954	0.136789207621669	0.177903742035835	0.178477062207731	0.150783205208738	0.108935818053104	0.067826269031737	0.0346684215249319	0.0167359636265741	0.00735843977146959	0.00302613342905288	0.00118153809338638	0.000239298854356735	0.000154547176772058	5.4839320790085e-05	
