# <P(N_2)> as a function of N_tot.
# number_of_species: 2
# species_total_upper_bound: 100
# species_total_lower_bound: 0
# volume: 512
# Bin widths for each species index 
1	1	1	1	1	1	1	1	1	1	1	1	1	1	1	1	1	1	1	1	1	1	1	1	1	1	1	1	1	1	1	1	1	1	1	1	1	1	1	1	1	1	1	1	1	1	1	1	1	1	1	1	1	1	1	1	1	1	1	1	1	1	1	1	1	1	1	1	1	1	1	1	1	1	1	1	1	1	1	1	1	1	1	1	1	1	1	1	1	1	1	1	1	1	1	1	1	1	1	1	1	
# Bin lower bound for each species index 
0	0	0	0	0	0	0	0	0	0	0	0	0	0	0	0	0	0	0	0	0	0	0	0	0	0	0	0	0	0	0	0	0	0	0	0	0	0	0	0	0	0	0	0	0	0	0	0	0	0	0	0	0	0	0	0	0	0	0	0	0	0	0	0	0	0	0	0	0	0	0	0	0	0	0	0	0	0	0	0	0	0	0	0	0	0	0	0	0	0	0	0	0	0	0	0	0	0	0	0	0	
# Bin upper bound for each species index 
0	1	2	3	3	4	4	5	6	5	6	6	6	6	6	6	6	6	8	8	8	8	8	8	8	7	8	8	8	9	9	10	10	10	10	10	11	11	11	10	10	10	11	11	11	11	11	11	11	12	13	13	13	13	13	13	13	12	13	13	13	13	14	14	15	15	15	13	13	13	14	14	14	14	14	14	14	15	15	16	16	16	16	16	15	16	16	16	16	16	17	18	15	15	15	16	16	16	16	16	16	
# Normalized histogram for each species index 
1	
0.949629412836124	0.0503705871638757	
0.902045915049029	0.0953634680808485	0.00259061687012207	
0.85750717195994	0.135143618790613	0.00723676915893251	0.000112440090514273	
0.814926319868013	0.171292245775422	0.0133205429457054	0.000460891410858914	
0.774338051960374	0.202778603014716	0.0215985677688894	0.00123500380300289	4.97734530177489e-05	
0.73606818482002	0.231236354878058	0.0304547467543062	0.0021086326519513	0.000132080895663862	
0.700256496804289	0.255792176925243	0.040025323031982	0.00374090245188546	0.000171101567445905	1.39992191546649e-05	
0.663417434770942	0.279584755652353	0.051176962488221	0.00554470398082912	0.000258981671586278	1.56013055172457e-05	1.56013055172457e-06	
0.628753403722179	0.299023296587356	0.0638619737321862	0.00771122471936262	0.000626827924873742	2.32733140423419e-05	
0.597372355239688	0.315199386479257	0.075454357751521	0.0109089328433861	0.00098268884159149	6.83069652922995e-05	1.3971879264334e-05	
0.570070932073418	0.327674330876169	0.0867232721515856	0.0138802998070549	0.00155221886904467	8.96700143472023e-05	9.27620838074507e-06	
0.540965872703564	0.340424218575187	0.0985440151848337	0.0175227425291081	0.00239346311427976	0.000128083454858298	2.16044381688695e-05	
0.513528285577863	0.3506453628602	0.110722680508921	0.0217766785038206	0.0030352857728464	0.000276353788119551	1.53529882288639e-05	
0.487297498865917	0.35956358939267	0.122728565826804	0.0259570509222596	0.00402272779695681	0.000409038835623284	2.15283597696466e-05	
0.462820605148682	0.365364607673838	0.135642849809924	0.0305332399679452	0.00499515041378539	0.000628224438543561	1.53225472815503e-05	
0.439197455720877	0.370685972318562	0.146858008216539	0.0361567542985241	0.00624585612940667	0.000810016644387381	4.59366717043883e-05	
0.417619471580783	0.374144995349874	0.157609484118561	0.0417304881792123	0.00782809347898128	0.000952932175357846	0.00011453511723051	
0.396528192442208	0.375872826312134	0.169600967572903	0.0471250045697713	0.00929186824435481	0.00139378023665322	0.000176697822351665	6.09302835695397e-06	4.56977126771548e-06	
0.374547287826997	0.377142457986033	0.180776607327521	0.054012643292419	0.011325207165646	0.00194827578352424	0.000226261178289253	1.21482511833156e-05	9.11118838748669e-06	
0.354762161415356	0.376354452442152	0.191122595690348	0.0613684429471306	0.0135836188874095	0.00238058728238047	0.000396258469835014	2.27734752778744e-05	9.10939011114974e-06	
0.339713663956019	0.373980834574123	0.198969190241668	0.0673370747909747	0.016555568281602	0.00298094910854045	0.000444393540258848	1.52712556789982e-05	3.05425113579964e-06	
0.321910234204843	0.374885066424733	0.206988877790098	0.0731603754853175	0.0188445242742766	0.00362441693166302	0.000531520055717964	5.19301203862379e-05	3.05471296389635e-06	
0.306321639404983	0.371359390472925	0.215305827271072	0.0799728786165033	0.021744553912933	0.00451512874239124	0.000694870660693432	8.26498142675007e-05	3.06110423212966e-06	
0.291364030529093	0.36797889285912	0.223772901432358	0.0866302990793301	0.0240837889531916	0.00513994551011999	0.000894839451657144	0.000123001986482082	1.23001986482082e-05	
0.275475817406316	0.364314997715586	0.231700922658016	0.0945808789935086	0.0264256124223069	0.00618018355037823	0.00113760758977441	0.00018397966411446	
0.261984082351215	0.359766981270478	0.238628722675925	0.100486270722285	0.0305516162159519	0.00706788840530099	0.00133258350041567	0.000161988361289061	1.98664971392244e-05	
0.248990153226599	0.355578098909734	0.243914829093409	0.107292382870052	0.0339848737845005	0.00847319762302328	0.00151630488164227	0.000227138787938316	2.30208231018564e-05	
0.237860460399865	0.34918547357456	0.249415781055788	0.113731027288133	0.0380491312383905	0.00954877248724398	0.0019266549797271	0.000255043641654465	2.76553346372311e-05	
0.225510386614134	0.344330744897663	0.253925080611501	0.120075589048761	0.0423078510785658	0.0112466230317263	0.00219703606533316	0.000353176987537898	5.19827600705131e-05	1.52890470795627e-06	
0.213823299023746	0.338829775885349	0.2584816407643	0.127385390028986	0.0450743848505445	0.013060400925353	0.00283305546327086	0.000438902621528783	6.70545671780085e-05	6.09586974345532e-06	
0.202384360495572	0.333627736425987	0.262179151388161	0.133903663186619	0.0492160756270786	0.0143917429069158	0.00350847271796996	0.000638042564596099	0.000141618039397225	6.09109846869784e-06	3.04554923434892e-06	
0.191923302620849	0.326681756174886	0.265180578735987	0.14196636106602	0.0530800124983805	0.0160238383746009	0.00407264302643712	0.0008383060121783	0.000198145057423962	3.20080477377169e-05	3.04838549883018e-06	
0.181809439785573	0.317618165222196	0.269521722008358	0.149315720866621	0.0580805382649868	0.0176663990402081	0.00470127086952142	0.00103031098601525	0.000193851104035461	4.73179860244039e-05	1.52638664594851e-05	
0.1718083599415	0.312147872495195	0.270309879861255	0.155693382032022	0.0632945122091287	0.0197551282934785	0.00547017971041126	0.00116999364466803	0.00023430500999242	9.64785335262904e-05	1.99082688228853e-05	
0.164986851285354	0.30227169921261	0.274431691852397	0.159915970896489	0.0686355237635225	0.0220116383375118	0.00601850787006157	0.00139844055477609	0.000217739647783119	9.35360458786638e-05	1.84005336154748e-05	
0.157148453402361	0.296255444008326	0.274344222630176	0.166590111299726	0.0723302275921929	0.024863851784713	0.00658888231724647	0.00151779336195838	0.00028420219834241	5.6840439668482e-05	1.84347371897779e-05	1.53622809914816e-06	
0.14832243137918	0.289576399511142	0.276317266081984	0.171830682787723	0.0771058962789875	0.0274637007202208	0.00742204013866363	0.00164797577229648	0.000249041114843312	4.61187249709836e-05	1.07610358265628e-05	7.68645416183061e-06	
0.141311364781396	0.282528745903622	0.277476739044356	0.175942032111597	0.0821786952911105	0.0297866570936863	0.00844928503086824	0.00190432463496593	0.000348201753642637	5.39250503428863e-05	1.23257257926597e-05	7.70357862041233e-06	
0.133891779108679	0.276994533336201	0.27706520970909	0.181191173442892	0.0866861077906873	0.0316614786111785	0.00978253187350773	0.00225857104665562	0.000394865822442514	6.60670442218992e-05	7.68221444440689e-06	
0.127263450465331	0.269324940933481	0.276788313562776	0.186628749689728	0.0913822638028726	0.034810175069792	0.0103883527872349	0.00275796976652254	0.000551593953304507	9.65289418282888e-05	7.66102712922927e-06	
0.120130667583632	0.261321351377904	0.277582649702805	0.191360772707177	0.0967941003094759	0.0372230682320578	0.0118018372058751	0.00305331090042737	0.00058640762391315	0.000124342977845459	2.14913788868694e-05	
0.114224749539423	0.255633157897159	0.275581033258219	0.194487182830469	0.101923764264096	0.0407854590971914	0.0129452568572739	0.00347599858260252	0.000779261818165084	0.000138058196131609	2.30096993552682e-05	3.06795991403576e-06	
0.108226915220237	0.248749281371937	0.275844617322912	0.198752645162869	0.105072596724279	0.0437216371264663	0.0146034396291268	0.00394480936479395	0.000897520580284516	0.000152899587782711	2.59929299230609e-05	7.64497938913557e-06	
0.102444240570221	0.242517082989423	0.274177761276921	0.203113445777809	0.109193056957617	0.0465636113148149	0.0162591398212384	0.00446750473291624	0.0010079500719526	0.00020864719906477	3.68200939526064e-05	1.07391940695102e-05	
0.0984622058278354	0.235537704953337	0.272857325250313	0.205843217907757	0.113432509802534	0.0501563636867065	0.0173053760496672	0.00487165563993742	0.00123829579733174	0.000226123580382318	6.61449929009502e-05	3.07651129771861e-06	
0.0941778884675171	0.22864267482065	0.269661075526116	0.209527514269729	0.11852670372741	0.0530711494977892	0.0190888140510533	0.00556531064848035	0.00138241634598844	0.000282062527993156	6.66411467236578e-05	7.74897054926253e-06	
0.0885356294333552	0.221097130445471	0.269565109154475	0.211873729020574	0.122877551877743	0.0568403004140262	0.0208164452873989	0.00634186643182883	0.00159946974777233	0.000353190304225992	9.4910169858086e-05	4.66771327170915e-06	
0.0832303512535171	0.213287734795236	0.26679519246843	0.215918660040401	0.128441957945816	0.060080083864648	0.022519095299174	0.00728191363878521	0.00192944933359788	0.000390576788177709	0.00011248611499518	1.24984572216867e-05	
0.0797187591285344	0.20735812597729	0.262754954597501	0.217624261320945	0.132399092106229	0.0645288778014349	0.0245624942397483	0.00824946146528306	0.00227442073346944	0.000449885419807143	7.18566989969742e-05	6.24840860843254e-06	1.56210215210813e-06	
0.0748092601269991	0.201977997001714	0.260704550513959	0.219236044192806	0.136418900721861	0.0676202233302769	0.0269736770413175	0.00899018785211569	0.002623111087587	0.00053084918745826	9.80747765685348e-05	9.34045491128903e-06	6.22696994085935e-06	1.55674248521484e-06	
0.0711485572640666	0.194322030328888	0.259127759777486	0.222034852793668	0.141287815561924	0.0698865435644321	0.0289483167170796	0.00966711853724968	0.00278298200265506	0.000625546963601279	0.000135717171654143	2.02795773736075e-05	9.35980494166502e-06	3.11993498055501e-06	
0.0681580118173232	0.187886072886502	0.256473379801275	0.224371472950506	0.144761429006299	0.0725727264921907	0.0308889530663378	0.0106543237821679	0.00319551659810954	0.000778975467736522	0.000215428085265812	2.80993154694537e-05	9.3664384898179e-06	6.24429232654527e-06	
0.0650122722073902	0.181335322268322	0.251331374565246	0.225958410245928	0.14945566947895	0.0773328506629176	0.0328689190939319	0.0118119020907223	0.00363095061626298	0.0010251545143467	0.000179441048934354	4.05692806286366e-05	1.40432125252973e-05	3.12071389451051e-06	
0.0615845487042843	0.176295480295141	0.24724678071852	0.226090381543309	0.154517664855772	0.0812831304315077	0.0350441111393573	0.0123561405656143	0.00411452890056398	0.00116907857777276	0.00025107727844784	2.9815426815681e-05	1.2553863922392e-05	4.707698970897e-06	
0.0578288742223168	0.170547000055197	0.24343040080745	0.228752789408527	0.157359701621997	0.0855644658923347	0.0370338829355223	0.0135011315339184	0.00446463069413889	0.00115913230667329	0.000310678999203589	2.83869136328153e-05	1.41934568164076e-05	4.73115227213588e-06	
0.0552375297474761	0.163757585902499	0.239014160351332	0.229739738206419	0.161463062596428	0.0893079635592431	0.0401517891123053	0.0145061879487783	0.00512754107007218	0.00133439242507268	0.000295303412412534	5.21123668963296e-05	1.10541384325548e-05	1.57916263322211e-06	
0.0527088765114894	0.159434205103019	0.235643120304848	0.228999436226476	0.163661716935157	0.0928504989474648	0.0429004805498134	0.0162673139271011	0.00535032128774085	0.00172290452329553	0.000382165806267203	6.31679018623477e-05	1.57919754655869e-05	
0.0506751465388358	0.153833740715252	0.231794774436982	0.229277707903209	0.166506086997793	0.096213325739418	0.0451917068115839	0.0179770125853327	0.00602608826344558	0.00187316579257537	0.00051733548494269	7.91032851594327e-05	3.00592483605844e-05	4.74619710956596e-06	
0.0485249185440623	0.148436806673682	0.228506091763125	0.229415735892592	0.170322147140485	0.0988199982250846	0.047512265933035	0.0190533995968407	0.00666068689224996	0.00202688996792474	0.000575262750865271	0.00011885594026142	2.53559339224362e-05	1.58474587015226e-06	
0.0450520312980707	0.144295270083827	0.224525914155494	0.229484825129801	0.173328766123993	0.103006428981481	0.0499776397042732	0.0204652210180436	0.00711247704501556	0.0019727807010032	0.000582002023527471	0.000168098677095128	2.53733852219061e-05	3.17167315273826e-06	
0.0430471239043256	0.13718239312717	0.220547163530885	0.230857994262074	0.175734280143924	0.107517950831365	0.0524085022745645	0.0220418773478736	0.00756867282727575	0.00223493794480813	0.000645120385487169	0.000169601673825865	3.64564345607e-05	7.92531186102173e-06	
0.0404053376968498	0.133309232515808	0.216374602812185	0.229501620462863	0.180134584038916	0.110392843325659	0.0552606376568932	0.0227800293015203	0.00844638519448726	0.00249094633762708	0.000658015741639236	0.000207710993143952	3.32971821070457e-05	1.58558010033551e-06	3.17116020067102e-06	
0.0381549254900593	0.129127305193415	0.211962821942095	0.228718638348079	0.18176080382247	0.114190428917818	0.0578492737718982	0.0248086306885489	0.00924693975613198	0.00315420394013832	0.000772296289013253	0.000179198112235108	6.81904320894658e-05	3.1716480041612e-06	3.1716480041612e-06	
0.0370847364923093	0.124112392636476	0.208204942299559	0.228362732097599	0.183142058517692	0.117095802765932	0.060834295272348	0.0263984685294894	0.00988809707793137	0.00346616041644804	0.00109549748941867	0.00025280711294277	5.24694007994429e-05	4.76994552722208e-06	3.17996368481472e-06	1.58998184240736e-06	
0.0354903085509402	0.119957945933682	0.203364644865234	0.225276858599593	0.186194698183782	0.12070891140365	0.0641020929567428	0.0285478724509116	0.0108905971134166	0.00382033710360607	0.0012686523045852	0.000293994992498334	5.43251616573009e-05	2.23691842118298e-05	3.19559774454711e-06	3.19559774454711e-06	
0.0335496572961795	0.117075423605573	0.197705506432988	0.224584864140987	0.18758499677991	0.124317828429156	0.0666198967973293	0.030831358398361	0.0118000699949981	0.00421248435899444	0.00124968238571079	0.000330798278570504	0.000108668033540069	2.39708897514858e-05	3.19611863353144e-06	1.59805931676572e-06	
0.0320720506971174	0.112984804010369	0.194670261934038	0.222707255568042	0.189814406612556	0.126507134692674	0.0694199745744914	0.0323766438008089	0.0128313852734044	0.00465386200008657	0.00140593764177607	0.000397574156397337	0.00012344036307498	3.52686751642799e-05	
0.0305287065760306	0.109103274381422	0.192117681403041	0.221003904107172	0.190168835793317	0.130272710066309	0.0717592221299038	0.0339869050406932	0.0138119420126202	0.00516644585096384	0.001493312973377	0.000444304719253953	0.00011067518277445	3.20797631230291e-05	
0.0288777484523746	0.105746760400734	0.187665960605315	0.219620463877483	0.191078858528787	0.132863376324267	0.0752333299558189	0.036163529599089	0.0151698648511722	0.00531556439070444	0.00161477356982368	0.000493760444159232	0.000122233855883067	3.37751443887423e-05	
0.0277719084033491	0.102932518682084	0.1834755693338	0.217973512006052	0.191651652717269	0.135214257257101	0.0780478048450028	0.0377577305037751	0.0164860422691736	0.00600826802198139	0.00191619393560104	0.000575825955395263	0.000150005080817253	3.54850728815008e-05	3.22591571650007e-06	
0.0261121622080913	0.0992291296107776	0.180912582359158	0.215366264588354	0.194735811404609	0.136753022061168	0.080709142493684	0.0394547099484846	0.0174955047396471	0.00630226599964718	0.00216711201169172	0.000605302384146904	0.00013433181252458	2.1039922443609e-05	1.6184555725853e-06	
0.0243215024524791	0.0957019814990697	0.176575246223703	0.215837681008574	0.195856806442799	0.139064349930394	0.082571134905869	0.0419865081120464	0.0178650420889658	0.00681912803632531	0.00254355264698612	0.000671667035297485	0.000156125993676897	1.62631243413435e-05	1.30104994730748e-05	
0.0232096064521922	0.0905135468281892	0.174103068546379	0.214473351237949	0.196022889609064	0.143112301124072	0.0847764508044832	0.0437661733373605	0.0190398445726974	0.00738769479432821	0.00253875478567522	0.000824483065444364	0.000182855650157958	3.75507138717235e-05	1.14284781348724e-05	
0.0224651662706095	0.0863524196455221	0.167769483320748	0.212238247540885	0.197680089116937	0.146077403213364	0.0890533282664114	0.0460181985135217	0.020454163656143	0.00792821063172883	0.00285748303369449	0.000853004353094873	0.00019082506560631	5.54534378685003e-05	6.52393386688239e-06	
0.021388127261223	0.0839495757418434	0.163199052517157	0.209843113714165	0.198163440790434	0.148355695442672	0.092285477878547	0.0484124795171731	0.0215422554634392	0.00870094261563671	0.00288463098463585	0.000945860440968899	0.000253094732060288	7.46304979152133e-05	1.62240212859159e-06	
0.0202272623942116	0.0815065957405351	0.158952150841436	0.206236238576801	0.199573923605022	0.150742386157713	0.0948620772523269	0.0509326916207141	0.0230867156394718	0.00918077719971682	0.00323616713106396	0.00109929008917727	0.000241941245623949	0.000105544838695011	1.62376674915402e-05	
0.0191657823052734	0.0772467262326857	0.155696509992061	0.204586616066524	0.199383147739703	0.15384790940227	0.0972895342145974	0.0531203693288797	0.0245257459201189	0.00997820477082406	0.00356352812106215	0.00123566071169493	0.000239633409787802	7.82476440123436e-05	4.07539812564289e-05	1.63015925025716e-06	
0.0179485551795588	0.0748770685925514	0.15241704062881	0.202810372301898	0.198710217182889	0.156357681971851	0.0993282516801847	0.0551136372884611	0.0260365546977621	0.0107736906441915	0.00397482286646255	0.00124192868432061	0.000297867561245965	6.83630468433363e-05	2.76707570556361e-05	1.62769159150801e-05	
0.0173150679590832	0.0717473127449881	0.147242243632542	0.200253090119901	0.199694277531673	0.15742757772612	0.103370582091031	0.0574537314548133	0.027661223117297	0.0117805490983461	0.0043210508275787	0.00126057723391018	0.000326515494865909	9.90917670986093e-05	3.08646487684193e-05	1.29956415867029e-05	3.24891039667571e-06	
0.016019706549434	0.0682293717398449	0.143269477952159	0.19782043480666	0.199753342726702	0.159752887159179	0.106671135567133	0.0597167671626929	0.0291302890575935	0.0128941879346196	0.00478345899404183	0.00137971878467601	0.000439297254554862	8.94864777796941e-05	3.09135105057125e-05	9.76216121233026e-06	9.76216121233026e-06	
0.0151196007515952	0.0655144805499572	0.139501459179514	0.194695310000536	0.200316033760071	0.16241471879329	0.109671510027495	0.0619075382009462	0.0297617404268242	0.0134501110015802	0.0053560089450871	0.00160452905935296	0.00051481347349685	0.00012342531225792	2.11122244651705e-05	2.11122244651705e-05	6.49606906620631e-06	
0.0150719064656647	0.0634180820727479	0.135551509865557	0.191382572226644	0.199481877884648	0.164785853126322	0.112331663000148	0.0641946167825524	0.0317892883602473	0.0139581708797863	0.00556867792939208	0.00180110660249042	0.000470135836833684	0.000165358121920813	1.7832738638519e-05	9.72694834828311e-06	1.62115805804719e-06	
0.0143767090497481	0.0615590590793648	0.13154226272101	0.187770303713861	0.198706599264855	0.167789940036189	0.115164596197694	0.0667521360586169	0.0333866164669225	0.0146087746772584	0.00566207674394073	0.00188411324153488	0.000558255775269594	0.000196363223277968	3.0833894564309e-05	3.24567311203252e-06	8.1141827800813e-06	
0.0129704274902312	0.0598638859679869	0.129384598408433	0.185834274512858	0.197972244940349	0.167964845322013	0.117485168308863	0.0685762874686814	0.0352601550025314	0.0155895029273929	0.00591969466838026	0.00230913528319767	0.000640975711077358	0.000168763225195051	5.35498695330451e-05	6.49089327673274e-06	
0.0122728977973096	0.0563283296548745	0.125908855422763	0.183996024341166	0.199213313260154	0.168328875333538	0.119557220741636	0.0718103376873943	0.0362600223793214	0.0164678025227894	0.00663097018743088	0.00225254853048411	0.00071295515853102	0.000173772669619178	6.82098329346306e-05	1.46163927717066e-05	3.24808728260146e-06	
0.0120527675246686	0.0531912293138429	0.121639085123893	0.181158180351512	0.197302956969534	0.171593862801177	0.122377308986613	0.0744612025063759	0.038117121741752	0.0173441866907852	0.00718831227032356	0.00245748694256358	0.000855557456794348	0.00017600039111198	4.72593642800688e-05	3.58519315228108e-05	1.62963325103685e-06	
0.0110068384717077	0.0512950661813909	0.117770233878997	0.178317638034307	0.196799464673336	0.172099361851447	0.124935124283919	0.0765827226583539	0.0404791826475821	0.0185063080413246	0.00779977477109889	0.00304875063243623	0.00100700168105629	0.000244814022947234	4.24344306441873e-05	3.59060566989277e-05	2.93776827536681e-05	
0.0106352390723327	0.048665612400264	0.114631867162433	0.174349306340628	0.196234047141392	0.173813460193819	0.127500343072228	0.0787269079716916	0.0422370923158356	0.020027249736978	0.00824680289356919	0.00343398963595136	0.00103085036169615	0.000326735455371204	8.98522502270811e-05	3.59409000908325e-05	1.47030954917042e-05	
0.00987985637026008	0.0480656238201784	0.1107393793587	0.171198543436229	0.195140646987584	0.174617676525821	0.129948304407446	0.0812877645047569	0.0441676159718624	0.0208465786604909	0.00892701000733839	0.00340278924117146	0.00117675708628408	0.000434746367988285	0.000119310093470469	2.9418927157102e-05	1.79782332626734e-05	
0.00944335377186544	0.046000591742092	0.108390150926926	0.167999176138082	0.192389738995967	0.177223487257112	0.131710020220579	0.0842513236551353	0.0456752970561648	0.0219058999302006	0.00949075852509101	0.00370574398490894	0.00120146529726867	0.000447893185648456	0.000107886679754738	4.08661665737642e-05	8.17323331475285e-06	8.17323331475285e-06	
0.00927756007526676	0.0443246671930762	0.10625462856246	0.165457722935273	0.189353775026934	0.178776539134955	0.134123274659918	0.0859715117600226	0.0474782202124929	0.0229069906210816	0.0102649867334978	0.00381565202038284	0.00134218093776106	0.000467556331546483	0.000147133111325816	2.45221852209694e-05	9.80887408838777e-06	1.63481234806463e-06	1.63481234806463e-06	
0.00888260347096764	0.0435644859354691	0.103712120592828	0.161845514963745	0.190469962151248	0.17651905925823	0.136719829312755	0.0879366299078714	0.0492360764822732	0.0238537059895855	0.0108886690809211	0.0041282116260249	0.00152866450310229	0.000523179295179393	0.000176573012123045	1.47144176769204e-05	
0.00823280078252364	0.0421242256276492	0.100996087381806	0.159698402347571	0.189478317574177	0.177745353765895	0.137381806325399	0.0897636126507988	0.0511688946853603	0.0255461362895337	0.0110645582001956	0.00444734268014346	0.00160417345940659	0.000559178350179328	0.000163025758069775	2.6084121291164e-05	
0.00780103536577826	0.0396543140783065	0.0974747096778392	0.157314101083197	0.188501973442315	0.177500805320648	0.141197926665387	0.0909247684093046	0.0536180860375296	0.0271612691202645	0.0118992226622111	0.00459276805789198	0.0015846107291487	0.00055965717744061	0.000151302667156909	6.34495055819296e-05	
0.00745904021063875	0.0379412724359651	0.0939205981517164	0.152750429767333	0.186703266556391	0.179403309249048	0.142552891007108	0.0955098038897393	0.0552910486647588	0.0280813790215103	0.012565926065409	0.00522863297463926	0.00175965170583948	0.000561660046328837	0.000188302212064003	7.95414516477255e-05	3.24658986317247e-06	
0.00678817334953422	0.0363240178209802	0.0908950992304577	0.149848521668692	0.185396516808424	0.1782810854597	0.144280275415148	0.0985321992709599	0.0580494127176995	0.0292717699473471	0.013437019036047	0.00588254353989469	0.00204455245038477	0.000667476711219117	0.000215471850951802	6.96638315107331e-05	1.62008910490077e-05	
0.00639930019254389	0.0347240715365906	0.0888719962427312	0.147808501950455	0.18301837155967	0.179598417686278	0.14466453302862	0.100607005498718	0.0597176560969272	0.031029746658726	0.0139864654397441	0.00601679473336787	0.00251937139988928	0.000742415659160199	0.000201743385641358	8.06973542565433e-05	1.29115766810469e-05	
0.00619235921479726	0.0324591684270184	0.0859942552424133	0.144892511206141	0.180565394919883	0.178948876809727	0.147697266731928	0.103214037302282	0.061987995259931	0.0328906692771395	0.0150284661754856	0.00630828481632232	0.00257129424493792	0.000898423411819259	0.000272103148024113	6.11829563604513e-05	1.77108557885517e-05	
0.00606918647860375	0.0312560695877737	0.0820519982086189	0.141617026467817	0.179131693802239	0.178975991319185	0.148681424693772	0.105816691627219	0.0643869896931377	0.0345916341216373	0.0164579129767586	0.00697611331288334	0.00262286450834132	0.00095668742164714	0.000285722082304012	0.000104336715448094	1.76569826142928e-05	
0.00579606716108438	0.0302292387960382	0.0811288668576186	0.137088400471915	0.177914830280995	0.180758214309824	0.149564571660028	0.106534479045112	0.0666869191475956	0.0354980985170683	0.0172596143027521	0.0071590912743954	0.00293821707444876	0.00103512680303337	0.000266818399539658	0.000117335802207199	2.4110096343945e-05	
