# <P(N_1)> as a function of N_tot.
# number_of_species: 2
# species_total_upper_bound: 100
# species_total_lower_bound: 0
# volume: 512
# Bin widths for each species index 
1	1	1	1	1	1	1	1	1	1	1	1	1	1	1	1	1	1	1	1	1	1	1	1	1	1	1	1	1	1	1	1	1	1	1	1	1	1	1	1	1	1	1	1	1	1	1	1	1	1	1	1	1	1	1	1	1	1	1	1	1	1	1	1	1	1	1	1	1	1	1	1	1	1	1	1	1	1	1	1	1	1	1	1	1	1	1	1	1	1	1	1	1	1	1	1	1	1	1	1	1	
# Bin lower bound for each species index 
0	0	0	0	1	1	2	3	3	4	5	5	6	7	8	9	10	11	11	13	14	15	15	16	17	18	18	19	20	21	22	22	23	24	24	25	26	27	28	29	30	31	32	34	34	35	36	37	37	39	40	40	40	41	41	42	44	45	45	46	47	48	48	49	49	50	51	54	55	56	57	58	59	60	60	62	62	63	64	66	67	67	67	68	70	70	71	71	72	73	75	76	77	78	79	80	80	81	82	83	84	
# Bin upper bound for each species index 
0	1	2	3	4	5	6	7	8	9	10	11	12	13	14	15	16	17	18	19	20	21	22	23	24	25	26	27	28	29	30	31	32	33	34	35	36	37	38	39	40	41	42	43	44	45	46	47	48	49	50	51	52	53	54	55	56	57	58	59	60	61	62	63	64	65	66	67	68	69	70	71	72	73	74	75	76	77	78	79	80	81	82	83	84	85	86	87	88	89	90	91	92	93	94	95	96	97	98	99	100	
# Normalized histogram for each species index 
1	
0.0501570799661038	0.949842920033896	
0.00271337852152179	0.09401856577073	0.903268055707748	
0.00014530056459648	0.00689139820657589	0.13478184158087	0.858181459647957	
0.000487465903315805	0.0126689276787289	0.168829148386695	0.81801445803126	
6.75338708336797e-05	0.00122080458814729	0.0207744576510681	0.201941858532125	0.775995345357826	
4.69723698082483e-05	0.00209809918476843	0.0298587697414432	0.232033068548345	0.735963090155635	
0.000141908831459611	0.00383679433205615	0.0389723698249266	0.256108649606072	0.700940277405486	
5.29655406192731e-06	0.000201269054353238	0.00490990561540662	0.0501689600745755	0.280272454740946	0.664442113960657	
4.74738630009811e-05	0.000664634082013736	0.00768549093249217	0.0632932091276414	0.299924041819198	0.628385150175653	
0.000116748036510295	0.00104011887072808	0.0105232434727234	0.0756421142008066	0.317782848652091	0.594894926767141	
1.05392402261721e-05	5.79658212439465e-05	0.00147549363166409	0.0140119198806958	0.0867484863016225	0.32611044069833	0.571585154426217	
4.16081551984189e-05	0.000114422426795652	0.00244968013730691	0.0178967077547199	0.0979664014146773	0.338648775159931	0.542882404951371	
1.02756969491456e-05	0.000292857363050649	0.00312894972101483	0.022020818562019	0.10937965617518	0.349024322574679	0.516143119907108	
5.16384892643581e-06	0.000371797122703378	0.00421886457289806	0.0258347361789583	0.12197527549134	0.360777469094364	0.486816693690809	
1.54552339149653e-05	0.000510022719193855	0.00527023476500317	0.0299316363486495	0.135027226970414	0.366263285061486	0.462982138901339	
5.68443137599413e-05	0.000707970089555632	0.00610817989675006	0.0361891572055335	0.145914185756882	0.372164889851223	0.438858772886296	
0.000128731276035901	0.000870223426002688	0.00770842880902973	0.0418273662095848	0.157335365571078	0.372692491877056	0.419437392831213	
1.02308070060566e-05	0.000209731543624161	0.0013555819283025	0.00908495662137829	0.0474197904730725	0.171514364053036	0.374590767719758	0.395814576853822	
0.000219717331098689	0.00183438422940533	0.0108938918581955	0.0545563242823419	0.181624477532625	0.376759016075133	0.3741121886912	
0.000422056789520788	0.00211536896916443	0.0134447970059393	0.0619914978439509	0.189803514766903	0.375432226832642	0.35679053779188	
0.000427820559833761	0.0027044371103777	0.017357291284684	0.066592307378886	0.198294829482948	0.372759035162776	0.341864279020495	
2.51021658148665e-05	0.000441798118341651	0.00352434408040726	0.0186960930989126	0.0729167712590242	0.204783468717681	0.374499211791993	0.325113210767825	
6.0073289413084e-05	0.000680830613348285	0.00481086926049781	0.0211658223032099	0.0797172550511624	0.215167504355313	0.372204088988566	0.306193556138489	
0.000171785712481243	0.000843770999540221	0.00499189070386669	0.0231405459754144	0.0866204192581889	0.223033432531161	0.368990657888754	0.292207496930594	
0.000267652435637164	0.00126756153480997	0.00625700693876314	0.0261541880031108	0.0945722106071165	0.232029411467644	0.363194255067721	0.276257713945197	
3.02550500721079e-05	0.000216827858850106	0.00164385772058453	0.00736206218421291	0.0301491573968555	0.0990298213943544	0.236523896447049	0.360524219167583	0.264519902780439	
1.51705166066588e-05	0.000237671426837655	0.00165358631012581	0.00890003640923986	0.0329099073587119	0.108105101339051	0.242182127108702	0.355369351510983	0.250627048019742	
5.07931347999004e-06	0.000259044987479492	0.00208251852679592	0.00945768169974146	0.0379373923820456	0.114218522224536	0.250354282115229	0.348694870401317	0.236990608349375	
2.0168812964513e-05	0.000403376259290259	0.00249084840111735	0.011007129675383	0.0429797404273771	0.120861611689844	0.254212760807963	0.342501739560118	0.225522624365943	
7.07038568953936e-05	0.000489876722775227	0.00276250069441288	0.0128883030569318	0.0457302445848421	0.129615320515734	0.256756006040129	0.338009888439414	0.213677156088865	
5.07112249296382e-06	7.09957149014934e-05	0.000618676944141586	0.00348893227515911	0.0143512766550876	0.0499404143107077	0.135809731484064	0.261766271964299	0.331975962879383	0.201972666649763	
1.01482661687251e-05	0.000197891190290139	0.000771268228823106	0.00373963608317519	0.0165467479881062	0.0538111813596647	0.140903601619663	0.265975908016115	0.325287449639229	0.192756167608764	
5.59295491061441e-05	0.000188126665175212	0.00101690089283898	0.00463706807134577	0.0185025117452053	0.0578362382802172	0.148147206573247	0.269270271919299	0.317878134597002	0.182467611706563	
5.10727838242279e-06	7.66091757363419e-05	0.000286007589415676	0.0010980648522209	0.00535753502316151	0.020572117324399	0.0625845892982089	0.154183627086962	0.271538669758273	0.313326421483256	0.170971251129985	
1.02114797455299e-05	0.000137854976564654	0.000194018115165069	0.00135812680615548	0.00605540748909925	0.0218066149965792	0.0670792104483861	0.16056020177884	0.273759560497912	0.303765993730151	0.165272799681402	
4.0859270457726e-05	6.63963144938047e-05	0.000178759308252551	0.00137900037794825	0.0063893684178269	0.0236830546390594	0.0728214347732821	0.168258475744916	0.271852048581673	0.297338018529679	0.157992584042412	
3.0720235931412e-05	8.19206291504319e-05	0.000271362084060806	0.00146945128538587	0.00728581595506653	0.0274894911192918	0.076324426171593	0.171813159525065	0.276553803933214	0.289737905187112	0.148941943874129	
3.10430463576159e-05	6.72599337748344e-05	0.000258692052980132	0.00157802152317881	0.00837644867549669	0.0286630794701987	0.082786630794702	0.176148592715232	0.278057740066225	0.282538286423841	0.141494205298013	
5.17309164649161e-06	9.3115649636849e-05	0.000310385498789497	0.00200198646719225	0.00964264282906036	0.0312816851863348	0.0872597098930205	0.182873962795125	0.278839985929191	0.275953400790448	0.131737951869555	
1.0312999535915e-05	0.000139225493734853	0.000618779972154901	0.00264012788119425	0.0104573815294178	0.0353065539112051	0.0916567833754448	0.18838756252256	0.276945289537462	0.266859175991337	0.126978806785954	
1.55515351957161e-05	0.000103676901304774	0.000497649126262914	0.0032295354756437	0.0116273644813304	0.0379353781874167	0.0975547802827269	0.191885208934875	0.277677844764576	0.259622512402349	0.119850497908319	
1.03524491306531e-05	5.6938470218592e-05	0.000879958176105512	0.00348877535703009	0.013204548866148	0.0416116692806601	0.101650698013883	0.195526706730645	0.277295526189108	0.254530490550802	0.111744335916269	
0.00012392213559147	0.000986213662415449	0.00414622811999793	0.0150720297413125	0.0432694790106883	0.102530076934993	0.199256467186451	0.278845458770073	0.249842515619353	0.105927608819125	
3.10983953228013e-05	0.000134759713065473	0.000870755069038438	0.00464402703487167	0.0167361197495543	0.0458649500352449	0.106916283119791	0.204746651739437	0.274775054940498	0.243479703113986	0.10180059708919	
2.07823516269984e-05	0.000238997043710481	0.0012365499218064	0.00514882761558884	0.0173272856690099	0.0488177439718191	0.113637898696427	0.205828410513792	0.271620140176962	0.237043502657543	0.0990798613817147	
4.69175190015952e-05	0.000312783460010635	0.00154827812705264	0.00581255929853096	0.0188608426386413	0.0527144391271256	0.118597061920699	0.209945471416805	0.267356875501757	0.229051327765788	0.095753443224589	
8.31977037433767e-05	0.000358790097393312	0.00198114532038916	0.00597463510007124	0.0211842153156573	0.057396015869962	0.122077030673953	0.209710211998149	0.268125399738967	0.223354635412063	0.0897547227696516	
5.19847788567507e-06	7.2778690399451e-05	0.000426275186625356	0.00220415462352623	0.00672163190617787	0.0218855918986921	0.0600372211016614	0.128137281404005	0.214546380819696	0.265933334719594	0.215825206379572	0.0842049447921649	
6.71779077699002e-05	0.00058393104446144	0.00249075011885322	0.00807685152648877	0.0248351557493954	0.064563136898241	0.133575518303396	0.21654540193059	0.262050683147647	0.206763265053019	0.0804481283201389	
0.000154663889590605	0.00064958833628054	0.00306234501389397	0.00893957281833695	0.0273909748464961	0.0673612793796947	0.136815676731849	0.217967819600039	0.258695977192232	0.202790136568215	0.0761719656233728	
2.0705219785908e-05	0.000227757417644988	0.000647038118309626	0.00316789862724393	0.00966933764001905	0.0288527237716628	0.0691243762552539	0.142115452305526	0.220101662629149	0.256858604054082	0.196347599229766	0.0728668447315568	
1.54702172534176e-05	4.64106517602529e-05	0.000278463910561517	0.00085086194893797	0.00338282083941399	0.0108549357728147	0.0306258734226824	0.0716838300132528	0.145048756968044	0.22168305650239	0.257249085967997	0.189236854182889	0.0690435796020029	
4.6251567414229e-05	6.16687565523054e-05	0.000236396900117171	0.00127962669846034	0.00412152856291241	0.0119945731494234	0.0323658190638683	0.0758165971180134	0.147162209385985	0.225229716118157	0.251721586120419	0.184795568072029	0.0651684584866487	
5.14699827060858e-06	4.11759861648686e-05	5.14699827060858e-05	0.000370583875483818	0.00141542452441736	0.00493082434324302	0.0119616239808943	0.0337797496500041	0.0796137692497735	0.152392324796179	0.226092193033023	0.247354442888907	0.180628757308738	0.0613625133821955	
1.02892831970861e-05	2.05785663941721e-05	3.08678495912582e-05	0.000385848119890728	0.00143535500599351	0.00458902030590039	0.01320629498346	0.0355700520123266	0.0851541077390844	0.155774602962285	0.228118553120997	0.243938326036517	0.173472170061273	0.0582939339530912	
3.08405594477484e-05	2.5700466206457e-05	0.000318685780960067	0.00128502331032285	0.00469290512929905	0.0141455366000339	0.0390904091000211	0.088903052701376	0.159461112624583	0.227793512174311	0.239322741314527	0.167253493978381	0.0576769862605308	
3.07640245496916e-05	3.07640245496916e-05	0.000343531607471556	0.00139976311701097	0.00496838996477519	0.0160126747781145	0.042290279080976	0.0919844334035779	0.161470110186481	0.227720437054242	0.238046894628089	0.162326375536448	0.0533755825937149	
1.52934819180065e-05	3.05869638360131e-05	4.07826184480175e-05	0.000418021839092179	0.00170267432020473	0.00552604479970637	0.0178169064344776	0.0453400760595834	0.0952019249395907	0.165720170063519	0.227760728377565	0.232991099193524	0.156911124478747	0.0505245664297876	
5.09484045507115e-06	1.52845213652134e-05	8.15174472811384e-05	0.000616475695063609	0.00174243543563433	0.00672009456023885	0.0192228330369834	0.0468062992607386	0.0982641878569573	0.169795747846156	0.227780127065321	0.229089501062274	0.150756329065555	0.0491040723059757	
5.10704363458081e-06	1.02140872691616e-05	0.000209388789017813	0.000485169145285177	0.00187428501389116	0.00747160483739173	0.0208418450727243	0.0482053848668083	0.102574971400556	0.172643610067004	0.22758007844419	0.225409584899493	0.147220746854061	0.045468009478673	
1.53380506360178e-05	5.11268354533928e-05	0.000204507341813571	0.00056750787353266	0.00228536954476666	0.00786841997627715	0.0205274244345372	0.0506922573520389	0.10630802895824	0.174950918237965	0.230985929894883	0.224109370526402	0.137689680559532	0.0437441204139229	
1.02412322250613e-05	5.12061611253066e-06	1.02412322250613e-05	0.000215065876726288	0.000752730568542007	0.00273440900409137	0.00812641777058616	0.0217523772460302	0.0540071381388609	0.109540219879256	0.179206202090235	0.230781047575644	0.21877320279176	0.133694166082063	0.0403914198956418	
1.02634104286513e-05	0	6.67121677862337e-05	0.000256585260716283	0.000949365464650249	0.00336639862059764	0.00892403536771234	0.0247502142486927	0.0563820451897961	0.113092519513309	0.181041428256195	0.23047001288058	0.213212088244803	0.129534503020009	0.037943828354724	
5.15105467844541e-06	1.03021093568908e-05	0	5.15105467844541e-05	0.000226646405851598	0.00125170628686224	0.00364694671233935	0.00962217013933603	0.0258273881577253	0.0602776418471682	0.11680016483375	0.18359904190383	0.22872743194169	0.207747186236382	0.1243876683751	0.0378190434491462	
1.04006323584474e-05	1.04006323584474e-05	1.56009485376711e-05	6.76041103299081e-05	0.000234014228065066	0.00133128094188127	0.00376502891375796	0.0108842617631152	0.027920497566252	0.0638390814161501	0.120829346424263	0.186550942297292	0.224362441236427	0.204242417939011	0.120153305320964	0.0357833756292383	
5.20692312498698e-06	1.0413846249974e-05	7.28969237498178e-05	0.00017182846312457	0.000333243079999167	0.0012392477037469	0.00442067773311395	0.0114396101055964	0.0310592964405474	0.0663726490742091	0.122409555745319	0.187011850957032	0.225350425926312	0.198482702601379	0.117447358007206	0.0341730364692896	
8.85135451757515e-05	0.000166613732095532	0.000400914292854874	0.00142142340194001	0.00487345166379432	0.0129646310286836	0.0318284295093746	0.0677805488881137	0.125533033775727	0.19024164197833	0.223199920858477	0.196375109991097	0.112651709613092	0.0324740577212448	
6.26671122994652e-05	0.00012533422459893	0.000506559157754011	0.0015823445855615	0.00513870320855615	0.0134316510695187	0.0330777907754011	0.0716076203208556	0.130342371323529	0.189907461564171	0.221382018716578	0.193119151069519	0.107829211229947	0.0318871156417112	
5.29069736681992e-05	0.000148139526270958	0.000454999973546513	0.0015395929337446	0.00515842993264942	0.0149197665744322	0.0362888932390178	0.0756093560692235	0.132283306262598	0.192179291152367	0.219944870933438	0.18596801244372	0.1058615636127	0.0295908703726238	
3.1755776905082e-05	0.000174656772977951	0.000582189243259836	0.00216997808851394	0.00567369880704131	0.0167564649469149	0.0379111049951837	0.0782038932582486	0.134295180531592	0.194054260037472	0.216659080564406	0.183447830551174	0.102782864582782	0.0272570418435287	
1.59392184469888e-05	0.000191270621363866	0.00063225566506389	0.00239088276704832	0.00603033764577744	0.0179634991897564	0.0390563982679383	0.0825332731185081	0.137427941449938	0.196408362776612	0.212623861010015	0.181680524931594	0.0976702175703318	0.0253752357676062	
1.60005973556346e-05	0.000240008960334519	0.000768028673070461	0.00255476204444966	0.00643757366941699	0.0177233283375913	0.0422095758241641	0.0842164774151568	0.140218568159878	0.19724469713536	0.215586715237369	0.175281210498525	0.0941368477756503	0.0233662056716784	
5.89546799296831e-05	0.000326930497791879	0.000809286969943832	0.0024278609098315	0.00722998756592205	0.0191977875916477	0.0445482999614115	0.085998799468336	0.143919092741071	0.196394117394846	0.214696865754834	0.172276293787249	0.0895092826823307	0.0226064399948549	
1.07269665211375e-05	2.68174163028437e-05	0.000241356746725593	0.000874247771472705	0.00308400287482703	0.00770196196217672	0.0212179397788099	0.0479549038327451	0.0876822243437778	0.147297340784999	0.199956019437263	0.209363569076301	0.1659729894983	0.086448623193847	0.0221672763159306	
3.19529652351738e-05	0.000372784594410361	0.000963914451261077	0.00318997102931152	0.00838765337423313	0.022276542263122	0.0488134798909339	0.0924186264485344	0.149795501022495	0.19877407123381	0.208359960804363	0.161942953306067	0.0837061179277437	0.0209664706884799	
5.33299202184394e-06	9.59938563931908e-05	0.000266649601092197	0.00126925210119886	0.00341844788600196	0.00881543581210802	0.0235344937923973	0.0516126967874056	0.0948579290925381	0.15218759332736	0.199187252015871	0.205485515593669	0.159365800588762	0.0804108537053629	0.0194867528478177	
1.61338897732651e-05	9.68033386395904e-05	0.000268898162887751	0.00135524674095427	0.00335047110958138	0.00988469646775373	0.0248085445080239	0.0545379253968937	0.098018758335843	0.15446586068924	0.199189003140731	0.202480316654477	0.155353224626769	0.0775609861033429	0.0186131308350901	
1.07994276303356e-05	4.31977105213424e-05	0.000215988552606712	0.00109614190447906	0.0036880045357596	0.0106212370744351	0.026323604848943	0.0572099678717028	0.102556764491482	0.154993385350576	0.196096006911634	0.201366127595237	0.154232025702638	0.0746294446394341	0.0169173033829207	
9.18819587071668e-05	0.000221597665117285	0.000951248513674197	0.00423197492163009	0.0116311750081072	0.0278726624148741	0.0602907793752027	0.10563722840774	0.155215652361907	0.197767808885526	0.198681223651497	0.14961625770187	0.0715274024429791	0.0162631066911685	
9.82924418572903e-05	0.00034948423771481	0.00110852031650166	0.00506206075565045	0.0130783554582339	0.0297116208969731	0.0603187951530905	0.107750359040447	0.15830543830238	0.200887908391444	0.198594418081441	0.143850988658144	0.0655392159539555	0.0153445423121659	
1.10138223470455e-05	0.000115645134643978	0.000346935403931935	0.00180075995374195	0.00570515997576959	0.0137397433779393	0.0298805000275346	0.0621950547937662	0.110452117407346	0.161996805991519	0.204020045156672	0.194195715623107	0.138151880610166	0.0623657690401454	0.0150228536813701	
1.65133675710488e-05	1.10089117140325e-05	7.70623819982276e-05	0.000401825277562187	0.00191004618238464	0.00580169647329513	0.0143721342426694	0.032157031116689	0.0660754881076231	0.112136774719135	0.165397889591624	0.201083276912661	0.188879898277656	0.13347204562093	0.06366453644225	0.0145427723742369	
5.52733543740569e-06	4.42186834992455e-05	0.000105019373310708	0.000514042195678729	0.00180743868803166	0.00594741293064852	0.0148851143329335	0.0343413350726016	0.0685389594238306	0.115587638667028	0.168716386891371	0.197712788596002	0.184474820223415	0.131384763347133	0.0616684814751353	0.0142660527639441	
5.00954596815042e-05	0.000150286379044513	0.000773696543969898	0.00227099417222819	0.00588899959367016	0.0162531935855547	0.0357124965907257	0.0700445849591165	0.116744685706652	0.168704809720746	0.197287052550137	0.185214046766895	0.127704459052528	0.0600922869690577	0.0131083119499936	
5.62977475271214e-06	7.31870717852579e-05	0.000281488737635607	0.000895134185681231	0.00235324584663368	0.00670506173048016	0.017210221419041	0.0367849482342211	0.0725171285896851	0.120190061195652	0.16884257460859	0.197256047785528	0.183260427750286	0.124688251223069	0.0564216025716811	0.0125149892752791	
5.09704201661636e-05	2.83169000923131e-05	0.000249188720812355	0.000934457703046332	0.00268444212875128	0.007651226404943	0.0181171526790619	0.0375821898025179	0.0740543571214172	0.123450357642448	0.168972606230851	0.197351803503367	0.180503247948441	0.1215644520963	0.0545666664778873	0.0122385642198977	
7.96567930175131e-05	2.27590837192895e-05	8.53465639473355e-05	0.000267419233701651	0.000881914494122467	0.00363007385322667	0.00830706555754065	0.0182072669754316	0.0398397760506162	0.0776483038792858	0.12428735619104	0.171649009410881	0.195785017695188	0.17808983010344	0.119274668001866	0.0509063805091207	0.0110381556038554	
3.42649595102395e-05	2.85541329251996e-05	9.70840519456786e-05	0.000308384635592156	0.00103937043847727	0.00374630223978619	0.00768106175687869	0.0202106152844563	0.0419917078797985	0.0791863214281635	0.127722636574418	0.175944856258495	0.195167498543739	0.174157367537377	0.114005231117152	0.0480166299270156	0.0106621132342695	
2.27361863457833e-05	1.70521397593375e-05	0.000125049024901808	0.000483143959847895	0.00117091359680784	0.00348432055749129	0.00841807299452626	0.0211162330686462	0.0439774684393313	0.0799802195178792	0.131693675361363	0.177262676844899	0.194388709209861	0.169816575816655	0.110850276528866	0.0472401111799512	0.00995276557286663	
4.52432389634774e-05	0.000141385121760867	0.000554229677302598	0.0012724660958478	0.00370429019013471	0.00882243159787809	0.0221861533067152	0.0450961984368461	0.0830722421418149	0.133275271176664	0.179117983056407	0.193177319564308	0.167405639569737	0.108074787074007	0.0443383741842079	0.00971598556740677	
2.80954120192173e-05	0.000185429719326834	0.000539431910768971	0.00128115078807631	0.00371421346894052	0.00970977439384149	0.0229314752900851	0.0465091450566123	0.0848650015452477	0.135487314921473	0.182771893349816	0.188992217570871	0.164594161773382	0.104144073272835	0.0442502739302672	0.0099963475964375	
1.125644431437e-05	0.0002251288862874	0.000624732659447534	0.00160967153695491	0.00395101195434386	0.0103390441027488	0.0233289808415318	0.0484646209955199	0.0883687160899615	0.138730047952453	0.177379049505842	0.190903667349558	0.161895810351426	0.101392422161688	0.0435736959409262	0.00920214322699746	
2.2424792850976e-05	0.00019621693744604	0.000700774776593001	0.00169307186024869	0.00428874163274917	0.0104107100810656	0.0251045555966677	0.0503548723468667	0.0900355432966688	0.138220816935204	0.178506957291982	0.191160146658145	0.159866348234608	0.0997679033939924	0.0415699597474968	0.00810095641741509	
4.51077794004048e-05	0.000174792645176569	0.000642785856455769	0.00162388005841457	0.00408789250816169	0.0116378070853044	0.0263824124768118	0.0530580255197262	0.0914954920412962	0.143826154618191	0.177814866396396	0.190168759479682	0.156225155480877	0.0956397692737084	0.039441114613229	0.00773598416716943	
9.56900094001362e-05	0.000208266491047355	0.000652943593553871	0.00177870841002606	0.00475635634959501	0.0120400547121701	0.0275362074109098	0.0558942231378443	0.0972210495505384	0.144013464147205	0.17904726523582	0.187884519045126	0.150768053046038	0.0935397986006743	0.0373697630827944	0.0071936371772573	
1.11665717508068e-05	3.90830011278237e-05	0.00031266400902259	0.000792826594307282	0.00218864806315813	0.00555536944602638	0.0133105535269617	0.0289493372639666	0.0587194175516175	0.0997174857347046	0.144367022880306	0.17958639018235	0.184879345192233	0.148448404855225	0.0904603977532858	0.0361741091867386	0.00648777818721874	
1.6825386142612e-05	0.000151428475283508	0.000269206178281792	0.000891745465558435	0.00266962793462777	0.00618613363843367	0.0141445412838891	0.0315924667137777	0.0602068400803132	0.100834539152674	0.14456932619937	0.182022635752824	0.183015333535238	0.145954616325111	0.0871162409843973	0.0338358515327927	0.00652264136128591	
3.36912088405732e-05	3.36912088405732e-05	0.00029760567809173	0.000909662638695476	0.00254930146893671	0.00696846502852522	0.0158460985580163	0.0331240734917569	0.0620648218858093	0.101870985130947	0.150318943443691	0.179776290373299	0.179192309420062	0.143709851309465	0.0850197655091865	0.0322986388751628	0.00598580477067517	
1.68208578637511e-05	0.000134566862910008	0.000274740678441267	0.000740117746005046	0.00273058592654892	0.0072049341183067	0.0164003364171573	0.0342192318474909	0.0634314550042052	0.107984300532661	0.151460611157836	0.178357162881974	0.178368376787216	0.14094196804037	0.0803308102046538	0.0313596860106532	0.00604429492570788	
6.1980560642344e-05	0.000174672489082969	0.000180307085505001	0.00108184251303	0.00303704747147486	0.00730243696295253	0.0164417523594873	0.0347598253275109	0.0681448091280462	0.109406958726581	0.151508663191999	0.178644879560501	0.178137765882519	0.134869699957741	0.0795605014790816	0.0311931257923651	0.00549373151148049	
