# <P(N_2)> as a function of N_tot.
# number_of_species: 2
# species_total_upper_bound: 100
# species_total_lower_bound: 0
# volume: 512
# Bin widths for each species index 
1	1	1	1	1	1	1	1	1	1	1	1	1	1	1	1	1	1	1	1	1	1	1	1	1	1	1	1	1	1	1	1	1	1	1	1	1	1	1	1	1	1	1	1	1	1	1	1	1	1	1	1	1	1	1	1	1	1	1	1	1	1	1	1	1	1	1	1	1	1	1	1	1	1	1	1	1	1	1	1	1	1	1	1	1	1	1	1	1	1	1	1	1	1	1	1	1	1	1	1	1	
# Bin lower bound for each species index 
0	0	0	0	0	0	0	0	0	0	0	0	0	0	0	0	0	0	0	0	0	0	0	0	0	0	0	0	0	0	0	0	0	0	0	0	0	0	0	0	0	0	0	0	0	0	0	0	0	0	0	0	0	0	0	0	0	0	0	0	0	0	0	0	0	0	0	0	0	0	0	0	0	0	0	0	0	0	0	0	0	0	0	0	0	0	0	0	0	0	0	0	0	0	0	0	0	0	0	0	0	
# Bin upper bound for each species index 
0	1	2	3	3	4	4	4	5	5	5	6	6	6	6	6	6	6	7	7	6	6	7	7	7	7	8	8	8	8	8	9	9	9	10	10	10	10	10	10	10	10	10	9	10	10	10	10	11	11	10	11	12	12	13	13	12	12	13	13	13	13	14	14	15	15	15	13	13	13	13	13	13	13	14	13	14	14	14	14	13	14	15	15	14	15	15	16	16	16	15	15	15	15	15	15	16	16	16	16	16	
# Normalized histogram for each species index 
1	
0.949660490682872	0.0503395093171278	
0.903919449595958	0.0935277714773652	0.00255277892667654	
0.858029702708188	0.134937303107048	0.00687415617306284	0.000158838011701067	
0.816877152698048	0.169734169389738	0.0128411198445642	0.000547558067649916	
0.775252012121319	0.202342983858856	0.0210576999531757	0.00127220843014781	7.50956365017802e-05	
0.734749399739924	0.232607991336727	0.0303569605758946	0.00216581823991763	0.000119830107536426	
0.699156899033518	0.257163676027501	0.0394415685433039	0.00403222201360763	0.000205634382068682	
0.664387013173998	0.279681988337773	0.0504778273702397	0.00523270462889641	0.000215967172989706	4.4993161039522e-06	
0.628324034813658	0.30006248605222	0.0630261102432493	0.00785985271144834	0.000687346574425351	4.01696049988842e-05	
0.596109005142343	0.316985844011117	0.0753180957666298	0.0104771324612087	0.00101146174123586	9.8460877465438e-05	
0.573659961294675	0.325328906485805	0.0858130781385935	0.0136400759902704	0.00146476572625748	8.43349963602791e-05	8.87736803792412e-06	
0.542358818571328	0.339910971412517	0.0976899978928145	0.0175642691578282	0.00232229402261712	0.000118529184519211	3.51197583760624e-05	
0.515328074189529	0.349239566012096	0.110025224787152	0.0220423828523547	0.00308254713909234	0.000273521788398335	8.68323137772491e-06	
0.486428310518168	0.360530343879912	0.122384373206241	0.0260432067627977	0.00423544554799882	0.00037397157816006	4.34850672279139e-06	
0.461977499631355	0.366550435001344	0.135548674178355	0.0301465039423352	0.00521741393218663	0.000546462307111817	1.30110073121861e-05	
0.436825529761749	0.373459132665079	0.146435830999677	0.0362959861114746	0.00622017500239909	0.000711001770961466	5.23436886597399e-05	
0.418683721961591	0.37252659817302	0.157862928646895	0.0420918533720005	0.00786966786523302	0.000830445614508015	0.00013478436675261	
0.394703297368069	0.374926002583968	0.171786351635721	0.0479503255886305	0.00908277772256478	0.00132655221732987	0.000216050849727992	8.64203398911968e-06	
0.373451006467993	0.377142684432777	0.181526929819259	0.0546152451187814	0.0111657066864708	0.00188685762644537	0.000207252096268599	4.31775200559581e-06	
0.357040310170817	0.375420166261187	0.19008708509925	0.0616473096464156	0.0132862804432485	0.00214488966068619	0.00037395871839619	
0.341112045361447	0.374158635707048	0.19812862471164	0.0665976758726257	0.0168466895198672	0.00272513636461635	0.000431192462755751	
0.325207482151844	0.374094797806191	0.205281518948473	0.0731198662561093	0.0183258130826773	0.00346727624766503	0.000481921544878411	2.13239621627615e-05	
0.306067455908458	0.372569803626085	0.214768271969145	0.0797713157009736	0.0213401785372208	0.00473374796197677	0.000681114814672916	6.81114814672916e-05	
0.291651622221076	0.369491583707295	0.222937191588865	0.0867075875586733	0.023091074775193	0.00506353054452296	0.000894069909389453	0.000163339694984612	
0.275591533362869	0.36315266528739	0.23294005307778	0.0945421073685207	0.0262248966617775	0.00607770690226204	0.00120865933442012	0.000262378004980881	
0.263102140945584	0.360010807657998	0.237554038289988	0.0998636176490771	0.0303643724696356	0.00738523296507239	0.00149677485761339	0.000197282645989158	2.57325190420641e-05	
0.249458505561644	0.355729485774445	0.24200702432626	0.108467160843264	0.0334820465469482	0.00895299569393267	0.00167410232734741	0.000215734835998378	1.29440901599027e-05	
0.236595412565581	0.34889650088887	0.250132246455361	0.114325976672592	0.0382604171183281	0.00944369769761089	0.00208125569093353	0.00025582101201058	8.67189871222304e-06	
0.225394197312085	0.342249932090701	0.253631530610925	0.12159429475654	0.04304371634178	0.0112578526864056	0.00240161775041285	0.000396676540463163	3.01819106874146e-05	
0.213499474501425	0.338135626208322	0.25649953072761	0.129640282168947	0.045776764745317	0.0131266516441834	0.00274210778992167	0.000506035664701634	7.35265495720322e-05	
0.201748858070432	0.331283437566549	0.261798490175712	0.136357907454812	0.0500362896741752	0.0144680629136914	0.00349858535461748	0.000660602452051996	0.000143420269195499	4.34606876349998e-06	
0.191940057055385	0.325480969941553	0.264977038686335	0.141886132758141	0.0543026370720846	0.0165295365989424	0.00377904954077373	0.000843654327859727	0.000221785416086836	3.91386028388533e-05	
0.181891722626213	0.317947357433631	0.268849378936015	0.148907484081973	0.0582008280853137	0.0183013813019728	0.00467102745207195	0.000995963953933405	0.000187015065585749	4.78410632893775e-05	
0.170344616461121	0.312520773200385	0.271827166972798	0.155003061313741	0.0630411965363422	0.0205151753695443	0.00529607277180093	0.00108457972535642	0.000297384763404181	6.5599580162687e-05	4.37330534417913e-06	
0.164845412277706	0.302853590410395	0.273223182466924	0.161430560298406	0.0685159403539188	0.0215267015156689	0.00595410088698591	0.00134405071492991	0.000179498629681193	0.000118206414668103	8.75603071615575e-06	
0.158500696311737	0.296125178457253	0.271184956163016	0.168870923948744	0.0728981457962916	0.0242220139612693	0.00652518546416403	0.00139700279400559	0.000183931402345563	5.69311483450553e-05	3.50345528277263e-05	
0.149446534874655	0.289181695132048	0.27482270280215	0.172623297662174	0.0771697278449684	0.0275265124469423	0.00738099514212249	0.00149810109116077	0.000254063927740715	7.00866007560592e-05	2.62824752835222e-05	
0.141647828175332	0.282841769892786	0.277329032428645	0.175812699126158	0.082995121822244	0.0291104266092038	0.00828452952244975	0.00165690590448995	0.00023795989053845	5.72866403148121e-05	2.64399878376056e-05	
0.13208874197221	0.277131842578388	0.278283536491554	0.182183031416627	0.0869572862223121	0.0313682739097371	0.0096267544650118	0.00198689178912572	0.000290121367438712	7.91240093014669e-05	4.39577829452594e-06	
0.127256290097873	0.267968432683615	0.276607081246097	0.18805438243271	0.0917059365596517	0.0349825960492813	0.010206532705015	0.00251996977783213	0.000572124854239183	0.000117918863087465	8.7347305990715e-06	
0.119850515441334	0.260691081309611	0.277510284730406	0.191543520072201	0.0973577333724715	0.0377610612877928	0.0116450749394307	0.00304927470197283	0.000490687883076087	8.7622836263587e-05	1.31434254395381e-05	
0.112311175932131	0.255429855335252	0.277271911037531	0.195233903145133	0.101300362209346	0.0411482080053959	0.0130605594754753	0.00339434392806619	0.000792743549651587	4.81777847854556e-05	8.75959723371919e-06	
0.105424993548444	0.250346634474493	0.279035284546445	0.199552108893525	0.102223271967003	0.0434156945592603	0.0149063758873624	0.00406338708901398	0.000927274556373482	0.000104974478080017	
0.101620895640304	0.243257240922238	0.274314531880248	0.205401229826587	0.107217001628357	0.0462918665537204	0.0164986371836006	0.0044154373521421	0.000838318622523997	0.000118505773864649	2.63346164143664e-05	
0.0986459921897727	0.236083074020857	0.272317768707963	0.20581183170106	0.114032845267584	0.0493163847286254	0.0175024902812916	0.00490563376556977	0.00114597015188512	0.000220378875362523	1.76303100290019e-05	
0.0950670063129915	0.229482777716248	0.267697419426293	0.209086277550116	0.118777273230701	0.0532772178535829	0.0192446561080961	0.00559530402037878	0.00143094473363606	0.00030125152287075	3.98715250858345e-05	
0.0892758098939961	0.223247207912357	0.26871486317994	0.209176949802324	0.122421451042513	0.0573548269726537	0.0215158251578522	0.00606560795850361	0.00182811300578163	0.00032391322675257	7.5431847325941e-05	
0.0841192170818505	0.215960854092527	0.26653024911032	0.214301601423488	0.127571174377224	0.0599733096085409	0.0221841637010676	0.00681939501779359	0.00205071174377224	0.000400355871886121	8.00711743772242e-05	8.89679715302491e-06	
0.0808444947716697	0.207328508996974	0.26252676091226	0.216674923477061	0.13249969036961	0.0641023372671137	0.0248235106778252	0.00812116279481236	0.00246819653567827	0.00053964153647446	6.63493692386631e-05	4.42329128257754e-06	
0.0766126367453398	0.203138699316659	0.257717878337952	0.219078921281386	0.136082265291466	0.0673956814246628	0.0272763720794984	0.00885127305891009	0.00306203821599926	0.000647654126261714	0.000136580121864715	
0.0724016578649483	0.196640224807192	0.256449332493536	0.220970846418457	0.14183466276719	0.0692568237175111	0.0290038275362383	0.00950057038658556	0.00303472090698074	0.000695915679684988	0.000193799303203414	1.76181184730377e-05	
0.0694027492494865	0.18873878618704	0.256881901652008	0.222116886992855	0.145573286985832	0.0718474043643897	0.0304462702550868	0.010573023647759	0.00324344727093977	0.000851459770720317	0.000272116009199277	3.95007110127982e-05	1.31669036709327e-05	
0.0651947346756466	0.184654189401039	0.252143526506161	0.225006787469018	0.147660293744143	0.0759671048598278	0.032168224135364	0.0117313738713096	0.00393235301845316	0.00121736541105788	0.000223329625769611	6.13061717798933e-05	3.94111104299314e-05	
0.0621661383260066	0.180442930451687	0.246672329544459	0.225935688389933	0.152551797817749	0.0796889503826821	0.0341961924444367	0.0118789078235284	0.00465436012399951	0.001387988861061	0.000341524073068638	4.37851375729023e-05	3.50281100583218e-05	4.37851375729023e-06	
0.0588701069172485	0.174125500901185	0.242479920205785	0.227623497296446	0.155896197525679	0.0858400265980716	0.0359073967137383	0.0129578105587345	0.00447967522354629	0.00139552382452272	0.000371848041017026	2.62480970129666e-05	1.74987313419777e-05	8.74936567098885e-06	
0.0575540197707987	0.167225089668445	0.239274779109439	0.226961770623742	0.160187210217829	0.0891435569941387	0.0394147493657598	0.0140057737730732	0.00459277403551745	0.00124223602484472	0.000345551570291313	2.62444230600997e-05	2.62444230600997e-05	
0.0530471773101683	0.162273001231624	0.23760733034599	0.226998768376091	0.162037158355389	0.092812906719775	0.0425346994750312	0.0159062917638427	0.00492212817623577	0.00142815963942245	0.000353764314352349	5.24095280521999e-05	2.62047640260999e-05	
0.0501456865069543	0.156954956598014	0.233971227457673	0.227375167724034	0.165248882925368	0.0952976477382767	0.0455340897741533	0.0176821298455419	0.00560165704831755	0.00166312763527568	0.000425552240879938	5.64508074636652e-05	3.03965886342813e-05	1.3027109414692e-05	
0.0491173748713469	0.150746836647322	0.230148502434679	0.228215462588976	0.169186393475234	0.0974303975921329	0.0470200050163898	0.0190233608081577	0.0066683387965854	0.0016951937796767	0.00061407529774003	0.000112436322121414	1.72978957109868e-05	4.32447392774669e-06	
0.0453461548430575	0.146687056668654	0.225149685078147	0.229162886740451	0.172325756201239	0.102183285382269	0.0485040132016623	0.0208392732173868	0.00717106002090839	0.00182732433062907	0.000527029712380014	0.000250555109164269	2.15995783762301e-05	4.31991567524602e-06	
0.0437284582235125	0.137401484791883	0.223840356833192	0.231488631118512	0.174931087883977	0.106238972983	0.0508504553160467	0.0206283404582063	0.00773886298243873	0.0021956974682616	0.000677258354650435	0.000207059879128796	6.03924647458987e-05	1.29412424455497e-05	
0.0406029020608525	0.133014726553208	0.217741063512315	0.230746275111909	0.18020889648163	0.109672815345025	0.0545033842960016	0.0216594944099648	0.00817853512964124	0.0025690374759423	0.000817421015072552	0.0002335488614493	3.89248102415501e-05	4.32497891572779e-06	8.64995783145557e-06	
0.0381434022340085	0.130164306047051	0.212897029685837	0.230037118111735	0.1813769175528	0.112881455652941	0.0565986312155533	0.0246415809373837	0.00885556814937228	0.0031970028638916	0.000873876290265364	0.000229284373188437	9.51746454744456e-05	0	8.65224049767687e-06	
0.0376334531142311	0.12537115462139	0.208609486820489	0.228189112219819	0.183719912093247	0.115960624016576	0.0601042917394527	0.0260122497280006	0.0094712157399902	0.00355008040780411	0.00112700965327115	0.000190724710553578	4.76811776383946e-05	0	8.66930502516266e-06	4.33465251258133e-06	
0.0361564243857035	0.120058206861593	0.204567403283531	0.22478685888332	0.186563479127247	0.119887781365939	0.0634463531128872	0.0283081118166047	0.010959670335913	0.00370129217484782	0.0012803761596581	0.000196644802677865	5.68084985513833e-05	1.31096535118577e-05	8.73976900790512e-06	8.73976900790512e-06	
0.034290354691675	0.117802692932362	0.197551562145265	0.225563647159498	0.187649534587241	0.122242887829413	0.066327867134699	0.0310071427324008	0.011547999511011	0.00431358166989749	0.00117881280452664	0.000305618134506907	0.000144077120553256	6.11236269013814e-05	8.73194670019734e-06	4.36597335009867e-06	
0.0321464912242394	0.113082630588297	0.195420620744771	0.223483839411659	0.190656074905124	0.125402322443151	0.0677954258613085	0.0320635156321648	0.0130490036378246	0.00489555993239673	0.0014018507924169	0.000375573732547831	0.000152849774874117	7.42413192245713e-05	
0.0315315315315315	0.107560913683363	0.192699988618356	0.221872017790385	0.189635699839781	0.129763874661834	0.0719101025223474	0.0338428807816563	0.0138374526129628	0.00517427048039293	0.00153214438928725	0.000468398427582101	0.000118193995745016	5.25306647755627e-05	
0.0293926261691758	0.105322101572771	0.186173956539638	0.221330016334155	0.191034363698336	0.131771038524703	0.0754381227673335	0.0367717689137565	0.0152319317241166	0.00529421399071299	0.00162013571956602	0.000451513233321677	0.000123944809147127	4.4266003266831e-05	
0.0275584106464215	0.102292183746333	0.183272942852466	0.217370337434577	0.194324622061771	0.133650991686907	0.0781758092988068	0.0381145782178393	0.0166173367134306	0.00572935331307045	0.00216786341575639	0.000553026381570506	0.000145998964734614	2.65452663153843e-05	
0.0255025755471651	0.0977066316457325	0.180838461504332	0.212916335757291	0.196815283798233	0.137420193532071	0.0827103363518184	0.0387862761714192	0.0181774620766763	0.00588316199992014	0.00243135201806654	0.000638895420805807	0.000159723855201452	1.33103212667876e-05	
0.0234369768531952	0.0939130822972701	0.175625544072677	0.21508894890739	0.197218812080087	0.140184370884578	0.0846856096962121	0.0419767415905895	0.0179326354322448	0.00652217584428919	0.00248655163947233	0.000705341398629495	0.000209816745161938	1.33925582018259e-05	
0.0227855809226168	0.089611046686039	0.173607411022508	0.21389521946065	0.195985546894239	0.143568412710495	0.0856888283939949	0.0444965814912489	0.019378265716857	0.00739669476992787	0.00248944448673117	0.000774593338497289	0.000273122506637772	4.92515995576311e-05	
0.0225580749487113	0.0867159993908066	0.166157512340647	0.210673427519418	0.197983390519875	0.145991417539396	0.0885167035467601	0.048027736219238	0.0212277039678203	0.00787024179604562	0.00314451322756063	0.000900352077976761	0.000201571360741066	2.23968178601184e-05	8.95872714404737e-06	
0.0216835653651769	0.0838035676847519	0.162254270025292	0.207869604200215	0.198569000664647	0.14878735296348	0.0921495769006018	0.0490813144852997	0.0226113953581736	0.00864933825202182	0.00318049415868569	0.000976897925318607	0.000356857689614103	2.67643267210577e-05	
0.0198315480767511	0.0808327819602654	0.159443679476404	0.204945369360348	0.199227481625865	0.151056848053504	0.0951565601473507	0.0516755780476029	0.0236539046154396	0.00915130273063786	0.00336188551706872	0.00130541299332988	0.000263764954131722	8.94118488582107e-05	4.47059244291053e-06	
0.0186762113842395	0.0773059012861026	0.155594523808451	0.202318861485893	0.199158826684939	0.154305265672826	0.098046728845573	0.0544914417602431	0.024861044118774	0.0100120360811962	0.0034440322224376	0.00139744762952311	0.000283997421483729	9.01579115821361e-05	1.35236867373204e-05	
0.0174538173713727	0.0746622937749712	0.153954175235783	0.20148672277739	0.195978328818504	0.155227085352927	0.101665201989545	0.0569457405075333	0.0263823079083505	0.010803881243375	0.0039818078041621	0.0011279523813838	0.000271795754550314	4.52992924250523e-05	1.35897877275157e-05	
0.0165851400775032	0.0718628901251486	0.149316174935792	0.198871938215248	0.198322881594352	0.15527865757925	0.104679232954288	0.0597518808592509	0.0277613917904691	0.0118342121264373	0.0043833776511267	0.00102551071341059	0.000226882901197034	8.6215502454873e-05	1.36129740718221e-05	
0.0156476939519334	0.0666054643610753	0.143866524165776	0.199218072036027	0.20037817544052	0.158550510171458	0.106935043344021	0.0596905172965023	0.0292583559416477	0.01319960172828	0.00504690654316589	0.00116010340449243	0.000360819562814575	8.22120522868653e-05	
0.0150991324762027	0.0633035599655191	0.138757955358289	0.194284980650368	0.203267428424701	0.162633200667608	0.109820626157768	0.0621068173064578	0.0293499990829558	0.0135218164811181	0.00568108871485428	0.00172862828531079	0.000325550685032005	0.00011004530198265	9.17044183188746e-06	
0.0148053874396843	0.0641612569471786	0.134154939249384	0.190652554089565	0.199781169598139	0.164988051310693	0.111914811796698	0.0657132131444738	0.0318723275680526	0.0140500105294963	0.00558521109351108	0.00179459241693143	0.000434913978593076	6.86706281989068e-05	9.15608375985423e-06	1.37341256397814e-05	
0.0141493007826103	0.0621002181045069	0.131921152471546	0.186245669984055	0.197842781473947	0.167578490130313	0.115691611224134	0.0679193929730027	0.0336320815234325	0.014795366653837	0.00577335459394073	0.00174117043309324	0.000471948827917377	9.62225765656788e-05	3.66562196440681e-05	4.58202745550851e-06	
0.0128446288612264	0.0600645458736745	0.128146611341632	0.185827570308898	0.197966804979253	0.168805901337022	0.116786537574919	0.0692899953895805	0.0354587367450438	0.0158367911479945	0.0058736745043799	0.0021622867680959	0.000733056708160443	0.000161364684186261	4.149377593361e-05	
0.0124040385241707	0.0559112269110873	0.125184943935235	0.183510910529009	0.19798073791467	0.169152747406132	0.120853301074769	0.0716698459963709	0.0365049085748848	0.0166984599637091	0.00673242451030568	0.00225654864374447	0.000814218582794398	0.000260549946494207	6.04848090075839e-05	4.65267761596799e-06	
0.0123243799237908	0.0544498211655796	0.122028192720387	0.180798092432849	0.197012413212708	0.169941791149449	0.123117563176473	0.0744933024756294	0.0370666479650279	0.0174252518876967	0.00758351450545854	0.00259017696425649	0.000883652430044183	0.000219744255090352	2.33770484138673e-05	4.20786871449611e-05	
0.0110298424241288	0.0506088904090975	0.119744542477076	0.179293509073615	0.196049123563286	0.171698192773907	0.123764765416712	0.077691511144639	0.0394009961531433	0.0179644927162744	0.00786707962196785	0.00354229433842031	0.000923058180778836	0.000257706598694599	7.96547668692397e-05	1.87422980868799e-05	6.55980433040797e-05	
0.0106943845100283	0.0480403009437325	0.114678511791966	0.175129927390758	0.195983977185313	0.175317548171636	0.127056792810372	0.0788382521248053	0.0412390476369163	0.0202677348543125	0.0076267847426781	0.00356010431715417	0.00107412897052478	0.000337717405579842	0.00010319142948273	2.34525976097113e-05	2.81431171316535e-05	
0.00996096755690483	0.0474265168790834	0.11090436818273	0.170824064876864	0.195442017935338	0.176811837509385	0.130513857216805	0.0801400877647048	0.0434906289492951	0.0206680750057126	0.00861791575147946	0.00335296613923903	0.00113319996082766	0.000531624672980876	0.000144564604056203	1.86534972975746e-05	1.86534972975746e-05	
0.00950626791994136	0.0449796327397909	0.108099581520075	0.168013658590901	0.193586400794277	0.178842174610981	0.132790824990025	0.0831299700290431	0.0447291015208173	0.0215596032327806	0.00910727375639087	0.00377188668565755	0.00114594835345316	0.000533538707073331	0.000143823477558898	6.03130712343766e-05	
0.00969019012106983	0.0444045481747457	0.104566588408599	0.165391520508217	0.188859733922571	0.18180269760162	0.135211526952999	0.0853473277171661	0.0464714818395249	0.0228743727846062	0.00974543110988353	0.00371955991345578	0.00123831883257377	0.000469548404916448	0.000179533213644524	2.76204944068499e-05	
0.00911531354288288	0.0438665845384424	0.101656661119947	0.161924374615024	0.190695301223649	0.177208498432515	0.138025980712125	0.0886295312255799	0.049014920982229	0.0234754948378734	0.0102690925137672	0.00378770466935729	0.00155829112003898	0.000569994391990659	0.000183869158706664	1.83869158706664e-05	
0.00793697937847557	0.0419330223121879	0.0997994050692487	0.159498101430667	0.191108938126288	0.178780803202208	0.137871317666519	0.0900803750531188	0.0506787785185219	0.025346243300175	0.0104090034681447	0.00406216158172987	0.00157186004962326	0.000726528336889819	0.000178205063765427	1.82774424374797e-05	
0.00764734199848704	0.0394379111936364	0.0968800861930633	0.155702267152649	0.189670586617151	0.178584691561791	0.143195103500447	0.0911308254819705	0.0538981729821424	0.0261054948077849	0.0115535382710955	0.00391995048483598	0.00143043807165945	0.000641863237283085	0.000165050546729936	3.66778992733191e-05	
0.00726780727054984	0.0380120033093663	0.0940015449804135	0.151037833736339	0.186055866126076	0.179875944472124	0.143962006280483	0.0965018535194014	0.0561038153702696	0.0281433266445128	0.0119850255744539	0.00463494124046386	0.00159068989317695	0.000548513756267912	0.000201121710631568	7.77061154712876e-05	
0.00633183913411987	0.0361916503120595	0.0908077287416546	0.149403302346452	0.184276008357846	0.179430814346125	0.144580770607938	0.0987077971817197	0.0586408981512117	0.0296603831737154	0.0133979359201563	0.00559304902756186	0.00199428004224248	0.000657205923011725	0.000285544642411991	3.17271824902212e-05	9.06490928292035e-06	
0.00619157185303283	0.0333855714182187	0.0873387564316255	0.146382890064497	0.18326509167331	0.181217841872599	0.145626494673527	0.10017483150953	0.0603395173563302	0.0318501340676861	0.0144032176244655	0.00609192695122835	0.00254547430973259	0.000797159214435829	0.000253641568229582	0.000122291470396406	1.35879411551562e-05	
0.00577712782574444	0.0322767588320785	0.0847055521096024	0.144034300564583	0.179267536254194	0.180240955127654	0.149956309338935	0.101842251812144	0.0626791203915408	0.0331369894644385	0.0156833626868172	0.00674149163991651	0.00244486600776019	0.000851175573072065	0.000307872015792023	2.71651778640021e-05	2.71651778640021e-05	
0.00603522434010957	0.0306062389640965	0.0804364558337484	0.141268619549962	0.178743152080409	0.178869923484403	0.15121111966315	0.107683252592022	0.0632408203920858	0.0347036718431657	0.0165436682211255	0.00705392312219858	0.00250826277901028	0.000724408022818853	0.000249015257843981	0.000108661203422828	1.35826504278535e-05	
0.00563223933832561	0.0301675113509185	0.079242604842452	0.13656588082218	0.177624814609246	0.179217127830905	0.151469932576909	0.109478358188584	0.067545926862779	0.0344940538474837	0.0168603222841961	0.00722455255998471	0.00289346059707196	0.00116011391863734	0.000232022783727469	0.00014103345677552	5.00441298235717e-05	
