# <P(N_1)> as a function of N_tot.
# number_of_species: 2
# species_total_upper_bound: 100
# species_total_lower_bound: 0
# volume: 512
# Bin widths for each species index 
1	1	1	1	1	1	1	1	1	1	1	1	1	1	1	1	1	1	1	1	1	1	1	1	1	1	1	1	1	1	1	1	1	1	1	1	1	1	1	1	1	1	1	1	1	1	1	1	1	1	1	1	1	1	1	1	1	1	1	1	1	1	1	1	1	1	1	1	1	1	1	1	1	1	1	1	1	1	1	1	1	1	1	1	1	1	1	1	1	1	1	1	1	1	1	1	1	1	1	1	1	
# Bin lower bound for each species index 
0	0	0	0	1	1	2	3	3	4	5	5	6	7	8	9	10	11	11	12	14	15	15	16	17	18	18	19	20	21	22	22	23	24	24	25	26	27	28	29	30	31	32	34	34	35	36	37	37	38	40	40	40	41	41	42	44	45	45	46	47	48	48	49	49	50	51	54	55	56	57	58	59	60	60	62	62	63	64	65	67	67	67	68	70	70	71	71	72	73	75	76	77	78	79	80	80	81	82	83	84	
# Bin upper bound for each species index 
0	1	2	3	4	5	6	7	8	9	10	11	12	13	14	15	16	17	18	19	20	21	22	23	24	25	26	27	28	29	30	31	32	33	34	35	36	37	38	39	40	41	42	43	44	45	46	47	48	49	50	51	52	53	54	55	56	57	58	59	60	61	62	63	64	65	66	67	68	69	70	71	72	73	74	75	76	77	78	79	80	81	82	83	84	85	86	87	88	89	90	91	92	93	94	95	96	97	98	99	100	
# Normalized histogram for each species index 
1	
0.0504058579780893	0.949594142021911	
0.0025707881987805	0.0939598680437197	0.9034693437575	
0.000145029126682942	0.0069331979728151	0.134687744233078	0.858234028667424	
0.000523530690979969	0.0129432895446894	0.169277608189631	0.8172555715747	
6.85166152792052e-05	0.0012050863510872	0.0210426616689841	0.201898313282147	0.775785422082502	
0.000109258217634276	0.00212446534288871	0.0301107554598759	0.231566722374869	0.736088798604732	
0.000187195806813927	0.00393518141715365	0.0392582162681295	0.257646541760943	0.69897286474696	
4.09710130082966e-06	0.000208952166342313	0.00519922155075284	0.0507057256990679	0.280323671002766	0.663558332479771	
3.66464432590904e-05	0.000684066940836353	0.00783012337635897	0.0634797833788021	0.300219878659555	0.627749501201189	
9.00823434512184e-05	0.00097452717006318	0.0103758481047903	0.0754357733364453	0.317446083670118	0.595677685375132	
8.14070392666854e-06	7.73366873033511e-05	0.00141648248324033	0.0136682418928765	0.0858437229067197	0.326515493794748	0.572470581531185	
3.22448025408904e-05	0.000108826208575505	0.00227728917945039	0.0175371419819268	0.0982055767385994	0.340432564026086	0.541406357062821	
7.97858547658086e-06	0.000255314735250587	0.00305579823753047	0.0220368530863163	0.110778670049587	0.34972134790223	0.514144037403609	
3.9906777767136e-06	0.000363151677680937	0.00421814640998627	0.0259992657152891	0.122940810267216	0.360194585448393	0.486280049803659	
1.1944101604491e-05	0.00056933550981407	0.00515587052593861	0.0302942230361906	0.136015447704742	0.365911534020783	0.462041645100928	
4.81289856816268e-05	0.000725945534031204	0.00630890787309991	0.0363574379336622	0.146552761400553	0.372863273573176	0.437143544699795	
0.00012415842615177	0.000829057877852139	0.00787404728433481	0.0419895787024243	0.158049671380682	0.373140126801799	0.417993359526756	
7.97508583186127e-06	0.000203364688712462	0.0012760137330978	0.00909159784832184	0.0480538796798801	0.172257866425287	0.37493669775621	0.394172604782659	
3.98722493132005e-06	0.000195374021634682	0.00185405959306382	0.0111084086586577	0.0548522533801699	0.181669929545735	0.377223376302327	0.37309261127348	
0.000361389323526842	0.00209685233870519	0.0131490115406305	0.0619008284155262	0.19039657514118	0.375920351381619	0.356174991858812	
0.000434645644172758	0.00271553838240044	0.0166401492947974	0.066831752259958	0.198234301915232	0.374190023885573	0.340953588617867	
1.97548814312016e-05	0.000533381798642445	0.00344130034531533	0.0184075985175937	0.0732669042520407	0.205387551263917	0.374094238686379	0.32484927025468	
8.28588676743883e-05	0.000745729809069495	0.00481765130621086	0.0215077946520519	0.0798562201362831	0.214391401616932	0.37227305547993	0.306325288131848	
0.000171314741035857	0.000912350597609562	0.00515139442231076	0.0233107569721116	0.0866892430278884	0.222466135458167	0.369896414342629	0.291402390438247	
0.000263083417373869	0.00124765317633365	0.00617448808351703	0.026431911221305	0.094454919061988	0.233028129995097	0.363684921732683	0.274714893311702	
2.38566691318558e-05	0.000210733910664726	0.00157851627422446	0.00743135243457308	0.030286041462891	0.0997884708670309	0.238614404656822	0.359504099370979	0.262562524353683	
1.2000048000192e-05	0.000216000864003456	0.00172400689602758	0.0089440357761431	0.0335441341765367	0.108352433409734	0.242392969571878	0.356053424213697	0.24876099504398	
8.03467766881862e-06	0.000249075007733377	0.0021573109540778	0.00952912771521888	0.0383334471579336	0.114200891045753	0.250344486805051	0.348572438645193	0.236605187991371	
2.79851119204583e-05	0.00039578944001791	0.00243470473707987	0.0112100362607093	0.043284972394686	0.12132345592145	0.253141328813071	0.342541767779541	0.225639959541524	
7.62519363978585e-05	0.000477577917439219	0.0028012553476687	0.0131394126192941	0.0456267507845923	0.128829653174087	0.257125542793389	0.338430173292559	0.213493382134573	
4.03268084557252e-06	0.000133078467903893	0.000625065531063741	0.00350439965480252	0.0145620105333624	0.0499608829957979	0.136518344665167	0.261587908409753	0.331962221845839	0.201142055215466	
3.63366224705673e-05	0.000205907527333215	0.000864004134300157	0.00394454223930492	0.0165331632241081	0.0541536796886355	0.14216097931235	0.26539461572003	0.325620548763747	0.19108622276772	
4.44528860025944e-05	0.000173770372555596	0.00109111629279095	0.0047564588022776	0.0183024655187046	0.0581605395772126	0.149329367597079	0.269234965831895	0.317292576772155	0.181614286349327	
4.06307517908004e-06	6.09461276862006e-05	0.000292541412893763	0.00116610257639597	0.00539982691299737	0.0204332050755935	0.0631767559595155	0.155290733344439	0.271860360232245	0.311755695415632	0.170559769867422	
8.14511333925212e-06	0.000109959030079904	0.000203627833481303	0.00139688693768174	0.00598258574768068	0.0216985819357676	0.0686429426665472	0.161672354670815	0.273130085605141	0.302603178223225	0.164551652236241	
3.26107338230379e-05	5.29924424624365e-05	0.000195664402938227	0.00140633789611851	0.00646915432214513	0.0242542332808844	0.0727953105764762	0.168809463634955	0.271256083940029	0.296354119958584	0.158374028811583	
2.44768082242076e-05	7.34304246726227e-05	0.000273324358503651	0.00156243625831192	0.00736751927548648	0.0274221841471872	0.0770285154815812	0.172439113939542	0.275237629013177	0.289177171296863	0.149394198996451	
2.46306429829351e-05	6.15766074573377e-05	0.000262726858484641	0.00173646033029692	0.00828410625659383	0.0290354229697166	0.0830627383527847	0.175628799789819	0.277299988916211	0.282644838443508	0.141958710832146	
4.09289228326089e-06	8.59507379484787e-05	0.000290595352111523	0.0020096101110811	0.00962238975794635	0.0312328610135638	0.0868839173890621	0.181818553899298	0.277981058094513	0.277342566898324	0.132728403853867	
8.13325525408289e-06	0.000121998828811243	0.000573394495412844	0.00252537575639274	0.0101625024399766	0.0348103324874748	0.0920196499446939	0.187146203396447	0.27676247641356	0.268283557811178	0.127586375170798	
1.22531500806666e-05	0.000102109584005555	0.000473788469785774	0.00299385300304287	0.011526129842547	0.0377968836154962	0.0973676149243368	0.190740702922376	0.277476667960055	0.261555741621909	0.119954254906366	
1.22452978056426e-05	6.53082549634274e-05	0.0007755355276907	0.00348174634273772	0.0130004245036573	0.0413156347962382	0.101411474660397	0.194630845088819	0.277360077063741	0.255473648119122	0.112473060344828	
0.000126038291246031	0.000959517314002041	0.0040372910712035	0.0149416361396504	0.0434994734852027	0.101855202332115	0.199494220534484	0.278959330289441	0.249994917810837	0.106132372731819	
2.44359371181885e-05	0.000138470310336401	0.000867475767695691	0.00445548586788303	0.0165512747413863	0.0459599250631262	0.107322635823084	0.204883114767451	0.274953164453857	0.243296407917244	0.101547609350819	
1.63256643525037e-05	0.000236722133111304	0.00118361066555652	0.00484464089660549	0.0176031475880872	0.0492218780227988	0.113895997355242	0.206050291209038	0.272156987588414	0.235836465820181	0.0989539330566133	
3.69085406363032e-05	0.000291167376130837	0.00145583688065418	0.00554038204440508	0.019139128794403	0.0533615478621753	0.118935721726007	0.208479942258639	0.267976509764359	0.229562920859887	0.0952199338927028	
6.99096520555494e-05	0.000308424935539188	0.00180120162354886	0.00597521908451254	0.0214375891862105	0.0571367473917531	0.1222020717931	0.208783119697661	0.269049352102019	0.223443584966957	0.0897927795666424	
8.25317437719483e-06	7.42785693947535e-05	0.000375519434162365	0.00196012891458377	0.00680061568680854	0.0220029628896014	0.0600954892275441	0.127197923501327	0.213901646920947	0.267225406572003	0.216183649636241	0.0841741254730101	
4.10062944662006e-06	6.15094416993008e-05	0.000504377421934267	0.00235376130235991	0.00811924630430771	0.0244807577963217	0.0642158571340701	0.131851639226621	0.217070920386279	0.2627847374572	0.207664076435733	0.0808890164640272	
0.000130654907724971	0.000612444879960804	0.00298464804834232	0.0087661277151723	0.0271639719091948	0.0672219500244978	0.135607545320921	0.220043279438184	0.258766127715172	0.2026008492569	0.0761024007839294	
1.6337600169911e-05	0.000187882401953977	0.000673926007008831	0.0029938652311362	0.00940637329782628	0.0289134679007001	0.0694143787219095	0.141904310675805	0.22172982510599	0.25718650187474	0.195940923237786	0.071632207944975	
1.22271311889662e-05	3.66813935668987e-05	0.000277148306949901	0.000872202024812925	0.00337061249775836	0.0105316356640963	0.0303803452941848	0.0717284272648723	0.145690343826929	0.222888374443666	0.256997994750485	0.188407864490781	0.0688061429107093	
3.65832838781533e-05	5.69073304771273e-05	0.000231694131228304	0.00123976684253742	0.00397131870543953	0.0117920118367247	0.0321485769102571	0.0756623606786606	0.148141975659922	0.225023779134521	0.252416529140618	0.184253741656979	0.0650247546887576	
4.06679300836946e-06	3.25343440669557e-05	4.88015161004335e-05	0.000345677405711404	0.0013583088647954	0.00460360968547423	0.0118709687914305	0.0342342635444541	0.0799450169585268	0.152870749184608	0.225881884063865	0.247224413771788	0.179609913214637	0.0619697918615338	
8.14727005348683e-06	1.62945401069737e-05	2.85154451872039e-05	0.00035847988235342	0.00132800501871835	0.00449321943449799	0.0132189456617824	0.0362227626578024	0.0858070482033233	0.156346112326412	0.22805023606715	0.24272346943348	0.172746566944081	0.0586521971150517	
2.44528670986673e-05	2.44528670986673e-05	0.000338264661531565	0.00122671883278314	0.00472755430574235	0.014256021518523	0.039780739291682	0.0889595305049517	0.160679789705343	0.228051514040021	0.238635530015894	0.166332477482985	0.0569629539063455	
2.44123738185428e-05	4.88247476370856e-05	0.000382460523157171	0.00147287988705208	0.00499233044589201	0.0162423660472705	0.0425100802760226	0.0928768761926462	0.16234228589331	0.227303612624452	0.237003462488353	0.161951687912213	0.0528487205881755	
1.21491920787268e-05	2.83481148503624e-05	5.66962297007249e-05	0.000469768760377435	0.00165633985339975	0.00566962297007249	0.0181508929656178	0.045976592556595	0.0952658648199895	0.16504272465881	0.227242538371198	0.233572267444215	0.15684202000567	0.0500141740574252	
4.04146543536686e-06	1.61658617414675e-05	0.000105078101319538	0.000622385677046497	0.00171358134459555	0.00675328874249803	0.0192656657303938	0.0473296017135813	0.0977024268999939	0.169131287004668	0.227999272536222	0.230145290682401	0.149897952997757	0.0493139612423465	
4.03477980189231e-06	2.01738990094616e-05	0.000266295466924893	0.000585043071274385	0.00179144223204019	0.00717787326756642	0.0208275333373681	0.0491032701890294	0.10236639835381	0.172394036595453	0.228889023381549	0.224676713268373	0.146252698258993	0.0456454638988077	
1.2075398790045e-05	5.63518610202102e-05	0.000229432577010856	0.000688297731032567	0.00224602417494838	0.00769605416218871	0.020918615837288	0.0513284951235515	0.106488916796477	0.174879950410362	0.230954077258401	0.222750856347031	0.137824576656644	0.0439262756652538	
8.07311008492912e-06	4.03655504246456e-06	3.6328995382181e-05	0.000238156747505409	0.00082345722866277	0.00254302967675267	0.00829512061226467	0.0218256531146059	0.0549294410178577	0.110020344237414	0.179973843123325	0.230446927374302	0.217336196596377	0.133004488649207	0.0405149029612168	
8.08214694151354e-06	0	8.8903616356649e-05	0.000230341187833136	0.000860748649271192	0.00315203730719028	0.00890652592954792	0.0244040426899001	0.0567730411906619	0.113020742830125	0.1812340630165	0.229973450147297	0.21274231286799	0.130336742652318	0.0382689657680666	
4.04874691283048e-06	8.09749382566096e-06	0	4.45362160411353e-05	0.000198388598728693	0.00111745414794121	0.00343333738208025	0.00939309283776671	0.0259727114458075	0.0601927203530507	0.116186890157496	0.183452771367262	0.228397910846593	0.208692659621847	0.125393740637273	0.0375116401473744	
8.15863652866333e-06	8.15863652866333e-06	1.2237954792995e-05	5.30311374363116e-05	0.000212124549745247	0.00125643002541415	0.00366322780136983	0.0108713831744439	0.0283553412553694	0.0637964583358829	0.119850370606064	0.18683277650639	0.224317632037334	0.204528859137061	0.120229747204647	0.0360040630009913	
4.08241581037995e-06	8.1648316207599e-06	5.71538213453193e-05	0.000134719721742538	0.000289851522536976	0.00122880715892437	0.00424163002698477	0.0114307642690639	0.0310222777430772	0.0667842402420056	0.122582699538279	0.187693149298029	0.225508566949578	0.19737663960025	0.117516421517597	0.0341208313431556	
6.95669254283481e-05	0.000143226022940717	0.000368295487561843	0.00136678547606284	0.00475919613371581	0.0129026185809166	0.0321481038920649	0.0682451538452095	0.125760632486117	0.190948933784564	0.223600374842963	0.195024737180248	0.112563377515151	0.0320989978270566	
4.92590616148762e-05	0.000123147654037191	0.000455646319937605	0.00149419153565125	0.00510652272074217	0.0136858092853331	0.0339230737654448	0.0721850498747999	0.130015188210665	0.190312384549074	0.222146053117688	0.192007717252986	0.107109724559747	0.0313862320922786	
4.15047979546436e-05	0.000141116313045788	0.000469004216887472	0.00158133280207192	0.00530846365839891	0.0151201978948766	0.0368770129827008	0.075974532655975	0.132371252116745	0.191548793040475	0.220938340472159	0.185717368927848	0.104646047083043	0.0292650330378192	
3.73732424194607e-05	0.00014118780469574	0.00056059863629191	0.00207629124552559	0.00565166477032066	0.0165854144692584	0.0384736767795892	0.0785377926532511	0.134236381605721	0.194345013163686	0.21719252202945	0.18254752630661	0.102120308619931	0.0274942486732499	
1.25051583778309e-05	0.000170903831163688	0.000604415988261825	0.00235513816115814	0.0058107302595654	0.0180657854698396	0.0390077573665804	0.0827633065306106	0.138207010391787	0.19633515491807	0.213196276797512	0.18038690960021	0.0976402766141033	0.0254438289127598	
1.25779307626838e-05	0.000205439535790502	0.00066243768683468	0.00245269649872334	0.00645667112484435	0.0178438911086607	0.0421360680549907	0.0849094179352907	0.140717696729319	0.196873964941114	0.215141313052119	0.175663381031642	0.0935336857949043	0.0233907585750043	
4.6223342788108e-05	0.000256329446370417	0.00078159470532619	0.00254228385334594	0.00721084147494485	0.0194264103372203	0.0448198340161782	0.0857527051160836	0.144229435865112	0.196255909234163	0.213795566761214	0.173173652694611	0.0889169030360332	0.0227923101166089	
8.40579831968092e-06	2.10144957992023e-05	0.000189130462192821	0.00091623201684522	0.00305550768920401	0.00781318953814341	0.0212204378580345	0.0480433402961363	0.0889669694155028	0.147135093787695	0.19785147794949	0.210624088496245	0.165758139964948	0.0858694327347004	0.0225275394967449	
2.51396296932546e-05	0.000339385000858937	0.00098044555803693	0.0031298838968102	0.00872345150355935	0.0226298566622114	0.0493281433964478	0.0928867417782936	0.149308450686521	0.198975979083828	0.207598872068614	0.161203685469713	0.0833755818776789	0.0214943833877327	
4.20925024834576e-06	8.41850049669153e-05	0.000260973515397437	0.0012964490764905	0.00338423719966999	0.00920142104288384	0.0235970568922264	0.0519421480645867	0.0956594211439059	0.151970770966275	0.199194349502467	0.204359099557187	0.158621386358662	0.0806197700065664	0.0198045224184668	
1.27382044227046e-05	8.49213628180305e-05	0.000301470838004008	0.00135874180508849	0.00348602194368015	0.010003736539964	0.0247970379428649	0.0543878868168076	0.0983601684839838	0.155181052345528	0.1987584496756	0.201904786168008	0.155363633275587	0.0774567750263256	0.018542579571317	
1.27917041534663e-05	4.26390138448878e-05	0.000268625787222793	0.00112566996550504	0.00402512290695741	0.0108388373193705	0.0262272574159905	0.0566672493998559	0.10163008949929	0.155035454340012	0.196369714361246	0.201136756109105	0.1541315072465	0.0749807058462352	0.0175075790847109	
1.27955232729242e-05	8.10383140618536e-05	0.000234584593336945	0.00102364186183394	0.00444857692455333	0.0119723446090328	0.0277449596301241	0.0595759563587353	0.104466917174578	0.155132924160934	0.198283693811658	0.198991712766094	0.149677766072244	0.071838332828621	0.0165147553709209	
7.71929222667273e-05	0.000368810628607697	0.00121364427786021	0.00503469393006321	0.0131828357248844	0.0290588467377413	0.0596829943992246	0.106676330076936	0.158211182681339	0.200435711161239	0.199445068658816	0.144170647820158	0.0667204158125413	0.0157216251683235	
8.59996818011773e-06	0.000107499602251472	0.000335398759024592	0.0017457935405639	0.00558137934889641	0.0133041507746421	0.0290463925283476	0.0620487704195494	0.109382995282917	0.162277099574732	0.203449447237045	0.194853779041018	0.139224884867926	0.0635666648033402	0.0150671442515663	
1.28748733970783e-05	8.58324893138551e-06	8.58324893138551e-05	0.000450620568897739	0.00174669115753695	0.00545465469589549	0.0138319056529277	0.0315133984515819	0.0651983588828043	0.111959899060993	0.164875628722984	0.200753609256176	0.19133349355398	0.133757059722246	0.0641340360153125	0.0148833536470225	
4.29555109772808e-06	3.43644087818247e-05	9.45021241500178e-05	0.000468215069652361	0.00171392488799351	0.00567871855119653	0.0146392381410573	0.0333850231315427	0.0675389499095786	0.115558915631081	0.167822885837138	0.199034360113231	0.186293755557369	0.131297814853157	0.0623327419791322	0.0141022942538413	
3.8888648835501e-05	0.000151233634360282	0.000704316640020741	0.00210430799809878	0.00592403750594132	0.015810396232122	0.0354145962061963	0.0687853778680378	0.116860389750681	0.169178585317375	0.197839519509139	0.185520459750248	0.128773279177289	0.0601391349436115	0.0127554768180443	
4.35936893775257e-06	5.66717961907834e-05	0.000252843398389649	0.000784686408795463	0.00226687184763134	0.00665239699901042	0.0167748516724719	0.036418168105985	0.0714500568897646	0.120479879332668	0.168982218134103	0.197435819190814	0.183764838202022	0.125702403320095	0.0566064056567171	0.012367529676404	
3.94168064503414e-05	2.18982258057452e-05	0.000218982258057452	0.000858410451585213	0.00255771277411104	0.00746291535459797	0.0173784319994394	0.0372226042246057	0.0744408288040503	0.122774592802491	0.169610518155819	0.196803734961393	0.181295411445765	0.122397943318632	0.0546185548046897	0.0122980436125065	
6.1451753789159e-05	1.75576439397597e-05	7.46199867439788e-05	0.000250196426141576	0.000895439840927746	0.00349397114401219	0.00787899271796718	0.0178253980098411	0.0394388576996853	0.0774204309523705	0.123022021674911	0.17174887301873	0.196412973343107	0.17941717400942	0.120353259796068	0.0506581921771917	0.011030589805154	
2.63429411893838e-05	2.19524509911532e-05	9.65907843610739e-05	0.000360020196254912	0.00108445107896297	0.00359142098215266	0.00774921519987707	0.0200777116765087	0.0407525300199767	0.0783790310188132	0.12697297653283	0.175378130968323	0.196184664017738	0.175268368713367	0.115096700546616	0.0483392970825193	0.0106205957895199	
1.74448524601603e-05	1.74448524601603e-05	0.000135197606566242	0.00052770678691985	0.00122113967221122	0.0033843013772711	0.00868753652515984	0.0203668652472372	0.043093146789711	0.0798930630544192	0.130243268467557	0.176829746962415	0.195007283225902	0.170985721388261	0.111716835154867	0.0479733442654409	0.00989995377114098	
5.64571815706388e-05	0.000134628663745369	0.000534171794860659	0.00117691509274178	0.0038304026265618	0.00907223479238957	0.0212973860324933	0.0445968305806838	0.082705428140865	0.132574490908222	0.178717379691918	0.193313732557988	0.169097944524305	0.108436874356714	0.045070202333853	0.00938492072108849	
2.59048342738227e-05	0.000172698895158818	0.000500826795960573	0.0012866067689332	0.00376051844208327	0.00958047120893544	0.0226451426277	0.0466243842205019	0.0854773181588571	0.134515169439204	0.181463364088128	0.189334116234991	0.166110432308509	0.1044180694854	0.0446383469261755	0.00944662956518736	
1.72621385200306e-05	0.000176936919830313	0.000604174848201069	0.00162264102088287	0.00382356368218677	0.010141506380518	0.0233297802098213	0.049162570505047	0.0883131006684763	0.137536088658343	0.177549725747774	0.190988300585618	0.161806655417506	0.10162652500205	0.0444068513427786	0.00889431687244574	
2.57584799062391e-05	0.000176016279359301	0.000746995917280935	0.00158843959421808	0.00402261594535768	0.0104321843620268	0.0250973455886457	0.0508343600949629	0.0896652685536184	0.137898022178051	0.17896991838855	0.191110748584357	0.159372008259886	0.0997711788368329	0.0423512340458415	0.00793790489110603	
4.73189512399716e-05	0.000159163745079904	0.000645258425999613	0.00140236164583916	0.00394898156711763	0.0114683930914331	0.0261114576387843	0.0537801389456477	0.0910502656313854	0.143230163680554	0.178538704751253	0.189615641064246	0.155657840965307	0.0970855827759017	0.0395500397909363	0.00770868732927537	
7.72475827943884e-05	0.000201702021740903	0.000549316144315651	0.00155782625302017	0.00455760738486892	0.0119862499302626	0.028169618525687	0.0558027955041907	0.0963964002626418	0.143495968105331	0.179832372745336	0.186338335829575	0.151714252608179	0.0939459352751087	0.0380401429938588	0.00733422883308943	
8.52075442759702e-06	3.83433949241866e-05	0.000272664141683105	0.000690181108635359	0.0020023772904853	0.00561943754500023	0.0133307203019755	0.0293710405119269	0.0582649187759084	0.0989003966411186	0.144379923398418	0.179540816543897	0.184303918268924	0.149905632644714	0.0907588157855496	0.0362558100894253	0.00635648280298738	
1.27651969669892e-05	0.000114886772702903	0.000251048873684121	0.000821227671542972	0.00253601913077519	0.00594007165530564	0.0141608585020467	0.0314577003923171	0.060238964487222	0.100470610261516	0.145582816342856	0.181355153310016	0.183235892329819	0.146782744857753	0.0874245789612534	0.0334363059222004	0.00617835533202277	
2.5479221694708e-05	3.82188325420619e-05	0.000331229882031204	0.000891772759314779	0.00247148450438667	0.00662459764062407	0.0155083529381789	0.0328512098383768	0.0627808022557604	0.102316061252049	0.149843302786578	0.179955496292773	0.179479884154472	0.14448841969374	0.0845145783613463	0.0322524481285512	0.00562666145758134	
1.69935806749001e-05	0.0001359486453992	0.000284642476304576	0.000790201501382853	0.00252779512539138	0.00705658437525225	0.0164922700449905	0.0348920695207385	0.0633223299898463	0.107531130115599	0.150728812191195	0.178347629183076	0.179108091918278	0.142104569998683	0.080090745720804	0.0306946550940382	0.00587553051834669	
5.97720975309854e-05	0.000166507985979174	0.000247627261199797	0.00117409477293007	0.00298433544101134	0.0070872629929597	0.0170649338450963	0.0350734129440747	0.0675510090810894	0.108439393227821	0.151547883854276	0.178850924119322	0.178961929443308	0.136959222621177	0.0782886394589771	0.0300568261870098	0.00548622466623688	
