# <P(N_2)> as a function of N_tot.
# number_of_species: 2
# species_total_upper_bound: 100
# species_total_lower_bound: 0
# volume: 512
# Bin widths for each species index 
1	1	1	1	1	1	1	1	1	1	1	1	1	1	1	1	1	1	1	1	1	1	1	1	1	1	1	1	1	1	1	1	1	1	1	1	1	1	1	1	1	1	1	1	1	1	1	1	1	1	1	1	1	1	1	1	1	1	1	1	1	1	1	1	1	1	1	1	1	1	1	1	1	1	1	1	1	1	1	1	1	1	1	1	1	1	1	1	1	1	1	1	1	1	1	1	1	1	1	1	1	
# Bin lower bound for each species index 
0	0	0	0	0	0	0	0	0	0	0	0	0	0	0	0	0	0	0	0	0	0	0	0	0	0	0	0	0	0	0	0	0	0	0	0	0	0	0	0	0	0	0	0	0	0	0	0	0	0	0	0	0	0	0	0	0	0	0	0	0	0	0	0	0	0	0	0	0	0	0	0	0	0	0	0	0	0	0	0	0	0	0	0	0	0	0	0	0	0	0	0	0	0	0	0	0	0	0	0	0	
# Bin upper bound for each species index 
0	1	2	3	3	3	3	4	4	4	5	4	4	5	5	5	5	6	6	6	6	6	6	7	7	7	7	7	7	8	8	9	9	9	9	8	8	8	9	9	10	10	10	9	9	9	10	10	11	10	10	11	11	12	12	12	10	10	10	11	11	10	11	10	11	11	11	11	12	12	12	12	13	13	13	13	14	14	14	13	13	13	13	13	13	13	14	14	14	14	14	15	15	15	15	15	16	16	16	16	16	
# Normalized histogram for each species index 
1	
0.953574363188168	0.0464256368118324	
0.90453573972928	0.0928817383044408	0.00258252196627879	
0.860207490768419	0.132407244592931	0.00703358537014243	0.000351679268507122	
0.816840632106828	0.171584348941629	0.0111376756662196	0.000437343285322759	
0.774371479997678	0.203623062184288	0.0207571270974859	0.0012483307205481	
0.728581000378711	0.236198910478632	0.0325691146910595	0.00265097445159787	
0.695043544333392	0.260769185808639	0.0393944707463908	0.00458822841779181	0.000204570693786896	
0.663806187974314	0.285143023934618	0.046964389959136	0.00399883245767659	8.75656742556918e-05	
0.629889931170679	0.29968344320855	0.0638341126245172	0.00609880056922139	0.000493712427032207	
0.602237810887588	0.314395037393472	0.0734825207258392	0.00866716911125283	0.00101455156820685	0.000202910313641371	
0.582606680378922	0.321735855615748	0.0816072308004288	0.0129204206379096	0.00112981256699209	
0.542561382496364	0.340234408418171	0.0969287364188553	0.0181652265662874	0.00211024610032224	
0.506899385147196	0.355651262289973	0.112996911568866	0.0217323548579038	0.00257841498314113	0.000141671152919842	
0.479179119346483	0.36757464492073	0.124327555289898	0.0251899923149176	0.00358637178720861	0.000142316340762246	
0.458887289355576	0.368165523470799	0.13825613232845	0.0292996866796511	0.0049679622886499	0.000423405876873571	
0.434365086169939	0.373288747892195	0.149675612335305	0.0351539055131613	0.00703078110263226	0.00048586698676727	
0.414010910134941	0.370915877117428	0.162187769164513	0.0437840941716911	0.0081251794430089	0.000918748205569911	5.74217628481194e-05	
0.389642877681293	0.377767554200932	0.170711369256426	0.050606705388464	0.00914371154177929	0.00178273621254816	0.000345045718557709	
0.36974373907979	0.376557949912638	0.185556202679091	0.0556785090273733	0.0106872451951077	0.00128130460104834	0.000495049504950495	
0.356279772278378	0.372400371790403	0.19074590449634	0.0640176600441501	0.0141454629952364	0.00180085976530731	0.000609968630184733	
0.343033586763378	0.369512656937283	0.194675056075039	0.0716886597337528	0.0180022721314341	0.00233039121442512	0.000757377144688164	
0.327803449958382	0.373353233259665	0.201371946844235	0.0737062656066129	0.0184552682184782	0.0045922906920008	0.000717545420625126	
0.303251057022055	0.370014855445092	0.220289109816021	0.0799051536967204	0.0193977831105017	0.00634213232773397	0.000742772254599474	5.71363272768826e-05	
0.286240894063954	0.368362540592727	0.227553319095404	0.0903718440069044	0.0217664784529417	0.00444691495275153	0.000906936602205904	0.000351072233111963	
0.274831328835436	0.367527134056908	0.232707538867703	0.0929011440305075	0.0239366383103549	0.00613083015547081	0.00173071281900851	0.000234672924611323	
0.26530131826742	0.366231167608286	0.235316619585687	0.0962511770244821	0.0282191619585687	0.00659133709981168	0.00179496233521657	0.000294256120527307	
0.254651298853265	0.352182307512286	0.247074654809267	0.105487947577814	0.0315937280599111	0.00710858881347999	0.00157968640299555	0.000321787970980576	
0.236325200387563	0.350391966881001	0.250418391614551	0.115652250506474	0.0363486890396077	0.00883760533192401	0.00193781379371091	8.80824451686779e-05	
0.222568614882583	0.345055649437678	0.255375560864751	0.120418390536682	0.0416933745119748	0.011304702523163	0.0032049414369792	0.00032049414369792	5.82716624905309e-05	
0.215744277549614	0.339986788822195	0.258709325368333	0.125218989632097	0.0452052040552572	0.0113156609896895	0.00336023435480628	0.000402079324506735	5.74399035009621e-05	
0.203313901731614	0.340895385233897	0.260287740860925	0.132326336042271	0.0462912442925653	0.0126640438790455	0.00353214829279499	0.000545616402952072	0.000114866611147805	2.87166527869512e-05	
0.192610679922095	0.326821894712363	0.273364146391093	0.136042556902416	0.0509868899159908	0.0151739775006541	0.00383709775878608	0.000842998750036336	0.000290689224150461	2.90689224150461e-05	
0.17641123048614	0.319552442571378	0.273401792604024	0.14981895886508	0.0553807799608239	0.0186976909835579	0.00543123404760491	0.000979402861043509	0.00029678874577076	2.9678874577076e-05	
0.165366237222525	0.309471965160588	0.283402891187322	0.15405552531301	0.0597592693401077	0.0203532329280832	0.00674408758241094	0.000604850904252102	0.000211697816488236	3.02425452126051e-05	
0.161633057646439	0.299476504661896	0.27345661803426	0.16466871108633	0.0696031967289285	0.0224576402440913	0.00737230121116377	0.00130099433138184	3.09760555090915e-05	
0.160344935324627	0.298943948009748	0.264419171405361	0.165406486283822	0.0767043679310129	0.0249328250952946	0.00715490845466475	0.00199962507029932	9.37324251702806e-05	
0.151246502562168	0.292495834512245	0.276871325725424	0.165204816246974	0.0760790971108806	0.0300543871231412	0.00619321575654689	0.00154044452827816	0.000314376434342482	
0.143269895107091	0.286194334526726	0.278374473965203	0.170906350103637	0.080648200489919	0.0297405941837824	0.00942151874882231	0.00113058224985868	0.000157025312480372	0.000157025312480372	
0.129778672032193	0.273830482897384	0.284362424547284	0.182815643863179	0.0873993963782696	0.0288292253521127	0.0101546780684105	0.00220070422535211	0.000408702213279678	0.000220070422535211	
0.125691823899371	0.259433962264151	0.280062893081761	0.191981132075472	0.0939622641509434	0.0341823899371069	0.010125786163522	0.00292452830188679	0.00116352201257862	0.000440251572327044	3.14465408805031e-05	
0.120384070517866	0.251282858492051	0.280749252321738	0.191688965842909	0.102912010073981	0.0373366913269322	0.0111128600661105	0.00377774279867779	0.000566661419801668	0.000125924759955926	6.29623799779632e-05	
0.113751104379654	0.252682064874416	0.276820648744163	0.198914552568472	0.101918465227818	0.0379591063990913	0.013189448441247	0.00356556859775338	0.00104127224536161	0.000126214817619589	3.15537044048971e-05	
0.105960472327497	0.251887117486767	0.277508065273906	0.201428258214051	0.101951326463495	0.0412503523663357	0.0155041187709462	0.0037272527954396	0.000626429041250352	0.000156607260312588	
0.101145865593063	0.246113347785692	0.271105605450604	0.205605450603902	0.108082997832146	0.0451842675751006	0.0170021678538247	0.00486218643542893	0.000805202849179312	9.29080210591514e-05	
0.0967386513882768	0.241484606182711	0.26824277529434	0.204684253604483	0.116791538122521	0.0499275955424038	0.0148271737077378	0.00563495561291947	0.00151104954983315	0.000157400994774287	
0.0880580146920324	0.228731085577949	0.273089721855968	0.211213662334401	0.120173290638538	0.0543102907013248	0.0168267721479249	0.00555660199660953	0.0016952345074402	0.000282539084573366	6.27864632385258e-05	
0.0885056382071449	0.214472977668278	0.270160144034872	0.216305000157933	0.122208534697874	0.0584667866957263	0.0215420575507754	0.00536972109036925	0.00240058119334155	0.000410625730440001	0.000157932973246154	
0.0855626658342438	0.219603558607773	0.261526455439363	0.213422818791946	0.128172311534259	0.0610894334321836	0.0197908537537069	0.00749180583736538	0.00274699547370064	0.000468237864835336	9.36475729670673e-05	3.12158576556891e-05	
0.0790934320074006	0.208695652173913	0.261393771199507	0.214153561517114	0.134690101757632	0.0652482269503546	0.0240826395312982	0.00891150169596053	0.00280604378661733	0.000863398088189948	6.16712920135677e-05	
0.0773079357424877	0.20847524036288	0.255040839084963	0.220048826064679	0.133277072847283	0.0680249555441695	0.0244733114319298	0.00858977063805419	0.00361674553181229	0.000934325929051509	0.00021097682268905	
0.0760972716488731	0.200711743772242	0.256880189798339	0.220432977461447	0.142259786476868	0.0663107947805457	0.0258303677342823	0.0080367734282325	0.00284697508896797	0.000326215895610913	0.000237247924080664	2.9655990510083e-05	
0.0729459269662921	0.195253979400749	0.264191245318352	0.215180243445693	0.143697331460674	0.0683520599250936	0.0266561329588015	0.00997776217228464	0.00292602996254682	0.000409644194756554	0.00032186329588015	8.77808988764045e-05	
0.0674239114606087	0.188087956895296	0.256385612348915	0.225396825396825	0.146643366826853	0.0741226154070191	0.0278433085772535	0.0100480559196156	0.00317460317460317	0.000669870394641037	0.000116499199068006	2.91247997670016e-05	5.82495995340032e-05	
0.060726758449505	0.183940889543106	0.254163419632291	0.226282217796635	0.151124195457038	0.0755043726729587	0.0324703437527059	0.011198660778711	0.00375212861142379	0.000663838138944209	0.000115450111120732	2.8862527780183e-05	2.8862527780183e-05	
0.0579192095321128	0.174338854984016	0.244667247893054	0.232839290903807	0.156117407730311	0.0850915431560593	0.0327230456262714	0.0113629758791049	0.0040395233943621	0.000726532984597501	0.0001453065969195	0	2.90613193839e-05	
0.0579085080077058	0.16915379970672	0.239828632220593	0.227004801748181	0.160326633888266	0.0894792834756606	0.0385577503666005	0.0129388424048995	0.00388165272146985	0.000833836510537968	8.62589493659967e-05	
0.0514061515550719	0.163525975141761	0.236582851251504	0.226788475857724	0.164270576779884	0.0948221547625866	0.0404375966550203	0.0152643335815339	0.00526948851595166	0.00157511884987685	5.72770490864311e-05	
0.047797990150027	0.158510547442139	0.234036496142568	0.226463973581575	0.169129159905486	0.0957383209496968	0.0443533464286731	0.0152873857716287	0.00654766988356535	0.00187889657528397	0.000256213169356905	
0.0503956450979292	0.151888433694371	0.225405466075537	0.231354172512487	0.170969190190246	0.0973679780010102	0.0457657556540771	0.0173410404624277	0.00693080419776643	0.00207643526572759	0.00047701891239688	2.80599360233459e-05	
0.0498037359761699	0.148798752818685	0.221569555413268	0.224715347568275	0.174271317613652	0.101890259179867	0.0496088638957713	0.0191253027476963	0.00762785000417583	0.00180952646084463	0.000723810584337852	5.56777372567579e-05	
0.0431855183641933	0.138773144954331	0.222936615248765	0.226993018571153	0.181986257898949	0.108336322746213	0.0500013797290212	0.0179088826954386	0.00722978007119402	0.00217997185352797	0.000469107867214879	
0.0424891267982603	0.132206981153117	0.221506635441062	0.228894836623174	0.179352068696331	0.111743057878889	0.0540314486450318	0.0205475632876101	0.00655180104828817	0.00225828036132486	0.000278800044608007	0.000139400022304004	
0.0372026721077787	0.1311736590547	0.211336892416916	0.237079688067753	0.183497777902004	0.111272605305084	0.0562651983117645	0.0208234340498085	0.00852503004723705	0.00231992620957598	0.000503116527377924	
0.0358805653907274	0.126320778388023	0.208452981683348	0.233237614653322	0.182358025035546	0.118960662410438	0.0605536814519501	0.023390671610583	0.0078619420669659	0.00220245894783797	0.000724859906883381	5.57584543756447e-05	
0.0338090383961944	0.122239211688753	0.2002208630649	0.224968852644694	0.186770868728055	0.124589421225507	0.0660040774719674	0.027806093555329	0.00974062747763054	0.00317136708574017	0.000594631328576283	8.49473326537547e-05	
0.0315301215104863	0.117213511283117	0.198713753165818	0.223215047949688	0.18607893913093	0.126006658888478	0.0691784525198486	0.0302780228223443	0.0116103696536809	0.00443925898523093	0.00156512336017757	0.00017074073020119	
0.0298918500243839	0.105855015921283	0.200321294357268	0.221721793511001	0.191055394589633	0.129493100777418	0.0703692016408962	0.0312401388450615	0.0133394532258527	0.00499153733612553	0.0012622278321237	0.000458991938954072	
0.0323830850055981	0.105646943989895	0.189360663738409	0.22355237849166	0.190968334625212	0.129589756839778	0.0746992794189418	0.0320960009186691	0.0132632848161226	0.00579909855596704	0.00180862974765309	0.000775127034708466	5.74168173858123e-05	
0.0283485268482268	0.108821764352871	0.181007630097448	0.218500843025748	0.192267024833538	0.131969250993056	0.078501414568628	0.0380647558083045	0.01500300060012	0.00511530877604092	0.00165747435201326	0.000685851456005487	5.71542880004572e-05	
0.0297794117647059	0.0999151583710407	0.188037330316742	0.215921945701357	0.192845022624434	0.133823529411765	0.0753676470588235	0.0385746606334842	0.0181278280542986	0.00517533936651584	0.00161199095022624	0.000593891402714932	0.000226244343891403	
0.0266163010315269	0.0956559639691995	0.182478570390818	0.214354206014819	0.201249455179428	0.134941159378178	0.0799070172889728	0.0377161121603952	0.0172889728316141	0.00642161848031382	0.00249891035885515	0.000610199041115792	0.000261513874763911	
0.0223174697014484	0.094147206621342	0.173100798108188	0.212119420632575	0.204315696127697	0.145019213715637	0.0818504286136565	0.039166420336979	0.0179722140112326	0.00600059119125037	0.0030446349394029	0.000532072125332545	0.000354714750221697	5.91191250369495e-05	
0.0209718976571394	0.0842770687279046	0.165707951345197	0.212205644436455	0.208340823296782	0.149649469710588	0.0868236563005573	0.0427826712205644	0.0190844268679969	0.00677092695787645	0.00215710947330577	0.000748996344897837	0.000389478099346875	8.98795613877404e-05	
0.0232102486812359	0.0845516201959307	0.16180859080633	0.203436322532027	0.208048229088169	0.156292388847023	0.0864204973624717	0.0455764883195177	0.0198040693293142	0.00684250188394876	0.0025320271288621	0.000813865862848531	0.000572720422004521	9.04295403165034e-05	
0.0202166939047273	0.0820470915804128	0.154772713516131	0.209188305792628	0.204467041946613	0.153531868530961	0.0946976575267841	0.0474244900429756	0.0201561648810605	0.00802009563585739	0.00354094788451062	0.00139216754433751	0.000484232189334786	6.05290236668483e-05	
0.0204609810309655	0.0824833297810797	0.157598270559937	0.204670706086533	0.201016959473861	0.151965411198733	0.0956368175867004	0.0518223061230704	0.0212221782419389	0.00758152422129525	0.00359285083579454	0.00155284231038577	0.000334926772828304	3.04478884389368e-05	3.04478884389368e-05	
0.019503708451607	0.0803955681714129	0.151207154411989	0.204224277386076	0.197906174648231	0.156579067850929	0.0975490644934835	0.0539633122729909	0.0251197997741355	0.00875988157372646	0.00259439001312456	0.00180081189146293	0.000183133412691146	0.000183133412691146	3.05222354485242e-05	
0.0188708574270969	0.0786544798855935	0.147329478331157	0.196978175713486	0.199247652801094	0.156096499409314	0.103991792576012	0.0546850711931854	0.0287259839582167	0.0113162967108127	0.00261145308711061	0.00115028290741777	0.000217621090592551	9.32661816825219e-05	3.10887272275073e-05	
0.0176766886712762	0.0756812564527735	0.149860776522855	0.193880424240528	0.193974282764446	0.153020680161437	0.106028845853018	0.0636047930419548	0.0275318336826956	0.0122641804586553	0.00503707411694772	0.000938585239182805	0.000312861746394268	0.000187717047836561	
0.0147327331108733	0.0666435811874331	0.147075489517094	0.198671535604105	0.202197317887049	0.154284455077756	0.109425171567084	0.0583328086633507	0.0284895800541459	0.0130957627652207	0.00572939620978405	0.00072404457596172	0.000472202984322861	0.00012592079581943	
0.0139339262208238	0.061739493370148	0.140751918322792	0.198799242302629	0.204289337656917	0.161556490191672	0.10928821395319	0.0607442129258034	0.0276752175169358	0.0133560214466883	0.00542588371271712	0.00195845506790381	0.000321058207853084	0.000160529103926542	
0.0157332056805489	0.0633476942715813	0.134003510451572	0.18905377373544	0.204563587043242	0.163140258496888	0.113004627413435	0.0651348332535503	0.0293601404180629	0.0135631083453008	0.00593585447582575	0.00236157651188767	0.000638263922131801	0.00015956598053295	
0.0158750317500635	0.0627381254762509	0.129794259588519	0.183420116840234	0.201200152400305	0.169831089662179	0.113379476758954	0.0677228854457709	0.0331788163576327	0.0138430276860554	0.00514351028702057	0.00292100584201168	0.000793751587503175	0.000158750317500635	
0.0123878959932899	0.0637460481321376	0.130556810116782	0.185463578295374	0.198109555455191	0.165430027743725	0.115200980708433	0.0685850700045164	0.0355184205432609	0.0159687721788502	0.00464546099748371	0.00261307181108459	0.00148396670752952	0.000290341312342732	
0.0129465911724777	0.0595675639879474	0.127181219164928	0.185887884507136	0.197576239197378	0.163868746068011	0.11694976987517	0.0712890301645641	0.0350650640707261	0.018111983046919	0.00692030065229628	0.0019866891824774	0.00205291215522665	0.00059600675474322	
0.0121271163665681	0.0566044074173609	0.126478097285676	0.181805966138135	0.200685299650632	0.166689062080086	0.120028218220908	0.069739317387799	0.0342985756517065	0.0185769954313357	0.00819672131147541	0.00285541521096479	0.00124294544477291	0.000604676162321957	6.71862402579952e-05	
0.0096401028277635	0.051413881748072	0.120721147341361	0.178324989852523	0.199330266540387	0.171154106345555	0.120890271952375	0.0761060749560276	0.0373088891895549	0.0198214044107699	0.0103504261940198	0.00355161683128129	0.0006426735218509	0.000507373833040184	0.000236774455418753	
0.0116493375525959	0.0455889000938902	0.11308550961505	0.176756963521925	0.200472928330493	0.170497617971277	0.129151163195048	0.078415690092847	0.0407205202211635	0.0189519073616859	0.00935424418402476	0.0041033487498696	0.000834579406753138	0.000173870709740237	0.000243418993636332	
0.00995490808185917	0.0447103711411724	0.113978494623656	0.167845993756504	0.192785293097468	0.180263614290669	0.132119320152619	0.07911897329171	0.0428720083246618	0.0214706902532085	0.00894901144640999	0.00378078390565383	0.00131807145334721	0.00055497745404093	0.000277488727020465	
0.00957834461218116	0.0427208051362138	0.100711435016484	0.170085025160507	0.190074613916363	0.182439701544335	0.136907860489328	0.0851986812424085	0.0440742668748915	0.0225576956446295	0.00937011972930765	0.00444213083463474	0.000937011972930765	0.000589970501474926	0.000312337324310255	
0.00847014535187703	0.0404684722367458	0.101328035135418	0.160235630380982	0.188434591655338	0.184426086653421	0.138519990240162	0.0891979504339642	0.0479626337620691	0.0235630380982258	0.0116420927881767	0.00376450904527868	0.000697131304681237	0.00094112726131967	0.000243995956638433	0.000104569695702186	
0.00863304323511936	0.0408933626926707	0.101779036035091	0.155534584600329	0.192128901471462	0.176435636643249	0.136555870119884	0.0941246373772325	0.0493516479675649	0.0244311628394673	0.0131767502009717	0.00433399741358219	0.00136311208975569	0.000768935024990388	0.000419419104540212	6.99031840900353e-05	
0.00813765042584738	0.0427916278749009	0.0951691320988931	0.163959863452984	0.187028033516086	0.178235233267818	0.136684941898555	0.0915830488603841	0.0527568014896038	0.025723250922382	0.0117926968035585	0.00465501189614151	0.000758594531223061	0.000517223544015724	0.000103444708803145	0.000103444708803145	
0.00715826968524163	0.0399698599171148	0.094085008733774	0.154467924786793	0.192828030277083	0.174298729321506	0.145151899167723	0.093948008357023	0.0539781484399082	0.0262013220536356	0.0119875329657157	0.00431551186765764	0.000822002260506216	0.00034250094187759	0.000308250847689831	0.000137000376751036	
0.00813877297651481	0.0366244783943167	0.0921819498568817	0.149118874366314	0.187088319481326	0.179156464461841	0.147360071731558	0.097216953477946	0.0545573680035866	0.0290030003103769	0.0120702141600855	0.00482808566403421	0.00144842569921026	0.000793185501948477	0.000206917957030038	0.000206917957030038	
0.00542632979642623	0.0322123526768742	0.0847820827428887	0.149517851588152	0.1853592783327	0.179345384163412	0.148930287215291	0.101372135623682	0.0588601251166488	0.0291017177617254	0.0151384232537241	0.00684339681332734	0.00193550616942591	0.000725814813534718	0.000345626101683199	6.91252203366398e-05	3.45626101683199e-05	
0.0058943232053891	0.0299978948845695	0.0787664023577293	0.144621430075082	0.182162655252263	0.184373026454284	0.146340607676654	0.103431338151709	0.0627324398287839	0.034067784716862	0.0157181952143709	0.00771875657848572	0.00242088274507052	0.00126306925829766	0.000245596800224546	0.000175426285874675	7.01705143498702e-05	
0.00423759507424846	0.0285766026801883	0.0772908366533865	0.135675479898587	0.177906555595799	0.185802245563202	0.157370517928287	0.103694313654473	0.06327417602318	0.0348062296269468	0.0193770373053242	0.00778703368344803	0.00257153205360377	0.000905469032959073	0.000543281419775444	0.000108656283955089	7.24375226367258e-05	
0.00468998116621736	0.0292108275785664	0.0758152073562539	0.130248532072824	0.175745042283688	0.180878171276635	0.161638169799476	0.104915247978138	0.0676169725617637	0.0365227667195982	0.0194246464049633	0.00912145943350936	0.0028804608737398	0.000627792754533033	0.0003323608700469	0.0002215739133646	0.0001107869566823	
0.00351967648930992	0.0259108099000262	0.0809900026210357	0.128917512262703	0.169992885760288	0.180776575429663	0.155240199198712	0.111993110420489	0.0729396787359119	0.0367693863032164	0.017560939079642	0.0100722656981316	0.00340734638858726	0.00127307447485678	0.000149773467630209	0.000187216834537762	0.000299546935260419	
