# <P(N_2)> as a function of N_tot.
# number_of_species: 2
# species_total_upper_bound: 100
# species_total_lower_bound: 0
# volume: 512
# Bin widths for each species index 
1	1	1	1	1	1	1	1	1	1	1	1	1	1	1	1	1	1	1	1	1	1	1	1	1	1	1	1	1	1	1	1	1	1	1	1	1	1	1	1	1	1	1	1	1	1	1	1	1	1	1	1	1	1	1	1	1	1	1	1	1	1	1	1	1	1	1	1	1	1	1	1	1	1	1	1	1	1	1	1	1	1	1	1	1	1	1	1	1	1	1	1	1	1	1	1	1	1	1	1	1	
# Bin lower bound for each species index 
0	0	0	0	0	0	0	0	0	0	0	0	0	0	0	0	0	0	0	0	0	0	0	0	0	0	0	0	0	0	0	0	0	0	0	0	0	0	0	0	0	0	0	0	0	0	0	0	0	0	0	0	0	0	0	0	0	0	0	0	0	0	0	0	0	0	0	0	0	0	0	0	0	0	0	0	0	0	0	0	0	0	0	0	0	0	0	0	0	0	0	0	0	0	0	0	0	0	0	0	0	
# Bin upper bound for each species index 
0	1	2	3	4	4	5	5	6	5	6	6	6	6	7	7	7	7	8	8	8	9	9	9	9	9	9	9	8	9	9	10	10	10	10	10	11	11	11	10	10	10	11	11	11	11	11	11	11	12	13	13	13	13	13	13	13	12	13	13	13	13	14	14	15	15	15	13	13	13	14	14	14	14	14	14	14	15	15	16	16	16	16	16	15	16	16	16	16	16	17	18	16	16	16	16	16	16	16	17	17	
# Normalized histogram for each species index 
1	
0.949547567166013	0.050452432833987	
0.902096458880467	0.0953011108238421	0.00260243029569051	
0.857533599816594	0.135228905489237	0.00712173109705302	0.000115763597115444	
0.814294139773155	0.171962412910249	0.0132707109114608	0.000471600019545832	1.13638558926707e-06	
0.773674013351992	0.203546665280073	0.021488432870407	0.0012230659845229	6.78225130049669e-05	
0.735349573363128	0.231791535949226	0.0306333521242596	0.00209562133760516	0.000123138935740681	6.77829004077141e-06	
0.699271148241343	0.256803144403613	0.0401207889067902	0.00360352817653554	0.000190076211509567	1.13140602089028e-05	
0.662537909344334	0.280143956232222	0.0515464970234144	0.00549252932053067	0.000265493051229948	1.24804425791856e-05	1.13458568901687e-06	
0.627594903120971	0.299690545010449	0.0643403301835979	0.00778796946952679	0.000566975063302766	1.9277152152294e-05	
0.596484935030439	0.3155113053961	0.0759974164283825	0.0109903956065661	0.000950109597469099	5.56217088124084e-05	1.02162322308505e-05	
0.569111845045547	0.327771121075421	0.0874011819135323	0.0141091917933609	0.00151840700775383	7.80701069560465e-05	1.01830574290495e-05	
0.540402335383361	0.33974385753755	0.099575579865843	0.0178360331451914	0.00230331756765149	0.000121940341816843	1.69361585856727e-05	
0.513055622615456	0.350694577624154	0.110953050297934	0.0220004106322157	0.00302672042489153	0.000258337300521864	1.12811048262823e-05	
0.487580371104224	0.358794673350381	0.123077444156548	0.0260382620083885	0.00408248516768559	0.000404184095694536	2.14511112240117e-05	1.12900585389535e-06	
0.462353587899078	0.365007986626625	0.135930357517004	0.030970989057533	0.00506007430153627	0.000661234108415359	1.23910991355519e-05	3.37939067333233e-06	
0.438953030050497	0.370403571283779	0.147040672453636	0.0363175865905682	0.00640898586892379	0.000818719509173713	5.63080817863626e-05	1.12616163572725e-06	
0.417151283682475	0.373815619991323	0.158009499767339	0.0419149696641362	0.00795431299777679	0.0010452891179783	0.000107900812178405	1.12396679352505e-06	
0.396640899287511	0.375906304787442	0.169155595213007	0.0472208895126468	0.00939597616367965	0.00148528613897346	0.000179355307347739	1.12097067092337e-05	4.48388268369346e-06	
0.375929997656172	0.376594082391151	0.180135495608112	0.0538466689732915	0.0112235900755606	0.00200341529292275	0.000236615065236559	2.12060671674275e-05	8.92887038628526e-06	
0.35545657263909	0.376651800646672	0.190278737874902	0.0613635856840227	0.0134563496487903	0.00233916824618129	0.000418106812353663	2.56438844910246e-05	1.00345634964879e-05	
0.339162394598986	0.374558086113679	0.199046418466538	0.0672269378379135	0.0165862677535927	0.00293357985264868	0.000451578564024988	2.68930162198504e-05	4.48216936997507e-06	3.3616270274813e-06	
0.321632910200476	0.374639604697358	0.207550701958129	0.0732213398858393	0.0187394347566799	0.00357144458543891	0.000571700169043893	6.27749205224667e-05	4.48392289446191e-06	5.60490361807738e-06	
0.305540357598261	0.37157638705546	0.21566444408244	0.0804197257626909	0.02155139000455	0.0044432960156386	0.000707781666207919	7.86424073564355e-05	1.57284814712871e-05	2.24692592446958e-06	
0.290135780719386	0.367833591592452	0.224472130022651	0.0870064250655429	0.0242917812656239	0.00522085951192977	0.000896100832786907	0.000121887770706531	1.80574475120787e-05	3.38577140851476e-06	
0.274827222202173	0.364338978310296	0.23208840088058	0.0945631383305063	0.0265753004438991	0.0062761647840052	0.00116388177126565	0.00016352990003248	2.25558482803421e-06	1.12779241401711e-06	
0.260714691812939	0.359976943246386	0.238746604251314	0.101024156677846	0.0307438392421894	0.00725927477053014	0.00134310093071378	0.00016774688908328	1.80130887606207e-05	5.62909023769396e-06	
0.247824349851561	0.355036450416455	0.244229674407971	0.108051914538176	0.034397286336951	0.00863016380899778	0.0015630499960952	0.000245605973318363	1.81091961893724e-05	3.39547428550732e-06	
0.237222263792427	0.348253257781376	0.249827105738729	0.114039921001494	0.0386013364442963	0.00983853376596579	0.00190580493899383	0.000275497085172815	3.62794515453913e-05	
0.225245695665045	0.3437965375498	0.253449004449526	0.120580133282413	0.0426411069355214	0.0115825535174761	0.00226543945005751	0.000377384925844992	5.98844343406724e-05	2.25978997511971e-06	
0.213549307391207	0.338117483217166	0.258632539881061	0.127635169698732	0.0454381564685177	0.0131355674389362	0.00294868587988471	0.000461964543657903	6.76045673645711e-05	1.35209134729142e-05	
0.202588150875745	0.332786356085562	0.262006975365779	0.134275228903792	0.0495001287777139	0.0144770893762322	0.00355403996495447	0.000678191803439096	0.000119217796292776	1.23716581058542e-05	2.24939238288257e-06	
0.193182839173405	0.326343216531896	0.264690026954178	0.141229784366577	0.0532345013477089	0.0161781221922731	0.00407345013477089	0.000864779874213837	0.000175202156334232	2.58310871518419e-05	2.24618149146451e-06	
0.182788182877941	0.318320892466254	0.269134494879853	0.148267160935416	0.0579108992317816	0.017594860442755	0.00471455194365875	0.00103221984487531	0.000188492319498969	3.70252770444404e-05	1.12197809225577e-05	
0.172433172451156	0.312867127207821	0.270785610074656	0.154673938211353	0.0629800894256124	0.0194081454189044	0.00535811833045214	0.00116671424942507	0.000231544446417693	8.09281560294848e-05	1.46120281719903e-05	
0.164984220747694	0.303650581719444	0.274619679559799	0.159472721224218	0.0678485371599144	0.0218358328388269	0.00591834349319379	0.00136438834043624	0.000219156282030534	7.30520940101778e-05	1.34865404326482e-05	
0.157089353195838	0.297358092211285	0.274702258957499	0.165870257340348	0.072040698294692	0.024550370316299	0.00653036930557973	0.00149811051653368	0.000299846707582079	4.37978336917643e-05	1.57222992739667e-05	1.12302137671191e-06	
0.148703705159021	0.289735060304402	0.276622234995751	0.171406406648023	0.0770075365065323	0.0271350160710697	0.00740852176470786	0.00163685781678195	0.000287404390326597	4.37842625888175e-05	7.85871379799288e-06	5.61336699856635e-06	
0.141565926658278	0.282462250584217	0.277609877763797	0.175963958295884	0.0818229822038468	0.029798445083588	0.00844193780334352	0.00188185331655582	0.00038086464138055	5.72982203846845e-05	8.98795613877404e-06	5.61747258673378e-06	
0.134116327088195	0.276952035007413	0.276501901310986	0.18157967814321	0.0866876878356407	0.0317142703579123	0.00960173245486346	0.00232681050043222	0.000446774489736504	6.7184133794963e-05	5.59867781624692e-06	
0.127246092767919	0.269451797488779	0.276270108822573	0.18662976301284	0.0916125384521696	0.034882668505145	0.0104721753228977	0.00270073066105886	0.000611212110715431	0.00011620851830787	6.7043375946848e-06	
0.12046103631171	0.260836572648078	0.277404154393138	0.191359436157478	0.0968218847655812	0.0377116763285674	0.0116234234961285	0.00302971202604006	0.000591819441268646	0.0001378670289319	2.24174030783578e-05	
0.114678184331208	0.255209460148709	0.275527167436965	0.194384129656678	0.101512310008419	0.0409941272017389	0.0132342539169737	0.00355349694365634	0.000737602835623302	0.00014236407313702	2.35405160305309e-05	3.36293086150442e-06	
0.108772940967533	0.248368400300686	0.275310598724208	0.198483838143523	0.105215422540481	0.0437948948214371	0.0147516941494739	0.00418636705324661	0.000908088691112459	0.000168660999210309	2.68070462321021e-05	1.22865628563801e-05	
0.103660147991543	0.241526543519547	0.274179641308632	0.202377539685384	0.109611835740137	0.0464578779517684	0.0162011323323897	0.00462137635718637	0.00108955638370301	0.000228437309635575	3.69530942057548e-05	8.95832586806178e-06	
0.0991596638655462	0.234928998337303	0.272705927290702	0.205735181773244	0.113544241225902	0.0500651597537411	0.0173594571518447	0.00490608007909046	0.00129533096661124	0.00024266391048398	5.39253134408844e-05	3.37033209005527e-06	
0.0941807243195042	0.228276340815071	0.270421644928804	0.209229796768386	0.118619311800527	0.0527747520980659	0.0192011829310277	0.00549701727553376	0.0014041662198694	0.000318307776529881	6.99825607973497e-05	6.77250588361449e-06	
0.0883652196919417	0.22137096455057	0.269571922667713	0.211738913643954	0.123051457244842	0.0566955699802022	0.0208809386246485	0.0062638293253494	0.00160666091540099	0.000359548325895507	8.81910988045583e-05	6.78393067727372e-06	
0.0832065033716734	0.21375479439937	0.266666137420925	0.215855143928379	0.128099773407216	0.0602047273741775	0.0225311253200992	0.0071811086488583	0.00194724629660292	0.000441164128933335	9.86665275506432e-05	1.36091762138818e-05	
0.0795118422735716	0.208063590456451	0.263498086377339	0.217558690654209	0.132086941067667	0.0638734529993672	0.0243558149564808	0.00816728039184834	0.0023103838225589	0.000479962146381663	8.1503005989339e-05	1.13198619429637e-05	1.13198619429637e-06	
0.0754742524495287	0.201844550115919	0.261089017875778	0.219223935153064	0.136177437823995	0.0672172112884211	0.0268345376496934	0.00883466174786636	0.00259816447520575	0.000566338934673594	0.000119585512102392	1.24098172936445e-05	6.76899125107881e-06	1.12816520851313e-06	
0.0719931481431196	0.194712212959694	0.257898416922367	0.222083435160797	0.141384038884514	0.0697393669499733	0.0288714801640101	0.00965324354413881	0.00283646056788045	0.000658484264262633	0.000136901367655977	2.14969089707733e-05	9.05133009295716e-06	2.26283252323929e-06	
0.0685515306446203	0.18843087396771	0.25521923979948	0.22345394468467	0.145522286584537	0.0727577438742487	0.0309539673474568	0.0107625574501645	0.0032759058315883	0.000799996373954112	0.000220962171276278	3.96598768957421e-05	6.79883603927008e-06	4.53255735951338e-06	
0.0655325639930145	0.182210808917941	0.250821338597758	0.224951014334753	0.149223538957911	0.0774885794553723	0.0328807424288957	0.0119390163882407	0.00366500037964599	0.00103921006435849	0.000197189259758318	3.85312346654186e-05	1.01994444702579e-05	2.26654321561286e-06	
0.0621178922555705	0.177170576765119	0.247381701603857	0.225452385990539	0.153778244972162	0.0809437023183004	0.0350077246344166	0.0126085601235942	0.0040875716434245	0.00117291577076835	0.000226392083785549	3.98177031783628e-05	9.1011892979115e-06	3.41294598671681e-06	
0.0588855206745563	0.171237733134666	0.243705720826411	0.227606798084114	0.156682480147516	0.084947507235952	0.0372250480969589	0.0136612489795452	0.00452254134625814	0.0011840129704796	0.000287725427734676	3.4253027111271e-05	1.59847459852598e-05	3.4253027111271e-06	
0.0559120534392424	0.164718027513024	0.239193884165435	0.228897935665756	0.1610425362376	0.0887056668873105	0.0399342412882854	0.014735118833263	0.00512053667888782	0.00134215451239435	0.000332680547791104	5.14454455347068e-05	1.25755533529283e-05	1.14323212299348e-06	
0.053134258047033	0.159985913190034	0.236167884588778	0.228182309848075	0.163452732006444	0.0922468804919407	0.0427543829759987	0.0163884940948596	0.0054826504698843	0.00170711098050829	0.000389902775856214	8.11821028908833e-05	2.62984276970467e-05	
0.0507014154431788	0.154179541715157	0.232108603303274	0.229187137754897	0.166066054015009	0.095933682273423	0.0450923850418212	0.0182396679527383	0.00599427860553909	0.00185286041058745	0.000519397132423337	8.71394747553502e-05	3.43971610876382e-05	3.43971610876382e-06	
0.0485099744750851	0.147904360831777	0.229258996326342	0.229651864053981	0.16995779543768	0.0982973434330206	0.0476197040396452	0.0192987655682453	0.00673389070006272	0.00204360142535169	0.000570921814727256	0.000122914756892991	2.87184011432221e-05	1.14873604572888e-06	
0.0454389106860724	0.143826632514773	0.224931264346203	0.229677980054622	0.173181744177247	0.102316947609559	0.0498038253483791	0.02068948912039	0.00733562490397646	0.0020110481527938	0.000581300691828082	0.000171982453203574	3.09568415766434e-05	2.29309937604766e-06	
0.0435556991109492	0.137900227474212	0.220285751592663	0.231040952230416	0.175743872742725	0.106623096077502	0.0523396856595034	0.0218986880716922	0.00759392760684759	0.00218654717970921	0.000631109217401663	0.000160354429103871	3.43616633794009e-05	5.72694389656681e-06	
0.0409297017075242	0.133755487488355	0.215925433183563	0.229265000280749	0.179980450733212	0.110154274196228	0.0550324465116705	0.0231222218784485	0.00848548186192442	0.00248663006622228	0.000630251860102422	0.000191367382976553	3.43773741874048e-05	4.58364989165398e-06	2.29182494582699e-06	
0.0388160342528091	0.128995254749544	0.212117847064413	0.228488674936034	0.181751678582263	0.113833349551519	0.0577352161693408	0.0248298521473832	0.00935999221527066	0.00307954734088528	0.00076244554982513	0.000169432344405584	5.49510306180274e-05	2.28962627575114e-06	3.43443941362671e-06	
0.0370598159034919	0.124617324587776	0.207929183431085	0.228399239974849	0.183085202759272	0.117220937570508	0.0607241312566643	0.0262698868093947	0.0099756164323943	0.00342217473019451	0.000999852255508636	0.000247386125074302	4.23763269803202e-05	3.43591840380975e-06	2.2906122692065e-06	1.14530613460325e-06	
0.0352286254866666	0.120734730025821	0.203587387211235	0.225021997044057	0.186246240374496	0.120443736449533	0.0642037645137359	0.0284334079028334	0.0108058681787598	0.00371965701863854	0.00121343171139878	0.000288693231811464	4.83072340082927e-05	1.95529280509756e-05	2.30034447658537e-06	2.30034447658537e-06	
0.0332141478390352	0.117208899387834	0.198697768259279	0.225051473426843	0.187365571630788	0.123733845616486	0.0667419618728974	0.0306048587238267	0.0116906722797213	0.00404434068055224	0.00116849274776183	0.000345837086604041	0.000105704358696252	2.29792084122286e-05	2.29792084122286e-06	1.14896042061143e-06	
0.0317510933469021	0.112586814449332	0.195323157542108	0.224229649472811	0.189688060847532	0.126234224319443	0.06901410558525	0.0321839424494885	0.0126919185000397	0.00445857599552416	0.00130200089102448	0.000391406103402585	0.000112817053333686	3.22334438096247e-05	
0.030661951808368	0.108977100961688	0.192394120339571	0.222169442045637	0.190092802154661	0.129692423520948	0.071665999868562	0.0336446723215758	0.0137537197534038	0.00494391401648048	0.00145158296332764	0.00041045554801004	0.000110684642160011	3.1130055607503e-05	
0.0288852881068946	0.105432747300281	0.187795430862094	0.221271137727598	0.190947078913798	0.132693057237398	0.0749941882453359	0.0355205192528108	0.0149208849596416	0.00528088990975299	0.00162729130596199	0.000474192917870943	0.000117969945421552	3.93233151405172e-05	
0.0277178527188966	0.102339628944035	0.183383438414824	0.218999800507546	0.192469623794346	0.135059870933022	0.0780966564136824	0.0370476044667752	0.0162203602926508	0.00595229810667743	0.00194853094684686	0.000563682166766413	0.00015425869995871	4.40739142739171e-05	2.31967969862721e-06	
0.0258702465427288	0.0983346043319352	0.180419801538218	0.216143387242274	0.194970798032122	0.137523598724041	0.0809773359249305	0.0391134319752248	0.0173154184530397	0.00628795558324886	0.00221107256782018	0.000630074306918262	0.000167399815860203	3.37124629162908e-05	1.16249872125141e-06	
0.0240882753720407	0.0947462036307711	0.176189630308314	0.216111985003845	0.196323183971691	0.139603779891222	0.0832454895837959	0.0416542984225522	0.0178651982152332	0.00684713785196906	0.00245533992609439	0.000676650079585268	0.000157768153271177	2.45417127310719e-05	1.05178768847451e-05	
0.0231093963522829	0.0900162438499565	0.173216165091896	0.213829305968033	0.196957266720266	0.1437557281253	0.0851325409084836	0.0437951071554979	0.0191433654538082	0.00743747992958654	0.00256315294768449	0.00082274045234317	0.000178143231846384	3.51598483907337e-05	8.20396462450454e-06	
0.022428686595986	0.0862369582946652	0.167047489149489	0.211700975842965	0.198201111767298	0.1463448072218	0.0895401539225888	0.0463396514712637	0.0203945086569739	0.00784259962316151	0.00286261330933566	0.000835465939237136	0.000178107745812124	4.10116519962129e-05	5.85880742803041e-06	
0.0213964477129567	0.0840446203334023	0.163064954670424	0.209428598469579	0.198307399838522	0.148548273456697	0.0922458908935401	0.0483640106888764	0.0217843693294214	0.00860438187845201	0.00294680215880716	0.000963961848142708	0.000233687720761869	6.42641232095139e-05	2.33687720761869e-06	
0.0203706627834213	0.0812300062576393	0.159096092776813	0.206971127135346	0.199135627021305	0.150523711774304	0.0944669602493698	0.0509991753951962	0.0231883549426578	0.00925662754180045	0.00330660678047383	0.00110766063710956	0.000221064266540344	0.000105268698352545	2.1053739670509e-05	
0.0192586425254468	0.0772233688259299	0.155865659740138	0.204460809606454	0.200313100989727	0.153536751254749	0.0967564144659693	0.0530934846850228	0.0243808339978423	0.00995825320136967	0.00355668652375815	0.00122777803836953	0.000239223228106384	8.56043904498335e-05	3.98705380177307e-05	3.51798864862329e-06	
0.0180089980584616	0.0744869209636963	0.152258531410063	0.202881392848862	0.199520587567128	0.15670369407538	0.0992339237577316	0.0549216475674562	0.0259508034315344	0.0104711919265728	0.0038901028382996	0.00124244404317757	0.000295095097908338	9.25099711696773e-05	2.57622704523152e-05	1.63941721060188e-05	
0.0172446481319371	0.0716761774577866	0.147492942977385	0.200043769924678	0.200454551838103	0.157263934986448	0.103600134820731	0.0572812557053044	0.0274392955616828	0.0115966894020607	0.00420963687346981	0.00124755988521513	0.00031364544956628	9.47958261748831e-05	2.92579710416306e-05	9.36255073332179e-06	2.34063768333045e-06	
0.0161721398988655	0.0684570530193704	0.143065479333122	0.197872889608485	0.200083301068835	0.160346344725634	0.106611289054709	0.059437072495395	0.0288127837809299	0.0125068928701325	0.00470475050743257	0.00139265308037967	0.000416505344174205	8.44743233254725e-05	2.22918353219997e-05	7.03952694378938e-06	7.03952694378938e-06	
0.0152177990340882	0.0664134664978666	0.139154592769729	0.194954752192057	0.200335255779059	0.162293102639846	0.109649739766493	0.0617773245182163	0.0296970975758428	0.0131371032025132	0.00512495897219487	0.00158601772401182	0.000511089229615042	0.000112533408355606	1.52388990481549e-05	1.52388990481549e-05	4.6888920148169e-06	
0.0150823578428963	0.0637960212629997	0.135670999318854	0.191582342628288	0.200123589430295	0.164480444547436	0.111617874589498	0.0640546695972342	0.0318453446810901	0.0137715608549205	0.00545853317135628	0.0017906423139312	0.000519637377376112	0.00017672352248602	2.10663801638964e-05	7.02212672129881e-06	1.1703544535498e-06	
0.0144233520047548	0.0615304493635486	0.131861805791527	0.187862058013356	0.199555342256848	0.16765862242509	0.114403617982015	0.0663717072498596	0.0333294799442777	0.0145202705779733	0.00570885427066438	0.00190801142938548	0.000604865312375568	0.00022186179411459	3.15277286373365e-05	2.33538730646937e-06	5.83846826617343e-06	
0.0131531869614926	0.0599515408901419	0.129545955156094	0.18599300967434	0.198423622126164	0.168308581271568	0.116644503830228	0.068262313194094	0.0350425328334361	0.0155458409427033	0.00592511097928659	0.00227960603373024	0.000689942112458233	0.000182974512932336	4.6617710301232e-05	4.6617710301232e-06	
0.0123464563990979	0.056358984763997	0.126181530690063	0.183841860877312	0.199217793449895	0.169285682634968	0.119203707201944	0.0714002523397398	0.0360948442933205	0.0164487262906758	0.00643093190791698	0.00216424471824006	0.000746291282151744	0.000191237141051384	7.11308878300881e-05	1.39929615403452e-05	2.3321602567242e-06	
0.0119924862973053	0.0538809115504488	0.122073137111056	0.180658290071913	0.198078118209982	0.171581568999435	0.122271726889991	0.0741709460817068	0.037646781210136	0.0172609563149213	0.00695531496338939	0.00237139559551234	0.00079319094056792	0.000181067151381484	4.67270068081249e-05	3.62134302762968e-05	1.16817517020312e-06	
0.0110262170882975	0.0520844906689995	0.118466340682975	0.178780730551206	0.196317655162896	0.17261736991742	0.124671803970046	0.0760958677415318	0.0397834988006591	0.0184023680403437	0.00763695349878896	0.00287935367749134	0.00092158029970072	0.000222208447897382	4.44416895794764e-05	2.80684355238798e-05	2.10513266429099e-05	
0.0105475694680305	0.0491517205678776	0.11564614696327	0.1752716532021	0.19659048587216	0.173613274524914	0.127371914841786	0.0781487528195951	0.0416843318350147	0.0194449584585511	0.0079616230561483	0.00318558615956507	0.000946306476811978	0.000305675730752384	9.36937105754433e-05	2.57657704082469e-05	1.05405424397374e-05	
0.00994425686362263	0.0481279538121604	0.111524934450852	0.172226140461457	0.195352864128741	0.174229519259382	0.129836519603823	0.0805592590075894	0.0440848776533053	0.0204953851993655	0.00861687196417818	0.0033530234617917	0.00112704701965186	0.000380759128260763	0.000106612555913014	2.10881978729038e-05	1.28872320334412e-05	
0.0095526113671275	0.0460115301037803	0.108847551609157	0.168963789292271	0.193643222434529	0.176380849349968	0.130923110786407	0.0835159791690083	0.0455221329287026	0.0217969071971826	0.00935006181859054	0.00370091978569555	0.00119539357835975	0.000435540069686411	0.000113568243977371	3.5124199168259e-05	5.85403319470983e-06	5.85403319470983e-06	
0.0093186320051887	0.0444288627505975	0.106026025324148	0.166393792253171	0.191154661945413	0.177427968750913	0.133034164811471	0.0857258050379512	0.0475502655704945	0.0227952390134451	0.0103002787175487	0.00390438293570798	0.00132522306168598	0.000428886123138231	0.00014490975277695	3.15529300401423e-05	7.01176223114274e-06	1.16862703852379e-06	1.16862703852379e-06	
0.00879471150592809	0.0432606935431557	0.103074765548252	0.162607658795995	0.191392896561219	0.177261622249757	0.135802339500599	0.0874255926338166	0.0490254414273147	0.0241475383441488	0.0108983019603176	0.00413134431447219	0.00150506471778286	0.000467853451031728	0.00017617424215908	2.21676198743213e-05	5.83358417745296e-06	
0.00801640392685921	0.0417940686313411	0.100221971178758	0.159784237478818	0.19008528734881	0.17881867452163	0.137375885200521	0.0893381477660503	0.0510090235602216	0.0254741687167685	0.0112852854815444	0.00451644827441333	0.00157550521200465	0.000513497995023738	0.000161051643893809	2.56748997511869e-05	4.66816359112489e-06	
0.0078189338814247	0.0396382503691918	0.0970327011774477	0.157070401899967	0.188346137425666	0.178961783692105	0.140801466968708	0.0909284969403157	0.0531496200765679	0.0272210414824596	0.0119226202002151	0.00477441390074165	0.00159458192091714	0.000529583169053679	0.000151642757658542	5.0158758302441e-05	8.1653792585369e-06	
0.00744674777185989	0.037760406046419	0.0934706085918993	0.153485033679901	0.186645258189267	0.179986180812303	0.142915568957863	0.0948909787270734	0.0545438444607313	0.0284714883125327	0.0125596141813296	0.00523870724179034	0.00177458877429864	0.000559292588091496	0.000173613740886735	7.22419592951515e-05	5.82596445928641e-06	
0.00687609765175217	0.03593435606369	0.0900277974854325	0.150036636853185	0.185290594214866	0.179012316961118	0.145149396945766	0.0985647658149083	0.0574617057653613	0.0295258144430617	0.0134905034950395	0.00567231533281383	0.00201560846253155	0.000648995684992847	0.000209353446771886	7.09475569615836e-05	1.27938217471708e-05	
0.00670073637395232	0.0346395963562645	0.0881585551167732	0.147211040161532	0.183360939146279	0.17946753428897	0.145191894206952	0.101150866830254	0.0596888289764831	0.0309698971070113	0.0141328625856427	0.00590675532981509	0.00240744325353727	0.000712844295101311	0.000204000969004603	8.6932231109916e-05	9.27277131839103e-06	
0.0065440666204025	0.03264746703678	0.0852845246356697	0.1438248901226	0.180936849410132	0.179550080962295	0.147588480222068	0.103597039093222	0.0624288688410826	0.0327099236641221	0.0150370113347213	0.00624797594263243	0.0024381216747629	0.000807309738607449	0.000271801989359241	7.05528568123988e-05	1.50358547305112e-05	
0.00642208607071676	0.0315752565143574	0.081988862847863	0.140320504539751	0.178542758544327	0.179881846534288	0.148630693142393	0.105872148815236	0.0648021702221894	0.0347217096036023	0.0165315660293792	0.00692035136930686	0.00255360965527423	0.000861583745478704	0.0002525928249797	0.000100345094854949	2.07610541079206e-05	1.15339189488448e-06	
0.00613542991322386	0.0306956297767013	0.0808797966252826	0.136162191568173	0.17664886791385	0.180715669255051	0.150032744623125	0.106890693019447	0.0670773893468516	0.0358458334632723	0.0174822792105716	0.00718995692955921	0.00286905269285543	0.000971366068716353	0.000246017803372869	0.000120121368782997	3.23403685184993e-05	4.6200526454999e-06	
