# <P(N_2)> as a function of N_tot.
# number_of_species: 2
# species_total_upper_bound: 100
# species_total_lower_bound: 0
# volume: 512
# Bin widths for each species index 
1	1	1	1	1	1	1	1	1	1	1	1	1	1	1	1	1	1	1	1	1	1	1	1	1	1	1	1	1	1	1	1	1	1	1	1	1	1	1	1	1	1	1	1	1	1	1	1	1	1	1	1	1	1	1	1	1	1	1	1	1	1	1	1	1	1	1	1	1	1	1	1	1	1	1	1	1	1	1	1	1	1	1	1	1	1	1	1	1	1	1	1	1	1	1	1	1	1	1	1	1	
# Bin lower bound for each species index 
0	0	0	0	0	0	0	0	0	0	0	0	0	0	0	0	0	0	0	0	0	0	0	0	0	0	0	0	0	0	0	0	0	0	0	0	0	0	0	0	0	0	0	0	0	0	0	0	0	0	0	0	0	0	0	0	0	0	0	0	0	0	0	0	0	0	0	0	0	0	0	0	0	0	0	0	0	0	0	0	0	0	0	0	0	0	0	0	0	0	0	0	0	0	0	0	0	0	0	0	0	
# Bin upper bound for each species index 
0	1	2	3	3	4	4	5	6	5	6	6	6	6	6	6	6	6	8	8	8	8	8	8	8	9	9	9	8	9	9	10	10	10	10	10	11	11	11	10	10	10	11	11	11	11	11	11	11	12	13	13	13	13	13	13	13	12	13	13	13	13	14	14	15	15	15	13	13	13	14	14	14	14	14	14	14	15	15	16	16	16	16	16	15	16	16	16	16	16	17	18	15	15	15	16	16	16	16	16	16	
# Normalized histogram for each species index 
1	
0.94985025620903	0.0501497437909704	
0.902079449262943	0.0953237722477622	0.00259677848929444	
0.857608639023797	0.135113544928828	0.00717361983432802	0.000104196213046524	
0.814918866343319	0.171365630477481	0.0132581267540603	0.000457376425140072	
0.774270747237493	0.202897715982364	0.0215456789127949	0.00123978009382587	4.60777735219834e-05	
0.735847265120923	0.231589683979439	0.0303504610041821	0.00209030761904899	0.000122282276406858	
0.699869012056943	0.256256511570602	0.0399779813446654	0.00372069162786743	0.000162834296649504	1.29691032729694e-05	
0.663005257161364	0.279935167459964	0.0512211767019265	0.0055636845240505	0.000258809649117734	1.44586396155159e-05	1.44586396155159e-06	
0.627666547105098	0.299884903983417	0.0640000115240067	0.00782047902414711	0.000606450850831817	2.1607512499946e-05	
0.596607956559709	0.315482520989512	0.0758173155906029	0.0110214751598892	0.000992912707265124	6.48491608518586e-05	1.29698321703717e-05	
0.56991955540677	0.327443545826407	0.0869560219940317	0.0140070430326132	0.00157469680621028	9.05163310139122e-05	8.62060295370593e-06	
0.541282430973757	0.340078870752024	0.0984407903130317	0.0176606264075104	0.00239679929816212	0.000120413361869389	2.00688936448981e-05	
0.513853243075518	0.350548894008888	0.110442182451085	0.021823084220813	0.00306011084877061	0.000258219143882275	1.42662510432196e-05	
0.48790548098434	0.359087510843263	0.122545998265078	0.0259767497603068	0.00406337031456878	0.000400915399716934	1.99744327261106e-05	
0.462989105787453	0.365376222098064	0.135346694133218	0.0305842613246214	0.00506823277191815	0.000621267243009322	1.42166417164605e-05	
0.439375030205168	0.37054704756923	0.146846864774662	0.0360827379954003	0.00628409630402461	0.000815894883173518	4.83282683412885e-05	
0.417491395826036	0.374495342330551	0.157446102489999	0.0416389551051432	0.00782210524673807	0.000998325252665628	0.000107773748867312	
0.396636670989518	0.376003080739151	0.169522768587787	0.0468934936374808	0.00931866961904169	0.00143560179181226	0.00017555682661215	9.9104660184278e-06	4.2473425793262e-06	
0.374571373313551	0.377127957682952	0.180800347842291	0.0539409656293983	0.0112992276602383	0.00199614041873774	0.000237165198265871	1.83520689134305e-05	8.47018565235252e-06	
0.354591692807655	0.3763173929724	0.19117290289093	0.0614830403285866	0.0135336033941911	0.00241333980275778	0.000449944708988739	2.96201846042743e-05	8.46290988693552e-06	
0.339413930327084	0.373780794903989	0.199469401942216	0.0673065055010534	0.0164939385556099	0.00302611138303079	0.000483780582097281	1.98619593822931e-05	5.67484553779802e-06	
0.322112670061996	0.374370469151215	0.207145795797926	0.0732724254848274	0.0188511682673892	0.00362042304473038	0.000571720410276781	5.24904595043198e-05	2.83732213536864e-06	
0.306226177155945	0.371378323468905	0.215528406853302	0.0799310177161632	0.0216301827348092	0.00450972391447448	0.000712286154209242	7.96168156401547e-05	4.26518655215115e-06	
0.29105421188129	0.368063681978274	0.223968649926077	0.0865880250937591	0.0240890954030928	0.00517458885850796	0.000916184789619997	0.000128437120040187	1.71249493386915e-05	
0.275481113930965	0.364162844689253	0.231886387690767	0.094515699507221	0.02637164415209	0.00622659868668131	0.00116793180757719	0.000186356963206592	0	1.42257223821826e-06	
0.261878556342667	0.359681963632346	0.238650512708281	0.100548616983754	0.0305741001222454	0.00711516423804849	0.0013485240602473	0.000172815058140935	2.26642699201226e-05	7.08258435003832e-06	
0.248737960362081	0.3555619965872	0.243740951179348	0.107622534706978	0.0339972805585511	0.0085632568508186	0.00151458964708356	0.000235855423467046	2.13122370602753e-05	4.26244741205505e-06	
0.2377824338058	0.348821585244693	0.249449864352064	0.113954229852794	0.0381209131255391	0.00968466480868375	0.0019144435872545	0.000246244416799278	2.56208063721792e-05	
0.225369081095791	0.344519627630624	0.253679472060958	0.119986790185051	0.042427317670537	0.0114267734034833	0.00219407656023222	0.000345836357039187	4.96076741654572e-05	1.41736211901306e-06	
0.213815691865534	0.338752637000383	0.25870369088209	0.127228821690026	0.0450137554983136	0.0131578017766989	0.00281892338321674	0.00043944118906286	6.35847379672948e-05	5.65197670820399e-06	
0.202445936248001	0.333526872241717	0.262048856566478	0.134128114281194	0.0491249781032622	0.014430656563088	0.00349217650748445	0.000661140212582007	0.000132793119621172	5.65077104770946e-06	2.82538552385473e-06	
0.192109730945444	0.326424965684341	0.265321181844013	0.141913449617827	0.052992424403063	0.0161068019219596	0.0040669886896154	0.000838277474084786	0.000193666128076924	2.96860488293095e-05	2.82724274564852e-06	
0.182262815984643	0.317756294919472	0.269470826143151	0.148780511974043	0.0580575110807853	0.0176981128336091	0.00472251675035355	0.00100792323928409	0.000185446551048056	4.38842983396163e-05	1.4156225270844e-05	
0.172245940852935	0.312724828750856	0.270419803221228	0.1551841238467	0.0628166389936179	0.0196381754787957	0.00546749492030587	0.00116694717827068	0.000228284927948456	8.93288848493957e-05	1.84329444927325e-05	
0.164931267406606	0.303141311487969	0.274501903287729	0.159539919385159	0.0683083794317235	0.0218562411237839	0.00600567794073206	0.00139891293398578	0.000212816369267614	8.65453235021629e-05	1.70253095414091e-05	
0.15689790142628	0.296452840696787	0.274752471730844	0.166385597115331	0.0722062231213922	0.0248714586302086	0.00654534501938599	0.00152303231186928	0.000294092993056848	5.25673465850405e-05	1.70488691627158e-05	1.42073909689299e-06	
0.148067824185013	0.289558300896937	0.276760560375783	0.171727787408753	0.0769570986289253	0.0275523307986251	0.00741071517454503	0.00164113707760986	0.000264516028106961	4.26638755011228e-05	9.95490428359531e-06	7.1106459168538e-06	
0.14120313613685	0.282277975766215	0.27775623663578	0.17583891660727	0.0820912330719886	0.0299529579472559	0.00850178189593728	0.00191732002851034	0.000389166072701354	5.2744119743407e-05	1.14041339985745e-05	7.12758374910905e-06	
0.133599623458748	0.277005245697433	0.276975384042216	0.181389647675128	0.0866315057526346	0.031765691233329	0.00978751299337498	0.00233489704127876	0.000429439041696825	7.39431462524334e-05	7.10991790888782e-06	
0.127192826817958	0.269222853233368	0.276623710279299	0.186696342012142	0.0915724763063279	0.0347261157707523	0.0104753212502821	0.00276503059560292	0.000597575914142109	0.000120650719007314	7.09710111807731e-06	
0.120128391914041	0.261328196139137	0.277414177745402	0.191371391822983	0.0968943498452012	0.0373167455836824	0.0117649904389	0.00303195000910581	0.000596145966126389	0.000133741577126207	1.99189582953925e-05	
0.114002012671002	0.255360124347199	0.275808520117458	0.194681082742983	0.101769413948351	0.0409266826940185	0.0130126154901651	0.0035058052890261	0.00075866594358543	0.000150879155759954	2.13508239282954e-05	2.84677652377272e-06	
0.108021228031102	0.248749852819552	0.275649473625973	0.198922710049552	0.105203875066143	0.0437640176077467	0.0146272539887675	0.00396500580919456	0.000892303632909974	0.000171651414279979	2.55349211325589e-05	7.09303364793302e-06	
0.10253990217348	0.242257298553101	0.274423888347939	0.202998570753401	0.109197856699522	0.0466384233872575	0.0161986026409744	0.00446853095087605	0.00102495772049403	0.000206415096488381	3.5588809739376e-05	9.96486672702529e-06	
0.0983192725695237	0.235531588200374	0.273143180053884	0.205818473446276	0.113205797068359	0.0501949289921914	0.0173652335723092	0.0048646627699895	0.00124863007443262	0.000239736974291064	6.42152609708206e-05	4.28101739805471e-06	
0.094201628520368	0.228810272205398	0.269962878470087	0.209157697545727	0.118357918206214	0.0530590783976831	0.0190908672991501	0.00559552472948978	0.00138631100486717	0.000300247668411647	6.89564023146366e-05	8.61955028932957e-06	
0.0885729299298692	0.221291572470861	0.269851856343095	0.211840232364091	0.122378036280904	0.0567946574737334	0.0208255739087001	0.00634901386735498	0.00164283260142109	0.00035368540188767	9.52785164268824e-05	4.33084165576738e-06	
0.0833644100383803	0.213654402855671	0.266651188774659	0.216006558756738	0.128093099520427	0.0600518025698138	0.0224826055096459	0.00721463241215692	0.00195166544536425	0.000407745717581676	0.000110279980555898	1.1608419005884e-05	
0.0798464418986789	0.20786325381321	0.263282239152095	0.217522273031177	0.131970338399242	0.0639844759546983	0.0244274565597938	0.00824642391491941	0.00230308145917904	0.000462646716296042	7.83163720375745e-05	1.16024254870481e-05	1.45030318588101e-06	
0.0750582588934205	0.20215727661886	0.261327797113133	0.219189244245264	0.136023138857707	0.0671960171576595	0.0267853660016557	0.00895879474521396	0.0026149683097625	0.000553333073281236	0.000112689242078163	1.44473387279696e-05	7.22366936398481e-06	1.44473387279696e-06	
0.0714630808798216	0.194612640708671	0.259569346845609	0.221782324300398	0.140886591197734	0.0696216813583251	0.028760837930805	0.00967277187764891	0.00281634318016785	0.000636461735631153	0.000137417874738544	2.60370710030926e-05	1.15720315569301e-05	2.89300788923251e-06	
0.0682744344097594	0.188140940791501	0.256651173421635	0.224297632325477	0.144700543493199	0.0722685380076352	0.0307666046068896	0.0105935605386615	0.00323607741704026	0.000795638166907528	0.000221332071885185	3.9058600920915e-05	8.67968909353667e-06	5.78645939569111e-06	
0.0652668588462862	0.181641545494236	0.251457972514652	0.225967668718574	0.149077508912643	0.0772270042242892	0.0326551146861275	0.0117707607479392	0.00363445007618756	0.00105101241264453	0.00018938463006387	4.48162101677861e-05	1.30111577906476e-05	2.89136839792168e-06	
0.0619277185457694	0.176629558273544	0.247353448000302	0.226153425915432	0.154001284409535	0.0809279713594109	0.0350379365757409	0.0124241922313564	0.00407698320678122	0.0011797969935518	0.000236831169887861	3.48708471000532e-05	1.16236157000177e-05	4.35885588750665e-06	
0.058203544575725	0.170607516461962	0.243571370195676	0.228727875589595	0.157309519917807	0.0850505534021389	0.0369752019801055	0.0135402559193014	0.0044949329846355	0.00116459627329193	0.000307932097324055	2.91878765236072e-05	1.31345444356232e-05	4.37818147854107e-06	
0.0554097310671477	0.164132245182065	0.239082782652946	0.229821993387448	0.161507404390723	0.0888263671472294	0.0398946554147029	0.014465139335908	0.00513123472803286	0.00133362384496038	0.000329019040697462	5.41053533591382e-05	1.02361479328099e-05	1.46230684754427e-06	
0.0527397530994322	0.15973292695602	0.23605895984389	0.228881481579075	0.163502457148127	0.092677742497903	0.0427413487452222	0.0161116307939143	0.00538127882958649	0.00171129351245555	0.000379148862041051	6.7339180130843e-05	1.46389522023572e-05	
0.0505469971630665	0.154015859837294	0.231755759679165	0.229435165654035	0.166387471726011	0.0963310557676003	0.0452119779030162	0.0178151797946964	0.00598044364124966	0.00188053194704	0.000523673872927674	8.36117948371917e-05	2.78705982790639e-05	4.40062078090483e-06	
0.0488925107738842	0.148344088863438	0.228625127561321	0.228905578926503	0.170336761887981	0.0988759920416419	0.0475181522513197	0.0190560095147898	0.00667356782591459	0.00204391780278836	0.000571181052647035	0.000132149857938903	2.34933080780271e-05	1.4683317548767e-06	
0.0452458727583701	0.144555124092521	0.224560115687556	0.229334429526753	0.173162836106849	0.102644811310367	0.049980547460526	0.0205624353111305	0.0072055142443973	0.00197168003875827	0.000568160964258711	0.000179110174779232	2.64260913608703e-05	2.93623237343003e-06	
0.0432202147005338	0.137371678301167	0.220486009268493	0.230883733208189	0.175784595530005	0.107222678477151	0.0522672611016601	0.0221035959406347	0.00758051270018185	0.00222913122543556	0.000632076025107057	0.000174517510412389	3.66633425236112e-05	7.33266850472224e-06	
0.0404746662594631	0.133243670235571	0.215981370435845	0.229493971233416	0.180384337540451	0.110410414231765	0.0551413368415489	0.022890519008381	0.00857770442892633	0.00250195281528423	0.000662195258035908	0.0001967498105916	3.23022077090687e-05	5.87312867437613e-06	2.93656433718806e-06	
0.038403911710625	0.129230557010805	0.21177768875075	0.228467321455563	0.181688510083778	0.114312170826234	0.057767290198271	0.0248282683313742	0.00935517528296654	0.00316094863678587	0.000763088807394918	0.000174629938615375	6.31015744576566e-05	2.93495695151891e-06	4.40243542727837e-06	
0.0372343788364643	0.124156253537817	0.208221409657561	0.228191975017312	0.182765297705951	0.117340120061575	0.0609599927075017	0.0263338582167783	0.00992426681722147	0.00349040139616056	0.00107329107801062	0.000249944497618911	4.99888995237822e-05	4.41078525209843e-06	2.94052350139895e-06	1.47026175069948e-06	
0.0353483372046491	0.120065918195873	0.203439736681615	0.225322392251659	0.18591914093706	0.120672826316481	0.0644415337793837	0.0285128683718176	0.010862326362996	0.00380535821607406	0.00123596617262475	0.000295332418787276	5.16831732877734e-05	2.06732693151094e-05	2.95332418787276e-06	2.95332418787276e-06	
0.0332274203769438	0.116711055569589	0.197984847209112	0.22482056099892	0.187377302720501	0.124368695261688	0.0669629865976534	0.0308787230176773	0.0117538269733859	0.00419811188367005	0.00123934407825446	0.000344180179062323	0.000106356106834709	2.21575222572311e-05	2.95433630096415e-06	1.47716815048207e-06	
0.0318709210647263	0.112585285143706	0.194734782105909	0.223126098958936	0.189954959362611	0.126570417878672	0.0694556873070799	0.032330519405428	0.0128479974855523	0.00458708795526181	0.00138620789856813	0.000400295328998283	0.000117123448114312	3.26166564368971e-05	
0.0305616081679819	0.109154966187062	0.192066101954214	0.221011699736953	0.190436723836005	0.130173498320864	0.0718248292272114	0.0338010554567829	0.0138088681540498	0.00509756217109807	0.0014927301812219	0.00043370866956895	0.00010694186372933	2.97060732581473e-05	
0.0288551427996332	0.10588866772527	0.187590484497424	0.220126883307614	0.19068130819523	0.132936729810122	0.0752726649222076	0.0359582224409009	0.015108208649237	0.00529450793579794	0.00166096362728215	0.000474135039026681	0.000120770245789815	3.13108044640261e-05	
0.0278120554805185	0.102873493588449	0.183327125952982	0.218119866758207	0.191528346787643	0.135089049732335	0.0783730381312644	0.0376675805725448	0.0164832124015981	0.00599647899437447	0.00199832774669102	0.000556420600126541	0.000139105150031635	3.29065946311395e-05	2.99150860283086e-06	
0.0260722880726929	0.098892662483225	0.180961591807052	0.215334787791548	0.194802935906375	0.136972477752037	0.0807344264261563	0.0395327740416695	0.0174759901936529	0.00627666194342607	0.00219068397022109	0.000599776583222749	0.000131950848309005	1.94927389547394e-05	1.49944145805687e-06	
0.024170504031681	0.0954633985421779	0.176505233729045	0.216112564715523	0.195929305116838	0.139238733059483	0.0826505911575662	0.0418713386868153	0.0178424292817688	0.00682968124639423	0.00254569062779141	0.000665796010345446	0.000147619929895597	1.50632581526119e-05	1.20506065220895e-05	
0.0231973841151207	0.0904131084494714	0.174068816638624	0.214205053084141	0.196022053010067	0.143264444132022	0.0848333401360853	0.043912519633498	0.0190673578262638	0.00738930032940437	0.00255632300675589	0.000839006072589898	0.000178383273091186	4.23282342928237e-05	1.05820585732059e-05	
0.0223857175621356	0.0863274507200367	0.167619774754656	0.212101505256932	0.197580061079391	0.146071484615477	0.0892712721654213	0.0461067923662832	0.0206127856306507	0.00793519066185435	0.00287441304636481	0.000863078353029224	0.000190118658184759	5.28107383846553e-05	7.5443911978079e-06	
0.0212280061239545	0.0838302660975416	0.163106629826783	0.209641772701526	0.198074470051068	0.148397720494664	0.0923476110417484	0.0486896450179767	0.0217763975341918	0.00870364777946552	0.00293577209754456	0.000934519060733222	0.000258420061810473	7.21172265517599e-05	3.00488443965666e-06	
0.0202378855023558	0.0812030097831505	0.158713810098163	0.206762224420683	0.199516338629215	0.150433443105793	0.0947792579743141	0.0511413173598594	0.0232329118612982	0.0092606395713905	0.00325101151782635	0.00109621879804427	0.000236409823204603	0.000111428833867138	2.40927208361379e-05	
0.019133249143609	0.076956465846447	0.155508503414221	0.204624889406462	0.199839686632739	0.153822188277463	0.0971877103167701	0.0532043768574043	0.024602052313579	0.00995455267277168	0.00356319144592071	0.00123411044986048	0.000240470050891932	8.1669073887826e-05	4.38593174582769e-05	3.02478051436393e-06	
0.0178759931317043	0.0748006940784357	0.152075061955108	0.202721947285679	0.19912318986126	0.156478744980541	0.0993471494609415	0.055213667727316	0.0260370024147768	0.0106996207939617	0.003943078319412	0.00125042851339454	0.000302035872800613	8.60802237481746e-05	3.02035872800613e-05	1.51017936400306e-05	
0.0172094881322972	0.071739867793263	0.147121827678995	0.200296975224427	0.200194466009904	0.157387824015798	0.103262958747579	0.0574654596709153	0.0274965893073844	0.0118051420430991	0.00427825221789238	0.00127684271619269	0.000319587551160389	9.79867491765344e-05	3.1657257426265e-05	1.20599075909581e-05	3.01497689773952e-06	
0.0160722481219353	0.0683666876011498	0.143114869924394	0.197823316988333	0.199867448489094	0.159806094350105	0.10654544795768	0.0598308534022561	0.0290073431725404	0.0127735573323027	0.00480989878982584	0.00139496123094761	0.000452909490567405	8.75625015096983e-05	2.86842677359357e-05	9.0581898113481e-06	9.0581898113481e-06	
0.0151934638414852	0.0657986553309752	0.139612273533592	0.194496231400026	0.200362014682544	0.162137966478224	0.109810115612599	0.0618574879918735	0.0298127078909254	0.0133924332601366	0.00525840644211307	0.00157948121276426	0.000516948526696699	0.000126599639191028	1.95928013033734e-05	1.95928013033734e-05	6.02855424719182e-06	
0.0152286477189353	0.0635727258512647	0.135622015612033	0.191190267136551	0.199794625996801	0.164404445460122	0.112363334576202	0.0640177529738637	0.0318029010957289	0.0140183543618672	0.00549969329211821	0.0017906327804573	0.000481110402809685	0.000180416401053632	2.2552050131704e-05	9.02082005268159e-06	1.50347000878026e-06	
0.0145177028471597	0.0616806917258415	0.131600510585324	0.18785811260842	0.198844116616726	0.167496342759717	0.11497341077311	0.0665580144305004	0.0333985346983021	0.0146680518824451	0.00569522145661152	0.00188838388318481	0.000571326334084577	0.000208985159046727	3.0069807057083e-05	3.0069807057083e-06	7.51745176427075e-06	
0.0130241475629308	0.059998527496007	0.129484187861458	0.185977254320973	0.198298206099472	0.167706184366515	0.11726390727432	0.0684158411378549	0.0351748147725207	0.01550336346958	0.00596664628200255	0.00232595528696549	0.000628068029684478	0.000174296391012917	5.2589428322863e-05	6.01022037975577e-06	
0.0121958734839706	0.0564701709135782	0.126161305983553	0.183862487543345	0.199411700162481	0.168409471116342	0.119275762918472	0.0715489240305603	0.0362569460414515	0.016556266505538	0.0066255127332194	0.00225159212213309	0.000716962244497653	0.000166840270732158	7.21471441003927e-05	1.50306550209152e-05	3.00613100418303e-06	
0.0120185675712754	0.0533840288132041	0.122002330745793	0.180840847450728	0.197665635972483	0.171861596515641	0.12208675620791	0.0740592214464795	0.0379462300262171	0.0174112439639564	0.00718973265772862	0.00243627762107139	0.000833701438398811	0.000171866119308254	4.97507187471261e-05	4.07051335203759e-05	1.5075975377917e-06	
0.0109353208599736	0.0514616652478673	0.118054675094939	0.178608731351844	0.19637240163494	0.172301111493483	0.124742653939734	0.0764491375510919	0.0402576781196984	0.0186134405583428	0.0078366026093834	0.00303230636406996	0.000991650214631142	0.000232441602820694	4.82995538328715e-05	3.47153043173764e-05	2.71684990309902e-05	
0.0105586139798527	0.0488908092167681	0.11467328575486	0.17470132522767	0.196256669950024	0.173899118327784	0.127278962539506	0.078542249563394	0.0421271928499344	0.0199615061547851	0.00827436382424568	0.00336745608257141	0.00101522229138088	0.000308192481312054	9.81985847317819e-05	3.32364440630646e-05	1.35967271167083e-05	
0.00988405963337368	0.0479608561657274	0.110802889302758	0.17144293083724	0.195174333139144	0.174648571799415	0.130045790558753	0.0812457929735489	0.044015684096459	0.0207717686263738	0.00885626231922992	0.00340788008125787	0.00115910181683173	0.000422589204053234	0.000117721278271972	2.71664488319936e-05	1.66017187306628e-05	
0.00946051378633334	0.0458100744134527	0.108499371462116	0.168224806798169	0.192945284758598	0.177128464692469	0.13155380903012	0.0841320216283432	0.0453392369112456	0.0217852890444262	0.00953295032513442	0.00375160907207285	0.00120727564668475	0.000448201083831712	0.000123745753785186	4.22546476339661e-05	7.54547279177966e-06	7.54547279177966e-06	
0.00937156538008663	0.0442722035692156	0.105791947027136	0.165644227275537	0.189799829032253	0.178876889653436	0.134141836893151	0.0857446972106929	0.0473870127833821	0.0227233322729514	0.0103409856727822	0.00388521943122317	0.00135387157517983	0.000465864495245619	0.000155288165081873	3.31683459398175e-05	9.04591252904115e-06	1.50765208817352e-06	1.50765208817352e-06	
0.00882998215921693	0.043407047109311	0.103206820483148	0.161683603355996	0.190677889483582	0.177313877236125	0.136726095761609	0.0877679131105646	0.0491299604609673	0.0238861565167077	0.0109726843145764	0.0041603380105116	0.00151435700853464	0.000521360721346256	0.000182325570181783	1.95886976228362e-05	
0.00809248381052068	0.042012939552259	0.100388306879739	0.159481034321997	0.18952443686479	0.178561008695548	0.137653435357883	0.089691068941766	0.0510333294231943	0.0254865867193633	0.0111935248098319	0.00454929632537169	0.00159112578917132	0.000547419458656296	0.000166932856897936	2.70701930104762e-05	
0.00770069408362041	0.039532131776776	0.0972242661965359	0.157078842012632	0.188294584585998	0.178173157494812	0.141323053727659	0.0909291590205342	0.0534303228344801	0.0271701751277192	0.0120375904396063	0.00468228630123409	0.00164435647846419	0.000560132389467709	0.000157678018482867	6.15695119790243e-05	
0.00738135764792334	0.0376836153955745	0.0938401205731725	0.153048446720605	0.18673845069472	0.179546051003652	0.143056170002175	0.0950758456243486	0.0549447747876098	0.0280212652684778	0.0127036734326612	0.0053328134490076	0.00179360092379446	0.000559375538942585	0.000190457623178843	8.09819815091142e-05	2.99933264848571e-06	
0.00671332773639938	0.0359984615914148	0.0905521061082902	0.149967899937596	0.185396192588402	0.178530221198612	0.144725637998093	0.0987185415647172	0.0577232450843506	0.0292103085347257	0.0135029772994943	0.00591868283492187	0.00207565438483859	0.000646490767303729	0.000231958492898329	7.33288138839878e-05	1.49650640579567e-05	
0.00642401160735988	0.034574543437383	0.0884643659718256	0.147467451227168	0.182965036258088	0.179448829347653	0.145384270118653	0.100970908532394	0.0597740262955016	0.030930094883904	0.0140126362753855	0.00604674258770759	0.002514132676418	0.000721732037595678	0.000204291919732661	8.49973680639538e-05	1.19294551668707e-05	
0.0062634895903931	0.032357142537957	0.0854381687075762	0.144612877615435	0.180515110575541	0.178925778020737	0.148026889063992	0.103705811118178	0.0621865462328946	0.0328516677565089	0.0150532284900149	0.00630221746895439	0.00254859231609099	0.00086541913246573	0.000265137014765748	6.40499530052089e-05	1.78744054898257e-05	
0.00616833459424992	0.0312637951458923	0.0815706512126351	0.141106227639787	0.178929266295179	0.179324634247485	0.148873870191486	0.105949693143933	0.0645846927203247	0.0347002263704479	0.0165474865151288	0.00700366086942304	0.00265015435699942	0.000934911436092338	0.000273487606106503	9.95851609192156e-05	1.93224939096986e-05	
0.00597471354724982	0.0302026013006503	0.080550692012673	0.136380690345173	0.177719812287096	0.180709402320208	0.150006550894495	0.107060970961671	0.066741704185426	0.0356845089211272	0.0174343123942924	0.00714345267872031	0.00297023511755878	0.00101241096738846	0.000266502298768432	0.000116129493318088	2.53102741847114e-05	
