# <P(N_2)> as a function of N_tot.
# number_of_species: 2
# species_total_upper_bound: 100
# species_total_lower_bound: 0
# volume: 512
# Bin widths for each species index 
1	1	1	1	1	1	1	1	1	1	1	1	1	1	1	1	1	1	1	1	1	1	1	1	1	1	1	1	1	1	1	1	1	1	1	1	1	1	1	1	1	1	1	1	1	1	1	1	1	1	1	1	1	1	1	1	1	1	1	1	1	1	1	1	1	1	1	1	1	1	1	1	1	1	1	1	1	1	1	1	1	1	1	1	1	1	1	1	1	1	1	1	1	1	1	1	1	1	1	1	1	
# Bin lower bound for each species index 
0	0	0	0	0	0	0	0	0	0	0	0	0	0	0	0	0	0	0	0	0	0	0	0	0	0	0	0	0	0	0	0	0	0	0	0	0	0	0	0	0	0	0	0	0	0	0	0	0	0	0	0	0	0	0	0	0	0	0	0	0	0	0	0	0	0	0	0	0	0	0	0	0	0	0	0	0	0	0	0	0	0	0	0	0	0	0	0	0	0	0	0	0	0	0	0	0	0	0	0	0	
# Bin upper bound for each species index 
0	1	2	3	3	4	4	4	5	5	5	6	6	6	6	6	6	6	7	7	7	7	7	8	8	7	8	8	8	8	8	9	10	10	10	10	11	11	11	10	10	10	10	10	10	10	11	11	11	12	13	13	12	12	13	13	12	12	13	13	13	13	14	14	15	15	15	13	13	13	14	14	14	14	14	14	14	14	14	14	15	16	16	16	14	15	15	16	16	16	17	18	15	15	15	16	16	16	16	16	16	
# Normalized histogram for each species index 
1	
0.949233380804323	0.0507666191956774	
0.902423867306243	0.0950130028301746	0.00256312986358259	
0.857642627815463	0.135315922410071	0.00692731774852249	0.000114132025942706	
0.815851326042566	0.170737773621416	0.0129383352277391	0.000472565108279589	
0.776181175365293	0.201429030583232	0.0211016886295646	0.00122629614062848	6.18092812816773e-05	
0.738155974426536	0.229753723289978	0.0298875666438656	0.00206444730350092	0.000138288336119679	
0.700753543581295	0.255668865634115	0.0396974958445196	0.00372202614556654	0.000158068794503158	
0.662389079179442	0.280896297608326	0.0511489363825281	0.00532120574081512	0.000241986383900172	2.49470498866157e-06	
0.627234139843734	0.300192349748504	0.0642209586671703	0.00768653452354918	0.000638680689476928	2.73365275651603e-05	
0.596207644550827	0.316426060288728	0.075934375545416	0.0104869474156631	0.00087515894980926	6.98132495574339e-05	
0.570202434772258	0.327699812271074	0.0868810463221746	0.0137213229805501	0.00140610701788757	8.43168229421115e-05	4.95981311424186e-06	
0.539754461021369	0.341164339590372	0.0986245752145925	0.0181043478691946	0.00223577789950897	9.6668889224889e-05	1.98295157384388e-05	
0.513784411799457	0.349858217478634	0.111104820605726	0.0221092119254854	0.00290457248631405	0.000233842700169351	4.92300421409161e-06	
0.487138104968067	0.359451962845608	0.123093665788149	0.0259779679587788	0.00398047518927616	0.000355355503568362	2.46774655255807e-06	
0.462496337172223	0.365494808018576	0.136092212150985	0.0305362872346451	0.0048509382995122	0.000517105097917544	1.23120261408939e-05	
0.437720136148114	0.3726054987449	0.146460420538718	0.0363917294216667	0.00604225133099838	0.000730599017146863	4.93647984558691e-05	
0.418635022134776	0.373666994589277	0.157351205115593	0.0415617314313822	0.00778898180029513	0.00088293162813576	0.000113133300541072	
0.395737854057941	0.375904250896303	0.17063990882901	0.046994145296428	0.00918068388024514	0.00137196687714905	0.000166299015412006	4.89114751211782e-06	
0.3742529989626	0.377189863676877	0.18140375314751	0.053988632434091	0.0110607292970519	0.00189702952937108	0.000204557741292902	2.43521120586789e-06	
0.354568058468815	0.377198717652692	0.191200025277506	0.0609285108389458	0.0134019390763502	0.00228469762999079	0.00039374576176437	2.43052939360722e-05	
0.340460783165456	0.374211856797064	0.198870734754431	0.0665651596783009	0.0164973256812681	0.00296468728039353	0.000412372140235809	1.70805028500039e-05	
0.322548254475346	0.375848814395017	0.20700252121884	0.0717659958814419	0.018679387030189	0.00357881787172175	0.000547033981750946	2.91751456933838e-05	
0.306276378224275	0.37255401920359	0.214801917444961	0.0794297203968936	0.0215299734335767	0.00459448564587492	0.000709085522513465	0.000101991753238238	2.42837507710091e-06	
0.290903132558407	0.369093590348717	0.223808324305024	0.0862804751295552	0.0238518558372605	0.00498167029021837	0.00091220570360896	0.000149181093619696	1.95647335894683e-05	
0.275159565124041	0.363874358323737	0.232352682841138	0.0946728670973786	0.0264721956551441	0.00608982491753362	0.00115404134054223	0.000224464700486015	
0.261753826032638	0.36057673537909	0.23819005231514	0.100311353166237	0.0303227727024284	0.00717381119700164	0.00146892324510034	0.000183005387678613	1.95205746857187e-05	
0.248692918800113	0.355602215100502	0.243221473213738	0.108309082648789	0.0337152048722388	0.00858781203570683	0.00158642452818605	0.000267678442062352	1.71903586645547e-05	
0.23740291954996	0.349125414652873	0.249409396501659	0.114158734533571	0.0382489590613342	0.0093561437528915	0.00203512122136803	0.000238702247246311	2.46084790975579e-05	
0.225012972009829	0.343278540869174	0.253429016183194	0.12109004043351	0.0430009888098059	0.0114594245322734	0.00232517157318661	0.000354894608539009	4.89509804881392e-05	
0.213829289960378	0.337665897393854	0.257707208078099	0.128156119145104	0.0457599036736652	0.0134969445267014	0.00289762145414587	0.000418490936367352	6.85248316858822e-05	
0.202296746071872	0.332812200880607	0.261475140263986	0.134142929369782	0.0499943550801824	0.0147700554183867	0.00370355826293546	0.000660210187362252	0.000137441525993629	7.36293889251582e-06	
0.191954513776417	0.325686857681322	0.265214425238278	0.141989850506002	0.0534688889543273	0.0164438489551125	0.00414961178676247	0.00085397096498719	0.000211038801692237	2.45393955456089e-05	2.45393955456089e-06	
0.180885460173947	0.317586359392659	0.269991646602133	0.149412805267554	0.058144562920741	0.0180457962753673	0.00464350646159894	0.00104663161515405	0.00019163677460567	3.93101076114196e-05	1.22844086285686e-05	
0.17068073935913	0.312012118700102	0.271760369482192	0.155342392752465	0.0631100058225025	0.0203466856144714	0.00523778508057751	0.00117683630873079	0.000268920665936387	4.19417552377851e-05	2.2204458655298e-05	
0.163858668060141	0.302686812601693	0.275281274533355	0.160205752042537	0.0683082912525663	0.0219274023185491	0.00598335260917266	0.00141658844886041	0.000255084982924165	6.68669372713832e-05	9.9062129290938e-06	
0.157842695069909	0.296296112727435	0.273035918735534	0.167586897368669	0.0721422871615426	0.0246504527634181	0.00676543038545606	0.00135060789746284	0.000262687040607451	3.96508740539549e-05	2.47817962837218e-05	2.47817962837218e-06	
0.147768199542793	0.28985730277675	0.276252789285174	0.172745798387117	0.0766355325766169	0.0273182403737084	0.00756302729590127	0.00153643383530124	0.000243248006235092	4.96424502520595e-05	1.73748575882208e-05	1.24106125630149e-05	
0.142212391802491	0.282645853600281	0.277077678284863	0.175902589276162	0.0823283830148261	0.0290699554894297	0.0085289119666009	0.00186601049444302	0.000293585651125702	4.22962378740418e-05	1.99041119407256e-05	1.24400699629535e-05	
0.134083879747618	0.278277867128541	0.276023753556848	0.181625634046765	0.0862699492762588	0.0311666460472597	0.00985030310528269	0.00224174192750217	0.000390943956451812	6.68068786341705e-05	2.47432883830261e-06	
0.127613184558163	0.268907666656801	0.276593068339894	0.186777952072296	0.092118763627036	0.0340910212014483	0.0103910774360948	0.00275253795838636	0.000609208670001283	0.000135653752429435	9.86572744941348e-06	
0.121030386815481	0.260650965863985	0.277561932272049	0.191097877349741	0.0969351037336189	0.0373262965774954	0.0116630765692353	0.00299985408788855	0.0005885946190581	0.000128600505004291	1.73116064428853e-05	
0.11466058888752	0.254808426758655	0.276567697425157	0.194362449180732	0.101517802143649	0.0406751262781816	0.0130343723050388	0.00338055931994579	0.000864851546137736	0.000115806332388814	1.23198225945546e-05	
0.108130898394411	0.249273195244515	0.276308371123912	0.199458266944478	0.103613187890673	0.0434587572006373	0.0146267924990808	0.00397107488662826	0.000970707194509131	0.000176492217183478	1.22564039710749e-05	
0.102403654656589	0.243657705414616	0.273691094970913	0.203754972781857	0.108343946852088	0.0459389153065791	0.0165177495734103	0.00445276041641055	0.00100562065726776	0.000184404766002646	4.91746042673722e-05	
0.0988391343668612	0.237058250843839	0.27254891301662	0.204601950096121	0.113400609837459	0.0493182570707046	0.0176081917874563	0.00508774444153418	0.00122560526614908	0.00024215587919881	6.91873940568029e-05	
0.0950249732385236	0.229828304328281	0.269132282412432	0.208672456914644	0.117892064942838	0.052772886340098	0.0190646025765527	0.00581177306268022	0.00145045960196806	0.000290588653134011	5.2156937742002e-05	7.45099110600028e-06	
0.0897892095794387	0.222664010961002	0.270310056122918	0.20957446543977	0.121754655566414	0.0566127817024864	0.0209820640403031	0.00622897255522152	0.0017033318164977	0.000303367126441926	7.45984737152278e-05	2.48661579050759e-06	
0.0842630197678944	0.215401195453684	0.267405426441679	0.214555496791833	0.126814884296449	0.0599448175386427	0.0221403410735134	0.00705746759402473	0.00196830750501432	0.00034925608453993	8.48193348168401e-05	1.49681179088541e-05	
0.0803909040962394	0.208767249973275	0.263191521627259	0.216894097407812	0.131170648879917	0.0643062595867713	0.0242835869503067	0.008144249677437	0.00235178882626844	0.000430084003112515	6.21508675018086e-05	4.97206940014469e-06	2.48603470007234e-06	
0.0754864774706878	0.202515474616687	0.260892771099223	0.219409678893982	0.135823274317696	0.0667020842856966	0.0269017408171586	0.00890547202214013	0.00267608940065976	0.000573271228950197	9.63688703838693e-05	4.94199335301894e-06	9.88398670603788e-06	2.47099667650947e-06	
0.0713582591748636	0.195014666392266	0.2597773882168	0.22203405380074	0.141040359233628	0.0693225688874122	0.0283112201000241	0.00962055824033047	0.00269276449716466	0.000657074209713293	0.000153730569819714	9.91810127869121e-06	2.4795253196728e-06	4.9590506393456e-06	
0.0687735381565907	0.187755203171457	0.257019326065411	0.22414271555996	0.145545094152626	0.0722026759167493	0.0300371655104063	0.0104013875123885	0.00301536174430129	0.000815163528245788	0.000257680872150644	2.72547076313181e-05	7.43310208126858e-06	
0.0652117125775655	0.181923476906547	0.251760780312776	0.225791427008325	0.149169759429847	0.0771539678549777	0.032366814034984	0.0117327852611968	0.0035215606255514	0.00110895890937588	0.000187290838027926	4.92870626389279e-05	2.21791781875176e-05	
0.0619024685412267	0.177013793699601	0.247138146926981	0.225841267489102	0.153783079563838	0.0811766013410884	0.0351844305313723	0.0120870843058077	0.00425295446967732	0.00126699514688993	0.000298842909890218	3.21070894923375e-05	1.97582089183615e-05	2.46977611479519e-06	
0.0580170739150175	0.170255364439516	0.243093648513537	0.228572633605494	0.157408992460385	0.0859004989195452	0.0369364206306085	0.0136502005850086	0.00448556209700028	0.00125288100607585	0.00036718096811728	3.96952397964627e-05	1.48857149236735e-05	4.96190497455783e-06	
0.0555463051555103	0.164929110180548	0.23897262571915	0.22885047901885	0.160711756153932	0.0896305776805795	0.0399244504641078	0.0145209190203412	0.00512444549374355	0.00133454278862284	0.000357866222647465	7.95258272549921e-05	1.73962747120295e-05	
0.0526179754058433	0.160714463233028	0.236554730448441	0.228569582376507	0.161830346047936	0.0930308271947352	0.0427465131768612	0.0165021422961836	0.00524390365134751	0.00169246369031642	0.000380245146282545	9.19547085781317e-05	2.48526239400356e-05	
0.0500382521262221	0.155124791352039	0.232011565058421	0.229699050154996	0.165748450043717	0.0955682179476989	0.0455175462999762	0.0180281774103807	0.00584959462681822	0.00175860424449567	0.000524103807328511	7.70010333041889e-05	4.71941817025674e-05	7.45171290040537e-06	
0.0489151089859032	0.148523877538347	0.22927653232317	0.228660498043843	0.170626591318388	0.0981332670930882	0.0476681363721046	0.0189231820157735	0.00667950071415264	0.00189281500341551	0.000539029994410979	0.000121716450350866	3.72601378625101e-05	2.48400919083401e-06	
0.0452997139906252	0.144581214745372	0.224316258838484	0.22845991896401	0.174209998411059	0.102985719393025	0.050026813378883	0.02040299515373	0.00699134027170891	0.00190672916501152	0.000571025661396679	0.000218479383490903	2.48272026694208e-05	4.96544053388417e-06	
0.0432266991943438	0.136419984647069	0.221420071597326	0.230723749096338	0.175527725952664	0.108096559502545	0.0523043060251559	0.0215189464610003	0.00759696816875306	0.00225573809588874	0.000653369074029449	0.000196259151514549	4.72015680857777e-05	1.2421465285731e-05	
0.0407299531291161	0.132160484315899	0.216468430496394	0.230298572003718	0.179953377636177	0.111058645764473	0.0552435248097579	0.0223245572615077	0.00824838089178939	0.0025075674359191	0.000750530590334558	0.000206271652310491	4.2248410714197e-05	2.48520063024688e-06	4.97040126049376e-06	
0.0381761629220317	0.129663417261812	0.211717716331176	0.229148824728244	0.181981566019516	0.113927758456769	0.0572555561347721	0.0247863311513418	0.0090283311364477	0.00318486358209029	0.000819177694536085	0.000206035601959076	9.43295527041552e-05	4.9647133002187e-06	4.9647133002187e-06	
0.0372659824317156	0.125037669450263	0.208353776533614	0.228405131513079	0.18272360710203	0.116826351928551	0.0605998719861327	0.0263773320814208	0.0095213427010926	0.00342698602058682	0.00112074397475586	0.000251544758778539	7.47162649837243e-05	7.47162649837243e-06	4.98108433224829e-06	2.49054216612414e-06	
0.0357666153210354	0.120995353846539	0.204325556348699	0.224410464490113	0.185222476863158	0.120141263102528	0.0647330653341849	0.0281048452743234	0.0109954790797861	0.00367183879976456	0.00125233246922393	0.000270503813352369	6.51212883996443e-05	3.506530913827e-05	5.00932987689572e-06	5.00932987689572e-06	
0.0338091585064404	0.117727872123865	0.199162166634076	0.224866252513249	0.186296335293793	0.12320562767307	0.0668110688266823	0.0305952076533145	0.011680028880432	0.00417161795600748	0.00119332340568483	0.000333428598647233	0.000102786259733357	3.76047291707405e-05	5.01396388943207e-06	2.50698194471603e-06	
0.0320111866241655	0.113450011026242	0.195675708185481	0.222604799422626	0.189776668470961	0.125496180910567	0.0689616286762495	0.0326126180309136	0.0127854293217859	0.00463352779615485	0.00143591748361099	0.000403460235360157	0.000107756460375694	4.51073555061045e-05	
0.0309874738412552	0.108514984329785	0.192998968669584	0.220644631574731	0.190886243253797	0.129456999529393	0.0716273993451552	0.0341715813399285	0.0136425989526489	0.00498893572708794	0.00147690520771796	0.000463097395640376	0.00010263239579057	3.75484374843548e-05	
0.0288843144499489	0.105832912334145	0.188011953863516	0.219942543036171	0.191023040594375	0.132304335914624	0.075239466851655	0.036341655293405	0.0150579470822871	0.00521787650522919	0.00153821792928722	0.000437336470091464	0.000133211683418664	3.51879918464396e-05	
0.0271097232365459	0.102626608577401	0.183248130146818	0.218126873001083	0.192142839154852	0.135196051273011	0.078627011508726	0.0377672567931703	0.0165302576242162	0.00592560880404946	0.00194918028658491	0.000566622176332821	0.000151099247022086	2.77015286207157e-05	5.03664156740286e-06	
0.0260579976938482	0.0979988064653167	0.181187162421864	0.214724981287804	0.195046831064269	0.137097182044383	0.0816079339712338	0.0394979062569539	0.0177867011915117	0.00602583294560314	0.00222017680496834	0.000576537940242348	0.00014919183541359	2.02294014120122e-05	2.52867517650153e-06	
0.0242708447240666	0.0951150601812176	0.175722034743114	0.215530899297865	0.196178308313985	0.139956615610751	0.08306610143199	0.0421967860966511	0.0180022327956483	0.0066551551386088	0.00244386858548073	0.000661192333220592	0.000165298083305148	2.03443794837105e-05	1.52582846127829e-05	
0.0232820434305545	0.0902651254178468	0.173586975937125	0.213480823700528	0.196034601546352	0.143305519405956	0.085493378243895	0.0443772487177524	0.0192171272550971	0.00738982877848376	0.00253897777437546	0.000775727882824262	0.000209242389446018	4.08277833065401e-05	2.55173645665876e-06	
0.0224967198133484	0.0862114737610595	0.166679430038852	0.212109376994277	0.197132836072353	0.146500538614306	0.0892134188989805	0.0467420216160471	0.0208145073593604	0.00801029238333001	0.00297641839355092	0.000875567331893625	0.00017358186171652	5.36061631771607e-05	1.02106977480306e-05	
0.021462544136376	0.0840580299606236	0.162132069764072	0.208229638799846	0.198249543066172	0.149576875462336	0.0925306889214836	0.0485150603864427	0.0219862068264262	0.00888192931570505	0.00306317253160406	0.00098885818655102	0.00025928929313163	6.35512973361838e-05	2.54205189344735e-06	
0.0201549045468202	0.0819257659933089	0.159034316296549	0.205388559876565	0.198598118943472	0.151205067751643	0.0950738113545746	0.0509244878525708	0.0234215471104344	0.00936963728300888	0.00340158570926627	0.00116102027202501	0.000236787029162996	8.91133980720953e-05	1.52765825266449e-05	
0.0192295891755899	0.0774373843054234	0.156288671391608	0.203793759396189	0.198736436249092	0.153701203734953	0.0974365661338324	0.0533217766596099	0.02452213665511	0.0102603831088475	0.00365620429744628	0.0012528252487753	0.000265905767087002	6.64764417717506e-05	3.06814346638849e-05	
0.017976077812158	0.0751745442208453	0.153285155642172	0.202739138974698	0.197384833975731	0.155713596975672	0.0998594463051724	0.0554281530836358	0.025868512146033	0.0107953400455588	0.00420640730981248	0.00119891536422794	0.000306106050441175	5.10176750735292e-05	1.27544187683823e-05	
0.0168289890110451	0.0717227590463148	0.14768655593554	0.200499335664246	0.1993823335144	0.156548616370967	0.103664430112134	0.0578749926680795	0.0274940643321832	0.0121391101216206	0.00448586023191821	0.00125981521010096	0.000306027986259343	9.1808395877803e-05	1.53013993129672e-05	
0.0159239404866952	0.0674574230963444	0.143805117899386	0.198200013261449	0.200997669045227	0.159525036086444	0.106017637727804	0.0594061930969055	0.0287900967575756	0.0130089718806266	0.00500874745609695	0.00134909745635198	0.000377441254329098	0.000102011149818675	2.29525087092019e-05	7.65083623640064e-06	
0.01492118338484	0.0647732985589204	0.139078086760799	0.194342863121684	0.201957847082752	0.162489568952098	0.10985328906571	0.0620886594412786	0.0294059853161469	0.0133874684516625	0.0054203170017787	0.00172000643088458	0.000382790748713185	0.000122493039588219	2.04155065980365e-05	2.80713215723002e-05	7.6558149742637e-06	
0.0147092628255883	0.0635928504656188	0.134314291406358	0.191830854971113	0.200525130133173	0.165247419046695	0.111860891597407	0.0646272750956523	0.0315282410694674	0.0137948825353365	0.00550671482062311	0.00186196433406041	0.000441865335792114	0.000125152609559616	1.53248093338305e-05	1.53248093338305e-05	2.55413488897176e-06	
0.0138045957298671	0.0615229850486476	0.13141115067308	0.186388919463379	0.199673891063233	0.168445248766853	0.114995635669253	0.0674359492867327	0.0336143057898415	0.0143267795846591	0.0058259335956198	0.0018481212899989	0.000527303304348716	0.000135665413254767	2.81569725623101e-05	2.55972477839183e-06	1.27986238919591e-05	
0.0128141360585379	0.0596557258523528	0.1287541213933	0.185081966372507	0.198288371902225	0.168593829319195	0.117547521010773	0.0691573641542619	0.0357401073741533	0.0153241479035376	0.00590198903696563	0.00226131812797727	0.000674293273988688	0.000166650428932566	3.84577912921305e-05	
0.0120767245316324	0.0560860841855716	0.125459900758932	0.183093098794637	0.19875153300253	0.169145982891948	0.120236146531951	0.0724039019083637	0.0365585825050416	0.0164358396748752	0.00655021834061135	0.00223728570035766	0.000713263101719529	0.000197558485008646	4.61825029890342e-05	7.6970838315057e-06	
0.0119592142996639	0.0532203023980101	0.12182261098377	0.179981806781856	0.196810533564946	0.171653527120229	0.122899300023641	0.0751626597045915	0.0381338075219192	0.0174325977243059	0.00739292211863623	0.00244118040066195	0.000853128308441859	0.000182446114154735	2.82662993760857e-05	2.56966357964415e-05	
0.0109270637150473	0.0508583160949705	0.118836642069839	0.178231807095001	0.196411847643747	0.171462533576214	0.12496012020542	0.0770271800096741	0.0400856257782992	0.0185119433552544	0.00810460341473957	0.00325213292578756	0.000964833739849949	0.000262434777239186	4.37391295398644e-05	1.2864449864666e-05	4.63120195127976e-05	
0.0104361842476759	0.0482359101245874	0.115509001401416	0.174489099243851	0.195520602865459	0.173785824653624	0.127241366919401	0.078918189144931	0.0421990421092078	0.0201254600801836	0.00835459412842718	0.0036498411215433	0.00108057884118828	0.000315703556926741	8.72676498821887e-05	3.08003470172431e-05	2.0533564678162e-05	
0.00993860322333077	0.0478511128165771	0.110943975441289	0.171624456382707	0.194829879764646	0.17438986953185	0.129787669480686	0.0806651317472499	0.0444231261192121	0.0208262982860067	0.00930928626247122	0.00355845484778716	0.00120746994116142	0.000473266820158608	0.000115118956254797	3.06983883346124e-05	2.55819902788437e-05	
0.0093285489378233	0.0454287554437834	0.107973481363348	0.168307468972991	0.193085628411949	0.17765390827864	0.131535095790141	0.0838700443681122	0.0454824265472612	0.0216882373387311	0.00963012942403239	0.00405600196282893	0.00127788341614018	0.000488151464965548	0.000112453740620336	5.62268703101679e-05	1.27788341614018e-05	1.27788341614018e-05	
0.00925197654701833	0.0443114261782672	0.105234529816748	0.165041676030154	0.190065169870682	0.180246276737012	0.134637581973074	0.0856478171157736	0.0467987088602423	0.0226128215081003	0.0101917301681342	0.00380753437251016	0.00141984514494678	0.000510735663649921	0.000163435412367975	3.83051747737441e-05	1.53220699094976e-05	2.55367831824961e-06	2.55367831824961e-06	
0.00888727436453686	0.0434437804428799	0.102832978592771	0.161086324751341	0.190605685399697	0.177855490974581	0.13774763619991	0.0879952723998199	0.0491255986246981	0.0234640415865089	0.0106191928287831	0.00395757439318898	0.00158609962752241	0.000573042446072613	0.000196983340837461	2.30240268511318e-05	
0.00833880933824391	0.04216778479046	0.101285715013423	0.159547860282918	0.188833025148871	0.178153542083734	0.1379316492708	0.0896103631482698	0.0513190804386917	0.0254443204914651	0.0107227817086154	0.0042152502916291	0.00157148606038378	0.000626556840930972	0.000198664364197625	3.31107273662709e-05	
0.00789487114059709	0.0397601428935953	0.0964659351875478	0.157652462362848	0.188762439397806	0.17757846389385	0.141502934422046	0.0908548099004848	0.0540699157948456	0.0267517223781577	0.0118856851237561	0.00442970145445267	0.00154376116356213	0.000599642766011738	0.000170961980096964	7.6550140341924e-05	
0.00725496341938887	0.0382242540536821	0.0931754416812556	0.152443421733292	0.187296296579439	0.180089750548518	0.142234997617355	0.0953746104311441	0.0553767509893711	0.0282349823276532	0.0126165521213187	0.00512459832679699	0.00167677061115486	0.000575912094408811	0.000178379852250517	0.000119769329368204	2.54828360357881e-06	
0.00654431640347133	0.0362452492734183	0.0904111537914355	0.149076275836839	0.18645966709347	0.180022051500925	0.143748856777026	0.0977201593398777	0.058027457675345	0.0291877527793021	0.013606893888584	0.00597270491636689	0.00197650549763226	0.00066815031603764	0.00024388756783123	7.62148649472593e-05	1.27024774912099e-05	
0.00631850222834372	0.0341315800821329	0.0877132906688582	0.1462742143725	0.1834369506822	0.182087515441141	0.145528473844546	0.100165128259761	0.0594182716575478	0.0310065721554691	0.0140092684894189	0.00619674867275942	0.00259994571820647	0.000776178916849931	0.000233360981536581	9.13151666882272e-05	1.26826620400316e-05	
0.00612571382285043	0.0322384674577781	0.0847702604187761	0.144166902920092	0.179863108015066	0.180298489328095	0.150097707666761	0.102236138674011	0.0621658701551173	0.0325245028552914	0.0150611558867604	0.00644212466080758	0.00269075776598761	0.000916325786723908	0.000339192418290065	4.55631606658297e-05	1.77190069256004e-05	
0.00609923955236885	0.0308800836467139	0.0804215673151476	0.141247275546722	0.179340372924933	0.17848168081404	0.150437806698304	0.106993037017207	0.0637654659288649	0.0344992183376226	0.0165096186144245	0.00722311599162523	0.00265689441370271	0.000964765842238055	0.00033842571429293	0.00012627825160184	1.51533901922208e-05	
0.00552441385462176	0.0300725776205488	0.0794552623843167	0.136255359695093	0.178831358397616	0.180780108055508	0.150573221290787	0.107459986011576	0.0671697768947726	0.0346973736226977	0.0171788997800371	0.00744528802976088	0.002987744924128	0.00111755344490284	0.000293959636300974	0.000119104335397808	3.80120219354708e-05	
