# <P(N_2)> as a function of N_tot.
# number_of_species: 2
# species_total_upper_bound: 100
# species_total_lower_bound: 0
# volume: 512
# Bin widths for each species index 
1	1	1	1	1	1	1	1	1	1	1	1	1	1	1	1	1	1	1	1	1	1	1	1	1	1	1	1	1	1	1	1	1	1	1	1	1	1	1	1	1	1	1	1	1	1	1	1	1	1	1	1	1	1	1	1	1	1	1	1	1	1	1	1	1	1	1	1	1	1	1	1	1	1	1	1	1	1	1	1	1	1	1	1	1	1	1	1	1	1	1	1	1	1	1	1	1	1	1	1	1	
# Bin lower bound for each species index 
0	0	0	0	0	0	0	0	0	0	0	0	0	0	0	0	0	0	0	0	0	0	0	0	0	0	0	0	0	0	0	0	0	0	0	0	0	0	0	0	0	0	0	0	0	0	0	0	0	0	0	0	0	0	0	0	0	0	0	0	0	0	0	0	0	0	0	0	0	0	0	0	0	0	0	0	0	0	0	0	0	0	0	0	0	0	0	0	0	0	0	0	0	0	0	0	0	0	0	0	0	
# Bin upper bound for each species index 
0	1	2	3	3	4	4	5	6	5	6	6	6	6	6	6	6	6	8	8	8	8	8	8	8	7	8	8	8	9	9	10	10	10	10	10	11	11	11	10	10	10	11	11	11	11	11	11	11	12	13	13	13	13	13	13	13	12	13	13	13	13	14	14	15	15	15	13	13	13	14	14	14	14	14	14	14	15	15	16	16	16	16	16	15	16	16	16	16	16	17	18	15	15	15	16	16	16	16	16	16	
# Normalized histogram for each species index 
1	
0.949658510246209	0.0503414897537907	
0.902034360662126	0.0953869151822004	0.00257872415567335	
0.857472621614507	0.135244735452594	0.0071730837412638	0.000109559191635764	
0.814847017942444	0.171481823815956	0.0132173817706723	0.000453776470928612	
0.774197459391794	0.202937976060936	0.0215975945756711	0.00121847351335623	4.84964582430339e-05	
0.735924963409521	0.231422858794807	0.0304105852811677	0.00211293933169969	0.000128653182804064	
0.700191485200453	0.255807853773835	0.0400511840092422	0.00376451110629324	0.000171320884015762	1.36450261605474e-05	
0.663167086808952	0.279852795530923	0.0511701355662489	0.00553005627421777	0.000263191123917379	1.52133597640104e-05	1.52133597640104e-06	
0.628672892159905	0.299180917233435	0.0638055030373121	0.00769886333533651	0.000619118187996979	2.27060460145591e-05	
0.597201285846606	0.315359328744483	0.0754935435244547	0.0108833838833294	0.000982243935513945	6.65928091873861e-05	1.36212564246926e-05	
0.569899721028425	0.327746362059866	0.0868355575661615	0.0138716730754731	0.00155017718464902	8.74613586669683e-05	9.04772675865189e-06	
0.54105999623848	0.340373895053602	0.0985036674816626	0.0175527553131465	0.00236373895053602	0.000124882452510814	2.10645100620651e-05	
0.513731980236243	0.350453542901777	0.110708759917043	0.0217928037660072	0.00302860716989828	0.000269342534872377	1.49634741595765e-05	
0.487511422023159	0.359361565079318	0.122596881225939	0.0260407148314034	0.00406249531884297	0.000405949937834235	2.09715835043516e-05	
0.462949775084465	0.365247003987716	0.13557786048817	0.030546112536895	0.00504175083270255	0.000622567396279824	1.49296737716984e-05	
0.439415513664383	0.370547321601815	0.146751444051404	0.0361408379229541	0.00628069075657846	0.000816430095971582	4.77619068941327e-05	
0.41754674747138	0.374284872333712	0.157560261226239	0.0416887431017342	0.00782696440584128	0.000979300737600981	0.000113110723491907	
0.39659143730796	0.375832945974163	0.169641040568015	0.0470385215700892	0.00928176926858173	0.00141825434423929	0.000181180136122715	1.03955815808115e-05	4.45524924891923e-06	
0.374190643086007	0.377498433502747	0.180738971933406	0.0539645342059303	0.0113691408188448	0.00197756390790329	0.000232567440854545	1.9257176631268e-05	8.88792767596986e-06	
0.354368162594159	0.376406366888624	0.191279229099851	0.0614705468443312	0.0136211123538082	0.00239684173882128	0.000417743739399012	3.11085763382243e-05	8.88816466806408e-06	
0.339468534303519	0.373976990388069	0.199079794377117	0.067366980804457	0.0166096071613281	0.00300475305431061	0.000470983117639957	1.63949819431631e-05	5.96181161569566e-06	
0.322061525429795	0.374709194812632	0.206984693207984	0.0731128980302795	0.0188933893270022	0.00362537133585464	0.000559240744938498	5.07044942077572e-05	2.98261730633866e-06	
0.306249729049348	0.371303298796157	0.215382223544378	0.080056387633588	0.021719404252393	0.00450562904650784	0.000696623469035386	8.37144082960979e-05	2.98980029628921e-06	
0.291263505613863	0.367886993337806	0.223844621842812	0.0866895693662136	0.024133381960297	0.00516286280742672	0.000883990172550679	0.000123068241339823	1.200665769169e-05	
0.275368150236708	0.364090674524527	0.231839292792557	0.0947251119969486	0.0264649350455093	0.00618806512650607	0.00113978864549133	0.000183981631752537	
0.261901994271425	0.359494919689667	0.238598734467722	0.100640515512159	0.0307217945164242	0.0070981279302318	0.0013561403351902	0.000168399843820322	1.937343335986e-05	
0.249060596220237	0.355345286071085	0.243665852092727	0.107432475910709	0.0341178283947606	0.00856275336965744	0.00154883777308554	0.000243923243490766	2.24469242476165e-05	
0.237775523627869	0.349104225132639	0.249402542061788	0.11367658009832	0.0381489067456185	0.00964922663845816	0.00195681521581155	0.00025921059137473	2.69698881199141e-05	
0.225173923554218	0.344535771098397	0.253873175332253	0.12006022783911	0.0423773581526946	0.0113531565893972	0.00220855306944109	0.000364112803340287	5.22292955611068e-05	1.49226558746019e-06	
0.213606801167667	0.338733519211274	0.258806997068924	0.127285204542646	0.0450915272706162	0.0130968029093421	0.00284920217873161	0.00045700369324483	6.69875120391445e-05	5.95444551459062e-06	
0.20217133880383	0.333678958423831	0.262156879079814	0.133994930170839	0.0492166161865602	0.0144359220007974	0.00351526006676465	0.000681332674810923	0.000139836837188268	5.95050371013906e-06	2.97525185506953e-06	
0.191846369214273	0.326590516471079	0.265315422648478	0.141822541252159	0.0531646512182046	0.016058557216894	0.0041088342169536	0.000854828140823256	0.000204026925597188	3.12742002740216e-05	2.97849526419253e-06	
0.18183784848313	0.317596700991553	0.269706472991159	0.149023814568035	0.058108620211201	0.017715460521408	0.00472501797804441	0.00102944818593326	0.000195445959938054	4.62505706723639e-05	1.4919538926569e-05	
0.172007668312582	0.312253449095743	0.270330449242291	0.155585396709564	0.0630990869205026	0.0197270631020777	0.00546113056767645	0.00118284618812488	0.000239260923008826	9.42089884347251e-05	1.94399499944671e-05	
0.165259041857766	0.302555564530847	0.274343233079333	0.159643501440534	0.0684216352381893	0.0220148929995722	0.00602391615881478	0.0014076248089011	0.000221390511920682	9.12487920754164e-05	1.79505820476229e-05	
0.157317091443041	0.296432477787267	0.274314139734196	0.166449408909066	0.0721475554756447	0.0248632774456481	0.00658965253742078	0.00152380096192745	0.00028767923765002	5.54381864221393e-05	1.79799523531263e-05	1.49832936276052e-06	
0.148262850526859	0.28947542075221	0.276594149212186	0.171796779157206	0.0769471881364524	0.0275517335500958	0.00740421907010087	0.00164671511828454	0.000257955373720346	4.4992216346572e-05	1.04981838142001e-05	7.49870272442867e-06	
0.141313910766681	0.282322526698259	0.277479918969036	0.176113010222113	0.0820822010103304	0.0298617450532461	0.00848057918791574	0.00190997261369977	0.000363947537413656	5.2637040535033e-05	1.20313235508647e-05	7.51957721929042e-06	
0.133827501953626	0.277012909680235	0.276994910823163	0.181318986244373	0.086634498709332	0.0317139861618787	0.00975688043809218	0.00226335627687642	0.000401974474620862	6.74957140221596e-05	7.49952378023995e-06	
0.127262033750172	0.269296502265775	0.276702923059425	0.186724413502463	0.091398734518201	0.0347693219435981	0.0104144841994361	0.00275963627874122	0.000558212761372276	0.000106254976025286	7.48274479051308e-06	
0.120122872197615	0.261436398788677	0.277393885488271	0.191318851252945	0.0968578495265551	0.0372771329020607	0.0118087501443658	0.00304630655953347	0.000587962664370812	0.000128991809020127	2.09986665846719e-05	
0.114183131952148	0.255645669055257	0.275550924954277	0.194420292027704	0.101969837795701	0.0408973705513747	0.0129253740293227	0.00347195154858633	0.000767547147183162	0.000142415974575001	2.24867328276317e-05	2.99823104368423e-06	
0.108212273054007	0.248660628223272	0.27583960116983	0.198697764500708	0.10513526720934	0.043814829703642	0.0146213818281808	0.00394974572484484	0.000884695221001947	0.000149441760304383	2.68995168547889e-05	7.47208801521915e-06	
0.102630639495292	0.242320926618688	0.274040697063968	0.203113328393447	0.109222987871279	0.0466834262811955	0.0162731257181085	0.00445489753735664	0.00100347692003084	0.000208495204610294	3.7499137519837e-05	1.04997585055544e-05	
0.0985151239050617	0.235649655844332	0.272764040619089	0.205698039109555	0.113402976367677	0.0501980135497199	0.0173596389146993	0.00488192859484052	0.00122837562734361	0.000230038520175731	6.76583882869798e-05	4.51055921913199e-06	
0.0943301092005887	0.228664094628397	0.269847494685329	0.209255703807788	0.118367260415846	0.0531164261185035	0.0190828483002138	0.00558570398948573	0.00138544840075344	0.000284660436438958	7.11651091097396e-05	9.08490754592421e-06	
0.0885643370107768	0.221186515432183	0.269743065631264	0.211787590377204	0.122640763350884	0.0568193915945018	0.0208479716268049	0.00634959742791876	0.00160146732732897	0.000355881628295327	9.88560078598131e-05	4.56258497814522e-06	
0.0832463764573234	0.213490716366786	0.26699249395376	0.215886295545414	0.128111541099919	0.0600682312283913	0.0225166109276911	0.00724326587109401	0.00191890781145203	0.000400281725000344	0.000113056670419944	1.22223427481021e-05	
0.0797212392355318	0.20761901269428	0.262903610260547	0.217729514659235	0.132174529541551	0.0642873295562197	0.0245542944804024	0.00821124944229512	0.0022460991217294	0.000462971451621775	8.09818050691554e-05	7.6397929310524e-06	1.52795858621048e-06	
0.0747437004283206	0.202000453748833	0.261126362959478	0.219360153239203	0.136328684691763	0.0673360223280969	0.0268762438123429	0.00896382342775268	0.00259763593812571	0.000539017070396543	0.000106585296406096	1.21811767321253e-05	7.61323545757829e-06	1.52264709151566e-06	
0.0712920696265951	0.194404493730831	0.259260389007258	0.222084618915947	0.141277077305775	0.0697028531164353	0.0287721396009267	0.00963748476746651	0.00276663987469287	0.000631416156627811	0.000132688902479757	2.28773969792685e-05	1.22012783889432e-05	3.0503195972358e-06	
0.0682745451797988	0.187945032351419	0.256472955007182	0.224562656739154	0.144719750774251	0.072392692349374	0.0307807842185518	0.010614379324398	0.00319316674527474	0.000787607093958779	0.000213691847198118	2.74746660683295e-05	9.1582220227765e-06	6.10548134851767e-06	
0.0651444075825044	0.181361762129596	0.251253628120336	0.226144441155017	0.149330533589298	0.0772564543154412	0.032830864736349	0.0117854777521067	0.00361362311497975	0.00103311775711203	0.000189226886088467	3.96766051475817e-05	1.37342094741629e-05	3.05204654981398e-06	
0.0616970052217198	0.176392241227189	0.247249889136276	0.226051517490383	0.154486489970094	0.0811583839828388	0.035069763587903	0.012332342592692	0.00410310863417426	0.00116004118453094	0.000248580253828059	3.3757812248255e-05	1.22755680902745e-05	4.60333803385295e-06	
0.0579284697799699	0.170808195586446	0.243463928842895	0.228571692879818	0.157377585018648	0.0853447385340267	0.0370155089555391	0.0135046169169263	0.00447121692648548	0.00115943280300589	0.000305276190153147	3.08359788033482e-05	1.38761904615067e-05	4.62539682050223e-06	
0.0552931931757306	0.164039354871578	0.239247730981386	0.229492378968949	0.161493607843803	0.0891212155363128	0.0399909223817324	0.0145102949145268	0.00510075693133276	0.00134466080120788	0.000299499650326439	5.40334420692029e-05	1.08066884138406e-05	1.54381263054866e-06	
0.0526890354060189	0.159623550484073	0.235861525871254	0.229059802665102	0.163516205240647	0.092750490249062	0.042786776400105	0.0161867115482606	0.00534255670676158	0.00172166206012692	0.000384478791902784	6.17636613498448e-05	1.54409153374612e-05	
0.0506113437192705	0.153904312493429	0.231863778889624	0.229355939960295	0.166465153098774	0.0961575331028554	0.0452477843815131	0.0178903848651457	0.00600366125930003	0.00186773700778636	0.000521049148695367	7.73069953553957e-05	2.93766582350504e-05	4.63841972132374e-06	
0.0485746320432132	0.148489766589028	0.228634967044948	0.229246679716537	0.170300807770454	0.0987784330244313	0.0475153625055751	0.0190250384062639	0.00668083155755984	0.00203336389315625	0.000571448040041627	0.000122342534317855	2.4778234798553e-05	1.54863967490956e-06	
0.0450849963045085	0.144444909286143	0.224698279001086	0.229218089779526	0.173179873594048	0.102926798278846	0.0500247140836188	0.020535156752368	0.00713841901140567	0.00197712668950589	0.00057330476106362	0.000170441955991887	2.47915572351836e-05	3.09894465439794e-06	
0.0430226742376498	0.137374012657189	0.22066153710365	0.230712652079052	0.175594883237664	0.10748081059277	0.0523336208324881	0.0221260794767412	0.00762001799321461	0.00222979595818513	0.000631775521485787	0.000168783166279291	3.56147965543459e-05	7.74234707703171e-06	
0.0404935984897175	0.133380929740579	0.216238944288973	0.229373384522701	0.180115749093629	0.110367395738315	0.0551798261440561	0.0228834440388597	0.0085921323448561	0.00248409882500887	0.000650449817022272	0.000202878395309328	3.25224908511136e-05	1.54869004052922e-06	3.09738008105844e-06	
0.0382014225861092	0.129285331632258	0.211955730755296	0.228538117813912	0.181610426930664	0.114210997327619	0.0578339779458897	0.024820938089325	0.00937810629449452	0.00314461513688598	0.00077260608237622	0.000174958892401829	6.65772776396342e-05	3.09661756463415e-06	3.09661756463415e-06	
0.0371368924278053	0.124195788999868	0.208158133687225	0.228263214670982	0.182937145429288	0.117099330244542	0.0610121611448705	0.0264518482301537	0.00987947506072812	0.00346751724833725	0.00109116590222967	0.000246792856976555	5.1221158995134e-05	4.65646899955764e-06	3.10431266637176e-06	1.55215633318588e-06	
0.0355252776313779	0.120068359222726	0.203229910902236	0.225248628605466	0.185973261314979	0.12070766764694	0.06433781680851	0.0286285430940657	0.0108542096120801	0.00380310547965284	0.00125522751583458	0.000286909146476475	5.3015820544566e-05	2.18300437536448e-05	3.11857767909212e-06	3.11857767909212e-06	
0.0333638517460223	0.116983262704264	0.197774911369227	0.224686224446028	0.187452721155811	0.124309241464073	0.0668462417900531	0.030904182062348	0.0117586872195438	0.00421278872264066	0.00125089098687812	0.000322860890628144	0.000106060582428569	2.33957167121843e-05	3.11942889495791e-06	1.55971444747896e-06	
0.0319783274175071	0.112754396178814	0.194726150456051	0.222945267652012	0.189860461622251	0.126484434177825	0.0694718325289062	0.0323601955665734	0.0128364039288598	0.00463562892432124	0.00140070489104237	0.000391258349453177	0.000120507571631579	3.44307347518796e-05	
0.0305133368618522	0.109010876816065	0.192077744336884	0.221161404684579	0.190367769798593	0.130293169810493	0.0717108827665258	0.0338957040804502	0.0137533941115492	0.00514245090086845	0.00149231294413144	0.000441586831316962	0.000108047841705214	3.13182149870186e-05	
0.0288403262122264	0.105838407501499	0.187845234468963	0.219932609603603	0.190968242354205	0.132681516001294	0.0752018414598531	0.036050407765283	0.0150796217847464	0.00529137082617611	0.00162980502005068	0.000486743310419761	0.000120900757749425	3.29729339316612e-05	
0.0277668416792388	0.102857943754508	0.183481311869884	0.21832057221867	0.191626168106557	0.135083039108538	0.0781257381866514	0.037661298704571	0.016429869512222	0.0059700599368191	0.00192755298408509	0.000565352550070708	0.000146456231633916	3.4645560171464e-05	3.149596379224e-06	
0.0260966550972918	0.0991053613547069	0.180885096675635	0.215451039742936	0.194648282050512	0.137058387691491	0.0807497081326334	0.0393827419892479	0.0174535895341655	0.00626073274112036	0.00215642195095364	0.000598742798103612	0.00013112309298839	2.05373519138442e-05	1.57979630106494e-06	
0.0242902954766015	0.0955776191920812	0.17656327182799	0.215976035311701	0.195759800378975	0.139269337492634	0.0826946932383302	0.0418937313470766	0.0178115067988367	0.00679010090645862	0.00252861769428821	0.000663920977520398	0.000152479458952053	1.58832769741722e-05	1.27066215793378e-05	
0.0232130672941417	0.0906267735414714	0.174054164355085	0.214479750540432	0.195880282363744	0.143306933471072	0.0847569490941786	0.0437797715838004	0.0189996110165222	0.00732054151601528	0.00253636357839292	0.000819416014641083	0.000178549793073543	3.66664753633169e-05	1.11593620670965e-05	
0.0224133429282862	0.0864883109274201	0.1678150891248	0.212188031357665	0.197614104580741	0.146038579352595	0.0890897743700128	0.0460525896820292	0.0205028434600419	0.00786170531182536	0.00284505212479383	0.000840619766027499	0.000189457863934228	5.41308182669222e-05	6.36833156081438e-06	
0.0213232347709847	0.0840955562207683	0.163205184857858	0.209692465832617	0.198158944655887	0.148345600172322	0.0922998462091587	0.0484702483619137	0.0216067420891163	0.00867785807845392	0.00287308533570276	0.000929713942699845	0.000247079003511373	7.2856629240533e-05	1.58383976609854e-06	
0.020198241411943	0.0814682482440275	0.158949792897485	0.206427231959572	0.199533325830193	0.150559485897531	0.0948676937514168	0.0509870063581185	0.0230975180986832	0.00923678800089404	0.00322899213279924	0.00108584173341555	0.00024094590288929	0.000103036076893446	1.58517041374533e-05	
0.019142280717386	0.0772341942135611	0.155863765385741	0.204579445795094	0.199491172689434	0.153663302063312	0.0972245204485572	0.0531134248946705	0.0245439965378104	0.00997447908048318	0.00358152056311495	0.00122990466250016	0.000240253045326681	7.63718289780176e-05	3.97769942593842e-05	1.59107977037537e-06	
0.0179651555995847	0.0748722784757877	0.152576815487247	0.202900207339106	0.198664520246521	0.156336225920246	0.0993449608341827	0.0549353375055169	0.0259904173136091	0.0107702028621052	0.00398326046300442	0.00125260761471123	0.000298466706673906	6.66787323420428e-05	2.69890107098745e-05	1.58758886528673e-05	
0.017300040549445	0.0717931091286938	0.147313282477571	0.200453646915708	0.199915099599574	0.157301751229155	0.103304462973288	0.0572665872573369	0.0275387754067616	0.0117656748948249	0.00432421815601399	0.00125925034213594	0.000321544426985656	9.66217243651477e-05	3.00952911957018e-05	1.2671701556085e-05	3.16792538902124e-06	
0.0160463861920173	0.0682943080144679	0.143267339298179	0.198072529982867	0.199874674789009	0.159653214036424	0.106681896059395	0.0595500983564947	0.0290088203566216	0.0128006218668697	0.00477187638809569	0.00139602766673012	0.000444190621232312	8.88381242464623e-05	3.0141506440764e-05	9.51837045497811e-06	9.51837045497811e-06	
0.0151476540130203	0.0655765209779971	0.139777866064348	0.194883986697922	0.200408052790445	0.162098891862845	0.109575944828983	0.0618457978318436	0.0297064963966944	0.0133701393362573	0.00530563597195864	0.0016049865380567	0.000520750070040093	0.000129791810769871	2.05767504879064e-05	2.05767504879064e-05	6.33130784243274e-06	
0.015087591367606	0.0634250205582046	0.135669944930844	0.191684541650686	0.199634766330948	0.16454297651235	0.112134943897015	0.0640926689679229	0.0317409208497286	0.0139653738278667	0.0055558449224786	0.00179775777463157	0.000471931145403722	0.000167306693688276	1.73620153827456e-05	9.47019020877034e-06	1.57836503479506e-06	
0.0144693061930588	0.0615580824183803	0.131585925612582	0.188034687190237	0.198854703984544	0.16767474603345	0.114922626225637	0.0666121588261663	0.0333486965470651	0.0146066280692229	0.00565702993301218	0.00188462436942426	0.000557179566504827	0.000192566309103651	2.99898350243391e-05	3.15682473940412e-06	7.89206184851029e-06	
0.013005021225444	0.0600354309530232	0.129558028045035	0.185916275048942	0.198280825796763	0.167713346868399	0.117286550593224	0.0684356902962413	0.0352116786478816	0.0155053801097634	0.00589674543191531	0.00228897207643368	0.000634160423657023	0.000171948970593571	5.36354587172607e-05	6.31005396673655e-06	
0.0122452393653118	0.0565389483518877	0.126194301442157	0.183981604522485	0.199372192780059	0.16825959465559	0.119198149089222	0.0716486173406099	0.0362543676633514	0.0164590283980973	0.00663001038454376	0.00223315036756235	0.000722814747945975	0.000172023597218584	7.25971144225215e-05	1.42037832565803e-05	3.15639627924007e-06	
0.0120480019512473	0.0533092806200912	0.121884854234539	0.181041541612091	0.197340475236422	0.171857058462981	0.122163603852446	0.0741584849958267	0.0380350686024983	0.0173838398076628	0.00721581397264136	0.00244856198457057	0.000848919290898983	0.000175802315839155	5.22655533575867e-05	3.48437022383911e-05	1.5838046471996e-06	
0.0110394460770398	0.0514798820725168	0.118125720593063	0.178234481577399	0.196500871451748	0.172338107419313	0.12485469196282	0.076372159852321	0.040351625626232	0.0185153760881253	0.00776139191222998	0.00305761414114822	0.00101656154796474	0.000237884917620453	5.07487824256966e-05	3.48897879176664e-05	2.85461901144544e-05	
0.0106977076340784	0.0487958929435756	0.114949971037952	0.174645115729169	0.196050052766471	0.173759591198711	0.127356836233506	0.0786244217508947	0.0421179588500877	0.0199385845890166	0.00818713450292398	0.00338657589246749	0.00102359018305601	0.00031739230482357	9.99785760194244e-05	3.49131535305927e-05	1.42826537170606e-05	
0.00995737539003818	0.0480641256878711	0.110922338182735	0.171532725135512	0.195103959948413	0.174570541587945	0.129832943890023	0.0812199490154461	0.0440856172478176	0.0207269502702308	0.00884536007246342	0.00338680842085893	0.00115325982293417	0.000431480979144557	0.000120560861819803	2.85538883257428e-05	1.74495984212872e-05	
0.00951506035566049	0.046029917621822	0.108610042775726	0.168350088217001	0.192809679753246	0.177111496134953	0.13132592056662	0.0840965055913078	0.0454428620387647	0.0217194699364076	0.00945476816064379	0.00371272990365942	0.001197910716779	0.000445844915781323	0.000117411116611452	4.44258279070358e-05	7.93318355482782e-06	7.93318355482782e-06	
0.00928324766214369	0.0443566416048048	0.106239674269787	0.165730150022356	0.189731824336537	0.178740966472493	0.133897568756283	0.0857118847767423	0.0474721978227574	0.0227602084013788	0.0102409046370258	0.00382428580035706	0.00134293949954495	0.000469315338683951	0.000152210380113714	3.32960206498749e-05	9.51314875710712e-06	1.58552479285119e-06	1.58552479285119e-06	
0.00884968377003186	0.0434590327642779	0.103713918873936	0.161838413619288	0.190750867849161	0.176743227606321	0.136574888645838	0.0878342606242174	0.0491686084296289	0.0238210724872002	0.0108722874760252	0.00412921838096597	0.00151378255425048	0.000521502052720846	0.000188628402047966	2.06064640892735e-05	
0.00818271084118267	0.0420583431235977	0.100812578763533	0.159601600807045	0.189661797097233	0.178098480308524	0.137268729711225	0.0896777672188745	0.0511628936595455	0.0255000150214015	0.0111411363453088	0.00449060846163455	0.00159068736352266	0.000551838856729034	0.000172350817717664	2.84616029258528e-05	
0.00774938247847744	0.0396759549895424	0.0974832251816286	0.157329972586145	0.18838744073213	0.177787837586319	0.141012577564804	0.0908111535585959	0.0536226352001464	0.0271472871640699	0.012003419633872	0.00463259441060213	0.00158994047187162	0.000548908020050916	0.000153000223979709	6.46701977646194e-05	
0.00745983077192004	0.0378456096919532	0.0940864660055653	0.15299188505215	0.186599706142195	0.179213891001746	0.142766704304403	0.0952344956937076	0.0551951886689942	0.0279905071015636	0.0126692713869742	0.00532755066527454	0.00179054836134116	0.00054960543369223	0.00019212568169184	8.3464435489078e-05	3.14960133921049e-06	
0.00680664476889469	0.0362224771723585	0.0907840764431313	0.150000785805215	0.185483034465417	0.178222194282481	0.144313127661915	0.0984818243253862	0.0579704222917223	0.0292303823728174	0.0135111348598909	0.00591868487639284	0.00209024187084505	0.000653789938550032	0.000223168680947367	7.22940797435132e-05	1.57161042920681e-05	
0.00639907560209555	0.0346993671381555	0.0886867725298504	0.147700121812596	0.183177649110831	0.179502916926314	0.144936635529822	0.100542363540143	0.0597273151439048	0.0309917549468753	0.0140428943173954	0.00602330409622256	0.0025301948062115	0.000734320151060145	0.000205108613622343	8.76800180370323e-05	1.25257168624332e-05	
0.00619314550219487	0.0324659595781222	0.0858523427842744	0.144770831738034	0.180579495890771	0.178876107397863	0.147827554574848	0.103398807002958	0.0620705390365072	0.0327753824419715	0.0151007734008854	0.00627753355597194	0.00257071015672737	0.000882949081185996	0.000271917062170555	6.71978946743324e-05	1.87529008393486e-05	
0.00601668965194829	0.0313176410088591	0.0817418947663682	0.141436619059863	0.179105989418979	0.178975090188012	0.148765417669838	0.105930202660059	0.064612795399827	0.0346540130743399	0.0164886281293097	0.00697661734570643	0.00263200953694397	0.000941227803619987	0.000280498352072182	0.000104407719937979	2.02582143163242e-05	
0.00575792377694833	0.0301206511291148	0.0808605989489058	0.136682811739299	0.178122698390902	0.18081753155155	0.149701336961814	0.106568402261975	0.0667934762255483	0.0356554358545445	0.0173471107393861	0.00716229542986256	0.00298194914302121	0.00102051006778434	0.000259028549315291	0.000121712209919233	2.65270201106021e-05	
