# <P(N_1)> as a function of N_tot.
# number_of_species: 2
# species_total_upper_bound: 100
# species_total_lower_bound: 0
# volume: 512
# Bin widths for each species index 
1	1	1	1	1	1	1	1	1	1	1	1	1	1	1	1	1	1	1	1	1	1	1	1	1	1	1	1	1	1	1	1	1	1	1	1	1	1	1	1	1	1	1	1	1	1	1	1	1	1	1	1	1	1	1	1	1	1	1	1	1	1	1	1	1	1	1	1	1	1	1	1	1	1	1	1	1	1	1	1	1	1	1	1	1	1	1	1	1	1	1	1	1	1	1	1	1	1	1	1	1	
# Bin lower bound for each species index 
0	0	0	0	1	1	2	3	3	4	5	5	6	7	8	9	10	11	11	12	13	15	15	16	17	18	18	19	20	21	22	22	22	23	24	25	25	26	27	29	30	31	32	34	34	35	36	37	37	38	40	40	40	41	41	42	44	45	45	46	47	48	48	49	49	50	51	54	55	56	57	58	59	60	60	62	62	63	64	65	67	67	67	68	70	70	71	71	72	73	74	75	77	78	79	80	80	81	82	83	84	
# Bin upper bound for each species index 
0	1	2	3	4	5	6	7	8	9	10	11	12	13	14	15	16	17	18	19	20	21	22	23	24	25	26	27	28	29	30	31	32	33	34	35	36	37	38	39	40	41	42	43	44	45	46	47	48	49	50	51	52	53	54	55	56	57	58	59	60	61	62	63	64	65	66	67	68	69	70	71	72	73	74	75	76	77	78	79	80	81	82	83	84	85	86	87	88	89	90	91	92	93	94	95	96	97	98	99	100	
# Normalized histogram for each species index 
1	
0.0507964497004552	0.949203550299545	
0.00257345459668456	0.0943787862185558	0.90304775918476	
0.000118178679944145	0.00696632218618118	0.134605516456381	0.858309982677493	
0.000517021210327966	0.0129722490422649	0.16957361323076	0.816937116516647	
5.5907218864338e-05	0.00124238264142973	0.0211639882967555	0.200908802902206	0.776628918940745	
0.000121213628141453	0.00212590055509626	0.0299459822344334	0.230958582235677	0.736848321346652	
0.000193148222569058	0.00399380679570214	0.0397324585588027	0.256345074876089	0.699735511546837	
3.15251554978295e-06	0.000274268852831117	0.00550113963437125	0.0511558698263279	0.281415605582475	0.661649963588445	
3.4594458596723e-05	0.000676164418026858	0.00786866685536371	0.064697927477435	0.300638425008649	0.626084221781929	
8.2155507736837e-05	0.000894231103443264	0.0104337494825783	0.0761676351537098	0.316933830058172	0.595488398694359	
6.296000151104e-06	7.87000018888e-05	0.0013441960322607	0.0135867683260824	0.0862898300709559	0.328031051872745	0.570663157695916	
2.50733395180904e-05	9.71591906326004e-05	0.00222212471479076	0.0179054985833563	0.0981997342226011	0.341765288468771	0.53978512148033	
6.22387915716228e-06	0.000258290985022235	0.00295634259965209	0.0222721515639052	0.110744593782967	0.350429292064865	0.513333105124431	
3.12555673979428e-06	0.000346936798117165	0.00406009820499276	0.0261984165929556	0.123306338941624	0.360883032290127	0.485202051615444	
9.35579139080076e-06	0.000564466080578313	0.00493362066008227	0.0305123543225316	0.136535300960216	0.364772950535931	0.46267195164927	
4.38131182735128e-05	0.000713527926168637	0.00631534804828206	0.0364399963697702	0.147083767552631	0.3720954249716	0.437308122013275	
0.000112627762117652	0.000863479509568667	0.00784952930981082	0.0419381986440869	0.158182563345295	0.373423602398971	0.41762999903015	
6.21803541171167e-06	0.000177214009233783	0.00133376859581215	0.00914051205521615	0.0477420758911222	0.171440563354008	0.375183820671859	0.394975827387337	
3.09749041326717e-06	0.000216824328928702	0.00189256664250624	0.0112996450275986	0.0545034413118491	0.181475768332497	0.376927413409656	0.373681243456552	
3.09444238148286e-06	0.000405371951974254	0.00224347072657507	0.0134979576680282	0.061554647852457	0.190933283822255	0.377070181953212	0.354291991583117	
0.000432359125576997	0.00298296691675065	0.0169366578328543	0.0666268523011459	0.199028280641509	0.373757356326129	0.340235526856034	
1.54549950544016e-05	0.000581107814045499	0.00362574183976261	0.018981824925816	0.0724344708209693	0.206231454005935	0.374990727002967	0.32313921859545	
8.35357269928685e-05	0.00076729112200857	0.00479866342836811	0.021697631607444	0.0800148507959098	0.214677536624228	0.372052658447164	0.305907832247885	
0.000137437294234506	0.000968308209379471	0.00517263998300775	0.0236173495842522	0.0866604611645937	0.222998257045223	0.369144078014406	0.291301468704903	
0.000222023478201047	0.00127898031808772	0.00609470083118085	0.0264364293621359	0.0943349615055068	0.233102762472403	0.363968403870088	0.274561738162396	
1.8786928055459e-05	0.000200393899258229	0.0015593150286031	0.00709519649561169	0.0302720034066963	0.0999151457082828	0.239232741858215	0.359857344592966	0.261849072082312	
1.25846712411947e-05	0.000245401089203296	0.00162342259011411	0.00867398465299342	0.0336639955701957	0.108146372311206	0.243538557859599	0.355309315488269	0.248786365767177	
9.46524519717683e-06	0.000255561620323775	0.00201925230873106	0.0093989884807966	0.0382459007600592	0.114046739380784	0.249850922388144	0.348642841592811	0.237530328223153	
3.14034845306435e-05	0.000367420769008529	0.0023081561130023	0.011421447323795	0.0431012825183082	0.120985064502757	0.253137208104611	0.34331859463126	0.225329422552726	
7.2355940894634e-05	0.000421552003473085	0.00285334079962752	0.0135588741415597	0.0454300931504091	0.128019680815923	0.257492772270687	0.338034372217835	0.21411695865959	
9.45727832139615e-06	0.000135554322606678	0.000639942499747806	0.00378606375466559	0.014680848380914	0.0496601684656512	0.134652728740038	0.260636285685464	0.333148391001715	0.202650559870877	
3.15239629404292e-06	3.15239629404292e-05	0.000208058155406833	0.00088582335862606	0.00411387716372601	0.0166288904510764	0.0534520315617917	0.142103720142867	0.26460268773308	0.325926252841097	0.192043982233094	
1.5790853306131e-05	3.78980479347143e-05	0.000180015727689893	0.00112430875539652	0.00481936842903117	0.0183458133710629	0.0583503611368151	0.149473059225174	0.268883491926137	0.317585641692906	0.181184250834547	
2.54511211218854e-05	5.40836323840065e-05	0.00025769260135909	0.00119302130258838	0.00541154462854089	0.0202654551933013	0.0633351149118119	0.154908248708356	0.27159845766206	0.312546130157033	0.170404800081444	
1.27534346593717e-05	8.6085683950759e-05	0.000216808389209319	0.00142519632318479	0.00604831638720703	0.0216617087689428	0.0687410128140135	0.161037619443886	0.273902327820661	0.302447702947	0.164420467987285	
3.18894838049257e-06	3.18894838049257e-05	5.1023174087881e-05	0.000213659541493002	0.00143821571960215	0.00654053312839025	0.0245708472716952	0.0729153047199625	0.168127736516329	0.271841904695089	0.296253304547759	0.158012392253407	
1.59732161112247e-05	2.23625025557146e-05	6.38928644448988e-05	0.000255571457779595	0.00158454303823349	0.00753935800449806	0.0277295031690861	0.0773071713351053	0.172830198323451	0.275311158249847	0.289118406256389	0.148221861582498	
1.60471915810014e-05	2.56755065296023e-05	5.45604513754048e-05	0.000263173941928423	0.00178765714212356	0.00855957198930615	0.029517204194094	0.0830827296914767	0.175623674100796	0.276695305554575	0.282677698575972	0.141696701660242	
3.19772833379167e-06	7.67454800110002e-05	0.000351750116717084	0.00212648934197146	0.00976906005973356	0.0313569240411612	0.086709601499095	0.181937951279411	0.276411637172952	0.277639564853128	0.133617078427485	
6.36835183870239e-06	0.000108261981257941	0.000601809248757375	0.00265878689265825	0.0103422033860527	0.0343954682808316	0.0924557319942812	0.186293396337561	0.276676229808344	0.268279557909015	0.128182185809402	
9.5876357848918e-06	9.5876357848918e-05	0.000562474632713653	0.0030840228441402	0.0117736167438471	0.0377273468135492	0.0972857403092971	0.190870653205626	0.277303189806426	0.261186374052022	0.120101117598745	
9.57857464423577e-06	7.34357389391409e-05	0.000874843150840201	0.00341635828977743	0.0131673472776094	0.0414432996273934	0.101536084087114	0.194706879651595	0.276571764277664	0.255048707052066	0.113151702272357	
0.000143020140413996	0.000956645828102504	0.00399820748090681	0.0149916889407293	0.0437037766851745	0.10329232363233	0.199579838609717	0.276709011222314	0.249484332938174	0.107141154522138	
2.54967889981355e-05	0.000121109747741144	0.000975252179178685	0.00441413159530222	0.0165665386515386	0.0461714977769987	0.10824343059296	0.203394260035377	0.274208404379074	0.243229805746339	0.102650072506494	
1.28111918572065e-05	0.000220993059536811	0.00124588840811333	0.00499636482431052	0.017500088076944	0.049547284507746	0.113798614469601	0.204678006706659	0.271683742917813	0.237023063348141	0.0992931424892786	
3.22295777280726e-05	0.00030618098841669	0.00146966874440011	0.00573364187782412	0.0190702411417006	0.0531691343780014	0.118675751110309	0.207761526908474	0.268975163887403	0.22994836821648	0.0948580931692633	
8.07211954486161e-05	0.000332571325248298	0.00176295090859778	0.00626719361463056	0.0211424955119015	0.0568180350523719	0.121934208996862	0.209042065429372	0.269799294819637	0.22315213039379	0.0896683327521407	
6.47420998452664e-06	0.000100350254760163	0.000369029969118018	0.00200700509520326	0.00711191966800251	0.0218763555377155	0.0599641328766857	0.127596967480043	0.214199237338064	0.267326604471089	0.215675357214536	0.0837665658847979	
3.22926489014041e-06	5.81267680225273e-05	0.000503765322861904	0.00241549013782503	0.00845098621749745	0.0241290672591291	0.0648307219344588	0.131679734425255	0.217539429324309	0.262707157342703	0.207735381117842	0.0799469108852061	
0.000109460616713992	0.00060525282183031	0.00292002292234091	0.00908523118726136	0.0270045780293226	0.0671798437932611	0.13574082301506	0.219912817838217	0.259788676621144	0.201929082398089	0.0757242107567592	
1.29140986443425e-05	0.000174340331698624	0.000681218703489067	0.00290567219497706	0.00956289004613562	0.0284336166901811	0.0693551667694414	0.141435208352839	0.221928785203026	0.258330400756766	0.196006960699169	0.0711728261536326	
9.66706623873787e-06	2.90011987162136e-05	0.000299679053400874	0.000805588853228156	0.00316113066006728	0.0106112163747213	0.0300581312916489	0.0715137336787698	0.145940476650813	0.223847363468801	0.256837838186201	0.188221002023639	0.0686651714937551	
2.88738245947238e-05	5.45394464567005e-05	0.000214949583094055	0.00113249556465972	0.00373113977818486	0.011873558313897	0.0320563617056089	0.0760311965633732	0.148719445879224	0.226037131738429	0.252325144930558	0.182784142495533	0.065011020176387	
3.22028003555189e-06	2.57622402844151e-05	3.86433604266227e-05	0.000299486043306326	0.00123980781368748	0.00441500392874164	0.0120341864928574	0.0346759754228228	0.0807871652518903	0.153336854172839	0.226446871819973	0.247085646567826	0.177785220202749	0.0618261564025608	
6.4620564202146e-06	1.29241128404292e-05	2.26171974707511e-05	0.000319871792800623	0.00121486660700035	0.00448466715562894	0.0135024668900384	0.0369241903851063	0.0863653840561682	0.157163674196039	0.228430463426376	0.242537132591705	0.170934316427517	0.0580809631048889	
1.94162818467473e-05	3.23604697445788e-05	0.000317132603496872	0.00120380947449833	0.00499322048158851	0.0143971729893631	0.0399845964164016	0.0894184499982202	0.160624427624191	0.229037696711205	0.237914173562143	0.165776214407528	0.0562813289797715	
1.94088077169419e-05	5.49916218646689e-05	0.000359062942763426	0.00148477379034606	0.00517568205785119	0.0163939729182436	0.0426896725734138	0.093094346214312	0.162254397712349	0.22821199593709	0.23654484405023	0.161203087294348	0.0525137640794726	
9.68648090148849e-06	2.58306157373026e-05	5.48900584417681e-05	0.000435891640566982	0.00169190533079332	0.00577314261728714	0.0178586419553776	0.0458041393561719	0.094943656969423	0.165386974912014	0.229114332762907	0.232565948790804	0.156514158406251	0.0498208001033225	
3.21789665403106e-06	2.25252765782174e-05	9.97547962749628e-05	0.000585657191033653	0.00175697157310096	0.0067447113868491	0.0190016797420534	0.0472741197443703	0.0975054865137951	0.169785881156641	0.228946911141002	0.229378109292642	0.149513132236245	0.0493818420527606	
3.20946921798073e-06	1.92568153078844e-05	0.000256757537438458	0.000542400297838743	0.00180372170050517	0.00696454820301818	0.0204475283877552	0.0488898445975005	0.102337135484534	0.17394681267612	0.228623330273639	0.224698149420049	0.145684226742581	0.0457830783944951	
9.61498399105165e-06	5.76899039463099e-05	0.00021473464246682	0.000650613916727829	0.00218260136596873	0.00756378740629397	0.0211369398069952	0.0516324640319474	0.106838497113902	0.175576017665931	0.230846150641159	0.222692644216747	0.137122491691051	0.0434757526128719	
6.42069003155769e-06	3.21034501577885e-06	3.53137951735673e-05	0.000227934496120298	0.000764062113755365	0.00251691049237062	0.00819280048026761	0.0218849219725644	0.0545822859582719	0.11081789959967	0.180370024366519	0.230412882472479	0.216842754090782	0.132455625006019	0.0408869541209594	
6.40902390565917e-06	6.40902390565917e-06	0.000112157918349035	0.000253156444273537	0.000855604691405499	0.0031628532974428	0.0090879958982247	0.0244215855925143	0.0567294751009421	0.113955649554573	0.181330513362815	0.2290489008524	0.212683458309299	0.1298980965199	0.0384477344100494	
3.20688582524396e-06	6.41377165048793e-06	9.62065747573189e-06	9.62065747573189e-05	0.000301447267572933	0.00116409955456356	0.0034794711203897	0.00953086467262506	0.0258699479522431	0.0601932469398292	0.116608782377521	0.182173563074634	0.228192374666885	0.208941439057945	0.125806130924321	0.0376231845017622	
6.46084566008845e-06	6.46084566008845e-06	4.52259196206191e-05	8.07605707511056e-05	0.000310120591684246	0.00129862997767778	0.00373436879153112	0.0109898984678105	0.0282274346889264	0.0641206627535478	0.11981961318917	0.185377814102088	0.223939371424326	0.204579447403871	0.121295916422501	0.0361678140051751	
3.23135186836765e-06	6.4627037367353e-06	4.84702780255148e-05	0.000126022722866338	0.000352217353652074	0.00125699587679502	0.00422014554008815	0.0116037845593082	0.0309918957695141	0.0670020809906032	0.122387452014425	0.186536249305259	0.224992567890703	0.198718445849005	0.11814145565939	0.0336125221347603	
5.49269471602768e-05	0.000126008878779459	0.000394181620797281	0.00138932866346583	0.00465909751794819	0.0132503182531938	0.0325070597282085	0.0687523828602077	0.125204360553405	0.189811374401458	0.222961402511131	0.19618290027205	0.112752098532481	0.031954559259714	
3.8783491160596e-05	0.000116350473481788	0.000446010148346854	0.0014446850457322	0.00511295691800524	0.0140299279273456	0.034294302058757	0.0721696131346757	0.129436669790892	0.189861349019101	0.22146666235739	0.19263760059468	0.107711450825765	0.0312336382146666	
3.26170626378071e-05	0.000130468250551228	0.000430545226819054	0.0015558338878234	0.00542095581040354	0.0153593747961434	0.0368474956619307	0.0761934583219174	0.132408965778178	0.190649992824246	0.220938197189714	0.186778347489139	0.104423526034939	0.0288302216655577	
2.94868308537093e-05	0.000144157839729245	0.000550420842602573	0.00205424921614175	0.00596289246152788	0.0166993752068174	0.038309945908047	0.0792147329312203	0.134643422307115	0.193564662981905	0.217930614210687	0.182513654040843	0.10152643494386	0.0268559502786506	
9.88914271021845e-06	0.000158226283363495	0.000583459419902889	0.00221846434799234	0.00613456486123885	0.0179422012572397	0.0391643015133685	0.0826600475338126	0.137871131284962	0.195719319758837	0.214228498531462	0.180473558080583	0.0973684991248109	0.0254678388597159	
9.96979153165907e-06	0.000186102775257636	0.000691238879528362	0.0024126895506615	0.0067229627561821	0.0179123921185475	0.042431432758741	0.0842547082340508	0.140142036296688	0.196767128932667	0.215191303683173	0.174943255269866	0.0944172490686553	0.0239175298844501	
3.67238334340457e-05	0.00022368153091646	0.000784554623363703	0.00253728303726134	0.00757846380866215	0.0193768299319274	0.0450200812598278	0.0860572958572177	0.143229627453402	0.196355660311218	0.213619200555531	0.17219805497224	0.0899366680799778	0.0230458747450197	
6.67002391203572e-06	1.66750597800893e-05	0.000180090645624965	0.000907123252036859	0.00307488102344847	0.00813075914877155	0.0212707062554819	0.0479007767242846	0.0893149551941144	0.146387014797448	0.19752275311907	0.210666035237736	0.166160300684678	0.0859699382022285	0.0224913206313845	
1.99337534925597e-05	0.000302328594637156	0.00103655518161311	0.00312959929833188	0.00881736362820892	0.0225583643690801	0.049063611929687	0.0927384658318854	0.149994850447014	0.197935527596621	0.208041940617348	0.161290644092798	0.0836420296547806	0.0214287850045017	
3.33670340377114e-06	8.67542884980497e-05	0.000256926162090378	0.00127462070024058	0.00340677417525034	0.00933275942034788	0.0236171866918921	0.0515220372576302	0.0959135393414015	0.152066920923466	0.198090070971681	0.204373083480982	0.158470054755303	0.0814022162384008	0.0201837188894116	
1.00718120197005e-05	7.05026841379033e-05	0.000292082548571313	0.00131269283323429	0.0035385632895881	0.0100550256663343	0.0245550777040297	0.0538539788693384	0.0979853018689926	0.153917431285062	0.198683278441958	0.202809364099362	0.156217161696227	0.0777342451680482	0.018965222033096	
1.00881706111414e-05	3.69899589075184e-05	0.000265655159426723	0.00113660055552193	0.0039814646678638	0.0108212443422176	0.0257752759114662	0.0559187296975566	0.10081781436421	0.155388091923411	0.197032060206202	0.20219384083557	0.154150609661777	0.0749786467055397	0.0174928878397191	
1.00895616758089e-05	6.72637445053929e-05	0.000238786292994145	0.0011636627799433	0.00446631263515809	0.0119594937730589	0.0273292593925411	0.0587649703871365	0.104480774340227	0.156172961992621	0.199181400229369	0.199463907956292	0.148397273127798	0.0715249027198095	0.0167789410668703	
6.74586309945426e-05	0.000330547291873259	0.00130869744129413	0.00512011009248578	0.0130363804396954	0.0285552384999899	0.0593973245906948	0.106392379873043	0.159505932986596	0.200524153562828	0.198581344990185	0.144044414762647	0.0670302686877273	0.016105748149947	
6.76979318281827e-06	9.81620011508648e-05	0.000321565176183868	0.00174660664116711	0.00561892834173916	0.0131740175337643	0.0288799377179027	0.0617642081034424	0.10994482618556	0.162447957214907	0.202748536032224	0.194022272619571	0.139566056256981	0.0645905967572691	0.0150695596249535	
1.01657353723539e-05	6.77715691490263e-06	8.47144614362829e-05	0.000443903777926122	0.00183660952393861	0.0054149483750072	0.0138050686356567	0.0313477393098821	0.0648201173125862	0.111782426154404	0.165576109166444	0.199499168103989	0.191488568630574	0.135007742901775	0.0640780186304044	0.0147979221236899	
3.40053932553703e-06	2.72043146042962e-05	8.16129438128887e-05	0.000472674966249647	0.00175467829197711	0.00575031199948312	0.0146665261110412	0.033338887547565	0.067816955769185	0.115485716034563	0.167408550996188	0.198659507397873	0.186427767443917	0.131808304797141	0.0621108507809339	0.0141870500661405	
3.07813328317116e-05	0.000136805923696496	0.000649828137558356	0.00225045744480736	0.00592369649605828	0.0155137917471827	0.0360620414863964	0.0696581561981634	0.116845939429177	0.168189202592472	0.197643517964328	0.185279682610257	0.128785676419789	0.0599996579851908	0.0130307642320912	
3.44423779017703e-06	4.47750912723014e-05	0.000227319694151684	0.000702624509196115	0.00223531032582489	0.00650960942343459	0.0167079975201488	0.0369084521595371	0.0719949025280705	0.119959357994076	0.168805538334367	0.197785355100916	0.183512433698423	0.125697458152511	0.056633601983881	0.0122718192464008	
3.11360507033288e-05	1.72978059462938e-05	0.000179897181841455	0.000792239512340255	0.00251164142340186	0.0073896227002567	0.0177544680232759	0.0379790627356826	0.0751243712247538	0.122416572681921	0.169899050004497	0.197184609104181	0.180080538584486	0.122482304344517	0.0539553163076795	0.0122018723145156	
4.85150916588696e-05	1.73268184495963e-05	5.89111827286274e-05	0.000246040821984267	0.000855944831410056	0.0033648681429116	0.00810895103441106	0.018369892920262	0.0400526735280868	0.0776691963821603	0.122982291991545	0.171552829469453	0.196219288214298	0.178143951207679	0.120019406036664	0.0512180753370066	0.011071836989292	
2.07591625753817e-05	4.15183251507634e-05	0.000100335952447678	0.000349445903352259	0.00104487784962755	0.00364669289240872	0.00820678893813423	0.0203301398821572	0.042082282400728	0.0787083649045597	0.126035795716001	0.174940922883171	0.195028872535282	0.174238571216037	0.115593936940584	0.0492165146058008	0.0104141798919832	
1.7230328134369e-05	4.13527875224856e-05	0.000120612296940583	0.000510017712777322	0.0012095690350327	0.0034460656268738	0.00914241210809619	0.0208934958957358	0.0442853893709552	0.0801658246779652	0.129864983148739	0.17574245483931	0.194447699061981	0.170849041649149	0.111180415319829	0.0480105863136058	0.0100728498273521	
1.03139568464046e-05	6.53217266938955e-05	0.000120329496541386	0.000498507914242887	0.00126861669210776	0.00397087338586575	0.00947165037061485	0.0215699217514474	0.045653010987802	0.0834880426860294	0.132338380296217	0.178146100636715	0.192809109286687	0.168186256308704	0.107914930483931	0.0450513635050951	0.00943727051446017	
1.02928310431784e-05	3.08784931295353e-05	0.000171547184052974	0.000470039284305148	0.00139296313451015	0.00383236409174343	0.0100252174360558	0.0226853996191653	0.0466917125555384	0.0862299075360678	0.135138009709571	0.180491654229496	0.189792942548848	0.164949479354296	0.104444787538813	0.0443449470776937	0.00929785737567118	
2.059159656944e-05	0.00017502857084024	0.000538813443567014	0.00161644033070104	0.00402565712932552	0.0103369814778589	0.0235361948788699	0.0493168737838088	0.0887806686091406	0.137970560880771	0.177159801085177	0.191107175828211	0.160604157443347	0.102137750917184	0.0435374990133193	0.00913580501130822	
4.43363698062501e-05	0.000167114009269712	0.000682097997019232	0.00170183450256298	0.00416079778181731	0.0106543707134404	0.0254763601886683	0.051709849154028	0.0898118432675222	0.137736048538093	0.178450477980171	0.189728968360884	0.158618478716837	0.100507139860784	0.0421604771957587	0.00838980536333655	
7.16960905146072e-05	0.000163876778319102	0.000679405810114611	0.00154317299583821	0.0042232411412652	0.0118400972335551	0.0268655493456878	0.0542978392163959	0.0911462156413557	0.142361122965623	0.17775850708255	0.188618757745738	0.156167741539008	0.096933114375749	0.0394738189776137	0.00785584306067196	
8.51208716377256e-05	0.000187265917602996	0.000595846101464079	0.00165134490977188	0.00481784133469527	0.0121722846441948	0.028307797071842	0.0556486210418795	0.0957269322437862	0.143064351378958	0.179370105549881	0.18682328907048	0.15230507320395	0.0934525025536262	0.0384576098059244	0.00733401430030643	
1.01434280729515e-05	7.10039965106607e-05	0.000270491415278708	0.000662703967432834	0.00195768161807965	0.00567355743547089	0.0133318456305493	0.0293990356981045	0.0580981748591754	0.0983439163099561	0.143759424935251	0.179444004895895	0.185066845191001	0.149781240067893	0.0907870623956072	0.0368645987597969	0.00647826939592505	
1.68847044839021e-05	0.000114815990490534	0.000253270567258532	0.000854366046885447	0.00257660590424346	0.00590289268757218	0.0141628901210971	0.0312772265859803	0.0602344947758724	0.100845586000554	0.145221966325145	0.180990524303844	0.182641848402369	0.146603135151929	0.0878612482524331	0.0343434889202569	0.00609875525958545	
2.36055048037202e-05	5.05832245794005e-05	0.000350710357083843	0.000917242472373129	0.0024718335744467	0.0064375583814717	0.0153132281876705	0.0327880461723674	0.0635190412118392	0.102650223746463	0.149453195342297	0.179590680546703	0.17872402129891	0.144489294903572	0.0852057556965141	0.0323091916463491	0.00570578773255638	
2.02240828378433e-05	0.000124715177500034	0.000296619881621702	0.000923566449594844	0.00246059674527094	0.00702786878615055	0.0163983605010179	0.0349033962976446	0.0640024808208281	0.107747171999083	0.150254823443757	0.177735981339913	0.17885504725694	0.141683183000984	0.0808289177419137	0.0308956572152786	0.00584138925966374	
4.73120023791178e-05	0.000138556578395988	0.00024331886937832	0.00115914405828839	0.00293334414750531	0.00703259121078173	0.0169140408505346	0.0350683320491504	0.0679062411289996	0.108405315165524	0.150705624721197	0.179028617002582	0.17810941238493	0.137120321180908	0.0791563594090055	0.0304723089608933	0.00555916027954635	
