# <P(N_2)> as a function of N_tot.
# number_of_species: 2
# species_total_upper_bound: 100
# species_total_lower_bound: 0
# volume: 512
# Bin widths for each species index 
1	1	1	1	1	1	1	1	1	1	1	1	1	1	1	1	1	1	1	1	1	1	1	1	1	1	1	1	1	1	1	1	1	1	1	1	1	1	1	1	1	1	1	1	1	1	1	1	1	1	1	1	1	1	1	1	1	1	1	1	1	1	1	1	1	1	1	1	1	1	1	1	1	1	1	1	1	1	1	1	1	1	1	1	1	1	1	1	1	1	1	1	1	1	1	1	1	1	1	1	1	
# Bin lower bound for each species index 
0	0	0	0	0	0	0	0	0	0	0	0	0	0	0	0	0	0	0	0	0	0	0	0	0	0	0	0	0	0	0	0	0	0	0	0	0	0	0	0	0	0	0	0	0	0	0	0	0	0	0	0	0	0	0	0	0	0	0	0	0	0	0	0	0	0	0	0	0	0	0	0	0	0	0	0	0	0	0	0	0	0	0	0	0	0	0	0	0	0	0	0	0	0	0	0	0	0	0	0	0	
# Bin upper bound for each species index 
0	1	2	3	3	4	4	4	5	5	5	6	6	6	6	6	6	6	7	7	7	6	7	7	7	7	8	8	8	8	8	9	9	9	10	10	10	10	10	10	10	10	10	9	10	10	10	10	11	11	10	11	12	12	13	13	12	12	13	13	13	13	14	14	15	15	15	13	13	13	13	13	13	13	14	13	14	14	14	14	13	14	15	15	14	15	15	16	16	16	15	15	15	15	15	15	16	16	16	16	16	
# Normalized histogram for each species index 
1	
0.94965464081133	0.0503453591886704	
0.903142027224574	0.0942646137489796	0.00259335902644619	
0.858081372519407	0.134756244902891	0.00702645966109886	0.000135922916603739	
0.817282980074381	0.16923169957367	0.0129410697547849	0.00054425059716385	
0.776381644007277	0.201201790607614	0.0211068249930172	0.00124557443628321	6.41659558085288e-05	
0.736220218809093	0.231356320793685	0.0301459358882535	0.00216004820318096	0.000117476305787034	
0.699628521898158	0.256784714152363	0.0394452593679157	0.00395100299087497	0.000190501590688282	
0.66393411165097	0.279718454724787	0.0508132421458233	0.00530775784650102	0.000222595773750585	3.83785816811354e-06	
0.628500194720404	0.29967852043037	0.0633337660453431	0.00776972594057591	0.000683430438999061	3.43624243072153e-05	
0.595649033289276	0.317458426828144	0.0755425260504718	0.0103126056619433	0.000952878615559586	8.45295546060923e-05	
0.57170707093874	0.326727980245101	0.0865155997951117	0.0135967829484033	0.00137229268441855	7.26283036321797e-05	7.64508459286102e-06	
0.540591440632366	0.340786970723537	0.0986214370703833	0.017620444262556	0.00224708031133241	0.00010231225700839	3.03147428173006e-05	
0.513718957411764	0.349980677524772	0.110820961321282	0.0221964589219184	0.00303156504545472	0.000243875900933857	7.50387387488791e-06	
0.485664339599284	0.36036657876079	0.123189520319012	0.0261992024698675	0.00423148630956624	0.00034512122382987	3.75131765032468e-06	
0.46239868946146	0.365020888578043	0.136301244338391	0.0305343511450382	0.00516136753799028	0.00057223857486414	1.12203642130224e-05	
0.438018517195882	0.371896414971638	0.146453502140792	0.0364479763028009	0.00640170210846431	0.000736778398860249	4.51088815628724e-05	
0.418416461893418	0.373142503423309	0.157359644351072	0.0421151357130799	0.00796458517003995	0.000874116036090113	0.00012755341299169	
0.394533990000746	0.374964554883964	0.172158794119842	0.0476755466009999	0.00909260502947541	0.00136930079844788	0.000197746436833072	7.46212969181404e-06	
0.373370296262347	0.377726109167328	0.181386631492266	0.0543899067356741	0.0110441654836294	0.00186305085756231	0.000216113899477228	3.72610171512462e-06	
0.356244624373461	0.376301272355192	0.190326838093543	0.0614526796571462	0.0131610166978082	0.00214283595812202	0.000367025536079722	3.70732864726992e-06	
0.341041621786253	0.374280365778468	0.197946767495933	0.066782055758188	0.016714085145264	0.00280425206326096	0.000430851972633471	
0.32411620581029	0.374772949173774	0.205449219829413	0.0731094449459315	0.0185325055726471	0.00345964666654385	0.000541606027669805	1.84219737302655e-05	
0.306263261817753	0.372480254626901	0.214207827419545	0.0799171873158081	0.0214694094070494	0.00484793115643051	0.000718348461629141	9.57797948838854e-05	
0.291216150852414	0.369834726118631	0.222725344723663	0.0866329818503829	0.0233325643868644	0.00517922653907116	0.000915294345266886	0.000163711183706272	
0.274726298452068	0.363391439793112	0.23330029289233	0.0944000178865545	0.026535448915255	0.00613359765686136	0.00126323791353341	0.000249666490285365	
0.261994502752348	0.359980335049051	0.238593956007121	0.0999783983493359	0.0303056261126712	0.00737435660600824	0.00153446208165424	0.000216016506640645	2.23465351697219e-05	
0.248738367864186	0.355622792612422	0.242578303676542	0.108286654818947	0.0339122218972848	0.00894952721601092	0.00169092449703432	0.000206210304516381	1.49971130557368e-05	
0.237093899208242	0.348150995443908	0.250113996510388	0.114053037583048	0.0386759069788475	0.00955686447416519	0.00211411710173765	0.000233645740298991	7.53695936448359e-06	
0.225385510073913	0.342779424455033	0.25297715078978	0.1212583949274	0.043462274415638	0.0113458147300492	0.00238997486211683	0.000375192286046599	2.62634600232619e-05	
0.213057861839251	0.338393116481892	0.257618909304896	0.128756643794536	0.0455305039287506	0.0132555253360091	0.00286310293967868	0.000452664496391887	7.16718785953821e-05	
0.201367530443291	0.331855571188568	0.262041738879808	0.135835289566797	0.049960748918225	0.0145854744450807	0.00358379442293325	0.00064091138357219	0.00012514837667386	3.79237505072302e-06	
0.190899768316305	0.325150974210946	0.265752592198716	0.142591818906909	0.0540506665653842	0.0165065137301075	0.00395001709142011	0.00086976337878385	0.000193702761213871	3.41828402142125e-05	
0.1813791242823	0.317258622851649	0.268859697454468	0.149703420261659	0.058369780405598	0.0183001668142282	0.00481443342060365	0.00110956160916832	0.000163394346555609	4.17985537700396e-05	
0.170354693527647	0.311600636825669	0.272074582083155	0.155314279590962	0.0633075133182291	0.0203370889718939	0.00549568305676321	0.00117873981997428	0.000275549568305676	5.74061600636826e-05	3.82707733757884e-06	
0.164127822608509	0.302069976889353	0.273396650875671	0.162212172631159	0.068940365317138	0.0216479964374285	0.00588899211473937	0.00140506591525072	0.000199626851347097	0.00010365240358407	7.67795582104221e-06	
0.158179507167461	0.295772484476581	0.271549423415882	0.168958538936228	0.0731031092917788	0.0243421027368065	0.00642825050976718	0.00139393962666994	0.000192002703398064	4.99207028834966e-05	3.07204325436902e-05	
0.149318101446824	0.288907424775904	0.275008072079829	0.172361967434924	0.0771998339457864	0.0277102968987838	0.00752240963114439	0.00160288442319224	0.000276757022709451	6.91892556773628e-05	2.30630852257876e-05	
0.141693433813083	0.282641762925443	0.276962752486256	0.175416177651492	0.083405398727531	0.0291903452961888	0.00848956081289765	0.00183766755204151	0.000277966520476867	6.17703378837482e-05	2.31638767064056e-05	
0.132108304555552	0.277602608672218	0.277641107376737	0.181952577295774	0.0869955226006645	0.0314072431462681	0.00973632237275216	0.00215207758258935	0.000319539247504321	8.08472794890452e-05	3.8498704518593e-06	
0.12744219874445	0.268021742459041	0.277400091869545	0.186724850711989	0.0919307916092482	0.0349027713979482	0.0102090032154341	0.00265656101668963	0.000589496248660236	0.000114836931557189	7.65579543714592e-06	
0.119877816840528	0.261072368547442	0.277770733675292	0.191232013524677	0.0971970875838088	0.0377000365012583	0.0115689777726548	0.00299310318329395	0.000480279714905961	9.60559429811923e-05	1.15267131577431e-05	
0.111877762829137	0.255325773592158	0.277466846050356	0.195252738804536	0.101602921391505	0.0412646550067269	0.0130001921968095	0.00337113203920815	0.000764943301941188	6.15029790505478e-05	1.15318085719777e-05	
0.105882352941176	0.25010155202146	0.278547614485534	0.199712588618509	0.102448744970301	0.0434182793638628	0.0148610844989462	0.00395861276106534	0.000950373634795938	0.000118796704349492	
0.101436251920123	0.243079877112135	0.27510752688172	0.204708141321045	0.107461597542243	0.0461290322580645	0.0166589861751152	0.00436635944700461	0.000898617511520737	0.000130568356374808	2.30414746543779e-05	
0.0987883179046841	0.23594271487702	0.272482021320055	0.205820236324256	0.113718522857782	0.0493498385194663	0.017612554629751	0.00488680946838604	0.00116003915613896	0.000223529139721128	1.54158027393881e-05	
0.094894869279652	0.229341222176126	0.268617423434671	0.208947064365668	0.118247343137521	0.0534590585343347	0.0191650802389916	0.00556768262658142	0.00143844725241066	0.000286914007219377	3.48949468239783e-05	
0.0895391862688702	0.223018143374637	0.269593134435099	0.209154086534724	0.122160725113105	0.0570187030674274	0.0212799863186207	0.00607499883397335	0.00176847374885341	0.000326487461326783	6.60748433637537e-05	
0.0837155784382557	0.216276620641236	0.267458460098292	0.214111865200094	0.127170606131524	0.060203604025275	0.0217606677587955	0.0068180045245339	0.00202433887198689	0.000382245104922381	7.02082845775802e-05	7.80092050862002e-06	
0.0802159166757214	0.207565620973876	0.263302702450988	0.21727876690002	0.131637769119724	0.0643403753317914	0.024614656256306	0.00806777082718905	0.00238657001381494	0.000520000620896264	6.59702280241529e-05	3.88060164847958e-06	
0.0758616696900691	0.201829480103439	0.25905283878189	0.220649195260334	0.135655563703732	0.0671426917287429	0.0273765872862712	0.00876915357597746	0.00291404531243969	0.000617546026477286	0.000131228530626423	
0.0714594761647222	0.195337247933246	0.257583249633006	0.222085297071776	0.142014988797033	0.0693656802905045	0.0289113806690875	0.00942980761801746	0.00295140230240284	0.000660588735223673	0.000185428416904891	1.54523680754076e-05	
0.0687283633644053	0.187746243224697	0.257060578724585	0.223185992181898	0.146041989529603	0.0718741085127873	0.0304281451668864	0.0104472663628864	0.00332693390080109	0.000848117564514761	0.000266000508870539	3.46957185483311e-05	1.15652395161104e-05	
0.0648994199299611	0.183623496488443	0.252424646633941	0.225127911401894	0.148596338139701	0.0759703391622236	0.0321325742578063	0.0118128245835912	0.00387097766211401	0.00123394620609592	0.000219111943138529	5.3816968490165e-05	3.45966226008203e-05	
0.0616072700119704	0.178701882551278	0.247445218950991	0.22626026242557	0.153136751511699	0.08017105004869	0.034464044463775	0.0119396321115289	0.00452258792103369	0.00134330483782192	0.000327165934713075	4.6188131959493e-05	3.07920879729953e-05	3.84901099662442e-06	
0.0583669428618754	0.172446735156915	0.242670426311349	0.228040169646262	0.15656839972419	0.0860095763080752	0.036556381187909	0.0132165378140902	0.00445687387085466	0.00127504343237069	0.000342836451604205	2.6964664732915e-05	1.540837984738e-05	7.70418992369e-06	
0.0570879114526528	0.166207409519919	0.238448879862184	0.228081872381753	0.160607683918035	0.0890791862091823	0.039868658879207	0.0142787221988847	0.00480582093981355	0.00116773355634603	0.000319874208504029	2.31234367593274e-05	2.31234367593274e-05	
0.0528624681487535	0.1618178243623	0.237108195937689	0.226954346225459	0.162207170915427	0.0930808106118138	0.0427972815129776	0.0161752290784051	0.00510390927068837	0.00146101330331638	0.000362362138553404	4.62589964110729e-05	2.31294982055364e-05	
0.0500952658994177	0.156927521089104	0.233174812925431	0.22737819025522	0.164810005992532	0.0954618091301609	0.0461194511454956	0.0181350931915613	0.00570442986432292	0.00165178777216085	0.00044943992870423	5.37791367680275e-05	2.68895683840138e-05	1.15241007360059e-05	
0.0495637880895183	0.14977183645789	0.230178890945107	0.227937485871485	0.169017268397721	0.0976409690532841	0.0476020797173914	0.0191304880899014	0.00675486691417909	0.00168201167063223	0.00059770801963241	0.000103449464936379	1.53258466572413e-05	3.83146166431032e-06	
0.0457336293092579	0.146290303477208	0.22493915555165	0.228519139734004	0.172591916189399	0.102253059415511	0.0492601238666886	0.0206813814077705	0.00706445117734485	0.00181482655989119	0.000561641061692641	0.000267448124615543	1.91034374725388e-05	3.82068749450776e-06	
0.0439653366346062	0.13792210265689	0.222919721931245	0.230717074564327	0.174859537186935	0.106572707361204	0.0513055899438149	0.0209580039996191	0.00759546709837158	0.00220169507665937	0.000681839824778592	0.000236167984001524	5.3328254451957e-05	1.14274830968479e-05	
0.0406179363430875	0.133117478159936	0.217430814344187	0.230691398374977	0.17979870486896	0.109918137943674	0.0547567047467774	0.0217827906408455	0.00825111491233429	0.00255055287433563	0.000794184128535647	0.000244364347241737	3.43637363308693e-05	3.81819292565215e-06	7.63638585130429e-06	
0.03857200693601	0.129977618381954	0.21260627449183	0.2300188677804	0.1815737409385	0.112870576192986	0.0567752136948003	0.0243486032495359	0.0088495237222235	0.00317009265837095	0.000893736966335908	0.000240621490936591	9.54847186256312e-05	0	7.63877749005049e-06	
0.037627789969491	0.125748388527385	0.208761211490966	0.228362682652679	0.183310266781872	0.116209541141297	0.0599972473065659	0.0258714950948532	0.00926740122800713	0.00338351901270062	0.00116224833882598	0.000225567934180041	5.35245945511963e-05	7.6463706501709e-06	7.6463706501709e-06	3.82318532508545e-06	
0.0364095127833315	0.120940662417736	0.204233288587506	0.224499686522788	0.186540096235581	0.119513667991092	0.063803190159508	0.028105251416417	0.0107082277190783	0.00362710443214468	0.00127698692626939	0.000230780769807721	6.15415386153923e-05	3.46171154711582e-05	7.69269232692404e-06	7.69269232692404e-06	
0.0340587766847611	0.117938084044735	0.198312642103927	0.225315754444415	0.18735212535538	0.12230844102134	0.0665786952791681	0.0309195061804388	0.0113221483997799	0.0041664582796336	0.00125032219841267	0.0002846887467155	0.000126955792454209	5.38600331623918e-05	7.69429045177026e-06	3.84714522588513e-06	
0.0320492840954129	0.11316718036332	0.195501017773519	0.223025153820402	0.190383290813873	0.125661360391872	0.0684967350441163	0.0321185465655435	0.0129982568945017	0.00467136881880553	0.00134677025253866	0.000373247755703572	0.000142372855268373	6.54145551233064e-05	
0.0313470564208482	0.107766825681851	0.192482871829651	0.222146011390522	0.189642947971978	0.129642331434913	0.071938315466603	0.0340713795787511	0.0137834567691916	0.00505945729324815	0.00146427553041454	0.000470109512396248	0.000138720839723483	4.62402799078277e-05	
0.0294336303164057	0.104882121463352	0.186546627899283	0.221157027366815	0.190703612450714	0.131941444123978	0.0758455065254537	0.0367005686661451	0.0151722151511967	0.00541809222433704	0.00154524613007314	0.000467076915891124	0.000147907690032189	3.89230763242604e-05	
0.0275748970664423	0.102341470635208	0.182802986923445	0.217728333313857	0.19376049299039	0.133819467978607	0.0785099661497591	0.0382831033152981	0.0165277988773718	0.00578453484159723	0.00209567659581098	0.00056871521001562	0.000167498315278573	3.50577869187711e-05	
0.0254855270514911	0.097437762215888	0.18062349219755	0.214030724957283	0.196408253275621	0.137769644930851	0.0824350056499826	0.0388695342772128	0.0178492529901898	0.00591977415709689	0.00236165362674143	0.000621693587171998	0.000175951015237358	1.17300676824905e-05	
0.0237270271014327	0.093885561240743	0.175539885238745	0.215372030188739	0.19711169754628	0.140549107827599	0.0846354422713132	0.0417002599629523	0.0176114084800623	0.00647744300282774	0.00248164331195161	0.000684320025799652	0.000212375180420582	1.17986211344768e-05	
0.022769500230772	0.0893541146443548	0.172814668418167	0.213943360276453	0.196408635999637	0.144088490199095	0.085957624745066	0.0446119677944907	0.0191521004193344	0.00725452372217423	0.00254835362943151	0.000804743251399425	0.000248523651167469	4.33930184578121e-05	
0.0223397792452681	0.0859152484871437	0.165779071694005	0.210967517968867	0.198016521101091	0.146839767410669	0.089082976322911	0.0478196722604874	0.0211760436144445	0.00781478062597142	0.00308094077177369	0.000946767970839547	0.000193298460713074	1.97243327258239e-05	7.88973309032955e-06	
0.0214022314303012	0.0832619139350385	0.161059261064765	0.207846174410102	0.198847330224951	0.149768443895804	0.0928858416612283	0.0491181997594018	0.0226170164251512	0.00861357256866091	0.00314507442032347	0.00105753127383377	0.00035382087228639	2.3588058152426e-05	
0.0198094124340213	0.0807508138689592	0.158510856853883	0.204107272669806	0.198943550681121	0.152347577357059	0.0958587502765574	0.0518821707386453	0.0236061506368722	0.00907108315686336	0.00339770536363349	0.00133932804450204	0.000268655772938462	0.000102721324947059	3.9508201902715e-06	
0.0185586167569874	0.0776558879943216	0.155192145884924	0.202816890175577	0.198649774896022	0.154590007696203	0.0984476000207359	0.0542402890263306	0.0247355177790272	0.0098774588970902	0.00346129766761174	0.00137574619277195	0.000303062929422226	8.374107260351e-05	1.196301037193e-05	
0.017396628727849	0.0747130576766076	0.154056411980342	0.201624005506731	0.196697561990747	0.155405080920136	0.101566376922954	0.0564359922521571	0.0260369143094975	0.0107093118186621	0.0039379532247995	0.00106852999087547	0.000296146888856873	4.40218348300757e-05	1.2005954953657e-05	
0.0165574294620734	0.0713372232435457	0.149000879226281	0.199248661178163	0.198457357525378	0.155890816081848	0.10484373751099	0.0595036367996163	0.027507793142035	0.0118495723763088	0.00445607865078731	0.00101910318919351	0.000235792502597714	7.99296618975302e-05	1.19894492846295e-05	
0.0158086728749689	0.0665651590509172	0.143543553195079	0.198952248567778	0.200466827900399	0.158789782816555	0.107061073302426	0.0599644857259937	0.0289537751994665	0.0131330499690656	0.00511421615497722	0.00121728789863166	0.000357553211149232	7.23141325919796e-05	
0.0148237937797251	0.0635598851468083	0.139080288502197	0.193981886056935	0.203501975297704	0.162695264520754	0.109944143977255	0.0622470471212201	0.0290717107568149	0.0132773833446764	0.00567017159517874	0.00171152196587427	0.000326195951143095	0.000100677762698486	8.0542210158789e-06	
0.0146732577767061	0.0636886102403344	0.134113013423358	0.191081906599148	0.200132625994695	0.165392653323688	0.11222972429869	0.0651434772124427	0.0317498593360662	0.0140342416204485	0.00550196929507274	0.00171208102242585	0.000446105618519412	8.03793907242183e-05	8.03793907242183e-06	1.20569086086327e-05	
0.0140469251945812	0.0620523424305816	0.131327666195077	0.186148965928649	0.199063269608258	0.167438542183098	0.115753112693825	0.0675904988774552	0.0335876693390085	0.0149135217273889	0.00583642688142138	0.00166467147930044	0.000451436333369609	8.86749940547447e-05	3.22454523835435e-05	4.03068154794294e-06	
0.0127722816381241	0.0598483038458579	0.12895792922196	0.185254777456963	0.197792185177836	0.168752859994898	0.116724237773395	0.0692068145832405	0.0358830651856111	0.0158661380653678	0.00601358219169761	0.00208551840318133	0.000664126248780073	0.000141734260410381	3.64459526769552e-05	
0.0122061630315982	0.0564591115968744	0.125340532780868	0.18331267026639	0.19795761896217	0.169136718813722	0.120418100846642	0.0714629451395573	0.0368713397823853	0.0168879789889235	0.00667199556287826	0.00223487381935042	0.000746317352082348	0.000236537740004241	5.30170796561231e-05	4.07823689662485e-06	
0.0122807448734649	0.0543212000557099	0.121975897297253	0.180848100539894	0.196475532725441	0.170087087603739	0.122741907734657	0.074856014615643	0.0375304151203087	0.0176346253102957	0.00757408181155324	0.00258886949967639	0.00082335881239708	0.000204815624974398	2.04815624974398e-05	3.68668124953916e-05	
0.0109859478249463	0.0513429091445718	0.120333021791529	0.178435568235854	0.196230344171709	0.171233213635693	0.123153294964501	0.0774755275714497	0.0397953662255891	0.0181145162083723	0.0080303999212947	0.00357043304310755	0.000914129240657845	0.00024185482151934	6.96869824716743e-05	1.63969370521587e-05	5.73892796825553e-05	
0.0105839191654199	0.0487425959705683	0.115513106925458	0.174876514111209	0.195117952081326	0.175122461109631	0.126769281219897	0.0786087598122605	0.0412289151687811	0.0202209423869156	0.00787030394949888	0.00373429525937161	0.00111086060953864	0.000364821380992396	9.0180566088008e-05	2.049558320182e-05	2.4594699842184e-05	
0.00991408338605335	0.0482765657843717	0.111352829534091	0.170825085202343	0.194624599497969	0.176090283871758	0.130364686434971	0.0801412216077223	0.0434929899389808	0.020558764106855	0.00891818534315626	0.00347339850207139	0.00124895410297749	0.000559172261790576	0.000126528030040203	1.63261974245424e-05	1.63261974245424e-05	
0.00929155935187298	0.045345254784338	0.108438202979819	0.1683687607994	0.192901737684609	0.178577250350471	0.132441397972158	0.0831187037459655	0.0448725263260848	0.0216517784370619	0.00916115150132038	0.0039122355165781	0.00120627261761158	0.00053385713819972	0.000126332605222834	5.29781892869951e-05	
0.00935318300128926	0.0446617529008246	0.104502663650296	0.16532876012552	0.189354318194718	0.180982266656936	0.134508258532195	0.0859422510885694	0.0468429459891184	0.0227484654617399	0.00982753168405945	0.00384344060911236	0.0013825034258516	0.00050272851849149	0.000194604587803157	2.43255734753947e-05	
0.00899707524163689	0.0441711429242723	0.101771058665306	0.161234393862058	0.190656166703125	0.17732056485915	0.13755276312698	0.0883301331129637	0.0495467029628369	0.0235236451725283	0.0103946398334265	0.00399825000607637	0.00170948480502961	0.000599534955318442	0.000170138298130909	2.43054711615585e-05	
0.00820838084952914	0.0425086939527162	0.100305849831359	0.158912963761429	0.190436853494304	0.178851632609475	0.137479297713984	0.0892767195490025	0.0511804836376385	0.0253545077590758	0.0105818400151515	0.00424321307538251	0.00170050894379052	0.000749513420722837	0.000169244965969673	4.02964204689697e-05	
0.00779739683180305	0.0395197255574614	0.0973262032085561	0.155996367672283	0.189454141862577	0.178000201795984	0.142750479265463	0.0906507920492382	0.0538512763596004	0.0265724952073454	0.0116073050146302	0.00406820704267985	0.00150943396226415	0.000690142266168903	0.000153364948037534	5.24669559075774e-05	
0.00731587508656649	0.0380771770465929	0.0939105506434105	0.152018811099837	0.186528643442689	0.17966371937962	0.142947448100369	0.0960968578376898	0.0555032130260424	0.0284018617835113	0.0122723099966179	0.00467861686878936	0.00169509268654072	0.000607978612037171	0.000197291072780274	8.45533169058318e-05	
0.00632385155338098	0.0363241713435986	0.0906005660286852	0.150253433747462	0.184462992277066	0.179590188836124	0.144045506147967	0.0988351641323292	0.0578940215218816	0.0293327577109416	0.0135431157160902	0.00568027374042628	0.002058649525911	0.00070753585647815	0.000287811195855519	5.1965910362802e-05	7.99475544043108e-06	
0.00613945972754398	0.0336410395885162	0.0873523129964563	0.146631096463511	0.183103886857957	0.181492028701474	0.145719176712449	0.100667141291566	0.0599867211685372	0.031121261329003	0.0143427378390702	0.00594747662205726	0.00259177192407068	0.000851925030597307	0.000279975362168129	0.000119989440929198	1.19989440929198e-05	
0.00567679828576683	0.0322658020876226	0.0844363778828741	0.143958807232721	0.179114979151758	0.180186374884565	0.150111337205816	0.102778033189281	0.0629564925382085	0.0327735157371243	0.0153953170411888	0.00656829548134852	0.00243862461571674	0.000907488176668359	0.000351801583906677	5.59684338033349e-05	2.39864716300007e-05	
0.00592431289979105	0.0308504591342497	0.0800382678590014	0.14157506664852	0.178882226260718	0.178309809541346	0.150837809925626	0.107978608426935	0.0636343257891745	0.0348173470286368	0.0164359653827987	0.00700910262671225	0.00248180675531787	0.000772562425445725	0.000296215644989552	0.000140101994251815	1.60116564859218e-05	
0.00569254625947084	0.0302906131237898	0.0784060870473482	0.136572902354955	0.178746756011923	0.178039707217522	0.152296703384996	0.108676613557661	0.0677762511951535	0.0350953310675633	0.0167803568989483	0.00707450526671005	0.00294871485846972	0.00114895429090237	0.00024103936172777	0.000156675585123051	5.62425177364797e-05	
