# <P(N_2)> as a function of N_tot.
# number_of_species: 2
# species_total_upper_bound: 100
# species_total_lower_bound: 0
# volume: 512
# Bin widths for each species index 
1	1	1	1	1	1	1	1	1	1	1	1	1	1	1	1	1	1	1	1	1	1	1	1	1	1	1	1	1	1	1	1	1	1	1	1	1	1	1	1	1	1	1	1	1	1	1	1	1	1	1	1	1	1	1	1	1	1	1	1	1	1	1	1	1	1	1	1	1	1	1	1	1	1	1	1	1	1	1	1	1	1	1	1	1	1	1	1	1	1	1	1	1	1	1	1	1	1	1	1	1	
# Bin lower bound for each species index 
0	0	0	0	0	0	0	0	0	0	0	0	0	0	0	0	0	0	0	0	0	0	0	0	0	0	0	0	0	0	0	0	0	0	0	0	0	0	0	0	0	0	0	0	0	0	0	0	0	0	0	0	0	0	0	0	0	0	0	0	0	0	0	0	0	0	0	0	0	0	0	0	0	0	0	0	0	0	0	0	0	0	0	0	0	0	0	0	0	0	0	0	0	0	0	0	0	0	0	0	0	
# Bin upper bound for each species index 
0	1	2	3	4	4	5	5	6	5	6	6	6	6	7	7	7	7	8	8	8	9	9	9	9	9	9	9	8	9	9	10	10	10	10	10	11	11	11	10	10	10	11	11	11	11	11	11	11	12	13	13	13	13	13	13	13	12	13	13	13	13	14	14	15	15	15	13	13	13	14	14	14	14	14	14	14	15	15	16	16	16	16	16	15	16	16	16	16	16	17	18	16	16	16	16	16	16	16	17	17	
# Normalized histogram for each species index 
1	
0.949636942279738	0.0503630577202622	
0.902193535623315	0.0952404504596804	0.00256601391700435	
0.857625438301099	0.135203967493306	0.0070669797080426	0.000103614497552107	
0.814248148108824	0.172000844691245	0.0132767531767351	0.000473074286819867	1.17973637610939e-06	
0.773924824200766	0.203308955057564	0.0214771241063417	0.00122458315494379	6.45134803849695e-05	
0.735528135180107	0.231708031592022	0.0305537978391807	0.00207879256603155	0.000126555578991774	4.687243666362e-06	
0.699357877767824	0.256683342980626	0.0401335200955258	0.00362800822348531	0.000185509805602161	1.17411269368457e-05	
0.662787576551695	0.280053824582718	0.0513817566215303	0.00550018483069744	0.000262530226293991	1.29499214763852e-05	1.17726558876229e-06	
0.627598432236087	0.299753684151093	0.0643232548510342	0.00774118720945552	0.000563444563642181	1.99969886887622e-05	
0.596444801579774	0.315516495842607	0.0760054151560745	0.0110176510994676	0.000947298843329261	5.77333872178281e-05	1.06040915298052e-05	
0.569508743496694	0.327530564070042	0.0872353169150548	0.014085896487334	0.00155139813738271	7.75111862734736e-05	1.056970721911e-05	
0.540861363732201	0.339589512203121	0.0992988300558968	0.0177939736399458	0.00231927245126014	0.000119477671731583	1.75702458428798e-05	
0.513087052545799	0.350889910219791	0.110750358641477	0.0219838164129773	0.00301878497996635	0.000258385546310056	1.1691653679188e-05	
0.487418205468331	0.35909349316751	0.122996516494597	0.0260210133280929	0.00404030478917657	0.000407071820102329	2.22251855802996e-05	1.16974660948945e-06	
0.462162931573593	0.365145794636773	0.136048937341908	0.0309066895656963	0.00505427630043776	0.000665036355320758	1.28340349272427e-05	3.50019134379346e-06	
0.438673721241643	0.370596139579805	0.147118448740021	0.0363203299600147	0.00640603931339203	0.000825833181697297	5.83215523797526e-05	1.16643104759505e-06	
0.417216475267642	0.373834508679073	0.158008176351958	0.0418569103455668	0.00795033139973134	0.00102175273117884	0.000110680170424161	1.16505442551749e-06	
0.396740886406375	0.375909151133519	0.169159641011694	0.0471677719434043	0.00936521551153044	0.00145743115555463	0.000183631676696675	1.16222580187769e-05	4.64890320751077e-06	
0.375756537362642	0.376792652036805	0.18011493348028	0.0538455482956782	0.0112398182921126	0.00197845807613764	0.000240795365615348	2.19957305129404e-05	9.26136021597492e-06	
0.355260569622157	0.376821002011057	0.19029369768416	0.0613696480765359	0.0134560332877432	0.00232926262002124	0.000432759175304494	2.6613532171132e-05	1.04139908495734e-05	
0.339167146421032	0.374406122247228	0.199040491268471	0.0673877520164221	0.0165721695946221	0.00292621087094317	0.000464053313794246	2.79129812808569e-05	4.65216354680949e-06	3.48912266010712e-06	
0.321780450638036	0.374577454139379	0.207351658194423	0.0732757918736259	0.0188118696709202	0.00355252596926728	0.000574639105703351	6.51412751404609e-05	4.65294822431863e-06	5.81618528039829e-06	
0.305847511555863	0.371548683808738	0.215388936674102	0.080315289170472	0.0216280538830731	0.00446034176917178	0.00071095073927222	8.15845110640252e-05	1.6316902212805e-05	2.33098603040072e-06	
0.290418474608419	0.367803845442348	0.224322153560113	0.0868830654886653	0.0243038887627005	0.00520897972373323	0.000912069050300784	0.000125277777127322	1.87331255517491e-05	3.51246104095295e-06	
0.275013388649699	0.364384087034408	0.232043423658972	0.0943180675442761	0.0265796852673403	0.00631546698908562	0.00117516095612499	0.000167211956941167	2.33862876840793e-06	1.16931438420397e-06	
0.260918174667454	0.360126459666182	0.238564829834958	0.100878308829536	0.0307116332156186	0.00725660948984331	0.00134908983117705	0.000170386777986028	1.86725236149072e-05	5.8351636296585e-06	
0.248104921752931	0.355172886696181	0.244184070207272	0.1078157985116	0.0342585136397575	0.00863173416509305	0.00156951277119223	0.000240291350331895	1.87544468551723e-05	3.51645878534481e-06	
0.237619916108603	0.348170421123544	0.249759991737613	0.113930572475453	0.0384600037086851	0.0098268419607208	0.00192241336816681	0.000279325019306288	3.05144979074096e-05	
0.225685233013716	0.343978028582018	0.253123783311684	0.120466319729029	0.0425386388056491	0.0115048293391855	0.0022588750287913	0.000383494311306184	5.96286886482176e-05	1.16918997349446e-06	
0.213606041740988	0.338351018809326	0.258551866126659	0.127523124022169	0.0454436291482759	0.0130851537598832	0.00289939214191283	0.0004581669126545	6.76175087378143e-05	1.39898293940305e-05	
0.202442047098453	0.333002928220169	0.261955734256449	0.134291624638049	0.0495060230017867	0.0144943404050122	0.00349662567469035	0.000673234390396742	0.000122300365037471	1.28124191944017e-05	2.32953076261849e-06	
0.193048652220857	0.326181401020142	0.264842557429539	0.141381845936185	0.0532433262593544	0.0161782363453591	0.00406055698276183	0.000856323764846048	0.000178012956550877	2.6760117651439e-05	2.32696675229904e-06	
0.1826273059297	0.318081047758625	0.269239537534604	0.148312280456882	0.0581059390048154	0.0176448693791146	0.00471886849512643	0.00103054411798916	0.000189592202293717	3.83836973968874e-05	1.16314234536023e-05	
0.172227417853953	0.312610925441778	0.270828328812745	0.154930628598882	0.0629718339750781	0.0195205455491057	0.00539322121652413	0.00118126120915437	0.000236718682584735	8.39593356950784e-05	1.51593245005003e-05	
0.164812674395526	0.303214131437311	0.27464303643772	0.15971769815418	0.0680676683828938	0.0218579617760032	0.00598577983258029	0.00138465669620445	0.000226495277456715	7.58875929623014e-05	1.4010017162271e-05	
0.157037365665151	0.296836673340844	0.274808384946324	0.165905654760167	0.0722445667719358	0.0246855061381029	0.00658233463898148	0.00153525541863438	0.000301213610652221	4.55322899823125e-05	1.63449246090352e-05	1.16749461493109e-06	
0.148524080061298	0.289398746005345	0.276786381730176	0.171506195219496	0.0770594666317816	0.027311994243959	0.00741113644433647	0.0016574314601282	0.000288502868676297	4.20490011026183e-05	8.17619465884244e-06	5.84013904203031e-06	
0.14128581950826	0.282472262167818	0.277442624484117	0.176192814469269	0.0818724936574188	0.0299182771561853	0.00846573836998585	0.00189400582231419	0.00038464686144529	5.61186910315317e-05	9.35311517192195e-06	5.84569698245122e-06	
0.133801749801265	0.276945797189967	0.276528511783068	0.181530808018407	0.0868478167114646	0.0318349135006982	0.0096476852315934	0.00233586579728322	0.000451087856062178	6.99361017150663e-05	5.82800847625553e-06	
0.127321714002527	0.269342090874614	0.276294145430094	0.186480487481416	0.0916284513065349	0.0349661820237738	0.0104967182486779	0.00273265999846441	0.00061191109373873	0.00011865956570599	6.9799744532935e-06	
0.120524687937148	0.261052432626041	0.27738155378658	0.191212655418909	0.0967613598578494	0.03765638143595	0.0116168233349162	0.00304508475485901	0.000585682968175948	0.000140003896775127	2.33339827958545e-05	
0.114544862616878	0.255275775598816	0.275746426708581	0.194385419547412	0.101522433933929	0.0409214651865906	0.0131682892192727	0.00352282367328173	0.000737470871650896	0.000147027420613945	2.45045701023241e-05	3.50065287176058e-06	
0.108585679488894	0.24839465407891	0.275481196844535	0.198658287747284	0.105166289770316	0.0436626186642173	0.0147762747138398	0.00415535493172266	0.000915015201809102	0.000163935379231364	2.79038943372534e-05	1.27892849045745e-05	
0.103484377022022	0.24118296506063	0.27433275468293	0.202679590506714	0.109711183886082	0.0464556399760767	0.0162123153438734	0.00460977239103088	0.00106092384315582	0.000229672524287578	3.14779601815462e-05	9.32680301675444e-06	
0.0990285103708654	0.234838102616737	0.272635029568348	0.20586662235023	0.113582714717231	0.0501403808950906	0.0173840584883336	0.00492006071663891	0.00130257554177429	0.000245768970146092	5.26647793170197e-05	3.51098528780132e-06	
0.0940936772502644	0.228545481708386	0.270230528803455	0.209322788555081	0.118491122694212	0.0527944721082146	0.019177991951431	0.00552295112629384	0.00141396959612464	0.000330553624385211	6.9404497646717e-05	7.0580845064458e-06	
0.0883481929769769	0.221185746527675	0.269567881955698	0.211896357668578	0.122995421304781	0.0567640351445795	0.0208404292305788	0.00630528170466532	0.00163819468588501	0.000367709886328146	8.36775702862126e-05	7.07134396784896e-06	
0.083384866052373	0.213681257027861	0.266414895340299	0.215964461933382	0.128010821279801	0.0602548534362175	0.0225376326795083	0.00720906282183316	0.00198287655440614	0.000446945341422492	9.93211869827761e-05	1.30063459144111e-05	
0.0796833150448952	0.207864028411974	0.263436102556842	0.217667811168926	0.131961110521161	0.0639776763064434	0.0242823262893349	0.0082014795936427	0.00234799948084434	0.00048375868700813	8.14130473257584e-05	1.17989923660519e-05	1.17989923660519e-06	
0.0755870625765024	0.201926480046751	0.26102370120746	0.219312304003819	0.136017675078163	0.0671904597848466	0.0267289699845849	0.00885635236335972	0.00264209024966401	0.000570277601729881	0.000123462161199253	1.2934131173255e-05	7.05498063995729e-06	1.17583010665955e-06	
0.0720331086930369	0.194959392551252	0.25815864149626	0.222032990750984	0.141103513021982	0.0696436027051189	0.0287648872356034	0.00965945411700323	0.00281291795714929	0.000656937233598388	0.000140351042725688	2.24089900150258e-05	9.43536421685298e-06	2.35884105421324e-06	
0.0685499396467623	0.188341077287577	0.255477263010197	0.223781774030864	0.145355635291644	0.0724687663136809	0.0308958971609176	0.0107679152267321	0.0032881294275773	0.000792505332580591	0.000227948627702018	4.13378340392261e-05	7.0864858352959e-06	4.72432389019726e-06	
0.0654721280891712	0.182084282863586	0.250854282037052	0.2252281824515	0.149324013177315	0.0773907499025871	0.0327921502875158	0.011859583662963	0.00369814974436481	0.0010437945000059	0.00019954894853054	4.01459423079194e-05	1.06268670815081e-05	2.3615260181129e-06	
0.0622064197015647	0.17696030426834	0.247214469818582	0.225680703193727	0.153974196944512	0.0808675157030633	0.0349842198737116	0.0125553371445915	0.00408552330502949	0.00118558424405963	0.000232374511835688	4.03098642980274e-05	9.48467395247704e-06	3.55675273217889e-06	
0.0589014536118917	0.171044879508393	0.243512425269257	0.227947958956561	0.156881298479022	0.084896980776807	0.0371252453334571	0.013649407331498	0.00451449267600035	0.00118664624254478	0.000291603138839991	3.09456392238358e-05	1.3092385825469e-05	3.57065067967336e-06	
0.0559084224901628	0.164927224670443	0.238893033254763	0.228916366167039	0.161135328507861	0.0888664589981863	0.0398411264624779	0.0146766163225519	0.00510154226021798	0.001348971230686	0.000324134429988155	4.88584986379204e-05	1.07250362863728e-05	1.19167069848586e-06	
0.0530547045430162	0.160281092421949	0.236292870170587	0.227848176713913	0.163356658361844	0.0923969148974215	0.0427944735179468	0.0163303014769869	0.00545972558322505	0.0017165949431974	0.000369544744716106	7.51010287648861e-05	2.38415964332972e-05	
0.0506628889765568	0.154205071190331	0.232110365933843	0.229182656098698	0.166178914272735	0.0958457363507035	0.0451338330404428	0.0181771449748353	0.00600007172829323	0.00187330392473311	0.0005188346543294	7.53147078865258e-05	3.22777319513682e-05	3.58641466126314e-06	
0.0485562481135646	0.147805506714512	0.22937617078768	0.22964566155792	0.169865422298026	0.0985114527588668	0.0474567257709832	0.019294341412467	0.00670732583709822	0.0020577117478812	0.000574913643179847	0.000123366885932342	2.39547351324936e-05	1.19773675662468e-06	
0.0455008367200574	0.143845326320822	0.224765718383935	0.229757351183361	0.173051637580684	0.102583074348554	0.0497179058092278	0.0206825245039445	0.00729978484341382	0.00202127659574468	0.000574946210853454	0.000169734640210375	2.74922304566101e-05	2.3906287353574e-06	
0.0436215180235764	0.13763100298583	0.220358299580647	0.231028285427193	0.175634100993129	0.106921826630929	0.0523045307760055	0.0218781848254924	0.007587492451889	0.00220416775065099	0.000633683311096738	0.000159912549316314	3.10278080762998e-05	5.96688616851919e-06	
0.040902434046332	0.133537752007286	0.215711433083121	0.229494773955836	0.180100092740352	0.110269114120763	0.0551262020737077	0.0229857619091383	0.00849224716915148	0.00251246384976302	0.000642140404357484	0.000187390415398002	3.1032807645529e-05	4.77427809931215e-06	2.38713904965607e-06	
0.0387354549779477	0.129081220810098	0.211660102850997	0.228495902533597	0.182041257247919	0.114072081546318	0.0576328054857045	0.0248137271384268	0.00938369288258222	0.00307861436122329	0.000767865084673818	0.000175273551936415	5.60398431361327e-05	2.38467417600565e-06	3.57701126400847e-06	
0.0371385116421218	0.124542767367677	0.207784176646993	0.228075516207285	0.18331924627051	0.117424025366264	0.0606400301797414	0.0263046052757244	0.0100137527935362	0.00343939220293011	0.00101235841308043	0.000254283422153458	4.41712986839341e-05	3.58145665004871e-06	2.38763776669914e-06	1.19381888334957e-06	
0.035220441122141	0.120731637103391	0.203560787437087	0.224910398564458	0.186281024646992	0.120492939838693	0.0642863311630674	0.0283533966980612	0.0108217423221046	0.00375438411307773	0.00122107444955691	0.000291474549353958	4.91788334300917e-05	2.03912236173551e-05	2.39896748439472e-06	2.39896748439472e-06	
0.033206966439462	0.117211985957814	0.198492706237123	0.22520833757819	0.187273099912146	0.123824374387992	0.066797468187544	0.0306109118192398	0.0116390980687799	0.00407266555840943	0.00118416526536448	0.000347578873436944	0.000103075114191645	2.39709567887547e-05	2.39709567887547e-06	1.19854783943774e-06	
0.0317569360958017	0.112464375231944	0.195179892318021	0.224239374421266	0.189648069927231	0.126432046618154	0.0690565036144202	0.0321592722879238	0.0127270347102038	0.00448334628415504	0.0013211039144309	0.000389125152977828	0.000109291323830193	3.36280996400592e-05	
0.0305693197378776	0.109090537168105	0.192275666556767	0.222165133287288	0.190041176229932	0.129679855413916	0.071775631661657	0.0335943648007008	0.0137919914519013	0.00498759418671531	0.00147762742129949	0.00040911508407315	0.000109498448972519	3.24885507940442e-05	
0.0288488009852931	0.105713733729383	0.18767296964428	0.221128257142167	0.190794271776667	0.132611268081818	0.0750778816199377	0.0356444251249728	0.0149448187592069	0.00529715762273902	0.00163611775217948	0.000468497186601946	0.000120746697577821	4.10538771764592e-05	
0.0277880413779903	0.102483091307545	0.183408584031023	0.218783882499882	0.19236234694953	0.135072074702319	0.077946558476879	0.0371609629989473	0.0162878287700357	0.00597967443725521	0.00196011208255246	0.000564531662836493	0.000156275932416111	4.36118881161239e-05	2.422882673118e-06	
0.0259229210895788	0.0984558469886952	0.18069650847013	0.216064826735199	0.194607731210012	0.137562487551071	0.0808075164811675	0.0391855849903566	0.0173301237362819	0.00630097988253069	0.00223716363601032	0.000625482775540344	0.000170034152574074	3.15777711923281e-05	1.21452966124339e-06	
0.0240629236537733	0.0947970736592694	0.176370653541288	0.216241435323717	0.196268793434054	0.139465295504232	0.0830648411641853	0.0416808139037825	0.0177632302111704	0.00690181613884241	0.00250497697766161	0.000681510069983023	0.000161217435909963	2.56482284402213e-05	9.77075369151288e-06	
0.0230945409782198	0.0902276104580164	0.173292431130794	0.213984973099691	0.19666774562165	0.143599099563023	0.0850890873512146	0.0438411287830859	0.0190533641325938	0.00745950240557918	0.0026238223451577	0.000834964026659997	0.000186364951618678	3.67825562405285e-05	8.58259645612331e-06	
0.0223447258433492	0.0864638944470244	0.16731097472066	0.211549512878605	0.198058866271055	0.146274878357498	0.0895443200211733	0.0463203373029244	0.02027517978339	0.00786525527464677	0.00291255830936834	0.000844237557911143	0.000186246892311312	4.28857975716836e-05	6.12654251024052e-06	
0.0213562821037459	0.0840765420486542	0.163185058053956	0.209477972478577	0.198353356501982	0.148609575696128	0.092014145498299	0.0484403916275263	0.0217032010603016	0.00859845963097107	0.00291338630769513	0.000962577949879983	0.000239422941848321	6.71850091921308e-05	2.44309124335021e-06	
0.0202982008913016	0.0813089539738723	0.159211644384128	0.207053386395731	0.199326327629737	0.150429450853094	0.0942884564833324	0.0509399013332844	0.0231909573850264	0.00922234244808382	0.0032803320679052	0.00109670438498359	0.000224965002047915	0.000107591957501177	2.07848099718182e-05	
0.0192003531099423	0.0771851742867302	0.155825701009061	0.20478905359179	0.20030897119947	0.153537842841554	0.0966307426343473	0.0529922389377276	0.0243731685486936	0.00999129485906254	0.00357278601292284	0.00122117188362085	0.000243989161486495	8.58253331862042e-05	3.92344380279791e-05	2.45215237674869e-06	
0.0179162147007476	0.0745762130846888	0.152236404905963	0.202979424634122	0.199585701308273	0.156743005036716	0.0991403057289282	0.0548370351688659	0.0258716310684842	0.0105239703134909	0.00390669954285127	0.00124142693088411	0.000306071728521723	9.54943792987774e-05	2.57100251958247e-05	1.46914429690427e-05	
0.017173125856332	0.0716480720297514	0.147608387159914	0.200094196515952	0.200559062438833	0.157414611469955	0.103501174398121	0.0570989919749462	0.027361029555686	0.0116204247406537	0.00423272656097084	0.00123923468389117	0.000309502838128792	9.78665100802505e-05	2.93599530240752e-05	9.78665100802505e-06	2.44666275200626e-06	
0.0161537301557138	0.0682070904282774	0.142992878186212	0.198097743798603	0.200145157988042	0.160442486664223	0.106572199548098	0.0593345536085369	0.0288182742137378	0.012544396399003	0.00474828452436852	0.00140744400567391	0.00041193483092895	8.58197564435312e-05	2.32939338918156e-05	7.35597912373125e-06	7.35597912373125e-06	
0.0152685782606512	0.0662242731683892	0.139189800040915	0.194878950211744	0.200450315257431	0.162389120892986	0.109578754331957	0.0617627710803524	0.0296637213239465	0.013162778675441	0.00517813545473143	0.00158639352114436	0.000513280992555588	0.000116376358693988	1.59251859265457e-05	1.59251859265457e-05	4.90005720816791e-06	
0.0151343138238396	0.0637681762240431	0.135625276787528	0.191626275057682	0.19994519301113	0.16439038235215	0.111811150775494	0.0640373176872429	0.0318259780233762	0.0138032869512878	0.00549048584927589	0.00179590758171502	0.00053338944525051	0.0001822821728035	2.20206651708926e-05	7.34022172363086e-06	1.22337028727181e-06	
0.0143935657464877	0.061701883493913	0.13182626148189	0.188045405046416	0.199295337900859	0.167525722852441	0.114456316321498	0.0663886433667515	0.0332578047553704	0.0145522734264744	0.0057415555305964	0.00192646706937723	0.000620180780255788	0.000227074065211765	3.29623643049336e-05	2.44165661518027e-06	6.10414153795067e-06	
0.0130893403874737	0.0598744350001768	0.129353409751833	0.186221015371897	0.198538529726276	0.168052011076252	0.116871287949637	0.0683645213642178	0.0349601832873449	0.0155304078728694	0.00591733292039218	0.00229718838285985	0.00069500922411365	0.000185335793096973	4.51146338459738e-05	4.87725771307824e-06	
0.0123040908264282	0.0562270465421977	0.126029968717999	0.183905941627274	0.199600644924273	0.169170569288472	0.119083973192436	0.0714372022687079	0.0360810964200844	0.0165124536048753	0.00647243266070319	0.00216398700875481	0.000738416322784354	0.000190401564222081	6.71287566167595e-05	1.22052284757745e-05	2.44104569515489e-06	
0.0119708618506762	0.0537930359578463	0.121697645828364	0.180714019217478	0.1983045560469	0.171866150449244	0.122142913937259	0.0739989112950085	0.0376655229147935	0.0173642329828682	0.00702887514755622	0.00239392771732815	0.000798791415132999	0.000178596549172156	4.77072973816033e-05	3.30281289564946e-05	1.22326403542573e-06	
0.011036970729312	0.0520426294269421	0.118273025731706	0.178560626191651	0.196447792667082	0.172719468932268	0.124581965396348	0.0760464794475759	0.0399121254832425	0.0184565874661256	0.0077331044220132	0.00292792599731331	0.000942912178139377	0.00022287015119658	4.40842057311917e-05	2.93894704874611e-05	2.20421028655958e-05	
0.0105584796181403	0.0492210395287522	0.115524567026375	0.175353092808766	0.196390416262362	0.173735873837318	0.127151391298382	0.0781190273162986	0.0416948454820783	0.0195511972321052	0.00805791604183206	0.00324056377233477	0.000965430719319396	0.000303841140090368	9.43377733345095e-05	2.69536495241456e-05	1.10264929871505e-05	
0.0099617571388511	0.0481103275317986	0.111651276047821	0.172226351694723	0.195271257361108	0.174266460778107	0.129719589088233	0.0805634913540275	0.044009291925405	0.0205161990294175	0.00867474954783297	0.00336017966674953	0.00114373462417786	0.000379612134363103	0.000110209974492514	2.20419948985027e-05	1.34701079935294e-05	
0.00955287411856083	0.0460091369999572	0.109155958926311	0.169034499208004	0.193497685171028	0.176331867580774	0.130887830176563	0.0834708368244338	0.0453486309789555	0.0218015913302469	0.00938774761331042	0.0037391979744482	0.00119747295289002	0.000424436276458465	0.000111307496131759	3.66947789445358e-05	6.11579649075597e-06	6.11579649075597e-06	
0.00928319609622188	0.0443717723431095	0.106309813542329	0.16665791507866	0.19112247053666	0.177413820263549	0.133046932527699	0.0856015210667005	0.0473013155468501	0.0227439525509251	0.0102820982807404	0.00392844538825911	0.00134815160355551	0.000401758947074059	0.000144095914148143	3.29710989999988e-05	7.32691088888862e-06	1.22115181481477e-06	1.22115181481477e-06	
0.00877592804738343	0.043253223486972	0.103208862456431	0.162729422087893	0.191659151290614	0.17697613766544	0.136005557315914	0.0873692933921564	0.0488227264971848	0.0239683622979989	0.0109281692543934	0.00412533209837424	0.00151729348965316	0.00047042191727399	0.000160869671192142	2.31554829746265e-05	6.09354815121749e-06	
0.00807380933238806	0.0419282614998185	0.100231933207134	0.159739123867437	0.190349678290126	0.178675057191513	0.137078128844744	0.0895586203872213	0.0510009428377223	0.025353076891218	0.0112105110570258	0.00450710539074167	0.00158723197949632	0.000517708051639246	0.000159575893564097	2.43627318418469e-05	4.87254636836938e-06	
0.00787281846171064	0.0395927835741282	0.0973105663879796	0.157080488377496	0.188355235387784	0.178918071354108	0.14072784644598	0.0909108602805847	0.0531622041458807	0.027130326043191	0.0118931622528036	0.00471979845974	0.00157286067227933	0.000538884205583716	0.00015570469145534	4.98741589817886e-05	8.51510031396391e-06	
0.00749741342879765	0.037717794152649	0.0936593789314668	0.153582826138699	0.186694580586872	0.179948851465238	0.142772658606603	0.0948117996220934	0.0546325125928373	0.0282847025564553	0.01256247844524	0.00526543320817405	0.00176202573456193	0.000550101762754346	0.000176081138188477	7.52898659840386e-05	6.07176338580956e-06	
0.0068860707949158	0.0359997770086191	0.0902181922185703	0.149949584557362	0.185342194816905	0.179026933480702	0.144939549945222	0.098520985427998	0.0575366239104932	0.0294215312721174	0.0134679522604539	0.00572627323230854	0.00202631298294601	0.000643524039440389	0.000209660374431614	7.15026710489321e-05	1.333100646675e-05	
0.00665069822668179	0.0346558632077238	0.0881972452629176	0.147217662399155	0.183395479796058	0.179556773118907	0.145094173935206	0.101127816370188	0.0597560283276743	0.0309222438436349	0.0140780762499049	0.00591629493539546	0.00242546350148511	0.000711453188433631	0.000201719325073712	8.33451103597972e-05	9.66320120113591e-06	
0.00652981139716029	0.0327201641973984	0.0853021393629035	0.143779987056077	0.181047397174754	0.179513168694026	0.147683652452054	0.1035730771224	0.0623019694287198	0.0326828027811356	0.0149722862655818	0.00625502420658212	0.0024574170245127	0.000813514708948541	0.000280813225459274	7.11072115969836e-05	1.56676906908608e-05	
0.00635808137382634	0.0316654086719903	0.0821658822228526	0.140249179098378	0.178575549391115	0.179593563554372	0.148598818286275	0.106094623635236	0.0648139690292928	0.0347615178627231	0.0164168305264828	0.00690014086335293	0.00254924207823926	0.000870179757022735	0.000259611640216728	0.000104565799531738	2.1634303351394e-05	1.20190574174411e-06	
0.0060664930975586	0.0307068066293288	0.0811983249738503	0.136230083787418	0.17669022247419	0.180520298076657	0.149670254804747	0.10718554441359	0.0670323413894917	0.0358849918090306	0.0174255199550309	0.00713053672816213	0.00285751083603256	0.000982194120557106	0.000255177884262385	0.000125181603600416	3.37027394308811e-05	4.81467706155444e-06	
