# <P(N_2)> as a function of N_tot.
# number_of_species: 2
# species_total_upper_bound: 100
# species_total_lower_bound: 0
# volume: 512
# Bin widths for each species index 
1	1	1	1	1	1	1	1	1	1	1	1	1	1	1	1	1	1	1	1	1	1	1	1	1	1	1	1	1	1	1	1	1	1	1	1	1	1	1	1	1	1	1	1	1	1	1	1	1	1	1	1	1	1	1	1	1	1	1	1	1	1	1	1	1	1	1	1	1	1	1	1	1	1	1	1	1	1	1	1	1	1	1	1	1	1	1	1	1	1	1	1	1	1	1	1	1	1	1	1	1	
# Bin lower bound for each species index 
0	0	0	0	0	0	0	0	0	0	0	0	0	0	0	0	0	0	0	0	0	0	0	0	0	0	0	0	0	0	0	0	0	0	0	0	0	0	0	0	0	0	0	0	0	0	0	0	0	0	0	0	0	0	0	0	0	0	0	0	0	0	0	0	0	0	0	0	0	0	0	0	0	0	0	0	0	0	0	0	0	0	0	0	0	0	0	0	0	0	0	0	0	0	0	0	0	0	0	0	0	
# Bin upper bound for each species index 
0	1	2	3	3	4	4	5	6	5	6	6	6	6	6	6	6	6	8	8	8	7	7	8	8	7	8	8	8	8	8	9	10	10	10	10	11	11	11	10	10	10	10	10	10	10	11	11	11	12	13	13	12	12	13	13	12	12	13	13	13	13	14	14	15	15	15	13	13	13	14	14	14	14	14	14	14	15	15	16	16	16	16	16	14	15	15	16	16	16	17	18	15	15	15	16	16	16	16	16	16	
# Normalized histogram for each species index 
1	
0.949200007876307	0.050799992123693	
0.90235027334892	0.0950634591382917	0.00258626751278851	
0.858096784158051	0.134851103823125	0.00693381004646639	0.000118301972356772	
0.815623417811687	0.170910310333566	0.0129643551466189	0.000501916708127763	
0.77621258343564	0.201263882316769	0.021250057241047	0.00120587805585418	6.75989506898364e-05	
0.737818717823849	0.229876860999026	0.0300781793516071	0.00206970919716154	0.000156532628356755	
0.700273860563861	0.255980231574231	0.0398653101976625	0.00369570371723842	0.000169667386665449	1.5226560341771e-05	
0.662816321429276	0.280147698892478	0.0513920225933698	0.00537645018341764	0.000247772785777404	1.75414361612321e-05	2.19267952015401e-06	
0.628685410003225	0.298948519735409	0.064008261941905	0.00769327976434292	0.000636204387195733	2.83241679230977e-05	
0.596686860374517	0.315641223178408	0.0758599105290343	0.0108118045645951	0.000910467752808005	7.00359809852312e-05	1.96976196520963e-05	
0.570659462103971	0.327033709141262	0.0868457032529736	0.0139213467931105	0.0014349427114957	9.39155808132653e-05	1.09204163736355e-05	
0.540819775441626	0.340830242330278	0.0980921914830055	0.0178482257533434	0.00228745129080724	0.000100307682914331	2.18060180248545e-05	
0.513711408931138	0.350206915658061	0.110974754558205	0.0219122816130764	0.00295655636936609	0.000233754090696587	4.32877945734421e-06	
0.486829655735143	0.359412162983282	0.123448377632333	0.0259913022343362	0.00396260481588861	0.000349386295376816	6.5103036405618e-06	
0.462070505206392	0.365483487805512	0.136395755121858	0.0305967625868093	0.00489643572425632	0.000546215937367239	1.08376178049055e-05	
0.438075888700046	0.371833358295293	0.146843614405005	0.0363033724693456	0.00612978916911402	0.000766223646139253	4.77533150568373e-05	
0.418191958736589	0.374049101902553	0.157552384514115	0.04143418888041	0.00779309495037712	0.000858213230318922	0.000121057785636926	
0.395567414037957	0.376272754658519	0.170486723759521	0.0468864311227783	0.00926324396436717	0.00133192752937126	0.000178594482936696	6.45522227482033e-06	6.45522227482033e-06	
0.374365482233503	0.377778158869529	0.180766823295377	0.0537582315818356	0.0112219611743723	0.0018842605295651	0.000203645904788037	8.57456441212786e-06	1.28618466181918e-05	
0.35455889875035	0.377073564315539	0.191357535885423	0.0608645032327379	0.0134938180977676	0.00225788708852416	0.000361689969630884	2.35419506860338e-05	8.56070934037594e-06	
0.33976042520332	0.374612556919986	0.199166715063443	0.0666713987958882	0.0164054316239592	0.00297478850608831	0.000393627112519278	1.50567747958194e-05	
0.32101258426387	0.37633565484144	0.207921770475744	0.0720190246228802	0.0185734969989388	0.00359611773955858	0.000511275998814183	3.00750587537755e-05	
0.305980621162859	0.372257189703301	0.215187180484492	0.0797480622237312	0.0215492325181099	0.00451914997861838	0.000666160957380741	9.02540651935198e-05	2.14890631413142e-06	
0.290896471498905	0.368485008356919	0.224000034595268	0.0866308749791888	0.0239810071979779	0.00500982721825938	0.000847584061095243	0.00013189445848676	1.72976338999029e-05	
0.274661742371945	0.363758542730913	0.232381696120392	0.0951802602512771	0.0265860140825625	0.00609640342399558	0.00113255902250449	0.000202781996410327	
0.261265284285554	0.360059799632401	0.238547032885483	0.100675658184266	0.0307087939113102	0.0071254756788941	0.0014194862236489	0.000181211007274328	1.72581911689836e-05	
0.248704730718619	0.355285958108407	0.243653940528357	0.107886268191313	0.0340157473475751	0.00860545207395086	0.00158298626341413	0.000249716625915809	1.52001424470492e-05	
0.237950025230994	0.349018601332893	0.249197393377299	0.113874436652804	0.0382032052062851	0.00945074735944596	0.00204458055647392	0.000239259426821417	2.17508569837652e-05	
0.225517348819899	0.343648574964731	0.253165542967431	0.120660631291057	0.0429695952086272	0.0113682588864559	0.00224595598099376	0.000374325996832293	4.97658839719234e-05	
0.213251807713778	0.338331321156418	0.257740390232504	0.127890070231465	0.0459944697589282	0.013455621762667	0.00284950214848567	0.00041758080080314	6.92361949518159e-05	
0.201811953425508	0.33319810213499	0.262379620730726	0.133707497087467	0.0498677699218335	0.0147221215822484	0.00353192070968176	0.000648675855156539	0.000125830098993576	6.50845339621946e-06	
0.19128981133714	0.32585918673064	0.266205683767178	0.141879247085387	0.0533357938386053	0.0163218340895769	0.00407937300536245	0.000803282603504049	0.000201906167907774	2.17103406352446e-05	2.17103406352446e-06	
0.180966532722134	0.316852426774693	0.270353295927492	0.149696612370905	0.0582604325530901	0.0179682927837474	0.00465578720876854	0.00102470830622896	0.000176223721453389	3.48096239907929e-05	1.08780074971228e-05	
0.170950513865074	0.311724424154389	0.27092976267188	0.156097028210701	0.0632474525179935	0.0203165103046057	0.00526206572667402	0.00113803912146001	0.000259935998951519	5.46084031410753e-05	1.96590251307871e-05	
0.164170691371997	0.302657840827839	0.274443230818496	0.160558326424439	0.0685186891085113	0.0219768650725763	0.00598770874731869	0.00134887944307729	0.00024784288954103	7.89587966679388e-05	1.09664995372137e-05	
0.157585857122156	0.296404122371373	0.273271770011373	0.167575625842544	0.0720426991257306	0.0247131509267432	0.00672278501578603	0.00136782987094536	0.000252488659965837	3.95199641685658e-05	2.19555356492032e-05	2.19555356492032e-06	
0.147813296336768	0.289855040598746	0.276095660452446	0.172779381597434	0.0766418141802087	0.0274462036379467	0.00749092492145192	0.00155227267230556	0.00025065026153376	4.83711031030063e-05	1.53908055327747e-05	1.09934325234105e-05	
0.141991496407662	0.282571599058484	0.277370800222828	0.175959626652222	0.0821008408912258	0.0292605485719822	0.0084749681280427	0.00185396808620731	0.000339086799615114	4.84409713735878e-05	1.76148986813046e-05	1.10093116758154e-05	
0.133934319259723	0.277809649349455	0.276500238671846	0.182010273837624	0.0860860882779279	0.0311740465169238	0.00975051128326626	0.00219183961251954	0.000455447192211853	7.66377486894945e-05	1.09482498127849e-05	
0.127380661168577	0.268748252725748	0.276942968968409	0.187178938356164	0.0918498392507688	0.0341788684651943	0.0102521316745876	0.00270609099804305	0.00062028235951915	0.000131045568912497	1.09204640760414e-05	
0.120037175291583	0.261029290885697	0.278034356457563	0.191435216136181	0.0970853782300966	0.0370371994029157	0.0115690559536361	0.00303583601663244	0.000569904234169266	0.000142476058542316	2.41113329840843e-05	
0.114471116400774	0.254520036055273	0.276757038216839	0.194713789391699	0.101617674084835	0.0405074867199328	0.0129934627939336	0.00341737479106319	0.000844498507906781	0.000144396117932248	1.31269198120225e-05	
0.108244723786918	0.249196078345819	0.27602328209469	0.199575459555214	0.103957868833146	0.0432045167961813	0.0146407550100572	0.00400979104581808	0.000948998424880775	0.000178891657103962	1.96344501699471e-05	
0.102136387841282	0.243669617010459	0.273571157778016	0.203597827015916	0.108846429455812	0.0460192272714324	0.0164157157852524	0.00449892731372622	0.00100365743287219	0.00019503386795988	4.60192272714324e-05	
0.0983094361557838	0.236278205421782	0.273075161614204	0.205534075496292	0.11342058445333	0.0492328829860316	0.0175860034172377	0.00509062725687411	0.00117137270789664	0.000235595638618309	6.60548519490585e-05	
0.0945590205129908	0.229045863637873	0.269281436462865	0.209865719061694	0.118337706043196	0.0524238096819545	0.0189786678179624	0.00576312089712508	0.00139705312565729	0.000290037970619818	5.09226971317237e-05	6.64209093022483e-06	
0.0890226358461579	0.221989361418714	0.270047243115559	0.210682538695841	0.122350344999068	0.0566428971041391	0.0209419318171727	0.00629834205081299	0.00163397241783516	0.000304149757124209	8.43627063556199e-05	2.22007121988473e-06	
0.0839182825237696	0.214860682495228	0.267249683369307	0.214593107261992	0.127533045541305	0.0600327333701993	0.0221507697247543	0.00717101625073583	0.00201127383649369	0.000354537184038245	0.000111489680515172	1.33787616618206e-05	
0.0801744574865413	0.208644666182309	0.263023766833081	0.217018714409184	0.131165279138644	0.0644261810651861	0.0243356195884741	0.00828961897969477	0.00238845896627496	0.000457695392607108	6.88764911204872e-05	4.44364458841853e-06	2.22182229420926e-06	
0.0751372670327121	0.202167548637273	0.260954295878122	0.219525613973066	0.135954572069335	0.0669421213694665	0.0268899764685087	0.00902592883104831	0.00269783576565728	0.000587734900626402	0.000101638366273739	4.41905940320603e-06	8.83811880641205e-06	2.20952970160301e-06	
0.0714450369936918	0.193938708833712	0.259895646314595	0.222205967754091	0.141504749998892	0.0693814583804343	0.0283913839497471	0.00967510273562699	0.00274404975640463	0.000653872922568147	0.000148506731566325	8.86607352634775e-06	2.21651838158694e-06	4.43303676317388e-06	
0.0689042378264016	0.187427936590839	0.256511433876497	0.224258009688863	0.145571959394413	0.072456230815365	0.0302616524181216	0.0104501625507072	0.00308945932248777	0.000792282548317063	0.000245651851573168	2.43438771829265e-05	6.63923923170724e-06	
0.0653698656675017	0.181694500336822	0.251385812973587	0.225606829779459	0.149692017100866	0.0769605015784399	0.0325242269607217	0.0118834288028953	0.00353552920664134	0.00109191935647204	0.000189324727130233	4.62304566248244e-05	1.98130528392105e-05	
0.0618741398392231	0.176973868785028	0.247434705098779	0.225505161516932	0.154072329718541	0.080821424547746	0.0351663548181153	0.0122935338000384	0.00423922576141487	0.00128126677520616	0.000287180484097933	3.09271290567005e-05	1.76726451752574e-05	2.20908064690718e-06	
0.0577842638017761	0.170167936764223	0.243734530389191	0.228967982895822	0.157444043257246	0.0853767266081742	0.0366812750064318	0.0136221289733058	0.00459098127234499	0.00122204380727637	0.000354858455833429	3.54858455833429e-05	1.33071920937536e-05	4.43573069791787e-06	
0.0553444914491249	0.164146124040486	0.239015465601985	0.229500908106714	0.161365116697826	0.0891945304632567	0.0398988967114755	0.014583060086209	0.0051796539635468	0.00135160069091693	0.000333454117824901	7.11368784693122e-05	1.5561192165162e-05	
0.0527060110601906	0.160139286357542	0.236502186911441	0.228397161795869	0.162447384044774	0.093006552951719	0.0427131488189344	0.0165035655439706	0.00539667927448351	0.00172996146499719	0.000353552535905595	8.22732316258302e-05	2.22360085475217e-05	
0.0501377999207483	0.154968143507821	0.232147229976714	0.229482504530256	0.165613688273872	0.0958232599142479	0.045209059621284	0.0179629654364851	0.00613755058971242	0.00187888744929898	0.000518697601524481	7.12374388359802e-05	4.22972293088633e-05	6.67850989087315e-06	
0.0486480952709485	0.148710632966045	0.229052654068622	0.228914670542075	0.170496451375273	0.0983110371242453	0.0474774608360466	0.0189504794927548	0.00668997549679633	0.00203859532769975	0.000556385187690979	0.000117953659790488	3.33831112614588e-05	2.22554075076392e-06	
0.0449058651378554	0.144740411942874	0.224747261349333	0.228692341562999	0.173705840230923	0.103139163038112	0.0499628619844599	0.0203525220493068	0.00699395562118335	0.00194585410764243	0.000578196649128035	0.000209040326992443	2.22383326587706e-05	4.44766653175412e-06	
0.0430185051670272	0.137177672746046	0.221227536115784	0.230718221225311	0.17528950483769	0.107935681415614	0.0523445218830943	0.0216672452312923	0.00752801587937373	0.00221412231746286	0.000645322082476613	0.000180245133381399	4.22797226450194e-05	1.11262428013209e-05	
0.0405672830560805	0.132333397888382	0.216522085617803	0.23043481164395	0.179770228547133	0.110896669627295	0.0553860058010502	0.0224406705711341	0.00821852551816557	0.00249538654004973	0.000694523283225259	0.00019589118244815	3.78426147911199e-05	2.22603616418352e-06	4.45207232836705e-06	
0.0382325080827711	0.129555592121355	0.211584045254624	0.229174912501501	0.181847897145348	0.113910371296045	0.0576778543188903	0.0248331191269273	0.00896776230649157	0.00315972978862497	0.000773811376806116	0.000189005652380804	8.44966445937713e-05	4.4471918207248e-06	4.4471918207248e-06	
0.0372813325751748	0.124721543967622	0.208232710082394	0.228658393818778	0.182818788953184	0.11688798207178	0.0607374206999587	0.0262924931152513	0.00952826928008384	0.0034005641591687	0.00112831833740286	0.00023190732626462	6.68963441147941e-05	6.68963441147941e-06	4.45975627431961e-06	2.2298781371598e-06	
0.035775441273831	0.121058832770403	0.204082273864695	0.224545260724665	0.18549771648507	0.120154403761347	0.0644770358068606	0.0281068707429559	0.0110124891995915	0.00363791420267738	0.00128146144955508	0.000271553126788379	5.83502586487427e-05	3.14193700416307e-05	4.48848143451867e-06	4.48848143451867e-06	
0.0339479567922851	0.118093904048703	0.19910836947445	0.224714687210983	0.186488160978369	0.123075092709821	0.0664031283391249	0.0304415950578707	0.0118592247393799	0.0041797986872469	0.00120994172525568	0.000332228896730688	0.000105505122610421	3.36718476416238e-05	4.48957968554984e-06	2.24478984277492e-06	
0.0323813796971397	0.113704991587213	0.196349971957375	0.222606842400449	0.189675827257431	0.124984856982614	0.06842400448682	0.0323028603477286	0.0129153112731352	0.00465507571508693	0.0014559730790802	0.000392596747055524	0.000109927089175547	4.03813796971397e-05	
0.0313100058031283	0.109045038101234	0.193190398623381	0.221043173930286	0.19048152521448	0.12934702483246	0.0709460443502401	0.0338060231542579	0.0136317500576952	0.00507269594520413	0.00152360125562668	0.00046604273701522	0.000103067143762981	3.36088512270592e-05	
0.0292012828413226	0.106509115280295	0.187802212136614	0.219853004016751	0.191265703786001	0.13236160652036	0.0747057156608297	0.0357369365641263	0.0150841808392445	0.00528070025503893	0.00159905361215191	0.00044980411030996	0.000119198089232139	3.14862877216972e-05	
0.0274168162177133	0.103414267282434	0.183552612320905	0.217888932171751	0.192196925515698	0.135010256537276	0.0782221401599164	0.0372140047330936	0.0163609220300513	0.00599179927359848	0.00197249761881709	0.000587696208346187	0.000141857705462873	2.47688057157397e-05	4.50341922104358e-06	
0.0261236886819914	0.0984653432951004	0.182186609381241	0.21467818693432	0.194748635371795	0.136600468001471	0.0814218760224839	0.039290461028836	0.0173616360645454	0.006081311306726	0.00222492502724743	0.0006385941001126	0.000157956137837039	1.80521300385187e-05	2.25651625481484e-06	
0.0245803099423811	0.0955591528090651	0.176243788134346	0.215863887976998	0.195641789017308	0.13946954346325	0.0827946886426154	0.0420878660614225	0.0176433964613591	0.00666296879068135	0.00254474241275088	0.000699577762935963	0.000174328439307667	2.03760513476494e-05	1.35840342317663e-05	
0.0234769283160225	0.0904273795334582	0.173621658436915	0.21378965889097	0.196090584028605	0.143476928316022	0.0849219592485385	0.0440728758726375	0.0191157273398036	0.00732845223906011	0.0025495204041092	0.000867245587150236	0.000211135705772178	4.76758045292014e-05	2.27027640615245e-06	
0.0224797945275473	0.0864946372325713	0.166455849992392	0.211831016620832	0.197633251656065	0.146819241922921	0.0891992978328651	0.0462948874874816	0.0207062093648022	0.00797091411169726	0.00292721033902501	0.000912908111937977	0.000208924244523119	5.67728925334563e-05	9.083662805353e-06	
0.0214105081888301	0.0839425708429286	0.162156237499802	0.208154705272174	0.198498055336469	0.149697283346855	0.092521237624098	0.0485612201774943	0.021808254593858	0.00889957581249873	0.00299891749699995	0.000978546553278809	0.000280230421724185	9.03969102336082e-05	2.25992275584021e-06	
0.0202785475027009	0.0814373991384104	0.158768008172897	0.205612989842645	0.198814297144459	0.15125961151619	0.0953670344771471	0.0509449911626036	0.0232439347433991	0.00931203920097279	0.00341064736754076	0.00115948449274249	0.000244101998472102	0.000126571406615164	2.03418332060085e-05	
0.0193203608101208	0.0771520962160322	0.155663470811823	0.203535485334997	0.199450842457593	0.153641572587508	0.0976796959210302	0.0534997447098202	0.0245078572644239	0.010213876439553	0.00364213989901855	0.00127985476825325	0.00027684801724627	8.85005956770863e-05	4.53849208600442e-05	2.26924604300221e-06	
0.0180176103816186	0.0749889143281178	0.152310344515534	0.202166457019266	0.197872455951422	0.156283087336995	0.0999520375012443	0.0556116123544157	0.0260897894174819	0.0108820575007013	0.00413337194465309	0.00124883487326136	0.000323520628399229	7.46586065536682e-05	2.26238201677782e-05	2.26238201677782e-05	
0.0171142183136145	0.0713017109699112	0.147362141740254	0.199649309917841	0.198781623116623	0.15720270429053	0.104226357794268	0.0581711692983487	0.0278021312557055	0.0122086244452679	0.00442655844684063	0.00126085738302045	0.00033216135359141	0.000103941648062618	3.61536167174324e-05	1.58172073138767e-05	4.51920208967905e-06	
0.0161137397860704	0.067407975633654	0.142971255043322	0.197487786278543	0.200635407685989	0.159831734631303	0.106539404101638	0.0597595497837849	0.0291907377110389	0.0130588951418919	0.00501673376010644	0.00141427992786041	0.000416364010762105	9.95653069213728e-05	3.16798703840732e-05	1.13142394228833e-05	1.35770873074599e-05	
0.0149483790478601	0.0650889579980834	0.138687236696982	0.193759379463721	0.200792847198365	0.163039940694668	0.110293452908312	0.0622660784349178	0.0298990182074602	0.0134815665286492	0.00542878839929846	0.001674742799284	0.000458802683204658	0.000119785922215994	2.71213408790931e-05	2.48612291391686e-05	9.04044695969769e-06	
0.0147231252696905	0.063404098618055	0.134545914598192	0.191134044374962	0.199773177569882	0.164968134159594	0.112514317601104	0.064737019273129	0.0320149467848372	0.0140295546915418	0.00557115650069922	0.00194516048138768	0.00047217019815334	0.000135551253058375	1.58143128568104e-05	1.35551253058375e-05	2.25918755097292e-06	
0.0139846986411886	0.061420723913812	0.131097201700554	0.186186172575396	0.199382234832347	0.168208435689876	0.11542645285858	0.0674646699964647	0.0336598167100266	0.0147076153267402	0.00581506023550314	0.00189680647588314	0.000559750537088572	0.000151835165930908	2.49281615707461e-05	2.26619650643147e-06	1.13309825321573e-05	
0.0129348198542677	0.0595024405962725	0.128873921814687	0.18455945592063	0.19815917090074	0.168089118639529	0.118058597003206	0.069332903685516	0.0357659115303707	0.0155240530917623	0.00596363273280974	0.00234188317361478	0.000687587792253178	0.000172464264723569	3.40389996164939e-05	
0.0121434328070195	0.0563220086949612	0.125582028899963	0.182591915729253	0.198880779141174	0.168664086177736	0.120308296536772	0.0723747687208418	0.0366051057357231	0.0166702611893708	0.0065813818858758	0.00226341419117564	0.000753714655436621	0.00019977978818802	5.2215171912778e-05	6.81067459731886e-06	
0.0117707302085823	0.0532345611579558	0.121897154041352	0.180159082374629	0.196809249081123	0.171517654957385	0.122552600735102	0.0752329908169187	0.0383049420225537	0.0175832679024568	0.00736922359152926	0.00243744239238043	0.000887584064452258	0.000186620239192526	2.95861354817419e-05	2.73102789062233e-05	
0.0107759945539449	0.0511888201048684	0.118255896288167	0.177836923434202	0.196237850538572	0.171944619629932	0.125042974201818	0.0772488314432274	0.0402625581432413	0.0185671319643821	0.00805069020552483	0.00321481181283967	0.00100861305459488	0.000266383131800454	3.87052413727155e-05	1.82142312342191e-05	4.09820202769929e-05	
0.0104649152341866	0.0481386100772584	0.115268766322993	0.174372787580421	0.195229818638469	0.173635693550882	0.127617366299333	0.0793149575488439	0.0423442320117207	0.0201040121575015	0.00834463240847749	0.00363087058994822	0.00106924133914515	0.000323047383316195	8.64492997606719e-05	3.63997051623882e-05	1.81998525811941e-05	
0.00985365920094791	0.047883653730476	0.110791811089396	0.171371045541111	0.195052968241754	0.174065423212506	0.12989306475813	0.0810855595430227	0.0446626580137874	0.0208422710857184	0.00911140014572792	0.00350927369837951	0.00122120908779313	0.000467600505734916	0.000131654511323423	3.40485805146783e-05	2.26990536764522e-05	
0.00926248250912938	0.0453431623494079	0.108037268352616	0.167932835056824	0.192789779643471	0.177714071192109	0.131381181529641	0.0843930241288693	0.0457390532746323	0.0219946987019783	0.00953096026301719	0.0039270559594098	0.00126958124296099	0.00048007462771464	0.000127413171336587	5.46056448585373e-05	1.13761760121953e-05	1.13761760121953e-05	
0.00919605720471768	0.0440749814825366	0.10538886673124	0.164792889294057	0.189769243917725	0.180229046777961	0.134570109965244	0.0858686114751296	0.0471494501737793	0.0228818870719617	0.0101441513304085	0.00380377186485101	0.00139935046436101	0.000508233149108313	0.000170930431314455	3.4186086262891e-05	1.36744345051564e-05	2.27907241752607e-06	2.27907241752607e-06	
0.00873282624143454	0.0437852300535348	0.102970577550102	0.160787279594387	0.189976671335446	0.177976461126128	0.137444905737115	0.0878834892004963	0.0492643816304474	0.0239158797145723	0.0108143554685269	0.0040305351883544	0.00159256407385659	0.000584930276767986	0.000219348853787995	2.05639550426245e-05	
0.00827153970885638	0.0423939184141964	0.101337748465028	0.159509537777616	0.188692222201979	0.17812277952885	0.137994880390621	0.0890716380928089	0.0511551004791663	0.0255934920837357	0.0110454205913969	0.00432707198425857	0.00165111957294077	0.000610344890411208	0.00018674731721537	3.64385009200722e-05	
0.00797224982451022	0.0400025525785602	0.0969911480222074	0.157555632538084	0.188364344124055	0.177461187131358	0.141658993737066	0.0906302134138003	0.0535950334114301	0.0267633303857129	0.0120882827527736	0.00448068700828676	0.00159308251210196	0.000601679232038507	0.000166373424010648	7.52099040048134e-05	
0.00728138760752456	0.0382238696545098	0.0936835442461555	0.152371801585603	0.186884394879805	0.179839800365208	0.142868201875219	0.0954116784531947	0.0550020264024299	0.0280645352252494	0.0126820916116047	0.00513203491787378	0.00169170450043488	0.000571491022354179	0.000182148533021252	0.000107012263149986	2.27685666276565e-06	
0.0065845977669625	0.0363584311480103	0.0904870966422641	0.149157725882604	0.186115996164665	0.179399615557646	0.144345380102609	0.0979646367565062	0.0578322177234287	0.0291580894214733	0.0136486124175789	0.00600975193016418	0.0019631098932559	0.00066345843614667	0.000229483911132923	7.04356558922834e-05	1.13605896600457e-05	
0.00640697310748394	0.0345663791423223	0.0880001269156328	0.146682742646826	0.183152856281644	0.181246855438562	0.145397721864391	0.100186294018194	0.0595121000457803	0.0309492836065797	0.0140604390374356	0.00619166980178498	0.00256550886369714	0.00077735825110258	0.000210770604526355	8.15886211069763e-05	1.13317529315245e-05	
0.00624681948229653	0.0323242375238892	0.0852118648859537	0.144393807461353	0.180008820635764	0.17913354216377	0.149695235725837	0.10233294507458	0.062438792703751	0.0326227821189881	0.0151986339323073	0.00647525133157674	0.00265071413224169	0.000895633785296679	0.000314376505445046	4.07106266043945e-05	1.58319103461534e-05	
0.00620291123902531	0.0309175299371134	0.0806920002978481	0.142035159608194	0.178823906367405	0.178528314744155	0.149677669745182	0.106839448620084	0.063800405705144	0.034566168523328	0.0165689258741953	0.00723861013270033	0.00269868382752793	0.000954467607896584	0.000327181567718687	0.00011507765485278	1.35385476297388e-05	
0.0058062664282986	0.030281182408075	0.079436685930483	0.137072186198308	0.178407650078087	0.180387521386452	0.150101818724249	0.107356035556319	0.0673427460091806	0.0348330783156629	0.0170639593357939	0.00736349397563131	0.0030353506474134	0.00108260086382056	0.000284776010107288	0.000110746226152834	3.39019059651534e-05	
