# <P(N_2)> as a function of N_tot.
# number_of_species: 2
# species_total_upper_bound: 100
# species_total_lower_bound: 0
# volume: 512
# Bin widths for each species index 
1	1	1	1	1	1	1	1	1	1	1	1	1	1	1	1	1	1	1	1	1	1	1	1	1	1	1	1	1	1	1	1	1	1	1	1	1	1	1	1	1	1	1	1	1	1	1	1	1	1	1	1	1	1	1	1	1	1	1	1	1	1	1	1	1	1	1	1	1	1	1	1	1	1	1	1	1	1	1	1	1	1	1	1	1	1	1	1	1	1	1	1	1	1	1	1	1	1	1	1	1	
# Bin lower bound for each species index 
0	0	0	0	0	0	0	0	0	0	0	0	0	0	0	0	0	0	0	0	0	0	0	0	0	0	0	0	0	0	0	0	0	0	0	0	0	0	0	0	0	0	0	0	0	0	0	0	0	0	0	0	0	0	0	0	0	0	0	0	0	0	0	0	0	0	0	0	0	0	0	0	0	0	0	0	0	0	0	0	0	0	0	0	0	0	0	0	0	0	0	0	0	0	0	0	0	0	0	0	0	
# Bin upper bound for each species index 
0	1	2	3	3	4	4	5	6	5	6	6	6	6	6	6	6	6	8	8	8	7	7	8	8	7	8	8	8	8	8	9	10	10	10	10	11	11	11	10	10	10	10	10	10	10	11	11	11	12	13	13	12	12	13	13	12	12	13	13	13	13	14	14	15	15	15	13	13	13	14	14	14	14	14	14	14	15	15	16	16	16	16	16	14	15	15	16	16	16	17	18	15	15	15	16	16	16	16	16	16	
# Normalized histogram for each species index 
1	
0.949468703555794	0.0505312964442063	
0.902392704080596	0.095066317307497	0.00254097861190665	
0.857905345938733	0.134948349495662	0.00702260292584796	0.00012370163975649	
0.815402585077605	0.170919701990112	0.0131808945974555	0.000496818334827168	
0.7757988443926	0.201488606389141	0.0214047713709669	0.00124319622520419	6.45816220885293e-05	
0.737465061947757	0.230028715104709	0.0302162587458321	0.0021330070771565	0.000156957124545478	
0.700131226982364	0.256025656790039	0.0399244487358064	0.00372313727229296	0.000181419791286609	1.41104282111807e-05	
0.662728914842561	0.280319977893323	0.0512212516686681	0.00547790449834301	0.000233664323927836	1.62549094906321e-05	2.03186368632901e-06	
0.628319908428872	0.299106736585376	0.064227196706028	0.00768687851253542	0.0006329894697247	2.62902974646042e-05	
0.597195334332348	0.315023692843546	0.0760135271961443	0.0108258069742011	0.000858612449880523	6.48009396136244e-05	1.82252642663319e-05	
0.570898645909185	0.326744755999411	0.0869518735993642	0.0139060063700563	0.00140189649364507	8.67360420528606e-05	1.00855862852163e-05	
0.541176541629429	0.340492983261274	0.0982142138273633	0.0176666425126607	0.00233690007487742	9.25903561105609e-05	2.01283382849046e-05	
0.51389979990365	0.350270559849998	0.110946529697617	0.0217227476167345	0.00293048201031866	0.000225882992609828	3.99792907274032e-06	
0.487431816453695	0.35921673463344	0.123118574338575	0.0258847352897626	0.00395994829456092	0.000382188036513965	6.00295345309892e-06	
0.461747715744163	0.365836973741059	0.136313267085914	0.0305694237754629	0.00493455266989903	0.000586065639351607	1.20013441505449e-05	
0.438265666089411	0.371440253992688	0.147035950227695	0.0362669168109807	0.00618145083702136	0.000757648643448143	5.21133987556924e-05	
0.417814872108501	0.374149088830529	0.157660898658129	0.0415672354730526	0.00782658400386932	0.00085740667458119	0.000123914251338074	
0.395946820694119	0.376013543793258	0.170112035054524	0.0471104914604392	0.00929940745904496	0.00133047851416621	0.000175272618632674	5.97520290793208e-06	5.97520290793208e-06	
0.37433306924166	0.377210278527361	0.180926624213434	0.0540951087442143	0.0112943867612631	0.00190821126539625	0.000212464729862017	7.94260672381372e-06	1.19139100857206e-05	
0.354437637386619	0.376637727853475	0.191394935443169	0.0611405172482204	0.0137089030496853	0.00227357494861641	0.000374961313515272	2.38070675247792e-05	7.9356891749264e-06	
0.339663675252862	0.37409749271416	0.199321051393579	0.0667486614386694	0.0167604224391916	0.00298809148862372	0.000404658153562786	1.5947119352228e-05	
0.321386849963917	0.375734112665611	0.207706538337327	0.0722630007216532	0.0187968725704011	0.00357038909466415	0.000512333890189105	2.99027562367182e-05	
0.306042783843601	0.372415816331622	0.214825266376226	0.0799038870273431	0.0215695392125362	0.00450230204140282	0.000644611506814322	9.3797959195892e-05	1.99570125948706e-06	
0.291072786251196	0.368621448503171	0.223873441032565	0.0863733658049257	0.0240748504976058	0.00500113342975845	0.00083051313273967	0.000136412785087675	1.60485629514912e-05	
0.274666848028292	0.36400478474642	0.232212225107117	0.0949488120146743	0.0267181680342133	0.00612895611715428	0.00112417537135793	0.0001960305807706	
0.261120329461626	0.36001479378661	0.238545810759481	0.100881629715519	0.0306931088942644	0.00713900161931989	0.00141540552967754	0.00016992862997541	1.99916035265189e-05	
0.248407245597391	0.355221998642407	0.244038375158873	0.107793670072734	0.0341714555045955	0.0085383318528724	0.00157110140251014	0.000243722140645803	1.40996279712448e-05	
0.237722896744603	0.348619891560746	0.249551532859677	0.114101340457689	0.0381878093616128	0.00950810872982402	0.00202995699961863	0.000258284787227817	2.01784990021732e-05	
0.22539107670564	0.34335651419761	0.253561448027753	0.120579307464988	0.0431127939098034	0.0113669214955673	0.00222239175125273	0.000363372093023256	4.61743543620712e-05	
0.213208430160742	0.338640513056385	0.257771466561152	0.127579190927916	0.0459750260605488	0.0135133235183649	0.00283402192098883	0.000413755149343515	6.42726445582159e-05	
0.202197235735687	0.333574293630594	0.262063452430813	0.133559795740842	0.0497438706143883	0.014628773478527	0.00347143915718934	0.00063226908083379	0.000122829343728857	6.04078739650118e-06	
0.191749477776839	0.326370357848642	0.265655626526924	0.141688501430831	0.0532204767827028	0.016254321673368	0.0040590524718563	0.000786856478183348	0.000193192383390285	2.01242066031547e-05	2.01242066031547e-06	
0.181226833199033	0.317453666398066	0.269953666398066	0.14950443190975	0.0579552780016116	0.0180197421434327	0.00466760676873489	0.000999194198227236	0.000177276390008058	3.2232070910556e-05	1.00725221595488e-05	
0.171214988759642	0.311972950427295	0.270730027409103	0.155795601212706	0.0630409359087521	0.0203558537723368	0.00542526525426639	0.00113716468285628	0.000256518498619446	5.25155981425637e-05	1.81784762801182e-05	
0.164154823286297	0.302948773792279	0.274380818282195	0.160029984096273	0.0686088797495923	0.0220160252838866	0.00611432449680406	0.00139993314356912	0.000257295961263789	7.90121455849431e-05	1.01297622544799e-05	
0.157546563514316	0.296155507033944	0.27368216182025	0.167180603789957	0.0720850033755634	0.0247946785713562	0.0067612635351981	0.00143942941828805	0.00028788588365761	4.46020383131509e-05	2.0273653778705e-05	2.0273653778705e-06	
0.147965760056512	0.289582068889922	0.276536057697187	0.172466359884784	0.0765222545423544	0.0273546050775311	0.00761203391516337	0.0016259304442789	0.00025982409097091	5.07468927677558e-05	1.42091299749716e-05	1.01493785535512e-05	
0.141904537169639	0.282317976174977	0.277271025908085	0.176185555266241	0.0822606105975784	0.0291750748600443	0.00852753547715141	0.00192439135529228	0.000349889337325869	5.69587293321182e-05	1.62739226663195e-05	1.01712016664497e-05	
0.133965033761553	0.277328636073739	0.276571405432219	0.181901377795325	0.0863566880270497	0.0312894180054869	0.00983185025460362	0.00224334639252488	0.000429232342252053	7.28885109484617e-05	1.01234042983975e-05	
0.127250897933691	0.268262364400391	0.277202287229635	0.187178497292556	0.0919419420431049	0.0342821684618603	0.010415424449264	0.00272664614439299	0.000608391763871231	0.000121274105755063	1.01061754795886e-05	
0.1201036170554	0.260940795764369	0.277652700154086	0.191451998952461	0.0972993383856122	0.0371450090644622	0.0115980454055459	0.0030918647212754	0.000562341777933871	0.00013195745691589	2.23312619396122e-05	
0.114531560384319	0.254455345198038	0.276363157254632	0.194553451980379	0.101879028661775	0.0407548546641262	0.0130133376575992	0.00344792637937325	0.000853366846393968	0.000135808975554384	1.21619978108404e-05	
0.10791669276669	0.248763869215645	0.275992087146463	0.199373195309674	0.104600811087694	0.0435004879862434	0.0146678763606532	0.00406150041120166	0.000933538900485157	0.000171754992513503	1.81858227367238e-05	
0.10186798188599	0.243156039659379	0.273575894495831	0.203445961155873	0.109255950630604	0.0465342659384829	0.0163841338149134	0.00455081028353333	0.000997771238635649	0.000188603099986007	4.25877967710338e-05	
0.0985400344360335	0.235638238260675	0.273385428871252	0.204900512465233	0.113555367640317	0.0497936894440313	0.0175868287265799	0.00507167381536988	0.00124295742361415	0.000224139863274683	6.11290536203682e-05	
0.0944645240384517	0.229094614181364	0.269682500958422	0.209425951400321	0.118337942642292	0.0524784688210488	0.019041332073205	0.00566442727371505	0.00144532074845064	0.000311615253566662	4.71523081054818e-05	6.15030105723675e-06	
0.0890120659156886	0.221944640189998	0.269863151601564	0.21105799158899	0.122191793205038	0.0566007112583026	0.0209761619581586	0.0063010664765595	0.00160248837682309	0.000363641593202162	8.4233363397111e-05	2.05447227797832e-06	
0.0836967706148843	0.214668225580623	0.266986697679981	0.214921858406897	0.127575249560267	0.0600016908855085	0.0224516602639843	0.00723781479854749	0.00196513888974808	0.000358797656680132	0.000119599218893377	1.64964439852934e-05	
0.0800177744130741	0.208069665824576	0.263051027377533	0.216946586242933	0.131629403487406	0.0645495091464167	0.0245591369534985	0.00832352723352781	0.00233494893970689	0.000438188655645433	6.99456070044354e-05	8.22889494169828e-06	2.05722373542457e-06	
0.0753333169440552	0.201870836099024	0.260636641509125	0.218968950512575	0.13632396686088	0.0673066679778089	0.0271529365489097	0.00904688153010301	0.00266530635658152	0.000577722054232121	9.83356688054675e-05	8.19463906712229e-06	8.19463906712229e-06	2.04865976678057e-06	
0.0718089749409003	0.194175674537728	0.259430794287815	0.22164805530624	0.141422377585035	0.0695066021208119	0.0287211253488988	0.00971679376613561	0.00275627504420926	0.000655180133459577	0.000143769935241913	8.21542487096648e-06	2.05385621774162e-06	4.10771243548324e-06	
0.0689790235029458	0.187966147227161	0.256537083633247	0.223713756636542	0.145139559635059	0.0724262315925035	0.0305368088409301	0.0105425917837097	0.00309654028270798	0.000803870060146706	0.000229677160041916	2.25575782184025e-05	6.15206678683704e-06	
0.065139469459116	0.182011061265374	0.251538723609131	0.225197325874833	0.149747337197228	0.077120806888912	0.0325738148717101	0.0117977310329492	0.00357828466743781	0.00105879688848359	0.000175446112542561	4.28414925976021e-05	1.83606396846866e-05	
0.0616219406239242	0.177027835609252	0.247582006852347	0.225752446681202	0.154132719135752	0.0808757233487976	0.0351244241897674	0.0121657841674727	0.00418435763348142	0.00121514401403256	0.000270487369059524	2.86880542941919e-05	1.63931738823954e-05	2.04914673529942e-06	
0.0574008915843338	0.170698847202881	0.243821946818066	0.228866072826454	0.157353922723864	0.0855677876018689	0.036722232751304	0.0134602865924504	0.00455886351837966	0.00116598136077853	0.000333726113862406	3.29606038382623e-05	1.23602264393484e-05	4.12007547978279e-06	
0.054999194045026	0.164075900293037	0.239356227965398	0.229585573819276	0.161319120971775	0.0892791456050655	0.0400373632459733	0.0145175222877549	0.00513124666768616	0.0013060603680941	0.000312049233516154	6.61296388908406e-05	1.44658585073714e-05	
0.0526000330687831	0.160104580026455	0.236421130952381	0.228637566137566	0.162562003968254	0.0930224867724868	0.0427434689153439	0.0163979828042328	0.00539641203703704	0.00167204034391534	0.000345155423280423	7.64715608465609e-05	2.06679894179894e-05	
0.0501306856544017	0.154664711559571	0.232181394173615	0.229534543677175	0.165892079745173	0.0959265840716762	0.0452781264109287	0.0178610631309052	0.00605793247424602	0.0018432683425911	0.000517772006345814	6.62748168122642e-05	3.93506724822818e-05	6.21326407614976e-06	
0.0485688014877341	0.148663648676074	0.229010400056328	0.229379020133283	0.170364602532296	0.098274526695963	0.0475002174444274	0.0188762471991087	0.00663101958656566	0.0020274104232504	0.000540504719579525	0.00013046665645023	3.10634896310072e-05	2.07089930873381e-06	
0.0449688463847316	0.144770125649465	0.224767641640274	0.228884886874081	0.173437661719348	0.103133991595769	0.0500320851187149	0.0202984951044319	0.00700076590283384	0.00189819702332899	0.000577532136868906	0.00019872073526672	2.69100995673684e-05	4.14001531805668e-06	
0.0429292719931685	0.13750134723961	0.221121400797566	0.23086505218999	0.175132858552277	0.107893165971629	0.052299841647529	0.0216905577157449	0.00753210575623668	0.00218667352031637	0.000621802896772428	0.000176177487418855	3.93808501289205e-05	1.03633816128738e-05	
0.0405156537753223	0.132768818542299	0.216587443797389	0.230250277902212	0.179765400759876	0.110659001542979	0.0554269739352612	0.0224271232558525	0.00826862774376587	0.0024409768884907	0.00066157317538533	0.000186650739136927	3.5256250725864e-05	2.07389710152141e-06	4.14779420304282e-06	
0.0382052909526121	0.129664430643883	0.211839305049097	0.229256636507324	0.181470465001473	0.113960415344343	0.0576263311387952	0.0247144818774294	0.00908513895284439	0.00313416551546755	0.000775763006475754	0.000180458239474306	7.88208402301568e-05	4.14846527527141e-06	4.14846527527141e-06	
0.0373886746962911	0.124809045278352	0.208270028162574	0.228547081380486	0.182680536647718	0.117069013894229	0.060612925686138	0.0260883120122211	0.00965425504276347	0.00345017510677876	0.00110987560663847	0.000239018154987685	6.85878183877706e-05	6.23525621707005e-06	4.1568374780467e-06	2.07841873902335e-06	
0.035882697211655	0.121090255424104	0.203829271351532	0.224430416788596	0.185646503072614	0.120410935997659	0.0642866100915514	0.0281300948956983	0.0109276368044814	0.00370385853434221	0.00128548137619665	0.000277998411437649	6.06161949751265e-05	2.92629906776473e-05	4.18042723966389e-06	4.18042723966389e-06	
0.0339625166216454	0.117978138877506	0.198560711866391	0.22436503223972	0.186963194032098	0.123305428483019	0.0665221245598923	0.0306758214647119	0.0117961412693501	0.00419827218519231	0.00120637602134261	0.000313615950089067	0.000114992515032658	3.13615950089067e-05	4.18154600118756e-06	2.09077300059378e-06	
0.0324084726830023	0.113518556481067	0.195496743045765	0.222495784995001	0.190005731570074	0.12556949633305	0.0685947612612801	0.0324189317524798	0.0128353700627963	0.00468147949813201	0.00144753521568693	0.000370251059503738	0.000112957950357073	4.39280918055282e-05	
0.0312477806973937	0.108842954836931	0.192397348116152	0.22109266972182	0.190632349808043	0.129847479081115	0.0710511034894748	0.0340300028824824	0.0136165964148602	0.00513624951436437	0.00152061392698547	0.000449082409755323	9.60827481336971e-05	3.96863524900053e-05	
0.029174326927713	0.106240920363332	0.187231803517187	0.219695238654254	0.191422324428913	0.132755031664742	0.0748507952346713	0.0359537889729974	0.0151206740051443	0.00534139433870897	0.00159109823511778	0.000467476820067543	0.000113200664949091	4.19261722033671e-05	
0.0275173085971634	0.103072275996505	0.183149744572158	0.2177228271829	0.19226826645157	0.135460778382738	0.078136553068495	0.0374046346709686	0.0165481952006453	0.00595718222759965	0.00198712778113867	0.000583955098474155	0.000147039053572629	3.99106002554278e-05	4.20111581636083e-06	
0.0261990232015969	0.0983986323979199	0.181498165077665	0.21481554867445	0.194794764832728	0.136985752739736	0.0814511590258997	0.0393016966444424	0.0174343970472611	0.00614029725531031	0.002198534170027	0.000611289462423615	0.000151768418256898	1.68631575840997e-05	2.10789469801247e-06	
0.0244572062394029	0.0956252632737603	0.176179096010516	0.215853790189599	0.195407870588908	0.139419199563098	0.0831320634100805	0.0421957719557086	0.0176602450800881	0.00670170633148257	0.00249567648920339	0.000677367664584467	0.000162991594290637	1.90509655664381e-05	1.27006437109588e-05	
0.0234079912015678	0.0902646111513335	0.173803007688012	0.214037151295242	0.195930725085086	0.143278137891646	0.0850203718526602	0.0442533116203426	0.019015144598752	0.00733131914911687	0.00255417808757243	0.000857762217272868	0.000199578337682301	4.45866499077481e-05	2.12317380513086e-06	
0.0225586233662123	0.0864192294396715	0.166832440135984	0.212151159954785	0.19715732078969	0.146608783802412	0.0893798234247456	0.0463939498692546	0.0205438925024442	0.00788077883132885	0.00287788398119302	0.000924655428003062	0.000201473086376814	6.15023105781853e-05	8.48307732112901e-06	
0.0213871259625789	0.0837092953848945	0.162622306308358	0.208667902648502	0.19821267746147	0.149245861253657	0.092557322348703	0.0488550294547548	0.0217161586696955	0.00871093000250993	0.00296129436404938	0.000987098121349793	0.000276303106617143	8.8585728839084e-05	2.10918401997819e-06	
0.0201888594432884	0.08137316290023	0.158569829292821	0.206172613061619	0.198985497163313	0.150821911743313	0.0954353697179758	0.0510582495820341	0.0232690519711335	0.00925744379860896	0.003328969200183	0.00114479434813133	0.000252993226106371	0.000122280059284746	1.89744919579778e-05	
0.019304251420737	0.0771937322540104	0.155439000342754	0.203650966270454	0.199686020285967	0.153500958442119	0.0977526330711194	0.0535479284532479	0.024487878775056	0.0101366361855273	0.00362853914802324	0.00127157552650844	0.000270818082184825	8.46306506827578e-05	4.23153253413789e-05	2.11576626706894e-06	
0.0179615062337613	0.0750879607252987	0.152328769436313	0.201994128212651	0.198091563579722	0.156298874398205	0.0998794827255056	0.0556954437716208	0.0259692564865099	0.010892988680663	0.00411784943150039	0.00124738545054676	0.000318705927297057	7.38722348039536e-05	2.11063528011296e-05	2.11063528011296e-05	
0.0171198176582482	0.0716011569095432	0.147320591599556	0.199261448496249	0.199057114509188	0.157282400102799	0.104048130133365	0.0581719902340993	0.0277704634168434	0.0121610320340922	0.00441529934929105	0.00130605228843533	0.000328619608057921	0.000103220261505373	3.37045751854278e-05	1.47457516436247e-05	4.21307189817848e-06	
0.0162062902416502	0.0676249467661209	0.143010444381665	0.197233103250534	0.200231066659358	0.159615198114361	0.106701776430357	0.0600246246220922	0.029267038003719	0.0131050214832962	0.00495865677746341	0.00146103280050261	0.000415329670561349	9.27639873334992e-05	2.95158141515679e-05	1.05413621969885e-05	1.26496346363863e-05	
0.0150394466932593	0.0651260061749976	0.138602580357105	0.194086997544322	0.200280949753379	0.162664431424251	0.110524453580109	0.0622975540101681	0.030030453773867	0.0135167579999073	0.00547788836985961	0.00169959858303603	0.000480183986285271	0.000115833856340745	2.52728413834353e-05	2.31667712681491e-05	8.42428046114511e-06	
0.0147677636483874	0.063304255525275	0.134746365976016	0.191039514087503	0.199354278902653	0.164650455542966	0.112548386960899	0.0651175818945364	0.0322818427271081	0.0140411694586136	0.0055874040158545	0.0019333723658328	0.000467547565593554	0.000130576347147749	1.47424908070039e-05	1.26364206917177e-05	2.10607011528628e-06	
0.0142278570915225	0.0610290729381127	0.13142219385059	0.186374147617981	0.198934231830999	0.16764182410809	0.115501198513589	0.0676071581065599	0.0338860164959437	0.0149423149279412	0.00579598635343257	0.00190028874242738	0.000536900267604622	0.000164874885327403	2.32515863923261e-05	2.11378058112056e-06	1.05689029056028e-05	
0.0129413634196727	0.0595794268764235	0.128655119444886	0.184730123417554	0.198050744213147	0.168036442608189	0.117917262566873	0.0693998622808411	0.0357391811006939	0.015744477991419	0.0059854865194131	0.00234970072567403	0.000665289475078129	0.000173738015784734	3.1781344350866e-05	
0.0122450969792177	0.0565127337560605	0.125518604025024	0.182432017027808	0.198842906175336	0.168611763009886	0.120138054140458	0.0723999838880303	0.0367649708818547	0.01663772872107	0.00658470762074967	0.00230655566367535	0.00075259858511466	0.000195039633325489	5.08799043457798e-05	6.35998804322248e-06	
0.0117436846394133	0.0535935590112726	0.121540981936711	0.180015363982073	0.196627139073747	0.171497266739101	0.122829094798316	0.0752198492462312	0.0383844900176558	0.0175985501833492	0.00733608922993345	0.00250195232921364	0.000874303952193399	0.000182500339535515	2.97093575988048e-05	2.54651636561184e-05	
0.010820977810952	0.0513906324217955	0.118193153287643	0.177472094048992	0.196085957114745	0.172085991042953	0.125057253850852	0.0771887935129267	0.0404721110130963	0.0186371887086924	0.00803674424916876	0.00317440795277193	0.00102632828933976	0.000265064124312954	3.81692339010653e-05	1.6964103956029e-05	3.81692339010653e-05	
0.010528992878942	0.048357494065785	0.115248813157002	0.174336639538827	0.195180569684639	0.173980586639539	0.127670396744659	0.0790585791793828	0.0422113428280773	0.0200661241098678	0.00825915564598169	0.00358384198033232	0.00104908443540183	0.000336978636826043	8.05357748389285e-05	3.39097999321804e-05	1.69548999660902e-05	
0.00990390065222357	0.0478656808588033	0.110768033431745	0.171371530568221	0.194840158699275	0.174177952982379	0.130188814915702	0.0812868514774429	0.0443698132999467	0.0208398541590884	0.00904738137736759	0.00349163783404252	0.00121393102164773	0.00045892514233024	0.000122662019609004	3.1722936105777e-05	2.1148624070518e-05	
0.00928401364510432	0.0453854487555945	0.10803716997653	0.167436624257162	0.192719077492574	0.177471161042337	0.131820697053667	0.0847349105626591	0.0458073530066508	0.0219538619079825	0.00952994778139847	0.003905264474602	0.00124663165638761	0.000472787175806865	0.000122967068147077	5.08829247505147e-05	1.06006093230239e-05	1.06006093230239e-05	
0.0091650775718915	0.044022526214755	0.105377156957262	0.164776033194739	0.189506453352813	0.179967637677897	0.13454571708875	0.0860595687571934	0.0475348149784039	0.0228893352982897	0.0102586862256274	0.00377560424532509	0.00142062949388216	0.000492654772168403	0.00015926339617513	3.18526792350261e-05	1.27410716940104e-05	2.12351194900174e-06	2.12351194900174e-06	
0.00864618352221799	0.0436077643196427	0.102898313131937	0.161407490520283	0.189817900005748	0.177635318839993	0.137359560728741	0.087809541247682	0.0494499528409345	0.0240415425591937	0.0108050680559607	0.00411337763233813	0.00160319531943614	0.000581238143699953	0.000204391435147236	1.91616970450534e-05	
0.00824115185112867	0.0422711875917924	0.100946151299313	0.159691153124549	0.188616895740833	0.17810056624757	0.138006927406552	0.0891903593592149	0.0514270797076227	0.0255893813724075	0.0110108410516754	0.00443150272087476	0.001666058254735	0.000602752285789478	0.000174034110685694	3.39578752557452e-05	
0.00792556418731146	0.0399205746458317	0.097215445515989	0.157454824708413	0.188289427348288	0.177020530944916	0.141660974233431	0.0908915411149249	0.0537330340739861	0.0268378780871727	0.0120304803282236	0.00455041091589483	0.00165257347481682	0.000591871629619887	0.000154862469398752	7.00063217829974e-05	
0.00732104121475054	0.0381346597071584	0.0935932415943601	0.152564059110629	0.186667485764642	0.179740458920824	0.142626847207158	0.0956099172993492	0.0553251254067245	0.0280046773318872	0.0126275250813449	0.005183619170282	0.00176035452819957	0.000567719631236443	0.000171586903470716	9.95627711496746e-05	2.1183568329718e-06	
0.00668274301027773	0.0364296145693097	0.0906756502571017	0.149222565775986	0.185430267626739	0.17925475368745	0.144213678699972	0.0980981023292382	0.0580946362639197	0.0291276294015331	0.0136909580077733	0.00601489140014245	0.00207329882766681	0.000695326518147177	0.000219799264095156	6.55170883360562e-05	1.05672723122671e-05	
0.00645570313454401	0.0347470586005131	0.0881219274854984	0.146676102735196	0.183131342491375	0.180523786053996	0.14521435461925	0.100235059207117	0.0597947655094845	0.0310863695147586	0.0141014461617528	0.00620084503363706	0.00261808776386239	0.00080880587395266	0.000197988937894661	7.58255506830618e-05	1.05313264837586e-05	
0.0063297392635135	0.0323949790935712	0.0851119739494756	0.144181832323925	0.180024427622133	0.178958609685699	0.149262861815759	0.102816744483289	0.0623556047938683	0.0329394501893036	0.0152641105255302	0.00646848479370011	0.00266139153357957	0.000880823896184708	0.000296410905398673	3.78396900508944e-05	1.47154350197923e-05	
0.00625812948432845	0.0309906432257794	0.081181554986783	0.141767717031007	0.17883396970587	0.178189904753913	0.149498594385935	0.106751143372635	0.0637959971468132	0.0348193681030504	0.016617714933076	0.00722737380942391	0.00268954810556791	0.000954558805018252	0.00030420005874208	0.000106994503419628	1.25875886376033e-05	
0.00589538216059038	0.030350300752669	0.0797430218032563	0.137118023115441	0.178320613892359	0.180252149358079	0.149943838506839	0.107156128950987	0.0670578725816441	0.0351140550697557	0.0172326555463411	0.00736292921552367	0.00297918350636672	0.00106444400121771	0.000275033854358027	0.000102875258500331	3.14924260715298e-05	
