# <P(N_1)> as a function of N_tot.
# number_of_species: 2
# species_total_upper_bound: 100
# species_total_lower_bound: 0
# volume: 512
# Bin widths for each species index 
1	1	1	1	1	1	1	1	1	1	1	1	1	1	1	1	1	1	1	1	1	1	1	1	1	1	1	1	1	1	1	1	1	1	1	1	1	1	1	1	1	1	1	1	1	1	1	1	1	1	1	1	1	1	1	1	1	1	1	1	1	1	1	1	1	1	1	1	1	1	1	1	1	1	1	1	1	1	1	1	1	1	1	1	1	1	1	1	1	1	1	1	1	1	1	1	1	1	1	1	1	
# Bin lower bound for each species index 
0	0	0	0	1	1	2	2	2	4	4	5	6	7	8	9	10	11	10	11	12	14	15	15	16	18	18	19	20	21	22	22	22	23	24	25	25	26	27	29	30	31	32	33	34	35	35	36	37	37	37	38	40	41	41	42	44	45	45	46	47	48	48	49	49	50	51	54	55	56	56	57	58	59	60	61	62	62	63	63	64	65	66	67	70	70	71	71	72	73	73	73	77	78	79	79	80	81	82	83	84	
# Bin upper bound for each species index 
0	1	2	3	4	5	6	7	8	9	10	11	12	13	14	15	16	17	18	19	20	21	22	23	24	25	26	27	28	29	30	31	32	33	34	35	36	37	38	39	40	41	42	43	44	45	46	47	48	49	50	51	52	53	54	55	56	57	58	59	60	61	62	63	64	65	66	67	68	69	70	71	72	73	74	75	76	77	78	79	80	81	82	83	84	85	86	87	88	89	90	91	92	93	94	95	96	97	98	99	100	
# Normalized histogram for each species index 
1	
0.0504902721290163	0.949509727870984	
0.00253271422541157	0.0949649483397309	0.902502337434858	
0.000120089614413904	0.00709906802584486	0.134842918846982	0.857937923512759	
0.000487811594573489	0.0132358234672783	0.170987798809189	0.815288566128959	
6.26522253287284e-05	0.00122563415799325	0.0214583871750895	0.201628566282139	0.77562476015945	
0.000152377380163981	0.00214891177154333	0.0303211450964764	0.230310595893234	0.737066969858582	
1.36781530585327e-05	0.000175861967895421	0.00368333121647631	0.0400027356306117	0.256172266567663	0.699952126464295	
1.96788800355794e-06	1.57431040284635e-05	0.000244018112441185	0.00543727455383059	0.0512556109406701	0.279963554714174	0.663081830686852	
2.74003702964329e-05	0.00063608002473862	0.00766818934438743	0.0641129521550391	0.298969354642993	0.628586023462546	
1.76437376493836e-05	7.05749505975346e-05	0.00088806812835231	0.0109214736049685	0.0759131614441203	0.314868181675606	0.597320896458706	
9.76982297080777e-06	9.1836335925593e-05	0.00143225604752042	0.0139083199812419	0.0868517722458869	0.327156199929657	0.570549845636797	
1.95077416472727e-05	9.94894824010909e-05	0.00232922435268436	0.0176759647065938	0.0983209686764192	0.340302799165849	0.541252045874405	
3.87929195163299e-06	0.000238576455025429	0.00293856365336199	0.0217182159912173	0.110924474064994	0.350340795797951	0.513835494745499	
9.70843624275751e-06	0.0003883374497103	0.00395133355080231	0.0257487146030415	0.123013653944732	0.359309225344455	0.487579026671016	
1.16370858409637e-05	0.000599309920809631	0.00489727362473889	0.0305298947037683	0.136260577626151	0.365707059638125	0.461994247400566	
5.04685813669998e-05	0.000760910919071689	0.00619404781315755	0.0361956783365556	0.146912099260053	0.371563283718836	0.43832351137096	
0.000119998064547346	0.000869018241641264	0.00783664779600329	0.0415832002709634	0.157538104224125	0.374512023999613	0.417541007403106	
5.78377919844532e-06	5.78377919844532e-06	0.000169657523154396	0.00132448543644398	0.0092656142759094	0.0471185212033345	0.169846459941545	0.375828044388577	0.396435649672638	
1.1528950154584e-05	7.68596676972267e-06	0.000205599611090081	0.00188690484196692	0.0113310365102636	0.0539650941819153	0.180779702898955	0.377029335413668	0.374783111625217	
7.68475594175723e-06	2.30542678252717e-05	0.000366947096218908	0.00225355467992031	0.0136404417966191	0.060997750287698	0.191046875090056	0.376612598004653	0.355051094021068	
1.54306699996914e-05	0.000405055087491899	0.00297040397494059	0.0167808536246644	0.0667607937536648	0.198959201308521	0.374099234638768	0.34000902694195	
2.89506545742999e-05	0.000517251695060825	0.00357058073083032	0.0189240778734007	0.0723804965230264	0.207346518104774	0.375642463276095	0.321589661142238	
1.93086350146649e-06	9.07505845689251e-05	0.000662286181003006	0.00455104527295652	0.0216276020799262	0.0799338872337098	0.214609685597496	0.372023332554552	0.306499479632286	
1.55134064919728e-05	0.000131863955181769	0.000882324994230952	0.00511360661491653	0.0239759697333439	0.0862739318534836	0.223610241175296	0.368561693908855	0.291434854358201	
0.000191221577520069	0.0011531240583786	0.00619055713082646	0.0266454713322156	0.0947531889578231	0.231874512288401	0.364238474554009	0.274953450100826	
1.92968609796244e-05	0.00016595300442477	0.00142410834029628	0.00716299479563659	0.030676219899309	0.100575239425803	0.238858474891889	0.360268535117392	0.260849177664269	
1.36022432042221e-05	0.000242897200075395	0.00159340563249459	0.00857524275146176	0.0341377440873964	0.107644266363013	0.244455628511079	0.355115706510228	0.248221506701048	
2.53048258249373e-05	0.000268620458757027	0.00204774436675647	0.00951072146004952	0.0382920410483205	0.114029384742358	0.249752791316941	0.348426039833689	0.237647351947304	
4.84604126888745e-05	0.000358607053897671	0.00223305581670334	0.0114211500625139	0.0430561074658112	0.120563691520397	0.253703829341811	0.343473836223189	0.225141262102988	
6.20472489800983e-05	0.000420757907146292	0.00287550219492143	0.0134875207470489	0.0458742457381296	0.127547815161245	0.258114616780678	0.338221493167047	0.213396001054803	
5.8320259875078e-06	0.000122472545737664	0.000645410875950863	0.00349921559250468	0.0146189451420196	0.0495683328764913	0.133741963954191	0.2620445916707	0.333269181047471	0.202484054268946	
1.94345328326998e-06	1.94345328326998e-05	0.000202119141460078	0.00080847656584031	0.00408902570800003	0.0161598140503899	0.0530446139135707	0.141726330682463	0.265613703677791	0.326261106835514	0.192073431438855	
9.72401306129434e-06	4.4730460081954e-05	0.000175032235103298	0.00101518696359913	0.00467919508509484	0.0178941288353939	0.0578345400833542	0.149473639172992	0.270061125146103	0.31751430888522	0.181298389119996	
1.75624491420744e-05	5.85414971402479e-05	0.000251728437703066	0.00115521887690089	0.00539947741956886	0.0202787746093819	0.0631409074322333	0.155792583572866	0.270610021914034	0.312063256039043	0.171231927751987	
9.78023805099416e-06	7.62858567977545e-05	0.000248418046495252	0.00141813451739415	0.00608135202010817	0.0221111621856876	0.0687335569747768	0.159505902373664	0.274210490283333	0.303142390485784	0.164462527017908	
1.95605908863295e-06	1.95605908863295e-05	4.30332999499249e-05	0.000283628567851778	0.00143379131196795	0.00675818415122684	0.0249358412618928	0.0719086442163245	0.167006368928393	0.273920646594892	0.296325347396094	0.157362997621432	
9.79485652494162e-06	1.37127991349183e-05	5.48511965396731e-05	0.000256625240953471	0.0016279051544453	0.00762039837640458	0.0274001316428717	0.0765448447711138	0.172493300318137	0.276567568838252	0.289743609835603	0.14766725697002	
9.81922801229367e-06	1.57107648196699e-05	6.08792136762208e-05	0.00034170913482782	0.00193831560962677	0.00847202992900698	0.0293457448375409	0.0822890584342259	0.176292455887118	0.277662238194833	0.282014120049882	0.141557918716431	
9.78511879134213e-06	7.04528552976633e-05	0.000428588203060785	0.00223687815570081	0.00981447414771615	0.03130650906102	0.0864906649966731	0.18207561939802	0.276860151082234	0.277112607147051	0.133594269834436	
9.76884948352093e-06	0.000119179963698955	0.000599807358288185	0.00270206376714189	0.0104292237086069	0.0343570436335431	0.0920108395153869	0.187364579324035	0.277312237828502	0.268049414748227	0.127045841303086	
2.15795441615562e-05	0.000127515488227378	0.000588533022587897	0.00309960725229626	0.0115862534380137	0.0372639492135237	0.0973198206151347	0.191494913112908	0.277693421377874	0.260800561852859	0.120003845082414	
1.17608547789253e-05	0.000131329545031333	0.000860502541324703	0.00343024931051989	0.0130094655279546	0.0407376408117342	0.101915647229241	0.194834240552603	0.276254638187103	0.254481375706386	0.114333149733323	
1.75980603026866e-05	0.000170114582925971	0.000915099135739705	0.00403191114934887	0.0146689609323061	0.0434593875875015	0.104798404442533	0.199669547534316	0.276088146728716	0.248410308552657	0.107770521293653	
4.12140481026819e-05	0.000190369650760007	0.000993062301902715	0.00454924588104841	0.0164110414397441	0.0464109433110581	0.109515538677422	0.203673938002296	0.273777071251239	0.242782144504303	0.101655430932124	
6.11021647905674e-05	0.000222727245849488	0.00124766678427191	0.00505768241459987	0.0175855972342401	0.049717451763783	0.113709157637672	0.205348607560506	0.273311954145782	0.235440438201073	0.0982976148474318	
5.95133002307132e-06	5.5545746881999e-05	0.00031542049122278	0.0014521245256294	0.00568748772538183	0.0189172943666694	0.0527029949076453	0.118578266933022	0.209597908305875	0.2693810021643	0.228886168910649	0.0944198345927009	
3.97679935257707e-06	0.000115327181224735	0.000367853940113379	0.00162054573617515	0.00628533137674805	0.0209139877952028	0.0567548919603036	0.122439686866819	0.211118335629935	0.269730392887892	0.221754285498402	0.0888953843278314	
1.59752383805102e-05	0.000133792621436773	0.000399380959512755	0.00196096051120763	0.00718086965203934	0.0224412161150217	0.0602466177424991	0.127877789426389	0.215286306225351	0.266776496430533	0.214100144775598	0.0835804503020318	
1.99344555102822e-06	7.97378220411288e-06	7.97378220411288e-05	0.000464472813389575	0.0023243575124989	0.00828475971007328	0.0246449673473619	0.0648527641116011	0.132011944725742	0.217104161516932	0.2626025627736	0.20781271180359	0.0798075926354148	
1.98517865615316e-06	7.94071462461264e-06	7.94071462461264e-06	0.000103229290119964	0.00057768698894057	0.00266013939924524	0.00903653324280919	0.0272048883039229	0.0675496741329236	0.136467136359937	0.218945353987132	0.260439558258045	0.201715988430379	0.0752819449986401	
3.9803371345553e-06	1.99016856727765e-06	7.96067426911059e-06	0.000147272473978546	0.000654765458634346	0.00273250144287221	0.00972993412542042	0.0288056998427767	0.0698111330029653	0.141483073616335	0.221491830358031	0.25952196151014	0.193965808904014	0.0716420880848608	
5.96317145310562e-06	2.58404096301244e-05	0.000226600515218014	0.000810991317622364	0.0030769964698025	0.0105289730623668	0.0306685907833222	0.0725260789364882	0.144976624367904	0.223909137168845	0.25657340266514	0.187756416372484	0.0689143847597239	
1.78095799709506e-05	4.15556865988847e-05	0.0001800746419285	0.0010468075338481	0.00354608525643816	0.0117958784674263	0.0326766215622564	0.0770857986409312	0.149798355977884	0.225500943907738	0.251481163400917	0.18182789613453	0.0650010092095317	
1.98744333302197e-06	1.58995466641757e-05	2.78242066623075e-05	0.000276254623290053	0.00118650366981411	0.00416369378268102	0.0121432787647642	0.0350863246011698	0.0811314117406227	0.154376648335814	0.225779524961295	0.247383033991243	0.176868544535624	0.0615590697970224	
3.99524565766738e-06	1.19857369730021e-05	3.1961965261339e-05	0.000331605389586392	0.0011506307494082	0.0045006442333623	0.0134539897521949	0.0366983289885037	0.0857299813222265	0.157382714569662	0.228905602333223	0.243791887653692	0.170567025239964	0.0574396468202839	
1.40257512793489e-05	6.41177201341663e-05	0.000306562849391483	0.00128636176019171	0.0051314212894875	0.0145226636103887	0.0399693837886359	0.0892117928516757	0.161205974168573	0.22952941600779	0.239728140866631	0.164039175927002	0.0549909634088186	
2.00281194797496e-05	7.41040420750734e-05	0.000340478031155743	0.00163830017344351	0.00540759225953238	0.0164230579733946	0.0426198382529071	0.0929645221891536	0.16264435267115	0.228747161014064	0.236297762057929	0.160184899599037	0.0526379036166778	
6.01630418433956e-06	3.81032598341506e-05	6.4173911299622e-05	0.000501358682028297	0.00183497277622357	0.00604036940107692	0.017948640816613	0.0453067813775331	0.0960101876084188	0.165921647665173	0.229227205727522	0.232064895867802	0.154737338186485	0.0502983084158068	
2.00443380758237e-06	3.00665071137356e-05	0.000126279329877689	0.000529170525201746	0.00203450031469611	0.00663668033690523	0.0188777575998108	0.0475652142539297	0.0983495492028367	0.170082221874787	0.229283174381732	0.22909475760382	0.148829210212991	0.0485594134224906	
4.00474963306481e-06	2.60308726149213e-05	0.000192227982387111	0.000570676822711736	0.00190225607570579	0.00696025486226665	0.0202920663907394	0.0499632564221166	0.103056224682473	0.173119319512942	0.228947531772682	0.224928765515902	0.144955917718414	0.0450814666194106	
1.00179923141963e-05	3.80683707939459e-05	0.000174313066267016	0.000609093932703135	0.00217991512756911	0.00753954101566413	0.0216989713525492	0.0522257975323681	0.107727478551478	0.17498627535053	0.230906708448373	0.221479777680715	0.137577088450858	0.0428469531278176	
4.00657077607276e-06	2.00328538803638e-06	3.40558515966185e-05	0.000182298970311311	0.000649064465723787	0.00244200488801635	0.00838575263432029	0.0225289474738571	0.0551023678833287	0.110304900036059	0.179730758443848	0.23042189190272	0.216797547978685	0.132849873793021	0.0405645258223487	
4.0047897285153e-06	4.0047897285153e-06	7.60910048417908e-05	0.000174208353190416	0.000760910048417908	0.00315577430607006	0.00922303074477075	0.0246715071225185	0.057502773316887	0.113768066607663	0.181412969912015	0.229396358044221	0.211887417351152	0.129731158465525	0.0382317251432714	
2.00678292629086e-06	4.01356585258173e-06	6.02034877887259e-06	6.62238365675985e-05	0.000240813951154904	0.00111777808994401	0.00348176837711465	0.00967871405350083	0.0260339949027714	0.0604463085228071	0.117103810880777	0.18269751760952	0.228542473560635	0.208271959222171	0.124932271076238	0.037374325219241	
4.03376259290259e-06	4.03376259290259e-06	2.82363381503182e-05	5.84895575970876e-05	0.000272278975020925	0.00128273650454303	0.003727196635842	0.0109012434073193	0.0281899498804998	0.0642860744430886	0.120417897804625	0.18558131561167	0.224386111755393	0.204041830118088	0.121008844024485	0.0358097274184928	
2.01826122758721e-06	4.03652245517442e-06	3.02739184138081e-05	0.000111004367517296	0.000308793967820843	0.00123315761005578	0.00420000161460898	0.0117422438221024	0.030709862838967	0.0665743648531917	0.123537769740613	0.186919245331762	0.224489178083298	0.198558557831257	0.117630319127465	0.0339491721092444	
4.24729790952042e-05	0.000109216231959096	0.000376189243414666	0.00145419390330723	0.00468416283735681	0.0128511099605204	0.0324089055724549	0.0687050999935279	0.125869684810045	0.190123212089832	0.222608973529221	0.195292780402563	0.113172286583393	0.0323017118633098	
3.84120848462304e-05	9.29976791013998e-05	0.00044072813139359	0.00151222312973581	0.00516945794483216	0.0136908757146669	0.0338895672777558	0.0713534801348871	0.130158338657114	0.19072813139359	0.221126242327691	0.192050315787771	0.108708221803508	0.0310410079331064	
4.05987503704636e-05	0.000109616626000252	0.000456735941667715	0.00160162070211479	0.00530219679838255	0.0151352141381088	0.0360131215161197	0.074872215433209	0.132981206838454	0.191589562873255	0.219371287751763	0.187275945646393	0.10614137296854	0.0291093040156224	
4.07059221010769e-06	3.8670625996023e-05	0.000142470727353769	0.000580059389940345	0.00198644899853255	0.00595934699559765	0.0164696160820957	0.037384318857629	0.0781024527353362	0.135601602999212	0.192184870015814	0.217558906557521	0.183435132060188	0.103053147687191	0.0274988856753825	
2.04266306068548e-06	1.63413044854838e-05	0.00014911440343004	0.000606670929023587	0.00220607610554032	0.00612186119287437	0.0173646786788872	0.0392804106569817	0.0812550938910076	0.136791017184924	0.19470664294454	0.215065865670392	0.181758201802854	0.0985094687646178	0.026166513807381	
1.22998204226218e-05	1.84497306339327e-05	0.000157847695423647	0.000666240272892016	0.00246406402466524	0.00667060260920191	0.0176133428451945	0.0421330348576911	0.0827203922822727	0.13914581847105	0.195325248251376	0.216148844226874	0.176600821628004	0.0958586504637032	0.0244643428205948	
2.05432455862837e-06	4.31408157311957e-05	0.000203378131304208	0.00084432739359626	0.00250833028608524	0.00736269921812407	0.0189963391936365	0.0440816963790475	0.0845662704559368	0.142898816298189	0.196374938883844	0.214292757684201	0.173933497405388	0.0905258660005177	0.0233658875298391	
8.204909407544e-06	6.3588047908466e-05	0.000198969053132942	0.000906642489533612	0.00284094988236211	0.0078685081218347	0.0205327857923789	0.046296201332067	0.0888653225657572	0.146287381054454	0.197354737207008	0.212412797197203	0.167181182860765	0.0866130749333864	0.0225696545528017	
2.03992542032663e-06	8.56768676537186e-05	0.000283549633425402	0.000979164201756784	0.00292117320190774	0.008624804677141	0.0216660478892892	0.0487236186645016	0.0923005054935192	0.148869677324597	0.198392946753867	0.209002598864985	0.162851326155516	0.0838429747008449	0.0214538956455752	
1.83575312791936e-05	0.000124423267558979	0.000269243792094839	0.00113408748791463	0.00326764056769646	0.00917468618820141	0.02314272776597	0.0510278177790651	0.0952572298077355	0.150709212625086	0.199062950014482	0.206365168012206	0.15882324145049	0.0814095320461304	0.0202136816640898	
2.04650477449564e-06	4.09300954899128e-05	8.59532005288168e-05	0.000276278144556911	0.00125246092199133	0.00360184840311232	0.0100606174714206	0.0244352670074779	0.0535467974246784	0.0975712081336286	0.153557439249506	0.199499424932158	0.203909642721196	0.155517990823473	0.0773169503804452	0.0193251445855623	
2.04236268685066e-05	2.04236268685066e-05	7.35250567266236e-05	0.000308396765714449	0.00123971415091835	0.00408472537370131	0.010830649328369	0.0261422423916884	0.0557401624495281	0.099804137418331	0.156230533730641	0.19799480831405	0.202065237148943	0.152290816107706	0.075216133031336	0.0179380714786093	
4.07631680318931e-06	1.42671088111626e-05	3.26105344255145e-05	9.98697616781381e-05	0.000330181661058334	0.00131868848583174	0.00445541426588592	0.0121046227470707	0.0279186937850436	0.057955034149344	0.103905315313296	0.15714405092135	0.198830504709165	0.199185144271042	0.147697186729958	0.0719001139330546	0.0171042253061823	
1.22377551062033e-05	1.01981292551694e-05	2.85547619144744e-05	8.9743537445491e-05	0.000428321428717116	0.00145629285763819	0.00496037006971441	0.0131474282357644	0.0292135610643584	0.0598813753605039	0.106635718743754	0.159294778965747	0.200062820476212	0.197460257890293	0.143142981851409	0.0679970466217677	0.0161783122504008	
8.14891324055796e-06	2.24095114115344e-05	2.44467397216739e-05	0.000112047557057672	0.000480785881192919	0.0016766388992448	0.00546995801272453	0.0135292332076363	0.0299798518120127	0.0620539743268488	0.110093855108248	0.162538223496169	0.200365478758839	0.194288426709693	0.138959343034615	0.0653440980477241	0.0150530799836207	
2.03548667468648e-06	1.22129200481189e-05	1.42484067228054e-05	0.000126200173830562	0.000472232908527264	0.00189096712078374	0.00556094959524348	0.0140163612418911	0.0320751990197096	0.0647956473152948	0.112326296655899	0.164858136756208	0.199585574913034	0.191016176012604	0.134999582725232	0.0634339067299296	0.0148142720183682	
1.02126268918891e-05	2.04252537837783e-06	2.45103045405339e-05	0.000163402030270226	0.000537184174513368	0.00190159112726976	0.00573336873710656	0.0148348618231582	0.0336710308625585	0.0672971261667926	0.115316897812455	0.168136604097306	0.199084948630487	0.18670315978676	0.131262893441451	0.0609693825445781	0.0143507833084826	
3.88854210370128e-05	0.000171914493005741	0.000667191960950851	0.00232903206000634	0.00594537621644853	0.0157056168967387	0.0355985796588316	0.0691669310193097	0.117982460628511	0.168347267275872	0.198233783244477	0.184910410036532	0.128471291302969	0.0594455757600565	0.0129856840252551	
6.14160074681865e-06	6.14160074681865e-05	0.000194484023649257	0.000753369691609755	0.00226420347532714	0.00650395519088095	0.0166601156258701	0.0365732324473051	0.0722477439853257	0.120184985014494	0.16886126533353	0.199122979413354	0.182600026204163	0.125290702435349	0.0563839892562931	0.0122913902946331	
2.66607602828502e-05	3.48640711391117e-05	0.000190726977408082	0.000890059227904382	0.00246919656773474	0.0072599301077915	0.0175325261275451	0.0383361224590245	0.0752141064133484	0.123080425259635	0.171617364768421	0.196680530262014	0.17982477728011	0.121536151990944	0.0534712309888271	0.0118353267378714	
3.69090704040518e-05	2.05050391133621e-05	3.8959574315388e-05	0.000262464500651035	0.00102935296349078	0.0031372709843444	0.00794775316033915	0.0186103734992875	0.0404584926745748	0.0772998964495525	0.125230425377036	0.172004470098527	0.195714446825307	0.177768436593293	0.118127479828168	0.0514061330571988	0.0109066303043973	
1.64075302360018e-05	3.28150604720036e-05	7.79357686210086e-05	0.000328150604720036	0.00105623475894262	0.00354812841353539	0.00826734429766541	0.0200541038309532	0.0422822054181767	0.0792073522142988	0.127937717015224	0.173433747418378	0.195251660749701	0.174272582401693	0.11523213578872	0.0484083670200438	0.0105931117086187	
2.04878148721048e-05	3.07317223081572e-05	0.000118829326258208	0.000446634364211885	0.00122722011083908	0.00349726999866829	0.00902078488818775	0.020762351591391	0.0445179729355966	0.0815312592835411	0.130068941497045	0.174130036160993	0.194705948637048	0.171214620104693	0.110974298036243	0.0478165111300054	0.00991610239809873	
1.026533846874e-05	1.026533846874e-05	4.9273624649952e-05	0.000119077926237384	0.000459887163399552	0.00124826515779878	0.00388440407657121	0.00949338501589074	0.0220006734062035	0.0458121525182928	0.0847403690594486	0.131831582750946	0.177171529699677	0.192635235568987	0.16761449958528	0.108225410408232	0.0454261757918682	0.00926754756957846	
2.05620006004104e-06	2.05620006004104e-06	1.23372003602463e-05	3.08430009006156e-05	0.000154215004503078	0.000479094613989563	0.00143934004202873	0.00381013871125605	0.0102275390986441	0.0229615860704783	0.0474982213869481	0.0860992651140985	0.134409685524763	0.179565895043324	0.189445936331821	0.164911357215412	0.105678402085809	0.0441034350878203	0.00916859606772301	
1.85571219141053e-05	0.000197942633750456	0.00056496126716276	0.00163096482600636	0.00411968106493137	0.0107816878320952	0.0240438442933757	0.0494361727791764	0.0879648816777288	0.137194864213415	0.177556604376594	0.189546567035541	0.161420155921062	0.1031879073546	0.043617484107887	0.00871772349475967	
3.28985921458724e-05	0.000168605284747596	0.000590118496616585	0.00171278295359448	0.00447009620782041	0.010998410586767	0.0256218347956072	0.0514945213563267	0.089346407782162	0.138034267996044	0.177872406922686	0.188576786342149	0.159663036169946	0.100984284753764	0.0421945005890904	0.00823904117053191	
6.78077547414059e-05	0.000149998972609777	0.000577393305525305	0.00165615304004767	0.00456777693303471	0.0119567674194012	0.0269361168759118	0.0537304539010007	0.0909918425216266	0.141874370723488	0.17718371791974	0.188363778330285	0.15709001993137	0.0970431709371854	0.0398586311052664	0.00795200032876487	
2.05171133242237e-06	9.64304326238515e-05	0.000166188617926212	0.00056216890508373	0.0017788337252102	0.00520929507302041	0.0125523699317601	0.0280592041822084	0.0552833618521209	0.0958600568734381	0.142829884406584	0.179871480802137	0.18634463005593	0.152267756535726	0.0935170025318118	0.0381146414224104	0.00748464294067682	
1.02381600797757e-05	6.34765924946096e-05	0.000215001361675291	0.000696194885424751	0.00209472755232212	0.00593608521425398	0.0136577055464208	0.0292238041317119	0.058347274294642	0.0984091946868044	0.144366247652902	0.179022419522943	0.185021981329691	0.149038943913311	0.0905606211696484	0.0365399933247196	0.00679609066095514	
1.02080815339888e-05	7.34981870447196e-05	0.000204161630679777	0.000802355208571522	0.00259693594224676	0.00617384771175644	0.0141157351451998	0.0312898115179826	0.0600745598275243	0.100418939666155	0.145154836180708	0.180311468983765	0.183008444125045	0.146365514650639	0.0880630777774148	0.0348626400548786	0.00647396530885572	
1.4262283391571e-05	4.88992573425291e-05	0.000289320605943297	0.000878149163109585	0.00263241002027282	0.00648118906694105	0.0152749055123725	0.0331047972208922	0.0625482625482626	0.103079634478051	0.149167184523385	0.178791984596734	0.179979829056346	0.143867727508888	0.0850989700593922	0.0324670694063834	0.00627540469229124	
1.21973531743612e-05	0.000113841962960704	0.000298835152771849	0.00093919619442581	0.00268748348275091	0.00726758959972353	0.0166229594844585	0.0349840417962635	0.0640279725966132	0.106928096603037	0.149179727999024	0.178154540464719	0.178705454249761	0.141649895306052	0.081199812973918	0.031013803338009	0.00621455144233701	
3.0524036661403e-05	0.000120061210868185	0.000270646458397773	0.0010378172464877	0.00303205430836603	0.00738885180783695	0.0173681768603383	0.0353142754814658	0.0670572386735475	0.10698471356244	0.149834356227717	0.180368567568008	0.178077229882625	0.136947107949273	0.0800055350253146	0.0302126914874567	0.00595015221319615	
