# <P(N_1)> as a function of N_tot.
# number_of_species: 2
# species_total_upper_bound: 100
# species_total_lower_bound: 0
# volume: 512
# Bin widths for each species index 
1	1	1	1	1	1	1	1	1	1	1	1	1	1	1	1	1	1	1	1	1	1	1	1	1	1	1	1	1	1	1	1	1	1	1	1	1	1	1	1	1	1	1	1	1	1	1	1	1	1	1	1	1	1	1	1	1	1	1	1	1	1	1	1	1	1	1	1	1	1	1	1	1	1	1	1	1	1	1	1	1	1	1	1	1	1	1	1	1	1	1	1	1	1	1	1	1	1	1	1	1	
# Bin lower bound for each species index 
0	0	0	0	1	2	3	3	4	4	5	6	7	8	9	10	11	11	12	13	14	15	15	16	17	18	19	20	21	21	22	22	23	24	25	26	27	27	28	29	30	31	32	34	34	35	36	37	37	39	40	40	41	41	42	43	45	47	47	47	48	49	51	51	53	54	54	54	55	56	57	58	59	60	61	62	62	63	64	66	67	67	68	69	70	70	71	71	72	73	75	76	77	78	79	80	80	81	82	83	84	
# Bin upper bound for each species index 
0	1	2	3	4	5	6	7	8	9	10	11	12	13	14	15	16	17	18	19	20	21	22	23	24	25	26	27	28	29	30	31	32	33	34	35	36	37	38	39	40	41	42	43	44	45	46	47	48	49	50	51	52	53	54	55	56	57	58	59	60	61	62	63	64	65	66	67	68	69	70	71	72	73	74	75	76	77	78	79	80	81	82	83	84	85	86	87	88	89	90	91	92	93	94	95	96	97	98	99	100	
# Normalized histogram for each species index 
1	
0.0492564918251091	0.950743508174891	
0.00282889643261271	0.0927580251325115	0.904413078434876	
0.000280054242084783	0.00666234302222746	0.136725428925181	0.856332173810506	
0.00055971248453426	0.0108996641725093	0.173893831379249	0.814646791963707	
0.000889270946036075	0.0201123445628492	0.205139986068089	0.773858398423026	
0.00220498897505512	0.0311548442257789	0.236278818605907	0.730361348193259	
0.000151816484233858	0.00400795518377385	0.0394115593071096	0.259165920235619	0.697262748789264	
0.00010676590812031	0.00454517723140748	0.0492495881886401	0.283417729241657	0.662680739430175	
3.07929176289453e-05	0.000600461893764434	0.00682063125481139	0.064788298691301	0.300508083140878	0.627251732101617	
0.000247716364762347	0.0011611704598235	0.0093822573153739	0.0747793776126335	0.318903855085927	0.59552562316148	
7.64093708452405e-05	0.00128367743020004	0.0128520561761694	0.0851047572474288	0.325626174794077	0.57505692498128	
0.000180850903500972	0.00224556538513707	0.0176631049085949	0.0968908715506458	0.341762994890962	0.541256612361159	
0.000297057644035825	0.00304484085136721	0.0223535877136958	0.113639401725905	0.351760809185022	0.508904302879974	
0.000268636668905306	0.00380568614282516	0.0262069994776509	0.123408700843221	0.362107305424968	0.48420267144243	
0.000340292059358771	0.00457174984095045	0.0293538889464262	0.135155128793147	0.369645948305198	0.46093299205492	
0.000677337181393842	0.00619910768188712	0.0347061681857671	0.148292668561247	0.37059178655044	0.439532931839265	
5.84641468619369e-05	0.000833114092782601	0.00762957116548277	0.0421234178140256	0.159753281300243	0.371598117454471	0.418004034026133	
0.000392784405004364	0.00145475705557172	0.00881582775676462	0.0474105324410823	0.173159732324702	0.376025603724178	0.392740762292697	
0.000423945618010379	0.00162268839997076	0.010744828594401	0.0545281777647833	0.185322710328192	0.376463708793217	0.370893940501425	
0.00047593636874973	0.00203354630283975	0.014710760488628	0.0628091783607598	0.192523472316368	0.370393873400926	0.357053232761729	
0.000519113469552553	0.00271092589655222	0.0179815137925565	0.0699937994780026	0.197854330992516	0.367301619345629	0.343638697025191	
1.42539483436912e-05	0.000612919778778722	0.00391983579451508	0.0189577512971093	0.0734220879183534	0.204700952163749	0.370745196419408	0.327627002679742	
5.69768104381517e-05	0.000925873169619965	0.0055979716255484	0.0204404307446869	0.0798814882342886	0.218833684690331	0.369209731639223	0.305053843085864	
0.000332879844849046	0.000767070946826063	0.00434191101977017	0.0229542362578516	0.0882131588849973	0.22336237589371	0.36875850290908	0.291269864242915	
0.000145125243084782	0.00137868980930543	0.00648709836588976	0.0258322932690912	0.0935477316924506	0.230995849418048	0.363843496937857	0.277769715264273	
0.000158746193699219	0.00170291371422799	0.00792287821280649	0.0296711067495995	0.0976144776528654	0.234684600176064	0.363283448544586	0.264961828756151	
0.00025891829689298	0.0019994246260069	0.00893268124280783	0.0333429228998849	0.105624280782509	0.243167433831991	0.355092059838895	0.251582278481013	
0.000186620729256388	0.0027418891759977	0.0100200976169968	0.0377548090726385	0.112575366063738	0.253474016652311	0.346755670399081	0.23649153028998	
2.8407073361267e-05	0.000440309637099638	0.0030537603863362	0.0117179177615226	0.0427384418720261	0.12129820325261	0.258660606491016	0.342191605709822	0.219870747816206	
0.000127926314442881	0.000440635083081034	0.00291387716231007	0.0133469788068739	0.046465680212642	0.129262433727062	0.259590920074482	0.339289013972396	0.20856253464671	
1.42793905556111e-05	8.56763433336665e-05	0.000585455012780055	0.00355556824834716	0.0138081706672759	0.0489925889963016	0.135254387342748	0.26112721509046	0.336079736116863	0.200496922791335	
2.86504218774621e-05	0.000200552953142235	0.00101708997664991	0.00389645737533485	0.0166602203217442	0.0531178821608148	0.140530319308952	0.267021931897947	0.323491913418425	0.194034982165112	
7.16250286500115e-05	0.000229200091680037	0.00120330048132019	0.00532890213156085	0.018951982580793	0.0572140728856292	0.147762434104974	0.271573458629383	0.317284551913821	0.180380472152189	
8.60795087729366e-05	0.000272585111114299	0.00100426093568426	0.00619772463165144	0.0214051045148702	0.0606143207609429	0.153852775346829	0.274191928611394	0.310933532272642	0.171441688306099	
5.7867021584399e-05	0.000231468086337596	0.00134540825183728	0.00684277530235519	0.0230021410797986	0.0665904750882472	0.159915514148487	0.271193796655286	0.302007985648979	0.168812568717088	
2.90305255976659e-05	0.00014515262798833	0.00133540417749263	0.0066479903618655	0.0242404888740511	0.0724166461033777	0.164791778555151	0.267850144426865	0.302062618843714	0.160480745503897	
2.9014521768145e-05	0.00011605808707258	0.000159579869724797	0.0011605808707258	0.00729715222468846	0.0286808547678113	0.0753362057709884	0.169647908778344	0.278220249234742	0.28989859424642	0.149453801627715	
2.9445106959351e-05	0.000147225534796755	0.00013250298131708	0.00136919747360982	0.00858324867865082	0.029901506117221	0.0818868424539552	0.175213108961618	0.27856543438894	0.28176022849403	0.142411259808901	
1.46374308381393e-05	0.00020492403173395	0.000307386047600925	0.00196141573231067	0.0102169267250212	0.0318217746421148	0.086799964870166	0.183026435200094	0.27863813343482	0.273500395210633	0.133508006674668	
2.90216791943582e-05	0.000261195112749224	0.000711031140261776	0.00265548364628377	0.0102011202368169	0.0356386220506719	0.0917375279333662	0.189830803610297	0.276300896769887	0.263821574716313	0.128812723104159	
4.35799474135301e-05	0.00013073984224059	0.000406746175859614	0.00326849605601476	0.0118392190473424	0.0384665669170093	0.0976336088554453	0.193378753322971	0.275468847600924	0.257673702407066	0.121689739827714	
2.90444379901249e-05	7.26110949753122e-05	0.00108916642462968	0.00335463258785942	0.0139848968922451	0.0416642462968342	0.10108916642463	0.195251234388615	0.277635782747604	0.252526866105141	0.113302352599477	
0.000115298695683505	0.000821503206744974	0.00422281472940837	0.0156373856020754	0.0424731570224112	0.101491676875405	0.198962311738848	0.278648122793111	0.251005260502991	0.106622468833321	
4.30904468479338e-05	0.000143634822826446	0.000603266255871073	0.00458195084816363	0.0176239927608049	0.0462504129501156	0.105499777366025	0.204148173683228	0.272259806667528	0.248172246879533	0.100673647319056	
2.90061057852678e-05	0.000217545793389509	0.00118925033719598	0.00530811735870401	0.0167945352496701	0.0492233615175995	0.113573407202216	0.205160186219199	0.272338327217879	0.241127757392931	0.0950385056054299	
2.90035819423699e-05	0.000261032237481329	0.00149368447003205	0.00620676653566715	0.017561668866105	0.0527865191351132	0.119030700291486	0.213538872050698	0.272068100410401	0.228461214960048	0.0885624374610264	
0.000101169227211632	0.000433582402335564	0.00176323510283129	0.00657599976875605	0.0215490453960775	0.0574496683094622	0.122429217672819	0.214233064994002	0.270844473992282	0.217557196745241	0.0870633463889812	
1.45283375223373e-05	4.3585012567012e-05	0.000479435138237132	0.00248434571631968	0.007278697098691	0.0210515610698668	0.0599003356045968	0.128590315410208	0.215891095581933	0.26305007917944	0.21792506283506	0.0832909590155598	
2.86865847186563e-05	0.000645448156169767	0.00242401640872646	0.00870637846211219	0.0256888366155567	0.0645161290322581	0.135099470732512	0.215723117084296	0.260545905707196	0.209153889183723	0.0774681220327314	
0.000227211406012582	0.000610630653658814	0.00336556895156137	0.00904585410187591	0.0263849245232111	0.0670841676252148	0.136909072835456	0.218790383277241	0.259745239211008	0.202970789133615	0.0748661582811457	
2.81321649107507e-05	0.000196925154375255	0.000478246803482762	0.00323519896473633	0.00922735009072623	0.0274569929528927	0.0670811472296851	0.140773353213397	0.222103441970377	0.257704696664932	0.198542753857623	0.0731717609328626	
6.95410292072323e-05	0.00023643949930459	0.000556328233657858	0.00346314325452017	0.0108344923504868	0.0286787204450626	0.0693741307371349	0.1457719054242	0.220723226703755	0.261515994436718	0.18923504867872	0.0695410292072323	
2.76893257649176e-05	1.38446628824588e-05	0.00011075730305967	0.00107988370483179	0.00397341824726568	0.011947944067562	0.0301398310951128	0.0754395680465181	0.147487193686834	0.226277170150907	0.253509622040703	0.184466288245881	0.0655267894226776	
1.38024319885164e-05	1.38024319885164e-05	0.000193234047839229	0.00154587238271383	0.00505169010779699	0.0119391036700667	0.033250058660336	0.0799988958054409	0.14978399193938	0.225573145988323	0.24997584574402	0.180839463913542	0.0618210928765648	
1.38230374742546e-05	5.52921498970184e-05	0.000345575936856365	0.00156200323459077	0.00493482437830889	0.0128830709260053	0.0348478774725958	0.0846246354173866	0.155619755885158	0.228328932999737	0.244529532919564	0.172539153753646	0.0597155218887798	
2.75379679733432e-05	0.000289148663720104	0.00137689839866716	0.0048053754113484	0.0136312941468049	0.0394068321698542	0.0875294312032715	0.156938879480083	0.227436077491842	0.240365153455327	0.168670053836727	0.0595233177743814	
0.000221067757267603	0.00151984083121477	0.00549906046203161	0.0148115397369294	0.0427351608267934	0.0899469437382558	0.16173869791091	0.226207582624074	0.239499281529789	0.164736929368852	0.0530838952138831	
2.74898974626825e-05	0.000426093410671578	0.00174560848888034	0.00581411331335734	0.0175110646837287	0.0442449899661874	0.0900981389339418	0.16591527613602	0.228977100915414	0.23477746928004	0.159730049206916	0.0507326057673805	
1.35345469310415e-05	9.47418285172904e-05	0.000690261893483116	0.0018271638356906	0.00702442985721053	0.0187453474994925	0.043053393787643	0.0963253705082222	0.170169858563985	0.228909792244705	0.228693239493808	0.153914867699804	0.0505379982405089	
1.35016539526092e-05	0.000283534733004793	0.00067508269763046	0.00184972659150746	0.00779045433065551	0.0194018767298994	0.0470667656787957	0.100668331870654	0.173361236751502	0.227367852561939	0.227705393910754	0.147532572740161	0.0462836697495443	
5.39337962650846e-05	0.000188768286927796	0.000674172453313558	0.00215735185060338	0.00782040045843727	0.0185936762623879	0.0501314636283961	0.106316995887548	0.180502932650172	0.22975797208926	0.223083664801456	0.138798624688195	0.041920043147037	
0.000231844527787249	0.000709171496760996	0.00255028980565973	0.00720081827480396	0.0209341970678486	0.0556972383225367	0.11255369928401	0.180770542107058	0.228107739515854	0.218602113876577	0.131960450051142	0.0406818956699625	
2.72840129326221e-05	0.000177346084062044	0.000859446407377597	0.00298759941612212	0.00815791986685402	0.0239280793419096	0.0569144509774498	0.114620138329946	0.180224547426435	0.232800840347598	0.211328322169625	0.131822708483964	0.0361513171357243	
0.000163345311989546	0.00112980507459436	0.00276325819448982	0.00916094958074703	0.0256043776543613	0.060791680278776	0.117077752368507	0.182347816617663	0.231582816073179	0.208905041925297	0.124700533594686	0.0357726233257106	
0.000178099269792994	0.000986395955776581	0.00323318674393435	0.0108640554573726	0.0284547833353883	0.064129437069308	0.122614497280561	0.188785225980573	0.224774978422588	0.201759072787802	0.120628005425178	0.0335922622717247	
8.28603388987861e-05	0.00027620112966262	0.00145005593072876	0.00426730745328748	0.0114071066550662	0.0305478449406858	0.0684012097609479	0.125809614561324	0.18767866760575	0.222811451298836	0.198560992114458	0.1171507091464	0.0315559790639544	
6.90378879929305e-05	5.52303103943444e-05	0.000510880371147686	0.00136695018226002	0.00477742184911079	0.0136556942450017	0.032392577046283	0.0705152987959792	0.127609632166133	0.18779686291837	0.223972716226665	0.196840826245443	0.108817519054457	0.0316193527007622	
9.67746395144678e-05	4.14748455062005e-05	0.000663597528099208	0.00153456928372942	0.005377904967304	0.014073797575104	0.0325162788768612	0.073023377987917	0.128668795708736	0.190411015718966	0.224448038931055	0.189332669735805	0.107751648625109	0.032060055576293	
5.55957080113415e-05	2.77978540056708e-05	0.000472563518096403	0.00138989270028354	0.00567076221715684	0.0149274476010452	0.0358036359593039	0.075902040362484	0.132234391504976	0.190415299938845	0.219603046644799	0.18514760660477	0.108411630622116	0.0299382887641074	
2.74936764544155e-05	0.000137468382272077	0.000467392499725063	0.00185582316067305	0.00562245683492797	0.0171285604311008	0.0368965138018256	0.0777108764984054	0.133536786539096	0.192222038931046	0.217749917518971	0.187176949301661	0.100888045749478	0.0285796766743649	
1.38506073491323e-05	0.000138506073491323	0.000498621864568761	0.00241000567874901	0.00656518788348869	0.0172024543276223	0.0382415268909542	0.0807351902380919	0.13695480546822	0.196720176179725	0.215653956425989	0.182412498788072	0.096760342941038	0.0256928766326403	
2.81100226285682e-05	0.000196770158399978	0.000632475509142785	0.00307804747782822	0.00694317558925635	0.0181169095841122	0.0393259216573669	0.083360272105019	0.142306989557127	0.198133494497463	0.217698070246947	0.176151456801923	0.0931144499571322	0.0209138568356548	
4.28100518001627e-05	0.000285400345334418	0.00108452131227079	0.00266849322887681	0.00796266963483026	0.0187936127402714	0.043766142957033	0.0862051743082609	0.145468556016953	0.202391654893902	0.217960243731895	0.168628794040841	0.0838791614937854	0.0208627652439459	
4.30045871559633e-05	0.000444380733944954	0.000974770642201835	0.00276662844036697	0.00809919724770642	0.0199397935779817	0.0476204128440367	0.0860665137614679	0.150659403669725	0.205203555045872	0.209145642201835	0.162815366972477	0.0835865825688073	0.022634747706422	
7.1256537787342e-05	0.000513047072068862	0.000997591529022788	0.00310678504752811	0.00912083683677977	0.0207784064187889	0.0476136185495019	0.0917499180549815	0.152660006555601	0.202297310778264	0.210035770781969	0.15790448773675	0.0817027462269663	0.0214482178739899	
1.42600462025497e-05	0.000142600462025497	0.000342241108861193	0.00129766420443202	0.00323703048797878	0.0092405099392522	0.0222741921683826	0.0516213672532299	0.0950717280323988	0.152611014459687	0.20016826854519	0.204503322590765	0.158086872201466	0.0808259418760517	0.0205629866240767	
1.43356843855726e-05	0.000114685475084581	0.000286713687711451	0.00153391822925626	0.00295315098342795	0.00997763633235851	0.0251161190435231	0.0539881873960663	0.0985578301508114	0.15386490051035	0.199323355697001	0.203036297952864	0.152804059865818	0.0780291301106715	0.0203996788806698	
1.43971896685767e-05	4.31915690057301e-05	0.000287943793371534	0.00112298079414898	0.00298021826139538	0.0110570416654669	0.0276570013533358	0.0571856373635866	0.102752742664632	0.154467447954159	0.196248092372369	0.200653632410953	0.150752973019667	0.0764058855711365	0.0183708140171039	
0.000101197016133696	0.000318047764991615	0.000997513444746429	0.0047562597582837	0.0117388538715087	0.0282773376510727	0.0608338634129417	0.105389463944949	0.151766610767363	0.195743942635749	0.1993292083502	0.149135488347886	0.0745966576071243	0.0170155554270514	
0.000102091415570399	0.00056879502960651	0.00103549864364262	0.00517749321821311	0.0133448064638451	0.0291981448531342	0.0595192952775428	0.106787620686638	0.155645655281043	0.200740891987282	0.199369950121051	0.145917801825978	0.0663594201207596	0.0162325350756935	
1.48060408646728e-05	0.000148060408646728	0.00037015102161682	0.00177672490376073	0.00568551969203435	0.0140805448623038	0.028235119928931	0.0610601125259106	0.109446254071661	0.16042345276873	0.203671898134439	0.199452176488007	0.138036718981344	0.0623778501628664	0.0152206100088836	
1.46468641063948e-05	7.32343205319741e-05	0.000527287107830214	0.00207985470310806	0.00580015818613235	0.0143246330960541	0.0295573717667047	0.0652517795939889	0.112458622608899	0.161423089316577	0.203430295573718	0.190467820839558	0.133520813193895	0.065178545273457	0.0158918475554384	
0.000102534055954299	0.000146477222791856	0.000571261168888238	0.00224110150871539	0.00616669107953713	0.0142961769444851	0.0338655339094771	0.065900102534056	0.113080415995313	0.16546067086568	0.200703090669401	0.188281822176652	0.129808114838143	0.0632342170792442	0.0161417899516625	
7.40258202060879e-05	0.000192467132535828	0.00115480279521497	0.00229480042638872	0.00586284496032216	0.0158119151960204	0.0360505744403648	0.0672746654032927	0.113496387539974	0.167786924079119	0.198315172332109	0.186974416676537	0.127605708871254	0.0634401279166173	0.0136651664100438	
1.50656863926721e-05	0.000135591177534048	0.000527299023743522	0.00122032059780644	0.00195853923104737	0.00718633240930457	0.0169338315053634	0.0364137640110883	0.0694980113293962	0.118130047004942	0.168298782692539	0.197239966252862	0.184720380860552	0.125241050982283	0.0591780161504158	0.0133030010847294	
0.000136229470975554	7.56830394308635e-05	0.000423825020812836	0.00102928933625974	0.00263376977219405	0.00817376825853326	0.0178914705214561	0.0360099901612049	0.0711420570650117	0.122954665859381	0.166351320669038	0.196745629304473	0.182184212517975	0.125088927571331	0.0568985090441232	0.0122606523877999	
0.000214697583118636	6.13421666053245e-05	0.000199362041467305	0.000444730707888603	0.000751441540915225	0.00381854987118145	0.00883327199116673	0.0175745307324255	0.0382775119617225	0.0764476751318857	0.12430990062569	0.168154214206846	0.195942215679058	0.178383020488284	0.122178260336155	0.0543031529873635	0.0101061219482272	
9.37749089601926e-05	3.12583029867308e-05	0.000140662363440289	0.000250066423893847	0.000890861635121829	0.00370410890392761	0.00815841707953675	0.0201616054264414	0.0416516887298189	0.0789584733444821	0.127549505337355	0.170701592610537	0.197052342028351	0.174655767938359	0.116015191535252	0.0489817607802072	0.0110029226513293	
6.18515254132455e-05	3.09257627066228e-05	0.000185554576239737	0.000371109152479473	0.00129888203367816	0.00381933169426791	0.0091076371171004	0.0212923876235098	0.0444712467721235	0.0775308871055032	0.130599495910068	0.17865813115616	0.192822130475793	0.170710210140558	0.114007824217965	0.0446568013483633	0.0103755933880719	
4.5916493204359e-05	0.000153054977347863	0.00045916493204359	0.00105607934370026	0.0038110689359618	0.00847924574507163	0.021779723276601	0.0444777764172891	0.0817925798946982	0.132147667442145	0.181538508632301	0.19589506550753	0.17123790865679	0.104812048487817	0.0426105056936452	0.00970368556385454	
6.02101333654454e-05	0.000180630400096336	0.000541891200289009	0.0011289400006021	0.00344703013517175	0.0100701448053707	0.0233163741457687	0.0464521178914411	0.0841737664448927	0.134072914471506	0.181262606496673	0.192958424902911	0.167459433422645	0.102914170454888	0.0419965680223982	0.00996477707198121	
2.99410161980898e-05	0.000239528129584718	0.000628761340159885	0.00179646097188539	0.00387736159765262	0.0116320847929579	0.0240426360070661	0.0491481780891643	0.0890146411569209	0.135123806101979	0.176157968801461	0.196293302194676	0.161007814605228	0.0995987903829456	0.0424563609688913	0.00895236384322884	
5.90388475616956e-05	0.000206635966465935	0.00079702444208289	0.001357893493919	0.00426555673633251	0.011246900460503	0.0260508914865982	0.0514375959381273	0.0901670799385996	0.136542094698311	0.178223521076869	0.191433463218798	0.160275711418113	0.0974731373243594	0.0427146062108868	0.00774884874247255	
8.94494387047721e-05	0.000238531836546059	0.000641054310717534	0.00135664982035571	0.00438302249653383	0.0130447098111126	0.0267751986522951	0.0542958092937967	0.0907464555659913	0.144341577589934	0.177795667665519	0.191541064746485	0.155135143193643	0.0925950772992233	0.0397006425451347	0.00731994573400719	
0.000196333101760957	0.000181230555471653	0.000770229860754523	0.00158576736037696	0.00601081342314314	0.0127465490681729	0.0287854532274141	0.0546561150209925	0.0958860663907935	0.145407315673423	0.180550940888634	0.187679342737185	0.148790286042227	0.0928655571329326	0.0361554958165947	0.00773250370012384	
3.01132257287401e-05	6.02264514574801e-05	0.000255962418694291	0.000707660804625391	0.00255962418694291	0.00629366417730667	0.0143188388340159	0.0286828475066249	0.0592778848470248	0.100819079739822	0.147088051072031	0.181793543724404	0.185693206456276	0.145386653818357	0.0860485425198747	0.0343742471693568	0.00660985304745844	
4.58652479016649e-05	0.000137595743704995	0.000244614655475546	0.00110076594963996	0.0031799905211821	0.00717026708862695	0.01496735923191	0.0317387515479521	0.0607561650537388	0.102829885795533	0.148511672705591	0.184363008148726	0.182895320215872	0.141784769680013	0.0812732192817502	0.0327783638337232	0.00622238529865921	
4.65441005352572e-05	4.65441005352572e-05	0.000480955705530991	0.00139632301605771	0.00316499883639749	0.00719882088278644	0.0183849197114266	0.0328911643782484	0.0621363742145683	0.105143123109146	0.1534869288651	0.182204638895353	0.177395081840043	0.138530757893104	0.0803506322240323	0.0313241796602281	0.00581801256690714	
4.66831613836889e-05	9.33663227673778e-05	0.000622442151782519	0.00105815165803028	0.00371909185690055	0.00810730902696731	0.0174750634112942	0.0353547142212471	0.0658388186047959	0.106110825825125	0.152591693509484	0.178298554378102	0.177069231128332	0.136734979692825	0.0785677606087484	0.0318379160636758	0.00647339837853819	
0.000125297581756672	0.000360230547550432	0.000344568349830848	0.00166019295827591	0.00393121162761559	0.00814434281418369	0.0167272271645157	0.0365555694775091	0.070746147099361	0.106346322515975	0.146817441423381	0.178924946748528	0.178220147851146	0.134068412479639	0.0782326776093221	0.0326556822453327	0.00613958150607693	
