# <P(N_1)> as a function of N_tot.
# number_of_species: 2
# species_total_upper_bound: 100
# species_total_lower_bound: 0
# volume: 512
# Bin widths for each species index 
1	1	1	1	1	1	1	1	1	1	1	1	1	1	1	1	1	1	1	1	1	1	1	1	1	1	1	1	1	1	1	1	1	1	1	1	1	1	1	1	1	1	1	1	1	1	1	1	1	1	1	1	1	1	1	1	1	1	1	1	1	1	1	1	1	1	1	1	1	1	1	1	1	1	1	1	1	1	1	1	1	1	1	1	1	1	1	1	1	1	1	1	1	1	1	1	1	1	1	1	1	
# Bin lower bound for each species index 
0	0	0	0	1	1	2	3	3	4	5	5	6	7	8	9	10	11	11	12	13	15	15	16	17	18	18	19	20	21	22	22	23	24	24	25	26	27	28	29	30	31	32	34	34	35	36	37	37	38	40	40	40	41	41	42	44	45	45	46	47	48	48	49	49	50	51	54	55	56	57	58	59	60	60	62	62	63	64	65	67	67	67	68	70	70	71	71	72	73	75	76	77	78	79	80	80	81	82	83	84	
# Bin upper bound for each species index 
0	1	2	3	4	5	6	7	8	9	10	11	12	13	14	15	16	17	18	19	20	21	22	23	24	25	26	27	28	29	30	31	32	33	34	35	36	37	38	39	40	41	42	43	44	45	46	47	48	49	50	51	52	53	54	55	56	57	58	59	60	61	62	63	64	65	66	67	68	69	70	71	72	73	74	75	76	77	78	79	80	81	82	83	84	85	86	87	88	89	90	91	92	93	94	95	96	97	98	99	100	
# Normalized histogram for each species index 
1	
0.0507637360991376	0.949236263900862	
0.00255534066198355	0.0942068924051267	0.90323776693289	
0.000122830954728494	0.0069349693088601	0.134649284426695	0.858292915309717	
0.00051203787750325	0.012887394890926	0.169334915995864	0.817265651235707	
5.97806051789931e-05	0.00125539270875885	0.0211656553780957	0.200716703033201	0.776802468274765	
0.000129801835863914	0.00213673791345213	0.030087399902815	0.230777679409435	0.736868380938434	
0.000207227562602778	0.00402422557054427	0.0395670949369627	0.25617671831758	0.700024733612311	
3.38033120485145e-06	0.000267046165183265	0.0054727562206545	0.050995676556389	0.280638476957972	0.662622663768596	
3.02854912306678e-05	0.000666280807074691	0.00786076750164888	0.0642153365727592	0.299671570672876	0.62755575895441	
7.43459248295113e-05	0.000905668538832228	0.0103780152341559	0.0760153287779558	0.316328392708692	0.596298248815534	
6.73110578605853e-06	6.39455049675561e-05	0.00136641447456988	0.0135766403704801	0.0859730486524326	0.32754906976118	0.571464150130583	
2.67373423750113e-05	9.02385305156631e-05	0.00224593675950095	0.0175864869471637	0.098029123650182	0.340847640596644	0.541173836173619	
6.62888203904412e-06	0.000238639753405588	0.00294985250737463	0.022233270358954	0.110483576944748	0.34985913625667	0.514228895296808	
3.32684598366519e-06	0.000329357752382853	0.00409534740589184	0.0262155463512817	0.122863749022739	0.360709948932914	0.485782723688807	
9.96985779659496e-06	0.000564958608473715	0.00498160561236528	0.0305409977169026	0.136597021671148	0.365156011658087	0.462149434875227	
4.67751850960896e-05	0.000735038622938551	0.00628123914147489	0.0365514660679443	0.146927538556117	0.372617806644749	0.43684013578168	
0.000120140965399402	0.00086434750106792	0.00793597821443827	0.0421294318667236	0.158022079239641	0.373257956001709	0.417670066211021	
6.62745422914423e-06	0.000182254991301466	0.00132549084582885	0.00913594565487532	0.0478601607157651	0.171661005716179	0.374865379835971	0.39496313478585	
3.2959354524001e-06	0.000224123610763207	0.00188857101422526	0.0111534455709219	0.0546070585753649	0.181230306785672	0.377008872658238	0.373884325849363	
3.28588515174218e-06	0.000404163873664288	0.00223440190318468	0.0133932678785011	0.0615281994663723	0.1908704966944	0.377075036473325	0.354491147825401	
0.000421721281769121	0.00284991334945539	0.0168589671782234	0.0668065814877536	0.199009613927345	0.374063482231696	0.339989720543757	
1.63531762774284e-05	0.000552737358177079	0.00348322654709224	0.019071074174737	0.0727814463403227	0.206252800481438	0.374618562163329	0.323223799758627	
8.50899498951103e-05	0.000706901122205532	0.00476503719412617	0.0216750283905891	0.0799092810226503	0.214479036781767	0.372216167745018	0.306163457793748	
0.000145285006257161	0.000917937084988427	0.00516422158605	0.0232918280485912	0.0868176970345349	0.223114844495514	0.369578640462535	0.290969546281529	
0.000231598659374617	0.00122416434240869	0.00600502238235615	0.0263261504663404	0.0948032569388613	0.233818697952337	0.363642980740917	0.273948128517405	
1.98909973346064e-05	0.000202225139568498	0.00149182480009548	0.0071044012146769	0.0303337709352747	0.100376602882869	0.239686517882007	0.359848032780364	0.260936733367811	
1.33458339311155e-05	0.000193514592001174	0.00159149069628552	0.00864142747039727	0.0337182494269633	0.108538330903279	0.24350474944865	0.355606418011537	0.248192473616955	
6.70032463072836e-06	0.000221110712814036	0.00194979446754195	0.00938380464533507	0.0384297119195425	0.114300837875595	0.250414582586526	0.348215871058953	0.237077586409062	
2.66731571349028e-05	0.000343416898111874	0.00224054519933184	0.0113727673733942	0.0430371390371657	0.12156291364232	0.253171605090572	0.342456664455017	0.225788275146952	
6.3432499474178e-05	0.000407303417676301	0.00275430589822089	0.0135612006770585	0.0457415092260901	0.128370686172717	0.256814820502719	0.338205394433297	0.214081347172747	
3.34914128017576e-06	0.0001105216622458	0.000626289419392868	0.0037443399512365	0.0148534415775795	0.0500395198671061	0.134756048549152	0.260553144173834	0.333189320258286	0.202124025399887	
3.01207843452243e-05	0.000214192244232706	0.00088688976127605	0.00409307991713438	0.0167973574031868	0.053829188378732	0.141842120235478	0.264420325505276	0.32612107885956	0.191765646910779	
3.68701901161076e-05	0.000187702786045639	0.00110610570348323	0.00483334674067519	0.0185155391092162	0.0582649558898453	0.149096345158609	0.268408280374333	0.318022148928753	0.181528705118923	
3.37684966940642e-06	5.74064443799091e-05	0.000266771123883107	0.00117852053462284	0.00541309002005849	0.020406302552223	0.0631437119682306	0.154835311041623	0.272015371419695	0.312189751936623	0.170490386108991	
6.7749070990864e-06	9.14612458376665e-05	0.000220184480720308	0.00138208104821363	0.0060059551433401	0.0216356658209324	0.0687551446950784	0.161801718793931	0.274102578868387	0.301625638958426	0.164372796038034	
2.71018317450531e-05	5.08159345219745e-05	0.000196488280151635	0.00140929525074276	0.00645701141325889	0.0245508718320499	0.0729682942445873	0.168658086678433	0.271546803169559	0.295833432142095	0.158301799222855	
2.03718542461735e-05	6.11155627385205e-05	0.00025125286903614	0.00156523746791433	0.00751042359875596	0.0275800953402779	0.0773111868642284	0.172423979030571	0.275104915049368	0.289568931564151	0.148602490798712	
2.04640565899378e-05	5.45708175731675e-05	0.000259211383472546	0.00179742630381621	0.00840731658236612	0.0293284037694792	0.0831693366576056	0.175629355007043	0.276984416620907	0.282693888409499	0.141655610391648	
3.4014646706872e-06	8.16351520964927e-05	0.000316336214373909	0.00207829491378988	0.0096975757761292	0.0314329350218204	0.0865638744043185	0.182008973063801	0.276977866669388	0.277760203543646	0.133078903775966	
6.77564156856102e-06	0.000115185906665537	0.000572541712543406	0.00259168289997459	0.0103159142881342	0.0344575251969171	0.0918370458202761	0.186658761751503	0.277039044634539	0.268406877276192	0.127998644871686	
1.01951002348271e-05	0.000101951002348271	0.000523348478721127	0.00304153823672343	0.0116054224339782	0.037745659436075	0.0971423134041779	0.191450388943074	0.277741717330651	0.260478014266344	0.120159451367673	
1.01928486973539e-05	6.79523246490262e-05	0.00080183743085851	0.00336024245389435	0.0129992797053587	0.041450918035906	0.101585327734062	0.194999388429078	0.276715456435765	0.255232328997975	0.112777075603756	
0.000131881955505057	0.000933318454343481	0.00397674819676788	0.0148789898518526	0.043419597658588	0.102952465009012	0.19915866075565	0.277597989983735	0.249970411099726	0.10697993703482	
2.03247212972592e-05	0.000115173420684469	0.000945099540322553	0.00439352725375753	0.0165002862398249	0.0459880693885985	0.107605849454789	0.203176076448052	0.274935892441575	0.243879718299363	0.102439982791736	
1.3587233435464e-05	0.000207205309890827	0.00117529569216764	0.00486422956989613	0.0173882619890351	0.049308070137299	0.113568890670326	0.20485811531485	0.272203237837728	0.237222905358126	0.0991902008872463	
3.07220710772182e-05	0.000276498639694964	0.00140980170609901	0.00564262038784908	0.0191569180983721	0.053074084567621	0.118522336652455	0.208340018228429	0.269186786778586	0.229749888205797	0.09461032466402	
6.48911536280986e-05	0.000307379148764677	0.00175206114795866	0.0061885668617955	0.0212296532080137	0.0569539409422196	0.122299332645715	0.209181756705988	0.269421239216115	0.223010403076524	0.089590775893278	
6.85154416676659e-06	8.90700741679656e-05	0.000373409157088779	0.00201777975711276	0.00706736780801973	0.0218906836128192	0.0600811907983762	0.12757232661311	0.213915486202703	0.267186242099313	0.215710590774396	0.0840890015587263	
3.41588385994876e-06	5.80700256191289e-05	0.000519214346712212	0.00244918872758326	0.00849530315969257	0.0243689154568745	0.064601195559351	0.13130657557643	0.217468830059778	0.26269854824936	0.208368915456874	0.0796618274978651	
0.000115803420288078	0.000640324794534079	0.00295639320029564	0.00910759840736237	0.0272035858188494	0.0669854666707538	0.135455941907555	0.219709742133031	0.26012172983062	0.201889639340465	0.075813774476245	
1.36632554072333e-05	0.00018445394799765	0.0006968260257689	0.00295809479566602	0.00957794204047056	0.0286245200781538	0.0692112202653404	0.141175586495238	0.222212354315539	0.258119389525748	0.195873013704245	0.0713529355504242	
1.02353796131709e-05	3.07061388395127e-05	0.000317296768008297	0.000835889335075622	0.00318661485290054	0.0105799707268143	0.0301124868219487	0.0715862450145172	0.146004278388678	0.223977400281814	0.256522495658493	0.188078512185219	0.0687578684480776	
3.05948661814548e-05	5.77903027871923e-05	0.000227761781573052	0.0011864009219253	0.00371897595583461	0.0117484286136786	0.0320498220398617	0.0762152110875795	0.148629859909507	0.225555551778412	0.252122093912641	0.183232653560733	0.0652248552692858	
3.40964110117769e-06	2.72771288094215e-05	4.09156932141323e-05	0.000317096622409525	0.00129225397734634	0.00438138881501333	0.0118348642621878	0.034502158302817	0.080535722809817	0.152905355182314	0.226001241109361	0.247672919948446	0.178631097290699	0.0618542992164645	
6.8294581849349e-06	1.36589163698698e-05	2.39031036472721e-05	0.000327813992876875	0.00119856991145607	0.00445963619476249	0.0132013426714792	0.0367322408476723	0.0862253243138956	0.15654825524417	0.22819268633323	0.242975048574521	0.171719896602003	0.058374793835731	
2.05064407312597e-05	3.41774012187661e-05	0.000328103051700155	0.00119962678277869	0.00478825391074913	0.0143613439921255	0.0398781917420563	0.0888339012478169	0.160056187647604	0.228735675396714	0.238452310563209	0.166669514783435	0.0566422070398611	
2.049558320182e-05	5.46548885381867e-05	0.00035867270603185	0.00146201826839649	0.00511364800885409	0.0162529974790433	0.0426786360872565	0.0927186024745001	0.161846788683705	0.227774247982893	0.236959685187842	0.162021001140921	0.0527385515088165	
1.02078661816796e-05	2.38183544239191e-05	4.76367088478381e-05	0.000442340867872783	0.00168429791997713	0.00571640506174058	0.0179828575900589	0.0458571375101653	0.0947970506071979	0.16506800140188	0.228452045145989	0.232814206627627	0.157003787118353	0.0501002072196835	
3.38948581500186e-06	1.35579432600075e-05	9.49056028200522e-05	0.000589770531810324	0.00173202725146595	0.00678914008744873	0.0190861946242755	0.0471511371724909	0.0972714639189235	0.169481069721723	0.228339490899231	0.229549537335186	0.150279632579738	0.0496186828458123	
3.3775225871823e-06	2.02651355230938e-05	0.000260069239213037	0.000560668749472262	0.00180021953896817	0.00700835936840328	0.0205488474204171	0.048781558726674	0.102268006417293	0.173226378451406	0.228357679641983	0.225010554758085	0.146321033521912	0.0458329815080638	
1.01124845363257e-05	6.06749072179544e-05	0.00021236217526284	0.000667423979397498	0.00218766748802513	0.00756076760499287	0.0210676761173453	0.0514894004307918	0.106585587012873	0.175117894715553	0.230591614053657	0.223239837795748	0.137512935553136	0.0436960456814635	
6.76009112602838e-06	3.38004556301419e-06	3.71805011931561e-05	0.000229843098284965	0.000767270342804221	0.00251137385331954	0.00822027080925051	0.0219364957039621	0.0546992773462586	0.110378767905791	0.17947703935049	0.23035348516498	0.217546492526719	0.13284931080871	0.040983052451547	
6.74213361560399e-06	6.74213361560399e-06	0.000111245204657466	0.00025283001058515	0.000846137768758301	0.00315868959891047	0.00908502504702638	0.0244368632897567	0.0567485386425388	0.113412800614883	0.180665583430532	0.229586504945355	0.212822189710156	0.13010295238031	0.0387571550892996	
3.37044189863733e-06	6.74088379727466e-06	1.0111325695912e-05	9.10019312632079e-05	0.000266264909992349	0.00114257980363805	0.00344122117850871	0.0094170146647927	0.0258479189206497	0.0602635011476355	0.116317320363873	0.182061160038693	0.228286770678504	0.20902806566969	0.126212937778272	0.0376040202630967	
6.79165577171887e-06	6.79165577171887e-06	4.75415904020321e-05	8.48956971464858e-05	0.000271666230868755	0.00130739373605588	0.00371843153501608	0.0108632534068643	0.0281887672805192	0.0640724805503958	0.11954332906591	0.185378244289066	0.224138223778266	0.204978962846247	0.121207284729981	0.0361859419517181	
3.39709684103965e-06	6.79419368207929e-06	5.09564526155947e-05	0.000125692583118467	0.000339709684103965	0.00128410260591299	0.00427015072918684	0.011482187322714	0.0309985086744868	0.0667665413137932	0.122159602403786	0.186364732699435	0.225302256691432	0.199246523920657	0.117998158773512	0.0336006848547232	
5.77524120125017e-05	0.000132490827558092	0.000397472482674276	0.00140983829324636	0.00469153417583911	0.0130962087240114	0.0323821171354804	0.0685147438510667	0.125074738415546	0.19007677673597	0.223342166055171	0.19603206957467	0.112841418671015	0.0319506726457399	
4.07729186274477e-05	0.000122318755882343	0.000458695334558786	0.00143724538161753	0.00507962611233619	0.0139035652519596	0.0341711035530201	0.0719777923503209	0.129413243723519	0.189984812087811	0.222028928385766	0.192526324015589	0.107749232959468	0.0311063391695236	
3.43238039012436e-05	0.000137295215604974	0.000449641831106291	0.00156516545789671	0.00536824293015449	0.0153393079634657	0.0368088473036936	0.0761096027706175	0.13222215738837	0.190812890647793	0.220993811418157	0.186525847540528	0.104629251432161	0.0290036142965508	
3.09938701012466e-05	0.00015152558716165	0.000561333425167022	0.00208003306012811	0.00587506026585853	0.0167745712514636	0.0382808733383842	0.0789276120944969	0.134489289895998	0.193542943728907	0.218045319925615	0.182529788552931	0.101642675115366	0.0270679798884221	
1.03827065639471e-05	0.000166123305023153	0.000605657882896914	0.00226343003094047	0.00608080514428501	0.0179897695731323	0.0389143842016737	0.0823833156827322	0.137986170234857	0.195842072111358	0.214499795806771	0.180292238580753	0.0974693883201473	0.0254964664188661	
1.04532894759766e-05	0.00019512807021823	0.000693401535239781	0.00246349188650515	0.00667616754532372	0.0176939346530031	0.041990863824998	0.0844660633957162	0.140297082486907	0.19716297723622	0.215146119564725	0.174953221529595	0.0943653285294661	0.0238857664526065	
3.84618074252268e-05	0.000230770844551361	0.00079371184413877	0.00256645151364695	0.00747907328023273	0.0192938412156728	0.0449793355198288	0.086028573626389	0.143934572969042	0.196295078986566	0.21366233330303	0.172130574339681	0.0896160113007783	0.0229512094490171	
6.98538657129286e-06	1.74634664282321e-05	0.000181620050853614	0.000901114867696778	0.00305610662494062	0.00811003380927101	0.0212006482438738	0.0479651568917824	0.0893640504065495	0.146843303808433	0.197400039118165	0.210707200536478	0.165826091815921	0.0859936013859007	0.0224265835871357	
2.08673877508434e-05	0.000316488714221125	0.00106423677529301	0.0030640281014155	0.00885472820227455	0.022522867179077	0.049097485479776	0.0927103258790387	0.149928703091851	0.198048899245296	0.207759190345355	0.161548360171113	0.0837338712482176	0.0213299481793204	
3.49270548459542e-06	9.0810342599481e-05	0.000268938322313848	0.0012992864402695	0.00334950455972701	0.00924169871223949	0.0236211671923188	0.0514196101442138	0.0959830394221668	0.152142250908977	0.198190080017883	0.20438963225304	0.158656146637747	0.0811739681674822	0.0201703741735386	
1.05570980648839e-05	7.38996864541875e-05	0.000306155843881634	0.00133019435617537	0.00357181817861906	0.0100433192923929	0.0246613810795688	0.0540523420922057	0.0983745588012767	0.153753576216969	0.198797194627141	0.202608307028564	0.155963528745219	0.0776122659403383	0.0188409010131295	
1.05795103097328e-05	3.87915378023536e-05	0.00027859377148963	0.00112848109970483	0.00397436937302295	0.0109251076465174	0.0259339062725917	0.0562124647790469	0.101277652195072	0.155243734285019	0.196637831623567	0.201892321744068	0.15416109772999	0.074846508937923	0.0174385594938762	
1.05686646139971e-05	7.04577640933143e-05	0.000243079286121934	0.00109561823165104	0.00441417892044614	0.0119566825666354	0.0273834100148666	0.0592338422732493	0.104548753249864	0.155926554826709	0.199007954681566	0.19938842660767	0.148493260714864	0.071493493225486	0.0167337189721621	
7.07356150284888e-05	0.000335994171385322	0.00126970428976137	0.00509296428205119	0.0129799853577277	0.0287115861400636	0.059796352164333	0.106527836232904	0.159084398199071	0.200680476616574	0.198523040358205	0.143710012272629	0.067029068800996	0.0161878454992697	
7.0992222801992e-06	9.58395007826893e-05	0.000301716946908466	0.00172866062522851	0.00561193521249747	0.0131229123849482	0.0289754757366331	0.0620862484514821	0.109913708953184	0.162376961603856	0.203161993603601	0.193961401528463	0.139194451247866	0.0643686484145662	0.0150929465677035	
1.06542414535226e-05	7.10282763568176e-06	7.45796901746585e-05	0.000436823899594429	0.00181477246091669	0.00539814900311814	0.0137901398546761	0.0316288914616909	0.0650441440737558	0.111819815468538	0.165396444324486	0.199330203353955	0.191389242057263	0.134982136388496	0.0641030194120279	0.0147738814822181	
3.56267457105398e-06	2.85013965684319e-05	7.83788405631876e-05	0.000470273043379126	0.0017029584449638	0.0057287807102548	0.014717408653024	0.0335390184119022	0.0676694408025993	0.115480533546144	0.16718562959585	0.198633358034544	0.186217437154421	0.131982842159266	0.0624109331357236	0.0141509433962264	
3.22376126973211e-05	0.00014327827865476	0.000637588340013683	0.00210977265319134	0.00592455682237434	0.0156531519430326	0.0359377742435802	0.0694935471045251	0.116868509941722	0.168115568259563	0.197469705598957	0.185430748234991	0.129147458422435	0.0600586724551091	0.0129774300891549	
3.60595559626279e-06	4.68774227514162e-05	0.000234387113757081	0.000728403030445083	0.00219242100252777	0.006627746385931	0.0167460577890444	0.0366725684139926	0.0718919367226912	0.119930477176104	0.168729874260328	0.197851571655747	0.183784738874725	0.125905545599111	0.0564909003710528	0.0121628882261944	
3.26269005169551e-05	1.81260558427528e-05	0.00018851098076463	0.000779420401238372	0.00254852345149105	0.00744618374020287	0.0177091565583695	0.0378399541773308	0.0749766173879629	0.122274747504042	0.170207289574618	0.19708823038942	0.1803071278902	0.122445132428964	0.0539830195108865	0.0121553330481501	
5.08399485790234e-05	1.45256995940067e-05	6.17342232745285e-05	0.000228779768605605	0.00084612200135089	0.00343532795398258	0.00808718324896323	0.0182733300892604	0.0400546166304735	0.0772694589903186	0.123083515509816	0.171697400626058	0.196336618562392	0.17811412842171	0.120004067195886	0.0514645536615657	0.0109777974681706	
2.17827749076955e-05	1.81523124230796e-05	0.000101652949569246	0.000359415785976976	0.001049203658054	0.00364861479703899	0.00799064792863963	0.020435873325903	0.0416232523861215	0.0784833379924268	0.126133158103011	0.175285989682226	0.195333403522275	0.174686963372264	0.115234509724194	0.0490911137169764	0.0105029279679938	
1.44730367325672e-05	1.8091295915709e-05	0.000123020812226821	0.000524647581555562	0.00123020812226821	0.00343734622398472	0.00908906706805222	0.0208918285234608	0.0440161229629201	0.0798477436535734	0.130174110631893	0.176227313514922	0.194517613685704	0.170955509885084	0.110848988334732	0.0479962080643761	0.0100877066025994	
4.69570054434006e-05	0.000111974397595801	0.000516527059877406	0.00125700291494641	0.00396967299863825	0.00939140108868011	0.0215893862719389	0.0452882257114889	0.0833811933581122	0.132689661151025	0.178469129380998	0.193083594305921	0.168069958713956	0.107643516862983	0.0450859493803481	0.00940584939804731	
2.16162467710731e-05	0.000180135389758943	0.000482762844553967	0.0013978506245294	0.0039017325421787	0.00991465185233221	0.0225709643367955	0.0466802849021324	0.0863893302205938	0.135090734195822	0.180668590512629	0.189718592494119	0.164924757447698	0.104273171715862	0.0445006466860492	0.00928417798817591	
2.1614533612401e-05	0.000183723535705408	0.000561977873922425	0.00166792151042361	0.00404552020778772	0.0103065301108465	0.0233112745009745	0.0495513183064292	0.0888645525251179	0.138214135184498	0.176997813329683	0.191155332845806	0.160361827292672	0.101923333249277	0.0436973821197373	0.00913574287350815	
4.65407679226707e-05	0.000171842835406784	0.000694531459769086	0.00169694799964199	0.00417792893582744	0.0105933947910141	0.0252608968047973	0.0518643157612101	0.0902640293564844	0.137459948089143	0.178397923565739	0.189993734896626	0.158414033831558	0.10031325516871	0.0423485187505594	0.00830215698559026	
7.52351097178683e-05	0.000161218092252575	0.000673533363188536	0.00150111957008509	0.00412360053739364	0.0115718763994626	0.0267729511867443	0.0542875055978504	0.0909377519032692	0.142244514106583	0.177956112852665	0.188775638154948	0.156066278549037	0.0973112404836543	0.0396309896999552	0.00791043439319301	
8.9276467794407e-05	0.000178552935588814	0.000578511511307757	0.00165340018355242	0.00471379749954469	0.0120916047980745	0.0282899271146917	0.0554335443829032	0.0959472054680051	0.143013759289216	0.179174299804663	0.1869484946202	0.152459209581865	0.0936652989511801	0.0384995839716601	0.00726353341975295	
7.09217343200911e-06	5.67373874560729e-05	0.000255318243552328	0.000680848649472874	0.00196098595395052	0.00563827787844724	0.0134325764802252	0.0292410310601735	0.0577834830372942	0.0986379480923826	0.143889560675317	0.179286598274474	0.185346860472126	0.149946276786253	0.0909393938319368	0.036609799256031	0.00628721174747607	
1.06315871542076e-05	0.000106315871542076	0.000255158091700983	0.000857614697106082	0.00256575636654877	0.00590407473296997	0.0141293793279419	0.0312426907838315	0.0602917307515115	0.100840604157659	0.145493270205331	0.181211859181084	0.182746351593675	0.146485551673057	0.0877814712699077	0.0340246227558491	0.00605291695312888	
2.12337517562082e-05	4.95454207644858e-05	0.000364512738481574	0.000905973408264884	0.00242772561745981	0.00649045012014765	0.015398008981877	0.0328273802150979	0.0635243073373229	0.102803209127682	0.149793501764171	0.179885266961344	0.178536923724825	0.144240875679922	0.0848288382660518	0.032225757248672	0.00567648963615966	
1.41621996728532e-05	0.000123919247137465	0.00030094674304813	0.000892218579389751	0.00246776329299467	0.00707755928650838	0.0164139894208368	0.0350762280397391	0.0638113311759582	0.108039880754279	0.150519398673002	0.178025930987601	0.178748203170916	0.141413104283357	0.080356320943769	0.0308558925372289	0.00586315066456122	
4.96867957340337e-05	0.000138413216687665	0.000251983035508314	0.00113924724504463	0.0029954039713946	0.00707327027842351	0.0168651180948663	0.0352208400617536	0.0678792610863663	0.108643727929303	0.151409862828953	0.178851170301492	0.177889375898355	0.136642237325431	0.0789700637055702	0.0303479850229801	0.00563235320213653	
