# <P(N_1)> as a function of N_tot.
# number_of_species: 2
# species_total_upper_bound: 100
# species_total_lower_bound: 0
# volume: 512
# Bin widths for each species index 
1	1	1	1	1	1	1	1	1	1	1	1	1	1	1	1	1	1	1	1	1	1	1	1	1	1	1	1	1	1	1	1	1	1	1	1	1	1	1	1	1	1	1	1	1	1	1	1	1	1	1	1	1	1	1	1	1	1	1	1	1	1	1	1	1	1	1	1	1	1	1	1	1	1	1	1	1	1	1	1	1	1	1	1	1	1	1	1	1	1	1	1	1	1	1	1	1	1	1	1	1	
# Bin lower bound for each species index 
0	0	0	0	1	1	2	3	3	4	5	5	6	7	8	9	10	11	11	12	13	14	15	16	17	18	18	19	20	21	22	22	22	23	24	25	25	26	27	29	30	31	32	34	34	35	36	37	37	38	40	40	40	41	41	42	44	45	45	46	47	48	48	49	49	50	51	54	55	56	56	57	58	59	60	61	62	63	64	65	65	65	66	67	70	70	71	71	72	73	73	73	77	78	79	80	80	81	82	83	84	
# Bin upper bound for each species index 
0	1	2	3	4	5	6	7	8	9	10	11	12	13	14	15	16	17	18	19	20	21	22	23	24	25	26	27	28	29	30	31	32	33	34	35	36	37	38	39	40	41	42	43	44	45	46	47	48	49	50	51	52	53	54	55	56	57	58	59	60	61	62	63	64	65	66	67	68	69	70	71	72	73	74	75	76	77	78	79	80	81	82	83	84	85	86	87	88	89	90	91	92	93	94	95	96	97	98	99	100	
# Normalized histogram for each species index 
1	
0.0507792698921011	0.949220730107899	
0.00259598821426742	0.0948708340858914	0.902533177699841	
0.00012355925875189	0.00699990061537883	0.134881047352743	0.857995492773126	
0.000500829330288865	0.0129515541865024	0.170284664929022	0.816262951554186	
6.70124509133797e-05	0.00124643158698886	0.0211384075161165	0.201568091351373	0.775980057094608	
0.000150082947629091	0.00210652137207975	0.0300005092100009	0.230243321978844	0.737499564491447	
0.000171854063677301	0.00388819819069894	0.0399077358495632	0.256245149821836	0.699787062074225	
2.71679331451501e-06	0.000255378571564411	0.00542271945577196	0.0513338096777611	0.281245160711909	0.661740214789679	
2.98134491179285e-05	0.000669447448375303	0.00770542144020642	0.0645000420098601	0.300676765294977	0.626418510357463	
7.6204576629145e-05	0.000898125367414923	0.0105842713753837	0.0763270482701561	0.31636874305994	0.595745607350476	
5.42291997125852e-06	8.67667195401364e-05	0.00137199875272841	0.0136874500074565	0.0869836363389867	0.327650113203454	0.570214612057863	
2.16675920534106e-05	8.93788172203188e-05	0.00225884647156806	0.018032853486451	0.0986335874761318	0.341334994515391	0.539628671641185	
5.38072677476547e-06	0.000244823068251829	0.00290559245837335	0.0222385437601057	0.110961347549213	0.350368714302241	0.51327559813504	
2.69911361109012e-06	0.000361681223886076	0.00396769700830247	0.0258521101670212	0.123616704274316	0.359716269177202	0.486482839035661	
1.34593487290337e-05	0.000541065818907155	0.00481306310550245	0.03044773869482	0.136380888801553	0.365095601754022	0.462708182476466	
5.12741629492899e-05	0.000752920603307993	0.00602066618630872	0.0364181488947719	0.146552352269691	0.372512191106901	0.43769244677607	
0.000107633357730228	0.000863757695785078	0.00775229259051965	0.0415868385930167	0.157615598226202	0.37397479226762	0.418099087269126	
5.35121352144633e-06	0.000168563225925559	0.0013163985262758	0.00920141165012696	0.0472699446416961	0.170754547862592	0.375489301586367	0.395794481293495	
2.66437885335792e-06	0.000202492792855202	0.00190503088015091	0.0111610830167163	0.0540895551020191	0.1813456178961	0.377166806102493	0.374126749830812	
2.39552834708544e-05	0.000407239819004525	0.00220920947564546	0.0133670481767368	0.0611525153047644	0.191248336438648	0.37718924673942	0.35440244876231	
1.33710575436832e-05	0.000417176995362917	0.002904193698488	0.016582785565676	0.0665691470869814	0.199407929571966	0.374012547400399	0.340092848623583	
1.33101204832106e-05	0.000553701012101562	0.00356977431359709	0.0187512977367471	0.0720663163442955	0.207251886044072	0.374999334493976	0.322794379934727	
7.19301797721678e-05	0.000745942605044703	0.00457955477882802	0.0215950384160442	0.0798504917893032	0.215239074604917	0.372337251308064	0.305580716318027	
0.00014234646054183	0.000929280666933454	0.0050385275467259	0.0237262006118212	0.0862968702579157	0.223653147333958	0.369166145177275	0.291047481944829	
0.000200972707906266	0.0011897584308051	0.00614708522582633	0.0262309578359259	0.0946072323378485	0.233114942990742	0.36348727842759	0.275021772043357	
1.60877748998536e-05	0.00017696552389839	0.00152029472803617	0.00721000445095106	0.0300090627798603	0.100551274419902	0.23886055652976	0.360068533921073	0.26158721987162	
1.07920850847988e-05	0.000248217956950373	0.00159453057127902	0.00860398983385585	0.0335013301244867	0.108611544293415	0.243571964321367	0.355205292438526	0.248652338375036	
1.89385740877018e-05	0.000248906973724081	0.00201019436388035	0.00932589498290117	0.0383397904852604	0.114305116661616	0.249529241158391	0.348388597896195	0.237833318903944	
4.84510469463728e-05	0.000355307677606734	0.00229334955546164	0.0115663415960313	0.0431295069567628	0.121041482171361	0.253697756985699	0.343081863427266	0.224785940582866	
7.00973004451179e-05	0.000385535152448148	0.00291443006850663	0.0136177486364727	0.0457681450906277	0.127854779961878	0.257807086837075	0.33748345299302	0.214098723959527	
8.11097983340047e-06	0.000135182997223341	0.000619138127282903	0.00375538366286442	0.0148187601556227	0.0497635649378564	0.134312418721223	0.260981590779438	0.333350456512982	0.202255393125674	
2.70485927969597e-06	2.70485927969597e-05	0.000189340149578718	0.000865554969502712	0.00410327152729879	0.0165591485102988	0.0533263006992061	0.141742740833908	0.265187108640673	0.325851692565694	0.192145088651763	
1.35451065593533e-05	3.25082557424479e-05	0.000178795406583464	0.00107548146081265	0.00470827904003121	0.0182290044075777	0.0581247612674969	0.149410652413603	0.269612637042616	0.317348301579088	0.18126603401989	
2.17775962978086e-05	4.62773921328433e-05	0.000255886756499251	0.00116782360146999	0.0052919559003675	0.0202722199537226	0.0633809718252348	0.15495576425752	0.271381516265142	0.312282564311964	0.170943242139649	
1.0904233568683e-05	7.36035765886105e-05	0.000231714963334515	0.00139301583839926	0.00587465583512799	0.0218493580132486	0.0686857672491345	0.160284055284464	0.274666739361557	0.302960499413897	0.163969686230679	
2.72747108880646e-06	2.72747108880646e-05	4.36395374209033e-05	0.000231835042548549	0.00137464542875846	0.00674230853152957	0.0245717870390574	0.0725916430285839	0.167491272092516	0.273202596552477	0.296167903120227	0.157552367444905	
1.36536665556168e-05	1.91151331778636e-05	5.46146662224674e-05	0.000245765998001103	0.00159201752038492	0.00750951660558927	0.0276541362417464	0.076829181708456	0.173202221724622	0.276544093150775	0.288958006783142	0.147377676801328	
1.36995684635934e-05	2.19193095417494e-05	4.65785327762175e-05	0.000287690937735461	0.00188506062059045	0.00860606890882937	0.0291691211726831	0.0826604561956298	0.176642235769573	0.277553257072402	0.28175354476334	0.141360367148435	
2.7276868397293e-06	6.81921709932326e-05	0.000370965410203185	0.00227489082433424	0.00973784201783362	0.03123746968858	0.0867977229270262	0.18218493171236	0.27599553750433	0.277640332668687	0.133689387388813	
5.43917237553134e-06	0.000114222619886158	0.000611906892247276	0.00270870784301461	0.0104731264090856	0.0340954520360182	0.0923435490055833	0.186868206133755	0.276380665917874	0.268613527765615	0.127785196204546	
1.3648001659597e-05	0.000106454412944857	0.000584134471030752	0.00302166756743478	0.0117563886295769	0.0374965197595768	0.0971846902176583	0.190883680811456	0.277671323364833	0.261102649350082	0.120178843413747	
8.16915599003363e-06	7.62454559069805e-05	0.00088499189892031	0.00343921467180416	0.0132231404958678	0.041126254305826	0.101376502784321	0.19436872847087	0.276675698122456	0.254684330197285	0.114136724440753	
0.0001519204370968	0.000984769976181046	0.00403131731296153	0.0148393712664196	0.0437992045879972	0.103069877975335	0.199547494126647	0.276017731285301	0.249461496307791	0.10809681672427	
2.4473413714901e-05	0.000157717555051585	0.00104147971697857	0.00441881080963491	0.0166092901078462	0.0459773865657274	0.107952227896429	0.203474680893878	0.273648115819071	0.243646429872793	0.103049387348877	
1.63733561832615e-05	0.0002128536303824	0.0012498328553223	0.00501570477747245	0.0175549667211536	0.0492483265065534	0.113180824616795	0.204743361286291	0.27220977543942	0.237217184383093	0.0993507964273337	
3.29493815126512e-05	0.000310273342577465	0.00143329809580033	0.00568102252913961	0.018959623278738	0.0528315874737435	0.118167465231538	0.208500940430264	0.269273328848556	0.229626985543459	0.0951825258446711	
7.43181311467288e-05	0.000327550281720768	0.00169830692287154	0.00614638469817205	0.0209109200859888	0.0567184966818331	0.12206890667019	0.209885412451865	0.269887669521033	0.222599317924707	0.089682716630471	
5.52797709206293e-06	9.39756105650698e-05	0.000359318510984091	0.00193202799367599	0.00697077911309136	0.022051100620239	0.0601139868876383	0.127602295216089	0.214784021935013	0.266849274176608	0.214983029110327	0.0842546628486772	
2.75631678900119e-06	6.33952861470274e-05	0.0004630612205522	0.002309793469183	0.00819177349691155	0.0242225119417425	0.064646653969234	0.131966935223799	0.21693315656155	0.262348988293923	0.208606323541977	0.0802446506781917	
0.000104126135111881	0.000602835519068784	0.00269357870565734	0.00899869020282675	0.0269138657649709	0.0671394358555606	0.135890086643905	0.219700664763168	0.259994738890015	0.202158151158266	0.0758038263614492	
1.09864756484767e-05	0.000148317421254436	0.000653695301084365	0.00274387229320706	0.00959668647894442	0.0284522253106426	0.0691900770151943	0.14118170532075	0.221937794574878	0.259495061579196	0.195501587545731	0.0710879906834686	
8.22600679468161e-06	2.46780203840448e-05	0.000268716221959599	0.00080066466134901	0.00303265450497262	0.0104881586632191	0.0300194407960581	0.071903525392312	0.145885488501414	0.224073683084862	0.257095616360979	0.188238455484964	0.0681606923007318	
2.45617099316639e-05	5.45815776259197e-05	0.000191035521690719	0.00111073510468747	0.00362967491212366	0.0117432264262166	0.0320612186974652	0.0767416981420431	0.149430714145362	0.22605779097439	0.252014060214396	0.182231513219658	0.0647091893544091	
2.73647224943492e-06	2.18917779954793e-05	3.55741392426539e-05	0.000298275475188406	0.00125877723474006	0.00428805201486452	0.0120021672860216	0.0347094140118325	0.0812376516689744	0.15409075236568	0.226092810192812	0.247273105403438	0.177027862760444	0.061660929196517	
5.49319256111863e-06	1.64795776833559e-05	4.11989442083898e-05	0.000348817727631033	0.00125244790393505	0.00446321895590889	0.0135764254148047	0.0369829189177312	0.0862184038430375	0.157349754316963	0.228514063946255	0.242516211784546	0.170371367283094	0.058343198191641	
1.92617785776002e-05	8.25504796182866e-05	0.000302685091933717	0.00130980094327681	0.00513739151491137	0.0144876091730093	0.0400424859801769	0.0897378747103854	0.160522159300412	0.228736372291656	0.238114106776294	0.165604517162245	0.0559031847975037	
2.75088028169014e-05	8.80281690140845e-05	0.00039337588028169	0.0017027948943662	0.00533395686619718	0.0163979973591549	0.0427734375	0.09296875	0.161762764084507	0.228003961267606	0.236732504401408	0.161264854753521	0.0525500660211268	
8.24069419607908e-06	5.21910632418342e-05	7.69131458300714e-05	0.000554873409202658	0.00177724304828772	0.00589209635019654	0.0178575843229034	0.0456094954772323	0.095215727639563	0.16548962084566	0.22895395374773	0.232785876548907	0.155784829980744	0.0499413537263046	
2.74457603161752e-06	3.01903363477927e-05	0.000123505921422788	0.000559893510449973	0.00182514306102565	0.00663638484445115	0.0188552373372123	0.0474866544990463	0.0975586996198762	0.170320154794088	0.228834515788174	0.229734736726544	0.149077136309369	0.0489550026759616	
2.74143848760322e-06	2.74143848760322e-05	0.00023028083295867	0.000529097628107421	0.00177096926299168	0.0068234403956444	0.0203250249470902	0.0491759235906265	0.10232419154979	0.174226640202647	0.228890923645455	0.224871974822629	0.145038544625136	0.0457628326735605	
1.37092595080569e-05	5.20951861306163e-05	0.000202897040719243	0.000630625937370619	0.00215509559466655	0.00746880457998942	0.0213151566831269	0.0515248809350812	0.107565591952116	0.175917218007387	0.231168275676758	0.221980329954458	0.136612770997787	0.0433925481949018	
5.49198581969261e-06	2.74599290984631e-06	4.66818794673872e-05	0.00020045748241878	0.000746910071478195	0.00245766365431244	0.00817207489970261	0.0219954032078689	0.0546287829484824	0.111374726430456	0.180387020240714	0.230723816271106	0.216439161154086	0.132076766977788	0.0407422968033897	
5.49331326442887e-06	5.49331326442887e-06	9.61329821275053e-05	0.000219732530577155	0.000802023736606616	0.00315041515714996	0.00906671354293986	0.024426017430283	0.057075524817416	0.114302115749604	0.182298347336704	0.229378788669492	0.211794692910055	0.129326327527817	0.0380521809826988	
2.75409258157622e-06	5.50818516315244e-06	8.26227774472867e-06	8.26227774472867e-05	0.000264392887831317	0.00110163703263049	0.00345363209729658	0.00960352083195629	0.0262024368211162	0.060504659924648	0.117098508383458	0.18290479652764	0.228440963271421	0.208121268204552	0.124991737722255	0.0372132989622579	
5.54071874203522e-06	5.54071874203522e-06	3.87850311942465e-05	6.92589842754402e-05	0.000274265577730743	0.00123003956073182	0.00374275551024479	0.0111229928746357	0.0280803625846345	0.0646906616726322	0.120507862279895	0.185381367671014	0.224038962334194	0.204103456300351	0.120826453607562	0.0358816945734201	
2.77274063229577e-06	5.54548126459155e-06	4.15911094844366e-05	0.000108136884659535	0.000310546950817127	0.00120059669378407	0.00417574739223744	0.0118007841310508	0.0307275116871018	0.0670420957482795	0.123334276065148	0.186425216412406	0.224481081590666	0.198982958736074	0.117597475696928	0.0337636626794656	
4.71126852290646e-05	0.000110853377009564	0.000371358812982039	0.00144109390112433	0.00470018318520551	0.0129365890970161	0.0325437801555827	0.0691891352605193	0.125441681424022	0.189542646679803	0.22214185352389	0.196265903995433	0.113017789195676	0.0322500187065074	
3.32259949108851e-05	0.000110753316369617	0.000448550931296949	0.00148686327226211	0.00507803955554694	0.0137998632196543	0.0341867799303915	0.0719481231466125	0.129204818876795	0.190141293543359	0.220952866157386	0.193076256427153	0.108369351234761	0.031163214393501	
3.06500599069353e-05	0.00014489119228733	0.00045696452952158	0.00152971662626431	0.0053136058402296	0.0151049067959542	0.0363481846805428	0.0753657109420714	0.131984730697428	0.190910864053052	0.220454735434256	0.187935021872997	0.105511438045083	0.0289085792304049	
5.58709158360524e-06	3.07290037098288e-05	0.000153645018549144	0.000564296249944129	0.00197503687480445	0.00591114289545434	0.0165685200911813	0.0378469583873419	0.0787835784204175	0.13502603584678	0.19304798194252	0.218145197336075	0.182968868725696	0.102031466499799	0.0269409556161445	
2.80742732974357e-06	2.24594186379486e-05	0.000148793648476409	0.000569907747937945	0.00221506016316768	0.00605842817758662	0.0178355858258609	0.0392899454797613	0.0819291517639066	0.137650969404657	0.195520468952661	0.214669930768842	0.180840431445432	0.0976254779645029	0.0256205818112398	
1.69596924642433e-05	2.26129232856578e-05	0.000163943693821019	0.000638815082819832	0.00244502233026174	0.00673017129289389	0.0179631409350444	0.0422946463904121	0.083780880773362	0.140293402679631	0.196331053196902	0.215597263836282	0.175216236078919	0.0944146079484425	0.0240912431454576	
2.83513411601936e-06	4.25270117402904e-05	0.00022114046104951	0.000779661881905324	0.00257146664322956	0.00751877567568334	0.0192392201113074	0.0446448569249568	0.0860122988117953	0.143599542976381	0.195836889064037	0.21359049889855	0.172736216286711	0.0898822568801617	0.0233218132383752	
1.13402149537744e-05	5.1030967291985e-05	0.00017293827804506	0.000887371820132851	0.00306469309125754	0.00801186186484165	0.0210531090616823	0.0473595727007005	0.0898400179175396	0.14614418516303	0.197169482347538	0.210837276420575	0.166579252509731	0.086225324401024	0.0225925432416571	
2.8254972875226e-06	5.36844484629295e-05	0.000276898734177215	0.00100587703435805	0.0030628390596745	0.00880424954792043	0.0223525090415913	0.048816116636528	0.0927186934900543	0.149683544303797	0.197671790235081	0.207623191681736	0.162435013562387	0.0840161618444846	0.0214766048824593	
1.69943748619207e-05	9.6301457550884e-05	0.00024925083130817	0.00118677384452413	0.00342719893048734	0.00937806252796991	0.0235598683502427	0.0511360739595194	0.0954715655784602	0.151247103875284	0.197984467141376	0.204853026981402	0.159143823394456	0.0820715009998357	0.0201779877527205	
3.41907616562005e-05	7.40799835884344e-05	0.000276375323387621	0.00126790741141744	0.00364416534652337	0.0101176162200973	0.0244891330362536	0.0534031204768472	0.0975633383859681	0.153354113718473	0.19878508826915	0.203386594942047	0.156499663790844	0.0779748811871032	0.0191297311466442	
1.42224447244686e-05	5.68897788978743e-05	0.000335649695497458	0.00123735269102877	0.00406193021330823	0.0107351012780289	0.0254752429904681	0.0555016682927662	0.0998984517446673	0.155297718435417	0.196912591699212	0.202459345141755	0.154589440688139	0.0754500692633058	0.0179743256427834	
1.70375166115787e-05	0.000102225099669472	0.000337910746129644	0.00125225747095103	0.00443259390511239	0.0120824388637112	0.0273082995422587	0.0577259458661305	0.10353130927636	0.156072170920367	0.199199804636476	0.200630956031849	0.148561465680762	0.071943753478493	0.0168018309651185	
8.50296753566995e-06	2.55089026070098e-05	0.000113372900475599	0.000376964894081368	0.00134346887063585	0.00507060297377118	0.0130038716845512	0.0286068171125056	0.0588688785719549	0.105847774206531	0.159535511226751	0.200984643640631	0.198337386414525	0.144130968374629	0.0677119648090517	0.0160337624497616	
8.50472721087471e-06	3.11839997732073e-05	2.26792725623326e-05	0.000136075635373995	0.000377042906348779	0.00170945016938582	0.00547987923287361	0.0131596479042935	0.0291116812428241	0.0618095224595671	0.109719485747495	0.162726615543806	0.201893719258955	0.194222455314746	0.139729833165601	0.0648853988008335	0.0149768246183504	
2.83608291572012e-06	1.70164974943207e-05	1.70164974943207e-05	0.000133295897038846	0.000439592851936619	0.00184345389521808	0.00541408228610972	0.0137748547216526	0.031281994560393	0.0645946244884415	0.111687781303974	0.165542159790584	0.19990981256328	0.192255224773751	0.134617511677571	0.0637437996137255	0.0147249424984189	
1.42280702752847e-05	2.84561405505694e-06	3.13017546056263e-05	0.000145126316807904	0.000489445617469794	0.0018041193109061	0.00583350881286673	0.0145353965932309	0.0334018177782584	0.0675747969654372	0.115386804318504	0.168209938022526	0.199599906663859	0.186433250431111	0.131182807938125	0.0614254249924591	0.0139292807995037	
4.28948903606602e-05	0.000171579561442641	0.000637704036695149	0.00219049906775105	0.00597096873820391	0.0155708452009197	0.0359373391441611	0.0695726525056335	0.117429051851343	0.168645550941972	0.197736865584572	0.18512290815918	0.128364389233954	0.059618178282603	0.0129885728012079	
8.6147237114527e-06	5.16883422687162e-05	0.000206753369074865	0.000666205300352342	0.00220824084470238	0.00658452049012035	0.0167757386407689	0.0368135859936079	0.0724211106676124	0.120229955691604	0.169147228499803	0.198170232683687	0.18276423511304	0.12536145944906	0.0563316783491892	0.0122587518413972	
2.87870849622026e-05	3.16657934584228e-05	0.000175601218269436	0.000811795795934112	0.00249871897471918	0.0074040382522785	0.0177270869197243	0.0381831894938655	0.0752379252572126	0.122799947031764	0.170923316963078	0.197093655902216	0.179674590791587	0.121671493301245	0.0536476115355607	0.0120905756841251	
5.18224218345137e-05	1.43951171762538e-05	4.8943398399263e-05	0.000253354062302067	0.000950077733632752	0.00329936085679737	0.00818506362641792	0.0185725801808027	0.0402631427419819	0.0771002475960154	0.124097426153049	0.171468877756665	0.196144987620199	0.178041688259342	0.119534174008176	0.0510162952726435	0.0109575631945644	
2.29686391942601e-05	3.44529587913902e-05	9.47456366763231e-05	0.000321560948719642	0.00109675252152592	0.00364340039218951	0.00826871010993365	0.0202267578904453	0.0423742682335107	0.0787135265187295	0.126884505068892	0.174176933169873	0.195233433151211	0.174601852994967	0.115417411951157	0.0485643164963638	0.0103244033178199	
2.86300793339498e-05	3.43560952007398e-05	0.000128835357002774	0.000486711348677147	0.00123109341135984	0.00347282862320811	0.00931336480733388	0.0208426977551155	0.0446457457133614	0.0806337554361363	0.129911847985731	0.174420169318289	0.194773292716794	0.171465545131026	0.111050351720525	0.0476232739640922	0.00993750053681399	
1.42889395034879e-05	1.42889395034879e-05	6.28713338153469e-05	0.000122884879729996	0.000502970670522775	0.00126885782790973	0.00393231615135988	0.00968504319546412	0.0216506011356849	0.045538850197616	0.0838817904612755	0.131901200556697	0.177274299056073	0.193295058027383	0.168609486141158	0.10782433749332	0.0450701729819016	0.0093506820110825	
2.85313216849457e-06	2.85313216849457e-06	1.71187930109674e-05	4.27969825274186e-05	0.000176894194446664	0.000485032468644077	0.00132955959051847	0.00377754699108682	0.0101913881058626	0.0226938132682058	0.0469283179073987	0.0857480341919359	0.134679250881618	0.180432078335597	0.190275384316903	0.16477123586273	0.104601531561348	0.0445373931502003	0.0093069171336293	
2.57321511792473e-05	0.000177265930345926	0.000523220407311362	0.00154964732657245	0.00396275128160409	0.010570195878853	0.0235334818173761	0.049197013926812	0.0883413341262648	0.137935766832401	0.177794869009055	0.190589466400958	0.160851677021475	0.102453989484128	0.0434701807254751	0.00902340768018939	
3.70077260745051e-05	0.000182191882212948	0.00064621183222405	0.00163403344359738	0.00420464703169569	0.0106923860873724	0.0254271545613446	0.0513951912730088	0.0897124215009195	0.137942028820478	0.178363005938317	0.189166415203913	0.159249938794915	0.101065253161314	0.0419240601460951	0.008358052596519	
5.99371516153062e-05	0.000171249004615161	0.000627913016922256	0.00155265764184412	0.00428407926545594	0.0118504311193691	0.0267833443218111	0.0540861439576216	0.0910588040540348	0.141622926816738	0.178101818949844	0.188610799533061	0.157492001244409	0.0965815844528737	0.0393730003111024	0.00774330915868218	
7.41353254825925e-05	0.000182486955034074	0.00057027173448148	0.00171651792078926	0.00500128311140258	0.0124575860397479	0.0281571668900231	0.055304952810014	0.0952952581905278	0.142647771663198	0.179997718913062	0.187653616948476	0.152407972398848	0.0932137663596704	0.0381312195261042	0.00718827521313906	
8.53147688396338e-06	6.25641638157315e-05	0.000247412829634938	0.000671142848205119	0.00203049149838329	0.00586965609616681	0.01351101555857	0.0291776509431548	0.0576983781662444	0.0979356669766437	0.144261586456565	0.179724092037573	0.185792815927699	0.149366253458803	0.0906725363227628	0.0364862828070834	0.00648392243181217	
1.41923287624573e-05	9.65078355847098e-05	0.000244108054714266	0.000817478136717541	0.00264828854707454	0.00611121676511412	0.01412704405015	0.0309704998254344	0.0595311422270035	0.100532780021743	0.145854562691774	0.181536915666344	0.182765971337173	0.146569856061402	0.0878476765738583	0.0341580968654823	0.00617366301166893	
1.98389080665e-05	5.10143350281429e-05	0.000354266215473215	0.000921092160230358	0.0026782525889775	0.00650999597553579	0.0152844616003764	0.0325924918235357	0.0626030914687027	0.102706027060271	0.150234382528157	0.179760345990557	0.179318221753646	0.144064482119476	0.0848510098004206	0.0321333628082825	0.00591766286326458	
1.70051639014381e-05	0.000130372923244359	0.000325932308110896	0.000980631118316262	0.00261879524082146	0.0072980495077005	0.0166083767437378	0.0347500524325887	0.0640584524167172	0.107659692660004	0.1501726024136	0.177916527318796	0.179055873300192	0.141519808181751	0.0802331974809684	0.0306177976045392	0.00603683318501051	
4.26776528429007e-05	0.000125187781672509	0.000270291801338371	0.00116652251103929	0.00301588746756498	0.00742306641780853	0.0171450357354213	0.0349700687394728	0.0677550416533892	0.107744002367187	0.150410274502663	0.180099694997041	0.179223380525333	0.136130331861429	0.0789963354122092	0.0300905904311012	0.00539161014248646	
