# <P(N_1)> as a function of N_tot.
# number_of_species: 2
# species_total_upper_bound: 100
# species_total_lower_bound: 0
# volume: 512
# Bin widths for each species index 
1	1	1	1	1	1	1	1	1	1	1	1	1	1	1	1	1	1	1	1	1	1	1	1	1	1	1	1	1	1	1	1	1	1	1	1	1	1	1	1	1	1	1	1	1	1	1	1	1	1	1	1	1	1	1	1	1	1	1	1	1	1	1	1	1	1	1	1	1	1	1	1	1	1	1	1	1	1	1	1	1	1	1	1	1	1	1	1	1	1	1	1	1	1	1	1	1	1	1	1	1	
# Bin lower bound for each species index 
0	0	0	0	0	1	1	2	2	4	4	5	6	7	7	8	9	10	10	11	12	12	13	14	15	16	17	18	20	20	21	21	22	23	24	25	25	26	27	29	30	31	31	32	33	34	35	36	37	37	37	38	39	40	41	42	43	45	45	46	47	48	48	49	49	50	51	54	55	56	56	57	58	59	60	61	62	62	63	63	64	65	66	67	69	69	70	71	72	73	73	73	76	77	78	79	80	81	82	83	84	
# Bin upper bound for each species index 
0	1	2	3	4	5	6	7	8	9	10	11	12	13	14	15	16	17	18	19	20	21	22	23	24	25	26	27	28	29	30	31	32	33	34	35	36	37	38	39	40	41	42	43	44	45	46	47	48	49	50	51	52	53	54	55	56	57	58	59	60	61	62	63	64	65	66	67	68	69	70	71	72	73	74	75	76	77	78	79	80	81	82	83	84	85	86	87	88	89	90	91	92	93	94	95	96	97	98	99	100	
# Normalized histogram for each species index 
1	
0.0503901391786517	0.949609860821348	
0.00254978283146227	0.0954376240533314	0.902012593115206	
0.000103792081676774	0.00717177969244634	0.134985399491925	0.857739028733952	
1.26799924934444e-06	0.000472963720005478	0.0132810241376337	0.171670614370996	0.814574129772115	
5.92401380925432e-05	0.00126925146934449	0.0214512321318509	0.203062589096537	0.774157687164175	
5.03089598999858e-06	0.000125772399749964	0.00210165679982191	0.0302646125518339	0.231616162759547	0.735886764593057	
1.25878791311846e-05	0.000172453944097229	0.00363286191725987	0.0399224586645519	0.256659302757375	0.699600334837585	
1.26228519061769e-06	1.38851370967946e-05	0.000258768464076626	0.0055098748570462	0.0513914169656179	0.280179345479883	0.662645446811089	
2.14270949396764e-05	0.000562146137829158	0.00770745209153655	0.0641073472248131	0.299925131209446	0.627676496241436	
1.13473174311186e-05	6.17798393472014e-05	0.000939305720687042	0.0108392097728141	0.0758996846706567	0.315606722150846	0.596641950528218	
1.1316441658085e-05	8.29872388259569e-05	0.0015352639182802	0.0139846071245802	0.0870309806451126	0.32770026015242	0.569654584479123	
1.88232223348827e-05	0.000127997911877202	0.00232780516208049	0.0177791609360412	0.0989135236068306	0.33977547660399	0.541057212556846	
1.25207845022738e-05	0.000266692709898431	0.00304380271250275	0.0219777330368412	0.110561031311978	0.350747240419096	0.513390979025182	
1.25304018875797e-06	2.38077635864015e-05	0.000418515423045163	0.00408240493497348	0.0259191363044587	0.122806709779603	0.358835624934999	0.487912547819146	
3.74447222288097e-06	1.37297314838969e-05	0.000674005000118575	0.00508624143607999	0.0308095174498646	0.135609806023857	0.365074808314226	0.462728147572147	
1.24590409030313e-06	6.22952045151564e-05	0.00083226393232249	0.00638027484644232	0.0362421040828277	0.146878387301746	0.370363679403959	0.439239749324097	
1.24293546554769e-06	0.000118078869227031	0.00101299240442137	0.00788518259343457	0.0416756261598142	0.157696194255898	0.374193179515926	0.417417503265813	
4.95621800916157e-06	1.23905450229039e-05	0.000192053447855011	0.00143234700464769	0.00933503662025582	0.0470605290514914	0.169143330107661	0.375635480077862	0.397183876927194	
9.87696999253054e-06	2.345780373226e-05	0.000243220386066065	0.00197292475600798	0.0112091263202731	0.0538319557017896	0.179933700838925	0.376866901656244	0.375908835566969	
1.11048046788244e-05	2.83789452903289e-05	0.000431853515287614	0.00234928312316462	0.0134516200676159	0.0613343039755201	0.190196925202971	0.376677442440096	0.355519087925376	
3.71967534673574e-06	4.95956712898098e-06	2.97574027738859e-05	0.000463719526559722	0.00293978341570348	0.016552555292974	0.0672492504854176	0.198928237543427	0.374217938258349	0.33961007883232	
6.19618612351725e-06	4.9569488988138e-06	6.93972845833932e-05	0.000575006072262401	0.00356652473269653	0.0187360276002915	0.0731930682026599	0.207157090667552	0.37428062279106	0.322411109513872	
2.48289595052085e-06	1.73802716536459e-05	8.56599102929693e-05	0.000711349689824223	0.00446548836701175	0.0215974704256056	0.0799368351270188	0.21542101845909	0.371555447411643	0.30620686744191	
3.73987429035885e-06	1.99459962152472e-05	0.000132142224926013	0.000902556328739937	0.00518720564072773	0.0242244124034177	0.0865431843284308	0.224199230583196	0.368153225142926	0.290634357477131	
1.24319660657054e-06	2.48639321314109e-06	0.000167831541887023	0.00117233439999602	0.0063092227783455	0.0265148972249365	0.0943387312929991	0.232031457846933	0.364293901623366	0.275167893701717	
6.20121196486641e-06	1.98438782875725e-05	0.000163711995872473	0.00135806542030574	0.00718844490967315	0.0305980200770439	0.100667994552855	0.238453963442615	0.360150267768333	0.261393486743049	
3.73638089164994e-06	1.99273647554663e-05	0.000237882916768379	0.00155931629211524	0.00859865789198372	0.0341642214129498	0.107460805364447	0.243881053559775	0.355585142156838	0.248489256659476	
2.99185840531454e-05	0.000253061356782855	0.00193099527909676	0.00974971857831875	0.0383257061720792	0.113799074269145	0.249598280678703	0.348524078850428	0.237789166231393	
1.24169615695039e-06	5.3392934748867e-05	0.000367542062457317	0.00224622834792326	0.011413671074688	0.0425827280064568	0.120188737815856	0.253277457006271	0.344149748556528	0.225719252498914	
1.48461015992963e-05	6.68074571968333e-05	0.000454043273911812	0.00287643218486366	0.0131103448873119	0.045344942984784	0.127221193304903	0.258694557542871	0.338503488215288	0.21371334404727	
2.47239264562084e-06	1.35981595509146e-05	0.000127328221249473	0.000656420247412332	0.00352563191265531	0.0144968742775978	0.0493514295992375	0.134247212068243	0.261973488533661	0.333337866053184	0.202267678534563	
2.47126230843083e-06	2.84195165469546e-05	0.000187815935440743	0.000864941807950792	0.00411341611238312	0.0162028313252268	0.0532519958532218	0.14170094513427	0.265222049096568	0.32585199857161	0.192573115384473	
1.23637361727066e-05	4.08003293699316e-05	0.000200292525997846	0.00103484471765554	0.004773638536282	0.0176999247048467	0.0582059971538679	0.148661563740624	0.269229009776006	0.317843220407088	0.182298344372089	
1.61064113428782e-05	8.92047397451718e-05	0.000244074079580539	0.00118444071106089	0.00546502926411046	0.019612653196751	0.0630281044488386	0.155223680884911	0.270642224567976	0.312596948206737	0.171897533488946	
1.48898523174814e-05	8.06533667196911e-05	0.000230792710920962	0.00140088693886971	0.0060700964614266	0.0218409317076923	0.0682066910033031	0.159940589489253	0.274593693154887	0.30279383262317	0.16482694269144	
1.24220824875966e-06	1.73909154826352e-05	4.84461217016265e-05	0.000306825437443635	0.00153909602021321	0.00653277318022703	0.0247907500204964	0.0724182564861904	0.166336653341913	0.274611250928551	0.296301449160143	0.15709586617939	
6.21324091344583e-06	8.69853727882416e-06	4.47353345768099e-05	0.000285809082018508	0.00165893532389004	0.00735523459333717	0.0274438851146902	0.0770988638467666	0.17178368477495	0.276910478382271	0.289195298316336	0.148208163452971	
6.22402248614844e-06	9.9584359778375e-06	5.72610068725656e-05	0.000380910176152284	0.00190206127176696	0.00848583225761478	0.0299599546393241	0.0819517040751165	0.176017845517272	0.277737045008396	0.282324149580688	0.141167054008333	
6.20990728608422e-06	7.20349245185769e-05	0.000424757658368161	0.00237715250911304	0.00972098886563624	0.031839436637211	0.0867635826197115	0.181546639508672	0.276743276222886	0.276775567740774	0.133730353405824	
7.44036547075192e-06	0.000125246152090991	0.000607629846778074	0.00276905601603151	0.0104698342782597	0.0349225953978859	0.0915462567521317	0.186517561742633	0.276265730172666	0.269367271320367	0.127401377955685	
2.4870579720778e-05	0.000139275246436357	0.0005881892103964	0.00300685308824206	0.0116754936499192	0.0374687718783381	0.0968485244906816	0.19095755462512	0.277463648538916	0.261168444705862	0.120658373986368	
3.72909840344867e-06	2.61036888241407e-05	0.000147920903336797	0.00072841722147364	0.0035065955320429	0.0131115099865255	0.0408634603049905	0.101569453214731	0.194396656738978	0.275683543737352	0.255404706619398	0.114557902953943	
1.36204524714311e-05	2.97173508467588e-05	0.000164683652609121	0.000897711640162504	0.00407994462666959	0.0146890388789625	0.0436201181512341	0.10516351353192	0.198514380102252	0.275500892139637	0.248658694987302	0.108667684485933	
9.93509896600457e-06	3.35309590102654e-05	0.000204911416173844	0.00104815294091348	0.00453661456535184	0.0161979369766997	0.0464552808776666	0.109702120895252	0.202563007155755	0.274265858280781	0.241709780856555	0.103272869976876	
3.73873239524383e-06	5.60809859286575e-05	0.000220585211319386	0.00127490774677815	0.00493138802932662	0.0173190546989012	0.0500990140962674	0.113439372092357	0.20592938033003	0.272924972364536	0.235100216721855	0.0987012889903055	
7.51890063647494e-06	6.51638055161161e-05	0.000302009175565077	0.00141230016955121	0.00552263251749084	0.0191268300690862	0.052845339973358	0.118407647223207	0.209546748138132	0.270122771115893	0.22854826319661	0.0940927757149535	
3.77229425907111e-06	8.80201993783259e-05	0.000349565934673923	0.00165352231689284	0.00634122664949854	0.0208545000955648	0.0567705137361808	0.122872426037884	0.211857075315112	0.269661197678279	0.221113027995453	0.0884351517468237	
1.0096968763765e-05	0.000103493929828591	0.000426596930269072	0.00197900587769794	0.00721175993951916	0.0225667251870148	0.0602852141251545	0.128014418471395	0.215826493688763	0.26647541325	0.213510501478575	0.0835902801530196	
1.25899710808364e-06	1.00719768646691e-05	7.80578207011858e-05	0.00045953394445053	0.00230396470779307	0.00821747412446194	0.0243213061339598	0.0640061539778643	0.131954227901139	0.217509376380962	0.263281475242451	0.208082006035632	0.0797750927566119	
1.25320978355814e-06	6.26604891779069e-06	1.25320978355814e-05	0.000121561349005139	0.000550159094982023	0.00260542314001737	0.00893287933720241	0.0267272050539444	0.0672359580976777	0.136037175215019	0.219266596570466	0.261260403207716	0.20191465390732	0.0753279336701126	
2.51232294404052e-06	1.00492917761621e-05	2.38670679683849e-05	0.000138177761922229	0.000641898512202353	0.00282510715057356	0.00977921705967772	0.0288176003296168	0.0697081685668203	0.141089544214372	0.221672302644471	0.258465272159945	0.194952491973128	0.0718737909445832	
5.03197822159826e-06	7.54796733239739e-06	4.40298094389847e-05	0.000226439019971922	0.000805116515455721	0.00327204383859427	0.0108313331219902	0.0309227641662767	0.0723409769082519	0.145020354351906	0.223848809182354	0.255746519129065	0.188418650524081	0.0685103834870603	
2.51465098530312e-06	1.13159294338641e-05	4.14917412575015e-05	0.000198657427838947	0.00105992539030527	0.00372922741120453	0.0118892698585132	0.0327659023384997	0.077267680825409	0.149104972848056	0.225164363875027	0.251232493314172	0.182265675391248	0.0652665089980499	
3.79118650236507e-06	1.01098306729735e-05	4.29667803601374e-05	0.000235053563146634	0.00120559730775209	0.00408816277838367	0.0124818496946199	0.0350444642990286	0.0806574928378168	0.153810963858619	0.225934495879612	0.247460852840041	0.177049673389283	0.0619745257541618	
3.80594742717954e-06	1.3955140566325e-05	3.29848777022227e-05	0.00030320714503197	0.0011899928955648	0.00441489901552827	0.013503501471633	0.0369785852024764	0.0847559119050035	0.156860854562062	0.228189383943976	0.243980259819344	0.171142037957982	0.0586306201157008	
1.27045431446285e-06	1.14340888301657e-05	4.95477182640512e-05	0.000330318121760342	0.00132762475861368	0.00503608090253074	0.0145136700884236	0.0397169427787377	0.0885506657180608	0.16118762069316	0.229361469661551	0.239528915540197	0.164621658705153	0.0557627807704035	
2.28653889148595e-05	6.85961667445784e-05	0.00036711652202191	0.00170474177354119	0.00540258328082763	0.0161543972683482	0.0426147334403772	0.0923558464258857	0.163233470864413	0.228575130586777	0.236368417308591	0.160154265157212	0.0529778358163452	
3.8205901793003e-06	3.18382514941691e-05	7.64118035860059e-05	0.00051577967420554	0.00187973036821575	0.00596521479994753	0.0179491326623528	0.0451046141267595	0.0959108223310949	0.166191852209384	0.229431534387222	0.232051185720162	0.154220669647576	0.0506673934278208	
1.27577056542151e-06	2.42396407430088e-05	0.000123749744845887	0.000595784854051847	0.00208843641559502	0.00672713819146765	0.0191531434986732	0.0474765258215962	0.0986961624821392	0.170124004898959	0.22916283935497	0.229119463155746	0.148114411104307	0.0485928250663401	
2.54639856484977e-06	2.41907863660728e-05	0.000176974700257059	0.000570393278526348	0.00204093844972709	0.00728906589188246	0.0206500191616492	0.0496929679930432	0.102626228159858	0.173110540434899	0.229527273838428	0.224900467646096	0.143972101657323	0.0454162916033781	
6.35177125493215e-06	3.17588562746608e-05	0.000165146052628236	0.000647880668003079	0.00221422745946935	0.00754209318810644	0.0219123404752649	0.0522522110515738	0.106779626566664	0.175629015907376	0.231237502890056	0.220341674479345	0.137768648165227	0.0434715224687556	
2.53904737481544e-06	5.07809474963089e-06	3.1738092185193e-05	0.000194237124173381	0.000665230412201646	0.00250096166419321	0.00844741061601098	0.0228336530417153	0.0550389299438744	0.110236550348675	0.180210156951213	0.229656835052057	0.21574666400913	0.133637680478661	0.0407923351237849	
3.80285492995775e-06	2.53523661997183e-06	5.95780605693381e-05	0.000174931326778057	0.000777050024021367	0.00310312962284552	0.00929417744881674	0.0246868665869757	0.0576297312268897	0.114180719271981	0.181985622673128	0.228414678512982	0.21150084740284	0.129362983770683	0.0388233459799387	
1.26781437676147e-06	2.53562875352294e-06	3.80344313028441e-06	4.43735031866514e-05	0.000253562875352294	0.00103073308830707	0.00347000794919614	0.00993586127067964	0.0261752956226173	0.0607308442756279	0.117417360689387	0.18312944765131	0.227897241109135	0.207903808387606	0.124569101588698	0.0374347551026359	
2.54817321462244e-06	2.54817321462244e-06	2.16594723242907e-05	5.09634642924487e-05	0.00028284722682309	0.00122312314301877	0.00372670332638531	0.0107290833201678	0.0284083090832182	0.0642547357799194	0.120554074783788	0.18617208323353	0.224897945662754	0.203819456831398	0.12046743689449	0.0353864814314618	
1.27293834904988e-06	2.54587669809976e-06	2.41858286319477e-05	9.92891912258905e-05	0.000336055724149168	0.00118637854131449	0.00404794394997861	0.0115824660380048	0.0305823438359233	0.066710880058657	0.123898908328072	0.187023921057455	0.225273172569706	0.198714586855129	0.117089961099004	0.0334260881077008	
3.31407769217827e-05	0.000109619492895127	0.000372196417736944	0.00131670856000775	0.00447910346550555	0.0126737978820494	0.0320700748981558	0.0691227381419751	0.12623321929507	0.189593286188454	0.223924581788888	0.195180056390307	0.112853267935534	0.0320382087665003	
3.44604451523726e-05	9.95523971068542e-05	0.000416077967395314	0.00145499657310018	0.00494188309740692	0.0136922835405427	0.0336461575965499	0.0716790022297184	0.129598076341373	0.189903855358025	0.22207842431529	0.192492217682803	0.109336610904561	0.0306264015509753	
3.58502330905334e-05	0.000115232892076714	0.000473735222982048	0.00162734450921671	0.00524053585855547	0.0148919307527141	0.0357068321581712	0.0751369670958879	0.13260104964361	0.190631053727976	0.220982117135515	0.187969173921004	0.105733860673191	0.0288543161760093	
2.56921134204039e-06	4.11073814726462e-05	0.000152868074851403	0.000575503340617047	0.00192048547817519	0.00594387043981044	0.0162554001610896	0.0371970418100608	0.0779691412025708	0.134968379431408	0.192048547817519	0.218796607099502	0.183507204710906	0.102747899990879	0.0278733738497962	
1.28750170593976e-06	3.2187542648494e-05	0.000166087720066229	0.000619288320557025	0.00219132790350947	0.00627785831816227	0.0172937229141829	0.0391915519288063	0.0806439568532428	0.137251544358296	0.194701157979034	0.216041498754986	0.180877252162359	0.0986509557125163	0.0260603220299267	
1.03482844484688e-05	2.58707111211719e-05	0.000168159622287618	0.000689454451379232	0.00251463312097791	0.00689195744268021	0.01774860136468	0.0416790091517641	0.0828638877211137	0.139362933738641	0.195988746240662	0.216268796688549	0.176518449050868	0.0951188435792129	0.024150308831614	
9.08734496340396e-06	3.89457641288741e-05	0.000181746899268079	0.00085810500297286	0.00260157704380879	0.00741916806655052	0.0189860600128261	0.043794511762919	0.0850004284034054	0.143528122736277	0.196498256527959	0.213934275128456	0.173509870154822	0.0904268715386952	0.0232129736129466	
6.48769284666987e-06	4.54138499266891e-05	0.000186845553984092	0.000849887762913753	0.00288961839390676	0.00784362065162387	0.02029999091723	0.0461184133698374	0.0894756646641321	0.146313044155238	0.197726712426527	0.21153252280424	0.167584891460899	0.0866249724273054	0.0225019138693898	
2.58814242547767e-06	6.72917030624195e-05	0.00024457945920764	0.000969259338341389	0.00290907208623691	0.00862110241926613	0.0216498113891207	0.0484319092079637	0.0922038679788549	0.14844679102691	0.198003248118744	0.209586479543969	0.163393313534044	0.0841029821871098	0.0213677038647437	
2.20210391598844e-05	0.000111400551044121	0.000218915036354145	0.00108680305030253	0.00326688592713109	0.00927603890729013	0.0231790867486454	0.0507727441712252	0.0944585997987018	0.150316908660616	0.199418644566179	0.206974451708509	0.159384395373509	0.0812278413293454	0.0202852631319876	
2.5975982606482e-06	4.15615721703713e-05	7.53303495587979e-05	0.000233783843458338	0.00123515797293822	0.00356650241186999	0.00998127131654073	0.0243706668814015	0.0528507342111484	0.096794303986534	0.15348169082866	0.200263136703804	0.204890758005148	0.155774071293682	0.0770876247821264	0.0193508082426988	
1.55495804852765e-05	2.72117658492339e-05	7.64521040526094e-05	0.00029414623084648	0.00123619164857948	0.00388480352457158	0.0105426155690175	0.0258382195730344	0.0547656224691438	0.0992037318993165	0.156487090608701	0.19945058148952	0.202984223654799	0.152291295474424	0.0749152871813146	0.0179869772263436	
2.58801850950838e-06	1.03520740380335e-05	2.84682036045922e-05	8.66986200685307e-05	0.000304092174867235	0.00122413275499746	0.00426634851292456	0.0116939616352136	0.0273165353678609	0.0571861509953519	0.103248998436837	0.157179422147227	0.200511910061181	0.200249226182466	0.14766457209702	0.0717657532686674	0.0172607894491661	
7.77932643998574e-06	7.77932643998574e-06	2.46345337266215e-05	8.42760364331788e-05	0.000422676736572558	0.00138860976953745	0.00478298920618456	0.0126245502576902	0.0288055492528605	0.0594249781206444	0.106500275517811	0.160141324430326	0.200084276036433	0.198042202845937	0.143026806262358	0.0684282519205212	0.0162030404200836	
5.18034731638583e-06	1.68361287782539e-05	1.68361287782539e-05	0.000115262727789585	0.000512854384322197	0.00159425188661774	0.00523085570272059	0.0132008200489802	0.029618635781436	0.0615995099391439	0.109689969163983	0.162273084598957	0.200509228141201	0.194608812547837	0.139303424598102	0.0664042820750917	0.0153001557989455	
1.29263765298367e-06	7.755825917902e-06	2.3267477753706e-05	0.000178383996111746	0.000517055061193467	0.00181615590244205	0.00548595419926268	0.0138557830023319	0.0317161574536072	0.0639946122862624	0.111903641618796	0.164343365925037	0.200101601319525	0.191491341913	0.135626127826352	0.0638356178549454	0.0151018856998082	
6.45206246628797e-06	2.58082498651519e-06	3.48411373179551e-05	0.000207756411414473	0.000628430884216449	0.00195110368980548	0.00570620404518508	0.0144732665243772	0.0331932805640651	0.0665723805271593	0.114628632188565	0.167663295248959	0.199398409695643	0.187960193355408	0.131498194712922	0.0617281720274703	0.0143468061000379	
5.15445318983336e-06	4.63900787085002e-05	0.000176540021751792	0.000694562567330045	0.00233110145510214	0.00587478802311257	0.0154942862886391	0.034938172333988	0.0683712443365446	0.117027993835274	0.168161458091718	0.198508301246862	0.186146633884344	0.12930461272016	0.0599218069451102	0.0129969537181648	
2.57885161158884e-06	1.28942580579442e-05	6.18924386781322e-05	0.000168914780559069	0.000738840986720204	0.00219976042468528	0.00648065409992276	0.0165162551464207	0.0361116591170786	0.0715347648538629	0.119102972255425	0.169078537636405	0.199597957033753	0.183842463112751	0.125991084909979	0.0563143826422656	0.0122443874518238	
1.29357069493205e-06	3.49264087631653e-05	4.78621157124858e-05	0.000172044902425962	0.000807188113637598	0.00240216078048881	0.007043492433905	0.0173907644226665	0.0377166407521337	0.0739793080431639	0.122217852827875	0.172066893127776	0.198066370525216	0.180583762583209	0.121811671629666	0.0537155231070533	0.0119422446556127	
2.33006994093273e-05	3.10675992124364e-05	4.66013988186545e-05	0.000230418027492236	0.000955328675782418	0.00291258742616591	0.00772159288759095	0.0184722766983945	0.0400280126186232	0.0760159428563292	0.124630263207289	0.172664655039618	0.196435251887033	0.178606333388996	0.118257521918838	0.0519450258831936	0.0110238197872128	
1.16572609840542e-05	2.84955268499102e-05	9.97343439746856e-05	0.000316041297789913	0.000984390927542351	0.00324330905600796	0.00810827264001989	0.0196891138020675	0.0418547479376362	0.078126963115131	0.127113364272567	0.173706141174612	0.196284960449504	0.175218994600098	0.11544703652997	0.0491755078356223	0.0105912692296234	
1.4234857023802e-05	2.32934024025851e-05	0.000116467012012925	0.000397281918755201	0.00114396487354918	0.00333095654356966	0.00871561473230057	0.0206133670483765	0.043888652360204	0.0805641144430742	0.129825778290808	0.174250178906271	0.195262121951314	0.172236593676359	0.111558574495536	0.0481112285846282	0.00994757690381507	
6.46480109746463e-06	6.46480109746463e-06	3.87888065847878e-05	0.00011507345953487	0.000435727593969116	0.00117271491908008	0.00368752254599383	0.00945541808515177	0.0217786219371389	0.0451411201431566	0.0835084216963897	0.130983335035731	0.176412785307834	0.193460465801849	0.169046790937383	0.109137479167178	0.0460397274957041	0.00957307746512563	
1.29061734099272e-06	1.29061734099272e-06	7.7437040459563e-06	3.48466682068034e-05	0.000149711611555155	0.000415578783799655	0.00134095141729143	0.00389121128309304	0.0103017076158039	0.0226103251968514	0.0471527045531689	0.0852891563621627	0.133354327375413	0.178062602684742	0.190745499294678	0.166547714768405	0.106324928403003	0.0444553143104941	0.00931309473260345	
6.44383872360443e-06	2.44865871496968e-05	0.000168828574558436	0.000479421601036169	0.00152203470651537	0.00413050062183044	0.0109068414235729	0.0238731337032097	0.0486819127890867	0.0871065230979399	0.13619053142338	0.177232629021761	0.191584346626973	0.162583206067519	0.103280558294187	0.0434520932810094	0.00877650834154923	
5.14870754568834e-06	2.57435377284417e-05	0.000162184287689183	0.000518732285228101	0.00158708910095843	0.00449224733361308	0.0111932902043265	0.0252917386413076	0.050784276876897	0.0892798760191223	0.137316030243508	0.178803028469778	0.190234446398093	0.159579041671065	0.100518217414474	0.0421576173840962	0.00805129142457015	
8.99323323436494e-06	5.26746518012804e-05	0.000152884964984204	0.000539593994061897	0.00156739207798932	0.00471502371001705	0.0118839153454108	0.0270233811216617	0.0530138251689764	0.0907905437437288	0.140747954360626	0.178820164884508	0.188277192004245	0.157420124029534	0.0975688721072302	0.0396845687680427	0.00773289583394894	
6.41286266341577e-06	7.05414892975735e-05	0.000174429864444909	0.000543810753857658	0.00175199407964519	0.00527393825439313	0.012576906255491	0.0280896210382938	0.0545644832579394	0.0947487632794354	0.142773409193223	0.180060357863388	0.186760516774125	0.153725296049805	0.0938035073228479	0.0376627424222408	0.00741326923890863	
1.28024416816775e-05	6.27319642402199e-05	0.000211240287747679	0.000637561595747541	0.00203686847155489	0.00578798388428641	0.0134502452307704	0.029229254603438	0.057321652385543	0.0985519158213854	0.144835302988986	0.178998618616543	0.185741664650282	0.150193124832768	0.090344270459262	0.0357559393727572	0.00682882239300679	
1.02089647471686e-05	8.16717179773489e-05	0.00020162705375658	0.000718455894081991	0.00241186792151858	0.0059173711915776	0.013992662306588	0.030833625777636	0.0596879885149147	0.100969213590684	0.145047695007178	0.179884511086298	0.183612059339608	0.147531025681927	0.0879821343116925	0.0345637262721327	0.00655415536768225	
1.52941446367258e-05	6.75491388122057e-05	0.000263823994983521	0.000824609298330134	0.00245725923830062	0.00622981491535965	0.0149270851654444	0.0327167244020627	0.0621299135625926	0.103346358846516	0.147877809980449	0.179577473764169	0.181245810041626	0.144095058206965	0.0852431896448445	0.032575253564173	0.00640697209073506	
1.65268453176269e-05	0.000100432367699425	0.00026061563770104	0.000884821872389871	0.0025362351083589	0.00694763151237161	0.0164327694288958	0.0347394288576517	0.0646339494456515	0.106034968262101	0.148651345857292	0.179954462184671	0.178601803460213	0.140414620410145	0.0819095879857462	0.0315408486407941	0.00633995212300041	
2.54717365611118e-05	0.000132453030117781	0.000252170191955007	0.000960284468353915	0.00282226841097119	0.00716010514732852	0.017343705424461	0.0358756673594979	0.067013591718629	0.10713794473652	0.150083292578555	0.180974141093043	0.176642672290826	0.135890440966703	0.0811071035578922	0.0305215083343522	0.00605717895423238	
