# <P(N_2)> as a function of N_tot.
# number_of_species: 2
# species_total_upper_bound: 100
# species_total_lower_bound: 0
# volume: 512
# Bin widths for each species index 
1	1	1	1	1	1	1	1	1	1	1	1	1	1	1	1	1	1	1	1	1	1	1	1	1	1	1	1	1	1	1	1	1	1	1	1	1	1	1	1	1	1	1	1	1	1	1	1	1	1	1	1	1	1	1	1	1	1	1	1	1	1	1	1	1	1	1	1	1	1	1	1	1	1	1	1	1	1	1	1	1	1	1	1	1	1	1	1	1	1	1	1	1	1	1	1	1	1	1	1	1	
# Bin lower bound for each species index 
0	0	0	0	0	0	0	0	0	0	0	0	0	0	0	0	0	0	0	0	0	0	0	0	0	0	0	0	0	0	0	0	0	0	0	0	0	0	0	0	0	0	0	0	0	0	0	0	0	0	0	0	0	0	0	0	0	0	0	0	0	0	0	0	0	0	0	0	0	0	0	0	0	0	0	0	0	0	0	0	0	0	0	0	0	0	0	0	0	0	0	0	0	0	0	0	0	0	0	0	0	
# Bin upper bound for each species index 
0	1	2	3	3	4	4	5	6	5	6	6	6	6	7	7	7	7	8	8	8	9	9	9	9	9	9	9	8	9	9	10	10	10	10	10	11	11	11	10	10	10	11	11	11	11	11	11	11	12	13	13	13	13	13	13	13	12	13	13	13	13	14	14	15	15	15	13	13	13	14	14	14	14	14	14	14	15	15	16	16	16	16	16	15	16	16	16	16	16	17	18	15	15	15	16	16	16	16	16	16	
# Normalized histogram for each species index 
1	
0.949898782017006	0.0501012179829943	
0.902236305971864	0.0951802212242227	0.00258347280391293	
0.8577604503216	0.134968056257756	0.00717145800269825	0.000100035417945273	
0.814953486011975	0.171394743073644	0.0132120023003281	0.000439768614052299	
0.774603409434787	0.202728892774285	0.0213738609999664	0.00124407383746343	4.97629534985374e-05	
0.736217185532776	0.231449541087377	0.0301494452512812	0.00206436856898186	0.000119459559583475	
0.7001986516419	0.256177286509968	0.0397921550074192	0.00365717941549644	0.000162630911163201	1.20965140534612e-05	
0.663059643186215	0.280007489748743	0.0511781536422271	0.0054879921546229	0.000251903419959372	1.3470771120822e-05	1.3470771120822e-06	
0.627898570685687	0.299709890984046	0.0640416660507953	0.00775191715163739	0.000577799337008854	2.01557908258902e-05	
0.596756880210118	0.315478709469399	0.0758344584836333	0.0108981722185277	0.000959232613908873	6.04558370110634e-05	1.20911674022127e-05	
0.569994053773176	0.327477728434214	0.0869247293395403	0.0139696153166232	0.00154012631714281	8.57113776496869e-05	8.03544165465815e-06	
0.541538194351671	0.339695941432656	0.0985090977102092	0.0177358591391242	0.00237796243353729	0.000124241857482566	1.87030753199562e-05	
0.513903400676892	0.350397866700697	0.110413659070909	0.0218939677931359	0.00309998378224608	0.0002778287352013	1.32932409187225e-05	
0.487949795582235	0.358869256446178	0.122703875622466	0.0259297249905873	0.00410298983432382	0.000417749289227523	2.52778232335125e-05	1.33041174913224e-06	
0.462547483931318	0.365484829654088	0.13548836734775	0.0306918112329061	0.00512766834188166	0.000641289787460135	1.45747678968212e-05	3.97493669913307e-06	
0.439257198225197	0.3701526479091	0.147079146061229	0.0362770429828556	0.00635106371713278	0.000819363993519215	6.22134211557401e-05	1.32368981182426e-06	
0.417650661408135	0.374119948365024	0.157480075921365	0.0417079139311481	0.00793531372999343	0.000992574172480881	0.000112192559389461	1.31991246340543e-06	
0.397116888039547	0.375704787024022	0.169137040605209	0.0470779306242136	0.00932872161768035	0.00144247727045396	0.000177677401013946	1.05290311711968e-05	3.94838668919879e-06	
0.375575919078372	0.376767407993855	0.180229410770064	0.0539276534222209	0.0112201816463519	0.00201203023681661	0.00023987070575729	1.96615332587943e-05	7.86461330351771e-06	
0.354939262816942	0.376625589708433	0.190717507540534	0.0613912858822589	0.0134530206048944	0.00239619230885189	0.000439127146315854	2.75273733511431e-05	1.04866184194831e-05	
0.339105238237804	0.37437764849719	0.199239527678898	0.067268696263451	0.0165441637112526	0.00295563383903995	0.000476119507315227	2.37400308356623e-05	5.27556240792495e-06	3.95667180594371e-06	
0.322023606810124	0.374474971554084	0.207272386473736	0.0731700234167307	0.018808624326472	0.00357982940370496	0.000597958230043639	6.20398163621436e-05	3.9599882784347e-06	6.59998046405783e-06	
0.3061061378959	0.371413826640996	0.215558775464295	0.0799071078382724	0.0216616052347777	0.00451492957000986	0.000733080592551425	8.60112608589217e-05	1.5879002004724e-05	2.64650033412067e-06	
0.291007738952283	0.368135352560395	0.223861924647253	0.086528426457352	0.024174088535954	0.00521558320005212	0.000922664986193262	0.000134278333725532	1.59538614327365e-05	3.98846535818413e-06	
0.275174337702443	0.364411894626671	0.232041260033455	0.0942995517693768	0.0264123111535007	0.00629167755517322	0.00119254019019623	0.000175100450618357	0	1.32651856529058e-06	
0.261446637013217	0.360014385977903	0.238800621981986	0.100474419933042	0.0305358247872515	0.00717712206396471	0.00135529663145981	0.00016792455823941	2.11558498569336e-05	6.61120308029174e-06	
0.248405234361211	0.355599229788245	0.24392781454405	0.107646514738726	0.0340344949765048	0.00859255877774667	0.00153272670089535	0.000236212426631491	2.12325776747408e-05	3.9811083140139e-06	
0.237497624385829	0.348595297679407	0.249610266374461	0.114083969820729	0.0382091789744523	0.0097788917876181	0.0019390327695209	0.000253841849882449	3.18963581004124e-05	
0.225641432681814	0.344321195885835	0.253214273902834	0.120174620498065	0.0425346429870688	0.0114482256837649	0.00224228594106558	0.000365115586863776	5.68839501273274e-05	1.32288256110064e-06	
0.213861469736908	0.338454799956727	0.25890715659656	0.127180449243126	0.0451142897098363	0.0131005058140916	0.00285097613940099	0.00044987638294111	6.46449934431507e-05	1.58314269656696e-05	
0.20245782293546	0.332948226927906	0.26229307124996	0.134350700049589	0.0492659238860929	0.0144283016279978	0.00346991422150476	0.00065283448865255	0.000123972609966343	6.59428776416717e-06	2.63771510566687e-06	
0.192023043661675	0.326009808057372	0.26539891373128	0.141900442944526	0.0533260388103776	0.0161687935034803	0.00409064543345286	0.000859523307319131	0.000192469943049989	2.76840329044505e-05	2.63657456232862e-06	
0.182023922005395	0.317716113571463	0.269659644548137	0.148678536175963	0.0580710375879524	0.0178082227934695	0.00474138158554545	0.00103985769257162	0.000204540535975381	4.35473399173392e-05	1.31961636113149e-05	
0.172243693791339	0.312715780457759	0.270298563490343	0.155217855651135	0.0628664632889039	0.0195993422826598	0.00549067088226119	0.00119885375305992	0.000256425168791206	9.51681038812725e-05	1.7183129867452e-05	
0.164676281750092	0.303085570889512	0.274522234825273	0.159848004563569	0.0682126506685867	0.0218596014288948	0.00604328772852588	0.0014095710536312	0.000240884442967961	8.60301582028432e-05	1.58824907451403e-05	
0.156985405213408	0.296166019010863	0.274839764829374	0.166338420921491	0.0723417396052569	0.0248715732999698	0.00654326747212783	0.00153343335330198	0.000308807235366778	5.16887647180444e-05	1.85549411808365e-05	1.32535294148832e-06	
0.148246702623582	0.2892556176051	0.276775438987267	0.17184806877423	0.0770594349779114	0.0274489682274514	0.00738495643273458	0.0016466994415541	0.000275775751886677	4.24270387517965e-05	9.28091472695549e-06	6.62922480496821e-06	
0.14133346436981	0.282284443889605	0.277622909780058	0.175875299314316	0.0821638549160592	0.0298497551698538	0.0085102879128147	0.00190844003288307	0.000377172560430614	5.71071130229451e-05	1.06245791670596e-05	6.64036197941222e-06	
0.133872715662402	0.276831113360378	0.276693331072291	0.1815758584234	0.086683606822343	0.0317694160415679	0.00972424994766923	0.0023568720241013	0.000417321353340028	6.88911440434332e-05	6.62414846571473e-06	
0.127329451300234	0.269473756601021	0.276296630354713	0.186562416929297	0.0916624456279517	0.0347650479479139	0.0104505424310273	0.00275480636343077	0.000581908209270062	0.00011505912319658	7.93511194459176e-06	
0.120503408773067	0.261179754950111	0.277574740481218	0.190856826228795	0.0969833385694421	0.0374388402615668	0.0117143020001935	0.00300777992966382	0.000584588342433558	0.000129908520540791	2.65119429675083e-05	
0.114474633070332	0.255405849664885	0.275563120386867	0.194580098837703	0.101605582421312	0.0409309514719606	0.0130281242046322	0.00349166454568593	0.000742343259523204	0.000151119877831509	2.2535420378383e-05	3.97683889030288e-06	
0.108531298242185	0.248657307325087	0.275534931138717	0.198636640356449	0.105099128817942	0.0436977630812667	0.0146610022885531	0.00407132679297508	0.000899310264682462	0.000169033353714178	2.90526076696243e-05	1.32057307589201e-05	
0.103108634536289	0.242125689412245	0.274261810306092	0.202623908637717	0.109282693151408	0.046548001383795	0.0162078979703014	0.00453444708508351	0.00105375195341754	0.000206773968217781	3.5787802191539e-05	1.06037932419375e-05	
0.0986178056417996	0.235675107869666	0.273001668738739	0.205613876460146	0.113238882277463	0.0499690851189724	0.0173535532168097	0.00495568867052715	0.00127914475477519	0.000231362980593433	5.98352536017498e-05	3.98901690678332e-06	
0.0942204382003679	0.228875731727714	0.270125439036628	0.209166750292691	0.118239170429838	0.0528958019735742	0.0191202542231142	0.00558488041478508	0.00139688911189162	0.000297039638735574	6.95768523164409e-05	8.02809834420472e-06	
0.0886868065360759	0.221504082024716	0.269826065578395	0.211679547961271	0.122337145551688	0.0567023258875734	0.0208971184680551	0.00629936280917458	0.00163630281543498	0.000337201975922973	9.00100891905944e-05	4.03030250107139e-06	
0.0833834901013482	0.213843267972092	0.266627980729005	0.216150929137259	0.127860622663662	0.0599897437281548	0.0225057691529129	0.00720772999014858	0.00191900244261211	0.000398105288727548	0.000102562718451843	1.07960756265098e-05	
0.0798452713341172	0.207858729280056	0.263320228267882	0.217620858199959	0.131993464976612	0.0638969588975044	0.0244107097881236	0.00824285720058023	0.00227217321852596	0.000453895894868552	7.27310929462962e-05	1.07749767327846e-05	1.34687209159808e-06	
0.0751912580034583	0.202076841248144	0.261130390806201	0.219223324153307	0.136192600800312	0.0671666718089124	0.0267660595686684	0.00896628788437728	0.00261852093810659	0.000539265070245312	0.000107316431889614	1.34145539862018e-05	6.7072769931009e-06	1.34145539862018e-06	
0.0717127993968723	0.194867501387543	0.25907748874175	0.221480108745755	0.140981103879611	0.0696338364325157	0.0288165499965731	0.00979813766847058	0.00283152874330922	0.000632961574797647	0.000130355143854293	2.4189614323477e-05	1.07509396993231e-05	2.68773492483077e-06	
0.0684226733561306	0.188223872027023	0.256236410065393	0.224076422329111	0.144754907168224	0.0723411465231955	0.0308166264823702	0.0108342959186829	0.00323536253945031	0.000787997692484573	0.000220531777418891	3.63070609165247e-05	8.06823575922771e-06	5.37882383948514e-06	
0.06524022459066	0.181751672662475	0.251316948525704	0.225737820663686	0.149212924049356	0.0772282553878223	0.0327297179168208	0.011791682076455	0.00371448744242343	0.0010301583565881	0.000189624449450291	4.16904817940356e-05	1.21036882627845e-05	2.689708502841e-06	
0.0619699502775349	0.17709117497199	0.2471770100837	0.225936502830761	0.154061253644039	0.0808858410584033	0.0349570959593571	0.012367770544136	0.00411673358949165	0.00116095671483038	0.000228407083592938	3.24365089126066e-05	1.08121696375355e-05	4.05456361407582e-06	
0.0585090774723274	0.17112298738772	0.243697935629011	0.228208360729676	0.15719160775321	0.0849494911072832	0.0369252881370668	0.0134762833714618	0.00442326397756851	0.00115608035777359	0.000296152195058334	2.71699261521407e-05	1.22264667684633e-05	4.07548892282111e-06	
0.0557794071635538	0.164454299356559	0.239409068030635	0.229454095305464	0.161344560677994	0.0887322985675613	0.0396444069595027	0.0144481778237271	0.00503189998775693	0.0013127287072683	0.000326481751030458	5.16929439131559e-05	9.52238440505503e-06	1.36034062929358e-06	
0.0530200009791069	0.159973836086618	0.236282983665232	0.228693544965486	0.163267443062211	0.0925065681757606	0.0426863430899527	0.0160940704195473	0.0053252538878705	0.0016889594812909	0.000372604587659989	6.79935378941585e-05	2.03980613682476e-05	
0.050718720820071	0.153992325465686	0.232106271171423	0.229584443732577	0.166234775318807	0.0959316789236568	0.0450943640564617	0.0178627171668291	0.0059665074053122	0.0018784206544483	0.000512544387570799	7.90626980827296e-05	3.40787491735903e-05	4.08944990083084e-06	
0.048660551560881	0.148291542833272	0.22889462568754	0.229005205439432	0.170243671356977	0.098833724913072	0.0475274503995205	0.0190251780538783	0.00671123531234684	0.0020737116435018	0.000576106855535063	0.000129692301601495	2.5938460320299e-05	1.365182122121e-06	
0.0453733461614569	0.143800536324743	0.224897477363138	0.229283603883919	0.173358443702961	0.102755999536004	0.0499136831044059	0.02060551472846	0.00722469004387491	0.00200337079418367	0.000577265562629219	0.000177410220193377	2.59291860282628e-05	2.72938800297503e-06	
0.0434181340570824	0.137495980685491	0.220127637079062	0.230829913509802	0.175913814997084	0.107123587790004	0.0523655368986697	0.0220885175678106	0.00756857359296743	0.00222629149431301	0.000632190485533193	0.000168947457340767	3.40619873670901e-05	6.81239747341802e-06	
0.0407038169541527	0.133618615404959	0.215872825451269	0.229263996793644	0.18032071739489	0.110492500098835	0.0549674661199139	0.0229202650696687	0.00850393228481493	0.00244021141228258	0.000659811353935625	0.000194944263662798	3.27179183769731e-05	5.45298639616219e-06	2.72649319808109e-06	
0.0387635737858473	0.129370296145426	0.211798710422271	0.228246544606973	0.18179206648296	0.114402372213085	0.05754495550739	0.0247051071199068	0.00928109309139229	0.00309596680208685	0.000759696339298356	0.000170182871706621	6.26272967880366e-05	2.72292594730594e-06	4.08438892095891e-06	
0.0374215502902316	0.124523716435376	0.2083196538745	0.227599857779037	0.1827798204256	0.117640167341217	0.0607694916962847	0.0261855493148464	0.00993775789469382	0.00347515015618423	0.00103668728688992	0.000256106714763871	4.63171718189979e-05	4.08680927814688e-06	2.72453951876458e-06	1.36226975938229e-06	
0.0354241482000526	0.120333165455023	0.203844869492862	0.225012590873259	0.185679797670141	0.120851854690374	0.0643872624156959	0.0283636791626522	0.0107528794779714	0.00375262766050626	0.00123034728913024	0.000284663221511781	5.33743540334589e-05	2.32657440658667e-05	2.7371463606902e-06	2.7371463606902e-06	
0.0334800581429534	0.11700654039855	0.198424451764732	0.224921065334247	0.187109001628604	0.124174587481762	0.0668384153720561	0.0306426491964321	0.0116121815777635	0.00410364542096893	0.00121700913850795	0.00033638679558759	0.000103924375872589	2.59810939681472e-05	2.73485199664707e-06	1.36742599832354e-06	
0.0321783806000822	0.112849705439101	0.195132209891766	0.223170297301	0.189657487327031	0.12650089053295	0.0692012604466365	0.0321331689272503	0.012786683107275	0.00451157692834635	0.00134949993149747	0.000386354295108919	0.000108234004658172	3.425126729689e-05	
0.0306457101769061	0.109163935955913	0.19241768073463	0.221637658010725	0.19000669641632	0.129865193455076	0.0718465093557718	0.033568531234391	0.0137729365981107	0.00503740662066997	0.00147650490979049	0.000434992617475451	9.87995850417428e-05	2.74443291782619e-05	
0.0289761875582643	0.105829249384137	0.187775830089353	0.220391425703337	0.190785949654167	0.1327881335744	0.0752295801392697	0.0357042041152989	0.0149528309031598	0.00530833070556046	0.00164551366877944	0.000470933619014702	0.000112913908652648	2.89169766061659e-05	
0.0279311707003097	0.102940079613919	0.183607875203386	0.21828357693572	0.191826175355044	0.135050842962787	0.078097332298334	0.0372917455117031	0.0162694718464518	0.005994524816504	0.00196410467490062	0.000567684262576762	0.000139503918540761	3.31494459898839e-05	2.76245383249032e-06	
0.0260130729811214	0.0988779162963763	0.181310786455262	0.215913212237994	0.194740907467546	0.136893934989466	0.0805585778634175	0.0392369387851153	0.0171939324977921	0.00626794351098967	0.00218713576576053	0.000624302677441771	0.000150884682574619	2.90695260006146e-05	1.38426314288641e-06	
0.0241573713575116	0.0953720279700825	0.176964881605651	0.216552535710262	0.196082686173949	0.139242548799504	0.0823620726348602	0.0414668853307294	0.0176461342224559	0.00675605186177427	0.00250378697780393	0.0007010603537851	0.000155791189730022	2.50378697780393e-05	1.1127942123573e-05	
0.0233236070274884	0.09055925328751	0.17413481440981	0.214439937736765	0.196387225994343	0.143217993851784	0.0846118869219311	0.0435033670127595	0.0188909779679646	0.00732680945553144	0.00254548396275364	0.000834081868343385	0.000174348216626962	4.04487862574551e-05	9.76350013110986e-06	
0.0224334505413674	0.0864167776520872	0.167897722523446	0.212115428552323	0.197732832552256	0.14628621421765	0.0891431182538046	0.0458601973775863	0.0202894351167158	0.00787671423715402	0.00286286660016829	0.00084283907206901	0.000186678406045037	4.87592851610171e-05	6.96561216585958e-06	
0.021264002089719	0.0840264327218867	0.163152307722234	0.20985558152266	0.198131480004557	0.148374215313305	0.0923436253845277	0.0484706425052173	0.0215391113692383	0.00866177398244303	0.00289976296139856	0.00096010359670647	0.000251488785823258	6.66931586713611e-05	2.77888161130671e-06	
0.0202975037299307	0.0812498608234796	0.158940978021244	0.207089095241276	0.199520676063865	0.150483220878705	0.0945245173358274	0.0509803594094462	0.0229585587992963	0.00923575389137551	0.00325812234172846	0.00110506157169261	0.000231033023804752	0.000102990625069588	2.22682432582894e-05	
0.0193549468461787	0.0770859609939925	0.155595223628763	0.204720780064279	0.199962008042562	0.153826921492134	0.0969912325177633	0.0529512906789805	0.0244559258374643	0.00989746361781208	0.00355336543095032	0.00124730948499946	0.000238846497127557	7.54252096192284e-05	4.05061310918078e-05	2.79352628219364e-06	
0.0179274786224089	0.0748860535705074	0.152214862044301	0.202914574685976	0.199173757673694	0.156665360703714	0.0992564376769847	0.0550205445168379	0.0258441237941338	0.0105490203186457	0.00386908953003459	0.0012562341140761	0.000301161563418909	7.94731903466565e-05	2.78853299461953e-05	1.39426649730976e-05	
0.0172501875776934	0.071851652841367	0.147268325888227	0.200154795098341	0.200415106999328	0.157357848125406	0.103339648565013	0.0574050383577242	0.0273049087585906	0.011704291248648	0.00426800154238281	0.00123752556137584	0.000307641337529877	9.18747885835831e-05	2.92328872765946e-05	1.11363380101313e-05	2.78408450253282e-06	
0.0160931492948008	0.0684945064442295	0.143173967710549	0.197710855801479	0.199836629095076	0.160182941958722	0.1066301823565	0.0596011073536422	0.0288812438491969	0.0126919120250465	0.00476730797645898	0.00137582835460965	0.000434912306624328	8.2243032342421e-05	2.6485044313661e-05	8.363698204314e-06	8.363698204314e-06	
0.0152467790553009	0.066063809356813	0.139703692570605	0.194589870549892	0.200157811678064	0.162207860524536	0.109873945486781	0.0616272694126455	0.0297587735778162	0.0132970950961482	0.00523951470821539	0.00156976695640557	0.00050238109154469	0.000119680814052198	1.80912858450996e-05	1.80912858450996e-05	5.56654949079989e-06	
0.015147265466623	0.0636993262945087	0.135739437597543	0.191726974323656	0.199816438858311	0.16415531327583	0.112109759010047	0.0640672816844303	0.031714977589434	0.0138628928791607	0.00549850318524402	0.00177035140433993	0.000484590305972263	0.000176340884981311	2.08276635804698e-05	8.3310654321879e-06	1.38851090536465e-06	
0.0144798149023566	0.0617274024085429	0.131696307889801	0.188223730815458	0.19897858040976	0.167386383012938	0.114600560893548	0.066630715506641	0.0332862456314489	0.0145033818581574	0.00572122509354002	0.00194496699933042	0.000578083562880104	0.000205171144619317	2.77258303539618e-05	2.77258303539618e-06	6.93145758849045e-06	
0.0130579139459795	0.0599769606947237	0.129550401249439	0.186273613903335	0.198187870027304	0.167685712861581	0.116953550323713	0.0684851656780811	0.0351404788409457	0.015485071527074	0.00594397461245784	0.00236346719391231	0.000667364491778402	0.000174456277933773	4.84600772038259e-05	5.5382945375801e-06	
0.0122215788030001	0.0564600367395454	0.126247163490977	0.183972026964499	0.199258005258798	0.168461621582682	0.11895051244185	0.0717127665764341	0.0363322518348992	0.0165895948952535	0.00656795569088909	0.00223595876082999	0.000743934234551243	0.000163471582266381	6.64969148202228e-05	1.38535239208798e-05	2.77070478417595e-06	
0.0119092777316932	0.0535882760795953	0.121999580375467	0.180837331577024	0.197776545767559	0.171802898744044	0.121907874351631	0.0740526142469476	0.0379176618854481	0.0175089031264807	0.00714612243309976	0.0024538308801972	0.000840638551822935	0.000173685651203086	4.58530119176146e-05	3.75161006598665e-05	1.38948520962469e-06	
0.0109073052932634	0.0516653776172803	0.118059303690762	0.178702585703237	0.196469210267139	0.172526277132635	0.124636237682159	0.0761689081288011	0.0401293129830458	0.0186179535830936	0.00778159237476282	0.00300329959547961	0.0009904350680785	0.000239262404086379	4.59049961328518e-05	3.19943912441089e-05	2.50390887997374e-05	
0.0105170231519322	0.0490413816246594	0.114803061674898	0.174974135614319	0.196391100144952	0.173856014392156	0.127273663998307	0.078303296299339	0.0420667001778133	0.01976693508074	0.00822786837081523	0.00329588161003886	0.0010206511280771	0.000320258880569894	9.88625240020107e-05	3.06334581414681e-05	1.25318692396915e-05	
0.00995924562710583	0.0481643852372427	0.111114045524803	0.171572851916512	0.195238743897964	0.174489041354847	0.129916378476354	0.0809027121395768	0.0439638492588598	0.0207552624848492	0.00877636802366311	0.00340546431073402	0.00116897774911319	0.000418385615318751	0.000113978805502118	2.50197377931479e-05	1.52898397624793e-05	
0.00957186472098042	0.0458624058342794	0.108921650507428	0.168570709927197	0.192986746969535	0.17677933433295	0.131180960771752	0.0837941159713122	0.0452704176851596	0.0219285751012008	0.00952461684053423	0.00378260972278001	0.00120482095137776	0.000451634151323844	0.000116730057572932	3.89100191909773e-05	6.94821771267452e-06	6.94821771267452e-06	
0.00941189203589923	0.0444369515626821	0.106133895021951	0.166076949120558	0.190088860027418	0.17831948537778	0.133667460357105	0.0855215323220718	0.0473217110411775	0.0227367334365686	0.0103776412408212	0.00390462394058977	0.00137091984836627	0.000438472340165731	0.000151245205943243	3.0526555327994e-05	8.32542418036199e-06	1.387570696727e-06	1.387570696727e-06	
0.0088363670648786	0.0435052078133839	0.103238383636706	0.162283839694741	0.190901855734141	0.176925615342806	0.13640145086686	0.0876052377624705	0.0489764622364203	0.0238982618437545	0.0110534313888612	0.0041415704413608	0.00154875600368263	0.000494991847193105	0.00017054340953712	1.80249132031103e-05	
0.00813217412485019	0.0421956870137095	0.100373393563459	0.159494963753975	0.189711055937068	0.178375004497884	0.137588193123912	0.0894317719448297	0.0511139528511048	0.0254441833365165	0.011235022046551	0.00458368970413612	0.00159986271074316	0.000531442284537521	0.000164691749635325	2.49113570876963e-05	
0.00772401864484987	0.039676947859075	0.0974350897842911	0.157403646632018	0.187923950674591	0.178218847655441	0.141191634684726	0.0908356197312688	0.0532737626511717	0.0272254042987044	0.011972159824051	0.00472614340619414	0.00161636591208627	0.000562274295913772	0.000157492063228919	5.6641882389348e-05	
0.00738067924861293	0.0377803086290385	0.0939220044341985	0.153649940987657	0.186414200465481	0.179327204138585	0.142740930299253	0.0951091452586064	0.0548676910179905	0.0281728785889983	0.0126862749423664	0.00535523224390298	0.0017869158053806	0.000543244465524658	0.000184758270000772	7.5833618283899e-05	2.75758611941451e-06	
0.0067941866303503	0.0358651617385084	0.0904745200806113	0.150067749279519	0.185741699853496	0.178576095853194	0.144382312279471	0.0987461224714387	0.0576329708574927	0.029258059413023	0.0135250947458198	0.00591929238112925	0.00206893231262338	0.000642414488028668	0.000224226041860113	6.74053745469052e-05	1.37561988871235e-05	
0.00653875322103537	0.0345410187454316	0.0880564900005623	0.147468907323321	0.183584273530529	0.179655261790121	0.145059387732432	0.100835034990832	0.0597141215401726	0.0309095970740176	0.0141019293984704	0.00601077084056166	0.00249043117646817	0.000725461504598932	0.000209821569383056	8.7768499611213e-05	1.09710624514016e-05	
0.00637855403002414	0.0325174738953292	0.0852076728963512	0.144118880026742	0.1808421444874	0.179394092165722	0.147938340644376	0.103563825269266	0.0621580226482507	0.03282845580358	0.0150093294572475	0.0063319752420042	0.00252073441049064	0.000843898041772953	0.000260293227170229	6.98681820299036e-05	1.64395722423303e-05	
0.00623516331620541	0.0314312329096427	0.0817905913912405	0.140758982596177	0.178546940604094	0.179456605175527	0.148764303997334	0.106156216450997	0.0646298921787969	0.034867743512835	0.0164968899305869	0.00696863159677547	0.00261016365767109	0.000917859747752473	0.000259513916775253	9.15128022312733e-05	1.77562153583068e-05	
0.00603281093679645	0.0302037442296191	0.0809858335694177	0.136105032223805	0.177072854951134	0.18030413140798	0.150021008087087	0.107253469755882	0.0670602774709822	0.0359354620615845	0.0174811919454857	0.00726044964149391	0.00290007404153169	0.000986764220832632	0.00026140355919422	0.00011222561180066	2.32662853733075e-05	
