# <P(N_2)> as a function of N_tot.
# number_of_species: 2
# species_total_upper_bound: 100
# species_total_lower_bound: 0
# volume: 512
# Bin widths for each species index 
1	1	1	1	1	1	1	1	1	1	1	1	1	1	1	1	1	1	1	1	1	1	1	1	1	1	1	1	1	1	1	1	1	1	1	1	1	1	1	1	1	1	1	1	1	1	1	1	1	1	1	1	1	1	1	1	1	1	1	1	1	1	1	1	1	1	1	1	1	1	1	1	1	1	1	1	1	1	1	1	1	1	1	1	1	1	1	1	1	1	1	1	1	1	1	1	1	1	1	1	1	
# Bin lower bound for each species index 
0	0	0	0	0	0	0	0	0	0	0	0	0	0	0	0	0	0	0	0	0	0	0	0	0	0	0	0	0	0	0	0	0	0	0	0	0	0	0	0	0	0	0	0	0	0	0	0	0	0	0	0	0	0	0	0	0	0	0	0	0	0	0	0	0	0	0	0	0	0	0	0	0	0	0	0	0	0	0	0	0	0	0	0	0	0	0	0	0	0	0	0	0	0	0	0	0	0	0	0	0	
# Bin upper bound for each species index 
0	1	2	3	3	4	4	5	6	5	6	6	6	6	6	6	6	6	8	8	8	8	8	8	8	7	8	8	8	8	8	9	10	10	10	10	11	11	11	10	10	10	10	10	10	10	11	11	11	12	13	13	13	13	13	13	13	12	13	13	13	13	14	14	15	15	15	13	13	13	14	14	14	14	14	14	14	15	15	16	16	16	16	16	14	15	15	16	16	16	17	18	15	15	15	16	16	16	16	16	16	
# Normalized histogram for each species index 
1	
0.949584117493706	0.0504158825062939	
0.902549854392308	0.0949125207328538	0.00253762487483853	
0.857837213469097	0.134954006381543	0.00709250950178981	0.000116270647570325	
0.815285629687741	0.171031260175218	0.0132051723908122	0.000477937746228386	
0.775727667957983	0.201557157335404	0.0214535362815765	0.00120101916137037	6.06192636653817e-05	
0.73704001437529	0.230341318554527	0.0303205122142675	0.00214494453218835	0.00015321032372774	
0.699902340792781	0.256272143657451	0.039987281591618	0.00364518668806589	0.000179798928019865	1.32483420646216e-05	
0.663252323632485	0.279894865153131	0.0511199146731678	0.00545482248971507	0.000260932500380923	1.5236934328813e-05	1.90461679110163e-06	
0.628795035430112	0.298777220984319	0.0640752106591345	0.00767478886758055	0.000651240101245118	2.65039576088129e-05	
0.597675485316361	0.314768553091961	0.075709731346452	0.0108246113488781	0.000928744451225753	7.58158735694492e-05	1.70585715531261e-05	
0.570391183906699	0.327510232155612	0.0867267305853587	0.0137902625402956	0.00146821512658395	0.000102038116905448	1.13375685450498e-05	
0.541280440646634	0.340578725972875	0.0981268745402071	0.0175428668439817	0.00232207194461736	0.000124497764699225	2.45222869862109e-05	
0.513831153611775	0.350583602868795	0.110727980124689	0.0216097126517602	0.00297004640697511	0.000271879248113252	5.62508789199831e-06	
0.487536673394812	0.359412400297139	0.122935597391781	0.0257088939079019	0.0039806109356124	0.00041269293394662	1.31311388073925e-05	
0.462253304872112	0.36554506984234	0.136083960603678	0.0305190428041793	0.00497884132868966	0.000608545856270831	1.12346927311538e-05	
0.438591002002844	0.371402983844224	0.146726595858291	0.0362216880471989	0.00619588901733238	0.000813128464929619	4.87127651801154e-05	
0.41751952661838	0.374701942485403	0.157299678275272	0.0416188187492881	0.00785546101118288	0.000868264647064425	0.000136308213410114	
0.396307331334612	0.376056311800525	0.169665369359975	0.0471927897059645	0.00925867302284874	0.00133330850449712	0.000173181132567364	7.44865086311242e-06	5.58648814733431e-06	
0.374593928947549	0.376984384954429	0.180872265695378	0.0540982297252369	0.0113189113488153	0.00190382082910004	0.00020245509304576	1.4859089397854e-05	1.11443170483905e-05	
0.3551350487929	0.376342408404192	0.191031541721923	0.0611815051318913	0.0136218930976712	0.00227341111965498	0.000375187129224106	2.78604303879286e-05	1.11441721551715e-05	
0.340136638542522	0.373786679608751	0.198799746136041	0.0670051519450459	0.0168520869110729	0.00298476816247293	0.000412528933024714	1.86664675576794e-05	3.73329351153588e-06	
0.321486054006416	0.375572758539564	0.207225626720143	0.0724952666898197	0.0190153967951662	0.00364847656497985	0.000520944197353828	3.17421195520253e-05	3.73436700612063e-06	
0.306236527780115	0.371961330873047	0.214863796207494	0.0798695823681942	0.0217294170653416	0.00455975636430939	0.000686113401271647	8.9736902618635e-05	3.73903760910979e-06	
0.291504058475095	0.368393474888537	0.223512862793117	0.086379224213377	0.0240541180094128	0.00511769765581277	0.000895831846540436	0.000127707684622117	1.50244334849549e-05	
0.275389017730231	0.364313234083938	0.23158898780579	0.0946005087154934	0.0265747736964165	0.00619248896536246	0.0011502206927508	0.000190768310017207	
0.261154965927702	0.360363338244824	0.238801148130926	0.100427841241206	0.0305147354051233	0.00714500475275408	0.00140995258450845	0.000164338844287078	1.86748686689861e-05	
0.248643489501135	0.355176534247193	0.244316559197968	0.107386030572214	0.0341006448121928	0.00853549473177917	0.001591363424569	0.000236731749109438	1.31517638394132e-05	
0.237932726749663	0.348616383776049	0.249855687238991	0.113660166481457	0.0381117309822105	0.00949737792644656	0.00203072028520338	0.000270762704693784	2.44438552848555e-05	
0.225456430836269	0.343518251618144	0.253905445724318	0.120246175040337	0.0427979949611982	0.0113859699693404	0.00227607093255268	0.000366866696365399	4.67942214751785e-05	
0.214016320757894	0.338309630444462	0.257869471352617	0.127297795837122	0.0457407760778547	0.013368653818092	0.00289410963568267	0.000439635271095945	6.36068051798389e-05	
0.202894939009537	0.333768667203807	0.261713728943769	0.133335831662576	0.0494781614795106	0.0145402761902977	0.00349641177462572	0.000637073956791396	0.000129288538290019	5.6212407952182e-06	
0.192389243733964	0.32667788280693	0.265534323073497	0.141321495876291	0.052781983310533	0.0161448790958718	0.00411903082068087	0.000806588952164222	0.00020398653314594	1.87143608390771e-05	1.87143608390771e-06	
0.181638576779026	0.317689138576779	0.270153558052434	0.149119850187266	0.0575280898876405	0.0178595505617978	0.00477153558052434	0.00100187265917603	0.000185393258426966	4.30711610486891e-05	9.36329588014981e-06	
0.171340242587702	0.312357022384331	0.270672356346234	0.155818836796099	0.0627505042954326	0.0201549135466713	0.00542422796783027	0.00114569912062897	0.000253556362762149	6.57368347901868e-05	1.69037575174766e-05	
0.164857724571631	0.302920023935239	0.27433698257921	0.159696218156911	0.0684826337795474	0.0220064956325715	0.00597440133676054	0.00139622229665396	0.00024085775467885	7.90314507539977e-05	9.40850604214258e-06	
0.157491059664973	0.29656691134952	0.273896103896104	0.166888763410503	0.0719028797289667	0.0248390739695088	0.00663278750235272	0.00142668925277621	0.000291737248258987	4.1407867494824e-05	2.0703933747412e-05	1.88217579521927e-06	
0.147836687933614	0.290056414566037	0.276665021084803	0.17198905625252	0.0766458016935675	0.0273216836186722	0.00753324766258286	0.00162045847669366	0.000256258549802719	5.27591131946774e-05	1.31897782986693e-05	9.42127021333524e-06	
0.141748408418724	0.282236008901153	0.277730696709631	0.176043139260766	0.0821488093103494	0.0294062689333527	0.00834813398537991	0.00192141089692895	0.000334076354377627	5.85105479418443e-05	1.50994962430566e-05	9.43718515191037e-06	
0.133750188054762	0.277418384233489	0.276835414472694	0.181818865653678	0.0863415826688732	0.0312810290356552	0.0097920114337295	0.00226229878140515	0.000423123213479765	6.76997141567624e-05	9.40273807732812e-06	
0.127103329861795	0.268242932605249	0.277578555277207	0.186971411414793	0.0917574426961654	0.0344282752085268	0.0104221202653381	0.00277910697028551	0.000592976234037962	0.000114466931254164	9.38253534870193e-06	
0.119808869553093	0.261033242453419	0.277691210524233	0.19162033172739	0.0971140131552916	0.0372557406022192	0.011606501902072	0.00313149450669541	0.000591630129423801	0.0001262395499089	2.07258962537e-05	
0.114290015996989	0.254248612025972	0.276350804554437	0.194856497600452	0.101880116683918	0.0408788933847746	0.0130271948809636	0.00345346758257269	0.000869483391361626	0.000133621906464665	1.12919920956055e-05	
0.107711175090758	0.248260435975593	0.27612163144343	0.199716035540631	0.104800163767863	0.0434736065176604	0.0147672787302732	0.00404161055927101	0.000920255192399068	0.000170904535731255	1.69026463910033e-05	
0.101692549688234	0.242483110338246	0.273793582117139	0.203760425193227	0.109468772514834	0.0465460594561359	0.0164520959777898	0.00456803582003976	0.00100904176867104	0.000186719878688661	3.96072469945644e-05	
0.0980771272159289	0.235271370729266	0.273046418876909	0.205825485646695	0.113827472210849	0.0498157499658796	0.0175075443944012	0.00509341400906844	0.00125108047859515	0.000225573601443671	5.87628709643177e-05	
0.0941718160316579	0.228960143246839	0.269326583322357	0.209872654628893	0.118535614134554	0.0527650037892454	0.0188927767628581	0.00565618849634724	0.00143934057585077	0.00030924824043478	6.49039516961884e-05	5.72681926731074e-06	
0.0887209638480404	0.221650204949811	0.2696339238364	0.211413244295197	0.122608041384354	0.0567426668938569	0.0208338518502919	0.00628538279953209	0.00163117457971408	0.000361845065218265	0.00011487144927564	3.82904830918799e-06	
0.0835390891151509	0.213959753208349	0.266607613956679	0.215429666108804	0.128066881997698	0.0601607489062119	0.0225117641068406	0.00718624084666983	0.00198486277930747	0.000407348411629413	0.000130658924484906	1.53716381746948e-05	
0.0797962941319605	0.207637437275951	0.262600851840001	0.217284343272744	0.132351335143286	0.0646371441326311	0.0245531480335448	0.00825208026379067	0.00232981880677257	0.000469412506298749	7.85547459520356e-05	7.66387765385713e-06	1.91596941346428e-06	
0.0752630715149942	0.201436254060099	0.260384502349228	0.219252979950458	0.136728485769138	0.0676371464231053	0.0269827214399945	0.00896752302472128	0.00264121129308667	0.000583967236766272	0.000101144652119648	1.14503379758093e-05	7.6335586505395e-06	1.90838966263488e-06	
0.0717134752967566	0.193941609471714	0.259195532094886	0.221555957908598	0.141618275844909	0.0700292067477923	0.028770369122764	0.00962712591055769	0.00271779697673795	0.000658395887322434	0.000143545614968554	1.33975907303984e-05	1.14836491974843e-05	3.82788306582811e-06	
0.0687268940877523	0.18801119591903	0.256453415615059	0.223838136815659	0.144878249156963	0.0727429046340788	0.0307295497750308	0.0105081151307305	0.00303588998958741	0.000804348449097735	0.000223536267326449	2.86584958110832e-05	1.14633983244333e-05	7.64226554962219e-06	
0.0649320482992083	0.181649423295876	0.251567896486465	0.225617162897496	0.149691751741155	0.0771344145187024	0.0328049258795261	0.0117796910282431	0.00353942874115143	0.00103384067049232	0.000182778461081515	4.56946152703788e-05	1.71354807263921e-05	3.8078846058649e-06	
0.0614797249138684	0.176709781838124	0.247157131200951	0.226304012596331	0.154354734229268	0.0810946119730111	0.0351921456374313	0.012105242037961	0.0041045082711192	0.00117135175521232	0.000271340863360767	3.43953207077028e-05	1.52868092034235e-05	5.7325534512838e-06	
0.0575468583231593	0.170352368447321	0.243617209155898	0.229006856941021	0.157623259849654	0.0855102009475325	0.0368858123517081	0.0134739274991746	0.00445931522732334	0.00114026398839004	0.000330177451183648	3.07141815054556e-05	1.72767270968188e-05	5.75890903227293e-06	
0.0551838531714648	0.163904395196284	0.239421876112461	0.229567754064513	0.161379769512451	0.0891585414898755	0.0400284020389431	0.0145743254034687	0.00512429740552377	0.00127770690096425	0.000302108408812329	6.1576236191048e-05	1.34698016667917e-05	1.92425738097025e-06	
0.0527846721432815	0.159899721427047	0.236287155076122	0.228777797216577	0.162762351701717	0.0929018688803828	0.0426318511355356	0.016410619224033	0.00541381252751605	0.00168412634023582	0.000353743432195651	7.30557088230149e-05	1.92251865323723e-05	
0.0505294070102648	0.154178485792032	0.231999969209334	0.229276919701792	0.166188769874413	0.0960764994092041	0.0451987729919675	0.0179990685823593	0.00605421466482436	0.00187053294793683	0.000517668068924905	6.73545814586308e-05	3.6563915648971e-05	5.77324983931121e-06	
0.0485813042180565	0.148747869790012	0.228568402607281	0.229221185600262	0.170158766837083	0.0985586782588602	0.0477012988263385	0.0190577972906617	0.006620259380145	0.00205655526992288	0.000569981610390611	0.000127090494208717	2.88842032292539e-05	1.92561354861693e-06	
0.0451316194581281	0.144806419334975	0.224703663793103	0.22889085591133	0.173270089285714	0.102896012931034	0.0500596520935961	0.0204856834975369	0.00705434113300493	0.00190886699507389	0.000575354064039409	0.000188577586206897	2.501539408867e-05	3.84852216748768e-06	
0.0429594961020266	0.137405726008364	0.221026924979168	0.2306953614983	0.175373198955409	0.107563280725287	0.0522892294309979	0.0220003117608909	0.00767278192710568	0.00217847733671523	0.000608126182333934	0.000180898294744905	3.65645489377999e-05	9.62224972047365e-06	
0.0407067042600487	0.132949701209596	0.216491690643674	0.230161953059594	0.179926673659292	0.110208912710861	0.055131400417633	0.0226657300397425	0.0084700584108777	0.0024230410223347	0.00064473291698342	0.000180910131929676	3.27177898170691e-05	1.9245758715923e-06	3.8491517431846e-06	
0.0382792254049912	0.129793567118604	0.211908493359569	0.229182470340435	0.181509605424784	0.113738318116882	0.0575054775372838	0.0247326692260596	0.00920303276510703	0.00313442203799043	0.000756651020227419	0.000175204180256222	7.31621851619387e-05	3.85064132431256e-06	3.85064132431256e-06	
0.037347793365624	0.12472549738523	0.208344107601166	0.228540553057641	0.18295864610872	0.11702012697555	0.0604272399220393	0.0260724416742247	0.00965631693714903	0.00346770614229752	0.00112502653364466	0.000239285231855811	6.36807471874337e-05	5.78915883522124e-06	3.85943922348083e-06	1.92971961174041e-06	
0.0358212833455174	0.121076441877917	0.203791358912854	0.224759016402979	0.185617967069938	0.120360908204204	0.0642390231511017	0.0281598374245442	0.0108105697315682	0.00371534557949502	0.0012875727895536	0.000269537074921611	5.62343537606239e-05	2.71476190568529e-05	3.87823129383613e-06	3.87823129383613e-06	
0.0339363443796991	0.117920795152117	0.19870849853741	0.224008969514513	0.18684290159139	0.123637308835282	0.0665885584376285	0.0307318378969747	0.011778307120522	0.00418797185000116	0.00121429846137134	0.000302604728392859	0.000106687564497482	2.90966084993133e-05	3.87954779990844e-06	1.93977389995422e-06	
0.0322819582638314	0.113225007484826	0.195404511114481	0.222548184783834	0.189828801611279	0.126001703040978	0.0687379222122425	0.0324938663307243	0.0128447394308421	0.00468725091081587	0.00143280958990929	0.000367436923328162	0.000104981978093761	4.08263248142402e-05	
0.030929698692019	0.108774883032012	0.192260966417018	0.221241036665844	0.190655390052035	0.130008922028469	0.0713801153449171	0.0338453942700751	0.013723207187384	0.00512773662327464	0.00149866752712083	0.000427635351448226	8.941466439372e-05	3.69321439887104e-05	
0.0290326980786469	0.106036868155423	0.187602790443899	0.219535055925796	0.191474726216922	0.133060524572275	0.0749171830546787	0.0358626602751471	0.0150629408784442	0.00524182548033828	0.0015667017420788	0.000461826259791886	0.000105226236408278	3.8972680151214e-05	
0.0275523447639599	0.102973370236587	0.183394317524355	0.217621694735032	0.192309346218198	0.135543228409251	0.0781672686900909	0.0374622758049131	0.0163934105799753	0.00587950149333083	0.00195853075010555	0.000566840237056496	0.000136823505496396	3.7137808634736e-05	3.90924301418273e-06	
0.0260864106221149	0.0988211382911312	0.181710281345578	0.215173160640262	0.194874139003274	0.136674585907414	0.0811372317447114	0.0391561005946297	0.017383747049903	0.00607577752099645	0.00216389493240526	0.000582662552061978	0.00014321335454722	1.56946141969556e-05	1.96182677461945e-06	
0.0244060504943259	0.0959262184804427	0.176623770587065	0.216680028601764	0.195628578913881	0.138785528137872	0.0826752498222239	0.041931525171325	0.017525474676999	0.00658116341416812	0.00241499740968875	0.00064019099359612	0.000151676020021235	1.77283659765079e-05	1.18189106510053e-05	
0.0232276299843281	0.0904965675689546	0.174065111578681	0.214646354991138	0.196582175044114	0.143039014049479	0.0844093810570861	0.0438024782981142	0.0189168597696975	0.00727146404336035	0.00247908763258974	0.0008250466802727	0.000195405792696166	4.1449713602217e-05	1.97379588581986e-06	
0.0225254263685094	0.0865413238862965	0.16722556377637	0.212599729127115	0.197678063436301	0.146298957711104	0.0888735118255531	0.0460543046905957	0.0204712084203222	0.00775950272942874	0.00281321402309319	0.00089896677962894	0.000191227582508788	6.11139696677569e-05	7.88567350551701e-06	
0.0214174599967436	0.0838160664298283	0.162812321611076	0.209162545535152	0.198475393853318	0.148966889054105	0.0924336613891336	0.0485865221834902	0.0215763548730705	0.00853912835371176	0.00288364775556083	0.000972985909359301	0.000272671454437385	8.23899358731666e-05	1.9616651398373e-06	
0.0201623749545959	0.0813582949648057	0.158746551741064	0.206118021263854	0.199159655615876	0.150926244072921	0.0955577589507476	0.0509547136840659	0.0230427142338239	0.00918684900307275	0.00325731619920874	0.00112504049556758	0.000267025318319704	0.00011976870895222	1.76707931240981e-05	
0.019385050431851	0.0773373715573025	0.155289141299767	0.203954597549496	0.199090611916962	0.153784653436101	0.0977759573387106	0.0535767032811226	0.024396727935819	0.0101040932309861	0.00364700461192484	0.00125833474461122	0.00027569149334205	8.27074480026151e-05	3.93844990488643e-05	1.96922495244322e-06	
0.0179715466892605	0.0751160326562386	0.152223443216242	0.202267379342747	0.198105733713654	0.156194404090483	0.0998912900315121	0.0555619990839268	0.0260530418150043	0.0108454411599924	0.00410463678485845	0.00125222875093622	0.00030077079889049	7.27354219539093e-05	1.96582221497052e-05	1.96582221497052e-05	
0.0172277150031387	0.0719534682988073	0.147585138104206	0.199590003138732	0.198842592592593	0.156936597614564	0.103760593220339	0.0580626177024482	0.0278287821720025	0.012015458254865	0.00443934400502197	0.00129276522284997	0.000319758317639674	9.61236660389203e-05	3.13873195229127e-05	1.37319522912743e-05	3.92341494036409e-06	
0.0161820559852005	0.0681728023628944	0.143334917499008	0.197635141769736	0.199598983515512	0.159277384791224	0.106697485889797	0.05990699245492	0.0292396397528702	0.0130359815084661	0.00490567668095034	0.00145913441711213	0.00041829829185045	8.64090368141774e-05	2.74937844408746e-05	9.81920872888379e-06	1.17830504746606e-05	
0.0150612506542617	0.0655261440022583	0.139456242391451	0.19455732704458	0.200007057204524	0.16224513199913	0.109945365474979	0.062024986424683	0.0299245075149427	0.0135008243206951	0.00543012681404462	0.00166040339765191	0.000495964651246675	0.000111739071624745	2.35240150788937e-05	2.15636804889859e-05	7.84133835963122e-06	
0.0148451662666453	0.0634859418252722	0.135301856282033	0.19130942079772	0.19944753977048	0.164657423757748	0.112060155910463	0.0647075406318642	0.0320943763385708	0.0140327247526458	0.00557158686468052	0.00185980587542041	0.000465930314052693	0.000133122946872198	1.37038327662557e-05	1.17461423710763e-05	1.95769039517938e-06	
0.0143494885428088	0.0610290447952403	0.131475739677525	0.187107270433727	0.199067469907926	0.168038150030063	0.115141726497137	0.0671181951436128	0.0335679395132609	0.0147719368567488	0.00571582393140225	0.00187252671248757	0.00053248136315229	0.000172909077333585	2.75082623030703e-05	1.96487587879074e-06	9.82437939395368e-06	
0.0128989594629435	0.05960996097248	0.128731772888568	0.185318724746754	0.198546357726681	0.168225733758706	0.117692672548676	0.0688935117486022	0.0354003026945324	0.0155932950602535	0.00591021899103135	0.00231055514334692	0.000657347033967522	0.000167288915830058	4.32983076266033e-05	
0.0122440142889477	0.0564157572059793	0.125484909021128	0.182985130440773	0.199655569442121	0.168739482566893	0.119960242872748	0.0718541188974286	0.0364013895312792	0.0164972396351004	0.00651268980583957	0.00225946445968686	0.000738065481169489	0.000186976588562937	5.90452384935592e-05	5.90452384935592e-06	
0.011800241722579	0.0534668262377438	0.121817532970684	0.180036002074161	0.197043334588608	0.171743300873632	0.122690967738119	0.0749734322043088	0.0381570723570712	0.0174686953487134	0.00722604610079398	0.00246060178275331	0.00087343476743567	0.000183362152080175	3.35178127458384e-05	2.5631268570347e-05	
0.0108500986193294	0.0515522682445759	0.118207100591716	0.178102564102564	0.195950690335306	0.17189349112426	0.125189349112426	0.0769625246548323	0.0402800788954635	0.0186094674556213	0.00791321499013807	0.00313412228796844	0.00100591715976331	0.000256410256410256	3.74753451676529e-05	1.9723865877712e-05	3.55029585798817e-05	
0.0105687094374471	0.0484945114142457	0.115277073438323	0.174371866237551	0.195499418878841	0.173329991968886	0.127738126481168	0.0790561566284317	0.0423794198259991	0.0199968822701809	0.00828368973457858	0.00352816513707158	0.00103003478833969	0.000323612462236991	7.49833753963759e-05	3.15719475353162e-05	1.57859737676581e-05	
0.00989710326760252	0.0478027917840431	0.111142674525957	0.17158069581548	0.194750215025764	0.174109714430004	0.129887397517537	0.0813941560337413	0.0444590425238107	0.0207608361148593	0.00895611896251055	0.00346605749276014	0.00119940976414238	0.000430051527274736	0.000114417378816214	2.95907014179864e-05	1.97271342786576e-05	
0.00927217753888109	0.0456316819160919	0.108331521846531	0.167938659763255	0.192824536094698	0.1769993873881	0.131543584372468	0.0846511076418394	0.0457917514771851	0.0219295298697706	0.00939272375155623	0.00384166946623718	0.00122522380096042	0.000444637669703377	0.000114617710412426	4.74280181016936e-05	9.88083710451949e-06	9.88083710451949e-06	
0.00918108447231029	0.0442607831728276	0.105755643427974	0.164946821353789	0.189638179378481	0.179562537850451	0.134242931613884	0.0859150804111796	0.0475797481782306	0.0229121394559035	0.0101389730010014	0.00378603461856641	0.00142099992479388	0.000465090504633093	0.000148433139776519	2.96866279553038e-05	1.18746511821215e-05	1.97910853035359e-06	1.97910853035359e-06	
0.00873287093875883	0.0436187366988835	0.103419961244538	0.161618605795072	0.189693506575933	0.177426232727143	0.13699877228092	0.0878324907226882	0.0494280891811967	0.0239811815854038	0.0107717969721552	0.00410561954195566	0.00161646373270235	0.000547415938927422	0.000190405543974755	1.78505197476333e-05	
0.00830990426705577	0.0420892795710405	0.101191817818744	0.159849500377633	0.188713714604316	0.177877030024793	0.137733252666168	0.089315159495593	0.0514648603548564	0.0256157791301391	0.0109375185356537	0.00443273979698764	0.0017042915722584	0.000571392418077353	0.000162125184367969	3.16341823157012e-05	
0.00798719835633217	0.039969576340666	0.0973873188656321	0.157292294319271	0.188397522644883	0.176947163586436	0.141485820401632	0.0909825459071288	0.0536957831622826	0.0269723520056896	0.0119679563795845	0.0045200865296285	0.00162193664371722	0.000563035253909144	0.000144216047492518	6.51935557157956e-05	
0.00756529902258545	0.0382564312930429	0.0938542792455212	0.152627343941055	0.186379306264446	0.179593020045281	0.142569203947524	0.0957101046835433	0.0551876336154872	0.0280484052917649	0.0124464551959168	0.00519473347901201	0.00177102151258648	0.000542350685925704	0.000159746929309026	9.26926626854839e-05	1.9721843124571e-06	
0.00682828783435895	0.0366037134715118	0.0907108145368584	0.149443529941609	0.185050140322102	0.178638787113573	0.144389180939794	0.0983552715680085	0.0582508805777298	0.0292896574646048	0.0135680753943671	0.00587445154413312	0.00204730634664967	0.000672602085066464	0.000206500640151984	6.09668556639192e-05	9.83336381676117e-06	
0.00645158760809007	0.0349005208711114	0.0883324478981861	0.146782929855893	0.182969455427979	0.179974005453758	0.144983307423737	0.100520086962147	0.0600246614925888	0.0313012760067986	0.0140343104485922	0.00613008643284644	0.00254652455269189	0.000772386969792612	0.00019603730197782	7.05734287120153e-05	9.80186509889102e-06	
0.00629481806822026	0.0326004697158434	0.0854972788942709	0.144239136598921	0.18001341486547	0.178662150719729	0.148805275210072	0.102956159202774	0.0624182348305444	0.0330150399023805	0.0152589205922096	0.00645321516779337	0.00259106366585643	0.000856517649543484	0.000277683804189897	4.69324739475882e-05	1.36886382347132e-05	
0.0062910135066597	0.031261948048908	0.0816524785617865	0.141792616983591	0.178744762365499	0.178173206719778	0.148979002645152	0.106389328880531	0.0640981125008778	0.034820028246163	0.0165848672352312	0.00720589268018633	0.00267051084980376	0.000928534086564346	0.00028675317379193	0.000109239304301688	1.17042111751808e-05	
0.0061030556238224	0.0304938228260912	0.0805002594139974	0.137091520478102	0.178209614311851	0.179972849301923	0.149660421225916	0.106595747170827	0.0669697714426149	0.0352900560568292	0.0173222233925109	0.00736696743086519	0.00300764198527777	0.00100449780960963	0.000267215922167999	0.000115078389838773	2.92572177556203e-05	
