# <P(U)> as a function of N_tot.
# number_of_species: 1
# species_total_upper_bound: 496
# species_total_lower_bound: 473
# volume: 729
# Bin widths for each
10	10	10	10	10	10	10	10	10	10	10	10	10	10	10	10	10	10	10	10	10	10	10	10	
# Bin lower bound for each
-2530	-2530	-2550	-2560	-2570	-2580	-2590	-2600	-2600	-2610	-2630	-2630	-2640	-2650	-2660	-2670	-2680	-2690	-2700	-2710	-2730	-2740	-2750	-2760	
# Bin upper bound for each
-2360	-2370	-2380	-2410	-2410	-2420	-2420	-2430	-2430	-2440	-2460	-2480	-2500	-2510	-2510	-2520	-2530	-2540	-2550	-2560	-2570	-2590	-2600	-2610	
# Normalized histogram for each
7.26852787272969e-06	0.00013838430250896	0.000793342175250502	0.00433336929490425	0.0176407171471149	0.0520601463765782	0.116794163702378	0.190810613326568	0.227646072993634	0.194867891471479	0.119232592496745	0.0539732087990343	0.0166947217728908	0.00404761029715831	0.000789729081783669	0.000129591500829911	3.84737999632255e-05	2.10293330686742e-06	
0.000121518130420915	0.000674218769545977	0.00388637840238144	0.016608408084163	0.0499409224147477	0.115915057746986	0.188266531879009	0.226363230075037	0.196958997917601	0.122466182198493	0.055937116408002	0.0178962899063296	0.00410914995480339	0.000703332634376193	0.000131923953014373	1.96196035151598e-05	1.12192157341872e-06	
4.05149358939853e-07	8.70512295018698e-05	0.000777355883797632	0.00384763360851404	0.0145615709043301	0.0485335821527852	0.112315435431968	0.185335420569693	0.229426092940341	0.199906826823978	0.125252175788272	0.056233850868796	0.0186827641541338	0.00413552715470968	0.000787917708465167	0.000113148436484616	2.58457349668527e-06	6.56621374833555e-07	
9.75426688560444e-07	5.28402571860172e-05	0.000622670593976049	0.00391172577979999	0.0148415072371226	0.0467689924564123	0.109381854549779	0.18394530999938	0.22802722488348	0.201441204080082	0.128061582198385	0.0580716516674376	0.0193124312028073	0.00452526916690451	0.00089587367477485	0.000138886825784028	
4.3988509921027e-06	5.5153746356396e-05	0.000504747137724396	0.00352402599877838	0.0139058326760857	0.0457179868330622	0.107975177087724	0.179591833418259	0.228474149122478	0.203066960164356	0.131594611362706	0.0600863572900595	0.019954799144331	0.00461320391895036	0.000758115351237675	0.000171036852747076	1.61104415315863e-06	
1.45911948700101e-05	0.000126983965326061	0.000521743636315461	0.00308947217170952	0.0138361040328971	0.044975980207233	0.106800481680104	0.181312243931875	0.228146552002725	0.203048521696519	0.131182200432207	0.0611040909541503	0.0200720141917627	0.00471525024402829	0.000901730247110489	0.000144778787832919	7.26062333416609e-06	
3.29223456833634e-06	0.000133208875611147	0.000604772234700588	0.00294653586928253	0.0134588096785224	0.0439614755091866	0.105878108954533	0.179650529300571	0.225901486633844	0.204549319467679	0.133319897076869	0.062475581714282	0.0208187548192018	0.00518082352152464	0.00101728641223743	8.90028883730586e-05	7.76629693043445e-06	3.348512082325e-06	
1.33527425050248e-06	8.00321219195908e-05	0.000669365954017681	0.0029772680241046	0.0129925698453498	0.0445399138984241	0.104979669184539	0.177814662893922	0.22477772005801	0.206831859019552	0.134772898593525	0.062954554587438	0.0204097231410041	0.00511892142224474	0.000929983376678912	0.000121692678535268	1.01761953406715e-05	1.76537311434854e-05	
3.77618596084724e-05	0.000522451527297544	0.00330300360540572	0.0135126708844597	0.0441824370959549	0.106028598491902	0.178811203312519	0.223660869006246	0.205025489045758	0.135863316480288	0.0622150238211837	0.0207254095126342	0.00511009851418394	0.000815078008893672	0.000161856491443119	7.22000052425304e-06	1.7470446142825e-05	4.18955542993406e-08	
6.19206902888712e-05	0.000406822527205799	0.00284514657699468	0.0131195740475439	0.0437286346333059	0.105462706295577	0.179614238796741	0.224133280956332	0.205456483832635	0.13488090573419	0.0625952417444813	0.0214907484934912	0.00515671419362862	0.000869749454961153	0.000136496300770649	2.26710961097808e-05	1.12319324419572e-05	7.43269330107379e-06	
1.3944390182083e-06	0.000112484747468803	0.000388911776372448	0.00281401895165664	0.0125474903891367	0.0412527421404051	0.104373623803183	0.178827945296157	0.225905231873677	0.20629944661961	0.135279587415571	0.0639485222329972	0.022205689461575	0.00496059376853912	0.000941506085735169	0.0001288078865643	1.03352538996615e-05	1.66785843354326e-06	
4.01724973286038e-05	0.000305471560818147	0.00269596649755252	0.0117700109830682	0.0413403711593096	0.102922700235778	0.181320825715199	0.229118041263061	0.203817383393509	0.135726211584216	0.0636570371566614	0.0214069603396884	0.00494905570748238	0.000833524885290305	7.86711406018491e-05	1.75958804355978e-05	
2.28737279022123e-05	0.000352077067574572	0.00240528125058898	0.0116242717950114	0.041426996362699	0.102515441286295	0.182670834017597	0.230198103642307	0.203431113228398	0.134260054830744	0.0632197008054241	0.0213903808340588	0.00555726204044056	0.000835573362145494	9.00357488129609e-05	
2.46781814256475e-05	0.000351851854087194	0.00237334362628092	0.0119928316857227	0.0421129678894343	0.101568447303412	0.182023100950567	0.227754694960309	0.207968413108036	0.133846207638812	0.0626670362492576	0.0205018015810104	0.00573620185539956	0.000985195921088242	9.32271951574326e-05	
4.20505524389644e-05	0.00035334313067669	0.00244139609880746	0.0117413679089142	0.0422561194527606	0.100728685042197	0.180256310975994	0.227222550104923	0.207946404517535	0.134721096715032	0.063437223736084	0.0219439387366942	0.00573096651693456	0.00104404668125676	0.000134203604277668	2.96225473473332e-07	
3.39198659300353e-05	0.000319934019217787	0.00244400632715312	0.0111489528956367	0.0397977909626306	0.10093483801244	0.177147259017248	0.230486505777142	0.20908758488982	0.136498000788589	0.0635973625690944	0.0216870906196197	0.00552270188027768	0.00113417348674693	0.000155784644045578	4.0942444088212e-06	
2.52659648571529e-05	0.000384278012610584	0.0024717363393231	0.0113887418647786	0.0396011131740474	0.102105580028916	0.178435223070607	0.227777948201309	0.210717578830216	0.135276423992755	0.0643564566686268	0.0208147997742619	0.00543051878600231	0.00107376292939764	0.000136893378115227	3.67898417620213e-06	
2.30554186874146e-06	0.000256939832705298	0.00231477751891741	0.0118365440925107	0.0402432198361811	0.102370467815343	0.180586434124231	0.229535757572407	0.206527191270922	0.135191433792893	0.0647084436695786	0.0205943403800895	0.0049175455309127	0.00078050007742441	0.000131591161631091	2.50778238354334e-06	
3.99912826292188e-05	0.000204977255919658	0.00242143639644288	0.0117578015089981	0.0420437680631398	0.102460581424121	0.181928294348041	0.227697041861155	0.207354570985384	0.132837287564194	0.0637591964934758	0.0218486292296163	0.00482971332593893	0.000705198962569712	9.33849762104506e-05	1.81263221636993e-05	
2.90976177770892e-05	0.000322297559759755	0.00220947821138305	0.0122286006967741	0.0420049247886555	0.103687116968407	0.182547254248245	0.228943938149489	0.206072550186113	0.131874905203627	0.0633209985849582	0.0210534944136482	0.00474254780897634	0.000812752126006189	0.000135649616918204	1.43938192616634e-05	
4.38293804532669e-06	3.41682090911596e-05	0.000223342763687775	0.00195870561470131	0.0121999748622468	0.0433399612799494	0.104832261353099	0.18296752593009	0.22805096116896	0.205692164399837	0.133533717341065	0.060883379025017	0.0204187720915779	0.00484334697932587	0.000913588692746769	0.000102985681449185	7.61669111535431e-07	
8.33004118998783e-06	4.29163722108173e-05	0.000303853246478948	0.00206225163732291	0.0122634199995706	0.0424709215921745	0.105170235320731	0.184694286355442	0.22697454996486	0.206123270668455	0.133774850395459	0.0596940747723956	0.0206372838702507	0.00490714063259346	0.00082043575285133	5.21793780140838e-05	
1.27096414763138e-05	2.86537323674024e-05	0.000184806508055799	0.00222472409643206	0.0127911737592796	0.0441396051177472	0.105790264368998	0.186493991446532	0.229382106217896	0.205893185623052	0.129557602611599	0.0581079037287739	0.0193490669210671	0.00501441658524734	0.000903659535251492	0.000126130106224285	
1.81639981987368e-05	8.55762177041679e-05	0.000322938048332453	0.00242901579781308	0.0136401355164008	0.0467174790100405	0.108149215623417	0.183676295928291	0.228646571302072	0.205487189786211	0.128495799305119	0.056493156335262	0.0194421814529361	0.00527062735530564	0.000978950304706476	0.000146704018189947	
