# <P(U)> as a function of N_tot.
# number_of_species: 1
# species_total_upper_bound: 496
# species_total_lower_bound: 473
# volume: 729
# Bin widths for each
10	10	10	10	10	10	10	10	10	10	10	10	10	10	10	10	10	10	10	10	10	10	10	10	
# Bin lower bound for each
-2530	-2540	-2550	-2570	-2570	-2580	-2590	-2600	-2600	-2610	-2630	-2630	-2650	-2650	-2660	-2670	-2680	-2690	-2700	-2710	-2730	-2740	-2750	-2760	
# Bin upper bound for each
-2360	-2370	-2380	-2400	-2400	-2420	-2420	-2430	-2430	-2440	-2460	-2480	-2490	-2500	-2510	-2520	-2530	-2540	-2550	-2560	-2570	-2580	-2590	-2600	
# Normalized histogram for each
1.87658786284192e-05	0.000160925172900066	0.000748638775069916	0.00404866511384566	0.0170478646581764	0.0517052660382715	0.116839572278157	0.190315874988371	0.225099961576531	0.194596873214219	0.121564962480886	0.0553191040060448	0.0174740497400482	0.00418991938702034	0.000749898706400997	9.41488123527927e-05	2.4187132454407e-05	1.32204062204939e-06	
1.38058322901501e-05	0.000126516752831242	0.00070169221883645	0.00377522994926423	0.0162892786170697	0.0496409272180222	0.1147494613677	0.18837513679734	0.225765330541977	0.196726326158339	0.123616206496485	0.0569328118951826	0.0181649952020988	0.00420324599169421	0.000765761148264639	0.000136234578623224	1.63344052750085e-05	7.04828706580735e-07	
1.4887125986946e-06	8.98953376904046e-05	0.000771038609770056	0.00368788465602776	0.014366966281382	0.0481959780729019	0.111451015224474	0.18652671229609	0.227643817917447	0.19976582462733	0.12573497476729	0.0578616956750098	0.0189841599570067	0.004065859094991	0.00072306506650088	0.000114983228111009	1.4226454715336e-05	4.14020663542285e-07	
2.4605044007659e-07	1.44115257759146e-06	6.15565475977327e-05	0.000571540022235051	0.00371984327817219	0.0145148493857153	0.0460983232497323	0.10932396279524	0.18450550078712	0.227365650857677	0.201728908567261	0.128392485250484	0.0591683996013807	0.0193324203397421	0.00434215756622019	0.000746253409720864	0.000109211245331138	1.72498933525124e-05	
7.17052831367775e-06	5.1913566610464e-05	0.000533829516252964	0.00345730594678373	0.0138415715603688	0.0454003631850541	0.107498796511052	0.181558835282884	0.227216570161322	0.202912950835833	0.131726503490667	0.060732337434267	0.019691329129922	0.00453120942461079	0.000691898653322746	0.000138215681677299	8.76691899605865e-06	4.3217206318599e-07	
1.02318489337364e-05	9.35596738277084e-05	0.000516426113252067	0.0030665556899162	0.0138466464947529	0.0450762693486248	0.106138823574116	0.182000318351631	0.226743682146413	0.204236075428273	0.130996086194295	0.061615709148192	0.0201314803172656	0.00457202231100527	0.000843289583887816	0.000104523629193772	8.30014641952235e-06	
5.9840521748716e-06	0.000101120787414546	0.000570141807583164	0.00286881101607073	0.0133782607862629	0.0441615471293638	0.106276149713124	0.180151080484515	0.224835161395175	0.204526760090853	0.133261960071266	0.0626041139151316	0.0210666397622271	0.00510123262485505	0.000997803244752264	8.25340922204308e-05	8.60152418656064e-06	2.0975028241818e-06	
9.95941380230033e-07	6.62256949650307e-05	0.000596427868509262	0.00288094993558683	0.0127717671736187	0.0436960995753826	0.105226036696315	0.179452446059793	0.225451523465529	0.205634149677104	0.134122174138623	0.0627548568822101	0.0210744545240078	0.00514092601377997	0.00100352992472895	0.000103366376171131	1.30001197861885e-05	1.10699325094595e-05	
3.68918255570995e-05	0.000467176355035962	0.00319379687241332	0.0131164588459383	0.0439268102035794	0.10527422516489	0.178825777659558	0.224515152390219	0.206020580717407	0.13474476524944	0.0627685060091933	0.0207321514087624	0.00538835957975518	0.000826876048194047	0.000145238494755165	6.21308257953058e-06	1.09937288642047e-05	2.63638581875413e-08	
5.63078616398974e-05	0.000434239331994043	0.00291133241259907	0.012848564038062	0.0432101183328958	0.10445620382185	0.18002265167915	0.226058412762019	0.205325476682711	0.133993265071183	0.0623949539656671	0.0217776707160141	0.00543369123165201	0.000923114532210901	0.000126636084745962	1.55965635937297e-05	7.07984712546189e-06	4.68506488745203e-06	
8.81460637657958e-07	7.43797226306083e-05	0.000354113848522649	0.00278856986139861	0.0126986503333969	0.0416429745314393	0.104773548354882	0.178829040380939	0.226355643683952	0.205926963796217	0.13502578730379	0.0634826136469361	0.0217534806590512	0.00512379241837039	0.00102393751543312	0.000136202952060069	8.36523428679317e-06	1.05429605680658e-06	
2.60513095147897e-05	0.00033272081014109	0.00261773864774762	0.0120872302289089	0.041894392282842	0.103662055760109	0.180222131924038	0.228877929165119	0.204375194630773	0.135106038050665	0.0633303370162169	0.021150629895328	0.005111658170418	0.00106515643643318	0.000126456141521675	1.42795302236211e-05	
5.48100531914438e-07	3.99342621924535e-05	0.000379585310563182	0.00240845650608177	0.0115207991305755	0.0418864592619998	0.102465467525472	0.18231754033035	0.230464840635488	0.20394733439014	0.134805171671081	0.0621393648371242	0.0209535065159733	0.0056124381138833	0.000936164272580671	0.000118509611884875	3.87952407745688e-06	
5.84547611195013e-05	0.000378258654561326	0.00227931136048169	0.0117603714959615	0.0415884409206309	0.101824069448873	0.181939849931998	0.228036784033242	0.207380570443618	0.134454521903066	0.0633954698900994	0.020360027524317	0.00543539321897445	0.000995071800276715	9.9732919958824e-05	1.36716928228102e-05	
4.22231891639018e-05	0.000411987994288098	0.0022191489775763	0.0113960599730201	0.0414875381461053	0.100798091264027	0.182348094608358	0.22981037103201	0.20666001172625	0.133870229544522	0.0627537756888111	0.0215014143410438	0.00553710234805149	0.00101744730921545	0.000132780260194823	1.37235973624179e-05	
2.83198124229497e-05	0.000332691628183625	0.00212770840329687	0.0109667598485541	0.0402643955446387	0.101153640045297	0.179871286495227	0.231353546501977	0.208192789398387	0.135371964813218	0.0627239363340564	0.0212557908125338	0.00518413931360117	0.00102110127409103	0.000144698275834836	7.23149868020453e-06	
1.6003633736188e-05	0.00038323549951757	0.0023968401212716	0.0113115795488551	0.0399951588795021	0.102017398990476	0.180574492975883	0.229341286943407	0.208915897753389	0.134115475799146	0.0639532884677977	0.0206361704181731	0.00522429637775764	0.000969160980756163	0.000144858862472105	4.8547478603657e-06	
3.98831958107167e-06	0.000245711100160949	0.00230012087839805	0.0120354218904405	0.0409712927304542	0.103627308627947	0.180581688332214	0.229145142815644	0.206957075008939	0.1337993459411	0.0638080279770839	0.0208494465908945	0.00476099059483661	0.000757806232042729	0.000150680244471235	5.95271579264429e-06	
2.88735752127462e-05	0.000242495382488379	0.00237562564601959	0.0118861462982516	0.0417475219179437	0.103498452026644	0.180543412115516	0.228585723154088	0.207497146207477	0.132808713408672	0.0635378077758918	0.0215239239279131	0.00486871599048962	0.000712226228394057	0.000130481264410452	1.27350805886647e-05	
3.09932224606768e-05	0.000306008062136465	0.00239205367484749	0.0121488494921704	0.04218815146896	0.104073955668217	0.181856193031067	0.228138888827175	0.206616083446319	0.132974714254789	0.0624255765775748	0.0209719074486367	0.00494911795595706	0.00078844170205925	0.000129974049368875	9.09111826091811e-06	
2.77772943568775e-06	2.21202112378549e-05	0.000200267517363244	0.00204417174142167	0.0124209389817953	0.0431605293454624	0.106440474803729	0.183324070706595	0.228482846102229	0.204241558973546	0.13360527135135	0.0604906816704706	0.0198632976026713	0.00469101761482725	0.000886214251606648	0.000122855246718056	9.0614954152009e-07	
5.30432603093417e-06	2.93647489072516e-05	0.000297806080680768	0.00211292098770149	0.0127362214763369	0.0434784911234395	0.10629395795764	0.185612795589191	0.228177355580961	0.204043758466182	0.132207067343121	0.0592515198782419	0.0200338028997146	0.00485097165026146	0.000788910288850426	6.98049305670936e-05	9.94667217320775e-06	
8.09438978186115e-06	1.82487034680819e-05	0.000267200336822346	0.00247911414519573	0.0130743883053829	0.0446136609725783	0.105825581900938	0.187916053878481	0.230887596508396	0.205016986551338	0.128110471206055	0.0571002529834429	0.0188321918719454	0.00488161792543388	0.000839790803017571	0.000117176335289899	1.1573182433622e-05	
1.15668151309846e-05	5.4494846286752e-05	0.0002738856582801	0.0024592305482617	0.0138916847284837	0.0467603992940318	0.109013299548135	0.187898040658973	0.22974331808585	0.202355268633515	0.12620159543904	0.0561120746585591	0.0190628772931146	0.00507176442831524	0.000924432946785404	0.000161453461203327	4.61295603438077e-06	
