# <P(U)> as a function of N_tot.
# number_of_species: 1
# species_total_upper_bound: 496
# species_total_lower_bound: 473
# volume: 729
# Bin widths for each
10	10	10	10	10	10	10	10	10	10	10	10	10	10	10	10	10	10	10	10	10	10	10	10	
# Bin lower bound for each
-2530	-2540	-2550	-2570	-2570	-2580	-2590	-2600	-2610	-2610	-2630	-2630	-2650	-2650	-2660	-2670	-2680	-2690	-2700	-2710	-2730	-2740	-2750	-2760	
# Bin upper bound for each
-2360	-2370	-2380	-2400	-2400	-2420	-2420	-2430	-2430	-2440	-2460	-2480	-2490	-2500	-2510	-2520	-2530	-2540	-2550	-2560	-2570	-2580	-2590	-2600	
# Normalized histogram for each
1.74678012880435e-05	0.0001558970293679	0.000779130009508348	0.00413473180247615	0.0169978389728219	0.0518440790855818	0.116707451436147	0.189807020108644	0.224178400314615	0.194451605233538	0.122189623827059	0.0559523738044064	0.0177269854677226	0.00420830304307846	0.000737273358478653	8.80740581256243e-05	2.25140549934782e-05	1.23059214747918e-06	
1.28532730716334e-05	0.000119961147844696	0.000707594419143283	0.00381720063554063	0.0162517375295691	0.0493998694428993	0.11455197049945	0.18849198641487	0.224820774354008	0.196748938879053	0.123936533145958	0.0574581252338935	0.0185145451804934	0.00424057941209802	0.00078419730185929	0.000127269550082619	1.5207382434466e-05	6.56197731800044e-07	
1.7540168851337e-06	9.46677337537116e-05	0.000747047266255263	0.00373284299982557	0.0144686148062286	0.048221448598777	0.110737692209002	0.186156918432322	0.22763109848004	0.199667774448543	0.125826474929234	0.0583128650901109	0.0194139998431384	0.00409743262171584	0.00076194001709773	0.000113806189019072	1.32370900443502e-05	3.85228007482636e-07	
2.29716261283509e-07	1.34548095894627e-06	7.42393731555169e-05	0.000586498431665553	0.00374864942221151	0.014630382556581	0.0459901553947646	0.108958385332275	0.184248808832991	0.227127596939257	0.201936378457015	0.128374323697893	0.0593425115316948	0.0197156852699838	0.0043937665212653	0.000746733728062989	0.000108204563216721	1.61047507464117e-05	
7.44325187374809e-06	5.46881404263659e-05	0.000523440101072774	0.00344926384756905	0.0138843818608215	0.0453542614082573	0.107083042944961	0.181257699113657	0.227525957270531	0.202706573870174	0.131907613567309	0.0608803249262682	0.0198574679842189	0.00466672955006893	0.000701839369157397	0.000130685059447046	8.18428358684248e-06	4.0345059935139e-07	
9.5614961845715e-06	0.000107451434708684	0.000507583564694752	0.00308664054976955	0.0139945272798347	0.0451722171770218	0.106239440883268	0.181847474765584	0.226415281743704	0.203972315347211	0.131075501406715	0.061648694556974	0.0202489656995749	0.00472513480370187	0.000839400452975882	0.000102052486432051	7.75635164627739e-06	
5.60032761339185e-06	9.94367447821092e-05	0.000565880526107808	0.00290729584700571	0.0134630143765853	0.0441603070437762	0.106007158010489	0.180125060841704	0.224797826729773	0.204513266908059	0.133426296022414	0.0625588348850791	0.0211781543641147	0.00511596938202744	0.000985418470706909	8.04665628810764e-05	8.04995545017739e-06	1.96300143149817e-06	
9.32829929873065e-07	7.32560424574653e-05	0.000592272709280292	0.00286935184376106	0.0128350298936908	0.0435120667123643	0.104837932563248	0.179891992327845	0.225166934249895	0.205703743202982	0.134555879876766	0.0625936807871665	0.0210632833062696	0.00517314458579111	0.00100644094301181	0.000101513359713709	1.21763198810865e-05	1.03684459461997e-05	
5.94026469819495e-07	3.79269400244475e-05	0.00047142600674286	0.00316870219736991	0.013082987477922	0.043524236939998	0.105068275092338	0.178952289114003	0.224472166229727	0.206344359454657	0.134861590182459	0.0629826052548902	0.0205789084961626	0.00545336925213387	0.000840077183839312	0.000140644017097402	9.49617314947554e-06	1.03212099131137e-05	2.47511029091456e-08	
5.45910483233422e-05	0.000429839127045334	0.00290104839656611	0.0127546263788653	0.0429297711334043	0.104145484032347	0.179934497933647	0.225834831154791	0.205716893896185	0.134544378534198	0.0623626806309915	0.0217629093772907	0.00552777677530743	0.000948527636930694	0.000122012627465194	1.90905222879233e-05	6.64409016270617e-06	4.39670419131109e-06	
8.27548989013825e-07	7.04795888976774e-05	0.00034686472477753	0.00273470865322463	0.0125329698154021	0.0413301817996129	0.104448973949999	0.17900255406769	0.226915579772343	0.205925748913377	0.135307513107139	0.0633093474749448	0.021771588803921	0.00514580508561793	0.00101529713758999	0.000129998210303613	1.00117201219908e-05	1.5496260480553e-06	
2.76344165477377e-05	0.000345595997171342	0.00256799508037834	0.012007465352309	0.041667273553607	0.102910518699778	0.180249667127399	0.228836535503363	0.204757043620138	0.135516518017579	0.0635523323508221	0.0211335919107067	0.00522227391555558	0.00106891896515879	0.000123234778857017	1.34007106290903e-05	
5.15510959561629e-07	3.75598063193106e-05	0.000367059912925366	0.00235061720757862	0.0113930257972155	0.0417198025560805	0.102313468199055	0.181915964142024	0.230774071119731	0.204115694513683	0.134771745843109	0.0624573505298124	0.0209803616905441	0.00573825720404415	0.000942523186112264	0.000118333929795623	3.64885101064715e-06	
5.59467851045574e-05	0.000377548965594971	0.00232338070690847	0.0116536929777306	0.0414841738195861	0.10160873678923	0.181823745570823	0.228122776697239	0.207461268011126	0.13465642129785	0.0634247445187982	0.0204393026852117	0.00547202041465128	0.000987022350229574	9.6353683852639e-05	1.28647260638655e-05	
3.97435482640458e-05	0.000408276084649364	0.00222944130157524	0.011431458755983	0.0411178841573429	0.100877170067636	0.182206633697496	0.229676727176718	0.206667145985842	0.134366545758405	0.0627545674124474	0.0214467051000759	0.00559663454029896	0.00103674340966092	0.000131405351838249	1.29176517674295e-05	
2.66024635950459e-05	0.000328195964798452	0.00211627931223368	0.0109838901511536	0.0400493713493793	0.100884016627141	0.17956735908995	0.231322335723572	0.208443567408814	0.135445709560767	0.0630557945972217	0.0212989653349929	0.00527336698006299	0.00105294267197165	0.000140912054677406	1.06907096690371e-05	
1.50582588326846e-05	0.000378283657093779	0.00235967483873859	0.0114879208201329	0.0399523816022762	0.101648424148405	0.180459832743696	0.22937767245527	0.209171941378126	0.134149363806996	0.0639090536302653	0.0207517552428205	0.00521894888657159	0.00096039475173439	0.000142103802885132	1.71899761554595e-05	
3.74928419849225e-06	0.000252297247983828	0.00236364788692581	0.0119791628694172	0.0411481782347993	0.103398886809542	0.180093892628687	0.229082679502937	0.206953580759869	0.13414491985901	0.0638111062975312	0.0210326289731381	0.00481292974471356	0.000755916450407315	0.000157781710502434	8.64174033810261e-06	
2.71072473375918e-05	0.00023431552646911	0.00240387229550753	0.0119444942233695	0.04162767480663	0.103704432376883	0.180276504173147	0.227797670929293	0.207261020145097	0.133542208354487	0.0634628628389141	0.0218848539548801	0.004966087752494	0.000726346099856501	0.000128593257827784	1.19560178065065e-05	
3.08486763519037e-05	0.000297516212986426	0.00236755195171371	0.0122200098811717	0.0417387388658108	0.104092141685908	0.182244760466665	0.227684556883952	0.206768842472266	0.133286639727728	0.062356721171752	0.021004998061283	0.00497560044013977	0.000799858681398037	0.000122675062879965	8.53975799477271e-06	
2.61014325062991e-06	2.34355849789789e-05	0.000201227720666703	0.00204180843106669	0.0124894081302031	0.0427517432036664	0.10632059636744	0.183676775266053	0.228421657278467	0.203673870526757	0.133427841209166	0.0609345103837984	0.0202005670679452	0.00483631692203377	0.000878114259991642	0.000118666024857906	8.51479657979879e-07	
4.9838586772249e-06	3.0381602496363e-05	0.000316040433527127	0.00211026942819751	0.012747498421911	0.0432706664272288	0.105983397451007	0.1857491066533	0.228494897007165	0.203586153453088	0.132074463792626	0.0595794229313637	0.0203225170575554	0.00488289766168515	0.000772370508187722	6.55875801922797e-05	9.34573179153213e-06	
7.60374832835969e-06	2.10287400971215e-05	0.000298208250174529	0.00255102143230884	0.0131408187372546	0.0442247010245501	0.10521131523183	0.187673853442673	0.230941421606101	0.20511511777885	0.12837132094805	0.0577249594636709	0.0188472672570119	0.00489454966049786	0.000852197922469677	0.000113743082174808	1.0871673956282e-05	
1.08753003270018e-05	5.12369060048926e-05	0.00028753193587774	0.00246784354139137	0.0138771178777525	0.0462548613361177	0.107878488327428	0.187425249505202	0.230480482582389	0.202528646503979	0.126987378194411	0.0564464418889898	0.0192066785607712	0.00502908196103739	0.000911550842587359	0.000152197562388823	4.33717334469716e-06	
