# <P(U)> as a function of N_tot.
# number_of_species: 1
# species_total_upper_bound: 496
# species_total_lower_bound: 473
# volume: 729
# Bin widths for each
10	10	10	10	10	10	10	10	10	10	10	10	10	10	10	10	10	10	10	10	10	10	10	10	
# Bin lower bound for each
-2530	-2530	-2550	-2560	-2570	-2580	-2590	-2600	-2600	-2610	-2630	-2630	-2640	-2650	-2660	-2670	-2680	-2690	-2700	-2710	-2730	-2740	-2750	-2760	
# Bin upper bound for each
-2360	-2370	-2380	-2410	-2410	-2420	-2420	-2430	-2430	-2440	-2460	-2480	-2500	-2510	-2520	-2520	-2530	-2540	-2550	-2560	-2570	-2590	-2600	-2610	
# Normalized histogram for each
7.81391176712904e-06	0.000142698718776405	0.000805439817782612	0.00435970758673177	0.0179177548613531	0.0525870951502312	0.117418392795179	0.191019220857409	0.226779686681863	0.194619658982683	0.118541001567486	0.0537760842409483	0.0169768385034371	0.0041241674580465	0.000741502295090026	0.000139315219118017	4.13606281110559e-05	2.26072398699462e-06	
0.00012238821153845	0.000704106226499884	0.00385751805894805	0.0169281831293948	0.0505796371584694	0.116797598428668	0.188511181785346	0.226157034033896	0.196236100838215	0.121690920608086	0.0554741380365546	0.0178179192843474	0.0042263449609136	0.000732425217538661	0.000142154081484406	2.11410183902077e-05	1.20892170923275e-06	
4.36235731500156e-07	9.34146169867576e-05	0.000814030917590723	0.0038321503898917	0.0147402248560531	0.0488970463967839	0.113345294917091	0.185572589257178	0.229542879558067	0.199228181658607	0.124435114214562	0.0556969084680711	0.018630695450463	0.00420419929841561	0.000841664194789543	0.000121679683865682	2.78288311474238e-06	7.07002737258874e-07	
1.05092553961348e-06	5.19607613228895e-05	0.000610842963289339	0.00390561463575356	0.014891674949211	0.0469631900118115	0.110419470323319	0.184222803180533	0.228025124446849	0.200697667428728	0.127425397273124	0.0578768715820336	0.0192938969420979	0.00455621261088428	0.00091269880471032	0.000145523160792478	
4.74731881562923e-06	5.18425357286389e-05	0.000470816099482515	0.00349886468021713	0.0139288753066519	0.0459881240225853	0.108564831396553	0.180140867765732	0.228630057742818	0.202834563589413	0.130989139555722	0.0593745501197277	0.0199082594245844	0.00463549980301651	0.000800860589116865	0.000176361382115653	1.73866771909988e-06	
1.57312744780252e-05	0.000124326841344546	0.0005185890799405	0.00310937765102329	0.0139291008804401	0.0449871313499127	0.107076918194763	0.181403886988274	0.228108261152851	0.203087706802346	0.131026448767047	0.0607426588378715	0.0201036487371414	0.00468126831598094	0.000921026151486683	0.000156091044653004	7.82793044496174e-06	
3.5530620820464e-06	0.000127151033654088	0.000579467983919388	0.00287108673865737	0.0134517412023677	0.0442337401022547	0.105997088979273	0.179665245674656	0.225745393705547	0.204708426766972	0.133099542860603	0.0624048284230876	0.0208414118678286	0.00517218032561415	0.000991091744527062	9.6054148423186e-05	8.3815823473915e-06	3.613798186013e-06	
1.44624198283369e-06	8.66831773711054e-05	0.000679307471136892	0.00287448967068096	0.0127198656986203	0.0444697639973617	0.105153438205871	0.177666808560766	0.224433296168467	0.20728246473004	0.134955583472931	0.0629442569928768	0.0205094468069611	0.00514760147770003	0.000916186684325231	0.000129217915266235	1.10218862691746e-05	1.91208413730433e-05	
4.09238071205881e-05	0.000544692240484454	0.0031882733193925	0.0132543342420769	0.043891433922225	0.106154494121887	0.178784656460001	0.223499893884144	0.205293657904124	0.135906313782171	0.0625699433494341	0.0207539397223498	0.00509301622669816	0.000840239616760654	0.000157384123612054	7.82455927564498e-06	1.89333146108934e-05	4.54036321604158e-08	
6.71993940359863e-05	0.000436016416323186	0.00286246628972834	0.012900184610919	0.0435539333610507	0.105769132448626	0.179424825963015	0.223918981100058	0.205700898525766	0.134851851724132	0.0629140008183273	0.0216017714731825	0.00497611362904765	0.000851417222026228	0.000126347455051597	2.46037942019307e-05	1.21894483157646e-05	8.06632619173597e-06	
1.51501367411239e-06	0.000122211103045066	0.000421649099810809	0.00286536615615409	0.0124479316164416	0.0413806973147497	0.103993375528445	0.178595753134463	0.225181725518883	0.206765531210953	0.135481048404316	0.0643140088635726	0.0225415913956135	0.0048295368254151	0.000930604575861153	0.000114413238545958	1.12289248787154e-05	1.81207517884031e-06	
4.3630582987209e-05	0.000325056711259379	0.00274649494701833	0.0117359765032166	0.041227738001246	0.102895014811268	0.181270262744051	0.228468118850713	0.204311836703734	0.135540549150894	0.0639744803655947	0.0216167220889862	0.00490919436645814	0.00084609632577431	7.44321192153063e-05	1.4395727584533e-05	
2.47932382322512e-05	0.00036312648269752	0.00246094490179483	0.0116872366825933	0.0415946624214629	0.102750896916994	0.182343547381086	0.229287955039212	0.203083479243176	0.134452032164665	0.063981946070621	0.0214991057959108	0.00554434213544058	0.000843380147545981	8.25513785677495e-05	
2.68081511523986e-05	0.000356679537153191	0.00240960112953231	0.012153038235519	0.0418792857801509	0.101480609817253	0.181120750017473	0.227864797344	0.207616251107056	0.134219204802925	0.06336612091633	0.0206955575877623	0.00580467863721521	0.000916328831754243	9.02881047235948e-05	
4.55445779624735e-05	0.000366339993089124	0.00243702138635129	0.0117388488191558	0.0424039854524522	0.101189552041731	0.179776116096644	0.226390780179058	0.20764146433212	0.134489419905579	0.0640219826162923	0.0224761835982877	0.00584395415488324	0.00106597354517741	0.000112833301215388	
3.66860749981848e-05	0.000336362334315891	0.00250271758478823	0.0111157487601514	0.0399657543847631	0.101174593693655	0.1768589194904	0.229989065731476	0.208634940181463	0.136470204866069	0.0637989759101226	0.0220834629027242	0.0056749047188439	0.00120407158541204	0.00014916364546624	4.42813535149952e-06	
2.68225573441367e-05	0.000374186362339528	0.0024685226113501	0.0112920190663971	0.0396378960602236	0.101469719823633	0.178218420905501	0.227819888981786	0.210393320224855	0.135261394075537	0.064926264483067	0.021215985443591	0.00560351857021628	0.00114020704413826	0.000147860077821355	3.97371219913137e-06	
2.49347289724009e-06	0.000229443251684636	0.00231704875347572	0.01182331939307	0.0399959177036707	0.102160238471665	0.1805714891147	0.228705825302419	0.206441051697873	0.135669904083972	0.0649571416483189	0.0211151951086402	0.00505823578860069	0.000807666493013048	0.000142317517409727	2.71219858998045e-06	
4.32656226096127e-05	0.000215568810862542	0.00243766665679087	0.0118656444570729	0.0421302030068863	0.102198117038634	0.181628324412969	0.226697815383938	0.207112097373263	0.132761081347358	0.0647582258454695	0.0223553457421904	0.00496300351207925	0.00072968940028605	8.43409504532983e-05	1.96104391376003e-05	
3.14339730052203e-05	0.000329947520261372	0.00216941004154555	0.0123068153774588	0.0423447210507887	0.103107726511331	0.181804155719738	0.228854552721062	0.205334544684215	0.132589167873286	0.0637511110722858	0.0215667775373033	0.00485342581531412	0.000806596620884301	0.000134063929333983	1.55495521860006e-05	
4.7283089870349e-06	3.68606282922203e-05	0.000238404798864583	0.00190585449560339	0.0121675823993253	0.0435988578193019	0.104823525309261	0.183344894865689	0.227666174869675	0.204740983161612	0.133591595107867	0.0610751923805492	0.0208034207124354	0.00499877402732377	0.000893852216616117	0.000108477210754383	8.21687842259115e-07	
8.96870896367214e-06	4.62067885808389e-05	0.000303644610674084	0.00201830391525044	0.0120835774615913	0.0427171141478442	0.105299775150879	0.184697631815986	0.226831995130206	0.205015215952879	0.133981692066768	0.0601205136185899	0.0209425524773511	0.00503009683479193	0.000846531326695915	5.61799929484423e-05	
1.36978032874815e-05	3.08815311708267e-05	0.000187791531236929	0.00223190299964969	0.0126084156902305	0.0439937569838727	0.10561197264958	0.186493884957806	0.229512248418038	0.205549597742382	0.129837253752153	0.0581743246668378	0.0195406902359238	0.00512929937992634	0.000948345063083881	0.000135936594821279	
1.95842168756177e-05	9.22673074824488e-05	0.000330221371157178	0.00245690120772397	0.013668894512195	0.0468101980904194	0.108971143603587	0.183977470223648	0.228831009788888	0.204050287081451	0.128477213042372	0.0562081595920165	0.0195911238092479	0.00537653782549417	0.000980813718673978	0.000158174608768475	
