# <P(U)> as a function of N_tot.
# number_of_species: 1
# species_total_upper_bound: 496
# species_total_lower_bound: 473
# volume: 729
# Bin widths for each
10	10	10	10	10	10	10	10	10	10	10	10	10	10	10	10	10	10	10	10	10	10	10	10	
# Bin lower bound for each
-2520	-2530	-2540	-2560	-2570	-2580	-2580	-2590	-2600	-2610	-2620	-2630	-2640	-2650	-2660	-2660	-2670	-2680	-2700	-2710	-2720	-2720	-2730	-2750	
# Bin upper bound for each
-2360	-2370	-2380	-2410	-2410	-2430	-2440	-2440	-2450	-2460	-2470	-2490	-2500	-2510	-2520	-2530	-2540	-2550	-2560	-2570	-2580	-2590	-2600	-2610	
# Normalized histogram for each
5.69471074174669e-05	0.00102953577797542	0.00447286476396212	0.0166028412300697	0.0498103430866121	0.110704085181714	0.186494074680764	0.224977704813244	0.207707448335965	0.122383700391504	0.0545034761084445	0.0166387439857578	0.00369464827580351	0.000560252799065558	0.00018897463973677	0.000165322486496288	9.03633546879932e-06	
0.000121401875652878	0.000873483445024076	0.00396849920256049	0.0150248547463161	0.0494755957522521	0.111558928805975	0.185431543098977	0.226812195995825	0.199381350683105	0.12715461639173	0.0569706669276095	0.0180714927714944	0.00425864358477411	0.000487071645835467	0.000319427246692699	8.53473487630033e-05	4.88047741318103e-06	
0.000200019728139904	0.000971680869771214	0.00338384455199384	0.0130216068162245	0.0466865639744571	0.107924243699363	0.180757043332354	0.229309565610335	0.202277267505362	0.129326354610333	0.0608818186448447	0.0197625211467465	0.00443536292809896	0.000843892178230661	0.000204096795917626	1.12575752071439e-05	2.86003262019333e-06	
4.24626363679984e-06	7.30357345529573e-05	0.000691049076434626	0.00364626658492003	0.0127671195549479	0.0421140787843263	0.109834704482192	0.181442845200457	0.226872588615124	0.204774122735581	0.133250179359143	0.0592722595660889	0.0195915324892853	0.00454441200501229	0.000867269017361819	0.000254290530935213	
1.59179547299443e-05	3.26257316411454e-05	0.000453236420936582	0.00293400713671172	0.0111707588872766	0.0409960240958951	0.103900804166567	0.178440090256018	0.228603094365342	0.210227213007326	0.13448879458007	0.0625717181323913	0.0209629742904982	0.00419012818267202	0.000728580584433176	0.000283728429728397	3.03777762021838e-07	
4.22383684059415e-05	0.000181365890016953	0.000368034171502839	0.00277375328273767	0.0115860868863122	0.0401848365462512	0.0988029549986639	0.180901328218936	0.235594291132021	0.208023843890365	0.133741195695302	0.061514911319009	0.0209227547008261	0.00435067245470899	0.000941475757978367	7.02566869633776e-05	
0.000232901064196866	0.000543153365411299	0.0021740660670352	0.0109179636869231	0.0395739944172743	0.0996697320070158	0.177361181311965	0.235985429641636	0.208306941813531	0.131889669536511	0.065972192169767	0.0215779688666718	0.00476188256932242	0.000903883703928275	0.000129039778811777	
9.77341387091764e-05	0.000788312489502156	0.00261462893495005	0.0111734072630307	0.038926351970363	0.0973866529229037	0.172005343842722	0.231997976470025	0.212490386818361	0.138016431491889	0.0649242948593227	0.0226867776723471	0.00601937579299909	0.000728011007367553	0.000142629254150707	1.68507135705476e-06	
2.02126466680174e-05	0.000533048399182447	0.00368327360175407	0.012394503218864	0.0384742315223925	0.0978683117194369	0.171949767241749	0.228800061792948	0.212829544344381	0.137532983911215	0.066337545424314	0.022731407132273	0.00573413535831969	0.000933992714784637	0.000164348067550665	1.26329041675109e-05	
0.000105090426707574	0.000384374243362115	0.00280667048149409	0.0133591442767302	0.0396053757768149	0.098853166284295	0.172576415774067	0.226134787586341	0.210956400836339	0.139738617308903	0.0650815693370869	0.0237899405896212	0.00548674011430533	0.000959470320804792	0.000108079613412586	5.41570297143328e-05	
7.66171284350951e-05	0.000540884569593458	0.00273233089701265	0.0127171721461492	0.0389512582745488	0.100427952309015	0.169722193572655	0.226587819205534	0.213454279768658	0.137086994820255	0.0667358300925617	0.0241681393507247	0.00584953863603599	0.000841054993590683	0.000105623009637522	2.31122559381886e-06	
4.18134649493735e-05	0.000466629053746314	0.0029214134932397	0.0122144848753901	0.0402409100637292	0.100878497442928	0.175552162355119	0.22851980103702	0.210234242947059	0.137760046923232	0.0646790949032036	0.0210490480007059	0.00453244137418167	0.000898816713498515	1.05973519981883e-05	
3.03683752810151e-05	0.000319528122521985	0.00287018461044407	0.0130641420845002	0.0406989043331309	0.101605752241017	0.1789905724278	0.226380048907436	0.20639966722231	0.136059219365126	0.0644124147066292	0.0225511880780073	0.00583400026074321	0.000679183833553289	0.000104825431499307	
3.10736324183636e-06	0.000317855010883116	0.00223080432007107	0.012244367113159	0.0417086678598188	0.100275063794167	0.17936988775187	0.225465587534027	0.209058144641996	0.136659405982883	0.0651334974096455	0.0202659970732028	0.0064841066279832	0.000753224849821135	3.02826672295326e-05	
5.55838957799685e-06	0.000131189337692926	0.0022884116765657	0.0114782446333465	0.0430936839338606	0.101529770904735	0.176087002636151	0.22631652442294	0.209255274486323	0.136659757248112	0.0646799167330554	0.0214336039588439	0.00595513381369163	0.00097101662831945	0.000114911196785935	
0.000165987789431307	0.00258983947668248	0.0116517318200799	0.0409873297684617	0.101502381845575	0.17508628508069	0.231721217001653	0.207426974848777	0.138892970066359	0.0635483176933875	0.0198612819563975	0.00542554907363369	0.00104639064530384	9.37429335677152e-05	
0.000223496479246165	0.00262363974937113	0.0120502084477536	0.0423890874282923	0.102862453083056	0.174579853431892	0.228721023661915	0.210952578750529	0.134260552318398	0.0623974128257597	0.0215437534717086	0.00606669210910516	0.00118071609143369	0.000148532151541003	
0.000171184545882098	0.00232162010763819	0.011669960919423	0.0434495508064654	0.104647576065634	0.174720485273321	0.225084789493903	0.207126383401982	0.137161617388031	0.0655877503848138	0.0221716041842137	0.0050006807453771	0.000780340590886987	0.000106456092429307	
4.65122810959597e-05	0.000183689805777522	0.00280579156543598	0.0127875630204896	0.046617607819456	0.107009310882357	0.179735812490345	0.223730475936355	0.202492339236311	0.129224879576446	0.0660863117390144	0.0232641172918393	0.00541665847458817	0.00058988582583173	9.04405465754771e-06	
7.9240912807771e-07	6.93357987067996e-05	0.00221370810058909	0.0127382031364572	0.0447721911487787	0.107210521200878	0.18509850862376	0.228203980372932	0.201493396883036	0.126858984739389	0.0635564193318169	0.0209417318361857	0.00587197804166385	0.000858971494836238	0.000111276881842913	
3.21693938693601e-06	0.000236924763971182	0.00221991392711826	0.0144245868984218	0.0451098429597423	0.10847169700043	0.184505244598858	0.224373282358953	0.199254629500294	0.12918319933652	0.0617137087614473	0.022021022416706	0.00702551343340272	0.00134795404065929	0.000109263064089616	
0.000382769810167278	0.00227574153921005	0.0150930555560283	0.0459420783668851	0.112772654702373	0.184470143217293	0.22024570338477	0.196672086827874	0.126756602538115	0.0631479983130216	0.0247802463319737	0.00624050379700617	0.00114070736224003	7.97082530435788e-05	
0.000130561071367717	0.0028012996304688	0.0156091238907017	0.0485545097608667	0.112692350753231	0.187215332069645	0.22665715838165	0.200974346233125	0.118633164817489	0.0582201376072607	0.0210519456167487	0.00617973854232444	0.00109573150891736	0.000184600116203919	
3.02701962519638e-05	0.000721544981626508	0.0037599949086334	0.0170491280115686	0.0549343176948424	0.120365500844808	0.18769658395953	0.222113395027095	0.189968342084694	0.119629940819756	0.0546526957361643	0.0209580040372515	0.00667466443161187	0.00113550571101532	0.000310111555150574	
