# <P(U)> as a function of N_tot.
# number_of_species: 1
# species_total_upper_bound: 496
# species_total_lower_bound: 473
# volume: 729
# Bin widths for each
10	10	10	10	10	10	10	10	10	10	10	10	10	10	10	10	10	10	10	10	10	10	10	10	
# Bin lower bound for each
-2530	-2530	-2550	-2560	-2570	-2580	-2590	-2600	-2600	-2610	-2630	-2630	-2640	-2650	-2660	-2670	-2680	-2690	-2700	-2710	-2720	-2730	-2740	-2750	
# Bin upper bound for each
-2360	-2370	-2380	-2410	-2410	-2420	-2420	-2430	-2430	-2440	-2460	-2480	-2500	-2510	-2520	-2520	-2530	-2540	-2550	-2560	-2570	-2590	-2600	-2610	
# Normalized histogram for each
8.49856300026007e-06	0.000151818989519209	0.000845978314967636	0.00446012837285688	0.0178995578766992	0.0529763782853959	0.118350097230162	0.1904891013768	0.226214716936794	0.19422335345705	0.117942908799033	0.0540340945845506	0.0171160728783956	0.00429042114587693	0.000797907802307913	0.000151521952365802	4.49846266771048e-05	2.45880754764806e-06	
0.000124633797975439	0.000689440173397838	0.00394755732687084	0.0168136670574462	0.0507575408288082	0.117374978567286	0.188721625752401	0.225961699226617	0.195752442098855	0.121476277164171	0.0551586266983119	0.0178861313724895	0.00438492416715958	0.000771840243623306	0.000154348359341095	2.29545396745181e-05	1.31262557109467e-06	
4.73930783553033e-07	9.33316794783231e-05	0.000782868284666362	0.00381314902982283	0.0146896970879568	0.0488573937369557	0.113797971805041	0.185901131174726	0.229121118241318	0.198749476429052	0.124409396445879	0.0558738899601359	0.0186592269339113	0.00425050543083822	0.000864384379437483	0.000132194003729672	3.02335155025211e-06	7.68094718172157e-07	
1.14018553457363e-06	5.2481111319946e-05	0.000594280988984554	0.00382123408893483	0.0149914037340457	0.0470937672458152	0.110676343888232	0.184361534459738	0.227854986708124	0.200270592088738	0.127888470699602	0.057682263096281	0.0190552367280083	0.00459517574143863	0.000913858705960761	0.000147230529243014	
5.15151001094253e-06	5.14658818609131e-05	0.000458550015305235	0.00335410879352587	0.0137861626569271	0.0458405313654609	0.108582691300422	0.180567283626162	0.228800888264699	0.202883624993565	0.130805419559155	0.0591529847865409	0.020003805554975	0.00470444425362347	0.000821321319005748	0.000179679419235167	1.88669952630061e-06	
1.70196128601043e-05	0.00012936863926645	0.000481183455435049	0.00307896708736495	0.0136696210843468	0.0454157191382038	0.106768763674435	0.181648418856752	0.22874486963923	0.203197076347079	0.130569199167654	0.0603622844073585	0.0201201196300918	0.0046747148929282	0.000946277420668696	0.000167927934749121	8.46901157660033e-06	
3.84324021019962e-06	0.000134726920701998	0.000552030541474442	0.00276328971113353	0.0131884893838865	0.0440107995706871	0.106000129027757	0.179827968684622	0.226271030161158	0.205398031249288	0.132863064168775	0.0621973243033175	0.0204877551410564	0.00517387180041219	0.0010107721752825	0.000103898878503089	9.06610511124012e-06	3.90893662404918e-06	
1.56042655754675e-06	9.33627847694287e-05	0.000665103075454558	0.00276336760353089	0.0122538819265302	0.044282901786966	0.105198308123109	0.177684293809004	0.224917042385899	0.208154332559652	0.13435100192279	0.0630178429520682	0.0204350669634061	0.00504576246539775	0.000964228633764914	0.000139420006531124	1.18920929227773e-05	2.06304816450391e-05	
4.41927787724694e-05	0.000558947127965405	0.00315305016712274	0.0129123977692649	0.0433907386742889	0.105334321721828	0.178663102087591	0.223974706694538	0.206570041051725	0.135943835423608	0.0624627174502493	0.0209710915323808	0.00499520588433387	0.000826751444890583	0.000169955882564685	8.44958085257644e-06	2.04456975755766e-05	4.90304498215267e-08	
7.26871463323131e-05	0.000453540547596936	0.00281572684527195	0.0127122715639791	0.042875718229526	0.105144341152402	0.179014364566194	0.224800812162905	0.206785379167017	0.134654057592903	0.0629585669805323	0.0217632322108954	0.00497259871354779	0.000796055614651478	0.000132124538413511	2.66130314884707e-05	1.31848839732643e-05	8.72505237099163e-06	
1.6397342987403e-06	0.000132271900098384	0.000442213834213217	0.00280286857047321	0.0124837151877978	0.0404915023181342	0.10359061621858	0.177834650479381	0.224772446676484	0.207952695273064	0.136233658922405	0.0647669487438349	0.0225679364426125	0.00487853105528155	0.000934134123835306	0.000100055943876075	1.21533248024281e-05	1.96125082790506e-06	
4.72392264679082e-05	0.000339843987973904	0.0027946515146101	0.0116255064234706	0.0404834569973176	0.102762936262938	0.180765012708584	0.228687383681206	0.205376265639612	0.135250386063058	0.0645108126060692	0.0215887905668257	0.00483000287451973	0.000844225146185963	7.78999168176751e-05	1.55863843427312e-05	
2.68783296761288e-05	0.000385854060513074	0.00248825382859421	0.0115557924983423	0.0410474959771809	0.102099407112946	0.181279997497918	0.229520867974772	0.203965101354561	0.134955950418452	0.0646292532912658	0.0215925068995783	0.00553506252704404	0.000829179800546283	8.83984286099736e-05	
2.90176213606028e-05	0.000368003366548732	0.00240119239714349	0.0121423921174515	0.0415236326605062	0.100576274189775	0.180215624897788	0.228034094317299	0.208303404968694	0.134563667862666	0.064098853195217	0.0209151129544029	0.00582358427993072	0.000914133925090947	9.10112461261081e-05	
4.47436516021137e-05	0.000346357184643644	0.00251947606619177	0.0117120963507933	0.0423661818239112	0.100485898392356	0.178161035288294	0.226112760973026	0.20827792882725	0.135045156785178	0.0649765668333337	0.0227681312213804	0.00596055780082539	0.00110285136608425	0.000120257435130813	
3.96939630352746e-05	0.000356008205640112	0.0025844228482703	0.0112131638000259	0.0398315433899676	0.100387000274701	0.175146137481516	0.229786955900594	0.209360525020087	0.137232389988269	0.0642630507190327	0.0225231034491785	0.0058518769477627	0.0012579432546083	0.000161393559535511	4.79119777644001e-06	
2.90797853962521e-05	0.000376263279887454	0.00244392155034156	0.0112593096097825	0.0394500866865868	0.101028844707959	0.176567832036427	0.227715214882667	0.210264365976258	0.136138757585492	0.0658176594187572	0.0217670271409113	0.00579668142629442	0.00118034468795474	0.000160303108929993	4.30811635500032e-06	
2.71256052579131e-06	0.000204631758963204	0.00232650447014112	0.0117537151133784	0.0399849822497019	0.101512009790345	0.180190557535566	0.22785782845285	0.205952300051453	0.136180420998277	0.0660462168283194	0.0217182665475551	0.00525553049847598	0.000856550471995049	0.000154822168021773	2.95050443156248e-06	
4.70132422166031e-05	0.000207680164486371	0.0024414359072261	0.0117098514686188	0.0422586215114445	0.101642629672296	0.18125680248136	0.226651951400208	0.206621184462065	0.132902088251107	0.0656027668855921	0.0226538456387864	0.00511336839551214	0.000777804976949073	9.16464687961862e-05	2.13090733367864e-05	
2.97142993124701e-05	0.000314451215521874	0.00210950901205507	0.0121914613033916	0.0424988567609748	0.102389066153184	0.181019447953374	0.229135354344606	0.205777107059922	0.132871955246109	0.0640267158996488	0.0216761926670091	0.00495027852197934	0.000846865462679641	0.0001460807624502	1.69433377820171e-05	
2.25753218208224e-05	0.000253464307589122	0.00194442365368807	0.0122954528938026	0.0433294153938457	0.104377102838846	0.182653872597959	0.227622669107868	0.205099224840958	0.134370615545215	0.0612922665596327	0.0205822344064194	0.00512433023722693	0.000918577714395334	0.000112876609104112	8.97971628602148e-07	
2.67916097062598e-05	0.00030006602871011	0.00207135390501344	0.0121921051083389	0.0427287090584213	0.104846206625625	0.184733633324766	0.226675394007262	0.205307367451545	0.134296221684874	0.0599170553827173	0.0209806829184466	0.005041266880034	0.00082144651336434	6.16995011764747e-05	
2.86082505686049e-07	0.000173048128994983	0.00226284904608649	0.0125960696841039	0.0439410331825191	0.105408974649784	0.186259498574928	0.229767005507025	0.206375930340308	0.130586428449367	0.057695752908124	0.019149059665876	0.00488113971201536	0.000773582988847614	0.00012934107951517	
8.41458168128643e-06	0.000291301002264496	0.00259558709318771	0.0137712053845148	0.0466985173219673	0.10867392324011	0.183168917410258	0.22887141650589	0.205632960481676	0.128706615247133	0.0561616325220931	0.0190514751416332	0.00526056654308675	0.000953338573898613	0.000154128950606182	
