# <P(U)> as a function of N_tot.
# number_of_species: 1
# species_total_upper_bound: 496
# species_total_lower_bound: 473
# volume: 729
# Bin widths for each
10	10	10	10	10	10	10	10	10	10	10	10	10	10	10	10	10	10	10	10	10	10	10	10	
# Bin lower bound for each
-2520	-2530	-2540	-2560	-2570	-2580	-2580	-2590	-2600	-2610	-2620	-2630	-2640	-2640	-2650	-2660	-2670	-2680	-2700	-2710	-2720	-2720	-2730	-2750	
# Bin upper bound for each
-2360	-2370	-2380	-2410	-2410	-2430	-2440	-2440	-2450	-2460	-2470	-2490	-2500	-2510	-2520	-2530	-2540	-2550	-2560	-2570	-2580	-2590	-2600	-2610	
# Normalized histogram for each
6.36311426669174e-05	0.000981369763687218	0.00471270268026706	0.0171355482256635	0.0514372743644086	0.11047416721302	0.185997489314339	0.223042063302483	0.206022934994926	0.122951563418531	0.0558772915089017	0.0165397601465075	0.00373221385891708	0.000626011177802964	0.000211155101757311	0.000184726831640061	1.0096954480693e-05	
0.000135757428898923	0.000887062235162156	0.00390626652198609	0.0150424688805088	0.0507056043531882	0.112703975536921	0.185530468401333	0.224025408333105	0.196905849426046	0.127885885716258	0.0585820593624258	0.0182246503018249	0.0044617804634554	0.0005446669911201	0.000357198943575256	9.54395191103481e-05	5.45758508136372e-06	
0.000222003258254087	0.00105118914252103	0.00336483186072973	0.0127727180351273	0.0474134661759767	0.108043184125126	0.180256244576134	0.227993901698146	0.201820278130167	0.129455928571009	0.0615450170534569	0.0201650145423278	0.00472224636769372	0.00093177881073118	0.000226528423542503	1.24948593784625e-05	3.17436967993371e-06	
4.70195041605208e-06	8.08735471560958e-05	0.00074089304412935	0.00358328924135306	0.0128441164393688	0.0429503019290289	0.109404377744218	0.181895757893618	0.224528745340283	0.205305089747135	0.133573477614249	0.0593981946794207	0.0198668824100639	0.00458728999662064	0.000954428763738343	0.00028157965920129	
1.75993930761972e-05	3.60720384806027e-05	0.000478542275858127	0.00294286034606184	0.0108967784176628	0.0414239333071671	0.103636981752452	0.177264311379747	0.228531209064198	0.210339885255988	0.134856357045202	0.0627780427016358	0.021246229145307	0.00444458565755598	0.00079257724773302	0.000313699105594813	3.358662800801e-07	
4.66839697037686e-05	0.00020045470586069	0.000392984458233864	0.0027096681302524	0.0110759549519005	0.039712541292171	0.0985328114052201	0.179263846408807	0.235555456993109	0.208611813868016	0.1347337325512	0.0623950900983966	0.0210550697026298	0.00459567386778554	0.00104056637178514	7.76512249280944e-05	
0.000250828023593628	0.00058564461965524	0.00203593653515618	0.0105895201401585	0.0391882648355775	0.0989442937595018	0.175447710956707	0.235669592034377	0.208216237313292	0.133613839549971	0.0679221274017636	0.0214621921927569	0.00493170189825551	0.00099943055078635	0.000142680188447603	
7.31717526784145e-05	0.000801705014613454	0.00264366955211922	0.0108685593185089	0.0383456470402955	0.0959485337886655	0.169378278258709	0.232058674325531	0.214537389671028	0.139261766671268	0.0663815069042491	0.0224856862319619	0.00625382982479312	0.00080250108082573	0.000157223076924608	1.85748782864516e-06	
2.15389500001197e-05	0.000502907891206498	0.00369918170603907	0.0120799605597893	0.0367042986691854	0.0959225836954403	0.169736432389369	0.227581276961912	0.215002663118324	0.141021222779487	0.0677769596522284	0.0228050280950341	0.00592367659771809	0.0010266899500057	0.000181618553704713	1.39604305556331e-05	
0.000116438687984709	0.000377565271580089	0.00274348511578474	0.013206017509833	0.0386646580072996	0.0971718192139031	0.170733729982514	0.224972598268603	0.211265368380707	0.143078340183063	0.0665156492167956	0.0242064537815039	0.00572543250835689	0.00104268799458031	0.000119750664051201	6.00052134399729e-05	
8.49763972609403e-05	0.000556960685214805	0.00270418479277519	0.0125947068676373	0.038897337040936	0.0991463076313483	0.167659008558713	0.225371632353655	0.213875722852108	0.138978641381211	0.0683708172595394	0.0248202854937792	0.00589099194435289	0.000928716402040382	0.000117146948863498	2.56339056594088e-06	
4.66308144643391e-05	0.000421539993566746	0.00286670318343304	0.0119832201005273	0.040283114558166	0.0994425883467668	0.1737923389811	0.22663905385949	0.21017715598791	0.140709574552267	0.0664254025151351	0.0214779861448674	0.00473251382995451	0.000990358854305296	1.18182780460584e-05	
3.39009206182708e-05	0.000281396866606478	0.00269707777909365	0.0125585928387926	0.0401635549594804	0.100186256400161	0.176771383982975	0.224883967850905	0.207181663306054	0.138622530615928	0.0665041216854641	0.0234305988555972	0.00592490683334897	0.0006430280481734	0.000117019056803332	
0.00031531037335147	0.00188346658852609	0.0119224564994779	0.041359883455731	0.099332930762892	0.178516992104426	0.222872545045196	0.208239366212893	0.139301534813485	0.0672919680631939	0.0213392213153095	0.00679214525562992	0.000798344402757965	3.38351071304079e-05	
0.000126213576215042	0.00240243639793941	0.0115517467413228	0.0420211254494415	0.100554337133786	0.174840703745072	0.225493911353016	0.207925413043288	0.138633334775895	0.0668946548772568	0.0223897427007116	0.00605051005133447	0.000987308714092428	0.000128561440629299	
0.000153648142713158	0.00250808742769322	0.0116840355779685	0.041148315298149	0.0995909134033748	0.173833493293759	0.232804359807217	0.206146787050134	0.139584587609272	0.0653248442206701	0.0205184237803244	0.00553050979643078	0.00106705025079608	0.000104944341498641	
0.000143538046047915	0.00260345921636819	0.0117239374204444	0.0417362771436636	0.101128176189919	0.171951629700144	0.228196621346887	0.210560331593103	0.136767308401348	0.0651029064179954	0.0222053736297866	0.00638598997912381	0.00132646338680547	0.000167987528363295	
7.1274096910082e-05	0.00236697942877016	0.0113294407335694	0.0431801809810841	0.103536329695513	0.172621760609922	0.223103113940938	0.207338206678344	0.138869117235057	0.0687127161000814	0.0227937382116521	0.00512058237603098	0.000835227299312301	0.000121332612815454	
5.36513328176844e-05	0.000130240554303799	0.00295114728645101	0.0130101890231058	0.0466674584773998	0.105649776929033	0.178230699564783	0.221832580497572	0.201225220195632	0.130984804555905	0.0682482535292436	0.0245222876902395	0.00580283225904315	0.000680425900867758	1.04322036034386e-05	
9.14296342514218e-07	7.9151940509088e-05	0.00228639392510163	0.0129916285720742	0.0438355463005545	0.105085564423214	0.182327278645264	0.226915943904523	0.202380997473799	0.129192032403707	0.065757629705018	0.0220622319723945	0.00614746737953917	0.000809021649361867	0.000128197408596815	
3.71007978559123e-06	0.000201060288731427	0.00213843791711955	0.0137287271673066	0.0442941218472214	0.107448076294341	0.183885938869211	0.221797226435477	0.201151022963376	0.130293966544583	0.0635010096298701	0.0227198777157703	0.00723817039433136	0.00147849933911763	0.00012015451375792	
0.000420080464449696	0.00230916001665326	0.0151272376174262	0.045532920772706	0.112634839120429	0.183285243646012	0.21777308025464	0.196985707266991	0.126323463930761	0.0654851314403952	0.0261714667562908	0.00669899100447704	0.0011655309081749	8.71468005943083e-05	
0.000134842192496594	0.00295990652011496	0.0156309925682956	0.0482087592578596	0.113583611857819	0.184500973525849	0.224713376733435	0.201064290162205	0.117927189229212	0.060446959061081	0.0226785037064881	0.0069692545086186	0.00108502482474194	9.63158517832813e-05	
3.54798054602545e-05	0.000843032493307984	0.00361166915317043	0.0174246239275269	0.0535376799573434	0.119479557707533	0.183731802293328	0.221762854865379	0.191051885344349	0.119878385729443	0.0557582983696794	0.0235635054855684	0.00769635749640489	0.00126138450683744	0.000363482864667769	
