# <P(U)> as a function of N_tot.
# number_of_species: 1
# species_total_upper_bound: 496
# species_total_lower_bound: 473
# volume: 729
# Bin widths for each
10	10	10	10	10	10	10	10	10	10	10	10	10	10	10	10	10	10	10	10	10	10	10	10	
# Bin lower bound for each
-2510	-2530	-2540	-2550	-2560	-2560	-2580	-2580	-2590	-2600	-2610	-2620	-2630	-2640	-2650	-2660	-2660	-2670	-2680	-2700	-2700	-2710	-2720	-2730	
# Bin upper bound for each
-2380	-2390	-2390	-2410	-2420	-2430	-2450	-2460	-2470	-2480	-2480	-2490	-2500	-2520	-2530	-2540	-2550	-2560	-2570	-2570	-2580	-2590	-2600	-2620	
# Normalized histogram for each
0.00133812822346769	0.00512121777710972	0.0176571912397391	0.0533936734406924	0.120861959801796	0.194038299032415	0.215916487486906	0.202528271945372	0.106428478918449	0.0596061937171483	0.0166418777835494	0.00462617966749524	0.00179489447922962	4.71464866299497e-05	
0.00022572839541647	0.0011104068802678	0.00471321994786973	0.0154017495746526	0.0478345269954031	0.112997645462196	0.195061383203929	0.226463877654657	0.197636123616274	0.11553923115306	0.0594400609604812	0.0179996982920345	0.00376167944136505	0.00129027124430222	0.000524397178091139	
9.98668071663753e-05	0.0011085493775989	0.00349728551447262	0.0138739753220496	0.0462778333520642	0.105581747797088	0.17915131573823	0.231948309608244	0.198715473624592	0.128004210540371	0.0648533376655313	0.0195566470122856	0.00495050055803013	0.00186102768786365	0.000511852159292843	8.06723511928937e-06	
2.48904010709366e-05	0.00065283193243663	0.00298251936310875	0.0123110088079554	0.0408992577249524	0.109018603951513	0.182858143111149	0.229576073182108	0.19784243510369	0.138219373173126	0.0609584860575877	0.0179800681996989	0.00466911458350243	0.00138872205105562	0.000618472357045228	
1.2814626341855e-05	0.000510676492304135	0.00247594940022096	0.00989752661352505	0.03979895759831	0.100448402861315	0.175051340300855	0.223077833313884	0.206073369461491	0.145410564268896	0.0693797502729243	0.0218543909453486	0.0045759122105394	0.00090002301179709	0.000532488622247718	
0.000201059017630446	0.00237025351859956	0.0110574449377318	0.042597276651601	0.0910399504001021	0.171434186281046	0.234230284401051	0.20554479650985	0.141760224972491	0.069608340771805	0.0229543713514664	0.00611748094678771	0.00107952404818047	4.80619165650469e-06	
2.51327848801166e-05	9.8369179530779e-05	0.00205413223520179	0.01098113527762	0.0427657305560075	0.0944079283396742	0.169186881442979	0.234629680575816	0.208651299094733	0.137047724726282	0.0681582208798853	0.0250022565457392	0.00535490464945711	0.0016366037121934	
0.000478294507834684	0.00313381989399858	0.0114490743555142	0.0415039657470433	0.0910401191612118	0.166429081591526	0.232309999113575	0.214541866971461	0.135851440547537	0.0733025164557681	0.0215990408400844	0.00779759304850083	0.000563187765944199	
0.000460950346074762	0.0050106562924683	0.0166596411291058	0.0394205057743483	0.094019390483668	0.166346763372387	0.22299297553504	0.21072751318495	0.142225840463449	0.0697812858986199	0.0233821688638901	0.00809116680771372	0.000881141848284857	
0.000118587647942786	0.00458467359286499	0.0174997270069417	0.0440190910015317	0.10018187910982	0.174614140745294	0.219528273361163	0.211101038017536	0.13664462957592	0.0611539329378802	0.0261043072267903	0.00397993024792599	0.000469789528388729	
0.000728559803958733	0.00329461701797305	0.0144026874146097	0.042120675052461	0.098761136761009	0.173784881163743	0.235189542388627	0.210161461938592	0.128985203952606	0.0623609284230237	0.0250273015193821	0.00441186321770021	0.000708826894086722	6.23144522274041e-05	
0.000282097164075383	0.00284706758562667	0.0123298120335187	0.0396099908846865	0.10303618489812	0.173713137194472	0.236101495480313	0.20758697843666	0.134348709151039	0.0614102822720069	0.0231014351986802	0.00460854386454326	0.00101147882327122	1.27870129876908e-05	
3.93490080189792e-05	0.00221425335630851	0.0129301338439075	0.0368154798001369	0.10257638875226	0.182338073228504	0.231074808192264	0.200124571986146	0.139444914999917	0.064296279103012	0.0218364580513425	0.00565156353781452	0.000650254809731358	7.47133063651503e-06	
3.83456451716648e-05	0.000942313306186266	0.0119524612956375	0.0395130845236976	0.0962136767783721	0.185847240845286	0.223038311010395	0.208898416201159	0.141660440653311	0.0663241122364665	0.0189167726325893	0.00610982192777165	0.000545002943955984	
6.30135102958596e-05	0.00161319567662562	0.00951628538096524	0.0380125887544047	0.101825349463464	0.182059729833933	0.235925820396054	0.204445217100223	0.137570697173508	0.0642254618417081	0.0193120219815034	0.00443635037703499	0.000994268510280916	
0.000114469057975197	0.00274870636682213	0.00946446593060325	0.033814980811943	0.0995615158891022	0.173917621400594	0.232825716995298	0.215776589242275	0.139679539766768	0.0645235998248672	0.0213402684516756	0.00572997328813818	0.000502552973937521	
0.00183122286916968	0.00996515582949995	0.034925766982206	0.0945384260088045	0.172783518104034	0.225682022959766	0.215345726767503	0.143286389805682	0.0677003539803753	0.0270161007167633	0.00675742503261387	0.00016789094358172	
0.00116182088653318	0.00878630187535286	0.0373662913078604	0.103316342561707	0.175893699673071	0.22273126947156	0.204290190782955	0.143994652909152	0.0736474288365854	0.0225180092292115	0.00586566213484462	0.000428330331166712	
0.000884343876063417	0.0102789183737443	0.0385523922423039	0.0981945435456452	0.190395551750303	0.227202680825293	0.205795505480168	0.131356649305277	0.0668679777240094	0.0227494830141492	0.0070234274799858	0.000698526383057235	
1.95560872493529e-05	0.000782243489974116	0.00911470114517839	0.0387187060232488	0.0984688105179417	0.180324333795813	0.239023363787811	0.209401888805131	0.136442820738735	0.0598421484786798	0.0208277544162208	0.00603657301213025	0.000972328658037826	2.47710438491803e-05	
0.000769984830036578	0.0132485357034392	0.0371092295430809	0.101544589569053	0.193616598550358	0.222340314613277	0.206780562149515	0.134080109221717	0.0554959623762691	0.0211581733132346	0.0111289315614762	0.00271236623406983	1.46423344728267e-05	
0.00155486883166002	0.0146371698654985	0.0389972032094152	0.0976275980363014	0.181489319447624	0.23005101518059	0.207877563566585	0.129263334720555	0.0679284902011134	0.0206170648498702	0.00747429950578648	0.00229056010443375	0.000191512480567302	
0.00174765562869439	0.0139363929940596	0.0451219345863226	0.0996591245302339	0.181666743605831	0.229524127772171	0.201503671047303	0.130452276385062	0.0680129971231747	0.0204221022437559	0.00694367213844014	0.00100169545940025	7.60648555187413e-06	
0.00226548394345866	0.0151618052580482	0.044195479216551	0.106674515325919	0.178615669200599	0.227622741849959	0.19721859678371	0.133428591038359	0.0613714784815003	0.0238135960032723	0.00865455825553862	0.000977484643085265	
