# <P(U)> as a function of N_tot.
# number_of_species: 1
# species_total_upper_bound: 496
# species_total_lower_bound: 473
# volume: 729
# Bin widths for each
10	10	10	10	10	10	10	10	10	10	10	10	10	10	10	10	10	10	10	10	10	10	10	10	
# Bin lower bound for each
-2530	-2540	-2550	-2570	-2570	-2580	-2590	-2600	-2610	-2610	-2630	-2630	-2650	-2650	-2660	-2670	-2680	-2690	-2700	-2710	-2730	-2740	-2750	-2760	
# Bin upper bound for each
-2360	-2370	-2380	-2400	-2400	-2420	-2420	-2430	-2430	-2440	-2460	-2480	-2490	-2500	-2510	-2520	-2530	-2540	-2550	-2560	-2570	-2580	-2590	-2600	
# Normalized histogram for each
1.84487376745641e-05	0.000162976933669766	0.000777934856155236	0.00413321506369525	0.0170454298638745	0.0517504886298642	0.116792014862966	0.190412055827014	0.224833501232838	0.194600739223037	0.121709209688352	0.0553536623012214	0.0174017129325826	0.0041419465939138	0.000749027472394713	9.25577094396216e-05	2.37783730027715e-05	1.29969830426007e-06	
1.3575688923112e-05	0.000125507980490825	0.000701396155210687	0.00385456866072745	0.0162347219461096	0.0496024398051397	0.114662417190139	0.188523859377244	0.22558844438745	0.196864357200269	0.1236278558686	0.0569447389670086	0.0181455673040855	0.00418249908645663	0.000777331645581508	0.00013396354678882	1.60621105701657e-05	6.93079204753643e-07	
1.60165917345573e-06	9.55887509952688e-05	0.000772770249532352	0.00370976297755817	0.0143972969949593	0.048150359399765	0.111262431829598	0.186311730682516	0.227792538870731	0.199918041801452	0.12582808484773	0.0578827937503744	0.0189444506764859	0.00406103713595705	0.000739499026810242	0.000117622386651727	1.39820517034108e-05	4.06908006229294e-07	
2.41798908576722e-07	1.41625075023509e-06	6.7781415479239e-05	0.000597165583106747	0.00374954976827331	0.014564593180288	0.0460102562634056	0.109262959534184	0.184369560684976	0.227424179353719	0.201788296368052	0.128468701415421	0.0591298678017145	0.0193588524044177	0.00432845953378252	0.000753177693190571	0.000107989119705425	1.69518306262895e-05	
7.83414192539498e-06	5.56276073220248e-05	0.000532539663116645	0.00348384464744039	0.0138541080333718	0.0453430428625317	0.107351636777566	0.181475687849794	0.227484684772501	0.202918548911702	0.131660589198188	0.0607228673680465	0.0197313437016237	0.00452756207118906	0.000703928849907061	0.000137114815866813	8.61408968345422e-06	4.2463822383225e-07	
1.00569642058252e-05	0.000111857717399618	0.000511457318443316	0.00307958115657134	0.0138892657842189	0.0450256269654538	0.106178055534175	0.182084475412881	0.22665616916119	0.204111775943877	0.131087040441602	0.0615185540845935	0.0201908555180282	0.00459704700827943	0.000834320548637222	0.000105702161721915	8.15827872213924e-06	
5.88423331641985e-06	0.000100239951061897	0.000560683374578862	0.00288318766476124	0.0134046907981415	0.0440706370405312	0.106101462051726	0.180233607182432	0.224985359394889	0.204585381105023	0.133194829400261	0.0625697133242259	0.0211001587243772	0.00510969835782141	0.00100278948189915	8.11573564186625e-05	8.45804376557551e-06	2.06251477070386e-06	
9.80109901197723e-07	7.39939607709538e-05	0.00059613233194088	0.00287475774914136	0.0128093598726162	0.0435615570123034	0.105012270759125	0.179521769338108	0.225573204482246	0.205880341955661	0.13408908711549	0.0626676372819339	0.0210805593700575	0.00513413658341477	0.000998801377632069	0.000101723264789796	1.27934699492623e-05	1.08939649195074e-05	
6.22858151936782e-07	3.97677628396304e-05	0.000478562680071428	0.0031974596245828	0.0131178338709796	0.0438530635057607	0.105180447067339	0.178896098635402	0.224449625451604	0.206100959614197	0.134766529364219	0.0628902125220562	0.0206742970654306	0.00537806006209048	0.000816523783150792	0.000142971898292489	6.11612101971257e-06	1.08221603899016e-05	2.59524229973659e-08	
5.60365240526129e-05	0.000439197079675022	0.00293067506189863	0.0128960812305178	0.0431233241226101	0.104337624712126	0.179861512207107	0.226002785041819	0.205373466331256	0.134094193376567	0.0626180939527375	0.0218155151445285	0.00538981010313241	0.000910094184735781	0.000124657049529309	1.53528246257044e-05	6.96920514835158e-06	4.61184793334951e-06	
8.67347108409724e-07	7.38435518571573e-05	0.000359047689269531	0.00278495802767036	0.0126749854721485	0.0415430268323947	0.104597988144164	0.178811080889922	0.226289542556628	0.205959989260882	0.135259295161257	0.0636047658410682	0.0217910671870284	0.0050956897721162	0.00101056142213361	0.00013402213505535	8.23129412686875e-06	1.03741516888222e-06	
2.57380513299431e-05	0.000339406784851935	0.00261781737020927	0.012020212181513	0.0417918346735335	0.10341582912523	0.180008813291652	0.228406406101006	0.204574071934414	0.135578862244951	0.0636027321102455	0.0212691444971648	0.00515918306984533	0.00105159171208992	0.000124318685061088	1.40381669037905e-05	
5.38910236938454e-07	3.92646630444376e-05	0.000377228745384465	0.00240269760950029	0.0115034937129637	0.0418238130320991	0.10244151430341	0.182100143634735	0.230271923495764	0.203877371581859	0.135106328926457	0.0623441170562884	0.0210029655051473	0.00566162253982635	0.000926639311470767	0.000116522497793036	3.81447402082999e-06	
5.75037285799968e-05	0.000375385475551619	0.00232362482333445	0.0117415217084465	0.0416226897691291	0.101750025965588	0.181675575333862	0.227928876403107	0.207159452972239	0.134676478955535	0.0635696372866331	0.0205301084071344	0.00548168818892032	0.000995871410943559	9.81103104343963e-05	1.34492605607397e-05	
4.15541204289027e-05	0.000420343941826036	0.00223971279930222	0.0114058668537824	0.0414157347671406	0.100820962414144	0.182336080939107	0.229576642611829	0.206492572804448	0.13417314308167	0.0627444666491474	0.0215698126011905	0.00559654234971269	0.00102238170911738	0.000130676223941745	1.3506133212771e-05	
2.7873599168871e-05	0.000328500071965482	0.00215517458704889	0.0109807611158098	0.0402125785040551	0.101159274501894	0.179887083100199	0.231255706230786	0.208097627613018	0.135450330809287	0.0627367911408441	0.0212882533846465	0.00523763163447962	0.00103098703902008	0.000144309110198077	7.1175575809568e-06	
1.57580563545331e-05	0.000380776365471645	0.00238399516862521	0.0113896698636037	0.0401069538449297	0.10189459472166	0.180578402687259	0.229271157438213	0.208951357622388	0.134053257064452	0.0639326821870747	0.0206823692944703	0.00524018691151438	0.000971045145917337	0.000143013376803541	4.78025126241823e-06	
3.9250166164616e-06	0.000243417981463544	0.00232707456376662	0.0120566216704101	0.0411493971793776	0.103641503209392	0.180509765089848	0.229048495630678	0.206991274746644	0.133828722317544	0.0636723392781016	0.020842591434894	0.00476594933431216	0.00076477567902369	0.000148288634172885	5.85823375591284e-06	
2.84026031149374e-05	0.000238539912541966	0.0023657396574438	0.0119583937189317	0.0418042434361689	0.103846830945365	0.18059616887733	0.228381622946894	0.207198365802319	0.132824030887869	0.0633951303774718	0.0216205061994995	0.00488907390623316	0.000712070461077119	0.000128352915760472	1.25273519794982e-05	
3.05173512431043e-05	0.000301737062551979	0.00239150928669149	0.0121840755331683	0.0421808297643496	0.104356014531154	0.181981218125094	0.227870195230166	0.206541332634309	0.132886033282855	0.062422014065557	0.0209520684389947	0.00497560225355678	0.000789922485005868	0.000127978422447394	8.95153285570871e-06	
2.7373536618452e-06	2.17986822095722e-05	0.000201621119257678	0.00205160484160082	0.0124224781234326	0.0431221247719682	0.106501968553698	0.183486485071571	0.228385252517162	0.204095545092948	0.133545629019127	0.0605797479710138	0.0198626971778226	0.00471842157311092	0.000879925672836314	0.000121069480403623	8.92978176272674e-07	
5.22855070104282e-06	2.89452566809731e-05	0.000320614728987946	0.00211080356357604	0.0127318388529219	0.043415643018919	0.106214452077208	0.185822114683065	0.228104291566809	0.204035658113452	0.132084793908057	0.0593300379409572	0.0201267328745075	0.00481255047590561	0.000777682082751427	6.88077272257235e-05	9.8045782745955e-06	
7.97087987597008e-06	1.87866989262568e-05	0.000293348580187233	0.00256364370921116	0.0131179640308953	0.0444722070106355	0.105587703789074	0.187946369799116	0.230718540479541	0.20506389746011	0.128261321904691	0.0572896932794482	0.0188305598080242	0.00487423092056483	0.000826976682886944	0.000115388376155939	1.1396590656878e-05	
1.14009914994411e-05	5.37135998321883e-05	0.000282997379027421	0.00250658941680569	0.0139050360520728	0.046474903346907	0.108763762328552	0.18782706806436	0.229740378725329	0.202271903739257	0.126700380687928	0.0562569710191886	0.0190885171962071	0.00503910251666369	0.000913589272698517	0.000159138839679699	4.54682399084853e-06	
