# <P(U)> as a function of N_tot.
# number_of_species: 1
# species_total_upper_bound: 496
# species_total_lower_bound: 473
# volume: 729
# Bin widths for each
10	10	10	10	10	10	10	10	10	10	10	10	10	10	10	10	10	10	10	10	10	10	10	10	
# Bin lower bound for each
-2530	-2530	-2550	-2570	-2570	-2580	-2590	-2600	-2600	-2610	-2630	-2630	-2640	-2650	-2660	-2670	-2680	-2690	-2700	-2710	-2730	-2740	-2750	-2760	
# Bin upper bound for each
-2360	-2370	-2380	-2400	-2400	-2420	-2420	-2430	-2430	-2440	-2460	-2480	-2490	-2500	-2510	-2520	-2530	-2540	-2550	-2560	-2570	-2580	-2590	-2600	
# Normalized histogram for each
1.26677390256696e-05	0.000150151831522962	0.000754544675620813	0.00406955874532326	0.0168675809200207	0.0513148854043865	0.116261051055842	0.18973315492335	0.226479654040875	0.19637448674641	0.121208004052746	0.0545694263526467	0.0171939073758397	0.00410708612913136	0.000772964710163982	0.000100474838248675	2.88249220233518e-05	1.57553682372686e-06	
0.000124675227075462	0.00070680818788293	0.003777065688829	0.0162484762879907	0.049174032137228	0.11443916501454	0.188114395893832	0.226016946878224	0.197594620301254	0.123906254652992	0.0565225781109474	0.0182447510153229	0.00422720998319779	0.000749060112709768	0.000134815268721296	1.83046140383864e-05	8.40625214162408e-07	
3.0447312704957e-07	8.09163582817599e-05	0.00077241682610472	0.00372132305416658	0.0143445794402463	0.0481156467889566	0.111314020868861	0.186095077655399	0.228457431732847	0.199320508372271	0.125994822633957	0.0575180289300076	0.019213136238989	0.00417936612705594	0.000743722858648634	0.000116865185420302	1.13389992142599e-05	4.93456447287234e-07	
2.93466653557092e-07	1.71887611369154e-06	5.73308069627605e-05	0.000593704002049823	0.00376809086976924	0.0145835947675776	0.0460163783110493	0.10892724407216	0.183989211914272	0.227932919098863	0.201441306967996	0.128633204949009	0.0589846592507853	0.0195972524436104	0.00452436491693778	0.000817912525367441	0.000120866337457871	9.94642336520287e-06	
8.56222542033102e-06	5.25213015635803e-05	0.000560936347278808	0.00356120121808978	0.0138952491233724	0.0451727005079938	0.106793372858588	0.180622093595761	0.227758998103778	0.203381194383054	0.132170355637773	0.0606090975488128	0.0198719141629003	0.00464214794956818	0.00073724657576806	0.00015924896750409	2.64344228844168e-06	5.16050486588217e-07	
1.22063893776969e-05	0.000111204416330604	0.000572532275561303	0.00316522199313144	0.0138367526113281	0.0448860189983822	0.105600368262558	0.181241984755966	0.22718167822638	0.204310629585887	0.131776054803826	0.0613930350363256	0.0201708690371538	0.00472431464464617	0.000884100364427016	0.000123126691472786	9.90190724518344e-06	
7.15489876371463e-06	0.000120347715435029	0.000617597373403998	0.00304757591450328	0.0133547607974561	0.0440172006295257	0.105173534482581	0.17937079356626	0.224769679962643	0.205600842107348	0.134023266487366	0.0624815601978567	0.0210267300800743	0.00527620569922987	0.00101265526670359	8.73024098046771e-05	1.02845083849565e-05	2.50790265944637e-06	
1.1884922273292e-06	7.72519947763979e-05	0.000656952225694127	0.00294814436974788	0.0128449926051067	0.0440378020041576	0.104326352561213	0.178503560181055	0.224513628224759	0.207056023661976	0.135128211123254	0.0627232452493363	0.0209290010414663	0.00514628703826906	0.000969599304894018	0.000109036273634706	1.55135047372617e-05	1.32101436949157e-05	
3.54884385988892e-05	0.00047177207380619	0.00336019368894264	0.0133334505108225	0.0440412465739333	0.10478917840609	0.178125073094085	0.224192921101879	0.206309785724306	0.135629186710049	0.0627168488411752	0.0207650417008532	0.0052682628999034	0.000800396272201394	0.000140612986939637	7.40564524480953e-06	1.31039069324706e-05	3.14242372481309e-08	
5.45276172713093e-05	0.000416749016883694	0.0029520908918929	0.0131875120341516	0.0433263971501175	0.104716125325943	0.179865068630102	0.225076936180825	0.205212904667043	0.134604796773179	0.0627475957973044	0.0216490338699048	0.00521709222171181	0.000830306426807943	0.000110333956549172	1.84842904687108e-05	8.45204057989981e-06	5.59310926443554e-06	
1.05217897911035e-06	8.66912954945428e-05	0.000349478153267446	0.00281230936347896	0.0127044009820255	0.0416605624812658	0.104441204145808	0.178989683715205	0.226371747913349	0.205773446348909	0.134796020972692	0.0641948836827486	0.0218633611081764	0.00496269499429564	0.00086659317505962	0.000116812497641623	7.7985030216414e-06	1.25848858285748e-06	
3.03213642452794e-05	0.000335733100176559	0.00259409953441812	0.0119131736230796	0.0422303060248397	0.104302719708251	0.180860959730547	0.229015137951371	0.204070947185288	0.134362438929337	0.0634232961979135	0.0209315711211069	0.00494047187951794	0.00087461523221055	0.000100927413642993	1.32810040545889e-05	
2.30367520336265e-05	0.000384854675263895	0.00238307847632961	0.011532722930203	0.0422206583462602	0.102794306965048	0.18320188429195	0.230416881887386	0.203580781271023	0.133916550509427	0.0622523293873229	0.0208271333564082	0.00554519945538504	0.000833080841272776	8.6571623998708e-05	9.29230689299649e-07	
5.16424796718037e-05	0.000376822530136205	0.0022620117005508	0.0119887635713847	0.0421846038381991	0.101963836046045	0.182655296857933	0.228066504545503	0.207816193395755	0.133759120584936	0.0622447873848137	0.0201566539329277	0.00542513135318023	0.000954761289365965	8.74519945828715e-05	6.41849501525662e-06	
4.09672259240931e-05	0.000381458308865382	0.00231667881417011	0.011693237127291	0.0420663994965703	0.100902623509596	0.181853454807893	0.229363966056582	0.207124645375224	0.13378492414025	0.0623862962278121	0.0213691462681519	0.00555158328964259	0.00102120861581169	0.000138993400551408	4.41733566485874e-06	
3.39212597549153e-05	0.000334398960385747	0.0022572366029832	0.0112915816783445	0.0407135481193289	0.101090793787551	0.179099140223847	0.23084961937832	0.208198746929164	0.135770976298913	0.0627526781039849	0.021220226640612	0.00518370219872269	0.0010335258743723	0.000165213469977268	4.69047373918193e-06	
1.92450505678299e-05	0.000407853729995505	0.00243453474444995	0.0116472398003869	0.0406351305052559	0.101653965121065	0.18021078666546	0.229084324898119	0.209230837806083	0.134363289382889	0.0636070020151381	0.0203057918701757	0.00524745647568963	0.000986721089225206	0.000159982804613892	5.8380408853981e-06	
4.79436625776958e-06	0.000261584303134469	0.00235254134328206	0.012319998125597	0.041322029423956	0.103867103111423	0.180324793882119	0.229064832385071	0.206783623442582	0.133510363007332	0.064052958099447	0.0204244909395065	0.00479152439461466	0.000762580243277389	0.000149933837745643	6.84909465395655e-06	
3.47224629942658e-05	0.000268855466788687	0.00245032882428899	0.0122939470571579	0.0426353379030078	0.103545533776268	0.181093974843335	0.227924114523853	0.207148480144967	0.132558454471476	0.0631481175952681	0.0211646593150921	0.00487355668927788	0.000713364539578499	0.000131237575051296	1.53148115954029e-05	
3.72868548301388e-05	0.000357978384356586	0.0024496470263083	0.0125944877678122	0.04297631069132	0.104690602362842	0.182182558858084	0.229327920878216	0.205345601626833	0.131580446302249	0.0621536539161735	0.0205243705388009	0.00483037328002477	0.000810285035628967	0.000127539272192955	1.09372043280934e-05	
3.32686471147436e-06	2.649320312918e-05	0.000229624665253256	0.00206637855815408	0.0127547733028235	0.0438465148936785	0.106592988784764	0.183806901874987	0.22863713414948	0.204296331345582	0.132625238579561	0.0597117241298867	0.0196328530933122	0.0047042171306654	0.000945083150064166	0.000119838129774602	5.78144172420849e-07	
6.34285186676423e-06	3.26783728175693e-05	0.000295790016813936	0.00218129153413574	0.0130674419302778	0.0439435010013283	0.106851804330266	0.185461791786845	0.228306781884791	0.204276151816738	0.131669536646451	0.0583339907910722	0.0198043117550054	0.00488168206504746	0.000809489978080931	6.81881947084621e-05	9.22504375502189e-06	
9.68173974504145e-06	2.18273646839108e-05	0.000235071005235204	0.0023658102948055	0.0134078191386403	0.0451748545201032	0.106774632275614	0.188477668494757	0.230978389692356	0.204896917637706	0.126996515054201	0.0562321067366516	0.0184774827321264	0.00490510468859052	0.000907721886740228	0.000124553997163506	1.38427408815059e-05	
1.38565630657291e-05	6.52825575388369e-05	0.000275058962820377	0.00233867648522381	0.0140349560052576	0.04772255993528	0.109997253534349	0.187067374826392	0.229206574951547	0.203710993787857	0.125453290809493	0.0550796113675326	0.0188517612614396	0.0049856099489463	0.00100221922548844	0.000189393648450479	5.52612931788006e-06	
