# <P(U)> as a function of N_tot.
# number_of_species: 1
# species_total_upper_bound: 496
# species_total_lower_bound: 473
# volume: 729
# Bin widths for each
10	10	10	10	10	10	10	10	10	10	10	10	10	10	10	10	10	10	10	10	10	10	10	10	
# Bin lower bound for each
-2510	-2520	-2540	-2540	-2550	-2550	-2570	-2580	-2590	-2600	-2610	-2620	-2620	-2630	-2640	-2660	-2660	-2670	-2680	-2690	-2700	-2710	-2720	-2730	
# Bin upper bound for each
-2380	-2390	-2390	-2410	-2420	-2430	-2450	-2460	-2470	-2480	-2480	-2500	-2500	-2520	-2530	-2540	-2550	-2560	-2570	-2570	-2590	-2600	-2610	-2620	
# Normalized histogram for each
0.00197993313768857	0.00551093302945087	0.0188374453450639	0.0569034213326308	0.125613432095135	0.178330300635335	0.208351968598812	0.191066611118259	0.104197682896196	0.0725039465918397	0.024796645856436	0.00851657160128497	0.00330431337470873	8.67943871601489e-05	
0.00102485267742762	0.00513586358968772	0.0158302416271755	0.0475638565932525	0.122469390595968	0.184173894097212	0.217696462039094	0.18966583346951	0.113343561685842	0.066381906911905	0.0269028871391076	0.00649863521095221	0.00235534547420619	0.000957268888660247	
2.98287469920537e-05	0.00129652191667185	0.00508528707340392	0.0146325432658261	0.0467761038822114	0.113695869181401	0.185934922931261	0.219869236944652	0.185078632177092	0.115041248528491	0.0712680766063937	0.0285995969004846	0.00829033450882597	0.00344059167891102	0.000946291283885842	1.49143734960269e-05	
0.000199785563495182	0.00326726236915967	0.015150405231718	0.0408858594339511	0.112854766653023	0.198948513211205	0.229431692035164	0.18515716208193	0.121529046003443	0.0623008227579321	0.0210748155953635	0.00546080540220164	0.00256801289692653	0.00117105076448714	
8.88366679692519e-05	0.00171592254500132	0.0113663343928516	0.0405158660702624	0.102305470170709	0.178725098632497	0.229322868937889	0.200368460656196	0.12719771605157	0.073358993734371	0.0260101072861403	0.00635552328763357	0.00163607530176706	0.00103272626514255	
0.00109103558512779	0.00901454899234458	0.0459840449298652	0.089213994942159	0.178192717981185	0.23974913754672	0.197619310875469	0.128944149176523	0.0736032497815152	0.0272662969969511	0.00746609635949547	0.00184632907672944	9.08775591499313e-06	
4.70374261120431e-06	0.000800681520040557	0.00873171420059894	0.0439292975221729	0.0998907686438065	0.164526463778569	0.2329836884659	0.20789549329194	0.130404469600757	0.0696300245117254	0.0317121100466716	0.00727094080078605	0.00221964387442053	
0.000172099790594432	0.00138676751994233	0.00876712012512914	0.0420936149403606	0.0970653312842265	0.170157371616442	0.221516041746792	0.211213665562884	0.137522424130489	0.0768472787507654	0.0213965163434461	0.0109918247352523	0.000869943453675511	
0.000216023369800915	0.00351910797622652	0.0143704637138018	0.0382912333243324	0.099957722699092	0.178230190356957	0.221367220635687	0.202233878028623	0.133829205159467	0.0719499654962673	0.0262206547799262	0.00880731642786811	0.00100701803195073	
1.2579324949669e-05	0.00345056352641139	0.015027370970309	0.0390620855317527	0.101598832201103	0.194437531892691	0.210327953939981	0.21093941851797	0.13091139396969	0.060295986046794	0.0291359042921204	0.00429611293389784	0.000504266852330211	
1.94436558961775e-05	0.00184881390921368	0.0143177526689195	0.0416733099157645	0.104655755627688	0.191184468629883	0.234395493960523	0.19987133855127	0.121841169774781	0.0591659338260171	0.0255345199889116	0.00462425690513662	0.000779968367949522	8.77742180456015e-05	
0.000164121168931431	0.00170599636126093	0.0113778080106247	0.040147601077585	0.105232442004222	0.182692774889461	0.230926582770517	0.207616517931857	0.134689492466083	0.0575282488163301	0.0219900771477468	0.0050121741196033	0.000916163235778415	
0.00141123059807703	0.00925617407142276	0.0362174224285255	0.10288695318561	0.190423713869375	0.228719267019316	0.201828455304454	0.142028745143743	0.065049487985557	0.0163487942595635	0.00520781556989488	0.000606954044836669	1.49865196255968e-05	
0.000944958731075054	0.0104038729072232	0.0361838197539082	0.0922014642196899	0.189189083051318	0.225686580015178	0.218797953587554	0.134823275536221	0.0691425076308486	0.0151998452722119	0.00661814733109292	0.000808491963678241	
0.0014926147574889	0.00907740599266883	0.0401221441861976	0.10253894837095	0.173342618127753	0.232485174475415	0.218545374664247	0.134936641461618	0.060946496210514	0.0199349902747274	0.00529883088209265	0.00127876059632821	
7.59155894560838e-05	0.00343470595045369	0.00903680197987857	0.0356195945727945	0.0974319653976743	0.162378226649788	0.243320851545167	0.217776679110497	0.138675481731862	0.065891410340842	0.0191976291561413	0.00650501707151818	0.000655720903926924	
0.00183333839780405	0.0109749491985355	0.0403551496261697	0.0987031578663047	0.175943571184995	0.220781500887247	0.214198653622519	0.140820743300308	0.0651546568772859	0.0228156817235793	0.00817453805997973	0.000244059255271993	
0.00125952035940454	0.00990568639346975	0.0411951404174668	0.110175941757211	0.178705481821692	0.226386750968958	0.191748436881083	0.144435697775282	0.0683961672875688	0.0228784452544863	0.00459133277510642	0.000321398308271619	
0.000218731456723954	0.00815366959208512	0.0354868372698568	0.10841587185973	0.202301253270641	0.231492260928446	0.196323328067984	0.126064249748349	0.0592822853415213	0.0250802887695997	0.00654100718948811	0.000640216505574897	
0.000376163421633778	0.0118699863801057	0.0378653367009934	0.0960664740610208	0.191378483986606	0.249685417308967	0.196201818087583	0.133886927626478	0.0546259818853802	0.0221744062468776	0.0047613526280946	0.00105689097726081	5.07606889988763e-05	
0.000561524559377435	0.0159938555478071	0.042541040022259	0.100382614351295	0.203848059129748	0.231033018351047	0.204498458079818	0.12336219899481	0.0507917142809532	0.019917962877773	0.00640148097052854	0.000668072834583045	
0.00123593361362004	0.0159023458285779	0.0435644006466192	0.101279045104401	0.185283725173017	0.235864507654549	0.207554451513926	0.121694010479654	0.0631293626463119	0.0163031604284357	0.0074198543565198	0.000769202554369118	
0.000902439900984317	0.0142857303305165	0.0513705630506175	0.114178583141277	0.186865147288075	0.219048052257279	0.199504921582634	0.119009191746297	0.0639423876077649	0.0239447012682453	0.00669276835092165	0.000255513475387594	
0.00083070731022433	0.0160395411479621	0.0439806870300459	0.120917314072364	0.19343650224122	0.21475018980167	0.211714663089035	0.121597870061257	0.0496909872806881	0.0186493141139642	0.00831942321092426	7.28006406456377e-05	
