# <P(U)> as a function of N_tot.
# number_of_species: 1
# species_total_upper_bound: 496
# species_total_lower_bound: 473
# volume: 729
# Bin widths for each
10	10	10	10	10	10	10	10	10	10	10	10	10	10	10	10	10	10	10	10	10	10	10	10	
# Bin lower bound for each
-2520	-2530	-2540	-2560	-2570	-2580	-2590	-2590	-2600	-2610	-2630	-2630	-2640	-2650	-2660	-2660	-2670	-2680	-2700	-2710	-2720	-2720	-2730	-2750	
# Bin upper bound for each
-2360	-2370	-2380	-2410	-2410	-2420	-2420	-2430	-2430	-2440	-2460	-2480	-2500	-2510	-2520	-2520	-2540	-2550	-2560	-2570	-2580	-2590	-2600	-2610	
# Normalized histogram for each
0.000149478256330389	0.000843518896978836	0.00377235036619947	0.016277696096718	0.048490353087379	0.111944522159864	0.187592243647851	0.226071189418409	0.20375670875963	0.122539929782691	0.056744491203136	0.017234928286239	0.0038300046750447	0.000530315759738542	0.000115605422369197	0.000101136194280626	5.5279871415309e-06	
0.000117026273340635	0.00074664757787208	0.00382742796537722	0.0144336222136929	0.0476690838424333	0.109820344531704	0.185947099320719	0.229018384579965	0.199999822631477	0.127459015954262	0.0577585814124661	0.0183470000091271	0.00416043736712834	0.000447375147248207	0.000193479497067119	5.16955340712184e-05	2.9561420483899e-06	
0.000134246621505912	0.000908303023221435	0.00359481396160459	0.0126725213171117	0.0465619190607773	0.107667956307919	0.180438986085229	0.229379203168294	0.202840955123781	0.130648283432833	0.0597746572994315	0.0202765994335945	0.00417368598088999	0.000763190391333857	0.000156162189741906	6.79125648854082e-06	1.72534624303469e-06	
2.57766476313489e-06	4.86810402409189e-05	0.000634105531731182	0.00373783484923957	0.0128126877667676	0.04246643779213	0.107869599474716	0.181071706840861	0.226719351188523	0.203760680323797	0.133588249648894	0.061257024734866	0.0204469206719619	0.00458953211076167	0.000798597367401518	0.000196012993345243	
9.69834806038591e-06	5.83381547449168e-05	0.000485139502593198	0.00345072406311922	0.0119432195036	0.0422947550075125	0.103135601784348	0.177424466711161	0.228129281200641	0.2087995481014	0.135020808879245	0.0620772010715564	0.0214983873720105	0.00454737772585583	0.000892025921981602	0.00022916974367118	4.25690849978771e-06	
3.836604918785e-05	0.000154089530247271	0.000470545063481282	0.00328741497211711	0.0125364284349587	0.0427910561419263	0.100106034490306	0.177586142080037	0.232236427265217	0.206515577756284	0.133988258591144	0.0623856973134275	0.0218577598773817	0.00473336993618729	0.00118596336708099	0.000112817519519785	1.40516114954542e-05	
8.617855135181e-06	0.000268994931228043	0.000597799250231872	0.00280592207219789	0.0124843258156174	0.0422575421700378	0.101063502249187	0.175774008607838	0.229256270263008	0.20825838745641	0.134191642242045	0.0645246803585971	0.0215144385165386	0.00546596669059042	0.00135598635992406	0.000142820693223213	2.03292992932475e-05	8.76516889817555e-06	
0.000144779898523048	0.000741369163628582	0.00298694979180156	0.0122984664176511	0.0421155553226266	0.0996765927153656	0.172771152041095	0.226203159899535	0.211555641448105	0.137592912263309	0.0648516042435287	0.0218201650228798	0.0059598874516445	0.0010337313870664	0.000175970540311448	2.63500871117866e-05	4.57123058182375e-05	
2.49273470942419e-05	0.000712943834309335	0.00375599766804487	0.0131102650525902	0.0399785805710106	0.100646388902938	0.174091181124275	0.224646807711313	0.20829005417664	0.138667865205352	0.0662476267465152	0.022978672538088	0.0055974375989632	0.000969706363087034	0.000217472109409998	1.87045550765212e-05	4.5259958221911e-05	1.08537070076525e-07	
7.4055852959483e-05	0.000426463206448861	0.00303291260227272	0.01333821550795	0.0416264255487838	0.102315636810677	0.174711442512324	0.224514795198451	0.206977489694451	0.137730975104146	0.0649900445010592	0.0235943706575301	0.00543707166340915	0.000967264428155831	0.00015757537548956	5.77319024734022e-05	2.86020942784131e-05	1.89273391411885e-05	
3.51943556534557e-06	0.000184287307397163	0.000452799538470881	0.00277262514008734	0.0125929199997792	0.0402774212336519	0.101796637351839	0.171482600186599	0.224484299176866	0.208568479935077	0.138411809845586	0.0676522811463147	0.0248499754329596	0.00549597818225984	0.000809539188569977	0.000134532149698847	2.60852283078554e-05	4.20952097031529e-06	
9.14974119451007e-05	0.000437934565374557	0.00306130787873956	0.0123125292728035	0.04008378381523	0.101163263258984	0.175865736601326	0.227029657347356	0.209566216208866	0.136469181654445	0.0655095307738705	0.0220780707691518	0.00535531804782664	0.000925473258142977	2.77452648712382e-05	2.27538710668591e-05	
4.88220625797474e-05	0.000408574464385598	0.00259536153857903	0.0120742546334672	0.0410156354379355	0.101520617615641	0.179512242080474	0.227102133720664	0.205146617722319	0.136306475119143	0.0642984150655231	0.0227566667371185	0.00625260293826757	0.000844007958961608	0.000117572904941341	
1.17765972651934e-05	0.000392085373483314	0.00236938974802703	0.0120838500572141	0.0419081853341995	0.100920508824317	0.179101435358377	0.227386716580268	0.207075954773074	0.135646441901407	0.065078777390645	0.0210160225056251	0.00620274062643624	0.000739426524217768	6.66884054435951e-05	
3.38969285716312e-06	0.000318319830249716	0.00242691631962092	0.0112164590756501	0.0418453432572472	0.101607842006001	0.176303563459581	0.223969631949225	0.210884760335225	0.136343684971077	0.0658811364768515	0.0221525421278292	0.00595714307554581	0.000948941056492552	0.000140326366546028	
0.000275376662354618	0.00264754393075801	0.0115253889154649	0.0395623890177806	0.100859127046213	0.173096941969025	0.228870169741072	0.210719659266904	0.14082788327197	0.0636310558315892	0.0211521998161528	0.00549532374217419	0.00108033187946037	0.000246073850550985	1.05350585294014e-05	
0.000251780422436157	0.00255351455357603	0.0109040638354646	0.0401257879830118	0.10081335403582	0.177386974721746	0.227861769105704	0.209208737688195	0.136347774238116	0.0658166750616655	0.0215352757202516	0.0059939804972227	0.00107297890837383	0.000127333228416131	
0.000184616345485808	0.00239154321210972	0.0120990101259817	0.0414585506853599	0.104125919152052	0.178264978582482	0.2254259681484	0.205638630006607	0.135325454185138	0.0667027186107427	0.0228211873065092	0.0046980451021531	0.000795624303332079	6.77542336462924e-05	
2.89151941103521e-05	0.000163363862377086	0.0023314097512092	0.0123842239818429	0.0433202339588421	0.103874342668238	0.18290735571807	0.226487791502174	0.202708326989219	0.130790966055238	0.0664627260798009	0.0227079260877351	0.00507451180117074	0.000750468021052496	7.43832891969203e-06	
4.89371052982142e-07	7.05393417798544e-05	0.00178145045315585	0.0123205454501792	0.0430296975872154	0.103230831187296	0.184349151704991	0.22959632935357	0.203628868124254	0.129237092550098	0.0648216702171119	0.0218492290430954	0.00517275689524688	0.000839271355864373	7.20773650892268e-05	
1.97347107838319e-06	0.000156181193589238	0.00181521254681671	0.0128610071509244	0.0440676438025962	0.107119837023141	0.18488460335603	0.225225018115253	0.2010918903876	0.130669821358282	0.0625831649275828	0.0222474241788084	0.00605464389077925	0.00115046439409816	7.11142034210363e-05	
0.000255445532523913	0.00214969323449487	0.0137191053851688	0.0436778185409783	0.108443051147257	0.188216906515718	0.225887380737261	0.199563680422294	0.127682147714382	0.060889077516332	0.0230873047076723	0.00560202676137384	0.00077758481074621	4.87769737966972e-05	
7.86313093377704e-05	0.00260545255892674	0.0140153091860065	0.0446624118696986	0.108632624900061	0.191069579635921	0.231467033411158	0.201464721210768	0.122167623255952	0.0571831075753293	0.0200223219440739	0.00567018344739455	0.000849822997073596	0.000111176698298814	
1.81167871352798e-05	0.00044274402564567	0.00330767155179357	0.0156774150321824	0.0500752465455808	0.11393293344164	0.188771215333554	0.232943723861937	0.195913801633144	0.12061122120793	0.0524892482712477	0.0190170230075977	0.00575171895479683	0.000862317814993089	0.000185602530822344	
