# <P(U)> as a function of N_tot.
# number_of_species: 1
# species_total_upper_bound: 496
# species_total_lower_bound: 473
# volume: 729
# Bin widths for each
10	10	10	10	10	10	10	10	10	10	10	10	10	10	10	10	10	10	10	10	10	10	10	10	
# Bin lower bound for each
-2530	-2540	-2550	-2570	-2570	-2580	-2590	-2600	-2600	-2610	-2630	-2630	-2650	-2650	-2660	-2670	-2680	-2690	-2700	-2710	-2730	-2740	-2750	-2760	
# Bin upper bound for each
-2360	-2370	-2380	-2400	-2400	-2420	-2420	-2430	-2430	-2440	-2460	-2480	-2490	-2500	-2510	-2520	-2530	-2540	-2550	-2560	-2570	-2580	-2590	-2600	
# Normalized histogram for each
2.08155345340199e-05	0.00016998861109768	0.000773658796304858	0.00413293176312489	0.0169029915485879	0.0513326730166809	0.11694022625866	0.190156797270482	0.225569031019743	0.195691406777501	0.121223531805305	0.0550575022006154	0.0172111992457356	0.00397500927275473	0.000720424173943386	9.35173565684433e-05	2.68289111771813e-05	1.46643718466618e-06	
1.53262814702988e-05	0.000138102804314371	0.000729010667307078	0.00380830219679114	0.0161509175708765	0.0491425429659635	0.114878235676817	0.188345905350637	0.225596036347797	0.196965975283471	0.123910599208311	0.0570060207932355	0.0182719203920664	0.00416085557386733	0.000731739469177029	0.000130689070201744	1.7037895546433e-05	7.82452149089919e-07	
1.65037084956023e-06	9.96570089926754e-05	0.000791426063674022	0.00378095078880256	0.0143275041030514	0.0478046029663297	0.111083874024283	0.186215122207471	0.228100001184556	0.199604493020381	0.126384305922428	0.0577437319183685	0.0191077202619848	0.00412247013407369	0.000712784427866279	0.000108699869387307	1.05467486244086e-05	4.58978875321484e-07	
2.72846544759545e-07	1.59810119073448e-06	6.77536437754685e-05	0.00061088392467771	0.00385297324826355	0.0146209498378741	0.045984621179906	0.10849944563916	0.183803045643709	0.228045444190131	0.20185906526847	0.128683288276787	0.059099536046863	0.019533386219439	0.00444305262390334	0.000773061961978893	0.00011237379836311	9.24754896345744e-06	
7.9594820266721e-06	5.62548385304525e-05	0.000555411285184668	0.00355522551498607	0.0138528372053407	0.0451412379735825	0.106535777406672	0.180490007447941	0.227754371167878	0.203643288910841	0.132407266037855	0.0606493733131687	0.0198843035930502	0.00461105619046757	0.000703841429103949	0.000148851125133484	2.45735545964907e-06	4.79722778975317e-07	
1.13439988436945e-05	0.000103347741189796	0.000543025489476436	0.00311766337876507	0.0138362851689635	0.0448915675069147	0.105628129440112	0.18071713826897	0.227312975353891	0.204851290443434	0.131884499315497	0.0613994719759711	0.0200837480493945	0.00465558690476156	0.000838839817944465	0.000115884815773948	9.20233009647973e-06	
6.63451989360302e-06	0.000111594774233932	0.000587648446894069	0.00297231376741437	0.0133488494462501	0.044110577728716	0.105577538278884	0.179029461000856	0.224817184778375	0.205251008510535	0.134099886478381	0.0627319162871718	0.0210800290965224	0.00520387703754753	0.000978664966926772	8.09528679212091e-05	9.53651165855161e-06	2.32550181837631e-06	
1.10189265763481e-06	7.31637222144602e-05	0.000634875444784334	0.00291466209964339	0.0127291712448844	0.0440360966772924	0.104778475500109	0.178154112150284	0.22464262208171	0.206922647447474	0.13493583435273	0.0629792696741276	0.0209528399303744	0.00518178186457088	0.000935419104969844	0.000101296114402747	1.43831121239942e-05	1.22475856459232e-05	
3.74908483584925e-05	0.000463531171029857	0.00325098935830631	0.0130994638137816	0.0438251780351037	0.105259747263263	0.177939412552825	0.224049548900798	0.20662315893902	0.135262411194161	0.0630538705280581	0.0208377557577596	0.00535659246379306	0.000789680161741898	0.000132102737719615	6.87397038108251e-06	1.21631357096665e-05	2.91681911502794e-08	
5.32188175917895e-05	0.000417423655837665	0.00290152424495417	0.0129284236490817	0.0432613859959202	0.104883909780091	0.179886051013485	0.225172961398113	0.20470556506053	0.134585763642471	0.0628010960377896	0.0219910042465089	0.00540710704059224	0.000870564250826937	0.000103845121251636	1.71356497063024e-05	7.83536738539024e-06	5.18502786388677e-06	
9.75856599747842e-07	8.04029300419693e-05	0.000339942516688631	0.0027466058033197	0.0124879221003143	0.0415110932795109	0.104561427369758	0.178941265238647	0.225869520280568	0.206009212048033	0.135080318834164	0.0643451522897892	0.0218426365410422	0.00509329217795254	0.000963428778933407	0.000117208031406969	8.42872219978284e-06	1.16720103107095e-06	
2.8839660170922e-05	0.00033595389775687	0.00250657001421376	0.0116516043122304	0.0418749957665897	0.104116811403982	0.180714576754852	0.228923059545455	0.204437100491285	0.134549855644288	0.0636898852166261	0.0209859901071284	0.00504284783582821	0.00101335677903258	0.000116217247833997	1.23353227261006e-05	
6.07261511704662e-07	4.42446942043569e-05	0.000379775656343423	0.00232832603202576	0.0114106430626141	0.0418041291657381	0.102853798906565	0.183328597326106	0.230508973958805	0.203529179978345	0.134237330019912	0.0622309451964703	0.0208250846977993	0.00551217916097106	0.000907210744642283	9.79778495290991e-05	9.96288417640461e-07	
6.49976844103111e-05	0.000369726230092973	0.00223993834807328	0.0117923615378052	0.0417536141232042	0.101854258998749	0.182226773863525	0.228261591447165	0.207759540198378	0.134392054519997	0.0626918896685822	0.0201084415780373	0.00539161831457343	0.000987081559241605	0.000100148145273901	5.96378289014468e-06	
4.70152818472116e-05	0.000422003499675826	0.00231967257934001	0.0115266256093629	0.0418912020449559	0.100642925237726	0.181481170951364	0.229821385967415	0.207258596278858	0.134107259369314	0.062325092519932	0.0213953837022522	0.00556990752817009	0.00105349197477017	0.000134166021383892	4.10143363250047e-06	
3.14084997748614e-05	0.000331808704883294	0.00221751611073099	0.0112101449777386	0.0404656182271859	0.100829789756064	0.179051807897481	0.231203773376299	0.208674689319332	0.135878178280024	0.0625057845570973	0.0211676182491766	0.00521594921147702	0.00105256012392264	0.000159009687816333	4.34302099761321e-06	
1.78141923423471e-05	0.000409489406945533	0.00241262375673007	0.0115066978424197	0.0405481450685433	0.101661424199834	0.179995026057546	0.229217279656596	0.209343059420959	0.134492791073237	0.0635660725170547	0.0204371544020614	0.00522736095359229	0.0010021739382291	0.000157483527939717	5.40398596867368e-06	
4.43358301684735e-06	0.000259898716166704	0.00232494635553615	0.0122167899959007	0.0413025031234545	0.103581913461829	0.1805692958816	0.228848897402881	0.207185389829546	0.133766285476841	0.0637982953790267	0.0205125437502002	0.0047323346673408	0.000740767588023828	0.000149371098612377	6.33369002406764e-06	
3.20690841400208e-05	0.000262492795943148	0.00243050499201006	0.0121123083390239	0.0423222098264922	0.103441886219969	0.18064162667734	0.228413430236853	0.207573091956048	0.132770858966298	0.0632097090824374	0.0211764147034884	0.00478736951399933	0.000689869001154515	0.000122014101813686	1.41445029899708e-05	
3.44249291476149e-05	0.000331759499824405	0.00243160453942376	0.0123873867059603	0.0428698341711169	0.104463473344307	0.181952069531058	0.228551973833348	0.206442234533969	0.132005099616914	0.062011607545294	0.0208371987709969	0.00478919689940024	0.000763248236849866	0.000118790115300916	1.00977270886165e-05	
3.07519764871888e-06	2.44890739587003e-05	0.000212254266979716	0.00206929862270242	0.0125055443797852	0.043503911702975	0.106510061226341	0.183355584607214	0.228533491400993	0.20420126189798	0.133513774930653	0.0603050571690962	0.0195917466982948	0.00467251906156106	0.000886622609897556	0.000110772744571993	5.34409347490781e-07	
5.86988161115609e-06	3.24956645993601e-05	0.00029412333186652	0.00212153487505163	0.0128340312481692	0.0434313385672391	0.105882549285263	0.184971390009191	0.228627446428126	0.204528821222021	0.132620169953829	0.0590388090462896	0.0198366685249303	0.00488777997903034	0.00081533125169487	6.31035752725724e-05	8.53715581526542e-06	
8.9562259209218e-06	2.0191702577791e-05	0.000270398580047598	0.00235387964697376	0.013083022171473	0.0445688093597044	0.105769160020066	0.187419449529359	0.230752763128101	0.205369409704891	0.128857875400493	0.0570442835341763	0.0185961892327401	0.00487152487794612	0.000886061087967521	0.000115220380564509	1.28054169978122e-05	
1.28171065648953e-05	6.03853562268727e-05	0.000278791140861718	0.00236408860358959	0.0137815461512155	0.0468113346708645	0.108781291525661	0.186556905569014	0.229293077446413	0.20358333493865	0.127215161263805	0.0561219135711225	0.0189879330374845	0.00501732502789914	0.000953796810333334	0.000175186196128814	5.11158416576181e-06	
