# <P(U)> as a function of N_tot.
# number_of_species: 1
# species_total_upper_bound: 496
# species_total_lower_bound: 473
# volume: 729
# Bin widths for each
10	10	10	10	10	10	10	10	10	10	10	10	10	10	10	10	10	10	10	10	10	10	10	10	
# Bin lower bound for each
-2520	-2530	-2540	-2560	-2570	-2580	-2580	-2590	-2600	-2610	-2620	-2620	-2630	-2640	-2650	-2660	-2670	-2680	-2700	-2710	-2720	-2720	-2730	-2750	
# Bin upper bound for each
-2380	-2390	-2390	-2410	-2420	-2430	-2440	-2450	-2460	-2470	-2480	-2490	-2500	-2510	-2520	-2530	-2540	-2550	-2560	-2570	-2580	-2590	-2600	-2610	
# Normalized histogram for each
7.02352296770548e-05	0.000914404348031944	0.00455810933044733	0.017228499885447	0.0523049758780507	0.111384921296526	0.186559804400495	0.221913182225116	0.210215014796147	0.122421426487238	0.0547244636036776	0.0142720380236629	0.00291659458018892	0.000503614272008105	1.27156432855158e-05	
0.000126192526926859	0.000749909657622768	0.00396895120424804	0.015378053791225	0.0506702242091004	0.112958538509401	0.185534789136212	0.224690926425228	0.197734179970469	0.129837921095858	0.0579983721767818	0.0163607252628684	0.00342553840886922	0.000422427974407673	0.000143249650781805	
0.000238990330758866	0.00111443779982125	0.00315414711254284	0.0130808374851494	0.0469285465433482	0.108635249655603	0.17948571531907	0.226417938636738	0.202329364092877	0.131425322575042	0.0622520662908903	0.0198583331351127	0.00419002199986659	0.000748786345570714	0.000138066627502767	2.17605010738057e-06	
5.22960076555379e-06	6.78353927874691e-05	0.000659079113624507	0.00297624050425902	0.0127805466023545	0.0428062246891992	0.109679072101477	0.182488039342735	0.223680409235684	0.205028216310931	0.134426738261395	0.0605333012385263	0.0200473009918386	0.00401693105660423	0.000634051738532214	0.000170783819286514	
1.96124637057136e-05	4.01980649235428e-05	0.00049966868410549	0.00283602213723155	0.0104875029680694	0.041116182737858	0.104348637143371	0.178192257837724	0.227127151345041	0.210500498096693	0.135343066904252	0.063600300385093	0.0211893956157311	0.00404443435708398	0.000508876062104738	0.000146195197012438	
5.21513666261905e-05	0.00022393097509962	0.000430602154111827	0.00288781683071161	0.0112036907395689	0.0389288005141039	0.0987088482195851	0.179714576537599	0.235891493018487	0.20892053217903	0.133857307016509	0.0628317582033504	0.0212383278769067	0.00435244444093958	0.000749610799037796	8.10912833417227e-06	
0.00028141977024944	0.000633494824331517	0.00217544690593304	0.0109785997083836	0.0394653685116055	0.0993365986936807	0.175415520270295	0.237207282705156	0.206442575537519	0.131922575324277	0.0680562055649784	0.0220958069130001	0.00494722140400083	0.000968300255372674	7.35836112178365e-05	
8.1842842598554e-05	0.000896709658026768	0.00265555167158626	0.0110038926177385	0.0383499384768876	0.0947620654937145	0.168748885605447	0.234648178544131	0.213663391741026	0.138178691789278	0.0670943616811069	0.0227610658683514	0.00651114350033156	0.000605028593425757	3.92519163505304e-05	
2.43200591848156e-05	0.000561237909027366	0.00398803933484338	0.0126627192108051	0.0371921260655789	0.0949654775258633	0.169658534359139	0.229133013909873	0.213938531500782	0.139332696608162	0.0681844385248953	0.0231264997369831	0.00622555984175748	0.000947056131897589	5.97492812071396e-05	
0.000131199390731396	0.000421696647398235	0.00298502395175492	0.0136441512511651	0.0392824732394952	0.0974973917444046	0.171216595193609	0.224501475243121	0.211036305425157	0.140409251364422	0.0666281434620336	0.0251536232910603	0.00602595216146789	0.00103225309818617	3.44645359924638e-05	
3.65326014611298e-05	0.000580454375501688	0.00296843728492611	0.0131017674806682	0.0395281295220897	0.0996273093615554	0.16833794239673	0.225203878062747	0.212036598839498	0.137698710479061	0.0684452451112407	0.0252631291487744	0.00605162906350746	0.0010106384678561	0.000109597804383389	
0.000378934067880204	0.00307291959687486	0.0124422888084709	0.0406062915898017	0.100804780654967	0.173783848214467	0.224613551829358	0.209414450179656	0.140804325321136	0.0661826263728333	0.0219287021650467	0.00487265575135153	0.00108119893775871	1.34265103966797e-05	
0.000246193272936345	0.00290333250273453	0.0127464746106632	0.0401774310547757	0.100707761956744	0.178085142228694	0.222761136221287	0.206051605460567	0.139385307841015	0.066321699875687	0.0237399511444746	0.00610697709550354	0.000633984096934304	0.000133002637982771	
0.000234530148003173	0.00198812053815549	0.0118908077610378	0.0414301168737117	0.0989551344401347	0.177788932202045	0.221990325092823	0.206541423546295	0.142225156841139	0.0676008377307736	0.0213994757181229	0.0070925622131431	0.000838879727180974	2.36971674344908e-05	
9.96014064470299e-05	0.00236202783837626	0.0110705011714369	0.0411481020872494	0.0979853772414111	0.175641297894507	0.224286393508243	0.206444008614004	0.142535250441159	0.0687476662696584	0.0222114027564292	0.00625934847380722	0.00106641447802575	0.000142607819245276	
0.000130197199342225	0.00246450837236743	0.0116194913085134	0.0395822402999148	0.0985625026050182	0.173304575364484	0.23045097645751	0.20462000966238	0.142855761698734	0.0680601920702314	0.021288746020499	0.00577658762164092	0.00116554423503559	0.00011866708432897	
0.000112733722307377	0.00248974987845896	0.011979523741302	0.0413087958138211	0.097699071989378	0.170060101165705	0.226594212475595	0.210166902133536	0.139583991213602	0.0675566794766052	0.0237555716542727	0.00701546793497798	0.00148795702795476	0.000189241772484417	
8.00298816608503e-05	0.00243860837247864	0.0112413196006279	0.0428138995783318	0.10191301644283	0.170693805816704	0.222109478287217	0.206670836089158	0.140586809031574	0.0709439711662124	0.0237610301976062	0.00567312543316533	0.00093783218338358	0.00013623791905035	
6.04781852337252e-05	0.000146812985893463	0.00313843799894046	0.0122681605654915	0.0466649823345996	0.103645293398448	0.177999570078988	0.221292747504234	0.201185284781037	0.132285512253516	0.0694506499104112	0.0249140176235477	0.00616928618284557	0.000767006549685203	1.17596471287799e-05	
1.03471964825445e-06	8.95771581203135e-05	0.00254297135267791	0.0136594079851533	0.0444262793661751	0.104771868337837	0.182239258963351	0.225666886051868	0.200203100685243	0.130269725544309	0.0668235991466519	0.0221970276199933	0.00606537876097496	0.000898801831601595	0.000145082476394534	
4.21212902504953e-06	0.000228267834357509	0.00242618631842853	0.0143329144112378	0.0461730627845912	0.109099240641813	0.183230051190669	0.217563188770848	0.203540050585453	0.128864693040358	0.0631064126412938	0.0222275526591873	0.00741933274112277	0.00164842038880316	0.000136413862811253	
0.000478302321065544	0.00261579772582111	0.0156631092167067	0.0464581552118366	0.114980747713761	0.183431448838164	0.217639313320521	0.196511485883192	0.125267280534159	0.0642167483095604	0.0247451619162317	0.0065814309514397	0.00131179297919291	9.92250783484963e-05	
0.00015380921568973	0.00329507252798797	0.0167116459440029	0.0500559732793109	0.116313565415876	0.186414938353861	0.221910000704196	0.199408612720983	0.116544660710679	0.0591672619525821	0.0218055080941718	0.00689158365279645	0.0012175037023694	0.000109863725492664	
4.07431079012792e-05	0.000968093353206486	0.00400983308236764	0.018989071492403	0.0549008353728725	0.122831811445535	0.187966511484647	0.220555508696257	0.186956206106936	0.11664659018456	0.0542599238652793	0.0222738009523682	0.00776399736429974	0.00141966924172901	0.000417404249637583	
