# <P(U)> as a function of N_tot.
# number_of_species: 1
# species_total_upper_bound: 496
# species_total_lower_bound: 473
# volume: 729
# Bin widths for each
10	10	10	10	10	10	10	10	10	10	10	10	10	10	10	10	10	10	10	10	10	10	10	10	
# Bin lower bound for each
-2530	-2530	-2550	-2560	-2570	-2580	-2590	-2600	-2600	-2610	-2630	-2630	-2640	-2650	-2660	-2670	-2680	-2690	-2700	-2710	-2720	-2730	-2740	-2750	
# Bin upper bound for each
-2360	-2370	-2380	-2410	-2410	-2420	-2420	-2430	-2430	-2440	-2460	-2480	-2500	-2510	-2520	-2520	-2530	-2540	-2550	-2560	-2570	-2590	-2600	-2610	
# Normalized histogram for each
8.21775053902859e-06	0.000146802533901093	0.000825588728424854	0.00441703293632928	0.0178334282071303	0.0530176234207997	0.118123621711699	0.190285061479465	0.225888346013828	0.194211678211782	0.11838933429806	0.0543788658731947	0.0172503668387884	0.0042518162585019	0.000779824634160905	0.000146515311552156	4.34982290667804e-05	2.37756277731118e-06	
0.000120685390061186	0.000676209963980273	0.00392592942129004	0.0167147040912125	0.0506443624304919	0.117050481478463	0.188465759174814	0.225826053840364	0.195830825012381	0.121656672308502	0.0557525352114242	0.0180526976981915	0.00434013006885391	0.000769996938378796	0.000149458591930698	2.22273381642443e-05	1.27104149616837e-06	
4.59040402630985e-07	9.0399301359502e-05	0.000773340617618601	0.00377502163940201	0.0146207375744055	0.0487296872049627	0.11338016189152	0.185762238250612	0.229134369942592	0.199035138229016	0.124663659909819	0.0560508276126478	0.0187159478091323	0.00425155306427118	0.000884744974643321	0.000128040614375243	2.92836118919766e-06	7.43962031850218e-07	
1.10550198705296e-06	5.08846771754949e-05	0.000577735338433877	0.00383001163414498	0.0149081207033185	0.0469761433144981	0.110381625445156	0.184295472506631	0.227774628764141	0.20049608296167	0.127971567625981	0.0578128107496992	0.0192138456353779	0.00461070134451625	0.0009461833578331	0.000153080439435776	
4.99829596311194e-06	4.99352052110897e-05	0.000446678926818102	0.00335201008700696	0.013771324139334	0.0458798998621648	0.108241059855231	0.18008296852936	0.229223524273015	0.202944855901833	0.131069312197864	0.0592369066533209	0.0199406699085551	0.0047362674604088	0.000832073014598049	0.000185685103215608	1.83058610113972e-06	
1.65427330993221e-05	0.00012574380442131	0.000467700971843539	0.00303847024477789	0.0137500088820043	0.0452838206423872	0.106940046089989	0.181227591971886	0.228925271763956	0.203290728684712	0.130702770195648	0.0602728849917473	0.0200733139671802	0.00475306188067053	0.000959668848425297	0.00016414261250708	8.23171474453325e-06	
3.73688449360296e-06	0.000130998561970193	0.000541544829327223	0.00273589450666481	0.0133476563538023	0.0440716179981644	0.105991330939002	0.179595658877253	0.226313422275869	0.20508271226526	0.13298503547038	0.0621950127347913	0.0206162160856972	0.00524117213738039	0.00103435046431908	0.000101023638062104	8.81521470285828e-06	3.80076286101498e-06	
1.51799015674463e-06	9.08237479045944e-05	0.000668379055436537	0.00272178830873063	0.0123348684368317	0.0442469043906363	0.105081654208521	0.177179060089576	0.225256253116773	0.208313693337003	0.134437298865306	0.0628198335352819	0.0204596311210416	0.0052603472161203	0.000960680044250532	0.000135628425794194	1.15686828787696e-05	2.00694277565395e-05	
4.29559720032546e-05	0.000545448705152273	0.00317297527963242	0.0129537037881353	0.0435123979926725	0.10572189115446	0.178633426284931	0.223699499210255	0.206536189596222	0.135713531579169	0.0623207275242011	0.0209861210588889	0.00510024325725477	0.0008675549508394	0.000165199390851274	8.21310559381754e-06	1.98734914852336e-05	4.76582529621908e-08	
7.054124223946e-05	0.000440150910412481	0.00281968234123393	0.0127695702015914	0.0430486665792954	0.105288517221986	0.17907146163075	0.224088216277497	0.207027371434219	0.134692332451841	0.0628464707006195	0.0217846370838018	0.00503778103630121	0.000835682360372291	0.000131828077866514	2.58273490662548e-05	1.27956336324589e-05	8.46746727461613e-06	
1.59053738785016e-06	0.000128303349286579	0.000428946102597864	0.002806472033854	0.0124410119192221	0.0406701033813437	0.103287969803617	0.177924186224546	0.225041221037464	0.207809744408594	0.136140285647104	0.0646597577776849	0.0226827784361615	0.0049027691240329	0.000941114734989416	0.000120054385775082	1.17886888746541e-05	1.90240746389921e-06	
4.58036821598708e-05	0.000329516530497688	0.0027437833099792	0.0116229326065071	0.0405575623888588	0.102492565939808	0.18075906476515	0.228707979136423	0.205086840259209	0.135519053393051	0.0645104366063773	0.021774065052121	0.00489727011450781	0.000859874138867113	7.81393439556603e-05	1.51127325283584e-05	
2.60740667363043e-05	0.000374308398085729	0.00243787133598528	0.0115358570935384	0.0412202503061123	0.101924019707497	0.181762057400033	0.229430549158964	0.203655787450984	0.134835790979685	0.0645615915967641	0.0217166789752279	0.00561120692650421	0.000822203264491637	8.5753339390279e-05	
2.81548194348801e-05	0.000357061256257026	0.00235166189636297	0.0121213995417987	0.0415225593857059	0.100569489368893	0.180775163997233	0.227796895172201	0.20811381500068	0.134588804676736	0.0639577119508578	0.0209331541544303	0.00588180190599559	0.000914021730501701	8.83051429123333e-05	
4.34484799732295e-05	0.000336331360131157	0.00246132499485992	0.0117972041814376	0.0421596819699911	0.100587611210382	0.178136761633323	0.226311707236576	0.208170825884849	0.135190948565163	0.0648057127782868	0.0227705106268443	0.00600725392052849	0.0011039007530738	0.000116776404580851	
3.85588032383107e-05	0.000345827156142163	0.00252401425929818	0.0112063563894326	0.0398350040761063	0.100714083761618	0.175340501818629	0.229859706059863	0.208933849706908	0.137096687940585	0.064278203090727	0.0226333548196177	0.00578235642247417	0.00125006345558447	0.000156778059689582	4.65418008711824e-06	
2.82310675979536e-05	0.000365281722144328	0.00239582739900455	0.0112493884998532	0.0394401545574069	0.100990432266696	0.176813452072958	0.227888373805167	0.210415587916211	0.135904482427737	0.0658492419473993	0.0216325937208785	0.00570781137187689	0.00115933431573143	0.000155624528953643	4.18238038488202e-06	
2.63307211564157e-06	0.000198773847607117	0.00230935822624313	0.0118690268046895	0.0399508333065022	0.101252001154055	0.180283937870523	0.228062217061196	0.206069135758442	0.136309169846101	0.0658677617906159	0.0215773638701331	0.00525883014207303	0.000835807920684354	0.000150285285664688	2.86404335385574e-06	
4.56872310141145e-05	0.000201822533494345	0.00240988964644852	0.0118562296389797	0.0421447359451514	0.101708996947559	0.181409392329452	0.226479174987599	0.20673843637757	0.132998382042917	0.0654287097480345	0.022532007929749	0.00516623437006753	0.000770530647397007	8.9061574869229e-05	2.07080496969139e-05	
2.88873492241927e-05	0.000305700026146675	0.00210819041794134	0.0121506082437277	0.0425468549180003	0.102463828697186	0.181341576309388	0.228956086617691	0.205072911561481	0.133337187036302	0.0640580130769159	0.0216952475344308	0.00495255326149354	0.000823867816795475	0.000142015329234579	1.64718040424121e-05	
2.19272256344416e-05	0.000246187811048522	0.00193239605282396	0.012130728803293	0.043375311550606	0.104418106440996	0.182959500659079	0.227976431522292	0.2044403473499	0.134270700551907	0.0614519143822172	0.0206711613143757	0.0050996789796021	0.000895099035546359	0.000109636128172208	8.7219250604548e-07	
2.59628383509547e-05	0.000319892712999469	0.00207331590941798	0.0121055093708054	0.0426692528504486	0.104837681632772	0.184688819270132	0.226972676693647	0.204999914246272	0.134147649103932	0.0600375211885396	0.0211530698238618	0.00504801574960754	0.000860927719717659	5.97908894964634e-05	
2.77071041384439e-07	0.000188162022771299	0.00230869445233584	0.0125503484260702	0.0438228335107204	0.10563181063709	0.186255389185683	0.229437341984846	0.206201086955852	0.130512759367741	0.0578064704338723	0.0191964053172519	0.00501612491889515	0.000927633846555102	0.000144661869273942	
8.1665586211849e-06	0.000283396630102902	0.00255207281359453	0.0137749543765208	0.0466156153960612	0.108440865112223	0.18383458079195	0.228667949369072	0.205253155104209	0.128804512204945	0.056111835426147	0.0191763193478357	0.00529670285190794	0.0010116615047921	0.000168212512017006	
