# <P(U)> as a function of N_tot.
# number_of_species: 1
# species_total_upper_bound: 496
# species_total_lower_bound: 473
# volume: 729
# Bin widths for each
10	10	10	10	10	10	10	10	10	10	10	10	10	10	10	10	10	10	10	10	10	10	10	10	
# Bin lower bound for each
-2520	-2530	-2540	-2560	-2570	-2580	-2580	-2590	-2600	-2610	-2620	-2630	-2640	-2650	-2660	-2660	-2670	-2680	-2700	-2710	-2720	-2720	-2730	-2750	
# Bin upper bound for each
-2360	-2370	-2380	-2410	-2410	-2430	-2440	-2440	-2450	-2460	-2470	-2490	-2500	-2510	-2520	-2520	-2540	-2550	-2560	-2570	-2580	-2590	-2600	-2610	
# Normalized histogram for each
0.000157171104250474	0.000881390898345795	0.00390041024037817	0.0160685901096582	0.0474215532257857	0.111008597286709	0.186980092401317	0.225103428066016	0.205163373101771	0.123886641287051	0.0572299039539826	0.0173966449801231	0.00401088642981409	0.000557608281001805	0.000121555016342635	0.000106341134322857	5.81248313063306e-06	
0.000122907778378065	0.000780951444364321	0.00388966056069465	0.0142628907730954	0.0471635217165082	0.109018229198906	0.185266535821175	0.228092387064265	0.200897556657789	0.128461176374525	0.0584292013357867	0.0185468885412733	0.00433763166452099	0.000469859322015546	0.000203203387302668	5.4293647600541e-05	3.10471179988797e-06	
0.00014102110851152	0.000949549843037375	0.00363901557780015	0.0124636900531106	0.0463848002922072	0.106771720258544	0.178981661780094	0.228830213516062	0.203576174998519	0.131890020656874	0.060614165630121	0.0205148886207033	0.00430239707348615	0.000801009151217201	0.000130725063673518	7.13396365179964e-06	1.81241238721396e-06	
2.71192135056163e-06	5.12165717920353e-05	0.000627732309187858	0.00382938791392734	0.0127402965710699	0.0423723764001166	0.1077215451846	0.179511410951467	0.225813090196412	0.204432108559916	0.135048840541272	0.0616333716334111	0.0205578360231332	0.00465892591333056	0.000829189323801007	0.000169959985213055	
1.02108549338383e-05	6.14210205180505e-05	0.000494135227886016	0.00348650031443198	0.0120054711475536	0.0420944443283923	0.103196317170667	0.176474205821528	0.227306569773188	0.209410487592486	0.135703431252574	0.0625766398710969	0.021495876217625	0.00460112035682807	0.00088998123385165	0.000192992952795296	1.94863643775541e-07	
2.72064203115605e-05	0.000138127888571817	0.00046580806930007	0.00331409905395786	0.0125774776559026	0.0423671107057186	0.0998704221462279	0.176478268221694	0.232694805246469	0.206704407133485	0.134803931556719	0.0626094248240616	0.0218130676744763	0.00479811031423338	0.00125130127997863	8.64318088927891e-05	
0.000177641202133046	0.000560497995011832	0.00284455062698528	0.0125119370887605	0.0422036503752389	0.101232377101435	0.175152827165169	0.229193152805494	0.207237609011559	0.135117494664065	0.0648918573257636	0.0217737470149268	0.00554486001550923	0.0014134010208194	0.000144396587129573	
8.47891232650981e-05	0.000707626126606181	0.00304092137462724	0.0121712154795511	0.0421621695135502	0.0997406689896402	0.171427433150096	0.226056600408724	0.210716069694124	0.13841280754498	0.0657522554790409	0.022374531882977	0.00613897071767097	0.00102711246510757	0.000185752338462505	1.07571157744574e-06	
1.28635079965461e-05	0.000562663622098925	0.00383290425622087	0.013165570728965	0.0397930322818156	0.100652202825975	0.172580230579912	0.223956392401618	0.20815521905061	0.139650186088254	0.0674421473298918	0.0231848269410249	0.00577850984069847	0.00101066591547864	0.000214544936942395	8.03969249784134e-06	
7.04749571644401e-05	0.000395301798925541	0.00306935609256378	0.0134298840246486	0.0411677147950153	0.101559564515531	0.173048868335684	0.224283415637482	0.207097492621966	0.139248623480001	0.0657353296559441	0.0240610761063094	0.00569047951265373	0.000995048163735424	0.000112879380543044	3.44909218325967e-05	
9.74243523920593e-05	0.000399120841470668	0.00266206451186146	0.0127963971836479	0.0403512454073603	0.10124370234246	0.170895000895043	0.223901878680318	0.20821542126664	0.138995620560858	0.0684758995912431	0.0252844611421302	0.00568958951310631	0.00085137223868695	0.000139334790775245	1.46668200816047e-06	
7.90064588698806e-05	0.000416970366882109	0.00291475037725584	0.012427458749901	0.0403187230792382	0.0998120564958651	0.175118220304182	0.226205780957716	0.209713164295034	0.137669526271761	0.0665652199236651	0.0224409578302107	0.00536270119775629	0.000928270770935839	2.71929207273077e-05	
4.74170534219638e-05	0.000362611807757886	0.00255302237401234	0.0121143220011967	0.0412239083987805	0.10107720518153	0.178760637317545	0.226526481762703	0.204902210230159	0.137092074581364	0.0651245660696357	0.0231100793879098	0.00614995507142295	0.000830166008941901	0.0001253427536193	
1.25634756826259e-05	0.000353676449158572	0.00225916127551125	0.0120148827517284	0.0420014157284051	0.100667661080376	0.178595942479441	0.227078796877743	0.206903644496296	0.136225912913639	0.0658262943173866	0.0211298304464	0.00620372742253942	0.000657537256366267	6.89530293279001e-05	
3.61322944880812e-06	0.000218194815082106	0.00223880121010741	0.011131364450195	0.0417910542411737	0.101932189195625	0.175222013593043	0.223359226055101	0.21151944741481	0.137069260188689	0.0663595028358505	0.0221921971867617	0.00597572846300483	0.000837826795864445	0.000149580325243005	
0.00019772593988195	0.00245684048886206	0.0112559235101977	0.0394901546899842	0.101668106846773	0.172931084725026	0.228683742765873	0.210162496461482	0.140782652854117	0.0643254394320595	0.0212185090505417	0.00556237515786304	0.000991602463023837	0.000262123431672106	1.12221826431778e-05	
0.00026804249722916	0.0023515259821133	0.0106542913285457	0.0395993273654732	0.101131756787396	0.177119158012662	0.22731862035073	0.208954692378017	0.136709484243813	0.0665878863818161	0.0218860900454732	0.00617212178124586	0.00111144537761435	0.0001355574678709	
0.000196884065280913	0.00216546453525882	0.0115186284588427	0.0414002549345718	0.103784998586464	0.178851982656361	0.22534959094427	0.205382156914184	0.135626136302054	0.0667386431495087	0.0231826991203367	0.00491284655702661	0.000817457286713823	7.2256489127071e-05	
3.09992368122676e-05	0.000175138200250952	0.00230491306080586	0.0118631982713807	0.0426616513795128	0.103602519399326	0.183588075552029	0.226120675760899	0.203066790438982	0.130552611938413	0.0668998348392111	0.0230744766024088	0.00524864251983361	0.000802498358781348	7.97444135388044e-06	
5.25662110853278e-07	7.57704385501368e-05	0.0018113189921195	0.0114833516426453	0.0416198232889191	0.102923439791676	0.184367199315077	0.230732887877248	0.204224648761964	0.128782936767579	0.0655397021703612	0.0221364199811978	0.00532304227096846	0.000901510520113372	7.74225194699614e-05	
2.12417486520527e-06	0.000167847080576921	0.00183722492727403	0.0122710973327109	0.0425175213681743	0.10626639411143	0.184739972487836	0.226354868603201	0.202367828902112	0.131288279634131	0.0627849818153862	0.0220958905452194	0.0060057876684494	0.00122363652103535	7.65448275988003e-05	
0.000274892941938785	0.00215442393079423	0.0131394567236766	0.0426552177504776	0.108596871405993	0.187854917497746	0.226310975573308	0.19978462859042	0.128261841243236	0.0613054971415318	0.0232984283804883	0.0055001751424452	0.000810183248013657	5.24904299298713e-05	
8.44523515993533e-05	0.00273647027557747	0.0140829463830918	0.0447768361373384	0.108335794066189	0.190481836100427	0.230957102044131	0.20314850768856	0.121763348860558	0.0573479820760219	0.0198196898000162	0.00550413034009789	0.000841496814581319	0.000119407061811149	
1.94589984870721e-05	0.000475545429819737	0.0035406146222521	0.015820091921798	0.0506957496599475	0.113837984304748	0.18808935010859	0.230902506872867	0.197246119702158	0.120727688264333	0.0528989366081954	0.019042863927396	0.0056676271608627	0.000836109225315485	0.000199353193229037	
