# <P(U)> as a function of N_tot.
# number_of_species: 1
# species_total_upper_bound: 496
# species_total_lower_bound: 473
# volume: 729
# Bin widths for each
10	10	10	10	10	10	10	10	10	10	10	10	10	10	10	10	10	10	10	10	10	10	10	10	
# Bin lower bound for each
-2530	-2540	-2550	-2570	-2570	-2580	-2590	-2600	-2610	-2610	-2630	-2630	-2650	-2650	-2660	-2670	-2680	-2690	-2700	-2710	-2730	-2740	-2750	-2760	
# Bin upper bound for each
-2360	-2370	-2380	-2400	-2400	-2420	-2420	-2430	-2430	-2440	-2460	-2480	-2490	-2500	-2510	-2520	-2530	-2540	-2550	-2560	-2570	-2580	-2590	-2600	
# Normalized histogram for each
1.77476967790146e-05	0.000158395046997957	0.000791614407112008	0.00415896925002169	0.0170638776025518	0.0518959688250755	0.116567501795517	0.189735801240498	0.224317108696621	0.194534837188965	0.122128018827629	0.0558402203137821	0.0177126041700643	0.0042146877874272	0.000749036717534363	8.94853136886106e-05	2.2874809181841e-05	1.25031055322609e-06	
1.30718520248332e-05	0.000122001171578293	0.00071962756016226	0.00386198566787796	0.0162696424597378	0.0494933518662776	0.114629572993897	0.188355360641386	0.22495303434557	0.196690305502446	0.123940585621306	0.057381334486437	0.0184313030130544	0.00420816868458412	0.000785086923811824	0.000129433858339063	1.54659946739252e-05	6.67356835983827e-07	
1.78383479902592e-06	9.62770650876139e-05	0.000759746910852423	0.00377669502524985	0.0145099373185459	0.048248713517515	0.110993818879051	0.186192550162393	0.227666292455914	0.199707266040939	0.125716616036045	0.0580886296819474	0.0192913314481256	0.00408043041032885	0.00074031644862565	0.000115740870020911	1.3462117759004e-05	3.91776801655225e-07	
2.33343505165629e-07	1.36672624454154e-06	7.54116206515636e-05	0.000595759303474304	0.00377998144235771	0.0147057910499415	0.0461138518463251	0.109219144377869	0.184382587544295	0.227148218436089	0.20169956742031	0.128304584677354	0.05918423827292	0.0195453770155597	0.00437830752438883	0.000743024056323655	0.000106196295940201	1.63590464514332e-05	
7.55961420612736e-06	5.55430946428075e-05	0.000531623179121831	0.0034899577800564	0.0139279870816228	0.0454614794088067	0.107303246280641	0.181431853146934	0.227383503292806	0.202674093106784	0.131707445405495	0.0607780104068793	0.0197951508453279	0.00461613959904709	0.000695375795697479	0.000132309973417419	8.31223066470199e-06	4.09757849668408e-07	
9.71295228383243e-06	0.000109153487906931	0.000515623794515863	0.00312672493868657	0.0140589960367638	0.0451712066094162	0.106256792472676	0.181883279150969	0.226279032119042	0.204168743856872	0.131029618659948	0.0615509618761766	0.020182987332016	0.00470590863504736	0.000839885682570772	0.00010349318123118	7.87921387852268e-06	
5.68990290612252e-06	0.000101027200936985	0.00057493158834486	0.00293774966334462	0.0135129328141125	0.0442101684883322	0.106072074997311	0.180126412715322	0.224821907296013	0.204582327691179	0.13325512943071	0.0625365496653357	0.0210689562768922	0.00511269200468419	0.000989523556357248	8.17535975730947e-05	8.17871168832927e-06	1.99439895678521e-06	
9.47348738084533e-07	7.4396218599665e-05	0.000601490996129317	0.00290730429015847	0.0128733794803391	0.0435595560760701	0.104863767227327	0.179803797537121	0.225159275312085	0.205812905029312	0.134422598824738	0.0626701622773177	0.0209460734222435	0.00516422432896187	0.00101413263231092	0.00010309334010819	1.23658352980061e-05	1.05298231418953e-05	
6.03173309862519e-07	3.85109403533056e-05	0.000478685040632561	0.00319998520214813	0.0131292399261491	0.0436584548893006	0.105070227091484	0.178826024854075	0.224295691909193	0.206357853827935	0.134904092134656	0.063050920803956	0.0205860286111741	0.00540760789365203	0.000833116379433442	0.000142809658517033	9.64239555071889e-06	1.04801362588613e-05	2.51322212442716e-08	
5.54753151996542e-05	0.000436801669694044	0.00293278392397118	0.012834562968332	0.0430885410031135	0.104092004581165	0.179773389482878	0.225776983901288	0.205455412599858	0.134578447439759	0.0626241898600475	0.0217730563486279	0.00547523921175988	0.000949707499341625	0.000122784810662708	1.93997509440707e-05	6.7517112660657e-06	4.46792209242724e-06	
8.41291955229807e-07	7.16500315204053e-05	0.00035262504864647	0.00276988777891138	0.0126029658873598	0.0413914652217824	0.104379167117005	0.178786838195209	0.226665794362381	0.205845633021719	0.135559970853688	0.0634650608481727	0.0218519234441477	0.00509624149024939	0.00101818596075739	0.000129996103003696	1.01779830662116e-05	1.57536042596954e-06	
2.80826705825815e-05	0.000351201861868732	0.00259979617093074	0.0120121342778688	0.0416727682302268	0.102902564671875	0.179955741974154	0.228512388862852	0.204671204197242	0.135842222302618	0.0638143472646336	0.0212408871651774	0.00520100592668449	0.00106050913939296	0.000121527202196264	1.36180816960309e-05	
5.23815805312005e-07	3.81648921901543e-05	0.000372973222626063	0.00237951514184936	0.0114756584473119	0.0416883637584514	0.102041536907329	0.18178074014895	0.230224175240351	0.204146447342479	0.135150681713941	0.0627629550227278	0.0211125515409175	0.00575485323732859	0.00094691165280886	0.000120240281184979	3.70763374697403e-06	
5.68681746522133e-05	0.000382963242947677	0.00232812105586619	0.0117541224678138	0.0415010399343323	0.10154755787392	0.181529674675566	0.227733840903302	0.207176174342011	0.134909240877078	0.0637837456730551	0.020654495059068	0.00553059638481075	0.00100054220387245	9.79405360196411e-05	1.30765956843728e-05	
4.04156910203768e-05	0.000415180848437869	0.00224643002514587	0.0115059288600163	0.0412348987989066	0.100847287544562	0.181965088885478	0.229344090704021	0.206468882700301	0.134441297346119	0.0629889308530583	0.0216338573170131	0.0056666698213923	0.00105427681076411	0.000133627678712398	1.31361150512461e-05	
2.70782857814036e-05	0.000331527363240452	0.00211662069916085	0.0110305523718864	0.040145024016815	0.100898101104392	0.179460918596681	0.231100670845958	0.208147166376988	0.135539310470759	0.0631751428095894	0.0214680274263116	0.00533475700189612	0.00107078823918455	0.000143432463424559	1.08819279308444e-05	
1.53168078318238e-05	0.000384778754702276	0.00237384436355982	0.0115224212470715	0.0401459728468457	0.101758643431985	0.180200727948614	0.229334129209558	0.209035552047263	0.133948859240998	0.064032595797381	0.0208525418385249	0.00525819736154413	0.000974390264698894	0.0001445437128653	1.74851265562863e-05	
3.81431851905155e-06	0.000256673544693533	0.00238390841003068	0.0120576382728688	0.041142719729796	0.103461893380217	0.180308895387671	0.228903646768275	0.20687537175373	0.133894958254927	0.063878197049549	0.0211079913762894	0.00479533033722545	0.000759651218063988	0.000160518559937144	8.79163820702501e-06	
2.75791099640302e-05	0.000238378020480826	0.00242296128008655	0.0119861337612416	0.0416673259309644	0.103709487244788	0.180334724194968	0.227766206320128	0.207270633911994	0.133240228648013	0.0635266669950631	0.0220035916230095	0.00494412374551917	0.000718963361791987	0.000130831712792436	1.2164139195361e-05	
2.96024844883103e-05	0.000301317681302189	0.00236345878420718	0.0122384768670487	0.0418512705974164	0.104040212288108	0.181975090285748	0.227471621067255	0.206851201936889	0.133352379414125	0.0624901455475542	0.0211085714981669	0.00499184395046643	0.000801389093942261	0.000124735324641488	8.68317864144889e-06	
2.65377898815631e-06	2.1133142430074e-05	0.000199640233331576	0.00204307809850684	0.0124931743064905	0.0428720665497219	0.106294342229769	0.183696539531262	0.22806018359733	0.203832888592068	0.133544615134125	0.0609098589677474	0.0201463088228014	0.00487939339078447	0.000882608055670717	0.000120649854485935	8.65714486990014e-07	
5.07020489630904e-06	2.80686543059668e-05	0.000311432265550886	0.0021359840310449	0.012765510405764	0.0433597270623525	0.105965911349455	0.185748603178832	0.228383234154717	0.203474964301701	0.132153584537514	0.059647821134204	0.0202930692002656	0.00488611995309777	0.000764668021641744	6.67238964354269e-05	9.50764822155871e-06	
7.7346862462095e-06	1.8230010244498e-05	0.000290585709891913	0.00257618957943048	0.0131636028991826	0.0444511928515621	0.105296629015461	0.187931248064644	0.23094151052313	0.204930683612234	0.128221683654649	0.0575119415755615	0.0188005801619085	0.00490370940442369	0.000831450184981923	0.000111969180305476	1.10588861429437e-05	
1.1061872244923e-05	5.21159040586701e-05	0.000280958386125515	0.0025050202298927	0.014007564872037	0.0463681338407528	0.10804728160251	0.187649312641267	0.230521376327363	0.202380409555943	0.126656535945076	0.0562980160565051	0.0191449897043929	0.00501381828669048	0.000904587895052462	0.000154405300085384	4.41158000243954e-06	
