# <P(U)> as a function of N_tot.
# number_of_species: 1
# species_total_upper_bound: 496
# species_total_lower_bound: 473
# volume: 729
# Bin widths for each
10	10	10	10	10	10	10	10	10	10	10	10	10	10	10	10	10	10	10	10	10	10	10	10	
# Bin lower bound for each
-2530	-2530	-2550	-2560	-2570	-2580	-2590	-2600	-2600	-2610	-2630	-2630	-2640	-2650	-2660	-2670	-2680	-2690	-2700	-2710	-2730	-2740	-2750	-2760	
# Bin upper bound for each
-2360	-2370	-2380	-2410	-2410	-2420	-2420	-2430	-2430	-2440	-2460	-2480	-2500	-2510	-2520	-2520	-2530	-2540	-2550	-2560	-2570	-2590	-2600	-2610	
# Normalized histogram for each
7.99446242991515e-06	0.000142813697777125	0.000814674529678402	0.00435519685308154	0.0180102664731293	0.0530167911187142	0.117792334322644	0.19052275572504	0.225939093590333	0.19455233734719	0.118396187892593	0.0540758323038717	0.0172153995824034	0.00421252286435659	0.000758635676528899	0.000142534279672778	4.23163195804829e-05	2.31296097486865e-06	
0.000122397303627463	0.000685072232738573	0.00389185683917633	0.0169214233595277	0.0507425067769019	0.116984660677412	0.188439194936028	0.225663876215414	0.196151462494646	0.121697939077202	0.0554776722213821	0.0180074693445644	0.00429638820297881	0.000749697019109803	0.000145506310529956	2.16395586724151e-05	1.23743008848692e-06	
4.4654055027038e-07	9.56212695578987e-05	0.000792378507479785	0.00375164892797162	0.0147056427789543	0.0489393507084828	0.11349306961367	0.185853441387934	0.229264188941469	0.199005692776098	0.124514922230344	0.0555900178785598	0.0187700548675153	0.00423398971201368	0.000861407517371582	0.000124554017625417	2.84862075172484e-06	7.23703650438203e-07	
1.07625245573904e-06	5.32129964187546e-05	0.000603639252353864	0.00383321149643033	0.0148600944070204	0.0470373983275836	0.110597162980077	0.184492333715382	0.227860587545896	0.200578664045367	0.127651659269174	0.0576889458817523	0.0191148586153286	0.00455656077193254	0.000921564227779177	0.000149030215049693	
4.85720114797629e-06	5.30424927911169e-05	0.000474427895568257	0.00341331302837628	0.0137744810478895	0.0460166905497103	0.108573574137279	0.180286250951195	0.229305109467779	0.202813222842217	0.130756040529043	0.05912882879902	0.0197653900689078	0.00463670896592771	0.000815839636131903	0.000180443475767973	1.77891124846265e-06	
1.60790652189547e-05	0.000127075488590454	0.000515131317633146	0.00308559265653829	0.0137752573710297	0.0450925282372203	0.107228403121435	0.181327025447703	0.22889614596523	0.203279836397438	0.130535478349492	0.0603492487045214	0.0199821002851144	0.00468535944071985	0.000937195217503273	0.000159541942426618	8.00099218469558e-06	
3.63453038714365e-06	0.00013006648488009	0.000577470962665017	0.00278055553579517	0.0133541810410531	0.0440970582390626	0.106271400821634	0.179790370849153	0.226349543846245	0.204955098172859	0.132813459840256	0.0619606974309679	0.0205969458326676	0.00520259726647901	0.00100639214489139	9.82565779020118e-05	8.57376399018503e-06	3.69665911171021e-06	
1.47810658094437e-06	8.8593040756813e-05	0.000680535828883429	0.00277036070810578	0.0124930501762416	0.0443315437248665	0.105178236781907	0.177610811549906	0.224775356583877	0.207982743307935	0.134872059917649	0.0626707232549761	0.0202793111102239	0.00516595138236728	0.000936372739519936	0.000132064933253219	1.12647280484602e-05	1.95421249017487e-05	
4.18302717849201e-05	0.000543638835453278	0.00317685753826901	0.0130862694747258	0.0436947973645877	0.106038516862542	0.178325805560304	0.223516669401981	0.206223147081006	0.135985897505531	0.0624892127324726	0.0207862107870401	0.00504452348227545	0.000858355939444556	0.000160870190936163	7.9978737103564e-06	1.93526886105529e-05	4.64093252051629e-08	
6.86814839178597e-05	0.000430385577268409	0.00283848222011533	0.0128467014721298	0.0432735489262787	0.105398081144767	0.178952885651321	0.223915812131041	0.206616950691368	0.13501440433991	0.0630102046250038	0.0216259481649716	0.00499286192203677	0.000840068636738284	0.000129134061797368	2.51464335361909e-05	1.24582879128112e-05	8.24422988572256e-06	
1.54839682787532e-06	0.000124904010781943	0.000421422003320066	0.00283632902072432	0.0124346739727518	0.0410251079224999	0.103517705598939	0.178046265064952	0.22477774661081	0.207488469073642	0.136209083727676	0.0645683602474557	0.0226076714926148	0.00486372696141119	0.000946723217357298	0.000116934321226702	1.14763529595465e-05	1.85200404902734e-06	
4.45894938935353e-05	0.000320781531780829	0.00274834112582068	0.0116540049824228	0.0407964867829006	0.102449512971555	0.180932414652809	0.228573766369419	0.204884495085005	0.135855729182023	0.0642047777944804	0.0216873963505735	0.00489229220449974	0.000864631371766174	7.60679848400554e-05	1.47121162101299e-05	
2.53739662506765e-05	0.000364258048290869	0.00240378238459229	0.0116350201500466	0.0414640733563912	0.102382769802972	0.182088617640407	0.229345643928465	0.203733600032253	0.134531435166818	0.0639995725543311	0.0215427821107693	0.00554901514389647	0.000849570748328173	8.44849661872791e-05	
2.74379019512837e-05	0.000347969261974568	0.00234075127450919	0.0121300280384043	0.0417577131558522	0.10083941936568	0.180882802863998	0.228137326878209	0.208020349260335	0.134441648611707	0.0634538911500553	0.0207712522841867	0.0058312550240998	0.000925745864694371	9.24090643435353e-05	
4.23666940260632e-05	0.000327957337859138	0.00241245244499132	0.0116868159597084	0.0420605547142781	0.100933802555794	0.178871390695916	0.226527873357126	0.208186604245707	0.134943774453998	0.0643055032588306	0.0225983527793522	0.00590801084145332	0.00107899920460527	0.000115541456355182	
3.76189513270762e-05	0.000337397788880731	0.00246934886181096	0.0111350742728457	0.0397663890186582	0.101056065604083	0.17629105136113	0.229807979009648	0.208898908781275	0.136735866742668	0.0639796421030401	0.0223474162478777	0.00574755028381033	0.00123219356481077	0.000152956671403016	4.54073673092606e-06	
2.75161833674863e-05	0.000360557919093129	0.00234463060497986	0.0111816717040566	0.0393563850808932	0.101151393411433	0.177556640849513	0.22812050529664	0.210467315015488	0.135538934275438	0.0653887927304522	0.0214889252607406	0.00569127891353639	0.00116969257259379	0.000151683710164667	4.07647160999797e-06	
2.56279576499049e-06	0.000225256259343901	0.00230191514580225	0.011700676365265	0.0398858995366675	0.101629929114268	0.180684295244503	0.228275607432803	0.206423816939289	0.136056189432031	0.0652800582746785	0.0214133126239453	0.00514129802098513	0.000830121021210867	0.000146274191031036	2.78760241104229e-06	
4.44416853169006e-05	0.000216568847212531	0.00243787317122952	0.0117201558521758	0.0419877483437898	0.101831694883037	0.181792620997363	0.226502171335551	0.207093558926907	0.133069430016562	0.0649997069968536	0.0223864453069768	0.00506128250424442	0.000749524096745244	8.66335384375356e-05	2.01434975972317e-05	
3.23517632542619e-05	0.000318153143776975	0.0020931545871691	0.0122638656562987	0.0423660350420694	0.10260317511503	0.18209309075275	0.228860359165709	0.20527662802981	0.132889460348464	0.0636308984782938	0.0216215420007179	0.00496715696645473	0.00083014714418069	0.000137978247357686	1.60035586639888e-05	
4.87212390393366e-06	3.79817707998731e-05	0.000243353676579711	0.00191810170644803	0.0121521910691325	0.0435946654937127	0.104672620827893	0.183260781516303	0.227538643555252	0.204740549821262	0.133892411531848	0.0611074257421845	0.0207123493739447	0.00509038911321537	0.000921039374351556	0.000111776623100917	8.46680068671398e-07	
9.25841612616404e-06	4.76993598819971e-05	0.00031345293636741	0.00201917908305447	0.0120461770688823	0.0429014560703635	0.105495429919886	0.184883296627787	0.226564523079654	0.204859373769325	0.133896013943738	0.0599640503849227	0.0210070943613476	0.00506820512212021	0.00086679513793018	5.79947186142915e-05	
1.41402543910903e-05	3.18790318109585e-05	0.000193857362998442	0.00227565519585439	0.0125804962351311	0.0442080345881075	0.105836937244192	0.186629483123233	0.229226992010577	0.205641406045378	0.129931960589872	0.0578764793083955	0.0193170060031577	0.00512889573527389	0.000966449805135499	0.000140327466491517	
2.02322383979102e-05	9.53203374520591e-05	0.000341148055486191	0.0024941201562531	0.0136851823963388	0.0467088621238588	0.10886594148945	0.184194614503299	0.228905844160341	0.204481377579392	0.128671616861138	0.0558102081156687	0.0192256845376142	0.00532436041589052	0.00101207858610856	0.000163408443310502	
