# <P(U)> as a function of N_tot.
# number_of_species: 1
# species_total_upper_bound: 496
# species_total_lower_bound: 473
# volume: 729
# Bin widths for each
10	10	10	10	10	10	10	10	10	10	10	10	10	10	10	10	10	10	10	10	10	10	10	10	
# Bin lower bound for each
-2530	-2540	-2550	-2570	-2570	-2580	-2590	-2600	-2600	-2610	-2630	-2630	-2650	-2650	-2660	-2670	-2680	-2690	-2700	-2710	-2730	-2740	-2750	-2760	
# Bin upper bound for each
-2360	-2370	-2380	-2400	-2400	-2420	-2420	-2430	-2430	-2440	-2460	-2480	-2490	-2500	-2510	-2520	-2530	-2540	-2550	-2560	-2570	-2580	-2590	-2600	
# Normalized histogram for each
1.93186949385796e-05	0.000158860871097766	0.000744176224130475	0.00407371447672209	0.0169824847029504	0.0514551932556837	0.116663388273479	0.190164701693546	0.225613027176015	0.194959884935478	0.1214455736417	0.0553689324968719	0.017325407522846	0.00414458622803577	0.000757566865634001	9.69223035429162e-05	2.48996512541692e-05	1.36098607368717e-06	
1.42119278325016e-05	0.000128660120122443	0.000694579630583474	0.00377236442292462	0.0161770556252134	0.0493428429964889	0.114666404787484	0.188325239578458	0.225882975195171	0.196851661647356	0.12374192241909	0.0570935949135846	0.0181929454856206	0.00418389360314145	0.000773865318593511	0.000140241889007002	1.68148782396031e-05	7.2556108908751e-07	
1.53246234944033e-06	9.25371495623587e-05	0.000764073032476577	0.00370707176241893	0.0142809622274872	0.0479342978802491	0.111123750651002	0.186553052749331	0.227674032091793	0.199946048257475	0.126071533492636	0.0578767050434533	0.0190183746225541	0.00409476660117823	0.00072782893773863	0.000118362313889022	1.46445366529357e-05	4.26187753986365e-07	
2.53376080170508e-07	1.48405989814155e-06	6.29187101937694e-05	0.000575245144298537	0.00374650921285834	0.0144986317646425	0.0458378865995264	0.108967306151395	0.184311606464163	0.227684216196796	0.201839077792872	0.128672282463944	0.0592095558544448	0.0193182158244601	0.00438310756514102	0.000761476563223861	0.000112462783012824	1.77634730490967e-05	
7.3821903214745e-06	5.2174742419671e-05	0.00053043716114339	0.00345480150915579	0.0138048230237459	0.0452069172557981	0.107109924609404	0.181167295178905	0.227456788398894	0.203267339275915	0.132040543824623	0.0607321265912888	0.0197431822248916	0.00456574397096607	0.000708753832155833	0.000142295577525002	9.02570378787903e-06	4.44929059965868e-07	
1.05386313564857e-05	9.60105656683969e-05	0.000510487668897353	0.00305364111575797	0.0139042704705578	0.0450133563070652	0.105709477061392	0.181579201008031	0.226810071032283	0.204582652982157	0.131448630545284	0.0616712257906401	0.0200306130887857	0.00461741047857388	0.000846206672790641	0.00010765757032272	8.54901043659742e-06	
6.17023573153888e-06	0.00010378536419721	0.000565880588327524	0.00285794596142078	0.0133667570489582	0.0440194340434424	0.105742446654586	0.179792018164883	0.224994865255228	0.204885012886342	0.133692142385632	0.0627210550561501	0.0209764206304403	0.00516714078127979	0.00101279103498008	8.51019994489861e-05	8.86914591160817e-06	2.16276303992084e-06	
1.02705483292149e-06	6.81946231098226e-05	0.000610079659736189	0.00286824603402095	0.0127941947443386	0.0436640637431311	0.104951234118631	0.179120253369519	0.225282368957778	0.206210033422273	0.134350424219545	0.0628504387210143	0.0209326499522551	0.00514839865291488	0.00101697515318955	0.0001065955670841	1.34062467129133e-05	1.14157599128265e-05	
3.4941971000647e-05	0.000459737021977911	0.00318054397707575	0.0130239038150479	0.0438590514470955	0.105302577306551	0.178579487995553	0.224528632947127	0.206257788033866	0.134902676688186	0.0627496541981795	0.020717018487882	0.00540255792082514	0.000834466100502225	0.000149192067052555	6.40663213108335e-06	1.13362048033738e-05	2.71851434133664e-08	
5.3242824006573e-05	0.00042834148405558	0.00289208443266078	0.012735519982393	0.0430194560743288	0.104497559527202	0.180311109159254	0.225990307541908	0.205019526082443	0.134288851250942	0.0625131669521738	0.0217247073944741	0.00544638330822553	0.000924984005589724	0.000126530322390241	1.60914441099852e-05	7.30449137990953e-06	4.83372246296596e-06	
9.08358652198093e-07	7.50375490531483e-05	0.000346663502491325	0.00278166135734003	0.0126038236128508	0.0413070219472274	0.104591594469371	0.178784191866436	0.226316249090038	0.206064713536453	0.135335429421388	0.0637924964018311	0.0217551451927594	0.00508476019260338	0.00101882218868697	0.0001317743429076	8.62050171889955e-06	1.08646819184478e-06	
2.68429868190546e-05	0.000337308812535701	0.00261889165547173	0.011949373576325	0.0417419633313967	0.103559435105636	0.180370823919863	0.228999163276663	0.204440485333278	0.135217368256033	0.0634800409561999	0.0210566493576907	0.00503181244681683	0.00103233172497402	0.000122795787204997	1.47134730926806e-05	
5.6435635488403e-07	4.11186512941286e-05	0.000388806256242917	0.00237580798304109	0.0114859392598246	0.0417552099901657	0.102308962618225	0.182671940753164	0.230511203245225	0.203852878470929	0.134966527715959	0.0622214344748102	0.0209184238320634	0.00547788086834161	0.00090879009272419	0.0001113633813411	3.14805029208748e-06	
6.02739936041312e-05	0.00038841198520711	0.00227693586407801	0.0117484234211648	0.0413534112236442	0.101316024196473	0.182019392649908	0.228263546671944	0.207772812757141	0.134716803498608	0.0634051085639807	0.0202766684813619	0.00534218520983654	0.000952990642777514	9.7892736127964e-05	9.11810414278524e-06	
4.35590929177442e-05	0.000419007829280716	0.0022505648082122	0.0113910223772648	0.0414919578575976	0.100505948276506	0.182074241627656	0.229949826141432	0.206622491588345	0.13426459551162	0.0629124285456859	0.0214377454801137	0.00547856939470889	0.0010136616812796	0.000130878657474259	1.35011299053591e-05	
2.92243974432767e-05	0.000321988190823633	0.00214671128569314	0.0110124789410551	0.0401155647387495	0.101187921095748	0.179594979454685	0.231254269288435	0.208371319396611	0.135573733026997	0.0627914769110917	0.0212410885301271	0.0051881367060749	0.00101432535557797	0.000149320195317652	7.46248556962778e-06	
1.6514946690341e-05	0.000390874246520938	0.00238214262984732	0.0114234738811548	0.0401579342194116	0.101944480721955	0.180525638145143	0.229248123521043	0.209124102863315	0.134078541518035	0.0637683401053843	0.0205967049754542	0.00521847705595332	0.000972685535032812	0.000146955778958223	5.00985610084851e-06	
4.11246134976856e-06	0.000253359186013247	0.00231403552807095	0.0121317609818173	0.0410884431286712	0.103723307637757	0.180386680974057	0.228961048896859	0.207276741685473	0.133769441299327	0.0635332312525141	0.0208221020683971	0.00482935367934858	0.000744872850192196	0.000155370368137632	6.13800201457995e-06	
2.97254901478661e-05	0.000244864273938877	0.00236765943949405	0.0119311706934241	0.0420142097502593	0.103624446137719	0.180569154003769	0.22817345073775	0.207832319783398	0.132747812893275	0.0633346133881676	0.02138423660331	0.00487744799510131	0.000721446866498652	0.000134331114561863	1.31108291848638e-05	
3.19429690353666e-05	0.000311840932260947	0.00238231733387715	0.0121485927964087	0.0424046817987673	0.1044210481619	0.181808518613447	0.228125420150714	0.206627003635015	0.132741845934261	0.0621678169191493	0.0209618693857172	0.00492559529749664	0.000798425082661534	0.000133711285654497	9.3697036335544e-06	
2.86092608299419e-06	2.27827406365269e-05	0.000198939030795523	0.00201647316005187	0.0123971951724908	0.0432352308114482	0.106337308017359	0.183231246971878	0.228603362786596	0.2041956335796	0.133634328342782	0.0605485872864754	0.0198394844276261	0.00471401245223311	0.000895548364997752	0.00012607263903536	9.33289911220666e-07	
5.46173632495265e-06	3.02361722949379e-05	0.000295860072028155	0.00207342366818007	0.0125945629734441	0.0432541378070704	0.105810104219192	0.185162710018836	0.228642771456641	0.20453889688691	0.132283830549709	0.0594640468928427	0.020055775426126	0.00489816378522062	0.000807900037186996	7.18764500363769e-05	1.02418479565512e-05	
8.33672524488228e-06	1.87950458266353e-05	0.000269442607782589	0.00237130094571036	0.0128928028126614	0.0444165579371065	0.105609653008769	0.187411476214487	0.231479493891936	0.205295204409284	0.128488629006078	0.0570661167632406	0.0188123795246366	0.0048695190697264	0.000857687927305587	0.000120684441797351	1.19196684071495e-05	
1.19270445050833e-05	5.61919983676988e-05	0.000280986614705693	0.00233628083674571	0.0137374527203392	0.0466416925832144	0.108723281501244	0.187209002632584	0.230133459634582	0.2031775226185	0.126555295699609	0.0561450622528272	0.0189179875742737	0.00496375372062334	0.00093886428605639	0.000166481662883454	4.75661893952725e-06	
