# <P(U)> as a function of N_tot.
# number_of_species: 1
# species_total_upper_bound: 496
# species_total_lower_bound: 473
# volume: 729
# Bin widths for each
10	10	10	10	10	10	10	10	10	10	10	10	10	10	10	10	10	10	10	10	10	10	10	10	
# Bin lower bound for each
-2530	-2540	-2550	-2570	-2570	-2580	-2590	-2600	-2610	-2610	-2630	-2640	-2650	-2660	-2670	-2680	-2700	-2700	-2710	-2720	-2730	-2740	-2750	-2760	
# Bin upper bound for each
-2360	-2370	-2380	-2400	-2400	-2420	-2420	-2430	-2430	-2440	-2460	-2480	-2490	-2500	-2510	-2520	-2530	-2540	-2550	-2560	-2570	-2580	-2590	-2600	
# Normalized histogram for each
1.60860142837418e-05	0.000158114492172439	0.000782236635020596	0.00408175577195474	0.0170163107012974	0.0516850940389916	0.116872081139468	0.190111468397249	0.224835088691438	0.194612844774434	0.122029850561916	0.055549334953972	0.0173657080583569	0.00409271555757312	0.000688336903414414	8.11069769843133e-05	2.07330850768228e-05	1.13324639634871e-06	
1.18471826242975e-05	0.000127952596511557	0.000735682067404285	0.00385022850697661	0.0161830775750645	0.0491229024910943	0.114451495782033	0.18910788174537	0.225442631382798	0.196598370695607	0.123986474282534	0.0570916940332553	0.0182989677588338	0.0041203548554026	0.000738509665554564	0.000117307521122272	1.40170239856079e-05	6.04833828936693e-07	
1.6177567154253e-06	9.23179673307185e-05	0.000777264065264479	0.00373069817798714	0.0144985322335229	0.0480281881558709	0.11077268581376	0.187124558543297	0.227602834860105	0.199809396508557	0.125436471139802	0.0580416637669259	0.0192042614554298	0.00402488799264831	0.000737092293368357	0.000104965196232151	1.22087714738872e-05	3.55301708527986e-07	
2.11206233118352e-07	1.2370650796932e-06	6.96452553707765e-05	0.000621587487147064	0.00375017787524945	0.0146571015889535	0.0461341697401888	0.109192905929611	0.184286573065344	0.227191052519485	0.202093287605675	0.127910107911676	0.0591776330788789	0.0196085224581434	0.00443098608154695	0.000759331666539	0.000100662399320157	1.48070655575473e-05	
8.38843193029913e-06	5.62985562283286e-05	0.000531753970362452	0.00346441482325328	0.013863203675885	0.0453209882643871	0.107112855504903	0.181722314810559	0.227729316450887	0.202915245590784	0.131472786190889	0.0605067730839227	0.019677128271688	0.00474224001403508	0.000743567549572702	0.000124835600160196	7.51857650019598e-06	3.70634052826562e-07	
9.63057464221961e-06	0.00010644399101015	0.000494190172100869	0.00310650816958389	0.0140866210708335	0.0452566237478453	0.106234103584824	0.18207194653008	0.226636691913522	0.2038188827609	0.131052761228201	0.061338819603728	0.0201453360551514	0.00468789247338389	0.000846134256272243	0.000100283757191012	7.13011073039233e-06	
5.1480620946664e-06	9.14065340402035e-05	0.000555528214636674	0.00291600187607817	0.0134732518483306	0.044555196100186	0.106381496072487	0.180172453408162	0.224822043283132	0.204572440516019	0.133257223392633	0.0620323589290154	0.0210933618044165	0.00500218769893535	0.000981642184952493	7.90557341105841e-05	7.39986539675171e-06	1.80447537338822e-06	
8.57413012699311e-07	6.73334785371123e-05	0.000579383564811451	0.0028340762791796	0.0128713627430296	0.0438494748478082	0.105234017034217	0.179806277014438	0.225276823947955	0.205582790643378	0.134412912427515	0.0622530256910151	0.0209637405727724	0.0051379905706573	0.0010099642394278	9.92474531513893e-05	1.11918955197476e-05	9.53018357478172e-06	
5.46330578259048e-07	3.48816898369006e-05	0.000470512034676209	0.00312613392049706	0.0129644777375601	0.0436909061909422	0.105192014710861	0.178982336373612	0.224186441683688	0.206776646553102	0.135122378808323	0.0624316157256401	0.0205051524285077	0.00546635612831909	0.000869022251892694	0.000157434261634982	1.3627912757684e-05	9.49249379725096e-06	2.2763774094127e-08	
5.96660115840512e-05	0.000453891903072523	0.00288769055282459	0.0127354856635466	0.0428743051491317	0.10422843690235	0.180026496883758	0.226078962945903	0.20581910659726	0.134551203399824	0.0621620485100995	0.0215455073452561	0.00549780967523075	0.000915688631327806	0.000132215910454562	2.1322720640462e-05	6.11476962282033e-06	4.04642811448627e-06	
3.55585335744421e-06	7.48522072302332e-05	0.000357064451216635	0.00273731981945707	0.0124150752405124	0.0413834322393447	0.104794554297238	0.1785755009413	0.227294307553885	0.20589446490189	0.135264220970648	0.0633314664605188	0.0215450126063966	0.00518547256409627	0.000990051170522681	0.000139686768762288	1.25351301130071e-05	1.4268235110753e-06	
3.21136262653877e-06	3.72398849360575e-05	0.000371445126817194	0.00257721164476449	0.0119135071111676	0.0415842773950896	0.102826609344763	0.180146192403196	0.22886321168108	0.205260366962184	0.135470304168421	0.0634364079155067	0.0210396110701586	0.00529553697116243	0.00103325406234951	0.000129266659414898	1.23462363623544e-05	
4.74369957943027e-07	3.84610267463495e-05	0.000376212436801784	0.00235694419619289	0.0113279249475571	0.0416060995675117	0.102663368658948	0.182441092238311	0.230605475066874	0.204569561332682	0.134463514816779	0.0620197064398575	0.0207926062326505	0.00570981329502598	0.000915667435380713	0.000109720288866103	3.35764985856549e-06	
7.89011112078073e-06	6.41797668799386e-05	0.000384438862540109	0.00237398222254283	0.0116126478995998	0.0414211935811556	0.101999054877929	0.18208994042819	0.228196889377002	0.207713484402122	0.134222364288342	0.0629714254074005	0.020321992272912	0.00550925354511774	0.00100680170963192	9.26150508538986e-05	1.18461966594387e-05	
1.53171729878426e-05	4.07011773824815e-05	0.00039304027662035	0.00224571963328908	0.0114811807756434	0.0409313908893131	0.100782615621934	0.182852160852347	0.229864675313582	0.20701813747412	0.133851377330784	0.0624238553402357	0.0213120115343975	0.00561156361113847	0.00104021473397034	0.000124147782791045	1.1890479462958e-05	
1.54042738914686e-06	3.15234829826849e-05	0.000326843313740276	0.00217139087002101	0.0110755992233062	0.0399337300766723	0.100935752886319	0.180441013600632	0.231499658688462	0.208038934810823	0.134983192979024	0.0628516338760532	0.0211634675601322	0.00526176091989076	0.00113746190279841	0.000136117765659159	1.03776160953052e-05	
6.78372560337239e-07	3.03055567715875e-06	2.00488586038799e-05	0.000362811341943842	0.00236925303505174	0.011506806071343	0.0399802997659032	0.101986574962789	0.181080354461166	0.229314575388217	0.208310140549725	0.13384676255507	0.0640353391401582	0.0208678091301175	0.00515239444167184	0.00098313880668353	0.000164166159601612	1.58164037165585e-05	
1.65435936044026e-06	3.47047830279023e-06	0.000242977597444928	0.00236537360272441	0.0118936232519929	0.0408661466811772	0.102851447911488	0.180804949207932	0.229487546820943	0.206325633449787	0.134058165275176	0.0642156202875574	0.0210820601359186	0.00483431010141238	0.000788320617020455	0.000168421135601087	1.02790861595355e-05	
9.87290397051432e-07	2.93166305214004e-05	0.000250484415138489	0.00239600643686815	0.0117387207284883	0.041205743575147	0.103146714793783	0.180620055355899	0.228935623368636	0.206819500644579	0.133077108389404	0.0638525790946519	0.0220999576857651	0.00496707272324332	0.000722335546541234	0.000126793137633269	1.10001833044611e-05	
3.0411534616135e-06	3.85065856178211e-05	0.000303197123497819	0.00237233476506039	0.012053846810107	0.0415412601003207	0.103939566022112	0.181972192133494	0.22892492771641	0.206482882662059	0.132974288193424	0.0624276596638991	0.0211549392908638	0.0048948981036557	0.000793351727071785	0.000115262654507675	7.84529443720583e-06	
5.12900501877154e-06	3.08323971683194e-05	0.000244609034515439	0.0020654495914711	0.0123386277676117	0.0424171049734634	0.106066889915304	0.183679504571093	0.228697212077886	0.203799671978606	0.13293332590418	0.0614928741741034	0.020344070729023	0.00493842928606125	0.000830023307205637	0.00011546462791903	7.80659369855696e-07	
5.32823066686768e-06	4.22238526234494e-05	0.000300624767570555	0.00215147230086397	0.0126610016440698	0.043032990862099	0.105926022333794	0.186231375412727	0.228569971373953	0.20368913681428	0.131295183021471	0.0599845264965492	0.020453674210094	0.0048470965539204	0.000738614099137147	6.21919269470194e-05	8.56609923397658e-06	
6.96380683832301e-06	2.84361573852113e-05	0.000288097174563695	0.00257735123819501	0.0131718531192979	0.0439402828046814	0.105261646547785	0.18848856551006	0.231312822895067	0.204809787403287	0.127589545253707	0.0577772934569821	0.0189409221953937	0.00486157547724615	0.00082269987482355	0.000112200385152199	9.95669953441326e-06	
9.9361783150109e-06	5.23497608992502e-05	0.000300902078570877	0.00251264805635747	0.0139317048760161	0.0459454577888264	0.107171249656217	0.187733524679682	0.231036528296931	0.201926032057497	0.126929916888822	0.0568251072854048	0.0194752791469123	0.00510863728693006	0.000895830755182155	0.000140932564895129	3.96264254229602e-06	
