# <P(U)> as a function of N_tot.
# number_of_species: 1
# species_total_upper_bound: 496
# species_total_lower_bound: 473
# volume: 729
# Bin widths for each
10	10	10	10	10	10	10	10	10	10	10	10	10	10	10	10	10	10	10	10	10	10	10	10	
# Bin lower bound for each
-2520	-2530	-2540	-2560	-2570	-2580	-2580	-2590	-2600	-2610	-2620	-2620	-2630	-2640	-2650	-2660	-2670	-2680	-2700	-2710	-2720	-2720	-2730	-2750	
# Bin upper bound for each
-2380	-2390	-2390	-2410	-2420	-2430	-2440	-2450	-2460	-2470	-2480	-2490	-2500	-2510	-2520	-2530	-2540	-2550	-2560	-2570	-2580	-2590	-2600	-2610	
# Normalized histogram for each
7.03129918332459e-05	0.000948407796820526	0.00460531927776021	0.0160223686157688	0.0506070945445385	0.109194804505809	0.181308045123499	0.22254643314638	0.211942162022754	0.124669295015963	0.0582155234915797	0.0159475134410006	0.00329562625029263	0.00061165035402228	1.54434219788783e-05	
0.000148902850059231	0.000749923898173923	0.00378281088971287	0.0144460520573166	0.0487398271113214	0.110672134995471	0.184107096357748	0.221604574911704	0.200615691279648	0.131999350842255	0.0604732616692523	0.0180635477754428	0.00390961670352562	0.000513183036811278	0.000174025621559372	
0.000283200755347806	0.000909650302650305	0.0030263663730266	0.0120116119599287	0.0456907241820551	0.104420619821483	0.175456627048023	0.223742902554429	0.206149739027953	0.136528915498744	0.0650847820871331	0.0211036501096583	0.00457941453073188	0.000841492591903793	0.000167660678841687	2.64247809043963e-06	
6.36224823674835e-06	8.25274485566785e-05	0.000600414455027994	0.0027871191739984	0.0117026285174144	0.0415250309023486	0.106205282483822	0.179329873482149	0.222768486875591	0.206593016069221	0.138487966261906	0.0634656075038173	0.0211042136261179	0.0044108558132771	0.000722842288955137	0.000207772849560096	
2.38479939786546e-05	4.88792853684638e-05	0.000441005842849548	0.00248046444241342	0.00983129000626146	0.0385866914176076	0.101820102566399	0.176581470163292	0.227586503819456	0.212949569957863	0.137603744462737	0.0650631530379477	0.0221570619781146	0.00414736640321915	0.00050108094218509	0.000177767680306536	
6.33942511994943e-05	0.000272206413852322	0.000497206266897032	0.00253251442309649	0.0105835843254323	0.037397272600254	0.0960412053589394	0.176139796532488	0.235390270293734	0.213742263934414	0.136628899910787	0.0638910957302932	0.0216623853692218	0.00452522815373965	0.000631048623209802	1.62781244164179e-06	
0.000340607069396055	0.000687030268045404	0.00182499230726029	0.0104845726262786	0.0378188352074295	0.093901952056556	0.172539109379763	0.237382407408585	0.21076779994551	0.135449471377465	0.0696152503271118	0.0230604981042145	0.00513146178775818	0.000925491567430476	7.05205671961949e-05	
8.45272507763468e-05	0.000856512833664578	0.00258347650511111	0.0109207409550896	0.0374598697884679	0.0904491939966948	0.167468896219779	0.234824615846126	0.215705630791803	0.141165724307717	0.0680821144473797	0.0230158711603272	0.00676784518636191	0.000591960523256054	2.30201874454732e-05	
1.83568785168004e-05	0.000339285754655345	0.00379444817459833	0.0122774963207118	0.0358393185347956	0.0920734003856753	0.168103431515505	0.22996421312969	0.212292688220174	0.142849068930983	0.0707288720692859	0.0241026719205319	0.00663741321740467	0.000907354280973276	7.19806664993749e-05	
5.68442747140588e-05	0.000201283204590276	0.00271824577338217	0.0128310794622338	0.0370167808340434	0.0957226835804302	0.169834526931315	0.224020387326521	0.213250110503689	0.14327630192059	0.068268568199907	0.0259133456036137	0.00593447199356386	0.000913989165147378	4.13812262601572e-05	
4.37356315842559e-05	0.000409880253058016	0.00282246985458555	0.0127700218765107	0.0379239226079305	0.0975931490698135	0.167087067817183	0.226777509973115	0.213724032512182	0.138330759626186	0.0692589810206488	0.0258033270381848	0.00641713880280882	0.000906797021455675	0.000131206894752768	
0.00039557893611687	0.00272942513742501	0.0121892539313481	0.0387152896212236	0.0986899923830198	0.174387480517607	0.223864915702668	0.211841645024391	0.140047370403796	0.0681942629756974	0.0228609342771495	0.00506796405897706	0.000999897020861314	1.59900097200141e-05	
0.000243874557681243	0.00254211875562469	0.0123545593214309	0.0384259641724068	0.0973260201403687	0.178027651808466	0.223234551933694	0.207374091252846	0.140315910157337	0.0682474895177443	0.0245190842824786	0.00654024873481997	0.000691135844675596	0.00015729952042598	
0.000219633617903445	0.00185858027923336	0.0116576121631051	0.0392435274568449	0.0944079754017059	0.176831488917101	0.222370900441625	0.208715696194525	0.144526890478748	0.0690995214621391	0.0226164739810925	0.00750420454081179	0.000919810155345063	2.7684909819762e-05	
0.000106014571179021	0.00209380873228195	0.0110737038440632	0.040531926644286	0.0953065128480442	0.175115455315403	0.223796592146943	0.207010672356981	0.142936471208202	0.0707711374198584	0.0231821601864247	0.00669350022568952	0.00121669529199765	0.000165349208645224	
0.000150141097946007	0.00264365604309661	0.0114347559298714	0.03789964331166	0.0954590163528266	0.172369908684812	0.229621979731778	0.208297897116184	0.143744988070472	0.0687431505350325	0.0220325867296081	0.006215246836755	0.00125018478586725	0.000136844774090503	
0.000129899695129352	0.00278365861835273	0.0119868552005474	0.0408429571731202	0.0950952696173142	0.170140800116516	0.224770674553371	0.211512130860166	0.141653485346593	0.0673456932674562	0.0247617193471163	0.00742716268231061	0.00138772894001193	0.000161964581995246	
9.21140743347326e-05	0.00266816037259149	0.0114634805800006	0.0425721927490319	0.0996828360001683	0.169318094086906	0.220811684040773	0.210847210915054	0.14237870349109	0.0700932605300801	0.0232119183683748	0.0059103769818194	0.000819997501654243	0.000129970308121579	
6.98008072109292e-05	0.000169443988519285	0.0029813711930214	0.0122057839073227	0.046533787173461	0.101164636584373	0.178066917224588	0.220543490328668	0.202873517143812	0.133421208165986	0.0699296183624006	0.0246057118472623	0.00659331006471159	0.000827830829482276	1.35723791799029e-05	
1.19322964906349e-06	9.72482163986744e-05	0.00235986732309071	0.0134254529350594	0.0436289079656006	0.101900533569684	0.178249076972943	0.225322668474012	0.202604769185492	0.132420620610673	0.0690576545554141	0.0233733232886125	0.0064174447447311	0.000973931085703464	0.000167307842936545	
4.84619000618697e-06	0.000260333926297272	0.00193958127387971	0.0139649341594075	0.0455302101707585	0.107709208534702	0.180469140099697	0.217387500587707	0.205683356576624	0.129903058345492	0.0639845867351958	0.023168529148175	0.00812136424159634	0.0017164014709632	0.000156948539498617	
0.000302450761380133	0.00244257813224649	0.0146485338376433	0.0447255239835912	0.111364901599045	0.179014442218902	0.218623789221726	0.198529321253334	0.128358664126392	0.0674764267848106	0.0260288830508119	0.00693564933118419	0.00143397549290632	0.000114860206027135	
0.000145682471261202	0.00306329784397874	0.0160285971253931	0.0492271910648084	0.113580858398489	0.181998299930508	0.221595994216767	0.202189203016412	0.119543087595882	0.0605046712251561	0.0231889831266561	0.00741297279051557	0.00139425087438126	0.000126910319791973	
3.73395997479399e-06	0.000454742982644554	0.00388820808327655	0.0189215754608418	0.0552436711156503	0.119925726201873	0.184734202504385	0.219247461262832	0.189065507171337	0.11987389528127	0.0549579342737697	0.0233613427746808	0.00830432698394184	0.00158871106546592	0.000428960878056691	
