# <P(U)> as a function of N_tot.
# number_of_species: 1
# species_total_upper_bound: 496
# species_total_lower_bound: 473
# volume: 729
# Bin widths for each
10	10	10	10	10	10	10	10	10	10	10	10	10	10	10	10	10	10	10	10	10	10	10	10	
# Bin lower bound for each
-2530	-2530	-2550	-2560	-2570	-2580	-2590	-2600	-2600	-2610	-2630	-2630	-2640	-2650	-2660	-2670	-2680	-2690	-2700	-2710	-2730	-2740	-2750	-2760	
# Bin upper bound for each
-2360	-2370	-2380	-2410	-2410	-2420	-2420	-2430	-2430	-2440	-2460	-2480	-2500	-2510	-2510	-2520	-2530	-2540	-2550	-2560	-2570	-2590	-2600	-2610	
# Normalized histogram for each
7.43988178244543e-06	0.000141646681314325	0.000798985517945067	0.00431719726507056	0.0175679734325433	0.0521084841667036	0.116679203710175	0.19024351238697	0.226843396844883	0.195192305053067	0.120036612886193	0.0542405231435942	0.016719696891993	0.00412049545856614	0.000808346767255795	0.000132646591313425	3.9380811143585e-05	2.15250948657159e-06	
0.000121834132450934	0.00068729857826308	0.0038853403558008	0.0166746904917909	0.0500871228306946	0.115984254436695	0.187826006371564	0.225788685574418	0.196845612698563	0.122977565258476	0.0561980739859004	0.0178990107002332	0.00414724709116158	0.000720800449531587	0.000135200387397185	2.01068716879624e-05	1.14978537172051e-06	
4.15175524400689e-07	8.89048278113199e-05	0.000783751175286749	0.00385881312054872	0.0145491247491499	0.0485132457098231	0.112773655251845	0.185034353985094	0.228934298115354	0.199731939775211	0.125475349132194	0.0564207360131482	0.0187513596103649	0.00415781108010418	0.000806972371858401	0.000115948502486937	2.64853351772853e-06	6.72870677476978e-07	
1.00070186369571e-06	5.25225521031151e-05	0.000605524697722277	0.00391310168057299	0.0147945193102865	0.0467360650549991	0.109863212060848	0.183851419561354	0.227404537902755	0.200893229342683	0.128437368014572	0.0584438765794935	0.0193963469006777	0.00456065585657049	0.000904134133849078	0.00014248564964936	
4.51895351283442e-06	5.6530093625521e-05	0.000468776664883935	0.00354330569278479	0.0138403313262176	0.0457699040401661	0.108063966046022	0.179599777299063	0.228073569829647	0.202615987648808	0.131932272572799	0.0603558626960013	0.0200805024224325	0.00464346939115621	0.000773863593287046	0.000175706698847756	1.65503074514636e-06	
1.49900396001491e-05	0.000130455023442525	0.000524407061294574	0.00311608861548028	0.0138685173180804	0.0448819175799045	0.106833552324925	0.181392744556388	0.227759667727592	0.202659931506298	0.131520351041145	0.0612835503818249	0.0202241072720002	0.0047155100315702	0.000918014170143359	0.000148736260615478	7.45908969556796e-06	
3.38311289991358e-06	0.00013688595271958	0.000618863878977782	0.00296139486496666	0.013529155233239	0.04404810104138	0.105872421829417	0.179711029532147	0.225839860668953	0.20430754705404	0.133026832943099	0.062640691954732	0.0209552326260237	0.00520989266163487	0.00103582531501841	9.1459710277151e-05	7.98067658441153e-06	3.4409438896557e-06	
1.37390274342057e-06	8.23473918003864e-05	0.00068873021420966	0.0030256520079632	0.0129969897935513	0.0443976237672332	0.105093204983628	0.177867372627068	0.2248742257118	0.20672453660719	0.134390307084328	0.0630966714993334	0.0205121799515252	0.0051547529341067	0.000940284575462895	0.000125111922456119	1.04705851182789e-05	1.8164440481434e-05	
3.88631784434458e-05	0.00053592093113876	0.00329825356579723	0.0135178609936544	0.0440659002226987	0.106187569911322	0.178808736649478	0.223887623440177	0.205159840056175	0.135493884597171	0.0622613270499162	0.0206034491530788	0.0051146903561885	0.000834049226424409	0.000166577011153675	7.4305707304961e-06	1.79799690209877e-05	4.31174317050064e-08	
6.36695461344389e-05	0.000417176162724245	0.002854688452353	0.0131450480051615	0.0436756892086313	0.105705922100239	0.17956475486898	0.224085550050187	0.205476427621946	0.134820107677959	0.0625629148730781	0.0214708426577777	0.00508907471784603	0.000885279438989758	0.000140351431461012	2.3311406784162e-05	1.15491613135428e-05	7.64261843380815e-06	
1.43450733554312e-06	0.000115716925067145	0.000400086908642458	0.0027756873114915	0.0124345767966385	0.0412362916123329	0.104319567393091	0.178936886894905	0.225626697227861	0.206499806179776	0.135418448813494	0.0640662508367432	0.0222180293354219	0.00487120718897444	0.000934454954929678	0.000132509099171444	1.06322308399078e-05	1.71578328368883e-06	
4.13245856800819e-05	0.000314232037520596	0.00269873902478429	0.0117501531788441	0.0412107470856543	0.102714441527412	0.181299538669516	0.22898182506365	0.204018891551142	0.13564655261053	0.0639686667808132	0.0214848648774941	0.00495120892121651	0.000819786267618997	8.09273136234938e-05	1.81005045001172e-05	
2.35257569797919e-05	0.000355026323140404	0.00244797104450387	0.0115739637432095	0.0413632555023105	0.102742955967315	0.182674320787217	0.22998090786855	0.203172369816896	0.134147534816105	0.0635183487981256	0.0215011522896314	0.0055730892464946	0.000838673087276056	8.69049522454925e-05	
2.53904141858231e-05	0.000351795227855095	0.00240180898973557	0.012091301611157	0.04225120850782	0.101767360495612	0.181978079958664	0.22759103450124	0.20783156562234	0.133620711424502	0.0627524914550907	0.0205079479309945	0.0057432840905569	0.000990101961003801	9.59178092422046e-05	
4.32011997732622e-05	0.000359027838269371	0.0024356457401466	0.0116986165337977	0.0424575802743792	0.101008347542489	0.180533359550084	0.226790943916335	0.207371499705096	0.134476647621204	0.0636993874877733	0.0221501944005573	0.00579067609102984	0.00106030379808542	0.000124263969760875	3.04331218383531e-07	
3.48076148209934e-05	0.000328307315012239	0.00246185272530895	0.0111580664567516	0.0398108686095595	0.101349729955095	0.177373316941571	0.230439584699802	0.20854446811217	0.136178922158418	0.0636017063967117	0.0218569283771278	0.00554061547125024	0.00115990602945656	0.000156717738192842	4.2013987513749e-06	
2.54545801905442e-05	0.000355102484978436	0.00244580250575941	0.0113957493596184	0.0396303135379006	0.101961509707824	0.17879611842053	0.227537133636532	0.210258575694511	0.135152396751835	0.0646528590727271	0.0210353129200448	0.00550894790189167	0.00110063331023242	0.000140319066507896	3.77104891711765e-06	
2.36615396907038e-06	0.0002178106995739	0.0023053811723911	0.0118155212975512	0.0401452890490229	0.102225309691848	0.180974400746255	0.229446725261587	0.206253822428336	0.135410162481856	0.0646598756756286	0.0206658642314413	0.00496226766218744	0.000777579077730469	0.000135050659287292	2.57371133477831e-06	
4.10062811298464e-05	0.000204311754411043	0.00241902460048873	0.0118295301772115	0.0419308392186619	0.102271865609892	0.181885954847725	0.22747575007138	0.207199036696996	0.132996918522595	0.0641017300097459	0.0219379313816143	0.00489595344675784	0.000711624358993149	7.99366452264572e-05	1.85863771709023e-05	
2.9848326262363e-05	0.000320243922900128	0.00215147122801074	0.0121838683441896	0.0419981849342018	0.103138700125991	0.182131569763156	0.229009575851828	0.205807596721158	0.132561946959179	0.0636570512198385	0.0212336071305509	0.00483437814917815	0.000799890903607132	0.00012730124512452	1.47651748254765e-05	
4.50336573729234e-06	3.51070310678552e-05	0.000228957704375266	0.00188334050279227	0.0119858314777659	0.0432985435058013	0.104689070535929	0.18233735198772	0.227760989849674	0.205733078400728	0.134043930579903	0.0613444636397358	0.0206614694622444	0.00495077786924706	0.000935986125130163	0.000105815365052781	7.82597094590438e-07	
8.55074667035293e-06	4.40534468456583e-05	0.00031190387614513	0.00200484226731763	0.0120917545190901	0.0423378250337187	0.10498286621904	0.184231692564074	0.226649456818264	0.206318667968241	0.134122374346162	0.0600764379291312	0.0209536252374919	0.00497021385020668	0.000842173300459064	5.35618771430907e-05	
1.30439269321912e-05	2.94073748682453e-05	0.000181884957908749	0.00222294960901001	0.0124752420206291	0.0437392621759893	0.105610436772381	0.186225128316704	0.229469520158143	0.206118108612413	0.129862471556113	0.0584095615648283	0.0195602844022347	0.00504284826692629	0.000910402739715008	0.000129447545204576	
1.86383888654931e-05	8.78112189704628e-05	0.000314273190825747	0.00239629494346196	0.0133617139784741	0.0462905743961762	0.108413253630738	0.184086970716387	0.229520512053123	0.204880880933465	0.128308860070174	0.0565241454433917	0.0194348055575737	0.00527697997969386	0.000933749999323942	0.000150535499356345	
