# <P(U)> as a function of N_tot.
# number_of_species: 1
# species_total_upper_bound: 496
# species_total_lower_bound: 473
# volume: 729
# Bin widths for each
10	10	10	10	10	10	10	10	10	10	10	10	10	10	10	10	10	10	10	10	10	10	10	10	
# Bin lower bound for each
-2530	-2540	-2550	-2570	-2570	-2580	-2590	-2600	-2600	-2610	-2630	-2630	-2650	-2650	-2660	-2670	-2680	-2690	-2700	-2710	-2730	-2740	-2750	-2760	
# Bin upper bound for each
-2360	-2370	-2380	-2400	-2400	-2420	-2420	-2430	-2430	-2440	-2460	-2480	-2490	-2500	-2510	-2520	-2530	-2540	-2550	-2560	-2570	-2580	-2590	-2600	
# Normalized histogram for each
2.03933346829896e-05	0.000166540745458438	0.000761958622531389	0.00412910548682332	0.0169848129727758	0.0515106225264524	0.116871944784376	0.190432486800065	0.225499476638572	0.195370209702105	0.12129607384628	0.0549931966292739	0.0171523565110508	0.00396137874601453	0.000724074266990271	9.76469505128302e-05	2.62847424802977e-05	1.43669355449903e-06	
1.50179792621737e-05	0.000135324739745943	0.000715860206131972	0.00382149589596579	0.0162198680466864	0.0493248421595524	0.114901850125915	0.18844617881606	0.225561231325174	0.196843107669011	0.123890680956678	0.0569294887472543	0.0182077233029997	0.00411590387615387	0.000723182309613977	0.000130781968737474	1.66951626513762e-05	7.66712406492593e-07	
1.61846905717483e-06	9.77306315294034e-05	0.000776127738465207	0.0037390465916732	0.014264046637881	0.047907833301173	0.111198812767714	0.186520878293933	0.227831649760002	0.199599190447524	0.12630168606073	0.0577576061413795	0.0190725086300074	0.00410845018304837	0.000705422667168628	0.000106598692753923	1.03428791819457e-05	4.50106779214303e-07	
2.67705944486029e-07	1.56799196056102e-06	6.64771225718342e-05	0.000599603950089171	0.00380510536843829	0.0146096408004817	0.0459476141725936	0.108751247091411	0.18399403750023	0.228118985310717	0.201803051165117	0.128608851813698	0.0590037956209293	0.0193931157867505	0.0044166126721305	0.000760696002183639	0.000110256605421889	9.07331933275861e-06	
7.80684944162446e-06	5.51760847374836e-05	0.000545355965975618	0.0035320088173035	0.0138305491736402	0.0451359290118667	0.106833210483483	0.180660636341195	0.227906911357719	0.20347554407427	0.132195407726924	0.0605922041684908	0.0197923606588524	0.00458426265329692	0.000703759149725971	0.000145996726827132	2.41023273044002e-06	4.70523521081917e-07	
1.11299059402054e-05	0.000101397281013871	0.000532777083661833	0.00309972677807971	0.0138317673651623	0.0448036954204524	0.10581007763474	0.180913042217595	0.227312391954759	0.204706401620622	0.131724672378266	0.0614876067250039	0.0200360566735578	0.00465568762852043	0.000850842930142704	0.000113697746027099	9.02865645666664e-06	
6.50857756714738e-06	0.000109476383496893	0.000577135414934281	0.00293483169288103	0.0133600296844816	0.044032616888158	0.105605744878905	0.179290204629104	0.225359594117818	0.205113451025158	0.133774581023499	0.0625791010245306	0.0209637545079568	0.00520494494692346	0.000996828434374607	7.95599319695483e-05	9.3554811569011e-06	2.28135708539187e-06	
1.08142826585331e-06	7.18049228203308e-05	0.000623084514202756	0.00289559595803457	0.0127226781622683	0.0439088012211679	0.104678657753822	0.178442994609616	0.225142694220425	0.206799996053265	0.134560779297497	0.062953528165938	0.0209323551977361	0.00517829005385637	0.000958757933891295	0.000102764395740999	1.41159884259613e-05	1.20201230257678e-05	
3.68097244724346e-05	0.000455109858460404	0.00320804958414987	0.0130553763833944	0.0437406442944684	0.105264709888061	0.178050556037331	0.224324264957962	0.206684445496296	0.134954234658576	0.0630541797809663	0.0208492723211005	0.00537247283843747	0.000799427792069389	0.00013172650103608	6.74908589263778e-06	1.1942159054724e-05	2.8638271114446e-08	
5.22350707589398e-05	0.00040970760317117	0.00285902350347374	0.0128775435887571	0.043067286111669	0.104654449398841	0.179704951498762	0.225554138235981	0.204996137896652	0.134512486925151	0.0628422522808999	0.022006043149309	0.00545369327869153	0.000878527295652846	0.000101925550059322	1.68188981907633e-05	7.69053106248064e-06	5.08918291711511e-06	
9.58669817432142e-07	7.89868739774482e-05	0.000333955450519597	0.00272061095463542	0.0124349625942545	0.0413922517391751	0.104441117818406	0.178823707434649	0.226187936409175	0.206204022324788	0.135116540649363	0.0642457841437422	0.0218709710314888	0.0050614758768833	0.000962147345201258	0.00011514376405256	8.28027557997762e-06	1.14664429143844e-06	
2.83336396953036e-05	0.000332561761054834	0.00247735173989543	0.0116061074092946	0.0417166871472424	0.103851074940612	0.18048234183465	0.229013714531354	0.204664920547151	0.134934164918316	0.0636829247709343	0.0210190805084392	0.00503246868275213	0.00102567213335642	0.000120476548013044	1.21188872398371e-05	
5.96179306664705e-07	4.34372516715238e-05	0.000372910156318773	0.00229281246041579	0.0112816221189379	0.0415878289398365	0.102597242108062	0.183083004163176	0.230777916929754	0.203847594063448	0.134509658449434	0.0622605885962785	0.0208254653966632	0.00550624686924355	0.000915908405768653	9.61898050096835e-05	9.78106674996782e-07	
6.37606698454557e-05	0.000370326561823069	0.00220102054469126	0.0116645091282822	0.0415210629873773	0.101472847405814	0.182308167351171	0.228383082546611	0.207992238897234	0.134574882306116	0.0628599022754802	0.020130320958882	0.0053727713688081	0.000981014557038575	9.82421586919021e-05	5.85028213448432e-06	
4.61677535159041e-05	0.000422664623444295	0.00229461622931931	0.0114482851189795	0.041550820405156	0.100282912281565	0.181666917782126	0.229982525110896	0.207147202545943	0.134208323157868	0.0627446867736467	0.0214634674891227	0.00556950146510002	0.00103613430820326	0.000131747456616139	4.02749849766882e-06	
3.0870209729216e-05	0.000326122049227103	0.00220417967695003	0.011176155457706	0.0402929092529321	0.100617390183899	0.179010910073865	0.231229537102373	0.20854092303982	0.135854926640286	0.0629075095357891	0.0213500985815162	0.00525717336574347	0.00104074171820225	0.000156284523204006	4.26858875832124e-06	
1.75117873247763e-05	0.000402538115024875	0.00238827600843384	0.0114951603160793	0.0404855374631279	0.101447032817294	0.180095694322144	0.229234198263405	0.20929896223974	0.134445633477303	0.0637556273042819	0.0205061352020327	0.00526994825569737	0.000997622012982097	0.000154810164583214	5.31225054556813e-06	
4.35764822686783e-06	0.000255447383158373	0.00228787681543551	0.0121533972824869	0.0411451932989108	0.103478842516832	0.180639013526558	0.229044875702544	0.207335378851196	0.133709018978078	0.0638037004535513	0.0205217171575783	0.00472985085015162	0.000738291531144813	0.000146812792393899	6.22521175266832e-06	
3.15233137068965e-05	0.0002580255399932	0.00239719667687839	0.012036420686323	0.0422001995272099	0.10351676974635	0.180806449805949	0.228456587922298	0.207489337739693	0.132607703591971	0.0632821908466485	0.021290855390286	0.0047864496649556	0.000706448169716827	0.000119937594455279	1.39037835640758e-05	
3.38478214590168e-05	0.000326197804772162	0.0023923279510866	0.0123065974898136	0.0427899399180252	0.10441497001479	0.1819118301901	0.228507553707038	0.206416091148344	0.13194621719685	0.0622217966583527	0.0209695853014371	0.00485020410022525	0.00078596482094865	0.000116947430363755	9.9284463933617e-06	
3.02436511522453e-06	2.40842734175807e-05	0.000208745737327952	0.00204684973923242	0.0124680834968934	0.0434784296470988	0.106571194836479	0.183250846541003	0.228588864247075	0.204060175128813	0.13333402303611	0.0604252198340003	0.0197525342750469	0.00476816978166131	0.000900799773069345	0.000118272961381052	6.82326275995778e-07	
5.77320278603867e-06	3.19604506235101e-05	0.000289279026640597	0.00208984398579925	0.0127113085745575	0.0433308520261711	0.105894930535854	0.185123409691622	0.228609630151171	0.204371489471262	0.132400665187501	0.0592515440707965	0.020024330770564	0.0049724272296795	0.00081647866793719	6.76804109012885e-05	8.39654613201464e-06	
8.81360812159377e-06	1.9870172481101e-05	0.000266092787544337	0.00233740237858715	0.0129882708652028	0.0444349082093892	0.105702895857532	0.187347303308606	0.230935677022194	0.205271846202966	0.128746469833514	0.0572091768516269	0.0188108921901027	0.00491381454616126	0.000880579034881432	0.000113385625919089	1.26015051706842e-05	
1.2617561121569e-05	5.94452358792968e-05	0.000274450730526747	0.00232824983311773	0.0136499667737557	0.0465467368733804	0.108495572888346	0.186644089994454	0.229506452080005	0.203666926127785	0.127111019366755	0.0563734511943723	0.0191471114497157	0.00504463049171837	0.000961788617397694	0.000172458778127398	5.03200354253049e-06	
