# <P(U)> as a function of N_tot.
# number_of_species: 1
# species_total_upper_bound: 496
# species_total_lower_bound: 473
# volume: 729
# Bin widths for each
10	10	10	10	10	10	10	10	10	10	10	10	10	10	10	10	10	10	10	10	10	10	10	10	
# Bin lower bound for each
-2530	-2530	-2550	-2560	-2570	-2580	-2590	-2590	-2600	-2610	-2630	-2630	-2640	-2650	-2660	-2670	-2680	-2690	-2700	-2710	-2720	-2730	-2740	-2750	
# Bin upper bound for each
-2360	-2370	-2380	-2410	-2410	-2420	-2420	-2430	-2430	-2440	-2460	-2480	-2500	-2510	-2520	-2520	-2530	-2540	-2550	-2560	-2570	-2590	-2600	-2610	
# Normalized histogram for each
8.74135443977211e-06	0.00015615623465224	0.000851696471997835	0.00452323507173979	0.0180391003330117	0.0529789050749164	0.118450156160478	0.190386920353786	0.225782871035912	0.193980957935329	0.117956634564962	0.0541953621428573	0.0173259246252526	0.00434263699166372	0.000816052114088085	0.000155850711584442	4.62697712676093e-05	2.52905206121562e-06	
0.000128071164135016	0.000677954385185491	0.00397002062441437	0.0168358953326777	0.0509626286286092	0.117686592360326	0.188917359451128	0.225841139320806	0.195164217631619	0.120911402692007	0.0553557258356513	0.0181072494837574	0.00447006467206001	0.00078813672557811	0.000158605244999749	2.35876196188635e-05	1.34882742638247e-06	
4.86645368716009e-07	9.58355758874872e-05	0.000793366198005361	0.00379554860111356	0.0145807510713456	0.0490047691078325	0.113936501404752	0.186420281808278	0.229318222088467	0.197916825560575	0.12398247277903	0.0559624721913636	0.0188575919421193	0.00431090604658381	0.000884335320205689	0.0001357404961222	3.10446183491247e-06	7.88701114815601e-07	
1.17196951620228e-06	5.39440825886248e-05	0.000601136649703468	0.00376108457139635	0.014848602633958	0.0470373983508983	0.110696438531974	0.184788167179643	0.228305822967375	0.199615205574503	0.127506499575513	0.0578900202375696	0.0191624884837253	0.00464439799575801	0.000936286446494	0.000151334749385034	
5.29625022616591e-06	5.29119011448486e-05	0.000471214466778334	0.00335649014731318	0.0137875224359027	0.0456280390503661	0.108469447948056	0.180624768278511	0.229111062013035	0.202797098174381	0.130665408565477	0.0591250436076208	0.0200819977604283	0.00479283658205716	0.000844195298788547	0.000184727810436207	1.93970947773592e-06	
1.75080204946907e-05	0.000133081099215636	0.000494991858434746	0.00307419353533717	0.0136321174111019	0.0454999376643968	0.106274406209945	0.181849514048357	0.228961364633198	0.203371554589848	0.13030187302079	0.0603380605716072	0.0202037520644734	0.00470354733142265	0.000962638975368196	0.00017274692129517	8.71204471404073e-06	
3.9515001650849e-06	0.000138522033564921	0.000566905179666945	0.00277456103899192	0.0131336720230546	0.0435690212924391	0.105541175172096	0.179894138972842	0.226886223273674	0.205689819125315	0.132680753776013	0.0622996386775268	0.0205297489196531	0.00514630547568497	0.00102539740608669	0.00010682559848003	9.32148756891822e-06	4.01904717645387e-06	
8.71612272787565e-05	0.000682213647058314	0.00276877601907142	0.0123251079636393	0.0439135570204456	0.104595619229731	0.177640277012138	0.225537509446269	0.208505171261924	0.134374471404424	0.0630808804808474	0.0203589832413822	0.00500598179204159	0.000947533977836271	0.000143291232280259	1.22367129241458e-05	2.12283307081866e-05	
2.61349356481868e-05	0.000566240121196139	0.00319969647148097	0.0130362707162251	0.0430794555860818	0.104978806148067	0.178835545665166	0.223975624883957	0.207105826644315	0.135865288365547	0.062464194801805	0.0209906082410146	0.00490437035322862	0.00079200291150583	0.000150149746117768	8.6948273681548e-06	2.10391277322276e-05	5.04535437223683e-08	
7.36914990497952e-05	0.00044206555736597	0.00287084792165526	0.0127334938760045	0.0428204847215211	0.104825539965031	0.178847983265088	0.225014923112616	0.206965161626267	0.134724213653216	0.0630342831843826	0.0217943442809097	0.00492020917772552	0.000761629009993592	0.000121200488586654	2.73840013452704e-05	1.35668452734338e-05	8.97781396938175e-06	
1.68543188522843e-06	0.000135958172075094	0.000443615586497331	0.00284352187648451	0.0125204620932076	0.0405751698241994	0.103280539492866	0.177194477342037	0.224727258703037	0.20869144836482	0.136182317991987	0.0648746526956921	0.0227462417223607	0.00484974763053476	0.00081816151338432	0.000100233625645056	1.24920245611049e-05	2.0159087254693e-06	
4.85254788599294e-05	0.000347404292081893	0.00282932144169789	0.0116817693178625	0.0406530582615935	0.102840119675798	0.18054346596619	0.228200138208849	0.205279509634913	0.135622598414134	0.064499681847432	0.0217127353787776	0.0048386247557103	0.000807015534942199	8.00210132419161e-05	1.60107779165214e-05	
2.76075664496024e-05	0.000390762028843368	0.00248234909505235	0.0115018535716853	0.0410278279051607	0.102144864940458	0.18123085652532	0.229010210201043	0.20380473032903	0.135328752140606	0.0648331165821383	0.0217545177589218	0.00556864020488761	0.000809767592885029	8.41435575191661e-05	
2.97963876802819e-05	0.000377280565312613	0.00244817809015908	0.0121830465938421	0.0414753895116586	0.100782475811649	0.180370505773601	0.227749482724994	0.207728140090696	0.134593861957093	0.0643155190015775	0.0211358085019847	0.00585035878413379	0.000870961366845806	8.91948387733656e-05	
4.60473293831206e-05	0.000348203509783605	0.00253758603116526	0.0117871100004639	0.0422687702597293	0.100352322936008	0.178292451409517	0.22634010469835	0.208224627605006	0.135104503740449	0.0648496534406899	0.022768789396071	0.00591050015774903	0.00105282341220871	0.000116506073426873	
1.92106232494177e-05	0.000358913853232536	0.0025543763464574	0.0112415279029651	0.0397932310185658	0.100401164167033	0.175134552706834	0.229767916737992	0.209284202058282	0.137438903036525	0.0643362303671348	0.0224513264502829	0.00581053618302119	0.00123693889800945	0.000166040501543183	4.92914887113351e-06	
2.33477184844279e-05	0.00038380257899681	0.00243013553937534	0.0112154483114121	0.0392407484991591	0.100422613269695	0.176008552960582	0.227834911934754	0.210780332925422	0.136654212593629	0.0659624242601317	0.0218544590620582	0.00581485363589194	0.00120470640439657	0.000165015543841407	4.43476217022652e-06	
2.56688396293138e-06	0.000200919981022062	0.00229951929130198	0.0118146965486185	0.0398008928603398	0.101303072921429	0.179736632146546	0.227663233260446	0.206363606176368	0.136243840766018	0.0662996861878083	0.021942002057987	0.00529181930974594	0.000874898691875059	0.000159571894765671	3.04102176500151e-06	
4.84767383397615e-05	0.000191551013324984	0.00246411694729266	0.011701332442788	0.0419958745199506	0.10121183829109	0.18103954512426	0.226854889260266	0.206859208156448	0.133029037500823	0.0659233250481139	0.0226435777344623	0.00514273896254774	0.000778016474859608	9.44993724773752e-05	2.19724129565642e-05	
2.7730925228242e-05	0.000292418841412093	0.00207837882457382	0.0121314121728121	0.0422142439881065	0.10214486592777	0.180976405222483	0.229046572648353	0.206076117460931	0.13288680650485	0.064419004785549	0.0217706097537718	0.00492990042813504	0.000839605327055078	0.000148443937408322	1.74832515606626e-05	
2.32822863653634e-05	0.000257892345762327	0.00193082129215617	0.0121544907891018	0.0427659044255158	0.104104639465916	0.18298749525134	0.227875987072271	0.205237562344293	0.133886339354872	0.0618031459779209	0.0207618854447172	0.00517778227140166	0.000915434154201003	0.000116411431826817	9.26092339724854e-07	
2.76425852106673e-05	0.000309418090572817	0.0020880395850926	0.0122408847071186	0.042254992344386	0.10433251506403	0.185249679130562	0.227285189348375	0.205156877118286	0.133763917005057	0.0602562015611459	0.0210715524578299	0.00507978032209888	0.000821846579001622	6.14641012331309e-05	
2.95373849840894e-07	0.000178176070087357	0.00229029601234965	0.0125033063410317	0.043989551576713	0.104674995148074	0.186350524972046	0.229865312314114	0.206948387571384	0.130433646061491	0.0577312456025193	0.0191941640166026	0.00494249062938769	0.00077236979801729	0.000125238512332539	
8.68297664697778e-06	0.000299949885878995	0.00262227542362381	0.01365484577979	0.0464027992994041	0.107918525405829	0.18302067148177	0.229909256138782	0.205675677937818	0.128683361531863	0.0560994434459113	0.0192604733504124	0.00532218687373825	0.000962805357386705	0.000159045111144737	
