# <P(U)> as a function of N_tot.
# number_of_species: 1
# species_total_upper_bound: 496
# species_total_lower_bound: 473
# volume: 729
# Bin widths for each
10	10	10	10	10	10	10	10	10	10	10	10	10	10	10	10	10	10	10	10	10	10	10	10	
# Bin lower bound for each
-2530	-2540	-2550	-2570	-2570	-2580	-2590	-2600	-2600	-2610	-2630	-2630	-2650	-2650	-2660	-2670	-2680	-2690	-2700	-2710	-2730	-2740	-2750	-2760	
# Bin upper bound for each
-2360	-2370	-2380	-2400	-2400	-2420	-2420	-2430	-2430	-2440	-2460	-2480	-2490	-2500	-2510	-2520	-2530	-2540	-2550	-2560	-2570	-2580	-2590	-2600	
# Normalized histogram for each
1.90495468626193e-05	0.000163357745365166	0.000758099910108656	0.00409612093311652	0.0171393591802689	0.0516934268065926	0.116840030903319	0.190454253152698	0.225466383570885	0.194701545525314	0.121139410051116	0.0551946434511625	0.0173072023508528	0.00415502591490448	0.000750624201410796	9.5571981919269e-05	2.45527492895983e-05	1.34202481443512e-06	
1.40128656886229e-05	0.000128414008480297	0.000704801537491266	0.00380613397948592	0.0163385363839899	0.0496060453165882	0.114722830613892	0.188495489136023	0.225879221474156	0.196735277722926	0.123524662992369	0.0568387407822484	0.0180916379891776	0.00419559685534482	0.000763026022812659	0.000138277563588498	1.6579357362289e-05	7.153983759348e-07	
1.5114779624143e-06	9.12700154227097e-05	0.000770809042548382	0.00372083839160464	0.0144174069457922	0.0482451423356561	0.111348891139968	0.186586713477288	0.227732434879828	0.199862248012588	0.125682889544473	0.0577072179717842	0.0189211193726748	0.00406148438351254	0.000718417102289074	0.000116741549369195	1.4444005380468e-05	4.20351859369658e-07	
2.49855273563639e-07	1.46343803087274e-06	6.20444184674279e-05	0.000579958706954342	0.00374325139790679	0.0145365708925299	0.0460709923604519	0.109304008057833	0.18426974553802	0.227724539022597	0.20166796241909	0.128456021567864	0.0590600310757496	0.0192853469920883	0.00435794891128911	0.000751448658645271	0.000110900047851747	1.75166393573365e-05	
7.2788662960718e-06	5.14444843016341e-05	0.000533819340758899	0.00348460727490187	0.0138000500621264	0.0453190810564702	0.107534085014902	0.181392732368048	0.227541819056552	0.20300076769209	0.13167659830519	0.0605898739527766	0.0196826006033777	0.00453676605503478	0.000698833836088419	0.000140303952922191	8.89937650466835e-06	4.38701658680834e-07	
1.03865574022317e-05	9.46251195058491e-05	0.000517904195433178	0.00309086040432826	0.0138944291323308	0.0450730030827123	0.106060665482134	0.181985630054571	0.226896334223945	0.204315376426121	0.13110164358496	0.061507939385985	0.0199401487165197	0.00456252814107896	0.000833995789755233	0.000106104056221074	8.42564699612075e-06	
6.07308728898448e-06	0.000102151295916777	0.000574653586494792	0.00288617436098354	0.0134362002816177	0.0441391805280114	0.106151483779996	0.18008063324752	0.224995478501544	0.204644044234651	0.133322145376848	0.0625721184705669	0.0208995147424373	0.00509828075370931	0.000997247442503538	8.3762094935699e-05	8.72950396767136e-06	2.12871100851002e-06	
1.01044786098426e-06	6.70919495660614e-05	0.000604632327576752	0.00286756160930865	0.0128232808331749	0.0436881350502732	0.105218105662604	0.179406698816852	0.225505699869319	0.205838360587154	0.13407850852602	0.0627099769895984	0.0209745726697514	0.00508070174334179	0.00100637030147445	0.00010487196914711	1.31894742916088e-05	1.12311726849224e-05	
3.43879135544572e-05	0.000469721419820232	0.0032019374664175	0.0130476626380875	0.0439569569268463	0.105382331841386	0.178815982221591	0.224666031245326	0.206161204706353	0.134631900973582	0.0626299596260389	0.0206789078423626	0.00533594115478877	0.000822197533753418	0.00014738823841144	6.30504535347542e-06	1.11564522449756e-05	2.67540821222437e-08	
5.23703199174348e-05	0.000430786975142639	0.00291107749449926	0.0127767850060327	0.0431692629949446	0.104606850723626	0.180281052754074	0.226148792368349	0.205052682456215	0.133998239028109	0.0623780794914646	0.0217139400565394	0.00541075722781114	0.000913042857338795	0.000128513194775453	1.58277494046787e-05	7.18479076828797e-06	4.75451098811676e-06	
8.945279541345e-07	7.38950249170323e-05	0.000341955235172671	0.00280469593148779	0.0126649460216838	0.0414334298303902	0.104864889401572	0.178750013121936	0.226305688739123	0.206074790201842	0.135148949121276	0.0635694799725759	0.0217312060838846	0.00507948051885182	0.0010079049873801	0.000138222108677587	8.48924568237447e-06	1.06992559220009e-06	
2.64257103437241e-05	0.000332065318831309	0.00260540195717045	0.0120246947432715	0.0418020295924598	0.103761631246249	0.180449776954067	0.228966655596366	0.204350105503534	0.135140837934362	0.0633058093344525	0.0210370245968379	0.00503365637212603	0.00102354827130223	0.000125852117703803	1.44847509227757e-05	
5.55618708952908e-07	4.04820318726158e-05	0.000382786564299244	0.00237191890543531	0.0114810879632447	0.0418139627780262	0.102430913458167	0.182807427781765	0.230484826113829	0.203967159253327	0.134786092787317	0.0620410101127293	0.0208888760324893	0.00548678684016393	0.000903375249961137	0.000109639198052598	3.09931061087794e-06	
5.92993768296673e-05	0.000382131451704187	0.00226505884774424	0.0117237743426611	0.0414509273034752	0.1016837613822	0.182365066110368	0.228211396148729	0.207516783152751	0.134573478901251	0.0632483985121986	0.0201380959204267	0.00531221001373631	0.000964338036614163	9.63098328387758e-05	8.97066647161924e-06	
4.28186346112568e-05	0.000416205735182142	0.00221798805934165	0.011347600892559	0.0414489977431438	0.100756946531644	0.182554171748134	0.230066047162932	0.206521117104869	0.134089450460135	0.0626266812973566	0.0212952346922069	0.00546909724917513	0.00100571720434062	0.000128653859330466	1.32716250393082e-05	
2.87316427150846e-05	0.00032356663057642	0.00211509759213069	0.0109477260113131	0.0400849032602038	0.101241170585159	0.180245955334829	0.231377988987353	0.208240761776413	0.135367709763599	0.06261915576126	0.0210960592451497	0.00514437594161744	0.00101265831117812	0.000146802496453197	7.33666004813888e-06	
1.62405799126464e-05	0.000385339954361637	0.00235477172568452	0.011334282570308	0.0401059176221952	0.101953848939218	0.180746720774966	0.229538522322789	0.209189749862139	0.134051760465466	0.0635814814138404	0.0204752138888264	0.00515582663562109	0.000960882251223379	0.000144514367290819	4.92662615764154e-06	
4.04543407166875e-06	0.0002492297911872	0.00229470994112634	0.0120231421945666	0.0410141028575851	0.103631246315172	0.180429059427694	0.229109906775516	0.207548312467016	0.133783600208779	0.0635415639584291	0.0207273723238365	0.00475209981101957	0.000732732480853129	0.000152838051846266	6.03796130099814e-06	
2.92690262591846e-05	0.000242392500184261	0.00235627334410203	0.0118374750547482	0.0418806389567644	0.103568488328204	0.180555028588186	0.228445355220835	0.207792300210664	0.132873830661329	0.0633542470109364	0.0213726839553545	0.00483647096718386	0.000710368346328896	0.000132268329301846	1.29094996174188e-05	
3.14502410111177e-05	0.000309950287888475	0.0023632942846473	0.0121064856616183	0.0422645199699011	0.104278184663411	0.181787506623683	0.227934485856971	0.20701932409571	0.132896694691097	0.0622311300238305	0.020930096522785	0.00491989396440247	0.000786109182625598	0.000131648756729043	9.22517368851243e-06	
2.81906228602952e-06	2.24493618631375e-05	0.00019602796530415	0.00201091963776494	0.0123416913888975	0.0431636338627343	0.106375192471907	0.183302563440375	0.228491788097345	0.204358174033538	0.133702640806446	0.0604887054183563	0.0198660178766709	0.00466978527150999	0.000882443847846064	0.000124227824031313	9.19633123796215e-07	
5.38240794153365e-06	2.97970103643303e-05	0.000292897722399202	0.00208709111526179	0.0126281882887208	0.0432525910136764	0.106091221979873	0.185397515198025	0.228529850300509	0.204334686496525	0.132352188399228	0.0593115089006254	0.0199564615729831	0.0048535282312722	0.000796165782711657	7.08324885105828e-05	1.00930913719639e-05	
8.21164768375649e-06	1.85130599839705e-05	0.00026611981775553	0.00247435934688803	0.0129720707814895	0.0444700436274349	0.105790301589713	0.187787991350594	0.2311967553881	0.205171971456105	0.128268711611468	0.0570842877422741	0.0187074080933011	0.00480535737259809	0.000847282490470131	0.000118873788908783	1.17408352310521e-05	
1.17408808560919e-05	5.53149237952188e-05	0.000277037615021758	0.00241879617184387	0.0138412056347143	0.0466882417000097	0.108767031047467	0.187481687632817	0.230025791500476	0.202788083565021	0.126464993742565	0.056249241079595	0.0189113268226189	0.00491868653787456	0.000932255641606816	0.000163883128616283	4.68237510332237e-06	
