# <P(U)> as a function of N_tot.
# number_of_species: 1
# species_total_upper_bound: 496
# species_total_lower_bound: 473
# volume: 729
# Bin widths for each
10	10	10	10	10	10	10	10	10	10	10	10	10	10	10	10	10	10	10	10	10	10	10	10	
# Bin lower bound for each
-2530	-2540	-2550	-2570	-2570	-2580	-2590	-2600	-2600	-2610	-2630	-2630	-2640	-2650	-2660	-2670	-2680	-2690	-2700	-2710	-2730	-2740	-2750	-2760	
# Bin upper bound for each
-2360	-2370	-2380	-2400	-2400	-2420	-2420	-2430	-2430	-2440	-2460	-2480	-2490	-2500	-2510	-2520	-2530	-2540	-2550	-2560	-2570	-2580	-2590	-2600	
# Normalized histogram for each
2.1993777871849e-05	0.000168546171038737	0.000761088703859459	0.00409072829572108	0.0169443288399023	0.0513724112192559	0.117018669888899	0.190021498891872	0.225842863701772	0.195765327367609	0.121128989805192	0.0547268731032121	0.0171993110779248	0.00404849816241726	0.000760163197367452	9.88108167084204e-05	2.83475359237165e-05	1.5494434529104e-06	
1.32091241559998e-05	0.000137062750729822	0.00070977853993804	0.00383149353902772	0.0162162567212918	0.0492486380416264	0.114941808795241	0.188532361398123	0.225676098115679	0.197042437825516	0.123745390307655	0.0565709682158809	0.0182424206061097	0.00420383993786957	0.000736796263368231	0.00013260803045499	1.80049251015271e-05	8.26862231987465e-07	
7.74632316123358e-07	9.50628778346585e-05	0.000794442246554353	0.0037549320323146	0.014332980431507	0.0480483252408012	0.111470561162654	0.186472682622357	0.228342902004839	0.199130546491325	0.125941353847415	0.0574666147931554	0.0191338416739131	0.00415673897890323	0.000731635058363071	0.000114965764143588	1.11547053521764e-05	4.85436251437304e-07	
2.8864737900139e-07	1.690648934151e-06	5.63893272549144e-05	0.000602324609296186	0.00380825888601987	0.0146205979676833	0.0459338697308813	0.109027527187181	0.184125905430129	0.227976297761709	0.201339701141926	0.128673269846579	0.0588529738700311	0.0195401595716935	0.00450296096543147	0.000809119838680753	0.000118881484808715	9.78308438115425e-06	
8.41396091587858e-06	5.16118365159736e-05	0.000559668116124086	0.00361556076482884	0.0139105438852641	0.0452122378691537	0.107020987771689	0.18060730624485	0.227797839158226	0.203195003469181	0.132162565341961	0.0605105781910423	0.0198231056308524	0.00463210799361268	0.000732873589541238	0.000156491393615006	2.5976681302405e-06	5.07114495544958e-07	
1.20025208604847e-05	0.000109347103839313	0.000563197597376762	0.00314724721563245	0.0138779768269399	0.0449617328593966	0.105661729809101	0.181348239857218	0.227102728872449	0.204268874512444	0.131815315887104	0.0613197409061349	0.0201169699462258	0.00469406174452667	0.000870027557374016	0.000121070255679769	9.73652769803114e-06	
7.0324088197965e-06	0.000118287394890863	0.000607024272353863	0.00300802742734724	0.0133666413348046	0.0441000078547553	0.105298794725913	0.179399970022674	0.224732151187137	0.205528962670193	0.133936348062436	0.0625927470117545	0.0209709745249074	0.00523222608902288	0.00100242378857385	8.58078160118027e-05	1.01084403654218e-05	2.46496803992867e-06	
1.16726088165012e-06	7.71528453543781e-05	0.000655484128371592	0.00295416168583708	0.012863762392127	0.0442283515148505	0.104557558749686	0.1785314568957	0.224518219785431	0.2069800424007	0.13488738659544	0.0627068763317879	0.0208198745399081	0.00513024586150237	0.000952960047573008	0.000107088438584662	1.52363699153445e-05	1.29741563482526e-05	
3.54523087361579e-05	0.000475524029631462	0.00334628630685602	0.0133650984647483	0.0439382536246229	0.105142995935375	0.178437315126372	0.224107236513939	0.206139913827941	0.135309627858093	0.0627727840333751	0.0207355356870092	0.00524867057186797	0.000786979508267113	0.000138145658192796	7.27569877400977e-06	1.28739733610838e-05	3.08728377963639e-08	
5.35620581289767e-05	0.000411125814721539	0.00293558884232377	0.0131772466538904	0.0433376484234501	0.104728794467167	0.180251888726331	0.225185614997866	0.204926657509546	0.134438457986642	0.0625585742464332	0.0217651593261883	0.00526416485390502	0.000825182479906952	0.000108380195028185	1.81569760444844e-05	8.30237431055445e-06	5.49406811694747e-06	
1.03379826045199e-06	8.51768684395935e-05	0.000345349430653345	0.00281184005093585	0.0126781775373172	0.0417263883644587	0.104643036301978	0.179074615757711	0.226243435064319	0.205626325409185	0.134746785558872	0.0641790879132412	0.0218675494628126	0.00499056988483842	0.000856957946252322	0.000114771877464298	7.66226945982065e-06	1.23650380171709e-06	
2.97976169476975e-05	0.000329933911772506	0.0025641091640542	0.0118179751196964	0.0420689155691287	0.10443050288778	0.18084679437146	0.228916305993868	0.204392574518647	0.134364460083483	0.0633318267973139	0.0209306960625407	0.00498012861325757	0.000883743618356321	9.91840732141176e-05	1.30515984801398e-05	
2.26423425012807e-05	0.000378446280450262	0.0023452689457643	0.0114379760299089	0.0419884175987447	0.102819901021248	0.183103204098216	0.230516329514894	0.203841873588003	0.134207687729659	0.0621358670221648	0.0207460262437998	0.00552501259229389	0.00084534422954582	8.50894413678448e-05	9.13321439546341e-07	
5.07261935938194e-05	0.000382496448567909	0.00223944423324879	0.0118827280632705	0.0418965040405184	0.101766779855742	0.182525383945911	0.228274355346393	0.207958070895527	0.134160477206492	0.0623383121283546	0.0201148660487322	0.00536780889618326	0.000949183347188185	8.6558737819778e-05	6.30461245846487e-06	
4.02220107094076e-05	0.000377087596054534	0.00230726444389143	0.0116020065117287	0.0419944273378484	0.100844515327119	0.181876887330413	0.229453690060697	0.207293690539564	0.13402881336964	0.0622633627937327	0.0212740860017739	0.00549876357539079	0.00100438108133693	0.000136465038073955	4.33698202431874e-06	
3.32939953780681e-05	0.000335387893531625	0.00226427375284043	0.0112961237559064	0.040813492084879	0.101049582878622	0.178913197154479	0.231048209110952	0.208376458963277	0.135627839981583	0.0628106283177328	0.0211144877345072	0.00513584811426386	0.00101441414419991	0.000162158379304315	4.60373854395677e-06	
1.88746988900401e-05	0.000408754256111502	0.00245327891741236	0.0116887625035212	0.0408268677109722	0.101781587750318	0.180345758969171	0.229059829952725	0.209186479684531	0.134228591407942	0.0634317053374826	0.0202384787567273	0.00519818649803689	0.000970213766361584	0.000156904096148178	5.72569364945337e-06	
4.70025247270862e-06	0.000258463776697559	0.00236141085103292	0.0124000076406663	0.0414332065962201	0.104090769030856	0.180763031169369	0.22883147093429	0.206713345552119	0.133144773368357	0.0639434573056826	0.0204101899308886	0.00474385758679978	0.000747610733388311	0.000146990624770186	6.71464638958374e-06	
3.40470239994203e-05	0.000265043760534335	0.00245246195589562	0.0123635657294344	0.042907658898668	0.103969683845873	0.181322369916681	0.228189742968404	0.206893787105096	0.13203353429694	0.0628510376416454	0.0210604128181041	0.0048045329674668	0.00070841949610847	0.00012868467505128	1.50169000978241e-05	
3.65730922187858e-05	0.000351125792804141	0.00244535469244777	0.0126280026837679	0.0433078649274643	0.105233000782037	0.182498755826796	0.229046568816653	0.205212554605379	0.131157286244414	0.0618856397275189	0.020469219413592	0.00478755940302387	0.000804668297572781	0.00012509785512023	1.07278391896905e-05	
3.26289469871828e-06	2.59837833934517e-05	0.0002252093691594	0.0020941417341969	0.012794755159395	0.0441276863409568	0.106826814313448	0.184154852127851	0.228818876784909	0.20390008033585	0.132303098207052	0.0595062959791478	0.0195098620843051	0.00466280584651441	0.000928174167589056	0.000117533844101697	5.67027432399213e-07	
6.22085461184948e-06	3.20498429602485e-05	0.000292390120124304	0.00214791677364463	0.0131089630660496	0.0440119889902618	0.106883439329563	0.1854963193393	0.228777950138029	0.203939719978531	0.131682284014342	0.0582251288664963	0.019717381896901	0.00480840210720352	0.000793920395615299	6.68766754192266e-05	9.04761094747388e-06	
9.4839347453213e-06	2.13814157141087e-05	0.00024113429862497	0.00235701315943516	0.0134188162667407	0.0450866458086867	0.106533730009503	0.188418573409911	0.231137790755958	0.20468938010619	0.127269346851329	0.0564448944834646	0.0184995513908586	0.00484751245004285	0.000889176466982938	0.000122009268217792	1.35599235957392e-05	
1.35669233160448e-05	6.39179750276752e-05	0.000289558925089839	0.00235668763769127	0.0141247116208622	0.0475254370979543	0.109448963359364	0.187178217739328	0.229615725477344	0.203388258342686	0.125674307129201	0.0554374770004562	0.0188060067754871	0.00490504844496965	0.0009812701254683	0.000185434807526594	5.41061822723214e-06	
