# <P(U)> as a function of N_tot.
# number_of_species: 1
# species_total_upper_bound: 496
# species_total_lower_bound: 473
# volume: 729
# Bin widths for each
10	10	10	10	10	10	10	10	10	10	10	10	10	10	10	10	10	10	10	10	10	10	10	10	
# Bin lower bound for each
-2530	-2540	-2550	-2570	-2570	-2580	-2590	-2600	-2600	-2610	-2630	-2630	-2650	-2650	-2660	-2670	-2680	-2690	-2700	-2710	-2730	-2740	-2750	-2760	
# Bin upper bound for each
-2360	-2370	-2380	-2400	-2400	-2420	-2420	-2430	-2430	-2440	-2460	-2480	-2490	-2500	-2510	-2520	-2530	-2540	-2550	-2560	-2570	-2580	-2590	-2600	
# Normalized histogram for each
1.96361704498697e-05	0.000161471525514957	0.000753796839241309	0.00410447954153822	0.016998907421194	0.0515782128676558	0.116766343674409	0.190131022277695	0.225848092932805	0.195158411114618	0.121341794211021	0.0550468611405135	0.0171873496678233	0.00404401127764224	0.000734578459652075	9.83386843522551e-05	2.53088419131654e-05	1.38335196077096e-06	
1.44482513840102e-05	0.0001307995495428	0.000706129472873666	0.00378450138932338	0.0162200846165945	0.0494384309527241	0.114824900793207	0.188326410358867	0.225690224640435	0.196952080977405	0.123781599568216	0.0569915471090769	0.0181153964596031	0.00410795043753722	0.00075520927001284	0.000142454042044006	1.70944850452807e-05	7.37626107671228e-07	
1.5572162196656e-06	9.4031902495192e-05	0.000776286106949039	0.0037237739103755	0.0143145488490758	0.0479717318631787	0.11121517533559	0.18654007352659	0.227775933024296	0.199677486699462	0.126215433750553	0.057798429638664	0.0190144393288612	0.0040353092972802	0.000714495030208935	0.000115980358325035	1.48810899098222e-05	4.33071966415877e-07	
2.57583976009953e-07	1.50870614520115e-06	6.39636208999002e-05	0.000584798420392026	0.00377192175327403	0.0145535866388395	0.0459573786466232	0.108891749174954	0.184292908159335	0.227767674046319	0.201792666720355	0.128624659614275	0.0591923929122678	0.0192513847944536	0.00436491686375981	0.000756588533535235	0.000113585333992675	1.80584766038406e-05	
7.50747443878096e-06	5.30602067961075e-05	0.000534138799461756	0.00348809451683155	0.0138594811511464	0.0452378524423352	0.107198802734202	0.18093518512901	0.227589207657362	0.203371784992174	0.132022576314609	0.060565926720567	0.0197422568596593	0.00453150418381947	0.000708278963012225	0.000144710494379012	9.17888018714425e-06	4.52480009225421e-07	
1.0719324423819e-05	9.76567418197578e-05	0.000515525578410357	0.00306964488310507	0.0139297528479559	0.0450393484683726	0.105829450465979	0.181572492550185	0.227210044006985	0.204468054680568	0.131276775497842	0.0614064539111788	0.0200091437685495	0.00459977299982373	0.000846965241435456	0.000109503443467461	8.6955898989773e-06	
6.2772900910942e-06	0.000105586053211174	0.000569994581099283	0.00288049957984221	0.0133922702152431	0.0439905740803666	0.10571540791361	0.179782198372629	0.225300289518049	0.204900317049374	0.133591688350205	0.0625242314722524	0.0209424357244554	0.00519252074290757	0.00101432317661941	8.01625660970218e-05	9.0230266994226e-06	2.20028724842477e-06	
1.0439255799681e-06	6.9314810853988e-05	0.000617939275384834	0.00286639792388515	0.0127536018573524	0.0438186745980868	0.104882657960906	0.1791735479531	0.225148418502633	0.206388946494694	0.134305940627573	0.0627475119835266	0.0209341168034844	0.00515030385070704	0.00101416908179927	0.00010218460920378	1.36264622163978e-05	1.16032790127428e-05	
3.55453511391206e-05	0.000464126785400307	0.00320296246165716	0.0129901020393094	0.0438461308857631	0.105310965868037	0.178707866383476	0.224554188380811	0.206319211228009	0.134701836726744	0.0627731177662652	0.0207142100855988	0.00538728697286664	0.000830384018662637	0.000143988170330152	6.51726225502031e-06	1.1531959096224e-05	2.7654578168403e-08	
5.20610691236299e-05	0.000407432467417419	0.00287223212076033	0.012713757202855	0.0429653871657521	0.104558456977535	0.180389859092243	0.226025265400422	0.20502795881369	0.134208775652139	0.0625388139167051	0.0217586483195551	0.00541492690368194	0.000927449167168193	0.000110381894671639	1.62479517117455e-05	7.42946273433581e-06	4.91642183403772e-06	
9.24297782430197e-07	7.61548878778763e-05	0.000325298448957639	0.00271917533499406	0.0124327204097256	0.0412339118041943	0.10440233428324	0.179074449159753	0.226487201022063	0.206205506955314	0.135212133499845	0.0638225806419458	0.0218233412121564	0.00506550525569312	0.000995749625709238	0.000113924232556004	7.98339555216671e-06	1.10553264173024e-06	
2.73382407238898e-05	0.000322307277340203	0.00250814567435237	0.0116911629240859	0.0415598413380028	0.103652293100523	0.180517686259151	0.229103401202709	0.204519232755304	0.135235033086416	0.0635527099187116	0.0211192838252715	0.00504039204719273	0.00101867729072482	0.000120801925104109	1.16931343883525e-05	
5.74833262651296e-07	4.18819922459843e-05	0.000377521745246239	0.0022804264253258	0.0113934287917616	0.0414953001138448	0.102473154545638	0.182891914829147	0.230771663447017	0.203877747946626	0.134803869989494	0.0621191768930178	0.0209449301381334	0.00551764485279522	0.000908649716396579	0.000101170654226628	9.43085821537283e-07	
6.13912711256094e-05	0.000389034203449728	0.00221058487654735	0.0116288062354137	0.0413588483703429	0.101392916069425	0.182080547504611	0.228478899081244	0.207934926963862	0.134652163056107	0.0630781763380661	0.0202806884139778	0.00538220874723829	0.000970343942903052	9.48320448281771e-05	5.63288085821503e-06	
4.43757069451505e-05	0.000426863081722034	0.00224947817290542	0.0113736408657535	0.0414812066874146	0.100481897878074	0.181962858380662	0.229944191862182	0.206805520855289	0.134071551835865	0.0629777446240949	0.021515340748789	0.00550718132734474	0.0010276432557087	0.000126633550050312	3.87116719883323e-06	
2.96829211091095e-05	0.000313579180188974	0.00216266799399469	0.0110568836225349	0.0401665875586133	0.101177806634028	0.179369473503745	0.231085690156521	0.20827641749218	0.135706794673912	0.0629815632955421	0.0212915188960892	0.00519943290083177	0.00102752303729228	0.000150273717397162	4.10441602023087e-06	
1.68259308028357e-05	0.000386772540306589	0.00235533480642761	0.0114204460633953	0.0402639509465105	0.101739347240388	0.180714571222943	0.229348746662025	0.209066685497859	0.134102095396115	0.0637436195224174	0.0204902227327889	0.00522439330855925	0.000973136976123771	0.000148746959321929	5.10419401682616e-06	
4.19185061695908e-06	0.000245844441514022	0.0022848714109156	0.0121186311957809	0.0411466961987458	0.103681483419604	0.180296830930545	0.229146790010396	0.207224743023022	0.133801020519886	0.0636067926856729	0.0207709415695529	0.00478589573296242	0.000737470759607485	0.00014180789315282	5.98835802422725e-06	
3.0321947691299e-05	0.000249777603965785	0.00234248467032953	0.0119963299425274	0.042046625230374	0.103487454851762	0.18052017932785	0.228125243062659	0.207934794178784	0.132876579398369	0.063328691104353	0.0213600788259564	0.00485820306190042	0.000713286868763	0.000116576019868409	1.33739048458226e-05	
3.26017194689464e-05	0.000318271935875776	0.00235702104488001	0.0121993735992834	0.0426316774137132	0.104466654046223	0.181582148820608	0.228191406136605	0.206658073399015	0.132477001998527	0.062230513121337	0.0210208741798733	0.00490594542721084	0.000806232195194562	0.000112642029914679	9.56293226938608e-06	
2.91909809516123e-06	2.32459884895156e-05	0.000201480066391326	0.00202950295066084	0.0123995277362066	0.0434084126253378	0.106621472976365	0.182949898673922	0.228494628321074	0.204163598610022	0.133531694948589	0.0605546252561987	0.0198518338784349	0.00474623991018861	0.000906104068178811	0.000114156314837296	6.58577009274179e-07	
5.57414495737875e-06	3.08584664840488e-05	0.000301949202683224	0.00207895985919977	0.0126384238565556	0.0434513072128009	0.105973119956848	0.185091900259015	0.228644853119943	0.204085750148807	0.132264337191355	0.0594871947174586	0.0201119163446595	0.00495253414899574	0.000807867517646851	6.53468161643426e-05	8.10703642601165e-06	
8.50802355585127e-06	1.91812357885348e-05	0.000268708000561727	0.00236593131498638	0.0129840076019864	0.044580848536005	0.105709335710501	0.187358672587329	0.231392420170369	0.205016621776136	0.12846044654438	0.0570453995234447	0.0189126805191246	0.00489338031475321	0.0008622392235752	0.000109454330497293	1.21645870059373e-05	
1.21691553887238e-05	5.73326576796126e-05	0.000273615853193338	0.00234725260763541	0.0136853470385066	0.0467262427709196	0.108908526179285	0.187204192868002	0.229878613942618	0.203100441836318	0.126433422831556	0.056190749047913	0.0190345510028045	0.0050440334187462	0.000932325715194572	0.000166329899174745	4.85317506574105e-06	
