# <P(U)> as a function of N_tot.
# number_of_species: 1
# species_total_upper_bound: 496
# species_total_lower_bound: 473
# volume: 729
# Bin widths for each
10	10	10	10	10	10	10	10	10	10	10	10	10	10	10	10	10	10	10	10	10	10	10	10	
# Bin lower bound for each
-2530	-2540	-2550	-2570	-2570	-2580	-2590	-2600	-2600	-2610	-2630	-2630	-2650	-2650	-2660	-2670	-2680	-2690	-2700	-2710	-2730	-2740	-2750	-2760	
# Bin upper bound for each
-2360	-2370	-2380	-2400	-2400	-2420	-2420	-2430	-2430	-2440	-2460	-2480	-2490	-2500	-2510	-2520	-2530	-2540	-2550	-2560	-2570	-2580	-2590	-2600	
# Normalized histogram for each
2.01078012022412e-05	0.000164304028547107	0.000752469097755925	0.00413212937897403	0.0169901317851981	0.0515403350560538	0.116938966700692	0.190323951128365	0.225665327449078	0.195172678808907	0.121385833081463	0.0549636335441363	0.0171490261972515	0.00396301468971376	0.000714478188250414	9.62797649054828e-05	2.59167215495553e-05	1.41657795703732e-06	
1.48001634610523e-05	0.000133985398122839	0.000714365260610525	0.00379750282234961	0.0162237370650751	0.049461088457668	0.114873097948776	0.18856980825779	0.225491909217214	0.196847066491902	0.123866100399379	0.056892725610098	0.0181547475434491	0.00409612232978298	0.000716849270176738	0.000128885150344301	1.64530215374302e-05	7.55592263487036e-07	
1.59456743518149e-06	9.62873412782672e-05	0.000785942474649397	0.00371087922221643	0.0142410628929854	0.0480741324024632	0.111441591240167	0.186755558737562	0.227665686501475	0.199550877344212	0.126103629371351	0.0576352247909833	0.0190483912154393	0.00407847891023223	0.000695004954292715	0.00010502443858583	1.01901350887338e-05	4.43459582565268e-07	
2.63878904161425e-07	1.54557643865977e-06	6.55267864512281e-05	0.000594877292445624	0.00379327809581364	0.0145487277747757	0.045962851617933	0.109069312487453	0.184226519758244	0.228226197147435	0.201750199450042	0.128316102574932	0.0588470029925187	0.0193347277322912	0.00439542148237028	0.000749821330421266	0.000108680411528198	8.94361000175687e-06	
7.690204073328e-06	5.43516760213317e-05	0.000542022231008414	0.00352168780853219	0.013841761953072	0.0452066518165326	0.107209201199585	0.180867432506943	0.227781025856386	0.203489875146368	0.132029547674777	0.0603529580436181	0.0197084985107348	0.00454739833632982	0.000693243993025997	0.000143815329312274	2.37422044576301e-06	4.63493234431823e-07	
1.09646095392424e-05	9.98913738023397e-05	0.000524864515944012	0.00308343724742703	0.0138096894084358	0.04484409984105	0.106016837991684	0.18132656859775	0.227240521310092	0.204889892587566	0.131439542357615	0.0612435260479092	0.0199167784245522	0.00459427537168821	0.000838206590276673	0.000112009157793123	8.89456687623029e-06	
6.41320581651132e-06	0.000107872199750185	0.000570123607505532	0.00290573004922036	0.0133360395361766	0.0440389554177922	0.105882660850616	0.179699547635697	0.225668112953197	0.205097183869709	0.133408980826744	0.0622949911086899	0.0207715708083188	0.00513973582087892	0.000982221667859296	7.83941211738498e-05	9.21839304405751e-06	2.24792781197304e-06	
1.06529224232789e-06	7.07335194175766e-05	0.000622866003987643	0.00289207046325572	0.0127305062620376	0.0438256420537556	0.104859091108308	0.179018524385657	0.225301984189762	0.206854808652349	0.134237673430402	0.0626447082847561	0.0207585391728556	0.00511035772428651	0.000944452278060997	0.000101231045116079	1.39053633401207e-05	1.18407704102994e-05	
3.62500019741962e-05	0.000459160424383737	0.00319355372682736	0.013067148014549	0.0437978991694914	0.105300126325992	0.178596812436548	0.224329094815641	0.206660847613791	0.134943339817972	0.0626958637619635	0.0206538898696361	0.00532579839689255	0.000792056902575713	0.000129723489948634	6.64646042421076e-06	1.17605685865455e-05	2.82028023658165e-08	
5.14423260956626e-05	0.000406135394506792	0.00286955393382738	0.0128743131408416	0.0431300864915796	0.104691636093557	0.18013619509546	0.225866932452639	0.204969395775225	0.134247050401639	0.0625254830256953	0.021800683940724	0.00542836715247059	0.000873196687721595	0.000100378678681776	1.65636464683245e-05	7.5738158485646e-06	5.01194701909933e-06	
9.42604193041679e-07	7.76631925325713e-05	0.000329135205287965	0.0027207438322566	0.0125260822969793	0.0413998600084914	0.104586537344329	0.17903544033741	0.226257304385441	0.206188623471571	0.13509099258615	0.0638329526459958	0.0218343726330065	0.00504367173017929	0.00095319462838703	0.000113214156558369	8.14151268695803e-06	1.12742854461848e-06	
2.78608578071492e-05	0.000327012555975279	0.00249551445258267	0.0116866390984569	0.0417640064794604	0.103820975178132	0.180593518111986	0.22902957793639	0.204613724874204	0.134996860331087	0.0634509700836413	0.0210273718504455	0.00502551627860707	0.00101006899511489	0.000118466247520045	1.19166685890321e-05	
5.85887865456711e-07	4.268742369726e-05	0.000372652145924161	0.00229358621230086	0.0114158145049724	0.0416880546252551	0.10257820870644	0.183039489208312	0.230698171443972	0.203678405418291	0.13470862881001	0.0620437581337714	0.0208974941575994	0.0055387641720782	0.000908208581938981	9.45293452922812e-05	9.61222279264916e-07	
6.26334837476567e-05	0.000376573818589098	0.00219735501562445	0.0117157713603594	0.0416507665700073	0.10146386127098	0.182161340035019	0.228323945251861	0.207836612737552	0.134616024282151	0.062887473072285	0.020219767145657	0.00540195611062288	0.000983667591662349	9.65053953272184e-05	5.74685855524376e-06	
4.53088455370819e-05	0.000432478622717469	0.00226891216030126	0.0114156342146865	0.0415898226369531	0.100503817058492	0.181755627875455	0.229848139594668	0.206785490958317	0.134171713639462	0.0628745157452063	0.0215764274296782	0.00555933614991332	0.00103952607985801	0.000129296418108533	3.95257064584795e-06	
3.02985262915989e-05	0.000320082615876301	0.00219652856262242	0.0111136919608696	0.0402738829096079	0.100828746743034	0.179264150647096	0.231318595622878	0.208225517257495	0.135586501041201	0.0629595033931278	0.0214346351282324	0.00525657887577763	0.00103370687672863	0.000153390300124367	4.1895390363875e-06	
1.71812278288782e-05	0.000394939644696598	0.00239569774008608	0.0115290427762831	0.0403785553917573	0.1015948038115	0.180319089141459	0.229473329257265	0.209052393015859	0.134174535635485	0.0637395389502092	0.0205041815304709	0.00527920885081762	0.000990403145852641	0.000151887906048694	5.21197438129886e-06	
4.27744765883844e-06	0.000250864552887015	0.00229495555307786	0.0121725033534414	0.0412239884554515	0.103692645776944	0.180307971671258	0.229154654585841	0.207148636517957	0.133723456624606	0.0636683309038981	0.0206778842503511	0.00477867514495098	0.000750340930363106	0.000144703591801984	6.11063951262634e-06	
3.09268670593042e-05	0.000254760638428844	0.00237064257688175	0.0120596782734209	0.0423463363434844	0.103619266639653	0.18053935524234	0.22814468427136	0.20773402097631	0.132646675874803	0.063192835484718	0.0213546316784183	0.00485431211754212	0.000719330604819243	0.000118901698053112	1.36407127088748e-05	
3.32401024992933e-05	0.000324504104184944	0.00236178186121111	0.0122578378422545	0.0427956870761596	0.104667924665932	0.181787591728099	0.228054783450227	0.206557173957708	0.132130156044525	0.0622118690902332	0.0210033078968797	0.00490824211667057	0.000781302173027195	0.000114847703773993	9.7501866161069e-06	
2.97251087195851e-06	2.36713365779135e-05	0.000205166687897161	0.0020155254967845	0.0123644217853727	0.0434816624716805	0.106846051414433	0.183465410087237	0.228380466239055	0.203912523935056	0.133346502402333	0.0603873105540884	0.019768928242355	0.0047726018307912	0.000909869265346838	0.0001162451126665	6.70627452819909e-07	
5.66883870564794e-06	3.1382691074467e-05	0.000284049634791642	0.00207533010464096	0.0126762308168992	0.0435721999351703	0.105920047170543	0.185370463325888	0.228502180888416	0.203944263687602	0.132262170130502	0.0594108899280409	0.0200613761992111	0.00499171633007763	0.000817328629509355	6.64569299140519e-05	8.24475901349436e-06	
8.65980429756734e-06	1.95234236275673e-05	0.000261449276316523	0.0023109423897146	0.0129680066410732	0.0445667912325105	0.105981236298169	0.187315627096939	0.230924856125627	0.205077068600464	0.128534869017488	0.0571602773405201	0.0189329292213254	0.00493824654234224	0.000875728424879444	0.000111406964896793	1.2381599808771e-05	
1.23911121797626e-05	5.83783648231077e-05	0.000269525129064866	0.00229978673273293	0.0135493492637799	0.0467777299998783	0.109120706765437	0.186829068295311	0.229611890821026	0.203234237011736	0.126727564434705	0.0562614023124913	0.0190617807577091	0.00506255298952177	0.000949330677111587	0.000169363638945118	4.94169354788151e-06	
