# <P(U)> as a function of N_tot.
# number_of_species: 1
# species_total_upper_bound: 496
# species_total_lower_bound: 473
# volume: 729
# Bin widths for each
10	10	10	10	10	10	10	10	10	10	10	10	10	10	10	10	10	10	10	10	10	10	10	10	
# Bin lower bound for each
-2520	-2530	-2540	-2560	-2570	-2580	-2580	-2590	-2600	-2610	-2620	-2630	-2640	-2650	-2660	-2660	-2670	-2680	-2700	-2710	-2720	-2720	-2730	-2750	
# Bin upper bound for each
-2360	-2370	-2380	-2410	-2410	-2430	-2440	-2440	-2450	-2460	-2470	-2490	-2500	-2510	-2520	-2530	-2540	-2550	-2560	-2570	-2580	-2590	-2600	-2610	
# Normalized histogram for each
0.000161998704849974	0.00101196714705448	0.0042721852515129	0.0164156977258097	0.0485265651054976	0.113563890810541	0.185486604600903	0.223843494604529	0.205837522808909	0.123106701358863	0.0567657362057496	0.0167598924977901	0.00352992052641136	0.000438371387325096	0.000145346376133752	0.000127154756527794	6.95013159304526e-06	
0.000146632481127145	0.000914751477622041	0.00408441141620215	0.0144003560294054	0.0478617308022107	0.11038453361148	0.18600281615852	0.227151075811076	0.201318386666751	0.12701910194805	0.057772780863012	0.018128071318483	0.004089921130523	0.000414524977433321	0.000242427430117376	6.47738683602386e-05	3.70400962746182e-06	
0.000168622066306881	0.00111686182392269	0.00371355864813333	0.0125817329414711	0.0460297203654096	0.107740555147001	0.180461022965569	0.231129855913205	0.202309223175155	0.129690657124849	0.0600714612662849	0.0200250346362266	0.00411185162291015	0.00068449400446422	0.000154650918893432	8.53023851976293e-06	2.16714167799382e-06	
3.22881237177579e-06	6.0978427935537e-05	0.000735754087745651	0.00395312723854715	0.0124500237502213	0.0422426445117247	0.107695745135633	0.181189557208974	0.227698800514654	0.20632590764914	0.133275134759097	0.0596071051953528	0.0196347770398968	0.00419911661538544	0.000734739318143093	0.000193359735178344	
1.21509477924789e-05	3.69629976740674e-05	0.000503290402457942	0.00359477906237722	0.0115739632829895	0.0416594781288505	0.103120038749465	0.177642497225688	0.228629729269463	0.211154625726692	0.134437205200383	0.0618330660124819	0.020681887073729	0.0041277511693664	0.000770704009219137	0.000221638853054414	2.3188831665036e-07	
3.22035462581891e-05	0.000144479533497867	0.000517553712046731	0.00341872112045923	0.012617634248476	0.0418869367026665	0.0975524431994448	0.177752963334953	0.23509787787818	0.208543596228354	0.134760126533751	0.0613927762713981	0.0207778107367726	0.00437237792042178	0.00106032817572791	7.21708575914623e-05	
0.000195531349214034	0.000584896169228368	0.00269233038951809	0.0122878214118254	0.0411757541861192	0.0999628669402056	0.176188154664058	0.231613468158952	0.208626442978681	0.133581088975161	0.0652058732642979	0.0215153317044102	0.00513176867260141	0.00107388515238367	0.000164785983343721	
9.9680039268606e-05	0.000768534457722972	0.00295557865414513	0.0119746123476244	0.0411282461615507	0.0977746916761341	0.171672603959687	0.229331748087991	0.211585900843337	0.138239774259714	0.065201585377828	0.022037644277485	0.00604579536767391	0.000998878001116669	0.00018346185750298	1.26463121863206e-06	
1.51632123500032e-05	0.000481793020978079	0.00374359856333978	0.0128071379739051	0.0395434465070074	0.0988835949521486	0.172029938499184	0.2268915689967	0.209628748150912	0.139740644986191	0.0666059897486756	0.0225346545966895	0.0059246190682901	0.000964849642985324	0.000194775072924446	9.47700771875201e-06	
8.29038477836174e-05	0.000397876994050507	0.00302827381279099	0.0135505197517978	0.0409316671182175	0.0998878514686232	0.171912633044648	0.226172103645618	0.209407259443815	0.139496130787846	0.0645867519826886	0.0235027139154196	0.00583189927533782	0.00105913178418477	0.000111709422013518	4.05737051652874e-05	
8.71969738300997e-05	0.000432712291367246	0.00257121269202119	0.0131770775045027	0.0399578733118827	0.100137607589762	0.170578423386564	0.225689279160057	0.210579529173373	0.138676560071201	0.0670637738858886	0.0244110619501989	0.00557388892862392	0.000898451782204954	0.000163628889162656	1.72240935960691e-06	
3.39651278136208e-05	0.000382021481995077	0.00271298613559	0.0125640369813001	0.0402278146293667	0.0983275364170394	0.175432428231642	0.228245572701623	0.210311467980583	0.137854324601278	0.0662390250180752	0.0217703969428626	0.00489955589302295	0.000966971671790315	3.18961860178672e-05	
5.03106241412506e-05	0.000364269506250334	0.0026543679422247	0.0123282903330473	0.0405869915940941	0.100275121482143	0.179589155637181	0.226954570964679	0.205320101882231	0.137251800384771	0.0650274038495562	0.0226465146811162	0.00600326268472159	0.000833878222126338	0.000113960211716371	
1.46028688269715e-05	0.000340408154428734	0.00211508121890656	0.0119956199883559	0.0411807268450608	0.0999075222391292	0.177374722561411	0.227957744221838	0.208207576384359	0.137814786805544	0.0658175919147651	0.0203186609169286	0.00625923955136082	0.000665788938029712	2.99273910552759e-05	
4.2112086130045e-06	0.000193199938000696	0.00227753334385563	0.0110140723551816	0.0421280715341678	0.102511775377227	0.174955306400019	0.225556071834453	0.21189074285677	0.13638424511228	0.0649234726709105	0.0214240941034958	0.00580003746256805	0.000816243955143065	0.000120921847316272	
0.000207657531250936	0.00257467885576196	0.0110682622337568	0.0391009994585719	0.102611002837886	0.175252575644006	0.231259025767464	0.209939361941887	0.138187700960458	0.0627401134039183	0.0206401977452193	0.0054009832183031	0.000890426571722149	0.000127013829794262	
0.000287890253345113	0.0024523702837424	0.0108712481092545	0.0399153730268341	0.101823947229332	0.178042691086363	0.229812567514553	0.20997797278273	0.13493660836632	0.0634297486088051	0.0214764945826939	0.00581316045100356	0.00102022930819968	0.000139698396823564	
0.00022522012109844	0.00223770242652252	0.011309902248855	0.0416405514929432	0.103459116595441	0.178583654138427	0.227364580609054	0.205862330512505	0.135523454802676	0.0657631273631477	0.0225399123686664	0.00467264784752789	0.000737312086080431	8.04873870567013e-05	
3.5714241040675e-05	0.000201776835251543	0.00253506411676762	0.0120494155696579	0.0428511368753033	0.104936721740643	0.182137798395611	0.227916122775726	0.203424607517529	0.130095506695579	0.0658487357827235	0.0224434243073109	0.00492153456157254	0.000595496149526038	6.94443575790903e-06	
6.06124419679163e-07	8.73685056366107e-05	0.00196124544367615	0.0119472318470932	0.0414629799985869	0.104414153039835	0.18323292738006	0.229922215187331	0.205790626961245	0.128873048452547	0.0646884988064544	0.021190802425606	0.00545927605884741	0.000883902582297842	8.51171863635167e-05	
2.45969307431988e-06	0.000194358905381347	0.00199377542303161	0.0127409512099165	0.0425456563265917	0.106526070610539	0.184640010757058	0.226057315250188	0.20255986731121	0.131136551241901	0.0621439297601415	0.0217782087850484	0.00624654159602061	0.00135032834529154	8.39747846074824e-05	
0.000316953947642464	0.00212830397460164	0.0134976807181337	0.0437458046570348	0.109415621435857	0.187600854612604	0.225628996142923	0.199719497048619	0.126672165761659	0.0614670539552712	0.0233518556257969	0.00549082438136581	0.000903865817257656	6.05219212337133e-05	
9.74712058427853e-05	0.00276284859428671	0.014355915341316	0.0461078422614274	0.10989708054568	0.188044023415412	0.228500367583173	0.203376440059319	0.122011285955767	0.0576168997348894	0.0204903389548403	0.00568664396115824	0.000915027985269749	0.000137814401617749	
2.25012779188769e-05	0.000536358734756985	0.00352860172874714	0.0162638553646889	0.0518586994893277	0.115604008591987	0.18610764269781	0.227179690679586	0.195582473972383	0.122708135966811	0.0539953388624139	0.0193170268664404	0.006099084526755	0.000966060558240053	0.000230520682132858	
