# <P(U)> as a function of N_tot.
# number_of_species: 1
# species_total_upper_bound: 496
# species_total_lower_bound: 473
# volume: 729
# Bin widths for each
10	10	10	10	10	10	10	10	10	10	10	10	10	10	10	10	10	10	10	10	10	10	10	10	
# Bin lower bound for each
-2530	-2540	-2550	-2570	-2570	-2580	-2590	-2600	-2600	-2610	-2630	-2630	-2640	-2650	-2660	-2670	-2680	-2690	-2700	-2710	-2730	-2740	-2750	-2760	
# Bin upper bound for each
-2360	-2370	-2380	-2400	-2400	-2420	-2420	-2430	-2430	-2440	-2460	-2480	-2490	-2500	-2510	-2520	-2530	-2540	-2550	-2560	-2570	-2580	-2590	-2600	
# Normalized histogram for each
2.15630991693252e-05	0.000171617800622814	0.000777046414321177	0.00416325841408697	0.0170711946551327	0.051498848984196	0.117212215284636	0.190064751590906	0.225737906840499	0.195797762843244	0.121051537835883	0.0545321194392603	0.0170472968279682	0.00398141470875171	0.000745277801076913	9.68759188212425e-05	2.77924389293525e-05	1.51910249467114e-06	
1.58787131400425e-05	0.000142148428799308	0.000734697011809598	0.00385720997796446	0.0162998486334057	0.0493660578310028	0.115120862795971	0.188492079475969	0.22590874194496	0.196854354981289	0.123572128000587	0.0564935632591262	0.0181338552008698	0.00413774742102896	0.000722354782961754	0.00013000886380775	1.76520218825488e-05	8.10655425145755e-07	
1.71164659541592e-06	9.97515225932033e-05	0.00079668540143202	0.00381429809297755	0.0144562227899465	0.0481179204992822	0.111502199288634	0.186512012138309	0.228539114188451	0.198963896765023	0.12583663184006	0.057384106713164	0.0190116638587391	0.00412219191842515	0.000717443253724718	0.000112735729311092	1.09383332724804e-05	4.76020059080166e-07	
2.82847413598803e-07	1.65667770822156e-06	5.8014024867783e-05	0.000605273261714752	0.00383869397873618	0.0147498158057236	0.046076964963206	0.109139300977367	0.184214247460616	0.228088265444701	0.20141855251139	0.12840255336866	0.0585652439684203	0.0194637912075346	0.00445840256023781	0.000792861707090815	0.000116492727629335	9.58650698233084e-06	
8.24379863289832e-06	5.0568048932674e-05	0.000558651712030628	0.00359621265897641	0.0139024515262359	0.0452347269561112	0.106959951210502	0.180776901464349	0.227983954708388	0.203386163103404	0.131992362368996	0.0603110528197822	0.0197452362023223	0.00461910278774748	0.000718052098880765	0.000153326542592934	2.54513340326873e-06	4.96858712191904e-07	
1.17491701667461e-05	0.000107038991657046	0.000561458405045896	0.0031524036416877	0.0138123649624067	0.0450536008790891	0.10581682474483	0.181180408133152	0.227205158955283	0.204533514543351	0.131705128604948	0.0611077784094757	0.0200778023971285	0.00469456325483291	0.000852159209318121	0.000118514689759566	9.53100786802424e-06	
6.87459616809807e-06	0.000115632934957066	0.00060883205592402	0.00302702947444127	0.0133724766156916	0.0440882431668792	0.105331347536877	0.179321289648322	0.224724676473303	0.20550472302981	0.133967989166851	0.062624078108048	0.0209700899583938	0.00525840797028733	0.000982135789817899	8.38822227580155e-05	9.88159920480665e-06	2.40965226510654e-06	
1.14070228557671e-06	7.53973926634733e-05	0.000649362441807906	0.00295803282599977	0.0128316489686371	0.0442497495578037	0.104675555954319	0.178440270521686	0.224564446302454	0.206948762611082	0.134687099962396	0.0628519085478586	0.0208229347299944	0.00516634159848186	0.000945127364508013	0.000104651863668795	1.48896979754483e-05	1.26789563777376e-05	
3.46642071212638e-05	0.000476283187192424	0.00333508915005185	0.0132647393240053	0.0439842502344815	0.105162852797232	0.178135647452074	0.224287079766547	0.206336021380762	0.135165282511628	0.0628006459637264	0.0207409686081041	0.00533354861030187	0.000788120180775903	0.000135074692712872	7.11396064868897e-06	1.25877860983167e-05	3.01865374060352e-08	
5.23928352253423e-05	0.000414677553614802	0.00293001312128363	0.013112103645954	0.0433867715612849	0.104937864394916	0.179940120932853	0.225088969926692	0.204893025317936	0.134430305781967	0.0625501427902045	0.0219420994141712	0.00535020250105515	0.000834039995641555	0.000106014329884949	1.7760621740831e-05	8.12113918745535e-06	5.37413638727058e-06	
1.01075416669037e-06	8.32782158516259e-05	0.000339603490653388	0.00280281139487781	0.0125871891903687	0.0416020964864738	0.1048481457804	0.179023351057139	0.225827333499903	0.205642186326268	0.135003510785233	0.0643579482427672	0.0218594119039848	0.00502827406412934	0.00087100253911356	0.000114145855353984	7.49147205899919e-06	1.20894125819828e-06	
2.91526710967008e-05	0.000329903160791459	0.00252969538283116	0.0117723166906804	0.0420476026381903	0.104578353916548	0.180880009324114	0.22877699863731	0.204031466792747	0.134613930248363	0.0635511737712707	0.0208475767800081	0.00499051856775297	0.000910418562240429	9.81137491008544e-05	1.27691069539411e-05	
3.08560214813708e-05	0.000379388586313448	0.00233679595984752	0.0113814218222861	0.0419851331935876	0.103205267713267	0.183516241790417	0.230274716041593	0.203378815888338	0.13420448824753	0.062131168131956	0.0207223087149173	0.0055042584158497	0.00086438119393372	8.38643283624522e-05	8.93950319899631e-07	
5.60275554326352e-05	0.000380983467815429	0.0022471613633665	0.0118147386773373	0.0419210229402202	0.101918462462369	0.182915172443786	0.228164650453239	0.207547379834673	0.134121807404179	0.0624728254628772	0.0200178451624315	0.0053621292621084	0.000968632680395193	8.4984409914913e-05	6.17641985582164e-06	
3.93960265157868e-05	0.000390387706231592	0.0023208125811705	0.0115951070389551	0.0420063044604798	0.101158121810439	0.182024608099095	0.229819691287059	0.206731554516114	0.133806935235399	0.0621655889088352	0.021283720453861	0.00551850730383735	0.00100135400962089	0.000133662643006108	4.24791938083267e-06	
3.25828299902265e-05	0.000337885425795774	0.00223425542446446	0.0112346780844001	0.0408196412493383	0.101158704586337	0.179186941961117	0.231349972600847	0.208476648492053	0.13531112984517	0.0625038054379353	0.0210532600417817	0.00512603334399645	0.00100997900186952	0.000159976272995887	4.50540190787701e-06	
1.84676613754671e-05	0.000418367717812404	0.00245630707590952	0.0116280219467761	0.0408069170915621	0.102079914711052	0.180554639598428	0.229409682924112	0.208927238023545	0.133799297623435	0.0633313801578217	0.0202293327752869	0.00518866588415152	0.000985331801955669	0.000160832789115563	5.60221766046634e-06	
4.59918066920236e-06	0.000269606128226824	0.00236170378952384	0.0123335021824289	0.0414939354801635	0.104328853773856	0.181358363597789	0.228763648546696	0.206622859389073	0.132875997606661	0.0635463301504682	0.0204179007760603	0.00471173801615568	0.000756315158021817	0.000148075966108647	6.57025809886052e-06	
3.32775482997807e-05	0.00027238435177017	0.00249451844556315	0.0122979268805064	0.0427904638913827	0.104038346982175	0.181613001401471	0.228598589342608	0.206789133025392	0.131800434120118	0.0627516940238262	0.0209305652993287	0.00474280269547945	0.000705572501927198	0.000126611977711337	1.46775124406418e-05	
3.57543099336186e-05	0.000344570991832119	0.00250256601739714	0.0125613502862117	0.043281569256172	0.105014208582081	0.18244355952391	0.229302288078455	0.205715304348081	0.131024354498454	0.0616973956515473	0.0204422640218245	0.00471429561696841	0.000786653738028652	0.000123377410053827	1.04876690494657e-05	
3.19262506724223e-06	2.54241971818192e-05	0.000220359264930783	0.00212112947988809	0.0127745786528201	0.0440366075734479	0.106800053893069	0.184084250105031	0.229021810632286	0.203783321053083	0.132423254792875	0.0595259882308549	0.019534465818442	0.00461695439259169	0.000913051834779239	0.00011500263771179	5.54815941563437e-07	
6.09240668068167e-06	3.1388079218872e-05	0.000286352861842728	0.00214212918033043	0.0131077398646064	0.0439245267981429	0.106602173456823	0.185624031618051	0.229059898661149	0.204235057059093	0.131465528816952	0.0581308591832605	0.0196759976245268	0.00483583074405237	0.000798037040214475	6.54958087800002e-05	8.86079627638342e-06	
9.29805579616989e-06	2.09623538804886e-05	0.000236408223294803	0.00232748893415994	0.0132994795081896	0.0449625995769493	0.106283847021788	0.188280131550111	0.231166378065291	0.205375476062666	0.1275261440563	0.0562330410507003	0.0184085697087467	0.00485370294679345	0.000883560761454412	0.000119617965960652	1.32941579176494e-05	
1.33070864255065e-05	6.26938030106451e-05	0.000284013224788433	0.0023558196492953	0.0140227680684342	0.0474136439893782	0.109210941458741	0.186932692618244	0.229964394236772	0.203793028548116	0.125810650576129	0.0553692519451069	0.0186671194508435	0.00493156266442643	0.000980922370794478	0.000181883316693865	5.30699280064842e-06	
