# <P(U)> as a function of N_tot.
# number_of_species: 1
# species_total_upper_bound: 496
# species_total_lower_bound: 473
# volume: 729
# Bin widths for each
10	10	10	10	10	10	10	10	10	10	10	10	10	10	10	10	10	10	10	10	10	10	10	10	
# Bin lower bound for each
-2520	-2530	-2540	-2560	-2570	-2580	-2580	-2590	-2600	-2610	-2620	-2630	-2640	-2650	-2660	-2660	-2670	-2680	-2700	-2710	-2720	-2720	-2730	-2750	
# Bin upper bound for each
-2360	-2370	-2380	-2410	-2410	-2430	-2440	-2440	-2450	-2460	-2470	-2490	-2500	-2510	-2520	-2530	-2540	-2550	-2560	-2570	-2580	-2590	-2600	-2610	
# Normalized histogram for each
0.000103013516910478	0.00103741329801693	0.00427236346344677	0.0164673010718139	0.048460886953506	0.111241416197664	0.183597367393891	0.226156811511781	0.209037634390269	0.122310635936947	0.0559332859220069	0.0170493478007607	0.00355605306967302	0.000471551499098606	0.000158591955876013	0.000138742513388322	7.58350495042551e-06	
0.000118074104749802	0.000887789345644581	0.00405015499637478	0.0143426533870694	0.0478913848188885	0.109022602764447	0.185269438152545	0.227755709245918	0.203254469543962	0.127335104512588	0.0567560292033912	0.0183407258247712	0.00418295029217249	0.000452042090626393	0.000265793642506434	7.10170561242363e-05	4.06101822011358e-06	
0.000166099719358682	0.000928935546385962	0.00352094011127317	0.0124848674666235	0.0456427576555573	0.106294421378969	0.179594273011039	0.230810492347967	0.204173696343335	0.130779197685297	0.0600946460153223	0.0202659343927837	0.00432314061167447	0.000739388832873818	0.000169485384462738	9.34847827239313e-06	2.37501880433771e-06	
3.54518910747737e-06	6.09772526486108e-05	0.000657733870554409	0.00369373253108067	0.0124195571268734	0.0414658992311396	0.107762657489962	0.180758607668507	0.226475897677334	0.207298754301581	0.134454284989041	0.0597690015552238	0.0197375364825282	0.00444009612932202	0.000789412323117854	0.000212306181979216	
1.33600643404381e-05	2.89128109962916e-05	0.000443023812937886	0.00308785761883675	0.0111966517843029	0.0413597506338892	0.102750011167382	0.176889087601432	0.228920113138328	0.210514890760567	0.136081841918415	0.062620151341993	0.0208555193689318	0.00429730038993031	0.000702423230112728	0.000238849394544321	2.54963059932025e-07	
3.53680721464273e-05	0.000158677014123415	0.000451863700632528	0.00311970614126967	0.0122519340936914	0.0411265089200195	0.0982264702926357	0.178033692604329	0.235162362155335	0.208389690161561	0.134895996677318	0.0615275798309356	0.0211035383410084	0.00445562028434114	0.00100216264913621	5.88290615160259e-05	
0.000215499878038499	0.000529266891263293	0.00272983370500024	0.0121712166508123	0.0408484798155107	0.0995677206975925	0.176847666165654	0.233511439776382	0.207878586529169	0.13250835131568	0.0656223680477962	0.0213875410523222	0.00499599623378434	0.00100441858198653	0.000181614659008742	
0.000110062401441912	0.00068805208549799	0.00277215621719665	0.0117364321160591	0.0408392849065749	0.0973471270895586	0.171717543473028	0.231738755046127	0.211055551291697	0.13732341704509	0.0652268090865165	0.0220263440616497	0.00626203698425828	0.000954904786048815	0.000200127057991116	1.39635126432875e-06	
1.68485474044913e-05	0.000458370749477545	0.00373245469495805	0.0127598161342091	0.0393519386761013	0.0979722472331777	0.173167715455313	0.228966694633918	0.210867393307075	0.137484096676163	0.0659479724879267	0.0223187091284828	0.00581911720431251	0.000931784844851956	0.000194309884501202	1.05303421278071e-05	
9.20830702446532e-05	0.000429200751140333	0.00281306951403647	0.0130544822556216	0.0403498942068921	0.0997101626836674	0.173045500254448	0.226822939960765	0.210829408016085	0.138835274019805	0.0640451409939099	0.0231078758045197	0.00571339358986727	0.00101623032395	9.02784761773586e-05	4.50660788697349e-05	
8.58544401758107e-05	0.000481983949344537	0.00255726323287916	0.0132927134713099	0.0394732815706202	0.100807357888599	0.170672487757589	0.226295421195648	0.211824199651959	0.137803091354592	0.0664119587656952	0.0237947739299107	0.00560850125870283	0.000801515949596633	8.76770484030067e-05	1.91853497599577e-06	
3.77926139899336e-05	0.000396534685874075	0.00270586483337318	0.0126832588072258	0.0400095248897695	0.0998571026733718	0.176418368073682	0.228240099162448	0.209947658668429	0.137571109944613	0.0652008440030723	0.0213929695666343	0.00469899357981184	0.000831053826418236	8.82467128698958e-06	
5.59685308942951e-05	0.000385576895274338	0.00281708272167952	0.012649078838141	0.0411475104309978	0.100906680657686	0.180353795549104	0.227824986547036	0.204801069328167	0.136368303661105	0.0634487990050293	0.0225221567151311	0.00589072366213024	0.000741141679779271	8.71257778456801e-05	
1.61239912427979e-05	0.000357587003463096	0.00218020735077762	0.012058026869694	0.0417508254639819	0.101226229534015	0.179435133464463	0.228835620971463	0.208478800795025	0.134932917634341	0.0638462243705878	0.0198519611366814	0.00632557300633879	0.000679644979710957	2.51234282155223e-05	
4.63550942119989e-06	0.000204293522348595	0.0022994964796144	0.011267362466091	0.0429863559929332	0.103431317596252	0.177026131501834	0.226183958772347	0.211391007584734	0.134338907769918	0.0634703883185163	0.0207237543842222	0.00572679348096012	0.000849764558692408	9.58320621158262e-05	
0.000211732649599166	0.00261830443852587	0.0115524032174682	0.0403304463529948	0.103427483596145	0.176946409466223	0.232565859091544	0.208405361591528	0.13603190558158	0.0616684551659417	0.0199576893249852	0.00532586871952982	0.000879907675506694	7.81731284282125e-05	
0.000245002089764696	0.00251361738245695	0.0115538878937518	0.0417591986229712	0.103181092453819	0.178162277138801	0.23098726411871	0.209370498394363	0.131942684004862	0.0619471106732601	0.0213262380282172	0.00587535822961509	0.00101224792111732	0.000123523048290544	
0.000166729741798534	0.00235166103979121	0.0117694828730907	0.0433990736467485	0.105106429229796	0.177431218953893	0.226217370311387	0.204970856670041	0.135628915810507	0.0651702364447551	0.0221261825651855	0.00482618295804098	0.00074712696359932	8.8532791367356e-05	
3.90513336855814e-05	0.000182994172343063	0.00270435202117299	0.0125954700169944	0.0447356609091575	0.106606792356937	0.181921817060443	0.226008178801908	0.203091837464765	0.128349848635993	0.0656694867735066	0.0224513097548487	0.0049890908590119	0.000646516524350181	7.59331488330749e-06	
6.65652054447105e-07	9.59489889910184e-05	0.00213517405778972	0.0125728835509722	0.0427940573817746	0.105833161254353	0.184022505886147	0.227737540431825	0.204514366649425	0.128633883715055	0.0644125817937792	0.0207528439151961	0.0055125974889037	0.000888312666659661	9.34765670745006e-05	
2.69672209171769e-06	0.000199084325648212	0.00198800460164873	0.0134618001272853	0.0438227748305181	0.106345330308715	0.185264807701006	0.226168641077266	0.200885736005479	0.130212740147833	0.0622315933577748	0.021586456058664	0.00636904253875663	0.00136922515888424	9.20670384295199e-05	
0.000348476000029742	0.00226206295045129	0.0140424745736367	0.0446015654329994	0.109505149398311	0.186903904404101	0.224653071492944	0.198639750124048	0.126520704887667	0.0626080373872408	0.0233134611713293	0.00555634041852261	0.000978460744851111	6.65410138681418e-05	
0.00010779981103937	0.00292991217189434	0.014702754035461	0.045937231015796	0.107998590498625	0.187067631707411	0.230204847439003	0.205017054090298	0.121308616206147	0.057253007334392	0.0206585993647821	0.00570231788911009	0.000959220433981874	0.000152418002059598	
2.5027497003349e-05	0.000596575744508673	0.00382659506364678	0.0166087124183876	0.0522625902082174	0.11408687153438	0.187005362628011	0.228689679932981	0.194178898638162	0.121834377807876	0.0537548369081021	0.0199210802760528	0.00596851189447229	0.000984478202807259	0.000256401245391046	
