# <P(U)> as a function of N_tot.
# number_of_species: 1
# species_total_upper_bound: 496
# species_total_lower_bound: 473
# volume: 729
# Bin widths for each
10	10	10	10	10	10	10	10	10	10	10	10	10	10	10	10	10	10	10	10	10	10	10	10	
# Bin lower bound for each
-2530	-2540	-2550	-2570	-2570	-2580	-2590	-2600	-2610	-2610	-2630	-2630	-2650	-2650	-2660	-2670	-2680	-2690	-2700	-2710	-2730	-2740	-2750	-2760	
# Bin upper bound for each
-2360	-2370	-2380	-2400	-2400	-2420	-2420	-2430	-2430	-2440	-2460	-2480	-2490	-2500	-2510	-2520	-2530	-2540	-2550	-2560	-2570	-2580	-2590	-2600	
# Normalized histogram for each
1.81483126445429e-05	0.000160322966170516	0.000778129283945668	0.00418663982146522	0.0171330454087086	0.0518126517507845	0.11679012381697	0.190313151494391	0.224675775889705	0.194371706274322	0.121725555295463	0.055508248858587	0.0174656958277587	0.00418117387576566	0.000763456180105399	9.15052510834071e-05	2.33911585196331e-05	1.27853360947371e-06	
1.33562984386896e-05	0.000123479703561772	0.000707491737015592	0.00386095897285207	0.0162842087341413	0.0495842393973727	0.114723316010064	0.188501599325111	0.225328289419992	0.196750132167264	0.123644181220337	0.0571382191502641	0.0182101665126402	0.00419138885260489	0.000790237713558539	0.000132250367948123	1.58025381654949e-05	6.8187866949277e-07	
1.57579850160642e-06	9.40453581418191e-05	0.000770071433160714	0.00373003430291874	0.0144675508463541	0.0481921174691855	0.111214066119159	0.186499049065229	0.227762065363151	0.199783677788831	0.125644061854197	0.0578813532245441	0.0190308503612629	0.00405720414317119	0.000739850173248824	0.000118270065917866	1.37562950275372e-05	4.00337997705416e-07	
2.38198009598716e-07	1.39515977050677e-06	6.6772006333583e-05	0.000593444819699887	0.00374388572293959	0.0146440903614018	0.0461013361878983	0.109230520811186	0.184495545233585	0.227386805945126	0.201806900342827	0.128368914203553	0.0589867170666432	0.0193859321667705	0.00432046101931683	0.000743960440550962	0.000106380932501141	1.66993818872243e-05	
7.71727575863168e-06	5.47977799719655e-05	0.000532261533489963	0.00347321800547657	0.0138947671936081	0.0454282730353724	0.107349619277932	0.181548331718767	0.227549330764505	0.20289081637526	0.131616234354952	0.0605463564888656	0.0197190054528188	0.00454334121946718	0.000701956232085185	0.000135069399394989	8.48558861070785e-06	4.18303663908133e-07	
9.90823098956407e-06	0.000110203445023582	0.000509351405491107	0.00311256826643028	0.01397649084283	0.0451323252790235	0.10618973169023	0.181976107838453	0.226615660915736	0.204296413954958	0.131025951194446	0.0613561395755416	0.0201413067487524	0.00460291995567262	0.000832744106780664	0.000104138924331694	8.03762531136189e-06	
5.79790851081395e-06	9.87693781216272e-05	0.000558844945960589	0.00291310320150774	0.0134759019965948	0.0441709689311003	0.106019521822662	0.18024107618199	0.224919818938575	0.204743840204655	0.133245603605654	0.0624070904373652	0.0210319771646769	0.00508579043117278	0.000991561899854562	7.99667352043779e-05	8.33395980346747e-06	2.03225659141932e-06	
9.65639875580806e-07	7.29015378635385e-05	0.00058733122697937	0.00287396645235472	0.0128733211827352	0.0435593909669995	0.1047150477482	0.179548181545868	0.22551087070799	0.205945930097535	0.134360140655617	0.0626326499710722	0.0210427114395194	0.00514288688603025	0.00101014476471377	0.000100221455405413	1.26045912962981e-05	1.07331299445088e-05	
6.13970860891778e-07	3.92003339933264e-05	0.000477993369950385	0.00319554778348034	0.0131486464641431	0.0437881459776096	0.104992445216467	0.178790318624357	0.224450998981329	0.206306036726083	0.134919576511211	0.062902107744058	0.020602969014707	0.00539437356591436	0.000832655343219134	0.000141648194031574	6.02885275903454e-06	1.06677437079946e-05	2.55821192038241e-08	
5.64730681966743e-05	0.000439619164565158	0.00291622528060521	0.0128763837000735	0.043090878557947	0.104102555362375	0.179688874311849	0.226129028516465	0.205593840012406	0.134225044770969	0.0626167377787715	0.0217470007897437	0.00543413789532923	0.000931644998254745	0.000124993160671831	1.51412073563239e-05	6.87314437782877e-06	4.54828004338484e-06	
8.55826990781325e-07	7.28879320482095e-05	0.000357660168000349	0.00278262916545785	0.0126824330527029	0.0414673348415634	0.104417068254392	0.178596955049793	0.22662219845559	0.206041589818787	0.13544290267585	0.063442857568733	0.0218071177905816	0.00510549464673085	0.00101862709962574	0.000132242050997103	8.12196595172866e-06	1.02363620466002e-06	
2.85584780973899e-05	0.000357152310370431	0.00261554539175358	0.0120254427372719	0.0417366653741943	0.103143059847279	0.179762255559131	0.228384982626675	0.204806060060577	0.135754944622169	0.0637236262099566	0.021275673367668	0.00518819038313434	0.00106040796767999	0.000123586249817414	1.3848814225161e-05	
5.31978782358752e-07	3.87596415959197e-05	0.00037878551737638	0.00241086965647055	0.0114842415832021	0.041795835686716	0.102282105854634	0.181795012782037	0.230161127229791	0.204028750128319	0.13517411291499	0.0625776283804031	0.0210645144800053	0.00573360081891484	0.000948243867386002	0.000122114067056757	3.76541231888304e-06	
5.76969644742512e-05	0.000388544502411529	0.00233400939088509	0.0117828220374272	0.0416675849098209	0.101677682125665	0.181456895623968	0.227798560543914	0.207029160404907	0.13491885843484	0.0636489918941941	0.0205893915393092	0.00553457678774201	0.00100258975863892	9.9367909412834e-05	1.32671723905251e-05	
4.0994626374934e-05	0.000421128114601759	0.00223399701422334	0.0114406896873316	0.0413119536235167	0.100813894539853	0.182035991568011	0.229416748479443	0.2065503578938	0.134420267466412	0.0629285890336004	0.0215595807783209	0.00563142564503026	0.00104551541489005	0.000135541831003274	1.33242835875916e-05	
2.74710242187514e-05	0.000325337426706425	0.00212671443477763	0.0110002610699718	0.0401390174617574	0.100858892297245	0.179639255346582	0.231160776161034	0.208206271564433	0.135728723826323	0.0628972827098922	0.0213285711149245	0.0053323353326392	0.00107253769081254	0.000145512781285337	1.10397573963207e-05	
1.55370060186095e-05	0.000380462331521159	0.00238577797208269	0.0114732892778592	0.0401504845441478	0.101796222599107	0.180264073040102	0.229230010043819	0.209052086270553	0.134064252308542	0.0640068006938914	0.020741282877605	0.00528696449081357	0.000988398338173743	0.000146621708739746	1.77364970249693e-05	
3.87110935866605e-06	0.000246446872560876	0.00236608146856121	0.0120744192958343	0.0411777826287244	0.103618694044363	0.18029421107951	0.228919843035017	0.206929655529623	0.13386847527097	0.0637874714409732	0.0209709219350684	0.00479933370036512	0.000770961555748832	0.000162908497680153	8.92253564332196e-06	
2.79859518293396e-05	0.000241241385060059	0.00239826792339823	0.012001393063793	0.0417331970319646	0.103880587473825	0.180463231080905	0.228065929644293	0.207083261770044	0.132994253281148	0.0634983223558678	0.0218282321984419	0.00492323738646695	0.000715754152945765	0.000132761717718031	1.23435822987309e-05	
3.00489513180084e-05	0.000297105808142901	0.00236148774545004	0.0122443410710635	0.0420849056764161	0.104360395815582	0.182003502316278	0.227746853373018	0.20646248213053	0.133009722936124	0.0624385847219577	0.0210559959112959	0.00498842302459754	0.000781322251902909	0.000126014127348165	8.81413897490606e-06	
2.69423517620717e-06	2.145531183004e-05	0.000198445206164601	0.00202506272844835	0.01244361265592	0.043113693422355	0.106554224842501	0.183673100757644	0.2283558904614	0.203783882451045	0.133324400191376	0.0606548483164488	0.0200358030998391	0.00481829461911786	0.000874550381023174	0.000119162407625724	8.78912084921241e-07	
5.14968808462864e-06	2.85086732365041e-05	0.000315778873349428	0.00208529409423718	0.0127288424570673	0.0434102391322342	0.106209507075647	0.185900608844738	0.228496084926975	0.203620133497383	0.131867881514065	0.0593997899289799	0.0201911277482382	0.00488711166881913	0.000776515286655451	6.77698951937129e-05	9.65669509629562e-06	
7.85016981857064e-06	1.85021953907599e-05	0.000288906144157153	0.00253361536802297	0.0130737988164613	0.0445264367648968	0.105468697704823	0.188213350506112	0.230721257438378	0.204940777514806	0.128093401071816	0.0574078525389617	0.0188356328044687	0.0049015150603933	0.000843540951148625	0.000113640948302835	1.12240020426026e-05	
1.12268958064963e-05	5.28933811359632e-05	0.000278675945684913	0.00249125987414466	0.0138836187402653	0.0464745621721557	0.108463098859976	0.187939488802512	0.23032763632135	0.202129959321465	0.126411238136068	0.056214846565632	0.0191715117251603	0.00507071436579303	0.000918082745914272	0.000156708753965677	4.47739297044793e-06	
