# <P(U)> as a function of N_tot.
# number_of_species: 1
# species_total_upper_bound: 496
# species_total_lower_bound: 473
# volume: 729
# Bin widths for each
10	10	10	10	10	10	10	10	10	10	10	10	10	10	10	10	10	10	10	10	10	10	10	10	
# Bin lower bound for each
-2520	-2530	-2540	-2560	-2570	-2580	-2580	-2590	-2600	-2610	-2620	-2630	-2640	-2650	-2660	-2660	-2670	-2680	-2700	-2710	-2720	-2720	-2730	-2750	
# Bin upper bound for each
-2360	-2370	-2380	-2410	-2410	-2430	-2440	-2440	-2450	-2460	-2470	-2490	-2500	-2510	-2520	-2520	-2540	-2550	-2560	-2570	-2580	-2590	-2600	-2610	
# Normalized histogram for each
0.000149343167421087	0.000940307239273512	0.00413994052504035	0.0163759319703816	0.0481939388518637	0.112466843387265	0.186922776080067	0.2254594624463	0.205821244441826	0.122675113249035	0.0559305857429952	0.016661932951239	0.00354721198495044	0.000457747773451618	0.000133991739039478	0.000117221271059569	6.4071787923242e-06	
0.000134931371825145	0.000841755324644582	0.00409889723959896	0.0144771094061652	0.0478851712297003	0.109690769420265	0.185287061061367	0.228082631171124	0.202156379708213	0.127185450452855	0.0576010395041308	0.0177307576765065	0.00411176407707645	0.000430186947053518	0.000223081990172548	5.96049855331159e-05	3.4084337688701e-06	
0.000154964725291019	0.00102771656616983	0.00367220210383365	0.0125406167968965	0.046206099525152	0.107060158136904	0.178960654935084	0.230509753434045	0.203807598136169	0.131201941919458	0.0598774037065003	0.0199191327365461	0.004153919084175	0.000754356587265713	0.000143650647726703	7.83934213257819e-06	1.99161664989824e-06	
2.97034526105176e-06	5.6097091930149e-05	0.000680718266825606	0.00380917076277278	0.0125867531766994	0.0425434489374736	0.108306511115626	0.180459549753368	0.226590072495095	0.205468541412808	0.134146902413635	0.0603288155230583	0.0197254688095926	0.00427742447642573	0.000831399638568389	0.000186155780860487	
1.11988726582174e-05	3.40667996511423e-05	0.000482833837966504	0.00342463235639839	0.011542874670253	0.0419906432136627	0.103760205293288	0.177715294907351	0.228215072383187	0.210087346077479	0.134550608047493	0.0619490005048896	0.0209424047963318	0.00417397371735721	0.000907963561091047	0.000211667241998064	2.13718943859111e-07	
2.97211217539956e-05	0.000133342265215858	0.000487663826554148	0.00335619725666839	0.0123759005372697	0.0417786543836323	0.0984304195045179	0.177280089137926	0.234662247646053	0.207371134982227	0.134663858776762	0.0620880593167449	0.0213845802919708	0.00461016572599246	0.00125354448755868	9.44207391528505e-05	
0.000181073343798276	0.000566337585730962	0.00286249716926822	0.0121957847774389	0.0412815352231849	0.0997529268884822	0.175770329817383	0.23147420176551	0.208068740387783	0.133650443285479	0.0650912138377601	0.0219932932745213	0.00560821669273553	0.00134634256705397	0.000157063383871962	
9.26045277278181e-05	0.000768865140953574	0.00313592414535294	0.01195135488774	0.0416440085583871	0.0984789779749761	0.171163839606105	0.228430781661098	0.211159596665532	0.138092736112594	0.065391510292152	0.0224524649672078	0.00600934991034103	0.0010239366969379	0.000202873988021749	1.17486487375573e-06	
1.40375961920012e-05	0.000572115601944241	0.00389952724216967	0.0131658029784938	0.0395738637004557	0.099409117468861	0.172711564748287	0.225955749318947	0.208024558440309	0.139393413743692	0.0672996619863817	0.0229535169233667	0.00571555769238964	0.00106861201011609	0.000234127050773735	8.77349762000077e-06	
7.64645915683127e-05	0.000402168111373594	0.00296717445554518	0.0135210701057589	0.0412488401216516	0.100830552075566	0.17275700253455	0.225442564136397	0.207574757402111	0.13914648100675	0.0653084967591852	0.0238021961456905	0.00570240361664558	0.00105993370017707	0.000122472947511958	3.74222895175429e-05	
8.03018301917275e-05	0.000420583314080722	0.00251909815453308	0.0128854894315257	0.0399173061666492	0.100724548543111	0.170928929192344	0.224431242955745	0.209035101932566	0.139342947821893	0.0679794449521635	0.0250727693202436	0.00563496778687125	0.000874992534903934	0.000150689854186945	1.58620899144153e-06	
3.12733744165462e-05	0.000357500706528234	0.00267776284090508	0.0124777192089916	0.0404720723805582	0.0990932189839066	0.174861977462295	0.226989374553546	0.209713057661713	0.138327691227656	0.0667680193869522	0.0221054338956469	0.00516145613752474	0.000934073782065775	2.93683972947261e-05	
4.63625826685757e-05	0.000337739359678584	0.00257286642694879	0.0121407122170148	0.0406708543185283	0.099702674741582	0.179450387985253	0.226514456687249	0.205606631469838	0.137679440091777	0.0652953539593468	0.0230637841234834	0.0059885200237544	0.000825198636789875	0.000105017376087302	
1.346337386983e-05	0.000326173714625474	0.00220145731629089	0.0117858531407351	0.0411419571096046	0.0996937395546332	0.178355262586278	0.227232593325251	0.207915352324361	0.137636579861564	0.0665955221288162	0.0204168933718793	0.0059884617320427	0.000642836964569644	5.385349547932e-05	
3.8754682346653e-06	0.000232923550022231	0.00225836979535985	0.0109762751348337	0.0416039028654223	0.102243393878824	0.175724090705413	0.224548702712713	0.211326554190297	0.137306811368741	0.0658099588223591	0.0212669483024797	0.005662059090846	0.000889419959855686	0.000146714154598043	
0.000211118916369969	0.0025258884521603	0.01108812736807	0.0390243457287501	0.102355735572466	0.174966914717837	0.23034494196412	0.209562603741776	0.139444619572323	0.0632625113549323	0.0205453501961311	0.00541735662531907	0.00102349625383945	0.000215007218156147	1.19823177492446e-05	
0.000284834690654617	0.00242209794812421	0.0107753738401227	0.0400551291426956	0.102000950917527	0.178191024753083	0.228848919722837	0.208682104384342	0.135481319686601	0.0646747434471795	0.0212819228941754	0.00599254268871911	0.0011649860790536	0.00014404980488568	
0.000209290259077397	0.00215975535995633	0.0116689691097534	0.0418336339600688	0.104435483679785	0.178984776691995	0.225974371208614	0.205598026468323	0.13557627008013	0.0654884511446127	0.0224729613737975	0.00468830726101676	0.000832893838276672	7.68095645924976e-05	
3.30297442420739e-05	0.000186610076768625	0.00239453678456397	0.0122677177252527	0.0430854264869987	0.104243029666854	0.183315359780478	0.226690155548554	0.202965185452839	0.130652743539115	0.0660367905077302	0.022496167871521	0.00489717816682845	0.000727571866221238	8.49678203328712e-06	
5.60957711882342e-07	8.08580473270405e-05	0.00192737056121175	0.0118250687032958	0.0419375190875879	0.103703210417081	0.184330343508866	0.230612440006574	0.204815958189097	0.128595789018676	0.0644478304920425	0.0213107434060022	0.00542514223683811	0.000904544310410277	8.26210572786707e-05	
2.26902382415304e-06	0.000179292689543602	0.00193129754127384	0.0125978193088752	0.0429250742458432	0.106384774292836	0.18507694876803	0.225900429263481	0.201673504588902	0.130847836674869	0.0630744834935483	0.0219895875690933	0.00605801495844004	0.001276903108901	8.17644725405324e-05	
0.000293965642056439	0.0021154100001694	0.0133932152825698	0.0433869795993118	0.108925896367483	0.188255868845459	0.225174965090082	0.198959566180543	0.12798240488985	0.0614313881474715	0.0235914019803968	0.00557308198405314	0.000859723654717657	5.61323358370885e-05	
9.02049702938632e-05	0.00263609044089099	0.0142415039376362	0.0454655128420653	0.109880968864461	0.189143106400547	0.22913292522418	0.202984917161243	0.12203289516637	0.0575951638781451	0.0201025797675298	0.00566994222150871	0.000896648443790791	0.000127540681337696	
2.08317175905316e-05	0.000509092392501815	0.00362037068440533	0.0161816987471165	0.0511102435840484	0.11487454997363	0.187101356227826	0.227625292503799	0.194998790811687	0.122842306427688	0.0545232457855696	0.0196292096572839	0.00585450322045705	0.000895091865502842	0.00021341640089427	
