# <P(U)> as a function of N_tot.
# number_of_species: 1
# species_total_upper_bound: 389
# species_total_lower_bound: 363
# volume: 729
# Bin widths for each
10	10	10	10	10	10	10	10	10	10	10	10	10	10	10	10	10	10	10	10	10	10	10	10	10	10	10	
# Bin lower bound for each
-1570	-1580	-1580	-1590	-1600	-1610	-1620	-1620	-1630	-1640	-1640	-1650	-1650	-1670	-1680	-1680	-1690	-1690	-1700	-1700	-1710	-1710	-1720	-1720	-1720	-1730	-1730	
# Bin upper bound for each
-1400	-1400	-1400	-1410	-1420	-1430	-1440	-1440	-1450	-1450	-1460	-1470	-1470	-1470	-1480	-1480	-1490	-1510	-1520	-1520	-1530	-1540	-1550	-1550	-1560	-1570	-1580	
# Normalized histogram for each
0.000176401178774936	0.000743157907219898	0.0035379059944777	0.00851024510375552	0.0192094460113569	0.0343330058958512	0.0557585843632461	0.0888216994202973	0.124919211224847	0.145674761685466	0.155191531162232	0.14185866559673	0.106262686555364	0.0690850263564114	0.0324133460091827	0.0108988257709769	0.00237128643400817	0.000234213329802016	
0.000116614848825649	0.000561826623367639	0.00161383091637529	0.00592907445363967	0.0137506695471193	0.0269671837909313	0.0493685997719093	0.0765961904498368	0.11087008512884	0.142775117158393	0.15122030521466	0.148611789168259	0.119416569981757	0.0858888126829519	0.0441263670126241	0.016795997145901	0.00468337092020975	0.000618651655634375	8.89435287653255e-05	
0.000329918732162377	0.00126576017331863	0.0040802093277473	0.00972938749870159	0.0221109852550564	0.0414723179882377	0.0660396397109378	0.100108324141445	0.133996962966993	0.153104550108571	0.156169777069906	0.128785533038863	0.0948731519357376	0.0558972355085546	0.0233668528127179	0.00670570952312646	0.0017114225086684	0.000187959697483813	6.43020017707782e-05	
3.89685469566058e-05	0.000934258581465967	0.0028136277448162	0.00851240778266008	0.0159090326132209	0.0326156872571865	0.0575821940377137	0.088453175591286	0.123317200026045	0.151636481663079	0.158612344841058	0.140304033589901	0.105066108413457	0.0679941951663217	0.0324021001580446	0.010367113308696	0.00270806737711096	0.00060721875067825	0.000125784550302968	
9.45129276274718e-05	0.000223348971077552	0.0018783200774807	0.00576926807696536	0.0130119429519969	0.0242540069750541	0.0484075317849463	0.079728121127768	0.112770338062793	0.142940854307327	0.160206873875483	0.150623760450518	0.116195685534597	0.0812796254502422	0.0421492836666241	0.015713520372759	0.00372430678498359	0.000927221563671618	0.000101477038084233	
2.49602837837441e-05	8.76057019076509e-05	0.00127101680365458	0.0031699560405355	0.00954119083066846	0.0200817718473449	0.0371756509005768	0.0700640059982988	0.106790861208097	0.135251947146844	0.156280252108655	0.156735410224711	0.128091282204884	0.0905050101651979	0.0533660655643031	0.0234930106311232	0.00637857605006935	0.00146335781398813	0.000228068475357348	
3.37574376441418e-05	6.06655401141099e-05	0.000378181149259734	0.00216928229730616	0.0061639124185296	0.0156370322026386	0.030941382411103	0.0574336323883534	0.093142641318908	0.130027289708287	0.149169713805422	0.162592453793896	0.141893762897543	0.10283347211391	0.065045689957994	0.0300773877027036	0.009745136238169	0.00216145448567853	0.000493152132540507	
0.000106289407529191	0.000215016645506298	0.00168307814124205	0.00425303899943637	0.0117123126039735	0.0255806424560849	0.0472349151927544	0.0828013987295978	0.120094353789656	0.146806637139664	0.162749560702953	0.147921700786542	0.112769648425844	0.0767862958824069	0.0390832977410088	0.0152422910925576	0.00387615041218837	0.000980495406152304	0.000102876444902106	
9.52171046653481e-05	0.00019140088044405	0.000768503535116262	0.0033992989701086	0.00870729005353425	0.0208994294707089	0.0378746575567581	0.0684891317166726	0.106400522775738	0.141704318506532	0.164357772712421	0.156917788488494	0.125147659012565	0.0857625778411914	0.0494399107569228	0.02157996593451	0.00673189763339578	0.00131128936526441	0.000221367684958017	
8.2047203203895e-06	0.000295369931534022	0.00044208963608687	0.0023861257214121	0.0078268205550445	0.016202874740948	0.0320543943999405	0.0589697380956748	0.095108635323348	0.133341184124542	0.15360587805469	0.164941423123218	0.136684848970404	0.0977563468337984	0.0593896267238359	0.0280331161817355	0.0102216336273841	0.00210089103262679	0.000526067361719092	0.000104730841736737	
0.00012712354096845	0.000321179552371047	0.00167186717516083	0.00526888555029084	0.0128664432374128	0.0275646211333256	0.0494611695365769	0.0845400439154051	0.123257348125891	0.151853403443892	0.163151508147463	0.14937256828075	0.109382584074887	0.0674067760699565	0.0354183520166416	0.0141111945760623	0.00342607573481259	0.000556647020301244	0.00024220886783004	
5.76397391417539e-06	0.000258418163818863	0.00102646768788273	0.00287622298317352	0.0106268465731014	0.0222792001717664	0.0406216061601511	0.0732903693122186	0.111062651034129	0.14342160058831	0.164672892078715	0.155787245958854	0.121552603226769	0.0838715844251661	0.0425126699351601	0.0190451304747545	0.00588165504825647	0.000896297943654273	0.000310774260205956	
0.000169095249144075	0.00070232174502454	0.00235244157687084	0.00781825335176087	0.0181887881202901	0.0322967122022879	0.0622866193296046	0.0996835709073545	0.13203360575923	0.156029758842312	0.163254257285147	0.140432163261463	0.0946630753141593	0.0549314563760678	0.0237372259828301	0.008878461348525	0.00200512377820276	0.000389111226723583	0.000147958343001066	
9.76855842941118e-07	2.78403915238219e-05	0.000466448665004384	0.00134415363988698	0.00470307245584001	0.0144389062145127	0.0273612437328592	0.052051275163196	0.0864878857664777	0.123157100398801	0.152476940096758	0.161463036995973	0.150442637803833	0.112474204900397	0.0688688253552703	0.0292143392669185	0.0111801151224611	0.00294668565023188	0.000634956297911726	0.000231514834777045	2.78403915238219e-05	
3.40545105685741e-06	4.28113847147789e-05	0.000334707189588271	0.000895633627953499	0.00352269587181493	0.0105374385559331	0.0245304369485602	0.0423973791648666	0.073990235112341	0.109275086498457	0.149008429950845	0.161038429055698	0.158798128753294	0.123970580794813	0.0805374580156534	0.0400607532468543	0.014790846925948	0.0050580678054495	0.000921417757383991	0.000143515437396134	0.000142542451379889	
4.52764051507996e-05	0.00026094788344977	0.000860251697865193	0.0025033470460797	0.00673742119227867	0.0186884447798252	0.0345196076044887	0.0649141939095932	0.101976582848519	0.139665051970497	0.157274652515762	0.161508726661961	0.139620749251479	0.0915333122368005	0.0508955478201602	0.0201494608213043	0.00650471020666488	0.00162313478250286	0.000596869599084735	0.000114408120542343	7.30264599206446e-06	
5.67479695478654e-05	9.58845002705313e-05	0.000690759767255052	0.00146272783575964	0.00536023708910312	0.0137403467300939	0.0299149856711377	0.0540524409943418	0.0890517512129878	0.131176845262963	0.157566118722623	0.158305309946647	0.15244608209083	0.106835390773367	0.0589278743091179	0.0273745356206026	0.00919806313309453	0.00283446323758907	0.000853665576388148	4.15825638928324e-05	1.41869923869664e-05	
0.000133599939434694	0.000183081398484581	0.0011776587253873	0.00292979719034379	0.00988886959111986	0.0234497582583318	0.0477248672536157	0.080569175327159	0.117711442933776	0.152782911479154	0.165400683536875	0.156508865345611	0.119733750165144	0.07360713403884	0.0319155410871769	0.0114782140558022	0.003494380638103	0.00109749876172649	0.000212770273914513	
7.39370805302965e-05	0.000286382958587348	0.000903018210210021	0.001447195122913	0.00704965417162867	0.0179095325599186	0.0384600976363794	0.0715158875998644	0.110930266488955	0.145891661474641	0.16753698825682	0.162506309297539	0.132987669266623	0.0808605487511534	0.0409986040679196	0.0147849515367083	0.00461564548057131	0.00108096011735293	0.000160689921685844	
8.83837004567153e-05	0.000713028055369906	0.00141860804609458	0.00461978623061393	0.0142163692571698	0.0308046988350234	0.0620006693327428	0.100175476403042	0.134014516774531	0.165441873813896	0.165724900270414	0.14375161995406	0.0976749128328168	0.0502113760746316	0.0210194315041218	0.00629212501228931	0.00167879377103458	0.000149954368190607	3.47576350110678e-06	
2.20934442223384e-05	0.000315333703900648	0.00127137729024911	0.00360926538795837	0.00990489274386016	0.0250665188414399	0.0513326112794062	0.0908462341473261	0.129955145286991	0.155461022394216	0.175020750263238	0.149788028466399	0.107456487212666	0.0604642334754846	0.0272120935496683	0.00911103512305295	0.00255631192127102	0.000544302125841245	6.22633428084082e-05	
0.000154354939182651	0.000865991347102663	0.00259145906010872	0.00651448004686777	0.0189661125758682	0.0412709024401611	0.078977107859523	0.122430027849039	0.155234962796952	0.178133618255178	0.154459178881839	0.119382520104981	0.0711801788211993	0.0318677799600181	0.0135601816376758	0.00380525017277229	0.000578329869534996	2.75633819969019e-05	
3.59786286945554e-05	0.000423748293513653	0.0021802049582548	0.00456728703150329	0.0141890716914153	0.0329859063716153	0.0635967235462136	0.10948596533659	0.151959236213689	0.175992460478476	0.168578864154692	0.130503980635503	0.0855281962514267	0.0380394045936714	0.0149391261590615	0.00544076818369888	0.00121727693749913	0.000335800534482517	
3.14770532281966e-05	0.00141346958067569	0.00351044088859222	0.0102884996837306	0.0267050320316489	0.050259360925885	0.0959105811863152	0.14053704849165	0.172406315795785	0.177211812588623	0.142944293609958	0.100249418174151	0.0520435602445817	0.0184345612048816	0.00579527524434687	0.00178769676905536	0.00046715944076768	3.99708612421545e-06	
0.000735373237868697	0.00344827073239307	0.00684348351707747	0.0208344180460493	0.0438695012503328	0.0785133658920702	0.133856276432899	0.166276665957574	0.18033603036303	0.156133176440486	0.109896894027411	0.0620034185186122	0.0273719505936292	0.00731604635975371	0.00199289618543108	0.000426942925020194	0.000145289520361111	
5.18374923955377e-05	0.00222118764585408	0.00673349464900149	0.0152710318399571	0.0351741837551079	0.06569619708419	0.118603204535096	0.15751017677563	0.181129001023057	0.165312208414105	0.124459863109897	0.0784721828279015	0.0354935222695823	0.0112017886869074	0.00218206501008386	0.000472405826925372	1.56490543080868e-05	
0.0010939083888188	0.00525221881084865	0.0123023368314093	0.0301782584492268	0.0591522453077407	0.098188244617363	0.147031011087369	0.178750464911065	0.172553109252277	0.142445833302947	0.0896601348181316	0.0454657497283461	0.013914028524269	0.00350731338530614	0.000467220427402162	3.79221574790517e-05	
