# <P(U)> as a function of N_tot.
# number_of_species: 1
# species_total_upper_bound: 389
# species_total_lower_bound: 363
# volume: 729
# Bin widths for each
10	10	10	10	10	10	10	10	10	10	10	10	10	10	10	10	10	10	10	10	10	10	10	10	10	10	10	
# Bin lower bound for each
-1570	-1580	-1580	-1590	-1600	-1610	-1620	-1620	-1630	-1640	-1640	-1650	-1650	-1670	-1680	-1680	-1690	-1690	-1700	-1700	-1710	-1710	-1720	-1720	-1720	-1730	-1730	
# Bin upper bound for each
-1400	-1400	-1400	-1410	-1420	-1430	-1440	-1440	-1450	-1450	-1460	-1470	-1470	-1470	-1480	-1480	-1490	-1510	-1520	-1520	-1530	-1530	-1540	-1550	-1560	-1570	-1580	
# Normalized histogram for each
0.000219453620491825	0.00076723043101634	0.00333895254615491	0.0078930437917128	0.0182738001094696	0.032162814012628	0.053356375963485	0.0869996446737278	0.125558331586705	0.148314214722509	0.159943970747518	0.142510695149346	0.105923233237622	0.0678968928024785	0.0325177116645171	0.0109842537741094	0.00305649173384219	0.000282889432665243	
0.000101043055473494	0.000712439170796159	0.00159442516348852	0.00547730427403562	0.0127643924272511	0.0252106704891768	0.0469070977608688	0.075404236444175	0.112300365039445	0.143482851366522	0.154739732783933	0.150611952708425	0.119768131876601	0.0846796464178096	0.0437696252587088	0.0164490387637125	0.0051390669273235	0.000804491106926673	8.34889653276749e-05	
0.00033917171779541	0.00139785056891661	0.00391483917000264	0.00906115896390973	0.0204858002394355	0.0388190821181467	0.0641120304336939	0.100552622642092	0.135982560313393	0.156039572034756	0.157994847677167	0.129418665678738	0.0949252021309074	0.0553090021576638	0.0227305081315455	0.00677142827740216	0.00188881342210971	0.000201101814976039	5.57425073494352e-05	
3.37260928961749e-05	0.000904627732240437	0.00276895491803279	0.00802766393442623	0.0150367144808743	0.0306864754098361	0.0547331796448087	0.0874158982240437	0.124710980191257	0.154212346311475	0.160403432377049	0.141598787568306	0.106104422814208	0.0676024590163934	0.0325196379781421	0.00958247950819672	0.00293971994535519	0.000609631147540984	0.000108862704918033	
8.17139984250702e-05	0.000225358606182825	0.00190092564757269	0.00560687051298758	0.012166784291817	0.0229900184200555	0.0461675489628128	0.0773087537626071	0.113019491369066	0.144937409227575	0.161981659078017	0.152237479802665	0.117916310243108	0.0812727428335748	0.0417747764369514	0.0155617858895407	0.00366981867663749	0.00107690448450724	0.000103647755897063	
2.15664426152906e-05	7.56939848654317e-05	0.00128933497125531	0.00317661013580516	0.00932516063828213	0.0187378556612969	0.0358764115976717	0.0669950968058407	0.105657808215123	0.136745623809353	0.15872690329142	0.160484779800278	0.130164475840298	0.0900487782187387	0.051978509674241	0.0229120194859152	0.0061967578447935	0.00134219389923397	0.000244419682973294	
2.9225709305847e-05	5.25215645496382e-05	0.000333766071492862	0.00222073034623994	0.00633393126028459	0.0150249795102364	0.0298411434452876	0.0559519851245375	0.0912350403547747	0.13002009796966	0.151894482482576	0.165732220497388	0.142781567472209	0.103552194363674	0.0640521657733059	0.0289842795333205	0.00949284923134267	0.00200174930694831	0.000465069982866957	
9.22074939314357e-05	0.000200064883621877	0.00159967312866371	0.00425719461660505	0.0115834606825977	0.0247708241954156	0.0464197056719875	0.0803228784980161	0.118543307702752	0.149033111372695	0.164380583470411	0.150784630787236	0.114093661665327	0.076175233151724	0.0383481661917417	0.0148314485078247	0.00356225465087409	0.000912346625734435	8.92467028418942e-05	
8.28452333291841e-05	0.000209005487129972	0.000679162699627575	0.00324610333029427	0.00829041081142911	0.0201654549675179	0.0374435222597152	0.0678775808182586	0.103868157488368	0.142484129040072	0.166168193486094	0.159580946100975	0.126074885362383	0.0857628994654169	0.0492357211824748	0.0209897019590164	0.0063933811284446	0.00119810187692815	0.00024979730252556	
7.1358232599295e-06	0.000346297305261284	0.000548618882395756	0.00222973489157326	0.00765128155188205	0.0154557734266979	0.0314039186583309	0.058862986316849	0.095153264890994	0.130852949151802	0.154969093490198	0.166558090218633	0.138423218121969	0.0984432991681309	0.0589167148684532	0.027616475524546	0.00996790558550269	0.00198837616366388	0.000513779274714924	9.1086685141453e-05	
0.00013513354719686	0.000439393863090412	0.0015011574482086	0.00511577000102399	0.0122161566004764	0.026104276095463	0.0490081533371271	0.0838566610766702	0.121613058097353	0.15011574482086	0.165121024261927	0.151302150218144	0.111131814801572	0.0686885499079245	0.0357117676978783	0.0140417184958377	0.00315633356666952	0.000522068735133211	0.000219067427443357	
5.02802284733582e-06	0.000302938376551983	0.00104499074843796	0.00278971467646349	0.00996512228151565	0.0212718886594621	0.0397050394196991	0.072500318441447	0.109373323992384	0.141017604783996	0.166684823415838	0.159121420047733	0.122770071867207	0.084249550829959	0.0432602705746695	0.0190595586066343	0.00574744911640879	0.000827528760290687	0.000303357378455928	
0.000152424046215979	0.000654205685962795	0.00217424713858495	0.00726806560868422	0.0171437161402368	0.0319565620861351	0.0615709166521801	0.0998679831401369	0.130577439393596	0.156365236567998	0.167097904946181	0.141341600343311	0.0939620762254599	0.0547160335819987	0.0238680100137979	0.00886410913393749	0.00187359805569062	0.00041066313278024	0.000135208107111694	
8.51181546384074e-07	2.42586740719461e-05	0.000435379360975454	0.00141891963782225	0.00454956536542288	0.0135788992094651	0.0269547916201177	0.0516292678774724	0.0857965463308756	0.122748465213274	0.149895198272101	0.164814282826348	0.152795599391405	0.113328439039442	0.0676442486726888	0.0290057135561301	0.0113462500132997	0.00312170832136359	0.000643918839839552	0.000243437922265845	2.42586740719461e-05	
2.96149631716779e-06	3.72302394158237e-05	0.000291072780887349	0.00093202519810295	0.00338795178683996	0.0099282048678538	0.0233378601919896	0.0423675893843049	0.0736714515985734	0.11049850444436	0.147307365241341	0.160713212927354	0.161810235777414	0.125497214078107	0.0799295163876514	0.0393477092825987	0.0146949447257866	0.00503708216459997	0.000907487085760703	0.000150613241273105	0.0001497670994682	
3.94357214701637e-05	0.000227285448473202	0.000784474029245192	0.0024322935306759	0.00642038987935213	0.0175900279357562	0.0343552980407655	0.0644413612023739	0.102622348265761	0.139903946455619	0.155968702454513	0.16141846473768	0.142372707427655	0.0923970473245619	0.0506261374873424	0.0195910727703552	0.00638434647800844	0.00173729194476624	0.000580086741625634	0.000100921523762354	6.36060023712318e-06	
4.93672060459507e-05	8.3413555043158e-05	0.00060091805980071	0.0013788771343869	0.00505758514353515	0.0127933412150631	0.0287853369184139	0.0538668566452941	0.0897197900361657	0.132143243204136	0.155911425018449	0.159273927561286	0.153328158288286	0.108734675951106	0.0589814694233995	0.0263612368698127	0.00920868624501966	0.00282542138740574	0.000847754090030463	3.61742458095328e-05	1.23418015114877e-05	
0.000116768168478303	0.000160015638285082	0.00107383467530232	0.00278556953025463	0.00913646047138012	0.0224705203622062	0.0471060090629398	0.0807702720352346	0.119076285941891	0.153469701255128	0.165162087192089	0.157090379427352	0.121148272220334	0.0729558867158477	0.0313535506605186	0.0111461703933011	0.00361505600114865	0.00110627027765741	0.000256889970652267	
6.4456801051935e-05	0.000249662676074495	0.000794107788959839	0.0013424203099083	0.00677140180650928	0.0169194805641259	0.0378932939144186	0.0712084361061217	0.111403267530101	0.146016139982983	0.166382770267367	0.163379513050354	0.132560138195381	0.0830762223158039	0.0407169315125003	0.0147799444812087	0.00486176164734395	0.00121565526783949	0.000364395781946939	
7.73547458223005e-05	0.000676202160109548	0.00132459137790097	0.00447484167265297	0.014025110741141	0.030167047139026	0.0606300413674059	0.0996994029343523	0.134446459434172	0.165217134336946	0.166111494263363	0.146359959445253	0.0976668852590102	0.0498998951365159	0.0208892579898109	0.00647563521066348	0.00156969293207949	0.000266830415364565	2.21634384097603e-05	
1.93600278784401e-05	0.000287760414374997	0.00133144191727636	0.0036185652107339	0.00975569404819943	0.0238097542860462	0.0500131120188813	0.0902656899825936	0.129438066390816	0.153976461726105	0.174982091974212	0.153334940802315	0.108288995936154	0.061243688190911	0.0272562792490421	0.00919337323845746	0.00248644358047876	0.000604560870567654	9.37201349569943e-05	
0.000135615011877321	0.000828220251107926	0.0024851010618039	0.00625722381100199	0.0183216761663221	0.0403313761621392	0.0778183595426956	0.121576656605618	0.154520096779804	0.177504639750609	0.156546836713802	0.120644963861681	0.0726407721249507	0.0325154603315083	0.0133911018059252	0.00384081087209699	0.000562714237594859	7.52927501007206e-05	3.08215936084821e-06	
3.15373540247577e-05	0.000416117865604442	0.00205956442533904	0.00452254417091143	0.0137353937153938	0.0323963089031264	0.0619327930225356	0.107771899078715	0.152635537254156	0.175230737356478	0.169588617117687	0.132121364498663	0.0864508956827552	0.039095806539358	0.0150415657945858	0.00553918581940397	0.00113184059444408	0.000294348637564405	3.94216925309471e-06	
3.54426679840254e-05	0.00130744064118849	0.00339155703140964	0.0101759837856357	0.0262866454214855	0.0495090315356608	0.0946349864639638	0.139946030880628	0.173078361988657	0.176725456280594	0.143533616495455	0.101277204982452	0.0530436719304134	0.0186607834754905	0.00623309636336348	0.00174806739007632	0.000409122155124244	3.50051041817535e-06	
0.000661808181864888	0.00334430831901593	0.00688411129175378	0.0201006819236674	0.0425978061058771	0.0767841173002754	0.131677622785011	0.167615113260633	0.179852469023458	0.157451568267691	0.111244295169932	0.0642711532617129	0.0269085981944828	0.0076134064921641	0.00249048868438629	0.000374879503016887	0.00012757223505685	
5.09051628188691e-05	0.00222645377379816	0.00650680144743222	0.0153129632154117	0.0348281907614895	0.0649377317694807	0.11618672013722	0.156768488496296	0.183476442988806	0.164967239507928	0.125430752585378	0.079305929674949	0.0359053957746989	0.0111430538611135	0.00250384377119251	0.000435282282069821	1.38047899169814e-05	
0.00110958376626031	0.00482942139444434	0.0119175922161344	0.0294966860919117	0.0583493059185689	0.0963410410468551	0.145464323590594	0.180793746060633	0.172790889280405	0.143506740753648	0.09052809561609	0.046608971752725	0.0140210257303828	0.00364024360074775	0.00056877461767977	3.35585629190787e-05	
