# <P(N_2)> as a function of N_tot.
# number_of_species: 2
# species_total_upper_bound: 100
# species_total_lower_bound: 0
# volume: 512
# Bin widths for each species index 
1	1	1	1	1	1	1	1	1	1	1	1	1	1	1	1	1	1	1	1	1	1	1	1	1	1	1	1	1	1	1	1	1	1	1	1	1	1	1	1	1	1	1	1	1	1	1	1	1	1	1	1	1	1	1	1	1	1	1	1	1	1	1	1	1	1	1	1	1	1	1	1	1	1	1	1	1	1	1	1	1	1	1	1	1	1	1	1	1	1	1	1	1	1	1	1	1	1	1	1	1	
# Bin lower bound for each species index 
0	0	0	0	0	0	0	0	0	0	0	0	0	0	0	0	0	0	0	0	0	0	0	0	0	0	0	0	0	0	0	0	0	0	0	0	0	0	0	0	0	0	0	0	0	0	0	0	0	0	0	0	0	0	0	0	0	0	0	0	0	0	0	0	0	0	0	0	0	0	0	0	0	0	0	0	0	0	0	0	0	0	0	0	0	0	0	0	0	0	0	0	0	0	0	0	0	0	0	0	0	
# Bin upper bound for each species index 
0	1	2	3	4	5	6	7	6	6	7	7	7	7	7	8	8	9	9	9	10	10	10	10	10	11	11	11	12	12	12	12	12	12	12	12	13	13	13	13	14	14	14	14	15	16	16	16	16	16	14	15	15	15	15	15	16	16	17	17	18	18	19	19	17	17	17	17	18	18	18	19	20	22	22	23	23	23	21	21	20	20	20	20	20	20	20	21	21	22	23	22	23	23	23	24	25	24	24	25	22	
# Normalized histogram for each species index 
1	
0.92052597942636	0.0794740205736404	
0.847919741117457	0.14582597620894	0.00625428267360357	
0.780707298249377	0.201628018645519	0.0171784825844419	0.000486200520662317	
0.719261889188828	0.246628372002008	0.0322157506805491	0.00185568947451254	3.82986541015166e-05	
0.661648390807136	0.284443842246036	0.0495552254075733	0.00415735762766192	0.000190408770025004	4.77514156802517e-06	
0.609476420101187	0.314496591256524	0.0677654269556247	0.00774782152118344	0.000498244522439181	1.25157116880656e-05	2.97993135430132e-06	
0.560457914996651	0.338506580544638	0.0870923733924448	0.0127846831955266	0.00109342685224898	5.90557874373427e-05	1.78956931628311e-06	4.17566173799393e-06	
0.51736693745811	0.355060226932419	0.107037091614338	0.0183324935471144	0.00203450095307813	0.000162213422952783	6.53607198710849e-06	
0.475562632985575	0.368844318714124	0.126401215665071	0.0255764608204436	0.00331512717758789	0.000287808468793804	1.24361684046706e-05	
0.436982833403164	0.377040783207539	0.146513864874275	0.0338422136589223	0.00511044099683105	0.000488029411591141	2.12443274695055e-05	5.90120207486265e-07	
0.402365823168824	0.381426127932933	0.164567660630327	0.0433578823982142	0.00735704665187978	0.000879422343465774	4.42662253422369e-05	1.77064901368948e-06	
0.371005282139901	0.382839210670241	0.181420531612306	0.0527452908834855	0.0104333030277464	0.0014436944418059	0.000110327282639029	2.35994187463163e-06	
0.34065811944087	0.383497300642727	0.197229530785323	0.0626086555587016	0.0136312665551023	0.00214990964704714	0.000208665962443673	1.65514077859004e-05	
0.31362439264007	0.379831211642372	0.212604678964781	0.073567340754813	0.0170273837212743	0.0029318987506584	0.000378767702951429	3.43258230799733e-05	
0.287557779377498	0.374885151647186	0.226507591831322	0.0846953321840605	0.0216471385000095	0.00407593252126471	0.000551745694962775	7.163222005418e-05	7.69602364218463e-06	
0.264644772991796	0.367539829847555	0.238420246671265	0.0961321016363365	0.026783364979128	0.00551075364400733	0.000827294557160365	0.000124449754300628	1.71859184510391e-05	
0.244686670163007	0.358631372614163	0.248051106686632	0.10731787191529	0.0325883438975019	0.00734172138597461	0.00116814944719063	0.000185100369488814	2.55106278462148e-05	4.15289290519776e-06	
0.225429210951513	0.349505047360697	0.257393753427906	0.118203406412594	0.0382039993477713	0.00932509153436801	0.00166199730214494	0.0002324305895258	4.0319592060598e-05	4.74348141889388e-06	
0.206972882575737	0.339814648495508	0.26457910577651	0.12917694470578	0.0451119216954215	0.0115955844299045	0.0023149671369518	0.000368142021010772	5.33539160885177e-05	1.24492470873208e-05	
0.190761086678178	0.329245656534238	0.270971479654315	0.139404638451625	0.0514247113804175	0.0143554444613948	0.00318759248915358	0.000560945046973954	8.13221919951658e-05	5.34233378070432e-06	1.78077792690144e-06	
0.174543748483808	0.319769010899976	0.274796600407956	0.150262727562283	0.0585337672682799	0.0170827780140418	0.00411336639447866	0.000764546399781253	0.000119219415326635	1.24557598102454e-05	1.77939425860649e-06	
0.160564870991399	0.306791881363519	0.278905498461802	0.160988113493281	0.0658121255702761	0.0205692284247521	0.00513427085615231	0.00104173611574105	0.000166677778518568	2.26205556560914e-05	2.97638890211728e-06	
0.147916882424294	0.294617189425079	0.281268785793446	0.170533043355082	0.0733724732549821	0.0242713939311694	0.00638464019960408	0.00134989875759318	0.000240458156114482	3.63068007994639e-05	8.92790183593373e-06	
0.137870985115317	0.283166438685877	0.281580502638063	0.178874759905249	0.0807933731465638	0.0277514977622931	0.00781410112814745	0.00176168778864989	0.000322310819634627	5.54064810092797e-05	8.93652919504511e-06	
0.126877241932614	0.272793390751409	0.281845932992142	0.186910892868727	0.0876001597437434	0.0321034929957368	0.00912574820362685	0.00223248428303687	0.000418999982740058	7.43963037535613e-05	1.36889198906553e-05	3.57102258017094e-06	
0.116505720227882	0.261398539531466	0.280945772881803	0.194339703411446	0.096045842682734	0.0362935111295027	0.0109761071533468	0.0027896589980772	0.000589205470395249	9.0967141241648e-05	1.78366943611074e-05	7.13467774444298e-06	
0.106935444167969	0.249477876867321	0.27978860018803	0.200619845127691	0.104257950477637	0.0412911759559406	0.0133234079025805	0.00347053956183771	0.000705259193133658	0.000110326501196687	1.48288308060063e-05	4.74522585792201e-06	
0.0985818068348059	0.238163432138988	0.278383736754493	0.20602657940541	0.111704809849638	0.0462167475644641	0.015435442133851	0.00434664992946408	0.00097706188533197	0.000148902570260063	1.12715093025546e-05	2.966186658567e-06	5.932373317134e-07	
0.0905574919496817	0.227438375672045	0.274757542656617	0.212056284698116	0.119091398066028	0.0516920477782543	0.0176994453040402	0.00519686849132651	0.00124338618070151	0.000226877992953158	3.02109076778356e-05	7.10844886537309e-06	2.96185369390545e-06	
0.0834325486598686	0.216734771852065	0.2712206945132	0.216927583753409	0.126450303323876	0.0567907937640136	0.0203546674379143	0.00613685978020626	0.00156911035050956	0.000317015886872644	4.67243564607069e-05	1.30118461029817e-05	5.9144755013553e-06	
0.0768550871888914	0.206073661839032	0.267509467048535	0.221211498997537	0.133745883058202	0.0620122655659047	0.0230914559960728	0.00719129869378921	0.00182968635128326	0.000384700258315603	7.55239770926337e-05	1.71109010600498e-05	2.3601242841448e-06	
0.0704067573092712	0.194243099589485	0.26273612886911	0.226188591132213	0.141076438043424	0.0680321747371357	0.0260483259163324	0.00842182134441905	0.00228950173352209	0.000460854542489607	7.91724470430864e-05	1.59526572400249e-05	1.18167831407592e-06	
0.0644324550501137	0.185250917377786	0.256147125589004	0.229218859242422	0.147820603516088	0.0744942085078996	0.0292461633839642	0.00978221105628613	0.00279601501373186	0.000669010567648375	0.000109925764648938	3.19139316722723e-05	5.90998734671709e-07	
0.0592774740985577	0.175343258055187	0.249625501721243	0.231663777722187	0.155234193747934	0.0800039504911206	0.033199501575761	0.0112926089741201	0.0033318962534796	0.000775904842840829	0.000201072901345947	5.02682253364866e-05	5.91390886311607e-07	
0.0548821296234492	0.165896891700075	0.243305793130091	0.232558675282161	0.161611984979789	0.0861417468880673	0.0372037882497627	0.0130012126983039	0.00401495877829949	0.00106029880933465	0.000243366634788788	6.67486158522646e-05	1.24046100256421e-05	
0.0508770511585147	0.157564732199493	0.237489769654213	0.23273616240626	0.167322726620968	0.0913859750884073	0.0411220070891059	0.0150668579281566	0.00469991084036058	0.00130818610584801	0.00033988055794698	7.67091537033114e-05	9.44112660963833e-06	5.90070413102395e-07	
0.0464998557915865	0.148801892956155	0.230784670351339	0.233732996650833	0.171945871813436	0.0984243023550117	0.0451160436274596	0.0170695673158988	0.00549698928148894	0.00163808985655677	0.000372587452102206	9.65313462002554e-05	1.53037500073576e-05	5.29745192562378e-06	
0.0429527846668342	0.139737536269337	0.224375702355086	0.233634868953565	0.177442930062063	0.104119560923951	0.0497130535470514	0.0189804379575794	0.00645533860505584	0.00193848532066833	0.000519794272137909	0.000104782990306396	2.41354078795631e-05	5.88668484867394e-07	
0.0396579047938575	0.132472995825701	0.218119067040997	0.232443521154131	0.181161727345702	0.110241178419815	0.0541950018281384	0.0215619922042742	0.00722158987205394	0.00220321693299208	0.000555234294105243	0.000136445874402459	2.4217666019484e-05	5.90674780963024e-06	
0.0365339016082393	0.124998003822015	0.211577122558231	0.230978198187648	0.184694667572784	0.115791335227189	0.0590028810023593	0.0245574251610694	0.0084170693031594	0.0025279006536226	0.000686093766542401	0.00018276118436345	3.90363694756883e-05	1.06462825842786e-05	2.95730071785518e-06	
0.0333327592483604	0.118374737727301	0.204479169326759	0.229850359802808	0.188473482322241	0.121351863212576	0.0627631264034151	0.0273232773442116	0.00986733292197176	0.00305314225409912	0.000834996695052199	0.000222705377414349	6.47330297017708e-05	5.93881006438264e-06	2.37552402575306e-06	
0.0302304816547961	0.111628876831892	0.197700233053981	0.227713284789827	0.192248445168155	0.12660837247765	0.0680056626830258	0.0298817620853311	0.0112089281714916	0.0034069961343812	0.00100279153876817	0.000285748062883584	5.70307984133557e-05	1.9604336954591e-05	1.78221245041736e-06	
0.0282258929529122	0.105303490769542	0.190409620174717	0.225233294004076	0.194741201568403	0.131943699572145	0.0723962243912904	0.0332945999737805	0.0127617481259013	0.00406581095736947	0.0011911997807096	0.000325956118083116	8.2233901819872e-05	2.44318114102518e-05	5.95897839274435e-07	
0.0263328767606076	0.0992218352073125	0.184371354312581	0.221980362793126	0.197188642987407	0.136638497742325	0.0765710094040442	0.0363014144595169	0.0145513889229045	0.00488033035714819	0.0014187006852175	0.00041515662156891	9.31862344816546e-05	3.22567734744189e-05	1.19469531386737e-06	1.79204297080105e-06	
0.023813610562722	0.0935368097847637	0.177043531098298	0.220049531448762	0.19888533308135	0.141578487490648	0.081371043898308	0.039293234908368	0.01624334880917	0.00590047420291866	0.00168294490239338	0.000444359652621991	0.000111239428516407	3.88739938363788e-05	4.18643010545617e-06	5.98061443636596e-07	2.39224577454639e-06	
0.0218942691222672	0.0875621217958074	0.171362240954803	0.21623888268103	0.200663270555525	0.14616358280952	0.0856072442926909	0.0428751055801344	0.0181095353516985	0.00669431889148635	0.00207092592282421	0.000590411289955949	0.00011485204424675	4.66586429752422e-05	5.38368957406641e-06	0	1.19637546090365e-06	
0.0200058414710931	0.0821037914499058	0.164522399887001	0.213078431325607	0.201922777667386	0.149395623205962	0.0910413619246211	0.0463720634039018	0.020296718002983	0.00769565935604963	0.00257300043332224	0.000734971977697072	0.000210676006636294	3.89032398618157e-05	5.98511382489472e-06	5.98511382489472e-07	1.19702276497894e-06	
0.0188432777635168	0.0771795899077088	0.157666859389732	0.209650507517399	0.203501762096571	0.153715636717822	0.0952233868239799	0.0493980802863497	0.0221701496762492	0.00864974702098922	0.00275470032363081	0.000932027934448568	0.000246501596562652	5.87765364066665e-05	6.59736633136052e-06	1.79928172673469e-06	5.99760575578229e-07	
0.0174778924307258	0.0728018558300334	0.150100512128943	0.205650035423702	0.204193494396696	0.158050298656899	0.0999506287782032	0.0531775450324932	0.0242728842811748	0.00970807390445979	0.00324002392374636	0.0010024217694094	0.00029214805607563	7.31869873536485e-05	8.39850674550065e-06	0	5.99893338964332e-07	
0.0162561676842146	0.0687324808969781	0.144367008409169	0.200250547171985	0.204834912452482	0.161745718619207	0.104834432477057	0.0566275006719656	0.0263464510617056	0.0105546596014284	0.00384160330991053	0.00113394194217256	0.00035998156894367	8.93954229543447e-05	2.51987098260569e-05	
0.0148529238173476	0.0648530136970706	0.139050522590669	0.19519718712419	0.203858596426262	0.165495533876566	0.109555592705841	0.0605345926081717	0.0287045875209794	0.0117305022418999	0.00431842108889884	0.00129007362347706	0.000407454744061497	0.000121038026912386	2.6364718733391e-05	3.59518891818968e-06	
0.0135110313978866	0.0606666858746726	0.134307179232304	0.191187486944559	0.201928963992192	0.168006425077973	0.1140625412672	0.0647753983860473	0.03099631926587	0.013305745834864	0.00502169304165976	0.00161887474699455	0.000439983385074899	0.000140458543120773	2.52105077396259e-05	6.00250184276807e-06	
0.0123239426047637	0.0566854521271006	0.127902864057119	0.187676057395236	0.201351712459354	0.169917642219547	0.117970689877769	0.0690802530482587	0.0340966615524577	0.0146652695168123	0.00568127568989278	0.00187294143079755	0.000583680368943641	0.00014592009223591	3.96326176443213e-05	6.00494206732141e-06	
0.0113908405282326	0.0534622515284786	0.122050891287522	0.18331423360073	0.200892187509375	0.172673982564244	0.121081904853332	0.0724567856050015	0.0372126790224937	0.0164001703976144	0.00604671534598516	0.002137770071219	0.000667190659330769	0.000173997564034104	2.75996136054095e-05	1.07998488021168e-05	
0.010514395665166	0.0502189849319653	0.116670205453571	0.178075355768043	0.198869027697305	0.175305505272792	0.125409809517297	0.0765031747117088	0.0399726973593452	0.01784688208882	0.00704578470500312	0.00249814363636146	0.000815120576666319	0.0002039300927642	4.01862241623571e-05	1.0796299028693e-05	
0.00941212044490388	0.0468596167356717	0.111604542152057	0.172928514561249	0.197887312536035	0.177062216107997	0.129716634458992	0.0798812325750081	0.0425651267978452	0.019761973185536	0.00811081439920038	0.00290019060623823	0.000971329869983387	0.0002663807673086	5.63959282139829e-05	1.43989603950595e-05	1.19991336625496e-06	
0.00895835284455619	0.0439806976973155	0.106527674718498	0.167708265794485	0.196193450472712	0.178872887684996	0.133354705626676	0.0836293035754166	0.0453921095414082	0.0216262394129103	0.00896315560710521	0.00335532998580784	0.00102418911357813	0.000302574040588146	8.58493805637002e-05	2.10120861519546e-05	4.20241723039092e-06	
0.008054523296192	0.041002282004924	0.101438509178124	0.163146250533298	0.193477174250248	0.180662423485629	0.136931096412458	0.0883693355663339	0.0485353584751911	0.0231554793620467	0.00982648241812115	0.00368013047571672	0.00119770755413836	0.000369633193060737	0.000112810130349705	2.16019398541989e-05	1.50013471209715e-05	4.20037719387201e-06	
0.00767682124290477	0.0388976139885277	0.0963181012690121	0.157758466579402	0.19023963296192	0.181353428924165	0.141448595832189	0.0920420692443637	0.0520142582392202	0.0252524646573475	0.010738071442369	0.0042118435528979	0.00146013775925844	0.000425323611879306	0.000131376404797698	1.73968755211564e-05	1.25977374463546e-05	1.79967677805066e-06	
0.00694771275052999	0.036783767540463	0.0921926438445047	0.153226428577836	0.187726983234711	0.18143170245275	0.143910585125628	0.0963494308413143	0.0549400342661336	0.0276042710074423	0.0117820482536531	0.00467526409740433	0.00171510072030642	0.000529839343860352	0.000142925060025535	3.22926913865226e-05	5.3821152310871e-06	1.19602560690824e-06	2.39205121381649e-06	
0.00636914555848148	0.0342976937202229	0.0883883007219876	0.148212689848384	0.18479351583278	0.181017130352713	0.146732561510936	0.100176231322403	0.0587934895830226	0.029918160417037	0.0133163823539589	0.0052344401583099	0.00190609030155005	0.000625818067707668	0.000179572200552915	2.32668299719724e-05	1.07385369101411e-05	1.19317076779346e-06	3.57951230338037e-06	
0.00598408694242306	0.0318487663446224	0.0837474129955842	0.144587319148124	0.182107228352615	0.181464053752468	0.148311651772515	0.103716821966409	0.0623283278175697	0.0322880802281333	0.0145951159264099	0.00577605363801967	0.00225975431803226	0.000705763416657924	0.000219954983738829	4.17258776740327e-05	9.53734346835033e-06	2.98041983385948e-06	2.98041983385948e-06	2.38433586708758e-06	
0.00543306249634233	0.0300508431458495	0.0792440052981018	0.139633528050917	0.179858374906393	0.182482344636986	0.151042481556371	0.106339448763318	0.0652295943655714	0.0343869023661113	0.0161863221546888	0.00648706945457977	0.00244123537975901	0.000850968790644957	0.000247825998679058	6.50916478458248e-05	1.61236191911676e-05	1.79151324346307e-06	1.19434216230871e-06	1.79151324346307e-06	
0.00516405074074694	0.0280205987714441	0.0759041276511227	0.134314375348478	0.176285449006794	0.182477882882775	0.154323875478895	0.110205102311858	0.0675322872820294	0.0367812983830634	0.0174741378691471	0.0073943080578814	0.00274594449722295	0.00097095161633831	0.000279380409630309	0.000111273567861322	1.31613897470381e-05	1.79473496550519e-06	
0.00471042702281847	0.0261046894651734	0.0726915014673295	0.130226986883871	0.172881355932203	0.182105767503144	0.15620889980236	0.11408037371983	0.0707540276696413	0.0384146852728035	0.0186788045756723	0.00852308797987662	0.00308378750673774	0.00105288375157214	0.000334790680960652	0.000117386356830568	2.63520392884949e-05	4.19236988680601e-06	
0.00427775889628536	0.0243028826234359	0.0683678824613086	0.126156658208025	0.170647392332459	0.181197075944031	0.157660995413599	0.116544911064168	0.0746896463102828	0.0411365003800985	0.0203073453275512	0.00925326566419953	0.00363345298728562	0.00123637079835087	0.00042153098613031	0.000130302313376463	2.70212170596352e-05	9.00707235321174e-06	
0.0038654104333044	0.0225839683078392	0.0645622655449868	0.121187675137332	0.16692626286593	0.180516168948771	0.160347556562037	0.119640910278628	0.0782212504467597	0.0439599583124345	0.0220415494078744	0.0100278417674567	0.00406063318246119	0.00136535787333347	0.000484152417908834	0.000147167918595117	4.56520890335873e-05	1.62185053145639e-05	
0.00371263552051114	0.021310696152212	0.0611142593929138	0.116416783900935	0.163358366680749	0.179265970252042	0.16209397931669	0.1234586523097	0.0811791974625717	0.0464049392835659	0.0239897070214964	0.01071123592062	0.00458881269579525	0.00167964005824355	0.000478952818039394	0.00015504369768402	6.18972901606745e-05	1.50236141166686e-05	4.2066119526672e-06	
0.00328524608330011	0.0198126536477373	0.0580678537315698	0.111966968070178	0.159402187594477	0.179148594300113	0.163425785959744	0.126031193878301	0.0842932113747204	0.048988409194112	0.0258080019079119	0.0119003597811201	0.00507210678525271	0.00193139948471924	0.000625130235465722	0.000169230824822609	5.05885739683243e-05	1.38516333484698e-05	7.22693913833205e-06	
0.00311895867530459	0.018445499904454	0.0548096404396442	0.107853036403323	0.155068428410133	0.177484662909529	0.165072123658815	0.129778580457861	0.0876250160499178	0.0517847207193739	0.0273321811551962	0.0129773757947347	0.00559049531402681	0.00209899770147093	0.000700469652242739	0.000201942627798036	3.79772703023172e-05	1.20562762864499e-05	7.83657958619243e-06	
0.00290158985202374	0.0169939938655886	0.0522225949415496	0.103055823384839	0.15142408560473	0.175091495234178	0.166109695513737	0.132461370853656	0.0914386236659643	0.0552404170147109	0.0291821166188589	0.0141387764541223	0.00617957938389696	0.00238908404794067	0.000865418143909943	0.000233668921250562	5.96217092881589e-05	3.61343692655509e-06	6.02239487759181e-06	2.40895795103672e-06	
0.00262360000986406	0.0161331552188408	0.0492511432388168	0.0991512696070795	0.147514045763235	0.172194050165975	0.167068346524512	0.13531629055919	0.0947268767431272	0.0581570683525392	0.0315391365697482	0.0153392184895835	0.00676891208413805	0.00282328712661667	0.00100745759205005	0.000282689592993148	8.48068778979442e-05	1.08264099444184e-05	3.00733609567178e-06	4.21027053394049e-06	6.01467219134356e-07	
0.00244071032504838	0.015205324002789	0.0470611135786056	0.0948954200824056	0.143713242450521	0.170948556455438	0.166813812371448	0.137725366453069	0.0974898047612533	0.0610677776217598	0.0337752123869966	0.0166685449087687	0.00740228269693067	0.00305118922857282	0.00120649433845601	0.000392924230106554	0.000114502459693628	1.62714021669892e-05	6.02644524703303e-06	2.41057809881321e-06	1.20528904940661e-06	6.02644524703303e-07	1.20528904940661e-06	
0.00212635504643074	0.0138276380337214	0.0443194608812768	0.0908249618528167	0.139879436211459	0.168823065194757	0.168349804998713	0.140191727652925	0.100820096617425	0.0634385699222346	0.0361492415477839	0.0178590914489419	0.00807556729428404	0.00330618970077295	0.00134803795968788	0.00047084867912175	0.000147102532273632	3.01439615314821e-05	3.61727538377785e-06	4.82303384503713e-06	1.80863769188892e-06	1.20575846125928e-06	1.20575846125928e-06	
0.00197416331857337	0.0128187878564822	0.0417639318189634	0.0870719453412581	0.135908956800697	0.166686476679592	0.167511860365353	0.143035131298151	0.104230634405105	0.0665954310668869	0.0381619284534735	0.0196125161471717	0.0088390869856662	0.00362855079397928	0.00143899129425351	0.000481473816693626	0.000174368337123381	3.80110907916021e-05	1.56871168346294e-05	5.43015582737173e-06	3.01675323742874e-06	1.81005194245724e-06	1.20670129497149e-06	6.03350647485747e-07	
0.00192744598626717	0.0118904414364088	0.0394339160514323	0.0835847961612756	0.131730526762844	0.164157467812557	0.167566543639911	0.144604297450463	0.107180475303957	0.0697892297093327	0.0405843509483999	0.0209672340215029	0.0098706952198133	0.00425847925416588	0.0015787562272492	0.000590600820205184	0.000183393921698035	6.8772720636763e-05	1.56850064610161e-05	9.65231166831761e-06	1.80980843780955e-06	3.01634739634925e-06	1.2065389585397e-06	1.2065389585397e-06	
0.00179220640053074	0.0112143838861561	0.0370337147917531	0.0808401276036509	0.128129814259509	0.161176366474603	0.167333200488116	0.145623241732342	0.110209556307007	0.0727267363843184	0.0428492048250507	0.0228285074599011	0.0107050769950412	0.00467346264270075	0.00184157184387757	0.000664025414775077	0.000227562653476862	8.30784290471085e-05	2.52847392752069e-05	7.22421122148769e-06	6.02017601790641e-06	7.82622882327833e-06	1.20403520358128e-06	6.02017601790641e-07	
0.00168028777411538	0.010430908625698	0.0349838202314836	0.0767465871976641	0.124784997215575	0.159207116087958	0.166084195000075	0.14719947020665	0.113009737963005	0.0759874174079258	0.0454069023645038	0.0242115561174576	0.0118878403395494	0.005148026068241	0.00209268373444108	0.000729669932722265	0.000276335395313135	8.42853057599976e-05	2.88978191177135e-05	9.63260637257115e-06	3.61222738971418e-06	6.02037898285697e-06	
0.00154060999714188	0.00987558142199207	0.0331119598368099	0.0731635989131916	0.120941201157236	0.156336640469262	0.166300256748234	0.148606456452292	0.115351590717508	0.0788750110043571	0.0477040388704042	0.0260601266013601	0.0127415381016067	0.00578678440022334	0.00230639265716935	0.000861053258676559	0.000293047537616812	0.000108536125043264	2.53250958434282e-05	4.22084930723803e-06	4.82382777970061e-06	1.20595694492515e-06	
0.00134517961198182	0.00922055086524586	0.0313673898743674	0.0704307534515907	0.11667062307729	0.152611744438827	0.165487897913733	0.150730788304246	0.118371577629307	0.0818976999059522	0.0499389625506103	0.0277154114576444	0.0139054242691664	0.00626381346037338	0.00254901569939977	0.000985780479009581	0.000334029782409496	0.000134699170845059	3.38258007503287e-05	3.02016078127935e-06	1.81209646876761e-06	
0.00119528144680394	0.00852460957058653	0.029737684343021	0.06726432752282	0.113215319171553	0.150234617017691	0.163319294765827	0.151851478277466	0.121213255967196	0.0852744828852487	0.0525863438339724	0.0295619254238598	0.0147516695587364	0.00678815976787743	0.00286348122248482	0.00108052476419012	0.000360577576423421	0.000125024385795055	4.65066555856003e-05	4.22787778050912e-06	1.20796508014546e-06	
0.00113542489492948	0.00810173600014472	0.0279201162559319	0.0645877678016896	0.110128375974578	0.147011293950229	0.162314506063036	0.151899108181933	0.123613581683661	0.0880536176216979	0.0557540053424666	0.0313372447102948	0.0158832857978425	0.00733292732195296	0.00310538407269614	0.00119331166599333	0.000420282077411497	0.000151349786844025	4.64300142907966e-05	8.44182078014484e-06	1.80896159574532e-06	
0.00107833816709003	0.00761519884832761	0.0262967603494273	0.0618476008932566	0.106922858782255	0.144196270792329	0.162175798623508	0.15332812728605	0.125177540461765	0.0901396782084775	0.0578334855610459	0.0327342766434121	0.0171275744495869	0.00807218302969073	0.00344815336846713	0.00127040398244555	0.000493109413091423	0.000171594850709469	5.29836732015204e-05	1.44500926913237e-05	3.61252317283094e-06	
0.000947406572504947	0.00711127835962975	0.0249829484908736	0.0588646438842825	0.102637119160348	0.141612255617651	0.16078050380802	0.154293392095457	0.128167645733866	0.0931648626139858	0.0599718612408192	0.0346089852256438	0.0181333979813184	0.00852484997385737	0.00386199343750584	0.00152634375239339	0.000513806747150996	0.000191772940838048	7.23671474860558e-05	2.17101442458167e-05	1.08550721229084e-05	
0.000837041944497959	0.00643362758639016	0.0236213719878418	0.0562533253695576	0.0988693894485609	0.138683235185233	0.159678735329874	0.15479901028547	0.129623735755642	0.0960804574863014	0.0629629473056127	0.0365061410252616	0.0193534243530892	0.00927993255350335	0.00421238640899947	0.00181359087974558	0.000643785507095833	0.000240966620385776	7.60947222270872e-05	2.23452755746208e-05	8.45496913634302e-06	
0.000804705658094199	0.00589172425982462	0.0221372475567773	0.0534061549727975	0.0954191497023976	0.135614619583544	0.157890006267535	0.155760612734497	0.13181911133712	0.0987344887555354	0.0653162812946954	0.0387175621882444	0.0208246242344287	0.0100340883933575	0.00453325563761462	0.00197738017033942	0.000752224854305447	0.000264816929462784	7.66099089789829e-05	1.68903736331616e-05	8.4451868165808e-06	
0.000781305190245399	0.00552830782216914	0.0207691931484244	0.0512757192204096	0.0917381504561941	0.131715737744709	0.156258622886204	0.155650605632281	0.133901460147096	0.101473672007598	0.0680816300900312	0.0410964114906204	0.0223022177836896	0.0110711066215917	0.00488708207870654	0.00213500398199979	0.000870062425922426	0.000307933266634585	0.000113512655151573	3.38122802579152e-05	7.84927934558747e-06	6.03790718891344e-07	
0.000773573704551788	0.00520117762512267	0.019299967288191	0.0487690667442058	0.0891087849380293	0.128493802929524	0.153840608681956	0.155624613818922	0.135978143665419	0.104234361937993	0.0708901246683386	0.0428803353566193	0.0237318116284423	0.011918002398866	0.00541501593186251	0.00234676940597778	0.000969238784089945	0.000330752735070694	0.000137510752492761	4.78561649644411e-05	7.26929088067459e-06	1.21154848011243e-06	
0.000633881384188477	0.00487894744177957	0.0183219596267251	0.0460473011257758	0.0855594427419066	0.12555032842449	0.151414628115851	0.155560309329267	0.13785829296834	0.106621151640062	0.0734260076805092	0.045497654457077	0.0254273699800806	0.0130139605405808	0.00581704340996672	0.00266218061256212	0.00108414320871241	0.000410871489942436	0.000145441235377853	5.57524735615104e-05	9.09007721111583e-06	1.81801544222317e-06	2.42402058963089e-06	
0.000570517752438948	0.00457081119621385	0.0172325463098536	0.0435260786029166	0.0826086666557535	0.12299659447586	0.149073681670495	0.155362715300728	0.138710387363972	0.10877912232422	0.0762553664136624	0.0475227343139448	0.0270198662648185	0.0143156909358007	0.00668797165478644	0.00285258876219474	0.00123319140112733	0.000428646175318105	0.000161272818436515	7.45735213071101e-05	9.09433186672075e-06	3.03144395557358e-06	4.24402153780302e-06	6.06288791114717e-07	
0.000482653833040531	0.00418824831782725	0.0161710229657231	0.0419787717095817	0.0790867971467104	0.120235307369343	0.147546126142821	0.154214258333046	0.140068928054299	0.111331343370353	0.0789014871430587	0.0495522583294122	0.028555302621531	0.0151887588287197	0.00732035073248926	0.00313270800290925	0.0012953532608202	0.000499004715715681	0.000162297650257042	6.78258836895101e-05	1.33229414390109e-05	6.66147071950545e-06	1.21117649445554e-06	
0.000470535799175079	0.00393384884355381	0.0155076972268667	0.0397623945609211	0.0765156612118023	0.11649364231649	0.145927866922544	0.153869445391505	0.14053820332839	0.113358553729193	0.0814360001671401	0.0518709702423956	0.0304788504150344	0.01615809033924	0.0079912360436478	0.00346634094527433	0.0014037348551967	0.000523826854937507	0.000182885214093789	6.35859188074431e-05	3.27013296723993e-05	6.66138197030356e-06	4.84464143294804e-06	2.42232071647402e-06	
0.000417023517342186	0.00360431791839292	0.0146103493252874	0.0378026673768373	0.0731655353365392	0.113477606926585	0.143882192369499	0.153114209365174	0.142191703713567	0.115308515692855	0.0834476768642737	0.0546016335943009	0.0319371014747138	0.0173515677723742	0.00868667854992026	0.00394992086237316	0.0015282792181263	0.000591338137073028	0.000189446097138032	8.59467916728454e-05	3.63155457772586e-05	1.51314774071911e-05	3.63155457772586e-06	1.21051819257529e-06	
0.000402960764791741	0.00322791509187747	0.0135816506046224	0.0361728272742211	0.0703519955922013	0.109887460972616	0.14095652131886	0.152754149227185	0.142756855770253	0.117769059379622	0.0864021584680966	0.0567751781002001	0.0341972924903096	0.0184564488221705	0.00912974974142848	0.00431959440518883	0.00175744057688032	0.00070744685992673	0.000227156293195944	9.06208616473181e-05	4.04773182024688e-05	2.77903975718442e-05	4.22897354354151e-06	3.02069538824394e-06	
0.000378638288892573	0.00291032965045295	0.0125535474729813	0.0340340352410955	0.0676737560857965	0.106441975792472	0.138283164764934	0.152008199810078	0.143667907691844	0.120521532038045	0.0888744856277226	0.0592755829552477	0.0361901029498214	0.0196307070828874	0.009780685226776	0.00459430535248632	0.00197639539966538	0.00077837903019158	0.000251420647242362	9.888006270443e-05	3.67785599083551e-05	2.65287973109446e-05	7.23512653934854e-06	2.41170884644951e-06	3.01463605806189e-06	
0.000353776564829556	0.00278388463514686	0.0121312872052012	0.0324018420447804	0.0652019835554063	0.103043441114853	0.134967564464949	0.150850808571982	0.145107354340923	0.121574594510687	0.0916985246073261	0.0613675991206125	0.0382283254696264	0.0210160126011843	0.0106650397757971	0.00510388877457333	0.00221170519100926	0.000863984944039527	0.000261120797850386	9.987569687365e-05	4.69295443141247e-05	1.26348773153413e-05	6.0166082454006e-07	6.0166082454006e-06	6.0166082454006e-07	6.0166082454006e-07	
0.000320682652447138	0.00263798944564459	0.0112916258071013	0.0310618611821741	0.0624150340822722	0.10028256037825	0.132434742578744	0.148500643762932	0.145631283282064	0.123941747246924	0.0936051683254252	0.0641629043898158	0.0402291891943732	0.0225796551732406	0.0114276911568312	0.00551993746987981	0.00247974604331553	0.000950659227628339	0.000365638164472438	9.71039059746475e-05	4.67537325063118e-05	1.25875433670839e-05	2.39762730801599e-06	1.19881365400799e-06	1.19881365400799e-06	
0.000256174830942568	0.00250368999493636	0.010334379979099	0.0293457845473905	0.0598120347104925	0.0968532393546788	0.129849515243001	0.147436994757993	0.145567756447166	0.126504278957632	0.0963684225017268	0.0664755730116224	0.0418803950838374	0.0238362300641514	0.012607632334052	0.00590518897682097	0.00268265325300138	0.00118810055939485	0.000399824268854288	0.00013526988736687	4.24962920488839e-05	1.0773707843379e-05	2.39415729852867e-06	0	1.19707864926434e-06	
0.000276418503610529	0.00236604645389837	0.0100236184920981	0.0275698976052324	0.0577546782782425	0.0945051479198758	0.127123730558515	0.145466886442362	0.14561618841069	0.127851052998601	0.0988786762611669	0.069124412910483	0.0435566007359568	0.025264411387483	0.0132441039213652	0.00646255668528044	0.00294466653195512	0.0012531771638742	0.000483882282893052	0.000167290157282728	5.5163779462405e-05	7.79488188055723e-06	2.99803149252201e-06	0	0	5.99606298504402e-07	
0.000211853471816286	0.00211253320338053	0.00934375836461123	0.0265008888243393	0.0553555717463088	0.0912890413540378	0.125412454103416	0.144309423698542	0.144899972753123	0.129342245982886	0.101817498736681	0.0710567347198433	0.0452898311533831	0.0266869357825915	0.0138484953602289	0.00697736108593809	0.00321381116593828	0.00146737036427994	0.00057194435875615	0.000216054532163918	5.28133300845133e-05	1.92048473034594e-05	4.20106034763174e-06	
