# <P(N_1)> as a function of N_tot.
# number_of_species: 2
# species_total_upper_bound: 100
# species_total_lower_bound: 0
# volume: 512
# Bin widths for each species index 
1	1	1	1	1	1	1	1	1	1	1	1	1	1	1	1	1	1	1	1	1	1	1	1	1	1	1	1	1	1	1	1	1	1	1	1	1	1	1	1	1	1	1	1	1	1	1	1	1	1	1	1	1	1	1	1	1	1	1	1	1	1	1	1	1	1	1	1	1	1	1	1	1	1	1	1	1	1	1	1	1	1	1	1	1	1	1	1	1	1	1	1	1	1	1	1	1	1	1	1	1	
# Bin lower bound for each species index 
0	0	0	0	0	0	0	0	2	3	4	5	6	6	7	8	8	9	9	10	10	11	12	13	14	14	15	16	16	17	18	19	20	22	23	23	25	25	26	26	27	27	28	29	29	29	30	31	32	33	36	36	37	38	39	40	40	41	41	42	43	45	45	47	47	48	49	50	50	51	52	53	53	51	52	52	53	54	57	58	60	61	62	63	64	65	66	67	68	69	69	69	69	70	71	71	71	73	74	74	78	
# Bin upper bound for each species index 
0	1	2	3	4	5	6	7	8	9	10	11	12	13	14	15	16	17	18	19	20	21	22	23	24	25	26	27	28	29	30	31	32	33	34	35	36	37	38	39	40	41	42	43	44	45	46	47	48	49	50	51	52	53	54	55	56	57	58	59	60	61	62	63	64	65	66	67	68	69	70	71	72	73	74	75	76	77	78	79	80	81	82	83	84	85	86	87	88	89	90	91	92	93	94	95	96	97	98	99	100	
# Normalized histogram for each species index 
1	
0.0798641976485066	0.920135802351493	
0.00631057972574665	0.146486938012965	0.847202482261289	
0.000469708575868176	0.0174829901320236	0.201343858082469	0.780703443209639	
1.76176588570747e-05	0.00177260752192721	0.0322958790940729	0.245938452031181	0.719975443693962	
4.06198040500653e-06	0.000161125222731926	0.00421633566039677	0.049779569863355	0.284755658338704	0.661083248934407	
6.76419737386801e-06	8.11703684864161e-06	0.000459965421423025	0.00781264796681755	0.0678841320046646	0.314314665050474	0.609513708322398	
9.46771172170338e-06	4.05759073787288e-06	5.27486795923474e-05	0.00105497359184695	0.0128923183044681	0.0867837507016251	0.338035179311697	0.561167504108311	
1.47497174088233e-05	0.000117997739270586	0.00212127754006895	0.0182936722371433	0.106975677715993	0.35359363455832	0.518882990491796	
1.86978546882867e-05	0.000264441087734341	0.00339633174802237	0.0260648094354717	0.125626878967451	0.369493648739431	0.475135192167202	
2.93017655645651e-05	0.000531427475466431	0.00531827044996857	0.0340446558907204	0.146681974619343	0.376766097324482	0.436628272474454	
7.07725423900822e-05	0.000914701727117101	0.00766747053592174	0.0434463290415795	0.164956107670408	0.380692182171195	0.402252436311389	
9.37672883437884e-05	0.0014574115674006	0.0106733964789044	0.0529383319335217	0.181742437333312	0.382758071019344	0.370336584379173	
1.07429126990628e-05	0.000201429613107428	0.00218349700608452	0.0139993581109662	0.0627950104541969	0.196975332929579	0.383393068404154	0.340441560569213	
1.75498043196818e-05	0.000349646101445969	0.0030050664935086	0.0172109580978172	0.0734607809122928	0.212830526939625	0.379313370655917	0.313812100995074	
7.69778236343526e-05	0.000519937931565364	0.00409197904582611	0.0212701881094922	0.0843852510489917	0.226790173308142	0.374286435832232	0.288579056900117	
1.3496059825334e-05	0.000121464538428006	0.000749031320306037	0.00559951522153107	0.026384796958528	0.0962417522204392	0.238584695198237	0.366995655618342	0.265309592864363	
2.28924164157478e-05	0.000126581596651782	0.00105709099331541	0.00722861713645496	0.0323038927880809	0.106615369699059	0.247880431562448	0.359631782215016	0.245133341592558	
4.04559657041293e-06	2.02279828520647e-05	0.000182051845668582	0.00141730733183466	0.00926846174281603	0.0382214478650713	0.118163784628621	0.257221727011235	0.350401255753175	0.225099690242156	
1.75299965209699e-05	5.66353733754413e-05	0.000304752247210708	0.00212517496284989	0.0117909453522585	0.0454364025210832	0.129413176624154	0.26346371155874	0.340100810964608	0.207290860399198	
4.05307364840127e-06	6.75512274733544e-06	9.86247921110975e-05	0.00050123010785229	0.00314788720025832	0.014410027844616	0.0515388845130705	0.139481125511532	0.270407563575838	0.328897469395916	0.19150637886241	
1.35035136142424e-06	1.48538649756667e-05	0.000118830919805333	0.000735941491976212	0.00420364378811367	0.0168240276119846	0.0584621118415012	0.151192090181865	0.275097630403431	0.318626206538941	0.174723313006044	
5.41970904292003e-06	2.16788361716801e-05	0.000178850398416361	0.00106497282693379	0.00532079935288674	0.0203577820924684	0.0664429230116781	0.161595399750964	0.279120435419424	0.304658104429664	0.161233634172349	
4.06222241480165e-06	4.06222241480166e-05	0.000257274086270771	0.00135001191585242	0.00661058994302056	0.0245398856078168	0.0736345516389713	0.17053480512165	0.280183666616115	0.293383181315943	0.149461349307797	
2.70858105564238e-06	5.82344926963112e-05	0.000314195402454516	0.00166306876816442	0.0080973030658429	0.0281543457828747	0.0811477341365179	0.177267150058099	0.280934027091228	0.284402365132978	0.137958867488089	
2.70167314617943e-06	1.08066925847177e-05	7.83485212392034e-05	0.000391742606196017	0.00217079437295517	0.00931671984459976	0.0323795526569605	0.0878638140600474	0.186404640393796	0.282634185350988	0.272390791617249	0.126355902210239	
8.09656503228505e-06	1.88919850753318e-05	8.90622153551356e-05	0.000568108979765335	0.00273798840841773	0.011069353826639	0.0362577676420778	0.0965987679726876	0.194811451241811	0.281429853384702	0.260347747468137	0.116062910310301	
2.69287371364789e-06	1.61572422818873e-05	0.000121179317114155	0.00071361153411669	0.00343072111118741	0.0133997395991119	0.0417287710666877	0.104035136616216	0.201849734953905	0.280087141393374	0.24809445523838	0.106520659053913	
1.34755815724117e-06	5.39023262896468e-06	1.07804652579294e-05	0.000176530118598593	0.000950028500855026	0.00437417377840484	0.0156855769502872	0.0461134401407929	0.112159960543497	0.2073676394689	0.277582157251952	0.237027394509779	0.0985455804808896	
6.71154452774217e-06	1.34230890554843e-05	4.29538849775499e-05	0.000264434854393041	0.0012886165493265	0.00517191621307812	0.0175627697201957	0.0518426545500916	0.119052061450902	0.212961334791976	0.27453975583401	0.227490486385632	0.0897628811318349	
1.33450413829733e-05	1.73485537978653e-05	5.6049173808488e-05	0.000370992150446659	0.00161475000733977	0.00606532130856138	0.0203778781918003	0.0571608157556897	0.126669798303045	0.217310653880338	0.270429256601125	0.216307106768338	0.0836066842643279	
5.32960971268074e-06	1.73212315662124e-05	7.72793408338707e-05	0.000418374362445438	0.00180407288774243	0.00716566025869926	0.0236035090150348	0.0622751570902463	0.133825167482985	0.220737777872526	0.266235323587254	0.207000708838092	0.0768343184228619	
1.3328641651472e-06	1.3328641651472e-05	8.26375782391265e-05	0.000491826876939317	0.00232718083234701	0.00875425183668682	0.0265159997014384	0.0685358753718691	0.140183988569357	0.22487417762281	0.263481921030464	0.194424895770022	0.0703125833040103	
2.79366768657709e-05	0.000107755753625116	0.00064387388585872	0.00298523347079952	0.0100093122256219	0.0294558999600905	0.0738672342689903	0.146821870427032	0.229212451775974	0.257636025009977	0.185200212850871	0.0640321936942929	
4.53093495842867e-05	0.00023720777135303	0.00081956617630401	0.00351947036035592	0.0113779772573718	0.0330225200793713	0.0798030908972184	0.155205844373045	0.231578750981147	0.250012993122307	0.17567634198964	0.0587009276423013	
9.31028107738573e-06	6.25118872338756e-05	0.000293938874014607	0.00107600248451501	0.00415371540066795	0.0130689745523417	0.0370668890493804	0.0855574929807131	0.161324560388478	0.233657464118842	0.244339016594911	0.165415763901912	0.0539743594859129	
8.4940004485894e-05	0.000376921269906155	0.00134709538364348	0.00481370931672402	0.015204260802975	0.0408428702820141	0.0905327729062621	0.167643697916183	0.233411150764526	0.23735422503527	0.157687136765352	0.0507012195526582	
7.93859759381107e-06	0.000105847967917481	0.000366498588914278	0.00164593590111683	0.00551732532769869	0.0169780140539639	0.0450184638549036	0.0977413366746009	0.171722450750925	0.233458278038796	0.231858650623643	0.148745503115238	0.0468337565046884	
1.98843526052479e-05	0.00012195736264552	0.000491806321103131	0.00192613095569501	0.00637890031576352	0.0188384356582118	0.0492084702039604	0.103877183633322	0.176379510102577	0.234174043761483	0.225500489155074	0.139798929426456	0.0432842587511036	
6.66208315345709e-06	3.99724989207425e-05	0.000143900996114673	0.000506318319662739	0.00219715502401015	0.00703382739341999	0.0210202047657878	0.0534019261414813	0.11009492136077	0.18126062602263	0.233166248287845	0.218224528191271	0.132841938079934	0.0400617708349989	
1.20496122702541e-05	6.02480613512703e-05	0.000149950730474273	0.000648001370978107	0.00247284820701769	0.00825666209673964	0.0239626622681119	0.0578675935049912	0.116419337217771	0.184624159204833	0.231629696671094	0.211747836425175	0.125070958827814	0.0370779958013795	
2.68913348051857e-06	1.07565339220743e-05	8.60522713765943e-05	0.000229920912584338	0.000797328076973757	0.00291233155940161	0.00965130006158116	0.026856376069939	0.0620436876625245	0.121586481188167	0.18839262424469	0.22972326127352	0.20498861151971	0.118836842204336	0.0338817372877938	
2.69076515943456e-06	3.76707122320839e-05	6.59237464061468e-05	0.000289257254639215	0.00100634616962853	0.00332040420674225	0.0109339242253623	0.0297934972278392	0.0677252136803882	0.12572734745716	0.192547118661398	0.228432508210197	0.198481601220531	0.111576613483693	0.0300598829786232	
1.35065047326793e-06	4.18701646713057e-05	8.50909798158793e-05	0.000316052210744695	0.00117101396032329	0.0038993279163245	0.0128176729913126	0.0333313523793059	0.0721139300687211	0.132053096771405	0.195640370402386	0.22487925184769	0.190329612741496	0.105511464321217	0.0278085425941133	
4.06856894868178e-06	0	4.06856894868178e-05	8.81523272214386e-05	0.000417706412064663	0.00143484864923511	0.00492025604860584	0.0145559835087339	0.0360827818162092	0.0766613323207117	0.137537973310188	0.196871270478464	0.222378485407399	0.184276337202994	0.0990221872626668	0.0257079309970706	
5.43008293094156e-06	1.35752073273539e-06	5.43008293094156e-06	3.93681012493263e-05	0.000139824635471745	0.00043576415520806	0.00168196818785915	0.00576810559339268	0.0160391074572686	0.039236421738251	0.0816032862861898	0.143066394981517	0.198787190977374	0.220246878720455	0.176855086019301	0.0929073614276774	0.0231810240321895	
2.71751684181063e-06	0	5.43503368362125e-06	3.39689605226328e-05	0.00015082218472049	0.000550297160466652	0.00196340591820818	0.00649894152719011	0.0181027384417215	0.0429055146569271	0.0861874053964449	0.147112774231418	0.200331265303017	0.216697510482821	0.170997029754092	0.0871317424989741	0.0213284309329507	
2.72235886951326e-06	1.36117943475663e-06	2.72235886951326e-06	3.40294858689157e-05	0.000274958245820839	0.000683312076247827	0.00248006893012658	0.00764982842333225	0.0203455490113073	0.0468558796826274	0.0918020246182913	0.149845438075183	0.202024890527144	0.212452886176814	0.163949979378132	0.0817347415188312	0.0198596079530992	
1.36342131491078e-06	4.09026394473235e-06	0	5.86271165411637e-05	0.000245415836683941	0.000871226220227991	0.00271729868061719	0.00885814828297537	0.022266033493808	0.0499516667143864	0.0958485184382282	0.154204314137725	0.202307181549092	0.20852301932377	0.157652406643134	0.0770469385056084	0.0194437513719427	
1.36180597260863e-06	0	2.72361194521727e-06	8.5793776274344e-05	0.000307768149809551	0.000961435016661696	0.00324654543869899	0.00977912868930261	0.0243204928648176	0.0532929149320663	0.100454979375449	0.157146962015146	0.203681233905156	0.205086617668888	0.150200389748869	0.0735048391775237	0.0179268138234201	
2.18591179845893e-05	9.0168861686431e-05	0.00035794305699765	0.00111481501721406	0.0038649652986502	0.0107246297611891	0.026408546915132	0.0567421717033718	0.104308978632712	0.162077162686486	0.205304934695885	0.199133832449861	0.14422646046232	0.0688302639488497	0.0167932673916607	
2.72736322614341e-06	2.72736322614341e-05	0.000135004479694099	0.000426832344891444	0.00137050002113706	0.00447151200926213	0.0116731146078938	0.0283236671034993	0.0599174427151446	0.109155894718325	0.165368214490754	0.203286745423825	0.195564216449	0.14035011161734	0.0648976079660825	0.0150291350576633	
8.16965653402321e-06	2.85937978690813e-05	0.000182455662593185	0.00048200973550737	0.00178779317152875	0.00511965142798788	0.0129366511216258	0.0304442250740375	0.0640201518194506	0.113638560778841	0.167192020968785	0.20150321680226	0.192185723525207	0.135612213636518	0.0610178030431971	0.0138407597780577	
8.17222695908711e-06	3.9499096968921e-05	0.000167530652661286	0.000694639291522404	0.00184964736840672	0.00566607735830039	0.0142441915896888	0.0338371057241002	0.0680106347913494	0.11792795909528	0.169264526814439	0.2015380131137	0.188703530674454	0.128761607967376	0.0568596311056751	0.0124272331291185	
1.62936551149178e-05	2.57982872652865e-05	0.000198239470564833	0.000699269365348555	0.00213582662464714	0.0057272197728936	0.0163859858272357	0.0364027411359122	0.0723954252847656	0.12129539989382	0.170931304592231	0.201685578621638	0.184142743281243	0.122248578718042	0.0542225686132606	0.011487026856017	
1.62734150710809e-05	4.06835376777023e-05	0.000208842160078872	0.000813670753554046	0.00239626036921667	0.00680093138178924	0.0174437448382762	0.0395335496793459	0.0763752052823505	0.124840147599875	0.174537801109033	0.199933821445378	0.177823674835469	0.11806769469446	0.0507839039651532	0.0103837949332722	
2.71248965863318e-06	2.03436724397488e-05	5.01810586847138e-05	0.000268536476204684	0.000911396525300747	0.00275995822765926	0.00786079503071895	0.0190620210760446	0.0425793064163943	0.0801703443505622	0.129114507750939	0.177069968670744	0.198626123987902	0.172298699361209	0.112596801974692	0.0472515698533899	0.00935673307745514	
9.49288982552069e-06	2.5766415240699e-05	8.67921355476177e-05	0.000313265364242183	0.000924878694429301	0.00310010659159147	0.00858699691074243	0.0211338850058449	0.0451888678237143	0.0834669118544496	0.133838897522898	0.179273224354958	0.195926465363157	0.167382701784935	0.107146247460652	0.0445189410274561	0.00907655880031571	
9.48097101396276e-06	1.89619420279255e-05	1.89619420279255e-05	0.000108353954445289	0.000419871573475494	0.00104155238710534	0.00360818668302811	0.00926019983178048	0.0229710383424012	0.0485804954755452	0.0886971926844828	0.137256017369139	0.180138449265292	0.192887646430211	0.163649686247581	0.101760616317293	0.0412991097368218	0.00827417884632836	
4.0668040342696e-06	2.16896215161045e-05	1.22004121028088e-05	0.000143693742544193	0.000464971261251491	0.00135424574341178	0.00414000650688645	0.0104462639626939	0.025300943498536	0.0523424791237393	0.0918474135126342	0.141622383689405	0.180903643856415	0.189800455482052	0.158469797202039	0.0965730398004555	0.0386929291833858	0.00785977659689838	
2.6999589606238e-06	9.44985636218329e-06	2.6999589606238e-05	0.000160647558157116	0.000502192366676027	0.00160917554053178	0.00448193187463551	0.0117947707194851	0.0279310754476532	0.0547970170853403	0.0962724366589628	0.143205823271486	0.180723103008834	0.187431151046504	0.154360703717304	0.0925302935395382	0.0371446854007819	0.00701584335918094	
1.48022553254478e-05	2.42218723507327e-05	0.000166861787305048	0.00060958378749344	0.00188661472420707	0.00528305949160981	0.0132614751120262	0.0303029079703417	0.0587730275994779	0.099998654340425	0.145611131296005	0.180391048672507	0.185921709525924	0.148075033977904	0.0881380108460162	0.0349198659723063	0.00662199076877532	
1.34878319524041e-06	9.4414823666829e-06	3.77659294667316e-05	0.000202317479286062	0.000670345248034486	0.0022726996839801	0.00580516287231474	0.0148190809661064	0.0324355382791415	0.062161371119045	0.104250150726522	0.147465164302025	0.180631743072987	0.182014245848108	0.144654300123144	0.0837958535707012	0.0325758117314465	0.0061976587821297	
2.42965474606058e-05	6.88402178050499e-05	0.000247014899182826	0.000838230887390902	0.00237836203475486	0.00658031493724742	0.0164703595619063	0.0346441770624394	0.065765354743091	0.106684790091328	0.150423974753188	0.181269791562619	0.179664869622027	0.139435186260032	0.079486155017372	0.0304989161040216	0.0055193656981343	
1.3532935104163e-06	1.62395221249956e-05	0.00016104192773954	0.000301784452822835	0.000887760542833093	0.00265380857392636	0.00750401251525838	0.0174480132297974	0.0369205535511775	0.0678906755370545	0.110515361234637	0.154491987149125	0.182698683786732	0.174841461665255	0.133727051525297	0.0764854426217084	0.0283136068249298	0.00514116204607152	
4.07113632199974e-06	3.93543177793308e-05	0.000151989089354657	0.000322976814878646	0.000993357262567937	0.00306285155958447	0.00865794991145278	0.0187000861723855	0.0386405118775402	0.0708160592757448	0.114803330189511	0.156641041125262	0.181614748369849	0.171359555974732	0.130205795941077	0.0728665549365921	0.0265112397288623	0.00460852631650371	
9.50959042194053e-06	1.90191808438811e-05	0.000133134265907167	0.000414346439813123	0.001164245570229	0.00379025103960201	0.00944302328898694	0.0204007884808973	0.0411765265270025	0.0747589658456267	0.116523728465872	0.157542667494454	0.18008718935904	0.170846584494749	0.126307738497132	0.0686334311009796	0.0245632720598724	0.00418557829857125	
8.16638742158567e-06	4.35540662484569e-05	0.000122495811323785	0.00048998324529514	0.00136514776397507	0.00423154974895164	0.0101821240501471	0.022305126177491	0.0440004954275036	0.0786858649361184	0.119685212986189	0.159331662853417	0.180274363396074	0.167095175162205	0.121072137783289	0.0647227035097772	0.0224684539259227	0.00391578276865033	
2.72702109759872e-06	9.54457384159553e-06	3.4087763719984e-05	0.000129533502135939	0.000524951561287754	0.00177529073453677	0.00466047905579622	0.0110580705507628	0.0240277828909423	0.0467847739504037	0.0813061340249059	0.123202722657864	0.161929149264863	0.179328907378092	0.163179488438112	0.115929757390568	0.0611234508815777	0.0211984985021837	0.00379464985730862	
9.56192713811521e-06	2.73197918231863e-06	2.45878126408677e-05	0.000170748698894914	0.000684360785170817	0.00195473110494898	0.00519622440477004	0.0119496769434617	0.0257816875435409	0.0492534866884314	0.0845725135574467	0.125489365771033	0.163314983539825	0.17947464040324	0.158562705752182	0.112005682516699	0.0584725504391657	0.0198464627699537	0.0032332973622741	
9.55756658893179e-06	1.36536665556168e-06	4.09609996668505e-05	0.000185689865156389	0.000673125761191911	0.00220643251538768	0.00551061982184696	0.0128562924287688	0.0272923140780225	0.0514483809482198	0.087575982654382	0.129536430713104	0.165223018989519	0.177019786893572	0.155216246770908	0.108153423520352	0.0551758319179032	0.0188338676468179	0.00304067154193587	
1.36148707063803e-06	4.0844612119141e-06	7.76047630263679e-05	0.000216476444231447	0.000876797673490894	0.00231861248129657	0.00606134043848053	0.0141267898449402	0.029131738850442	0.055333557524871	0.0912427790129491	0.132084668157949	0.16582367925543	0.174662453318012	0.151461352147269	0.103613250536766	0.0531197795480135	0.0169246457751014	0.00291902827944794	
2.72596921835559e-06	0	1.63558153101335e-05	0.000107675784125046	0.00025351513730707	0.00104540919523937	0.00269598355695367	0.00694304359915168	0.0150814247005523	0.0314290621030307	0.0579445646899755	0.0942135851401966	0.135022707323589	0.166262314565944	0.172341225922877	0.147757072527137	0.100169827882304	0.0497353083888977	0.0163708081408345	0.00260738955735712	
2.73713137683183e-06	0	1.36856568841591e-06	4.10569706524774e-06	1.09485255073273e-05	1.77913539494069e-05	0.000112222386450105	0.000361301341741801	0.00116875509790719	0.00299715885763085	0.00756816825694	0.0165651190925862	0.033592813387857	0.0604317551033815	0.0971011041587974	0.137027639552643	0.167126504737974	0.16998954415814	0.144275563438494	0.095503988000416	0.048044867057529	0.015787773781566	0.00230877031635764	
2.73531205807615e-06	1.36765602903807e-06	2.73531205807615e-06	9.57359220326651e-06	8.20593617422844e-06	2.73531205807615e-05	0.000160015755397455	0.000444488209437374	0.00135124415668962	0.00338084570378212	0.00811293556425385	0.0175018942036002	0.0356096600280643	0.0631898115096461	0.100020788371641	0.139742990079023	0.168545826050565	0.168115014401418	0.14085626208666	0.0914961883426471	0.0452092376958825	0.0141552399005441	0.00205558701164422	
1.36930028755306e-06	2.73860057510612e-06	4.10790086265918e-06	6.8465014377653e-06	1.23237025879775e-05	3.14939066137204e-05	5.06641106394632e-05	0.000180747637957004	0.000435437491441873	0.00140216349445433	0.00366835547035465	0.0086348076133096	0.0194522798849788	0.0375462138847049	0.0666643844995208	0.10399014103793	0.14367657127208	0.166980692865945	0.167747501026975	0.135295084211968	0.0878104888402026	0.0417992605778447	0.0126619197590031	0.00194440640832535	
2.73567123797331e-06	2.73567123797331e-06	6.83917809493326e-06	4.10350685695996e-06	2.18853699037864e-05	2.18853699037864e-05	8.61736439961591e-05	0.000184657808563198	0.000597744165497167	0.0015784823043106	0.0042526009394295	0.00991544040203425	0.0209388276554477	0.0404127033629607	0.0700208731715457	0.107120678665321	0.145344845037903	0.166814392913517	0.163944673784883	0.132384602548004	0.0840835911703475	0.0384744802908566	0.0118468242960434	0.00193822307210409	
1.36321686462848e-06	2.72643372925695e-06	1.77218192401702e-05	1.36321686462848e-05	1.36321686462848e-05	3.54436384803404e-05	7.63401444191946e-05	0.000216751481475928	0.000643438360104641	0.00176536583969388	0.00476035329128264	0.0106794409174995	0.0225162529530685	0.0430776529222598	0.0729075643540601	0.110862248299046	0.145530216383413	0.167295336844071	0.162085121987461	0.128003337154885	0.0803002894109404	0.0363610834302353	0.0110475094709492	0.00178717730952793	
1.36095342953459e-05	8.16572057720757e-06	8.16572057720757e-06	4.21895563155724e-05	7.21305317653335e-05	0.000259942105041108	0.000691364342203574	0.00213261402408071	0.00526552881886935	0.012059408339106	0.024233136766293	0.0459539535016651	0.0763562921640384	0.11343002453799	0.146894508416816	0.166186023280469	0.159686109701012	0.124159781376441	0.0757656383756204	0.0346934248256959	0.0103065003218655	0.00178148803926078	
2.72683519417112e-06	1.09073407766845e-05	8.18050558251335e-06	2.99951871358823e-05	0.000111800242961016	0.000254959090654999	0.000822140811042592	0.00241188572924435	0.00611220108773456	0.0130315453929438	0.0263139596237513	0.0482908878711734	0.0798281003093595	0.115126981897905	0.148333017474923	0.165626606276357	0.156135856383044	0.120151175743165	0.0733136910304847	0.0327738321987427	0.00979479201746265	0.00151475695036206	
1.36640395273335e-06	6.83201976366677e-06	5.60225620620675e-05	0.000136640395273335	0.000303341677506805	0.000944185131338748	0.00266585411178277	0.00667488330910244	0.0142939517495436	0.0283651796547917	0.0505337173839377	0.0825991189427313	0.117715700527978	0.150479334506619	0.165957958483182	0.150801805839464	0.1167264240662	0.0705433368677649	0.0310214689389053	0.00889255692438867	0.00128032050371115	
1.36944092574207e-06	4.1083227772262e-06	6.02554007326509e-05	0.000117771919613818	0.000349207436064227	0.00114211373206888	0.00305522270533055	0.00707590126330925	0.01492964497244	0.0304686911568352	0.0530535109041734	0.085218939368003	0.121310554965935	0.151842240405355	0.162836112157212	0.149318360779212	0.112943270909651	0.0671792940532028	0.0294128522030881	0.00848642541682358	0.00119415248724708	
2.7422316006543e-06	6.85557900163574e-06	4.11334740098144e-05	0.000174131706641548	0.000420932550700435	0.00129570443130916	0.00318510200415997	0.0075959815338124	0.0159968080424168	0.0320292650956422	0.0559127312215408	0.087791173579147	0.123743200979525	0.151464420230539	0.1617779532806	0.146790286467224	0.109782499900594	0.0648016749550617	0.0279666489792728	0.00805667644272232	0.00116407731447775	
1.37306620787948e-06	1.92229269103127e-05	6.45341117703354e-05	0.000212825262221319	0.000542361152112394	0.00132775502301945	0.00352054175700298	0.00836746547081754	0.0170301401763292	0.0331554297216657	0.0582344840085844	0.090377963935043	0.124953144115656	0.153183385349658	0.161689530507472	0.143839669805038	0.106913800276536	0.0613829248232521	0.026487820216203	0.00762875585097838	0.00106687244352235	
1.10057766570229e-05	3.43930520531964e-05	9.630054574895e-05	0.000243502808536631	0.000581930440740083	0.00157382606195427	0.0041780679634223	0.00868355778239103	0.0183548840197499	0.0344659653235492	0.0602910202492533	0.0929258994814904	0.127244662542252	0.153602121913739	0.160059761367248	0.142107963917561	0.103137884497125	0.0593128818488604	0.0249899916218525	0.00716063343747549	0.00094374534833971	
1.78867493584849e-05	4.26530177010023e-05	9.21855543860373e-05	0.000275180759361305	0.000676944668028811	0.00193727254590359	0.00458451145095935	0.00968911453711157	0.0196479062183972	0.0361835180484181	0.0625004299699365	0.0957890464298736	0.128508038717933	0.154369526482708	0.15959520910298	0.140038112535172	0.0989728878156839	0.0563886653045219	0.0235196995026108	0.00638144180958867	0.000789768779366947	
9.63413677446348e-06	2.61497998164009e-05	8.2578315209687e-05	0.000279389966459441	0.000817525320575901	0.00213327314291691	0.00481293947147126	0.0102961396013945	0.0206211816131123	0.0379681330281606	0.0649285766388699	0.0988531248322628	0.131313284235937	0.155967040241789	0.159124284493306	0.135378889954761	0.095496316318989	0.0533799992567952	0.0218846298358205	0.00587407082191573	0.000752838973661646	
4.138421936947e-06	5.10405372223464e-05	0.000120014236171463	0.000358663234535407	0.000946319149581881	0.00221267626228766	0.00502404423145366	0.0112592666164538	0.0220412352361797	0.0405206686586271	0.0684108735656919	0.101770692799422	0.134436636621723	0.155986779121385	0.155672259054177	0.131532843895966	0.0915087858697721	0.051224007261551	0.0207390118000204	0.00541305589352668	0.000766987532314178	
5.54027363411479e-06	4.98624627070331e-05	0.000144047114486985	0.000344882033723646	0.00100832980140889	0.00245711135672991	0.00545301432437748	0.0118838869451762	0.0231818899535448	0.0423179950857773	0.0709321233375716	0.104906466330372	0.136386301119412	0.15589360458513	0.154106866338128	0.128228248193178	0.0892288770142357	0.048507865803492	0.0191333349954154	0.00506103996476386	0.000768712966733427	
9.70340839150758e-06	5.12894443551115e-05	0.000115054699499304	0.000453287792003283	0.00109371274584278	0.00258110663214102	0.00568342491502587	0.012678196164104	0.0252718340550821	0.0456171090496759	0.0737874898114212	0.106537879333958	0.138480113557602	0.155727228872908	0.151430005156668	0.125721517723969	0.085667234085024	0.0457183017371873	0.0179651675362769	0.00474773910584478	0.000662604173020089	
4.160022186785e-06	6.93337031130833e-06	6.37870068640366e-05	0.000146987450599737	0.000427095611176593	0.00120640643416765	0.00277473479858559	0.00649795465575816	0.0138903140816751	0.0269430770297442	0.0475254801358941	0.0762088331137766	0.10879844692505	0.138991887956736	0.155343548498925	0.149286556194966	0.123046522914789	0.0829952159744852	0.0438202870415309	0.0169285169520904	0.00444706371767316	0.000646190113013936	
1.38126125727925e-06	1.1050090058234e-05	6.90630628639623e-06	5.80129728057284e-05	0.000132601080698808	0.000544216935368023	0.00129286053681338	0.00312303170270838	0.00699608826811939	0.0149742532901643	0.0279981656850503	0.0495983292263832	0.0786863100434269	0.110552007248859	0.1396109815795	0.154542415770689	0.148136126059427	0.12087279136325	0.0799474015713228	0.0420649303291822	0.0161939069803419	0.00411477728543488	0.000541454412853465	
5.51366700208141e-06	6.89208375260176e-06	1.24057507546832e-05	1.92978345072849e-05	5.37582532702937e-05	0.000173680510565564	0.000555501950459702	0.00145009442154741	0.00338401312252747	0.00753993962534633	0.0156712200366659	0.0300508635780942	0.0514535404634237	0.0809420100073056	0.11245123850745	0.139956166347333	0.154440569561801	0.146460914993039	0.117547245234124	0.0778667622368947	0.0398775965925538	0.0157194646229341	0.00389264890346947	0.00046866169517692	
2.75353519499848e-06	8.26060558499544e-06	2.06515139624886e-05	2.34050491574871e-05	4.81868659124734e-05	0.000170719182089906	0.000596140369717171	0.00152408173043166	0.00372828665402794	0.0085084237525453	0.0169094596324857	0.0313393608218752	0.0538660322521577	0.0836909487167838	0.115060598425804	0.141695544367024	0.153769796197093	0.14458262601898	0.114109252015932	0.0736570664662093	0.0380800149792315	0.0146185183502469	0.00357684221830302	0.000413030279249772	
6.84661393861052e-06	9.58525951405473e-06	2.601713296672e-05	1.64318734526652e-05	4.10796836316631e-05	0.000210875709309204	0.000728479723068159	0.00163907937690336	0.00406415003395921	0.00884719453147251	0.0180613675700546	0.0338838923821835	0.0564749797340227	0.086836973906185	0.117869936244331	0.14318460662095	0.153365521547663	0.140856757881822	0.109892261683062	0.0703859299344916	0.0366280152487786	0.0133810222816204	0.00321243125999606	0.000376563766623579	
6.81671622419362e-06	5.45337297935489e-06	1.63601189380647e-05	2.04501486725809e-05	9.54340271387106e-06	6.95305054867749e-05	0.000264488589498712	0.000752565471150975	0.00189095708059131	0.00438587521864617	0.00949977573003622	0.019189056171105	0.0360577021394946	0.0594063185506025	0.0894448602641341	0.120740404449407	0.144560737623229	0.151520604888131	0.137630863909714	0.106324412978482	0.0682980431934407	0.034262179086042	0.0123437097387698	0.00295163812507584	0.000347652527433874	
1.35677294269127e-06	1.35677294269127e-06	1.35677294269127e-05	1.35677294269127e-06	6.78386471345634e-06	4.47735071088118e-05	6.37683283064896e-05	0.000269997815595562	0.000872405002150485	0.00213013352002529	0.0048626742266055	0.0104254432916397	0.0207314905643226	0.0381158222790258	0.0611619674835797	0.0924410109043841	0.121825999297192	0.145406713041166	0.150310090456052	0.134724839663357	0.102793188457119	0.0665022257860125	0.0320700420463935	0.012002013451047	0.00289263991381778	0.000328339052131287	
2.71145630962662e-06	2.71145630962662e-06	4.06718446443993e-06	8.13436892887986e-06	2.30473786318263e-05	0.000105746796075438	0.000387738252276606	0.000905626407415291	0.00230067067871819	0.00536190485228664	0.0112959269859045	0.0225091545543654	0.0402325887222398	0.0639930803634978	0.0933893339443148	0.124735124611753	0.145557753341531	0.148311237223957	0.132872204996943	0.100672305591972	0.0624800877427262	0.0306828395997348	0.0111820458209002	0.00267620737760147	0.000307750291142621	
2.71362320256383e-06	0	1.35681160128192e-06	1.08544928102553e-05	4.8845217646149e-05	0.000153319710944856	0.00041789797319483	0.00107730841141784	0.00264713943410102	0.00584514437832249	0.0123619104992795	0.0238948091101758	0.041895628624383	0.0666750788985946	0.0957054199196225	0.127757380376705	0.144551994377373	0.147024105114908	0.130119589374537	0.0978668208004646	0.0598503165441466	0.028886518991292	0.01036197019899	0.00260779189766384	0.000236085218623053	
1.35931805731701e-06	0	0	1.35931805731701e-06	1.35931805731701e-05	5.30134042353632e-05	0.000194382482196332	0.000490713818691439	0.00108201717362434	0.00287359837316815	0.00611013466763994	0.0131405276600835	0.0254165290357134	0.0442158977684075	0.0691512282118307	0.0994966445233755	0.128221753710598	0.145146622842252	0.145576167348365	0.127407522194266	0.0944005611264941	0.0573890490618666	0.026971588893284	0.0100643908963751	0.0023257931960694	0.000255551794775597	
9.53647292186632e-06	2.4522358941942e-05	4.22329515111223e-05	0.000258847122164943	0.000508157771408019	0.00141139799243621	0.00323286432051268	0.00655564395714582	0.0136507798110144	0.0272470654910466	0.0451511122252133	0.0711638856495155	0.102578389807418	0.129754612928188	0.145077000207078	0.144369938857585	0.125602160147352	0.0914602247337962	0.054357895654638	0.0262648087800944	0.00898471984567262	0.00214025699432171	0.000153945920024413	
