# <P(N_2)> as a function of N_tot.
# number_of_species: 2
# species_total_upper_bound: 100
# species_total_lower_bound: 0
# volume: 512
# Bin widths for each species index 
1	1	1	1	1	1	1	1	1	1	1	1	1	1	1	1	1	1	1	1	1	1	1	1	1	1	1	1	1	1	1	1	1	1	1	1	1	1	1	1	1	1	1	1	1	1	1	1	1	1	1	1	1	1	1	1	1	1	1	1	1	1	1	1	1	1	1	1	1	1	1	1	1	1	1	1	1	1	1	1	1	1	1	1	1	1	1	1	1	1	1	1	1	1	1	1	1	1	1	1	1	
# Bin lower bound for each species index 
0	0	0	0	0	0	0	0	0	0	0	0	0	0	0	0	0	0	0	0	0	0	0	0	0	0	0	0	0	0	0	0	0	0	0	0	0	0	0	0	0	0	0	0	0	0	0	0	0	0	0	0	0	0	0	0	0	0	0	0	0	0	0	0	0	0	0	0	0	0	0	0	0	0	0	0	0	0	0	0	0	0	0	0	0	0	0	0	0	0	0	0	0	0	0	0	0	0	0	0	0	
# Bin upper bound for each species index 
0	1	2	3	4	5	6	7	6	6	6	6	6	7	7	7	8	9	9	9	10	10	10	10	10	11	11	11	12	12	12	12	12	11	12	12	12	12	12	13	14	14	14	14	15	16	16	16	16	16	14	15	15	15	15	15	16	16	17	17	17	16	17	16	17	17	17	17	18	18	18	18	19	22	22	23	23	23	21	21	20	20	20	20	20	20	20	20	20	20	21	22	23	23	23	24	25	24	24	25	22	
# Normalized histogram for each species index 
1	
0.919933327827373	0.0800666721726269	
0.847137919037237	0.146475619310317	0.00638646165244533	
0.781081684515791	0.200970099267722	0.0174715705974878	0.000476645618999596	
0.720186889825634	0.245769084249814	0.0322774614256512	0.00174291071068429	2.36537882164297e-05	
0.661962240330826	0.284123244538218	0.0495778939180441	0.00417508517919316	0.000157808279094504	3.72775462427961e-06	
0.610017656028796	0.313864139153826	0.0678472921011915	0.0077783306057271	0.000470248412756512	1.61298927858434e-05	6.20380491763208e-06	
0.561537517829194	0.337793678272734	0.0866941854831015	0.0128209100045479	0.00108926927256888	5.20469959589225e-05	3.71764256849447e-06	8.67449932648709e-06	
0.518855650300426	0.353554818256274	0.107022078806854	0.0183477664176847	0.0020794955102081	0.000126663534921014	1.35271736323413e-05	
0.47490992221641	0.36948369288897	0.126039064538695	0.0259066278381699	0.00338013743523649	0.000263403243412775	1.71518391059481e-05	
0.436341882514549	0.376898878821284	0.146869034495738	0.0340753269799058	0.00526369820322984	0.000524292205522545	2.68867797703869e-05	
0.402163018189962	0.380723755628143	0.164972665490963	0.0435393997544973	0.00762331125114582	0.000912986064112182	6.48636211768709e-05	
0.370177621070143	0.382763714167237	0.18198614658707	0.0529231780897208	0.0105949410260751	0.00145379864704713	0.000100600412707059	
0.340027653125492	0.383032691702094	0.19744553023146	0.0631273618327822	0.0139754074161549	0.00218469532357109	0.000194359156038419	1.23012124074949e-05	
0.313615429078545	0.379012264691576	0.212917224162024	0.0738183677031026	0.0172490404478611	0.00302625602002156	0.00034532737406381	1.60905228058406e-05	
0.288231111155159	0.374078910202726	0.227010540190982	0.0845829265754538	0.0214062012200259	0.00408574869052869	0.000530230575969157	7.43313891545548e-05	
0.265625928199442	0.36685412170056	0.238393794182293	0.096095869388725	0.0265601176214332	0.00554444466446209	0.000789588324983664	0.000118809528524188	1.7326389576444e-05	
0.245105671117384	0.359588986171647	0.247790165325859	0.106757992106896	0.0323015219947174	0.00721457818527698	0.0010819399911915	0.000125835666022273	2.96083920052407e-05	3.70104900065509e-06	
0.225397150839507	0.350109060547748	0.257048176848533	0.118339957660299	0.0381810726222207	0.00925470763621452	0.00143520222518101	0.000192677751401237	3.21129585668728e-05	9.88091032826854e-06	
0.207348213238879	0.340109717191289	0.263471827118288	0.129276224445089	0.0454517966344344	0.0118208240513906	0.00213016729094802	0.000311009361134937	5.80057141799288e-05	2.22149543667812e-05	
0.191371045773199	0.329074959004188	0.270260952091435	0.139410475897428	0.0515947896083803	0.0144915716070482	0.00317833394502669	0.000510362332541221	9.76237875805242e-05	6.17872073294457e-06	3.70723243976674e-06	
0.174715535253365	0.318882231780232	0.274945726511039	0.150932812077195	0.0584843950591047	0.0169424719550936	0.00421955526011118	0.000741356707486591	0.00012108826222281	1.35915396372542e-05	1.23559451247765e-06	
0.161124416148514	0.305184502027985	0.278856642767183	0.161237219726495	0.0665206418151707	0.0204248852130624	0.00534267495710985	0.00106605579190591	0.000214450758139212	2.35523954025724e-05	4.95839903212051e-06	
0.148869123252859	0.293695726283819	0.28015743639012	0.170487494963895	0.0737955186413363	0.0246133820931602	0.00664827842687576	0.00137353952955031	0.000307434840549168	4.71069513744693e-05	4.95862646047045e-06	
0.137783336559412	0.283897400773266	0.280903351647534	0.177512494850682	0.081408853352392	0.0282430775797462	0.00811855094474472	0.00171354407071564	0.000343701453720661	6.94847704272817e-05	6.20399735957872e-06	
0.126143001381327	0.272211795167215	0.282691295164118	0.186441937821716	0.0879936074926133	0.0325076344625524	0.00936205006225261	0.00215065752389447	0.000402628856719876	7.92869133232986e-05	1.36274382274419e-05	2.47771604135308e-06	
0.115988539391202	0.260310525566687	0.281506463610092	0.19466698020384	0.0966478338087959	0.0363088423671232	0.0111474841735923	0.00274881340618947	0.000563129266013602	8.53976249559088e-05	1.85647010773715e-05	7.42588043094859e-06	
0.106254816908088	0.24840424480762	0.28020324881924	0.201431980317372	0.104151433709464	0.0418268185680691	0.0134552299270794	0.00345335256802956	0.000689188388040235	0.000111159417425844	1.60563602948442e-05	2.47020927612987e-06	
0.0982623280944241	0.237248867569313	0.277707134004092	0.206814870157019	0.112346277636628	0.0462979226607359	0.0157451777378104	0.0044641642278072	0.000928951880045223	0.000168225640061452	9.89562588596776e-06	4.94781294298388e-06	1.23695323574597e-06	
0.08956893885342	0.227304934387665	0.274662388217506	0.212887349370124	0.118990670466994	0.0519821714854672	0.0177940109105383	0.0052186728674605	0.00128156311267035	0.000251383533639183	3.94327111590876e-05	1.23227222372149e-05	6.16136111860743e-06	
0.083548479193445	0.216070568658997	0.270331436945619	0.217739455197993	0.126613593950838	0.0570006849541669	0.0205314705194011	0.0061155746814473	0.00160394455179614	0.000365145512937547	5.14634615549562e-05	1.59291666717722e-05	1.22532051321324e-05	
0.0769143231926229	0.206861192755074	0.266347215118314	0.221011362718634	0.133667958014473	0.0620850331728734	0.0235978924029103	0.00716441068286439	0.00184157781002748	0.00041236659267725	7.5865663934687e-05	1.59073166314666e-05	4.89455896352819e-06	
0.0703711954486145	0.194474296863334	0.263191845107971	0.224938860342088	0.140571028492672	0.0683662553152946	0.0264656993666935	0.0086721616877728	0.00235011297678529	0.000500623024742283	8.44571851032214e-05	1.22401717540901e-05	1.22401717540901e-06	
0.0642154330508651	0.185455753352555	0.257281832026017	0.228827396370289	0.146988531519088	0.0741231942729648	0.0293312719132738	0.00993462807121669	0.00300786588068921	0.000692431974969866	0.000112352278125622	2.93092899458144e-05	
0.0588351854003706	0.175494003461541	0.249810716098611	0.231383821271963	0.155319213997835	0.0800129654885604	0.0330852358556917	0.0113142235078986	0.00355083144253292	0.000881897853967011	0.000260532930506204	5.0149531224199e-05	1.22315929815119e-06	
0.0541808436375707	0.165089504078574	0.243994415453183	0.233762588417923	0.161236703750531	0.0856586006414418	0.0372795348814504	0.0131314955748324	0.00411884735734754	0.00112764887650048	0.000331948587021787	7.0783154585528e-05	1.70855890378861e-05	
0.0506555611857107	0.157439437937284	0.237249322757304	0.233243115511294	0.167984204166748	0.0904825476018787	0.0409999805110015	0.015168531114186	0.00485154255422814	0.00138615501549375	0.000444592777377171	9.01366178792072e-05	4.87224961509228e-06	
0.0467850608533809	0.148515537110965	0.231437228322274	0.23329964063825	0.171976100864266	0.0978975272315539	0.0451899223205196	0.0170970179535089	0.00558602206709544	0.00168018019112505	0.000408199959665956	0.000105694632413507	2.18678549821048e-05	
0.0429844838100664	0.139611626613303	0.225183773183905	0.234061122614053	0.177054005397253	0.103922077005194	0.0492240687790693	0.0189281206141232	0.00641608512907031	0.00195245694309026	0.000507590115504139	0.000120507005839112	3.4082789530254e-05	
0.0398784154359534	0.132439804260599	0.218233034633735	0.233115396428576	0.1815398508827	0.110286352695577	0.0534685741346461	0.0210460237222057	0.00705449891031548	0.0022246451030275	0.000527404862158885	0.000135828166356464	3.9157669580242e-05	1.10130945694431e-05	
0.036791377090112	0.12503686264487	0.211517856265175	0.231653461648104	0.184759262353901	0.116455238919089	0.0580242605353439	0.0240614770616049	0.00831129766339982	0.00249805856737017	0.000656155078689459	0.000160966882599849	5.52939673052915e-05	1.72025676060907e-05	1.22875482900648e-06	
0.0340130931644201	0.11891373399618	0.20464149345527	0.229677263249638	0.188369477594344	0.121449408116379	0.0622437629700225	0.0268578997853195	0.00976493782413483	0.00293441936889614	0.000809835551533811	0.000227148996161923	8.2711862732874e-05	1.23450541392349e-05	2.46901082784699e-06	
0.0304613071913171	0.111649496878089	0.198164496736156	0.228261714724384	0.192260080642673	0.12587983081577	0.0678143910268673	0.0298034782243802	0.0109411891029953	0.00335455747117216	0.00101574716658377	0.000287568760405855	6.66468371756058e-05	3.70260206531143e-05	2.46840137687429e-06	
0.027886438923908	0.105739949394166	0.190137061593539	0.224473020950419	0.195489792179368	0.132166890316064	0.072284145320941	0.0334000980426139	0.0128495243942898	0.00394770070263873	0.00118096784895495	0.000313191683213421	9.03675607690898e-05	3.96131773234366e-05	1.2379117913574e-06	
0.0257861337963527	0.0989094500235075	0.184497971387989	0.221621198062682	0.196810191070127	0.137726710762962	0.0768758131239132	0.0361779506914196	0.0146604842300603	0.0049452859335471	0.00144527722705778	0.000412936350587937	8.83086773847696e-05	3.85573098440543e-05	0	3.73135256555365e-06	
0.0232309473455954	0.0928963723531662	0.176712723121653	0.219935669679632	0.198615190778905	0.142988530958188	0.0818286161503749	0.0395640193863321	0.016097534835205	0.00582113379385634	0.00169487089694811	0.000434933781643302	0.000132100231673897	3.61406294202171e-05	4.98491440278856e-06	1.24622860069714e-06	4.98491440278856e-06	
0.0213744345585812	0.087064248125181	0.171127787264212	0.216339384679908	0.200328530201811	0.146906174170936	0.0861230939756149	0.043270623009097	0.0181640254436156	0.00652941293949652	0.00201961195490449	0.000567937848876107	0.00014604116113957	3.1205376311874e-05	4.99286020989984e-06	0	2.49643010494992e-06	
0.0199091232960618	0.0817140321381026	0.163839321987287	0.212756489184172	0.201865034969406	0.149645305849485	0.0917029694306768	0.0469683806571373	0.0204441333274999	0.00766639374488272	0.00247379638368219	0.000710013312749614	0.000267505015719045	3.12505859484865e-05	2.50004687587892e-06	1.25002343793946e-06	2.50004687587892e-06	
0.0195364930131206	0.0768813162427589	0.157775506706679	0.208535613633265	0.202348682243657	0.154009058988501	0.0956960422902904	0.0501046374465711	0.0223935393725756	0.00881381289348496	0.00269192809349697	0.000893139711318232	0.000258935462525034	5.62903179402247e-05	0	3.75268786268165e-06	1.25089595422722e-06	
0.0180271675448524	0.0734290718213548	0.150143532780189	0.205434258488921	0.203517989691623	0.156987885283705	0.100391748301716	0.053275770317571	0.0243705918947076	0.00981994068810789	0.00324416562358685	0.000959383596039545	0.00030980095288777	8.24470277846484e-05	4.99678956270596e-06	0	1.24919739067649e-06	
0.0168010525538326	0.0686826427513617	0.144436975084468	0.199300467314874	0.205226715939406	0.161935306996954	0.104447941273305	0.0567199828747188	0.0262637718932574	0.0107421080369896	0.00386695859762975	0.00111790030031834	0.000348013755306271	8.88812108875728e-05	2.12814166913907e-05	
0.0150039664940565	0.0649692987113579	0.140383906653091	0.195734925760973	0.203148209455872	0.16539842964314	0.109321573355154	0.0598197275299673	0.028245185550718	0.0115496811188636	0.0044974420798171	0.00136672267647775	0.000404769787183539	0.000126178236128202	2.7484368265549e-05	2.49857893323172e-06	
0.0139251447080085	0.061250681290667	0.135790428131162	0.19200860078799	0.20165455413969	0.167005701015357	0.113739683980908	0.0639683606743437	0.0302773679293877	0.0128637655636721	0.00508114998122943	0.00176106621833479	0.000472694119510543	0.000167126680776815	2.61914947486053e-05	7.48328421388723e-06	
0.0125187700551419	0.0571855821053615	0.128938596217951	0.188884388921773	0.201446774042805	0.168857596809869	0.117730770428985	0.0682189476307673	0.0336770615907038	0.0141823732826568	0.005593943736565	0.00188541699118353	0.000682887317361912	0.000153275802984517	3.6138197451634e-05	7.47686843826911e-06	
0.0115843207392503	0.0544489157165213	0.122214770102094	0.184271058449462	0.201441985244802	0.170910649079663	0.121371438507589	0.0724085252254266	0.0363067292644757	0.0162667362197879	0.00570459795811908	0.00215863079712845	0.000686837071813598	0.000186303003204412	2.35983804058921e-05	1.49042402563529e-05	
0.0103498466367958	0.0509210470851073	0.117780957174844	0.178176552415006	0.199689554192878	0.174524102943036	0.124922202578287	0.0765489435668041	0.0395198504305824	0.0173336374974894	0.00674822894634395	0.00243992551284308	0.000790992112395268	0.000200847526971839	3.84337860254754e-05	1.48775945905066e-05	
0.00933101866203732	0.0472788145576291	0.11259098518197	0.17248062496125	0.198962117924236	0.176591233182466	0.129228098456197	0.0801748403496807	0.0425606051212102	0.0189769979539959	0.00781821563643127	0.00276396552793106	0.000910161820323641	0.000265360530721061	4.58800917601835e-05	1.86000372000744e-05	2.48000496000992e-06	
0.00912600912600913	0.0446105322430411	0.107014177685556	0.167713673014026	0.196198033653864	0.179082115477875	0.133489278365603	0.0833123518635886	0.0451860239846106	0.0211679257615653	0.00864105811102278	0.00312055435730347	0.000915329537237664	0.000308830697523277	8.18587391025554e-05	2.35653945901296e-05	8.68198748057405e-06	
0.00828126064419439	0.0414422225387526	0.101983613359509	0.1635245520923	0.193034129544877	0.180240659429131	0.136985130641036	0.0884395533618623	0.0484613526719637	0.0230007493512847	0.00937122614926334	0.00360679494404637	0.0010788181305853	0.000401305481411753	0.000104042161847492	1.85789574727663e-05	1.73403603079153e-05	8.67018015395763e-06	
0.00783271696130241	0.0389913146075214	0.0968455963275464	0.158401828294946	0.189856631535113	0.180930804390287	0.141494561714869	0.0918881805292537	0.0518657234356874	0.0252530760765028	0.0105431840490189	0.00411217640468377	0.00136328934453048	0.000448646129745486	0.000135089580503475	1.36328934453048e-05	1.98296631931707e-05	3.7180618487195e-06	
0.00709014167941946	0.0373796712247618	0.092698820160932	0.154376264994817	0.187682035839463	0.180621513550871	0.14331342252061	0.0963185565483537	0.054497210840697	0.0276422964901022	0.0116367181714963	0.00447252801500716	0.00160438366984252	0.000478846818383769	0.000151799377992793	2.4682825689885e-05	8.63898899145974e-06	2.4682825689885e-06	
0.00665873930328559	0.0351037914849296	0.0885864412573766	0.148276536275066	0.185791738244528	0.180390965756987	0.145490072145565	0.1000630827934	0.0586768353342343	0.0299932244407089	0.0131281072579644	0.00522000892750643	0.00183591833422076	0.000587788991130289	0.000159858930642129	2.3363997555388e-05	1.35265249004878e-05	
0.00625077826504533	0.0326803509805831	0.0839601577612597	0.145305320312317	0.182276146315061	0.180810234015823	0.147413570969758	0.103664287590048	0.0620022956507159	0.0320737665808983	0.0147022743216303	0.00575145574091449	0.00223030727445108	0.000646037043566815	0.000186167163317918	3.69868536393215e-05	8.63026584917501e-06	1.23289512131072e-06	
0.00556963524688266	0.0305910426840855	0.0797936002250557	0.139537007104555	0.17998410790829	0.181510390318656	0.150339434350115	0.10639311211081	0.0653364854293703	0.0344443813805885	0.016422650672576	0.00656042326266617	0.00236653974380171	0.000830386469019058	0.000235666887938544	6.29267606537473e-05	2.22094449366167e-05	
0.00523247547277122	0.0284064565186481	0.0764965164225793	0.134153895610136	0.174963989638907	0.182705135417504	0.154485376393276	0.110249197880798	0.0677266798137971	0.0366706025630722	0.017425923750765	0.00747284540581977	0.00265209354657237	0.000906286512651537	0.000288082888741894	0.000148368869738314	1.48368869738314e-05	1.23640724781929e-06	
0.00475395171461918	0.0266020581872787	0.0729472022678221	0.130102413773451	0.171547406946692	0.181908964984054	0.15677881053328	0.114446710394267	0.0706352726614944	0.0385011857002322	0.0185858821138916	0.00865177086869578	0.003055315331835	0.000983747110087992	0.000313460980922244	0.000146199192683102	3.59303100661861e-05	3.71692862753649e-06	
0.00427610196152377	0.024866395073613	0.0687004718970659	0.126330466885331	0.170577639720732	0.180303383665712	0.157879589335424	0.1163206418991	0.0745073861070725	0.0411421298386817	0.0202503882854407	0.0093461422042704	0.00374391520739157	0.00117105896480372	0.000416817597642003	0.00013769867064959	2.10889855949823e-05	8.68369995087507e-06	
0.00394646427368779	0.0226996251107458	0.0648557167194146	0.121253126665847	0.16712580348944	0.1804749425613	0.159695118238605	0.119487406976643	0.0783440258160396	0.0439069002237904	0.0220373249036061	0.0100140288355321	0.00413906564724623	0.00135690774145689	0.00047839696012903	0.000130471898217008	4.72184012594887e-05	7.4555370409719e-06	
0.00382389905802422	0.021399151350746	0.0611612309147244	0.116192775282157	0.163469507111482	0.179347460896184	0.162287371053843	0.123200975573336	0.0809576546420616	0.0465848711471697	0.0237609347585332	0.0108719186690392	0.00453691375384194	0.0017371178278561	0.000500230205442803	0.000121946666998494	3.48419048567127e-05	8.71047621417817e-06	2.48870748976519e-06	
0.00326349040204856	0.0200843597938979	0.0585920512389177	0.112314411568631	0.159162134041108	0.179310044049021	0.163449904363158	0.125577715058286	0.0842650916182252	0.0488564076683925	0.0254786514893803	0.0118365388808932	0.00507903279066435	0.00190401425518526	0.000634256057519174	0.00015700641109512	2.36755699270419e-05	2.49216525547809e-06	8.72257839417332e-06	
0.00306771762555668	0.0191060043351432	0.0553820142604049	0.108565331553792	0.155506142282835	0.177082256913881	0.165061634480947	0.129713160931919	0.087360231473239	0.0509821302958281	0.0269595606590115	0.0126605602817719	0.00550670253970665	0.00217255164634594	0.000651142986268727	0.00017430213781572	3.85954733734809e-05	1.24501527011229e-06	8.71510689078602e-06	
0.00293044837597082	0.0171298478945932	0.0534254733133173	0.103955236842758	0.151796481476886	0.174890201235701	0.165670827026625	0.132145604327436	0.0910262772635915	0.0549167514453736	0.0287685169102504	0.0138793082057517	0.0059800004962656	0.00232996699833751	0.000865983474355475	0.000209672216570308	7.44398402024764e-05	3.72199201012382e-06	1.24066400337461e-06	
0.00259913139185531	0.0165628005671734	0.0500205749075369	0.100306392598983	0.148035220275456	0.172441274751862	0.165982489018453	0.134934209873973	0.0942789362524913	0.0578787022439044	0.0311065334007595	0.0149230052255307	0.00678228277359669	0.00273423168833229	0.00103618209041061	0.000251608809035111	0.00010907179899059	1.48734271350805e-05	0	2.47890452251341e-06	
0.00230548339255676	0.015914429613704	0.0481016154558213	0.095761543591428	0.144372032607722	0.170338270277803	0.16685951606	0.136659301064031	0.0972471060149104	0.0605348024724536	0.0333492589606537	0.0164096170881981	0.00746887037534713	0.00297236903659908	0.0011906894801278	0.00036205918361253	0.000119442204903103	1.61744652472951e-05	9.95351707525854e-06	3.73256890322195e-06	1.24418963440732e-06	0	2.48837926881464e-06	
0.00203361497138635	0.0143808295407762	0.0454758596842984	0.0914890414894768	0.141124172405773	0.168299984950005	0.168230332082484	0.139406482940645	0.100158335893491	0.063132861600996	0.0355030616166679	0.0174206796876069	0.00806853842164115	0.0032973169964191	0.00131967307929108	0.000451499837683943	0.000160450355540575	2.48760241148178e-05	7.46280723444533e-06	8.70660844018622e-06	2.48760241148178e-06	1.24380120574089e-06	2.48760241148178e-06	
0.00192377807116983	0.0129102182977924	0.0420618023038051	0.0880396004614081	0.135605199924841	0.167717112541017	0.166899569078689	0.143220673272551	0.103921346594875	0.0665134446702264	0.0375920669663911	0.0193323519493496	0.00858109545846518	0.00360117318109023	0.00137003858755368	0.000436769794942181	0.000174210174620813	4.60412604355005e-05	2.86202429734193e-05	1.1199225511338e-05	6.22179195074332e-06	3.73307517044599e-06	2.48871678029733e-06	1.24435839014866e-06	
0.00191476557798567	0.0117596446990834	0.0386446941099821	0.0841800575921699	0.132294137833281	0.164117790410257	0.16732688778479	0.145012408675629	0.106851379377229	0.0699809518125619	0.0404040404040404	0.0209691697874859	0.00991575031456863	0.00417891370624015	0.00153802923374563	0.000594323341738408	0.000184016432170051	7.83313190994136e-05	1.98936683427082e-05	1.98936683427082e-05	3.73006281425779e-06	6.21677135709632e-06	2.48670854283853e-06	2.48670854283853e-06	
0.0017757411209846	0.0111117031625045	0.0366201686024682	0.0802416891474088	0.128014453764435	0.161927019890035	0.167511992138659	0.145758234023596	0.110606490563045	0.0728946067284851	0.0429920184587856	0.0225381573680865	0.0106234672925338	0.004691525390124	0.00171749978624191	0.000625784554150191	0.000200746728262041	7.18722854271506e-05	3.22186107087227e-05	1.23917733495087e-05	1.23917733495087e-05	1.61093053543613e-05	2.47835466990175e-06	1.23917733495087e-06	
0.00176584652355926	0.010380999639901	0.0348590725779008	0.0758856147237199	0.124341829278404	0.159619161229089	0.166208602531088	0.146924123047453	0.113427487065515	0.0762395265006911	0.04579321405104	0.0242677057978421	0.0120391876858501	0.00510573423700457	0.00208387214132712	0.000681837024864158	0.000245015845595469	6.55850495785851e-05	3.83610667346441e-05	7.42472259380209e-06	7.42472259380209e-06	1.23745376563368e-05	
0.00150753083557624	0.0098696159391632	0.0327652405044773	0.0732478983210123	0.120180953290099	0.156551374444129	0.165695739117822	0.14823887917066	0.115200894600535	0.079788796913529	0.0481789994507926	0.0262739317420783	0.0129603021012451	0.00599169122396379	0.00232824252402317	0.000824430925705756	0.000245469659082315	0.000102898897494102	2.72744065647017e-05	7.43847451764592e-06	9.91796602352789e-06	2.47949150588197e-06	
0.00127643443514358	0.00893628392276764	0.0310184753630754	0.070360496404979	0.116709856634165	0.151046812953262	0.166217366717003	0.150478818272774	0.117883132298017	0.0823555000403935	0.0505303976584202	0.0283438045700579	0.0141886811213234	0.00665933369376759	0.00255908325409994	0.000948314969829167	0.000298290423013106	0.000130502060068234	5.0957947264739e-05	6.21438381277304e-06	1.24287676255461e-06	
0.00116736704536535	0.00849673772613843	0.0294682312956528	0.0672214048022764	0.112769899123042	0.149487766317287	0.162965436217781	0.151989445108209	0.121237982161834	0.0851592390810068	0.0530286135740992	0.0303839354347601	0.01489919156406	0.00703036524759519	0.00300749631538096	0.00114618749384859	0.000356314807870321	0.000122093885214306	5.73093746924293e-05	3.73756791472365e-06	1.24585597157455e-06	
0.00113176033603809	0.00801206546261327	0.0282316867965449	0.064795772102357	0.11005995338344	0.146806017774122	0.161835495893006	0.151492602425557	0.12361240947787	0.087651597302721	0.0557329643894352	0.0320258260728664	0.0159555771603784	0.00749604257812013	0.00321953408368545	0.00130875369255506	0.000417554749529472	0.000164529035635493	4.11322589088733e-05	6.23216044073839e-06	2.49286417629535e-06	
0.00103641030373931	0.00754172455681299	0.0266186583787101	0.0618840467644293	0.107093237017433	0.143991189888826	0.161663793985079	0.153093142231413	0.12487933490146	0.0902163366200802	0.0579691346784634	0.0330840627283907	0.0169691920489495	0.00826259718685068	0.00355821732439019	0.00134072331711162	0.000522570297553273	0.000198302332484416	5.86176706086011e-05	1.74605827344769e-05	1.24718448103407e-06	
0.000924672896962699	0.00709998837911089	0.0250198992106542	0.0594214796515733	0.10322348469229	0.142357141161314	0.160118358130811	0.153611909786913	0.127229992390192	0.0930233429924164	0.0601962055922717	0.0344278211582653	0.0181573268456284	0.00848199949267947	0.00417977140586518	0.00159193685233849	0.00057104799177291	0.000228669108302938	9.37168476651385e-05	3.12389492217128e-05	9.9964637509481e-06	
0.000805500884177715	0.00630538599102834	0.0236405143216808	0.0563888084081804	0.098911762061283	0.139877414004975	0.159958738373313	0.154240306514941	0.128485508477116	0.0957434585835173	0.0627166734936509	0.0362050792762731	0.0196142587393724	0.00952614068915908	0.00452828869151689	0.0019506858621482	0.000686861219066268	0.000263504940405423	9.61605706692776e-05	3.87139959837351e-05	1.62349015415663e-05	
0.000768114385346126	0.0058589017587946	0.0219443410577747	0.053595649599956	0.0957232889783704	0.135295542938219	0.15884980178902	0.155826053940364	0.131026575508767	0.0987782609890316	0.0651248591790294	0.038157174937739	0.0206116938233612	0.0103102182943614	0.00479353335115192	0.00209701472031894	0.000835558575278957	0.000286013323974411	8.36807541759194e-05	2.49793296047521e-05	8.74276536166322e-06	
0.000773784482240519	0.00548911192579682	0.0208746519221908	0.0513652663421279	0.0919013061682393	0.131639772021556	0.155605805637358	0.155742282188433	0.133983662880381	0.10170883666887	0.0682933669892021	0.0405998958270729	0.0220491015085041	0.0112474207183925	0.00501081795780996	0.00219864975859927	0.000959092092874171	0.000369363142817076	0.00012896408037342	5.50914518100046e-05	3.75623535068213e-06	
0.000775073827040262	0.00511221584296199	0.0192673790803044	0.0487893875281059	0.0896858560350696	0.128561596350107	0.153986785997838	0.155496670076488	0.135983934833403	0.104609801915791	0.0708425027335193	0.0422440400471587	0.0232534730479401	0.0118777547520456	0.005480879205499	0.00246614399512811	0.0009952652551767	0.000356080995214926	0.000156021354793819	5.41041794849534e-05	5.03294692883287e-06	
0.000669596781907797	0.00475262678286436	0.0180023360368933	0.0461052626279408	0.0859978754147221	0.12625926988778	0.151367890568754	0.155615802484053	0.137993575898543	0.106224229334381	0.0734064351774935	0.0455552366999451	0.0251816218338897	0.0127512875893005	0.00573688370664613	0.00262048966152638	0.00110005185599138	0.000464438369405972	0.000132157259587065	5.03456226998344e-05	1.25864056749586e-05	
0.000634475431071924	0.00448916545079857	0.0169470401847028	0.04399029655432	0.0831553067449522	0.123431907819784	0.149515897763852	0.155334440308325	0.138630363929568	0.108400882726532	0.0761420872479251	0.0472923383315059	0.0269072973486732	0.0138778911748748	0.00655372836142943	0.00282870296352899	0.00120726575078963	0.000425501380361727	0.000163654377062203	6.04262315306594e-05	6.29439911777702e-06	5.03551929422162e-06	
0.000522027424007991	0.00416994502398691	0.0162430840777871	0.0421612437303377	0.079983134498609	0.121032560205699	0.148521821624735	0.154681996202752	0.139501790077212	0.110123943866993	0.0784910897698938	0.0494796666553728	0.027883291734273	0.0149932299568449	0.00697458755441446	0.0031484779010482	0.00132640141148184	0.000533321286546625	0.000146820213002247	6.39985543855951e-05	6.27436807701912e-06	1.00389889232306e-05	1.25487361540382e-06	
0.000444832053971285	0.0039007385465144	0.0157006919331273	0.0398619642279846	0.0778205484841878	0.117384287278806	0.146812120483075	0.154784012109456	0.140080746415656	0.112300671383139	0.0805484340658652	0.0513674513253489	0.0299227871798149	0.015703198029206	0.00765236437634546	0.00341204981116566	0.00147233144624299	0.000540063704962321	0.000182945013745937	6.39054500071424e-05	2.13018166690475e-05	1.12774323542016e-05	6.26524019677866e-06	5.01219215742293e-06	
0.000409327663665348	0.00359382178098842	0.0145918427380641	0.0381538446132104	0.0734724379780966	0.113970841349855	0.144720486786978	0.15422264671017	0.141867710806876	0.115074899451851	0.0832099300137319	0.0538935572827152	0.0311802531322329	0.0168875826009456	0.00857209737241682	0.00378158676432115	0.001518392831884	0.000593337347331421	0.000177750850888316	5.25741953331639e-05	2.6287097666582e-05	1.87764983332728e-05	7.51059933330913e-06	2.50353311110304e-06	
0.000379847886488997	0.00324551997439452	0.0134341611526453	0.0366185816604459	0.0706965413915883	0.109987757689429	0.141049351580977	0.153645356577533	0.143439279758591	0.117705519501141	0.086343783509122	0.0561452538317934	0.0337628727957925	0.0179325564510002	0.00881620717526431	0.00409862096536161	0.00163895022498204	0.000733542311941048	0.000220436314454271	4.60799075412882e-05	1.86810435978195e-05	2.61534610369474e-05	8.71782034564912e-06	6.22701453260652e-06	
0.000354518499419879	0.0029241578326276	0.0124440951597069	0.034170129213316	0.0683811644073343	0.106876171398538	0.137834561339138	0.151567814678553	0.14459024603088	0.120903204053907	0.0889184458702314	0.059178558324491	0.0357518271338047	0.0191551551452286	0.00953233307880723	0.00437570035997263	0.00189778958955187	0.000741265953332474	0.000265269086978511	7.18953600222132e-05	1.98332027647485e-05	1.98332027647485e-05	1.48749020735613e-05	4.95830069118712e-06	6.1978758639839e-06	
0.000349079318715585	0.00285184234936549	0.0119538080483136	0.031957409856125	0.0663768773806469	0.103312676389903	0.135043123014072	0.150545698553356	0.145368716572263	0.121823748248436	0.0923456650022696	0.0608853539639622	0.0379386311156723	0.0206117152499556	0.0103922023327873	0.00485133908306854	0.00210681087055201	0.00088688349878624	0.000260267619254376	6.29082871183564e-05	5.05733288598551e-05	8.63447078095088e-06	1.23349582585013e-06	1.23349582585013e-05	1.23349582585013e-06	1.23349582585013e-06	
0.000341315852704343	0.0026984899545939	0.0111192572375595	0.0305902792752275	0.0623092420200477	0.100450364419363	0.133269670328316	0.148455145305675	0.145538558217764	0.124675164651014	0.0936240473652757	0.0640515547121919	0.0401311047174287	0.0224184138054253	0.0112498690801106	0.00532674523913673	0.00231281536290993	0.000904425400306815	0.000388138966071726	0.000103503724285793	2.46437438775699e-05	8.62531035714946e-06	3.69656158163548e-06	2.46437438775699e-06	2.46437438775699e-06	
0.000282149660065104	0.00264407498034809	0.0103742364093807	0.0287965146508367	0.0595853262463253	0.0973884523167075	0.130185578086459	0.147267337418959	0.144725526289202	0.127718924726413	0.0960232915160431	0.0668337386924519	0.0419737662420869	0.0236525197566367	0.0124022640970102	0.00582041482160502	0.00260218376444323	0.0011014925593808	0.000415215875292314	0.000149083444837893	4.43554050757369e-05	9.85675668349708e-06	1.23209458543713e-06	0	2.46418917087427e-06	
0.000283891385624481	0.00239085919110704	0.0101003617763701	0.0271400164657004	0.0572855786879034	0.094103822782654	0.127079658688496	0.145679481688388	0.14545854013175	0.128174491988709	0.0996829056653612	0.0694015693022073	0.0441278301193948	0.025214492284943	0.0130367861520251	0.00614192841246703	0.00284385109773393	0.00111087933505232	0.000490021217795299	0.000190083797331174	4.81381045189337e-05	1.23431037228035e-05	1.23431037228035e-06	0	0	1.23431037228035e-06	
0.000191670613432524	0.0022209059466117	0.00913341387621046	0.026381295915932	0.0545556395059103	0.0911189730412191	0.12528580561632	0.144054686717474	0.145452027318627	0.129503795696438	0.102373129511215	0.0717120142850253	0.0452515769545147	0.0269872223712994	0.013656840353218	0.0066478788246016	0.00319286144440501	0.00145051373907323	0.000511946025555257	0.000242370582146933	4.45170457004572e-05	2.22585228502286e-05	8.65609221953334e-06	
