# <P(N_2)> as a function of N_tot.
# number_of_species: 2
# species_total_upper_bound: 100
# species_total_lower_bound: 0
# volume: 512
# Bin widths for each species index 
1	1	1	1	1	1	1	1	1	1	1	1	1	1	1	1	1	1	1	1	1	1	1	1	1	1	1	1	1	1	1	1	1	1	1	1	1	1	1	1	1	1	1	1	1	1	1	1	1	1	1	1	1	1	1	1	1	1	1	1	1	1	1	1	1	1	1	1	1	1	1	1	1	1	1	1	1	1	1	1	1	1	1	1	1	1	1	1	1	1	1	1	1	1	1	1	1	1	1	1	1	
# Bin lower bound for each species index 
0	0	0	0	0	0	0	0	0	0	0	0	0	0	0	0	0	0	0	0	0	0	0	0	0	0	0	0	0	0	0	0	0	0	0	0	0	0	0	0	0	0	0	0	0	0	0	0	0	0	0	0	0	0	0	0	0	0	0	0	0	0	0	0	0	0	0	0	0	0	0	0	0	0	0	0	0	0	0	0	0	0	0	0	0	0	0	0	0	0	0	0	0	0	0	0	0	0	0	0	0	
# Bin upper bound for each species index 
0	1	2	3	4	5	6	7	6	6	7	7	7	7	7	7	8	9	9	9	10	10	10	10	10	11	11	11	12	12	12	12	12	12	12	12	12	13	12	13	14	14	14	14	15	16	16	16	16	16	14	15	15	15	15	15	16	16	17	17	17	16	17	17	17	17	17	17	18	18	18	19	20	22	22	23	23	23	21	21	20	20	20	20	20	20	20	20	20	22	22	22	23	23	23	24	25	24	24	25	22	
# Normalized histogram for each species index 
1	
0.920424793649125	0.0795752063508754	
0.84761770681373	0.146078543219646	0.00630374996662435	
0.780436369535242	0.201641657879796	0.0174539703138941	0.000468002271068213	
0.719106886356756	0.24676567965011	0.0322530257843851	0.00183737093314611	3.70372756024193e-05	
0.661533600117713	0.284278938426519	0.0498335210794234	0.00415533958724806	0.000192168374874668	6.43241422174622e-06	
0.608715017623606	0.315003499040172	0.0679648426715974	0.00779338970319151	0.000503990189847005	1.52481108393202e-05	4.01266074718953e-06	
0.55981289753061	0.338757615870677	0.0873502983809735	0.0129061897916264	0.00111126166684439	5.37189983250897e-05	2.40532828321297e-06	5.61243266083027e-06	
0.516825071665745	0.354958758241161	0.107528977888281	0.0185132513717958	0.0020125530901758	0.0001525993013988	8.78844144181572e-06	
0.47515176655472	0.368535462718476	0.126718890847739	0.0259714256084622	0.00332969040420559	0.000277607153968267	1.51567124293019e-05	
0.436830654693535	0.376577355709958	0.146608332492077	0.0342501305603403	0.00522638805315257	0.000483291853432207	2.30517495880493e-05	7.94887916829288e-07	
0.40262104518909	0.381021043280331	0.164404653874265	0.0435173351169632	0.00749744902219808	0.000888368575134747	4.77189923975692e-05	2.38594961987846e-06	
0.371145447129326	0.382988484544419	0.181087555786312	0.05278281562947	0.0104349125905124	0.00145742111996412	0.00010097789538213	2.3853046153259e-06	
0.341512756988111	0.383441024347268	0.196468519976093	0.0625430253388904	0.0136988699805098	0.0021249045981503	0.000192594349345458	1.83044216320063e-05	
0.314466256836596	0.379759287996713	0.212133735982734	0.0732579894922868	0.0170477075712183	0.00295205307312714	0.000354246368775257	2.87226785493452e-05	
0.288168079145676	0.375407691595084	0.226262845679348	0.0839908574860323	0.0214020118641848	0.00416156885795242	0.00054465360988746	6.22917618346361e-05	
0.265336033385171	0.367996873736349	0.238035568441359	0.0956962729375211	0.0264781425262959	0.00552370510191524	0.0008063394745128	0.000115876336773395	1.11880601022589e-05	
0.24539224905544	0.359019079752101	0.24768763567189	0.106780618404159	0.0324054581145872	0.00737032423833991	0.00116646865994323	0.000153398618293904	2.23706318345276e-05	2.39685341084225e-06	
0.225583372183496	0.35012726593743	0.257222731783538	0.117791562144401	0.0380806233512004	0.00930084899934508	0.00164889954747223	0.000207112018814408	3.11867518678066e-05	6.39728243442186e-06	
0.207569080657416	0.339825648818331	0.264269204622706	0.128921501979446	0.0450473867317151	0.0116807293957692	0.00227696245051386	0.000343103930899348	5.19854440756588e-05	1.4395969128644e-05	
0.191306030323116	0.329265572318224	0.270718117194052	0.139182029040663	0.0513644442561098	0.014359625466428	0.00316135629700759	0.000541284322982836	9.27459105849469e-05	6.39626969551358e-06	2.39860113581759e-06	
0.17478580679242	0.319569004245961	0.274942127736315	0.150359362619106	0.0583111433133497	0.0169702782736231	0.00415499313352873	0.000754872960306928	0.000133259814345938	1.67572221632616e-05	2.39388888046595e-06	
0.1608819583501	0.306591007455254	0.278725206821489	0.160892358424981	0.0660596756296645	0.0204105469559381	0.00520403746906978	0.00101920733829284	0.000186401342089663	2.56001843213271e-05	4.00002880020736e-06	
0.148470247940488	0.294746346413532	0.280911059440196	0.17008413836086	0.0734105200917292	0.0242243370009029	0.00647218160462162	0.00135516296314053	0.000270872785674905	4.39469121301468e-05	1.11864867240374e-05	
0.138026817706167	0.283881519345417	0.281282601216926	0.17804824122047	0.0809009050716419	0.0277787311756034	0.00792366715649143	0.0017408600854546	0.000345617797800019	5.90663211020818e-05	1.19729029260977e-05	
0.126596876581534	0.273003032561179	0.282096731130177	0.18665593381764	0.0875481683091379	0.0322025320491108	0.00916224003060456	0.00221086063368972	0.000431173613131269	7.17294365652758e-05	1.59398747922835e-05	4.78196243768505e-06	
0.116580248997544	0.261242790122906	0.281444778153953	0.194242290089465	0.0958288611658741	0.0361672277445307	0.0110246226658471	0.00277486710894678	0.000587618917188729	8.2011854295988e-05	1.83133266874536e-05	6.36985276085343e-06	
0.107178949390673	0.249188477290463	0.279766351319275	0.20099962767997	0.104103538310461	0.0411020672891053	0.0134360693166221	0.0034175644554244	0.000685894469102598	0.000103995573440324	1.50833274455432e-05	2.38157801771735e-06	
0.0988669748681205	0.237847212580459	0.278207216420415	0.206057293100535	0.112048973724067	0.0459176265896348	0.0155565834226546	0.00439770205588406	0.00094094797731887	0.000142014913946103	1.2694070520322e-05	3.96689703760063e-06	7.93379407520126e-07	
0.0905864010955362	0.227306382699631	0.274632378216024	0.212071285714173	0.119247032198366	0.0516578835700384	0.0177645339901493	0.00522481645580123	0.00123508592262815	0.000229948818608312	3.08178829062686e-05	9.48242550962111e-06	3.95101062900879e-06	
0.0836546366909534	0.216187546659863	0.27054293967372	0.21676085265091	0.126971526852456	0.0572644484134859	0.0204169383570058	0.00620320232346428	0.00159627918111744	0.000333903489291463	4.80380019971209e-05	1.1812623441915e-05	7.87508229460998e-06	
0.0770566051382601	0.206203365285966	0.266920180788011	0.220521907849687	0.133821336224348	0.0625894761503066	0.0234153336472778	0.00714708562273042	0.00182942121263818	0.000411167724198439	6.7610753883491e-05	1.33649164653412e-05	3.14468622713911e-06	
0.0701525260278286	0.19421700025585	0.262544724567515	0.225795989057488	0.140848241522505	0.0687803822007046	0.0262683277243117	0.00852571293617524	0.00230265100076755	0.000470764204601366	7.71486489146051e-05	1.57446222274704e-05	7.87231111373521e-07	
0.064155006568275	0.184822365350362	0.256573587899577	0.229217450438843	0.147348959190115	0.0748019875623868	0.0295568441111026	0.0099149862928089	0.00281857314555439	0.000652498502559227	0.000105470204273747	3.14836430667902e-05	7.87091076669755e-07	
0.0591239053935622	0.17512758105068	0.249738381088791	0.231555374624895	0.155255567620516	0.0799423926575048	0.0332194992507738	0.0115647763699658	0.00339376224923758	0.000815762805153164	0.00021338969130937	4.88197817755755e-05	7.87415835089927e-07	
0.0548860431555152	0.165236638485312	0.243346360266491	0.232681672268353	0.161764012337334	0.0861428225580788	0.0371990731279417	0.0130950546911108	0.00418633020917503	0.00110356883471306	0.000263315925661591	8.17458396083745e-05	1.33623007052151e-05	
0.0508009739038674	0.157645388756765	0.236769974490377	0.233089962053552	0.16767650437291	0.0913729736180717	0.0409661465551016	0.0150929974553189	0.00476352367275762	0.00135517419798577	0.000371377401881384	8.47965315078001e-05	1.02069899037167e-05	
0.046417236208517	0.148738019632635	0.230560783486827	0.233553572730344	0.172188851428943	0.0985472665518569	0.0452727961101578	0.0171093794704691	0.00546274181196222	0.00164062542867512	0.000397418582101427	9.48474328092163e-05	1.48933985402902e-05	1.56772616213581e-06	
0.0426541513046306	0.139582477340915	0.224867997130936	0.233774508224991	0.177163130485062	0.104322529301455	0.0496311932933665	0.0189835877283879	0.00644046731490334	0.00194596700890651	0.000499650794374058	0.000108414795005692	2.59252770665785e-05	
0.0395812849702469	0.131940249001978	0.218430726828324	0.232869366754722	0.18136552274226	0.110198182830473	0.0539701718848099	0.0215051470675338	0.00721497644629241	0.00221440389179115	0.000534647444630031	0.00013978227134345	2.84302924766339e-05	7.10757311915846e-06	
0.0367180567879326	0.124097635948789	0.211490683229814	0.231895677525669	0.184765971606034	0.116180758017493	0.0585506718215236	0.0245064330079858	0.00837796298643681	0.00249477120040563	0.000670237038914945	0.000190930409430853	4.8326784129801e-05	1.10913930789707e-05	7.92242362783623e-07	
0.0335920313173555	0.118346771948634	0.204093303067949	0.229918827476176	0.188635846664578	0.12126965089293	0.062839113608129	0.0272475944905124	0.00992426761004739	0.00296821339322783	0.000866126576962783	0.000213151444101034	7.55574148865605e-05	7.95341209332216e-06	1.59068241866443e-06	
0.0303249804384494	0.111683519184648	0.197751157972158	0.227769680750718	0.192171240580407	0.126246227983803	0.0679396732126553	0.0300654864199457	0.0112712739325523	0.00334874642897227	0.0010379760740147	0.000296109738906034	6.60674955086043e-05	2.62677994190836e-05	1.59198784358083e-06	
0.0281763783650883	0.105648846187005	0.190316081218728	0.2248314861469	0.194795149100035	0.131756120301808	0.0722661800440004	0.0334768614753863	0.0129350946263958	0.00410148828625163	0.00122054799332011	0.000343254177323511	9.97831910824161e-05	3.19306211463732e-05	7.98265528659329e-07	
0.0264333852607693	0.0995430545654138	0.184788861765005	0.221746954163836	0.196800181786032	0.136313920153366	0.0765373601499735	0.0363164005085528	0.0146204936546914	0.00488789994727245	0.00143700577922759	0.000425660954648706	0.000104014894932954	4.08058433967744e-05	1.60022915281468e-06	2.40034372922202e-06	
0.023791897725572	0.0934605094353666	0.177365204189512	0.22000382552715	0.198855383068921	0.141412451850779	0.0811347890077719	0.0393485079243634	0.0164529680248355	0.00586714216315153	0.00167026677049478	0.000453781149434854	0.000133653354419084	4.24169328395896e-05	3.2012779501577e-06	8.00319487539426e-07	3.2012779501577e-06	
0.021911303274812	0.0875451834104362	0.171442884248045	0.215947293156609	0.200887623446639	0.146104963953301	0.085422153295098	0.0429167376877457	0.018300631627467	0.00669558725029589	0.00201979947648462	0.000604979557932794	0.000141642039357281	5.44161507135318e-05	3.20095004197246e-06	0	1.60047502098623e-06	
0.0201069511871198	0.0819879095875243	0.164453451271925	0.212905507250087	0.201929569667082	0.149438842290202	0.0910093158260235	0.0464727229669834	0.0204133717785835	0.00772051881886463	0.00254737118334352	0.000725648763596914	0.000236815914029423	4.64031182895491e-05	3.20021505445166e-06	8.00053763612915e-07	1.60010752722583e-06	
0.0189833581309088	0.0771057786091683	0.157590060042698	0.209210924599889	0.203442084982279	0.153940892616622	0.0952963617232206	0.0495916808271766	0.0222345364828656	0.00868368917453703	0.00266660687488088	0.000914494009343534	0.000265059121797469	6.72657590060043e-05	4.00391422654787e-06	2.40234853592872e-06	8.00782845309575e-07	
0.0176029833445428	0.0726597026435338	0.149935188250676	0.205533809127194	0.204354612055386	0.15772863076061	0.10028706354277	0.053392536347888	0.0242284515964052	0.00969570943814586	0.00318166769408854	0.000994020645167496	0.000314238784601338	8.3369473465661e-05	7.21466597298989e-06	0	8.01629552554433e-07	
0.0163999363639724	0.0685790685678198	0.144125157282227	0.199662857611174	0.205371619938646	0.162072606136377	0.104968109672516	0.0566714179424672	0.0261879930386043	0.0104533424180726	0.00390654502972092	0.00110961305759864	0.000369603190800416	0.000100435649674026	2.16941003295896e-05	
0.0148743587807476	0.0645428446116697	0.139502640385446	0.195304981789614	0.203711319999936	0.165485575478715	0.109730627667898	0.0605224219893421	0.0285301399155269	0.0114885283405655	0.00443973543128973	0.0012780204579667	0.000421722652691715	0.000134147967618127	2.8114843512781e-05	4.81968745933389e-06	
0.0135675505192728	0.0606649652584456	0.134726106532185	0.191834045114137	0.202142261757256	0.167307376666677	0.114125764748667	0.0646805997624894	0.0306881048393585	0.0129794060948176	0.00502859460033535	0.00163167837591681	0.000444930050237672	0.000150455550442034	2.01143784013414e-05	8.04575136053655e-06	
0.0122700175975344	0.0568051306303263	0.128199003342566	0.188517206656822	0.201405711638501	0.16956044769157	0.117683913537233	0.0690711268534515	0.0338841007724256	0.0143780220628686	0.00562751134831858	0.00180559710975778	0.000608031810680127	0.000148790853142624	2.89538957466727e-05	6.43419905481616e-06	
0.0113633991105858	0.0537527081523214	0.122217368470924	0.183969665481959	0.201075391427383	0.172007220668843	0.121199151378688	0.0722813683938348	0.0370195789977468	0.0162746102589387	0.00589329277595851	0.00207578169040098	0.000657665456262437	0.000171844209572847	2.64993407285231e-05	1.44541858519217e-05	
0.010532241588662	0.0504094042517651	0.1169596795436	0.178693953858904	0.199448452647877	0.174932381643785	0.125079503767997	0.076122047117627	0.0399116946027381	0.0176377904698271	0.00684374859463036	0.00239715906535692	0.000785400859604376	0.000195145612355689	3.69411447257682e-05	1.44552305448658e-05	
0.00934916624882683	0.0468928787235957	0.112010002442756	0.173195414047132	0.198322855195999	0.177075699721012	0.129591416927013	0.079661967575629	0.0423360139365655	0.0194729432637791	0.00798957971741171	0.00282604363533511	0.00092567593628264	0.000283648963114385	5.14264409045911e-05	1.3660148365282e-05	1.60707627826847e-06	
0.00894569459837132	0.0440755553413964	0.106778939591063	0.167766106105141	0.196561139754895	0.178969305642558	0.133607992418767	0.0831711077916446	0.0451364461363016	0.0214041343420228	0.00890634285806068	0.00327904399363947	0.000973353250132511	0.000307586051815802	8.91437382547102e-05	2.24867087489359e-05	5.62167718723397e-06	
0.00814877996770951	0.0411479318212062	0.101506622436922	0.163288243150295	0.19388404602758	0.180548585647565	0.136938784344723	0.0883178641458491	0.0483018631966946	0.0229705008553614	0.00962461901547667	0.00364350270076141	0.0011535754425513	0.00037356925380744	0.00010742120173862	2.08429197403293e-05	1.76363167033555e-05	5.61155531470404e-06	
0.00767887887887888	0.0390182182182182	0.0963315315315315	0.157658458458458	0.190528928928929	0.181475875875876	0.141386986986987	0.0920600600600601	0.0518358358358358	0.025218018018018	0.0106402402402402	0.00414654654654655	0.00140620620620621	0.000455655655655656	0.000125725725725726	1.44144144144144e-05	1.6016016016016e-05	2.4024024024024e-06	
0.00691545479158198	0.0370315056907349	0.0920292974412258	0.153099975002456	0.188076570752234	0.182081153369118	0.143627263455747	0.0962756853759575	0.0547310447935227	0.0274262193091254	0.011756832196198	0.00457383180406398	0.00167395695151355	0.000528702052434146	0.000135769409235355	2.79525254308083e-05	7.18779225363642e-06	1.59728716747476e-06	
0.00643414556458035	0.0344744386048734	0.0883365185539099	0.148395445134576	0.185204650422042	0.180864787386527	0.146680203854117	0.0999562032170728	0.0586383182035356	0.0298343685300207	0.0132250358337315	0.00523331740723045	0.00189918776875299	0.000617932791845835	0.000172798216276477	2.0703933747412e-05	1.19445771619685e-05	
0.00613281306038131	0.0321424757277685	0.0834859562964344	0.145199031501698	0.182246960691019	0.181448379965028	0.148260257617998	0.103622623584751	0.0618126985493247	0.0320603860922624	0.0146167370405969	0.00576141723372274	0.00222439002618898	0.000714897116980122	0.000223156290696136	3.66613906143652e-05	1.03608277823206e-05	7.969867524862e-07	
0.00548643432037553	0.0302663505876214	0.0792987641160386	0.139665499855179	0.179992707095741	0.182399205919221	0.15102854685292	0.106357513486686	0.0648486004246481	0.034117865780241	0.0163715327785726	0.00650935590250488	0.00244080898575171	0.000868924807284606	0.000262512636911511	6.70245030412368e-05	1.75540365108001e-05	7.97910750490915e-07	
0.00526704181528057	0.0281161800010542	0.0760786055077524	0.134112701117939	0.17562369921238	0.182856996819809	0.154613832793185	0.11015025644384	0.0673742099437277	0.0367590801564699	0.0173512889277916	0.00751681540036706	0.0027385422872778	0.000999100729479302	0.000305879759704694	0.000119796250537087	1.43755500644504e-05	1.59728334049449e-06	
0.00477628416131058	0.0264139472936923	0.072839333351998	0.130242733784751	0.172254996460382	0.181874757526187	0.156547092913965	0.1140260851828	0.0706171733452787	0.0384518472005023	0.0188483643766473	0.00848468365416535	0.00307566782787459	0.0010438872601759	0.000339963283965332	0.000129586004711491	2.87968899358869e-05	4.79948165598115e-06	
0.00430281835805029	0.0247257724949933	0.0685877423792734	0.126172712419087	0.170369800260077	0.180842637266079	0.157664179738672	0.116563325268054	0.0745781762848727	0.0412018708881909	0.0203227394369698	0.00927186404152256	0.00360372061103709	0.00120177468207889	0.000424910327886464	0.000127473098365939	2.96635511920739e-05	8.81889359764359e-06	
0.00390406333757316	0.0227667522652068	0.0648549289200629	0.121052428972192	0.167096797994396	0.180245343273671	0.159886150198973	0.11970990595923	0.0783563476316579	0.043922316517845	0.02212195626615	0.00997589232869198	0.00406045042689665	0.00135294881891658	0.000483596999292649	0.000142753343074779	5.1327044701044e-05	1.60397014690763e-05	
0.00373899283433115	0.0213921001463885	0.0613998840423726	0.1164148912657	0.16350505953239	0.179227408282962	0.161921052715875	0.123119292210018	0.0811687375673884	0.0464487175791123	0.0238986427832393	0.0107060602274948	0.00460306935355224	0.00172174653968986	0.000498906090338039	0.000156959219432192	5.60568640829257e-05	1.68170592248777e-05	5.60568640829257e-06	
0.003287736654137	0.0199555919167993	0.0581824417394314	0.112036257252773	0.159700025080711	0.179166022287377	0.163163246581852	0.125688016788852	0.08427439419666	0.0491229363502838	0.0256400188786438	0.0118352109143562	0.00508825926243478	0.00198161656000019	0.000633027530287162	0.000181895252373653	4.56741382612256e-05	8.01300671249572e-06	9.61560805499487e-06	
0.00315526197652793	0.0187319630603476	0.0551273007118579	0.108133457320593	0.154900436093119	0.177331174244853	0.164823959468993	0.129640704162124	0.0878054255114474	0.0517852562047072	0.0270578144038992	0.0128751683447701	0.00551369204130058	0.00213797858013211	0.000707048034374399	0.000207625216443276	4.32886551657795e-05	1.20246264349388e-05	1.04213429102803e-05	
0.00294525031430656	0.0171272100367097	0.0526588377091148	0.103503369254464	0.151349100479792	0.174851158957997	0.16593388412578	0.132164611119059	0.0916080747014587	0.0553227506799652	0.0289202001011855	0.0139981313445767	0.00608711706750578	0.00236978756632808	0.000866391137234278	0.000217397038125206	6.07432900643959e-05	4.79552289982073e-06	7.99253816636788e-06	3.19701526654715e-06	
0.00265141221371004	0.0162670953129694	0.0495790972766243	0.0991709455587849	0.147698881816508	0.172092352345348	0.167195169281553	0.135175003566297	0.0944945142783369	0.0581939953921054	0.0313714583085951	0.0151434129500806	0.00675882987209944	0.00280522121799199	0.00103362838628853	0.00026458336487879	8.44754116781678e-05	9.56325415224541e-06	3.98468923010225e-06	5.57856492214316e-06	7.96937846020451e-07	
0.00240732132388296	0.015469475580944	0.0473045828561022	0.0952513310554035	0.143669319991629	0.170783234053293	0.166773694223867	0.137700536894955	0.0972960366257885	0.0607964447681895	0.0337783762801374	0.0165605176938916	0.00742962938114111	0.00302872012613277	0.00122282977666384	0.000392966851808366	0.000107826270313271	1.19806967014746e-05	7.98713113431639e-06	3.19485245372656e-06	1.59742622686328e-06	7.98713113431639e-07	1.59742622686328e-06	
0.00208000306610817	0.0140609804200249	0.0446885265274249	0.0909564181468889	0.140017342674317	0.168871496532264	0.168243104051255	0.140425358630855	0.100511656800293	0.0631913714606013	0.0359461259244236	0.0176700452410648	0.00806929404456397	0.00328329082834425	0.00133902692585927	0.000463908553323933	0.000143723820306898	2.15585730460347e-05	4.79079401022994e-06	6.38772534697326e-06	2.39539700511497e-06	1.59693133674331e-06	1.59693133674331e-06	
0.00194820645239589	0.0127847056212144	0.0417946175207636	0.087283641293673	0.135685393401968	0.167514615540619	0.167379678290433	0.143036678978693	0.104318471073126	0.0664617856110581	0.037864669914742	0.0194637002828093	0.00867430938476598	0.00365448398877705	0.00142762013806716	0.000484656277296848	0.000154898381870821	3.35347012297654e-05	1.83642411496334e-05	7.1860074063783e-06	3.99222633687683e-06	2.3953358021261e-06	1.59689053475073e-06	7.98445267375367e-07	
0.00188242281707209	0.0118006675496012	0.0391979825025686	0.0835818083553069	0.132008292878806	0.164308049952061	0.167521261079591	0.144826809916009	0.107067388022586	0.0699202724483711	0.0405662915392359	0.0209325736583746	0.00974580905462938	0.00419673314221712	0.00158704688733644	0.000589155232824089	0.000170040737928904	6.22684392415704e-05	1.2773013177758e-05	1.2773013177758e-05	2.39493997082963e-06	3.99156661804939e-06	1.59662664721975e-06	1.59662664721975e-06	
0.00175013044326813	0.0110337081336854	0.0368347891200357	0.0806286768073861	0.128063823600871	0.161903396304572	0.167466054877782	0.145429706014729	0.110396029745048	0.072916791135434	0.0429240003664361	0.0227086793565064	0.0105876120716781	0.00460753504044737	0.00178199444769723	0.000628517487363931	0.000215082029896402	7.40838102976496e-05	2.07116028789128e-05	7.96600110727415e-06	7.96600110727415e-06	1.03558014394564e-05	1.59320022145483e-06	7.96600110727415e-07	
0.00168777447253063	0.0102182870921909	0.0346997825336858	0.0763012717277057	0.124768608351057	0.159593499757353	0.166548596828291	0.147083409368184	0.11291354658154	0.0761562410600945	0.0457707224519427	0.0241101531826661	0.0118741866927191	0.0050633234175919	0.00207983539816098	0.000734715799656867	0.000273327027421156	7.64996928059211e-05	2.86873848022204e-05	4.78123080037007e-06	4.78123080037007e-06	7.96871800061678e-06	
0.00147849676853108	0.00971355621160137	0.0327415622755924	0.0729019388813532	0.120716508417777	0.156544322987313	0.166670390169951	0.148544642144738	0.115289236415862	0.0791861485677811	0.0478033990265699	0.026178887736376	0.0127998085055454	0.00582143142104843	0.00232107236894598	0.000848958748902896	0.000282454320593633	0.000118886140588845	2.55325939519668e-05	4.78736136599378e-06	6.3831484879917e-06	1.59578712199793e-06	
0.00129969535140963	0.0090634755213378	0.0309919354903211	0.0700907707233425	0.116742235619971	0.152165932305468	0.166110663660438	0.150762261325945	0.118122712036299	0.0820599651441702	0.050164241501792	0.0278774655220816	0.0140343103576522	0.0063985001915551	0.00263698189144465	0.00097897052930793	0.000311127071814367	0.00014396625430999	3.99906261972194e-05	3.99906261972194e-06	7.99812523944387e-07	
0.0012179087841571	0.00849733597467134	0.0293515216252877	0.0668456562854823	0.112998874175049	0.150070223931868	0.163693826859973	0.151999180053521	0.121301633006689	0.0850542333740637	0.0528369027162329	0.0299592749238907	0.0146981812241865	0.00688466780156655	0.00295388922074657	0.00111301328729675	0.000344313462976694	0.000126515179419343	4.88444680036705e-05	3.20291593466692e-06	8.0072898366673e-07	
0.00117761962325779	0.00799996797771249	0.0279882798427706	0.0640998134701752	0.109880476811861	0.146958282964944	0.162084010471288	0.152065837823125	0.12387501701184	0.0879940438545228	0.0557315891860735	0.0317549014113823	0.0159527030813446	0.00742436735968234	0.0031886192790182	0.00122245082577474	0.000406683051403777	0.000148903636931304	3.84267450145301e-05	6.40445750242169e-06	1.60111437560542e-06	
0.00102962059241185	0.0075977519550391	0.0262757255145103	0.0616140322806456	0.106227724554491	0.1442500850017	0.162030440608812	0.15344946898938	0.125412108242165	0.090287405748115	0.0579107582151643	0.0329558591171823	0.017229944598892	0.00817856357127143	0.00351527030540611	0.00129202584051681	0.000500810016200324	0.000172003440068801	5.36010720214404e-05	1.52003040060801e-05	1.60003200064001e-06	
0.000923905864080157	0.00708621386739469	0.0249382528251584	0.0589554419576556	0.102107610214204	0.141477688954361	0.160689166523224	0.154363533739777	0.128184332830282	0.0930695051018978	0.0602628408103791	0.0347585555364298	0.0182803661997766	0.00852971670356152	0.00394221184985329	0.00157720498460824	0.000534808593765637	0.000193748023489946	8.72666717372072e-05	2.56195733540425e-05	1.20091750097074e-05	
0.000798334718663158	0.00634098991902032	0.0236478606473084	0.0562777884204595	0.0985326191069712	0.138559967681872	0.160045271029026	0.154538685168368	0.129619580681903	0.096079904007464	0.063016342617047	0.0366167921211737	0.0194702295693241	0.00929066036548661	0.0042786252291405	0.00185075789698116	0.000677302045452177	0.000238859182893194	8.09556291013845e-05	2.80539308767174e-05	1.0420031468495e-05	
0.000745134989616183	0.00588897007922467	0.022043176165936	0.0534830654052252	0.0951561418352434	0.135056117478143	0.158101620388175	0.15609856934082	0.131648527036382	0.099010813270774	0.0654621118888291	0.0387638450888393	0.0207588198343717	0.010121016332077	0.00449725021152219	0.00199824372484168	0.00079641309642848	0.000269210060764557	7.29110581237341e-05	1.92292900546112e-05	8.81342460836346e-06	
0.000752415841043521	0.00541546684311367	0.0207689256272675	0.0510582805089768	0.0915080597628565	0.131394932394995	0.155783805313003	0.155799865416334	0.134129164987048	0.101908582679821	0.0686175944856029	0.0409131132349706	0.0224472064253261	0.011142499690843	0.00485577224203861	0.00211511560865383	0.000892138740020653	0.000322808076947167	0.000123662795646427	4.09532634932973e-05	9.6360619984229e-06	
0.000778012480448909	0.00518648112614283	0.0192100553074157	0.0488438653917474	0.0890425205991905	0.128200332166986	0.154006965831949	0.155509779576568	0.135874034538917	0.104550365222439	0.0710829288743409	0.0427552122805037	0.0236838286276344	0.0119620426657207	0.00545656836028831	0.00237838012157957	0.000946514665333699	0.000331360755921763	0.000146733960043214	4.75676024315913e-05	6.44984439750391e-06	
0.00066039759321766	0.00479050317619795	0.0182427779596537	0.0461471968984697	0.0854525457158016	0.125051404574564	0.151522139849471	0.155826416226267	0.137644920582956	0.106860232776041	0.0736484427034533	0.045513408732085	0.0254144216642664	0.0130071716437046	0.00580891851225888	0.00268997114893054	0.00108937380761546	0.000413655635312161	0.000149174059518031	5.3218853665892e-05	1.12888477473104e-05	1.61269253533006e-06	8.06346267665031e-07	
0.000602287562438893	0.00452280821016445	0.0170965702710536	0.0435875347465831	0.0827959706477659	0.12261638238317	0.14902822597248	0.155531478406053	0.138666619301782	0.108871954148639	0.0762911035022295	0.047506440682345	0.0271190874293866	0.0142425668753144	0.00670428407304634	0.00288629763501212	0.00122637373638697	0.000455348773747367	0.000162278552346136	7.02399704184768e-05	8.07355981821573e-06	4.03677990910786e-06	4.03677990910786e-06	
0.000483612780918574	0.00418889270405638	0.0161873257986462	0.0419010173600868	0.079489820756983	0.1202487059328	0.147424520135218	0.154152379939097	0.139801170665338	0.111421160638433	0.0786684850507229	0.0499007787777815	0.0284509399014397	0.0152249363646182	0.00724371343685871	0.00317169382152432	0.00128560397594188	0.000513435569075219	0.000159592217703129	6.28696615194146e-05	1.04782769199024e-05	8.06021301530957e-06	8.06021301530957e-07	
0.000449733061666624	0.00387350733758027	0.0156278209063008	0.039513643514817	0.0768801743481289	0.116859670389188	0.146070558120341	0.1540190661027	0.140186953550151	0.113206999716297	0.081050279833905	0.0517708843783045	0.0306084453098806	0.0162484202924716	0.00786629871302195	0.00344392360663348	0.00147090114254765	0.000550479715265778	0.00018698578908003	6.52838315322518e-05	3.54628220669022e-05	7.25375905913909e-06	4.02986614396616e-06	3.22389291517293e-06	
0.000406793204861863	0.00358380785827808	0.0145785018249307	0.0379058769132371	0.0729053976222333	0.113668493342688	0.144054737449221	0.153472201524548	0.141666337741468	0.115251361951705	0.0837720121441868	0.0543089066768056	0.0319578352801677	0.0174333040388524	0.00866670909130453	0.0038810488337118	0.00155628608275865	0.000617842352730791	0.000181244497215682	7.24977988862727e-05	3.78599616406091e-05	1.44995597772545e-05	4.83318659241818e-06	1.61106219747273e-06	
0.000390661423550935	0.00320969354781664	0.0133845748221124	0.036085540382816	0.0702217927983255	0.109902061341882	0.140779586574108	0.152804080884599	0.14292420525319	0.117777184729801	0.0867782811540428	0.0570413908189742	0.0341635826385562	0.0184326277848693	0.00904549999839234	0.00420805051911347	0.00174672278472466	0.000738719852352489	0.000216230294105353	6.91293877065441e-05	4.01915044805489e-05	3.05455434052172e-05	5.62681062727685e-06	4.01915044805489e-06	
0.000365528425045431	0.00288013954207946	0.0124231568670046	0.0338618799543731	0.067714140739666	0.106478590535219	0.138039885884591	0.151585279144279	0.14402541384471	0.120714159176407	0.0890197986547592	0.0596099907896456	0.0363075536929994	0.0195806202600542	0.00980193329266562	0.00452261266251386	0.00191020665983171	0.000771938318681468	0.000244487214120299	6.65325861376551e-05	3.36670917805002e-05	2.56511175470478e-05	9.61916908014291e-06	3.20638969338097e-06	4.00798711672621e-06	
0.000349224234723438	0.00285293024705417	0.0120382468463933	0.0320615018240373	0.065436790013945	0.102850932396741	0.134884464316396	0.150590764337573	0.145079094893894	0.121841698332594	0.0921001002920857	0.0612972441652782	0.0385145583352313	0.0209534540834063	0.0106325593661221	0.00507533893530561	0.00219763534436946	0.000849485953114449	0.000255724840072082	7.4320031645949e-05	4.31535667621639e-05	1.03888216279283e-05	7.99140125225258e-07	7.99140125225258e-06	7.99140125225258e-07	7.99140125225258e-07	
0.000324052584100404	0.00270786938212647	0.0112813293958688	0.0307945498654823	0.0624099798641527	0.100158523020871	0.132363935734083	0.148521977851364	0.14541282467959	0.124350202911059	0.0933980058425009	0.064449839128195	0.040261344029988	0.0227640968845569	0.0113744845613228	0.00551685590966019	0.00246502899355	0.00092438587258125	0.000382971235755023	9.71361554305879e-05	2.5478335850646e-05	9.55437594399225e-06	2.38859398599806e-06	1.59239599066537e-06	1.59239599066537e-06	
0.000265630865352192	0.00251394959694095	0.0103993688483391	0.0292917676700197	0.0599657702022612	0.0969719671953834	0.129573781756409	0.14755715040115	0.145172835028917	0.126620030157852	0.0962037054710415	0.0669238673309029	0.0419354787399871	0.0239576772091899	0.0124170500022268	0.00585262735966101	0.00264437912364083	0.00113171473471907	0.000409580525917301	0.000143154358573037	3.89697976115491e-05	7.15771792865187e-06	7.9530199207243e-07	0	1.59060398414486e-06	
0.000287593029573486	0.00237005336005851	0.0101693213919821	0.0273978168422763	0.0577607895185486	0.0944093827026734	0.126838882577598	0.145402574475441	0.145443203961614	0.127850636448951	0.0989702416896768	0.0696405326127309	0.0441084855080199	0.025320136451341	0.013024538616335	0.00629199376058557	0.00284804731502829	0.00114638883533586	0.000475603985194934	0.000180044389705285	5.33759916382924e-05	8.76322250777935e-06	7.96656591616305e-07	0	0	7.96656591616305e-07	
0.000204237774255031	0.00212455153453573	0.00952418183225218	0.0265900030396325	0.055051653807399	0.0915759098354051	0.124948043027155	0.144211813719194	0.144779850028841	0.129098218424322	0.102084581563871	0.0711664928784043	0.0457101690466484	0.0270319863479813	0.0137549354137929	0.00686031492507426	0.00305399296815726	0.00141610175508859	0.000500222986163689	0.00022976749603691	6.1430893037646e-05	1.59560761136743e-05	5.584626639786e-06	
