# <P(N_2)> as a function of N_tot.
# number_of_species: 2
# species_total_upper_bound: 100
# species_total_lower_bound: 0
# volume: 512
# Bin widths for each species index 
1	1	1	1	1	1	1	1	1	1	1	1	1	1	1	1	1	1	1	1	1	1	1	1	1	1	1	1	1	1	1	1	1	1	1	1	1	1	1	1	1	1	1	1	1	1	1	1	1	1	1	1	1	1	1	1	1	1	1	1	1	1	1	1	1	1	1	1	1	1	1	1	1	1	1	1	1	1	1	1	1	1	1	1	1	1	1	1	1	1	1	1	1	1	1	1	1	1	1	1	1	
# Bin lower bound for each species index 
0	0	0	0	0	0	0	0	0	0	0	0	0	0	0	0	0	0	0	0	0	0	0	0	0	0	0	0	0	0	0	0	0	0	0	0	0	0	0	0	0	0	0	0	0	0	0	0	0	0	0	0	0	0	0	0	0	0	0	0	0	0	0	0	0	0	0	0	0	0	0	0	0	0	0	0	0	0	0	0	0	0	0	0	0	0	0	0	0	0	0	0	0	0	0	0	0	0	0	0	0	
# Bin upper bound for each species index 
0	1	2	3	4	5	6	7	6	5	6	6	6	7	6	6	7	7	7	8	7	8	9	9	9	9	9	9	9	10	10	11	10	10	11	11	11	11	11	12	12	12	13	13	13	13	13	12	13	13	14	14	13	14	15	15	15	15	16	16	16	16	17	15	15	15	16	16	17	16	16	17	17	18	18	18	18	18	18	19	19	20	20	20	20	19	19	19	19	20	19	21	22	22	22	23	23	24	24	25	20	
# Normalized histogram for each species index 
1	
0.920549119652043	0.079450880347957	
0.844659887576581	0.149813680288006	0.00552643213541338	
0.779783885858162	0.201122534620227	0.0185165757448594	0.000577003776751993	
0.720695847129527	0.245103432527532	0.0325711260807739	0.00157769635572901	5.18979064384543e-05	
0.661380979732502	0.284483465988348	0.0500738491835563	0.00391810946090096	0.000112825141544268	3.07704931484369e-05	
0.608759229319631	0.314522855760022	0.069210886735524	0.00715690615699884	0.000247144960817226	5.14885335035888e-05	5.14885335035888e-05	
0.560451954018231	0.339255227787722	0.0868004180160791	0.0124784007780893	0.000807060746841599	0.000113816259169969	2.06938653036307e-05	7.24285285627076e-05	
0.516031581857841	0.355224216853898	0.10781251600086	0.0189757401357897	0.00187402074735538	7.16838537239762e-05	1.02405505319966e-05	
0.475827335195645	0.368054564361886	0.127439186020431	0.0254776420692046	0.0029871745203189	0.000214097832514324	
0.437286862617733	0.373629831113998	0.149267213380968	0.0344978077297824	0.00494275738876259	0.00036537836960052	1.014939915557e-05	
0.404402759634226	0.378388308295232	0.164690153494448	0.0439255388634879	0.00763389941214892	0.000867488569562378	9.185173089484e-05	
0.372546783474159	0.385786117878804	0.179337514903323	0.0515991913327458	0.00912342543154839	0.00137888134363175	0.00022808563578871	
0.341728312389482	0.386228328084292	0.196007240538646	0.0615341152836052	0.0123675096523077	0.00190430351668358	0.000219727328848106	1.04632061356241e-05	
0.315402497133661	0.377641502487667	0.213823643879708	0.0739988850203536	0.0161672048722507	0.00278744911590529	0.000178817490454302	
0.284618558446092	0.376299948160765	0.226304708906827	0.0872274472879617	0.0210953947716429	0.00421061540577426	0.000243327020936703	
0.260738650720121	0.36630379853449	0.239008675145288	0.101153878547966	0.0268782110671271	0.00529562873747157	0.000610629158595132	1.05280889412954e-05	
0.243061129652317	0.359638376071987	0.245426893667357	0.108930759156774	0.0343352625575599	0.00772041738836551	0.000813231380169828	7.39301254699844e-05	
0.222699849972867	0.347403253779939	0.25857867912282	0.120777161827139	0.0396667482417033	0.0091718715086771	0.00157475288084015	0.000127682666014066	
0.204966164011296	0.33616454414664	0.264826557254756	0.134171684339532	0.0460915436670752	0.0116587627217989	0.00198220280279214	0.000127884051793041	1.06570043160867e-05	
0.1928014525259	0.324981309409377	0.26855708640393	0.142571825269679	0.0531560397308555	0.0145145786606857	0.00293709281213286	0.000480615187439923	
0.175710566632027	0.316709698846166	0.275077404356071	0.151273288265607	0.0602093399470758	0.0158986940358471	0.00414608799991429	0.00091063948318531	6.42804341071983e-05	
0.158259650636187	0.305876644382144	0.281550571490188	0.162346344619366	0.0653763208971318	0.0200992020703041	0.0052512400258788	0.00113219754151391	9.70455035583351e-05	1.07828337287039e-05	
0.1470820658822	0.291923314244888	0.281303787739372	0.173582168721651	0.0724747502083852	0.0250603505201511	0.00692813146129448	0.00147222793552508	0.000129902464899271	4.33008216330905e-05	
0.13923764645128	0.283230588817524	0.280132115461167	0.177742633056838	0.0806248587935319	0.0284457067854415	0.00871445631475325	0.00166758114665031	0.000172137408686484	3.22757641287157e-05	
0.127023994014856	0.274568481804093	0.283653075402127	0.184780633784	0.0857906268369583	0.0314326938491957	0.00995030192914017	0.00239405760701117	0.000374071501095495	3.2063271522471e-05	
0.116282770840185	0.258272946219218	0.282208523866614	0.19530412825056	0.0960393833618028	0.0370173893669167	0.0111190094744995	0.00305560565711436	0.000647194253763806	5.30487093249021e-05	
0.105692358598311	0.246373563034359	0.278672601321421	0.203475402136903	0.106215376733165	0.041627973998527	0.0137265575800271	0.00334091175936896	0.000747168764076126	0.000128086073841622	
0.1005720039419	0.238313552422983	0.275665195595355	0.206285616350315	0.112676207206821	0.0461566476712798	0.0145143322336004	0.00452033077681135	0.0010390333776083	0.000257080423325764	
0.0929660444294282	0.230921108201706	0.274917645071374	0.207576653433567	0.119319621589661	0.0504687895937157	0.0170728102035645	0.00485682912408143	0.00165765689669736	0.000211166483655714	3.16749725483571e-05	
0.0862514128101702	0.21892595319321	0.271249183421645	0.216012194236771	0.125602712595527	0.0540756333018799	0.020064496728502	0.00591047190451996	0.00153464884538413	0.000311077468658945	6.2215493731789e-05	
0.0772153602451676	0.208009359437605	0.266112416784868	0.224067421081512	0.134158841251928	0.0589106194415398	0.0221872508722706	0.00722664540776709	0.00169795107001977	0.000352014246223612	5.1766800915237e-05	1.03533601830474e-05	
0.0700590884674187	0.196024957646378	0.264379571092104	0.225910086360068	0.141791661501591	0.0663918846328664	0.0238833106069997	0.00868765753481261	0.00247923639519028	0.000299574397752159	9.29713648196355e-05	
0.0648439589376453	0.189018494517476	0.260497027299471	0.22836306033862	0.145466888847744	0.0720957024419346	0.0264971507334033	0.00975128062704437	0.0028081219527248	0.000534880371947582	0.000123433931987903	
0.0586759510521735	0.176570580103425	0.253637806563924	0.232000409605243	0.155537350878091	0.0769136244943935	0.032061850391685	0.0103118119911935	0.00346116430290308	0.000552967077978598	0.000266243407915621	1.02401310736777e-05	
0.0525346740988781	0.169116531274975	0.247427895072282	0.236067132697346	0.159849872027031	0.0823174741272041	0.0353771914738642	0.01256461876195	0.00369250068285972	0.000849780979069085	0.000182095924086233	2.02328804540258e-05	
0.0497601618281777	0.158203066323516	0.242161447641174	0.237384712444547	0.167996875594588	0.0864118406953805	0.0375128931793829	0.0147107421464265	0.00412581740253758	0.00135190618772469	0.00028039535745401	0.000100141199090718	
0.0457493618331529	0.151491373573436	0.231746441661121	0.237139820618004	0.174882547502458	0.0929886073560524	0.0438224455944139	0.014988229918851	0.00500600919754864	0.00178786042769594	0.000327774411744256	6.9527905521509e-05	
0.0434506693108577	0.139652949925632	0.227694595934556	0.235567674764502	0.178760535448686	0.101378284581061	0.0482002974714923	0.0168567178978681	0.00579077838373823	0.00196331184928111	0.000585027268220129	9.91571641051066e-05	
0.0408458431000948	0.133130517181188	0.218233504563363	0.234452147025086	0.18217545259588	0.110218941698668	0.0506209166625106	0.0204678070919156	0.00642361976958755	0.00248366665004239	0.0007480923644706	0.000189516732332552	9.974564859608e-06	
0.0356093138182869	0.126605358334911	0.212569868582303	0.234060996144151	0.185070790199966	0.115087628403758	0.0567616846174539	0.0226369224944454	0.00826965038309404	0.00255063915430371	0.000667550091165423	4.98171709824942e-05	5.97806051789931e-05	
0.0309463402894074	0.120827107630289	0.206405872383951	0.229660753502271	0.188636295263786	0.122371416251341	0.0614514495442284	0.0262632745359553	0.00917559992378737	0.00299836543957642	0.0010027978058784	0.000180503605058112	8.02238244702721e-05	
0.0278338809674535	0.111606828846753	0.20150925953838	0.22925270551352	0.192867693606246	0.125574010992876	0.0681879842040213	0.0288990042102513	0.009777027502286	0.00301449974376752	0.000954591585526382	0.000411981631648228	8.03866598338006e-05	3.01449974376752e-05	
0.0271153283788281	0.105950448224748	0.191108108380643	0.226108965503333	0.195484475995523	0.134023737256602	0.0717966299952606	0.0322177293307384	0.0113039357057145	0.00315622825681413	0.00112938519093668	0.000373100464863012	0.000211759723300628	2.01675926952979e-05	
0.0256606664113367	0.0989034247817936	0.184653994234917	0.223578382954706	0.197605273236711	0.138392227216836	0.0767401076417586	0.0353060936523615	0.0132133282267331	0.00418270878268056	0.00111874861416275	0.000473704368159003	0.000131024612469512	4.03152653752343e-05	
0.0233751425313569	0.0905099121806797	0.175988717517854	0.221888815539419	0.201154253935866	0.143911660565324	0.08132789213627	0.0394186721078637	0.0152433535377783	0.00519114205125128	0.00130028606293385	0.000550121026625858	7.00154033887455e-05	7.00154033887455e-05	
0.0216466216486195	0.0869660766372318	0.168587925040956	0.218104447197027	0.202431374115955	0.147950213769129	0.0862768210332841	0.0428037719263196	0.0175610340831902	0.00564390458305031	0.00146841411275822	0.000469492947616574	7.99136932113318e-05	9.98921165141647e-06	
0.0195821677281114	0.0821578080669801	0.162758169156598	0.213231355276472	0.201674503501776	0.150348193559907	0.0937245798861179	0.0476856536317283	0.019899609150249	0.00650754915382021	0.00173600777731484	0.000565442533182549	0.000128960577743388	
0.0190276313433727	0.0782291272951521	0.158437605681434	0.210776024985578	0.200968787920985	0.15248960592015	0.0968290596590344	0.0497722254272017	0.0225486880582466	0.00765879567924566	0.00248662197378106	0.000626628737392827	0.000139250830531739	9.94648789512423e-06	
0.0180868286965763	0.0721883970163189	0.150147495555269	0.206781815834169	0.206414318491076	0.157755683793367	0.0994825240114818	0.0522243521617783	0.0234801005154895	0.00953506619918356	0.00293004638412411	0.000754859407435365	0.000129120688113944	8.93912456173459e-05	
0.0175751805125764	0.0692890581607554	0.144350551456003	0.201668253590415	0.204485043243672	0.161290962469253	0.103695548678886	0.0564448940728398	0.0252221693247639	0.0107018170276918	0.00382845354280727	0.00118027453780846	0.000168610648258351	7.93461874156947e-05	1.98365468539237e-05	
0.0154981915473418	0.0641728187088143	0.142119605608681	0.194767873953327	0.204756478224248	0.162770648565625	0.110062924243175	0.0583956795322796	0.029054154486449	0.0117029182975772	0.00472675023534658	0.00154585542288064	0.00036664519645246	4.95466481692513e-05	9.90932963385027e-06	
0.0131674836030388	0.0591089237404039	0.136566471334019	0.193598945802677	0.200706791386729	0.168931127771511	0.112966826726298	0.0642201834862385	0.0300785656527338	0.0129079274440706	0.0053608329756117	0.0017869443252039	0.00042926595521658	0.000169709796248415	
0.0123808480333078	0.0551211689592319	0.126378278235405	0.188023546520314	0.201569768020957	0.173750211659711	0.11832026853392	0.0687371136587747	0.0346325089395101	0.0130282777373826	0.00549817225614311	0.00165343585963724	0.000727113359960955	9.96045698576651e-05	7.96836558861321e-05	
0.0115929071673372	0.0544975910197189	0.12087617344658	0.180708289872349	0.198847663040779	0.174628719018527	0.122912631003825	0.0733422738787066	0.037540356628421	0.0165300750012417	0.00565241146376596	0.00217553270749516	0.000516564843788804	0.000149009089554463	1.98678786072617e-05	9.93393930363086e-06	
0.00973243310827707	0.0514628657164291	0.118829707426857	0.174533633408352	0.19805951487872	0.174853713428357	0.12576144036009	0.0795298824706177	0.038909727431858	0.0180545136284071	0.00663165791447862	0.00267066766691673	0.00070017504376094	0.000180045011252813	3.00075018754689e-05	6.00150037509377e-05	
0.00932319055838786	0.048462526594677	0.115129862309823	0.169684075308097	0.196850788808157	0.175615190076673	0.127353378025772	0.0841796796595881	0.0425514832804785	0.0187868812974188	0.00773754566255871	0.0031813255188471	0.000953394082935249	0.000170607362209466	0	2.00714543775842e-05	
0.00878399936188881	0.0446079604371062	0.110762144053601	0.168172210257637	0.19473358857781	0.177584350323044	0.131610433117971	0.0844101459679349	0.0450466618808327	0.0207884661402249	0.00847491425380873	0.00350961154981256	0.00125628140703518	0.000249262183935551	0	9.97048735742203e-06	
0.00741304696265427	0.0411023401186087	0.10395295720468	0.167745231607629	0.193901266228562	0.178594326013784	0.137151386440135	0.0865924026286264	0.0469626542715179	0.021948629588075	0.00900585029652188	0.00375661163648021	0.00127223914088796	0.000520916813591922	2.00352620612278e-05	0	6.01057861836833e-05	
0.00781304638871404	0.0393250007493331	0.0979228486646884	0.16014746875281	0.191229805473129	0.18307706141534	0.141254283687518	0.0884013228226878	0.0511944369511135	0.0236589435402492	0.00951153473408666	0.00415630089220594	0.00165852391371679	0.000459590964042003	0.000129884402881436	0	5.99466474837395e-05	
0.00703474526450044	0.0383124582747935	0.0914516884385058	0.156667563447224	0.187905419543838	0.18334180292749	0.145119022708477	0.0942715650813579	0.051794059327016	0.0269333094191851	0.0109706154903895	0.00374654988590958	0.00174373997349515	0.00047828296415867	0.000169391883139529	0	5.97853705198338e-05	
0.0068749938174516	0.0347112997200542	0.0885340930448804	0.148579003076436	0.18844407514022	0.180045701397751	0.146709400441187	0.101136599697302	0.0556132593405941	0.0290827076594356	0.013413657002107	0.00473830509145226	0.00140467499579587	0.000524280104064655	8.90286969166395e-05	9.89207743518216e-06	8.90286969166395e-05	
0.00604190770021854	0.0333540993008791	0.0845372650231887	0.146370405529681	0.184461123142188	0.180990239995253	0.144976119137322	0.105362563904793	0.0602509715506245	0.0306248578520079	0.0153272617599652	0.0055079256776133	0.00165138884768657	0.000435096462863528	8.89970037675398e-05	0	9.88855597417109e-06	9.88855597417109e-06	
0.00580274578493635	0.0312252306909475	0.0810427328682004	0.141487186010784	0.181137651306841	0.1826152476197	0.149550360592213	0.104048222480992	0.0647989588327968	0.0323114107619896	0.0168798254283562	0.00638008474161635	0.00200600823931189	0.000547982738543736	0.000136995684635934	2.93562181362716e-05	
0.00496602962021604	0.029835280316731	0.0797106407937827	0.139175912801212	0.176254948922235	0.182266972970331	0.153722078302947	0.108196881568014	0.0654381934600909	0.0340876875702625	0.0159636345862457	0.00727308275086759	0.00252211740554279	0.000469231145217264	9.775648858693e-05	1.9551297717386e-05	
0.00442542430579196	0.0269610465399018	0.0760005835724359	0.13748966590478	0.174925837669601	0.180498954432719	0.154403540339445	0.111627680785878	0.0692311433156641	0.0360939551621845	0.0171375772017702	0.00733356027816953	0.0026455283762097	0.000972620726547683	0.000243155181636921	9.72620726547683e-06	
0.00417478161939104	0.0249040667965059	0.0678859985730539	0.131230837463121	0.177442681116103	0.182070614550994	0.15504541159683	0.111523554252878	0.0736998399506354	0.0400316242118051	0.0186949227713608	0.00826278948687788	0.0033552517402958	0.00128232322258432	0.000327811951638096	5.78491679361345e-05	9.64152798935575e-06	
0.00440950920245399	0.0234375	0.0649252300613497	0.123399156441718	0.171453220858896	0.182275690184049	0.160285659509202	0.114973159509202	0.0754792944785276	0.0443251533742331	0.020676763803681	0.00877108895705521	0.00401648773006135	0.00105444785276074	0.00040260736196319	6.7101226993865e-05	4.79294478527607e-05	
0.00400853368029313	0.0220995532254824	0.0620031188114076	0.116151807666919	0.165823184440384	0.181149368105848	0.161910319821673	0.123365254910215	0.0779607182833144	0.0459307164656022	0.0230179762166713	0.00983477953064758	0.00441991064509648	0.0016933423900045	0.000516612932543745	8.61021554239574e-05	1.9133812316435e-05	9.56690615821749e-06	
0.00390752197981114	0.0198919685099699	0.0586032524374126	0.114055586415615	0.160016855977168	0.180349378435842	0.162966651981535	0.125442948263643	0.0838584864098684	0.0468902637577336	0.0254467791675446	0.0111000440553949	0.00482693891623729	0.00164728867776352	0.000861953377899515	0.000114927117053269	1.91545195088781e-05	
0.00345643078042569	0.0187183439770976	0.0548337370623211	0.109897264536637	0.157138343402622	0.178020547092673	0.164769300000957	0.127610275461256	0.0874544009651197	0.0506879350459102	0.0269046274044216	0.0122267648382371	0.00557241749088019	0.00171385348946315	0.000823415642982297	0.000105320605497736	6.7022203498559e-05	
0.00279873913458783	0.0174419715350081	0.0525551628617824	0.105482854140797	0.152899035246919	0.178202311586589	0.165173368994173	0.130862546566052	0.0884611710765116	0.0545610851084153	0.0283599197631101	0.0136880313305951	0.00601776673989875	0.00224472251408922	0.000974305091221702	0.000162384181870284	0.000105072117680772	9.55201069825198e-06	
0.00246731760498054	0.0173955454397659	0.0499392733845286	0.0997255348245622	0.149473543278472	0.177101762506336	0.167834976617862	0.133168207943233	0.0928878135549456	0.0559354289594231	0.0290627062075033	0.0140770988935324	0.00677077854390008	0.00268727227519198	0.00115715283024281	0.000153011944494917	0.000133885451433052	2.8689739592797e-05	
0.00202151193836296	0.0155904340529407	0.047715310092303	0.0942005492409795	0.147360591959722	0.175394766954001	0.170913113128385	0.135527118773362	0.0946963917918987	0.0581089327942635	0.0316862460904722	0.0150945915020215	0.00708482721794187	0.00290830726981463	0.00122053550995499	0.000352811045846365	8.58189030437104e-05	1.90708673430468e-05	1.90708673430468e-05	
0.00168837204890588	0.0135354320999364	0.0449600197292914	0.0908590778453337	0.141178256044467	0.171379248200176	0.173864380092386	0.140419437146082	0.0984757225378698	0.0617109469111328	0.033549280544832	0.0154799055270472	0.00743642520416971	0.00326292126305406	0.00156506397791837	0.000426835630341374	0.000161249015906741	2.84557086894249e-05	1.89704724596166e-05	
0.00223046227977714	0.0129686794157506	0.041070621894293	0.0865645234151483	0.134702981478693	0.170588013853335	0.17108680921548	0.144923580786026	0.103871781358229	0.064410480349345	0.03518860111429	0.0188036440295136	0.00767015509712393	0.00375508206595392	0.0013646288209607	0.000461150429152236	0.000244692064448125	6.58786327360337e-05	2.82336997440145e-05	
0.00184576940187606	0.0122388709570551	0.0379755222580859	0.0830312266320861	0.13083192139862	0.166611451342679	0.168921029466052	0.148011775062236	0.107338589832177	0.0684165191628726	0.0381459009721052	0.0201804121271782	0.0101469989682622	0.00394710687478111	0.00137249519626681	0.000463808721497061	0.000302895491589917	0.000198775166355883	1.89309682243698e-05	
0.00195810045245428	0.0111022394585757	0.0358826660583248	0.0791129614843542	0.127409604197559	0.162988099311813	0.168691304513136	0.149347933538649	0.112847420250181	0.0712805596745371	0.040340671457359	0.0207976883008251	0.010931143302536	0.00458157484506293	0.0016254134823771	0.000541804494125699	0.000275654918063952	0.000247138892057336	3.8021368008821e-05	
0.00189243694266298	0.0102363634625861	0.0351534498743154	0.074235140069007	0.122425377770556	0.160732889215977	0.166209487034895	0.151643457233792	0.116126812390683	0.0759746528142831	0.043363567721525	0.0215049652575339	0.0117751631987919	0.00542880900723523	0.00216961205042675	0.000506561403844132	0.000410983780477315	0.000114693148040181	9.55776233668174e-05	
0.00130076600664836	0.00975092739798622	0.03291419762008	0.0742014742014742	0.11980536686419	0.156814568579274	0.163096786626198	0.151794575323987	0.117155658332129	0.0807342101459749	0.0460567519391049	0.0251096015801898	0.0114852820735174	0.00569446451799393	0.00261116731704967	0.000819000819000819	0.000260153201329672	0.000279423808835574	9.63530375295081e-05	1.92706075059016e-05	
0.00112533954210322	0.00894450911913077	0.0322856034148234	0.0725164920450136	0.116113698098564	0.150795498641832	0.16697710516104	0.150863407062476	0.116336825766395	0.0822467986030268	0.0496604578967792	0.0265424912689173	0.0140958478851378	0.00711098176173846	0.00263872720217307	0.000853705859526581	0.000426852929763291	0.000271633682576639	0.000164920450135817	2.91036088474971e-05	
0.00131609963070637	0.00871179382415337	0.0307122652628271	0.0670326864147089	0.114520311149525	0.148110316649642	0.165749980356722	0.151125559833425	0.120855268327178	0.0842794845603834	0.052172546554569	0.0289934784316807	0.0135931484246091	0.00762159189125481	0.00326078415966056	0.00112948848903905	0.000412508839475132	0.00022589769780781	0.000147324585526833	1.96432780702444e-05	9.82163903512218e-06	
0.0012576996969637	0.00803145239557131	0.0287785458218622	0.063746558656341	0.111638178613163	0.14757669987522	0.163807958169106	0.155865634098517	0.122511834260928	0.0856919328962744	0.0539028303194755	0.0301649864326883	0.0148151082413991	0.00680346214026818	0.00347600467428549	0.00112895878310127	0.000435738477688209	0.000247578680504664	4.95157361009329e-05	4.95157361009329e-05	1.98062944403732e-05	
0.00128808075966809	0.00855724969795005	0.0257915705598658	0.0606096915595762	0.108348560644639	0.144414821915346	0.164345125762614	0.154909185313882	0.127679757161829	0.0884382270417079	0.057045002945611	0.0297057384497099	0.0157964632697281	0.0073889904042976	0.00335500104843783	0.00113830392714855	0.000599107330078184	0.00035946439804691	0.000109836343847667	0.000109836343847667	9.98512216796973e-06	
0.000804249615250956	0.00772476790944745	0.0251303182246934	0.0597229806880802	0.101742540833044	0.142381968922206	0.161932184878121	0.157563421536017	0.130318224693442	0.0933426004070893	0.0567542074169687	0.0327160800278012	0.0156779029935958	0.00801270912972248	0.00357444273444869	0.00152906716973638	0.000466663356997468	0.000327657250657797	0.000158864121531053	8.93610683612173e-05	2.97870227870724e-05	
0.000818959920900456	0.00594245308458258	0.0246886454203162	0.0565681584387827	0.0984050256174658	0.140771220549902	0.160865700560288	0.154993158688466	0.129465578715032	0.0983251270885975	0.0592946957364148	0.0345760883677729	0.0183566870075005	0.00891867328492814	0.00461414004214647	0.00226712075663907	0.000579264334295445	0.00036953069601606	0.000109860477193964	6.99112127597951e-05	
0.000763558181124038	0.00563626499487612	0.0224445917977776	0.0541021158599072	0.0980468985472301	0.135863122149215	0.158217292583439	0.154861655313762	0.13135210078968	0.0976651194566681	0.0659774549400205	0.0366306990576085	0.0199127936182611	0.00963489862760464	0.00501336226816967	0.00253179817951655	0.000964494544577732	0.000281310908835172	9.04213635541624e-05	1.00468181726847e-05	
0.00080985594687345	0.00511221566463865	0.0204994786552342	0.0505755038822469	0.0911897796179505	0.133626231234119	0.155380986607007	0.157132300092121	0.136086168672747	0.0990453823026229	0.0695160098397498	0.0409888341111325	0.020529848253242	0.0101029529372463	0.00502110687061539	0.00238907504327668	0.00125527671765385	0.000577022362147333	0.000141724790702854	2.02463986718362e-05	
0.000688372666468032	0.00491107663539879	0.0186271588702469	0.0480216991503221	0.0903720294664598	0.128982544102085	0.153887250721764	0.157411307805324	0.137756727044826	0.103255899970205	0.0702962057309593	0.0423811529728452	0.0231683636251554	0.0109728657878785	0.00513710945125397	0.00239389300428435	0.000976050795738254	0.000410968756100317	0.000256855472562698	9.24679701225714e-05	
0.000573858687298253	0.00435517753753138	0.0170927909002408	0.0461136445150382	0.0862017728134447	0.127683557923861	0.150350976072142	0.15418353230517	0.139734590357125	0.106686478454681	0.0740790080442691	0.0446380078905569	0.0252190398114464	0.0135164215811856	0.00531844033406774	0.00246964185069427	0.000953015319977456	0.000502126351385971	0.000266434390531332	5.12373827944869e-05	1.02474765588974e-05	
0.000491848633583015	0.00420120707852159	0.0160977959033108	0.0438462563146192	0.0854484532385159	0.124304495291574	0.148620262114334	0.153036652970048	0.137953294873503	0.110061378610733	0.0749966697748768	0.0474736399872939	0.0273283397034563	0.0147657058540234	0.00641452592964515	0.00262319271244275	0.00150628644034798	0.000307405395989384	0.000327899089055343	0.00019469008412661	
0.000559221563583492	0.00372136531402833	0.0145702636475481	0.0425516771563075	0.0801618692234954	0.122001809844333	0.147400636495816	0.149698528738905	0.140954337017417	0.112332360626735	0.0800398572459863	0.0488657969924048	0.029374383585322	0.0161055810312046	0.00689367672926559	0.00274526949395532	0.00112861079195941	0.000518550904413783	0.000254191619810678	8.1341318339417e-05	3.05029943772814e-05	1.01676647924271e-05	
0.000447409094606687	0.00432156511836004	0.0148763523956723	0.0384670137476613	0.0778390140730497	0.115848450337591	0.147360286341821	0.149343122102009	0.140557634426096	0.115370536077442	0.0823944521272269	0.0508114374034003	0.0301289351663548	0.017631985682909	0.0083685837468478	0.0037521353615879	0.0015659318311234	0.000447409094606687	0.000264378101358497	8.13471081103067e-05	3.0505165541365e-05	6.101033108273e-05	3.0505165541365e-05	
0.000572363041700736	0.00390433360588716	0.0139615699100572	0.0363246116107931	0.0710956663941128	0.11352207686018	0.144910057236304	0.151349141455437	0.139176206050695	0.117661488143908	0.0885731807031889	0.0541598528209321	0.030386345053148	0.0182338511856092	0.00861610793131644	0.0044358135731807	0.00205437448896157	0.000572363041700736	0.000275960752248569	8.17661488143908e-05	4.08830744071954e-05	5.11038430089943e-05	4.08830744071954e-05	
0.000671256979547003	0.00326474985506952	0.0131607050232397	0.0355867904762873	0.0698208964331845	0.106668836386197	0.139977421356143	0.151592201214365	0.141614881563825	0.119799029728548	0.0895822950886364	0.0586332801074011	0.0341120592333432	0.0181442795683614	0.0100281724520204	0.00393600683461652	0.00207479430041801	0.000793303703101004	0.000305116808885001	9.15350426655004e-05	6.10233617770003e-05	3.05116808885001e-05	5.08528014808336e-05	
0.000354739317278845	0.00352712235465823	0.012547636422606	0.0343995783669829	0.0687484796886402	0.103979161598962	0.134294170112706	0.150490553798751	0.141652477093976	0.12041879510257	0.0927491283548204	0.0619780264331468	0.0366597745885024	0.0198958079948107	0.0102266277466959	0.00466228816995054	0.00190545690424066	0.000851374361469229	0.000354739317278845	0.000131760317846428	1.01354090651099e-05	6.08124543906592e-05	8.10832725208789e-05	2.02708181302197e-05	
0.000373960238930272	0.00285018344265775	0.0127045410901446	0.031281268634843	0.0650286534399288	0.103152383743847	0.133837337403099	0.146895624665205	0.144075762323001	0.122022215259599	0.0939145551389212	0.0632700296136081	0.0398722470967546	0.0210327366814566	0.0106831343932242	0.00526576444547761	0.00223365440009703	0.0010713455493678	0.000202140669692039	8.08562678768155e-05	5.05351674230097e-05	1.01070334846019e-05	0	9.09633013614174e-05	
0.000405280808940495	0.00312066222884181	0.0124117247738026	0.0293423305672918	0.0610555538668855	0.0987973291994691	0.133175273817847	0.14602267546126	0.143793631012088	0.12470490491099	0.0954436305054865	0.0654123225629958	0.0415514149366242	0.0235366829792192	0.0119253878030741	0.00564353526449639	0.00228983657051379	0.000749769496539915	0.000445808889834544	0.000121584242682148	1.01320202235124e-05	0	0	2.02640404470247e-05	2.02640404470247e-05	
0.000245298446443173	0.00299468520032706	0.0108340147179068	0.0285363859362224	0.0572465249386754	0.0951962387571545	0.129916189697465	0.149795584627964	0.142221995094031	0.127902698282911	0.0983033524121014	0.0673753066230581	0.0419255928045789	0.0248569092395748	0.0122751430907604	0.00594848732624693	0.00296402289452167	0.000919869174161897	0.00026573998364677	0.000183973834832379	7.1545380212592e-05	0	0	0	2.04415372035977e-05	
0.000379075056861259	0.00226420506936049	0.0100915927299551	0.0264635370776387	0.0540028276950187	0.0931192754543778	0.128865028789214	0.142942032252116	0.143556748560539	0.129694895805586	0.103477245251317	0.0705489416634223	0.0449357621457697	0.0256029342458455	0.0124070241583509	0.0064955023256767	0.00331946806548778	0.00117820625781202	0.000307358154211831	0.000266377066983587	7.17169026494273e-05	0	0	0	0	1.0245271807061e-05	
0.000404203718674212	0.00235267292664221	0.0101050929668553	0.0247600688182742	0.0542462118856622	0.0895673983790394	0.122173165018759	0.146653400493336	0.139522832328006	0.130599257923429	0.106295213813403	0.0743838484339697	0.0460999523246896	0.0278071430052028	0.012665049851792	0.00587650021764816	0.00363783346806791	0.0017722778434177	0.000777314843604253	0.000207283958294468	9.32777812325104e-05	
