# <P(N_1)> as a function of N_tot.
# number_of_species: 2
# species_total_upper_bound: 100
# species_total_lower_bound: 0
# volume: 512
# Bin widths for each species index 
1	1	1	1	1	1	1	1	1	1	1	1	1	1	1	1	1	1	1	1	1	1	1	1	1	1	1	1	1	1	1	1	1	1	1	1	1	1	1	1	1	1	1	1	1	1	1	1	1	1	1	1	1	1	1	1	1	1	1	1	1	1	1	1	1	1	1	1	1	1	1	1	1	1	1	1	1	1	1	1	1	1	1	1	1	1	1	1	1	1	1	1	1	1	1	1	1	1	1	1	1	
# Bin lower bound for each species index 
0	0	0	0	0	0	0	0	2	3	4	5	6	6	7	8	8	9	10	11	12	12	13	13	14	14	15	16	16	17	18	20	21	22	23	23	25	25	26	26	27	27	28	29	29	29	30	31	32	33	36	36	37	38	39	40	40	41	41	42	43	45	45	47	47	48	49	50	50	51	52	53	53	51	52	52	53	54	57	58	60	61	62	63	64	65	66	67	68	69	69	69	69	70	71	71	71	73	74	74	78	
# Bin upper bound for each species index 
0	1	2	3	4	5	6	7	8	9	10	11	12	13	14	15	16	17	18	19	20	21	22	23	24	25	26	27	28	29	30	31	32	33	34	35	36	37	38	39	40	41	42	43	44	45	46	47	48	49	50	51	52	53	54	55	56	57	58	59	60	61	62	63	64	65	66	67	68	69	70	71	72	73	74	75	76	77	78	79	80	81	82	83	84	85	86	87	88	89	90	91	92	93	94	95	96	97	98	99	100	
# Normalized histogram for each species index 
1	
0.0798849749743276	0.920115025025672	
0.00633963718011675	0.146237981926902	0.847422380892981	
0.000482386564031676	0.0176158083612617	0.201621767812322	0.780280037262385	
2.03856973947079e-05	0.00184882594064312	0.032301921587199	0.245666471173056	0.720162395601707	
4.70628838566465e-06	0.000153738753931712	0.00412270862584223	0.0500623583211101	0.284716328467554	0.660940159543176	
7.84027171245647e-06	9.40832605494776e-06	0.00044846354195251	0.00772737179979709	0.0678152142040635	0.313893118279907	0.610098583576512	
1.09498699311879e-05	3.12853426605368e-06	4.53637468577784e-05	0.00102459497213258	0.0127565984698339	0.0864148092298018	0.337695552944968	0.562049002232209	
1.23757589820938e-05	0.000108287891093321	0.00211316084619252	0.0183578914800634	0.106402134818424	0.353419190161272	0.519586959043973	
9.25156389978089e-06	0.000259043789193865	0.00337990467805329	0.0258596630272042	0.125181369200619	0.36945195277385	0.47585881496718	
2.76715752966623e-05	0.000541133028023619	0.00531294245695917	0.0336809190652542	0.146411842204379	0.376416438760498	0.437609052909589	
8.17076592451446e-05	0.000909575829332741	0.00750168811107308	0.0430815195774635	0.164725724346107	0.38051873572043	0.403181048756348	
8.81722359550909e-05	0.00143241211393709	0.0105713870266156	0.0526078872385384	0.181730712710105	0.382712363603739	0.37085706507111	
3.09802779550538e-06	0.000178136598241559	0.00215312931787624	0.0139039487462282	0.0625817104831065	0.196816156834559	0.383459939402576	0.340903880589617	
1.08811390998189e-05	0.000324879724551736	0.00293324421162261	0.0171642197057429	0.0732751451466234	0.212314340564109	0.379447082688885	0.314530206819365	
6.52405902098728e-05	0.000498624510889742	0.00406511010902945	0.0213041593982954	0.0842706490351383	0.226588336535818	0.374168764980094	0.289039114840526	
1.55170835331158e-05	0.000103964459671876	0.000744820009589558	0.00546977194542331	0.0265171440497416	0.0960181611945672	0.23868533061474	0.366940232849356	0.265505057793378	
2.62578677066842e-05	0.000101942309920068	0.0010425918060007	0.00723944858477816	0.0323450592732749	0.106395335367031	0.247980847202379	0.3595134571572	0.24535506043171	
2.01155872590965e-05	0.000171756168135362	0.0014235646367976	0.00928102249077391	0.0380788066814697	0.11791911986569	0.25760794720432	0.350644085630508	0.224853581735047	
5.42127152051177e-05	0.000271063576025588	0.00209880654579813	0.0117192400926263	0.0456424593985486	0.129111453597788	0.263712331843774	0.340160004956591	0.207230427273643	
9.15515031515441e-05	0.000473274719681711	0.0031080959459753	0.0142727241692865	0.0515760824025597	0.139408111773523	0.270438485148484	0.328848344159169	0.191783330178169	
6.20662153418374e-06	0.00010706422146467	0.000740139617951412	0.00417240132635502	0.0168090827699531	0.0582569013752322	0.150648669533091	0.275589512671594	0.319186373983084	0.17448364787974	
1.4009068537033e-05	0.000179004764639866	0.00106624577198529	0.00530632384919393	0.0203147059418686	0.0661710569530898	0.161456071452476	0.279840483406258	0.30474238101242	0.160909717779532	
4.6718202034422e-06	3.73745616275376e-05	0.000261621931392763	0.00133769785158562	0.00655923556563284	0.0244273905703981	0.073627886406249	0.170864037573893	0.280287410378916	0.29349931791425	0.149093355425852	
3.11370309595499e-06	4.04781402474148e-05	0.000325381973527296	0.00158954543048502	0.0081283219319905	0.0281400917296932	0.0811166362042714	0.177502872391106	0.281063080511021	0.284253069332827	0.137837408651735	
3.10792100286395e-06	6.2158420057279e-06	7.61440645701668e-05	0.000372950520343674	0.00215223529448328	0.00925228082552598	0.0324482492304011	0.0875190554406488	0.186899491388728	0.282556637975376	0.272006800131154	0.12670683136576	
9.32270544912133e-06	1.3984058173682e-05	8.70119175251325e-05	0.000529840426358396	0.00273776783355863	0.0110365294675181	0.036265324197082	0.0967013160552526	0.194892711198123	0.281761680573036	0.25996519523299	0.115999316334934	
3.10169849009318e-06	1.39576432054193e-05	0.000119415391868587	0.000690127914045731	0.00345063957022866	0.013582337688118	0.0418698279177678	0.10402011141301	0.201517350901354	0.27997171250977	0.248076946936142	0.106684470416	
1.55356940338274e-06	4.66070821014823e-06	1.24285552270619e-05	0.000181767620195781	0.000935248780836411	0.00445408347949832	0.0157594080279145	0.0460167257281968	0.112184800187671	0.206972730196262	0.277514102526259	0.237169458689813	0.0987930319305119	
7.74251492369752e-06	4.64550895421851e-06	4.80035925269246e-05	0.0002508574835278	0.00127286945345587	0.00524787661528218	0.0176002849245492	0.0518036188514753	0.119189823238384	0.212668302918154	0.274644037876383	0.227730591450715	0.0895313455716686	
7.70355488243605e-06	3.08142195297442e-06	6.00877280830012e-05	0.000343578547756648	0.00163315363507644	0.00606115698150068	0.0205084038080212	0.057158836516699	0.126590976672095	0.217323446077427	0.270538062494319	0.216502247126959	0.0832692654352277	
6.15940857358876e-06	8.16121636000511e-05	0.000424999191577625	0.00179700745134452	0.00720958773538565	0.0235889949847016	0.0622454431925447	0.133797752739782	0.220414435805874	0.26661461966422	0.207311833917707	0.0765075537446894	
4.61908699126531e-06	9.39214354890612e-05	0.000488083525410367	0.00236035345253657	0.00893639363243461	0.0264889241992428	0.06827780420922	0.14006149544481	0.224787868429926	0.264036250594707	0.194292656113593	0.0701716298756388	
3.22959167195961e-05	0.000116880460509014	0.000647456235188093	0.00299583075094158	0.0101255388419915	0.0292785553575081	0.0740268548237027	0.146408155795502	0.229484018903877	0.257626065573014	0.184860289402172	0.0643980579388746	
5.23884511200343e-05	0.000254238071611931	0.000822806849944068	0.0035038628778517	0.0113513446882733	0.0329877750008475	0.0798215094653604	0.155026671884967	0.231875907167665	0.249983821213625	0.175393452676279	0.058926221652455	
1.0743380542817e-05	6.13907459589541e-05	0.000302349423847849	0.00112038111375091	0.00416843165061299	0.0130133033746493	0.036923464157013	0.0853039762786158	0.16118754258983	0.233788238760889	0.244448741796662	0.165500242493447	0.0541711942341811	
8.10484302601196e-05	0.000396066857308886	0.00135794351077332	0.00483690914929733	0.015094887832031	0.0406083219916505	0.0901977275855214	0.167579098680287	0.233607572675974	0.237875613597786	0.157470983132751	0.0508938265563592	
6.09220243779481e-06	0.00010509049205196	0.000357916893220445	0.00164032550637625	0.00552258150986099	0.0168449397405026	0.0448401329927792	0.0973777637657122	0.171923475845179	0.233833960068659	0.23175956513859	0.148724368962056	0.0470637868825743	
1.06705690462036e-05	0.000108230057468636	0.000499992378164967	0.00192527552933644	0.00635813478453072	0.0187055075379948	0.0491455922928004	0.103724028597125	0.176553711071478	0.234051310193442	0.225458453377235	0.139878965259676	0.043580128351702	
6.12795788867339e-06	3.21717789155353e-05	0.000131751094606478	0.000499428567926881	0.00225968447144831	0.00695676419311646	0.0208687605898772	0.0531125430106044	0.110413545238117	0.181409001357343	0.233200969442938	0.218219644394604	0.132656500384529	0.0402331075180851	
1.07720480741117e-05	6.15545604234954e-05	0.000149269809026976	0.000626317652309065	0.00256066971361741	0.00812827970392256	0.0237354384992998	0.0580028622870597	0.116705907698937	0.184451318037025	0.231980671868027	0.211309111613807	0.125083483372574	0.0371943431358971	
3.08788268516103e-06	1.23515307406441e-05	9.26364805548308e-05	0.000231591201387077	0.000795129791428964	0.00293657643358814	0.00956162873460112	0.0266731306344209	0.0617823567647018	0.121881817465991	0.18855692434533	0.22948680933714	0.205223771138487	0.118821725724996	0.0339404625339474	
3.08942335913002e-06	4.32519270278203e-05	6.79673139008604e-05	0.000284226949039962	0.000939184701175526	0.00330722770594868	0.0108376971438281	0.0294792776928186	0.0677402412839643	0.126008310548836	0.192245547368584	0.228467491542704	0.198620572470148	0.111818589060352	0.0301373248683133	
1.55076026021757e-06	4.80735680667447e-05	8.83933348324016e-05	0.000302398250742426	0.00113980879125992	0.00385829152742132	0.0125766657103645	0.033271561382968	0.0721677302297451	0.131693662818197	0.195682683435554	0.224458590824152	0.190969923004753	0.105820778636727	0.0279198877249572	
4.66644267741815e-06	0	4.66644267741815e-05	9.3328853548363e-05	0.000419979840967634	0.00147148492427919	0.00497598337502022	0.0144893045133834	0.0359331640970122	0.0763912221102276	0.137412737521932	0.196643894426401	0.222351327136297	0.184518920869576	0.0995103346150496	0.0257369868468536	
6.22520617104688e-06	1.55630154276172e-06	6.22520617104688e-06	4.51327447400899e-05	0.000155630154276172	0.000432651828887758	0.00175083923560693	0.00578321653290255	0.0160143428750181	0.0388577369196746	0.08124360943679	0.143013217669003	0.198266591341672	0.220686671366697	0.177230063388162	0.093255144743825	0.0232511450488601	
3.11394064517736e-06	0	6.22788129035472e-06	3.8924258064717e-05	0.000147912180645925	0.000580749930325578	0.0019804662503328	0.00644118622454937	0.0180343872465447	0.0427388353550593	0.0860895600468959	0.147130581543985	0.200148534968775	0.21673338284499	0.171235596078303	0.0871856671539984	0.0215048740955949	
3.1157452628988e-06	1.5578726314494e-06	3.1157452628988e-06	3.58310705233361e-05	0.000289764309449588	0.000696369066257881	0.00243183917769251	0.00759307120568437	0.020119925035169	0.0468748296076809	0.0921014299712884	0.149752064570705	0.201992207521097	0.212554583962324	0.163994136167415	0.0816449888690001	0.0199111701025548	
1.56007213773565e-06	4.68021641320695e-06	0	5.30424526830121e-05	0.000255851830588646	0.000847119170790457	0.0026521226341506	0.00873328382704416	0.0222591092612122	0.0500112325193917	0.095935076037916	0.154244332257924	0.202191589339091	0.208761053111096	0.157582886632678	0.076997360357943	0.0194697002789409	
1.55568173862991e-06	0	3.11136347725982e-06	8.08954504087554e-05	0.000292468166862423	0.000950521542302876	0.00322337256244118	0.0096685620055849	0.0243230839834787	0.0533785518158695	0.100548377812867	0.157080296512939	0.204139669106494	0.204709048622833	0.150309969586422	0.0733737292024798	0.0179167865838007	
1.40287870710698e-05	8.88489847834423e-05	0.000355395939133769	0.00112074421156658	0.00382985887040206	0.0106696719446081	0.0264832324819418	0.0567651487519056	0.10418556656036	0.162258510018113	0.205311298785107	0.199113692407932	0.144136434630528	0.0687940542882885	0.016873513338259	
3.10956876500367e-06	2.02121969725239e-05	0.000130601888130154	0.00043223005833551	0.0013557719815416	0.00444512854957275	0.0116966429095613	0.0283032948990634	0.0597814595071955	0.109351095190119	0.165323332960185	0.203348694603032	0.195128549572745	0.140477878527806	0.0648407278878565	0.0153612696991181	
9.32825668874872e-06	2.9539479514371e-05	0.000169463329845602	0.000449311030508064	0.00175993109527726	0.00514919769218929	0.0129880427296345	0.0303152795289852	0.0640275992021231	0.113986632608165	0.16751683361655	0.201263356897546	0.191844927060806	0.135449396539528	0.0609896969404873	0.0140514639921518	
9.34022226615586e-06	4.35877039087273e-05	0.00014321674141439	0.00066159907718604	0.00181355982334526	0.00564460765618019	0.0143325710674162	0.0339376976040773	0.0681571585798503	0.118321935667662	0.169210579981102	0.201362738428632	0.188010890699162	0.12877208767978	0.0569971496755051	0.0125812793925119	
1.86194312384404e-05	2.79291468576607e-05	0.000186194312384404	0.000690470575092166	0.00206365362892715	0.00567892652772433	0.0164611288340512	0.036580975906456	0.0725692332518216	0.121266804036693	0.170588125768052	0.201328806742717	0.183928948250394	0.122700500242053	0.054345464927198	0.0115642184183414	
1.85813164862731e-05	4.64532912156826e-05	0.000212136696551617	0.000798996608909741	0.00236292407983772	0.00676359920100339	0.0173626918133816	0.0394512317864387	0.0765302488347966	0.124610953686069	0.174444496059212	0.199837413480745	0.178281537913628	0.118183366624859	0.0507146064632013	0.0103807621436645	
3.09680935731915e-06	2.32260701798937e-05	5.57425684317448e-05	0.000272519223444086	0.000881042262157299	0.00271745021104756	0.00779466915237231	0.0188688594141456	0.0425006116198481	0.0805185916949767	0.129059529966276	0.176974912747396	0.19879193466971	0.172498474821392	0.112599988232124	0.0471644065119707	0.00927494402517087	
1.08415522624771e-05	2.94270704267235e-05	8.2086038558755e-05	0.000317502601972543	0.000892104871883828	0.00302324428805075	0.00849667938742132	0.0209474277642861	0.0450838206869208	0.0835976607027804	0.13375377905536	0.179876839966298	0.195978093869257	0.167364139862219	0.107139317044159	0.0443481439262527	0.00905889131188978	
1.08261262264454e-05	2.16522524528909e-05	1.85590735310493e-05	9.7435136038009e-05	0.00039747349145664	0.00100373656013758	0.00354478304443042	0.00921767318708783	0.0228539524640263	0.0482736968437202	0.0890804597701149	0.137784108483971	0.180536480952204	0.192711233188573	0.163216225579352	0.101680524108237	0.0412475409227571	0.00830363881568365	
4.63981861402432e-06	2.47456992747963e-05	7.73303102337386e-06	0.000112902252941258	0.000456248830379058	0.0013424541856577	0.00407530734931802	0.0103653547837303	0.0249467580814041	0.0522830227490307	0.0924499324906392	0.141998555469805	0.181240594701018	0.189222629323344	0.157965717926867	0.0967092859783135	0.0389419976275061	0.00785211970113382	
3.08113237777148e-06	1.07839633222002e-05	2.46490590221718e-05	0.000149434920321917	0.000513008540898951	0.00161759449833003	0.00443837119017981	0.0116713294469984	0.0278195442388987	0.0547008836687659	0.0965349585279582	0.143546876347995	0.180361786563798	0.187151061758217	0.154360110427784	0.0927282194752215	0.0374049470661457	0.00696335917376354	
1.68799680815149e-05	2.76217659515698e-05	0.000161126968050824	0.000616886106251726	0.00187981462725961	0.00534634625418163	0.0132707239971764	0.0301905901850658	0.0587837215725992	0.100520209925421	0.145539084798821	0.179897492557469	0.185813154098763	0.147966731117454	0.0882730258110057	0.0350980572691281	0.00659853297731946	
1.53998968206913e-06	1.07799277744839e-05	4.15797214158665e-05	0.000214058565807609	0.000679135449792486	0.00227610475009817	0.00584118086408821	0.0149117200914754	0.0324198627869193	0.062374202092846	0.10447290003157	0.147064394668556	0.180171092853678	0.181626383103233	0.144908409113659	0.0841696760631704	0.0326924409606456	0.00612453896558893	
2.77295506118217e-05	7.70265294772826e-05	0.000257268608454124	0.00083958917130238	0.00237087657731076	0.00661349782091948	0.0165067852669817	0.0345972359800162	0.0657945209489052	0.106593933082432	0.150029193054672	0.181078587086965	0.179434840947919	0.139906366550767	0.079893456904427	0.0304917219588771	0.00548736995996161	
1.5421032746563e-06	1.85052392958756e-05	0.000174257670036162	0.000309962758205917	0.000843530491236998	0.00266629656188075	0.0075593902523652	0.0173918407315738	0.0368763156068562	0.0678756756339972	0.110209494729862	0.153932748876192	0.182543390930891	0.175085779494653	0.13386227475654	0.0771128742491885	0.0283515687045561	0.00518455120939449	
4.6330686821545e-06	4.32419743667753e-05	0.000157524335193253	0.00032894787643297	0.00101155332893707	0.00306863582381366	0.00858816498048706	0.0186589119392636	0.0386212605344399	0.0708643298497805	0.114489304560947	0.156200821906384	0.181722852920146	0.170961778727728	0.130763730485129	0.0730974689545789	0.026718907089985	0.00469793164370466	
7.71384712697764e-06	1.54276942539553e-05	0.000141934787136389	0.00043814651681233	0.00120181738238312	0.00379984109474918	0.00938775195353178	0.0203121022547575	0.0412937664401367	0.0747116949636292	0.116014718020318	0.157286885688499	0.179839089148931	0.171062273887856	0.126476237493925	0.068992648703688	0.0248092751297855	0.004208674992479	
4.63336206017811e-06	4.63336206017811e-05	0.000139000861805343	0.00051430318867977	0.00135603062961213	0.00421018165868184	0.0100852847509877	0.0222216044406142	0.0441281402611363	0.0783455190755516	0.119469696267672	0.159163709037218	0.180348984830373	0.167306070630971	0.121323041091744	0.0647929350495306	0.0225876400433683	0.0039568911993921	
3.09469615499476e-06	1.08314365424817e-05	3.86837019374345e-05	0.000142356023129759	0.000538477130969089	0.00177635559296699	0.0046683491498096	0.0110124762675489	0.0240179368589143	0.046661828625011	0.0810330714704603	0.122972393762949	0.162089353162083	0.179317526656939	0.163749657649238	0.115984569844971	0.0610738286188216	0.0211352273905367	0.00377398196101611	
1.08584201619146e-05	3.10240576054702e-06	2.79216518449231e-05	0.000178388331231453	0.000701143701883626	0.00197157886082763	0.0051701591999516	0.0119458133809863	0.0258011575075893	0.0489637189158333	0.0844024999185618	0.125039361773087	0.163551075681637	0.179567245420461	0.158844726142887	0.112397058298858	0.0583453939357275	0.0197871439407689	0.00329165251194038	
1.08511990574959e-05	1.55017129392798e-06	4.65051388178394e-05	0.000203072439504565	0.000678975026740455	0.00210048210327241	0.00562557162566464	0.0129129268784201	0.027183803810321	0.0513649258243036	0.0874575640608287	0.129295137112651	0.165011083724752	0.17739075167806	0.155679052535305	0.107984932335023	0.0551054891565518	0.0189353423553303	0.00301198282410206	
1.54590566883609e-06	4.63771700650826e-06	8.8116623123657e-05	0.000230339944656577	0.000870344891554717	0.00229876172955926	0.00616661771298715	0.0141620418322074	0.0289007064788907	0.0552135668681497	0.0912084344613292	0.131793095985283	0.166194134833892	0.175052174316323	0.151392088054787	0.103345339867361	0.05315442051726	0.0169802278664956	0.00294340439346391	
3.09826295887211e-06	0	1.85895777532327e-05	0.000116184860957704	0.000247861036709769	0.00105186027453708	0.00270323443161591	0.0069819355778183	0.0150343210079269	0.0312165484421159	0.0581187657140024	0.0942429626829718	0.135110600241974	0.166604443218909	0.172440021501945	0.147260438435191	0.0998771538736807	0.0498092244583074	0.0165679611725686	0.00259479522805539	
3.11362068938676e-06	0	1.55681034469338e-06	4.67043103408014e-06	1.2454482757547e-05	2.02385344810139e-05	9.96358620603762e-05	0.000370520862037024	0.00117072137920942	0.00299530310319006	0.0074524511200472	0.0162873498261821	0.0338076934453614	0.0603762187878986	0.0973193282674725	0.137427433177808	0.166997488864914	0.169749929554332	0.144126388091024	0.0952456568883409	0.0482175299958433	0.0159993399124139	0.00231497698255905	
3.11257402090093e-06	1.55628701045047e-06	3.11257402090093e-06	1.08940090731533e-05	9.3377220627028e-06	3.11257402090093e-05	0.000157184988055497	0.00043264778890523	0.00138976430033227	0.00339893083082382	0.00802265953887216	0.0173245870003346	0.0355378138836364	0.0633626693434803	0.100220214611979	0.139681428048961	0.1689053855312	0.167854891799146	0.140523379321614	0.0914614313171635	0.0454653687233	0.0141777746652038	0.00202472940059606	
1.55838488990011e-06	3.11676977980022e-06	4.67515466970032e-06	7.79192444950054e-06	1.4025464009101e-05	3.58428524677025e-05	5.7660240926304e-05	0.000182331032118313	0.000416088765603329	0.0014025464009101	0.00366999641571475	0.00858514235845969	0.0193192974800916	0.0371472206205489	0.0666521217410276	0.104352568997491	0.143603609219405	0.166719132291293	0.167627670682105	0.135660521435584	0.0880627717433652	0.0418738019916159	0.0126322679175303	0.00196824011594384	
3.11523083081649e-06	3.11523083081649e-06	7.78807707704122e-06	4.67284624622473e-06	2.49218466465319e-05	2.49218466465319e-05	9.03416940936781e-05	0.000185356234433581	0.000590336242439724	0.00158876772371641	0.00427409669988022	0.00981609234790275	0.020828433334839	0.0404092167219361	0.0700397347692471	0.106702886417126	0.144859791248382	0.166826841451884	0.164440574635479	0.132906650550539	0.0842950310510633	0.0384154689902135	0.0117833606175634	0.00187848419098234	
1.55287942667692e-06	3.10575885335383e-06	2.01874325467999e-05	1.55287942667692e-05	1.55287942667692e-05	3.57162268135691e-05	8.54083684672304e-05	0.000223614637441476	0.000622704650097443	0.00178736422010513	0.00470056602455102	0.0106465413492969	0.0225509150342022	0.0431343318348047	0.0728657613379609	0.110706327207224	0.145293610677599	0.167484257684812	0.162642379632433	0.128230571537273	0.0801192611399688	0.0362333356626525	0.0108561800718983	0.00172524904303805	
1.55177818261946e-05	9.31066909571678e-06	9.31066909571678e-06	4.18980109307255e-05	7.29335745831148e-05	0.000252939843766973	0.00066416106216113	0.0021445574483801	0.00527604582090618	0.0120185220243877	0.024283776779812	0.0459853946637452	0.0763381759157819	0.113394638916735	0.146652348926635	0.166274584045858	0.160123335329955	0.12444019602062	0.075754707319117	0.0343098156177163	0.0101812166561663	0.00175661290272523	
3.10984920341213e-06	1.24393968136485e-05	7.77462300853032e-06	2.79886428307091e-05	0.000104179948314306	0.00024878793627297	0.000817890340497389	0.00237592479140686	0.00601911313320417	0.0130458174083139	0.0262315780307813	0.0482757441091681	0.0798515979960132	0.114870054951035	0.148388009665411	0.166156133089107	0.156083331519255	0.120393147136295	0.0731918559269061	0.0326907348262683	0.00970428443924754	0.00150050224064635	
1.55860834977665e-06	7.79304174888326e-06	5.76685089417361e-05	0.000144950576529229	0.000310163061605554	0.000956985526762864	0.00267457192821673	0.00666616791199474	0.0142269770167613	0.0283495272740875	0.0505799581669519	0.0823646582439471	0.117670254583088	0.150667551956209	0.165768908257195	0.150915370683824	0.116892509016549	0.0706111926782814	0.0309118794011203	0.00894797053606776	0.00127338302176752	
1.56207775085797e-06	4.68623325257391e-06	5.93589545326029e-05	0.000121842064566922	0.000365526193700765	0.00114656506912975	0.0030179342146576	0.00701372910135229	0.014803810844881	0.0305433062625259	0.0528091625232554	0.0849551605581616	0.121593694204535	0.15193393035945	0.163038741090299	0.149345567526278	0.113155350194401	0.066869424358728	0.0295295178022191	0.00846177517639763	0.00122935518992522	
3.1305028370182e-06	7.82625709254549e-06	3.91312854627275e-05	0.000183134415965564	0.000424183134415966	0.00128507141459597	0.0031477206026218	0.00740990021522207	0.0160203482684406	0.0318262570925455	0.0557589512815496	0.0878716493836822	0.123867736255136	0.15182156133829	0.161812561142634	0.146817452553316	0.109807082762669	0.0646761886127959	0.0281870475445118	0.00787321463510076	0.00115985130111524	
1.56704934011552e-06	2.19386907616173e-05	6.5816072284852e-05	0.000219386907616173	0.000526528578278816	0.00130691914965635	0.00350078822581808	0.00823954543032742	0.0170071864882738	0.033085112717859	0.0583318446364602	0.0902636090399942	0.125215077521931	0.153442337285432	0.162017231274544	0.143591865133466	0.106733297604608	0.0613625180602436	0.0264658963052111	0.00752497093123474	0.00107656289665936	
1.2547799272855e-05	3.9211872727672e-05	0.000101950869091947	0.000241545136002459	0.000555240117823835	0.00154337931056117	0.00416743783349698	0.00865170759863355	0.0183652727107324	0.0343307788105314	0.0603517775526145	0.0928615569936728	0.127667583701664	0.153942675379022	0.160076980748539	0.141879534853081	0.102846468265047	0.0592899200391491	0.0249826683522544	0.00713969778625451	0.000952064269827876	
2.03745787947653e-05	4.85855340490557e-05	9.71710680981114e-05	0.000280542277250999	0.00064258286968106	0.00198887234542747	0.00455136744769219	0.00971397225922733	0.0197382650262519	0.036221299271217	0.0623712875166523	0.0960457644385236	0.128541650340882	0.154694773136901	0.159244573309302	0.14006582556226	0.0986490086983779	0.0563278739910665	0.023563984013792	0.00640545411801583	0.000786772196536322	
1.09682281767514e-05	2.97709050511825e-05	9.40133843721551e-05	0.000280473263376929	0.000847687349088932	0.00213410382524792	0.00480408394141713	0.0102161211017742	0.0207064479079672	0.0378748587840622	0.0651716449365175	0.0988300034314885	0.131665744813203	0.15618913612668	0.158656987466449	0.135195947396378	0.0954016486813839	0.0533572963004166	0.0218612456460051	0.00595418101023649	0.000717635500707451	
4.71628407122218e-06	5.81675035450735e-05	0.000124195480542184	0.000374158536316959	0.000973126613362176	0.00217106276745261	0.00493166104380799	0.0111697327753445	0.0221162281046512	0.0405883407169381	0.0686643797929237	0.101602907746339	0.134835417406861	0.155349681021987	0.155467588123768	0.132004074869438	0.0912758177250532	0.0512439985285194	0.0207799476178049	0.00548032209076017	0.000784475250513289	
6.31442688682968e-06	5.68298419814672e-05	0.00014681042511879	0.000358343725827585	0.00101346551533616	0.00245631205897675	0.00538778474118743	0.011853757873301	0.0231202740461269	0.0423082387484806	0.0712693576649249	0.104773706726443	0.136296904352219	0.155360159123558	0.154542440841713	0.128293368273162	0.0889939539362559	0.04867791687057	0.0192148010166227	0.00510994995816692	0.00075930983314127	
1.10682261270221e-05	5.37599554741075e-05	0.000117006961914234	0.000444310220241888	0.00108468616044817	0.00258838373856217	0.00574124700960248	0.0126541448135083	0.0250869251044761	0.0456848939268643	0.0737491718595094	0.106713511616103	0.138254793727794	0.155505414734339	0.1515983309115	0.125806201685216	0.0857155054779813	0.0458540796690917	0.0179336886760979	0.00475933723461951	0.000643538290528286	
4.74415559565246e-06	4.74415559565246e-06	5.85112523463803e-05	0.000121766660288413	0.00040641599602756	0.00122241075847978	0.00280221457183205	0.00648526069925691	0.0138845620432762	0.0269215016201291	0.047471602275297	0.0762290921109437	0.10884990598665	0.138660598364531	0.155396397920795	0.149160996082909	0.122902094860973	0.083364302126805	0.043922973889749	0.0169793328768401	0.00449271534908288	0.000657856242597141	
1.57441884264471e-06	1.25953507411577e-05	6.29767537057884e-06	5.35302406499201e-05	0.000113358156670419	0.000499090773118373	0.00130676763939511	0.00312049814612181	0.00700458943092631	0.0149459580732262	0.0279301902685171	0.0496335540143744	0.0787933653989971	0.110193574796703	0.139317174547945	0.154674055939101	0.147793845596744	0.121329439270729	0.0799552865048689	0.0421755319567665	0.0164652722563784	0.00411395643583062	0.000560493107981516	
6.28122948785995e-06	7.85153685982494e-06	1.41327663476849e-05	2.19843032075098e-05	4.55389137869847e-05	0.000141327663476849	0.000544896658071851	0.00145724524118351	0.0033369031654256	0.00744639755785798	0.0157172064859976	0.029917496050677	0.0518122917379848	0.0809006654962642	0.112388468918906	0.140068276964533	0.153890122452569	0.1464107484399	0.117539077098951	0.0777474882933585	0.0402061499517916	0.0159370495180727	0.0039650261142116	0.000477373441077357	
3.13372055673679e-06	9.40116167021038e-06	2.3502904175526e-05	2.50697644538944e-05	3.76046466808415e-05	0.00015668602783684	0.000598540626336728	0.00151045330834713	0.00365861874999021	0.00847984782652977	0.0169565619325028	0.0313199701043059	0.0541851621465359	0.0836766063059859	0.11490256479359	0.141601863936987	0.15328594103278	0.144561663002825	0.11411443407357	0.0738539592208944	0.0383677076364069	0.0146830476685902	0.00357870887579342	0.000408950532654152	
7.78211327955374e-06	1.08949585913752e-05	2.95720304623042e-05	1.8677071870929e-05	3.57977210859472e-05	0.000216342749171594	0.000743970029525338	0.00164046947932993	0.00404202963740021	0.00882647288166986	0.0181510010132311	0.0337510252934246	0.0567347186532586	0.0866195900694009	0.117628198643111	0.142997887934456	0.15283914838778	0.140591658508418	0.110090443720535	0.0710195657892075	0.0370988904262886	0.0133478806970906	0.00321245636179978	0.000345525829612186	
7.74964312893391e-06	6.19971450314713e-06	1.85991435094414e-05	2.32489293868017e-05	1.08495003805075e-05	6.66469309088317e-05	0.000280537081267408	0.000759465026635523	0.00191416185284668	0.00435684936708665	0.00953826076309186	0.0191292190994605	0.0359443947606213	0.0594289132985426	0.08942623192202	0.12017681585763	0.144231708129841	0.151150589515353	0.137742156973671	0.106915626535398	0.0688710784868357	0.0343960160634603	0.0123126330032502	0.00294641431762067	0.000345634083550453	
1.54071809789107e-06	1.54071809789107e-06	1.54071809789107e-05	1.54071809789107e-06	7.70359048945533e-06	3.69772343493856e-05	5.39251334261873e-05	0.000261922076641481	0.00088283147009158	0.00212002810269811	0.0048101219016159	0.0104322022408204	0.0206564075384255	0.0379679160863295	0.0611064204804575	0.0922088967225845	0.121339253799411	0.145197273545254	0.150355597736993	0.135167198727983	0.103138750909024	0.0669873414601077	0.032048477154232	0.0119282395138726	0.00293660869458037	0.000335876545340252	
3.07828225693499e-06	3.07828225693499e-06	4.61742338540248e-06	0	1.69305524131424e-05	0.000101583314478855	0.000384785282116873	0.000905014983538886	0.00232564224511438	0.00537006339722308	0.0111264512176915	0.0225068607215801	0.0402531579328103	0.0640113403918346	0.0927440269780657	0.124381072873715	0.145490393450647	0.148350117667339	0.132886366749626	0.101207764043508	0.0629447155898066	0.0308305359443323	0.0111464600523616	0.00271042752723125	0.000295515096665759	
3.08032090783218e-06	0	1.54016045391609e-06	9.24096272349653e-06	4.46646531635666e-05	0.000147855403575945	0.000423544124826924	0.00107041151547168	0.00269374063389924	0.00587571213168988	0.0122550567318103	0.0237708364457409	0.0418969848278794	0.0666319617177718	0.0949724542302817	0.127291181195257	0.144462430095967	0.147507327313359	0.130229807341329	0.0982591566389386	0.0601093821954371	0.0289935205449704	0.0104222657916502	0.00268603983162966	0.000241805191264826	
1.54233874077296e-06	0	0	1.54233874077296e-06	1.38810486669566e-05	4.62701622231888e-05	0.000198961697559712	0.000490463719565801	0.00108426413476339	0.0028918851389493	0.00603054447642227	0.0129618147774559	0.0252974400261581	0.0442651218601839	0.0687975618709186	0.0990073507864385	0.12806347032386	0.145158752926588	0.145956142055567	0.127631615476444	0.0946070583590133	0.0576387410814262	0.0270803836104916	0.0101701816566569	0.00235052424093799	0.000254485892227538	
1.08175435831104e-05	1.85443604281893e-05	4.7906264439489e-05	0.000276620043053823	0.000523878182096347	0.00144336938666073	0.00316799490648234	0.00647198178943806	0.0134678417609725	0.0271906684778325	0.0448912605065392	0.0708796362832775	0.102425138734996	0.129147562112017	0.145516050916632	0.144327666485859	0.12561022536034	0.0918672161978807	0.0547259529869556	0.0263901702526824	0.00922581931302417	0.00222068716127567	0.000152990973532562	
