# <P(N_1)> as a function of N_tot.
# number_of_species: 2
# species_total_upper_bound: 100
# species_total_lower_bound: 0
# volume: 512
# Bin widths for each species index 
1	1	1	1	1	1	1	1	1	1	1	1	1	1	1	1	1	1	1	1	1	1	1	1	1	1	1	1	1	1	1	1	1	1	1	1	1	1	1	1	1	1	1	1	1	1	1	1	1	1	1	1	1	1	1	1	1	1	1	1	1	1	1	1	1	1	1	1	1	1	1	1	1	1	1	1	1	1	1	1	1	1	1	1	1	1	1	1	1	1	1	1	1	1	1	1	1	1	1	1	1	
# Bin lower bound for each species index 
0	0	0	0	0	0	0	0	2	3	3	4	5	6	7	7	8	8	9	10	10	11	12	13	14	14	15	16	16	17	18	19	20	21	22	23	24	24	26	26	26	27	28	29	29	29	30	31	32	33	36	36	37	38	39	40	40	41	41	42	43	45	45	46	47	48	49	50	50	51	52	52	52	51	52	52	53	54	57	58	60	61	62	63	64	65	66	66	67	67	67	69	69	70	71	71	71	73	74	74	78	
# Bin upper bound for each species index 
0	1	2	3	4	5	6	7	8	9	10	11	12	13	14	15	16	17	18	19	20	21	22	23	24	25	26	27	28	29	30	31	32	33	34	35	36	37	38	39	40	41	42	43	44	45	46	47	48	49	50	51	52	53	54	55	56	57	58	59	60	61	62	63	64	65	66	67	68	69	70	71	72	73	74	75	76	77	78	79	80	81	82	83	84	85	86	87	88	89	90	91	92	93	94	95	96	97	98	99	100	
# Normalized histogram for each species index 
1	
0.0798560692298502	0.92014393077015	
0.00627720255485955	0.14612014055539	0.84760265688975	
0.000465643719391637	0.0174014142642682	0.201783841428483	0.780349100587857	
3.35322915968077e-05	0.00184864981498923	0.0321625703813642	0.246616883363026	0.719338364149023	
5.82251800613693e-06	0.000184137131944081	0.00416018911538484	0.0496609838890927	0.284532626479647	0.661456240865925	
3.63224796921016e-06	1.38025422829986e-05	0.000494712173406424	0.00778390739801737	0.0678344101737813	0.314551221234412	0.60931831423013	
5.08195007492246e-06	2.1779786035382e-06	5.66274436919932e-05	0.00110133118052248	0.0128682235825715	0.087104624284171	0.338396165596069	0.560465767984295	
7.95734861144267e-06	0.000156253390915601	0.00202767710526125	0.0184559850112488	0.107123997193226	0.355091618018331	0.517136511932406	
1.37085433806855e-05	0.000292929926976754	0.00331530299127632	0.0257612390214409	0.126447604143443	0.368923597958726	0.475245617414756	
7.18650489365051e-07	2.29968156596816e-05	0.000485807730810774	0.0051570359116836	0.0339662967293498	0.146250405139213	0.376838038457862	0.437278700564931	
2.15535357497721e-06	4.59808762661804e-05	0.0008793842585907	0.00742806687056312	0.0432996164189088	0.164230039450155	0.381314377717093	0.402800379054849	
2.87206116341454e-06	9.54960336835333e-05	0.00144680081107007	0.0103825011057435	0.0525149203577439	0.181030323221763	0.382884525908864	0.371642560499968	
1.65356634719286e-05	0.000192676426542472	0.00212375434330769	0.0135786554780137	0.0623998424079377	0.196537144492222	0.383594321221799	0.341557069966706	
3.09657274209438e-05	0.000352865265959592	0.0029626279676689	0.0169785803582231	0.0732447473484696	0.212111632167486	0.379872421203026	0.314446159961747	
5.04230493843346e-06	6.69906227534731e-05	0.00053160300636627	0.00413685103734619	0.0213908982073886	0.084221619386654	0.226094792451525	0.37560561683957	0.287946586143458	
1.44175317185698e-05	0.000112456747404844	0.000798731257208766	0.00547866205305652	0.026582324106113	0.0958621683967705	0.237952710495963	0.368181949250288	0.265016580161476	
2.16254401678134e-06	2.23462881734072e-05	0.000157865713225038	0.00115696104897802	0.00733174506489434	0.0324619482359047	0.106955101981972	0.247573805825173	0.359162518787101	0.245175544510562	
5.76556215312036e-06	3.60347634570022e-05	0.000210443018588893	0.001646788689985	0.00929768966717572	0.0381204555658935	0.117821424684822	0.257087137102906	0.350189434751493	0.225584826193525	
1.51258361526211e-05	5.25802875781592e-05	0.000353656454806523	0.00229264459399015	0.0116188029989491	0.0450555442311862	0.128960718203512	0.264110784505093	0.340161327846736	0.207378815041996	
2.16135681335315e-06	5.76361816894173e-06	9.07769861608323e-05	0.000545382369236112	0.00315125823386889	0.0143478069793093	0.0512817926581591	0.139155356166387	0.270901581176599	0.32922939704629	0.191288723409007	
2.15782163590212e-06	1.51047514513149e-05	0.000126592202639591	0.000756676120323012	0.00411136949027218	0.0169302685552881	0.0582187470105179	0.150418149869344	0.274762621638204	0.319818656669719	0.174839655870606	
3.60767279850787e-06	2.52537095895551e-05	0.000183991312723901	0.00101808526373892	0.0051387691341946	0.0204547832329799	0.0657945718955074	0.160944055817914	0.278848575149628	0.306692593808512	0.160895713002414	
1.08146222344307e-05	4.10955644908368e-05	0.00026387678252011	0.00134101315706941	0.00641307098501742	0.0240985832123898	0.073259692965665	0.170329579217468	0.281106638664005	0.294939982451473	0.148195652377667	
1.08053516745774e-05	5.76285422644127e-05	0.000336406615468509	0.00173245805182391	0.00784828709963471	0.0277423802460883	0.0807332655717724	0.178377626871037	0.281166776280956	0.283814807798006	0.138179557571274	
4.31605616052276e-06	1.65448819486706e-05	7.55309828091483e-05	0.00042153481834439	0.00219903061378635	0.00910975586947671	0.0322502909741195	0.0875770955531673	0.186872283582154	0.282002477416236	0.272893440889453	0.126577698362344	
8.62140191179587e-06	2.0116604460857e-05	8.54955689586424e-05	0.00056470182522263	0.0027861497178287	0.0110346759969394	0.0362616164410134	0.0960998933101513	0.194385312004943	0.281041896421041	0.261188244718493	0.116523275989036	
5.7309669215753e-06	1.36110464387413e-05	0.000102441033723158	0.000681268692802264	0.00342640184823683	0.0134355355767681	0.0412715582857245	0.104325089098626	0.200632555473969	0.279755717534968	0.249304224797178	0.107045865644644	
7.16746201603505e-07	3.58373100801752e-06	1.21846854272596e-05	0.000142632494119097	0.000956856179140679	0.00442089057149042	0.0155598432906105	0.0461068496567502	0.112017396863805	0.205969922462396	0.2783390696921	0.2377525992801	0.0987174543468507	
3.57481443138287e-06	8.57955463531888e-06	2.85985154510629e-05	0.000233077900926163	0.00125404490252911	0.00523424329043079	0.017764682835314	0.0517819020014671	0.11922363610105	0.212067286587153	0.274665147132212	0.227231649405079	0.09050357695932	
7.13675012382261e-06	1.07051251857339e-05	4.42478507677002e-05	0.000332572555770134	0.0015972046777115	0.00617614355715609	0.0203547250281545	0.0571939154923144	0.126959216327742	0.216801622611508	0.27070835099679	0.216302050102841	0.0835121089239351	
2.85159650194657e-06	1.42579825097329e-05	7.05770134231776e-05	0.00039922351027252	0.00184213134025748	0.00716321041288979	0.0232918402278996	0.0624556665856338	0.133938061898179	0.220775591474582	0.266958622621858	0.206005034493624	0.0770829308423687	
7.14356129389897e-07	1.57158348465777e-05	7.6436105844719e-05	0.000461474059585873	0.0022980836682473	0.00844511816164736	0.026163293238905	0.0685903324756297	0.141019614790601	0.225857977429204	0.262333715751981	0.194359158259886	0.0703783658674927	
7.14473008281457e-07	3.07223393561026e-05	0.00010288411319253	0.000659458586643784	0.00280930786856269	0.00983186306696113	0.0294634379155107	0.0747903200338946	0.147479374950433	0.228932870259561	0.256473661309786	0.185117813026701	0.0643075720563891	
7.14713521379226e-07	4.4312238325512e-05	0.000210840488806872	0.000798335003380595	0.00335415055583271	0.0114139749364262	0.0331770016624236	0.0800000285885409	0.155079969295907	0.231489277153039	0.249773793170483	0.175376403876034	0.0592811983172785	
1.21257771196572e-05	7.41812247320203e-05	0.000254641319512801	0.00107348791559318	0.00411491812960601	0.0129831408901176	0.0371576607806718	0.0861358144099882	0.161568134028354	0.232725760571538	0.243544093605293	0.165508298311236	0.0548477430362375	
9.26101383880422e-06	7.97871961496979e-05	0.000356905225633916	0.00134783370638597	0.00470673218715227	0.015039886474218	0.0409115972114375	0.0914140428314766	0.167559523385485	0.233091169694543	0.236938052366047	0.157789866171226	0.0507553425364065	
1.42163284483659e-06	1.35055120259476e-05	9.38277677592152e-05	0.000393081481597318	0.00164625083432078	0.0054078913417584	0.0170837618964013	0.0451339995578722	0.0985042290023052	0.172186037717341	0.233648912131006	0.230674145403186	0.148785961091331	0.0464269746302511	
2.34820959691915e-05	0.000110294693188627	0.00049739348734742	0.00195043712277436	0.00640491957026341	0.0188746241085698	0.0495785319562863	0.104170847191328	0.177281997202073	0.233769246423961	0.224656058451918	0.139891384632463	0.0427907830638585	
6.42785977266803e-06	2.64256457320797e-05	0.000140698708357289	0.000524227674793148	0.00216118929689927	0.00715349372033811	0.0214069156629088	0.0540911541936428	0.110142805617949	0.181229221050527	0.232799225800001	0.218441529687785	0.132180365745221	0.0396963193360735	
7.15620858344282e-07	1.001869201682e-05	4.50841140756898e-05	0.000186061423169513	0.000642627530793165	0.00243597340180394	0.00837347966348645	0.0244606365590659	0.0586594417584808	0.115740223903454	0.184867767577795	0.231590653419093	0.21177511185154	0.124514451247613	0.0366977532367531	
1.43745593299155e-06	7.18727966495777e-06	6.97166127500904e-05	0.000210587294183263	0.000838036808934076	0.00295397194229764	0.00986669752405403	0.0272807574242802	0.0626522355674034	0.121316968376688	0.188706339971265	0.230145319607546	0.204252425886569	0.118250874871617	0.033447443376814	
1.43898764341311e-06	2.37432961163163e-05	6.40349501318832e-05	0.000288517022504328	0.00100513286892405	0.00327945283933847	0.0112032382977927	0.0299920999578377	0.067897192966804	0.126492769806586	0.192705627736775	0.227675185953178	0.197649989279542	0.111500677043686	0.0302208989931403	
7.21623074619434e-07	2.95865460593968e-05	9.23677535512875e-05	0.000326173629727984	0.00118057535007739	0.0040511919409135	0.0128153041821665	0.0333526968858356	0.072437967476448	0.131942284586492	0.194963792562231	0.224750949836372	0.190390145515293	0.105473150209451	0.0281930919023067	
2.17033984628206e-06	1.44689323085471e-06	3.90661172330771e-05	9.76652930826928e-05	0.000414534910639874	0.0013911878414668	0.00485866746921011	0.0145282549310121	0.0363502986387629	0.0766853412352996	0.136692344198537	0.196967745856098	0.221739281414946	0.184566423974442	0.099346583016946	0.0263189878692472	
2.89716302553632e-06	7.2429075638408e-07	2.89716302553632e-06	4.05602823575085e-05	0.000123129428585294	0.000444714524419825	0.00164558859850463	0.00581026044771309	0.0164095313766377	0.0394687761876377	0.0814624299520302	0.14155828259073	0.198869237271133	0.219832384633158	0.177216565109031	0.0933241396693323	0.0237878813119223	
1.44961780826485e-06	0	3.62404452066213e-06	5.00118143851374e-05	0.000130465602743837	0.000592168874676192	0.00202439126924186	0.0067081064077456	0.0182456145437255	0.0429427531431338	0.0857941803643469	0.146243242968991	0.200847446570712	0.215746618404058	0.171431802005401	0.0874706633596052	0.021767461008905	
1.45018540620418e-06	7.25092703102092e-07	2.90037081240837e-06	4.20553767799213e-05	0.000223328552555444	0.000726542888508296	0.00258785585737136	0.0077650177575203	0.0204650164523534	0.0465611028369977	0.0911383520383081	0.149401000917967	0.201679459718925	0.212742199090154	0.164652600835017	0.0819601286024418	0.020050263426179	
7.26247002415498e-07	2.17874100724649e-06	3.63123501207749e-06	6.10047482029018e-05	0.000255638944850255	0.000944121103140147	0.00271979502404604	0.00869099787790626	0.0222870680101268	0.049671663730208	0.095290142939935	0.153930957149974	0.203128381587605	0.209339972199265	0.157593420783156	0.0770816780953737	0.0189986215831894	
7.26679756591349e-07	0	6.54011780932214e-06	7.99347732250484e-05	0.000314652334604054	0.00101444494020152	0.00318721741240966	0.00970626150879065	0.0243910060299886	0.0533441075718577	0.100204051675651	0.157856643524339	0.204088736318437	0.205458527659612	0.149852992685242	0.0728314786043679	0.0176626781637093	
2.18315506659351e-05	9.8969696352239e-05	0.000375502671454083	0.00112432485929566	0.00386782305964816	0.0104987927152482	0.0262720880713863	0.0566230375255247	0.104870036778886	0.161943531966484	0.204845439898469	0.199952261675877	0.144317465677164	0.0687300878064968	0.0164588060470484	
4.3645251396648e-06	3.12790968342644e-05	0.000132390595903166	0.000428450884543762	0.00128098812849162	0.00438707518621974	0.0115950884543762	0.0285607250931099	0.0604326699255121	0.109506663175047	0.165336213919926	0.203609462290503	0.195577281191806	0.13941020716946	0.0647382739757914	0.0149688663873371	
7.28366070960336e-06	2.62211785545721e-05	0.000146401580263028	0.00045450042827925	0.00161551594539003	0.00499440614857502	0.0131033056165764	0.0308390194444606	0.0646716234405682	0.114044645926686	0.167446989517356	0.20200504612014	0.191609077189323	0.134625357627741	0.0607384466573824	0.0136721595179965	
7.28248315197523e-06	3.42276708142836e-05	0.000147834407985097	0.000602261356668351	0.00179731684190749	0.00562863122816165	0.0145569555724833	0.0340208482927675	0.0692054373932206	0.117652884810051	0.169725552339935	0.201344637689181	0.188007498044653	0.128134562810689	0.0567065115594855	0.0124275574988457	
1.30947946736195e-05	2.76445665331968e-05	0.000177507216686842	0.000663469596796722	0.00208425481888444	0.00596176901946177	0.0163255715150386	0.037203766644939	0.0723341907998883	0.121008997578918	0.17211434374709	0.201053112487196	0.183933123428625	0.122140242341	0.0535598926808828	0.0113990187633858	
1.3092394482574e-05	4.29139596928815e-05	0.000200750048732802	0.000786998379452505	0.00242718446601942	0.0069200578392894	0.0176885523012065	0.039913619290625	0.0761919170465886	0.125054915321302	0.174986398456843	0.199351344588913	0.178654450977711	0.116818344481265	0.0504086281789061	0.0105408322689702	
1.45495389978569e-06	1.74594467974282e-05	5.0923386492499e-05	0.00028662591825778	0.000919530864664553	0.00284370739713112	0.00808881620585852	0.0196164159538605	0.0424250007638508	0.0796419940434187	0.129270471565108	0.177222114717295	0.198065056808675	0.173334477897068	0.111902686863367	0.0469884636705286	0.00932479954372646	
5.08794882977177e-06	2.25323448175607e-05	8.57682802732955e-05	0.00029946213112371	0.000969617676987934	0.00328972234336386	0.00898604448320977	0.0215191161506033	0.0452187817996802	0.0829212094781218	0.133353685128652	0.179000581479866	0.196593254833551	0.167987352812909	0.106722634103794	0.0440965256577991	0.00892862334641663	
5.07877174984002e-06	1.81384705351429e-05	2.24917034635772e-05	0.000108830823210858	0.00036929926009551	0.00117174519657023	0.00366542212574168	0.00971351374097974	0.0230757622148088	0.0482476060846588	0.0879142645285521	0.136894664822831	0.180629419438346	0.193806655512717	0.163472602928565	0.101606633166121	0.0411881133523811	0.00808975785867374	
2.17407373588483e-06	1.52185161511938e-05	1.59432073964887e-05	0.00012609627668132	0.000450757954573454	0.00143488866568399	0.00417277219040828	0.0106645563657604	0.0252359232349058	0.0516364253010005	0.0918335992950204	0.141262615062852	0.181290935996719	0.190677137005779	0.15782833223905	0.0965266997995504	0.0390717284900768	0.00775419632465588	
1.44531122970693e-06	6.50390053368117e-06	2.67382577495782e-05	0.000140195189281572	0.000549218267288632	0.0017314828531889	0.00464956622596718	0.0117279779734569	0.0275078859793971	0.0546146980925505	0.0963140950364399	0.143661045610409	0.181690074686458	0.188053057375243	0.153056291259119	0.0922289228456733	0.0371163150344887	0.00692448610152589	
1.08066049969742e-05	2.08927696608167e-05	0.000186594046281087	0.00065343938215037	0.00193942537679029	0.00526641883519207	0.0132539408086222	0.0297282499063428	0.0586539292815769	0.100157776432956	0.146562058730296	0.180669144981413	0.185093369067174	0.148283190686147	0.0886019134895248	0.0345559205786577	0.00636292902221838	
7.20682803715552e-07	1.00895592520177e-05	4.46823338303642e-05	0.000232780545600123	0.000741582605023303	0.00224348556796651	0.00576834516093928	0.0144907691343086	0.0320804743245941	0.0621120474382249	0.10366013175523	0.148085181824668	0.181289200640255	0.182149695907891	0.14498984918271	0.0838853163040791	0.0321806492343106	0.00603499779831403	
7.21943471826156e-07	1.94924737393062e-05	7.14724037107894e-05	0.000261343536801068	0.000877883261740606	0.00243367144352597	0.0064946034725481	0.0162495036638631	0.0341601992563982	0.0650478287550085	0.1063292784175	0.150868858968343	0.18234848211385	0.179864996570769	0.139837562718839	0.0794108941269899	0.0302667581128398	0.00545644876006209	
1.44641607026111e-06	1.51873687377416e-05	0.000123668574007325	0.00030013133457918	0.000990795008128858	0.00274891374153123	0.00744831955380957	0.0174524563037705	0.0367577715935455	0.0674796489258914	0.109977522694268	0.154368031890582	0.182787214839072	0.175855989030381	0.134249107561285	0.0761364491064042	0.0281118195335597	0.0051955265243779	
4.34519378115866e-06	3.11405554316371e-05	0.000126010619653601	0.00034616710456564	0.00103198352302518	0.00308074239084149	0.0084897844494205	0.0187821001190583	0.0386135645362664	0.0707462725479347	0.113850594857029	0.156280687931079	0.182142557117572	0.172541127259139	0.130076272634839	0.0728956950716812	0.0262304864589278	0.00473046762975473	
7.98403193612775e-06	2.90328434041009e-05	0.000131373616403557	0.000421702050444565	0.00119905643258937	0.00363346035202323	0.00925494465614226	0.0204304119034658	0.0413072037742696	0.0746797314461985	0.116525494465614	0.157535837416077	0.181032117583016	0.170535293050263	0.126035202322627	0.0684797677372528	0.0244979132643803	0.00426347305389222	
1.45328875612289e-05	5.30450395984854e-05	0.000142422298100043	0.000486125088923106	0.00135446512070653	0.00409173449286399	0.00997828059953974	0.0221822729290817	0.0440985940157929	0.0783024715355231	0.11950974757101	0.16026577744772	0.180305902750276	0.166995957677325	0.121080752716378	0.0647040486444812	0.0226044533127354	0.00382941587238381	
5.08155533341899e-06	1.66965389526624e-05	6.31564734296361e-05	0.00015244666000257	0.000494362740294048	0.00171901757564803	0.00462203754398268	0.0107387782924667	0.0239863930466901	0.0465586618377372	0.0811008971848909	0.123364192892937	0.162145171324638	0.179245330958069	0.163442419807612	0.116333498120913	0.0611231253597923	0.0212162194535005	0.00367251263310953	
8.72016341586241e-06	1.30802451237936e-05	4.94142593565537e-05	0.00018021671059449	0.000630031806796059	0.0019838371771087	0.00511582920397262	0.0118579688850036	0.0258218572349379	0.0491940752303031	0.0843624942864763	0.126072489265115	0.163370081555328	0.179198631515688	0.159449641419614	0.111766334501109	0.0578364838557075	0.0198107579202701	0.00327805476407961	
9.45702147471338e-06	1.23668742361637e-05	4.29203282313915e-05	0.000205144619682244	0.000721643484839667	0.00213655939009486	0.00556363847989292	0.0130070418436827	0.0272398591631263	0.0519037711691788	0.0877306058313449	0.129759064191352	0.165029389512891	0.177480649479136	0.154787435255776	0.107938805796427	0.0547787056974917	0.0185117558051563	0.00314118605598557	
2.90444801691551e-06	7.26112004228876e-06	4.35667202537326e-06	5.80889603383101e-05	0.000229451393336325	0.000877143301108483	0.00237729070184534	0.00613855088375092	0.0141671713145096	0.0291904286820051	0.0553718492184856	0.0914610680526693	0.132431211779279	0.166015344198873	0.174928369050783	0.15122589489674	0.103189229144974	0.052362114960957	0.017042574851256	0.00291969636900431	
7.23992907765476e-07	5.06795035435833e-06	3.61996453882738e-06	1.01359007087167e-05	8.39831773007952e-05	0.000283081226936301	0.00104037780845899	0.00277361682964954	0.00679539743228675	0.0153204139212252	0.0314640077785798	0.0583169047276013	0.0946504888038117	0.135196263617402	0.166892673119374	0.172362439537542	0.147500523084876	0.0989452147326765	0.0495450066571148	0.0161566257296944	0.00265343400696047	
1.45136827744356e-06	7.2568413872178e-07	1.45136827744356e-06	2.90273655488712e-06	7.2568413872178e-06	1.52393669131574e-05	0.000112481041501876	0.000400577644574423	0.00122858324685597	0.00302900559502471	0.00747890073366666	0.0166210695132836	0.0338974318038331	0.0610786569037961	0.0972191783804181	0.137512064498806	0.166664247719538	0.170918933824863	0.143551933585388	0.0951582354264483	0.0473523414198736	0.0152879877504517	0.00245934354612811	
1.45206163711237e-06	1.45206163711237e-06	2.17809245566856e-06	5.80824654844949e-06	4.35618491133712e-06	2.83152019236913e-05	0.000142302040437012	0.000470467970424409	0.00136566396970419	0.00329400182378942	0.0080683804866149	0.0177594398527029	0.0361766636270176	0.0633316683026561	0.100488473534725	0.140201633278929	0.16828595740232	0.16888928901254	0.139959138985532	0.090880181681952	0.044581196382624	0.0139579424867427	0.00210403731217583	
7.26569935989189e-07	1.45313987197838e-06	2.17970980796757e-06	3.63284967994594e-06	6.5391294239027e-06	1.74376784637405e-05	3.12425072475351e-05	0.000159845385917621	0.00048316900743281	0.00142553021441079	0.00365028735840968	0.00875516772866972	0.0195759737853567	0.0379741777044749	0.06653200903853	0.104225730747713	0.1432701459679	0.167449666867684	0.167223703617592	0.135663685308029	0.0870830396779842	0.0417160128748193	0.0127898105832177	0.00195883254742685	
1.4534123214483e-06	1.4534123214483e-06	3.63353080362074e-06	2.18011848217244e-06	1.16272985715864e-05	1.30807108930347e-05	5.81364928579319e-05	0.000170049241609451	0.000590085402508008	0.00158349272421792	0.00420036160898558	0.009810533169776	0.0209720130923382	0.0406395886261765	0.0698742507659483	0.107154276811097	0.14491029539152	0.167440366492451	0.164275561162497	0.131727845635984	0.0834789168008651	0.0393227970629444	0.0118809190216791	0.00187708201315047	
7.24977580068336e-07	1.44995516013667e-06	9.42470854088837e-06	7.24977580068336e-06	7.24977580068336e-06	1.88494170817767e-05	7.3222735586902e-05	0.000217493274020501	0.000624205696438838	0.00178271986938804	0.00462608193841605	0.0106383210099228	0.0227954700500887	0.0429288224261665	0.0729407193082554	0.110618529121987	0.145530549467758	0.167370499067316	0.161562703673389	0.128068014496652	0.0805732832712148	0.0367730377938062	0.0110994067508462	0.00173197143878326	
7.25242049534032e-06	4.35145229720419e-06	4.35145229720419e-06	2.97349240308953e-05	7.90513833992095e-05	0.000264713348079922	0.000733219712078906	0.00209522428110382	0.00506436523189615	0.011858432751931	0.0241694165427712	0.0456909743626936	0.0763077927258222	0.113037676324473	0.147151611850455	0.166507596910469	0.159342205461073	0.124806904304312	0.076206984080937	0.0346999311020053	0.010259999274758	0.00167821010262175	
1.45274721762589e-06	5.81098887050357e-06	4.35824165287767e-06	2.6149449917266e-05	0.000117672524627697	0.00028110658661061	0.000841140639005391	0.00231204719685161	0.00577612293728054	0.0127885337567607	0.0260572004689468	0.0477576120322336	0.0790977277580769	0.115396069737677	0.148905863433045	0.166699837728136	0.156431094020347	0.120573660821296	0.072861083952809	0.032848067337739	0.00972033163313484	0.00149705600776348	
7.27536227666457e-07	3.63768113833228e-06	3.85594200663222e-05	0.000144779709305625	0.000306292751847578	0.000963985501658055	0.00261549273846091	0.00634557097770683	0.014021078179588	0.0278035244765013	0.0501046924631612	0.0822275995233183	0.118316306560485	0.151014694776726	0.16580405121273	0.152071077379298	0.116675712367097	0.0701526807527381	0.0310294201099744	0.00907746951259438	0.00128264636937596	
7.28476435244273e-07	5.09933504670991e-06	4.95363975966105e-05	0.000124569470426771	0.000344569353870541	0.00109271465286641	0.00294523022769259	0.00685059239703714	0.014788800111894	0.029893758996684	0.0528531508062777	0.0851763787145013	0.121469803194806	0.152098594914652	0.163456271016545	0.150174688649172	0.112825701814198	0.0668413553158382	0.0293459447173803	0.00847800875337285	0.00118450268370719	
1.45657724738945e-06	8.7394634843367e-06	3.78710084321257e-05	0.000148570879233724	0.000413667938258604	0.00122789461954931	0.00314547856573752	0.00734624734720869	0.0159509774361619	0.0316783702648494	0.0557592336073155	0.088174631959344	0.123951082309724	0.152075404090943	0.162101753573348	0.146927860098669	0.109918417108374	0.0640304075066165	0.0278810733809051	0.00806579650741908	0.00115506575717983	
3.63779229661103e-06	1.60062861050885e-05	5.52944429084877e-05	0.000173158913318685	0.000504198012310289	0.00129141626529692	0.00346608850021099	0.00807444378155785	0.0171762001076787	0.0328820045690671	0.0578685447375697	0.090301645737235	0.125372873710403	0.153243455611658	0.162256449805742	0.144210089780714	0.106490549015613	0.0616860439736333	0.0262524918877232	0.00762554021215605	0.00104986685680194	
1.16475283216931e-05	2.54789682037036e-05	8.44445803322749e-05	0.000187088423667195	0.0005255947155164	0.00158187994018994	0.0038669794028021	0.00851798305575817	0.0182487649980126	0.0348086383893798	0.0602279130104347	0.0932173530700701	0.128124995450184	0.154412738901725	0.160623055408748	0.141433752498759	0.102253651136144	0.0588542326389951	0.0249504616061068	0.00711882371611479	0.000924522560534389	
1.02076453805665e-05	2.6977348505783e-05	8.45776331532656e-05	0.000242067019024864	0.000652560186829075	0.00184685469635536	0.00426679576907681	0.00933707905310965	0.0195556611965839	0.036594408689331	0.0630701243364119	0.0962041412417309	0.129750838667436	0.15445771519357	0.159678196688202	0.138533788399886	0.0986554343681212	0.056185796644747	0.0236394484663377	0.00638123659790845	0.000826090158298706	
1.0210965847966e-05	2.0421931695932e-05	7.65822438597451e-05	0.000280072206115639	0.000759987600970042	0.00198676221213282	0.00451981109713181	0.0101438652152508	0.020871943547946	0.0387936473205332	0.065374979486899	0.0988705942417446	0.131837426836606	0.155715041117371	0.15798406359973	0.135276334263261	0.0952194445963933	0.0534040807395657	0.0221709242747479	0.00589099793957296	0.000792808562624218	
7.30993083343445e-07	9.50291008346479e-06	3.94736265005461e-05	0.000121344851835012	0.000315058018921025	0.000857454886761861	0.00210672206619581	0.00488815074831762	0.0111586094172377	0.0224254058108102	0.0409933611208171	0.0683639351404457	0.101818564592742	0.134129920862689	0.155546556218485	0.155963953269074	0.131482263914819	0.0913383167568469	0.0512703928795426	0.0209115191352059	0.00548610309049256	0.000772659689094022	
1.46763462062012e-06	8.07199041341066e-06	4.69643078598438e-05	0.000139425288958911	0.000318476712674566	0.000923142176370055	0.00237756808540459	0.0054419891732594	0.0119692941484674	0.0237712779501841	0.0428314487681776	0.0709505942819487	0.10434808770878	0.135790691820946	0.155459197189186	0.15395267025112	0.128316028698127	0.0890223131829546	0.0489786363766449	0.0193720431748753	0.00518808838389212	0.000792522695134865	
2.9378346836356e-06	2.2033760127267e-06	1.02824213927246e-05	5.43499416472586e-05	0.000138812688801782	0.000395138764948988	0.00107524749421063	0.00269913561559021	0.00578679986809122	0.0130315001979366	0.0254989361366152	0.0454314100064118	0.0735112339126009	0.106582438946287	0.137593487408073	0.155688345683256	0.151579783878191	0.12523548581136	0.0855688419129123	0.046204060528208	0.018381297156837	0.00485991302540419	0.000668357390527099	
7.35151411784771e-07	5.1460598824934e-06	3.67575705892386e-06	8.08666552963248e-06	7.27799897666924e-05	0.000154381796474802	0.000438150241423724	0.00122255679779807	0.00285606323478384	0.00669869966418284	0.0143251604100381	0.0270763616474449	0.0475466527085919	0.0762425529161986	0.108574512006493	0.138475325378015	0.155305146648004	0.149212211747131	0.122712943957938	0.0828515641081437	0.0437150435503696	0.0172885557509425	0.00461086965471409	0.000602824157663512	
1.46774124895974e-06	8.07257686927856e-06	1.39435418651175e-05	6.89838387011077e-05	0.000158516054887652	0.000497564283397351	0.00128794294596217	0.00315637755588792	0.00727926272421582	0.015221210622337	0.0285673817991279	0.0497336783503763	0.0786423099898873	0.111151310913097	0.139661450803515	0.154205298839457	0.147610003537256	0.120236629244157	0.079437091876199	0.0420111577689746	0.0162926617340776	0.00427553025821972	0.000482153000283274	
2.93548465218543e-06	5.87096930437086e-06	8.07258279350994e-06	3.66935581523179e-05	6.60484046741722e-05	0.00018933876006596	0.000548935629958676	0.00143838747957086	0.00348001705516583	0.00793975211299855	0.0162779962675313	0.0305261048980763	0.0516417798724092	0.08100543284822	0.113124038170107	0.140273601847007	0.153910395798734	0.146076321133215	0.116751563329045	0.0769596011263455	0.0396378492584599	0.01573566547804	0.00390492845856967	0.000458669476903974	
1.46552141053505e-06	4.39656423160514e-06	1.6853496221153e-05	3.66380352633762e-05	7.54743526425549e-05	0.000181724654906346	0.000610389667487847	0.00153220263471439	0.00392759738023393	0.0086934730072939	0.0174448341103039	0.0317842283516841	0.0544411893585559	0.0835852808891611	0.115282310716918	0.141695403098992	0.153136728751039	0.143949375028394	0.113653383669109	0.0731734840280149	0.0380053667394054	0.0147248263723509	0.0036191051233163	0.000424268448349896	
3.65650232151332e-06	5.11910325011865e-06	2.92520185721066e-05	3.80276241437386e-05	6.94735441087532e-05	0.000216464937433589	0.000733494365695573	0.00174049510504034	0.00424666179620557	0.00909518387453224	0.0184251151981056	0.0341853715042924	0.0570012146900712	0.0864894433121476	0.1177174357388	0.142636499059913	0.152752578382612	0.140782652382906	0.109875700860082	0.0704483676276686	0.0362118050908751	0.0135970695327794	0.00328792688750478	0.000410990860938098	
3.64554776542504e-06	2.91643821234003e-06	8.7493146370201e-06	2.40606152518053e-05	3.28099298888254e-05	8.16602699455209e-05	0.000243522590730393	0.000778689002694789	0.00193359853478144	0.00454016518706035	0.00976423513491443	0.0196320038263669	0.0361536262992732	0.0594705498069318	0.0888376243860898	0.120565555698137	0.143828525098867	0.151688326081124	0.137990544907316	0.106434683449796	0.0678560387769625	0.0341894051632622	0.0125771397907164	0.0029667467715029	0.000395177377772075	
7.26685037264409e-07	7.26685037264409e-07	7.26685037264409e-06	7.26685037264409e-07	9.44690548443731e-06	4.36011022358645e-05	8.7202204471729e-05	0.000262333298452452	0.000861121769158324	0.00218005511179323	0.0050758949852919	0.0106103282290976	0.0209772169707117	0.0383835036683061	0.0614041589638053	0.0918210145685816	0.121657248828584	0.145008545816038	0.150470310556118	0.134742666294604	0.103008330717267	0.0656189321799388	0.0324043391816945	0.012128373271943	0.00287767274756706	0.000358255723371354	
1.44785268967594e-06	1.44785268967594e-06	2.17177903451391e-06	1.15828215174075e-05	3.90920226212504e-05	9.62822038634501e-05	0.000374269920281231	0.000928073574082279	0.00243818392941429	0.00547288316697506	0.0113432018972662	0.0226712013412907	0.0401996299288525	0.064189825070438	0.0933684003254773	0.123999895754606	0.145454176910224	0.148338299468059	0.132435085524658	0.100407860102682	0.0626746472306922	0.0311382438705156	0.0113736068037494	0.00271472379314239	0.000325766855177087	
1.44626963672599e-06	0	1.44626963672599e-06	9.40075263871895e-06	4.04955498283278e-05	0.000143180694035873	0.000398447284918011	0.00113242912555645	0.00263076446920458	0.00581906588336703	0.0123800680903745	0.023881527376438	0.04193024930796	0.0665284032893957	0.0962788928516677	0.126454585687137	0.145115079674994	0.14725483560253	0.129634932618298	0.097277542035827	0.0602262833473622	0.0295436730042202	0.0105165496634531	0.00253964948209084	0.000261051669429042	
7.23719920390809e-07	0	0	2.89487968156323e-06	7.9609191242989e-06	5.64501537904831e-05	0.000178035100416139	0.000481273747059888	0.00119486158856523	0.00284132440745432	0.00633544418310114	0.013087027320427	0.0252491405825945	0.0438813099330559	0.0693490139316085	0.0988261262891261	0.127664193956939	0.145207164827212	0.145242627103311	0.126969422833363	0.0947913877329473	0.0580568120137507	0.0276345214402026	0.0102543875520174	0.00241143477474217	0.000276461009589289	
5.06966443166889e-06	1.66574688469121e-05	5.64905465243105e-05	0.000239722703840343	0.000546799520844287	0.00142819689417872	0.00307366512114325	0.00692733432698756	0.0137409633231505	0.0268011431369056	0.0455523833940969	0.0711129072207955	0.101803207214567	0.129036720303716	0.144418806427176	0.144026993790385	0.125430016179472	0.0918217621863869	0.0553172813272671	0.026779416003627	0.00953748727152109	0.00213794991461237	0.000189026059523654	
