# <P(N_1)> as a function of N_tot.
# number_of_species: 2
# species_total_upper_bound: 100
# species_total_lower_bound: 0
# volume: 512
# Bin widths for each species index 
1	1	1	1	1	1	1	1	1	1	1	1	1	1	1	1	1	1	1	1	1	1	1	1	1	1	1	1	1	1	1	1	1	1	1	1	1	1	1	1	1	1	1	1	1	1	1	1	1	1	1	1	1	1	1	1	1	1	1	1	1	1	1	1	1	1	1	1	1	1	1	1	1	1	1	1	1	1	1	1	1	1	1	1	1	1	1	1	1	1	1	1	1	1	1	1	1	1	1	1	1	
# Bin lower bound for each species index 
0	0	0	0	0	0	0	0	2	3	3	5	6	6	7	8	8	8	9	10	10	11	12	13	14	14	15	16	16	17	18	19	20	21	22	23	24	25	26	26	26	27	28	29	29	29	30	31	32	33	36	36	37	38	39	40	40	41	41	42	43	45	45	47	47	48	49	50	50	51	52	53	53	51	52	52	53	54	57	58	60	61	62	63	64	65	66	67	68	69	69	69	69	70	71	71	71	73	74	74	78	
# Bin upper bound for each species index 
0	1	2	3	4	5	6	7	8	9	10	11	12	13	14	15	16	17	18	19	20	21	22	23	24	25	26	27	28	29	30	31	32	33	34	35	36	37	38	39	40	41	42	43	44	45	46	47	48	49	50	51	52	53	54	55	56	57	58	59	60	61	62	63	64	65	66	67	68	69	70	71	72	73	74	75	76	77	78	79	80	81	82	83	84	85	86	87	88	89	90	91	92	93	94	95	96	97	98	99	100	
# Normalized histogram for each species index 
1	
0.0796097121774107	0.920390287822589	
0.0062976781534906	0.146573048561944	0.847129273284566	
0.000487735464845264	0.0175094087802197	0.201630037438849	0.780372818316086	
3.41409455286091e-05	0.00179971555715097	0.0321441879429788	0.246671257810961	0.719350697743381	
2.92196313066922e-06	0.000182135701811715	0.00418132923998765	0.0497191506437572	0.284028452128991	0.661886010322322	
4.86121711265093e-06	1.65281381830132e-05	0.000462787869124368	0.00780517019607233	0.0678752300570999	0.315081731643315	0.608753690879093	
6.79980028015177e-06	2.91420012006504e-06	4.95414020411058e-05	0.00107922544446409	0.0128331659287264	0.0870743567874635	0.338224980134869	0.560729016302035	
1.0629713915745e-05	0.00012272487884542	0.00202641000739248	0.0183604149453778	0.107498296829929	0.354302859876212	0.517678663748327	
1.54269653712837e-05	0.000270936079333169	0.0033563291535899	0.0260715714774694	0.126682382887639	0.368457640927739	0.475145712508858	
9.612630227108e-07	2.403157556777e-05	0.000507546875991302	0.00532059083070428	0.0341719391943462	0.146925207969255	0.376946797936745	0.436102924354368	
5.40004705755293e-05	0.000923793764488519	0.00758417323350961	0.0435745225779825	0.165000366431765	0.380711031910421	0.402152111611258	
9.94958554663313e-05	0.0014905058736364	0.0105687782005547	0.0528313332734426	0.181642724872708	0.382792433291893	0.370574728632299	
1.06437020731029e-05	0.000194489465153971	0.00221485764048477	0.0137729504825951	0.0627910689663514	0.197503568059218	0.382672053024989	0.340840368659135	
1.74919464163375e-05	0.000366359099942179	0.00299500993639734	0.0171110106943817	0.0736770500804144	0.212761346685519	0.378964962659553	0.314106768897376	
6.52141750309524e-05	0.000570380695046837	0.00417662723966891	0.0212997282418258	0.084473770274795	0.2263184943507	0.375025306993296	0.288070478029636	
1.36380861089274e-05	0.000125665222003688	0.000827052507605668	0.00555459764236457	0.0265669917401906	0.09602479014395	0.238334322094576	0.36763117159927	0.26492177096393	
2.92023381338733e-06	2.62821043204859e-05	0.000162559682278561	0.00119242880713316	0.00737553720134525	0.0324038878046169	0.107296204182748	0.2478295362182	0.358667010605316	0.245043633160228	
7.79751415248819e-06	3.50888136861968e-05	0.000216381017731547	0.00163162983640815	0.00938723235032672	0.0383140604775198	0.118361391388425	0.256665899911108	0.349947561717324	0.225432956973317	
1.75440306435735e-05	5.84801021452451e-05	0.000337235255704247	0.0022544079376992	0.0117476778526106	0.0454136979892592	0.129107496174427	0.263817386134368	0.339586155810485	0.207659918712658	
2.92341813844529e-06	7.79578170252077e-06	9.1600435004619e-05	0.000541806828325193	0.0031631384257978	0.0144640984763145	0.0515271936355238	0.139434377058574	0.270175483046124	0.329009273082335	0.191582309812161	
2.91820845346625e-06	1.84819868719529e-05	0.000111864657382873	0.000761652406354691	0.00421389300680526	0.0169878641437782	0.0585246705342656	0.150574692518103	0.274918581984148	0.319165431291755	0.174719949262082	
4.87258672960749e-06	2.5337450993959e-05	0.000197827021222064	0.0010290903172931	0.00529845080977519	0.0204239345358228	0.0662243007594414	0.16080900531989	0.279002367102633	0.305778205699172	0.161206608397026	
9.72826049946835e-06	4.28043461976607e-05	0.000287956510784263	0.00135028255732621	0.00652960844724316	0.0242467164688749	0.0733676222088405	0.170190080481899	0.280404462158526	0.294564918141552	0.149005820418257	
6.80485049743457e-06	6.22157759765447e-05	0.000334409795873928	0.0016535786708766	0.00795487023150101	0.0278959985534832	0.0808046832925366	0.177717419834001	0.28113948193701	0.284474830802253	0.137955706255991	
1.9429454080914e-06	1.16576724485484e-05	6.50886711710618e-05	0.000405104117587056	0.00212266785833985	0.00933002384965488	0.0323675275533946	0.0875792357424237	0.186529559485702	0.283058001777795	0.272557353319765	0.12597183700631	
5.82331480548673e-06	1.55288394812979e-05	8.34675122119764e-05	0.000564861536132213	0.00276025121780071	0.0110681803402951	0.036161814389605	0.0959983151209163	0.194941286428474	0.281577652447102	0.260833064005024	0.115989754848152	
2.90126137173572e-06	1.54733939825905e-05	0.000107346670754222	0.000663421767003568	0.00349795412718936	0.0133902883176843	0.0414213086042709	0.104218143908367	0.201316592410494	0.280021043815816	0.248518180754386	0.106827344968681	
9.67831225719534e-07	4.83915612859767e-06	1.25818059343539e-05	0.000150981671212247	0.000907825689724923	0.00451396483675591	0.0156033750210503	0.046126836217793	0.112090341237934	0.206450014420685	0.277937900077233	0.237375125576102	0.0988252464582216	
4.81700673128521e-06	1.15608161550845e-05	3.75726525040246e-05	0.000238923533871746	0.0012244831110927	0.00527558577210356	0.0177737914370962	0.0516980430428454	0.1190686991866	0.212211304744077	0.274735088714813	0.227340559485698	0.0903795704964118	
9.58730487437754e-06	1.43809573115663e-05	5.17714463216387e-05	0.000342266784015278	0.00156081323354866	0.0062164084805464	0.02052354354458	0.0570722671866821	0.126896608586774	0.217232030035109	0.27015491167216	0.215993350245339	0.0839320605227382	
3.83110203565607e-06	1.53244081426243e-05	6.89598366418092e-05	0.000413759019850855	0.00180157573226727	0.00717086523523924	0.0234836977030628	0.0624153565893997	0.133766758676967	0.220769170355699	0.26637365121264	0.206430313211747	0.0772867369163077	
9.58661555083255e-07	1.62972464364153e-05	7.66929244066604e-05	0.000471661485100961	0.0023017463937549	0.00858960753354597	0.0262855411788278	0.0687494547612405	0.140696045808684	0.225396670184955	0.262847742495837	0.194349457062028	0.0702181242636281	
9.56555176972273e-07	3.34794311940296e-05	0.000102351403936033	0.000666718958349675	0.00287157864127076	0.00991469440931761	0.0296159048342386	0.0744726033031763	0.147054097021478	0.22915809752654	0.256814977358339	0.18508864396825	0.0642058965887329	
9.57297816307951e-07	4.11638061012419e-05	0.000232623369362832	0.000845293971799921	0.00345680241468801	0.0115430970690413	0.0332048320564576	0.0798750151971028	0.15551207296141	0.231519604980629	0.249623063984829	0.175183585788722	0.0589618871020393	
1.33808672713544e-05	6.49927838894358e-05	0.000290555975035125	0.0010991426687184	0.00412990910568018	0.0130348762747666	0.0372924770852648	0.0859500893650779	0.161628451546924	0.233121469601537	0.244004893574316	0.164976535693463	0.0543932254580558	
3.81859752459415e-06	8.49637949222199e-05	0.000405725986988129	0.00136610326442356	0.00478470269831648	0.0150443195975198	0.0408809504489239	0.0910535033245665	0.168027837575954	0.233396499300719	0.236840874267903	0.157596383788144	0.0505143173540938	
1.71337354684506e-05	0.000102802412810704	0.000412161525435506	0.00166482796301778	0.00546375786605036	0.0170547299104572	0.0454148696075137	0.0983409784695576	0.172257817028839	0.23327390465457	0.231037000301744	0.148579946485633	0.0463800700389031	
3.14882491579279e-05	0.000118319481684335	0.000504766175895268	0.001946546311581	0.00642932796442782	0.0189597427505463	0.0497228079884734	0.104221333765899	0.177031707712713	0.234016850984246	0.224814648715184	0.139536836480568	0.0426656234196239	
8.63557858376511e-06	3.45423143350605e-05	0.000128574170024947	0.000545960468240261	0.00221262713490693	0.00713010938399539	0.0214507772020725	0.0540462483208597	0.110504701592784	0.181213778545385	0.233108808290155	0.218106889272692	0.132004413740165	0.0395039339857993	
9.63264928679865e-07	1.34857090015181e-05	5.10530412200328e-05	0.000168571362518976	0.000689697688934783	0.00245343577334762	0.00835343346151179	0.0244216557368206	0.0586223770295992	0.116073423905924	0.18493530712739	0.231975386654542	0.2114222028713	0.124298743131921	0.0365202632410397	
1.93561187110761e-06	9.67805935553803e-06	8.41991163931808e-05	0.000223563171112928	0.000859411670771777	0.00294600126782578	0.00983387611116219	0.0272911595766817	0.0626915650873687	0.121278665202054	0.188847004398678	0.229803583785379	0.204156726493204	0.118280402413708	0.0336922280344345	
1.93488904862473e-06	3.09582247779957e-05	7.83630064693015e-05	0.000301842691585458	0.0010167841950523	0.00333768360887766	0.0110733700252793	0.0300526967032393	0.0680558525072776	0.126365668876632	0.192334743544968	0.227984106821355	0.1976363395382	0.111474762758417	0.0302548926088206	
9.70420609404734e-07	3.68759831573799e-05	0.00011062794947214	0.000340617633901062	0.00116450473128568	0.00404277225878012	0.0128988307402077	0.0335658784587004	0.0723943478822026	0.132304234624413	0.195016696086585	0.224664016124509	0.190158770515905	0.105314896635649	0.0279859599546231	
2.92244702334158e-06	1.94829801556106e-06	4.77333013812459e-05	0.000106182241848078	0.000399401093190017	0.00139985212418062	0.00487464163493376	0.0146375629909102	0.0361857390430155	0.0768077526674635	0.13694878996081	0.196810246488923	0.221863410671023	0.184755152517639	0.0990027636607351	0.0261559008589072	
3.90224105703906e-06	9.75560264259764e-07	3.90224105703906e-06	4.29246516274296e-05	0.000140480678053406	0.000435099877859855	0.00164577016580622	0.00582019253657375	0.0162694185270601	0.0393950745913378	0.0813890417266636	0.142422042979283	0.198526513776862	0.21997810842767	0.177223204286222	0.093141616230201	0.0235617315024018	
1.95160602538844e-06	0	3.90321205077689e-06	5.95239837743475e-05	0.000149297860942216	0.000585481807616533	0.00201210581217548	0.00662570245619376	0.0182436131253312	0.0431500092213385	0.0858589554809392	0.146614402657307	0.200504099836358	0.215979359814676	0.17127294478809	0.0871314026094924	0.0218072457276905	
1.95367256252485e-06	9.76836281262424e-07	3.9073451250497e-06	4.59113052193339e-05	0.000255931105690755	0.000721882011852931	0.00253293647731347	0.0077287286573483	0.0203474997386963	0.0468861878280338	0.0912892578290986	0.149847662381937	0.201984345221756	0.212582042037173	0.163934618394023	0.08177291877704	0.0200632403808489	
9.77712075526302e-07	2.93313622657891e-06	3.91084830210521e-06	6.64844211357886e-05	0.000270826244920786	0.000908294518163935	0.00270044075260365	0.00875932248464014	0.0222937907461507	0.0498408284741043	0.0954628293423126	0.154274166109371	0.202634738501128	0.208667222007126	0.157871168835232	0.0769635391612795	0.0192785267052276	
9.78138602239937e-07	0	4.89069301119969e-06	8.41199197926346e-05	0.000304201105296621	0.000992810681273537	0.00326209223847019	0.00988800313004353	0.0242637061671639	0.0532185650706705	0.100473419083484	0.157687680344305	0.203712035995501	0.205224238274564	0.14997799188145	0.0730033745781777	0.0179018926981953	
2.35531496449363e-05	0.000102063648461391	0.000336613763675548	0.0011413463765442	0.00404329068904739	0.0106725209328617	0.0262735384289264	0.0568779122488155	0.10487824984396	0.161572643801792	0.205305935786263	0.199392132462914	0.144178642789007	0.0686279897779331	0.0165735663001535	
3.92055773854388e-06	3.3324740777623e-05	0.000123497568764132	0.000416559259720288	0.00137121506905572	0.00455764837105727	0.0115627049104006	0.0284171826284007	0.0603079794131513	0.109301229192865	0.165267190910579	0.203745504835518	0.195450584800194	0.139598319256897	0.0647725145379182	0.0150706239469627	
8.81134039089064e-06	2.44759455302518e-05	0.000164478353963292	0.000469938154180834	0.0017113581114752	0.00506162553565607	0.0129947690009213	0.0305861205724238	0.0644324370894772	0.113792586921425	0.167207911408826	0.202183058533734	0.191594764497347	0.134918265027496	0.0611869267121658	0.0136624727949865	
5.87169753711647e-06	3.52301852226988e-05	0.000162450298526889	0.000629250252727648	0.00180456837640713	0.00559572775287199	0.0142594174688873	0.0339041601955667	0.0684698649803151	0.117820504163523	0.169509057582759	0.201139892215206	0.188361121141928	0.128968900553995	0.056982867365203	0.0123511157693245	
1.1712493423923e-05	3.22093569157881e-05	0.000174711360240184	0.000652971508383705	0.00212191339196738	0.00574790614779019	0.0162178992276587	0.0368152949547459	0.0721870250949932	0.121359976653096	0.171264959050195	0.200888783042652	0.184229713229359	0.122662015505389	0.0541283123175413	0.0115045966656483	
1.55931588913654e-05	4.38557593819651e-05	0.000187117906696385	0.000816691696935262	0.00239549903468601	0.00673624464106985	0.0175335326009097	0.0397927669183338	0.0762554198409303	0.124934338182481	0.174353931571371	0.199478408835084	0.1787151431988	0.117477884515116	0.0506972578455517	0.0105663142937615	
1.94989738665003e-06	1.46242303998752e-05	4.77724859729257e-05	0.000261286249811104	0.000925226309965438	0.00278055367336294	0.00793218256889231	0.0193488317677282	0.0426822788450758	0.0800705862853967	0.129046158945885	0.17653980959252	0.198304564222308	0.173197685471802	0.112249742857282	0.0472031159360239	0.00939363066018651	
6.82618485503621e-06	1.95033853001035e-05	8.19142182604345e-05	0.000306203149211624	0.000923485293959899	0.00323853712908218	0.00884966107992195	0.0214303197677537	0.0454136326712909	0.0831185523027159	0.133448988408163	0.178588598515987	0.196274268306121	0.167757393489575	0.106875625936772	0.0446305717514918	0.00903591840953794	
6.81746908277771e-06	1.36349381655554e-05	2.24002555576982e-05	0.000109079505324443	0.000395413206801107	0.00112293455034896	0.00366098089745163	0.00960970963425252	0.0230001928369826	0.0483806563080094	0.0883134944983024	0.136568514590358	0.180272387107582	0.193492433583242	0.163303706560548	0.101797474419882	0.0415914310257174	0.00833873861239182	
2.92248688046931e-06	1.55865966958363e-05	1.75349212828159e-05	0.00012858942274065	0.000461752927114151	0.00140474202721225	0.00417915623907112	0.0106865603595828	0.0251548187424929	0.051712431187611	0.0919229281759883	0.141323672241148	0.181065597166357	0.190106797412235	0.157935087669736	0.0965726048028149	0.0395129967862386	0.00779622083479864	
1.9441466119843e-06	7.77658644793721e-06	3.40225657097253e-05	0.000145810995898823	0.000546305197967589	0.00168265889267241	0.00454930307204327	0.0117144554105114	0.0275310601723097	0.0546985649281784	0.0961730446016395	0.143528567776353	0.181325694133246	0.187621812936157	0.153790745667712	0.0922847513776709	0.0373451122696065	0.00701836926926333	
1.45428738463865e-05	2.03600233849411e-05	0.000167727811694991	0.000641825499087192	0.0018963907495688	0.00526452033239192	0.0132088075522113	0.0298458552324775	0.0587037645683239	0.0998930614009829	0.146421531985112	0.180577895025658	0.185256822304503	0.148197701644217	0.0884555758832614	0.034874781008558	0.00655883610472033	
9.70132529804897e-07	8.73119276824407e-06	3.29845060133665e-05	0.000207608361378248	0.000715957806996014	0.00221481256554458	0.0057654976246305	0.0146208673566896	0.032047357989575	0.0618333370521747	0.103636347761468	0.147954912120545	0.181103370531448	0.181886267483001	0.145325852964774	0.0838417636233286	0.0325130216038813	0.00629033932325495	
2.03845101019808e-05	6.30949122204167e-05	0.000245584812181007	0.000849354587582533	0.00239081182767518	0.00651818977784767	0.016337699501259	0.0340615456894527	0.0650372648258483	0.106244066651524	0.150833726463171	0.182031733828774	0.180050553585053	0.139672721836858	0.0796238378402515	0.0304563994742738	0.00556302987592628	
9.70959570214456e-07	1.45643935532168e-05	0.000121369946276807	0.000308765143328197	0.000922411591703733	0.0026730516968004	0.00752590762873225	0.0173413379240302	0.0367585874091789	0.0674729514937727	0.1102019693002	0.154502970650805	0.182753039346195	0.175348501663739	0.134429352496191	0.0760999272751282	0.0282539525336705	0.00527036854712407	
2.91674444651857e-06	3.20841889117043e-05	0.000130281251944496	0.000332508866903117	0.00101405481923962	0.00304313670586771	0.00863356356169498	0.0187585557837098	0.038350328230975	0.0707835542281127	0.114263463692365	0.156591259100243	0.181601370480991	0.172235704063219	0.130159720925891	0.0728077748739966	0.0263945927446954	0.00486512973679298	
6.8162210481011e-06	2.04486631443033e-05	0.000129508199913921	0.000424553196710297	0.00117433751200142	0.00365641571937423	0.00933335410657843	0.0202665726677326	0.041194318777131	0.0749336392193674	0.116236043787404	0.157605636820058	0.180625962791223	0.170341258975503	0.126326972176186	0.0686490834130182	0.0247740422722554	0.00430103548135179	
5.8497720051361e-06	4.28983280376647e-05	0.00012966994611385	0.000480656266422016	0.0013366729031736	0.00408119093558329	0.0100245592928016	0.0220429158773537	0.0440029599846346	0.0786111861290206	0.11946501885089	0.159573005642105	0.180145678822168	0.167194283602797	0.121242374578451	0.0649412439150184	0.0227487883659734	0.00393104678745146	
1.95111291480661e-06	8.78000811662973e-06	4.48755970405519e-05	0.000152186807354915	0.000489729341616458	0.00173453938126307	0.00455584865607342	0.010739901039553	0.0239703977148566	0.0468618299878251	0.0810970327474792	0.122984500359005	0.161958956388724	0.179239963475166	0.163445704429807	0.116348765335748	0.0611927543470796	0.0213871242156526	0.00378515905472482	
7.82148248378998e-06	5.86611186284248e-06	3.71520417980024e-05	0.000163273446849116	0.000618874801529882	0.00191724089383902	0.00512404871219291	0.0119140731934331	0.0258304459027164	0.0492254776970427	0.0841317763368869	0.125787036674931	0.163000672647494	0.17931726279399	0.159330441991975	0.111963544070143	0.058318928769759	0.0200415711794013	0.00326449125167184	
6.84497500606269e-06	8.80068215065203e-06	3.42248750303135e-05	0.000202415689464997	0.000684497500606269	0.00212585366616861	0.00546131220126573	0.0129262463721632	0.0272635354491477	0.0516443585671707	0.0875276732560959	0.129496170725411	0.164959008378249	0.177220314321252	0.155316394301852	0.107990237109934	0.0551352958202627	0.0188618175559919	0.00313499855277671	
9.74574330296885e-07	5.84744598178131e-06	6.52964801298913e-05	0.000227075818959174	0.00084787966735829	0.00233995296704282	0.00605795403712543	0.0140796753497991	0.0290676539754349	0.0552495933588607	0.0911938438088704	0.132010965910365	0.165879373036842	0.174924397396327	0.15159406250335	0.103387717829545	0.0529681148516357	0.017148609915904	0.00295101107213897	
1.94546851745572e-06	0	1.16728111047343e-05	9.24097545791465e-05	0.000267501921150161	0.00099024347538496	0.00280439286791241	0.00682470355923465	0.0152203729463148	0.0312938338375339	0.0579438343239011	0.0942277949087089	0.134910459811484	0.166909525986596	0.172324737604934	0.147937317004368	0.099252940089297	0.0499800589476961	0.0163604174975438	0.00264583718373977	
1.95285991452332e-06	0	9.76429957261661e-07	2.92928987178498e-06	7.81143965809329e-06	1.26935894444016e-05	0.000117171594871399	0.000366161233973123	0.00121858458666255	0.00303181501729746	0.0075028877915986	0.0165924742637474	0.0337161264242451	0.0608130341682135	0.0972114136850564	0.137063425960734	0.166871879696018	0.1703655460831	0.143790051936309	0.0955075434096348	0.047709344141762	0.0157361451912289	0.00236003120670143	
1.95398941133138e-06	9.7699470566569e-07	1.95398941133138e-06	6.83896293965983e-06	5.86196823399414e-06	2.54018623473079e-05	0.000150457184672516	0.000461141501074206	0.00134336772029032	0.00334327588278799	0.00806606828997594	0.017686535156666	0.0359397272426181	0.0632506372447968	0.100518100292415	0.140001387332482	0.168131018898009	0.168213086453285	0.140421495055918	0.0910324586951063	0.0450941676347056	0.0142563067450737	0.00204778090307529	
9.77582087567893e-07	1.95516417513579e-06	2.93274626270368e-06	4.88791043783947e-06	8.79823878811104e-06	2.24843880140615e-05	3.81257014151478e-05	0.000166188954886542	0.000476082476645564	0.00142726984784912	0.00361021064938823	0.00866822037046451	0.0194802782589654	0.0377151169383693	0.0665645419245854	0.104479085608819	0.142863846277172	0.166833181482249	0.167518466525634	0.135342329695425	0.0878992934036671	0.0419998592281794	0.0129510074960994	0.00192485913042118	
1.95488898185472e-06	1.95488898185472e-06	4.8872224546368e-06	2.93233347278208e-06	1.56391118548378e-05	1.56391118548378e-05	6.64662253830605e-05	0.000174962563875997	0.000600150917429399	0.00153654273973781	0.00423917675715196	0.00981061035543791	0.0209261091062639	0.0404808635917566	0.0699762285499806	0.107314608103406	0.144522010095047	0.167318947956946	0.164078719469521	0.13218275084158	0.0838530079876764	0.0391016894150581	0.0118769280092584	0.00189721975689001	
9.75307172994135e-07	1.95061434598827e-06	1.26789932489237e-05	9.75307172994134e-06	9.75307172994134e-06	2.53579864978475e-05	6.63208877636011e-05	0.000217493499577692	0.000616394133332293	0.00175555291138944	0.00468147443037185	0.0105050335603198	0.0224632748084009	0.0428315898092104	0.0728925074952356	0.110669080226817	0.145599706627602	0.167500229197186	0.161958533840233	0.127951523332273	0.0806618044353069	0.0366949570767313	0.0111311807653821	0.00174287391814052	
9.74623722146472e-06	5.84774233287883e-06	5.84774233287883e-06	3.02133353865406e-05	7.40714028831319e-05	0.000252427544035936	0.000740714028831319	0.00206815153839481	0.00503880464349726	0.0117802769295844	0.0240293478695213	0.0455656082577919	0.0761970572211333	0.113279540601362	0.147265644416332	0.166478401851005	0.15981489946269	0.12444385533855	0.0761717170043575	0.0347014776270251	0.010293975753311	0.00175237345241936	
1.95233758259608e-06	7.80935033038433e-06	5.85701274778825e-06	2.24518821998549e-05	0.000110307073416679	0.000283088949476432	0.000860004705133574	0.00230375834746338	0.00580332346426685	0.0127019083123701	0.0261779184762396	0.0478478894742648	0.0795118765575993	0.115415364701541	0.148636341006996	0.166351852231473	0.156732684962022	0.120226900673849	0.073058424678328	0.0326538222377108	0.0097685210945195	0.00151794247046845	
9.78320419503796e-07	4.89160209751898e-06	4.10894576191594e-05	0.000132073256633012	0.000315997495499726	0.000931361039367614	0.00252308836190029	0.00643539171949597	0.0140193316114894	0.028105189011505	0.0502993660483682	0.0822473976676841	0.118192846521093	0.15080907098693	0.166100219143774	0.151779564843077	0.116676449870862	0.0702453627612116	0.0307789387180089	0.00905729044376614	0.00130410111919856	
9.79857078046596e-07	2.93957123413979e-06	4.99727109803764e-05	0.000128361277224104	0.000356667976408961	0.00108862121370977	0.00292193380673495	0.00689427440113585	0.0148007411638938	0.0302158527157229	0.052802538221775	0.0851260635123761	0.121256333551188	0.15190920252372	0.163447999474797	0.149859341516446	0.113178391799772	0.0668527088638851	0.0294084504834125	0.00850711915160055	0.00119150620690466	
1.95941464446911e-06	4.89853661117278e-06	4.01680002116168e-05	0.000169489366746578	0.000411477075338513	0.00122071532350426	0.00315367787027303	0.00741932355128229	0.0159819655476123	0.0318208938261784	0.0557913928792912	0.0877161356816265	0.123528357138588	0.152041759044903	0.162219938415598	0.146919849164261	0.109986842530662	0.064419675266211	0.0280274670744862	0.00796208140780023	0.00116193288417018	
9.80507510687532e-07	1.4707612660313e-05	5.49084205985018e-05	0.000194140487116131	0.000512805428089579	0.00129034788406479	0.00348766521551555	0.00817351060909127	0.0171726085421814	0.0329754480919324	0.0578989685060988	0.0901762952504216	0.125280425148057	0.153532768561007	0.162162215162568	0.143986547436953	0.106555673216457	0.0616199945091579	0.0262893673765541	0.00758618661018943	0.00103443542377535	
7.86508237690655e-06	2.55615177249463e-05	9.83135297113318e-05	0.00020744154769091	0.000540724413412325	0.00154057301057657	0.00405150055940398	0.0084451322022034	0.0182676369556626	0.034581784075961	0.0603615578368664	0.0929642905597382	0.127968822813458	0.154221484652275	0.160440798541814	0.141652099878681	0.102473175153418	0.0590775831388364	0.0250709332116867	0.00706775965094764	0.000934961667554766	
1.27892082693053e-05	3.24649132990058e-05	9.14920283881072e-05	0.000239059816110861	0.000651265836483086	0.00183672706452254	0.00440637414140142	0.00934694367435921	0.0195596183700252	0.0364482597822686	0.0627910774612831	0.0959141430935324	0.129265446904126	0.154628414472662	0.15982771952676	0.138838661186327	0.0986903850732231	0.0564682896499889	0.0237407056888366	0.00638968520839523	0.00082047689973851	
6.88485764081501e-06	1.96710218309e-05	7.67169851405101e-05	0.000252772630527065	0.000799627037426086	0.00201824683985034	0.00465022956082477	0.0101886057573147	0.0207037504770223	0.0383988181650084	0.0652182893292575	0.0990268745500254	0.131198830754462	0.156124966067487	0.158137311600788	0.135073038504058	0.0957978763164831	0.0536074686935688	0.0220443306147981	0.00590425720254464	0.000751433033940381	
2.95786812640745e-06	4.3382065853976e-05	0.000123244505266977	0.000335225054326178	0.000919896987312718	0.00212079144663414	0.00491203300192064	0.0112044044628314	0.0222303508820363	0.0405711051778467	0.0685535236097034	0.101857146800967	0.134208336455527	0.15562921742697	0.155471464460228	0.131413151076072	0.0918871593028896	0.0513840850919503	0.0208894506647316	0.00547304198989592	0.000770031668908073	
3.96237722821807e-06	4.75485267386168e-05	0.000146607957444069	0.000335811470091481	0.000961867072149936	0.00237148277108851	0.0054710523578621	0.0119366614000069	0.0234008093155489	0.0424162576337674	0.0709869786378338	0.104603787042036	0.136128460269739	0.155312309620157	0.153631271081085	0.128633623742564	0.0894635436530146	0.0490869196974725	0.0191967270764095	0.00510849484148015	0.000755823456282597	
1.09138244422044e-05	4.76239612023463e-05	0.00012997372744807	0.00042563915324597	0.00107451562462794	0.00265007500773889	0.00577738179335963	0.012888234500385	0.0252149031249256	0.0455116400898505	0.073464920983911	0.106664774937097	0.137942803622596	0.155326541627311	0.151459079111337	0.125798693515998	0.085831276242787	0.0462468349909118	0.01816556470112	0.00471080349559875	0.000657805964107408	
3.97150051232357e-06	7.94300102464713e-06	6.15582579410153e-05	0.000150917019468296	0.000448779557892563	0.00120634328061828	0.00285153736784832	0.00666814936019127	0.0140819479415713	0.0270181179853372	0.0470692311969308	0.0760969284415038	0.108738691152291	0.138592460503427	0.155354178415689	0.14951805841283	0.122947727110257	0.0830629403401193	0.0439794037983431	0.0170218511958188	0.00448978132918179	0.000629482831203285	
9.8957874622352e-07	8.90620871601168e-06	5.93747247734112e-06	5.54164097885171e-05	0.000152395126918422	0.000541299574184266	0.00132009804746218	0.00313201673179744	0.00712001907907823	0.0150653468325069	0.0280812760815848	0.0496857592691367	0.0784290635319451	0.11105151647995	0.139315864629586	0.154380221883346	0.148350718582607	0.120780065134073	0.0797234325320055	0.0419175661112821	0.0161954457606941	0.00418393893903304	0.000502706003081548	
3.95357319002948e-06	4.94196648753685e-06	8.89553967756634e-06	2.86634056277138e-05	6.1280384445457e-05	0.00019174829971643	0.000566349359471724	0.00150729977869874	0.00340699169650791	0.00774109630607773	0.0159971455201568	0.0302853590289234	0.05163168907519	0.0806548698631965	0.112789512751756	0.140127482967513	0.154586688516748	0.146870302043108	0.11699907980584	0.0769286271315937	0.0395653836992201	0.0157105114638797	0.00389328119888153	0.000438846624093273	
1.97417385759494e-06	5.92252157278483e-06	1.57933908607595e-05	3.65222163655064e-05	5.62639549414559e-05	0.000181623994898735	0.000640619416789559	0.00155663608671361	0.00381805224058862	0.0085896304543956	0.017097332693701	0.0316637745019653	0.0541792273478356	0.083600340347573	0.115389474889496	0.141683496498803	0.154086243759143	0.144471029985727	0.113458732856768	0.072834183215179	0.0379110476743245	0.0146681117619304	0.00365222163655064	0.000401744380020571	
4.91860205459845e-06	6.88604287643783e-06	2.95116123275907e-05	2.75441715057513e-05	6.68929879425389e-05	0.00022133709245693	0.000768285640928278	0.00169495026801463	0.00412965828504086	0.00892234412704159	0.0182519485042039	0.0341419843017897	0.0566180282504828	0.0865900217303839	0.117795600605578	0.14347955681428	0.153274460945808	0.140793016372059	0.109713353709462	0.0701589397067923	0.0362097646055429	0.0134071254804245	0.00331120290315568	0.000382667239847759	
4.90502401990263e-06	3.9240192159221e-06	1.17720576477663e-05	2.45251200995131e-05	3.04111489233963e-05	6.96513410826173e-05	0.000257023258642898	0.000757335708672965	0.00188254821883863	0.00441157860350042	0.00967761239126788	0.019494527464701	0.0362226213821769	0.0594783212653392	0.0888623581589679	0.120957892330799	0.144413717193973	0.151485780825869	0.137848833045735	0.106529273673853	0.0679139815747678	0.034001626505965	0.0123567365109387	0.00293614737831371	0.000366895796688716	
9.77515195473714e-07	9.77515195473714e-07	9.77515195473714e-06	9.77515195473714e-07	1.27076975411583e-05	4.88757597736857e-05	7.42911548560022e-05	0.000251221405236744	0.000851415735257605	0.00212023045898248	0.00495893458663815	0.0104721202891099	0.0207956582685078	0.0383049104498329	0.0610731943828067	0.092241266390486	0.121679136502177	0.145124838465614	0.150588170893117	0.135086734923294	0.103026191542148	0.0661289029737967	0.0319549717400357	0.0119774936901394	0.00286998461391082	0.000346040379197695	
1.94892453471863e-06	1.94892453471863e-06	2.92338680207794e-06	1.16935472083118e-05	2.53360189513422e-05	9.74462267359315e-05	0.000377116897468055	0.0009101477577136	0.0023640454606137	0.00537026155541718	0.0112394477917223	0.0225880353573889	0.0402043642267106	0.064122540579045	0.0934392378925499	0.124288764352611	0.145318634544492	0.148896859990236	0.132812385805203	0.100421260038179	0.0624620568754647	0.0306273490631033	0.0113213026221805	0.00277137068836989	0.000323521472763292	
1.94693246188636e-06	0	9.73466230943182e-07	7.78772984754545e-06	3.99121154686705e-05	0.000135311806101102	0.000396200755993875	0.00110877803704428	0.00258942017430886	0.00574539769502666	0.0123678884641331	0.0237837269544038	0.0417500197126912	0.0667126142727672	0.0959419113230672	0.126940969981222	0.145170098621864	0.147696243491161	0.130095974035709	0.0971733461052103	0.059673479956817	0.0292594745034592	0.0104900721046437	0.00264782814816545	0.000270623612202205	
9.7549745492714e-07	0	0	9.7549745492714e-07	9.7549745492714e-06	4.68238778365027e-05	0.000183393521526302	0.0004672632809101	0.0011179200833465	0.00285137906075203	0.00614173197622127	0.0129819201301704	0.0250380931756149	0.0439237239030043	0.0691042397070386	0.0989612903099936	0.1279277117366	0.145906129830907	0.145834918516698	0.127027327585702	0.0942340296434167	0.0577123804283995	0.0274592778587441	0.0102875961596616	0.00246313107369103	0.000318012170306248	
6.8327013084623e-06	1.95220037384637e-05	4.88050093461593e-05	0.000232311844487718	0.000488050093461593	0.0014524370781417	0.00310595079478958	0.00671556928603152	0.0135014177855215	0.0269052255523507	0.045327164380152	0.070652083729874	0.102139123559642	0.129564610511623	0.145247612214918	0.144457947163697	0.12491154092056	0.091442041611151	0.0550530266426546	0.0267685715261814	0.00948183721577183	0.00226748073422256	0.000210837640375408	
