# <P(N_1)> as a function of N_tot.
# number_of_species: 2
# species_total_upper_bound: 100
# species_total_lower_bound: 0
# volume: 512
# Bin widths for each species index 
1	1	1	1	1	1	1	1	1	1	1	1	1	1	1	1	1	1	1	1	1	1	1	1	1	1	1	1	1	1	1	1	1	1	1	1	1	1	1	1	1	1	1	1	1	1	1	1	1	1	1	1	1	1	1	1	1	1	1	1	1	1	1	1	1	1	1	1	1	1	1	1	1	1	1	1	1	1	1	1	1	1	1	1	1	1	1	1	1	1	1	1	1	1	1	1	1	1	1	1	1	
# Bin lower bound for each species index 
0	0	0	0	0	0	0	0	2	3	4	5	6	6	7	8	8	9	9	10	10	11	12	13	14	14	15	16	16	17	18	19	20	22	23	23	25	25	26	26	27	27	28	29	29	29	30	31	32	33	36	36	37	38	39	40	40	41	41	42	43	45	45	47	47	48	49	50	50	51	52	53	53	51	52	52	53	54	57	58	60	61	62	63	64	65	66	67	68	69	69	69	69	70	71	71	71	73	74	74	78	
# Bin upper bound for each species index 
0	1	2	3	4	5	6	7	8	9	10	11	12	13	14	15	16	17	18	19	20	21	22	23	24	25	26	27	28	29	30	31	32	33	34	35	36	37	38	39	40	41	42	43	44	45	46	47	48	49	50	51	52	53	54	55	56	57	58	59	60	61	62	63	64	65	66	67	68	69	70	71	72	73	74	75	76	77	78	79	80	81	82	83	84	85	86	87	88	89	90	91	92	93	94	95	96	97	98	99	100	
# Normalized histogram for each species index 
1	
0.0799441026478648	0.920055897352135	
0.00635260298885222	0.146510747604155	0.847136649406993	
0.000481730645351019	0.0175817681755292	0.201516051153073	0.780420450026047	
1.80634834177222e-05	0.00180356934432334	0.0323836572718026	0.246024644149377	0.71977006575108	
4.16577565354077e-06	0.000161076658603576	0.00423659383965096	0.0499309869833397	0.284664113509055	0.661003063233697	
6.93904740757189e-06	8.32685688908627e-06	0.000452425890973687	0.00783002109470412	0.0679180082158321	0.314286110802709	0.609498168091484	
9.70806462797309e-06	4.16059912627418e-06	5.40877886415644e-05	0.00104569724707024	0.0128271271063033	0.0867692947784481	0.337940503432494	0.561349420983288	
1.51102637153116e-05	0.000119508449384738	0.00210856861845485	0.0183095186419444	0.106911984087519	0.35343456294249	0.519100746996492	
1.91577172758821e-05	0.000265471225108652	0.00338407391594688	0.0259983907517488	0.125532310858594	0.369386788838167	0.475413806693159	
3.00251528894433e-05	0.000540452752009979	0.00530899294272429	0.03388202025606	0.146623739796566	0.376365291469172	0.437249477630579	
7.25191936412982e-05	0.000919488643904762	0.0075789398788519	0.0432460685703183	0.16487991232019	0.380743554343558	0.402559517049536	
9.60697850918908e-05	0.00145888830789543	0.010563559083604	0.0527917193334953	0.181768150670361	0.382908087291752	0.370413525527801	
1.10010698540433e-05	0.000203519792299801	0.00219746370334515	0.0139273544352188	0.0627363511101455	0.196887522311545	0.383429913559094	0.340606874018498	
1.79684584444844e-05	0.000348311656000774	0.00298691066911775	0.017152966868927	0.0734716443903855	0.212832243707584	0.379263016765954	0.313926937483587	
7.60501488508823e-05	0.000504696442374037	0.00410117711803121	0.021255325238832	0.084450233473957	0.226923965061179	0.374098978577364	0.288589573939412	
1.38233432032004e-05	0.000117498417227203	0.00074369586433218	0.00559015999137423	0.0264482025506833	0.0963625254695099	0.238834194527615	0.366889498959102	0.265000400876953	
2.3441938455259e-05	0.000110315004495336	0.00103282422958759	0.00722011704421977	0.0323484961307012	0.106891102543312	0.248126023861135	0.359384221644907	0.244863457603186	
1.38100183397044e-06	1.93340256755861e-05	0.000174006231080275	0.00141414587798573	0.00928861833528515	0.0383338489073514	0.118122610866827	0.257320690721877	0.350343593256292	0.224981770775792	
5.52390816502676e-06	5.66200586915243e-05	0.000302433972035215	0.00211013291904022	0.0118073537027447	0.045579147246677	0.12930778525807	0.263443466252374	0.340118073537027	0.207269463145175	
2.76669945205517e-06	1.38334972602759e-06	9.82178305479587e-05	0.000488322453287738	0.00312775373054837	0.0144075873965773	0.051499343600555	0.139416752088512	0.270422737842777	0.328894164062511	0.191640970945506	
1.38287147730777e-06	6.91435738653885e-06	0.000112012589661929	0.00072600752558658	0.00414861443192331	0.0168115685496306	0.0584512116028448	0.151098069096556	0.275140257739586	0.318637097186825	0.174866864048522	
5.54843506389023e-06	1.80324139576432e-05	0.000180324139576432	0.0010514284446072	0.00530152970354711	0.0203377887266896	0.0663315411888077	0.161488589643291	0.279272156288319	0.304631278747829	0.161381782268311	
4.15919167496194e-06	3.60463278496702e-05	0.000257869883847641	0.0013337141304378	0.00659647799648964	0.0244920933766259	0.0736759213302759	0.170589246548564	0.280107695336437	0.293223013084817	0.14968376279298	
2.77147267743661e-06	5.40437172100139e-05	0.000306247730856745	0.0016656550791394	0.00808300006374387	0.0281969630202401	0.0812332499120057	0.177306350275346	0.280643480526247	0.284476427239142	0.138031810963392	
2.7636829945058e-06	9.67289048077029e-06	8.01468068406681e-05	0.000392442985219823	0.00218469140715683	0.00932881194795432	0.0323737825976409	0.0879017013232514	0.186281906720172	0.282739970594413	0.272308449131651	0.126395659912225	
8.28190500378897e-06	1.24228575056835e-05	8.69600025397842e-05	0.000579733350265228	0.00274821214375731	0.0110701463550646	0.0362968289966058	0.0966967621892388	0.194617866001538	0.281570966953819	0.260296133316585	0.116015685928077	
2.75300077084022e-06	1.2388503468781e-05	0.00012388503468781	0.000722662702345557	0.00344538046470653	0.0134607972690232	0.041815328708292	0.103924402598833	0.20178532099989	0.280022849906398	0.248105935469662	0.106578295341923	
1.37776344903791e-06	5.51105379615163e-06	1.10221075923033e-05	0.000180487011823966	0.000965812177775573	0.00441986514451361	0.0157354363514619	0.0460806763165219	0.112156833568931	0.207296910778795	0.277604179583199	0.236969802180724	0.0985720859614171	
6.85881405617917e-06	1.37176281123583e-05	4.38964099595467e-05	0.000270237273813459	0.00131003348473022	0.00518526342647146	0.0175942298169108	0.0517963919894539	0.1190237438425	0.212872896573199	0.274581646636643	0.227483542275672	0.0898175418284775	
1.36409271465363e-05	1.77332052904972e-05	5.72918940154524e-05	0.000376489589244402	0.00162599851586713	0.00605247937491815	0.0203863656204985	0.0571500283731285	0.126514142913266	0.217302697629752	0.270567789951547	0.216237341219608	0.0836980007857174	
5.44847041003826e-06	1.77075288326244e-05	7.90028209455548e-05	0.000420894339175456	0.00179527100010761	0.00715792800118777	0.0235850662874531	0.0623059833739925	0.133713636567954	0.220623550196077	0.266229971763302	0.207163104048077	0.0769024356024851	
1.36234399458332e-06	1.36234399458332e-05	8.44653276641659e-05	0.000497255558022912	0.00233233291872664	0.00878984345305158	0.0264730685027431	0.0685068301116168	0.140186559386618	0.224611016730947	0.263605388887905	0.194531823674541	0.0703664296642231	
2.85517725212303e-05	0.000110128265439031	0.000649892726911813	0.0029911380736527	0.0100243913713824	0.0293770547079154	0.0739436523971252	0.146753391542693	0.229054555639247	0.257622643459061	0.185238461684881	0.0642061383591704	
4.62936487837025e-05	0.000242360867161736	0.00082239305486342	0.00353329466452082	0.0113895991786962	0.0329992021153474	0.0797571489647923	0.155086446581214	0.231543130703309	0.249993872899426	0.175794684944488	0.0587915723773967	
9.51125725233366e-06	6.38612986942403e-05	0.000300283978966534	0.00108428332676604	0.00416864817859424	0.0131146649999321	0.0369675394377488	0.0855890865116785	0.161325869260975	0.233487778034431	0.244395831351821	0.16551489870511	0.0539777436580295	
8.67773077340276e-05	0.000385074303069747	0.00135589543334418	0.00484461438333876	0.0152185703438551	0.0407826228441263	0.0905222909209242	0.167672741078208	0.233209946848899	0.237466102614166	0.157739451133529	0.0507159127888057	
8.10957659900577e-06	0.000108127687986744	0.000368985735254762	0.00165705681839684	0.00556722433521746	0.0170044305320153	0.0449648990492873	0.0977920326113107	0.171760832366942	0.233436865594581	0.231747370469788	0.148720173653067	0.0468638915695545	
2.03236335404989e-05	0.000124651619048393	0.000498606476193573	0.00194835900208249	0.00641955838099225	0.0188576221077776	0.0493024251514449	0.103985193555511	0.176486368938984	0.234046963852385	0.225329479972414	0.139626072241033	0.0433543750685923	
6.8135578900319e-06	4.08813473401914e-05	0.000145810138846683	0.000511016841752393	0.00221713173741638	0.00706020868565106	0.0210634328612446	0.0534564497820343	0.110167054812348	0.181321039857951	0.233015503569623	0.218089723655719	0.132779890737786	0.0401250424143979	
1.2326892760142e-05	6.16344638007098e-05	0.000152031677375084	0.000658803935292031	0.00249825026605544	0.00824943056603722	0.0239470436687024	0.0578692828898619	0.116472700726328	0.184529475655072	0.231520960511484	0.211678772131909	0.12515357253897	0.0371957140763528	
2.75069489429767e-06	1.10027795771907e-05	8.80222366175255e-05	0.000235184413462451	0.000814205688712111	0.00290748450327264	0.00962468143514755	0.0268646616851582	0.0619236434604292	0.121509196260705	0.188385465878318	0.229684399021303	0.205034046726054	0.118959302093691	0.0339559531226576	
2.75195526421522e-06	3.85273736990131e-05	6.7422903973273e-05	0.000295835190903137	0.00100583964907066	0.00328033067494455	0.0108771031818107	0.0297844118246014	0.0677146112312798	0.12571482037988	0.192500646709487	0.228348991958787	0.198537060581543	0.111752775346884	0.0300788710378724	
1.38146352245569e-06	4.28253691961264e-05	8.70322019147084e-05	0.00031082929255253	0.00117286253056488	0.00387500518048821	0.0127288048959067	0.0332987967452719	0.0721248290438891	0.131985024935417	0.195727133325045	0.224887065357039	0.1902675894843	0.105612886291737	0.0278779338831558	
4.16152256238816e-06	0	4.16152256238816e-05	9.01663221850768e-05	0.00041337790786389	0.00143156376146153	0.00489117618499355	0.0144779369945484	0.0360110419065322	0.0767148940892508	0.137529997641804	0.197070288116079	0.222325181373025	0.18429302667536	0.098995685888277	0.025709886390434	
5.55268666744404e-06	1.38817166686101e-06	5.55268666744404e-06	4.02569783389693e-05	0.000142981681686684	0.000430333216726913	0.00168524040356927	0.00574425435747086	0.0159945139455726	0.0391728162671509	0.0815856252047553	0.143250986990055	0.19876258377616	0.220358370397517	0.176744792968078	0.0929020006330063	0.0231727496349109	
2.77916349957826e-06	0	5.55832699915652e-06	3.47395437447283e-05	0.000151464410727015	0.000558611863415231	0.0019815435751993	0.00648934677151524	0.0180576148385098	0.0429533614677318	0.0864097515288873	0.147247030116405	0.200291534251106	0.216576042776885	0.17087408860807	0.0870225570805443	0.0213439756767611	
2.78442559388317e-06	1.39221279694159e-06	2.78442559388317e-06	3.48053199235397e-05	0.000277050346591376	0.000694714185673852	0.00248649205533767	0.00765438595758485	0.0203694654320524	0.0470874212181583	0.092117151922437	0.149944102656203	0.201915406366032	0.212389023237424	0.163566904874276	0.0816059453055281	0.0198501700587931	
1.39479740567683e-06	4.18439221703048e-06	0	5.71866936327498e-05	0.000249668735616152	0.000875932770765046	0.00273938210474929	0.00884022595717972	0.0223446544389427	0.0500704372689867	0.0958727944766023	0.154222749145687	0.202223307064649	0.208561266476044	0.157426598786526	0.0770583722714276	0.019451844619569	
1.39267231534558e-06	0	2.78534463069116e-06	8.07749942900435e-05	0.000299424547799299	0.000973477948426559	0.00327277994106211	0.00978770103224872	0.0244288650834768	0.0533950565703495	0.100486878241445	0.157224348368624	0.20371732094412	0.204838422157974	0.150171855763714	0.0734035797249194	0.0179153366646055	
1.81642382477379e-05	8.94239421427094e-05	0.000361887515858777	0.00112758002045573	0.00388435248682394	0.0107336675553171	0.0264932401088737	0.0568303124807878	0.104350754235062	0.162217825545067	0.20510918104436	0.199087037440687	0.144084326777441	0.068806134482431	0.0168061121264455	
2.78933025391273e-06	2.37093071582582e-05	0.000135282517314768	0.000429556859102561	0.00138629713619463	0.00447826972265689	0.0117096084059257	0.0284093286361012	0.0600626483575029	0.109273407362158	0.165383574749867	0.203151106387845	0.195484632184966	0.140186159901146	0.0648379817522015	0.0150456473896053	
8.35722105685418e-06	2.92502736989896e-05	0.000181073122898507	0.000468004379183834	0.00179680252722365	0.00514526243066989	0.0129495140275955	0.0304718208434665	0.0640539207902588	0.113719492660967	0.16726838658276	0.201321276649089	0.192076797290032	0.13560984034922	0.0610578570413766	0.0138423438105028	
8.3579079042128e-06	4.03965548703619e-05	0.000167158158084256	0.000679776509542641	0.00184431167752963	0.00568894931346751	0.0141959065753054	0.0339289271371519	0.0681406301583963	0.117999729760978	0.169134803303602	0.201449261230591	0.188498682933013	0.128898441668071	0.0568421316565513	0.0124825354549418	
1.66571813272997e-05	2.63738704348912e-05	0.000191557585263947	0.000702377812634472	0.00213350730833831	0.00572590608125928	0.0162962757318749	0.0364903318943379	0.0724976055301842	0.121247622881415	0.170630613123083	0.201657389542066	0.184189558723505	0.122470537610527	0.0542246776141364	0.0114990075096126	
1.66254724405085e-05	4.15636811012713e-05	0.000210589317579775	0.000816033605621626	0.00241623532802057	0.00679704731609457	0.0173389822994137	0.0395339880074925	0.0764189840727974	0.124657792358933	0.17446632233466	0.199996120723097	0.177970140651497	0.118183556299392	0.0507534109927624	0.0103826075390976	
2.77123458500762e-06	2.07842593875572e-05	5.1267839822641e-05	0.000272966606623251	0.000928363585977553	0.00276984896771512	0.00784259387557157	0.0189677151170847	0.0425952611888596	0.0802161562976306	0.128945545240405	0.177123458500762	0.198640709436054	0.172388804212277	0.112696411251212	0.0471871968962173	0.00935014548981571	
9.70085339793178e-06	2.63308877943863e-05	8.86935167810905e-05	0.000318742325932044	0.000931281926201451	0.00310427308733817	0.00856862522277317	0.0211201436834972	0.0452350793945559	0.0833525040674293	0.133877320236257	0.179305030862572	0.195980797853617	0.167377138691715	0.107069704789173	0.0445172162431089	0.00911741635785617	
9.6891445592685e-06	1.9378289118537e-05	1.9378289118537e-05	0.000110733080677354	0.000416633216048545	0.0010505801029264	0.00360020928552248	0.00921160814884741	0.0229826508945849	0.0485149309717658	0.0886570568808152	0.137372691561309	0.180112892375751	0.192841659999612	0.163678719039723	0.101737402035828	0.0413532689789579	0.00831051770483544	
4.15555632510302e-06	2.21629670672161e-05	1.24666689753091e-05	0.000146829656820307	0.000457111195761333	0.0013699484018423	0.00409183779478478	0.0104304463760086	0.025184056515566	0.0523752467361568	0.0919735429580635	0.141826367004883	0.180887211275409	0.18964158326696	0.15840426637116	0.0965404993593517	0.0387727256986529	0.00785954219621152	
2.75865874012055e-06	9.65530559042194e-06	2.75865874012055e-05	0.000158622877556932	0.000507593208182182	0.00162209133919089	0.00446626850025518	0.0118222320307866	0.0278376253465565	0.0548214458130457	0.0963351218637498	0.143396460640836	0.180588697775142	0.187312928454186	0.154391095049587	0.0925240348142733	0.0371936164636754	0.00698216527124512	
1.51156415284387e-05	2.47346861374452e-05	0.0001703945045024	0.000615618854976413	0.00189357763874441	0.00527398474419525	0.0132715332619692	0.030293119772221	0.0588946618424868	0.100130131932068	0.145639206126507	0.180238909585103	0.185681914684571	0.147984878861875	0.0882313737507266	0.0349954584367953	0.0066453856755936	
1.37785077324985e-06	9.64495541274898e-06	3.85798216509959e-05	0.000206677615987478	0.000668257625026179	0.00226656452199601	0.00578283969532964	0.0148242964693952	0.0325090111440571	0.0622816106524399	0.104395619536822	0.14734322813902	0.180403379592377	0.181724738483923	0.14474873513299	0.0839207570463289	0.0326619525798878	0.00621272913658359	
2.48322101356804e-05	6.89783614880012e-05	0.000248322101356804	0.000809805963869134	0.00238251260579556	0.00657639698426604	0.0165023832023894	0.0347733715933312	0.0657929407544853	0.106621232919233	0.150294192711746	0.18108751284722	0.179627930718134	0.139594269277728	0.0796079269933022	0.0304842970760073	0.00550309367951274	
1.38347603888674e-06	1.66017124666409e-05	0.000159099744471976	0.00029744734836065	0.000860522096187555	0.00265212356654589	0.00751780879531057	0.0174816032273729	0.037013517944376	0.0679328239374558	0.110422140043746	0.154290781760805	0.182617453657011	0.175033238011834	0.13377936600827	0.0766182865095868	0.0281980086245896	0.00510779353556986	
4.16020102091333e-06	3.88285428618577e-05	0.00014976723675288	0.000307854875547586	0.000987354375630097	0.00307161508710768	0.00861577631431151	0.01876666680534	0.0386413338159167	0.0708509968535013	0.114741117624137	0.156477640999613	0.181767503005745	0.171365613719788	0.130368219392361	0.0728201586700669	0.0264228234174942	0.00460256906280378	
6.93888370014586e-06	1.66533208803501e-05	0.000127675460082684	0.000414945245268722	0.00117128356858462	0.00376365051895911	0.00943965738567842	0.020408644738869	0.0412017036347261	0.0747345530040509	0.116420590721047	0.15749045556547	0.180113991981426	0.170996298799434	0.126373725500536	0.0685617220644012	0.0245844649496168	0.00417304465726772	
4.17093028429061e-06	4.17093028429061e-05	0.000125127908528718	0.000497731013925346	0.00137779730391066	0.00419873648618588	0.01017150865329	0.02228389019887	0.044061707523246	0.0787012835342795	0.119682063887529	0.159318414379143	0.180234239444766	0.167013780753659	0.121165524758642	0.0647759376251279	0.0224493371001468	0.00389703919562219	
2.7858684039342e-06	9.75053941376971e-06	3.48233550491775e-05	0.000130935814984908	0.000530707930949466	0.00178434871271986	0.00464822143196422	0.0110459682215991	0.0241089051676466	0.0468095538571045	0.0812777106847804	0.123248211124251	0.16192442217607	0.179166161728018	0.163299248233411	0.11593948536653	0.0611066305060948	0.0211503129226685	0.00378181635834068	
9.77147316125304e-06	2.79184947464372e-06	2.51266452717935e-05	0.00016471911900398	0.000686794970762356	0.00197523350331044	0.00520121557126126	0.0119812220204335	0.0258957998020579	0.0492398491842914	0.0845734961353824	0.125408482476259	0.163292483922437	0.179416810563242	0.158736185579818	0.112045294965877	0.0583538417942658	0.0197537309578417	0.0032371494658494	
9.76399040339229e-06	1.39485577191318e-06	4.18456731573955e-05	0.000182726106120627	0.000677899905149807	0.00220387211962283	0.00556407967416169	0.012901021034425	0.0273489371199018	0.0513809072141941	0.0875704402164816	0.129428667075824	0.165130000557942	0.176975115773029	0.155474808904759	0.10812224515985	0.055094013279027	0.0188640294593539	0.00302823188082352	
1.39094052616498e-06	4.17282157849495e-06	7.9283609991404e-05	0.000214204841029407	0.000879074412536269	0.00234095290553566	0.00609788326670728	0.0142126302963538	0.0290484019484295	0.0552272935913806	0.0912276162895827	0.131915408560961	0.165901649377276	0.174711866670005	0.151606953589878	0.103586122864559	0.0530476897868801	0.0169666925381605	0.00293071168862962	
2.78512354111747e-06	0	1.67107412467049e-05	0.00011001237987414	0.00025344624224169	0.00105277669854241	0.00271271032904842	0.00699483777351654	0.0150925844693156	0.031366061320065	0.0578734746226506	0.094300105416926	0.134905814084648	0.166191106822021	0.172355977780284	0.147713204688477	0.100289513592099	0.0497200254560292	0.0164405842632165	0.00260826819625652	
2.79595927964905e-06	0	1.39797963982453e-06	4.19393891947358e-06	1.11838371185962e-05	1.81737353177188e-05	0.000113236350825787	0.000359280767434903	0.00117010895853313	0.00298608451066519	0.0075812435867684	0.0165171294445268	0.0335431234779497	0.060285076008153	0.097060328413377	0.136974045110007	0.167092118470387	0.169909047444633	0.144366561445399	0.0957280538166242	0.0481617965715947	0.0158111497264154	0.00230387044643082	
2.79351457655906e-06	1.39675728827953e-06	2.79351457655906e-06	9.77730101795671e-06	8.38054372967718e-06	2.79351457655906e-05	0.000160627088152146	0.000439978545808052	0.00134787078318975	0.00338713642407786	0.00812912741778687	0.0174315309577285	0.0354329388890751	0.0629993407305599	0.0999798866950488	0.139920161353402	0.168570446850592	0.168017330964433	0.140867162794855	0.091606326751813	0.0454281340440034	0.0141812767479021	0.00204764618461779	
1.39760841248456e-06	2.79521682496911e-06	4.19282523745367e-06	6.98804206242278e-06	1.2578475712361e-05	3.21449934871448e-05	5.17115112619286e-05	0.000176098659973054	0.000434656216282697	0.00140180123772201	0.0036743125164219	0.00861346064614232	0.0193303219530739	0.0373049637460378	0.0665764743371143	0.104040765442175	0.143857231505448	0.166871649233831	0.167701828630847	0.135475773855778	0.0878634480676666	0.041943626067074	0.0126763083012349	0.0019454709101785	
2.79227043697636e-06	2.79227043697636e-06	6.98067609244091e-06	4.18840565546454e-06	2.23381634958109e-05	2.23381634958109e-05	8.79565187647554e-05	0.000182893713621952	0.000600338143949918	0.00157484052645467	0.00423727038811163	0.00988603348211481	0.0208778060572723	0.040218467238989	0.069986862367594	0.107157566424623	0.145273454024569	0.166870269719363	0.164020757738428	0.132504401316276	0.0842092918383331	0.0384830711624082	0.0118476034640907	0.00191968592542125	
1.3916644863923e-06	2.78332897278461e-06	1.80916383231e-05	1.3916644863923e-05	1.3916644863923e-05	3.61832766461999e-05	7.79332112379691e-05	0.000219882988849984	0.000638773999254068	0.00176463056874544	0.00474975089205694	0.010628141682578	0.022387706592593	0.0429161494313659	0.0729190440934976	0.11093375120379	0.14547347209156	0.167282246257814	0.162263904119884	0.128184824177109	0.0804395989779616	0.0362737348378154	0.011003891093904	0.00175628058182709	
1.38944273620179e-05	8.33665641721075e-06	8.33665641721075e-06	4.30727248222555e-05	7.3640465018695e-05	0.000262604677142139	0.000672490284321667	0.00212028961544393	0.005274324626622	0.0120020063553111	0.0241123892440459	0.0459572079426105	0.0764693704296018	0.11336602228944	0.146697364088185	0.166213476760876	0.159929027265035	0.12433706213449	0.0757843751606543	0.034592955803216	0.0102749290342122	0.0017868233587555	
2.78436357105765e-06	1.11374542842306e-05	8.35309071317296e-06	3.06279992816342e-05	0.000114158906413364	0.000250592721395189	0.000789367072394845	0.00240429794360828	0.00607826567561886	0.0129403296964904	0.0262454110207894	0.0483295906846332	0.0799140188529257	0.114880056578268	0.148342537975239	0.165808850656483	0.156277974152753	0.120195406635417	0.0733457051888007	0.0327427234138525	0.00977172395262684	0.00151608596444089	
1.39441814416889e-06	6.97209072084446e-06	5.71711439109246e-05	0.000139441814416889	0.00030258873728465	0.000950993174323184	0.00264521121948839	0.00664858571139728	0.0142844194688661	0.0283638594705394	0.0506131953788983	0.0824644946280041	0.117695863458575	0.150457717755823	0.165885560102908	0.150916481325255	0.116736503775387	0.0706398287654519	0.0310341702166229	0.00887826032392334	0.0012772870200587	
1.39737210202493e-06	4.1921163060748e-06	6.1484372489097e-05	0.000120174000774144	0.000353535141812308	0.00114025563525234	0.0030546554150265	0.00706511334783806	0.0149407025148506	0.0305577331270812	0.05290869989897	0.084965813291524	0.12139949610762	0.151863605303866	0.162828784188455	0.149338553915506	0.113113079542612	0.0671381400138899	0.02948035923642	0.00846807493827109	0.00119615051933334	
2.80010080362893e-06	7.00025200907233e-06	4.2001512054434e-05	0.000177806401030437	0.000425615322151597	0.00129364657127657	0.00318371461372609	0.00750707025452916	0.0159633746814885	0.0320429535463277	0.0557696077058774	0.0876739562624255	0.123739254613166	0.151619858314899	0.1618052249881	0.146922689216812	0.109787752359085	0.0648895360232968	0.0279828073810657	0.00799008764315515	0.00117324223672052	
1.40193073901377e-06	1.96270303461928e-05	6.58907447336472e-05	0.000217299264547134	0.00054675298821537	0.00132622647910703	0.00351884615492456	0.0082769990831373	0.0169745773879787	0.0331248195014174	0.05813946967764	0.0902408797395773	0.124986331175295	0.153163737098732	0.161840286442489	0.143957257935629	0.107017784893355	0.0614424184987565	0.0264502272529728	0.00761388584358378	0.00107528087682356	
1.12314120131183e-05	3.50981625409947e-05	9.8274855114785e-05	0.000248494990790242	0.000577013792173952	0.00157099375533492	0.00416685385686689	0.00862853227907813	0.0183366840379172	0.03446920346826	0.060235466552855	0.0927784828608653	0.127309459095197	0.153606406397412	0.160106586100004	0.142236005660632	0.103128229030954	0.0593369535918056	0.0249997192146997	0.00716423693786783	0.000956073947616694	
1.82549913359003e-05	4.35311331856083e-05	9.40834168850245e-05	0.000276633330244027	0.00067543467942831	0.00194064600201647	0.00457076898448887	0.00967233694782162	0.0196802848902032	0.0361687547568295	0.0623815180850795	0.0957179407246389	0.128575520899157	0.154431609781305	0.159579517338029	0.140014379316252	0.0989687334125319	0.0564781347330699	0.023509620380434	0.00640609772879823	0.000796198468265804	
9.83297981429715e-06	2.66895166388066e-05	8.4282684122547e-05	0.000285156414614617	0.000817542035988706	0.00212954248549635	0.00479287530376884	0.0102726544831364	0.0206267822275913	0.037887875935889	0.0648414783182795	0.098807400019666	0.131434631754906	0.155953869277557	0.159096208683926	0.135429630982315	0.0955751590835663	0.0534338170222928	0.0218446670131621	0.00589697846577421	0.000752925311494753	
4.2256020778694e-06	5.21157589603892e-05	0.000122542460258212	0.000361993244670812	0.000942309263364875	0.00218745334231039	0.00498480191785993	0.0112062967105096	0.0220548257784263	0.0404643654976773	0.0682617844999282	0.10172996149068	0.134444572777545	0.155810625417278	0.155690900025072	0.13188949205446	0.0915096385983396	0.0513354311100093	0.0207265781919494	0.00545243521447748	0.000767651044146273	
5.65754858419847e-06	5.09179372577862e-05	0.00014709626318916	0.000346524850782156	0.000994314163672881	0.00244264660122769	0.00545670560945942	0.0118949958982773	0.0231351305479336	0.0421855110180759	0.0709442448587027	0.10483720403949	0.136283273457611	0.155777771491613	0.154257305309609	0.128286328533846	0.0892732878843597	0.0486931062770502	0.0191352436989053	0.00509462250007072	0.000758111510282595	
9.91001704522932e-06	5.23815186676407e-05	0.000114673054380511	0.000437456466710837	0.00106886612416402	0.00258368301536336	0.00569542836756536	0.0126635860670823	0.0251473761106298	0.045540775472991	0.0737729983181285	0.106485964584431	0.138292872149454	0.155600009060587	0.151560969256296	0.125869957924899	0.0857556246425315	0.0459244347043134	0.017982433786929	0.00479503253317024	0.000645566824660653	
4.24863583384435e-06	7.08105972307392e-06	6.514574945228e-05	0.000137372558627634	0.000397955556436754	0.00119953151708872	0.00278852131894651	0.00650891009744954	0.0139015364483387	0.0269051945237917	0.047532321497106	0.0761681270172169	0.108545564495	0.138757613909467	0.155358450324242	0.149291398353512	0.123175033882871	0.0832222787133431	0.0439521377011198	0.0169648028845405	0.00446814868525964	0.000648625070633571	
1.41047304444965e-06	1.12837843555972e-05	7.05236522224824e-06	5.78293948224355e-05	0.000124121627911569	0.000530337864713068	0.00129199330871588	0.00310586164387812	0.00698748346220355	0.0150074331929442	0.0280218679740811	0.0495202981175827	0.0786084837132678	0.11026655119594	0.139399871929048	0.154556815264703	0.148113774397657	0.121151171679958	0.0801162793977844	0.0421703230829556	0.0162966055555712	0.00410024514021513	0.000552905433424262	
5.62847558367292e-06	7.03559447959115e-06	1.26640700632641e-05	1.96996645428552e-05	4.36206857734651e-05	0.000168854267510188	0.000547369250512191	0.00144792534389986	0.00335879280455681	0.00748587252628498	0.0156696760249454	0.0300251030011032	0.0514104959812684	0.0808671229484206	0.112214917711687	0.139786005358309	0.154404563568003	0.146495148254047	0.11774348785375	0.0780683634644393	0.0400733390368553	0.0157569173964923	0.00390897629286084	0.000478420424612198	
2.81178079919246e-06	8.43534239757737e-06	2.10883559939434e-05	2.24942463935397e-05	3.79590407890982e-05	0.000170112738351144	0.000596097529428801	0.00150289683716837	0.00370030353173727	0.00847330143836647	0.0168650612335564	0.0313626030341927	0.0538638788797303	0.0835464428864055	0.114696756470259	0.141592845704935	0.153755203551841	0.144528344859291	0.114398707705545	0.0739090641971733	0.0382388129786178	0.0146732781005858	0.0036159501077615	0.00041754944868008	
6.99446458073081e-06	9.79225041302313e-06	2.65789654067771e-05	1.67867149937539e-05	3.77701087359464e-05	0.00021123283033807	0.000724626530563712	0.00162831135439413	0.00405539056390772	0.00879623865672707	0.0180163418670464	0.0338350229628272	0.05642994134442	0.086654421690674	0.117561561780007	0.14319487557547	0.153234730034651	0.140867117763002	0.110238357363982	0.0706315022291359	0.0367768947654826	0.0134391642454162	0.00322584706463305	0.000380498873191756	
6.96583536387434e-06	5.57266829109947e-06	1.67180048732984e-05	2.0897506091623e-05	9.75216950942408e-06	6.82651865659686e-05	0.00026888124504555	0.000756489720516754	0.0018793823811733	0.00435086076827591	0.00949164726681518	0.0191267907421262	0.0360175483324487	0.0593335924624089	0.0893883857233811	0.120456011446261	0.144638605495487	0.151324414277733	0.137867813521801	0.106527127052658	0.0684658026244481	0.0343304230073183	0.012339280763567	0.00295630052842827	0.000352471269412042	
1.38587461160864e-06	1.38587461160864e-06	1.38587461160864e-05	1.38587461160864e-06	6.9293730580432e-06	4.57338621830851e-05	6.37502321339974e-05	0.000271631423875293	0.000878644503759878	0.00212177403037283	0.00481868602456324	0.0104314782015782	0.0207118960704911	0.038071361455501	0.061173891231017	0.0923671569891042	0.121553676309582	0.145479415604394	0.150347993114975	0.134831740963405	0.102816651560633	0.0667160038028399	0.0320732961364588	0.0119531685251245	0.00291310843360136	0.000333995781397682	
2.76969948760559e-06	2.76969948760559e-06	4.15454923140839e-06	8.30909846281678e-06	2.35424456446476e-05	0.000106633430272815	0.000391912477496192	0.000916770530397452	0.00228500207727462	0.00533998061210359	0.0113017587591746	0.0224622628444814	0.0402520426533721	0.0640396067026728	0.0931948483589531	0.124808198310483	0.145542168674699	0.148298019664866	0.132832017726077	0.100783824954992	0.0626132114665559	0.0306578036283063	0.0111203434427365	0.00270599639939067	0.000306051793380418	
2.77124610466719e-06	0	1.3856230523336e-06	1.10849844186688e-05	4.98824298840095e-05	0.000151032912704362	0.000421229407909414	0.0010766291116632	0.00263268379943383	0.00586811362663278	0.0123625288729204	0.0238645858303415	0.041971907878237	0.066690037508816	0.0955096113743025	0.12783896843135	0.144384693299265	0.146979965276286	0.13010723336802	0.098045301560073	0.0599198832751141	0.0288389725882192	0.010396329761659	0.00263822629164317	0.000236941541949045	
1.38747828596482e-06	0	0	1.38747828596482e-06	1.38747828596482e-05	5.27241748666633e-05	0.00019563443832104	0.000489779834945583	0.00108223306305256	0.00288040492166298	0.00610074202338733	0.0131519066726606	0.0254199896771616	0.0443035691491428	0.0691241682067676	0.0992629715344955	0.128258492754588	0.145077504537054	0.145552022110854	0.12749121726245	0.0944817213610607	0.0574249512995122	0.0269143037911457	0.0101174916612555	0.00234900073813845	0.000252521048045598	
9.73211654070527e-06	2.50254425332421e-05	4.30993732516948e-05	0.000259986541873127	0.000517192479020337	0.00143201143384663	0.00324218511041781	0.00653025019881324	0.013638866180617	0.0271887530100046	0.0451194825850726	0.0711028434463927	0.10252784775633	0.129697136533253	0.145075270969931	0.144478831256222	0.125775093567349	0.0915166530417035	0.054220401852995	0.0262614213339117	0.00903279445213745	0.00214801715076995	0.000157104167014242	
