# <P(N_1)> as a function of N_tot.
# number_of_species: 2
# species_total_upper_bound: 100
# species_total_lower_bound: 0
# volume: 512
# Bin widths for each species index 
1	1	1	1	1	1	1	1	1	1	1	1	1	1	1	1	1	1	1	1	1	1	1	1	1	1	1	1	1	1	1	1	1	1	1	1	1	1	1	1	1	1	1	1	1	1	1	1	1	1	1	1	1	1	1	1	1	1	1	1	1	1	1	1	1	1	1	1	1	1	1	1	1	1	1	1	1	1	1	1	1	1	1	1	1	1	1	1	1	1	1	1	1	1	1	1	1	1	1	1	1	
# Bin lower bound for each species index 
0	0	0	0	0	0	0	0	2	3	3	4	5	6	7	7	8	8	9	10	10	11	12	13	14	14	15	16	16	17	18	19	20	21	22	23	23	24	25	26	26	27	28	29	29	29	30	31	32	33	36	36	37	38	39	40	40	41	41	42	43	45	45	46	47	48	49	50	50	51	52	52	52	51	52	52	53	54	57	58	60	61	62	63	64	65	66	66	67	67	67	69	69	70	71	71	71	73	74	74	78	
# Bin upper bound for each species index 
0	1	2	3	4	5	6	7	8	9	10	11	12	13	14	15	16	17	18	19	20	21	22	23	24	25	26	27	28	29	30	31	32	33	34	35	36	37	38	39	40	41	42	43	44	45	46	47	48	49	50	51	52	53	54	55	56	57	58	59	60	61	62	63	64	65	66	67	68	69	70	71	72	73	74	75	76	77	78	79	80	81	82	83	84	85	86	87	88	89	90	91	92	93	94	95	96	97	98	99	100	
# Normalized histogram for each species index 
1	
0.079791738269808	0.920208261730192	
0.00629520853467143	0.146135116145723	0.847569675319606	
0.000477207285903782	0.0173378573662472	0.201825654879377	0.780359280468472	
3.14304954716681e-05	0.00185506796677462	0.0322383260786846	0.246768844755421	0.719106330703649	
5.33570594390972e-06	0.000182080965335919	0.00415584796706269	0.0497594597064161	0.284413135707678	0.661484139947563	
3.32847819314227e-06	1.39796084111975e-05	0.000493280468223684	0.00776134545076914	0.0680494052675164	0.314536529382474	0.609142131344412	
4.66052099298392e-06	1.99736613985025e-06	5.72578293423739e-05	0.0010918934897848	0.0128597089970692	0.0873514791827843	0.338508952860827	0.560124049753059	
7.29773982363353e-06	0.000170501739515802	0.00202213736203955	0.0184048998352038	0.10733913791136	0.354739152241468	0.517316873170589	
1.38917186834355e-05	0.00029503364441963	0.00332872040071655	0.0257215094080011	0.126521143195836	0.368857545055474	0.475262156576869	
6.59732003665471e-07	2.3750352131957e-05	0.0004967781987601	0.005147229092598	0.0340335948730907	0.146333836269031	0.377147015339429	0.436817136142956	
1.98004902601388e-06	4.81811929663378e-05	0.000896302192442285	0.00744168425610218	0.043357793538968	0.164294567933502	0.381448524665471	0.402510966171522	
2.63894020161503e-06	0.000105557608064601	0.00144811843563625	0.0104172164458753	0.0524621312081068	0.181238454636618	0.382929355570803	0.371396527154695	
1.78485137145996e-05	0.0001969947069241	0.00212595630022787	0.0135470219093811	0.062437406253987	0.196748133012413	0.383656446519573	0.34127019278378	
2.97995878385895e-05	0.000357595054063074	0.00293095501719105	0.0169374235143912	0.0733162570658134	0.212296899253553	0.379967260186161	0.314163810320988	
7.28675155953044e-06	7.02177877554752e-05	0.000543194207164997	0.00408256816921692	0.0214237120169795	0.0843944941305216	0.226298681296697	0.375435963033647	0.287743882606458	
1.9238283387875e-05	0.000119410034821293	0.000806681124126068	0.00545438503500372	0.0266635973865124	0.0960096483308136	0.238158670727492	0.367935486738521	0.264832882339322	
4.64576690992787e-06	2.72109204724347e-05	0.000171893375667331	0.0011601143655077	0.00729252668661249	0.0324785564673057	0.106949536352462	0.24779193335581	0.358991682749869	0.245131899959383	
5.30739784917702e-06	3.91420591376805e-05	0.000221583860203141	0.00164861045690061	0.0092627360962762	0.0381243656001008	0.117939668154949	0.257126840174348	0.350027532126343	0.225604214073892	
1.39332411970114e-05	5.63964524640937e-05	0.000352311955981574	0.00230827362497155	0.0115705615826039	0.0451145080205708	0.129037073700875	0.264375289861178	0.340079233698274	0.207092417861884	
1.99286554136192e-06	5.97859662408577e-06	8.56932182785627e-05	0.000548702312388316	0.00317131336482061	0.0144011106903951	0.0513767379448242	0.139222915296572	0.271033699356304	0.329190165872842	0.19096169048141	
1.99019365247636e-06	1.39313555673346e-05	0.000122728608569376	0.000751629802751907	0.00412368124793103	0.0170174825244412	0.0582828211127703	0.150252986783124	0.27474424353071	0.31990041070963	0.174788094130853	
3.32799301387707e-06	2.39615496999149e-05	0.000173055636721607	0.00101770026364361	0.00512244684695958	0.0204751442185773	0.0656459933959307	0.160879841481037	0.279064860587045	0.306656585066497	0.160937082960875	
9.98366672124404e-06	3.86035113221436e-05	0.000247594934686852	0.00132383420723696	0.00640285825722451	0.0240985747317389	0.0733000810673738	0.170626854466093	0.281090802114408	0.294896882034325	0.147963931008869	
9.99159373913414e-06	5.86173499362536e-05	0.000327058168394324	0.00171522359188469	0.00772816470409562	0.0277233420948509	0.0807733759996589	0.178679004730687	0.281404578281473	0.283388242691815	0.138192400793466	
3.9932806397768e-06	1.53075757858111e-05	7.32101450625747e-05	0.00041663228008338	0.00216702029385221	0.00904744283618764	0.0321618822727624	0.0875074208465223	0.187032619778453	0.282043414947116	0.272794976985393	0.126736078758143	
7.97452935324573e-06	1.86072351575734e-05	8.83843669984735e-05	0.000560875231178283	0.00276782622968904	0.0109835850958705	0.0361817687639014	0.0960944077948366	0.194520700881385	0.281074913393288	0.261134602745498	0.116566353732844	
5.30203717523365e-06	1.5906111525701e-05	0.000108029007445386	0.000682637286311333	0.00343837110813902	0.013408189261519	0.041331368044887	0.104272514106733	0.200650957614189	0.27974144615715	0.249389934347525	0.106955344917401	
6.63174390327204e-07	3.31587195163602e-06	1.26003134162169e-05	0.000143908842701003	0.000949002552558228	0.00439419351030805	0.015507006769021	0.0461370423350636	0.111968374539674	0.206058893864907	0.278388671920334	0.2378852960311	0.0985510302745741	
3.30936032712365e-06	7.94246478509676e-06	3.24317312058118e-05	0.000228345862571532	0.00123306765788627	0.00521158064315432	0.0177302288885977	0.0517332443777277	0.11938451192892	0.212146543770262	0.274764936135964	0.227039988986449	0.0904838681921494	
6.60881748428754e-06	1.45393984654326e-05	4.49399588931552e-05	0.000319205884491088	0.00159669030420387	0.00615809613185913	0.0203782887128006	0.0570354166528983	0.126870130127616	0.217027618248267	0.270811496698896	0.216268926001071	0.0834680430630547	
2.63959846428161e-06	1.91370888660417e-05	7.45686566159556e-05	0.000395279870026172	0.00183980012960428	0.00720742360672095	0.0232766391576513	0.0622417317877604	0.134115358371685	0.220881599491085	0.26715244077071	0.205857005032394	0.0769363764384162	
1.32191113981127e-06	1.78458003874522e-05	8.12975350983932e-05	0.000460686032224228	0.00229417678314246	0.00848204282859902	0.0261103888335522	0.0684069186185235	0.141185397376403	0.225884209837531	0.262400683163677	0.194164952037759	0.0705100792419633	
6.60992268373437e-07	3.10666366135515e-05	0.000100470824792762	0.000653721353421329	0.00280921714058711	0.00987059754362053	0.0294174609039598	0.0746551107591694	0.147606183450472	0.228790575836634	0.25605584591477	0.185481701420538	0.0645273872231517	
6.61316177909923e-07	4.43081839199649e-05	0.000197072221017157	0.000785643619356989	0.00334295327933466	0.0113971230100996	0.0331974108149002	0.0799273345783713	0.155045577910982	0.231395853283038	0.249847235962903	0.175449165948036	0.0593696598718634	
1.32014421255378e-05	6.93075711590734e-05	0.000248187111960111	0.00106007580268068	0.00407924561679118	0.0129638161672781	0.0371046333101428	0.0861902354213174	0.161619315294003	0.232744064961656	0.243377826593777	0.16560879110434	0.0549212996027686	
6.59397903774064e-07	9.89096855661096e-06	8.37435337793061e-05	0.00035211848061535	0.00131747701174058	0.00472854236796381	0.0150402067871826	0.0410277375728223	0.0916411424728081	0.167502893108303	0.232851862963928	0.236907160072138	0.157727978582756	0.0508085866795029	
5.92093187573148e-06	1.57891516686173e-05	0.000101971604526487	0.000387492097200649	0.0016473348240924	0.00544331003775581	0.0170772832922486	0.0451418425018963	0.0985960154760002	0.172129384203348	0.233438660132589	0.230628849016895	0.148804859900884	0.0465812868290186	
6.58751113289381e-07	2.43737911917071e-05	0.000108693933692748	0.000501309597213219	0.00192355325080499	0.0064274346123645	0.0189740083160741	0.049689596475418	0.104217061126833	0.17720734323041	0.233633328590325	0.224651915911738	0.139786327488893	0.0428543949239274	
5.95262504150302e-06	2.44719029484013e-05	0.000140878792648905	0.000521846795305099	0.00215286605667693	0.00714711846649796	0.0215187395250334	0.0541278809051694	0.110200285990563	0.181162190513103	0.232739040886597	0.218547982787654	0.132049726906791	0.0396610178459699	
6.62338066621937e-07	9.27273293270712e-06	4.2389636263804e-05	0.000180818292187789	0.000662338066621937	0.00243011836643589	0.00835671938656898	0.0245561838200083	0.0587732306797642	0.115694564125253	0.184923463524712	0.231599089417626	0.211578596677845	0.124608309825851	0.0365842431098627	
1.33065605335399e-06	6.65328026676993e-06	6.71981306943762e-05	0.000215566280643346	0.00085161987414655	0.00298532685569967	0.00984618946679281	0.0272877636861302	0.0627104931544399	0.121188169403161	0.188854691028318	0.230256723472374	0.204286974607091	0.118163588193887	0.0332777119103031	
1.33256044827333e-06	2.198724739651e-05	6.26303410688467e-05	0.000298493540413227	0.00101607734180842	0.00333406624157988	0.0111941740457201	0.0299599565585294	0.0678406524215955	0.126553265772519	0.192831491068514	0.227911144869309	0.197514108483746	0.111331427771892	0.0301291917354601	
6.68711139523904e-07	2.74171567204801e-05	8.89385815566793e-05	0.00033903654773862	0.00117291933872493	0.00408181279565391	0.0128345729008823	0.0332369497677566	0.0725665267277155	0.132172094149179	0.195020241886193	0.224927010179121	0.190141994123366	0.105261820472458	0.028127996661794	
2.01236396419602e-06	1.34157597613068e-06	3.62225513555284e-05	0.000100618198209801	0.000425279584433426	0.00139456822718784	0.00491285122459055	0.0145836016485286	0.0363687831369266	0.0767502200184601	0.13689240024041	0.197067449073776	0.221669940112048	0.184190332066886	0.0992920503573958	0.026312329619851	
2.68729433800519e-06	6.71823584501299e-07	2.68729433800519e-06	4.03094150700779e-05	0.000117569127287727	0.000442059918601854	0.0016547014886267	0.00586300442194283	0.0163938391090007	0.0394219361149517	0.081486154387747	0.14170640503169	0.199055281675474	0.219734011606424	0.176950270274628	0.0933579489494695	0.0237704620668249	
1.34449352592755e-06	0	3.36123381481887e-06	4.63850266445005e-05	0.00012638239143719	0.000594938385222941	0.0020375799385432	0.00676616366923039	0.018260238822385	0.0430143813750001	0.0857773424606517	0.146374337920969	0.20075036183682	0.215516934232082	0.171289819696696	0.0876145928638317	0.0218258356531449	
1.34495192469345e-06	6.72475962346726e-07	2.6899038493869e-06	3.90036058161101e-05	0.000219227163725033	0.000728963943183851	0.00260180949831948	0.00778525421608805	0.0204493215390016	0.0466167061858374	0.091220691816371	0.149375740564154	0.201524234016255	0.212596550736294	0.164720969548943	0.0821072975746482	0.0200095222596268	
6.73476864722743e-07	2.02043059416823e-06	3.36738432361372e-06	5.85924872308786e-05	0.000257941639188811	0.000944888041206009	0.00275452037671602	0.00870266804594729	0.0223446154177712	0.0496594900971962	0.0953131398030215	0.153691461390918	0.203029029546777	0.20936240598263	0.157772057714273	0.0771582239606905	0.0189449042046508	
6.73968894987559e-07	0	6.06572005488803e-06	7.4810547343619e-05	0.000305981878324352	0.0010183670003262	0.00320404812677085	0.00970380415003087	0.0243868904962298	0.0532981341845111	0.100171996862001	0.157780836098852	0.20398005591246	0.205549729468886	0.1500295198376	0.0728418842013603	0.0176472015463542	
2.02351185879125e-05	9.17325375985366e-05	0.000377722213641033	0.00110955900257053	0.00384130001193872	0.010566104422655	0.0263016071405686	0.0566340499038495	0.104927183925761	0.161720416762502	0.204912951892355	0.200051801903585	0.14425885842904	0.0688277323649255	0.0163587443704214	
4.04445666769126e-06	2.89852727851207e-05	0.000125378156698429	0.0004165790367722	0.00126658901309865	0.00435250945054708	0.0116608426490652	0.0286138568478044	0.0604376641375331	0.109570397812758	0.165449285209692	0.2036828822416	0.195476005586743	0.139172450239701	0.0647362474991776	0.0150062823893571	
6.75115512264148e-06	2.43041584415093e-05	0.000136373333477358	0.000434099274385847	0.00160272422611509	0.00500935710099998	0.013182980607982	0.0308710070293027	0.0647523541277913	0.11398380262863	0.167764854566616	0.20204722027939	0.191356091027175	0.134523516973754	0.060672631087179	0.0136319324236377	
6.74883143983619e-06	3.17195077672301e-05	0.000138351044516642	0.000577699971249978	0.00182758355390764	0.00566024492859061	0.0146382153930047	0.0340667513420051	0.069135029269682	0.117800177899197	0.169857964093517	0.201297395355994	0.187952930950006	0.12798416454191	0.0566928836272	0.0123321396900127	
1.21362823600484e-05	2.562104053788e-05	0.000171930666767353	0.000653336533715941	0.00212924331627961	0.00602701266758183	0.0164096022266033	0.0372786139826154	0.0724246134594068	0.121024356170221	0.172380383452584	0.201032123390931	0.183565990361095	0.122112576155172	0.0534414451345644	0.0113110151595651	
1.2135341417718e-05	4.17995093276953e-05	0.000199558947758029	0.000796887419763482	0.00246482267906539	0.00701962082451555	0.0178652451237839	0.0400149399536565	0.0762429791993506	0.125134921400068	0.175208711017744	0.199192190772961	0.178338280732247	0.116672543318112	0.0502686292659939	0.010526734494236	
1.3493446570337e-06	1.61921358844043e-05	5.3299113952831e-05	0.000280663688663009	0.000950613310880238	0.00287612813646732	0.00817163124299606	0.0197065040436486	0.0425050313688899	0.0796450683814139	0.129386635145975	0.177289719815329	0.197940765118901	0.173116196791123	0.111667041109809	0.0470341067102235	0.00935905454118571	
4.72235583490914e-06	2.36117791745457e-05	8.63516495526243e-05	0.000306953129269094	0.000999790192476478	0.00335219802052336	0.00900215946586108	0.0215555305195738	0.0452334226758082	0.08319239349907	0.13334853482164	0.179039351391172	0.196214559562737	0.16783859797303	0.106713098668228	0.0441324391440123	0.00895628515203625	
4.71604999821464e-06	1.68430357079094e-05	2.42539714193896e-05	0.000115880085670417	0.000377957721285487	0.00119181320669167	0.00369873064145691	0.00980264678200328	0.0230291458627104	0.0482142002960332	0.0881530802880563	0.136978345919572	0.180654358674467	0.193511658412456	0.16329390490961	0.101684101454362	0.0411893069629783	0.0080590557255205	
2.01974366759867e-06	1.41382056731907e-05	1.88509408975876e-05	0.000129263594726315	0.000443670358982507	0.00144815620966824	0.00420510631594042	0.0106979089593809	0.0252138066984125	0.0517828613977838	0.0919582559378781	0.141485063658954	0.181237658524631	0.190399215800859	0.157758811636686	0.0964441066236147	0.0390652087708042	0.00769589662144012	
1.34293892783785e-06	6.04322517527032e-06	3.5587881587703e-05	0.000141680056886893	0.000550604960413518	0.00170956125513758	0.00469357155279328	0.011760116191076	0.0275806082304698	0.0547475912711656	0.0962752917366953	0.143721324057207	0.181618389131327	0.187989291404989	0.153090337487267	0.0921732847816146	0.0370006533397884	0.0069047204974783	
1.00441137475794e-05	2.27666578278466e-05	0.000185481300538632	0.000646171317760939	0.00191440808028863	0.0052604371733989	0.0133218428672061	0.0298993178037943	0.0587272634745134	0.100074862127799	0.146640712676743	0.180887792518073	0.184890037042691	0.14827187674935	0.08846453624318	0.0344211778129545	0.0063612720401336	
6.6941125280316e-07	9.37175753924424e-06	4.55199651906149e-05	0.000228269237205877	0.000722964153027412	0.00225056063192422	0.00577434146668005	0.0145590253372159	0.0321859624460287	0.0622137430130201	0.10367038189912	0.148290658365967	0.181374301302005	0.182114670147605	0.144740101081099	0.0837219265655856	0.0320962613381531	0.00600127188138033	
6.70833436753488e-07	1.81125027923442e-05	7.24500111693767e-05	0.000252904205656065	0.000866716800285507	0.00242975870792113	0.00645878432906258	0.0162576483397208	0.0342836136187238	0.065147989210315	0.106425712240631	0.150940877436719	0.18227215310029	0.179812877721152	0.139645384028663	0.0794796747531165	0.0301968963220215	0.00543777583832377	
1.34492840946076e-06	1.4121748299338e-05	0.000115663843213626	0.000292521929057716	0.00098516005993001	0.0027268423501817	0.00738836421737271	0.0175492983508488	0.0367716876430668	0.0674488321986621	0.110165103411545	0.154348019054946	0.182323874900139	0.176123754932525	0.134362382890359	0.0761377421879833	0.0280646211202178	0.00518066423324286	
4.03897883844354e-06	2.89460150088454e-05	0.000117803549454603	0.00034264003812796	0.00103869072461973	0.00309318462710801	0.00853099646993249	0.018743554462937	0.038556091991782	0.0707056903826529	0.114056050255667	0.156176541072376	0.181941860245947	0.172782802566636	0.130248989582127	0.0727399893909489	0.0261712365468347	0.00472089309900076	
7.42286295775446e-06	2.6992228937289e-05	0.000126188670281826	0.000412306297017089	0.00122207316513576	0.00364867454659803	0.00924213918812774	0.0203467421729284	0.0412144343643465	0.0746544319890304	0.116510606596361	0.157642039856725	0.181226499890681	0.170631375227072	0.126059107582927	0.0683213802746189	0.0244509105828432	0.00425667450341047	
1.35157235169534e-05	4.93323908368801e-05	0.000135157235169534	0.000484538688082781	0.00136170914433306	0.00407904535741655	0.010013123767535	0.0221272667557803	0.0440585555205648	0.0783837627503957	0.119545898721277	0.160420149781248	0.180383549201964	0.166855661533845	0.121025194660208	0.0645956974045756	0.0226428916079521	0.00382494975529783	
4.72929514585146e-06	1.55391126220834e-05	5.8778382527011e-05	0.000149310603890453	0.000490495467984023	0.00170389747969106	0.00460363101769027	0.0106969900063237	0.0239491506185918	0.0465504521206159	0.0812202392212607	0.123352178448467	0.162281033634747	0.179165292919029	0.163287022273629	0.116390655993774	0.0611727570979964	0.0212135911835129	0.00369425512250226	
8.12125026647852e-06	1.21818753997178e-05	4.60204181767116e-05	0.000173930109873748	0.000636164604207484	0.00195113037652147	0.0050811955833934	0.0118543183056365	0.025795797929758	0.0491396550498949	0.0843439214133683	0.126137905597233	0.163296686191506	0.179118912023173	0.159441799398351	0.11195549554854	0.057855786898393	0.0198551033598289	0.0032958740664792	
8.8094084482227e-06	1.15199956630605e-05	3.99811614188569e-05	0.000208715215542507	0.000727115020380228	0.00210951449994748	0.00555602614361369	0.0129776139378395	0.0272576650324085	0.0518182957860533	0.0877295105018313	0.129716506459668	0.164859947346843	0.177539396691051	0.155044233395112	0.10797962993708	0.054769447616208	0.0185092447965196	0.00313682705437099	
2.70645150377212e-06	6.76612875943029e-06	4.05967725565818e-06	5.95419330829866e-05	0.000234784667952231	0.000877566900098109	0.00238167732331946	0.00615717717108157	0.0141432389458371	0.0291491593085016	0.0552813018031733	0.0913522108325721	0.132292026117257	0.166048919110931	0.1750133631043	0.151461145505599	0.103259244223418	0.0522771406339863	0.0170702662471667	0.00292770391420549	
6.75074038745199e-07	4.7255182712164e-06	3.375370193726e-06	1.0126110581178e-05	8.57344029206403e-05	0.000278130503963022	0.00102408731677647	0.00278873085405642	0.00674871516533576	0.0153073038285474	0.0315684872738418	0.0581265750321166	0.0946264781589921	0.135121469447162	0.166893154006666	0.172372054905122	0.147531355501415	0.0990974935176015	0.0495848632198736	0.0161767991904512	0.00264966560207491	
1.35337043372816e-06	6.76685216864078e-07	1.35337043372816e-06	2.70674086745631e-06	6.76685216864078e-06	1.48870747710097e-05	0.00011774322773435	0.000394507481431758	0.0012187100755722	0.00301260258547888	0.00741240986552911	0.016638336112254	0.0338592981962279	0.0608340009960806	0.0973086875554882	0.137698674779671	0.16669395963708	0.17079602542171	0.143612226889846	0.0951642721032459	0.0474281901647864	0.0153377471254412	0.00244486368852991	
1.35410805917723e-06	1.35410805917723e-06	2.03116208876585e-06	5.41643223670892e-06	4.06232417753169e-06	2.77592152131332e-05	0.000143535454272786	0.000463104956238613	0.00135546216723641	0.00326543158470589	0.00805694295210452	0.0177848552492337	0.0361418211534699	0.0632632514707306	0.100677257145797	0.140062167100997	0.168275008513954	0.168682595039767	0.139940297375671	0.091027206062071	0.0447282203567127	0.0139601770360877	0.00213068903111537	
6.77202125872914e-07	1.35440425174583e-06	2.03160637761874e-06	3.38601062936457e-06	6.09481913285622e-06	1.69300531468228e-05	3.65689147971373e-05	0.000166591722964737	0.000472009881733421	0.00141941565582963	0.00361151893728025	0.00875893229604026	0.0195812994696153	0.0380072921124914	0.0665479757074053	0.104125244469967	0.14313818173938	0.167391498675393	0.166986531804121	0.135813563545939	0.087241241067704	0.0418598950065824	0.0128329802852917	0.00197878461180065	
1.35415940216571e-06	1.35415940216571e-06	3.38539850541427e-06	2.03123910324856e-06	1.08332752173257e-05	1.62499128259885e-05	6.90621295104511e-05	0.000171301164373962	0.000580257303828006	0.00156473118920247	0.00417893591508337	0.00980005159347322	0.0209921790523728	0.0405963447175257	0.0699017083397938	0.107281247397475	0.144722400707955	0.167337539803823	0.164035422101642	0.131735334961484	0.0836349159168573	0.0395597356951679	0.0119206652172647	0.00188295864871142	
6.75821342573163e-07	1.35164268514633e-06	8.78567745345112e-06	6.75821342573163e-06	7.43403476830479e-06	2.36537469900607e-05	7.83952757384869e-05	0.000215587008280839	0.000614321600399005	0.00179565730721689	0.00464221680213505	0.010590796259464	0.0228481679497135	0.0429538528912651	0.0729163921142462	0.110418394234974	0.145371874072858	0.167250914217321	0.161265840407493	0.12816411104826	0.0808167436089265	0.0370620424267122	0.011200387110465	0.00174564652786648	
6.76079039048297e-06	4.05647423428978e-06	8.78902750762786e-06	3.10996357962217e-05	7.84251685296025e-05	0.000262994746189788	0.000724756729859774	0.00209178854681543	0.00502867589244123	0.0118489612383605	0.0242205315739052	0.0455278385685514	0.0762164183090317	0.112893030098363	0.146959300717928	0.166196453695009	0.159393070325066	0.124919800123993	0.0766450524197883	0.0349566667139922	0.0103264312424237	0.00165909796182452	
1.35356278027209e-06	5.41425112108837e-06	4.06068834081628e-06	2.50409114350337e-05	0.00011302249215272	0.000273419681614963	0.000834471454037745	0.00229970316368229	0.00576888456951966	0.0128006432130332	0.0260811244316728	0.0477394824788066	0.0789580544430021	0.115271436712142	0.148538625944279	0.166540334140508	0.156585556672997	0.120867065245787	0.0731505933342447	0.032947071634603	0.009695570195089	0.00149907077915134	
6.77710639243783e-07	3.38855319621892e-06	3.59186638799205e-05	0.000136219838488	0.000304292077020459	0.000967770792840123	0.00259495403766445	0.00632507339606223	0.0139364415854092	0.0278891482261602	0.050061807210299	0.0820782132294538	0.118270672207629	0.15095326778516	0.165757856699441	0.152408312527617	0.116634001013855	0.0702209878852446	0.0310621894390996	0.00904675932326526	0.00131204779757596	
6.78296282529394e-07	4.74807397770576e-06	4.61241472119988e-05	0.000120058442007703	0.00034660940037252	0.00109477020000244	0.00292413527398422	0.00681552104685535	0.0147556573301444	0.029813834802297	0.052752458484876	0.0852516682697069	0.121516100718858	0.152182553948295	0.163482970015235	0.150219564506655	0.112812202821441	0.066827106347361	0.0293878647368685	0.00844546701377348	0.0011999061237945	
1.3560029913426e-06	8.13601794805559e-06	3.66120807662502e-05	0.000152550336526042	0.000410868906376807	0.00123396272212177	0.00315677496384557	0.0073468242070942	0.0158428609493513	0.0316545338299016	0.055803591102722	0.0882669807169595	0.123957657450592	0.152172689692953	0.162154227712226	0.146895126050648	0.109877600389986	0.0640569033095287	0.0277756872731661	0.00803974173567027	0.00115531454862389	
3.38675372881586e-06	1.49017164067898e-05	5.35107089152905e-05	0.000170015037186556	0.000495143395152878	0.00128832111844155	0.00350799951230746	0.0080537003671241	0.017111911890215	0.0329002804232087	0.0579764823821071	0.090433098066841	0.125389815354187	0.153382689624341	0.162077841147703	0.144123304929759	0.106534402644377	0.0616382405137028	0.0261802836744923	0.00758632835254752	0.00107834238725497	
1.08462002032307e-05	2.37260629445671e-05	7.93128389861243e-05	0.000188452728531133	0.000510449297064544	0.00156998747941764	0.00388293967275658	0.00851087772197257	0.0181965345034576	0.034737667700897	0.0602994500298609	0.0934522167260609	0.128211576827364	0.154426842718573	0.160453940594006	0.141396488949417	0.102341355680121	0.0587904724265865	0.024872370728546	0.00709680437047637	0.00094768674275728	
9.50278703168229e-06	2.51145085837318e-05	8.00949192670365e-05	0.000242321069307898	0.000644153206647607	0.00185304347117805	0.00425589104918914	0.00931341006155091	0.0194331994797903	0.036738453434986	0.0632464778598638	0.0963012437790683	0.129719830687486	0.15452617746319	0.15945405130962	0.138492939429235	0.098744138816713	0.0561092060285681	0.0235981352816762	0.00636822485223166	0.000844390504815198	
9.50436114399922e-06	1.90087222879984e-05	7.19615915188512e-05	0.000277663121992549	0.000778678730869079	0.00198844812791241	0.00450303053343906	0.0101241812671757	0.0209007690385931	0.0389556607974974	0.0655244234926083	0.098877942278657	0.131864185394784	0.155467587412967	0.157879658494726	0.135284397640746	0.0953409621672116	0.0533500157500842	0.0221003551915536	0.00588116289931894	0.000800402984912506	
6.80410042307896e-07	8.84533055000265e-06	3.67421422846264e-05	0.000118391347361574	0.000323194770096251	0.000889295925296421	0.00213784835293141	0.00492616870630917	0.0111410340327495	0.0224644179568375	0.0411518797688239	0.0684145493440167	0.101700208613719	0.133957768309494	0.15548117917782	0.156012579420862	0.131445694433293	0.0915151506904121	0.0511777217422307	0.0208334750854255	0.00548682658117088	0.00077634785827331	
1.36592428681678e-06	7.5125835774923e-06	4.50755014649538e-05	0.000145470936545987	0.000338749223130562	0.000964342546492648	0.00237944010763483	0.00545686752583304	0.0119907663518211	0.0238442573128172	0.043005443208283	0.071025331065899	0.104311540011337	0.135767410412441	0.155341105442525	0.154005914452162	0.128165358794162	0.0889763080432452	0.0489219442566299	0.0193660745384883	0.00515431529630313	0.00078540646491965	
2.73337560954276e-06	2.05003170715707e-06	9.56681463339966e-06	6.01342634099407e-05	0.000147602282915309	0.0004154730926505	0.0010885668365004	0.00269852507052109	0.00582072336052131	0.0130593853184929	0.0255837123614179	0.0455571712842492	0.0735107202991406	0.106674083225821	0.137350757691719	0.15580309308784	0.151584811178413	0.125213203297544	0.0854610384640616	0.0460778793378671	0.0183498338107629	0.00487224202400997	0.000656693490192648	
6.84027746901525e-07	4.78819422831068e-06	3.42013873450763e-06	9.57638845662135e-06	7.52430521591678e-05	0.000158694437281154	0.000435725674776272	0.00122440966695373	0.00287770473121472	0.0066836351149748	0.0144172528214434	0.0271750543289038	0.0476610013208576	0.0763368125264633	0.108620186069228	0.138618222909594	0.155416576318002	0.149048962022095	0.122757671542188	0.0824889580820956	0.0435602549781829	0.0172231346392335	0.00460145465340656	0.000600576361779539	
1.36653559312769e-06	7.51594576220231e-06	1.43486237278408e-05	7.03765830460762e-05	0.000160567932192504	0.000498102223695044	0.00128795979652285	0.00316284663029404	0.00729388372831906	0.0152778679311676	0.0286480521743289	0.0498279873322151	0.0787267987878829	0.111258545117881	0.139881999651533	0.154165712938701	0.147399995217125	0.120052201659657	0.0791435921437869	0.0420592324852841	0.0163075525005893	0.00426495758615153	0.00048853647454315	
2.73285084851603e-06	5.46570169703206e-06	7.51533983341908e-06	3.62102737428374e-05	6.62716330765137e-05	0.000184467432274832	0.000535638766309141	0.0014272313556375	0.00347823591744877	0.00799495515733364	0.0163240013308984	0.0306229601830464	0.0518305659802429	0.0812736178094424	0.113306729030323	0.140340089623844	0.153821926072285	0.1457846117268	0.116420129359495	0.0766550998754503	0.0398190032883028	0.0156660674891181	0.0039168584786356	0.000479615323914563	
1.36541978807319e-06	4.09625936421958e-06	1.70677473509149e-05	4.09625936421958e-05	8.26078971784283e-05	0.000180235412025662	0.000604198256222389	0.00155589584850941	0.00396654448435263	0.00877213942847624	0.0175101433622506	0.0318504646864894	0.0545608093116168	0.0836080671731919	0.115365683314092	0.141828201516845	0.153073798891416	0.143777338264319	0.113280687297705	0.073162605794432	0.0380037289614412	0.0146878206603034	0.00363611289563892	0.00042942452334902	
3.40742204670213e-06	4.77039086538298e-06	3.06667984203191e-05	4.15705489697659e-05	7.76892226648085e-05	0.000226934308310362	0.000733277224450298	0.00178071876160653	0.00431379631112489	0.009160513430354	0.0185247906991008	0.0341750801596036	0.056920985290159	0.0863556598983907	0.117841602578737	0.142557679136696	0.152724745039645	0.140660426541092	0.109905035147558	0.0703789394058137	0.0362331630758117	0.0136262807647618	0.0033058808697104	0.000416386974107	
3.39706452859955e-06	2.71765162287964e-06	8.15295486863891e-06	2.71765162287964e-05	3.39706452859955e-05	9.24001551779077e-05	0.000252741600927806	0.000777248364143576	0.00196350329753054	0.00459147241685515	0.00982906650704993	0.0196934624851973	0.0361243841971276	0.0593677791147114	0.0887401578547945	0.120461946422857	0.143792985605279	0.151812775544397	0.138081161306891	0.106485743539293	0.0677184431389148	0.0341350632091797	0.012611262355973	0.00299756974003624	0.000395418311128987	
6.77451238753463e-07	6.77451238753463e-07	6.77451238753463e-06	6.77451238753463e-07	1.08392198200554e-05	4.80990379514958e-05	9.28108197092244e-05	0.000264883434352604	0.000865105231888172	0.0022200077093951	0.00511746665754366	0.0106542756318757	0.0210158923286099	0.0383430626622072	0.061337790059216	0.0916090212116757	0.121532042427416	0.145131056329393	0.150558795654286	0.135007225017461	0.103037623609447	0.0653164611844151	0.0323916535297581	0.0122022517124274	0.00287036089859842	0.000364468766449363	
1.34996490091258e-06	1.34996490091258e-06	2.02494735136886e-06	1.07997192073006e-05	4.65737890814839e-05	0.000100572385117987	0.000368540417949133	0.000942950483287435	0.00248326043522868	0.00548828230466008	0.0114092283600626	0.0226679356336735	0.0403288514498623	0.0640389599870403	0.0933932717749339	0.123814730816999	0.145522841406123	0.14841716615368	0.132555753550408	0.100360440628544	0.0624662508774772	0.0311430152816027	0.0114153032021167	0.00269587990712241	0.000324666558669475	
1.34798321491301e-06	0	1.34798321491301e-06	9.43588250439106e-06	4.38094544846728e-05	0.000142886220780779	0.000394959081969511	0.00116398350607738	0.00269124848857382	0.00585429110236719	0.0124466030148993	0.0239287240395283	0.0418542048314414	0.0663457118631959	0.0961732104511835	0.12652035656852	0.145198011994355	0.147423532282176	0.129820219478627	0.0971221906344822	0.0600047988202451	0.0295707077855467	0.0105088771434618	0.00253151247760663	0.000248028911543993	
6.74867658452178e-07	0	0	2.69947063380871e-06	7.42354424297395e-06	5.60140156515307e-05	0.000171416385246853	0.000489279052377829	0.00124378109452736	0.00288843357817532	0.00638829725490831	0.0131788156342541	0.0251948342929951	0.0436031994125952	0.0690652812983374	0.098762157740867	0.127649192993254	0.145490669279754	0.145492019015071	0.12724089805989	0.0945212893751535	0.0580521159800563	0.0276351557459582	0.0102147968783322	0.00238363256965309	0.000267922460405514	
4.72784178750242e-06	1.55343373017937e-05	5.33570716018131e-05	0.000229638029678689	0.000557885330925286	0.00146360473621682	0.00316157534389983	0.00696005851717321	0.0137870620583267	0.0266535457800297	0.0453757992585393	0.0709500462990792	0.101629011658182	0.129300394234464	0.144952927580946	0.144241725094911	0.125354672559809	0.0914546961314772	0.0553751846391069	0.0267082536635708	0.0094550081690352	0.00211334527901358	0.000201946384923318	
