# <P(N_2)> as a function of N_tot.
# number_of_species: 2
# species_total_upper_bound: 100
# species_total_lower_bound: 0
# volume: 512
# Bin widths for each species index 
1	1	1	1	1	1	1	1	1	1	1	1	1	1	1	1	1	1	1	1	1	1	1	1	1	1	1	1	1	1	1	1	1	1	1	1	1	1	1	1	1	1	1	1	1	1	1	1	1	1	1	1	1	1	1	1	1	1	1	1	1	1	1	1	1	1	1	1	1	1	1	1	1	1	1	1	1	1	1	1	1	1	1	1	1	1	1	1	1	1	1	1	1	1	1	1	1	1	1	1	1	
# Bin lower bound for each species index 
0	0	0	0	0	0	0	0	0	0	0	0	0	0	0	0	0	0	0	0	0	0	0	0	0	0	0	0	0	0	0	0	0	0	0	0	0	0	0	0	0	0	0	0	0	0	0	0	0	0	0	0	0	0	0	0	0	0	0	0	0	0	0	0	0	0	0	0	0	0	0	0	0	0	0	0	0	0	0	0	0	0	0	0	0	0	0	0	0	0	0	0	0	0	0	0	0	0	0	0	0	
# Bin upper bound for each species index 
0	1	2	3	4	5	6	7	6	6	6	6	6	7	7	7	8	8	8	8	8	9	9	10	10	11	11	11	12	12	12	11	11	11	11	12	11	12	12	12	12	13	13	13	13	14	14	15	13	14	14	15	15	15	15	15	16	16	17	17	17	16	17	16	16	16	17	17	18	18	18	18	19	22	22	23	23	23	21	21	20	20	20	20	20	20	20	19	20	20	21	22	23	23	23	24	25	24	24	25	22	
# Normalized histogram for each species index 
1	
0.920027562279304	0.0799724377206964	
0.846907035303637	0.147022215933836	0.00607074876252672	
0.779374771440286	0.202373696517027	0.0176863662052993	0.000565165837387382	
0.718689686286161	0.246994355131549	0.0323353029852881	0.00195204612726813	2.86094697344821e-05	
0.661333280549306	0.284411337129385	0.0499688794170884	0.00411715414915447	0.000162750751622559	6.5980034441578e-06	
0.611398098852635	0.312990880818091	0.0674626183824434	0.00771792033454571	0.000406321929963277	1.31780085393495e-05	1.09816737827913e-05	
0.562467090251694	0.337509214729526	0.0860677677537122	0.0129093972689297	0.000974128549864851	5.26555972899919e-05	4.38796644083266e-06	1.53578825429143e-05	
0.518937252685133	0.354821671384701	0.105846943608391	0.0182726536598781	0.00201453169231575	8.94862398536791e-05	1.74607297275471e-05	
0.475233440564825	0.369811616237414	0.126052467303095	0.0254375719136145	0.00321259458883357	0.000239258906412791	1.30504858043341e-05	
0.436377102446483	0.376798373644704	0.147720756880734	0.0335609535724215	0.00502371768140117	0.000488688490408674	3.04072838476508e-05	
0.402040107705108	0.381156410441193	0.16533127182437	0.0429291771216181	0.00753630024655123	0.000908461577098033	9.82710840610853e-05	
0.37021217663507	0.383522677312136	0.182533017955437	0.0518197246012345	0.0104417635369221	0.00136072665881153	0.000109913300388653	
0.340941248033006	0.383701607535626	0.197497234086632	0.0620071495003725	0.0136356223194883	0.00202980574692884	0.000182924947877409	4.40783006933517e-06	
0.315010514665191	0.378871057000553	0.213020475926951	0.0730780298837853	0.0168411732152739	0.00285113447703376	0.000314333148865523	1.32816823464305e-05	
0.287868756628928	0.373626884608486	0.227516999949072	0.0850672801631464	0.0213631401690363	0.00403215985155629	0.000462779466762913	6.19991630112994e-05	
0.264392267397027	0.366117566765053	0.23958970404446	0.0969367405004388	0.026610737362725	0.0054732718199626	0.000768917134221466	0.000108579076590351	2.21589952225206e-06	
0.244322383947475	0.359638645982122	0.248287387711579	0.106898355936357	0.0324750586692511	0.00718160202930482	0.00107072763117517	0.000108176606036255	1.76614866997967e-05	
0.224130334182832	0.350713733756385	0.257984806449399	0.118200598265429	0.0380680144983051	0.00923968036418467	0.001463558284382	0.000188203410245794	1.10707888379879e-05	
0.206720859985785	0.340285181236674	0.264181325515281	0.129257729211087	0.0456756396588486	0.0115649431414357	0.00199893390191898	0.000262082444918266	5.33049040511727e-05	
0.191371181295615	0.329540519412838	0.269574861861842	0.139527891547348	0.0519479651764895	0.0144207105902581	0.00307122160679009	0.000469925858616904	7.57226502036717e-05	
0.174655642474028	0.319448404283754	0.275354603610185	0.150027174397263	0.0584895489941018	0.0169550419643971	0.00414966410663055	0.000790730412159875	0.000124734938256206	4.45481922343591e-06	
0.161436490505247	0.304419712978955	0.280121457761254	0.161465536695393	0.0657069507533018	0.0203524420025784	0.00521043964760268	0.00107694335769489	0.000189917397103871	2.01089008698217e-05	
0.149840547613354	0.293370043511394	0.280414956119865	0.170890050483944	0.0730061747294226	0.0242251418534021	0.00652335692528421	0.00141238834422049	0.000270409793751075	4.02262503100773e-05	6.70437505167956e-06	
0.138692895101148	0.284057517974367	0.280949403831554	0.17759567722056	0.0806167105791989	0.0279551645603537	0.00812753985620506	0.00160094672442281	0.000352788817934176	4.68896530165677e-05	4.46568123967311e-06	
0.126483110732258	0.272084467482289	0.282389179829471	0.187227498225052	0.0875722498325206	0.0325165977089264	0.00923863087541091	0.00208097322777866	0.000336071612186713	5.78666352109573e-05	8.9025592632242e-06	4.4512796316121e-06	
0.115623147278456	0.260039391496855	0.280696612198041	0.195785065426745	0.0967156728862598	0.0367779798423896	0.010951457862867	0.0028488889777085	0.000488507852763733	5.55122559958788e-05	4.4409804796703e-06	1.33229414390109e-05	
0.106598334683928	0.247675468715154	0.280072070958098	0.201222379975579	0.104730319042057	0.0416947273823272	0.013590586614321	0.00359913179225723	0.000673457175851813	0.000130275322541826	8.83222525707296e-06	4.41611262853648e-06	
0.0980136900012598	0.237395761271486	0.278264636520963	0.205712492291915	0.112402115606911	0.0464584802197826	0.0159510395692755	0.00462816639296978	0.00095259776283189	0.000194497919093286	1.76816290084806e-05	6.63061087818021e-06	2.21020362606007e-06	
0.0895988982461698	0.228077122768113	0.274578262361731	0.211372616313349	0.119135932838776	0.052232107500198	0.017951899469363	0.00542076964369	0.0013265925710816	0.000259598546248141	2.85998398408969e-05	6.59996304020698e-06	1.0999938400345e-05	
0.0835525813869846	0.216509541922335	0.271232548254553	0.215853432585311	0.12677950584722	0.0568678953276732	0.0210848691595915	0.00606628666092662	0.00161302627706996	0.000377099386396085	5.23143657428095e-05	0	1.08988261964186e-05	
0.0765858964366586	0.207348129750525	0.266726298123997	0.219595012668066	0.133908082161148	0.0624089516659538	0.0237946883134646	0.00735116921801015	0.00176289114147201	0.000427696496145304	8.68419281513307e-05	4.34209640756654e-06	
0.069947247701445	0.19370791588276	0.264340878365916	0.225014267641423	0.139573337846899	0.0686170478242661	0.0265497479564181	0.00921374988336339	0.00241736160387819	0.000522966020228586	9.33092899163037e-05	2.16998348642567e-06	
0.0640103997400065	0.184716715415448	0.258180045498863	0.229736756581085	0.146161845953851	0.0737276568085798	0.0294074314808796	0.0100682482937927	0.0031740873144838	0.000675983100422489	0.000108330625067707	3.2499187520312e-05	
0.0588778407547973	0.175616813922821	0.250060285590766	0.231540117616644	0.154724326485035	0.0793380099020441	0.0336643428653361	0.0115009700005866	0.00346723613920214	0.00090156829434141	0.000256349539113943	5.21388893113104e-05	
0.0534456713226478	0.166206406987867	0.244471473278246	0.23419570703245	0.160650827385307	0.0847620861450294	0.0373070047483216	0.0133121815875929	0.00417912902709184	0.00113838522436577	0.000257543425284272	5.84342225434902e-05	1.5149613252016e-05	
0.0502697999011058	0.15800190446989	0.239170756670503	0.233558832356987	0.167424927826637	0.0893891661142552	0.0402896867125438	0.0150889292431136	0.00492311944394661	0.00144886541530183	0.000364915432467973	6.90964132483735e-05	
0.0467399469825837	0.148623619518008	0.232041861308511	0.234414261166901	0.171702169914775	0.097343948329606	0.0448510935921458	0.0165873708024281	0.00557805389816166	0.00164923884605089	0.000369135919731286	9.71410315082332e-05	2.15868958907185e-06	
0.0440559667224893	0.139679109718546	0.224396304899789	0.234377397223273	0.176491815677165	0.103830155042947	0.0498687267030414	0.0185576143914429	0.00618875263356923	0.00196855923504943	0.000490519150775215	9.2917724596186e-05	2.16087731619037e-06	
0.040940267407536	0.133221913526654	0.217457457891995	0.232763934710887	0.181155582566418	0.110668084736934	0.0532036811946518	0.020852144469526	0.00687402326792846	0.00216183365167564	0.000538287897204376	0.000151936100017364	1.08525785726689e-05	
0.037775024863469	0.125050163139253	0.21220970809415	0.231129935616701	0.184275382548462	0.116175649503603	0.0580910962608832	0.0236312006002129	0.00830527105543245	0.00243400275679165	0.000695740931376826	0.000170118472248879	5.6706157416293e-05	
0.0343028863503645	0.119178690392611	0.205154618882335	0.229363918105249	0.187865386760451	0.121669827063936	0.0616288403201078	0.0269432068955713	0.00975676970217903	0.00291762626825977	0.000842043563178419	0.000262455136575092	0.000107169180768162	6.56137841437729e-06	
0.0301087758675651	0.112716863971214	0.198556350790164	0.227798325786125	0.192043335676825	0.125489622406693	0.0676017344750942	0.0297245014257455	0.0112203770256285	0.00334056759081759	0.000941035706955804	0.000325323249040406	8.07849678825168e-05	5.2401060248119e-05	
0.0278877829957244	0.106649085301745	0.191425141935936	0.224201829396509	0.195150960257938	0.130524111586178	0.0723238066867597	0.0334097042125184	0.0128749912385225	0.00390542861148104	0.00114775355715988	0.000343887993271185	0.000105137730426859	5.03784958295367e-05	
0.0255716004813478	0.100239795515033	0.184831396523404	0.223170131843615	0.196232663135612	0.136318919251276	0.075783727283108	0.0358814900700062	0.0148862069268404	0.00496938874102963	0.0015481303855174	0.000406246980596766	0.000105404621992674	5.48982406211846e-05	
0.0231813074924514	0.0927471736535356	0.177680201530791	0.221622428200267	0.198103187978372	0.142552752615687	0.0808383364932238	0.0387020749947335	0.0163282950635489	0.00579093813636683	0.00183010322308827	0.00043229056948248	0.000136050839126466	5.26648409521803e-05	2.19436837300751e-06	
0.0213884746952022	0.0866349443031313	0.170925795982809	0.21776817822998	0.200166652048066	0.147280940268397	0.0862687483554074	0.0424107534426805	0.0180488553635646	0.00629550039470222	0.00203929479870187	0.00058986053854925	0.000140338566792387	3.50846416980967e-05	6.57837031839312e-06	
0.0199595113315689	0.0817419767584527	0.163714002769355	0.212964261300896	0.201777294796067	0.149836555483498	0.0928128231644261	0.0466276970536168	0.0198455821779749	0.00735719418786041	0.00238155749916744	0.000703293428916972	0.000247576814540866	2.84822883985067e-05	0	2.19094526142359e-06	
0.0193816741113074	0.0770964803494408	0.157726878628576	0.209150871955837	0.201999626853386	0.154021752252598	0.0961225676876982	0.0502540689443243	0.0221912486144188	0.00822898032200358	0.00266909577795582	0.00085604223141675	0.000256812669425025	4.38996016111154e-05	
0.0179365822292016	0.0735310199421725	0.150069331746941	0.205110427757195	0.203944692075184	0.157081242809839	0.100732248229525	0.0535188595474409	0.0241720652112103	0.00943086728110196	0.0031647646001286	0.000951397789257735	0.000284325776100013	6.78007619930799e-05	4.37424270923096e-06	
0.0169881618874471	0.0690180995574108	0.144041672956553	0.198959488758059	0.205067788563565	0.161668668491281	0.104272090626866	0.0570115274468751	0.0266231734717765	0.0108054773421895	0.00394457899331194	0.00114858789322727	0.000345670261199826	8.75114585316015e-05	1.75022917063203e-05	
0.0152036542920901	0.0647361686703844	0.140522989986506	0.194966177710041	0.202737225480477	0.165598211283413	0.109847111895227	0.0594433842378085	0.0286233956793062	0.0117537370464341	0.00454821368525401	0.00144983863994655	0.000434514893598438	0.000122275547947299	8.73396771052137e-06	4.36698385526069e-06	
0.0138355885488613	0.0603468091673909	0.135858036353447	0.192168006077151	0.200289846823397	0.167819997241639	0.114423819979728	0.0641056233348585	0.030293809230877	0.013069377157706	0.00535691221187715	0.00176447537506048	0.000442213431466769	0.000179512383070669	3.28376310495126e-05	1.3135052419805e-05	
0.0126424720324546	0.0563390175795999	0.128929505979874	0.188390175795999	0.20113582480111	0.169280483307283	0.118282520503679	0.0681890026518677	0.0337542368416431	0.014420628369716	0.00582620607295271	0.00193840993308864	0.000654185911733198	0.000144886812665742	5.92718779087125e-05	1.31715284241583e-05	
0.0112567524105203	0.0543802878840587	0.122988498202639	0.184825153864162	0.200735572431568	0.17068693538471	0.120468035855327	0.0732728159821817	0.0362360220452939	0.0163239319212618	0.00566885238010848	0.00219227714583894	0.000722007443240369	0.000177220008795363	3.93822241767474e-05	2.62548161178316e-05	
0.00997634992484921	0.0506015345201398	0.118552291606958	0.17911704927573	0.200122079018817	0.17416606684592	0.124008654921119	0.0768594625460258	0.0393518873022506	0.0170648090819789	0.00667715350233328	0.00237594649526014	0.000818235717520527	0.000231906379832021	5.03193088314763e-05	2.62535524338137e-05	
0.00906498246227477	0.0469311712577991	0.112744080334801	0.172951473496727	0.199420872624758	0.17701847744135	0.12833025558093	0.0805664521345761	0.0427352295201984	0.0184293628506179	0.00781931225892457	0.00276888446955211	0.000865412983380137	0.00025569019963504	6.55615896500104e-05	2.84100221816712e-05	4.37077264333403e-06	
0.00899287645386292	0.0441541935455693	0.107800959997205	0.166955655816107	0.196474041203884	0.180010394874191	0.134023995562524	0.083110949995414	0.0445276228495058	0.020824689136483	0.00852772767176656	0.00320581414139649	0.000945584143886023	0.000301363999668063	0.000100454666556021	2.83893622875711e-05	1.52865796933075e-05	
0.00804798288441972	0.0411898116981157	0.102052954594474	0.163537016581808	0.192986010801814	0.180273509412916	0.138088048505764	0.0888676832310451	0.0479327751597505	0.022769211999207	0.00906759739170409	0.00354032815029292	0.00106100911334932	0.000400874079787014	0.000113290500809373	2.614396172524e-05	3.05012886794467e-05	1.52506443397234e-05	
0.00781860658539612	0.0390211827411499	0.0969955735930972	0.157896226558877	0.18994576399609	0.180724990147815	0.141860571448478	0.0923078932872331	0.0523178216765479	0.0248427460705569	0.0101330534804883	0.00399748306621757	0.00146748561363325	0.000481178517229892	0.000139345814944403	8.7091134340252e-06	3.48364537361008e-05	6.5318350755189e-06	
0.00679114206393548	0.0378601838978903	0.0934301764051124	0.154364218304034	0.186076426334732	0.181158478749529	0.143759555457384	0.0964835916825834	0.0544569035337327	0.0278098999952358	0.0111806972181438	0.00424879487545964	0.00164364694723439	0.000560875572244672	0.000140760278748663	1.5158799249856e-05	1.5158799249856e-05	4.33108549995885e-06	
0.00650796590532223	0.0352920401245601	0.0889924497258557	0.148548305818406	0.185698841831878	0.179326548279976	0.145877929338393	0.10031355388346	0.0582443566761566	0.0301429512828575	0.013142990046387	0.00525461178325157	0.00184772824181551	0.000624523531615965	0.000152900588774943	1.0767647096827e-05	2.1535294193654e-05	
0.00609503239740821	0.0327062634989201	0.0849827213822894	0.145963282937365	0.181879049676026	0.179330453563715	0.146490280777538	0.104626349892009	0.0619006479481641	0.0321663066954644	0.0150259179265659	0.00579697624190065	0.00208207343412527	0.000712742980561555	0.000200863930885529	3.67170626349892e-05	2.15982721382289e-06	2.15982721382289e-06	
0.00540372294896292	0.0302305876656781	0.0800961430387079	0.141927702509921	0.179775378044458	0.180914482842099	0.14886392128721	0.10613776467435	0.0656617182974382	0.0342855413665799	0.0165267462671082	0.00673736177276697	0.00230847044379696	0.00077381312629149	0.00025505572319105	8.64595671834067e-05	1.51304242570962e-05	
0.00515346918835022	0.0284154163090871	0.0774922665536823	0.135092660845956	0.176441468998121	0.181774358464422	0.152868238503592	0.109759814613457	0.0674036588766561	0.0364201547337771	0.0174253838621188	0.00754862181447943	0.00284694585614817	0.000881969559080071	0.000278858022356199	0.000181581968045897	1.51318306704914e-05	
0.00468270419157027	0.0265863711954377	0.0731200700572235	0.131687304932261	0.172531011321748	0.181050901490657	0.15538122733871	0.113782593972232	0.0708854862053272	0.0382596991939537	0.0187804262533406	0.00853930257688931	0.00307147432924738	0.00113886126814791	0.000338638672536404	0.000129416053198626	3.45109475196335e-05	
0.00417309164626848	0.0248768021393834	0.068453799454371	0.1265147675685	0.172218208482051	0.180894357160572	0.156461822142187	0.115457692183271	0.0745786471419175	0.0411313715129883	0.0202314070974908	0.00947194755060008	0.0036684387029988	0.00128966863280028	0.000455050303546589	0.000105675188975274	1.07831825484974e-05	6.46990952909842e-06	
0.00392186553603876	0.0228735831098036	0.0643570995933201	0.121469672060223	0.168019382192611	0.180989876265467	0.158356407372155	0.118945228000346	0.0786968936575236	0.0444665570649823	0.0220342649476508	0.00974733927489833	0.00414900060569352	0.00132387297741628	0.000497533962100891	0.000121138703815869	2.379510253526e-05	6.48957341870728e-06	
0.00381443767910637	0.0213465549844368	0.0604136747915705	0.116027353048843	0.164131289435892	0.179967379084925	0.162047536427772	0.122330597595236	0.0814374863267247	0.0466938291019284	0.0241299464765729	0.0106332053189853	0.0046028847632601	0.00173934892465782	0.000519855220321141	0.000123465614826271	3.03248878520665e-05	6.49819025401426e-06	4.3321268360095e-06	
0.00340906873003515	0.0199252693966686	0.0578695922779822	0.112514448422655	0.159480225449609	0.179303569763382	0.163748067218508	0.124684737044129	0.0842421653224844	0.049271018795419	0.0258889710554451	0.011914391604843	0.00495312530496202	0.00185633767996825	0.000765522431108403	0.000132285745885588	2.16861878500964e-05	4.33723757001928e-06	1.51803314950675e-05	
0.00309822902628945	0.0192176863378933	0.055425800664711	0.107915866832483	0.155773755616894	0.177643352673793	0.16434480039172	0.128788830776031	0.0874328897593781	0.0516342616465246	0.0271257534329678	0.0130862260970547	0.00552481399792874	0.00201059897650112	0.00073447527266582	0.000184160466597625	4.11652807688808e-05	2.16659372467794e-06	1.51661560727456e-05	
0.00294647524658369	0.0171215269827143	0.0533476192739228	0.103694758989558	0.151309280532958	0.175753792182768	0.165421687267511	0.131489698137499	0.0908093302169245	0.0553220169098301	0.0291299257332705	0.0140929651823402	0.00611760842985704	0.00221633695234228	0.000887830884417812	0.000231138454094175	9.93679335358135e-05	6.48051740450958e-06	2.16017246816986e-06	
0.00266338377391312	0.0169019935351822	0.0499595407988853	0.0997697936364384	0.147314763930298	0.172914403908316	0.166778452338196	0.133803121632907	0.0942309939116475	0.0584516458456838	0.0312271470421511	0.0150348122217078	0.00690186371956365	0.00264174783748815	0.00100390745011835	0.000231504519747119	0.000140633586762269	2.59631237099573e-05	0	4.32718728499288e-06	
0.00232295097270858	0.0163322992221371	0.0486755922982235	0.095299606400924	0.144515773271301	0.169794690211692	0.166592491440903	0.136706750235009	0.0966825220734617	0.0607983570006578	0.0341907989431659	0.0160196777828193	0.00739870739718771	0.00302417822895613	0.00110937191313466	0.000373408941407361	0.000104207146439264	2.82227688273005e-05	1.73678577398773e-05	6.51294665245397e-06	2.17098221748466e-06	0	4.34196443496931e-06	
0.00206972998250688	0.0145465645946274	0.046146751649722	0.0918215355837678	0.140107296880683	0.168156901120599	0.168117931309212	0.139154701491245	0.099849316729307	0.063390893188077	0.03589119628661	0.0174108457315067	0.00797149141798154	0.00336872369537731	0.00136827337755685	0.000402688050989833	0.000158044235065902	3.030985330031e-05	1.08249476072536e-05	1.5154926650155e-05	4.32997904290143e-06	2.16498952145072e-06	4.32997904290143e-06	
0.00205525832433707	0.0129026954172066	0.0425330301647019	0.0885989412174485	0.13560594423976	0.167654993520528	0.166285542447575	0.142784204366234	0.10408693526369	0.0666422920240833	0.0373364717488518	0.0194340900289683	0.00845252028756309	0.00360643750175779	0.00133050933628137	0.000374273358010856	0.000183891534282791	6.92297540829329e-05	2.16342981509165e-05	1.73074385207332e-05	1.08171490754583e-05	6.49028944527496e-06	4.32685963018331e-06	2.16342981509165e-06	
0.00185131305294238	0.0117350402482785	0.0388301598077566	0.0851754868048147	0.133072554661149	0.164286253084624	0.165872477074106	0.144984320951734	0.106190799469822	0.0698929945365791	0.0407375079472839	0.0209204840569403	0.00989450317352558	0.00424573540663154	0.00146768822939902	0.000480608627248138	0.000174570846668606	0.000103449390618433	3.01727389303764e-05	2.80175432924924e-05	6.46558691365209e-06	1.07759781894201e-05	4.31039127576806e-06	4.31039127576806e-06	
0.00167916209168268	0.0107526420532528	0.0361438031841889	0.0805912023057919	0.129115341065056	0.162745762421082	0.166517979687071	0.144811110348614	0.11115066566017	0.0721975363711227	0.0433172351084271	0.0228434669228658	0.010767653719462	0.004728674855888	0.00173706423277519	0.000491095937414219	0.000190862613230854	9.86480922316772e-05	4.28904748833379e-05	2.1445237441669e-05	2.1445237441669e-05	2.78788086741696e-05	4.28904748833379e-06	2.1445237441669e-06	
0.00173787670086636	0.00997240852546526	0.0343455928734182	0.0758829915509155	0.124522083907262	0.160912363812687	0.165578884583532	0.146676793553121	0.11369361019211	0.0762627497929567	0.0456525190630055	0.024229434052943	0.0121072076827023	0.00532519749574113	0.00215625442514901	0.000544963804963033	0.000225280313075269	7.29479109005634e-05	5.3638169779826e-05	1.28731607471583e-05	1.28731607471583e-05	2.14552679119304e-05	
0.00148303123836337	0.0094879560213436	0.0326073152829705	0.0733852932376789	0.120138444948115	0.156394146223867	0.166439584234668	0.148092184705191	0.114834832507873	0.0801288881140104	0.0482038963470939	0.0261435376214245	0.0128500674789976	0.00619902752755661	0.00241073292738313	0.000789945521740721	0.000232463532283373	0.000114079326027952	3.2286601706024e-05	1.07622005686747e-05	1.72195209098795e-05	4.30488022746987e-06	
0.00130556204013523	0.00897033520953838	0.0310741057764636	0.0705997803889019	0.116858610224885	0.150749185104488	0.165700464295904	0.150986953025705	0.117418445603023	0.0825573452995444	0.050318176709119	0.0283311285762457	0.0142941751182355	0.00673963980321462	0.00264138545206166	0.000933779472414598	0.000311259824138199	0.000123207013721371	7.34919029215193e-05	1.08076327825764e-05	2.16152655651527e-06	
0.0012513554543483	0.00836261114725656	0.0296790284103231	0.0668445022771633	0.112669702884407	0.149375406636304	0.163018867924528	0.152051615701583	0.122441986553893	0.0850227716330514	0.05234873129473	0.0304098893949252	0.0148124051181956	0.00707872478854912	0.00304055519410106	0.00112556929082629	0.000316634135762308	9.54239861201475e-05	4.55432661027977e-05	6.50618087182824e-06	2.16872695727608e-06	
0.00117654734461311	0.00775085903179505	0.0281349223609238	0.0644121612805011	0.109732069070506	0.146433386977513	0.162065590883389	0.151998608151016	0.123815840981254	0.0885672654516985	0.0557587751728937	0.0316776129789918	0.0160454090731156	0.0074616154147275	0.00312948545082858	0.00123961550171806	0.000402331347048845	0.000158757774781436	2.39224044191205e-05	1.08738201905093e-05	4.34952807620373e-06	
0.00100449517036107	0.00748686638906865	0.0262846534491662	0.0609451841973953	0.106384972229304	0.143080640697961	0.162379585869084	0.153491655717451	0.1258255490405	0.0905679864556573	0.0585614147475579	0.0330916879658864	0.0171417863454025	0.00819284564112286	0.00349939098394769	0.00124200053602128	0.000496800214408514	0.000220073779189736	6.97263458818966e-05	3.05052763233298e-05	2.17894830880927e-06	
0.000869335395274572	0.00703550077432009	0.0248394022991519	0.0589771985120822	0.102813108179834	0.141175262821059	0.159835394182442	0.15494920503865	0.128495634756815	0.0929358854224686	0.0602003839928706	0.0340023721061288	0.0183521507313994	0.00876761878550787	0.00424620102616525	0.00154645592928241	0.000528590868483534	0.000257742654880401	0.000104844469781858	5.02379751038069e-05	1.74740782969763e-05	
0.000745052284754176	0.00638210476177991	0.0235248620233086	0.0566217887372565	0.0983884147647077	0.139796716526177	0.158602185778022	0.155014573310086	0.129121275284802	0.0962493936891231	0.0621801846680912	0.0360050340189562	0.0196619516437033	0.00987139654697762	0.00458174381562906	0.00205817962533265	0.000710093819780373	0.000303701664459914	9.17659705562329e-05	6.11773137041553e-05	2.84037527912149e-05	
0.000709619061594497	0.00589159035706542	0.0220660865603844	0.0533156074580087	0.0958971315182563	0.135029118473531	0.158602050448659	0.155938788785391	0.131288287124137	0.0985297306294803	0.0655433951767806	0.0379558590661501	0.0205942840622625	0.010241292382765	0.00491257887393968	0.00212885718478349	0.000924256925903943	0.000308815702730938	8.32269269771323e-05	2.62821874664628e-05	1.31410937332314e-05	
0.000809689947995524	0.00543523577556887	0.0209202817457705	0.0514207974019705	0.0908344853312268	0.131619599324161	0.155728172382771	0.155543852719812	0.133985034998793	0.101770785333421	0.0691615649617098	0.0408926337963268	0.0220218111601167	0.0111908366796129	0.00495907664625985	0.00212187040572269	0.000952318258618041	0.000427884931867553	0.000136045465516863	6.80227327584315e-05	
0.000801487277769437	0.00508712586220601	0.0193394685013292	0.048663304688811	0.0892101707189981	0.127555706677736	0.154552359419573	0.156115590804313	0.136089448629744	0.104122691584163	0.0720963197823841	0.0424964893532461	0.0230554549709875	0.0114990240843615	0.00534766442632941	0.00234484707711058	0.00100682699356161	0.000379768076518852	0.000174428360726682	5.74068022644776e-05	4.41590786649827e-06	
0.000611045308124025	0.00467139710196265	0.0180391201833136	0.046308821413153	0.0857478109744623	0.125554313293556	0.151565803602068	0.155329488470948	0.138326488592714	0.106811162646535	0.0739453380121102	0.045509591861585	0.0251170616690835	0.0125640656652313	0.00558796506414869	0.00253273852352857	0.00112689152838815	0.000458283981093018	0.000128408071997078	5.97761714469154e-05	4.42786455162337e-06	
0.000541701029674161	0.00435350745889152	0.0169629808149395	0.0442824009074045	0.0836342169324687	0.123563110380982	0.148826277585296	0.154384793457136	0.138436672938606	0.108870851841452	0.0761476875999107	0.0475945157745551	0.027372484683127	0.0138962896796004	0.00648493518381353	0.00273503744370179	0.00127355017588701	0.000417883651462924	0.000148138648931301	6.19086891056184e-05	4.42204922182989e-06	6.63307383274483e-06	
0.000531767621943984	0.00389157214240825	0.0163837164843568	0.0427809249240803	0.0803035030741442	0.121552849351551	0.14736555288451	0.153924752684108	0.138850678772803	0.110328597232172	0.0787213845295175	0.0495203104468166	0.028379251394242	0.0153597342040845	0.00707119093973447	0.00309172332262473	0.00125690528823124	0.000501004205798464	0.000125251051449616	3.29608030130569e-05	6.59216060261137e-06	1.7579094940297e-05	2.19738686753713e-06	
0.000488842123723092	0.00377920996098031	0.0157700907536499	0.0405103248717611	0.0777412424919988	0.11675873558683	0.147126134420623	0.153588495769214	0.13996667981937	0.112519181025034	0.0810359945635495	0.0515739401113596	0.0301350344162392	0.0159608049454163	0.00754745933622693	0.00329255995440396	0.00141610767679425	0.000561181989565522	0.000144679731684861	2.41132886141435e-05	2.19211714674032e-05	1.75369371739226e-05	1.09605857337016e-05	8.76846858696129e-06	
0.000423393244574314	0.00350780206256129	0.0145160264214935	0.038122941990738	0.0730715315208593	0.113622951862601	0.145394995184724	0.153494310516167	0.141161062738981	0.115628036969031	0.0839130310788191	0.0538301732402307	0.0314429812149412	0.0171419420368067	0.00854464604982878	0.00377982673783183	0.0015443981563747	0.000596699287690225	0.000173306043115911	2.85187159557828e-05	1.97437264309266e-05	2.41312211933547e-05	1.31624842872844e-05	4.38749476242813e-06	
0.000361720394493134	0.00313999450882293	0.0130785892032999	0.0368475413908367	0.0704526734623615	0.109590384338814	0.141073132890843	0.152739705132507	0.142857765439577	0.11812567822574	0.0869763225674303	0.0566637177012015	0.0337947084228555	0.0182450895366928	0.00911273909500172	0.00412491992033435	0.00172579850866604	0.000756126366801912	0.00022008289062534	4.35807704208595e-05	1.96113466893868e-05	2.83275007735587e-05	1.08951926052149e-05	1.08951926052149e-05	
0.000344913608902676	0.00296322006139028	0.0121305465470677	0.0342353872685662	0.0684534203932883	0.106235560810005	0.13787867284185	0.15135416553684	0.143629402258208	0.120461620226255	0.0897469548900723	0.059511697777585	0.0360857728559498	0.019332516242394	0.009883184919249	0.00455329349111142	0.00195884898640954	0.00077876720500667	0.000290681909389676	9.32785231623589e-05	1.51848758636398e-05	2.16926798051997e-05	2.16926798051997e-05	8.67707192207989e-06	1.08463399025999e-05	
0.000325451375193708	0.00285578193464678	0.0119404014475043	0.031609734229079	0.0661916369773111	0.102913759696188	0.135215347510944	0.150328361039806	0.144950869774188	0.12150974953176	0.0926544978026644	0.0613271088063694	0.037954958391796	0.0208655282334456	0.0108541266587782	0.0050498845833037	0.00217470488457253	0.000857812233954277	0.000271568697181505	6.68145207351322e-05	5.17273708917152e-05	4.31061424097627e-06	0	2.15530712048813e-05	2.15530712048813e-06	2.15530712048813e-06	
0.000299327052489906	0.00281453566621804	0.0112129205921938	0.0305033647375505	0.0621911170928668	0.099942934051144	0.133120861372813	0.148840915208614	0.145548317631225	0.125000269179004	0.0931380888290713	0.0639332436069987	0.0401227456258412	0.0223203230148048	0.0114670255720054	0.005678600269179	0.0024678331090175	0.000867833109017497	0.000381157469717362	0.000109825033647376	2.36877523553163e-05	0	6.46029609690444e-06	4.30686406460296e-06	4.30686406460296e-06	
0.000232606724488104	0.00271159135306039	0.0104629950700297	0.0289078468155493	0.0595516290008895	0.097027156835084	0.129902240562736	0.148241557775849	0.145069060505747	0.127586942147692	0.0947420111435851	0.0671458078022326	0.0416172197896632	0.0236052750036076	0.0124423059941461	0.00614038677329244	0.00289896899223137	0.00108980557954612	0.000381216576244392	0.00016799374546363	5.59979151545435e-05	1.29225958048946e-05	2.15376596748244e-06	0	4.30753193496488e-06	
0.000221741423666053	0.00226047082378015	0.0101032281676193	0.0267424462599972	0.0569746289060398	0.093964542900507	0.127087975371632	0.146655041388144	0.145331051334216	0.128571274797903	0.0993229351675439	0.0691854770131645	0.0440899452104929	0.0251837978062669	0.0129600327230062	0.00625181644976911	0.00318618744685203	0.00110870711833027	0.000508067728011539	0.000221741423666053	4.73622458315842e-05	1.72226348478488e-05	2.1528293559811e-06	0	0	2.1528293559811e-06	
0.00013160648366893	0.00209923128868637	0.00902906777302412	0.0256136421986481	0.0544656668888875	0.0909487101485859	0.124668017251237	0.145187841286896	0.145323762737242	0.129932276597994	0.103019829429367	0.0717320060495833	0.0447289445807255	0.0270742584190394	0.0135187906011396	0.00650696974992611	0.00352532777565625	0.00159222270406017	0.000537213351369894	0.000276157867370869	6.47245001650475e-05	8.62993335533966e-06	1.51023833718444e-05	
