# <P(N_2)> as a function of N_tot.
# number_of_species: 2
# species_total_upper_bound: 100
# species_total_lower_bound: 0
# volume: 512
# Bin widths for each species index 
1	1	1	1	1	1	1	1	1	1	1	1	1	1	1	1	1	1	1	1	1	1	1	1	1	1	1	1	1	1	1	1	1	1	1	1	1	1	1	1	1	1	1	1	1	1	1	1	1	1	1	1	1	1	1	1	1	1	1	1	1	1	1	1	1	1	1	1	1	1	1	1	1	1	1	1	1	1	1	1	1	1	1	1	1	1	1	1	1	1	1	1	1	1	1	1	1	1	1	1	1	
# Bin lower bound for each species index 
0	0	0	0	0	0	0	0	0	0	0	0	0	0	0	0	0	0	0	0	0	0	0	0	0	0	0	0	0	0	0	0	0	0	0	0	0	0	0	0	0	0	0	0	0	0	0	0	0	0	0	0	0	0	0	0	0	0	0	0	0	0	0	0	0	0	0	0	0	0	0	0	0	0	0	0	0	0	0	0	0	0	0	0	0	0	0	0	0	0	0	0	0	0	0	0	0	0	0	0	0	
# Bin upper bound for each species index 
0	1	2	3	4	5	6	7	6	6	7	7	7	7	7	7	8	9	9	9	10	10	10	10	10	11	11	11	12	12	12	12	12	12	12	12	12	13	12	13	14	14	14	14	15	16	16	16	16	16	14	15	15	15	15	15	16	16	17	17	17	16	17	17	17	17	17	17	18	18	18	19	20	22	22	23	23	23	21	21	20	20	20	20	20	20	20	20	20	22	22	22	23	23	23	24	25	24	24	25	22	
# Normalized histogram for each species index 
1	
0.920422626403439	0.0795773735965609	
0.847583684725914	0.146117228561722	0.00629908671236436	
0.780408496862956	0.201677096771609	0.0174456526093959	0.000468753756039712	
0.719222103319918	0.246719276960921	0.0321966414427708	0.00182540654252418	3.65717338659026e-05	
0.661525951466418	0.284340498994277	0.0497890482993235	0.00414756534023456	0.000190583128787343	6.35277095957811e-06	
0.608781275656896	0.314993771020823	0.0679354975733926	0.0077672041868884	0.000503231778254681	1.50573287981716e-05	3.96245494688725e-06	
0.559920275756561	0.338672038629991	0.0873324131945682	0.0129033228728918	0.00111018463748354	5.38463304913557e-05	2.3755734040304e-06	5.54300460940426e-06	
0.516880008645694	0.355071417696695	0.107403822564474	0.0184683394823469	0.00201233273618089	0.000155401626431845	8.67724817639741e-06	
0.47522318774855	0.368547356586273	0.126680255944522	0.025922767866633	0.00333197125623662	0.000279501369556711	1.49592282297958e-05	
0.437000418883323	0.376476485270839	0.146584845836817	0.0341993915994283	0.00522976613132228	0.000485559507317907	2.27483452539892e-05	7.84425698413421e-07	
0.402635014892675	0.380989633191364	0.164444012014576	0.0434688791731662	0.00751931026040996	0.000893717456600955	4.707905829329e-05	2.3539529146645e-06	
0.37116385889558	0.382927789639144	0.1811259426126	0.0527863055861023	0.0104414886023685	0.00144950953554514	0.000102752028764293	2.35309989536549e-06	
0.34170933970249	0.383361677336889	0.196402745521098	0.0625154086168911	0.0136828517993339	0.00211991162323988	0.000190006893638538	1.80585064201916e-05	
0.314566201062365	0.379718276608302	0.212170765296085	0.0732063741884714	0.0170017706079087	0.00295652173913043	0.000351760771198111	2.83297265394452e-05	
0.288177312749315	0.37552343261558	0.226229190649946	0.0839815052496807	0.0213333732289119	0.0041551770025087	0.000538590310728813	6.14181933287243e-05	
0.265306781722945	0.368111278498806	0.238106456472546	0.0956266112816505	0.0264210795035519	0.00550278290796548	0.000799731479322017	0.00011424735418886	1.10307790251313e-05	
0.245477909989044	0.359023819294408	0.247688840824795	0.106733532818578	0.0323707999599874	0.00736373080991587	0.0011649329198701	0.000152016263377234	2.20541729251946e-05	2.36294709912799e-06	
0.225645147310277	0.350133560267593	0.2571653704623	0.117756817877377	0.0381044685562096	0.00930115279452206	0.00165078914812976	0.00020565917310829	3.07306810391698e-05	6.30372944393227e-06	
0.207766257444902	0.339944545867848	0.264126502867652	0.128868217249718	0.0449542491590875	0.011659707979391	0.00227395034656863	0.000341171344443595	5.12150978956898e-05	1.4182642494191e-05	
0.191562540610147	0.329309794871997	0.270742973706284	0.139060167993101	0.0512146617888548	0.0143325759335904	0.00313933661233603	0.000537924462173987	9.13605235903111e-05	6.30072576484904e-06	2.36277216181839e-06	
0.174944522674981	0.319705765869972	0.274956938280297	0.150275186391239	0.0581773262758213	0.0169111545569986	0.00413093905980864	0.00074807951016508	0.000131228233400807	1.65017539007003e-05	2.35739341438576e-06	
0.160991236375265	0.306648098641583	0.278711780246163	0.16088096247064	0.0659981442477193	0.020359713476889	0.00518129817591208	0.00101215691031423	0.000187465637863648	2.52054639144401e-05	3.93835373663126e-06	
0.148401017984711	0.294853574199722	0.280947569380506	0.170081196399595	0.0733899614871894	0.0241889409842722	0.00646313267954414	0.0013519617610443	0.000268346309962809	4.32816628972273e-05	1.10171505556579e-05	
0.137894005333065	0.283962127691688	0.281279086586838	0.17812625779835	0.0809008037331455	0.0277902684141678	0.00789425689273496	0.00173969234252365	0.000343536174280539	5.81731736767961e-05	1.17918595290803e-05	
0.126483997829895	0.272940971412555	0.282123091441981	0.186702845554307	0.0876395866750519	0.0322171110121845	0.00916484712300115	0.00220622122981523	0.000430252396419484	7.06618899229079e-05	1.57026422050906e-05	4.71079266152719e-06	
0.116525468613544	0.261210513389687	0.281344673118072	0.194264039967013	0.0959401342225005	0.0362108860991909	0.0110282780585523	0.00278551313467524	0.000585350084075418	8.08191134849437e-05	1.80469865063467e-05	6.27721269785971e-06	
0.107173007004715	0.249331254268902	0.279671459833398	0.200840440671946	0.104163944610093	0.0411637544899264	0.0134218578730482	0.00341825106658978	0.000696324891111217	0.000102492764871426	1.48653628439473e-05	2.34716255430747e-06	
0.0989079799779392	0.237845228500245	0.278248171302286	0.205940638951711	0.112021757535438	0.0459470805330565	0.015564549101032	0.0044246784486108	0.000941221351965972	0.000141495900918473	1.25079249430694e-05	3.90872654470919e-06	7.81745308941837e-07	
0.0906255937160317	0.227462150116329	0.274711823864503	0.211918859068555	0.119162895434343	0.0516295461128535	0.0177398457039097	0.00522937294243329	0.00124427307355694	0.000232035904831019	3.03671150617776e-05	9.34372771131619e-06	3.89321987971508e-06	
0.0836301832320551	0.216415605379774	0.270588965720627	0.216692665285248	0.12691516689561	0.0571822153927344	0.020379036576564	0.00618379083141254	0.00160570572668079	0.000339922236967707	4.73407681621693e-05	1.16411724988941e-05	7.76078166592939e-06	
0.0770954534324741	0.206298680568685	0.266991901165079	0.220484039437266	0.133753204045388	0.062543585865317	0.0233395528748849	0.00715892994957212	0.00183254349288214	0.000413775148075713	7.20619639907141e-05	1.31726170735714e-05	3.09943931142856e-06	
0.0702220725216492	0.19420363865524	0.262652328525151	0.225851340087451	0.14081744791222	0.0687040259278633	0.0261863037428075	0.0085021474616181	0.00229569622925297	0.000470315048995031	7.7609744058586e-05	1.62980462523031e-05	7.7609744058586e-07	
0.0641594499798243	0.184761150945153	0.256612968308657	0.22929897259211	0.147360865381631	0.0748005711270447	0.0294960735015675	0.00989539684017755	0.00282304373467424	0.00065182977930906	0.000107862308718999	3.10395133004314e-05	7.75987832510786e-07	
0.0590593605887925	0.175150225921153	0.249975156436812	0.231546667080726	0.155203173765197	0.0798930174060215	0.0331824604443892	0.0115165442603605	0.0033981336273155	0.000809744887660513	0.000216604816545813	4.81344036768474e-05	7.7636134962657e-07	
0.0548144256074992	0.165227546784958	0.243557671741172	0.232750710647782	0.161660358408273	0.0860914526973617	0.0371551769567226	0.0130993232959178	0.00417786498777097	0.00110433270405743	0.000267364759929695	8.05969131382268e-05	1.31744954168255e-05	
0.0507569948615497	0.157674829949869	0.23691343247089	0.233216471824409	0.167552477420144	0.0912649439459368	0.0409242246866907	0.0151120423579769	0.00475467207463868	0.00136256753839523	0.000372172053360652	8.51121119951594e-05	1.00587041448825e-05	
0.046411543490837	0.148753283525949	0.230631927650822	0.233842657993498	0.172096536628355	0.0984242937281468	0.0451572192001211	0.017077810586219	0.0054390096399147	0.00164514208080351	0.000403948032047059	0.0001004077326312	1.46749763076369e-05	1.54473434817231e-06	
0.0426951631289871	0.139571887501093	0.224821361821541	0.233934172614823	0.17720179826133	0.104259068504346	0.0495458298926507	0.0189561942735174	0.00642114574538149	0.00194406630256699	0.000507686104492016	0.00011608676169787	2.55390875735313e-05	
0.0395812285486961	0.131999648457217	0.218352399862805	0.232972535331216	0.181400742439691	0.110130109717125	0.0540077043867406	0.0214534427471357	0.00719418305579342	0.00219792014223483	0.000534313919927576	0.000140772663037687	2.79989827036284e-05	6.99974567590711e-06	
0.0367177903344681	0.124046841914388	0.211499120641717	0.231936888982479	0.184797825586791	0.116144706107153	0.0585828098129365	0.0245081637985158	0.00837866610512523	0.0024746818906788	0.000662930856311687	0.000190300151694178	4.75750379235446e-05	1.09188611627807e-05	7.79918654484337e-07	
0.0335417802083529	0.118298691373338	0.204058684607819	0.229944622978958	0.188659299768845	0.121329862872965	0.062860592734585	0.0272500046982767	0.00992432642373444	0.00297400913344985	0.00085978463099735	0.000214554634693328	7.43893806418472e-05	7.83046112019445e-06	1.56609222403889e-06	
0.0302739847344756	0.111559492674852	0.197683759591895	0.227765730081265	0.192265039221849	0.126335184768646	0.0680592532448448	0.0300443513719614	0.0112551696896501	0.0033402641332281	0.00102903960744451	0.000296250549591793	6.50497238521663e-05	2.58631432183312e-05	1.5674632253534e-06	
0.0281634000801906	0.105526073728154	0.190269424593347	0.224782031022744	0.194864658757675	0.13182150522418	0.0723719899054223	0.0335204446645754	0.0129177574942805	0.00408736055095639	0.00120678946830507	0.000338058287538228	9.82727580052989e-05	3.14472825616956e-05	7.86182064042391e-07	
0.0264098705324307	0.0995015384275796	0.184625499506111	0.221669952692268	0.196824130490823	0.13644429693899	0.0765879150463184	0.0364145768673783	0.0146456098251246	0.00488449771108149	0.00142451377726344	0.000420968653601923	0.000102483005558521	4.02048714114196e-05	1.57666162397724e-06	2.36499243596586e-06	
0.0237657685227396	0.0934028144752554	0.177260516423556	0.21994693479005	0.198895158351697	0.141473048583692	0.0811366113667446	0.0394337292191495	0.0165189916348154	0.00587755565616142	0.00165631600616465	0.00045193765311064	0.000131716558585475	4.1802261107965e-05	3.15488763078981e-06	7.88721907697453e-07	3.15488763078981e-06	
0.0218556043935239	0.0875020904263208	0.171246146516009	0.215811669154143	0.200972797637266	0.146213094114937	0.0854787155158541	0.0430257067218644	0.0183239671716295	0.00674931607561506	0.00202574143082977	0.000597151971626999	0.000139624701424014	5.36411282306947e-05	3.15536048415851e-06	0	1.57768024207926e-06	
0.0200693165989118	0.0819825746210382	0.164426576305839	0.212695790996414	0.201805323527417	0.149436112465156	0.0911393383530288	0.0465828368062622	0.0204976155657885	0.00777484883333885	0.00258004773601008	0.000724874310422888	0.000233474206621518	4.57483242704325e-05	3.15505684623673e-06	7.88764211559182e-07	1.57752842311836e-06	
0.0189737571940287	0.0770685004201123	0.157583185399044	0.209140917676937	0.203253817336425	0.153913520035883	0.095363918352907	0.0496877586217789	0.0223196517805813	0.00871891010859746	0.00270703956636827	0.00093024871913122	0.000265334099854066	6.63335249635166e-05	3.94842410497122e-06	2.36905446298273e-06	7.89684820994245e-07	
0.0175959406750525	0.0727074417005537	0.149886779926259	0.205380818583109	0.204251384130221	0.157743818342047	0.100309428683209	0.0534659569170945	0.0243188024359111	0.00972625638715337	0.00320414784605231	0.00100534683280181	0.000313775701747106	8.2198168719645e-05	7.11330306227697e-06	0	7.90367006919663e-07	
0.0164070254038387	0.0686207024928571	0.144068622286718	0.19959808213731	0.205217327935351	0.162070962186927	0.104977080225942	0.0567168364295689	0.0262775387798458	0.0105184613690713	0.00391303555713626	0.00112083913225664	0.000371500744189657	0.000100598282541762	2.13870364458864e-05	
0.0148920534007416	0.0645874018217325	0.139430166128953	0.195266061323108	0.203574092816178	0.165533429314023	0.109711788677763	0.0605478184982982	0.0285645501815872	0.0115794525299465	0.0044585089415674	0.00127182333217713	0.000418133698250015	0.000132250620469228	2.77171959067245e-05	4.75151929829563e-06	
0.0135352567255786	0.0606222409815203	0.134605985979188	0.191710329638245	0.202083921765264	0.167396057796974	0.114278505758435	0.0646883717387648	0.0307328080024627	0.0130179655541204	0.00506659727136841	0.00164708047844673	0.000438745426098768	0.000148364185678968	1.98347841816803e-05	7.93391367267211e-06	
0.0122815338394526	0.0567766148809203	0.128084064858554	0.188301254088557	0.201449673074056	0.169646964395052	0.117787721797284	0.0691049430695189	0.0339473174941071	0.0143714170597921	0.0056438743817594	0.00181466899739538	0.000608326538899587	0.000146728043932756	2.85524842247525e-05	6.34499649438944e-06	
0.0113452265044645	0.0537125691103413	0.122141214440704	0.183802017439691	0.201097526485531	0.172123270904616	0.121188979103901	0.0723096777055723	0.0371348015080492	0.0162775203538323	0.00591463313192737	0.0020763800480554	0.000663079015727727	0.000172701583546768	2.61429002616667e-05	1.42597637790909e-05	
0.0105165159930592	0.0504108199760718	0.116925624549366	0.178658753991332	0.199366140827662	0.174959393396772	0.125115085055978	0.0761383714573215	0.0399410510969725	0.0176719937247942	0.00686231786452845	0.0024031185871279	0.000784400725768752	0.000195704019459477	3.64469024094572e-05	1.42618313776137e-05	
0.00934343094018571	0.0468439957793631	0.111976889555509	0.173240337682661	0.198228822891009	0.177110576088396	0.129538829621514	0.0796498552029814	0.0423887028993492	0.019529562295221	0.00803221129186846	0.00283410534627218	0.000929903656273362	0.00028697793995819	5.07364313738236e-05	1.34768645836719e-05	1.58551348043199e-06	
0.00892386704602808	0.0440393591422692	0.106662514925273	0.16769390573487	0.196588124276515	0.179048601520773	0.133588617890044	0.0831013825140379	0.0452032729033112	0.0214733769583107	0.0089698214355042	0.00330316982286167	0.000977719251957617	0.000309003653373963	8.9531827772456e-05	2.21848776781307e-05	5.54621941953268e-06	
0.0081210919024773	0.04111638913539	0.101533421599194	0.16318902339678	0.193913610184425	0.180510012164238	0.136969475514133	0.0882539968774766	0.0483295132248517	0.0230290059334273	0.00966020807332077	0.00367141688851769	0.00116343262451735	0.000378056284513454	0.000116264171178824	2.21455564150141e-05	1.74000800403682e-05	5.53638910375351e-06	
0.00766890191532919	0.0390058397747843	0.0963993454648314	0.157661277260118	0.190577664421937	0.1814407200835	0.141288416608	0.0920110205897296	0.0518263222060774	0.0252387939296683	0.0106587149018948	0.00417183207427757	0.00142300559957839	0.00046222003095689	0.000131159872032212	1.65925139317858e-05	1.58023942207484e-05	2.37035913311226e-06	
0.00691417843986879	0.0370329796775327	0.0920437690429541	0.153055305546317	0.188156602634528	0.182103839563949	0.143582100844707	0.0961766713270841	0.0547010581301691	0.0274431331875836	0.0117713631799704	0.00461129124035932	0.00169682277226006	0.000535921730207544	0.000138709153700776	2.75842067018589e-05	7.09308172333514e-06	1.57624038296336e-06	
0.00643077723162346	0.034492564855716	0.0883850861901691	0.148317950321342	0.185147622709929	0.180905477944382	0.146698865069159	0.0999826386297558	0.0585950173652982	0.0298152074605186	0.0132252790977744	0.00526418742109807	0.00191132189158806	0.000625323561736168	0.000170471372985865	2.04251414637442e-05	1.17837354598524e-05	
0.0061145972054294	0.0321751394219355	0.0835839809817002	0.145113589373902	0.182140785102332	0.18140810258813	0.14832968826403	0.103633696477621	0.0618409198467341	0.0320682243769447	0.0146064818818306	0.00577577084961298	0.00223027928410944	0.000710670593174103	0.000220905350311862	3.61624416880628e-05	1.02198204770612e-05	7.86140036697017e-07	
0.00550410328065652	0.0302883120461299	0.0793419006947041	0.139628047940488	0.179974415995907	0.182378525180564	0.150991281758605	0.10638143782103	0.0648605671776907	0.0341290614606498	0.0163540826166532	0.00651644264263082	0.00244740519158483	0.00086119693779151	0.000258988841438215	6.61248105799697e-05	1.73184027709444e-05	7.8720012595202e-07	
0.00525673904011693	0.0281371135394141	0.0760752940360293	0.13409493506729	0.175686872421592	0.182908975952863	0.154521954453683	0.110091157278826	0.0673868535799512	0.0367727343320717	0.0173808226780831	0.00751300585667581	0.00273952731919711	0.000998055132691666	0.000301939270000717	0.000118252977807069	1.41903573368483e-05	1.57670637076093e-06	
0.00476514205808341	0.0264005451290931	0.0728896974233491	0.130165362667974	0.172169675378152	0.181983420306059	0.156517743146605	0.113982829696902	0.0706149046695234	0.0385159286815756	0.0188655408771809	0.00850698268994046	0.00307385220084817	0.00104462020593941	0.000342679644276421	0.000127912678278295	2.8425039617399e-05	4.73750660289983e-06	
0.00428944113828047	0.0246945523860165	0.0686215630467138	0.12610213158559	0.170334570078675	0.180842553534932	0.15760867415044	0.116561863774439	0.0745869009440569	0.0413031798518912	0.020371878167528	0.00926965558659947	0.0036105367854591	0.00121300742759343	0.000425699932188691	0.000125810946501862	2.92767611356535e-05	8.70390195924833e-06	
0.00389298834557892	0.02274987332151	0.0648593868761084	0.120981124904991	0.167086553078287	0.180367209272865	0.159874588294908	0.119642291613884	0.078308683810489	0.0439788130225488	0.0221639853052952	0.00998701545477578	0.00406479604763111	0.00135625158348112	0.00047900304028376	0.000140929820116544	5.06713959969597e-05	1.58348112490499e-05	
0.00373430890374071	0.0213959609044272	0.061310835743394	0.116341674238883	0.163365338306085	0.179433463741537	0.162020923834175	0.123142829802664	0.0810650293280063	0.0464677091414648	0.0239250417757026	0.0107339633101382	0.00461529579886294	0.00171689636383335	0.000498224186649015	0.000155003080290805	5.53582429610017e-05	1.66074728883005e-05	5.53582429610017e-06	
0.00329288906896945	0.019993953935956	0.0581506324626157	0.111946357800372	0.159658824721121	0.179153424414703	0.163243729186978	0.125743887460906	0.084215182901351	0.0490957810501792	0.0256941894475607	0.0118578826747028	0.0051067082821581	0.0019776327285159	0.000626764754295554	0.000179640908112488	4.51080694379376e-05	7.91369639262064e-06	9.49643567114476e-06	
0.00315991030034188	0.018729117639376	0.0550997485211667	0.10809632027179	0.15484272876302	0.177488488728571	0.164839348798846	0.129686929828936	0.0877017589270236	0.0517569876999383	0.0270848323514023	0.0128826503351864	0.00552113585793702	0.00213246451631288	0.000707655262651713	0.000205014220387912	4.2744277609835e-05	1.18734104471764e-05	1.02902890542195e-05	
0.00293512660100504	0.0171144707264517	0.0526452828491558	0.103471102810699	0.1513112993695	0.174886204668272	0.166011391762867	0.132236132513076	0.0915727939012488	0.0552577033265557	0.0289275662829699	0.0140112844571633	0.00608959868455831	0.00236545955640138	0.000867124767339931	0.000221712520129682	5.99649520635439e-05	4.73407516291136e-06	7.89012527151894e-06	3.15605010860757e-06	
0.00264732684461756	0.0162362041405859	0.0496285329469143	0.0992271881331825	0.147739236340163	0.172021993176863	0.16717471964046	0.135262126242974	0.0944860592727596	0.058151557299648	0.0313189694688599	0.0151425208495663	0.00676259524519027	0.00279986067528457	0.00102921022857273	0.00026889984581503	8.33432270654771e-05	9.4350823092993e-06	3.93128429554137e-06	5.50379801375792e-06	7.86256859108275e-07	
0.00242740629155978	0.0154200571043194	0.0472930598712947	0.0953424683436596	0.143725142918371	0.170759878227875	0.166706322444014	0.13763574881663	0.0972955810332982	0.0608592750398659	0.0337733286271643	0.0165537921427986	0.00743506432114562	0.00302854585678539	0.00121882425609964	0.000389204384300724	0.000109512974529961	1.18179468917224e-05	7.87863126114826e-06	3.15145250445931e-06	1.57572625222965e-06	7.87863126114826e-07	1.57572625222965e-06	
0.00209885157772209	0.0140382849429254	0.0446586786922068	0.0910240033014581	0.140128467042911	0.168734278302206	0.16820582449033	0.140346621597143	0.100486555536479	0.0632356809493582	0.0360049521871372	0.0177091094096281	0.00806305532935037	0.00328098149072804	0.00134279247280156	0.000459935955493321	0.000142548643740224	2.28392854611409e-05	4.72536940575329e-06	6.30049254100439e-06	2.36268470287665e-06	1.5751231352511e-06	1.5751231352511e-06	
0.0019732904973385	0.0128004031623043	0.0417847806230117	0.0872350310245992	0.135681438785474	0.167408422312514	0.167374562978362	0.14310529465495	0.104263913824057	0.0665020945541592	0.03785709786135	0.0195384106586034	0.00868373807049041	0.00364420926643359	0.00143390343002929	0.000485842073766103	0.000159060127878043	3.38593341522568e-05	1.88982330152131e-05	7.0868373807049e-06	3.93713187816939e-06	2.36227912690163e-06	1.57485275126776e-06	7.87426375633878e-07	
0.00190524177675605	0.0118542253853785	0.0392841959407328	0.083577130800359	0.13184509282149	0.164187752916909	0.167509329386386	0.14483852682297	0.107087184493536	0.0699585885465052	0.0405588184351824	0.020976554504086	0.00976475775086996	0.00418129713898817	0.00159347494055961	0.000606213292604198	0.000172416507896519	6.2983199231605e-05	1.41712198271111e-05	1.2596639846321e-05	2.36186997118519e-06	3.93644995197531e-06	1.57457998079012e-06	1.57457998079012e-06	
0.00177288669470923	0.0110850585005479	0.0369046356627509	0.0806612388212699	0.128062589105819	0.161732511694218	0.16733631040049	0.145447404492308	0.110365142392572	0.0729240062369164	0.0429813088883914	0.0227490348096916	0.0106082564519486	0.00461013381092089	0.00178152725901663	0.000634688723670826	0.000219156131069505	7.54085612282169e-05	2.04231519993088e-05	7.8550584612726e-06	7.8550584612726e-06	1.02115759996544e-05	1.57101169225452e-06	7.8550584612726e-07	
0.00170204874491586	0.0102460819875152	0.0347261948916535	0.0763038039139263	0.124757972754647	0.159502241109428	0.16651631640819	0.147021336116123	0.112960716149189	0.0762087217818234	0.0457486499908847	0.0241398603157041	0.0118774084854124	0.00506292708379172	0.00208001986509338	0.000746512607419235	0.000271887749649532	7.85802744651826e-05	3.14321097860731e-05	4.71481646791096e-06	4.71481646791096e-06	7.85802744651827e-06	
0.00148569935677402	0.00971842534754191	0.0327554214648933	0.0728755994340493	0.120729597995565	0.156494977108584	0.166648567574926	0.14867695639378	0.115262098455911	0.0791851001981457	0.0477564208495242	0.0261815165779811	0.0128070746988862	0.00580980844865602	0.00232061832792721	0.000848296560700419	0.000282503214556076	0.000120398305925013	2.83290131588266e-05	4.72150219313777e-06	6.29533625751702e-06	1.57383406437926e-06	
0.00129123043927865	0.00907726322249155	0.0309926856567725	0.0701034798542022	0.116729755802058	0.15216878598309	0.166000806131649	0.15095248950333	0.118137725462481	0.0819769629345085	0.0501276638036636	0.027891997289757	0.0140386801211248	0.00639699380729983	0.00263215392539575	0.000980451701907976	0.000311567515891915	0.0001443464693879	4.02277045835131e-05	3.94389260622678e-06	7.88778521245355e-07	
0.00120835136646375	0.00847978341288971	0.029335296180346	0.0668155123883657	0.112941364157613	0.150075660170528	0.163651843170209	0.152047721191482	0.121410880532749	0.0850805725532069	0.0527591479306391	0.0299481593570623	0.014751363936477	0.00688997210524819	0.00295295801255422	0.00111594802667534	0.000347499739375195	0.000131891946535586	5.05454166363921e-05	4.73863280966176e-06	7.89772134943626e-07	
0.00117049129832127	0.0079928285688335	0.0279164544065206	0.0640129212129828	0.109818463276033	0.146986695731498	0.162058548259072	0.152101474171396	0.123917275803923	0.088131992244113	0.0557310239429445	0.0317272644702184	0.0159935551896125	0.00742969746512023	0.00316948824572419	0.00122103883077239	0.000413068116749004	0.000156381428520655	4.10698701165358e-05	8.68785714003641e-06	1.57961038909753e-06	
0.00102864171138192	0.00760468580640221	0.0262402316535869	0.061544825647993	0.106122194425125	0.144305090552838	0.162099881662784	0.153404977741709	0.125408239712201	0.0903262680989233	0.0579497110250971	0.033002583840615	0.0172556028606187	0.00815729455388291	0.00350196057689195	0.00128757838163002	0.000502873960207434	0.000178413681329482	5.9997521155047e-05	1.73677034922505e-05	1.57888213565913e-06	
0.000924461244530271	0.00710175868875049	0.0249256875384205	0.058923737478291	0.102089756495328	0.141484447717371	0.160702969811995	0.154318656260025	0.128113735597763	0.0931327542149902	0.0602725027299262	0.0347794962397341	0.0183359381543329	0.00854455034047038	0.00392066384218735	0.0015723742535173	0.000533343025690541	0.00019358376488027	9.00757110055136e-05	2.76548235543243e-05	1.18520672375676e-05	
0.000804543415678391	0.00635802893983012	0.0236307928905892	0.0562682001248348	0.0985957276134015	0.138565792586018	0.159941965285178	0.154567267186732	0.129599524077366	0.0960650153353728	0.0629774751576454	0.0366039565815528	0.0195147266253241	0.00934124744575265	0.0042893160273434	0.00184641527255985	0.000671639488604675	0.000238119536007076	8.06916700090422e-05	2.92705077483781e-05	1.02842324521328e-05	
0.000745012685778641	0.00589366723399409	0.0220775256088225	0.0535001360320403	0.0951425489240815	0.135128059930023	0.158028895736186	0.15605643115197	0.131701950636187	0.0989727999190135	0.065409266629126	0.0387319599369824	0.0208034115570291	0.0101272690460674	0.00452148357175848	0.00199935463869257	0.000789302187268666	0.000269691428716047	7.27613238764703e-05	1.97720988794756e-05	8.69972350696927e-06	
0.000752345828563455	0.0054051568589522	0.0207913821916809	0.0511111569160322	0.0915063406342854	0.131507513944956	0.155776810941598	0.155711010410754	0.134130814626427	0.101919472834687	0.0685467120346793	0.0408645079864403	0.0224601787871773	0.0111345597072431	0.00487795983472175	0.00212147253660254	0.000889496332611377	0.000320282101938499	0.000122880509407098	4.04316514823353e-05	9.51332976054949e-06	
0.000777727539037624	0.00517821662378684	0.0191876607993479	0.0488376276842347	0.0891226405481825	0.128359273505362	0.154036222839239	0.155521626716254	0.13585077183687	0.104440768525359	0.0709984843467407	0.0427105357006394	0.0236621812670352	0.0119763672720789	0.00547752630104185	0.00238890516341035	0.000944895177930051	0.00032717095040375	0.000148062765876149	4.69661461650152e-05	6.36829100542578e-06	
0.000655343478018522	0.0047769204430536	0.0182620259111504	0.0461646878956547	0.085485296576766	0.125150697148499	0.151592174099998	0.155848323419571	0.137662740976088	0.106735784302015	0.0735688747680817	0.0454400675250631	0.0254047124212672	0.0130009635062071	0.00583996241529506	0.00269463223525477	0.00108613426976581	0.000413272497073649	0.000148905504725958	5.4943742385514e-05	1.11480057014086e-05	1.59257224305838e-06	7.96286121529188e-07	
0.00060113593963766	0.00452605932270954	0.0171084564040909	0.0436389612626087	0.0827989016911533	0.122698701737713	0.149079321242581	0.155537944912349	0.138686207039509	0.108819158537247	0.0762143105433185	0.0474124047669921	0.0270838050469907	0.0142502702719941	0.00673288197644568	0.00288130674515982	0.00122220344226065	0.000453642373546192	0.000162641553960322	7.57399393442675e-05	7.97262519413342e-06	3.98631259706671e-06	3.98631259706671e-06	
0.000487881749561464	0.00419037098114373	0.0162043595776042	0.0418885878648767	0.0794546866891851	0.120293493105984	0.147520955834365	0.15422634529612	0.139751458869897	0.111410543339499	0.0786269590879715	0.0497870193210724	0.0284650746705803	0.0152039234288298	0.00726012613295215	0.00318595537274802	0.00127899832225982	0.000509370831516047	0.00016236195254574	7.16302731819441e-05	1.11424869394135e-05	7.95891924243823e-06	7.95891924243823e-07	
0.000467853008223233	0.00388604437442563	0.0156706887703343	0.0394906131022712	0.0767756334514901	0.116813666400118	0.146095058501518	0.154108234769913	0.140217456168618	0.113203718954014	0.0810388246386671	0.0517279928071578	0.0305966319357418	0.01623561332108	0.00789860002148305	0.00345001810145568	0.00147119083708292	0.000544237172831107	0.000186186401231695	6.92231491758865e-05	3.81920823039374e-05	7.16101543198826e-06	3.97834190666014e-06	3.18267352532811e-06	
0.000418111376603886	0.00359607579421289	0.0146140259674191	0.037914593994776	0.0728388172694307	0.11367621645769	0.144040164128588	0.153544646505114	0.14164834448562	0.115251685561167	0.0836938152901582	0.0543560687356026	0.0319131854522677	0.0174215723213448	0.00868654205993778	0.00390290277400206	0.00155321222411406	0.000614448848127004	0.000179644812000909	7.31297464782463e-05	3.97444274338295e-05	1.66926595222084e-05	4.76933129205954e-06	1.58977709735318e-06	
0.000392542797077578	0.00322598807780119	0.0134249636600532	0.0360972840003521	0.0702334400468197	0.109795409866226	0.140858629874965	0.152926743583908	0.142918091782057	0.117693053737126	0.0866750356262326	0.0570289347657313	0.0341797719128095	0.0184360301948678	0.00905148178958279	0.00420536253111596	0.00175256481119484	0.000733539570296485	0.000218079331709766	7.05784018987969e-05	4.12368190869375e-05	3.1720630066875e-05	5.55111026170313e-06	3.96507875835938e-06	
0.00036371945843754	0.00288998830562872	0.0124486938122622	0.0338867931092558	0.067759353717964	0.106377662564807	0.138028371699147	0.151658363056856	0.144117509850076	0.120722441727794	0.0889222913377048	0.0595558985412478	0.0362738997288709	0.0195918276981856	0.00979986732146712	0.00452277239622333	0.00191822479602059	0.000774089890892069	0.000242743203783315	6.72090303634585e-05	3.55812513688898e-05	2.60929176705192e-05	9.48833369837062e-06	3.16277789945687e-06	3.95347237432109e-06	
0.000348379326760892	0.00285875976959673	0.0120797772894512	0.0321265641601221	0.0654519630623331	0.102863331263025	0.134803882931935	0.150609427365275	0.145131517136795	0.121831876235486	0.0920509611170838	0.0613076678132182	0.0384423187875769	0.0209618737448098	0.0106176875809864	0.00507278132812919	0.00220141054217912	0.000848090849761809	0.000253008515588793	7.33015325537623e-05	4.49267457587576e-05	1.02464507870851e-05	7.88188522083466e-07	7.88188522083466e-06	7.88188522083466e-07	7.88188522083466e-07	
0.000319525688844785	0.00271557581747939	0.0113121514755885	0.0308950723172207	0.0624668796314542	0.100172481065944	0.132407677095347	0.148471104907271	0.145518436318216	0.124299418337634	0.093350960893039	0.0643840337645229	0.0401974307622376	0.0227098761700568	0.0113733873569887	0.00548846213934617	0.00246199646245024	0.000934239729054777	0.000379976494842447	9.57791991131788e-05	2.74776390898464e-05	1.25612064410726e-05	2.35522620770112e-06	1.57015080513408e-06	1.57015080513408e-06	
0.000264213220853244	0.00252374586921838	0.0104767990215487	0.0294154772498305	0.0600210900167387	0.0970775822530253	0.129575808417974	0.147464689902272	0.145216133470797	0.126642806461856	0.096190860731408	0.0667816556055148	0.0418758354665088	0.0238983602315982	0.0123686284040973	0.00582758715312215	0.00263507606910313	0.00113525443262759	0.000417096241821738	0.000141122788586302	3.92007746073062e-05	7.84015492146125e-06	1.56803098429225e-06	0	1.56803098429225e-06	
0.000288162262835391	0.00238381643043119	0.0102238714560753	0.0274939776442617	0.0578287483864484	0.0945509850909399	0.126907602772639	0.145331143195445	0.145396313407476	0.127848252339061	0.0989236707632296	0.0695711643011712	0.0440142338024542	0.0252624867696618	0.0130057758081891	0.00627596993690267	0.00283294126515011	0.00114165648545684	0.000475821066153261	0.000179806970543064	5.26072795912022e-05	8.63701605228692e-06	1.57036655496126e-06	0	0	7.85183277480629e-07	
0.000201277483025075	0.00213385581613302	0.00959448877091792	0.0266904949853602	0.0551657551522318	0.0915796822960729	0.12509159697958	0.144158707295365	0.144674480845617	0.129079407112014	0.102039821492032	0.0711531627297001	0.0456467454374483	0.0269562441621668	0.0137175322122597	0.00684186194251641	0.00305375681277106	0.00140894238117552	0.000498476266554287	0.000231940849579676	6.05404929411358e-05	1.5724803361334e-05	5.50368117646689e-06	
