# <P(N_2)> as a function of N_tot.
# number_of_species: 2
# species_total_upper_bound: 100
# species_total_lower_bound: 0
# volume: 512
# Bin widths for each species index 
1	1	1	1	1	1	1	1	1	1	1	1	1	1	1	1	1	1	1	1	1	1	1	1	1	1	1	1	1	1	1	1	1	1	1	1	1	1	1	1	1	1	1	1	1	1	1	1	1	1	1	1	1	1	1	1	1	1	1	1	1	1	1	1	1	1	1	1	1	1	1	1	1	1	1	1	1	1	1	1	1	1	1	1	1	1	1	1	1	1	1	1	1	1	1	1	1	1	1	1	1	
# Bin lower bound for each species index 
0	0	0	0	0	0	0	0	0	0	0	0	0	0	0	0	0	0	0	0	0	0	0	0	0	0	0	0	0	0	0	0	0	0	0	0	0	0	0	0	0	0	0	0	0	0	0	0	0	0	0	0	0	0	0	0	0	0	0	0	0	0	0	0	0	0	0	0	0	0	0	0	0	0	0	0	0	0	0	0	0	0	0	0	0	0	0	0	0	0	0	0	0	0	0	0	0	0	0	0	0	
# Bin upper bound for each species index 
0	1	2	3	4	5	6	7	6	6	7	7	7	7	7	7	8	9	9	9	10	10	10	10	10	11	11	11	12	12	12	12	12	12	12	12	12	12	12	13	14	14	14	14	15	16	16	16	16	16	14	15	15	15	15	15	16	16	17	17	17	16	17	17	17	17	17	17	18	18	18	18	19	22	22	23	23	23	21	21	20	20	20	20	20	20	20	20	20	20	21	22	23	23	23	24	25	24	24	25	22	
# Normalized histogram for each species index 
1	
0.920579819239151	0.0794201807608489	
0.847679892683427	0.146083508229873	0.00623659908669965	
0.780458956136136	0.201643946483219	0.0174351062663868	0.000461991114258496	
0.718855931315654	0.2470784431213	0.0322253275621499	0.00181012918120985	3.01688196868309e-05	
0.661278102645029	0.284460090162871	0.0499378403606515	0.00413727862168848	0.00018417670918079	2.51150057973805e-06	
0.608672693548118	0.314848854502615	0.0681575121568103	0.00780793075213475	0.000494627608909981	1.42038333639691e-05	4.17759804822619e-06	
0.560117991934771	0.338535244918355	0.0872618096212145	0.0129345655304048	0.00109199266554659	5.00531397500346e-05	2.50265698750173e-06	5.83953297083737e-06	
0.517207457437289	0.354679426409777	0.107399028063846	0.0185364127097809	0.00201898175189456	0.000149554203844042	9.13942356824698e-06	
0.475178886612707	0.36857316008559	0.126646996255216	0.0260228102711715	0.00329129812279941	0.000271096847898087	1.57518046179317e-05	
0.436741477162438	0.376804698928435	0.146550762848994	0.034210293732587	0.00518725751842591	0.000480729916516542	2.39538961838139e-05	8.25996420131515e-07	
0.402486175741889	0.3809815905275	0.164603947095397	0.0434878216738905	0.00749886950677428	0.000891167603164224	4.7947793120153e-05	2.4800582648355e-06	
0.371041161667102	0.382899075044727	0.181312067408968	0.0527302219297404	0.0104722992926424	0.00144844622726055	9.42482134176386e-05	2.48021614256944e-06	
0.341512023054602	0.383369666512727	0.196660161455049	0.0624624460588846	0.0136634273030187	0.00212122867391344	0.000195321875553481	1.5725066252187e-05	
0.314580853779794	0.379797884224977	0.212053908606354	0.073254518804768	0.0169912703115896	0.00293977527567655	0.00035688971443843	2.48992824026812e-05	
0.288144498742137	0.375480739653186	0.226263141879927	0.0840066044026025	0.0213329520116658	0.00415601820367565	0.000551198253458083	6.48468533480098e-05	
0.265134352804489	0.368038297581933	0.238153100442932	0.0957714196305069	0.026447769442165	0.00551126972263882	0.000811459978793846	0.000120678663512931	1.16517330288347e-05	
0.245365930809443	0.358806978989778	0.247778277228382	0.106896580428196	0.0324068524622915	0.00738271234974861	0.00117703859088336	0.000159824193387274	2.33076948689775e-05	2.49725302167616e-06	
0.225567050188537	0.350022551119344	0.257078592109859	0.118003629854847	0.0381076401191499	0.00930556725027241	0.00166319715680823	0.000212589110268721	3.25136286293338e-05	6.66946228294027e-06	
0.207644630684117	0.339704553965901	0.264224105934193	0.128994697785448	0.0450700748081836	0.011661202085521	0.0022920380037917	0.000340302585715799	5.3380797759341e-05	1.50133493698147e-05	
0.191267485586614	0.329309900513653	0.270812362027223	0.139143278187312	0.0512777102711376	0.0143462498509248	0.00319667339138441	0.000543759731589521	9.34065796595497e-05	6.67189854711069e-06	2.50196195516651e-06	
0.174913100852965	0.31946915548599	0.275027578771215	0.150370700313461	0.0582796674728687	0.0169011035671319	0.00413619125721731	0.000758468243825477	0.000124052435049392	1.74839002418606e-05	2.49770003455152e-06	
0.161168155687313	0.306438863063245	0.278762528266072	0.160754963935455	0.0661031677199578	0.0203707707320005	0.00518701726473738	0.00099666858932997	0.000189483894286351	2.42071935431902e-05	4.17365405917073e-06	
0.148739108359061	0.29466437779977	0.280683558593297	0.169990887330555	0.0735891828528408	0.0241606631155325	0.00649475708858132	0.00135064268080895	0.000272629726311437	4.25202325439855e-05	1.1672220698349e-05	
0.13799724280401	0.284022840578261	0.281139030150063	0.177953260946526	0.0810007538557012	0.0278834980570515	0.00788757970670432	0.00170179800832157	0.000344857746179701	5.74762910299501e-05	1.16618561510044e-05	
0.126371880199667	0.272955074875208	0.282079034941764	0.186696339434276	0.0877154742096506	0.0322637271214642	0.0092279534109817	0.00217470881863561	0.000423460898502496	7.23793677204659e-05	1.49750415973378e-05	4.99168053244592e-06	
0.116409886873936	0.261203104130668	0.281463732087958	0.194293246762098	0.0959032423487601	0.0362317575805933	0.0110566162249589	0.00275355705880544	0.000579302526407302	8.06202942058943e-05	1.82850151807183e-05	6.6490964293521e-06	
0.107199048202164	0.249030016263746	0.279710748902839	0.201225539135312	0.104054834425454	0.0410794222600393	0.0134857358744435	0.00343005139277485	0.000661154833679791	0.000106878412963274	1.40847520959354e-05	2.48554448751801e-06	
0.0989308376553762	0.237818461780447	0.277930883186874	0.206172415363155	0.112162290813813	0.0459214126354045	0.0155353469293144	0.00443973492390031	0.000923875475493706	0.000146528637242281	1.32455265303757e-05	4.13922704074241e-06	8.27845408148482e-07	
0.0904693086627584	0.227357528501719	0.274449153625277	0.21207389630807	0.119328407242557	0.0518377209506701	0.0177576696397435	0.00521930392243344	0.00122506486001202	0.000235779643313215	3.21517695427112e-05	9.89285216698805e-06	4.12202173624502e-06	
0.0836169401994665	0.216177417447407	0.270202061679566	0.21686316570963	0.127136085305441	0.057370438747487	0.0204394044912816	0.006219367173436	0.00156613405516208	0.00033917848179441	4.92753242316334e-05	1.23188310579084e-05	8.21255403860557e-06	
0.0770548956071707	0.206216014115826	0.266591178920717	0.220561418929113	0.134000314851134	0.0626406171082235	0.0234760877122785	0.0071390854886424	0.00182023312102746	0.000418161662938742	6.47740615140404e-05	1.39387220979581e-05	3.2796993171666e-06	
0.0700788073676107	0.194242679417669	0.262524888912964	0.225575214992605	0.14099558934812	0.0688575475987636	0.0262874523766142	0.00855210133829716	0.00231612571753115	0.000474387195156983	7.79702137368743e-05	1.6414781839342e-05	8.20739091967098e-07	
0.064095453598216	0.184847405841881	0.256560670925312	0.229090604781213	0.147367116980377	0.0748096162460803	0.0296508031314661	0.00991423090870605	0.00286498629040065	0.000661276904370827	0.000104196236792922	3.28177123757234e-05	8.20442809393086e-07	
0.0588873538596494	0.175171294478659	0.249557698025617	0.231543646210987	0.155466063898467	0.0800283204681091	0.0332650509981979	0.0115548824059913	0.00342506821388853	0.000835322391732526	0.000216838850951216	4.76388384665551e-05	8.21359283906122e-07	
0.0546921327413813	0.165099984170506	0.243580647992238	0.232773122339025	0.161762667491222	0.086114088823967	0.0372370397041443	0.0130753262475159	0.00418948478687185	0.00111708658569293	0.000271479926478971	7.54566563023122e-05	1.14825346546997e-05	
0.0506185675975292	0.157528056561307	0.236807455421264	0.23320805485706	0.167873158205658	0.0913623399299129	0.0409510676528352	0.0150612750218971	0.00475632148308741	0.0013707710320767	0.000375261884453752	8.35736074547658e-05	4.09674546346891e-06	
0.0464066541563118	0.148736066960393	0.230447935055225	0.233472997756971	0.172242063914061	0.0986024832018219	0.0453546718322325	0.0171425673276868	0.00543742341225109	0.00164259759467432	0.000403287158453406	9.65271494878335e-05	1.47244804303475e-05	
0.0425784025877901	0.139580321110478	0.22480851699345	0.233656861795796	0.177285282190234	0.104342852641374	0.0497002410872394	0.0190604982907259	0.00642106075103024	0.00194067842507176	0.000487426209087791	0.000110778683883589	2.70792338382106e-05	
0.039582071921509	0.131898444730777	0.218259853860456	0.232903504676366	0.181303443303697	0.110333870619155	0.0539848515094872	0.0216016946775708	0.00718736646907527	0.00223383316862801	0.000536185952587963	0.000137758544741831	2.9696452758718e-05	7.42411318967949e-06	
0.0367158954072027	0.12407628868539	0.211511166468731	0.231841298347685	0.184782815597055	0.116089066916052	0.0585795804867149	0.0245898179681455	0.00840681781503842	0.00248033402162533	0.000677808996900617	0.000186211262884785	5.04839423820972e-05	1.15864785794977e-05	8.27605612821266e-07	
0.0336325849827061	0.118363607366774	0.204255032843478	0.22974153827752	0.188677223538324	0.121147910277666	0.0628428463682789	0.0272815169467029	0.00994773617567024	0.00295624524459005	0.000848913357676602	0.000217627494825117	7.72494542699843e-05	8.30639293225638e-06	1.66127858645128e-06	
0.0303372225289528	0.111538039393073	0.197662158836168	0.227922883503735	0.192139345843505	0.126284665172187	0.0679999467840964	0.0301185384252084	0.011241028131257	0.00333098296425887	0.00103438412569596	0.000294350466636954	6.81828764526279e-05	2.66079517863914e-05	1.66299698664946e-06	
0.0282035919149369	0.105475992983733	0.190383007415146	0.224794260145966	0.194728119643712	0.1317903331058	0.0723406527932387	0.0335776120324644	0.0129610683952542	0.004084755974425	0.00117994789537016	0.000350479572882227	9.76335953029061e-05	3.17100565941063e-05	8.34475173529112e-07	
0.0264056089640336	0.099350089156689	0.184716259151007	0.221841589775472	0.1967781425118	0.136421030435441	0.0765944236695738	0.0363663900619788	0.0146625308450347	0.00489671463249119	0.00141161271104112	0.000408338472429204	0.000101247858942487	4.18379582406971e-05	1.67351832962788e-06	2.51027749444183e-06	
0.0237589911788453	0.0934387427258139	0.177362833222217	0.219898186520686	0.198702121030397	0.141650222622761	0.0811165980427958	0.0394640302592743	0.0164412520478279	0.00588300327987484	0.00165836368083032	0.000439717642644403	0.000134009186329723	4.43905429717207e-05	3.35022965824307e-06	8.37557414560768e-07	3.35022965824307e-06	
0.0218276293399934	0.0874311629142269	0.171368631653204	0.216006648910546	0.200703095480065	0.146255924408858	0.0855888047628184	0.0429724383555676	0.018333097348395	0.0067142602207311	0.00199735417596992	0.00059903868952118	0.000139915330279772	5.69715117306856e-05	3.35126539592268e-06	0	1.67563269796134e-06	
0.0200403018026887	0.0818729864808818	0.1643534325657	0.212923388870502	0.201908679969334	0.149470253331602	0.091162510106871	0.0465749751779438	0.020410642692261	0.00773358916459642	0.00254797883526952	0.000716383394986992	0.000232929337785244	4.60831423675843e-05	3.35150126309704e-06	8.3787531577426e-07	1.67575063154852e-06	
0.0189943281233486	0.0769930833636695	0.157658375538291	0.209109560660226	0.203250634542249	0.15409604780414	0.0953465783368199	0.0496150807164582	0.0223134076722155	0.00871835047534051	0.00265895430121507	0.000912600088240376	0.000260023922200842	6.62641608189244e-05	3.35514738323668e-06	2.51636053742751e-06	8.38786845809169e-07	
0.0176893190510825	0.0726276642741601	0.149789780811011	0.205546158355604	0.204477845097937	0.157716463614359	0.10031730247543	0.0532644864789504	0.0242797704134339	0.00972820162229079	0.00317134501646983	0.000989365579820302	0.000309911628992947	8.56666291525219e-05	5.87908239282013e-06	0	8.39868913260018e-07	
0.0164507521233701	0.0686010589493001	0.143988484557691	0.19964561394648	0.205700480651868	0.16198557202623	0.104870493362627	0.0566226419859087	0.026187529988131	0.0104708031347593	0.00389151241192959	0.00110777208178658	0.000353544281421248	0.000102696196031886	2.10443024655505e-05	
0.0149015603829427	0.0645852028968808	0.139362137858357	0.195409094846691	0.203885944778945	0.165633728426253	0.109623777231849	0.0604228921205413	0.028420449738142	0.0114860938113697	0.00441714612999294	0.0012867923798342	0.000399494366288395	0.000132884441839087	2.94364269896712e-05	3.36416308453385e-06	
0.0135918571723114	0.0607783486284856	0.134743769381924	0.19170990124423	0.202163622363322	0.16745309416512	0.114117404494713	0.0647134315420964	0.0305650580458392	0.012911044067711	0.00499375149900908	0.00163681271748781	0.000445179397198484	0.000148112616081159	2.10387238751646e-05	7.57394059505927e-06	
0.0122838833464473	0.056908790251661	0.128287771237182	0.188357366164411	0.201443232166826	0.169589457252136	0.117759329465078	0.0691034709102461	0.0338886060396952	0.0142530747577432	0.00554992194764812	0.00178321222245131	0.00060422198004721	0.000152317797198531	3.02952524814757e-05	5.04920874691262e-06	
0.0113413177779253	0.0539097081512097	0.122299661231182	0.18404198010416	0.200998909989688	0.171977070284235	0.121228139914631	0.072320545391744	0.0369821925763322	0.0161324887784405	0.00581983146440406	0.00207833114967094	0.00065551892306645	0.000176485863902506	2.77334928989652e-05	1.00849065087146e-05	
0.0105006176833931	0.0505349054146042	0.117162354088056	0.178660929634516	0.199503332128781	0.174906086912676	0.125051053423311	0.0761238056020102	0.0399283991495298	0.017483381375375	0.00672896725017438	0.0023766103888464	0.000795845133747363	0.000191607909708974	3.86577361693545e-05	1.34461691023842e-05	
0.00939943038341906	0.0470476051129269	0.112109523797511	0.173252070052581	0.19812801825733	0.176935153348284	0.129597442359326	0.0797631390633028	0.0424067519830208	0.0193799134054982	0.00792787883833198	0.00279426616247106	0.000914884617745566	0.000282537896656719	4.70896494427865e-05	1.26132989578892e-05	1.68177319438523e-06	
0.00897578069366407	0.0442592752956686	0.106708042471013	0.167771263881731	0.196579349819198	0.178742970330992	0.133703484798932	0.0832857612472602	0.0451286043737173	0.0213490070395477	0.00886396176969842	0.00324527102637161	0.000970218332754621	0.000315278920955791	7.90299161862517e-05	1.68148757843089e-05	5.8852065245081e-06	
0.00820899028748246	0.0412505118033601	0.101483055113671	0.163360920373465	0.193742742460549	0.180624635025473	0.136798325983501	0.0882944698388407	0.0482764812092655	0.0230303121832692	0.0096294543672768	0.00362876972540491	0.00114862098360216	0.000376720833920649	0.000109072847237604	1.92975037420377e-05	1.17463066255882e-05	5.87315331279408e-06	
0.00768305170243823	0.0390713638108071	0.0963737403699998	0.157688163123028	0.190674422618958	0.181303764184192	0.141372676188992	0.092121206027119	0.0517870699493718	0.0251431616733953	0.010642648017523	0.0041352230506634	0.00138594912376844	0.000460865790854076	0.00012569067023293	1.50828804279516e-05	1.34070048248459e-05	2.5138134046586e-06	
0.00690067176899168	0.037000768690886	0.0920849904749173	0.15321429765048	0.18832425386852	0.181871428093981	0.143558871695465	0.0962676715350423	0.0547174225460379	0.0274105143544668	0.0117175228100665	0.00455031583169012	0.00168109354633869	0.00052220848233682	0.000140369640052137	2.92436750108619e-05	6.6842685739113e-06	1.67106714347782e-06	
0.00646203284852808	0.0344319511438982	0.0881324941746699	0.148163395925769	0.185458842667751	0.180967754839441	0.14678665124357	0.0999556641543021	0.0585858198631256	0.0298683592070217	0.0132440838314171	0.00523362990569466	0.00188594020327819	0.000618368374207872	0.000171676394995716	2.08345139557908e-05	1.25007083734745e-05	
0.00615817299467137	0.0321478495633197	0.0834011408351381	0.145008741951771	0.182224837157676	0.181602259971876	0.148207586929217	0.103795133716394	0.0617661663516226	0.0320560486377994	0.0146606078055823	0.00576342901493434	0.0022265897208	0.000707701680374214	0.000225329544458771	3.6720370208096e-05	1.08492002887556e-05	8.34553868365818e-07	
0.00553948858038812	0.0303473806192205	0.0793228048263264	0.139537504884101	0.17991273740069	0.182453304657679	0.150925390978523	0.106376548301669	0.0649869256381057	0.0340977020514893	0.0163696688162276	0.00649209694063271	0.0024228479065993	0.000866614792229521	0.000260485371074769	6.92957878179675e-05	1.83675582168107e-05	8.3488900985503e-07	
0.00528540078240973	0.0282222190663712	0.0760431085541292	0.134181681788298	0.175492514646166	0.182967426326425	0.154427765771621	0.110214849411605	0.0673736144305559	0.0367555474988535	0.0173406589918225	0.00753672923327021	0.00273918589624174	0.000974879518424555	0.000309923137391182	0.000118622871993391	1.42013297456876e-05	1.67074467596325e-06	
0.00478439669067373	0.0263823868591026	0.0727810759829479	0.130335267623267	0.172316946823485	0.181765230650266	0.156494209683277	0.114003712363778	0.0707617040720513	0.0383714137946618	0.0188396603639054	0.00854864652706528	0.0030830361043278	0.00103772116432315	0.000332238146964749	0.000129715145540393	2.76167729215031e-05	5.02123144027329e-06	
0.00430899595192651	0.0247825995763156	0.0685244457495228	0.126092665226419	0.170506533548671	0.180762212387524	0.157728044969272	0.11646034775678	0.0746322125972691	0.0411703756528305	0.0203276212848963	0.00933447993791556	0.00359754179163957	0.00119302808482077	0.000419489481301256	0.000126685823352979	2.34914109528704e-05	9.22876858862764e-06	
0.00393413824318265	0.0227844125831963	0.0648297278096969	0.121022825559387	0.167159308666524	0.180329644676359	0.159793191127742	0.119692692159771	0.078290610635357	0.0439708176793539	0.0220639236584043	0.0100263843380151	0.00408864868859259	0.00134272935983971	0.000471088912364027	0.000137715831778432	4.70249181682451e-05	1.51151522683645e-05	
0.0037880313311721	0.0214722227815476	0.0614139298874414	0.116277879575002	0.163392935048896	0.179174301458497	0.162037130257939	0.123032572874508	0.081079811261234	0.0466863325480405	0.0238717287853466	0.0106853526099242	0.00465302807589822	0.00172495956077294	0.00048409614132587	0.000153534824718603	4.86613105665519e-05	1.76187503775446e-05	5.87291679251488e-06	
0.00331197568082766	0.0201002662008851	0.0583777701267183	0.111993315586608	0.159353560121932	0.17923801046329	0.16297036520746	0.125706440046018	0.0842949875297062	0.0491253999311405	0.0257635430749981	0.0118001729885878	0.00510904159283861	0.00198600975789995	0.000634851322187046	0.000182225842479615	3.52695178992803e-05	6.71800340938673e-06	1.00770051140801e-05	
0.00317480586973635	0.0188480470197234	0.0551974319273399	0.108277766529531	0.154921957239675	0.177034702753655	0.164715212604458	0.129537792287549	0.0878931437131031	0.0518327593927291	0.0271055667057882	0.0128790087279858	0.00548429021371761	0.0021406206287611	0.000704858990396611	0.000198267844736115	3.8645427363819e-05	7.5610618755298e-06	7.5610618755298e-06	
0.00296690667729906	0.017193316334907	0.0528054104583879	0.103613896716132	0.151433697760831	0.174720815924465	0.165741358109489	0.132003055696092	0.0915259717415122	0.0553467980526638	0.0289838805330045	0.0140714469994204	0.00610050291664852	0.00235962058440188	0.000858576889958085	0.000212759541511564	5.61216113436016e-05	5.02581594121806e-06	8.37635990203009e-07	
0.00262065807264638	0.0163281371433156	0.0496888804207761	0.099286672917471	0.147865784868708	0.172117735738055	0.167068623469263	0.134932135318214	0.0943085925160825	0.0582310892277248	0.0314077847583997	0.0151607075108261	0.00679900321398308	0.00281035494206307	0.00101951621448616	0.000258221729734608	8.44025718550014e-05	1.00280283392081e-05	0	1.67133805653468e-06	
0.00238248567368237	0.0154790387319314	0.0473800613165557	0.0953454855455557	0.143844352085324	0.170823804088496	0.166813356323552	0.13731910485533	0.0972003909118849	0.0607646899712008	0.0338505574346533	0.016603705958559	0.00743469518838385	0.00303149319463275	0.00120506041631948	0.000385217367273775	0.000112215493944969	1.25614358893622e-05	6.69943247432652e-06	2.51228717787244e-06	8.37429059290815e-07	0	1.67485811858163e-06	
0.00205591072239092	0.0140597495389903	0.0447861936592531	0.0909516479945868	0.140092520169698	0.16885182201424	0.168273152234536	0.140337889555304	0.100397950621295	0.0630306217643482	0.0360852110092972	0.0177729504119358	0.00804275624352032	0.0032902945940016	0.00132398975645623	0.000463103311398036	0.000146551680822163	2.26108307554195e-05	5.02462905675988e-06	5.86206723288653e-06	1.67487635225329e-06	8.37438176126647e-07	1.67487635225329e-06	
0.00194279148990335	0.0127906022486137	0.0418964659617906	0.0874817235240228	0.135592610023129	0.16753813147004	0.167204004830182	0.143096642152881	0.104334602288809	0.0663446545599494	0.0378224657038683	0.019517517782404	0.00867808112494326	0.0036301728916944	0.00141941016180438	0.000483185642100962	0.000155758283242251	3.51712252482502e-05	1.92604328740418e-05	7.53669112462505e-06	4.18705062479169e-06	2.51223037487502e-06	1.67482024991668e-06	8.37410124958339e-07	
0.00188653504443903	0.0118741227486498	0.039314252044095	0.0836762826387721	0.131987984428972	0.164469196498444	0.167429566707929	0.144663089448042	0.10703282520759	0.0698352755270204	0.0405613404275086	0.020953595757556	0.00969799536819657	0.00420411070462168	0.00154588741219117	0.000598435029624626	0.000168231385950419	6.44468493441905e-05	1.33915531104812e-05	1.33915531104812e-05	2.51091620821522e-06	4.18486034702536e-06	1.67394413881014e-06	1.67394413881014e-06	
0.00177671525694711	0.0110771137857901	0.0369184222902169	0.0807073114297003	0.12799450028526	0.161873210859431	0.167635214546512	0.145276334770911	0.11043701181052	0.0728035597789088	0.0429009491685691	0.0226737935752573	0.0105801012903113	0.00463015170157866	0.00174163202197213	0.000636510120260318	0.000212170040086773	7.35077304237637e-05	2.17181930797484e-05	8.3531511845186e-06	8.3531511845186e-06	1.08590965398742e-05	1.67063023690372e-06	8.3531511845186e-07	
0.0017219354186492	0.0102789769314125	0.0347403186040041	0.0763124013605044	0.124854938846646	0.159575205800942	0.166480492669033	0.147078015120615	0.112806403828528	0.0761277590861126	0.0457687259432421	0.0240669925616734	0.0119165283242084	0.00507640931766742	0.00206699089070263	0.000733556185140224	0.000267355329436072	7.9371113426334e-05	2.92419891570704e-05	5.01291242692636e-06	5.01291242692636e-06	8.35485404487726e-06	
0.00149655516257157	0.00974224786098851	0.0328489257260258	0.0729363600164629	0.120795173546861	0.156530133543916	0.166578551997136	0.148561332829184	0.115168661515862	0.0790748294311919	0.0478278618585057	0.0262102103709851	0.012793915403225	0.00585153905097155	0.00230046210009603	0.000852425774544676	0.000278565047029811	0.000113768307495658	2.50959501828658e-05	5.01919003657316e-06	6.69225338209755e-06	1.67306334552439e-06	
0.00130559133315289	0.00907209998248597	0.0310149170932744	0.0701893610228194	0.116811038699303	0.152158373759458	0.166038033099003	0.150825966686471	0.11809651822758	0.0819824206065553	0.0501110758223424	0.027883341475821	0.014033011851719	0.00640979981212222	0.00262207656061321	0.000963690650273311	0.00030838100808746	0.000130726731689249	3.85476260109324e-05	4.1899593490144e-06	8.37991869802879e-07	
0.00122095306505372	0.00849044887437358	0.0293565787132917	0.0669141019659442	0.113108924117977	0.1499984895426	0.163662255012201	0.151960405876686	0.121323294945338	0.0850286819077413	0.0527653118423217	0.0299616008163183	0.0147546513696492	0.00687761602830262	0.00296804879113059	0.00109424247204815	0.000346566059015249	0.00011999744900528	4.44745790019569e-05	2.51742900011077e-06	8.39143000036922e-07	
0.00116828901052971	0.00795141529149314	0.0279340252424284	0.0641249666382987	0.109966042404191	0.146990396865763	0.162178154002649	0.152021928919014	0.123808420745187	0.0880681770494995	0.055684246394838	0.0317393574074727	0.0159221342088787	0.00743357454472818	0.00319349115306432	0.00121864629546633	0.000401179703328449	0.00015275043097443	3.69286756201919e-05	4.19644041138545e-06	1.67857616455418e-06	
0.00103619726511044	0.0075310985033452	0.0262094981113522	0.0615274638421691	0.106409488378649	0.144163985978195	0.16207132057678	0.153438580770528	0.125423498436894	0.0904478553653204	0.0578835733787079	0.0329795999187823	0.0171673135558095	0.00816624128042099	0.00351551946624514	0.00129210023341707	0.000493347361850153	0.00017703451250065	5.28586459125164e-05	1.25853918839325e-05	8.39026125595499e-07	
0.000922327895126782	0.00702078009787764	0.0249230133409942	0.0589424645474965	0.102196954805933	0.141457210873725	0.160599294729963	0.154397521642785	0.128177537199718	0.0932491982131367	0.0603620766993765	0.0346250963908251	0.0182466361912058	0.0085159928968992	0.00393711370169329	0.00157669349649633	0.0005418046378477	0.000192361646615695	8.73607478080012e-05	2.18401869520003e-05	6.7200575236924e-06	
0.000817606465483885	0.00632887967726415	0.0236475005803997	0.0562853076454616	0.0986183123660454	0.138516162027395	0.16003973634715	0.154478834759378	0.129518285112497	0.0962268975703966	0.0631256119431107	0.0365138673458745	0.0194299297800538	0.0092577950196663	0.00429916321511125	0.00185223193106534	0.000681338721236571	0.000243936085380995	7.99100969351534e-05	2.7758244198527e-05	1.09350658963894e-05	
0.000761767670949998	0.00586796531518768	0.0220239982040444	0.0534818079622379	0.0952285260972692	0.1349177988782	0.158182822559422	0.156205253506359	0.131406604845212	0.0990768822009536	0.0656423441928668	0.0387778421459315	0.0206240609279608	0.0100988868606848	0.00451090900071384	0.00201876840833438	0.000798763010378033	0.000275783439372626	7.65130883625274e-05	1.68160633763797e-05	5.88562218173288e-06	
0.000769953431732201	0.0054428033388824	0.0208140423314156	0.0511846150991832	0.0915004899703657	0.131213389262481	0.155690824482664	0.155755760314256	0.134234170415235	0.101907089474829	0.0687290961438236	0.0409154771602971	0.0223438293250215	0.0111200503294861	0.00483308117990936	0.00212854596023228	0.000916691544680069	0.000325522480447568	0.000129028340695539	4.30094468985129e-05	2.5299674646184e-06	
0.000770580424886191	0.00515357413830479	0.0191993076631259	0.0490063746477347	0.0891282110340342	0.128330431660525	0.153870515391285	0.155356634782137	0.135792359906785	0.104539819531758	0.0711838486342944	0.0427697539562107	0.0236280281270323	0.0119626260026013	0.0054270878495556	0.0023777910253631	0.000959414968567093	0.000337023086928246	0.000154116084977238	4.91139171905484e-05	3.38716670279644e-06	
0.000648690213161637	0.00478387860855102	0.0181946595689005	0.0462238353851196	0.0856067836397957	0.125215841929608	0.151582643217842	0.155603506314567	0.137623100823904	0.106773054119903	0.0735848433447009	0.0456107130426535	0.0254225590066741	0.0129289209978312	0.00577554471770543	0.00267944625906451	0.00109159488872761	0.000428508156474919	0.000156668001873241	5.5892368235859e-05	9.3153947059765e-06	
0.000589243216708394	0.00453929234857085	0.0170872054525769	0.0437871297411823	0.0829103358347202	0.122505784333591	0.149106512282118	0.155510187124993	0.138625613512407	0.108787015283867	0.0763125074715192	0.0474234810454446	0.0271992973168662	0.0141816853034263	0.00663598080169295	0.00285210673526192	0.00122426935960708	0.000468851077467255	0.000168718561330893	7.37613810843601e-05	7.63048769838208e-06	3.39132786594759e-06	
0.000482993715160589	0.00422260004567716	0.0162272354319453	0.0419849265358946	0.0796254472555637	0.12044306849037	0.147517784488373	0.15398533255513	0.139701914211519	0.111239119953308	0.0787508141531538	0.0498929970140669	0.0283985078793108	0.0151724312939326	0.00717723585488196	0.00314157383206029	0.00127303947691189	0.000521058018456958	0.000159870073844748	6.42863789005338e-05	9.30460747244567e-06	7.61286065927373e-06	8.4587340658597e-07	
0.000453148196368727	0.00389572180758787	0.015712237368494	0.0396158047269444	0.0769675593235241	0.116988322979686	0.146223990477124	0.153962172270712	0.140091272162836	0.113053711588082	0.0810171486156999	0.0517392098312868	0.0305739764430572	0.0161713035450392	0.00780581585274713	0.00342143796773179	0.00145835940062697	0.000555444710847489	0.000185993662688657	6.00252275040665e-05	3.2126178100768e-05	7.60883165544505e-06	4.22712869746947e-06	3.38170295797558e-06	
0.000415709071245099	0.00360281195079086	0.0146672637555766	0.0379833040421793	0.0730059483574422	0.113624611328917	0.144183452751115	0.153471846694606	0.141706942003515	0.115129444369339	0.0837374949303772	0.0542846762200892	0.0318448357442206	0.0173566986616196	0.00864539678247938	0.00388755576585102	0.00153525077734217	0.000616804109774233	0.000180816547248885	6.33702852507773e-05	3.54873597404353e-05	1.35189941868325e-05	5.06962282006219e-06	1.68987427335406e-06	
0.000396250960065491	0.00325431639543148	0.0134337506333692	0.0361979467455571	0.0703134682328978	0.110015285170013	0.14082337577153	0.152816290467129	0.142995168267549	0.117736277281246	0.0865555421598375	0.0568830899481248	0.0341551465833472	0.018376770588399	0.00905728524251823	0.00418761386945807	0.00172664248130665	0.000736015081142923	0.000209085612970727	6.576079762789e-05	2.95080502176429e-05	2.52926144722654e-05	5.90161004352859e-06	4.21543574537756e-06	
0.00036145084688774	0.00291094019249359	0.0124540831336948	0.0339200605220023	0.0678476862942882	0.106590173580465	0.138049846593536	0.151605934518556	0.143964191148657	0.120644727440844	0.0889110242508301	0.0595023746480057	0.0362694910267726	0.0195696213171941	0.00983146303534653	0.00452486025301559	0.00189971840457277	0.00076324969528853	0.000247972092632287	6.55655024587063e-05	2.68986676753667e-05	2.10145841213802e-05	1.00870003782625e-05	3.36233345942084e-06	4.20291682427605e-06	
0.000343480530099366	0.00285675270155815	0.0120377359438971	0.0320894590851857	0.0656642620237035	0.102899227001256	0.135069948553319	0.150648047229411	0.145162411836507	0.12149660331266	0.0919581154815052	0.061273575540165	0.038443848892024	0.0209129377387085	0.0106445454035184	0.0050667566976609	0.00217733145787379	0.000856188053076957	0.000258029276269768	7.62359225342496e-05	4.27256269147992e-05	1.08908460763214e-05	8.3775739048626e-07	8.3775739048626e-06	8.3775739048626e-07	8.3775739048626e-07	
0.000322180275722882	0.00271432708976894	0.0112295684704032	0.030729821790905	0.0623969711715426	0.100269846847516	0.132630601951277	0.148822247466169	0.145444362554639	0.124117029898497	0.0931493288884697	0.0643091862277113	0.0403384729155729	0.0227721359133352	0.0113664533543891	0.00549626195760408	0.00243137601860299	0.000935658261879146	0.000388118725935596	9.59863515754699e-05	2.42052538755533e-05	1.00159671209186e-05	2.50399178022965e-06	1.66932785348643e-06	1.66932785348643e-06	
0.000272590863621207	0.00252834278092698	0.0103917972657553	0.0291672224074692	0.0598074358119373	0.0968947982660887	0.129755751917306	0.147913471157052	0.145349283094365	0.126572190730243	0.0960061687229076	0.0668006002000667	0.0419448149383128	0.0239513171057019	0.0124324774924975	0.00583861287095699	0.00263421140380127	0.00113704568189396	0.000410970323441147	0.000141713904634878	4.00133377792598e-05	6.66888962987663e-06	8.33611203734578e-07	0	1.66722240746916e-06	
0.000299702134480271	0.00238175540298667	0.0100980418347447	0.0273037827585286	0.0576354753826837	0.0943418908449764	0.1268424585259	0.145723692998157	0.145882309726712	0.127729877380921	0.0987881681938397	0.0695116942270189	0.0441021291373921	0.0253235781262522	0.0130357906125611	0.00631127614671546	0.00283673496647343	0.001141205620709	0.000472510886116528	0.000176982876071915	5.09243181150322e-05	8.34824887131675e-06	8.34824887131675e-07	0	0	8.34824887131675e-07	
0.000213957018040923	0.00215210672443506	0.00941745187220749	0.0265055971490227	0.0548958547499294	0.0915777825695235	0.124913288903821	0.14430314366378	0.145218311377666	0.129245082749548	0.102126030712861	0.0708465175988005	0.0455979179307682	0.0270847854830163	0.0137408880219172	0.0068867415181922	0.00304303711987109	0.00144420987177623	0.000488925217007577	0.000217300096447812	5.85038721205648e-05	1.67153920344471e-05	5.85038721205648e-06	
