# <P(N_1)> as a function of N_tot.
# number_of_species: 2
# species_total_upper_bound: 100
# species_total_lower_bound: 0
# volume: 512
# Bin widths for each species index 
1	1	1	1	1	1	1	1	1	1	1	1	1	1	1	1	1	1	1	1	1	1	1	1	1	1	1	1	1	1	1	1	1	1	1	1	1	1	1	1	1	1	1	1	1	1	1	1	1	1	1	1	1	1	1	1	1	1	1	1	1	1	1	1	1	1	1	1	1	1	1	1	1	1	1	1	1	1	1	1	1	1	1	1	1	1	1	1	1	1	1	1	1	1	1	1	1	1	1	1	1	
# Bin lower bound for each species index 
0	0	0	0	0	0	0	0	2	3	4	5	6	6	7	8	9	10	11	11	12	13	13	14	15	16	16	17	17	18	20	20	22	22	23	24	25	26	27	27	28	29	29	30	31	32	33	34	35	36	36	37	38	39	39	40	40	41	42	43	44	45	45	47	48	49	50	50	50	51	52	53	53	51	52	52	53	54	57	58	61	61	62	63	64	66	67	68	69	69	71	70	70	71	72	72	73	73	74	74	78	
# Bin upper bound for each species index 
0	1	2	3	4	5	6	7	8	9	10	11	12	13	14	15	16	17	18	19	20	21	22	23	24	25	26	27	28	29	30	31	32	33	34	35	36	37	38	39	40	41	42	43	44	45	46	47	48	49	50	51	52	53	54	55	56	57	58	59	60	61	62	63	64	65	66	67	68	69	70	71	72	73	74	75	76	77	78	79	80	81	82	83	84	85	86	87	88	89	90	91	92	93	94	95	96	97	98	99	100	
# Normalized histogram for each species index 
1	
0.078742403679083	0.921257596320917	
0.00611137934484274	0.14703848211606	0.846850138539098	
0.000515247842945471	0.017020644845775	0.202610297970447	0.779853809340832	
3.04510673099092e-05	0.0017922628188118	0.0322128790614111	0.24690595405369	0.719058452998778	
1.29854952018595e-05	0.000147168945621075	0.00411207348058885	0.0497387751215226	0.285040276677618	0.660948720279448	
2.16840717482566e-05	2.16840717482566e-05	0.000368629219720362	0.00742028935225341	0.0677627242133019	0.313885612184714	0.610519376886514	
3.04571620016447e-05	8.7020462861842e-06	4.78612545740131e-05	0.000857151559189143	0.0126658283695411	0.0861894174415114	0.338609674064856	0.56159090810204	
4.33841361567729e-06	8.67682723135458e-05	0.00180044165050608	0.018377520076009	0.106503715851262	0.355949483511859	0.517277732224435	
4.31915068220985e-06	0.000246191588885961	0.00276857558729651	0.0251590527238724	0.126158072276668	0.368985042781187	0.476678745891408	
2.58384579608289e-05	0.000490930701255749	0.00507295057964274	0.0334435774206329	0.14838595765938	0.376668733743304	0.435912011437824	
9.50155695967453e-05	0.000932880137858954	0.00775672559071611	0.0435300875438907	0.16557758669091	0.379004150452836	0.403103554014192	
0.000165453342157512	0.00144989376153819	0.0107588212755582	0.0518260824131805	0.181371695287192	0.383111567801038	0.371316486119335	
8.7463811847848e-06	0.000231779101396797	0.00226968591745165	0.0138236554625524	0.0620686940778253	0.196592409890408	0.383550680905775	0.341454348263406	
8.76059484438993e-06	0.000328522306664623	0.00308372938522526	0.0168028209115399	0.0730370792176789	0.212330537243479	0.376788803959789	0.317619746380779	
1.30510819346924e-05	0.000369780654816284	0.00435471100554236	0.0212036577832302	0.0849581930342025	0.227389000548145	0.373743833363786	0.287967772528343	
6.49755691859861e-05	0.000766711716394636	0.00543195758394844	0.0263497591572236	0.0976236268496379	0.241180649409155	0.364227050628963	0.264355269085491	
9.52071838147787e-05	0.000930433841826247	0.00746510873093152	0.0324613220815752	0.107471600129828	0.247478091528724	0.35962782646327	0.24447041004003	
0.000112803647896429	0.001375336783968	0.00925857633119151	0.0383141928682063	0.119944986528641	0.258020990155712	0.349517764405243	0.223455349279141	
2.17456541310219e-05	0.000165266971395767	0.00199625104922781	0.0115512914743988	0.0468096950824378	0.131613397062597	0.26357472459129	0.340393422374538	0.203874205739983	
3.50325583839481e-05	0.00041163256101139	0.0032405116505152	0.0149501442903498	0.05264079804168	0.141233759124887	0.270648408864989	0.326175013903547	0.190664699004637	
8.35462296465995e-05	0.000681561347116996	0.00417291431234857	0.0172149204771809	0.0594717239984346	0.15126704453014	0.275808089913332	0.316904040559496	0.174396158632304	
1.32436298140594e-05	0.000114778125055182	0.000957955889883633	0.00537249916123678	0.0205673571012343	0.0659356183009306	0.161912203563419	0.279930603379774	0.304276809521287	0.160918931327365	
2.6569246097642e-05	0.000150559061219971	0.00131517768183328	0.00689471936233809	0.0242178678180007	0.0729370087457102	0.172655817557843	0.280048710284512	0.29378058230931	0.147972987933134	
1.76770578304947e-05	0.000229801751796431	0.00174119019630373	0.0084186987917731	0.0278988165209783	0.0809078936901742	0.179134884789776	0.279659893407341	0.283738874501728	0.138252269292299	
4.40889892158332e-05	0.000396800902942499	0.00221767615755641	0.00973043991993439	0.032145282037264	0.0885350992443147	0.187237119401801	0.282063717407215	0.272496406747379	0.125133369192378	
4.38798569516663e-06	7.02077711226661e-05	0.000592378068847496	0.00304087408675048	0.0112507953224072	0.0371837907808421	0.0973737905614428	0.195927949274885	0.280620461177297	0.259356282498519	0.114579082472191	
1.7561189770607e-05	0.000193173087476677	0.000715618483152234	0.00361321479530238	0.0138645593238942	0.0414707496432883	0.106613983097355	0.202133684557129	0.27963560531226	0.246984963231259	0.104756887279113	
4.41255637040763e-06	2.64753382224458e-05	0.000277991051335681	0.00111196420534272	0.00478762366189228	0.0156336872203542	0.045886173695869	0.114121945407853	0.205576588740921	0.278251392161535	0.236517434010219	0.0978043119500852	
8.7487150324796e-06	4.81179326786378e-05	0.000314953741169266	0.00156601999081385	0.00531484438223136	0.0180442247544892	0.0517399007020844	0.12078913409593	0.210270991448131	0.274963364755801	0.227707180507863	0.0892325189737757	
8.23698231649954e-05	0.000437860638929713	0.00171676052491254	0.00577022287540047	0.0208525710222962	0.0562715949832442	0.127560509305622	0.216012693623275	0.271881109998396	0.215054602522251	0.0843597046825077	
8.61727246092067e-06	9.90986333005877e-05	0.00038346862451097	0.00162004722265309	0.00697137342088482	0.0232838701894076	0.0618504730882581	0.133852093135481	0.222704789480034	0.265140547713838	0.206900711786705	0.0771849094324664	
9.88511774034804e-05	0.000343830182272975	0.0022563855711664	0.00887941445719959	0.0260666256935699	0.0686757810317484	0.140635140304204	0.226644260399789	0.262729238029337	0.194711032221186	0.0689594409321236	
4.30026145589652e-06	9.46057520297234e-05	0.000610637126737306	0.00307468694096601	0.00989490161001789	0.0287730494014036	0.0736032750791248	0.146729221136645	0.229810272464566	0.259039149580295	0.185375670840787	0.0629902298059722	
1.72455420273859e-05	0.000254371744903942	0.000776049391232366	0.00334563515331287	0.0110285241265133	0.0330209015969372	0.078268892491291	0.155546166316007	0.233521884592833	0.251698685889698	0.17423171110268	0.0582899320525644	
3.0032349130349e-05	0.000188774765962194	0.000973906178941317	0.00395139907843592	0.0127551677092182	0.0358543345260466	0.0844552560901314	0.162874010005063	0.235191906710943	0.243708222857192	0.166370633510953	0.0536463562179834	
6.38847008918304e-05	0.000327941464578063	0.00136287361902572	0.00442933926183358	0.0140801880765594	0.0396851761940051	0.0896813431119516	0.169017623659486	0.234529254934028	0.238600839870868	0.158033714086151	0.050187821020622	
0.000123213929122249	0.000335651737953714	0.0015083084427034	0.00534918402637628	0.0159030943691234	0.0456443876055285	0.097156307490982	0.173340754494122	0.234510097169054	0.230945390736862	0.148519520910254	0.0466640890879195	
7.22998145722403e-05	0.000484834050660905	0.0019606008539884	0.00602640219110967	0.0179388598744535	0.0512052804382219	0.104596567034687	0.177011210724189	0.233013796505792	0.224601500433799	0.139547147984962	0.0435415000935645	
4.27456378076617e-06	0.000162433423669115	0.000624086311991861	0.00226551880380607	0.00665549580665293	0.0213129750109001	0.0537782869258192	0.111493447093724	0.18160056766207	0.231300920741038	0.21669473630216	0.133169760025989	0.0409374973283976	
3.43048760093138e-05	0.000137219504037255	0.000724690505696754	0.00235846022564032	0.00849045681230516	0.0242535473385848	0.0576450560241506	0.115568839165877	0.183886999738425	0.23097473017071	0.213492107734463	0.125092730367963	0.037340857536138	
5.5867362286952e-05	0.000240659406774562	0.000880985328371166	0.0028320455190078	0.0101033975951249	0.027284760243066	0.0613079838758197	0.120269538535588	0.188191358608301	0.229580479084119	0.206765107824009	0.119616320145771	0.0328714964717612	
2.14068587575459e-05	5.56578327696194e-05	0.000346791111872244	0.000864837093804855	0.00331378173566811	0.011426981204778	0.0294986513678983	0.0666095817099799	0.124789142441238	0.192400565141071	0.22873656719613	0.201010403733356	0.112167658517789	0.0287579740548872	
3.42650573511397e-05	9.85120398845268e-05	0.000316951780498043	0.00104508424920976	0.00387195148067879	0.0127209025416106	0.033018665889992	0.0715497228813487	0.131038145575096	0.196377326811551	0.223772240163787	0.192308351251103	0.106200262127689	0.0276476181502009	
2.57852688758912e-05	6.01656273770795e-05	0.000395374122763665	0.00137521434004753	0.00502382988598614	0.0144311554808738	0.0355793735039172	0.0768916717879076	0.136532998697844	0.197205736362816	0.221899428856294	0.185065172267084	0.0997073371982586	0.0258067565999544	
4.30737422467264e-05	0.000111991729841489	0.000447966919365955	0.00168849069607167	0.00585372157133012	0.0159889731219848	0.0397053756030324	0.081697966919366	0.143323569951757	0.19763094417643	0.222256202618884	0.177614576154376	0.0903902481047553	0.0232468986905582	
3.01468149889964e-05	7.32136935447056e-05	0.000503882479101797	0.0018949426564512	0.00621024388773326	0.0182129829412094	0.0432908263241988	0.0865256657062753	0.147241351094114	0.201708032403519	0.218056219503267	0.16984284896015	0.085203512534615	0.0212061310008312	
8.58265959455516e-06	0.000150196542904715	0.000716652076145356	0.00232590075012445	0.00722230804881817	0.0202336199941638	0.0471788797912697	0.0925811490464665	0.149471308168975	0.201958562919477	0.213223303637331	0.162924627083441	0.0822562095542167	0.0197486997270714	
3.00150933040615e-05	0.000214393523600439	0.000831846871569704	0.0027828279363337	0.0078125	0.0223312294182217	0.050296720636663	0.0959239503293084	0.152253704720088	0.201658548298573	0.210174259055982	0.158749828485181	0.0774003498902305	0.019539825740944	
8.11508038200673e-05	0.000234910221584405	0.000935369791399723	0.00310935711478995	0.00900346812908957	0.0244648318042813	0.0528761553311807	0.0994268190593341	0.15560453077751	0.205503732936976	0.205636136880051	0.150799548972375	0.0745220644764492	0.01780192370116	
8.56718169707302e-06	8.13882261221937e-05	0.000299851359397556	0.00116942030165047	0.00386808253622847	0.0105076483514601	0.0260913518584359	0.0566590561535924	0.1027376429113	0.161482807808129	0.206576168670673	0.199281213455616	0.144237071051921	0.0698139636494481	0.0171857664843285	
4.28329728224787e-06	7.28160537982139e-05	0.000522562268434241	0.00154627031889148	0.00444177928169105	0.0113978540680616	0.0287152249801897	0.059460732872165	0.10893709977941	0.165275308932816	0.204099115499111	0.194864326558585	0.140736298802818	0.0646906388537896	0.0152356884329557	
1.71414858239912e-05	0.000192841715519901	0.000419966402687785	0.00166272412492715	0.00539528266310124	0.0127532654530495	0.0300190270492646	0.0637834687510713	0.113648051013062	0.168856491480682	0.201960985978265	0.191217559738078	0.135841989783674	0.060505159587233	0.013726044773561	
6.42260757867694e-05	0.0001113251980304	0.00062941554271034	0.00169128666238493	0.00576321986726611	0.0141468636266324	0.0332733889959324	0.0679340612288589	0.117032755298651	0.171903232712481	0.201365874545065	0.188709055876686	0.128323699421965	0.0562663241275958	0.0127852708199529	
4.27780035505743e-06	1.28334010651723e-05	0.00013261181100678	0.000564669646867581	0.00218595598143435	0.00577503047932753	0.0163796975595149	0.0359463563835476	0.0723932154086369	0.121134472654161	0.17244241011272	0.200757170662845	0.183667358244391	0.12289264860009	0.0543537313113597	0.0113575599426775	
3.43893736835318e-05	1.28960151313244e-05	0.000219232257232515	0.000803851609852556	0.00248463224863517	0.00678760263078709	0.0172032841851868	0.0387783174998925	0.077487856252418	0.124708764991618	0.173159093840003	0.200060181403946	0.178820444482655	0.119210763873963	0.0503589390878219	0.00986975024717362	
8.61890643315176e-06	3.87850789491829e-05	3.01661725160312e-05	0.00029304281872716	0.000913604081914087	0.00300799834516996	0.0076837550851548	0.0187461214921051	0.0421550713645453	0.0822028201061849	0.127732193339309	0.175821381783079	0.198321037026822	0.173097807350203	0.113390333034545	0.0472660828794043	0.0092911811349376	
3.00812623816625e-05	3.00812623816625e-05	6.01625247633249e-05	0.000279326007829723	0.00103565489056866	0.0032143977516405	0.00836259094210216	0.0209666398800187	0.0444042405985312	0.0837290451777588	0.133440479925055	0.178558076174351	0.195983721739728	0.167892119998453	0.108451545532288	0.0444171325681233	0.00914470376402539	
3.01027363387332e-05	1.72015636221333e-05	8.60078181106663e-05	0.000421438308742265	0.00114390398087186	0.00359512679702585	0.00862228376559429	0.0226028545994831	0.0475494222424818	0.0880247014453614	0.139311163384752	0.179016672615541	0.193650902867071	0.1643738415822	0.102551421924253	0.0411461401841427	0.00785681418440936	
3.86784019803342e-05	1.28928006601114e-05	0.00012033280616104	0.000498521625524307	0.00159440968163378	0.00380337619473286	0.00966100529464347	0.0246252492608128	0.0525252698892938	0.0908727566526851	0.142439661692911	0.180834422058722	0.190740390565908	0.158955339338513	0.096524100942034	0.0391640308051984	0.00758956198858557	
2.56661433625214e-05	8.55538112084048e-06	0.000153996860175129	0.000658764346304717	0.00166829931856389	0.00380714459877401	0.0109551655252362	0.027860598620017	0.0534155220279675	0.0959699877230281	0.143910065833658	0.182541889284813	0.186601417626652	0.154818176762729	0.092436615320121	0.0383922727797717	0.00677586184770566	
3.82711639536664e-05	8.50470310081475e-06	0.000144579952713851	0.000667619193413958	0.00160738888605399	0.00512408361824089	0.0129484104709905	0.0298557602354102	0.0578404857886411	0.0994454933578269	0.147165382456498	0.179925498800837	0.185742715721794	0.148402816757667	0.0888443809426613	0.0358430712183838	0.00639553673181269	
4.268451448499e-06	4.268451448499e-06	3.4147611587992e-05	0.000149395800697465	0.000610388557135357	0.00186104483154556	0.0055489868830487	0.014926774715401	0.0313645812435706	0.0611711777084392	0.103868497547775	0.146873145891402	0.180376221310671	0.182514715486369	0.146459106100898	0.0855995253481989	0.0326749958382598	0.0059587582221046	
2.12950816879334e-05	7.66622940765601e-05	0.000225727865892094	0.000719773761052147	0.00212524915245575	0.00639278352271759	0.0160139014293259	0.0333566159559788	0.0649712942298847	0.105099746162626	0.149291299681426	0.181676859912435	0.180505630419598	0.142702601407179	0.0808105759893695	0.0306010323855602	0.00540895074873507	
2.12602208511742e-05	0.000170081766809394	0.000216854252681977	0.000744107729791097	0.00256823467882184	0.00723272713356946	0.0166084845289373	0.0356066178815466	0.0667060689426442	0.109026664568992	0.152971541068369	0.1823234019755	0.176702199582449	0.136915822281562	0.0781143034513843	0.0290457137268742	0.00502591620921758	
3.39598933659348e-05	0.000140084560134481	0.000339598933659348	0.000989081894282852	0.00288659093610446	0.00809518958110472	0.0177695142037254	0.0370417536888934	0.0712478562817313	0.113209549522015	0.154695804255175	0.182029273428081	0.173556280033281	0.133339276314672	0.0736674986840541	0.0263486322652947	0.00461005552442565	
1.69904046689632e-05	0.000118932832682742	0.000395026908553394	0.00134224196884809	0.00351701376647538	0.00928100855042115	0.0198193070463456	0.0407090095868358	0.0748129993586122	0.113419446367664	0.156277742145124	0.181589197500711	0.174181381065044	0.127164683744855	0.068475578417089	0.0247040483886725	0.00417539194739771	
8.50955197208867e-06	3.8292983874399e-05	8.50955197208867e-05	0.000408458494660256	0.00133174488363188	0.00418244479428158	0.00976471088797175	0.0221035612475003	0.0435518869931498	0.0774752159298813	0.117057396928052	0.158971195166574	0.181568310428456	0.168982683061737	0.122567331829979	0.0649278815470365	0.0229502616687231	0.00402501808279794	
8.53158606450732e-06	4.26579303225366e-06	3.41263442580293e-05	0.000136505377032117	0.000486300405676917	0.00197506217393344	0.00475209343793058	0.0104554587220537	0.023896972566685	0.0455885301356949	0.0799153666662401	0.122718333951873	0.162300627498155	0.180225489819685	0.16564074344241	0.115927191444525	0.0604590846461311	0.0215209258477197	0.00395439014089914	
1.28282975138759e-05	0	2.13804958564599e-05	0.000136835173481343	0.000846667635915812	0.00196272951962302	0.00504152092295324	0.0119174883903907	0.0256950799202935	0.0477554755449888	0.084311847360364	0.124934789487638	0.162889445732025	0.181097076003387	0.160186951055769	0.112230498849729	0.0572569679035996	0.0202387773777249	0.0034636403287465	
2.13486360356437e-05	0	4.69669992784161e-05	0.000157979906663763	0.000747202261247529	0.00193845615203645	0.00587087490980201	0.0133685158855201	0.0269462484041895	0.0514843706635583	0.0867907449393058	0.128710926658896	0.164418655292113	0.178585610165367	0.1554266097939	0.108365676516927	0.0547763303402546	0.0191796146144223	0.00316386786048239	
4.25162837366711e-06	8.50325674733423e-06	0.000131800479583681	0.000233839560551691	0.000816312647744086	0.00240642165949559	0.006360436047006	0.0140601350317171	0.028762265947858	0.0551393683780888	0.0900154759272802	0.132255403819663	0.164240404074761	0.176744443121716	0.152055237155831	0.104007584905019	0.0527967211441982	0.0169852553528001	0.00297613986156698	
8.51241322658767e-06	0	5.1074479359526e-05	0.000140454818238697	0.000187273090984929	0.00102148958719052	0.002694178786215	0.00720150158969317	0.0148201114274891	0.0302148107477729	0.0575609382381858	0.0937386944511834	0.133789598682278	0.166575158224481	0.174078850483718	0.148081940489719	0.0995313916518764	0.0506403462849701	0.0169609833539759	0.00270269119944159	
8.49679033745003e-06	0	4.24839516872501e-06	1.2745185506175e-05	3.39871613498001e-05	3.82355565185251e-05	8.92162985432253e-05	0.000369610379679076	0.00119379904241173	0.00314806082002524	0.00746867870661857	0.0156086038498957	0.0334985959053967	0.0606628346142245	0.0963026216846586	0.135829690334476	0.16720408865551	0.171176338138268	0.145435311810963	0.0949728739968477	0.0489330155533747	0.0157700428663073	0.00223890425391808	
8.46206245848301e-06	4.2310312292415e-06	8.46206245848301e-06	2.96172186046905e-05	1.6924124916966e-05	3.3848249833932e-05	0.00013962403056497	0.000397716935548701	0.00156125052359011	0.00363445582591845	0.00817012130366534	0.0169960524478631	0.0358072172930708	0.0632666099708482	0.0994800062619262	0.139184003317128	0.16979974529192	0.168665828922483	0.140216374937063	0.0914114297077627	0.0452678031216548	0.0140300995561648	0.00187011580332474	
4.2255068495466e-06	8.45101369909321e-06	1.26765205486398e-05	2.1127534247733e-05	3.38040547963728e-05	2.1127534247733e-05	4.64805753450126e-05	0.000181696794530504	0.00040987416440602	0.00158456506857998	0.00400155498652063	0.00840875863059774	0.0197162149599844	0.0366562719198168	0.0660531230721125	0.103744644170068	0.143785547076372	0.168563919242113	0.167841357570841	0.135828917678676	0.0871806573198455	0.0413677120570612	0.0124779217267111	0.0020493708220301	
8.47680322796667e-06	8.47680322796667e-06	2.11920080699167e-05	1.271520484195e-05	4.66224177538167e-05	2.54304096839e-05	0.000156820859717383	0.00021615848231315	0.000500131390450033	0.00156397019555985	0.00442065288338462	0.0102823623155236	0.0208826047520959	0.0399130279988811	0.0698107129839195	0.107100170383745	0.14641134535344	0.1664038857666	0.164895014792022	0.131971111054599	0.0829412811840399	0.0388830964066831	0.0116216972255423	0.00190304232467852	
4.23719836444143e-06	8.47439672888286e-06	5.50835787377386e-05	4.23719836444143e-05	1.27115950933243e-05	5.50835787377386e-05	0.000114404355839919	0.000220334314950954	0.0005932077710218	0.00184318128853202	0.00469481578780111	0.0112582360543209	0.022537658100464	0.0437744963030444	0.0724815152221351	0.111370521810979	0.146776551344251	0.166869345988432	0.162534692061609	0.127632889133705	0.0791423910510371	0.0355628058727569	0.0106014703078325	0.00181352089998093	
4.25070667998555e-05	1.27521200399566e-05	4.25070667998555e-06	5.52591868398121e-05	7.22620135597543e-05	0.000238039574079191	0.000709868015557586	0.00229113090051221	0.00531338334998193	0.0123355507853181	0.0237104418609594	0.0462306858515228	0.0767380076937791	0.11459055067905	0.147928843170177	0.166007098680156	0.159979596607936	0.123206733119381	0.074710420607426	0.034116171813564	0.00978937748400672	0.00191706871267348	
8.55490538274647e-06	0	8.55490538274647e-06	4.27745269137323e-05	0.000141155938815317	0.000273756972247887	0.000988091571707217	0.00255363925674982	0.00648461828012182	0.0125928207234028	0.0265415939499709	0.0485362556890121	0.0809935667111522	0.114832494952606	0.150005988433768	0.164977072853574	0.155656503439072	0.118596653321014	0.0727851349964069	0.0327952297847586	0.00954299695445368	0.00164254183348732	
1.29462128012152e-05	7.33618725402196e-05	0.000181246979217013	0.000401332596837672	0.000953704343022854	0.00273165090105641	0.00728008699855002	0.0142451494856038	0.0286154456949527	0.0508699855002417	0.0824673755437409	0.11768970517158	0.15074570185735	0.164964958917351	0.149170579299869	0.116101636401298	0.071044500448802	0.0322015466408893	0.00889404819443486	0.00135503693986053	
4.35767822903957e-06	8.71535645807914e-06	7.84382081227122e-05	0.000156876416245424	0.000344256580094126	0.00111556562663413	0.00316803207251177	0.00759543315321597	0.0146592295624891	0.0300287606763117	0.052418511417117	0.0854758584626111	0.123134913717971	0.150819243507059	0.162048980303294	0.148845215269305	0.113042530939515	0.0670515949102318	0.030285863691825	0.00843210737319156	0.00128551507756667	
8.80068645354338e-06	2.20017161338584e-05	3.08024025874018e-05	0.000176013729070868	0.000435633979450397	0.00111768717960001	0.00319904952586302	0.00764779652812919	0.0157136256628017	0.0309168115112979	0.0556819431915689	0.0888473300917472	0.123059998679897	0.15294712987613	0.160735737387516	0.14749510461816	0.109784163164727	0.0645486347935139	0.0286638357791908	0.00784141163010715	0.00112648786605355	
4.425483705369e-06	4.8680320759059e-05	9.73606415181179e-05	0.000287656440848985	0.000460250305358376	0.00115947673080668	0.00365102405692942	0.00796587066966419	0.0171531748420102	0.0318103768741924	0.0590580800481493	0.0895850666477846	0.12706891363226	0.154223681648404	0.16142394363704	0.143297162379848	0.107065727283992	0.0609698890088687	0.0257164858118992	0.00788178647926218	0.0010709670566993	
1.33381350619556e-05	4.00144051858669e-05	0.000160057620743468	0.000302331061404328	0.000462388682147795	0.00147608694685642	0.00411259164410299	0.00867423383529182	0.0178686549379999	0.0336209924461695	0.0591768592248765	0.093718182990321	0.129344341740804	0.154980237329883	0.160204340229149	0.141015209920016	0.102267927565035	0.0595014205113841	0.0251157083216625	0.00715813248324953	0.000786949968655383	
4.48127052982061e-05	0.000120994304305157	0.000313688937087443	0.000636340415234527	0.0019135025162334	0.00479944073743788	0.0096302503685845	0.0191439877033937	0.0360159712481683	0.061079717321455	0.0973556022603528	0.129320504949563	0.154657608525169	0.159210579383467	0.139031418187685	0.0982966690716152	0.0574991821681283	0.0240778665567262	0.00605419648578765	0.000797666154308069	
1.34961266116625e-05	0.000116966430634408	0.000256426405621587	0.00105719658458023	0.00233033119494705	0.00505205006163231	0.00973070728700863	0.0200012596384838	0.0374697461828455	0.0665089119422726	0.0983957604167604	0.131798673780625	0.155079492185743	0.158597482522516	0.133701627632869	0.0973385638321802	0.0537595710031221	0.0221426450608675	0.00583032669623818	0.000818765014440855	
8.13202799224747e-05	0.000131016006541765	0.000555688579470244	0.00122883978549517	0.00227696783782929	0.00479337872209698	0.0108743285429665	0.0215724631461009	0.0412474530940108	0.0698676738333928	0.10083262931054	0.134661865758289	0.155868387644739	0.155384983758533	0.130541638242217	0.0910335355798814	0.0514621838109394	0.0212155574731078	0.00557495696801854	0.000795131625908641	
6.82572113743817e-05	0.000186569711089977	0.00049600240265384	0.00113306970881474	0.00231619470597069	0.00506923556473741	0.0111031730502328	0.0229799278293752	0.0420509926873774	0.0719203483848068	0.104688360325268	0.135872804961844	0.156946081353495	0.153920011649231	0.128009574211515	0.0900358122835678	0.0485217763256688	0.0192212307230259	0.00474160095014038	0.000718975959810154	
4.55309132135263e-06	4.55309132135263e-05	0.000182123652854105	0.000473521497420674	0.00124754702205062	0.00234939512181796	0.00502661281877331	0.0124527047638994	0.0246276709571964	0.0452759400995306	0.0739604154240522	0.107398318088066	0.139192554785071	0.156526173445461	0.150889446389626	0.125851997213508	0.0858212183161758	0.0459133728845199	0.0176614412355269	0.00447113567756828	0.000628326602346663	
9.05022421930503e-05	0.000208155157044016	0.000384634529320464	0.00132585784812819	0.00258836412672124	0.00599124843317993	0.0141183497821159	0.0265262071867831	0.0472512206489916	0.076207413038658	0.109068777178955	0.139052170017512	0.154098167782107	0.149984840874433	0.124037848037685	0.083877478064519	0.0437442587640109	0.0164125816217097	0.00452963722176217	0.000502287444171429	
4.49072889020617e-06	1.34721866706185e-05	4.04165600118555e-05	0.000161666240047422	0.000476017262361854	0.00111819149366134	0.00286059430306133	0.00681692645533296	0.015268478226701	0.0279592780704236	0.05009857149914	0.0798227060234147	0.111706881143878	0.140231991054468	0.152581495502535	0.148400626905753	0.120405423004208	0.0791086801298719	0.0425316933191426	0.0159061617291103	0.00381262882778504	0.000673609333530925	
1.34747886703977e-05	2.69495773407954e-05	4.04243660111931e-05	4.94075584581248e-05	0.000197630233832499	0.000467126007240453	0.00136544525193363	0.0034764954769626	0.00760876400255123	0.0164841581401198	0.0299185224445063	0.0523854867542827	0.0821063789649566	0.114567144871945	0.140483655081343	0.153482334552053	0.145635515949658	0.11498935491695	0.0764379845309426	0.0398988492530475	0.0156307548576613	0.00417269289159982	0.000561449527933237	
1.80148532465017e-05	4.50371331162544e-05	2.70222798697526e-05	4.50371331162544e-05	0.000238696805516148	0.000558460450641554	0.00163935164543166	0.00421547565968141	0.00841293646611631	0.0175059336422881	0.0312287481028108	0.0546390498966398	0.085525515787767	0.116439003958764	0.14202910299542	0.152774962956958	0.14402424799247	0.111903764653957	0.0720008647129558	0.0377816509712258	0.0145199717166804	0.00393174172104901	0.000495408464278798	
2.2483429712302e-05	2.2483429712302e-05	2.69801156547624e-05	5.39602313095249e-05	0.000251814412777783	0.000759939924275809	0.00181216443481154	0.00420440135620048	0.00943404710728193	0.0183779554468357	0.0342377667658935	0.0569865009488007	0.0880046405798926	0.119737753275836	0.143547705341164	0.151506839459318	0.139149946489437	0.107515760884228	0.0699774266365688	0.0370571888518162	0.0134630777117265	0.00339949457250007	0.000449668594246041	
8.96177801675852e-06	3.58471120670341e-05	3.13662230586548e-05	1.7923556033517e-05	0.00012098400322624	0.000295738674553031	0.000842407133575301	0.00189093516153605	0.00453914056548819	0.0102209078281131	0.0197114307478604	0.0364475511941569	0.0604382309450195	0.0905677286373616	0.120979522337232	0.142662544248779	0.150212842227898	0.135932248958193	0.105139579692611	0.0689608818389569	0.0344669982524533	0.0129318456781826	0.0032620871981001	0.000282296007527894	
4.01130296034158e-05	0	8.91400657853686e-06	4.45700328926843e-05	5.34840394712211e-05	0.000218393161174153	0.000913685674300028	0.00206804952622055	0.00497847267411283	0.0109196580587076	0.0208454043839084	0.038089550110088	0.0612080261715233	0.0939892853640926	0.121190376438498	0.144843692894645	0.149340809213517	0.133616501608978	0.102448677607124	0.0675414278455738	0.0318809445281371	0.0125598352691584	0.00291488015118155	0.000285248210513179	
8.93878718535469e-06	8.93878718535469e-06	1.3408180778032e-05	0	4.46939359267735e-06	0.000102796052631579	0.000397776029748284	0.00079108266590389	0.00235090102974828	0.00576998712814645	0.0113388515446224	0.0225078661327231	0.04019772597254	0.0640285326086956	0.0940583881578947	0.124579877002288	0.145581557494279	0.146739130434783	0.13256221395881	0.0997658037757437	0.0630139802631579	0.0309818363844394	0.0118885869565217	0.00294979977116705	0.000357551487414188	
8.94762507661404e-06	0	4.47381253830702e-06	0	4.47381253830702e-05	0.000138688188687518	0.000357905003064562	0.00105134594650215	0.00313166877681491	0.00608885886463585	0.0122135082295782	0.0237783136411018	0.0412888159160355	0.066082685003333	0.0953056285035544	0.128921855916393	0.143725701605651	0.148226357019188	0.129297656169611	0.0973009488956394	0.059452494821562	0.0297061152543586	0.010768466779705	0.00289903052482295	0.000205795376762123	
4.47886201074031e-06	0	0	4.47886201074031e-06	8.95772402148062e-06	4.92674821181434e-05	0.000214985376515535	0.000461322787106252	0.00108388460659916	0.00349351236837744	0.0062883222630794	0.0127065315244703	0.0250547540880813	0.0431627931975044	0.0686027294185093	0.101876195296299	0.129389844628277	0.145325635662491	0.144497046190504	0.127611736410013	0.0938859054691384	0.0567203085040153	0.0268104679962915	0.0101401435923161	0.00237827572770311	0.000228421962547756	
3.15611022940413e-05	1.35261866974463e-05	4.05785600923388e-05	0.000189366613764248	0.000500468907805511	0.00160059875919781	0.00354386091473092	0.00680367190881547	0.0130662963497331	0.0264527124513057	0.0441404559226663	0.0733389842735536	0.104593493002453	0.130324808829895	0.142832022796133	0.144098975616794	0.123444488529794	0.0914730919059299	0.0555655749531092	0.0256050714182658	0.00959908382628769	0.00250234453902756	0.000238962631654884	
