# <P(N_2)> as a function of N_tot.
# number_of_species: 2
# species_total_upper_bound: 100
# species_total_lower_bound: 0
# volume: 512
# Bin widths for each species index 
1	1	1	1	1	1	1	1	1	1	1	1	1	1	1	1	1	1	1	1	1	1	1	1	1	1	1	1	1	1	1	1	1	1	1	1	1	1	1	1	1	1	1	1	1	1	1	1	1	1	1	1	1	1	1	1	1	1	1	1	1	1	1	1	1	1	1	1	1	1	1	1	1	1	1	1	1	1	1	1	1	1	1	1	1	1	1	1	1	1	1	1	1	1	1	1	1	1	1	1	1	
# Bin lower bound for each species index 
0	0	0	0	0	0	0	0	0	0	0	0	0	0	0	0	0	0	0	0	0	0	0	0	0	0	0	0	0	0	0	0	0	0	0	0	0	0	0	0	0	0	0	0	0	0	0	0	0	0	0	0	0	0	0	0	0	0	0	0	0	0	0	0	0	0	0	0	0	0	0	0	0	0	0	0	0	0	0	0	0	0	0	0	0	0	0	0	0	0	0	0	0	0	0	0	0	0	0	0	0	
# Bin upper bound for each species index 
0	1	2	3	4	5	6	7	6	5	6	6	6	7	6	6	7	7	7	8	8	8	9	9	9	9	9	9	9	10	10	11	10	10	11	11	11	11	11	12	12	12	13	13	13	13	13	12	13	13	14	14	13	14	15	15	15	15	16	16	16	16	17	15	16	16	16	16	17	16	16	17	17	18	19	19	19	19	19	19	19	20	20	20	20	19	19	19	19	20	19	21	22	22	22	23	23	24	24	25	20	
# Normalized histogram for each species index 
1	
0.920679643236408	0.0793203567635919	
0.846321728617044	0.147974083144744	0.00570418823821186	
0.77949619724611	0.202564994780534	0.0174106477108913	0.000528160262464582	
0.718859116911419	0.246793046234615	0.0325586290582204	0.00174587058269978	4.33372130457393e-05	
0.661557466213517	0.283658957796857	0.0504507937288354	0.00417913749976953	0.000135207389698426	1.84373713225126e-05	
0.612817268965854	0.311820465338003	0.0675638510478356	0.00743171803475062	0.000305580511297312	3.05580511297312e-05	3.05580511297312e-05	
0.562518764513777	0.337246564179232	0.0864668794843358	0.0128058232796387	0.000839424779574406	6.73990698928355e-05	1.22543763441519e-05	4.28903172045317e-05	
0.517565852977423	0.355390564766305	0.106773188929293	0.018473437224917	0.00174231892328333	4.85663811368176e-05	6.0707976421022e-06	
0.477353744820223	0.368570894329539	0.125979407560212	0.0252429292655122	0.00259365820410281	0.000259365820410281	
0.435602691984137	0.376937868044706	0.148263429876217	0.0336978728518207	0.00499339021752193	0.000492729239274126	1.20177863237592e-05	
0.403771068849938	0.378398346928723	0.165205012073667	0.0438976921875563	0.00764064921491128	0.000985115150350196	0.000102115594853374	
0.370761581372787	0.385041232112539	0.180608780014553	0.0520070337133155	0.0100048508367693	0.00142493330099442	0.00015158864904196	
0.341922119455599	0.383890877594655	0.197172605527593	0.0620900187160431	0.0127135839708296	0.00203514255083314	0.000169595212569428	6.05697187747957e-06	
0.317939219652475	0.376861306753101	0.212304730338995	0.073708965954232	0.0160602441936978	0.00291838276509151	0.000207150342407331	
0.287253960341872	0.375287223566314	0.226702977399001	0.0856990018601145	0.0207165696084033	0.00403632694248234	0.000303940281813429	
0.263437545335848	0.364052903912181	0.240612457082064	0.0994245369698728	0.0266332994825669	0.00510179409062334	0.000683060109289617	5.44030175540403e-05	
0.245072193871381	0.358768471714997	0.246366120879387	0.107855467143928	0.0333821075289622	0.00760030957505986	0.000840447916414734	0.00011488136986964	
0.223982051765335	0.348853611231023	0.258285554467907	0.119284016221507	0.0385108802052617	0.009557799760447	0.00142880594383273	9.72804046864835e-05	
0.204840145887462	0.340548419755797	0.262664519827765	0.132469718593333	0.0459740671619034	0.0113196960271282	0.00201266147034069	0.000164672302118784	6.09897415254754e-06	
0.191533149850101	0.326331891679363	0.269849363542537	0.141077308694156	0.0525876050523419	0.0149837813928343	0.00310242296161596	0.00050990317982995	2.45736472207205e-05	
0.175097924312988	0.316991024889739	0.275514295407581	0.151176633871017	0.0597292045769978	0.0166980230083583	0.00391697251950776	0.000771057582580267	0.000104863831230916	
0.160493903456459	0.304969316433167	0.279390407445632	0.162187216107482	0.0660453733630796	0.0203939114904241	0.00530241698751027	0.00110621519902604	9.26995976837461e-05	1.85399195367492e-05	
0.14798119966969	0.292274355678904	0.279862909084136	0.173803714120737	0.0733510905805875	0.0242578898678141	0.00691042524260994	0.00139077740731772	0.000130385381936037	3.7252966267439e-05	
0.13892720778421	0.282842714620027	0.27848873013918	0.178513363714743	0.0824301022293386	0.02827934474689	0.00864638502278606	0.0016812415322084	0.000166276635053578	2.4633575563493e-05	
0.125803957187745	0.273351580911233	0.2820232717989	0.186155979968578	0.0879320502749411	0.0321091908876669	0.00991751767478397	0.00231367831893166	0.000374361743912019	1.84112333071485e-05	
0.114509545512785	0.260007687661304	0.280776575818034	0.195315407659595	0.0971512943947187	0.0370411045827003	0.0113240471265841	0.00317878693585684	0.000634537123472382	6.10131849492675e-05	
0.103971004199983	0.245796955930792	0.280198856331199	0.203325700711426	0.106438341067996	0.0418345231243954	0.0140570854812837	0.00346529197840009	0.000704078758862209	0.00020816241566361	
0.0987380229025473	0.2354276085165	0.277087612698491	0.206799424361324	0.113903888021058	0.0464262432196406	0.0154303145102766	0.00479083898107034	0.00108854749634076	0.000307499292751627	
0.0914250839182179	0.227714372902045	0.273457430576747	0.209380530973451	0.120921574610925	0.0517363442172719	0.0180347879157766	0.00529752822703692	0.00168446750076289	0.000311260299054013	3.66188587122368e-05	
0.0851536580049887	0.216761920906691	0.269210277771051	0.215139369868985	0.128260237812704	0.0562565083670356	0.0208873174630083	0.00604218632698036	0.0018162884750442	0.000417746349260165	5.44886542513259e-05	
0.0768371812283084	0.207140485891052	0.265193903727177	0.222616568583069	0.134474121020069	0.0614757808963332	0.0228640410442131	0.00726120416478044	0.00165384035008299	0.000398370303304663	7.84668779236457e-05	6.03591368643428e-06	
0.0688684183609004	0.194409179246816	0.263837161027912	0.226936059349823	0.141280738383042	0.0681945355322772	0.0248073116286906	0.0088988634244078	0.00235257308921126	0.000324907792371887	9.02521645477464e-05	
0.0632649377218846	0.186009988567302	0.258655755460617	0.230699801432096	0.147120765389013	0.0736566580420001	0.0274264396173055	0.0095493110295445	0.00296046693543535	0.000547566038871172	0.000108309765930561	
0.0587462485084431	0.174141526148951	0.250605662492316	0.233339761591958	0.157339665168079	0.0782118191570142	0.03287451637398	0.010648812178336	0.0031518555570287	0.000644834693311799	0.000277218653199465	1.80794773825738e-05	
0.0534133479682169	0.167010665966737	0.2437841513756	0.23491970698418	0.163198835572311	0.0840213319334749	0.0360364122264907	0.0127896155956954	0.00370445489035768	0.00088883056145458	0.000202820396573528	2.98265289078718e-05	
0.0496069683450181	0.158180487689729	0.237713334749664	0.235647853079338	0.169829804310365	0.0890930765054411	0.0393798833888063	0.0144347661874749	0.00438472251729103	0.0013160068928074	0.000342279819653943	7.08165144111607e-05	
0.0459899771460129	0.148703667800553	0.230419890606365	0.234561808578764	0.175065066300063	0.096309874214945	0.0459312265364753	0.0155982868322259	0.00534043040696547	0.00159214151846825	0.000334878474364172	0.000152751584797692	
0.0432526659998011	0.139035618810288	0.225581898694932	0.232782876764415	0.175982310513662	0.105236064557266	0.0511088102299516	0.0180580173034063	0.00624162761993343	0.00205909364781309	0.000567420692721221	9.35951658096859e-05	
0.0406887964855404	0.133659877369794	0.21701082998567	0.230389738529847	0.179810651443607	0.112187845044283	0.0543848521154885	0.0216423520567576	0.00689501256842155	0.00246669955599408	0.000663659642446026	0.000193812107970963	5.87309418093829e-06	
0.0363559327020967	0.126021738234931	0.212874637352808	0.230711288699531	0.183474469049202	0.115240891891415	0.0585767164319636	0.0244805244481584	0.00893892226845014	0.0025010151179008	0.000688514750104454	9.41558632621476e-05	4.11931901771896e-05	
0.0322131659962963	0.119988440533623	0.206737517545619	0.229048467191168	0.186950777904906	0.120837707451138	0.0619493034831739	0.0274891187676193	0.010491985043466	0.0029842295851567	0.000979016029913068	0.000271293598650609	5.89768692718716e-05	
0.0287278829452115	0.112509200105985	0.201313039126211	0.227632702328731	0.191479965849207	0.125574822621957	0.0678364294756676	0.0291812641681632	0.0109047016221627	0.00335031059557806	0.000971531192039332	0.000429828951629523	7.06568139664969e-05	1.76642034916242e-05	
0.0279853393237172	0.106337195554505	0.192131709624025	0.223019626389217	0.195424450224639	0.131898794041144	0.0726767557342161	0.0327027666114921	0.0124911326554741	0.00365925750768503	0.00111728541026247	0.000407897848191062	0.000135965949397021	1.18231260345235e-05	
0.0253951309195505	0.100151232096789	0.185149601162411	0.222323043620081	0.196317053642914	0.136529964712511	0.0776265456809892	0.0359576550128992	0.0139430062568573	0.00470302167660054	0.00136405420632803	0.000427008273285295	8.30293864721407e-05	2.96533523114788e-05	
0.0221201879384389	0.0916764180026492	0.178292041127868	0.222158203299021	0.198113487731136	0.141892333370953	0.0814954292468801	0.0404566595189869	0.0159189322435597	0.00576764298824494	0.00146715532244748	0.000487071807452199	0.000100978301544968	5.34591008179242e-05	
0.0204833865549211	0.0858865845985826	0.172188653711464	0.218681370861477	0.201278505205427	0.145864741984117	0.085631358396942	0.0436021320291077	0.0178777051009627	0.00620852574223341	0.00176284143923836	0.000445161979605646	7.71614097983119e-05	1.18709861228172e-05	
0.0192270263575401	0.081419968977252	0.164538521878115	0.213708987750143	0.202750762298514	0.148938679940785	0.0922661350728091	0.0469410744722889	0.0200822161801914	0.0071069223192748	0.00218810637381822	0.000678253997275188	0.000153344381992651	
0.0196522786020325	0.0768150325177343	0.159177555091298	0.211837399525513	0.20081914002101	0.152662205068281	0.0955820733449004	0.0503523246343968	0.0218181603578721	0.00758353693802155	0.00262030381360433	0.000867533019369002	0.000206555480802143	5.90158516577553e-06	
0.0179249992658503	0.0736322790943529	0.150665139635274	0.207253399113147	0.206765923707162	0.155886412357208	0.0987343259037383	0.0529057645435057	0.0231815111737586	0.00888614806331307	0.00297771121487094	0.000898599242357502	0.000205561918186357	8.22247672745426e-05	
0.0171208555145354	0.0692581745188611	0.144884579491363	0.200625671305399	0.207504534062696	0.161659144133304	0.102237978130851	0.0557176144667414	0.0253379270676206	0.0103182941359456	0.00376811424077194	0.00117973670155009	0.000293466841181615	8.21707155308522e-05	1.17386736472646e-05	
0.0153041786093185	0.064030198057524	0.140650735315667	0.194271043978266	0.205202600127779	0.165215964174975	0.109227640131999	0.0594289800535734	0.0284044617161078	0.0114063315104304	0.00463638654920373	0.00166464447531461	0.000492359633543758	5.86142420885427e-05	5.86142420885427e-06	
0.0135538991632093	0.0594484682277383	0.134970583409512	0.191119939994843	0.201884536952394	0.169455968872325	0.114039097109908	0.0643473267233903	0.0302721327614092	0.0129679113048778	0.00550242598973349	0.0018224222394112	0.000457070529498629	0.000158216721749525	
0.0128070236967933	0.0558984790563369	0.126953787161412	0.187060872818247	0.20179099591999	0.172903587837127	0.117718233788097	0.0687288839009107	0.0340254153076375	0.0138065677644116	0.00578098878873964	0.00173605022270543	0.000625445703129567	0.000111060451957587	5.26075825062252e-05	
0.0114818049490539	0.0544221251819505	0.122061135371179	0.182427947598253	0.199598253275109	0.173443959243086	0.121467248908297	0.0734963609898108	0.0364890829694323	0.0164599708879185	0.00572343522561863	0.00225909752547307	0.000541484716157205	0.000110625909752547	1.16448326055313e-05	5.82241630276565e-06	
0.00995746722284952	0.0506824550831642	0.118916262498025	0.178064319855845	0.199336558881862	0.173787640337688	0.124532695244169	0.0782380782439287	0.0387884886530507	0.0173114838498306	0.0068099247046985	0.00252739473576439	0.000819063108812534	0.000175513523316972	1.75513523316972e-05	3.51027046633943e-05	
0.00924647920273242	0.0474722781078931	0.114665699714593	0.17262433911945	0.198404529078744	0.175472558835914	0.126520610115566	0.0824287652645862	0.0421676882047443	0.0189491414401348	0.00768492958405465	0.0030997052355776	0.000941608571562251	0.000286576521779816	2.33940017779441e-05	1.16970008889721e-05	
0.00923228975901863	0.0439754658294817	0.108398011685707	0.167907909653789	0.196447777680881	0.17907618964565	0.132135693729833	0.08388709630534	0.0443068515450132	0.0212435685009157	0.00865091131071771	0.00330804337083224	0.00109299148280573	0.000290689224150461	4.06964913810645e-05	5.81378448300921e-06	
0.00785309812877217	0.0406927970545056	0.102935008039522	0.164250926292732	0.193432060214853	0.179514366275954	0.139409969007061	0.0872462890033323	0.0473050124670846	0.0229301144175425	0.00897164029548156	0.00373429962948291	0.0011767995712255	0.000442756274322466	6.99088854193368e-05	0	3.49544427096684e-05	
0.00761727984310155	0.0385650328914727	0.0970108743236381	0.158707922554736	0.190980673706084	0.182295223586134	0.14210166879717	0.0902808178798863	0.0517799919449455	0.024492035418892	0.00988203430986277	0.00397499430892885	0.00166938086982915	0.00050781865620677	9.92289328220125e-05	0	3.50219762901221e-05	
0.00721547857230353	0.0377281450328692	0.0919696448257961	0.154978213571166	0.186855812922531	0.183151828368439	0.143971254746642	0.0956327980540957	0.0532323827411819	0.0276544736550453	0.0111119536622783	0.00383231157801408	0.00175574700910539	0.000699965585025403	0.000174991396256351	0	3.49982792512701e-05	
0.00681775874906925	0.035519825018615	0.0888984549516009	0.148588747207744	0.186813570364855	0.180240134028295	0.145895383469844	0.0990727382725242	0.0572587025316456	0.0301854523454952	0.0131294210722264	0.00506678145941921	0.00159391288160834	0.000680612434847357	0.00018033320923306	5.81720029784066e-06	5.23548026805659e-05	
0.00604028413870455	0.0332157210954295	0.0853467613795682	0.146100102813347	0.183457566127675	0.180782082437611	0.145702869427049	0.103356622114216	0.06060729974764	0.0315800542106739	0.0154979437330592	0.00553205907094121	0.00191606692214226	0.000665950088793345	0.00017525002336667	1.16833348911113e-05	5.84166744555566e-06	5.84166744555566e-06	
0.00566801619433198	0.0314216642880028	0.0816881717298226	0.142801386421227	0.18028136195497	0.181679433780911	0.147910173885183	0.104418489499898	0.0647423761395742	0.0329595432965369	0.0167826872105554	0.00639617860367576	0.00226604141787784	0.000710686511519529	0.000209710773891009	6.40782920222526e-05	
0.00487776518124473	0.0298363419668033	0.0790093311240952	0.138275050143891	0.176378593645534	0.181698206447487	0.151949071247929	0.108252667073632	0.0663003982442371	0.035347809656696	0.0170983401645301	0.00729629952617657	0.00265689950873521	0.000726723060376152	0.000197668672422313	9.30205517281474e-05	5.81378448300921e-06	
0.00453999895632208	0.0271704152098662	0.0744374286095311	0.134211182429102	0.174502948390127	0.180886778340204	0.154052659349325	0.112369322826976	0.070175743765474	0.0368476288217456	0.0182237761426824	0.00807690746635588	0.00299767491752045	0.00104947613166577	0.000347892640331194	9.85695814271716e-05	1.15964213443731e-05	
0.00439214961048568	0.0253993388659007	0.0684192884717631	0.128366351510668	0.175460597794679	0.181135717422964	0.154493862548834	0.112930257287501	0.0739672669271134	0.0405522550220763	0.020059409602626	0.0093159804896091	0.00363508171709933	0.00137543632538894	0.000352527797683719	0.000132920317159435	1.15582884486465e-05	
0.00434050794895148	0.024060133039739	0.0656667550523974	0.122779308516157	0.169383567171234	0.182289805282392	0.157981807910907	0.115695000057643	0.0764113856192573	0.0439526867340704	0.0214662039865807	0.00993186613020371	0.00423098650004035	0.0013430788208575	0.000357385780657359	6.34071546327573e-05	4.61142942783689e-05	
0.00421838662581006	0.0223730300249872	0.0621562822798908	0.116112390284438	0.165792404595791	0.180213400735188	0.161770221999088	0.121883097022892	0.078406592455378	0.0455712711135733	0.0236598976276625	0.0103584185955254	0.00487047648725539	0.00200243523824363	0.000490510072768612	8.65606010768139e-05	2.88535336922713e-05	5.77070673845426e-06	
0.00370579882476536	0.0205608339779037	0.0584096235323998	0.113084586878471	0.160024705325498	0.180406598861708	0.162443287424528	0.125062051927362	0.0834381962803477	0.0473095438750418	0.0258597799609794	0.0119947818658293	0.0048660255596218	0.00181826577850637	0.000877385391533231	0.000115445446254373	2.30890892508745e-05	
0.0032728028352747	0.0193886150329589	0.0549623079320735	0.109347401960218	0.156448056520785	0.178243653533126	0.163888343742424	0.128660979185667	0.0863916050009813	0.0506505200697274	0.0268981679230689	0.0132586033732381	0.00593375893238516	0.00176627454602126	0.000750378075107073	9.8126363667848e-05	4.04049732749962e-05	
0.0029720842531273	0.0170621780721118	0.0530836092715232	0.105661331861663	0.152737536791759	0.176945364238411	0.163608351729213	0.130949917218543	0.0897488962472406	0.0540896339220015	0.0291747148638705	0.014199319352465	0.00626609639440765	0.00233397718910964	0.000810568432671082	0.000229948491537896	0.000120722958057395	5.74871228844739e-06	
0.00260206318801782	0.0169278345757079	0.0505065657381551	0.101468925249821	0.14931573238559	0.174170916895525	0.166347418707161	0.132878308832014	0.0929415430061619	0.0567492095728232	0.0298169901456232	0.0149084950728116	0.00708499688444762	0.00281553622118114	0.00107313470725347	0.000184625325979091	0.000155777618794858	5.19258729316194e-05	
0.00223984852158452	0.0155346195143916	0.0484800203202752	0.0951877893618741	0.147085310519206	0.171879510004272	0.168635193331255	0.135337651391823	0.094951104337686	0.0594252594876058	0.0332917691339637	0.0155865747636036	0.00751041991386974	0.00311154214725272	0.00120074353734428	0.000375232355420087	7.50464710840174e-05	4.61824437440107e-05	4.61824437440107e-05	
0.00204507224001659	0.0141945295757771	0.0442369288199645	0.0917286909233357	0.141190635297371	0.169401110675853	0.170265225706846	0.139583381339724	0.0989757356499297	0.0623084545014632	0.0353019793994977	0.0168156785031223	0.00827822199691223	0.00349102472521142	0.00152660322142084	0.000460861349862894	0.00012097610433901	2.30430674931447e-05	2.30430674931447e-05	2.88038343664309e-05	
0.00224933151244592	0.0131287512767252	0.0407863479348612	0.086117263619358	0.135464842718937	0.170191766987617	0.169210553496219	0.143521121911473	0.103819273098684	0.0651330663208511	0.036362280087678	0.0194750794725547	0.00842925508107922	0.00392485396559441	0.00145747501061547	0.00044183297565902	0.000189356989568151	4.016663415082e-05	1.72142717789228e-05	4.016663415082e-05	
0.00189061988196556	0.0122574231253268	0.0386686358229368	0.0818195923386796	0.130596435980393	0.166684864122471	0.168920277903883	0.146347770620112	0.106788417223605	0.0692863340937954	0.0390536556773189	0.0206589011418425	0.0101656734686841	0.00443060160788888	0.00154007941752817	0.000448232069280588	0.000264341989575731	0.000143664124769419	1.14931299815535e-05	2.29862599631071e-05	
0.00185974205435283	0.0111296637494242	0.0358302625518194	0.0788116075541225	0.126543067710732	0.16333486872409	0.168010133578996	0.148122984799632	0.111020267157992	0.071672040534316	0.0428201289728236	0.0218735605711654	0.0111296637494242	0.00492284661446338	0.00185974205435283	0.000639106402579456	0.000213035467526485	0.000155458314140949	4.03040073698756e-05	1.15154306771073e-05	
0.00199090531369743	0.0100410876690827	0.0346302109782559	0.0746387516735146	0.123032177646461	0.160264992382623	0.165545219518951	0.149052444485481	0.115201283412585	0.076727759567887	0.0450752504501177	0.0227828816767462	0.0119685148423434	0.00542449563732053	0.00251604265731037	0.000680947324684918	0.000288537001985135	7.5019620516135e-05	5.77074003970269e-05	5.77074003970269e-06	
0.00176417159625507	0.00975243374167404	0.0325876845684475	0.0733441240858913	0.119986957939354	0.157348968279845	0.163736084587079	0.149494620149984	0.115305789743351	0.0808491313056034	0.0477781918114491	0.0256649121989846	0.0121687083702082	0.00613675532162653	0.00264916856863384	0.000937398108901206	0.000256183334109646	0.000168848106572267	5.82234850249196e-05	1.16446970049839e-05	
0.00139882241393438	0.00861534139460839	0.0326586990366269	0.0717028175443936	0.1171323555233	0.150458275292933	0.165716559950368	0.150458275292933	0.116652424820611	0.0820915614135715	0.0502873731402685	0.0275784569642627	0.0140584579007129	0.00707019864448841	0.00255182666307694	0.000860363576771354	0.000403844127872268	0.000187290030317574	9.9497828606211e-05	1.75584403422725e-05	
0.00130552158836491	0.00815212575540078	0.0304877688576981	0.0680702500575965	0.113911189087966	0.149869152474288	0.163574175483368	0.14937293612396	0.122175554255941	0.0845576290310194	0.0521145314595259	0.0298379617322676	0.0141362586468653	0.00766772408007987	0.00300683478949203	0.00107513542571228	0.000395791612762212	0.000171312787613495	0.000100424737566531	1.18146750078272e-05	5.90733750391361e-06	
0.00127729928793549	0.00781898162240884	0.0287989208611623	0.0646647686237996	0.110892259208194	0.148477089190109	0.162569162175229	0.152649202284814	0.121450868742576	0.0872920658226942	0.0546731844742481	0.0310550850239643	0.0156558693096018	0.00750860983281704	0.00340812099724843	0.00110420732835545	0.000441682931342179	0.000190998024364185	2.9843441306904e-05	2.9843441306904e-05	1.19373765227616e-05	
0.0012248941727461	0.00817196553484043	0.0259929748716563	0.0603140292413462	0.108937524392807	0.143522771623285	0.16318712660242	0.153700201146837	0.125479600108079	0.0890630160016812	0.0581464469062416	0.0313488846858207	0.0171064877360473	0.00791377705725179	0.00368669128463779	0.00121888978954637	0.0004863550391786	0.000318232309585998	0.000108078897595245	6.60482151970939e-05	6.00438319973581e-06	
0.000864553314121037	0.00762487992315082	0.0252701729106628	0.059426032660903	0.102485590778098	0.142399135446686	0.161053073967339	0.155007204610951	0.128986551392891	0.0927653698366955	0.0587836215177714	0.0329911143131604	0.0172670509125841	0.00835134486071086	0.00417867435158501	0.00151897214217099	0.000432276657060519	0.000342219020172911	0.000180115273775216	5.40345821325648e-05	1.80115273775216e-05	
0.000881025368703082	0.00631803808926115	0.0247712954693572	0.057127857298028	0.0982403630307273	0.139515798112433	0.160062999348283	0.154251852567042	0.129160732820005	0.0975101981703638	0.0605192015255015	0.0355789422868039	0.018700668613773	0.0094499022423906	0.00485770836853412	0.00203963407275097	0.000500856887687369	0.000337927538680634	0.000114653986338072	6.03442033358276e-05	
0.000845645529555311	0.00587723643040941	0.0231163245829155	0.0544233301520954	0.0970015825652053	0.133750921149595	0.158522294840354	0.154590043127922	0.131340831390362	0.0983183734612272	0.0662684078910808	0.0373775324063448	0.0200357587252498	0.00980948814284161	0.00501951025043188	0.00242821073486597	0.000942290732933061	0.000205371057177718	0.000108725853799969	1.81209756333281e-05	
0.000809155010981389	0.00549982052576824	0.0210380302855161	0.0523517208232696	0.0903941740839209	0.131661079643972	0.154414761907659	0.155990484823781	0.134818609348478	0.100651582719369	0.0699462794079175	0.0411452281147905	0.0211901270920916	0.0108171248836459	0.00492793653304455	0.00240921341615511	0.00122285832486661	0.000492793653304455	0.000109509700734323	0.000109509700734323	
0.000706097613390067	0.00471550406159627	0.0190400756445443	0.0484505762370523	0.0905155740573597	0.128675545076658	0.15289776320556	0.156735250234854	0.136958377080685	0.104072648234449	0.0719421368355775	0.0418193986504326	0.0228345828191101	0.01106424260286	0.00525582223532084	0.00236389201004501	0.00120957591163342	0.00043593852652778	0.000214899273640455	9.20996887030522e-05	
0.000606662254577542	0.0044182170257617	0.0172745545015565	0.0464065985244013	0.0866546559796063	0.126792411206706	0.149925239600951	0.156120548079516	0.139857097335588	0.106392626908841	0.0739208765350393	0.0446049954653528	0.0247383386033287	0.0126970120351987	0.00507390249283036	0.00246341642767851	0.00128685932789176	0.000520871632718092	0.00017770914528029	6.12790156138932e-05	6.12790156138932e-06	
0.00056071918330032	0.00448575346640256	0.0166082584184062	0.0435410635380162	0.0850586621971659	0.125101325613287	0.149492610086851	0.153332317537711	0.138576870333689	0.109193966174006	0.0750754228249276	0.0470333688861801	0.026597592564376	0.0143836660063995	0.00610086850525674	0.00265122657321347	0.0014749352430291	0.000390065518817614	0.000225506628066433	0.000115800700898979	
0.00068403593307344	0.00392261313833265	0.0154785830165379	0.0423981210198794	0.0801835395530158	0.121637327780334	0.148060485726047	0.151280902685295	0.139204339088114	0.112478510375554	0.079535824111964	0.0495048306254389	0.0282694496234776	0.0156117581539505	0.00687062640741907	0.00294801326908642	0.00113198866800649	0.000526647134313179	0.000199762706118792	4.84273226954648e-05	1.81602460107993e-05	6.0534153369331e-06	
0.000610626103359048	0.00451016904065198	0.0157674542332713	0.039787429566395	0.0772290875674107	0.116436120045464	0.146121012792919	0.152469105946652	0.138799545355614	0.115341829701821	0.0821382796062973	0.0511354018040676	0.0296909385504583	0.0164264467606588	0.0077809484655752	0.00347029092404053	0.00143285531184252	0.00046552683127373	0.000266015332156417	4.83664240284395e-05	1.81374090106648e-05	3.62748180213296e-05	1.81374090106648e-05	
0.000604459703693853	0.0041889057465984	0.0146158356353174	0.0381232735119713	0.0728797064743679	0.112774046918162	0.144556538138385	0.151991392493819	0.13970877131476	0.115905148183296	0.0866492985245139	0.0541716786450431	0.0307730435150541	0.0174749300337893	0.00844430206060313	0.00440651123992819	0.00176502233478605	0.000568192121472222	0.000259917672588357	6.04459703693853e-05	2.41783881477541e-05	3.02229851846927e-05	2.41783881477541e-05	
0.000577745948255628	0.00363498492444166	0.0137335026449932	0.037342850092981	0.0707317513525875	0.107773692097519	0.139609901121188	0.151152783712379	0.142306048879714	0.118883265227518	0.0877752568261286	0.0577926493864458	0.0339907199557061	0.0180786336308324	0.00946058990268592	0.00415856719004833	0.00184156521006482	0.00074625518316352	0.00026480022628383	6.01818696099613e-05	3.61091217659768e-05	1.80545608829884e-05	3.00909348049807e-05	
0.000329686797542335	0.00334482241870223	0.0134092612018582	0.0346350966581747	0.0696957890004496	0.105212048553874	0.135998801138918	0.150073430241271	0.14064438783156	0.120377641240821	0.0907717668215196	0.0612438183725461	0.036643188970478	0.0197272591038513	0.0102982166941406	0.00449572905739547	0.00184624606623707	0.0007612767870523	0.00028173235426345	0.000107897497377491	5.99430540986063e-06	3.59658324591638e-05	4.79544432788851e-05	1.19886108197213e-05	
0.000351249017693425	0.00295882647107851	0.013002167027838	0.0323982568523325	0.0671480961112566	0.102427785583312	0.134462886671588	0.148387826542519	0.143404853189817	0.120258138261139	0.0940097159050318	0.0614864382158931	0.0389231538589765	0.0212297287643179	0.011103040983021	0.00502464696497035	0.00217893458433548	0.000916819469911652	0.000178601195437335	5.95337318124449e-05	2.97668659062225e-05	5.95337318124449e-06	0	5.35803586312004e-05	
0.00041795785790627	0.00303915070963273	0.0120909237465742	0.0309348523116055	0.0629802783599334	0.100029257050053	0.133262877580143	0.146977866146011	0.143962598742544	0.123202034857685	0.0945838632441889	0.0637445441572477	0.0406672995742801	0.0227727324293502	0.0117565574602492	0.00596485571497662	0.00234056400427511	0.000758294970772804	0.000388103725198679	9.55332246642903e-05	5.97082654151814e-06	0	0	1.19416530830363e-05	1.19416530830363e-05	
0.000215838984117848	0.00305172341433291	0.0109298463346344	0.0296538782068577	0.0590979129569341	0.0967798022675084	0.12967726076347	0.149846214723816	0.143568897602389	0.127273054301491	0.0954368041441085	0.0657169751365481	0.0409134785450054	0.0242279259672284	0.0124647013328057	0.00639123214082295	0.0031356607970454	0.00106120833857942	0.000341745058186593	0.000161879238088386	4.19686913562482e-05	0	0	0	1.19910546732138e-05	
0.000282428161092216	0.00234956193589482	0.0101133318110255	0.0270109485980747	0.0564676048890117	0.0935257850901967	0.128084175610225	0.144903673969738	0.145871140649224	0.128829305226724	0.100742725972574	0.0691287992596777	0.043109353780331	0.0250159241409978	0.0127453219080125	0.00651387503455238	0.00340716526253801	0.00112971264436886	0.000438665016164505	0.000276419051281743	4.80728784837814e-05	0	0	0	0	6.00910981047268e-06	
0.000321112868143786	0.00254466801170547	0.0093304493762534	0.026288844054262	0.0554555864550957	0.0915232261543402	0.123549690701662	0.144252382596894	0.142889167590624	0.130099181465123	0.103586164276496	0.0733349086040073	0.0444650441378725	0.0266099569224058	0.0129717481263367	0.00679184009790913	0.00352012408285924	0.00158738814063532	0.000599814602759147	0.00022417313436453	5.45286002508316e-05	
