# <P(N_2)> as a function of N_tot.
# number_of_species: 2
# species_total_upper_bound: 100
# species_total_lower_bound: 0
# volume: 512
# Bin widths for each species index 
1	1	1	1	1	1	1	1	1	1	1	1	1	1	1	1	1	1	1	1	1	1	1	1	1	1	1	1	1	1	1	1	1	1	1	1	1	1	1	1	1	1	1	1	1	1	1	1	1	1	1	1	1	1	1	1	1	1	1	1	1	1	1	1	1	1	1	1	1	1	1	1	1	1	1	1	1	1	1	1	1	1	1	1	1	1	1	1	1	1	1	1	1	1	1	1	1	1	1	1	1	
# Bin lower bound for each species index 
0	0	0	0	0	0	0	0	0	0	0	0	0	0	0	0	0	0	0	0	0	0	0	0	0	0	0	0	0	0	0	0	0	0	0	0	0	0	0	0	0	0	0	0	0	0	0	0	0	0	0	0	0	0	0	0	0	0	0	0	0	0	0	0	0	0	0	0	0	0	0	0	0	0	0	0	0	0	0	0	0	0	0	0	0	0	0	0	0	0	0	0	0	0	0	0	0	0	0	0	0	
# Bin upper bound for each species index 
0	1	2	3	4	5	6	7	6	6	6	6	6	7	7	7	7	8	7	8	8	8	9	9	9	9	10	10	11	11	10	11	10	11	11	11	11	11	11	12	12	12	13	13	13	13	13	13	13	13	14	14	14	14	15	15	16	16	16	16	16	16	17	16	16	16	16	17	18	18	18	18	19	22	22	23	23	23	21	21	19	20	20	20	20	20	20	19	19	20	19	21	22	22	22	23	23	24	24	25	22	
# Normalized histogram for each species index 
1	
0.920781467640223	0.079218532359777	
0.846911090593971	0.146958064045872	0.00613084536015679	
0.78020102870794	0.202117545727124	0.0171532579814248	0.000528167583511421	
0.719266619945961	0.246559749166522	0.0323183057397603	0.0018229177215959	3.2407426161705e-05	
0.661736718170382	0.284293248604884	0.0495871100932228	0.00419744524370182	0.000173381503822457	1.20963839876133e-05	
0.610786696166262	0.313723356667029	0.0675871185101899	0.00747564872913972	0.000386879934230411	2.01499965745006e-05	2.01499965745006e-05	
0.561316875745751	0.338776645490019	0.0860395369086394	0.012826921216421	0.000959398884194911	4.43419652358993e-05	8.06217549743623e-06	2.82176142410268e-05	
0.51693082994422	0.355736308251218	0.106616405986272	0.0186870067032101	0.00192094391486762	0.000104486489093218	4.01871111896992e-06	
0.476319670423032	0.368790375583092	0.126180209351907	0.0254917205007775	0.00292948399403684	0.000276517641023997	1.20225061314781e-05	
0.43594980216618	0.376519723432317	0.148135566124455	0.0337476519723432	0.00512369609527996	0.000487590424043803	3.59697853802806e-05	
0.4036176414067	0.379295849080776	0.165019857792582	0.0434068925757479	0.00761882646851579	0.000952853756966242	8.80789187111652e-05	
0.372218454284146	0.383409230371734	0.180602654781513	0.0515736524238607	0.0106538449116688	0.00138875431967187	0.000153408907405613	
0.341929569809606	0.38372772184861	0.196169415353165	0.0619853818010724	0.0137461365609105	0.00221868890493303	0.000214973513640678	8.11220806191237e-06	
0.318300350945603	0.376088581269903	0.212452069929161	0.0730121206213037	0.0167836485344772	0.00303421719633457	0.000320887762396829	8.12374082017287e-06	
0.288226503493679	0.373431883355548	0.227436487741831	0.0849549658709964	0.0211963326467143	0.00434185548689366	0.0003836988569813	2.82725473565168e-05	
0.264012909300894	0.364715918922508	0.241107753226319	0.0975803109016792	0.0263578306901728	0.00538826493040325	0.000760554198540863	7.64578294829439e-05	
0.244277386934673	0.359702512562814	0.247380904522613	0.107545728643216	0.0326150753768844	0.00746934673366834	0.000900502512562814	0.000100502512562814	8.04020100502513e-06	
0.223129421925891	0.349463819413894	0.258125446480823	0.119828389924567	0.0386849146994604	0.0093069810429792	0.00135205492168171	0.000108971590702705	
0.204091303044785	0.339510922831431	0.263314352365601	0.132098625432337	0.047064969989551	0.0117328300541889	0.00198854661947075	0.000178199697060515	2.02499655750585e-05	
0.190389760824877	0.326198322837472	0.270430221555128	0.14130257447711	0.0527702548373413	0.0152625053023134	0.00320993898260841	0.000403791561979965	3.26296211700982e-05	
0.174564878116718	0.316683529474413	0.275917862424066	0.151220471312063	0.05921098444662	0.0175031848177383	0.00414538334555375	0.000675877719383763	7.78283434441909e-05	
0.161526748971193	0.303711934156379	0.27980658436214	0.162242798353909	0.0657860082304527	0.020522633744856	0.00532510288065844	0.000946502057613169	0.000119341563786008	1.23456790123457e-05	
0.147779473011422	0.294231165725125	0.279555482248155	0.173060904704961	0.0728794688878809	0.0241763226258711	0.00682033730567812	0.00128242134344975	0.00018968289967424	2.47412477835966e-05	
0.138431401598393	0.283677786282789	0.279471921117394	0.179107303060981	0.0810184613611859	0.027790809649621	0.00853519016930459	0.00167493847584714	0.000271611644731969	2.05766397524219e-05	
0.125274273739573	0.272100094506307	0.282253359082878	0.187216994699429	0.0885236471216666	0.032247195628056	0.00977934831737683	0.0021448822780129	0.000410896988125077	4.93076385750092e-05	
0.114312857534796	0.259234993263911	0.280724958744016	0.196153263419967	0.0971839464061227	0.0373085128599917	0.0113387413137216	0.00303431105578464	0.000610138120528896	9.41823944440577e-05	4.09488671495903e-06	
0.10538066167541	0.246470205797327	0.279827936588418	0.202141796934098	0.106104407489338	0.0415070268767301	0.0139229067594588	0.0036800634606499	0.000740101651530702	0.000208536929436828	1.63558376028884e-05	
0.0978975059816222	0.236433106380534	0.278011023421693	0.205755490164695	0.113915530876662	0.0457886507184103	0.0158251355355553	0.00488379442098308	0.001194272417232	0.000266761880137731	2.46241735511752e-05	4.10402892519587e-06	
0.0894754620077242	0.227827495411463	0.274555288314796	0.210319834283598	0.120600192901706	0.0516439376365878	0.0181018309383406	0.00553473248114732	0.00157088730714917	0.000317433186418743	4.47662185975151e-05	8.13931247227547e-06	
0.0846843801682823	0.215217837439791	0.271975888391258	0.215994463021758	0.126984318601591	0.0560538567709276	0.021041322114514	0.00583877574835722	0.00168201809980242	0.000450684275545147	7.64553681728374e-05	
0.0773666890315984	0.207470685964408	0.265427809195182	0.222111728809227	0.13333892456628	0.0618949487204064	0.0233793411930094	0.00694111632959519	0.00158551391418256	0.000383398830633567	9.1855969839292e-05	7.9874756381993e-06	
0.0692736272407719	0.194960106488972	0.263337026438916	0.226568042149228	0.139774747128544	0.0683211248296256	0.0261599406977578	0.00890330705648857	0.00225571700714975	0.000354697550594218	9.16634119513148e-05	
0.0632025940709227	0.186130165634934	0.258917118796657	0.229988766461914	0.146191352565788	0.0730777504242453	0.0287451102241131	0.00999864560179099	0.00305137949441112	0.000605495669909255	8.76375311710764e-05	3.98352414413984e-06	
0.0580718653823094	0.175010991646349	0.252068427994724	0.233362644390263	0.15503017706543	0.0779807346416723	0.0329189815740038	0.0112074823134418	0.00332147567848435	0.000775410687877213	0.00023582077621008	1.59878492345817e-05	
0.0538567427352876	0.166603010916961	0.24389302651262	0.235359177567714	0.162485279607881	0.0842165568604984	0.0356511983194882	0.01283459053439	0.00388697921639772	0.00101053502657628	0.000175053311690378	2.78493904961966e-05	
0.050403305445611	0.158667709493676	0.238388674266664	0.2342766177644	0.16874442048049	0.0894066156313448	0.0396313764526501	0.0142282685121545	0.00446361560764424	0.00141018652383097	0.000319958286919631	5.92515346147465e-05	
0.0470346923670493	0.148788995448891	0.231102659800633	0.234193162312405	0.173024834254579	0.0969984724650006	0.045491409584101	0.016031243602463	0.00538180501094471	0.00150391332419962	0.00033464039936379	0.000114171430371175	
0.0439323777442945	0.140025086184454	0.224000694208878	0.232938633512934	0.176964098356776	0.104521824191602	0.050941520790767	0.0179705434551091	0.00614927068624125	0.00196823994383219	0.000512767921238847	7.494300387337e-05	
0.0409109158050809	0.132984326492322	0.216745968334983	0.231350195372281	0.181272881214448	0.111928640423578	0.053718433364736	0.021258412138124	0.00670983539438171	0.00232141224544959	0.000636003354917697	0.000159000838729424	3.97502096823561e-06	
0.0375186774376553	0.124697365582376	0.213014678268651	0.23045760721049	0.184253421866385	0.115919968677837	0.0581417647481842	0.0241827871930708	0.00846177817196826	0.00244904155779818	0.000735111984722455	0.000127845562560427	3.99517383001334e-05	
0.032965097662504	0.119388408581492	0.206067883445405	0.229318764008966	0.188088376560999	0.120669228306116	0.0616274415626001	0.0274695805315402	0.0102185398655139	0.00298190842138969	0.000908581492154979	0.000236151136727506	6.00384245917387e-05	
0.0287570165842908	0.112129608189142	0.200269085508508	0.228235613506975	0.192611726379163	0.124973051525483	0.0667563618361692	0.029675260901157	0.0117495348892917	0.00346138183792589	0.000954175616221784	0.00034733589377111	5.98854989260534e-05	1.99618329753511e-05	
0.0277813319685241	0.10611925020792	0.191766361717101	0.223902021623696	0.196648486980999	0.130685816646408	0.0717444501311496	0.0329073635723882	0.0128550636555563	0.00400246305418719	0.00112756701426652	0.0003318725609366	9.59631501503423e-05	3.19877167167808e-05	
0.026185719214629	0.0992826709674313	0.185285928636192	0.222030987972302	0.197141114828812	0.136095932728338	0.0767036564523506	0.035581606207223	0.0145231045743767	0.00511518185975977	0.00156063195564435	0.000409214548780781	6.01786101148208e-05	2.40714440459283e-05	
0.0232963467183917	0.0905951190519218	0.177057857346522	0.222353408912931	0.197631410912859	0.143296025444863	0.0816717468043324	0.0396250737925135	0.0160797400897156	0.00591143292009526	0.00185937054483974	0.000473878454192419	0.000108429815789791	4.01591910332558e-05	
0.0215150894688876	0.0851650667855035	0.169603462327516	0.217375070760114	0.201492687117845	0.147775221715024	0.0868512652510629	0.0431586512018179	0.0182791943183141	0.00617068343229712	0.00200336436741462	0.000513889056170483	6.82508902726422e-05	2.81033077593233e-05	
0.0198564478443171	0.0820623819735621	0.162880485228691	0.212827673398841	0.20149713535832	0.149873571680056	0.093012834875012	0.0473906154978715	0.020208526709983	0.00721361584995039	0.00230451621163141	0.000708158627532567	0.00015603495182921	8.00179240149794e-06	
0.0194858706435818	0.0772394149838384	0.158251192114443	0.210092168848209	0.201003296316446	0.152422632572727	0.0968332959964157	0.0505688546100426	0.0223741479182001	0.00784875348033411	0.00278826767369667	0.000828079495631581	0.000236022658175185	2.80026882580728e-05	
0.0176772112482634	0.0743137505389394	0.150028743432924	0.205048464621625	0.205507561119716	0.1557175478658	0.100334541622088	0.0533310445044153	0.0247193523146448	0.00892244063682673	0.0031138719001006	0.000958114430800185	0.000251505038085049	7.58507257716813e-05	
0.0171339439267288	0.0698316202055753	0.14383473983122	0.199092108946926	0.205955285365756	0.161884573851138	0.10332360116786	0.0566652001759789	0.0262088549374075	0.0105667319921609	0.00387153541575011	0.0012158540975083	0.000331960164780226	7.59908810942687e-05	7.99904011518618e-06	
0.0152284872157389	0.0647360475425942	0.140966347958752	0.194759291653687	0.203513774731814	0.165620282284153	0.109243328301103	0.059296446286933	0.0285838665101084	0.0114503207048317	0.00444513670892143	0.00155360123968592	0.000531179858298787	6.78951698577396e-05	3.99383352104351e-06	
0.013776845469983	0.0606932374388173	0.136238138048147	0.191145739686345	0.201454400159824	0.168506642693038	0.114066526820497	0.0637338927180102	0.0299310758166017	0.0127939266806513	0.00539806213165518	0.0016501847967236	0.000415542902806912	0.000179802217560683	1.59824193387274e-05	
0.012641972147655	0.056636835346314	0.128312016674601	0.188257368149431	0.201339408947796	0.171394737579062	0.117554338476802	0.0680706190165666	0.03331319685871	0.0141742111769436	0.00578490244478139	0.00175227335464332	0.000604094238701237	0.000104016226531339	6.00093614603878e-05	
0.0113161525081472	0.0543135333986445	0.123374052822041	0.183769518363756	0.200867704980307	0.171885558909971	0.121062838634864	0.0724633624567647	0.036011756002959	0.016334446288262	0.00576204090609193	0.00215126856868665	0.000547813743327269	0.000123957854329528	1.19959213867285e-05	3.99864046224284e-06	
0.00987129122922706	0.0503094076823173	0.119500926815735	0.179150867909659	0.200292720978203	0.173260260312584	0.124325997885011	0.0770403014061061	0.0386970699755932	0.0172898379982388	0.00680737110023683	0.00243666088998436	0.000767990478526423	0.000205065520444228	1.20626776731899e-05	3.21671404618397e-05	
0.00927741071500601	0.0472542897940415	0.113753156336472	0.173568253507265	0.198173560186194	0.17601668320466	0.127520027106174	0.0819316375840009	0.0417886847858532	0.0187645715853078	0.00775672208911155	0.00296473777196931	0.000883370846341877	0.000274288664617569	2.82355978282792e-05	3.63029114935018e-05	8.06731366522262e-06	
0.00908368388940625	0.0445273112616807	0.108691114607752	0.168519797052118	0.196156192800488	0.178277833081789	0.133032015670659	0.0834229793519797	0.0443988632349636	0.0209490703574066	0.00839728974663627	0.00315500465624097	0.00101152821039787	0.000264924055104203	5.61960116887704e-05	2.80980058443852e-05	2.80980058443852e-05	
0.00790417046353203	0.0411024892717646	0.102962959989402	0.164674901348406	0.193288881573929	0.178969848540197	0.138895021857902	0.0877126077339638	0.0477983533312727	0.0229216929135439	0.00859864557282154	0.00352054723032889	0.00112400595723157	0.000401430699011276	8.02861398022552e-05	1.6057227960451e-05	2.81001489307893e-05	
0.00762095300077535	0.0388720828864008	0.0967945395891836	0.159702553842816	0.190716658832793	0.180255424455345	0.142166728935919	0.0908890040535275	0.0524949883295369	0.0249639440942636	0.00958946484599408	0.0037281203925775	0.00155472262061152	0.000490119275748336	0.000112486391155356	1.20521133380738e-05	3.61563400142215e-05	
0.0067224535554132	0.0380124919923126	0.0923486547085202	0.155124919923126	0.187067584881486	0.182411114670083	0.143477738629084	0.0963284753363229	0.0534593209481102	0.0278747597693786	0.010902466367713	0.00379964766175528	0.00166159513132607	0.00063260730301089	0.000144138372837924	8.00768737988469e-06	2.40230621396541e-05	
0.00640714029565287	0.0355620193648643	0.0887078136829103	0.148372315416185	0.186185599872495	0.179778459576842	0.146738654022393	0.099888432880424	0.0581424074590589	0.0297246682870463	0.0129497549507909	0.00510419572060406	0.00160576961389808	0.000653464557516835	0.000135474359485197	7.9690799697175e-06	3.58608598637287e-05	
0.00596963533575695	0.0325507278871254	0.0853485690491824	0.146714498486571	0.182280072388335	0.180322224179626	0.146818596755337	0.10378197017985	0.0612578273890553	0.0318100286670617	0.0148700373152256	0.00550920068544706	0.00192581797216572	0.000632597171730113	0.000168158741852309	3.20302365432969e-05	4.00377956791211e-06	4.00377956791211e-06	
0.00543680464708777	0.0305765253257482	0.0804839116189196	0.142673115621112	0.180322687757788	0.181746898540984	0.149398110920416	0.105079551773663	0.0649056060296924	0.0334009433396143	0.0163504198621396	0.00640494793229398	0.00215231854314439	0.000748110720386617	0.000228033748994851	7.20106575773214e-05	2.00029604381448e-05	
0.00498168849653761	0.0291424778902589	0.0779878136544643	0.136692574645365	0.176538086327944	0.182411361128436	0.152981016808201	0.109373250811623	0.0664731564554047	0.0355035263637672	0.0167562251115482	0.00740456428217307	0.00258679972492763	0.000771641958131427	0.000215899822482368	0.000159925794431384	1.9990724303923e-05	
0.00461610400821706	0.0261739092206178	0.0737857248482281	0.133243542450172	0.173713385902298	0.181810551894201	0.15480534428942	0.113460239557813	0.0710160624432979	0.0368648860361855	0.0178769118863679	0.0082010782899233	0.00294551398619565	0.000999156711735295	0.000323726774602236	0.000131888685949059	3.19730147755295e-05	
0.00419566434685225	0.024522038236941	0.068682505399568	0.127097832173426	0.174006079513639	0.181993440524758	0.156591472682185	0.113574914006879	0.0745340372770178	0.0403727701783857	0.0196624270058395	0.00933925285977122	0.00358371330293577	0.00131589472842173	0.000399968002559795	0.000111991040716743	1.59987201023918e-05	
0.00409410840974734	0.0229302118761192	0.064816706526137	0.122246391616292	0.16859955052939	0.181807256426588	0.159113397188605	0.117815781145469	0.0773193604858449	0.0436090647245691	0.0219166997159762	0.00974654184042592	0.00413817415584051	0.00130594847512489	0.000416621599426344	8.011953835122e-05	3.6053792258049e-05	8.011953835122e-06	
0.00394440043907087	0.0215192978082643	0.0603601828657818	0.115891390270479	0.165049636721122	0.180429179717499	0.162653242570575	0.122477453388928	0.080166621767783	0.0455596344292682	0.0240523990076677	0.0105344843530741	0.00479680909664786	0.00191389868399362	0.000474453875443795	0.000132686253302078	3.21663644368675e-05	4.02079555460844e-06	8.04159110921687e-06	
0.0035071575880119	0.0202680614579928	0.0571033057684469	0.11183756492681	0.160114456834518	0.181000004035855	0.163185742133111	0.125018665827209	0.0841677462577539	0.0479742028178336	0.0257447160574544	0.0120268465043446	0.00510535598254896	0.00194931773879142	0.000835421888053467	0.000129147345013096	2.01792726582963e-05	0	1.21075635949778e-05	
0.00318658889776293	0.0193171825713756	0.0546802520228789	0.107835781763031	0.155211081262051	0.178529651411377	0.164407818840404	0.128851133860936	0.0868123623514606	0.0518365239558879	0.0271182748856458	0.0134925821050848	0.0058124994957929	0.00193615527965343	0.000758327484530926	0.000149245302806618	4.43702251587244e-05	0	2.01682841630565e-05	
0.0030626640354015	0.0171983456791116	0.0528570796975921	0.103772864475107	0.151915370795368	0.176271990289506	0.163993199438914	0.131847284799621	0.0900190110247867	0.0556343773989863	0.0291676547308513	0.0141839125734014	0.0063905981841055	0.00241556572870906	0.000912368419994936	0.000221058427752077	0.000124596568369352	8.03848828189371e-06	4.01924414094685e-06	
0.00270301796782926	0.0169863763067604	0.0504281789623146	0.0996617205192047	0.148259731065802	0.17425214491716	0.166046554657678	0.133111567871092	0.0937207122774133	0.0577086291435214	0.0306945388578945	0.0150395597942167	0.00724424904770907	0.00273117440499415	0.00101363173793597	0.000209162104653455	0.000132737489491615	4.82681779969511e-05	0	8.04469633282518e-06	
0.00225003515679932	0.0158024790565924	0.0488579062619282	0.0948389818590916	0.145601382164453	0.171504911907106	0.167181630070113	0.135604797396388	0.0958796231191112	0.0604214797999076	0.0338429395102156	0.0158064969765153	0.0075135102557406	0.00318621049882476	0.00116921469755108	0.000361612793057034	8.43763183799747e-05	3.61612793057034e-05	3.21433593828475e-05	1.20537597685678e-05	4.01791992285594e-06	0	8.03583984571187e-06	
0.00183136268578535	0.013943147784571	0.0453242271689452	0.0912002623087166	0.140131234330453	0.168745276643728	0.169932863363549	0.139067604473643	0.0995373609983726	0.0630500585796143	0.0358875111461211	0.0173419649961813	0.00820914321816008	0.00367871980550768	0.0015074753985613	0.000383866414487758	0.000131954079980167	3.19888678739799e-05	1.59944339369899e-05	2.79902593897324e-05	7.99721696849496e-06	3.99860848424748e-06	7.99721696849496e-06	
0.00195758825127443	0.0123048404365821	0.0415248413954009	0.087436278504882	0.135441136519808	0.1675575690749	0.168444476405069	0.14398660849833	0.103963916454928	0.0661465075027566	0.0366428560014063	0.0198475478210844	0.00848554580756508	0.00397909775157007	0.00157006567908337	0.000399507806382537	0.000171788356744491	4.3945858702079e-05	1.99753903191268e-05	3.19606245106029e-05	1.99753903191268e-05	1.19852341914761e-05	7.99015612765073e-06	3.99507806382537e-06	
0.00183326862188635	0.0114078942628299	0.0387828377237048	0.0830134453041505	0.131571047164638	0.165106253527441	0.1659788573693	0.146433331865651	0.107266228229935	0.0702045815704467	0.0401437794954108	0.0209705115940231	0.0103191408454651	0.0044390718377117	0.00153706364804445	0.000516357319264931	0.000212146805589468	0.000148102486920949	2.40166195006945e-05	4.40304690846065e-05	1.20083097503472e-05	2.00138495839121e-05	8.00553983356483e-06	8.00553983356483e-06	
0.00177294320578548	0.0103895272284856	0.0354988854070365	0.0791861270195744	0.127787983207066	0.162322355493122	0.16696082315792	0.146289826187532	0.11128720479295	0.0726386437584795	0.044083452396675	0.0227761168941877	0.0112820020250773	0.00475052728051323	0.00188500282150104	0.000588312982506694	0.000224119231431121	0.000108057486582862	5.20276787250817e-05	1.20063873980958e-05	4.0021291326986e-05	5.20276787250817e-05	8.00425826539719e-06	4.0021291326986e-06	
0.00185689825644488	0.00964622470880459	0.0339225568926295	0.0745733555196502	0.123109942846119	0.160247907975016	0.165890949429667	0.148017298896311	0.114315801319925	0.0767397368188359	0.0465792075626402	0.0239507720999027	0.0123793217096326	0.00537777027515856	0.00228695910804576	0.000691312770797662	0.00023713635742478	6.83274250206992e-05	5.22503838393582e-05	4.01926029533525e-06	1.20577808860057e-05	4.01926029533525e-05	
0.00160677354206549	0.00933709461346371	0.0324025918835676	0.0726893018022576	0.11875958701468	0.155411831843257	0.16535197244606	0.149879188437706	0.115133216501605	0.0808041152829662	0.0487657793661137	0.0268011445731932	0.012643729333533	0.00645947247641443	0.00251741345885324	0.000983491110130768	0.000263073753738683	0.00013356052112887	4.04728851905666e-05	8.09457703811332e-06	0	8.09457703811332e-06	
0.00136660506745318	0.00888905206561336	0.0316685228019075	0.0708390955114162	0.116618325562042	0.149314861728123	0.164828888807301	0.150791611084595	0.117760562633346	0.0824572782938242	0.0509764087250595	0.0287966124512	0.0142371692101839	0.00710634635075653	0.00270465420812375	0.000974980928720327	0.000416100647403654	0.000171335560695622	6.93501079006091e-05	1.22382543354016e-05	
0.00130481670823969	0.00842574069957933	0.0299737390201938	0.0667638075951034	0.113218575321265	0.149193647971154	0.162110098540416	0.150815407539124	0.122994410280474	0.0854675524602175	0.0525672371638142	0.0302618688926757	0.0145793715475867	0.00750784124867254	0.00312826718694689	0.00109489351543141	0.00035810427008471	0.000148181077276432	7.40905386382159e-05	8.23228207091288e-06	4.11614103545644e-06	
0.00117184091220751	0.00784967192609922	0.0283111777832261	0.0642808761380778	0.109812297680835	0.147307051407248	0.160496494865924	0.153112234933326	0.123313400956588	0.08888122436598	0.0557413971501826	0.0313114229556155	0.0158447851001675	0.00765020964317029	0.00318308559840763	0.0010845761634261	0.00041554642276862	0.00017452949756282	2.90882495938034e-05	2.0777321138431e-05	8.31092845537239e-06	
0.00109595917342926	0.00782230402409437	0.0256337321174601	0.0607629883711202	0.10664686689534	0.143457709361667	0.161156195097465	0.154241612984188	0.12705596921275	0.0898979335731615	0.0590604869070526	0.0321969380071948	0.0173178281602945	0.00797707688446415	0.00361415544214841	0.00116288797791349	0.000443403329708023	0.000305362670459299	0.000100393206726345	4.60135530829081e-05	4.18305028026437e-06	
0.000820475707607703	0.00714865757551532	0.0248919706984983	0.0591626098701124	0.102147121813293	0.140802046560945	0.160106367312248	0.154947889273648	0.129445821254108	0.093727778782919	0.0594276866371856	0.0339971472690782	0.0180336352964442	0.00869704250064165	0.00416549205400834	0.00147264870596254	0.000471247585908014	0.000311360012117795	0.000168302709252862	4.20756773132155e-05	1.26227031939647e-05	
0.000796870165265786	0.00611640238552409	0.0238594795759633	0.057467902663157	0.0981845771713652	0.138532487294583	0.158814528469034	0.154987008473104	0.129360003051843	0.0973241269397219	0.0615751749511493	0.0361007616891952	0.0191969413749401	0.00974046616904668	0.0048659944134315	0.00193283401787871	0.00065275534814325	0.000305184318612429	0.000127160132755179	4.66253820102322e-05	1.27160132755179e-05	
0.000786805484672179	0.00578408356299547	0.0221538906467966	0.0537111700860808	0.0973597359735974	0.133259331087748	0.158824129835664	0.154873090401824	0.131762274165561	0.0983166615630635	0.0665765030111259	0.0378347113061822	0.0201592324180872	0.00973086999421592	0.00515889217787758	0.00229662141471879	0.00102922663400361	0.000246674151951278	0.00011483107073594	1.70120104793985e-05	4.25300261984961e-06	
0.000797975616937566	0.00555595857354391	0.0211356857256244	0.0512710002005607	0.0912167207896118	0.130513819486821	0.155464426076307	0.156108780718861	0.134815206769564	0.100933247419381	0.0695518961522213	0.0413027058627738	0.0215154709122952	0.010762002705436	0.00485186244095194	0.0022531076242943	0.00119056255147369	0.000554742407496704	0.000128017478653085	7.68104871918513e-05	
0.000752186714233522	0.0046764522576347	0.019144226429692	0.0486944187745804	0.0898798650362124	0.127729900496443	0.153716876920762	0.157396144505813	0.136003954353012	0.104932195740474	0.0718531731533816	0.0420278953815736	0.0229094582106553	0.010986224237605	0.00501601083148868	0.00237261180718231	0.00113472738604371	0.000498592336291934	0.000210612279985386	6.44731469343019e-05	
0.000696735236309368	0.00445996567933836	0.0177022360040084	0.0456490604826397	0.0858059549358531	0.125984353563027	0.150920593687235	0.156657907299807	0.139312640583537	0.107318730565603	0.0739485534142177	0.0450856511248833	0.0246523850279339	0.0124251117141837	0.00498036668917437	0.00236545913561822	0.00128164876802587	0.000520401009836009	0.000176334226473358	5.16100175043976e-05	4.30083479203313e-06	
0.000525438933743432	0.00455807595369302	0.0164680251185442	0.0439446366782007	0.0837711991114529	0.124370968430945	0.150019223375625	0.15438079371182	0.138976462044513	0.109069161433637	0.0758169934640523	0.0470203767781622	0.0264428211371695	0.0140672390960742	0.00590798410867615	0.00259729163996753	0.00135418001623307	0.00041437054124482	0.000209321201247383	8.5437224998932e-05	
0.000647701295402591	0.00381424096181526	0.0160612987892642	0.0428625857251715	0.0795868258403183	0.120607907882482	0.148243163152993	0.152781305562611	0.14003471340276	0.111624756582846	0.0794767589535179	0.0496528659723986	0.0279188891711117	0.0151384302768606	0.0067987469308272	0.0029252391838117	0.0011260689188045	0.000491067648801964	0.00015240030480061	3.81000762001524e-05	1.27000254000508e-05	4.23334180001693e-06	
0.000546131147679789	0.00405999822189859	0.0156261245433031	0.0403163327081755	0.0768563167052628	0.115470752348576	0.145613804840669	0.153615261190397	0.140232931284848	0.114420825801098	0.0819239057267566	0.0519840648244972	0.0298932715795891	0.0163077300842058	0.00756963172132917	0.00342072842887806	0.00138861253053466	0.000444525352762619	0.000186277290681479	4.65693226703696e-05	3.81021730939388e-05	2.54014487292925e-05	1.27007243646463e-05	
0.000513323066871996	0.00380962077728142	0.0143730458724159	0.0382107509364964	0.0722258282107085	0.112557748845023	0.14443892940323	0.152787853333842	0.141821405996123	0.116197676046479	0.0853049605674553	0.0542934595853537	0.0309733199275408	0.0174699536312304	0.00837437796698612	0.00413203857134979	0.00162481598852871	0.000538777103245814	0.000224843987968725	4.24233939563633e-05	2.5454036373818e-05	4.24233939563633e-05	1.69693575825453e-05	
0.00046964247937381	0.0033255764755659	0.0132515337423313	0.037046752697271	0.0702686693463084	0.108043156335942	0.140021155066638	0.15184260630421	0.143004019462661	0.119200338481066	0.0878908398561455	0.0571144489105141	0.0338861857414851	0.0182906706156124	0.00935477046752697	0.00415485508779353	0.00174740850433679	0.000731965305690713	0.000236936746350751	5.07721599323038e-05	2.53860799661519e-05	2.11550666384599e-05	2.11550666384599e-05	
0.000328812859112121	0.00316166210684732	0.0127815460106148	0.0343272193814103	0.069101287007255	0.10581029184249	0.136777718291691	0.150200027822627	0.142671056458854	0.120476188468786	0.0903181475189384	0.0604720572302997	0.0362242166455187	0.0195179940729374	0.0102100608303789	0.00444740469696523	0.00185062621987463	0.000843109895159285	0.000278226265402564	0.000113819835846503	1.68621979031857e-05	2.9508846330575e-05	3.37243958063714e-05	8.43109895159284e-06	
0.000293439530496751	0.00295535527143157	0.0124334521064766	0.0318172290924335	0.0675455879270593	0.10299727520436	0.13403479354433	0.149520016767973	0.144665688534898	0.121131838189059	0.0936449381680989	0.0610899182561308	0.0378662754139593	0.020687486900021	0.0109662544539929	0.00498428002515196	0.00206246070006288	0.000943198490882415	0.000222175644518969	5.03039195137288e-05	4.19199329281073e-05	8.38398658562146e-06	0	3.77279396352966e-05	
0.000344362739951537	0.00303207192981719	0.0117377299776164	0.0307364743134793	0.0627034154904439	0.100175960961024	0.132865223982765	0.146736323129837	0.145610844906581	0.124856690506087	0.0937674543614381	0.063900285989056	0.0401182592043541	0.0224087753705049	0.0113135758710907	0.00577857475821116	0.00241893827087909	0.000869305941097173	0.000474548653835655	0.000117587277056622	4.19954560916509e-06	0	1.25986368274953e-05	8.39909121833018e-06	8.39909121833018e-06	
0.000210150257434065	0.00291688557318483	0.010721866134286	0.0294294420510665	0.0592497635809604	0.097501313439109	0.129729956919197	0.148151728485867	0.143696543028265	0.128590942523905	0.0955259010192288	0.0661006619733109	0.0413701796784701	0.0236629189870758	0.0120626247767154	0.00611116948618262	0.00319008090784911	0.0010801723232111	0.000453924556057581	0.000189135231690659	4.20300514868131e-05	0	4.20300514868131e-06	0	8.40601029736261e-06	
0.000218641730297016	0.00243028692522453	0.0101332032695348	0.0264808772578963	0.0565315012277574	0.094301860136567	0.127863365737159	0.144644118537455	0.145140267079283	0.129128964983686	0.102088869454068	0.0686408893672845	0.0432994718961284	0.0249419758484981	0.0125298530054829	0.00626492650274143	0.0034646304954758	0.00109741330014464	0.000517171785125635	0.000218641730297016	4.62511352551381e-05	8.40929731911601e-06	4.20464865955801e-06	0	0	4.20464865955801e-06	
0.000223914017017465	0.00253487566434866	0.00948888457021183	0.0251501913831127	0.0551673440417748	0.0917540494638738	0.124141310868702	0.144234425301439	0.143089506459708	0.129688463780852	0.10447490050613	0.0734775959239199	0.0442335803428842	0.0265781713406957	0.0130039121581086	0.00678079240213268	0.00348967883125333	0.00166034356014837	0.000523874303965391	0.000223914017017465	3.802313496523e-05	1.26743783217433e-05	2.95735494174011e-05	
