# <P(N_1)> as a function of N_tot.
# number_of_species: 2
# species_total_upper_bound: 100
# species_total_lower_bound: 0
# volume: 512
# Bin widths for each species index 
1	1	1	1	1	1	1	1	1	1	1	1	1	1	1	1	1	1	1	1	1	1	1	1	1	1	1	1	1	1	1	1	1	1	1	1	1	1	1	1	1	1	1	1	1	1	1	1	1	1	1	1	1	1	1	1	1	1	1	1	1	1	1	1	1	1	1	1	1	1	1	1	1	1	1	1	1	1	1	1	1	1	1	1	1	1	1	1	1	1	1	1	1	1	1	1	1	1	1	1	1	
# Bin lower bound for each species index 
0	0	0	0	0	0	0	0	2	3	3	4	5	6	7	8	8	8	9	10	10	11	12	13	14	14	15	16	16	17	18	19	20	21	22	23	24	25	26	26	26	27	28	29	29	29	30	31	32	33	36	36	37	38	39	40	40	41	41	42	43	45	45	46	47	48	49	50	50	51	52	53	53	51	52	52	53	54	57	58	60	61	62	63	64	65	66	67	68	69	69	69	69	70	71	71	71	73	74	74	78	
# Bin upper bound for each species index 
0	1	2	3	4	5	6	7	8	9	10	11	12	13	14	15	16	17	18	19	20	21	22	23	24	25	26	27	28	29	30	31	32	33	34	35	36	37	38	39	40	41	42	43	44	45	46	47	48	49	50	51	52	53	54	55	56	57	58	59	60	61	62	63	64	65	66	67	68	69	70	71	72	73	74	75	76	77	78	79	80	81	82	83	84	85	86	87	88	89	90	91	92	93	94	95	96	97	98	99	100	
# Normalized histogram for each species index 
1	
0.0794908450716239	0.920509154928376	
0.00625758825427888	0.146252875211959	0.847489536533762	
0.000465908594557605	0.0174698593966655	0.20170073766006	0.780363494348717	
2.97979866777458e-05	0.00181512307419869	0.0322456784405607	0.246980186892972	0.71892921360559	
2.55069723308866e-06	0.000181099503549295	0.00415508579270144	0.049911193224668	0.284437601018238	0.66131246976361	
4.24235379364003e-06	1.44240028983761e-05	0.000494658452338428	0.00784580910595788	0.0681440805164811	0.314933679283144	0.608563106285387	
5.93073075922673e-06	2.54174175395431e-06	5.08348350790863e-05	0.00109887968495958	0.0129315347968682	0.0872113958144291	0.338421053077499	0.560277829318652	
9.27852704226706e-06	0.000150986940051437	0.00202187539275583	0.0185199399763651	0.107298573721693	0.354551918841567	0.517447426600525	
1.59916237558096e-05	0.000268490946215961	0.00329427449369678	0.0260208968439268	0.126556027074661	0.368484044567814	0.47536027444993	
8.38624354154419e-07	2.43201062704782e-05	0.000473822760097247	0.00518018263561185	0.0342276143904585	0.146490902183694	0.37674947523081	0.436852844068703	
2.51752195279143e-06	4.86720910873009e-05	0.000880293509492736	0.00747787937377481	0.043461659819007	0.164546074008432	0.380873378715862	0.402709524960391	
2.51703613960489e-06	9.22913251188461e-05	0.00143471059957479	0.0104591241721049	0.052731068112676	0.181198914654017	0.382851264978463	0.371230109121907	
1.59597612419718e-05	0.00019235712233745	0.00213020813208634	0.0136657555602968	0.0624354259660275	0.196567979343029	0.383444183675012	0.341548130439969	
2.52709253791692e-05	0.000359689504563508	0.00294658989921113	0.0169626874786777	0.0733606540115488	0.212028118116305	0.379769781869796	0.314547208194519	
6.58228403568273e-05	0.000556118612758323	0.00416287271128499	0.0212860939123155	0.0840582987833745	0.226235633954121	0.375520148118268	0.28811501106752	
1.18296596606916e-05	0.000121676499367113	0.000817936467967817	0.00550248169360168	0.0263843659217924	0.0957991188593504	0.238133583896791	0.368053666096026	0.265175340905442	
2.53595348046935e-06	2.36688991510473e-05	0.000161455704923216	0.00117837305059143	0.00736356358945618	0.0323697555425377	0.106964827170544	0.247889452715879	0.358774018649402	0.245272348724035	
6.77173005852468e-06	3.30121840353078e-05	0.000212463030586212	0.0016675385269117	0.00930689649918485	0.0381349978245817	0.118093046956869	0.257116665058381	0.349888520393912	0.22554008779548	
1.52452193532978e-05	5.4205224367281e-05	0.000342170478818462	0.00229864029582501	0.0116812258511491	0.0451072162398852	0.129056710522081	0.264158997474375	0.339633843709399	0.207651744984746	
2.53990830931003e-06	6.77308882482676e-06	9.48232435475746e-05	0.000542693742089244	0.00319266474480271	0.0143589483086327	0.0512976814870316	0.139120091098045	0.270760152225171	0.32927286658285	0.191350765570696	
2.53484996223074e-06	1.77439497356152e-05	0.000125052598136716	0.000760454988669221	0.00412082108859977	0.0169429371475502	0.0581942404829058	0.150336036609993	0.275097127001053	0.319476435189801	0.174926616093593	
4.23522794843864e-06	2.45643221009441e-05	0.000192279348859114	0.000991043339934642	0.00519154241919609	0.0203240118789673	0.066011956895544	0.16063541971956	0.278838090623714	0.306474647078455	0.161312209145721	
1.18467069962421e-05	4.31558612005961e-05	0.000272474260913567	0.00134629363078722	0.00645137815281067	0.0240809705499326	0.0735138940718232	0.170003630169501	0.280697567955673	0.294705452785372	0.14887333585499	
1.18365007245629e-05	5.83370392853459e-05	0.000341567592337388	0.00167063753083831	0.00787042751749688	0.0278225404174227	0.0808991005950378	0.178031961933814	0.281158319960906	0.284103072248309	0.138032198663828	
5.06621971350528e-06	1.51986591405158e-05	7.34601858458265e-05	0.000421340606173189	0.00214216656886048	0.00922811920814986	0.0321916044295648	0.08767515399197	0.186769567218181	0.282229812169904	0.272928232775908	0.126320277966588	
6.74683025481091e-06	1.855378320073e-05	8.18053168395823e-05	0.000570107156531522	0.00274089979101693	0.0110361275893069	0.0362178281616068	0.0958935417654093	0.194380396410012	0.281449084202128	0.261266784848643	0.11633812414505	
2.52090460140717e-06	1.42851260746406e-05	0.000108398897860508	0.000659636704034876	0.00342590935331234	0.0134557484607777	0.0410739389722608	0.103989835712647	0.201263141265612	0.279746464221221	0.249130918138665	0.107129202242933	
8.39605184058248e-07	4.19802592029124e-06	1.3433682944932e-05	0.000147770512394252	0.000919367676543782	0.00443563418737973	0.0155268186687892	0.0459322808042746	0.112101565359905	0.206163373735135	0.277966409075796	0.237819007989683	0.0989693006760501	
4.181675396611e-06	1.00360209518664e-05	3.26170680935658e-05	0.000232501152051572	0.00122104921581041	0.00520534953370138	0.0177328126868686	0.0517674687398856	0.119389341578482	0.212048577686747	0.274555425180209	0.227322565240409	0.090478074221393	
8.33101453428796e-06	1.24965218014319e-05	4.99860872057277e-05	0.00033907229154552	0.00156373142808585	0.00620827203095139	0.0204476420729564	0.057295719358112	0.127185433387707	0.216872970356584	0.270137311781554	0.216215653309829	0.0836633803591334	
3.32803897799251e-06	1.41441656564682e-05	6.48967600708539e-05	0.00041766889173806	0.00180962119428343	0.00714446767600542	0.0234768189605037	0.0625704608252372	0.133941088718031	0.22055579914952	0.266588402283368	0.206303472226267	0.077109831110342	
8.32755262388692e-07	1.66551052477738e-05	7.49479736149823e-05	0.000461346415363335	0.00230340105576712	0.00854740001315753	0.026234289031031	0.068766431302271	0.140926340298776	0.225521783628531	0.26269181476525	0.194325105988926	0.0701296516668013	
8.32162757720806e-07	3.24543475511114e-05	0.000104020344715101	0.000647422625506787	0.0028676328631059	0.00990273681687759	0.0295725679211243	0.0747406980846942	0.147428450646091	0.229111050455692	0.256654805573493	0.184830005791853	0.0641073223665377	
8.33336805570023e-07	4.83335347230613e-05	0.000213334222225926	0.000827503447931033	0.00343501431255964	0.0115400480835337	0.0332443051846049	0.080022000091667	0.155388147450614	0.231524298017908	0.249688540368918	0.175187396614153	0.0588802453343556	
1.16505209863331e-05	7.57283864111652e-05	0.000269626342826566	0.00111096039405391	0.00416838997289589	0.0130510800449044	0.0372259110915456	0.0860757134071699	0.161531976935297	0.232883928355953	0.243752200076061	0.165181086544231	0.0546617479276636	
4.15570599211247e-06	8.31141198422494e-05	0.000380662668877502	0.00136057814181762	0.00473584254861137	0.0150602785154156	0.0409935461885943	0.0912568101631946	0.167819875079478	0.233397746776211	0.236868592420823	0.157466349170729	0.0505724485004135	
1.49366685254521e-05	9.79181603335192e-05	0.000406609309859529	0.00163639501845508	0.00543777715818264	0.0171464656523009	0.0453643219416341	0.0986176943094612	0.172243022916169	0.233561366472822	0.23039728219018	0.148706152579729	0.0463700576223479	
2.74622165670398e-05	0.000112345431410618	0.000488494579540982	0.0019573070716872	0.00642449429992569	0.019047959848575	0.0496966257257723	0.104355590766371	0.177308552982522	0.233642713233709	0.224722485979706	0.139652028750444	0.0425639391137693	
7.53017088467794e-06	3.01206835387118e-05	0.000136379761578056	0.000537152189773693	0.00225068440886485	0.0071812729670212	0.0216166105529488	0.0540047122136025	0.110286046091339	0.181295557533852	0.232857984323858	0.218252799550198	0.131964571382673	0.0395785781698673	
8.39567824066883e-07	1.17539495369364e-05	5.12136372680799e-05	0.000186384056942848	0.000680049937494175	0.00249267686965458	0.00840575305455764	0.0245884228634468	0.0586093902302851	0.116083684762432	0.184738504007677	0.231790403571857	0.21144431692342	0.124178797722085	0.0367378088455187	
1.68590850237376e-06	8.4295425118688e-06	7.83947453603798e-05	0.000218325151057402	0.000855598564954683	0.00295624055891239	0.00991482790246008	0.0273041311501942	0.0628228514782046	0.121033900248166	0.188673392317652	0.229662042781614	0.204383530697022	0.118415684343979	0.0336709646094087	
1.68673743654705e-06	2.69877989847527e-05	6.91562348984289e-05	0.00029686578883228	0.00103565678603989	0.00332961969974387	0.0111948763663627	0.0300618779628597	0.0678869649774272	0.126235429751181	0.192165779302214	0.227926299694448	0.197840807407476	0.111578524796305	0.030349466695791	
8.45889863447999e-07	3.2143814811024e-05	9.89691140234159e-05	0.000351890183194368	0.00117578691019272	0.00406619257359453	0.012931964232393	0.033533611856669	0.072289747730266	0.131778644156973	0.194765295169038	0.224858672951064	0.190451256865454	0.105472315293604	0.0281926632588584	
2.54446883364941e-06	1.69631255576628e-06	4.24078138941569e-05	0.00010262690962386	0.000406266857106023	0.001393520764562	0.00485993547227038	0.0146247586995389	0.0363163555064002	0.0765851192677358	0.136520930800626	0.196785826969334	0.222012539142412	0.184730133635503	0.0992241066369925	0.0263912307426117	
3.3954156795203e-06	8.48853919880074e-07	3.3954156795203e-06	4.49892577536439e-05	0.000135816627180812	0.000442252892257518	0.00165017202024686	0.00584435923837431	0.0163871249232848	0.0394352065558686	0.0811529813022947	0.141731441294536	0.198778668980077	0.22005604133579	0.177261919818956	0.0933739311868081	0.023697454881292	
1.69824554253001e-06	0	3.39649108506002e-06	5.77403484460204e-05	0.000141803502801256	0.000594385939885504	0.00199034377584517	0.00670297515636596	0.0182841606336494	0.0429749525764932	0.0855830841158	0.146308948225588	0.200800552948749	0.216117878619598	0.17130032962946	0.0873738840403979	0.0217638657502934	
1.69854553545799e-06	8.49272767728994e-07	3.39709107091597e-06	4.67100022250947e-05	0.000231851465590015	0.000706594942750523	0.00255291393979336	0.00772668364079838	0.0204097231540632	0.0466310198576959	0.0912169908907003	0.14961128785421	0.201920545436942	0.212825207774583	0.164240011278342	0.0818316775345272	0.0200428373184043	
8.49894952983811e-07	2.54968485895143e-06	3.39957981193524e-06	6.71417012857211e-05	0.000258368065707079	0.000895789280444937	0.00267291962713409	0.00871142326808406	0.0223258905199317	0.0496925080060105	0.0954160065815865	0.154236386382643	0.2032158325231	0.208962822195177	0.157556076068998	0.0769545884128722	0.0190274482074016	
8.50918268449397e-07	0	5.95642787914578e-06	8.67936633818385e-05	0.000300374148762637	0.000988767027938199	0.00318839075187989	0.00973535590932955	0.0242520215690763	0.0532904583981804	0.100425374042398	0.157771308908008	0.204398226345961	0.205384440619094	0.149782037285537	0.0726709728803839	0.0177186711039218	
2.13231800879027e-05	0.000102351264421933	0.000351406007848636	0.00112074634542016	0.00390896537371432	0.0104927104576551	0.026185718075148	0.0566531307119469	0.104861429181881	0.16197599351093	0.205597249480354	0.199503084611232	0.144092668834808	0.0686538164654185	0.0164794064991347	
3.4088042596418e-06	2.98270372718658e-05	0.000133795567190941	0.000403091103702643	0.00129790222185862	0.0044280367332747	0.0115064187784209	0.0284490281499056	0.060401454877658	0.109563229910212	0.165604824139788	0.203780875244582	0.195324484077475	0.13951042753223	0.0646735388160541	0.0148896570061154	
7.6746821615657e-06	2.13185615599047e-05	0.000150082673381729	0.000448542535220396	0.00164152924011266	0.00500389276934084	0.0129480415490237	0.0305981050357001	0.0646779575453638	0.114101205180922	0.16743171877918	0.202053915494927	0.191724646047922	0.134802381198052	0.0607817772346756	0.013607211472456	
5.11668602479546e-06	3.07001161487728e-05	0.000154353361747996	0.000597799483896936	0.00177804839361642	0.00554478208887001	0.0142602039511049	0.0339227755633898	0.0690599112766643	0.117902943288358	0.169487666228337	0.201410670337036	0.188402348899998	0.128269349174593	0.0569154569968123	0.0122578741534017	
1.02130006391636e-05	2.80857517577e-05	0.000177025344412169	0.000654483124293069	0.00206983479620383	0.00580523977997792	0.0161552648443837	0.0370085099827826	0.0724067701981237	0.121267467422656	0.171862672589072	0.200940787575544	0.184034016100796	0.122384939909257	0.0539016641233458	0.0112930254567552	
1.36175196198669e-05	3.91503689071174e-05	0.000192347464630621	0.000799178182690941	0.0023745549837143	0.00673811892690541	0.0175240455608163	0.0399742288441194	0.0761678938037732	0.124995212590759	0.17487874024326	0.199511131045647	0.178613344999008	0.117193224943551	0.0505175934098014	0.0104676171127965	
1.70351947122756e-06	1.27763960342067e-05	4.76985451943716e-05	0.000280228953016933	0.000920752274198494	0.00278610609519267	0.00795373241116146	0.0194320466082927	0.0424406323464277	0.0797911485128275	0.129539879390821	0.17691475588566	0.19813379441927	0.173327143879255	0.112046437940786	0.0469932881332834	0.0093778746891077	
5.96128739962682e-06	1.70322497132195e-05	7.91999611664707e-05	0.000313393394723239	0.00096998662116785	0.00325571453268191	0.00889849886267153	0.0214172024018879	0.0451507907647736	0.083336243009326	0.133670798974318	0.178717693015841	0.196555568140496	0.167697827451388	0.106690863816093	0.0442617073297435	0.00896151818661044	
5.94989676929105e-06	1.18997935385821e-05	1.95496608133849e-05	0.000108798112352751	0.000377393452223604	0.00115427997324246	0.00364048683755337	0.00963628281049324	0.0230371503054422	0.048300411987852	0.0883109178055761	0.136698878274462	0.180610816402335	0.19373288873438	0.163376515417458	0.101477189370764	0.0412557342130114	0.00824485695173189	
2.54703308850685e-06	1.35841764720365e-05	1.52821985310411e-05	0.000127351654425343	0.000461862000049243	0.00138303896705922	0.00413892876882364	0.0106533903981947	0.0251536497710642	0.0518100490643474	0.0920260035098116	0.141374769599632	0.181246025567118	0.190565619637965	0.157810774119767	0.0963788830580698	0.0391181831843177	0.00772005729126427	
1.69293394764263e-06	6.77173579057053e-06	2.96263440837461e-05	0.000142206451601981	0.000523963056795395	0.00167600460816621	0.00453790944665607	0.0117379575259802	0.0274153723481248	0.0547113928529408	0.0962382161216407	0.143605661509708	0.181724608741803	0.188266951982468	0.153301940694831	0.0921396230343979	0.0370346230386302	0.0069054775724343	
1.26610699110518e-05	2.11017831850863e-05	0.000173878693445111	0.00061870428298673	0.0018839672027645	0.0052087641614067	0.0132274417717395	0.0298623994922067	0.0586148451888778	0.0999549265911167	0.146770498694222	0.180822868255659	0.185553888045755	0.148243403160541	0.0881286432228669	0.0344397983007156	0.00646221008260082	
8.44947131657972e-07	1.09843127115536e-05	3.71776737929508e-05	0.000228135725547652	0.000713135379119329	0.00222305590339212	0.0057498652309325	0.0146733518883723	0.032036170496812	0.0617901387910158	0.103764577450389	0.148059240933295	0.181568154280587	0.182288049236759	0.145167831848761	0.0833683986392971	0.0321578428837708	0.00616304437831325	
8.45294961450323e-07	1.85964891519071e-05	7.01594818003768e-05	0.000263732027972501	0.000860510270756429	0.00241331711494067	0.00650708061324459	0.0163581480939867	0.0340670775363709	0.0650158619599516	0.106236670755077	0.150906282992919	0.182587938148077	0.180033456774574	0.139575949329639	0.0792480932258907	0.0303258020369918	0.00551047785369466	
1.69157940231425e-06	1.43784249196711e-05	0.000120102137564312	0.000312096399726979	0.000965046049020279	0.00273697547294446	0.00752414518149378	0.0173243104488014	0.0367233430345412	0.0673612291692569	0.110128585408267	0.154483488916349	0.183104166613805	0.175574946694104	0.134191302406187	0.0759713683270364	0.0281943996880728	0.00526842404850773	
5.08425888029367e-06	2.79634238416152e-05	0.000127953848487391	0.000327087321298893	0.00104142569398015	0.00309122939921855	0.00854494442481356	0.0188210789983671	0.0383370067103743	0.0707305147896854	0.114024673908346	0.156561278453843	0.181840213606663	0.172356376041955	0.130260407266084	0.0727743868595634	0.0263457821412017	0.00478259285339624	
9.3461914269935e-06	2.29406516844386e-05	0.000122350142317006	0.000415480691618166	0.00120141042525171	0.00360847954458558	0.00932410042907515	0.0202982284718977	0.0411580780831811	0.074580908279876	0.116497727176176	0.157760312672586	0.180853052381155	0.170513615701602	0.126127702961043	0.0684498067037682	0.0247521135137432	0.00430434597901355	
1.36061016562878e-05	4.42198303829352e-05	0.000124155677613626	0.000471111269848964	0.0013427521572049	0.0040852320223004	0.0100327992088052	0.0220529396407819	0.0439613144514658	0.078253792913432	0.119760906778645	0.159798561664979	0.180371837750639	0.167155210754263	0.121022872707266	0.0648619873582308	0.0227128355711119	0.0039338641413742	
5.94804130999662e-06	1.69944037428475e-05	4.41854497314034e-05	0.000141903271252776	0.000483490786484011	0.00172748114046045	0.00465051858423021	0.0106648380688239	0.023860992575145	0.0466351930309349	0.0811474281519096	0.123090466309444	0.162016997802624	0.179164351179157	0.163416486950847	0.116297803133428	0.0614118270853408	0.0214350414408535	0.0037880525942807	
1.02074146660134e-05	6.80494311067559e-06	3.48753334422124e-05	0.000176077902988731	0.000631158473515161	0.00198364091676194	0.00511306412978388	0.0117725515814688	0.0257516059665741	0.0491597596494093	0.0843115439054929	0.125711116555066	0.162814218248135	0.179291537372748	0.159364112091023	0.112085068593827	0.0584238390767053	0.0200737315586042	0.00328508628667864	
7.65943105746105e-06	7.65943105746105e-06	3.91482031825787e-05	0.000193187872227073	0.000692752986752588	0.00214549174398437	0.00548415263714211	0.0128355043565142	0.0271509810029089	0.0518560503548019	0.0878502700374972	0.129505660319551	0.164662448873298	0.177108173293777	0.155017523076164	0.108287334194594	0.0552134343016556	0.0187962438150094	0.00314632406882595	
8.48294419240675e-07	5.08976651544405e-06	5.68357260891252e-05	0.000208680427133206	0.0008550807745946	0.00237183119619693	0.00611111299620982	0.0140519970547218	0.0290439043259622	0.0553571489163887	0.0914724355211412	0.131945410557533	0.165834772606198	0.174693511226328	0.151471451499615	0.103641218965149	0.0528080241865705	0.0171126433193421	0.00295800263989223	
1.69298697077227e-06	0	1.01579218246336e-05	8.54958420239998e-05	0.000257334019557386	0.00102510361080261	0.00282136278679199	0.0068142725573584	0.0151987905301081	0.0314387680472411	0.0582294403662269	0.0943340805049164	0.134976772218761	0.167041945445188	0.172061651813528	0.147880718909987	0.0992462822006122	0.0496417639569846	0.0163153154373324	0.00261905084378471	
1.69710855130571e-06	0	8.48554275652856e-07	2.54566282695857e-06	6.78843420522285e-06	1.27283141347928e-05	0.00011285771866183	0.000389486412524661	0.00120918984280532	0.00304036996966418	0.00745624642016165	0.0166639088652708	0.0338921063238507	0.0608175820445915	0.0972553511954008	0.137279110715119	0.166822376376249	0.170828401111606	0.143761216826831	0.0952298521394175	0.0473433887014998	0.0155064808332803	0.00236746642907147	
1.69709559060624e-06	8.48547795303118e-07	1.69709559060624e-06	5.93983456712183e-06	5.09128677181871e-06	2.29107904731842e-05	0.000147647316382743	0.000465004191826109	0.00133137149083059	0.00331188204506807	0.00806035550758432	0.0178195037013655	0.036143044793141	0.0631209248492131	0.100445148173416	0.140281072971716	0.168331517441051	0.16874730586075	0.140091846813364	0.0908294045570411	0.0447659874890113	0.0140214037695887	0.00204839437786173	
8.48734324937936e-07	1.69746864987587e-06	2.54620297481381e-06	4.24367162468968e-06	7.63860892444143e-06	1.95208894735725e-05	3.56468416473933e-05	0.00015616711578858	0.000483778565214624	0.0014318148061703	0.00364276772263362	0.00871395531413779	0.0195539901122451	0.0379010800144285	0.0664864520783382	0.104377347280867	0.143065204014513	0.167173502514375	0.167538458274099	0.13544866218252	0.0873856860956099	0.041887585138662	0.0127488382948927	0.00193256805788368	
1.69711143148804e-06	1.69711143148804e-06	4.24277857872009e-06	2.54566714723205e-06	1.35768914519043e-05	1.35768914519043e-05	6.53387901122894e-05	0.00016886258743306	0.000601626002462509	0.00156303962840048	0.00421901901867926	0.00972444850242644	0.0210034510760959	0.0405906626626151	0.069931173645896	0.107089428438327	0.144687235091512	0.167453984944924	0.164384758921078	0.131894409120956	0.0836328027880147	0.0392473989645923	0.0118212296760299	0.00188379368895172	
8.46844741178842e-07	1.69368948235768e-06	1.10089816353249e-05	8.46844741178842e-06	8.46844741178842e-06	2.20179632706499e-05	7.45223372237381e-05	0.000214251719518247	0.000641061469072383	0.00175381545898138	0.00462546597631883	0.0106084240727473	0.0227081417347106	0.0429917669754263	0.0728676025994746	0.110489527071086	0.14529738646776	0.167604123795152	0.16188453441323	0.127906582862911	0.0806170788260022	0.0368487552229149	0.0110479364934192	0.00176651813009906	
8.47019760971024e-06	5.08211856582614e-06	5.08211856582614e-06	2.96456916339858e-05	8.04668772922472e-05	0.000269352283988785	0.000735213152522848	0.00206418715748638	0.00506941326941158	0.0119404375704085	0.0240824658439281	0.0458161458906836	0.0762427897442847	0.112933991750028	0.147051100702179	0.166446159188894	0.159601392500487	0.124740600198203	0.0762190731909776	0.034696470468656	0.0102353867915738	0.00172707329261992	
1.69698615259299e-06	6.78794461037198e-06	5.09095845777898e-06	2.54547922888949e-05	0.000115395058376324	0.000279154222101548	0.000853584034754276	0.0023019617159924	0.0058622386641325	0.012768972305186	0.0262472848221558	0.0479228889492262	0.0791397977192506	0.115201601954928	0.148551622318762	0.166607554982351	0.156565639424382	0.12067438229704	0.0729076160738528	0.0327365598696715	0.00972373065435786	0.0015009842519685	
8.49995367525247e-07	4.24997683762623e-06	3.90997869061614e-05	0.000132599277333939	0.000312798295249291	0.000957094783833428	0.00263498563932827	0.00643021495532849	0.0140206735873289	0.0279665475823157	0.0501786265264854	0.0820194529939812	0.118044806655804	0.150884377680142	0.166025345161869	0.152153420763857	0.1167545136879	0.0701433177189184	0.0309449313501241	0.00904565070120368	0.0013064428798863	
8.51060208254433e-07	2.5531806247633e-06	4.51061910374849e-05	0.000121701609780384	0.000349785745592572	0.00110297402989775	0.00298126390951528	0.0069012472287352	0.0147488734090493	0.0300415742911732	0.0527989242598968	0.0850328296475334	0.121333951770418	0.151993395772784	0.163598452772541	0.150013829728384	0.113144199386386	0.0668269496725546	0.0293147688733239	0.00843145348317667	0.00121531397738733	
1.70267106523359e-06	4.25667766308396e-06	3.74587634351389e-05	0.000154943066936256	0.000406938384590827	0.00122592316696818	0.00319676492497606	0.00743556454187507	0.015919974459934	0.0318373949132702	0.0557709907417261	0.0880885388953921	0.123805469830797	0.151954027881239	0.162188783654358	0.146989039055018	0.109945727359796	0.0640766201979355	0.027863360647015	0.00792423113759711	0.00117228902841332	
8.51067451350857e-07	1.27660117702629e-05	5.3617249435104e-05	0.000179575232235031	0.000500427661394304	0.00129957999821276	0.00352086604623849	0.00814726871178175	0.0171566687517819	0.033059715147724	0.057942374222869	0.0904795339554636	0.1253426610326	0.153370865407938	0.162140264426657	0.144162315584322	0.106443857207903	0.0614657934714616	0.0261541538474632	0.00753790441661454	0.00102894054868319	
6.81679522006319e-06	2.21545844652054e-05	8.86183378608215e-05	0.000195130763174309	0.00054363941880004	0.00156871500001704	0.00395203702883164	0.00849543104300375	0.018229814617254	0.0346497701035812	0.0604956491804508	0.0932852862883572	0.128167679528823	0.154404672231444	0.16068208852972	0.141422085734833	0.102078952122239	0.058897110701346	0.0248847109508407	0.00701107388383499	0.000918563155903515	
1.10915444890381e-05	2.81554590875584e-05	8.1053594342971e-05	0.000246573565948617	0.000682556583940809	0.00185399432112922	0.00430437245747672	0.00927253119283589	0.0194665137739919	0.036543226308461	0.0631433095803642	0.0962251208125154	0.129585073852622	0.154555553280367	0.159931539574631	0.138466841401152	0.0985534919594834	0.0562631392142409	0.0236377876976001	0.00633924427335026	0.000808829551969858	
5.96942630402118e-06	1.70555037257748e-05	7.76025419522753e-05	0.00027032973405353	0.000799903124738838	0.00201340221482771	0.00451459183621259	0.0101335275386691	0.0206729760660116	0.0387356072867934	0.0656227561352911	0.0991922513435473	0.131401570129673	0.156167014314684	0.158120722266472	0.134899653943829	0.0952251411769321	0.0535005568621966	0.0220271830618381	0.00585941830498993	0.000742767187257492	
2.56595355966184e-06	4.36212105142513e-05	0.000129152995836313	0.000327586737783495	0.000916900738652498	0.00212204359384034	0.0048505075456141	0.0111456469453178	0.0223477448689482	0.0408277424056328	0.0687769638953228	0.101970139143108	0.134132656377763	0.155713181132372	0.155737130032263	0.131111673720188	0.0915412485587894	0.0512643308506307	0.0208483726722525	0.00542442582512513	0.00076636479648567	
3.43554066821266e-06	4.98153396890836e-05	0.000152881559735463	0.000336682985484841	0.000962810272266598	0.00237395860173495	0.00544962638495233	0.0119745769990552	0.0236073177016233	0.042730395946062	0.071146611698016	0.10449712273469	0.135726187408743	0.155319934724727	0.153890749806751	0.128381860345272	0.0892038134501417	0.0490672507085803	0.0192304388903204	0.00513183887314266	0.00076269002834321	
9.45167402035547e-06	5.58508010293732e-05	0.000155522999789485	0.000432199275658073	0.00109123872780468	0.00267138677538956	0.00575950645076752	0.0129187198996404	0.0253751670153762	0.0455733943968758	0.0735168390165103	0.10689843317022	0.137513264565244	0.155599472424741	0.151579933236812	0.125269909736513	0.0856759880221513	0.0462779737329387	0.0182047834062974	0.00477825083883607	0.000642713833384172	
3.44170694897842e-06	7.74384063520144e-06	6.88341389795683e-05	0.000169504067237187	0.000471513852010043	0.00121320169951489	0.00284629164680515	0.00662098374309723	0.01415832196136	0.0271516261204907	0.047389723407221	0.0763508269561372	0.108822471593011	0.138584632434302	0.155542782998656	0.149135185086395	0.122586718108713	0.0828642573570788	0.0438077669000718	0.0170863541482033	0.00453100719833008	0.00058681103480082	
8.58357310114196e-07	7.72521579102776e-06	8.58357310114196e-06	6.26600836383363e-05	0.00015965445968124	0.000524456316479774	0.00125835181662741	0.0031441628269483	0.00716385011021308	0.0151748988855089	0.0282897402267437	0.0499254945854821	0.0787482747018067	0.111228515316528	0.139571473696499	0.154034794371923	0.147635740625021	0.120502207695002	0.0796100654411613	0.041965088891483	0.0162847548874865	0.00421281767804047	0.000485830237524635	
3.43161772464871e-06	4.28952215581089e-06	7.7211398804596e-06	3.00266550906762e-05	5.91954057501902e-05	0.000186165261562192	0.00055163254923728	0.00145329010638873	0.00341445963602547	0.00780178289698884	0.0161654931963889	0.0305045078588335	0.0518526017238732	0.0810436578985974	0.112893359905493	0.140021155923272	0.153995561202473	0.1463456273898	0.11703189088142	0.076957459092972	0.0395991527335838	0.0157159512744599	0.00391290211053069	0.000448684017497819	
1.715092297692e-06	5.145276893076e-06	1.3720738381536e-05	3.6016938251532e-05	6.3458415014604e-05	0.000176654506662276	0.000616575681020274	0.00154186797562511	0.00386496049284892	0.00866035855719575	0.0173421557681127	0.031862984706522	0.0543341239908826	0.0837582474500865	0.115138433674808	0.141760096319583	0.153549640773918	0.144082331290658	0.113645445829667	0.0729857527282831	0.0379198331558213	0.0146331674839081	0.00360855419434397	0.00039875895921339	
4.27860934927486e-06	5.99005308898481e-06	2.56716560956492e-05	2.9950265444924e-05	6.41791402391229e-05	0.000210507579984323	0.000742766583034116	0.00172000095840849	0.00419303716228936	0.00902444283949054	0.0184168460830187	0.034204914581843	0.0568558724769041	0.0866067547261519	0.117814931319763	0.143113492680155	0.15281909012805	0.140796197856588	0.109915762739131	0.0701905863748541	0.0361961793729955	0.0133946144288399	0.00326629037723643	0.000387642007044302	
4.26733305339629e-06	3.41386644271703e-06	1.02415993281511e-05	2.13366652669814e-05	2.73109315417362e-05	6.57169290223028e-05	0.000246651850486305	0.000763852616557935	0.00190237707520406	0.0045054502377758	0.00980121055704059	0.0195623081833792	0.0362561150882655	0.0595199079621607	0.0890370506925028	0.120821000740809	0.144031878684842	0.151569695790361	0.137898867620501	0.106493003280726	0.0678215776842378	0.0339176165750044	0.0124401293172609	0.00291970927513374	0.000359309443095967	
8.50369060172115e-07	8.50369060172115e-07	8.50369060172115e-06	8.50369060172115e-07	1.10547977822375e-05	4.33688220687779e-05	7.65332154154903e-05	0.000255110718051634	0.000852920167352631	0.00217184257967958	0.00505119221742236	0.0106151569781285	0.0208612537841423	0.0384086193407939	0.0613600802748393	0.0921204802884452	0.121665702915065	0.145152045987959	0.150471104459335	0.134957821694615	0.102920167352631	0.0656969624817171	0.0320572128303684	0.0120429266301575	0.0028512874587571	0.000346100207490051	
1.69431219396486e-06	1.69431219396486e-06	2.54146829094729e-06	1.01658731637892e-05	2.45675268124905e-05	9.48814828620322e-05	0.000379525931448129	0.00093441317497162	0.00244065671540638	0.0055014316938039	0.0113417258264008	0.0227478355161722	0.0403407261822063	0.0642983006048694	0.0932795106826384	0.124271022178547	0.145309296691008	0.148759763474018	0.132623981294793	0.100347333999763	0.0623362870842581	0.0306899239253825	0.0112299012215991	0.00270666372985886	0.000326155097338236	
1.69226642704174e-06	0	8.4613321352087e-07	6.76906570816696e-06	4.06143942490018e-05	0.000140458113444464	0.00040783620891706	0.00113635690575853	0.00264839695832032	0.00584931890506978	0.0124263123737675	0.0239447238094271	0.0419140548649698	0.0667632950796507	0.0961562706509387	0.126562067678811	0.145250611965847	0.147864317462413	0.129892448007229	0.0969110214773994	0.0597141592778084	0.0291518276054345	0.0103964387945309	0.00254347643984374	0.000276685560821325	
8.47288169484747e-07	0	0	8.47288169484747e-07	8.47288169484747e-06	5.16845783385696e-05	0.000179625091930766	0.00046770306955558	0.00114807546965183	0.00284858282580772	0.00631314415083085	0.0130456959455567	0.0253432364374583	0.0440267878627664	0.0695496493921555	0.0988259975123619	0.127666839513453	0.145837781596223	0.145766609389986	0.126876319651324	0.0942548778379917	0.0576147482367933	0.0273216543132052	0.0101369556597155	0.00240968755401462	0.000304176452845024	
5.9384437883878e-06	1.69669822525366e-05	5.9384437883878e-05	0.000220570769282975	0.000487800739760426	0.00145746377549289	0.00303708982320405	0.00686908276493943	0.0137262886423021	0.0270776069768231	0.045591978010791	0.0709084122298008	0.102099664053751	0.129232413722895	0.145199192371645	0.144359326750144	0.124982184668635	0.091411313583766	0.0548109878177067	0.0265490854796566	0.00949557161763209	0.00218449896501408	0.000217177372832468	
