# <P(N_2)> as a function of N_tot.
# number_of_species: 2
# species_total_upper_bound: 100
# species_total_lower_bound: 0
# volume: 512
# Bin widths for each species index 
1	1	1	1	1	1	1	1	1	1	1	1	1	1	1	1	1	1	1	1	1	1	1	1	1	1	1	1	1	1	1	1	1	1	1	1	1	1	1	1	1	1	1	1	1	1	1	1	1	1	1	1	1	1	1	1	1	1	1	1	1	1	1	1	1	1	1	1	1	1	1	1	1	1	1	1	1	1	1	1	1	1	1	1	1	1	1	1	1	1	1	1	1	1	1	1	1	1	1	1	1	
# Bin lower bound for each species index 
0	0	0	0	0	0	0	0	0	0	0	0	0	0	0	0	0	0	0	0	0	0	0	0	0	0	0	0	0	0	0	0	0	0	0	0	0	0	0	0	0	0	0	0	0	0	0	0	0	0	0	0	0	0	0	0	0	0	0	0	0	0	0	0	0	0	0	0	0	0	0	0	0	0	0	0	0	0	0	0	0	0	0	0	0	0	0	0	0	0	0	0	0	0	0	0	0	0	0	0	0	
# Bin upper bound for each species index 
0	1	2	3	4	5	6	7	6	6	7	7	7	7	7	8	8	9	9	9	10	10	10	10	10	11	11	11	12	12	12	12	12	12	12	12	12	13	12	13	14	14	14	14	15	16	16	16	16	16	14	15	15	15	15	15	16	16	17	17	17	16	17	17	17	17	17	17	18	18	18	19	20	22	22	23	23	23	21	21	20	20	20	20	20	20	20	20	20	22	22	22	23	23	23	24	25	24	24	25	22	
# Normalized histogram for each species index 
1	
0.920437823305334	0.0795621766946658	
0.847606939732903	0.146104203185493	0.0062888570816046	
0.780449054725582	0.201649588787852	0.0174336569834962	0.000467699503069278	
0.719133215020362	0.246753124536819	0.0322432907840574	0.00183429544312076	3.6074215640682e-05	
0.661394731932466	0.284420304056014	0.0498288763849411	0.00415933074439948	0.000190485746492475	6.27113568699508e-06	
0.608783814453483	0.315039654651576	0.0678816887387676	0.00777284388103761	0.000503215728504549	1.48695160833382e-05	3.91303054824688e-06	
0.560077345049815	0.338670882263907	0.0872126449144144	0.0128673752979247	0.00110995778405807	5.39725772374958e-05	2.3466337929346e-06	5.47547885018073e-06	
0.516923781991977	0.355048296320314	0.107375818091265	0.018466629826417	0.00202257647404516	0.000154323754088995	8.57354189383305e-06	
0.475329089360643	0.368561417699466	0.12659742017274	0.0258900481821823	0.00332647608973786	0.000280771070468872	1.47774247615196e-05	
0.436980382980504	0.376509940229999	0.146587593192078	0.0341945771547496	0.00522309536391206	0.000481166328584689	2.24699251674009e-05	7.74825005772446e-07	
0.402681391434797	0.380870871057028	0.164450254315301	0.0435164320849515	0.00754499722593303	0.000887236502381978	4.64927424828984e-05	2.32463712414492e-06	
0.371412439355354	0.382882254896494	0.180930163392011	0.0527391552193121	0.0104753362950846	0.0014568656244772	0.000101461667627067	2.32354964031452e-06	
0.341852165497218	0.383403283143182	0.196258072921514	0.062453082444614	0.0136999261727062	0.00212796317320876	0.000187670221543921	1.78364260145049e-05	
0.31465191673479	0.379728893848358	0.212133880809029	0.0731329203435296	0.0170039693024037	0.00296376651674287	0.000354346494922588	3.03059502236424e-05	
0.288289877872848	0.3754935765098	0.226132660929261	0.0839849579643817	0.0213372736543627	0.00415537011242662	0.000543322803701124	6.14055815341757e-05	1.55457168440951e-06	
0.265415474539746	0.368079280361033	0.238010618516534	0.0956156429864053	0.0264599682548817	0.00548579285415988	0.000808792822274776	0.000112764383874849	1.16652810905016e-05	
0.245499121865207	0.359103097456247	0.247615352859361	0.106736720495021	0.0323506568323863	0.00735083175963596	0.0011661816646699	0.000153158525293314	2.25461788502848e-05	2.33236332933981e-06	
0.225628942437016	0.350196922516843	0.257129544133903	0.117756008995505	0.0380760946254894	0.00931210527011795	0.00165534709003517	0.000207696274924525	3.11155468051723e-05	6.22310936103447e-06	
0.207802550247465	0.339935263906128	0.264096665515665	0.128818916253706	0.0450026286400443	0.0116523413561294	0.00228333939942574	0.000342967532406932	5.13284742377722e-05	1.39986747921197e-05	
0.191513616114301	0.329233063740413	0.270752317433805	0.139103570492678	0.0512786418177732	0.0143295596545292	0.00314460273729737	0.000545873175465567	9.02012654615467e-05	6.22077692838253e-06	2.33279134814345e-06	
0.174914026952706	0.319573766116067	0.274976411727096	0.150335667330863	0.0582164782708554	0.0169377766190556	0.0041403626386587	0.000755755848960564	0.000131132175024985	1.62945306244064e-05	2.32779008920092e-06	
0.160895484081709	0.306582360192412	0.278722336938135	0.160938259506838	0.0660024809746575	0.0204233211617805	0.00519604755071804	0.00102194379309138	0.000187434135566988	2.644299007999e-05	3.88867501176324e-06	
0.148269754884856	0.294828265527288	0.281016301893948	0.170107158705081	0.0733837795494656	0.0242371868450236	0.00647273083340392	0.00135687213772641	0.000273550396609219	4.27422494701904e-05	1.16569771282337e-05	
0.137889718044091	0.283956235100443	0.281343231427484	0.178115997173452	0.0808540212301695	0.0277840331109886	0.00790190947281777	0.00173553141428338	0.000347882806979399	5.97923574495842e-05	1.16478618408281e-05	
0.126458476853662	0.272900413959175	0.282200531257952	0.186696674052145	0.0876311853382735	0.0322067375424355	0.00916978532461971	0.0022032309917022	0.000432888342735854	7.91301271667691e-05	1.62914967696289e-05	4.65471336275112e-06	
0.116483356308507	0.261193613263472	0.281337077588894	0.194281585178454	0.0960018545539689	0.0361893877956083	0.0110373872497864	0.00277640374694332	0.00058381234891045	8.45093572792019e-05	2.17088257230977e-05	9.30378245275617e-06	
0.107177898409817	0.249235139437734	0.279652505503053	0.200853118164675	0.104240617362509	0.0411675518199313	0.0134361858489392	0.00341664778837969	0.000697401291042878	0.00010205872551847	1.46902710973555e-05	6.18537730414969e-06	
0.0989247195516845	0.23779946487085	0.278242433748214	0.205986863606968	0.11197921294447	0.0459580596584785	0.0155740662475362	0.0044310795222315	0.000943391124087997	0.000143710687207508	1.23622096522588e-05	3.86319051633087e-06	7.72638103266173e-07	
0.0905991011135631	0.227503400266171	0.27467069182235	0.211934145292007	0.119133626804335	0.0516201585174455	0.0177683631692097	0.0052356786638782	0.00126081176880807	0.000230917906375105	3.00193278287636e-05	9.23671625500418e-06	3.84863177291841e-06	
0.0836137416846294	0.216405672676934	0.27063773491953	0.216732570622618	0.126932323684217	0.0570958724146478	0.0203635933911365	0.00620568940551383	0.00160763191598262	0.000338408436729516	4.75766963202495e-05	1.15104910452217e-05	7.67366069681443e-06	
0.0770096605920177	0.206256091505912	0.266930555300146	0.220656564727805	0.133839962730711	0.0624919546148329	0.0232994354438294	0.00715426298142052	0.00185656840569583	0.000410697757099861	7.58564887180713e-05	1.53245431753679e-05	3.06490863507359e-06	
0.0702006346496608	0.19419066816297	0.262552139064114	0.225879398142107	0.140940122784905	0.0686600663511329	0.0261865906847431	0.00850728373322607	0.00231353903924419	0.000469769705380705	8.21329386858423e-05	1.68871462718554e-05	7.6759755781161e-07	
0.0641520206209775	0.184868997090871	0.256588130659891	0.229241853708622	0.147337313978018	0.0747717626438929	0.0294957023003686	0.00989917422469898	0.00284006541128767	0.000661479704007017	0.000109735032103252	3.29972474156633e-05	7.6737784687589e-07	
0.05907694906405	0.175209225902551	0.249959306521706	0.231527464258841	0.155165000537461	0.0799027963329801	0.0331459897728843	0.0115216289676141	0.00340212834569494	0.000817708573271295	0.000223430229879762	4.76036915895026e-05	7.67801477250042e-07	
0.0547990789890348	0.165191582088591	0.243589458518853	0.232738520141173	0.161735874113167	0.0860944365938543	0.0371364011718891	0.0130775582935075	0.00417261211498989	0.00110334230677517	0.000268359838340033	7.97412091067528e-05	1.3034620719373e-05	
0.0507496851590282	0.157687670100252	0.236818594182428	0.233221177218146	0.167624778462964	0.0912981400458577	0.0409373648289141	0.0150855716708199	0.00474960094624545	0.00136271593880027	0.000370536244033333	8.42127827348484e-05	9.95241977775481e-06	
0.0464378140852302	0.148833133016647	0.230546295312895	0.233775303512253	0.172146022077369	0.0983632611301834	0.0452466111077576	0.0170558260828371	0.00542803460677694	0.00164735960194413	0.000404963167453798	9.93305882433844e-05	1.45175475124946e-05	1.52816289605207e-06	
0.0426779946110126	0.13960400661494	0.224868164185809	0.233855421778947	0.177229729884851	0.104227393534593	0.0495799084591491	0.0189540527986078	0.00641750188828833	0.0019384131031522	0.000507369872637152	0.000114789563945057	2.52537040679126e-05	
0.0396092963182213	0.13189977935467	0.218431957439284	0.232974560439138	0.181358929216671	0.11014584118149	0.0540419610526397	0.0214379617599348	0.00719365279496898	0.0021956901124753	0.000536621743174986	0.000139152629677181	2.76767661236383e-05	6.91919153090957e-06	
0.03673873665549	0.123990442054958	0.211558176282422	0.231902724785139	0.184802096581493	0.116088179751031	0.0586742205264578	0.024494546575712	0.00837399313986203	0.00246810806644313	0.000662118934751609	0.000188075692758315	4.70189231895788e-05	1.07912282730181e-05	7.70802019501291e-07	
0.0335000065781887	0.118254164186947	0.204016719434059	0.229911565926221	0.188838903253417	0.121315730616206	0.0628665889150555	0.0272716226998589	0.00991139566721794	0.00296018493223305	0.000858260154208222	0.000212049848740354	7.35209329574221e-05	7.73904557446548e-06	1.5478091148931e-06	
0.0302099849960922	0.111489802067704	0.197595346852084	0.227706958265589	0.19242492430269	0.126506878017532	0.0680450845354404	0.0300318281142404	0.0112432484351242	0.00333618126145917	0.00102169098766302	0.000296669938040135	6.42913964943373e-05	2.55616395700377e-05	1.54919027697198e-06	
0.0281486132394217	0.10549124862847	0.190149228679508	0.224777058382885	0.194907233285984	0.13188989839022	0.0724595223811936	0.0335057394450471	0.0128978214042602	0.00409827148367685	0.00120989926053941	0.000336471663335623	9.71338520022007e-05	3.10828326407042e-05	7.77070816017605e-07	
0.0264102040593678	0.0995251135005229	0.184456857332999	0.221603049746971	0.196940745947412	0.136478047214347	0.0765990209264884	0.0364775796529759	0.0146260989640399	0.0048961468267389	0.00142138656883205	0.000420805234193698	0.000101304963787372	3.97427165627382e-05	1.5585379044211e-06	2.33780685663166e-06	
0.0237394808923182	0.0933533040114709	0.177156860528308	0.219820404242496	0.198923704160549	0.141562063612484	0.0812274326009105	0.0394706782675411	0.0165623559994293	0.0058859441408385	0.00166543604249981	0.000453784539669891	0.000130209653135519	4.13240216537873e-05	3.11879408707829e-06	7.79698521769573e-07	3.11879408707829e-06	
0.0218083944453113	0.087473864877516	0.171207676704634	0.215658449056015	0.200940084256514	0.146274769854892	0.0856522078327352	0.0430730223123732	0.0183367139959432	0.00675222343579342	0.00202839756592292	0.000598377281947262	0.000138087065064753	5.30503978779841e-05	3.12061163988142e-06	0	1.56030581994071e-06	
0.0200420220846106	0.0819368233145329	0.164400288053354	0.212604752880338	0.201752818701934	0.14948736333655	0.091227558248492	0.0466627708204761	0.0205140488426762	0.00777634826056189	0.00258327371232271	0.000730276108346135	0.000230942017169291	4.52521520129015e-05	3.12083806985528e-06	7.8020951746382e-07	1.56041903492764e-06	
0.018984651970182	0.0769706117181262	0.157641906386862	0.209101476992017	0.203136010449722	0.153927942539026	0.0954412148427307	0.0497721154281839	0.0223275319249332	0.00872242456059761	0.00270930303413816	0.000928881576583122	0.000263274256777554	6.56232568822391e-05	3.90614624299042e-06	2.34368774579425e-06	7.81229248598084e-07	
0.0175957137863977	0.0726598279290416	0.149964305011139	0.205437367218942	0.204200357966394	0.157674109834224	0.100289234969986	0.0535072965561569	0.0243406201153969	0.00972248612274228	0.00320590261406171	0.00100164908502757	0.000311989059270884	8.13204565518093e-05	7.03734720159889e-06	0	7.81927466844321e-07	
0.0164070593139721	0.0686302166346173	0.144140459096758	0.199737806760605	0.205154847597241	0.162034795064561	0.10489531860475	0.0567092789450836	0.026263989255249	0.010511237636719	0.00389920370361664	0.00111976730154103	0.00037377816853399	0.000101084661930576	2.11572548226787e-05	
0.0148841560004324	0.0646625270866727	0.139478149692352	0.19537188062592	0.203647906942492	0.165476654931067	0.109606426533423	0.0605041450639191	0.0285281615219616	0.0115546300779187	0.00443414511092414	0.00126992035773993	0.000417561721576425	0.000131614201172306	2.74196252442305e-05	4.70050718472523e-06	
0.0135523220723036	0.060566722052211	0.134593936577927	0.191686831243098	0.202216625238698	0.1674783513683	0.114217184064975	0.0646370493972603	0.0307275965211495	0.0130327392141427	0.00504591872374125	0.00163488080596563	0.000435601943020126	0.00014677038440498	1.96217091450507e-05	7.84868365802029e-06	
0.012312911453581	0.0567638241734446	0.127979275017908	0.188159865431976	0.201439356910459	0.169801906014215	0.117809786152015	0.0691089026570751	0.0339660300471443	0.0144108294621751	0.00566139728871165	0.00180449192960599	0.00060175883043817	0.000145143916077003	2.82442215068763e-05	6.27649366819473e-06	
0.0113491394307172	0.0536848852626531	0.122104139697147	0.183625204916106	0.201070108734833	0.172160090022035	0.121278989947748	0.0723639874244984	0.0371858083646519	0.0163023887810979	0.00593668993489702	0.00206953512646027	0.000658239116329659	0.000170828723047459	2.5859393855808e-05	1.41051239213498e-05	
0.0105112046903136	0.0504136622152987	0.116887981306449	0.178638762163424	0.199258401362836	0.174973083354621	0.125172196006463	0.076211327402007	0.0399635782917843	0.0176842751939017	0.00685571267597687	0.00240643429282489	0.000779681576476968	0.000193549094864132	3.60455804200407e-05	1.41047923382768e-05	
0.00934329659029633	0.0468755878258907	0.112010615351818	0.173298126481321	0.198146702531884	0.177052374503091	0.129515286608229	0.0797076232396574	0.0423783278783091	0.0195346299988714	0.00802578282733281	0.00283253702519343	0.000929548675118819	0.000284507731086114	5.016114267083e-05	1.33240535219392e-05	1.56753570846344e-06	
0.00892024810933355	0.0440520973197737	0.106650508329586	0.167756597160749	0.196589358371967	0.179052026816364	0.133481756067602	0.0831485882867201	0.0452240206684663	0.0214816056603271	0.00895158295822908	0.00329642610380922	0.000972947058206049	0.000306298147953756	8.85209481298579e-05	2.19343942268674e-05	5.48359855671686e-06	
0.00812063876414249	0.0411459775346983	0.101507593497232	0.16331063652731	0.193884063275754	0.180591337046787	0.13692696821665	0.0881765439224648	0.0483429454541473	0.023003392789267	0.00964575150516896	0.00365323159658187	0.00115673935588623	0.000374630257923938	0.000114970037400457	2.18990547429442e-05	1.72064001551704e-05	5.47476368573605e-06	
0.00768519155160236	0.0390228961827194	0.0964118062544145	0.157737853396923	0.190575717419976	0.181453654450785	0.141279854734566	0.0919957120444047	0.0517484670246214	0.0252362751042298	0.0106597263459243	0.00415825431452092	0.00141186876105586	0.000458642480763581	0.000129701280761081	1.64079933492934e-05	1.56266603326603e-05	2.34399904989905e-06	
0.00692293607289926	0.0370527070355263	0.0921346563660235	0.153058831321124	0.188106730870373	0.182119579403389	0.143588005438615	0.0961980341510735	0.0546401592625924	0.0274385136530273	0.0117522391432234	0.00459711005403552	0.00168456812488556	0.000532953097789881	0.000137134130425466	2.72709918459734e-05	7.01254076039317e-06	1.55834239119848e-06	
0.00641343302362648	0.0344928828525136	0.0884474319082468	0.148402195340571	0.185075350264942	0.18094394052137	0.146679415342218	0.10001211693777	0.0585745199440135	0.0297633934882334	0.013244745054969	0.00523436177137203	0.00189599007032484	0.000619827970552734	0.000168549711290656	2.0194896283673e-05	1.16509017021191e-05	
0.00610656527659469	0.0322263742686422	0.0836677941441638	0.145113504237367	0.18211663174388	0.181336309542315	0.148301633391573	0.103636736698771	0.061893384981751	0.0320647138922223	0.0146030615988211	0.00575526484322052	0.00220961754885563	0.000703378080096499	0.000218396950836592	3.57518140159546e-05	1.0103773526248e-05	7.77213348172927e-07	
0.00550203116001805	0.0303133122694517	0.0794393687061277	0.139772603464645	0.180004358044483	0.182306339398279	0.150914411119239	0.106318386278386	0.0648749396877772	0.0340962505253	0.0163294370340394	0.0065051596133792	0.00242960979937431	0.000854488007595449	0.000256035113386979	6.53706672477393e-05	1.71208890410746e-05	7.78222229139753e-07	
0.00525200096638688	0.0280953605636218	0.0760936148324799	0.134154762183099	0.175779539095805	0.182974445301723	0.154490971296751	0.11003561603267	0.0673805460085884	0.0367476405352536	0.0173450858447702	0.00749027768035975	0.00274017441724533	0.000988987865609876	0.000298488851480364	0.000116901638960978	1.40281966753174e-05	1.55868851947971e-06	
0.00474786295433684	0.0263766695181423	0.0728554614082959	0.130163876591467	0.172215596530774	0.182075822192806	0.156466397337513	0.113995541707514	0.070626315165063	0.0384902373385118	0.0188603255677454	0.00848808312155403	0.00309239405311238	0.00104198537630112	0.000344206405205088	0.000126443169259012	2.80984820575582e-05	4.68308034292636e-06	
0.00427642819330488	0.0246459572544846	0.0685682918761939	0.126142511637218	0.170438613433255	0.180901748495353	0.157617930189988	0.116563750370444	0.0745415292081844	0.0412527925021366	0.0203632735436178	0.00926442150928436	0.00362038078899279	0.00120887876885159	0.000426939073604765	0.000129020049715726	2.89317687241325e-05	8.60133664771505e-06	
0.00388652109423406	0.0227128355331919	0.0647972562788282	0.120978139101156	0.167166563401613	0.180447857406608	0.159938009675623	0.119652121940382	0.0782929035003724	0.0438931237991526	0.0221378369413517	0.00998698234480514	0.00406645262637452	0.00135339804610002	0.000483468203751338	0.000140815981675147	5.00679045956078e-05	1.56462201861274e-05	
0.00372065325949857	0.0213619107011958	0.0612786355885447	0.116329611898588	0.163414123321564	0.179461931488715	0.162141083170394	0.123145729884168	0.0810166190741896	0.0464804230025617	0.0238923612902016	0.0107094795774351	0.00460216909161669	0.00171379806722965	0.000500150826733687	0.000154734162020734	5.4703996673997e-05	1.64111990021991e-05	5.4703996673997e-06	
0.00328612527491959	0.0199452155972024	0.058102606914477	0.111923862042202	0.159740114435401	0.179173633382651	0.163267222230481	0.125785833826904	0.0842194787422903	0.0491307025031668	0.0256662032186815	0.0118206620603536	0.0050942765869051	0.00196776311105304	0.000630623088472664	0.000183084122459806	4.537982522508e-05	7.82410779742759e-06	9.38892935691311e-06	
0.00314737889322785	0.018663541987099	0.0550176859055191	0.108032352018009	0.154933854948179	0.177486808952301	0.164894945173302	0.129754041066994	0.0877125420035364	0.0517943816821139	0.0271037774025866	0.0128509491840375	0.00550262959945083	0.00213060565714156	0.000701330884937119	0.000206642135740401	4.4615915671223e-05	1.17410304397955e-05	1.01755597144894e-05	
0.00293123765969236	0.0170824976392455	0.0525804412464784	0.103407290634243	0.151363774709881	0.174951809391511	0.166001233055246	0.132268587527412	0.0915980552065368	0.0552900411278553	0.0289073413611993	0.0140326369432717	0.00606070065632877	0.00235841326080679	0.000867821160164511	0.000222418193027775	6.00919328531181e-05	4.68248827426895e-06	7.80414712378158e-06	3.12165884951263e-06	
0.00264452084690022	0.0162125699934412	0.0495744569940535	0.0991847033258409	0.147734496019992	0.172170833401411	0.16714087539164	0.135262689848821	0.0945320894204384	0.0581950192134282	0.031272100888587	0.0151435580359123	0.00674473410467136	0.00278378805242982	0.00102855444530806	0.00027308820749102	8.24710826041256e-05	9.33634897405195e-06	3.89014540585498e-06	5.44620356819697e-06	7.78029081170996e-07	
0.00242552999000151	0.0153697490395369	0.047219063573843	0.0953241085202395	0.143732539693681	0.170813465045071	0.166740758418773	0.137665595065957	0.0972996286053436	0.0608964010126393	0.0337538625200243	0.0165583367259557	0.00743647217191782	0.00302450331229128	0.00121354490818082	0.000390736503212462	0.000109187845209071	1.16986977009719e-05	7.79913180064795e-06	3.11965272025918e-06	1.55982636012959e-06	7.79913180064795e-07	1.55982636012959e-06	
0.00209174183132699	0.0139979800106849	0.0445629920799261	0.0909673721030897	0.140130324407164	0.168766597643866	0.168240932470743	0.14040095618027	0.100506557166088	0.0632545225532977	0.0360579791527744	0.0177189719112297	0.008041741246388	0.0032764382674887	0.00134068016705858	0.000461711843454728	0.000143505032425118	2.26176409800458e-05	4.67951192690602e-06	6.2393492358747e-06	2.33975596345301e-06	1.55983730896867e-06	1.55983730896867e-06	
0.00196576756202699	0.0127837296851184	0.0417062550411797	0.0871193860564674	0.135666044173605	0.167371846776219	0.16739914910347	0.143180424699401	0.104344814351975	0.0665747748338068	0.0378730082952271	0.0195367653138754	0.00869228093002648	0.00363823012273566	0.00143298214739824	0.000484421292070936	0.000162253830516513	3.35428591933176e-05	1.87215958288285e-05	7.02059843581067e-06	3.90033246433926e-06	2.34019947860356e-06	1.5601329857357e-06	7.80066492867852e-07	
0.00190074774183837	0.0118436005169535	0.0392402624700985	0.0834940688402943	0.131807535446957	0.164204482083288	0.167477168798411	0.144911541524358	0.107165670795483	0.0699876065319582	0.0405966023646643	0.0209526825345695	0.00976892304740482	0.00418289295834188	0.00159266593714975	0.000603684346402501	0.00017158986590252	6.23963148736436e-05	1.40391708465698e-05	1.24792629747287e-05	2.33986180776163e-06	3.89976967960272e-06	1.55990787184109e-06	1.55990787184109e-06	
0.00176879726455075	0.0110952535846743	0.0368669332183706	0.0805545914802024	0.128042868237444	0.161692816021739	0.167323707797493	0.145474042335964	0.110428822446372	0.0729658053280251	0.0430238729267408	0.022774918408098	0.0106011109260778	0.00461692660386256	0.00179214258700413	0.000637327302977151	0.000217111498816392	7.47050318508016e-05	2.02326127929254e-05	7.78177415112517e-06	7.78177415112517e-06	1.01163063964627e-05	1.55635483022503e-06	7.78177415112517e-07	
0.00169697743409228	0.0102721624863677	0.0347117512573591	0.0762542259019474	0.124737960995986	0.159435700513063	0.166454025534061	0.147005730023345	0.112971212879592	0.076274465082354	0.0457825829397721	0.0241897127359713	0.0119021949391151	0.00508081271207353	0.00208930616197416	0.000744179094950558	0.000270893645442253	7.78430015638659e-05	3.11372006255464e-05	4.67058009383195e-06	4.67058009383195e-06	7.78430015638659e-06	
0.00147989087169315	0.00971753421175539	0.032766561639638	0.0728764384687418	0.120669584344033	0.156425556732919	0.166652242019076	0.148612076003078	0.115260731353024	0.0792443355968334	0.0478313516986387	0.0261959397346021	0.012837936355336	0.00582054023034213	0.00232587696009519	0.000842087534999263	0.000281475555680309	0.000119295734124896	2.80695844999754e-05	4.67826408332924e-06	6.23768544443899e-06	1.55942136110975e-06	
0.0012949531214466	0.00906154583172799	0.0309960354271665	0.0701072146160116	0.116752098144474	0.1521143997693	0.165920460024867	0.150935109328586	0.118063462862511	0.0820775205672473	0.0501944774195969	0.0279059662405643	0.0140639567734176	0.00639348912888027	0.00264539306946091	0.000976880749431651	0.000309475821419947	0.000143015341716794	3.98567345768114e-05	3.9075229977266e-06	7.81504599545321e-07	
0.00121214018256443	0.00848419874716822	0.0293582073784827	0.0668343890977811	0.112919974489496	0.150051842664361	0.163523892621126	0.151997996721196	0.121410433482927	0.0851268286766231	0.0528568242553241	0.0299732765737672	0.0147514877866508	0.00688783595024669	0.00295796635900165	0.00111823648862787	0.000348226198348078	0.00013068264072838	5.00819700994988e-05	4.69518469682801e-06	7.82530782804669e-07	
0.00118088700343467	0.00799779004314268	0.0279609626459381	0.0640206659138414	0.109799797003255	0.147019258083676	0.162031156948413	0.152012790203568	0.123868707903022	0.0881353332503817	0.0558178444625477	0.0317430878199605	0.015972885770116	0.00741556344900391	0.00317094376270197	0.00122862332365303	0.000417888442567338	0.000154947400053058	4.06932565795909e-05	8.60818889183654e-06	1.56512525306119e-06	
0.00105518731334761	0.00761080248989789	0.0262318471018721	0.0615950927923432	0.106131193652293	0.144357290022418	0.162102271038433	0.1533807450608	0.125282569619679	0.0903237211426998	0.0579766372611749	0.0330049137781338	0.0172365512505026	0.00814426264386607	0.00351364077950887	0.00129062940476172	0.000506865366233693	0.000177559318109642	5.9447172582964e-05	1.72083920634896e-05	1.56439927849905e-06	
0.000923835262948569	0.00711744608090292	0.0249138014724995	0.058884320166854	0.102122942117806	0.141485370520573	0.160698012344944	0.15435799712515	0.128066271870625	0.0931382527300115	0.0602927774872307	0.0347933584073706	0.0183318666796108	0.00853216669119789	0.00391455619893461	0.00157208576949214	0.000534728376774468	0.000191813253747796	8.92518813357092e-05	2.74018933925423e-05	1.17436685968038e-05	
0.000802758227095912	0.00635464666878854	0.0236006215104711	0.0562487358909754	0.0985738498371749	0.138633366833856	0.159899404359667	0.154547421531167	0.129643101845246	0.0960487675622961	0.0630651253290603	0.036583511157869	0.0195343061550546	0.00932892861566539	0.00426778885577163	0.00184540319002322	0.000667135987557247	0.000235967017925654	7.99622452771319e-05	2.9005912502489e-05	1.01912665549286e-05	
0.000746097876755916	0.00587316963068155	0.0220584777722395	0.0535176320483522	0.0951400187464929	0.13518713576787	0.15800111601195	0.155983046649926	0.131750539980501	0.0989543657697818	0.0654724398341029	0.038743013169568	0.0208155037884844	0.0101162094466023	0.0044993150319913	0.00198828814425395	0.00078606740586784	0.000267247243669924	7.21018956528827e-05	1.95929064274138e-05	8.62087882806206e-06	
0.000747974301740062	0.00540160013073837	0.020776714742872	0.0511317432593923	0.0914689288175171	0.131443912534148	0.155798647203621	0.155768791086535	0.134126248948161	0.101979067719173	0.0685103604654726	0.0409075945319307	0.0224612282963707	0.0111316175494256	0.00486026158672691	0.00210878469104026	0.00088546957779522	0.000319774727739711	0.000121781530220283	4.00700518789319e-05	9.42824750092515e-06	
0.000772331138356142	0.00517359305959099	0.0191867881674767	0.0488383082555809	0.0891233844355159	0.12836159297439	0.154013400221365	0.155551751314107	0.135781967527381	0.104448516911212	0.0710142309309549	0.0427243487844265	0.0237119070741272	0.0119825716654662	0.00547021870619151	0.0023824719487595	0.000936421921581961	0.000326603770459083	0.000146735027307704	4.65449817804008e-05	6.31118397022383e-06	
0.00065444044552474	0.00477528378163951	0.0182801241936923	0.0461510770637176	0.085538287134364	0.12512759220387	0.151628088362881	0.155827875057925	0.137636167426233	0.106673792620533	0.0735870520260418	0.0454500600364245	0.0254150249737316	0.0130138127195119	0.00584338742795432	0.0026919685394926	0.00107836628297563	0.000412084333611477	0.000147624081197981	5.44709176612872e-05	1.10520702501162e-05	1.57886717858803e-06	7.89433589294017e-07	
0.000599846363461058	0.00452137160126576	0.0171276289709197	0.043652850969396	0.0827701047320686	0.122728249839567	0.149070909901338	0.155573592218278	0.138694121031451	0.108787946802558	0.0761725850454113	0.0474313298412106	0.0270950365281936	0.0142532663570753	0.00672871138143274	0.00287278199101574	0.00121628926662262	0.000451267817570836	0.000161223528519178	7.5079584359421e-05	7.90311414309695e-06	3.95155707154847e-06	3.95155707154847e-06	
0.000485953881714407	0.00418504114041385	0.0162108219405022	0.0418590891520263	0.0794613485220218	0.120264907976428	0.147594291619662	0.154261957542146	0.139744085325928	0.111393094090454	0.0786606290578332	0.0497353286894234	0.0284756352505897	0.0151876365759185	0.00726248609588123	0.00317684461309078	0.00128115114270162	0.000506464922176379	0.000162510551352545	7.09997554452868e-05	1.10444064026002e-05	7.88886171614298e-06	7.88886171614298e-07	
0.000463758239990157	0.00387175034032599	0.0156463196682393	0.0394864902807946	0.0768000996922475	0.116837105706908	0.146133533979756	0.154134152324076	0.140233235691718	0.113204332826985	0.081002317213791	0.051721663030739	0.030577284364249	0.0162291722861862	0.00789808676064869	0.00344427250686567	0.00146462423751993	0.000543417393457854	0.000187711668567444	6.86172906107885e-05	3.78578155094006e-05	7.09834040801261e-06	3.94352244889589e-06	3.15481795911671e-06	
0.000417660580642772	0.00358400060521382	0.0145795064197583	0.0379093960233984	0.0728967440599603	0.113723459837207	0.143997547623157	0.153542273949091	0.141712235012092	0.115239646548823	0.0836574143027472	0.0543707391725435	0.0318974477786367	0.0174188103292978	0.00868891615503246	0.003894487904786	0.00154534414837826	0.000609942055504727	0.000179672853559532	7.2499572488934e-05	3.94019415700728e-05	1.65488154594306e-05	4.72823298840874e-06	1.57607766280291e-06	
0.0003931120479408	0.00321958767263516	0.0134114106275483	0.0360963344660202	0.0702506954152128	0.109824499057317	0.140929882962681	0.152933952458601	0.142952837561384	0.117733913461886	0.0865845010071531	0.0569902398140737	0.0341842374648361	0.0184117958773553	0.00903685975806312	0.00420236779248716	0.00174541749285715	0.000728829736882244	0.000216997850463322	7.07601686293441e-05	4.08836529858432e-05	3.1448963835264e-05	5.50356867117121e-06	3.931120479408e-06	
0.000367666080805008	0.00288410130337234	0.0124363639784449	0.0338895622029862	0.067743847276684	0.106384846826705	0.138030783606953	0.151737908175984	0.144133726973834	0.120769292278072	0.0889359947444917	0.0594944865766603	0.0362460744394464	0.0195835103722599	0.00977646843010503	0.00451076893166742	0.00191672402466577	0.000771393227104751	0.000240668415367031	6.82024499574323e-05	3.5277129288327e-05	2.58698948114398e-05	9.40723447688721e-06	3.13574482562907e-06	3.91968103203634e-06	
0.00034623765502537	0.00286056392188003	0.012065952411471	0.0321203812834709	0.0654318826262165	0.10286150181169	0.134808373480228	0.150593840564985	0.14522285825046	0.121851425748827	0.0920531033210678	0.0613419014778017	0.0384237823845536	0.0209368268686673	0.0105958101335868	0.00505131820412859	0.00220169633003717	0.000842537679723135	0.000250885524296036	7.42496099941538e-05	4.45497659964923e-05	1.01604729465684e-05	7.81574842043724e-07	7.81574842043724e-06	7.81574842043724e-07	7.81574842043724e-07	
0.000322313682838665	0.00271008195642848	0.0112957710732034	0.0308370112646297	0.0624299804665452	0.100185057880219	0.132461581221102	0.14849863328099	0.145578346748797	0.124334449493679	0.0933868861929071	0.064360748421714	0.0401926719570747	0.0227091010017416	0.0113417046656852	0.00546454043440722	0.00244615843352436	0.000928014275226301	0.000376811165444236	9.49813268268529e-05	2.72487413027857e-05	1.2456567452702e-05	2.33560639738163e-06	1.55707093158775e-06	1.55707093158775e-06	
0.000262801054936306	0.00252615570262739	0.0104630585688694	0.0293707392018312	0.0599505187599522	0.0970241279359076	0.129622343998806	0.147493593252389	0.145196805334395	0.126741640127389	0.0962606053443471	0.0667887888136943	0.0418988853503185	0.0238853503184713	0.0123392092953822	0.00582127662221338	0.00262256792396497	0.00112817849323248	0.000413639530254777	0.000139953224522293	3.88758957006369e-05	7.77517914012739e-06	1.55503582802548e-06	0	1.55503582802548e-06	
0.000287346923518995	0.0023883279523923	0.0102214518105971	0.027506654144882	0.0578018972684132	0.094559720658297	0.12687573686186	0.145330573556919	0.14531967150562	0.127978401478941	0.0989516898958231	0.0695722190813932	0.0440217044267001	0.0252468146542259	0.0129991387379474	0.00625933488142462	0.00282830359409483	0.00113770692482724	0.000471903077649082	0.000178326410530759	5.21741026443704e-05	8.56589744907574e-06	1.55743589983195e-06	0	0	7.78717949915976e-07	
0.000199625701809108	0.00212726138490331	0.00960152838427948	0.0266796631316282	0.0551692139737991	0.0916055832813475	0.125068621334997	0.144109482220836	0.144713038053649	0.129088427947598	0.102078914535246	0.0711883967560824	0.0456448845913911	0.0269190580162196	0.0137047723019339	0.00684497816593886	0.00304897067997505	0.00140205864004991	0.000494385527136619	0.000230037429819089	6.00436681222707e-05	1.55957579538366e-05	5.45851528384279e-06	
