# <P(N_2)> as a function of N_tot.
# number_of_species: 2
# species_total_upper_bound: 100
# species_total_lower_bound: 0
# volume: 512
# Bin widths for each species index 
1	1	1	1	1	1	1	1	1	1	1	1	1	1	1	1	1	1	1	1	1	1	1	1	1	1	1	1	1	1	1	1	1	1	1	1	1	1	1	1	1	1	1	1	1	1	1	1	1	1	1	1	1	1	1	1	1	1	1	1	1	1	1	1	1	1	1	1	1	1	1	1	1	1	1	1	1	1	1	1	1	1	1	1	1	1	1	1	1	1	1	1	1	1	1	1	1	1	1	1	1	
# Bin lower bound for each species index 
0	0	0	0	0	0	0	0	0	0	0	0	0	0	0	0	0	0	0	0	0	0	0	0	0	0	0	0	0	0	0	0	0	0	0	0	0	0	0	0	0	0	0	0	0	0	0	0	0	0	0	0	0	0	0	0	0	0	0	0	0	0	0	0	0	0	0	0	0	0	0	0	0	0	0	0	0	0	0	0	0	0	0	0	0	0	0	0	0	0	0	0	0	0	0	0	0	0	0	0	0	
# Bin upper bound for each species index 
0	1	2	3	4	5	6	7	6	6	6	6	6	7	7	7	8	9	9	9	10	10	10	10	10	11	11	11	12	12	12	12	12	11	12	12	12	12	12	13	13	14	14	14	15	16	16	16	16	16	14	15	15	15	15	15	16	16	17	17	17	16	17	16	17	17	17	17	18	18	18	18	19	22	22	23	23	23	21	21	20	20	20	20	20	20	20	20	20	20	21	22	23	23	23	24	25	24	24	25	22	
# Normalized histogram for each species index 
1	
0.919965976663874	0.080034023336126	
0.847328634181224	0.146319848809889	0.00635151700888753	
0.781068473691283	0.20102636950582	0.0174278053993179	0.000477351403579496	
0.720123225458126	0.245828437132785	0.0322736367389716	0.00175056372471179	2.41369454060406e-05	
0.661808171654708	0.284247951887586	0.049592152695799	0.00418688574062357	0.00016103406694706	3.80395433733213e-06	
0.609856114652504	0.314077722142391	0.0677647446082558	0.00780892937400695	0.000469700518443025	1.64585087325049e-05	6.33019566634805e-06	
0.561357088406444	0.338015491449615	0.0866744962497645	0.0128088271174956	0.00107835861934699	5.30962040006726e-05	3.79258600004804e-06	8.84936733344543e-06	
0.518649233374095	0.35374408177343	0.107090584140721	0.0182873984886966	0.00208572414009344	0.00012918195215251	1.3796130812404e-05	
0.474868414309624	0.36947861943456	0.126104776082465	0.0258834146408532	0.00337854306423732	0.000268733540070671	1.74989281906483e-05	
0.436474536211758	0.376814701607334	0.146815374757853	0.034062662833864	0.00528298499871603	0.000522314939703166	2.74246507720039e-05	
0.402346392421652	0.380735868602024	0.164882742782971	0.0434120040437827	0.00763576001897083	0.000921083833605831	6.61482969933727e-05	
0.370220441984803	0.382895042995069	0.181927810316315	0.0528387753723445	0.0105692562115803	0.00144609541727859	0.000102577702609727	
0.339751899655521	0.383200205809087	0.197657039235495	0.0630629160888744	0.0139485853762604	0.00216852501396113	0.000198279486230243	1.25493345715343e-05	
0.313554549288696	0.378992481620757	0.213011064165086	0.0737935110098671	0.0172617138470009	0.00301922149291727	0.000351042900473024	1.64156752019759e-05	
0.288416837618829	0.373942213745186	0.226844987783714	0.0846317481865167	0.0214483345277865	0.00411549161544422	0.000524548224941447	7.58382975818959e-05	
0.265580343166463	0.366791979317101	0.238357032488714	0.0961684121229259	0.0265921186842929	0.00556837576626708	0.000802876215675779	0.000121188862743514	1.76733758167624e-05	
0.245008316327429	0.359545910908354	0.247808943386066	0.106755978068045	0.0324097722508939	0.00722048458648603	0.0010882939828037	0.000128330619937546	3.01954399853049e-05	3.77442999816311e-06	
0.225347979627512	0.349944333335013	0.257122058608686	0.118389898389445	0.0382777590263119	0.00925930590469666	0.00142189286811786	0.000193951728689239	3.274509705143e-05	1.00754144773631e-05	
0.207317211318556	0.339980842887765	0.263517281049437	0.129404908600939	0.0454673038944823	0.0117950919025328	0.00213220421330601	0.000303341921727715	5.91579681377701e-05	2.26562431165928e-05	
0.191340759237107	0.328992662749937	0.270236680200013	0.139535059601764	0.0516304930112725	0.0144766048737693	0.00317388690223344	0.000504191723944947	9.95778654791271e-05	6.30239654931184e-06	3.7814379295871e-06	
0.174797849611455	0.318679767314346	0.275024106788346	0.151011224624848	0.0584575436915844	0.0169409273393038	0.0042138035785188	0.000736123628434036	0.000123527595182424	1.38653423163945e-05	1.26048566512677e-06	
0.161180117940989	0.305163458523411	0.278835358020695	0.161252187370401	0.0664758301892518	0.020448752313808	0.00533566652842823	0.00106207580186723	0.000217472664191861	2.40231431374731e-05	5.05750381841538e-06	
0.148959090650466	0.293636955600933	0.280032115514702	0.170519474772252	0.0737759120995834	0.0247213599782525	0.00662919856618135	0.00137186352170642	0.000300924901535602	4.80468330182894e-05	5.05756137034625e-06	
0.137885787531048	0.283984922162371	0.280762091309745	0.177435375724884	0.081395775522935	0.0282880276958468	0.00813236509219928	0.00169429545020302	0.000344173534320555	7.08592570659965e-05	6.32671938089255e-06	
0.126103696293096	0.272275401751767	0.282846885902751	0.18634056625462	0.0879331731631588	0.0324862503757936	0.00936389198365961	0.00214991827278951	0.000402951779682641	8.08429902811568e-05	1.38948889545738e-05	2.52634344628615e-06	
0.116079237058734	0.260330865325521	0.281524519596621	0.194662591319865	0.0965438215462509	0.0363070997606028	0.0111306437222286	0.00273722973169091	0.000570413941320559	8.70764644936251e-05	1.89296661942663e-05	7.57186647770653e-06	
0.10631561049642	0.248383785587889	0.280157685598594	0.201603304848328	0.104015818938645	0.0418295055951939	0.0134372815607348	0.00342701688319049	0.000697746179083988	0.000113352267360215	1.63731052853643e-05	2.51893927467144e-06	
0.098342735092307	0.237300060268763	0.27758556777462	0.207087505705359	0.112238593695232	0.0461257776309585	0.0157581381743356	0.00444198438055563	0.000931770212100656	0.00017147597949349	1.00868223231465e-05	5.04341116157324e-06	1.26085279039331e-06	
0.0896625068587235	0.227394463550515	0.274606337523276	0.21305926062647	0.11898331431097	0.0517709632096189	0.0177002150845459	0.00522204685653873	0.00128824719278883	0.000253631513590003	4.01792496776243e-05	1.25560155242576e-05	6.2780077621288e-06	
0.0835619070913189	0.216128863187687	0.270361367000022	0.217794810231785	0.126624454355547	0.0569479350991956	0.0204493439787557	0.00606853968198506	0.00161603102779573	0.000365634819416332	5.24118171176995e-05	1.62227052983356e-05	1.24790040756427e-05	
0.077016534517628	0.206819164538949	0.26634043735662	0.22106459415105	0.133606977170179	0.06209945632602	0.0235538060293856	0.00713766802117874	0.00184298376454667	0.000419936124849378	7.72582781622e-05	1.61993163888484e-05	4.98440504272258e-06	
0.0705188949791275	0.194433499748133	0.263391320828117	0.224724817085031	0.140565228450447	0.0683231672344055	0.0264310259696862	0.00865822456521848	0.00234784516939896	0.000506226839498661	8.60336254320384e-05	1.24686413669621e-05	1.24686413669621e-06	
0.0642432521878911	0.1855247081775	0.25734750703584	0.228689056936181	0.147016082275158	0.0740921838102277	0.0292954704370308	0.0099447335090116	0.00300842807766671	0.000694252633307703	0.000114464591871521	2.98603283143098e-05	
0.0588930146783961	0.175634859321654	0.249829291997907	0.231350462282254	0.155275749495352	0.0799548932140454	0.0329740573678571	0.01133401450395	0.00355247090487702	0.000883445061928377	0.000265407331721783	5.1087796246916e-05	1.24604381090039e-06	
0.0542109816673876	0.165218504651521	0.244092990647235	0.233795502120656	0.161225803885301	0.0856031563716643	0.0371375865789565	0.013032215078785	0.004110791230975	0.00114609903687903	0.000336868588930821	7.20973363763381e-05	1.74028053322196e-05	
0.0507088270645542	0.157616495346636	0.237129910902007	0.233292110678487	0.168012294853205	0.0904277026163775	0.0408984967582124	0.0151651407668902	0.00482391889763096	0.00138676814799471	0.000441582701865935	9.17896627474135e-05	4.96160339175208e-06	
0.0468024705566425	0.148542775007827	0.231667279232053	0.233259949237511	0.17198732299026	0.0978174109645492	0.0451095625788137	0.0170293177506599	0.00557867628951201	0.00168300793117488	0.000405901912812764	0.000103950489866683	1.23750583174623e-05	
0.0430630313458406	0.139563741666439	0.225343941448756	0.234083488083225	0.176959084045927	0.103808458889421	0.0492389776341985	0.0189096516825797	0.00641271982129177	0.00196360877574447	0.000514455582029013	0.000117766940464473	2.10740840831162e-05	
0.040073717697107	0.132568493534749	0.218148808567003	0.233026923906041	0.181458179910557	0.110276241992421	0.0534328696694541	0.0210262410578664	0.00703408384328884	0.00223919374072454	0.000532073304000768	0.00013831413757397	3.86282726557934e-05	6.23036655738604e-06	
0.0369285977042559	0.125099785039876	0.211574313891829	0.231643931943475	0.184791884066675	0.116337469876805	0.0579516477356616	0.0239721828086955	0.00829435773468565	0.00250870225645569	0.000664399450462827	0.000161407776101139	5.63050381748159e-05	1.50146768466176e-05	
0.0340360109166655	0.118977071733957	0.204801874589085	0.229777958241617	0.1882823096969	0.121379391839654	0.06207564982696	0.0268516784184663	0.00971613401200029	0.00295167326435201	0.000822144086408098	0.000228792391018767	8.42257703200956e-05	1.25710104955367e-05	2.51420209910733e-06	
0.0304052269829414	0.111678222664846	0.198395992244026	0.228363625389496	0.192260876344532	0.125668650928378	0.0676849525562773	0.0297941045547483	0.0109712822756891	0.00334482645883474	0.00103362682299329	0.000290471771425122	6.79024920214572e-05	3.77236066785873e-05	2.51490711190582e-06	
0.027858221752808	0.105789821029506	0.190249054546693	0.224555412964666	0.195533750506324	0.132128755787234	0.0720588736329256	0.0333536493803606	0.0128722978711054	0.00394585584187301	0.00120129669378417	0.000319252167570794	9.21162380737864e-05	4.0379720799468e-05	1.26186627498337e-06	
0.0257584648081707	0.0989834752953194	0.184487637837886	0.221805411748902	0.196817483058978	0.13774727175719	0.0767088982981037	0.036061850731439	0.0146794734500881	0.00494004899494462	0.00145616118398958	0.000420753275095335	8.99803690715927e-05	3.9287203397456e-05	0	3.80198742556025e-06	
0.0232039387152963	0.0928208331428978	0.176832117084863	0.220097807705785	0.19864968489262	0.14308566553421	0.081662578649888	0.0394366662096213	0.0160778399020907	0.00581590213135483	0.00169868523286461	0.000435462656855426	0.000134574465383893	3.6817542416348e-05	5.07828171259972e-06	1.26957042814993e-06	5.07828171259972e-06	
0.0214095431859364	0.0870241917538227	0.171127570969895	0.216482182026258	0.200367485774231	0.147012111771625	0.0860209174428585	0.0431077343675494	0.0181606637632323	0.00652446196395079	0.0020154496614426	0.000562037066471691	0.000146231363448517	3.17894268366341e-05	5.08630829386146e-06	0	2.54315414693073e-06	
0.0199100287174892	0.0817022749954174	0.163870445426587	0.212645624147131	0.201973309028697	0.149771380272511	0.0917024786655533	0.0469345098678181	0.0203682865231471	0.00764526772439357	0.00247841096560011	0.000702661968675533	0.000257133546508075	3.1823458726247e-05	2.54587669809976e-06	1.27293834904988e-06	2.54587669809976e-06	
0.0195428907781865	0.0768962235424372	0.157647769302411	0.208570893463917	0.20231268370432	0.154140266967686	0.0958313850748322	0.0500542114872294	0.0223279979716877	0.00881780735874754	0.00267935975660253	0.000879105198314666	0.000239524314903126	5.47848167065662e-05	0	3.82219651441159e-06	1.27406550480386e-06	
0.0180444908244038	0.0734684008246583	0.15001654407086	0.205294102675049	0.203532795438927	0.157149583852987	0.100491231642444	0.0533482654178014	0.0242777876759398	0.00980936139886482	0.00323372954262007	0.000944284659828451	0.000305429000483596	8.01751126269439e-05	2.54524167069663e-06	0	1.27262083534832e-06	
0.0168161249044756	0.0687367557547481	0.144388267368859	0.199119453045363	0.20532997546665	0.161948175053041	0.104445983891936	0.0567584083813985	0.0263066911107114	0.0107535935680013	0.00385414713120558	0.00109589949874399	0.000341910437326413	8.42018241176988e-05	2.04125634224724e-05	
0.0149965561011755	0.0649782862497406	0.140448687180675	0.195598175306545	0.203140377390199	0.165425547490792	0.109252438420415	0.0598741862913729	0.0282959894174909	0.0115577499181994	0.00451080722187493	0.00135973528449405	0.00040741132119672	0.000126042877495235	2.5463207574795e-05	2.5463207574795e-06	
0.0138762959750857	0.0610902912979398	0.135816535834593	0.192096157441024	0.201610677830099	0.166977162353426	0.113821996319831	0.0639871206813017	0.0303467675173613	0.0128398974028996	0.00507771717636706	0.00178031656571848	0.000474327199294995	0.000170401728433054	2.67047484857772e-05	7.62992813879348e-06	
0.0124167945121556	0.0570303155866424	0.128870794921431	0.188933813108749	0.201489151033928	0.168864083827662	0.117877565754102	0.0682434347581273	0.0337232461865608	0.0141670172620008	0.0056116437476883	0.00187859783897697	0.000692717065116675	0.000156337979833672	3.68601741071258e-05	7.62624291871569e-06	
0.0115410735010161	0.0543402241063872	0.122252517522565	0.184346761809677	0.201385334259086	0.17091659613718	0.121363085795953	0.0724886857189193	0.03632606415058	0.0162517674604824	0.00571922338166504	0.00214629251407633	0.000693047228571284	0.000190049514233442	2.40729384695693e-05	1.52039611386753e-05	
0.0103883355133826	0.0509499027200437	0.117836514012615	0.178143761812114	0.199797090962452	0.174319609564555	0.124913029948058	0.0765298506518643	0.0395432269621076	0.0173383495550928	0.00674128591705018	0.00244654662480297	0.000795696911582766	0.000202403029973359	3.92155870573383e-05	1.51802272480019e-05	
0.00935288745417794	0.0474550886841952	0.112534437700966	0.172379509156823	0.198936700406548	0.176601843255017	0.129194821885301	0.080152246893966	0.0426002899218021	0.0189435816220948	0.00782105803748745	0.00277272508784934	0.000917073763088856	0.000269429946948864	4.68023851507416e-05	1.89739399259763e-05	2.52985865679684e-06	
0.0091249231578761	0.0447176889936781	0.10713499674923	0.167524684346469	0.196130192693484	0.179119939487618	0.133599044754371	0.0833310143666312	0.0451502816912098	0.0211262082870594	0.00857469560399807	0.0031141614658568	0.00092463526870078	0.000311163168399989	8.34828012780458e-05	2.40329276406495e-05	8.85423649918667e-06	
0.00826922420905407	0.0414838361619681	0.102036793941546	0.16358408013251	0.193032373159955	0.180142743613619	0.137065707798845	0.0884876479647854	0.0484125490057348	0.0229542040382115	0.0093090365121941	0.00359449088995551	0.00107266178051748	0.000403037818592552	0.000106129080757913	1.89516215639131e-05	1.76881801263189e-05	8.84409006315944e-06	
0.00783368370222142	0.0389573123019299	0.0968117905978098	0.158481349967323	0.189972834296795	0.180977434389581	0.141474026983672	0.0918628037179975	0.0519017888406982	0.025155769836083	0.0104769356985656	0.00410961847925155	0.00135765310572629	0.000451286926205107	0.000137787885031811	1.390519940688e-05	2.02257445918255e-05	3.79232711096728e-06	
0.00706323958030646	0.0373741604934079	0.0927982630594457	0.154393737554421	0.187873367372739	0.180678045841243	0.143141613236373	0.0963342855813052	0.0544139901202701	0.0275623584050035	0.0116068587012445	0.00449078634046199	0.00159882057107204	0.000481784641007546	0.000152208724704734	2.51584668933445e-05	8.80546341267056e-06	2.51584668933445e-06	
0.00658978583196046	0.0350912359606868	0.0885336473712893	0.14840423199554	0.185979792158656	0.180325856139713	0.145448850859115	0.100054497278268	0.0585676611897946	0.0300110873773028	0.0131369760901022	0.00523424433572829	0.00183787372917985	0.000588821167494566	0.00015785418532833	2.38034088987165e-05	1.37809209413622e-05	
0.00619858576321578	0.0326715816751876	0.083883677015639	0.145324631625468	0.182396870197571	0.180676784620175	0.147389989855262	0.103776403941381	0.0619394027661989	0.032107845599092	0.0147462810996495	0.00576542552657218	0.00223234463986179	0.000652879197259916	0.000189586074588937	3.76661075342259e-05	8.78875842465272e-06	1.25553691780753e-06	
0.0055252647286963	0.0304876438988883	0.0796719287636859	0.139603764974473	0.180044428408535	0.181453716636264	0.150316115544034	0.106462233966989	0.0653967567513203	0.0345256758234782	0.0164488199568288	0.00654483007453764	0.00235719485012641	0.000834761269591432	0.00024011958206621	6.41156999234383e-05	2.26290705612135e-05	
0.005205137348341	0.0283466412310887	0.0765360573258119	0.134170573774726	0.174977540166247	0.182725395299374	0.154478295547472	0.110259198451689	0.0677272664271791	0.0367131655576402	0.0174525193444375	0.00742151028364282	0.00262083894566673	0.000908473499916209	0.000289804306491994	0.000151202246865388	1.51202246865388e-05	1.26001872387824e-06	
0.00472901578148059	0.0265650504777619	0.0729689912400853	0.130185537493167	0.171571368877118	0.181796950251915	0.156828857853057	0.114472227447228	0.0706612921347605	0.0384721719008598	0.0186294943639373	0.00859832527700595	0.00302727705392164	0.000987210448776781	0.000316866780873366	0.000148965259534092	3.66101061566837e-05	3.78725236103624e-06	
0.00426982137261047	0.0248822292536468	0.06872908684708	0.126369779925395	0.170708191385045	0.180191769189555	0.157851972786365	0.116226584850537	0.074531697010746	0.0411174068195833	0.0202889174189505	0.00932435984270276	0.00374794027557344	0.00117012565582637	0.000419526693017661	0.000140263442545061	2.14817884978923e-05	8.84544232266152e-06	
0.00393652433643165	0.0226821797886255	0.0649051701543335	0.121230768451587	0.167092733067184	0.180400185873841	0.1595615504512	0.119625264154837	0.0783810236482679	0.0439272559677785	0.022088345786121	0.00999515056667464	0.0041454424823021	0.00135480252170533	0.000484943332535646	0.000132947911008467	4.81144820792547e-05	7.59702348619811e-06	
0.0038233425524711	0.0213067335212668	0.0611405100579905	0.116265120590634	0.163384171742265	0.179202538242936	0.162197223606572	0.123273947883339	0.0810776880380737	0.0466143445725655	0.0238556285562475	0.0108879665524102	0.00454616353254026	0.00174618331500919	0.000507242793030991	0.000124274484292593	3.55069955121694e-05	8.87674887804235e-06	2.53621396515496e-06	
0.0032732538732658	0.0200025130060756	0.0584146993086695	0.112323756411021	0.15915832065196	0.17935121290619	0.163375855596071	0.125472616483543	0.0844040050717032	0.0489350819455744	0.025559048662205	0.0118847418647774	0.0050805875357437	0.00192409960134585	0.000644751053749139	0.000159918568449589	2.41147047662079e-05	2.53838997539031e-06	8.88436491386608e-06	
0.00306941831986129	0.0190354670018505	0.0551658183487798	0.108465886966768	0.15554848095502	0.177195490238108	0.165114411933695	0.129622042989613	0.0873883689339352	0.051080447932138	0.0270261014709109	0.0127228657712928	0.00550212259155301	0.00217269156277785	0.000663349496399775	0.000177569654868009	3.93189950064876e-05	1.26835467762863e-06	8.87848274340043e-06	
0.00293962205942968	0.0170573940661358	0.0532267567560733	0.103871703514144	0.151932311567065	0.174852513155599	0.165837672173348	0.132119891063296	0.091005641545647	0.0549247836058858	0.028804503121689	0.0139142110813005	0.00601705865841971	0.00232893928321267	0.000872403966024291	0.000213675753997254	7.58612144368948e-05	3.79306072184474e-06	1.26435357394825e-06	
0.00259320106154429	0.0165196512068748	0.0499229116643498	0.100142802982434	0.148125868823455	0.172574244913434	0.166108934664476	0.134932389738405	0.0942057373941615	0.0577935043599141	0.0311335776570201	0.0149601920889675	0.00681410337419436	0.00274485024642993	0.00104258814608871	0.000256539871098193	0.000111209402249463	1.51649184885631e-05	0	2.52748641476052e-06	
0.00229191889196001	0.0158391138928864	0.0480896868726094	0.0957072841395659	0.144346473160691	0.170472571847723	0.166978854954276	0.136700398230425	0.0970892883883724	0.0605442228669037	0.0333026221278043	0.0164469927130685	0.00747475208950413	0.00300132235851906	0.00119545271108878	0.000364219668877366	0.000120560517572647	1.6497755036257e-05	1.01524646376966e-05	3.80717423913623e-06	1.26905807971208e-06	0	2.53811615942415e-06	
0.00202916979163891	0.0142397212207506	0.0453460438803209	0.0914522332923439	0.14110026941385	0.168433782948629	0.168334799056354	0.13949749177355	0.100119668987712	0.0631644135140931	0.0354565378226336	0.0174110128463326	0.00811414111803575	0.00331469136695486	0.001324861327374	0.000454310685057366	0.000158628032492097	2.53804851987355e-05	7.61414555962066e-06	8.88316981955744e-06	2.53804851987355e-06	1.26902425993678e-06	2.53804851987355e-06	
0.00193393878442487	0.0127934558457522	0.0418926949684576	0.0879148508213208	0.135422698320787	0.16785902944971	0.167020946982395	0.143317181198509	0.104066985645933	0.0665920011377604	0.0374940318369752	0.0193508162415303	0.00861828137222036	0.00363423033553774	0.00137521713954835	0.000440628206300348	0.000171425959223479	4.69834110464348e-05	2.9205904164e-05	1.14283972815652e-05	6.34910960086957e-06	3.80946576052174e-06	2.53964384034783e-06	1.26982192017391e-06	
0.00192624927036012	0.0117617947871989	0.0385427505519884	0.0840583204324544	0.132132071162094	0.164139786310687	0.167342588127808	0.145042255665812	0.107017232190442	0.0700657310357079	0.0404233180214704	0.0209362231302185	0.00994086744664112	0.00420399461969901	0.00154429865746263	0.000601477044895059	0.000185265081338984	7.9943151536685e-05	2.03030226124914e-05	2.03030226124914e-05	3.80681673984214e-06	6.34469456640357e-06	2.53787782656143e-06	2.53787782656143e-06	
0.00177525499519808	0.0110577002159915	0.0365439340814795	0.0801243564226145	0.127889218014726	0.161949313496367	0.167481326924026	0.145756912802461	0.110719984208708	0.0730233364418221	0.0430287393918075	0.0225671224799414	0.0106338153810725	0.00473359154457307	0.00172717253631175	0.000631398604849496	0.000204983114199636	7.33890161949314e-05	3.28985245011761e-05	1.26532786542985e-05	1.26532786542985e-05	1.64492622505881e-05	2.5306557308597e-06	1.26532786542985e-06	
0.00177043934949939	0.0103572597491056	0.0347984213898391	0.075724509022164	0.124220141053847	0.159599863015257	0.16614202183921	0.146997013884238	0.113486299630116	0.0763727855291541	0.0458924164285651	0.0242831995288938	0.0120455588004484	0.00514071896771128	0.00209647314833653	0.000688714807621103	0.000250211985154089	6.69759354200339e-05	3.91746037362462e-05	7.58218136830572e-06	7.58218136830572e-06	1.26369689471762e-05	
0.00151546802894202	0.00988282659475473	0.0328009571377025	0.0732210342404619	0.12006634129049	0.156262858372739	0.165677244557545	0.148208215431946	0.115299643605472	0.0798944109994872	0.0482746833279526	0.0263250849839528	0.0130061846794665	0.00601756018509726	0.002325743332637	0.000819137689829146	0.000249412866918612	0.000105082578447943	2.7853213564515e-05	7.59633097214046e-06	1.01284412961873e-05	2.53211032404682e-06	
0.00129498156555654	0.00894552952050134	0.0310122693155388	0.0704393796276547	0.116741318545152	0.150681261870664	0.166057263576993	0.150370212376977	0.117946159237027	0.0824890561361813	0.0506655189575144	0.0284400804412078	0.0142447972211219	0.00665645916491463	0.00257345846410108	0.000945844378764334	0.000303431955066679	0.000133306925866114	5.20531805762922e-05	6.34794885076734e-06	1.26958977015347e-06	
0.00117226430296095	0.00851514461108445	0.0294147970048074	0.0672581870760724	0.112816119970623	0.149387966025973	0.162850549665949	0.151956510394459	0.121163252759785	0.0851819937148305	0.0531477396682276	0.0304317776541731	0.0149721444036153	0.0070463139860932	0.00299366519062341	0.001141716698975	0.000361479980500446	0.000124736049609309	5.85495743064103e-05	3.81845049824415e-06	1.27281683274805e-06	
0.00113892459529321	0.00798775974551278	0.0281660893482523	0.0647772918309551	0.110127893333469	0.146823177497704	0.161903099683929	0.151470601349638	0.123532551713419	0.0877086595214224	0.0557818258719334	0.0319956277525604	0.0159602319125652	0.00749855723478281	0.00320656958205034	0.00128288262579448	0.000419134442786875	0.000168163363063427	4.20408407658567e-05	6.36982435846314e-06	2.54792974338526e-06	
0.00103094098883573	0.00754194577352472	0.0265377990430622	0.0616803827751196	0.107080063795853	0.144047208931419	0.161841148325359	0.153053907496013	0.124821690590112	0.0903272727272727	0.0580452950558214	0.0330309409888357	0.0170066985645933	0.00829090909090909	0.00352663476874003	0.00133460925039872	0.000520574162679426	0.000202870813397129	5.99681020733652e-05	1.78628389154705e-05	1.27591706539075e-06	
0.000919071826933278	0.00710970445257704	0.0249491570487952	0.0592411457847327	0.103235158396085	0.142318080661016	0.160211220345873	0.153629438931576	0.127198773889157	0.0930780725312567	0.0603021049173538	0.0343776324249563	0.0181935317284303	0.00854263841362323	0.00417225374563313	0.00158249085082531	0.000568827486766772	0.000232644050767534	9.58698011404672e-05	3.19566003801557e-05	1.02261121216498e-05	
0.000796116281536364	0.00631270374123537	0.0235959665145569	0.0562073429267688	0.0988807090674194	0.140011679779797	0.16001042746205	0.154256155205617	0.128517191894693	0.095749914701827	0.0627756217182566	0.0361983722425049	0.019551491344312	0.00955978475469268	0.00452751201522205	0.00195131550867741	0.000679829633671502	0.000267075927513804	9.45627685934044e-05	3.96141327891289e-05	1.66123782664089e-05	
0.000768283812477389	0.00587270521550936	0.0219274080456317	0.0533465087828518	0.095540758031506	0.135354733638175	0.159106336360022	0.155823552948305	0.131091461567273	0.0988299331554733	0.0651289911449218	0.0381546871065102	0.020618385376785	0.0103315636812683	0.00478739247542067	0.00208497653602433	0.000836035962329805	0.00027995699655998	8.30922592529622e-05	2.42885065508659e-05	8.94839715031901e-06	
0.000767247375155787	0.0054847299840018	0.0208066216394501	0.0512454640821915	0.0915112211529717	0.131655294583285	0.155680768733196	0.155902361046889	0.134104337957739	0.10177363512584	0.0683247236820701	0.0406218418291997	0.0221054343913833	0.0113088932808855	0.00502617479150469	0.00218774376755607	0.000951694156495409	0.000365050921401334	0.000122964520893081	4.99543366128142e-05	3.84264127790878e-06	
0.000771978219921155	0.00510277603367884	0.0192055314812718	0.0486835198089611	0.0892985805893796	0.128320792976027	0.153944036725577	0.155848249668049	0.136111339845398	0.104738144987803	0.0709743909091845	0.0423249925375439	0.0232429775714595	0.0119373565407141	0.0054771854703406	0.00246003726081541	0.00100099842516443	0.000352536720430661	0.00014667586178502	5.27518450279456e-05	5.14652146614104e-06	
0.000658802215222449	0.0047248471372985	0.0179986823955696	0.0460531056348177	0.0858630309019414	0.125885265476705	0.151250437485846	0.155687058653985	0.138205638935211	0.106393984312272	0.073564531735738	0.0456233401272312	0.0252442200399399	0.0127179708891771	0.00575551232166018	0.00262234163012373	0.001095001338192	0.000464507030654891	0.000131245753813847	4.76087538344348e-05	1.28672307660635e-05	
0.000635591312213003	0.00445042580758052	0.0169370931861781	0.0440642333211962	0.0832521689231874	0.123170905872015	0.149185117899615	0.155286279848024	0.138852255898841	0.108524000005146	0.0762156327157118	0.0473657056028532	0.0269881849493521	0.0138401938167516	0.00652317399376503	0.00282928197481051	0.00121457125248801	0.000433591644161502	0.000158254517008501	6.17578602960003e-05	6.43311044750003e-06	5.14648835800002e-06	
0.000530779438066117	0.00413854112579088	0.0161195407603992	0.0421892728706321	0.0801271819329859	0.120839503323782	0.148257979320115	0.15458758822285	0.139529606338583	0.110293146663077	0.0785912549600313	0.049595825560748	0.0280005384718937	0.0149951601633365	0.00696808271953948	0.00314493227433861	0.00132182029141586	0.000541036045564979	0.000147438732796144	6.28217209305307e-05	6.41037968678885e-06	1.02566074988622e-05	1.28207593735777e-06	
0.00045198000532645	0.00390649007436544	0.0156528486263905	0.0398497838690513	0.0778942085100281	0.117416210845471	0.146555477024563	0.154701360293364	0.139965275643783	0.11230614795239	0.0807251654272427	0.0514168868948846	0.0300521889660541	0.0157693647184152	0.00762220105299818	0.00340329420441276	0.0014814188843136	0.000541607768422347	0.000177975129576138	6.53002273984389e-05	2.17667424661463e-05	1.1523569540901e-05	6.40198307827833e-06	5.12158646262266e-06	
0.000416851543309725	0.00360972977534771	0.014528427101488	0.0381035556413696	0.0735321007655491	0.114198142581129	0.144614239699867	0.154017694452934	0.14171673786815	0.115042075153474	0.0833613578619352	0.0538902094870808	0.031265144433945	0.0169451431041119	0.00859276800932929	0.00376445074694426	0.00152419337308341	0.000603539657798129	0.000163671771606272	5.37048000583081e-05	2.6852400029154e-05	1.918028573511e-05	7.67211429404401e-06	2.557371431348e-06	
0.000386895936447252	0.00326570714777516	0.0133390010194199	0.0364725781141623	0.070585600089597	0.109942080151093	0.141134292343151	0.153479327157422	0.143310581985667	0.11777672286415	0.086506876948002	0.0562806319130604	0.0338992110631875	0.0179944790968016	0.00886042601824265	0.00409295174873145	0.00162012673387287	0.000736884036851838	0.000211265544244223	4.32712560500216e-05	1.90902600220683e-05	2.67263640308957e-05	8.90878801029856e-06	6.36342000735611e-06	
0.000358629604050107	0.00294760586226342	0.0124379843242113	0.0340191226880746	0.0682486076173942	0.106701811523035	0.137704897258321	0.151592606907738	0.144539135613947	0.120912667988823	0.0891074178034887	0.0592942726978957	0.0359123828592791	0.0192418088618262	0.00958035267356469	0.00437198633912674	0.00188185498945021	0.00074767302611153	0.000264853665181881	7.09655753597384e-05	1.64741514227964e-05	2.0275878674211e-05	1.52069090056582e-05	5.06896966855275e-06	6.33621208569093e-06	
0.000349394991668758	0.00287336386650336	0.0119929515551861	0.0318781935900525	0.0663774802945009	0.10313332887655	0.135016567881645	0.150494639877195	0.145325612166514	0.121745864967035	0.0923500155777189	0.0609914997370077	0.0380487361865996	0.0207177355168208	0.0104578840286125	0.00485873468558866	0.00209636995001255	0.000890515754939146	0.000261100228431166	6.43290417873887e-05	5.17155041820184e-05	7.5681225632222e-06	1.26135376053703e-06	1.26135376053703e-05	1.26135376053703e-06	1.26135376053703e-06	
0.000347679303633627	0.00272096846321969	0.0111471527458477	0.0305214559700693	0.0623983573412611	0.100430190152866	0.133125901478267	0.148413713177172	0.145381596931352	0.124622875030705	0.0935748612746981	0.0640788073088236	0.0402867094547356	0.0225185334483866	0.011289499707118	0.0053701335919933	0.00231408290135859	0.000915807441092922	0.000393028778020621	0.000105815440236321	2.51941524372193e-05	8.81795335302676e-06	3.7791228655829e-06	2.51941524372193e-06	2.51941524372193e-06	
0.000285897087124304	0.00267634938387289	0.0103754193996917	0.0288151517899425	0.0596718858628299	0.0975513607189997	0.130104585436629	0.147114832391258	0.144568207236345	0.12761211699866	0.0958901349131981	0.0668382049189413	0.0420583582706123	0.0237710203629256	0.0124220395167709	0.00586655784944936	0.00262723050106298	0.00111713971929188	0.000421918608751725	0.000152394482564056	4.53405072091406e-05	1.00756682686979e-05	1.25945853358724e-06	0	2.51891706717448e-06	
0.000287684818569298	0.00241630012087809	0.0101585547118483	0.027167288721998	0.0572644202015308	0.0940994329580813	0.127142810276909	0.145524356052863	0.145322471969657	0.128132042284621	0.0995603974088178	0.0693244706220806	0.0442391115081498	0.0253301435648187	0.0131148947553039	0.00616251163987917	0.00287810996121302	0.00111919488627617	0.000497139554896068	0.00019431343008628	4.92092452815904e-05	1.26177552004078e-05	1.26177552004078e-06	0	0	1.26177552004078e-06	
0.000195970343997492	0.00222394732317153	0.00920554886868217	0.0264142737212619	0.0545872232393013	0.0911363245572335	0.125270565507197	0.144183600190154	0.145217817876541	0.129474445467143	0.102180201685092	0.0715974490982836	0.0453007575834201	0.0271159739852529	0.0137040165070246	0.00666299169591471	0.00322402823995873	0.00146029514398131	0.000519637492793349	0.000247807660796828	4.55156927994174e-05	2.27578463997087e-05	8.85027359988672e-06	
