# <P(N_2)> as a function of N_tot.
# number_of_species: 2
# species_total_upper_bound: 100
# species_total_lower_bound: 0
# volume: 512
# Bin widths for each species index 
1	1	1	1	1	1	1	1	1	1	1	1	1	1	1	1	1	1	1	1	1	1	1	1	1	1	1	1	1	1	1	1	1	1	1	1	1	1	1	1	1	1	1	1	1	1	1	1	1	1	1	1	1	1	1	1	1	1	1	1	1	1	1	1	1	1	1	1	1	1	1	1	1	1	1	1	1	1	1	1	1	1	1	1	1	1	1	1	1	1	1	1	1	1	1	1	1	1	1	1	1	
# Bin lower bound for each species index 
0	0	0	0	0	0	0	0	0	0	0	0	0	0	0	0	0	0	0	0	0	0	0	0	0	0	0	0	0	0	0	0	0	0	0	0	0	0	0	0	0	0	0	0	0	0	0	0	0	0	0	0	0	0	0	0	0	0	0	0	0	0	0	0	0	0	0	0	0	0	0	0	0	0	0	0	0	0	0	0	0	0	0	0	0	0	0	0	0	0	0	0	0	0	0	0	0	0	0	0	0	
# Bin upper bound for each species index 
0	1	2	3	4	5	6	7	6	6	6	6	6	7	7	7	7	7	7	8	8	8	9	9	9	9	10	10	11	11	10	11	10	11	11	11	11	11	11	12	12	12	13	13	13	13	13	13	13	13	14	14	14	14	15	15	16	16	16	16	16	16	17	16	16	16	16	17	18	18	18	18	19	22	22	23	23	23	21	21	19	20	20	20	20	19	19	19	19	20	19	21	22	22	22	23	23	24	24	25	22	
# Normalized histogram for each species index 
1	
0.921379182328646	0.0786208176713537	
0.846807675044883	0.147161131059246	0.00603119389587074	
0.780124671577971	0.202481254771193	0.0168695350808586	0.000524538569976724	
0.719414161949436	0.24626740401563	0.0324952672268281	0.00179052699312699	3.26398149788774e-05	
0.66184776917481	0.284041572257978	0.0498848561512763	0.00407289509167489	0.000139006658418938	1.39006658418938e-05	
0.611344751882764	0.313303011495744	0.0674784396913472	0.00747547543838522	0.000352005039230035	2.31582262651339e-05	2.31582262651339e-05	
0.561387610948464	0.338668153724615	0.0862679492541475	0.0127236395743297	0.000859705376643896	5.11176169896371e-05	9.29411217993401e-06	3.2529392629769e-05	
0.516059074037174	0.356849261111137	0.106609452402026	0.018591546685079	0.00179335208552482	9.26796943423681e-05	4.6339847171184e-06	
0.476572736164166	0.368649541419845	0.126395578438428	0.0253418590488845	0.00278192991197476	0.000253741534259721	4.61348244108583e-06	
0.436734787600459	0.376133180252583	0.14812858783008	0.0334603903559127	0.00503329506314581	0.000482204362801378	2.75545350172216e-05	
0.403287345516879	0.379132221884302	0.165076907480623	0.0437713695890588	0.00767231607177417	0.000958463509266683	0.000101375948095515	
0.371225972917034	0.383370613404119	0.181092971237111	0.0520358631187177	0.0106317811830003	0.00147573392238939	0.000167064217628988	
0.341113481407119	0.384057667907586	0.196609082416587	0.0622179463941291	0.0135013919679499	0.00225875266658301	0.000232381961582614	9.29527846330456e-06	
0.317516635898199	0.376899003473659	0.212372179105033	0.0733049054392761	0.0164661678609792	0.00312024813180375	0.000311559798555665	9.30029249419894e-06	
0.287668262799044	0.37400703036342	0.227264339819351	0.0854069214942751	0.0209942151734064	0.0042671169051639	0.000378274147268584	1.38392980708018e-05	
0.264328756569353	0.363944455144961	0.241422006988966	0.0977308789404654	0.0263462014693338	0.00539306056186886	0.000765851287272194	6.87890377789395e-05	
0.244167270658825	0.359895226474123	0.247208638769874	0.107654339110251	0.0324641962622824	0.00755066653210639	0.000963329265943099	9.63329265943099e-05	
0.223614271369746	0.349317844739436	0.257966154781535	0.11986310834339	0.0382578095492524	0.00943318010557055	0.00142787394176117	0.000119757169309001	
0.204082198362685	0.340652893020161	0.263527248535472	0.131396337294181	0.0465553563838634	0.0115499048287842	0.00203740321179753	0.00017555855339752	2.30998096575684e-05	
0.190714837460796	0.326558152087928	0.270914184139747	0.140794408614159	0.0524518152460191	0.0149323877860606	0.00316423299922755	0.000432755395482592	3.72262705791477e-05	
0.174784015259182	0.317198369361957	0.275614294262847	0.150913493903807	0.0595407285511257	0.0171198294562047	0.00403919515296582	0.00070124915850101	8.88248934101279e-05	
0.160942716734816	0.304582286078704	0.279546648159958	0.161993097497843	0.0657613384852009	0.020609033274562	0.00542071500919083	0.00100817796451214	0.000121919195708444	1.40675995048205e-05	
0.148056824758956	0.293756146682791	0.279601718483105	0.17287413005322	0.0728896585150085	0.0243467458461365	0.00691251829299855	0.00137403358853341	0.000159990212363479	2.82335668876728e-05	
0.138030983101406	0.283983622011791	0.279743730447956	0.178483488342643	0.0811629684869122	0.0280283097184506	0.00856889589283955	0.00174004399356512	0.000239197422296014	1.87605821408638e-05	
0.125050874574876	0.27232750595291	0.28263340833922	0.186872254527252	0.088299549496868	0.0322556500016373	0.00988019329999392	0.00223614223361605	0.000397640355350134	4.67812182764864e-05	
0.114416092382194	0.259075246787111	0.280475880052151	0.195981560812069	0.0973831253492271	0.0374697336561743	0.0114127398025703	0.00309182343080648	0.000614639597690445	7.45017694170236e-05	4.65636058856398e-06	
0.104562826249068	0.246840044742729	0.279450969425802	0.202125279642058	0.10665548098434	0.0417645413870246	0.0139681208053691	0.00366797166293811	0.000741051454138703	0.000205070842654735	1.86428038777032e-05	
0.0984282208359093	0.235804342531707	0.278040053204444	0.205862792483936	0.113996140804436	0.0458138968508215	0.0157505760692407	0.00485209539331947	0.00112403754285393	0.000295059854999157	2.81009385713483e-05	4.68348976189138e-06	
0.0895732707871731	0.227599729296263	0.27482455245812	0.21024965930266	0.120671753177524	0.051628394226223	0.017999017308352	0.00547433413370169	0.00160382693502183	0.000315202981449377	5.09887175873993e-05	9.27067592498169e-06	
0.0842431260108808	0.215028120864579	0.271605278635495	0.216011432142332	0.128032642258491	0.0563152477576827	0.0206954859579474	0.00580796941626231	0.00175985149242758	0.000441111601235112	5.97338626672548e-05	
0.077214494875549	0.206245424597365	0.264874633967789	0.22293649341142	0.134297218155198	0.0620882137628111	0.0231698389458272	0.00704154465592972	0.00164714494875549	0.000398060029282577	8.23572474377745e-05	4.57540263543192e-06	
0.0688372348107456	0.194327395044012	0.262735025547745	0.226954471083974	0.140791385976619	0.0688098132592342	0.0259636390226959	0.00887087191393289	0.00227141851685968	0.000338199135307076	0.000100545688875077	
0.0627181366158463	0.185418982402693	0.258717459620425	0.230471197961695	0.147054383774066	0.0736689949820001	0.0285298678486641	0.00975696779240027	0.0030236079281653	0.000539766619551445	9.60601611066131e-05	4.57429338602919e-06	
0.0580566652890664	0.173922027827524	0.251898792303807	0.233576709372274	0.155930568948891	0.078491068558571	0.0328328052532488	0.0110208017633283	0.00328328052532488	0.000720944115351058	0.000247968039674886	1.83680029388805e-05	
0.0537426358853138	0.166019430767054	0.243920469843066	0.23509494060793	0.163130826834355	0.0845407211014114	0.0358999164905972	0.0127043812774657	0.00376933151407567	0.000958304622222628	0.000191660924444526	2.73801320635037e-05	
0.0504221823230656	0.157914731381692	0.237593447694165	0.234414077869687	0.169772921537856	0.0899630505669047	0.0396584551790261	0.0141466128178805	0.00432358115533686	0.00139295292452276	0.000339193082270151	5.87934675934929e-05	
0.0468581008003461	0.148496647198789	0.230441992933881	0.234240933016079	0.173768836974548	0.097303338380561	0.0458171101016656	0.0157275218112337	0.00531761482442858	0.0015547263681592	0.00034699689956017	0.000126180690749153	
0.0433680704044656	0.138886763150195	0.224835130207747	0.233149519458012	0.17691597830246	0.10499448558374	0.0513088298183619	0.0179477368385514	0.00594656643183506	0.00205721488217155	0.000513178329469491	7.65265929910644e-05	
0.0408320318689029	0.132826328059573	0.216586315384441	0.23120345850026	0.181584844163781	0.111649804214481	0.0540005884882642	0.0214843484755891	0.00667255154930853	0.00232226522713384	0.00066091758900885	0.000172019646454358	4.52683280143048e-06	
0.0374322069727373	0.125021025498816	0.21316446258825	0.230807697378291	0.18419700778739	0.115560687545176	0.0576803305890322	0.0242077364743534	0.00860113378581722	0.00237758613635434	0.000768283091862109	0.000145473721536021	3.63684303840052e-05	
0.0328144586001778	0.119365499008592	0.207010506643572	0.229204366752513	0.188162362969209	0.120423000660939	0.0613487704264193	0.0273810880415708	0.0101830116006108	0.00288533856006564	0.000907081158693621	0.000255259019531873	5.92565581056134e-05	
0.0288310461641857	0.111564205727156	0.201349596301779	0.228436884121809	0.19202684661284	0.125096497043785	0.067052957577629	0.02953036591679	0.0113843806479152	0.00336944971709337	0.000908207470914656	0.000367824025720436	5.90334856094526e-05	2.27051867728664e-05	
0.0276730189202837	0.106106443086749	0.192023364889886	0.22352684278286	0.196258706105533	0.131086312705569	0.0720599407689123	0.0331730484903351	0.0126650804987785	0.00385775440480036	0.00109181728437746	0.00033664366268305	0.00010463248975284	3.63939094792486e-05	
0.0257055068858935	0.0994339484609617	0.184858349946047	0.221921466064341	0.197372752711378	0.136085556998372	0.0774274374965708	0.0359291841176363	0.0144027653309435	0.00498381403515189	0.00138540885564314	0.000402362967975566	6.40122903597491e-05	2.74338387256067e-05	
0.0230670516522297	0.0904303588615427	0.177501260369403	0.222187084650992	0.197653421330033	0.143205463128466	0.0818323479536184	0.0398460057747834	0.0160685640955131	0.00591686145102892	0.00166368761171456	0.000462899307942619	0.000119162198084239	4.5831614647784e-05	
0.0211353791854789	0.0854124172071597	0.170490225288199	0.218188068663626	0.201485114477574	0.147085921206426	0.0860770517727408	0.0433020878692733	0.0180368070038732	0.00626589966309903	0.00192514839685559	0.000490454472532258	7.33389865468797e-05	3.20858066142599e-05	
0.0197616905448052	0.0826638777122658	0.163793221562028	0.213186030261373	0.201672459227527	0.149548545618129	0.0921040012057052	0.0469539959535804	0.0201544581405651	0.00701501194287515	0.00232006905402381	0.000685059760046401	0.000132444886942304	9.13413013395202e-06	
0.0197530751375359	0.0774450313453841	0.159669548370588	0.210722314623581	0.201099373092318	0.151997697073822	0.0955714364045108	0.0500932136786504	0.0222890355125838	0.00763529691298229	0.00269588580410506	0.000790488549339279	0.000205618408787674	3.19850858114159e-05	
0.0181269569649749	0.0746468360882546	0.151045838491226	0.206500764581665	0.20578169373043	0.155160016019806	0.098922303939416	0.0525604383601544	0.0240115051336197	0.00898383455909124	0.00307653098376174	0.000896563023374354	0.000200247578824729	8.64705454015874e-05	
0.0173103743744474	0.0700436633455785	0.144011558480625	0.200108474699871	0.206721785183632	0.161185200040108	0.102545053462531	0.0561926291897213	0.0259154261961842	0.0105147534707346	0.00389688522647512	0.00118045996918954	0.000291696671923284	7.29241679808209e-05	9.11552099760262e-06	
0.0154790012488947	0.0647328550461726	0.140692088206605	0.195160305204336	0.204121352452665	0.164917910243671	0.108681185447186	0.0594227736401178	0.0286835556122775	0.0114451625842092	0.00450787168290837	0.00154972332880571	0.000537845155291394	6.38121370684704e-05	4.55800979060503e-06	
0.0138376257499373	0.0601409768004197	0.135844149919018	0.191463831922805	0.201628761092228	0.168702237835618	0.113835344571937	0.063749800396925	0.0300248648402035	0.0128932180578051	0.00555238725277733	0.00168350936423569	0.000424299108059402	0.000200743664028104	1.82494240025549e-05	
0.0127437341786586	0.0563296768455381	0.128322196629342	0.18834180939132	0.201628315354968	0.171488517412028	0.117156605623845	0.0681110173550138	0.0333234509338868	0.0141576774840931	0.00583365641177678	0.00176058747063787	0.000624871718853338	0.000109466578485256	6.84166115532851e-05	
0.011325873794805	0.0546946839407486	0.122836566912789	0.183289783952584	0.200574487649881	0.172819723772499	0.12082904667826	0.0724801296466582	0.0359987982191793	0.0163879202818722	0.00584957710061273	0.00220781703797445	0.00056902500978723	0.000118357202035744	1.36566002348935e-05	4.55220007829784e-06	
0.00975538397538754	0.0506694826537936	0.119537739256049	0.178362613199483	0.200008228533812	0.173375207427623	0.124854286380405	0.0772430754602265	0.0385826807648879	0.0171153503298271	0.00684339728732669	0.0025417026665021	0.000827424788915251	0.000233141791351811	1.37142230206948e-05	3.65712613885194e-05	
0.00916670863877582	0.0475002174918383	0.114281658798804	0.173013612699692	0.198448710845746	0.175792929454805	0.12721212093462	0.0821157606032995	0.0417813268375771	0.0185531985036562	0.00771065801583341	0.00309525226763859	0.000934070210944189	0.000311356736981396	3.20514288069085e-05	4.12089798945966e-05	9.15755108768813e-06	
0.00893702651515152	0.0444620483682984	0.109252076048951	0.168314758158508	0.196236706002331	0.178330783799534	0.132899002039627	0.0835382065850816	0.0441524621212121	0.0208424388111888	0.00825411567599068	0.00329163024475524	0.00106534090909091	0.00029592803030303	6.3738344988345e-05	3.18691724941725e-05	3.18691724941725e-05	
0.00770350821313191	0.0412385675933931	0.102980388588069	0.164631205351049	0.194148427901897	0.17913272967193	0.138776903125995	0.0876097738544842	0.0471492924420986	0.0226100013650635	0.00861355053009965	0.00365381990262547	0.00116485416571871	0.000445920735314192	9.10042316967739e-05	1.82008463393548e-05	3.18514810938709e-05	
0.00752492004203764	0.0393807181885598	0.0968913072160071	0.159333585073907	0.19096190679836	0.181066682438365	0.141986233126936	0.0903763824879551	0.0521967398079189	0.0244355172586361	0.00969049558013312	0.00380340577699122	0.00164692929577849	0.000523195770758361	0.000127386796358557	1.36485853241312e-05	4.09457559723935e-05	
0.0068512716341031	0.0383054551720073	0.0924898999288121	0.155384664215142	0.186553189173993	0.183025532435852	0.143504894737081	0.0957001582457843	0.0531143586511474	0.0276816765891459	0.011013725214584	0.00381331531719438	0.00167314310587958	0.000689208000253919	0.000163233473744349	9.06852631913051e-06	2.72055789573915e-05	
0.006433852516997	0.0358367387396317	0.0885375600920924	0.148785092205036	0.186455569021991	0.180125342981108	0.146861244148483	0.099057900167154	0.0574451117589017	0.0298489306198215	0.0129758370090696	0.00519033480362783	0.00156791363859591	0.000675824844222373	0.000153186964690405	9.01099792296498e-06	4.05494906533424e-05	
0.00588849371155871	0.0327233944477334	0.0851549401434388	0.146602253263979	0.182882243683314	0.180798900935019	0.146792058893975	0.103837237153096	0.0609230880472164	0.0310106245960981	0.0149539721347258	0.00568964971822902	0.00190257548163179	0.000637204614988318	0.000158171358330434	3.61534533326705e-05	4.51918166658381e-06	4.51918166658381e-06	
0.00541184648229979	0.0307649254573439	0.0805277340206093	0.142341943841373	0.180734909795036	0.182084486190539	0.149766870833352	0.104765945538499	0.0647932078844149	0.0329630649376442	0.0160233986757	0.0065312275728839	0.0022071667471598	0.00074023588248304	0.000239222571778056	8.12454017359434e-05	2.25681671488732e-05	
0.00497465317241255	0.0291759123955909	0.0780204217856434	0.136746585845466	0.176882069600043	0.182664032761451	0.153226533888979	0.108797423824214	0.0662986415543649	0.0354133968357057	0.016732514297054	0.00729285057098014	0.00258429398711912	0.000757698760621313	0.000230015695188613	0.000180404466814598	2.25505583518248e-05	
0.00461776193973032	0.0264541444976551	0.0736409138212994	0.132784307718645	0.17397924935464	0.182516477526141	0.155098234438142	0.113259058697386	0.0705188562366817	0.0368294671778492	0.0177637417837626	0.00810473534592668	0.00287878037023188	0.0010136550599408	0.000355905554379215	0.000148669408791318	3.60410687978952e-05	
0.00415049954709533	0.0248263865417461	0.0684359241283275	0.126718671840145	0.174028057557199	0.181955015975593	0.156502223964741	0.113622741673088	0.074591822479394	0.0406848098926999	0.0197745841614053	0.0092834191824282	0.00353761362048842	0.00134744773570196	0.000396573246628001	0.000126182396654364	1.80260566649091e-05	
0.00404889331752251	0.0231030393752621	0.065287277547579	0.122251328965819	0.168335670389424	0.181280406151793	0.159178318131197	0.117417906208153	0.0775331508776359	0.043717226733517	0.0220209298026503	0.00971193341419097	0.00421120975341428	0.00134812817587888	0.000414808669501193	9.01757977176506e-05	4.05791089729427e-05	9.01757977176506e-06	
0.00392977949821826	0.0216477036340285	0.0610540310764611	0.115975978148798	0.165073349854386	0.17961217734204	0.162188195286073	0.122750212542735	0.0803275871425212	0.045642421720963	0.023877141254997	0.0104145939981549	0.00483421666696815	0.0019761952137185	0.000511007000343686	0.000135665575312483	3.61774867499955e-05	4.52218584374943e-06	9.04437168749887e-06	
0.00352337519417058	0.0203160168651018	0.0576511133956189	0.112847638931032	0.160136949699064	0.180240114849351	0.161912223575818	0.125043589313938	0.0846561086177772	0.0478916358333598	0.0259180928486353	0.0118110057922839	0.00503145223743382	0.0019790680717899	0.000878579418597805	0.000131334036800703	1.81150395587176e-05	0	1.35862796690382e-05	
0.0031326959293061	0.0191085397653194	0.0551888671592061	0.108938142836448	0.155892365638128	0.178292046936115	0.163488700564972	0.128205128205128	0.0869232580037665	0.0513454295233956	0.0271983195712009	0.0134814573373895	0.00589870346226278	0.00191040127480805	0.00076959293060988	0.000158445603360858	4.52701723888165e-05	0	2.26350861944082e-05	
0.00297007391382729	0.0169235622859203	0.0527897962862809	0.104705246078962	0.152339102217415	0.176631512529295	0.16379574544799	0.13169731386335	0.0898503695691365	0.0551153776816297	0.0288714620515594	0.0142419325761673	0.00648548765098251	0.00240670632774473	0.000784207679826933	0.000238867856499008	0.000139715161348477	9.01388137732107e-06	4.50694068866054e-06	
0.00266563053457187	0.0170238912784183	0.0503487909784219	0.100042469367839	0.148475620775653	0.17453102974663	0.166380525535837	0.133543571764196	0.0930802038529656	0.0574420790110962	0.0301803592727798	0.0148642787436296	0.00727400874688257	0.00272888278454476	0.00102559005313189	0.000180720714208263	0.000149094589221817	5.42162142624788e-05	0	9.03603571041313e-06	
0.00221581396188439	0.0159349065161177	0.0484906741760647	0.0946391743272455	0.145968437061406	0.171912865710843	0.167318774848932	0.135913786334159	0.0959524164105619	0.0603008272071267	0.0334041852258009	0.0154294662641196	0.00760416807693523	0.00311838584045237	0.00121395917667393	0.000383593048391391	9.47700472496378e-05	4.06157345355591e-05	3.61028751427192e-05	1.35385781785197e-05	4.5128593928399e-06	0	9.02571878567979e-06	
0.00194710003507478	0.0141198478294107	0.0452869386910811	0.0912663794731588	0.14011026072254	0.169303270948188	0.169600057558615	0.139242384725382	0.0995494239641698	0.0631615868190771	0.0356638576863235	0.0168179079242025	0.00808068998390158	0.00363338759431968	0.00153789425403135	0.000422696081517389	0.000148393305213551	3.59741345972246e-05	1.79870672986123e-05	3.14773677725715e-05	8.99353364930615e-06	4.49676682465307e-06	8.99353364930615e-06	
0.00213800940544474	0.0125226265176049	0.0412015972187911	0.0871238832718731	0.135615373904607	0.168112218544087	0.168920709495726	0.143570026545453	0.103810238190418	0.0659504035717334	0.0365707407124602	0.0198170115479458	0.00830949033628732	0.00397957212862193	0.0015720657392976	0.000435686790605335	0.000193139505113705	4.94077803779246e-05	2.24580819899657e-05	3.59329311839452e-05	2.24580819899657e-05	1.34748491939794e-05	8.98323279598629e-06	4.49161639799315e-06	
0.00192443765407895	0.0117674630323188	0.0387771933857033	0.0825525164163095	0.13183975338354	0.165294321782201	0.167155663119752	0.146189658513721	0.106885160197041	0.0696267852877417	0.0397461725323707	0.020970511485783	0.0103658234294651	0.0043175908023598	0.00154585975491588	0.000513784291721313	0.000229850867349008	0.00016675455082183	2.7041278511648e-05	4.95756772713547e-05	1.3520639255824e-05	2.25343987597067e-05	9.01375950388268e-06	9.01375950388268e-06	
0.00180349969115068	0.0107353319115744	0.0353621201942369	0.0786686565279926	0.127286499452187	0.163067933324616	0.167576682552493	0.1471340135533	0.111266913445541	0.0719821814230514	0.043586078785884	0.0224084836625472	0.0113665568034771	0.0047792741815493	0.00181251718960643	0.000622207393446984	0.000229946210621711	0.000121736229152671	5.8613739962397e-05	1.35262476836301e-05	4.50874922787669e-05	5.8613739962397e-05	9.01749845575339e-06	4.50874922787669e-06	
0.00193261640958795	0.00977623289159244	0.033859258454631	0.0743220001448331	0.123103591860381	0.15989572018249	0.166404156709392	0.148793359403288	0.114359294662901	0.0768520530089072	0.0459799768267072	0.0235399015135057	0.0122248171482367	0.00539503222536027	0.00239427185169093	0.000724165399377218	0.000244405822289811	7.69425736838294e-05	5.88384386993989e-05	4.52603374610761e-06	1.35781012383228e-05	4.52603374610761e-05	
0.00169859135636173	0.00960708659619643	0.0324878427433164	0.07213990548161	0.11847674710623	0.156147119928769	0.164859249788818	0.15041209104815	0.115202849250017	0.0809707540923723	0.0483139654345791	0.0264012237163535	0.0126298486335928	0.00652039907764663	0.00263007693888267	0.000999977169471017	0.000292230770986964	0.000146115385493482	4.56610579667131e-05	9.13221159334262e-06	0	9.13221159334262e-06	
0.00138171166440987	0.00876005195235858	0.0322491502473264	0.0709140483230626	0.116294065087831	0.149404482272639	0.16490268144177	0.150431554609851	0.117661959635597	0.0824881863652693	0.0510404288833006	0.0284448374646512	0.0143283499599304	0.00731386041027625	0.00276342332881974	0.000934958226250679	0.000409907793774928	0.000184228221921316	7.82969943165594e-05	1.38171166440987e-05	
0.00131103641612854	0.00849849137830839	0.0302282226158431	0.0667559287205307	0.113283774297178	0.149142014997885	0.162442990836692	0.150076477124274	0.122572606777407	0.0855567488156506	0.0528505743920185	0.0301026978525967	0.0145794687977982	0.00775928999474656	0.00314741721176957	0.00108323221616294	0.000348679897906526	0.000162717285689712	8.36831754975662e-05	9.29813061084069e-06	4.64906530542035e-06	
0.00113316845183799	0.00800741026340289	0.0288652328872756	0.0639652432315519	0.109649329032622	0.147344812345424	0.161295479551246	0.153048270154882	0.122410404461204	0.0886222364325412	0.05584028437356	0.0312303106104063	0.0158455505505976	0.00773939946773996	0.00321612954795512	0.00110025484535307	0.000441982715654652	0.000183375807558845	2.82116627013607e-05	2.35097189178006e-05	9.40388756712025e-06	
0.00105477249077665	0.00789423895563334	0.0259388894144357	0.0607794910604484	0.107241509790937	0.143458518588591	0.161716015514142	0.154327878157223	0.126544319364299	0.0890644215306026	0.0591240185412922	0.0320121085989973	0.0171790748273579	0.00789423895563334	0.00368460883549333	0.00114937092044272	0.000482451991296944	0.000302714974931416	9.45984296660675e-05	5.20291363163372e-05	4.72992148330338e-06	
0.000784731502927286	0.00711014301137147	0.0250686045571499	0.0595159395614064	0.102157773835625	0.14157983097359	0.160289732382778	0.155319766197572	0.129376067115945	0.0930263527106528	0.0590165649686345	0.0337719903168889	0.0179346818032654	0.00847985618011728	0.00410438355773484	0.00146958808730019	0.000442303210740834	0.000323404498176094	0.000171214146093226	4.28035365233065e-05	1.42678455077688e-05	
0.000813918971972461	0.00607087797918283	0.0242930874340486	0.0573477732134479	0.0986517671617209	0.139184931965949	0.159485028678674	0.154477033121714	0.129528022751429	0.0970718068043626	0.0607710206543909	0.0360661859756973	0.0190792182547662	0.00944146007488054	0.00470157900280563	0.00194383001541658	0.000584106556356707	0.000311204312813	0.000129269483783861	4.78775865866153e-05	
0.000835329643160619	0.00584730750212433	0.0223906750327651	0.0538403560232548	0.0976471548384309	0.133998396551145	0.158837451572484	0.155131276374093	0.131938876913697	0.0980312144444818	0.0662646842790001	0.0371433646501937	0.0199422950441909	0.0095774864258933	0.00489195923207282	0.00230435763630515	0.000988953485580962	0.000249638743933058	0.000124819371966529	1.44022352269072e-05	
0.000815770927661875	0.00567660716526843	0.021335547338849	0.0518328297114391	0.0910718940366663	0.130880549897184	0.15547918094668	0.15599084791906	0.135055945473678	0.100499116650416	0.0692391608661653	0.0410974773852852	0.0213162391512121	0.0108463744050665	0.00463396503287219	0.00224457681279747	0.00120193468040122	0.000555110394562814	0.000139984360368014	8.68868443663536e-05	
0.000723655772976071	0.0047984691523514	0.019373576365111	0.0488249093001909	0.0905541066250929	0.128674738585423	0.153920125886964	0.156523343969616	0.136139563572431	0.104599828071045	0.0713942272667667	0.0415932083205844	0.02257417471673	0.0110831038518885	0.00504130666006149	0.00227295907216645	0.00114619303639163	0.000490531765574384	0.000199126756322275	7.28512523130273e-05	
0.000640385007228588	0.00454091186943908	0.0178968203914111	0.0461368289298778	0.0863695021491709	0.126679797793583	0.151048387879258	0.156414038015583	0.138638502663419	0.107026770033863	0.0738722917050736	0.0444873523961072	0.0244413611092245	0.0125263188535168	0.00496298380602156	0.00231411854884876	0.00126136440817752	0.000499694361701095	0.000189204661226628	4.85140156991355e-05	4.85140156991355e-06	
0.000521089656370321	0.00451611035520945	0.016650744482722	0.0439934767294869	0.0840884308446477	0.124506653542927	0.150599735595248	0.154068841733492	0.138566424456475	0.108830539713787	0.0761128641596464	0.0467050729043028	0.0260737824354187	0.0141562689980604	0.0060118306651613	0.00254754943114379	0.00133649847050536	0.000395642146503392	0.000221945594379952	9.64980845130224e-05	
0.000700088709870771	0.00383130739169004	0.0158814644321369	0.0427437723273154	0.0795176101081301	0.120405667841473	0.149104509818025	0.152767987724472	0.13962933659402	0.111932676400777	0.0795847419022273	0.0497878155793714	0.0277302260902923	0.014970390083675	0.00671797453786952	0.00283871586468148	0.00111726485890335	0.000503488455728979	0.000172624613392793	4.31561533481982e-05	1.43853844493994e-05	4.7951281497998e-06	
0.000589772482079068	0.00429143391431517	0.0156265733259812	0.04009493898492	0.0769389369710628	0.114789863585145	0.145726546954041	0.153633334132483	0.140586416053319	0.114535733979046	0.0825010189158735	0.0521780825201985	0.029363956750018	0.0161156529452662	0.00751360552372276	0.00337560835271271	0.0013185970127784	0.00046990002637194	0.000210975522044545	5.27438805111362e-05	4.31540840545659e-05	2.87693893697106e-05	1.43846946848553e-05	
0.000518550172129849	0.00410038747221195	0.0146298368007375	0.0381086362610612	0.0722801323263217	0.111973227446669	0.143494355965488	0.152996307730719	0.141895492934754	0.11652014423377	0.0858392590494207	0.0547934681883874	0.0307337004796589	0.0171073542898023	0.00834481665890442	0.00415800415800416	0.0015700546878376	0.000552159905508635	0.000240069524134189	4.80139048268379e-05	2.88083428961027e-05	4.80139048268379e-05	1.92055619307351e-05	
0.000479053390500371	0.00355457615751275	0.0137584133751707	0.037476346738844	0.0704735442765096	0.107537905099523	0.138757814558433	0.151251526982682	0.143442956717526	0.119950178447388	0.0878823444872931	0.0571414884188843	0.0343529186327816	0.0178639009317588	0.0091595008263671	0.00414381182782821	0.0016766868667513	0.000728161153560564	0.000244317229155189	4.79053390500371e-05	2.87432034300223e-05	2.39526695250186e-05	2.39526695250186e-05	
0.000300568217057962	0.00341121071740385	0.0131104993726235	0.034689388987753	0.0694741964571118	0.105666426530155	0.136019045528928	0.149950143843361	0.142049493566409	0.120923841738906	0.0906237029050157	0.0604571499453729	0.0364021507325754	0.0194892248679647	0.00999508594819731	0.00449898140770886	0.00175570006154492	0.000734722308363907	0.000248088052174826	0.000114502177926843	4.77092408028511e-06	3.33964685619958e-05	3.81673926422809e-05	9.54184816057022e-06	
0.000298486248312131	0.00300381399095066	0.0126690829839149	0.0321749224172648	0.0677374268590245	0.102736123942861	0.133987160353446	0.148816715229905	0.144491033567858	0.120957998720773	0.0941984696657428	0.0611896809039869	0.0380404140904461	0.0207424253192145	0.0108544761092554	0.0049226541586715	0.00203728709165423	0.000833866344491034	0.000170563570464075	5.6854523488025e-05	2.84272617440125e-05	9.47575391467084e-06	0	4.26408926160188e-05	
0.000360664762103625	0.00304192253300557	0.0119968489289206	0.0309649680621862	0.063282428982261	0.100326496521483	0.132980894258786	0.146823777299001	0.145015707899507	0.124211045832898	0.0943090897011228	0.0638993555490172	0.0399768415258018	0.0223185049496493	0.0111806076252124	0.00573741707083266	0.00231584741982327	0.000749803058057536	0.000365410351078672	0.000104402957451049	4.74558897504769e-06	0	1.42367669251431e-05	9.49117795009539e-06	9.49117795009539e-06	
0.000208967557786654	0.00295404138507497	0.0109328026823836	0.0297161365697975	0.0593847805128254	0.0976828347399066	0.129602629191818	0.148841892296221	0.14359395703817	0.128434310573283	0.0952607107746522	0.0661524798275068	0.0408626560726447	0.0235041009883216	0.012105870563595	0.00606480843848992	0.00309177000270708	0.00105908557696418	0.000341946912741797	0.000142477880309082	4.7492626769694e-05	0	4.7492626769694e-06	0	9.4985253539388e-06	
0.000242283738010518	0.00241808671857556	0.0102329249347972	0.0269600041805821	0.0569176757863532	0.0945096604702205	0.127935314992613	0.144956935253234	0.145522263975259	0.128875945975477	0.101402870349696	0.0685425445493285	0.0428462163356247	0.024660684000247	0.0124799878383065	0.0063088785113327	0.00336821902449916	0.00108790149028252	0.000437060860724856	0.000223281091892046	5.2257276825798e-05	9.501323059236e-06	4.750661529618e-06	0	0	4.750661529618e-06	
0.000253287964520569	0.00255199571799969	0.00976831319773666	0.0257063388897385	0.0557950374675027	0.091976984248356	0.124264031197431	0.145004970178926	0.143198501299893	0.129769460162104	0.103561324361523	0.0729756078911148	0.0438713870622419	0.0261221134730081	0.0126500611714329	0.00678142682367334	0.00342655604832543	0.00152450680532191	0.000525692001835143	0.000181602691543049	4.30111637865117e-05	1.43370545955039e-05	3.34531273895091e-05	
