# <P(N_1)> as a function of N_tot.
# number_of_species: 2
# species_total_upper_bound: 100
# species_total_lower_bound: 0
# volume: 512
# Bin widths for each species index 
1	1	1	1	1	1	1	1	1	1	1	1	1	1	1	1	1	1	1	1	1	1	1	1	1	1	1	1	1	1	1	1	1	1	1	1	1	1	1	1	1	1	1	1	1	1	1	1	1	1	1	1	1	1	1	1	1	1	1	1	1	1	1	1	1	1	1	1	1	1	1	1	1	1	1	1	1	1	1	1	1	1	1	1	1	1	1	1	1	1	1	1	1	1	1	1	1	1	1	1	1	
# Bin lower bound for each species index 
0	0	0	0	0	0	0	0	2	3	3	5	6	6	7	8	8	8	9	10	10	11	12	13	14	14	15	16	16	17	18	19	20	21	22	23	24	25	26	26	26	27	28	29	29	29	30	31	32	33	36	36	37	38	39	40	40	41	41	42	43	45	45	47	47	48	49	50	50	51	52	53	53	51	52	52	53	54	57	58	60	61	62	63	64	65	66	67	68	69	69	69	69	70	71	71	71	73	74	74	78	
# Bin upper bound for each species index 
0	1	2	3	4	5	6	7	8	9	10	11	12	13	14	15	16	17	18	19	20	21	22	23	24	25	26	27	28	29	30	31	32	33	34	35	36	37	38	39	40	41	42	43	44	45	46	47	48	49	50	51	52	53	54	55	56	57	58	59	60	61	62	63	64	65	66	67	68	69	70	71	72	73	74	75	76	77	78	79	80	81	82	83	84	85	86	87	88	89	90	91	92	93	94	95	96	97	98	99	100	
# Normalized histogram for each species index 
1	
0.0796926524534046	0.920307347546595	
0.00629259862695704	0.146822495164689	0.846884906208354	
0.000480708725585464	0.0175830047802666	0.201564469642109	0.780371816852039	
3.58809858454637e-05	0.0017960996343215	0.0323144158524246	0.246542354428277	0.719311249099131	
3.07182227665036e-06	0.000185333277357905	0.00418996558535109	0.0497686405855303	0.28404116651427	0.661811822215214	
5.11065069826821e-06	1.73762123741119e-05	0.000458936432704485	0.00782031769849001	0.0678367331085328	0.314875366561421	0.608986159335779	
7.14887532872061e-06	3.06380371230883e-06	5.20846631092501e-05	0.00106824622769168	0.0128301886792453	0.0870089616258585	0.338201036586923	0.560829269538132	
1.11784073818137e-05	0.000121946262347059	0.00204361611316613	0.0184189667086704	0.10749461404008	0.354236616397707	0.517673062070648	
1.62209454986369e-05	0.000269673218914839	0.00338814999102779	0.0261035565436815	0.126663280544294	0.368428362728728	0.475130756027855	
1.01028878094515e-06	2.52572195236286e-05	0.000515247278282024	0.00532624245314281	0.0342023163901169	0.147017223403138	0.376920558972577	0.435992143994439	
5.67126511746608e-05	0.000932720566640403	0.00760253343514604	0.0436059523978311	0.164978114993002	0.380742409112913	0.402081556843293	
9.54652968412158e-05	0.00148885239541726	0.0106169597146603	0.0529151953331688	0.181985292250757	0.38306669063455	0.369831544374606	
1.01798370004499e-05	0.000191380935608459	0.00221818648239804	0.0138669739620129	0.0631017556146891	0.197705668336839	0.382461566025405	0.340444288806048	
1.43237599460608e-05	0.000349908992968057	0.0030243596000397	0.0171639569182226	0.0739331100873033	0.213191773660038	0.378637339791303	0.31368522719018	
6.45871649925263e-05	0.000564881395410826	0.00416638473856551	0.0213301675370556	0.0847270833461482	0.226686596420436	0.374424097778817	0.288036201618575	
1.43591805420796e-05	0.000121027378854671	0.00081744763514553	0.00551495098391156	0.026696793594985	0.0961972787301561	0.238250600521443	0.36736732630007	0.265020215674892	
3.07186316692709e-06	2.55988597243924e-05	0.000164856656625087	0.00115809241393151	0.00732229783556521	0.0324091803654698	0.107096413497357	0.247804129812842	0.359003528546824	0.245012830148494	
8.20209973753281e-06	3.28083989501312e-05	0.000224532480314961	0.00158403051181102	0.00941601049868766	0.0383150836614173	0.118348097112861	0.256840551181102	0.349830831692913	0.225399852362205	
1.84463462399685e-05	6.14878207998951e-05	0.00032998463829277	0.00224635505322283	0.0118189839547532	0.0454610203084024	0.129299663969059	0.263743808945043	0.339682292429927	0.207337956534259	
3.07604285542906e-06	8.20278094781083e-06	9.63826761367773e-05	0.000549586323503326	0.00315807066490717	0.0145384038823762	0.0516416328045616	0.139428819855652	0.270286758968459	0.329139661573765	0.191149404426836	
3.06917930145479e-06	1.94381355758803e-05	0.000116628813455282	0.000770364004665153	0.00423239825670616	0.0170411065414442	0.0586336013749923	0.150662942729114	0.274855237042948	0.319003335174841	0.174661878746956	
5.12431590382684e-06	2.66464426998996e-05	0.000202922909791543	0.00103408694939226	0.0053149404554492	0.0204993133416689	0.0664439297353803	0.160997806792793	0.278927788140283	0.305473794248468	0.16107364666817	
1.02358650380723e-05	4.50378061675181e-05	0.000289674980577446	0.00134089831998747	0.00660110936305283	0.0244319862593748	0.0735805158261827	0.170170232671448	0.280155626092039	0.294360959591876	0.149013723224257	
7.16379296228979e-06	6.44741366606081e-05	0.000337721668222233	0.00169679553306807	0.00801116732982922	0.0280595536342945	0.0810306855954545	0.177647737878862	0.280877994465458	0.284443516562689	0.137823189402499	
2.04481623747678e-06	1.22688974248607e-05	6.74789358367337e-05	0.000418164920564001	0.00214603464123188	0.00940615469239318	0.0324215838533131	0.0875856138998429	0.186398291351552	0.283040396367179	0.272362365975076	0.126139601649349	
6.12584945112389e-06	1.63355985363304e-05	8.78038421327757e-05	0.000573787898588604	0.00278624052535285	0.0111459830763199	0.0361598683350758	0.0960420886696289	0.194870417864611	0.281528726150026	0.260744739937271	0.116037882253006	
3.05230739177281e-06	1.62789727561217e-05	0.000110900501901079	0.000675577369379049	0.00351727555111954	0.013385385348721	0.0414238810495461	0.103989060530308	0.201549961693542	0.27991388423412	0.248755930378903	0.106658812062312	
1.01776094627342e-06	5.08880473136709e-06	1.11953704090076e-05	0.000154699663833559	0.00092310917826999	0.00449443233874341	0.0156236482862432	0.046135103694574	0.11205649794565	0.206592241201202	0.277817187743308	0.2374812859206	0.0987044920914886	
5.06610250549165e-06	1.215864601318e-05	3.85023790417366e-05	0.000245199361265796	0.00122194392432459	0.00528495813372889	0.0177830330147768	0.0517623957396104	0.118992615648988	0.212488550608338	0.274693196832267	0.227188353638272	0.0902840259708679	
1.0083481140361e-05	1.51252217105416e-05	5.24341019298775e-05	0.000349896795570528	0.00156798131732614	0.00619529081263783	0.0206338274575208	0.0570775449950137	0.126883468233505	0.217402878430526	0.269897481247246	0.216009341336928	0.0839046465689443	
4.02807163119782e-06	1.61122865247913e-05	7.04912535459618e-05	0.000420933485460172	0.00177839362517384	0.0072031990944895	0.0236820401377198	0.0623646190300202	0.133683641296193	0.22052785864691	0.266154833031396	0.206686397504207	0.0774074525367285	
1.00776482799974e-06	1.51164724199961e-05	7.86056565839796e-05	0.000484734882267874	0.0022906494540434	0.00863856010561375	0.0263429726039132	0.0687416544475181	0.140466292785915	0.225058072448213	0.26303770552104	0.194578225225361	0.0702664026322817	
1.00596942255343e-06	3.52089297893701e-05	0.00010260888110045	0.000662933849462712	0.00285192331293898	0.00991483462868663	0.0295322443379011	0.0744296656358833	0.146868517784533	0.229063261393107	0.257051342667388	0.185254299010327	0.0642321535994592	
1.00666310307928e-06	4.32865134324091e-05	0.000234552503017473	0.000843583680380438	0.00344077448632499	0.01149105932165	0.0331927024978332	0.0797861042238577	0.155338183436164	0.231573786895461	0.249705802708125	0.175278166181958	0.0590709908886923	
1.40672555487787e-05	6.73218658405838e-05	0.000295412366524353	0.00109222191296589	0.00409658577659791	0.0130634563849766	0.037237030241585	0.0858333693388088	0.161498122523786	0.233266245921752	0.244051811711794	0.165011921999078	0.0544724327007423	
4.01124753809682e-06	8.72446339536059e-05	0.000413158496423973	0.00135580166787673	0.00478441550106499	0.0150231248420571	0.0408986798984352	0.0909299676292324	0.16796998784592	0.233326246796016	0.236892245857384	0.157696180088969	0.0506189354951283	
1.79932525303011e-05	0.000106959890041235	0.000417843308759215	0.00165038110708484	0.0054789453954767	0.0169946270148694	0.045447957016119	0.0982461576908659	0.172300387354742	0.233093589903786	0.231224290890916	0.148614269648882	0.0464065975259278	
3.30539109287247e-05	0.000124202574398845	0.000491802129272844	0.0019411660418142	0.0063683868389343	0.0188878060116049	0.0498202568389043	0.104106798187844	0.176826403864703	0.233996648533759	0.225076099117661	0.139688832485784	0.0426385434643904	
9.05751522165752e-06	3.62300608866301e-05	0.000128817994263574	0.000527348664016505	0.0022120464952448	0.00705982991999195	0.0213968701252956	0.0540552508428521	0.110320535399789	0.181041614250491	0.233131384290243	0.218444120163035	0.132094801992653	0.0395420922860162	
1.01059610010965e-06	1.41483454015351e-05	5.15404011055921e-05	0.000165737760417983	0.000691247732475	0.00244867435056568	0.00826970788719726	0.0243927580683466	0.0585397896949516	0.116073025674194	0.184864302208658	0.231918667225863	0.211578399518956	0.124410443500099	0.036580547035669	
2.03126936053609e-06	1.01563468026805e-05	8.53133131425159e-05	0.000216330186897094	0.000846023688663283	0.00293924676469573	0.00988212543900809	0.027265728626476	0.0625630963045117	0.121231233610195	0.188897894183054	0.229824924893815	0.204332494419087	0.118229017495323	0.0336743834589673	
2.03085683880886e-06	3.14782810015374e-05	8.021884513295e-05	0.000300566812143712	0.00100222784995217	0.00335700635455105	0.0110752777704441	0.0300444960733383	0.0679880098212237	0.126341634799138	0.192310972922586	0.22817590469595	0.197697820687526	0.111438191887539	0.030154162342634	
1.01886531008147e-06	3.76980164730143e-05	0.000106980857558554	0.000317885976745418	0.00114316687791141	0.00404591414633351	0.0128845707112903	0.0336225552326885	0.0723516633995052	0.132264000228226	0.19521765000754	0.224675083852615	0.190269021196474	0.105165239575989	0.0278975510553407	
3.07011529306297e-06	2.04674352870865e-06	3.99114988098186e-05	0.000100290432906724	0.000391951385747706	0.00141327640657332	0.00491832469948688	0.01472427294553	0.0362345240604936	0.0768286118371365	0.137156377345824	0.196778016337107	0.221899746408477	0.184706323004783	0.0987942633872377	0.0260089933910651	
4.10047391227241e-06	1.0251184780681e-06	4.10047391227241e-06	4.10047391227241e-05	0.000132240283670785	0.000428499523832467	0.00165351610512385	0.00586060233911534	0.0163301373556249	0.0395562467132139	0.0815779033661816	0.142560151389497	0.198761246831102	0.220083711174919	0.176691471116774	0.0928962364825315	0.0234178065129877	
2.05143985434777e-06	0	4.10287970869554e-06	5.43631561402159e-05	0.000144626509731518	0.000589788958124984	0.00200015385798908	0.0066456394081596	0.0183870554145191	0.0432905095263738	0.0859419955381183	0.146729235582224	0.200623637715722	0.215930456188938	0.170815190912121	0.0871482421724748	0.0216929507398005	
2.05377185469975e-06	1.02688592734987e-06	4.1075437093995e-06	4.51829808033945e-05	0.000265963455183617	0.000706497518016714	0.00253743512648154	0.00777352647003855	0.0204997237676855	0.0470272679289148	0.0914144121386132	0.14972818329503	0.20187242379993	0.212445241307924	0.163864294970929	0.0818007060867637	0.0200119529521944	
1.0280144209863e-06	3.08404326295889e-06	4.11205768394519e-06	6.99049806270682e-05	0.000278591908087287	0.000900540632783997	0.00271395807140383	0.00879055131385383	0.0223623976997149	0.0499543047589872	0.0954603911183666	0.1542391716671	0.202474636314198	0.208607770349802	0.157776569289714	0.0770003361607157	0.0193626516192769	
1.02854627326829e-06	0	5.14273136634144e-06	8.84549795010728e-05	0.000308563881980486	0.000996661338796971	0.00328517679681891	0.0099378140923182	0.024252092577393	0.053346581009333	0.100502341999864	0.15754448976905	0.203547250387248	0.20509006979715	0.150038159066738	0.073097755094904	0.0179584179312643	
2.47790022734735e-05	0.000107375676518385	0.00034071128126026	0.00115222360571652	0.00403897737057617	0.0107499571529752	0.0261934703199176	0.0568998164288915	0.104831698951642	0.161505406984788	0.205208339786199	0.199363592624943	0.144299487281145	0.0686811995515001	0.0166029639816553	
4.12250009017969e-06	3.50412507665274e-05	0.00012985875284066	0.000415341884085604	0.00137691503012002	0.00459555697552781	0.0116512158798703	0.0283638312454588	0.0601926238167136	0.109284385515596	0.165168996738072	0.203415491324714	0.195583771778395	0.139770273682475	0.0648541407936843	0.0151584328315907	
9.25867821052382e-06	2.57185505847884e-05	0.000171799917906387	0.000471163846713324	0.00172828659929778	0.00509638798388167	0.013032103952324	0.0304404764721556	0.0642027609378424	0.113836477340414	0.167176751253265	0.201967777742343	0.191652581473796	0.135211679102443	0.0612523288147555	0.0137244473340665	
6.1660834579396e-06	3.69965007476376e-05	0.000167511933940693	0.000644355721354689	0.00182002230066851	0.00563374491940415	0.0143114797058778	0.0337531408487614	0.0684753844809956	0.117785553894139	0.169274406129087	0.20109859053609	0.18866879396546	0.128942054230704	0.0569694727484803	0.0124123260008324	
1.22914801605267e-05	3.38015704414485e-05	0.000182323622381147	0.000669885668748707	0.00213871754793165	0.00578723857558134	0.0162944055328049	0.0367402584898278	0.0724060367556228	0.121343540724747	0.17080548118072	0.20091653470397	0.184362983797781	0.122568591580746	0.0541859659976687	0.0115519427708684	
1.63619090666451e-05	4.60178692499394e-05	0.000187139334949754	0.000819118072648921	0.00242360778049681	0.00672065414912448	0.0175522379512436	0.0398678366795142	0.0764919248865659	0.124615367309519	0.174409769695904	0.199585634652887	0.178485930292132	0.117600198797195	0.0505920454533834	0.0105861551661194	
2.04535576406821e-06	1.53401682305116e-05	5.01112162196712e-05	0.000260782859918697	0.000940863651471378	0.00279702400736328	0.00791757216270805	0.019279523432107	0.0427448674353795	0.0801329481246644	0.129145808299031	0.176511134405441	0.198281901158183	0.173111753125559	0.112147879221742	0.0472057883568123	0.00945465701940531	
7.16243690660489e-06	2.04641054474425e-05	8.18564217897702e-05	0.000315147223890615	0.00093316320840338	0.00325788558723285	0.00881389021621351	0.0213849901925775	0.0453904090876999	0.0831651013331342	0.133553868176372	0.178638338887633	0.196222121493348	0.167645021441266	0.106795003893296	0.0447007687341211	0.0090748075606684	
7.15748616815798e-06	1.4314972336316e-05	2.35174545525191e-05	0.000109407288570415	0.000403886719488915	0.00112781532049689	0.0036605429260008	0.00954808654832275	0.0230205205128441	0.0483999439671083	0.0884154041372315	0.136730480768346	0.180441248797287	0.19335233134662	0.162946307606261	0.101779453311206	0.0416770194591599	0.00834256137800014	
3.06873977086743e-06	1.6366612111293e-05	1.84124386252046e-05	0.000134001636661211	0.000476677577741408	0.00140343698854337	0.00419701309328969	0.0106464811783961	0.0251749181669394	0.0517307692307692	0.0918596563011457	0.141459697217676	0.180973813420622	0.189837356792144	0.157933715220949	0.0967798690671031	0.0395161620294599	0.00783858428805237	
2.04163923213948e-06	8.16655692855794e-06	3.5728686562441e-05	0.000153122942410461	0.000547159314213382	0.00168128990766687	0.00453141827573359	0.0117200300120967	0.0274896514411421	0.0546628488013026	0.0962704355326892	0.143396573108549	0.180904548261799	0.187539875766253	0.154146824485379	0.092417862301642	0.037426309583965	0.00706611338243476	
1.52735803716164e-05	2.13830125202629e-05	0.000169027622779221	0.000636399182150683	0.00188781453393179	0.0052877135246536	0.0131597168481847	0.0298588313878186	0.0586342568079439	0.0999207810298059	0.146123361653945	0.180564267153249	0.185471159407304	0.148354322626893	0.0884075561456815	0.0348522739306457	0.0066358615521216	
1.01848447473191e-06	9.16636027258718e-06	3.3609987666153e-05	0.000203696894946382	0.000723123977059656	0.00221927767044083	0.00574730789091216	0.0145928455539588	0.0320537433887627	0.06182913700755	0.103605333192103	0.147923666625588	0.181009134787254	0.182052062889379	0.145366252109536	0.0837784959224974	0.0325497453279571	0.00630238192964106	
2.13917470639827e-05	6.11192773256649e-05	0.000253645000901509	0.000861781810291875	0.0023704093056137	0.00653976267384614	0.016302548571999	0.0341453029326048	0.0650747132232575	0.106360785056744	0.15078838774477	0.181876708156469	0.179961637466932	0.139538366098359	0.0797545449822601	0.0305066686224835	0.00558222732907739	
1.01963823235516e-06	1.32552970206171e-05	0.000127454779044395	0.000317107490262455	0.000919713685584355	0.00265513795705284	0.0075381854518017	0.0173593409058466	0.0367385851499888	0.0674776189407998	0.110250423149866	0.154315108999327	0.182694699920468	0.17517078940392	0.134551461141587	0.0762852539918837	0.028292921671391	0.00529192242592328	
3.06389758411675e-06	3.26815742305787e-05	0.000130726296922315	0.00034009263183696	0.00100802230517441	0.00304449289941735	0.00864121248640395	0.0187050947510328	0.0384202544056294	0.0706820746671841	0.114296656777086	0.156491633006347	0.181467504812872	0.172171639542662	0.130330032834769	0.0729432310842623	0.0264281592613964	0.004863426765188	
7.15802045966762e-06	1.94289126762407e-05	0.000133957240030923	0.000423345781471771	0.00115141871965511	0.00367104192145811	0.0092624784748099	0.0203154846388881	0.0412056560632524	0.0747450722142007	0.116167514039946	0.157502014471472	0.180567201541224	0.17056846953342	0.126404505871622	0.0687313124537285	0.0247892474261804	0.00433469267550444	
6.14356277492443e-06	4.40288665536251e-05	0.000133110526790029	0.000474078260798336	0.00132086599660875	0.00410492386077868	0.0100314140843224	0.0221045388641781	0.0440595843674997	0.0785853832354459	0.1196018561751	0.159428525790677	0.18025520359767	0.167082381081103	0.121135699014573	0.0649169799883682	0.0227578043725784	0.00395747835418049	
2.04981459426995e-06	9.22416567421477e-06	3.8946477291129e-05	0.000148611558084571	0.000485806058841978	0.00171774462999822	0.00455366312117069	0.0107912489315341	0.0238834147451363	0.046828014406097	0.0811214125682332	0.122997074914574	0.162146483850536	0.179235788122964	0.163410194547903	0.116243960733752	0.0611982396192264	0.0213590680722929	0.00382905366209626	
8.21896134930688e-06	4.10948067465344e-06	2.46568840479207e-05	0.000164379226986138	0.000627723173053313	0.00188316951915994	0.00513479610297948	0.0118907823321097	0.0257797996422697	0.049098020360422	0.0841498357748785	0.125736752832203	0.162985085667262	0.179545265415946	0.159305045723109	0.112017251599872	0.0583484613590669	0.0199998150733696	0.00329683087124072	
7.19297308183959e-06	3.08270274935983e-06	3.39097302429581e-05	0.000202430813874629	0.000662781091112362	0.0021435059783882	0.00551392765102161	0.0128805596544085	0.0272593128450058	0.0515859478077873	0.0875189586219086	0.129428302499455	0.16499344411882	0.177293428088765	0.155289095863835	0.108020987040318	0.0551290008343849	0.0188774440694965	0.00315668761534446	
1.02435296744811e-06	5.12176483724056e-06	6.35098839817829e-05	0.000233552476578169	0.000866602610461102	0.00238571806118665	0.00609592450928371	0.0141289004800118	0.0289267034477672	0.0551696021208204	0.0912759955174314	0.132065730681215	0.165890890019319	0.174887782132416	0.151518193533055	0.10339101806344	0.0529979738298304	0.0171282059686999	0.00296755054669718	
2.04535158059657e-06	0	1.22721094835794e-05	9.40861727074421e-05	0.00026794105705815	0.00101858508713709	0.00283690264228744	0.00684783709183731	0.0151754860522362	0.0313388769179006	0.0578793590277217	0.0943162747602592	0.135038202054147	0.166855691241907	0.172177696054619	0.147827785487617	0.0994388577938633	0.0499014651876048	0.0163423591289666	0.00262827678106659	
2.05288435383925e-06	0	1.02644217691963e-06	3.07932653075888e-06	8.21153741535701e-06	1.33437482999551e-05	0.000117014408168837	0.000368492741514146	0.00122865128577279	0.00304237461238977	0.00750534519763631	0.0166139930756211	0.0336498538859561	0.0606196220845193	0.097314929909396	0.13717681185007	0.166952872960331	0.170403771559135	0.14384458023134	0.0953800864059025	0.0477069794988704	0.0156891686742165	0.00235773768038438	
2.05377818168749e-06	1.02688909084374e-06	2.05377818168749e-06	7.1882236359062e-06	6.16133454506246e-06	2.46453381802498e-05	0.000151979585444874	0.000467234536333903	0.00135549359991374	0.00332301309797035	0.0080918860358487	0.0176296319116054	0.0358528057177185	0.0631670286450712	0.100664910686321	0.140063564434723	0.168189029743843	0.168178760852934	0.140464051180152	0.0909977767851183	0.0450855655334946	0.0142398710227302	0.00203426728896146	
1.02735644748359e-06	2.05471289496719e-06	3.08206934245078e-06	5.13678223741797e-06	9.24620802735234e-06	2.36291982921226e-05	3.90395450043765e-05	0.000172595883177244	0.000456146262682715	0.00144138109581948	0.00357622779369039	0.00870479117952848	0.0194499122637594	0.0376885712759356	0.0666620778078679	0.104446193233419	0.142800491487324	0.166776936258697	0.167524851752465	0.135570984166382	0.0877485688924687	0.0420250428407639	0.0129775666446127	0.00189444528915975	
2.05480366864647e-06	2.05480366864647e-06	5.13700917161618e-06	3.08220550296971e-06	1.64384293491718e-05	1.64384293491718e-05	6.67811192310103e-05	0.000168493900829011	0.000586646447398567	0.00156165078817132	0.00421542972622823	0.00984867398382253	0.0208726956661108	0.0404601116374833	0.070130449210904	0.107229929448316	0.144419821047149	0.167330881952557	0.164275388897279	0.132272849159945	0.083797975812906	0.0389385295208506	0.0118808748121139	0.00189761118799501	
1.02555582561859e-06	2.05111165123718e-06	1.33322257330417e-05	1.02555582561859e-05	1.02555582561859e-05	2.66644514660833e-05	6.2558905362734e-05	0.000201008941821244	0.00061841016284801	0.00175062379433093	0.00468166234394886	0.0104996405426831	0.022433008129581	0.0429092557438818	0.0730544436821146	0.110658499140071	0.145377666060563	0.167548131898786	0.162072689345808	0.127884760342987	0.0805604867698171	0.0367005407755868	0.0111447151569972	0.00177831380162263	
1.0254832589858e-05	6.15289955391478e-06	6.15289955391478e-06	3.17899810285597e-05	6.35799620571194e-05	0.00024406501563862	0.000738347946469774	0.00207660359944624	0.00504742860072809	0.0117643439470851	0.0240629646721017	0.045776547197867	0.0761052145823719	0.113301543352305	0.147105573501513	0.166607188637645	0.159896426190842	0.124261908424345	0.0760580423524586	0.0347218376660001	0.0103358457673178	0.00177818797108137	
2.05464112610771e-06	8.21856450443083e-06	6.16392337832313e-06	2.26010523871848e-05	0.000102732056305385	0.000260939423015679	0.000863976593528291	0.00230941662574506	0.00584545400377643	0.0127305564173634	0.0261401717269053	0.0480241543610785	0.079584469378656	0.11532186980561	0.148705678822608	0.166188620164659	0.15663864821051	0.120049599036784	0.0731133771519798	0.0327622800763505	0.00980372013322293	0.00151529783050443	
1.02968266210037e-06	5.14841331050184e-06	4.22169891461151e-05	0.000127680650100446	0.000318171942589013	0.000944219001146037	0.0025299303007806	0.00648597108857021	0.0140541386550079	0.0281710879524039	0.0503834023392331	0.0820976283319244	0.118100482612264	0.150714651251631	0.16605383386894	0.151664018666087	0.116704232922456	0.0704560361542176	0.030900776689632	0.00894794233365219	0.00129740015424646	
1.03162125469903e-06	3.0948637640971e-06	5.26126839896508e-05	0.000128952656837379	0.000350751226597672	0.00109867663625447	0.00293186760585466	0.00692011537652113	0.0148501879613926	0.0302275343839364	0.0528458303932128	0.0848879865641648	0.121178359061967	0.15200217053112	0.163168438991982	0.150003920160768	0.113258602689643	0.0670852985718235	0.0293898579251208	0.0084386618634381	0.0011760482303569	
2.06290413581336e-06	5.15726033953339e-06	4.22895347841738e-05	0.000168126687068789	0.000407423566823138	0.00124083683769173	0.00314592880711537	0.00738519680621182	0.0159761610798065	0.0317862583766801	0.0557334810372695	0.0875723434694128	0.123471001240837	0.151799832285894	0.162223686884159	0.147119102801733	0.110263257511292	0.0645441446013283	0.0280039236436663	0.00796177851217165	0.00114800615158013	
1.03204606227985e-06	1.54806909341978e-05	5.67625334253918e-05	0.000196088751833172	0.000520151215389045	0.0012704487026665	0.00350276433537782	0.00816451639869591	0.0170937789295412	0.0329924485189623	0.0578183165471041	0.0901502555862073	0.124983874280277	0.153563293836931	0.162172622088469	0.144211924466613	0.10662893506263	0.0617266749849579	0.0263047900353889	0.00758760264988147	0.00103823833865353	
8.27967928662283e-06	2.69089576815242e-05	9.10764721528512e-05	0.000215271661452194	0.000547493792827935	0.00153691546757936	0.00409326644732416	0.00843388831333618	0.0182670424261116	0.0345107382265548	0.060313323763404	0.0929031763954623	0.127616766764539	0.154230760871478	0.160579204964496	0.141811241941543	0.102623519877958	0.0590299734739775	0.0251205469556137	0.00710396482792239	0.000936638719299208	
1.34573479707872e-05	3.20905990072618e-05	9.1095893956098e-05	0.000245337805313582	0.000649058244437198	0.00187057136793942	0.00440469350889997	0.00940461587035398	0.0196218485220209	0.0364600963753151	0.0628499557460288	0.0957894028560633	0.128946237894857	0.154795732985513	0.1598298163072	0.13895125852083	0.0986775567667169	0.0564245896802845	0.0237201285694322	0.00639016992489765	0.000832285212962532	
7.24561924684893e-06	2.07017692767112e-05	7.65965463238316e-05	0.000253596673639713	0.000793912851761876	0.00203291374297304	0.00468791565271126	0.0102463407035082	0.0207462780806562	0.0383614135582098	0.0651805556561892	0.098782632457683	0.131191252260374	0.156130673708028	0.158265026120457	0.135032465549668	0.0958181390972579	0.0536196526036098	0.0220587702527997	0.00592381127853092	0.000770105817093658	
3.11451123456111e-06	4.56794981068963e-05	0.000118351426913322	0.000321832827571315	0.000922933495841608	0.00217081433048909	0.00489082080867246	0.0112205458077122	0.0222293048514741	0.0406028447945616	0.0684600714468877	0.101777036293399	0.133965509902588	0.155877134608137	0.155592675915381	0.131304679137862	0.091866661545026	0.0514382293795997	0.0208911031910244	0.00553033378216901	0.000770322445348114	
4.17376641724934e-06	4.59114305897428e-05	0.000132517083747667	0.00033077098856701	0.000966226925593223	0.00239678536510543	0.00544259140809314	0.0119161031212469	0.0234492631737111	0.0424858118027854	0.0709529856516345	0.104439113617226	0.136265125990357	0.155562535020509	0.153642602468574	0.128466443439726	0.0894271192559844	0.0489968874136943	0.0192024558441599	0.00511703762754769	0.000757538604730756	
1.04510353318151e-05	4.49394519268051e-05	0.000119141802782693	0.000424312034471695	0.00108168215684287	0.00266501400961286	0.00573761839716652	0.012845367526334	0.0252465660510658	0.0456177241198399	0.0733861249964728	0.106509636377128	0.138186724467859	0.155469601596082	0.151297548291622	0.125776120011329	0.0858291276625319	0.0462521019644811	0.0181304560936329	0.00470610120991636	0.000663640743570262	
4.18235922701637e-06	5.22794903377046e-06	5.22794903377046e-05	0.000148473752559081	0.000439147718836719	0.00121915771467527	0.00283354837630359	0.00661126434810612	0.0139533959711334	0.0270483627109216	0.0470766354592962	0.0760070598223752	0.108732975183972	0.138615931861003	0.155219897992258	0.149538162982357	0.123070102614184	0.083117070508303	0.0440768383037187	0.0170943477506227	0.00450544647730338	0.000630490653472717	
1.0410897294416e-06	8.32871783553281e-06	6.24653837664961e-06	5.51777556604049e-05	0.000155122369686799	0.000549695377145165	0.00133051267422637	0.00312118700886592	0.007077327980744	0.0150093906293596	0.0279543003252364	0.049479871571171	0.0784377823955891	0.110832330416894	0.139359230093323	0.154405058863213	0.148461477597831	0.120995448355703	0.0798130619281815	0.0420298334672869	0.0162326710614534	0.0041768519945197	0.000508051787967501	
4.15871312780973e-06	5.19839140976216e-06	9.35710453757189e-06	2.18332439210011e-05	6.2380696917146e-05	0.0001923404821612	0.000568704020227981	0.00150649383054907	0.00340286701683031	0.00772584931318853	0.0159029190007444	0.0301309162892635	0.0515326937232543	0.0805251622937798	0.112667856058621	0.140137195946086	0.154710366424214	0.146940850623183	0.117153028166964	0.0770723907194158	0.0396938771266619	0.0157230546579666	0.00388111902652843	0.000429387130446355	
2.07591410282625e-06	6.22774230847876e-06	1.660731282261e-05	2.90627974395675e-05	5.29358096220695e-05	0.000173338827585992	0.000635229715464833	0.00153929030724567	0.0037875052806065	0.00860362599916341	0.0170214576861239	0.0314968067251313	0.0541149288324748	0.083355216927834	0.115363736479312	0.141657264505709	0.154356669029749	0.14447843177145	0.11365837304384	0.0729943296406281	0.0379840382964634	0.0146569915230048	0.00360482483955779	0.000411030992359598	
5.17031001178831e-06	7.23843401650363e-06	3.10218600707298e-05	2.27493640518686e-05	5.06690381155254e-05	0.000202676152462102	0.00073418402167394	0.00165656732777697	0.0041228052034	0.00891878477033483	0.0182005253034972	0.0339875498934916	0.0564091162906128	0.0865406489773127	0.117751742394474	0.143579509027361	0.153376212437698	0.1409209356193	0.109833929642421	0.0702014352780593	0.0363328025148388	0.0134314313486237	0.00328728310549501	0.000395011684900627	
5.15283833794169e-06	4.12227067035335e-06	1.23668120110601e-05	2.37030563545318e-05	2.26724886869434e-05	6.49257630580653e-05	0.000246305672553613	0.000729641908652543	0.0018642969106673	0.00443453267363262	0.00965641904530272	0.0193705498799904	0.0359740255725061	0.0592844356456867	0.0887978325100815	0.121067997885275	0.144506198349237	0.151645971150289	0.13778277488589	0.106700854031426	0.0680473525231903	0.0341406456918665	0.0123420783870379	0.00292165933761294	0.0003534847099828	
1.0269534194468e-06	1.0269534194468e-06	1.0269534194468e-05	1.0269534194468e-06	9.24258077502121e-06	5.134767097234e-05	5.75093914890208e-05	0.000251603587764466	0.000847236571043611	0.0021175779508993	0.00498380494457532	0.0104738979249379	0.0207177582839198	0.0381502925790292	0.0609938444412038	0.0923169506877507	0.121709384505738	0.145296450643592	0.150364465768562	0.135022808635446	0.103175956144981	0.0662487650885131	0.0320912674042931	0.0119598995228774	0.00281077150902589	0.000335813768159104	
2.04872692109123e-06	2.04872692109123e-06	3.07309038163685e-06	1.22923615265474e-05	2.56090865136404e-05	9.73145287518336e-05	0.000377990116941333	0.000899391118359052	0.00235808468617601	0.00536151835249576	0.0111583911757234	0.0225144844993321	0.0401652912879936	0.0641118359051685	0.0934475566882739	0.124262458308407	0.145316200513001	0.148647430486696	0.132999254263401	0.100554590377539	0.0626900194219312	0.030707343456776	0.0112598031583174	0.00270636826276152	0.000319601399690232	
2.04675400165992e-06	0	1.02337700082996e-06	8.18701600663967e-06	4.19584570340283e-05	0.000138155895112044	0.000391953391317874	0.00111445755390383	0.00256253601007822	0.0057217008116403	0.0122887110259661	0.0237351827802492	0.041906264806986	0.0666525440640552	0.0958054846866983	0.127033833867024	0.145046292458633	0.147725493446805	0.130171507751569	0.0973231527789291	0.0597652168484696	0.0292706289777385	0.0104108142294432	0.00261472823712054	0.000268124774217449	
1.02567258479748e-06	0	0	1.02567258479748e-06	1.02567258479748e-05	4.92322840702791e-05	0.000178467029754762	0.000469758043837246	0.00110464937382689	0.00280316317425152	0.00610377755212981	0.0129891176138753	0.025079746043468	0.043965455347344	0.0690893053119583	0.0989476599279978	0.127902396996831	0.145710124414085	0.145950131798927	0.127272634029765	0.0944808558212048	0.0576540816640512	0.0273844323415079	0.0101808260766998	0.00238879144999333	0.000283085633404105	
7.1836868733516e-06	2.05248196381474e-05	5.02858081134612e-05	0.000232956702892973	0.00049567439426126	0.00145418347136275	0.00308590663259547	0.00667467134632554	0.0135566433709964	0.0268577527374978	0.045380376219944	0.0706946625206531	0.10212534507353	0.129126771548495	0.145344457785577	0.144750264257053	0.125216793407428	0.0915211970074813	0.055074248535041	0.0266196648296953	0.00933263548946564	0.00217768336360744	0.000200116991471937	
