# <P(N_2)> as a function of N_tot.
# number_of_species: 2
# species_total_upper_bound: 100
# species_total_lower_bound: 0
# volume: 512
# Bin widths for each species index 
1	1	1	1	1	1	1	1	1	1	1	1	1	1	1	1	1	1	1	1	1	1	1	1	1	1	1	1	1	1	1	1	1	1	1	1	1	1	1	1	1	1	1	1	1	1	1	1	1	1	1	1	1	1	1	1	1	1	1	1	1	1	1	1	1	1	1	1	1	1	1	1	1	1	1	1	1	1	1	1	1	1	1	1	1	1	1	1	1	1	1	1	1	1	1	1	1	1	1	1	1	
# Bin lower bound for each species index 
0	0	0	0	0	0	0	0	0	0	0	0	0	0	0	0	0	0	0	0	0	0	0	0	0	0	0	0	0	0	0	0	0	0	0	0	0	0	0	0	0	0	0	0	0	0	0	0	0	0	0	0	0	0	0	0	0	0	0	0	0	0	0	0	0	0	0	0	0	0	0	0	0	0	0	0	0	0	0	0	0	0	0	0	0	0	0	0	0	0	0	0	0	0	0	0	0	0	0	0	0	
# Bin upper bound for each species index 
0	1	2	3	4	5	6	7	6	6	7	7	7	7	7	7	8	9	9	9	10	10	10	10	10	11	11	11	12	12	12	12	12	12	12	12	12	12	12	13	14	14	14	14	15	16	16	16	16	16	14	15	15	15	15	15	16	16	17	17	17	16	17	17	17	17	17	17	18	18	18	18	19	22	22	23	23	23	21	21	20	20	20	20	20	20	20	20	20	20	21	22	23	23	23	24	25	24	24	25	22	
# Normalized histogram for each species index 
1	
0.920492069198327	0.079507930801673	
0.847402862375531	0.146337610779058	0.00625952684541084	
0.780438759912315	0.201588610441074	0.0175018194394454	0.000470810207165291	
0.719123046058535	0.246736653204578	0.0322888991112922	0.00182079271822839	3.06089073669518e-05	
0.661463378840992	0.284175511819209	0.0499926187271191	0.004182430124678	0.000183439917749035	2.62057025355764e-06	
0.608576517450584	0.314929134929152	0.0681432802197658	0.00784454582625351	0.000487341755598545	1.48207689538019e-05	4.35904969229468e-06	
0.560232152372196	0.338442357185893	0.0872591323366035	0.012916218277559	0.0010909350523614	5.04981907717168e-05	2.61197538474397e-06	6.09460923106927e-06	
0.517146017219319	0.354793433237189	0.107420788965757	0.0184537312138102	0.00203075188132983	0.000145735290928412	9.54219166793173e-06	
0.475012085476809	0.368684147146528	0.126751094623652	0.0259859409951502	0.00327997241565723	0.000271165178579164	1.55941636243609e-05	
0.436544567008564	0.376801180116284	0.146700960053617	0.0342470367542657	0.00520446481933788	0.000475881200706135	2.50463789845334e-05	8.6366824084598e-07	
0.40232437006491	0.380934870223248	0.164734017792714	0.043587130133229	0.00748342640388872	0.000883405984318462	5.01836896086884e-05	2.59570808320802e-06	
0.371034883932304	0.38283339003195	0.181348145955225	0.0527608763961493	0.0104801550512408	0.0014455983262222	9.43534236875569e-05	2.59688322075845e-06	
0.341474681136322	0.383230938161636	0.196772060461251	0.0625082873790043	0.0136532673289637	0.00215710183964647	0.000188930574946939	1.47331182298072e-05	
0.314683978050315	0.37965205786988	0.212046783828962	0.0733191079725733	0.016976601135017	0.00294788166075295	0.000354475602000354	1.91138805000191e-05	
0.288115805865108	0.375560891162321	0.22623378656993	0.0840479856634566	0.021294290610782	0.00412610590599473	0.000555019095092692	6.61151273151169e-05	
0.264935567111315	0.368145759325721	0.238187884335192	0.0958999311125026	0.0264097769734613	0.00547529325085413	0.000810799748138252	0.000122795665400101	1.21924774156128e-05	
0.245150821239965	0.358688106501196	0.247961598528327	0.107083036824057	0.0323853456332785	0.00737230212850835	0.00117587522134762	0.00015678336284635	2.35175044269525e-05	2.61305604743916e-06	
0.225578415698752	0.349750596797138	0.25702528570818	0.118196796091186	0.0382299044862922	0.00930715711747637	0.00166675824679012	0.000205837229849538	3.22710911204784e-05	6.97753321523858e-06	
0.207741843172187	0.339435886116314	0.264002296309415	0.129175256742573	0.0452325842118258	0.0117171107332399	0.0022910746675717	0.000335023866088169	5.3219937060881e-05	1.57042437228829e-05	
0.191465505064861	0.329054634927223	0.27052057594152	0.13926317569983	0.051461215322402	0.0144281825616738	0.00316412101258848	0.000542321099429604	9.06774828628276e-05	6.97519098944828e-06	2.6156966210431e-06	
0.174855834515683	0.319465841762016	0.274965703881616	0.150345309935131	0.0583621200351095	0.0169814718319477	0.00412945273225018	0.00075942958400135	0.000115697748765383	1.65282498236262e-05	2.60972365636203e-06	
0.161203129196182	0.30630948768655	0.278922045626554	0.160588415835714	0.0661457733878815	0.0204015080967777	0.00521242052323006	0.000997492318262829	0.00019269737966441	2.26702799605188e-05	4.3596692231767e-06	
0.148807288121857	0.29488344774037	0.280609074771397	0.169812751250315	0.0735618220653222	0.0241784174617934	0.00646616895175733	0.00135249248155355	0.000275378623821471	4.44440184015665e-05	8.71451341207187e-06	
0.137891864958379	0.284335332220646	0.281407560463147	0.177800503845042	0.0807815870073486	0.027839529187123	0.00786430331053371	0.00167512796479357	0.000338858439056005	5.92348942308697e-05	6.09770970023659e-06	
0.12625433108863	0.272837933597945	0.282503054042422	0.186714372041057	0.0875764597453298	0.0322454711050634	0.0092234254835386	0.00213369967351091	0.000424305395547402	7.30361746434052e-05	1.21726957739009e-05	1.7389565391287e-06	
0.116171497878345	0.261276399058895	0.281530302661713	0.194454677199067	0.0959627728525406	0.0361758767250397	0.0110253104289532	0.00273330390933702	0.000567338669039121	8.34066037178494e-05	1.39011006196416e-05	5.21291273236559e-06	
0.106867830048282	0.248921071336123	0.279937943745936	0.201307960220972	0.104050711595118	0.0412100969542396	0.013476111199128	0.0034447800630432	0.000657096775031361	0.000109083259096115	1.471758257646e-05	2.59722045466941e-06	
0.0989019072956352	0.237524860271858	0.277818838936595	0.2064030020996	0.112145140714764	0.0460605231864767	0.0155894891895681	0.00445970342496222	0.00092603971758385	0.000151455093997359	1.38473228797585e-05	4.32728839992453e-06	8.65457679984906e-07	
0.0905577852714622	0.226993986663081	0.274443835295253	0.212116667011468	0.119373702684624	0.0519322672073153	0.0178451979505003	0.0052159836150361	0.00123438911530849	0.000237912985911414	3.36181393135693e-05	1.03440428657136e-05	4.31001786071402e-06	
0.0837813797023404	0.215837573388879	0.270050468538301	0.216932289046146	0.127323587645082	0.0573107258093598	0.0205720683514698	0.00622141933534017	0.00155492553357729	0.000342581605685996	5.1516030930225e-05	1.28790077325562e-05	8.58600515503749e-06	
0.0772469500898849	0.206222296935681	0.266446014189458	0.220517249660359	0.133939598742984	0.0626037792811955	0.0235561814713672	0.00716505880254148	0.00180112802074899	0.000417690164811791	6.60413607607965e-05	1.45805601679681e-05	3.43072003952189e-06	
0.0703096701761132	0.194404341116145	0.262653148459374	0.225305266916499	0.140856240869459	0.0687835501774179	0.0262358739483248	0.00859279376093305	0.00230806337260503	0.000459209335940383	7.38168278334074e-05	1.71667041473041e-05	8.58335207365203e-07	
0.0642347458986098	0.184910074271371	0.256710878470564	0.228996105919671	0.147277016522186	0.0747250089827112	0.0295353258515996	0.0099491565684414	0.00287532511411688	0.000656874153717127	9.51867246248057e-05	3.34439843276344e-05	8.57538059682934e-07	
0.0588630013798027	0.175248673398639	0.249746006466538	0.231427580951858	0.15537196323272	0.0800028145229384	0.033250842640709	0.011550699168686	0.00343749356435304	0.000832343673844844	0.000217953910470712	4.97690031783515e-05	8.58086261695716e-07	
0.0546351475094161	0.165121803091783	0.243941967608832	0.233027273030974	0.161479574136748	0.0860009748016347	0.0371940788938314	0.0129885036794907	0.00414333524353337	0.00110757338637351	0.000269826463037629	7.79498670997596e-05	1.19922872461169e-05	
0.0505880179159838	0.157430377104769	0.236834181342878	0.233588705676246	0.167920431954505	0.0912163433737207	0.0408584343017865	0.0150066894095185	0.00473049036280209	0.00134900240545007	0.000387506715072215	8.55423212079944e-05	4.27711606039972e-06	
0.0463152896648431	0.148579729353513	0.230566178241361	0.23364224995602	0.172277095819378	0.0985564154285236	0.0453793167055801	0.0170849224662546	0.00543564588112119	0.00163282873915219	0.000414185114272392	0.00010077081130751	1.53718186740269e-05	
0.0426044795801978	0.139530462720973	0.224787375790811	0.233851520995249	0.177253063055966	0.10431944839303	0.0496357215521995	0.0190197193326186	0.00641041010868411	0.00194898389091171	0.000495809170842653	0.000114746854737332	2.82585537785968e-05	
0.0395310476872641	0.131898433841153	0.218172332571145	0.233037583679991	0.181312673902862	0.110381828700515	0.0539451844403427	0.0216052783823246	0.00714895727155018	0.00225384996831869	0.000537204881677181	0.000136883936196589	3.09925893275297e-05	7.74814733188242e-06	
0.0366039219413566	0.124180984762407	0.211216285690833	0.232046900854117	0.184896335114725	0.116139233670458	0.0585906414305279	0.0245080292223081	0.00838478055187132	0.00249798027364592	0.000686058919846026	0.000183179459706999	5.27072973685234e-05	1.20967567731037e-05	8.64054055221695e-07	
0.0335288365001723	0.118356211455809	0.204165007102501	0.229944872098583	0.188805903449377	0.121166840649733	0.0627909660702649	0.0272810655226304	0.0098575942090105	0.00293818785138288	0.000856465271504698	0.000216936492275759	8.07003751265824e-05	8.67745969103037e-06	1.73549193820607e-06	
0.0303001894087357	0.111465565283514	0.197790636507102	0.227971034873082	0.192351428725198	0.126320522636167	0.067878118690354	0.0300206769756408	0.0111553238437994	0.0033202952067958	0.00103732098617542	0.000288192943439531	7.11801848254263e-05	2.77776331026054e-05	1.73610206891284e-06	
0.0281590753263748	0.10540315254957	0.190403309167731	0.22485408407959	0.194800799100664	0.131909036171834	0.0723375782655757	0.0334875732189905	0.0129540621530473	0.00404509906968812	0.00116419500005221	0.000346300156966202	0.000101801804937301	3.30638340822002e-05	8.70100896900004e-07	
0.0263557684257528	0.0990366770853682	0.184743288309659	0.221966308988921	0.196807063321519	0.136666096893925	0.0766760039628276	0.0362890003627941	0.0146547874863952	0.00487504534925906	0.00138140819914604	0.000398550219071805	0.000102035832891469	4.3605056791226e-05	1.74420227164904e-06	2.61630340747356e-06	
0.0236497693599696	0.0933411202715302	0.177082132992524	0.21996005265786	0.198820959783782	0.14203916515642	0.0812451768123837	0.0393650677254109	0.0163909811192938	0.00584369554817601	0.00163333647604382	0.000434741616819786	0.000139676021468205	4.62676821113427e-05	3.49190053670511e-06	8.72975134176278e-07	3.49190053670511e-06	
0.0217525887519068	0.0872373810623597	0.17126845569019	0.215817953045773	0.200813277182222	0.146623904271844	0.0857128137871177	0.043014451954738	0.018251148446225	0.00672695663715037	0.00199084386457721	0.00058066279383502	0.000144947404175358	5.93760450838818e-05	3.49270853434599e-06	0	1.74635426717299e-06	
0.0200403287809106	0.0817837273019556	0.164061080280135	0.21265656233837	0.201849217887247	0.149725841173099	0.0914456854494877	0.0466812628430043	0.0204387240169423	0.00776259138627563	0.00256423249507248	0.000702433705634846	0.000234144568544949	4.80520569775081e-05	3.49469505290968e-06	8.73673763227421e-07	1.74734752645484e-06	
0.0190412364730143	0.0769173564492521	0.157434909925083	0.208782555973659	0.203153475130644	0.154316780592707	0.0955666395157276	0.0497273386626165	0.0223500931326789	0.00876033361534148	0.00271917675786291	0.000902017772637278	0.000252844943057394	6.82418877455942e-05	3.49958398695355e-06	2.62468799021516e-06	8.74895996738388e-07	
0.0177342680869033	0.0727129522711463	0.149757404464319	0.20521619826775	0.204299784651561	0.157822019509272	0.10048834507616	0.0532930438424189	0.0242770758170187	0.00978880433430348	0.00323022658020021	0.000981245937028542	0.000303134905546317	8.84873568213239e-05	6.13278710642839e-06	0	8.76112443775484e-07	
0.0164747757172962	0.0686397747027206	0.144013520647712	0.199390903253406	0.205539846469672	0.162097562646751	0.104778870825636	0.0567143385450019	0.0262700422608083	0.0105243555248694	0.00395289206759972	0.00113140555179299	0.000346976081489309	0.000102775193757593	2.19605114866651e-05	
0.0148932826589479	0.0646765645014166	0.139358949709272	0.195201736203477	0.203801983605449	0.165636410406334	0.109533755268705	0.0604440417651051	0.0285460437193875	0.011542206267224	0.00447922236064325	0.00131514604003206	0.000407361657259597	0.00012905638710595	3.07277112157024e-05	3.5117384246517e-06	
0.0136539008886499	0.0608623312917927	0.134819863030546	0.191493697929295	0.20200359114372	0.167455523579618	0.114100509858076	0.064652006929291	0.0306275014143203	0.0130117467646325	0.00502127629669453	0.00165941058860321	0.000455920643454245	0.000152852007632059	2.19614953494337e-05	7.90613832579615e-06	
0.0122938720425119	0.0570199485470878	0.128409106884287	0.188196758185371	0.201218140666076	0.169554742524567	0.117849661900946	0.0689333712903997	0.0340313216088173	0.0143103411918519	0.00558988092727707	0.00179065975004569	0.000607137334289289	0.000158154443085488	3.16308886170975e-05	5.27181476951626e-06	
0.011328235627301	0.0538503287555688	0.122461558965132	0.18391986763851	0.200883286731497	0.171684145643232	0.121405893663641	0.072412151373987	0.0370114150386712	0.0162532123702229	0.00582720232035935	0.00208327305344174	0.000661982809490115	0.00017799007990264	2.89343479644686e-05	1.05215810779886e-05	
0.0104905863490007	0.0504910421946514	0.117110254160249	0.178560001122082	0.199509615275037	0.174697585858967	0.125019176199247	0.0763664192535177	0.0399671440481022	0.0175667134492876	0.0067754442960998	0.00239055978722528	0.000805619524921169	0.000196364280285465	3.94481813073478e-05	1.40260200203903e-05	
0.00940197408995962	0.0470028520871295	0.111989381217282	0.173185994506377	0.19813715108868	0.176775887011379	0.129503705256841	0.0799154638216564	0.0425812836058944	0.0194478829547658	0.00797549187756115	0.00281085424878517	0.000929933053593095	0.000280734506745085	4.64966526796547e-05	1.31594300036759e-05	1.75459066715678e-06	
0.008998717226542	0.0443750120643879	0.106672001319625	0.167584437553851	0.196461756329197	0.178582772229622	0.133681314149641	0.0833004304573588	0.045309453742066	0.0214632040557401	0.00891975032420301	0.00326659752675662	0.000968660668691729	0.000314112789304021	7.80894923130108e-05	1.75482005197777e-05	6.14187018192219e-06	
0.00828259970996014	0.0413464435087818	0.101548981007293	0.163289290243031	0.193566579561297	0.180470123792376	0.136734704600705	0.0883255452259018	0.0483776333027414	0.0230753333006396	0.00964435087817625	0.00365877580759288	0.00115070163024822	0.000383567210082738	0.00010683835531985	2.01416571504634e-05	1.22601391350647e-05	6.13006956753235e-06	
0.0077470595134521	0.039193941696178	0.0965104534099841	0.15791975128184	0.190481733884873	0.181109288593941	0.141375302188713	0.0919485198223542	0.0517462612626018	0.0251203940838408	0.010672228747884	0.00416368343752024	0.00138818623752514	0.000463895779248629	0.000126914883001983	1.57549509933497e-05	1.40044008829775e-05	2.62582516555828e-06	
0.00696440357745269	0.037059671938788	0.0923366241893633	0.153492765820729	0.188097391644462	0.181549437923653	0.143607974883796	0.096169359767277	0.0547374008639807	0.027366081250502	0.0116946453453653	0.0045442798822416	0.00167453003153495	0.000522090176672522	0.000144054981857803	3.05571173637764e-05	6.98448396886317e-06	1.74612099221579e-06	
0.00645907107763769	0.0345368793807648	0.0882873189806158	0.148372348908225	0.185492856720045	0.180676409243958	0.146652251273534	0.0999554306685748	0.05860083637136	0.0297979059378188	0.0132027939399637	0.00522645050540925	0.00190464252262416	0.000625885728412601	0.000174098950879722	2.17623688599652e-05	1.30574213159791e-05	
0.00617162446283525	0.0322237880152383	0.0835695087261509	0.145333656169273	0.182410434800785	0.18119544522618	0.147961343299441	0.103706110134668	0.061792018171715	0.0319537903319926	0.0146800353261485	0.00577446658038354	0.00223401308879092	0.000724638943420679	0.000220352947939221	3.65803312784477e-05	1.13224834909481e-05	8.7096026853447e-07	
0.00554178021524368	0.0303940037641952	0.0793363798754036	0.139708078910491	0.180154452192892	0.182496405202288	0.150637483267098	0.106129053891047	0.0650355734736589	0.0340719760805513	0.016357962596685	0.00651287638686033	0.00241685370066026	0.000868325455696677	0.00025170116017687	6.70622468291315e-05	1.91606419511804e-05	8.70938270508201e-07	
0.00529346138203062	0.0282796947245667	0.0760122939290669	0.134411940683273	0.175480247933956	0.183082522432763	0.154369108759816	0.109942527884732	0.0674145560607868	0.036727634080555	0.0172721168358722	0.00758572698872766	0.00271640441766264	0.000965852035648562	0.000311789926746786	0.000117574413717363	1.48056669125569e-05	1.74184316618316e-06	
0.00481492469590409	0.0263738852725083	0.0728669656725014	0.130261251985131	0.172566796390988	0.181856337585731	0.156553114256296	0.113874103418789	0.0706392558594091	0.0382663478822359	0.0187544719987435	0.00856267778921834	0.00308546098671925	0.00103663112336608	0.000328964590495803	0.000124779672257029	2.87953089823912e-05	5.23551072407113e-06	
0.00426436063007961	0.0247773605032942	0.0685532913921472	0.126302719764966	0.170675853506053	0.180934102206503	0.157634447150171	0.116274433509813	0.0744877214918704	0.0411728959092042	0.0202008455273179	0.00930604678817661	0.00363568002867973	0.00120402390560173	0.000420577704135389	0.000122413468979115	2.36083118745437e-05	9.61820113407335e-06	
0.00389940839278728	0.0227697440920243	0.0649411237473533	0.121251031745823	0.167251796747605	0.180394247256628	0.159718192250024	0.119568728057622	0.0782297473656017	0.0438694385289558	0.0220143704796841	0.0100027921689726	0.00407096485630833	0.00135407065850548	0.000479657867395607	0.000125166195324036	4.55149801178313e-05	1.4004609267025e-05	
0.0037519496754113	0.0214505847495361	0.0614028565205106	0.116522137727783	0.163632769068329	0.179183808793156	0.161948809374888	0.122984169029313	0.0810575091917956	0.046507030203676	0.023855366670195	0.0106365017727503	0.00462410957897509	0.0017399458858459	0.000491628752059023	0.000141715049525911	4.54887813293047e-05	1.74956851266556e-05	6.12348979432947e-06	
0.00326543768952765	0.0200034336147379	0.0583276544382098	0.112173215352462	0.159677100067096	0.17956403603894	0.162836551179254	0.125645773588145	0.0841366999108311	0.0490428798918061	0.0256531313340119	0.0117899118296787	0.00508647979160061	0.00196118964239603	0.000619276943802588	0.000163797437752594	3.5912807207788e-05	7.00737701615376e-06	1.05110655242306e-05	
0.00312668142376173	0.0187294176205323	0.0551200284626156	0.108189486708975	0.155321054448773	0.177355921152946	0.164846566521725	0.129478611851595	0.0876627530570146	0.0517199376766864	0.027120981890135	0.0128186927877765	0.00545066100218552	0.00212680936532223	0.000691410213942826	0.000190159716635733	3.50524823291673e-05	7.88680852406265e-06	7.88680852406265e-06	
0.00295118746418038	0.0170824655083241	0.0527430841918394	0.103516962775549	0.15160436964453	0.175061854373139	0.165850969401306	0.132008414990425	0.0913976991571031	0.0552190064160807	0.029003410727016	0.0140273137729071	0.00607098925061854	0.0023509903688897	0.000836082416583961	0.000210549490487706	5.85345056542585e-05	5.24189602873957e-06	8.73649338123261e-07	
0.00262168889756587	0.0163027562596309	0.0497493358620545	0.0991761900445548	0.147987714319581	0.172145078406627	0.167191934123094	0.134980372196153	0.094276211659543	0.0580920240693353	0.0313748527043139	0.0151583820832665	0.0067799594196027	0.00279774646316039	0.00101015207190121	0.000257113771536547	8.62856385834513e-05	1.04588652828426e-05	0	1.7431442138071e-06	
0.00236089752551377	0.0156044666573466	0.0474311477701664	0.0953682021529428	0.143768348944499	0.170886341395219	0.166805885642388	0.137254473647421	0.0972214455473228	0.0607839368097302	0.0337699217111701	0.0165612330490703	0.00743918635537537	0.00301883824968545	0.00121277785544527	0.000377464001118412	0.00011009366699287	1.31063889277226e-05	6.9900740947854e-06	2.62127778554453e-06	8.73759261848176e-07	0	1.74751852369635e-06	
0.00204294911676092	0.0141057859674386	0.0448985690618163	0.0908920120514774	0.140226873955807	0.168621944314345	0.168486505001643	0.140190174271074	0.100461891746416	0.0631120983132126	0.0359997693162674	0.0176420627319944	0.00803810475837627	0.00330734063598806	0.00132730526448239	0.000465736475292374	0.000141555926824324	2.35926544707206e-05	5.24281210460459e-06	6.11661412203869e-06	1.7476040348682e-06	8.73802017434098e-07	1.7476040348682e-06	
0.00192832673512256	0.012759648845233	0.0420018583964818	0.0875596701739602	0.135403327106627	0.167502187505736	0.167234704286812	0.143154221558273	0.104378770224048	0.0664774470562423	0.0377509731231813	0.0193872886030296	0.00866785489822089	0.00364598858213789	0.00143531844926167	0.000482518747863849	0.000155594813622763	3.67133829896407e-05	2.01049478276604e-05	7.86715349778015e-06	4.37064083210008e-06	2.62238449926005e-06	1.74825633284003e-06	8.74128166420017e-07	
0.00188446820778948	0.0118441054673167	0.03923572888819	0.0837334661284968	0.132102357114151	0.164249270500253	0.167466058604602	0.144664604847023	0.107195401093813	0.069865981723192	0.0405462074749699	0.0208733029302301	0.00965647987978543	0.00423896140203736	0.00156733238978875	0.000601072845136377	0.000171235868672573	6.55239293389946e-05	1.39784382589855e-05	1.39784382589855e-05	2.62095717355978e-06	4.36826195593297e-06	1.74730478237319e-06	1.74730478237319e-06	
0.00174214053092561	0.0110623307887153	0.0367889856260327	0.0805962340816051	0.127961878686681	0.161866479489739	0.167578572892189	0.14534840630763	0.110671264708575	0.0729048318677438	0.042958848687509	0.0225876628897037	0.0105321899264517	0.00465268362012966	0.00175870743287135	0.000642621407053141	0.000217985551917619	7.41150876519904e-05	2.26704973994324e-05	8.71942207670476e-06	8.71942207670476e-06	1.13352486997162e-05	1.74388441534095e-06	8.71942207670476e-07	
0.00170528997340061	0.0102613818951561	0.0347465909457472	0.076154797784518	0.124635250157146	0.159644260469966	0.166400033478085	0.147069054653846	0.113065258727188	0.0763282909873332	0.0458013337180988	0.0240562710818217	0.0118367699227301	0.00507663778891195	0.00208017478350402	0.000738435893389735	0.000271137618470139	8.1079737999109e-05	2.87702296125871e-05	5.23095083865219e-06	5.23095083865219e-06	8.71825139775365e-06	
0.00148770287849553	0.00973642165550598	0.0327678781899615	0.0728948218510726	0.120479487336191	0.156657557687774	0.166480412785165	0.148579086599324	0.115232366268258	0.0792882773553113	0.0479618295951597	0.0262242554937619	0.0127301617789574	0.00586612420223679	0.00231798775962772	0.000857349898287919	0.000282873082530841	0.00011786378438785	2.35727568775701e-05	5.2383904172378e-06	6.98452055631706e-06	1.74613013907927e-06	
0.00128993101711279	0.00902864259028643	0.0309880784138134	0.0700777981445982	0.116616760183022	0.152092924006884	0.166131746120587	0.150826605286356	0.118079848041754	0.0820107532147705	0.0502723284872738	0.0280216743392055	0.0140213315236403	0.00648201267717968	0.00261134509633817	0.000957609805924413	0.00030958344410707	0.000135552072984734	4.02283571438566e-05	4.37264751563659e-06	8.74529503127318e-07	
0.00118910749514243	0.00843583329028145	0.0294010768515446	0.0669227596750707	0.113030008765071	0.149858191488337	0.163595973146135	0.152064782716436	0.121298596450365	0.0849336227587119	0.0528688750675331	0.0300761886915702	0.014777156176748	0.00693237410827883	0.00299115699809025	0.00110154435117024	0.000349376944449066	0.000123464033000798	4.64084663052644e-05	2.62689431916591e-06	8.7563143972197e-07	
0.001166007593504	0.00793253099863163	0.0279246116082144	0.0642583193021125	0.109953377217035	0.146725104292415	0.162196824885108	0.152026014847105	0.123806178175772	0.0880865736547111	0.0557116851306437	0.0318440090337117	0.0159158722455151	0.0074358170200315	0.00318965713594895	0.00122207407433364	0.000402101792200101	0.000158563016096336	3.85457055703801e-05	4.38019381481592e-06	1.75207752592637e-06	
0.00103973504712969	0.00756107238991028	0.0262149877763247	0.0615519644160096	0.106450649374538	0.144071189003159	0.162042750891921	0.153309677244168	0.125455814764238	0.0904096486010877	0.0579877842081152	0.0330227559197889	0.0171621977914171	0.00813831366712887	0.00353264654176415	0.0013051434037264	0.000492275565700831	0.000182194515419525	5.51839157280291e-05	1.31390275542927e-05	8.75935170286177e-07	
0.000928253383343204	0.00706367484810599	0.0249426421881512	0.0589677787282578	0.102099975872431	0.141374394069005	0.160667675637736	0.154261148033603	0.128170033559255	0.0931683884977298	0.0605338773003444	0.0346954442762826	0.01821499857428	0.00848676273825974	0.00398061020815512	0.00157311750126121	0.000551863306354324	0.000198284749182953	9.12460792700314e-05	2.28115198175078e-05	7.0189291746178e-06	
0.000803745542067075	0.0063456369354017	0.0237126895170499	0.0563746244795418	0.0985585284868502	0.138394441418809	0.159954146975633	0.154586180847139	0.129432019816939	0.0961947260237874	0.0630689903550535	0.0365445090564115	0.0194655750953075	0.00930500166897981	0.00432177930816395	0.00187891990653713	0.000682524902935648	0.00025210379297623	8.34489907064177e-05	2.8987544140124e-05	1.14193355703519e-05	
0.000740958593232168	0.00585304613871904	0.0220373727574809	0.0535158221874959	0.0953527674013336	0.134866754750607	0.158158665221037	0.156206186653088	0.131417434474767	0.0991313050616075	0.0654940675027325	0.0386141264984878	0.0206406131344568	0.0101671107443386	0.00456163607871368	0.0020490490007155	0.00081294746129501	0.000276542602924328	7.98900852892504e-05	1.7558260503132e-05	6.14539117609618e-06	
0.000767782710449065	0.00541674224160854	0.0208217035971324	0.0512371691358394	0.0916426147579811	0.131201914526061	0.155773602714711	0.15571901265961	0.134191160285207	0.101984788745292	0.0686443528348968	0.0407329859527461	0.0222718619963407	0.0111610248138215	0.00487172217536087	0.00214221942032405	0.000913062695797798	0.000331942754402864	0.000129431259674326	4.22632684650861e-05	2.64145427906788e-06	
0.000760565896402081	0.00511347908488004	0.0191821794104199	0.0489910562756857	0.0891834263847384	0.128454273628616	0.154087997474214	0.155345584340125	0.135862716086942	0.104492025997204	0.071058964197687	0.0426031871248575	0.0235483582831375	0.0119594565314481	0.00548403386463873	0.00238428564732559	0.000961319917894258	0.000328104590192061	0.000145922526635283	4.95252211610657e-05	3.53751579721898e-06	
0.000650593899288064	0.00475420385452543	0.0181697156063756	0.0462390804231427	0.08560222423449	0.125338021150055	0.151694597946248	0.155722083989459	0.137691338780619	0.106766442101126	0.0734551492958096	0.0454813819499583	0.0253678511016281	0.0128968069559552	0.00578541731394121	0.00267938467094554	0.00108078251840915	0.000426647972050132	0.000138970397535002	4.95690589933763e-05	9.73677944512749e-06	
0.000592151335443094	0.00452268879256088	0.0170270102562739	0.0438005832867945	0.0828595236195694	0.122590396156335	0.14937017436552	0.155617016372807	0.138725633593064	0.108715616661791	0.0761925023712647	0.0472754833390953	0.0271033339538512	0.0141433750853212	0.00667854515153933	0.0028650196349582	0.00121355565602035	0.000468047762146637	0.000165766915760267	6.29382407432031e-05	7.09163275979753e-06	3.54581637989877e-06	
0.000484512401926025	0.00418908715387866	0.0162072935031131	0.0419173959403519	0.0796253693522918	0.120614411237858	0.147821374070099	0.154348145148599	0.139594388851264	0.111161114519988	0.0785369847413959	0.0498225517535282	0.0281689144623415	0.0151109515717476	0.00717485062341185	0.00317408672064677	0.00128112859560367	0.000530488031305867	0.000160030556110603	5.92378301624885e-05	8.84146718843112e-06	7.95732046958801e-06	8.84146718843112e-07	
0.000449630755096993	0.00388502173068089	0.0156611073813646	0.039499487650613	0.0769425108653404	0.116981732094272	0.146478039645242	0.154135896258083	0.140293629200382	0.112991590403166	0.0809149853362072	0.0517322709444896	0.0303840853680082	0.0161027878873538	0.00780449454082895	0.00342390728242818	0.00146991272393202	0.00056005088159429	0.000187272534539416	5.74184657785944e-05	2.8267552383308e-05	7.95024910780538e-06	4.41680505989188e-06	3.5334440479135e-06	
0.000402668206695948	0.00360988515125666	0.0146002546699798	0.037902911043882	0.072841442329259	0.113416445464066	0.144225861542184	0.153661190025838	0.141916700663873	0.115344131199192	0.083783244410771	0.054259540852279	0.0318072561517282	0.0172555689189595	0.00862999207026207	0.0038845119325778	0.00154267841468821	0.000626961462180095	0.000176608862585942	5.73978803404312e-05	3.3555683891329e-05	1.41287090068754e-05	5.29826587757827e-06	1.76608862585942e-06	
0.000392758795903684	0.00327768663307963	0.0133749340631954	0.0361311673478302	0.070160282574983	0.109608764685524	0.140700995194429	0.152880040367855	0.143335825502375	0.117934194408559	0.0867662301408031	0.0568866203986238	0.0342070014979433	0.0183434208938873	0.00898589855022689	0.00420498486645761	0.00171986082600873	0.000751173212793369	0.000213991900010303	6.25243823075372e-05	2.46575028818457e-05	2.64187530876918e-05	6.16437572046141e-06	4.40312551461529e-06	
0.000366136339690233	0.00294226108945317	0.0124170266568328	0.0340094124258069	0.0677519053138061	0.106389386436273	0.137762968426228	0.151543567590349	0.144154988936888	0.12088381975907	0.0891186387103572	0.05958012854283	0.0362334492326063	0.0195141010782144	0.0097689038738454	0.00449899905173322	0.00190531380606188	0.000773539844765216	0.000250237066694763	6.76079092473571e-05	2.72187686580269e-05	2.19506198855056e-05	1.05362975450427e-05	3.51209918168089e-06	4.39012397710111e-06	
0.000354993783236949	0.00287842249856166	0.0120531756204959	0.0321321835964892	0.0657070759179562	0.102866880828762	0.134861788504147	0.150472771277331	0.145165351907261	0.121637832894109	0.0922363034479864	0.0613116233358573	0.0384547452875887	0.0208029854452549	0.010594728254882	0.00501100830475604	0.00219116852411772	0.000864750866062419	0.000256190094799079	7.86932031806044e-05	4.45928151356758e-05	1.13667960149762e-05	8.74368924228938e-07	8.74368924228938e-06	8.74368924228938e-07	8.74368924228938e-07	
0.000330016622737013	0.00274375297689797	0.0113076407991104	0.0306845798644581	0.0623766247223376	0.10017005869768	0.132579606714227	0.148618937033003	0.145311804755548	0.124303939214247	0.0934852628856688	0.0643410508460703	0.0403935121692541	0.0226675269738521	0.0113024162615473	0.00546138326598034	0.00244769584832123	0.000948253567706088	0.000386615779670802	9.75247011782203e-05	2.52519315550749e-05	1.04490751262379e-05	2.61226878155947e-06	1.74151252103965e-06	1.74151252103965e-06	
0.000280110339116191	0.00258101669614205	0.0104632520462408	0.0291767104781275	0.0596574128765505	0.0969033889001494	0.129862458864231	0.147792130291323	0.145116293635667	0.126668157108844	0.0962187713942971	0.0668237140369206	0.0419269503552269	0.0238954997055362	0.0123996669992614	0.0058257731088855	0.00265669868217654	0.00114653859302838	0.000414946061361562	0.000139185261672641	4.17555785017924e-05	6.95926308363207e-06	8.69907885454009e-07	0	1.73981577090802e-06	
0.000310091294012712	0.00243892028998762	0.0102042682847161	0.0274265297038715	0.057642138967936	0.0942163618451826	0.126758526857303	0.145632285729964	0.145851788556063	0.127612148958799	0.0989313173915051	0.0695318753816257	0.0440765158978406	0.0252863771494074	0.0130586760669623	0.00629154330520736	0.00286486029777475	0.00114977670813702	0.000472976327665457	0.000179434849906232	5.31336206033018e-05	8.71042960709865e-06	8.71042960709865e-07	0	0	8.71042960709865e-07	
0.000223201830255008	0.00221196501311311	0.00953141565760839	0.0266769781262206	0.0549268316500195	0.0914150996038167	0.124874448970482	0.14416571340885	0.145068111433514	0.129321919814742	0.102072986998493	0.0709058158026896	0.0456691869873333	0.027079787679259	0.0136728558674181	0.00686171251604263	0.00305333128731656	0.00145953071815189	0.000500460353774901	0.000224073712404442	6.10317504603538e-05	1.74376429886725e-05	6.10317504603538e-06	
