# <P(N_1)> as a function of N_tot.
# number_of_species: 2
# species_total_upper_bound: 100
# species_total_lower_bound: 0
# volume: 512
# Bin widths for each species index 
1	1	1	1	1	1	1	1	1	1	1	1	1	1	1	1	1	1	1	1	1	1	1	1	1	1	1	1	1	1	1	1	1	1	1	1	1	1	1	1	1	1	1	1	1	1	1	1	1	1	1	1	1	1	1	1	1	1	1	1	1	1	1	1	1	1	1	1	1	1	1	1	1	1	1	1	1	1	1	1	1	1	1	1	1	1	1	1	1	1	1	1	1	1	1	1	1	1	1	1	1	
# Bin lower bound for each species index 
0	0	0	0	0	0	0	0	2	3	3	5	6	6	7	8	8	8	9	10	10	11	12	13	14	14	15	16	16	17	18	19	20	21	22	23	24	25	26	26	26	27	28	29	29	29	30	31	32	33	36	36	37	38	39	40	40	41	41	42	43	45	45	47	47	48	49	50	50	51	52	53	53	51	52	52	53	54	57	58	60	61	62	63	64	65	66	67	68	69	69	69	69	70	71	71	71	73	74	74	78	
# Bin upper bound for each species index 
0	1	2	3	4	5	6	7	8	9	10	11	12	13	14	15	16	17	18	19	20	21	22	23	24	25	26	27	28	29	30	31	32	33	34	35	36	37	38	39	40	41	42	43	44	45	46	47	48	49	50	51	52	53	54	55	56	57	58	59	60	61	62	63	64	65	66	67	68	69	70	71	72	73	74	75	76	77	78	79	80	81	82	83	84	85	86	87	88	89	90	91	92	93	94	95	96	97	98	99	100	
# Normalized histogram for each species index 
1	
0.079681355575265	0.920318644424735	
0.0063120192589983	0.146672700288925	0.847015280452076	
0.000489779528229756	0.0175722348751417	0.201496109142754	0.780441876453875	
3.52812266576884e-05	0.00182151933058409	0.0323014750576848	0.246611742197053	0.719229982188021	
3.01975827841567e-06	0.000185211841076161	0.00419645742090498	0.0497646098421975	0.284019338532015	0.661831362605528	
5.02298013411357e-06	1.70781324559861e-05	0.000466132556445739	0.00784388577743175	0.0678253007509355	0.31497902905794	0.608863550744657	
7.02482573414447e-06	3.01063960034763e-06	5.11808732059097e-05	0.0010788125234579	0.0128644630122854	0.0870687007885869	0.338145004445711	0.560781802891418	
1.09751413049443e-05	0.000120726554354387	0.00204037854260101	0.0184222735504083	0.107425680832913	0.354201733074586	0.517778232303832	
1.59265309128988e-05	0.000272741841883392	0.00338040618626277	0.0260667540635051	0.126597008002086	0.368447352363547	0.475219811011803	
9.92034951375407e-07	2.48008737843852e-05	0.000515858174715212	0.00531433123451805	0.0341607235506121	0.147067197471501	0.376848285118781	0.436067811541136	
5.56855991074394e-05	0.000928756242256221	0.00758517410699192	0.0436495546146457	0.165002396469533	0.380577260785604	0.402201172181861	
0.00010167869532278	0.00147434108218031	0.010580565413294	0.0529127955660114	0.181768611188644	0.383051557079628	0.370110450974919	
1.09864756484767e-05	0.0001887676270511	0.00220628406431683	0.0138449568581077	0.0630224194017165	0.197556807569881	0.38254908207996	0.340620695923318	
1.40481006967858e-05	0.000359230003532094	0.00301331759946055	0.017144703464663	0.0738869890505089	0.212802636226439	0.378837138361751	0.313941937192949	
6.33444035219488e-05	0.000569094164974969	0.00416162676471978	0.0213551077206773	0.084669347240949	0.226435127789793	0.374741469368959	0.288004882546405	
1.408625010942e-05	0.000118726965207968	0.00081800866706846	0.00554998254311147	0.0266914316359067	0.0961607925326776	0.238171323010795	0.367537431694264	0.264938216700859	
3.01514204334166e-06	2.51261836945138e-05	0.000161812622992669	0.00117590539690325	0.00735694658575366	0.0325333826476565	0.107212420777143	0.247830605299816	0.358896377608349	0.244804407735648	
8.05225916196113e-06	3.22090366478445e-05	0.000220430594558686	0.00160743223520649	0.00942718241386599	0.0383760606335115	0.118425582027358	0.256752322573502	0.34980523598152	0.225345492244668	
1.81153403721495e-05	6.03844679071649e-05	0.000326076126698691	0.00223825094375891	0.0118434069721919	0.0454161647207772	0.129192569087379	0.263672804747829	0.339740125378284	0.207492102214802	
3.01969444718454e-06	8.05251852582543e-06	9.46170926784488e-05	0.000543545000493217	0.00315860039175503	0.0145327828094835	0.0515512170375187	0.139316623015306	0.270231449513729	0.329137635659773	0.191422457266291	
3.01416961134292e-06	1.90897408718385e-05	0.000115543168434812	0.000767608527688664	0.004224861071899	0.0170190063488459	0.0585120652185926	0.150596956291526	0.274900306340105	0.319134250109766	0.174707299012658	
5.03164907266708e-06	2.61645751778688e-05	0.000201265962906683	0.00103048173008222	0.00529027583500216	0.0205079952903765	0.0663271980758974	0.160839681597247	0.278913365066267	0.305698845739703	0.161159694478268	
1.00496957454613e-05	4.42186612800297e-05	0.000284406389596555	0.00133560456457181	0.00656948610880806	0.0244127209048746	0.0734532262035767	0.170116224731296	0.280315158458578	0.294553567390747	0.148905336890926	
7.03218631677186e-06	6.32896768509468e-05	0.000331517354933531	0.00167466494143696	0.00801267400893891	0.0280071889036118	0.080955533476723	0.177642067744065	0.280975022678801	0.284500157219594	0.137830851808729	
2.00702257197936e-06	1.20421354318761e-05	6.62317448753187e-05	0.000410436115969778	0.00213747903915801	0.00941594639644115	0.0324334847631864	0.0875714123718892	0.18648551280932	0.282980147536229	0.272426219341476	0.126059080723451	
6.01192766448634e-06	1.60318071052969e-05	8.61709631909709e-05	0.000565121200461716	0.00278853244837758	0.0111451119020136	0.0362419039374118	0.0960485603437219	0.194915712774144	0.281337172951135	0.260795418109529	0.116054251635244	
2.99546486619258e-06	1.59758126196938e-05	0.000110832200049126	0.000674978083182062	0.00352566214750867	0.0134785934095779	0.0414712125841476	0.103975580970411	0.201386101442416	0.279863286983507	0.248717441793125	0.10677733910859	
9.98868282236226e-07	4.99434141118113e-06	1.29852876690709e-05	0.000153825715464379	0.00091596221481062	0.00454584955245707	0.015662254665464	0.0461397236930558	0.112022078984511	0.206398150895036	0.277782272685048	0.237590809612709	0.0987700934840825	
4.97129573840644e-06	1.19311097721755e-05	3.87761067595702e-05	0.000245582009477278	0.00121995597420494	0.0053083495894704	0.0177872961520182	0.0517303091947097	0.119001883126826	0.212291230435466	0.274715791022635	0.227348290967951	0.0902956330149716	
9.89249822182344e-06	1.48387473327352e-05	5.34194903978466e-05	0.00035019443705255	0.00156598246851465	0.00622534913099349	0.020572439302104	0.0571113707342311	0.126917784436528	0.217246185699998	0.269973201222317	0.216101623655733	0.0838577181765752	
3.95168277471358e-06	1.58067310988543e-05	7.11302899448444e-05	0.000423817977588031	0.00178418477278318	0.00719107472928503	0.0236024132926705	0.0624355999197808	0.133745691430875	0.220516741798035	0.266287107536155	0.206520869330694	0.0774016105083148	
9.89125553663029e-07	1.68151344122715e-05	7.91300442930423e-05	0.000479725893526569	0.00230367341448119	0.00861627269795864	0.0263542612517977	0.0687313673473829	0.140628925592041	0.225065628480486	0.262988702207926	0.194469996854581	0.0702645119555606	
9.87442691294804e-07	3.45604941953181e-05	0.000104668925277249	0.000673435915463056	0.00286160891937234	0.00991491206329113	0.0295976072288705	0.0745144003704885	0.147004543223823	0.229119289989207	0.256934563160291	0.185111931566272	0.0641274907007585	
9.88288777980926e-07	4.24964174531798e-05	0.000234224440381479	0.000852893215397539	0.00345802243415526	0.0115145525522558	0.0332193506942729	0.0798764639027524	0.155448930177398	0.231584721055492	0.249543904728962	0.175230518357464	0.0589929337352374	
1.38136674399031e-05	6.61082656052508e-05	0.000296993849957918	0.00110213332359799	0.00411647289709114	0.0130637826360227	0.0373225560415555	0.0859634391690487	0.161607082069958	0.233069130498703	0.243839844339702	0.165151274458825	0.054387368782493	
3.94176437315107e-06	8.57333751160357e-05	0.000411914376994286	0.00137370488404315	0.00479121459556512	0.0150752778451163	0.0409904077163979	0.0909985868774722	0.167946754646847	0.233340625597424	0.236778829571905	0.157629186400125	0.0505738223486215	
1.76851686280829e-05	0.00010512850240027	0.000416583972128174	0.00166044083230334	0.00546668212481406	0.0170426075012625	0.0455402917266816	0.0983285550627725	0.172233892250163	0.233165193230117	0.23109701101	0.148539696326004	0.0463862322927249	
3.24973952845295e-05	0.000122111424705505	0.000502232472579092	0.001939996021531	0.00638721532774116	0.0189834026939356	0.0498825169921987	0.104169908199782	0.176858703294842	0.233969428813963	0.224874097212511	0.139602901525014	0.0426749886259117	
8.90783067599548e-06	3.56313227039819e-05	0.000131637942211933	0.000530510804703731	0.00220716248971888	0.0070837049053444	0.0214480767498691	0.0541299177411325	0.110326452199096	0.181115003063304	0.23306547156571	0.218305196135585	0.132059579530597	0.0395527477193479	
9.93854994568582e-07	1.39139699239602e-05	5.26743147121349e-05	0.000168955349076659	0.000690729221225165	0.00244488328663871	0.00831459088456076	0.0244170295065609	0.0585927212047908	0.115988840996121	0.184780502155175	0.231948860197399	0.211625519413467	0.124432633029976	0.0365271526153791	
1.9974033756117e-06	9.98701687805852e-06	8.68870468391092e-05	0.000219714371317288	0.000845900329571557	0.00296514531109558	0.00988914411265355	0.0272595625686607	0.0625946269849196	0.121165484869669	0.188877459302906	0.229762308998302	0.204302406871068	0.11837511235394	0.0336442624588036	
1.99742531876411e-06	3.19588051002258e-05	8.08957254099466e-05	0.000301611223133381	0.00100570364799773	0.00336366423679877	0.0111116770482848	0.0300063218511339	0.067991359138071	0.126341146262468	0.192311110977949	0.22818886455359	0.197590306095443	0.11153323366181	0.0301401493474911	
1.00188052975435e-06	3.70695796009109e-05	0.000105197455624207	0.000318598008461883	0.00115316448974726	0.00403757853491003	0.0128801760905219	0.0335750203131277	0.0723518043367401	0.132270271299229	0.1952354569527	0.224729817868139	0.190142898219959	0.105278607947117	0.0278833370235933	
3.01812990634743e-06	2.01208660423162e-06	3.92356887825166e-05	9.85922436073493e-05	0.00039135084452305	0.00140745457966002	0.00488534627507437	0.0146852140809845	0.0361793292306887	0.0769069802302431	0.137139798771219	0.196791124283571	0.22190095906108	0.184668302493076	0.0988839961649629	0.026017285836017	
4.03139245303176e-06	1.00784811325794e-06	4.03139245303176e-06	4.03139245303176e-05	0.000136059495289822	0.000429343296247882	0.0016317060953646	0.00581931500595134	0.0163180688017593	0.0395278030019764	0.0815701870465313	0.142524840936372	0.198698263376916	0.220022313757228	0.176837029952238	0.0929639099669124	0.0234717747096642	
2.01757102606601e-06	0	4.03514205213202e-06	5.34656321907492e-05	0.000150309041441918	0.000581060455507011	0.00197923717657075	0.00661561539447044	0.0183255976297576	0.0433465047095152	0.0859414642118208	0.146760134007068	0.200603051979691	0.215972908056262	0.170886248336765	0.0870652512733395	0.0217130993825224	
2.02052652900819e-06	1.0102632645041e-06	4.04105305801639e-06	4.44515836381803e-05	0.000262668448771065	0.000697081652507827	0.00252464789799574	0.00772952423672085	0.0204537900531499	0.0470671552299814	0.0914136714886532	0.149804867650461	0.201958698417221	0.212470487684386	0.163810147286281	0.081741410994291	0.0200143255330907	
1.01168598481055e-06	3.03505795443164e-06	4.04674393924219e-06	6.87946469671172e-05	0.000274166901883658	0.000891295352618092	0.00271637686921632	0.00876929411633782	0.0223430849745409	0.049939855268203	0.0955638581252042	0.154278065939669	0.202690275370808	0.208564124198618	0.157657097128936	0.0769205087971155	0.019315108822003	
1.01224615397074e-06	0	5.06123076985369e-06	8.70531692414835e-05	0.000303673846191221	0.00098694000012147	0.00327664080040328	0.00993013477045294	0.0242513933568309	0.0533494212988738	0.100590949304688	0.157752489619416	0.203702391532763	0.205025397256003	0.149836724695365	0.0729465068397473	0.017954210032979	
2.43814477500495e-05	0.000105652940250215	0.000335244906563181	0.00114694393790858	0.00403106602800819	0.0107319005846468	0.0262608510141158	0.0569469347948657	0.104934703435244	0.161696745584672	0.205265376820354	0.199187285074998	0.14418985020648	0.0685453926682955	0.0165976705558462	
4.05775812921119e-06	3.44909440982951e-05	0.000127819381070153	0.000410848010582633	0.00137253668720569	0.00458729556507325	0.0116224337215932	0.0283941625091553	0.0602942280419491	0.109287599694045	0.165345528249098	0.203568595386735	0.195415544865617	0.139632529423819	0.0648277583118103	0.0150745714500196	
9.11647204687082e-06	2.53235334635301e-05	0.000169161203536381	0.000473043605098742	0.00171896145150442	0.00509104316750808	0.0129940114908065	0.030472314287335	0.0642964514639028	0.113911331166989	0.167244718523861	0.202046344092121	0.191529987115386	0.135143594564152	0.0611765921411959	0.0136980057210927	
6.07296669483848e-06	3.64378001690309e-05	0.000164982261876445	0.000641710147421266	0.00182593865291477	0.00562356715942044	0.0142907027940708	0.0338345217791768	0.0684666265176091	0.117926891602605	0.169370992474582	0.201048598915975	0.188582822613704	0.128889608647905	0.0569320384418792	0.0123584872239963	
1.211067949995e-05	3.33043686248626e-05	0.000179641745915926	0.00066507814920559	0.0021506548345328	0.00577578489818451	0.0162666610150162	0.0367387554863901	0.0723391070997849	0.121471124607791	0.171002794539295	0.200871767079338	0.184298302183656	0.122565122655953	0.0541226266852767	0.0115071639715359	
1.6121848934245e-05	4.53427001275641e-05	0.000185401262743818	0.000828259988996838	0.00241827734013675	0.00670568154108754	0.0175476249493673	0.0398118983275597	0.076486081806292	0.124847598146793	0.174393062768404	0.199611664963796	0.178422517386406	0.117523240652854	0.0506064838045951	0.010550742511905	
2.01549309542453e-06	1.5116198215684e-05	4.93795808379009e-05	0.000263021848952901	0.000941235275563255	0.00280758188192637	0.00792794209085238	0.0192469513147565	0.042742562074668	0.0801622068843198	0.129174967978853	0.176535024735139	0.198265063543459	0.173057291398984	0.112241802737644	0.0471333137830503	0.00943452317968222	
7.05658676930304e-06	2.0161676483723e-05	8.46790412316365e-05	0.000315530236970265	0.000935501788844746	0.00325812691976963	0.00882274962927717	0.0213834740786366	0.0454343379560697	0.0832062307645005	0.133518686345807	0.178593138376642	0.196264847814625	0.167649380381277	0.10681555392694	0.0446238385614241	0.00906670591473022	
7.05012639869472e-06	1.41002527973894e-05	2.31647010242827e-05	0.000112802022379116	0.000402864365639698	0.00113406318927575	0.00367311585371995	0.00955896423571594	0.0230015409561986	0.0484424256463455	0.0884418213497971	0.136721086928058	0.180327125864899	0.19332453746135	0.163063380636324	0.101770588886986	0.0416289820624641	0.00835238546062504	
3.02230460800709e-06	1.61189579093712e-05	1.81338276480426e-05	0.000132981402752312	0.000474501823457113	0.00141040881706998	0.00420805544921521	0.0106425419596623	0.0251586709919204	0.0518194273740203	0.0919163426084504	0.141404565694828	0.180933287662953	0.189780580685459	0.157960750337491	0.0967671415043017	0.0395297294029941	0.00782373919526103	
2.01080202849709e-06	8.04320811398835e-06	3.5189035498699e-05	0.000150810152137281	0.000557997562907941	0.00168706290190906	0.00454742878744616	0.0117139272170098	0.0275459769883816	0.0547641932461181	0.0963063577538537	0.143294779555774	0.181045576838778	0.18759878064965	0.153997273352449	0.0923249697374295	0.0373828205117893	0.00703680169872555	
1.50483654465452e-05	2.10677116251633e-05	0.000167538468638203	0.000644070041112134	0.00188505857827056	0.00527294725246944	0.0132345357980549	0.0299241763026367	0.0587628638443959	0.0999211465650601	0.146204902556818	0.180579382134179	0.18542595903233	0.1481712223085	0.0883740341457444	0.0347928241367756	0.00660322275794403	
1.00386588753289e-06	9.034792987796e-06	3.31275742885853e-05	0.000203784775169177	0.000718767975473549	0.00222657453854795	0.00575817473088865	0.0146534303603176	0.0321387663893654	0.0619686412374052	0.103615021447595	0.147910603734983	0.181040185755344	0.181976792628412	0.145208196765745	0.0837525309968689	0.0325081890359775	0.00627717339474316	
2.10901392551766e-05	6.32704177655299e-05	0.000250068794025666	0.000856661370698365	0.0023741471047256	0.00653593458441378	0.0163639394773261	0.0342333131805336	0.0650962212496209	0.106265177368071	0.150847723168824	0.1819687343707	0.179909935062457	0.139487168156702	0.0796956190759305	0.0304722383466938	0.00555875813225727	
1.00515645260185e-06	1.50773467890277e-05	0.000125644556575231	0.000312603656759175	0.000917707841225487	0.00264959240905847	0.00752661151708263	0.0174284077316634	0.0368249117975213	0.0675223898599817	0.110217415340698	0.154343783609919	0.182767597776594	0.175171630464282	0.134479881793601	0.0762230241137033	0.0282137364680813	0.00525897856001287	
3.02069477993735e-06	3.32276425793109e-05	0.000131903672057264	0.000336304018833025	0.00100991895475905	0.0030327775590571	0.00865932503582041	0.0187625421764509	0.0384725756155421	0.0707466855426527	0.114311145658909	0.156532403496354	0.181525632105555	0.172164498982529	0.130252358910899	0.0728571442955689	0.0263475067688736	0.00482102886878001	
7.0579315017665e-06	2.01655185764757e-05	0.00013309242260474	0.00042347589010599	0.001161533870005	0.00366508300127446	0.00927815509703648	0.0203228096213722	0.0412808330779034	0.0748332311613725	0.116242115282237	0.157562271121364	0.180535838159614	0.170525674738252	0.1263117669834	0.0686726652362592	0.024712843015471	0.00431138787165051	
6.0593758236964e-06	4.34255267364909e-05	0.000131286476180089	0.00048273027395448	0.00133508247315444	0.00409714795278938	0.0100070591728346	0.0221328800920217	0.0441607310030994	0.0786446388157556	0.119644395430827	0.159398950314128	0.180262391171085	0.167097387298134	0.121018863846835	0.0648696577765524	0.0227206395469203	0.00394667345316759	
2.02155585002886e-06	9.09700132512986e-06	4.44742287006349e-05	0.000153638244602193	0.00049528118325707	0.00172843025177467	0.00456568388729018	0.010786011237829	0.0239948571619175	0.0469405268376701	0.0811725428241337	0.123044018367856	0.162083294165689	0.179248324888284	0.163291173786081	0.116117157247733	0.0611449890178978	0.0213617806672549	0.00381669744485448	
8.10663467248183e-06	6.07997600436137e-06	3.44531973580478e-05	0.000163146022783697	0.000632317504453582	0.00190505914803323	0.00514568635835784	0.0119512061659063	0.0258804311918982	0.0491890325339516	0.0841438279123592	0.1257430237342	0.162973756796907	0.179448465110058	0.159332864499628	0.111888785078928	0.0582674500377972	0.0199980544076786	0.00328825368902544	
7.09661329337602e-06	9.12421709148346e-06	3.44692645678264e-05	0.000203774181709797	0.000675192064769776	0.0021421634127005	0.00552927555743897	0.0129452364490169	0.0273108093586081	0.0516775380023642	0.0874789382655472	0.129336791073677	0.164936444758948	0.177328145371082	0.155213070745124	0.107983081673909	0.0551214230534497	0.0189185572382414	0.00314886869846085	
1.01101705282463e-06	6.06610231694778e-06	6.36940743279517e-05	0.000230511888044016	0.000862397546059409	0.00237791210824353	0.00610654299906077	0.0141562607736505	0.028980803819218	0.0551924319307494	0.0911937381647816	0.131977155058674	0.165873523788726	0.174913027258031	0.151553478252518	0.103362339412579	0.0530136901819123	0.0171701026081207	0.00296531301593464	
2.01883573743022e-06	0	1.21130144245813e-05	9.28664439217903e-05	0.000264467481603359	0.00100739903297768	0.00282334177879617	0.00685192849283818	0.0152099084457993	0.0313212270483612	0.0578012859983647	0.0942342051338993	0.134978347986716	0.166928442367287	0.172293498339508	0.147832275126934	0.0994195847254888	0.0499288360402556	0.0163475223838412	0.00265073132324588	
2.02597502580586e-06	0	1.01298751290293e-06	3.03896253870879e-06	8.10390010322343e-06	1.31688376677381e-05	0.000115480576470934	0.00036670147967086	0.00121963696553513	0.00305010540135072	0.00749104265791716	0.0165674107735274	0.0336382763409675	0.0605898221092629	0.0972447752636553	0.137206119660163	0.166990991502048	0.170394629545402	0.143834096957087	0.0954254496904817	0.0477583092833215	0.0157225791877664	0.00235722194252511	
2.02710235853359e-06	1.0135511792668e-06	2.02710235853359e-06	7.09485825486758e-06	6.08130707560078e-06	2.43252283024031e-05	0.000150005574531486	0.000463192888924926	0.00134599596606631	0.00332647497035363	0.00808509775701124	0.0176003162279679	0.0358290341870813	0.0630864660511033	0.1006354965894	0.140144735108399	0.168248482207109	0.168183614931636	0.14039204159614	0.0910787225200936	0.045105054579731	0.0142495160293119	0.00203318366560919	
1.0140743377334e-06	2.0281486754668e-06	3.04222301320021e-06	5.07037168866701e-06	9.12666903960062e-06	2.33237097678682e-05	3.85348248338693e-05	0.000170364488739212	0.000456333451980031	0.00143998555958143	0.00359083722991398	0.00869670152040166	0.0194185094932569	0.0376140453352073	0.0665932476846148	0.104465881975944	0.142928707531834	0.166784806327013	0.167424687234122	0.135530021163731	0.0878502739521823	0.0420820568672607	0.0129639263335838	0.00190747382927653	
2.02763668805823e-06	2.02763668805823e-06	5.06909172014558e-06	3.04145503208735e-06	1.62210935044659e-05	1.62210935044659e-05	6.58981923618926e-05	0.00017234911848495	0.000589028457880917	0.00155722497642872	0.00421748431116113	0.00981173393351379	0.0208684367934953	0.0404158682847207	0.0701177043097418	0.107303547350386	0.144507639121222	0.167323620953598	0.164149355718442	0.132174538966108	0.0838579843263684	0.0390573517037217	0.011873840445269	0.00189178502995833	
1.01214062681869e-06	2.02428125363738e-06	1.3157828148643e-05	1.01214062681869e-05	1.01214062681869e-05	2.63156562972859e-05	6.37648594895775e-05	0.000199391703483282	0.000615381501105764	0.00174189401875497	0.00467406541464871	0.0104695826438125	0.0224148663215267	0.0428439127332352	0.0730350554906099	0.110709966042682	0.145504324370828	0.167645912723114	0.161992095181705	0.127837409729708	0.0805603210510068	0.0367285590659966	0.011136583316886	0.00176416111254498	
1.01193271052248e-05	6.07159626313489e-06	6.07159626313489e-06	3.13699140261969e-05	6.27398280523938e-05	0.000240839985104351	0.000736687013260366	0.00206029499862377	0.00503740103298091	0.0117424671729029	0.0240364376730405	0.0457737642277739	0.0761590677266324	0.113407298868254	0.147190672409047	0.166672400952026	0.159781139193368	0.124241050467108	0.0760042420219225	0.0347305425578421	0.0103055227239609	0.00176379871444068	
2.02772097342773e-06	8.11088389371092e-06	6.08316292028319e-06	2.2304930707705e-05	0.000101386048671387	0.000257520563625322	0.00085772597175993	0.00229538014192019	0.00582462849617116	0.0127178659453387	0.0261596282781912	0.0480509039073169	0.0796326580684538	0.11543207185432	0.148672501771721	0.16619403870311	0.156580613568089	0.120027901440594	0.0731094796969368	0.0327476937208578	0.00978780913873565	0.00151166598569037	
1.01610423603695e-06	5.08052118018475e-06	4.16602736775149e-05	0.000125996925268582	0.000313976208935417	0.000934815897153994	0.00252197071384371	0.00646547125390311	0.0140313833954342	0.0282283917813425	0.0504302693387498	0.0822160420504577	0.118216615133247	0.150648630139074	0.165954208246499	0.151611896954837	0.116690426570719	0.0704017980980561	0.030883472150107	0.00897524871691438	0.00130162952636333	
1.01843468625592e-06	3.05530405876776e-06	5.19401689990518e-05	0.00012730433578199	0.000346267793327012	0.00108565137554881	0.00292596285361325	0.00691415308499143	0.0148559067684151	0.0302576945286633	0.0528750920410348	0.0850219829127028	0.121210022619434	0.151960639536246	0.163091112222337	0.149888124949715	0.113275397978815	0.0670445738309134	0.0294276702593648	0.0084581000693554	0.0011783289319981	
2.03730716887647e-06	5.09326792219116e-06	4.17647969619676e-05	0.000166040534263432	0.000404405473021978	0.00123053353000139	0.00312828515780981	0.00739236906226826	0.0159908239685114	0.031821719324266	0.0557488733691356	0.0875980963401814	0.123554530563682	0.151719283519815	0.162185949099918	0.147107838743063	0.110219336489801	0.0645622641816952	0.028019085493558	0.00794651661220266	0.00115515316475296	
1.01899301072694e-06	1.52848951609041e-05	5.60446155899817e-05	0.000193608672038118	0.000517648449449285	0.00126864629835504	0.00348903206872904	0.00814888710678333	0.0171007407060195	0.0329756328201345	0.0577840366592926	0.090121779854712	0.125055917241464	0.153554094772464	0.162172737657192	0.144218080808184	0.106630485621499	0.0617703373172563	0.0263144755090125	0.00757621303475479	0.00103529689889857	
8.17332349810072e-06	2.65633013688274e-05	8.9906558479108e-05	0.000212506410950619	0.000543526012623698	0.00154271481026651	0.00406009844768153	0.00841750153760648	0.0182714646800042	0.0345220751251029	0.0602721308058693	0.0928959515485383	0.127694898007139	0.154254112714218	0.160543485146006	0.141716234468131	0.102643661485461	0.0591278655161352	0.0251482947382187	0.0070760548184807	0.000932780544220745	
1.3286714001437e-05	3.16837026188113e-05	8.99408332404967e-05	0.000242227016795429	0.000644916656531289	0.00185707379543162	0.00437541712616553	0.00936100104147397	0.019611189866121	0.0364229712976316	0.0628338925677188	0.0957900535658985	0.129045676656572	0.154775909347817	0.15979828724036	0.138840028985478	0.0987867186006842	0.0564879535496478	0.0237791298428795	0.00638682121499845	0.000825820377935469	
7.15250572711351e-06	2.04357306488958e-05	7.56122034009143e-05	0.000252381273513863	0.000788819203047376	0.00202211554770823	0.00465117229568867	0.0102096910321883	0.0206860683493447	0.0383129078205498	0.0651746539719908	0.0987393197762696	0.131149366798886	0.156252618327989	0.158102051951714	0.135145573927277	0.0959498425426954	0.053686707987714	0.0221022644833132	0.00590592615753087	0.000765318112801146	
3.07371380445852e-06	4.5081135798725e-05	0.000120899409642035	0.000317617093127381	0.000918015856264946	0.00214955052058466	0.00487388552260307	0.0111729496792067	0.0221727468140956	0.0405740467901207	0.0684598029954366	0.101682550936561	0.133989332163956	0.155780938466299	0.155644670487634	0.131444297133864	0.0919542467454494	0.0515051976500433	0.0209094504404632	0.00551116885139413	0.000770477593650937	
4.11775969166215e-06	4.83836763770303e-05	0.000131768310133189	0.000327361895487141	0.000958408568234366	0.00238006510178073	0.00541073623484407	0.0118375296736058	0.023388875048641	0.0424427785818847	0.0709737060454889	0.104414032501477	0.136231961638951	0.155491753156778	0.153723175369209	0.128553369253924	0.0895252428963498	0.0490528123269254	0.0192196433608331	0.0051214636165048	0.000762814982880414	
1.13422641633946e-05	4.64001715775233e-05	0.000117547101329726	0.00042172600389349	0.0010754528656746	0.00264893423961461	0.00570928333388326	0.0128198518494077	0.0251757019830402	0.0456247731547167	0.0734287870788927	0.106521389447982	0.138166306463853	0.155430263635464	0.15130477282476	0.125816643019764	0.0858578463721252	0.0462960289702049	0.0181331870524961	0.00472353746659188	0.000670224700564226	
4.12767305527264e-06	8.25534611054528e-06	5.26278314547261e-05	0.000147564311725997	0.000435469507331263	0.00121147204172252	0.00282229645154267	0.00658983003274277	0.0139226412154346	0.0269774391709981	0.0470513451570528	0.076065790980828	0.108856025731914	0.138736250979032	0.155145815210269	0.149479552023643	0.123132614911838	0.0830921224391658	0.0440402076632314	0.0170854706940373	0.00451051473114918	0.000632565895720532	
1.02738705677238e-06	9.24648351095143e-06	6.16432234063429e-06	5.54789010657086e-05	0.000156162832629402	0.000549652075373224	0.00131608281972542	0.00310784584673645	0.00704787520945854	0.0149248517737324	0.0280004068452745	0.0495128644270314	0.0784040158505275	0.110974240324326	0.139282863286632	0.154336138442461	0.14849852518588	0.120995373676083	0.0798105087312489	0.0420653356524884	0.0162501810769688	0.004188657030461	0.000506501818988784	
4.10399945006407e-06	5.12999931258009e-06	9.23399876264417e-06	2.97539960129645e-05	6.36119914759931e-05	0.000194939973878043	0.000568403923833874	0.00149488179968584	0.0033950335450655	0.00768063497079491	0.0158752958727104	0.0301418239609956	0.0515441810930797	0.0805615092047578	0.112689668899584	0.140071553230412	0.154648959277039	0.146938570310232	0.117192782296167	0.0770874736702785	0.03971029867882	0.0157665398872837	0.00389264347838577	0.00043297194198176	
2.04937140655532e-06	6.14811421966597e-06	1.63949712524426e-05	3.79133710212735e-05	5.43083422737161e-05	0.00017522125526048	0.00063120639321904	0.00152473232647716	0.00376367058813885	0.00858686619346681	0.0170138814172223	0.031541875318293	0.054193577474949	0.083329490761946	0.115385758303284	0.141517293108271	0.154232618000244	0.144519622218875	0.11368682940725	0.0729248321308647	0.0381101106763028	0.0147093632705508	0.00362738738960292	0.000408849595607787	
5.10488496652216e-06	7.14683895313103e-06	3.0629309799133e-05	2.85873558125241e-05	5.10488496652216e-05	0.000208279306634104	0.000728977573219365	0.00164173100523353	0.00409411774315078	0.00889475156566822	0.0182315861694373	0.0339750514061916	0.0564641116377084	0.0865124855276511	0.117712521466041	0.143495253477958	0.153285401866754	0.141011216453248	0.109783614136039	0.070253426909278	0.0364008927422829	0.0134666865416855	0.00332328011320593	0.000394097119415511	
5.08607158950927e-06	4.06885727160741e-06	1.22065718148222e-05	2.54303579475463e-05	3.05164295370556e-05	6.40845020278167e-05	0.000248200293568052	0.000725273808664021	0.00185234727289927	0.00440453799651502	0.00962996794757684	0.0193626745412618	0.0360144729253151	0.0592161143023385	0.0887977238812423	0.121051555473274	0.14449427664364	0.151612742440317	0.137822367932522	0.106672213875414	0.0680974125119396	0.0341875560103634	0.0123571195338717	0.00295195595055118	0.000360093868537256	
1.01315890789575e-06	1.01315890789575e-06	1.01315890789575e-05	1.01315890789575e-06	1.31710658026448e-05	5.06579453947875e-05	5.6736898842162e-05	0.000251263409158146	0.000841935052461368	0.00210230473388368	0.00496042601305759	0.010437563069142	0.0207059286006654	0.0381474592000908	0.0609486004222846	0.092277500172237	0.121777648093438	0.14517148727675	0.150432821485453	0.135082450871925	0.103263182210551	0.0661987898830004	0.032099913678861	0.011992761992762	0.00283380546538441	0.000340421393052972	
2.02080826268082e-06	2.02080826268082e-06	3.03121239402124e-06	1.21248495760849e-05	2.52601032835103e-05	9.59883924773392e-05	0.000372839124464612	0.000895218060367605	0.00234211677644708	0.00533998583413408	0.0111427367604221	0.0224875543471122	0.0401473977546799	0.0640646739476388	0.0934836006357463	0.12430193704576	0.145216292160375	0.14873249853744	0.132987370958762	0.100566533596443	0.0626733474587831	0.0307142647844858	0.0113155158668813	0.00274930964137726	0.000326360534422953	
2.0185708518369e-06	0	1.00928542591845e-06	8.0742834073476e-06	4.13807024626564e-05	0.000136253532498991	0.000388574888978603	0.00111021396851029	0.00254541784416633	0.00569640694388373	0.0122476786435204	0.0237161889382317	0.0418379087605975	0.0666804602341542	0.0958871618893823	0.12692874444893	0.145051473556722	0.147737182075091	0.130188736374647	0.0973132821962051	0.0597941057731126	0.0293550666128381	0.0104390391602745	0.00262313282196205	0.000270488494146145	
1.01139743772573e-06	0	0	1.01139743772573e-06	1.01139743772573e-05	4.85470770108351e-05	0.000175983154164277	0.000464231423916111	0.0011044460019965	0.0027985367101871	0.00608355558792027	0.0129640923567684	0.0250563601222173	0.0439796061820657	0.069168459368625	0.0989379315506442	0.127839624731095	0.14577271269941	0.145912285545816	0.127196375960701	0.094487782824651	0.0577153947838189	0.0274351668957482	0.0101635328517059	0.00239802332484771	0.000285214077438656	
7.08431037780627e-06	2.02408867937322e-05	4.95901726446439e-05	0.000229734065108861	0.000494889682106752	0.00144924749443123	0.00307256661528855	0.00666127584381727	0.0135421653093465	0.0269537768988735	0.0453395864179601	0.0706821887280526	0.1022407673725	0.129198592448732	0.145349808065791	0.144714244220468	0.125106897183379	0.0914756517312536	0.0550663445666882	0.0266501635969675	0.00931080792511682	0.00218196759636433	0.000202408867937322	
