# <P(N_1)> as a function of N_tot.
# number_of_species: 2
# species_total_upper_bound: 100
# species_total_lower_bound: 0
# volume: 512
# Bin widths for each species index 
1	1	1	1	1	1	1	1	1	1	1	1	1	1	1	1	1	1	1	1	1	1	1	1	1	1	1	1	1	1	1	1	1	1	1	1	1	1	1	1	1	1	1	1	1	1	1	1	1	1	1	1	1	1	1	1	1	1	1	1	1	1	1	1	1	1	1	1	1	1	1	1	1	1	1	1	1	1	1	1	1	1	1	1	1	1	1	1	1	1	1	1	1	1	1	1	1	1	1	1	1	
# Bin lower bound for each species index 
0	0	0	0	0	0	0	0	2	3	3	4	5	6	7	7	8	8	9	10	10	11	12	13	14	14	15	16	16	17	18	19	20	21	22	23	23	24	25	26	26	27	28	29	29	29	30	31	32	33	36	36	37	38	39	40	40	41	41	42	42	43	43	44	47	48	49	50	50	51	52	52	52	51	52	52	53	54	57	58	60	61	62	63	64	65	66	66	67	67	67	69	69	70	71	71	71	73	74	74	78	
# Bin upper bound for each species index 
0	1	2	3	4	5	6	7	8	9	10	11	12	13	14	15	16	17	18	19	20	21	22	23	24	25	26	27	28	29	30	31	32	33	34	35	36	37	38	39	40	41	42	43	44	45	46	47	48	49	50	51	52	53	54	55	56	57	58	59	60	61	62	63	64	65	66	67	68	69	70	71	72	73	74	75	76	77	78	79	80	81	82	83	84	85	86	87	88	89	90	91	92	93	94	95	96	97	98	99	100	
# Normalized histogram for each species index 
1	
0.0797640955638519	0.920235904436148	
0.00630308279709735	0.146174255715756	0.847522661487147	
0.00047138829729585	0.017305565385213	0.201750926780731	0.78047211953676	
3.1109682370143e-05	0.00184778550910995	0.032236760237678	0.246914956498294	0.718969388072548	
5.1740284468084e-06	0.000181737749194145	0.00414957081434034	0.049751517283842	0.284458382702188	0.661453617421989	
3.22685570017606e-06	1.35527939407394e-05	0.000498226520107183	0.00774509905156257	0.0680034023966503	0.314440953703656	0.609295538678383	
4.51989950326304e-06	1.93709978711273e-06	5.55301938972317e-05	0.00109833557929292	0.0128294118900476	0.0872250206139702	0.338389379011007	0.560395865712494	
7.07595263228654e-06	0.000165319984227058	0.00200828401072714	0.0183762489860482	0.107149220905452	0.354791481324953	0.517502368835961	
1.3470847162334e-05	0.000288661010621442	0.0033183186843216	0.0256440027146964	0.126403373613305	0.368868359032716	0.475463814097177	
6.39485137725914e-07	2.30214649581329e-05	0.000488566645222598	0.00515361072493314	0.0339304419225993	0.146382624421426	0.377161939379367	0.436859155956356	
1.91890453577861e-06	4.66933437039463e-05	0.000885254625839201	0.00744087215490421	0.0433122339119044	0.164478262649419	0.38134581729982	0.402488947109874	
2.55704446572474e-06	0.00010803512867687	0.00145048347318236	0.0104525585147663	0.0524500960809458	0.181369246170506	0.3829065413033	0.371260482284157	
1.72921626154972e-05	0.000197899194377357	0.00214935176805958	0.013599965671855	0.0624387969522243	0.196961574893317	0.383716931140687	0.340918188216864	
3.01564478014345e-05	0.000370218518753782	0.00295019887214885	0.0169697389670711	0.0733443308123826	0.212629263688621	0.379888472473259	0.313817620219962	
7.06230105176923e-06	6.99809831493497e-05	0.000547649345196287	0.00408907230897439	0.0214604068142217	0.0844702567981068	0.226466165799716	0.375183459320504	0.28770594632908	
1.86450572596138e-05	0.000118299673647205	0.00081266732331558	0.00545335778193255	0.0266900780006326	0.0959866835715186	0.238312120830258	0.367832904282705	0.26477524347873	
4.50261827252547e-06	2.63724784533635e-05	0.000178175037355651	0.00116682136376589	0.00731997084876284	0.0324876772986349	0.107003436784204	0.247976555509886	0.358895983728824	0.24494050433184	
5.14177149453301e-06	3.98487290826308e-05	0.000223667060012186	0.00166272035704461	0.00928796748343707	0.0380960277244319	0.118094279522124	0.257107213648318	0.349867985016878	0.225615148687177	
1.34961699797622e-05	5.52700294409308e-05	0.000349615069951934	0.00232712530936756	0.011589996638811	0.0450823491304932	0.129184696371523	0.264387399204497	0.339982017960189	0.207028034115747	
1.9297953323397e-06	5.78938599701911e-06	8.36244644013871e-05	0.000553207995270715	0.00320088719124079	0.0144072086861374	0.0514489868252873	0.139340228706477	0.270872505498309	0.329176125344066	0.190909506107481	
1.92669812750631e-06	1.34868868925442e-05	0.000121381982032898	0.000752054502436631	0.00413790534517439	0.0170101755350441	0.0583866600559513	0.150139236051348	0.274718894743197	0.319909599323857	0.174808678875939	
3.22148135309948e-06	2.31946657423163e-05	0.000172671400526132	0.00102571966282688	0.00513761846192306	0.0204615609623467	0.0656976021225696	0.160798953147419	0.27908917124815	0.306686313407612	0.160903973439531	
9.6641140520084e-06	3.73679076677658e-05	0.000244824222650879	0.00134266757895903	0.00640022059951009	0.0241480439188884	0.0732391662060106	0.170635396170691	0.281094931236607	0.294859851018018	0.147987867026945	
9.66717215235721e-06	5.67140766271623e-05	0.00032159459360175	0.00173429068413288	0.00774662728475558	0.0277190049515256	0.0806764184802819	0.178583604604925	0.281551233112256	0.283364794608038	0.138236050431704	
3.86296517343748e-06	1.48080331648437e-05	7.46839933531246e-05	0.00041333727355781	0.00218772594322343	0.00906251629688433	0.0321237745547772	0.0874575315266245	0.187018376769158	0.281987444075531	0.272818052408848	0.126837886159704	
7.71165603957622e-06	1.79938640923445e-05	8.80414064518285e-05	0.00057066254692864	0.00276398605218478	0.0109743291823203	0.0362222910558928	0.0960589581809746	0.194514313476247	0.280922776761696	0.261229777788631	0.116629158028541	
5.12657185499235e-06	1.53797155649771e-05	0.000107658008954839	0.000692087200423968	0.00344569710803673	0.0133425440740995	0.0412522420741597	0.104314202462421	0.200699520729614	0.279682050013553	0.249482056037275	0.106961436004042	
6.4122170689371e-07	3.20610853446855e-06	1.21832124309805e-05	0.000144274884051085	0.00096439744716814	0.00437697937125647	0.0154579316880867	0.0460987109520026	0.11181944735666	0.205975801575225	0.278438343006163	0.238142047279841	0.0985660358968736	
3.2002621654766e-06	7.68062919714383e-06	3.13625692216706e-05	0.000228498718615029	0.0012442619299373	0.00521642732972685	0.0177128110334799	0.0517219970659996	0.119191204143443	0.212092254597497	0.274765548793757	0.22729542004081	0.09048933288615	
6.39187975595803e-06	1.40621354631077e-05	4.34647823405146e-05	0.000311284544115156	0.00158774293137997	0.00619053554364535	0.0203939315493597	0.0570072579794629	0.126693448642844	0.217105948602895	0.270877637049892	0.216347232475863	0.0834210618829839	
2.55159158714738e-06	1.84990390068185e-05	7.33582581304871e-05	0.000387841921246401	0.00185436918595936	0.00721653890634957	0.0232475509504998	0.0621580468587037	0.134065087274001	0.220969745140653	0.267165035030163	0.205873891413193	0.0769674844305071	
1.27775768858745e-06	1.72497287959306e-05	7.98598555367157e-05	0.000457437252514308	0.00229293617217018	0.00846642244458046	0.0261550610065408	0.068321703608771	0.141174335981273	0.225857726792407	0.26249423411843	0.194171891630815	0.0705098636504771	
6.39002134267128e-07	3.06721024448222e-05	0.000100962337214206	0.000660728206832211	0.00281927741638657	0.00985469091466766	0.0294190192595243	0.0745562130177515	0.147567318874845	0.228900788528634	0.256065408258464	0.185564302784771	0.0644599792963308	
6.3932119432871e-07	4.79490895746532e-05	0.000195632285464585	0.0007927582809676	0.00335963287619737	0.0113677701563588	0.0332587671713681	0.0799311323209469	0.155106993598477	0.2313658649792	0.249832657677384	0.175502618339951	0.0592375839029152	
1.34029007706668e-05	6.82909705933975e-05	0.000250825714422479	0.0010754232285035	0.00405788776666188	0.012964434445455	0.0371885820050101	0.086251495859461	0.161528568921226	0.232692227913136	0.243326472324605	0.165735165063105	0.0548472228870487	
6.37661567499665e-07	9.56492351249498e-06	8.22583422074568e-05	0.000355815154664813	0.00131358282904931	0.00472315923047002	0.0150571025933696	0.0411846476601009	0.0916179386952169	0.16742760947055	0.232875279774013	0.236943560574661	0.157585303176192	0.0508235399144258	
5.72489221300161e-06	1.5266379234671e-05	0.000100503663294917	0.00038293167913633	0.00164749675907491	0.00548508283919032	0.0171301496995704	0.0451706717588523	0.0985406613649924	0.172091532121098	0.233515808971797	0.230582755861335	0.148778498831486	0.0465529151787248	
6.36694485971074e-07	2.35576959809297e-05	0.000106327979157169	0.000522726172982252	0.00192536412557653	0.00645289861531683	0.0189843194881995	0.0497296595212567	0.104077900843748	0.177377990235653	0.233643955349889	0.2244621841677	0.139804101840556	0.0428883772694975	
5.75196014019444e-06	2.36469472430216e-05	0.000140603470093642	0.00053940603981379	0.00217232361294677	0.00721487533585056	0.0215724069524581	0.0540786510247437	0.110194135045798	0.181222534390331	0.232637388763482	0.218325233721314	0.132249067543351	0.039623975192435	
6.39993856058982e-07	8.95991398482575e-06	4.09596067877748e-05	0.00018239824897681	0.000675193518142226	0.00248189617379673	0.0083864794897969	0.0245597642262634	0.0588192753349568	0.11573264896657	0.184930704665235	0.231460817976147	0.211441810158622	0.12474376245988	0.036534689266983	
1.28565936969264e-06	6.42829684846319e-06	6.74971169088635e-05	0.000220490581902287	0.000852392162106219	0.00302901347499585	0.00986036453585768	0.0272887629514111	0.0627601049612309	0.121253106474452	0.188732866981825	0.230048173656582	0.204279702909833	0.118309589347541	0.0332902208891363	
1.2871222135413e-06	2.12375165234314e-05	6.0494744036441e-05	0.00029796879243481	0.00102647996529919	0.00335424048848862	0.011204398868877	0.0299950960643664	0.0679117857919727	0.126470054458141	0.1925650672457	0.227710582847552	0.197747021277417	0.111470575742637	0.0301637090743403	
6.45651152099916e-07	2.64716972360965e-05	8.65172543813887e-05	0.000340903808308756	0.00117895900373445	0.00407147616514207	0.0128284427410732	0.0332775060303818	0.0724433505679147	0.132066651859734	0.194658011497756	0.225168902341389	0.190383155219702	0.105302474651736	0.0281665315103588	
1.94224287617684e-06	1.29482858411789e-06	3.49603717711831e-05	9.77595581009008e-05	0.000423408947006551	0.00139647262797115	0.0049106374052671	0.0145577577712375	0.0363005193557451	0.0766493202797348	0.136714476054088	0.197100749317302	0.221869525302893	0.18431820153489	0.0993263006876835	0.0262966737148503	
2.5924281654358e-06	6.48107041358951e-07	2.5924281654358e-06	4.08307436056139e-05	0.000116659267444611	0.000433583610669138	0.00166239456108571	0.00588092329329112	0.0163173909802943	0.0392863045260555	0.0813672466144508	0.141619813928468	0.199056356147781	0.219828834930377	0.177125710082277	0.0935030509638972	0.0237550673869296	
1.29657542017147e-06	0	3.88972626051442e-06	4.73250028362587e-05	0.00012317466491629	0.000584755514497334	0.00203303025882887	0.00672015040274874	0.0181436281421695	0.0429477642177598	0.0855383219072624	0.146325019043451	0.200854443201893	0.215763763958445	0.171452650686375	0.0876608158700831	0.021799970827053	
1.29722212853396e-06	6.48611064266979e-07	3.89166638560187e-06	4.15111081130866e-05	0.000218581928657972	0.000719958281336346	0.0025710942587543	0.00772236333116265	0.0203624957515975	0.0464846577538858	0.0910260767592278	0.149387451710906	0.201719986820223	0.212822911018345	0.164729697825077	0.0821848593422046	0.0200025166109294	
6.49815647300861e-07	1.94944694190258e-06	5.84834082570775e-06	6.30321177881835e-05	0.000256027365036539	0.000932485453876735	0.00274092240031503	0.00864969608122176	0.0222016014056812	0.0495224504807986	0.095279869101136	0.153726237866317	0.203289626732896	0.209372551007279	0.157721304465923	0.0772890730899644	0.0189466748283512	
6.50377316400109e-07	0	8.45490511320142e-06	7.47933913860126e-05	0.000303726206758851	0.00101133672700217	0.00319465337815734	0.00968997163704523	0.0243130552189853	0.0532470412709934	0.100048192959145	0.157888849215873	0.204059785284433	0.205575164431645	0.150208543486504	0.0727869773649183	0.0175888041447246	
2.40878516500829e-05	9.43983375476223e-05	0.000371083120014791	0.00110999424495652	0.00382866636632805	0.0105654525521404	0.0262902625185216	0.0566246800221869	0.104835538565302	0.161842369098802	0.204873688514131	0.200135542992258	0.14434156834049	0.0687525878164948	0.0163100796591764	
3.90424449940753e-06	2.86311263289886e-05	0.000126237238814177	0.000410596379854359	0.00127018087714058	0.00435453403167253	0.0117348575503859	0.0286408869402371	0.0604591781955753	0.10962988412853	0.165420236610231	0.203728683638418	0.195397025876682	0.139138814762469	0.0646959341848491	0.0149604142143131	
6.51938506552308e-06	2.47736632489877e-05	0.000133647393843223	0.000429627475817971	0.00162463075832835	0.00503296527058382	0.0132656447313264	0.0309566480451298	0.0647766100110373	0.114058597536846	0.167873513498713	0.202027919918482	0.191312658624788	0.134357354876859	0.0605337942103949	0.013585094599537	
6.51965709211558e-06	3.19463197513664e-05	0.00013821673035285	0.000575685721233806	0.00186331799692663	0.00565710645882869	0.0146822677714443	0.0341264930829698	0.069187904992949	0.117956895939101	0.16997854380851	0.201213568971126	0.187836536549524	0.127858951130606	0.0565625890340672	0.0123234558355169	
1.1723657755167e-05	2.54012584695286e-05	0.000168690408810459	0.000653919577010428	0.00212914651120228	0.00602400614319666	0.0164235418863496	0.0372669027463971	0.0724802114426808	0.121133391126624	0.172603505243406	0.200985829354346	0.183358007290813	0.122077145575915	0.0533406888430508	0.0113178889339743	
1.17196045544988e-05	4.03675267988291e-05	0.000197931099142646	0.000798886377131666	0.00245330388674174	0.00701027679101601	0.0178821632827394	0.0400406800495869	0.0763903357536487	0.125302756450991	0.175334399383288	0.199019069098788	0.178224584084256	0.116617227297824	0.0501794401675122	0.0104968591459794	
1.30322620162343e-06	1.56387144194811e-05	5.40838873673723e-05	0.000276935567844979	0.000940929317572116	0.00286058151256343	0.00819468635580812	0.0197451801807966	0.0425542451616098	0.0798343338852496	0.129538729602066	0.177264827944819	0.197875350323493	0.173120568623656	0.11148774348338	0.0468926851868142	0.00934217702633755	
4.56316198442788e-06	2.28158099221394e-05	8.60481974206401e-05	0.00030182057125573	0.000995421192888768	0.00336044286138939	0.00901941560236346	0.0215694148201071	0.0453174135476368	0.083336375441323	0.133328422501864	0.179129531219851	0.196205535245863	0.167726841301049	0.106646310618348	0.0440234311849098	0.00892619672182443	
4.5565530067066e-06	1.62734035953807e-05	2.34337011773482e-05	0.000115215697455295	0.00037233547426231	0.00119446782390094	0.00371814725347258	0.00982002266559653	0.0231082331054406	0.0483215936999796	0.0882311396134351	0.136953709978005	0.180670581396636	0.19347254253705	0.163198804360491	0.101619594219427	0.041105315609644	0.00805403290742581	
1.95142639512352e-06	1.36599847658646e-05	1.82133130211528e-05	0.000130095093008234	0.000436469037042626	0.0014551136152971	0.00422483814544241	0.0107289423203891	0.0252696708659194	0.051836389809131	0.0919544641155453	0.141423773707391	0.181321336831157	0.190318062988141	0.157741601223414	0.0963536296856187	0.039086420218859	0.00768536761946145	
2.59481283939341e-06	1.29740641969671e-06	5.83832888863517e-06	3.5029973331811e-05	0.000142714706166638	0.000546208102692313	0.00172100961572768	0.0047076391938695	0.0117856399165249	0.0275835091859618	0.0547265488924366	0.0963103707533455	0.14372992669005	0.181645331899267	0.187981216149856	0.153093308821001	0.0920834206379737	0.0369793264774053	0.00691906843624253	
3.88293720902239e-06	1.29431240300746e-06	1.16488116270672e-05	2.39447794556381e-05	0.000185086673630067	0.000644567576697717	0.00193305557389165	0.00526849863644188	0.0133003542533047	0.0299037937590845	0.0587248951930532	0.100056173158291	0.146734902816553	0.180935166597421	0.184882819426594	0.148146350492033	0.0884630169645527	0.0344235326703865	0.00635701536737116	
2.5878711654219e-06	3.23483895677738e-06	3.23483895677738e-06	1.03514846616876e-05	4.39938098121723e-05	0.000226438726974416	0.000723309990735421	0.00223980249367266	0.00578777386146608	0.014530896593844	0.0321775900708559	0.062216951591282	0.10377428070121	0.148349067590019	0.181336661335652	0.182107199975156	0.144704051053522	0.083693047425327	0.0320954251613538	0.00597410058537646	
1.9447093210566e-06	1.2964728807044e-06	1.9447093210566e-06	1.75023838895094e-05	7.00095355580376e-05	0.00024762632021454	0.000864747411429835	0.00241727368607335	0.00646032436455002	0.0162162827918506	0.034324119516649	0.0651393351816715	0.106519508351554	0.150954171628376	0.182297699992286	0.179831160336746	0.139577622100195	0.0794420240016024	0.0301754062983949	0.00544000020743566	
1.94867957472017e-06	1.36407570230412e-05	0.00011237385547553	0.000292301936208025	0.000975638907076565	0.0027210062461676	0.00738354690861472	0.0175218771760255	0.0367774296136938	0.0675522765773912	0.11030695600661	0.154326328479822	0.182341845165716	0.176002790509151	0.134286757293258	0.0761543977800642	0.0280687805942693	0.00516010351385901	
4.55246356565856e-06	2.79651333319026e-05	0.000118364052707122	0.000336882303858733	0.00103536028521835	0.00308722064945445	0.00853066637010618	0.0187704576331482	0.0384774220569461	0.0708239763948261	0.114162779187958	0.156146898894337	0.181928800770537	0.172717866273334	0.130168590732875	0.0728068994536393	0.0261578052963361	0.00469749204782168	
9.77510736326254e-06	2.86736482655701e-05	0.000126424721898196	0.000413161204553897	0.00121928172511095	0.00365002508944223	0.00927397019243928	0.0203667620282696	0.0411636287805228	0.0746173045467283	0.116602694019589	0.157679650181491	0.181154244677454	0.170519579540049	0.126140592110837	0.0683788310274941	0.0243934545881096	0.00426194681038247	
1.76070459485209e-05	4.76042353422973e-05	0.000140856367588167	0.000489084609681136	0.00135900310210065	0.0040809219831794	0.0100334077394053	0.0221124933729035	0.0440039205022312	0.07835852771186	0.11967574342491	0.160436054795735	0.180341146296945	0.166820239234107	0.12108626343923	0.0645285191757033	0.0226394005257333	0.00382920643739684	
4.56441464968444e-06	1.56494216560609e-05	5.93373904458977e-05	0.000157146275796278	0.000487740308280565	0.00169404989426859	0.00457419553821947	0.0107231141305801	0.0239573083777223	0.0464716096669086	0.0812113695656568	0.123515016598168	0.162221904886728	0.179119367919859	0.163365616786091	0.116310414103259	0.0611540274764721	0.0212766928598862	0.00368087438535266	
7.83840859403118e-06	1.2410813607216e-05	4.57240501318486e-05	0.000171791788352517	0.000638830300413541	0.00193216771842869	0.00506557155389265	0.0118542865970398	0.0257530914356894	0.0490971786301466	0.0844372969770524	0.126302237277773	0.163258374196481	0.179108289574329	0.159393385558908	0.111808366586693	0.0579389035242138	0.0198533825672486	0.00332087244100454	
8.50444717168255e-06	1.17753883915604e-05	3.92512946385348e-05	0.000206069296852308	0.000720261256617114	0.00209209400423391	0.00557172127394002	0.0129627400543761	0.0272482487380709	0.0518234843112575	0.087762623870544	0.129821694452222	0.165000013083765	0.177419776895641	0.155023642363137	0.107876295619817	0.0547424722558766	0.0185318445753402	0.00313748681810688	
2.6132278982984e-06	6.53306974574599e-06	3.9198418474476e-06	5.94509346862885e-05	0.000235190510846856	0.00087935118777741	0.00239306344786676	0.00617179098880624	0.014139522850718	0.0291649299589593	0.0553024353977398	0.0915126277705116	0.13240376461611	0.166009222081253	0.174939275116713	0.151404544664638	0.103111439797109	0.0522750108775611	0.017063724868914	0.00292158879029761	
6.52169376213035e-07	4.56518563349125e-06	3.26084688106518e-06	1.04347100194086e-05	8.60863576601206e-05	0.000282389339900244	0.00102194941252583	0.00281215435023061	0.00677212680259616	0.015288154517186	0.0316360842707181	0.0581611171400547	0.0947197758624288	0.135235146190287	0.166892752050421	0.172270540726673	0.147501147818102	0.0990201807291775	0.0495048730095791	0.0161457572469061	0.00263085126364338	
1.30773229412207e-06	6.53866147061035e-07	1.30773229412207e-06	2.61546458824414e-06	6.53866147061035e-06	1.63466536765259e-05	0.000117695906470986	0.000393627420530743	0.00121226783665116	0.00301955386712786	0.00740503411546622	0.016636970245821	0.0338800744099675	0.0609318246461767	0.0973985935339177	0.137762404658142	0.166709712854682	0.17086830154999	0.143515772886132	0.0950106743648508	0.0473889490082485	0.0152906598490223	0.00242911273633175	
1.30836792876198e-06	1.30836792876198e-06	1.96255189314297e-06	5.23347171504793e-06	3.92510378628595e-06	2.87840944327636e-05	0.000147191391985723	0.000469704086425552	0.00134958151851799	0.00326895727001181	0.00806543409685324	0.0178330548690258	0.0361390847442991	0.0632805232425021	0.100770497873248	0.140192931934775	0.168299945964405	0.168638813257954	0.139865839952585	0.0909839057661083	0.0446559057765752	0.0138693542288414	0.0021267520682026	
6.54320939186103e-07	1.30864187837221e-06	1.96296281755831e-06	3.27160469593052e-06	5.88888845267493e-06	1.63580234796526e-05	3.53333307160496e-05	0.000168160481370829	0.000476345643727483	0.00142053075897303	0.00362624664496938	0.00880585119956658	0.0196126158311643	0.0379761329894222	0.0665163037148417	0.104074979945063	0.143185705443034	0.167447925868055	0.166844641962125	0.135878903515143	0.0872563145242236	0.0418641080100661	0.0127945916448451	0.00198586405042982	
1.30802052022592e-06	1.30802052022592e-06	3.2700513005648e-06	1.96203078033888e-06	1.04641641618074e-05	1.56962462427111e-05	6.6709046531522e-05	0.000173312718929935	0.000582723141760648	0.00156766259349077	0.00425826080359549	0.00982323410689667	0.0209544887340193	0.0405080874908766	0.0697828947540529	0.107251142555924	0.144646795218923	0.167456711060883	0.164180773667977	0.131785683453802	0.0836943469969157	0.0394446668079329	0.0118735562723508	0.00191494204161075	
6.52463833929685e-07	1.30492766785937e-06	8.48202984108591e-06	6.52463833929685e-06	7.17710217322654e-06	2.2836234187539e-05	7.89481239054919e-05	0.000222490167370023	0.000640067021085021	0.00182102656049775	0.00467425090627227	0.0106168915057038	0.0228114405618497	0.042842080263491	0.0727725537173474	0.110357080407033	0.145305653207643	0.167345881517787	0.161403240918356	0.128278956997414	0.0807684980021557	0.0370227553286721	0.011228250118096	0.00176295727927801	
6.52337422836637e-06	3.91402453701982e-06	8.48038649687628e-06	3.00075214504853e-05	8.02375030089064e-05	0.000276591067282734	0.000732574925845544	0.00209335078988277	0.00506931411286351	0.0118275298134511	0.0240895163505113	0.0454079033288126	0.0760945080364709	0.112885034009612	0.14693835215653	0.166275590381676	0.159553253239345	0.124972194117352	0.0766346434225796	0.0349600671646611	0.0103675986611427	0.00169281561226107	
1.3061190370768e-06	5.2244761483072e-06	3.9183571112304e-06	2.41632021859208e-05	0.000109713999114451	0.000286040069119819	0.000845712076507229	0.00228897361247709	0.00575933189399015	0.0127333544924617	0.0259793607069761	0.0477530181145649	0.0788177532923996	0.115300923295547	0.14851553040841	0.166623564738443	0.156639590819028	0.12095184730946	0.073111319219411	0.032933138460373	0.0097769540520384	0.00153926128519501	
6.54065014062398e-07	3.27032507031199e-06	3.46654457453071e-05	0.000138007717967166	0.000320491856890575	0.00097651906599516	0.00257243770030741	0.00630649486558964	0.0138851461835306	0.027861207404016	0.0500745634116031	0.0819615409771731	0.118262149257636	0.15093858329518	0.165795670089607	0.152602524690954	0.116493557459611	0.0701857544639937	0.0311838576754529	0.00906468702989077	0.00133821701877167	
6.5436632473845e-07	4.58056427316915e-06	5.03862070048606e-05	0.000121712136401352	0.000355975280657717	0.0010960635939369	0.00290800394713767	0.00678316132223877	0.0147893333054137	0.0298044229928622	0.0527484694371664	0.0851873712534256	0.121480490722394	0.152131663739468	0.163516983423592	0.15009920193483	0.112829113543027	0.0668906344474138	0.0295158474436525	0.00847600700433714	0.00120992333444139	
1.30754078383147e-06	9.15278548682032e-06	4.51101570421858e-05	0.000151020960532535	0.00041252911729883	0.00122778079601775	0.00314528935550661	0.00736406969453886	0.0158722375749303	0.0315967230412876	0.0558012642611839	0.0882073550476631	0.12395028991448	0.152183364289361	0.162097138512372	0.146745302169406	0.109911224518482	0.0641754092112326	0.027876769511287	0.00806425778428061	0.00116240375682618	
3.26539782015103e-06	1.50208299726947e-05	5.61648425065977e-05	0.000165882209263672	0.000495034309534896	0.00129244445721578	0.00349854722450981	0.00807990036618171	0.0171981972391715	0.0328479428320273	0.0579353412046836	0.0903333122170941	0.125406297123772	0.153351571668625	0.161919322469137	0.144024942414709	0.106638749692236	0.0617140595621624	0.0263138817939051	0.0076168669552843	0.00109325519018657	
1.04610990953765e-05	2.3537472964597e-05	7.78044245218624e-05	0.000189607421103698	0.000515862949140752	0.00155478085305033	0.00390460523734926	0.00853494922444026	0.0182350033606281	0.0346706976768514	0.0601637423535904	0.0934091152786968	0.128150425374442	0.154261328716502	0.160388917511618	0.141443213231198	0.102497195117805	0.0588750657087787	0.0250124879370451	0.00712989285219252	0.000951306198985796	
9.16558480031792e-06	2.42233312579831e-05	8.05262093170788e-05	0.000243542681837019	0.00065206589007976	0.00184686533726406	0.00425610477049048	0.00931419821100878	0.0194788317545614	0.0366806703708723	0.0631220731505323	0.0961849562637934	0.129666182854726	0.154358922991411	0.159407850847129	0.138533231464405	0.0988658898178864	0.0562727625661804	0.0237257709402515	0.00642442026039426	0.000851744701800972	
9.16137433702733e-06	1.83227486740547e-05	7.32909946962186e-05	0.000272223694585955	0.000783951889697053	0.00200176029264047	0.00454469605504677	0.010107613429266	0.0209612244831185	0.0388998498188993	0.0654122127663751	0.0988270168929199	0.131770010241108	0.155295765154713	0.157673141795171	0.135422126682176	0.0955786553065625	0.0534363333562368	0.0221620189051503	0.0059319898832252	0.000818634235401514	
6.55436848659632e-07	8.52067903257521e-06	3.60490266762797e-05	0.000116667759061414	0.000317886871599921	0.000902536540604313	0.00216031985318215	0.00493806121780166	0.0111378383692731	0.0224500229402897	0.0411378383692731	0.0682742347774792	0.101512748246706	0.133772694500885	0.155382447401193	0.156034607065609	0.131521924362588	0.091769679491381	0.051338402044963	0.020866487513928	0.00553713049747657	0.00078324703414826	
1.31524866420058e-06	7.89149198520345e-06	4.3403205918619e-05	0.000145334977394164	0.000341307028360049	0.000987094122482532	0.00238323057953144	0.00541422112618167	0.0119786272092067	0.0238053431976983	0.0428968351829018	0.0709399095766543	0.104191368680641	0.135729058775175	0.155442663378545	0.153866337854501	0.128417591450884	0.0892179202630497	0.0489002877106453	0.0193282367447596	0.00517944923962187	0.000782572955199342	
2.63150623469615e-06	1.97362967602211e-06	9.86814838011055e-06	5.78931371633152e-05	0.000151969485053702	0.000419725244434035	0.00109996960610299	0.00267689971724466	0.00579457672880091	0.0130049038118684	0.0255078478094684	0.0454875588963989	0.0734703383195991	0.106508241219651	0.137530410343925	0.15587529818255	0.151683966627238	0.125370220033394	0.0855101372198926	0.0460046498715167	0.0183185727762786	0.00486894441074655	0.000643403274383208	
6.58493012401399e-07	4.60945108680979e-06	3.29246506200699e-06	9.87739518602098e-06	7.57266964261609e-05	0.000168574211174758	0.000434605388184923	0.00122743097511621	0.00285522570177247	0.00663958504404331	0.0143465872611893	0.027117400743702	0.0475359520722446	0.0762739041194664	0.108605252535363	0.138729990866702	0.15542081325204	0.149059770752243	0.122903769806647	0.0825960955315323	0.0435942129000098	0.0171991789909121	0.00460747560777259	0.000590009739111653	
1.31532910849624e-06	7.2343100967293e-06	1.44686201934586e-05	7.2343100967293e-05	0.000167046796779022	0.000505086377662555	0.00129559917186879	0.00315547453128247	0.00726850865355021	0.0152518986775681	0.02858933583772	0.0496615658203839	0.0787829522824906	0.111263031623142	0.139849736802645	0.154161832832193	0.147456285037079	0.120249360092389	0.0791953079580042	0.0420714591998064	0.0162541794582422	0.00424127871034612	0.000484698776480863	
2.62917982078196e-06	5.25835964156391e-06	7.23024450715038e-06	3.54939275805564e-05	6.83586753403309e-05	0.000190615537006692	0.000533066208663542	0.0014276446426846	0.00347117465838738	0.00799007747535637	0.0163061732484897	0.0304958567412499	0.051756062067048	0.0811470059886143	0.113234831111348	0.140300265481432	0.153814249760252	0.146003613807664	0.116596894807173	0.0767418151988942	0.0398255013352947	0.0156396761639215	0.00393128112702422	0.000475224252606339	
1.31380148459568e-06	3.94140445378703e-06	1.6422518557446e-05	3.94140445378703e-05	8.99954016948039e-05	0.000191158116008671	0.000603034881429416	0.00153189253103856	0.00396636668199435	0.00873940747553045	0.0174210076857387	0.0318406358799185	0.0544524732312947	0.0833475661827498	0.115325494317809	0.141937857189779	0.153120278525915	0.143867174669907	0.113528213886882	0.0732260395454247	0.0380227287656835	0.0146672797740261	0.00363200420416475	0.000428299283978191	
3.27862832682416e-06	4.59007965755383e-06	2.95076549414175e-05	4.26221682487141e-05	9.31130444818062e-05	0.000235405513865975	0.000720642506235951	0.00177373792481187	0.00430746189578159	0.00911196384590971	0.0184914637632883	0.0341383895902239	0.0567891212489213	0.0863380869072568	0.117889638747616	0.142578365774268	0.152697524242178	0.140780365999837	0.109926506267426	0.0704282150885099	0.0362983499319357	0.0136187663439622	0.00328125122948562	0.000421631602829587	
3.26955307171242e-06	2.61564245736993e-06	7.8469273721098e-06	2.61564245736993e-05	3.98885474748915e-05	0.000103971787680455	0.000251755586521856	0.00077161452492413	0.00195584664749837	0.00458522122776949	0.00978446452240657	0.0196853251341661	0.0361154832301353	0.0593038075253341	0.0887925605897227	0.120547767843422	0.143575230127493	0.151821042974352	0.138117038229576	0.106503075668575	0.0678366871318892	0.0341550592083366	0.0126453234601549	0.0029752932952583	0.000393654189834175	
6.52382533631951e-07	6.52382533631951e-07	6.52382533631951e-06	6.52382533631951e-07	1.04381205381112e-05	5.08858376232921e-05	0.00010046691017932	0.000266172073721836	0.000873540212533182	0.0022154910842141	0.00508466946712742	0.0106651496598151	0.0210634748633748	0.0383307357635453	0.0613415724898114	0.0916023363123294	0.121439051487987	0.144996584777436	0.150562060171851	0.134979903356051	0.103160597660687	0.0653719917825896	0.0324292833643106	0.0122204296199937	0.00286526408771153	0.000361419923632101	
1.3002599219584e-06	1.3002599219584e-06	1.9503898829376e-06	1.10522093366464e-05	4.875974707344e-05	0.000103370663795693	0.000379025767250873	0.000948539613068652	0.00247439463148683	0.00547799505121074	0.0114461880929998	0.0226414260210616	0.0402827025122322	0.0641294694809492	0.093299500570164	0.123808149249035	0.145481531758198	0.14839086333358	0.132598556451435	0.100433376631989	0.0625093456181891	0.031129522791606	0.0114000288657703	0.00267788530927332	0.000323764720567641	
1.29814916382967e-06	0	1.9472237457445e-06	9.73611872872252e-06	4.47861461521236e-05	0.000140849184275519	0.000388146599985071	0.00116768517286479	0.00268262524705401	0.00586828329509202	0.0125329811021935	0.0238898390619574	0.0419263235442068	0.0664022769536334	0.0961506631919541	0.126502688791456	0.1451746172894	0.147415871820752	0.129929153509384	0.097058069457471	0.0599245126261233	0.0295672944299665	0.0104585387383937	0.00251062048284658	0.000251191863201041	
6.49936013799441e-07	0	0	3.24968006899721e-06	8.44916817939274e-06	5.65444332005514e-05	0.000166383619532657	0.000479652778183988	0.00123682823426034	0.00288701577329712	0.00642851711249028	0.0132352969850118	0.0252701621525361	0.0435970578696527	0.0691700902046194	0.0988442187866605	0.127509646675285	0.145433582063846	0.14546672880055	0.127232773933406	0.0945812884721499	0.0579788419830068	0.0276820746997458	0.0101065050145813	0.00235926773009197	0.000265173893630172	
4.55319793857216e-06	2.08146191477584e-05	5.39879184144984e-05	0.000225708526383505	0.000554839691657436	0.00144401420337574	0.00315666708512724	0.00698785792201152	0.0138339162510789	0.0266375088543438	0.045336191874363	0.0711534746429155	0.101652745806017	0.129072754248947	0.144943250892264	0.144167255872162	0.125460767369962	0.0915075703420297	0.0555002305869527	0.0266375088543438	0.00934316216995006	0.00210487836131707	0.000200340709297175	
