# <P(N_1)> as a function of N_tot.
# number_of_species: 2
# species_total_upper_bound: 100
# species_total_lower_bound: 0
# volume: 512
# Bin widths for each species index 
1	1	1	1	1	1	1	1	1	1	1	1	1	1	1	1	1	1	1	1	1	1	1	1	1	1	1	1	1	1	1	1	1	1	1	1	1	1	1	1	1	1	1	1	1	1	1	1	1	1	1	1	1	1	1	1	1	1	1	1	1	1	1	1	1	1	1	1	1	1	1	1	1	1	1	1	1	1	1	1	1	1	1	1	1	1	1	1	1	1	1	1	1	1	1	1	1	1	1	1	1	
# Bin lower bound for each species index 
0	0	0	0	0	0	0	0	2	3	3	4	5	6	7	7	8	8	9	10	10	11	12	13	14	14	15	16	16	17	18	19	20	21	22	23	23	24	25	26	26	27	28	29	29	29	30	31	32	33	36	36	37	38	39	40	40	41	41	42	42	43	43	44	47	48	49	50	50	51	52	52	52	51	52	52	53	54	57	58	60	61	62	63	64	65	66	66	67	67	67	69	69	70	71	71	71	73	74	74	78	
# Bin upper bound for each species index 
0	1	2	3	4	5	6	7	8	9	10	11	12	13	14	15	16	17	18	19	20	21	22	23	24	25	26	27	28	29	30	31	32	33	34	35	36	37	38	39	40	41	42	43	44	45	46	47	48	49	50	51	52	53	54	55	56	57	58	59	60	61	62	63	64	65	66	67	68	69	70	71	72	73	74	75	76	77	78	79	80	81	82	83	84	85	86	87	88	89	90	91	92	93	94	95	96	97	98	99	100	
# Normalized histogram for each species index 
1	
0.0796062466564339	0.920393753343566	
0.00628185855504752	0.145986017395435	0.847732124049517	
0.000475435915304845	0.0172439355333922	0.201599841855001	0.780680786696302	
3.10464709786903e-05	0.0018584417527844	0.032263492641055	0.24681696056291	0.719030058572272	
4.95536148432898e-06	0.000188923156590042	0.00415816770553755	0.0496675881574294	0.284435890939927	0.661544474679032	
3.09168898350831e-06	1.29850937307349e-05	0.000502708628718452	0.00778054449589702	0.0678866883620788	0.314474854984328	0.609339126746263	
4.33075323553668e-06	1.85603710094429e-06	5.93931872302173e-05	0.00109444321052348	0.0128054186384483	0.0872145646943385	0.338265236363231	0.560554757115892	
6.77885883457859e-06	0.000165773911500149	0.00201147229418768	0.0183392781871113	0.10713000372221	0.354804238882055	0.517542454144101	
1.29015610888918e-05	0.000291821024629694	0.0033064857990674	0.0256040695209835	0.12653175319928	0.368690983037519	0.475561985857432	
6.12355621853258e-07	2.20448023867173e-05	0.00048682271937334	0.00512664126615547	0.03386816473346	0.146490773637846	0.377043889976841	0.436961050508316	
1.83734476733397e-06	4.59336191833492e-05	0.000884987729599195	0.007384901068171	0.0433882842323359	0.164566071224057	0.381397864147953	0.402330120633933	
2.4485288626461e-06	0.000110795931034736	0.00144340776452988	0.0104239995005001	0.0526709164965959	0.18135212660853	0.382959708233301	0.371036596936646	
1.65596219990285e-05	0.000203622018654721	0.00214232443120765	0.0136095560058682	0.062608250862327	0.197101820822437	0.383580950792163	0.340736915445343	
3.25578023851969e-05	0.00037472187650887	0.00294125958151552	0.0170043873174459	0.0734719026165416	0.212820525421501	0.379973511463418	0.313381133920684	
6.7634163122534e-06	6.88638751793074e-05	0.000549681289377686	0.00408387374054428	0.0216232568063025	0.0846091083542333	0.226610722966164	0.374987164880407	0.287460564671479	
1.78555815932351e-05	0.000116984844921195	0.000821972462998925	0.00550321338897707	0.0268116950365177	0.0960273178084182	0.238505007567072	0.36759162684051	0.264604326468991	
4.3142207192299e-06	2.65016415609837e-05	0.000186744125418094	0.00117100276664812	0.00735019947107654	0.0325477137403616	0.107119635189496	0.248156441039086	0.358607887258319	0.244829560547314	
4.92864249783602e-06	4.18934612316062e-05	0.000234110518647211	0.00166403292333189	0.00931944688309568	0.0381168889176393	0.118093354649712	0.257250495174551	0.349638514876799	0.225636333952494	
1.29333997658439e-05	5.54288561393309e-05	0.00036336694580228	0.00232616432931392	0.0115926373234514	0.045067355298352	0.129123368005109	0.264444298002775	0.339825078847548	0.207189368991743	
1.84920246979482e-06	5.54760740938446e-06	8.25977103175019e-05	0.000557226344231505	0.00319357266533565	0.0143504275664311	0.0514503603171012	0.139297340045527	0.270881656589541	0.329272690176605	0.190906731775031	
1.8471018356498e-06	1.29297128495486e-05	0.000123140122376654	0.000765315860570902	0.00412580980022978	0.0170185806130654	0.0584903267276867	0.150142904112018	0.2746523446495	0.319945128761469	0.174721672538398	
3.08914468379824e-06	2.34774995968666e-05	0.000169285128672144	0.00104227741631353	0.00513539412234619	0.0205372516868275	0.0657858073572305	0.160827668356841	0.278950382775918	0.306841034468059	0.160684332043512	
9.26434321056432e-06	3.76749957229616e-05	0.000245813906520307	0.00134950599433887	0.00639857304409642	0.0242027878261589	0.0732858957786094	0.170708493735142	0.281224696762606	0.29465428868064	0.147883004932954	
9.270475389978e-06	5.62408840325332e-05	0.0003232305752639	0.00176695260932981	0.00779214358112284	0.0277088329089516	0.0807755061679563	0.178895453758869	0.281549281847173	0.283026377592643	0.138096709599268	
3.70429364676597e-06	1.41997923126029e-05	7.53206374842413e-05	0.000423524240280242	0.00222566309943188	0.00908971922688922	0.032106965183344	0.0875355457844521	0.187035960047958	0.281832538762346	0.272674290102992	0.126982568828863	
7.39754401538689e-06	1.72609360359027e-05	9.24693001923361e-05	0.000584405977215564	0.00278332593578932	0.0109674754648123	0.0362541302954086	0.0960848498298565	0.194353824530256	0.280966735710411	0.261266459535434	0.116621664940573	
4.91860024015066e-06	1.4755800720452e-05	0.000111283330433409	0.000693522633861243	0.00344916841840565	0.013353384826979	0.0412947231412149	0.104253421040173	0.200594043944004	0.279847449613552	0.249402543777079	0.106980784873337	
6.15327815893917e-07	3.07663907946959e-06	1.16912285019844e-05	0.000142140725471495	0.000973448604744177	0.00437251945974218	0.0154434975233055	0.0461268190628557	0.111725071531859	0.206125588407224	0.278589668645971	0.237968187551918	0.0985176752915116	
3.07351289615276e-06	7.37643095076663e-06	3.07351289615276e-05	0.000227439954315304	0.00123924039972879	0.00522497192345969	0.0177034342818399	0.0516694399998033	0.119166856712214	0.212214386130343	0.274810779178548	0.227104941409624	0.0905973249373157	
6.13922912155612e-06	1.35063040674235e-05	4.35885267630485e-05	0.000312486762287207	0.00158023757588855	0.00617422272754899	0.0203625951503773	0.0569315273358385	0.126698340996114	0.217181369404169	0.270932776055042	0.216294250796105	0.083468959136677	
2.45020269301778e-06	1.77639695243789e-05	7.41186314637878e-05	0.0003859069241503	0.00184990303322842	0.00721155907622458	0.0231703417665226	0.0621126382680007	0.134036500669518	0.221176734345349	0.267196441325609	0.205815801112147	0.0769498406755699	
1.22705860554606e-06	1.65652911748718e-05	7.85317507549478e-05	0.000470576975226914	0.00230012135609609	0.00844523085267075	0.0261240777120756	0.0682520672869857	0.141137507868513	0.226027876317401	0.26251385042401	0.194115763162964	0.070516603943521	
6.13774072219112e-07	3.31437998998321e-05	0.000112934429288317	0.000670241286863271	0.00280494751004134	0.00984186724803347	0.029398550511151	0.0744980555637392	0.14757215527993	0.229088103585423	0.256078204637186	0.185414395702599	0.0644867866717733	
6.14103878127401e-07	5.21988296408291e-05	0.000207567110807061	0.000788509379515583	0.00334440972028182	0.01135662301821	0.0331996838593235	0.0799532544127969	0.155180979483404	0.231466805536024	0.249600678953248	0.175551419224768	0.0592972563681037	
1.28798481895227e-05	6.93058497817172e-05	0.000247783746122246	0.00107393400856449	0.00403200580942486	0.0129417941260532	0.0372043614845926	0.0861514645614044	0.161593642016273	0.232653604456182	0.243341425149069	0.165825592135687	0.0548522068086557	
6.12657253800619e-07	9.80251606080991e-06	7.96454429940805e-05	0.000347989320158752	0.00131047386587952	0.00468682799157474	0.015062791241942	0.0411895598302694	0.0913606750012559	0.167419622431588	0.232847741193971	0.237255810135066	0.15754971407286	0.0508787342991262	
5.49931991743688e-06	1.58869242059288e-05	9.65436163283363e-05	0.000377619967663999	0.00165101804632383	0.0054681571045714	0.0171126615119708	0.0451414730600538	0.0984433258420375	0.172022393230704	0.233663048114161	0.230734965775899	0.148721163704977	0.0465462437811857	
6.11236856115455e-07	2.44494742446182e-05	0.000105132739251858	0.000515272669705329	0.00193089722846872	0.00644427017402524	0.0190149673568957	0.0497449002981002	0.104064297227368	0.177380935644705	0.233697243382903	0.224235908087091	0.13989133431172	0.0429497801686647	
6.13236965188377e-06	2.45294786075351e-05	0.000137365080202196	0.000543941188122091	0.00218864272875732	0.00721289318454569	0.0215914603073176	0.0541249077844914	0.110237316573158	0.181057600734903	0.232466482000575	0.218268206545569	0.132464090376411	0.039676431647688	
3.0697012505349e-06	1.10509245019256e-05	3.92921760068467e-05	0.00018295419453188	0.000679631856868426	0.00252390836818979	0.00841343718746604	0.0245748003312822	0.0589431755322708	0.115647310972402	0.184706993945935	0.231150345986028	0.211645464240129	0.124925789972268	0.0365527746108693	
2.46642273745793e-06	6.16605684364483e-06	6.72100195957286e-05	0.000215195383843205	0.000841050153473155	0.00305589777171038	0.00988727214878449	0.0273964071619983	0.0627507272864047	0.121216045066476	0.188596247831089	0.229897113175507	0.204450413187469	0.118334646703441	0.0332831416306261	
1.85157068741413e-06	2.03672775615555e-05	5.80158815389762e-05	0.000288845027236605	0.00101280916601553	0.00337294460223941	0.0112575497794779	0.0299948279458798	0.0679563473694735	0.126526465734216	0.192353506813163	0.227687647431316	0.19765455369123	0.111621938890761	0.030192328819204	
6.19203864822843e-07	2.53873584577365e-05	8.29733178862609e-05	0.000331893271545044	0.00118329858567645	0.00408364948850665	0.0128199968172921	0.0333261712086302	0.0724511866113264	0.132084234016955	0.1945773840742	0.22516233977326	0.190384754705485	0.105331531037284	0.0281545805296298	
1.86245866893804e-06	1.24163911262536e-06	3.35242560408847e-05	9.498539211584e-05	0.000416569922285808	0.00141174367105503	0.00489392056241285	0.0146029176035868	0.0363750594434725	0.0766203080009983	0.136677771059131	0.197117658963952	0.221933058268882	0.184325672006129	0.0992218647681177	0.02627184198404	
2.48684613820772e-06	6.21711534551929e-07	2.48684613820772e-06	3.91678266767716e-05	0.000113773210823003	0.000439550054928214	0.00168421654710118	0.00587455228998118	0.0162894639167951	0.0393356887911006	0.0814019346419532	0.141668163955279	0.198955151595032	0.21993791588616	0.177009356136883	0.0934438653546895	0.0238016043887861	
1.24365270749413e-06	0	3.73095812248238e-06	4.53933238235356e-05	0.000119390659919436	0.000582029467107251	0.0020545142727803	0.00668960791361091	0.0181424056969243	0.0429924522717182	0.085651605617828	0.146346832354371	0.20064222225815	0.216061650352016	0.171280825486921	0.0875071354574092	0.0218789602565904	
1.24425852457068e-06	6.22129262285342e-07	3.73277557371205e-06	3.98162727862619e-05	0.000215878854013014	0.000728513366136136	0.00256068404356647	0.00772373479127252	0.0203647792716484	0.0465060287436162	0.0911064755568523	0.149380701425858	0.201747809949464	0.212887034390683	0.164594872535046	0.0821092421656817	0.0200288294700143	
6.23391649544176e-07	1.87017494863253e-06	5.61052484589758e-06	6.10923816553293e-05	0.000250603443116759	0.000945061740708971	0.00273357238325121	0.00868322228650083	0.0221777813241836	0.0495097648067985	0.0953221937401504	0.153861163198947	0.203314822757286	0.209386034032197	0.157669462786012	0.077211419537593	0.0188657014901554	
6.23960326106625e-07	0	8.73544456549275e-06	7.61231597850082e-05	0.00029950095653118	0.00101268760927105	0.00321401963977522	0.00972754148400228	0.024303254701853	0.0532600055158093	0.100037063243371	0.15803604743596	0.204150459297196	0.205433945687997	0.150168531684081	0.0727207041267488	0.0175507560527271	
2.62219588927091e-05	9.11525237698936e-05	0.000362737098015809	0.0011219252411952	0.00383964398071812	0.010589925398527	0.0263168574106065	0.0566375582111879	0.104973369103415	0.161774502391505	0.204750420019592	0.200194666828161	0.144369365010292	0.0686721886782322	0.0162794661458902	
3.74247061692757e-06	2.74447845241355e-05	0.000122877785255789	0.000411048022759211	0.00128366742160616	0.00434064217053316	0.0117070718348523	0.0286866610238526	0.0605444421504486	0.109660626527006	0.165405350111245	0.20385798820997	0.195191673751371	0.139095781674244	0.0647547215944921	0.0149062604672225	
6.24806700427055e-06	2.43674613166552e-05	0.000135583053992671	0.000432991043395949	0.00161637493400479	0.0050090753173237	0.0132527749227583	0.0310222774829037	0.0648343168832143	0.114111571732495	0.167990527930422	0.201899412369298	0.191245208513616	0.134255339754264	0.0606243693357368	0.0135395611982543	
6.24688826878111e-06	3.43578854782961e-05	0.00013555747543255	0.000584708741957912	0.00185407643817423	0.00564843637263188	0.0146920565193463	0.0341367456335813	0.0692011541750765	0.118026208195043	0.169882252403022	0.201296604129068	0.187674639570164	0.127792593314455	0.0567048788822068	0.0123294833760933	
1.12322109858512e-05	2.74565157431917e-05	0.000169107176509204	0.000657708354393729	0.00213661613419746	0.00602545718218771	0.0164177483909858	0.0372853243675329	0.0725769312850773	0.121098834720511	0.172713964259105	0.200864381036533	0.183223569671533	0.12200177968143	0.0534453559175656	0.0113445330957097	
1.12304940356718e-05	4.05545617954815e-05	0.000195285812953626	0.000811715152244945	0.0024831870145541	0.00701781093962424	0.0178633485964066	0.0400460699821997	0.0765208428610557	0.125417789976035	0.175382257940739	0.198863973136658	0.178054491604894	0.116625560978775	0.0501379167059214	0.010527964242107	
1.24861559745632e-06	1.49833871694758e-05	5.30661628918936e-05	0.000270949584648021	0.000958312471047726	0.00289054510811138	0.00813535492522665	0.0197506015205641	0.0425909023370338	0.0799894367120455	0.129676221489424	0.177137973272135	0.197902450657833	0.172882067008205	0.111492008235868	0.046866786450523	0.00938709206167662	
4.37187137954401e-06	2.18593568977201e-05	8.43146623197774e-05	0.00030478189045964	0.00102051969059642	0.00336009543170668	0.00897232917693276	0.021649507071502	0.0454206208681912	0.0836089173685082	0.133350196265797	0.178946316542224	0.196114655449694	0.167739336537291	0.106550624709192	0.0439547948499355	0.00889675825737207	
4.36652348628225e-06	1.55947267367223e-05	2.24564065008802e-05	0.000116648555990683	0.000372402074472929	0.00118894196640771	0.00370281191636735	0.00983153952389923	0.0231419506882265	0.0484858767916782	0.0883915349328117	0.136976594186535	0.180511457133839	0.193548648685739	0.163172616158882	0.101529780313966	0.0409654757701612	0.0080213036443005	
1.86965978424126e-06	1.30876184896888e-05	1.80733779143322e-05	0.00013399228453729	0.000428775310519329	0.00145958107156434	0.00421047383411132	0.0107306007216887	0.0252827860423665	0.0520463426338521	0.0920265242401391	0.141385542544108	0.181353882971762	0.190206722050144	0.157836055765719	0.0963030593866269	0.0388851841926497	0.0076774462940227	
2.48513269366018e-06	1.24256634683009e-06	5.5915485607354e-06	3.35492913644124e-05	0.000143516413058875	0.000534924812310353	0.00171660540814577	0.00467391331360138	0.0117919546314175	0.0275942921472292	0.054906521733728	0.0963535647985924	0.143733240886397	0.181478057520881	0.187895291419085	0.153262482200237	0.0921505841304396	0.0368023300604136	0.00691985198549677	
3.71844896056957e-06	1.23948298685652e-06	1.11553468817087e-05	2.41699182437022e-05	0.000184682965041622	0.000633995547777111	0.0019187196636539	0.00526098553771251	0.0133108077958522	0.0299105836973282	0.058848173249974	0.100078955066263	0.146587455440587	0.180857920544183	0.184857732142769	0.148331408003094	0.088409842486502	0.0343894554703342	0.00637899919185709	
2.47707007197746e-06	3.09633758997183e-06	3.09633758997183e-06	9.90828028790985e-06	4.33487262596056e-05	0.000226032644067944	0.00071339618072951	0.00226528058082339	0.00579324763083729	0.0145465939976877	0.0322508330696286	0.0623137939981831	0.103656712767005	0.148239639189973	0.181301712708175	0.182267150768728	0.144592772776505	0.0837943263948536	0.0319987911898049	0.00597778935119961	
1.86154914396663e-06	1.24103276264442e-06	1.86154914396663e-06	1.67539422956996e-05	6.70157691827985e-05	0.000248827068910206	0.000866240868325803	0.0024392498949776	0.0064682627589027	0.0161874108395525	0.0343753664924877	0.0650983735645129	0.106286389407537	0.151023138435343	0.182400169773282	0.179950371099822	0.139579575330999	0.0794031377031338	0.0301446858046329	0.0054400671150518	
1.86544890162369e-06	1.30581423113658e-05	0.000112548750397962	0.000289766396052213	0.000988066101560013	0.00273661353868195	0.00739339581343521	0.0174680635148042	0.0367822996259153	0.0674254069165871	0.11023683739255	0.154335427610634	0.182460800700414	0.176168641555237	0.134380098893664	0.0759965228032474	0.0280389406240051	0.0051716461716014	
4.35808246861714e-06	2.67710780215053e-05	0.000120158559491872	0.000340553015761939	0.00106274953913278	0.00309672888555738	0.00856238688441307	0.0186712704619754	0.0384046678798738	0.0707652979589855	0.114082147364201	0.156245972664862	0.18193500106773	0.172816024793754	0.130240049408204	0.0727569416471435	0.0261640593919479	0.0047048613164771	
9.36002980233489e-06	2.74560874201823e-05	0.000129792413259044	0.000425569355012826	0.00125049998159194	0.00366289166264705	0.00925644547252238	0.0202981606293434	0.0411161149137099	0.074596317514675	0.116552339102648	0.157672198028279	0.18110284863147	0.170620239254842	0.126218129878526	0.068464249990172	0.0243398214979916	0.00425756555608873	
1.68582681688424e-05	4.62041423886792e-05	0.000150475652914482	0.000493260439014278	0.00138050484893743	0.00408469593928026	0.0100013236862414	0.0220362540178872	0.043947007594962	0.0782954167988272	0.119677470110915	0.16030464763722	0.180480872733812	0.166931820168483	0.121207201852162	0.0645103484791345	0.0226038157129049	0.00383182191674763	
4.37100872266012e-06	1.4986315620549e-05	6.11941221172417e-05	0.000156107454380719	0.000483308678762705	0.00170406897201992	0.00457894385189524	0.0106715055814659	0.0239200330198488	0.0463851445648692	0.0812083466284849	0.123484118564236	0.162256839223684	0.179271302891547	0.163449500175153	0.116348759039402	0.0610623674257444	0.0212468489710333	0.00369225351101276	
7.5057418925478e-06	1.18840913298673e-05	4.94128007926063e-05	0.000170755628055462	0.000637988060866563	0.00192772470940269	0.00506449934199663	0.0118334275720927	0.0257853507933569	0.0490024869024804	0.084347025474488	0.126260964637948	0.163382487603016	0.179168313760026	0.159396313179582	0.111920619273744	0.0579268140127197	0.0198101547683978	0.00329627164781058	
8.14049237455032e-06	1.12714509801466e-05	3.81976949882746e-05	0.000206017076248235	0.000710727603470354	0.002084592239606	0.00555432056632779	0.0129615424354475	0.0272668923044168	0.051752240983622	0.0877056648434051	0.129908482079958	0.165024687608605	0.177472752832735	0.155066986859367	0.107863402537955	0.0547448112188509	0.0184945724832572	0.00312469668838508	
2.50228489889831e-06	6.25571224724577e-06	3.75342734834746e-06	6.06804087982839e-05	0.000238342636620064	0.000872671858490784	0.00239844007559403	0.0061700089894585	0.0141310283953035	0.0291503679297158	0.0552047838682697	0.0915273258894528	0.13243968398644	0.166063511744161	0.175074865236319	0.151457049218067	0.103067238271947	0.0521976629910187	0.0170186651686321	0.00291516190721653	
6.24794208407606e-07	4.37355945885324e-06	3.12397104203803e-06	1.12462957513369e-05	8.80959833854724e-05	0.000284906159033868	0.00102528729599688	0.00282719379304442	0.00673840553767603	0.0152905886623593	0.0315708513508363	0.0581039869992821	0.0947256747308855	0.135367288399383	0.166981875344808	0.172287002968397	0.147525783694995	0.0990661200966931	0.0493412482263654	0.0161184409884994	0.00263788114789691	
1.25239991133009e-06	6.26199955665043e-07	1.25239991133009e-06	2.50479982266017e-06	6.26199955665043e-06	1.69073988029562e-05	0.000118977991576358	0.000394505972068977	0.00120042531500989	0.00302078858612817	0.00739855247618249	0.0166356280221975	0.0338686508020995	0.0610513646775634	0.097456751500062	0.137758980646664	0.166693801998079	0.170985150294251	0.143609566832443	0.0949782520755398	0.0471635020608241	0.0151953681241679	0.00244092742718234	
1.25290595875809e-06	1.25290595875809e-06	1.87935893813714e-06	5.01162383503238e-06	3.75871787627428e-06	3.13226489689524e-05	0.000150348715050971	0.000474224905389939	0.00133559775203613	0.00327008455235863	0.00803989753735069	0.0178514041003853	0.0361551072518823	0.0633964150601802	0.100763708827161	0.140178877383732	0.168399331198799	0.168798381746664	0.139933307815815	0.0908632459410545	0.0443967226485931	0.013818299819143	0.00213056658286814	
6.26661436132546e-07	1.25332287226509e-06	1.87998430839764e-06	3.13330718066273e-06	5.63995292519292e-06	1.62931973394462e-05	3.88530090402179e-05	0.000172958556372583	0.000478142675769133	0.00142753475150994	0.00363150302238811	0.00880333985479001	0.0195856765248866	0.0380759488594135	0.0665746309904133	0.10413483748789	0.143198404770648	0.167551721501631	0.166846727385982	0.135944171985978	0.087025726958599	0.04170933186611	0.0127907865729014	0.00198087679961498	
1.25331737442543e-06	1.25331737442543e-06	3.13329343606358e-06	1.87997606163815e-06	1.00265389954035e-05	1.62931258675306e-05	6.95591142806115e-05	0.000182984336666113	0.000589685824667166	0.00156978001146785	0.00426065241435926	0.0098410480239885	0.0209686263328247	0.0405911898055165	0.0698686836720946	0.10722255469947	0.144670424529928	0.167562266373808	0.164245988601078	0.131686683189567	0.0834934968494735	0.039384871832632	0.0118244227690167	0.00193324205005123	
6.25572790085922e-07	1.25114558017184e-06	8.13244627111699e-06	6.25572790085922e-06	7.50687348103107e-06	2.62740571836087e-05	8.57034722417714e-05	0.000231461932331791	0.000657477002380304	0.00184293743959313	0.00468053561542287	0.0106566324791137	0.0228715667783314	0.0428961517889818	0.0727028185182057	0.110305998930271	0.145536381749539	0.167432680548127	0.161250144663708	0.128193627289987	0.0807114013768857	0.036927561798772	0.0111889949234768	0.00177787786942419	
6.25926371029123e-06	3.75555822617474e-06	1.0014821936466e-05	3.00444658093979e-05	8.45000600889316e-05	0.00027853723510796	0.000730456074990987	0.00211312742859432	0.00512195549413131	0.011885089933101	0.0241958097985018	0.0454528952850218	0.0760300244361655	0.113031035933181	0.147221638024276	0.166070158835076	0.159351465168449	0.124800955414013	0.0766622100709049	0.0348753655410007	0.0103640888515002	0.0016806123062132	
1.25381473132004e-06	5.01525892528016e-06	4.38835155962014e-06	2.57032019920608e-05	0.000109081881624844	0.00028963120293493	0.000862624535148188	0.00231328817928548	0.00577318993036313	0.0127801335563452	0.0260154018601595	0.0477966713726513	0.0788122863813152	0.115416153647472	0.148589583808738	0.166396887530311	0.156523096521166	0.120890935671781	0.0730873683181078	0.0329527587685533	0.0098161155315046	0.00153843067532969	
1.88370862041576e-06	3.1395143673596e-06	3.51625609144275e-05	0.000132487506302575	0.000329021105699286	0.000998365568820353	0.00258256451859001	0.00629347050080905	0.0138892115611989	0.0277847021511325	0.0500256498323813	0.0820373941277267	0.118332691825898	0.150862455991857	0.165657103496603	0.152591072602526	0.116446471593988	0.0702504013869119	0.0312664235845342	0.00915042857510629	0.00132989828601353	
1.25608731314131e-06	4.39630559599459e-06	4.83593615559405e-05	0.00012435264400099	0.00036426532081098	0.00109970444265522	0.00290972626089185	0.00678475562193279	0.0147847757193298	0.0296310997170035	0.052732429536642	0.0853341757492247	0.121387021854663	0.15201922316024	0.163451501840796	0.150098037614791	0.112851908561868	0.0670756905654026	0.0295927890539527	0.00850810741556267	0.0011964231657671	
1.88224310675518e-06	8.78380116485752e-06	4.83109064067163e-05	0.000154971349122843	0.000421622455913161	0.00121530163259493	0.00313644443022305	0.00735517864683033	0.0158491143732476	0.0314573016288304	0.0559001106131532	0.0881906185239073	0.123853478667598	0.151996777599801	0.162231788199967	0.146750338646906	0.109975700241492	0.0643557740630664	0.0278684914386172	0.00808423414351351	0.00114377639453823	
3.7618922819764e-06	1.50475691279056e-05	5.51744201356538e-05	0.000171166098829926	0.000495315817126892	0.00128531319634194	0.00348790112743912	0.00809872710104819	0.0171661414647053	0.0327315977634296	0.0579350220885775	0.0902747560726346	0.125302362092164	0.153443824289535	0.162079248022812	0.144047244351205	0.106669082637488	0.0617157238319638	0.02630503178172	0.00763601435036509	0.00108154403106821	
1.1298328600589e-05	2.2596657201178e-05	7.53221906705935e-05	0.000191443901287758	0.0005140739513268	0.00154410490874717	0.00389792336720321	0.00855911159986844	0.0181683400746694	0.0345823007916362	0.0600562656764309	0.093190497352425	0.12819836852135	0.154413629299328	0.160633986878874	0.141452563339686	0.102506596968533	0.0589107406933157	0.024996924343881	0.00712359618267138	0.000950314972293988	
8.79724118516433e-06	2.32498517036486e-05	7.85467962961101e-05	0.000243180881332757	0.000650367473331792	0.00182291404844012	0.00424278374873068	0.00927669082975579	0.0194111126750651	0.0365896112122096	0.0630360033379247	0.0961086031991796	0.129726003639544	0.154630365060374	0.159537968892955	0.138596764626042	0.0988294642228768	0.056224425163126	0.0236796597729809	0.00643581030131808	0.00084767702562762	
8.78899015758659e-06	1.75779803151732e-05	7.28230613057175e-05	0.000269319769828903	0.000772175563845108	0.00198128949552452	0.00455834696673116	0.0100357711899414	0.0208851517544708	0.0388153194609587	0.0652921523106883	0.0988102218466673	0.131849919204069	0.155615348590183	0.157758606618612	0.13545340516868	0.0955300451628537	0.05340880983262	0.0221438607020394	0.00590557360088693	0.000815492729621785	
6.28663931978563e-07	8.17263111572131e-06	3.52051801907995e-05	0.000115045499552077	0.000315589293853238	0.000888302135885709	0.00215191663916262	0.00491929526773225	0.0110802018011222	0.0223552894211577	0.0411303377496975	0.0681509422100681	0.101543684284973	0.133804831282317	0.155601238467946	0.156191553900074	0.131602621528596	0.0917252109953322	0.0512864035708111	0.0207679129929118	0.00554041523252707	0.000785201251041225	
1.26211392723787e-06	7.57268356342722e-06	4.98535001258959e-05	0.000140094645923404	0.000338246532499749	0.00097182772397316	0.00236520149964377	0.00541383769088684	0.0119591605175424	0.0237479356549078	0.0428746411652341	0.0709484723057496	0.104161000301014	0.135901272400156	0.155652093247501	0.15392552139504	0.128328588836729	0.0891412135099199	0.048803421338434	0.0192996151183579	0.00519486092451107	0.000774306894360433	
2.52595736941748e-06	1.89446802706311e-06	9.47234013531554e-06	5.8097019496602e-05	0.00015029446348034	0.000414257008584466	0.00107921528608362	0.00266804247144721	0.00582170024716493	0.0129808949214364	0.0254919617721612	0.0454722845642534	0.0734087415806683	0.106599189925472	0.137777713225534	0.155861673522536	0.1514747170612	0.125355686372081	0.0854461914246273	0.046079145822256	0.0183378190126285	0.00487636070166044	0.000632120831696723	
6.32173589810373e-07	4.42521512867261e-06	3.16086794905187e-06	9.4826038471556e-06	7.77573515466759e-05	0.000166893827709939	0.000430510214660864	0.00122452024346269	0.00287133244491872	0.00667891397634659	0.0143105135525374	0.027117086134916	0.0474983626704024	0.0762489853613884	0.108669375741224	0.138904974194674	0.15531999362769	0.149050095963951	0.122898971074265	0.0825353195384627	0.0436016446628113	0.0172298911902817	0.00457124722791881	0.00057591014031725	
1.26299702879949e-06	6.94648365839719e-06	1.38929673167944e-05	7.07278336127714e-05	0.000164821112258333	0.000508356304091795	0.00130909642035067	0.00315686107348432	0.00729822833091785	0.0151976432475443	0.0285431013523541	0.0495492679353472	0.0788116460956026	0.111360974023309	0.139989327675107	0.154066692558106	0.147580571316706	0.120211425702621	0.0792006491804728	0.0420647475426814	0.0162017258854399	0.0042083060999599	0.000483727862030205	
2.52496400348193e-06	5.04992800696385e-06	6.94365100957529e-06	3.4087014047006e-05	6.56490640905301e-05	0.000186847336257662	0.000530873681732075	0.00142407969796381	0.00348445032480506	0.00797699252800027	0.0162146875893601	0.0304277099649598	0.0517750181323978	0.0813366654441633	0.113303972210246	0.140444179042673	0.153832800671135	0.145983318825311	0.11657695679976	0.0766528572177043	0.0397852265618638	0.0155695592864704	0.00391306296439611	0.000466487099643286	
1.26222942534481e-06	3.78668827603443e-06	1.57778678168101e-05	3.78668827603443e-05	8.64627156361195e-05	0.000192489987365083	0.000600821206464129	0.00154686216076006	0.00395393367489262	0.00873399650867341	0.017373325810446	0.0318656129575424	0.0544633063594905	0.0834630274067875	0.115310969152375	0.142192038109231	0.15308823362352	0.143935176945632	0.113377864787459	0.0731815376226414	0.0379236830844848	0.0146210345484816	0.00360997615648616	0.000420953513352494	
3.15159552675137e-06	4.41223373745192e-06	2.83643597407624e-05	4.09707418477678e-05	9.20265893811401e-05	0.000235739345401003	0.000724236652047466	0.00178947594008943	0.00431579491433333	0.00913206319831478	0.0184689801058684	0.0341431252986137	0.056752671607528	0.0864110764715745	0.117870933338712	0.142720003428936	0.152735774012952	0.140786814732827	0.109868401977185	0.0704097956631524	0.0362036384540037	0.0135991346979322	0.00325181626450207	0.000411598375793729	
3.14387701656132e-06	2.51510161324905e-06	7.54530483974716e-06	2.51510161324905e-05	3.8355299602048e-05	0.000103119166143211	0.000260941792374589	0.00078911313115689	0.00198630149906344	0.00458503024095302	0.00977242731827919	0.0197064499152096	0.0361495554872286	0.0592048632004794	0.0889283340658567	0.120570827462143	0.143646884763703	0.151864350509591	0.138213636503682	0.106519583524324	0.0676392564605101	0.0340620211482319	0.0126000303069744	0.00293575235806496	0.000384810546827105	
6.27439563452649e-07	6.27439563452649e-07	6.27439563452649e-06	6.27439563452649e-07	1.00390330152424e-05	4.89402859493066e-05	0.000103527527969687	0.000270426451848092	0.000877787949270256	0.00223744948327215	0.00509041717829134	0.01069282504036	0.02106942054074	0.0381966383043069	0.061345393558329	0.0917586440780058	0.121630414254423	0.145089124652791	0.150561652525225	0.134947191549142	0.103061340374042	0.0651872060053496	0.0324436449470096	0.0121936604761388	0.00282159571684656	0.000354503353350747	
1.24999843750195e-06	1.24999843750195e-06	1.87499765625293e-06	1.06249867187666e-05	4.68749414063232e-05	9.99998750001562e-05	0.000376874528906839	0.000960623799220251	0.00247937190078512	0.00549436813203984	0.0114549856812679	0.022583096771129	0.0402486996891254	0.0641842947696315	0.0935555080556149	0.123968595039256	0.14550356812054	0.148373564533044	0.132459209425988	0.100267999665	0.0624367969540038	0.0311212110984861	0.0113724857843928	0.00267374665781668	0.000323124596094255	
1.24815507078599e-06	0	1.87223260617899e-06	9.36116303089496e-06	4.30613499421168e-05	0.000136672980251066	0.000399409622651518	0.00119073993752984	0.00267479631669439	0.00589254008918068	0.0125938846642307	0.0238154228281322	0.0419473715414403	0.0664854761555576	0.0962926674009979	0.126517366517616	0.145358891388666	0.147264200104221	0.129789405035682	0.0969323468747757	0.0599014581571614	0.0295157470364118	0.0104545468729035	0.0025218973205231	0.000259616254723487	
6.25240326750595e-07	0	0	3.12620163375297e-06	8.12812424775773e-06	5.43959084273017e-05	0.000162562484955155	0.000489563175845716	0.00124797969219419	0.00290924324037052	0.00643872488487763	0.0132257086317553	0.0252228200214457	0.0436117632715075	0.0692253584971723	0.0988805071949531	0.127700334816195	0.145408391350425	0.145303976215858	0.127141995204407	0.0944825667365894	0.0579516501655324	0.0277150279638736	0.0101407728595679	0.00239654617243503	0.000278231945404015	
4.38148459720386e-06	2.00296438729319e-05	5.19518887954172e-05	0.000219074229860193	0.000577730040459881	0.00145027140167448	0.00317908003845692	0.00697782718423266	0.0137954172174819	0.0266657152585827	0.0453890507951769	0.0712010024836758	0.101723050114169	0.129023454712975	0.144816828906782	0.144128935825021	0.12540121880383	0.0913871279493651	0.0555328135640748	0.0266312893081761	0.0094458548652005	0.00216507931738974	0.000212814966149902	
