# <P(N_2)> as a function of N_tot.
# number_of_species: 2
# species_total_upper_bound: 100
# species_total_lower_bound: 0
# volume: 512
# Bin widths for each species index 
1	1	1	1	1	1	1	1	1	1	1	1	1	1	1	1	1	1	1	1	1	1	1	1	1	1	1	1	1	1	1	1	1	1	1	1	1	1	1	1	1	1	1	1	1	1	1	1	1	1	1	1	1	1	1	1	1	1	1	1	1	1	1	1	1	1	1	1	1	1	1	1	1	1	1	1	1	1	1	1	1	1	1	1	1	1	1	1	1	1	1	1	1	1	1	1	1	1	1	1	1	
# Bin lower bound for each species index 
0	0	0	0	0	0	0	0	0	0	0	0	0	0	0	0	0	0	0	0	0	0	0	0	0	0	0	0	0	0	0	0	0	0	0	0	0	0	0	0	0	0	0	0	0	0	0	0	0	0	0	0	0	0	0	0	0	0	0	0	0	0	0	0	0	0	0	0	0	0	0	0	0	0	0	0	0	0	0	0	0	0	0	0	0	0	0	0	0	0	0	0	0	0	0	0	0	0	0	0	0	
# Bin upper bound for each species index 
0	1	2	3	4	5	6	7	6	6	7	6	6	7	7	7	8	9	9	9	10	10	10	10	10	11	11	11	12	12	12	12	12	12	12	12	12	12	12	13	14	14	14	14	15	16	16	16	16	16	14	15	15	15	15	15	16	16	17	17	17	16	17	17	17	17	17	17	18	18	18	18	19	22	22	23	23	23	21	21	20	20	20	20	20	20	20	20	20	20	21	22	23	23	23	24	25	24	24	25	22	
# Normalized histogram for each species index 
1	
0.920561965259179	0.0794380347408211	
0.847380312436554	0.146362202143135	0.00625748542031042	
0.780174495678714	0.201881728215366	0.0174729236480976	0.000470852457821803	
0.719099818848994	0.246829857401644	0.0322532398160621	0.00178456965023921	3.25142830600585e-05	
0.661786495285439	0.28416885392979	0.0496775468510369	0.00418154608653861	0.000182774479487044	2.78336770792453e-06	
0.608800860535168	0.315121017386587	0.067803247002105	0.00777129167291517	0.000483217897946602	1.57369813507514e-05	4.62852392669159e-06	
0.56058477023714	0.338417193295147	0.0870388380030396	0.012827671383828	0.00107513561684866	4.71469617018759e-05	2.77335068834564e-06	6.47115160613983e-06	
0.517552093974382	0.354572176912444	0.107371290472798	0.0183518407059122	0.00200258790311745	0.000139886654997175	1.01233763484797e-05	
0.475208289690809	0.368647026611833	0.126615692198003	0.0259438729570705	0.00329845606530024	0.000270124257158293	1.65382198260179e-05	
0.436249094102481	0.376973390663323	0.146918024405864	0.0340791545994856	0.00525993188933345	0.000496583014112303	2.29051205771357e-05	9.1620482308543e-07	
0.402221146097419	0.380700692017676	0.16507989307771	0.0434920842036008	0.00754502341796636	0.000909703225403325	5.14579602248345e-05	
0.370817838735972	0.382716401487481	0.181550373618366	0.0527877395030811	0.0105488997532518	0.00148214525575516	9.66016460920494e-05	
0.340854986530857	0.38314919977447	0.197228968053626	0.0626683642822661	0.0136893289750554	0.00220647034761812	0.000192547934301539	1.01341018053442e-05	
0.314064730001841	0.379425549213467	0.212464285284844	0.073657640058568	0.0170376187291712	0.00297557108858544	0.000357031532543979	1.75740909801441e-05	
0.28797953679968	0.375235230488835	0.226318587283477	0.0843338346644539	0.0213439254967623	0.00416191266466134	0.000561219197771423	6.57534043593581e-05	
0.264970907732509	0.367817658176749	0.238271093400222	0.0959252286549334	0.026542233147851	0.00552183009225915	0.000814787418347455	0.000123284103117419	1.29772740123599e-05	
0.245240857998695	0.358602971706507	0.248009223560116	0.106977356308203	0.0323946037724657	0.00741536419716472	0.00117333471736165	0.000158483599264488	2.5023726199656e-05	2.780414022184e-06	
0.225608499976801	0.349876119333735	0.256949844569202	0.118102352340741	0.0381867953417158	0.00935739804203591	0.00166194961258294	0.00021528325523129	3.43339674291282e-05	7.42356052521691e-06	
0.207759615929383	0.339437918707282	0.263984463307009	0.129125076508554	0.0452652002411122	0.0117156770322019	0.00229688198038966	0.000341792385274321	5.66558029938412e-05	1.67181058014613e-05	
0.191759336215182	0.32891057756151	0.270315873539149	0.139290805168755	0.05144053749112	0.0144550566232223	0.00318705861049073	0.000540462736394408	9.00771227324013e-05	7.42904105009495e-06	2.78589039378561e-06	
0.175007485647488	0.31929090755712	0.274782128259965	0.150442510690802	0.0584585035564937	0.0169458372847355	0.00417620333521517	0.000768495574893092	0.000107533759574908	1.76132882062349e-05	2.78104550624762e-06	
0.161411078684695	0.30594183871714	0.27885602578504	0.160693795219287	0.0662437295767005	0.0203914769628434	0.00522910795766541	0.00101088654192252	0.000193257721249894	2.41572151562368e-05	4.64561829927631e-06	
0.149092691585696	0.294589756967976	0.280404069287058	0.169981302372389	0.0735854696966602	0.0241852977601839	0.00649496538060906	0.00133687109034835	0.000275729662384347	4.45623696782783e-05	9.28382701630797e-06	
0.137980845503202	0.284448823463377	0.280985501921851	0.177781674362421	0.0809496904534604	0.0278791353664228	0.0079109945846751	0.00166810933074303	0.00032657090346026	6.21598026472654e-05	6.49430773926653e-06	
0.1261329382123	0.272833668315166	0.282597716934328	0.186478780314003	0.0877068617067116	0.0323482180171114	0.00927292725936675	0.00214240110159448	0.000409576681187179	6.20851530306358e-05	1.29730170511776e-05	1.85328815016823e-06	
0.116073496201251	0.261016927172586	0.281619650859697	0.194502235157461	0.0960515614608092	0.0362543837060448	0.0110711156149786	0.00275110553685462	0.000558557790815939	8.05879399684688e-05	1.48207705689138e-05	5.55778896334268e-06	
0.106994267175636	0.248792397571785	0.279802059313925	0.201223703793925	0.104055421915758	0.0414418703789311	0.013443025617319	0.00346940602108033	0.000656972629523723	0.000103344009138563	1.47634298769376e-05	2.7681431019258e-06	
0.0988698349185667	0.237587516968164	0.277868161864519	0.206343947798499	0.112015259581764	0.0461247989428292	0.0156370109454463	0.00447655002044024	0.000911736017356205	0.000147649557466592	1.19965265441606e-05	4.614048670831e-06	9.228097341662e-07	
0.0903635656984506	0.227370748071179	0.274622619925962	0.212149667526983	0.119082030837251	0.0518367560703775	0.0178507275632397	0.00520875924212507	0.00122569850573202	0.000237972948264314	3.58337644104565e-05	1.10257736647558e-05	4.59407236031493e-06	
0.0839026451619394	0.215831457477917	0.270192695551639	0.217068104299086	0.127026129652175	0.0572507109347202	0.0205857791103643	0.00618414878544269	0.0015439791672574	0.000336602093335736	5.48807760873482e-05	1.37201940218371e-05	9.14679601455804e-06	
0.0773107308281452	0.206351745089366	0.266426359678145	0.220661404772263	0.133735957212683	0.0625751720961179	0.0234747147573107	0.00715985654696405	0.00180230241391538	0.000416759584556498	6.58041449299734e-05	1.55370897751326e-05	3.65578582944297e-06	
0.0702412088711293	0.194508557622729	0.262663991752042	0.225451208880277	0.140694654470373	0.0687564665878097	0.0262551469693602	0.00856448383021428	0.00230624479128073	0.000467469689942266	7.40998921434903e-05	1.55518292153004e-05	9.14813483252967e-07	
0.0641957003835454	0.185096963682328	0.256719805497454	0.229172277726701	0.147094832772912	0.0746046542202323	0.0295241425463363	0.00992781019385433	0.00287134109432333	0.00066191487865959	9.76895062297602e-05	3.19545113835664e-05	9.1298603953047e-07	
0.0588332014885971	0.17509924894174	0.249700837290198	0.23165241951838	0.155531724035874	0.0798997371022049	0.0332093444728433	0.0115344352264776	0.00343466195070529	0.000842222957061245	0.00022197416330356	3.92793786915765e-05	9.13473923059918e-07	
0.0545598233842659	0.164924603785899	0.243864799999271	0.23306969193425	0.161844584352335	0.0859561505135037	0.0372072545897212	0.0130146544754168	0.00411823847317083	0.00108835253142231	0.00027710148203717	6.19832262451564e-05	1.27612524622381e-05	
0.0506070241035648	0.157511496840927	0.236829009793353	0.233477527144371	0.168109969387245	0.0911104742930182	0.040856429360953	0.0149734128446209	0.00472246102900706	0.00133004007405285	0.000387549296543442	8.09668718130666e-05	3.63896053092434e-06	
0.0463838896405532	0.148444780802886	0.230864093343097	0.233683515139306	0.1722351835165	0.0984039005480041	0.0454347054761393	0.0169746070549973	0.00543829894582481	0.00162069112585402	0.00040199673502426	9.80037186966594e-05	1.63339531161099e-05	
0.0426778143750148	0.139540657186143	0.224790798593745	0.234080050342925	0.177084147980554	0.104276966111282	0.0496818101627961	0.0189167904930442	0.00638380296419432	0.00193060024116589	0.000492880513759733	0.00011367170520289	3.00093301735631e-05	
0.0395108855122183	0.131959812683448	0.218164550077378	0.233110933776487	0.181096129077668	0.110556254838996	0.0540678643152461	0.0214821701004683	0.00710435411347771	0.00224044929646601	0.000535660256111417	0.000129801632026999	3.29074560068448e-05	8.22686400171119e-06	
0.0365325616908875	0.124227402172767	0.211307741340805	0.232143921710698	0.184707171780632	0.116200364114958	0.0586702008135264	0.0244351403034903	0.00835905220051086	0.00248643740570386	0.000691543269605573	0.000175178732751544	4.95269715632638e-05	1.28403259608462e-05	9.17166140060441e-07	
0.033627172236646	0.118375495899215	0.204044215875777	0.229865985137304	0.18884247495398	0.121138527476456	0.0628246493004435	0.0273023266955469	0.00986362656416701	0.0029353179743542	0.000867881208989849	0.000220194913958146	8.10759515829158e-05	9.21317631624043e-06	1.84263526324809e-06	
0.0302508696353291	0.111587919555852	0.197804141998203	0.227880854200742	0.192267041396945	0.126209772167062	0.0680522472298371	0.0300923771568108	0.0110907876246861	0.00333663525996913	0.00102651523877537	0.000294869727475869	7.46388997673294e-05	2.94869727475869e-05	1.84293579672418e-06	
0.0280554361739982	0.105335200306849	0.190327783246223	0.224725383907982	0.194923125979121	0.132046785247212	0.0722971630320759	0.0336045990397102	0.0129606780256293	0.00406575074055076	0.00117194179109306	0.000342894640769341	0.00010721234051009	3.5121283960202e-05	9.24244314742159e-07	
0.0262617044324741	0.0990091112792889	0.184708372286278	0.22180456009141	0.196875602843194	0.136883430530205	0.0766937111398003	0.0362577720399472	0.014669493537521	0.0048774651649379	0.00139024915045482	0.000409005920847616	0.000108511774918755	4.63725533840835e-05	1.85490213536334e-06	2.78235320304501e-06	
0.0235754633117302	0.093258699373829	0.177170814356695	0.219783139177906	0.198733352964071	0.142154098814446	0.0814180204599352	0.0394540673247608	0.0163504848389707	0.00580747819641203	0.00165529848784489	0.000433795956129946	0.000147694982922187	4.92316609740623e-05	3.71559705464621e-06	9.28899263661554e-07	3.71559705464621e-06	
0.0217807614578736	0.0873172431415364	0.171207693558503	0.215765290715231	0.200616042184487	0.146549281051825	0.0858770238565356	0.0431396780413018	0.0182768473135264	0.00665660061790053	0.00200701526167855	0.000583521103858394	0.000154242839554926	6.31838137935841e-05	3.71669492903436e-06	0	1.85834746451718e-06	
0.0200847396153982	0.0817553152905159	0.163927260823552	0.212652539677521	0.201915011150439	0.149786012011599	0.091373150040826	0.0468671823705889	0.0203330438001142	0.0077327688985524	0.00255930006119257	0.000708643403571488	0.000247374206496084	5.11488020950549e-05	3.71991287964036e-06	9.2997821991009e-07	1.85995643982018e-06	
0.0191723076808446	0.0768047209421021	0.15756684462095	0.208738325242809	0.20286136330615	0.154153363559483	0.0956193814939964	0.0499532450888716	0.0223902004686668	0.00876608015021179	0.00271215739454067	0.000914608022472161	0.000267303973981171	7.26470730680535e-05	3.72549092656685e-06	2.79411819492514e-06	9.31372731641712e-07	
0.0177911421911422	0.0726993006993007	0.149873193473193	0.20520372960373	0.204106293706294	0.157615850815851	0.100437296037296	0.0533855477855478	0.0243179487179487	0.00988997668997669	0.00326526806526807	0.000997668997668998	0.000315151515151515	9.41724941724942e-05	6.52680652680653e-06	0	9.32400932400932e-07	
0.016545642425971	0.0685316712567039	0.144091008982134	0.199427687042068	0.205420140366299	0.161748547007748	0.104766936769705	0.056861910795861	0.0263366827356933	0.0105952709368819	0.00403331011039468	0.00115117197910871	0.000359098326545689	0.000107542467585298	2.33787973011516e-05	
0.0150373199875912	0.0646605693867711	0.139509850458417	0.195278657153216	0.203747136060041	0.165367537404084	0.10927449346106	0.0605716293342204	0.0285179274231829	0.0115398559526969	0.00454119027774144	0.00136329148461415	0.000423283785147505	0.000130816180840288	3.27040452100721e-05	3.73760516686538e-06	
0.0136609673567995	0.060979688384581	0.134983212228448	0.191559029990041	0.201967074667748	0.167288228380956	0.113899938528917	0.0646277823138912	0.0306953706108432	0.0129584406897467	0.00500550250275125	0.001703066641007	0.000477381817638277	0.000162552712855304	2.33552748355322e-05	8.40789894079158e-06	
0.0122773017021972	0.0570630676909426	0.128608588040255	0.188459616597007	0.201185233614309	0.169444509304878	0.117854624419175	0.0686202629182525	0.0340383402993439	0.0142433511569804	0.00557685572185771	0.00180820510425666	0.000617367548509118	0.000163448291965349	3.36236486328718e-05	5.60394143881196e-06	
0.0114010976211996	0.0540154486922654	0.12263447723228	0.18411337737484	0.200949470290618	0.171360286238737	0.121353297988316	0.0723936155344148	0.0368625550907075	0.0161773338426991	0.00576111364758719	0.0021095198606077	0.000655032006186931	0.00017144507701052	3.07483018551475e-05	1.11812006745991e-05	
0.0105160352080024	0.0505793827985781	0.117342008092552	0.178749322672367	0.199501151689735	0.174433046512624	0.125001629310457	0.0763290052640693	0.0398380372302095	0.0175295184503116	0.00673231080912488	0.0023927587857075	0.000811862124956009	0.000187137943940548	4.18965546135555e-05	1.48965527514864e-05	
0.00939661118049472	0.0471200626316476	0.112107853188436	0.173194214028743	0.198359647324175	0.176696739799057	0.129164724961321	0.0800864913229072	0.0425606278077059	0.0193542975376069	0.00792402184651518	0.00278300743750816	0.000932018565809831	0.000257237124163513	4.66009282904915e-05	1.39802784871475e-05	1.86403713161966e-06	
0.00902720469962934	0.0445849360095112	0.106814928782899	0.167607991234818	0.196365246986969	0.178596172226496	0.133636384828776	0.0831843718674966	0.0453271790568105	0.0213907732475464	0.00886775298971956	0.00324125230202578	0.000946453131920647	0.000305848893862042	7.8327155745157e-05	1.8649322796466e-05	6.52726297876308e-06	
0.00829435075382873	0.0414373026041356	0.101751981407544	0.163271519873667	0.193513124962755	0.180429131160241	0.136697567189083	0.0882769203265598	0.0483852645849473	0.0230236204636196	0.00961466837494786	0.0036425123651749	0.0011294395447232	0.000387342828198558	0.000104284607591919	2.14155890590549e-05	1.30355759489899e-05	6.51778797449496e-06	
0.00774552725369512	0.0393162106612056	0.0965727648375227	0.157988453883986	0.190320000074503	0.181114212302136	0.14138357821567	0.0919144592798718	0.0516474029620565	0.0251801810611289	0.0106846740629607	0.00414144038682003	0.00137458196783143	0.000458193989277143	0.000123861383280203	1.67631947296516e-05	1.49006175374681e-05	2.79386578827526e-06	
0.00695832070915948	0.0372832901787955	0.0922621094483344	0.153663922496557	0.1878542126326	0.181510216751644	0.143526168750662	0.0961683231441535	0.0546349460676705	0.0274931271828978	0.011740946376227	0.0045354087165351	0.00165337953006474	0.000531609382347966	0.00014219621590776	3.25285461226902e-05	7.43509625661491e-06	1.85877406415373e-06	
0.0064953471009002	0.034750848044819	0.0883661775086101	0.148397190660484	0.185151666169542	0.180653462301606	0.146564005846924	0.0999849936361902	0.0585590926522544	0.02986081134407	0.0132565476841105	0.00525593260845803	0.00188320602625928	0.000619707246221083	0.000163958419403784	2.31579688423424e-05	1.38947813054054e-05	
0.00626397464016894	0.0324030960343295	0.0836620530084221	0.145372396072228	0.182165834095481	0.181027013853947	0.148103155430894	0.103569631583776	0.0617613073545178	0.0319898219678332	0.0146842020891653	0.00580992914110344	0.00222204307501851	0.000707013705687708	0.000210343527118099	3.52116917642633e-05	1.2046105077248e-05	9.26623467480613e-07	
0.00556656611931084	0.0303792680869367	0.079423450214227	0.139705514283966	0.180057324970661	0.18239240907633	0.150804347946999	0.106170777242802	0.0649327655219594	0.0340482886864758	0.0164030620285105	0.00652043731610865	0.0024073892109659	0.000858391378265085	0.000246578948832087	6.21082314727438e-05	2.03937476477666e-05	9.26988529443937e-07	
0.00526650869302917	0.0282675197366653	0.0760497570622464	0.134442855646878	0.175271967031266	0.182959049489242	0.15463500027338	0.109982271984639	0.0673720186491679	0.036706166254125	0.0173749377944051	0.00758977761673569	0.00270785472479874	0.000927639486489918	0.000313228917516076	0.000116765809488241	1.48274043794592e-05	1.8534255474324e-06	
0.00486042174990027	0.026446112312017	0.0728061304956907	0.13014315004314	0.172396997838369	0.181680876527289	0.156664409169767	0.114058948501239	0.0707344905324291	0.0382265351752034	0.0187366057760996	0.00863446177253709	0.00309771869114659	0.00101958455872121	0.000328419411999369	0.000128955644824611	3.06153689151954e-05	5.56643071185371e-06	
0.00433731447016563	0.0247964677089354	0.0687048080264476	0.126331252636489	0.170426353924117	0.180795768981326	0.157465514261662	0.116245231091149	0.0746895215016697	0.0412054166256288	0.0202157135662797	0.00931481952943669	0.00370084051728143	0.00118467779551439	0.000423696529219265	0.000128223949632146	2.41581354379405e-05	1.02207496083595e-05	
0.00393462751262708	0.0228180490572707	0.064991116857507	0.121396746258383	0.167139814151637	0.180160361650869	0.159626814998093	0.119482452305431	0.0783855934962375	0.0439599281907225	0.021994846847182	0.0100058600835294	0.00409926795464481	0.00133758731989545	0.000475317886277173	0.000133014594398504	4.4648255462435e-05	1.39525798320109e-05	
0.00378020138129898	0.0214357137874102	0.0613659512127061	0.116415133827872	0.163623003046299	0.179159593516731	0.161918935888194	0.123007232053578	0.0809720252075437	0.0467065088482199	0.0239248424528521	0.010642978396856	0.00461270143943446	0.00173011185266144	0.000487407855265912	0.00014696649070995	4.83687184615027e-05	1.58128502662605e-05	6.51117363904844e-06	
0.00325866795422578	0.0200031505428162	0.0583046164773389	0.112075434061842	0.159425855516852	0.179445784098334	0.163055504548247	0.125684287646423	0.0841260179841932	0.0491018622690806	0.0257822527499671	0.0118732586959176	0.0050977274146627	0.00193413501287714	0.000608669958269289	0.000165916160140786	3.82166436279339e-05	7.45690607374321e-06	1.11853591106148e-05	
0.00310797848093124	0.018756006909519	0.0551847960750352	0.107993396244883	0.15537561886899	0.177213502460561	0.165015572519653	0.129540431220362	0.0875995014556414	0.0517365620015605	0.0271523962849683	0.0128364918063657	0.00544875051620968	0.00210399143115231	0.000685172220601218	0.000195763491600348	3.7288284114352e-05	8.3898639257292e-06	8.3898639257292e-06	
0.00293334125960906	0.0171096092469914	0.0528763092287858	0.103396099529254	0.151515714460871	0.175031674140897	0.165978071462807	0.132089527284346	0.0913004789204412	0.0553164255964213	0.028995307397073	0.0139663455286516	0.00603016195610577	0.00233329741739644	0.000839689834922923	0.000219211063099347	6.22336492697299e-05	5.57316262116984e-06	9.28860436861641e-07	
0.00262691339067478	0.0162659070593777	0.049931754032632	0.0991495217218754	0.14795466093994	0.172185688375561	0.167226728681481	0.134974945570132	0.0942805057619625	0.0580341081476042	0.0312698200754415	0.0151606191096127	0.00675968888740528	0.00280031007406913	0.00100978068564943	0.000265194927544295	9.08709891585346e-05	1.11270598969634e-05	0	1.85450998282724e-06	
0.0023550079043035	0.0156829941631906	0.0475663212468981	0.0954034079225406	0.143745737305428	0.170612925466931	0.166810113414427	0.137246436550169	0.0972578254465536	0.0608235921360787	0.0337461187962383	0.0165325090650591	0.00747442848489529	0.00301377740104268	0.00120867454274605	0.000378699414085943	0.00011444724307757	1.39569808631183e-05	7.44372312699643e-06	2.79139617262366e-06	9.30465390874554e-07	0	1.86093078174911e-06	
0.00206617723705568	0.0142435929891442	0.0450296338212738	0.0910141765818355	0.140243176030855	0.168360869953688	0.168232431909222	0.140084024540974	0.100612593629473	0.0631496359060653	0.035926354742156	0.0176574389826218	0.00805622980358286	0.00334031986657335	0.00133091596801334	0.000466285944038241	0.000144260122407041	2.51291826128393e-05	5.58426280285319e-06	6.51497326999538e-06	1.8614209342844e-06	9.30710467142198e-07	1.8614209342844e-06	
0.00194972267919656	0.0129643050771039	0.0421123330905107	0.087950844258798	0.135225797076068	0.167442332736524	0.166840554976963	0.142921286351196	0.104566803852123	0.066491784708883	0.0376716603663206	0.0194236347749295	0.00868106337669984	0.00362184509159877	0.00142619465926896	0.000474156160397062	0.000159294112824946	3.6330236258321e-05	2.1425523947215e-05	8.38390067499716e-06	4.65772259722064e-06	2.79463355833239e-06	1.86308903888826e-06	9.31544519444129e-07	
0.00189060388495815	0.0119620277332032	0.0393282861349817	0.0839120785373618	0.13198277780934	0.164028979325362	0.167298885847573	0.144523162691587	0.107378850009919	0.0698443092357397	0.0405623009860012	0.0208692866276563	0.00974080100136813	0.00425898106695252	0.0015478737225618	0.000593258460452385	0.000173227745124244	6.33305734862829e-05	1.49013114085371e-05	1.49013114085371e-05	2.79399588910072e-06	4.65665981516786e-06	1.86266392606714e-06	1.86266392606714e-06	
0.00172146141204428	0.0111388679602865	0.0368781069684349	0.0807108065599478	0.127979925883329	0.161749554770436	0.167574467373522	0.145459308758458	0.110778317947327	0.0727872531960376	0.0428321524027532	0.0224979120428907	0.0104913457777745	0.00467479429325787	0.00175583489949471	0.000628941919025354	0.000215531056445911	6.78179617265152e-05	2.41543425327315e-05	9.29013174335825e-06	9.29013174335825e-06	1.20771712663657e-05	1.85802634867165e-06	9.29013174335825e-07	
0.0017214516647199	0.0102646430169787	0.0348217916839214	0.0762759076618527	0.124660398626553	0.159725459100203	0.166423707379215	0.147130263937352	0.113144128401353	0.0762220542656532	0.045607327033105	0.023967546829242	0.0118050358496487	0.00504364910612647	0.00206592769903008	0.000736305917002631	0.000262767433180006	7.2423532819931e-05	2.87837117617674e-05	5.57104098614853e-06	5.57104098614853e-06	9.28506831024756e-06	
0.00148722050671528	0.00976877860039436	0.0327579151010082	0.0730635440306559	0.120401614643402	0.156722720339298	0.16627385691432	0.14855742401131	0.115369805424309	0.079359351166338	0.0479017076528145	0.0262091223631832	0.0127134566018081	0.00579727668440046	0.0023047732430522	0.000870568101491871	0.000289259273038431	0.000114401577439637	2.23222590126121e-05	5.58056475315302e-06	7.44075300420403e-06	1.86018825105101e-06	
0.00128350919055964	0.00900134223183327	0.0308843816412513	0.0702182990939935	0.116712650535029	0.151937847209276	0.165888669326274	0.150652473807837	0.118223593452891	0.0822182245255583	0.0503318295365572	0.0280750158457925	0.0140673352969688	0.00647999701726259	0.0025549010104023	0.000966593341038738	0.0003197121658402	0.0001370194996458	4.10126393497632e-05	4.66052719883673e-06	9.32105439767346e-07	
0.00118426357283641	0.00842142985128113	0.0293042241533775	0.0669916158991817	0.113155497819984	0.149890999223556	0.163393843695873	0.151746252165084	0.121163508630472	0.0851699217583468	0.052965231738637	0.0302103864301499	0.0148438899838739	0.0069590649823807	0.00297325748073822	0.00110027324852177	0.000349959684644329	0.00012505226064624	4.75945171116287e-05	2.79967747715463e-06	9.33225825718211e-07	
0.00117596660254849	0.00791350858968939	0.0279030742193588	0.0643085736365087	0.109989276304553	0.146855829294448	0.162065930660903	0.152044081948073	0.123612756064394	0.0879632351774543	0.0558565470073983	0.0318938942134043	0.0159679465103191	0.00744498856232483	0.00315551038350511	0.00123009839853881	0.000408788390409712	0.000162395387970982	4.10655004064551e-05	4.66653413709717e-06	1.86661365483887e-06	
0.00103357387812418	0.00761782228691525	0.0261586624601673	0.0615251890450506	0.106482384894696	0.143979548868811	0.162049818821128	0.153362009484231	0.125450846419511	0.0902495796145993	0.0581275600093741	0.0330304815595295	0.0172318333285094	0.00813694340366055	0.00349566449837121	0.00130153747615637	0.000504182379572771	0.000188601556803148	5.88212776168233e-05	1.40050660992436e-05	9.33671073282909e-07	
0.000934872425942476	0.00710091288093244	0.0250057318254343	0.0588483008061988	0.102280096762571	0.141497948240447	0.160581885560011	0.154296061651046	0.12808220139529	0.093007172970115	0.0605589582582737	0.0346847963915234	0.0182398382923371	0.00842976057346329	0.00400245181757354	0.00156467136754336	0.000551191049930048	0.00020400619505051	9.73240563543719e-05	2.4331014088593e-05	7.48646587341322e-06	
0.000815777569020308	0.00639696991550942	0.0236819010708134	0.0563158136280747	0.0985910744006002	0.138590400049452	0.159933613875899	0.154805735356512	0.129375204295617	0.0960472720154576	0.0629113424926454	0.0365423394177914	0.0194990507570997	0.00925265970648866	0.00434300871130559	0.00183948007526508	0.000670604752489714	0.000255691476857112	8.89768875510095e-05	3.09077609387717e-05	1.21757846122434e-05	
0.000750930704638917	0.00586793357353128	0.0220457150133707	0.0534143938996712	0.0956556505194718	0.134846368191999	0.158311548228103	0.156331225983326	0.131438154021318	0.0990825911416394	0.0652972636909087	0.0384444685807597	0.0205925423779597	0.0101179017385638	0.00460951603358776	0.00201590250260298	0.00080336476880323	0.000274342514288282	7.49058059490191e-05	1.87264514872548e-05	6.55425802053917e-06	
0.000772046288965092	0.00545034624679371	0.0208574597798635	0.0513476528196126	0.0917448340053517	0.13126383601812	0.155516608857118	0.155829372134764	0.134301302804632	0.10199370152991	0.0685336661961129	0.0405286732544193	0.0222522149369355	0.0111608589437618	0.00487365960272489	0.00214989532292104	0.000922322938885304	0.000338122462320478	0.000119282090874169	4.13260787280584e-05	2.81768718600398e-06	
0.000752026555878781	0.00512170658131747	0.0191997946788224	0.0490638354486636	0.0893571729840357	0.128542757474738	0.153629495292993	0.155489274893542	0.136021505883641	0.104611894852156	0.0710169720221588	0.0424644957600611	0.0234543589704879	0.0119682620260558	0.00544063377816443	0.00236742111505629	0.000973765879130367	0.00033496791384814	0.000140592166657388	4.52914362386217e-05	3.77428635321848e-06	
0.000644256856328832	0.00474218389849081	0.0181950605714804	0.0462211784799317	0.0858032995019762	0.125614027795621	0.151425867007247	0.155408545755462	0.137850184775134	0.106724643486015	0.0735454153850804	0.04553535666513	0.0252752733840678	0.0129134768709899	0.00574918948330978	0.00264882144449567	0.00107502097141087	0.000439266038406022	0.000132252140595361	4.62882492083765e-05	1.0391239618207e-05	
0.000608066575251785	0.00447964442763251	0.0170807130360774	0.0438829259066623	0.08289942786893	0.123059246300061	0.14951439784387	0.155298122842688	0.138560688448626	0.108659511087995	0.076163411981654	0.0471956120856778	0.0270565984207291	0.0141226535533595	0.00668116695824862	0.0028341765568112	0.00120194808265166	0.000467161567922833	0.000160764102321623	6.24142985483947e-05	7.56536952101754e-06	3.78268476050877e-06	
0.000494239842145076	0.00416236722020271	0.0162797322050077	0.0419453053817437	0.0796169452582215	0.120837868581249	0.148243656469354	0.154318845063355	0.139270939640488	0.111117189548525	0.0784530292940859	0.0497682543335591	0.0281301699468221	0.0150516782460899	0.00712686306726755	0.00311918159918658	0.00129219195369991	0.000534797691786752	0.000163174604372325	5.84787599484632e-05	5.65923483372225e-06	8.48885225058337e-06	9.43205805620375e-07	
0.000447480402713521	0.00384173701529629	0.0156806553750875	0.0395789350720067	0.0768667704821201	0.117036379685709	0.146749078425886	0.154532411241085	0.140073612881406	0.112956300476967	0.0807395956096049	0.0516703265853289	0.0303203300238625	0.0160292190572012	0.00774659231897534	0.00341027170067989	0.0014715039769232	0.000556759827376192	0.000187470737136823	6.02920963656113e-05	2.73198561656676e-05	8.47857605141408e-06	4.71032002856338e-06	3.7682560228507e-06	
0.000404708167763771	0.00363578523737546	0.0145930235841332	0.0379691555905257	0.0727966463810619	0.113461346605251	0.144429050893464	0.15390675147342	0.141756094622652	0.115422769446227	0.0836381193682035	0.0541800706639285	0.0317432380794621	0.0171709204946099	0.00861840160979733	0.00382778632161688	0.00153036158321835	0.000625885887355599	0.000176000993887965	5.64709071298285e-05	3.48237260633942e-05	1.50589085679543e-05	5.64709071298285e-06	1.88236357099428e-06	
0.000394212583828837	0.00329918388609134	0.0133741312070883	0.0361868379927071	0.0701219712506394	0.109670879422572	0.140825875363121	0.153125307978581	0.143386379955229	0.117808553474468	0.0866976717992519	0.056664304519835	0.0341801082207403	0.0183121131202395	0.00899367851963789	0.00417865338858567	0.00167540348127256	0.00075557411900527	0.00021681692110586	6.66406986948748e-05	2.62808389219224e-05	2.81580417020598e-05	6.57020973048061e-06	4.69300695034329e-06	
0.000375321971965976	0.00294454594465077	0.0123584820893734	0.0339820818857074	0.0679192374505811	0.106389271594585	0.137837696178268	0.151388597699772	0.144276199532766	0.121045547801605	0.0890467757877082	0.0594524979034384	0.036243373367677	0.0195158065772134	0.00971718881035102	0.00448140050317479	0.00187286599976039	0.000756259734036181	0.000254582484725051	7.01973763028633e-05	2.90149155385168e-05	2.33991254342878e-05	1.12315802084581e-05	3.74386006948604e-06	4.67982508685755e-06	
0.000359156197496728	0.00289004129829835	0.0119911526301895	0.0320460615491106	0.0659690640576068	0.102940696315244	0.135067917836256	0.150442601708837	0.145141083084489	0.121657865007645	0.092250901855205	0.0611199889547808	0.0383644120053323	0.0208357238210115	0.0105274745162353	0.00497874448322088	0.00215680293146087	0.000854511888070137	0.000253741521348338	8.1159971901858e-05	4.66436620125621e-05	1.21273521232661e-05	9.32873240251241e-07	9.32873240251241e-06	9.32873240251241e-07	9.32873240251241e-07	
0.000334614161986716	0.00275220148234074	0.0112792857103022	0.0305893113082856	0.0624064706943058	0.100266204155536	0.132849258178993	0.148886571375989	0.145229982172501	0.124357494334796	0.0934410047347904	0.0641808552366187	0.0402670964599681	0.0226078340611191	0.0112922984832684	0.00541238407013513	0.00241386938522084	0.000913682558980394	0.000381088351151537	9.6666313462829e-05	2.41665783657073e-05	1.11538053995572e-05	2.7884513498893e-06	1.85896756659287e-06	1.85896756659287e-06	
0.000287972414100616	0.00261218847887397	0.0104784801001772	0.029126087328099	0.0594895270935595	0.0969538092247783	0.129872771929564	0.147989952549578	0.145236564693467	0.126876929879646	0.0961270497133281	0.0667510766452514	0.0418256707899362	0.0238376132846319	0.0123856006361404	0.00580682438884822	0.00263076734429982	0.00112123452844982	0.000401303493198277	0.000140270433965139	3.80866741229847e-05	7.43154617033847e-06	9.28943271292309e-07	0	1.85788654258462e-06	
0.000322029418225004	0.00245151875030248	0.0102155921804556	0.0273436482024057	0.0573640496036991	0.0941238007661694	0.126939156915814	0.145682944354061	0.14603568756073	0.127936889679795	0.0991012959357281	0.0693238126793964	0.0440109973977045	0.0252309118458428	0.0129872789072593	0.00623489905401532	0.00288058106764851	0.00112524152206367	0.000449538176308314	0.000183352009798629	4.56053222341768e-05	9.30720861921976e-06	9.30720861921976e-07	0	0	9.30720861921976e-07	
0.0002254295737518	0.00222541839542583	0.00945686377160444	0.02652150989375	0.054816647508258	0.091206756180217	0.124719377441766	0.144449122780869	0.145164535643024	0.129739377329982	0.102249079185398	0.0709488349389756	0.0454184699480022	0.0271549483654493	0.0135499941313789	0.00679083302748191	0.00311036920147628	0.00147926513685066	0.000472284272281664	0.000229155682408855	4.65763582131819e-05	1.86305432852727e-05	6.52069014984546e-06	
