# <P(N_2)> as a function of N_tot.
# number_of_species: 2
# species_total_upper_bound: 100
# species_total_lower_bound: 0
# volume: 512
# Bin widths for each species index 
1	1	1	1	1	1	1	1	1	1	1	1	1	1	1	1	1	1	1	1	1	1	1	1	1	1	1	1	1	1	1	1	1	1	1	1	1	1	1	1	1	1	1	1	1	1	1	1	1	1	1	1	1	1	1	1	1	1	1	1	1	1	1	1	1	1	1	1	1	1	1	1	1	1	1	1	1	1	1	1	1	1	1	1	1	1	1	1	1	1	1	1	1	1	1	1	1	1	1	1	1	
# Bin lower bound for each species index 
0	0	0	0	0	0	0	0	0	0	0	0	0	0	0	0	0	0	0	0	0	0	0	0	0	0	0	0	0	0	0	0	0	0	0	0	0	0	0	0	0	0	0	0	0	0	0	0	0	0	0	0	0	0	0	0	0	0	0	0	0	0	0	0	0	0	0	0	0	0	0	0	0	0	0	0	0	0	0	0	0	0	0	0	0	0	0	0	0	0	0	0	0	0	0	0	0	0	0	0	0	
# Bin upper bound for each species index 
0	1	2	3	4	5	6	7	6	6	6	6	6	7	7	7	8	8	8	8	8	9	9	10	10	11	11	11	12	12	12	11	11	11	11	12	11	12	12	13	13	14	14	14	15	16	16	16	16	16	14	15	15	15	15	15	16	16	17	17	17	16	17	16	17	17	17	17	18	18	18	18	19	22	22	23	23	23	21	21	20	20	20	20	20	20	20	20	20	20	21	22	23	23	23	24	25	24	24	25	22	
# Normalized histogram for each species index 
1	
0.920042521846282	0.0799574781537178	
0.84711031294233	0.146631525915162	0.00625816114250854	
0.779753244385742	0.20205824588196	0.0176966495031524	0.000491860229144954	
0.719720202905769	0.246007893812193	0.0323734994422479	0.00187623021003544	2.21736297549643e-05	
0.661270198352214	0.284192757182822	0.0502665235194418	0.00410154349803798	0.000163856918773053	5.12052871165791e-06	
0.610457777231911	0.313583203690057	0.0678597259750539	0.00762507164496848	0.000455457299598788	1.0234995496602e-05	8.52916291383498e-06	
0.561763939928817	0.338083379999762	0.0862923253157856	0.0127778070920489	0.00101786714280608	4.93614500691911e-05	3.40423793580629e-06	1.1914832775322e-05	
0.51937270772733	0.35379790059441	0.106211373888116	0.0183921419838961	0.00210952320728468	0.000102862442561443	1.34901564015008e-05	
0.475422211387308	0.369439377253966	0.125716015030641	0.0258379078154291	0.00332893398454904	0.000245466849365737	1.00876787410577e-05	
0.437097694398765	0.37660334933047	0.146763096956069	0.0337215155888177	0.00527234285330738	0.000511796489579488	3.02043829915763e-05	
0.403181978887823	0.380568042157011	0.164791151068236	0.0429415627051871	0.0075475192349782	0.000887250197821439	8.24957489435493e-05	
0.370906280180163	0.382965660365232	0.182074653144826	0.0521259520229483	0.0104661212601968	0.00136830835479948	9.30246718343281e-05	
0.340764352775079	0.383755810685906	0.197160424023483	0.0623068042158579	0.0137729761207472	0.00205849790595238	0.000177748585629111	3.38568734531641e-06	
0.314183880994973	0.379541079724389	0.212878947619015	0.0731436072888538	0.0170624205034723	0.00288398098204994	0.000295880124337671	1.02027629081955e-05	
0.28863448444821	0.373797590246658	0.22728138855146	0.0844026145925843	0.0212257008598484	0.00410699277618421	0.00048827958855214	6.29489365032376e-05	
0.265247416686218	0.366327325152415	0.239115059894797	0.0964760165794511	0.0264332758696901	0.00553895116950415	0.00074294710284632	0.000102006467210021	1.70010778683369e-05	
0.245029066569637	0.359592814168578	0.247709791245335	0.106817739492456	0.032378550817841	0.00730091303722383	0.00103404215710333	0.000108312108109023	2.87704037164592e-05	
0.224541752391097	0.350693625833852	0.257570180958406	0.11817844137297	0.0381133784386592	0.00930827381386505	0.0014077746475051	0.000164523061214452	2.20494824308028e-05	
0.207311110960216	0.340159843551596	0.26367904990188	0.129029191479537	0.0456885019929517	0.0117743720674412	0.00205576190508525	0.000246148204985435	5.601993630703e-05	
0.191923518892493	0.329047929883252	0.270192902651137	0.139453249835111	0.0514894369309644	0.0142739122452726	0.00306828767449292	0.000453868592293413	9.68932949839871e-05	
0.174618753215616	0.319337162922827	0.275620072573155	0.15038977930901	0.0582011570273194	0.0167814807708308	0.00418900263701706	0.000740334474965318	0.000115465009856976	6.79205940335154e-06	
0.161328883288492	0.304888805639751	0.279726186016415	0.161025780744474	0.066238122807615	0.0202329462248408	0.00532643122296768	0.00105575043421994	0.00016176821169499	1.53254095289991e-05	
0.149568251674856	0.293863176331877	0.280201936904089	0.170285015232163	0.0735301133381949	0.0243016036366362	0.00659038090629664	0.001363057064384	0.00026068466356344	3.066878394864e-05	5.11146399144e-06	
0.138336632380446	0.284267040388179	0.280831598563082	0.177328470861827	0.0809161632849303	0.0282081315117819	0.00814787914746485	0.00159752307201811	0.000323937442565039	3.92134798894521e-05	3.40986781647409e-06	
0.127101274499632	0.272177875448405	0.282005793334773	0.187029801825768	0.087255513958603	0.0324807753475406	0.00935506202406122	0.00215166426553408	0.000358894197650349	7.31395758244786e-05	6.80368147204452e-06	3.40184073602226e-06	
0.116228718649414	0.260234931835099	0.281282608178429	0.194828236685667	0.0967275409312301	0.036228854605337	0.0110481182000795	0.00279389421949404	0.000521730854856855	8.15735538538406e-05	1.35955923089734e-05	1.01966942317301e-05	
0.106532862679674	0.247915458666911	0.280025363756277	0.201623212584221	0.104315229443659	0.041719649112099	0.0135770695367045	0.00350107999416769	0.000656134604233848	0.000115289801260728	1.52589442845081e-05	3.39087650766847e-06	
0.0980377826689215	0.23714870870973	0.277599789246471	0.206920873947295	0.112768434560179	0.0460309501754863	0.0158252105410757	0.00452440236927757	0.000944991629345729	0.000178460649426801	1.35970018610896e-05	5.09887569790861e-06	1.6996252326362e-06	
0.0894009903337465	0.227321221727733	0.274929382836473	0.212457748243885	0.119310830674606	0.0520890487512447	0.017617034824253	0.00526665176424367	0.00129041435509764	0.000259098945314881	4.40298861319406e-05	5.08037147676238e-06	8.46728579460397e-06	
0.0834162378357632	0.216319309426537	0.270470678739582	0.217051562392161	0.126647779590174	0.0573109987762117	0.0206461669503095	0.00607685794460801	0.00163620662663684	0.000350134751379076	6.39669257327159e-05	1.68334015086094e-06	8.41670075430472e-06	
0.0766598819116188	0.207626961831547	0.266185005130621	0.220132218614901	0.133826770064091	0.0622790048278298	0.023745521220583	0.00720473699261527	0.0018116978148603	0.000432317862970377	8.91550456709338e-05	6.72868269214595e-06	
0.0702058278943129	0.194259219707277	0.26394539060884	0.224819759746932	0.139792776263279	0.0683222815128241	0.0266555447737474	0.00899897918513075	0.00238470425799204	0.000507884827865723	0.000102586008277514	5.04521352184493e-06	
0.0643328830227309	0.184491974122524	0.257787996005941	0.229589602020524	0.146375559042433	0.0739907868128917	0.0293848645292296	0.0101462530521829	0.00307777507404952	0.000666235934786074	0.000124185035703198	3.18853470048751e-05	
0.0589014253976897	0.175339712500546	0.249743724183362	0.231730475143767	0.155135095166554	0.0798370589955332	0.0331679724129587	0.0113736047672343	0.0035811394442932	0.000877219516621797	0.000262157556691572	5.04149147483792e-05	
0.053792385783405	0.165606534119426	0.24432848605711	0.23390059626182	0.16129350670209	0.0851663978692507	0.0370589101324357	0.0131130756001098	0.00420093554884863	0.00116274400894058	0.000306161372138311	5.85554536876552e-05	1.1711090737531e-05	
0.0503732464428078	0.157351085352581	0.237807728004166	0.233778135370275	0.16795422222519	0.0901383482342572	0.0406948793793025	0.0151368459006323	0.00484085279133587	0.00142554768406925	0.000413976376638378	8.51322387441826e-05	
0.046616601422066	0.148271683843306	0.231588373145855	0.234219794412932	0.171997749727038	0.0977171047375569	0.0451003302175708	0.0168803760219435	0.00544592687278634	0.00166440307847993	0.000384477111128865	0.000106521797022716	6.65761231391974e-06	
0.0434173225984398	0.139391404196741	0.224997791802839	0.234320550232736	0.17676576611109	0.103733603094476	0.0497652644753574	0.0187555100768786	0.00632627654627965	0.00189488314887249	0.000508301988044071	0.000114992908770626	8.3328194761323e-06	
0.040291008305904	0.13245369408263	0.217569098551327	0.233488747812913	0.181397523647358	0.110552654336299	0.0534822452085191	0.0210094455356604	0.00686125319264468	0.00220384659216604	0.000517862050934833	0.000130722459459278	3.51945083159595e-05	6.70371586970658e-06	
0.0372560674768423	0.125018733276867	0.211097509021441	0.231826195604037	0.184254617647505	0.11678956257588	0.0583467904213598	0.0238236765045137	0.00822411903082024	0.00248710561190039	0.000644929891237541	0.000154917885101446	6.3987822107119e-05	1.17872303881535e-05	
0.034090563358856	0.119382046211314	0.204766492571371	0.229009685107246	0.187919814749083	0.122064465966905	0.0621925865828305	0.0268427902574244	0.00968341700049017	0.00289201020908338	0.000792725182969085	0.000246775856531954	9.97244899683924e-05	1.35219647414769e-05	3.38049118536923e-06	
0.0300992608236536	0.112427455121436	0.198594297782471	0.227695036958817	0.19167560718057	0.126256388595565	0.0679484688489968	0.0296565997888068	0.0109719112988384	0.003340232312566	0.000920802534318902	0.000295670538542767	6.75818373812038e-05	4.73072861668427e-05	3.37909186906019e-06	
0.0279615979801271	0.106179073681924	0.191604563718304	0.223979543356681	0.195122033990335	0.131215385241896	0.0723838708801651	0.0334643264375305	0.0126055410761796	0.00388567627735245	0.00114025085518814	0.000308817939946788	9.50209045990118e-05	5.26008579030244e-05	1.6968018678395e-06	
0.0258155270776422	0.099737711387272	0.184791002582063	0.222579613609071	0.19626570414797	0.136936087987454	0.0761606526257778	0.036012804855231	0.0146265874244347	0.00497531901575433	0.0015121567880361	0.000435446724113883	9.52539708999119e-05	5.10289129820957e-05	0	5.10289129820957e-06	
0.0232352440891308	0.0932743663888416	0.177392413675795	0.220933832284402	0.198079605375064	0.142699438680048	0.0811617622044565	0.0387429835005953	0.0162204456540228	0.00580540908317741	0.0017877189998299	0.000450756931450927	0.000151386290185406	4.93281170267052e-05	6.80387821058003e-06	1.70096955264501e-06	6.80387821058003e-06	
0.0214562896846005	0.0870119720000613	0.171480042977284	0.216735599459889	0.200057212231839	0.146933271126383	0.086235520282247	0.0427457103596708	0.0181206122389905	0.00640913216195829	0.0020364830142673	0.000584041533355923	0.000146436069587782	3.7460389894549e-05	6.81097998082709e-06	0	3.40548999041355e-06	
0.0198803872170013	0.0821022006231039	0.164282757669135	0.2125741617992	0.201675805410341	0.149538122954855	0.0919154908944726	0.0469337939328281	0.0201273802892715	0.00748474179003545	0.00249207492918112	0.000684767000362824	0.000269137278749568	3.06612089714697e-05	3.40680099682997e-06	1.70340049841499e-06	3.40680099682997e-06	
0.019436163550453	0.0771730023326809	0.158059182179478	0.208816748887838	0.201979109963636	0.15411222464724	0.0955511833193691	0.0502814745546661	0.0221749732518118	0.00856795234300477	0.00269785553760019	0.000844679627521881	0.000249137829531706	4.94862812083526e-05	0	5.11927046982958e-06	1.70642348994319e-06	
0.0179258886425161	0.0733937778019616	0.150363551033179	0.205083252846513	0.204161622070166	0.157165254179647	0.100291112894669	0.0533389560746011	0.0242395695882249	0.00954789079185428	0.00321890601406592	0.000925031627919631	0.000277169403218566	6.29157541048278e-05	3.40085157323394e-06	0	1.70042578661697e-06	
0.0169080686536016	0.0689004223187187	0.144327124232515	0.199235366511709	0.205313964433989	0.162236093356098	0.104211101484158	0.0566257738679867	0.0262753395486756	0.0105996721540297	0.00381806080640576	0.00111494865278456	0.000343846760095392	7.65995257638249e-05	1.36176934691244e-05	
0.0151573833426761	0.0648915388404763	0.140539163226826	0.195619086446177	0.203132378671287	0.165428323905621	0.109296913485875	0.0597784912262821	0.028208394910734	0.0115952368818903	0.00446584789957363	0.00136064821892677	0.000409383546518541	0.000107017275645926	6.79474766005877e-06	3.39737383002939e-06	
0.0138611944303849	0.0602174717969448	0.135704167699901	0.192089896495382	0.20167434940197	0.167609882364131	0.113782045838245	0.064259824786078	0.030207247021737	0.0129711973857186	0.00521599413009583	0.00176131094526518	0.000451792392903123	0.000157957490751844	2.54770146373941e-05	1.01908058549577e-05	
0.0123721086827513	0.0565705997480008	0.128577428553453	0.188057412297631	0.201726926000303	0.169640382453915	0.118312115178278	0.0681707269379031	0.0338532589011677	0.0144023860009488	0.00562832321878874	0.00183813214486726	0.000651253109606068	0.000142833580174699	4.59107936275818e-05	1.02023985839071e-05	
0.0113921305520541	0.0542074980685561	0.122756814269643	0.183927675896935	0.201095501429946	0.170693896637255	0.12137091855406	0.0730644898954987	0.0364026348961086	0.0163579744913864	0.00569945377410916	0.00210595155803142	0.000691253608750457	0.000182978896433945	3.04964827389908e-05	2.03309884926605e-05	
0.0102203585075773	0.0503507433526227	0.118315619962346	0.178281146128122	0.199598087192751	0.17422311235459	0.124919439825567	0.0770112978772711	0.0396026205526978	0.0172927383354788	0.00678143284622268	0.00232757585343038	0.000789954886302318	0.000219901788478161	4.5671909914695e-05	2.02986266287533e-05	
0.00919464767951052	0.047064616342581	0.112361166573039	0.172268509431536	0.198847369525344	0.177089185036785	0.129083783985002	0.0808008852851796	0.0426991045624674	0.0188715321254289	0.00783930855707991	0.00272252265666773	0.000817264414649169	0.00025719294208421	5.75300002030471e-05	2.1996764783518e-05	3.38411765900277e-06	
0.00906636586588621	0.0444036827771229	0.107275449507473	0.167161226508408	0.195671246426297	0.180013007601317	0.134035879300299	0.0834264867281818	0.0450168014850345	0.0210526672357492	0.00849897700635475	0.00307236833191063	0.000897659986721407	0.000294703467338726	7.96038101432191e-05	2.20180751459968e-05	1.18558866170752e-05	
0.0082473180999721	0.0414039714945094	0.101864015622226	0.163089954604245	0.19228694850921	0.180320052750374	0.138249938711504	0.0889401739747914	0.0482141800444659	0.0229819177804266	0.009324304903925	0.00351500088762649	0.00102457457330527	0.00038717421994539	9.46801585892656e-05	2.02886054119855e-05	2.36700396473164e-05	1.18350198236582e-05	
0.00774837547688159	0.0390443107054637	0.0970168923371168	0.158064494328108	0.189128958243927	0.180949742002413	0.142086215460932	0.092287781355915	0.0522668982506175	0.0249330084850287	0.0104483109352455	0.00402287004152967	0.00138375916170214	0.000462942625526724	0.000114890870568676	8.44785813004971e-06	2.70331460161591e-05	5.06871487802982e-06	
0.00681516041257351	0.0375850634541014	0.0932038312798216	0.1546075022227	0.186906824740293	0.18035048916213	0.143442740047429	0.0965282177893334	0.0544826276435007	0.027753081107972	0.0115765289572889	0.0044117869501863	0.00163362168212613	0.00051764966882186	0.000146219224634746	2.35295304009936e-05	1.17647652004968e-05	3.36136148585623e-06	
0.00646648720003614	0.0353004950668984	0.0886502692836002	0.148334356705823	0.185597384627997	0.179806825197383	0.145384701613025	0.100646314102296	0.0584627327893565	0.0300804588278007	0.0132274379827906	0.00534217170238432	0.00187218607421486	0.000629081290352804	0.000157270322588201	2.34232395344129e-05	1.84039739198959e-05	
0.0061019906549112	0.0327732431820279	0.0847215348091974	0.145177716073721	0.181329955455636	0.17999781892003	0.147112166231849	0.104581106814197	0.0620349476121369	0.0322967610962443	0.0148799986577969	0.00577315090556763	0.00223980135394734	0.000709689867205785	0.000221463504659961	3.5232830286812e-05	1.17442767622707e-05	1.67775382318152e-06	
0.00543101552941492	0.0304244281573652	0.080193072937733	0.14048640819553	0.179361134001413	0.181259304138548	0.149675162838159	0.106512351532382	0.0657478471461155	0.0344053826801625	0.0164205982508639	0.00657898049298718	0.00230096486119526	0.000832442429724908	0.000260138259289034	8.05589448120879e-05	3.02096043045329e-05	
0.00511653298618402	0.0283105866543485	0.0771880905387813	0.134331667576534	0.175436946205854	0.182570864653761	0.153579977323311	0.109824045689329	0.067631965733003	0.0369126107588292	0.017484567253181	0.00754545836307899	0.00270776466635871	0.000841557132658632	0.000315793894091463	0.000179733758871205	2.01570570696678e-05	1.67975475580565e-06	
0.00464381720430107	0.0265288978494624	0.0731552419354839	0.131129032258065	0.171441532258065	0.181401209677419	0.156063508064516	0.114433803763441	0.070695564516129	0.0385752688172043	0.0186693548387097	0.00859206989247312	0.0031065188172043	0.00103662634408602	0.00032258064516129	0.000152889784946237	4.70430107526882e-05	5.04032258064516e-06	
0.00418275202255866	0.0247389976165699	0.0688290979891906	0.126741414616133	0.17126120380006	0.1801453556682	0.156979086239887	0.115839739501158	0.07461814763839	0.0412887307395347	0.020279297727349	0.00941958441035281	0.00385041458256403	0.00121521366947531	0.000443116586659505	0.000142670113129007	1.67847191916479e-05	8.39235959582396e-06	
0.00393171132023436	0.0226502223149001	0.0643166087055959	0.121728338591311	0.167686310648917	0.180655240375884	0.158790351331535	0.119110000470864	0.0784172928031857	0.0442494097388052	0.0221692687487808	0.0100041705064475	0.00421591115475942	0.00137391280950875	0.000507860059328818	0.000137895777698553	5.04496747677633e-05	5.04496747677633e-06	
0.00383823521984839	0.0210968262171667	0.0607872085760989	0.115847366179424	0.164163677164016	0.179381943123414	0.162064431848598	0.122602996853657	0.0812577964152903	0.0467439812936536	0.0240781922585489	0.010960855051067	0.004632817247817	0.00180127705492885	0.000545433425978455	0.000139725229494481	4.20859124983376e-05	1.17840554995345e-05	3.36687299986701e-06	
0.00334205785147645	0.0198821263105737	0.05801158512641	0.112588417907228	0.159131166079882	0.17957957148178	0.163578816442992	0.124680836003216	0.0846570387985445	0.0490033656528136	0.0256915430599632	0.0119323094243335	0.00507628756865713	0.00193984295867342	0.000697736737524585	0.000161794026092657	3.03363798923733e-05	3.37070887693036e-06	1.17974810692563e-05	
0.00304977139344745	0.0191254852100402	0.0552478465515354	0.107893872670781	0.155939139294225	0.177280802943678	0.164793748894858	0.129179963456632	0.0873133888500627	0.0514503675387116	0.0270892449668668	0.0130158382661267	0.00560612311915327	0.00207135218881301	0.000687082677264805	0.000197031061862701	4.54687065837003e-05	1.68402616976668e-06	1.17881831883667e-05	
0.00293726176709025	0.017073043825624	0.0532298969608572	0.103500712495783	0.151488856028856	0.175242072330491	0.166331259346787	0.131466801389073	0.0909510517914779	0.0551785603389097	0.0288455889881217	0.0141324251879428	0.0061867124991398	0.00226588764889819	0.00083586077714911	0.00023330250607174	9.39923765468879e-05	5.03530588644042e-06	1.67843529548014e-06	
0.00258216041314567	0.0166723226675716	0.0499480879916941	0.0998995359839258	0.147492263598762	0.172803147648504	0.166575386652062	0.134610021537603	0.0943622550979608	0.0581229692996751	0.0310296049647368	0.0149167223866756	0.00694848111175698	0.00265944042551047	0.00100296016047363	0.000230160036825606	0.000120960019353603	2.01600032256005e-05	0	3.36000053760009e-06	
0.00227468701960314	0.0160864921052498	0.0483168497272232	0.0954457323462857	0.144300879669394	0.170105415206316	0.167073061664605	0.137078579636826	0.0971753719568889	0.0604142022817743	0.033688317254716	0.0160780548388566	0.00741298225305387	0.00291254435892806	0.00113734350980157	0.00036280245490703	9.11224770464168e-05	2.19368926222855e-05	1.34996262290988e-05	5.06235983591204e-06	1.68745327863735e-06	0	3.3749065572747e-06	
0.00200678025503464	0.0141670935216887	0.0456066508505648	0.0914795244385733	0.140484727576632	0.168347127490362	0.168957080850834	0.13950408432858	0.100141873129701	0.063268339039711	0.0356098185641496	0.0172421346345672	0.00793950341034697	0.00327218073490955	0.00135133313563206	0.000429663278785755	0.000139851184859677	2.35893564823552e-05	8.4247701722697e-06	1.17946782411776e-05	3.36990806890788e-06	1.68495403445394e-06	3.36990806890788e-06	
0.00191521466083335	0.0127456186935741	0.0420908883999697	0.088305557662966	0.135516610609547	0.167815626870327	0.166819243186742	0.143491051935024	0.10425444031392	0.0665334783231756	0.0370803091992683	0.0192903927370205	0.00852742584022457	0.00358259784706943	0.00134874271889673	0.000394507245277293	0.000180394338652437	5.90074939517319e-05	1.68592839862091e-05	1.34874271889673e-05	8.42964199310455e-06	5.05778519586273e-06	3.37185679724182e-06	1.68592839862091e-06	
0.00184945223230062	0.0117799505242078	0.0386382377194016	0.0846894300186796	0.133030981269879	0.164170439055585	0.166676202817091	0.144834491695135	0.10676674015112	0.0701294111707588	0.0403614761960857	0.0207007387711829	0.0097605304343436	0.0042155394375915	0.0015330764182219	0.000541877724113559	0.000166602157413796	8.91910539690019e-05	2.35599010484156e-05	2.18770509735288e-05	5.04855022466049e-06	8.41425037443414e-06	3.36570014977366e-06	3.36570014977366e-06	
0.00173526117776451	0.0109195710635558	0.0362409716121331	0.0804775572887676	0.128702728802988	0.16266355046173	0.16708637073897	0.145049392071784	0.110687867590351	0.0727837277769209	0.0431451315445333	0.0225500124066983	0.0106345523193819	0.00462233339816113	0.00175538014794149	0.000571714069195845	0.000197836540073635	8.21524615560012e-05	3.35316169616331e-05	1.67658084808166e-05	1.67658084808166e-05	2.17955510250615e-05	3.35316169616331e-06	1.67658084808166e-06	
0.00177902229227274	0.0102733926340764	0.0344587060589039	0.0758607969550382	0.124774687916565	0.160504363718676	0.166034255820387	0.14665783583028	0.113203497681905	0.0761022476714258	0.0457414968267675	0.0243244829349676	0.0119484569790156	0.00529347160858156	0.0020690985001551	0.000593566344452921	0.000243127457473654	5.8685938010882e-05	4.191852715063e-05	1.00604465161512e-05	1.00604465161512e-05	1.6767410860252e-05	
0.0014982154104556	0.00976527398698299	0.0328733991182028	0.0733403317237036	0.120488767583456	0.155876548393869	0.166417803905102	0.148308209111904	0.114692420743229	0.0798740289733361	0.0482217090069284	0.026116313247953	0.0130220449296662	0.00601973546084401	0.00234138148225908	0.00076254461473861	0.000236825530128071	9.40583665756876e-05	2.51942053327735e-05	8.39806844425782e-06	1.34369095108125e-05	3.35922737770313e-06	
0.00129507719097926	0.00892070725697935	0.0310111201491444	0.0705421304272408	0.116782617335846	0.150791445417296	0.166015759860017	0.150793129522876	0.1176179337035	0.0823780244431084	0.0503699137906354	0.0283232876435489	0.0143266861686093	0.00672968589746828	0.00266425502747618	0.000932994491290648	0.00030482310997041	0.000133044340815814	5.72595897181986e-05	8.42052789973509e-06	1.68410557994702e-06	
0.00124428506790386	0.00846350209688203	0.0296619326431519	0.066669705626127	0.112998642598108	0.149250052337635	0.163143162003552	0.15217420666275	0.121828508141035	0.0848342416445498	0.0526972453520803	0.0303912829136193	0.0147980442607562	0.00712635993435848	0.00304064777109207	0.00113285655436023	0.000366363446044963	0.000124935000033766	4.72727027154791e-05	5.06493243380133e-06	1.68831081126711e-06	
0.00116554651274912	0.00782218733665009	0.0283706539409513	0.064512745733237	0.109708545705832	0.146518839054774	0.162024498468211	0.151981175324247	0.123979300976589	0.08779322629703	0.0557889092074791	0.0316389207952783	0.0160858951955462	0.00747539918699325	0.00318368437880093	0.00128903692701717	0.000424604027140825	0.000196231343220461	2.87580416788606e-05	8.45824755260607e-06	3.38329902104243e-06	
0.00107550375071347	0.0075505444420168	0.0265708706160519	0.0611732983752272	0.106501970627739	0.143031836604728	0.161892954349523	0.153780099285086	0.125547702402184	0.090303359805969	0.0584989355053428	0.0329544511458773	0.0171453928637362	0.00831440616102747	0.00350089173657441	0.00131431639457269	0.000523355368457423	0.000232037817083064	6.26671476793678e-05	2.37118937165175e-05	1.69370669403697e-06	
0.00092629821713041	0.00715930123862697	0.024974425008016	0.0592355834236729	0.102710525021079	0.141426736766744	0.159696527060293	0.15425240438855	0.128015770820928	0.0930861847540814	0.0604282347911503	0.0342764270675875	0.0184920340049844	0.00866411171224359	0.00417003849396803	0.00154043732812163	0.000554761020149531	0.000237512363366772	0.000100094495990282	3.90198882673982e-05	1.35721350495298e-05	
0.000765597998241331	0.00640997348416689	0.0235366213871753	0.0566203007391161	0.0982104358985676	0.139574796038582	0.159098393772005	0.154830736637684	0.128825868045535	0.0964517673261108	0.0622952322427098	0.0361647444668145	0.0198376456927898	0.00978811099303662	0.00449343215375788	0.00199462893111655	0.000660349492939862	0.000281794385161998	8.82729399302644e-05	4.92291395764936e-05	2.20682349825661e-05	
0.000696656896478484	0.00594537190433711	0.021917505628478	0.0535457287286012	0.0953332483751752	0.1347980119791	0.158277048553587	0.156171785395693	0.131929824561404	0.0989320759525933	0.0654891465953018	0.0378148761734846	0.0206924089885731	0.0102136697676394	0.0048290217068094	0.00211715730002974	0.000878467354827747	0.000285459411239964	9.00556475935602e-05	3.05849369185676e-05	1.18941421349985e-05	
0.00076251626957253	0.00538878947556963	0.0206681143672053	0.0513922318868269	0.0909970198748927	0.131746435193793	0.155138796725445	0.155355440050357	0.135159846950873	0.101950301680095	0.069035868970023	0.0405600656412216	0.0221146776705554	0.0111341022181206	0.00491626820784795	0.00215449227845661	0.000953571800203679	0.000378699355358169	0.000126233118452723	6.14107062742977e-05	5.11755885619148e-06	
0.000760126150055422	0.00502575506436192	0.019064924725205	0.0487012652754471	0.0885761447362551	0.127977446731114	0.154372527016222	0.155412338408848	0.136417763959382	0.105154787765229	0.0718825390615616	0.042414352828939	0.0231195028122952	0.0117776656748994	0.00535348439768153	0.0024330900243309	0.000991767301878181	0.000355183099461563	0.000144132272245272	5.83392530516577e-05	6.86344153548914e-06	
0.00063817307047254	0.00471491209208958	0.0178069208235357	0.045788487770643	0.0855771165930159	0.125403588562425	0.151386349288807	0.155359879727598	0.138320142703067	0.107144270117503	0.0742018106225714	0.0458108496302553	0.0250831259127509	0.0127032564028025	0.00574699792034706	0.00258193471369079	0.00111121240842388	0.000438636477009428	0.000120410013296706	4.98841483657781e-05	1.20410013296706e-05	
0.000650263287820637	0.00446066853258972	0.0168655589253797	0.0439220165731125	0.0834642174563008	0.122753538172003	0.149001467393081	0.155080913052229	0.138335773254224	0.108965548087658	0.0765745230972488	0.0477324218178816	0.0270530171012364	0.0139118497582156	0.00660068845335393	0.00279200348183305	0.00123687646545777	0.000404264213327645	0.000122139400622395	6.19298369352988e-05	5.16081974460823e-06	5.16081974460823e-06	
0.000577647278629965	0.00407267042737328	0.016297538057014	0.0424682165440238	0.0801952687773932	0.121271646774688	0.14745432386986	0.154300386869409	0.138947310683389	0.110250068134953	0.0790314037857323	0.0497445153505051	0.0280904557928423	0.0150616814163843	0.0071186028135022	0.00314877759894138	0.00130784828959841	0.000485086587098754	0.000111415647213495	4.28521720051903e-05	6.85634752083044e-06	1.37126950416609e-05	1.71408688020761e-06	
0.000501339757782744	0.00399874066190536	0.0158426785573735	0.0402885526851621	0.077912989319581	0.117050000513317	0.146654712080406	0.153803509036093	0.139829304934347	0.112217974998032	0.0810339576410681	0.0520383824349713	0.0300222095223755	0.0157896357843657	0.00743625456424506	0.00337420478616918	0.0014492654431467	0.000538983016046294	0.000136884575503821	2.90879722945619e-05	2.05326863255731e-05	1.53995147441798e-05	8.5552859689888e-06	6.84422877519104e-06	
0.000437659207084608	0.00359359239567128	0.0147299676884414	0.0383259535329014	0.0738361855264733	0.113615304395398	0.144704494554904	0.15337390798899	0.141139965465953	0.114967602961038	0.0838578975261997	0.054245807190604	0.0315217205477578	0.0170806763202434	0.00849161438120801	0.0037047168037201	0.0015335168310738	0.000586394953242268	0.000164122202656728	2.56440941651138e-05	2.39344878874395e-05	2.56440941651138e-05	1.02576376660455e-05	3.4192125553485e-06	
0.000375338398986416	0.0032455732147649	0.0133134737993417	0.0370786784012283	0.0706943930217628	0.109846773618296	0.140633014154164	0.15247740326969	0.142869759273916	0.117496204156915	0.0870088756491996	0.0570378497355648	0.0339214201038719	0.0182421255362584	0.00888583938233905	0.00411853220607267	0.00168138015835544	0.000750676797972833	0.000215692202132466	3.73640035190098e-05	1.69836379631863e-05	3.22689121300539e-05	1.18885465742304e-05	8.49181898159313e-06	
0.000361600097327877	0.00296545874210478	0.0122893341489049	0.0344838074124641	0.0687885044963451	0.106448985661035	0.137742601560625	0.150843001348397	0.143785040570179	0.120287793124191	0.0894858857681636	0.0598532647081684	0.0361194564508444	0.0192864650042074	0.00963647362177982	0.00444565353303572	0.00196514445416972	0.000787409557732666	0.000278803813360279	7.26579634817696e-05	1.18280405667997e-05	2.53458012145708e-05	2.02766409716566e-05	6.75888032388555e-06	8.44860040485693e-06	
0.000324126244653177	0.00295408323494786	0.0119137387542468	0.032017962975714	0.0668808474977622	0.102991534091195	0.135167361662751	0.149662354500065	0.144788704956109	0.121542303513159	0.0923978120638781	0.0613404719479651	0.0382754468491738	0.0207591943531498	0.0105466985306837	0.0049357877359362	0.00216140143455253	0.000940469932672429	0.000272064516237381	5.70999601979689e-05	4.03058542573898e-05	8.39705297028955e-06	1.67941059405791e-06	1.67941059405791e-05	1.67941059405791e-06	1.67941059405791e-06	
0.000303946774049998	0.0027791818290207	0.0112695403350803	0.0307439643055656	0.06262982809375	0.100856592538359	0.132789475717004	0.14808589099226	0.145501503780863	0.124231946653143	0.0931319783912316	0.0640975047817041	0.040376222294244	0.0226734217857629	0.0112426721119599	0.00547775898868008	0.00236776216248894	0.000906802530314912	0.000397985554971545	0.00010579362853674	1.84719033953038e-05	0	5.03779183508285e-06	3.35852789005523e-06	3.35852789005523e-06	
0.000255330014043151	0.00271960061010435	0.0105575601201395	0.0289228433012827	0.0599622380347652	0.0978737057120012	0.129842031351838	0.147565629892425	0.144415999784985	0.12751886418459	0.0950633957548026	0.0668393503866906	0.0417985311804982	0.0239086321702379	0.0123163135721341	0.00597505828915452	0.00273303903189609	0.0010901919678553	0.000430029497335833	0.000147822639709193	4.87142789950748e-05	1.00788163438086e-05	1.6798027239681e-06	0	3.35960544793619e-06	
0.000262096333843525	0.00239414920337835	0.0101915151352232	0.0269791213388418	0.0575402259068785	0.0944168440577217	0.127031036574199	0.146061582557825	0.145218169996354	0.128160066935371	0.0991883414174371	0.0688389300421202	0.0442640385348815	0.0253645407181776	0.0130930559592474	0.00612734185594446	0.00300066700156754	0.00110046858120198	0.000502351306533423	0.000199932459790894	4.70429317155045e-05	1.51209423371264e-05	1.68010470412516e-06	0	0	1.68010470412516e-06	
0.000159929429035104	0.00228614910136496	0.00934829599402032	0.026384988855444	0.054682396988613	0.0917018511410544	0.125150670356828	0.144306849019885	0.145554298566359	0.129233079466408	0.102617455539619	0.0709817310088012	0.0446640808603193	0.0272166218864265	0.0134138704268601	0.00658740900857222	0.00333999986532259	0.00149996969758187	0.000530292317326923	0.000255887086456166	5.21874978956654e-05	2.02016120886447e-05	1.17842737183761e-05	
