# <P(N_1)> as a function of N_tot.
# number_of_species: 2
# species_total_upper_bound: 100
# species_total_lower_bound: 0
# volume: 512
# Bin widths for each species index 
1	1	1	1	1	1	1	1	1	1	1	1	1	1	1	1	1	1	1	1	1	1	1	1	1	1	1	1	1	1	1	1	1	1	1	1	1	1	1	1	1	1	1	1	1	1	1	1	1	1	1	1	1	1	1	1	1	1	1	1	1	1	1	1	1	1	1	1	1	1	1	1	1	1	1	1	1	1	1	1	1	1	1	1	1	1	1	1	1	1	1	1	1	1	1	1	1	1	1	1	1	
# Bin lower bound for each species index 
0	0	0	0	0	0	0	0	2	3	3	4	5	6	7	7	8	8	9	10	10	11	12	13	14	14	15	16	16	17	18	19	20	21	22	23	24	24	26	26	26	27	28	29	29	29	30	31	32	33	36	36	37	38	39	40	40	41	41	42	43	45	45	46	47	48	49	50	50	51	52	52	52	51	52	52	53	54	57	58	60	61	62	63	64	65	66	66	67	67	67	69	69	70	71	71	71	73	74	74	78	
# Bin upper bound for each species index 
0	1	2	3	4	5	6	7	8	9	10	11	12	13	14	15	16	17	18	19	20	21	22	23	24	25	26	27	28	29	30	31	32	33	34	35	36	37	38	39	40	41	42	43	44	45	46	47	48	49	50	51	52	53	54	55	56	57	58	59	60	61	62	63	64	65	66	67	68	69	70	71	72	73	74	75	76	77	78	79	80	81	82	83	84	85	86	87	88	89	90	91	92	93	94	95	96	97	98	99	100	
# Normalized histogram for each species index 
1	
0.0798192782242559	0.920180721775744	
0.00629417779292563	0.146116058859268	0.847589763347806	
0.000469989011315375	0.0174022155564135	0.201636423034659	0.780491372397612	
3.38976805880511e-05	0.00185479265304619	0.0321659512536615	0.246538567822995	0.719406790589709	
5.88703226608797e-06	0.000183969758315249	0.00415698065889137	0.0496762500193168	0.28440032113761	0.6615765913936	
3.67317283527069e-06	1.39580567740286e-05	0.000496612967328597	0.00776655664289634	0.0678008934625604	0.314721121698828	0.609197183998778	
5.13989698177906e-06	2.20281299219103e-06	5.72731377969667e-05	0.00110287503809031	0.0128490081834503	0.0871168482151708	0.338518755116951	0.560347897598567	
8.04859006994225e-06	0.000157313351367053	0.0020238545575873	0.0184181008400533	0.107194049311516	0.355058429105458	0.517140204243948	
1.38672162950009e-05	0.000286832421259756	0.00331353484101601	0.025724416080716	0.126446387152243	0.368907365535442	0.475307596753028	
7.27130474110883e-07	2.32681751715483e-05	0.00048572315670607	0.00516044497476494	0.0339635373152452	0.146310285478695	0.376808464380423	0.43724754938852	
2.18066520465179e-06	4.65208576992383e-05	0.000870812305057617	0.00744624478548433	0.043276754763118	0.164200455468272	0.381152656013875	0.403004375141289	
2.90539735666948e-06	9.5878112770093e-05	0.00144761423296057	0.0104093123796076	0.0525295842085843	0.18092708324254	0.382836946194946	0.371750676231235	
1.67258130199546e-05	0.000191256035836872	0.00212999592762813	0.0136126301704579	0.0623923730292629	0.196499941823259	0.383550526499505	0.34160655070103	
3.13240987947507e-05	0.000352578228294403	0.00296049156981085	0.0170097141129634	0.073253226200059	0.212144280255983	0.379844035126699	0.314404350407395	
5.10103325072089e-06	6.7770870331006e-05	0.000531964896146607	0.00415807081837334	0.0214002919248457	0.0842034845886855	0.226129532723493	0.375571588993719	0.287932194151155	
1.45868706494658e-05	0.000113777591065833	0.000795713793928361	0.00550727301370582	0.0265597740785474	0.0958299054187307	0.237963643683593	0.368083635281556	0.265131690268223	
2.18758704773461e-06	2.26050661599243e-05	0.000159693854484626	0.00115650435256903	0.00731747867467226	0.0324448327006345	0.106911025001203	0.247458388448374	0.359238253022152	0.245289031292704	
5.83138832235331e-06	3.64461770147082e-05	0.000212845673765896	0.00163862011858128	0.0092937751387506	0.0380534534210569	0.11780133334694	0.257014066766481	0.350335960859722	0.225607667109366	
1.52976819641058e-05	5.31776563514154e-05	0.000350389763082614	0.00228518230101904	0.011621867526445	0.0449751849744711	0.128978398944606	0.264142160630031	0.340156342309673	0.207421998212357	
2.18651720606831e-06	5.8307125495155e-06	9.18337226548692e-05	0.00054444278431101	0.00314056754698279	0.014329704929503	0.0512490479539665	0.139235229165224	0.270902193441177	0.329207132419126	0.191291830807299	
2.18352371233967e-06	1.52846659863777e-05	0.000127372216553148	0.000758410569419314	0.0041130308328105	0.0169528781026052	0.0581785336328157	0.150483359365788	0.274722219391729	0.319865844303114	0.174780883395467	
3.65133277297546e-06	2.55593294108282e-05	0.000183296905203368	0.00102456397609692	0.00514691867678621	0.0204788649905102	0.065836450962966	0.160906202372928	0.278801165213314	0.306709031863721	0.16088429437629	
1.09449984640519e-05	4.15909941633972e-05	0.000267057962522866	0.00134769414420692	0.00641449876649867	0.024154152277034	0.0733263820431977	0.170265503772741	0.281019402563611	0.294999084268462	0.148153688209099	
1.09353277427078e-05	5.83217479611081e-05	0.000338995160023941	0.00173871711109054	0.00785448140666224	0.0277699002916816	0.0807610404891445	0.178265525796074	0.281213617253323	0.283801644819097	0.1381868205972	
4.36911762028727e-06	1.67482842111012e-05	7.64595583550272e-05	0.000425260781707961	0.00219693797673445	0.00911616391472939	0.0322754000473321	0.0875709526496878	0.186741184394968	0.282094991898928	0.272871784602501	0.126609746773225	
8.72847249549211e-06	2.03664358228149e-05	8.65573522469634e-05	0.000568805457622902	0.00278656484418586	0.0110364260978418	0.0362195239927525	0.0960888442120408	0.194297979867778	0.281140462216261	0.261226452217796	0.116519288833156	
5.80154930374156e-06	1.37786795963862e-05	0.00010370269380438	0.00068603320516744	0.00342871563851126	0.0134443653177581	0.0412432140002988	0.104316207643251	0.200629178021991	0.279786967109567	0.249265016222582	0.107077019918169	
7.25520924023449e-07	3.62760462011724e-06	1.23338557083986e-05	0.000144378663880666	0.000962766266179117	0.0044184224273028	0.0155667769458471	0.0460524406523884	0.111973271809159	0.20599933252075	0.278354808752684	0.237790208369609	0.0987209066109467	
3.61835868355427e-06	8.68406084053025e-06	2.89468694684342e-05	0.000235193314431028	0.00125846515014018	0.00523938337378658	0.017747325671097	0.0517157533205678	0.119204655814485	0.212064042054012	0.274693488835916	0.227293713753092	0.0905067294234797	
7.22406596439113e-06	1.08360989465867e-05	4.4789208979225e-05	0.000335919067344188	0.00160013061111264	0.00617657639955442	0.0203075718324999	0.057164033976227	0.126928283807545	0.216724146151523	0.270794112675202	0.216375223765443	0.0835311523396582	
2.88725069492515e-06	1.44362534746258e-05	7.14594546993975e-05	0.000404215097289521	0.00184639681940463	0.00713367465448632	0.0232416462814737	0.0624302999636928	0.133891920101112	0.220808993208465	0.267009335203309	0.206106390857232	0.0770383448546666	
7.23398468131404e-07	1.59147662988909e-05	7.74036360900602e-05	0.000465145215008493	0.00229317314397655	0.00844350692002975	0.0261371100520558	0.0685571962232813	0.141048956714729	0.225859469719987	0.262420028299348	0.194292530766137	0.07038884114459	
7.2345917664558e-07	3.11087445957599e-05	0.000104178121436964	0.000665582442513934	0.0028157031155046	0.00983108675143679	0.029439000816062	0.0747941035183267	0.147486558128498	0.228872821664419	0.256514026426517	0.185125968711838	0.0643191380996753	
7.23756062361717e-07	4.48728758664265e-05	0.000213508038396707	0.000801921717096783	0.00336836071423143	0.0113825115927627	0.0331784254107858	0.0799982050849653	0.155027824801818	0.23148252020546	0.249883294334944	0.175358132593558	0.0592596988740527	
1.22817993847541e-05	7.51357138832015e-05	0.000257917787079836	0.0010815208046457	0.00412018246419133	0.012977527196961	0.0372008478776328	0.0860614581241213	0.161525168296775	0.232787780621054	0.243624662431132	0.165443062300511	0.0548324545826283	
9.37959735553075e-06	8.08088387553419e-05	0.000361475251932377	0.00135354804915198	0.00469917827512091	0.0150427096358047	0.0409513220542473	0.0914128343195138	0.167508064649957	0.233115462121939	0.236948109902907	0.157748954355272	0.0507681529480435	
1.43979255468872e-06	1.36780292695428e-05	9.50263086094555e-05	0.000395223056262054	0.0016406436160678	0.0054057011465788	0.0170601019805066	0.0451900490177375	0.0985458815093921	0.172041532256033	0.233651695463718	0.2307829087985	0.1487320106919	0.0464441083328714	
2.37857552157476e-05	0.000111720971467905	0.000498780079069617	0.00193817865985289	0.00640485517718586	0.0188750779343874	0.0496653776709421	0.104157822089759	0.177121707384756	0.233839201086937	0.224710516547317	0.139903487496261	0.0427494891468482	
6.51322474099076e-06	2.60528989639631e-05	0.000141119869388133	0.000529742278933915	0.00215949584745738	0.00716020506526251	0.0214046275738093	0.0541227265227196	0.110020668633178	0.181204425519104	0.232898442905072	0.218478163328518	0.132159843219444	0.0396879731134083	
7.25277291640526e-07	1.01538820829674e-05	4.42419147900721e-05	0.000188572095826537	0.000649123176018271	0.00244708558199514	0.00836462300449019	0.02446142721516	0.0586495481885112	0.115811552651868	0.18488623663042	0.231623830581027	0.211786771377367	0.124332835551352	0.0367432728718007	
1.45701443172795e-06	7.28507215863973e-06	6.99366927229414e-05	0.000213452614248144	0.000844339863186345	0.00295409676032841	0.00986325919558233	0.0272993509000707	0.062719371735377	0.121348903960894	0.188638929968601	0.23018278246046	0.204194744548945	0.118191553687339	0.0334705355256544	
1.45848070065413e-06	2.40649315607931e-05	6.41731508287817e-05	0.000289508419079845	0.00100999788520298	0.00329179094137637	0.0112113411459283	0.0300096988966593	0.067966659131183	0.126429128776553	0.192649986509054	0.22773592748434	0.197627781140386	0.11146147058609	0.0302270125210568	
7.3122239178457e-07	2.92488956713828e-05	9.28652437566404e-05	0.000326856409127703	0.00118238660751565	0.00406340283114686	0.012843921311696	0.0333737211834396	0.0724071036792917	0.131856946576161	0.194968019988695	0.224814324354166	0.190345232027833	0.1054810236821	0.0282142159870076	
2.19940703986205e-06	1.46627135990804e-06	3.73899196776549e-05	9.89733167937924e-05	0.000407623438054434	0.00138782584215296	0.00487608540737417	0.0145791361315656	0.036335670569881	0.0766251418617541	0.136539189034636	0.196975228811646	0.221764012422251	0.184665147609538	0.0993567467544084	0.0263481632018674	
2.93563761315048e-06	7.33909403287621e-07	2.93563761315048e-06	3.88971983742439e-05	0.00012329677975232	0.000444749098392298	0.00163294842231496	0.00583824930315302	0.0164593861875315	0.0394314844198373	0.0813076210620256	0.141539565789841	0.198854220639587	0.219868248583922	0.177298567555627	0.0933679542862511	0.0237882054887616	
1.46907055578612e-06	0	2.93814111157224e-06	4.9948398896728e-05	0.000132216350020751	0.000589831828148126	0.00202070654948381	0.00673495396300146	0.0182532016556425	0.0429431359514619	0.0856754602781685	0.146214388811559	0.200771262041788	0.215829235238595	0.171448613748297	0.0875345690665158	0.0217980689067544	
1.46908458401401e-06	7.34542292007005e-07	2.93816916802802e-06	4.26034529364063e-05	0.00022550448364615	0.000726462326794928	0.00259954517141279	0.00777880287235418	0.0205047480813755	0.0464884471188313	0.0910560661440643	0.149381662298589	0.201650957255515	0.212786618402341	0.16465132746483	0.0819962215144499	0.0201058916168157	
7.35692798229629e-07	2.20707839468889e-06	3.67846399114814e-06	6.17981950512888e-05	0.000254549708187452	0.000944629552926843	0.002726477510239	0.00870177441746005	0.0222672139240162	0.0495673022807212	0.0952751601419299	0.153871620135323	0.203164509002305	0.209309750945917	0.15769207283653	0.0771337114303854	0.0190228086838235	
7.36205713545302e-07	0	6.62585142190772e-06	7.65653942087114e-05	0.000313623633970299	0.00101007423898415	0.00319513279678661	0.00968478616168844	0.0243588384440734	0.0533351591235029	0.100162259739265	0.157934530698306	0.204081377234752	0.205413173370556	0.149966576260605	0.0728394570924586	0.0176210837537068	
2.21187392908437e-05	9.73224528797124e-05	0.000376018567944343	0.00112436924728456	0.00386488104542009	0.010496079084815	0.0262468333338249	0.0566188115453921	0.104884849843252	0.161966680331132	0.204879983720608	0.199885572388735	0.144347629903356	0.0687347196376066	0.0164541301584586	
4.4230434667225e-06	2.87497825336962e-05	0.000131954130090554	0.000429772390183202	0.00128047108361616	0.00440092824938888	0.0115751047524128	0.0285536942733382	0.0603782291903177	0.109549203409872	0.165345896742576	0.203610382947103	0.19560762296798	0.139412855723271	0.0647364013528616	0.0149543099609888	
7.38308697202622e-06	2.58408044020918e-05	0.000147661739440524	0.0004503683052936	0.00162501744254297	0.00499908818875896	0.0130998112144661	0.0307638467950389	0.0645983194617434	0.114090842978721	0.167503785677845	0.202061800867808	0.191628022358941	0.134627637700109	0.060712600788366	0.0136579725895513	
7.38302156063786e-06	3.4700201334998e-05	0.000149137035524885	0.00060245455934805	0.00180145726079564	0.00563693696154701	0.0145039458558731	0.0339552544595296	0.0691161563399114	0.117713419158498	0.169766674369619	0.201329091541346	0.188137108616798	0.128096162379223	0.0567466420172187	0.0124034762218716	
1.32757656797856e-05	2.80266164351029e-05	0.000176272666526042	0.000668213539215874	0.00208577029680187	0.00596966930067692	0.0162893644890969	0.0371699312757863	0.0722762185309038	0.121074982999645	0.172104076102589	0.201216355153283	0.183811088804547	0.122170233668227	0.0535603390925572	0.0113861816980294	
1.32736217003067e-05	4.35079822398942e-05	0.000191730091226652	0.00078388110374589	0.00244013412257305	0.00689564647330933	0.0176671904831082	0.0399012442545497	0.0761463431540927	0.125066275930573	0.175069483722484	0.199371272785462	0.178645249923861	0.116842529863805	0.0503527464966856	0.0105694899905831	
1.47497846531441e-06	1.76997415837729e-05	5.16242462860042e-05	0.00027950841917708	0.000921124051588847	0.00284892090575478	0.00805411990984932	0.0195692767885589	0.0424056308777892	0.079672436782423	0.129406498165127	0.177213500182897	0.198043146070067	0.173307757206745	0.111938328200408	0.0469212774493492	0.00934767602393005	
5.15788659281064e-06	2.28420691967328e-05	8.69472311359508e-05	0.000299894263324847	0.000973366884157551	0.00329883689657332	0.00898135423996699	0.0215024923644857	0.0452368759417748	0.083004395256218	0.13334536840205	0.179005927885377	0.196569268574839	0.167973945304297	0.106687936808521	0.0440454041388356	0.00895998585265392	
5.14748651910048e-06	1.83838804253589e-05	2.2796011727445e-05	0.000110303282552153	0.000374295805460307	0.00117730370243998	0.00368118821637386	0.00969565853633427	0.0230254425551535	0.0482893063908987	0.0879815749396825	0.136835634137248	0.180537794684411	0.193876402965835	0.163424608074053	0.101618002083997	0.0412166599136546	0.0081094973332343	
2.20371266818919e-06	1.54259886773243e-05	1.61605595667207e-05	0.000127815334754973	0.000456168522315162	0.00144490093944271	0.00416060951754119	0.0106608273178099	0.025195046935407	0.0516983646248289	0.0918764539912542	0.141195543505328	0.181331027760168	0.190616003802139	0.157802722172802	0.0965791768251699	0.0390600724727639	0.00776147601736232	
1.46507910694638e-06	6.59285598125871e-06	2.7103963478508e-05	0.000142112673373799	0.000551602283765312	0.00173025842530367	0.00463111505705751	0.0117294233302127	0.0275149181680065	0.0546313348189236	0.0962644878010188	0.143576287401638	0.18169691322483	0.188050961311656	0.153105894452771	0.092284600406999	0.0371338950446629	0.0069210337012147	
1.09550623343047e-05	2.11797871796557e-05	0.000187696734661087	0.000660955427503049	0.00194196738312774	0.00525404789553253	0.0132563557619976	0.0296940616258773	0.0586322239506876	0.100073764086384	0.146522498046347	0.180681112742198	0.185187295049042	0.148313285569262	0.0885921284225441	0.0345931655017784	0.00637730695354323	
7.30652860250219e-07	1.02291400435031e-05	4.53004773355136e-05	0.000235270221000571	0.000746727223175724	0.00224383493382842	0.00577361890169723	0.0144895768716221	0.0320332826990901	0.0620368117524051	0.103634340392171	0.148080684534052	0.181408684101505	0.182166371117585	0.144973948572268	0.0838256106979269	0.0322393268056807	0.00605565090575382	
7.31785850188801e-07	1.97582179550976e-05	7.24467991686913e-05	0.000264906477768346	0.000875215876825806	0.00244196938208003	0.00649313584872523	0.0161914937212774	0.0340909756168955	0.0650616163685859	0.106375318326845	0.150802769077657	0.182414454234113	0.179887597693411	0.139809882036121	0.0794368176096947	0.0303113017006703	0.005449609226356	
1.46575447879603e-06	1.53904220273583e-05	0.00012532200793706	0.000299746790913788	0.000993781536623708	0.00275488554289714	0.00743064233025647	0.0174058344357028	0.0367266770979527	0.0674796718175722	0.110002675001924	0.154371795952319	0.182837480807777	0.175790133273726	0.134284363697659	0.0761598698410023	0.0281454175018414	0.00517484618738938	
4.40328514426997e-06	3.15568768672681e-05	0.000125493626611694	0.000341988479538301	0.00103477200890344	0.00308303348184636	0.00844917031099669	0.0187572608337327	0.0385610357700869	0.0706969446338265	0.113911518920549	0.156299743361864	0.182094921617855	0.172508235977922	0.130128818106896	0.0729895884322764	0.0262633942429982	0.00471812003208527	
8.09110287616641e-06	2.94221922769687e-05	0.000131664310439435	0.000421472904367577	0.0011967476708657	0.00362407853371563	0.00922827060767125	0.0203675126037316	0.0412557980107656	0.0746080596211304	0.116501583649499	0.157659552870944	0.18098178913409	0.170553093081519	0.126114549421192	0.0685779813139657	0.0244711728715618	0.00426916009938817	
1.47275730358756e-05	5.37556415809461e-05	0.000143593837099787	0.000487482667487483	0.00134536379682724	0.00408248324554472	0.00997498521719857	0.0221458515740462	0.0440347069986163	0.0783050330744471	0.119553283254676	0.160249249446059	0.180317776843395	0.167032033207732	0.121062123112201	0.0647335745218878	0.022617870289846	0.00384610569831892	
5.14985716503306e-06	1.69209592565372e-05	6.32696737418347e-05	0.000152288633308835	0.000491443512320298	0.00171343104819457	0.00461500771375034	0.0107345094135711	0.0239784706542746	0.0465973790169806	0.0810933293900141	0.123297144551341	0.162132217432855	0.179281241792415	0.163447638091581	0.116250668561814	0.0611817745083542	0.0212674387038251	0.0036806764852372	
8.83772826195027e-06	1.32565923929254e-05	4.86075054407265e-05	0.000179700474659655	0.000631161093374281	0.00198038760803202	0.0051229364825105	0.0118653866690234	0.0257759709533331	0.0492364571020353	0.084350224441474	0.125934681823371	0.163261563615073	0.179181258124266	0.159497427852837	0.111851761837953	0.0579548760324492	0.0198289163103957	0.00327658775311806	
9.58396028406858e-06	1.25328711407051e-05	4.34964351353882e-05	0.000206423759964554	0.000718797021305144	0.00213796037106145	0.00556090864790226	0.012981842818628	0.027200753741615	0.0519421158287951	0.0877382074897912	0.129689413336302	0.164827897876268	0.177517061292375	0.154831827299985	0.108020079134023	0.0548593258937227	0.0185656055256692	0.0031361666960329	
2.94329521030212e-06	7.3582380257553e-06	4.41494281545318e-06	5.81300804034669e-05	0.000228105378798414	0.000870479558446853	0.00236640934908291	0.00613088392305932	0.0141234020666347	0.0291459808200168	0.0553957591530962	0.0914489180078895	0.132284931579424	0.165967266142319	0.175005389909354	0.1512485826194	0.10326256915824	0.0524782177758843	0.0170549240960956	0.00291533390580425	
7.33833465301052e-07	5.13683425710736e-06	3.66916732650526e-06	1.02736685142147e-05	8.07216811831157e-05	0.0002788567168144	0.00103030218528268	0.00276948749804617	0.0067718152177981	0.0153033630853881	0.0314462316550807	0.0582208794700548	0.0945749893410689	0.135169922808058	0.166977200528067	0.17238481933387	0.147524743029866	0.0990293584754463	0.0496100775882123	0.0161502069043455	0.00265721097785511	
1.4714213194235e-06	7.35710659711749e-07	1.4714213194235e-06	2.94284263884699e-06	7.35710659711749e-06	1.25070812150997e-05	0.000111092309616474	0.000394340913605497	0.0012271653803992	0.00303554218197067	0.00747187746003252	0.0166167609602496	0.0338544617172958	0.0609462710505213	0.0972521206859766	0.137526393619917	0.166699528409467	0.170948993179962	0.143525378339207	0.0952598162194772	0.0473650522722424	0.0152880675088101	0.00245065220749983	
1.47224451036828e-06	1.47224451036828e-06	2.20836676555242e-06	5.88897804147313e-06	4.41673353110485e-06	2.28197899107084e-05	0.000141335472995355	0.000472590487828219	0.00137139576140805	0.00328531362488682	0.00804508012690748	0.0177324490051308	0.036138449873755	0.0632917915007324	0.100496146399994	0.140370416718809	0.168295214469219	0.168770013323813	0.139948618666588	0.0909721966624217	0.044569258062379	0.0139531973470154	0.00210825413884738	
7.36775795441568e-07	1.47355159088314e-06	2.2103273863247e-06	3.68387897720784e-06	6.63098215897411e-06	1.76826190905976e-05	3.16813592039874e-05	0.000161353899201703	0.00048406169760511	0.00143008181895208	0.00364851373902665	0.00874994934666406	0.0195341366645423	0.0379380592588772	0.0665249601220101	0.104202937525096	0.143324995487248	0.16742198465296	0.167214213878646	0.13566031688727	0.0872143612338047	0.0416926687124475	0.0127668509834115	0.00196645459803355	
1.4734929666497e-06	1.4734929666497e-06	3.68373241662424e-06	2.21023944997455e-06	1.17879437331976e-05	1.32614366998473e-05	5.89397186659879e-05	0.00017166193061469	0.000593817665559828	0.00158547843211507	0.00420829591275153	0.00980535894657041	0.0209464392674088	0.0405998884565824	0.069873773225012	0.107184088633549	0.14498949767888	0.167366698616906	0.164288571809575	0.131762688063749	0.0834829542649886	0.039301741152964	0.0118601448885634	0.00188607099731161	
7.34905050267505e-07	1.46981010053501e-06	9.55376565347757e-06	7.34905050267505e-06	7.34905050267505e-06	1.91075313069551e-05	7.42254100770181e-05	0.000216796989828914	0.000628343817978717	0.0017821447468987	0.00461667352578047	0.0106157034511141	0.0227563348815333	0.0429133106002704	0.0729106649420895	0.110684784525839	0.145504585807514	0.167366541242871	0.161670292198248	0.128051325768711	0.0805463284143689	0.0367797930507378	0.0110948615438885	0.00174172496913399	
7.35303308938421e-06	4.41181985363052e-06	4.41181985363052e-06	3.01474356664752e-05	7.94127573653494e-05	0.000263973887908893	0.000736773915556297	0.00208164366760467	0.00505668085556952	0.0118398538805264	0.0241855964376025	0.0456785121578726	0.0763333071075153	0.11302641283016	0.147076103157172	0.166523405071975	0.159315226734452	0.12489862005628	0.0761737462894757	0.034712198608365	0.0102868932920485	0.00168531518408686	
1.47303390482139e-06	5.89213561928555e-06	4.41910171446416e-06	2.6514610286785e-05	0.000117842712385711	0.000279876441916064	0.000835946740986137	0.00230898064580752	0.00578607717813841	0.0127918264294689	0.0260940591069585	0.04777122605031	0.0791232796805284	0.11539526655285	0.148862596870392	0.166668630711873	0.156442092827651	0.120651788042205	0.0727951260254157	0.0328177223655157	0.00972202377182116	0.00149733896425094	
7.37919701053971e-07	3.68959850526985e-06	3.91097441558604e-05	0.000144632261406578	0.000306236675937398	0.000963723129576486	0.00261223574173106	0.00636160574278628	0.0139961229698907	0.0278313794449516	0.05015049872303	0.082240412762764	0.118232446181671	0.151013053061592	0.165845239052777	0.152102960460049	0.116681338970056	0.0700942544834156	0.0310177167141026	0.00907050896535541	0.0012920973965455	
7.38689918655466e-07	5.17082943058826e-06	5.02309144685717e-05	0.000125577286171429	0.000345706881930758	0.00109252238969143	0.00294146325608607	0.00684987161569214	0.0147797078924586	0.0298903488684748	0.0528392285713441	0.0851288422956119	0.121456873805169	0.152053410235878	0.163492023626258	0.150204469369484	0.112908754066488	0.0668211513516548	0.0293488891581003	0.00846907991738492	0.0011959389783032	
1.47655525565078e-06	8.85933153390466e-06	3.83904366469202e-05	0.000150608636076379	0.000412697193954392	0.00121963464116754	0.00313841819588573	0.0073598896717913	0.0159578709254458	0.0316610360692918	0.0557466053994673	0.0880875951639862	0.123947954380349	0.152046800895383	0.162062275194462	0.146980739813245	0.110001151713099	0.0640035023890664	0.0279135388304501	0.00809521418910538	0.00116574037433629	
3.68690235312856e-06	1.62223703537657e-05	5.60409157675541e-05	0.000174759171538294	0.000505843002849238	0.00128746630171249	0.00347158725570585	0.00808980114323468	0.0171846518679322	0.0328702092390823	0.0578150531798795	0.0902966629109421	0.125286103622603	0.153242409405435	0.162220754015774	0.144337802842159	0.106470366153646	0.0617128463476071	0.0262743409293354	0.00763041311003486	0.00105297931205352	
1.18045549350786e-05	2.58224639204845e-05	8.55830232793201e-05	0.000187397309594373	0.000527516048661327	0.00157885922256677	0.00386968066465547	0.00852288866312678	0.0182557442070991	0.034746707451404	0.0602091324463686	0.0931556452701731	0.128096390093322	0.154432352153483	0.160639334695284	0.141501200006788	0.102303437560176	0.0588560353369352	0.0249540913480728	0.00711667105648553	0.000923706423669903	
1.0343775374574e-05	2.73371206328026e-05	8.34890440947756e-05	0.000242339880204304	0.000656090895187263	0.00183084824129959	0.00426385197761903	0.00932713002347298	0.0195615569155157	0.0365837169765736	0.0630504827957156	0.096282077709829	0.129720548131434	0.154482068695968	0.159727840493073	0.138560043030106	0.0986589295226865	0.0561334524345184	0.0236008011992869	0.00638063172391577	0.000816419413493159	
1.03472079537509e-05	1.84771570602695e-05	7.16913693938458e-05	0.000281591873598508	0.000764215216012748	0.00197262128775437	0.00450251363244648	0.0101380465358287	0.0208984037214472	0.0388168115522142	0.0654335258406737	0.0989111780887524	0.131813821209116	0.155726218790234	0.158049906062134	0.135260919630279	0.0952024431236151	0.0533797676608363	0.0220802026870221	0.00588386589427223	0.000783431459355428	
7.40817017455871e-07	9.63062122692633e-06	3.77816678902494e-05	0.000122234807880219	0.000319292134523481	0.000862311008318634	0.00208910398922556	0.00487828005994691	0.0111530001977981	0.0224260127524241	0.0410308913288109	0.068444084242748	0.101786035747384	0.134141959801787	0.155636765563269	0.155974578123229	0.131506132853679	0.0913382933502042	0.0511823069190087	0.0208502949562955	0.00545389488251012	0.000756374174822445	
1.48764805817299e-06	5.95059223269196e-06	4.68609138324492e-05	0.000141326565526434	0.000322075804594452	0.000923829444125427	0.00236907953264049	0.00543437835650593	0.0119606903877108	0.0237688968494589	0.042834594363004	0.070904281748641	0.104293054766276	0.135846070080125	0.155545505666451	0.154014715814591	0.128386258892416	0.0890773904272823	0.0488908096078262	0.0192657861773693	0.00518594113079104	0.00078101523054082	
2.97795863913246e-06	2.23346897934935e-06	1.04228552369636e-05	5.43477451641674e-05	0.000140708545699009	0.00039904645764375	0.0010757875583866	0.00268388522351813	0.00578021771855611	0.0130159127219882	0.0254786696267576	0.0454205696537081	0.0734364600410065	0.106567738880675	0.137726864611577	0.155812751916689	0.151630953497687	0.12529314280354	0.0854979370191527	0.0461397466650586	0.0183010448167885	0.00485928400940439	0.000669296204145021	
7.45420323885131e-07	5.21794226719592e-06	3.72710161942565e-06	8.19962356273644e-06	7.30511917407428e-05	0.000156538268015877	0.000436816309796687	0.00121578054825665	0.00282588844784853	0.00670356497269898	0.0143031251747079	0.0270572669163825	0.0474728387469484	0.0762266823204935	0.108654702670468	0.138699614244982	0.155426100892641	0.149254020610872	0.12261120739457	0.0827506009951361	0.0436413782821789	0.0172430629321108	0.0046223514284117	0.000607517563966382	
1.48834218772907e-06	8.18588203250986e-06	1.41392507834261e-05	6.92079117294015e-05	0.000158508442993145	0.000490408750856727	0.00128890433457337	0.00314561121376538	0.00727724912690126	0.0151907645390567	0.0284898461575098	0.0497820694951618	0.0786663263324197	0.111365204196827	0.139788074955889	0.154252528507334	0.14761973154772	0.120168748237245	0.0793033367887678	0.0418879025314468	0.0162593942298462	0.00428642550065971	0.00048594372429354	
2.97720724562927e-06	5.95441449125855e-06	8.1873199254805e-06	3.72150905703659e-05	6.5498559403844e-05	0.000181609641983386	0.000540363115081713	0.00144320121231879	0.00345728191398699	0.00791713836793965	0.0162317339031708	0.0305022325332833	0.0517014367257866	0.0810299053024805	0.113262639547286	0.140406582307499	0.154060799037767	0.146099002561143	0.116699081010553	0.0767159320035637	0.03952317048754	0.0157248643696024	0.00392023764068235	0.000462955726695352	
1.48638655711998e-06	4.45915967135993e-06	1.70934454068797e-05	3.71596639279994e-05	7.28329412988789e-05	0.000173164033904477	0.000597527395962231	0.00151908706137662	0.0039099398385041	0.00870873883816595	0.017412275323382	0.031784146944175	0.0544589738730403	0.0835914071993133	0.115408997841024	0.14181985738121	0.153231590173498	0.143927553519206	0.113577026409373	0.0729904982739336	0.0379860948537581	0.0147077949827022	0.00363421513215834	0.000428079328450553	
3.70935841453119e-06	5.19310178034366e-06	2.96748673162495e-05	3.85773275111244e-05	6.89940665102801e-05	0.000206240327847934	0.000715906174004519	0.0017241097910741	0.00423534543771171	0.00908866998728432	0.0183991596077576	0.0341936077368314	0.0569772289905649	0.0865333968375494	0.117751357254244	0.142765786658476	0.152795149939686	0.140776086804922	0.109782913508148	0.0703865596590951	0.0362204011745312	0.0135947985892568	0.00329836150220113	0.000408771297281337	
3.69814826320165e-06	2.95851861056132e-06	8.87555583168396e-06	2.44077785371309e-05	3.32833343688148e-05	6.9525187348191e-05	0.000236681488844906	0.000769214838745943	0.00192229746721222	0.00452949199276938	0.00975645474797859	0.019612019869411	0.0361760259402912	0.0594750996281142	0.0888546686902934	0.120573686343774	0.143960036330609	0.151644788421542	0.137993443922759	0.106408299236406	0.0678654584076661	0.034111719579772	0.0126010703920333	0.00297700935187733	0.000389784826941454	
7.37194018407735e-07	7.37194018407735e-07	7.37194018407735e-06	7.37194018407735e-07	9.58352223930055e-06	4.27572530676486e-05	7.51937898775889e-05	0.000253594742332261	0.000854407867334564	0.00217472235430282	0.00505493938422184	0.0105846317162983	0.0209871765100498	0.0383797949863435	0.0613699276444071	0.0918447911713644	0.121698200140804	0.145034813987519	0.150456875992908	0.134793714683799	0.103008857386131	0.0656139536083804	0.0323687149602468	0.0121275787968256	0.00289496091028717	0.00036122506901979	
1.46864875502645e-06	1.46864875502645e-06	2.20297313253968e-06	1.17491900402116e-05	3.15759482330687e-05	9.17905471891531e-05	0.000370099486266665	0.00092671736442169	0.00243575396021137	0.0054523585030357	0.0113379683888042	0.022684014345761	0.0401704807474835	0.0641997773528487	0.0933238164894008	0.124056026012707	0.14545203540031	0.148417237236708	0.132503693651619	0.100416655651801	0.0626378694018781	0.0310751390076047	0.0113438429838243	0.00273095235997168	0.000325305699238359	
1.46663048978125e-06	0	1.46663048978125e-06	7.33315244890626e-06	4.10656537138751e-05	0.00014006321177411	0.000401123438955172	0.00112270563992755	0.00262306863097377	0.00582178972918668	0.0123614950831213	0.0238510783400676	0.0419023664082953	0.0664676937968863	0.0962593589358129	0.126579744366306	0.145185418759671	0.147384631179098	0.129628135839316	0.0972075355474565	0.0602117814427244	0.029493939149501	0.0105010743068338	0.00254313726928069	0.000262526857670844	
7.33907787422142e-07	0	0	1.46781557484428e-06	8.07298566164356e-06	5.7244807418927e-05	0.000179073500131003	0.000479241785186658	0.00117718809102511	0.0028438926762608	0.006310873064043	0.0130121850709946	0.0252266123770613	0.0438568615607723	0.0693829083151018	0.0988823318305348	0.127767474527895	0.145288055137024	0.145277046520213	0.126930819650234	0.0947416240938991	0.0580506381695166	0.0276074092394587	0.0102233354787904	0.00241455662061885	0.000280352774795258	
5.14144481944348e-06	1.68933186924571e-05	5.72903851309416e-05	0.000237975445928527	0.000526630847934425	0.0014190387701664	0.00307825646261251	0.00687190824724474	0.0137232507152117	0.0268221831309195	0.0455693599268446	0.0711620032538001	0.101854959841643	0.129200835852029	0.144497368681991	0.143998648534505	0.125358707587671	0.0917108892128815	0.0553520604340114	0.0266804261523263	0.00951681436078987	0.00214765495029325	0.000191702442553535	
