# <P(N_1)> as a function of N_tot.
# number_of_species: 2
# species_total_upper_bound: 100
# species_total_lower_bound: 0
# volume: 512
# Bin widths for each species index 
1	1	1	1	1	1	1	1	1	1	1	1	1	1	1	1	1	1	1	1	1	1	1	1	1	1	1	1	1	1	1	1	1	1	1	1	1	1	1	1	1	1	1	1	1	1	1	1	1	1	1	1	1	1	1	1	1	1	1	1	1	1	1	1	1	1	1	1	1	1	1	1	1	1	1	1	1	1	1	1	1	1	1	1	1	1	1	1	1	1	1	1	1	1	1	1	1	1	1	1	1	
# Bin lower bound for each species index 
0	0	0	0	0	0	0	0	2	3	4	5	6	6	7	8	9	9	10	11	12	13	13	14	14	15	16	17	17	18	20	20	22	22	23	23	25	25	26	27	28	29	29	30	31	32	33	34	35	35	36	36	37	39	39	40	40	41	42	43	44	45	45	47	48	49	49	50	50	51	52	53	53	51	52	52	53	54	57	58	61	61	62	63	64	65	66	68	69	69	70	70	70	71	72	72	73	73	74	74	78	
# Bin upper bound for each species index 
0	1	2	3	4	5	6	7	8	9	10	11	12	13	14	15	16	17	18	19	20	21	22	23	24	25	26	27	28	29	30	31	32	33	34	35	36	37	38	39	40	41	42	43	44	45	46	47	48	49	50	51	52	53	54	55	56	57	58	59	60	61	62	63	64	65	66	67	68	69	70	71	72	73	74	75	76	77	78	79	80	81	82	83	84	85	86	87	88	89	90	91	92	93	94	95	96	97	98	99	100	
# Normalized histogram for each species index 
1	
0.0794749034749035	0.920525096525097	
0.0061445273982251	0.146806592477814	0.847048880123961	
0.000583296759305141	0.0174309458751575	0.201914119462574	0.780071637902963	
3.65422076553114e-05	0.00199857766484049	0.0320559489308593	0.245909380946893	0.719999550249752	
8.41387279346186e-06	0.000168277455869237	0.00419010865114401	0.049406261043208	0.284273910824167	0.661953028152818	
1.40281966753174e-05	1.40281966753174e-05	0.000398400785579014	0.00759206004068177	0.0676411587290454	0.313538612611349	0.610801711439994	
1.96521568242115e-05	5.6149019497747e-06	3.93043136484229e-05	0.000974185488285911	0.0127205603672146	0.0860231053215233	0.338300649924901	0.561916927525653	
1.67734576805663e-05	8.38672884028314e-05	0.00199604146398739	0.0182187706173751	0.106665212967001	0.355320540776276	0.517698793429277	
8.3747184000938e-06	0.000248449979202783	0.00315447726403533	0.025442394499485	0.12680719444142	0.369855480276142	0.474483628821314	
2.50885766135439e-05	0.00051013439114206	0.00490342291813597	0.0339113927226402	0.148192646816957	0.376334224442406	0.436123090132105	
9.82097760817105e-05	0.00088108199113306	0.00747797295022167	0.0432684213479993	0.165160783433414	0.380992199337785	0.402121331163365	
0.000121802679658953	0.00128317706710478	0.0105600090643855	0.0515961816276237	0.182112001812877	0.383089255870606	0.371237571877744	
5.68425659871138e-06	0.000190422596056831	0.00213443835281612	0.0137217954292893	0.0620322922617373	0.196621277877726	0.383388896941586	0.34190519228419	
1.7111225819699e-05	0.000316557677664432	0.00297164955068773	0.0169001873679227	0.0726400054755923	0.212105051519049	0.377998385841031	0.317051051342233	
6.24991122285195e-05	0.000465902472976236	0.00416187270067187	0.0214542407068081	0.0846323205636284	0.227093365151063	0.373872530219741	0.288257269072882	
0.00011079702836688	0.00078694299634938	0.00540916774386	0.0269378826403784	0.0973110413500192	0.239773292234265	0.36539723575619	0.264273640250572	
1.41966001981845e-05	0.000113572801585476	0.00105054841466566	0.0074163039435316	0.0325584828945164	0.10705088345443	0.247878318100381	0.359435202457715	0.244482491332976	
5.70016558981038e-06	0.000168154884899406	0.00139369048670864	0.00923996842108263	0.0382481111076277	0.118626146089544	0.258257402377539	0.350674187085135	0.223386639381874	
3.43148328724661e-05	0.000223046413671029	0.00202171557006946	0.0114811711652459	0.0462849904061446	0.129998884767932	0.263572231293412	0.340823498797551	0.205560146753102	
4.60564191134139e-05	0.000466321243523316	0.00309153713298791	0.0148013816925734	0.0526827864133564	0.139668969487622	0.269199769717904	0.328972366148532	0.191070811744387	
9.81654607713495e-05	0.000744902614088476	0.00411140047465888	0.0171818428544206	0.0588328704158173	0.150389485901708	0.275469606241014	0.318399672011872	0.17477205402565	
1.73956910873177e-05	0.000150762656090086	0.00102344649230386	0.00518971450771644	0.0204631312823814	0.0655817553991876	0.161750934293575	0.280334461153972	0.303612795110651	0.161875603413035	
5.22420548541576e-05	0.000203163546655057	0.00140763314468147	0.00659701059352779	0.0240719779422435	0.0731708024960093	0.170703816572341	0.28007255840952	0.294314323030039	0.149406472210129	
2.9016121357026e-06	5.51306305783493e-05	0.000295964437841665	0.00162490279599345	0.00806067851298181	0.0278496732784735	0.0806851286574821	0.177523532074421	0.280516254831184	0.284575610209032	0.138810222959876	
5.79320572832182e-06	4.63456458265746e-05	0.000367868563748436	0.00205369143069009	0.00922857672521667	0.0326128516475877	0.0880827964962692	0.187607174305974	0.282844579876721	0.271544932103629	0.12560538999861	
5.79120952306494e-06	6.94945142767793e-05	0.000500939623745117	0.00275951133774044	0.0109888200700157	0.0372751200952075	0.0973647101065293	0.196316211622378	0.280977903640065	0.259263763533333	0.114477734247186	
1.15356885364095e-05	0.000152847873107426	0.000660418168709445	0.00347512617159337	0.0137274693583273	0.0417505407354001	0.105617880317231	0.202454217736121	0.279948089401586	0.246961788031723	0.105240086517664	
2.88166998538993e-06	2.01716898977295e-05	0.000219006918889635	0.0010028211549157	0.0046654237063463	0.0160912451984174	0.0461268914561367	0.113413885614992	0.206523524512926	0.278086916930099	0.236417968941361	0.0974292622060336	
5.72998587558482e-06	3.72449081913013e-05	0.000257849364401317	0.00136087164545139	0.00543202661005441	0.018327359823058	0.0520196767714968	0.119962984291244	0.211353394013884	0.274245718984303	0.227892998243759	0.0891041453582817	
5.96389288848372e-05	0.000394752910237732	0.0015562920489948	0.00600649212340146	0.0212342986319966	0.0567507007574144	0.127590388476623	0.216421153076091	0.271107210914492	0.215668566592544	0.0832105055393205	
5.66541744212068e-06	7.08177180265085e-05	0.000405077347111629	0.00163730564077288	0.00726589786951977	0.0235624711417799	0.0628748027726553	0.134780280948051	0.221002268999686	0.265470130502891	0.206816063724615	0.0761092179174492	
8.49880025269766e-05	0.00041360827896462	0.00235133473657969	0.00918153720633104	0.0264001065182965	0.0697751500746478	0.140357686173302	0.225609151508112	0.262893388216697	0.193764146961254	0.0691689023232887	
1.4170889591765e-05	0.000110532938815767	0.000595177362854131	0.0032082894035756	0.0101236835243569	0.0293309072770352	0.0741789386570531	0.146765069323992	0.229840492466755	0.2576749538029	0.184363273588863	0.0637945107642077	
3.41462026577128e-05	0.00025040548615656	0.000830890931337677	0.00358819679594798	0.0113450758330251	0.0339555530262072	0.0795236604729249	0.154793273198076	0.231613692627266	0.249836382778932	0.175238312039382	0.058990410608087	
1.98418322514811e-05	4.25182119674594e-05	0.000229598344624281	0.00109980441622495	0.00403923013690864	0.013104112928371	0.0370702117406956	0.0849202074888744	0.161353779869044	0.234034411406219	0.243850449275773	0.166455965305139	0.0537798690439071	
5.92726400316121e-05	0.000378215893535048	0.00138020576073611	0.00473052117585628	0.0148661426212619	0.040483213141591	0.0896597468211519	0.167625848516067	0.234067655484836	0.238132065087004	0.158099888510987	0.0505172243469425	
2.81959392208334e-06	9.8685787272917e-05	0.000346810052416251	0.00154231787537959	0.00557433718395877	0.0165143616016421	0.0453108743278793	0.0973972328505249	0.172437905492851	0.233273463955721	0.231327944149484	0.148832265177169	0.0473409819517793	
2.82311225541261e-06	9.03395921732036e-05	0.000522275767251333	0.00196770924202259	0.00605839890011547	0.0185845479773812	0.0504264311061801	0.103890530999184	0.175752853460712	0.233369751481428	0.225129086807879	0.140136469246427	0.0440687823069909	
2.83745899871747e-06	0.000167410080924331	0.000581679094737081	0.00224443006798552	0.00683543872791038	0.0211192073274541	0.0534946145028204	0.111163131192754	0.181021371741178	0.231644477737297	0.217454345284711	0.133147763514817	0.0411232932684123	
3.98750202935371e-05	0.000185134022791422	0.000729143228224679	0.00251497449422809	0.00837660247737805	0.0237256370746546	0.0586504584203226	0.115760032127873	0.18403745973335	0.230585849494584	0.212434170613819	0.125418331686115	0.0375423316063652	
9.43026887696928e-05	0.00030005400972175	0.00090587734363614	0.00299482478274661	0.00978461837416449	0.0273077725419147	0.0619311476065692	0.121124659581582	0.18751089481821	0.22948416429243	0.20529123813715	0.119267182378542	0.0340032634445629	
3.42944348705814e-05	8.00203480313566e-05	0.00036866517485875	0.000971675654666472	0.00342658561748559	0.011474346333782	0.0299561888594528	0.0676657778692296	0.125143250712324	0.192677566581216	0.22738925040939	0.198547630683231	0.112428588984056	0.0298361583374058	
6.00144034568296e-05	0.00011717097817762	0.000362944249477017	0.00115456280935996	0.00399810240171927	0.0129916894340356	0.0332594108300278	0.0721087346677488	0.130719944215183	0.195795562363539	0.223899450153751	0.190888670423759	0.106442689102527	0.0282010539672379	
4.57811261584771e-05	9.72848930867638e-05	0.000406307494656484	0.00155655828938822	0.00508170500359096	0.0148903112830447	0.0359496293159441	0.0763400278692605	0.136361945583409	0.196346666132554	0.222032739227844	0.184537996904051	0.100266388927835	0.0260866579491772	
4.57358468992525e-05	0.000114339617248131	0.000437349035974102	0.00178083953863964	0.00598853745337088	0.0163619992282076	0.0389126302399703	0.0813211942773022	0.142733002701273	0.197358754841568	0.221484414080924	0.177683765203596	0.0922920805522603	0.0234853573827662	
3.43061019119934e-05	0.00010577714756198	0.000528885737809898	0.00212697831854359	0.00644382947580276	0.0180764568657945	0.0425338486872198	0.0865142713383954	0.147178894886104	0.200276164120392	0.216771681456408	0.171247484219193	0.0865800247003934	0.0215813969444699	
3.13736227692641e-05	0.00023672824453172	0.000661698225679025	0.00243288183838021	0.0073813577933505	0.0200876750149025	0.046749550073728	0.0933308234435118	0.148825057827291	0.200859637263878	0.211954491134099	0.164680145915867	0.0824869585554443	0.020281621046567	
4.56420408838581e-05	0.000270999617747908	0.000818704108354205	0.00272996457036576	0.00818418845598681	0.0223161053646514	0.0505884970646462	0.0965443269795809	0.152278964153882	0.199532739606452	0.209622483269339	0.159193733347787	0.0782104896820461	0.0196631617382771	
5.68228632472562e-06	8.23931517085214e-05	0.000286955459398644	0.00097167096152808	0.00324174434825596	0.00930190271357583	0.0247406746578553	0.0534987257472917	0.100650337669865	0.154740021194928	0.203380392134579	0.205335098630285	0.151779550019746	0.0741112193902339	0.0178736316344244	
2.27798216339966e-05	8.82718088317369e-05	0.000367324623848195	0.00119594063578482	0.0040206385184004	0.0108517375308951	0.0266239165347335	0.0573225736642482	0.103679510689431	0.160529403054774	0.204548560884768	0.199972664214039	0.1445322733123	0.0691709283916307	0.0170734763146805	
5.69909355916941e-06	1.13981871183388e-05	0.000113981871183388	0.000470175218631477	0.00151880843351865	0.00462196487648639	0.0117201859044319	0.0289058025321073	0.0598262346373809	0.108898279728609	0.164974510804057	0.202953270282362	0.195718271008996	0.14073341635013	0.064251580786076	0.0152764202853536	
1.71451594928462e-05	2.57177392392693e-05	0.000200026860749872	0.000420056407574731	0.00174023368852389	0.00555217414910002	0.0129445954170989	0.030352647355502	0.063985735227302	0.113483810683149	0.167493920612197	0.201261312233357	0.192274391132524	0.135938254565613	0.0604795501110149	0.0138304286575626	
5.72890260006245e-05	0.000160409272801748	0.000658823799007181	0.00187908005282048	0.00606977230476616	0.0145113102859582	0.0337518296682679	0.0678731735542398	0.117568539158481	0.170220018504355	0.201061565651792	0.187979616564549	0.128903172952705	0.0568278493413194	0.012477549862936	
2.85916060762881e-06	3.43099272915457e-05	0.000157253833419585	0.000657606939754627	0.00221013114969707	0.00578408190923309	0.0168233010152879	0.0363113397168859	0.072782792427799	0.120539352057023	0.171881299088214	0.199969692897559	0.183741097288658	0.12346141419802	0.0544670095753289	0.011176458815221	
2.86464002933391e-05	5.72928005866783e-05	0.000214848002200044	0.000779182087978825	0.00242062082478716	0.00691237639078273	0.0174857627390542	0.039411717523576	0.0768926676673809	0.124580330235703	0.17241408944552	0.20032714189135	0.178902499111962	0.119045845699029	0.0504147998762475	0.0101121793035487	
5.73950674679018e-06	3.73067938541362e-05	6.60043275880871e-05	0.000258277803605558	0.000835098231657971	0.00289271140038225	0.00791191005045026	0.0186361784068277	0.0423891270784189	0.0815096050645407	0.12793073563258	0.176538618271146	0.198684505053636	0.173605730323536	0.113119938472488	0.0465703577434555	0.00900815583908719	
2.00667362313523e-05	3.15334426492679e-05	0.000100333681156761	0.000246534187985185	0.000920203190037725	0.00329954477175521	0.00829616209336192	0.0207260718503824	0.0447115550000573	0.0837356236168285	0.133776330424612	0.179150087720304	0.197026683025834	0.167597381004254	0.107692440000459	0.0437454849843479	0.0089239642697428	
2.57975010820619e-05	2.29311120729439e-05	9.45908373008935e-05	0.00038409612722181	0.00107776226742836	0.00360305098446131	0.00880268064700133	0.0227247320642874	0.0479489553445256	0.0888551928936484	0.138601374146891	0.179759853928816	0.193808026462503	0.163567622416309	0.102155237895956	0.0406482625383021	0.00791983283219299	
3.15162767243701e-05	1.14604642634073e-05	0.000146120919358443	0.000515720891853329	0.00155002779162584	0.00388223226922923	0.00968122718651333	0.0248004446660134	0.0520820798450545	0.0924143187040507	0.142493682419075	0.180576805166377	0.190905548583773	0.158197383576009	0.096720588151026	0.038323792496834	0.00766705059221949	
2.00102910068035e-05	1.71516780058316e-05	0.000154365102052484	0.000608884569207021	0.0017208850265851	0.00403636155737236	0.0109599222457264	0.0275684637813733	0.0541621405294151	0.0972014178720485	0.144034074666972	0.181987879480876	0.186598822251444	0.153867703390315	0.0925047167114516	0.0378766222628781	0.0066805785832714	
2.85218819878611e-05	1.14087527951444e-05	0.00015401816273445	0.000658855473919591	0.00181113950622918	0.00532503536713367	0.0129261169168986	0.0298310363711039	0.058712294072012	0.100568155889198	0.146930475060466	0.1795110208552	0.185703121434765	0.14750946926482	0.0885718523251038	0.0352787158307854	0.00646876283484689	
2.85984745573671e-06	2.85984745573671e-06	3.43181694688405e-05	0.00020018932190157	0.000677783847009601	0.00209626818505501	0.00568251689454885	0.0149455628036801	0.0322362005210642	0.0614495422814147	0.104913503913701	0.146861746394447	0.179975920084423	0.181906317117045	0.146086727733943	0.0845485301814001	0.0323763330463953	0.00600281980959136	
1.42947403932197e-05	7.14737019660986e-05	0.000240151638606091	0.000774774929312509	0.00224713318981414	0.00654985004817328	0.0165590272715057	0.0341043916301436	0.0655871278721707	0.10600407685996	0.148979784378136	0.181551779838126	0.179776373081288	0.142049694235503	0.0798361250961321	0.0302619654124461	0.00539197607632248	
1.71555522515233e-05	0.000157259228972297	0.000251614766355675	0.000826325766781704	0.002639095788026	0.0075341466971273	0.0173070929630784	0.0364812818628642	0.0672354685324283	0.10952962334985	0.152372755839321	0.181940350144821	0.176736499295193	0.135245796174884	0.0775488146943024	0.0289614314592799	0.00521528788446307	
3.14186969809488e-05	0.00013709976864414	0.000322755705349747	0.00106823569735226	0.00283910770900574	0.00840021707463369	0.0188512181885693	0.0378909485590243	0.0711662049070292	0.112895946988089	0.154208677272857	0.181879980577533	0.172959926880123	0.132332695438576	0.0734026448830368	0.0268772671446117	0.00473565450858302	
2.85447596103069e-06	1.42723798051535e-05	0.000119887990363289	0.000445298249920788	0.00126738732669763	0.00354240466763909	0.00935411772429758	0.0201526002848767	0.0408989315696478	0.0743648077367716	0.114030605691254	0.155937167275146	0.181835827669577	0.172961261906733	0.127209721203333	0.0689384489348523	0.0248425042888501	0.00408190062427389	
8.58580365984191e-06	2.86193455328064e-05	0.000103029643918103	0.000440737921205218	0.0013307995672755	0.00412118575672412	0.00968478652830167	0.0222143360025643	0.0438476992908126	0.0774897399646265	0.118280893152535	0.158845953510735	0.181312139753988	0.168974339894795	0.122256120247042	0.0643763558414946	0.0227409319603679	0.00394374581442072	
5.72462274736095e-06	8.58693412104142e-06	2.57608023631243e-05	0.000128804011815621	0.000526665292757207	0.00182329234503446	0.00466842985047285	0.0105876897712441	0.0241893934189737	0.0460603146252662	0.0803765656843214	0.122174898674177	0.161966751391083	0.180030798470381	0.165533191362689	0.116287124178517	0.0603775961164159	0.021427262943372	0.00380114950424767	
2.00542611007497e-05	5.7297888859285e-06	1.71893666577855e-05	0.000160434088805998	0.000796440655144061	0.0018192079712823	0.00508518763626154	0.0118893119383016	0.0256866435756175	0.0486115289082174	0.0842393562009208	0.124419500763494	0.163387794976694	0.180322186029056	0.159588944945323	0.112937003836094	0.0576703251368703	0.0199110163786015	0.00343214354267117	
2.00536865837972e-05	2.86481236911388e-06	4.58369979058222e-05	0.000186212803992403	0.000756310465446066	0.00203401678207086	0.00565800442899992	0.0131752720855548	0.0270295047025895	0.0518559686933304	0.0867637074109831	0.128761856742193	0.164070669191521	0.178113979424918	0.156278379547532	0.10827271867829	0.0547866717469339	0.0191197577514661	0.00306821404732097	
2.8556008326932e-06	8.56680249807961e-06	9.70904283115689e-05	0.000228448066615456	0.000905225463963745	0.00227305826282379	0.00611098578196345	0.0139324764627101	0.0289643592460072	0.0557213390483425	0.0898686138056878	0.131640342786324	0.164985193709682	0.176299084208813	0.151946520307605	0.103872480289215	0.0529456950389647	0.0171792946094823	0.00301837008015672	
5.70787658429249e-06	0	3.4247259505755e-05	0.000125573284854435	0.000199775680450237	0.00101885597029621	0.00256854446293162	0.00682091251822953	0.0147976700447783	0.0308653426295617	0.0580091497261646	0.0935834905377676	0.133624244776579	0.166806985299364	0.174007471610449	0.147651351482478	0.0997051881744213	0.0502749769544483	0.0171464612592147	0.00275405045192113	
5.72085652663917e-06	0	2.86042826331958e-06	8.58128478995875e-06	2.28834261065567e-05	3.14647108965154e-05	0.000105835845742825	0.00034611181986167	0.00107266059874484	0.0030234726743288	0.0072740690736217	0.0157552388743643	0.0338217037854908	0.0606811251780617	0.0965709185979325	0.136305127603705	0.166923151734278	0.170753265178863	0.144488812865062	0.0953094697338085	0.0491478784203571	0.016092769409436	0.00225687789975915	
5.70019808188335e-06	2.85009904094167e-06	5.70019808188335e-06	1.99506932865917e-05	1.42504952047084e-05	2.56508913684751e-05	0.000159605546292734	0.000364812677240534	0.00141079902526613	0.00334316617502458	0.00799737790888233	0.0173115015746797	0.0358257449446368	0.0633520014820515	0.0997192652444672	0.138985079731521	0.168315448961851	0.16873441352087	0.139991164692973	0.092106650706112	0.0459464466390207	0.0143445484730594	0.0020178701209867	
2.84312220307853e-06	5.68624440615707e-06	8.5293666092356e-06	1.42156110153927e-05	2.27449776246283e-05	1.42156110153927e-05	4.2646833046178e-05	0.000162057965575476	0.000400880230634073	0.00140165924611772	0.00369321574179901	0.00850093538720481	0.019441269624651	0.0372591164713442	0.0666683725399885	0.103225237827172	0.143105712969755	0.167010684453239	0.167980189124489	0.136074671761542	0.0882107094727146	0.0419019350289714	0.0128224811358842	0.00202998925299807	
5.67888194172331e-06	5.67888194172331e-06	1.41972048543083e-05	8.51832291258497e-06	3.12338506794782e-05	1.70366458251699e-05	0.000116417079805328	0.000184563663106008	0.000508259933784237	0.00142539936737255	0.00435002356736006	0.0100487815958794	0.0210771703267061	0.0406977074353601	0.070193820240671	0.105919666536052	0.145260121187341	0.166246429402979	0.16506238251813	0.132888676877296	0.0836726465293513	0.0388151580716788	0.0115196120187857	0.00193081986018593	
2.83118493583119e-06	5.66236987166239e-06	3.68054041658055e-05	2.83118493583119e-05	8.49355480749358e-06	3.68054041658055e-05	8.7766733010767e-05	0.000203845315379846	0.000518106843257108	0.00179780243425281	0.00479319609636221	0.0109396985920517	0.0231137938161259	0.0438550546560252	0.0724670096175352	0.110832396682984	0.144656563111359	0.167362666296725	0.163144200742337	0.1283432755111	0.079564790251664	0.0359050873562112	0.0105405015160995	0.00175533466021534	
2.83614726411054e-05	8.50844179233163e-06	2.83614726411054e-06	3.6869914433437e-05	6.23952398104319e-05	0.000221219486600622	0.000564393305557998	0.00220368642421389	0.00543973045256402	0.0122351392973729	0.0242944374643709	0.0461100822199092	0.0768198847956981	0.113409020649988	0.147227240627242	0.16544097835736	0.161521422838359	0.123346880663432	0.0751579024989294	0.0341443769126268	0.00980456109203014	0.00192007169780284	
5.7035955466326e-06	0	5.7035955466326e-06	2.8517977733163e-05	0.000108368315386019	0.000222440226318671	0.000846983938674941	0.00238410293849243	0.00637947161890856	0.0127817576200037	0.0261538373790838	0.0487657419237087	0.0807087287826246	0.115084299142179	0.148715550282898	0.166060184340208	0.156047522358095	0.118820154225224	0.0731457610877897	0.0325475679868589	0.00963622467603577	0.00155137798868407	
8.60871661252741e-06	6.88697329002192e-05	0.000140609038004614	0.00034147909229692	0.000901045672111202	0.00262852813902503	0.0068783645734094	0.0141555996831992	0.028368590810482	0.0509980372126123	0.0826207229026297	0.117655329943412	0.150124539433661	0.165611620619598	0.149783060341364	0.116605066516684	0.0710620860642096	0.0314419026411543	0.00915680490352498	0.00144913396310878	
2.89363573755881e-06	5.78727147511763e-06	5.78727147511763e-05	0.000124426336715029	0.000280682666543205	0.00104749613699629	0.00303831752443675	0.00713281209308247	0.0147546486258124	0.0303744943371549	0.0524558286504662	0.0851452315776681	0.122024619052855	0.15128506363105	0.162636796629493	0.149137985913781	0.113297413668378	0.0672162645477537	0.0299983216912722	0.00860567268349991	0.001377370611078	
5.82017972714997e-06	1.45504493178749e-05	2.91008986357499e-05	0.000148414583042324	0.000352120873492573	0.00115530567583927	0.00313998696279741	0.00749639148856917	0.0160520556874796	0.0314784420542906	0.0558388043022769	0.0883881594263631	0.123157913116357	0.152357754807468	0.161216068352191	0.14671800065186	0.110178912324813	0.0645137821855939	0.0284752293150813	0.00807549937142059	0.00120768729338362	
2.91978475346797e-06	3.21176322881477e-05	7.88341883436353e-05	0.000239422349784374	0.00046132599104794	0.00113871605385251	0.00352418019743585	0.00802064871777653	0.0172296498302145	0.0328592576155286	0.0584102939931268	0.0899118516982928	0.12634784563682	0.153755865117624	0.16162468502822	0.143454864507389	0.106814485636119	0.0611169344595916	0.0262342660099097	0.0076673547626069	0.00107448078927621	
8.77629230904251e-06	3.21797384664892e-05	0.000119942661556914	0.000269139630810637	0.000488546938536699	0.00144808823099201	0.00423017289295849	0.0088845332475207	0.0183307492028201	0.0338823391744434	0.0594242752245268	0.0928180674604335	0.128713103004417	0.154585612731475	0.160424772547758	0.141488459175614	0.102992715677383	0.0593189597168183	0.0247988766345844	0.00687768773951964	0.000863002077055846	
8.81269498087645e-06	4.70010398980077e-05	9.98772097832664e-05	0.000282006239388046	0.000702078033476491	0.00190354211586931	0.00465897807989002	0.00990840672349876	0.019476055907737	0.0358794188321417	0.0618798065907208	0.0960260620766234	0.128544906556058	0.15514749513833	0.159160208919622	0.139992597336216	0.0986199319659948	0.0573735818904993	0.0235533961188891	0.00603082093191312	0.000705015598470116	
2.95187266802059e-06	2.06631086761441e-05	8.56043073725972e-05	0.00025090917678175	0.000929839890426487	0.00214896330231899	0.00492962735559439	0.0100157039625939	0.0202823171019695	0.0374326973031691	0.0662665895243943	0.0981231993576725	0.131036579606102	0.155926769942852	0.159321423511075	0.134292495158929	0.09662069616965	0.0542760827468946	0.021790724035328	0.00559379870589902	0.000652363859632551	
5.33909164254188e-05	0.000109747994874472	0.000441958141521522	0.0010529875183902	0.0021652982772531	0.00488526885292582	0.0107968297660291	0.0217923923876418	0.0411050733235252	0.0698382848464714	0.101935124104219	0.134162474491007	0.156387926534099	0.155450619334631	0.130929357885245	0.0907408286270229	0.0513590954392293	0.0207809311375825	0.00525010678183285	0.000762303640074035	
5.0844314708363e-05	0.000173468838416768	0.000406754517666904	0.00106473976683395	0.00237173773904305	0.00518013841616969	0.0113023920754649	0.0229666760379717	0.0421559185773163	0.0724352034071672	0.104751251667394	0.13645417730908	0.156821811612841	0.15378909778259	0.127134713507241	0.0890194225282186	0.0489182124335285	0.0192969128528446	0.0049139534744612	0.000792573141042129	
2.9964522005945e-06	5.99290440118899e-05	0.000149822610029725	0.000437482021286796	0.00122255249784255	0.00243611563908333	0.00524079489883977	0.0122914469268386	0.0247566880813117	0.045105594975549	0.0747015533608208	0.107947190526417	0.139236144405024	0.155252181417202	0.15055374436667	0.125173794227634	0.0855726819445776	0.0466607536676575	0.0181075606481925	0.00444973151788283	0.000641240770927222	
5.96872388683299e-06	7.46090485854124e-05	0.000173092992718157	0.000390951414587561	0.00128327563566909	0.00257550435716844	0.00614480124149457	0.013936970275755	0.0269816163304286	0.0476154948072102	0.0768115076996538	0.109988659424615	0.138799689626358	0.153620031037364	0.148740599259878	0.122776650352155	0.0836307747403605	0.0447773665990211	0.0166945207114719	0.00444669929569058	0.000531216425928137	
1.4819337457061e-05	8.89160247423658e-06	4.14941448797707e-05	0.000124482434639312	0.000465327196151714	0.00114701671917652	0.00299350616632632	0.00697990794227572	0.0152550259782986	0.0285212968698595	0.0497248049034224	0.0800481332080605	0.111349537784865	0.138803842357816	0.152846646532127	0.146678838282498	0.120715359057727	0.0801340853653115	0.043106488795099	0.0165205973971316	0.00391823282364692	0.000601665100756675	
1.18434999911174e-05	2.36869999822347e-05	2.96087499777934e-05	3.25696249755728e-05	0.000148043749888967	0.000467818249649136	0.0014478678739141	0.00336947574747289	0.00741995274443504	0.0162729689877953	0.0301950032273537	0.0520936347109298	0.0820103156884923	0.113209055540093	0.139486821145385	0.152334057760749	0.146048120140464	0.116232108912826	0.0774209594419343	0.0411798494691151	0.0161130817379152	0.00391131587206651	0.00054184012459362	
1.77606223322065e-05	3.25611409423786e-05	2.36808297762754e-05	2.96010372203442e-05	0.000189446638210203	0.000559459603464505	0.00162213683967486	0.00385997525353288	0.00843925571152013	0.0173906093669522	0.0313948600758971	0.0541136561425112	0.08462344520552	0.116166310467519	0.140234913831381	0.152841995583525	0.144826034704256	0.112919076684447	0.0730642401709756	0.0388661618703119	0.0146909947724568	0.00361724674832606	0.000476576699247542	
1.46981010053501e-05	2.93962020107002e-05	2.35169616085602e-05	4.11546828149803e-05	0.000238109236286672	0.000784878593685696	0.00170791933682168	0.00411252866129696	0.00912752072432242	0.018557822329355	0.034005526485978	0.0571550355694044	0.0875830442706802	0.118234464107237	0.142542183549885	0.152137103886178	0.140208125110236	0.108548415544712	0.0708977600094068	0.0372861426303722	0.013184196601799	0.00317185019695455	0.000408607207948733	
5.85182020867591e-06	2.34072808347036e-05	2.92591010433795e-05	1.46295505216898e-05	0.000108258673860504	0.000283813280120782	0.00078706981806691	0.00186965655667195	0.00450004974047177	0.0100826862195486	0.0196855231819858	0.0367494309104847	0.0603849327333267	0.0902292157975738	0.120600162680602	0.142731746709814	0.150549778508605	0.136669260973626	0.10544980016034	0.0691217003048798	0.0345345169615009	0.0123327110897845	0.00292883601444229	0.000327701931685851	
2.61893607177049e-05	0	5.81985793726775e-06	4.36489345295081e-05	6.9838295247213e-05	0.000235704246459344	0.00093117726996284	0.00213588786297726	0.0050079877550189	0.0110606400097774	0.0211930126785605	0.0384110623859672	0.0617254132826618	0.092975140476821	0.120930828078487	0.144300467625585	0.149596538348499	0.134252482896892	0.103299568457534	0.0670709527980422	0.0315872789545207	0.0120209165694265	0.00283718074441803	0.000282263109957486	
5.8303938431041e-06	5.8303938431041e-06	8.74559076465615e-06	0	5.8303938431041e-06	0.000116607876862082	0.000399381978252631	0.000871643879544063	0.00246625659563304	0.0057575139200653	0.0115616709908754	0.0226306737020086	0.0405474739818675	0.0643150744832813	0.0930239337667259	0.124647989971723	0.144949421333411	0.148097834008687	0.133177856164184	0.100314841267528	0.0623939597119785	0.030385097513337	0.0112176777541323	0.00281608022621928	0.000282774101390549	
5.82631747603927e-06	0	2.91315873801963e-06	0	2.91315873801963e-05	0.000166050048067119	0.000393276429632651	0.00105456346316311	0.00307338246861071	0.00608850176246104	0.0122061351123023	0.0237859410959303	0.0417018673347511	0.0669036035773589	0.09495440906575	0.127264252629126	0.144210097008186	0.148064206018586	0.130177411367145	0.0976578203746322	0.0599528068284441	0.0288490109826084	0.0105631135840592	0.0026859323564541	0.000209747429137414	
2.91603000011664e-06	0	0	2.91603000011664e-06	5.83206000023328e-06	3.20763300012831e-05	0.000198290040007932	0.000516137310020646	0.00108184713004327	0.00318138873012726	0.0062373881702495	0.0126614022605065	0.0250049572510002	0.043725869851749	0.0694423384227777	0.10026185949401	0.128652327575146	0.144635088005785	0.146151423605846	0.127908739925116	0.094374394923775	0.0571804322722872	0.0262151097010486	0.0100573874704023	0.00225117516009005	0.000218702250008748	
2.04546782771317e-05	8.76629069019929e-06	2.62988720705979e-05	0.000230845654841915	0.000525977441411957	0.00151949038630121	0.00342761965986792	0.00667991350593186	0.0134095026591082	0.0267810180585588	0.0445444450937993	0.0729443048331483	0.103708140961954	0.12932032026182	0.144135351528257	0.145175618023494	0.124513470866694	0.0921132604757174	0.0547542516509847	0.0247706153936065	0.00903804570159547	0.00219157267254982	0.00016071532932032	
