# <P(N_1)> as a function of N_tot.
# number_of_species: 2
# species_total_upper_bound: 100
# species_total_lower_bound: 0
# volume: 512
# Bin widths for each species index 
1	1	1	1	1	1	1	1	1	1	1	1	1	1	1	1	1	1	1	1	1	1	1	1	1	1	1	1	1	1	1	1	1	1	1	1	1	1	1	1	1	1	1	1	1	1	1	1	1	1	1	1	1	1	1	1	1	1	1	1	1	1	1	1	1	1	1	1	1	1	1	1	1	1	1	1	1	1	1	1	1	1	1	1	1	1	1	1	1	1	1	1	1	1	1	1	1	1	1	1	1	
# Bin lower bound for each species index 
0	0	0	0	0	0	0	0	2	3	4	5	6	6	7	8	8	9	9	10	10	11	12	13	14	14	15	16	16	17	18	19	20	22	23	23	25	25	26	26	27	27	28	29	29	29	30	31	32	33	36	36	37	38	39	40	40	41	41	42	43	45	45	47	47	48	49	50	50	51	52	53	53	51	52	52	53	54	57	58	60	61	62	63	64	65	66	67	68	69	69	69	69	70	71	71	71	73	74	74	78	
# Bin upper bound for each species index 
0	1	2	3	4	5	6	7	8	9	10	11	12	13	14	15	16	17	18	19	20	21	22	23	24	25	26	27	28	29	30	31	32	33	34	35	36	37	38	39	40	41	42	43	44	45	46	47	48	49	50	51	52	53	54	55	56	57	58	59	60	61	62	63	64	65	66	67	68	69	70	71	72	73	74	75	76	77	78	79	80	81	82	83	84	85	86	87	88	89	90	91	92	93	94	95	96	97	98	99	100	
# Normalized histogram for each species index 
1	
0.0799883382234695	0.92001166177653	
0.00633563970511833	0.146447059575795	0.847217300719087	
0.000464600883809727	0.017518657463653	0.201404483131517	0.780612258521021	
1.72338138032243e-05	0.00176712875382292	0.0322312088459841	0.245960990599617	0.720023437986772	
3.97171608584732e-06	0.000157544738071944	0.00421796248316985	0.0497563352181333	0.28452579695793	0.661338388886609	
6.60933290681105e-06	7.93119948817326e-06	0.000463975170058136	0.00781751896217611	0.0678302617560204	0.314205042656635	0.609668660922716	
9.24794398388215e-06	3.96340456452092e-06	5.1524259338772e-05	0.00105294447930773	0.0128652112164349	0.086692869174621	0.338090299567328	0.561233939954421	
1.44150755481005e-05	0.000116631065798268	0.00213867302677273	0.0183661167096935	0.107096148553906	0.353701398262328	0.518566617305953	
1.82865024712902e-05	0.000266460464581657	0.00341565742588742	0.0260256115528898	0.125982246418458	0.369418698210013	0.474873039425699	
2.86715929676402e-05	0.000521301690320731	0.00532640002085207	0.0340996468181048	0.146865021959834	0.376710846984921	0.436448110933	
6.9196110917449e-05	0.000907382963917492	0.00769121300782438	0.043523048180077	0.165086253605052	0.380540748023015	0.402182158109197	
9.16437884494787e-05	0.00145451784239101	0.0106463898238737	0.0529962936633557	0.18190375569337	0.382680895019422	0.370226504169138	
1.05070574591571e-05	0.00019832070954159	0.00217496089404552	0.0139914603890501	0.063037091226213	0.197315972172058	0.383323723753699	0.339947963797934	
1.71707152131216e-05	0.000350018425498248	0.00299959186530763	0.017279022801389	0.0736319893066069	0.212915547818461	0.379065992341861	0.313740666725663	
7.6649112257911e-05	0.000522006885204739	0.00409676289654352	0.0213811377107025	0.0844778939995639	0.226952735250002	0.37413488922221	0.288357924923516	
1.32065678903432e-05	0.000120179767802123	0.000791073416631559	0.00559562281513842	0.0264369076028891	0.0962428635008763	0.23855023580327	0.367083157796035	0.265166752729467	
2.23954134193317e-05	0.000129102971476148	0.00107761459864784	0.00724030542074395	0.0323626897681943	0.106723366583935	0.247846088179964	0.359514888997792	0.245083548065827	
3.95837374173195e-06	1.97918687086597e-05	0.00018208519211967	0.00141181996788439	0.00926259455565276	0.0383038632408261	0.118273568487123	0.25727186242804	0.350238228126357	0.225032227759547	
1.71464597836381e-05	5.53962546855999e-05	0.000305998359215695	0.00212747997161601	0.01177170412069	0.0454526269695347	0.12935948739999	0.26350151812117	0.340171253564485	0.207237388778829	
3.96190234703095e-06	6.60317057838492e-06	9.64062904444198e-05	0.000496558427494546	0.00315235363412096	0.0143988737632262	0.0515892510948057	0.13952895622362	0.270456622451836	0.328971278849252	0.191299134192274	
1.32056958807473e-06	1.4526265468822e-05	0.000116210123750576	0.000727633843029175	0.00419544958131341	0.0168438650958932	0.0584259602851902	0.151098251697922	0.275202740446009	0.318686455842134	0.174687586249701	
5.30255026154829e-06	2.12102010461932e-05	0.000174984158631094	0.00105520750204811	0.00532110918746371	0.020408190319134	0.0663945574624115	0.161400350498572	0.279176619995387	0.304916524602508	0.161125943522537	
3.97431005977362e-06	3.97431005977362e-05	0.000251706303785663	0.00134331680020348	0.00659073084912459	0.0246208508202976	0.0735737525965492	0.170584011615584	0.280339882996312	0.293420662173047	0.14923136843444	
2.65112752453619e-06	5.6999241777528e-05	0.000307530792846197	0.00164767575649924	0.0081177524801298	0.0282132991161141	0.0812027105127811	0.177442616344731	0.280962518359058	0.284101453348109	0.137944792920429	
2.64567412438108e-06	1.05826964975243e-05	7.67245496070513e-05	0.000386268422159637	0.0021535787372462	0.0093260012884433	0.0324796183879643	0.087948822079738	0.18640758461858	0.28259503592164	0.272218702005818	0.126394435618182	
7.92569921178921e-06	1.84932981608415e-05	8.71826913296813e-05	0.000562724644037034	0.00272644052885549	0.0111039045957167	0.0363538613346085	0.0966803208851421	0.194693480187733	0.281276460277056	0.260425266600707	0.116063939257441	
2.63639035977501e-06	1.58183421586501e-05	0.000118637566189875	0.00070259803088004	0.0034180801014483	0.0134482272252123	0.0418289694481903	0.104141373796653	0.201443951000049	0.280138885044153	0.248398063307642	0.106342759747065	
1.32043880822475e-06	5.281755232899e-06	1.0563510465798e-05	0.000175618361493892	0.000938831992647797	0.00435612762833345	0.0157409510328472	0.0461532976638797	0.11215807237061	0.20706725258938	0.277704126635363	0.237215511458768	0.0984730445621689	
6.57693967104779e-06	1.31538793420956e-05	4.20924138947058e-05	0.000263077586841911	0.00128381862378853	0.00518657462458828	0.0175906828441844	0.0517907691336329	0.119046554209768	0.212920529522567	0.274706931568258	0.227460827747319	0.0896884109061444	
1.30754334833086e-05	1.69980635283011e-05	5.49168206298959e-05	0.000370034767577632	0.00162919901202025	0.00609315200322179	0.0203754479970397	0.057165795189025	0.12669310519317	0.217508528451489	0.270415654955001	0.216169604062799	0.0834944880510151	
5.22338457038315e-06	1.69759998537452e-05	7.83507685557472e-05	0.000417870765630652	0.00182034952277853	0.00717954209199164	0.023570522873854	0.0622823317711061	0.133927580384624	0.220832947020516	0.266106632784312	0.206932214832584	0.0768294577996231	
1.30612586090021e-06	1.30612586090021e-05	8.22859292367131e-05	0.000489797197837578	0.00234972042375947	0.00873667588356149	0.026425538417733	0.0685611586903737	0.140285754215848	0.224820832185031	0.263389422731553	0.194459936548406	0.0703845103921904	
2.73681604034849e-05	0.000105562904413442	0.000643803392348644	0.00297921974677935	0.00999589477593948	0.0294325016453477	0.0739422531815487	0.146874490919635	0.22897897213009	0.257467923864384	0.185425802962278	0.0641262063168321	
4.43747789418181e-05	0.000241451003065775	0.000837900237666096	0.00354345661255989	0.0113729948146766	0.0330513794683118	0.0798106502079741	0.155140752883382	0.231418387603253	0.250154985441157	0.175681054971215	0.0587026119777969	
9.11755128622599e-06	6.12178443503745e-05	0.000307391729078476	0.00109150113969391	0.00412634321068056	0.0130654509931618	0.0370732660371215	0.0855043959622273	0.161159231520677	0.233779225008141	0.244440247476392	0.165426245522631	0.0539563660045588	
8.31932696644841e-05	0.000380869187682716	0.00134539115785533	0.00479271226957739	0.0151697727653833	0.0407777010839823	0.0903725888575614	0.167765727752625	0.233562504793362	0.237399794356637	0.157670744436775	0.0506790000688944	
7.77528392745142e-06	0.000103670452366019	0.000370621867208518	0.00164188078934682	0.00553211451438168	0.0169578942457715	0.0450072310140525	0.0977340230874097	0.17194522053297	0.233472338131547	0.231839528506783	0.148599930540797	0.0467877710334389	
1.94705313508006e-05	0.000119419258951577	0.000494551496310334	0.00193926492253974	0.00637205589340533	0.0188344939933411	0.0492838089551464	0.103812979056198	0.176676899512588	0.23421491572505	0.225323373074851	0.139695870300301	0.0432128972799668	
6.52404240105637e-06	3.91442544063382e-05	0.000142224124343029	0.000507570498802186	0.0022103455654779	0.00703813694225962	0.0210700473384517	0.0534332120731319	0.110205429047124	0.181380122025689	0.233135350393269	0.218102651892755	0.132670316650922	0.0400589251509663	
1.18034025275019e-05	5.90170126375096e-05	0.000153444232857525	0.000657056074030941	0.00248133750911485	0.00828074261762746	0.0239609071308289	0.0579651983233922	0.116420893596261	0.184710134663708	0.231605052905473	0.21168222092822	0.125043934887186	0.036968256716136	
2.63546278726544e-06	1.05418511490618e-05	8.43348091924942e-05	0.000230602993885726	0.00080381615011596	0.00293722327640734	0.00966028884672148	0.0268659076533839	0.0622087813620072	0.121486928104575	0.188340712629138	0.229807084123972	0.204841345140207	0.118889679527725	0.0338301180687329	
2.63702301198131e-06	3.69183221677384e-05	6.72440868055235e-05	0.000287435508305963	0.00101789088262479	0.00333319708714438	0.0109476010342404	0.0298260487770147	0.0677714914079198	0.125706886981149	0.192486857736564	0.228549465936914	0.198347641380692	0.111518384665184	0.0301002991702607	
1.3234760834637e-06	4.23512346708383e-05	9.52902780093861e-05	0.000316310783947823	0.0011739232860323	0.00389896054188405	0.012849629294349	0.0334442406291276	0.0720804779336833	0.13208423660576	0.195724907555196	0.224883732626068	0.190199394906735	0.10547839689989	0.0277268239485644	
3.98648846177356e-06	0	4.11937141049935e-05	9.43468935953076e-05	0.000418581288486224	0.00143912233470026	0.00494590335157373	0.0146264261662472	0.0361096124867449	0.0766229658942624	0.137646802437605	0.197042822859056	0.222177632610539	0.184274100315996	0.098894148100704	0.0256623550579237	
5.32305628599717e-06	1.33076407149929e-06	5.32305628599717e-06	3.85921580734795e-05	0.000139730227507426	0.000437821379523267	0.00168075502230361	0.00578350065473592	0.016037037825638	0.0393067783798746	0.0815265993122611	0.143315305916045	0.198890675069998	0.220125677358912	0.176841245169326	0.0927382866146427	0.0231260180345147	
2.66530913588013e-06	0	5.33061827176025e-06	3.33163641985016e-05	0.000150589966177227	0.000546388372855426	0.00196699814227953	0.00645937669080548	0.0180921184143543	0.0428555055958165	0.0861401259625098	0.147235674629722	0.200508540983126	0.216600344891002	0.171134168996591	0.0869210615393226	0.0213477935238319	
2.66944645023685e-06	1.33472322511842e-06	2.66944645023685e-06	3.33680806279606e-05	0.000269614091473922	0.000674035228684804	0.00246122962711837	0.00760792238317501	0.0202437471553711	0.0467313295578462	0.0917648911733418	0.149917447368526	0.202201225542865	0.212481263822727	0.163869309240689	0.0817664794939797	0.019971463617447	
1.33614815210711e-06	4.00844445632132e-06	0	5.74543705406055e-05	0.000240506667379279	0.000860479409956976	0.00268164934127896	0.00879853558162529	0.0221947569546511	0.0499037973330483	0.0958178562839048	0.154266321049678	0.202322225488362	0.208497902247401	0.15767884343016	0.0771772534138585	0.0194970738355469	
1.3336729753844e-06	0	2.6673459507688e-06	8.40213974492171e-05	0.000304077438387643	0.000945574139547538	0.00322615492745486	0.00975848516088764	0.024210165522153	0.0533042414801636	0.100470919927608	0.157039992851513	0.203702542914262	0.205154912784456	0.150218255582422	0.0735840727438588	0.0179925821109109	
2.13941497697455e-05	8.82508678002e-05	0.0003530034712008	0.00109778731006006	0.00388437531756941	0.0107184690346425	0.0263682895912113	0.0567733878171014	0.104222937737676	0.161896216979467	0.205427963223457	0.199107329100857	0.144349002765194	0.068897185064744	0.0167944075692502	
2.66822491001412e-06	2.66822491001411e-05	0.000132077133045699	0.000422913648237237	0.00137680405356728	0.00448662018618873	0.0116468017322116	0.0283045298454297	0.0599029833422719	0.109139737606762	0.165201811191069	0.20329872645625	0.195508843831464	0.140387319527938	0.0650793396676993	0.0150821413038548	
7.99814443049213e-06	2.79935055067224e-05	0.000178625225614324	0.000481221689901276	0.00179425040057373	0.00509481800222348	0.0129183362793165	0.0303876167395831	0.0640424754790222	0.113598978370351	0.167163884645429	0.201435933530088	0.19201545241504	0.13578849706868	0.0611538123155428	0.0139101061886976	
7.99959468720251e-06	3.86647076548122e-05	0.000163991691087652	0.000703964332473821	0.00187590495414899	0.00563571445713417	0.0141672821910357	0.0337262912012458	0.068073884256531	0.117783365642807	0.169291422567923	0.201396462579229	0.18880243401001	0.128809473653335	0.0570397766513163	0.0124833675093795	
1.59489209225919e-05	2.52524581274372e-05	0.000194045204558202	0.000711056057798889	0.00213981355711441	0.00570838461354436	0.0163237205642728	0.0363077184802805	0.0724373406769254	0.121197179167519	0.170992368441339	0.201476072631386	0.184162189893169	0.122357463164638	0.0543911366530126	0.011560309515392	
1.5925468805988e-05	3.98136720149699e-05	0.000205703972077345	0.000810871786704888	0.00241138140170668	0.00676434287534339	0.0173760135897334	0.0395668272484771	0.0763758941487173	0.124774720972515	0.174484744728006	0.199842072434341	0.177894122174888	0.118035593422781	0.050965481546363	0.0104364905575241	
2.65404755522409e-06	1.99053566641807e-05	4.90998797716458e-05	0.000266731779300022	0.000920954501662761	0.00277746076654202	0.00783076731168869	0.0189817481149627	0.0425603065955736	0.0800646525984453	0.129057043444104	0.176910847888572	0.198664748674967	0.172406929187357	0.112758537407473	0.047361478622974	0.00936613382238583	
9.29348287874926e-06	2.5225167813748e-05	8.7624267142493e-05	0.000315978417877475	0.000920054804996176	0.003118627326026	0.00857390177585181	0.0210855850114708	0.0451397739824964	0.0833651967032033	0.133757116152604	0.179133210128303	0.196006192114878	0.167578755629195	0.107209618489251	0.0445795097289489	0.00909433681706177	
9.27905703571244e-06	1.85581140714249e-05	1.98836936479552e-05	0.000111348684428549	0.00041755756660706	0.00104588228588245	0.00360292528900949	0.00926315008079408	0.0229086662415975	0.0485241659784699	0.0886123435319007	0.13714446298783	0.180007078594939	0.192972572432982	0.163778007839478	0.101917185741536	0.0413673618447826	0.00827957003500856	
3.98070684084471e-06	2.12304364845051e-05	1.45959250830973e-05	0.000144632348550691	0.000464415798098549	0.00135609413044776	0.0041107432643123	0.010390971756885	0.0252589118074399	0.052224219947322	0.0917990804567198	0.141540666237635	0.180786454981523	0.189992503002116	0.158631167607662	0.0966064474181799	0.0387853536526303	0.0078685305220697	
2.64329290857379e-06	9.25152518000825e-06	2.64329290857378e-05	0.000158597574514427	0.000492974127449011	0.00160183550259571	0.00443280220767824	0.0116978927668933	0.0278087630446505	0.0546936952177545	0.0963096987703401	0.143111843009548	0.180736474270187	0.187664544983559	0.154423815011789	0.0925654743653454	0.037222850738536	0.00704041066198628	
1.4490978048803e-05	2.37125095344049e-05	0.000163352843459234	0.000599399546564123	0.00185879727516918	0.00524178196874428	0.0131894247476923	0.0302255454865214	0.0587187604153905	0.10003649091745	0.14563432939047	0.180425850324005	0.185924517812705	0.148245340162536	0.0881723319804029	0.0349166702894112	0.00660920335189496	
1.32011284324584e-06	9.24078990272088e-06	3.69631596108835e-05	0.000198016926486876	0.000658736308779675	0.00224551194636118	0.00578209425341678	0.0148301476810238	0.032379727819134	0.0621205500646195	0.104152942993567	0.147523930345566	0.180575595601912	0.182099005823018	0.144933868947118	0.0836911939232566	0.0325658637300316	0.00619528957335273	
2.37781341562329e-05	6.73713801093266e-05	0.000241744363921701	0.000830913688015028	0.00236064031873268	0.00656144401966716	0.0165073091342381	0.0346315313911001	0.0656593544500778	0.106758538331673	0.150334611187876	0.181300346896557	0.179848559705574	0.139514239139337	0.0794176470743648	0.0304492217945094	0.0054927489900898	
1.32485602127189e-06	1.58982722552627e-05	0.000158982722552627	0.000296767748764903	0.000885003822209621	0.0026298392022247	0.00747881224007981	0.0174337803839168	0.0369038644725284	0.0679690884593117	0.110572483535352	0.154450390103855	0.18279833439101	0.174908816784336	0.133783961028035	0.0763249553854735	0.028267128069857	0.00512056852221585	
3.98611238445257e-06	3.85324197163748e-05	0.000154129678865499	0.000318888990756205	0.000972611421806426	0.00306664912777218	0.00866049350728728	0.0186855661541855	0.0386971790282655	0.0708292309593377	0.114648564401625	0.156731281548419	0.181790641405344	0.171404161235589	0.130090763778994	0.0728276019680766	0.0264744297534058	0.00460528850817087	
9.31295658432683e-06	1.86259131686537e-05	0.000133042236918955	0.000405778822602812	0.00115081534934896	0.00380633839825129	0.00940741657253928	0.0204352875907514	0.0413003016067511	0.0747564329247606	0.116317497315873	0.15765638117133	0.180176440614602	0.17077301530917	0.126211848475536	0.068645802983073	0.0245862053826228	0.00420945637611573	
7.99777128773448e-06	4.53207039638287e-05	0.000126631378722463	0.000483865162907936	0.00137161777584646	0.00423215397309283	0.0101425069547286	0.0223257785497108	0.0440477253671977	0.0785354481217901	0.119743964681842	0.159471560591782	0.180329748110193	0.166985466716608	0.121095588029469	0.0646819752895526	0.0224630736234836	0.00390957719782087	
2.67114350317799e-06	9.34900226112298e-06	3.47248655413139e-05	0.000128214888152544	0.00051953741136812	0.00179901514939038	0.00464244740852335	0.0110411716703862	0.0239681706540161	0.0467530247361244	0.0812815612299547	0.123354742548511	0.162066289768318	0.179349923805632	0.163097351160545	0.115966359618721	0.0610022397538274	0.0211688122626856	0.00381439292253817	
9.36284502083902e-06	2.67509857738258e-06	2.54134364851345e-05	0.000167193661086411	0.000675462390789101	0.00196352235579881	0.00518300349367874	0.0119229143593941	0.0257010095822031	0.049201750584509	0.0846320936926526	0.125527663194389	0.163325468543516	0.179358671867058	0.158669459469581	0.112133444617434	0.0583733260570652	0.0198973832185716	0.00323018153218946	
9.35262468050766e-06	1.33608924007252e-06	4.14187664422482e-05	0.000185716404370081	0.000678733333956842	0.00222191640624061	0.00554477034630097	0.0128050792768551	0.0271974325709163	0.051419394404191	0.08769288118292	0.12952049093263	0.165124597002083	0.177059882183651	0.155238872714786	0.108211203642714	0.0551644525441143	0.0188615718021038	0.00302089777180397	
1.33215215841953e-06	3.9964564752586e-06	7.99291295051721e-05	0.000218472953980804	0.000884549033190571	0.00232860197291735	0.00608393890750202	0.0140768518580192	0.0290529064229716	0.0552003889884303	0.0912537550038965	0.132076225746505	0.165765021680776	0.174719748489672	0.151633551584262	0.103769324532248	0.0530263166658896	0.0169329860856707	0.00289210233592881	
2.66555068944469e-06	0	1.59933041366681e-05	0.000109287578267232	0.000251894540152523	0.00106222194974371	0.00273752055805969	0.00695042342272702	0.0151270001625986	0.0313642021873509	0.0579330786843908	0.094283193436348	0.135039463477957	0.166071804604472	0.17229719823967	0.147763469694021	0.100244697553291	0.0497951524295162	0.0163611501318115	0.00258958249479551	
2.67597549341643e-06	0	1.33798774670822e-06	4.01396324012465e-06	1.07039019736657e-05	1.73938407072068e-05	0.00011239097072349	0.000363932667104635	0.00119616104555714	0.00305328803798815	0.00760378436454279	0.0166084418998891	0.0335580706751888	0.0604890880409317	0.0971512902884835	0.136830654904862	0.166916647377343	0.170076974435068	0.144239093058386	0.0955965485268086	0.0480672098004926	0.0158150151660911	0.00228528307137763	
2.67537053881963e-06	1.33768526940981e-06	2.67537053881963e-06	9.36379688586869e-06	8.02611161645888e-06	2.67537053881963e-05	0.000156509176520948	0.000449462250521697	0.00133768526940981	0.00338300604633742	0.00816121782866927	0.0175450799935791	0.0356386109476162	0.0631628230509926	0.100076248060356	0.139647653700037	0.168506875702285	0.168147038364814	0.140807426828616	0.0914802825191289	0.0452445288672481	0.0141674246883193	0.00203729466531115	
1.33916315694323e-06	2.67832631388645e-06	4.01748947082968e-06	6.69581578471613e-06	1.2052468412489e-05	3.08007526096942e-05	4.95490368068994e-05	0.000176769536716506	0.000440584678634321	0.00139272968322096	0.00366528956055361	0.00868447307277682	0.0194700931387976	0.03752736914702	0.0667130909894407	0.104102526331296	0.143587752013767	0.166996323997134	0.167644478965095	0.135243426382853	0.0878263373218076	0.0417671597019023	0.0127113366857051	0.00194312574072462	
2.67533117255752e-06	2.67533117255752e-06	6.68832793139381e-06	4.01299675883628e-06	2.14026493804602e-05	2.14026493804602e-05	8.4272931935562e-05	0.000180584854147633	0.000607300176170558	0.00156640640153243	0.00422568558705461	0.00998166060481212	0.0209799470551961	0.0404108773614814	0.0700535467534187	0.107121597814789	0.145103274471589	0.16700888611249	0.164024554189502	0.132275061499175	0.0840161001429964	0.0385314572127597	0.0118263014482905	0.00194362809686304	
1.33318934888365e-06	2.66637869776731e-06	1.73314615354875e-05	1.33318934888365e-05	1.33318934888365e-05	3.4662923070975e-05	7.46586035374846e-05	0.000211977106472501	0.00063859769811527	0.00174914442573535	0.00473548856723474	0.010668181169767	0.0225535642150648	0.0431140103535485	0.072946788413518	0.110888024093398	0.145540281649582	0.167479245574811	0.161917179611269	0.127904852942549	0.080223335879725	0.0364373980943391	0.0110668047850832	0.00176780907661973	
1.3309199318569e-05	7.9855195911414e-06	7.9855195911414e-06	4.12585178875639e-05	7.05387563884157e-05	0.000254205706984668	0.000681431005110733	0.00210019165247019	0.00519591141396934	0.0120288543441227	0.0242706558773424	0.0459406942078365	0.0763681856899489	0.113442291311755	0.146835072402044	0.166206612010221	0.159665140545145	0.12410429088586	0.0758584433560477	0.0347596358603066	0.0103691971890971	0.00177810902896082	
2.66785475131592e-06	1.06714190052637e-05	8.00356425394776e-06	2.93464022644751e-05	0.000109382044803953	0.000253446201375012	0.000812361771775697	0.00236905501916854	0.00606803563186806	0.0130378061696809	0.0263397299597421	0.0482788335071885	0.0797875320476052	0.11510325931815	0.148396752687197	0.165761819263512	0.156050827968722	0.120118826250624	0.0732846360912726	0.0328092777316832	0.00983504654072614	0.001532682554631	
1.33719157676282e-06	6.6859578838141e-06	5.48248546472756e-05	0.000136393540829808	0.000302205296348397	0.000933359720580448	0.00261688391572484	0.00666590001016266	0.0143012639134784	0.0283444498526415	0.0505284581111367	0.0825849517808717	0.117834658935916	0.150502249156232	0.166067159109751	0.150748292406356	0.116783626356581	0.0704138340491766	0.030957322193636	0.00891906781700801	0.00129707582945994	
1.3403909384211e-06	4.0211728152633e-06	6.03175922289495e-05	0.000125996748211583	0.000344480471174223	0.00113397073390425	0.00302124117520116	0.00703035047201867	0.01494133779058	0.0304657456393732	0.0530982466346135	0.0851912268732298	0.121216914125174	0.152021778671967	0.162968751466053	0.149261913729758	0.112926596171039	0.0670651202129613	0.0294229214892816	0.00849673815865135	0.00120099028082531	
2.68364879624933e-06	6.70912199062333e-06	4.4280205138114e-05	0.000170411698561833	0.000415965563418647	0.00128546777340343	0.00314792003800047	0.00756923142982124	0.0160106487184235	0.0320561848711983	0.0558413641523561	0.0877673920569363	0.123576659769689	0.151572484012162	0.161907215526518	0.146752650774098	0.109775995834977	0.0648007256586345	0.0280575481647868	0.00807509922791424	0.00116336175317409	
1.34318695281922e-06	1.8804617339469e-05	6.31297867825031e-05	0.000208193977686978	0.000534588407222048	0.00131363683985719	0.0035164634424807	0.0083532796595827	0.0170866812268132	0.0331565699303423	0.0580874629616198	0.0903172338945168	0.124911013864376	0.153252258568861	0.161782838906216	0.143853979459985	0.106866640340202	0.0614319984741396	0.0265709243006697	0.00761855639639059	0.00105440175796308	
1.07618009873952e-05	3.36306280856101e-05	9.55109837631328e-05	0.000239450071969544	0.000571720677455372	0.00157256816928313	0.00419710238508414	0.00866997592047029	0.018311204380053	0.0344270013586774	0.0601961338229953	0.0929241158507876	0.127305379555269	0.153710803502966	0.160050849509665	0.142273699503612	0.103042899229186	0.059310975691782	0.0249915923429786	0.00713507405464304	0.000929550560286264	
1.74821413202513e-05	4.16881831482916e-05	9.54793872106033e-05	0.00027433514071779	0.000669700490575781	0.00193379378604011	0.00456821800499182	0.00965283156898184	0.0196001699802048	0.0360925531457096	0.0625524464239608	0.0958223061365006	0.128555598588519	0.154414375161374	0.159776013426285	0.140065571477752	0.0988359583440916	0.0563530101557793	0.0235497891384801	0.00634467251914967	0.000784006799208194	
9.4141316875638e-06	2.55526431519589e-05	8.60720611434404e-05	0.000279734198716181	0.000820374332773417	0.00211145524992502	0.00478775840110387	0.0103461307246326	0.0205806367449698	0.0379443302047036	0.0649252316212614	0.098650685953981	0.131394380839283	0.156054026356879	0.15926962476616	0.135387317550766	0.095463329939763	0.0533821612963528	0.0218676830342553	0.00585558990966468	0.000758510038826569	
4.04383517327834e-06	5.25698572526184e-05	0.000129402725544907	0.000361249275479531	0.000940865650316093	0.00220254222437893	0.00503187890061601	0.0112863439686198	0.0219809400568833	0.0405044010406136	0.0683084637470177	0.1017806354213	0.134426516775176	0.156245703425128	0.155720004852602	0.131430034911777	0.0914607680590939	0.0512421313707253	0.0207246552630515	0.00541469529701969	0.000752153342229771	
5.41796189818295e-06	5.55341094563752e-05	0.000150348442674577	0.000341331599585526	0.00100503193211294	0.00246246368272415	0.00548704091238478	0.0118748179903425	0.0231726230385285	0.0422641662772507	0.0709631104519257	0.104906641744042	0.136489296139025	0.155988541010585	0.153993376541579	0.128214713830025	0.0892460228773441	0.0484325158983319	0.0191240510101113	0.00505495845100469	0.000767996099067433	
1.35553519240467e-05	5.01548021189726e-05	0.000134197984048062	0.000460881965417586	0.00109662797065537	0.00258229454153089	0.00573120279348692	0.0126918760064849	0.0252143101139192	0.0456002038724929	0.0737804249873935	0.106631820375321	0.138457075622597	0.155672372566137	0.151448524906604	0.125857376009196	0.0855424038518888	0.0456666250969208	0.0179703300457086	0.0047348844270695	0.000662856709085881	
5.42025984725708e-06	6.77532480907135e-06	6.50431181670849e-05	0.000159897665494084	0.000432265722818752	0.001196522361282	0.00280498447095554	0.00653954350571566	0.0138582493644745	0.0269102350766696	0.0474692806773157	0.0764283739762484	0.108798165784068	0.138934810534817	0.155366328261777	0.149504317236968	0.122840703983349	0.0828202154011263	0.0438214458001117	0.0169491525423729	0.00444054787986536	0.000647721051747221	
1.34987743112925e-06	1.0799019449034e-05	6.74938715564627e-06	6.47941166942042e-05	0.000143087007699701	0.000539950972451701	0.00129453245645295	0.00312766600792648	0.00697481668664485	0.0149633913240678	0.0279843090247406	0.0496727897106943	0.078859839526571	0.110662951803976	0.139561127849591	0.154735100052915	0.148051856891394	0.120670943078368	0.0797912549540502	0.0420648805088498	0.016176931134653	0.00409822788090841	0.00054265072731396	
5.38992757284824e-06	6.7374094660603e-06	1.21273370389085e-05	2.2907192184605e-05	6.60266127673909e-05	0.00017652012801078	0.000551120094323733	0.00144450058952333	0.00337948458817585	0.00754859356577396	0.0157305036213576	0.0300906181573185	0.0515613946437595	0.0810685531413172	0.112559204985683	0.140007411150413	0.154391780360451	0.146401212733704	0.117337375779013	0.0777011958901802	0.0398827690752906	0.0157049014653866	0.00388074785245073	0.000468923698837797	
2.69122137045066e-06	8.07366411135197e-06	2.01841602783799e-05	2.82578243897319e-05	5.24788167237878e-05	0.000172238167708842	0.000605524808351398	0.00151650324224895	0.00373003281944461	0.00848542098103093	0.016923745588079	0.0313594570191763	0.0539872463019254	0.0836310496974394	0.115255592021605	0.141710298093135	0.153744094451105	0.144478219272644	0.114067417786551	0.0735497344437313	0.0380848192239325	0.0145931478812687	0.00357125075858802	0.000422521755160753	
6.69036841182697e-06	9.36651577655775e-06	2.80995473296733e-05	2.00711052354809e-05	4.4156431518058e-05	0.000222120231272655	0.000722559788477312	0.00161505493461503	0.00406105362597897	0.00883663859834106	0.0180800515961212	0.0339924238268104	0.0564412859958546	0.0867205553541011	0.117928447847909	0.143149798686814	0.153392752725322	0.140982119321383	0.109863877764293	0.0704348605660319	0.0364906073917866	0.0133606657184185	0.00322341950081823	0.000373322557379945	
6.66050348077912e-06	5.3284027846233e-06	1.59852083538699e-05	2.13136111384932e-05	1.73173090500257e-05	7.45976389847261e-05	0.000263755937838853	0.000744644289151106	0.00187426567949124	0.0043812791896565	0.00951785947403336	0.0192048957364785	0.0361452202894921	0.0594196836527267	0.0893453257918673	0.120754928106525	0.144572888553792	0.151597055524621	0.137636640228908	0.106420192515193	0.0682488470668475	0.0341004457208929	0.0123565660575414	0.00292928943084666	0.000345014080304358	
1.32567095521221e-06	1.32567095521221e-06	1.32567095521221e-05	1.32567095521221e-06	7.95402573127324e-06	5.43525091637005e-05	6.23065348949737e-05	0.000265134191042441	0.000856383437067086	0.00210914248974262	0.00486123539276316	0.0104171223660575	0.0207547044748023	0.0380666414789185	0.0611253620738796	0.092481457177514	0.121823858100181	0.14558650997236	0.150392067185004	0.134763732294007	0.102803131234796	0.0664519079719223	0.0319354133110621	0.0119588776869693	0.00286610060516879	0.000339371764534325	
2.64924873928876e-06	2.64924873928876e-06	3.97387310893313e-06	9.27237058751065e-06	2.51678630232432e-05	0.000103320700832261	0.000380167194087937	0.0008954460738796	0.00230484640318122	0.00533956083403649	0.0113215644873505	0.0225252374058026	0.0402076481161855	0.0640098234143253	0.0935092081263056	0.124804783483524	0.145688811295337	0.148402966628738	0.132910160001378	0.100479381559374	0.0623937816833591	0.0305365655934118	0.0111281693293824	0.00269163671911738	0.000323208346193228	
2.65017199616255e-06	0	1.32508599808128e-06	1.06006879846502e-05	4.77030959309259e-05	0.000149734717783184	0.000409451573407114	0.00106934440045159	0.00261969501820668	0.00581845261757488	0.0123882289960618	0.0238422723634764	0.0419045196033223	0.0667392813793615	0.0958408200692225	0.127872123900841	0.144823949074295	0.147156100430918	0.130085017517637	0.097544880662755	0.0596156190536766	0.0288206204582677	0.0103436213010224	0.00263162079218941	0.000262367027620093	
1.32758224703916e-06	0	0	1.32758224703916e-06	1.32758224703916e-05	5.17757076345272e-05	0.0001898442613266	0.000480584773428176	0.00109658293605435	0.00285695699562827	0.00608961976716863	0.0130899609558061	0.0253661139941772	0.0441354718028169	0.0691776557287165	0.0996509786272534	0.128512616677885	0.14542335934067	0.145727375675242	0.127185034430846	0.0940671676962067	0.0571630363930121	0.026985764335565	0.0100949354064858	0.0023697343109649	0.000269499196148949	
9.31578239929306e-06	2.39548690267536e-05	4.12556077682979e-05	0.000252856950837955	0.000504383075618867	0.00147056279303126	0.00318999005872935	0.00654101007036077	0.013635643780451	0.0271129192601139	0.045202837853484	0.0714094645687525	0.102564102564103	0.129887292341229	0.145351491124056	0.144413258753841	0.125347844660659	0.091103028560858	0.0542138610857145	0.0263077694956036	0.00908688031748186	0.00215726903846487	0.000173007387415443	
