# <P(N_1)> as a function of N_tot.
# number_of_species: 2
# species_total_upper_bound: 100
# species_total_lower_bound: 0
# volume: 512
# Bin widths for each species index 
1	1	1	1	1	1	1	1	1	1	1	1	1	1	1	1	1	1	1	1	1	1	1	1	1	1	1	1	1	1	1	1	1	1	1	1	1	1	1	1	1	1	1	1	1	1	1	1	1	1	1	1	1	1	1	1	1	1	1	1	1	1	1	1	1	1	1	1	1	1	1	1	1	1	1	1	1	1	1	1	1	1	1	1	1	1	1	1	1	1	1	1	1	1	1	1	1	1	1	1	1	
# Bin lower bound for each species index 
0	0	0	0	0	0	0	0	2	3	3	5	6	6	7	8	8	8	9	10	10	11	12	13	14	14	15	16	16	17	18	19	20	21	22	23	24	25	26	26	26	27	28	29	29	29	30	31	32	33	36	36	37	38	39	40	40	41	41	42	43	45	45	47	47	48	49	50	50	51	52	53	53	51	52	52	53	54	57	58	60	61	62	63	64	65	66	67	68	69	69	69	69	70	71	71	71	73	74	74	78	
# Bin upper bound for each species index 
0	1	2	3	4	5	6	7	8	9	10	11	12	13	14	15	16	17	18	19	20	21	22	23	24	25	26	27	28	29	30	31	32	33	34	35	36	37	38	39	40	41	42	43	44	45	46	47	48	49	50	51	52	53	54	55	56	57	58	59	60	61	62	63	64	65	66	67	68	69	70	71	72	73	74	75	76	77	78	79	80	81	82	83	84	85	86	87	88	89	90	91	92	93	94	95	96	97	98	99	100	
# Normalized histogram for each species index 
1	
0.0794894102463645	0.920510589753636	
0.00625708630397602	0.146538040240598	0.847204873455426	
0.000480647901812977	0.0174612929139592	0.201674658200585	0.780383400983643	
3.35208585936946e-05	0.00179863349825596	0.0321905593769334	0.246635942405419	0.719341343860798	
2.86953103254335e-06	0.000182693475738593	0.00418855879716911	0.049743320449139	0.283979312594276	0.661903245152645	
4.77339728412788e-06	1.62295507660348e-05	0.00046397421601723	0.00779591244443766	0.0679006216872623	0.315033719278415	0.608784769425818	
6.67587938021136e-06	2.86109116294773e-06	4.86385497701113e-05	0.00107386288315971	0.0128472530186896	0.0871106889412151	0.338223891827865	0.560686127808757	
1.04419409100057e-05	0.000125303290920068	0.00203807701216201	0.0183426931094581	0.107475100717266	0.354302649215336	0.517705734713948	
1.51637064268527e-05	0.000270103520728313	0.00333411995060423	0.0260303975449959	0.126619791859175	0.368541564193182	0.475188859224888	
9.45405659387358e-07	2.3635141484684e-05	0.000504846622112849	0.00529143547559104	0.0341319805208618	0.147005853006437	0.376975779652412	0.436065524175441	
5.31310306091662e-05	0.000917459046411853	0.00755694033575016	0.0435456234262304	0.165148320964556	0.380773967313031	0.402004557883412	
9.78568401931295e-05	0.00148780399749943	0.0105485873462555	0.0528189420440489	0.181679299383027	0.382831159898077	0.370536350490899	
1.04654559085586e-05	0.000195989447014824	0.00220155136112768	0.0137316295571114	0.0627718045395342	0.197497424070739	0.382805446223255	0.34078568934531	
1.8155011308661e-05	0.00036310022617322	0.00297933290844237	0.0170762214261621	0.0737370561935821	0.212691690642429	0.379275385722326	0.313859057869576	
6.7956109924272e-05	0.000565662830496405	0.0041826507094235	0.0213602324673236	0.0845642003384406	0.226386687493779	0.375009571283088	0.287863038767525	
1.34148701919668e-05	0.000127441266823685	0.000825014516805958	0.00555375625947425	0.0265959383605879	0.0961472492808671	0.238274924349714	0.367550195569643	0.264912065525892	
2.8733347827711e-06	2.58600130449399e-05	0.000163780082617953	0.00118764504354539	0.00738255483519988	0.0324322874713983	0.107312349688674	0.247766700540091	0.358628576463749	0.245097372526897	
7.6757237008118e-06	3.55002221162546e-05	0.000215879729085332	0.00163684807919812	0.00935190986397658	0.0382778746304859	0.118300172607837	0.256954445539301	0.349922811003534	0.225296882600765	
1.72779211205308e-05	5.75930704017693e-05	0.000347478191424008	0.00225764835974935	0.0117211497112667	0.0453708609780071	0.129290683744932	0.263813697935864	0.339488112790269	0.207635497296965	
2.87872507024089e-06	7.67660018730904e-06	9.30787772711222e-05	0.000543119463252115	0.00315316352693719	0.0144272104770239	0.0515205425821012	0.13946271475289	0.27027006279459	0.328864592449296	0.191654959851381	
2.8732219544805e-06	1.81970723783765e-05	0.000110140174921753	0.000755657374028372	0.00418245342507212	0.0169117844240722	0.0585553056916611	0.150587478115626	0.274847623462347	0.319147917297179	0.174880569740759	
4.79849212183563e-06	2.49521590335453e-05	0.000194818780146527	0.00101728032982915	0.00525722796868312	0.0203887930256796	0.0662335867576973	0.160793632209015	0.279018881106801	0.305740724034879	0.161325305136114	
9.58154517746459e-06	4.21587987808442e-05	0.000283613737252952	0.00134141632484504	0.00651161810260493	0.0242096901998998	0.0734808699659759	0.170127041707508	0.280389547300735	0.29458843909922	0.149016023218	
6.70027652998422e-06	6.12596711312843e-05	0.000329270732330653	0.0016549683029061	0.00793217022913988	0.0279277097593356	0.0809058390995594	0.177698991034073	0.281053628056164	0.284441096433251	0.137988366405579	
1.9120806209673e-06	1.14724837258038e-05	6.40547008024046e-05	0.000408229212576519	0.00213292593268903	0.00929462389852206	0.0323466678649039	0.0876507317054516	0.186458453834247	0.282747009744919	0.272692333799562	0.126191584741979	
5.73099839723078e-06	1.52826623926154e-05	8.21443103603079e-05	0.000558772343730001	0.00275183439707031	0.0110570062410573	0.0361272587297433	0.0959330925040451	0.194708760213117	0.281604068244729	0.261102376645035	0.116053672710323	
2.85412292326881e-06	1.52219889241003e-05	0.000105602548160946	0.000654545523736313	0.00348393271500346	0.0133553925322825	0.0413438732921642	0.104064175905304	0.201277505420455	0.280045589856828	0.248643578080716	0.107007728013502	
9.51602450947273e-07	4.75801225473636e-06	1.23708318623145e-05	0.000148449982347775	0.000901167521047067	0.00449917638807871	0.015574877314654	0.0460508974086914	0.112012172898553	0.206382587958994	0.277962124319247	0.237537100600556	0.0989133651612633	
4.73573643543013e-06	1.13657674450323e-05	3.6938744196355e-05	0.000236786821771506	0.00122276714762806	0.00526235032704996	0.0177741659894564	0.051702876107452	0.119128397180532	0.212246235563107	0.274667030371225	0.227316296047933	0.0903900541957678	
9.42600351589931e-06	1.4139005273849e-05	5.09004189858563e-05	0.000336508325517605	0.00155340537942021	0.0062258753222515	0.0204798778389944	0.0571130979031855	0.126943759750022	0.217219423222845	0.269990903906607	0.216005353969997	0.0840573289533837	
3.76666632138892e-06	1.50666652855557e-05	6.77999937850006e-05	0.000408683295870698	0.00179952483504356	0.00718774100779041	0.0234211311863963	0.062477694272878	0.133816471066823	0.220690863103338	0.266276942257947	0.206420847744756	0.0774134679037654	
9.42788750267516e-07	1.60274087545478e-05	7.54231000214013e-05	0.000468566008882956	0.00230040455065274	0.00858032041618467	0.0262717513149546	0.0688292355020303	0.140763074358692	0.225318026215184	0.262648689570777	0.194390784051408	0.0703367547137081	
9.40901063312292e-07	3.29315372159302e-05	0.000100676413774415	0.000670862458141664	0.00287539364948236	0.00997637397430023	0.0295951020454248	0.0745974590025884	0.147091063227611	0.229036018633605	0.256695687191796	0.185069593747148	0.0642578972178496	
9.41382910322923e-07	4.04794651438857e-05	0.00022875604720847	0.000850068768021599	0.00346334772707803	0.0115771270311513	0.0332552926900676	0.0798697502605277	0.155448677215804	0.231397567654836	0.24971593770681	0.175198890674378	0.0589531633760627	
1.31555208082752e-05	6.38982439259081e-05	0.000285662737551119	0.00110224470772191	0.00413177321385615	0.0130615528025018	0.0372667714096704	0.0858435319942266	0.161646582571566	0.23306884471975	0.243996384111138	0.165093329023334	0.05442626894395	
3.75280991642492e-06	8.35000206404545e-05	0.000398736053620148	0.00134819696247565	0.00475293375915217	0.0150356329301565	0.0407949201964971	0.091011269688179	0.16811181121865	0.233526102669374	0.236854845065243	0.157580488390683	0.0504978102354138	
1.68385287990294e-05	0.000101031172794176	0.000406931112643209	0.0016464339270162	0.00544165122355299	0.0170237526158187	0.0453676739536959	0.0983650724009965	0.172417180163839	0.233493330539385	0.230973164062463	0.148437244206377	0.0463096960926194	
3.09477320939236e-05	0.000116288447868076	0.000499852763820038	0.00193845340115576	0.00642024769439396	0.0189362608012274	0.0496654831503666	0.104335120799314	0.177151383176063	0.234098961469136	0.224867159204512	0.139358575429001	0.0425812659310485	
8.48769943735984e-06	3.39507977494393e-05	0.000126372413845135	0.000539440453129981	0.00221906186401197	0.00714098445996541	0.0214899118976798	0.05407701927085	0.110599439057375	0.181212382987632	0.233202371274607	0.218058429322927	0.131795110707893	0.0394970377928964	
9.47030680005909e-07	1.32584295200827e-05	5.01926260403132e-05	0.000167624430361046	0.000690385365724308	0.00246701492141539	0.00839826807029241	0.0244741138633927	0.0587140080990064	0.116160889148165	0.185004337400514	0.231926866502767	0.211211517408318	0.124197391498695	0.0365231852051079	
1.903098053321e-06	9.51549026660501e-06	8.27847653194635e-05	0.000219807825158576	0.000866861163287716	0.00295646282583418	0.00987517579868268	0.0273560829674627	0.0628231698381796	0.121355805115147	0.188858693066443	0.229712498977085	0.203899828530865	0.118339394700633	0.033642015837582	
1.90288982363066e-06	3.04462371780905e-05	7.70670378570416e-05	0.000300656592133644	0.00103231772931963	0.00336050342853174	0.0110900418921195	0.0300609019888053	0.0681872024950691	0.126367107407665	0.192350763486969	0.227751174320882	0.197661728984723	0.111486508986873	0.0302416765220502	
9.53993655942188e-07	3.62517589258031e-05	0.000110663264089294	0.000340575735171361	0.0011781821650886	0.00406496696796966	0.0129332919936082	0.0336511722197047	0.0723871306255813	0.13224641656133	0.194906627870925	0.224613036323308	0.19016814138186	0.105301819742899	0.0280607693958835	
2.87162404697977e-06	1.91441603131985e-06	4.78604007829962e-05	0.000111993337832211	0.000398198534514528	0.00139752370286349	0.00488846133597523	0.0146979290804581	0.0362456387209786	0.0767527675276753	0.13695540846459	0.196809625683805	0.221762124236028	0.184768906054819	0.098978180443283	0.0261805964363146	
3.8341683832558e-06	9.58542095813951e-07	3.8341683832558e-06	5.08027310781394e-05	0.000145698398563721	0.00042942685892465	0.0016419826101293	0.00583272865302789	0.0162942570867413	0.0394363389059776	0.0814415706287365	0.142305159544539	0.198574456195105	0.21990105928487	0.177167335569293	0.09318083567617	0.0235897209779813	
1.91732311016651e-06	0	3.83464622033302e-06	6.23130010804116e-05	0.000147633879482821	0.000581907563935536	0.00201894123500533	0.00664160725361679	0.0182567506550055	0.0431848270718354	0.0859257938436672	0.14647006435495	0.200449420537023	0.215935639297838	0.171266804138734	0.0872238215892499	0.0218287236092457	
1.91906533841758e-06	9.59532669208789e-07	3.83813067683515e-06	4.50980354528131e-05	0.000252357092001911	0.000717730436568174	0.00254564017141092	0.00773767144449967	0.0203632023059489	0.0468923615442335	0.0913283194552925	0.149760020879431	0.201898147526229	0.212675618466782	0.1638776250415	0.0818337436934715	0.0200657471784942	
9.60561275164304e-07	2.88168382549291e-06	3.84224510065722e-06	6.53181667111727e-05	0.000268957157046005	0.000905809282479939	0.00269533493811104	0.00878721454520305	0.0223541819956237	0.0498867498256581	0.0954500133518017	0.15422579721783	0.202758155645507	0.208697306009848	0.157663646021643	0.0769476820695869	0.0192861492827489	
9.61364676385423e-07	0	4.80682338192711e-06	8.46000915219172e-05	0.000301868508385023	0.000983476063942287	0.00326575580568128	0.00991936073094479	0.0242879171842013	0.0532403757782247	0.100410694989752	0.157573438647629	0.203912177414083	0.205248474314259	0.149925782646983	0.0729656562083008	0.0178746534280342	
2.31483267617806e-05	0.000100309415967716	0.000335650738045818	0.00113909057940262	0.0040509571833116	0.0106742721780261	0.0262839605243868	0.0568821904490004	0.104749072137902	0.161522272548399	0.205385458221128	0.199498067114715	0.144167779072369	0.0685605213003187	0.016627250210264	
3.85260325217504e-06	3.27471276434878e-05	0.000126172756508732	0.000417044302047948	0.00136960045614822	0.00457015060789264	0.0115635886614034	0.0284360646043039	0.0604213399546741	0.109151955340623	0.165208295810583	0.203889395613233	0.195422336815766	0.139575963223049	0.0647092873743449	0.0151022047485261	
8.65896660044161e-06	2.40526850012267e-05	0.000162596150608292	0.000467584196423847	0.00170677852768705	0.00504817752805746	0.0129855635784623	0.0306363859397625	0.0644823621660886	0.113774010592802	0.167267182035531	0.202081038306306	0.191629665619573	0.134938449179082	0.0611063272993164	0.0136811672286977	
5.76946931459666e-06	3.461681588758e-05	0.000162506719027806	0.000619256373100042	0.00180007442615416	0.00559638523515876	0.0142409734248628	0.0339706353243451	0.0685614886000094	0.117832756546665	0.169512777932165	0.201177548687109	0.188377981012676	0.128789940353303	0.0569850484202712	0.0123322406599504	
1.15105484584498e-05	3.16540082607369e-05	0.000173617439248284	0.000655142049760101	0.00211698170398323	0.00573896761890876	0.0162087706542404	0.0368644498629286	0.0723083062036101	0.121411346714985	0.171343146715369	0.200802477070028	0.1841956332816	0.12259309635672	0.0540755974454256	0.0114693023264737	
1.53288713543633e-05	4.31124506841467e-05	0.000184904510712007	0.000814346290700549	0.0023798072777649	0.00675332588605667	0.0175458093739881	0.0398301561053937	0.076288918567287	0.125046226127678	0.174349624730068	0.199438196864863	0.178748052754311	0.117388496831714	0.0506350943013005	0.0105385990561247	
1.91756392678741e-06	1.43817294509056e-05	4.69803162062915e-05	0.000262706257969875	0.000925224594674925	0.00278238525776853	0.00792145658155879	0.0193300031639805	0.0426264873105207	0.0801033566956538	0.129131631175754	0.176546275611463	0.198380617263828	0.173156981370866	0.112217758559526	0.0471720725989703	0.00937976394788061	
6.71382972193236e-06	1.91823706340924e-05	8.05659566631883e-05	0.000311713522804002	0.00092746762015837	0.00324949358541526	0.008861296114419	0.0214094438647106	0.0453902845129212	0.0831718817138297	0.133489158124118	0.178581156773679	0.196317176661961	0.167677897305261	0.106833335890983	0.044624907924621	0.00904832422810141	
6.70614992268767e-06	1.34122998453753e-05	2.20344926031166e-05	0.000107298398763003	0.000388956695515885	0.00112663318701153	0.00365676775069983	0.00960703877495885	0.0230231707060043	0.0484155283775524	0.0882931698821059	0.13659565173239	0.180226821150814	0.193512662169075	0.163440369872909	0.101700679620394	0.0415599271137306	0.00830317162570486	
2.87466737702892e-06	1.53315593441542e-05	1.72480042621735e-05	0.000127443587048282	0.000462821447701656	0.00139229723294101	0.00415293613734777	0.0106899297527115	0.0252022088944125	0.0516817283266849	0.0918964084864014	0.141332063369168	0.181121292757084	0.190256027458823	0.157930392804133	0.0964575473912873	0.0394921804256233	0.00776926769765015	
1.91238229286987e-06	7.6495291714795e-06	3.34666901252228e-05	0.00014534105425811	0.000541204188882174	0.00166281640365036	0.00453808318098021	0.011735333940196	0.0274799773573937	0.0546769221354426	0.0962406388886764	0.14348795581632	0.181445875756347	0.187813152600457	0.153673303908144	0.0922475846611641	0.0372914547109625	0.00697732679553573	
1.42969748554338e-05	2.00157647976073e-05	0.00016679803998006	0.000631926288610172	0.001878622496004	0.00525270856188636	0.01321707668802	0.0298482709715176	0.0587272070478367	0.0999396667661101	0.146516351450142	0.180690887012914	0.185223981173744	0.148231035301137	0.0883543514749236	0.034772149111729	0.00651465487579265	
9.53521545772848e-07	8.58169391195563e-06	3.24197325562768e-05	0.000208821218524254	0.000704652422326135	0.00219882068455219	0.00575640957183068	0.0146460909430709	0.0320860000152563	0.0618673384543797	0.103657327240966	0.148001800248678	0.181069927456081	0.181975772924565	0.145330986398969	0.0837401691928631	0.03244833820265	0.00626559007727339	
2.00338285504953e-05	6.20094693229615e-05	0.000242313926277419	0.000842374790956539	0.00239165753219484	0.00650527032789653	0.016399119656334	0.034089944258257	0.065021221548386	0.106187877244147	0.150766007744506	0.182159971074968	0.180001087550693	0.13978174574782	0.0795409772883164	0.030418029682502	0.00557035832887342	
9.54188457945575e-07	1.43128268691836e-05	0.000119273557243197	0.000307248683458475	0.000914112542711861	0.00267077349378966	0.00755908096384485	0.0173557338615721	0.0367095383540822	0.0674010101039016	0.110159149092901	0.154537500083491	0.182802470584755	0.175345487785911	0.134494771524345	0.0761051172172811	0.0282315739052357	0.0052718912301493	
2.86520910296033e-06	3.15173001325637e-05	0.000127979339932228	0.000329499046840438	0.00101237388304598	0.00303903178853993	0.00864433586363133	0.0187604341364833	0.0383489137037221	0.0707993169341499	0.114212010192504	0.156553115246351	0.181527232857454	0.172318450800539	0.130196056708219	0.0727868169819033	0.026437284393015	0.00487276561443454	
6.69491282267089e-06	2.00847384680127e-05	0.000127203343630747	0.000424648756180839	0.00117352257620245	0.00364203257553296	0.00931549298468778	0.0202760216915175	0.0412444886521228	0.0749189437340398	0.116303069139321	0.157624071080846	0.180601011888252	0.17031762579263	0.12623640693593	0.0686343334257869	0.0248189982497585	0.00431534952227015	
5.74706588340544e-06	4.21451498116399e-05	0.000129308982376622	0.000476048624008751	0.00133427712926396	0.00408712168741517	0.0100324613437981	0.0220601123934518	0.0441230983198453	0.0785844210453721	0.119558127261111	0.159575904851577	0.18004024861807	0.167055711098829	0.121260216606913	0.0649428023267954	0.0227535916767161	0.00393865581876053	
1.91712829518408e-06	8.62707732832835e-06	4.69696432320099e-05	0.00015049457117195	0.000490784843567124	0.00173787679958437	0.0045752266764568	0.0107330427605881	0.024036954565018	0.0468977509209405	0.0811376622729281	0.12296748454555	0.161967625454479	0.179124006568082	0.163366170545816	0.116419532853348	0.0612052793878993	0.021360643464941	0.00377194992077467	
7.68649847326924e-06	5.76487385495193e-06	3.93933046755049e-05	0.00016429890486613	0.000620684751716491	0.0019264286798631	0.005117286358579	0.0119217591320406	0.0259006174179899	0.0492454740936177	0.0841364122884051	0.125874098998257	0.162979709565655	0.179273164704368	0.159339191726253	0.111934634016983	0.058258854365835	0.019990660904355	0.00326387941421195	
6.72762535968768e-06	8.64980403388417e-06	3.74824841468314e-05	0.000199906582116434	0.000694867590722028	0.00211247436294193	0.00543976564797604	0.012942990102702	0.0272824430122078	0.0517315946586499	0.0875783047537401	0.129604819286372	0.164970984712913	0.177150869881959	0.155238032996119	0.107928410377458	0.0550925240704825	0.0188277401137545	0.00315141193634513	
9.57899365008511e-07	5.74739619005107e-06	6.41792574555702e-05	0.000226064250142009	0.000849656736762549	0.00233152705443072	0.006077871470979	0.0140552573827699	0.029033929753408	0.0553158146311465	0.0913127148688013	0.132170954383874	0.165802801089323	0.174882729170239	0.151569374424662	0.103324772906008	0.0528971187345	0.0171167037533371	0.00296182483660632	
1.91271881503244e-06	0	1.14763128901946e-05	9.37232219365895e-05	0.00027064971232709	0.000998439221446934	0.00280787122046762	0.0068159734973681	0.0151965509854327	0.0313274651120088	0.0580118053005264	0.0942673904394663	0.134987261292692	0.166972701677072	0.172256587403599	0.147947843983352	0.0991266525890562	0.0499324810258294	0.0163221860080793	0.00265102827763496	
1.92003993683069e-06	0	9.60019968415343e-07	2.88005990524603e-06	7.68015974732274e-06	1.44002995262301e-05	0.000118082456115087	0.000371527727776738	0.00120866514023492	0.00302598294044516	0.00751695635269214	0.0166141055733959	0.0337783025886938	0.0608374254184487	0.097286503559274	0.137163813007311	0.166860110690302	0.170301782277071	0.143748589970671	0.0954221447806114	0.0476755516514744	0.0156982465235277	0.00234436876287027	
1.92221747007348e-06	9.61108735036738e-07	1.92221747007348e-06	6.72776114525717e-06	5.76665241022043e-06	2.59499358459919e-05	0.000148971853930694	0.000461332192817634	0.00133498003296603	0.00334754172413296	0.00810022441888963	0.0177132339867271	0.0359675721912799	0.0633063101593999	0.100623279014671	0.140074870370459	0.168118101041361	0.168145012085942	0.140283430965962	0.090934341856766	0.0451230940012398	0.0142349814746291	0.00203947273574796	
9.61917679085024e-07	1.92383535817005e-06	2.88575303725507e-06	4.80958839542512e-06	8.65725911176522e-06	2.21241066189556e-05	3.75147894843159e-05	0.000163526005444454	0.000468453909714407	0.00142363816504584	0.00362354389711329	0.00871305033715215	0.0194518993064574	0.0377119826085284	0.0666714762550621	0.104633557460153	0.142856318356275	0.166770553776008	0.16735732356025	0.135231196914168	0.0879433238103483	0.0420588886003136	0.0129233640185073	0.00191902576977462	
1.9234542160193e-06	1.9234542160193e-06	4.80863554004824e-06	2.88518132402894e-06	1.53876337281544e-05	1.53876337281544e-05	6.53974433446561e-05	0.000172149152333727	0.000591462171425934	0.00154934237100354	0.00427487699510289	0.00977595605291807	0.0208819806962135	0.0405637259616309	0.0701252938076315	0.10743357350865	0.144488918980262	0.16728666007563	0.163975433642753	0.132040323294185	0.083827019915445	0.0391547957483968	0.011857133514651	0.001893640675671	
9.5976382131885e-07	1.9195276426377e-06	1.2476929677145e-05	9.5976382131885e-06	9.5976382131885e-06	2.49538593542901e-05	6.52639398496818e-05	0.000214027332154104	0.000629605066785165	0.001766925195048	0.00468364744803599	0.0104873392755511	0.0224824675143941	0.0429110404511658	0.0729487687669818	0.110729871593198	0.145544344447718	0.167536372649418	0.161807542399966	0.127972028643191	0.0806297586289966	0.0366860123060917	0.0111063869403017	0.00173909204422976	
9.59160849356115e-06	5.75496509613669e-06	5.75496509613669e-06	2.97339863300396e-05	7.28962245510648e-05	0.000252259303380658	0.000743349658250989	0.00207274659545857	0.00505381851525737	0.0117765769083944	0.0240509582976046	0.0456474239817069	0.0762504100412631	0.113363220785399	0.147122805200186	0.166427835615177	0.159760708551303	0.124507710694068	0.0761295557742442	0.0346679097391274	0.0103090608088795	0.00173991778073199	
1.92137908905496e-06	7.68551635621984e-06	5.76413726716488e-06	2.2095859524132e-05	0.000108557918531605	0.000280521347002024	0.000858856452807567	0.00230949766504406	0.00580064346985692	0.0127128047427321	0.0262364314610455	0.0479191944810307	0.0795239591168957	0.115432612912244	0.148574480819353	0.166245404301391	0.156650037130651	0.120295623386642	0.0730652433090375	0.0326720907198351	0.00977213404693353	0.00150443982673003	
9.62923590087279e-07	4.8146179504364e-06	4.04427907836657e-05	0.000129994684661783	0.000312950166778366	0.000950405583416145	0.00254404412501059	0.00645640267153521	0.0140692765747652	0.0281192946777287	0.050320460970781	0.082292412932449	0.11815842789243	0.150694653077889	0.165891513176646	0.151827051219832	0.116669748022155	0.0702953479235516	0.030869404451018	0.0090534075940006	0.00129898392302774	
9.64243907424871e-07	2.89273172227461e-06	4.91764392786684e-05	0.000126315951872658	0.000355806001839777	0.00109923805446435	0.00294865786890526	0.00692327125531057	0.0148387494913613	0.0302473671320108	0.0528733504197354	0.0851176666840231	0.121157246967935	0.151771991028675	0.163433556845071	0.149783720091565	0.113154986780216	0.0669947024439726	0.0294296882985145	0.00849595306832054	0.00119469820129942	
1.92852686582564e-06	4.82131716456409e-06	3.95348007494255e-05	0.00016778183732683	0.000414633276152512	0.00123425719412841	0.0031444630547287	0.00744893501925152	0.0159701309759021	0.0318795133555307	0.0558597806686396	0.0878337918405957	0.123520217229266	0.151964059973328	0.162107147024138	0.146811036187842	0.109996422582664	0.064470653124551	0.0280321022582085	0.00792720968197628	0.00117158007098907	
9.65180160528764e-07	1.44777024079315e-05	5.59804493106683e-05	0.000192070851945224	0.00050768476443813	0.00129237623494802	0.0034794744787062	0.00813646875325748	0.017163798794683	0.033033290994097	0.0580835768804605	0.0902173199649447	0.125317061682734	0.15342117759701	0.162118416023535	0.143972063825434	0.106474814588891	0.0616701863569854	0.0262432485647771	0.00757762944031133	0.00102791687096313	
7.74214776856785e-06	2.51619802478455e-05	9.77446155781691e-05	0.000208070221280261	0.000540982575328678	0.001540687405945	0.00403269121895278	0.00840603693972254	0.0182501778274566	0.0347245005104979	0.0605581120772666	0.0929957756906238	0.127942862949468	0.154199389338095	0.160450205892742	0.141599043844751	0.102429582746624	0.0590029081442556	0.0250226215880113	0.00703761232162817	0.000928089963757071	
1.25923845133043e-05	3.19652837645418e-05	9.20212714433779e-05	0.000248941755378401	0.000656741284616949	0.00182589575442913	0.00437343200596685	0.00928736790104323	0.0195181959956217	0.0366089677150634	0.0629309259277197	0.0959743115355929	0.129283105863208	0.154613171634201	0.159839011207222	0.138764202756764	0.0986884547206912	0.056399352945165	0.0236678710152368	0.006371746563732	0.000811724478626849	
6.78134239579014e-06	1.93752639879718e-05	7.75010559518873e-05	0.000271253695831606	0.000795354586706244	0.00201793374434727	0.00461906293473249	0.0101419819345039	0.0206869693599575	0.0385218998608856	0.0653023897450603	0.0990986627192796	0.131224787937736	0.156161721453455	0.158208718093784	0.135024277205777	0.095726398022173	0.0534747598436029	0.0219967372055444	0.00587748633075126	0.000745947663536916	
2.91454269367865e-06	4.27466261739535e-05	0.000123382307365729	0.000340029980929176	0.000918080948508774	0.0021159579956107	0.00487505841229315	0.0112073881714256	0.0222777928362484	0.0406481554345049	0.0685947338099582	0.101907956798705	0.134251608584688	0.155609377443965	0.155501539364299	0.131372040403334	0.0918022657654901	0.051346470148768	0.0208389802598023	0.00545602392256643	0.000767496242668711	
3.90437025924042e-06	4.68524431108851e-05	0.000144461699591896	0.000338704119989107	0.000968283824291625	0.00235823963658122	0.00543195512316824	0.0119649426594423	0.0234066997041463	0.0424570982915452	0.0711015106984626	0.104619553281477	0.136072183997353	0.15531096844976	0.153663324200361	0.128672426263527	0.0893964136406984	0.0490027750311618	0.019183147176213	0.0051000836511328	0.000756471737727832	
1.07561789358814e-05	4.69360535383917e-05	0.000130051981679294	0.000428291488537825	0.00107366222469071	0.00263721950818839	0.00576042273738887	0.0128976363785706	0.0252105277568087	0.0455925090058553	0.0735331505434804	0.106556575545534	0.137971462879449	0.155369093391013	0.151480245788467	0.125875650748826	0.0857736821725135	0.0461860545162262	0.0181104718246782	0.00469849452608276	0.000657104749537484	
3.91471020868341e-06	7.82942041736683e-06	6.26353633389346e-05	0.000151695020586482	0.000454106384207276	0.0011988800014093	0.00283816490129548	0.00666968751804437	0.0141203597227211	0.0270261806031981	0.0471252814921309	0.0761107745547751	0.108638101678726	0.138660014269119	0.155325914305036	0.149519420388007	0.123105891932467	0.0829810909710145	0.0439044536679367	0.0169878849505817	0.00448136451139034	0.000626353633389346	
9.7570209083201e-07	8.78131881748809e-06	5.85421254499206e-06	5.56150191774246e-05	0.000158063738714786	0.000537611852048438	0.00130841650380573	0.00311639247811744	0.0071079897317112	0.0150960627493529	0.0281294912786869	0.049676896252621	0.0784279097631678	0.111069047509862	0.139322452954084	0.154405831576256	0.14839453099464	0.120852412374634	0.0796211934202554	0.0418459112716033	0.0161800677722672	0.00417795635294267	0.000500535172596821	
3.89881787841926e-06	4.87352234802408e-06	8.77234022644334e-06	2.82664296185397e-05	6.04316771154986e-05	0.000190067371572939	0.000559480365553164	0.00148837372508655	0.00339099684975515	0.00774500171547987	0.0160309644115904	0.0303055113689529	0.0515345747169458	0.0806587442687377	0.112812295312061	0.140114742210162	0.15469534637098	0.146893811796263	0.1169830557375	0.0769110055831072	0.0395437603318674	0.015696640778516	0.00389589376501045	0.000443490533670191	
1.94680548687658e-06	5.84041646062975e-06	1.55744438950127e-05	3.60159015072168e-05	5.54839563759827e-05	0.000180079507536084	0.000633685185978328	0.00154381675109313	0.00380892493507404	0.00857567816969135	0.0171377287009746	0.0316492168001526	0.0541172989241953	0.0835637053159471	0.115350171902924	0.141779029790018	0.154110095743894	0.144577562677403	0.113377084541975	0.072798844376263	0.0379393453282509	0.0146633389271544	0.00367167514824924	0.000407855749500644	
4.85158045084767e-06	6.79221263118674e-06	2.9109482705086e-05	2.71688505247469e-05	6.59814941315283e-05	0.000219291436378315	0.000763638762963423	0.00168834999689499	0.00412578401540086	0.00895504719617463	0.0182477643917283	0.0341318387878035	0.0565548733155313	0.08653861081786	0.11784682978327	0.143535948270509	0.153282773396262	0.140865638390362	0.109623400919083	0.0701490017388064	0.0362054042724958	0.0134107386822331	0.00333109513755201	0.000390067068248153	
4.83786383154945e-06	3.87029106523956e-06	1.16108731957187e-05	2.41893191577473e-05	2.99947557556066e-05	6.96652391743121e-05	0.000255439210305811	0.000755674330488024	0.0018780587394075	0.00443728870629716	0.00970572241885451	0.0194598234760245	0.0361978647604193	0.0593809082412043	0.0888986506230201	0.120981428408323	0.14443152197261	0.151533506077325	0.137862670462132	0.106434939439621	0.0679119973217586	0.0340188908906894	0.0123713853900383	0.00295786994660933	0.000382191242692407	
9.64033826018887e-07	9.64033826018887e-07	9.64033826018887e-06	9.64033826018887e-07	1.25324397382455e-05	4.82016913009444e-05	7.80867399075299e-05	0.000253540896242967	0.000854133969852734	0.00212376651871961	0.00496670227164931	0.0104732634858692	0.0208048139993136	0.0382740709606019	0.0610079166457793	0.092232972270531	0.121716018771667	0.14516035738662	0.150592687996236	0.135056318856116	0.102926035468733	0.0661134397883753	0.0320203835312173	0.0120012571001091	0.002909454086925	0.000361512684757083	
1.92151753769057e-06	1.92151753769057e-06	2.88227630653585e-06	1.15291052261434e-05	2.49797279899774e-05	9.79973944222189e-05	0.000377578196156196	0.000915603106709555	0.00237691719412323	0.00536679848276975	0.0112658573234798	0.0225826348617084	0.0401722064017278	0.0640941389872065	0.0934049675071384	0.124373104903328	0.145322449858	0.14896660786823	0.132756685920272	0.100344528094508	0.0624233794881846	0.030670302177848	0.011333110437299	0.00278235739457594	0.000329540257713932	
1.92007127304566e-06	0	9.60035636522828e-07	7.68028509218262e-06	3.93614610974359e-05	0.00013920516729581	0.000396494717883928	0.00112324169473171	0.00260841682443252	0.00577461435368481	0.0123844597111445	0.0237493615763017	0.041739469369103	0.066616872818319	0.0959344410864531	0.127003114355605	0.14530139358773	0.147811886777237	0.129984025007008	0.0970711232800962	0.0596201330993406	0.0292407654172123	0.0105191104693806	0.00264777828552996	0.000284170548410757	
9.62131467567991e-07	0	0	9.62131467567991e-07	9.62131467567991e-06	4.61823104432636e-05	0.000182804978837918	0.000461823104432636	0.00112376955411941	0.00288447013976884	0.00619901304554057	0.0129868505492327	0.0250923886741732	0.0439309228091545	0.0691002820007331	0.0989080769974571	0.128026985863402	0.145978434785286	0.145736939786926	0.127001353718975	0.0941897842805037	0.0576028109632956	0.027460194215858	0.010280374730964	0.0024707536087146	0.000324238304570413	
6.74179595665603e-06	1.92622741618744e-05	4.81556854046859e-05	0.000229221062526305	0.000483483081463047	0.00146104349517817	0.00313011955130459	0.00675335332115316	0.0135230795753439	0.0270432698095635	0.0453067950561447	0.0706569109668795	0.102220073408527	0.129585023196594	0.145187465267712	0.144422752983486	0.124894659438177	0.0913522983263973	0.0550332803941832	0.0267109955802712	0.00944044056673463	0.0022690958962688	0.000222479266569649	
