# <P(N_1)> as a function of N_tot.
# number_of_species: 2
# species_total_upper_bound: 100
# species_total_lower_bound: 0
# volume: 512
# Bin widths for each species index 
1	1	1	1	1	1	1	1	1	1	1	1	1	1	1	1	1	1	1	1	1	1	1	1	1	1	1	1	1	1	1	1	1	1	1	1	1	1	1	1	1	1	1	1	1	1	1	1	1	1	1	1	1	1	1	1	1	1	1	1	1	1	1	1	1	1	1	1	1	1	1	1	1	1	1	1	1	1	1	1	1	1	1	1	1	1	1	1	1	1	1	1	1	1	1	1	1	1	1	1	1	
# Bin lower bound for each species index 
0	0	0	0	0	0	0	0	2	3	4	5	6	6	7	8	8	9	10	11	12	12	13	13	14	14	15	16	16	17	18	20	21	22	23	23	25	25	26	27	28	29	29	30	31	31	32	32	35	35	36	36	37	38	39	40	40	41	42	43	44	45	45	47	48	49	49	50	50	51	52	53	53	51	52	52	53	54	57	58	60	61	62	63	64	65	66	68	68	69	69	69	69	70	71	71	71	73	74	74	78	
# Bin upper bound for each species index 
0	1	2	3	4	5	6	7	8	9	10	11	12	13	14	15	16	17	18	19	20	21	22	23	24	25	26	27	28	29	30	31	32	33	34	35	36	37	38	39	40	41	42	43	44	45	46	47	48	49	50	51	52	53	54	55	56	57	58	59	60	61	62	63	64	65	66	67	68	69	70	71	72	73	74	75	76	77	78	79	80	81	82	83	84	85	86	87	88	89	90	91	92	93	94	95	96	97	98	99	100	
# Normalized histogram for each species index 
1	
0.0797745687513918	0.920225431248608	
0.00616586420359634	0.147263437162229	0.846570698634175	
0.000601806405785234	0.0178667442766731	0.202110761975701	0.779420687341841	
3.18615737166526e-05	0.00202198448586449	0.0325625283384189	0.247133071088073	0.718250554513927	
7.34770053711691e-06	0.000156750944791827	0.00416614620454529	0.0498100619411155	0.284265389146467	0.661594304062544	
1.22221298772409e-05	1.22221298772409e-05	0.00041799684180164	0.00769016411875999	0.0676079336289459	0.313030745989919	0.611228715160819	
1.71221986859936e-05	4.89205676742673e-06	4.15824825231272e-05	0.000968627239950492	0.012885677525402	0.0861001991067104	0.338119395537466	0.561862503852495	
1.94821640787859e-05	8.76697383545364e-05	0.00204075668725282	0.0181890354380565	0.106401839116289	0.354699585029905	0.518561631826063	
1.21474211024999e-05	0.000259954811593499	0.00322878452904448	0.0254391292728554	0.126430358834819	0.369643594664853	0.474986030465732	
3.15020161290323e-05	0.000494339330024814	0.00496520238833747	0.0337216966501241	0.147868040477667	0.377001589640199	0.435917629497519	
0.000104921552838982	0.000885733108850011	0.00750799111826855	0.0429275553278189	0.165641851499402	0.381228802186272	0.401703145206549	
0.00010582791888167	0.0012970072848986	0.0102726914746997	0.0515062020082693	0.182602382358732	0.383544989171097	0.370670899783422	
4.94025990707371e-06	0.000170438966794043	0.00200821565222546	0.0135684238347779	0.0619557994946114	0.19726951834936	0.383443212947433	0.341579450494891	
1.48802880823773e-05	0.000305045905688734	0.00285949535983017	0.0167676046208255	0.0727720488668661	0.212416112375936	0.378566929055747	0.316297883527025	
6.92938952078322e-05	0.000433086845048951	0.00406359199754502	0.0212633267009176	0.0850706302774726	0.227088468505925	0.373449549094725	0.288562052683159	
2.47602587942249e-06	0.000113897190453435	0.000747759815585593	0.0054051644947793	0.0266989870578127	0.0973177211648216	0.239087534942915	0.366305744627643	0.26432071468011	
1.9755769302004e-05	0.000108656731161022	0.00106434207114546	0.00728740940127672	0.0326587561273753	0.106908345577795	0.248334959068515	0.359342626776476	0.244275148476954	
7.43833619296036e-06	0.000176040623233395	0.00144799611222962	0.00943676918346904	0.0382925547213599	0.118572037806583	0.257973896398853	0.350573743665017	0.223519523153061	
5.47378059096926e-05	0.000261248619114442	0.0020675962141343	0.0116268075916361	0.0461638750385653	0.129895301505787	0.263706844216204	0.340033738393097	0.206189850615552	
5.74971251437428e-05	0.00048247587620619	0.0031998400079996	0.0145592720363982	0.0523398830058497	0.139683015849208	0.269496525173741	0.32907604619769	0.191105444727764	
5.00704741924258e-06	0.000122672661771443	0.000803631110788435	0.00419340221361566	0.016936337895588	0.0585999794711056	0.150624503989365	0.275450196151083	0.318320536154638	0.174943733304626	
2.25986998214703e-05	0.000178278631924932	0.00109980339131155	0.00522281062540646	0.0203990930388472	0.0657873261469468	0.161789113955199	0.279769392823155	0.304047929331355	0.161683653356032	
7.5434502735758e-06	4.52607016414548e-05	0.000251448342452527	0.00141816865143225	0.00658543208883167	0.0241038381074992	0.073294677341487	0.170559925168973	0.28053337222401	0.293847561956872	0.149352771966527	
5.02994072214859e-06	5.28143775825602e-05	0.000311856324773213	0.00161964091253185	0.00804539018507667	0.0277325781715662	0.08083617734565	0.177795829676147	0.280957398917054	0.283962788498538	0.138680495650359	
5.01600104332822e-06	1.00320020866564e-05	5.51760114766104e-05	0.000338580070424655	0.00209919643663286	0.00913915390094401	0.0324234307440736	0.0879104342853703	0.187488086997522	0.28302033486823	0.271771952528566	0.12573860615363	
1.50385362491384e-05	5.01284541637947e-06	6.01541449965537e-05	0.000491258850805188	0.00275706497900871	0.0110031956889529	0.0368920358418447	0.0970186101886083	0.196501033899367	0.28089980575224	0.259432295256595	0.114924494015916	
4.99126528574994e-06	9.98253057149988e-06	0.000137259795358123	0.000663838283004742	0.00358871974045421	0.0136436236585975	0.0415947092587971	0.105031195408036	0.202106313950586	0.279910157224857	0.247307212378338	0.106001996506114	
2.49651112570183e-06	7.48953337710549e-06	1.99720890056147e-05	0.000192231356679041	0.00100359747253214	0.00466597929393672	0.0158428596037038	0.0463302534707746	0.11286726799298	0.206429015450907	0.278261130070726	0.236871472117716	0.0975062350365364	
1.24291229265116e-05	7.45747375590694e-06	3.23157196089301e-05	0.000275926528968557	0.00134980274981916	0.00542406924512965	0.0179973699975888	0.0521351990275454	0.119555733430115	0.211670449263077	0.274522038077861	0.227942656998466	0.0890745523651378	
1.23269299041458e-05	0	5.67038775590706e-05	0.000372273283105203	0.00156058932586486	0.00600568024929983	0.0210248116445111	0.0567556506646681	0.127191728136957	0.216411581397184	0.271448858033214	0.215817423375804	0.0833423730819297	
4.92112664273359e-06	6.88957729982702e-05	0.000405992948025521	0.00175192108481316	0.00731033362778074	0.0236140261951571	0.0625721252623576	0.134587892552121	0.220464013031143	0.26584172180379	0.206857097863985	0.0765210587311859	
2.46371562808734e-06	7.8838900098795e-05	0.000480424547477032	0.00239965902175707	0.00930791764291398	0.0264947978644513	0.0691466428178994	0.140052378594253	0.225245201297885	0.263156857382893	0.193975722546201	0.0696590956685416	
3.44711267380219e-05	0.000115724496906216	0.000654951408022416	0.00327721926345051	0.0101566712710243	0.029302919950657	0.073906095726319	0.14625606630275	0.22963433521201	0.25792774359391	0.184740617082413	0.0639931845657992	
4.93839354058125e-05	0.000246919677029062	0.000921010395318403	0.00346922146225833	0.0114373194399862	0.0338378725400627	0.0795698659226154	0.154734684807032	0.231074841354107	0.250100002469197	0.175579643941826	0.0589792340551619	
1.72142435569546e-05	4.67243753688766e-05	0.00023854023214637	0.00108695652173913	0.0040896124336022	0.0132254574070431	0.0371827660830218	0.0850850875467244	0.161029411764706	0.233636631910289	0.244341432225064	0.166432225063939	0.0535879401927995	
5.64111242737068e-05	0.000387519897184594	0.0013587722977232	0.00486607263300149	0.0150396962628856	0.040451681419402	0.0893086203555863	0.167178045771496	0.233534696520415	0.238690182747516	0.158593744251584	0.0505345567189328	
2.45182771497012e-06	9.31694531688647e-05	0.000335900396950907	0.00164517639674495	0.00561468546728159	0.0166454583569322	0.0451209854385952	0.0972689091082948	0.1714955413513	0.23310506817307	0.23221260288482	0.149220686560797	0.0472393645843294	
2.45075213583049e-06	8.33255726182365e-05	0.000495051931437758	0.00199001073429435	0.00606561153618045	0.018505629377656	0.0500149495880286	0.104093246217264	0.175615996549341	0.233821359775315	0.224947186291473	0.139940397708057	0.0444247839661992	
2.46050883322671e-06	0.000159933074159736	0.000570838049308597	0.00227104965306825	0.00674179420304119	0.0211037842625855	0.0535234486491806	0.111197775700015	0.18115742335515	0.232340928103932	0.217019339599429	0.132791201220412	0.0411200236208848	
3.45699498241871e-05	0.000175319031251235	0.000713622535656434	0.00249397495160207	0.00833876575401999	0.0238162261467346	0.0585392714630003	0.116295780490696	0.184494883647426	0.230690213741061	0.211945893089961	0.124733317529928	0.0377281616688396	
8.41902997917528e-05	0.000292189863983142	0.000839426812629535	0.00297637471616726	0.00969674158777953	0.0270077529361367	0.0619492035350021	0.121573269084579	0.188323795892999	0.229557233308654	0.204525476232336	0.118889084232395	0.0342852614975473	
3.46818804515581e-05	7.43183152533387e-05	0.000339386972990247	0.000956228989592959	0.00339386972990247	0.0113707022337608	0.0300171675308235	0.0676148032174876	0.125352702337806	0.192229276957111	0.227589931354649	0.198162355791502	0.112800338891518	0.0300642357971506	
5.46103551162456e-05	0.000104256132494651	0.000340073575042075	0.00114433516857224	0.00398903821235485	0.0129848530733218	0.0333892675758463	0.072247017529924	0.130762013036981	0.1953660631395	0.223885079954524	0.191024539907758	0.106726009919226	0.027982842419338	
6.21513310329054e-05	9.19839699287e-05	0.000395282465369278	0.00159107407444238	0.00502679965394139	0.0149014031284494	0.0360403138393612	0.0760956036634481	0.136407255297779	0.196286333668122	0.22266833066497	0.18440299917463	0.100265013275524	0.0257654557930013	
2.48241827258442e-06	5.95780385420261e-05	0.000148945096355065	0.000434423197702274	0.00185684886789315	0.00588829614257025	0.0163293473970603	0.038887082240035	0.0811378412394218	0.143014599101861	0.197826394560525	0.221272835145085	0.177232252571165	0.0924551861441342	0.0234538878393776	
7.44583157528977e-06	3.97111017348788e-05	0.000151398575364225	0.000593184582164751	0.00209724256037328	0.00636122210915589	0.0181405276612643	0.0425206621826214	0.0866396962100717	0.147226427738205	0.200049638877169	0.217175051500335	0.170663423593358	0.0866918170310988	0.0216425504455089	
2.47958065331991e-06	0	3.22345484931588e-05	0.000252917226638631	0.000684364260316295	0.00242255029829355	0.00748089483106617	0.0200077362916384	0.046730176992467	0.0930388252738697	0.149198847490912	0.201217970016911	0.212128124891518	0.164086249733445	0.0824435771422337	0.0202730514215436	
4.71578696556483e-05	0.000268055259095264	0.000856287633220982	0.00266566063211401	0.00820795131322257	0.0223429022442182	0.0502851810117597	0.096348491692769	0.153134012737589	0.200927272637018	0.208797672883232	0.158596879638225	0.0778998366848514	0.0196226377630292	
4.94367913544939e-06	7.16833474640162e-05	0.000301564427262413	0.000981320308386705	0.00325046903155798	0.00936580012210887	0.0244069438917137	0.0534881364059947	0.100816448609219	0.156287000348529	0.203558460241696	0.204848760496049	0.150950298721812	0.0736286852038155	0.0180394851652548	
1.98063925131836e-05	7.92255700527345e-05	0.000376321457750489	0.00116362556014954	0.00403555247456116	0.0108737094897378	0.0267262508974772	0.0571587729939838	0.104288083979104	0.161392389393677	0.204436631922953	0.199279542472333	0.144178158500656	0.0689534797355847	0.0170384491594662	
4.94294604527244e-06	9.88589209054489e-06	0.000133459543222356	0.000467108401278246	0.00148288381358173	0.00460435424117128	0.0118680134546991	0.0287160450500103	0.0595501424804198	0.109580170877645	0.165633179031034	0.202485313271563	0.195456443995186	0.140555142270345	0.0642830133187681	0.0151699014129411	
1.48626689390036e-05	3.7156672347509e-05	0.000203123142166383	0.000468174071578614	0.00173645515437359	0.00540258015932781	0.013081625777813	0.030220760175974	0.0642959058301296	0.114217133684753	0.167779715429432	0.200693095794856	0.192320458959217	0.135500475605406	0.0603003249970275	0.0137281518766597	
1.49028705412474e-05	6.70629174356134e-05	0.000161447764196847	0.000658210115571761	0.00190756742927967	0.00587173099325148	0.0145004930366337	0.0335612644588892	0.0685482368662244	0.118102765227629	0.169617021065208	0.201399876306175	0.188436862747046	0.12859190227691	0.0561912733757734	0.0123693825492354	
2.97295355503309e-05	4.45943033254963e-05	0.000180854674597846	0.000693689162841054	0.00221485039849965	0.00573284543862214	0.0165965132209722	0.0364830950428477	0.0734195655028379	0.120689527027864	0.171442799134871	0.200733824035834	0.18406050951469	0.12269131575492	0.0539566295625547	0.0110296576891728	
2.97642670053179e-05	5.70481784268593e-05	0.00023315342487499	0.000835879831732677	0.00239850384951187	0.00677881181046115	0.0173128819747599	0.039772501785856	0.0771241765219462	0.124580819906342	0.17406887451385	0.200370565124216	0.178399575363124	0.117930986586237	0.0501205452813715	0.00998591158028415	
4.96565011532722e-06	3.2276725749627e-05	6.70362765569175e-05	0.000248282505766361	0.000881402895470582	0.00285276599125549	0.00789538368337029	0.0186460161830537	0.0429727360980418	0.0812380358867534	0.128386883731785	0.177119773963607	0.19897608294622	0.172916351140982	0.112382593410086	0.0464213801031366	0.00895803280805031	
1.7382839660687e-05	2.73158908953652e-05	9.93305123467827e-05	0.000270675646144983	0.000933706816059757	0.00327542364463516	0.00856725668991001	0.0208767904324851	0.0450389375608399	0.0835121282555575	0.133967062002106	0.179845342392276	0.196947573355583	0.166572302679937	0.107276953334525	0.0438221387845919	0.00894967916244512	
2.23533619456366e-05	1.98696550627881e-05	0.000111766809728183	0.000409811635670005	0.00107047766650771	0.00360882610077889	0.00906801382927992	0.0229097122873947	0.0482733269750437	0.0891029844221904	0.138625615959307	0.180356859004928	0.193279585916388	0.16270267048164	0.101948716420283	0.0405663845175648	0.00792302495628676	
2.73319766734003e-05	9.93890060850919e-06	0.000159022409736147	0.000482036679512696	0.00148586564097212	0.00404513254766324	0.0099761714857911	0.024964033603423	0.0525146660902104	0.0927846066307375	0.142670433509997	0.180274263962292	0.190054142161065	0.157757684633714	0.0965713277625795	0.0384958467819082	0.00772749522311589	
1.7335271581794e-05	1.7335271581794e-05	0.000153540976867318	0.00055225222324858	0.00162456259395098	0.00425457093964601	0.0111762972355195	0.0278553049645741	0.0546011525479135	0.0971196208033165	0.143962001084693	0.181250170257132	0.18613376390846	0.154120470231624	0.0927040794846967	0.037776033244098	0.00668150896109717	
2.46886757981849e-05	1.23443378990924e-05	0.000170351863007476	0.000607341424635348	0.00182202427390604	0.00535003604546667	0.0132158481547684	0.0302781919988939	0.0589763087467041	0.100532287850209	0.146317437117943	0.179173126870167	0.185476145801444	0.147902450104186	0.0885484046177699	0.0351369233959767	0.00645608872122535	
2.47821033562403e-06	2.47821033562403e-06	4.21295757056084e-05	0.000208169668192418	0.000716202786995343	0.00207426205091731	0.0058386635507302	0.0152310807227453	0.0325190760240585	0.0619205634459019	0.105016641182404	0.146563837459141	0.179695031436098	0.181628035497885	0.145500685225158	0.0845243199171287	0.0324224258209691	0.00609391921529948	
1.73511703364392e-05	9.66708061601612e-05	0.000255310077807605	0.000803111312715185	0.00231762060922438	0.00668267931814858	0.0167835391925757	0.0343577960047691	0.0660137669142927	0.106459344968532	0.148942446167994	0.181242889118585	0.179517687039419	0.141275707617907	0.0795377648222373	0.0302852284529449	0.00541108640634954	
1.73703735871062e-05	0.000186111145576138	0.000292814869039791	0.000878444607119372	0.00271722272541162	0.00755859399233222	0.0175167810216261	0.036460414159336	0.0676774569773068	0.109909798131444	0.153040435748229	0.181885181830589	0.176316736354951	0.134665061975011	0.0769929401838778	0.0286313386354331	0.00525329726912912	
3.96841144489861e-05	0.00013641414341839	0.000324913687051073	0.00110123417595936	0.00302095321242906	0.00856680820667487	0.018874756934799	0.0381240326997103	0.0714090836937974	0.113747073296559	0.155130163895393	0.181217508631295	0.172655660938926	0.131542918369777	0.0727831461565935	0.0265858764236676	0.00473977141950077	
7.44899302029354e-06	1.24149883671559e-05	0.000114217892977834	0.000439490588197319	0.00127626080414363	0.00370214953108589	0.00951236408691485	0.0202860909919327	0.0411308564603875	0.074631461070321	0.115106806144923	0.156453683402899	0.181340769083699	0.172424324438408	0.126434241531116	0.068227810070542	0.0247753507854963	0.00412425913556919	
7.47244535774332e-06	2.49081511924777e-05	0.000119559125723893	0.000455819166822343	0.00133507690391681	0.00421196836664799	0.00984121053614795	0.0223799738464412	0.0442617846690329	0.0783585528364157	0.118963820910393	0.158537891525002	0.181206799925276	0.168005479793262	0.121447163584283	0.0642331402951616	0.0226464910642008	0.00396288685472321	
4.99413189502335e-06	7.49119784253502e-06	2.74677254226284e-05	0.000129847429270607	0.000516892651134917	0.00178540215247085	0.00470197517916448	0.0106424950682948	0.0243239193947112	0.0465827652508303	0.0813294379104552	0.122456114065972	0.161652558244063	0.18011086972807	0.164584113666442	0.115636626963318	0.0602467101156142	0.0214173346318076	0.00384298449322047	
1.75344112821412e-05	5.00983179489749e-06	1.75344112821412e-05	0.000142780206154578	0.000774019012311662	0.00188369675488145	0.00509499893541074	0.0120261012236514	0.0259985220996205	0.0490287188607643	0.0843931215009456	0.124679683879614	0.163418208233659	0.179898049922974	0.159505529601844	0.112623523665193	0.0574176822013201	0.0196635897949726	0.00341169545232519	
1.75453987191859e-05	2.50648553131227e-06	4.51167395636209e-05	0.000177960472723171	0.000736906746205807	0.00203275976589425	0.00563959244545261	0.013244269547454	0.0272680560951462	0.0519694710062286	0.087586630406176	0.128968706528142	0.16434023034602	0.177885278157232	0.15555249207324	0.107768851904302	0.0547215921196095	0.0189565500733147	0.0030854836890454	
2.49978126913895e-06	7.49934380741685e-06	0.000104990813303836	0.000227480095491644	0.000864924319122077	0.002284800079993	0.00613446323446698	0.0142112565150549	0.029252440411464	0.0556301323634182	0.0908495506643169	0.131780969165198	0.165233042108815	0.175792118189658	0.151549239441549	0.103275963353207	0.052730386091217	0.0170935043183721	0.00297473971027535	
5.00966866051479e-06	0	3.00580119630888e-05	0.000140270722494414	0.00019287224342982	0.000999428897772701	0.00262256154377949	0.00693588626048273	0.0150991413427916	0.0310649553638522	0.0585805604817297	0.0940089372488904	0.133760658070075	0.167067440159508	0.173249371286583	0.147166531405613	0.0995396114500987	0.0499263578706904	0.0169627380845031	0.00264760988708207	
5.02967508298964e-06	0	2.51483754149482e-06	7.54451262448446e-06	2.01187003319586e-05	3.26928880394327e-05	0.000103108339201288	0.000357106930892264	0.00107383563021829	0.00309576501358012	0.0073785333467458	0.0159843074137411	0.0341188009254602	0.0608238607785937	0.0967483150588472	0.136885122221105	0.167030479831003	0.170249471884116	0.143956845387788	0.0949502062166784	0.0487073735036717	0.016258424705764	0.00221054219897395	
5.01484393805665e-06	2.50742196902832e-06	5.01484393805665e-06	1.75519537831983e-05	1.25371098451416e-05	3.51039075663965e-05	0.000160475006017813	0.000411217202920645	0.00141167856856295	0.00346525716119714	0.00796106475166493	0.0174591791703442	0.0359288493942069	0.0634829094118591	0.0999658990612212	0.139272245847709	0.168365862954345	0.16845613014523	0.139422691165851	0.0917942108641579	0.0459359704725989	0.014430213431758	0.00199841530931557	
2.50469630557295e-06	5.0093926111459e-06	7.51408891671885e-06	1.25234815278647e-05	2.00375704445836e-05	2.50469630557295e-05	5.76080150281778e-05	0.000182842830306825	0.000408265497808391	0.001407639323732	0.00374452097683156	0.00843832185347527	0.0195817157169693	0.037407639323732	0.0668778960551033	0.104025046963056	0.143180964308078	0.166574827802129	0.167594239198497	0.135599248591108	0.0881302442078898	0.0420638697557921	0.0126587351283657	0.00199373825923607	
5.00062507813477e-06	5.00062507813477e-06	1.25015626953369e-05	7.50093761720215e-06	3.2504063007876e-05	2.75034379297412e-05	0.000107513439179897	0.000180022502812852	0.000527565945743218	0.00149018627328416	0.00437554694336792	0.0100137517189649	0.0210851356419552	0.0409926240780097	0.0702687835979497	0.106310788848606	0.145070633829229	0.166178272284036	0.164720590073759	0.132589073634204	0.0840055006875859	0.0386223277909739	0.0114814351793974	0.00189023627953494	
2.49309412926194e-06	4.98618825852389e-06	3.24102236804053e-05	2.49309412926194e-05	1.99447530340956e-05	4.73687884559769e-05	0.000104709953429002	0.000201940624470217	0.00052604286127427	0.00176261754938819	0.00487898521096562	0.0109496694157185	0.0231209549547753	0.0437263779331252	0.072581449385203	0.110705844809877	0.14447480479073	0.167062237601843	0.162582147451559	0.128551412587134	0.0800283215493084	0.0361249339330056	0.0107601942618946	0.00172522113744927	
2.49623692283882e-05	1.49774215370329e-05	1.49774215370329e-05	5.4917212302454e-05	7.23908707623258e-05	0.000227157559978333	0.000579126966098606	0.00220417720286668	0.00547424757178553	0.012189124894222	0.0241735583607711	0.0460980072540645	0.0766544434265345	0.11366115580762	0.146693859007546	0.165705199411887	0.160874980966193	0.12336902120054	0.0755536029435626	0.0345029867474782	0.0100473536144263	0.00180977176905814	
5.02006772071355e-06	2.00802708828542e-05	1.25501693017839e-05	3.76505079053516e-05	0.000115461557576412	0.000203312742688899	0.000803210835314168	0.00245481311542893	0.00623492410912623	0.012740931875171	0.026086781910688	0.0488276886855204	0.0804365450889933	0.114761258129372	0.148322920876203	0.166693858700154	0.15555181839403	0.119163857520438	0.0733833499413907	0.0330471058054573	0.00959083938042324	0.00150602031621407	
2.52331543461585e-06	1.26165771730793e-05	8.57927247769389e-05	0.00013373571803464	0.00031036779845775	0.00090587024102709	0.0026747143606928	0.00681042835802818	0.014201219266018	0.0281904800355283	0.0507211635512132	0.0825704509669345	0.117455286850499	0.150689874439824	0.165302394121684	0.149980822802697	0.116582219710122	0.0712256247729016	0.0316726553352982	0.00907636561831321	0.00139539343534257	
2.53450731712262e-06	7.60352195136787e-06	5.32246536595751e-05	0.000108983814636273	0.000276261297566366	0.00107209659514287	0.00304647779518139	0.00709915499526047	0.0146798663807742	0.0304267603420571	0.0522792824302884	0.0846728204504326	0.122431910460925	0.151720677017595	0.162507540159268	0.149130410539495	0.113371046802212	0.067255686167166	0.0300136356493661	0.00852101360016626	0.00132301281953801	
5.09474960579375e-06	1.27368740144844e-05	2.80211228318656e-05	0.000147747738568019	0.000361727222011356	0.0012252872801934	0.0031791237540153	0.00745616604807915	0.016007703261404	0.0313938470709011	0.0555327707031519	0.088185020926684	0.123662309806629	0.152381413334488	0.161513752002873	0.14664982002797	0.110054233609554	0.0646982252439748	0.0283115235593959	0.00797837788267301	0.00121509778098181	
2.55436323556082e-06	3.57610852978515e-05	8.17396235379463e-05	0.000232447054436035	0.000487883377992117	0.00125419234866036	0.00355822798713623	0.008189288533208	0.01726238674592	0.0329334051960857	0.0584617113722806	0.0901971202108882	0.126116576029345	0.153519784820441	0.16159923573452	0.143711029995887	0.106317706590513	0.0610722705990237	0.0262205386130318	0.00770906824492256	0.00103707147363769	
2.04638123059135e-05	5.88334603795014e-05	0.000115108944220764	0.000268587536515115	0.00053717507303023	0.00153222794640528	0.00433321225577719	0.00888641049384295	0.0183432497557132	0.0337704062578338	0.0597824696751881	0.0926882798630971	0.128725053333811	0.154348304317353	0.160080729739547	0.141404943033863	0.103083896514501	0.0592452946021579	0.0249044595762968	0.00697560201977827	0.000895291788383717	
3.33373509115201e-05	7.18035250401972e-05	9.48832295174034e-05	0.000320551451072309	0.000700084369141922	0.00202588517077699	0.00463389177670129	0.00991145086715579	0.0194510620510677	0.0358786828156214	0.0620254235766874	0.0957115344669742	0.128705254222945	0.155021246150177	0.159124304723903	0.140104063823076	0.0988221657481799	0.0569555818265278	0.0235336053319246	0.00615458786058833	0.00072059966201055	
1.54369823786846e-05	2.83011343609218e-05	8.74762334792128e-05	0.000306166817177245	0.000951947246685551	0.0021534590418265	0.00487551360126789	0.0100829223236775	0.0202739035240058	0.0375813336009077	0.0657255253076462	0.0978267301641209	0.131139738137322	0.156525855659069	0.159361114755954	0.135063304491905	0.0964348289196428	0.0535174450765031	0.0217404168499808	0.00563192573782344	0.000676654394265676	
6.1986672865334e-05	0.000126556123766723	0.000449403378273671	0.00102536288031407	0.00216953355028669	0.00489952993439744	0.010966475541092	0.0215920243814247	0.0409112040911204	0.069283020817191	0.101691719613616	0.134686709024226	0.156694560669456	0.155312774420166	0.131432408698796	0.0909706079859497	0.0510511906606746	0.0206079859496875	0.00529469497391394	0.000772250632780619	
2.60436335035719e-06	5.4691630357501e-05	0.000190118524576075	0.000408885046006079	0.00100788861658823	0.00230486156506611	0.00517226561380938	0.0112925194871488	0.0227308833219175	0.0421464120988304	0.0723283789661198	0.104713637227811	0.136950446778533	0.156556094080022	0.153988191816569	0.127616408530853	0.0892827843769451	0.0484958499470012	0.0190613353612643	0.00492485109552544	0.000770891551705728	
5.22720025926913e-06	6.27264031112296e-05	0.000146361607259536	0.000444312022037876	0.00112907525600213	0.00243848892094905	0.00531083546341744	0.0123283518114862	0.0247926108297135	0.0452022142420298	0.0745424892973075	0.107878958950796	0.139205570104596	0.155098872492904	0.151445059511675	0.125685416633997	0.0853340442325686	0.0461117470871427	0.0178613432859226	0.00438823461765644	0.000588060029167777	
7.81677479871805e-06	5.21118319914537e-06	6.77453815888898e-05	0.000161546679173506	0.000385627556736757	0.00122983923499831	0.00262904192396884	0.00620391359858256	0.0139034367753198	0.0269782954219756	0.0477813387529639	0.0768727689621929	0.109744912582402	0.138875426665624	0.154034758591938	0.14908413455275	0.123082935980614	0.0832356236483494	0.0443992808567185	0.0165142395580917	0.00429662054769535	0.000505484770317101	
2.5898952646355e-06	2.0719162117084e-05	7.76968579390649e-06	3.6258533704897e-05	0.000124314972702504	0.000424742823400222	0.0011602730785567	0.00298096944959546	0.00693573951869386	0.0152518932134384	0.0283515834619648	0.0498477141584394	0.0797195661407453	0.111059888738099	0.139134353406748	0.153989992644697	0.146613970931016	0.1207927151426	0.0801753877073211	0.0427177324948979	0.0162256938329414	0.00387707321115934	0.000549057796102726	
1.03465311960849e-05	1.29331639951061e-05	2.06930623921697e-05	2.58663279902122e-05	2.84529607892334e-05	0.000137091538348125	0.000455247372627734	0.00138126191467733	0.00328502365475695	0.00734603714922026	0.0160397099867306	0.0302248042565629	0.0519525197683412	0.0819600468697863	0.113157425058781	0.140361042206087	0.153149354764448	0.146330990706228	0.116095839918469	0.077288588034754	0.0405687488198488	0.0158689922219952	0.00380493684736021	0.000494046864613053	
5.17048377631453e-06	1.55114513289436e-05	2.84376607697299e-05	2.32671769934154e-05	3.10229026578872e-05	0.000168040722730222	0.000532559828960397	0.00155631561667067	0.00381323178503197	0.00833999033119534	0.0170832783969432	0.0314236151505516	0.0543805631173881	0.0847261324005781	0.116408271739945	0.140849148550584	0.153051490262686	0.145231133551011	0.112690693904775	0.0728572868920481	0.0382228013164052	0.0146402248126346	0.00349266179090047	0.000429150153434106	
1.28317652916147e-05	1.28317652916147e-05	3.33625897581982e-05	2.30971775249065e-05	4.87607081081359e-05	0.000215573656899127	0.000728844268563715	0.00170149207766811	0.00414209383613322	0.00892320958378886	0.0182955309527842	0.0339477182554958	0.0571039219007437	0.087733345651828	0.118501352468062	0.142725158985572	0.152456769782733	0.140430839351431	0.109070004978725	0.0703924980367399	0.0369785812173752	0.0130473389485138	0.00309502178833747	0.000379820252631795	
1.27594311335223e-05	1.02075449068179e-05	2.55188622670447e-05	2.55188622670447e-05	1.78632035869313e-05	0.000104627335294883	0.000257740508897151	0.000775773412918158	0.00192667410116187	0.00456532445957429	0.00985283272130595	0.019488755113342	0.0365506664250881	0.0603342460579738	0.0903724988325121	0.120946647714658	0.142982185282251	0.150464315698949	0.137337412948781	0.105859896342381	0.0684620036900275	0.0341927235516132	0.0122592614330883	0.00284024937032207	0.000334297095698285	
2.53637800148632e-06	2.53637800148632e-06	2.53637800148632e-05	0	5.07275600297263e-06	6.08730720356716e-05	6.84822060401306e-05	0.000251101422147145	0.000877586788514266	0.00218635783728121	0.00511841080699939	0.0108810616263763	0.021232020250442	0.0383221352244568	0.0617887044942082	0.0931129728125642	0.121464606113178	0.144593837108732	0.149991249495895	0.134544707466843	0.102801936778242	0.066273020800836	0.031413041548408	0.0118296669989322	0.00285849800767508	0.000294219848172413	
5.07469957778499e-06	5.07469957778499e-06	7.61204936667749e-06	0	2.79108476778175e-05	0.000129404839233517	0.000400901266645015	0.000865236278012342	0.00245361724585905	0.00582068041571939	0.0115246427411497	0.0227574902565768	0.0405164014290354	0.0645451039298474	0.0933795469308217	0.125032985547256	0.145078048879506	0.148318244559922	0.132985039785645	0.0996391888600195	0.0621270095810328	0.0301031178954206	0.0111770258200715	0.00281899561545956	0.000281645826567067	
5.07554955512808e-06	0	2.53777477756404e-06	1.52266486653842e-05	6.59821442166651e-05	0.000195408657872431	0.000400968414855118	0.00110900757779549	0.00301233866096852	0.00620993488069921	0.0124071808875106	0.0239642072245372	0.0420306258660156	0.0674286758398766	0.0951284875369881	0.127294782842612	0.144597331276044	0.147977647279759	0.129992437431163	0.0966841434756348	0.0596148672997569	0.0285423529232628	0.0104378676601209	0.00265197464255442	0.000230937504758328	
2.53782630101665e-06	0	0	2.53782630101665e-06	2.03026104081332e-05	5.58321786223664e-05	0.000251244803800649	0.000548170481019597	0.00114709748805953	0.0032611067968064	0.00631411183692943	0.0128312497779402	0.0252742121318249	0.0442749176475365	0.0697597693623458	0.100246676716459	0.128604347804019	0.144478451316878	0.146389434521544	0.127167938117643	0.0938615057431009	0.0567762500063446	0.0262258969947061	0.0100447164994239	0.00223074931859364	0.000230942193392515	
1.78147419534628e-05	1.01798525448359e-05	7.38039309500602e-05	0.000315575428889913	0.000587886484464273	0.00165422603853583	0.00363675232164262	0.00669070808509339	0.0134195906172299	0.0271878411841204	0.0449771335062212	0.072546719160773	0.104038093008223	0.129388470808	0.144785497782065	0.144991639796098	0.1246090300382	0.0907152109901688	0.0542382543588856	0.0248591999144892	0.00889210119791415	0.00221666289163801	0.00014760786190012	
