# <P(N_2)> as a function of N_tot.
# number_of_species: 2
# species_total_upper_bound: 100
# species_total_lower_bound: 0
# volume: 512
# Bin widths for each species index 
1	1	1	1	1	1	1	1	1	1	1	1	1	1	1	1	1	1	1	1	1	1	1	1	1	1	1	1	1	1	1	1	1	1	1	1	1	1	1	1	1	1	1	1	1	1	1	1	1	1	1	1	1	1	1	1	1	1	1	1	1	1	1	1	1	1	1	1	1	1	1	1	1	1	1	1	1	1	1	1	1	1	1	1	1	1	1	1	1	1	1	1	1	1	1	1	1	1	1	1	1	
# Bin lower bound for each species index 
0	0	0	0	0	0	0	0	0	0	0	0	0	0	0	0	0	0	0	0	0	0	0	0	0	0	0	0	0	0	0	0	0	0	0	0	0	0	0	0	0	0	0	0	0	0	0	0	0	0	0	0	0	0	0	0	0	0	0	0	0	0	0	0	0	0	0	0	0	0	0	0	0	0	0	0	0	0	0	0	0	0	0	0	0	0	0	0	0	0	0	0	0	0	1	0	0	0	0	0	0	
# Bin upper bound for each species index 
0	1	2	3	3	3	5	5	5	5	5	6	6	6	6	6	6	6	7	7	7	8	9	9	9	9	9	8	8	8	8	9	9	9	10	9	10	10	10	10	10	11	11	11	11	11	12	12	13	13	14	14	12	13	12	13	13	13	13	13	14	14	14	15	14	15	16	16	17	16	16	14	14	15	14	15	16	16	17	18	18	18	18	18	19	19	18	17	18	19	19	21	22	22	22	23	23	24	24	25	20	
# Normalized histogram for each species index 
1	
0.929450096415985	0.0705499035840149	
0.856411917098446	0.137305699481865	0.00628238341968912	
0.784637195514886	0.196997035700477	0.018301327490656	6.44412939811831e-05	
0.713249454358711	0.254333033765567	0.0311978431120811	0.00121966876364103	
0.658306000385877	0.285548909897743	0.050935751495273	0.00520933822110747	
0.598353694388188	0.320114980074476	0.0733651270660482	0.00718625465473313	0.000718625465473313	0.000261318351081205	
0.550729601973008	0.343358224292663	0.0918681920942659	0.012810851544838	0.000822086730150031	0.000411043365075015	
0.509228300120369	0.357028219874281	0.113548214524542	0.0188578306807543	0.00113681958004547	0.000200615220008025	
0.46642943467168	0.374714650194709	0.130119511212569	0.0255136296495233	0.00288706861823553	0.000335705653283201	
0.428736885134214	0.382885951764546	0.146000817550075	0.0359040741245401	0.00572285052459463	0.000749420902030249	
0.402518656716418	0.384728144989339	0.167643923240938	0.0389125799573561	0.00519722814498934	0.000732942430703625	0.000266524520255864	
0.37295867768595	0.389090909090909	0.181090909090909	0.0491900826446281	0.00667768595041322	0.000925619834710744	6.61157024793388e-05	
0.338684106222751	0.396617783062492	0.188333993922579	0.0629541551063549	0.0112300171753204	0.00191570881226054	0.000264235698242833	
0.310653655928352	0.387916054003475	0.20719155193156	0.0735864189279508	0.0173105199839594	0.00287394733324422	0.000467851891458361	
0.287316369359916	0.377098635886674	0.21786463798531	0.0879459601259182	0.0261673662119622	0.0035414480587618	6.55823714585519e-05	
0.270066518847007	0.364966740576497	0.234336395312005	0.0986379474184352	0.0257206208425721	0.00570161545771302	0.000570161545771302	
0.253056234718826	0.361063569682152	0.24419315403423	0.103545232273839	0.0309290953545232	0.00617359413202934	0.00103911980440098	
0.230694864048338	0.35238670694864	0.257462235649547	0.115045317220544	0.0325679758308157	0.00948640483383686	0.00223564954682779	0.000120845921450151	
0.214573715888506	0.348682288318822	0.25279027639806	0.129316893589669	0.0412551861158184	0.0112779758078654	0.00204522877344709	5.84351078127739e-05	
0.200138664201525	0.333949618673446	0.264559741160157	0.134273168477005	0.0506702103073723	0.0135775363993529	0.0019644095216085	0.000866651259533164	
0.175437589670014	0.319885222381636	0.279253945480631	0.145824964131994	0.058077474892396	0.0165279770444763	0.00355810616929699	0.00114777618364419	0.000286944045911047	
0.148779337185989	0.305342611156976	0.290895152730275	0.159806580964736	0.0672838778157802	0.021346856940677	0.00542516806227149	0.000766599834886189	0.000294846090340842	5.89692180681684e-05	
0.140544784683216	0.288216464335326	0.281572748686356	0.176239656942683	0.0757383583982606	0.0272392341607779	0.00893881741861448	0.000966358639850214	0.000301987074953192	0.000241589659962554	
0.134896485889863	0.28446990036394	0.274088658194618	0.179464232444365	0.0819760157508502	0.0326352842909134	0.00996360599009606	0.00196885627349204	0.000357973867907643	0.000178986933953821	
0.127502383222116	0.271031935176358	0.285629170638704	0.18243565300286	0.0832936129647283	0.0352716873212583	0.0117373689227836	0.00238322211630124	0.000536224976167779	0.000178741658722593	
0.119050466395599	0.265307342740971	0.281930160248744	0.188172685960297	0.0914852906003348	0.0361157617794786	0.013154747668022	0.00418560153073427	0.000418560153073427	0.000179382922745755	
0.111272375423319	0.251511852926947	0.27866473149492	0.195452346395743	0.105285437832608	0.0383405902273827	0.0151790033865506	0.00314465408805031	0.00114900822447992	
0.109831816263789	0.243293748869733	0.275724877931159	0.198746157092049	0.110916872626439	0.0397251190547953	0.015612755440352	0.00554584363132196	0.000602809090361083	
0.0967117988394584	0.230467147295	0.271613621710333	0.209073325127484	0.114295762264814	0.0508176542992791	0.018814840865131	0.00638884004454604	0.00181700955395346	
0.0888262045938633	0.219676472281389	0.265269702377526	0.216855679005239	0.123999769731161	0.0555523573772379	0.0194577168844626	0.00869264866731909	0.00166944908180301	
0.0845323741007194	0.204165699698306	0.26218380134602	0.222499419818984	0.136632629380367	0.0601067533070318	0.0215827338129496	0.00667208168948712	0.00150847064284057	0.000116036203295428	
0.0735898177610645	0.19814868382991	0.261440555394851	0.22302574486549	0.144344807636679	0.0632340179346254	0.0259762800115707	0.00781024009256581	0.00231414521261209	0.000115707260630605	
0.0655420038755272	0.195372164595919	0.258862418784908	0.221873931380372	0.151088567194802	0.0698734754359968	0.0274706485808731	0.00718112390288385	0.0018237774991451	0.000911888749572552	
0.0597985969676397	0.186297804933243	0.253111563702195	0.227936184657162	0.152749490835031	0.0791468658067436	0.0299841593120616	0.00956098664856302	0.000961756053405748	0.000339443312966735	0.000113147770988912	
0.0530913216108905	0.176063528077141	0.248440158820193	0.2310266591038	0.160578559273965	0.0820192853091322	0.035677821894498	0.011287577992059	0.00141803743618832	0.000397050482132728	
0.0510531135531136	0.163576007326007	0.242616758241758	0.235519688644689	0.166723901098901	0.0876259157509157	0.0351991758241758	0.0141369047619048	0.00269001831501832	0.000744047619047619	0.000114468864468864	
0.0443552880864817	0.153738994762064	0.232140867045581	0.232140867045581	0.17992867491363	0.0923325532152012	0.0425164382034994	0.0159366989858464	0.00501504513540622	0.00172740443552881	0.000167168171180207	
0.0437924239106635	0.13663236260127	0.237792861834903	0.227830085395227	0.176647689949639	0.104663893146486	0.0454346398073133	0.0196518502299102	0.00520035033939129	0.0018611780162032	0.000492664768994964	
0.0394088669950739	0.129310344827586	0.226209135691894	0.236677115987461	0.176780116435289	0.107702642185401	0.0522839229735781	0.0222234661889834	0.00682937751903269	0.00229511867442902	0.000279892521271832	
0.0375233490825184	0.120701021865729	0.215910339523129	0.232831556971761	0.185474123722668	0.11020766948687	0.0585649928579277	0.0263157894736842	0.00944951104274256	0.00252719481375673	0.000494451159213273	
0.0291938997821351	0.121514161220044	0.204248366013072	0.230174291938998	0.190305010893246	0.116448801742919	0.0633442265795207	0.0292483660130719	0.0122004357298475	0.00250544662309368	0.000762527233115468	5.44662309368192e-05	
0.0251145333112546	0.110062372357454	0.203620908538941	0.222884583540321	0.199205166418281	0.130043605453442	0.0653529833857703	0.0288679141138158	0.0113153391841916	0.00320141303747861	0.00027598388254126	5.51967765082519e-05	
0.0230082607972501	0.105061817375395	0.183899761601153	0.224760215113378	0.203692410046017	0.138825747075456	0.0716305372290292	0.0313244996396297	0.013694073293785	0.00360370349836447	0.000443532738260243	5.54415922825304e-05	
0.0224092822204527	0.0977135706973041	0.186270048913662	0.215390740530088	0.203958594016608	0.145148447275623	0.0765555681947446	0.0314526219997725	0.0141053350017063	0.00494824252075987	0.00164941417358662	0.000398134455693323	
0.0193628278734662	0.0924237307216031	0.180175616345829	0.213947990543735	0.201958797703479	0.148204435438478	0.0807159743329956	0.0372621861983564	0.0164358887763143	0.00540357987166498	0.00247664077451312	0.00163233141956546	
0.0188837365215934	0.0806748980389966	0.175931616291413	0.212134756131627	0.206603720878261	0.14671210682161	0.0868204927649589	0.0449745795854517	0.01899547460752	0.00497234482373317	0.00201128554667859	0.00117324990222917	0.000111738085926588	
0.0174434753624799	0.0747180712182657	0.16549080606633	0.212265985223043	0.199488917282373	0.152491528248431	0.0997722348758402	0.0478862285428587	0.0215543580912172	0.00611077162379868	0.00116660185545247	0.00105549691683795	0.000555524693072607	
0.0192360690073307	0.0704955079093865	0.156148376784435	0.213636113101472	0.196714986496169	0.155817670727002	0.102408642451634	0.0505429091109519	0.0233698947252384	0.00793694537838285	0.00253541310698341	0.000496059086148928	0.000606294438626467	5.51176762387698e-05	
0.0165184243964422	0.069222694878736	0.14496436660958	0.204740069609414	0.206894646704602	0.159880669576267	0.106071487763107	0.0519308325506878	0.0245842771117618	0.00999944754433457	0.00348047069222695	0.000994420197779128	0.00022098226617314	0.000497210098889564	
0.0152205310521053	0.06777024775025	0.140984335073881	0.200977669147872	0.211087656927008	0.161482057549161	0.105488279080102	0.0553271858682369	0.0250527719142318	0.0106099322297522	0.00394400622153094	0.00122208643484057	0.000277746917009221	0.000444395067214754	0.000111098766803688	
0.0135978600089166	0.0609674543022737	0.141217119928667	0.192822113241195	0.211881408827463	0.16679670084708	0.106219349086045	0.0580695497102095	0.0279201961658493	0.0125947391885867	0.00657601426660722	0.00117030762371823	0.000111457868925546	0	5.57289344627731e-05	
0.0126324137540361	0.0582903755735569	0.132951906191582	0.194471194697785	0.201155610944315	0.165354330708661	0.112218886308276	0.0673539908230896	0.0291735115844332	0.0175041069506599	0.00696765422307823	0.00158613266866822	0.000339885571857475	
0.0116339045217491	0.0569087053699352	0.124305117771792	0.187689838959253	0.195541291764571	0.171413834603702	0.119147229067568	0.0692303283855808	0.0389134047796435	0.0151871167402143	0.00767952318184423	0.0016046764857585	0.000630408619405123	0.00011461974898275	
0.0104459622338288	0.0528037651380359	0.1250645698215	0.180738104803995	0.193709464500947	0.171669632095506	0.121161682833037	0.075187969924812	0.041669058141537	0.0184239224014234	0.0060265166733628	0.00275497905068014	0.000344372381335017	
0.00999244756869808	0.0496717597164933	0.11270551327485	0.180270725614361	0.203334688897926	0.168303026782083	0.129262766513682	0.0774414686574101	0.0410736071573811	0.0177772613722187	0.00633242316853541	0.00307906814616859	0.000639051879393482	0.000116191250798815	
0.0123319043983792	0.0473310235480651	0.111691819836749	0.165188795584004	0.203006635739033	0.176933466439603	0.12367138410946	0.0845029068060368	0.0445710258969992	0.0184391332432909	0.00745786599330554	0.00375829467379177	0.00064595689705796	0.000469786834223971	
0.0112624565127661	0.0454625862373961	0.108084203078012	0.167521669909782	0.194056253316823	0.178725160681644	0.133085677221534	0.0815496196709712	0.0454625862373961	0.0209328380211097	0.00919865558110738	0.00318415000884486	0.00100241759537709	0.000471725927236276	
0.00678025034770515	0.0477515067222995	0.108310152990264	0.172461752433936	0.188224385720909	0.177329624478442	0.137633286972647	0.0840866944830783	0.0424200278164117	0.0207464070468243	0.0090403337969402	0.00353500231803431	0.000985164580435791	0.000695410292072323	
0.00714857600366007	0.0436920965343704	0.112204048953448	0.167848564565938	0.188608029280567	0.173224293720691	0.14148461626444	0.0834381791147203	0.0491822029051813	0.0189294292576919	0.00817797094818712	0.00348850508978611	0.0017728468489077	0.000800640512409928	
0.00559132497458489	0.0358635490794081	0.0999661131819722	0.163673331074212	0.19693889077149	0.183723031740653	0.140009036484807	0.0882186829323393	0.0500960126510787	0.0236078165593584	0.0080198802665763	0.00152490681125042	0.00135547272111149	0.00101660454083362	0.000395346210324184	
0.0068649885583524	0.0341575040464363	0.0880727800413016	0.159234246804711	0.201149746051236	0.17781994753586	0.1441647597254	0.0943796394485684	0.0517385723056315	0.0267901992521069	0.0109951442763856	0.00262320701010214	0.00100463247195401	0.000502316235977005	0.000502316235977005	
0.00539128501556247	0.0327367718986216	0.0799799911071587	0.151845264562028	0.198643841707426	0.182581147176523	0.140228990662517	0.105269008448199	0.0549132947976879	0.0289573143619386	0.0125055580257892	0.0048910626945309	0.00155624722098711	0.000222321031569586	0.000277901289461983	
0.00465014497510805	0.0283932381421303	0.0782318507577001	0.139777887192954	0.189233546692926	0.187318781114941	0.153126538650911	0.103616171562996	0.0625854806061601	0.0294873899009793	0.0159199080912523	0.00525192844247497	0.00202418075387056	0.000164122763827343	0.000109415175884895	0.000109415175884895	
0.00435516359083238	0.0253143883717132	0.0780663073656704	0.138548641733355	0.173281071370243	0.189939572105177	0.160923294681256	0.10898796886058	0.0636398279710382	0.0312482987642223	0.0148619957537155	0.00789373400838369	0.00223202134030159	0.000598834993739452	0.00010887908977081	
0.00298151460942159	0.0242315823711173	0.0729657938960264	0.138288068520627	0.176234618095083	0.183064997018485	0.161218626334905	0.109394481487505	0.0679785330948122	0.0362660595218735	0.0163712256735513	0.00780614734103106	0.00205995554832764	0.000921559061093945	0.000162628069604814	5.42093565349379e-05	
0.00398256283300145	0.0224422797481298	0.0595769872450353	0.128464560572628	0.177493138151876	0.182013885151499	0.160540336903288	0.114417953823799	0.0787901619934342	0.0397179914966902	0.0195899036650342	0.008288036165976	0.00312146816640654	0.00139927883321673	0.000107636833324364	0	5.38184166621818e-05	
0.00509153937818221	0.0236702415772939	0.0611526378507204	0.117592893510996	0.166233344166396	0.189849420431156	0.159029357599393	0.116238760697649	0.0804354891127722	0.0459863503412415	0.0196620084497888	0.0098580868811613	0.00379157187736973	0.000758314375473946	0.000433322500270827	0	0.000216661250135413	
0.00488652405255728	0.0199261591920947	0.0640134650885004	0.113747421001194	0.161526767292866	0.176186339450538	0.165327397111521	0.128244109023781	0.0820936040829623	0.0453903789770876	0.0237810837224454	0.0102617005103703	0.00287761971983929	0.00108589423390162	0.000488652405255728	5.42947116950809e-05	5.42947116950809e-05	5.42947116950809e-05	
0.0043845226350981	0.0172640578756988	0.059465088238518	0.1161898498301	0.161240819905733	0.177463553655596	0.159870656582265	0.126219445357887	0.0881837114984106	0.046859585662611	0.0254850378165077	0.0101392085936644	0.00471336183273046	0.00153458292228434	0.000822097994080894	0.000109613065877453	5.48065329387263e-05	
0.00405105438401776	0.0192008879023307	0.0559378468368479	0.109711431742508	0.156215316315205	0.180799112097669	0.163485016648169	0.125749167591565	0.086126526082131	0.0518867924528302	0.0254716981132075	0.0121531631520533	0.00582685904550499	0.00194228634850166	0.000998890122086571	0.000388457269700333	5.54938956714761e-05	
0.00262754543463981	0.0187212612218086	0.0537004598204511	0.110904313553755	0.146595139040946	0.173527479746004	0.170352529012481	0.130008758484782	0.0889533610685351	0.0566564484344208	0.0262207138165097	0.0131924677030874	0.0059667177578279	0.00180643748631487	0.00076636741843661	
0.0032551724137931	0.0192551724137931	0.0519172413793103	0.0987586206896552	0.145158620689655	0.16888275862069	0.172744827586207	0.136055172413793	0.0928551724137931	0.0571034482758621	0.0278620689655172	0.0145103448275862	0.00733793103448276	0.00292413793103448	0.00137931034482759	
0.00173010380622837	0.0157383636566581	0.0512333965844402	0.0952673289429624	0.145942627525393	0.164415671391896	0.172675521821632	0.141868512110727	0.0969416229489898	0.0569259962049336	0.0294675745060833	0.0162964616586673	0.00753432302712356	0.00262306060944302	0.00122781560442014	0.000111619600401831	
0.00219088815235099	0.0148868041121285	0.047356890062356	0.100893208246728	0.142070670187068	0.169653390258974	0.173473400370766	0.136958597831582	0.0942643671703837	0.0617942812201562	0.0287624290770181	0.0160665131172406	0.00820178641649346	0.00235941801022414	0.00106735576652997	
0.00376206313723352	0.0142849353906548	0.0442723951801974	0.0947603729349545	0.138814677498501	0.169674499754648	0.166130527234066	0.145357395998037	0.100267161005398	0.0643912545662723	0.0279701215855188	0.0175562946404231	0.00774221689111826	0.00343492721225669	0.00141758900823292	0.000163567962488414	
0.00206960405206688	0.0124720875769294	0.0405206688088884	0.088339415064539	0.129785959370405	0.169217362888732	0.166875442514024	0.14067861227602	0.108490822939927	0.0686237133053755	0.0373073362017319	0.0187353629976581	0.011491748815424	0.00321333260715647	0.00152497140678612	0.000599095909808834	5.44632645280758e-05	
0.00197910940076965	0.00967564595931831	0.0361737218251787	0.0798790544255085	0.133864760857614	0.167839472237493	0.170588235294118	0.142990654205607	0.106981858163826	0.0719626168224299	0.0399670148433205	0.0188565145684442	0.0113798790544255	0.0062671797691039	0.00109950522264981	0.000164925783397471	0.000329851566794942	
0.00222766763198931	0.00790822009356204	0.0336377812430385	0.0776899086656271	0.130764089997772	0.163900646023613	0.168411672978392	0.145299621296503	0.109434172421475	0.0708955223880597	0.0468924036533749	0.0223880597014925	0.0113054132323457	0.00685007796836712	0.00150367565159278	0.000111383381599465	0.000723991980396525	5.56916907997327e-05	
0.0015685395776147	0.00952327600694639	0.030810598846003	0.0761862080555711	0.126547532351129	0.16239986555375	0.163632289507591	0.143521371351745	0.110582040221836	0.0782029017982186	0.0481765727410229	0.0251526525124643	0.0124922973502885	0.00672231247549157	0.00252086717830934	0.00078426978880735	0.000224077082516386	0.000896308330065543	5.60192706290964e-05	
0.000951474785918173	0.0093468405440197	0.0336934012425141	0.0707449487882689	0.121341019757094	0.158504505512957	0.167291655006436	0.147646499132479	0.111434488162534	0.0735993731460234	0.0504281636536632	0.0270890468461409	0.0142721217887726	0.00889908770358762	0.00235070241226843	0.000727598365702132	0.000727598365702132	0.000727598365702132	0.000223876420216041	
0.00124111474669976	0.00936477490691639	0.0293918537741171	0.0688818684418368	0.113956899469706	0.151528827710707	0.166309376057768	0.154293128737448	0.116777614803114	0.0805596299221483	0.0503779758546767	0.0299559968407988	0.0141035766670428	0.00812366016021663	0.00248222949339953	0.00141035766670428	0.000620557373349881	0.000282071533340855	0.000338485840009026	
0.00154995848325491	0.0079158593966233	0.0286742319402159	0.0665375034597288	0.108829227788541	0.149460282313867	0.166399114309438	0.15516191530584	0.121228895654581	0.0842513146969278	0.0559092167174094	0.0279546083587047	0.0145031829504567	0.00680874619429837	0.00282313866592859	0.00127318018267368	0.000498200941046222	0.000110711320232494	0.000110711320232494	
0.00154117129018054	0.00759577278731836	0.0249339498018494	0.0567481285777191	0.108487450462351	0.143549097313959	0.167712461470718	0.157034346103038	0.128412593571114	0.0843240863055923	0.0585094671950682	0.0324746807573756	0.0148062527520916	0.00737560546014971	0.00363276089828269	0.00154117129018054	0.000825627476882431	0.000220167327168648	0.00027520915896081	
0.00113458317575234	0.00475444378410503	0.0226916635150467	0.0561888810848776	0.103517207844832	0.136744286563294	0.161164838727106	0.16219136636231	0.132314009400832	0.0953590145334702	0.0581879085850127	0.034793884056405	0.0152898589875196	0.00777999891944459	0.00405208277054406	0.00199902750013507	0.00124263871630018	5.40277702739208e-05	0.000270138851369604	0.000270138851369604	
0.000385398887848924	0.00611132522160436	0.0191047734405109	0.0506524252601442	0.0943676705390079	0.134889610747123	0.161316963056764	0.157518031162253	0.132081704564224	0.10471838352695	0.0612233661840004	0.0392556295766118	0.0216373947035181	0.00831360458074107	0.00484501459010075	0.00209216539117987	0.0009359687276331	0.000275284919892088	0	0.000275284919892088	
0.000560067208064968	0.00576869224306917	0.0207224866984038	0.0457574908989079	0.0936992439092691	0.132231867824139	0.153290394847382	0.158779053486418	0.134752170260431	0.0994119294315318	0.0724726967236068	0.0416690002800336	0.0225707084850182	0.00974516942033044	0.00448053766451974	0.00229627555306637	0.00134416129935592	0.000336040324838981	0.000112013441612994	
0.000289888682745826	0.00452226345083488	0.0187847866419295	0.0446428571428571	0.0814007421150278	0.130913729128015	0.157293599257885	0.158743042671614	0.136015769944341	0.100533395176252	0.0736897031539889	0.0511363636363636	0.0232490723562152	0.00892857142857143	0.00539192949907236	0.0026669758812616	0.000985621521335807	0.000811688311688312	
0.000174449031807873	0.00366342966796534	0.0153515147990929	0.0448334011746235	0.085887073326743	0.121765424201896	0.153049950572774	0.153049950572774	0.137523986741874	0.10501831714834	0.0741989881956155	0.0543699482467872	0.0282025934756062	0.0129092283537826	0.00546606966331337	0.00238413676804094	0.00139559225446299	0.000348898063615747	0.000407047740885038	
0.000115466774435656	0.00357947000750534	0.0139714797067144	0.0407020379885688	0.0840020784019398	0.120605045898043	0.14698920385659	0.147739737890422	0.142543733040817	0.107095433289071	0.0796720743606027	0.0546157843080654	0.0318110963570233	0.0147220137405462	0.00669707291726806	0.00271346919923792	0.00138560129322787	0.000692800646613937	0.00028866693608914	5.77333872178281e-05	
0.000290478126997037	0.00435717190495556	0.0127229419624702	0.040783129030384	0.0811014930575728	0.122756056468948	0.146517167257306	0.151687677917853	0.133445651542439	0.112124557020856	0.0771509905304131	0.0535060709928542	0.0349154708650439	0.0161505838610353	0.00615813629233719	0.00342764189856504	0.00162667751118341	0.000639051879393482	0.000116191250798815	0.000522860628594667	
0.000466826165606582	0.00280095699363949	0.0129544260955827	0.0408472894905759	0.0774931434906927	0.121666569411215	0.14535799731575	0.147108595436774	0.1347377020482	0.114722530197818	0.0872381396977301	0.0472661492676665	0.034895255879092	0.0193149326019723	0.00641885977709051	0.00320942988854525	0.00186730466242633	0.000816945789811519	0.000408472894905759	0.000175059812102468	0.000175059812102468	5.83532707008228e-05	
0.000178944229048613	0.00298240381747689	0.0120489114226066	0.0372800477184611	0.0758127050402625	0.112138383537131	0.146614971667164	0.146853563972562	0.134088875633761	0.12132418729496	0.0881002087682672	0.0561884879212645	0.0294065016403221	0.0196838651953474	0.01031911720847	0.00357888458097226	0.00161049806143752	0.000298240381747689	0.00053683268714584	0.000238592305398151	0.000178944229048613	0.000357888458097226	0.000178944229048613	
0.000182937984023416	0.00140252454417952	0.0120739069455455	0.0306726019879261	0.0663455088724922	0.105982072077566	0.142569668882249	0.153789865235685	0.131410451856821	0.12586133300811	0.0964692969083481	0.0600036587596805	0.0332947130922617	0.0191475089944509	0.0100615891212879	0.00561009817671809	0.00280504908835905	0.00079273126410147	0.000548813952070248	0.000182937984023416	0.000243917312031221	0.000304896640039027	0.000243917312031221	
0.00133147733462446	0.00925981964534286	0.0291714579676814	0.0634267384857471	0.101615929310658	0.133510863644617	0.153846153846154	0.137323730557405	0.125098347757671	0.0974399322156993	0.0658476063668825	0.0409731888882164	0.0186406826847425	0.0114991224353931	0.00502330085335593	0.00302608485141923	0.00163408581976639	0.000363130182170308	0.000121043394056769	0.000363130182170308	0.000181565091085154	0.000302608485141923	
6.06391364986963e-05	0.00115214359347523	0.00800436601782791	0.0281365593353951	0.0582135710387484	0.101085440543327	0.12928263901522	0.146200958098357	0.139288096537505	0.12467406464132	0.10278333636529	0.0713116245224668	0.0422048390030926	0.0235886240979928	0.0126735795282275	0.00679158328785398	0.00145533927596871	0.00133406100297132	0.000545752228488266	0.000181917409496089	6.06391364986963e-05	0.000363834818992178	0.00048511309198957	0.000121278272997393	
0.000182781941144215	0.00103576433315055	0.00743313227319807	0.0257113263876196	0.0571498202644245	0.0927922987875465	0.130628160604399	0.136781819289588	0.140498385426187	0.131359288368976	0.104063851824773	0.076829342594285	0.0469749588740632	0.0253457625053311	0.0110887710960824	0.00609273137147383	0.00359471150916956	0.00134040090172424	0.000304636568573692	0.000182781941144215	0	6.09273137147383e-05	0	0.000548345823432645	
0.000185862090328976	0.00167275881296078	0.00885942630568119	0.0246577039836441	0.0498729942382752	0.0910104702310885	0.118332197509448	0.136608636391797	0.145715878817917	0.131342543832476	0.10885323090267	0.0765132271854284	0.0502447184189332	0.028498853850443	0.0147450591660988	0.00799206988414596	0.00241620717427669	0.0010532185118642	0.0010532185118642	0.000123908060219317	0	0	0	0.000123908060219317	0.000123908060219317	
0.000514006682086867	0.00186327422256489	0.0103443844769982	0.0244153173991262	0.0470316114109483	0.0860318684142894	0.11899254690311	0.14372911847854	0.137239784117194	0.129401182215369	0.115587252634284	0.0758159856078129	0.046710357234644	0.0304548959136469	0.0161269596504755	0.00931637111282447	0.0041763042919558	0.00128501670521717	0.000192752505782575	0.000514006682086867	0.000128501670521717	0	0	0	0.000128501670521717	
0.000265164070268479	0.00205502154458071	0.00696055684454756	0.0246602585349685	0.0458070931388797	0.0771627444481273	0.117335101093802	0.135366257872058	0.14385150812065	0.135366257872058	0.11554524361949	0.0804110043089161	0.0513755386145177	0.0330129267484256	0.015512098110706	0.00828637719588996	0.00517069937023533	0.00112694729864103	0	0.000530328140536957	0.000132582035134239	0	0	0	0	6.62910175671197e-05	
0.000137722076848919	0.00213469219115824	0.00640407657347473	0.0214157829500069	0.0497176697424597	0.074783087728963	0.106252582288941	0.135862828811458	0.143368681999725	0.141027406693293	0.113758435477207	0.0869026304916678	0.0515769177799201	0.0368406555570858	0.0163889271450213	0.00612863241977689	0.00426938438231649	0.00247899738328054	0.000344305192122297	6.88610384244594e-05	0.000137722076848919	
