# <P(N_1)> as a function of N_tot.
# number_of_species: 2
# species_total_upper_bound: 100
# species_total_lower_bound: 0
# volume: 512
# Bin widths for each species index 
1	1	1	1	1	1	1	1	1	1	1	1	1	1	1	1	1	1	1	1	1	1	1	1	1	1	1	1	1	1	1	1	1	1	1	1	1	1	1	1	1	1	1	1	1	1	1	1	1	1	1	1	1	1	1	1	1	1	1	1	1	1	1	1	1	1	1	1	1	1	1	1	1	1	1	1	1	1	1	1	1	1	1	1	1	1	1	1	1	1	1	1	1	1	1	1	1	1	1	1	1	
# Bin lower bound for each species index 
0	0	0	0	0	0	0	0	2	3	3	4	5	6	7	7	8	8	9	10	10	11	12	13	14	14	15	16	16	17	18	19	20	21	22	23	24	24	26	26	26	27	28	29	29	29	30	31	32	33	36	36	37	38	39	40	40	41	41	42	43	45	45	46	47	48	49	50	50	51	52	52	52	51	52	52	53	54	57	58	60	61	62	63	64	65	66	66	67	67	67	69	69	70	71	71	71	73	74	74	78	
# Bin upper bound for each species index 
0	1	2	3	4	5	6	7	8	9	10	11	12	13	14	15	16	17	18	19	20	21	22	23	24	25	26	27	28	29	30	31	32	33	34	35	36	37	38	39	40	41	42	43	44	45	46	47	48	49	50	51	52	53	54	55	56	57	58	59	60	61	62	63	64	65	66	67	68	69	70	71	72	73	74	75	76	77	78	79	80	81	82	83	84	85	86	87	88	89	90	91	92	93	94	95	96	97	98	99	100	
# Normalized histogram for each species index 
1	
0.0798632740632144	0.920136725936786	
0.00628382763696209	0.145990519569324	0.847725652793714	
0.000466018064370015	0.0174248654753929	0.201692908613277	0.78041620784696	
3.31344307072616e-05	0.0018540874921846	0.0321915400595267	0.246551858265312	0.71936937975227	
5.75158887642711e-06	0.000184769792655221	0.00415983665487591	0.0497404595519512	0.284496592183591	0.661412590228051	
3.58861290063274e-06	1.36367290224044e-05	0.000493075412546939	0.00778083049115192	0.0677932040284333	0.314551251134002	0.609364413591943	
5.02053038317405e-06	2.15165587850316e-06	5.73774900934177e-05	0.00110595112155063	0.0128547094368041	0.0870359147227053	0.338417457101361	0.560521417941224	
7.86043862676708e-06	0.000157208772535342	0.00205157448158621	0.0184241535558123	0.107136349312176	0.355058156527058	0.517164696912205	
1.35434034002496e-05	0.00029439082127911	0.00335448717903025	0.0258016090988861	0.126345697510223	0.368887380898241	0.47530289108894	
7.10066398308906e-07	2.34321911441939e-05	0.000491365947629763	0.00518348470765501	0.0339695764950981	0.146184209685448	0.376917445550333	0.437229775356294	
2.129423522464e-06	4.82669331758506e-05	0.000886549993185845	0.007433107709081	0.0433117646390769	0.164236757824922	0.381344262481261	0.402737160995775	
2.83798644861471e-06	9.79105324772074e-05	0.00144382560573273	0.0103714214764624	0.0525119727553301	0.181023094114726	0.382930930504807	0.371618007024016	
1.91856337974125e-05	0.000191145758944591	0.00211965724509931	0.0135628219367116	0.0623362559448818	0.196546870148078	0.383626695885676	0.341597367446811	
3.13201366412143e-05	0.000353063358500961	0.00296188837645665	0.0169748022382509	0.0731617037300147	0.212089999836281	0.379928205704963	0.314499016618892	
4.98522237652672e-06	6.9080938646156e-05	0.000537691842039668	0.00413274935014065	0.0213880283445501	0.0842068155111633	0.226192358366271	0.375649325214543	0.28781896521027	
1.42578198795357e-05	0.000111923886054355	0.000798437913253998	0.00546502235982603	0.026561605544581	0.0959130672206305	0.238030025542884	0.368159721801419	0.264945937911472	
2.13802520589183e-06	2.20929271275489e-05	0.000156075840030103	0.00116451106214242	0.00732202365511088	0.0324673381016047	0.107045220658455	0.247523454136509	0.359088460080219	0.245208685513596	
5.69956049264151e-06	3.56222530790094e-05	0.000208033957981415	0.00164503564718866	0.00930666983942201	0.038150008157496	0.117928181263122	0.256978933711974	0.350241554498129	0.225500261111115	
1.4952919664371e-05	5.19791969285279e-05	0.000349613502628866	0.00228708466485523	0.0116255390171517	0.0450972936639495	0.129107068601147	0.26412837295145	0.340034377474352	0.207303718007872	
2.13686171940441e-06	5.69829791841177e-06	8.97481922149854e-05	0.000542762876728721	0.00316326763195833	0.0143661213395559	0.0513423765321299	0.139241471072591	0.270896370754056	0.329101634841673	0.191248411599455	
2.13388264214504e-06	1.49371784950152e-05	0.000125187781672509	0.000758239632175536	0.00413973232576137	0.0169465846497018	0.0582791801338371	0.150440148859653	0.274790025948013	0.319728171803159	0.174775657804889	
3.56794982035373e-06	2.49756487424761e-05	0.000183392620766182	0.00102186082854931	0.00513784774130937	0.0204636193996568	0.0658443731647358	0.16092809510727	0.278809589221937	0.306644592950445	0.160938085366767	
1.06979789378191e-05	4.06523199637125e-05	0.00026174388467864	0.00134437935318593	0.00642663254724584	0.02411395772444	0.073303978079128	0.170377438960898	0.281007378752673	0.294946132110055	0.148167008288794	
1.06906517377654e-05	5.70168092680823e-05	0.000333548334218282	0.0017304601612863	0.00783981127436132	0.0277800148956414	0.0807571832270801	0.178402745359366	0.281107123893963	0.283750565713654	0.138230839679423	
4.26944465198689e-06	1.63662044992831e-05	7.47152814097706e-05	0.000421251872329373	0.00218595566181729	0.00911170646144869	0.0322585006421956	0.0875727139792292	0.186872169269249	0.281981164633344	0.272894363265698	0.126606823284128	
8.5280027630729e-06	1.98986731138368e-05	8.52800276307289e-05	0.000560716181672043	0.00278297156834945	0.0110366569092102	0.0363037077624013	0.0960608444570469	0.19438587364769	0.281016168382572	0.261211303299129	0.116528051088422	
5.67000299092658e-06	1.34662571034506e-05	0.000102768804210544	0.000687487862649848	0.00343035180951058	0.013464130852329	0.0413208555467513	0.104307501272207	0.200635182085059	0.279675023778575	0.24932066276665	0.107036898961964	
7.09103183022368e-07	3.54551591511184e-06	1.20547541113803e-05	0.000143238842970518	0.000960125709812286	0.00441842193341237	0.0155697785896221	0.0461179437142257	0.112075885386234	0.205946964754735	0.278291798796226	0.237733933140079	0.0987255997594722	
3.53668818859319e-06	8.48805165262366e-06	2.82935055087455e-05	0.000236250770998025	0.00125128028112427	0.00525481131061176	0.0177647847713036	0.0517537729389596	0.119284004549596	0.212087409955919	0.274669107453075	0.227109139368149	0.0905491203549137	
7.06203717173886e-06	1.05930557576083e-05	4.44908341819548e-05	0.000331915747071726	0.00160661345657059	0.00617292669181693	0.0203647965921433	0.0572187437765797	0.126918932050491	0.216912590341111	0.270663873866366	0.216269238754765	0.0834782227959735	
2.8222199017303e-06	1.41110995086515e-05	6.9849942567825e-05	0.000398638561119405	0.00185490403041224	0.00716491077551781	0.0233200030479975	0.062446554210611	0.133956667635629	0.220793551791969	0.266893102776782	0.206026286156165	0.0770585977518196	
7.0707856349919e-07	1.55557283969822e-05	7.56574062944134e-05	0.000465257694782467	0.00229941948849937	0.0084679728764663	0.026160492692343	0.06856611538108	0.141038839825493	0.225825337453244	0.262345238179414	0.194365998006038	0.0703734081893839	
7.07336637066986e-07	3.04154753938804e-05	0.000101856475737646	0.000655701062561096	0.0028024677560594	0.00984188196815005	0.029449960884284	0.0748107520827527	0.147473322798733	0.228919599873811	0.256403164907049	0.185146779425558	0.0643633899532733	
7.07556848655005e-07	4.38685246166103e-05	0.000208729270353227	0.000793878784190916	0.00335169679207876	0.0114086466277133	0.0331830010882224	0.0800423685040975	0.155160141341556	0.231439722524506	0.249713793254719	0.175365134711748	0.0592883110193489	
1.20039372914316e-05	7.34358516652286e-05	0.000252788797078383	0.00106764430497909	0.00410675878158624	0.0129967335168288	0.0371514798030224	0.0861882697524788	0.16155181252392	0.232746458485442	0.243440554384191	0.165536413590717	0.0548756462708004	
9.16773858687067e-06	7.89835939791935e-05	0.000353310540924785	0.00133919504434365	0.00470234468440413	0.0150470798636969	0.0409177329451854	0.0914693487238508	0.167541833096383	0.2331073838377	0.236828780493309	0.157803579085144	0.0508012603524925	
1.4071436461484e-06	1.33678646384098e-05	9.28714806457945e-05	0.000391185933629256	0.00164072949140904	0.00540202445756371	0.0170982024443492	0.0451348360220331	0.0985436766834187	0.172199203697411	0.233578809542404	0.230713161507023	0.148722419105071	0.0464681046267587	
2.32444456340592e-05	0.000109178456766035	0.000497290261140781	0.00194548966185671	0.00640631009217479	0.0189104130890178	0.0496092820002057	0.104222459205998	0.177245237353965	0.233800382335912	0.224613895670475	0.139800548568917	0.042816268857937	
6.36363957759575e-06	2.61616293745603e-05	0.000139292999642929	0.000523939658555383	0.00216151624319002	0.00715273088521762	0.0214383946658559	0.0540888151963713	0.110123489961359	0.181154434926482	0.232853349925934	0.21835344361285	0.132259056696493	0.0397190099590959	
7.08424011606819e-07	9.91793616249547e-06	4.46307127312296e-05	0.000185607091040987	0.000640415306492564	0.00243201963184621	0.00835940333696046	0.0244668400888647	0.0586553828890098	0.115727438112078	0.184793820275662	0.231503049056946	0.211814528926369	0.124635161634022	0.036731076577802	
1.42278577185772e-06	7.11392885928862e-06	6.90051099350996e-05	0.000209860901349014	0.000832329676536769	0.00295299186949071	0.00983002689776502	0.0272627095674518	0.0626402777846941	0.1212000059757	0.188666373098536	0.230188953064432	0.20435898876924	0.118338072395608	0.0334418681746299	
1.42395273616078e-06	2.34952201466529e-05	6.33658967591548e-05	0.000286214499968317	0.000997478891680627	0.00327936315137828	0.011176605026126	0.0299599655688228	0.067894066460146	0.126463378427543	0.192656533344345	0.227690042512109	0.197720821250501	0.111570256760038	0.0302169890376999	
7.13851794373563e-07	2.92679235693161e-05	9.13730296798161e-05	0.00032266101105685	0.00117000309097827	0.00404896737768685	0.0127865133408193	0.0333268848721242	0.0724502463145617	0.131945510264832	0.194925798675234	0.224790502344646	0.190378562745074	0.105546557057103	0.0281864381008401	
2.14681341329021e-06	1.43120894219347e-06	3.86426414392237e-05	9.66066035980593e-05	0.000410041361938429	0.00138541025604328	0.0048668260079289	0.014506733838073	0.0363756064747893	0.0766805971003707	0.136658270240872	0.197015929355527	0.221730760973795	0.184534356170657	0.0993996078487498	0.0262970331038628	
2.86574828986471e-06	7.16437072466177e-07	2.86574828986471e-06	4.01204760581059e-05	0.00012179430231925	0.000441325236639165	0.00164637239252727	0.0058081553464833	0.0164279020716494	0.0394606375143646	0.0814323869677231	0.141580144949549	0.19885355739664	0.219812923951638	0.177215008496944	0.0933653628467197	0.0237878601170945	
1.43371025575957e-06	0	3.58427563939893e-06	4.94630038237053e-05	0.000129750778146241	0.000593556045884463	0.00202368202600464	0.00674560675334879	0.0182776551955509	0.0429811997574162	0.0858168779238729	0.146191133649036	0.200748110011455	0.21572464734312	0.17146314432731	0.0874778312551703	0.0217723239439649	
1.43408857217839e-06	7.17044286089197e-07	2.86817714435679e-06	4.15885685931734e-05	0.000227303038690276	0.000729234038952714	0.00259498327135681	0.00780072478836438	0.0204730484564188	0.0466064445072257	0.0911829366405328	0.149309414648067	0.201580509015398	0.212754210125526	0.164642689661799	0.0820019016014467	0.0200499923276261	
7.18175661457739e-07	2.15452698437322e-06	3.59087830728869e-06	6.24812825468233e-05	0.000259979589447701	0.000944400994816926	0.00274486737809148	0.00869710726025321	0.0223036633422315	0.0497085284077974	0.095292573991843	0.153855490129753	0.20310582246554	0.209204570182639	0.15762303964976	0.0771801838098788	0.0190108279344478	
7.18661335157775e-07	0	6.46795201641997e-06	7.9771408202513e-05	0.00031333634212879	0.00101618712791309	0.00319229365077084	0.00968539881392133	0.0243928030379252	0.0533095791806686	0.100134677134209	0.157838870379367	0.204096944539467	0.205406345492125	0.150002587180807	0.0728456689155975	0.0176783501835461	
2.1586072665916e-05	9.78568627521523e-05	0.000375597664386938	0.00112103670711657	0.00387326097202085	0.0105268081034117	0.026288238828308	0.0566267444244973	0.104777357648845	0.161873239385948	0.204730228056858	0.200058282396198	0.144420899635555	0.0687422874761204	0.0164665757653162	
4.31431201104464e-06	3.09192360791532e-05	0.000130867464335021	0.00042783594109526	0.0012820697192821	0.00438837436723424	0.0116551138978371	0.0285794408651634	0.0603536297745053	0.109410952600092	0.16524605959503	0.203588069489185	0.195638949608836	0.139435687988955	0.0648282903819604	0.0149994247583985	
7.19961582849939e-06	2.59186169825978e-05	0.000144712278152838	0.000451415912446912	0.00161343390716671	0.00500589288555563	0.0131241796937715	0.0308481939403713	0.0645654347883997	0.113954799371906	0.167454424631902	0.20202553991719	0.191676812125305	0.134685373188487	0.0607460385913808	0.0136706305351546	
7.19915453129185e-06	3.38360262970717e-05	0.000146142836985224	0.000598969657003482	0.00179762888646357	0.00563621808254839	0.0145984455585536	0.033993687781307	0.0691104436694955	0.117651463012184	0.169830215139534	0.201319317059405	0.188083671453624	0.128066479872604	0.0567149393975172	0.0124113424119471	
1.29478518075201e-05	2.73343538158758e-05	0.00017839262490361	0.000657463141781855	0.00209179739201492	0.00597183698366844	0.016334434380287	0.0371819144405953	0.0723310161474099	0.121027167470393	0.172213622291022	0.201093086422595	0.183920638300321	0.12205652168909	0.0535264193722881	0.0113754071380068	
1.2945626212304e-05	4.24328859181074e-05	0.00020209560920319	0.000783210385844389	0.00243090092208819	0.00692950603086381	0.0177024246438694	0.0399523600955387	0.0762403887715392	0.125100058902599	0.1750191127787	0.199354732453462	0.178553987936115	0.11674509558547	0.0503915692328494	0.0105391781397279	
1.43878060466194e-06	1.72653672559432e-05	5.03573211631678e-05	0.000287756120932387	0.000926574709402287	0.00284303047481199	0.00808378882729309	0.0196530236693797	0.0424627319853877	0.0797084454982713	0.129267243425852	0.177228994882257	0.197968297908157	0.173250047120065	0.111916268723931	0.0470258246730731	0.00930891051216273	
5.0328067100255e-06	2.22881440015415e-05	8.48387416832869e-05	0.000309158126472995	0.000989306004713583	0.00331014887042248	0.00898140306023407	0.0215713285315564	0.045263625605195	0.0830024862065148	0.133317611803801	0.178963730718958	0.196506656965333	0.167903778487483	0.106745111347254	0.0440996093104048	0.00892388526926235	
5.0240796962585e-06	1.79431417723518e-05	2.22494957977162e-05	0.000110529753317687	0.000373935074535811	0.00119429551636773	0.00367906178900301	0.00971872330957661	0.0231258388418779	0.0482950426687911	0.0879709177558154	0.136826504173575	0.180663034974772	0.193706981317601	0.16344192522734	0.101601963697436	0.0411708976594966	0.00807513152322919	
2.15103106088852e-06	1.50572174262196e-05	1.57742277798491e-05	0.000129778874006941	0.00045028250207933	0.00143832276938079	0.00419451056873261	0.0106899073622623	0.0252681618722574	0.0517365990764907	0.0918726876416096	0.141273983996329	0.181241575128345	0.190559841684114	0.157832621103049	0.0964837812258009	0.0390562709725528	0.00773869274672326	
1.43036756155229e-06	6.43665402698531e-06	3.07529025733743e-05	0.000143751939936005	0.00054926114363608	0.00173074474947827	0.00467158045602979	0.0117232925344826	0.0275381514787855	0.0547551854400025	0.0963273882489583	0.143633219428397	0.181652389214456	0.188043986663253	0.153051474637438	0.0921628730934988	0.0370672601738469	0.0069108208736399	
1.06964226883961e-05	2.21059402226853e-05	0.000188970134161664	0.000653907973683948	0.00194247036021273	0.00526477924722856	0.0132421712882344	0.029770283626344	0.0587725641036612	0.100157023485066	0.146593759849623	0.180683258957541	0.185070931544321	0.148208206580724	0.0885207417897825	0.0345280524381426	0.00637007625836282	
7.132372555201e-07	9.9853215772814e-06	4.63604216088065e-05	0.000234655057066113	0.000738913796718823	0.00223742527056655	0.00575725112655825	0.0144944075066795	0.0321327648356915	0.0621650459538764	0.103689005733001	0.148110848481304	0.181299204455165	0.1821565156363	0.144914119102063	0.0838424658608988	0.0321356177847136	0.00603470041895556	
7.14421964760422e-07	1.92893930485314e-05	7.50143062998443e-05	0.000261478439102315	0.000870880375042955	0.00241831835071403	0.00648480817413035	0.016263816027771	0.0342186688461299	0.0650895563653925	0.106338137344765	0.150878060315789	0.182331916158296	0.179840726767176	0.139829524630769	0.0793865687241781	0.030246482722062	0.0054460386373687	
1.4314301991692e-06	1.50300170912766e-05	0.000123102997128551	0.000298453196526778	0.000984823977028408	0.00274118883140901	0.0074355641695844	0.0174677427204617	0.0367777361072542	0.0675212782099106	0.109965330760576	0.154408375584381	0.182699162040761	0.175960704378172	0.134175825434224	0.0760933979576354	0.0281304662740731	0.0052003859135817	
4.29895506732164e-06	3.08091779824717e-05	0.000124669696952327	0.000343199912874511	0.00103174921615719	0.00307661884317985	0.00849330222800511	0.0187921655842853	0.0386017505345034	0.0707264087675756	0.11393807211927	0.156332217515663	0.182166071500221	0.172533546179375	0.129977473475447	0.0728601234659895	0.0262472701635322	0.00472025266391916	
7.90017624575006e-06	2.87279136209093e-05	0.000129993809134615	0.000418709341024753	0.00121088155912133	0.00363551746872607	0.00924679719673019	0.0204054370449319	0.0412748298948415	0.0746695930834675	0.116585055452055	0.157704036415503	0.181107231246777	0.170434811336609	0.125976928612571	0.0684040351227472	0.024499882933752	0.00425963139214033	
1.43849809291115e-05	5.25051803912571e-05	0.000140972813105293	0.000485493106357514	0.00136513469017268	0.00408461533482122	0.00999396550050024	0.0221643786155751	0.044030268876871	0.0783535526227776	0.119593854448447	0.16038102937485	0.180318612942599	0.166968631391337	0.121008617322826	0.0646245268240336	0.0226059975300988	0.00381345844430747	
5.03096559322631e-06	1.65303155206007e-05	6.25277152300984e-05	0.000150928967796789	0.000493034628136178	0.00171699668603109	0.00461267673961806	0.0107590792757997	0.0239653639580187	0.0465881788120165	0.0811631304967791	0.123370775695836	0.162185393956948	0.179209462815055	0.163401450211768	0.116305143874835	0.0611183261546246	0.0212206128722286	0.00365535585816414	
8.63367738537714e-06	1.29505160780657e-05	4.89241718504705e-05	0.000178429332631128	0.00063457528782522	0.00197783159436681	0.00512192910887499	0.0118698674586627	0.0258456327262419	0.0491795848064545	0.0844042690656778	0.126047372987814	0.163301690905716	0.17922866726239	0.159397829781295	0.111790293732094	0.0578247737616788	0.0198481048358666	0.00327863898709697	
9.36363308963878e-06	1.22447509633738e-05	4.24964886375914e-05	0.000205279648503619	0.000718838909496885	0.00213274750603234	0.00556415889365074	0.0130053660820398	0.0272712212338387	0.051889653185436	0.0878092699967587	0.129625814816149	0.164949760507077	0.177529441423272	0.154805344473656	0.108015269924731	0.0547700507797025	0.0185169445744949	0.00312673317247092	
2.87604670124633e-06	7.19011675311584e-06	4.3140700518695e-06	5.75209340249267e-05	0.00022720768939846	0.000874318197178886	0.00237345754020354	0.00614826883558935	0.0142098277391828	0.0291918740176503	0.0554106347578872	0.0914388717844	0.132263635696916	0.165989597339082	0.174967896128697	0.151325354221102	0.103247200528042	0.0523239176357746	0.0170247584480277	0.0029112782733366	
7.1711370339747e-07	5.01979592378229e-06	3.58556851698735e-06	1.00395918475646e-05	8.31851895941065e-05	0.000280391458028411	0.00103551218770595	0.0027780984869618	0.00680397481783519	0.0153426476841889	0.0315243184013528	0.0582740937654852	0.094595902842567	0.135146531428584	0.166878812803922	0.172438595346362	0.147565506544021	0.0989416118851557	0.0494951878084934	0.0161386438949601	0.00265762338479102	
1.43743527049298e-06	7.18717635246488e-07	1.43743527049298e-06	2.87487054098595e-06	7.18717635246488e-06	1.50930703401762e-05	0.000111401233463206	0.000399607005197047	0.00122253869755428	0.00302580124438771	0.00749263134744464	0.0166462191499439	0.033966595441749	0.0610133774913448	0.0971756553087719	0.137570461280165	0.166651214237509	0.170931177755402	0.143524318170547	0.095149590295012	0.047312463210641	0.0153209038305494	0.00245729559490774	
1.43789205025433e-06	1.43789205025433e-06	2.15683807538149e-06	5.75156820101731e-06	4.31367615076298e-06	2.80388949799594e-05	0.000140913420924924	0.000468752808382911	0.00136240271761598	0.0032819886047055	0.00805794704962525	0.0177716267951184	0.0361967755270773	0.063270844941316	0.100447543900642	0.1402146053885	0.168300950806118	0.16884806873124	0.140031274152093	0.0908330787066161	0.0446185092654169	0.0139964412171756	0.00211513920592412	
7.19386679692361e-07	1.43877335938472e-06	2.15816003907708e-06	3.59693339846181e-06	6.47448011723125e-06	1.72652803126167e-05	3.09336272267715e-05	0.00015826506953232	0.000479830915354805	0.00141791114567364	0.00364225475928243	0.00874342570498096	0.0195665983009525	0.0379656320207644	0.0665173699510745	0.104131941272149	0.143239959340265	0.167460989458827	0.16721927553445	0.135709419577245	0.0871191656841044	0.0417704681696573	0.012833138979032	0.00196176747552107	
1.43874748399034e-06	1.43874748399034e-06	3.59686870997584e-06	2.15812122598551e-06	1.15099798719227e-05	1.2948727355913e-05	5.75498993596135e-05	0.000168333455626869	0.000587008973468058	0.0015783059899374	0.00419107142086385	0.00981369658829809	0.0209488827406413	0.0406165608467892	0.0698627003276028	0.107118347051791	0.145003445800224	0.16742128972202	0.164263238994661	0.131638920421438	0.083537995162931	0.0393893092429455	0.0118919673289221	0.00187828484034939	
7.17707126688227e-07	1.43541425337645e-06	9.33019264694695e-06	7.17707126688227e-06	7.17707126688227e-06	1.86603852938939e-05	7.24884197955109e-05	0.000215312138006468	0.000623687493092069	0.00178134908844018	0.00463064638139244	0.010619194646479	0.0227965314649981	0.0429145799331958	0.0729183263643971	0.11062378797209	0.14559047918434	0.167379349843468	0.161457548341164	0.128039669108306	0.0806265009050287	0.0368147870634726	0.0111136948567672	0.0017375689537122	
7.18124087533581e-06	4.30874452520149e-06	4.30874452520149e-06	2.94430875888768e-05	7.82755255411604e-05	0.000262115291949757	0.000731050321109186	0.00209476796333546	0.00506133856893668	0.0118612555537922	0.024175647406818	0.0456576113612976	0.0763351542566446	0.112997543297497	0.147185276732708	0.166435311023133	0.159353889395964	0.124774778333047	0.0762920668113926	0.0347320714935617	0.0102497851013668	0.00167681974439091	
1.43883442900575e-06	5.755337716023e-06	4.31650328701725e-06	2.58990197221035e-05	0.000116545588749466	0.000278414462012613	0.000840279306539359	0.00230789042412522	0.00576756780866955	0.0127948351599336	0.0260810322773727	0.0477563535331299	0.0790999227345912	0.11539596004069	0.148849579932288	0.166620623964938	0.156423604366575	0.120632597945057	0.0729683298153831	0.0328212521600502	0.00970206055478578	0.00150574022995452	
7.20609578054268e-07	3.60304789027134e-06	3.81923076368762e-05	0.000143401306032799	0.000304817851516955	0.000964896225014664	0.00261004789171256	0.00636514440295335	0.0140497249433241	0.0278169709320508	0.0500989396950669	0.0822402887050214	0.118329136983557	0.150954015020386	0.165653009193537	0.15212284375599	0.116722898234074	0.0702334919154811	0.0309898149042238	0.00907319519728128	0.00128484687767076	
7.21467927504017e-07	5.05027549252812e-06	4.90598190702731e-05	0.000123371015603187	0.000341975797636904	0.00109230244224108	0.00295008235556392	0.00686693173398323	0.0147936998534699	0.0298947450440564	0.0528583477085818	0.0851873255400368	0.121480048165199	0.152060909208312	0.163338174383127	0.150211065442191	0.112930653224276	0.0668440034832471	0.0293305571247483	0.00845776851412959	0.00118320740110659	
1.44262673475865e-06	8.65576040855189e-06	3.75082951037249e-05	0.000147147926945382	0.000409705992671456	0.0012211835309732	0.00315286072881503	0.00736749473441242	0.015956172999798	0.0316909027958106	0.0557337199572982	0.0881776739086529	0.123959144810872	0.152057185723766	0.162026457774315	0.147042615193745	0.109933927695548	0.0640648893505294	0.0278131221327794	0.00803975879280995	0.00115842926801119	
3.60261953671754e-06	1.58515259615572e-05	5.47598169581066e-05	0.000171484689947755	0.000499323067789051	0.00128973779414488	0.0034794099485618	0.0081015708141704	0.0171693641880884	0.0329106499918221	0.0578645544748498	0.0903609032199493	0.125340897873662	0.153248229852891	0.162186328923487	0.144271943015205	0.106508564507425	0.061638658701515	0.0262169828926009	0.00761665822452822	0.00105052385690683	
1.15354806149853e-05	2.52338638452804e-05	8.36322344586435e-05	0.000185288657378202	0.000521259530289649	0.0015825237468683	0.00388241019448099	0.00855211694093473	0.0182404787224455	0.0347974982426416	0.0602678394405292	0.0932427317460031	0.128056812242029	0.154441340278654	0.160633009498747	0.141468250392026	0.10225050017123	0.0588078801751951	0.0249288945765217	0.00710153025360033	0.000919233611506642	
1.01129252575365e-05	2.67270167520607e-05	8.37928092767308e-05	0.000239820798964436	0.000650838975502883	0.00186366765460315	0.00428643560558725	0.0093436205861596	0.0195432280601892	0.0366391282080547	0.0630829830529043	0.0962035356231404	0.129714158167596	0.154487935641344	0.15967947805748	0.138526127825931	0.0986104118344341	0.0562206409138617	0.023596344033049	0.00636897585683565	0.000822036353076894	
1.01160747317795e-05	2.0232149463559e-05	7.58705604883463e-05	0.000279637208657048	0.000773879716981132	0.00199647960599334	0.00453344663337033	0.0101442552256752	0.0208672944413614	0.0388146561690714	0.0653982554106548	0.0988232114779874	0.131786440991491	0.15564375809286	0.15796178435997	0.135309725305216	0.095307875508694	0.0534323841564928	0.0221484230484647	0.00587960714946356	0.00079266671291158	
7.23903286520921e-07	9.41074272477197e-06	3.90907774721297e-05	0.000120167945562473	0.000318517446069205	0.000870855653684668	0.00212610395251194	0.00489358621688142	0.0111625886781526	0.0224163891704068	0.0410416968293036	0.0683632546691762	0.101754741566527	0.134032865209208	0.155516143043289	0.15590922252787	0.131571594035037	0.0914709714782105	0.0512487331692486	0.0208882293325612	0.00547777616910381	0.000767337483712176	
1.45328453203875e-06	7.99306492621311e-06	4.65051050252399e-05	0.00013951531507572	0.000321902523846583	0.000938821807697031	0.00238048006347947	0.00545926334460355	0.0119677981213391	0.0237728283750898	0.0428740736219411	0.0709566172767918	0.104292784514963	0.135783280397444	0.155363382897602	0.1539435239098	0.128372255926313	0.0891095943664878	0.0489408099009369	0.0193621098203522	0.0051795060721861	0.000785500289566943	
2.90863398913334e-06	2.18147549185001e-06	1.01802189619667e-05	5.38097287989669e-05	0.00014179590697025	0.000402118648997685	0.00108128468546032	0.00269848518341846	0.00578963595536992	0.0130350432223011	0.0255268990471315	0.0454372258612465	0.0734866377354539	0.106594891275261	0.137539848285651	0.155646094868006	0.151593640562646	0.125249415364568	0.0856149143116427	0.046172383102	0.0184022000907494	0.0048566916033554	0.000661714232527836	
7.27827464132663e-07	5.09479224892864e-06	3.63913732066331e-06	8.00610210545929e-06	7.35105738773989e-05	0.000155027249860257	0.000441791270728526	0.00121983882988634	0.00286472889882616	0.00669455701509223	0.014346934972983	0.0270766373206633	0.047560613471213	0.0762908747903857	0.108524169694429	0.138448068054779	0.155313286053661	0.149195168390162	0.122835441121669	0.0827918297000186	0.0436725591578163	0.0172647952766909	0.00461151481274455	0.000601185485373579	
1.45313353715953e-06	7.99223445437742e-06	1.38047686030155e-05	6.97504097836575e-05	0.000159118122318969	0.000499877936782879	0.00128529661361761	0.00315911230978482	0.00728819125562363	0.0152288394694319	0.0285933086106881	0.0497487532114251	0.07868645447042	0.111222114367422	0.139678101858848	0.154178921426163	0.147596953069599	0.120230089164274	0.0793076690575557	0.0420035514583648	0.0162700096488067	0.00428601736785204	0.000484620034642704	
2.9069556180551e-06	5.8139112361102e-06	7.99412794965153e-06	3.70636841302025e-05	6.54065014062398e-05	0.000189678854078095	0.000547961134003387	0.00144403020326887	0.00348689326385709	0.00794034927071751	0.016302207106053	0.0305659115849449	0.0516406130769398	0.0810837130544109	0.113164875255267	0.140293311821862	0.153953096271103	0.146001119177913	0.116643774391174	0.0768613600191859	0.0396734035363115	0.0157179090268239	0.00391276226190217	0.000457845509843678	
1.45175702523371e-06	4.35527107570114e-06	1.81469628154214e-05	3.84715611686934e-05	7.47654867995363e-05	0.000182195506666831	0.00060973795059816	0.00154321771782344	0.00393208390284552	0.00870909039437705	0.0174784287053013	0.0318072705443581	0.0544721012223068	0.0836364481022269	0.115331933355642	0.141798915682678	0.153113909937349	0.143883638770913	0.113495460718721	0.0731663764362414	0.0379641720883743	0.014684522310239	0.00362285965647073	0.000430445957981796	
3.62249540667582e-06	5.07149356934615e-06	3.04289614160769e-05	3.91229503920989e-05	6.95519118081758e-05	0.00022169671888856	0.000730295073985846	0.00174386928877374	0.00425208510835608	0.00912796392574174	0.0184435731135493	0.0341673766757664	0.0570021387212881	0.0865095373059067	0.117883245524045	0.142674155089171	0.152727304341778	0.140694099099882	0.109802182770832	0.070403922727826	0.0361909026099355	0.0135850822741157	0.0032819808384483	0.000410790979117038	
3.61230437565654e-06	2.88984350052523e-06	8.66953050157569e-06	2.38412088793331e-05	3.46781220063027e-05	8.38054615152316e-05	0.000244191775794382	0.000781702666892074	0.00193764006710217	0.0045529484350775	0.00979223470152974	0.0196357641251938	0.0361078720781876	0.0594361337361775	0.088891586076156	0.12063290462505	0.14385279715177	0.151673436125067	0.137945957036697	0.10640837245459	0.0678578601575832	0.0341673421675849	0.0125693743055345	0.00296208958803836	0.0003922962551963	
7.20070970194822e-07	7.20070970194822e-07	7.20070970194822e-06	7.20070970194822e-07	9.36092261253269e-06	4.39243291818842e-05	8.64085164233787e-05	0.00026282590412111	0.000866245377144371	0.00217965482677973	0.00509882253994954	0.0106116858877611	0.0209475845939376	0.0383387386660829	0.0614062121962741	0.091850092745141	0.12170927566621	0.145043895526343	0.150434346809222	0.134754081362259	0.102983830086293	0.0655855041072848	0.0324132746523497	0.0121411166284549	0.00286660253234559	0.000357155201216632	
1.43472949251466e-06	1.43472949251466e-06	2.15209423877199e-06	1.14778359401173e-05	3.87376962978958e-05	9.54095112522247e-05	0.000376616491785098	0.000929704711149498	0.00244764851423001	0.00546416727224207	0.0113372324498508	0.0226493571335826	0.0401939467327981	0.0641991232368071	0.0933951510447341	0.124084732254369	0.145502374118628	0.148339551690075	0.132404011216715	0.100377979484803	0.0626295291719961	0.0311171305984041	0.0113731006871637	0.00270518245813639	0.000322814135815798	
1.43301787833105e-06	0	1.43301787833105e-06	9.31461620915183e-06	4.01245005932694e-05	0.000141868769954774	0.000407693586385184	0.00114139874009068	0.00263102082461581	0.00580873796981491	0.0123834239955978	0.0238583146563337	0.0418949941819474	0.0665142413316749	0.0962816052093066	0.126536195165571	0.145188355869928	0.147263365757751	0.129644410943671	0.09726608849172	0.0601781527826341	0.0295273333830113	0.0104904073783225	0.0025314260820718	0.000258659727038755	
7.17083878018296e-07	0	0	2.86833551207318e-06	7.88792265820125e-06	5.59325424854271e-05	0.000179270969504574	0.000489768288686496	0.00120183257955866	0.00284610591185462	0.00633328481065759	0.013090366193224	0.025242786674	0.043818844534064	0.0693219326557847	0.0989123988822097	0.127729848688131	0.145294101196311	0.145234583234436	0.127000574384186	0.0946816040019017	0.0580766232807018	0.0275797630324617	0.0102241819327849	0.00240079682360525	0.000273926041402989	
5.02502462262065e-06	1.65107951886107e-05	5.59931315092015e-05	0.000237611878583919	0.000550599126507148	0.00143787490272988	0.00309828661017582	0.00694530188912211	0.0137305208509807	0.026763999000738	0.045495855072547	0.0711399914431009	0.101833559698728	0.129135236334087	0.144521143867891	0.144069609512515	0.125338471301367	0.0917555138877323	0.0553441854722231	0.0267044165659269	0.00949945011873415	0.00213348188263265	0.000187361632357713	
