# <P(N_2)> as a function of N_tot.
# number_of_species: 2
# species_total_upper_bound: 100
# species_total_lower_bound: 0
# volume: 512
# Bin widths for each species index 
1	1	1	1	1	1	1	1	1	1	1	1	1	1	1	1	1	1	1	1	1	1	1	1	1	1	1	1	1	1	1	1	1	1	1	1	1	1	1	1	1	1	1	1	1	1	1	1	1	1	1	1	1	1	1	1	1	1	1	1	1	1	1	1	1	1	1	1	1	1	1	1	1	1	1	1	1	1	1	1	1	1	1	1	1	1	1	1	1	1	1	1	1	1	1	1	1	1	1	1	1	
# Bin lower bound for each species index 
0	0	0	0	0	0	0	0	0	0	0	0	0	0	0	0	0	0	0	0	0	0	0	0	0	0	0	0	0	0	0	0	0	0	0	0	0	0	0	0	0	0	0	0	0	0	0	0	0	0	0	0	0	0	0	0	0	0	0	0	0	0	0	0	0	0	0	0	0	0	0	0	0	0	0	0	0	0	0	0	0	0	0	0	0	0	0	0	0	0	0	0	0	0	0	0	0	0	0	0	0	
# Bin upper bound for each species index 
0	1	2	3	4	5	6	7	6	6	6	6	6	7	7	7	8	8	8	8	8	9	9	10	10	11	11	11	12	12	12	11	11	11	11	12	11	12	12	12	13	14	14	13	13	14	14	15	13	14	14	15	15	15	15	15	16	16	17	17	17	16	17	16	16	17	17	17	18	18	18	18	19	22	22	23	23	23	21	21	20	20	20	20	20	20	20	20	20	20	21	22	23	23	23	24	25	24	24	25	22	
# Normalized histogram for each species index 
1	
0.91988519143073	0.0801148085692702	
0.846740325550263	0.147142859791632	0.00611681465810547	
0.77953891562543	0.202288300560909	0.0176647274919883	0.000508056321672231	
0.719429291429225	0.246205699337531	0.0324371890352228	0.00190383774579708	2.3982452224188e-05	
0.66110499645432	0.284415258243706	0.0501787613757239	0.00412739333412126	0.00016805046684789	5.54012528069968e-06	
0.610944374244842	0.313169957849494	0.0676898386843877	0.00771621733796958	0.000459320611320685	1.10679665378478e-05	9.22330544820653e-06	
0.561816062619801	0.337949536630411	0.0862974072294126	0.0128506114121678	0.00101641173513636	5.33984426068015e-05	3.68265121426217e-06	1.28892792499176e-05	
0.519500352559067	0.353764709750724	0.106165947543595	0.018389700160387	0.00205689901466134	0.000107777124214049	1.46138473510575e-05	
0.475962841987462	0.368850594582791	0.125966026440055	0.0257540328817476	0.00321356758773167	0.000242018397037549	1.09181231746263e-05	
0.436567923486148	0.376895040553504	0.147100933166662	0.0337418965667607	0.00516366754847525	0.000497834239367424	3.27044390825315e-05	
0.402200064986984	0.381227158717931	0.165032256180153	0.0430429242682575	0.00755382419195257	0.00085797423156542	8.5797423156542e-05	
0.370384597005708	0.383181829877486	0.18224156500068	0.0521685272246748	0.0105733851373456	0.00135636332893465	9.37324251702806e-05	
0.340830691862798	0.38363724050083	0.197202802351737	0.0623129341859669	0.0137945506554897	0.00205611330159887	0.000161985649544047	3.68149203509198e-06	
0.314116065468276	0.379332853779996	0.213071465158724	0.0732995426984306	0.0170013369552555	0.00286252660503975	0.000305114269917027	1.10950643606192e-05	
0.287679399262408	0.374009508716323	0.227446420901403	0.0849175022586904	0.0213538812447236	0.00406934549817083	0.000460995008664485	6.29471096168372e-05	
0.264926408303526	0.365774220157356	0.239368136034593	0.096891726436416	0.026568100524149	0.00561138997495774	0.000737951417273612	0.000107271133338019	1.47960183914509e-05	
0.244213720418769	0.359227721786645	0.248289694661414	0.10722706550133	0.0325211495316593	0.00735555731712038	0.00103420241977557	9.95488960211781e-05	3.13394672659264e-05	
0.223867868156751	0.350135324881464	0.258029307132907	0.118828750663675	0.038157361655052	0.00936636876076448	0.00144112211428709	0.000164646814084147	9.24982101596334e-06	
0.206791999644165	0.339609248743458	0.263884976351802	0.129746319332216	0.0457989235992705	0.0117388467982268	0.00212018325500022	0.000255756371669607	5.37459041914392e-05	
0.191451766775926	0.328886851356217	0.26996462364833	0.139979731911845	0.0517671471366685	0.0142860324660621	0.00311259925238224	0.000456588799097216	9.46586534713741e-05	
0.174230886949424	0.319277678331277	0.275871599625298	0.150377948228049	0.0582550385368071	0.0169469203016166	0.00416438661089418	0.000753114015155028	0.000115007558964561	7.41984251384264e-06	
0.161048040786924	0.304824181776554	0.279821901565621	0.16122301207488	0.0662098799213001	0.0203115605763629	0.00531428752249963	0.00105541191777839	0.000174971287956205	1.67525701234664e-05	
0.149578137318306	0.293637673353226	0.280294996356344	0.170403821458991	0.0735571215303728	0.0242960102432397	0.0065641721445758	0.00136054675341861	0.00026838182533189	3.35477281664862e-05	5.5912880277477e-06	
0.138443093228319	0.284023889302209	0.28140225654336	0.177060899820439	0.0808287044547246	0.0281331401603932	0.00818747471131274	0.00155694406375453	0.000318847227427574	4.10212807216762e-05	3.7292073383342e-06	
0.12694547281082	0.27175413465295	0.282374937212807	0.187356984726434	0.087358845087716	0.032355403419344	0.00934645508157684	0.00209662716499544	0.000333004669506818	6.69730061577958e-05	7.44144512864398e-06	3.72072256432199e-06	
0.116246763907306	0.259840136092323	0.28093184612356	0.195326283572721	0.0968933510134495	0.0363890962712041	0.0110110723584755	0.0027708753514666	0.000499574711490961	7.05718923295782e-05	9.28577530652344e-06	1.11429303678281e-05	
0.106721333910335	0.247763192448671	0.28018071999497	0.201209115152591	0.104511342158505	0.0416939448075365	0.013618727414624	0.00351009568617008	0.000656524746359524	0.000114660659927579	1.6644289344326e-05	3.69873096540577e-06	
0.0981078459195617	0.236982050411689	0.277933896101246	0.206447161212418	0.112844797364599	0.046212260327459	0.0158164864659325	0.00451661129876224	0.000936709940811061	0.000179922503482521	1.48389693593831e-05	5.56461350976868e-06	1.85487116992289e-06	
0.0892780847077363	0.227500143343586	0.274851616268295	0.212187349142435	0.119302554845106	0.0523971671608167	0.017617389149168	0.00528799113674238	0.00127991950564034	0.000244146495295556	3.88414878879294e-05	5.54878398398991e-06	9.24797330664985e-06	
0.0831380635485987	0.216577623644828	0.270990353213176	0.216719136806471	0.126713090335019	0.0571584524708749	0.0206517324335302	0.0060336066191403	0.00162648244225987	0.000319782988647704	6.06484978469783e-05	1.83783326809025e-06	9.18916634045126e-06	
0.0766044485209814	0.207357945425361	0.266254528777803	0.220123824810823	0.133996789727127	0.0623526714056409	0.0238238936023848	0.00721119009401513	0.00179041504242146	0.000401742719559734	7.88809905984866e-05	3.66888328365054e-06	
0.0700886059694374	0.193610463943057	0.264144851497863	0.225018803544239	0.139799306561978	0.0686283502412357	0.0265909632918127	0.00908257049035974	0.00243070206013465	0.000515492285960632	8.80556218011044e-05	1.83449212085634e-06	
0.0640707290453483	0.184204261615429	0.25789255865398	0.229750368075241	0.146581844551388	0.0739117058914013	0.0294075636715231	0.0102182081877513	0.003140542480644	0.000675720218867427	0.000115366866635902	3.11307417906403e-05	
0.0586637597219316	0.175165442593347	0.249723803546326	0.231720566266962	0.155262781197353	0.0798895948262256	0.0333546215649787	0.0115451952828215	0.00349787668241262	0.000864375612495458	0.00026059731841689	5.13853867300909e-05	
0.0535270020528251	0.165405053642165	0.244156394924788	0.234058616107091	0.161569945032547	0.0851693900568685	0.0371208534487644	0.0133314809770935	0.00418242540457837	0.0011223816426622	0.000288821334756723	5.48394939411499e-05	1.27958819196016e-05	
0.0500176041242906	0.157346210187771	0.237814388680822	0.233503658556608	0.16862926808801	0.09021703240071	0.0405314438848015	0.0151577895057528	0.004899966616013	0.00139008732740205	0.000408634594931836	8.39160328877878e-05	
0.0463804221732947	0.148441754035159	0.231381268996615	0.233816113681933	0.172156449242503	0.0980694249432264	0.0451256667595441	0.0169073283907989	0.00555807477905196	0.00165904525678779	0.000393363090522681	0.00010380414888793	7.28450167634595e-06	
0.0433173033961948	0.139504220852049	0.224431885532754	0.234330690855641	0.176841755889041	0.104103408595621	0.0497766933102823	0.0187508320430966	0.00635726517236286	0.00195313568548497	0.000512447364725749	0.000114890334440293	5.4709683066806e-06	
0.0402416000499052	0.132384644599501	0.217603337779547	0.23349962295861	0.181484423878921	0.1107143971099	0.0533453937651482	0.0209069909528414	0.00688215208987346	0.00224573557931355	0.000519234615151743	0.000141275849352241	3.11907719349104e-05	
0.0372807179252726	0.124658034259252	0.211187349295422	0.23174216336192	0.184543517214426	0.116878544092381	0.0583369588461283	0.0236666101332468	0.00832331708612006	0.00249238642313053	0.000665496670673166	0.000154852410904559	6.08348757125054e-05	9.21740541098567e-06	
0.0341218903172108	0.11881993896236	0.204592619994451	0.229396097290299	0.188277073892537	0.122180708406548	0.0620475353740867	0.0267455840192361	0.00972348099509849	0.00292795708868954	0.000811985572921483	0.000242300934060853	9.61805234440026e-05	1.29473781559234e-05	3.69925090169241e-06	
0.0302569316081331	0.112423290203327	0.198177449168207	0.227493530499076	0.192099815157116	0.126266173752311	0.0678558225508318	0.0297116451016636	0.0109334565619224	0.00341404805914972	0.000942698706099815	0.000303142329020333	6.83918669131239e-05	4.99075785582255e-05	3.69685767097967e-06	
0.0281292229102627	0.106641941759107	0.191196670676111	0.223936754725947	0.195161565762314	0.130938061507848	0.0723667602203709	0.0334918548878098	0.0126130440593398	0.00387765254451226	0.00117127752780624	0.000321126802393787	9.65236631472654e-05	5.75429530301005e-05	
0.025724771188554	0.100275057598327	0.184738955823293	0.222675688853654	0.195996218423276	0.136950024379259	0.0759516285717476	0.0359863922790327	0.0146349996836279	0.00492982123117121	0.00153347402585318	0.000444781907984114	0.000102355669201365	5.58303650189265e-05	
0.0231718852500144	0.0933119498094252	0.177729790804465	0.221081602426274	0.197712731063781	0.142538035974124	0.081241904521203	0.038822989394342	0.0161510028637321	0.00576834804844372	0.00178402516962177	0.000472023326129093	0.000152385483238526	5.38924269989909e-05	7.43343820675737e-06	
0.0214504957117588	0.0869316408282177	0.171442320555316	0.217260356436821	0.199745083758194	0.146905703286413	0.0862274625800794	0.0427839380471781	0.0181284094118347	0.00632459830254024	0.00202149322948407	0.000594556832201198	0.000141207247647785	3.53018119119461e-05	7.43196040251498e-06	
0.01988546625491	0.0821878100716858	0.164122917526041	0.212630671408557	0.201718006176349	0.149401131959077	0.0920617932223672	0.0469302206316822	0.0201400269797206	0.00747145017856413	0.00249172213117496	0.000678209230334719	0.000248986402369459	2.78716122055364e-05	1.85810748036909e-06	1.85810748036909e-06	
0.0193708926653775	0.0772081198434397	0.157790512208241	0.208780553172244	0.201803086165855	0.154151955793866	0.0957712715963678	0.0504056385526921	0.022289182413582	0.00852408612677065	0.00275450818070318	0.000865436691910121	0.000243811197075755	4.09453918753176e-05	
0.0177912505635133	0.0735099595754588	0.150298035912725	0.204623498921208	0.203946355390897	0.157553675219701	0.10054004515527	0.05334777906198	0.024260290262676	0.00958018956308473	0.0032447233822299	0.000959132068961039	0.000281988538650054	5.93660081368535e-05	3.71037550855334e-06	
0.01679777837632	0.068745878572291	0.144323807223992	0.198970920134858	0.205009798549257	0.162468305640435	0.104371731881972	0.0568241555136576	0.0263009779973809	0.0107087462500813	0.00386369335649073	0.00115539291718136	0.000362221252171006	8.17319748488423e-05	1.48603590634259e-05	
0.0152910750807719	0.0646323028129353	0.140322568693126	0.195536428846667	0.202741055814091	0.165665663811246	0.109805258321724	0.059689658238729	0.0283498088152474	0.0115248095562735	0.00449988143581231	0.00139312920532353	0.000420532353202715	0.000116711622254498	7.41026173044432e-06	3.70513086522216e-06	
0.0139895777738243	0.060016752653739	0.135703907964182	0.1923571576825	0.201456220719919	0.167293038012216	0.113888394710313	0.0644106179208919	0.0303048834726917	0.0128925013342822	0.0052796803652968	0.00176421751764218	0.000435494870426377	0.000168638439186384	2.77975449208326e-05	1.1119017968333e-05	
0.0124883877463606	0.0565027693254787	0.128803766356821	0.188163938134734	0.201941031075411	0.169421158128763	0.117921160910141	0.0680362172515905	0.0338808939720119	0.0144279354201086	0.00569069962785161	0.00186723184270009	0.000650842479431709	0.000142777410017782	5.00648061101314e-05	1.11255124689181e-05	
0.0114381622045265	0.0541076089287167	0.122873366901049	0.184483803946794	0.201225147690556	0.170529911496573	0.120943592928598	0.0730227210552389	0.0362904716485889	0.0162995659857005	0.0056673247121975	0.00217561682526303	0.000715347248408491	0.00017190515271832	3.32719650422554e-05	2.21813100281703e-05	
0.0102571863050507	0.050407482320287	0.118197555106078	0.178555873798592	0.20007049739418	0.174442295483738	0.124525711248579	0.0767757223214681	0.0393844211831751	0.0171777420164469	0.00671201629929281	0.00238989857233549	0.000815702833183234	0.000215921338195562	4.98280011220528e-05	2.21457782764679e-05	
0.00926189323885488	0.0470871401179995	0.112299070116263	0.172621444589348	0.199393007954071	0.177148947646474	0.128781693445003	0.0805769934128617	0.042526387344419	0.0185865914976781	0.00777304482431219	0.0027671152915446	0.000834937324284485	0.00025491449281252	5.91106070289901e-05	2.40136841055272e-05	3.69441293931188e-06	
0.00913082526693943	0.0444880565626998	0.107357881781592	0.167243233653772	0.19614919779574	0.180217838834743	0.133782020719452	0.0832418587632638	0.0447135090384267	0.0207693473335625	0.00845816378198376	0.00311937523792628	0.000922137585145269	0.000284587551327398	8.50066711757162e-05	2.40236244627024e-05	1.2935797787609e-05	
0.00820814106060829	0.0414387651299592	0.101914372908343	0.163101328340385	0.192458240575565	0.18062333220304	0.138316575506052	0.0889129280986009	0.0480749384481564	0.0227410104822421	0.00912589010600186	0.00348670922466792	0.00105412139350425	0.000385159739934246	9.76720871603591e-05	2.21144348287606e-05	2.58001739668873e-05	1.29000869834437e-05	
0.00786250006898544	0.0392076424825191	0.0972069176755403	0.157934336902793	0.189193017570131	0.180931321779346	0.141986743758658	0.0923356261026172	0.05223761159544	0.0248182003815355	0.0102061652743873	0.00399011760637094	0.00145145356912249	0.000476459409889384	0.000119574755377645	7.35844648477813e-06	2.94337859391125e-05	5.5188348635836e-06	
0.00674267500306485	0.0379346372221277	0.0935466104563611	0.154543574880288	0.186494888558312	0.180436544749588	0.14357963767042	0.0964760603016546	0.0544299466258264	0.0276586907317037	0.0113921016469693	0.00439325988666451	0.00166325415950772	0.000545269240410672	0.000133572666275097	1.28083378619956e-05	1.28083378619956e-05	3.65952510342733e-06	
0.00640946292305004	0.0355332906157162	0.0888587114813305	0.148473451971806	0.185524916991903	0.179332076076193	0.145608216345314	0.100538096347644	0.0585352711597833	0.0300103396050562	0.0131120026795596	0.00535183782839168	0.0018767839459428	0.00064986602201899	0.000149268946234054	1.63831770256888e-05	2.00238830313974e-05	
0.00599835511285753	0.0329635383350087	0.0846970666179293	0.145380608608243	0.181403637028237	0.179862926071461	0.146879283560267	0.104682445398885	0.0619793475281002	0.0323403088732523	0.0148222608059947	0.00574613908434616	0.00224252947089464	0.00073106095220689	0.000221145938042584	3.65530476103445e-05	1.09659142831034e-05	1.82765238051723e-06	
0.00545529309635857	0.0303339882121807	0.0803289623977704	0.141139489194499	0.179182162927765	0.181161420021017	0.149601133092703	0.10634806049253	0.0657321697811486	0.0344039841001508	0.0163201900671632	0.0064750765294467	0.0023338054552931	0.000818750856672911	0.000257687211586787	8.40681683190935e-05	2.37583953945264e-05	
0.00513031474828365	0.0283282596970445	0.0773935222005869	0.134642422912724	0.175650202488367	0.182038413368803	0.153430418049347	0.109703900757846	0.0676740805748293	0.0370274890528298	0.017376518662754	0.00747789997166077	0.0027626178134913	0.00086663192825604	0.000292533984221448	0.000186490414941173	1.82833740138405e-05	
0.00460239507178458	0.0265349992055389	0.0734593391179839	0.131184696671117	0.171610893065542	0.181022060448441	0.155856821680933	0.114168619336269	0.0709152373977474	0.0385870647129621	0.0187711970427785	0.00859296381458192	0.00311209571520672	0.00107571853066711	0.000314131727121805	0.000144281432805945	4.3832334016996e-05	3.65269450141633e-06	
0.00413948363179941	0.0248934570982384	0.0688022680502649	0.126672942481428	0.171262241487514	0.180143249120656	0.156658201614198	0.115810674723061	0.0749047681597268	0.0414003094122627	0.0203143015601967	0.00939182976487587	0.00383299035275917	0.00120590510384284	0.00041413079965556	0.0001350029919582	1.09461885371514e-05	7.29745902476758e-06	
0.00394471185498383	0.0227758189346169	0.0644138344720633	0.121768518383052	0.1675030358005	0.18052954601981	0.158646179280479	0.119103963365569	0.0786107737999444	0.0443940103290369	0.0221631724480988	0.00994133224093283	0.0042574358824304	0.00131490395166128	0.000473658029875203	0.000118871706339337	3.47471141607292e-05	5.48638644643092e-06	
0.00385809385650232	0.0211472569849061	0.0607636062292941	0.116033681945987	0.163854654683221	0.179440695298394	0.161992378938356	0.122584575307833	0.0814096220019281	0.0467050707683077	0.0241693390384584	0.0108590067008999	0.00471605782933286	0.00177263771785242	0.000526852077132608	0.000117078239362802	4.02456447809631e-05	5.48804247013133e-06	3.65869498008755e-06	
0.00337294361163016	0.0199320286892371	0.0582313184128315	0.112641309500061	0.158855944378458	0.179483425358753	0.163191540371921	0.124820875281612	0.0845633383174081	0.0492032495923369	0.0258159210991074	0.011941647892505	0.00509510310080215	0.00194726641496174	0.000719244079962372	0.000142750733427646	2.56219265126545e-05	3.6602752160935e-06	1.28109632563272e-05	
0.00310056840708983	0.0192008682322375	0.055338842612809	0.108108799438719	0.155591163471394	0.177439482276332	0.164395900745269	0.128795090249014	0.0874974192381408	0.0515768683345544	0.0271596637427168	0.0131331088451159	0.00558723523210413	0.00211576795251033	0.000696120543960652	0.000202806772649954	4.56772010472869e-05	1.82708804189147e-06	1.27896162932403e-05	
0.00294527443027633	0.0170187622187856	0.053237431064165	0.103434755332497	0.151376163520177	0.175370575705407	0.166175483645064	0.131309999708208	0.0909442385690526	0.0553219194070789	0.028953050684252	0.0142376207288962	0.00623158063668991	0.00224132648595022	0.000855314989349596	0.000238904613229844	0.000100303463569782	5.4710980128972e-06	1.8236993376324e-06	
0.00260170682198954	0.0167229090882516	0.0500006394644577	0.0997180875262409	0.147334438084311	0.17285820515116	0.166704730027241	0.134208973330678	0.0942406176861253	0.0584013753966963	0.0311400920463411	0.014976257598208	0.00702497382763327	0.00266382622644715	0.00101218088439762	0.000237515369985	0.000127892891530385	2.19244956909231e-05	0	3.65408261515385e-06	
0.00232356250217949	0.0161841817884824	0.0484222349881528	0.0952862515210525	0.144185679440143	0.169998146288999	0.166896392237906	0.136754317219507	0.0971105968031744	0.0604768625666005	0.0340165145461253	0.0161529807122288	0.00756167259793008	0.00298429117578503	0.00114342767682292	0.000363400770483048	8.99325139074209e-05	2.38596465468668e-05	1.46828594134565e-05	5.50607228004618e-06	1.83535742668206e-06	0	3.67071485336412e-06	
0.00202528954309101	0.0143566452407529	0.0460263086028068	0.0916677205503656	0.140219684348086	0.167939574890808	0.168555409539205	0.139420565578142	0.100060300475989	0.0631615411262076	0.0356799199414957	0.0174046601820744	0.00805167145954645	0.00339258908982938	0.00140212352983224	0.000439881891712075	0.000139295932375491	2.56597770165377e-05	9.1642060773349e-06	1.28298885082689e-05	3.66568243093396e-06	1.83284121546698e-06	3.66568243093396e-06	
0.00196032492705981	0.0128857959724566	0.0424718763842164	0.0885605614107018	0.13553697527904	0.167487892110745	0.166400653075569	0.143235506225084	0.104098561696239	0.0666785030512247	0.0370082256771449	0.0194494982959267	0.00852951835676815	0.00362596048599951	0.00136545508458134	0.000402681124139269	0.000188527980847021	6.04021686208904e-05	1.83036874608759e-05	1.46429499687007e-05	9.15184373043793e-06	5.49110623826276e-06	3.66073749217517e-06	1.83036874608759e-06	
0.00184381383133936	0.0117668514735921	0.0388550481470674	0.0851601254741757	0.133237890283046	0.163924350744091	0.166309819083747	0.144581631164284	0.106510796615115	0.0700886343740881	0.040449007878611	0.0207360665304931	0.00984461628246279	0.00429128975780566	0.00153559964983951	0.00053071199299679	0.000171432740005836	9.11876276626787e-05	2.553253574555e-05	2.37087831922965e-05	5.47125765976072e-06	9.11876276626787e-06	3.64750510650715e-06	3.64750510650715e-06	
0.00172455107212617	0.0109009780927554	0.0361030228657319	0.0805982558435052	0.129054510336415	0.162563445326285	0.167056354698403	0.144822353086402	0.110674426541386	0.0725600325304792	0.0431809435291213	0.0226388172847216	0.0106813247456741	0.0047379771560519	0.00176993399507686	0.00054822570924432	0.000194238910228948	8.89505289833499e-05	3.6306338360551e-05	1.81531691802755e-05	1.81531691802755e-05	2.35991199343581e-05	3.6306338360551e-06	1.81531691802755e-06	
0.00174972093403153	0.0102242510595431	0.0343010645345724	0.0757552931780849	0.12448248010237	0.160529635444554	0.166176297089546	0.146845873907559	0.113283540099284	0.076209058980479	0.0457069217435497	0.0242819156177114	0.0119884924992513	0.00538710760602238	0.00210910344952763	0.000573559974226102	0.000248663659711949	6.17121491255933e-05	4.53765802394068e-05	1.08903792574576e-05	1.08903792574576e-05	1.81506320957627e-05	
0.00148553017244514	0.00968412937385903	0.0327071196351814	0.0732928221800383	0.120098841395562	0.15590975540573	0.166233917363066	0.148307550202556	0.115014946215444	0.0801058963001753	0.0483424610707454	0.0262104252580131	0.0129242943277112	0.00609667401249518	0.00240012218803866	0.000787312808652077	0.000243648767573622	0.000100005091168278	2.72741157731666e-05	9.09137192438888e-06	1.45461950790222e-05	3.63654876975555e-06	
0.00128245823345483	0.00887322453417395	0.0309358843853869	0.0704020315014065	0.116138177121529	0.150819277372183	0.165926015112211	0.150925084737105	0.117686978032202	0.0827504806938044	0.0504847071872389	0.0285004907272614	0.0144208141329451	0.00671511914274143	0.0026616025072697	0.000944969224650927	0.000322894889504274	0.000136819868434015	6.20250070234199e-05	9.12132456226763e-06	1.82426491245353e-06	
0.00123570020265483	0.00834967203601288	0.0294407861616223	0.0664532108983266	0.112461533110358	0.148972355098133	0.162987941396689	0.152509203678176	0.122255601383252	0.0850729246186263	0.0527323619814407	0.0305812916819985	0.0149602104534745	0.00717987584416631	0.00307735117135226	0.00114965885521072	0.000389932063948858	0.000131808021616516	5.12586750730894e-05	5.49200090068815e-06	1.83066696689605e-06	
0.00113669751726164	0.00771999412369619	0.0281291317761128	0.0641031291317761	0.109297414426326	0.146347509916263	0.161996841486705	0.152212795651535	0.124158954017923	0.0883318642573821	0.0558193771117967	0.0317779491699721	0.0162057440869693	0.00757675921845159	0.00322278536800353	0.00128176876744528	0.000437050095489937	0.000200161598354635	3.12178639635669e-05	9.18172469516674e-06	3.6726898780667e-06	
0.00101177336276674	0.00748896247240618	0.0262030905077263	0.0608719646799117	0.105947387785136	0.142770419426049	0.161896615158205	0.153892568064753	0.125901398086829	0.0907431935246505	0.0586515820456218	0.0331953642384106	0.0172498160412068	0.00843635025754231	0.00356512141280353	0.0013392200147167	0.000513245033112583	0.000228108903605592	6.62251655629139e-05	2.57542310522443e-05	1.83958793230316e-06	
0.000872043716491766	0.00712752855804898	0.0246071194165235	0.0588454362430956	0.102506618682753	0.1408949786506	0.159676182329039	0.154466043760739	0.128572060678019	0.0933326450394909	0.0605452762147772	0.0343175935280713	0.0186429303618705	0.00883105581817243	0.0042256325543322	0.00158553402998503	0.000562311487378412	0.000237830104497754	9.40258552665541e-05	4.2403817080995e-05	1.47491537673026e-05	
0.00075248014134823	0.00641452434217928	0.0233803694898812	0.056306908616082	0.0980769337171966	0.139186694380559	0.158784375708908	0.154865208306053	0.129000547761279	0.096710296989895	0.062487205071126	0.0363495860437066	0.019972077084951	0.00991872107884996	0.0045849647828228	0.00206194313241991	0.000691617776974477	0.000289557309293314	8.8527075452733e-05	5.34851080860262e-05	2.39760829351152e-05	
0.000702651028366762	0.0059004195566272	0.0219079194318142	0.0531537012142919	0.0952998193447224	0.134857223160118	0.158175991893626	0.156092076870022	0.131719331593964	0.0989942844886087	0.0656091152329196	0.0380115715529882	0.0208465465626497	0.010330819198645	0.00492780260683531	0.00215048196313301	0.000898653683648016	0.000297702146229075	8.13595927582566e-05	2.95853064575479e-05	1.29435715751772e-05	
0.000768173139545887	0.0054644200385571	0.0206979984822086	0.0510723808357501	0.0907835922670571	0.131639641444982	0.155065211219781	0.155618147441	0.134658524773584	0.102167027559603	0.0690446635160435	0.0407168873772825	0.0222825875188564	0.0113092156655367	0.00501353580447581	0.00216164663664483	0.000935167300316732	0.00040264147652526	0.000129884347266213	6.30866829578748e-05	5.56647202569484e-06	
0.000785974187935576	0.00512470105910489	0.019178890338865	0.0484634297971963	0.0884678357332616	0.127516377573785	0.154618485142101	0.155904794442546	0.136358120457545	0.104818339148796	0.0718802332159039	0.0423828646425498	0.0232114419919312	0.0118269512602657	0.00542714243308485	0.00245313558894857	0.000996936380896907	0.000360315957889706	0.00015495453111319	6.16084280329549e-05	7.46768824641878e-06	
0.000631146420351007	0.00477199133250554	0.0179829908848972	0.0458676765009392	0.0852160037756415	0.12519173179461	0.15133655086909	0.155778922706101	0.138460789326321	0.107233087804266	0.0739733570060062	0.0456485544499568	0.0251765618064647	0.0126772407102551	0.00573463008639402	0.00257889798463898	0.00111433863533783	0.000438244101964794	0.000121734472767998	5.24394651923686e-05	1.31098662980921e-05	
0.000629413858344417	0.00441713654159564	0.0169829346421145	0.0440140119513703	0.0831931513777794	0.122621433789783	0.148609107768391	0.155184234681453	0.138665867410974	0.109358784631812	0.0764513047224772	0.0475038870052264	0.0272015435625574	0.0139445141711781	0.00658261993518536	0.00277616469662627	0.0012494614390349	0.000415862727834704	0.000127381376093513	5.99441769851825e-05	5.61976659236086e-06	5.61976659236086e-06	
0.000565096084984483	0.00400975769873478	0.016329971353545	0.042578031749821	0.0802044789925997	0.121066707448078	0.147337147887324	0.154125760921461	0.13877491644784	0.110805457746479	0.0789810366435904	0.0496743703747911	0.0281354440200525	0.0151345040582478	0.00715042372881356	0.00314812604440201	0.00130736751014562	0.000497955956075436	0.00011936022917164	3.17050608737169e-05	5.59501074242063e-06	1.4920028646455e-05	1.86500358080688e-06	
0.000489281388889406	0.00395145882129695	0.0157909522011151	0.0403666447761305	0.0780189870945057	0.116921508474986	0.14689045864084	0.153340415200838	0.139618211685826	0.112845403824581	0.0809658377408967	0.0519884730513857	0.0301270829341256	0.0157537444909334	0.00740433432615907	0.00333195044677158	0.00143063645648651	0.000545092954161961	0.000145110069708645	2.41850116181075e-05	1.86038550908519e-05	1.48830840726815e-05	9.30192754542596e-06	7.44154203634077e-06	
0.00042914946662852	0.00360597019361886	0.0145929396552685	0.0381032708248959	0.0736539383288065	0.113732039816153	0.144734837647741	0.153429294374241	0.141117720714729	0.115142102349361	0.0841541668369641	0.0541768690295277	0.0315136900537644	0.0170563690611101	0.00849567320732564	0.00372301095724482	0.00151409876754218	0.000579630448433326	0.000169058880793053	2.41512686847219e-05	1.67201090894229e-05	2.04356888870724e-05	1.11467393929486e-05	3.71557979764952e-06	
0.000389113669139045	0.00320142810248996	0.0130989307672731	0.0368219556004706	0.0706305854408787	0.109824105868424	0.140707928698147	0.152740946191665	0.143051831416042	0.117405367924494	0.0872776427457041	0.0569433738183669	0.0339045251522338	0.0181813822940372	0.00895330267142209	0.00411243356483445	0.00169107694123462	0.000754253510321655	0.000213920310995873	3.68828122406677e-05	1.65972655083005e-05	2.3973827956434e-05	9.22070306016693e-06	9.22070306016693e-06	
0.000385660057187877	0.00296958244034665	0.0122988828713677	0.0342447766018207	0.0686934020910121	0.106071207538369	0.138044262755706	0.151118138694375	0.144020157165656	0.120177183249131	0.0892931585742331	0.0598342396344677	0.0361804227936113	0.0192976946710962	0.00967088505310172	0.00451773209848656	0.00195952038580698	0.000791521355466548	0.000286490328196709	7.89684879003748e-05	1.28553352395959e-05	1.83647646279941e-05	1.83647646279941e-05	7.34590585119766e-06	9.18238231399707e-06	
0.000341535668560637	0.00291127195553827	0.0119446164298747	0.0318084770248773	0.0666359832483147	0.102606812084153	0.135136714719091	0.150153325772062	0.144957234985672	0.121725503947751	0.0924502353308604	0.0611659333694959	0.0382556476666904	0.0208081062669056	0.0106223072104207	0.00497327072454874	0.00218436716362846	0.000924155338458195	0.000264827122680708	6.02710003342301e-05	4.3833454788531e-05	3.65278789904425e-06	0	1.82639394952212e-05	1.82639394952212e-06	1.82639394952212e-06	
0.00032310826499989	0.00281487539338888	0.0112540251622843	0.0306569502960913	0.0622412395674365	0.100366189367	0.132841308205124	0.148472811443509	0.145446181480968	0.124765427050551	0.0931227227256464	0.0640521062277749	0.0403994859475287	0.0225171776766873	0.011343473213047	0.00556768479237099	0.00240597001847376	0.000887178625931903	0.000385174259406649	0.000104051814152507	2.00801746610101e-05	0	5.47641127118458e-06	3.65094084745639e-06	3.65094084745639e-06	
0.000268188958277461	0.00274939292601451	0.0106272155235796	0.0288622402717648	0.0597641761581841	0.0974602323209656	0.129703112998772	0.147772116010881	0.144904136130526	0.127491922403995	0.095075722331383	0.0669760873967609	0.0415893570945102	0.0238286801636865	0.0123476385688561	0.00606252998881634	0.00281689626925442	0.00107093141842768	0.00040684447412159	0.000156899662665725	4.92591964183091e-05	1.09464880929576e-05	1.8244146821596e-06	0	3.64882936431919e-06	
0.000264542059450811	0.00243013809095503	0.0101182776669945	0.0269030152321493	0.0573052833610342	0.0941696754525038	0.126982012964385	0.146437713115995	0.145538270113863	0.128299249977651	0.0991759058741108	0.0689469584048661	0.0440416918285695	0.0252610300355581	0.0130428357449231	0.00611548264330426	0.00307781002961047	0.0011110766496934	0.000498068842966009	0.000209809219564436	5.10839838939496e-05	1.64198519659124e-05	1.82442799621249e-06	0	0	1.82442799621249e-06	
0.000135350667973837	0.00233754261716978	0.00922762324227038	0.0260824395311746	0.0544768147963887	0.0913653590085015	0.124829897133492	0.144841676299732	0.145567814342781	0.129671427108178	0.10267445603664	0.071263955751306	0.0445852416558142	0.0270719626578481	0.0134911692834462	0.00657182364905401	0.00342766421328339	0.00150348985235803	0.000521282978007346	0.000261556020544036	5.67009555025534e-05	2.19487569687303e-05	1.28034415650927e-05	
