# <P(N_1)> as a function of N_tot.
# number_of_species: 2
# species_total_upper_bound: 100
# species_total_lower_bound: 0
# volume: 512
# Bin widths for each species index 
1	1	1	1	1	1	1	1	1	1	1	1	1	1	1	1	1	1	1	1	1	1	1	1	1	1	1	1	1	1	1	1	1	1	1	1	1	1	1	1	1	1	1	1	1	1	1	1	1	1	1	1	1	1	1	1	1	1	1	1	1	1	1	1	1	1	1	1	1	1	1	1	1	1	1	1	1	1	1	1	1	1	1	1	1	1	1	1	1	1	1	1	1	1	1	1	1	1	1	1	1	
# Bin lower bound for each species index 
0	0	0	0	0	0	0	0	2	3	4	5	6	6	7	8	9	9	11	11	12	13	13	14	15	16	16	17	17	18	20	20	22	22	23	24	25	26	27	27	28	29	29	30	31	32	33	34	35	36	36	37	38	39	39	40	40	41	42	43	44	45	45	47	48	49	50	50	50	51	52	53	53	51	52	52	53	54	57	58	61	61	62	63	64	65	66	68	69	69	70	70	70	71	72	72	73	73	74	74	78	
# Bin upper bound for each species index 
0	1	2	3	4	5	6	7	8	9	10	11	12	13	14	15	16	17	18	19	20	21	22	23	24	25	26	27	28	29	30	31	32	33	34	35	36	37	38	39	40	41	42	43	44	45	46	47	48	49	50	51	52	53	54	55	56	57	58	59	60	61	62	63	64	65	66	67	68	69	70	71	72	73	74	75	76	77	78	79	80	81	82	83	84	85	86	87	88	89	90	91	92	93	94	95	96	97	98	99	100	
# Normalized histogram for each species index 
1	
0.0792816288490879	0.920718371150912	
0.00617536366871881	0.146800245348599	0.847024390982682	
0.000546172431187963	0.0171778815336825	0.201423841185194	0.780852104849935	
3.77761911777483e-05	0.00182459003388524	0.0321815372643238	0.246119440761266	0.719836655749347	
1.12922046147476e-05	0.000180675273835962	0.00408777807053864	0.0497195769187338	0.284379116949599	0.661621560582678	
1.8807598269701e-05	1.8807598269701e-05	0.000376151965394019	0.00725220989279669	0.0678352454391574	0.314451758510438	0.610047018995674	
2.63227165043432e-05	7.52077614409807e-06	4.13642687925394e-05	0.000917534689579965	0.0128003609972549	0.0860865641334186	0.338333396006468	0.561786936411838	
3.74913769832938e-06	9.7477580156564e-05	0.00188206712456135	0.0185919738460154	0.106498005458744	0.355369515011547	0.517557211841276	
1.12168821554361e-05	0.000269205171730466	0.00295751792831665	0.0254436276892475	0.12637687228458	0.368837257995767	0.476104302048203	
3.35530436338692e-05	0.000503295654508038	0.00502922842912106	0.0337469056637538	0.14815160010737	0.376107250439918	0.436428166661696	
8.2205498800547e-05	0.00091920694113339	0.00745454409577688	0.043400766753107	0.165371307291628	0.379236385648415	0.40353558377114	
0.000146843431015592	0.00137806912183863	0.0105614313845829	0.0515721660159118	0.180854628768511	0.382918720278325	0.372568140999816	
7.55506699455657e-06	0.000211541875847584	0.00225896503137242	0.013723779195612	0.0618684436184238	0.196261752851093	0.383559418713145	0.342108543647511	
7.56086496295176e-06	0.00030243459851807	0.00307349160743989	0.0167473158929382	0.0725313775895963	0.212766520489944	0.376504612127627	0.318066686828973	
2.63028358214564e-05	0.000371997249474883	0.00433245281459131	0.021109904520706	0.0847364643728089	0.227677346870526	0.373827175338461	0.28791835599761	
7.1103526734926e-05	0.00073723130351476	0.00529908388719238	0.0263008203101611	0.0975166157715107	0.240827645051195	0.36504550625711	0.264201993892581	
7.47890015294351e-06	0.000104704602141209	0.000878770767970862	0.00744150565217879	0.0324322505132395	0.107322217194739	0.248456541980936	0.359162961494883	0.244193568893758	
0.000108801272599713	0.00136939532754811	0.00939442712378208	0.0383017997231195	0.11966264101958	0.258590610825351	0.350062466937544	0.222509857770474	
3.0074848779901e-05	0.000187967804874381	0.00208268327800814	0.0117479878046488	0.046913004740548	0.131821821558403	0.263421841107055	0.339575117573862	0.20421950128382	
3.40621369070823e-05	0.000476869916699152	0.00320184086926573	0.0151576509236516	0.0530309624824485	0.140585793061164	0.269688861302763	0.327015437717383	0.190808521589718	
8.74388403328759e-05	0.000729924232344007	0.00416665082629704	0.0175790085956182	0.0591124577537342	0.150691337091936	0.275652844993746	0.317034226603457	0.174946111062534	
1.14575973418374e-05	0.00011839517253232	0.00097389577405618	0.00528577157370099	0.0207497087860676	0.0656405751713866	0.161880573643707	0.279974029446025	0.303912769492238	0.161452823342945	
2.29421818779705e-05	0.000183537455023764	0.00125799630630872	0.00681382801775725	0.0240587013960318	0.0728605459474548	0.172150485418332	0.280085803760224	0.294271719554769	0.148294439962222	
1.90636688411958e-05	0.000270704097544981	0.00164710098787932	0.00847189443302743	0.0277795782353906	0.0809023978282668	0.178424502152288	0.279766965712085	0.284353684435277	0.138364108449399	
4.56840037460883e-05	0.000414963034026969	0.00212430617419311	0.00968120179385855	0.0322338716431775	0.0880901802233948	0.187144521345851	0.282586019172054	0.272425135338861	0.125254117270838	
3.79392895488639e-06	9.10542949172734e-05	0.000576677201142731	0.00292511922421741	0.011321084001381	0.0373094973423528	0.0973560109113397	0.196108187678078	0.28067865801145	0.259432655864086	0.11419726154208	
1.51461222140601e-05	0.000193113058229267	0.000689148560739737	0.0036009905563928	0.0139495785591494	0.0416594091497724	0.106125091823366	0.202090922171651	0.279972282596348	0.246487992911615	0.105216324490522	
3.79637749659275e-06	2.27782649795565e-05	0.000246764537278529	0.00112752411648805	0.0048707523281285	0.0160548804330907	0.0461032083186224	0.114149478567551	0.205953479190157	0.277659457345801	0.236073938248124	0.0977339422722838	
7.5375558721329e-06	4.1456557296731e-05	0.000293964679013183	0.00150751117442658	0.00544965289555209	0.0184217865514928	0.0519865228501006	0.120548131063022	0.210964882527192	0.273699960050954	0.227366604104953	0.0897119899901258	
7.08820336428515e-05	0.000421561568507486	0.0016004417069886	0.00581978802541307	0.0212981857930021	0.0563474861127174	0.127740616524467	0.215921597009524	0.270709678382099	0.215417961507325	0.0846518013363129	
7.41528958559654e-06	8.52758302343602e-05	0.000367056834487029	0.00153125729942569	0.00696666456566795	0.0235027603415482	0.0624812300482365	0.134257525592018	0.22129819474775	0.264755499364139	0.207405649709135	0.0773414703777719	
8.51473419221087e-05	0.000340589367688435	0.00225455353176366	0.00904042647712128	0.026221679253665	0.0692507033910854	0.13976010661928	0.225718199318821	0.263427365615282	0.19471346068414	0.06918776839923	
3.7065041735237e-06	8.89561001645688e-05	0.000593040667763792	0.00308381147237172	0.0100409198060757	0.0290849382496405	0.073429554181678	0.146447686400095	0.229962638437931	0.258632448220137	0.185621729010067	0.0630105709499029	
1.85990454969851e-05	0.000256666827858394	0.000807198574569153	0.00339618570774948	0.0112077848164832	0.0331063009846335	0.0783168607787048	0.155476860927497	0.233086957977317	0.250994118981814	0.175009578508431	0.0583228868694459	
4.44115470022206e-05	0.000225758697261288	0.000988156920799408	0.00388230940044412	0.0128238341968912	0.03599925980755	0.0847372316802369	0.162675795706884	0.234622501850481	0.2429940784604	0.166757957068838	0.0542487046632124	
6.98070020097068e-05	0.000341686904573828	0.0014071621984062	0.00452643297241889	0.0144500494160093	0.0398781684112294	0.0898305894282806	0.167933602518931	0.233195801292532	0.238633399343814	0.158987284103476	0.0507460164083195	
0.000113526915034259	0.000336918586553286	0.00148683637109385	0.00545661623874344	0.0162013894229537	0.0454254146479018	0.0973474985626028	0.172392451558798	0.233660364091803	0.231122488217005	0.149013231378839	0.047443264008672	
7.69876563124379e-05	0.000502252805466857	0.00196135219653116	0.00608569092755462	0.0181617547319913	0.0507385315887686	0.104622558849731	0.176067103907673	0.232594374035363	0.224276041074748	0.140645449846208	0.0442679023796518	
3.69407175364974e-06	0.00014776287014599	0.000620604054613157	0.00234942963532124	0.00677862166794728	0.0212852414445298	0.0538632602399669	0.111793693480702	0.180725072403806	0.23093120160766	0.217178172468822	0.133204533364856	0.0411187126898753	
3.70897869562637e-05	0.000126105275651297	0.000760340632603406	0.00249985164085218	0.00844163551124562	0.0239859652246158	0.0583348169248116	0.115575485134413	0.184095157557415	0.230561242656222	0.213084535042431	0.124992582042609	0.0375051925701739	
5.57857233176885e-05	0.000278928616588443	0.000911166814188913	0.003008710010934	0.010104654016944	0.0272494663165803	0.0613010718296973	0.120552948089525	0.187897473278639	0.229766518152674	0.206515028673862	0.119400043140959	0.0329582053360904	
1.8573275285657e-05	5.57198258569709e-05	0.000382609470884534	0.000947237039568506	0.00351034902898917	0.0116008677434213	0.0296875232165941	0.0668452177530794	0.124812409919615	0.19253057161112	0.228878471345151	0.199874444659069	0.111840834460112	0.0290151706512533	
2.97619047619048e-05	9.30059523809524e-05	0.000368303571428571	0.0011421130952381	0.00399553571428571	0.0128385416666667	0.033218005952381	0.0716331845238095	0.130520833333333	0.196216517857143	0.224151785714286	0.191521577380952	0.106116071428571	0.0281547619047619	
2.24168335475386e-05	6.72505006426159e-05	0.000403503003855695	0.00159533132079983	0.00511103804883881	0.0147764294467525	0.0359640732881011	0.0764376662581821	0.135958095465822	0.197118689661356	0.222143348178259	0.184688555459246	0.0994933795618256	0.026220222972771	
3.739492027403e-05	0.000108445268794687	0.00044873904328836	0.00188844347383851	0.00603554013222844	0.0163453196517785	0.0396647919346636	0.0815433631495498	0.143383342806713	0.197650851108385	0.221707003320669	0.177150955814162	0.09078738744129	0.0232484219343644	
2.61594229978699e-05	6.72670877088083e-05	0.000504503157816062	0.00208527971897306	0.0062745244590605	0.0183751261257895	0.0429051907769349	0.0865727418812362	0.147868007025674	0.201640569528009	0.216984939646474	0.17011099069472	0.0852012407040622	0.0213834597705445	
7.44446429634923e-06	0.000148889285926985	0.000688612947412304	0.00235245071764636	0.00721368590316241	0.020059109046513	0.0471718480138169	0.0928845810255494	0.150091566910845	0.200806979929724	0.212919123339884	0.163659103090942	0.0822017747602883	0.0197948305639926	
2.60292717753451e-05	0.000223108043788672	0.000821781294621609	0.00271819966682532	0.00789430628272251	0.0222996489766778	0.0504633210376011	0.0966318122322704	0.152304706092337	0.20057041289862	0.21034626368396	0.158510828177059	0.0776676285102332	0.0195219538315088	
7.04938651786277e-05	0.00024487342640997	0.00096094268848761	0.00308317905070735	0.00908628820118207	0.0245875181336193	0.053419508991678	0.100283088521744	0.155713527772728	0.205066653804628	0.20475499671647	0.15066394090388	0.0744229706114786	0.0176420173118092	
7.43276138234496e-06	7.06112331322771e-05	0.000338190642896696	0.00124127115085161	0.00389105058365759	0.0105954013505327	0.0261707528272366	0.056775147819042	0.103058952946904	0.161447009985915	0.205813162677132	0.199209154188918	0.144574641647992	0.0699051208009544	0.0169020993834524	
3.71575927825092e-06	6.68836670085165e-05	0.000523922058233379	0.00147887219274387	0.00439202746689259	0.0113219185208305	0.0287599768136621	0.0589579524680073	0.109098408168725	0.165537075846078	0.203727649707941	0.195025341478278	0.141269451999822	0.0646727902379572	0.015164013614542	
1.4897190762252e-05	0.000201112075290402	0.000417121341343056	0.0015902751138704	0.00528850272059946	0.0127222009109632	0.0300029421951755	0.0634471354564313	0.114283798932616	0.168252596766565	0.201719135813964	0.191391658318033	0.136156599269293	0.0606874308677241	0.0138245930273699	
5.58998572690311e-05	0.000163972914655825	0.000581358515597924	0.00168817568952474	0.00574277867010513	0.0142321036606953	0.0331188021033253	0.0682425457540332	0.117594666408285	0.171519395387144	0.201537618740613	0.18795768008139	0.128290172432426	0.0566600953278899	0.0126147344570447	
3.72255084073811e-06	3.3502957566643e-05	0.000141456931948048	0.000547214973588502	0.00211440887753925	0.00581834696407366	0.0164238943093365	0.0361348010110448	0.0727125855721374	0.121161584764344	0.172194034240023	0.20062687756158	0.183298403397944	0.123235045582635	0.0543417971730949	0.0112123231323032	
3.74279511939516e-05	5.23991316715323e-05	0.00021708211692492	0.000778501384834194	0.00243281682760686	0.00690919979040347	0.0173441125832772	0.0390822666367243	0.0771876637472865	0.124492851261322	0.173190358559772	0.200149711804776	0.178583726326821	0.119324051201437	0.0503331087656262	0.00988472191032263	
7.52018228921869e-06	4.88811848799215e-05	6.39215494583589e-05	0.000282006835845701	0.000924982421573899	0.00297047200424138	0.00783602994536588	0.0189170185485296	0.042176942369083	0.081996307590496	0.127756616820392	0.175919624291693	0.198096641862599	0.172994273381187	0.113682595666119	0.0471139420419551	0.0092122233042929	
2.62658251596587e-05	4.12748681080351e-05	8.25497362160702e-05	0.000270162773070775	0.0010168626597525	0.00326446684127187	0.00838630274740531	0.0210877053424688	0.0448245067653261	0.0833714813174938	0.132983872783352	0.178337448312608	0.196250741071496	0.168014979024862	0.108564159906344	0.0444680419953022	0.00900917802976293	
3.38265749089501e-05	1.50340332928667e-05	8.2687183110767e-05	0.000432228457169918	0.00111251846367214	0.00355179036543976	0.008742290359802	0.0230584485629343	0.0480938725038807	0.0876258630474737	0.138572443368676	0.179555218125031	0.192826511014309	0.164370844499235	0.102727549490158	0.041264662880596	0.00793421107031042	
4.14005427234782e-05	1.12910571064032e-05	0.000150547428085375	0.000477988084171067	0.00155063850927937	0.00373733990221945	0.00968019962588964	0.0250435646620022	0.0524206144593277	0.0910397934489287	0.142383993797446	0.180528948388578	0.190423678099489	0.159422198971008	0.0967041404306409	0.0388374727603247	0.00754618983277944	
2.62415043129787e-05	1.87439316521276e-05	0.00014245388055617	0.000622298530850637	0.00167570748970021	0.00377877662106893	0.0110176830251206	0.027962197238644	0.0533977124905812	0.096441277136527	0.143938399943018	0.18227348895795	0.186955723084651	0.154922343891165	0.0923925878996675	0.0378140077150023	0.00662035665953148	
3.7284078579924e-05	1.11852235739772e-05	0.000126765867171742	0.000641286151574693	0.00166286990466461	0.00510791876544959	0.0130643411344054	0.0297452378910634	0.0582601011889893	0.100376196352871	0.147018578656356	0.179821110990974	0.185917057838791	0.147902211318701	0.0884602048387277	0.0354608871373657	0.00638676266074098	
3.74726917758683e-06	3.74726917758683e-06	2.99781534206947e-05	0.000157385305458647	0.00066326664443287	0.00198979993329861	0.00553846384447334	0.0150040657870577	0.0318967552396191	0.061365280052162	0.104275259404709	0.147106546104526	0.180075020328935	0.182124776569075	0.146551950266243	0.0850217903702677	0.0322939657724433	0.00589820168552168	
1.87458290530357e-05	6.74849845909285e-05	0.000221200782825821	0.000772328156985071	0.00217826533596275	0.00656104016856249	0.0164438412453229	0.0336262681553354	0.0652054917780794	0.105602753387371	0.149115571785278	0.18166957851878	0.180199905521022	0.142445805808208	0.0802358975128034	0.0302257747651148	0.0054100462647061	
1.87339590475655e-05	0.000149871672380524	0.000213567133142247	0.000794319863616778	0.00261526068304015	0.00753105153712134	0.0171153449858559	0.035583281814946	0.0664381123662864	0.109376346503307	0.152704246988516	0.182480001498717	0.17667996777759	0.136364487907229	0.0778058787163491	0.0291088255681073	0.00502070102474756	
2.99557030041826e-05	0.000123567274892253	0.000322023807294963	0.00101100497639116	0.00298808137466721	0.00834640774954037	0.018134433706157	0.037171282965315	0.0710961166175518	0.113505903145723	0.154972085029263	0.181531560205346	0.17321510815881	0.132857287286425	0.0738220855909324	0.0262449402945394	0.00462815611414621	
1.49997562539609e-05	0.000127497928158667	0.000483742139190238	0.00136122788004695	0.00358869168376014	0.00945734631812233	0.0197659288036569	0.0404730923122499	0.0742337937008524	0.113833150211309	0.156841201330478	0.181594549088577	0.17320593540355	0.127152933764826	0.0688976304135058	0.0248208466612418	0.00414743260422018	
7.51667762848821e-06	3.7583388142441e-05	9.02001315418585e-05	0.000451000657709292	0.00133421027905666	0.00411538100159729	0.00971530583482101	0.0218810485765292	0.0436004885840459	0.0773466127971437	0.118075730527107	0.159015315230668	0.181140655830123	0.168681762660904	0.122510570327915	0.0648877196279245	0.0230837169970873	0.00402518087005544	
7.53383634247313e-06	3.76691817123657e-06	3.01353453698925e-05	0.000139375972335753	0.000489699362260754	0.00190982751281694	0.00467851236867581	0.0105360701249487	0.0239689003235783	0.0457416873533256	0.0804312367922432	0.122255329247483	0.162463413807262	0.180058688585108	0.164968414391134	0.116269696273388	0.0604816381573743	0.0216673133209527	0.00389876030722985	
1.13267386543834e-05	0	2.26534773087669e-05	0.000154798761609907	0.000841954239975836	0.00195575020765688	0.00506682775806086	0.0121045080419844	0.0256550630521785	0.0484331344861436	0.0842143018953409	0.124643207732387	0.162886053009137	0.18061995016235	0.160175186891188	0.112323491655969	0.057139620931813	0.0202257796571774	0.00352639130106471	
1.88701319777031e-05	0	4.52883167464873e-05	0.000169831187799327	0.000792545543063528	0.00203042620080085	0.00577048635878159	0.0135449807335953	0.0271692160214969	0.0522702655782375	0.0863119836660138	0.128803746853405	0.164098441704501	0.178869981016647	0.15533137838766	0.107793741909431	0.0545384554419574	0.0193041450131902	0.00313621593469425	
3.76382736076662e-06	7.52765472153323e-06	0.000120442475544532	0.00024464877844983	0.000937193012830888	0.0023448644457576	0.00639474268594248	0.0141143526028748	0.0293051598309289	0.0558627256884981	0.0897258804533154	0.131831817138212	0.164716376789229	0.176094426900827	0.151851614870129	0.103463850320114	0.0527989702168341	0.0171517612830135	0.00302988102541713	
7.52864649993224e-06	0	4.51718789995935e-05	0.000139279960248746	0.000210802101998103	0.00102389592399078	0.00264631924472618	0.007110806619186	0.0148577838676163	0.0308034571544728	0.0579178775239787	0.0936827127219069	0.133151641997802	0.16668046918525	0.174013370876184	0.148080948007167	0.0993066116573562	0.0503591164380468	0.0170862632315962	0.00287594296297412	
7.51806214430169e-06	0	3.75903107215084e-06	1.12770932164525e-05	3.00722485772067e-05	3.38312796493576e-05	0.000105252870020224	0.000360866982926481	0.00112770932164525	0.00308240547916369	0.00726620706246758	0.0157315450369513	0.0340229902340373	0.0605279183237729	0.0960770751731034	0.135960394848624	0.16757008713434	0.17075022742138	0.145342936404712	0.0947163059249848	0.0489651387458369	0.0159608459323525	0.00234563538902213	
7.49392055694818e-06	3.74696027847409e-06	7.49392055694818e-06	2.62287219493186e-05	1.49878411138964e-05	2.99756822277927e-05	0.000142384490582015	0.000393430829239779	0.00145756754832642	0.00351090178093022	0.00808968724122556	0.0173296912879427	0.0360307700378068	0.0630201249236557	0.0996391677251829	0.139154610821971	0.169669855329864	0.168804307505536	0.140095097851868	0.0913209159069705	0.045334472409258	0.0140436071237209	0.00187348013923704	
3.74387408602674e-06	7.48774817205348e-06	1.12316222580802e-05	1.87193704301337e-05	2.99509926882139e-05	1.87193704301337e-05	4.86703631183476e-05	0.000179705956129283	0.000411826149462941	0.00150503738258275	0.00383372706409138	0.00846864318259248	0.0198163255373395	0.036967012725428	0.0661505112260064	0.10331969315208	0.143682399673534	0.168500540989805	0.167766741668944	0.135651789759007	0.0875467516276493	0.0415682339771549	0.012463356832383	0.00202917975462649	
7.49594282094816e-06	7.49594282094816e-06	1.87398570523704e-05	1.12439142314222e-05	4.12276855152149e-05	2.24878284628445e-05	0.000153666827829437	0.000206138427576074	0.000494732226182579	0.00146545682149537	0.00437763060743373	0.0103631409499608	0.021258493840209	0.0405905303754343	0.0698884228911102	0.106629786627988	0.146249592408109	0.16594143419874	0.165158108173951	0.132112244247801	0.0830775342845685	0.0386003575564726	0.0114500526589983	0.00187398570523704	
3.74296322912924e-06	7.48592645825847e-06	4.86585219786801e-05	3.74296322912924e-05	1.12288896873877e-05	4.86585219786801e-05	0.000101060007186489	0.000209605940831237	0.000568930410827644	0.0018303090190442	0.00484713738172236	0.0113748652533238	0.02316894238831	0.0439611031261229	0.0721493592046952	0.110971373817224	0.1458033896275	0.166842585938436	0.162691639717331	0.128432297281112	0.079152443406396	0.0355469217870404	0.0104728111151036	0.00171802012217032	
3.75679980765185e-05	1.12703994229556e-05	3.75679980765185e-06	4.8838397499474e-05	6.38655967300814e-05	0.000221651188651459	0.000672467165569681	0.00226535028401407	0.00551122531782526	0.0124162233642894	0.0242538995582003	0.0461372584377724	0.0762104408980254	0.113966278964927	0.147375499654374	0.165693655516485	0.161320740540378	0.123700147266552	0.0747114777747723	0.0339915246596339	0.00957608270970457	0.00181077750728819	
7.56621382876901e-06	0	7.56621382876901e-06	3.78310691438451e-05	0.000124842528174689	0.000249685056349378	0.000949559835510511	0.00251954920498008	0.00652964253422766	0.0127869013706196	0.0264439173315477	0.0483367570450908	0.0802926611508968	0.114934571165916	0.149304097483099	0.165885455088846	0.156412555375227	0.119058157702595	0.0728134587811586	0.0323493472249019	0.00939723757533112	0.00155864004872642	
1.14152644916783e-05	6.46864987861769e-05	0.000159813702883496	0.000388118992717061	0.000962687305464868	0.00271683294901943	0.00715737083628228	0.0142005890276478	0.0284240085842789	0.0508664185749184	0.0822545908388697	0.117459266531206	0.150350448619895	0.165300640015829	0.149703583632033	0.116736299780066	0.071387259042792	0.0315555961431626	0.00895717753780355	0.00134319612185414	
3.83102131197156e-06	7.66204262394312e-06	6.8958383615488e-05	0.000137916767230976	0.000337129875453497	0.00109567209522387	0.00314909951844062	0.00742068828128891	0.0145348948576201	0.0299470935956817	0.0526956981461688	0.0850946453815123	0.122332172533876	0.15090392947856	0.162638347757129	0.1492527592931	0.113486344324533	0.0673187064939642	0.0297976837645148	0.0084588950568332	0.00131787133131822	
7.72388650521169e-06	1.93097162630292e-05	2.70336027682409e-05	0.000162201616609446	0.000393918211765796	0.00115472103252915	0.00321313678616806	0.00758485654811788	0.0157103851516006	0.0312315350838235	0.0557857702838915	0.0887088365123563	0.122983582879233	0.152963848349212	0.161131858328474	0.147344720916671	0.109945662458436	0.0644442470562337	0.0282269432332961	0.00780884925676902	0.00115085908927654	
3.88520010723152e-06	4.27372011795468e-05	9.32448025735566e-05	0.000283619607827901	0.000477879613189477	0.00118887123281285	0.00364043250047594	0.00785198941671491	0.0172308624755718	0.0324142244946326	0.0590278452291685	0.0894528472688986	0.12658370469371	0.154432819062346	0.161422294055255	0.143546488361883	0.106804150947795	0.0609549044823554	0.0256811727088004	0.00775874461414135	0.00110728203056098	
1.17144486009044e-05	3.90481620030145e-05	0.000156192648012058	0.000300670847423212	0.000527150187040696	0.00145259162651214	0.00423282076112677	0.00867650159706983	0.0181534905152014	0.0339406624130202	0.0593414917959812	0.0932118675173959	0.129432942591392	0.15518130061618	0.160058416050357	0.14106148523589	0.102641998641124	0.0589353909111498	0.0246823432021055	0.00706381250634533	0.000898107726069334	
1.17834670102202e-05	4.32060457041407e-05	0.000117834670102202	0.000318153609275945	0.000675585441919291	0.00186571560995153	0.00487442751989442	0.00972921592810514	0.0192895354957305	0.0360770481629575	0.0613565127222165	0.0972096750119799	0.129484591152973	0.15466978797615	0.159017887302922	0.139229518370425	0.0982544757535527	0.0572755053143436	0.0236101400661445	0.0060881246219471	0.000801275756694973	
3.94172552976791e-06	1.57669021190716e-05	0.000106426589303734	0.000260153884964682	0.00100514001009082	0.00224678355196771	0.00514395181634712	0.00972817860746721	0.020244702320888	0.0376513622603431	0.0668516649848638	0.0983145181634712	0.131858602421796	0.154964997477296	0.159107751009082	0.133805814833502	0.096773303481332	0.0534576816347124	0.0220027119071645	0.00572338546922301	0.000733160948536831	
7.12188714182843e-05	0.000126611326965839	0.000530184931669449	0.00117906798236937	0.00230670011315887	0.00484288325644333	0.0107698760000317	0.0215991010595785	0.0411605510758006	0.0697311883264357	0.101328627612348	0.134465185841688	0.156420381258358	0.15553014536563	0.1304848422502	0.0909900214447935	0.0511351496783281	0.0210016538604585	0.00554715876269081	0.000779450981633444	
5.97523861119521e-05	0.000211125097595564	0.000489969566118007	0.00121894867668382	0.0024538313229975	0.0051586226676652	0.0110780923851559	0.0229010978505075	0.0421652671330008	0.0719697573256425	0.105044694784812	0.135303303111904	0.157240395799806	0.153906212654759	0.127519558947721	0.0898118198186714	0.0488416004079096	0.0191486480026769	0.00473637247247407	0.000740929587788206	
3.98439710095267e-06	5.17971623123847e-05	0.000175313472441917	0.000557815594133374	0.00136266380852581	0.00249024818809542	0.00512791906892609	0.0123954593810638	0.0247311528056132	0.045202985110308	0.0742970527414644	0.107503018180804	0.138633112730547	0.156471258551512	0.150658023181222	0.125739603711864	0.0859314922762462	0.0458604106319652	0.0177265827021384	0.00441869638495651	0.000661409918758143	
7.91226876394537e-06	7.91226876394537e-05	0.00022154352539047	0.000482648394600668	0.00142025224312819	0.00261896096086592	0.00598563131992468	0.0139611982339816	0.0264190654028136	0.0474221828367066	0.076333612900163	0.109288212301995	0.138824711597804	0.154494959884797	0.149431107875872	0.124210751190796	0.0834744354596237	0.0439486968493346	0.0163823524757489	0.00449416865792097	0.000498472932128558	
1.96086121024354e-05	1.17651672614612e-05	3.52955017843837e-05	0.00016079061923997	0.000545119416447704	0.00116475155888466	0.00293344837052433	0.00683948390132946	0.0150751009843523	0.0280560021961646	0.0498607788540727	0.079814894701753	0.111416133966038	0.139821169457626	0.153155025687282	0.147786187693635	0.120549825483352	0.0792972273422487	0.0429781560061179	0.0160398446997921	0.00381975763755441	0.000619632142436958	
1.5673244204818e-05	3.13464884096359e-05	3.52647994608404e-05	4.31014215632494e-05	0.000195915552560224	0.000493707192451766	0.00142234691158723	0.00342460385875272	0.00743303606413491	0.0163511120166763	0.029892795009639	0.0523525539551432	0.0819945770575051	0.113877874081156	0.139942479193768	0.153625221384574	0.145745497860602	0.115343322414307	0.076990893845117	0.0405741109352225	0.0157006723821764	0.00396924909487015	0.000544645236117424	
2.35481579453447e-05	4.31716228997987e-05	3.13975439271263e-05	3.92469299089079e-05	0.000227632193471666	0.000576929869660946	0.00163659697720146	0.00407383132454464	0.00840276769349718	0.0173706911776826	0.0309815264700919	0.0544747387135641	0.0856446504472188	0.116088493977559	0.140920026530925	0.153176842741477	0.144405153906836	0.112242294846486	0.0726656907263429	0.0382932295121214	0.0144585689784417	0.00373630772732803	0.000486661930870458	
1.95492719851113e-05	3.90985439702225e-05	3.1278835176178e-05	5.47379615583116e-05	0.000230681409424313	0.00076242160741934	0.00170860637149873	0.00416008507843168	0.00944229836880875	0.0185131605699004	0.0340352825260787	0.0574865891994182	0.0880303717489561	0.118910401776638	0.142959916172722	0.151698440750066	0.139487965468166	0.108279507671134	0.0701662470089614	0.0370458704117859	0.0132895950954786	0.0031982608967642	0.000449633255657559	
7.78834396442284e-06	3.11533758576914e-05	3.89417198221142e-05	1.94708599110571e-05	0.000120719331448554	0.000276486210737011	0.00087618869599757	0.00187309672344369	0.00444714440368544	0.0104285925683622	0.0196616743381855	0.0364299788935879	0.0605037500876189	0.090216282311892	0.12101139434722	0.142783709899764	0.149536204116919	0.137117689665646	0.105481436482161	0.0686581462183696	0.0344673162145533	0.0126443764262405	0.00302577163017828	0.000342687134434605	
3.48320129420279e-05	0	7.74044732045065e-06	5.80533549033799e-05	5.41831312431545e-05	0.000216732524972618	0.00102173904629949	0.00208218032920122	0.00494227561410774	0.0112391295092943	0.0208759864232554	0.0381333137242001	0.0613507854618918	0.0937213361560165	0.121401175773948	0.144312899842482	0.149212602996327	0.134114860497788	0.102622850574535	0.0673148001222991	0.0317319637901874	0.0123266623578177	0.00289492729784854	0.000328969011119153	
7.76623628773905e-06	7.76623628773905e-06	1.16493544316086e-05	0	7.76623628773905e-06	0.000116493544316086	0.000454324822832735	0.000893117173089991	0.00240365013105524	0.00580914474322881	0.0115716920687312	0.0225842151247452	0.0402601689156393	0.0642423065721775	0.0939481603727793	0.125102417241045	0.145119891272692	0.146851761964858	0.132546354722842	0.099881564896612	0.062529851470731	0.030595087855548	0.0116415881953208	0.00306766333365693	0.000345597514804388	
7.75656787384718e-06	0	3.87828393692359e-06	0	3.87828393692359e-05	0.000201670764720027	0.000434367800935442	0.00105877151478014	0.00311814028528657	0.00613544518821312	0.0121041241671385	0.0238630810638908	0.0418311705436578	0.0664737866788703	0.0955880641933557	0.128344050324612	0.143100920704607	0.148003071600878	0.129666545147103	0.0975000581742591	0.0593648922224894	0.0292422608844039	0.0107816293446476	0.00292810437237731	0.000209427332593874	
3.87867504460476e-06	0	0	3.87867504460476e-06	7.75735008920953e-06	4.26654254906524e-05	0.0002443565278101	0.000531378481110853	0.00107827166240012	0.00336668993871693	0.00628733224730432	0.0125785431696532	0.024916608486541	0.0432782561476999	0.0689046621674036	0.101799705220697	0.128388022651462	0.144449616011171	0.145364983321697	0.128302691800481	0.0944884027616166	0.0568924055542627	0.0264409277790707	0.010069040415794	0.00234271972694128	0.000217205802497867	
2.72143754106455e-05	1.16633037474195e-05	3.49899112422585e-05	0.000272143754106455	0.000520960900718071	0.00165230136421776	0.00353398103546811	0.00675305286975589	0.0130901145725205	0.026421270755821	0.0441533802198144	0.0728956484213718	0.104223282286941	0.129077782572692	0.143042644926268	0.145297550317436	0.124886768759452	0.0923694779116466	0.0546931190395658	0.0250644397532045	0.00938118398084108	0.002390977268221	0.000206051699537744	
