# <P(N_2)> as a function of N_tot.
# number_of_species: 2
# species_total_upper_bound: 100
# species_total_lower_bound: 0
# volume: 512
# Bin widths for each species index 
1	1	1	1	1	1	1	1	1	1	1	1	1	1	1	1	1	1	1	1	1	1	1	1	1	1	1	1	1	1	1	1	1	1	1	1	1	1	1	1	1	1	1	1	1	1	1	1	1	1	1	1	1	1	1	1	1	1	1	1	1	1	1	1	1	1	1	1	1	1	1	1	1	1	1	1	1	1	1	1	1	1	1	1	1	1	1	1	1	1	1	1	1	1	1	1	1	1	1	1	1	
# Bin lower bound for each species index 
0	0	0	0	0	0	0	0	0	0	0	0	0	0	0	0	0	0	0	0	0	0	0	0	0	0	0	0	0	0	0	0	0	0	0	0	0	0	0	0	0	0	0	0	0	0	0	0	0	0	0	0	0	0	0	0	0	0	0	0	0	0	0	0	0	0	0	0	0	0	0	0	0	0	0	0	0	0	0	0	0	0	0	0	0	0	0	0	0	0	0	0	0	0	0	0	0	0	0	0	0	
# Bin upper bound for each species index 
0	1	2	3	4	5	6	7	6	6	6	6	6	7	7	7	8	8	9	9	10	10	10	10	10	11	11	11	12	12	12	11	11	11	11	12	11	12	12	13	13	14	14	14	15	16	16	16	16	16	14	15	15	15	15	15	16	16	17	17	17	16	17	16	17	17	17	17	18	18	18	18	19	22	22	23	23	23	21	21	20	20	20	20	20	20	20	20	20	20	21	22	23	23	23	24	25	24	24	25	22	
# Normalized histogram for each species index 
1	
0.920049846578516	0.0799501534214839	
0.847327091047551	0.146337101930957	0.00633580702149241	
0.780119668017757	0.201749469214437	0.0176336614553175	0.000497201312487937	
0.72001451558818	0.245752888954219	0.032344650286101	0.00186803982905904	1.99053424407931e-05	
0.660923360638161	0.284695715572329	0.0500232816032447	0.00420141037501761	0.000151636757975481	4.59505327198427e-06	
0.60968536645491	0.314096115656039	0.0679549661695062	0.00779196121933705	0.000454747982342917	9.18682792611953e-06	7.65568993843294e-06	
0.562189388954118	0.33742722826925	0.0864130426484711	0.0128924100592556	0.00101685754375465	4.58043938628219e-05	4.58043938628219e-06	1.06876919013251e-05	
0.51980458111152	0.353244098482424	0.106345074972976	0.0183748709184567	0.00210304783414758	0.000111719698296426	1.66069821791984e-05	
0.475777877745196	0.369514684929611	0.12519765715154	0.025859799205911	0.00338217527431277	0.000254264956120488	1.35407373081917e-05	
0.437346238314112	0.376557118340994	0.146642144803005	0.033604053908097	0.0052759009684736	0.000546041499153936	2.85021661646285e-05	
0.40287986232501	0.380617491583353	0.164946732174609	0.0430896241316337	0.00745990246015819	0.000926658583475993	7.97287417601097e-05	
0.370692663121055	0.382808263561512	0.181762705822467	0.0526947808210695	0.0105265701869527	0.00142589787006506	8.9118616879066e-05	
0.341025035856284	0.383350580659998	0.196729967381372	0.0627031099653238	0.0138523265735916	0.00213927367573816	0.000190628347343004	9.07754034966685e-06	
0.314292528135885	0.379442917838204	0.212585615267885	0.0732421622820409	0.0171617883622477	0.00291498246301588	0.000344815538876813	1.51901118447935e-05	
0.28872564578812	0.374084035604343	0.226753677905534	0.0844593209296251	0.0213255495027025	0.00406555305645454	0.000510282341041735	7.59348721788297e-05	
0.265519402763086	0.366783477335745	0.238761209954151	0.0960933433095412	0.0264470686795133	0.00552890343162326	0.000739109517211235	0.000112308222327785	1.51767868010521e-05	
0.245397650829164	0.359513839548911	0.247861710329398	0.106516908285589	0.0322973197684086	0.00722740396970567	0.0010415564390561	0.000117912049704464	2.56987800637934e-05	
0.224962538029576	0.350642529553332	0.257378116154813	0.118018072562701	0.0381536924637111	0.0092194287617116	0.00142582529856055	0.0001770929510951	2.11906095327471e-05	1.51361496662479e-06	
0.207400421730792	0.340192639844023	0.263453076015991	0.129186465257163	0.045657732008701	0.0116725274026621	0.00209654395703372	0.000281557527803806	5.2981255231899e-05	6.05500059793131e-06	
0.191804928623181	0.329036678196496	0.270510414740397	0.139256795879576	0.0514886212405531	0.0142283755066405	0.00309819958832142	0.000482009524993255	9.09451933949538e-05	0	3.03150644649846e-06	
0.174653336949062	0.319033024834906	0.275624584330057	0.150738017722121	0.0582096991420724	0.016766174957846	0.00413435361524908	0.000727185685349784	0.000104532942269031	7.57485088906025e-06	1.51497017781205e-06	
0.160920780314058	0.304831832534562	0.279763985084198	0.161356888225694	0.0662899221083918	0.0203329615526049	0.00526520527462642	0.0010439238163545	0.000174747072606649	1.36758578561725e-05	6.07815904718779e-06	
0.149148805133781	0.293562244812616	0.280192516784392	0.170752959603409	0.0736810091164149	0.0244995095840208	0.00654648307114453	0.00131994130214947	0.000255472510093445	3.64960728704922e-05	4.56200910881152e-06	
0.137834946912927	0.284499000249178	0.280961887918513	0.177382840750937	0.0810740180259024	0.0281783871497074	0.00810436304629241	0.00160446332525024	0.000317550033122444	3.95038318716916e-05	3.03875629782243e-06	
0.126506362005946	0.271990345942127	0.282713202621513	0.1867911627773	0.0876445341932237	0.0324839035867675	0.00927656723047699	0.00214366171987162	0.000366878455593305	7.42853071242642e-05	6.06410670402156e-06	3.03205335201078e-06	
0.115929074833807	0.2599094649707	0.281681200346627	0.195036632145389	0.0966661414746181	0.0363064253207206	0.011071452378211	0.00275877323217326	0.000533271926263036	8.48387155418467e-05	1.36347935692254e-05	9.08986237948357e-06	
0.106575912270751	0.247922858763471	0.279968235961429	0.201784836453016	0.104016638305918	0.0418060124787294	0.0135965210814899	0.00349555681603328	0.000700321421818869	0.0001164681414256	1.36131593874078e-05	3.02514653053507e-06	
0.098911198559772	0.23710615927601	0.277337758592235	0.206966148889168	0.112218771718114	0.0460760904291159	0.0157574142517764	0.004489356515472	0.000941780692284515	0.000177151673629081	1.2112934948997e-05	4.54235060587386e-06	1.51411686862462e-06	
0.0895803275521723	0.227815071263424	0.274653945295286	0.212599530343549	0.119072700162388	0.0517663428975026	0.0176468280079443	0.0052806167108353	0.00127072857116985	0.000255051221529341	4.67845435941396e-05	4.52753647685222e-06	7.54589412808702e-06	
0.0832778638410532	0.216505316807181	0.270660570281474	0.217333227152454	0.126477955196678	0.0570897523932018	0.0205174514785938	0.00607785362364788	0.00164830789249487	0.00034258359114752	5.85998248015494e-05	3.00511922059228e-06	7.5127980514807e-06	
0.0765487834712381	0.207146834443726	0.266633747623	0.220638139163506	0.133712352595977	0.0622034847159082	0.0236026541354173	0.00721167195222436	0.00178903495672246	0.000427747451900925	7.95460173710492e-05	6.00347300913579e-06	
0.0702380005014962	0.194407866583985	0.263829058853736	0.224827967273617	0.1400660954014	0.068296579465381	0.0264997214743989	0.00888429100595039	0.00236033555202873	0.000492487316199379	9.30921146474436e-05	4.50445716036018e-06	
0.0644814970311282	0.185068673903917	0.257389192106999	0.2293663407905	0.14644784981707	0.074070353265759	0.0292988664307563	0.0100791699154321	0.00300035986325196	0.000649253283752174	0.000116955556888382	3.14880345468722e-05	
0.0588579016466333	0.175750538513073	0.249897104196647	0.231623710798201	0.154947560693503	0.0798982157717486	0.033003265627394	0.0113590958388036	0.00353450839840053	0.000827672812375136	0.000249353333673816	5.1072369547649e-05	
0.0541180062590642	0.16553294090707	0.244435763771962	0.233894733376138	0.161093824599529	0.0852576737893081	0.0369766714410365	0.0130314853977619	0.00416672279170427	0.00111052741072003	0.000311306875242273	5.98667067773602e-05	1.0476673686038e-05	
0.0508205912790368	0.157506404578491	0.23788796535712	0.233554623076763	0.167588210207362	0.0901651322519363	0.0406358948664955	0.0151711714935865	0.00484779619870745	0.00134801838315335	0.000392177914567844	8.20143927803476e-05	
0.0471571325255759	0.148834177077966	0.231756775821333	0.233740776106459	0.171734827075664	0.0974283732831195	0.0447662339783809	0.016915978478943	0.00556143792499707	0.00163798825935161	0.000357892267002481	0.000102467080594071	5.94012061414907e-06	
0.043612554160814	0.139946340847101	0.22554086493798	0.234040118020408	0.176309706955623	0.103814853626452	0.0491107593290376	0.0187093561644854	0.00637666941651245	0.00192637845310027	0.000496458644548988	0.000105534622044845	1.04048218917453e-05	
0.0401895349462526	0.132858201330091	0.218378974288497	0.233100497738368	0.181302544859193	0.11032105021003	0.0531274461181785	0.0208521304755702	0.0069492163458953	0.00226013850630688	0.000494451979899257	0.000128467886016121	3.13700651899831e-05	5.97525051237773e-06	
0.037248471172831	0.125062263324351	0.211594781283195	0.231901626948167	0.184450972508117	0.116622957312865	0.0579003906836063	0.0237185757752159	0.0081197376238515	0.00254154389039254	0.000622633243514112	0.000145531143664744	6.00128427483481e-05	1.05022474809609e-05	
0.0339436320680137	0.118772596337003	0.205238359827797	0.229498223914736	0.188767973546193	0.12185044142382	0.0617135044217672	0.0266194449338278	0.00952716529564027	0.00293328876179979	0.000804094557906102	0.000225869257838793	9.0347703135517e-05	1.20463604180689e-05	3.01159010451723e-06	
0.0301038536972911	0.111756166171946	0.19858684198228	0.228583661095341	0.192431599624324	0.126100307988247	0.067629274411046	0.029410390193823	0.0107697897147302	0.00327133870114286	0.000954266081946281	0.000290953165585517	6.63312916360764e-05	4.22108219502304e-05	3.01505871073074e-06	
0.0279114664262036	0.105745241297714	0.190791394771442	0.224532375515737	0.195812977439946	0.131903163188576	0.0721056302547708	0.0332401841600007	0.0125380703747804	0.00382027605844342	0.00115137824969324	0.0003131869877615	8.62398951807028e-05	4.69023991333647e-05	1.51298061720531e-06	
0.0257128506590957	0.099478155837022	0.184486099582858	0.222188164349804	0.196627056686631	0.137609653282429	0.076561928592781	0.0359934386328563	0.0144262066223678	0.00490433362822056	0.00145218047097991	0.000415775808828104	9.40806574720527e-05	4.55228987767997e-05	0	4.55228987767997e-06	
0.0233112968730081	0.0932300108664639	0.17703230192986	0.220677241739363	0.197938103650282	0.143315910567181	0.0813922429231395	0.0390297279741633	0.01599919867417	0.00570337588859143	0.00172102933945255	0.000440122141482574	0.000151766255683646	4.40122141482574e-05	6.07065022734585e-06	1.51766255683646e-06	6.07065022734585e-06	
0.0214899756986634	0.0872979951397327	0.171161907654921	0.216746658566221	0.200078979343864	0.14697752126367	0.0862651883353584	0.0428068043742406	0.0180422235722965	0.00639884568651276	0.00197144592952612	0.000569562575941677	0.000145808019441069	3.79708383961118e-05	6.07533414337789e-06	0	3.03766707168894e-06	
0.0198959136292938	0.081859688653126	0.164008252714289	0.212727850478089	0.201823564023153	0.149740848351054	0.0918851857088775	0.0468981622962858	0.0201543810996423	0.00756549489678786	0.00242047183996911	0.000688739788634425	0.000288875408036514	3.49691283412622e-05	3.04079376880541e-06	1.5203968844027e-06	3.04079376880541e-06	
0.0194857800707799	0.0770126879899617	0.15770903509146	0.208943723312887	0.202220550523539	0.154205066668291	0.0958010245414842	0.0498702572317888	0.0222435752964896	0.00872108959560458	0.00263597103020631	0.000842109751417729	0.000251262403225905	5.17752830889743e-05	0	4.56840733138009e-06	1.52280244379336e-06	
0.0179917124848728	0.0734397135659851	0.150388486761689	0.205021098391845	0.204008314846617	0.157011817832582	0.100453854575215	0.053205300486956	0.0242733999310639	0.00968293953211526	0.00320689482387132	0.000945973236397649	0.000286980644749849	7.8957637708953e-05	3.03683221957512e-06	0	1.51841610978756e-06	
0.0168925396482407	0.068775355548319	0.144294944563983	0.199405314431625	0.205400864941855	0.162118772768636	0.104041061912428	0.0566549088950231	0.0263743353917042	0.0106519932922877	0.00382558730525874	0.00111541586903526	0.000348472351990553	8.67376596657709e-05	1.3695419947227e-05	
0.0152531337221744	0.0649419242624996	0.140629339744203	0.195378224595944	0.203379669469904	0.165231657916983	0.109259486917972	0.0596890789080274	0.0282236094226423	0.0116530906187916	0.00443023854079872	0.00135077502614281	0.000429516103818444	0.000127488878871906	1.97304217301759e-05	3.03544949695013e-06	
0.014049019206542	0.0609912692023729	0.135670743262398	0.192053291369715	0.201405659933992	0.167326896284067	0.113802058461021	0.0639187167137393	0.0303311457068399	0.012942319733058	0.00510749387146216	0.00174797875743422	0.00044722786942159	0.000168278961036598	2.88045068441024e-05	9.09616005603235e-06	
0.0125741036267544	0.0568739646729732	0.128919073075126	0.188086685315195	0.201555796921173	0.169100380454239	0.118192629988532	0.0681996080168444	0.0339481077407571	0.0142731018246027	0.00561882975431272	0.00180670254789051	0.000656844838989582	0.000142594491605129	4.24749549462085e-05	9.10177605990182e-06	
0.0115355130196008	0.0543661516083036	0.12261151071522	0.184051083467277	0.201583430231239	0.170575596243436	0.121158420138233	0.0725093709977637	0.0365495373849511	0.0164497111207547	0.00564452354203303	0.00205035465389681	0.00068798773416154	0.000181447314504142	2.72170971756213e-05	1.81447314504142e-05	
0.0103752562885942	0.0508443379645066	0.118228436681065	0.178004215277893	0.199993361767098	0.174507073489764	0.12462377060681	0.0764332171139679	0.0394854162549202	0.0173393660789316	0.00677854100692941	0.00233545103020849	0.000781501055328162	0.000206690433552043	4.52606788800094e-05	1.81042715520038e-05	
0.00927277034765721	0.0473296081292544	0.112691698871121	0.172319611041614	0.198545933033848	0.177128776069764	0.129062778692396	0.0804444893789432	0.0425370420390739	0.0189076993419276	0.00781055481195667	0.00272826180448564	0.000875216729315083	0.000265583007516301	5.43237969919706e-05	2.26349154133211e-05	3.01798872177615e-06	
0.00907255021522969	0.0444103672488635	0.107165065776366	0.167397682884863	0.195786569425913	0.179759051419671	0.133798607798982	0.0836648816387643	0.0450699421023081	0.0209630094725212	0.00853523065498651	0.00303374246092359	0.0009116320628845	0.000312430193736907	7.99942041935075e-05	2.86771675410687e-05	1.05652722519727e-05	
0.00827800345168024	0.0413056093572188	0.101726593764366	0.163309694096722	0.192691180127968	0.180400786802222	0.137654213989102	0.089015668216657	0.0484169750318414	0.0228519319612025	0.00918388110544205	0.00357678481260692	0.00104002592528393	0.000402444814566392	9.64661727799592e-05	1.80874073962423e-05	2.11019752956161e-05	1.0550987647808e-05	
0.00783309107796602	0.0389438068068732	0.0968257510418991	0.158005283378467	0.18934066331731	0.181038642244109	0.141953100969223	0.0923384980971394	0.0522789093080342	0.0250387508066802	0.0103481239784564	0.00408617455655205	0.00136457120799986	0.000452344046850781	0.0001161016386917	7.53906744751301e-06	2.41250158320416e-05	4.52344046850781e-06	
0.00698944674639302	0.037393690274697	0.0927205527880443	0.15435954350833	0.187171196390838	0.180393505551459	0.143396294421809	0.0964255302533111	0.054777198244078	0.0278496563096502	0.0117186620030307	0.00444687404728615	0.00165800369746839	0.000515122525572154	0.000145676049505828	2.55308540371038e-05	1.05127046035133e-05	3.0036298867181e-06	
0.00661517375118208	0.035172195022684	0.0883015717209926	0.148005721878404	0.185754557751469	0.179998264283748	0.145336309986952	0.100345347681921	0.0588183363458983	0.0302598187672823	0.0133216222363208	0.00530889764062294	0.00193173248422892	0.000625456373669783	0.000161601168316595	2.69335280527658e-05	1.6459378254468e-05	
0.00619991267305964	0.0327896155964115	0.0842915039289621	0.144944715444715	0.181689551226553	0.180246105923677	0.146970340349998	0.104217651145378	0.0622181943129455	0.0324715174631374	0.0148920942110641	0.00583680065300145	0.00228070359705969	0.00068571154201071	0.000213065730777945	4.05124981056656e-05	1.0503240249617e-05	1.50046289280243e-06	
0.00553215055974377	0.0305393921838487	0.0801066207205003	0.140095784549301	0.179404670960112	0.181150165018978	0.149944393332003	0.106464631607701	0.065582849432752	0.0345346674931373	0.0164613747529218	0.00658725143969491	0.00239386330515228	0.000843480362066197	0.000256646159988113	7.50427368386296e-05	2.70153852619067e-05	
0.00517964157361299	0.0284218927787139	0.0770858729259263	0.13427987800937	0.175156358739029	0.182519987313936	0.153920730140073	0.10995991264052	0.0678012977662608	0.036779062584079	0.0173877230770618	0.00749890650341126	0.00265144739868059	0.000859766390048354	0.000308133059370477	0.000169848954677385	1.80370571338816e-05	1.50308809449013e-06	
0.00470659796980912	0.0266601824220761	0.0730953033391852	0.130864803500288	0.171260844296826	0.181762610400287	0.156157874291978	0.114342024830843	0.0707645887975139	0.0385606783764495	0.0186923908493859	0.00855950398540142	0.00303685480009756	0.00100877179775179	0.000326721612107671	0.000153574213986094	4.21576273687317e-05	4.51688864664982e-06	
0.00420273057065013	0.0247828639381031	0.0688693872021435	0.126541026297172	0.171300407929794	0.179967787093764	0.157206508813391	0.116019147110623	0.0746436259088104	0.0411888669787606	0.0203453103126458	0.00938389053632984	0.00376318998088299	0.00118766275796667	0.000436530037782427	0.000138485391296494	1.5052759923532e-05	7.52637996176599e-06	
0.0039311195557383	0.0225489620187579	0.0648935961911819	0.121331519897339	0.167349717516677	0.180536289053263	0.159196786422726	0.11939307128882	0.078330192956217	0.0440059463831441	0.0222025415215089	0.010071799413495	0.00416457684736261	0.00135254611534598	0.000506075161198494	0.000135555846749597	4.51852822498656e-05	4.51852822498656e-06	
0.0037468788589682	0.021056191105918	0.0611230371155373	0.115978128613655	0.163792348637869	0.179359558466104	0.162163467780163	0.122849922556452	0.0810560703362529	0.0466986102430791	0.0240422210749104	0.011000606867567	0.0046269877932061	0.00177833331823713	0.000537425009586092	0.000138885114836855	3.7740520336102e-05	1.05673456941086e-05	3.01924162688816e-06	
0.00325219008051744	0.019711481684477	0.0583259396982186	0.112321682175636	0.158904611508635	0.179686530058533	0.163433149930808	0.12510333425186	0.0843222635727458	0.0491431962911709	0.0257964686181826	0.0119504358964265	0.00515838529065313	0.00198189795875109	0.000693437177317034	0.000174116321815412	2.72529895015428e-05	3.02810994461587e-06	1.05983848061555e-05	
0.00301135993922803	0.0188066237812693	0.0550670292404563	0.10811690129549	0.155681255873287	0.177397852098343	0.165048249855107	0.129347745490148	0.0873445706996191	0.0513308243711327	0.0273080409363362	0.012903450352662	0.00559447120368143	0.00211249169606147	0.00067339455927461	0.00019823525228084	4.53973860185131e-05	1.5132462006171e-06	1.05927234043197e-05	
0.00296650833217651	0.0169148313345364	0.0531225291671445	0.103364557619068	0.151577108091959	0.174984760053838	0.166112395357399	0.131834587736823	0.0911031910334796	0.0551520071461767	0.0290313429863052	0.0142108725699076	0.00613521000947593	0.0022905186410193	0.000878183036280125	0.000229353645214053	8.600761695527e-05	4.52671668185632e-06	1.50890556061877e-06	
0.00262252560552378	0.0165015054959672	0.0497690363616576	0.100082227892185	0.147304315755106	0.172355103570867	0.166431369940868	0.135071405250493	0.0943020907650822	0.0579993832908086	0.031334268474068	0.0150564712141916	0.00702867093123088	0.00268147574881797	0.00105959103715975	0.000263008331620252	0.00011638874445264	1.81385056289829e-05	0	3.02308427149715e-06	
0.00230511952021949	0.0159522161925921	0.0481252503915213	0.0954583530611502	0.144163297762562	0.169756346286921	0.166885190176154	0.137291947408675	0.0973749863422807	0.0603322164353959	0.0337163564846851	0.0163892632115672	0.00757244661349261	0.00297434776802515	0.00116849376600988	0.000371793471003144	0.000121401949715312	1.97278168287383e-05	1.21401949715312e-05	4.55257311432422e-06	1.51752437144141e-06	0	3.03504874288281e-06	
0.00203392298393641	0.0141403907376876	0.0454637147229633	0.0916160208215471	0.140578811103005	0.167958660249925	0.168594166387337	0.139636927305075	0.100355367751779	0.0631926675635544	0.0355504256677744	0.0173330886356639	0.00810990767718715	0.00339138836098569	0.00137414930905771	0.000438332395494125	0.000174422925542645	3.03344218335035e-05	9.10032655005104e-06	1.06170476417262e-05	3.03344218335035e-06	1.51672109167517e-06	3.03344218335035e-06	
0.00195964349679393	0.0125933678980013	0.0418634538640676	0.0881171168023479	0.135621001909513	0.167440143524897	0.166824906613113	0.143426155619999	0.1044292500338	0.0666582609607114	0.0372818377506331	0.019359454824141	0.00861179766149209	0.00366559671144477	0.00141732355233236	0.000422310769076522	0.000186849728764073	5.62068289778105e-05	3.49393801753957e-05	1.36719313729809e-05	7.59551742943385e-06	4.55731045766031e-06	3.03820697177354e-06	1.51910348588677e-06	
0.00188060938422565	0.011781509314253	0.0384151274458167	0.0843162641595922	0.132705148073324	0.164130601415542	0.166730669111408	0.144984510396476	0.106947326240952	0.0701411140068212	0.0404293071495031	0.0208885765502126	0.00985991812746555	0.00425148255465379	0.0015922189217536	0.000598030748494678	0.000188212722876498	9.25885168989222e-05	2.42855126292255e-05	2.42855126292255e-05	4.55353361797978e-06	7.58922269663297e-06	3.03568907865319e-06	3.03568907865319e-06	
0.00170684614779351	0.010856933608527	0.036211467342949	0.0803095323120502	0.128155698263496	0.162266897474231	0.167178619633573	0.145476857708347	0.110910196892572	0.073061488829842	0.0431720101442346	0.0225506455146867	0.0106496304859669	0.00469987955234631	0.00176434628397804	0.000629475175072783	0.000225461060302511	8.32238813197189e-05	3.63158754849683e-05	1.51316147854034e-05	1.51316147854034e-05	1.96710992210245e-05	3.02632295708069e-06	1.51316147854034e-06	
0.0017353415082493	0.0101714916826156	0.0342680777348271	0.075843652840922	0.124399930404787	0.159793635063884	0.166149493543531	0.146543311673084	0.113505253682116	0.0765910449116065	0.0460992639549749	0.0243371434190918	0.0121080541329722	0.00525746446483551	0.00213324457422103	0.000658128645238401	0.000254173821609314	7.41340313027165e-05	4.38752430158934e-05	9.07763648604692e-06	9.07763648604692e-06	1.51293941434115e-05	
0.00150574320482202	0.00967587853974753	0.0326517305432351	0.0731718412373479	0.120321467834262	0.156011979225899	0.16584555896736	0.148352856438834	0.11492626710641	0.0800606543083513	0.0484764395920998	0.0263194207513552	0.013069487092005	0.00603055460783199	0.00236703438341105	0.000803669585655256	0.000247166306531711	0.000107661397323629	3.032715417567e-05	9.09814625270101e-06	1.2130861670268e-05	3.032715417567e-06	
0.00126754077332146	0.00893357873571167	0.0308602103144991	0.0705552102157099	0.116843245937866	0.150799356198715	0.165822906012004	0.150524266414577	0.11777642343765	0.0825497327373561	0.0507031507659199	0.0283494460968407	0.014251474618028	0.00665230931034535	0.00265362852544277	0.000942296498152643	0.000305486445368841	0.000141344474722896	5.92734893999243e-05	7.5991653076826e-06	1.51983306153652e-06	
0.00122511112093096	0.00842187707137491	0.0294499037739213	0.0669056953953193	0.113150592670361	0.149308132208385	0.162956540554378	0.151929016695948	0.121615135303162	0.085026368840731	0.0529601518893987	0.0305607321410341	0.014827806365397	0.00698648568341849	0.00300182700029104	0.00113063737777459	0.000358085961963652	0.000120377834021823	5.94270319854571e-05	4.57131015272747e-06	1.52377005090916e-06	
0.00114858610882853	0.00785529036928876	0.0281098121634047	0.0647530692603533	0.109667062765954	0.146915160420211	0.161727644573694	0.15178290500643	0.12386554211126	0.0879493155831977	0.0558393079157744	0.0319297774003464	0.0160252200183896	0.00736500294783403	0.00315555704898903	0.00126313924468244	0.00041850078965295	0.000178702891932099	3.97117537626887e-05	7.63687572359397e-06	3.05475028943759e-06	
0.00106572968080096	0.0075166816511012	0.0264230625737754	0.0613566723546357	0.106767154119496	0.143720604514902	0.162097943157006	0.153396267958386	0.125135318618007	0.0901940637174853	0.0582909793704091	0.0332088707852455	0.0170348556295603	0.00816804584625359	0.00350452285279169	0.00129355424671107	0.000522926184840645	0.000215592374451845	6.42190051558687e-05	2.14063350519562e-05	1.52902393228259e-06	
0.000944110783826173	0.00708159596036877	0.0249386021957844	0.0592433342259286	0.102820856126391	0.142019050533644	0.160281550055468	0.15403695344478	0.127635515091236	0.092839600627367	0.0602195784399985	0.0343567575838721	0.0183451283424506	0.00861941012203053	0.00412991086798516	0.00154240465169657	0.00055391913086722	0.000241765808500057	9.94606174209097e-05	3.82540836234268e-05	1.22413067594966e-05	
0.000798564419824591	0.00636403828825728	0.023490338441392	0.0562528970907472	0.0985553939049035	0.139970596919255	0.159491060514967	0.154834297882886	0.128685137675872	0.0960541432795909	0.0623492174221667	0.0361618117927465	0.0197055714401543	0.00969444967131884	0.00453590709727953	0.00197499361301446	0.000645582730203022	0.000273837224422609	9.48486475653729e-05	4.74243237826865e-05	1.9887619650804e-05	
0.000743651420282404	0.00597216356658894	0.0217648102923805	0.0533975382995783	0.0953143839934387	0.135185423208045	0.158772638524204	0.156180569581903	0.131750243293366	0.0988765661054088	0.0651735492676717	0.0378175820005753	0.020640152280225	0.0102152610736735	0.00480160114577404	0.00214220573743902	0.000846171266288414	0.000273896305001132	9.18088173188153e-05	2.90727921509582e-05	1.07110286871951e-05	
0.000786088686771294	0.00553025673779336	0.020716200489463	0.0512324089626393	0.091238488867326	0.131915507748808	0.155568793507399	0.155435219843826	0.134877158289397	0.101710971157301	0.0686246211574542	0.0404636080856591	0.0220995323386445	0.0111879458212938	0.00493915489324854	0.00216174388862106	0.000962651575401565	0.000366943742457694	0.000121291027841665	5.68071902549568e-05	4.60598839905055e-06	
0.000750976500757916	0.00515043431731302	0.0191676343006589	0.0487147815922861	0.0890809250426761	0.12826586110173	0.154375787407342	0.155464472026511	0.136329220696111	0.104906945221893	0.0711638902124785	0.0422659443722253	0.0230659271013078	0.0118660455304562	0.00542491854140934	0.0024441432314195	0.00100541412421799	0.000351586534235739	0.000143410296859315	5.55136633003798e-05	6.16818481115331e-06	
0.000651670020245009	0.00477325126203157	0.0179502661500663	0.0459195728009611	0.0857579215741383	0.125852614478502	0.151449965795045	0.155551471894028	0.138313101192618	0.106691662793194	0.0737468092104755	0.0456107244501341	0.0250877515376787	0.0126411629993499	0.00572604842433293	0.00257888372940561	0.00107942498614043	0.000440108899928502	0.000114273889805997	5.25042196405932e-05	1.08096922789457e-05	
0.000664343011111523	0.00446654801191491	0.016987096295747	0.0439424277256603	0.0834306673093799	0.123045595560335	0.149030677197276	0.155348115737822	0.138861594176029	0.108759130853943	0.0762495828543884	0.0474402709283498	0.0268471825676394	0.0138585042085357	0.00647811685021074	0.00280260051664256	0.00120199735498783	0.000400150790413685	0.000118963748501366	5.71643986305264e-05	4.63495124031295e-06	4.63495124031295e-06	
0.000561625729536436	0.00410833067907475	0.0163763907930309	0.0421865551416451	0.0800370519111431	0.12152811436854	0.14773834088066	0.154613255290437	0.139283180925036	0.110207893841966	0.0787045371665443	0.0496338661853611	0.0279781935346877	0.0149484766094424	0.006973391250025	0.00313741058225971	0.00130635683390804	0.00049392290186629	0.00011078644527842	5.23158213814762e-05	6.15480251546779e-06	1.23096050309356e-05	1.53870062886695e-06	
0.000484963819550488	0.00394723716418941	0.0158380589169653	0.0401461030241177	0.0778643175592201	0.117574567023995	0.146532738894559	0.153906951403863	0.140159147936985	0.112310561007988	0.0807127126512634	0.051780630606435	0.0299403770747167	0.0157628588310223	0.00745094729087854	0.00335637934606619	0.00145949554554593	0.000540212862284088	0.000138122606834	4.45061733131777e-05	2.14857388408444e-05	1.38122606834e-05	7.67347815744442e-06	6.13878252595554e-06	
0.000411957487212472	0.00361113663511899	0.0146911084566143	0.0383120463107599	0.0740298324604123	0.1141887959815	0.144535820392661	0.153375294802291	0.141454562161169	0.11477840056357	0.0836687187969004	0.0540414714080064	0.031391466813685	0.0169591717969923	0.00847346013660449	0.00369536586112898	0.00152990903243591	0.000598793224907348	0.000156206928236699	3.67545713498116e-05	2.45030475665411e-05	2.29716070936323e-05	9.18864283745291e-06	3.06288094581764e-06	
0.00035616384145534	0.00320547457309806	0.0133926736793399	0.0370958339485024	0.0710927380628036	0.110203789644156	0.14054925334969	0.153030208477613	0.142951076177966	0.117521891138674	0.0864914969688022	0.056678756957752	0.0337579394856324	0.018143046966443	0.0087914630266925	0.00403195733339828	0.00163926691131368	0.000748857307675331	0.000217655680889375	3.50075570661232e-05	1.82648123823251e-05	2.89192862720148e-05	1.06544738896897e-05	7.61033849263548e-06	
0.000347149057315977	0.0029348496723307	0.0123124220241064	0.0344496171506794	0.0688992343013587	0.10687491567613	0.137756022429771	0.151149305929276	0.144330631432301	0.120297001935849	0.0893052319455961	0.0593579409967877	0.0359564562902954	0.0191250327820889	0.0094791399798987	0.00434770085756429	0.00190401404361951	0.00076403111304477	0.000277416058903161	6.67011289166069e-05	1.06115432367329e-05	2.27390212215705e-05	1.81912169772564e-05	6.06373899241881e-06	7.57967374052351e-06	
0.000331790007088241	0.00290617883481382	0.0119052287088844	0.032124813368121	0.0669009305201562	0.102993650745773	0.135029484066539	0.150404934622287	0.145259173239628	0.121460780913026	0.0922104755154056	0.0610403124858612	0.0380668707677922	0.0207248103518482	0.010446860814092	0.00477475982927896	0.00214306181851087	0.00088225979157555	0.00026995641485816	6.03254558342256e-05	3.61952735005354e-05	7.54068197927821e-06	1.50813639585564e-06	1.50813639585564e-05	1.50813639585564e-06	1.50813639585564e-06	
0.000307436342592593	0.00268253279320988	0.0111249758873457	0.0308566623263889	0.062938548900463	0.101172176408179	0.132841133777006	0.148350091628086	0.145467122395833	0.124452944155093	0.0927387755594136	0.0640010127314815	0.0402153862847222	0.0225513599537037	0.0111882716049383	0.00536054446373457	0.00231782889660494	0.000910252700617284	0.000393337673611111	0.000102478780864198	1.6577449845679e-05	0	4.52112268518518e-06	3.01408179012346e-06	3.01408179012346e-06	
0.000254648464575234	0.00268661664105114	0.0103773016303529	0.029014857005093	0.0601738842178224	0.0982144471566766	0.130286592532321	0.147390229937016	0.144385679414158	0.127422174004761	0.0950351083386071	0.0665822861103577	0.0418512491335925	0.0237847693095862	0.0122939456950848	0.00588102341560438	0.0026655215019739	0.00107434529729078	0.000418889190248019	0.000149172769189043	4.36970738028509e-05	9.040773890245e-06	1.50679564837417e-06	0	3.01359129674833e-06	
0.00026395452139012	0.00237106575785868	0.0101599866061934	0.0271134084371932	0.0576672755217627	0.0945424763157379	0.127639356674957	0.146021149544565	0.145185544945422	0.127986268331642	0.0989346795516695	0.068880063590415	0.0442040866193157	0.0252883514607243	0.0129744959599875	0.00604832931871076	0.00289143324288492	0.00107542613572089	0.000493217877111825	0.00019758881315489	4.52493465240206e-05	1.35748039572062e-05	1.50831155080069e-06	0	0	1.50831155080069e-06	
0.000170789288337661	0.00225804598917226	0.00914705108866836	0.0264738511019688	0.0546722205932585	0.0916790854158039	0.125682779300943	0.144342642609056	0.145571418639308	0.129227034886357	0.102314874991309	0.0709833533343208	0.0448329438934517	0.0271660767131072	0.0135089792846196	0.0064642989930989	0.00318151727390068	0.00145699888457969	0.000516902093906903	0.000273565143266519	4.68536985705088e-05	1.81369155756808e-05	1.05798674191471e-05	
