# <P(N_2)> as a function of N_tot.
# number_of_species: 2
# species_total_upper_bound: 100
# species_total_lower_bound: 0
# volume: 512
# Bin widths for each species index 
1	1	1	1	1	1	1	1	1	1	1	1	1	1	1	1	1	1	1	1	1	1	1	1	1	1	1	1	1	1	1	1	1	1	1	1	1	1	1	1	1	1	1	1	1	1	1	1	1	1	1	1	1	1	1	1	1	1	1	1	1	1	1	1	1	1	1	1	1	1	1	1	1	1	1	1	1	1	1	1	1	1	1	1	1	1	1	1	1	1	1	1	1	1	1	1	1	1	1	1	1	
# Bin lower bound for each species index 
0	0	0	0	0	0	0	0	0	0	0	0	0	0	0	0	0	0	0	0	0	0	0	0	0	0	0	0	0	0	0	0	0	0	0	0	0	0	0	0	0	0	0	0	0	0	0	0	0	0	0	0	0	0	0	0	0	0	0	0	0	0	0	0	0	0	0	0	0	0	0	0	0	0	0	0	0	0	0	0	0	0	0	0	0	0	0	0	0	0	0	0	0	0	0	0	0	0	0	0	0	
# Bin upper bound for each species index 
0	1	2	3	4	5	6	7	6	6	7	7	7	7	7	8	8	9	9	9	10	10	10	10	10	11	11	11	12	12	12	12	12	12	12	12	12	13	12	13	14	14	14	14	15	16	16	16	16	16	14	15	15	15	15	15	16	16	17	17	17	16	17	17	17	17	17	17	18	18	18	19	20	22	22	23	23	23	21	21	20	20	20	20	20	20	20	21	21	22	23	22	23	23	23	24	25	24	24	25	22	
# Normalized histogram for each species index 
1	
0.920238747102774	0.079761252897226	
0.847536526101377	0.146180124943893	0.00628334895473069	
0.780285622952566	0.201895728770215	0.0173493949569271	0.000469253320291688	
0.719177901163535	0.246736049130212	0.0322061224365321	0.00184875327750478	3.11739922159897e-05	
0.661366348751272	0.284498328154952	0.0498037399292044	0.00414225389730916	0.000183919859625872	5.40940763605505e-06	
0.609049232017245	0.314633683799913	0.0680443721870046	0.00775912626987614	0.000496038776059751	1.417253645885e-05	3.37441344258334e-06	
0.560189416696481	0.338540829896246	0.0872599383011901	0.0128541437433762	0.00109221744442719	5.6703501441214e-05	2.02512505147193e-06	4.72529178676783e-06	
0.517159566682094	0.354913573204464	0.107317755701693	0.0184127821248291	0.00202075104131911	0.000168171691188342	7.39955441228703e-06	
0.47527569257637	0.368726204057106	0.126619063044285	0.0257406964024994	0.00333386315668754	0.000290396851105554	1.40839119473825e-05	
0.436851503822257	0.377120633498084	0.146323878570616	0.0340251071770143	0.0051585417237943	0.000495589189333797	2.40772075789699e-05	6.68811321638053e-07	
0.402543622980244	0.381458485667285	0.164281169951505	0.0433329743102241	0.00743378532335829	0.000899118743213961	4.88360626894488e-05	2.00696148038831e-06	
0.37147397031711	0.382952325819247	0.181122848017241	0.0524510911490121	0.0104328632183247	0.00145994574670476	0.00010428183905034	2.67389330898308e-06	
0.341250157438746	0.383638697505902	0.196844659543736	0.0623571327121537	0.0135631805038576	0.00213982704516281	0.000188256543422276	1.80887070192223e-05	
0.314174460370084	0.379946985140669	0.212334647405541	0.0732716639000222	0.0169536123337077	0.0029360217107193	0.000352403154578791	3.02059846781821e-05	
0.287788200863738	0.375441958916372	0.226297067575308	0.0843450680910531	0.0214235492499206	0.00408230693656408	0.000543277893021935	7.11835063786466e-05	7.3869676430671e-06	
0.264793178985712	0.367947770303945	0.238231066768809	0.096013161000984	0.0266159184351538	0.00545796826374732	0.000803057807383155	0.000118373680150281	1.95047541156713e-05	
0.245151946486422	0.358984000817987	0.247739772470429	0.106992175307552	0.0324752989419983	0.00728385228874945	0.0011698022839061	0.000170862438247355	2.7580157354888e-05	4.70880735327356e-06	
0.225641594556616	0.34999092321036	0.257108470997976	0.117954562263415	0.0381359635852647	0.00924353362782473	0.0016560098432741	0.00022389414446215	3.96689325023028e-05	5.37883830539699e-06	
0.207166317340514	0.34003304594031	0.264358783726555	0.129049236837754	0.0451181950302025	0.0115452405376082	0.00230299819981635	0.000354927918710751	5.71380172166929e-05	1.41164513123594e-05	
0.191056300643296	0.32919227076413	0.27093839339601	0.139295261304771	0.0513559938987507	0.0143582552903173	0.00316029639637397	0.000548358859494312	8.67954513800813e-05	6.05549660791265e-06	2.01849886930422e-06	
0.174834434416681	0.319893935912784	0.274725333784784	0.150270668993789	0.0583016578727795	0.0169515778611708	0.00412486379216061	0.000758464368297936	0.000122939751460161	1.41078403314939e-05	2.01540576164199e-06	
0.160967344735347	0.306659441841845	0.279054141031007	0.160860185486594	0.0656643570141794	0.0204498936158024	0.00512072938380736	0.00102104567208057	0.000175228960225048	2.42624714157759e-05	3.36978769663554e-06	
0.148036860323949	0.294825325775143	0.281095003321418	0.170628563112997	0.0732706059262713	0.0241035204331182	0.00640770838358128	0.00133260931371294	0.000250622176289795	3.90755006043228e-05	1.01057329149111e-05	
0.138187092213017	0.28340694082847	0.281296102970067	0.178700082425118	0.0808177272638433	0.0277320422086697	0.00774445652327751	0.00171859404180295	0.000327543805614209	5.93083434033958e-05	1.01093767164879e-05	
0.126672779489997	0.272787433974103	0.281963401153358	0.187032870562986	0.0876065873076783	0.0321953249019457	0.00906623257542403	0.00216843655791496	0.000414702551901775	7.2707590268493e-05	1.54840238534754e-05	4.03931057047183e-06	
0.11656975259356	0.261028176321782	0.281059549060565	0.194503587568115	0.0961794886270461	0.0362419652722331	0.0109858352218808	0.00276158062686334	0.000557827189169281	8.53542807524081e-05	1.88182666225782e-05	8.06497140967635e-06	
0.107032026027263	0.249300591029066	0.27964428334542	0.200659662969998	0.104327555305924	0.0413727048862782	0.013421815661667	0.00343169519039876	0.000682987773245378	0.000105229715799337	1.60860712049942e-05	5.36202373499806e-06	
0.0985999641927716	0.237904834579322	0.278354932780981	0.205999521229194	0.111939162580239	0.046185289666396	0.0155204889094821	0.00439409676936993	0.000943460118190675	0.000141485490361217	1.27403996059864e-05	3.35273673841747e-06	6.70547347683494e-07	
0.0904873538818393	0.227106788475579	0.274708499832358	0.212133420511787	0.119347259132155	0.0517536186977707	0.0177513446518093	0.00520795340548087	0.00123272297261575	0.000226869211572605	3.27923049175742e-05	8.03076855124266e-06	3.34615356301778e-06	
0.0835103606947803	0.216336011408158	0.270747283779928	0.216928070202403	0.126897712153844	0.0570889017042072	0.0203672234647735	0.00614311116872807	0.00159307919354375	0.000321422437959121	4.54401783393352e-05	1.47012341686085e-05	6.6823791675493e-06	
0.0770087021515135	0.205929341732956	0.267097992632534	0.220805082483583	0.134074528855907	0.0623131439859057	0.0232548982969409	0.00718728311355507	0.0018365276813838	0.000395067001227911	7.54097485451925e-05	1.93529443169078e-05	2.66937162991832e-06	
0.0705785966743538	0.194252190712435	0.262284061209638	0.225889466336904	0.141101059788256	0.0684796024674709	0.0260880722198351	0.00847483111483256	0.00229078387175887	0.000459760590364674	8.21955706611264e-05	1.80429301451253e-05	1.33651334408336e-06	
0.0645330941857466	0.185465235166991	0.256126263510524	0.228755047025379	0.147566267894303	0.0746545435591202	0.029424107840949	0.00989023179228375	0.00280334610598854	0.000649547655547284	0.000100238835732606	3.14081685295497e-05	6.68258904884037e-07	
0.0593542857066445	0.17546932897223	0.249860595354783	0.231376274867181	0.155101541407526	0.0799119577761048	0.0331709508800879	0.0113903958557038	0.00333635098144882	0.000785613708056586	0.00019857640110026	4.34594817222792e-05	6.68607411111988e-07	
0.0548680715896806	0.16564856460288	0.243382892682211	0.23277523456164	0.161624647990711	0.0861918934429511	0.0370847625021688	0.0129519398881578	0.00408530970144274	0.00105502689284237	0.000248908938033019	7.00681997143887e-05	1.26790075673656e-05	
0.0507810052067014	0.157683051220341	0.236956246374976	0.232919552797019	0.167531783545224	0.0916992779951866	0.0409329395529304	0.0150127667517783	0.00471803145354302	0.00132200881339209	0.000350002333348889	8.33338888925926e-05	1.00000666671111e-05	
0.0465414042436864	0.148816361226161	0.230589900476036	0.233434677546481	0.172160560627939	0.0986419964122685	0.0451725589757472	0.017060680817609	0.0054348079126972	0.00164155010751887	0.000389768380472471	9.9104929505799e-05	1.5298076366667e-05	1.33026751014495e-06	
0.0428444650383706	0.139799914916904	0.224675961895023	0.233624333499106	0.177241137343956	0.104190176031466	0.049697715339124	0.0189512942550269	0.006406530760069	0.00193134633014238	0.000503308454183951	0.000109849067381418	2.39670692468548e-05	
0.0396672974836816	0.132096023179852	0.218580768634495	0.232722028878589	0.18118882277784	0.110149070614084	0.054105923799443	0.0215166070598047	0.00712275271438423	0.00215306400654339	0.000524567115188256	0.000142334771382291	2.47248194419942e-05	6.01414526967427e-06	
0.0365754889873267	0.124630021566178	0.211592189054127	0.23161553568058	0.184904210558726	0.115709709331823	0.0587380505834649	0.0245675050836476	0.00834066262116752	0.00243104780034351	0.000659970575754047	0.000182730189838595	4.28378467020882e-05	9.3707789660818e-06	6.69341354720128e-07	
0.0332926753827989	0.118173431486198	0.204316959879075	0.23017017167786	0.188840266701811	0.121193192057041	0.0627297936261602	0.027319722109408	0.00984464807786961	0.00297672679739968	0.000848572220085476	0.00021785847805681	6.79126737152401e-05	6.72402710051883e-06	1.34480542010377e-06	
0.0301540491772373	0.111324095769034	0.19755864372088	0.227898521451079	0.19274124047292	0.126521639600334	0.0678873448062266	0.0299601411219736	0.0112217554065336	0.00332808165683661	0.00101734399827637	0.000300288168915461	6.32894347041556e-05	2.22186313323099e-05	1.34658371710969e-06	
0.02812546454586	0.105305620498128	0.190147573550279	0.224978715353325	0.19496398502642	0.132062786329176	0.0725982134410855	0.033270943416625	0.0128390340148925	0.00407921942781464	0.00117234482479019	0.00033785153452167	8.98685081827642e-05	2.77038258307769e-05	6.7570306904334e-07	
0.0263165743646753	0.0993736569890797	0.18427906157006	0.221629169688794	0.197068931624221	0.136773926777519	0.076718206652522	0.0363814456050921	0.0145821329555391	0.00492668939758546	0.00138419093971787	0.000425018471695939	0.000101001199812911	3.66044616771622e-05	1.35572080285786e-06	2.03358120428679e-06	
0.0238002145019617	0.0934475081117039	0.177027247179571	0.219681233793562	0.199003516203044	0.141612022970716	0.0814442227019102	0.0394439240282925	0.0164066848586052	0.00586690017513135	0.00165831738144694	0.000442579997013264	0.000118790643370124	4.07282205840427e-05	2.71521470560285e-06	6.78803676400711e-07	2.71521470560285e-06	
0.0218408100737715	0.0876715268195695	0.171311562238568	0.215552036592388	0.200729158744473	0.146317945263524	0.085746433654567	0.0429951054421399	0.0182520561488902	0.00676600645364566	0.00204800034767115	0.000590090285850871	0.00012766049912539	4.68541193598505e-05	3.39522604056888e-06	0	1.35809041622755e-06	
0.0200191434885305	0.0821315438904215	0.164720955462518	0.212611605247408	0.201519522893724	0.149376274166277	0.0911985467796074	0.0465958488927958	0.0204348927781223	0.00779461985094165	0.00260318836228067	0.000728240585690208	0.000221461222887134	3.94010764645822e-05	2.71731561824705e-06	6.79328904561761e-07	1.35865780912352e-06	
0.0189451787071157	0.0771446316438225	0.157688511330713	0.209402386752388	0.203007963777635	0.1537974369248	0.0953129559852819	0.0496343274393533	0.0223423859768944	0.00869097318355871	0.00275980574559312	0.000947599064237421	0.000260538723333045	5.91824254046343e-05	3.40128881635829e-06	2.04077328981498e-06	6.80257763271659e-07	
0.017643647333985	0.0728426693095834	0.149956027020919	0.205556659796172	0.20398084792973	0.157826917997882	0.100237290719932	0.0532712901372556	0.0243798176278552	0.00969719907098573	0.00319654968674358	0.00102104440590191	0.000307674714311775	7.55572860367413e-05	6.12626643541145e-06	0	6.80696270601273e-07	
0.0163942578204295	0.0687949842440195	0.144254755063644	0.200026702742617	0.204909489963992	0.161769574404604	0.104932922983023	0.0566036836160963	0.0262953895535056	0.0105782369922903	0.00383579448152402	0.00111170601915241	0.000379424174428854	9.26421682627005e-05	2.04357724108898e-05	
0.0150035022466793	0.0647980303010707	0.139217198515783	0.195496839128774	0.203614972053501	0.16548643109151	0.109508344468594	0.060425157090569	0.02859725660747	0.0116639449660565	0.00434019918900356	0.00126884116817795	0.000419997318007402	0.000125931124524099	2.9270477592088e-05	4.08425268726809e-06	
0.0136011435512666	0.0606894708894083	0.134593584633768	0.191449404877543	0.201951044608452	0.167748118791364	0.113983622459031	0.0647589755754736	0.0308450732067765	0.0131669267196043	0.0050149658250222	0.00159644555691206	0.000432171854433068	0.000137695133431356	2.45397267501426e-05	6.81659076392851e-06	
0.0123350304645616	0.0566641526505156	0.12797432297	0.188025243719899	0.201284124022072	0.169840526894182	0.11781333736666	0.0691143236921836	0.0340836547390567	0.0146473802793488	0.00564393219378227	0.00182181007800263	0.000573658969961935	0.000139667563945602	3.20213439289916e-05	6.81305189978546e-06	
0.0113191957388479	0.0533909944639325	0.122056879792333	0.183610408950271	0.201107485737854	0.1723796922834	0.120994450320362	0.0724248846709327	0.0372850809311265	0.0164230769754314	0.0060322308840965	0.0021194140779732	0.00064453600894047	0.000173555102724203	2.58631133471361e-05	1.22509484275908e-05	
0.0105207148261653	0.0502806068292789	0.116639631155795	0.178379257412538	0.19916961063421	0.175213244860078	0.125113630796531	0.0762728010059387	0.0400041641944597	0.0178774583716639	0.00703762472170661	0.00246109335960677	0.000776363705643164	0.000199364211878569	4.21862837422228e-05	1.22476307638711e-05	
0.00936942113985432	0.0469887261917569	0.111703163447751	0.173120839046949	0.197966384197332	0.17728298361696	0.129310403523082	0.0796383775193809	0.0425344893559944	0.0197083979590308	0.00820173294460324	0.00288211319562556	0.000944363572485862	0.000277113175199528	5.37885524343065e-05	1.63408260559918e-05	1.36173550466599e-06	
0.00895356525398396	0.0440698717193583	0.106627027387737	0.167852281494263	0.196312484806721	0.179073347873486	0.133331108957855	0.0831587312071481	0.0452553730584096	0.0215603267652973	0.00901961558706149	0.00336652419314752	0.000998926171389038	0.000305057208440552	8.71592024115862e-05	2.38325944094181e-05	4.76651888188362e-06	
0.00807441081013436	0.0411548747078875	0.101617738675285	0.163274217111331	0.193551217282721	0.1806873859095	0.136932404014353	0.0881968872166951	0.0482329064886379	0.0230200962508944	0.00981144292006388	0.00370462564713628	0.0012004156906913	0.00037814794562287	0.000116981019149521	2.44843993568764e-05	1.7003055108942e-05	4.76085543050375e-06	
0.00771696182091755	0.0390455841036703	0.0964100326620154	0.157767864545742	0.190422404266858	0.181251078879515	0.14145656550005	0.0919157773981028	0.0517875759293315	0.0252427224054902	0.010708601269238	0.00420678059634343	0.00145844122128481	0.000444464379645978	0.000129805346349208	1.90290560093079e-05	1.42717920069809e-05	2.03882742956871e-06	
0.00691158967240271	0.0370346521634218	0.0921463952911449	0.153001190227662	0.188053259298823	0.181607322475782	0.143744391153816	0.0963162589436526	0.0547091262536025	0.0275643441411789	0.0117592595102986	0.00469855247711048	0.00171484964903196	0.00055308984727671	0.000142339298931506	3.59237278255706e-05	6.10025566849313e-06	1.35561237077625e-06	
0.006373967347016	0.0344490197482847	0.088481451099582	0.148265521384177	0.18491329971904	0.18084282592508	0.146594491886756	0.100142844980087	0.0587590190320327	0.0298582496692402	0.0132857994251064	0.00524958680366451	0.00191833916020125	0.000646653954319338	0.000185820101815902	2.29741216790569e-05	1.0135641917231e-05	
0.00601397722874795	0.0321279037331372	0.0837154545841379	0.144681270689088	0.182256470732856	0.181352077706205	0.14821103764747	0.103703283439746	0.0622153509065206	0.0321826130947195	0.0145304011817222	0.00576339484421678	0.00223903127957092	0.000721353063825562	0.00023031965801921	4.59288467604291e-05	9.45593903891186e-06	6.75424217065133e-07	
0.00544208386940894	0.0302356792520637	0.0794892115983186	0.139641124313818	0.179838503910842	0.182320976691963	0.150957085300824	0.106359881398983	0.0651046760230894	0.0342693591254224	0.0162639867511213	0.00645591817314909	0.00241344000476462	0.000862232912526674	0.000253796971897569	7.30935279064998e-05	1.8273381976625e-05	6.76791925060184e-07	
0.00518933510584182	0.0281075984996982	0.0762325603478096	0.134267517651607	0.176122004652835	0.182362636244633	0.154349315300773	0.110175871728264	0.0673758961454723	0.0367899509621058	0.0174942517821171	0.00739163167997178	0.00273065784029789	0.000984827417812354	0.000293684760270488	0.000116659997151326	1.424337174522e-05	1.35651159478286e-06	
0.00472256701224133	0.0261924227074331	0.0727961127603693	0.130200934871353	0.17275768036743	0.182006578321958	0.156176750982538	0.114043033415811	0.0706816521311645	0.0385464678865443	0.0187436002596563	0.00850197865712059	0.00310107311932511	0.001033464700594	0.000343582876807205	0.000118828070042018	2.91977543531815e-05	4.07410525858346e-06	
0.00425097425250583	0.0244269353164406	0.068353215458707	0.126099075949152	0.170603951466059	0.181164338103909	0.157742797338461	0.116499157633205	0.074611575310995	0.0412266221942379	0.020354985279853	0.00923438217926246	0.00364310875891292	0.00121709238806732	0.000412504467096642	0.000124568180657897	2.72280176301414e-05	7.48770484828889e-06	
0.00382455843734405	0.0226460217774857	0.0645832253912503	0.121023072790687	0.166943680138748	0.180326907711564	0.160440567316319	0.11959755555495	0.0783161853131502	0.0440410516240398	0.0221306267367313	0.0100065719685091	0.00407475682353037	0.00135938850696329	0.000486761982934698	0.00013566615490757	4.97669814485055e-05	1.36347894379467e-05	
0.00368861593070418	0.0212299884747791	0.061157279393573	0.116429267109092	0.16333030492422	0.179193670738548	0.162228900019561	0.123375069945346	0.0812102095327412	0.0464941450378506	0.023924886366502	0.0107168878223194	0.00458827835282715	0.00170799547715164	0.000494132769726632	0.000150625299461498	5.92959323671959e-05	1.56759361430518e-05	4.77093708701576e-06	
0.00328876189514051	0.01985612178658	0.0578618679048102	0.112009714748711	0.159435326818154	0.179113290270439	0.163279724284619	0.126089683949845	0.084397903328967	0.0491600960826327	0.0257551421887809	0.011844457535176	0.00508263201976261	0.00194472449963788	0.000638230048143706	0.000175427938366773	4.64167307740877e-05	1.22867816754938e-05	8.19118778366254e-06	
0.00312894406508532	0.0185112676835906	0.054751396203311	0.10794959523258	0.155074403816232	0.177530505325491	0.164863030968961	0.12980573760466	0.0876944827675746	0.0518376994368721	0.0272359581887247	0.0129660872756047	0.00554586373274349	0.00211147350100756	0.00072227426879126	0.000210464025343149	4.03161606988499e-05	1.16165208793296e-05	8.88322184889913e-06	
0.00292038821175509	0.0170413963835211	0.0522143036944514	0.103244352790536	0.151439967637651	0.175029555201886	0.166111490475823	0.132344544413299	0.0913479150365543	0.0552820415566945	0.0291438507784632	0.0141592099330037	0.00615594095372061	0.0023807883342736	0.000879322682773257	0.000231257090349212	6.0031339087701e-05	4.09304584688871e-06	6.82174307814784e-06	2.72869723125914e-06	
0.00265831106731257	0.0161431486217753	0.0495265266232644	0.0990346778244045	0.147547153374884	0.172425433217591	0.166920973434584	0.135162118863119	0.0946014370941244	0.0581554887385885	0.0315635306399955	0.0152876706362116	0.00675875248578627	0.00279986987478851	0.00102970421014949	0.000280395330192724	8.57519699133088e-05	1.02085678468225e-05	3.40285594894083e-06	4.76399832851716e-06	6.80571189788165e-07	
0.00244839374046208	0.0153364000221031	0.0473995111398845	0.0951428479819682	0.143562921126793	0.170770858588718	0.166673602304178	0.137751993882086	0.0973245039256845	0.0609008096958848	0.033846365851013	0.0166339327315929	0.0074181759637182	0.00301938999590001	0.00122658454871853	0.000397036822777634	0.000118701730521148	1.5008264778536e-05	6.82193853569818e-06	2.72877541427927e-06	1.36438770713964e-06	6.82193853569818e-07	1.36438770713964e-06	
0.00213030126596275	0.0139640190000212	0.0446653392953556	0.0909490522855518	0.139939838271842	0.168616655665912	0.168253528375463	0.140128227618015	0.100741202865975	0.0633165671365707	0.0361516425025477	0.0177952849422989	0.00805910510965147	0.00327428874489694	0.00136104476908995	0.000466877944863353	0.000144704860103846	2.7985373888008e-05	4.09542056897678e-06	5.46056075863571e-06	2.04771028448839e-06	1.36514018965893e-06	1.36514018965893e-06	
0.00198393869861541	0.0128382543797188	0.0418074459827289	0.0871990895455442	0.135810366591728	0.166919153473975	0.167379296172828	0.143167188138969	0.104190916892357	0.0665827850648876	0.0380061484349345	0.0195949788464072	0.00876660592874069	0.00362174631663962	0.00142548658042291	0.000475162193474303	0.000167945258038331	3.34525107474725e-05	1.63849032232518e-05	6.14433870871943e-06	3.41352150484413e-06	2.04811290290648e-06	1.36540860193765e-06	6.82704300968826e-07	
0.00189247699432052	0.0119221954371642	0.0395399342002407	0.0835891795647986	0.131616586345628	0.164086357575745	0.167312853346004	0.144766980236177	0.107313413169646	0.0699404060906081	0.0406097435256737	0.0209872421653705	0.00981602966246048	0.00418570579082941	0.00157296789138329	0.000580987706409366	0.000171360651361634	6.21267700155727e-05	1.43369469266706e-05	1.09233881346062e-05	2.04813527523866e-06	3.41355879206443e-06	1.36542351682577e-06	1.36542351682577e-06	
0.00174923815805972	0.0112027562596423	0.0370304246144453	0.0807613785659382	0.128021473312363	0.161251546852598	0.167227713056799	0.145430720083734	0.110520233104554	0.0729916810676145	0.0429779706384208	0.0228511696113652	0.0105894666833845	0.00464737212230902	0.00179761989129783	0.000616015307707823	0.000215332784552735	7.35947491509346e-05	1.9761553012751e-05	6.81432862508654e-06	6.81432862508654e-06	8.8586272126125e-06	1.36286572501731e-06	6.81432862508654e-07	
0.00166188709392661	0.0103332840265929	0.034965749993013	0.0765722317616753	0.124803767125856	0.159337344675247	0.166221429072936	0.14698566537174	0.112933339786381	0.0763132009595046	0.0455798779419594	0.0242077917828613	0.0118506591993085	0.00502587922211687	0.00209883115758821	0.000728012886100748	0.000261075782187815	7.49826006283542e-05	2.86297202399171e-05	5.45328004569849e-06	4.08996003427386e-06	6.81660005712311e-06	
0.00150388355410535	0.00968995025038569	0.0329203112302027	0.0731369141319337	0.120824488464654	0.156510335105378	0.166536680361287	0.148563088392735	0.115311158556681	0.0789996035588272	0.0477783259265021	0.0260791422132062	0.0128184920360359	0.00576784377624888	0.00229813058540237	0.000839963999593324	0.000273619466967443	0.000112586563714783	2.45643411741346e-05	4.09405686235576e-06	5.45874248314101e-06	1.36468562078525e-06	
0.00130795419290206	0.00904292467851251	0.0310451196361236	0.0702236095982244	0.116649149829775	0.152322677902954	0.165754151080326	0.150962788224859	0.118242065829594	0.0821236693240323	0.0500883586609939	0.0279091730367362	0.013941260966246	0.00634296281009243	0.00258925728156003	0.000973106985732776	0.000304779294688777	0.000136672329456851	3.62181673060654e-05	3.41680823642126e-06	6.83361647284252e-07	
0.00120245333311446	0.00845137280088864	0.0293985476169468	0.066802506957882	0.112787113092856	0.150182180571829	0.163476198195499	0.152218416961295	0.121477882177357	0.085301683776661	0.0527362653222171	0.0298424567257018	0.0147618588369034	0.00682963397676215	0.00292610657512153	0.00109506700017989	0.000339258733347424	0.000119014152424298	4.6511277958921e-05	4.78792567224186e-06	6.83989381748838e-07	
0.00115683606703086	0.00805272765809067	0.0277797909217085	0.0640225350571923	0.109858403812363	0.146870320864755	0.162156008778827	0.152205304216435	0.123950335359392	0.0882962648963155	0.0557927267008977	0.0316441156562583	0.0158545340179542	0.007360130178243	0.00316283903432904	0.00123546263187042	0.000410909264944175	0.000145630072268069	3.55528814926741e-05	8.20451111369401e-06	1.367418518949e-06	
0.0010656407369862	0.00758039439636917	0.0261922197296551	0.0616377531921405	0.106528552340721	0.144105367277179	0.162099667465442	0.153369610658593	0.12539175959145	0.0904606027154712	0.0579633419586477	0.0329023408574856	0.0170987521073729	0.00807837650999926	0.00350910029865265	0.0012869661208218	0.000493200392374384	0.000165994037876697	5.1915830776251e-05	1.50282668036516e-05	3.41551518264809e-06	
0.000933110024951294	0.007112827699354	0.0248890863724921	0.0588071230816557	0.102337218443449	0.141378131729159	0.160382814369211	0.154407492224083	0.128235294117647	0.0934217452233654	0.0603370133643231	0.0347780018457121	0.0181980380763578	0.00851761971494001	0.00388898383292887	0.00157432409337936	0.000506545442116417	0.000180469631199371	7.92972621936631e-05	2.39258980756742e-05	1.09375534060225e-05	
0.00083439200954999	0.00635821770033622	0.0236114457501451	0.0561137182534033	0.0987368441227042	0.138525501319695	0.159425001916569	0.154499419553385	0.12968601123657	0.0963233361443012	0.0632214513355748	0.0367666385569878	0.0194627583261234	0.00931726335848602	0.00426710400946238	0.0018563339867921	0.00064273510825877	0.000237517659814476	7.94007162492197e-05	2.53260905277683e-05	9.582845064561e-06	
0.000794020206445254	0.00585863702324563	0.0221031952468308	0.0533745858773923	0.0953193877830408	0.135266133669195	0.157830682035977	0.155492429428032	0.131816937272404	0.0988828957095529	0.0655491060427676	0.0389918681378857	0.0209265394409003	0.0101312871341347	0.00451222517317855	0.00199121101771486	0.000778961202529913	0.000278591572433809	7.25570188648249e-05	1.91660049831613e-05	9.58300249158065e-06	
0.000769565798904638	0.00547681185762347	0.0208612689605032	0.0512008175779254	0.0915124848676066	0.131459945883475	0.155922810218352	0.155494816405058	0.133912679659663	0.101672536720703	0.068444715751064	0.0411703984663555	0.0224964248112952	0.0111566464215533	0.00492673006553655	0.00213722551638757	0.000893025552739606	0.000325110685098751	0.000119344428707136	3.70379261504906e-05	8.91653777696995e-06	6.85887521305381e-07	
0.000782138598264423	0.00515481662430083	0.0193689463436398	0.0489408080813644	0.0890054446760872	0.128202568388932	0.153925702341183	0.15534264004825	0.135706554817175	0.104323243561815	0.0710272729526008	0.043040343480021	0.0238380146898848	0.0119964638522529	0.00545982313753246	0.00237464438856866	0.000969411220384074	0.000340120129879071	0.000146650987174579	4.54411509555035e-05	7.57352515925058e-06	1.3770045744092e-06	
0.000659325214745736	0.00487845542906432	0.018340539751041	0.0460714689242182	0.0855062818467169	0.125240788048645	0.151551791132386	0.155747497044404	0.137320838534906	0.106676339525617	0.0735343965210777	0.0455919596771304	0.025577271261688	0.0130693827834134	0.00582300597181919	0.00268414946358348	0.00108647425669177	0.000416125840863558	0.000148813214613458	6.06276059536309e-05	9.64530094716855e-06	2.06685020296469e-06	2.75580027061959e-06	
0.000604084604945219	0.00461683382432447	0.0172239967782154	0.0435637405801419	0.0825623669083005	0.122784333520903	0.149106147871084	0.155356630587093	0.138545011199011	0.108571105447243	0.0763429159356967	0.0476633786810544	0.0272031158628756	0.0144001081283859	0.00667734158639789	0.00287353943927708	0.00121782353006079	0.000433754813368199	0.000159296282810897	7.58553727670937e-05	9.65432017035738e-06	3.44797148941335e-06	4.82716008517869e-06	6.8959429788267e-07	
0.000488387872275206	0.00426047812414971	0.0163117416297276	0.0420185780266788	0.0791656764585335	0.120135150494415	0.147457317724209	0.154164557092818	0.139844253176415	0.111219488673741	0.0786869323524245	0.049827962099999	0.0286454297158878	0.0152922577778696	0.00729688678562941	0.00316108878120017	0.0012764213361438	0.000491832074477428	0.000161188663064031	7.09505653657915e-05	1.44656492493361e-05	7.57724484489035e-06	1.37768088088916e-06	
0.00047390067785706	0.00391656868356866	0.0156531873609036	0.0397918143301228	0.0766575674981282	0.116423895890634	0.145853265747382	0.15388478014246	0.140348992031167	0.113309789837448	0.0812477915057436	0.0517674497737606	0.0305838139499002	0.0163323531579488	0.00801153893045852	0.00347435322545205	0.00143272297956785	0.000534515880838777	0.000182534418069943	6.68144851048471e-05	3.65068836139886e-05	7.57690037271462e-06	5.5104729983379e-06	2.75523649916895e-06	
0.00042875301692783	0.0036261631560076	0.0146477996987029	0.0379924723908521	0.0731047981110092	0.113334631750709	0.143743062012276	0.153139153408931	0.141869762313917	0.115346261074112	0.0836481307263131	0.0545445411069536	0.0318199430026888	0.0175079883637945	0.00879253377892448	0.00396407283708555	0.00156085367960244	0.000607686860268497	0.000179622050430439	7.77674011442131e-05	4.12924253863078e-05	1.72051772442949e-05	4.12924253863078e-06	1.37641417954359e-06	
0.000419080098573135	0.00329836648073709	0.0135967446407556	0.0361810398545174	0.0703340068385628	0.109851886100899	0.140580762574636	0.152775306426559	0.142589598981567	0.117890666811398	0.0864095072098952	0.0569729088761852	0.0341941879773477	0.0185219663238225	0.00916617487731602	0.00431858606496841	0.00177868586099319	0.000737855780110733	0.000228089496272592	7.35107713890582e-05	4.19080098573135e-05	3.09157449767067e-05	4.80911588526549e-06	3.43508277518963e-06	
0.000397307624333311	0.00298117720879064	0.0125836914810395	0.0340951592861067	0.0676155925432209	0.106410627019933	0.13799521312814	0.151823573494375	0.143836320218985	0.12055751849878	0.0888208594722933	0.0594248903636461	0.0361577338669129	0.0197037181143506	0.00983130866281324	0.00459712321879457	0.00196530271415908	0.000783655038340186	0.000253454863798836	8.97367220476961e-05	3.4250657270113e-05	2.74005258160904e-05	8.22015774482712e-06	2.74005258160904e-06	3.4250657270113e-06	
0.000366148480039785	0.00286087655672876	0.0121819512025177	0.0323652030518749	0.0652222473455943	0.102951935497754	0.134949623843917	0.150495905763218	0.145128005098754	0.121624141754111	0.091740004522207	0.0613729065153253	0.038389575151634	0.0210419246840774	0.0106722718351895	0.00512607872055698	0.00221533492680788	0.000869602640094488	0.000266414005999097	9.22202328458412e-05	4.78178985126584e-05	1.09298053743219e-05	6.8311283589512e-07	6.8311283589512e-06	6.8311283589512e-07	6.8311283589512e-07	
0.000326061725731035	0.00269426369612409	0.0113985461322885	0.031122898042064	0.0624193780049243	0.100217351793374	0.132504269774895	0.148413903707642	0.145539931669987	0.123907540058283	0.0934435726018296	0.0640864451579834	0.040343161246713	0.0227092802340565	0.0114366660835222	0.0054783815630133	0.00247643540336014	0.000946872360108288	0.000371669524528487	0.000101426298818213	4.6288512212339e-05	1.08914146381974e-05	2.04214024466202e-06	1.36142682977468e-06	1.36142682977468e-06	
0.000250164510357355	0.00252339853925679	0.010493993332572	0.0295411656578511	0.0600136502808912	0.0970359584291844	0.129726613697051	0.147348935985077	0.145195345852436	0.126529538446478	0.0962338004883646	0.0664390713458307	0.0419079938437777	0.0239838426356463	0.012463359056771	0.0058639105063656	0.00268586951201605	0.00116516839878398	0.000397679996084382	0.000144116511401519	4.4186666231598e-05	9.5171281114211e-06	1.35958973020301e-06	0	1.35958973020301e-06	
0.000270311491438547	0.00238990764470857	0.0101853642328192	0.0275601970754612	0.058050924778508	0.0944871435224651	0.127155342635135	0.145389452813282	0.145411922030455	0.127663964005676	0.098811446500113	0.0692235727961783	0.0436822008393955	0.0252608471848114	0.013199643760775	0.00640168423804842	0.00289308193229821	0.00123444517374833	0.000488194809474656	0.000172944883691161	5.65134856156157e-05	7.48973905749124e-06	2.72354147545136e-06	0	0	6.8088536886284e-07	
0.000203820092980136	0.0021206833085659	0.00943571146164229	0.026615904783978	0.0553381777529346	0.0914075174849009	0.125350038855335	0.144233731884552	0.144777024908315	0.12924647916127	0.101702136361777	0.0710759519557185	0.0454525624071221	0.0267563293296432	0.0138324994205783	0.00696533013401682	0.00316841402064104	0.00145809758824251	0.000553518112039701	0.00023176866760283	5.38521315900694e-05	1.56784686907797e-05	4.77170786241121e-06	
