# <P(N_2)> as a function of N_tot.
# number_of_species: 2
# species_total_upper_bound: 100
# species_total_lower_bound: 0
# volume: 512
# Bin widths for each species index 
1	1	1	1	1	1	1	1	1	1	1	1	1	1	1	1	1	1	1	1	1	1	1	1	1	1	1	1	1	1	1	1	1	1	1	1	1	1	1	1	1	1	1	1	1	1	1	1	1	1	1	1	1	1	1	1	1	1	1	1	1	1	1	1	1	1	1	1	1	1	1	1	1	1	1	1	1	1	1	1	1	1	1	1	1	1	1	1	1	1	1	1	1	1	1	1	1	1	1	1	1	
# Bin lower bound for each species index 
0	0	0	0	0	0	0	0	0	0	0	0	0	0	0	0	0	0	0	0	0	0	0	0	0	0	0	0	0	0	0	0	0	0	0	0	0	0	0	0	0	0	0	0	0	0	0	0	0	0	0	0	0	0	0	0	0	0	0	0	0	0	0	0	0	0	0	0	0	0	0	0	0	0	0	0	0	0	0	0	0	0	0	0	0	0	0	0	0	0	0	0	0	0	0	0	0	0	0	0	0	
# Bin upper bound for each species index 
0	1	2	3	4	5	6	7	6	6	7	7	7	7	7	8	8	9	9	9	10	10	10	10	10	11	11	11	12	12	12	12	12	12	12	12	12	13	12	13	14	14	14	14	15	16	16	16	16	16	14	15	15	15	15	15	16	16	17	17	17	16	17	17	17	17	17	17	18	18	18	19	20	22	22	23	23	23	21	21	20	20	20	20	20	20	20	20	20	22	22	22	23	23	23	24	25	24	24	25	22	
# Normalized histogram for each species index 
1	
0.920178957798779	0.0798210422012208	
0.847559014502143	0.146142113783445	0.00629887171441226	
0.780390199329927	0.201712717550817	0.017435600035688	0.000461483083568433	
0.719181037939549	0.246668555764409	0.0322646182940531	0.00185065383913289	3.51341628560103e-05	
0.661465874043789	0.284378770752735	0.0498035106304222	0.00415493543593622	0.000190803427440128	6.10570967808409e-06	
0.608793724385675	0.314961889999954	0.0679403530109262	0.00777898181297218	0.000506761648278458	1.44789042365274e-05	3.81023795698089e-06	
0.560239738627612	0.338581297614269	0.087129207633061	0.0128652315764536	0.00112434613102289	5.25608963689562e-05	2.28525636386766e-06	5.33226484902454e-06	
0.517019970047585	0.355087166384677	0.107289761906388	0.0184086660093227	0.00203199731597217	0.000154088701958293	8.34963409626217e-06	
0.475444084265269	0.368615495983384	0.126544044208902	0.0257784299873016	0.00331203303855179	0.000291525541802112	1.43869747902341e-05	
0.43726801752547	0.376518584991743	0.146401773662024	0.0340917146153672	0.00520032879108946	0.000494694850196445	2.41314561071437e-05	7.5410800334824e-07	
0.402833707426343	0.381007887242813	0.164334522841036	0.0433885060833781	0.00750271993389222	0.000882140721802221	4.82538514490104e-05	2.26189928667236e-06	
0.371528008104832	0.382956334010746	0.180895602043093	0.0526384424731799	0.0104295440428881	0.00145030664487689	9.87474898538839e-05	3.01519052988958e-06	
0.341813289971034	0.383328313150689	0.196449938210233	0.0624337090543712	0.0136450829009559	0.00212810449227081	0.000184199182729364	1.73630377162925e-05	
0.314553674504743	0.379758336498119	0.212227216950943	0.0731806772085535	0.0169445877634022	0.00295951546256046	0.000346487239737396	2.9504371942704e-05	
0.288084493097429	0.375571303351293	0.226251265988546	0.0840639102809624	0.0213064547627662	0.00412837161702881	0.000532888452216407	5.97985621095116e-05	1.51388764834207e-06	
0.265283259822802	0.368119986153812	0.23799687779073	0.0957575977924875	0.0264425826321239	0.00548015139912393	0.000798352394564841	0.000109830263009395	1.13617513457994e-05	
0.245497221254751	0.359125187394945	0.247454457349668	0.106893862531611	0.032375789330224	0.00732013871011706	0.00115995578236443	0.000149158804912398	2.19573875251753e-05	2.27145388191468e-06	
0.22567919223988	0.350295972711134	0.256928245551321	0.11781955661652	0.0381008064271822	0.00930026840514029	0.00163512047937279	0.000204484728777515	3.02940338929651e-05	6.05880677859302e-06	
0.207556368437309	0.34001008363665	0.264130717845917	0.128887347912717	0.0451136755915431	0.0116272203683404	0.00227184636534863	0.000339149340778469	4.99639653825423e-05	1.36265360134206e-05	
0.191253470799849	0.329198787576827	0.270896922071599	0.139264353229178	0.0513205129855428	0.0143163158448686	0.00311662114653193	0.000536852379225252	8.78348039353021e-05	6.05757268519325e-06	2.27158975694747e-06	
0.174723162697015	0.319666751851253	0.274966770450727	0.150475798756708	0.0582072828284508	0.0169383752527185	0.00411229848678908	0.000760612663671597	0.000130801183712909	1.5877600335093e-05	2.268228619299e-06	
0.160780227996184	0.306488352236968	0.278873728573227	0.161037281031003	0.065980736946028	0.0204338205966967	0.0051638087525421	0.00102517906511555	0.000186534060664516	2.65393988750328e-05	3.79134269643326e-06	
0.148176627989079	0.294709281712036	0.280980960202186	0.170331643398496	0.0734417093695927	0.0242277866500198	0.0064524095965672	0.0013515438206265	0.000273490649801662	4.31827341792099e-05	1.13638774155815e-05	
0.138047217093515	0.283715297920261	0.281172990501752	0.178343206200292	0.0808638544015922	0.0278464831035386	0.00786623388622398	0.00173198006140312	0.000342306509730744	5.90705923871638e-05	1.13597293052238e-05	
0.126577487933017	0.272691491688787	0.282111951025116	0.186753832028805	0.087674003362179	0.0323047729772239	0.00916008347165801	0.00220184125095465	0.000426895313007364	7.72044715013318e-05	1.58950382502742e-05	4.54143950007834e-06	
0.116450997054201	0.26120148947102	0.281191001730553	0.194342522339417	0.0960354676313975	0.0362583737343393	0.0110408817571581	0.00279370402627837	0.000572058570928074	8.32360354524976e-05	2.11873544788176e-05	9.0802947766361e-06	
0.107091290181122	0.249169941739307	0.279676233879057	0.2007944708572	0.104254864681068	0.0412700665027809	0.0134884939093838	0.00343873192608991	0.000695143130800879	0.000100384404339323	1.43406291913319e-05	6.03815965950818e-06	
0.0988658168782083	0.237743827488868	0.278268369261834	0.205906565525089	0.112029916900015	0.046053222322076	0.015577191381989	0.00442852820291095	0.00096508563154253	0.000144121466477422	1.28275650791423e-05	3.77281325857127e-06	7.54562651714253e-07	
0.0905673292088982	0.227555990146486	0.274569284868087	0.211922751462043	0.119188401436657	0.0516677635908911	0.0177393331954343	0.00523966227270163	0.00126516105981684	0.000241448692152918	3.00870644427312e-05	9.02611933281935e-06	3.76088305534139e-06	
0.0836370918385715	0.216498061945734	0.270627827579172	0.216642815998848	0.126872052417468	0.057156850391811	0.0203525698719564	0.00620417371686407	0.00159754473125248	0.000345759681271076	4.6501302036457e-05	1.12503150088202e-05	7.50021000588017e-06	
0.0770517582220092	0.206208440663751	0.266992901216079	0.220682321931348	0.133796351764213	0.0624595638890553	0.0232994368897142	0.00715344755286647	0.00185257293476307	0.000411100461271192	7.41328700652968e-05	1.49763373869287e-05	2.99526747738573e-06	
0.0702776342016169	0.194209658870544	0.262504566722155	0.225908524523017	0.14093560978025	0.0686234867927019	0.0261820402351665	0.00849729147427669	0.00229780204694178	0.000465861923327079	8.02692846956481e-05	1.65039650776099e-05	7.5018023080045e-07	
0.0642213808249427	0.184918303791088	0.256563748844912	0.22912741368344	0.147415453574472	0.0747589316788076	0.0294862409543125	0.00988125097507411	0.0028374656473892	0.000649549365751797	0.000107258151619523	3.22524511862902e-05	7.50057004332329e-07	
0.0592001092615689	0.175250753799766	0.250046151006092	0.231466431334057	0.155047119051586	0.0798840146422509	0.0331626871742227	0.011476216848194	0.00339266176490452	0.000808205423756287	0.000218373053215487	4.65262175235745e-05	7.5042286328346e-07	
0.0548286851753904	0.165376829683082	0.243783684973112	0.232780488974329	0.161492335146847	0.0860170183563906	0.0370888691438529	0.0130222341424969	0.00415794497128396	0.00109754763656414	0.000263711104485037	7.79146445069426e-05	1.27360476597887e-05	
0.050771509136194	0.157802227391379	0.236968862893515	0.233452007868421	0.16743057165723	0.0911465306397206	0.0408724074226434	0.0150113314235709	0.00472479225723453	0.00136276262350504	0.000364998990269187	8.22743625606773e-05	9.72333375717096e-06	
0.046441213545099	0.148866079711383	0.230701487936867	0.233869613533456	0.172160945258223	0.0982566726546355	0.0451090335239184	0.0170250367748855	0.00540857625405904	0.00164861942116965	0.000400027166023961	9.70215141476026e-05	1.41800674523419e-05	1.49263867919389e-06	
0.0427479136103528	0.13970346997968	0.224732208983489	0.233911800292509	0.177287256264027	0.104215975612764	0.0495337712254228	0.0189002576084934	0.00639200883058299	0.00193337154737732	0.000504455274248044	0.000112848513202155	2.46622578521266e-05	
0.0397156945893408	0.132081929193843	0.218383782282699	0.232896267553307	0.181352026839391	0.110154086327372	0.0540022666376457	0.0213882029766506	0.00714966563342015	0.00216906715101661	0.000532885009419305	0.00014035140388931	2.70195216043591e-05	6.75488040108979e-06	
0.0367992776931324	0.124232266802099	0.211650207851325	0.231667889321521	0.18493237778154	0.116006997347779	0.0585948874217031	0.0244011812726897	0.00835693997705171	0.00244982412580178	0.000661362225608036	0.000189605552734044	4.58965822094314e-05	1.0533641818558e-05	7.52402987039859e-07	
0.0335889129168778	0.118301799430328	0.204156749770945	0.229868292546598	0.188769101432943	0.121390356962926	0.0627281578404721	0.0272169218811725	0.00986540717370171	0.0029533528863926	0.000858813870032834	0.000220557299955662	7.2511989026519e-05	7.55333219026239e-06	1.51066643805248e-06	
0.0302502215219541	0.111544998442542	0.197661091067449	0.227717764397415	0.192478384598403	0.126513985368966	0.0679558286735598	0.0299478024719733	0.0112136983732879	0.00330468416866515	0.00102142034131014	0.000297126716606132	6.65321909957752e-05	2.49495716234157e-05	1.51209524990398e-06	
0.0282170166466371	0.105550521842314	0.190338808918139	0.224730738464688	0.194959378565986	0.131851526099698	0.0723505081944218	0.0334115559734169	0.012860105316233	0.0040723793204108	0.00120101449330306	0.000329065839705509	9.62934600059899e-05	3.03286488207842e-05	7.58216220519606e-07	
0.0263991504106171	0.0994968296237283	0.184499098793653	0.221624543220275	0.196991316339012	0.136535612284381	0.0765953176799885	0.0363804573156594	0.0146397569213484	0.00487966557680627	0.0014055930287451	0.000411263292888642	9.88248208420027e-05	3.87697374072472e-05	1.52038185910773e-06	2.2805727886616e-06	
0.0237381233348338	0.0932683183493716	0.177188134892152	0.219906111996496	0.19883529604983	0.141683597124053	0.0812661954524994	0.0394690020559861	0.0165087166510541	0.00586153724497865	0.00165528169442451	0.000445565031204759	0.00012697843039453	4.02985437779048e-05	3.04139953040791e-06	7.60349882601978e-07	3.04139953040791e-06	
0.0218271515487315	0.0874227689179048	0.171237995789679	0.215839849487866	0.200946941732868	0.146202110640422	0.0857293551937189	0.0430203194425206	0.0182310257748985	0.00673179523165139	0.00202981321456351	0.000589840735390596	0.000134712013115014	5.17537677504007e-05	3.04433927943534e-06	0	1.52216963971767e-06	
0.0200780712384827	0.0819375003806125	0.164370558251984	0.212724333014634	0.20184338251862	0.149490131478786	0.0911095006972821	0.0466136143573129	0.0204891327515544	0.00775764422169309	0.00258892630732786	0.000722402547972401	0.000225322607165259	4.41510514040034e-05	3.04490009682782e-06	7.61225024206956e-07	1.52245004841391e-06	
0.0189709458789806	0.0769091782357112	0.157425153809208	0.209099711059778	0.203355975878447	0.154128643200756	0.0953891544496032	0.0497099162149593	0.0223292088831965	0.00870708780275827	0.00271329353734495	0.000933147313770784	0.000257682836645854	6.40395215332891e-05	3.8118762817434e-06	2.28712576904604e-06	7.6237525634868e-07	
0.0176020044205285	0.072577082680058	0.149799763943472	0.205231848862786	0.204154564382625	0.158028172667645	0.100375142194685	0.0535338669401077	0.0243983572174627	0.00970700456167416	0.00319141712500849	0.00100327839335074	0.000310520384862169	7.93467322497927e-05	6.86654413700129e-06	0	7.62949348555699e-07	
0.0164245113891342	0.0686451918703103	0.144103604998299	0.199573409171703	0.205020469479261	0.162090753758472	0.105021616228799	0.0567878016429098	0.0263194309064291	0.0105202802655872	0.00388136493775061	0.0011131115519726	0.000375369348913837	0.000100149459689842	2.29349907686662e-05	
0.0148901910531933	0.0646482780134383	0.139447881655285	0.195357012878582	0.20344779602235	0.165535343464525	0.10965908917141	0.0605386617407341	0.0286059875771079	0.0115925584979983	0.00441544818137056	0.00126461494233539	0.000429693831676234	0.000133036880269866	2.981861109497e-05	4.58747862999538e-06	
0.0135520203939063	0.0605428774527227	0.134522109739806	0.191627958280735	0.202179568100205	0.16747990023654	0.114249230938929	0.064619513928891	0.0308390425649259	0.0131161680536321	0.00502340887085902	0.00163157378696702	0.000437384334440454	0.000146305442868874	2.52779037417426e-05	7.65997083083108e-06	
0.0123226182462058	0.056654175560166	0.127989039073192	0.188133984923365	0.201433835045404	0.169745789516814	0.117840685165145	0.0690901404502772	0.033985612634781	0.0145581510405299	0.00565737607114493	0.00180052675555188	0.000601962581822109	0.000146278439094177	3.21659394866776e-05	7.65855702063751e-06	
0.0113408444108079	0.0536279606146707	0.122056411900693	0.18362678979875	0.201172958590613	0.172148202338418	0.121206996428629	0.072346475805816	0.0372219981772003	0.016324847086084	0.00595891737024031	0.00208068528697617	0.00066881902935534	0.000176770246889111	2.75486099047966e-05	1.37743049523983e-05	
0.0105260178312685	0.0503480111571658	0.116872535654122	0.178634761946292	0.199315759114159	0.175008530060238	0.125117240514037	0.0762181920556451	0.0399811191133021	0.0176468968176373	0.00686459466530798	0.00243049339704485	0.000783388491839448	0.000196612150783924	4.20765303234079e-05	1.37705008331153e-05	
0.00936539341385077	0.046862926017906	0.112016715555535	0.173296119646898	0.198162880265882	0.177002186610112	0.129551676069549	0.0796613126087376	0.0424193180653167	0.0195417758824096	0.00800048353309677	0.00283234101936734	0.000928811992844934	0.000286141421189461	5.27907969574139e-05	1.7596932319138e-05	1.53016802775113e-06	
0.00895616206432195	0.0441147569440462	0.106609069490549	0.167964744288267	0.196529334260149	0.178966477862328	0.133400321020905	0.0830937911742957	0.0452564534913509	0.0214742950042938	0.00893704457357672	0.00329126720669755	0.000984168423564066	0.000303585753034137	9.02345563174513e-05	2.29409888942673e-05	5.35289740866236e-06	
0.00813931825192488	0.0411982359211173	0.101556701881053	0.163326950153166	0.193905895431903	0.180595132290645	0.136878747064195	0.0880779603143334	0.0483144128543199	0.0229901381393488	0.0096404345449159	0.00366040259847353	0.0011766125165306	0.000378714995586749	0.000113003668037981	2.29061489266179e-05	1.90884574388482e-05	5.3447680828775e-06	
0.00775400722853157	0.0390529845720653	0.0965532915444179	0.157609139158003	0.190512762041896	0.181530865402729	0.141253804741178	0.0918651945213252	0.051759733311572	0.0252518126622091	0.0106292513764183	0.0041687226823206	0.0014330460885621	0.000461411859276247	0.000129652919135474	1.60159488343821e-05	1.60159488343821e-05	2.28799269062602e-06	
0.00693778576354803	0.0370849133575188	0.0923324692783988	0.152994752558137	0.187919401847896	0.181958715460297	0.143618400492124	0.0962134927918961	0.0545951424854215	0.0275253076342257	0.0117563684447848	0.00462012125156925	0.00171695750264045	0.000549000583218071	0.000140671894591888	2.81343789183776e-05	6.8434975747405e-06	1.52077723883122e-06	
0.00640040516187142	0.0345555160468817	0.0885556176406144	0.148426169029226	0.185023415839069	0.180858072797217	0.146610370597257	0.0999485207876699	0.0585725777286826	0.0297510422834632	0.0132807269865555	0.00524951496574244	0.00192345746217339	0.000636098072827543	0.000175893626812861	2.12285411670694e-05	1.13724327680729e-05	
0.00609023468907869	0.0322860567076778	0.0837409166072485	0.145065005992384	0.182179862554425	0.181385681994023	0.148262967064642	0.103522611769346	0.0618702307447244	0.0320380175068647	0.0145721134153557	0.00577696193698136	0.0022156651546642	0.000720603182790479	0.000223766251498096	3.86850129708573e-05	9.86088565923813e-06	7.58529666095241e-07	
0.00548394984107024	0.0303477623024388	0.079514235337534	0.139798197935508	0.179980925391857	0.182376641502156	0.150892907313502	0.106265765786288	0.0648491116487235	0.0340563764015509	0.016293147568519	0.00651361419782616	0.00242381167165553	0.000858812970126066	0.000258934768181245	6.83405546519415e-05	1.6705468914919e-05	7.59339496132684e-07	
0.00522882277354947	0.0281574805544362	0.0761939158005186	0.134216588985789	0.175768888618548	0.182979904349876	0.154379148577033	0.109993841287703	0.0673268907626919	0.0367340576790018	0.0173842960439778	0.00747485192478768	0.00274328814409866	0.000988435306909163	0.000296530592072749	0.000117851901977631	1.36860273264346e-05	1.52066970293717e-06	
0.00474139342296321	0.0263178934111611	0.0729247171496512	0.130247074795538	0.172322658408759	0.182168644975699	0.15643552595812	0.113882528875139	0.0705688682255067	0.0384230279283073	0.0188384157182484	0.00850359430667305	0.0030852940661389	0.00104239081355976	0.000342641246239512	0.000123350848646224	2.7411299699161e-05	4.56854994986016e-06	
0.00429856485614228	0.0245546171042291	0.0686099475840601	0.126208732938116	0.170557043344244	0.180853304035341	0.15765219315312	0.116499195068171	0.0745588134312985	0.0411430794936941	0.0203781272173774	0.00926854204338239	0.00362638955648638	0.00120091251039545	0.000424210518284541	0.000129704654871173	2.82298366484317e-05	8.39265413872294e-06	
0.0038844752331296	0.022669238499296	0.0648013244021711	0.121111324921425	0.167126358840904	0.1803131099321	0.159999602923703	0.119630688499754	0.0783225359124966	0.0438692947008641	0.0221446396227164	0.0100063226764164	0.00408224977320835	0.00134700497567144	0.000486418463436909	0.000139740312101969	5.03981453482512e-05	1.52721652570458e-05	
0.00370749539614512	0.0213402214427497	0.0612598771186505	0.116368058172586	0.16349139266038	0.179235279488701	0.162073237528397	0.12327193334442	0.0810621745452215	0.0465016042927609	0.0238996138407059	0.0107372423252557	0.00460309202064602	0.0017171959129059	0.000498147015161062	0.000151808967866848	5.87401533957149e-05	1.75457601052135e-05	5.34001394506499e-06	
0.0032779196096136	0.0199112035946349	0.0580980885550111	0.112013793082375	0.159689151468762	0.179091593828253	0.16308471256518	0.125840487310761	0.084364988060153	0.0492077533378862	0.0256450802177437	0.0118382475390776	0.00508073719961316	0.00197240466838087	0.000632513968016794	0.00018104566475843	4.73621570254121e-05	1.3750303652539e-05	9.16686910169266e-06	
0.00313665066241109	0.0186280669090998	0.0549403012224072	0.108072289709126	0.155033391878031	0.177485207145816	0.164841539526843	0.129659691746115	0.0877153963384342	0.0518495080258208	0.0271422697305568	0.0128935908077181	0.00550901022774346	0.00211173630122852	0.000711555011380294	0.000203301431822941	4.35645925334874e-05	1.29929486503384e-05	9.93578426202345e-06	
0.00293012818167405	0.017073866061737	0.0524495993560426	0.103331229495201	0.151409266644714	0.175021038381325	0.166033228446331	0.132325320454185	0.0914902796580196	0.0552775846718622	0.0290161965045797	0.0140438817947874	0.00607750051833693	0.00235157269523008	0.000873550181113022	0.0002218177161465	5.86940348566341e-05	4.5735611576598e-06	7.622601929433e-06	3.0490407717732e-06	
0.00266846387810165	0.0161809814202884	0.049542098588799	0.0990811579248894	0.147604347043149	0.172361339793771	0.167109511113407	0.135264221233283	0.0945640685868159	0.0581515416989271	0.0313392543041517	0.0152281756961598	0.00674334194708205	0.00276344052524365	0.00102498797595647	0.000272772930591826	8.13000099535526e-05	9.11775812563207e-06	3.79906588568003e-06	5.31869223995204e-06	7.59813177136006e-07	
0.0024454199037373	0.01536272204946	0.0472613582517305	0.0953218583972368	0.143587286254302	0.17081524662174	0.16682867890951	0.137598673835835	0.0973010487118503	0.0609023827988707	0.0338001215853634	0.0165915265057616	0.00744138991268099	0.00300839975073477	0.00121356819521917	0.000387001031494875	0.000107415640631452	1.14271958118566e-05	7.6181305412377e-06	3.04725221649508e-06	1.52362610824754e-06	7.6181305412377e-07	1.52362610824754e-06	
0.00209656227803571	0.0139709849803528	0.0445292756609773	0.0909676347485192	0.140056609467834	0.168766023344928	0.168248551230501	0.140497108557876	0.100468087441356	0.0632893545545167	0.0360988242179998	0.0177258967738395	0.00803491679292275	0.00326487560854416	0.00134436054469465	0.000461838146306667	0.000140990193179428	2.21011654173157e-05	4.57265491392739e-06	6.09687321856986e-06	2.2863274569637e-06	1.52421830464246e-06	1.52421830464246e-06	
0.00196305043553037	0.0127823171466166	0.0416715584104704	0.0871007384119036	0.135657076815879	0.167328894425242	0.167513383048697	0.143215011580092	0.104332890662284	0.0664807041671558	0.0378826804824759	0.0195603681844032	0.00870984513628525	0.00365775378239796	0.00142788095757219	0.000487141447885013	0.000162380482628338	3.2781036399148e-05	1.82963924088268e-05	6.86114715331005e-06	3.81174841850558e-06	2.28704905110335e-06	1.52469936740223e-06	7.62349683701116e-07	
0.0018910972023962	0.0118109695838366	0.0392707685175018	0.0834606773788173	0.131682893500726	0.164302795163671	0.167575613386528	0.144928961848639	0.107152770152386	0.0699103558922929	0.0405983492551517	0.0209629649964008	0.00978109024803875	0.00420235350096995	0.0016036199260642	0.00059706818930493	0.000171571318765785	6.10031355611678e-05	1.37257055012628e-05	1.22006271122336e-05	2.28761758354379e-06	3.81269597257299e-06	1.5250783890292e-06	1.5250783890292e-06	
0.00174981322645778	0.0111082708345696	0.0368381331470923	0.0805378165069772	0.127924280256173	0.161671330299309	0.167473102327556	0.145550224965118	0.110481685541826	0.0729344976438385	0.0429457420957893	0.0227780034783244	0.0105977818454595	0.0046362442617538	0.00180230762325152	0.000631454338243461	0.000219107047486888	7.30356824956293e-05	1.97804973425663e-05	7.60788359329472e-06	7.60788359329472e-06	9.89024867128313e-06	1.52157671865894e-06	7.60788359329472e-07	
0.00167808730011355	0.0102816142514893	0.034759618750742	0.0762163659554519	0.124657913722721	0.159364259860761	0.166547691164965	0.147151893917485	0.1130231751086	0.0762437632991272	0.0457238834821415	0.0241682623082566	0.0118881640431173	0.00506622546796185	0.00209589679116223	0.000739728279233727	0.000269407212807345	7.68647697557679e-05	3.04414929725813e-05	4.5662239458872e-06	4.5662239458872e-06	7.61037324314534e-06	
0.00147873405120536	0.0096971415461003	0.0328073156174896	0.0728505190432743	0.120594573046032	0.156374601446873	0.166660187677267	0.148687471082746	0.115437297483942	0.0792182222720215	0.047817990705318	0.0261423411104073	0.0128154410324308	0.00581203460847467	0.00232862501362493	0.000839981919808405	0.00028050212930081	0.000117384043240013	2.74404256924706e-05	4.57340428207843e-06	6.09787237610457e-06	1.52446809402614e-06	
0.00129268950469058	0.00901750249637291	0.030968012046766	0.0700558255449809	0.116724055866801	0.15212327307149	0.165850841050379	0.150983383744659	0.118191701575141	0.0822049676865824	0.050171174399247	0.0279036044797956	0.0140278203283829	0.00638322743007673	0.00263733106985337	0.000969517128517938	0.000307892358386705	0.000143632167187843	3.89640453541488e-05	3.82000444648518e-06	7.64000889297035e-07	
0.00120170610139309	0.00845324896657865	0.0293129086642169	0.0667860978438134	0.112869346779795	0.150191079684359	0.163512347511069	0.152099581735903	0.121412092636165	0.0851696769238772	0.0528429413726528	0.0299225584177562	0.0147700465383827	0.00686754766283079	0.00294957270972105	0.00110838455819134	0.000345748668255683	0.00012927328525489	5.04854250107855e-05	4.58958409188959e-06	7.64930681981599e-07	
0.00117385432582525	0.00800362174207629	0.0279232031616829	0.0639884434615167	0.109702231011472	0.146964267415486	0.162104311677824	0.152010693927617	0.124031665771937	0.0881820781886395	0.0558066405742174	0.0317315383685948	0.0159613599274428	0.00741095913457494	0.00315984760541365	0.00122585569009634	0.0004137167363332	0.000156004092813259	3.97657491484777e-05	8.41198539679335e-06	1.52945189032606e-06	
0.00105852375296731	0.00759156421532437	0.0262605603985246	0.0616313035662697	0.106064080047324	0.144196920574797	0.162176538833683	0.153349138583305	0.125329976628407	0.0904598349467222	0.0580109230479981	0.0329204708558222	0.017255847866062	0.00813267238651632	0.00349962473995472	0.00129697820128918	0.000508244256839898	0.000180369390397317	5.80850579245597e-05	1.68140957150041e-05	1.52855415590947e-06	
0.000923290401987025	0.00710099817866243	0.0249280759071692	0.0588848151239099	0.102009437909677	0.141261901611054	0.160637231016132	0.154422805808392	0.128123945808132	0.093291342871196	0.0603535123665073	0.0348195988467667	0.0183571856395067	0.00855516143812998	0.00389434253232473	0.00158190932171431	0.000535462536363643	0.000192001566610392	8.87337917402609e-05	2.67731268181822e-05	1.14741972077924e-05	
0.000801368608874659	0.00634429584138724	0.0235921079748435	0.056227576426892	0.0985239035385097	0.138450600528474	0.15968763479043	0.154432771226117	0.129738972945765	0.0962393134891176	0.0631863059435349	0.03666146466585	0.0195959907053499	0.00935287569516428	0.00428801157157884	0.00183947039188151	0.000668062549654592	0.000245926695457711	8.50400722610776e-05	2.83466907536925e-05	9.95964810264873e-06	
0.000750042711829606	0.00588159131635944	0.0220638202839436	0.0534200492009632	0.0951313111037733	0.13516627734419	0.157982438734381	0.15572311702122	0.131756992290419	0.0989949121208894	0.0655754911477339	0.0388443979317515	0.020900066576825	0.0101282580698543	0.00454009510756103	0.0019835143829692	0.000772260524539574	0.000285000907865795	7.27824899119638e-05	1.91532868189379e-05	8.42744620033265e-06	
0.000745645728432908	0.00543376845972323	0.0208035926148053	0.0511062971355992	0.0913243236394269	0.131470166107752	0.155917516684879	0.155666408391164	0.13409029301343	0.101903124416864	0.0685126325901705	0.0410074434027247	0.0224853270589536	0.0111785426043232	0.00488931653237108	0.00209640869065071	0.000875423409282713	0.000320220668132361	0.000125170189222002	3.91636788363319e-05	9.21498325560751e-06	
0.000779477310733888	0.00519728640124346	0.0192286489908043	0.048769374174552	0.0890724374201537	0.128370892420566	0.154017315036048	0.155528467883762	0.135746243513029	0.104381340963113	0.0709910309994503	0.0428512061852411	0.023755939563138	0.012019062113779	0.00546944811310208	0.00237004278258751	0.000924424624698251	0.00032844444547244	0.000144176317613489	4.85727701050791e-05	6.16797080699417e-06	
0.000667309546769527	0.00481311475409836	0.0183220829315333	0.0461330761812922	0.085491224686596	0.125269816779171	0.151600385728062	0.15569218900675	0.137619286403086	0.106662295081967	0.0735120540019286	0.045491224686596	0.0254511089681774	0.0130553519768563	0.0058268081002893	0.0026970106075217	0.00107695274831244	0.00040655737704918	0.0001450337512054	5.40019286403086e-05	1.08003857280617e-05	1.54291224686596e-06	7.7145612343298e-07	
0.000603132116823834	0.00456712335326012	0.017201235301068	0.043694257579888	0.0827773732013187	0.122709198421199	0.149134262151645	0.155438189769613	0.138611498740836	0.108704331662428	0.0761768991904438	0.0474427893277278	0.0271370839759149	0.0143068189452988	0.00672249049545643	0.00286275385027651	0.0012178480771206	0.000444047333128943	0.000159857039926419	7.33643419952166e-05	7.72256231528596e-06	3.86128115764298e-06	3.86128115764298e-06	
0.000482488964799116	0.00421445632511432	0.0162751389468021	0.0419380024802707	0.0794904423252269	0.120290048318264	0.147633144987934	0.154272378123365	0.139694428793955	0.111229892118242	0.0785547528631404	0.0497063831131945	0.028519259865011	0.015228461607829	0.00726893518693364	0.00316623748785107	0.00128252657735739	0.000501757693425279	0.000162628069604814	6.9367423054186e-05	1.07904880306512e-05	7.70749145046511e-06	7.70749145046511e-07	
0.000456941190975219	0.00386589199852053	0.0157255578843546	0.0395943780051782	0.076796171865368	0.116914529651091	0.146146436937492	0.154130964122796	0.14020234866231	0.113101806189126	0.0809710578227099	0.0516374368142029	0.0305148871902355	0.0162834422389348	0.00789206016520774	0.0034582665515966	0.0014532733325114	0.000547867094069782	0.000188016274195537	6.78091480705215e-05	3.69868080384663e-05	6.93502650721243e-06	3.8527925040069e-06	3.08223400320552e-06	
0.000412429834989593	0.00358413837944314	0.0146604956083148	0.0380328020221373	0.0730416315601159	0.113688284607364	0.144029577990405	0.153459293713908	0.141699657206173	0.115241052157754	0.0835001134951505	0.0543560977674157	0.0317801810536197	0.0174274689042524	0.00872566106116042	0.00389346075568534	0.00154199512932676	0.000610180707363335	0.000179283864836894	7.54069474421271e-05	3.84729323684322e-05	1.61586315947415e-05	4.61675188421186e-06	1.53891729473729e-06	
0.000388350408727293	0.0032434166547066	0.0134802106302098	0.0362194317957676	0.0703988727093274	0.109877070978328	0.140909031602974	0.152923334563877	0.142832363864378	0.117690896099381	0.0864923899437199	0.05692863946116	0.0341364614216848	0.0183721977946916	0.00907097525839501	0.00421429267652483	0.00173299451167239	0.000724511434463566	0.000213362477522109	7.13766561494827e-05	3.99095281696032e-05	3.06996370535409e-05	5.37243648436966e-06	3.83745463169262e-06	
0.000375707703997423	0.0028924136886156	0.0125054806648266	0.0340355981136566	0.0678255706204227	0.106534176775448	0.13808750240078	0.151858605351577	0.144005472630344	0.12056773948688	0.08877490976511	0.0594689436645045	0.036155171107695	0.0195482784399637	0.00975233133899624	0.00453144811216444	0.00192521503718435	0.00077513626099672	0.000237208530018739	6.73366149730615e-05	3.44334962930428e-05	2.52512306148981e-05	9.18226567814475e-06	3.06075522604825e-06	3.82594403256031e-06	
0.000343998297551663	0.00286029626567347	0.0120513815993709	0.0322038849687999	0.0655610413919193	0.103027871489558	0.13489080914349	0.15063693077244	0.145228301220469	0.121622085453448	0.0918925474408739	0.0613400068494561	0.0383844131396671	0.0208832137220997	0.0105739432349417	0.00505242732368562	0.00219518204069553	0.000864190845068811	0.000251706071379265	7.24608387303946e-05	4.34765032382367e-05	9.91569372100136e-06	7.62745670846259e-07	7.62745670846259e-06	7.62745670846259e-07	7.62745670846259e-07	
0.00031982326915597	0.00270596314663555	0.0112697819428238	0.0309111848502528	0.0625121548035784	0.100271052119798	0.132599031262155	0.148507390120576	0.145644174202645	0.124156000826527	0.0933952316705562	0.0642905545021392	0.040127564663555	0.0226352829638273	0.0113115640801245	0.00545218908012446	0.00244311551925321	0.000935919875534811	0.000374519885258654	9.34400525087515e-05	2.65886328276935e-05	1.21548035783742e-05	2.27902567094516e-06	1.51935044729677e-06	1.51935044729677e-06	
0.00025635619251895	0.00251957180931347	0.0104021455041343	0.0293451995406825	0.0600457497205111	0.0970330942192437	0.129673001748986	0.147581529612174	0.145228058412806	0.126705185827902	0.0963118080089315	0.0666738466625913	0.0419203050790381	0.0238403674539886	0.0123111648430994	0.00580821219618378	0.00261968724544513	0.00112402330566001	0.000408804697537615	0.000142588651460244	3.86809639599599e-05	7.58450273724704e-06	1.51690054744941e-06	0	1.51690054744941e-06	
0.000284768096253135	0.00239357077170635	0.0101567287663618	0.027431141175872	0.0577790670389661	0.094553639298301	0.126901016887887	0.145473971816312	0.145481565632212	0.127923144508038	0.0988836331245287	0.0695494816840957	0.0440243882991447	0.0252266564200777	0.0129679594125728	0.00626337935438896	0.00283780900186124	0.00114894434568265	0.000474613493755225	0.000177695292061956	5.61942376606187e-05	8.35319749009197e-06	1.51876318001672e-06	0	0	7.59381590008361e-07	
0.000198511845680998	0.00213419248651679	0.00952020219306152	0.0265260503064004	0.055055473032432	0.0914683259518871	0.125188719355209	0.144293773192991	0.144810968806259	0.129350622878452	0.101952945847338	0.0711174391515558	0.0457018382501143	0.02690101712602	0.0136722181531097	0.00681557336838094	0.00307503215359493	0.00140403397366714	0.000501223395799915	0.000232738025970826	5.85647973848156e-05	1.52116356843677e-05	5.32407248952869e-06	
