# <P(N_2)> as a function of N_tot.
# number_of_species: 2
# species_total_upper_bound: 100
# species_total_lower_bound: 0
# volume: 512
# Bin widths for each species index 
1	1	1	1	1	1	1	1	1	1	1	1	1	1	1	1	1	1	1	1	1	1	1	1	1	1	1	1	1	1	1	1	1	1	1	1	1	1	1	1	1	1	1	1	1	1	1	1	1	1	1	1	1	1	1	1	1	1	1	1	1	1	1	1	1	1	1	1	1	1	1	1	1	1	1	1	1	1	1	1	1	1	1	1	1	1	1	1	1	1	1	1	1	1	1	1	1	1	1	1	1	
# Bin lower bound for each species index 
0	0	0	0	0	0	0	0	0	0	0	0	0	0	0	0	0	0	0	0	0	0	0	0	0	0	0	0	0	0	0	0	0	0	0	0	0	0	0	0	0	0	0	0	0	0	0	0	0	0	0	0	0	0	0	0	0	0	0	0	0	0	0	0	0	0	0	0	0	0	0	0	0	0	0	0	0	0	0	0	0	0	0	0	0	0	0	0	0	0	0	0	0	0	0	0	0	0	0	0	0	
# Bin upper bound for each species index 
0	1	2	3	4	5	6	7	6	6	7	7	7	7	7	8	8	9	9	9	10	10	10	10	10	11	11	11	12	12	12	12	12	12	12	12	13	13	13	13	14	14	14	14	15	16	16	16	16	16	14	15	15	15	15	15	16	16	17	17	18	18	19	19	17	17	17	17	18	18	18	19	20	22	22	23	23	23	21	21	20	20	20	20	20	20	20	21	21	22	23	22	23	23	23	24	25	24	24	25	22	
# Normalized histogram for each species index 
1	
0.920453193478287	0.0795468065217127	
0.847865670464132	0.145863351926147	0.00627097760972087	
0.780752381699165	0.201564113645633	0.0171966186649355	0.000486885990265927	
0.719278123047482	0.246632236955295	0.0321916795199561	0.00185932514948552	3.86353277815172e-05	
0.661668839242438	0.284403515057004	0.0495654346706967	0.00416893708361055	0.000188457150082337	4.81679616823865e-06	
0.609502279306398	0.314449311880284	0.0677757047096048	0.0077575760490099	0.000499499899018071	1.26227411304206e-05	3.00541455486204e-06	
0.560548685523646	0.33843126662909	0.0871001875030454	0.0127672910953198	0.00108700033025079	5.95534215245315e-05	1.80464913710702e-06	4.21084798658304e-06	
0.517544343075532	0.354899752601281	0.107041578559576	0.0183308673331856	0.00201393340002516	0.000162935718264974	6.58931213571587e-06	
0.475746933556358	0.368743914720422	0.126347566694067	0.0255559356212492	0.00330418368754063	0.000288929522090274	1.25361982725119e-05	
0.436983873625671	0.377079452749134	0.146476523742185	0.0338381984531007	0.00511389359698402	0.000486045959601668	2.14169578282253e-05	5.9491549522848e-07	
0.402247745858359	0.381496851192442	0.164613769079513	0.0433378252553107	0.00737329656501834	0.000884105438200375	4.46217414973272e-05	1.78486965989309e-06	
0.371008113445478	0.382813652478051	0.181474696043208	0.0527237145780295	0.0104160222703371	0.00145018915510719	0.000111232720264579	2.37930952437603e-06	
0.340719019691985	0.38349127449578	0.197216659514614	0.0626084727983598	0.013600820102036	0.0021402517522529	0.000206813522147523	1.6688122824584e-05	
0.3136502033202	0.379866227601657	0.212608955637167	0.0735324482807597	0.0170103874124088	0.00292119865225025	0.000375966322965813	3.46127725905034e-05	
0.28750749944034	0.374973210954406	0.226514439220954	0.0846659204536975	0.0216294306395045	0.00407491978210581	0.00055458547869562	7.22334154167599e-05	7.76061487948661e-06	
0.264524957721566	0.36759290797942	0.238477259281834	0.0961432506887052	0.0267946672403387	0.00550247097279241	0.00082166568066785	0.000125490758501999	1.73296761740856e-05	
0.244584655036872	0.358640441196707	0.248136652279991	0.107323324482756	0.0325919827886379	0.00733971739575244	0.00116784548064141	0.000185467263831371	2.57261043378998e-05	4.1879704736116e-06	
0.225318978527007	0.349560748429407	0.257458782967794	0.118225575584946	0.0381691580617781	0.00932635730739116	0.0016616611467376	0.000233278562716942	4.06742109352616e-05	4.78520128650137e-06	
0.206922620076471	0.339757188559549	0.264621886283289	0.129237672077163	0.0450987651293633	0.0116076763295628	0.00232177450079157	0.000366029364885224	5.38278477772388e-05	1.25598311480224e-05	
0.19069416134425	0.329219154590775	0.270958382424554	0.139446820056891	0.051456384534154	0.0143742688727418	0.00320153625822172	0.000560044228519608	8.20599564782742e-05	5.39080006061655e-06	1.79693335353885e-06	
0.174544629619321	0.319780112565415	0.274760530636456	0.150266389652553	0.0585261149249434	0.0170943087007451	0.00412827644907172	0.000764961186300371	0.000120310796906396	1.25697847514145e-05	1.79568353591636e-06	
0.160511365342822	0.306804789530021	0.278943751734445	0.160964273143048	0.0658193967075885	0.0205676604609088	0.00514717100813432	0.00104877588752509	0.000166987226077879	2.28255920538107e-05	3.00336737550141e-06	
0.147897064219853	0.294643430904397	0.281225432817822	0.17060832622155	0.0733707810509664	0.0242223032328235	0.00639189659096847	0.00135489229627218	0.000240229130544714	3.66349424080688e-05	9.00859239542676e-06	
0.137908422090256	0.283175654557257	0.281525737503907	0.178877455341043	0.0807954463491453	0.0277456543168322	0.00781982545139807	0.00176411896232539	0.000322770658524271	5.58988291299017e-05	9.0159401822422e-06	
0.12689965725844	0.272716462585197	0.28189127038988	0.186928976766002	0.0876137992664718	0.03210011632914	0.00910093850050117	0.00223529715579156	0.000420994977487879	7.50704310784378e-05	1.38129593184326e-05	3.60338069176501e-06	
0.116503433416669	0.261392537177352	0.28089535157131	0.194347938750342	0.096093078942191	0.0363046023618836	0.0109738570873302	0.00279040082920252	0.000581833362924858	9.17737160077354e-05	1.79948462760265e-05	7.19793851041062e-06	
0.106928462286761	0.249373310630925	0.279809175330635	0.200633330182437	0.104302648787124	0.0413142349124908	0.0133342746137859	0.00347535899279801	0.000699379353172813	0.000110081951226516	1.49567868514289e-05	4.78617179245723e-06	
0.098585691511516	0.238149466447724	0.278372940832906	0.205983732520119	0.11175634206709	0.0461921266929334	0.0154530287290014	0.0043624900063672	0.000981410646151195	0.000147810018048381	1.1370001388337e-05	2.99210562850974e-06	5.98421125701948e-07	
0.0905419272095521	0.22736153003492	0.27483028729989	0.211955160825904	0.119123105728965	0.0517352559570517	0.0177204023979408	0.0052149415306206	0.00124785674030894	0.000228893262230998	3.04792594615689e-05	7.17159046154563e-06	2.98816269231068e-06	
0.0833965848931407	0.216592435590817	0.271244766828495	0.216935545467131	0.126503716327495	0.0568243659329486	0.0203896773454394	0.00615091583484898	0.00157711200538474	0.000318644650350151	4.71403134413145e-05	1.31276822241635e-05	5.96712828371069e-06	
0.0768486052289847	0.205979316746481	0.267474753248393	0.221230670851188	0.13382549688215	0.0620199901995983	0.0231089422413388	0.0071996632377169	0.00183028157399452	0.000386419239272103	7.62121149874101e-05	1.72668073018351e-05	2.38162859335657e-06	
0.0704268347215349	0.194219635947366	0.262682518199651	0.226172319836874	0.141092157903209	0.0680640103027015	0.0260644038086607	0.00842221996983121	0.00229425898654329	0.000464456276121939	7.98936341467777e-05	1.60979710594254e-05	1.19244230069817e-06	
0.0644325669421714	0.185241318677124	0.256098353830673	0.229202789761649	0.147805117505558	0.074522280456578	0.0292825960792313	0.00979744822580058	0.00280157155220902	0.000672210163793818	0.00011094151771575	3.22088277239274e-05	5.96459772665322e-07	
0.0592310181023296	0.175337590598202	0.249642143818191	0.231559512766422	0.155259441254878	0.0800672614421455	0.0332230217029776	0.0113123144311251	0.00333561358456688	0.00077838942631983	0.000202357373866888	5.07385745683938e-05	5.96924406686986e-07	
0.0548467425410648	0.165815136954362	0.243340119333422	0.23258031392108	0.161648127409835	0.0861315148284239	0.03725025074807	0.0129911948965463	0.00401137281139571	0.00106202690309139	0.000243294203515601	6.73829534246641e-05	1.25224957691854e-05	
0.0508463367509319	0.157547741423881	0.23740146526388	0.232800248321536	0.167374553834477	0.0913880447002596	0.0411410636717151	0.0150649192806063	0.00469892503227644	0.00130893093646651	0.000340190971653334	7.74515347021601e-05	9.5324965787274e-06	5.95781036170463e-07	
0.0464567818319059	0.148716500942045	0.230750485881213	0.233769784429216	0.171999572067922	0.0984505292687711	0.0451450511438268	0.017092914752364	0.00549298369697654	0.00163624584697862	0.000374440567960963	9.3907317044178e-05	1.54531028047382e-05	5.3491509708709e-06	
0.0429015375230902	0.139704671428087	0.224353162412879	0.233599347440028	0.177503327901279	0.10414562265791	0.0497041898559505	0.0190393408763781	0.0064625791695675	0.00193936828437251	0.000520216814477604	0.00010225976238874	2.37813400904048e-05	5.94533502260119e-07	
0.0396390516694696	0.132463455651928	0.218096215900841	0.232455044023837	0.18111249448919	0.110327152675822	0.0541857991434457	0.0215820900330559	0.00721968249385086	0.00219776155241667	0.000557195789890655	0.000134228107843038	2.38627747276512e-05	5.96569368191279e-06	
0.0365518061162989	0.124964384209706	0.211493581392459	0.230984453296872	0.18474097091183	0.115808512786143	0.0590287297721724	0.0245610073847885	0.00840741716379441	0.00253685972963658	0.000688721278142448	0.000181588264141634	3.8229108240344e-05	1.07519366925968e-05	2.98664908127688e-06	
0.0333349930740818	0.118357912494068	0.204437866805205	0.229779108503252	0.188544549341393	0.121330448183994	0.0628005905477564	0.0273557270354371	0.00987385770342672	0.00304992360193338	0.000839268906196852	0.000221965329015608	6.53897861154088e-05	5.99906294636778e-06	2.39962517854711e-06	
0.0302187628109824	0.111656245817205	0.197603194620093	0.227594473398473	0.192309839254621	0.126602366914338	0.0680591410467026	0.0299420605971846	0.0112295481951033	0.00341106004558084	0.00100717204935503	0.000286905983070146	5.76212853027908e-05	1.98073168228344e-05	1.80066516571221e-06	
0.0281897689162798	0.10528572469524	0.19034582766007	0.225152613535015	0.194690126926526	0.132033817364792	0.0724638030263157	0.0333331928190793	0.0128010492801555	0.00407631851048467	0.00119236381308312	0.000326996742678856	8.31041445482176e-05	2.46903617860646e-05	6.02203946001577e-07	
0.0263132473090234	0.099179122320193	0.18430623881527	0.221909874924228	0.197150112662382	0.136712721792745	0.0766369856231691	0.036360485812751	0.0145724504853056	0.00489230055860255	0.00142065694364949	0.000416597233794368	9.35834365769956e-05	3.26032617752114e-05	1.20752821389672e-06	1.81129232084508e-06	
0.0238056228813534	0.093489183906538	0.176993258418815	0.219961392038876	0.198847323227713	0.141641521513993	0.0814297883454258	0.0393582348435338	0.0162799119501494	0.00589699424991672	0.00169401044579318	0.000447383201244451	0.000111845800311113	3.80880292951357e-05	2.41828757429433e-06	6.04571893573582e-07	2.41828757429433e-06	
0.0218613702831957	0.0875144234607113	0.171286004223625	0.216132383783797	0.200685069026994	0.146245425011309	0.0856523758493816	0.0429438132122529	0.0181511844775744	0.00669647716799431	0.00207310789595272	0.000593266874541896	0.000116113394405753	4.41472801646875e-05	3.62854357517979e-06	0	1.20951452505993e-06	
0.0200159730877673	0.0820593182395721	0.164475005747891	0.21295756241	0.20185203112332	0.149457278040635	0.0910901632401167	0.0464683744963032	0.0203390650903327	0.00771306525974419	0.00257626544367671	0.000738755309236559	0.000212974503563693	3.87226370115805e-05	3.63024721983567e-06	6.05041203305945e-07	1.21008240661189e-06	
0.0188499824733127	0.0771350112862163	0.157651642232403	0.20955610783825	0.203381740951924	0.153826094023096	0.0952711906139435	0.0494701361017009	0.0221976403863391	0.00866085193042208	0.00274544336454175	0.000938799719087836	0.000248042044642716	5.94330571515555e-05	5.45813790167347e-06	1.81937930055782e-06	6.06459766852607e-07	
0.0175199661581282	0.0727248229765431	0.150025217535382	0.205625179420792	0.204186778485649	0.158066910527213	0.100005280205964	0.0532420768081823	0.0242865197555568	0.00971922049593879	0.00322153255853897	0.00100020453211609	0.000293142469060724	7.40442675474293e-05	8.49688316118041e-06	0	6.06920225798601e-07	
0.0162814845400889	0.0686775885939132	0.144362536737024	0.200143911976877	0.204871147166695	0.161786208739161	0.104912438366812	0.056630880959899	0.0263389278861334	0.0105747977945641	0.00382975881081344	0.00111729129727235	0.000358261883364504	8.92618590755629e-05	2.55033883073037e-05	
0.0148949745988462	0.0648178249625169	0.139087693419961	0.195127321160835	0.203821818305328	0.165564817824963	0.109570679256452	0.0605272862251508	0.0286976025386597	0.0117355999475965	0.00431722571848631	0.00127733595997923	0.000408796028977209	0.000120697937338968	2.66869811201739e-05	3.63913378911462e-06	
0.0135173313842323	0.0606463262666271	0.134272887506858	0.191205107033472	0.201840102024015	0.168081405345567	0.114107469103286	0.0648483158321319	0.0309723571545313	0.0132931361630537	0.00501067205707318	0.00160642863088414	0.000431985913978299	0.000136704403157689	2.36954298806662e-05	6.07575125145286e-06	
0.0123048400577464	0.0566698579135324	0.127905782235392	0.18767813995897	0.201299597295038	0.169900159562343	0.118049996200897	0.0691600942177646	0.0340831243826457	0.0146554213205683	0.00567373299901223	0.0018606488868627	0.000581718714383406	0.00013737557936327	3.34321100220348e-05	6.07856545855178e-06	
0.0113435294503536	0.0534333386178691	0.122080673602164	0.183321154604258	0.200865813487472	0.172679800256695	0.121105160440329	0.0724649565422857	0.0372638738806047	0.0164002835426799	0.00602680049298037	0.0021417555470922	0.000665122610342019	0.000169469596607692	2.73338059044665e-05	1.09335223617866e-05	
0.0105012365113375	0.0501594832402913	0.116614679745993	0.178125652873128	0.19889187692218	0.175300989694929	0.125495576253152	0.07647300324068	0.03999166751692	0.0178565355333032	0.00703220273927345	0.00249367168559088	0.000813206621287429	0.00019920221940424	4.00833734167068e-05	1.09318291136473e-05	
0.00940158112805606	0.0468365590443964	0.111521721826701	0.172944007942705	0.197857924506634	0.177155367006788	0.129692359946943	0.0799520229531525	0.0425638311640571	0.0197492142057265	0.0081164816589267	0.00289952466509943	0.000970964043342182	0.000268564522626561	5.40774717505971e-05	1.4582689011397e-05	1.21522408428308e-06	
0.00893547633986547	0.0439508460644264	0.106558154465732	0.167655241513821	0.196176781015472	0.178918671783423	0.133414437813414	0.083614219913521	0.0454063492526715	0.0216154991026221	0.0089591875446865	0.00335300755353868	0.00102505362380167	0.000306421723841069	8.51171455114081e-05	2.1279286377852e-05	4.25585727557041e-06	
0.00804678763271854	0.0409713730685614	0.101483556234271	0.163166888079371	0.193462463409197	0.180592584223388	0.137024395488648	0.0883968201612516	0.0484854338383001	0.0231514468970938	0.00982294880415879	0.00367502567962159	0.00119301660078955	0.000372362106050915	0.000113591702824667	2.18679213994012e-05	1.51860565273619e-05	4.25209582766134e-06	
0.00769367163628061	0.0389067820899583	0.0962868774016157	0.157728162603048	0.19025411584107	0.181291322364234	0.141468829396019	0.0921048476810897	0.0520491763459978	0.0252609897450097	0.0107170963463865	0.00419599613312542	0.00145250691033806	0.00042567196661663	0.000131770066698729	1.76098245818578e-05	1.27519419385866e-05	1.82170599122666e-06	
0.00694191405318442	0.0368371165120589	0.0921623980563367	0.153225093787565	0.187751870606451	0.181416443420586	0.143874785278227	0.0963587787460854	0.0549500102291697	0.0276254162787854	0.0117702032154699	0.00465457485996932	0.00171716890477672	0.000530222051668807	0.000142239933952249	3.26849209932826e-05	5.44748683221377e-06	1.21055262938084e-06	2.42110525876168e-06	
0.00636255516448222	0.0343423427774524	0.0884485121437325	0.148241075579114	0.184826824276598	0.180894223048641	0.146690734781847	0.100158173399098	0.0588169595691888	0.0299267693385092	0.0133107141347855	0.00522455189234549	0.00190834394866005	0.000628467589546067	0.000180510863856171	2.35448952855875e-05	1.08668747471942e-05	1.20743052746603e-06	3.62229158239808e-06	
0.00600274562882862	0.0318757132482623	0.0837272031982474	0.144640112720368	0.182150034863213	0.181460611807169	0.148235004596154	0.103705392579082	0.0623345806884339	0.0322231390402845	0.0146154068862687	0.00577595379236966	0.00226610885525614	0.000707518149378614	0.000220156968902979	4.22218844471466e-05	9.65071644506209e-06	3.0158488890819e-06	3.0158488890819e-06	2.41267911126552e-06	
0.0054479923709977	0.0301207804498356	0.0792560514111599	0.139558044838518	0.1798889008411	0.182498377386632	0.151028138593542	0.106359435753575	0.0651704378578361	0.0343673741704125	0.0161910828179446	0.00648078426917131	0.00244570439549947	0.00085512026677335	0.00024535606240988	6.52671299021356e-05	1.63167824755339e-05	1.81297583061488e-06	1.20865055374325e-06	1.81297583061488e-06	
0.00517375209341695	0.0280581446180263	0.0759666651731708	0.134300795710357	0.176262982817936	0.182478145514124	0.154339473215767	0.110203644210544	0.0674737195190621	0.0367563450362859	0.0174617917348326	0.00739462075095392	0.00274823414300989	0.000974808761895997	0.000282755088077907	0.000109590301803215	1.27148968942956e-05	1.81641384204223e-06	
0.00470258769616846	0.0261424596752196	0.072796760682051	0.130262527807581	0.172911931043262	0.182020088135634	0.156254053693635	0.114062907263613	0.0706612597212877	0.0383796136337461	0.0186478999593873	0.00854139768325726	0.00308171640207792	0.00105471804477096	0.000332781727919114	0.000116988840598158	2.60648712213514e-05	4.24311857091767e-06	
0.0042592160465919	0.0243132021720847	0.0684598033067413	0.126237840360523	0.170685849850025	0.18116951303105	0.157650546181108	0.116570288914492	0.0745845912270723	0.0410820803010194	0.0202721425758747	0.00924886121117544	0.00364059970539764	0.00123966339492759	0.000423551659933593	0.000126397052031833	2.67378379298107e-05	9.11517202152639e-06	
0.00384341342775088	0.0225771661604531	0.0645531743117481	0.12133258596917	0.167019476050707	0.180470207162537	0.160331498967713	0.119672902537066	0.0781765611359287	0.0438764368724512	0.0220014444717343	0.0100036962913067	0.00407382369176821	0.0013715186164198	0.000487570004596046	0.000147122121087585	4.49877560350467e-05	1.64144515263008e-05	
0.00371467366023353	0.0212920302646485	0.0611227690827754	0.116453711906961	0.163466315285739	0.179245013404809	0.162178432029498	0.123456197071677	0.0811457661294	0.0463230568194878	0.0239267791547764	0.0106764184197709	0.00458968027294855	0.00169163891353244	0.000480371941657308	0.000156880963224792	6.14146406422634e-05	1.45935779743992e-05	4.2564602425331e-06	
0.00329630022288108	0.0198082662191985	0.0580496138880866	0.112008403433027	0.159431257212561	0.179190170323062	0.163429468314695	0.126117299544124	0.0842835330001694	0.0488955261711615	0.0257397787274697	0.0118587599330747	0.00507788651709628	0.00194183157307246	0.000630623055578912	0.000171212636345579	5.11810016122016e-05	1.15766551265694e-05	7.31157165888594e-06	
0.00313231659084907	0.0184621276943503	0.0548173699640357	0.107833779863278	0.155109438970141	0.17742597493049	0.165111384470516	0.129863064827854	0.0876591239393516	0.0517112779863888	0.02725408173907	0.0129592280449673	0.00558340311316652	0.00211138630014009	0.000704405308105662	0.000204308033086924	3.84221077148543e-05	1.09777450613869e-05	7.9283714332239e-06	
0.00291020588975462	0.0170011839468266	0.0521838426295197	0.103035059572085	0.151428200601906	0.175053515249637	0.16612303419431	0.132539891939717	0.0915374308171061	0.0552049483249559	0.0291246044624376	0.0141135236219633	0.00617139138430378	0.00239287657643769	0.000871964955661405	0.000235814421971323	6.03246195740594e-05	3.656037549943e-06	6.09339591657166e-06	2.43735836662866e-06	
0.00263304098282347	0.0161037200299146	0.0492525315712385	0.0990916708400599	0.147530010399508	0.172176661411132	0.167031673773098	0.135388326385115	0.0947973860663633	0.0581593540499967	0.0315605894555441	0.0152870939612875	0.00675572474955076	0.00282654850132078	0.00101500170079721	0.000286001678282189	8.58005034846566e-05	1.09532557639987e-05	3.0425710455552e-06	4.25959946377728e-06	6.0851420911104e-07	
0.00243290606055802	0.0151797484655619	0.0470288668267466	0.0948949216287178	0.143696944050478	0.17094610167962	0.166769308066882	0.137761628864144	0.0975375819962512	0.0610903321557011	0.0338405647756665	0.0166303458385111	0.00739201006820673	0.00305241296720638	0.00120486776332397	0.000397557581825521	0.000115852669550382	1.64632740940016e-05	6.09750892370431e-06	2.43900356948172e-06	1.21950178474086e-06	6.09750892370431e-07	1.21950178474086e-06	
0.00212127571825652	0.0137965283556666	0.0442759110442997	0.0907225149288515	0.139860216654424	0.168871117705484	0.168409281145599	0.140216508003133	0.100867056960249	0.0634680570163772	0.0361532003992415	0.0178761863159719	0.00804950009395354	0.00330240594274447	0.00134402370069574	0.000474038318402448	0.000148861453912738	3.05043962935938e-05	3.66052755523126e-06	4.88070340697501e-06	1.83026377761563e-06	1.22017585174375e-06	1.22017585174375e-06	
0.00197571747972692	0.0127627930148985	0.0416854408670689	0.0869639278924174	0.135855608998428	0.166779617140631	0.167619113906584	0.143134503866569	0.104192843702187	0.0666352847511976	0.0381381854414776	0.0196088128233589	0.00885775933123551	0.00363212091684037	0.00143782900641437	0.000481107964778989	0.000172783698010728	3.84642154582187e-05	1.58741206652966e-05	5.49488792260267e-06	3.05271551255704e-06	1.83162930753422e-06	1.22108620502282e-06	6.10543102511408e-07	
0.00192687050221352	0.0118506199138037	0.0393854528603587	0.0835166485640968	0.13167620027975	0.164230298878618	0.167618806891065	0.144654491238417	0.107176371536777	0.0698173075220604	0.0405772308135655	0.0209757804100278	0.00987612713682063	0.00426829901171569	0.00157519831930003	0.000591004640729622	0.000180720427330546	6.96017862016291e-05	1.58740915898452e-05	9.76867174759706e-06	1.83162595267445e-06	3.05270992112408e-06	1.22108396844963e-06	1.22108396844963e-06	
0.00178834413956274	0.0112126435626009	0.0369587060065818	0.0807770979835887	0.128151461476264	0.161231258183883	0.167426789090552	0.145632753934205	0.110210135006273	0.0726792807383455	0.0428520158934135	0.0228371851280448	0.0107026455916251	0.00467589537547001	0.00184501058078228	0.000658671214605562	0.000227275081450393	8.40856869709228e-05	2.55912960346287e-05	7.31179886703677e-06	6.09316572253064e-06	7.92111543928983e-06	1.21863314450613e-06	6.09316572253064e-07	
0.00168139640611421	0.0104302644040032	0.0349357485961955	0.0767226238315849	0.124762172907761	0.159209164737845	0.166118795927596	0.147305926389087	0.112998492288978	0.0759840038808019	0.0454117196803214	0.0241818808969235	0.0118770331854875	0.00514230622500606	0.00210189786324318	0.000728259769955232	0.00027424008073628	8.53191362290648e-05	2.92522752785365e-05	9.75075842617884e-06	3.65653440981706e-06	6.09422401636177e-06	
0.00154249679384076	0.00988980334539293	0.0330541131314882	0.0731309510802056	0.120888531869009	0.156375724628614	0.166312529261353	0.148646759688522	0.115391212468404	0.0788516791972913	0.0477246188470279	0.0260399340028677	0.0127501674039358	0.00579153525127071	0.002311608768609	0.000864335362120503	0.000288722193702682	0.000109262732923425	2.56370658256081e-05	4.27284430426802e-06	4.88325063344917e-06	1.22081265836229e-06	
0.00134517577167231	0.00922607146307431	0.0313548243506164	0.0703948824622097	0.116615733420403	0.152521531984	0.165511649833626	0.150751402957186	0.118389531108413	0.0819578911067984	0.0499916232236037	0.0277344671942201	0.0138638706576809	0.00628013652311195	0.00256622850623122	0.000994818627504931	0.000328345176994559	0.000132683246569496	3.42408378243861e-05	3.05721766289161e-06	1.83433059773497e-06	
0.00119428431304803	0.00853182526146755	0.0297146253659139	0.0672058578025046	0.113102943883314	0.150196693061593	0.163274503772728	0.151855115517808	0.121275199674186	0.0853720657327237	0.052650632395864	0.0295764234945627	0.0147515209849757	0.00678228741219442	0.00289000904427291	0.00109093866588719	0.000358957957890012	0.000123525566428931	4.70864782922162e-05	4.28058893565602e-06	1.22302541018743e-06	
0.00113570239224108	0.00810012254595168	0.0279034750661425	0.0645060641012412	0.11007398551552	0.146873795987551	0.16230103074151	0.151881877181724	0.123681654071157	0.0881592034940556	0.0558106136883889	0.0313862957356818	0.0158845686742751	0.00734237702510696	0.00311890742987496	0.00120592055090114	0.000423751322696402	0.000153258763684145	4.70156366680446e-05	8.5482975760081e-06	1.83177805200174e-06	
0.00107696848617016	0.00761378909956653	0.026257662575894	0.0617854259209117	0.106846128889832	0.144079600533728	0.162140471817089	0.153363117671309	0.125224724171661	0.0901945861294265	0.0579117544463065	0.0327688701222353	0.0171534369076978	0.00808885050994397	0.00347240009074344	0.0012800435178206	0.00049640563292328	0.000173802955016136	5.36654738295438e-05	1.46360383171483e-05	3.65900957928708e-06	
0.00094978884758546	0.00711150582150322	0.0249467690687672	0.0588539255292248	0.102556428451887	0.141564348041725	0.160743363999399	0.154297626566235	0.128162857942128	0.0931978016205658	0.0600431466779379	0.0346431664677505	0.0181779201884186	0.00852977572767263	0.00387611577284716	0.00153065649649464	0.000515512403448314	0.000193011752949843	7.32956023860162e-05	2.19886807158049e-05	1.09943403579024e-05	
0.00084582500045869	0.00642044168822511	0.023648239546447	0.0562647927637011	0.0987957849415017	0.138647413903822	0.159644423242757	0.154717477325407	0.129657694683473	0.0961029668091665	0.0630167146762564	0.0365478352873542	0.0193946510589631	0.00927043771290877	0.0042113889755304	0.00181763694964803	0.000646447596156786	0.000242188503385135	7.64483912200552e-05	2.26287238011363e-05	8.56221981664618e-06	
0.00081194816239452	0.00588891522747989	0.0221602586503943	0.0534217902693297	0.0954036036080068	0.135537303183521	0.157873514483102	0.155675328261661	0.131800142228391	0.0987809169576809	0.0653480807720411	0.0387633461306302	0.0208430575682855	0.0100421308843331	0.00453933397034709	0.00198130014345028	0.00076001769301639	0.00026576181387631	7.75902307179112e-05	1.71065075598544e-05	8.55325377992722e-06	
0.000787748311967903	0.00553625599373716	0.0208208973480771	0.051278256189451	0.0917170222135238	0.131659775907623	0.156208410803405	0.155595581759468	0.133817521283883	0.10150393874156	0.06815001467854	0.0411023583520892	0.022351746746257	0.011089636950778	0.00490202074566983	0.00213450435463353	0.000875819551815246	0.000310695762794794	0.000114981896467365	3.42499266073001e-05	7.95087581955182e-06	6.11605832273217e-07	
0.000775003528321685	0.00521762074530426	0.019332748347825	0.0488037455435763	0.0891131333337424	0.128408818963348	0.153864279271264	0.155550510225997	0.135865543330858	0.104211895659858	0.0709922867819865	0.0428988690961974	0.0237520479606301	0.0119557947314487	0.00541213865383789	0.00235385077960569	0.000961544361741948	0.00033380991243626	0.000139292003902631	4.84760718427657e-05	7.36345395079985e-06	1.22724232513331e-06	
0.000641478949668764	0.00489120025929254	0.0183536642259774	0.0460851982262033	0.0855315497149255	0.125473896410664	0.151391487543645	0.155526417883328	0.137749163928871	0.106638355653118	0.0734797255820577	0.0455621933792006	0.0254842091822954	0.0130069832196473	0.00582732982699098	0.0026530832731755	0.00107670246671676	0.000410055443424626	0.000147325309014836	5.64747017890203e-05	9.20783181342723e-06	1.84156636268545e-06	2.45542181691393e-06	
0.000578044624307852	0.00458504258855877	0.0172418241392909	0.0435763332190758	0.0826020239547589	0.123016004648928	0.149005284101869	0.155226788836183	0.138698152591495	0.108698189448751	0.0763141761604814	0.0475489310781607	0.0271035971452827	0.0143331723899842	0.00670064905626997	0.00285950874192673	0.00122488945894777	0.000431844177352199	0.000162786211946419	7.55573738468286e-05	9.21431388375959e-06	3.0714379612532e-06	4.30001314575447e-06	6.14287592250639e-07	
0.000484817539839421	0.00420257026939286	0.0162051796924048	0.0420588421207024	0.0791596577801862	0.120265434534597	0.147541023848727	0.154102630349946	0.139977256534144	0.111256419996821	0.0788687672562825	0.0495937658601308	0.0285717091168404	0.0151925860965376	0.00732074485157526	0.00314088122645336	0.0013040978128592	0.000500159867049529	0.000163242361515552	6.8733625901285e-05	1.35012479448953e-05	6.75062397244764e-06	1.22738617680866e-06	
0.000467598837016646	0.00394574871655779	0.0155498090944906	0.0398232206391499	0.076613185305369	0.116557294357763	0.145956497353341	0.153761470592206	0.140518359697644	0.11323991993137	0.0813640385811996	0.0518427198788416	0.0304749257794234	0.0161965927876868	0.00799213550302466	0.00346526329741863	0.0014101602722628	0.000527122573487269	0.000182866736786037	6.38192638447915e-05	3.31369254578725e-05	6.75011444512218e-06	4.90917414190704e-06	2.45458707095352e-06	
0.000416546273137796	0.00360291054806815	0.0146576437468061	0.0379001896236422	0.0732532509320146	0.113484013886512	0.143873487719247	0.153051002072916	0.142161292360885	0.11531522246577	0.083401888629391	0.0545497711449379	0.0318820468556278	0.0173618204360424	0.0087008479998724	0.00393479793211461	0.00152754082490885	0.000595066104482566	0.000188948824928485	8.46588890913341e-05	3.68082126484061e-05	1.53367552701692e-05	3.68082126484061e-06	1.22694042161354e-06	
0.000404864499018464	0.00323891599214771	0.0136294172952479	0.0362534415013674	0.0704672479320367	0.109919180225952	0.140875695573747	0.152649841208591	0.142675229458945	0.117801481644816	0.0864100891498152	0.0567759678313412	0.0341727687280456	0.0184461410778216	0.00912200753991223	0.00429180869080541	0.00176339620676877	0.000707440992989903	0.000229076131063397	8.94254415381176e-05	4.10377026236567e-05	2.81751391147494e-05	4.28752116963578e-06	3.06251512116841e-06	
0.000378938593001004	0.00292149431378194	0.0126076537039108	0.0340843040578823	0.067725494438465	0.106528195170489	0.138243521830836	0.151821136094573	0.143634228911914	0.120541588816178	0.0888629336325726	0.0592898324052394	0.0361935251618282	0.0196363534128004	0.00977478212558881	0.0045698771933363	0.00198025974406976	0.000774379350535923	0.000254255572078093	0.000100235369761556	3.72826680210665e-05	2.68924162774906e-05	7.33429534840653e-06	2.44476511613551e-06	3.05595639516939e-06	
0.000353714181865196	0.00279678144488584	0.0121817944530298	0.0324240032883222	0.0651992813503588	0.103144884988004	0.134976112095683	0.150734688749816	0.144997200779147	0.121550829337786	0.091706500168929	0.0613742893699131	0.0382480902483439	0.0210447741169038	0.0106583840628587	0.00509226451478342	0.00221864171314756	0.000864770189456634	0.0002640659323235	0.000100625586220271	4.75684589404919e-05	1.28068927916709e-05	6.09852037698614e-07	6.09852037698614e-06	6.09852037698614e-07	6.09852037698614e-07	
0.000324424420045784	0.00265128870614195	0.0113159723741063	0.0310937112695566	0.0624334747677996	0.100358932485699	0.132480595288434	0.14847824290762	0.145580901972792	0.123872412502612	0.0935265785009891	0.0641351841321221	0.0402401712766526	0.0226228317027057	0.0114301892111262	0.00549820412249877	0.00247631823240939	0.000949579341819401	0.00036877457484605	9.72058187403098e-05	4.7387836635901e-05	1.27582637096657e-05	2.43014546850775e-06	1.21507273425387e-06	1.21507273425387e-06	
0.000259001987097212	0.00251844555135275	0.0103655385421646	0.0293976353785796	0.0598622133691124	0.0969783505880012	0.129915881977586	0.147415803124522	0.145442050276714	0.126443920914016	0.0962832305008504	0.066431280161297	0.0418643047949942	0.023842133739649	0.0126365067850029	0.00589093044189257	0.00267433199323562	0.00119128782824104	0.000395478443998554	0.000134050208778651	4.30659041777566e-05	1.09181165521073e-05	2.42624812269052e-06	0	1.21312406134526e-06	
0.000278288175304537	0.0023885389020134	0.010068806447536	0.027607645268858	0.0577982665927805	0.0945280524202565	0.127213545464267	0.145482131225635	0.145539247139343	0.127799287387834	0.0988439496018899	0.06908109001468	0.0435150348528597	0.0252488795559055	0.013253930060956	0.00646260487453943	0.0029195953762845	0.00125472725328356	0.000482447186008302	0.000166486812300094	5.59006815022214e-05	7.8990093427052e-06	3.03808051642508e-06	0	0	6.07616103285016e-07	
0.000214713795026791	0.00213558111710782	0.00942429331485862	0.0264681892084725	0.0553310758985894	0.0913348689728834	0.125503558592232	0.144397764300212	0.144860645880993	0.129189580115921	0.101802318544034	0.0710866890220425	0.0452383110235765	0.0266464077408885	0.0138572512133154	0.00697120341303696	0.00320610882035754	0.00145737748692405	0.000577841658004111	0.000218971575664716	5.3526385162486e-05	1.94641400590858e-05	4.25778063792503e-06	
