# <P(N_1)> as a function of N_tot.
# number_of_species: 2
# species_total_upper_bound: 100
# species_total_lower_bound: 0
# volume: 512
# Bin widths for each species index 
1	1	1	1	1	1	1	1	1	1	1	1	1	1	1	1	1	1	1	1	1	1	1	1	1	1	1	1	1	1	1	1	1	1	1	1	1	1	1	1	1	1	1	1	1	1	1	1	1	1	1	1	1	1	1	1	1	1	1	1	1	1	1	1	1	1	1	1	1	1	1	1	1	1	1	1	1	1	1	1	1	1	1	1	1	1	1	1	1	1	1	1	1	1	1	1	1	1	1	1	1	
# Bin lower bound for each species index 
0	0	0	0	0	0	0	0	2	3	4	5	6	6	7	8	8	9	10	11	12	12	13	13	14	14	15	16	16	17	18	20	21	22	23	23	25	25	26	27	27	27	28	30	31	31	32	32	35	35	36	36	37	38	39	40	40	41	41	42	43	45	45	47	48	48	49	50	50	51	52	53	53	51	52	52	53	54	57	58	60	61	62	63	64	65	66	67	68	69	69	69	69	70	71	71	71	73	74	74	78	
# Bin upper bound for each species index 
0	1	2	3	4	5	6	7	8	9	10	11	12	13	14	15	16	17	18	19	20	21	22	23	24	25	26	27	28	29	30	31	32	33	34	35	36	37	38	39	40	41	42	43	44	45	46	47	48	49	50	51	52	53	54	55	56	57	58	59	60	61	62	63	64	65	66	67	68	69	70	71	72	73	74	75	76	77	78	79	80	81	82	83	84	85	86	87	88	89	90	91	92	93	94	95	96	97	98	99	100	
# Normalized histogram for each species index 
1	
0.0799386554969751	0.920061344503025	
0.00615953743860784	0.147064826873646	0.846775635687746	
0.000508269360978346	0.0176859585143287	0.202411012018755	0.779394760105938	
2.34092091828926e-05	0.00187993956822614	0.032502786596247	0.24631890185599	0.719274962770354	
5.40718831614749e-06	0.000164018045589807	0.00413289426964206	0.05032650405449	0.284535261176208	0.660835915265754	
9.0049527239982e-06	1.08059432687978e-05	0.00045024763619991	0.00772985141828005	0.0677568662764521	0.31330571814498	0.610737505628095	
1.25833421716332e-05	3.59524062046663e-06	5.21309889967661e-05	0.00101925071590229	0.012851187597858	0.0862408343834432	0.338110808911163	0.561709608819844	
1.42625122345613e-05	0.000105186027729889	0.00209658929848051	0.0183932923404961	0.106136267607517	0.353847580097377	0.519406822116165	
1.06545820029904e-05	0.000239728095067284	0.0032531990382464	0.0256988517912128	0.125855474146657	0.369035653782909	0.475906438563904	
3.18924445027171e-05	0.000499648297209234	0.00519138124405339	0.0337049984319548	0.146910773799294	0.376871244886135	0.436790060896851	
8.35512480245463e-05	0.0008710662028091	0.00753738918349098	0.042947119170745	0.164994160301069	0.380961692641624	0.402605021252238	
9.11583545738258e-05	0.00134592629400178	0.010524321406484	0.0521944139590252	0.182186227581301	0.383176100066849	0.370481852337765	
3.57726718250859e-06	0.000157399756030378	0.00206766043148997	0.0137885763549794	0.0622784330138834	0.197046608214121	0.383669059858412	0.340988685103902	
1.07860126987323e-05	0.000305603693130748	0.00286907937786279	0.0170832464460088	0.0733269096635483	0.212989595093083	0.379608323925533	0.313806455788134	
6.1205349347533e-05	0.000473441378776505	0.00411875997962222	0.021360666922289	0.0846559989343069	0.227667698156819	0.373910679793414	0.287751549485425	
1.43910775319302e-05	0.000104335312106494	0.00073394495412844	0.00560532469868681	0.0265209570066559	0.0968681417521137	0.239278647238712	0.365992084907357	0.264882173052707	
3.04815183382193e-05	9.68236464861085e-05	0.00103278556251849	0.00731735743166313	0.0324269564203939	0.107162260294236	0.247965358650924	0.359597643957936	0.244370332517504	
8.99298367413744e-06	0.000161873706134474	0.00144966896827096	0.00935809881130742	0.0379935574264958	0.118692995724736	0.257904383000383	0.350237144979487	0.224193284399511	
5.22391689288629e-05	0.000252189091380717	0.00211118296498715	0.0117141832946343	0.0456750471503533	0.129549536242274	0.264005951662557	0.339895053310973	0.206744617113912	
9.73966243051472e-05	0.000458124862472359	0.00311308469538304	0.01430287464333	0.051587745340293	0.140103240421763	0.270082642839364	0.328751483494879	0.191503407078209	
7.20890876945729e-06	0.000113540313118952	0.000742517603254101	0.00416855149593868	0.0169012866099926	0.058253389538792	0.150572477467655	0.275890345288708	0.319087928862488	0.174262753911284	
1.62698922029253e-05	0.000169929985230553	0.0010466963983882	0.00530217709235333	0.0202903633428482	0.0662943874295197	0.161187629820182	0.279612559633674	0.305042401146847	0.161037585258755	
5.43151582743712e-06	3.25890949646227e-05	0.000266144275544419	0.00134158440937697	0.00656308162481985	0.0242318026114728	0.0735445348087744	0.170352251906462	0.28037665751758	0.293732754937248	0.14955316729793	
3.62305713561103e-06	3.98536284917213e-05	0.000320640556501576	0.00155066845404152	0.00812108256947212	0.0280931850295279	0.0807506974384986	0.177261693416905	0.281167349009094	0.284192601717329	0.138498605123003	
3.61459718928923e-06	7.22919437857845e-06	6.86773465964953e-05	0.000336157538603898	0.00211815395292349	0.00935457752588052	0.0323795616216529	0.0873358972876063	0.187093357816205	0.282480770342953	0.27181770863455	0.127004294141461	
1.08275300779763e-05	9.02294173164689e-06	7.39881221995045e-05	0.000510698502011214	0.00282418076200548	0.0110549082096138	0.0362902716446838	0.096864888665922	0.19512291953521	0.281026738585528	0.259967192583864	0.116244362917153	
3.59738757714148e-06	1.61882440971367e-05	0.000111519014891386	0.000660120620405462	0.00352903721317579	0.0136412936925205	0.0417027154880126	0.104471732627766	0.201370964405649	0.280155551038836	0.247683732073768	0.106653548193302	
1.80441902218533e-06	5.413257066556e-06	1.44353521774827e-05	0.000175028645151977	0.000949124405669485	0.00453270058372955	0.0158879094903418	0.0461155369499905	0.112949413112713	0.206764766914173	0.277721740542589	0.236929239708045	0.0979528866193307	
8.99949062883041e-06	5.39969437729824e-06	3.77978606410877e-05	0.000253785635733018	0.00128512726179698	0.00528990059162651	0.0176102032624953	0.0523320380066488	0.119268449405764	0.212245786888462	0.274950637793901	0.227483724421198	0.0892281496867277	
8.94033755138459e-06	1.78806751027692e-06	6.25823628596921e-05	0.000334368624421784	0.0016110488267595	0.00601684717208183	0.0206539678112087	0.0571734586411045	0.126636305280342	0.216806761756097	0.270865406794299	0.216463452794124	0.0833650715316407	
5.35531631175795e-06	8.92552718626326e-05	0.000414144461442615	0.00178867564812716	0.0071671983305694	0.0237526129480838	0.0623198159199273	0.134029286439804	0.220048162144697	0.266148510061747	0.207500656026248	0.0767363274311797	
5.35259315296284e-06	9.45624790356768e-05	0.000515633140402087	0.00240331432568031	0.00903517724220127	0.0265256674683662	0.0685827760689128	0.139777617596472	0.224773228470086	0.264007736281304	0.193963702281632	0.0703152320527552	
3.02587478930122e-05	0.000113915286185458	0.00066391252729962	0.00312911051740679	0.0101669392920521	0.0293759044250749	0.0739434802187885	0.146434540538713	0.229560660779857	0.25780631197481	0.184496485535429	0.0642784801564911	
4.9925557427764e-05	0.000262109176495761	0.000854083643139248	0.0035411484661264	0.0114739629302736	0.0333413570836342	0.0798345324382394	0.155024204980074	0.23164388813109	0.249752601032389	0.175345689908797	0.0588764966523131	
1.24335471311366e-05	5.86152936182155e-05	0.000298405131147279	0.0011243479048585	0.00418477672013684	0.0132488325787354	0.0371034808603304	0.0851484831960611	0.161163637913793	0.234059748522628	0.244461298808333	0.165476302547279	0.0536596369759482	
8.68410932053048e-05	0.000411165992318994	0.00139654656011796	0.00487196255553842	0.0152060526469697	0.0406363148184578	0.0900134515081108	0.168182841263343	0.233698243151516	0.237870160159788	0.157483664127008	0.0501427561236263	
7.07188571832679e-06	0.000102542342915738	0.000394257628796719	0.00165305328665889	0.00550369506028783	0.0169583819525476	0.0450691276828966	0.0976539019129451	0.172122626498356	0.233989250733708	0.231577737703759	0.14856440719918	0.0464039461122308	
5.31062745063329e-06	0.00011329338561351	0.000520441490162063	0.00192775776457989	0.00632495729370425	0.0187677574105381	0.0497393367026314	0.103905966489941	0.176882838707393	0.234228764128482	0.224798859985307	0.139428753507227	0.0433559625069702	
3.0279875104421e-05	0.000137150022531789	0.000523663722394105	0.00222824257386063	0.00685571995746568	0.0209892969547351	0.0533727327943516	0.110646225969802	0.181397825904968	0.233509490959676	0.217893981251414	0.132103970404094	0.0403114196096033	
8.94756903496889e-06	5.90539556307947e-05	0.000150319159787477	0.000667488650008679	0.00246952905365141	0.00825860621927628	0.0236716886389137	0.0582701485833314	0.116844514513852	0.184409397810709	0.231913831331166	0.211253894429422	0.124734480888887	0.0372880991963293	
3.59178630308211e-06	1.25712520607874e-05	9.33864438801349e-05	0.000247833254912666	0.000800968345587311	0.00290395922604189	0.00971757784298865	0.0268270518977203	0.0620139864158642	0.122063265723942	0.188188051563684	0.229531307805311	0.20468512605374	0.118828862158017	0.0340824602299462	
3.58962669677167e-06	4.84599604064175e-05	6.64080938902759e-05	0.000308707895922364	0.000924328874418705	0.00336527502822344	0.0109393873584117	0.0297274934893146	0.0678421497556362	0.126306399765956	0.192097077864387	0.22785334939093	0.19804329448759	0.112267369754882	0.0302067086533336	
5.58656197569665e-05	9.37100718503955e-05	0.000317172550878262	0.00115515684723276	0.00385292564646434	0.0125733686788502	0.0335067570368154	0.0724523024744865	0.13102289949775	0.195270164335028	0.223893184935025	0.191202786793367	0.106474464906479	0.0281292406060158	
5.41665839121635e-05	9.93054038389664e-05	0.000438749329688524	0.00151124769114936	0.00493096468880395	0.0145491444388071	0.0360009172208209	0.0759848839119829	0.136958401869108	0.195909700693513	0.22273660415241	0.18486693978662	0.100114291492055	0.0258446827372903	
7.21305563069155e-06	5.22946533225137e-05	0.000147867640429177	0.000465242088179605	0.00177801821296547	0.00580109999098368	0.0161734739879181	0.0388080425570282	0.0811955639707871	0.142463258497881	0.197704445045532	0.221119826886665	0.177659363447841	0.0933639888197638	0.0232603011450726	
7.21516338737491e-06	3.42720260900308e-05	0.000138891895206967	0.000586232025224211	0.00200761921253707	0.00638722338867364	0.0181497435009416	0.0427336089525747	0.0860967409106979	0.146929587220503	0.199768032497096	0.217192652077606	0.171520667835523	0.0869463263995613	0.0215011868943772	
1.80314685188591e-06	1.80314685188591e-06	2.70472027782887e-05	0.00024703111870837	0.000668967482049673	0.00249014580245444	0.0074487996451407	0.020103284251676	0.0468241174497733	0.0919803240615522	0.149305968776709	0.2017883610477	0.212825422928094	0.164207174360694	0.0822108744180344	0.0198688751609309	
4.33508783971735e-05	0.000243848690984101	0.000852567275144413	0.00270942989982335	0.00854734819064271	0.0221902308795532	0.0502436680623241	0.095567011426569	0.154132241854551	0.202027737337028	0.208978328173375	0.157860417396708	0.0771916578459671	0.0194121620889343	
3.59820305739314e-06	5.75712489182902e-05	0.000280659838476665	0.000949925607151788	0.00321679353330947	0.00958741204642402	0.0241835227487393	0.0532749944677628	0.100382668895154	0.157502343329741	0.204036104369478	0.204793526113059	0.150367106666931	0.0735436722900583	0.0178201006417395	
1.44056671894723e-05	7.92311695420979e-05	0.00035654026293944	0.00113084487437358	0.00383730959759569	0.0107250192225622	0.0262939440375844	0.0567853393525013	0.104235806366224	0.162481520230059	0.20510428802691	0.198954868845404	0.144380799406487	0.0687600502037502	0.0168600327368787	
3.59430374742109e-06	7.18860749484217e-06	0.000113220568043764	0.000420533538448267	0.00137661833526228	0.00450725689926604	0.0116113982560438	0.0283842166933843	0.0597319368265173	0.109588524106995	0.165697402756112	0.202853517745078	0.19570085328771	0.140371938551783	0.0644638377099972	0.015167961814117	
1.07876222821934e-05	2.69690557054835e-05	0.000163612271279933	0.000451282198805091	0.00177276592837378	0.00525716792552226	0.0129523384868202	0.0302269176347059	0.0642816432425435	0.113847171755128	0.167529976105417	0.201715951117688	0.192303750676474	0.135634572891065	0.0598928789107378	0.0139322141774528	
1.08024024543058e-05	4.86108110443763e-05	0.000149433233951231	0.00066614815134886	0.00187241642541301	0.00565505768482911	0.0144086044736349	0.0338079188811592	0.0681091474743983	0.11807566002679	0.169646329343646	0.201853692261159	0.188032018320875	0.128807846865143	0.0564263492200665	0.0124299644240879	
2.15494794004935e-05	3.23242191007402e-05	0.000184966364854236	0.000712928610166326	0.00215135636014927	0.00565314676272946	0.0163057727463734	0.0362929148903311	0.0730383688480726	0.121293040595628	0.170689834751409	0.201185939683007	0.18426241519382	0.122738651505411	0.0540640522359381	0.0113727377536104	
2.15231966251628e-05	4.84271924066162e-05	0.000220612765407918	0.000810707072881131	0.00236396442933038	0.00673496694395718	0.0172454612959117	0.0393444034307975	0.0768862391442377	0.124951124407664	0.174438334248069	0.199875165459574	0.178344794435536	0.118164143071862	0.0503319953079431	0.010218137597796	
3.58983931879209e-06	2.33339555721486e-05	5.74374291006735e-05	0.000251288752315446	0.000825663043322181	0.00274981691819474	0.00776661736620669	0.0186689593773783	0.0425198518114329	0.0806816386898522	0.129096006662742	0.177162160221708	0.199076334343275	0.172594089688546	0.112302738329432	0.0469999712812854	0.00922050229031749	
1.25778478942886e-05	2.33588603751074e-05	8.26544290196107e-05	0.000282103159914758	0.000907401883802247	0.00307258855703335	0.00842536125375988	0.0207480585193357	0.0447519828078788	0.0834809733098068	0.133936111720039	0.180008768556818	0.195905371459785	0.167332094714788	0.107427398865119	0.044500425849993	0.00910276820463799	
1.25542748202497e-05	2.51085496404994e-05	2.15216139775709e-05	9.50537950676048e-05	0.000378421712438955	0.00103662440658633	0.00347036025388331	0.00913233819781591	0.0227591067812812	0.0481617851461407	0.0890887210601547	0.13840729295759	0.180415689973977	0.192308175164416	0.163006497733953	0.101953265815248	0.0414829109417679	0.00824457162124111	
5.37492811033652e-06	2.86662832551281e-05	7.16657081378203e-06	0.000116456775723958	0.000467618745599278	0.00142793923464607	0.00396311366002146	0.0102374464074876	0.0248662090811202	0.0523589663654915	0.0923376816501746	0.141898102112884	0.180920080193927	0.18915805334437	0.158031844657411	0.0971876584484016	0.0391491847129878	0.0078384368275741	
3.56438890334447e-06	1.24753611617056e-05	1.24753611617056e-05	0.000130100194972073	0.000540004918856687	0.00163427231218344	0.00433429690646687	0.0114042622962506	0.0277184703068582	0.0544905953598785	0.0963650361963693	0.14338645460929	0.180331345592455	0.186790018285315	0.154621408432631	0.0934725346013053	0.0379411376816502	0.00681154719429127	
1.95060362315757e-05	1.5959484189471e-05	0.000145408633726291	0.000633059539515683	0.00184952688995758	0.00532160133917805	0.013148841696103	0.0300197897603949	0.0584312181696954	0.100434807280362	0.145587734604418	0.179576116099928	0.185773715793506	0.148316806400817	0.0888003433062377	0.0355009859414677	0.0064245790242726	
1.77829308759694e-06	1.06697585255816e-05	3.55658617519388e-05	0.00021517346359923	0.00072020870047676	0.00223531441110935	0.00573855179367532	0.0148380775229089	0.0322742412467968	0.0619077172585122	0.104453379379269	0.147007932965464	0.18019266027311	0.181441022020603	0.145211856946991	0.0847552268479577	0.0329215399306821	0.00603908332547921	
2.31135765592774e-05	8.17865016712894e-05	0.000252471374724415	0.000823198918995804	0.00231313562335538	0.00649847094801223	0.0163573003342579	0.0344036697247706	0.0655536590569661	0.106336675912097	0.149797311713249	0.181228219899011	0.179292013370315	0.140975037337316	0.0802218903349691	0.0303872413057393	0.00545480406798947	
1.77874225135407e-05	0.000183210451889469	0.000295271213724775	0.00084846005389589	0.0027339268403312	0.00750984978521687	0.0173978779604941	0.0369676002098916	0.0676758064372682	0.109716379548022	0.15358905717767	0.182310408310284	0.175428454539795	0.134540506407919	0.077355721769137	0.0282908955077864	0.0051387863641619	
3.55601704754573e-06	4.26722045705487e-05	0.000144018690425602	0.000312929500184024	0.00105258104607353	0.00312040495922137	0.00863934341701234	0.0187366538235184	0.0386752414091073	0.0707825193313977	0.114274385831406	0.156078922242353	0.181083056112171	0.171417801776942	0.131158354773153	0.0733250715203929	0.0264958830212632	0.00465660432376113	
7.10097407611889e-06	1.24267046332081e-05	0.000136693750965289	0.000420732714010044	0.001194738888307	0.00385760416685159	0.00940346492030044	0.0202750562308385	0.0414838905526866	0.0748282895706218	0.115719248787952	0.156809035279414	0.179805539824925	0.17116187913077	0.126933462097663	0.0688474941550107	0.0249439466858866	0.00415939556508664	
5.33796431392924e-06	4.98210002633396e-05	0.00011921453634442	0.000469740859625773	0.00133093243560636	0.0042543575582016	0.00997131733841982	0.0222130488316975	0.0443887319131976	0.0784894272720155	0.118912051699964	0.158551774695202	0.180332448417472	0.167775777029672	0.121928001537334	0.0643883048760525	0.0228536045493691	0.00396610748524943	
3.55992239369182e-06	1.24597283779214e-05	4.27190687243018e-05	0.000133497089763443	0.000530428436660081	0.00177818123564906	0.0046759580641142	0.0108969224470907	0.0241060144888841	0.0466189637065912	0.0812961677435432	0.122582367704384	0.161714814617041	0.179457467827201	0.164306438119649	0.115960912052117	0.0608248340186184	0.02118509816486	0.0038731955643367	
1.24688279301746e-05	3.56252226576416e-06	2.67189169932312e-05	0.000160313501959387	0.000714285714285714	0.00195226220163876	0.00505700035625223	0.0119611685073032	0.0257142857142857	0.0489953687210545	0.084561809761311	0.124609903811899	0.163277520484503	0.179668685429284	0.159121838261489	0.112634485215533	0.0581599572497328	0.0199839686498041	0.00338439615247595	
1.24490478256849e-05	1.77843540366927e-06	4.6239320495401e-05	0.000204520071421966	0.000693589807431015	0.00209321847011873	0.0056074068277692	0.0130910630064095	0.027117583035149	0.051508824596473	0.0875114709083537	0.128792513498325	0.164692010556793	0.177334907841477	0.15564155278752	0.108047064514523	0.0552648801690225	0.0192426710677015	0.0030962560377882	
1.77429227916715e-06	5.32287683750144e-06	9.93603676333602e-05	0.000232432288570896	0.000846337417162729	0.0022302853949131	0.00623308877671419	0.0141854667719413	0.0289298356118203	0.0554608280622067	0.090896993461733	0.131352631719023	0.166102146006512	0.175362177411485	0.151485526210733	0.10336671959972	0.0531506995147311	0.0170988546943338	0.0029595195216508	
3.55172285196242e-06	0	2.13103371117745e-05	0.000127862022670647	0.000236189569655501	0.00101224101280929	0.002646033524712	0.0069738078198282	0.0149261152853721	0.0311521611345623	0.0584471512518935	0.0943408623938257	0.134214278991382	0.166572250034185	0.17291562704779	0.147227791520972	0.0997536880202164	0.0500491025684284	0.0167836663369484	0.00259630940478453	
3.56698258242405e-06	0	1.78349129121203e-06	5.35047387363608e-06	1.42679303296962e-05	2.31853867857563e-05	9.27415471430253e-05	0.000372749679863313	0.0011414344263757	0.00293919364791742	0.00749958087954657	0.0161958844154964	0.0338613656549515	0.0605334779150273	0.0971164512803684	0.136763462684012	0.166984722613599	0.169865061048907	0.144063292538943	0.0954988246792391	0.048434272995445	0.0162743580323097	0.00231497169599321	
3.56164676299734e-06	1.78082338149867e-06	3.56164676299734e-06	1.24657636704907e-05	8.90411690749335e-06	2.49315273409814e-05	0.000138904223756896	0.000438082551848673	0.00137123400375398	0.00336397536765099	0.008035075097322	0.0173220690318376	0.0356503032742219	0.0632548465108328	0.100055561689503	0.139442032418109	0.168692056459224	0.167844384529631	0.140211348118916	0.091753363084956	0.0459844213570587	0.0143552172782608	0.00203191947828998	
1.77860304959279e-06	3.55720609918558e-06	5.33580914877837e-06	8.89301524796394e-06	1.42288243967423e-05	1.77860304959279e-05	5.8693900636562e-05	0.000183196114108057	0.000393071273960006	0.00135529552378971	0.00362123580897092	0.00852662301974783	0.0193903304466606	0.0371461246907454	0.0667580868634157	0.104203016866493	0.143314497927038	0.166445230586992	0.167487491974054	0.13544240082954	0.0884588226714974	0.0423681032443498	0.0128521856363575	0.00194401313320492	
3.54727542642685e-06	3.54727542642685e-06	8.86818856606712e-06	5.32091313964027e-06	2.30572902717745e-05	2.48309279849879e-05	8.86818856606712e-05	0.000166721945042062	0.000524996763111173	0.00153951753506925	0.00425673051171222	0.00982417929348915	0.0207338248674649	0.0405737363274703	0.0702768471106555	0.10665238297095	0.144679175542245	0.166264346512053	0.163971032948868	0.133164719508064	0.0848756591281152	0.0387256058303019	0.0117556707631786	0.00185699868573445	
1.76601065257626e-06	3.53202130515251e-06	2.29581384834913e-05	1.76601065257626e-05	1.76601065257626e-05	3.53202130515251e-05	8.65345219762366e-05	0.000192495161130812	0.000550995323603792	0.00176777666322883	0.00469758833585284	0.010698492533307	0.02269676890691	0.0432319407750668	0.0727896610672356	0.110705909778048	0.14479697941538	0.166993967307611	0.162570110622907	0.128895819499583	0.0804453172461536	0.0361678981647617	0.0108803916305223	0.00173245645017731	
1.76470484429127e-05	1.05882290657476e-05	1.05882290657476e-05	4.41176211072817e-05	5.99999647059031e-05	0.00025058808788936	0.00058411730346041	0.00209823405986232	0.00536646743148975	0.0120070517605578	0.0242841033622921	0.0458046789384242	0.0762334845685385	0.113228756924261	0.14658344318621	0.166238725741926	0.160508729112512	0.12445933855333	0.0758328965688844	0.0343940974152368	0.0102264645726679	0.00175588132006981	
3.53541781567746e-06	1.41416712627098e-05	8.83854453919364e-06	2.65156336175809e-05	9.89916988389688e-05	0.000238640702558228	0.000784862755080395	0.00237933618995093	0.00610389885876713	0.0130138729795087	0.0262204262299719	0.0483609803006519	0.0800524656003846	0.11489047275607	0.148381485723983	0.166175243590288	0.15575283186967	0.120216579695388	0.0733811321822013	0.032718524175187	0.00968704481495623	0.00149017860930805	
1.77346785678183e-06	8.86733928390915e-06	6.02979071305822e-05	0.000136557024972201	0.000313903810650384	0.000941711431951152	0.00269744461016516	0.00677819414862015	0.0144218406113498	0.0285244570084789	0.0504977237540058	0.0827074469688774	0.117561410758211	0.150909700337136	0.165764267105541	0.150627718947908	0.116350132212029	0.0705077615820752	0.0309647487794107	0.00891344944818548	0.00131059274616177	
1.77821087091434e-06	5.33463261274301e-06	4.97899043856015e-05	0.000131587604447661	0.000378758915504754	0.00116472812044889	0.00309053049364912	0.00718397191849393	0.0149085199417458	0.0305229895992446	0.0527915243357049	0.0849789193101253	0.122097293029591	0.152430014065648	0.162795205232208	0.148846919160756	0.112790137331226	0.0666153356461929	0.0296054327898528	0.00837715141287745	0.00123407834441455	
3.56329027097041e-06	8.90822567742602e-06	3.02879673032485e-05	0.000197762610038858	0.000429376477651934	0.00130950917458163	0.00320161630846691	0.00753992221337339	0.016138141637225	0.031791675797598	0.0556835370644546	0.088086317143524	0.124210953910622	0.152081228765017	0.161912346622624	0.14647260987851	0.109514163188005	0.0642835381334417	0.0282301671717631	0.00773233988800579	0.00114203453184602	
1.7839589974864e-06	2.49754259648096e-05	6.42225239095105e-05	0.000228346751678259	0.000524483945261002	0.00134688904310223	0.00354829444600045	0.00839531104217101	0.0172009326537639	0.0331459581732973	0.0585227749125414	0.0906661481292514	0.125665639700937	0.153946741688089	0.161858599841941	0.142875492149688	0.106058146359564	0.0610649164839595	0.0263597781468591	0.00749262778944289	0.00100793683357982	
1.42922223512492e-05	4.10901392598415e-05	9.11129174892138e-05	0.000241181252177331	0.000562756255080438	0.00156321181966788	0.00419655378788555	0.00877899757925484	0.0186049004457387	0.0342673896149139	0.0605668652690064	0.0932156607026414	0.128269122546874	0.154347068754522	0.159511920606705	0.14129291016445	0.102618156481969	0.059071541505507	0.0247880731404479	0.00708179617504399	0.000875398619014015	
2.32391432979205e-05	5.18411658184379e-05	8.58060675615524e-05	0.00028244497239011	0.000681085661269823	0.00201823021410401	0.00453520819590955	0.00991775130898944	0.0199838756098041	0.0362655769296086	0.062402462634139	0.096476409588113	0.12880205791552	0.154701189307849	0.158886022727882	0.139570719394495	0.0982050443241968	0.0565569242815083	0.0234179059386737	0.0063782510220754	0.000757953596793713	
1.25452525180114e-05	2.86748628983118e-05	7.88558729703574e-05	0.000288540807914262	0.000883544213054231	0.00212910857019965	0.004874726692713	0.0103480411484283	0.0208376644324169	0.0378902469622567	0.0654503745653966	0.0988619663787233	0.131759202838811	0.156236782680383	0.15808093480053	0.13504605899853	0.0953403347790243	0.0533639198537582	0.0218717516756873	0.00589985304132765	0.000716871572457794	
5.39589695995165e-06	6.11534988794521e-05	0.000125904262398872	0.000390303213436503	0.0009262956447917	0.00216915057790056	0.00498401015867534	0.0112990082341388	0.0221861296670012	0.0406508890639558	0.0689379795603423	0.102029216983406	0.134874041778632	0.155635654648206	0.154935986675732	0.13172823385098	0.0908920856580656	0.0512628197518607	0.0206554935626949	0.00546424498811104	0.000786002323832957	
7.2383778795172e-06	5.97166175060169e-05	0.000150196340999982	0.000358299705036101	0.000997086552903494	0.00249000199055392	0.00541611624834874	0.011829319049601	0.0231302365139972	0.0423752737011636	0.0717956605924612	0.104936573713831	0.136314941821538	0.155811512640017	0.154515842999584	0.127636126743997	0.0885669821393026	0.0485767539494399	0.0191798917862507	0.00506867411013192	0.000783554405457737	
1.270848727245e-05	5.08339490898e-05	0.000121638378179164	0.000442981556353971	0.00111653138179382	0.00259071590539802	0.00570429528714827	0.0126649153160873	0.0251773287849052	0.0456833807480942	0.0740723258165657	0.107305020034022	0.138449891342434	0.155644474622059	0.151390762382151	0.125049699262726	0.0853320455399564	0.0458721925589992	0.0179280445450634	0.00474752774535096	0.000642686356349614	
5.44922502938041e-06	5.44922502938041e-06	5.81250669800577e-05	0.000127148584018876	0.000410508285546657	0.00124060689835561	0.00279726884841527	0.00660627714395218	0.0139264027667532	0.0271807344465495	0.047615328306726	0.0765688772961672	0.109402274506527	0.138473890038272	0.155288382070597	0.148513178950734	0.122578500627569	0.0832423615488151	0.0440333710540799	0.0168798827326774	0.00439934100705311	0.000646641370153141	
1.80896923124235e-06	1.44717538499388e-05	5.42690769372704e-06	3.07524769311199e-05	0.000117583000030752	0.000495657569360403	0.00129341300033828	0.00315665130851789	0.00717618094033839	0.0151103199885673	0.0280806293765749	0.0497719794284019	0.0791840101591712	0.110591333952001	0.138840197467081	0.154203773148023	0.147365869453926	0.121036322293194	0.0802151226209793	0.0424944962111139	0.0162065553427002	0.00403761932413292	0.000569825307841339	
7.22086830941421e-06	9.02608538676776e-06	1.44417366188284e-05	1.80521707735355e-05	2.34678220055962e-05	0.000142612149110931	0.000545175557360773	0.00146042061557902	0.00338658723711526	0.0074735987002437	0.0157505189999097	0.0301182417185667	0.0520769022474953	0.0811138189367271	0.112614856936547	0.139931401751061	0.153540933297229	0.14665764058128	0.116904052712339	0.0778535968950266	0.0401877425760448	0.0157071937900533	0.00396064626771369	0.000501850347504287	
3.60574106091719e-06	1.08172231827516e-05	1.98315758350446e-05	1.62258347741274e-05	2.34373168959618e-05	0.000165864088802191	0.000602158757173171	0.00153424282142027	0.00374275922123205	0.00853478909119099	0.017069578182382	0.031505162519764	0.0543691665870399	0.0842102796071906	0.115219652731078	0.141208031427639	0.153501805574836	0.144543341908987	0.11353577165563	0.0735246659731625	0.0380189337463109	0.0146068570377755	0.00359312096720398	0.000439900409431897	
8.9546358149614e-06	8.9546358149614e-06	2.32820531188997e-05	1.61183444669305e-05	3.58185432598456e-05	0.000214911259559074	0.000762934971434712	0.00170675358633164	0.00415495101814209	0.0089564267421244	0.018104482690689	0.0338897147053029	0.0571735587513656	0.0873811272095564	0.117567204541791	0.142987624693304	0.152703404552537	0.140602109712198	0.109674588534484	0.0704138832673675	0.0368339989612622	0.0131722692838082	0.00322904167487508	0.000377885631391371	
8.91670902103452e-06	7.13336721682761e-06	1.7833418042069e-05	1.7833418042069e-05	1.24833926294483e-05	7.66836975808968e-05	0.000292468055889932	0.000793587102872072	0.00199199279529911	0.00451720479005609	0.00961934569189204	0.0192779249034766	0.0362161053598338	0.0599844849263034	0.0895594254072707	0.120257871224888	0.143978100562644	0.151243435072983	0.13764723715771	0.105925153144477	0.0685694923717554	0.0343204130219619	0.0123175418416571	0.00297283078761291	0.00037450177888345	
1.77437098548565e-06	1.77437098548565e-06	1.77437098548565e-05	0	3.54874197097129e-06	4.25849036516555e-05	6.03286135065119e-05	0.000275027502750275	0.000965257816104191	0.00219489690904574	0.00494162319457752	0.0105929947833493	0.0207761098690514	0.0383867418999965	0.0613204868873984	0.092648781007133	0.121642002909968	0.145152418467653	0.149966286951276	0.134939139075198	0.10246460129884	0.0665761737464069	0.0318464104474964	0.0119202242804926	0.00293126086802229	0.000331807374285816	
3.54799910590423e-06	3.54799910590423e-06	5.32199865885634e-06	0	1.95139950824732e-05	0.000111761971835983	0.00041156789628489	0.000917157768876242	0.00239135139737945	0.00550826861191631	0.0112879591554343	0.0225156023260682	0.0404276758122257	0.0643695737788674	0.0933709184705285	0.124623468594886	0.145546019322403	0.148380870608021	0.132526636603288	0.100301934723912	0.062237226316219	0.0306618082732243	0.0112684451603518	0.00279227529634663	0.000317545919978428	
3.54891199230596e-06	0	1.77445599615298e-06	1.06467359769179e-05	5.14592238884364e-05	0.000156152127661462	0.000432967263061327	0.00108774152564178	0.00278057254597172	0.00601895473895091	0.0123395669972478	0.0238912755322037	0.0417973109893834	0.0671933252063249	0.095265219065465	0.127624198611311	0.144822226126025	0.147537143800139	0.12942349699141	0.0974282809247755	0.0597104442705478	0.0288384588494782	0.0105988256650217	0.00272378995409482	0.000262619487430641	
1.77487172114635e-06	0	0	1.77487172114635e-06	1.59738454903172e-05	4.96964081920979e-05	0.000211209734816416	0.000500513825363272	0.00112881841464908	0.00306520346241975	0.0061073335924646	0.0130967784303389	0.0253966394578832	0.0442031802151499	0.0690726827718527	0.0994868845854166	0.128316125951997	0.145290999093041	0.146130513417143	0.12680393524558	0.0940557771187087	0.0574046760770365	0.0268875317036461	0.0100919206064382	0.00241737528420133	0.00026268101472966	
1.24502434911906e-05	2.13432745563267e-05	5.51367926038439e-05	0.000265012325741056	0.000526467439056058	0.00153671576805552	0.00340069507930805	0.00658262159441375	0.0134444843642728	0.0272535830022161	0.0447283890452086	0.0714857409139902	0.102856797299364	0.129393601997731	0.145331692272667	0.144561555782427	0.12492218597818	0.0911944763605448	0.0547063699002913	0.0261170536320917	0.00914559314738598	0.0022997378334442	0.000158295952959423	
