# <P(N_1)> as a function of N_tot.
# number_of_species: 2
# species_total_upper_bound: 100
# species_total_lower_bound: 0
# volume: 512
# Bin widths for each species index 
1	1	1	1	1	1	1	1	1	1	1	1	1	1	1	1	1	1	1	1	1	1	1	1	1	1	1	1	1	1	1	1	1	1	1	1	1	1	1	1	1	1	1	1	1	1	1	1	1	1	1	1	1	1	1	1	1	1	1	1	1	1	1	1	1	1	1	1	1	1	1	1	1	1	1	1	1	1	1	1	1	1	1	1	1	1	1	1	1	1	1	1	1	1	1	1	1	1	1	1	1	
# Bin lower bound for each species index 
0	0	0	0	0	0	0	0	2	3	3	5	6	6	7	8	8	8	9	10	10	11	12	13	14	14	15	16	16	17	18	19	20	21	22	23	24	25	26	26	26	27	28	29	29	29	30	31	32	33	36	36	37	38	39	40	40	41	41	42	43	45	45	47	47	48	49	50	50	51	52	53	53	51	52	52	53	54	57	58	60	61	62	63	64	65	66	67	68	69	69	69	69	70	71	71	71	73	74	74	78	
# Bin upper bound for each species index 
0	1	2	3	4	5	6	7	8	9	10	11	12	13	14	15	16	17	18	19	20	21	22	23	24	25	26	27	28	29	30	31	32	33	34	35	36	37	38	39	40	41	42	43	44	45	46	47	48	49	50	51	52	53	54	55	56	57	58	59	60	61	62	63	64	65	66	67	68	69	70	71	72	73	74	75	76	77	78	79	80	81	82	83	84	85	86	87	88	89	90	91	92	93	94	95	96	97	98	99	100	
# Normalized histogram for each species index 
1	
0.0798482368885366	0.920151763111463	
0.00633028735093297	0.146581154688739	0.847088557960328	
0.000484012624929749	0.0175377113147834	0.201375963484293	0.780602312575994	
2.76026952970315e-05	0.00174321637222022	0.0323535438145014	0.246358302094514	0.719517335023468	
3.18230806439294e-06	0.000172905404832017	0.00421974049338504	0.0498731319851662	0.284148287069646	0.661582752738906	
5.29488820902524e-06	1.69436422688808e-05	0.000459596296543391	0.00783219863879014	0.0680604930388105	0.314700621725774	0.608924851769605	
7.4080188629326e-06	3.17486522697111e-06	5.29144204495186e-05	0.0010773376003522	0.0128857196678668	0.0871754494021729	0.338104097481062	0.560693898544007	
1.15864846816139e-05	0.000121131430762327	0.00206555422369499	0.0185099359372729	0.10764370927614	0.354308381663019	0.51733970098443	
1.68209993355705e-05	0.000267033364452182	0.00341886811495471	0.0261881933405664	0.126699972245351	0.368549146754809	0.474859965180531	
1.04791705526924e-06	2.6197926381731e-05	0.000520814776468813	0.00530350821671763	0.0343318585647309	0.147009139932556	0.376768098051503	0.436039334614587	
5.88184013368582e-05	0.000922188506674313	0.0075739195007158	0.0437335820511447	0.164929948334336	0.380650636551645	0.402130906654147	
9.69322011933197e-05	0.00146451912672516	0.0106362018592018	0.0529702871195016	0.181962813857512	0.383014949684812	0.369854296151054	
1.05588481563723e-05	0.000194282806077251	0.00220257572541927	0.0138785500167358	0.0631735885195756	0.197543378387938	0.382627315951358	0.34036974974474	
1.485636547508e-05	0.000349124588664381	0.00303069855691633	0.0172195887545803	0.0739475591522109	0.212999956492073	0.378649492708177	0.313788723381903	
6.69544645874648e-05	0.00056539325651637	0.00419049926775197	0.0213776040504263	0.0847250297044014	0.226792838635489	0.374221255810691	0.288060424810136	
1.48726371097792e-05	0.000118981096878233	0.000829680684481253	0.00557086492883443	0.0267473755107157	0.0963226342414849	0.238092860496789	0.367155480673008	0.265147249730699	
3.1821629161341e-06	2.65180243011175e-05	0.000166533192611018	0.0011604287434169	0.00734761417335363	0.0324803368849807	0.106960981379043	0.247767447534089	0.359168606902111	0.244918351003177	
8.49609551310576e-06	3.3984382052423e-05	0.000217712447523335	0.00154522737144611	0.0094168598643386	0.0383503131342203	0.118222107052927	0.257087602178824	0.349795934405895	0.22532176306726	
1.90987308893324e-05	5.72961926679972e-05	0.000320434262698799	0.00222924631102708	0.0118422741919911	0.0454242093390672	0.12917214428879	0.26377681647499	0.339891625312609	0.20726685489527	
3.18516984918221e-06	8.49378626448589e-06	9.76785420415877e-05	0.000544664044210157	0.00315119470412426	0.0146040037585004	0.0516018750033179	0.139487081481953	0.270273340659224	0.329102366050336	0.191126116800178	
3.18007155160991e-06	2.01404531601961e-05	0.000118722671260103	0.000753676957731549	0.0042443354975487	0.0170557837551345	0.0585408771697363	0.150757652047171	0.274952166423745	0.318911355505499	0.174642109447463	
5.31276796273412e-06	2.76263934062174e-05	0.000202947736176443	0.00103811485991825	0.00532870626662232	0.0204817830499326	0.0664212876236945	0.161192567650131	0.278853377167211	0.305521347232951	0.160926929251994	
1.06151816204499e-05	4.67067991299797e-05	0.000300409639858733	0.00135555869293146	0.00660795055873008	0.024465870598813	0.0735600240752319	0.170104039395062	0.280176042171994	0.294181712802015	0.149191070084614	
7.42562966687565e-06	6.68306670018808e-05	0.000342639768914405	0.00171744206152452	0.00798891671732007	0.0280572112941706	0.0809934643850889	0.177622122435904	0.280883989387714	0.284397373024385	0.13792258462831	
2.11878546979301e-06	1.2712712818758e-05	6.88605277682727e-05	0.000418460130284119	0.00214844846637011	0.00934066574358246	0.032417417687833	0.0876086009977361	0.186475368589217	0.282863157181041	0.272494880484609	0.126149308693271	
6.34837333513909e-06	1.69289955603709e-05	8.57030400243777e-05	0.000576643911275134	0.00278905201857111	0.0110874340298204	0.0362217021258586	0.0961609270317969	0.194884480766545	0.281581041217872	0.260427203202966	0.116162535286375	
3.16073274213583e-06	1.68572412913911e-05	0.000110625645974754	0.000684825427462764	0.00350841334377078	0.0133625244561696	0.0414814565077907	0.104017607388529	0.201631570241491	0.279763830049508	0.248694880771893	0.106724248193378	
1.05356426057173e-06	5.26782130285864e-06	1.1589206866289e-05	0.000160141767606903	0.000921868728000261	0.0044829159287327	0.0155421799719541	0.0461166148137456	0.112109772967437	0.206584987341425	0.277869145211708	0.237456527304698	0.0987379353722611	
5.2441464836949e-06	1.25859515608678e-05	3.98555132760812e-05	0.000250670201920616	0.00122713027718461	0.00523470702002425	0.0176947990652833	0.0519527103846686	0.118989683715037	0.212573575375166	0.274681051010862	0.227112447086562	0.0902255402519708	
1.04354395876749e-05	1.56531593815124e-05	5.42642858559095e-05	0.000354804945980947	0.0015600982183574	0.00613603847755285	0.0206266898889982	0.0572029056437988	0.126876161594869	0.217297158534155	0.26993977707814	0.216055341223221	0.083870671510102	
4.17010265750217e-06	1.66804106300087e-05	7.2976796506288e-05	0.000409712586099588	0.00179314414272593	0.00717570414789686	0.0238112861743374	0.0623857782818969	0.133688278571198	0.220385755346332	0.266223523757596	0.206750562181965	0.077282427500159	
1.04265501673461e-06	1.56398252510192e-05	8.13270913052998e-05	0.00047023741254731	0.00229384103681615	0.0086602925689977	0.0264584137046575	0.0686671740921081	0.140537384395625	0.224958033135576	0.263006600006256	0.194636582593917	0.0702134314819256	
1.04042032981324e-06	3.64147115434636e-05	0.000104042032981324	0.000648181865473651	0.00286635800863549	0.00997450970191958	0.0295999583831868	0.074451438381106	0.1469063101493	0.228794673047911	0.257107631483119	0.185360245539198	0.0641491962752952	
1.04161892579923e-06	4.47896138093671e-05	0.000240613971859623	0.000855169138081171	0.00344671702546967	0.0114703076109012	0.0332130610680344	0.0797796767648149	0.15520017832516	0.231633133481382	0.249713554795405	0.175323214352676	0.059078542233481	
1.45545577597625e-05	6.9653954993149e-05	0.000302526879149348	0.00109471066578785	0.00410542489952157	0.0130959831499806	0.0372752620340202	0.0858646135037187	0.161542076186872	0.233143223086024	0.244000923174806	0.164910416696989	0.0545806312103778	
4.15173340059141e-06	9.03002014628633e-05	0.000418287140109585	0.00136799615549487	0.00479629001103323	0.0150199335099896	0.0409610017302349	0.090866913072044	0.167840050319009	0.23327552044573	0.237034915039966	0.157616406820052	0.0507082338214734	
1.86169470068603e-05	0.000107564582706304	0.000420949857321787	0.00166828530678143	0.00549096509219009	0.0169383189517418	0.0454501732927484	0.0981775043155117	0.172087818207581	0.233113136221236	0.231112848692832	0.148699761392796	0.0467140571395475	
3.42195150783627e-05	0.000128582420294454	0.000500849266146945	0.00195569713447855	0.00635860807456121	0.018866359313204	0.0497893944390177	0.104067767083315	0.176726167144703	0.233738990130262	0.22507004631041	0.139922560200423	0.0428407589681053	
9.38264294456526e-06	3.7530571778261e-05	0.000133442032989373	0.000531683100192031	0.00222681392551016	0.00702238698606573	0.0213152797382868	0.0539908550506767	0.110273160011593	0.180959906924182	0.232927238646481	0.218670833950155	0.132158695937733	0.039742790481413	
1.04681788299926e-06	1.46554503619896e-05	5.33877120329622e-05	0.000168537679162881	0.000684618895481515	0.00245792838928226	0.00822798856037417	0.0243489839585628	0.0585087451165946	0.116178989108907	0.184743466809592	0.231822007461718	0.211625750045013	0.124414305394462	0.036749588600572	
2.10351392000337e-06	1.05175696000168e-05	8.20370428801313e-05	0.000216661933760347	0.000818266914881309	0.00289022812608462	0.00980342662417569	0.0271447953806834	0.0624606905836199	0.121274939786914	0.188806150674702	0.229849914281808	0.204444724912967	0.118435195994909	0.033760346659094	
2.10290347883322e-06	3.15435521824984e-05	7.14987182803296e-05	0.000298612293994318	0.000984158828093949	0.00332469040003533	0.010988722128643	0.029965323121634	0.0679826636637205	0.126377138915701	0.192337860884523	0.22817343906732	0.19769605894859	0.111590573104285	0.0301756134695174	
1.05532209485657e-06	3.693627331998e-05	9.70896327268045e-05	0.000307098729603262	0.00114291382872967	0.00400916863836011	0.0128232187746022	0.0335624085827235	0.0724257000479116	0.132346888593868	0.195219813039138	0.224347758179274	0.190314675942244	0.105401349545895	0.0279639248695094	
3.18074925729505e-06	2.12049950486337e-06	4.13497403448356e-05	8.90609792042614e-05	0.000395473157657018	0.00141331291999143	0.00490683585425383	0.0146770373229118	0.0362393365381149	0.0768956735448602	0.13727477644634	0.196471700873858	0.221664295241387	0.184888472328542	0.0989711336402403	0.0260662401635329	
4.24532006529302e-06	1.06133001632326e-06	4.24532006529302e-06	4.24532006529302e-05	0.000127359601958791	0.000422409346496656	0.00165567482546428	0.0058097205093535	0.0162754958003171	0.0395897322688901	0.0815897450048503	0.142479309371332	0.198593949994375	0.220009467063746	0.176939633671332	0.0930372505609129	0.0234182468101726	
2.12317605906676e-06	0	4.24635211813352e-06	4.88330493585354e-05	0.000141191207927939	0.000577503888066158	0.00198410802719789	0.00659883119157948	0.0183315020939824	0.0432798823760463	0.0858155915433898	0.146574520825703	0.200502131137969	0.21619771015462	0.171102512248072	0.0871638083408972	0.0216755043870125	
2.12520428526192e-06	1.06260214263096e-06	3.18780642789288e-06	3.61284728494527e-05	0.000259274922801954	0.000699192209851172	0.00251942968017801	0.0077909989097702	0.0204689050735002	0.0469457626614358	0.0913327793634163	0.149560188973165	0.201927347766304	0.212625626138313	0.16394038376939	0.0818479926382924	0.0200396138078773	
1.06400297069629e-06	3.19200891208888e-06	1.06400297069629e-06	6.59681841831702e-05	0.000283024790205214	0.000908658536974635	0.00271107956933416	0.00877908851121512	0.0222929902420288	0.0499113153523925	0.095432554447692	0.15415381439745	0.202377621038318	0.208764830871408	0.157787384542378	0.0771189353160674	0.0194074141855004	
1.06492076457051e-06	0	5.32460382285256e-06	8.83884234593525e-05	0.00031095686325459	0.00099783075640257	0.00325333293576291	0.0098952437443892	0.0242045840579232	0.0532960895044604	0.100481663661815	0.157471963298571	0.203390281746087	0.205111193701633	0.150214528288023	0.0732782627308615	0.0179992907627708	
2.45801864460577e-05	0.000110076487127998	0.000347328721520381	0.0011371007990698	0.00397771538922725	0.01071054906793	0.0260977457831621	0.0568496964346974	0.104693426296311	0.161378542352196	0.205066083296908	0.199441495415795	0.144671496495186	0.0688149037151349	0.0166792595592879	
4.26700802730885e-06	3.62695682321252e-05	0.000133344000853402	0.000411766274635304	0.00135797530469104	0.00454223004507027	0.0116115955943142	0.0282859962130304	0.0600570712323653	0.109108462010294	0.165015867936102	0.203408272661813	0.195811931621196	0.140165879937062	0.0649086593594154	0.0151404112328986	
9.58251127808341e-06	2.6618086883565e-05	0.000169291032579474	0.000464219435249374	0.00170568700749885	0.00506276012525407	0.0129821733348523	0.0302903181500217	0.0640367287010054	0.113657101545872	0.167164779799214	0.202047250298389	0.191845069957656	0.135546751475441	0.0611704931053831	0.0138211754334223	
6.37720531731379e-06	3.40117616923402e-05	0.000166870205803044	0.000640909134390036	0.00179305756171806	0.00558962046062554	0.0142721855001483	0.0336918385589217	0.0682966803457721	0.117730650230483	0.169074593107729	0.201162564529346	0.188964033624878	0.128987480483095	0.0570685475170883	0.0125205797729927	
1.27027544864541e-05	3.28154490900064e-05	0.000177838562810357	0.000669011736286583	0.00212559425073332	0.0057691676625979	0.0162754041857693	0.0366474466934201	0.07224479901596	0.121145110974439	0.170667857902754	0.201136473101388	0.184565729873809	0.122606986303255	0.0543074511182129	0.0116156104149884	
1.68952630962048e-05	3.90702959099736e-05	0.000189015755888791	0.000795133319465138	0.00242024643853134	0.00671269921891087	0.0175415069096346	0.0397725052824096	0.0763496939317495	0.124534984282126	0.174464710547185	0.199818164730927	0.178459384315494	0.117721969438581	0.0505791379403196	0.0105848823297723	
2.11214653227782e-06	1.58410989920837e-05	4.32990039116954e-05	0.000257681876937894	0.000918783741540853	0.00277324839688078	0.00789414766438836	0.0192163091506636	0.0426970421499962	0.0800577460861925	0.129233797723951	0.176804617997178	0.198302045402702	0.173016483191538	0.112126466885767	0.0472159796558046	0.00942439782702365	
7.40022644692928e-06	2.11435041340836e-05	7.82309652961095e-05	0.0003034092843241	0.000922913955452751	0.00322967025648128	0.0087967548949855	0.0213686824531116	0.0453295585130619	0.0831848883147253	0.133583601943934	0.178699611065241	0.196188460509749	0.167606671621294	0.106880413397793	0.044721682769207	0.00907690632476211	
7.39604332813497e-06	1.47920866562699e-05	2.43012852210149e-05	0.00010143145135728	0.000407838960665728	0.00110095387827381	0.00364413620553393	0.00952187749616462	0.0230112039490645	0.0484398574888108	0.0883383415112441	0.136707408299629	0.180317649495167	0.193458305334026	0.163073246186811	0.10184879951651	0.0416376107821633	0.00834485002937286	
3.17144850624775e-06	1.69143920333214e-05	1.37429435270736e-05	0.000134257986764488	0.00047466012643508	0.00136266570818445	0.00416939763621371	0.0106232953464279	0.0252278157176988	0.0516808677083113	0.0916971478106434	0.14127428800981	0.181009366344588	0.190070194726938	0.158064993551388	0.0969205235004334	0.0394633909127429	0.00779330612935281	
2.10837689767098e-06	8.43350759068393e-06	3.47882188115712e-05	0.000153911513529982	0.000532365166661923	0.00164980492242754	0.00454776896827631	0.0117341716239878	0.0275269687759923	0.0544477791939043	0.0962305383634989	0.143307431923145	0.180847082586177	0.187670844415489	0.154319484459681	0.0925166324582515	0.0374131480491716	0.00705673747650478	
1.47221973931195e-05	2.20832960896792e-05	0.000167202098964714	0.000609919606286378	0.00186761589787001	0.00532312594314077	0.0130890850680113	0.0298450488724374	0.0585670044008854	0.0998753871149225	0.14605786875161	0.180512016993622	0.185664786081214	0.148387130696307	0.0884888190168727	0.0348789887953562	0.00662919516901608	
1.05232585059498e-06	7.3662809541649e-06	3.36744272190395e-05	0.000198889585762452	0.000714529252553995	0.00220883196039887	0.00574254216669683	0.0145747130307405	0.0320327988921113	0.0617957309244893	0.103442578787636	0.147782328502456	0.181125273078558	0.182289145469316	0.145398810450858	0.0838924691352828	0.0324874036595684	0.00627186206954611	
1.89501810268682e-05	5.89561187502566e-05	0.000251616292523417	0.000858022085383199	0.00236140311351474	0.00655992099880087	0.0162592553210529	0.0341892849359747	0.0650433380112206	0.106198920050239	0.150736056614719	0.181869098466193	0.180208852050673	0.139640725623487	0.0796686666126236	0.0305287416342847	0.00554819188953308	
1.05407399599452e-06	1.26488879519342e-05	0.000131759249499315	0.00031727627279435	0.000908611784547275	0.00264994202593022	0.00749762833350901	0.0173974913038895	0.0367966691261727	0.067494466111521	0.110120164435543	0.154258458943818	0.182844945715189	0.175338884789712	0.134486138926953	0.0762306313903236	0.0282808053125329	0.00523242331611679	
3.16779158465606e-06	3.3789776902998e-05	0.000135159107611992	0.000328394394276012	0.00101369330708994	0.00303368840757229	0.0086111134576234	0.0186878584884143	0.0384210881997652	0.0706702624620921	0.114127083350932	0.156691642943427	0.181873474180387	0.172161025181831	0.13020468157359	0.072780011657473	0.026411990302334	0.00481187541709256	
7.40068022823698e-06	2.00875606195004e-05	0.000134269484140871	0.000433468413368166	0.00115027715547455	0.00368130979353159	0.00930371228692649	0.0202820927854997	0.0411773847899105	0.0746739207429437	0.116282659466157	0.15767995018285	0.180762671814721	0.170607881301547	0.126214372332451	0.0685947905554633	0.0246823258012029	0.00431142485296434	
6.35386585083029e-06	4.55360385976171e-05	0.000130254249942021	0.000471245050603247	0.00132478102989812	0.00412789484775608	0.0100391080443119	0.0220585042787992	0.0440873571836278	0.0785824948877854	0.119811671416181	0.159582635731812	0.18032059489128	0.167115143697971	0.120929951805928	0.0647861341703493	0.0226441189147174	0.00393621989458937	
2.12085254030415e-06	9.54383643136868e-06	3.81753457254747e-05	0.000146338825280986	0.000494158641890867	0.0017390990830494	0.00455983296165393	0.0107824143149063	0.0238076301911843	0.0468061551382425	0.0811682079962503	0.123328635644957	0.162182654183329	0.179323384414067	0.163430775903298	0.116056232284254	0.0610688884717879	0.0212710905529805	0.00378466135817276	
8.50150370346755e-06	3.18806388880033e-06	2.55045111104027e-05	0.000167904698143484	0.000626985898130732	0.00192027714902073	0.0051699769396712	0.0119350485117055	0.025722362142804	0.0490876823838216	0.0842499017013634	0.125907269848354	0.163075844039915	0.179513501450569	0.159182155343726	0.111923358944113	0.0582693063835666	0.0199647187596306	0.00324651172676167	
7.43785143848047e-06	3.18765061649163e-06	3.50641567814079e-05	0.000207197290071956	0.000661968778024762	0.00218566577270776	0.00552632361879099	0.0128271060807623	0.0272512251203869	0.0514423056489419	0.0876200150457109	0.12960987406655	0.165068236974197	0.177195122469537	0.155226896970882	0.107998665436942	0.0551452931150997	0.0188475155451095	0.00314089840744975	
1.05912793524068e-06	5.29563967620341e-06	6.56659319849222e-05	0.000237244657493913	0.000868484906897359	0.00238939262190298	0.00604867963815953	0.0140535685727086	0.0289491438539335	0.0551551463555937	0.0914376920331338	0.132131505560951	0.166060668966386	0.174675615591634	0.15135679584144	0.103467267121597	0.053083492114263	0.017043486733893	0.00296979473041487	
2.11482886276135e-06	0	1.26889731765681e-05	9.72821276870222e-05	0.000270698094433453	0.00102040492628235	0.00283387067610021	0.00684887327205264	0.0151432320718027	0.0313290747729467	0.0579494830829552	0.09449266841704	0.135162942276804	0.166704557350458	0.171902806695125	0.147855087696666	0.0995344204258631	0.0498951573591286	0.0163307084782432	0.00261392847437303	
2.12215551580051e-06	0	1.06107775790025e-06	3.18323327370076e-06	8.48862206320203e-06	1.37940108527033e-05	0.000119901786642729	0.000372438293022989	0.0012350945101959	0.00304847639844743	0.0074965143595653	0.0166005615223495	0.0336892188133331	0.0607583734951265	0.0973050747104849	0.137080635543134	0.166910714550984	0.170304041220749	0.143857739182843	0.0954237838457278	0.0476805901290058	0.0157315388386292	0.00235665370029647	
2.12287182099945e-06	1.06143591049972e-06	2.12287182099945e-06	7.43005137349807e-06	6.36861546299834e-06	2.54744618519934e-05	0.000157092514753959	0.000457478877425381	0.00133316350358765	0.00332229439986414	0.0080637286120664	0.0176559249352524	0.0358521207489492	0.0633188978049505	0.100528595083429	0.139969430645778	0.168014690273001	0.168187704326413	0.140625398038466	0.0909915934275888	0.0451895724536153	0.0142540228421008	0.00203371120451747	
1.06175822915716e-06	2.12351645831431e-06	3.18527468747147e-06	5.30879114578578e-06	9.5558240624144e-06	2.44204392706146e-05	4.03468127079719e-05	0.000174128349581773	0.000456556038537577	0.00143337360936216	0.00357387819934298	0.00867668824867227	0.0194407931758675	0.0377699254858075	0.0666497493188821	0.104300757883024	0.142843643359658	0.166848935162672	0.167479619550791	0.13568526937868	0.0877320207170266	0.0420668610392065	0.0128982389678011	0.00188355909852479	
2.12225685037983e-06	2.12225685037983e-06	5.30564212594958e-06	3.18338527556975e-06	1.69780548030386e-05	1.69780548030386e-05	6.89733476373445e-05	0.000174025061731146	0.000592109661255973	0.00156516442715513	0.00421055759115358	0.00984621065733723	0.020879824022462	0.0405096387600502	0.070059943144739	0.107127281293473	0.14459997050063	0.167299629772292	0.164207501541289	0.132382137812993	0.0838535515437827	0.0388415448756517	0.0118273374271668	0.00190790890849147	
1.05930407959187e-06	2.11860815918374e-06	1.37709530346943e-05	1.05930407959187e-05	1.05930407959187e-05	2.75419060693887e-05	6.46175488551042e-05	0.000207623599600007	0.000623930102879612	0.00175102964356536	0.00465458212572668	0.0105104150777105	0.0224360604057558	0.0429261792173014	0.0730570244572126	0.110639014592973	0.145506008372739	0.167504576193624	0.161990898459348	0.127992534024847	0.0804891018796292	0.03670064914154	0.0110887951051677	0.00179128319858985	
1.05896418477231e-05	6.35378510863384e-06	6.35378510863384e-06	3.28278897279415e-05	6.5655779455883e-05	0.00024779761923672	0.000737039072601526	0.00207133394541463	0.00503431573440755	0.0117682689853746	0.0241126144872654	0.0457821986002611	0.0762485981961604	0.113416123153299	0.147097538014167	0.166459639168544	0.159871822975075	0.1242715650114	0.0759129065495876	0.0347297894037926	0.0103259597657148	0.00179070843644997	
2.12189884483827e-06	8.48759537935307e-06	6.36569653451481e-06	2.3340887293221e-05	0.000106094942241913	0.000264176406182364	0.000863612829849175	0.00232241828567549	0.00586598935655539	0.0127271492713399	0.0261799879476146	0.048183018019165	0.0797197396005738	0.115312470823891	0.148653867372835	0.166079961636069	0.156590830001952	0.120085682275355	0.0729721012739881	0.032759996265458	0.00977240512990265	0.00150018248330066	
1.0636770251081e-06	5.31838512554048e-06	4.36107580294319e-05	0.000131895951113404	0.000324421492657969	0.000959436676647503	0.00253793338190792	0.00649587559233514	0.0140405367314269	0.0282470070787706	0.0504353098225255	0.0821998968233286	0.118120269961229	0.150699633563265	0.166011264339696	0.151531428996899	0.116705579517835	0.0704122280310806	0.0308944991942647	0.00891999553255649	0.00128279449228036	
1.06595034803279e-06	3.19785104409837e-06	5.43634677496722e-05	0.000128979992111967	0.000356027416242951	0.00111711596473836	0.00294948461300673	0.00692547941116903	0.0148177757880038	0.0302900450896997	0.0530065129566265	0.08497969364587	0.121198554571328	0.151922441452677	0.163254559602614	0.149951499259165	0.113016319699828	0.0670472109409144	0.0293733277903915	0.00842740345154723	0.00117894108492426	
2.13148036640147e-06	5.32870091600369e-06	4.15638671448288e-05	0.000169452689128917	0.000410309970532284	0.00125011323489447	0.00315139372172458	0.00739090817049711	0.0159360129594006	0.0319231814475949	0.0558032217325738	0.0874557051736357	0.123574705722492	0.151878633507937	0.162298375279091	0.146937862018618	0.110125064610499	0.0645199106909727	0.0279778112893858	0.00799838007492154	0.0011499336576736	
1.06626404536314e-06	1.59939606804471e-05	5.75782584496094e-05	0.00019725884839218	0.000521403118182574	0.00128271564657185	0.00348028584406528	0.0081281308178032	0.0169898512988162	0.0330083360523067	0.0578320292924059	0.0902357936309916	0.12512715198741	0.15360919716715	0.162130779417692	0.144149302556688	0.106646663553176	0.0616609834793049	0.0263303243361973	0.00758007109848655	0.00101508337118571	
8.55186008301718e-06	2.77935452698058e-05	9.19324958924347e-05	0.000220210397137692	0.000544112097781968	0.00153612786741196	0.00410489283984825	0.00839792660152287	0.0181748406414323	0.0344982035748913	0.0603216140780721	0.0929886506126873	0.127685684934509	0.15433221197068	0.160492758177983	0.141881772672317	0.102552837133032	0.0589885928876318	0.0251178820463318	0.00709376793886275	0.000939635626621513	
1.38976045874924e-05	3.31404417086356e-05	9.4076092592256e-05	0.000244811650041212	0.000659601694652522	0.00188365994485858	0.00443119777039661	0.00940012593367849	0.0196266248170594	0.0363978264146425	0.0627669275496492	0.0958571240724685	0.129020015757746	0.154738067570154	0.159897286011633	0.139005979177112	0.0985671569670295	0.0564445865088469	0.0237061062867418	0.00639824334278014	0.000813544391621669	
7.48083836686886e-06	2.13738239053396e-05	7.80144572544896e-05	0.00026182934284041	0.000799381014059701	0.0020486810213268	0.00467552397929304	0.010179283634918	0.0206545947309249	0.0383670826012799	0.0651623769402089	0.098875309386101	0.131288713338549	0.155978686022802	0.158287059004578	0.134988522256563	0.0958712184362056	0.0536557788407693	0.0221336633451744	0.0059066562362406	0.000758770748639556	
3.21471740490866e-06	4.7149188605327e-05	0.000122159261386529	0.000332187465173895	0.000930124902486905	0.00217314896571825	0.00488529888299286	0.0111186359311107	0.0221161841733033	0.0404754352727366	0.0684702660071495	0.101800456061243	0.133806182544513	0.155769131854849	0.155645901020994	0.131515160607282	0.0920405740199398	0.0515329915731541	0.020916023008804	0.00554324437853083	0.000756530162621838	
4.30704956337285e-06	4.73775451971014e-05	0.000136748823637088	0.000340256915506455	0.000975546726103951	0.00240656394353458	0.00538811900377944	0.0118443862992753	0.0233474389206534	0.0422241603945257	0.0709209548728882	0.104423339901584	0.136103842964973	0.155571706991418	0.153765976461974	0.128716176201398	0.0896286246513982	0.049062678338771	0.019187905804826	0.0051555383273573	0.000748349861636033	
1.07855202233897e-05	4.63777369605757e-05	0.000122954930546643	0.000435735017024944	0.00107963057436131	0.00262195996630603	0.00566563377334661	0.0127980982970742	0.0251507546089224	0.0455601945276427	0.0733426160710723	0.106349543610712	0.138077308451857	0.15550455202881	0.151428703936391	0.126088124171537	0.085849505322115	0.0463453803999055	0.0181638946082106	0.0047078795775096	0.000650366869470399	
4.31642410161726e-06	5.39553012702157e-06	5.39553012702157e-05	0.000153233055607413	0.000445670788491982	0.00117946288576692	0.00278948907567015	0.0065285914536961	0.0139118348795124	0.0269744133170316	0.0470425480714757	0.0760208612776831	0.108540800459268	0.138504337466669	0.155356736265408	0.149675243041655	0.123280309660265	0.0832141820430283	0.0441041423642997	0.0171157006689378	0.00448044821747871	0.000618327752556672	
1.07490820283948e-06	8.59926562271582e-06	6.44944921703687e-06	5.48203183448134e-05	0.000155861689411724	0.000539603917825418	0.00129633929262441	0.00307208764371523	0.00700625166610771	0.0149508981932943	0.0279185907523497	0.0494747998520926	0.0783575832623894	0.110716619800669	0.139347874691501	0.154569649751911	0.148598534685138	0.121142154460009	0.0798560052971476	0.0420633077935144	0.0162139153316307	0.00415129547936606	0.000497682497914678	
4.29581866490252e-06	5.36977333112815e-06	9.66559199603066e-06	1.82572293258357e-05	5.90675066424096e-05	0.000183646247924583	0.000558456426437327	0.00148420534872382	0.00335181251329019	0.00769488518350663	0.0158601625108201	0.0301544991182832	0.0514316889655454	0.080521899009599	0.112699728719051	0.140130678803786	0.154815934909756	0.146927737886328	0.117265110005176	0.0771883437256347	0.0396654416423774	0.0156840339455591	0.00386194097974736	0.000423138138492898	
2.14645475434362e-06	6.43936426303086e-06	1.60984106575771e-05	2.2537774920608e-05	5.15149141042469e-05	0.000170643152970318	0.000626764788268337	0.00150573801017205	0.00375951550223285	0.0086115764744266	0.0170321184757166	0.0314423424690025	0.0539983622550224	0.0834305498465821	0.11535262495318	0.141754018431607	0.154305412607631	0.144644219758331	0.113724539022011	0.0730524411093307	0.0378580957297356	0.0146291623782289	0.00359531171352556	0.000407826403325288	
5.34707317255754e-06	7.48590244158055e-06	2.24577073247417e-05	1.71106341521841e-05	4.49154146494833e-05	0.000205327609826209	0.000718646634391733	0.00163941263470614	0.00414612053800111	0.00894137575915071	0.0182249642013451	0.0339293181091466	0.056365637141198	0.0866354183710462	0.11783345150365	0.143599927707571	0.153326253808453	0.140911419316409	0.109716594427708	0.0703225675362077	0.0362809608904374	0.0134382642972716	0.00327668644014326	0.0003903363415967	
5.32936544311542e-06	4.26349235449234e-06	1.2790477063477e-05	1.70539694179693e-05	1.91857155952155e-05	6.3952385317385e-05	0.000244084937294686	0.000707739730845728	0.00188126600141974	0.00445002014500138	0.00966533716763412	0.0194095489438264	0.0360051929336878	0.0592849270623045	0.088956702103394	0.120996847147404	0.144434330493137	0.151626842095165	0.137737449877318	0.106762112048843	0.0679749903538485	0.034093016612698	0.0123524032240529	0.00293754623224522	0.000357067484688733	
1.06205705582915e-06	1.06205705582915e-06	1.06205705582915e-05	1.06205705582915e-06	8.49645644663323e-06	4.56684534006536e-05	5.73510810147743e-05	0.000238962837561559	0.000843273302328348	0.00212730028282579	0.00500866107529029	0.0104750687416429	0.0207345399009526	0.038206440526398	0.0610873977371812	0.0923055028362234	0.121670318372844	0.145277722609814	0.150358603564901	0.135058609618626	0.103217077027812	0.0662245677162269	0.0319328694976152	0.0119449557069105	0.00282613382556138	0.000336672086697842	
2.11924571806403e-06	2.11924571806403e-06	3.17886857709604e-06	1.05962285903201e-05	2.22520800396723e-05	0.000100664171608041	0.000374046869238301	0.000896440938741083	0.00237249558137268	0.00538394374674166	0.0111843192770829	0.0225816227488312	0.0402349395803046	0.0640308901255865	0.0934089338922491	0.124217468518605	0.145384494750628	0.148685219956513	0.133076975242972	0.100507347424905	0.0626290090830871	0.0306411142146287	0.0112341215514574	0.00268932281622325	0.00032636384058186	
2.1182020277548e-06	0	1.0591010138774e-06	8.47280811101921e-06	4.2364040555096e-05	0.000138742232817939	0.000396103779190148	0.00111629246862678	0.00260538849413841	0.00576680502056245	0.0123300540035607	0.0237789359635754	0.0418471992603239	0.0666142764698469	0.0958454644528631	0.12719909086769	0.14505765216369	0.147677868072023	0.130157159999449	0.0972074683567095	0.0597746021222266	0.0290977412552677	0.0104300267846646	0.00263504332252697	0.000270070758538737	
1.06150689395652e-06	0	0	1.06150689395652e-06	1.06150689395652e-05	4.56447964401305e-05	0.000182579185760522	0.000480862622962305	0.00112519730759391	0.00284271546201557	0.00615249395737201	0.0130353046577861	0.0250091024216157	0.0439145402029813	0.0691773427722526	0.0991564204713728	0.128072929769642	0.145655729961138	0.145890322984703	0.127243892885462	0.0944072386278113	0.0574307074837298	0.0272541895023337	0.0102116963198617	0.00241598969064505	0.000282360833792435	
7.43590778624527e-06	2.12454508178436e-05	4.56777192583638e-05	0.000241135866782525	0.000498205821678433	0.00146274928880853	0.00313370399563194	0.00671568700352037	0.0135747808000612	0.0267597075776149	0.0453399165903601	0.0708557030225903	0.102353146132584	0.12926900777371	0.145435733573549	0.14474631869451	0.125265302567088	0.0913437535187778	0.0547282813067652	0.0264867035346057	0.00932462836395157	0.00220209097726949	0.000189084512278808	
