# <P(N_1)> as a function of N_tot.
# number_of_species: 2
# species_total_upper_bound: 100
# species_total_lower_bound: 0
# volume: 512
# Bin widths for each species index 
1	1	1	1	1	1	1	1	1	1	1	1	1	1	1	1	1	1	1	1	1	1	1	1	1	1	1	1	1	1	1	1	1	1	1	1	1	1	1	1	1	1	1	1	1	1	1	1	1	1	1	1	1	1	1	1	1	1	1	1	1	1	1	1	1	1	1	1	1	1	1	1	1	1	1	1	1	1	1	1	1	1	1	1	1	1	1	1	1	1	1	1	1	1	1	1	1	1	1	1	1	
# Bin lower bound for each species index 
0	0	0	0	0	0	0	0	2	3	3	5	6	6	7	8	8	8	9	10	10	11	12	13	14	14	15	16	16	17	18	19	20	21	22	23	24	25	26	26	26	27	28	29	29	29	30	31	32	33	36	36	37	38	39	40	40	41	41	42	43	45	45	47	47	48	49	50	50	51	52	53	53	51	52	52	53	54	57	58	60	61	62	63	64	65	66	67	68	69	69	69	69	70	71	71	71	73	74	74	78	
# Bin upper bound for each species index 
0	1	2	3	4	5	6	7	8	9	10	11	12	13	14	15	16	17	18	19	20	21	22	23	24	25	26	27	28	29	30	31	32	33	34	35	36	37	38	39	40	41	42	43	44	45	46	47	48	49	50	51	52	53	54	55	56	57	58	59	60	61	62	63	64	65	66	67	68	69	70	71	72	73	74	75	76	77	78	79	80	81	82	83	84	85	86	87	88	89	90	91	92	93	94	95	96	97	98	99	100	
# Normalized histogram for each species index 
1	
0.0797567755458552	0.920243224454145	
0.00632651970131699	0.14659809355282	0.847075386745863	
0.000484209111113912	0.0175187066470042	0.201385825382221	0.780611258859661	
3.65264018050304e-05	0.00176579062440318	0.0322715978004844	0.246411281022656	0.719514804150652	
3.12760959925938e-06	0.000180358820223958	0.00420976252060313	0.0498363738911321	0.284054716487402	0.661715660671039	
5.20290280353215e-06	1.66492889713029e-05	0.000458896027271535	0.00783973394436224	0.0679478294530084	0.314853663155748	0.608878025227835	
7.27808848284087e-06	3.11918077836037e-06	5.19863463060062e-05	0.00107091873390373	0.0128541439876231	0.087125997228088	0.338128553916599	0.560758002518219	
1.13818496747378e-05	0.000118992064781349	0.00205183708227318	0.0184468741819296	0.107590555548083	0.354339744073936	0.517440615199322	
1.65209211652619e-05	0.000262269623498532	0.00339917952975263	0.0261660414530563	0.126754702525326	0.368554904700099	0.474846381247102	
1.02893255449999e-06	2.57233138624996e-05	0.000517553074913493	0.00531443664399242	0.0343395950738825	0.147038577768266	0.376770407076587	0.435992678115942	
5.77558351442194e-05	0.000936469612695558	0.00760211180085788	0.0437221985583731	0.164946539755095	0.380624361204993	0.402110563232842	
9.71972048565514e-05	0.00147346826511261	0.0106296517651633	0.0529590344801914	0.181971779722181	0.383026265993593	0.369842602568901	
1.03659061201346e-05	0.000193842444446518	0.00221104777542472	0.013862326254456	0.0631065998687676	0.197593865871394	0.382558948316629	0.340463003562762	
1.45833940974754e-05	0.000353126471360297	0.00303334597227488	0.0171917382989096	0.0739148913120471	0.213000887503698	0.378526577194072	0.313964849853541	
6.5731265545966e-05	0.000568627614643674	0.00417654374572225	0.0213355341134835	0.0846702168505751	0.226558978682203	0.374370857886917	0.288253509840909	
1.45996819355007e-05	0.000116797455484006	0.000824882029355789	0.0055291081158589	0.0266590192142243	0.0961628907370232	0.238123940871288	0.367349897020101	0.26521886487473	
3.12168645989309e-06	2.60140538324424e-05	0.000165449382374334	0.00115918623877363	0.0073224358727559	0.0324062271401502	0.106952099802397	0.247694374408831	0.359197893069752	0.245073198344674	
8.33107699997917e-06	3.33243079999167e-05	0.000215566617374461	0.00156311832212109	0.00940891008685148	0.0383614854310291	0.11818361693708	0.256903338679108	0.349940641076375	0.225381667465062	
1.87307229642826e-05	6.13951474940374e-05	0.00032570646043447	0.00223936198995201	0.0118575882321111	0.0454448962942305	0.129273206325157	0.26368903669973	0.339788842316449	0.207301235811477	
3.12411158076922e-06	8.33096421538458e-06	9.68474590038458e-05	0.00054567815610769	0.00316472503131922	0.0145864769706115	0.0516728055459229	0.13949678893398	0.270239817218645	0.329006438793968	0.191178966814645	
3.11804286685333e-06	1.97476048234044e-05	0.000118485628940427	0.000771195935735058	0.00426444329423308	0.0170972683865791	0.0586347961111769	0.150678382193065	0.274783763727184	0.318952919631406	0.174675879443991	
5.20702073019093e-06	2.70765077969928e-05	0.000206198020915561	0.0010445283584763	0.00535177590649024	0.0205104546562221	0.0664395017089442	0.161039612930907	0.278882823288296	0.305437587608124	0.161055233993098	
1.04079283434949e-05	4.57948847113777e-05	0.000294544372120907	0.0013457451348139	0.00663297273330933	0.0244773658782314	0.073610073209368	0.17011654798159	0.280118983436823	0.294186339385891	0.149161225054798	
7.28385170077937e-06	6.55546653070143e-05	0.000342341029936631	0.00171066459944018	0.00803304787571668	0.0280813294069904	0.0809901876112088	0.177644818580065	0.280848672778165	0.284407354609117	0.137868744992352	
2.07862827163099e-06	1.24717696297859e-05	6.85947329638225e-05	0.000425079481548536	0.00215241957527389	0.00939436047363624	0.0324650556604685	0.0875985919372088	0.18630121610147	0.282927290622372	0.27246659384539	0.126186247171766	
6.22740619190998e-06	1.66064165117599e-05	8.92594887507097e-05	0.000577072973783658	0.00279195377603964	0.011139791776295	0.0362310492245322	0.0959996180524202	0.194740332730313	0.281544147639346	0.260733194047015	0.116130746468801	
3.1010668703723e-06	1.65390233086523e-05	0.000112672096290194	0.000680167333568325	0.00352281196474294	0.0133945415020948	0.0414653988127049	0.103933289849485	0.201557975995675	0.279821667981174	0.248786190742488	0.106705643631597	
1.0339133932107e-06	5.16956696605352e-06	1.13730473253177e-05	0.000157154835768027	0.000923284660137159	0.00447891281938877	0.0156069226705156	0.0460856555889739	0.112118602273162	0.206515928986692	0.277813562669109	0.237511618601756	0.0987707803668118	
5.14839210566148e-06	1.23561410535876e-05	3.91277800030273e-05	0.000249182177914016	0.00123046571325309	0.00526165673198603	0.0177094391650544	0.0518350413982209	0.118984489953942	0.212548279046971	0.274659511088092	0.227216048156	0.0902492542554035	
1.02459121372051e-05	1.53688682058076e-05	5.32787431134663e-05	0.000355533151161016	0.0015737721042747	0.00616803910659745	0.0206137506288429	0.0571496487189024	0.126821851251897	0.217399812909644	0.269945973305301	0.216016614771122	0.0838761105288018	
4.09287134365897e-06	1.63714853746359e-05	7.16252485140319e-05	0.000427705055412362	0.00178960799501488	0.00718196599028557	0.0237355841397143	0.0623630806633317	0.133653736945019	0.22054027948172	0.266116448329034	0.206727861914707	0.0773716398805291	
1.02363679728613e-06	1.5354551959292e-05	7.98436701883185e-05	0.000484180205116341	0.00229908824670466	0.00861390364916282	0.0264077820963877	0.0686542963571837	0.140501315885103	0.225100802633613	0.262941584118889	0.194573906064946	0.0703269188839493	
1.02182203130045e-06	3.57637710955158e-05	0.000103204025161346	0.000661118854251393	0.00286212350967257	0.00992189192392739	0.0295459840350526	0.0744284949378937	0.146827651321625	0.229011775477089	0.25713436142254	0.185234876012115	0.0642317328875464	
1.02319794378141e-06	4.39975115826007e-05	0.000236358725013506	0.000851300689226135	0.00344408427876823	0.011449584990914	0.0331628685558994	0.07976339570748	0.155251870405841	0.231756380662377	0.249754432493492	0.175231856654061	0.0590528461274004	
1.43012559567285e-05	6.8441724935772e-05	0.000298283338526051	0.00109404608068973	0.00410752501442895	0.0130958643832328	0.0372527287307125	0.0857983420758273	0.161527578439835	0.233313754232916	0.244060126566115	0.164917997619862	0.0544510105369611	
4.0792101017559e-06	8.87228197131907e-05	0.000416079430379101	0.00136551558156279	0.00479205206703774	0.0150278100148687	0.0409450713963748	0.0908633852140871	0.167970654162528	0.233339996043166	0.236966413823627	0.157609460504068	0.0506107597324854	
1.82965690883531e-05	0.000108762938469655	0.000415738708729801	0.00165990540673781	0.00548897072650593	0.0169446559279359	0.0454588423760738	0.0981671920153773	0.172245934349877	0.233139965704098	0.231140557293165	0.148678936888018	0.0465322410959238	
3.36248848602428e-05	0.000126348052202124	0.000496221785664795	0.00194922438598922	0.00636019791811016	0.0188808823169787	0.0498239278756409	0.104089397360548	0.176898481377927	0.233840695484891	0.225034032459222	0.139729737440596	0.0427372286573685	
9.21885563272079e-06	3.68754225308832e-05	0.00013111261344314	0.000533669309405281	0.00222686579394833	0.00704115706881364	0.0213529182799664	0.0539979103927233	0.110301559010919	0.180958965849261	0.23297072501178	0.218613893839756	0.132160490033393	0.0396646385184275	
1.02868487781795e-06	1.44015882894514e-05	5.24629287687156e-05	0.000168704319962144	0.000696419662282755	0.00244621263945109	0.00825519614448908	0.024348971057951	0.0585342269175972	0.11603359684811	0.184750775371227	0.231920091758691	0.211632368598365	0.12442972282086	0.0367158206590784	
2.06761942569803e-06	1.03380971284901e-05	8.68400158793172e-05	0.000219167659123991	0.000833250628556305	0.00291947862908562	0.00987391656742093	0.0271912630673548	0.062479323805743	0.121176971681884	0.188901845970623	0.229805561069207	0.204345929270875	0.118407395461162	0.0337466504565304	
2.0669164190673e-06	3.20372044955432e-05	8.16431985531585e-05	0.000300736338974293	0.00100555483787624	0.0033628730138225	0.0110342333031908	0.0299857899496189	0.067962278775352	0.126321663867717	0.192273866425526	0.228226844076993	0.197633380700168	0.111581449425139	0.0301955819661542	
1.03682921038198e-06	3.83626807841332e-05	0.000106793408669344	0.000318306567587267	0.00115399091115514	0.00403533928680666	0.0128317983076874	0.033563198369275	0.0723395740083506	0.132254823588694	0.195143699344413	0.224516034045324	0.190296522785877	0.105420646794798	0.0279798730713681	
3.12483073833501e-06	2.08322049222334e-06	4.06227995983551e-05	0.000101036193872832	0.000393728673030211	0.00141658993471187	0.00491640036164708	0.0146554561627912	0.0361907480011499	0.0768010482765517	0.13718736068463	0.196661222517114	0.221872356914	0.184789990542179	0.0989144338015024	0.0260537970859912	
4.17293911577507e-06	1.04323477894377e-06	4.17293911577507e-06	4.17293911577507e-05	0.000129361112589027	0.000427726259366944	0.00165352712462587	0.00582750947517988	0.0162442087429334	0.039533381948074	0.0815976514698656	0.142512130212392	0.198650680136914	0.220187218913429	0.17680743033539	0.0929355270474265	0.0234425287176454	
2.08766741787899e-06	0	4.17533483575799e-06	4.80163506112168e-05	0.000139873716997893	0.000587678378132936	0.00198432788069398	0.00661059887871383	0.0183380705986491	0.0432710825703779	0.0858730677333255	0.146563647238486	0.200585173177231	0.216161259782027	0.170964304018655	0.0871465448582317	0.021720091815613	
2.08999082494028e-06	1.04499541247014e-06	3.13498623741042e-06	3.55298440239847e-05	0.000260203857705065	0.000702236917179934	0.00251739394864057	0.00777685585960278	0.0204996750064267	0.0469620938364081	0.091287664247154	0.149648568042786	0.201920283569955	0.212553111891839	0.163982770115639	0.0818126908422872	0.0200346520478775	
1.04595617652812e-06	3.13786852958435e-06	1.04595617652812e-06	6.48492829447432e-05	0.000280316255309535	0.00090475209269682	0.00270798054103129	0.00878184805813006	0.0223928757832904	0.0499569589033359	0.0954675581002507	0.154125826436124	0.202404025676132	0.208636878532063	0.157838970862799	0.077045131963061	0.0193867977319486	
1.04670612050937e-06	0	5.23353060254685e-06	9.00167263638057e-05	0.000309825011670773	0.000993324108363391	0.00328247039391738	0.00996673567949021	0.0242626478734072	0.0534144600357136	0.100481694156658	0.157449721471501	0.203402213574104	0.20503926194658	0.150189767819648	0.0731521973501588	0.0179593836156998	
2.52145866383703e-05	0.000109263208766271	0.000344599350724394	0.00115671916203524	0.00402487839214986	0.0107361608690628	0.0262042591639263	0.0568998665728124	0.104781315991301	0.161396467856655	0.205012449702153	0.199448430917286	0.144456468066777	0.0687433680384102	0.0166605381213032	
4.19419544321636e-06	3.56506612673391e-05	0.000132117156461315	0.000418370995460832	0.00137464755651416	0.00457691577740985	0.0116263097685958	0.0283286445723441	0.0601741220238251	0.109219994987936	0.165025862457652	0.203362905906371	0.195741004237186	0.139916262887976	0.0648831549576963	0.0151798418578608	
9.41816659690247e-06	2.61615738802846e-05	0.000172666387609879	0.000465676015069067	0.00172457095018836	0.00509313520301381	0.0130305567182922	0.030386144830473	0.0640969024696526	0.113714943491	0.167103390539975	0.202010255336961	0.191772708246128	0.135434282126413	0.0611605274173294	0.0137986605274173	
6.27096855109272e-06	3.76258113065563e-05	0.000167225828029139	0.00064590976076255	0.00182485184836798	0.00560415556182652	0.0143166212021447	0.0337649850019335	0.0684058152781697	0.117721757125388	0.169089350850239	0.20112145820922	0.188877392113212	0.129009500517355	0.0569435299281974	0.0124635499952968	
1.24960038820919e-05	3.43640106757527e-05	0.000181192056290332	0.000677908210603484	0.00213889933115139	0.00577940179546749	0.0163135330680709	0.0367569954191732	0.0723789371523898	0.121197700318752	0.170678751690866	0.200996139776134	0.184513910655655	0.122567054077498	0.0541962101702893	0.0115765062631013	
1.66280583935841e-05	4.57271605823562e-05	0.000187065656927821	0.000814774861285619	0.00242873577911287	0.00674475618589754	0.0175831324975655	0.0398792802960626	0.0764215171232628	0.124444389017583	0.174398194192858	0.199736237423732	0.178529227450015	0.117640395373658	0.0505243554289052	0.0106055834941578	
2.07828051383407e-06	1.55871038537556e-05	4.88395920751007e-05	0.000259785064229259	0.000934187090968416	0.00280048299239142	0.00793591414207541	0.0192594255217004	0.0427148994008317	0.080050169691604	0.129099668098602	0.176613317205877	0.198340700837755	0.173115571101094	0.11212946856289	0.0472143767132825	0.00946552860025729	
7.27855768100993e-06	2.07958790885998e-05	8.11039284455392e-05	0.000312977980283427	0.000921257443624971	0.00325975404713802	0.00881433335170303	0.0213563280300376	0.0453838867290058	0.0831793571785815	0.133406604147322	0.178636601371072	0.19624447219539	0.167706287322104	0.106830510466046	0.0447288165377149	0.00910963483476114	
7.27108797289338e-06	1.45421759457868e-05	2.38907176252211e-05	0.000111143773299942	0.00040925838018857	0.00110936027929288	0.00365320234295229	0.00952200906393052	0.0230535037814851	0.0484482978902419	0.0882959374354042	0.136555187038351	0.180298052283277	0.193484689685546	0.163126858671863	0.101809773796453	0.0417111155199295	0.00836590607624047	
3.11815629654498e-06	1.66301669149066e-05	1.87089377792699e-05	0.000136159491615797	0.000483314225964472	0.00137614631220852	0.00419080206255645	0.0106443462109724	0.0251728757820076	0.0517000707821479	0.0917496702549716	0.141275346712996	0.180884246762574	0.190004853929968	0.158016727869146	0.0969310066343972	0.0395600489342661	0.00783592677321753	
2.07369927213156e-06	8.29479708852622e-06	3.62897372623022e-05	0.000153453746137735	0.000541235510026336	0.00167451216224623	0.00455176990232876	0.0117298799328121	0.0274765153557431	0.0545486593534206	0.096216535677996	0.143305061899923	0.180926114094934	0.187543288472306	0.154203388424611	0.0924900980859756	0.0375173672314041	0.00707546191651287	
1.55113631075672e-05	2.1715908350594e-05	0.00016545453981405	0.000625624978671876	0.00187790902688946	0.00530178391016646	0.0131205450072541	0.0297952603478889	0.058663975272819	0.0998818034131203	0.14607050638396	0.180449891575572	0.185559334583205	0.148321722216305	0.0885336901636242	0.0349471010813488	0.00664817022790329	
1.03470611242289e-06	9.312355011806e-06	3.31105955975324e-05	0.000204871810259732	0.000716016629796639	0.00220495872557318	0.0057322718628228	0.0145231349939677	0.0320303624161629	0.0618278290417173	0.103464403005614	0.14790192641584	0.180991827891124	0.182145525206476	0.145413458215463	0.0839094921869342	0.0325922078352086	0.00629825610631812	
2.17311443517134e-05	6.10541674643376e-05	0.000254564833834357	0.000857862793693829	0.00235213767197355	0.00654417889905883	0.016277661935831	0.0341479063077234	0.0650589069234391	0.106250808450311	0.150753087633427	0.181788266216866	0.180093236957433	0.139616393561372	0.0797398471576181	0.0305860682668378	0.00559628707876505	
1.03572956272534e-06	1.34644843154294e-05	0.000129466195340667	0.000319004705319403	0.000907299096947394	0.00264214611451233	0.00749246765675508	0.0173909350877211	0.0367580421811222	0.0674694951750538	0.110187125260098	0.154255346694935	0.182736873940319	0.175248549201815	0.134456340373878	0.0763508761754236	0.0283489538613552	0.00529257806552647	
3.11198477202118e-06	3.31945042348926e-05	0.00013277801693957	0.000335057027120947	0.00101139505090688	0.00301862522886055	0.00860360056638123	0.0186957671820459	0.0384381985757483	0.070663838218285	0.114216065102721	0.156611670980223	0.181682857631883	0.172063712701566	0.130241749350373	0.0729501096974632	0.0264352733100626	0.00486299487041177	
7.26836247946688e-06	1.97284124442672e-05	0.000134983874618671	0.000428833386288546	0.00114632459676163	0.00366429302714837	0.00927339218630267	0.0203181881426011	0.0411981168711153	0.0747083829139488	0.116218001034184	0.15766012721711	0.180643727714681	0.170480480293393	0.126297143118211	0.0687431339933006	0.0247425442176023	0.00431533063780919	
6.23962662074301e-06	4.47173241153249e-05	0.000131032159035603	0.000465892121015478	0.00130824171481579	0.00411399381860989	0.010035399481695	0.0221038773039821	0.0440507240046756	0.0785496195907637	0.119766513171852	0.159569091385571	0.180286731641979	0.16702856501067	0.121041476878024	0.0648837973535664	0.0226810427664009	0.00393304464660835	
2.08258273580564e-06	9.37162231112536e-06	3.95690719803071e-05	0.000144739500138492	0.000485241777442713	0.00171604817430384	0.00457126910509337	0.010767994035483	0.0239007607674734	0.046845616059212	0.081143671135195	0.123217048855308	0.162155098266666	0.179247896070791	0.163389028537631	0.116185208247861	0.0610759038929719	0.0213152343009707	0.00378821799643045	
8.35065223813137e-06	4.17532611906569e-06	2.50519567143941e-05	0.000164925381703095	0.000617948265621722	0.00190186104723442	0.00517218522999262	0.0119132492492242	0.0257617621546353	0.0491101858124506	0.0841745745603643	0.125893389310539	0.163055879433283	0.179484743880277	0.159251113507284	0.111905002980139	0.0582927717798058	0.0199695409959614	0.00329328847641306	
7.3069961356429e-06	3.13156977241839e-06	3.44472674966022e-05	0.000203552035207195	0.000656585795617055	0.00217017785228594	0.0055355715010449	0.0128592693421407	0.0272613587254929	0.0515320683183262	0.0875639101197721	0.129600015031535	0.165043121715766	0.177189437006386	0.155147361234924	0.107979657322758	0.0551438121225154	0.018899023576545	0.00317019246627821	
1.04052317505242e-06	5.20261587526208e-06	6.45124368532498e-05	0.000233077191211741	0.000870917897518873	0.00239840591849582	0.00609122266675685	0.0141032511146605	0.028961922054409	0.0551550119400034	0.0913392053524512	0.132070485039878	0.166006107871038	0.174801650269756	0.151362825228525	0.103435287262436	0.053042749894647	0.0170812284416605	0.00297589628064991	
2.07707398433679e-06	0	1.24624439060207e-05	9.55454032794921e-05	0.000270019617963782	0.00101465064134852	0.00284039867358055	0.00685122853733489	0.0151802952145254	0.0313991274212192	0.0578662426666307	0.0943188910917412	0.135116778292084	0.166833698032907	0.17214166059988	0.147742272505876	0.0994575721289905	0.0498705463639262	0.0163528034786835	0.00263372981213904	
2.08404972542645e-06	0	1.04202486271322e-06	3.12607458813967e-06	8.33619890170579e-06	1.35463232152719e-05	0.000118790834349308	0.000368876801400481	0.0012212531390999	0.00305834297206331	0.00750883116071149	0.0166202965602759	0.0336730334385778	0.0606854439546928	0.097343878624944	0.13711484156012	0.167019913095126	0.17039711567518	0.143722321214584	0.0953088040680651	0.047694519991247	0.0157491637750477	0.00236643846322173	
2.08480790058802e-06	1.04240395029401e-06	2.08480790058802e-06	7.29682765205807e-06	6.25442370176406e-06	2.50176948070562e-05	0.000154275784643513	0.000454488122328188	0.00132593782477398	0.00333465023699054	0.00807967301872887	0.0176614501298314	0.0358597382940642	0.0632853862262996	0.100659737460141	0.140015698603491	0.168131417950821	0.168163732473281	0.140404515276951	0.0909601687026553	0.0451381758556312	0.0142746796953262	0.00205249337812891	
1.04264740688377e-06	2.08529481376753e-06	3.1279422206513e-06	5.21323703441883e-06	9.3838266619539e-06	2.39808903583266e-05	3.96206014615831e-05	0.000170994174728938	0.000449381032366903	0.00142112841558257	0.00358045119523885	0.00870402055266568	0.0194537153176373	0.0377678170195507	0.0666710457857756	0.104359621602403	0.142866675633434	0.16679439097401	0.167432491187023	0.135556674663772	0.0877325234048277	0.0420822919892357	0.0129632352097859	0.00190908740200418	
2.08515132464451e-06	2.08515132464451e-06	5.21287831161127e-06	3.12772698696676e-06	1.66812105971561e-05	1.66812105971561e-05	6.77674180509465e-05	0.00017098240862085	0.000584884946562784	0.00155135258553551	0.00421513340276887	0.00986797864388013	0.0208661093057176	0.0405739170505952	0.0701997470711443	0.107167394905767	0.144445730287761	0.167268754111658	0.164166048940587	0.132294510943395	0.0838314238560078	0.0388661781157113	0.0119093417907071	0.0019068708863874	
1.04107347167812e-06	2.08214694335623e-06	1.35339551318155e-05	1.04107347167812e-05	1.04107347167812e-05	2.7067910263631e-05	6.35054817723651e-05	0.000204050400448911	0.000619438715648479	0.00173755162423078	0.00466400915311796	0.0105044313292322	0.0224569958575687	0.0430202790701548	0.0730937684465206	0.11058907060248	0.145391115687207	0.167579514589083	0.162059743042246	0.127882342040525	0.0804676918464167	0.0367040863174837	0.0111186646775223	0.0017791945630979	
1.04105721442239e-05	6.24634328653434e-06	6.24634328653434e-06	3.22727736470941e-05	6.45455472941882e-05	0.000247771617032529	0.00073186322173894	0.00207274491391498	0.00504600431830533	0.011771233923474	0.0241275420014533	0.0458273385788736	0.0761627047499276	0.113293051359517	0.147115959198886	0.166613919767803	0.159937619851712	0.124272040742815	0.0759076457323942	0.03466824629748	0.0103168769949259	0.00176771515008922	
2.08588419588121e-06	8.34353678352485e-06	6.25765258764364e-06	2.29447261546933e-05	0.000104294209794061	0.000264907292876914	0.000864598999192763	0.00232471793630961	0.00586550635881797	0.0127238935948754	0.0261736748899175	0.0481203054568816	0.0796484450776262	0.115349396032231	0.148654708987866	0.166238712759145	0.156738553189004	0.119956071278835	0.0729715297666104	0.0326983206546339	0.00977236745770348	0.00149036425795713	
1.04530235893383e-06	5.22651179466917e-06	4.28573967162872e-05	0.000129617492507795	0.000322998428910555	0.000953315751347656	0.00254635654636282	0.00650700718436311	0.0140561808205833	0.0282440697383922	0.0504191139808145	0.0821837620640958	0.118089898093473	0.150723192437028	0.166099590136945	0.151598110511456	0.116647380838144	0.0703927514553222	0.0308646427522393	0.00889865898160372	0.00127422357554034	
1.04765796062901e-06	3.14297388188704e-06	5.34305559920797e-05	0.000130957245078627	0.000356203706613865	0.00110737446438487	0.00295544310693445	0.00691454254015149	0.0148704570931682	0.0303171260646824	0.0529182512493321	0.0849116300510209	0.12121926433458	0.151992121612136	0.163237682161528	0.149996333197138	0.11307477134865	0.0670354422688081	0.0293501377670218	0.00837707305318959	0.00117756754774701	
2.0948703956058e-06	5.2371759890145e-06	4.29448431099189e-05	0.000170731937241873	0.000408499727143131	0.00124749532058325	0.00316115942696915	0.00740222454287309	0.0159922406000547	0.0319059235602741	0.0557884935053781	0.0874974992484652	0.123548123886445	0.15188334085741	0.162334649261087	0.147018004363615	0.110114767474623	0.0644717312951641	0.0279047211046671	0.00795003315132401	0.00115008384718758	
1.04794890201154e-06	1.57192335301731e-05	5.76371896106346e-05	0.000199110291382192	0.000521878553201746	0.00127849766045408	0.0035148206173467	0.00817609733349402	0.0171255809566726	0.033056500165052	0.0578635465734691	0.0902126812296632	0.125103091973235	0.153616733648067	0.162114551294479	0.144077254793056	0.106582691027985	0.0616204433871804	0.026253215893193	0.0075840062038575	0.00102489402616728	
8.40624878503436e-06	2.73203085513617e-05	9.24687366353779e-05	0.000218562468410893	0.000536949141144069	0.00153729274656316	0.00412326502905935	0.00844617846676327	0.0182499661123096	0.0345129051680567	0.0603116826893271	0.0929699592191856	0.127700376074555	0.154269376140754	0.160474238525208	0.141856499028553	0.102569895331695	0.0589551242916422	0.0251231252751733	0.0070843661635877	0.000932042834040684	
1.36596662628309e-05	3.25730503190583e-05	9.24654331637783e-05	0.00024062027493756	0.000653562493498524	0.00187978022647727	0.00443518856118532	0.00942937269558803	0.0196352448810401	0.0363840972063881	0.0627735216826187	0.095792087270557	0.129019750826672	0.15473564868179	0.159913712938961	0.13899866240345	0.0986417038016953	0.0563986605121114	0.0237352462470067	0.00637906414474203	0.000815377001535136	
7.35495760917647e-06	2.1014164597647e-05	7.67017007814117e-05	0.000257423516321176	0.000803791795859999	0.00204047538243153	0.004697716495804	0.0102328474508242	0.0206989521286823	0.0383466475577863	0.0651743807913724	0.0988632387660903	0.131307007488398	0.156066946925575	0.158210391714535	0.13503807241271	0.0957983228595235	0.053621843803816	0.0220795827427477	0.00589972671078941	0.000757560633745176	
3.16224198740584e-06	4.63795491486191e-05	0.000120165195521422	0.000326765005365271	0.000932861386284724	0.00216086535806066	0.00490569140312893	0.0112027692807164	0.0222158040421885	0.040537834117218	0.0684551604626992	0.101807326703869	0.133937813457237	0.155795230074186	0.155638172055478	0.131426993319237	0.0918736705407645	0.0514222710378689	0.0209013654560902	0.00552865307464788	0.00076104623830234	
4.23823994371617e-06	4.66206393808779e-05	0.000134564118212989	0.000335880515539507	0.000973735627068791	0.00240202248810114	0.00543554272781599	0.0119370028014766	0.0234501816085816	0.0423495530775979	0.0709025755784138	0.104449304292913	0.136199019271277	0.15557307361399	0.153667984759289	0.128548996172869	0.0895116276112856	0.0489802794695419	0.0192172394647951	0.00514204461171365	0.000738513310192543	
1.06142689740672e-05	4.5641356588489e-05	0.000121002666304366	0.000430939320347129	0.0010900854236367	0.00266524293938828	0.00575505663773925	0.0128729854117487	0.0252375473396396	0.045568118132568	0.0733424757570097	0.106383633646384	0.13817124636992	0.155401389195523	0.151291544248765	0.125923441400744	0.0858768659884856	0.0463259769373164	0.0181366013959887	0.00469469116722993	0.000654900395699947	
4.24773197660774e-06	5.30966497075967e-06	5.30966497075968e-05	0.000150794485169575	0.000442826058561357	0.00121909907728642	0.0028258036974383	0.00661159482158995	0.0139622950071096	0.0270336282321258	0.0470977902236325	0.0759802437985768	0.108625125971801	0.138545088082032	0.15519513549734	0.149587067355224	0.123182103455636	0.0831504153750907	0.0441084488450948	0.0171289791956707	0.00447073790537965	0.00062016886858473	
1.0575296108291e-06	8.46023688663283e-06	6.34517766497462e-06	5.60490693739425e-05	0.000156514382402707	0.000550972927241963	0.00132508460236887	0.00310596446700508	0.00706641285956007	0.0150031725888325	0.027951565143824	0.0495103637901861	0.0784084179357022	0.110767766497462	0.139351734348562	0.154421531302876	0.148489847715736	0.121034263959391	0.0798054145516074	0.0421150592216582	0.0162182741116751	0.00415291878172589	0.000492808798646362	
4.22569879852819e-06	5.28212349816024e-06	9.50782229668843e-06	2.2184918692273e-05	6.33854819779228e-05	0.000189100021234136	0.000569412913101674	0.00150751804637493	0.00338372831292145	0.00774253662360327	0.0159023610035612	0.030201069313081	0.0514838013118682	0.0805006185366616	0.112630719351271	0.140085084445308	0.154752484975	0.146850428221752	0.117216658972373	0.0771908399527144	0.0397247379802639	0.0156667782955433	0.00387390937355072	0.000423626304552451	
2.10980479031178e-06	6.32941437093533e-06	1.68784383224942e-05	2.95372670643649e-05	5.38000221529503e-05	0.000176168699991033	0.000629776729908065	0.00153382808255666	0.00379448391537573	0.00866074866422984	0.0170693756560174	0.031480397276242	0.0540405398990458	0.0833066970478556	0.115190067039047	0.141771497592185	0.154380745921484	0.144555385013002	0.11375223507445	0.0730604300837065	0.0379079175699268	0.0145682020771028	0.00360776619143314	0.000405082519739861	
5.25454597044633e-06	7.35636435862486e-06	3.1527275822678e-05	2.31200022699639e-05	5.1494550510374e-05	0.000203876383653318	0.000729330980697951	0.00166253834504922	0.00416054949939941	0.00895479724283464	0.0182353763358369	0.0339748433357119	0.0563276818939906	0.0864919284919348	0.117856313389529	0.143629861374568	0.153370738694582	0.140869122921696	0.109860996240898	0.0702501268972852	0.0362300944662275	0.0133791249499504	0.00329775305105212	0.000396192766171653	
5.23656167360511e-06	4.18924933888409e-06	1.25677480166523e-05	2.40881836985835e-05	2.30408713638625e-05	6.59806770874244e-05	0.000248213023328882	0.000726834760296389	0.00188620951483256	0.00445736129657267	0.00968344984683057	0.0194360223077527	0.0359657528866546	0.0592349383394863	0.0889555677741995	0.121090252140445	0.144415992459351	0.151619406697562	0.137750896761187	0.106737883905428	0.067938103841018	0.0340554551881235	0.01236980598539	0.00293980572356191	0.000352944256800984	
1.04338607997763e-06	1.04338607997763e-06	1.04338607997763e-05	1.04338607997763e-06	9.39047471979867e-06	5.21693039988815e-05	5.84296204787473e-05	0.000252499431354586	0.000850359655181768	0.00213789807787416	0.00501555688645247	0.0105058544392948	0.0207592094472349	0.0381639326473418	0.0610151311849318	0.0923469717805801	0.121688031735631	0.145184042870647	0.150363411371656	0.135048590489745	0.103168972202108	0.0662007600024207	0.0320382129717931	0.0119582478626236	0.00282966304889933	0.00033910047599273	
2.08261960224048e-06	2.08261960224048e-06	3.12392940336072e-06	1.24957176134429e-05	2.6032745028006e-05	9.89244311064229e-05	0.000381119387210008	0.000899691668167888	0.00238043420536087	0.00540335655801293	0.0111732541660202	0.0225537289824633	0.0401674842684122	0.0640926182589508	0.0934377697643203	0.124211598316827	0.145276254283688	0.148722989725396	0.132987757320668	0.100465569612081	0.06272537849008	0.0306894824586157	0.0112513524011042	0.00271052941231599	0.000324888657949515	
2.0815618374779e-06	0	1.04078091873895e-06	8.32624734991159e-06	4.26720176682969e-05	0.000140505424029758	0.000396537530039539	0.00111779870672563	0.00259362604949746	0.00574094754776404	0.0123218052969504	0.0237454166610291	0.0418206588767684	0.0666588955024734	0.0958288623119699	0.127030433474845	0.145096308662316	0.147755503909694	0.130142368421874	0.0972432835805361	0.0597980676861463	0.0291897416469525	0.0104317471485205	0.00262693103889711	0.000266439915197171	
1.04307481767052e-06	0	0	1.04307481767052e-06	1.04307481767052e-05	5.0067591248185e-05	0.000181495018274671	0.000477728266493099	0.00111400390527212	0.0028309050551578	0.00612806455381432	0.0130436505949699	0.0250400540729985	0.0439019760009346	0.0691391712144729	0.0990170062918273	0.127946686359919	0.145701905906307	0.145947028488459	0.127128915702866	0.0945046646305846	0.0575746007109598	0.0273389909711444	0.0102315208865301	0.00240533052954822	0.000283716350406382	
7.30431987912394e-06	2.08694853689255e-05	5.11302391538676e-05	0.000236868658937305	0.00049043290616975	0.00146921176997236	0.00311372721704369	0.00671997428879403	0.0135756002324861	0.0267578106657679	0.04539321762595	0.0707277293895571	0.102151956983817	0.129097593017905	0.145445704381653	0.144706924599593	0.125114651735246	0.0916201711923885	0.0549159637997907	0.0266044199483063	0.00937457282772135	0.00220173070642164	0.000202434008078578	
