# <P(N_2)> as a function of N_tot.
# number_of_species: 2
# species_total_upper_bound: 100
# species_total_lower_bound: 0
# volume: 512
# Bin widths for each species index 
1	1	1	1	1	1	1	1	1	1	1	1	1	1	1	1	1	1	1	1	1	1	1	1	1	1	1	1	1	1	1	1	1	1	1	1	1	1	1	1	1	1	1	1	1	1	1	1	1	1	1	1	1	1	1	1	1	1	1	1	1	1	1	1	1	1	1	1	1	1	1	1	1	1	1	1	1	1	1	1	1	1	1	1	1	1	1	1	1	1	1	1	1	1	1	1	1	1	1	1	1	
# Bin lower bound for each species index 
0	0	0	0	0	0	0	0	0	0	0	0	0	0	0	0	0	0	0	0	0	0	0	0	0	0	0	0	0	0	0	0	0	0	0	0	0	0	0	0	0	0	0	0	0	0	0	0	0	0	0	0	0	0	0	0	0	0	0	0	0	0	0	0	0	0	0	0	0	0	0	0	0	0	0	0	0	0	0	0	0	0	0	0	0	0	0	0	0	0	0	0	0	0	0	0	0	0	0	0	0	
# Bin upper bound for each species index 
0	1	2	3	4	5	6	7	6	6	6	6	6	7	7	7	8	9	9	9	10	10	10	10	10	11	11	11	12	12	12	12	12	11	12	12	12	12	12	13	14	14	14	14	15	16	16	16	16	16	14	15	15	15	15	15	16	16	17	17	17	16	17	16	17	17	17	17	18	18	18	18	19	22	22	23	23	23	21	21	20	20	20	20	20	20	20	20	20	20	21	22	23	23	23	24	25	24	24	25	22	
# Normalized histogram for each species index 
1	
0.920063476334953	0.0799365236650471	
0.847160479288721	0.146480407454294	0.00635911325698472	
0.780950192098284	0.201089908879291	0.0174904073761808	0.00046949164624419	
0.719817648163917	0.246024930038281	0.032409293746508	0.00172494980078904	2.31782505056518e-05	
0.661741110424806	0.284299500134621	0.049595466002941	0.00420554542342362	0.000154723136956779	3.65487725094753e-06	
0.60981938221544	0.314040281839128	0.067851736569174	0.00779738709108705	0.000469326589296679	1.58063359089555e-05	6.07935996498289e-06	
0.561335607452112	0.337955674120723	0.08666919346531	0.0128733102034073	0.00110304479236518	5.10218956820899e-05	3.64442112014928e-06	8.50364928034831e-06	
0.51882860326787	0.353601941232374	0.106990896855146	0.0183546318942935	0.00208643887095918	0.000124221505033986	1.32663743240179e-05	
0.475088694247613	0.369339432164524	0.125999913469027	0.0259088155832668	0.00338792796777202	0.000258391100770126	1.68254670268919e-05	
0.436382634035986	0.37699028940078	0.146749393686673	0.0340745693497829	0.00526030732656563	0.000516444751195851	2.63614490169576e-05	
0.402040473389826	0.380841155147994	0.165044290275344	0.0435124948988165	0.00758215906090213	0.00091581246849269	6.36147586240008e-05	
0.370384537659863	0.382844000500399	0.181848253894935	0.0528318273237295	0.0105577047066409	0.00143503950268002	9.86364117516864e-05	
0.340318785295248	0.382984542684433	0.197434102484087	0.0629847354641111	0.0139042342851428	0.00217118112494171	0.000190369932153602	1.20487298831394e-05	
0.313761249989397	0.37910237596383	0.212902451822114	0.0736806899468386	0.0171795987266472	0.00301857800861101	0.00033930222497434	1.57533175880944e-05	
0.288405215330676	0.374376189257661	0.226775442685815	0.084441690143578	0.0213129525849262	0.00408698362417214	0.000528761086094675	7.27652870772488e-05	
0.265587232892845	0.367203354612653	0.238292840431757	0.096012581009025	0.0264547700367471	0.00552357667037005	0.000785101487694625	0.000123580789729709	1.69620691785876e-05	
0.245306577372794	0.359440037578777	0.247871401367182	0.106614082139575	0.0322921484265095	0.00721507691453123	0.00108678982813023	0.000140075133403451	3.01886063369507e-05	3.62263276043409e-06	
0.225474500972019	0.350207029706679	0.257097427805413	0.118168231119338	0.0381002321004182	0.00926589332079999	0.00144624779045476	0.000196941010730265	3.38303576714565e-05	9.665816477559e-06	
0.207445774784747	0.340210491246833	0.263430314457362	0.129194163026304	0.0453923806465864	0.0117859647555716	0.00214860889644791	0.000312634665269669	5.79400151851123e-05	2.17275056944171e-05	
0.191477100430941	0.329089562571053	0.270168885001383	0.139424662598478	0.0516066365197053	0.0144541108559264	0.00315443693119558	0.000519497464731559	9.54425574739375e-05	6.04066819455301e-06	3.62440091673181e-06	
0.174645921088225	0.318956022722881	0.274988406693202	0.150950892684623	0.0584737411601036	0.0169093210186652	0.0042037813502338	0.000736658036093829	0.000120763612474398	1.32839973721838e-05	1.20763612474398e-06	
0.160892546127964	0.305344473001485	0.278838910030788	0.16131282717123	0.0666236292418711	0.0203745467141774	0.00531346667667913	0.00106220886151073	0.000209534929351604	2.30125066917947e-05	4.84473825090415e-06	
0.148673085145167	0.293872488757166	0.280216366272345	0.170440520470861	0.073839956300408	0.0246137224954792	0.0066118645361097	0.00136864021355632	0.000312485995661532	4.60250691284426e-05	4.84474411878344e-06	
0.137778154948445	0.283830491419704	0.281118499615084	0.177391177843379	0.0813415691242703	0.0283213413266574	0.00809233137945457	0.00169848033896867	0.000350364609537434	7.1527723054355e-05	6.06167144528432e-06	
0.126062000484379	0.272226931460402	0.282597481230322	0.186472511503996	0.0880237345604263	0.0325962702833616	0.00935940905788326	0.00216517316541535	0.000403245337854202	7.75006054734803e-05	1.33204165657544e-05	2.42189392104626e-06	
0.116002143506036	0.260293244206062	0.281395649844015	0.19470099179492	0.0966234941325756	0.036353717204781	0.0111578440587263	0.00278704170764368	0.000572166114459835	8.83047068828076e-05	1.81448027841385e-05	7.25792111365542e-06	
0.106237622687004	0.248419988100884	0.280230210479187	0.201431755674708	0.104008650391669	0.0418556827932269	0.0134945144593566	0.00349370589875132	0.000697534372876774	0.000112233039234498	1.568848935536e-05	2.41361374697846e-06	
0.0982448720659759	0.237113252575295	0.277736761018639	0.20680784218953	0.112360813219346	0.0463257106606652	0.0157834637344047	0.00450231096879437	0.00094372111289007	0.000165543908407093	9.66679757121711e-06	4.83339878560856e-06	1.20834969640214e-06	
0.0896544089600262	0.227105089950413	0.274316572992134	0.212836719935408	0.11934388119398	0.0520787082661006	0.0178264379973263	0.00524745839394804	0.00128027877348331	0.000253889869553551	3.85046247664153e-05	1.20326952395048e-05	6.01634761975239e-06	
0.0836500854512641	0.215946354797478	0.269829719806023	0.217631444150298	0.126831696913701	0.0572391821572016	0.0206291798114806	0.0061766662996491	0.0016144783643144	0.000372203685175522	5.14622458602812e-05	1.55583533996199e-05	1.19679641535538e-05	
0.0769945161860959	0.2069410645388	0.266061789721793	0.220602789238912	0.133687685562796	0.0623383422339729	0.023823752994105	0.00718585204698773	0.00184905407795908	0.000420728529697219	7.4105593298942e-05	1.55382695626814e-05	4.78100601928658e-06	
0.0703179075697459	0.194504250443215	0.26307559704053	0.224767214862863	0.140407483075334	0.068536678378149	0.026732783343953	0.00871248211299209	0.00235624344740771	0.000493723259147329	8.24864524967693e-05	1.19545583328651e-05	1.19545583328651e-06	
0.0642393995925398	0.185233383112825	0.25724387020435	0.22878844988573	0.146942139691113	0.0742100090175628	0.0295360964926929	0.00998492301673259	0.00299869746315443	0.000684666803440987	0.000109737536440019	2.86271834191354e-05	
0.0588993097382359	0.175140777070307	0.24978847587908	0.231544819212604	0.155244364136982	0.080097133788409	0.0331519245109849	0.0113984014990726	0.00354213273676361	0.000887923287252146	0.000254545976022486	4.8997112755502e-05	1.195051530622e-06	
0.0542650730018857	0.165060239526815	0.243849318287268	0.233598877866611	0.16132575861489	0.0856867162927614	0.0373972898474838	0.0131953249213087	0.00409230405902651	0.00111760096278281	0.000325619063863083	6.91791417731091e-05	1.66984135314401e-05	
0.0506656095955393	0.157579783276611	0.237110100862203	0.233131799389803	0.167980268005623	0.0905307616030817	0.0410245971404321	0.0151858742918635	0.00485800368308341	0.00138442986606861	0.000452350257184929	9.16604468506304e-05	4.7615816545782e-06	
0.0467842297787767	0.148664740920678	0.231369713548252	0.233167234773606	0.171988587996025	0.0978390565506826	0.0452443453472813	0.0171322531584253	0.00557302815839558	0.00168829272288848	0.000417917748563111	0.000109228502465359	2.13707939606136e-05	
0.0430441279343673	0.139775339180257	0.225160489009656	0.234059360708864	0.176922180080804	0.103797962301144	0.0492364577731882	0.0189362755128748	0.00641956038622055	0.00195465858312831	0.0005258424185896	0.000134434826472002	3.33112844355403e-05	
0.0398878803866045	0.132466715237477	0.218398766349282	0.233069304324836	0.181371299915181	0.110203100157556	0.0535068483645634	0.0210900198948909	0.00704276743554498	0.00222755783335905	0.000544328041986235	0.00014116639330632	3.94787371110896e-05	1.07669283030244e-05	
0.0367623211733192	0.124995495549603	0.211676736615776	0.231820638791126	0.184585170148106	0.11631932349161	0.0581086113079723	0.0240225342638527	0.00830981009237126	0.00248525543236718	0.000671463405844975	0.000168166148154377	5.64557783089693e-05	1.68166148154377e-05	1.20118677253126e-06	
0.0339979525414562	0.118712757018823	0.204695150806911	0.22999019730933	0.188368600484823	0.121313125947674	0.0622313917889186	0.0268499560569039	0.00975802323672291	0.00294080720087307	0.000813671614691481	0.000229373303844779	8.45059540480766e-05	1.20722791497252e-05	2.41445582994505e-06	
0.0304348770370156	0.111662117844655	0.198110248001293	0.228255544857177	0.192321057546821	0.125958932703979	0.0677641755531585	0.0297965940544362	0.010902693819635	0.00338084861472081	0.00101835697031562	0.000285960428868248	6.99818771069975e-05	3.61975226415504e-05	2.41316817610336e-06	
0.0279124069929224	0.105775815135201	0.190237735164237	0.224437723065755	0.195469118625612	0.13214808541528	0.0722085778234832	0.033428104772851	0.0127747867642611	0.00396830197810175	0.00118686104893836	0.000314560522654407	9.79977012884883e-05	3.87151412497732e-05	1.20984816405541e-06	
0.0258523390674866	0.0988630614151164	0.184629680080953	0.221710321475831	0.196883270413326	0.137607515373239	0.0768345722736826	0.0361040028800498	0.014602144469526	0.00491359850548766	0.0014558359928388	0.000412304429049584	8.87853195298513e-05	3.89195921226746e-05	0	3.64871176150074e-06	
0.0232465980588207	0.0930266302492318	0.176710725259718	0.219987318928937	0.198777008242696	0.142892503536068	0.0817685216797542	0.0394710530166317	0.0160269228893333	0.00579183534116959	0.00169487392088963	0.000429205482124567	0.00013046871189582	3.53606789250354e-05	4.87733502414281e-06	1.2193337560357e-06	4.87733502414281e-06	
0.021356257881636	0.0871158064874486	0.171075906639924	0.216466805265452	0.200363547135998	0.147000980283244	0.0860317572706375	0.0432508780432423	0.0180919024697522	0.00649452909170592	0.00200939753476465	0.000561557026726452	0.000142830808971728	3.05194036264376e-05	4.88310458023002e-06	0	2.44155229011501e-06	
0.0199371371356686	0.0816312558758196	0.163758861866741	0.212698249693449	0.201985155952962	0.14984027551099	0.0917807599535925	0.0469050858771277	0.0203748054637634	0.00762740977369613	0.00245852236815242	0.000704181444085426	0.000261622967073405	3.05634307328744e-05	2.44507445862995e-06	1.22253722931498e-06	2.44507445862995e-06	
0.0194961903433219	0.0768246089380689	0.157791745295141	0.208461525282267	0.202419676576914	0.154248874725565	0.0957089045370771	0.0500897037695164	0.0223170251146079	0.00879047989681007	0.00265317561134404	0.000884799800277555	0.000253324424145856	5.50705269882296e-05	0	3.67136846588197e-06	1.22378948862732e-06	
0.0179926767164099	0.0732927625705361	0.150011129238589	0.205376033735046	0.203503631066964	0.157320959902943	0.100444435747604	0.0532919309351251	0.0244146142801584	0.00981329785022246	0.00319935034598479	0.000949042763182033	0.000303302326377763	8.07175546005337e-05	4.89197300609295e-06	0	1.22299325152324e-06	
0.0167765980923424	0.0686021136257755	0.144286835200942	0.199326925434617	0.205220312385062	0.16201481009244	0.104577887845426	0.0567430056641248	0.0263026260942059	0.0107508030306745	0.00383983522546159	0.00110953093200598	0.00034082828629576	8.70460731187014e-05	2.08420175072947e-05	
0.0150249293372946	0.0649497067604837	0.140155145799593	0.195692543477915	0.203359248092505	0.165317067139669	0.109352449293618	0.0599173224924686	0.0282650821572537	0.0115239273897093	0.00453294063353446	0.00135388396994035	0.000402737636627825	0.000123636782065077	2.6930784212195e-05	2.44825311019954e-06	
0.0139114002341995	0.0612463421610403	0.135807584836195	0.191937230627816	0.201775809002745	0.166966138862201	0.113589192598514	0.0640943838573486	0.0302845841492423	0.0128760820724943	0.00507513696269188	0.00176749712139992	0.000468154493427502	0.00016745996240096	2.56690453315341e-05	7.33401295186687e-06	
0.0125204349859168	0.0571166250132774	0.129003822670106	0.1889065649567	0.201359849876871	0.168864101696943	0.11769453068819	0.0682745241196932	0.0337508439542354	0.0141796520649866	0.00558078091863732	0.00187898093060224	0.000673942478032772	0.000152613785786407	3.54063983024463e-05	7.32546171774752e-06	
0.0116451547013452	0.0545187285407204	0.122150110396747	0.18431028780967	0.201476495705712	0.170950822382819	0.121230948050306	0.0722733948701987	0.0364199842429312	0.0162506930192295	0.00571680073143924	0.00215322290416395	0.000679645174154517	0.000186020951065547	2.31006409819961e-05	1.45898785149449e-05	
0.0104501510207547	0.0509164351823773	0.117824088113636	0.178048011256808	0.199707662635403	0.174493868193452	0.124834119773408	0.0765268865464161	0.039575928868618	0.0174080229017819	0.00674680672982448	0.00242603622072078	0.000793313844175694	0.000196508933878383	3.7603561421172e-05	1.45562173243247e-05	
0.00934907121963766	0.0472221514510715	0.112550394114428	0.172524698120601	0.198875830600556	0.176650858413618	0.129300105671438	0.0801295233381013	0.042590078531713	0.0189905283935879	0.0078264804617029	0.00275643522073926	0.000906275136396228	0.00026205546112662	4.48891299152081e-05	1.81982959115708e-05	2.42643945487611e-06	
0.00904051607391623	0.04472325099385	0.107010586504997	0.167845371983865	0.196192547216977	0.17907866826524	0.13348170296626	0.0832394899450045	0.0451698160831388	0.0211317512632453	0.0086315692394317	0.00312716911711169	0.000910119067843916	0.000305800006795556	8.00904779702646e-05	2.30563497187125e-05	8.49444463320988e-06	
0.00824899612987627	0.0415163132680439	0.102176111827801	0.163676556982878	0.19310161043177	0.180223001495963	0.136800092059281	0.0883466274203415	0.0484316611249402	0.0229045914566564	0.00933553791085997	0.00361332679227913	0.00108290786198376	0.000397308477327374	0.000101749731998474	1.81695949997275e-05	1.69582886664123e-05	8.47914433320615e-06	
0.00782056438911155	0.0389913592153024	0.0970404222014374	0.158619946013269	0.190041531982534	0.180920972924249	0.141302030075552	0.09168173028927	0.05179139992343	0.0251942116919558	0.0104920352609924	0.00410231309396308	0.00138722637111274	0.000445850921021386	0.000132059104324269	1.33270655740088e-05	1.93848226531038e-05	3.63465424745695e-06	
0.00709070164054641	0.0372602561288315	0.0926374418958068	0.154644596521106	0.187833036229035	0.180665143755865	0.143289101378098	0.0961846018762197	0.0544581324160489	0.0275800432751105	0.0116353119112691	0.00445174005022229	0.00161015252426084	0.000476412170099649	0.000148351131448751	2.41221351949189e-05	8.44274731822162e-06	2.41221351949189e-06	
0.00663872090451971	0.0349806751209007	0.0885567391910471	0.148402572804799	0.185842122467816	0.180443654998029	0.145511051715684	0.100086769668593	0.0587053292440223	0.0298634279066637	0.0131284191095173	0.0052374268106258	0.00182672986511042	0.000584072838449779	0.000156233475305497	2.28341233138803e-05	1.32197556027728e-05	
0.00624607662287746	0.0326280391488275	0.0838653864458691	0.145346588574644	0.182315795561478	0.18080970069678	0.147539462697645	0.103689209492976	0.061999298762231	0.032041264589541	0.014664544478596	0.00574605312779757	0.00221697164083614	0.000661476864575564	0.000184346011439092	3.61462767527631e-05	8.43413124231139e-06	1.20487589175877e-06	
0.00556048991121775	0.0305682328994448	0.0796690219009066	0.139468993700763	0.180015739054668	0.181489618370104	0.150583947851426	0.106409748090766	0.0653315384865682	0.0343993550120935	0.0164079042352037	0.00656677709714468	0.00236326846898526	0.000838773510664836	0.000243437139589507	6.14618520745785e-05	2.1692418379263e-05	
0.00522350141147988	0.0284033923793363	0.0763273281573037	0.134166019964686	0.175013849278812	0.182659616709894	0.154510882093456	0.11030543241733	0.0676810333070629	0.0367370978428918	0.0174724191159876	0.00749490382746997	0.00263468197348904	0.000910009256990718	0.000299313389567239	0.000144829059468019	1.44829059468019e-05	1.20690882890016e-06	
0.00474599148769417	0.0265831159296713	0.0729774807299925	0.129954777619336	0.171616455189447	0.181958701165816	0.156860824162467	0.114425080702416	0.0706056944640985	0.0384722842079673	0.0185908856160415	0.00866470005551504	0.00304304652982633	0.000989352965579467	0.000327768525271437	0.000145137354363736	3.50748606379029e-05	3.6284338590934e-06	
0.00425232908908084	0.0248234253661728	0.0687326605526816	0.126305077353622	0.17056806755267	0.180355693396169	0.157887404140872	0.11635511188108	0.0745647723004979	0.0411530959621046	0.0201967459384805	0.00930908738475704	0.00375198381449669	0.00115576123959633	0.000420386949832209	0.000139321323431424	2.05953260724713e-05	8.48042838278231e-06	
0.00391836496874898	0.0226082861037638	0.0647683394168337	0.121170702574492	0.167071896170612	0.180375886275162	0.159815394998622	0.119624235111609	0.0784377037021751	0.0440269818514639	0.0220268434705449	0.010005911535749	0.00414171662743851	0.00134617929068854	0.000479477745556334	0.000128669977288535	4.61269729902296e-05	7.2832062616152e-06	
0.0038300014347307	0.0212862968628033	0.0610052355511676	0.116158472084761	0.163382997711726	0.179354711631289	0.162401787820352	0.123279843006417	0.0810112176486466	0.0466968365404023	0.0237727581116999	0.0108893628093486	0.004532776301167	0.00172532445583583	0.000499723996722005	0.000127666714491023	3.40444571976062e-05	8.51111429940155e-06	2.43174694268616e-06	
0.00325651211118158	0.0200028973827382	0.0584212185807451	0.112090972948428	0.158984747349443	0.179373556634702	0.163594994588712	0.125780497692442	0.084316272456238	0.0489170727669153	0.0255152289114971	0.0118877909404442	0.00509963709672511	0.00192590734949131	0.000639128545185171	0.000158260401664899	2.43477541022922e-05	2.43477541022922e-06	8.52171393580228e-06	
0.00307303602571857	0.0190077927325436	0.0550980146361708	0.108297440678234	0.155332539009302	0.17713344765433	0.165201548566748	0.129848855309293	0.0875139807926121	0.0511341024239865	0.027043934070294	0.0127071560968426	0.0055399841540875	0.00218946210307632	0.00065598670014349	0.000175254331763752	3.772836308803e-05	1.21704397058161e-06	8.51930779407129e-06	
0.00293420963216806	0.0170361327650982	0.0531701113494937	0.103696036268676	0.151634808608957	0.17489733906746	0.165818035317302	0.132361007290625	0.091177712627052	0.0549769923016435	0.0288384995485831	0.0139235406614956	0.00603830733236902	0.00234202836645342	0.000868856119368211	0.000208719626440408	7.28091720140959e-05	3.64045860070479e-06	1.21348620023493e-06	
0.00264551226792662	0.0164817111687417	0.0498343220662639	0.0999268907471329	0.148068666926126	0.17234991082611	0.166207763644939	0.135094502499415	0.0943145734747991	0.0578569410749121	0.0312369285384333	0.0149734539454142	0.00683807937264259	0.00275341813036726	0.00104389828720661	0.00024975963666035	0.000106693437019955	1.45491050481757e-05	0	2.42485084136262e-06	
0.00233159518347926	0.0158161495822964	0.0478950538785891	0.095624608307829	0.144185310706963	0.170531362754106	0.166976775316244	0.136773125810004	0.0973246283868063	0.0605411588612178	0.0333420545052966	0.0164611106716722	0.0075046698833594	0.00297655627285505	0.00120230482321373	0.000363855407025208	0.000116823140717124	1.58198003054438e-05	9.73526172642698e-06	3.65072314741012e-06	1.21690771580337e-06	0	2.43381543160674e-06	
0.00204418108037404	0.0143457707961964	0.0452554922156854	0.0911875110270185	0.140973054529747	0.168562198468081	0.168293291314056	0.139553078743559	0.100258564571178	0.0631883140981572	0.0355054785269728	0.0174631469437668	0.00807329849302484	0.00331449360889219	0.00132506737888531	0.000452640096368537	0.000158180678838467	2.43354890520719e-05	7.30064671562156e-06	8.51742116822515e-06	2.43354890520719e-06	1.21677445260359e-06	2.43354890520719e-06	
0.00190347761953328	0.0128910709374019	0.0419434457813143	0.087856932480095	0.135522981693024	0.167841938334141	0.167213936766571	0.143034659357832	0.103978073495656	0.0665864220219216	0.0375523030375316	0.0193706840105446	0.00860459512154751	0.00359762138320996	0.00139474766750968	0.000439357685838565	0.000170388022208862	4.50311201551991e-05	2.7992317934313e-05	1.09535157134268e-05	6.08528650745934e-06	3.65117190447561e-06	2.43411460298374e-06	1.21705730149187e-06	
0.00189521491664215	0.0117250467421511	0.0386555765999917	0.0840471287311664	0.132189720860007	0.164091087019419	0.167564229429199	0.14506964519729	0.106959900218576	0.0699430341430444	0.0404085592233387	0.0209130097568922	0.00989912448121683	0.00418795085813484	0.00155482994123497	0.000585948421950941	0.000179917772715227	7.65866194666167e-05	1.94505700232677e-05	1.94505700232677e-05	3.6469818793627e-06	6.07830313227117e-06	2.43132125290847e-06	2.43132125290847e-06	
0.00175851291131447	0.0110879632154487	0.0366330598003464	0.0801232292162801	0.128047856759367	0.161801366816583	0.167667116293331	0.145840226194934	0.110719657168758	0.0729025400876711	0.0430078205953251	0.0224643661778946	0.0105631967849876	0.00468896378626857	0.00173669814053318	0.000615661308716576	0.000196332937031664	7.02920391841761e-05	3.1510224461872e-05	1.211931710072e-05	1.211931710072e-05	1.5755112230936e-05	2.423863420144e-06	1.211931710072e-06	
0.00175659479679915	0.0103870319479922	0.0348970376378582	0.0757466435843735	0.124311465685266	0.159629795528007	0.166259094706003	0.147144776824086	0.113422030676852	0.0761897267653717	0.0457876832560561	0.0242690943428205	0.0119559822282484	0.00508456109342276	0.00209919736571311	0.000691258186748665	0.000239700737261359	6.41623185598586e-05	3.75289033085965e-05	7.26365870488965e-06	7.26365870488965e-06	1.21060978414828e-05	
0.00148573632485837	0.00985801212118272	0.0327541185217348	0.0732013190912873	0.120195462258052	0.156503219499653	0.165789981164502	0.148406259740669	0.115239773585913	0.0797421974586025	0.0480857045482937	0.0263054164488597	0.0129119582975038	0.005967202219023	0.00232866428059434	0.000835650879859116	0.000242569195895244	0.000100666216296526	2.66826115484768e-05	7.27707587685732e-06	9.70276783580976e-06	2.42569195895244e-06	
0.00127360022576906	0.00890547015554466	0.0309690431211599	0.070332656593831	0.116677350960188	0.151026847784702	0.1663526254776	0.150539060114661	0.1178864804964	0.0824117876749072	0.0504744677822934	0.0283233119931296	0.0141774695619277	0.00661858531844263	0.00259464114762693	0.000957328918510265	0.000294375601371644	0.000127724951008358	4.98735522985017e-05	6.08214052420753e-06	1.21642810484151e-06	
0.00116891135064168	0.00843983278954959	0.0294570540993648	0.0672087421879385	0.11266450780047	0.149327814965482	0.163082655942291	0.152114655805634	0.12128370381397	0.0851255420551853	0.0531061561851028	0.0304063370125164	0.0149286329593956	0.00700858747190586	0.00300036848771179	0.00114572834890662	0.000350185341998082	0.000119575482633491	5.61272673585776e-05	3.6604739581681e-06	1.22015798605603e-06	
0.00113051185572422	0.00797340489172236	0.0281675696925154	0.0647211933126439	0.109942888396749	0.146697953114279	0.161841440218387	0.151736422259608	0.123721459459064	0.0875340923796664	0.0557906379944769	0.0321365697389079	0.0159822145823821	0.0074826211271423	0.00322549926870777	0.00128922302337449	0.000416311601298013	0.000161152877921812	4.02882194804529e-05	6.1042756788565e-06	2.4417102715426e-06	
0.00103347683106196	0.00749453943092808	0.0265185757076751	0.0617691755151503	0.106966073618733	0.143875611412712	0.161748896891751	0.153258750348157	0.12496884910261	0.0902520901641347	0.0579846468832	0.03315432765369	0.0170487029010647	0.00823971776065361	0.00357685598268254	0.00132421854003684	0.00051551681171176	0.000194235007256327	5.74153795034425e-05	1.71024534691105e-05	1.22160381922218e-06	
0.000931498733724783	0.00711292922690501	0.0249533944621727	0.0592242243528777	0.103010785066154	0.142168005160576	0.16026062379814	0.153809903263673	0.127375413574421	0.0930017638497704	0.0602438543728419	0.0345021745170834	0.018237056023345	0.00847284393540466	0.00419235632458263	0.00158636315230922	0.000560612904133969	0.000224000352525145	9.1803423166043e-05	3.06011410553477e-05	9.79236513771126e-06	
0.000800462162863451	0.0063143490798357	0.0236699354244897	0.0562391986565944	0.0987530415114292	0.139559476541808	0.160010428039186	0.154421880278277	0.128756909187935	0.0957470245817769	0.0627053173208262	0.0362288685332694	0.0196884317306139	0.0095223174725958	0.00453962410101	0.00195464537323078	0.000681739181521319	0.00025825308312567	9.42440161169507e-05	3.79423960990321e-05	1.59113273963683e-05	
0.000762728879878159	0.00586187139142316	0.0219563077555938	0.0535636456236747	0.0954843512029814	0.135285821323108	0.15876024113496	0.155919902449058	0.131201610178207	0.0988927576260645	0.0650462044750026	0.038151135400904	0.0206206140028697	0.0103500962287158	0.00480041723595869	0.00211801117526359	0.000826391643527701	0.000282809584673924	8.20270223946014e-05	2.44856783267467e-05	8.56998741436134e-06	
0.000775540055662179	0.00555394666444149	0.0208929509299118	0.0514776983149184	0.0918610016247073	0.131559571784086	0.155431970902522	0.155762066274315	0.134100938010789	0.101740547492011	0.068274521545779	0.0405084695845952	0.0220464440506752	0.01128337153768	0.00501155947361446	0.00221249797525144	0.00096083522718906	0.000362000500665099	0.000126393395147475	5.39932950144555e-05	3.68136102371287e-06	
0.000779286755331086	0.00515044426743346	0.0193231056056858	0.0489631293788641	0.0897486800214057	0.128460242811943	0.153900502837245	0.155489902564495	0.136000335389236	0.104553895324033	0.070764662798182	0.0422245184328445	0.0232429673069477	0.011903851797415	0.00546363862796209	0.0024710295216511	0.000993837222779834	0.000355118015087583	0.000152898034273821	5.30210925304378e-05	4.93219465399421e-06	
0.000672285907777176	0.00475040923091726	0.0180369991624181	0.0463026125400442	0.0861056389368261	0.126112201434128	0.151338342377326	0.15546827488969	0.137974038661991	0.106289018795634	0.0732976672295776	0.0455378102229399	0.0252150389740794	0.0127549289659009	0.00573478382615797	0.00264350220250732	0.0011138975682987	0.00046134849451131	0.000129522973057988	4.93420849744716e-05	1.23355212436179e-05	
0.000633233266841783	0.00448694527284577	0.0169170797701104	0.0441461102443071	0.0831954950328837	0.123268174905694	0.149592410088282	0.15527669701578	0.13860155432228	0.108461872691723	0.0761373511346355	0.0472196986155274	0.0269278435012739	0.013852132008769	0.00656316038946932	0.00282918254893054	0.00122079473860921	0.000439436730985721	0.000160468469180179	5.92498963126815e-05	6.17186419923765e-06	4.93749135939012e-06	
0.000516625500634711	0.00418343649442536	0.0161986695663298	0.042256275769772	0.0799195048267582	0.120921118666417	0.148593794589701	0.154671524586454	0.139525786992846	0.110289703899784	0.0785233859143287	0.0493881677999626	0.027839964180632	0.0149686088505329	0.00696460377284223	0.00314403518957696	0.00133215575520808	0.000537536532803259	0.000145147164464038	6.27330965056435e-05	6.15030357898466e-06	9.84048572637545e-06	1.23006071579693e-06	
0.000440925772172794	0.0038811293595154	0.0157394533994272	0.039865093908592	0.0777220718352829	0.11728502719247	0.146721428255604	0.154956546089639	0.140150528865286	0.112362379574451	0.0805862470461658	0.0513795204103189	0.0298932935067232	0.0156620764533356	0.00764189458066608	0.00339721639506949	0.00148612864715621	0.000544095033628266	0.00017931800205356	6.26384801693941e-05	2.0879493389798e-05	1.10538494416578e-05	6.14102746758766e-06	4.91282197407013e-06	
0.00041826941947639	0.00359883424265023	0.0146087647682223	0.0382256545119127	0.073438787926365	0.113820799152176	0.144689327628842	0.154243288063744	0.141938071593987	0.115273089453232	0.0831472995250618	0.053926090199003	0.0311714978215645	0.0168117321505672	0.00852361934293677	0.00377791733720611	0.00151729991757271	0.000589992934803941	0.000174176708403658	5.15170545982651e-05	2.57585272991325e-05	1.8398948070809e-05	7.35957922832359e-06	2.45319307610786e-06	
0.000384363366144543	0.00324451489072488	0.0134624794243579	0.0366292186929937	0.0707631260089538	0.110009676195218	0.140991803908792	0.153559875881138	0.143420004221896	0.117788458605286	0.086370719076747	0.0561890433256827	0.0337349015358672	0.0179332964832582	0.00876348474809557	0.00407181127880742	0.00163506955756726	0.000727239892768722	0.000217195806900726	4.51474430074542e-05	1.83030174354544e-05	2.56242244096362e-05	8.54140813654539e-06	6.10100581181814e-06	
0.000348628868170913	0.00290807494913298	0.0124085152904734	0.0342057153269155	0.0683859212244526	0.107049713018919	0.137852956360655	0.151613471408181	0.144570439430289	0.120901333171369	0.0888627046068815	0.0591357162379665	0.0357532873758693	0.0191782319535971	0.00948343405508822	0.00433781772905342	0.00187312095721097	0.000727626104649397	0.000268456375838926	7.04546144735643e-05	1.94357557168453e-05	1.94357557168453e-05	1.4576816787634e-05	4.85893892921133e-06	6.07367366151417e-06	
0.000344590771254601	0.00282685341471318	0.0119155861428565	0.0319248235937069	0.066370600724487	0.103407458637017	0.135223464092433	0.150605512485068	0.145362896400296	0.121861805800732	0.0922874539941093	0.0607688847833552	0.037920703013537	0.0206343372008106	0.0103498140418926	0.0048484526060735	0.0020784264413567	0.000872963287178322	0.000257536260621859	6.40817925491012e-05	4.95727074436443e-05	8.46363297818317e-06	1.20909042545474e-06	1.20909042545474e-05	1.20909042545474e-06	1.20909042545474e-06	
0.000334453410157	0.00269253106371881	0.0110985405998669	0.0304920087368407	0.0623665053965326	0.100484534850166	0.133338243479668	0.148569758891691	0.145501722374692	0.124728181140933	0.0936348807136294	0.0639687424914002	0.0400378161761954	0.0224844455016016	0.0112192819031727	0.00531382475848721	0.00230012182797504	0.000898315296594974	0.000383957344512368	0.000109874586008256	2.5355673694213e-05	8.45189123140433e-06	3.62223909917328e-06	2.41482606611552e-06	2.41482606611552e-06	
0.000278838005982343	0.00262542278359998	0.0103508047675264	0.0286816877062617	0.0595228610952177	0.0974182739082466	0.130185964429444	0.14746909243661	0.144744688196341	0.127699357103368	0.0960675391519945	0.0668655952527528	0.0419596879911351	0.0236517397801646	0.0124004451751368	0.00577713721485494	0.00257955332807042	0.0011020740236445	0.000411618008831077	0.000148472185003585	4.58694555295629e-05	9.65672747990797e-06	1.2070909349885e-06	0	2.41418186997699e-06	
0.000281805295520626	0.00240683492740792	0.0101014499063874	0.0270581462291307	0.0571714005118455	0.0941677189010319	0.127235695659957	0.145733250122156	0.14551554646038	0.128152469968989	0.0995776548961554	0.0694196504162978	0.0441623972559663	0.0251967799209494	0.0130477061290838	0.00611505396631882	0.00280595830732984	0.00110545081590495	0.00048983323899508	0.000191095436447463	4.95880562933291e-05	1.20946478764217e-05	1.20946478764217e-06	0	0	1.20946478764217e-06	
0.000187858066564779	0.00223005704825286	0.00921958911198886	0.0264152681340604	0.0543879402393191	0.091052986882659	0.125389805488122	0.14426529922154	0.145382751720719	0.12944147978829	0.102360830502332	0.0716539145379116	0.045329545468318	0.0269970221466481	0.013622739794762	0.0066416916437096	0.00315359154323584	0.00143378124352344	0.000506610785961791	0.000248457442875998	4.84795010489752e-05	2.18157754720388e-05	8.48391268357066e-06	
