# <P(N_2)> as a function of N_tot.
# number_of_species: 2
# species_total_upper_bound: 100
# species_total_lower_bound: 0
# volume: 512
# Bin widths for each species index 
1	1	1	1	1	1	1	1	1	1	1	1	1	1	1	1	1	1	1	1	1	1	1	1	1	1	1	1	1	1	1	1	1	1	1	1	1	1	1	1	1	1	1	1	1	1	1	1	1	1	1	1	1	1	1	1	1	1	1	1	1	1	1	1	1	1	1	1	1	1	1	1	1	1	1	1	1	1	1	1	1	1	1	1	1	1	1	1	1	1	1	1	1	1	1	1	1	1	1	1	1	
# Bin lower bound for each species index 
0	0	0	0	0	0	0	0	0	0	0	0	0	0	0	0	0	0	0	0	0	0	0	0	0	0	0	0	0	0	0	0	0	0	0	0	0	0	0	0	0	0	0	0	0	0	0	0	0	0	0	0	0	0	0	0	0	0	0	0	0	0	0	0	0	0	0	0	0	0	0	0	0	0	0	0	0	0	0	0	0	0	0	0	0	0	0	0	0	0	0	0	0	0	0	0	0	0	0	0	0	
# Bin upper bound for each species index 
0	1	2	3	4	5	6	7	6	6	7	6	6	7	7	7	8	9	9	9	10	10	10	10	10	11	11	11	12	12	12	12	12	12	12	12	12	12	12	13	14	14	14	14	15	16	16	16	16	16	14	15	15	15	15	15	16	16	17	17	17	16	17	16	17	17	17	17	18	18	18	18	19	22	22	23	23	23	21	21	20	20	20	20	20	20	20	20	20	20	21	22	23	23	23	24	25	24	24	25	22	
# Normalized histogram for each species index 
1	
0.920304737656086	0.079695262343914	
0.847023429937513	0.146648268397192	0.00632830166529542	
0.780404300629302	0.201542148878981	0.0175610359156783	0.000492514576038667	
0.719277501305822	0.246625428790328	0.032242653945763	0.00181972618869451	3.46897693923244e-05	
0.661807164639427	0.284076478512317	0.0497296409168157	0.00419964704356923	0.000184099540443997	2.96934742651607e-06	
0.608848687036878	0.315013377024701	0.0678263050870223	0.00782474468104018	0.000465158998456383	1.67891782882346e-05	4.93799361418666e-06	
0.560836569426028	0.338217070783608	0.0869620982509314	0.0128496558691671	0.00107442223906043	5.03172949422239e-05	2.95984087895435e-06	6.90629538422681e-06	
0.517864517477043	0.354184671132592	0.107380351434096	0.0183917765245634	0.00204331273671479	0.000124580277274497	1.07904177166888e-05	
0.475339377143126	0.368383711462884	0.1265422675247	0.0260658869212582	0.00337909248907887	0.000274006920631938	1.5657538321825e-05	
0.436087123196273	0.376866643450982	0.147007956736889	0.0341777794685559	0.0053259511358615	0.000509184339362583	2.4386223149549e-05	9.7544892598196e-07	
0.402203996896716	0.380532860861934	0.165059096427799	0.0436181630163294	0.00760167608641844	0.000929419856125806	5.47868546768896e-05	
0.370388487516052	0.382877336757801	0.181727460764035	0.052840379959024	0.0105763103978983	0.00149003538834047	9.99892168491633e-05	
0.34076637606032	0.382674560163368	0.197541627395539	0.0628131872447377	0.0137959472196041	0.00220409205152372	0.000193410304743952	1.07995601633679e-05	
0.314011143434742	0.378993146294561	0.212813963808491	0.0736896602731621	0.0171293328731325	0.00298999063162566	0.000358956658941867	1.3806025343918e-05	
0.288026264051327	0.374814015661215	0.226481008356205	0.0845055533491012	0.021375602411424	0.00416525881709021	0.000570055582889243	6.22417707487389e-05	
0.264841555267038	0.367488744673929	0.23830835390918	0.096161471533147	0.0266686706898751	0.00556610853961094	0.000823693091756246	0.000127558714089503	1.38435813740546e-05	
0.244805479690285	0.358707466591833	0.247822194642836	0.10741995280763	0.0324941602406258	0.00737133755192544	0.00118474982905611	0.000165015197207982	2.66791037402127e-05	2.96434486002364e-06	
0.225362387700397	0.349839246756229	0.256636020604923	0.118454551573679	0.0384174516255479	0.00940564853639319	0.00162139047596422	0.000219748892346799	3.56349555156972e-05	7.91887900348827e-06	
0.207723021450967	0.339678101836406	0.263601271593779	0.12909092529139	0.0454383899745661	0.0118080808180811	0.00224637673985294	0.00033661000068312	5.9401764826433e-05	1.78205294479299e-05	
0.191478322517531	0.329209994237293	0.270160068597999	0.139289186903802	0.0515633571036753	0.0144879606947726	0.00316156769398639	0.000545575884555747	9.30746518116882e-05	7.92124696269687e-06	2.97046761101133e-06	
0.174799834686884	0.319077054499938	0.274884468674549	0.150650475472952	0.0584646840957313	0.0170029285732648	0.00421983480552968	0.000765265262296152	0.000113702203054338	1.87855813741949e-05	2.96614442750446e-06	
0.161323555487755	0.30556526890231	0.278917238653463	0.160906514458248	0.0662847587848554	0.0204459070048034	0.00529473706107918	0.00103022012039707	0.000201091042731351	2.57555030099268e-05	4.95298134806284e-06	
0.148895195120045	0.294499566268016	0.280416382704925	0.170171306824083	0.0734663840402456	0.0243166866635081	0.00655988716044523	0.00133235343864893	0.00028882494735374	4.35215674094677e-05	9.89126532033357e-06	
0.137800296589224	0.284276816608997	0.281133959466139	0.177857637172516	0.0809214038556599	0.0279703410776075	0.00797231833910035	0.00166584280771132	0.000332179930795848	6.22837370242215e-05	6.92041522491349e-06	
0.125975285524096	0.272333297778621	0.28297008268446	0.186635576045605	0.0876423669957453	0.0324298485764288	0.00938249364953325	0.00214019618300406	0.000411842089668986	6.51836400914941e-05	1.18515709257262e-05	1.97526182095437e-06	
0.115962773849359	0.260781338784014	0.281357527306017	0.19505551960351	0.0960366816086874	0.0362278237262453	0.0111147720815708	0.00278683155502241	0.000570190668602816	8.48380579582044e-05	1.57838247364101e-05	5.9189342761538e-06	
0.106717191282341	0.248617095123011	0.279895424271087	0.201380053526727	0.10419030501582	0.0414586328070462	0.0134328094059163	0.00350912727051055	0.000671542147872991	0.000109137889332214	1.57315876514903e-05	2.94967268465443e-06	
0.0987379953132286	0.237357817877022	0.277994211384801	0.206456017739685	0.11206538656026	0.0461662721672284	0.0156068306446377	0.00453231648889597	0.000912956305989898	0.000151503524916427	1.27892585968412e-05	4.91894561416971e-06	9.83789122833942e-07	
0.0902682220483284	0.227344800535132	0.274685938199337	0.212337802884658	0.119070727687093	0.0517287477584503	0.0177708002589473	0.00527786401738591	0.00121834530295566	0.000241906181535409	3.81957128740119e-05	1.17525270381575e-05	4.89688626589897e-06	
0.0838405065363937	0.216022644422524	0.27005559735971	0.217251751550761	0.126954777435114	0.0571149804863404	0.0205604962434743	0.0062049928456413	0.0015692803144019	0.000347970852323899	5.26342465700016e-05	1.46206240472227e-05	9.74708269814844e-06	
0.0772975309098625	0.206401568319021	0.26632513807476	0.2205954784288	0.13390769578193	0.0624446386889663	0.0235637207473266	0.00716606543877307	0.00179005628116051	0.000418555846057107	7.00837695723527e-05	1.55741710160784e-05	3.8935427540196e-06	
0.0701588684751492	0.19436362448986	0.262829416449062	0.225292243331257	0.140729065844789	0.0687903713949021	0.0263708607593209	0.00859794355047015	0.00229642387540049	0.000475659953818097	7.79770416095241e-05	1.65701213420239e-05	9.74713020119052e-07	
0.0641309572693817	0.185038542601202	0.256881912320204	0.229188844150107	0.14698830585758	0.0745251018299221	0.0296508493773438	0.00992610640910621	0.00286077373225882	0.000670433027730044	0.000103143542727699	3.40568301459384e-05	9.73052289883954e-07	
0.0589528686708753	0.175105824201827	0.249568864362927	0.231705096407868	0.155424032001901	0.0798703720474147	0.0332317693650743	0.011561543577564	0.00345687523796447	0.000847177875219463	0.000232730473767186	4.18720099246401e-05	9.73767672666049e-07	
0.0543821950840075	0.16500077784692	0.243842369321717	0.233122666459241	0.161728959240821	0.085943333851898	0.0372997044181705	0.0130736621032981	0.00413717330429372	0.00109579184816428	0.00029363721219664	6.61169881767268e-05	1.36123210952085e-05	
0.0505323564967884	0.157673653087085	0.236861499919892	0.233251282947599	0.168071233328964	0.0910021313680081	0.0408766282632021	0.0150720247025067	0.00479582077088522	0.00136426972729171	0.000408795412946483	8.64199329031757e-05	3.88404192823262e-06	
0.0463448946258047	0.148557912480406	0.231082555625589	0.233247453872467	0.172265291046171	0.0983276257863005	0.0454589903789831	0.0170597080098331	0.0054625920880521	0.00165852893421362	0.000412453780487451	0.000104565747165833	1.74276245276388e-05	
0.0426925439945957	0.139561699199357	0.224830315918614	0.233981075359823	0.177000418325978	0.104188403926247	0.0497613794857211	0.0189886993750346	0.00640980222207771	0.00193536426874969	0.000497914678971209	0.000120353645599279	3.20295992320661e-05	
0.0395981923731104	0.132036585806167	0.21821991102385	0.233114975179772	0.181083736920223	0.110429765147072	0.0540111966696885	0.0214760594826737	0.00711282249950965	0.00221123004306336	0.000530851343083173	0.000130761176421223	3.51298682922688e-05	8.7824670730672e-06	
0.0366258308800839	0.124366767735647	0.21155321306288	0.231933225896518	0.184848470005045	0.116014126798301	0.0585576362594354	0.0244182002537338	0.00831737292494281	0.00244133019186778	0.000689685575872761	0.000167523058912276	5.19223515926936e-05	1.37153381565606e-05	9.79667011182899e-07	
0.03369511404114	0.1184112488964	0.204231722068951	0.229731897759138	0.188815277270611	0.121305953879603	0.0625772027956886	0.0272629831111041	0.00986424119063812	0.00294391792069434	0.000843509748590788	0.000219489701208571	8.56305112338372e-05	9.84258749814221e-06	1.96851749962844e-06	
0.030183770934715	0.111461922481291	0.197802186990222	0.228009571279864	0.192300275292363	0.126382611125432	0.0679887521719367	0.0300027352136123	0.0111081157133103	0.0033452252812449	0.00100061591500766	0.000301070275312041	7.96950728767166e-05	3.14844732352461e-05	1.96777957720288e-06	
0.0279305678791067	0.105217081478221	0.190299755919664	0.224764136278352	0.195039237419203	0.132299832904161	0.0723743104705825	0.0335504361961368	0.0128800986191152	0.00403280329177815	0.00114983255871795	0.00032076873955651	0.00010363297739518	3.65182872725873e-05	9.86980737096954e-07	
0.0260813202801195	0.0989298293951029	0.184699077698866	0.222048011988131	0.196754602090391	0.13699333398084	0.0768623921950291	0.0361735107502691	0.0146640528524338	0.00486324056142827	0.00139742596120111	0.000391477485584709	9.81171419566738e-05	3.86522074374776e-05	1.98216448397321e-06	2.97324672595981e-06	
0.0235026700811943	0.093095507513946	0.177017449824311	0.220055386814365	0.198604411093244	0.142471165108292	0.0814970321402338	0.0394358088658607	0.0162815397137355	0.00579774879399678	0.00163083397852024	0.000424830762511663	0.000136978143052826	3.97038095805293e-05	3.97038095805293e-06	9.92595239513231e-07	3.97038095805293e-06	
0.0217018035347732	0.0872014673767859	0.171059230342206	0.216020981819662	0.200480254069895	0.14675257481129	0.0859333026802269	0.0432288247777733	0.0182597840842848	0.00659107994601611	0.00198119700049753	0.000581945585108549	0.000148962180488536	5.26333037726162e-05	3.97232481302764e-06	0	1.98616240651382e-06	
0.0199872077095931	0.0817721798520431	0.163887543233664	0.2125012309844	0.20204457804839	0.14982796060452	0.0913932554986457	0.0469435279067894	0.0203791332477198	0.00771018996451781	0.00252165289124663	0.000720188044679511	0.000260620535505569	4.37683342070421e-05	3.97893947336747e-06	9.94734868341867e-07	1.98946973668373e-06	
0.0192629623912643	0.0769014743739761	0.157764488550074	0.208541510025843	0.202682852746837	0.154394490890351	0.0955310684107533	0.0498727786048967	0.0223172717359372	0.00876757074356051	0.00270874516384423	0.000904242870871529	0.000274857965154782	6.77186290961057e-05	3.98344877035916e-06	2.98758657776937e-06	9.95862192589789e-07	
0.0179099569515306	0.0729581871811224	0.149927256058673	0.205085100446429	0.203701969068878	0.157760682397959	0.100526147959184	0.0532665019132653	0.0242695711096939	0.0099250637755102	0.00328144929846939	0.000991509885204082	0.000304926658163265	8.56983418367347e-05	4.98246173469388e-06	0	9.96492346938776e-07	
0.0165994733215249	0.0685972209859269	0.144140476931063	0.199315698039008	0.205281586956457	0.161558072152751	0.104890628703677	0.0569744891988906	0.0262489110877521	0.0107245979650968	0.00405660443406067	0.00115017137553495	0.000334049773416239	0.000104015498309248	2.40035765329034e-05	
0.0150970754534216	0.0647672326155948	0.139620486006395	0.195450106152872	0.203634762219564	0.165218007841132	0.10930749980527	0.0603263876267493	0.0284106228766929	0.0116119058984248	0.00459463184026939	0.00138108581506033	0.000416422837946606	0.000125825605710485	3.39529412234643e-05	3.99446367334874e-06	
0.0137044617763559	0.0611805617174345	0.135007791384314	0.191493582950078	0.202036626983613	0.167251062030984	0.113902760732221	0.0644008011716487	0.0305224863438917	0.013010564977553	0.00509555537166847	0.00171579941198228	0.000476555560097345	0.00016749233074551	2.49244539799867e-05	8.9728034327952e-06	
0.0123746469190417	0.0569154050405265	0.12887068892509	0.188368628974807	0.201009300912157	0.169480852674946	0.117975619355064	0.0685188783109902	0.0339226734019817	0.0142816577244399	0.00563833550039107	0.00180438692193112	0.000633677571699721	0.000163401134840808	3.58685417943238e-05	5.97809029905397e-06	
0.011514311894147	0.0540365683256048	0.122529133614119	0.184203151180749	0.200797832693649	0.171213027689605	0.121507494340238	0.0723316630657526	0.0368147911105457	0.016276661505467	0.00576013738464321	0.00213470929989883	0.000658897702901734	0.000176898629135005	3.27958132666021e-05	1.19257502787644e-05	
0.0105451450069051	0.0506284029398225	0.117410352873946	0.178523382065813	0.199552161214026	0.174275163896693	0.125033731765005	0.0764351873898757	0.0398352302490595	0.0175573836849374	0.00673047922916964	0.00240983697636395	0.000820475578202137	0.00018254837531946	4.46449830944331e-05	1.58737717669095e-05	
0.00942781060214322	0.047162873144883	0.11213824411866	0.17301754452132	0.198289714366816	0.176543916883612	0.129235145416957	0.0801924666840686	0.0427412607401511	0.019285376124881	0.00791026955459327	0.00280085077579199	0.00092997773809961	0.000259043959065099	4.86327739240991e-05	1.48875838543161e-05	1.98501118057547e-06	
0.0090789957012519	0.0446891101690709	0.106813466101443	0.167570760570651	0.196173816355098	0.178661133559026	0.13346967545941	0.0832537452718735	0.0454475959772454	0.0213924766944315	0.00884668460293665	0.00325136259394204	0.000930237175732425	0.00031074091355843	8.33937276003455e-05	1.98556494286537e-05	6.94947730002879e-06	
0.0083703625107716	0.041639603387017	0.101818751555622	0.163169016668336	0.193272969411139	0.18024094665121	0.136630971233758	0.0884545322027411	0.0484580624113109	0.0229810628109385	0.00960097735212541	0.00367895331299166	0.00113046004765782	0.000398635911542493	0.000111062741524277	2.28075272773068e-05	1.38828426905346e-05	6.94142134526729e-06	
0.00781613436609464	0.039496275929381	0.0967197033043006	0.157971217184386	0.189902308239376	0.180951445736884	0.141354988389866	0.0919387683240244	0.0517779225944805	0.0251683494169144	0.0106450195452954	0.00421753849297391	0.00140452363735914	0.000468174545786379	0.000130930169584326	1.78541140342263e-05	1.5870323585979e-05	2.97568567237106e-06	
0.00701872154120789	0.0373539746518114	0.0922374266469838	0.153991087243432	0.187636198741996	0.181190737148928	0.143397164194916	0.0962690579230168	0.0547230580200453	0.0275204378557504	0.0116849981138857	0.00455340673832911	0.00167918630750297	0.000551478050282521	0.000148512939932456	3.46530193175731e-05	7.920690129731e-06	1.98017253243275e-06	
0.00659367141866653	0.0348271482272347	0.0884002346699115	0.148132418621097	0.185472194183426	0.180598052713815	0.146307208198434	0.0998759489020095	0.0587069845904042	0.0299154753744743	0.0131912935092436	0.00525735664493139	0.00188150749738762	0.00064000884950508	0.000164940552264426	2.07410275302572e-05	1.48150196644694e-05	
0.00629137731567243	0.0324932645312736	0.0837915032815342	0.145193686097024	0.181949042610052	0.181200163212238	0.1479728387963	0.103579505206095	0.0618546719503171	0.0320931376762411	0.0146574864722544	0.00575293500457923	0.00221107136188362	0.000713312566255573	0.000203521313917795	3.26029289285788e-05	8.89170788961241e-06	9.87967543290268e-07	
0.00556658153381461	0.0304590452996386	0.0796647795111846	0.139554950224956	0.179991737105536	0.182036704646989	0.15088875534716	0.106266160086662	0.0650119792202042	0.0341417659663633	0.0163449145640434	0.00651938419691782	0.00237508796622097	0.00084803390554207	0.000247096126323447	6.22682238335086e-05	2.07560746111695e-05	
0.00528707178475251	0.0281792621826076	0.0761662600195349	0.134474317959831	0.175323571165884	0.18277272709298	0.154449128246092	0.110166441923276	0.0674635500492326	0.0368137582499278	0.017379716151075	0.00750946097176142	0.00265836500172018	0.000909518706427134	0.000307456867063955	0.000123575911199339	1.48291093439207e-05	9.88607289594711e-07	
0.00483372079668273	0.0263121938082433	0.0728058155146398	0.130248082155432	0.172205016297223	0.181601167538624	0.15658106828992	0.114312249254447	0.0707176718931314	0.0384420408955354	0.0187774508211979	0.0086357461672812	0.00302775874564846	0.00100100199210288	0.000333667330700959	0.000129704511340729	3.26736555285805e-05	2.97033232078005e-06	
0.00430336544992479	0.0247066721004092	0.0686287633377061	0.12637814286975	0.170471773789728	0.180530146859783	0.157627120324676	0.116326710711711	0.074806175031953	0.0412438907579773	0.0203001845291037	0.00928198248312119	0.00365488595585778	0.00115913230667329	0.000423395632976471	0.000130885769444717	1.98311771885935e-05	6.94091201600773e-06	
0.00392915018349936	0.022706059450614	0.0648741718697869	0.121125462720239	0.167261450836471	0.180199744213018	0.159408115278903	0.119664815785711	0.0786266939929778	0.0440924725545335	0.0220655990340467	0.00998721065090638	0.00406320003812974	0.00133553373687304	0.000479600591010915	0.000132063930858078	4.26973611044914e-05	5.95777131690577e-06	
0.00379826569380196	0.0213092342664568	0.0610603748390481	0.116230109526762	0.163452596690352	0.179312318183986	0.161978197974788	0.123054668001971	0.0811912823692117	0.046888661039312	0.0239897785620042	0.0107668860381198	0.00453745211184765	0.00172576183890505	0.000492790945363791	0.000154990700557967	4.57023860619645e-05	8.94177118603653e-06	1.98706026356367e-06	
0.00327382760031822	0.0199795087068082	0.0582568062855897	0.111950366861855	0.159353160169626	0.179455138704548	0.162934655874718	0.125777509162834	0.0841437417419989	0.0491950346948062	0.0258411337320739	0.0119432974652728	0.00515269398772713	0.00190077155991712	0.000624297416484041	0.000166280173130518	3.78362070596388e-05	5.97413795678508e-06	7.96551727571344e-06	
0.00313454332482714	0.0188779789118045	0.0551129810134525	0.107985864175766	0.155287885941269	0.177213752547377	0.165031166145737	0.129451559502537	0.0875132224539679	0.0516397835003695	0.0272367611113435	0.0129345979079139	0.00551010285126906	0.00213352138601199	0.0006812925434324	0.000204188554683687	3.48614605557514e-05	8.96437557147894e-06	6.97229211115029e-06	
0.00296331740653637	0.0171644080264703	0.0529058876202824	0.103313058352038	0.151559042486129	0.17484962529174	0.165935847404541	0.132065675452712	0.0912999582058081	0.0552447739887245	0.0289988156657735	0.0140819622819827	0.00609440722235404	0.00236767571678032	0.000858716769398313	0.000227336578256894	6.25423774243858e-05	5.95641689756055e-06	9.92736149593425e-07	
0.00264903548954651	0.0163806289527493	0.0499363993723153	0.0993388308579943	0.147837776791517	0.172278447906925	0.166915983768961	0.134887817210607	0.0943032858342976	0.0578597299053718	0.0313277671226363	0.0152314587329011	0.00685143210385329	0.00283131766235001	0.00100057062245399	0.0002645072833616	9.11410864017499e-05	1.18879677915326e-05	0	1.98132796525543e-06	
0.002367579075849	0.0157629876422709	0.0477342506791135	0.0954446466572109	0.143826950047262	0.170356359414804	0.166880530687582	0.13713868824987	0.0971900156148897	0.0607161777612562	0.0336828378347485	0.0165839869355754	0.00753013395408566	0.00305041989243518	0.00122652921057837	0.000364778136371362	0.00011629166745354	1.29212963837267e-05	7.95156700537029e-06	2.98183762701386e-06	9.93945875671286e-07	0	1.98789175134257e-06	
0.00204680398221727	0.0142699434095498	0.0451311327041085	0.0910360329000368	0.140407968412782	0.168185027897401	0.168116403274091	0.140035008503486	0.100564909942614	0.0631913433518653	0.0359016181487265	0.0176713377823307	0.00807483067620118	0.00335266094463286	0.00135558495032174	0.000467443086317841	0.000150178523476583	2.38694341949536e-05	5.9673585487384e-06	6.96191830686147e-06	1.98911951624613e-06	9.94559758123067e-07	1.98911951624613e-06	
0.00192071908537945	0.012970327378109	0.0421264450176746	0.0878952899589185	0.135414676284195	0.167518550364638	0.166748272348014	0.142816908697175	0.104476171141046	0.0665524187127799	0.0376450988822012	0.0194599694277252	0.00867607719499379	0.00361552976019872	0.00143606095347282	0.000479682175726888	0.000167192127639247	3.78172669660202e-05	2.28893984268017e-05	8.9567211235311e-06	4.9759561797395e-06	2.9855737078437e-06	1.9903824718958e-06	9.951912359479e-07	
0.00189313110753641	0.0118949914097808	0.0390882330411565	0.083914553432954	0.132242619225975	0.164105517935005	0.167277979890829	0.14444102891626	0.107300641754534	0.0699851673227465	0.0404441645700961	0.0209099961898622	0.00981483526376997	0.00424387667091452	0.00155489433582733	0.000604846932938591	0.000175087270061171	6.46629122385007e-05	1.59170245510156e-05	1.59170245510156e-05	2.98444210331542e-06	4.97407017219236e-06	1.98962806887694e-06	1.98962806887694e-06	
0.00175045623065115	0.0111520841648745	0.0367089437093786	0.0805914814439725	0.127932237585463	0.162056701675791	0.16757515642903	0.145511266265938	0.11062327362123	0.0729502385902622	0.0428340511891783	0.0224133856782298	0.0105067089238517	0.00468443136483956	0.00175641354056829	0.000619560231381917	0.000209498732085873	6.25517541299051e-05	2.58150096409132e-05	9.9288498618897e-06	9.9288498618897e-06	1.29075048204566e-05	1.98576997237794e-06	9.9288498618897e-07	
0.00175391578821988	0.010312071943303	0.0347874853592202	0.0760407361086296	0.124310642606158	0.159851507752169	0.166539614476009	0.147229666686519	0.113352391161932	0.0761717586802454	0.0456613662080877	0.02404164929625	0.0117404164929625	0.00502451710241598	0.0020705536696246	0.000736505667718818	0.000251126595596848	7.14668572449527e-05	3.07704524249102e-05	5.95557143707939e-06	5.95557143707939e-06	9.92595239513231e-06	
0.00151407152024511	0.00979026679669986	0.032726014691365	0.073145660042728	0.120083865445468	0.156646257022339	0.166187989426353	0.148605672350151	0.115487967455912	0.0795986070144359	0.0479750908890274	0.0261676891371582	0.0126981191911299	0.00580079272529891	0.00229347537570944	0.00085098176055799	0.000279352657379433	0.000109355132781985	2.28651641271422e-05	5.96482542447189e-06	7.95310056596252e-06	1.98827514149063e-06	
0.0013037549936605	0.00899481386382583	0.0308080591779272	0.0703091463044173	0.116755293454433	0.151767439590527	0.16599320931891	0.150695750993752	0.118231355257798	0.0822142520639467	0.0503623920965954	0.0281617054589387	0.0140195991526091	0.00645403541552335	0.00250492269599402	0.00093025757378068	0.00031672581205809	0.000129479105558339	4.18317110265402e-05	4.97996559839765e-06	9.95993119679529e-07	
0.00118264063193928	0.00844515192191578	0.0293604259502293	0.0669184975972934	0.113258050189871	0.149988772399064	0.163305206113803	0.151959840118963	0.121237131921816	0.0850613027011113	0.0527886865702923	0.0302276957469848	0.0148483774869136	0.00690123204207606	0.00290620212675712	0.00107984570781291	0.000351299158179432	0.000124751121512582	5.08984575771336e-05	2.99402691630198e-06	9.98008972100659e-07	
0.0011634555227717	0.00795560110039344	0.02797781252401	0.0644290935723573	0.110048324314724	0.147149184732989	0.162275104346794	0.151962657667681	0.123571748585843	0.0876672716768427	0.0556922011560717	0.0317974589572605	0.0159710712671388	0.00738285369896037	0.00312017617470592	0.00121633986471587	0.000409105286737904	0.00016264429692263	4.09105286737904e-05	4.98908886265737e-06	1.99563554506295e-06	
0.00103137661321081	0.0075830642568597	0.0262566719982747	0.061641975530515	0.106511351133316	0.14419403858327	0.162188714962649	0.153677112225357	0.12523488029841	0.0901880440187145	0.0577580887682787	0.0329381553434893	0.0171170577510998	0.00814717634443386	0.00347652794501455	0.00126900258992346	0.00051818437778936	0.000197688837769351	5.4913566047042e-05	1.49764271037387e-05	9.98428473582581e-07	
0.000936009954741166	0.00706762596841993	0.0250920743482217	0.0590286919586234	0.102452546297455	0.141641831536228	0.160555239102992	0.154345538836404	0.127930036509394	0.0930133614169689	0.0602900529671516	0.0345182451865563	0.0182647076195215	0.008415079871181	0.00404035954795224	0.00153365481354381	0.000537580048872734	0.000209225754589202	9.41015355568659e-05	2.60280843029629e-05	8.00864132398858e-06	
0.000832534360827004	0.00636473019775446	0.023728732053174	0.0564069580236376	0.0986027248218467	0.138799808046229	0.159778471723386	0.154783265558424	0.12930831522496	0.0958997432267669	0.0628798876329074	0.0364561887558771	0.0195740750202623	0.00935423986406948	0.00438508170558339	0.00184039184216511	0.000635170619451649	0.000237437597492178	8.81624834570113e-05	3.10572384905381e-05	1.30240032379676e-05	
0.000761182115825878	0.00591218161805284	0.022066268915626	0.0535882225095573	0.095807789497089	0.135037713569173	0.158069481905399	0.156165525060419	0.131250832542939	0.0989987450510643	0.0652383151033555	0.0383866144121821	0.0207071582167106	0.0102028450183134	0.00465522957152458	0.00201613105152302	0.000787222556630447	0.00024738418764341	7.4115100751467e-05	2.00311083112073e-05	7.01088790892256e-06	
0.000772274443641038	0.00551538523338957	0.0209076484293404	0.0514079697919177	0.0918604884711175	0.131346910902225	0.155356712460834	0.15568008355427	0.134257250743151	0.101891017915964	0.0685878123242548	0.0405519402265606	0.022227243512493	0.0111954687876597	0.00491584317506226	0.00213706113923034	0.000911866313167832	0.000311319996786374	0.000118502450389652	4.41873543825821e-05	3.01277416244878e-06	
0.0007558586614944	0.00511339898236599	0.0192224242778976	0.0490813642996551	0.0894173732448235	0.128641291075217	0.153622974874007	0.155330468672736	0.136210978418166	0.104567848658729	0.0710789705790342	0.0423916619404476	0.0233791423375711	0.0118767698092491	0.00546963143564706	0.00237656495035956	0.000956680922692512	0.000324948583446191	0.000130181264796766	4.74303832980465e-05	4.03662836579119e-06	
0.000660098701435234	0.00470156058250425	0.0181461436285818	0.0462160069386179	0.0858279942501663	0.125812992925925	0.151350624617133	0.155367825596464	0.138125400557596	0.106554891301052	0.0735408583911383	0.0455943213316	0.0251504681343164	0.0128592887916656	0.00575387719535889	0.00266263396566678	0.00107758838549764	0.000419511425873847	0.000121304508686414	4.54891907574051e-05	1.11195799629213e-05	
0.000633120708609734	0.00449859570590431	0.0169961557638763	0.0439695252504923	0.0830530981954037	0.123034772081602	0.149446828479914	0.155332019220169	0.138689844683151	0.108797647137354	0.0761241685233825	0.0470896169215163	0.0269996652348969	0.0139772015862404	0.00662551719185681	0.00285915693808262	0.00121263854572376	0.000450061845577207	0.000144626615545035	5.36028714957123e-05	8.09099947105091e-06	4.04549973552545e-06	
0.000510723171923321	0.0042016298818386	0.0162131941856131	0.0419296672744306	0.0797584390204591	0.12082279819887	0.148383717299111	0.154350213053158	0.139392168911364	0.111015301548287	0.0784317675856998	0.0496630435877547	0.0280504880579424	0.0149661028900686	0.00708666176426147	0.00312780167420495	0.00132566409122503	0.000545980195626114	0.000154123560757925	5.43965508557383e-05	6.04406120619315e-06	9.06609180928972e-06	1.00734353436552e-06	
0.000444569612359438	0.00390557421898574	0.0157419886946551	0.0396642594194444	0.0770312405704975	0.117029430106013	0.14683269296534	0.154623725131259	0.140131962744664	0.112733600209209	0.0806159602502464	0.0516143308322102	0.0302357627084549	0.0159109653798958	0.00770050894168293	0.00339260928164793	0.00151576109915311	0.000572307939892579	0.000193116211703647	6.2360443362636e-05	2.91685944760717e-05	9.05232242360846e-06	5.02906801311581e-06	4.02325441049265e-06	
0.000407738597379225	0.00365257457800059	0.0147328207476681	0.0379819550563603	0.0730042902938128	0.113606417765351	0.144506174327332	0.154090039930263	0.141626897089188	0.115326753275969	0.0834347658415484	0.0541358352012983	0.0315535443129504	0.0170356399688271	0.00858159190789527	0.00381426402178891	0.00156065463134807	0.000648766339672363	0.000180770806719853	5.72440887946203e-05	3.71584436035254e-05	1.60685161528759e-05	6.02569355732845e-06	2.00856451910948e-06	
0.000386189232724035	0.00331362367560104	0.0134635971626097	0.0363378055247071	0.0702454202559254	0.109932867104881	0.140933057198027	0.153258096467269	0.143410271032806	0.117616632149753	0.0864783744034577	0.0564556632750048	0.0340596892477314	0.0182409380596492	0.00889135676481476	0.00413702714330022	0.00170583585957119	0.000771377975207852	0.000224109813808766	6.80333363348041e-05	2.80137267260958e-05	3.00147072065312e-05	7.00343168152395e-06	5.00245120108853e-06	
0.000352989743354519	0.00292363256360297	0.0123905382794442	0.0341113732497592	0.0680602116741885	0.106627831147257	0.137966140904731	0.15155624602388	0.144389756516849	0.120845141205869	0.0887988576693503	0.0592593995983495	0.0361545257473112	0.0194333816616843	0.00965835778003354	0.0044183546689375	0.00189557486473712	0.000748856771918768	0.000261252295929051	7.07973779044375e-05	3.09115311977121e-05	2.49286541917033e-05	1.19657540120176e-05	3.98858467067254e-06	4.98573083834067e-06	
0.0003347594549679	0.00282211160701425	0.0120046528584186	0.0320653863690321	0.0661393294678715	0.103108892184608	0.135200105692599	0.150576193536659	0.145157461112772	0.121602117030713	0.0922376533858883	0.0609301942101515	0.0382102587382648	0.0207997870254387	0.0104738981993517	0.00497371095259429	0.00210491182515424	0.000853288937143697	0.000254297983595793	7.54947138800012e-05	4.96675749210534e-05	1.29135694794739e-05	9.93351498421068e-07	9.93351498421068e-06	9.93351498421068e-07	9.93351498421068e-07	
0.000320865147508839	0.00274616991988275	0.0112847480119235	0.0307119443041485	0.0625518682472246	0.100505065509968	0.132879764698892	0.148819037998752	0.145302395595036	0.124286718757737	0.093414341879834	0.0640957841884786	0.0401289402537211	0.0225873218653753	0.011209483347693	0.00538736543965457	0.00234409816096735	0.000900204997177575	0.000380284619269735	9.90324529348267e-05	2.5748437763055e-05	1.18838943521792e-05	2.9709735880448e-06	1.98064905869653e-06	1.98064905869653e-06	
0.000265144919506751	0.00261286467319899	0.0104336504519336	0.0292807053646336	0.0597664350276226	0.0972329951086698	0.130130752061799	0.147768825289285	0.145046143130768	0.126964842575151	0.0959300254855714	0.0666671283618001	0.0417949519573235	0.0237502572301458	0.0123450683044972	0.00575700853212607	0.00256240799075554	0.00110510028018299	0.00039672803254555	0.000137519193326263	4.05632152976746e-05	7.91477371661944e-06	9.8934671457743e-07	0	1.97869342915486e-06	
0.000279604904389004	0.00239647182236958	0.0101252669631933	0.0273953315896035	0.0577532853576266	0.0943200544138906	0.127143885477004	0.14593492146275	0.145802059557828	0.127901396636412	0.098991042727992	0.0691744516471902	0.0439098680701114	0.0250623161994356	0.0129976620270761	0.006157256937077	0.00284562438154766	0.00110057249599927	0.00046501666722852	0.000184420256086364	4.75923241513198e-05	9.91506753152496e-06	9.91506753152496e-07	0	0	9.91506753152496e-07	
0.000198453255327974	0.00216413274935155	0.00927272835519957	0.0266096047406514	0.0550558943593631	0.0914809971085361	0.124980898874175	0.144731959110691	0.145258852503587	0.129458004314374	0.102128014256882	0.0707317169977198	0.0453674064342514	0.0269390371444958	0.013550388273794	0.00671962722540519	0.00310380891332951	0.00145168556272413	0.000485218209276896	0.000235167107563649	4.96133138319934e-05	1.98453255327974e-05	6.94586393647908e-06	
