# <P(N_1)> as a function of N_tot.
# number_of_species: 2
# species_total_upper_bound: 100
# species_total_lower_bound: 0
# volume: 512
# Bin widths for each species index 
1	1	1	1	1	1	1	1	1	1	1	1	1	1	1	1	1	1	1	1	1	1	1	1	1	1	1	1	1	1	1	1	1	1	1	1	1	1	1	1	1	1	1	1	1	1	1	1	1	1	1	1	1	1	1	1	1	1	1	1	1	1	1	1	1	1	1	1	1	1	1	1	1	1	1	1	1	1	1	1	1	1	1	1	1	1	1	1	1	1	1	1	1	1	1	1	1	1	1	1	1	
# Bin lower bound for each species index 
0	0	0	0	0	0	0	0	2	3	4	5	6	6	7	8	9	9	11	11	12	13	13	14	14	15	16	17	17	18	20	20	22	22	23	23	25	25	26	27	28	29	29	30	31	32	33	34	35	35	36	36	37	39	39	40	40	41	42	43	44	45	45	47	48	49	50	50	50	51	52	53	53	51	52	52	53	54	57	58	61	61	62	63	64	65	66	68	69	69	70	70	70	71	72	72	73	73	74	74	78	
# Bin upper bound for each species index 
0	1	2	3	4	5	6	7	8	9	10	11	12	13	14	15	16	17	18	19	20	21	22	23	24	25	26	27	28	29	30	31	32	33	34	35	36	37	38	39	40	41	42	43	44	45	46	47	48	49	50	51	52	53	54	55	56	57	58	59	60	61	62	63	64	65	66	67	68	69	70	71	72	73	74	75	76	77	78	79	80	81	82	83	84	85	86	87	88	89	90	91	92	93	94	95	96	97	98	99	100	
# Normalized histogram for each species index 
1	
0.0797555816686251	0.920244418331375	
0.00614653052378993	0.146599621220449	0.847253848255761	
0.000594951412301329	0.0174267249656093	0.20176722604691	0.780211097575179	
4.06542202207837e-05	0.00204522000187635	0.0319667260843731	0.246458391969228	0.719489007724302	
9.35220400274331e-06	0.000174574474717875	0.00415237857721803	0.0494014589438244	0.284185423031361	0.662076812768876	
1.55861320831177e-05	1.55861320831177e-05	0.000408356660577684	0.00755615683389547	0.0674131384859008	0.313717666568994	0.610873509186466	
2.18266403499746e-05	6.2361829571356e-06	3.74170977428136e-05	0.000969726449834585	0.0127654665132566	0.0856508548247789	0.338646561212813	0.561901911078267	
3.10351783746877e-06	8.68984994491256e-05	0.0019179740235557	0.0182455813664789	0.106934810607824	0.355815216547957	0.516996415436898	
9.2791062364873e-06	0.00025362890379732	0.00303426773933135	0.0254464023358603	0.12685775439443	0.369011496812627	0.475387170707717	
2.77608128365999e-05	0.000518201839616531	0.00488281852448195	0.0337355566659881	0.148393882750665	0.376322494278188	0.436119285128224	
0.000108579317191208	0.000881043602351518	0.00751058648342614	0.0431990569110735	0.165698242566195	0.380468131970404	0.402134359149359	
0.000134675916500932	0.00135302316112564	0.010608077422992	0.0517343439247068	0.1821162910879	0.383027702522824	0.371025885963951	
6.28620460967384e-06	0.000201158547509563	0.00220645781799552	0.0137730742997954	0.0621328463620162	0.197103945536323	0.383266751949509	0.341309479282241	
1.89361064209181e-05	0.000309289738208329	0.0029824367612946	0.0167332060406179	0.0730491865364283	0.212655631124647	0.377324012560951	0.316927301131432	
5.6524319588503e-05	0.000417651916959494	0.00419536060945777	0.0213285099247284	0.0849246499417485	0.226989106507519	0.37390523383797	0.288182962942028	
8.15834724436133e-05	0.000753078207171815	0.00533430396746702	0.0266244524493869	0.097391839142495	0.240191156351587	0.365202138742108	0.26442144766734	
6.27706986378758e-06	0.000109848722616283	0.000982361433682757	0.00731592492624443	0.0324336199861904	0.107008348502919	0.24799447617852	0.359202184420313	0.244946958759651	
0.000157635716470095	0.00135881987597222	0.00936986698698244	0.0380532619558809	0.119059103935533	0.258522575010956	0.350424197713021	0.223054538805184	
2.84534596245408e-05	0.000208658703913299	0.00195064273203796	0.0115932040492435	0.0462811328270725	0.13056660322599	0.263754086232952	0.340932514716762	0.204684704052405	
4.44810177256856e-05	0.00045434182391236	0.00307554465417597	0.0148979637225528	0.05285298070477	0.140004003291595	0.269453296519996	0.32818412599566	0.191033262269612	
0.0001019442683428	0.00076139625418529	0.00408414225048344	0.0172158383163904	0.0591690904978385	0.150460182798816	0.275861190135618	0.317906829310251	0.174439386168074	
1.92074986074564e-05	0.000147257489323832	0.00104680867410637	0.00524364711983558	0.0206384572537118	0.0658401039765925	0.161762352022229	0.280544724660507	0.303158353021019	0.161599088284066	
3.20413204868999e-05	0.000192247922921399	0.00135855198864456	0.00668702358561601	0.024268096136778	0.0733233578022217	0.171180754701263	0.279752769171123	0.294049606372378	0.149155550998568	
3.19952902932688e-06	5.75915225278839e-05	0.000284758083610093	0.00162536074689806	0.00831557594722057	0.0280470714710795	0.0804713546166004	0.177970602727279	0.280173158511067	0.284028590991406	0.139022735853282	
6.3726536685774e-06	5.09812293486192e-05	0.000379172893280355	0.0021157210179677	0.0093901051806488	0.0325961235147734	0.0877132050942993	0.187588619715079	0.282158800156767	0.271940249999203	0.126060648544964	
6.3693253292145e-06	7.6431903950574e-05	0.000538207990318625	0.00283753443416506	0.0110794414101686	0.037250999187911	0.0971290266078566	0.196293052658397	0.280858585054378	0.259215617585707	0.114714733841818	
1.27054712935758e-05	0.000168347494639879	0.000679742714206305	0.00355435559437783	0.0137663781465894	0.0415500674978162	0.105788930358135	0.202159930119908	0.28052410069086	0.246740252521242	0.105055189390931	
3.1760550854994e-06	2.22323855984958e-05	0.000231852021241456	0.0010480981782148	0.0047704347384201	0.0160803668978835	0.0460051579134588	0.113620194628656	0.20633877073964	0.278073150900729	0.236527174327312	0.0972793912137612	
6.31727902157983e-06	3.7903674129479e-05	0.000265325718906353	0.00139611866376914	0.00541074948198312	0.0182727295699196	0.0520606964168393	0.120006190933441	0.211398266538636	0.274021453479557	0.227529438520241	0.0895948097235559	
6.26217209701357e-05	0.000381992497917828	0.00152796999167131	0.00591462154562932	0.0210941267087902	0.0566225601011967	0.127450857604469	0.216242195768024	0.271076905735523	0.215907169560834	0.0837189787649744	
6.23318986607992e-06	7.4798278392959e-05	0.000339708847701355	0.00156141406145302	0.00708713687773286	0.0233682288079336	0.0626653743186344	0.13445613860121	0.220997746701863	0.265711534206188	0.207069683946108	0.0766620021629169	
7.47891879763916e-05	0.000333435129728079	0.00230288374643972	0.00911181606845704	0.0261575184947429	0.0694822718462334	0.14003028962113	0.225888277418028	0.263120828165608	0.193894086044961	0.0696038042766951	
9.34553236825136e-06	8.41097913142622e-05	0.000570077474463333	0.00315878994046896	0.0099903741016607	0.0292702073773633	0.0736957530785741	0.146808967972861	0.229713185611618	0.257930463008825	0.184736253500681	0.0640324726098022	
2.49830583635472e-05	0.000252953465930916	0.000818195161406171	0.00344141628957863	0.0113173254386869	0.0336459338511072	0.0789121127235593	0.154504601567062	0.232061383374399	0.250258418509948	0.175634023178032	0.0591286533819254	
2.17835092611034e-05	4.66789484166501e-05	0.000239618601872137	0.00102071300537741	0.00393970324636527	0.0129331806413065	0.0366927653853814	0.0847751941844254	0.161073491336387	0.234913363871739	0.243720125473013	0.166503809002191	0.0541195727942641	
6.49949551534809e-05	0.000371399743734177	0.00132775408384968	0.00463630680094831	0.0146176749138043	0.0402690172143781	0.0894423432847831	0.167470334445469	0.234148968437212	0.238478870449579	0.158318425760286	0.0508539099108022	
3.08483924902673e-06	0.000107969373715936	0.000348586835140021	0.00152699542826823	0.00546325031002634	0.0162139150928845	0.045467445691405	0.0973359328245405	0.17248878660933	0.233476058562588	0.231140835251075	0.149145808011944	0.0472813311698327	
3.08478215268438e-06	7.71195538171094e-05	0.000533667312414397	0.00197734535987069	0.00601840997988722	0.0182804190368076	0.0505534099181916	0.104170008513999	0.175740039238429	0.23336068506842	0.224892958059302	0.14033599447207	0.0440568587046383	
3.09879580794903e-06	0.000139445811357706	0.000601166386742112	0.00226831853141869	0.00677706643198453	0.021099700656325	0.0536184638649421	0.111510167149046	0.180867414922561	0.231315810675971	0.217739986241347	0.133226528171153	0.0408328323613444	
4.04567253081713e-05	0.00017427512440443	0.000743781334511765	0.0025238772480713	0.00836520597141266	0.0240406310004326	0.058973457276142	0.115541295424344	0.183748222238128	0.230534869029132	0.212581419159683	0.125241573330927	0.0374909361375031	
0.000103074751058859	0.000309224253176576	0.000921425804920101	0.00305788428141281	0.00992328739739377	0.0274959707142768	0.0617948749984383	0.120666175239571	0.187099414035658	0.229681780132186	0.205846524819151	0.119423031272255	0.0336773323005035	
3.74761089805249e-05	8.74442542878915e-05	0.000393499144295512	0.000940025733594833	0.00346966308978027	0.0115270265205931	0.0300308553297273	0.067541317410151	0.124533110142284	0.192233701015603	0.22823574970956	0.199007507713832	0.112381481805349	0.029581142021961	
6.55498225472661e-05	0.000127978224973234	0.000365206154191911	0.00118301822597209	0.00404848189732401	0.0130725074679976	0.0332680956527982	0.0720891977013862	0.130222526040447	0.195919055333414	0.223871372519642	0.191318082074621	0.106431061875911	0.0280178670087743	
5.00037502812711e-05	0.000103132734955122	0.000437532814961122	0.0016876265719929	0.00520351526364477	0.0149261194589594	0.0362995974698102	0.0765526164462335	0.136138335375153	0.196517863839788	0.221847888591644	0.184451333850039	0.0998699902492687	0.0259144435832687	
5.00075011251688e-05	0.000121893283992599	0.000475071260689103	0.00189403410511577	0.00601027654148122	0.0164868480272041	0.039096489473421	0.0816903785567835	0.142758913837076	0.19727021553233	0.22174576186428	0.17714844726709	0.0918325248787318	0.0234191378706806	
3.75320195041395e-05	0.000106340721928395	0.000562980292562092	0.00216434645807204	0.0064054646620398	0.0182780934985159	0.0426551401664545	0.0867927951033225	0.147500836651268	0.200317771098468	0.216687986938857	0.170436028236589	0.0863424108692728	0.0217122732831447	
3.42370887269717e-05	0.000252109471534973	0.000690966699762519	0.00242149591178036	0.00727693758578725	0.0200847212322862	0.0469981854342975	0.0935357264020866	0.149245694686093	0.200632452402666	0.211840430266831	0.164241539548506	0.0822748366735245	0.0204706665961175	
4.97894838386447e-05	0.000289401374812122	0.000802855426898146	0.00278198740948427	0.00797254109966299	0.0223772611427309	0.0504429708140269	0.096544921005872	0.152635886392845	0.19986743549928	0.209588832218775	0.158896913985555	0.078104140929134	0.0196450632170853	
6.19799494863412e-06	8.98709267551947e-05	0.000275810775214218	0.000954491222089654	0.00321366038086679	0.00925980445325937	0.0246494259107179	0.0533678355052141	0.100574864031486	0.15491888374111	0.20365371802222	0.205364364628043	0.151637045415808	0.0740412476563832	0.0179927793358848	
2.48424059870198e-05	9.31590224513244e-05	0.000366425488308543	0.00115517187839642	0.00399652206316182	0.0108033413036053	0.0265534266993758	0.0571251125671521	0.103282302891035	0.160398099555942	0.204931217588423	0.199872682669317	0.144849858708816	0.0694314194329721	0.0171164177250567	
6.21382389401702e-06	1.2427647788034e-05	0.000118062653986323	0.000493998999574353	0.00146335552704101	0.00452366379484439	0.0116415990654409	0.0287637908054048	0.059506684521054	0.10879162873645	0.16495838291447	0.203095727063999	0.195831766931893	0.141286820790212	0.0644808505482146	0.0150250261757332	
1.86717536822254e-05	2.80076305233381e-05	0.000214725167345592	0.000413890539955997	0.00161199473456546	0.00537435310153388	0.0128586143691592	0.0301953376631055	0.0634684027248313	0.114000392106827	0.168005327673717	0.201125906747038	0.192343958598498	0.136070404959218	0.060462250381993	0.0138077618480057	
6.22942343571391e-05	0.000174423856199989	0.000604254073264249	0.00173177971512847	0.00594286995767107	0.014371279866192	0.0334582332732194	0.0677543239985423	0.118028885836471	0.170764069931508	0.201098247351716	0.188231373245249	0.128659396929517	0.0565974266251787	0.012521141105785	
3.11471171785695e-06	3.73765406142834e-05	0.000133932603867849	0.000594909938110678	0.00213669223844987	0.00569992244367823	0.0166014134561776	0.0361026235216799	0.072790812846317	0.120579834733396	0.172779288412961	0.200282192881638	0.183574879227053	0.123155701324064	0.0543766371703467	0.0111506679499279	
3.12502929714966e-05	5.93755566458436e-05	0.000209376962909027	0.000753132060613068	0.00238127232442804	0.00679068866270621	0.0172939121304262	0.0390409910092907	0.0769413463251218	0.124776169776592	0.172904745981994	0.200405003796911	0.178729800591881	0.119126116807345	0.0505692240864758	0.00998759363369032	
6.26768662820396e-06	4.07399630833258e-05	6.26768662820396e-05	0.000263242838384566	0.000852405381435739	0.00293327734199945	0.00778133294891522	0.018621296972394	0.0422724124639216	0.0815269338163631	0.128083310090662	0.176661015302557	0.198638658464354	0.173307802956468	0.113235160468447	0.0467224699699464	0.00899099646815858	
2.18972393837491e-05	3.44099476030343e-05	0.000109486196918746	0.000259638695550168	0.000944709470556033	0.00323140689763041	0.00824900289356378	0.0208211464768906	0.0445733948541487	0.0837194025181825	0.133635723781966	0.178944240243998	0.197240947837648	0.167639008367874	0.107718776882772	0.0438101196527723	0.00904668804254321	
2.81358147037768e-05	2.50096130700238e-05	0.000103164653913848	0.000400153809120381	0.00109729677344729	0.00358575327391466	0.00876586938104334	0.0228619125476355	0.0479465544568694	0.0884371180172379	0.139112846500374	0.180141116741748	0.193862015712289	0.163672286535137	0.101498388443058	0.0405937282142824	0.00786864951215623	
3.4372529474444e-05	1.24991016270706e-05	0.00015936354574515	0.000521837492930196	0.00153738950012968	0.00384972330113773	0.00957118707092928	0.0248950856657178	0.0522431200257482	0.091984013649019	0.143442815047668	0.180605768960356	0.19103314449274	0.158282373454408	0.096274330282511	0.0379910193954809	0.00756195648437769	
2.18010807107152e-05	1.86866406091845e-05	0.000161950885279599	0.000616659140103088	0.00173474313655263	0.00389616456701497	0.010944142516779	0.0276967158229129	0.0537801516732329	0.0973573975738512	0.144344955385646	0.182288179142595	0.187308656586262	0.153903172057243	0.0915956833860193	0.0376753819082175	0.00665555849697121	
3.10442349303523e-05	9.31327047910568e-06	0.000149012327665691	0.000679868744974714	0.0017446860030858	0.00522784916227132	0.0131006671406087	0.0297776301451939	0.0585990978545329	0.100872032559194	0.147472533613145	0.179721284858795	0.185824581446103	0.147158986840349	0.0880724944974094	0.0352165801049916	0.00634233719627097	
3.11540067168038e-06	3.11540067168038e-06	2.80386060451235e-05	0.000196270242315864	0.000679157346426324	0.00205927984398073	0.00560460580835301	0.0150100004361561	0.0321571657330849	0.061613279083823	0.105060656851078	0.146831949056968	0.180553045927237	0.181743128983819	0.145454941960085	0.0846329746468693	0.032487398204283	0.00588187646813257	
1.55722005076537e-05	6.22888020306149e-05	0.000239811887817868	0.000803525546194933	0.00218633695127458	0.00657146861422988	0.016559478019839	0.033987884828005	0.0657146861422988	0.105881620131741	0.149377890589719	0.181469081395892	0.179385520967968	0.141897005465842	0.0800784838905586	0.030384477630534	0.00538486693554666	
1.55687093851294e-05	0.000155687093851294	0.000245985608285044	0.000822027855534832	0.00262799814420984	0.00751657289114047	0.0173092910943869	0.036094495838484	0.0671914359643414	0.109905747033382	0.152697901649349	0.181823843167049	0.176141264241477	0.135566093841953	0.0775570826729606	0.0291633064202244	0.00516569777398593	
2.48985384557926e-05	0.000140054278813834	0.000323680999925304	0.00102706471130145	0.00292246595124866	0.00840325672883002	0.0184249184572866	0.0376652640490003	0.0713592112143017	0.113599581704554	0.154582576002789	0.181918058909942	0.172649577969773	0.132071184921445	0.0732732863580908	0.0267908273784329	0.00482409182580983	
1.55774401281089e-05	0.000130850497076114	0.000464207715817644	0.00128981204260741	0.00361085062169564	0.00925611492412229	0.0199609317801587	0.0408004311835427	0.0745006651566935	0.114459914573318	0.156902207946364	0.181776264342928	0.172429800266063	0.126762976786499	0.0687775136536263	0.0247400904114625	0.00412179065789761	
6.24892596584962e-06	3.12446298292481e-05	0.000112480667385293	0.000468669447438721	0.00131852337879427	0.00413991345237537	0.00956398119073284	0.0220555841964662	0.0438080954835888	0.0775866647919889	0.118798331536767	0.159335114277234	0.181003265063817	0.168649138429332	0.122041524113043	0.0644639202637047	0.0227210948118292	0.00389620533970724	
6.25991805767263e-06	3.12995902883631e-06	2.81696312595268e-05	0.000140848156297634	0.000497663485584974	0.00182789607284041	0.00474814784674469	0.0105229222549477	0.024113204358155	0.0457944305509041	0.0805150660577853	0.122584845364374	0.162382274416028	0.180204261126222	0.165127248484317	0.116155909519144	0.0600670437223977	0.0215059484871343	0.00377473058877659	
9.41226669343934e-06	0	1.88245333868787e-05	0.000160008533788469	0.000781218135555465	0.00184794169414526	0.00515164730354246	0.011953578700668	0.0256296022062353	0.0484135624488208	0.08415193908381	0.124678022043529	0.163625981620981	0.18075630700304	0.159870487210298	0.112341677830661	0.0573614906520505	0.0198473330342324	0.00340096569856275	
1.56799779225911e-05	0	4.70399337677733e-05	0.000169343761563984	0.000768318918206963	0.00206348509461299	0.0056981039770696	0.0132025414108217	0.0270448259208851	0.0518223270341635	0.0864813502342589	0.128836106598762	0.164379480553691	0.178783108273384	0.156094180219394	0.10801936790873	0.0546102271088002	0.018935141339321	0.0030293717346446	
3.12545905179823e-06	6.25091810359647e-06	0.00010626560776114	0.000221907592677675	0.000934512256487672	0.00233784337074508	0.00621028713592309	0.0139145436986057	0.0288886180157711	0.0555737874000244	0.0900163461508409	0.131719346278985	0.165458676743147	0.176416536178751	0.151825424359203	0.103637096698578	0.052792128843924	0.0170368772913522	0.00290042600006876	
6.25486706843763e-06	0	3.75292024106258e-05	0.000121969907834534	0.000206410613258442	0.00107270970223705	0.0026270441687438	0.00685846174054186	0.0146426438072125	0.0305612804963863	0.0580326566609643	0.0937760945235511	0.13351639244287	0.16708313656564	0.174426350503986	0.147577333612717	0.0996275226660745	0.0501984356577462	0.0169319251542607	0.00269584770649662	
6.26460435891171e-06	0	3.13230217945586e-06	9.39690653836757e-06	2.50584174356469e-05	2.81907196151027e-05	9.71013675631315e-05	0.000350817844099056	0.00114329029550139	0.00294123174650905	0.00725441184761976	0.0155738064362545	0.0337474236814574	0.0607196777487518	0.0963339535291649	0.13631152624556	0.167678400270631	0.170556985973551	0.144922224936884	0.0951405463987922	0.048964147669254	0.0159402857912509	0.00225212526702876	
6.24297665126732e-06	3.12148832563366e-06	6.24297665126732e-06	2.18504182794356e-05	1.24859533025346e-05	2.49719066050693e-05	0.000121738044699713	0.000362092645773505	0.00142339867648895	0.00331189911349732	0.00780372081408416	0.0171962791859158	0.0357816206767387	0.0635129229616681	0.0996722437258085	0.1391621925334	0.168788238231989	0.168885004370084	0.140310900237233	0.0919403171432139	0.0455987014608565	0.0141684355100512	0.00188537894868273	
3.11690578528883e-06	6.23381157057766e-06	9.35071735586648e-06	1.55845289264441e-05	2.49352462823106e-05	1.55845289264441e-05	4.05197752087548e-05	0.00015896219504973	0.000392730128946392	0.00140260760337997	0.0036561304861438	0.00833148916407704	0.019564817614258	0.036863644722611	0.0669012657754394	0.103524908752583	0.143536628318336	0.167617842415477	0.168216288326253	0.136308523802251	0.087563234226119	0.0413551059592122	0.0124676231411553	0.00202287185465245	
6.22496397302101e-06	6.22496397302101e-06	1.55624099325525e-05	9.33744595953151e-06	3.42373018516155e-05	1.8674891919063e-05	0.000127611761446931	0.000189861401177141	0.000485547189895638	0.00139439192995671	0.00427343776747892	0.0100564292984154	0.0211617650262849	0.0406459022618407	0.0704977169944629	0.106462446348592	0.145882030707747	0.166032239088416	0.165506229632696	0.132635307373159	0.0828573829628961	0.0383053158079848	0.0115566456159135	0.00183947685402771	
3.10932704834693e-06	6.21865409669385e-06	4.042125162851e-05	3.10932704834693e-05	9.32798114504078e-06	4.042125162851e-05	9.32798114504078e-05	0.000205215585190897	0.000544132233460712	0.00172878583888089	0.00474172374872906	0.010979033807713	0.0230836440069276	0.0438228554194016	0.0729323752460255	0.111121130053822	0.145273978352865	0.167524322710836	0.163193030132488	0.127836872265736	0.0789613603927702	0.0356204506658624	0.010521962731606	0.00168525526020403	
3.12030978435539e-05	9.36092935306617e-06	3.12030978435539e-06	4.05640271966201e-05	5.6165576118397e-05	0.000227782614257944	0.000599099478596235	0.00217485591969571	0.00531700787254159	0.0122909002405759	0.0243165741494816	0.0462024269769503	0.0768282675103984	0.11414093191172	0.147534487223892	0.165607321494878	0.161135917573897	0.122955807052524	0.0750122472159036	0.034145549970201	0.0095824713477554	0.00178793750643564	
6.28391349564682e-06	0	6.28391349564682e-06	3.14195674782341e-05	0.000109968486173819	0.000238788712834579	0.000870322019147084	0.00241302278232838	0.00642530154929887	0.0127186409151892	0.0261599318823777	0.0489611120013322	0.0807859919000355	0.115152714807728	0.149026150506012	0.165851328890606	0.155793925340824	0.11896076638609	0.0730630622138856	0.0324784069022506	0.00939130871924417	0.00155526859017259	
9.47609812183735e-06	5.68565887310241e-05	0.000145300171201506	0.000356933029255874	0.000941292413435844	0.00265014877474051	0.00691123423019338	0.0141383383977813	0.0284156595680163	0.0512593734403922	0.0826663213155351	0.117794217053186	0.149971887575572	0.164896742117466	0.14996241147745	0.116698148370427	0.0712286708824774	0.0314101065745169	0.009030721510111	0.00145616041138901	
3.18192665659057e-06	6.36385331318113e-06	6.04566064752207e-05	0.000120913212950441	0.000289555325749741	0.00106594542995784	0.00303873995704399	0.00720388195052104	0.0147005011534484	0.030215575530984	0.0527977090128073	0.0852056320101822	0.12208098003341	0.151106514994829	0.162093707740037	0.148860074775276	0.113473868427333	0.0675586667727309	0.0301392092912258	0.00858802004613794	0.00139050194893008	
6.40178225618012e-06	1.60044556404503e-05	2.88080201528105e-05	0.000140839209635963	0.000364901588602267	0.00116192347949669	0.00319769023696197	0.00749968791311501	0.0158092012816368	0.03120548760775	0.055836344838403	0.0891480188084363	0.123160687935521	0.152359216805959	0.160553498093869	0.146539996735091	0.11060999382228	0.0645555722713203	0.0285711542093319	0.00807584831617122	0.0011587225883686	
3.21015951282619e-06	3.53117546410881e-05	8.02539878206548e-05	0.000243972122974791	0.000491154405462407	0.00114602694607895	0.00359858881387816	0.00793551431570635	0.0170010047799275	0.0324900244293139	0.0589353184959761	0.0901765908748006	0.126743517885404	0.153538719338964	0.161300885040978	0.143645007720434	0.106712122525368	0.0609769799461335	0.0261981117841746	0.00767870155468025	0.00106898311777112	
9.6651352796768e-06	3.22171175989227e-05	0.000132090182155583	0.000267402076071058	0.000515473881582763	0.00144654858019163	0.00421399898193908	0.00871473031050858	0.0180158121613176	0.034030941319742	0.0593374871936958	0.0931106915726464	0.129203528418719	0.154519739427953	0.160344594289838	0.141304277788875	0.103107663163592	0.0592376141291391	0.0246911989278143	0.00692668028376837	0.000837645057571989	
9.7103405416428e-06	3.56045819860236e-05	0.000106813745958071	0.000294546996429831	0.000679723837914996	0.0018158336812872	0.00467391058071073	0.00973947156326772	0.0192232374922722	0.0360318369698559	0.0619681565565838	0.096494890742485	0.128982453414641	0.154562727181509	0.159281952684747	0.139595855626657	0.0988577402742847	0.0574204804029144	0.0234310517269841	0.00607543639888784	0.000718565200081567	
3.24786047191413e-06	1.29914418876565e-05	9.41879536855097e-05	0.000250085256337388	0.000948375257798925	0.00210786144627227	0.00495948294061287	0.00990922229981	0.0201464785072833	0.0374250962178665	0.0662531057665763	0.098033420484256	0.131083648646454	0.155384140697316	0.159677812241186	0.134276295490346	0.0971922246220302	0.0541288426249208	0.0218678445573978	0.00559281573263613	0.000652819954854739	
5.86841067137878e-05	0.000120628441578342	0.000475993310011835	0.00110847757126044	0.00216153126395785	0.00488382176984745	0.0107848347227339	0.0215305467076586	0.0408245769038917	0.0695634880528939	0.101833226289176	0.133995376996482	0.156592018309441	0.155388994121809	0.131312209228402	0.0911266370420602	0.0513583740590167	0.0208132965144901	0.00531417188574857	0.000753112702826944	
5.58514220757674e-05	0.000180695777303953	0.000436955243298651	0.00112031381928451	0.00238189888264302	0.00510547705327897	0.0112195650816909	0.022905653806603	0.0419641302455163	0.0725509972764218	0.10477726781414	0.135722241021884	0.157211897009978	0.154215632484501	0.127551506509976	0.0891454403884631	0.0487615768499141	0.019193176927449	0.00474408549867106	0.000755636886907441	
3.29088096883536e-06	6.58176193767071e-05	0.000151380524566426	0.000480468621449962	0.0013031888636588	0.00243525191693816	0.00510415638266364	0.0122618224898805	0.0246947707901405	0.0451739230592029	0.0748280514693783	0.107509790370882	0.13871063283641	0.156040412018297	0.151104090565044	0.125412182841347	0.0856912495475039	0.0461710599927601	0.01782999308915	0.00437028992661335	0.000658176193767071	
6.55825865116294e-06	8.19782331395368e-05	0.000190189500883725	0.000429565941651173	0.00136411779944189	0.00251181306339541	0.00601064405379084	0.0138018553313724	0.0266429257703495	0.0475145839276755	0.0765807862696297	0.109844274148328	0.138559609652445	0.154427316458934	0.149492226823934	0.123249354831305	0.0834440039480717	0.0443600615164661	0.0165300909302562	0.00442354546020941	0.00053449808006978	
1.62585235309611e-05	9.75511411857666e-06	4.55238658866911e-05	0.000136571597660073	0.000494259115341218	0.00114460005657966	0.00289726889321727	0.0068545935206532	0.0148310251649427	0.0283776269709395	0.0497445785953286	0.0796537584828847	0.11137413789179	0.138825029021465	0.153126026319298	0.147087610679899	0.121168272466841	0.0802163033970559	0.043052570309985	0.0164503741086264	0.00387603200978113	0.000617823894176522	
1.2986043250017e-05	2.59720865000341e-05	3.24651081250426e-05	3.57116189375469e-05	0.000162325540625213	0.000477237089438126	0.0014511903331894	0.00340558984231697	0.0073923051200722	0.0161124331624586	0.0301600854481646	0.0519376799784432	0.0816789655317947	0.113131162283336	0.139359723137558	0.153004808082513	0.146226093506004	0.116007570863215	0.0778643153271022	0.0409060362375537	0.0160767215435211	0.00398346876694273	0.000555153348938229	
1.94707840884752e-05	3.56964374955379e-05	2.59610454513003e-05	3.24513068141254e-05	0.000197952971566165	0.000561407607884369	0.00159335916457356	0.00392985325519059	0.00844383003303543	0.0172381341796634	0.0312765695074541	0.0538529436580411	0.084876392972345	0.1159258033321	0.140527139027889	0.153290237997884	0.144749054044406	0.112696898304095	0.0730446465079149	0.0388052726883312	0.0147264030322501	0.00366050740863335	0.000490014732893294	
1.60970458701419e-05	3.21940917402838e-05	2.57552733922271e-05	4.50717284363974e-05	0.000222139233007958	0.000820949339377238	0.00172560331727921	0.00408864965101605	0.00924614314780951	0.0185148221598372	0.0338263321915162	0.0571573904756999	0.0875260772143096	0.118075050866665	0.142639142864501	0.152142838746233	0.140334045895897	0.108313802251011	0.0707690524634919	0.0374932392407345	0.0132961598887372	0.00326448090246478	0.000424962010971746	
6.40129050016483e-06	2.56051620006593e-05	3.20064525008242e-05	1.60032262504121e-05	0.000108821938502802	0.000284857427257335	0.000838569055521593	0.00187877876179838	0.00448090335011538	0.0101908544762624	0.0196551624807561	0.0364553493984387	0.0601881339277998	0.0902229889545732	0.120309054305348	0.142364700723666	0.150375915784622	0.136737966374021	0.105755720353223	0.0694443999910382	0.0348582274186476	0.0124345067965702	0.00300220524457731	0.000332867106008571	
2.86311449594869e-05	0	6.36247665766376e-06	4.77185749324782e-05	6.04435282478057e-05	0.000248136589648887	0.000957552736978396	0.00216006082527685	0.00498818169960839	0.0111152467209386	0.021155234886732	0.0382734783341764	0.0616460363361042	0.0931880143664723	0.120530757802782	0.144211895922607	0.149505476501783	0.133933314882151	0.103590663701753	0.0674613400012089	0.031656502610206	0.012072799457917	0.00287902068759285	0.000283130211266037	
6.37944288325301e-06	6.37944288325301e-06	9.56916432487951e-06	0	6.37944288325301e-06	0.000111640250456928	0.000424232951736325	0.000851655624914276	0.00237634247401174	0.00577020608790234	0.0115436018972463	0.0226374530712233	0.0408156755670527	0.0640623654336267	0.0932802138389254	0.124099302407921	0.144969649800483	0.148022213220119	0.132899743865368	0.100667608697732	0.062684405770844	0.0303246817455432	0.011246957803175	0.00288350818323036	0.000299833815512891	
6.36926447733816e-06	0	3.18463223866908e-06	0	3.18463223866908e-05	0.00017197014088813	0.000385340500878959	0.00101908231637411	0.0029871850398716	0.00599984713765254	0.0122130646352959	0.0240089424473262	0.041871544674021	0.0668295075284706	0.0950071335762146	0.127213319405875	0.1439995159359	0.148034444982293	0.130270566354997	0.0980803036865303	0.0598169473389213	0.0286616901480217	0.0104424091105959	0.00273241446077807	0.000213370359990828	
3.1876777130325e-06	0	0	3.1876777130325e-06	6.375355426065e-06	3.50644548433575e-05	0.00020401137363408	0.000500465400946103	0.00103280757902253	0.00321317913473676	0.00616496869700486	0.0126678312315912	0.0250902112792788	0.0438273808764839	0.0689016537671975	0.100383158861107	0.128319966338123	0.144513369120328	0.146413225037296	0.128578168232879	0.0947027171764826	0.0569287362770474	0.0260273885269104	0.010006120341209	0.00225050046540095	0.000226325117625308	
2.23828815721736e-05	9.59266353093154e-06	2.87779905927946e-05	0.000243014142783599	0.000489225840077509	0.00157319681907277	0.00345975398015598	0.00663812316340463	0.0133593827440773	0.0269585820764279	0.0443692663850687	0.0724469925401053	0.103773434077617	0.128986151391416	0.143950706499669	0.146416021027118	0.124583118830718	0.0916962706921746	0.0549595669232171	0.0246435526109631	0.00901070861005503	0.00220951016662457	0.000172667943556768	
