# <P(N_1)> as a function of N_tot.
# number_of_species: 2
# species_total_upper_bound: 100
# species_total_lower_bound: 0
# volume: 512
# Bin widths for each species index 
1	1	1	1	1	1	1	1	1	1	1	1	1	1	1	1	1	1	1	1	1	1	1	1	1	1	1	1	1	1	1	1	1	1	1	1	1	1	1	1	1	1	1	1	1	1	1	1	1	1	1	1	1	1	1	1	1	1	1	1	1	1	1	1	1	1	1	1	1	1	1	1	1	1	1	1	1	1	1	1	1	1	1	1	1	1	1	1	1	1	1	1	1	1	1	1	1	1	1	1	1	
# Bin lower bound for each species index 
0	0	0	0	0	0	0	0	2	4	4	5	6	6	8	9	9	10	11	11	13	13	13	14	15	16	17	18	19	19	20	20	22	23	23	24	25	26	27	27	28	29	29	30	31	32	33	35	35	36	36	37	39	39	39	40	41	42	42	43	44	45	45	48	48	49	50	51	51	53	54	54	55	55	55	56	57	58	59	60	61	61	62	63	64	66	67	68	69	69	71	70	70	71	72	72	73	73	74	74	80	
# Bin upper bound for each species index 
0	1	2	3	4	5	6	7	8	9	10	11	12	13	14	15	16	17	18	19	20	21	22	23	24	25	26	27	28	29	30	31	32	33	34	35	36	37	38	39	40	41	42	43	44	45	46	47	48	49	50	51	52	53	54	55	56	57	58	59	60	61	62	63	64	65	66	67	68	69	70	71	72	73	74	75	76	77	78	79	80	81	82	83	84	85	86	87	88	89	90	91	92	93	94	95	96	97	98	99	100	
# Normalized histogram for each species index 
1	
0.0797379503977539	0.920262049602246	
0.00546977066314083	0.149627740787962	0.844902488548897	
0.000558167324413138	0.0176884011257685	0.203070706435433	0.778682725114385	
3.91346545192699e-05	0.0015653861807708	0.0326696095926865	0.247072727841959	0.718653141730065	
2.33270609458346e-05	0.000101083930765283	0.00398115173475577	0.0506119465654791	0.286246364866336	0.659036125841718	
3.89047533827683e-05	3.89047533827683e-05	0.000264552323002825	0.00741524599475564	0.0687758230300578	0.313229950435344	0.610236618710074	
5.48365869708269e-05	1.56675962773791e-05	8.61717795255852e-05	0.000924388180365368	0.0126907529846771	0.0866966440008774	0.33865509353555	0.560876445335757	
7.76729193366733e-06	5.43710435356713e-05	0.0019262883995495	0.0185016893859956	0.106800264087926	0.356891529768146	0.515818090022913	
0.000232081383205044	0.00276176846014002	0.0251498858933199	0.126832475921556	0.368405987699687	0.476617800642092	
7.71039747098963e-06	0.000447203053317399	0.00503488954855623	0.0342958479509619	0.147993369058175	0.37600524307028	0.436215736921238	
0.000115861429730043	0.000849650484686981	0.00773181941065153	0.0441741011084077	0.164870814505851	0.376804541768045	0.405453211292627	
0.000186972678617337	0.00147240984411153	0.0096446740053443	0.0516979456376937	0.179143197700236	0.385132555838611	0.372722244295386	
7.82791120017535e-06	0.00021918151360491	0.00208222437924664	0.0125951091210821	0.0612299214077716	0.196183110498794	0.385101919403826	0.342580705764474	
0.000195887920767254	0.00289130571052467	0.0162038488058672	0.0735284899391964	0.211253369272237	0.376841346455212	0.319085751896195	
0.000327733256342029	0.00407325618596521	0.0206628014950879	0.0862952876639642	0.226065718321069	0.376284597317269	0.286290605760302	
2.33323222660351e-05	0.000668859904959674	0.00508644625399566	0.0267155089946102	0.100437869914526	0.240299587017896	0.364357544506405	0.262410851085342	
0.000140131256276713	0.000770721909521919	0.00759044304832193	0.0337171372741357	0.108407096869623	0.246272897836529	0.358362332718313	0.244739239087278	
9.36095856215676e-05	0.00127933100349476	0.00904112581128308	0.039331627558662	0.120654955067399	0.25837805791313	0.347634797803295	0.223586495257114	
7.80975438322465e-06	9.37170525986958e-05	0.00189777031512359	0.0111757585223945	0.0464758483345699	0.133601468233824	0.26272794720606	0.337982740442813	0.206036940138233	
0.000400839404871378	0.00315169806575338	0.0153262125391997	0.0530915721550227	0.141787114978032	0.268263736609213	0.326031768487735	0.191947057760172	
4.75074428327105e-05	0.000760119085323367	0.00404605054791917	0.0171501868626085	0.0600731614619624	0.1517229365934	0.275329384936973	0.317096345094065	0.173774307974916	
7.95247600340366e-06	7.95247600340366e-05	0.00116901397250034	0.00557468567838597	0.0205173880887814	0.0658305963561755	0.16247703722554	0.281135931672326	0.304993359682537	0.158214510087716	
3.19838801244173e-05	0.000119939550466565	0.0014792544557543	0.00715639317783837	0.0249554224670766	0.0730831660842935	0.174104251457266	0.28201786299705	0.2905655549603	0.146486170969831	
2.38254074144668e-05	0.00015089424695829	0.0017233711363131	0.00897423679278249	0.0284078274405159	0.0826026875059564	0.179341783411163	0.278384002033101	0.281536897614283	0.138854474411512	
2.37236667299298e-05	0.000363762889858923	0.00238027456190295	0.0099323084709306	0.0320743974188651	0.0881255140127792	0.186048902385019	0.281789713418106	0.272624470171443	0.126636933004365	
3.9419430625744e-05	0.000709549751263393	0.00303529615818229	0.0111320472087101	0.0367310254570683	0.0976182780015925	0.194408747960044	0.281462618553938	0.259285246883894	0.115577770594682	
0.000189705324396105	0.000750916909067914	0.00346212217022891	0.0135797394713545	0.041577083596813	0.105578917414949	0.203703996458834	0.279926014923486	0.246126849626913	0.105104654103959	
0.00027710042119264	0.00102923013585838	0.00483738163853438	0.0148129968014694	0.0457690724261329	0.113452829591158	0.206249802071128	0.276546220350255	0.236398327896887	0.100627038667384	
2.34857558890533e-05	0.000320971997150395	0.00172228876519724	0.00504160893085011	0.0171132874578235	0.0511676334969508	0.12106907160807	0.20763756781512	0.272920140601392	0.229964693080313	0.0930192504912437	
6.95002162228949e-05	0.000447890282325323	0.00184561685303021	0.00581485142398221	0.0198770618397479	0.0557005621795268	0.127679619447705	0.214377278062643	0.269722616914808	0.218748069438438	0.0857169333415704	
7.70980301453298e-06	9.25176361743958e-05	0.000339231332639451	0.00173470567826992	0.00703134034925408	0.0224586561813346	0.0606838595273891	0.134983231178443	0.22236613854516	0.265756909910952	0.207956516710998	0.0765891831463706	
8.4794104497171e-05	0.00035459352789726	0.00255153168986942	0.00860274732898571	0.0247213357384025	0.0672879761959823	0.140781339130167	0.226346299122766	0.264650108690625	0.195727918844333	0.0688913556264743	
0.000122738918976971	0.000575338682704552	0.00294573405544731	0.00974240169379708	0.0268721520735206	0.0727304806762914	0.147079580846592	0.229629175041041	0.259378020528084	0.187161509075009	0.0637628684085365	
2.29666829985301e-05	0.000237322390984811	0.000581822635962763	0.00326126898579128	0.0108862077413033	0.0326126898579128	0.0785537114159726	0.158140923566879	0.232070676139147	0.251140678588927	0.175082680058795	0.0574090519353258	
3.03133644045318e-05	0.000174301845326058	0.000788147474517828	0.00368307377515062	0.012595202910083	0.0359440718426736	0.0843469364556099	0.163169262248494	0.235231707779167	0.244719790837786	0.166723504224925	0.0525936872418628	
7.51681888224903e-05	0.000263088660878716	0.00130792648551133	0.00420190175517721	0.0146803472770324	0.039147592738753	0.089735783816289	0.169707219904536	0.236148382004736	0.238275641748412	0.156943661442478	0.0495132859773744	
0.000119732696754496	0.000306815035433395	0.00159394152554422	0.00521585560236771	0.0155353174038958	0.0461345047182166	0.095860990339068	0.175273701461487	0.236225127403073	0.229340497339689	0.148535893617499	0.0458576228569718	
8.98795613877404e-05	0.000554257295224399	0.00190994067948948	0.00606687039367248	0.018013362094793	0.050916771526155	0.104522439930493	0.177407274252502	0.23328240158188	0.225170771166637	0.138691653184732	0.0433743783330337	
7.54791036101655e-06	0.000226437310830497	0.000694407753213523	0.00242287922588631	0.00664216111769457	0.0219266795987531	0.0531674805830006	0.112584630944923	0.181610271196419	0.231381192116962	0.216300467215651	0.132526210118729	0.0405096349075758	
5.28202225995095e-05	0.000105640445199019	0.000633842671194114	0.00245991322392002	0.00897189209583098	0.0243501226183739	0.0583135257498585	0.116129032258065	0.18418411620449	0.231744953782305	0.211937370307489	0.125410299943407	0.0357064704772684	
7.58449123232813e-05	0.000189612280808203	0.000948061404041017	0.00310964140525454	0.0104362599356835	0.0278426673138766	0.0626478975790304	0.121852436138584	0.188087798070505	0.228384199987865	0.205190825799405	0.119440567926703	0.0317941872459195	
2.27693615471022e-05	9.10774461884089e-05	0.000387079146300738	0.000971492759343028	0.00350648167825374	0.0109976016272504	0.029478733416315	0.0680500318771062	0.125838671483652	0.191634536567595	0.227625307386381	0.200438689699141	0.112389568596497	0.0285679589544309	
1.52459941150463e-05	0.000175328932323032	0.000373526855818634	0.00118156454391609	0.0036895305758412	0.0125245841655105	0.0328398713238097	0.0720983061700538	0.133006052659664	0.193578387278743	0.224360049397021	0.191474440090866	0.107209830617005	0.0274732813953134	
3.81510476277679e-05	9.91927238321964e-05	0.000450182362007661	0.00122083352408857	0.00478414137252209	0.0140701063651208	0.0357856826748463	0.0771108974652444	0.136008484792992	0.19579880663523	0.223328602603427	0.185215706023287	0.100306734422927	0.0257824779868455	
6.82894257618065e-05	7.58771397353405e-05	0.00052355226417385	0.00136578851523613	0.00569837319412407	0.0161238921937599	0.0402604103435717	0.0807332766784023	0.140729331067136	0.199382360082554	0.222532475415807	0.178508558941362	0.0914016025251912	0.0225962122131844	
1.51079082345654e-05	7.55395411728269e-05	0.000460791201154244	0.00166942385991947	0.006065825156178	0.0184467559544043	0.043503221761431	0.0852916959382389	0.146395630792939	0.201607481436158	0.21794668419184	0.171202816114095	0.0863341416064239	0.0209848845378113	
0.000157048094109201	0.000665584779796137	0.00222110875954441	0.00715690600297644	0.0204386876762117	0.0474509598629942	0.0925835907177098	0.148948899541569	0.201178608553886	0.213503144701123	0.164893020333989	0.0820538899317215	0.0187485510443698	
7.49394863647605e-06	0.000164866870002473	0.000914261733650078	0.00269782150913138	0.00770377919829738	0.0223319669366986	0.0499546616107493	0.0960349517764405	0.151872363066824	0.200163368080275	0.211966337182725	0.159119011398296	0.0778021747438943	0.0192669419443799	
6.72017920477879e-05	0.000164271047227926	0.000940825088669031	0.00322568601829382	0.0091767780474146	0.023199551988053	0.0522307261526974	0.0996079895463879	0.156475639350383	0.206107896210566	0.20728019413851	0.150457345529214	0.0732200858689565	0.0178458092215792	
1.489081311285e-05	6.70086590078251e-05	0.00025314382291845	0.00116892882935873	0.00390139303556671	0.0102448794216408	0.0251654741607165	0.0555576237240435	0.103461369508082	0.161468531989189	0.205872936691708	0.201480146823417	0.14480571211591	0.0688923468666006	0.0176456135387273	
7.4535642944456e-06	5.21749500611192e-05	0.000477028114844519	0.00142363078023911	0.00465102411973406	0.0116722816851018	0.0280775766971766	0.0587266330759369	0.109850630571539	0.164992099221848	0.20469723621836	0.195357920157419	0.140507140514594	0.0641602814465878	0.0153468888822635	
0.000171817455159379	0.000425808475829766	0.00168082293090697	0.00566250569612215	0.0131403001576238	0.0296273055287869	0.0639534449399759	0.114019557308592	0.169240193331989	0.202214204074315	0.191412115371686	0.135123222996646	0.059792474395464	0.0135362273369041	
5.95335545997113e-05	9.67420262245308e-05	0.00064742740627186	0.00174135647204155	0.00586405512807156	0.0135364419771093	0.0340755183140097	0.0681212698507196	0.117690395749304	0.173622170295733	0.201669916206522	0.187806039679114	0.126553453690336	0.0560061914896784	0.0125094881602643	
7.4347784064296e-06	1.48695568128592e-05	0.000111521676096444	0.000527869266856501	0.00222299874352245	0.0058288662706408	0.0163936863861773	0.0364898924187565	0.0731061760704222	0.121476844382653	0.173304684653874	0.200434191058935	0.182613027218724	0.121298409700899	0.0546679256224768	0.0115016021947466	
4.48809532714475e-05	2.24404766357237e-05	0.000209444448600088	0.000837777794400353	0.00264049608413683	0.00666482156080995	0.0175858535235288	0.0383582547293305	0.07787593408484	0.123878911188074	0.174459745524995	0.19998952777757	0.177436848758668	0.119615220627286	0.0504835922714998	0.00989625019635417	
1.49581918537687e-05	2.99163837075374e-05	0.000269247453367837	0.00106951071754446	0.00311130390558389	0.00741926315946928	0.0184883251312581	0.042099830972432	0.0816567693297234	0.126381762972492	0.175616651459172	0.198622350530268	0.172505347553588	0.115596906645925	0.0477465483972297	0.0093713071963861	
7.40938324293886e-06	4.44562994576331e-05	0.000281556563231677	0.00115586378589846	0.00328976615986485	0.00846151566343618	0.0210352390267034	0.0448934530689665	0.0828961797219999	0.131168311549747	0.177840016597018	0.196230105805993	0.169593373047628	0.109666281378738	0.0442562461100738	0.00918022583800124	
4.44164785135285e-05	0	7.40274641892142e-05	0.000510789502905578	0.00119184217344635	0.00349409630973091	0.00899433689898953	0.0230521523485213	0.0478439501054891	0.0862049820483399	0.13823148388052	0.178502424399452	0.194551578635674	0.16568086760188	0.10226153903098	0.0415738238886627	0.00778768923270533	
4.43282060375017e-05	0	9.60444464145869e-05	0.000465446163393767	0.00161797952036881	0.00384916589092306	0.0096931010535337	0.0245134979387384	0.051649748068029	0.0892622308908492	0.141296156744537	0.182536164428092	0.192458294546153	0.158037442558033	0.0968866823292995	0.0398215050903557	0.00777221212524196	
4.42699878995366e-05	0	0.00013280996369861	0.000612401499276924	0.00166750287754921	0.00363751733907859	0.0110010919930349	0.0272334208895316	0.0528805005459965	0.0948632057373904	0.144084053950359	0.183949178053891	0.187476020423221	0.155616385798188	0.0917274149278399	0.0380500545996517	0.00702417141339315	
6.59195781147001e-05	7.32439756830001e-06	0.000146487951366	0.000622573793305501	0.0015600966820479	0.00486339998535121	0.0131546180326668	0.0294147806342928	0.0565004028418663	0.0992382626528968	0.145220830586684	0.179960448253131	0.188515344612906	0.149197978466271	0.0891745403940526	0.0354793818208452	0.00687760931663371	
7.32600732600733e-06	7.32600732600733e-06	1.46520146520147e-05	0.00019047619047619	0.000637362637362637	0.00166300366300366	0.00547985347985348	0.0153113553113553	0.0305128205128205	0.059978021978022	0.103626373626374	0.144820512820513	0.181714285714286	0.185106227106227	0.146622710622711	0.0856483516483516	0.0328351648351648	0.00582417582417582	
8.01831090636071e-05	0.000247838700742058	0.000605018004752672	0.00204102459434636	0.00618138877144898	0.0168603210240112	0.0320732436254428	0.0648316883647019	0.104026649949703	0.149162450978963	0.182176023792515	0.181782397620748	0.142164652369775	0.0811890426136778	0.0311110463166795	0.00546703016342776	
7.29033010614721e-06	0.000116645281698355	0.000167677592441386	0.000517613437536452	0.00250058322640849	0.00724658812551032	0.0165271783506357	0.0345707453633501	0.0664951008981687	0.108035401842995	0.152863641665695	0.181784381196781	0.177031085967573	0.13837775574478	0.0792823399043509	0.0295914499008515	0.00488452117111863	
1.45122083953126e-05	0.000101585458767188	0.000304756376301564	0.000914269128904691	0.00259042919856329	0.00795994630482894	0.0174872111163516	0.0364909480100134	0.0701375031745456	0.112643761564416	0.154525994993288	0.180909189855966	0.174248086202518	0.135834270580126	0.0745492145267206	0.0269056343649095	0.00438268693538439	
1.44480484298583e-05	0.000151704508513513	0.000332305113886742	0.00124253216496782	0.00354699588953022	0.00882775759064344	0.01937483294444	0.0400210941507076	0.0738728716218657	0.113135443230006	0.155099799894529	0.181590296690675	0.175572684519639	0.12954120222211	0.0681153243225671	0.0251973964616729	0.00436331062581722	
5.7486957646484e-05	7.90445667639154e-05	0.000330550006467283	0.00123596958939941	0.0041103174717236	0.00953564909961053	0.0210330406289073	0.0437835041175033	0.0763570514939423	0.116375159885601	0.158074761788419	0.181594113335537	0.170341041376238	0.123108319799945	0.0657004067202254	0.0238355298141734	0.0044480533478967	
7.16368299270021e-06	3.5818414963501e-05	0.000107455244890503	0.000472803077518214	0.00183390284613125	0.00479250392211644	0.0104374861203642	0.0228879671616772	0.0454535685886828	0.0791945154843008	0.121539045654152	0.161061084724879	0.180231100413345	0.166362210139477	0.117004434319772	0.0617366200310904	0.0226014198419692	0.00424090033167852	
2.86748628983118e-05	0.000107530735868669	0.000831571024051041	0.00186386608839026	0.00486755797698842	0.011907236818524	0.025205204487616	0.0471701494677229	0.0834796946127101	0.124441736262948	0.162098999964156	0.18055127423922	0.161453815548944	0.113351733037026	0.0583891895766873	0.0205598766980895	0.00369188859815764	
5.03271263210871e-05	0.000115033431591056	0.000812423610611834	0.00185491408440578	0.00560069020058955	0.0128909339276727	0.0265583435185851	0.0501545761737005	0.0861240923143289	0.12823351786613	0.164282119490977	0.179559997124164	0.157516715795528	0.109159536990438	0.0542885901215041	0.0194837874757351	0.00331440074771731	
7.19408933620138e-06	0.000151075876060229	0.000251793126767048	0.000884872988352769	0.00226613814090343	0.00583440645165932	0.013791069257498	0.0286612519154263	0.0538117882347863	0.0887175096940354	0.130702215060107	0.164787810335029	0.179211959454113	0.153680136399934	0.104781911181773	0.0521643417767962	0.0173665316575901	0.00292799435983396	
6.50768630059726e-05	0.000187999826461699	0.00017353830134926	0.00101230675787068	0.0026030745202389	0.00669568612705896	0.0142084484229707	0.0290098193755513	0.0558214869340121	0.0923946839433687	0.133017107984208	0.168758767299599	0.175439991901546	0.149698477201406	0.100312368942429	0.0506659532314278	0.0173755224225947	0.00255968994490159	
5.7765486565914e-05	5.7765486565914e-05	7.22068582073925e-05	0.000296048118650309	0.00114808904549754	0.00283772952755053	0.0071556996483526	0.0151417781660902	0.0326374999097414	0.0582348311442621	0.0946487497382501	0.136001617433624	0.169671675415731	0.173924659364146	0.147359756229647	0.0948364875695894	0.0482486226541797	0.0154594883422027	0.00220952986114621	
3.59071584511088e-05	2.8725726760887e-05	2.8725726760887e-05	0.00012208433873377	0.000430885901413306	0.00153682638170746	0.00335372859933356	0.00792830058600483	0.0161007698494772	0.0343846949327818	0.0622342870274618	0.0979044582327933	0.140353900953694	0.171499770194186	0.170594909801218	0.14150293002413	0.0910246466735608	0.044948580949098	0.014054061817764	0.00193180512466965	
4.99685911712638e-05	2.14151105019702e-05	4.99685911712638e-05	0.000192735994517732	0.000449717320541374	0.00144195077379933	0.00388327337102393	0.00820912569242191	0.0191522471589287	0.0359488321626406	0.0645522814231055	0.103163725658158	0.144473473816458	0.170414311004511	0.170913996916224	0.134194220775513	0.0864028325052824	0.0410599052024442	0.0131917080692136	0.00223430986237222	
2.86071875558734e-05	1.43035937779367e-05	0.000157339531557304	0.000250312891113892	0.000472018594671911	0.00158769890935097	0.00425531914893617	0.0101340961916682	0.0205828714464509	0.0384337564813159	0.0684498480243161	0.106933667083855	0.14759163239764	0.169025567673878	0.166365099231182	0.130284283926336	0.0822242088324692	0.0389129268728768	0.0123010906490256	0.00199535133202217	
1.43408240237484e-05	5.01928840831194e-05	0.000193601124320603	0.000215112360356226	0.00071704120118742	0.00190732959515854	0.00489022099209821	0.0109133670820725	0.0212889532632545	0.0406347248712911	0.0710731238616971	0.112116562217665	0.149381193443375	0.167794811489868	0.163463882634696	0.127124234558518	0.07888887295464	0.0360456611836916	0.0113292509787612	0.00195752247924166	
7.19766219931766e-06	7.19766219931766e-05	8.63719463918119e-05	0.000331092461168612	0.00077014985532699	0.00251918176976118	0.00561417651546778	0.0118257589934789	0.0219456720457195	0.0439849137000302	0.0767054860581283	0.11592554738221	0.150877395022097	0.164783278391179	0.15980969381145	0.123058430621734	0.0739919674089856	0.0350382195862784	0.0105949587573956	0.00205853138900485	
1.45323490088938e-05	7.2661745044469e-05	0.00021071906062896	0.000283380805673429	0.00100273208161367	0.00288467127826542	0.0061035865837354	0.0117639365226995	0.0248067197581817	0.0469467534732314	0.0819915131081788	0.116229727373133	0.150591466604662	0.162319072254839	0.156571528221822	0.119848282276347	0.0738461314886938	0.0328431087601	0.00992559437307446	0.00174388188106726	
2.19174879636462e-05	0.000124199098460662	0.000233786538278893	0.000474878905879001	0.000993592787685294	0.00272507433681334	0.00679442126873032	0.0135377017322121	0.0267539469742908	0.0503956106577438	0.0830745852115403	0.116696011747774	0.150090957575049	0.16650715605982	0.150120180892334	0.116703317577095	0.0717067147877291	0.0328397027988632	0.00881083016138577	0.00139541340035214	
7.37658965507067e-06	1.47531793101413e-05	0.000125402024136201	0.000213921099997049	0.000472101737924523	0.00120976070343159	0.00320143991030067	0.00711840901714319	0.0134548995308489	0.0296907733616594	0.0519606975303178	0.0839750966333245	0.121448172081083	0.150696350063439	0.165560178218406	0.149567731846213	0.113783895429465	0.0672081083473489	0.0307161193237143	0.00819539110678351	0.00137942226549821	
1.49383048011712e-05	3.73457620029279e-05	3.73457620029279e-05	0.000239012876818739	0.000515371515640405	0.00123241014609662	0.00345074840907054	0.00687908936093932	0.0147590451435571	0.0305712407755968	0.0540467867706373	0.0860371665023453	0.122434346150399	0.154409787577306	0.164149562307669	0.148441934809238	0.110648023662275	0.0641301425114278	0.0287935825042574	0.00777538764900959	0.0013967314989095	
7.49226423717512e-06	8.24149066089263e-05	0.000134860756269152	0.000397090004570281	0.000561919817788134	0.00127368492031977	0.0035213641914723	0.00728248083853421	0.0160409377317919	0.0300964254407324	0.0583122925579339	0.0888282847959482	0.127503352788246	0.155044916124102	0.164028140944475	0.142892463531404	0.108832630309206	0.0599156371046894	0.0256010668984274	0.00835387462445025	0.00128866944879412	
2.23503643109383e-05	6.70510929328148e-05	0.000216053521672403	0.000402306557596889	0.00051405837915158	0.00161667635182453	0.00381446217573346	0.00790457884463517	0.016293415582674	0.0325197800724152	0.0581332975727504	0.0932680702695454	0.130496327090132	0.156780355519795	0.160810871217201	0.142207917989063	0.10171650797908	0.0593551174884151	0.0253751136143519	0.00763637447290391	0.000849313843815654	
7.50266344552316e-05	0.000127545278573894	0.000412646489503774	0.000577705085305283	0.00215326440886515	0.00471917530723407	0.00903320678840989	0.0183890281049773	0.0357501913179179	0.0595561424305628	0.0979097579640772	0.129856098915115	0.154502348333658	0.160309409840493	0.139504524106058	0.0982698858094624	0.0570127395225305	0.0247437840433354	0.00627222664045736	0.000825292979007548	
2.25738729993905e-05	0.000135443237996343	0.000248312602993296	0.000857807173976839	0.00255837227326426	0.00501139980586469	0.00957132215174157	0.0197822373717992	0.0374651045546551	0.0665327283535369	0.0976094268493646	0.131289645364455	0.154435389813164	0.159145804645703	0.134660677065697	0.0968118166700527	0.054282639939201	0.023062973581044	0.00569614062017954	0.000820184052311188	
0.000136735515530876	0.000136735515530876	0.000531749227064516	0.00121542680471889	0.00226373242378894	0.00490728572405254	0.0104526705205825	0.0212851619176396	0.0412105650975	0.0706087009366383	0.0997257693271853	0.135299792617801	0.156463411854969	0.154898549843894	0.132648642900008	0.09021505458026	0.0516176571129056	0.0204191703192774	0.00510479257981936	0.000858395180832719	
0.000115069501979195	0.000268495504618123	0.000414250207125104	0.00108932461873638	0.00230139003958391	0.00515511368866796	0.0109546165884194	0.0231980115990058	0.042759826935469	0.0709211697198441	0.103946116787873	0.136756267452208	0.156218355886956	0.15422381785265	0.129806069532664	0.0904216146552518	0.0476617877197828	0.0184187916168032	0.00465647918009144	0.000713430912271012	
7.65005584540767e-06	7.65005584540767e-05	0.000221851619516822	0.000504903685796906	0.00106335776251167	0.00257041876405698	0.00499548646705121	0.0131657461099466	0.0252910846249178	0.0449517281476155	0.073991340136783	0.106320476139476	0.138794963203231	0.155632736118974	0.151019752444193	0.128398537309322	0.086376780550498	0.0452500803255864	0.016570020961153	0.00423813093835585	0.00055845407671476	
0.00014491979833266	0.000282212238858337	0.000335603743507212	0.00154072627701038	0.00266194787463675	0.0061323956768136	0.0152013241093153	0.0269855919211026	0.047678613651445	0.0750760828941247	0.108758494969758	0.137872119719008	0.154301448435248	0.148794496098606	0.125195451043804	0.0851213131259201	0.0434988215732188	0.0157276117979971	0.00416453736261222	0.000526287688681764	
7.56635695045549e-06	2.26990708513665e-05	6.0530855603644e-05	0.000226990708513665	0.000514512272630974	0.00101389183136104	0.00304924185103356	0.00701401289307224	0.0159877122363125	0.0289413153354923	0.0492645501044157	0.0796359069035441	0.112156109076602	0.141256317908054	0.151675191428831	0.146938651977846	0.12176538240368	0.0794543143367332	0.0420311128597803	0.0145879362004782	0.00377561211827729	0.000620441269937351	
2.27403656650799e-05	4.54807313301598e-05	2.27403656650799e-05	6.06409751068797e-05	0.000310784997422759	0.000401746460083078	0.00148570389011855	0.00375974045662654	0.0079136472514478	0.0166686880325036	0.0298960007276917	0.0507034353112398	0.0818956368818411	0.116453412570874	0.141149449683151	0.152110305933719	0.145492859525181	0.116316970376884	0.0766198720475425	0.0386662017525242	0.0151223431672781	0.0042221278918165	0.000659470604287317	
3.0441168636464e-05	3.80514607955799e-05	3.0441168636464e-05	7.61029215911599e-05	0.00026636022556906	0.000601213080570163	0.00197867596137016	0.00457378558762871	0.00843981400445963	0.0180135615406275	0.0307303597385104	0.0544820815671114	0.0869399776257411	0.117442028599478	0.140371838874894	0.15142959338209	0.144527058393772	0.113020448855032	0.071323658115235	0.0368946963873943	0.0140942610786828	0.00401823426001324	0.000677316002161323	
3.79696850034932e-05	2.27818110020959e-05	4.55636220041919e-05	7.59393700069864e-05	0.000296163543027247	0.000842927007077549	0.00199720543118374	0.00410072598037727	0.00972023936089426	0.0185443941557061	0.0337854257161083	0.0582303089213572	0.0889098144041797	0.120151271225054	0.142188876401081	0.151893927887974	0.139394307584824	0.106421433127791	0.06934783269038	0.0363218006743416	0.0134792381762401	0.00352358676832417	0.000668266456061481	
1.51470398897295e-05	6.05881595589182e-05	4.54411196691886e-05	7.57351994486477e-06	0.000106029279228107	0.000325661357629185	0.000886101833549179	0.00194639462583025	0.00461227364642265	0.0106029279228107	0.0199107839350495	0.0366634100530904	0.0615878641916403	0.0918819439710994	0.121358083596513	0.142185263444891	0.150129885867054	0.134225493982838	0.104007149402828	0.0682980028627905	0.0343459129499618	0.0130794689447815	0.00341565749513401	0.000302940797794591	
6.77430281133567e-05	0	7.5270031237063e-06	3.76350156185315e-05	6.02160249896504e-05	0.000210756087463776	0.00110646945918483	0.00228820894960671	0.00527642918971811	0.0112077076511987	0.0213164728463362	0.0396146174400662	0.0622106808174325	0.0936359188589063	0.122118098679011	0.144021677768996	0.146844303940386	0.133054834217756	0.10225433743555	0.0665838696323059	0.0320273982913703	0.0128485943321666	0.00288284219637951	0.000323661134319371	
1.50935422279578e-05	1.50935422279578e-05	0	0	7.54677111397888e-06	0.000120748337823662	0.000437712724610775	0.000807504509195741	0.00236213935867539	0.00600722980672719	0.01215784826462	0.023236508259941	0.0411299025711849	0.0638456836242614	0.0949761144694243	0.124227399307206	0.144996113412876	0.146052661368833	0.132770344208231	0.099013637015403	0.0616571200012075	0.030753092289464	0.0120446466979103	0.00299606813224962	0.000369791784584965	
1.52048473053209e-05	0	0	0	5.32169655686233e-05	0.000190060591316512	0.000342109064369721	0.00104153204041448	0.00322342762872804	0.0065000722230247	0.0124679747903632	0.0243277556885135	0.041243148315683	0.0661182785071881	0.0961402495115443	0.127872765837749	0.143951891863126	0.149577685366095	0.129849395987441	0.094847837490592	0.0583942160760851	0.0298623201076503	0.0109170803652204	0.00285090886974768	0.000212867862274493	
7.61458039854714e-06	0	0	0	0	6.09166431883771e-05	0.000289354055144791	0.000418801921920093	0.00113457247938352	0.00363976943050553	0.00673890365271422	0.0127087346851752	0.0252423340211838	0.0438219101936388	0.0693612128503659	0.101700335802996	0.129249887684939	0.145803985471381	0.143413007226237	0.127848804891606	0.0928750371210794	0.0558681763841404	0.0270622187364365	0.0102187668948503	0.00221584289597722	0.00031981237673898	
6.90194634887038e-05	0.000245402536848725	0.000682525805610515	0.00167180478228194	0.00381140815043176	0.006602862007086	0.0129679903065998	0.0269789413948067	0.0447246123406801	0.0737051181766591	0.104878909185724	0.130853233945306	0.140462277028789	0.143890243715394	0.123337781254314	0.0907912698047516	0.0557753953281492	0.0257902728569457	0.00983910796177855	0.00254605131980552	0.00037577263454961	
