# <P(N_1)> as a function of N_tot.
# number_of_species: 2
# species_total_upper_bound: 100
# species_total_lower_bound: 0
# volume: 512
# Bin widths for each species index 
1	1	1	1	1	1	1	1	1	1	1	1	1	1	1	1	1	1	1	1	1	1	1	1	1	1	1	1	1	1	1	1	1	1	1	1	1	1	1	1	1	1	1	1	1	1	1	1	1	1	1	1	1	1	1	1	1	1	1	1	1	1	1	1	1	1	1	1	1	1	1	1	1	1	1	1	1	1	1	1	1	1	1	1	1	1	1	1	1	1	1	1	1	1	1	1	1	1	1	1	1	
# Bin lower bound for each species index 
0	0	0	0	0	0	0	0	2	3	4	5	6	6	7	8	8	9	10	11	12	12	13	13	14	14	15	16	16	17	18	20	21	22	23	23	25	25	26	27	27	27	28	30	31	31	32	32	35	35	36	36	37	38	39	40	40	41	41	42	43	45	45	47	48	48	49	50	50	51	52	53	53	51	52	52	53	54	57	58	60	61	62	63	64	65	66	67	68	69	69	69	69	70	71	71	71	73	74	74	78	
# Bin upper bound for each species index 
0	1	2	3	4	5	6	7	8	9	10	11	12	13	14	15	16	17	18	19	20	21	22	23	24	25	26	27	28	29	30	31	32	33	34	35	36	37	38	39	40	41	42	43	44	45	46	47	48	49	50	51	52	53	54	55	56	57	58	59	60	61	62	63	64	65	66	67	68	69	70	71	72	73	74	75	76	77	78	79	80	81	82	83	84	85	86	87	88	89	90	91	92	93	94	95	96	97	98	99	100	
# Normalized histogram for each species index 
1	
0.079930400217931	0.920069599782069	
0.00607119736111967	0.147201969911832	0.846726832727049	
0.000518247935226743	0.0176165622758046	0.20205094686605	0.779814242922918	
2.49160043162186e-05	0.00191278248519894	0.032271975436653	0.246484447621767	0.719305878452065	
5.7586547782438e-06	0.000168920540161818	0.0040848057893676	0.0500139167490474	0.284648386136998	0.661078212129647	
9.58357451995875e-06	1.15002894239505e-05	0.000450428002438061	0.00769561033952688	0.0677271211325485	0.313093462852148	0.611012293809394	
1.33999245775674e-05	3.82854987930496e-06	5.5513973249922e-05	0.00100499434331755	0.0128926417185595	0.0861557722089393	0.33788866959806	0.561985179683417	
1.51949127432136e-05	0.000110163117388298	0.00205511194851964	0.0183668507783594	0.105967422107079	0.35403766818869	0.51944758894722	
1.13590755227068e-05	0.000234754227469274	0.00322597744844873	0.0257339855966922	0.125655986611436	0.369251361195883	0.475886575844547	
3.39752131944628e-05	0.000475652984722479	0.00518122001215558	0.0335844982427265	0.146988097350311	0.377145629088823	0.436590927108068	
8.91590217548013e-05	0.000859341209679255	0.00753488583851214	0.0429234294733168	0.164970748252863	0.381515248089721	0.402107188114154	
9.73600163412106e-05	0.00135158610920739	0.0104919735257116	0.0519577953874261	0.182212134112468	0.383331201594413	0.370557949254432	
3.82285647658787e-06	0.000168205684969866	0.0020471396432128	0.0136800919014697	0.0622341920106122	0.197232634196598	0.383669521703312	0.340964392003349	
1.15265802941583e-05	0.000297769990932423	0.00285090752608849	0.0167980696820201	0.0731073355156992	0.213005440545899	0.37954531482933	0.314383635329737	
6.54071305314714e-05	0.000465544870253414	0.00400330113635271	0.0212342325531289	0.0848272770819186	0.227499466162391	0.374053760813819	0.287851010251606	
1.53915711908266e-05	0.000111588891133493	0.000740719363558531	0.00551595432551249	0.0264754263946206	0.0968668532894674	0.239350475695747	0.366259752003309	0.26466383846546	
3.2603275670285e-05	0.000103563346246788	0.00103755130221319	0.0072782018334548	0.0324440949714242	0.107287791032181	0.24836791837674	0.359324536841702	0.244123739020367	
9.62000962000962e-06	0.000167388167388167	0.00143338143338143	0.00932178932178932	0.0381760461760462	0.118724386724387	0.258089466089466	0.350218374218374	0.223859547859548	
5.20843380466444e-05	0.000250776442446806	0.00203900538204826	0.0116418140782037	0.0456683192191207	0.129703505083046	0.264106174887633	0.339780859970293	0.206757460599163	
9.28368624235063e-05	0.000458382008216062	0.00308682567558158	0.0143297565353283	0.0518513217648288	0.139984449825544	0.269776185797507	0.329222723369359	0.191197518161211	
3.86480898181607e-06	0.000114011864963574	0.00075750256043595	0.00411022435216139	0.0170148215424453	0.0584533034454772	0.150230922336664	0.275574407234922	0.319266072774353	0.174474869079596	
1.74528869014145e-05	0.000172589659358432	0.00103941637546202	0.00530761682768571	0.0203578229656721	0.066253097887425	0.160962158262778	0.279680573385511	0.304977563344283	0.161231708404922	
5.82073306312197e-06	3.49243983787318e-05	0.000254172010422993	0.00137757349160553	0.00654056371859472	0.0243558873804567	0.0736089903162404	0.170285545761633	0.280563214131188	0.293467779332129	0.149505528726288	
3.88040589045614e-06	4.26844647950176e-05	0.000327894297743544	0.00159290661803225	0.00815273277584835	0.028175627170602	0.0808579577423798	0.177489765429464	0.281176151025397	0.283803185813236	0.138377214256611	
3.86806045778496e-06	7.73612091556991e-06	6.96250882401292e-05	0.000330719169140614	0.00209842279834834	0.00935297018692402	0.0323099090038777	0.0874916594946379	0.187467484116777	0.282486389262264	0.271617139375888	0.126764077322529	
1.1580708855189e-05	9.65059071265752e-06	6.56240168460711e-05	0.000496040362630597	0.00277164965267524	0.0109360493955835	0.0364599317124201	0.0967645429576744	0.195464994412308	0.281046432852155	0.259936730727288	0.116036772610852	
3.8421048587258e-06	1.53684194349032e-05	0.000117184198191137	0.000645473616265935	0.00353473647002774	0.0135587880464434	0.0416964429793218	0.104487962685478	0.201155320931019	0.280079838938964	0.247975210739452	0.106729830870544	
1.92563208873313e-06	5.77689626619938e-06	1.5405056709865e-05	0.000171381255897248	0.000916600874236968	0.00451175598390172	0.0157882574955229	0.0462209470258612	0.112526236737209	0.206194758429454	0.278300051992066	0.237284088502051	0.0980628141187345	
9.59157169412094e-06	5.75494301647257e-06	4.0284601115308e-05	0.000230197720658903	0.00126608746362396	0.00530030251817123	0.0176293087737943	0.0522510459608932	0.119275030645072	0.212017855669866	0.274810038922598	0.227602241358473	0.0895622598510237	
9.52707594984947e-06	1.90541518996989e-06	6.28787012690065e-05	0.000331542243054762	0.00162341374185435	0.00601349033954499	0.0207461605883922	0.0569128463092108	0.126820624214016	0.216319881102092	0.271180595251705	0.216605693380588	0.0833714416371327	
3.80332981525325e-06	7.79682612126917e-05	0.000397447965693965	0.0017780566886309	0.00728527826111761	0.0237403847068108	0.0623822156297839	0.133998916051003	0.2198229549971	0.266466991851366	0.20742790312919	0.0766180791282768	
1.90439553533511e-06	8.18890080194096e-05	0.000491334048116458	0.00239953837452223	0.00910872384550782	0.0264977594786527	0.0686172755336592	0.139647420210588	0.225406159957799	0.264187270639363	0.193486586390047	0.0700741381181906	
2.85255160741283e-05	0.000114102064296513	0.000656086869704951	0.00308836254029229	0.0101531820213181	0.029396495164925	0.0738601679202046	0.146649678137094	0.229904249351045	0.258089360933355	0.184088467133851	0.0639713223478401	
4.76727134736437e-05	0.000266967195452405	0.000860015751064532	0.00344196991279707	0.0115062861239986	0.0334757794011926	0.0797259391047827	0.155243331064112	0.231864823067491	0.249875574217834	0.174987462076356	0.0587041793714448	
1.33029519250322e-05	5.70126511072807e-05	0.000294565364054284	0.0011098462748884	0.00416572437423864	0.0133181552986608	0.0371133354491362	0.0850970830427272	0.161495935948187	0.234071140386052	0.244145275836708	0.165585643454283	0.053532978968033	
8.34713456150036e-05	0.000385106435451039	0.00140952749527154	0.00489635325073464	0.0151860936738205	0.0404930880034603	0.0901414649600571	0.168422410538637	0.233245498712834	0.238098219214724	0.157548370696246	0.050090395673149	
7.57814009707598e-06	0.000104199426334795	0.00037701246982953	0.00167855803150233	0.005535831340914	0.0169352485819405	0.0450747772974079	0.0980137694805564	0.171908213567144	0.23387277060591	0.231652375557467	0.148440608221524	0.0463990572793719	
5.69093661434799e-06	0.000104333837929713	0.000495111485448275	0.00195768219533571	0.00629227891659743	0.0187155935457191	0.049678082685515	0.104127067232725	0.176669436255819	0.234519703919538	0.224469509858599	0.139450710797983	0.0435147983321762	
3.24307412904383e-05	0.00013926141848247	0.000507445716662152	0.0022491672930251	0.0068657787002522	0.0208205359084614	0.053335215588122	0.11068802771493	0.181579720485164	0.233278137483451	0.217396612704457	0.132727577957779	0.0403800882879239	
9.58137074922487e-06	6.32370469448841e-05	0.000153301931987598	0.000661114581696516	0.00248732384649878	0.00826297413413152	0.0236199951709891	0.0582336551396389	0.116821820996999	0.184571693564768	0.231662214523059	0.211280722665307	0.124828014395051	0.0373443506321788	
3.84490425227186e-06	1.34571648829515e-05	9.99675105590683e-05	0.000242228967893127	0.000822809509986178	0.00292789458810502	0.00967762400296827	0.0267432315266769	0.061931795243469	0.12211608150428	0.188204218244455	0.229365840717152	0.204804592353639	0.118913276262138	0.0341331374995434	
3.83973705480649e-06	5.18364502398876e-05	7.103513551392e-05	0.000307178964384519	0.000946495184009799	0.00335785005442827	0.0109586095544177	0.0297061257245104	0.0677425609894234	0.125995211847893	0.192272913150907	0.227940230653005	0.198193787689419	0.112404462542405	0.0300478623223882	
5.97467124853283e-05	0.000100220291910873	0.00032378863540436	0.00117951574325874	0.00388353631154634	0.0126836488666434	0.0334774321248436	0.0723532688197326	0.130868428102541	0.19547389743224	0.224161955991728	0.190769325652347	0.106688355365737	0.0279768799495815	
5.79382108294241e-05	0.000104288779492963	0.000428742760137738	0.00153729386067405	0.00493826683636125	0.0147452746560884	0.0359931478409326	0.0758256677861616	0.136969792948147	0.196476198017354	0.222903747250349	0.184531270218021	0.0998526438171238	0.0256357270183259	
7.71883376140699e-06	5.59615447702007e-05	0.000140868716145678	0.000453481483482661	0.00178305059888501	0.005798773863257	0.0162327074002389	0.0387967881932719	0.0812773897991752	0.142609313158875	0.198111587320272	0.221327909566144	0.17753124680392	0.0926781072647734	0.023195095453028	
7.71804440190944e-06	3.47311998085925e-05	0.00013892479923437	0.000598148441147982	0.0020201981221998	0.00631336032076193	0.0181779240775972	0.042958635141028	0.086382282457271	0.147186965766614	0.199876125387349	0.217112448047914	0.170945035946792	0.086847294632486	0.0214002076153944	
1.92992816807358e-06	1.92992816807358e-06	2.70189943530302e-05	0.000243170949177272	0.00069477414050649	0.00246451827062997	0.00752285999915083	0.0201137113676629	0.0470014706052641	0.0923779416930102	0.149488376042644	0.201530819022916	0.212579657785137	0.163916519027162	0.0821165136233629	0.0199187886226875	
4.06105506210514e-05	0.000247530975214027	0.000858623070273657	0.00275184826351219	0.00852048028744535	0.0222816554407502	0.0505369294942826	0.09577514905039	0.154291084823837	0.201679729727116	0.208780774578569	0.157646289839434	0.0771909875518993	0.0193983063466555	
3.85801724919512e-06	5.97992673625244e-05	0.000281635259191244	0.000943285217428207	0.00325230854107149	0.00957752782112689	0.0243344437992982	0.0534663320479706	0.10068074714362	0.15765015885386	0.203828696318101	0.204559790586824	0.15034114517526	0.0731846582086069	0.017835613743029	
1.54543979352924e-05	8.30673889021968e-05	0.000351587553027903	0.00114748904669546	0.00390030367891943	0.0107388747652863	0.026450202066253	0.0569552517907784	0.10436354925703	0.162236405925216	0.204979407014751	0.19893480562231	0.144318963318986	0.0687566164141161	0.0167680217597923	
3.85326757090012e-06	7.70653514180025e-06	0.000121377928483354	0.000400739827373613	0.00140451602959309	0.0045295160295931	0.011652281134402	0.028492987053021	0.0596543618988903	0.109779593094945	0.165484355733662	0.202907290382244	0.195466630702836	0.140443896424168	0.0644651664611591	0.0151857274969174	
1.15644370432047e-05	2.89110926080118e-05	0.000171539149474204	0.000420174545903105	0.00175779443056712	0.00534276991396059	0.0130369753600395	0.0303605020507602	0.0642751410861319	0.113857664908872	0.167300783297869	0.201383106670367	0.192497764208838	0.135847441946526	0.0598035587627594	0.0139043081382798	
1.15732703747425e-05	5.20797166863412e-05	0.000144665879684281	0.000642316505798208	0.00190380297664514	0.00574998649785123	0.0145398853474682	0.0338363848189555	0.0680141811139659	0.118055073335957	0.169390242961523	0.20182819094353	0.188326042172997	0.128858721230779	0.0562383785076654	0.0124084747201197	
2.30586535283583e-05	3.45879802925375e-05	0.00017678301038408	0.000712896704918411	0.0022117091842617	0.00568395809474032	0.0163812517774379	0.0363308301883892	0.0730920885759744	0.120792756508305	0.170584075693873	0.201173301153701	0.184778598495039	0.122770036048362	0.0539476414840549	0.0113064264467384	
2.30383338676947e-05	5.18362512023131e-05	0.000220784032898741	0.000827460158081368	0.00240942575032974	0.00671183460012172	0.0172806702619267	0.0394032303583805	0.0767426099744467	0.124370525523594	0.174459703074274	0.200039933112037	0.178731394145575	0.118146335657005	0.0503925156132708	0.010188703152988	
3.84389925140062e-06	2.4985345134104e-05	6.15023880224099e-05	0.000265229048346643	0.000847579784933837	0.00280604645352245	0.00781080327884606	0.0185987065279019	0.0426788133883011	0.0805546746619771	0.128524615369831	0.177355589509999	0.199263893293357	0.172529573999865	0.11250900913887	0.0469244001114731	0.00924073380036709	
1.34627293952927e-05	2.50022117341149e-05	8.84693645976375e-05	0.000296180046696439	0.000940467810614016	0.00317912738434554	0.00846228704846967	0.0208345353627436	0.0446904918512022	0.0830400381572216	0.133640668212957	0.180329413755832	0.196163506771753	0.167272489489455	0.107446043303831	0.044477011427934	0.00910080507121784	
1.3423616744236e-05	2.6847233488472e-05	2.30119144186903e-05	0.000101635955349215	0.000393120204652626	0.00107580699907377	0.0035227405655945	0.00912422406701069	0.0228163131461314	0.0479932651797135	0.0887933894440513	0.138117510340979	0.180453679892764	0.192619311982112	0.163235014928979	0.102073181723171	0.0414943170159683	0.00812320578979767	
5.74580556193978e-06	3.06442963303455e-05	7.66107408258638e-06	0.000124492453842029	0.000478817130161649	0.001463265149774	0.0040239791618785	0.0101107025204934	0.0247605914349192	0.05216233815981	0.0921263311116218	0.141873515666896	0.180939247682525	0.18954263387727	0.158099670573814	0.0972094537654179	0.0392610894047345	0.00777982073086647	
3.80764537114071e-06	1.33267587989925e-05	1.33267587989925e-05	0.000137075233361066	0.000544493288073122	0.00164490280033279	0.00439592658098195	0.0112363614902362	0.0275445066148319	0.0543579453184048	0.0963638890528292	0.143574884009603	0.180402430039276	0.186610795816921	0.154674170266478	0.0937823054911958	0.0379584167049018	0.00674143612960463	
2.08133871706281e-05	1.70291349577867e-05	0.000149477962407239	0.00063953862397021	0.00183725444933454	0.0053641775117028	0.0131162181697086	0.029865318463745	0.0583966880224633	0.1004302694766	0.145398538521795	0.179220292674066	0.185944908856285	0.148584878885008	0.0890056120460316	0.0355284519002622	0.00648053191449104	
1.89971048412222e-06	1.13982629047333e-05	3.79942096824444e-05	0.000216566995189933	0.000721889983966444	0.00219226589867704	0.00580361552899338	0.0148196414866374	0.0322019924163557	0.0618298771267259	0.104761434357404	0.146558864429061	0.179969072713318	0.181741502595005	0.145369645666	0.0848030760112159	0.0329295815317746	0.00602968107660393	
2.46965647078491e-05	7.97889013638203e-05	0.000262163533052552	0.000809287428118749	0.00233287549701836	0.00653509096884623	0.0163035321786739	0.0343263252081635	0.0656472684649565	0.106181930093524	0.149516802212812	0.181308879934801	0.179352152115641	0.141289046693605	0.0802942310724578	0.0302836875390633	0.00545224159319439	
1.90104310235026e-05	0.000190104310235026	0.000288958551557239	0.00087828191328582	0.00279453336045488	0.00746729730603182	0.017411653774426	0.0368327101080363	0.0675402593403	0.109652166143563	0.15320696466151	0.181981153058683	0.175914924519084	0.13482197681868	0.0774313866018284	0.0284034849922152	0.00516513410908566	
3.79462718736541e-06	4.55355262483849e-05	0.00014040120593252	0.000313056742957646	0.00109854457074229	0.00309262115770281	0.00857585744344582	0.0186790523298062	0.0385553095372262	0.070900711682329	0.114000087276425	0.155693553497603	0.181314876266694	0.171801745907969	0.131229592020658	0.0733842951764597	0.0265680822523389	0.00460288277827424	
7.57753714887587e-06	1.13663057233138e-05	0.000126923747243671	0.000420553311762611	0.00123513855526677	0.00383044502875675	0.00938667414316999	0.0202850669475407	0.0413240988413946	0.0747902916594049	0.115479771764581	0.156781137994529	0.180455258431904	0.171330009320371	0.126660427827747	0.0687850934689207	0.0249490410626738	0.00414112405186066	
5.69642606228852e-06	3.60773650611606e-05	0.000112029712558341	0.000484196215294524	0.00133676131595037	0.00426472431196667	0.009858614705134	0.0221723890431143	0.0443713614078527	0.078652453450705	0.119004036867269	0.158616983704424	0.180656456139418	0.16753568810928	0.121854148707101	0.0643848049733597	0.0227382340319683	0.00391534351347964	
3.79825925778216e-06	5.69738888667324e-06	4.17808518356037e-05	0.000115846907362356	0.000516563259058374	0.00177188794375538	0.00468515279447429	0.0108079467180191	0.0241208454165456	0.0464925924448825	0.0813644106905805	0.122406501100546	0.16201095038144	0.179703242004189	0.164204445102809	0.116114684640029	0.0607018803282456	0.0211240188621555	0.00380775490592661	
1.329736712131e-05	3.79924774894571e-06	2.659473424262e-05	0.000129174423464154	0.000718057824550739	0.00195091371908362	0.00503400326735306	0.011899243949698	0.0258120892063371	0.0490539873105125	0.0844762736978078	0.124685612248775	0.163244177652825	0.179588541468789	0.159167584818206	0.112742676949964	0.0581835796512291	0.0199555488013373	0.00331484366095513	
1.32769883238371e-05	1.89671261769102e-06	4.74178154422754e-05	0.000187774549151411	0.000711267231634132	0.00208069374160705	0.00554978111936392	0.0130986973377742	0.0270717791923039	0.051564029224548	0.0874024141358198	0.128722298512219	0.164353941748162	0.177494366763525	0.155754246739551	0.108273839780892	0.0553422807589885	0.0192269758055338	0.00310302184254251	
1.89308607105131e-06	5.67925821315392e-06	0.000104119733907822	0.000227170328526157	0.000878391936967806	0.00223384156384054	0.00623393243197195	0.0141129566596875	0.0290039716945771	0.0552307861229219	0.0908321627751127	0.131243871133845	0.166000931398347	0.175292197835067	0.151679735270844	0.10355748734472	0.0533377000518706	0.0170869948773091	0.00293617649620058	
3.79235347768295e-06	0	2.27541208660977e-05	0.000132732371718903	0.00023133356213866	0.0010239354389744	0.002679297731983	0.00702154246392998	0.0148546485720841	0.0310423093915738	0.0583358773704579	0.0941887871484725	0.13399712160371	0.166615153865261	0.172893395047566	0.147490315277306	0.0999835032623721	0.0500685467891091	0.0168209838502627	0.00259396977873514	
3.80885635279151e-06	0	1.90442817639576e-06	5.71328452918727e-06	1.5235425411166e-05	2.47575662931448e-05	9.3316980643392e-05	0.000375172350749964	0.00115979675942502	0.00301090094688169	0.00755486657576196	0.0160162409634883	0.0341749636254218	0.0605246318740335	0.097171543272417	0.136577971098398	0.166947887227381	0.169781676353858	0.144256625505626	0.0952842549496088	0.0485476830726806	0.0161552642203652	0.00231578466249724	
3.80419793241842e-06	1.90209896620921e-06	3.80419793241842e-06	1.33146927634645e-05	9.51049483104606e-06	2.6629385526929e-05	0.0001445595214319	0.000445091158092956	0.00141706372982586	0.00342187604021037	0.0080744101115581	0.0173509467697604	0.0358507613151112	0.0632523990223211	0.100107468591591	0.139420050025203	0.168354779499177	0.167837408580368	0.140258875669301	0.0916697575774868	0.0459413963308511	0.0143513367000485	0.00204285428970869	
1.90003534065734e-06	3.80007068131467e-06	5.70010602197201e-06	9.50017670328668e-06	1.52002827252587e-05	1.90003534065734e-05	6.27011662416921e-05	0.000195703640087706	0.000404707527560013	0.00136422537459197	0.00364046771269946	0.00854445892693604	0.0194772622770784	0.0371855916520047	0.0667596417293362	0.104108636420637	0.143034660444684	0.166283492872967	0.167404513723955	0.135423118870011	0.0885321466979286	0.0426215927616254	0.012897439892382	0.00200453728439349	
3.78486809734681e-06	3.78486809734681e-06	9.46217024336702e-06	5.67730214602021e-06	2.46016426327542e-05	2.64940766814277e-05	9.46217024336702e-05	0.00017221149842928	0.000522311797433859	0.00154611861776617	0.00432231936717005	0.00986715112978313	0.020795957760872	0.0405700011354604	0.0700692630861814	0.106470232012414	0.144600885659135	0.166076227243481	0.163841262631997	0.133117595851785	0.0853582377654139	0.038857348321411	0.0117898641232353	0.00185458536769994	
1.88437476445315e-06	3.76874952890631e-06	2.4496871937891e-05	1.88437476445315e-05	1.88437476445315e-05	3.76874952890631e-05	9.23343634582046e-05	0.000188437476445315	0.000538931182633602	0.00178261852717268	0.0047787744026532	0.0107390517826185	0.022708600286425	0.0431314539835683	0.0725974221753222	0.110492198688475	0.144708675661416	0.167064897866888	0.162572548428431	0.12904952136881	0.0806625461671817	0.0361856486017939	0.0108841486394814	0.00171666541041682	
1.8850283508264e-05	1.13101701049584e-05	1.13101701049584e-05	4.71257087706599e-05	6.40909639280975e-05	0.000239398600554952	0.000571163590300398	0.00214893231994209	0.00541568645192424	0.0120754916153939	0.0243074405839064	0.045615801061648	0.0762060411388587	0.113133746531548	0.146905914464954	0.166110583303173	0.16056105983834	0.124334584992158	0.0758403456387984	0.0344545481964049	0.0101621878393051	0.00176438653637351	
3.77762625299141e-06	1.51105050119656e-05	9.44406563247852e-06	2.83321968974356e-05	0.000103884721957264	0.000251212145823929	0.000810300831266657	0.0024176808019145	0.00616130841862899	0.0129251482246101	0.0262053933170014	0.0481855116700319	0.080231115174158	0.115102383115522	0.148353049394352	0.166328883919212	0.155796861925872	0.120073739264458	0.0731386218841666	0.0327293538559176	0.00963294694512809	0.0014959399961846	
1.89570584711511e-06	9.47852923557557e-06	6.44539988019139e-05	0.000142177938533634	0.000335539934939375	0.000964914276181593	0.00270327653798615	0.00678283552097788	0.014392198791298	0.0284431705301152	0.0503158245941294	0.0826831062277728	0.117831388339134	0.151150314308029	0.165963359797387	0.150835627137408	0.116064590489623	0.0702548586940862	0.0308886310728937	0.00888517330542854	0.00128718427019116	
1.90213876482717e-06	5.70641629448151e-06	5.32598854151608e-05	0.000136953991067556	0.000399449140613706	0.00116601106283906	0.00313092040690552	0.00722812730634325	0.0149508106915416	0.0305464464243595	0.0524933234929355	0.0850313092040691	0.122545289923991	0.152680874375147	0.162876338154621	0.148941269563497	0.112359336838341	0.066464532720591	0.0294089674429929	0.00834848703882646	0.00123068378084318	
3.81390435109278e-06	9.53476087773195e-06	3.24181869842886e-05	0.000207857787134556	0.000451947665604494	0.00131007614460037	0.0032761438375887	0.00754962366298816	0.0161232806442447	0.031693545157581	0.0556677479085502	0.0885378825584433	0.124253189854252	0.15230827026089	0.162016563786597	0.146215558060019	0.109377055932814	0.0640392679591989	0.0279788023196166	0.00778227182840482	0.00116514777925884	
1.90965061032434e-06	2.67351085445407e-05	6.87474219716761e-05	0.000236796675680218	0.000528973219059841	0.00136730983699222	0.00359778174985105	0.00837572757688253	0.0172823380234352	0.0331114319324136	0.0586740150022152	0.0907446873520021	0.126008295522251	0.153772705745757	0.162028125334189	0.14266235849489	0.106061994897414	0.0607841789266236	0.0260991948913027	0.0075335716577295	0.00103312098018547	
1.53128804293732e-05	4.40245312344479e-05	9.76196127372539e-05	0.000246920196923642	0.000576147126155165	0.00161742299535254	0.00427229363979511	0.00890826818978784	0.0186376895926008	0.0342951098316349	0.0604992764663997	0.093399000068908	0.128574600525232	0.154252386895237	0.159565956404229	0.141010573543936	0.102552274345566	0.0587708350879342	0.0246422528309688	0.0071492010504636	0.000872834184474271	
2.48849549390893e-05	5.55125917871992e-05	9.18829105443297e-05	0.000294791004663058	0.0006967787382945	0.00204248053230833	0.00466497193742774	0.00996546733945376	0.0198964785874534	0.0363550049387064	0.0625263206254163	0.0966761357110589	0.128716472308788	0.154644681128016	0.158691357646572	0.139327034249355	0.0982343167357065	0.0565099042120658	0.023416742597683	0.00641840414698203	0.000750377102778692	
1.34385378870779e-05	3.07166580276066e-05	8.44708095759181e-05	0.00030140720689589	0.000896542456180767	0.00214824627080574	0.00497609860047227	0.0103860699955845	0.0208335733072242	0.0379389122463476	0.0654725565858435	0.0989671523738217	0.131474975522663	0.155798729098274	0.158077521165697	0.135068824511893	0.0957323043252894	0.053331797500432	0.0219067365470637	0.00586304210101941	0.000696884179001325	
5.7781424427675e-06	6.5485614351365e-05	0.000134823323664575	0.000404469970993725	0.00094761536061387	0.00215332108367135	0.00506165277986433	0.0113906448021757	0.0222054014075555	0.0406280455625792	0.0691123617579421	0.102092072773778	0.134362998316635	0.155468626612583	0.154979410552429	0.131755130027465	0.0910635248980158	0.051221306707653	0.0207416053220544	0.00544301018108698	0.00076271480244531	
7.75016565979098e-06	6.39388666932756e-05	0.000160815937440663	0.000370070410255019	0.00101333416001767	0.00247230284547332	0.00548517974571707	0.011828690338256	0.0231691202399451	0.0423972812418865	0.0719661007754041	0.104571047706145	0.136071596030365	0.155830643380002	0.154588679333021	0.127647165958172	0.0886890207278181	0.0485005366989719	0.0192223483776966	0.00516742295366563	0.000776954107394046	
1.36035649113533e-05	5.44142596454134e-05	0.000126318817033995	0.00044891764207466	0.00114075608613777	0.00261382782939575	0.00576596815599791	0.0127232199249472	0.0252093491471536	0.0457468454304654	0.0739256584611259	0.107077546150094	0.138091730781564	0.155683083578359	0.151454318257344	0.125420981749846	0.0852943519941854	0.0458070897893585	0.01796447914865	0.00480983187937136	0.000627707352338161	
5.82996329066448e-06	5.82996329066448e-06	6.21862751004211e-05	0.000132145834588395	0.000429473962412283	0.00127287531846174	0.00279643905842206	0.00660729172941974	0.0139685920444321	0.0273269812644413	0.0474578445071058	0.0762364866309225	0.109129139516852	0.138444138263409	0.155172246265423	0.148720420223754	0.123041375249474	0.0830769768919688	0.044047315982067	0.0170040595977714	0.004430772100905	0.000631579356488652	
1.93417611834063e-06	1.54734089467251e-05	5.80252835502189e-06	3.28809940117907e-05	0.0001237872715738	0.000512556671360267	0.00132684481718167	0.00313529948783016	0.00714871493338697	0.0151968217618023	0.0282080245098798	0.0495690655608337	0.0788486236402742	0.110716109366054	0.13882355671778	0.15420992773918	0.147347470871308	0.121199343927461	0.0799627090844384	0.0426098998870441	0.0164076160118836	0.00401534962167515	0.00058218701162053	
7.72042786611234e-06	9.65053483264042e-06	1.54408557322247e-05	1.93010696652808e-05	2.50913905648651e-05	0.000150548343389191	0.000559731020293145	0.00143792969006342	0.00331013344759567	0.00741161075146785	0.0157998556279989	0.0301231794266038	0.0518291623721787	0.0809621969249536	0.112874585509529	0.139834319617993	0.153474385550447	0.146993086356846	0.116636363987292	0.077798751606814	0.0404299506278638	0.0158384577673295	0.00396829992318174	0.000490247169498134	
3.85717646968066e-06	1.1571529409042e-05	2.12144705832437e-05	1.7357294113563e-05	2.50716470529243e-05	0.00017550152937047	0.000599790941035343	0.00150815599964514	0.00371446094030248	0.00849928835094134	0.0170275055254053	0.0313877735220264	0.0540872570460971	0.0842947345684012	0.115377791149323	0.141037657613873	0.153453908669776	0.145089621495273	0.113422202679195	0.0735119977474089	0.0381494038733766	0.0145608411730445	0.00359295988150754	0.000430075176369394	
9.57208931907986e-06	9.57208931907986e-06	2.48874322296076e-05	1.72297607743437e-05	3.82883572763194e-05	0.000222072472202653	0.000763852727662572	0.00167511563083897	0.00409685422856618	0.00903222348148375	0.0181697399454774	0.0337397004318927	0.0568333231231047	0.0873089410971912	0.117573973106258	0.142940009801819	0.152827978068429	0.140947100805587	0.109701886850247	0.0706362759212179	0.036774052746041	0.0130927037706374	0.00318367690752596	0.000380969154899378	
9.53299751760745e-06	7.62639801408596e-06	1.90659950352149e-05	1.90659950352149e-05	1.33461965246504e-05	8.1983778651424e-05	0.000297429522549352	0.00079314539346494	0.0019256654985567	0.00449576162930367	0.00979038845058285	0.0192147097964896	0.0360518900120878	0.0598043066269586	0.0893565989315416	0.120283549478164	0.143759509165024	0.151420225970173	0.138184612216727	0.106050784184376	0.0686452085247877	0.0342272742872178	0.0122155830190622	0.00295904242946535	0.000373693502690212	
1.89662987836913e-06	1.89662987836913e-06	1.89662987836913e-05	0	3.79325975673825e-06	4.5519117080859e-05	6.25887859861812e-05	0.000275011332363523	0.000895209302590227	0.00218112436012449	0.00499382646974591	0.0106495767670426	0.0207149915315476	0.0382246785686514	0.0612345922530256	0.0925858841424673	0.121678289846771	0.145035286798887	0.150251018964402	0.135155741762462	0.102643712387459	0.0665375693929457	0.0316983751571832	0.0118918693373744	0.00288856730475618	0.000330013598836228	
3.79245415396985e-06	3.79245415396985e-06	5.68868123095477e-06	0	2.08584978468342e-05	0.000108084943388141	0.000398207686166834	0.000898811634490854	0.00243285933977166	0.00563179441864522	0.0113621926452937	0.0224570172727324	0.0403953254210098	0.0640450695251658	0.0932185231045788	0.12474519448653	0.145389418673665	0.148705919831312	0.132923621869566	0.100464006765738	0.0620692009109475	0.0304894351708406	0.0111213718065166	0.00279314248439879	0.000316669921856482	
3.79110984740783e-06	0	1.89555492370391e-06	1.13733295422235e-05	5.11799829400057e-05	0.000163017723438537	0.000417022083214861	0.00110321296559568	0.00286039237986921	0.00608094019524216	0.0123855558714814	0.0238024831769501	0.0415771016965217	0.0670021798881623	0.095045019429438	0.12758980191451	0.144896218367927	0.148056108425742	0.129792436735854	0.0973253720026538	0.0597080845417496	0.0287347170884276	0.0104255520803715	0.0027106435408966	0.000255899914700028	
1.89554773747422e-06	0	0	1.89554773747422e-06	1.7059929637268e-05	5.30753366492782e-05	0.000217987989809535	0.000517484532330462	0.00111837316510979	0.00310490719398277	0.00617759007642848	0.0130280995996603	0.0252392181244692	0.0440316783937887	0.0690017287395366	0.0991617887904889	0.12846695681184	0.145659574790732	0.146580810991144	0.127166611063933	0.094189767075094	0.057055986897974	0.0266021169477132	0.0100274475312386	0.00234668809899308	0.000231256823971855	
1.33074788030873e-05	2.28128208052926e-05	5.89331204136725e-05	0.00027185278126307	0.000541804494125699	0.00150754724154975	0.0034409338047983	0.00665564046994411	0.0134842781643284	0.026943842439451	0.0445629443747386	0.0714687654461807	0.102676704307821	0.130046386068971	0.145754914261815	0.144907037755218	0.12487167788297	0.0913349302307897	0.0541367248393597	0.0257613778943766	0.00918216037413026	0.00222044789171514	0.000134975856431314	
