# <P(N_1)> as a function of N_tot.
# number_of_species: 2
# species_total_upper_bound: 100
# species_total_lower_bound: 0
# volume: 512
# Bin widths for each species index 
1	1	1	1	1	1	1	1	1	1	1	1	1	1	1	1	1	1	1	1	1	1	1	1	1	1	1	1	1	1	1	1	1	1	1	1	1	1	1	1	1	1	1	1	1	1	1	1	1	1	1	1	1	1	1	1	1	1	1	1	1	1	1	1	1	1	1	1	1	1	1	1	1	1	1	1	1	1	1	1	1	1	1	1	1	1	1	1	1	1	1	1	1	1	1	1	1	1	1	1	1	
# Bin lower bound for each species index 
0	0	0	0	0	0	0	0	2	3	3	4	5	6	7	8	8	8	9	10	10	11	12	13	14	14	15	16	16	17	18	19	20	21	22	23	24	25	26	26	26	27	28	29	29	29	30	31	32	33	36	36	37	38	39	40	40	41	41	42	43	45	45	46	47	48	49	50	50	51	52	52	52	51	52	52	53	54	57	58	60	61	62	63	64	65	66	67	68	67	68	69	69	70	71	71	71	73	74	74	78	
# Bin upper bound for each species index 
0	1	2	3	4	5	6	7	8	9	10	11	12	13	14	15	16	17	18	19	20	21	22	23	24	25	26	27	28	29	30	31	32	33	34	35	36	37	38	39	40	41	42	43	44	45	46	47	48	49	50	51	52	53	54	55	56	57	58	59	60	61	62	63	64	65	66	67	68	69	70	71	72	73	74	75	76	77	78	79	80	81	82	83	84	85	86	87	88	89	90	91	92	93	94	95	96	97	98	99	100	
# Normalized histogram for each species index 
1	
0.0796025275840618	0.920397472415938	
0.00627442500137202	0.146103999823071	0.847621575175557	
0.000467303535409946	0.0174167066352174	0.201571256808341	0.780544733021031	
3.75091326583864e-05	0.00183223958876944	0.0322138216261351	0.246777476255088	0.719138953397349	
6.5128123300563e-06	0.000193756166819175	0.00411691149413684	0.0498515078788747	0.284232969809858	0.661598341837981	
4.06284737345043e-06	1.54388200191116e-05	0.000499730226934403	0.00778197785910695	0.0680331918379021	0.314938114708808	0.608727483699856	
5.68085446543565e-06	2.43465191375814e-06	5.43738927405984e-05	0.00110208576629452	0.0128979742884527	0.0872652285448329	0.338711208893946	0.559961013107354	
8.89693387394339e-06	0.000152865500197755	0.00201232467985192	0.0185452542541498	0.107465255451192	0.35487119261781	0.516944210562925	
1.53431577995328e-05	0.000277791909633646	0.00332138989628833	0.0259678908083987	0.126644039546585	0.368609675718322	0.475163868962972	
8.04814075876261e-07	2.33396082004116e-05	0.000480474003298128	0.00520956151314704	0.0341893067572995	0.146528474724412	0.376753589269575	0.436814449309993	
2.41616121916274e-06	4.75178373102005e-05	0.000888341941578833	0.00749090516647753	0.0434755995905412	0.164428630221828	0.381072920550981	0.402593668530064	
2.41558924676291e-06	9.50131770393411e-05	0.00145096394088892	0.0104248779926131	0.0526984950073796	0.181100751811893	0.382973155556701	0.371254326924238	
1.53106901656214e-05	0.000190980714171172	0.00211045776546118	0.0136555239761379	0.0624402177985967	0.19655299956566	0.383478798320337	0.341555711169471	
2.42343559154447e-05	0.000353013784501645	0.00294205080813499	0.0170012084865483	0.0732531876256147	0.212225909434596	0.379856564925455	0.314343830579233	
6.30817879643183e-05	0.000545091347281418	0.00416258926477367	0.0213636988572491	0.084087214615565	0.22637708351867	0.37533421216508	0.288067028443416	
1.1333059181235e-05	0.000117378112948506	0.000807885218776612	0.00552486635085208	0.0264813117854101	0.0958639191013855	0.238034718017297	0.367940718386431	0.265217869967717	
2.42902785447208e-06	2.26709266417394e-05	0.000155457782686213	0.00116512369419511	0.00738181564974066	0.0324161863938814	0.106865080457499	0.247617528512739	0.359024081382149	0.245349626172613	
6.4854050013822e-06	3.16163493817382e-05	0.000209154311294576	0.00164810354597625	0.00929520671823104	0.0381285066787511	0.117814677930734	0.257142254926678	0.350184307103383	0.225539687030568	
1.4594740542e-05	5.27032297350001e-05	0.000338922308142	0.00227840116239	0.01166768424441	0.045035315218017	0.128968046437221	0.264254804710209	0.339872587915068	0.207516940034265	
2.4315991168432e-06	6.48426431158187e-06	9.32112994789894e-05	0.000543867669133929	0.00317080524836353	0.0143164450669338	0.0513245730922484	0.139116648672833	0.27085906775732	0.329311468394075	0.191254996936185	
2.42647772493448e-06	1.69853440745414e-05	0.000131838623054774	0.000760296353812805	0.00411935035103044	0.0169473292568508	0.0583252450742502	0.150363162832832	0.275012941214533	0.319542042770714	0.174778381701123	
4.05505466619195e-06	2.59523498636285e-05	0.000188965547444545	0.00101457467748123	0.00519533603832513	0.0203969249709455	0.0660844148839971	0.160818601995573	0.278794740431896	0.306556455687579	0.160919978362228	
1.13416067654305e-05	4.29360827548439e-05	0.000268958103294494	0.00135694223800686	0.00650279125043645	0.0242054191817355	0.0734336633470864	0.169953977379975	0.280893524185571	0.29475053730862	0.148579909315753	
1.13342519474674e-05	5.58616703125177e-05	0.00034083714784884	0.00173495013738733	0.00792588046897896	0.027809396742536	0.0809322260308907	0.178074861114934	0.281249747003305	0.283893866064764	0.137971039367095	
4.85035051866415e-06	1.45510515559924e-05	7.03300825206302e-05	0.000425214062136224	0.00220690948599219	0.0091792883565719	0.0322047106604237	0.0876563429650516	0.18677487259746	0.28198806167059	0.272993086633727	0.126481782083452	
6.46032913761874e-06	1.77659051284515e-05	7.91390319358296e-05	0.000587889951523305	0.00277228874118064	0.0110245516733464	0.0361721903826695	0.0959318499879273	0.194222527652228	0.281439393633507	0.261267015901293	0.116478926810124	
2.4153111403811e-06	1.36867631288263e-05	0.000105468586463308	0.000687558571295154	0.00342169078220656	0.0134315452516593	0.0410618995939057	0.104188471558906	0.201011854347077	0.279738115864086	0.249120021641188	0.107217271728944	
8.04426922238463e-07	4.02213461119231e-06	1.28708307558154e-05	0.000143187992158446	0.000947614914396909	0.00440262854541111	0.0155720963606922	0.0459440392367276	0.112139526240808	0.206133594396684	0.27805579666018	0.23778859821369	0.0988552200469624	
4.00598012713379e-06	9.61435230512108e-06	3.12466449916435e-05	0.000231545651348333	0.00123544427120806	0.00522860526193502	0.0177937625287028	0.0517284201856531	0.119316515694629	0.21213667763237	0.274424060237122	0.227335366234715	0.090524735324893	
7.9847523169755e-06	1.19771284754633e-05	4.87069891335506e-05	0.000336956547776366	0.00158177943399285	0.00621133882737524	0.0204465552580792	0.0573313201111158	0.127063759045726	0.216738915367215	0.270315006463657	0.216253442426343	0.0836522576487939	
3.18761166602118e-06	1.354734958059e-05	6.85336508194553e-05	0.000412795710749742	0.00182490767879712	0.0071203275589748	0.0234345240656712	0.0626485227810637	0.133887659002054	0.220456816627857	0.266696311455161	0.206279913743228	0.0771529527643765	
7.97694980584104e-07	1.59538996116821e-05	7.6578718136074e-05	0.00047223542850579	0.0022981592390628	0.00853693168221108	0.0262585233708675	0.0688179436699713	0.140833048822124	0.225684661601835	0.262561302859258	0.194304138760637	0.0701397242527991	
7.9744498626401e-07	3.18977994505604e-05	0.000102870403228057	0.000655499778709016	0.00282853736627844	0.0099154309592067	0.0295684626456832	0.0747740240270174	0.147293671077867	0.2291785120474	0.256684781958605	0.184911543414899	0.0640539710766704	
7.98018997640258e-07	4.6285101863135e-05	0.000211475034374668	0.000822757586567106	0.00339796489195222	0.011564093294805	0.0332223288907616	0.0799407550696152	0.155308063263754	0.231605063590144	0.24977356210942	0.17515718979206	0.0589496633556858	
1.11567297393788e-05	7.33156525730606e-05	0.000266167695210894	0.00110850079053399	0.00417978910593155	0.0131107512623043	0.037261883510991	0.0861889248737696	0.16177337813026	0.232679177079614	0.243459765644923	0.16514589814862	0.0547412913755291	
3.98026742620783e-06	8.11974554946398e-05	0.000374145138063536	0.00135886329930735	0.00476199194871505	0.0151146675242816	0.0410055110782783	0.0914410717427283	0.167796929940129	0.233060578874173	0.23685536583832	0.157434701722739	0.0507109951703435	
1.4301252710286e-05	9.37526566563194e-05	0.000402024103966929	0.00163669892128829	0.0054742017318817	0.0171281336626859	0.045297628931752	0.0986945339817627	0.172156096584305	0.233505292655274	0.230476605136851	0.148713165335988	0.0464075650448781	
2.62776094064286e-05	0.000107499311208117	0.000497681996333875	0.00195409859040533	0.00645155125487529	0.0190249892102543	0.0497060889202451	0.104372275688752	0.177119846602464	0.233728983884659	0.224829633499015	0.139520568997836	0.0426605044345457	
7.20531464007852e-06	2.88212585603141e-05	0.00013850215919262	0.000537996826459196	0.00220962982295741	0.00721492172626529	0.0215567002220838	0.0540438627531667	0.11028854883362	0.181349763585621	0.232954227037863	0.218255385172103	0.131861260866015	0.0395531744214533	
8.03423871169375e-07	1.12479341963713e-05	4.90088561413319e-05	0.000193625152951819	0.000678089747266953	0.00248900715288272	0.00839979657307582	0.0245204965480893	0.0586274467269717	0.116146971935601	0.184844533463809	0.231922762042721	0.211415367731123	0.124007671091122	0.0366931716201765	
1.61305802734295e-06	8.06529013671473e-06	7.662025629879e-05	0.000216149775663955	0.000869438276737848	0.00295996148017431	0.00995579414476067	0.0272493892559044	0.062860064796541	0.121218084638768	0.188631812246498	0.229834153438919	0.204163947991783	0.118319419363632	0.0336354859861551	
1.615015770629e-06	2.66477602153785e-05	6.70231544811035e-05	0.000300392933336994	0.00104007015628508	0.00335035021616986	0.0112825001736142	0.0300481759204379	0.0679332158678529	0.126248205313725	0.192198181815245	0.227836734825716	0.19764159247015	0.111676725523225	0.0303485688537749	
8.10142990237777e-07	3.24057196095111e-05	0.000101267873779722	0.000348361485802244	0.00122331591525904	0.00410094381658363	0.0129428444120387	0.0335180459351075	0.0722517924413659	0.131748693644428	0.194804553003605	0.224778223356422	0.190293676833961	0.105666950216713	0.0281881152023332	
2.43686291265227e-06	1.62457527510152e-06	4.14266695150886e-05	0.000103160529968946	0.000420764996251293	0.00144262284429015	0.0048761626882172	0.014658542707241	0.0363222540007197	0.0765020619921679	0.136365224016746	0.196794550524697	0.22173015642223	0.18476457061257	0.0995572220087711	0.0264172185484257	
3.25075600394317e-06	8.12689000985792e-07	3.25075600394317e-06	4.3072517052247e-05	0.000132468307160684	0.0004518550845481	0.00167170127502777	0.00585948769710756	0.0164488253799524	0.0393495887387311	0.0811453713704293	0.141502970784643	0.198773164684112	0.219969719207823	0.177373437910154	0.0934860538503986	0.0237849689918512	
1.62486828411472e-06	0	3.24973656822944e-06	5.52455216599004e-05	0.000142988409002095	0.000606888304116848	0.00201889884301254	0.00668714542327413	0.0182757060255803	0.0429265827638847	0.0854883825979856	0.146247894780029	0.200753288936516	0.215933620880857	0.17144228995937	0.0875349042018281	0.0218812887480309	
1.62425203193929e-06	8.12126015969646e-07	3.24850406387858e-06	4.46669308783305e-05	0.000235516544631197	0.000726040658276864	0.00252814828771351	0.00769976675740821	0.0203819266227902	0.0464641657516714	0.0910685629267722	0.149473417491245	0.201872600167623	0.212954871781545	0.164463639494013	0.0819760000519761	0.0201049916513446	
8.12827061288786e-07	2.43848118386636e-06	3.25130824515514e-06	6.42133378418141e-05	0.0002609174866737	0.000915243271011173	0.00265875731747562	0.00867936736044166	0.0222348842615547	0.0495889533551063	0.0953868812963616	0.153961637814015	0.203359576809719	0.209213557305121	0.157566525830831	0.0770933954549962	0.0190095864823608	
8.13556453902671e-07	0	5.6948951773187e-06	8.37963147519751e-05	0.000312405678298626	0.000990098204399551	0.00317287017022042	0.00970166071278935	0.0242618805682855	0.0533505915775755	0.10032615478237	0.157795782686054	0.204404431930138	0.205441716408864	0.149882319058943	0.072663608236771	0.0176061752189077	
2.03870605772963e-05	0.00010111982046339	0.000362889678275874	0.0011115025426742	0.00389800598237906	0.0104699788300763	0.0261884025351718	0.0566858141939609	0.105004778726999	0.162156233384546	0.205362938607221	0.199571382438423	0.144064755828253	0.0686024588426021	0.0163993515283772	
3.2609643813013e-06	2.85334383363864e-05	0.000130438575252052	0.000414142476425266	0.00128645044842336	0.0044487706571903	0.011499790890659	0.0285269164076238	0.0604705082457561	0.109826834638942	0.165464593671609	0.203717336346464	0.195299156796135	0.139463294177304	0.0645654642675752	0.0148545079979228	
7.34711270715797e-06	2.04086464087721e-05	0.000150207637568563	0.000441643108285829	0.00163758978783988	0.00501236355799443	0.0129439798982996	0.0306529705601194	0.0647256139124926	0.114184743965367	0.167331308251379	0.202127234032479	0.191782499340801	0.134717474944305	0.0607091922992463	0.0135554229447064	
4.89770330366414e-06	2.93862198219848e-05	0.000149379950761756	0.000600784938582801	0.00180480366740023	0.00560215629550783	0.01432006817603	0.0339125139584544	0.0691384286861748	0.117739971136202	0.169609097973657	0.201405804104928	0.188350975949012	0.128230035328767	0.0568239700129952	0.012277725898402	
9.78158535044567e-06	2.68993597137256e-05	0.000172808007857874	0.000653735954254786	0.00208592307598254	0.00587058147449248	0.0162309106248395	0.0370567209680509	0.0723486809124589	0.121265574117925	0.1720230356335	0.201008318423208	0.183866905228665	0.122255144502545	0.0537652990108372	0.0113596811203176	
1.30427623266332e-05	3.74979416890703e-05	0.000194826262254083	0.000785826430179648	0.00238601033312845	0.00680832193450251	0.0175840891342377	0.0399687299773219	0.0762055995839359	0.125094763820029	0.17487328141227	0.199390413895759	0.178676061803129	0.117061237399469	0.0503776694866206	0.0105426278231467	
1.63132137030995e-06	1.22349102773246e-05	5.13866231647635e-05	0.000284665579119086	0.000921696574225122	0.0028189233278956	0.00797634584013051	0.0194575856443719	0.0424298531810767	0.0797642740619902	0.129596247960848	0.177006525285481	0.198221044045677	0.173204730831974	0.11197145187602	0.0468964110929853	0.00938499184339315	
5.70867955795248e-06	1.63105130227214e-05	8.3999142067015e-05	0.000311530798733978	0.000968028947898513	0.00327025786105563	0.00890390905910359	0.0214165191244843	0.0452045868424722	0.0832847415966198	0.133617353733436	0.178869241063674	0.196506614320794	0.167782169836479	0.106704191720294	0.0440979185338806	0.00895691822642744	
5.69762539252569e-06	1.13952507850514e-05	1.87207691468701e-05	0.000107440935973342	0.000373601436452756	0.00115743190116736	0.00362043396370775	0.00965259136142317	0.0229956160842337	0.0483231888469797	0.0883791232494046	0.136843124838228	0.180572399725863	0.193790076690038	0.163303711107602	0.101477150080337	0.0412035989457765	0.00816469718748932	
2.43903628798189e-06	1.30081935359034e-05	1.46342177278914e-05	0.000126016874879064	0.000460977858428578	0.00139268972043766	0.00414310964118524	0.0106488324333289	0.0252131311209648	0.0518343991921912	0.0920630507140685	0.141381990481254	0.181454543680701	0.190637515304953	0.157481256006127	0.0964045353066763	0.0390432798859181	0.00768459033133495	
1.62160102290593e-06	6.4864040916237e-06	2.83780179008537e-05	0.000137836086947004	0.000532695936024596	0.0016824110612649	0.00456805008152599	0.011738769804816	0.0274164084942705	0.0546511976739755	0.0963117495534516	0.143603310984969	0.1820749844529	0.188108151058622	0.153070217756693	0.0921215325102627	0.0370381781636828	0.00690802035757924	
1.21278371053602e-05	2.10215843159576e-05	0.000175449376790877	0.000620945259794441	0.00189841076822571	0.00522062961262071	0.0131732566638422	0.0298150747398175	0.0585305589154156	0.0999713783044314	0.146752488632174	0.180952180746816	0.185293946430535	0.148334767113187	0.0883868683013913	0.0343872693285383	0.006453626384999	
8.09435426884103e-07	1.05226605494933e-05	3.72340296366687e-05	0.000225023048673781	0.000710684304804242	0.00222028137594309	0.00575508588514597	0.0146208321158075	0.0320075050852781	0.0616951682371063	0.103661157379339	0.148266715448642	0.181532892622725	0.182369039418696	0.14519409856819	0.0834325566260789	0.0321086845136386	0.00615170924431918	
8.10346504165181e-07	1.7827623091634e-05	6.725875984571e-05	0.000259310881332858	0.00087112249197757	0.00243914297753719	0.00652004797251305	0.016341447602995	0.0340783118861625	0.0648374444912645	0.106333668276555	0.150997536546627	0.182511101747107	0.180007131049237	0.13960892677709	0.0793005088976046	0.0302923730187028	0.00551602865385239	
1.62164967177811e-06	1.37840222101139e-05	0.000115137126696246	0.000304870138294284	0.000989206299784645	0.00272518227342311	0.0075252653018863	0.0173370566409797	0.0367003645468462	0.0673463000441089	0.110130283334631	0.154539159596274	0.182962624218365	0.175650605848317	0.134068264964583	0.0761267221919514	0.0281631898497704	0.00530036195220674	
4.8729539684525e-06	2.68012468264887e-05	0.000125884644185023	0.000340294618796933	0.00103225408231719	0.00306914884113033	0.00849518308500218	0.0188290941341004	0.0383639544346318	0.0706172245928241	0.11395890150623	0.156538773282568	0.181926863458205	0.172314149596438	0.130220761057951	0.0728766509161966	0.0264763832285919	0.00478280432003613	
8.95353522198663e-06	2.27908169286932e-05	0.000125349493107813	0.000422444070928278	0.00119244810001913	0.00359850720149117	0.00929295560267467	0.020256966460871	0.0411195174858473	0.074472250145495	0.116487935111288	0.157722220639527	0.180879318554574	0.170461473344919	0.126236707052537	0.0686443126737291	0.0247638505085201	0.00429199920232141	
1.46558918720866e-05	4.64103242616077e-05	0.000135974107924359	0.000480387566918395	0.00134834205223197	0.00406456734585869	0.00999694668919331	0.0220774726728683	0.0438251877786146	0.0782966596779775	0.119674313513954	0.159842856270483	0.180285382783398	0.167189529179474	0.121101634539052	0.064927229425774	0.0227833981313738	0.00390905204877155	
5.69002530435539e-06	1.70700759130662e-05	5.20230884969636e-05	0.000155256404733126	0.000492593619205624	0.00171513619888427	0.00462111340789434	0.0107004990152192	0.023837954582218	0.0464606823315773	0.0810885506123687	0.123113451788822	0.161882845630426	0.179287820175692	0.163559777373696	0.116400847651198	0.0614278874643053	0.0214172552455937	0.00376354530845221	
9.76089071381394e-06	8.13407559484495e-06	4.22971930931937e-05	0.000182203293324527	0.000632017673719453	0.0019985423736534	0.00508949109969448	0.0118139313939528	0.025628031976678	0.0490720646561401	0.0842828510911049	0.125680415423509	0.163117498348783	0.179266892034788	0.159675970964604	0.111985072344468	0.0582009376962346	0.0200195868540324	0.0032943006159122	
1.05786608880053e-05	1.22061471784677e-05	4.15009004067902e-05	0.000197739584291177	0.000703887820624971	0.00214584067397462	0.00550497237748894	0.0128465630337646	0.0269967425861896	0.0517817313036409	0.0878631023631915	0.129650440357103	0.164910744583115	0.177291846537808	0.154850438078622	0.108121237963722	0.0551465592091719	0.0187641031858858	0.00315976463293267	
3.24439895076138e-06	8.11099737690345e-06	4.86659842614207e-06	5.83991811137048e-05	0.00021169703153718	0.000849221425361791	0.00236597793484274	0.00608487023215297	0.0139849816772569	0.0289002947536447	0.0553453906013007	0.0916623813563859	0.132224668138542	0.165898284848495	0.174830926259678	0.151364999748559	0.103424138652634	0.0527020165561678	0.0171190710636924	0.00295645854388131	
8.08770305189475e-07	5.66139213632632e-06	4.04385152594737e-06	9.7052436622737e-06	8.57296523500843e-05	0.000255571416439874	0.00101985935484393	0.00279996279656596	0.00674999696711136	0.015119152085212	0.0313794790710464	0.0582298444330318	0.0944837821334552	0.135126916280142	0.167229436004028	0.172108747255236	0.147717043621026	0.099135828928905	0.0496123968312379	0.0162894427168212	0.00263659119491769	
1.62082172419773e-06	8.10410862098867e-07	1.62082172419773e-06	3.24164344839547e-06	8.10410862098867e-06	1.2156162931483e-05	0.000108595055521248	0.000381703516048566	0.0012188579365967	0.00301148676355939	0.00742822596199821	0.0165485898040589	0.0338006162364195	0.0608424058829345	0.0972128349630696	0.137625593423354	0.166892771297192	0.170883234382167	0.14362830667892	0.095199774381616	0.0473531170832989	0.015451293496777	0.00238503916715697	
1.62072321532037e-06	1.62072321532037e-06	2.43108482298056e-06	6.48289286128149e-06	4.86216964596112e-06	2.1879763406825e-05	0.000141813281340533	0.000454612861897364	0.00133790701424697	0.00326170547083225	0.00805985654978821	0.0176772281094993	0.0360262459917489	0.0632146882903558	0.100499425858801	0.140406493589635	0.168354244714619	0.168898807714967	0.139977001937575	0.0908382947722762	0.0446930633856746	0.014048428830397	0.00207128426917944	
8.10275590933988e-07	1.62055118186798e-06	2.43082677280197e-06	4.05137795466994e-06	7.2924803184059e-06	1.86363385914817e-05	3.40315748192275e-05	0.000150711259913722	0.000482924252196657	0.00141068980381607	0.00363165519856614	0.00868696461040329	0.019517108158827	0.0379063126950739	0.0664482703857236	0.104369978317025	0.143083325500669	0.167438589212963	0.167416711772008	0.135589896835712	0.0872845072065911	0.0418118410433757	0.0127553583524828	0.00194628196942344	
1.62054067719154e-06	1.62054067719154e-06	4.05135169297885e-06	2.43081101578731e-06	1.29643254175323e-05	1.29643254175323e-05	6.23908160718742e-05	0.000167725960089324	0.000590687076836316	0.00156463202382843	0.00421178522002081	0.00973620838856676	0.0209430574416848	0.0405977850450024	0.0699004015699798	0.107182560389448	0.144927383572255	0.16749179196147	0.164172114384243	0.131913631664068	0.0835534567753185	0.0392729930413983	0.0117991566706316	0.0018765861041878	
8.08760493667405e-07	1.61752098733481e-06	1.05138864176763e-05	8.08760493667405e-06	8.08760493667405e-06	2.10277728353525e-05	7.11709234427317e-05	0.00021513029131553	0.000634068227035246	0.00178089060705563	0.00461559613735988	0.010570499652233	0.0227536677288388	0.0429443734532456	0.0729243161930026	0.110502563770765	0.145438590815716	0.167416657231128	0.161825695938405	0.128059945327791	0.0806374650211086	0.0367719133655759	0.0110363456965854	0.00175096646878993	
8.09187187653746e-06	4.85512312592247e-06	4.85512312592247e-06	2.83215515678811e-05	7.68727828271058e-05	0.00027431445661462	0.000737978715140216	0.00207394676195655	0.00506470260752479	0.0119039527175743	0.0241469548667754	0.0458501644268365	0.076110528496336	0.1129601038349	0.147154736010772	0.166503210854761	0.159527208109998	0.12477585514902	0.07623676169761	0.0346259289468914	0.0102273168647557	0.00170333903001113	
1.62049603383596e-06	6.48198413534383e-06	4.86148810150787e-06	2.43074405075394e-05	0.000120726954520779	0.000282776557904375	0.000854811657848467	0.00230677610416549	0.0058362164658602	0.0127962469311856	0.0262658099644301	0.0478078739902284	0.079176625965208	0.115321789999919	0.148513600012964	0.166619402199013	0.156565034557078	0.120738297993016	0.0728169892804187	0.03275670682796	0.00969785851449129	0.00148518461501065	
8.11924903441831e-07	4.05962451720915e-06	3.8160470461766e-05	0.000144522632812646	0.00031502686253543	0.000979181433550848	0.00263956786108939	0.00641826636170767	0.0140495485291574	0.0278993635320682	0.0501396104871468	0.0820588142161555	0.118085546031676	0.150728986774555	0.166047573927792	0.152235919395343	0.116748305715708	0.0700845457401954	0.0310090359122504	0.00907001309634869	0.00130313947002414	
8.12957237636343e-07	3.25182895054537e-06	4.87774342581806e-05	0.000126008371833633	0.000344693868757809	0.00111375141556179	0.00296648096013502	0.00687030161526474	0.0147299721887329	0.0299566612496616	0.0528446593180752	0.0851182486950004	0.121275334796114	0.151914880125391	0.163675932482275	0.150084913383471	0.113017315176204	0.0668128905751429	0.0293989725846431	0.00847751807407179	0.00121862289921688	
1.6259514864855e-06	6.50380594594199e-06	3.82098599324092e-05	0.000151213488243151	0.000412178701824074	0.00122190254209385	0.00317710920459266	0.00741515175411711	0.0159741603789768	0.0317971072697104	0.055775013840912	0.0881249446160275	0.12385116365283	0.152114265366664	0.16205126787632	0.146852686356397	0.109871232772028	0.0640803740338799	0.0279460411739695	0.00795903252634651	0.00117881482770199	
1.62527893849782e-06	1.54401499157293e-05	5.4446844439677e-05	0.000174717485888516	0.000500585913057328	0.00128397036141328	0.00350897722821679	0.00817677833958253	0.0172555864900314	0.0330484219354147	0.0579736997362172	0.0904240190222647	0.125480473086193	0.153413329562686	0.162007804589463	0.144076914700485	0.106226606141279	0.0615671914692359	0.0262084355227466	0.00756729873764585	0.00103367740488461	
1.21990494500669e-05	2.60246388268093e-05	8.86464260038191e-05	0.00019518479120107	0.000534318365912928	0.00157774372887531	0.00394110624233493	0.00856210617402025	0.0182904414754669	0.0347607847729838	0.0603568303291141	0.0932308287871542	0.128185171811412	0.154425327178506	0.160536237683026	0.141378850426641	0.102084898878013	0.058943367132833	0.0248990731975498	0.00705430366199199	0.000916555248681689	
1.05873365681719e-05	2.85043676835396e-05	8.22554610296429e-05	0.000240251099046977	0.000675960719352511	0.00185848477296678	0.00428542807859387	0.00928346534927623	0.0194570813807841	0.0366224115998117	0.0631371744190403	0.0961916535953781	0.129635420993222	0.154492044023774	0.160000716681245	0.138492949648256	0.098507837072292	0.0562187571769926	0.0236545531248117	0.00631982552069336	0.000804637579181061	
8.95551065135871e-06	1.95392959666008e-05	7.40864972066948e-05	0.000273550143532412	0.000801111134630634	0.00201010507256406	0.00449485220965013	0.0101132139373798	0.0207401485312148	0.0388188821243123	0.0655600369292694	0.0990959819066119	0.131623210729679	0.156044074138602	0.158101399176419	0.134959545515976	0.0951531148080183	0.053457885489956	0.022022414829023	0.00587807153661908	0.000749820482718307	
9.79857398086665e-06	4.16439394186833e-05	0.000125748366087789	0.000327435680527294	0.000902285354071471	0.00210832650154981	0.0048274307812403	0.0111417951640771	0.0224566984684829	0.0409310931615752	0.0687173993278178	0.101965593940562	0.134162891493858	0.155744250686717	0.155709955677784	0.131342535283032	0.0914590729895776	0.051070167588277	0.0207631782654564	0.00543657546371751	0.00075612329219021	
6.56081340964653e-06	4.83859988961431e-05	0.000149258505069459	0.000334601483891973	0.000943116927636688	0.00236435313250137	0.00540693035122494	0.0119595427441094	0.0236755152903857	0.0428125879046484	0.0712151692566844	0.104574445139708	0.135780954122692	0.155428950081231	0.153939645437241	0.128205674939579	0.0890130158337031	0.0489412077309345	0.0192240033919405	0.00521338635564037	0.000762694558871409	
8.20375502274901e-07	1.6407510045498e-06	1.14852570318486e-05	5.41447831501435e-05	0.000151769467920857	0.0004183915061602	0.00107797340998922	0.00267442413741618	0.00576395827898346	0.0129602921849389	0.0254160534359787	0.0456235428080141	0.0736918702428476	0.10672921209496	0.13756220497246	0.155763055865931	0.151541403531224	0.125080191705347	0.0855643445117699	0.0462092909166384	0.0182549956766211	0.00479919668830817	0.000649737397801722	
4.10766350349192e-06	4.10766350349192e-06	8.21532700698385e-06	7.14733449607595e-05	0.000165128072840375	0.000461701377792492	0.00121586839703361	0.00286879219083876	0.00668316852018136	0.0141944420026667	0.0271286528424621	0.0474985561562785	0.0762300192978031	0.10872820987203	0.138565456028694	0.155541607755926	0.149109006709458	0.122648259952663	0.0829378337990054	0.0436751429672282	0.0171240276133571	0.00453650357325648	0.000599718871509821	
8.19897266872461e-07	8.19897266872461e-06	1.0658664469342e-05	6.3951986816052e-05	0.00015987996704013	0.000518994969930268	0.00127330045545293	0.0031467657102565	0.00720361738674144	0.0151820376906774	0.0283668056392534	0.0498718910520512	0.0786478254274739	0.111275637162664	0.139773626364617	0.154127567815753	0.147481480570485	0.120466685524304	0.079566930263638	0.0419615222212657	0.0162052694797342	0.00420361328725511	0.000482919490187879	
3.27836606235452e-06	4.09795757794315e-06	7.37632364029768e-06	3.60620266858997e-05	6.55673212470905e-05	0.000186047274038619	0.000551585089991148	0.00146133167229453	0.0034242533521293	0.00781726387568436	0.0162074222207652	0.0305822378126742	0.0517662197160935	0.0809387601219552	0.113089696095466	0.14011408713897	0.153932400091794	0.146286430842868	0.117029472510901	0.0769293184276956	0.0395911877520244	0.0156468216241025	0.00387748746024981	0.000451594925089335	
1.63765559775248e-06	4.91296679325744e-06	1.47389003797723e-05	3.84849065471833e-05	7.12380185022329e-05	0.00017850446015502	0.000612483193559428	0.0015336644672952	0.00387059900528799	0.00866319811211063	0.017400909553919	0.031897436905224	0.0542571676091375	0.0836195136490406	0.115114906105016	0.141633463199422	0.153529393461496	0.144256168639223	0.11373518126391	0.0730017735810124	0.0379624944115003	0.0145947866871701	0.00359629169266445	0.000411051555035873	
4.0850841323077e-06	5.71911778523079e-06	3.10466394055386e-05	3.83997908436924e-05	6.78123965963079e-05	0.000209973324400616	0.000727961992377233	0.00174596495814831	0.00417740703369786	0.00906561870641726	0.0184384357395841	0.0341284268749515	0.0568635541048968	0.0865825411674353	0.117702712087355	0.142972225512984	0.152896528904013	0.140878211386764	0.110023570935443	0.0703010298497097	0.0361529945709232	0.0133590421294727	0.00323293558230832	0.000393802110354463	
4.07438855650933e-06	3.25951084520746e-06	9.77853253562238e-06	2.60760867616597e-05	3.17802307407727e-05	6.68199723267529e-05	0.000242018680256654	0.000766799926335055	0.00191007335529157	0.00452094154230275	0.00983475909770221	0.0196165511441698	0.0362294630444809	0.0595268168106012	0.0888485614963762	0.120738800728175	0.144008448652111	0.151642223051587	0.138060656237318	0.106664232898569	0.0677391543851014	0.0338296481846969	0.0124293297304873	0.00288140758716339	0.000368324725508443	
8.12126675518847e-07	8.12126675518847e-07	8.12126675518847e-06	8.12126675518847e-07	1.0557646781745e-05	4.38548404780178e-05	7.39035274722151e-05	0.000255819902788437	0.000851108755943752	0.00218218437711914	0.00507254321529072	0.0106526656027807	0.0209423105816045	0.0384477010724133	0.0612351634607966	0.0919993340561261	0.121739412913626	0.145135158181973	0.150589400934758	0.134981950484637	0.103030450689699	0.0654890829871643	0.0320245911957347	0.0120324688244872	0.00284894037772012	0.000350838723824142	
1.61796327546957e-06	1.61796327546957e-06	2.42694491320436e-06	9.70777965281744e-06	2.42694491320436e-05	9.54598332527048e-05	0.000381839333010819	0.000926283975206331	0.00244231556432132	0.00551482782443804	0.0113572932121587	0.0227429007816381	0.0402775777795396	0.0643925114187758	0.0932658750511681	0.124320253178893	0.145441145776873	0.148662510658333	0.132550023379569	0.100227162043876	0.0623732932509898	0.0307113699133257	0.0112472717094267	0.00270523459658513	0.000325210618369384	
1.61613288491033e-06	0	8.08066442455164e-07	6.46453153964132e-06	3.87871892378479e-05	0.000138987428102288	0.000408073553439858	0.0011337172187646	0.00264641759904066	0.0058285832494291	0.0124110924896689	0.0239316957597521	0.0419127902372645	0.066892548172881	0.0962592988245866	0.126600577605893	0.14521196390852	0.147697576285512	0.129711633409345	0.0969396907691338	0.0598486329939993	0.0291938244330202	0.010399815114398	0.00251551083536293	0.000269894191780025	
8.09533061330225e-07	0	0	8.09533061330225e-07	8.09533061330225e-06	5.10005828638042e-05	0.00017971633961531	0.000476005440062172	0.00115601321157956	0.00285117544200505	0.00628440515510653	0.0130253869568033	0.0253205750922868	0.0440936467845347	0.0696603199274658	0.0989516546855774	0.127805841590571	0.145618807072081	0.145542710964316	0.126888640632083	0.0943486496988537	0.0575780389871122	0.0273500744770416	0.0101402111262224	0.00237517000194288	0.000292241435140211	
5.67452696737877e-06	1.62129341925108e-05	5.99878565122898e-05	0.000222117198437397	0.000499358373129331	0.00142106368197357	0.00304397839464389	0.00687914797788232	0.0137534320755069	0.0270464168199464	0.0456402203986274	0.0710920951407404	0.102224982023909	0.129140074076896	0.144981732076399	0.144275658792315	0.124992805510452	0.0914304104385355	0.0548864567686163	0.0265243603389476	0.00952428819139045	0.00213200084631516	0.000207525557664138	
