# <P(N_1)> as a function of N_tot.
# number_of_species: 2
# species_total_upper_bound: 100
# species_total_lower_bound: 0
# volume: 512
# Bin widths for each species index 
1	1	1	1	1	1	1	1	1	1	1	1	1	1	1	1	1	1	1	1	1	1	1	1	1	1	1	1	1	1	1	1	1	1	1	1	1	1	1	1	1	1	1	1	1	1	1	1	1	1	1	1	1	1	1	1	1	1	1	1	1	1	1	1	1	1	1	1	1	1	1	1	1	1	1	1	1	1	1	1	1	1	1	1	1	1	1	1	1	1	1	1	1	1	1	1	1	1	1	1	1	
# Bin lower bound for each species index 
0	0	0	0	0	0	0	0	2	4	4	5	6	6	8	9	9	10	11	11	13	13	13	14	15	16	17	18	19	19	20	20	22	23	23	24	25	26	27	27	28	29	29	30	31	32	33	35	35	36	36	37	39	39	39	40	41	42	42	43	44	45	45	48	48	49	50	51	51	53	54	54	55	55	55	56	57	58	59	60	61	61	62	63	64	66	67	68	69	69	71	70	70	71	72	72	73	73	74	74	80	
# Bin upper bound for each species index 
0	1	2	3	4	5	6	7	8	9	10	11	12	13	14	15	16	17	18	19	20	21	22	23	24	25	26	27	28	29	30	31	32	33	34	35	36	37	38	39	40	41	42	43	44	45	46	47	48	49	50	51	52	53	54	55	56	57	58	59	60	61	62	63	64	65	66	67	68	69	70	71	72	73	74	75	76	77	78	79	80	81	82	83	84	85	86	87	88	89	90	91	92	93	94	95	96	97	98	99	100	
# Normalized histogram for each species index 
1	
0.0797580521951694	0.920241947804831	
0.00564019357874848	0.148927801307851	0.845432005113401	
0.000527567141711569	0.0175011606477118	0.202578748188686	0.779392524021891	
3.49784882297387e-05	0.00160901045856798	0.0329077617265382	0.247123019343104	0.71832522998356	
2.07956412335974e-05	0.000117841966990385	0.0040343543993179	0.0505472719584642	0.285648927984694	0.6596308080493	
3.46325143898097e-05	3.46325143898097e-05	0.000297839623752364	0.00732131354200578	0.0685515989831894	0.312350647281694	0.611409335540579	
4.87136126711066e-05	1.39181750488876e-05	7.65499627688818e-05	0.000911640465702137	0.012936943707941	0.0870790621933652	0.337153872384253	0.56177929949825	
6.90364581535509e-06	5.52291665228407e-05	0.00182256249525374	0.0186881692221662	0.106613002326529	0.356304064176292	0.516510068967422	
0.000295461572817535	0.00270038135156492	0.025045521695812	0.126780499536194	0.368900951661112	0.476277184182499	
1.36812006621701e-05	0.000478842023175954	0.00493207283871233	0.0339156964415197	0.148352099380242	0.376034640800077	0.436272967315612	
0.000102562699997265	0.000847851653310724	0.00772639006646063	0.0439105106254957	0.165584060388918	0.376958947569948	0.40486967699587	
0.000165120951096678	0.00139664804469274	0.0099554173432039	0.0518892588821312	0.181055122877508	0.384972617442276	0.370565814459091	
6.88596159010625e-06	0.000192806924522975	0.00203824463067145	0.0126219675946648	0.0624143558527231	0.196966045323399	0.383768411339802	0.341991282372627	
0.000213877179304968	0.00280800038635878	0.0164271472233913	0.073421965876241	0.2113520487364	0.377617408222543	0.318159552375761	
0.000323475364253908	0.00408129555324611	0.0207918952215118	0.0861752135281527	0.226873232069485	0.375513603171435	0.286241285091915	
6.16235758106924e-05	0.000664165205959685	0.00525169807186678	0.0264844434706398	0.100720311130587	0.241002957931639	0.363750273882559	0.262064526730938	
0.000130079074384692	0.000842090849964057	0.00769520418991545	0.0332865505083353	0.108739259918529	0.247129702529696	0.357539451614007	0.244637661315168	
9.61221575304845e-05	0.00136630781061189	0.00927578820169175	0.0388402175107108	0.120695100516313	0.257730967812809	0.347900417444798	0.224095078545534	
6.88918742034377e-06	0.0001102269987255	0.00199097516447935	0.011442940305191	0.046653577210568	0.133085322586201	0.262622713650925	0.338968688643175	0.205118666253315	
0.000374529237555573	0.00314881988611537	0.0153348915599143	0.0529820156608707	0.141280751277908	0.269577822320555	0.325549136155249	0.191752033901832	
4.17667327973269e-05	0.000696112213288782	0.00391215063868296	0.0167902265845254	0.0598308447321708	0.151564512199367	0.275507291775434	0.316675368069333	0.174981727054401	
6.9721393312324e-06	6.9721393312324e-05	0.00102490448169116	0.00529882589173662	0.0204213961011797	0.0659146052374711	0.162332320049084	0.279826812059012	0.305024123602086	0.160080319045096	
2.79990480323669e-05	0.000104996430121376	0.00133695454354552	0.00686676652993798	0.0244361691702482	0.0733085075107446	0.173188111604205	0.280718455572511	0.29231006145791	0.147701978132743	
2.081526452732e-05	0.000138768430182134	0.00171379011274935	0.00861058109280139	0.0281769297484822	0.0816860364267129	0.178039895923677	0.278376409366869	0.283899392888118	0.13933738074588	
2.07384262299615e-05	0.000359466054652666	0.00226740126780912	0.00976088594556854	0.0317090537056111	0.087267297575678	0.18515958218984	0.282561057383225	0.273809441514182	0.127085075937204	
4.81864678630678e-05	0.000640191644466473	0.00297379344526361	0.0109796308916562	0.0364289697044793	0.0966689383144374	0.194700865291287	0.280899572517192	0.261184423380074	0.11547542834328	
0.000165376956099309	0.000702852063422063	0.00343157183906066	0.0135057847481102	0.0413580204378355	0.105510497991359	0.203268951165563	0.280796290043618	0.246735527793665	0.104525126961267	
0.000255519567964752	0.0010566079432056	0.00472365904021326	0.0149306298902647	0.0458139679426531	0.113202074542655	0.206390751572827	0.277887889063072	0.236500624987051	0.0992382754500943	
2.05191340925413e-05	0.00032146643411648	0.00170992784104511	0.00497247016175917	0.0171197975445436	0.0512157586949831	0.120543073082316	0.208440203823399	0.273998837249068	0.229369720597791	0.0922882254368866	
6.07980760786592e-05	0.000412075848977579	0.00185771899129236	0.00569475312603441	0.019874215535935	0.0553465152569394	0.127149043105836	0.214725294026251	0.270409576372517	0.218751477731016	0.085718531929123	
6.72766415500538e-06	8.07319698600646e-05	0.000363293864370291	0.00164827771797632	0.00696986006458558	0.0222483853606028	0.0606902583423036	0.133645048439182	0.223244079655544	0.266200215285253	0.208275026910657	0.0766280947255113	
9.39931653541193e-05	0.000315548483688829	0.0023296877412771	0.00854666424969956	0.0245120747648492	0.067587799687137	0.139902112832081	0.22600656609398	0.265987230357107	0.195868329002934	0.0688499936218924	
0.000113722263474416	0.00053516359282078	0.00280291931739884	0.00944563741328677	0.0270190718925391	0.0729628663362031	0.146581308073612	0.230086897188384	0.259908888398322	0.187019607056132	0.0635239184678266	
2.00624611289816e-05	0.000307624403977717	0.000588498859783459	0.00318324383246507	0.0106331043983602	0.032681749179111	0.0780162238435663	0.15745688242729	0.232657674225756	0.25142945035544	0.174690536537085	0.0583349494760354	
3.30884785917544e-05	0.000185295480113824	0.000820594269075508	0.00372576268943154	0.0125537687777116	0.0355502613989809	0.0843822381046919	0.1630004632387	0.234683343259877	0.244451062140163	0.167546820197207	0.0530673019654556	
7.86467515614657e-05	0.000321140902209318	0.00134354867250837	0.00416827783275768	0.014418571119602	0.0387466329359488	0.0893689253576789	0.169981845708181	0.23607788649963	0.238129255936191	0.158053755054692	0.049311513229039	
0.000156537392869722	0.000319597177109015	0.00161755305965379	0.0051918235301791	0.0153732764580806	0.0460089487209591	0.096648795314314	0.174930536531914	0.23530179104867	0.22996647490836	0.148410493223235	0.0460741726346548	
9.75178457657751e-05	0.000526596367135186	0.00198286286390409	0.00600709929917175	0.0180017943283621	0.0508588071617106	0.10502671988974	0.176734842476173	0.232872615688671	0.225851330793535	0.138813402852722	0.0432264104331093	
6.52077518975456e-06	0.000195623255692637	0.000645556743785701	0.00239312449463992	0.00663814914317014	0.0215642035525183	0.0539137692688907	0.111994313884035	0.18039724562456	0.231520123112236	0.216554944051749	0.133265082553014	0.0409113435405201	
4.57325040505932e-05	9.14650081011864e-05	0.000633721841843935	0.00240422307008833	0.00887210578581508	0.0245322218157111	0.0579104165577798	0.11488005017509	0.183962264150943	0.23147833585951	0.212603878116343	0.125966915799927	0.0366186693147964	
6.55733405026852e-05	0.00022294935770913	0.000918026767037593	0.00302293099717379	0.0105900944911837	0.0274883443387256	0.0617766440875798	0.120733634533544	0.186516809725838	0.22880505701602	0.206765857273067	0.120589373184438	0.0325047048871811	
1.96845227159392e-05	7.87380908637569e-05	0.000413374977034724	0.000957980105509042	0.00337917639956957	0.011023332720926	0.0290609170362983	0.0675835279913913	0.125055772814362	0.191956904018267	0.227612136164405	0.201438282459778	0.1127529461169	0.0286672265819795	
1.31855670782761e-05	0.000151634021400175	0.000395567012348284	0.00114714433581002	0.00363921651360421	0.0122559845992577	0.0323837527442461	0.0723492065585011	0.132356722331736	0.194935423685234	0.223831593937276	0.192351052537892	0.106750351065723	0.0274391650898926	
3.3056758454266e-05	8.59475719810915e-05	0.000423126508214604	0.00130243628309808	0.00470067105219662	0.0136788866483753	0.0356946877789164	0.077233810452547	0.136372351327229	0.19658854252752	0.223311626061948	0.185448414928432	0.100181812171498	0.0249446299295891	
5.93922196192299e-05	6.59913551324777e-05	0.000494935163493582	0.00142541327086152	0.00572804962549906	0.0158247269607681	0.040564885999934	0.0809977892896031	0.141756029960075	0.198838552149668	0.222997987263668	0.178242650212822	0.0911076648958986	0.0218959316329561	
1.31875667620567e-05	6.59378338102837e-05	0.000435189703147872	0.0018132904297828	0.00623771907845283	0.0181724669981142	0.0438618470506007	0.0850466180485039	0.146777618061691	0.201248862572367	0.218834482849569	0.171115272521067	0.0856994026032257	0.020678104682905	
0.000156998194520763	0.000673783918151608	0.00220451631472905	0.00718920899076327	0.0201808095873564	0.0470144176675302	0.0926223931758118	0.148997828191642	0.202416463877332	0.21402778868043	0.163801449616663	0.081750268205249	0.0189640735798205	
6.55359530238289e-06	0.000216268644978635	0.000891288961124073	0.00267386688337222	0.0075431881930427	0.0219742050488898	0.0499121818229481	0.0961150287047474	0.152266233255564	0.201326447689202	0.21138621647836	0.159068865179437	0.077109602327837	0.0195100532151939	
5.88135349548443e-05	0.000215649628167762	0.000941016559277508	0.00311058251538954	0.00884816959209546	0.0229242089579549	0.0525139518774587	0.0991726896083019	0.156522421026492	0.206736110203495	0.207141270110962	0.150157489576935	0.0734777096702521	0.0181799171382641	
1.30446976565201e-05	6.52234882826003e-05	0.000286983348443441	0.00117402278908681	0.00379600701804734	0.01008355128849	0.0252480123141946	0.0558573953652189	0.102818306928691	0.161278119476386	0.206973695367176	0.200966612096348	0.144398280708849	0.0695151938115954	0.0175255513015347	
6.52260408445468e-06	5.21808326756374e-05	0.000508763118587465	0.00163717362519812	0.00452668723461155	0.0113688989192045	0.028562483285827	0.0590882704010749	0.109612361639261	0.164858818234592	0.205233737517366	0.194223581822807	0.140399052917887	0.06446941877075	0.0154520490760731	
0.000176464821411065	0.00044442992059083	0.00178425541648966	0.0055226953367537	0.0131498970621875	0.0303061991438188	0.0644880886245548	0.113891702885527	0.169360478415738	0.2018365412895	0.190908793830267	0.134819123558054	0.0597300741805823	0.0135812555145257	
5.87199060481503e-05	9.13420760749005e-05	0.000645918966529654	0.00166373067136426	0.00580674626476153	0.013681738109219	0.0343315717361519	0.0685848502642396	0.117511580870359	0.172623474913551	0.202133489919749	0.187081620669407	0.126900241404058	0.0562014745220852	0.0126834997064005	
6.50698524866444e-06	1.30139704973289e-05	0.000123632719724624	0.000566107716633806	0.00221237498454591	0.00566107716633806	0.0163130120184018	0.0365757640827428	0.073242625958967	0.120867250993942	0.173476226729394	0.200044247499691	0.182956904236698	0.121758707973009	0.0546001132215433	0.0115824337426227	
3.91916077703894e-05	1.95958038851947e-05	0.000195958038851947	0.000790364090036187	0.00246253935490614	0.00677361620964897	0.017237775484343	0.038610265588462	0.077697362404797	0.124381099193959	0.173951951088874	0.199733497067161	0.178093197643278	0.119253530510667	0.0508837707552223	0.00987628515813814	
1.30491234251339e-05	2.60982468502678e-05	0.000293605277065513	0.000946061448322209	0.00304697031976877	0.0075423933397274	0.0188886061578813	0.0420573247992066	0.0819745933566913	0.126413383180985	0.175641201302303	0.197857333933593	0.172861738012749	0.11519113703537	0.0479294303405169	0.00931707412554562	
6.47215678152588e-06	4.53050974706811e-05	0.000310663525513242	0.00106790586895177	0.00333316074248583	0.00862738498977399	0.0209309550314547	0.0447549641442514	0.0831995754265151	0.131391254821757	0.177945478551272	0.196818287726202	0.168651461413001	0.109353560980661	0.0444119398348306	0.00915162968907759	
3.88613620907413e-05	0	7.77227241814826e-05	0.000472813238770686	0.00115936396904045	0.00373716765439295	0.00879562161987111	0.0229411574209009	0.0474043848570226	0.0864989151203083	0.138378833511448	0.179163833025681	0.194242041516889	0.164888759351015	0.103086239839373	0.0412189513909129	0.00789533339810227	
3.88742030788369e-05	0	8.42274400041466e-05	0.000498885606178407	0.00167159073238999	0.00389389934173016	0.00958897009277977	0.0243741253304307	0.051715648162546	0.0898836365521174	0.141430829834655	0.182268180168973	0.19219406002177	0.158911263152439	0.0966088736847561	0.0391981547711605	0.00763878090499145	
3.88749586953564e-05	0	0.000116624876086069	0.000634957658690821	0.00167162322390032	0.0038291834314926	0.0109368217129603	0.027160637808489	0.0527792355887289	0.0952630862829708	0.14366240985869	0.183872075469253	0.18839452899748	0.155357293266209	0.0915116527688689	0.0377411057334085	0.00702988836407695	
5.78878647739479e-05	6.4319849748831e-06	0.000128639699497662	0.000585310632714362	0.00158870028879613	0.00496549240060975	0.0128060820849922	0.0294520591999897	0.0563441883799759	0.0989882487634509	0.145497932116831	0.181060377042959	0.188296360139703	0.148514533070051	0.089353135271076	0.0354016453017566	0.00695297575784863	
6.4425932726441e-06	6.4425932726441e-06	1.28851865452882e-05	0.000167507425088747	0.000618488954173834	0.00179104092979506	0.0052442709239323	0.0150821108512598	0.031027529201054	0.0598323637230458	0.103377851652847	0.145396444977032	0.182254521089829	0.18418085647835	0.146362833967929	0.0856091794068949	0.0330054053357558	0.00602382470992224	
7.06214689265537e-05	0.000218284540318439	0.000597072419106317	0.00204160246533128	0.00595146379044684	0.0165832049306626	0.0324794555726759	0.0648561890087314	0.104333590138675	0.14826656394453	0.182729840780688	0.181169748330765	0.142931432973806	0.0811055469953775	0.0310991268618387	0.00556625577812018	
6.41185937510019e-06	0.000102589750001603	0.000147472765627304	0.000538596187508416	0.00238521168753727	0.00710434018761101	0.0167093055315111	0.0352139316880502	0.066689749360417	0.107943652579812	0.152781785189887	0.182128865549721	0.177101967799642	0.138188393252159	0.078654278954354	0.0294881412660858	0.00481530639070024	
1.27713920817369e-05	8.93997445721584e-05	0.00028735632183908	0.000874840357598978	0.00265006385696041	0.00793103448275862	0.0178416347381865	0.0370306513409962	0.0702298850574713	0.112247765006386	0.154367816091954	0.181181353767561	0.174897828863346	0.134361430395913	0.0745402298850575	0.0270242656449553	0.00443167305236271	
1.27013965185472e-05	0.000133364663444746	0.00031753491296368	0.00119393127274344	0.00349923474085976	0.00912595339857617	0.0199348418358599	0.0404984027993878	0.0737252560919073	0.112775699688181	0.154722061690683	0.181718879990855	0.176289032979176	0.12869054952592	0.0678635615985978	0.0250789074258715	0.00442008598845443	
5.04865642630855e-05	6.94190258617425e-05	0.000296608565045627	0.00123692082444559	0.00415883073117167	0.00980070428757147	0.0214315465296798	0.0440305948579434	0.0765944288076336	0.116239003395221	0.158168095015714	0.182534173093186	0.169780004796224	0.122518269825443	0.0650771813351172	0.0236718878188542	0.00434184452662535	
6.31408799313027e-06	3.15704399656514e-05	9.47113198969541e-05	0.000416729807546598	0.0018563418699803	0.00487447593069657	0.0104624438046169	0.0237283426781836	0.0456887407182906	0.0791723493458605	0.121969237763297	0.16159013992019	0.180153558619993	0.165908976107491	0.116122392281659	0.0615623579330202	0.0222129615598323	0.00414835581148659	
2.53100480890914e-05	9.49126803340926e-05	0.000765628954695014	0.00179701341432549	0.00495444191343964	0.0121614781068084	0.0260693495317641	0.0476778030878259	0.083788914198937	0.124841812199443	0.162477853707922	0.180574538091622	0.160180966843837	0.112642369020501	0.0579853201721083	0.0202860035434067	0.00367628448494052	
4.43616360571378e-05	0.000107735401853049	0.000728798306652978	0.00174911593596715	0.00586841071270137	0.0133148281937209	0.0270986222543316	0.0507053500133085	0.0867967096340799	0.128724793084655	0.164125378658251	0.178916815595016	0.156374767101411	0.1084958870426	0.0545711497268591	0.019126202517206	0.00325107418533024	
6.33175883596946e-06	0.000132966935555359	0.0002279433180949	0.00081046513100409	0.00233641901047273	0.0060531614471868	0.0140375093393443	0.0291387541631314	0.0541745286005547	0.0901452505476971	0.131390327605202	0.164613066217534	0.17745387313688	0.152424430458293	0.105246495371484	0.0518761001430978	0.0169437866450543	0.00298859017057758	
5.7255550607545e-05	0.000165404923977352	0.000171766651822635	0.000979706088173548	0.00271645778993575	0.00656530313633183	0.0146128888606145	0.0295947579362555	0.0567720592913035	0.0931675042941663	0.133640816845855	0.167491570710605	0.174597620713786	0.149233411794643	0.100661619695909	0.050124053692983	0.0169094726127616	0.00253832941026783	
5.07997790209613e-05	5.07997790209613e-05	6.34997237762016e-05	0.000336548536013868	0.00111759513846115	0.00278763787377525	0.0070865691734241	0.0155574323251694	0.0331405058387996	0.0591563426699094	0.0948431874321347	0.136194207555197	0.168864815438053	0.173208196544345	0.147293959271277	0.0945066388961208	0.048247090125158	0.0153224833471974	0.00217169055314609	
3.16119569065803e-05	2.52895655252643e-05	2.52895655252643e-05	0.000120125436245005	0.000429922613929493	0.00146047240908401	0.00329396590966567	0.00809898335946588	0.0167859491173942	0.0350766273835416	0.0622945222801072	0.0987683981589196	0.140451924535936	0.170887916645592	0.169838399676294	0.141103130848212	0.0908717313236559	0.044326285974407	0.0140926103889535	0.00201684285063983	
4.4064510443289e-05	1.8884790189981e-05	4.4064510443289e-05	0.000182552971836483	0.000421760314242909	0.00139117954399527	0.0038713819889461	0.00854851502599806	0.0195142831963137	0.0363406312555868	0.0649510883934079	0.104174797617998	0.144468644953355	0.169786853668056	0.170076420450969	0.134157549509625	0.0857684221128303	0.0409674048521321	0.0130682748114668	0.00220322552216445	
2.52100310713633e-05	1.26050155356816e-05	0.000138655170892498	0.000220587771874429	0.000428570528213176	0.00149999684874612	0.00434873035981017	0.0100777099207775	0.020785670618339	0.0388171453421316	0.0689683425034821	0.107136329545526	0.147371539135422	0.168951325732509	0.16620343234573	0.130241323022431	0.0818947859353237	0.0387667252799889	0.0122016550385398	0.00190965985365577	
1.2649581298859e-05	4.42735345460065e-05	0.000170769347534597	0.000189743719482885	0.000651453436891239	0.00182786449768513	0.00476889214966985	0.0111316315429959	0.0219470235535204	0.0420535330280568	0.0711791939686796	0.111708452450224	0.148803349609128	0.167992764439497	0.163185923545931	0.126470513825992	0.078724669213449	0.0361272041895413	0.0111379563336454	0.00187213803223113	
6.35513781116344e-06	6.35513781116344e-05	7.62616537339612e-05	0.000298691477124681	0.000705420297039141	0.00249121402197607	0.00549719420665637	0.0121637337705668	0.0225988700564972	0.0446257777099896	0.0765794106245194	0.115707994127853	0.149758822520066	0.164922181337502	0.160333771837842	0.122806683062922	0.0744123086309127	0.034724473000197	0.0102508372894066	0.00197644785927183	
1.28198553920312e-05	6.40992769601559e-05	0.000185887903184452	0.000249987180144608	0.000993538792882416	0.00278831854776678	0.00605738167273473	0.0120698938515974	0.0253192143992616	0.0476065329983078	0.0809061073791088	0.11515435105892	0.149761550689708	0.163228808779037	0.157325265371007	0.12020537408338	0.0738103174196195	0.0327931900928158	0.00976231988103174	0.00170504076714015	
1.93292741857543e-05	0.000109532553719275	0.000206178924648046	0.000425244032086595	0.000921362069520956	0.00260945201507683	0.00683611997036178	0.0136786830321188	0.0271189716826133	0.0502818852485422	0.0822847202087562	0.115743693824297	0.150497728810283	0.166032022164234	0.150974517573532	0.117373795947296	0.0721883959923972	0.0326729164653201	0.00867240101800844	0.0013530491930028	
6.49945729531584e-06	1.29989145906317e-05	0.000110490774020369	0.000188484261564159	0.000428964181490846	0.00112440611208964	0.00302874709961718	0.00737038457288816	0.0137788494660696	0.029611527437459	0.0518721686739157	0.0835830208177617	0.121747834055856	0.150033472205071	0.16441027174231	0.150358445069837	0.114630928317485	0.0679258281933459	0.0303914623128969	0.00810482324725885	0.00128039308717722	
1.31512325992754e-05	3.28780814981884e-05	3.28780814981884e-05	0.000210419721588406	0.000473444373573913	0.00113100600353768	0.00340616924321232	0.00723317792960145	0.0153343372107551	0.0308067623638025	0.0540581415993214	0.0862655102349468	0.121833018799687	0.153021166908869	0.163542152988289	0.149279641234375	0.11125942778987	0.0643358298756551	0.0286828382990196	0.00772634915207428	0.00132169887622717	
6.60528158315389e-06	7.26580974146928e-05	0.00011889506849677	0.000350079923907156	0.000508606681902849	0.00121537181130032	0.00364611543390095	0.00758946853904382	0.01656604621055	0.030562637885253	0.0577896085710134	0.0885239837774284	0.126002351480244	0.154193693277144	0.164445090294199	0.14381679591001	0.109357041890696	0.0597645877643764	0.0257738087374665	0.0084085234553549	0.00128802990871501	
1.97495753841292e-05	5.92487261523877e-05	0.000197495753841292	0.000368658740503746	0.000454240233834973	0.00156679964714092	0.00400916380297824	0.00814340825005596	0.0167081407749733	0.0326065489591974	0.0582941633421548	0.0926320917433608	0.129563797711683	0.155804400205396	0.161459361957051	0.143026424931864	0.101855143447749	0.05908414635752	0.0254967018209108	0.00782083185211518	0.000829482166133428	
6.64015033300354e-05	0.000126162856327067	0.000365208268315195	0.00052457187630728	0.0020717269038971	0.00474106733776453	0.00940245287153301	0.0183002543177578	0.0353654406735769	0.0597347923956998	0.0972782023785018	0.12966221555256	0.154768623961646	0.160844361516345	0.139602520601066	0.0980285393661312	0.0569592095565044	0.0248939235984303	0.00642766552234743	0.000836658941958446	
1.99788224482049e-05	0.000119872934689229	0.000219767046930254	0.000825791327859136	0.00251733162847382	0.00505464207939584	0.00969638849486211	0.0197457361863092	0.0373470787631777	0.0658435391818006	0.0972569076778615	0.131360757596947	0.154849193188553	0.159517578033951	0.134324282926764	0.0967374582942081	0.0544556103863238	0.0234418183392271	0.00583381615487583	0.000832450935341871	
0.000120749451596241	0.000120749451596241	0.000476289503518505	0.00118066130449658	0.00239486412332544	0.00503793545270982	0.0106192434376027	0.0211177374236092	0.0407529399137312	0.0696992667824967	0.10010800367615	0.135078386518995	0.156913912349315	0.154780672037781	0.131952317383225	0.0899315082277335	0.0525729695644299	0.0208561136118173	0.00542701701896437	0.0008586627669066	
0.000101532463312937	0.000236909081063519	0.000392592191476688	0.00117100774354254	0.0023961661341853	0.00538122055558564	0.0110331943466724	0.0229192613851736	0.0417163047598419	0.0708290464071046	0.104368603454811	0.137332809877078	0.157091027237775	0.153266637786322	0.12902745437808	0.0906211079222397	0.0477608707424054	0.0188173498673309	0.00479910109925814	0.000737802566740673	
6.76077667802477e-06	6.76077667802477e-05	0.000196062523662718	0.000493536697495808	0.00116285358862026	0.00255557358429336	0.00495564930499216	0.0128454756882471	0.0249202228351993	0.0443844988912326	0.0735707718102656	0.10651603656228	0.138906917626697	0.156349721456001	0.150582778949646	0.127866569311482	0.0869435880793986	0.0458313051003299	0.016928984801774	0.00432013629725783	0.00059494834766618	
0.000127863468734017	0.000248997281218875	0.000370131093703734	0.00147379471856578	0.00255726937468034	0.00590190853051226	0.0147514064981561	0.0268042208403995	0.0469124337128859	0.0754259872405718	0.108939675361383	0.137877197232765	0.153880319793265	0.149862715012517	0.125151417265606	0.0855608495518049	0.0428544509946432	0.0163799833104525	0.00439446553070069	0.000524913187434386	
6.67864370103719e-06	2.00359311031116e-05	5.34291496082975e-05	0.000207037954732153	0.000527612852381938	0.00108194027956803	0.0029452818721574	0.00677882335655275	0.0158551001462623	0.0284109503042122	0.049381891525469	0.0800368661132297	0.112675397880198	0.140004407904843	0.152012609279308	0.147424381056695	0.121631459083289	0.0796227902037654	0.041835024143297	0.0150202696836326	0.00378011233478705	0.000687900301206831	
2.00569617714309e-05	4.01139235428617e-05	2.00569617714309e-05	5.34852313904823e-05	0.000274111810876222	0.000414510543276238	0.00145747255539064	0.00359019615708612	0.00784895770655328	0.0164600799604209	0.0297043603834891	0.0511452525171487	0.0825076550737428	0.115902496423175	0.139850508778264	0.152606736464894	0.145640285076283	0.116544319199861	0.076684450506104	0.0388570206051854	0.015363632716916	0.00437910332009574	0.000635137122761977	
2.680839370807e-05	3.35104921350875e-05	2.680839370807e-05	6.7020984270175e-05	0.000234573444945612	0.000576380464723505	0.00184977916585683	0.00446359755239365	0.00855187759287433	0.0176935398473262	0.0307894401737184	0.0543272098494038	0.0866380263660552	0.117052149027861	0.140040346632531	0.151648381108125	0.145033409960659	0.112957166888953	0.0715851132989739	0.0373641987306226	0.014188342369996	0.00420221571373997	0.000650103547420697	
3.33909884400398e-05	2.00345930640239e-05	4.00691861280478e-05	6.67819768800796e-05	0.00026044970983231	0.000781349129496931	0.00188325174801824	0.00407370058968486	0.00962996106610748	0.0182181232928857	0.0337716457082563	0.0579333649434691	0.0879251507603128	0.11944624384771	0.14251273866209	0.151655191296973	0.140549348541816	0.106911266787319	0.0698205568281232	0.0367033744932918	0.0135099939228401	0.00364629593765235	0.000607715989608724	
1.33067198935462e-05	5.3226879574185e-05	3.99201596806387e-05	6.65335994677312e-06	9.31470392548237e-05	0.000312707917498337	0.000805056553559548	0.00176314038589488	0.00459081836327345	0.0105522288755822	0.0196207584830339	0.0368463073852295	0.0618562874251497	0.0909580838323353	0.120964737192282	0.141590153027279	0.150365934797073	0.135182967398536	0.104530938123752	0.0688157019294744	0.0341516966067864	0.0132202262142382	0.00333998669328011	0.000326014637391883	
5.94459636190703e-05	0	6.60510706878559e-06	3.30255353439279e-05	5.28408565502847e-05	0.000184942997925996	0.000970950739111481	0.0021532649044241	0.00511235287124004	0.0112352871240043	0.0213939417957965	0.0394126738794436	0.0622861596586481	0.0939510429464062	0.121236740247559	0.143324218285578	0.148139341338723	0.133760023249977	0.101956432713774	0.0665596639321523	0.0319885335341286	0.0129856404972325	0.0028864317890593	0.000310440032232922	
1.32384577196757e-05	1.32384577196757e-05	0	0	6.61922885983783e-06	0.000105907661757405	0.000383915273870594	0.000728115174582161	0.0023101108720834	0.00614264438192951	0.0121131888135032	0.023101108720834	0.0412444150256495	0.06408075459209	0.0947608803574384	0.123216945225881	0.144431573721661	0.146562965414529	0.132702300182029	0.0994803905345027	0.0624789012080093	0.0307396988250869	0.0119741850074466	0.00305146450438524	0.000357438358431243	
1.32979607577178e-05	0	0	0	4.65428626520123e-05	0.00017952247022919	0.000299204117048651	0.00105718788023857	0.00337103305208146	0.00648275586938743	0.012533328014149	0.0244682477942008	0.0411904334470309	0.0657318200253991	0.0955059541619293	0.127175047706434	0.143857339476991	0.149076789074395	0.12941575409411	0.0963038318073923	0.0596613009395009	0.0295281218625124	0.010884380880192	0.00301198811162308	0.000206118391744626	
6.65251897631038e-06	0	0	0	0	5.3220151810483e-05	0.000266100759052415	0.000399151138578623	0.00117084333983063	0.00353914009539712	0.00655273119166572	0.0128127515483738	0.0254858001982451	0.043660482041525	0.0692061549105569	0.100512909213074	0.128659717001843	0.145477284973955	0.14408025598893	0.127941244952401	0.0938404326798342	0.0566195890073776	0.0269027867401992	0.0102049641096601	0.0023084240847797	0.000299363353933967	
6.02631490843349e-05	0.00022766078542971	0.000629415112658609	0.0016538886470923	0.00348856674143761	0.00668920954836118	0.0131909337440155	0.0274197328333724	0.0446282098496769	0.0729585858247681	0.104215072483177	0.129646121396766	0.141424219090026	0.144544511031504	0.123686765542871	0.0912986708627674	0.0557233251866484	0.0260403763098865	0.00968897519167029	0.00243061367973484	0.000354882989052195	
