# <P(N_1)> as a function of N_tot.
# number_of_species: 2
# species_total_upper_bound: 100
# species_total_lower_bound: 0
# volume: 512
# Bin widths for each species index 
1	1	1	1	1	1	1	1	1	1	1	1	1	1	1	1	1	1	1	1	1	1	1	1	1	1	1	1	1	1	1	1	1	1	1	1	1	1	1	1	1	1	1	1	1	1	1	1	1	1	1	1	1	1	1	1	1	1	1	1	1	1	1	1	1	1	1	1	1	1	1	1	1	1	1	1	1	1	1	1	1	1	1	1	1	1	1	1	1	1	1	1	1	1	1	1	1	1	1	1	1	
# Bin lower bound for each species index 
0	0	0	0	0	0	0	0	2	3	3	4	5	6	7	7	8	8	9	10	10	11	12	13	14	14	15	16	16	17	18	19	20	21	22	23	24	24	26	26	26	27	28	29	29	29	30	31	32	33	36	36	37	38	39	40	40	41	41	42	43	45	45	46	47	48	49	50	50	51	52	52	52	51	52	52	53	54	57	58	60	61	62	63	64	65	66	66	67	67	67	69	69	70	71	71	71	73	74	74	78	
# Bin upper bound for each species index 
0	1	2	3	4	5	6	7	8	9	10	11	12	13	14	15	16	17	18	19	20	21	22	23	24	25	26	27	28	29	30	31	32	33	34	35	36	37	38	39	40	41	42	43	44	45	46	47	48	49	50	51	52	53	54	55	56	57	58	59	60	61	62	63	64	65	66	67	68	69	70	71	72	73	74	75	76	77	78	79	80	81	82	83	84	85	86	87	88	89	90	91	92	93	94	95	96	97	98	99	100	
# Normalized histogram for each species index 
1	
0.0798081351311977	0.920191864868802	
0.0062697136655872	0.146048016259006	0.847682270075406	
0.000467341731196927	0.017355938109022	0.20179553246193	0.780381187697851	
3.15441838011016e-05	0.00183161988984222	0.0321970112571592	0.246636429966426	0.719303394702771	
5.47151461099583e-06	0.000183979678794735	0.00413920080321835	0.0497654772049862	0.284477039472874	0.661428831325515	
3.41324420670061e-06	1.43356256681426e-05	0.000492189814606228	0.00777468765402264	0.0680218611464951	0.314606910317691	0.60908660219731	
4.77890400615523e-06	2.04810171692367e-06	5.73468480738627e-05	0.00109573441855416	0.0128825597994499	0.0872347964289299	0.338520492281729	0.560202243217541	
7.48521839485616e-06	0.000170118599883095	0.00202917465940555	0.0184115958281475	0.107257055328693	0.35503547653282	0.517089093832656	
1.42483487181575e-05	0.000293787380712485	0.00333547058564106	0.0257175909434782	0.126564689199412	0.368806293699177	0.475267919842861	
6.76315433518193e-07	2.43473556066549e-05	0.00049032868930069	0.00515961044231029	0.0339983768429596	0.146335722981198	0.377094548897606	0.436896388475585	
2.02907666866193e-06	4.80214811583322e-05	0.000894146451990355	0.00743318419619819	0.0433404012837292	0.164312599551574	0.381390661512812	0.402578956445869	
2.70318123884093e-06	0.000103396682385666	0.00146039366428381	0.01042481844759	0.0524700994365219	0.181125307317917	0.38297117462686	0.371442106643203	
1.82813747322964e-05	0.000189584626853444	0.00213756666777258	0.0135674884031761	0.0623103730551495	0.196747540308739	0.383644127988582	0.341385037574996	
3.05329630476511e-05	0.000355539391932648	0.00294066359663377	0.0169485085326062	0.0732166883676874	0.212284157395389	0.379993581292657	0.314230328460046	
7.46695701815896e-06	7.05966845353211e-05	0.000545087862325604	0.00410546873143867	0.0214247361279212	0.0842788650496858	0.226195850136815	0.375519377771684	0.287852550678577	
1.83541743850502e-05	0.000114203751729201	0.000805544320232758	0.00548110029876517	0.0266577388336942	0.0959161961993263	0.238078793790851	0.367997797499074	0.264930271131943	
4.75947322150384e-06	2.65170650912357e-05	0.000166581562752635	0.0011721902619818	0.00730715124450026	0.0324650467686236	0.106911367049895	0.247617713671451	0.359034942012618	0.245293730889865	
5.43480106929711e-06	4.00816578860662e-05	0.000224185544108506	0.00166236977707125	0.00926361842261693	0.0381162979493816	0.117889666744792	0.256966905458239	0.350164912244947	0.225666527399889	
1.42617990919988e-05	5.77263296580903e-05	0.00035654497729997	0.00230158272013257	0.0115554529309695	0.045073397330327	0.129000689320289	0.264376402834702	0.340049508816848	0.207214432940681	
2.03915032684181e-06	6.11745098052543e-06	8.76834640541979e-05	0.000553289455349745	0.00315728442272674	0.0143556183009664	0.0513206557091791	0.139264451288437	0.27088480771832	0.329228297153142	0.191139755886517	
2.03594529279269e-06	1.42516170495488e-05	0.000124192662860354	0.000764836781659119	0.00412618246005984	0.0169254918674165	0.0582219275379924	0.1502527626081	0.274774569957456	0.319969840863729	0.174823907698384	
3.4036157290613e-06	2.45060332492413e-05	0.000176988017911187	0.00102653050388489	0.00511767661021657	0.0204216943743678	0.0656598317524673	0.160818120305563	0.27901956806755	0.306682795267068	0.161048885451993	
1.02073035298217e-05	3.87877534133223e-05	0.000252460640637589	0.00133443481479868	0.00641290856433595	0.0240735851316334	0.0732571369466281	0.170537502994142	0.281084641682817	0.294827074668467	0.148171259499597	
1.02123487721353e-05	5.51466833695304e-05	0.000330880100217183	0.00171431294721577	0.00776070424357133	0.0277067830420545	0.0808007843083857	0.178633043075687	0.281198385087247	0.283551310244347	0.138238437919132	
4.08010330821576e-06	1.56403960148271e-05	7.20818251118118e-05	0.000414810503001936	0.00217333502884293	0.00905850936145703	0.0321682144991911	0.0875664971837087	0.186999294822145	0.28195553911425	0.272869149046854	0.126702848116114	
8.14586529454091e-06	1.90070190205955e-05	8.41739413769228e-05	0.000560707061107566	0.00275262364744695	0.0109894511044436	0.0362063347679107	0.0961483633598979	0.194460811599712	0.280980762181463	0.261192418914699	0.116597200537627	
5.41506471002329e-06	1.4891427952564e-05	0.000106270644934207	0.000687036335084204	0.0034311203768885	0.0134415443764553	0.0413710943845779	0.104286700601072	0.20052119997834	0.279710429414631	0.249328531975957	0.107095765419397	
6.77115002566266e-07	3.38557501283133e-06	1.28651850487591e-05	0.000142871265541482	0.000945252543582507	0.00439921617167303	0.0155242156638368	0.0461663779899706	0.111923047234188	0.205966872825614	0.278391770615105	0.237896230771627	0.0986272170437971	
3.37893544611409e-06	8.10944507067381e-06	3.31135673719181e-05	0.000228416036157312	0.00123398722492087	0.00522113105133549	0.0177630636402218	0.0517396111250774	0.119351433614731	0.212117403139437	0.274690557091845	0.227146232216663	0.0904635629117233	
6.74869480242521e-06	1.48471285653355e-05	4.52162551762489e-05	0.000323262481036168	0.00159809092921429	0.00613928766176621	0.0203851075202056	0.0570433428174991	0.126885585327798	0.216958390247326	0.27078732973043	0.216282171028123	0.0835306201780576	
2.69605910300766e-06	1.95464284968055e-05	7.34676105569586e-05	0.00039429864381487	0.00184073435257848	0.00716477706624285	0.0232683380885076	0.0623504108457066	0.134083781384656	0.220735120955322	0.267100597379296	0.205930386405931	0.0770358447797893	
1.34999223754463e-06	1.82248952068526e-05	8.23495264902227e-05	0.000459672356883948	0.00229093682711324	0.00847457627118644	0.0261203248081324	0.0685343809273097	0.141115363586659	0.225834126453773	0.262298766782091	0.194276032912811	0.0704938946601057	
6.75082241894119e-07	3.17288653690236e-05	0.000101262336284118	0.000650104198944036	0.00279754081040923	0.00988792959702316	0.029449787720389	0.0746985251478261	0.147582429229441	0.228798198340513	0.256189660305367	0.185332353113918	0.0644798052522749	
6.75420111309234e-07	4.39023072351002e-05	0.000200599773058843	0.000787539849786567	0.00333387366942238	0.0113936618576755	0.0331719079267304	0.0799379964337818	0.155094018479494	0.231421218998217	0.249807505268277	0.175446452693575	0.0593606473226347	
1.28058923280573e-05	7.0769404970843e-05	0.000246007931565311	0.0010561491198982	0.00407496973765445	0.0129494531209982	0.0370953001027167	0.0861654575208332	0.161678434607722	0.232776748813096	0.24335643785907	0.165615909501433	0.0549015563877139	
1.00971208396496e-05	8.27963908851271e-05	0.000352052946609118	0.00131733769887962	0.00469246862487984	0.0150164381127269	0.040951902701451	0.0916340641853778	0.167585953424001	0.232958079446839	0.236918843381539	0.15770491097032	0.0507750549956515	
1.34304985132438e-06	1.54450732902304e-05	0.000100057213923666	0.000388812931958408	0.00162576184502816	0.00541047632606027	0.017048003287786	0.0451264750044992	0.0986617851281404	0.172227340734433	0.233465713280346	0.230649337742118	0.148791120828823	0.0464883275537421	
2.42015179729884e-05	0.000110923624042864	0.000499492440386955	0.00191797029935933	0.0063918898024215	0.0189175198822193	0.0497018507438605	0.104194929781985	0.17728687538235	0.23373557152557	0.224632439445785	0.139786623283205	0.0427997122708419	
6.07423115419166e-06	2.49718391894546e-05	0.000143756803982536	0.000515634733533603	0.00214555342657503	0.00710617553583155	0.0215149267481469	0.0541348978753014	0.110177104333019	0.181216587510436	0.23266802504473	0.218561635560979	0.132114527603669	0.039670128753453	
6.76233111078051e-07	9.46726355509271e-06	4.32789191089953e-05	0.000184611639324308	0.000649860019746007	0.00243173426743667	0.00833051569537051	0.0245404996010225	0.0587179972680182	0.115716333734565	0.184902419562071	0.231630127537565	0.211660287534319	0.124602713047242	0.036579477677545	
1.35856367214326e-06	6.79281836071632e-06	6.86074654432348e-05	0.000218728751215065	0.000842988758564895	0.00296031024160017	0.00983464242264508	0.0272962613007024	0.0627425460705923	0.121192030937212	0.188835595455061	0.230257522536873	0.204243745342674	0.118162433948332	0.0333364353870514	
1.36011027774132e-06	2.24418195827318e-05	6.3925183053842e-05	0.000300584371380832	0.00100988188122293	0.00330574803005028	0.0111964278063665	0.0299679898046134	0.0679538296965118	0.126469174120638	0.192745987844694	0.227900758193474	0.197558738062482	0.111348828162987	0.0301543249126639	
6.82321859408946e-07	2.79751962357668e-05	9.07488073013898e-05	0.000338431642266837	0.0011667703795893	0.00406254435092086	0.0128358388192011	0.0333116354982041	0.0725703883230166	0.132048384807694	0.194917520933635	0.224956058472254	0.190222464219042	0.105322519896505	0.0281280363322744	
2.05323912159693e-06	1.36882608106462e-06	3.69583041887447e-05	0.000101293129998782	0.000422282846008435	0.00137977668971314	0.00489150000068441	0.014595792502392	0.0364052984519946	0.0766994318002937	0.136755991693963	0.197011715782428	0.221709444763077	0.184313116228391	0.0993644540505617	0.0263095216911025	
2.74129382215171e-06	6.85323455537928e-07	2.74129382215171e-06	4.11194073322757e-05	0.000119931604719137	0.000444089599188577	0.00165025888093533	0.00585883022139374	0.0164237766119664	0.0394506447180408	0.0814548046314159	0.141578231385758	0.198930895409361	0.219667412527027	0.177064279913512	0.0934760633650067	0.0238334938132425	
1.37113930021164e-06	0	3.42784825052909e-06	4.73043058573014e-05	0.000128887094219894	0.000590961038391215	0.00203545629116417	0.00676657244654442	0.0182690600360198	0.0430263512406411	0.0857997272803932	0.146251202317774	0.200655953041221	0.215591087868776	0.171332082397245	0.0876562498928797	0.0218443057613217	
1.37188231170401e-06	6.85941155852004e-07	2.74376462340802e-06	3.97845870394162e-05	0.000223616816807753	0.000728469507514828	0.00260726233339347	0.00781424164746603	0.0204307573270519	0.0466364532452219	0.0912576113745506	0.149375347686423	0.201430736062876	0.212540924964211	0.164747288989067	0.0821215611197578	0.020041142750528	
6.86769320366213e-07	2.06030796109864e-06	3.43384660183106e-06	5.97489308718605e-05	0.00026303264970026	0.00094842843142574	0.00275875235991108	0.00872265713797127	0.0223495339926777	0.0496946280216992	0.095343497977121	0.153698973897958	0.20296643140239	0.209307372537331	0.157709706728897	0.0771901245318809	0.0189809304762814	
6.87173292047962e-07	0	6.18455962843166e-06	7.62762354173238e-05	0.000309915154713631	0.00102526255173556	0.00319329428814688	0.00972487642906276	0.0244214516260925	0.0532889144517354	0.100185055767549	0.157765367428123	0.203898746389763	0.20560224898075	0.149990688801893	0.0728486150365885	0.0176624151255088	
2.06259707097465e-05	9.35044005508509e-05	0.000382267990487302	0.00111930267718224	0.00383849314908383	0.0105866232329559	0.0263098007049957	0.0565949134981165	0.104900249367986	0.161739236852834	0.204902518224764	0.200036164201978	0.144317166926668	0.0687449853108712	0.0164141474908163	
4.12257232022493e-06	2.95451016282786e-05	0.000127112646540269	0.000423937853596463	0.00126494260692235	0.00435412346554423	0.0116689409523967	0.0285866035638264	0.0604066780174825	0.109452233815812	0.165525401229351	0.203659882286818	0.195487569757359	0.139239880115597	0.0647779788676943	0.0149910471471112	
6.88028577955014e-06	2.47690288063805e-05	0.000138981772746913	0.000436210118423479	0.00159141010080995	0.0050226086190716	0.0131647388105912	0.0308353767782099	0.0647187201567604	0.113986382538385	0.167777832820064	0.201970789058694	0.191408174329929	0.134646504677218	0.0606799924041645	0.0135906285003454	
6.87707773711132e-06	3.23222653644232e-05	0.000140980093610782	0.00057698682214364	0.00181692393814481	0.00562820042005191	0.0146406107945363	0.034077295602934	0.0691325116600853	0.117831162239892	0.169851441366723	0.2012514906066	0.188046813643572	0.127978978148773	0.0566444261972648	0.0123429791225674	
1.23655588957831e-05	2.61050687799865e-05	0.000175178751023593	0.000647130915545981	0.00211107569370785	0.00601790532928109	0.0164180273361289	0.0372759772913381	0.0724092780162346	0.121047143006315	0.172397874223031	0.201103832224097	0.183610001264035	0.122101650389927	0.0533147941546629	0.0113316607769968	
1.23641489138095e-05	4.2587624036455e-05	0.000201260868430344	0.000775506895760608	0.00245016217641992	0.00701322002277751	0.0178538310315409	0.0399973348390119	0.0763177091704892	0.125210362255825	0.175278296385135	0.199243451465907	0.178290340439971	0.116557518707644	0.0502176777105992	0.010538376257537	
1.37481328317098e-06	1.64977593980518e-05	5.43051246852537e-05	0.000278399689842123	0.000939684879047364	0.00286373606884515	0.00817738940830099	0.0197024491611233	0.0425580325871993	0.0796917393656474	0.12939192695892	0.177363286848605	0.197964863896922	0.173045685732806	0.111635526000125	0.0469457491804394	0.00936935252481022	
4.81230299634609e-06	2.40615149817304e-05	8.79963976474713e-05	0.000303862560626424	0.000996834192100261	0.00335830001959295	0.0090093186810165	0.0215728668607629	0.0453043953513153	0.0831957816726878	0.133324167041912	0.179113917524001	0.196283527143108	0.167789193629886	0.106661258554728	0.0440222603387174	0.00894744621392062	
4.80685044858215e-06	1.71673230306505e-05	2.47209451641368e-05	0.000118111182450876	0.00037974118543799	0.00119690576169696	0.00370402161709316	0.00978537412747081	0.0230522813655575	0.048282752677244	0.088155577148233	0.13689910077562	0.180655173716142	0.193573240950246	0.16337523304641	0.10155707619888	0.0411425196823359	0.00807619544653924	
2.0584743960093e-06	1.44093207720651e-05	1.92124276960868e-05	0.000131056203212592	0.000448061260198025	0.00145534139797858	0.00420820782357502	0.0107198484962845	0.0252423853601301	0.051780923431614	0.0918525583405952	0.141434344959139	0.181245925936091	0.190452795751309	0.157813625728185	0.0964189407090758	0.0390478869760325	0.00771241740371486	
1.36884575503821e-06	6.15980589767194e-06	3.62744125085125e-05	0.000143728804279012	0.000553698107912955	0.00171790142257295	0.00471225151171903	0.0117741267619611	0.0275391233227362	0.0546942854111842	0.0963154094388759	0.143750705811092	0.181572598445676	0.188104730388718	0.153045852910679	0.0921178439310512	0.0370122203704781	0.00690172029690264	
1.02359313946934e-05	2.32014444946384e-05	0.000186976346809733	0.000652370027555127	0.00191821354336555	0.00526877508656186	0.0132876037411647	0.029815220966463	0.0587583405780981	0.100138799229712	0.146623575670146	0.180814316110128	0.184887534409789	0.148276337392676	0.0885346650052613	0.0344336732117487	0.00637016130463087	
6.82159881904481e-07	9.55023834666274e-06	4.63868719695047e-05	0.000232616519729428	0.000725818114346368	0.00224021305217432	0.00576084020268334	0.0145231838857464	0.0321570168329772	0.0621918342733496	0.103688302049481	0.148234024497726	0.18128194213647	0.182211726055506	0.144747505341312	0.0837951555733827	0.032130412597583	0.00602278959733466	
6.83436839842727e-07	1.84527946757536e-05	7.38111787030146e-05	0.000256288814941023	0.000868648223440107	0.00241594922884404	0.00646257875755283	0.0162534949251397	0.0342408691129605	0.065109660858137	0.106385828800438	0.150911055479352	0.18225346895454	0.17982111724154	0.139697907248053	0.0795124088209826	0.0302680507629547	0.00544972536090591	
1.3699512160372e-06	1.43844877683906e-05	0.000117815804579199	0.000296594438272053	0.000991159704802912	0.00273099774917015	0.00740869617632916	0.0175196211262917	0.0368188088822157	0.0674303688045669	0.110122843525542	0.154235957657548	0.182386400220288	0.176033251455916	0.134277138391102	0.076274088879695	0.0281312632457158	0.00520923949898144	
4.11492152844645e-06	2.94902709538662e-05	0.000120018544579688	0.000345653408389502	0.00103284530364006	0.00309853591092018	0.00849388385496822	0.0187743294735369	0.0385924773747898	0.0706943518587101	0.113929832358097	0.156093375799324	0.182053044081783	0.172705999829917	0.13025029696017	0.0728313677724833	0.0262168508779871	0.0047335313982229	
7.56245557057352e-06	2.74998384384492e-05	0.000125811760855905	0.000411122584654815	0.00121480536301849	0.00364029111328971	0.00923719573147508	0.020356755404062	0.0412586951051663	0.0745905617804495	0.116443253395886	0.15767857363838	0.181236997732638	0.170604185200412	0.126091571712016	0.068376285789321	0.0244514813475471	0.00424735004681847	
1.37704913517872e-05	5.02622934340232e-05	0.000137016388950282	0.000486786869285676	0.00136259011925934	0.00407813101383177	0.0100063275407761	0.0221484582902145	0.0440511133097996	0.0783313744809385	0.119594651816569	0.160422781625483	0.180363830152006	0.166869437151822	0.12104537308048	0.0645946208329632	0.0226400648314733	0.00380340971136362	
4.81876952031903e-06	1.58330998524768e-05	5.98904211811079e-05	0.000152135437712929	0.00049702165623862	0.00171410515794205	0.00459779451803011	0.0107252041609386	0.023945154142111	0.0465617046879055	0.0812348165735382	0.123372202446145	0.162192898097481	0.179107467509447	0.163343895617191	0.116452449414967	0.0611267797608927	0.0212156654066732	0.00368016312223222	
8.27416729125138e-06	1.24112509368771e-05	4.68869479837578e-05	0.000177205082820967	0.000641937479012919	0.00195890910620376	0.00510240316293835	0.0118582607562451	0.0258016116698855	0.0491871664907257	0.0843827160919453	0.12602384201305	0.163194159541115	0.179098488102782	0.159501812387394	0.111988785745265	0.0578646994374256	0.0198593805268852	0.00329105004009524	
8.97385983659292e-06	1.17350474786215e-05	4.07275177199217e-05	0.000212611448436201	0.000727572943674533	0.00212749507818303	0.00555689012958254	0.0129996714186706	0.0272701794495849	0.0518274920408766	0.0876249092259563	0.129589439009507	0.164801484414476	0.177594066759995	0.155075891242341	0.108018350853069	0.0548433992428823	0.0185365429378484	0.00313256737988143	
2.75612497097456e-06	6.8903124274364e-06	4.13418745646184e-06	6.06347493614403e-05	0.000231514497561863	0.000886783209411064	0.00239851775599061	0.00615580512267168	0.0141933545692762	0.0291425764118422	0.0553037146363328	0.0912022423832764	0.132166527826871	0.166059974657431	0.175036673687895	0.151502811591986	0.103304387130826	0.0523484596362053	0.0170755722576729	0.00291666925053383	
6.87127018865072e-07	4.80988913205551e-06	3.43563509432536e-06	1.03069052829761e-05	8.65780043769991e-05	0.00028172207773468	0.00103756179848626	0.00281447226927134	0.00676888826283983	0.0153009444560874	0.031553559833303	0.0581103319854192	0.0944298048215703	0.135071993733402	0.166839250069572	0.172498428196944	0.147605190557501	0.0991510545681922	0.0496030123648507	0.0161749700240838	0.00265299741983804	
1.37734596451406e-06	6.88672982257029e-07	1.37734596451406e-06	2.75469192902812e-06	6.88672982257029e-06	1.51508056096546e-05	0.000115008388036924	0.000396675637780049	0.00123134729227557	0.00303291581385996	0.00743422484346463	0.0166245657916847	0.0338806447080991	0.0608511447122311	0.0972103234834732	0.13766572915318	0.166627871422	0.170876983722525	0.143630325852508	0.0951752948209037	0.0474268422690948	0.015358096177314	0.00243377031929634	
1.37779192310819e-06	1.37779192310819e-06	2.06668788466228e-06	5.51116769243275e-06	4.13337576932457e-06	2.82447344237179e-05	0.000141223672118589	0.000465693670010568	0.00137296965137731	0.00328603373661303	0.00805939385422135	0.0177886715192498	0.0361353487673585	0.0632289380393194	0.100626344208245	0.140148305522603	0.168233216083241	0.168704420920944	0.139976770428176	0.0909335780291789	0.0447555039342848	0.0139880324993559	0.00211284391408641	
6.88885046441185e-07	1.37777009288237e-06	2.06665513932356e-06	3.44442523220593e-06	6.19996541797067e-06	1.65332411145884e-05	3.37553672756181e-05	0.00016257687096012	0.000477397337183741	0.00143150312650478	0.00363042419474505	0.00876812887110341	0.0195856907553693	0.0379389661626554	0.0665400955208005	0.104128419194817	0.143131023869178	0.167339822171214	0.167043601601244	0.135817820216158	0.0872466022467297	0.0418821441684848	0.0128401283806173	0.00197158900291467	
1.37760876048963e-06	1.37760876048963e-06	3.44402190122407e-06	2.06641314073444e-06	1.1020870083917e-05	1.44648919851411e-05	6.06147854615437e-05	0.000170823486300714	0.000583417310067358	0.00157942844390136	0.00419412987131068	0.00981270720096763	0.0209637613127509	0.0405795324533628	0.0699597944883251	0.107228933090231	0.144717111485055	0.167368443529406	0.164130374137875	0.131638093912967	0.0836284286099032	0.0395676788187831	0.0119046061037711	0.00187836954492761	
6.8753708403147e-07	1.37507416806294e-06	8.93798209240911e-06	6.8753708403147e-06	6.8753708403147e-06	1.99385754369126e-05	7.28789309073358e-05	0.000217261718553945	0.000619470912712354	0.00179447178932214	0.00465050083638886	0.0105777580378242	0.0228111053739961	0.0429600671586224	0.07292568342905	0.110514710887218	0.145427844014337	0.167268834562764	0.161300325136287	0.128037281010845	0.0808282346729077	0.037008746159246	0.0111951663392844	0.00174496911927187	
6.87880440876332e-06	4.12728264525799e-06	5.50304352701066e-06	2.88909785168059e-05	7.49789680555202e-05	0.000262082447973883	0.00073328054997417	0.00209872322511369	0.00502083933795635	0.0118480527136539	0.0241920672251797	0.0455473155121855	0.0762804378496582	0.112935522902635	0.147050265487456	0.166234563103056	0.159361949618261	0.124822096920978	0.0765590294282131	0.0349388233529907	0.010329212700199	0.0016653585473616	
1.37738865017978e-06	5.50955460071913e-06	4.13216595053935e-06	2.47929957032361e-05	0.000112945869314742	0.000276166424361047	0.000842961853910028	0.00230712598905114	0.00578503233075509	0.0127780345077179	0.0260705236762779	0.047783678357712	0.0789450304850543	0.115241976194592	0.148608527550872	0.166554524274065	0.156538842704282	0.120830041948371	0.0731372712415712	0.0329478252066255	0.00970370304051658	0.00149997624004578	
6.89684662378667e-07	3.44842331189334e-06	3.65532871060694e-05	0.000137936932475733	0.000304840620771371	0.000975214112603435	0.00259528338453092	0.00634234015523422	0.0139447341886343	0.0279018827011914	0.0500842104972764	0.0820662676611	0.118198847123118	0.150894038227841	0.165758122071427	0.152306512416393	0.116748440278136	0.0702802464657109	0.0310585694008985	0.00905969772500617	0.00130212464257092	
6.90346471086909e-07	4.83242529760836e-06	4.69435600339098e-05	0.000118739593026948	0.000338269770832585	0.00109488950314384	0.0029319014627061	0.00683304937081823	0.0147630592841936	0.0298492007168558	0.0527473028163375	0.0852184394303813	0.121463700201857	0.152176524354043	0.163471973313967	0.150227676266164	0.112883383912718	0.0668041376606091	0.0293770037306323	0.00844776976669051	0.00120051251322013	
1.38017176237583e-06	8.28103057425497e-06	3.58844658217715e-05	0.000140777519762334	0.000409911013425621	0.00122007183794023	0.00316473385112777	0.00735562540758197	0.0158733554390844	0.0316218053336738	0.0557692904882013	0.0882668148051025	0.12397461864129	0.152157726029004	0.162157070447417	0.146946197454273	0.109896866665056	0.0639958042778424	0.0278001097236551	0.00805123197581939	0.00115244342158382	
3.44671176803906e-06	1.51655317793718e-05	5.23900188741936e-05	0.000165442164865875	0.000489433071061546	0.00128700217418578	0.00350461652574211	0.00808253909605158	0.0170791461529871	0.0328575032847163	0.0579254379736644	0.0904810093075005	0.125382412670664	0.153389703155396	0.162136768280325	0.14420008023945	0.106519937848893	0.0615982540336868	0.0261977668065113	0.00758000852027149	0.00105193643160552	
1.10380073085406e-05	2.41456409874325e-05	8.00255529869193e-05	0.000181437245134136	0.000507058460736083	0.00157222616601025	0.00388675832351986	0.00850478463123052	0.0181747689089689	0.0347235013662983	0.06031719093752	0.0934077570976112	0.128225771401489	0.154420342495569	0.160513322529884	0.141440335776182	0.102309909991949	0.0587470343978801	0.0249279597554254	0.00710433745395944	0.000920293859349572	
9.67443454657653e-06	2.55681484445237e-05	8.0159600528777e-05	0.000233568491195919	0.000641967835269257	0.00184436184320091	0.0042705718212745	0.00931302531315799	0.019431792817838	0.0367276086939997	0.0631871871788865	0.0963255806561063	0.129678193755429	0.154573968998966	0.159532807735125	0.138562088793342	0.098668866909495	0.0561061921218315	0.023593181734944	0.00635955865229598	0.000834074464122705	
9.67501620565214e-06	1.93500324113043e-05	7.25626215423911e-05	0.000270209381172142	0.000768472715763228	0.00199443548353658	0.00451408613252284	0.0101290508947317	0.0209187671817922	0.0389516152439555	0.0655364865593293	0.0988835031298677	0.131855267286144	0.155541089102753	0.157858255484007	0.135271239079325	0.0952864703191235	0.0533798286969274	0.0220998102314679	0.00585200265924731	0.000787822748174532	
6.92387956049982e-07	9.00104342864977e-06	3.7388949626699e-05	0.000119783116396647	0.000308805028398292	0.000889718523524227	0.0021304777407658	0.00492703269525167	0.0111599090756136	0.0224880684245474	0.0411229978736766	0.0684439342314528	0.101717329847391	0.133958375020858	0.155523490299991	0.155906380839687	0.131474087034551	0.0914935292883567	0.0512284000922261	0.0208422622530166	0.00545255515389361	0.00076578107939128	
1.38987821192168e-06	7.64433016556924e-06	4.58659809934154e-05	0.000146632151357737	0.000326621379801595	0.000960405844437881	0.00237043729043243	0.00545805173821644	0.011979360308553	0.0238391910908807	0.043017425598082	0.0710269462638336	0.104313834500252	0.135750794836602	0.155365451102347	0.153969318438472	0.128232943588318	0.0890008513004048	0.0489153737903716	0.0193415451971021	0.00515019371427579	0.000779721676888063	
2.78178431991632e-06	2.08633823993724e-06	9.73624511970713e-06	6.050380895818e-05	0.000147434568955565	0.000407531402867741	0.00107515963964766	0.00268511731479923	0.00583131538062459	0.0130674318428069	0.0255499935323515	0.0456087448171881	0.0735469001881877	0.10672593721791	0.137368682393948	0.155727763459316	0.151559259655921	0.125175426273675	0.0855315224844672	0.0460573075387746	0.0183236133152888	0.00488411781969309	0.000651632976940399	
6.96202355391809e-07	4.87341648774266e-06	3.48101177695904e-06	9.74683297548532e-06	7.44936520269235e-05	0.000157341732318549	0.000431645460342921	0.00120791108660479	0.00286765750185886	0.00668632742118293	0.0143724014247085	0.0271873981804055	0.0476808107137188	0.0763768793982584	0.108616618071742	0.138462116845034	0.155372175855145	0.149147430595587	0.12272167779198	0.0825897892177749	0.043571128209841	0.0172289196888811	0.00462556844922318	0.000602911239769306	
1.39107596944084e-06	7.65091783192464e-06	1.46062976791289e-05	6.67716465331605e-05	0.000159973736485697	0.000487572127289016	0.00127561666397725	0.00316469783047792	0.00728715146591586	0.0153067044297423	0.0286457319007106	0.0498526850548362	0.0787432463261684	0.111220001446719	0.139782964327248	0.154159038933434	0.147483265356088	0.120116627809278	0.0791960415542214	0.0419819772197399	0.0162860219122287	0.00427338537812227	0.000486876589304295	
2.7827171006314e-06	5.5654342012628e-06	7.65247202673635e-06	3.6871001583366e-05	6.67852104151536e-05	0.000182963649366514	0.000538455758972176	0.00143866474102643	0.00347839637578925	0.00800239870214074	0.0163213314744783	0.030590409087241	0.0517766257328981	0.0812622961311884	0.113221106352665	0.140396425878156	0.153908604439547	0.145863769301621	0.116443492755196	0.0766666388394957	0.0397413742726673	0.0156513923325013	0.00392293543261511	0.000473061907107338	
1.3903158936742e-06	4.17094768102261e-06	1.73789486709275e-05	4.1014318863389e-05	7.43819003115698e-05	0.000180045908230809	0.000606177729641952	0.00157244727574552	0.00396448577081199	0.00878818676391463	0.0175033819434114	0.0317972196462758	0.0545539101939352	0.0836469654270147	0.115385096647809	0.141881736949452	0.153146771477948	0.143787164881733	0.113301013123192	0.0731278353754757	0.0379257321055917	0.0146441973080704	0.00361899227123395	0.000430302769092165	
3.46997878454971e-06	4.8579702983696e-06	2.98418175471275e-05	4.02517539007767e-05	7.35635502324539e-05	0.000226936612509551	0.000739105481109089	0.0017870390740431	0.00430971365041074	0.00917392991059253	0.0184880469640809	0.0341605531423781	0.0569798276253339	0.0864274555825366	0.117939026920789	0.142621680011048	0.152788717849779	0.140627830201446	0.109835238467352	0.0703198140646568	0.0361245611344332	0.0135808029669707	0.00329856183259296	0.000419173437173605	
3.46019803405389e-06	2.76815842724311e-06	8.30447528172932e-06	2.42213862383772e-05	3.46019803405389e-05	8.58129112445363e-05	0.000253286496092744	0.00078408087451661	0.00196262432491536	0.00459998726647123	0.00980412510968828	0.0196961392494415	0.0361127028022068	0.0594413579477981	0.0888841830195626	0.12062873182358	0.143816902928988	0.151837641971925	0.138016918984307	0.106379636319346	0.0676032730705244	0.034045580496663	0.0125944288043493	0.0029792305073204	0.000399998892736629	
6.90082547674353e-07	6.90082547674353e-07	6.90082547674353e-06	6.90082547674353e-07	8.97107311976659e-06	4.6925613241856e-05	9.17809788406889e-05	0.000263611533211603	0.000872264340260382	0.00219791291434281	0.0051148918433623	0.0106396927200432	0.0210081829988503	0.0383513375870022	0.0613787021203476	0.0918044416473098	0.121672594475751	0.145158173820752	0.150518735051087	0.134949782693006	0.102934783058749	0.0652500652128008	0.0323372681840202	0.0121633949853081	0.00286453265539624	0.00036298342007671	
1.37524152679314e-06	1.37524152679314e-06	2.06286229018971e-06	1.10019322143451e-05	4.67582119109669e-05	0.000101767872982693	0.000369939970707355	0.000941352825089906	0.00246236995372312	0.00546177172365897	0.0114048779816955	0.0226846089844529	0.0402478185231281	0.0641158228413865	0.093537740065599	0.124017905644679	0.145574128956398	0.14842500464144	0.132455012411555	0.100217975781997	0.0624215252803774	0.0310962737830832	0.0113739350473427	0.00270303722091192	0.000324557000323182	
1.3732227065121e-06	0	1.3732227065121e-06	9.61255894558468e-06	4.46297379616431e-05	0.00014418838418377	0.000398234584888508	0.00116174640970923	0.00266267882792696	0.00585061534109479	0.0124125600441628	0.023922226158794	0.0418544548717822	0.0664811442790169	0.0963556042591875	0.126574743138693	0.145190836759524	0.147307659561612	0.129732468752317	0.0970820390709324	0.0600462226763012	0.0295023166267059	0.0104783758620406	0.0025370289502811	0.000247866698525433	
6.87646769607388e-07	0	0	2.75058707842955e-06	7.56411446568127e-06	5.70746818774132e-05	0.000173974632710669	0.000487541559651638	0.00121713478220508	0.00288811643235103	0.00639098907673106	0.0131436803542756	0.0251933146981059	0.0437137051439417	0.0693292349585865	0.0988705401809199	0.127692566882244	0.145349272985453	0.145378841796546	0.127118381829622	0.0945397408259325	0.0580332614742459	0.027527875480923	0.0102129298222089	0.00240332545977782	0.000267494593377274	
4.81890221277105e-06	1.5833535841962e-05	5.43847535441305e-05	0.000231995720814835	0.000547289608450427	0.00144360542002584	0.0031749681436143	0.00697088625807424	0.0137992706935708	0.0267180591114082	0.0454794222549296	0.0711806929994431	0.10166782205584	0.129240203688112	0.144741923691995	0.144193257254341	0.125386458747099	0.0914627639983946	0.0553388961822591	0.0265803761910433	0.00945193248304951	0.00213408526565575	0.000181053040279827	
