# <P(N_1)> as a function of N_tot.
# number_of_species: 2
# species_total_upper_bound: 100
# species_total_lower_bound: 0
# volume: 512
# Bin widths for each species index 
1	1	1	1	1	1	1	1	1	1	1	1	1	1	1	1	1	1	1	1	1	1	1	1	1	1	1	1	1	1	1	1	1	1	1	1	1	1	1	1	1	1	1	1	1	1	1	1	1	1	1	1	1	1	1	1	1	1	1	1	1	1	1	1	1	1	1	1	1	1	1	1	1	1	1	1	1	1	1	1	1	1	1	1	1	1	1	1	1	1	1	1	1	1	1	1	1	1	1	1	1	
# Bin lower bound for each species index 
0	0	0	0	0	0	0	0	2	3	4	5	6	6	7	8	9	9	11	11	12	13	13	14	14	15	16	17	17	18	20	20	22	22	23	23	25	25	26	27	28	29	29	30	31	32	33	34	35	35	36	37	38	39	39	40	40	41	42	43	44	45	45	47	48	49	50	50	50	51	52	53	53	51	52	52	53	54	57	58	61	61	62	63	64	65	66	68	69	69	70	70	70	71	72	72	73	73	74	74	78	
# Bin upper bound for each species index 
0	1	2	3	4	5	6	7	8	9	10	11	12	13	14	15	16	17	18	19	20	21	22	23	24	25	26	27	28	29	30	31	32	33	34	35	36	37	38	39	40	41	42	43	44	45	46	47	48	49	50	51	52	53	54	55	56	57	58	59	60	61	62	63	64	65	66	67	68	69	70	71	72	73	74	75	76	77	78	79	80	81	82	83	84	85	86	87	88	89	90	91	92	93	94	95	96	97	98	99	100	
# Normalized histogram for each species index 
1	
0.0796887994990043	0.920311200500996	
0.00603050491349849	0.146144998071834	0.847824497014667	
0.000552432867758886	0.0172884864337796	0.20152817574021	0.780630904958251	
3.30196466897804e-05	0.001954763084035	0.0321545319465082	0.246098728743602	0.719758956579165	
9.8707263867548e-06	0.000184253559219423	0.00409306120837432	0.0495181440402199	0.284174922432542	0.662019748033258	
1.64460700471015e-05	1.64460700471015e-05	0.000381548825092756	0.00732836881298845	0.0675374312554272	0.314093624187564	0.610626134778833	
2.30059585432627e-05	6.57313101236077e-06	3.94387860741646e-05	0.000910378645211967	0.0127485875984737	0.0856774761806165	0.338854763383716	0.561739776316352	
3.27228343210175e-06	9.16239360988491e-05	0.00190119667405112	0.0182724306848562	0.106761519255752	0.356099699931609	0.516870257234201	
9.76708751961557e-06	0.000253944275510005	0.00296593891012326	0.0252674554132455	0.126727960567012	0.3689126627034	0.47586227104319	
2.91882740973526e-05	0.00051565950905323	0.00490687318992161	0.0336540800342476	0.148305620688649	0.376321174795601	0.436267403508431	
0.000113946015633393	0.000892034522387136	0.00747160302510393	0.0430715939094227	0.165332413083607	0.380254132170867	0.402864277272979	
0.000137947343528299	0.00138604235640338	0.0106449366756004	0.0514215145304535	0.181706211571811	0.383086341899206	0.371617005622996	
6.59037212536206e-06	0.000207596721948905	0.00223084096443506	0.0137376306953172	0.0620088113275316	0.196989518013135	0.383523410649382	0.341295601256125	
1.98360222163449e-05	0.000307458344353346	0.0029853213435599	0.0167911928061359	0.0729767257339328	0.213068632636869	0.376758793969849	0.317092039143084	
5.92261121347723e-05	0.00040800210581732	0.00422150565938405	0.0211897867859963	0.0848348249539352	0.227145301395104	0.373726638589102	0.288414714398526	
8.53802705897806e-05	0.000732300013135426	0.00518849336660975	0.0264843031656377	0.0971857349270984	0.240266649152765	0.365650860370419	0.264406278733745	
6.56428569084184e-06	0.000105028571053469	0.000905871425336173	0.00733887140236117	0.0323684927415411	0.107079910331857	0.248139845542358	0.359174738002947	0.244880677696855	
0.000128548685342483	0.00133822477561662	0.00941701523137115	0.038073483702334	0.119039378747277	0.258333415736337	0.350305055918678	0.223364877203044	
2.64708704614865e-05	0.000175369516807348	0.00201509501388066	0.0116538007206694	0.0464398333658704	0.130805806385436	0.263299130762791	0.341050695025793	0.204533798338291	
3.66422385076616e-05	0.00044636908727515	0.0030979347101932	0.0149566955363091	0.0529447035309793	0.140003331112592	0.269536975349767	0.328184543637575	0.190792804796802	
9.35453695042095e-05	0.000748362956033676	0.00411599625818522	0.0171989843645597	0.0591674462114125	0.150507817720166	0.276115862621943	0.317693438460511	0.174358546037685	
2.01409869083585e-05	0.000117489090298758	0.00103054716347768	0.00521651560926485	0.0204934541792548	0.0655689828801611	0.162044310171198	0.280456529036589	0.303410540449815	0.161641490433031	
3.02249745606464e-05	0.000194783169390832	0.00130639056712127	0.00663606108131526	0.0242505045891586	0.0732048883858856	0.171472997343561	0.280192230838206	0.2936457028482	0.149066216202601	
3.34932075775033e-06	6.02877736395059e-05	0.000291390905924279	0.00160767396372016	0.00829291819618981	0.0281008011575253	0.0805612121861686	0.178073336727312	0.280086948366871	0.283962112483588	0.138959968918303	
6.67104732107417e-06	5.33683785685934e-05	0.000396927315603913	0.00212806409542266	0.00940284119905405	0.032561381974163	0.0878576932185468	0.18749312048245	0.281941808454218	0.271925230901625	0.126232892933026	
6.66777796299383e-06	8.0013335555926e-05	0.000553425570928488	0.00284714119019837	0.0111451908651442	0.0373562260376729	0.0971061843640607	0.196016002667111	0.280530088348058	0.259809968328055	0.114549091515253	
1.33004811449054e-05	0.000176231375169997	0.000688299899248855	0.00352795262368616	0.0138325003907016	0.0415174518938223	0.105871829913447	0.201888003298519	0.280959363704982	0.246803728124865	0.104721338294413	
3.32854023539437e-06	2.32997816477606e-05	0.000232997816477606	0.00106846141556159	0.00475981253661394	0.0160402353943654	0.0460636683176226	0.113872689993077	0.206552564307397	0.278459019012622	0.23565399158545	0.0972699312989295	
6.61741107026698e-06	3.97044664216019e-05	0.000277931264951213	0.00140619985243173	0.00538988131673245	0.0182342762041207	0.0520426293621147	0.120380633484762	0.211581792855181	0.273540612706091	0.227397405313119	0.089702315763004	
6.5470734581642e-05	0.000399371480948016	0.00154838287285583	0.00584653659814063	0.020973549823229	0.0566321854131203	0.128158962943564	0.216194186198769	0.270354851381433	0.215771899960718	0.0840546025926411	
6.50961144129307e-06	7.81153372955168e-05	0.000351519017829826	0.00156556155163098	0.00694250060213906	0.0233792694914041	0.0627852023512716	0.134944245178005	0.221040366100547	0.265084397112336	0.206813610295601	0.077008703350497	
7.81415338531916e-05	0.000335357416119947	0.00226284858449867	0.00904813844075081	0.0261806697380631	0.0695915476907549	0.139915672261383	0.225783450274309	0.263157894736842	0.194103570091328	0.0695427092320966	
9.76549784508014e-06	8.78894806057213e-05	0.000576164372859728	0.00310868348068385	0.0100161456231039	0.0293062590330855	0.0734886264501764	0.146518274501634	0.229651957656801	0.258043515058398	0.185004101509095	0.0641886173357118	
2.61009716086681e-05	0.000264272337537765	0.000805867498417629	0.00341922728073553	0.0113082459494555	0.0333439912300735	0.0784627832771075	0.154547115516375	0.23254986916888	0.249998368689274	0.176148932143999	0.0591252259365355	
2.27398239287919e-05	4.87281941331254e-05	0.000243640970665627	0.00100055225286684	0.00394048663223208	0.0129194685378293	0.0364649319429555	0.0846441217555144	0.161644414124679	0.23466198876003	0.243459052074197	0.166751128869831	0.0541987460611376	
6.77891692275908e-05	0.000367998347235493	0.0013396431061643	0.00459029517341115	0.014529478604447	0.0401666967951863	0.0895494925496475	0.167875035508612	0.234076001342871	0.238114298995429	0.15837163959404	0.0509516308137283	
3.21487587364252e-06	0.000112520655577488	0.000343991718479749	0.00153671066760112	0.00542028072296129	0.0161322471339382	0.0452043696592875	0.097539334006314	0.172532743510773	0.233380699171205	0.230992046397089	0.149154166157645	0.0476476753232558	
3.21522731657128e-06	7.39502282811395e-05	0.000536942961867404	0.00200308661822391	0.00598032280882258	0.0181628191113112	0.0504404861423703	0.104350202559321	0.175715388077937	0.233528390457205	0.22439071442351	0.140682271236576	0.0441322101472574	
3.2322292038373e-06	0.000142218084968841	0.000620588007136762	0.00228841827631681	0.00680384247407752	0.0210870633258346	0.0536032891164378	0.111537765366018	0.180801204975047	0.231537506787681	0.2175710443979	0.133161378739689	0.0408424482196882	
3.24574158703781e-05	0.000168778562525966	0.000753012048192771	0.00253167843788949	0.00839997922725384	0.0237653199002908	0.0586213388034898	0.115788585375987	0.183997844827586	0.230717049231408	0.212518176152887	0.125126583921894	0.0375791960947237	
7.15968705658756e-05	0.000289641885471042	0.000943776930186542	0.00302984938621955	0.00993569299261901	0.0272914252984288	0.0616253791379737	0.120751376612557	0.187453624754293	0.229705541597782	0.205655501894063	0.11958304586105	0.0336635467787917	
1.95131469827796e-05	7.15482056035254e-05	0.000377254175000407	0.000926874481682033	0.00342780948664162	0.0115420264403142	0.0298941411776184	0.0674341837813227	0.124513390897117	0.19255573442607	0.228111940419858	0.19892027253362	0.112714441354863	0.0294908694733076	
4.23051765264847e-05	0.000117152796534881	0.000348204145256451	0.00112596854447413	0.00401573752566785	0.0130234858814609	0.0332030550845941	0.0721335802220046	0.130413842253759	0.195853441851535	0.223651197073783	0.19158061902236	0.106469112339769	0.0280222980822738	
3.91118991434494e-05	8.47424481441404e-05	0.000378081691720011	0.00163618111416763	0.0051595113620067	0.0149081522235115	0.0362632491558348	0.0769233276403791	0.13623652269142	0.196198323403257	0.221634095146213	0.184683128430439	0.099924383661656	0.025931189132107	
3.91175089970271e-05	0.000107573149741824	0.000443331768632973	0.00186786105460804	0.00606647368695561	0.0164978094194962	0.0392153027695196	0.0817751525582851	0.142514864653419	0.196907760913785	0.221825614144891	0.177492437281594	0.0917794554842748	0.0234672456057998	
3.58711638236052e-05	9.45694318985955e-05	0.000557633546712408	0.00208704953155521	0.00641115527974616	0.0182975545649317	0.0426018985628707	0.0867397351403704	0.147195690242717	0.200448063446306	0.216886839522196	0.170551078906777	0.0864331997404232	0.0216596609196714	
3.56991020053159e-05	0.000240157595308489	0.000688019056829725	0.0023496499865317	0.00722095472380254	0.0200466684624397	0.0470871155450117	0.0929637069947522	0.148959371176545	0.200804203406992	0.212380448575444	0.164245077580639	0.0825655321924766	0.0204133956012216	
5.19116463778649e-05	0.000259558231889324	0.00077218573987074	0.00273509486853376	0.00800737145378566	0.0224355646689335	0.0504938095361694	0.096231214472967	0.152260103304176	0.200378955018558	0.209869052872012	0.158693902977133	0.0781984063124562	0.0196128688971371	
6.47002115696918e-06	7.1170232726661e-05	0.000232920761650891	0.000954328120652955	0.00324795062079853	0.00940094074107622	0.0248028261052414	0.0534617848200364	0.100197982647403	0.155231982608583	0.204112992449485	0.205335826448152	0.151210864459527	0.0738520564962247	0.0178799034672843	
1.94690782364909e-05	6.48969274549696e-05	0.000330974330020345	0.00118112407968045	0.00408850642966309	0.0108215626531162	0.0266596577985015	0.0571839276269465	0.103380805435767	0.160503080981631	0.205048331986722	0.199324422985194	0.144720148224582	0.069575995924473	0.0170970955380118	
6.49662824993828e-06	6.17179683744137e-05	0.000496992061120279	0.00150721775398568	0.00455413640320674	0.0116646960227642	0.0289099957122254	0.0595708327378091	0.109104374829464	0.165024102490807	0.203065109208321	0.195067759832647	0.141226953211283	0.064732403882385	0.0150072112573574	
1.62707452001302e-05	0.00018874064432151	0.000419785226163358	0.00168239505369346	0.00539863325740319	0.0128473804100228	0.030247315327042	0.0634819394728279	0.114175073218353	0.168057273023104	0.200611780019525	0.191861373250895	0.136563618613733	0.0606313049137651	0.0138171168239505	
5.20696040432048e-05	0.000165971862887715	0.000608563497254956	0.00178989263898516	0.00587735655637674	0.0142833432591016	0.0335816402576144	0.0676742135049027	0.117918127056343	0.170664635952109	0.200907312850453	0.188342266524777	0.128768130798845	0.0568209554121472	0.0125455202241596	
3.25196906727023e-06	3.25196906727023e-05	0.00013333073175808	0.000569094586772291	0.00216581139880197	0.00572021358932834	0.0165525225524055	0.0360285652962869	0.0723660676539645	0.12029683973646	0.172601510214435	0.200539176471353	0.183999661795217	0.123298407185551	0.0545810488250636	0.0111119783028624	
3.2660526487687e-05	4.57247370827618e-05	0.000209027369521197	0.000738127898621726	0.00238421843360115	0.00683258214122412	0.01724149193285	0.0388398980991574	0.0766085309295186	0.124501926971063	0.173113854595336	0.200725063688027	0.178943758573388	0.119197857469462	0.0506172839506173	0.00996799268404207	
6.55136268343815e-06	4.2583857442348e-05	5.56865828092243e-05	0.000265330188679245	0.000841850104821803	0.00295466457023061	0.00767819706498952	0.0185731132075472	0.0421252620545073	0.0812041404612159	0.127951388888889	0.176709905660377	0.199020571278826	0.173378537735849	0.113466325995807	0.0467013888888889	0.00902450209643606	
2.2893698019041e-05	3.59758111727787e-05	7.52221506339919e-05	0.000245289621632582	0.000928830033915378	0.00321819983581948	0.00817632072108608	0.0208561588953464	0.0444432089115355	0.0834180945248086	0.133712278544353	0.178940414245113	0.197638024470093	0.167768289611821	0.107714849179588	0.0438119969518676	0.00899395279319468	
2.94506472597809e-05	1.30891765599026e-05	7.19904710794644e-05	0.000389403002657103	0.00102422806581238	0.00359625125983324	0.00864540111781568	0.0228111624497703	0.0476969593842851	0.0879690833649655	0.139298289244624	0.180372125289598	0.193713268498279	0.163850312176861	0.101866516577442	0.040726972866137	0.00792549640702103	
3.60133838830285e-05	9.82183196809869e-06	0.000130957759574649	0.000461626102500638	0.00149946634712973	0.00382724052356912	0.00959265588884305	0.0247280989516831	0.052117914366721	0.0916475140943289	0.143438034062113	0.180669325109186	0.190802181756275	0.158632408116762	0.0966206350141762	0.0381840087479783	0.00760209794330839	
2.28327630578941e-05	1.63091164699244e-05	0.00012721110846541	0.000600175486093216	0.00164395894016838	0.00392071159936982	0.0109238462115553	0.0276243814767579	0.0535395675474677	0.0975317783134416	0.144378084461652	0.182401158599634	0.186843761926041	0.154003725002202	0.0920519151795471	0.0377686519210508	0.00660193034702538	
3.24901067624908e-05	9.74703202874725e-06	0.000123462405697465	0.000643304113897318	0.00169598357300202	0.00524390323146602	0.0131584932388088	0.0297316966983554	0.0587616070906409	0.101193686522454	0.147560317883205	0.179481847777352	0.185473023464355	0.147121701441911	0.0881781497534001	0.0353037500081225	0.00628683565854197	
3.26296211700982e-06	3.26296211700982e-06	2.93666590530884e-05	0.000156622181616471	0.000652592423401964	0.00200672170196104	0.00560903187913988	0.0150422553594153	0.032211962019121	0.0616145136554965	0.104953176493621	0.146676673083826	0.180135086631644	0.181939504682351	0.145528110418638	0.0848533298528404	0.0326589878291513	0.00592553920448984	
1.6312096071721e-05	6.52483842868841e-05	0.000221844506575406	0.000809079965157363	0.00218255845439627	0.00661618616669005	0.0165698271896542	0.0339715712789662	0.0657573216843218	0.105676283191037	0.149138231964531	0.181687388466043	0.179266673409	0.1418304129244	0.0802033139654379	0.0305264565886187	0.0054612897648122	
1.62935975937615e-05	0.000162935975937615	0.000218334207756404	0.000827714757763085	0.00260045817596434	0.00753090080783657	0.0172679547298684	0.0360414378774005	0.0670123081836223	0.109776484428209	0.152801358234295	0.181644284694772	0.176176153342306	0.135719150516996	0.0777986697906924	0.0292991471931019	0.00510641348588486	
2.6055067384918e-05	0.000146559754040164	0.000306147041772787	0.00102591827828115	0.00293770884764951	0.00836367663055869	0.0183851069234828	0.0374964988503202	0.0711791872121729	0.113541469896627	0.154581457911296	0.181463773685685	0.172960051067932	0.132506302069424	0.0735762534115854	0.0267292422535028	0.00477459109828623	
1.63081589719337e-05	0.000136988535364243	0.000456628451214142	0.00127203639981083	0.00359431823741418	0.00923041797811445	0.0198437678370489	0.0406758101077969	0.0742706175899803	0.114196252385068	0.156698576297722	0.181819664378088	0.173042613219394	0.127011203705214	0.0690161287692232	0.0246122735204423	0.0041063944291329	
6.54112075563027e-06	3.27056037781513e-05	0.000107928492467899	0.000431713969871598	0.00130495359074824	0.00404895374773514	0.00957947134662053	0.021991247980429	0.0437470156136552	0.0773422118145723	0.118610142661844	0.159086597897684	0.181519371529118	0.168816515021684	0.12228298196613	0.0643417343127572	0.022821970316394	0.00392794301375598	
6.55383153376042e-06	3.27691576688021e-06	2.94922419019219e-05	0.000134353546442089	0.000471875870430751	0.001805580587551	0.0046204512313011	0.0104730227909492	0.0241410384546065	0.0457817901790834	0.080235282552062	0.12246161912408	0.162525191289958	0.180430259040191	0.165054970261989	0.116127340946701	0.0602559271213933	0.0216145363983419	0.00382743761571609	
9.85176379411127e-06	0	1.97035275882225e-05	0.000154344299441077	0.000791425024793606	0.00181272453811647	0.00502439953499675	0.011983028694904	0.025762362321601	0.04816527318941	0.0836743138246517	0.124798859822537	0.163430909580512	0.181013024031736	0.160061606362926	0.112224725299986	0.0576393860380804	0.0199957965807812	0.00343826556414483	
1.64095293418794e-05	0	4.92285880256382e-05	0.000157531481682042	0.000758120255594829	0.00200196257970929	0.005579239976239	0.0132326444612916	0.0271216700962583	0.0516375069330261	0.0860614175864208	0.129123304485381	0.164282362053292	0.17905750227272	0.155690332489884	0.108158489798196	0.0549226947072704	0.0191006921539476	0.0030488905517212	
3.27124510131046e-06	6.54249020262092e-06	0.000111222333444556	0.000232258402193043	0.00092249111856955	0.00224080289439767	0.00614012705515973	0.0139126054158734	0.0289472479014963	0.0553232971533625	0.089668099472021	0.131693785288557	0.165315642439825	0.176441147029382	0.151798857681211	0.103966711809849	0.0531839028571055	0.0171838505171839	0.002908136895065	
6.53945251703527e-06	0	3.92367151022116e-05	0.000120979871565153	0.000192913849252541	0.0010561215815012	0.00256019566041931	0.00687623432166259	0.0146287552806079	0.0305359735282962	0.0577793327142652	0.0935403288036726	0.133584666291738	0.166703723564263	0.174322185746609	0.147964922376699	0.0999391830915916	0.0504845734315123	0.0169535306504139	0.00271060306831112	
6.53697311996653e-06	0	3.26848655998327e-06	9.8054596799498e-06	2.61478924798661e-05	2.94163790398494e-05	9.15176236795314e-05	0.000349728061918209	0.00113416483631419	0.00294490639054492	0.00721028135132308	0.0156135602970401	0.0338419098420667	0.0605617874699299	0.0960608199979082	0.136227251333543	0.167643944148102	0.170268538855768	0.145352865809016	0.0950737370567932	0.0492364815395879	0.0160515374960778	0.00226179269950842	
6.51338500618772e-06	3.25669250309386e-06	6.51338500618772e-06	2.2796847521657e-05	1.30267700123754e-05	2.60535400247509e-05	0.000123754315117567	0.00035497948283723	0.00141991793134892	0.00333485312316811	0.00777698169738813	0.0172474434963851	0.0357617403764737	0.063427343190256	0.0996678173646844	0.138881651794438	0.168859506285417	0.168615254347684	0.140646779131114	0.0920569269849541	0.0457760698234873	0.014088451768384	0.00188236826678825	
3.25185274310038e-06	6.50370548620076e-06	9.75555822930115e-06	1.62592637155019e-05	2.60148219448031e-05	1.62592637155019e-05	4.2274085660305e-05	0.000159340784411919	0.000399977887401347	0.00141130409050557	0.00361931210307072	0.00835726154976798	0.0196281831573539	0.0368044693464101	0.0667767960795663	0.10343818390528	0.143276631861003	0.167733816341861	0.167948438622905	0.136574563357473	0.0878065277691965	0.0413863298614386	0.0125228849136796	0.00203565981718084	
6.49477170877444e-06	6.49477170877444e-06	1.62369292719361e-05	9.74215756316165e-06	3.57212443982594e-05	1.94843151263233e-05	0.000133142820029876	0.00019809053711762	0.000493602649866857	0.00138988114567773	0.00432551795804377	0.0101285964798337	0.0213158407481977	0.0405273754627525	0.0701987400142885	0.10641033967656	0.145817367019549	0.165821263882575	0.165418588036631	0.132905760862506	0.0829317399493408	0.0384912645320517	0.0115509514840553	0.00184776255114633	
3.23931754058055e-06	6.4786350811611e-06	4.21111280275472e-05	3.23931754058055e-05	9.71795262174165e-06	4.21111280275472e-05	9.71795262174165e-05	0.000213794957678316	0.000557162616979855	0.00175247078945408	0.00479095064251863	0.0110914232589478	0.0229926759030407	0.0437178295276751	0.0727907044543856	0.110907753954397	0.145208887391604	0.167349622781472	0.163076962945447	0.128144162587826	0.0791883565970321	0.0357167152024412	0.010556935864752	0.00171035966142653	
3.24990819009363e-05	9.74972457028089e-06	3.24990819009363e-06	4.22488064712172e-05	5.84983474216853e-05	0.000237243297876835	0.000623982372497977	0.00215143922184198	0.00534284906451393	0.012219654794752	0.0242085661080074	0.0460576988700069	0.076639334938788	0.114023028849435	0.147419085410837	0.165501574580518	0.161377441087289	0.123334015814053	0.0751768762532458	0.0341695347106444	0.00956447980344555	0.00180694895369206	
6.54394586847978e-06	0	6.54394586847978e-06	3.27197293423989e-05	0.000111247079764156	0.000245397970067992	0.00088343269224477	0.00241471602546904	0.00637707524883354	0.0126559913096399	0.0259958249625359	0.0485233586147775	0.08058214942446	0.114990216800927	0.1489402079666	0.165869395928357	0.156164724205401	0.119351756722268	0.0731711307284066	0.0326706497483853	0.00942328205061088	0.00158363490017211	
9.86387847701716e-06	5.58953113697639e-05	0.00013809429867824	0.000361675544157296	0.000910764779377918	0.00256132044453212	0.00693430656934307	0.0141349378575656	0.0280627342671138	0.050950220293286	0.0825606628526337	0.117682646149799	0.149674492010258	0.165006247123035	0.150266324718879	0.117123693036102	0.0714835273229434	0.0316005786808706	0.00898599329256263	0.00149602156901427	
3.31156531069106e-06	6.62313062138211e-06	5.9608175592439e-05	0.000122527916495569	0.000301352443272886	0.00107957029128528	0.00300690130210748	0.00718609672419959	0.0145609526711086	0.0299796007576861	0.0525644761765992	0.0854052693627224	0.122001377611169	0.1506629753752	0.162015021260249	0.149295298901885	0.113676102420092	0.0677711840832925	0.0302312797212987	0.00863987389559297	0.00143059621421854	
6.66446739242717e-06	1.66611684810679e-05	2.99901032659222e-05	0.000146618282633398	0.000379874641368348	0.00115961732628233	0.00312896744074455	0.00746753571321464	0.0157614653830902	0.0311497205922046	0.0558882235528942	0.0890372843628269	0.122706173629369	0.152013168987567	0.160666979896634	0.146914851432361	0.111036691225229	0.0647019816793791	0.0285539105428542	0.00803734767526716	0.00119627189694068	
3.34223481873389e-06	3.67645830060728e-05	8.35558704683474e-05	0.000254009846223776	0.000501335222810084	0.00112967536873206	0.00351268879448932	0.00790438534630566	0.0170855043933677	0.0323728864542565	0.0589035464453662	0.0898325874579296	0.126172706642023	0.153796277418859	0.161112429437067	0.144334410647023	0.10706849241814	0.0609723897981624	0.0261730408655051	0.00766708667417555	0.00108288408126978	
1.00552030648259e-05	3.35173435494197e-05	0.000137421108552621	0.000278193951460183	0.000506111887596237	0.00141443189778551	0.00415950233448298	0.0087379714633337	0.0181295311258811	0.0338257031100743	0.0592821255358585	0.0926687514454354	0.129031717462201	0.154649023137022	0.160390544087038	0.141620831699363	0.103146273038984	0.0593826775665068	0.024776020351731	0.00697831092698917	0.000841285323090433	
1.01089066206599e-05	3.70659909424197e-05	0.000111197972827259	0.000303267198619797	0.000680666379124434	0.00181960319171878	0.00471412012076774	0.00971802889799439	0.0192507278412767	0.0358832488678025	0.0616710696571059	0.0963715764502911	0.128645945654518	0.154625835669614	0.159501698296312	0.13986009273237	0.0989661958162605	0.0574219592408885	0.0235840791459996	0.00608893142117749	0.000734580547767953	
3.38009126246409e-06	1.35203650498563e-05	9.80226466114585e-05	0.000260267027209735	0.000959945918539801	0.00215987831671455	0.00502957579854656	0.00984958593882035	0.0201250633767112	0.0373162075376035	0.0663106303870205	0.0976542166638499	0.131177961804969	0.155460537434511	0.15972621260774	0.134378908230522	0.0973331079939158	0.0540172384654386	0.0218962311982424	0.00555348994422849	0.000676018252492817	
6.1070567040215e-05	0.000125533943360442	0.000491957345601732	0.001136591108804	0.00217479074848766	0.00487885974465717	0.0107484197990778	0.0214696971239156	0.0408053172107036	0.0695559830495248	0.101431426235237	0.134212749498712	0.156873322679912	0.155482270875107	0.131451002744783	0.09091711027648	0.0512823122673805	0.0208047065050332	0.00533349618817877	0.000763382088002687	
5.81397337200196e-05	0.000188099138505946	0.000441177979404854	0.00111149490935332	0.00237346912951139	0.00504789688063229	0.0112620084200014	0.0230028146471089	0.04187428821576	0.0722369091549561	0.104849879787551	0.135910177531387	0.157527898522225	0.154296013324259	0.127565415750396	0.0890358722157052	0.0487518767164046	0.0190219528794558	0.00468879852530275	0.000755816538360254	
3.4239305352973e-06	6.8478610705946e-05	0.000150652943553081	0.000482774205476919	0.00128739788127178	0.00245838212434346	0.00514616759455184	0.0122919106217173	0.0246796912984229	0.0450931651498654	0.0748163061267813	0.107473755572447	0.138929405400223	0.156196287089728	0.151296642493717	0.125487054118646	0.0855640240770795	0.0459559956447604	0.0176161226041046	0.00435523964089817	0.00064712287117119	
6.81528532192e-06	8.5191066524e-05	0.00019423563167472	0.00042595533262	0.00137668763502784	0.00256595492370288	0.00592589058740944	0.013800952776888	0.026579612755488	0.0476183985442551	0.0764606860266205	0.109777208322826	0.138834177292832	0.154679715666296	0.149285417333997	0.123462301249242	0.0833066401324891	0.0443061698778019	0.0164043917698614	0.00443675074456992	0.00046684704455152	
1.690079906978e-05	1.0140479441868e-05	4.73222373953841e-05	0.000138586552372196	0.000493503332837577	0.00113911385730317	0.00292045807925799	0.00678060058679574	0.0148456619028948	0.0283426400400211	0.0499587620502697	0.0797075485728965	0.111514852422223	0.139144278741499	0.15301307445816	0.147107935263179	0.121084084855532	0.0800827463122456	0.0429854923540785	0.0162281472668028	0.00384324170846798	0.000594908127256257	
1.35053464290176e-05	2.70106928580352e-05	3.3763366072544e-05	3.71397026797984e-05	0.00016881683036272	0.000449052768764835	0.00141806137504685	0.00335270225100362	0.00738404816006537	0.0161658996755341	0.0303701477822533	0.0520158417713612	0.0816431955000186	0.113330114559101	0.139115197228703	0.153380219394353	0.146468858359303	0.115825227311862	0.0776692473132801	0.0408131569084911	0.0158721583907029	0.00389966878137883	0.000546966530375212	
2.02694485358702e-05	3.71606556490953e-05	2.70259313811602e-05	3.37824142264503e-05	0.000202694485358702	0.000543896869045849	0.00158777346864316	0.0038714646703512	0.00848276421226167	0.0173236220153237	0.0313264327121873	0.0538120076213126	0.0848208856397714	0.115860167831034	0.140707133494588	0.153706606488926	0.144737375511804	0.112488682891234	0.0729902841776685	0.0386605948407497	0.0145872464629812	0.00369241787495102	0.000479710282015594	
1.67732326044805e-05	3.35464652089609e-05	2.68371721671687e-05	4.69650512925453e-05	0.000221406670379142	0.000754795467201621	0.00167396861392715	0.00404570370420069	0.00929237086288218	0.0186048696048897	0.0336638778371923	0.0570625373204425	0.0874455708601985	0.11811039470771	0.143099156641865	0.152230504471744	0.140019591135682	0.108449012727529	0.0707293672465732	0.0374076633545123	0.0133783303253336	0.00325736177179011	0.0004293947546747	
6.66997942311348e-06	2.66799176924539e-05	3.33498971155674e-05	1.66749485577837e-05	0.000113389650192929	0.000270134166636096	0.000800397530773618	0.00186759423847177	0.00443553631637046	0.0102150734864983	0.0196130744936652	0.0363980777119303	0.0600965146022525	0.0900547271811667	0.120823342259989	0.142507445364531	0.150167916731977	0.136797942978346	0.105689158948945	0.0692644013193219	0.0348873273725951	0.0125595712537227	0.00301816568895885	0.000336833960867231	
2.98081349712351e-05	0	6.62402999360781e-06	4.96802249520586e-05	6.29282849392742e-05	0.000208656944798646	0.000947236289085917	0.00212962564294491	0.00497464652519947	0.0110786901643091	0.0210809754546569	0.038137852688197	0.0613385177408083	0.0935644236597103	0.120977971788256	0.14423825311081	0.149110227171109	0.133954446545734	0.103301747750314	0.0675684179497965	0.0318615842692536	0.0122014632482256	0.00288807707721301	0.00028814530472194	
6.63503964436187e-06	6.63503964436187e-06	9.95255946654281e-06	0	6.63503964436187e-06	0.000112795673954152	0.000421325017416979	0.000855920114122682	0.00235875659357065	0.00573599177255084	0.011478618584746	0.0226022625485187	0.0407258733370932	0.0639949573698703	0.093564011544969	0.124436851010185	0.144716849683177	0.147450486016654	0.132853398799058	0.100620376206748	0.0627774275951299	0.0305875327605082	0.0114686660252795	0.00289619480476396	0.000311846863285008	
6.61964512082507e-06	0	3.30982256041254e-06	0	3.30982256041254e-05	0.000178730418262277	0.000400488529809917	0.00103597446140912	0.00296560101412963	0.00597753954410504	0.0121669077320765	0.0238969188861785	0.0418063687605707	0.0665175039966107	0.095266622756354	0.127395070350279	0.143543694622531	0.147776957677299	0.130175321301025	0.0982222943028024	0.0600137026654001	0.0290238340322575	0.0106112911286826	0.00277363130562571	0.00020851882130599	
3.3103923145932e-06	0	0	3.3103923145932e-06	6.62078462918641e-06	3.64143154605252e-05	0.000211865108133965	0.000519731593391133	0.00104277357909686	0.0032640468221889	0.0061374673512558	0.0126258362878585	0.0249206333442576	0.0433992432443169	0.0685085689505063	0.100678961463723	0.128102251397813	0.144346346485522	0.146077681666054	0.128635224560463	0.0952068829677005	0.0574816521505964	0.0262547214470387	0.0101000069518239	0.00223451481235041	0.000201933931190185	
2.32163230650853e-05	9.94985274217942e-06	2.98495582265382e-05	0.000252062936135212	0.00050744248985115	0.00162182599697524	0.00346918198943989	0.00661665207354931	0.0133460691448433	0.0267783703467855	0.0438556342699461	0.072242564143384	0.103773647483351	0.128402849637825	0.143682506832232	0.146491681923108	0.124810952797899	0.0923512165353286	0.0555666109474913	0.0246557350951206	0.00914059805248216	0.0021922842208602	0.000179097349359229	
