# <P(N_2)> as a function of N_tot.
# number_of_species: 2
# species_total_upper_bound: 100
# species_total_lower_bound: 0
# volume: 512
# Bin widths for each species index 
1	1	1	1	1	1	1	1	1	1	1	1	1	1	1	1	1	1	1	1	1	1	1	1	1	1	1	1	1	1	1	1	1	1	1	1	1	1	1	1	1	1	1	1	1	1	1	1	1	1	1	1	1	1	1	1	1	1	1	1	1	1	1	1	1	1	1	1	1	1	1	1	1	1	1	1	1	1	1	1	1	1	1	1	1	1	1	1	1	1	1	1	1	1	1	1	1	1	1	1	1	
# Bin lower bound for each species index 
0	0	0	0	0	0	0	0	0	0	0	0	0	0	0	0	0	0	0	0	0	0	0	0	0	0	0	0	0	0	0	0	0	0	0	0	0	0	0	0	0	0	0	0	0	0	0	0	0	0	0	0	0	0	0	0	0	0	0	0	0	0	0	0	0	0	0	0	0	0	0	0	0	0	0	0	0	0	0	0	0	0	0	0	0	0	0	0	0	0	0	0	0	0	0	0	0	0	0	0	0	
# Bin upper bound for each species index 
0	1	2	3	4	5	6	7	6	5	6	6	6	7	7	6	7	7	7	8	8	8	9	9	9	9	9	9	9	10	10	11	10	10	11	11	11	11	11	12	12	12	13	13	13	13	13	12	13	13	14	14	14	14	15	15	15	15	16	16	16	16	17	16	16	16	16	17	18	18	18	18	19	22	22	23	23	23	21	21	19	20	20	20	20	19	19	19	19	20	19	21	22	22	22	23	23	24	24	25	20	
# Normalized histogram for each species index 
1	
0.921176955864155	0.0788230441358449	
0.846008536816414	0.148129367317144	0.00586209586644229	
0.779092724169855	0.203055112489264	0.0173111886941876	0.000540974646693362	
0.717941880683744	0.247254303951469	0.0329483525823709	0.00181657583787477	3.88869445416618e-05	
0.660322003182461	0.284421410891089	0.0507646746817539	0.00432063295615276	0.00015470297029703	1.65753182461103e-05	
0.611879513944531	0.312366343034918	0.0677084772361812	0.00766438079870916	0.000326026292086402	2.76293467869833e-05	2.76293467869833e-05	
0.562831721127104	0.336663010116456	0.0864884929472903	0.013097098028787	0.000808873228512227	6.09425035180445e-05	1.1080455185099e-05	3.87815931478465e-05	
0.517773365526876	0.35527480928626	0.106480692124499	0.0186121209787864	0.00180951176182645	4.4000286001859e-05	5.50003575023238e-06	
0.476910044813641	0.368701497431413	0.12584435457427	0.0254617991037272	0.00283637556017051	0.00024592851677779	
0.436372243867401	0.376161765666152	0.148172735781294	0.033753781860131	0.00501708638965675	0.000511503384628779	1.08830507367825e-05	
0.403423610352736	0.378819482363219	0.164961231844491	0.044004586655018	0.00769902806596047	0.000971934039532598	0.000120126679043355	
0.371304784005909	0.383618955224703	0.180633567967721	0.0523545202489293	0.0104455481018868	0.00144418659772789	0.000198437853122916	
0.342481738967694	0.383258747956471	0.196723747873904	0.061974668494146	0.0132547297036951	0.00209169322566618	0.000203664866709601	1.10089117140325e-05	
0.318378554218196	0.37669612778369	0.211789225281057	0.0737336590045708	0.016127342599893	0.00305454625652675	0.00021503123466524	5.51362140167283e-06	
0.287836338266478	0.374534427634398	0.226540096904974	0.0859180153158201	0.0207543645692563	0.00410912247162618	0.000307634837447949	
0.264532895636712	0.363983039255916	0.240541649569142	0.0985528655450691	0.0263712214471345	0.00530707153604158	0.000651073724524689	6.01832854602654e-05	
0.244960815476517	0.35964816134159	0.246166493122157	0.10769441552036	0.0328547158437003	0.0077492190497068	0.000822052940209349	0.000104126705759851	
0.223971304520309	0.349971348599387	0.257217949000507	0.119382672514491	0.0383653273973508	0.00960923897472065	0.00137747118330285	0.000104687809931016	
0.204805504627687	0.341162112610722	0.262358905259438	0.13171235448742	0.046298955181021	0.0114808597115151	0.00199354995471715	0.000182235868436748	5.52229904353781e-06	
0.191266458063548	0.326421270848733	0.269937252330112	0.140907145675746	0.052988156307836	0.0148282358956688	0.00315127801830742	0.000477971621824407	2.2231238224391e-05	
0.175005014151049	0.317752323223319	0.274825618969091	0.151126512602233	0.059746395382524	0.0166915517126111	0.00402803467564014	0.000729837541506028	9.47117420274998e-05	
0.160505608571907	0.30486634298789	0.279468720352698	0.16209051844411	0.0662202131815391	0.020308052904738	0.00538534516435069	0.00105474635861376	8.37100284614097e-05	1.67420056922819e-05	
0.148096012562391	0.292804666031069	0.279507599125119	0.173220795244238	0.0734507318714598	0.0245190959564803	0.00690931523750771	0.00134036229039314	0.000117772418821154	3.36492625203298e-05	
0.138956875644635	0.282630390544421	0.278214813369386	0.178468486048003	0.0825188860703036	0.0285562958213698	0.00876425166559808	0.00171159367769632	0.000156106263763834	2.23008948234048e-05	
0.125329588285253	0.272252413280118	0.28228299907299	0.186312441367979	0.088443455139912	0.0325952406063869	0.0100638915564338	0.00232030152817945	0.000383016280967421	1.66528817811922e-05	
0.113985667034179	0.259487320837927	0.280898566703418	0.195468577728776	0.0972932745314223	0.0374862183020948	0.0115104740904079	0.00318081587651599	0.000633958103638368	5.51267916207277e-05	
0.103990573969996	0.24616652653007	0.280319290171262	0.202488162145418	0.106507500995707	0.0419248130282781	0.0141058547594813	0.00360114174447936	0.000696995176350843	0.000199141478957384	
0.0990865931869291	0.235525694772204	0.277209250673256	0.20606346650379	0.113884338821178	0.0464976817790611	0.0155917710097449	0.00476970487798107	0.0010883145006802	0.00028318387517699	
0.0905921809861055	0.227846219084386	0.273494765479147	0.20986546097377	0.121134687718564	0.051579718365706	0.0181680003083989	0.00539698099491692	0.00160808005154668	0.000280863296674248	3.30427407852057e-05	
0.0846912112070611	0.216493101962218	0.270013583324696	0.215342065210869	0.128228767190543	0.0563462493112873	0.0206804754709159	0.00595156917403567	0.00182202026042888	0.00038186053362282	4.9096354322934e-05	
0.0770516898824194	0.207128665573735	0.265175285266049	0.222447805269958	0.134099471267113	0.0616294092739966	0.0232229906521763	0.00712215141085911	0.00167196847145168	0.000369135896294527	7.59985668841673e-05	5.42846906315481e-06	
0.068826130011526	0.194719668396474	0.263502508130455	0.226997981590809	0.140871974415446	0.0678845664749268	0.0252328205239206	0.00914507113133729	0.00237555398027046	0.000340910935665236	0.000102814409168881	
0.0629205703529005	0.185694657809897	0.258952333556916	0.230845792673691	0.146693857238678	0.0735984594413311	0.0277603479239241	0.00985568081009153	0.0029967328039466	0.000573382088841768	0.000108185299781466	
0.0582281088876479	0.173274707639593	0.251085677728562	0.234354584243712	0.15683638118267	0.0781633748448064	0.0328983393603583	0.0109245474309693	0.00322585891882221	0.000731917569816804	0.000260237358157086	1.62648348848179e-05	
0.0534267854167451	0.166644271132874	0.243129498142962	0.23542185123274	0.163999806502588	0.0839026278023531	0.0360603926922477	0.0126902052685045	0.00356895226526345	0.000919112706867546	0.000209622196303124	2.68746405516826e-05	
0.049262002451111	0.158512282197474	0.23804550540843	0.234539350988437	0.169941919326477	0.0896254062982896	0.0397399690946875	0.0144455693504556	0.00420951670485427	0.00126818351361432	0.000341024138114776	6.92705280545639e-05	
0.0461168527158941	0.148197100710756	0.230504641941494	0.234406102202335	0.174451008806153	0.0969101496355983	0.0462654797734499	0.0159349438136641	0.00521787134204925	0.00152342733994724	0.000323794661103768	0.000148627057555828	
0.0431978242350165	0.138726182728278	0.225047753596732	0.232280902265187	0.176685662280214	0.105528834706415	0.0513886904667418	0.0184082839923594	0.00611669338751581	0.00201067775714187	0.000518543211052378	8.99513733458207e-05	
0.0405002629887207	0.133072292677225	0.21676646070311	0.230957225814335	0.180527146280171	0.112075698248336	0.0542341184033663	0.021878536401358	0.00674207447628054	0.00240143235876974	0.000653487124178492	0.000185951620701197	5.31290344860563e-06	
0.036633426406063	0.125456721180694	0.212838718255551	0.230953330674112	0.183762797500332	0.115883526126845	0.0578274165669459	0.0244701502459779	0.00889243451668661	0.00241457253024864	0.000723308070735275	0.000106368833931658	3.72290918760803e-05	
0.0323144290904442	0.119647556441045	0.206948720953771	0.229658317263129	0.187659148296913	0.120627750135842	0.0613633215781118	0.0272323378685049	0.0103879223089954	0.00291927252580999	0.000932249437986767	0.000255702702990656	5.32713964563867e-05	
0.0285753734553314	0.112294154820003	0.20096755864032	0.228082566420086	0.19240185015055	0.125187856130084	0.0674157900047263	0.0292444864557722	0.0111040895549336	0.00333494416092699	0.000924013191084866	0.00038766070660457	6.37250476610252e-05	1.59312619152563e-05	
0.0275059691310651	0.106383772490833	0.191699710070777	0.223154898951138	0.196347104971433	0.131656647053807	0.0725622495096785	0.0329687899718598	0.0124019357039311	0.00369339984650806	0.00111921207469941	0.000373070691566471	0.000122580370086126	1.06591626161849e-05	
0.0252626740917302	0.099896319890548	0.185015552016418	0.221864745556185	0.196719646846308	0.136708103081544	0.0778562801286916	0.0360796092221854	0.0139754374338638	0.00478852464273117	0.00134677255576814	0.000384792158790898	7.48206975426745e-05	2.67216776938123e-05	
0.0223596957237283	0.0915991658670212	0.178362933617811	0.221956567188983	0.197436488493146	0.142724655705716	0.0818586798612637	0.0399376008491431	0.0159911225950327	0.00571456141009215	0.00147956749454543	0.000439581646930166	9.11327804611319e-05	4.82467661264816e-05	
0.0207403995994366	0.0862442900978381	0.172226179064674	0.218558721624531	0.201181340602023	0.145750440459041	0.0857462634614458	0.0434086442429727	0.0177736602815725	0.00614768364062826	0.00172435028944451	0.000417699759554882	6.96166265924803e-05	1.0710250244997e-05	
0.0194550664124495	0.0818731825783156	0.164204382049998	0.214282670984097	0.202549982424933	0.148690391231639	0.0919335768989061	0.0471437853498503	0.0199663410841153	0.00700339784625545	0.00210368224279156	0.000655070673071802	0.000138470223576153	
0.0196210158141122	0.0772257589814134	0.159234140567517	0.211874980005758	0.201280697825693	0.152052208963818	0.0950232999562793	0.0501508898770487	0.0223135736907771	0.0076404662123975	0.00257525832560223	0.000815765059662817	0.000186612922145089	5.33179777557397e-06	
0.0180151036252943	0.0742082263846758	0.150765787743154	0.206821026282854	0.206614199953331	0.155745529369339	0.0986508559428099	0.0526399524829766	0.0235675950870792	0.00888292569101207	0.00293799452705713	0.000880337710273435	0.000196219851085043	7.42453490592054e-05	
0.0170925670660587	0.0700561976460609	0.144618810306436	0.19982504506415	0.20755487222988	0.161971158943908	0.102391050789948	0.0555826529530273	0.0253313540451702	0.0102799278973598	0.00373767362951967	0.00117166790372177	0.000302194889195207	7.42233061181211e-05	1.06033294454459e-05	
0.0151346656922865	0.0643991145849882	0.141237462798801	0.194632436268124	0.204852836823097	0.165295120685455	0.109130577532065	0.0589870682807486	0.0282517289952234	0.0113483514970504	0.00455946366727036	0.00159395884302947	0.000508372255584151	6.35465319480189e-05	5.29554432900158e-06	
0.0134636518562957	0.0592963436841351	0.135470033287499	0.191246502689014	0.202480369931885	0.169580428861907	0.113846431548267	0.0637824579659055	0.0301658004130411	0.0128796606480179	0.00543111823698363	0.00172011955892737	0.000451265933669217	0.000169888351498999	1.59270329530312e-05	
0.0124687352305495	0.055498616650116	0.127804536113132	0.187790410544259	0.201698254483275	0.173070080876847	0.117390911842643	0.0683603188342688	0.0336730196324166	0.0140034304952977	0.00575112446962737	0.00167276473493317	0.000642554072783852	0.000111517648995545	6.37243708545969e-05	
0.0112276719419577	0.0543351436208579	0.122162586448301	0.182761254189826	0.200035003606432	0.173395137680852	0.121245067673639	0.0731893589036446	0.0366158937587509	0.0163456234884806	0.00582332725189868	0.00217446646018075	0.000551571980143409	0.000121982264839408	1.06071534642963e-05	5.30357673214816e-06	
0.00955227066545707	0.050845829553338	0.118368109290784	0.178680826084636	0.199493035914403	0.173984737712791	0.124745183841187	0.0777896365867976	0.0391322909440205	0.0170286568119964	0.00670259885799669	0.00258818506857356	0.000821815465072843	0.000218795026415497	1.60093921767437e-05	3.20187843534874e-05	
0.00905578620446759	0.0475415434859174	0.114651482971707	0.172609581950329	0.198517561928343	0.175165693672156	0.126951770067345	0.0821797923092522	0.0423652838404645	0.018906688581278	0.00766299881533027	0.00307907403652198	0.000981888427591065	0.000282826557947426	3.73544510496601e-05	1.06727002999029e-05	
0.00899498448590981	0.044140774429379	0.108991796659158	0.168338504696731	0.196253240957198	0.178959280826285	0.13232668848557	0.0833138521698474	0.0441354613847919	0.0211406044119522	0.00851681047307349	0.00339503549113784	0.00109980022952353	0.00031346963063714	7.43826242189824e-05	5.31304458707017e-06	
0.00762675756284619	0.0409032807839795	0.103248828291436	0.164758201959949	0.193965700894759	0.17916489135066	0.13924158500213	0.0869461014060503	0.0471026842778014	0.0227737537281636	0.0087079250106519	0.0037920749893481	0.00118768640818066	0.000452705581593524	9.58670643374521e-05	0	3.1955688112484e-05	
0.00748826128435673	0.038597856385275	0.0979549851567205	0.158943009268389	0.191219813779467	0.18165829011816	0.141834597366051	0.0902162268756629	0.0517942513604119	0.024351505913328	0.00968410729799016	0.00394932499053974	0.00165221423355914	0.000495664270067741	0.000127913360017481	0	3.19783400043704e-05	
0.00704786386522487	0.0379373712052007	0.0924879437445561	0.155392917082705	0.186648892099169	0.183101060100699	0.14335259501604	0.0954781075396741	0.0533343247434726	0.0277771876526949	0.0110949416838393	0.00377089927981135	0.00173142699326549	0.000647957341038006	0.000164644898132608	0	3.1866754477279e-05	
0.00663530681679886	0.0356951991914873	0.0885395446295816	0.148357840932541	0.187042632110864	0.180153342258015	0.146140780680357	0.0988840620353566	0.0573684182677299	0.0302610204826736	0.0131912439348322	0.00524898274502749	0.00158739397531073	0.000677288096132579	0.000164030710782109	5.29131325103577e-06	4.7621819259322e-05	
0.00590053684776189	0.0330621604797046	0.0852358884591033	0.145949167061277	0.183336969071397	0.180745840626979	0.146646164651049	0.102990704925272	0.060840972817094	0.0315245093083762	0.0153445881595539	0.00562386604876855	0.00193137500066507	0.000654432851465025	0.00018090013780334	2.12823691533341e-05	5.32059228833354e-06	5.32059228833354e-06	
0.00559209126122675	0.0310730855999659	0.0810613799855276	0.142622270463542	0.180841101604733	0.181671136083089	0.14918273528285	0.104222534371941	0.0646096709658196	0.0330098327161282	0.0163452943429958	0.00643276720725322	0.00227195334780573	0.000712978333971821	0.000239433022602477	8.51317413697697e-05	2.6603669178053e-05	
0.0048604286738732	0.0296831425460147	0.0784945950970758	0.137292502191177	0.176122812143104	0.182417465671563	0.153180526413641	0.108485830389631	0.0661337016281108	0.035329738917957	0.0168601099572389	0.00741016174869193	0.00256566890653635	0.000775543810257364	0.000196541924517277	0.000164670261082043	2.65597195293618e-05	
0.00454405829952653	0.0269412873772628	0.0741084006821384	0.132990498787192	0.174120052113676	0.181460453982142	0.154995816076857	0.112939444332638	0.070480568589859	0.0367337859737949	0.0181338643561525	0.00810304102363122	0.00289696956857927	0.00103274052261967	0.000344246840873222	0.000132402631105085	4.23688419536273e-05	
0.00427621159328476	0.0255728011825573	0.0685566466054271	0.127045718509133	0.17447471227959	0.181321930102418	0.155405976137683	0.113525498891353	0.0744852708267342	0.0405764966740576	0.019908140639848	0.00937071059022278	0.00358462675535846	0.00136733185513673	0.000385386970752824	0.000121423292154999	2.1117094287826e-05	
0.00418833272747388	0.0239604242069827	0.065738384620653	0.122483707649107	0.168839858176205	0.181215196008703	0.158045023259735	0.116941410756903	0.0772128357910154	0.0437114423142777	0.0216792316648491	0.00989921659738796	0.00425682118716842	0.00132762244946342	0.000368784013739839	7.37568027479677e-05	4.74150874808364e-05	1.05366861068525e-05	
0.00396827493646004	0.0221927493117606	0.0619019186160179	0.116168474671204	0.165129906843293	0.179713713533878	0.161980650036195	0.121991429371575	0.0794553265240342	0.0457170635822268	0.0237990816428975	0.0104992840196353	0.00484013294513635	0.00203433535357805	0.000475558913823441	8.98277948333166e-05	2.64199396568578e-05	5.28398793137156e-06	1.05679758627431e-05	
0.0036077784125775	0.0204511310015024	0.0582217143824457	0.112883260331365	0.159562199792632	0.18009268075922	0.162159588649781	0.124960325017457	0.0840474830191075	0.0479379589072981	0.0261643284876955	0.0119977147210055	0.00492498783300535	0.00190968915973677	0.000925749592670179	0.000116379948792823	2.11599906896041e-05	0	1.58699930172031e-05	
0.00325248828575357	0.0192557883714289	0.0548586357530436	0.108812921104683	0.155505960250891	0.177956062320849	0.163708577049596	0.128475931586685	0.0870662026802619	0.0514263351067768	0.0273843647863935	0.0134171752535883	0.00601313687951514	0.00184572099467967	0.000814444221148049	0.000132214970965592	4.75973895476133e-05	0	2.64429941931185e-05	
0.00289784949064116	0.0168979862312705	0.0528555124881009	0.105064136614407	0.151866246627503	0.176164004607107	0.163457644590067	0.131633892742754	0.0905854076711493	0.0548698071431201	0.0294150130692486	0.0142578402343524	0.00644784659805092	0.00238770175816894	0.000815184520960761	0.000241925728801258	0.00013148137434851	5.25925497394039e-06	5.25925497394039e-06	
0.00254804623411428	0.0167759565724294	0.0502592887627468	0.100777074969534	0.148994761470165	0.173662803272894	0.1663668448013	0.133284447422147	0.0934705655818566	0.0572334442938008	0.030344434655539	0.0149137198837289	0.00724320389117785	0.00270630997536361	0.00103926523420396	0.000174090115374267	0.000147712825166045	4.74791223748002e-05	0	1.05509160832889e-05	
0.00217175870284859	0.0155660277900774	0.0479473717502688	0.0948035928901259	0.146562084888355	0.171864128028338	0.167794716089991	0.135771817740949	0.0959263710544627	0.0600449111265735	0.0335990047863032	0.0156450966748898	0.0075326290931326	0.00303624517679803	0.00116494823623674	0.000374259388112257	7.90688848124486e-05	4.21700718999726e-05	4.21700718999726e-05	1.58137769624897e-05	5.27125898749657e-06	0	1.05425179749931e-05	
0.00195450007881049	0.0139914884673987	0.043839646929018	0.0909000157620974	0.140671465349656	0.169805075395366	0.169941680239584	0.139583880628382	0.0998266169284926	0.0631482162559765	0.0357904691850996	0.016686807124468	0.00819629065307624	0.00347291546261756	0.00148689118898755	0.00047286292229286	0.000120842746808175	2.62701623496033e-05	2.10161298796827e-05	3.67782272894446e-05	1.05080649398413e-05	5.25403246992066e-06	1.05080649398413e-05	
0.00219343125062313	0.0126515855149578	0.040562735806978	0.085438869910636	0.134969486117889	0.169670827889111	0.169334991525379	0.144246965665979	0.104287685825082	0.0660023403596598	0.03655368921493	0.0195362309714592	0.00830670255917804	0.00398805681931479	0.00145354176177657	0.000425042897848024	0.000194155397782431	5.77218750163983e-05	2.62372159165447e-05	4.19795454664715e-05	2.62372159165447e-05	1.57423295499268e-05	1.04948863666179e-05	5.24744318330893e-06	
0.00187966955725094	0.0119414301284178	0.0383252512807552	0.0815313251933638	0.130139474640257	0.165858461408857	0.168148815071054	0.146877484507205	0.107341241634944	0.070327020381515	0.0394888562447677	0.0209396241713922	0.0101196775603258	0.00441222153774871	0.00162694087728443	0.000458070732439306	0.000242198318301242	0.000189546509974885	3.15910849958142e-05	5.79169891589927e-05	1.57955424979071e-05	2.63259041631785e-05	1.05303616652714e-05	1.05303616652714e-05	
0.00185211568599516	0.0109438402642563	0.0354012653485513	0.0784959343158517	0.126724815711851	0.162469065446698	0.167761578361379	0.147720736835995	0.111380221937281	0.0724330257027222	0.0433057362819437	0.0222517716462723	0.0113343147963464	0.00484927155393034	0.00187849910032557	0.000617371895331719	0.000216343997509406	0.000142470437384243	6.85968772590799e-05	1.58300485982492e-05	5.27668286608307e-05	6.85968772590799e-05	1.05533657321661e-05	5.27668286608307e-06	
0.00195671948046454	0.00975715524718127	0.0342743214942991	0.0745457237746705	0.123194000803842	0.159789943519557	0.165432699426734	0.149038563239058	0.115166162502909	0.0769889789097371	0.0456920440843611	0.0230892898694815	0.0120787764685973	0.00541535337296131	0.00243267827300996	0.000666342309563599	0.000269709982442409	6.87496033676729e-05	6.87496033676729e-05	5.28843102828253e-06	1.58652930848476e-05	5.28843102828253e-05	
0.00169389505308071	0.00966265920216478	0.0323438074286354	0.0727735667144295	0.119238492966074	0.157020875392179	0.16391897002658	0.149877751913622	0.115776128863865	0.0810459535617073	0.0481907815887457	0.026042304762615	0.012192848353779	0.00618431495794559	0.00264205014568563	0.000900214666574337	0.000266335700169922	0.000154474706098555	5.32671400339844e-05	1.06534280067969e-05	0	1.06534280067969e-05	
0.00134958548445834	0.00854201923694865	0.0325614275615347	0.0713620102397121	0.116814121377006	0.150098541162357	0.165554508258178	0.150285983590754	0.117306827188792	0.0822229600908292	0.0505344786958291	0.0280038988025107	0.0142456245581714	0.00701570232000171	0.00261883849960369	0.000830102182900966	0.000374884856793985	0.000171375934534393	9.10434652213963e-05	1.60664938625993e-05	
0.00125027062134661	0.00811864039835462	0.0303204156743884	0.0676553366529552	0.113384931803421	0.149848452045897	0.163769214115609	0.149723966226456	0.122553583026629	0.084866854297467	0.0521216713574367	0.0298332972504871	0.014261744966443	0.00761528469365664	0.00299307209352674	0.0010554232517861	0.00036263260445984	0.000156960381034856	9.20112578480191e-05	1.08248538644728e-05	5.41242693223641e-06	
0.00118736902006489	0.00781912594319233	0.0289291244658207	0.0646760452404012	0.110545697292033	0.147802820138216	0.16237955317717	0.152760222590653	0.121669758203516	0.087859835738166	0.0549418079745235	0.0311944275732256	0.0156491953796571	0.00756195385128887	0.00327757623511001	0.00107793408734002	0.000426796237627013	0.0001750958923598	2.73587331812188e-05	2.73587331812188e-05	1.09434932724875e-05	
0.00117805082133263	0.0080316642445061	0.0259886819042586	0.0608292596996521	0.108606376888184	0.143479984145858	0.163149028933809	0.153664068348967	0.125374333905844	0.0887942044303519	0.0586272955476285	0.0315046021050777	0.0170597172678029	0.00786101202272427	0.00369929977539966	0.00120557537323292	0.000484432113445193	0.000297265160523187	9.90883868410622e-05	6.05540141806491e-05	5.50491038005901e-06	
0.000833301141788121	0.00733415375785704	0.0251204423670167	0.0594844570022129	0.102341521022919	0.142422754087866	0.160771934859029	0.155689349749182	0.129007157560138	0.0923363887708532	0.0587228970183271	0.0333486013233484	0.0175103610787663	0.00834404851909694	0.00417754281015634	0.00152311996777166	0.0004359654980216	0.000347668688295706	0.000182112170059656	4.96669554708151e-05	1.65556518236051e-05	
0.000853412541839381	0.00611797042980959	0.0244718817192384	0.0571010573448895	0.0986522731806796	0.139045286281116	0.15987076895795	0.154761376986678	0.130089996231685	0.0969177398975905	0.0602431671580254	0.0355939529625607	0.0189247001972824	0.00953716223704919	0.00478243521822978	0.0020393234766032	0.000509830869150799	0.000315873473278213	0.000116374437523552	5.5416398820739e-05	
0.000865887368035435	0.0057947846937756	0.022640734450106	0.0538404324996392	0.0972846660228017	0.133701890520754	0.158629455712081	0.154821771516746	0.132153284266382	0.0982338117916098	0.0662292825346077	0.0373441680265539	0.0200264206658452	0.0098355924112743	0.00501770628656431	0.00233123522163386	0.000932494088653545	0.000199820161854331	9.99100809271655e-05	1.66516801545276e-05	
0.000810092071154018	0.00560360239563779	0.0208780280682936	0.0519017609725574	0.0902498435684276	0.131564539197283	0.15516335925628	0.156090775006704	0.134721104853848	0.10089277733083	0.0701427996781979	0.0410297666934835	0.0211294359524448	0.0108384732278538	0.00487731295253419	0.00229060516671136	0.00113412889961563	0.000480468400822383	0.000100563153660499	0.000100563153660499	
0.000703488175770742	0.00474995216280405	0.0189772970295915	0.0483043121011222	0.0903841608230249	0.128271220017334	0.153253492115305	0.157198653805027	0.136583636302241	0.104510203392501	0.0722285379827336	0.0417534302083451	0.0226692029760364	0.0110475783123037	0.00526209155476515	0.00230181331112187	0.00111995317582702	0.000399581283837781	0.000196976689215808	8.4418581092489e-05	
0.00057959597096393	0.00449608913398233	0.0175341849079962	0.0463789319678127	0.0863823082550222	0.126138090146868	0.150278543694784	0.156597827921895	0.139294355973215	0.107219627482978	0.0740813685217489	0.0446570254909684	0.0245174722863092	0.0124472455123516	0.00508131225029543	0.00238028248269653	0.001232344831467	0.000478307354678971	0.000163187215125767	5.62714534916437e-05	5.62714534916437e-06	
0.000520888759444609	0.00449756638531206	0.0168364689343064	0.0439002806078156	0.0847592429750029	0.124761259318588	0.149668703547084	0.153382136316028	0.138438789969811	0.10958267288746	0.0758873312012367	0.0466279454018965	0.0261564570602831	0.0143048375443176	0.00603782884603536	0.00259324188841779	0.0013722338286444	0.000358461081768333	0.000207235312897318	0.000106418133649974	
0.000662590897448747	0.00390316150513926	0.0157852537333378	0.0424893372977427	0.0801846345727681	0.121738549427054	0.148208777380594	0.151800131404581	0.139210904353055	0.112083653492801	0.0799619149433735	0.0493546698738293	0.0277675697947639	0.0153175425116093	0.00682078865020769	0.00288421920065925	0.00109132618403323	0.000484415193933117	0.000183743694250493	4.45439258789073e-05	1.67039722045903e-05	5.56799073486342e-06	
0.000611579989102757	0.00447565355661563	0.0157454048103546	0.0401085276489753	0.0771369160801059	0.116038963205124	0.1460897799424	0.152561408190724	0.139729348055732	0.115171631584215	0.0819183596312729	0.0517007483515139	0.0294003180215943	0.0160789938953197	0.00765030968186721	0.00339704884856168	0.00140107415685359	0.00042810599237193	0.000244631995641103	4.44785446620187e-05	1.6679454248257e-05	3.3358908496514e-05	1.6679454248257e-05	
0.000567957191618734	0.00422070148281373	0.0147056366967164	0.0385152930826155	0.0730159083695731	0.112305182330963	0.143977148075349	0.152067753952035	0.140803269651597	0.116158382101553	0.0861457422699356	0.0540338881124333	0.0310316218518745	0.0172391712279569	0.00830219777160325	0.00428195176818437	0.0017038715748562	0.000540116152813894	0.000256137557004527	5.56820776096798e-05	2.22728310438719e-05	2.78410388048399e-05	2.22728310438719e-05	
0.000532815318440405	0.00360205355903982	0.0139031497155543	0.0377965866518662	0.0708755376717081	0.107872901345914	0.139103649229915	0.150980990703483	0.142555848480644	0.119084223671431	0.0875593173303733	0.0573497988067157	0.0342389343693631	0.0182822256139864	0.0092743166366033	0.00411266823921188	0.00179270154016928	0.000693769945885944	0.000255307340086027	5.55015956708755e-05	3.33009574025253e-05	1.66504787012627e-05	2.77507978354378e-05	
0.000336687327861704	0.00332271756348764	0.0133791816842094	0.0350596378127467	0.070268301164055	0.105305861119237	0.13617070599469	0.1501128730468	0.140878809120363	0.119965558542199	0.0905578522660161	0.0606644331234097	0.036610607306667	0.0196768905545406	0.0101723728729364	0.00453699972954624	0.00180486485591438	0.000717530370852812	0.000264934290776423	9.93503590411587e-05	5.51946439117548e-06	3.31167863470529e-05	4.41557151294038e-05	1.1038928782351e-05	
0.000339110982273247	0.00301918164862633	0.0130503032855479	0.0324999589785102	0.0677839097308443	0.102947530779791	0.134112923957097	0.148738452450624	0.14323063375467	0.120061696320646	0.0937696561305249	0.0614173745152627	0.0384562792961806	0.0211670887322172	0.0109882897320476	0.0050757256701544	0.00214952606505461	0.000886064179488161	0.000169555491136623	5.46953197214914e-05	2.73476598607457e-05	5.46953197214914e-06	0	4.92257877493423e-05	
0.000383814014694594	0.00322403772343459	0.0123094637569909	0.0311766641079066	0.0634225243996052	0.100060313630881	0.133265708959316	0.146973352341265	0.144028950542823	0.123642943305187	0.093897357166356	0.0635376686040136	0.0405307599517491	0.0225079504331615	0.01155828489966	0.00591621888364952	0.0023193332602259	0.000751178857330848	0.000372847899989034	9.32119749972585e-05	5.48305735277991e-06	0	0	1.09661147055598e-05	1.09661147055598e-05	
0.000214224507283633	0.00309801595148639	0.0113154483334432	0.0301177685496452	0.0596148353217762	0.097664403577	0.129814558477798	0.14919363698284	0.14301408388812	0.126974710522268	0.0949124425988179	0.0658932612660119	0.0408289939138268	0.0240151165601037	0.01229319095643	0.00633335530507767	0.00312548063190737	0.00104365785599719	0.000324083228967548	0.000159295146441676	3.84505525893701e-05	0	0	0	1.09858721683914e-05	
0.000280284461249299	0.00251156860374372	0.0105408940524736	0.0273469701799316	0.0572384836061069	0.0948350718297629	0.128342804383429	0.145093922773387	0.145121401642137	0.12795810022093	0.1001384934985	0.0686367183635784	0.0429274887611427	0.0249123424086877	0.0125523472449686	0.00633113135998417	0.00337440508249156	0.00113762516624716	0.000417678804998956	0.000252805592499368	4.39661899998901e-05	0	0	0	0	5.49577374998626e-06	
0.000293013561552198	0.00264817916950005	0.0101062035946683	0.0266255341968941	0.0561093327583633	0.0922882147734121	0.124519706544154	0.144897970466444	0.143333388618911	0.128931495640732	0.102433118272436	0.0721642645083177	0.0437585347110499	0.02666423410125	0.0126825115132215	0.00676142614676109	0.00335583456343744	0.00161986742518479	0.000552855776513581	0.000204556637310025	4.97570198862223e-05	
