# <P(N_2)> as a function of N_tot.
# number_of_species: 2
# species_total_upper_bound: 100
# species_total_lower_bound: 0
# volume: 512
# Bin widths for each species index 
1	1	1	1	1	1	1	1	1	1	1	1	1	1	1	1	1	1	1	1	1	1	1	1	1	1	1	1	1	1	1	1	1	1	1	1	1	1	1	1	1	1	1	1	1	1	1	1	1	1	1	1	1	1	1	1	1	1	1	1	1	1	1	1	1	1	1	1	1	1	1	1	1	1	1	1	1	1	1	1	1	1	1	1	1	1	1	1	1	1	1	1	1	1	1	1	1	1	1	1	1	
# Bin lower bound for each species index 
0	0	0	0	0	0	0	0	0	0	0	0	0	0	0	0	0	0	0	0	0	0	0	0	0	0	0	0	0	0	0	0	0	0	0	0	0	0	0	0	0	0	0	0	0	0	0	0	0	0	0	0	0	0	0	0	0	0	0	0	0	0	0	0	0	0	0	0	0	0	0	0	0	0	0	0	0	0	0	0	0	0	0	0	0	0	0	0	0	0	0	0	0	0	0	0	0	0	0	0	0	
# Bin upper bound for each species index 
0	1	2	3	4	5	6	7	6	6	6	6	6	7	7	7	8	8	9	9	10	10	10	10	10	11	11	11	12	12	12	12	12	11	11	12	11	12	12	13	13	14	14	14	15	16	16	16	16	16	14	15	15	15	15	15	16	16	17	17	17	16	17	16	17	17	17	17	18	18	18	18	19	22	22	23	23	23	21	21	20	20	20	20	20	20	20	20	20	20	21	22	23	23	23	24	25	24	24	25	22	
# Normalized histogram for each species index 
1	
0.920018721001574	0.0799812789984264	
0.847165573758178	0.146461755714296	0.00637267052752552	
0.780123815791257	0.201794741668938	0.0175905163910603	0.000490926148744599	
0.719714559781975	0.24609506904414	0.0323241921940228	0.00184675517943109	1.94238004309095e-05	
0.661122133116611	0.28455647715457	0.0499859569026305	0.00418305028026437	0.000147900706337919	4.48183958599754e-06	
0.609960196822014	0.313933201700776	0.067866880979991	0.00777109665441379	0.000452207083980676	8.95459572238962e-06	7.46216310199135e-06	
0.562260436552729	0.337464670441109	0.0863649495036737	0.012830325791397	0.00102005259599663	4.46738363210202e-05	4.46738363210202e-06	1.04238951415714e-05	
0.519577980516286	0.353337477133001	0.106522654899061	0.0183318947867662	0.00210037618238217	0.000113414422190342	1.6202060312906e-05	
0.475704045509784	0.369608482009194	0.125126954214293	0.0259030627520738	0.00336979047417766	0.000267117537587254	2.05475028913272e-05	
0.437234979617756	0.376650113104627	0.146654122246641	0.0336065597757222	0.0052733386203284	0.000548696443569131	3.21901913560557e-05	
0.402846417553788	0.380714948973081	0.164893890118659	0.043058593308777	0.00747837388642201	0.000930029235777081	7.77469234955604e-05	
0.370747252909009	0.382891124669723	0.181712065120592	0.0525645649181945	0.0105644324395934	0.00143076889108051	8.97910518064929e-05	
0.341300248987613	0.383175572384045	0.196762129116809	0.0625446858318825	0.0138763789034226	0.00213607489971947	0.00019606484586797	8.84503064066031e-06	
0.314321342726773	0.379282103838287	0.212590507136161	0.0733491009636816	0.0171632186699801	0.00294125052019851	0.000337666222862669	1.48099220553802e-05	
0.288682767817454	0.37405097051415	0.226697288487183	0.0845829011705438	0.0213424210994221	0.00407023262705586	0.000499333234553267	7.40850496369833e-05	
0.26537756465361	0.366842193258773	0.238669805332674	0.0961751576854163	0.0265168944961391	0.00556171222023138	0.000732388281195672	0.00010948834910804	1.47957228524378e-05	
0.245182404097498	0.359446142239537	0.247903951622172	0.106710596500741	0.0323093516911316	0.007261389389059	0.00104323532618786	0.000117879697874334	2.50494357982961e-05	
0.224843836926351	0.350529840317447	0.257413411209506	0.118163023476479	0.0381756552356133	0.00925689545005807	0.00141959722986703	0.000175605062738229	2.0659419145674e-05	1.47567279611957e-06	
0.207242840366583	0.34020577491635	0.263470969036393	0.129149282708888	0.0457239889765545	0.0117699475383136	0.0020816490319078	0.000298010704780564	5.16355181550482e-05	5.90120207486265e-06	
0.191745296603098	0.329099697688878	0.270442183551735	0.139200463140048	0.0514652563737138	0.0143623627822075	0.0030940000029537	0.00048883723197025	9.89489261087818e-05	0	2.95369928682931e-06	
0.174622419850519	0.31906353329661	0.275502443361132	0.150831215359873	0.0582138727384695	0.0167719869273903	0.00415718439734117	0.000717723487427286	0.000110759797442482	7.3839864961655e-06	1.4767972992331e-06	
0.161036932302389	0.304939374941643	0.279645957366082	0.161331869024382	0.0662214456049241	0.0203254382181672	0.00527329073794946	0.00103005538585578	0.000176369195563796	1.33388467233123e-05	5.92837632147213e-06	
0.149265702230617	0.293289173666685	0.28029775159298	0.17075647643813	0.0737203530796623	0.024498830282778	0.006573543931851	0.00130611010463706	0.000252030326660954	3.55807519991935e-05	4.44759399989919e-06	
0.137984245858207	0.284332788844445	0.28083631123834	0.177467341773652	0.0811550075453424	0.028159899059757	0.00809032493102565	0.00162310015090685	0.000309514536076215	3.85042006601989e-05	2.96186158924607e-06	
0.126078620075897	0.272092400985745	0.282811707712254	0.186819879871623	0.0878152335082187	0.032511238936614	0.00928829184425	0.00213617407527316	0.000365145326361571	7.24377368085707e-05	5.91328463743434e-06	2.95664231871717e-06	
0.115709367103572	0.259794896044213	0.281781508134707	0.195091099847797	0.0967919258788586	0.0363379782187874	0.0110841842389136	0.0027632881651471	0.000540836079381733	8.2750875533817e-05	1.32992478536492e-05	8.86616523576611e-06	
0.106510332585867	0.247906871829348	0.280098070002403	0.201699565525711	0.1040335195366	0.0418640377065301	0.0135561285642888	0.00348375549727182	0.000712083751664109	0.000119417772018205	1.32686413353561e-05	2.94858696341246e-06	
0.0987536477343476	0.236927906901263	0.277491893104049	0.207046729358028	0.112249895989779	0.0461716862048515	0.0157239849045024	0.00447612781012012	0.000960434806983586	0.00017851399638251	1.18025782732238e-05	5.90128913661189e-06	1.47532228415297e-06	
0.0895431385570137	0.227716691838905	0.274428335517539	0.212701500343792	0.119241483066037	0.0518670553181987	0.0175804091419303	0.00527588577876247	0.00131199275979807	0.000264455427506891	4.70142982234472e-05	1.46919681948273e-05	7.34598409741363e-06	
0.0833718393392954	0.216252653989905	0.270509566061684	0.2173215612187	0.126607747603367	0.0572062771613567	0.020496405781165	0.00609613438693564	0.00168012914621949	0.000362638840959472	6.14146424205558e-05	1.9009294082553e-05	1.46225339096561e-05	
0.0766930611457484	0.207130893817028	0.266344554640664	0.220415822657161	0.133914713387525	0.0622418646252598	0.0236804952691623	0.00724459760842051	0.00179616914681235	0.00042821607812532	8.47663226323159e-05	1.89993481762087e-05	5.8459532849873e-06	
0.0701951864153062	0.194511039902699	0.263712167282593	0.224663189409178	0.140098002526079	0.068443888291154	0.0265150629180895	0.00891290873368574	0.00235358095148992	0.000488258408569958	9.06347944052019e-05	1.46185152266455e-05	1.46185152266455e-06	
0.0643406712083268	0.185149997373076	0.257482355825642	0.229276486693169	0.146413080915104	0.0741128293141393	0.0293383653526208	0.0100815514030694	0.00300490942949044	0.00065381225080705	0.000115292785298565	3.06474492565804e-05	
0.0587127685992667	0.175843230056824	0.249803526301182	0.231679740567071	0.155003871043137	0.0798632718348744	0.033064551470266	0.0113764845085236	0.00352630118176374	0.000823874841141154	0.000252713382123085	4.96662138276582e-05	
0.0539988290568665	0.165408825182851	0.244360102879879	0.233900260112492	0.161169253713084	0.0853856393436893	0.0370201536207484	0.0130755316577001	0.00418277198940908	0.00111123085930332	0.000308756149636046	6.84506558155386e-05	1.01947785257185e-05	
0.0507380757026786	0.157431946733661	0.237653841406301	0.233467176869513	0.16775992390523	0.0902899297866006	0.0407920245710593	0.0152204061776174	0.00482272387328188	0.00135344132788278	0.000387734801013629	8.27748451602129e-05	
0.0470241746033583	0.148834666080335	0.2316636385729	0.233612130119311	0.171844803443926	0.0975157094418664	0.0448500225660491	0.0169838450233183	0.00556339902560957	0.00164471780866305	0.000354402694039091	0.00010270445419092	5.78616643329129e-06	
0.0435011142436393	0.139843006763654	0.225573882534539	0.234073700809293	0.176347337037343	0.103810727726349	0.0491584890306008	0.0187705526909092	0.00638137975073957	0.00191716514408423	0.00050390745478951	0.000108600744566705	1.01360694928924e-05	
0.0401330341424205	0.132777859484143	0.218392377912488	0.232984487601585	0.181353668996026	0.11024243492088	0.0532748153961974	0.0209584108128101	0.00698225386281	0.00224393184621276	0.000489267423963328	0.000129597621228382	3.20353670452179e-05	5.82461219003962e-06	
0.0371853136880044	0.124966174558295	0.211456914797918	0.231813614136914	0.18452528095229	0.116687169150612	0.0579442615229567	0.0238628435019315	0.0081883166558669	0.00253489688542646	0.000621656766477927	0.000143346736740793	5.99715939425765e-05	1.02390526243423e-05	
0.0338183265457782	0.118633637977803	0.205027735228072	0.229539302955046	0.188830127051871	0.121852892409051	0.0619104336447335	0.0267438974420732	0.0095828627572503	0.00292552683715595	0.000804813607811979	0.000223232971509892	9.25241921389684e-05	1.17491037636785e-05	2.93727594091963e-06	
0.0300232542414737	0.111555682295908	0.198554768001458	0.228426619785802	0.192616263857735	0.126044750450533	0.0677151164328993	0.0296307837943514	0.0108274805749178	0.00324853815782898	0.000959862179666209	0.000286635719808439	6.61467045711783e-05	4.11579495109554e-05	2.93985353649681e-06	
0.0278505999283007	0.105560235515932	0.190506188120638	0.224560399273565	0.195806919423868	0.131970948510764	0.0723056337051566	0.0333416441561392	0.0126727753673113	0.00383428907795601	0.00115220460557278	0.000306861149755618	8.40917573849529e-05	4.57341136655007e-05	1.4752939892097e-06	
0.0256103519239596	0.0991338850806153	0.184128629169566	0.222171061397924	0.197012273662704	0.137673778185748	0.0767555483173682	0.0361562264039205	0.0144663399612099	0.00489910131323749	0.00143760271234621	0.000414550730645663	9.17933760715396e-05	4.44161497120353e-05	0	4.44161497120353e-06	
0.0232011273098517	0.0928534067487453	0.176601504561545	0.220684831844429	0.198408311983891	0.143457883686161	0.0815773447467035	0.0391565327813348	0.0160043029808218	0.00569878245201747	0.00171733979768285	0.000431187127804754	0.000151137756137749	4.29705385097521e-05	5.92697082893132e-06	1.48174270723283e-06	5.92697082893132e-06	
0.0213894143392307	0.087100626831349	0.170750343088164	0.216678906568747	0.200407996736026	0.147116204888543	0.0864537665516858	0.0428381736582471	0.0180853825896666	0.00644189755572864	0.00195838433292534	0.000578613552909759	0.000154296947442602	3.70906123660102e-05	5.93449797856163e-06	0	2.96724898928081e-06	
0.0198587209984945	0.0817043247187721	0.16365981871226	0.212477316739317	0.202036700438283	0.149951029422474	0.0919978063559202	0.0470444510167897	0.020242162849835	0.00756331620725478	0.00243589610212037	0.000701490518731432	0.00028386586669005	3.56690094270219e-05	2.97241745225183e-06	1.48620872612591e-06	2.97241745225183e-06	
0.0193492482736647	0.0770247776384865	0.157448626822739	0.208741405545117	0.202241034818523	0.154357749674684	0.0959735220813097	0.05003617934234	0.0223150610284462	0.0087038862271348	0.00263826315334979	0.000863539858319909	0.000250128786547836	5.06213020394429e-05	0	4.46658547406849e-06	1.4888618246895e-06	
0.0179314195595776	0.0734081874193457	0.150300193495981	0.204799828927575	0.203969711864734	0.157192095622358	0.100508019762429	0.0532730223834606	0.0243911856120962	0.00968667907139749	0.00320463796352534	0.000959312383891274	0.000294030730666366	7.72201918921769e-05	2.97000738046834e-06	0	1.48500369023417e-06	
0.0168399895782931	0.0688785498939219	0.144318308705847	0.199373208769122	0.205207875832806	0.162076897308966	0.104106896936763	0.0566479324077865	0.0264741132244017	0.0106837384151561	0.00380987828935125	0.00112107790225928	0.000361782111884468	8.6351285964194e-05	1.33993374772025e-05	
0.0151306515271025	0.0649239531018133	0.140626230126723	0.195523489942855	0.203200223409581	0.165202769446957	0.109250850040775	0.0597486939303598	0.0283421196875237	0.0116918670891247	0.00443402658633429	0.00134877592642932	0.000420378399977421	0.000129232935682105	2.37669766771687e-05	2.97087208464609e-06	
0.0139979621529987	0.0610197244012156	0.135651792163336	0.192044091059428	0.201380515275695	0.167248802727808	0.113812420188034	0.0638925844023131	0.0304342215913894	0.012998319591956	0.00511834789044273	0.00175011605642493	0.000441978461707312	0.000169079008841052	3.11461332075623e-05	8.89889520216065e-06	
0.0125644803076362	0.0568658082644579	0.128978418290821	0.188130430847884	0.201524235100728	0.169050045768593	0.118226878700617	0.0681781429374684	0.0339444219434072	0.0142231281980526	0.00563317177094043	0.00182332581155802	0.000663162439191565	0.000142424148014296	4.30239613793185e-05	8.90150925089349e-06	
0.0115666925379754	0.0543755774845696	0.122621133163322	0.183981964001922	0.201528624755147	0.170565842480689	0.121215212329527	0.0725564548915253	0.0365613334811694	0.016380234320139	0.00565325054514543	0.00207561813948331	0.000690394352662897	0.000181838341279521	2.80888494659423e-05	1.77403259784899e-05	
0.0103766571676372	0.0508684826922963	0.118478267282629	0.177977001728705	0.199941294818014	0.174472390864412	0.124533161052799	0.0763506616870512	0.0394947224336395	0.0173150786767439	0.00676732097869503	0.00237180735260279	0.000786177437150055	0.00020502563557947	4.42501371754252e-05	1.77000548701701e-05	
0.00931680225396989	0.047379096199376	0.112910910659891	0.172464099481498	0.198585368372141	0.177033993937293	0.128883414587375	0.0803537316625241	0.0424197723903439	0.0188681471865942	0.00780333817661506	0.00274960725164659	0.000893917379022444	0.000259619568825	5.31040027142046e-05	2.21266677975852e-05	2.95022237301137e-06	
0.00910134204229985	0.044645254173784	0.107400261387003	0.167566475199212	0.195866191095731	0.179504426762961	0.133485858255079	0.0835804119057945	0.0449579745162423	0.0209758644799844	0.00852310442794304	0.00304607314705822	0.000918984779959936	0.000311245246503285	7.81800856145692e-05	2.80268231448456e-05	1.03256716849431e-05	
0.00832242089649412	0.0415207788018365	0.101832552891563	0.163573131984757	0.19283564765374	0.180235649715933	0.137455460318255	0.0886683979266124	0.0483922997721277	0.022824055184279	0.00918559587797121	0.00357053951382332	0.00102520441486016	0.000412438557702364	9.72176600298429e-05	1.76759381872442e-05	2.06219278851182e-05	1.03109639425591e-05	
0.00784452400948887	0.0390531759713566	0.0969544269106661	0.158184148875039	0.189490047002313	0.180930911019759	0.141896889596134	0.092037601850624	0.0521990894222694	0.0250408875922733	0.0103257746541131	0.00407107810635194	0.00135849946219924	0.000452342011816883	0.000125241273630081	7.36713374294597e-06	2.35748279774271e-05	4.42028024576758e-06	
0.00699862726003449	0.0373763654069529	0.0927142119651301	0.154455245157278	0.187213279205923	0.180387711044104	0.143480658445871	0.0963924511034717	0.0547292065093687	0.027818516736868	0.0116932219497601	0.00442620642723892	0.00163086201030142	0.00050304466684657	0.000142260445143199	2.49322429632411e-05	1.02662176907463e-05	2.93320505449895e-06	
0.00657536247763047	0.0352112778934298	0.0882363682845769	0.148072020744312	0.185833972462657	0.180003652167561	0.145357729812644	0.100195025747781	0.0589240714363975	0.0302735473503524	0.0133187246630875	0.00529418209707461	0.0018932836638545	0.000610642416274059	0.000157773638654541	2.62956064424236e-05	1.606953727037e-05	
0.00619681252371416	0.0327874376106966	0.0840598351325576	0.144910190167431	0.181834695997269	0.180284760382591	0.147173564954461	0.104090335755901	0.0622200996470893	0.0325369281682486	0.014906044309407	0.00582471077879137	0.002245795177034	0.000669490147361081	0.000208025384956835	3.95541224917925e-05	1.02547724978721e-05	1.46496749969602e-06	
0.00555962603675156	0.0305588933501363	0.0799141291286891	0.140045719644794	0.179647431200727	0.181165557867589	0.149982415521233	0.106324550863105	0.0655593329621054	0.0345842736144896	0.0165103601887401	0.00661469476275607	0.00235925090120454	0.000823539755575745	0.000250578822426072	7.32686615280912e-05	2.63767181501128e-05	
0.00519575063919475	0.028381420935059	0.0770145275536234	0.13417952639412	0.175343374537299	0.182545506849878	0.153961539703461	0.109922415994693	0.0677106113666585	0.0368296527653429	0.0174292482600106	0.00752209661747827	0.00263456847382897	0.00084394254732683	0.000300883864699131	0.000165853057126838	1.76127140311686e-05	1.46772616926405e-06	
0.00468699216285496	0.0266895305213341	0.0730814877780833	0.130793112018671	0.171268605682335	0.181970595631847	0.156232581875297	0.11435702026716	0.0707034311959257	0.038453336706046	0.0186656117135096	0.00854159098897446	0.0030427947238616	0.000997107212555904	0.00032060379400765	0.000150007279765047	4.11784689551111e-05	4.41197881661904e-06	
0.00420390019525991	0.0247451836134707	0.0688692141193366	0.126646723768295	0.171388758503076	0.179954002828105	0.157324747979347	0.11605089411969	0.0745666245344736	0.041106109854666	0.0202984960425658	0.00935982119077643	0.00372568263717119	0.00117420803493784	0.000428188644319438	0.000135372354905114	1.47143864027298e-05	7.35719320136491e-06	
0.00390275093112064	0.0225325302908868	0.0648793668379614	0.121561336099194	0.167542784404319	0.180493022488332	0.159009476215171	0.119327825185045	0.0782966385366084	0.0440204964405261	0.0221804134647117	0.0100655320352647	0.00416057705907312	0.00134806232615153	0.000497972749988214	0.00013259629437556	4.41987647918533e-05	4.41987647918533e-06	
0.00375961483129688	0.0210526626424426	0.061114398232922	0.116044908805732	0.163848676978556	0.17944045481306	0.161958540950734	0.122854415260377	0.0810810810810811	0.0467059842503419	0.0240450091408218	0.0109763637087981	0.00464049789812742	0.00175881510161141	0.000532661284967885	0.000135747474285444	3.68879006210447e-05	1.03286121738925e-05	2.95103204968358e-06	
0.0032514194464159	0.019657854270168	0.0583274189732671	0.112229418026969	0.158927726519991	0.179780281523539	0.163313224509108	0.125335639933759	0.0842485805535841	0.04916607523066	0.025823574639224	0.0119455287437899	0.00513662171753016	0.00196800331204164	0.000678672817601136	0.000170037851904424	2.66146202980837e-05	2.95718003312042e-06	1.03501301159215e-05	
0.00300289205696628	0.0187281747233926	0.0549180485339473	0.108110025255623	0.155615422924539	0.177356834313362	0.165154629729518	0.129536664986899	0.0873365736587846	0.0513742812344369	0.0273555781823341	0.0128893821460925	0.00558904417295594	0.00211473353027497	0.000667966146529901	0.00019359195839694	4.43340362741085e-05	1.47780120913695e-06	1.03446084639586e-05	
0.00294307934229472	0.0168567558924221	0.052920899400331	0.103283368285778	0.151581113005699	0.174965108961728	0.166134397184547	0.132053921575852	0.091055662074952	0.0552626886216161	0.0290299333422741	0.0142850616248687	0.00612785373323056	0.00231378796564983	0.00087246017558261	0.000224010045082022	8.40037669057581e-05	4.42125088977674e-06	1.47375029659225e-06	
0.00260995621532729	0.0164687056211489	0.0496319784590039	0.10006406792972	0.147342952380109	0.172403255949903	0.166183942864397	0.135252714029696	0.0943378121835354	0.0579475233464126	0.0314508581264412	0.0151135360478059	0.0070430436104788	0.00269262451174037	0.00106583053589723	0.000256862206712075	0.000113668907567987	1.77146349456604e-05	0	2.95243915761006e-06	
0.00229332977548494	0.0159243364242141	0.0480457776492999	0.0954274235989119	0.144171428994982	0.169675272212463	0.166834923246833	0.137331465462928	0.0974583620555469	0.0603381438408456	0.0337120959433116	0.0164609785565513	0.00763751454641139	0.00300489945372203	0.00116223047445391	0.000363197023266846	0.000118594946372848	1.92716787855877e-05	1.18594946372848e-05	4.44731048898179e-06	1.4824368296606e-06	0	2.96487365932119e-06	
0.00207018474583555	0.0141341604193124	0.0453855033720153	0.0916334602315584	0.140575472830492	0.167843525449046	0.168483697109892	0.139852315954352	0.100357280989421	0.0632139877507895	0.0354746976596687	0.0173913301196321	0.00815033364502185	0.00340832134246368	0.00136777417351912	0.000431226743763883	0.000170416067123184	2.96375768909885e-05	8.89127306729656e-06	1.0373151911846e-05	2.96375768909885e-06	1.48187884454943e-06	2.96375768909885e-06	
0.0019865731983235	0.0125811357145506	0.0417877675160417	0.0880649827528653	0.135477170728089	0.167416638848707	0.166827639924335	0.143614851081191	0.104307703720188	0.0667007900300434	0.0373502466525722	0.0193880048959608	0.00867178517117318	0.00369274136715997	0.00140944326990839	0.000421349356477875	0.00018248581284077	5.4894106301695e-05	3.41233633767293e-05	1.33526204517637e-05	7.41812247320203e-06	4.45087348392122e-06	2.96724898928081e-06	1.48362449464041e-06	
0.00188442304185317	0.0118210109462591	0.0383378528845313	0.0842133979364752	0.132518973960565	0.164024866674475	0.166850759922132	0.145162844692999	0.106930258555888	0.0701402716475136	0.0404565315051514	0.0209510479971889	0.00992769212293377	0.00426404458565674	0.00158344910204499	0.000593052098144192	0.000183846150424699	9.04404449669892e-05	2.37220839257677e-05	2.37220839257677e-05	4.44789073608144e-06	7.4131512268024e-06	2.96526049072096e-06	2.96526049072096e-06	
0.00172509113270637	0.0109122731290818	0.0361840451982746	0.0802958228256017	0.128138645884763	0.161984135665779	0.167200799425265	0.145544771066955	0.111047383094403	0.0731278991730797	0.04317162513341	0.0225533122636684	0.0106210623723181	0.00472441410465257	0.00175465567654024	0.000623811874894676	0.000220255851562338	8.1302495543145e-05	3.54774526006451e-05	1.47822719169355e-05	1.47822719169355e-05	1.92169534920161e-05	2.95645438338709e-06	1.47822719169355e-06	
0.00173909702890713	0.0102794375786805	0.0343578786857923	0.0757548892710864	0.124220583107265	0.159626057199596	0.165991418287558	0.146675177455865	0.113688481474258	0.0767256511640277	0.0461074959957919	0.0243296275938699	0.0120732046076467	0.00525423027595052	0.00212917486716668	0.000651607298001738	0.00024823135161971	7.2400810889082e-05	4.28494595057832e-05	8.86540541498963e-06	8.86540541498963e-06	1.47756756916494e-05	
0.0015086618509904	0.00970932720195786	0.0327256737529851	0.0731812037611429	0.120050397300695	0.156127994930659	0.165640411410162	0.148238241246726	0.115025472548721	0.0801767162694153	0.0485288696288159	0.0263756730867458	0.0130494068249553	0.00609090761037734	0.00238069505043431	0.000790603953315873	0.000241326674888553	0.00010511775409256	2.96106349556507e-05	8.8831904866952e-06	1.18442539822603e-05	2.96106349556507e-06	
0.00125961214628118	0.00885734336077577	0.0308211810681333	0.070612462296945	0.116842750257041	0.150714299490962	0.165859318088416	0.150430923849102	0.117771510214134	0.0825617158024204	0.0507821019351144	0.0284087790070577	0.0142503824087523	0.00671644780472896	0.00266462121875264	0.000943596378132896	0.000298212062900491	0.000137978715670376	5.78620420553191e-05	7.4182105199127e-06	1.48364210398254e-06	
0.00121280664290657	0.00842565792900245	0.0294034925855103	0.0668308543962381	0.11316602058051	0.149349325515815	0.162864307026094	0.151889522987522	0.121596142828444	0.0849292033422868	0.0530361088996198	0.0306817759060707	0.014885527422079	0.00701195693420338	0.00304168929828347	0.00114435375263209	0.00034970498292398	0.00011756039851487	5.80361461022775e-05	4.46431893094443e-06	1.48810631031481e-06	
0.0011876023859469	0.00788502337905702	0.0280682960889687	0.0646750952618246	0.109663741424944	0.146868817679162	0.161657152917235	0.151743060135052	0.123853799581654	0.0878885444112566	0.0558217880278937	0.0321130072300517	0.0160326322102832	0.00740759528420399	0.00320921197509019	0.00128159604212109	0.000419241545792814	0.000174559647180638	3.87910327068084e-05	7.45981398207854e-06	2.98392559283142e-06	
0.0010683138123264	0.00755738638146423	0.0264897001101185	0.0612973065044623	0.106719320343235	0.143754697218948	0.161847301349661	0.15333665033566	0.125251203160416	0.0902747583593688	0.0582238498443848	0.0331954237321057	0.0170631380933811	0.00822526928231724	0.00355606555711445	0.00131634191420917	0.000525939107606843	0.000212168617273215	6.27540980667255e-05	2.09180326889085e-05	1.49414519206489e-06	
0.000948060065736152	0.00705512206647187	0.0249576064623602	0.0592612309229081	0.102948257453636	0.142105829821723	0.160120466433589	0.153760688106183	0.127672587306762	0.0929876453118878	0.0601973280856065	0.0343694204272551	0.0182987555590115	0.0086566557106413	0.00416309025711269	0.00155816812065784	0.000553284265492707	0.000237762697873893	9.86939500608613e-05	3.73840719927505e-05	1.19629030376802e-05	
0.000799888763132753	0.00629146152385537	0.0234629053454996	0.0564452345318707	0.0986958075362978	0.140029872481285	0.159399141502565	0.154656623452739	0.128626598469297	0.0960315051514331	0.062507942820662	0.0361101185180977	0.0196727782155155	0.00968837230859858	0.0045421720792473	0.00196907196457166	0.000641406129689628	0.000267626333833202	9.56876277392452e-05	4.63486946861969e-05	1.94365493845342e-05	
0.0007473741010958	0.00591770813247654	0.0217201861260461	0.0534357534801475	0.0955921370265572	0.135270228053733	0.158836428209486	0.155959037920267	0.131563252512298	0.0989074885390182	0.0652308115436414	0.0378649614579176	0.0205572720247411	0.0102360356886081	0.00479216273622627	0.00213300568452741	0.000840048489631679	0.000267559928192296	8.9684892131496e-05	2.84002158416404e-05	1.04632374153412e-05	
0.00078705334722545	0.00550787428134534	0.0207107466512754	0.0513068833437024	0.0913566550982318	0.132016580590515	0.155673155484263	0.155380821383865	0.13468656537415	0.101639319686078	0.0686055663411014	0.0405115097182349	0.0220614801100376	0.0111536702921092	0.00492770352824772	0.00217376638757505	0.000963952956697074	0.000358296666641681	0.00011843278939202	5.54685216139841e-05	4.49744769843114e-06	
0.000757234753311585	0.00514859414776465	0.0191642115500129	0.0486918506185087	0.089174553901415	0.128276771560491	0.15436147647228	0.155403238796915	0.1363007501592	0.104885293236524	0.0711514635104681	0.0422666459920001	0.0231626519173997	0.0118342393554321	0.00541806735023537	0.00245386212305742	0.00100111552873202	0.000347755920506911	0.000140005630333951	5.41957278712069e-05	6.02174754124521e-06	
0.000649617840827049	0.00481561253234901	0.0179285480664449	0.0459028105391828	0.0857555839250483	0.125897746233046	0.151440840313083	0.155597791600788	0.13826610818624	0.106570485042964	0.0737806100378768	0.0456179433189593	0.0251225758025644	0.0126728232150205	0.00570488057431643	0.00258641349155271	0.00107616505417753	0.000440112319075402	0.000111535313738287	5.12459549608345e-05	1.05506377860542e-05	
0.000651682986397626	0.00446825232803187	0.0169166041885717	0.0439478713951899	0.0833686579705204	0.123045893869202	0.149069466087594	0.155335880729945	0.138882393848837	0.108736021626221	0.0762740628662888	0.0474295480910365	0.0269136022229631	0.0138889936475994	0.00648665935534674	0.00281189140427124	0.00119475214172898	0.000396742188478184	0.000116156458223651	5.58154409646115e-05	4.52557629442796e-06	4.52557629442796e-06	
0.000554707042524533	0.00410693669424668	0.0163089883586685	0.0421246632672696	0.0800236314219742	0.121327508658842	0.147932400904368	0.154461107369636	0.139383298056571	0.11040323744468	0.0787668967673658	0.0495853978256687	0.0279758755050991	0.0149725803348085	0.00698720415624399	0.0031283071964595	0.00129130989032134	0.000485556571098711	0.000109738791610545	5.11112180103906e-05	6.01308447181066e-06	1.20261689436213e-05	1.50327111795266e-06	
0.000481353909088592	0.00394230351088445	0.0157962058515241	0.0401233225715995	0.0779673369132468	0.117562819684226	0.146580512814361	0.154036249998126	0.140058992095899	0.112302416216678	0.0808419644637852	0.0516098364146482	0.0299474109607734	0.0157197290622296	0.00749172626107976	0.00334848373518637	0.00143356491304889	0.000527839800620512	0.000136458584819507	4.34868017556672e-05	2.09936284337704e-05	1.34959039931381e-05	7.49772444063227e-06	5.99817955250581e-06	
0.000405765159296514	0.00358600574359834	0.0146809128667982	0.0383171077179228	0.0740079715634985	0.114223640986174	0.144567687917182	0.153623288225024	0.141499743963682	0.114725232603755	0.0836714709660804	0.0539562851675615	0.0313277654168301	0.0168983970030275	0.00845967952038858	0.00371028068168547	0.00150477485274168	0.000585439768579103	0.000152723417890201	3.74322102672061e-05	2.39566145710119e-05	2.24593261603237e-05	8.98373046412946e-06	2.99457682137649e-06	
0.000349818987281475	0.00320047158576668	0.0133407564426237	0.0369617253370171	0.0709477563949888	0.110142368884866	0.14073143428762	0.153167127137617	0.143190587338637	0.117560020006669	0.0866226242080694	0.056578383270614	0.033677892630877	0.0180179107321488	0.00877673510217692	0.00405790025246511	0.00162703043871767	0.000732386986138237	0.000212868575239366	4.01919687514886e-05	1.78630972228838e-05	2.8283237269566e-05	1.04201400466822e-05	7.44295717620159e-06	
0.000339662829020555	0.00293682271380218	0.0122456607702782	0.0342881468055378	0.0687883974737392	0.106818768373683	0.137860094512295	0.151265651930145	0.144570289440194	0.120391932340351	0.0893446732265596	0.0593371680129576	0.0358663182032578	0.0190567162762275	0.00948534406806309	0.00434293783131958	0.00189855205740747	0.000757937579168138	0.000271433614457474	6.97124583579305e-05	1.03827065639471e-05	2.22486569227438e-05	1.7798925538195e-05	5.93297517939834e-06	7.41621897424792e-06	
0.00033193478145414	0.00290332288845221	0.0118817899103629	0.0320604740913839	0.0668103575453939	0.10303403142906	0.134976484264816	0.150571517930379	0.14537268161996	0.12156926962546	0.0921760759112716	0.0610243654882244	0.0380013690465653	0.0206743734546592	0.0103902962923623	0.00480198983836989	0.00213618472686931	0.000882208885820336	0.000269973622249367	6.19611592047728e-05	4.27827051652003e-05	7.37632847675866e-06	1.47526569535173e-06	1.47526569535173e-05	1.47526569535173e-06	1.47526569535173e-06	
0.000313873657748038	0.00266866288348214	0.0110931497442593	0.0307522505330695	0.0628970391251619	0.101092368744078	0.132880549706241	0.148506447672251	0.145532752642507	0.124678574217858	0.0928034517260841	0.0638460280246442	0.0401846697032347	0.0225090146577525	0.0111182006934692	0.00534322010795486	0.00231942317979066	0.000926885120767679	0.000391973675873136	0.000110518893573253	1.91566082193638e-05	1.47358524764337e-06	4.42075574293011e-06	2.94717049528674e-06	2.94717049528674e-06	
0.000250413919478668	0.00267206382314296	0.010347986966692	0.0288727249158904	0.060052203937096	0.0982550568881504	0.130252063705301	0.147311143714021	0.144454952008909	0.127755289625793	0.09522799450857	0.0664333398146348	0.041876572452112	0.0237583888663025	0.0122422946163953	0.00583464432385296	0.00265880661564115	0.00109592915348311	0.000431595755336763	0.000153194397798714	5.00827838957335e-05	8.83813833454121e-06	1.47302305575687e-06	0	2.94604611151374e-06	
0.000268503902158358	0.00237965271528259	0.0100792234040984	0.0269610374282637	0.0575955623091336	0.0945384535945591	0.127697210214951	0.145933346119233	0.145180945074724	0.128182582653468	0.0990705634156057	0.0689110839000929	0.0441688919050499	0.0253175574996681	0.0129708038888807	0.00599412832126049	0.00287387693079386	0.00110794742044465	0.000495699511676969	0.000203590870867327	5.31106619653896e-05	1.32776654913474e-05	1.47529616570527e-06	0	0	1.47529616570527e-06	
0.000167093272055942	0.00223283929915463	0.00908070605040302	0.0264110878954972	0.0544620557795788	0.091855459883567	0.125670406302817	0.144390767579173	0.145564856588133	0.129281395421053	0.102448877591609	0.0709983749070266	0.0448268366581937	0.0271652256720329	0.0135389911410992	0.00641756460816628	0.00314815554165576	0.00147130801500586	0.000516066831394016	0.000276517184729745	4.58397472011877e-05	1.92231197940465e-05	1.03509106583327e-05	
