# <P(N_2)> as a function of N_tot.
# number_of_species: 2
# species_total_upper_bound: 100
# species_total_lower_bound: 0
# volume: 512
# Bin widths for each species index 
1	1	1	1	1	1	1	1	1	1	1	1	1	1	1	1	1	1	1	1	1	1	1	1	1	1	1	1	1	1	1	1	1	1	1	1	1	1	1	1	1	1	1	1	1	1	1	1	1	1	1	1	1	1	1	1	1	1	1	1	1	1	1	1	1	1	1	1	1	1	1	1	1	1	1	1	1	1	1	1	1	1	1	1	1	1	1	1	1	1	1	1	1	1	1	1	1	1	1	1	1	
# Bin lower bound for each species index 
0	0	0	0	0	0	0	0	0	0	0	0	0	0	0	0	0	0	0	0	0	0	0	0	0	0	0	0	0	0	0	0	0	0	0	0	0	0	0	0	0	0	0	0	0	0	0	0	0	0	0	0	0	0	0	0	0	0	0	0	0	0	0	0	0	0	0	0	0	0	0	0	0	0	0	0	0	0	0	0	0	0	0	0	0	0	0	0	0	0	0	0	0	0	0	0	0	0	0	0	0	
# Bin upper bound for each species index 
0	1	2	3	4	5	6	7	6	5	6	6	6	7	6	6	7	7	7	8	7	8	9	9	9	9	9	9	9	10	10	11	10	10	11	11	11	11	11	12	12	12	13	13	13	13	13	12	13	13	14	14	13	14	15	15	15	15	16	16	16	16	17	15	16	16	16	16	17	16	16	17	17	18	19	19	19	19	19	19	19	20	20	20	20	19	19	19	19	20	19	21	22	22	22	23	23	24	24	25	20	
# Normalized histogram for each species index 
1	
0.919692656415931	0.0803073435840688	
0.845358879193364	0.149258157570747	0.00538296323588882	
0.780661203019667	0.200990996651796	0.017800238772744	0.000547561555792932	
0.720646797264237	0.245111519848569	0.0325452240218575	0.00165181521098591	4.46436543509706e-05	
0.659644269475625	0.285728219042046	0.0504867798052881	0.00401659839336064	9.75332943200156e-05	2.65999893600043e-05	
0.61000106659082	0.313319941693035	0.0688839904717887	0.00749280051196359	0.000213318164041668	4.44412841753475e-05	4.44412841753475e-05	
0.56047614785644	0.338709388704914	0.087210238968943	0.0126286583728632	0.000796563143291864	9.84516244518035e-05	1.79002953548734e-05	6.26510337420567e-05	
0.516166507041254	0.35546805718137	0.1074988471498	0.0189067432868646	0.00188890071299351	6.20765492533078e-05	8.86807846475826e-06	
0.476118532654792	0.367896522476675	0.127571034775233	0.0253127650551315	0.00290677127509189	0.000194373763076053	
0.435775862068966	0.375211118930331	0.148768472906404	0.0347026741731175	0.00513722730471499	0.000395847994370162	8.79662209711471e-06	
0.403823778294902	0.377529793385516	0.165511952612651	0.0442052746632819	0.00791552076722375	0.00088146110993583	0.000132219166490374	
0.371832089618693	0.384681828705765	0.180101159415128	0.0519332490338207	0.00971522199861084	0.00152273415376943	0.000213717074213254	
0.342282480209192	0.385070029014579	0.195821542429344	0.0617186660457786	0.0126983558405273	0.00214922806891858	0.000250743274707168	8.95511695382742e-06	
0.315752562488761	0.377647905053048	0.213441827009531	0.0736558172990469	0.0162650602409639	0.00302103938140622	0.000215788527243302	
0.285501672090876	0.376287689286963	0.226436070541614	0.0867514815711378	0.0206119942261312	0.00409729506800434	0.000313797215273855	
0.260745471248785	0.365091823719864	0.240400652889392	0.100939197445526	0.027043178108583	0.00508397477634971	0.00068678255750689	8.91925399359598e-06	
0.244163857828188	0.358247284789471	0.246321759135413	0.10900968380504	0.0337684803737984	0.0076239901556899	0.000802525279546306	6.24186328536016e-05	
0.222847515950964	0.347793748655818	0.258566922360026	0.120949530432289	0.0394383109900351	0.00889848734676321	0.00139794967381174	0.000107534590293211	
0.203916139240506	0.337501798043728	0.263746044303797	0.134331846950518	0.046875	0.0115344505178366	0.00197784810126582	0.000107882623705409	8.99021864211738e-06	
0.192000939365747	0.325110872255291	0.268468924155248	0.141699710061149	0.0536251388725805	0.015427275929656	0.00326068302728677	0.000406456333041287	
0.175105830199306	0.316491342817173	0.274331861703094	0.152241056666848	0.0598190439853927	0.0170055049871914	0.00415145073672353	0.000799404080594466	5.45048236768954e-05	
0.157916895478675	0.304805052169138	0.281566904631155	0.163326011349076	0.0652022698151199	0.0203917261577888	0.00561047043748856	0.00108914515833791	8.23723228995058e-05	9.15248032216731e-06	
0.146233572748926	0.291023294738681	0.2823142076754	0.174126562255718	0.0725144155163376	0.024931715975243	0.0071732712876022	0.00152661927402816	0.000119554521460037	3.67860066030882e-05	
0.138560166809943	0.281903316079235	0.278775629652662	0.178817697949628	0.0826642035373951	0.0284418268615221	0.00897152159201068	0.00166444131472573	0.000173760357031807	2.74358458471275e-05	
0.126278743230183	0.2729262021554	0.282271740914313	0.186199602472693	0.0876018891664691	0.031856890169405	0.010120534655993	0.00238881088276591	0.000328233556410584	2.73527963675486e-05	
0.1155741051581	0.257886857505784	0.281576917842399	0.194801070634669	0.097817901374586	0.037181871796035	0.011495712924738	0.00299414780202332	0.000626049085877603	4.53658757882321e-05	
0.105273717136161	0.245337734937122	0.279088430287168	0.204373637797861	0.10566584896541	0.0417574801426266	0.0141076265081117	0.00352918646324448	0.000747786279033714	0.000118551483261442	
0.100684655658478	0.237368652290118	0.275281001720792	0.206513381906052	0.113261084465273	0.0457565994215209	0.0148830227364259	0.00497931387983744	0.00105261230915681	0.000219675612345769	
0.0931265261825088	0.230161888396491	0.274052636338971	0.207841186578638	0.119779325314281	0.0508727502939314	0.0171384643212445	0.005046576829158	0.00173645654336619	0.000217057067920774	2.71321334900968e-05	
0.0866788240003558	0.21877863274474	0.271111506471556	0.214339723346528	0.126522261264066	0.0548147489214073	0.019899479606814	0.005879998220878	0.00157452297291287	0.000346928790641818	5.33736600987413e-05	
0.0771809402186926	0.209035038710192	0.265623752893288	0.22294055568858	0.13458553932654	0.0595152579349243	0.0222860740858985	0.0068818119739981	0.00157855996310781	0.000319259318381355	4.43415719974105e-05	8.86831439948209e-06	
0.0695680639852777	0.196229186204944	0.265071753401872	0.225815299134712	0.14166651920797	0.0663475660467503	0.0241094969299099	0.00844053580592076	0.00239767841027728	0.000274273176083379	7.96276962822713e-05	
0.0645850553083728	0.187793468512038	0.261013312698943	0.228927422049487	0.146149517260785	0.0721470903751121	0.0264143643494012	0.00960202592195276	0.00274343597770079	0.00050120464977226	0.000123102896435292	
0.0578836377000551	0.176092263805882	0.252447913476431	0.232365835090697	0.156561458160149	0.0781582240267411	0.0321138246952687	0.0102641733971526	0.00330763644000315	0.000516271296190968	0.000262510828571679	2.62510828571679e-05	
0.0525047295721357	0.168735584523285	0.246378313939928	0.235640673456518	0.160917752956522	0.0831281692452553	0.0358497248641598	0.0122148219175715	0.00359361097433505	0.000803379376473942	0.000198685222138717	3.45539516762986e-05	
0.0495064801304609	0.15798643893228	0.240502961119217	0.236340228306583	0.168646468114325	0.087846536777959	0.0385889623208308	0.0147626813149086	0.00406832031585272	0.00136468972620376	0.000300403398849884	8.58295425285383e-05	
0.0458135186592331	0.14960683702306	0.229861603217021	0.237118683138815	0.174955390302834	0.0948372279662247	0.045258565488743	0.0152825565411903	0.0051055691685094	0.00169901047580831	0.000324434161209627	0.000136603857351422	
0.0432821824381927	0.139181585677749	0.225805626598465	0.233768115942029	0.177928388746803	0.103631713554987	0.0501278772378517	0.0177067348678602	0.00596760443307758	0.00193520886615516	0.000562659846547315	0.00010230179028133	
0.0409101040755791	0.132409169624333	0.216766970148998	0.232884110899645	0.1815578759666	0.111876961061674	0.0523378427035646	0.021380930336231	0.00646400219467448	0.00243471700701267	0.000720127565454452	0.000248615469025942	8.57294720779109e-06	
0.035839138424719	0.12651822727467	0.21184666011368	0.232813368092654	0.184614727125091	0.115466472926193	0.0577204154023676	0.0233599726484038	0.00864994230522672	0.00240181204324971	0.000632505662635155	7.69263643745459e-05	5.98316167357579e-05	
0.0313132178981656	0.12049545688325	0.206386079204526	0.228801645808332	0.187939310817761	0.122081261786388	0.0620178295902623	0.0269158237613578	0.00981484656266072	0.00300874335676324	0.000925767186696383	0.000214297959883422	8.57191839533688e-05	
0.0285714285714286	0.112742239753044	0.201303378494255	0.228245583947865	0.1917338363917	0.125810324129652	0.0675784599554107	0.0286743268736066	0.0105899502658206	0.00335276967930029	0.000891785285542788	0.000377293774652718	0.000102898302178014	2.57245755445035e-05	
0.0272518991920897	0.107121324352724	0.191314533772028	0.225198532325025	0.194191314533772	0.133089869252898	0.0724190797746809	0.0320235654855213	0.0120755887064822	0.00359166939415342	0.0011713837832251	0.000335911526071902	0.000198101669221891	1.72262321062514e-05	
0.0259009106396963	0.0993142096114431	0.184938555602639	0.224114223448324	0.196492350799512	0.136595954442071	0.0774951787119594	0.0353705257149776	0.0134736623628203	0.00448833810417441	0.00115883873980611	0.000501586917229511	0.000112424653861787	4.32402514853026e-05	
0.0230825420014609	0.0918832982425987	0.177484638851888	0.222309113565075	0.200214841232329	0.141511622910669	0.0804709319812658	0.0401667167962875	0.0155716925192283	0.00535384350964637	0.00127186009538951	0.000515618957590341	8.59364929317235e-05	7.73428436385511e-05	
0.021378790732718	0.0871590266956626	0.170294011883765	0.218043117176664	0.202101063374373	0.146517919827394	0.0851555677323242	0.0435024572338567	0.0181081867840203	0.00562509632014247	0.0015496840699327	0.000462336683847326	8.56179044161715e-05	1.71235808832343e-05	
0.0192573967261576	0.0823727287399869	0.164363197730227	0.213827609347525	0.201314973539131	0.149412594184555	0.0922690089278888	0.0474002089686632	0.0202852507199225	0.00688067549545111	0.00184334145989246	0.000603120938490159	0.000169893222109904	
0.0190550925886437	0.0775083376692056	0.160091778333149	0.211729885106492	0.20056465851807	0.152176323578331	0.0961710693540545	0.0492498230111141	0.0223816306860345	0.00770221513318947	0.00249063878061055	0.000707955543803683	0.000162062112436988	8.52958486510462e-06	
0.0177518825172919	0.0722000749599646	0.15088248321919	0.208022419843947	0.206020648062966	0.157339261985076	0.099551943848172	0.0516542301270912	0.0232631435483321	0.0093103683260077	0.00298988040478381	0.000800708712392245	0.00013629084466251	7.66636001226618e-05	
0.0172823375697826	0.0688069502655558	0.144469142925017	0.201813924286902	0.205479103388594	0.161318785739738	0.10399097279962	0.0560891181511208	0.0250369063173434	0.0106052636044322	0.00374153699964366	0.00107749478221031	0.000203621061205097	6.78736870683658e-05	1.69684217670914e-05	
0.0153014158887601	0.0640577526891731	0.141081085655769	0.195363874101846	0.204656437512166	0.164109378041453	0.110038168907997	0.0588359752536836	0.0283177752012119	0.0117214939192106	0.00462089218764546	0.00144720249832852	0.000389305935222878	5.0779035029071e-05	8.46317250484517e-06	
0.0134102868782889	0.0589882872177898	0.13584281106773	0.191979290443049	0.201502291631302	0.169801391953828	0.113597012391784	0.0639025632320489	0.0299694449159735	0.0131132235613648	0.0055763028348328	0.00173145476150059	0.000390426073671703	0.000195213036835851	
0.0125441367775506	0.0557517190113362	0.126074910036999	0.187435589870082	0.201559358686287	0.173945363315369	0.118582216891081	0.0679833082732172	0.0342281765808991	0.0135240154753256	0.00587927218665	0.00166410434018685	0.000650436721798922	0.000109813991992026	6.7577841225862e-05	
0.0116240732443422	0.0551615112140605	0.121186247241924	0.181420081326243	0.198716702313825	0.174183567364675	0.122496597316741	0.0735740432330986	0.0365207246658607	0.0164935031997903	0.00585007904369806	0.00212192173405811	0.000498778415575413	0.000126808071756461	1.69077429008614e-05	8.45387145043072e-06	
0.00983911260412492	0.051224773419049	0.119842778824593	0.176242891369035	0.198964932174921	0.1742051548765	0.124668548091434	0.0788407922446648	0.0383588974055096	0.0174443885511608	0.00666740559482296	0.00259193260975215	0.000809978940547546	0.000221678446886697	2.55782823330804e-05	5.11565646661608e-05	
0.00934069214955344	0.0484692354280937	0.115235991094354	0.170955992117991	0.198099446382721	0.176022997722407	0.12673485229764	0.0823260456030504	0.0423530013904409	0.0185534296121267	0.00742137184485068	0.0031050337373858	0.00104069812077216	0.000290030623821751	3.41212498613824e-05	1.70606249306912e-05	
0.00889893653051548	0.0451551175235386	0.11036036036036	0.168774977985504	0.194625076204024	0.178198875567297	0.131435006435006	0.0838074917022286	0.0446894262683736	0.0208206326627379	0.0084755808440019	0.0032513716724243	0.00120233014969857	0.000279414753098964	1.69342274605433e-05	8.46711373027163e-06	
0.00767059661137622	0.0417178746090538	0.103786138680996	0.166879974233576	0.193366840985566	0.177508624123814	0.138036835815329	0.0865887458362646	0.0477780697219091	0.0226219031555394	0.0087978776603409	0.00350050430994296	0.0011781358331285	0.000491596246916929	2.54273920819101e-05	0	5.08547841638202e-05	
0.00786589079098721	0.039633940050071	0.0972156438189323	0.159381554908993	0.19203768861222	0.182243385885378	0.140900940523716	0.0894766222342513	0.0516103931253806	0.0241136071452737	0.00952364842005548	0.00388219771297111	0.00152243047567494	0.000431355301441234	0.000109953312132079	0	5.07476825224981e-05	
0.00707151586666105	0.0383581271861435	0.0914408529647267	0.156466770618231	0.187567954823212	0.18358970036664	0.144068439462261	0.0945509713852248	0.0526781575287623	0.0271987862952505	0.0109401997555733	0.00365797125879725	0.0017194150617388	0.000497281807071516	0.000143284588478233	0	5.05710312276118e-05	
0.00693177061532022	0.0356383424026789	0.0893344495604856	0.148756802009209	0.188204269568857	0.179907911259941	0.14559229803265	0.0995228128924236	0.0558727501046463	0.0296442025952281	0.0134784428631226	0.00475512766848054	0.00155713687735454	0.000611134365843449	0.000108832147341984	8.37170364169108e-06	7.53453327752198e-05	
0.00571251216320505	0.0331174713954971	0.0857212361171694	0.146738583364091	0.184268362245412	0.181072375264235	0.144935073650304	0.104570009730564	0.0595242089722511	0.0309113176525853	0.0154179109485622	0.00550280173136933	0.00165251820286548	0.00065429654732745	0.000184545180015435	0	8.38841727342885e-06	8.38841727342885e-06	
0.0053326223170244	0.0309375416611119	0.0816141181175843	0.142439341421144	0.181300826556459	0.182375683242234	0.149271763764831	0.104261098520197	0.0643080922543661	0.0320457272363685	0.0170893880815891	0.00615751233168911	0.00194974003466205	0.000641581122516998	0.000216637781629116	5.83255565924543e-05	
0.00479374395571414	0.0296461800113382	0.079809584153133	0.139318704772068	0.177651982525761	0.180678293927369	0.153133024310535	0.10829692866909	0.0658118518024477	0.0342398372628139	0.0160569580151399	0.00727815386667556	0.00243438823490179	0.000541901490645947	0.000191749758228566	0.000108380298129189	8.33694600993764e-06	
0.0042722965672014	0.0270218601944975	0.0753885795029507	0.137336879727371	0.17525558972654	0.180001662372205	0.153503449422326	0.113515086027762	0.0695287174798437	0.0357160668273626	0.0167982711329067	0.00764691214362896	0.00257667691796193	0.000980799601030671	0.000324162580001662	0.000116366054359571	1.66237220513673e-05	
0.00440116038126813	0.0252300041442188	0.0685868213841691	0.131139660174057	0.176908412764194	0.181873186904269	0.154471612101119	0.111869042685454	0.073916286779942	0.0395524243680066	0.0185578118524658	0.00832987981765437	0.00332366348943224	0.00127641939494405	0.000372979693327808	0.000174057190219644	1.65768752590137e-05	
0.00448519226963921	0.0238935426423059	0.0651919398456566	0.123928170964976	0.171641052701009	0.181402941758459	0.158911021700416	0.115699821911483	0.075794802453664	0.0438295626937537	0.0206945452146956	0.00888793615196887	0.00392454323593431	0.00117901193852648	0.000379262581623903	9.06932260404986e-05	6.59587098476354e-05	
0.00414580083736967	0.0222641819226664	0.0613414333798539	0.117018307199737	0.166997783433216	0.181003201707577	0.160988424595682	0.121919382645103	0.0785321402183729	0.0458665134225433	0.0229455709711846	0.00999917904933913	0.0045234381413677	0.0017568344142517	0.000525408422953781	0.000123142599129792	4.10475330432641e-05	8.20950660865282e-06	
0.00379940459547032	0.0203375055510781	0.0575009457392391	0.113710751821576	0.161466471488018	0.181178966759322	0.162839849339627	0.125034951232751	0.0828220858895705	0.0470731426503725	0.0253787068866264	0.0112419612164674	0.00481093439036826	0.00174344972779158	0.000904620141778648	0.000123357292060725	3.28952778828599e-05	
0.00343242819541738	0.0190846308076933	0.0541845095175623	0.10950766108072	0.157223363614611	0.179608406148667	0.165119598669934	0.127800193074086	0.0864542851720752	0.0502240154459269	0.0267168329249074	0.0123600419152289	0.00551168758302598	0.00171621409770869	0.000874609107486159	0.000123765439738607	5.77572052113501e-05	
0.00299132269202561	0.017329894273636	0.0523028240393569	0.104646850870615	0.15303540967936	0.178811876292738	0.165783553493585	0.130860067078145	0.0883387858361283	0.0543712041927961	0.0283392802696311	0.0138276569620357	0.00591672091700934	0.00216726685400203	0.000898220863445707	0.00019777340112566	0.000173051725984953	8.24055838023585e-06	
0.00268200498440311	0.0176352143128291	0.0500255822013897	0.100001650464606	0.148929673703147	0.175865256069584	0.168958061694367	0.133283269240291	0.0930284375051577	0.0558517222598161	0.0289656538315536	0.0138721550116358	0.00672564326858011	0.00269025730743204	0.00103979270164551	0.000173298783607586	0.000198055752694383	7.42709072603938e-05	
0.002266919462534	0.0157447860852362	0.0479762591707196	0.0938587090924079	0.146846921111203	0.174931992416124	0.171148297749567	0.135817327508037	0.0946748000989201	0.0583876020113758	0.0317945758799769	0.0148957217047234	0.00710576209710659	0.00286868353804303	0.00116231143351743	0.000313247053004699	8.24334350012365e-05	5.77034045008655e-05	6.59467480009892e-05	
0.0018385521401896	0.0141584930438708	0.0451840604095703	0.0906061476587188	0.141215578446259	0.171206960233102	0.173234292280543	0.140632823080396	0.0980013953297492	0.0619033939344195	0.0335699922025691	0.0153978741740879	0.00748553371362909	0.00338983050847458	0.00150203143595847	0.000426806746829729	0.000139532974925104	3.28312882176714e-05	3.28312882176714e-05	4.10391102720893e-05	
0.00224612645283543	0.0132317267403396	0.0412960558019488	0.0859980560796517	0.134416374670228	0.171742912450075	0.171661235124517	0.144928246469498	0.102603056365522	0.0643290616092067	0.0352437659781268	0.0187286107503696	0.00762049447452893	0.00372448604542893	0.00144568866237044	0.00042472209289979	0.00022052877900566	5.71741278903564e-05	2.45031976672956e-05	5.71741278903564e-05	
0.00193306357813345	0.0123601395737431	0.0387104172468588	0.0822207296495913	0.130080435103124	0.167406582245302	0.16960994708648	0.148313483937552	0.106932817849712	0.0677964713398752	0.038038759562931	0.0203217404124961	0.0099110463116164	0.0039234637878217	0.00140884294677522	0.000516029683993251	0.000286683157774028	0.000180200842029389	1.63818947299445e-05	3.27637894598889e-05	
0.00200839426828868	0.0112716004852936	0.0358313932517953	0.0792700921402105	0.126987900449225	0.163188182444175	0.168787093812506	0.149621274223694	0.112379906220284	0.0711053546250451	0.0402908482801587	0.020993868249336	0.0107305636619995	0.00464799816375381	0.00166409810801062	0.000680394792930452	0.000245925828770043	0.000221333245893039	5.73826933796767e-05	1.63950552513362e-05	
0.00202239431756523	0.0104243739620842	0.0352850260609349	0.0744093128791989	0.122305529522024	0.160344629145497	0.16595965076703	0.152049523997435	0.11580262746839	0.0761193048225061	0.0434403722520923	0.0214406682122363	0.0116575412288923	0.00529439813216265	0.00232657557671123	0.000567256942731712	0.000361729064930367	9.86533813446456e-05	8.2211151120538e-05	8.2211151120538e-06	
0.00168413018409285	0.00959871242854891	0.0328612791093191	0.073910915320607	0.119672797564233	0.156790031276703	0.16339381268822	0.152044600413151	0.116661274131594	0.0807055095116022	0.0464670599069165	0.0248305499556153	0.0115732098857612	0.00569949476094477	0.00264649028928877	0.000887694234965197	0.000232293818495566	0.000240590026298979	8.29620780341306e-05	1.65924156068261e-05	
0.00135942087002936	0.00884040565785962	0.0325260208166533	0.0722327862289832	0.116009474246064	0.150678876434481	0.167425607152389	0.150870696557246	0.11675173472111	0.0823742327195089	0.049439551641313	0.0267213771016813	0.0136192287163064	0.00685548438751001	0.00261042167066987	0.000850680544435548	0.000433680277555378	0.000233520149452896	0.000141780090739258	2.50200160128102e-05	
0.00140746546652845	0.00829308993451493	0.0305765551650611	0.0668503956916386	0.114383959950444	0.148803654353451	0.165179135799348	0.152056838006624	0.122154517795589	0.0838579724069345	0.0515284063614068	0.0290258147708023	0.0134931270174374	0.00734916099887908	0.00311833666236842	0.00112091561106757	0.000446680657041963	0.000202270486207681	0.000126419053879801	1.68558738506401e-05	8.42793692532005e-06	
0.00134507006282669	0.00784056663204672	0.0285869953858989	0.0641121686275177	0.110678834726644	0.147949193809272	0.164200704884818	0.154972502681627	0.1233633562052	0.0860844840209082	0.0539304990380195	0.0301704322953025	0.0146851003694686	0.00679345512744113	0.00329457034375905	0.00110670321624981	0.000527812303134524	0.000255393049903802	4.25655083173003e-05	4.25655083173003e-05	1.70262033269201e-05	
0.00130046799736484	0.00846159769338045	0.0260179156578058	0.0596161908265672	0.108837193384725	0.143676046577288	0.164158417535784	0.154747135975907	0.128540994686904	0.0886286051625157	0.0572548147260889	0.030073322439062	0.0156826173629589	0.00728090964314131	0.00331105996697496	0.00118068805023913	0.000598899735628545	0.000393562683413044	0.000136891368143668	9.41128155987714e-05	8.55571050897922e-06	
0.000824374282921854	0.00769982577656907	0.0251051714613521	0.0593379509624782	0.101602005694132	0.142795223728381	0.161415884077678	0.156894573577529	0.130242637997705	0.0940806527004632	0.0573322568308333	0.0326520205668636	0.01579059193473	0.00777631411209791	0.00366294140143628	0.00155526282241958	0.000501423532911231	0.000399439085539455	0.000229465006586496	7.64883355288319e-05	2.5496111842944e-05	
0.000777638201690295	0.00615274181557156	0.0246878765349809	0.0572034079353278	0.0981105955341349	0.140077422001179	0.160851471103477	0.154040727732629	0.129216123601747	0.0986831423419728	0.0593910494697533	0.0355064475606942	0.0183385888003008	0.00897274848104186	0.00456328351321558	0.00217055058493775	0.000589637757325608	0.000444364686680168	0.00013672759590159	8.54547474384939e-05	
0.000813384020000685	0.00574505976232063	0.0227233809377033	0.0544796054659406	0.0971951094215555	0.135312853179903	0.158918113634029	0.154371725059077	0.130697969108531	0.097965683756293	0.0663892599061612	0.0372358642419261	0.0197523887804377	0.00958080756190281	0.00497448542758314	0.00252577143052844	0.000899003390527073	0.000248296174526525	0.000145552929894859	2.56858111579164e-05	
0.000864371472283929	0.00516029768953505	0.0202608673103353	0.0513782403125567	0.0904046122861761	0.13297490729616	0.155448565575542	0.15675376649869	0.135265491697712	0.0995410187482172	0.0701783198347322	0.0413428875193403	0.021030157920668	0.0101477210846133	0.00499606710980111	0.00221279096904686	0.00118418891702898	0.000553197742261714	0.000146943150288268	0.000155586865011107	
0.00075208353374319	0.00490603328406895	0.0183735756324935	0.0477747947074308	0.0906697916028999	0.129489545164365	0.154185869574723	0.156153529982772	0.137535089943944	0.103385250417581	0.0710718939387314	0.0424664841843829	0.0233145895460389	0.0107477984066323	0.00515964284777305	0.00232621186018242	0.000926986681125327	0.000402277238978915	0.000244864406334992	0.000113687045798389	
0.000637950169974395	0.00440447788585061	0.0170848298945197	0.0457139361525487	0.0867524840730934	0.128455199293885	0.150940758024627	0.154847110435292	0.138216710798836	0.106642546906816	0.0740546539775756	0.0445691214639646	0.0250723155843361	0.0132920850483706	0.00514729657691669	0.00242071502853298	0.000996250950370972	0.000463169301488259	0.000235954172456283	4.36952171215339e-05	8.73904342430678e-06	
0.000541191669139854	0.00427715996578272	0.0161310032995234	0.0442467834011278	0.0854908259283183	0.125530280546778	0.148853895707128	0.153576229465268	0.136703269845149	0.108578760845656	0.0755573401302352	0.0474677467222988	0.0269286499886524	0.0149875176760182	0.00626734868455509	0.00257502487735898	0.00151009933485798	0.000331698119795395	0.00027932473245928	0.000165849059897697	
0.000632149568319781	0.00380155699304635	0.0147299509001637	0.0429342131469791	0.0806380380848466	0.122065483767611	0.147559296495467	0.150209128932533	0.139583820434884	0.111457494436218	0.0797028031070584	0.049593432572156	0.0293213484702846	0.0160981650343352	0.00686704942024091	0.00289230076464119	0.00110842664034153	0.000484936655149421	0.000216489578191706	6.92766650213459e-05	2.59787493830047e-05	8.65958312766823e-06	
0.000597847748106815	0.00439288127956747	0.0153187654877225	0.0387907879460031	0.0769404058433119	0.116502330739772	0.146775954390282	0.151576065295371	0.140277609302164	0.115055365900151	0.0818184968894588	0.0509037031902542	0.0297884138839309	0.0173202557748627	0.00807527682950075	0.00352643526781846	0.00150761606044327	0.000407229625522034	0.000251269343407212	6.93156809399206e-05	2.59933803524702e-05	5.19867607049405e-05	2.59933803524702e-05	
0.000732460194276347	0.00402853106851991	0.0138993041628154	0.0367276468844282	0.0712317538933747	0.113086622137737	0.145681100783035	0.152186044889346	0.139838858757259	0.117132592734692	0.0869709283060986	0.0543328508397133	0.0304755759404266	0.0179975933450759	0.00850177011213617	0.00423780540974172	0.00187474930677874	0.000619103259447865	0.000261592926527267	6.97581137406045e-05	3.48790568703022e-05	4.35988210878778e-05	3.48790568703022e-05	
0.000746774109515292	0.00358625240964902	0.0134593008110314	0.03563675517966	0.0700404647366319	0.105755370695195	0.139768326357653	0.152315868081485	0.142607804657786	0.119683576179643	0.0888053350931731	0.0582570639620708	0.0340824230214828	0.0183741164620274	0.00993383234052899	0.00369045344818603	0.00191035237317865	0.000850975148052309	0.000295236275854883	7.81507789027631e-05	5.21005192685087e-05	2.60502596342544e-05	4.34170993904239e-05	
0.000345805380731724	0.00349263434539041	0.0130800885261775	0.0342779583650322	0.0689276575143509	0.104260322290615	0.134181132858427	0.149681859049727	0.141996334462964	0.121490075385573	0.0918977799294557	0.0613891002143993	0.0367158862991908	0.0199702607372571	0.0105211287087627	0.00444359914240266	0.00186734905595131	0.000829932913756138	0.000371740784286604	0.00011238674873781	8.64513451829311e-06	5.18708071097586e-05	6.91610761463448e-05	1.72902690365862e-05	
0.000368968860744287	0.002926008872414	0.0127422967024481	0.0315168052445062	0.0667490411099956	0.103517217116723	0.133626792287693	0.146248959593619	0.143048369243442	0.122609210492445	0.0936065419037077	0.0629392231060314	0.0392222479642358	0.0209196763370831	0.0110776464935087	0.00526853210458122	0.00216232913738513	0.00105542255515226	0.000197355437142293	6.86453694407977e-05	4.29033559004985e-05	8.58067118009971e-06	0	7.72260406208974e-05	
0.000359678344794512	0.00303157462041089	0.0121605535621002	0.030212980962739	0.0620188231667109	0.0994424985655685	0.133046732493513	0.146500415342851	0.143408894331641	0.123797860770225	0.095383271531459	0.0649219412354095	0.0411831704789717	0.0231478706185611	0.0119207679989038	0.00587474629831037	0.002209452689452	0.000770739310273955	0.000428188505707753	0.000137020321826481	8.56377011415506e-06	0	0	1.71275402283101e-05	1.71275402283101e-05	
0.000232889118902833	0.00276879285806702	0.0107128994695303	0.0292146461379221	0.0588519428990383	0.0959416914650451	0.129305214128607	0.149713201362833	0.143545952473369	0.127114331306335	0.0968214948031224	0.0665890369603657	0.0415577694397723	0.0245913658515548	0.0124466295769181	0.00614137232069694	0.00293267779359124	0.000922930952689007	0.000310518825203778	0.000207012550135852	6.03786604562902e-05	0	0	0	1.72510458446543e-05	
0.000319546761782207	0.00223682733247545	0.00994049521111677	0.0268851099845408	0.0550052250213751	0.0937222015908247	0.128207342666402	0.142820129718712	0.145618322984049	0.129727348884609	0.10233269136101	0.0696525576695541	0.0443133631001218	0.024907374621078	0.0124795965074403	0.00659820881085423	0.00337683199613089	0.00111409546675418	0.000388637953518901	0.000276364766946774	6.90911917366935e-05	0	0	0	0	8.63639896708668e-06	
0.00033915992695017	0.00238281589703452	0.00987911992347161	0.0251587094529959	0.0561179232976781	0.0892773284633446	0.123532481085312	0.144560396556222	0.140603530741804	0.130950517436299	0.105609183407253	0.0744586485781372	0.0449256457083225	0.0272371510566136	0.0124619532133229	0.00612227150186973	0.00374815201321854	0.00158274632576746	0.00071310548743369	0.00026089225150013	7.82676754500391e-05	
