# <P(N_2)> as a function of N_tot.
# number_of_species: 2
# species_total_upper_bound: 100
# species_total_lower_bound: 0
# volume: 512
# Bin widths for each species index 
1	1	1	1	1	1	1	1	1	1	1	1	1	1	1	1	1	1	1	1	1	1	1	1	1	1	1	1	1	1	1	1	1	1	1	1	1	1	1	1	1	1	1	1	1	1	1	1	1	1	1	1	1	1	1	1	1	1	1	1	1	1	1	1	1	1	1	1	1	1	1	1	1	1	1	1	1	1	1	1	1	1	1	1	1	1	1	1	1	1	1	1	1	1	1	1	1	1	1	1	1	
# Bin lower bound for each species index 
0	0	0	0	0	0	0	0	0	0	0	0	0	0	0	0	0	0	0	0	0	0	0	0	0	0	0	0	0	0	0	0	0	0	0	0	0	0	0	0	0	0	0	0	0	0	0	0	0	0	0	0	0	0	0	0	0	0	0	0	0	0	0	0	0	0	0	0	0	0	0	0	0	0	0	0	0	0	0	0	0	0	0	0	0	0	0	0	0	0	0	0	0	0	0	0	0	0	0	0	0	
# Bin upper bound for each species index 
0	1	2	3	4	5	6	7	6	6	7	7	7	7	7	8	8	9	9	9	10	10	10	10	10	11	11	11	12	12	12	12	12	12	12	12	13	13	13	13	14	14	14	14	15	16	16	16	16	16	14	15	15	15	15	15	16	16	17	17	18	18	19	19	17	17	17	17	18	18	18	19	20	22	22	23	23	23	21	21	20	20	20	20	20	20	20	21	21	22	23	22	23	23	23	24	25	24	24	25	22	
# Normalized histogram for each species index 
1	
0.920261380620221	0.0797386193797785	
0.847579053772231	0.146113534696888	0.00630741153088175	
0.780542744098055	0.201699156293473	0.0172741749407031	0.000483924667769585	
0.718883990965958	0.24694947367612	0.0322699246608071	0.00186458417402956	3.20265230853584e-05	
0.661569153184838	0.284343357534381	0.049734623431096	0.00416308294343703	0.000184670908772571	5.11199747467325e-06	
0.60938717323918	0.314356628171338	0.0679948128851605	0.00774241919997552	0.000502390178654538	1.33885707509458e-05	3.18775494070138e-06	
0.560438740534077	0.338290633718613	0.0872800318852132	0.0128235950577919	0.00110003985651654	6.05819051414906e-05	1.91311279394181e-06	4.46392985253089e-06	
0.517296594564163	0.354917275498831	0.107224780115112	0.0183761623303922	0.00201299039635832	0.00016520754515567	6.98954998735527e-06	
0.475412609425135	0.368763337574323	0.126535880292578	0.0256588318185735	0.0033283742479002	0.000287660747867255	1.33058936238158e-05	
0.436892087639823	0.377060592717907	0.146419503985839	0.0339606526681655	0.00515546952928624	0.000488319807148421	2.27419315101464e-05	6.31720319726288e-07	
0.402410660182973	0.381379305551431	0.164481179196493	0.0433662299061629	0.00742179034105736	0.000892813702699987	4.61255486886759e-05	1.89557049405517e-06	
0.371255420440531	0.382924483562338	0.181336824138081	0.052483314799484	0.0104421033487856	0.00144797671618078	0.000107351086677162	2.52590792181557e-06	
0.340923713453345	0.383707063709721	0.196903873953381	0.0625222609185258	0.0135871473443475	0.00214210927540908	0.000196750143134148	1.70812021370482e-05	
0.313725378377454	0.379986896348086	0.212589644059699	0.0733867871087438	0.0169713836011725	0.00294008437535246	0.000370045102415051	2.97810270779236e-05	
0.287688121138249	0.375171783113474	0.226476573761624	0.0844465809214995	0.0215037261160433	0.00408728072484071	0.000549832798826516	6.91254614441641e-05	6.97596399895234e-06	
0.264736609793816	0.367780942673056	0.238367422113409	0.0959680927748299	0.0267324626166592	0.0054618259646315	0.000817368606567528	0.000116857671801418	1.84177852295713e-05	
0.244843626167108	0.358848536424308	0.248011206012809	0.107053267329376	0.0325356972393626	0.00732471061831997	0.00117131814920293	0.000181131672557153	2.60575388590993e-05	4.448848097895e-06	
0.225510253988438	0.349777020928464	0.257238006736693	0.118104274554217	0.0381170035118966	0.00932123023724516	0.0016590837056003	0.000227393555361756	4.06513618523809e-05	5.08142023154762e-06	
0.206976119385922	0.339949582618007	0.26439718582343	0.129241382902169	0.0450860201326553	0.0115970140816802	0.00233223263639464	0.000351232202594291	5.58922854037932e-05	1.3337931744087e-05	
0.190801280319381	0.329214358139786	0.270985254712993	0.139297985753745	0.0514537092073018	0.0143950109501	0.00321033409724452	0.000550524619448268	8.39136833339161e-05	5.72138750003973e-06	1.90712916667991e-06	
0.174700963201574	0.319859090115679	0.274756502007331	0.150185816975833	0.058424284739523	0.0170177248131516	0.00415366794141449	0.000764213967216236	0.000122502737269712	1.33293133816785e-05	1.90418762595408e-06	
0.16086371059392	0.306647184472819	0.279032766376025	0.160829966924838	0.0657562242744315	0.0204862271712937	0.00514686454463555	0.00103714031954618	0.000173811729426708	2.29202280562692e-05	3.18336500781516e-06	
0.147986225311277	0.2947558010501	0.281121813298088	0.170702747234207	0.0732319904348806	0.0241509078395907	0.00640857906662414	0.0013471640477823	0.000248295831112996	3.69260466783429e-05	9.54983965819214e-06	
0.138257517858417	0.283254613636595	0.281566216257528	0.178625564285205	0.0807023376438099	0.0276945573864042	0.00775669244800424	0.00175527090784955	0.000321629828905669	5.60463860271264e-05	9.55336125462383e-06	
0.126955829057741	0.272884599723104	0.28194160253278	0.186924194763417	0.0874256861307924	0.032078396042023	0.00907927152048212	0.00220587486766023	0.000412289274370877	7.38048701034286e-05	1.46337242446453e-05	3.81749328121183e-06	
0.116697336721644	0.261260609108562	0.280923098805836	0.1944557684468	0.0960226717110335	0.0362052696615372	0.0109815306579902	0.00276982980976946	0.000571491707655322	8.69937377208657e-05	1.77797420159433e-05	7.61988943540429e-06	
0.10706349075705	0.249436204711189	0.279699444245363	0.200673135486877	0.104278386348873	0.0412263829604033	0.0133715401456434	0.0034372202391429	0.000687570672261778	0.0001063645238858	1.51949319836857e-05	5.06497732789524e-06	
0.098695930929447	0.238152889807937	0.278335500024074	0.206064326640666	0.111725217999498	0.0460725879410356	0.0154569943564675	0.00436822592375783	0.000969942551018598	0.000142545443487384	1.20371707833791e-05	3.16767652194186e-06	6.33535304388372e-07	
0.0906726822101937	0.227352382976113	0.274731744830155	0.2121231668624	0.119097896140806	0.0516190805046935	0.0176943747205511	0.00520605070587142	0.0012351089684848	0.000225772607142383	3.09883970587584e-05	7.58899519806329e-06	3.16208133252637e-06	
0.0835312187383163	0.216444529773754	0.27097690551014	0.217017344866263	0.126623081353637	0.0569423673494134	0.0203466194436304	0.00616960379131595	0.00157760981376878	0.00030756444327678	4.29453432090781e-05	1.38940816264665e-05	6.31549164839384e-06	
0.076998212216291	0.206004104907677	0.267202140551182	0.220995147084123	0.134019501147219	0.0620764884071332	0.0231813223549844	0.00719902752632365	0.00184701940473167	0.000383771687984165	7.24692021644975e-05	1.82748422849602e-05	2.52066790137383e-06	
0.0705173510495441	0.194247700493725	0.262583549569379	0.225929646719102	0.141102223276759	0.0682317276334521	0.02609472653292	0.00845276798966106	0.00228877861131024	0.00045434811142635	7.88798804559636e-05	1.70380541784881e-05	1.26207808729542e-06	
0.0644639582620811	0.185514902703651	0.256124325286197	0.229015880147355	0.147535314807546	0.0745274006055229	0.0293624341061596	0.00985457606455546	0.00280802096992199	0.00066067369786704	0.000101593567675829	3.02887655182597e-05	6.31015948297077e-07	
0.059237241908764	0.175535501434401	0.249686856034587	0.231432330599216	0.155196927148572	0.0799552507172007	0.0331951543496707	0.0113615701644511	0.00336250959634733	0.00078791062265142	0.000200765687502525	4.73503979958786e-05	6.31338639945048e-07	
0.0548261360462822	0.165814877552294	0.243300474257519	0.232598001978227	0.161583564956511	0.0862848608905551	0.0371752836372646	0.0129536667488301	0.00405542817769243	0.00107674045196622	0.00025027280997107	6.74538807730593e-05	1.32386121143387e-05	
0.0508823379389256	0.157597904781936	0.23697903711405	0.232851195562712	0.167400820026738	0.0915398454782975	0.0412154431022225	0.0150447387495065	0.00472985780199837	0.00131612339318021	0.00035138605425577	8.1234410392463e-05	9.4458616735422e-06	6.2972411156948e-07	
0.0465772280734364	0.148839651053847	0.230624847719115	0.233493380020246	0.172046002014503	0.0985266745873659	0.0451618007952516	0.0171082079711037	0.0054733203889348	0.00165028522052784	0.000378661334847141	9.92180612037286e-05	1.50710979043638e-05	5.65166171413644e-06	
0.0429245798786672	0.13986637558866	0.224443640083804	0.233597012805673	0.177362777960016	0.104108146288064	0.0497164000336826	0.0189728565988364	0.00643865556146258	0.0019204110282871	0.000519692382327694	0.000105572334015783	2.3251049753476e-05	6.28406750093947e-07	
0.039615704772475	0.132389516698618	0.218365326405005	0.232511224901624	0.181234865301181	0.110148446170921	0.0540781707194027	0.021564423367975	0.00720096357582484	0.00217498234285138	0.00054611038240339	0.000141257188981939	2.33326606800525e-05	5.67551205731006e-06	
0.0365144651904228	0.124875076942502	0.211622658185893	0.231449991319307	0.184810366325226	0.11561356713332	0.0587509272557963	0.0245685695796967	0.00837955144494073	0.00249877681150271	0.000678672327530422	0.00018750295932701	4.04046781041367e-05	8.83852333527991e-06	6.31323095377137e-07	
0.0332940010563284	0.118407061802822	0.204368482355321	0.230017734397439	0.188671289741504	0.121186739971379	0.0627012714618229	0.0273149031709508	0.00985821992808597	0.0030320303380568	0.000851530059391527	0.000220015584965644	6.91115238076518e-05	6.34050677134421e-06	1.26810135426884e-06	
0.0301800009013693	0.111604748311678	0.197783266397145	0.227820444705122	0.192424562693088	0.126359909126745	0.0678610444076703	0.0299851274072748	0.0112271253747506	0.00335157019159175	0.00102578360409323	0.00029453192592776	5.9668105683641e-05	2.09473136974484e-05	1.26953416348172e-06	
0.0281253800877633	0.105291713179326	0.19051733964356	0.225164786950262	0.19470618539304	0.131993216846318	0.0723642525508466	0.0333146327500492	0.0128257133232422	0.00406912805399523	0.00117807306727561	0.000337502013868149	8.53306978459093e-05	2.61086463558379e-05	6.36796252581413e-07	
0.0262367801272682	0.0992960038805951	0.184338479802396	0.221823879701552	0.19720188668407	0.136753320525667	0.0765945224889422	0.0363276039239965	0.0145752088692022	0.00489606004710328	0.00140224793683821	0.000419972299699382	9.63766219674873e-05	3.44658118294325e-05	1.27651154923824e-06	1.91476732385736e-06	
0.0237634543274945	0.0934396814158387	0.17710508625339	0.219884799517421	0.199025639583775	0.141698894003798	0.0813713637211775	0.0392658046013736	0.016295999038931	0.00588015775845984	0.00167100766554798	0.000437081928579279	0.000115021560152442	4.02575460533547e-05	2.55603467005426e-06	6.39008667513566e-07	2.55603467005426e-06	
0.0218158877393573	0.0875313678090536	0.171471816590838	0.21592749641739	0.200770596649924	0.146376930166916	0.0855773913999471	0.042904387466427	0.0181131120318159	0.00671267917842227	0.0020434617533247	0.000581654737418041	0.000121444395724646	4.66602151994692e-05	3.83508618077829e-06	0	1.27836206025943e-06	
0.0200034280261604	0.0820877958431345	0.164657178197242	0.212971241674565	0.201672186044608	0.149460021924018	0.0910735733719114	0.0464638247306505	0.0203468701993244	0.00771114018964148	0.00257101962033331	0.000718222645182664	0.00021680986350572	4.09316556470975e-05	3.83734271691539e-06	6.39557119485898e-07	1.2791142389718e-06	
0.0188971775369448	0.0772320544431505	0.157652735200448	0.209439872121664	0.203333732846312	0.153787286898816	0.0953267877297814	0.0495060673630157	0.0221889935669865	0.00864550358824611	0.00273228421652407	0.000933193952441719	0.00025316731539456	6.28111314143465e-05	5.76836921152161e-06	1.92278973717387e-06	6.4092991239129e-07	
0.0175632174469761	0.0727727148507916	0.150163648797236	0.205490542241405	0.20413118590529	0.158018277857824	0.100052218785163	0.0532400665629134	0.024289433201653	0.00969255067595742	0.00319278739256338	0.00100396067296799	0.000301508956099013	7.8264026902297e-05	8.98111784124719e-06	0	6.41508417231942e-07	
0.016271186440678	0.0687365177195686	0.144338084232152	0.200068695428865	0.204782999486389	0.161891371340524	0.105007062146893	0.0566390600924499	0.0262846687211094	0.0105559835644581	0.00382832562917309	0.00110747303543914	0.000367873651771957	9.37339496661531e-05	2.69645608628659e-05	
0.0149468315450128	0.0646894096136265	0.139161814944907	0.195362876710132	0.203742161061124	0.165328714173443	0.109695424144734	0.0605334488123306	0.0286561131694173	0.0117018717220805	0.0043343116970601	0.00127732601966351	0.000411233540233203	0.000126385346998348	2.82281993295803e-05	3.84929990857913e-06	
0.013577060084099	0.0605841677454354	0.134341098325862	0.191347010450023	0.201926228928657	0.167816139237659	0.114077385964394	0.0648347523374037	0.0309907660822247	0.0132666060756428	0.00501032918409087	0.00162425937757507	0.000433221535609653	0.000139479337132485	2.50677149685111e-05	6.42761922269515e-06	
0.0123521705648598	0.0566042587219206	0.127860649825992	0.187767648575091	0.201251158658797	0.169886056111869	0.117951786937914	0.0692013385803489	0.0341323847222883	0.0146881295486598	0.0056714821447626	0.00186349617337264	0.000590096408125589	0.000137560600587011	3.53543599639514e-05	6.42806544799116e-06	
0.0113587841156811	0.0533118015134344	0.122016713914671	0.183452389743063	0.200909216410843	0.172609855623369	0.121106855401843	0.0724791878694093	0.0373061253318865	0.016425610879776	0.00601842190595132	0.00213242069237857	0.000662007146595094	0.000170799128025504	2.82524873425646e-05	1.15578357310492e-05	
0.0105318230402085	0.0501073660492183	0.116555555912194	0.178246258237014	0.198956832107745	0.175335659330254	0.12536631241755	0.0763984066814101	0.0400762635972923	0.0178872800921839	0.00701008823595495	0.00246636987202737	0.000808856334917879	0.000199646285840841	4.1726715690208e-05	1.15550904988268e-05	
0.00938947533407891	0.0468445979843815	0.111454491846117	0.173024706069017	0.197931193523915	0.17720715622296	0.12952298484721	0.079862250866071	0.0426345260585723	0.0197649836870954	0.008184395240576	0.00287394900763967	0.00095841124707161	0.000275575351872467	5.46011769444282e-05	1.54168029019562e-05	1.28473357516302e-06	
0.00893166996136336	0.043974560999874	0.106559231277425	0.167728124542106	0.1961194985206	0.179105110678673	0.13333881735384	0.0833965281008923	0.0453877673781326	0.0216614525627942	0.00900236241320895	0.00335917677997167	0.00101604333061703	0.000306548177548591	8.6116259520988e-05	2.24930528599595e-05	4.49861057199191e-06	
0.00804862951776285	0.04106117343689	0.101584812714459	0.163153778585958	0.19347081817995	0.180571179806448	0.137014192812673	0.0882819402494401	0.0483778175019006	0.0231705500421213	0.00983621504448417	0.00370744210893998	0.00118722903696398	0.000374982021409932	0.000115576650434568	2.31153300869136e-05	1.60523125603567e-05	4.49464751689987e-06	
0.00769721424372865	0.0390289510227445	0.0963111124800752	0.157759202646892	0.190194666687201	0.181304528618621	0.141436873217673	0.0920213353046416	0.051928442538162	0.0253023057632531	0.0107510735672722	0.00421213124600541	0.00144960458329162	0.000435715587452418	0.000133473994388959	1.79676530908214e-05	1.3475739818116e-05	1.92510568830229e-06	
0.00693849865299828	0.0369577598177548	0.0920453309272875	0.153110262169409	0.188005605574859	0.181483045695674	0.143756759005074	0.0963358993556149	0.054820090482681	0.027611935523091	0.0117960236253224	0.00468858983957561	0.00171942690036027	0.00054391993498557	0.000142698994707979	3.45549135167303e-05	5.75915225278839e-06	1.27981161173075e-06	2.55962322346151e-06	
0.0063567478119751	0.0344561651260528	0.0883771172400849	0.148119821216867	0.184973253394639	0.180894388096787	0.146641878946633	0.100067864044633	0.0587627292965186	0.0299208295373945	0.0133436161512596	0.00527462593376903	0.0019369662409895	0.00064671944697507	0.000186418636245529	2.42599595114044e-05	1.149155976856e-05	1.27683997428444e-06	3.83051992285333e-06	
0.0059708445136445	0.0320569964552697	0.08365818717835	0.14458160377509	0.182227213701611	0.181335128564273	0.148340740788009	0.103734569575302	0.0622238955022446	0.0321992961588652	0.0145790194082757	0.00581259192848004	0.00226020426069561	0.0007274513995463	0.000228445264068049	4.46680683931939e-05	1.02098442041586e-05	3.19057631379956e-06	3.19057631379956e-06	2.55246105103965e-06	
0.00542643936192183	0.0301692637318583	0.0794145046479912	0.139554823533624	0.179860857578185	0.18234741615937	0.150922405177975	0.106438006430909	0.0651300599932609	0.0343578585545224	0.0162556609328974	0.00646415717556612	0.00244116242297838	0.000875954038627655	0.000249998561389353	6.90533110742969e-05	1.72633277685742e-05	1.91814752984158e-06	1.27876501989439e-06	1.91814752984158e-06	
0.00514913862898019	0.0280534859649303	0.0760924705617102	0.134331092368079	0.175983454092665	0.182403383994179	0.154299296965473	0.110323769945786	0.0675223157096447	0.0367613525728399	0.0175419156153602	0.00739416050913637	0.00272989536468635	0.000992165161872163	0.000293998585732293	0.000112731483853777	1.34509156870984e-05	1.9215593838712e-06	
0.00468713922881552	0.026176915775161	0.072789835552477	0.13013994715103	0.172694271274276	0.18196528900177	0.156173195823392	0.114139023576798	0.0708464814387234	0.038473921855358	0.018741501834321	0.00853728930962826	0.0030926909361451	0.00104735883424408	0.000341850740142128	0.000121219117986608	2.757895276944e-05	4.48959696246697e-06	
0.00424914612152134	0.0243900087541023	0.0684323986625891	0.126129131364239	0.170533383209863	0.181107078996453	0.157644542312137	0.116519543758299	0.0747235259107287	0.0411455661950249	0.0203703203795758	0.00927150700392456	0.00366489656404699	0.00122891656093614	0.000422922121912122	0.000129190496207198	2.82805066324215e-05	9.64108180650734e-06	
0.00382365651140538	0.0226255517486187	0.064588670761696	0.121101748104248	0.166808140671461	0.18028868413742	0.160346637034293	0.119637492154623	0.0784171116667181	0.0440607926659876	0.0221020979308784	0.010042725149448	0.00408666954759185	0.00137358397382474	0.000488728380199813	0.000142760132110998	4.7586710703666e-05	1.73627187702565e-05	
0.00367868765614493	0.0212530682518069	0.0611027319495502	0.116339622204821	0.163311358928565	0.17911068593831	0.162147705545548	0.123525342570555	0.081280867352515	0.0465075611753799	0.0239918325676366	0.0107364704399896	0.00458196555843147	0.00170690592923187	0.000488605840382758	0.000156225288438171	6.04328276262885e-05	1.54296581173503e-05	4.50031695089383e-06	
0.00331880777965126	0.0198471532190439	0.0578314975661218	0.111855994785743	0.159334976099174	0.179139621786012	0.163272719309884	0.126266048203542	0.0844553819044147	0.0491161653568765	0.0257698693730654	0.0118905160543221	0.00508995495489693	0.00193344866185001	0.000638257036606714	0.000171318235860127	4.83040138703366e-05	1.22370168471519e-05	7.72864221925385e-06	
0.00315120629596181	0.0185576054702619	0.0546955231583022	0.10774738743388	0.155004515546381	0.177477744807122	0.165000645078054	0.129863243452458	0.0877893175074184	0.0518178299574249	0.0272577731905561	0.0129589730357373	0.00559992259063347	0.0020977938330538	0.000716036640433492	0.000205779899367823	3.87046832666753e-05	1.16114049800026e-05	8.38601470777964e-06	
0.00293618674585844	0.0170456046437755	0.0521993050315945	0.103042951315485	0.151362134208927	0.174975338479768	0.16599667657423	0.132490513932551	0.0915192076355031	0.0553358766969091	0.0291634155126278	0.0141358352024113	0.00618873682114776	0.00242201579497079	0.000879502942307829	0.000235178442448614	5.86335294871886e-05	3.86594699915529e-06	6.44324499859215e-06	2.57729799943686e-06	
0.00263181934564132	0.0161357352303533	0.0494185036649902	0.0989573080431641	0.147442998691488	0.172283487665639	0.166878318723552	0.135327365903304	0.094795032030869	0.0581888759796145	0.0316127114751441	0.0153032800278943	0.00677801237489047	0.00283639488998596	0.00102673763765425	0.000279843904999749	8.49181504826825e-05	1.02931091494161e-05	3.21659660919252e-06	4.50323525286953e-06	6.43319321838504e-07	
0.0024356654701202	0.0152551611144976	0.0473077704565905	0.0949438655223683	0.143455922904996	0.170895216716818	0.166674729648228	0.137770553346299	0.0974130729957847	0.06102322461209	0.033941282143076	0.0166639252529357	0.00742245830632234	0.00304587191470011	0.00121009227276099	0.000394763577254652	0.00011804205006144	1.61259631231475e-05	6.45038524925901e-06	2.5801540997036e-06	1.2900770498518e-06	6.45038524925901e-07	1.2900770498518e-06	
0.00213011168728592	0.0138660526920327	0.0445865092496277	0.0909095015499934	0.139824635215954	0.168667934882208	0.168309152059388	0.140214392095421	0.100753443927923	0.0633200058850708	0.0361886681413759	0.0178455736782467	0.00808745524894107	0.00328518588305745	0.00134479029273065	0.000473644949551005	0.000149707940457538	2.96834709527878e-05	3.87175708079841e-06	5.16234277439788e-06	1.9358785403992e-06	1.29058569359947e-06	1.29058569359947e-06	
0.00198587677492579	0.0128107128884436	0.0417873407457238	0.0872062019267395	0.135908603184892	0.166776849686689	0.167512837828241	0.143175517677273	0.104088091324507	0.0665313911854445	0.0380208891511474	0.019606982332411	0.008817008815072	0.00363991328252002	0.00141322635250733	0.000480974706540869	0.000172376169995184	3.61538034446827e-05	1.61400908235191e-05	5.81043269646687e-06	3.22801816470382e-06	1.93681089882229e-06	1.29120726588153e-06	6.45603632940763e-07	
0.00192724116008817	0.0118764784282593	0.0394561642995679	0.0835658479441578	0.131773984826042	0.16423179818829	0.167431173416206	0.144716706521704	0.107223927221797	0.0698350614606629	0.0405101444785444	0.0209414824783056	0.00982725180961233	0.00425593710971914	0.00156063935870502	0.000586691967354368	0.00017878292074495	6.71242734926889e-05	1.54902169598513e-05	1.03268113065675e-05	1.93627711998141e-06	3.22712853330235e-06	1.29085141332094e-06	1.29085141332094e-06	
0.00175957914370583	0.0112260118868202	0.0370226529713186	0.0807152186850302	0.128234804630038	0.161371183606802	0.167398321830375	0.145404226596696	0.110325354685298	0.0727649094061485	0.0428758942809813	0.022810766666409	0.0106057795605432	0.00467331854565502	0.00181690071903154	0.000640198268244363	0.000227998176014592	7.85756425813e-05	2.44743804761426e-05	7.08468908519918e-06	6.44062644109017e-06	8.37281437341722e-06	1.28812528821803e-06	6.44062644109017e-07	
0.00168493733012148	0.0103563101418284	0.0349592291540533	0.0766987852477811	0.124847672905744	0.159513197387574	0.1661898259671	0.147008205696325	0.11290947970475	0.0761435803630087	0.0454250344587718	0.0241275811874428	0.0118286980381043	0.00507027013100774	0.00208813716523464	0.000734905769750995	0.000280822888353579	8.37315951512965e-05	3.09162812866326e-05	8.37315951512966e-06	3.86453516082907e-06	6.44089193471512e-06	
0.00153840100470164	0.00977610298836814	0.0329359722017066	0.0731356482667026	0.120903483236589	0.156593096481932	0.166562063998772	0.148480530680618	0.115311056942768	0.0788912676230769	0.0477955713402021	0.0259793035074898	0.0127496998989235	0.00577303521680489	0.00228728300321677	0.000845636778685051	0.000292844467980941	0.000112235544997101	2.64463065797766e-05	3.87019120679657e-06	5.16025494239543e-06	1.29006373559886e-06	
0.00134516023365214	0.00909824515383736	0.0312287799680961	0.0701996613194071	0.116485578292913	0.152522563092344	0.165789383571601	0.150917674513865	0.118303030616286	0.0819662598666082	0.0500532701543058	0.027796101619684	0.0139116187084523	0.00631036503462075	0.00258759209211182	0.000985933965683554	0.000322399114597702	0.000136325076513257	3.61810629608644e-05	3.23045205007718e-06	6.46090410015435e-07	
0.00121028372850099	0.00849007896891322	0.0295585792186594	0.06693004715131	0.11279999431367	0.150058381812531	0.163552431520105	0.152117738055314	0.121468417281017	0.0851825215127448	0.0527239137978161	0.0297440311300742	0.0147922130874771	0.00680356507068173	0.00292587545256405	0.00110237268597047	0.000362503562033664	0.000122126868492625	4.97553908673657e-05	4.5232173515787e-06	6.46173907368386e-07	
0.00115926238380751	0.00807159026142141	0.0278881350527768	0.0642144867778896	0.109968559203388	0.14669962001238	0.162250259962653	0.152131241927603	0.123908753915577	0.0881065230455036	0.0557962796455859	0.0315382624360905	0.0158759563430565	0.00737900198869009	0.00315376169670572	0.00122897303940395	0.000422782216811757	0.000151685222825592	4.45373632977271e-05	9.0365664662055e-06	1.29093806660079e-06	
0.00109339924674075	0.00761253437825167	0.0263047618310827	0.0616945367429854	0.106671540545384	0.144048259135621	0.161984906448606	0.153454329306581	0.12539922611058	0.0902860244751232	0.0578831120102429	0.0327697427546183	0.017170752085904	0.00807864738261108	0.00351486597478219	0.00129389875484003	0.000497058266059624	0.00016890955344698	5.5443593879543e-05	1.48279378980173e-05	3.22346476043855e-06	
0.000955305268444008	0.00712025163257152	0.0250283525567003	0.0588835966985166	0.10246359028248	0.141425199274743	0.160520977019099	0.154355385178439	0.128215522032373	0.0933565618821579	0.0600603004176879	0.034594314771795	0.0181959834577274	0.00853578166885376	0.00391933350675136	0.00155043463162332	0.000515090273120485	0.000193642959819731	7.68117073951601e-05	2.32371551783678e-05	1.0327624523719e-05	
0.000855293738124961	0.00642213756200556	0.0237445833012787	0.0562793623374667	0.098872085423351	0.138527200991443	0.159427269970915	0.154447430466171	0.12974347006181	0.0961775545839672	0.0630557712286427	0.0365946767500389	0.0194448413116573	0.00931707736497123	0.00424931650846211	0.00183600469862048	0.000648419969266316	0.000245016119991958	7.95171049050417e-05	2.39197795242808e-05	9.05072738756572e-06	
0.000821197358729502	0.00591636838228643	0.022140023518162	0.053437915929032	0.0956420328995826	0.135420031788285	0.157700259733547	0.155372349361004	0.131805729644514	0.0988512282424697	0.0653397857521289	0.0388514866838099	0.0209259953222117	0.0100953648545621	0.00454016824531252	0.00198806001007921	0.000778554537583832	0.000272655613992014	7.36557819788853e-05	1.80908938193753e-05	9.04544690968767e-06	
0.000781781387260717	0.0055410697332171	0.0208201067959971	0.0513264073197518	0.0917188771082372	0.131554780677315	0.156116177373771	0.155438590360144	0.13378492857508	0.101538387860644	0.0682466675597613	0.0411360681444147	0.0223998488210827	0.0111462092986683	0.00492302236166579	0.00215248749505724	0.00089309463114221	0.000318407651102875	0.000117784944107161	3.62415212637418e-05	8.41321029336864e-06	6.47170022566819e-07	
0.000779974970661641	0.00517472153724559	0.0193279226493431	0.0488754007843911	0.0892158881096355	0.128390634325523	0.153883021938663	0.155500771856996	0.135776042623911	0.104131529367909	0.0709199223531994	0.0429181065247082	0.0238142399660214	0.0119749862481515	0.0054208585179956	0.00237759231273295	0.000977404105616794	0.000337058292900409	0.000143525785608845	5.13055975705825e-05	7.79325532717709e-06	1.29887588786285e-06	
0.000640028486140947	0.00485836851865569	0.0183113124547594	0.0460911478537278	0.0854909115954968	0.125419592279112	0.151571741020433	0.155895994396339	0.137633415075043	0.106452006960391	0.0734343343768722	0.0454706126209719	0.025526415307662	0.0129909538308791	0.00580574063316686	0.00267707346487381	0.00109227196467303	0.00041455652198774	0.000150098051064527	5.91295352678438e-05	9.74662669250173e-06	1.94932533850034e-06	2.59910045133379e-06	
0.000589112345544952	0.00460495985778074	0.0172214574743466	0.0436632384142864	0.0826760005644034	0.12291445451513	0.149023315454055	0.155345544301443	0.138730105266443	0.108594342830873	0.0762393304666667	0.0475230296760467	0.0271108721138534	0.0143298651999113	0.00665514884840241	0.00286168149309419	0.00122894297249444	0.000429154688807581	0.000166460000507183	7.4776953352836e-05	9.75351565471774e-06	3.25117188490591e-06	4.55164063886828e-06	6.50234376981183e-07	
0.000488813125378944	0.00423313464886599	0.0162424876628241	0.042152179924776	0.0793071706873115	0.12030385610588	0.147429414216218	0.15413193150644	0.139788219928255	0.111237768311667	0.0787547404486694	0.0496271907331937	0.0285764177852676	0.0152278596216989	0.00727701877224165	0.00316203019086432	0.00129701012550748	0.00050374367236927	0.00016488517111056	7.1406963866778e-05	1.42813927733556e-05	7.1406963866778e-06	1.29830843394142e-06	
0.000471576336338362	0.00392893792187271	0.0156392097236835	0.0398134970725942	0.076833212466221	0.116721954181202	0.145963578998442	0.153755940110454	0.140318284837296	0.113196483221093	0.0811396709214485	0.0517293943195484	0.0304734315059696	0.0162755458804207	0.00798825664650197	0.00348784863891523	0.00142445891966856	0.000533199103810363	0.00018811160596716	6.74607138640848e-05	3.50276783525056e-05	7.13526781254743e-06	5.18928568185268e-06	2.59464284092634e-06	
0.000426600969252962	0.00363064654683372	0.0146691087086892	0.0380264842698997	0.073270985623288	0.113630160299528	0.14389484091609	0.153056388479181	0.141910303580401	0.115305444348996	0.0833395464933465	0.0544123701314489	0.0318278036209216	0.0174121918407702	0.00873624325331864	0.00396323970371331	0.00153913480396129	0.000606836637113636	0.000192553932930288	8.88211744493249e-05	3.88997844303613e-05	1.62082435126505e-05	3.88997844303613e-06	1.29665948101204e-06	
0.000417382526232006	0.00327370263598096	0.0136480850554407	0.0362902782226623	0.0704975264423155	0.109961206073725	0.140794450430163	0.152740003041392	0.142551339668488	0.117835823068635	0.0863088824825524	0.0567465517408734	0.0340868867469724	0.0185000760348013	0.00913841245805953	0.00430907014291307	0.00177177264623757	0.000720874626701481	0.000234899003135222	9.38301803157224e-05	4.20618049691169e-05	2.91197111324656e-05	4.52973284282798e-06	3.23552345916284e-06	
0.000393773473094943	0.00296298400246851	0.0126562667434417	0.0341214397391025	0.0678716995650417	0.106571885606869	0.138100230196099	0.151816457665478	0.14357561806297	0.120559881325713	0.0887933360617747	0.0592390230802898	0.0360980534679823	0.0196860915336121	0.00980044076807775	0.00457810077244154	0.00196886736547472	0.000771408689095832	0.000252402340951021	0.000103284845401952	3.93773473094943e-05	2.58212113504881e-05	7.74636340514643e-06	2.58212113504881e-06	3.22765141881101e-06	
0.000360071834008817	0.00285867405962635	0.0122443747632801	0.032424500859277	0.0653417654985481	0.103133204677971	0.13499537510596	0.150581525673959	0.144994937093711	0.121535516352028	0.0916527748075967	0.0613036790452364	0.0382423341415089	0.021044556151882	0.0106746161595601	0.00507965381573082	0.0022216238917646	0.00087473622644718	0.000266672163290966	0.000100485162979205	5.02425814896024e-05	1.03061705619697e-05	6.44135660123107e-07	6.44135660123107e-06	6.44135660123107e-07	6.44135660123107e-07	
0.000323423359252122	0.00267594327000268	0.0114135076739251	0.0311320651800743	0.0624803876459977	0.100406910222424	0.13253491400083	0.148459022452897	0.145509709438764	0.123823018117484	0.0933974789662517	0.0641212478237907	0.0402405397063136	0.0225979238017132	0.0114327590643568	0.00547124516068173	0.00247508709649888	0.000958719243497362	0.000380535817532755	0.000102032369287872	4.81284760791848e-05	1.09091212446152e-05	1.92513904316739e-06	1.28342602877826e-06	1.28342602877826e-06	
0.000254944840954134	0.00251613903333628	0.0104597846933167	0.0295691175961904	0.0599517526496968	0.0970109959375372	0.129890553076569	0.147393989707403	0.145269235844476	0.126495558963361	0.0961468738509867	0.0664630951328596	0.041873729279326	0.0238347803695035	0.0125589159591627	0.0058579662576019	0.00267692083001841	0.00117863946571761	0.000400993644314794	0.000139002589163435	4.41989799644102e-05	9.60847390530657e-06	1.92169478106131e-06	0	1.28112985404088e-06	
0.000266197304158964	0.00238102263382669	0.0101135732401792	0.0276954241004135	0.058015617763763	0.0945564896336997	0.127171111627113	0.145464318656775	0.1454431511603	0.127591254360184	0.0988291167252728	0.0691792271169741	0.0436050427390997	0.0252111297413589	0.0132213465863243	0.00641246855343895	0.00288519391351089	0.00123605350629958	0.000488776736793086	0.000165491336079549	5.58052179803129e-05	8.33871073269044e-06	3.20719643565017e-06	0	0	6.41439287130034e-07	
0.000199038068277762	0.00210338294089661	0.00941450062953815	0.0266171682532997	0.0556003212859657	0.0914804644135985	0.125474240300586	0.144151073746173	0.144988959807793	0.12906013582101	0.10164424706146	0.0710951138722471	0.0453485766530914	0.0266402823515513	0.0137760025579602	0.0069541332823111	0.00315058000335154	0.00144206290758662	0.000557948649462501	0.000223436283098907	5.32908376356589e-05	2.05458651125432e-05	4.49440799336882e-06	
