# <P(N_1)> as a function of N_tot.
# number_of_species: 2
# species_total_upper_bound: 100
# species_total_lower_bound: 0
# volume: 512
# Bin widths for each species index 
1	1	1	1	1	1	1	1	1	1	1	1	1	1	1	1	1	1	1	1	1	1	1	1	1	1	1	1	1	1	1	1	1	1	1	1	1	1	1	1	1	1	1	1	1	1	1	1	1	1	1	1	1	1	1	1	1	1	1	1	1	1	1	1	1	1	1	1	1	1	1	1	1	1	1	1	1	1	1	1	1	1	1	1	1	1	1	1	1	1	1	1	1	1	1	1	1	1	1	1	1	
# Bin lower bound for each species index 
0	0	0	0	1	1	1	2	3	4	5	5	6	7	8	9	9	11	11	12	13	13	13	14	15	16	17	18	19	19	20	20	22	24	24	26	26	27	28	29	30	30	31	32	33	34	34	35	35	36	36	37	39	39	39	40	43	44	45	46	46	47	48	48	50	50	50	51	51	53	54	56	56	56	57	59	60	61	61	61	62	63	64	65	65	66	68	70	70	70	71	70	70	71	72	72	73	73	74	74	80	
# Bin upper bound for each species index 
0	1	2	3	4	5	6	7	8	9	10	11	12	13	14	15	16	17	18	19	20	21	22	23	24	25	26	27	28	29	30	31	32	33	34	35	36	37	38	39	40	41	42	43	44	45	46	47	48	49	50	51	52	53	54	55	56	57	58	59	60	61	62	63	64	65	66	67	68	69	70	71	72	73	74	75	76	77	78	79	80	81	82	83	84	85	86	87	88	89	90	91	92	93	94	95	96	97	98	99	100	
# Normalized histogram for each species index 
1	
0.0714559264696496	0.92854407353035	
0.0052078489723798	0.145199789206113	0.849592361821507	
0.000278387825172446	0.0177240248693124	0.202666336725541	0.779331250579975	
0.0015755815749637	0.0330872130742377	0.250146745342766	0.715190460008032	
3.10404767817234e-05	0.00496647628507574	0.0537310653091631	0.284082443506332	0.657188974422647	
0.000125897016240715	0.000346216794661966	0.00767971799068362	0.0719186705275085	0.315309077174871	0.604620420496034	
0.00019293845263361	0.000675284584217635	0.0127982506913628	0.0872403369991639	0.337835230561451	0.561257958711171	
9.51173113506658e-05	0.0012999365884591	0.0184844641724794	0.108148383005707	0.351997463538364	0.51997463538364	
0.000157158573000157	0.00260883231180261	0.0265912305516266	0.124249567813924	0.368662580543769	0.477730630205878	
0.000404040404040404	0.00491064491064491	0.034965034965035	0.142035742035742	0.377031857031857	0.440652680652681	
0.00012259784840776	0.000827535476752383	0.00652833542771324	0.0426640512459006	0.162656695374996	0.379470990284121	0.407729794342109	
0.000183755972069092	0.00122503981379395	0.00768712483155703	0.050196006370207	0.175241945363224	0.388552002940096	0.376914124709053	
0.00018238745174332	0.00179347660880931	0.0115816031857008	0.0613125816943794	0.192601149040946	0.387907711949418	0.344621090069003	
0.000365063429770923	0.00340725867786195	0.0168537616744243	0.0773021812539929	0.210063581880685	0.377414742478172	0.314593410605093	
0.00036507453605111	0.00450258594463036	0.0244904167934287	0.0895041070885306	0.224338302403407	0.374049285062367	0.282750228171585	
3.01540873865452e-05	0.000361849048638543	0.00512619485571269	0.0291891565901758	0.101106655007086	0.241896089014866	0.364020142930374	0.25826975846576	
0.000807996169499641	0.00742159444577448	0.036808714388317	0.109887479051951	0.248623413933445	0.354770169978453	0.241680632032559	
6.13459296975646e-05	0.00184037789092694	0.00996871357585424	0.0392920679712901	0.119563216980553	0.263266057297098	0.34684988651003	0.219158333844549	
6.05785249129184e-05	0.00218082689686506	0.0125700439194306	0.0445857943359079	0.136331970316523	0.257610177192185	0.339391185824625	0.20726942298955	
0.000604393943972681	0.00305218941706204	0.0150796289021184	0.0533075458583905	0.142123235925176	0.266658608080747	0.32588921459007	0.193285183282463	
0.000182127246236037	0.00109276347741622	0.00434069936862555	0.0164825157843613	0.0607394366197183	0.151317387081107	0.278260077707625	0.316415735794075	0.171169256920835	
3.05875875569694e-05	0.000275288288012724	0.00113174073960787	0.00614810509895085	0.0208913223014101	0.0674150429755605	0.165264735570306	0.280702291010308	0.304071207903833	0.154069678524455	
0.000124192747143567	0.000248385494287134	0.00139716840536513	0.00866244411326379	0.026949826130154	0.0752297565822156	0.179054893194237	0.274403874813711	0.296106557377049	0.137822901142573	
9.33096948772977e-05	0.000342135547883425	0.00192840036079749	0.00948648564585861	0.0314764704052751	0.0833255575254269	0.180181020808062	0.277005380859071	0.285309943703151	0.130851295449597	
9.2678405931418e-05	0.00092678405931418	0.00231696014828545	0.0125733704046957	0.0350942230460303	0.08714859437751	0.18628359592215	0.281773246833488	0.27105344454742	0.122737102255175	
0.000155149408880752	0.00117913550749372	0.00406491451267571	0.0128774009371024	0.0380736649393366	0.0992025320383529	0.190492444223787	0.280261892202191	0.257237719924287	0.116455146305893	
0.000154865886142601	0.00130087344359784	0.00405748621693613	0.014588366474633	0.0391500960168494	0.105649507526482	0.20092300068141	0.278108158334882	0.248033203245989	0.108034442173078	
0.0004332219334076	0.00123777695259314	0.00550810743903949	0.0159982671122664	0.0434769154598341	0.113039980195569	0.202871642530016	0.273920039608862	0.238829063002847	0.104684985765565	
9.11992704058368e-05	0.000455996352029184	0.00221918224654203	0.00595835233318133	0.0179662562699498	0.0532907736738106	0.119805441556468	0.207721538227694	0.26937224502204	0.230217358261134	0.0929016567867457	
0.000180072028811525	0.000420168067226891	0.00180072028811525	0.00747298919567827	0.0205282112845138	0.0572629051620648	0.127460984393757	0.215126050420168	0.26155462184874	0.220798319327731	0.0873949579831933	
3.02407161001573e-05	0.000151203580500786	0.000302407161001573	0.00166323938550865	0.00795330833434136	0.0232248699649208	0.0613281722511189	0.132303132938188	0.221029393976049	0.261219305673158	0.209295996129188	0.0814987298899238	
9.14355379457482e-05	0.000121914050594331	0.00252971654983237	0.00825967692776593	0.0252362084730265	0.0633343492837549	0.138037183785431	0.228466930813776	0.263273392258458	0.198079853703139	0.0725693386162755	
0.000538857621841696	0.0026044785055682	0.00796311818943839	0.0257454197102143	0.0687642198539097	0.145461621362711	0.22892467967908	0.26071727936774	0.193749251586636	0.0655310741228595	
5.94300656702226e-05	0.000208005229845779	0.00202062223278757	0.00977624580275161	0.0294475975395953	0.0767539298130924	0.153567289691855	0.233679018215315	0.252756069295457	0.182598876771759	0.0591329153418715	
0.000351937120567792	0.00246355984397454	0.0114966126052145	0.0339912602281726	0.0816787400651084	0.160893920286242	0.234624747045195	0.245622782062938	0.176027216470657	0.0528492242719301	
5.77750816073028e-05	0.000577750816073028	0.003148741947598	0.0141548949937892	0.0384204292688563	0.0853915706155935	0.170349828119132	0.234797931652078	0.239044400150215	0.163127942918219	0.0509287344368374	
8.51377813094191e-05	0.00110679115702245	0.00496637057638278	0.0164315917927179	0.044214887760025	0.0941623861282175	0.177512274030139	0.236768169821494	0.229957147316741	0.149047875812356	0.0457473678235945	
0.000257032700271312	0.0014850778237898	0.0055976010281308	0.0187062687419677	0.0483792660288448	0.104955019277453	0.178380693988291	0.23312865914608	0.229530201342282	0.137655290589747	0.0419248893331429	
0.00017631501616221	0.00205700852189245	0.00637672641786659	0.0217749044960329	0.0525712606523656	0.110520129297679	0.182221569203644	0.236085806641199	0.219012635909492	0.128827505142521	0.040376138701146	
0.00032213664450757	0.00219638621255162	0.00907839634521334	0.0259466424576097	0.0583945881043723	0.115881336574223	0.18765923800041	0.227692037367851	0.211614490291973	0.124403315078923	0.0368114329223651	
2.93625392723963e-05	0.000587250785447926	0.00270135361306046	0.0109228646093314	0.0288633761047655	0.0633349972105588	0.122823501776434	0.18968200369968	0.226972428575623	0.199929529905746	0.122735414158616	0.031417917021464	
8.77731940665321e-05	0.000526639164399192	0.0035694432253723	0.0111179379150941	0.0303695251470201	0.0681705140583399	0.12917288393458	0.195207583603967	0.221919892331549	0.199976593814916	0.111852306972117	0.0280289066385792	
2.91358312452654e-05	0.000874074937357963	0.00361284307441291	0.0127614940854263	0.0320785502010372	0.0731892080881067	0.136792727696521	0.199085134898899	0.222743429870054	0.185740924188567	0.10652059903269	0.0265718780956821	
0.00023270696375589	0.00125079993018791	0.00465413927511781	0.0135551806387806	0.032957123741928	0.0758333818139508	0.140235034033393	0.200564314387108	0.215137587992321	0.189656175461051	0.100180347896911	0.0257432078654954	
0.0010682835282229	0.00193445936191714	0.00554352533564314	0.0138876858668976	0.0370723256821135	0.0804966074779847	0.143727443337664	0.198989461527357	0.220874837592031	0.177970261296376	0.0944997834560416	0.0239353255377508	
5.72458997624295e-05	0.00103042619572373	0.00183186879239774	0.00563872112659931	0.0174886223774222	0.0415319002776426	0.0871568823882989	0.148753470532673	0.203165698256862	0.213927927412199	0.170192059993703	0.0880155708847354	0.0212096058619801	
0.000309623666507164	0.000844428181383173	0.00168885636276635	0.00686801587524981	0.0182677963239227	0.0468939116728122	0.0969403552227883	0.153235567315	0.194668843414868	0.214006248768542	0.165536071157148	0.0796014298983871	0.0211388521406254	
2.80780569984557e-05	0.000308858626983013	0.000730029481959848	0.00238663484486874	0.0069072020216201	0.0213954794328232	0.0494454583742805	0.0987224484065703	0.152688473957602	0.194272076372315	0.217576863681033	0.158584865927278	0.0769619542327671	0.0199915765829005	
0.000252603216480957	0.000280670240534396	0.00072974262538943	0.00308737264587836	0.00836397316792501	0.0242499087821718	0.0502961071037638	0.102697241011536	0.154452833366078	0.206601364057369	0.209408066462713	0.14956917118078	0.0719638496730192	0.0180470964663617	
5.59424911191295e-05	0.000223769964476518	0.000223769964476518	0.00109087857682303	0.00377611815054124	0.0113563256971833	0.0263209420715504	0.0560264048558082	0.105899135688512	0.157729853710386	0.206651562194064	0.204525747531538	0.140527537691253	0.0688092640765293	0.0167827473357389	
2.79712455595648e-05	0.000139856227797824	0.000447539928953036	0.00117479231350172	0.00579004783082991	0.013621996587508	0.0296495202931387	0.0580123632905373	0.108108864087718	0.160834661967497	0.207630555788649	0.191295348381863	0.144163799613997	0.0640821235769629	0.0150205588654863	
0.000454971990786817	0.000369664742514289	0.0014217874712088	0.00673927261352973	0.0150709471948133	0.0307959166263827	0.0642932294480621	0.112207467227799	0.164671424915404	0.199590525208292	0.194841755054454	0.137117183723377	0.0593454090482555	0.013080444735121	
0.000225453725622816	0.00014090857851426	0.000760906323977004	0.00157817607935971	0.00650997632735881	0.0147108555968887	0.0367771389922218	0.0674952091083305	0.116813211588322	0.170302107992335	0.199977454627438	0.193608386878593	0.125746815466126	0.0533761695412017	0.0119772291737121	
2.78605856295099e-05	5.57211712590199e-05	0	0.000585072298219709	0.00206168333658374	0.00615718942412169	0.0178307748028864	0.0403142674059009	0.074359903045162	0.119104003566155	0.173014236759257	0.200289750090547	0.181149527763074	0.120998523388962	0.0524057615691082	0.0116457247931352	
0.000168695701071218	0	0.000112463800714145	0.000674782804284871	0.0031771023701746	0.00641043664070627	0.0177130486124779	0.0419208817161976	0.0803272696600782	0.126465543903056	0.170973093035679	0.198948463463323	0.173194253099784	0.11544409143307	0.0536171169904687	0.010852756768915	
0.000286779466590192	0.000831660453111557	0.00352738743905936	0.0079151132778893	0.0189274447949527	0.04473759678807	0.0838543160309722	0.12601089761973	0.174878118726699	0.19911098365357	0.166446802408948	0.11491253226269	0.0482363062804703	0.0103240607972469	
0.000316920683396237	0.00126768273358495	0.00316920683396237	0.00907545593361952	0.0204846005358841	0.0450027370422657	0.0826874873952001	0.132847388285459	0.178512777665735	0.193840214353626	0.169264455904809	0.109481690627791	0.0452332248120084	0.00881615719265896	
0.000799223611348975	0.0011132043158075	0.00408174915796084	0.00990466404064623	0.021550493806017	0.0448421533367586	0.0854598390135297	0.136010732431352	0.177113661015014	0.193726094650911	0.170834046925843	0.107010332819547	0.0413598218873095	0.00619398298795456	
0.00056844020009095	0.00218849477035016	0.00355275125056844	0.00969190541155071	0.021856525693497	0.0503922237380628	0.0877387448840382	0.139466803092315	0.18150295588904	0.189546384720327	0.166069804456571	0.102091859936335	0.0386255115961801	0.00670759436107322	
0.000199310953560548	0.000597932860681643	0.00139517667492383	0.00296119131004242	0.0101648586315879	0.0264229378434555	0.0519632128925714	0.095526892742234	0.142706642749352	0.18447652401697	0.189174567922326	0.162296062185018	0.0926511204122889	0.0339682810853905	0.00549528771959796	
0.000253964670692477	0.000310401264179694	0.00121338675997517	0.00327332242225859	0.0119081212258028	0.0294881200970709	0.0560415373328066	0.100767537671426	0.147581691969073	0.178085670748914	0.194734465827643	0.151278288842485	0.0868276990800835	0.0322817314746882	0.00595406061290141	
0.000140833169027969	0.000225333070444751	0.00177449792975242	0.0045911613103118	0.0151254823536039	0.0312367968904036	0.059994930005915	0.109709038672788	0.143058333098611	0.185392783708419	0.189448778976425	0.141847167844971	0.0821057375433062	0.0303354646086246	0.00501366081739571	
5.56761872946941e-05	5.56761872946941e-05	0.000194866655531429	0.00172596180613552	0.00587383775959022	0.0186793608373699	0.0330438171594009	0.0658927676632704	0.106146651077334	0.15383330549524	0.1852068370358	0.181058961082345	0.137269639775068	0.0771950336840933	0.0289237792995936	0.00484382829463838	
0.000111485827364196	0.000529557679979933	0.00234120237464812	0.00788762228601689	0.017029460129881	0.035229521447086	0.0635747930544329	0.11103988405474	0.158114774659271	0.183254828729898	0.17004375818724	0.136765238719028	0.0792664232559436	0.0299060731904457	0.00490537640402464	
2.76128675962999e-05	0.000165677205577799	0.0010769018362557	0.00295457683280409	0.00806295733811956	0.0178379124672097	0.0359795664779787	0.0674582355377606	0.114234433245893	0.154217865525335	0.178185834598923	0.172497583874085	0.137953886511114	0.0769846748584841	0.0283031892862074	0.00405909153665608	
2.71503040834057e-05	0	0.000271503040834057	0.00157471763683753	0.00423544743701129	0.00893245004344049	0.0189509122502172	0.0392050390964379	0.0759394005212858	0.113026715899218	0.153317767158992	0.179219157254561	0.178078844483058	0.131434622067767	0.0666811468288445	0.0253312337098176	0.0037738922675934	
0.000109322473967586	5.46612369837929e-05	0.000628604225313619	0.00122987783213534	0.00431823772171964	0.00983902265708273	0.020579955724398	0.0455601410259914	0.0772089972396075	0.114078001585176	0.155538549837383	0.184645658531253	0.170734373718877	0.120391374456804	0.0660307742764219	0.0239142911804094	0.00513815627647654	
2.72516691647363e-05	2.72516691647363e-05	5.45033383294727e-05	0.00051778171412999	0.00182586183403733	0.00433301539719308	0.00981060089930508	0.0240087205341327	0.0460280692192397	0.0818367625017032	0.123286551301267	0.159176999591225	0.177490121269928	0.165799155198256	0.117100422400872	0.0649407276195667	0.0194576917836217	0.00427851205886361	
2.69549044448637e-05	5.39098088897275e-05	0.000727782420011321	0.00194075312003019	0.00522925146230357	0.0107550068735006	0.0264427612604113	0.0472519474918461	0.0865521981724575	0.124747297770829	0.158683522466913	0.178495377233888	0.161702471764738	0.117577293188496	0.0583843230275749	0.0173859133669371	0.00404323566672956	
2.7162841233193e-05	0.000190139888632351	0.000896373760695369	0.00220019013988863	0.00597582507130246	0.0129023495857667	0.0278419122640228	0.0513377699307348	0.0848838788537281	0.127149259812576	0.165068586174114	0.176721445063154	0.157897596088551	0.109955181311965	0.0545973108787179	0.0183077549911721	0.00404726334374576	
2.68333914723482e-05	0.00115383583331097	0.00241500523251134	0.00681568143397644	0.014409531220651	0.0284702283521614	0.0543644511229774	0.0869401883704081	0.129954114900582	0.165910859473529	0.178200552767864	0.150240158853678	0.106421230579333	0.0538277832935305	0.0175490380229157	0.00330050715109883	
2.69121050648582e-05	5.38242101297163e-05	0.00164163840895635	0.003794606814145	0.00869260993594919	0.0140212067387911	0.0290112492599171	0.055412024328543	0.0936810377307713	0.132461381129232	0.171241724527693	0.176112815544432	0.147585984175682	0.0961569513967383	0.0501910759459605	0.0172775714516389	0.0026373862963561	
2.68089327363878e-05	5.36178654727755e-05	0.000375325058309429	0.0015281091659741	0.00332430765931208	0.0074528833007158	0.0161657864400418	0.0320634835527198	0.0575855875177609	0.0978257955550789	0.136886410551996	0.170370767539744	0.171550360580145	0.147288276453714	0.0923567732768558	0.048122034261816	0.0153615184579502	0.00166215382965604	
2.68824430764268e-05	0.000107529772305707	0.000537648861528536	0.00153229925535633	0.00274200919379553	0.00763461383370521	0.0172316460119896	0.0334955240732278	0.0622866206080809	0.0961316164413022	0.137745638323611	0.175165999085997	0.169816392913788	0.140487647517406	0.0927444286136724	0.0462378020914541	0.0145702841474233	0.0015054168122799	
7.95355126063787e-05	0.000424189400567353	0.00143163922691482	0.00395026379278348	0.00843076433627615	0.0186643336249635	0.0323709536307962	0.0646358599114505	0.10241522839948	0.145523476232138	0.168721334075665	0.170603674540682	0.134786182030277	0.0909356027466264	0.0405365995917177	0.0140512738937936	0.00243908905326228	
0.000159459962261142	0.000398649905652856	0.00116937305658171	0.0039599223961517	0.0106838174714965	0.0195604220373668	0.0374996677917453	0.068222287187392	0.110957557073378	0.145241448959524	0.167140617110054	0.169665399845855	0.127488239827783	0.0865601828474234	0.038296967603051	0.0115076939431791	0.00148829298110399	
0.00021438525029478	0.000187587094007932	0.00128631150176868	0.00546682388251688	0.0112016293279022	0.0192946725265302	0.0392057026476578	0.0720870404116197	0.110783578089827	0.145433594168721	0.169659127452031	0.165746596634152	0.130078250616358	0.0810644227677136	0.0367670704255547	0.0101029049201415	0.00142030228320292	
2.70124257158293e-05	0.00037817396002161	0.000189086980010805	0.00172879524581307	0.00626688276607239	0.0119124797406807	0.0216099405726634	0.0443814154511075	0.0745002701242572	0.110886007563479	0.146299297676931	0.168692598595354	0.162209616423555	0.126148028092923	0.078957320367369	0.0356564019448947	0.00864397622906537	0.00151269584008644	
2.71267361111111e-05	0.000434027777777778	0.000108506944444444	0.000623914930555556	0.00306532118055556	0.00653754340277778	0.0130479600694444	0.024658203125	0.0482042100694444	0.078857421875	0.111979166666667	0.147026909722222	0.163302951388889	0.157877604166667	0.12548828125	0.0774468315972222	0.031494140625	0.00865342881944444	0.00116644965277778	
0.000109238878116722	0.000355026353879346	0.000382336073408526	0.000764672146817052	0.00275828167244722	0.00832946445640003	0.0149111068629325	0.0276101264440014	0.0506868394461589	0.077941939536281	0.112242947264932	0.149793811617555	0.164404511565666	0.153890269546932	0.119889668733102	0.0737635524483164	0.0325531856787831	0.00873911024933774	0.000873911024933774	
0.000166833500166834	0.000139027916805695	0.000305861416972528	0.00125125125125125	0.00308641975308642	0.00792459125792459	0.0146535424313202	0.0299188076965855	0.0523579134690246	0.0831386942498054	0.11742297853409	0.151234567901235	0.166666666666667	0.150205761316872	0.111945278611945	0.0705705705705706	0.029029029029029	0.00859192525859193	0.00139027916805695	
5.54754243869966e-05	5.54754243869966e-05	0.000249639409741485	0.00108177077554643	0.00346721402418729	0.00746144458005104	0.015755020525907	0.0282647287251747	0.056113391767447	0.0842394319316543	0.12162986796849	0.154887384888494	0.166121158326861	0.149644957283923	0.110007766559414	0.064185066015755	0.0284034172861422	0.00712859203372906	0.00124819704870742	
0.000139275766016713	0.00011142061281337	0.000417827298050139	0.00147632311977716	0.00362116991643454	0.00752089136490251	0.0154596100278552	0.0312534818941504	0.0562674094707521	0.0866852367688022	0.127799442896936	0.155710306406685	0.167632311977716	0.147632311977716	0.107075208913649	0.0570194986072423	0.0256824512534819	0.00738161559888579	0.0011142061281337	
0.000137832175543059	0.000137832175543059	2.75664351086118e-05	0.000716727312823906	0.00181938471716838	0.00391443378542287	0.00705700738780461	0.0157404344470173	0.0336034843973977	0.0556290660491785	0.0969235858418789	0.131519461903187	0.162090638438637	0.165398610651671	0.139458595214467	0.0998731943985004	0.056731723453523	0.0229077075752564	0.00559598632704819	0.000716727312823906	
0.000139879703455029	0	0.000139879703455029	0.000615470695202126	0.0024339068401175	0.00436424674779689	0.00856063785144776	0.0192474471954119	0.0368163379493636	0.0603441040704994	0.102867533920828	0.135235697300322	0.158120016785564	0.163855084627221	0.133473213036788	0.0953979577563296	0.0517554902783606	0.0207861239334173	0.00562316407889215	0.000223807525528046	
5.65898930451021e-05	0.000169769679135306	0.00104691302133439	0.00243336540093939	0.00475355101578858	0.00956369192462226	0.0198347575123083	0.0396978099711392	0.0703978269481071	0.103135080074699	0.136749476543489	0.156754003734933	0.156301284590572	0.132109105313791	0.0939675174013921	0.0471110859600475	0.0204572463358044	0.00509309037405919	0.000367834304793164	
0.000402982067298005	0.000978670734866584	0.00230275467027432	0.00529633574163093	0.00892317434731297	0.0208111453326041	0.0461126622722432	0.073342736248237	0.103652744595723	0.138971244351055	0.15664488644541	0.15298926340635	0.134193028410236	0.0844823119656889	0.0480124348752195	0.0185371750957082	0.00408738953973691	0.000259059900405861	
0.000202154388194184	0.000259912784821093	0.00101077194097092	0.0017905102954342	0.00473618852340659	0.0108296993675456	0.0254136945158402	0.0481993819851561	0.0752591908048633	0.107401738527738	0.141999018107257	0.152655442284922	0.151904583128772	0.125018049498946	0.0877061252779623	0.0458024085251393	0.0153348543044445	0.00392757097062986	0.000548704767955642	
2.88983932493353e-05	0.000231187145994683	0.000462374291989365	0.000953646977228066	0.0018783955612068	0.00563518668362039	0.0133221592879436	0.0289272916425847	0.0513813431973182	0.0794127846491735	0.109929487920472	0.141544330135244	0.14954918506531	0.147295110391862	0.123396139174662	0.0846722922205525	0.0414691943127962	0.0154028436018957	0.0043347589874003	0.000173390359496012	
0.000259852750108272	0.000259852750108272	0.000375342861267504	0.000981665944853472	0.00236754727876426	0.0057745055579616	0.0148982243395409	0.0316154179298398	0.0517973148549155	0.0783600404215389	0.112112025407824	0.136653674029161	0.150281507145951	0.147740724700448	0.12325682113469	0.0822000866175834	0.0415186949617439	0.0145228814782734	0.00479283961310813	0.000230980222318464	
2.86689028410883e-05	8.60067085232648e-05	8.60067085232648e-05	0.000258020125569794	0.000487371348298501	0.00111808721080244	0.00252286345001577	0.00616381411083398	0.0170579971904475	0.0317651443479258	0.0503999311946332	0.084773945701098	0.116997792494481	0.135517903729824	0.148103552077062	0.147358160603194	0.119950689487113	0.077606719990826	0.0409678621599151	0.0147644849631605	0.00352627504945386	0.000458702445457412	
8.62341544741154e-05	0.000172468308948231	8.62341544741154e-05	0.000114978872632154	0.000402426054212538	0.000229957745264308	0.00100606513553135	0.00321940843370031	0.00957199114662681	0.0181379171577223	0.0311592744833137	0.0523728764839461	0.0879588375635977	0.117882089166116	0.135215154215413	0.151513409411021	0.146598062605996	0.110437207163184	0.0772658024088074	0.038086751559401	0.0148322745695478	0.00324815315185835	0.000402426054212538	
0.000115393491807062	0.000144241864758828	0.000115393491807062	8.65451188552966e-05	0.000346180475421186	0.000605815831987076	0.00210593122547888	0.00441380106162012	0.00963535656588968	0.0191264712670205	0.0323101777059774	0.0568601430879298	0.0904684975767367	0.119230325409647	0.134491114701131	0.151684744980383	0.144328409877683	0.109883452573275	0.0704765751211632	0.0359162243249481	0.0145107315947381	0.0025098084468036	0.000634664204938841	
0.000142779633913019	8.56677803478112e-05	0.000171335560695622	5.71118535652075e-05	0.000257003341043434	0.00125646077843456	0.00237014192295611	0.00405494160312973	0.0103658014220852	0.0190468031639967	0.0372940403780805	0.057939975441903	0.0909791827293755	0.122676261458066	0.141551729061367	0.151232188240669	0.138896027870585	0.104371912390417	0.0692766783745967	0.0332676547017333	0.0115080384933893	0.00291270453182558	0.000285559267826037	
5.73263013070397e-05	0.000229305205228159	0.000171978903921119	2.86631506535198e-05	8.59894519605595e-05	0.000429947259802798	0.00137583123136895	0.00177711534051823	0.00524535656959413	0.0110353130016051	0.0218126576473286	0.0384946113276771	0.0634028892455859	0.0959642283879844	0.123738821371245	0.137984407246044	0.149134372850264	0.135347397385921	0.105308415501032	0.0646640678743407	0.0303542765420775	0.0104620499885347	0.00266567301077734	0.000229305205228159	
0.000256651552741894	0	2.85168391935438e-05	0	8.55505175806314e-05	0.000342202070322525	0.00156842615564491	0.0027376165625802	0.00556078364274104	0.0103801294664499	0.0230130892291898	0.0410927652778966	0.0666153363561183	0.0982975447001454	0.12738472067756	0.140388399349816	0.141529072917558	0.13591125559643	0.100978127584339	0.0625944620298286	0.0286023897111244	0.0104086463056435	0.00193914506516098	0.000285168391935438	
5.6556287645279e-05	5.6556287645279e-05	0	0	0	5.6556287645279e-05	0.000876622458501824	0.00124423832819614	0.00226225150581116	0.00650397307920708	0.0136017871786896	0.0240929785368888	0.0415405932754574	0.0684613861946102	0.100924695303	0.124197607669033	0.142408732290812	0.139524361620903	0.131549925062919	0.0997935695500947	0.0580833074117015	0.0292678788564319	0.0124989395696067	0.00268642366315075	0.000311059582049034	
5.72458997624295e-05	0	0	0	5.72458997624295e-05	0.000400721298337007	0.000429344248218221	0.000944557346080087	0.00352062283538942	0.0069839997710164	0.0141683601912013	0.0241577696997453	0.0401007527835819	0.0697541288605204	0.100724160631995	0.127658356470218	0.139393765921516	0.150213240976615	0.129261241663566	0.0951426854051579	0.0530383261298909	0.0287660646306208	0.0123078684489223	0.00246157368978447	0.000457967198099436	
2.86672591233552e-05	0	0	0	0	5.73345182467104e-05	0.00060201244159046	0.000372674368603618	0.00137602843792105	0.00387007998165295	0.00693747670785196	0.0124415904595362	0.025829200470143	0.0457816128199983	0.0716394805492647	0.104377490468136	0.132672075222888	0.143651635467133	0.144884327609437	0.128916664277728	0.0890691740962646	0.0498810308746381	0.0258865349883898	0.00891551758736347	0.00220737895249835	0.00060201244159046	
0.000117364004459832	0.000264069010034622	0.000850889032333783	0.00228859808696673	0.00337421512822017	0.00633765624083094	0.0126459714805469	0.0277859280558653	0.04894078985975	0.075553077871017	0.108033566105276	0.133941670089783	0.143888269467754	0.144299043483364	0.120972947596972	0.0835925121765155	0.0504078399154979	0.0247344639399096	0.00809811630772842	0.00305146411595564	0.000821548031218825	
