# <P(N_2)> as a function of N_tot.
# number_of_species: 2
# species_total_upper_bound: 100
# species_total_lower_bound: 0
# volume: 512
# Bin widths for each species index 
1	1	1	1	1	1	1	1	1	1	1	1	1	1	1	1	1	1	1	1	1	1	1	1	1	1	1	1	1	1	1	1	1	1	1	1	1	1	1	1	1	1	1	1	1	1	1	1	1	1	1	1	1	1	1	1	1	1	1	1	1	1	1	1	1	1	1	1	1	1	1	1	1	1	1	1	1	1	1	1	1	1	1	1	1	1	1	1	1	1	1	1	1	1	1	1	1	1	1	1	1	
# Bin lower bound for each species index 
0	0	0	0	0	0	0	0	0	0	0	0	0	0	0	0	0	0	0	0	0	0	0	0	0	0	0	0	0	0	0	0	0	0	0	0	0	0	0	0	0	0	0	0	0	0	0	0	0	0	0	0	0	0	0	0	0	0	0	0	0	0	0	0	0	0	0	0	0	0	0	0	0	0	0	0	0	0	0	0	0	0	0	0	0	0	0	0	0	0	0	0	0	0	0	0	0	0	0	0	0	
# Bin upper bound for each species index 
0	1	2	3	4	5	6	7	6	6	6	6	6	7	7	7	8	9	9	9	10	10	10	10	10	11	11	11	12	12	12	12	12	11	12	12	12	12	12	13	14	14	14	14	15	16	16	16	16	16	14	15	15	15	15	15	16	16	17	17	17	16	17	16	17	17	17	17	18	18	18	18	19	22	22	23	23	23	21	21	20	20	20	20	20	20	20	20	20	20	21	22	23	23	23	24	25	24	24	25	22	
# Normalized histogram for each species index 
1	
0.920051987201336	0.079948012798664	
0.84721239981141	0.146456859971711	0.00633074021687883	
0.780976110907738	0.201163161437361	0.0173942822054013	0.0004664454494999	
0.719953771426428	0.245931557330933	0.032367034244777	0.00172536664041109	2.22703574509583e-05	
0.661913585376959	0.284105660271349	0.0496416460753134	0.00418577048727472	0.000149826236680974	3.51155242221033e-06	
0.609233117041701	0.314599743628394	0.0679080941680718	0.00777528105642863	0.000459225346434694	1.86961973103183e-05	5.84256165947447e-06	
0.561055785618747	0.337957700821803	0.0869720633845183	0.0128649778925173	0.00108171883487433	5.60718186543932e-05	3.50448866589957e-06	8.17714022043234e-06	
0.518486193385452	0.353757358266327	0.107163748119812	0.0183863809400011	0.00206704610870736	0.000126506471560417	1.27667081391246e-05	
0.475037816233919	0.369160456477794	0.126157037982764	0.0259949023254093	0.00336529788090315	0.000268298662669942	1.61904365404275e-05	
0.436230321825696	0.377133831760617	0.146690953948317	0.0341366966606909	0.00527326074049309	0.000507266009142317	2.76690550441264e-05	
0.402065118578559	0.38077053249749	0.165038528935109	0.0435837280946457	0.00757410365790972	0.000904456788797211	6.35314474889484e-05	
0.37026527435465	0.38318384819228	0.181677723625447	0.0528035413153457	0.0105454200100069	0.00142690361914645	9.72888831236217e-05	
0.340252314742271	0.383266998861345	0.197250746625531	0.0630044002446773	0.0138623376894711	0.00216356003124626	0.000188034723745652	1.16070817126945e-05	
0.313770610850563	0.379073864571695	0.212901636492487	0.0736602582288708	0.0172148688832926	0.00302033677864212	0.000343246622698409	1.51775717519705e-05	
0.288499111900533	0.374444937833037	0.226780873142002	0.0842689539123119	0.0212641394783584	0.00412849397027204	0.000542208095727774	7.12816677573151e-05	
0.265646637382859	0.367417210191886	0.238115421170745	0.0959862034500716	0.026404466831534	0.00550764438154887	0.000782302678744486	0.000123767289473008	1.63466231379445e-05	
0.245306513855851	0.359624846964188	0.24774694044754	0.106603698927935	0.0322294582881403	0.00723166945195723	0.00108230649989061	0.000141979992458768	2.90942607497475e-05	3.4913112899697e-06	
0.225551462884231	0.350033993490014	0.25713281209982	0.118182093347055	0.0381157827583156	0.00925274858321653	0.00148430478656279	0.000204892268576511	3.25964972735358e-05	9.31328493529595e-06	
0.20738879875322	0.340302274326454	0.263392706570599	0.129089397137756	0.0454237248710478	0.0118223106133296	0.00217837558079354	0.000325651448276664	5.58259625617139e-05	2.09347359606427e-05	
0.191351731329665	0.329121393257172	0.270189147416739	0.139506112492202	0.051519743396367	0.0145084401739244	0.00317263018723872	0.000526056069197322	9.54349506065939e-05	5.81920430528011e-06	3.49152258316807e-06	
0.174685401855379	0.318819143567453	0.275023081771099	0.150958271413721	0.0585009523410846	0.0169235313133005	0.00421402208873168	0.000745360970992551	0.000116280962713346	1.27909058984681e-05	1.16280962713347e-06	
0.161023222306284	0.305468741803532	0.278696818400656	0.161194583132732	0.0665357951783493	0.0204385671437181	0.00534599149723899	0.00106430227583498	0.000205166703775417	2.21486782484825e-05	4.66287963125948e-06	
0.149018616110032	0.294175094455723	0.279938560077569	0.170163645559707	0.0737477187282216	0.0245957807834755	0.00662064111020728	0.00138449597587154	0.000306500371762808	4.428522481744e-05	4.6616026123621e-06	
0.13806018866077	0.284144055507113	0.280894017038222	0.177209862957488	0.0811250635319572	0.0283247613763004	0.00810061596855343	0.001725271497116	0.000341557127469586	6.87777150877324e-05	5.82861992268919e-06	
0.126142278841195	0.272859256810013	0.282474831736171	0.186228270651831	0.0877556556555391	0.0325129610591918	0.00935012498268172	0.00218879777953451	0.000398174915213192	7.45122648352173e-05	1.2806795518553e-05	2.32850827610054e-06	
0.115924380303707	0.260525997469108	0.281705932708054	0.194647210436207	0.0963239262319488	0.0362222253238053	0.0111436001935388	0.0028216651779068	0.00057456825963972	8.60689295816585e-05	1.74464046449308e-05	6.97856185797231e-06	
0.106346968867951	0.248525470412034	0.280086431545659	0.20147615249789	0.104049392104311	0.0417111034860105	0.0134261019558383	0.00353562519127153	0.000712921145125242	0.000112444473296176	1.5069877864436e-05	2.31844274837477e-06	
0.0983501978741863	0.23758008917097	0.27769890647255	0.206510594272087	0.112322017620777	0.046297456168432	0.0156199980514148	0.00448406567659981	0.000948775406999132	0.000172820948218668	9.27897708556609e-06	4.63948854278304e-06	1.15987213569576e-06	
0.0897011923889477	0.227004381217939	0.274508195869203	0.212942438904938	0.119241204933115	0.052092946966818	0.0177304759737612	0.00520594496506461	0.00125903705611725	0.000258737890431434	3.81176356439166e-05	1.15507986799747e-05	5.77539933998736e-06	
0.0837276464932263	0.215853858869777	0.269829672797619	0.217846963989702	0.126902783569462	0.0571739722297849	0.0205261108258348	0.00610453060938471	0.00159218656842439	0.000365306875006462	5.0545605346806e-05	1.49339288524654e-05	1.14876375788196e-05	
0.0771687513116234	0.207137295286413	0.266244347835062	0.220426118477863	0.133709322474143	0.0622102244123067	0.0236591052177094	0.00712261657249737	0.0018119037489206	0.000416279152441884	7.45403441011639e-05	1.49080688202328e-05	4.58709809853316e-06	
0.0705045063021717	0.19435757527801	0.263148780792683	0.224879329266824	0.140514747116116	0.0685561140411536	0.0265045567608294	0.00867315519133579	0.0022866946253502	0.000479357248443522	8.25687126505589e-05	1.14678767570221e-05	1.14678767570221e-06	
0.0644323762707055	0.185200314901525	0.257112746646161	0.228851707928836	0.146983032849538	0.0742844915576183	0.0295162966116047	0.00991276129274399	0.00291215254415716	0.000657951950055154	0.000108705104791721	2.74623422631716e-05	
0.0591532605120412	0.175206607781587	0.249615206974524	0.23132507475242	0.15549305653449	0.0800231964581851	0.0331558070797332	0.0113804757795282	0.00349207549851183	0.000856114341118587	0.000249843274918142	4.81349428741374e-05	1.14607006843184e-06	
0.0544949035352866	0.165159524604332	0.243698583781856	0.233413053717515	0.161446353364033	0.0858099240446129	0.0372974789762256	0.0131195668576602	0.00406642552393669	0.00108720007682423	0.000316671315752169	7.43091535158519e-05	1.60050484495681e-05	
0.0507180786181518	0.157661519239582	0.237182541763471	0.233148123237293	0.16792597372099	0.0906416082042677	0.0409358391795732	0.0150934448393871	0.00480277062751795	0.0013588660308572	0.00043547552331162	9.11990624736378e-05	4.55995312368189e-06	
0.046655556035551	0.148789615728288	0.231292872749927	0.233165233880301	0.172063962675555	0.0979903096501061	0.0453209161041246	0.0170126802161798	0.00552158956297932	0.00165750001705247	0.000403575107032666	0.000105725309729684	2.04629631734873e-05	
0.0428315942953479	0.139827766892969	0.225063790039641	0.233929466441883	0.176928509591288	0.104010798742425	0.049499931653529	0.018950198204766	0.00635622180708069	0.00192737048343737	0.00051373764067982	0.000128719187132638	3.18950198204766e-05	
0.0397655390539054	0.13221603410341	0.218372983131646	0.232973505683902	0.181401265126513	0.110449899156582	0.0537082874954162	0.0211358635863586	0.00703153648698203	0.00221740924092409	0.000544325265859919	0.000135221855518885	3.78162816281628e-05	1.03135313531353e-05	
0.0367104964886663	0.124717649184218	0.211337068476474	0.231708902781565	0.184700872108745	0.116461440918344	0.0584309407014382	0.0242013341112005	0.00831834558243953	0.00249239680890359	0.000688113246410132	0.000161096746651201	5.40824792329033e-05	1.61096746651201e-05	1.15069104750858e-06	
0.033835273541605	0.118616051599052	0.204367319366301	0.229883448697068	0.188447355270951	0.121347072105419	0.0625023134438851	0.0271320698845129	0.00981015879478827	0.00292072290494522	0.000823586023097424	0.000219777169084987	8.09705359786793e-05	1.15672194255256e-05	2.31344388510512e-06	
0.0302729620365006	0.111623813604503	0.19785381965285	0.228126781689351	0.19237561278549	0.126012635610773	0.0680329224389065	0.0299780617301512	0.0109564137347216	0.00336533290775171	0.00101538223127354	0.000282179116663718	6.70753637971132e-05	3.4694153688162e-05	2.3129435792108e-06	
0.0278258086288535	0.105515178715355	0.190127949548471	0.224421397367252	0.195286288999215	0.132322771958024	0.0724220189657112	0.0335245676353629	0.0128981680240939	0.0040206751069532	0.00118869108296136	0.000314278325348808	9.39355880193855e-05	3.71103557607449e-05	1.15969861752328e-06	
0.0258911824261705	0.0988294760795084	0.184592123531599	0.221655799986244	0.196610947971663	0.137568327191803	0.0770452110638467	0.0361753792457867	0.0146708928785842	0.00495091633336092	0.00146184343819981	0.000419667972688941	8.74308276435294e-05	3.73038197945725e-05	0	3.49723310574117e-06	
0.0233029027037252	0.0930446276977115	0.176733529976389	0.219978654186138	0.198458850922611	0.142795087193212	0.0818135534240881	0.0395493090635633	0.0161494860890219	0.00584674452984327	0.00169668859633758	0.000448402216788459	0.000137790264533954	3.38637090803784e-05	4.67085642487978e-06	1.16771410621995e-06	4.67085642487978e-06	
0.0215216934183781	0.0872070746010607	0.17112801102778	0.216319712156258	0.200216116445877	0.146655451975421	0.0860131772622135	0.0433003901777996	0.0182005093338941	0.00661316324384944	0.00203733557627158	0.000594612275414126	0.000149529216607089	3.62141071470293e-05	4.67278801897152e-06	0	2.33639400948576e-06	
0.019986575046426	0.0818746754856606	0.16366398323518	0.212835799252506	0.201996435604661	0.149470720035925	0.0915036883539697	0.0469534242986982	0.0203970418325295	0.00775326151528901	0.00250723871625636	0.000736735257108911	0.000275983366155084	3.74214733769605e-05	3.50826312909005e-06	1.16942104303002e-06	2.33884208606003e-06	
0.0194167143627973	0.0770792879406625	0.157804550035289	0.208584835322525	0.202446957806189	0.154021632389828	0.0954449317447888	0.0499820334820984	0.02238031197366	0.00883929271612785	0.0027224834292523	0.000927002096288831	0.000273886982994427	7.02274315370327e-05	1.17045719228388e-06	3.51137157685163e-06	1.17045719228388e-06	
0.017950017024493	0.0732720139565741	0.150130287099647	0.205308365636968	0.203438596573338	0.157264193220391	0.100455039542457	0.0532392754469368	0.0243690114444376	0.00988824678143476	0.00327970130497712	0.00100157842206936	0.000312408222771634	8.5414982255915e-05	4.68027300032411e-06	0	1.17006825008103e-06	
0.0167419343862601	0.0685716498238278	0.144374397946241	0.199375565387878	0.205250319433151	0.161834396937196	0.104559358247359	0.0567083308400535	0.0262445573166911	0.0107639292213575	0.00397751472208436	0.00112402923414655	0.00035551237781462	9.50379623860864e-05	2.34661635521201e-05	
0.0150433718144705	0.0649915364926523	0.140045568226412	0.195792260430028	0.203468573737942	0.165057721705821	0.109281744009653	0.0598923465293763	0.0282862715468011	0.0116064264084858	0.00458025103524216	0.00138696092729584	0.000399454118418818	0.000128856167231877	3.51425910632391e-05	3.51425910632391e-06	
0.0138599271391899	0.0612884551286175	0.13573395863424	0.191932682692926	0.201874733204297	0.166875815006052	0.113576319651952	0.0641198519393489	0.0302085830736035	0.0129781125190777	0.0051084433165118	0.00178000245598236	0.000465467133693154	0.000162562642169217	2.8068369870944e-05	7.01709246773599e-06	
0.0124965413860374	0.0571964270912502	0.129053874990222	0.188860752991336	0.201340949872571	0.168795538417175	0.117563688114159	0.0684332741428767	0.033694196650077	0.0142197191780582	0.00561083500572641	0.00186093861821221	0.000674794555411957	0.000156440260251215	3.50239388622123e-05	7.00478777244246e-06	
0.0116586319097069	0.0545557478833928	0.122324379432727	0.184309613459797	0.201297108533737	0.170821219198322	0.121110737822025	0.0723035127019684	0.0365301474853555	0.0162469876926976	0.00576828512672906	0.00216107256158592	0.000688195242850384	0.000185998714283888	2.44123312497602e-05	1.39499035712916e-05	
0.0105644291093775	0.0509213596182666	0.117925222617962	0.178166228365521	0.199601066758152	0.174531554784939	0.124522340609248	0.076366392713963	0.039641817754036	0.0174872305433118	0.00676749331537631	0.00244668237519428	0.000805515988043593	0.000200509735153297	3.8247521734444e-05	1.3908189721616e-05	
0.00944628575796107	0.047409769847391	0.11261658757125	0.172763846330227	0.198513284092672	0.17660049518595	0.12921851875013	0.0799269033275662	0.0425088649402326	0.0191149188084964	0.00781458088693408	0.00280018621585753	0.000934553464101335	0.000266353527562958	4.51642938041537e-05	1.73708822323668e-05	2.31611763098224e-06	
0.0090690946655518	0.0448729678209853	0.107273805360158	0.167804308601685	0.196060832767794	0.178829437093072	0.133419110068305	0.0831887636337526	0.0450513154877577	0.021145779529857	0.00872977085799125	0.00319867698458103	0.000934588097956877	0.000311529365985626	7.87509177956228e-05	2.31620346457714e-05	8.10671212602e-06	
0.00827274861321026	0.0416551510406849	0.10226107147937	0.163535380050349	0.193218520133169	0.180045029470366	0.136820669613896	0.0882700195544002	0.048313591984893	0.0228674313427779	0.00939906356278628	0.00367613472762027	0.00111359476020708	0.000404733298102263	9.94487532479847e-05	2.31276170344151e-05	1.61893319240905e-05	8.09466596204527e-06	
0.00777340203443151	0.0391110494266234	0.0972189934248191	0.158404607831231	0.190077664625296	0.181003105428428	0.141277909821134	0.0917587596791636	0.0516160371957461	0.02514298271485	0.0104855918530213	0.00412206589059871	0.00137633513182168	0.000462633657755186	0.000134163760749004	1.27224255882676e-05	1.85053463102074e-05	3.46975243316389e-06	
0.0070769917778453	0.0372517470927824	0.0926408032483496	0.154568221786408	0.187658251157823	0.180793028202083	0.143390510915302	0.0962638915743631	0.0544453037961863	0.027514984945999	0.0116093049378965	0.00448052187203639	0.00161588818606193	0.000489139942362051	0.000156524781555856	3.33766078317635e-05	9.20734009152096e-06	2.30183502288024e-06	
0.00665648238624113	0.0349625888257341	0.088524105090764	0.148555162558548	0.185497263548075	0.180437235931242	0.145801507457004	0.100074317722024	0.0586330126661253	0.0299289394127065	0.0130663859108279	0.00524696880031929	0.00182697733309478	0.000583761118986343	0.000165150493387099	2.40844469522853e-05	1.60562979681902e-05	
0.00628867945774646	0.0326177130946554	0.084004945455214	0.145433612089708	0.182220031391691	0.180777989966609	0.147582311264929	0.103700588536747	0.0618963246902771	0.0320351513396622	0.0146490726122437	0.00569232925884816	0.00219236258092093	0.000673335677368797	0.000191889177680186	3.44711097629077e-05	8.04325894467846e-06	1.14903699209692e-06	
0.00556108687804239	0.0306992230344196	0.0797959056972111	0.139492799444466	0.179880523434284	0.181786721913465	0.150467811918684	0.106286086130739	0.0652499327426954	0.0343115726252423	0.0163751417002187	0.00656477280827414	0.00235802960241161	0.000833530698073337	0.000256382545752213	5.97842707583635e-05	2.06945552625104e-05	
0.0052350835816908	0.0285292478338776	0.0764649251703187	0.134391712307629	0.175026371186542	0.182558857263938	0.154468361485631	0.110124462787837	0.0675804839400626	0.0367238925253233	0.0174199536604128	0.00748066496846973	0.00264402813540741	0.000895929394314879	0.00030286559216557	0.000138189623801781	1.38189623801781e-05	1.15158019834817e-06	
0.00478700206063767	0.0267398312261602	0.0731387919079013	0.130083233147422	0.171712498355874	0.18179185482773	0.156793066288845	0.114278857580631	0.0705012679959664	0.0384171625965419	0.0186126578072323	0.00862906445203883	0.00303557542095389	0.000985321706383362	0.000317287434725321	0.000139606471279141	3.34594022073975e-05	3.46131746973078e-06	
0.00428463169957442	0.0248656503999298	0.0689099083696451	0.126308262442644	0.170450712295472	0.180368092489823	0.157651111532117	0.116357381488173	0.0745957960011644	0.0411308470378397	0.0202841326537685	0.00931667690942781	0.00372898116102083	0.00116559541247522	0.000417026703571412	0.000136313437732484	2.0793575247328e-05	8.0863903739609e-06	
0.00392014468687411	0.02266514332234	0.065055899644296	0.121298990244737	0.166956533805755	0.180309309823258	0.159457377966705	0.119499655397311	0.0784549310563344	0.0440941112257217	0.0221008275090082	0.0100697993903539	0.00414217058064397	0.0013217478988487	0.000467179484807416	0.00013298425928924	4.62553945353877e-05	6.93830918030815e-06	
0.00382508407191899	0.0213206154886945	0.0611909194218586	0.11634302501364	0.163550725225283	0.179335278697108	0.162293845692263	0.122979580630849	0.0809708438700769	0.0466215425676717	0.0238030973681985	0.010847391656405	0.00453635046203355	0.00172024525947901	0.000481900355517354	0.000128583989092371	3.8227672432867e-05	1.04257288453274e-05	2.31682863229497e-06	
0.0032500458324921	0.0200618680627592	0.0584845805572767	0.112201421619477	0.159292856861066	0.179288586897245	0.163378330397733	0.125657609237974	0.0840312635611962	0.0489119714469376	0.025682440005848	0.0118723559293321	0.00514484227821135	0.00191220118955623	0.000632372359410281	0.000160123643300218	2.43666413717723e-05	3.48094876739604e-06	9.28253004638944e-06	
0.00308529924502959	0.0190233056081693	0.0552164175036217	0.108349678073381	0.155461965567596	0.177253921287753	0.1651284632774	0.129559370552559	0.0872049392625207	0.051115057304214	0.0271599124517342	0.0127865935628595	0.00554773920638216	0.00218754675794204	0.000663455326374785	0.000209939535094119	3.59564949608712e-05	2.3197738684433e-06	8.11920853955156e-06	
0.00296000351637776	0.0170983868617023	0.0531239083613448	0.103688032517241	0.151582485662664	0.175070501060697	0.165779860871738	0.132328004016074	0.0911216088353618	0.0548473961454022	0.0288342976382434	0.0139787583022373	0.00603452065062242	0.0023504209242984	0.000889504769087338	0.000237124158209238	7.05588958573831e-05	3.47010963233032e-06	1.15670321077677e-06	
0.0026625693389475	0.0164702400358863	0.0498165220346978	0.0997752481634862	0.147820577741706	0.172405700187524	0.166457406983493	0.135192160507958	0.0944454849622061	0.0577568286868435	0.0311265107739834	0.0149973293377451	0.00684545074073303	0.00278858760119035	0.00104861067756204	0.0002682223563334	0.000106364037856348	1.38735701551759e-05	0	2.31226169252931e-06	
0.00237717908082409	0.0157631684583489	0.0477872163685428	0.0954746585052892	0.143807152652254	0.170442231879955	0.167120678093523	0.137182607727166	0.0973413647722711	0.0606232873057013	0.0333071909377154	0.0164697092393259	0.00751787234931191	0.00301875059458481	0.00123209574613723	0.000382854610381625	0.000120657210544512	1.5082151318064e-05	9.28132388803939e-06	3.48049645801477e-06	1.16016548600492e-06	0	2.32033097200985e-06	
0.00204047049210391	0.0142995429253244	0.0453139979989925	0.0910945882265549	0.140515062107836	0.168349261693242	0.168220426525652	0.139926598774789	0.10049375207471	0.0631977120731319	0.0355933265704543	0.0174774770592154	0.00807250982513238	0.00333694690830418	0.00137424178762857	0.000478199000424808	0.000167137514711583	2.78562524519306e-05	6.96406311298264e-06	8.12474029847974e-06	2.32135437099421e-06	1.16067718549711e-06	2.32135437099421e-06	
0.00188910730966024	0.0128531329438937	0.0419937169173858	0.0879166840938559	0.135576561127609	0.167600764007975	0.167132553524707	0.143062119796822	0.103975258038581	0.0665939371970574	0.0376624794940074	0.0193732253312328	0.00859044246471575	0.00362369354171604	0.00141160232548413	0.000468210483267575	0.000182404580330048	4.4148879315553e-05	2.67216901120452e-05	1.04563135221046e-05	5.80906306783591e-06	3.48543784070155e-06	2.32362522713437e-06	1.16181261356718e-06	
0.00190813098395916	0.011768162666134	0.0386945271597999	0.0840646093383443	0.132365989510506	0.16428972930787	0.16749278789202	0.144820521873243	0.106871594282343	0.0699493178112356	0.0404714233286724	0.0207908465458532	0.00984725661167967	0.00422390285371847	0.00154926764004961	0.00058765324277744	0.00017768961688725	7.54890529259557e-05	1.85819207202352e-05	1.85819207202352e-05	3.48411013504411e-06	5.80685022507351e-06	2.32274009002941e-06	2.32274009002941e-06	
0.00178232888658297	0.0110888882969668	0.0366101239523462	0.0802580728843965	0.127973298651846	0.162022844847054	0.167704524845479	0.1456552982882	0.110693162643591	0.072966622156699	0.0429310798087268	0.0223885523297088	0.0105445773309538	0.00465675403050689	0.00176727347688473	0.000621904231380801	0.000195720326077012	6.71702894228798e-05	3.01108193964634e-05	1.15810843832551e-05	1.15810843832551e-05	1.50554096982317e-05	2.31621687665103e-06	1.15810843832551e-06	
0.00176655348538573	0.0103818277523586	0.0348544357614285	0.0757790130669428	0.124149260465412	0.159638822529052	0.166617113703804	0.147173456579457	0.113368309626965	0.0762579607702497	0.045686289254334	0.02421462410125	0.0118984954794972	0.00505440221195171	0.00208353819723622	0.000711480283897986	0.000241787608674275	6.13145610513712e-05	3.58632338225001e-05	6.94127106241938e-06	6.94127106241938e-06	1.15687851040323e-05	
0.00150125452056001	0.00988325892702003	0.0327472726051168	0.0730981213467736	0.120220832686574	0.156430489367272	0.165974344301604	0.14861724728303	0.115313954485114	0.0795699647158853	0.0481826248323252	0.0262175104659218	0.0128000481884167	0.00590655617309835	0.00231675080333334	0.000834030289200003	0.000243258834350001	9.8461909141667e-05	2.54842588366668e-05	6.95025241000002e-06	9.26700321333336e-06	2.31675080333334e-06	
0.00127615152644676	0.00896789648657718	0.0309318693007177	0.0703915427963627	0.116694128890143	0.151257049895318	0.166242250485669	0.150567301026611	0.11799118189746	0.082366930141445	0.0504108882781012	0.0282611245228947	0.0141189503276307	0.00653055157846822	0.00255114185951186	0.000947533799436357	0.000305393859377159	0.000133537238891153	4.76089286481503e-05	5.80596690831101e-06	1.1611933816622e-06	
0.00117104197126175	0.00839285547991768	0.0294401814067404	0.067215015412123	0.112828613467681	0.14957558458974	0.163394112662153	0.152042222698192	0.121181890988331	0.0850879561941834	0.0530286451300485	0.030201475093823	0.014865015877746	0.00694825996666139	0.00293808144678394	0.00113961241537301	0.000355037575780151	0.000132702569307991	5.7038823649926e-05	3.49217287652608e-06	1.16405762550869e-06	
0.00114678632052736	0.00794367823853621	0.0280747262265957	0.0646985407289603	0.110034438517118	0.146770021026356	0.162220783726578	0.151769310833813	0.123744647360296	0.0875318131332065	0.0556674529235484	0.0319446934645986	0.015905984478218	0.0074255869566736	0.00319004519618778	0.00128067507876152	0.000423787026062902	0.000174637510740207	4.42415027208524e-05	5.8212503580069e-06	2.32850014320276e-06	
0.00101238157815027	0.00748043971611376	0.0264302656657021	0.061769256219914	0.106907028654243	0.144085547990848	0.161914647728491	0.15339852651298	0.12502038743109	0.0903023397780915	0.0578560344466036	0.0330392883272055	0.016948362714534	0.00815380744013085	0.00355090799793097	0.00129780561341703	0.000539393176851062	0.000213194279403336	6.17447913026054e-05	1.74749409346996e-05	1.16499606231331e-06	
0.000934288019975078	0.00707723175131121	0.0250027152745581	0.0591883139254461	0.102870950299381	0.14227688326188	0.160323824227723	0.153943804911319	0.12764826858912	0.092972168727745	0.0600828947045723	0.0343829669951078	0.0181940913289897	0.00843662082037495	0.004161085268964	0.00157777889373291	0.00056757997213486	0.000220725544719112	9.81002420973832e-05	3.036436064919e-05	9.34288019975078e-06	
0.000806108668121556	0.00635190265011145	0.0237019313896379	0.0564299433153731	0.0985310129865275	0.139442780303845	0.160007897528401	0.154487805561916	0.128976218626017	0.0959175853190087	0.0626346435130449	0.0361230145193022	0.0196281619320439	0.00944899551850312	0.00451654508834484	0.00192064152230701	0.000677598590594932	0.000247673967596768	9.8134968293059e-05	3.6216476393867e-05	1.51875546167829e-05	
0.000756052215513444	0.00588949484727628	0.0219932901826561	0.0537206065712273	0.0954588956496031	0.135127681677478	0.15873941439257	0.156003837520055	0.131244588150196	0.098899108512774	0.0651805819615524	0.0382092663722698	0.0205606471900449	0.0102166375892334	0.00473613543968468	0.00207534580332593	0.000806299889805682	0.000272272281630035	7.82928878506966e-05	2.33710112987154e-05	8.17985395455039e-06	
0.000767338331771321	0.00556583880037488	0.0209114339268978	0.0515768509840675	0.0918181818181818	0.131556935332709	0.155469775070291	0.155980552952202	0.134047563261481	0.101637769447048	0.0682860824742268	0.0405201499531396	0.0220442830365511	0.0112242268041237	0.00493088097469541	0.00219423617619494	0.000945407685098407	0.000346766635426429	0.00012066541705717	5.15463917525773e-05	3.514526710403e-06	
0.000763751348921392	0.00515679262091455	0.0192761896692333	0.0490601386520554	0.0897813835314497	0.128607960195492	0.153757621332317	0.155451054600572	0.136251357747487	0.104310311349298	0.0708088115016952	0.0421875533243189	0.0232738219223704	0.0119081662553707	0.00544511169716376	0.0024395324288352	0.000974400796466738	0.00034480607894294	0.000145924756958787	5.06029399131277e-05	4.707250224477e-06	
0.000664489403514725	0.00473154156828925	0.0180390022291027	0.0464683095106813	0.0860690503456759	0.126370803937924	0.151452922575203	0.155456353414109	0.137911005546837	0.106119193375842	0.073077339968802	0.0455069205864472	0.025248240988157	0.0127949555357623	0.00569175231982205	0.00267209568647411	0.00109098792137347	0.000450061971884087	0.000126064479035595	4.71269080506897e-05	1.17817270126724e-05	
0.000636264983156652	0.00449627254764034	0.0169847402448206	0.0440684196945221	0.0833530693304961	0.123383562918948	0.149993578436744	0.155324065073412	0.138415912280268	0.108246347662256	0.0757167112641289	0.0471130654657754	0.0270035571925632	0.013942451010542	0.00658652084415868	0.0028573010817683	0.00122068615287091	0.000433602803336385	0.000156709708814509	5.65568873917024e-05	5.89134243663567e-06	4.71307394930853e-06	
0.00051158637537533	0.004197120331921	0.0161994529780546	0.0421225671779793	0.0798849165328055	0.121034765579624	0.148802406802691	0.154860481243202	0.13933101867877	0.11027619797454	0.0782774088854105	0.0492742161640174	0.0278814574579555	0.0150483836334601	0.00707303364853781	0.00314578686325977	0.00132238037855045	0.000535053640300803	0.000145497042537938	5.98415255599583e-05	5.86681623136846e-06	9.38690597018953e-06	1.17336324627369e-06	
0.000435894251117272	0.0038714908755147	0.0156746166591284	0.0397870680018467	0.0775235582094589	0.117309454452566	0.147048691262664	0.155026024761606	0.140161093391515	0.112403300610018	0.0804178022961784	0.0511941393314882	0.0299548404181773	0.0157296893198878	0.00768790909026995	0.00343442486565786	0.00150102294537964	0.000558928918771341	0.000178107328413509	6.09314544572531e-05	1.99198985725635e-05	1.0545828656063e-05	5.8587936978128e-06	4.68703495825024e-06	
0.000428376803044987	0.00360374911632654	0.0146268440099814	0.0380915930467188	0.0733554310219713	0.113612316652387	0.144794870714476	0.154512937915795	0.141968286071434	0.115238041732796	0.0831004180770329	0.0538116172043615	0.0312434163401171	0.0168459763011653	0.00854763877769819	0.00380506280518921	0.00153794294863692	0.000602770638164394	0.000172052978272167	4.91579937920476e-05	2.45789968960238e-05	1.75564263543027e-05	7.02257054172109e-06	2.34085684724036e-06	
0.000386745802002458	0.00327685524407504	0.0134895071903267	0.0365707762291119	0.0705892631444065	0.1098160045198	0.141023594988613	0.153609142111609	0.143571224714455	0.117729149799929	0.0863875961768081	0.0560909551572902	0.0338647205120887	0.0180186267029338	0.00876235518874244	0.00412257046170692	0.0016541537314563	0.000724565930257617	0.000213176149898945	4.31011887773824e-05	1.74734549097496e-05	2.44628368736494e-05	8.15427895788315e-06	5.82448496991654e-06	
0.000352784853460831	0.00295341267124281	0.0124449498964275	0.0343326970053904	0.0683079672513534	0.1068148981972	0.137633672385882	0.151688203176224	0.144538507511184	0.120912366617733	0.0888089449527976	0.0592086710803456	0.0358436373975154	0.0192581073788898	0.00952867247291738	0.00436687303806943	0.00188113239296055	0.000734581619212849	0.000261107210620681	6.73076365155533e-05	1.85676238663595e-05	1.85676238663595e-05	1.39257178997696e-05	4.64190596658988e-06	5.80238245823735e-06	
0.000345602012120343	0.00284110282873513	0.0120775766710551	0.0321051554804504	0.0663810152376967	0.103230974262475	0.135073749620011	0.150222445174691	0.145382861145434	0.121779052819315	0.0923635825636272	0.0607785638907158	0.0381537686223425	0.0206609898550205	0.0103958009933457	0.00487310395685407	0.00207592379186668	0.00087729741538241	0.00024966566761871	6.12605573323686e-05	4.73902424646625e-05	8.09101700616189e-06	1.15585957230884e-06	1.15585957230884e-05	1.15585957230884e-06	1.15585957230884e-06	
0.000328941293789588	0.00270886040885672	0.011261334047386	0.0306942623404923	0.062676589536666	0.100460979483297	0.13334587542243	0.148474866576795	0.145251241897657	0.124405597311222	0.0935035825746524	0.0639600376724345	0.0401620007017414	0.0225330557145759	0.0112013166885191	0.00530576535982715	0.00230835995641816	0.00089218112315562	0.000379725212830788	0.000105030378017026	2.42377795423907e-05	8.07925984746357e-06	3.46253993462725e-06	2.30835995641816e-06	2.30835995641816e-06	
0.000274595951671113	0.00263635188894324	0.0104865655661292	0.0290529439455054	0.0598249970002123	0.0975461736554028	0.130206939201226	0.147441873344348	0.144664762186061	0.127317912886165	0.0959620549930313	0.0667302775495888	0.0418504998107826	0.0236671712463426	0.0123695092347311	0.00571690311147211	0.00254981955123176	0.00109030745516471	0.000410740163003849	0.000143066798349655	4.38430511071524e-05	9.2301160225584e-06	1.1537645028198e-06	0	2.3075290056396e-06	
0.000277422009737513	0.00243784591056839	0.0102218451337868	0.02725555653167	0.0574841522676937	0.0945546683188689	0.127529741951294	0.145655802512519	0.145378380502781	0.127753991409165	0.0993656283377336	0.0693555024343781	0.0439806359437203	0.0250881970805957	0.0130018448563648	0.0060593590626835	0.00275919307184768	0.00110159656366604	0.000485488517040647	0.000191883556735113	4.73929266634917e-05	1.15592504057297e-05	1.15592504057297e-06	0	0	1.15592504057297e-06	
0.00017944259342013	0.00220193427538765	0.00932985716369564	0.026756627220168	0.0545725445885902	0.0915944458465407	0.12573600405656	0.144288052827899	0.145291773656901	0.128981020762087	0.102061158666614	0.071316275095915	0.0453329875686802	0.0268365081165937	0.0136005908870947	0.00659075280219869	0.00307599335946635	0.00142627919415226	0.000496650790820875	0.000253535019090377	4.86231543460996e-05	2.0838494719757e-05	8.10385905768327e-06	
