# <P(N_1)> as a function of N_tot.
# number_of_species: 2
# species_total_upper_bound: 100
# species_total_lower_bound: 0
# volume: 512
# Bin widths for each species index 
1	1	1	1	1	1	1	1	1	1	1	1	1	1	1	1	1	1	1	1	1	1	1	1	1	1	1	1	1	1	1	1	1	1	1	1	1	1	1	1	1	1	1	1	1	1	1	1	1	1	1	1	1	1	1	1	1	1	1	1	1	1	1	1	1	1	1	1	1	1	1	1	1	1	1	1	1	1	1	1	1	1	1	1	1	1	1	1	1	1	1	1	1	1	1	1	1	1	1	1	1	
# Bin lower bound for each species index 
0	0	0	0	0	0	0	0	2	3	3	5	6	6	7	8	8	8	9	10	10	11	12	13	14	14	15	16	16	17	18	19	20	21	22	23	24	25	26	26	26	27	28	29	29	29	30	31	32	33	36	36	37	38	39	40	40	41	41	42	43	45	45	47	47	48	49	50	50	51	52	53	53	51	52	52	53	54	57	58	60	61	62	63	64	65	66	67	68	69	69	69	69	70	71	71	71	73	74	74	78	
# Bin upper bound for each species index 
0	1	2	3	4	5	6	7	8	9	10	11	12	13	14	15	16	17	18	19	20	21	22	23	24	25	26	27	28	29	30	31	32	33	34	35	36	37	38	39	40	41	42	43	44	45	46	47	48	49	50	51	52	53	54	55	56	57	58	59	60	61	62	63	64	65	66	67	68	69	70	71	72	73	74	75	76	77	78	79	80	81	82	83	84	85	86	87	88	89	90	91	92	93	94	95	96	97	98	99	100	
# Normalized histogram for each species index 
1	
0.0794912799896473	0.920508720010353	
0.00626433705821058	0.146515515699138	0.847220147242652	
0.000475272095646375	0.0175015866119361	0.201840754439905	0.780182386852513	
3.3016282687299e-05	0.0017904258440141	0.0322559648631286	0.246816522857173	0.719104070152997	
2.8271428329102e-06	0.00017999476036195	0.00420019186876026	0.0496974014787842	0.284239998039848	0.661679586709413	
4.70408041343222e-06	1.59938734056695e-05	0.00046570396092979	0.00780689185413211	0.0678751762854135	0.315063312218284	0.608768217727421	
6.57766150978004e-06	2.81899778990573e-06	4.79229624283975e-05	0.00106933982830424	0.0128790612361493	0.0870544104160089	0.338250605144859	0.560689263752951	
1.02886432085602e-05	0.000123463718502722	0.00202405671848402	0.0183568101464729	0.10739192247975	0.354420375254878	0.517673083038704	
1.49409970687631e-05	0.000267070322604141	0.00332157041084941	0.0260048053981822	0.12659506816363	0.36854677325823	0.475249771449435	
9.31741546076017e-07	2.32935386519004e-05	0.000501276951788897	0.00527086192615203	0.0341036040694744	0.146952413164017	0.37697703909308	0.436170579515289	
5.23646863776074e-05	0.000919187262664072	0.00754238500574609	0.0435206648819036	0.165161961169715	0.380802544923758	0.402000892069836	
9.64780816785313e-05	0.00148182840014987	0.0105732484076433	0.0527950543274635	0.181651367553391	0.382924316223305	0.370477707006369	
1.03192300728631e-05	0.000193251035909983	0.00221863446566558	0.0137461525688785	0.062687446468994	0.197451900661463	0.383057325199278	0.340634970369738	
1.78987777018911e-05	0.000358917594969501	0.00298061750783072	0.0170763759685358	0.073671369020984	0.212630884811945	0.37939097053767	0.313872965780363	
6.69745609864692e-05	0.000559379079788398	0.00418826832084399	0.0213592251326285	0.0844907669436206	0.226383449171025	0.375065087953635	0.287886848837473	
1.32223037597621e-05	0.00012561188571774	0.000822616183910912	0.00554297862614597	0.0265843861592702	0.0960260366050035	0.238354692076157	0.367672600647704	0.264857855512331	
2.83302705163097e-06	2.54972434646788e-05	0.000161482541942966	0.00118420530758175	0.00740742139766445	0.0324306050023703	0.107153582173838	0.24792480768468	0.358612118934253	0.245097446687153	
7.56753791100008e-06	3.49998628383754e-05	0.000219458599419002	0.00164783138012027	0.00935442280023497	0.0382926877718993	0.118194536805194	0.257033317031595	0.349827412838517	0.225387765372271	
1.70382100792371e-05	5.77406008240814e-05	0.000346443604944489	0.00227460104557816	0.0117241816689684	0.0453244785124507	0.129254701362773	0.263890637408905	0.339440900601922	0.207669276983555	
2.83850066610149e-06	7.56933510960397e-06	9.17781882039482e-05	0.000548776795446288	0.00318006691292237	0.0144564838924549	0.0515074330870776	0.139377952040693	0.270195932239312	0.328912210851399	0.191718958156716	
2.83371210618486e-06	1.79468433391708e-05	0.000109570201439148	0.00077549254639259	0.00419106020504741	0.0169427646828793	0.058525600699738	0.150445554000162	0.274858739451507	0.319162883661005	0.174967553996384	
4.73206122908666e-06	2.46067183912506e-05	0.000194014510392553	0.00102496446222017	0.00523649895610729	0.0204112729055424	0.0663141596521746	0.160769887433727	0.278918099377071	0.305770654027647	0.161331109895497	
9.45173330611234e-06	4.53683198693392e-05	0.000280716479191537	0.00133836543614551	0.00650846355458896	0.0242266828102272	0.0735817437880846	0.170091502230136	0.28036581988588	0.294541529498387	0.149010356264184	
6.61050257762383e-06	6.32719532429709e-05	0.00033241384390337	0.00166206921951685	0.00793071437812641	0.0279586484733044	0.0809286056278042	0.177757358669816	0.281087068818165	0.284376266029288	0.137896972484255	
1.88707907521803e-06	1.32095535265262e-05	6.3217149019804e-05	0.000417044475623184	0.00214183475037246	0.00930896107805053	0.0324115266564072	0.0876906775463066	0.186509460399174	0.28272029997009	0.272659337880565	0.12606254346179	
5.65856234792614e-06	1.50894995944697e-05	8.2049154044929e-05	0.000563970047343305	0.00275949223833865	0.0110662617650942	0.0362459211196409	0.0959767621706245	0.194609276269876	0.281649282305676	0.261012505422789	0.116013731444631	
2.81791744629049e-06	1.50288930468826e-05	0.000105202251328178	0.000665028517324556	0.00348012804616876	0.0134057725978193	0.0413923893685611	0.104019665306552	0.201259421237329	0.279804173523599	0.248768570075971	0.107081802264854	
9.39604125989638e-07	4.69802062994819e-06	1.22148536378653e-05	0.000150336660158342	0.00090953679395797	0.00449224732635646	0.0156143413656958	0.0460969784210516	0.11206282569028	0.206311696755923	0.277853154908774	0.237573265631724	0.0989177639676851	
4.677456623606e-06	1.12258958966544e-05	3.64841616641268e-05	0.00024135676177807	0.00122455814406005	0.00524436436638705	0.0178126903140164	0.0517682189274218	0.119146046099142	0.212180658342665	0.274603187967336	0.227305682080757	0.0904208494822523	
9.31202741460871e-06	1.39680411219131e-05	5.58721644876523e-05	0.000338957797891757	0.00154672775356651	0.00621670950199277	0.0204967035422952	0.0571534994599024	0.126993705069468	0.217171378552538	0.270025514955116	0.215917048459791	0.0840606026744143	
3.72123485457414e-06	1.58152481319401e-05	6.69822273823345e-05	0.000414917686285017	0.00179828674347295	0.00717733172575988	0.0234521523622399	0.062473951356018	0.133813744753059	0.220681320889524	0.266194814087107	0.206517370724301	0.0773895909618648	
9.31390081068193e-07	1.58336313781593e-05	7.54425965665236e-05	0.000464763650453028	0.00230239628040057	0.00858741654744874	0.0262530922150691	0.0688017852885074	0.140736766809728	0.225200807701478	0.26270416070577	0.1945105731402	0.0703460300429185	
9.29458729708754e-07	3.25310555398064e-05	9.94520840788367e-05	0.000670139744120012	0.00286738018115151	0.0099591502888293	0.0295289038428471	0.0745648971321551	0.147069184260546	0.228984241027238	0.256809447018529	0.185140743288146	0.0642730006180901	
9.29842456792546e-07	3.99832256420795e-05	0.000225951717000589	0.000853595375335557	0.00344785582978676	0.0115467836284498	0.0332242008236544	0.0798399927100351	0.155484536255022	0.231434068125837	0.249626435792984	0.175312496803667	0.0589631698701289	
1.29907607853472e-05	6.30979809574005e-05	0.000282085091338967	0.00110050302081584	0.00412735028380173	0.0130464354744272	0.0372092505351729	0.0859171801883475	0.161618982841989	0.23293733164206	0.24399246907039	0.165141334837787	0.0545509882721267	
3.70456467197469e-06	8.24265639514369e-05	0.000393609996397311	0.00134197855242283	0.00473906435662362	0.0150238620271934	0.0408215242616571	0.0910572734959699	0.168033496673764	0.233446847369157	0.236865234420222	0.157676459992091	0.0505145177258789	
1.66279758303134e-05	9.97678549818801e-05	0.00040276652566759	0.00163877939572088	0.00545305229590776	0.0170215045916308	0.04537127960588	0.0984182176103197	0.172314789753102	0.233481722621345	0.230992145128973	0.148450873107298	0.0463384735333432	
3.05664519296231e-05	0.000114855758765856	0.000497399535945684	0.00193680154499521	0.00641154485626821	0.0189261912811511	0.0496834519713046	0.10430662782566	0.177101096224117	0.234032502327219	0.224911658322643	0.139456195032488	0.042591108867513	
8.38329934992171e-06	3.35331973996868e-05	0.000124818012543279	0.000534668202983896	0.00221877989461261	0.00712859888055009	0.0214845332784382	0.0540992936604559	0.11057106103694	0.181071814136665	0.233203826883005	0.218139037951196	0.131843217398513	0.0395384341673474	
9.35101173271442e-07	1.30914164258002e-05	4.95603621833864e-05	0.00016831821118886	0.000696650374087224	0.00245744588335735	0.00837944161368539	0.0244388691634491	0.0587159377708871	0.116112447786288	0.184867631753418	0.23207153898016	0.211281434594816	0.124176760304581	0.0365699366842996	
1.87875280873545e-06	9.39376404367725e-06	8.1725747179992e-05	0.000221692831430783	0.000868923174040145	0.00294212689847971	0.0098578159874349	0.0273095508277785	0.0627710100926601	0.121272554427469	0.188831566053191	0.229836285480247	0.203949889905085	0.118381153854825	0.0336644322033261	
1.87897520692214e-06	3.00636033107543e-05	7.60984958803469e-05	0.000296878082693699	0.00102779943818641	0.00335584971956295	0.0111056829605133	0.0300448135586851	0.0681100327881174	0.126295318533272	0.192268017023515	0.227888689508742	0.197708589735158	0.11157166881183	0.0302186187653254	
9.41962843333682e-07	3.57945880466799e-05	0.000109267689826707	0.000336280735070124	0.00117368570279377	0.00408811874006818	0.0129359757275015	0.0336064083616158	0.0723022419657634	0.132130069997259	0.194851607883475	0.22472784338549	0.19026142294791	0.105375499358052	0.0280648409542837	
2.83498408156438e-06	1.88998938770959e-06	4.72497346927397e-05	0.000110564379181011	0.000404457728969852	0.00139953714159895	0.00489318252478012	0.014694667489442	0.0362207016207604	0.0767250641887646	0.136840901638337	0.196728995366691	0.221840339366494	0.184822062224121	0.0990269389637377	0.0262406126589599	
3.78542328129954e-06	9.46355820324884e-07	3.78542328129954e-06	5.01568584772188e-05	0.000143846084689382	0.000432484609888472	0.00165706904138887	0.00582387371827934	0.01631233527494	0.039461144995907	0.081383761480479	0.142086809219398	0.198568163643848	0.219972839587957	0.177256230570132	0.0932359217742279	0.0236068459380042	
1.89341225075594e-06	0	3.78682450151189e-06	6.43760165257021e-05	0.000147686155558964	0.000584117679358209	0.00202027087155659	0.00665439735528177	0.0182969892851801	0.0431669591988594	0.0859249413515555	0.146391061579447	0.200499103469299	0.215885918125067	0.171289432676887	0.087213408388195	0.0218556576104759	
1.89562319560367e-06	9.47811597801835e-07	3.79124639120734e-06	4.73905798900918e-05	0.000252117885015288	0.000718441191133791	0.00255435225607595	0.00775499449321462	0.0203931143383043	0.0469346825115491	0.0913320733757827	0.14980162303258	0.201792880418402	0.212665227256787	0.163816913129276	0.0818046711946786	0.0201248836561264	
9.49011509611589e-07	2.84703452883477e-06	3.79604603844635e-06	6.73798171824228e-05	0.000269519268729691	0.000912000060736737	0.00270942785994109	0.00878784657900331	0.0224194479030642	0.0499540678429348	0.0955331926265602	0.154094794861672	0.202708858453035	0.208693325032646	0.157600443378177	0.0769553433144037	0.0192867609098363	
9.49940058782291e-07	0	4.74970029391145e-06	8.8344425466753e-05	0.000304930758869115	0.000991737421368712	0.00327824314285769	0.00990312511280538	0.0243042164039449	0.0532868875973926	0.10038396577176	0.157547558749043	0.203916032898324	0.205169003835858	0.150053481625309	0.0729306980729516	0.0178360745436963	
2.38168276366657e-05	0.000100983349179463	0.00033915162554612	0.00115845049624742	0.00405267139065504	0.0106270684914802	0.0262861563260352	0.0568660103384085	0.104762603388849	0.161483807415226	0.205277237400422	0.199516423131665	0.144276625784288	0.0686353338833433	0.0165936601510177	
3.80661990234117e-06	3.33079241454852e-05	0.000125618456777258	0.000423486464135455	0.00136943150986723	0.00455366905817562	0.0115626079533613	0.0284678069396584	0.0604653021837627	0.109181472038949	0.165271064644971	0.203830220945736	0.19534907180332	0.139577331959144	0.0647239581995069	0.0150618432985884	
8.55737817145943e-06	2.37704949207206e-05	0.0001616393654609	0.000477311538008071	0.00169911497693311	0.0050336400044118	0.0129739361277293	0.0306363646736216	0.0645026641970707	0.11384926083269	0.167278677675892	0.202046354366735	0.191610156276742	0.134928935728385	0.0611053850630013	0.0136642313002271	
5.70099967029219e-06	3.42059980217531e-05	0.000162478490603327	0.000618558464226702	0.00180341622903576	0.00558602951027463	0.0142382466765547	0.0339608550359305	0.0685345675364175	0.117877669849408	0.169463165366047	0.201232936195362	0.188385733438358	0.128751376553879	0.0570632060331779	0.0122818536230328	
1.13757554212584e-05	3.12833274084607e-05	0.000171584310937315	0.000656001895959237	0.00211589050835407	0.00575518426353833	0.0162066595568195	0.036824268278232	0.0723156772129399	0.121399217916815	0.171350159971561	0.200891100841332	0.18412134139116	0.122632539400403	0.0540765493541889	0.0114411660149307	
1.51531366519334e-05	4.26181968335627e-05	0.000182784710863947	0.000811639881919183	0.00237714831227205	0.00674219873906962	0.0175520675981426	0.0398082370556698	0.0762742604085475	0.125002012525962	0.17448458026285	0.199442743399625	0.178665898907743	0.11743207369728	0.0506304178382725	0.0105361653282974	
1.89565373988787e-06	1.4217403049159e-05	4.64435166272529e-05	0.000259704562364638	0.000924131198195338	0.0027828196901554	0.00792762394021108	0.0193451464155557	0.0425962873621504	0.0800980052983522	0.129126245799942	0.176628485040922	0.198320450786459	0.173176499580587	0.112220805747622	0.0471439606841414	0.00938727731992474	
6.63712199219854e-06	1.89632056919958e-05	7.96454639063825e-05	0.000310048413064132	0.000932989720046194	0.00324460449390049	0.00886055785958505	0.0213952368219943	0.0453609361755386	0.0831783091268013	0.133494330949658	0.178590730405794	0.196420884557693	0.167679301850619	0.106833011906997	0.0445625852159056	0.00903122671081301	
6.62893225894125e-06	1.32578645178825e-05	2.17807774222355e-05	0.00010606291614306	0.000388266032309416	0.00112597149369731	0.00363644283919063	0.00959585293997881	0.0230232287256257	0.0484224561709204	0.0882964306987747	0.136573997350321	0.180338208123851	0.193559140019148	0.163364353579671	0.101699184736031	0.0415463594377529	0.00828237736238573	
2.84135843452516e-06	1.51539116508008e-05	1.70481506071509e-05	0.000125966890597282	0.0004593529469149	0.0013780588407447	0.00413228228327775	0.0106778249969455	0.0251886425220655	0.0516852570434908	0.0919321521490614	0.141356634998148	0.18112049916985	0.190317976422408	0.157905653640301	0.0964735900469108	0.0394484733854691	0.00776259124312273	
1.89035916824197e-06	7.56143667296786e-06	3.30812854442344e-05	0.000143667296786389	0.000534971644612476	0.00165406427221172	0.00452457466918715	0.0116947069943289	0.0275226843100189	0.054695652173913	0.0963024574669187	0.143499054820416	0.181534026465028	0.18780056710775	0.153618147448015	0.0921994328922495	0.0372627599243856	0.00697069943289225	
1.41319985189666e-05	1.97847979265532e-05	0.00016487331605461	0.00062557646777292	0.00187013447067657	0.00524297145053659	0.0132049394161223	0.0298872926011451	0.0586704050513416	0.100038533249295	0.146548824641683	0.18062484160385	0.185221509655452	0.148233358865144	0.0883579654067519	0.0347722534225345	0.00650260358519381	
9.42411140053604e-07	8.48170026048244e-06	3.20419787618225e-05	0.000206388039671739	0.000703981121620042	0.00219864518974506	0.00576755617712806	0.0146610901058139	0.0320702510960242	0.0618202859652363	0.103568157058471	0.148048078046721	0.181133305940583	0.182052156802135	0.145355609419588	0.0837351146160429	0.0323812467722418	0.00625666755881588	
1.97988810803778e-05	6.12822509630741e-05	0.000239472180686474	0.000846637867151394	0.00238717937597698	0.0065138318754443	0.0164274144735478	0.0340691603200253	0.064947872374527	0.10622382540781	0.150852388970703	0.18233826671167	0.179972771824495	0.139729189018975	0.0794774226759413	0.0303450850691924	0.00554840072181064	
9.42834083829264e-07	1.4142511257439e-05	0.000117854260478658	0.000306421077244511	0.000919263231733532	0.00267670596399128	0.0075841573703226	0.0173820891694763	0.0367054737175571	0.0673918946439481	0.110111706982252	0.154715301820047	0.182799500675069	0.175308683879046	0.134458511528975	0.0760819963946025	0.0281747109270699	0.00525064301284517	
2.83201078429707e-06	3.11521186272677e-05	0.000126496481698602	0.000327569247383694	0.00101008384639929	0.00306706767939372	0.00862630484896887	0.0187365833489094	0.0383067218719969	0.0708455817799754	0.114232930999001	0.156665892583719	0.181549827341743	0.172349568307156	0.130162991660672	0.0727175409083958	0.026384900473701	0.0048559544914747	
6.61822754411758e-06	1.98546826323527e-05	0.000125746323338234	0.000419784718512601	0.00116858989207562	0.00365042522111971	0.00928253686116377	0.0202253033748233	0.041268430581884	0.0748890265060013	0.116397604201629	0.157565815909274	0.180737176002307	0.170377758973607	0.126209599266322	0.0685752374289131	0.0247568983203884	0.00432359350846424	
5.68080682605748e-06	4.16592500577549e-05	0.000127818153586293	0.000473400568838124	0.00133404280298583	0.00407692569883392	0.0100313580536798	0.0220500516953421	0.0440461357258367	0.0785087503361144	0.119644419364734	0.159698841494128	0.180109033619015	0.167042231117945	0.121248300491958	0.0648890159706416	0.0227506845372225	0.00392165031225501	
1.89462834970292e-06	8.52582757366315e-06	4.64183945677216e-05	0.000148728325451679	0.000487866800048502	0.00173547956832788	0.00457647477870741	0.0107084394325209	0.0239897841639384	0.046823845034558	0.081128933248454	0.123101582393598	0.161983145386201	0.179141847035286	0.163382328422457	0.11636144203953	0.0612400721474476	0.021371407784649	0.00376178458833515	
7.59476606696495e-06	5.69607455022371e-06	3.89231760931954e-05	0.000162338124681376	0.000615176051424161	0.00193191861828421	0.00509988541396697	0.0118886569320753	0.0258725199528745	0.0491723129005646	0.0842031713844404	0.125857615224468	0.163044437925604	0.179385526464437	0.159276484610631	0.111938307715238	0.0582414129302791	0.0199970190543187	0.00326100268000308	
6.64871513580001e-06	8.54834803174287e-06	3.70428414708858e-05	0.000197561821178057	0.000695265639915086	0.00211144196384049	0.00543105044950063	0.0128918586483162	0.0272236390317571	0.0517773440282665	0.0876291156733961	0.129636647717829	0.165035356917276	0.177120821401264	0.155290240161089	0.107949488761297	0.0550428129763923	0.0187769213599472	0.0031381935440976	
9.46624573427302e-07	5.67974744056381e-06	6.34238464196292e-05	0.000223403399328843	0.000847228993217435	0.00232869645063116	0.00606218376822844	0.0140128835604443	0.0290272959195748	0.0553387259379866	0.0912905806121821	0.132123231586969	0.165930034977778	0.174907822432163	0.151638843792746	0.103289993704947	0.0528528898081665	0.0171130790384188	0.00294305579878548	
1.88965367372295e-06	0	1.13379220423377e-05	9.25930300124245e-05	0.000268330821668659	0.00100435092758375	0.00280897018598916	0.00679236013019714	0.0151909258830588	0.0313342372176739	0.0580066988222733	0.094233249401216	0.134994968797094	0.167086957137931	0.172211697901067	0.148030744665271	0.099117059320953	0.0499048086961862	0.0162774767454495	0.00263134274065921	
1.89637451120947e-06	0	9.48187255604735e-07	2.8445617668142e-06	7.58549804483788e-06	1.4222808834071e-05	0.000116627032439382	0.000378326714986289	0.00120893875089604	0.00301049453654503	0.00749162750653301	0.0165771577897376	0.033768740921107	0.060837590694111	0.0973134062299695	0.137240623376229	0.16684492587072	0.170369337899803	0.143802079185014	0.0953876379138363	0.0476132230401918	0.0156687943988682	0.0023429707085993	
1.89769524911994e-06	9.48847624559972e-07	1.89769524911994e-06	6.6419333719198e-06	5.69308574735983e-06	2.56188858631192e-05	0.000147071381806796	0.000466833031283506	0.00133597745538044	0.00333235285745462	0.00806994904688256	0.0177064455219136	0.0359328595420861	0.0633071135106413	0.10075528270915	0.140196031919234	0.168137696767276	0.168080765909803	0.140192236528736	0.0909802544809329	0.045043694433111	0.0142213281969049	0.00205140856429866	
9.49797503172324e-07	1.89959500634465e-06	2.84939250951697e-06	4.74898751586162e-06	8.54817752855091e-06	2.18453425729634e-05	3.70421026237206e-05	0.000161465575539295	0.000467300371560783	0.00142659584976483	0.00361492929707386	0.00869349654653628	0.0194243087373772	0.0376518726207573	0.0666757847226971	0.104817752855091	0.142964469975001	0.166675214844195	0.167262189701156	0.135289156351866	0.0879379516287128	0.0420142925528277	0.0129143966506341	0.00193093832394933	
1.89909356264255e-06	1.89909356264255e-06	4.74773390660638e-06	2.84864034396383e-06	1.51927485011404e-05	1.51927485011404e-05	6.45691811298467e-05	0.000169968873856508	0.000585870364075227	0.00154966034711632	0.00426346504813253	0.00974519861670025	0.0208283086482822	0.0405390007349492	0.0700945938503552	0.107495342473038	0.144605529780636	0.167213289097114	0.163959192277526	0.13202498447491	0.0838506780713565	0.039193492945817	0.0118778806875478	0.00189719446907991	
9.47322251557635e-07	1.89464450311527e-06	1.23151892702493e-05	9.47322251557635e-06	9.47322251557635e-06	2.46303785404985e-05	6.44179131059192e-05	0.00021220018434891	0.000625232686028039	0.0017553881321363	0.00464945761064487	0.0104754894577243	0.0224458534284066	0.042883383683511	0.0729258142471583	0.110858491844029	0.145564589852095	0.167518783031943	0.161779904832007	0.127915976305576	0.0806663843646357	0.0367456828156691	0.011118721266532	0.00173549436485359	
9.46952658995719e-06	5.68171595397431e-06	5.68171595397431e-06	2.93555324288673e-05	7.29153547426704e-05	0.000261358933882818	0.000740516979334652	0.00205488727002071	0.0050434698618112	0.0117602050720678	0.0240147194321314	0.0456440651162526	0.0763329068889859	0.113406103488668	0.147099626048395	0.166359696179709	0.159630650584885	0.124526168563255	0.0762448402916993	0.0347455869638709	0.0102782241607395	0.00173387031862116	
1.89728839542526e-06	7.58915358170103e-06	5.69186518627577e-06	2.27674607451031e-05	0.000115734592120941	0.000287439191906927	0.000861368931523067	0.0022985648910577	0.00579052418283789	0.012692859365395	0.0262186283363816	0.0479643992805482	0.0794840513937481	0.115429128689277	0.148533965256855	0.16612467461504	0.156637283993716	0.120373462247756	0.0731366730668529	0.0327623760122034	0.00975301099668354	0.00149790918818824	
9.50813468462943e-07	4.75406734231472e-06	4.18357926123695e-05	0.000137867952927127	0.000314719258061234	0.00095937078967911	0.0025377211473276	0.00645126938352107	0.0140530230638823	0.0281012920604223	0.0503408190877705	0.0823100203379001	0.118186114129944	0.150597443642909	0.165799049376694	0.151927631685288	0.116776057756213	0.0702822299618439	0.0308776673883341	0.00901085924062332	0.00128930306323575	
9.51833421536564e-07	2.85550026460969e-06	4.85435044983647e-05	0.0001275456784859	0.000354082032811602	0.00109936760187473	0.00294973177334181	0.00692173264141389	0.0148276610406966	0.0302035781321982	0.0528933832347868	0.0851814765601502	0.121089392387617	0.151727958393457	0.163429798477828	0.149936607894126	0.113154908985688	0.0670128802098602	0.0293754830554614	0.00847322111851849	0.00118883994349917	
1.90394049043603e-06	4.75985122609008e-06	4.18866907895927e-05	0.000165642822667935	0.000416010997160273	0.0012366093485382	0.00314245377946467	0.00743298367466227	0.0159731087445131	0.0318472125835235	0.0558406706439983	0.0878725654550941	0.123454357310608	0.152007752845677	0.162100541385478	0.146899480509837	0.110039192614996	0.0644074508807153	0.0280117244655401	0.0079261042616852	0.00117758719333469	
9.52560578089964e-07	1.42884086713495e-05	6.00113164196677e-05	0.000192417236774173	0.0005124775910124	0.00128786190157763	0.00348256147349691	0.00812248404937312	0.0172022914797267	0.0330405162116285	0.0580890491730822	0.0901960560181825	0.125279814669814	0.153336533936876	0.162115332224553	0.144035732452405	0.106537232735316	0.0616182861149055	0.0262401862446442	0.00759952829200173	0.00103638590896188	
7.63676491364728e-06	2.48194859693537e-05	9.92779438774147e-05	0.000207147248282682	0.000545074095711575	0.00154358110817096	0.0040217113226495	0.00841857872168192	0.0182862335857284	0.0347119603193695	0.0605681371257508	0.0930033869052392	0.12793585881149	0.154201557136366	0.160546754183993	0.141532164144625	0.102387061792883	0.0589367332210729	0.0250218602395653	0.00706400754512373	0.000936458297535998	
1.24188950622473e-05	3.15248874657047e-05	9.07534639164228e-05	0.000246467302004601	0.000664888535640318	0.00183990706845295	0.00434947917064708	0.00927022751415754	0.0195033970454493	0.0365755565575587	0.0629399154750896	0.0960372261155989	0.129297892991158	0.154659187307507	0.159943904806303	0.138674158763154	0.0986423281798103	0.0563540798936178	0.0236685033894031	0.00637184846655305	0.000826334171449533	
6.68692486475694e-06	1.91054996135913e-05	7.64219984543651e-05	0.000268432269570957	0.000805296808712872	0.00201371965927252	0.00460347013189482	0.010124004245242	0.0206454028824467	0.0385033133712705	0.0653417639534628	0.0991852459689784	0.131305411919348	0.156199877915857	0.158293840673507	0.134881006172032	0.0956784315149037	0.0534199321945819	0.0220143119297605	0.0058615672814498	0.000752756684775496	
2.87485470005203e-06	4.21645356007632e-05	0.000121702182302203	0.000338274569706123	0.000914203794616547	0.00212547590823847	0.00486521243738806	0.0111908510624026	0.0222513753784028	0.0405929483647347	0.068616073695942	0.101989303623946	0.134208758532329	0.155713629973618	0.155550721540615	0.131332945547377	0.0917452380427606	0.0513171146808288	0.0208561125639775	0.00545647422069876	0.000768544489813911	
3.85163501906559e-06	4.62196202287871e-05	0.000142510495705427	0.000335092246658707	0.000960020028502099	0.00235046027038478	0.00542695374186342	0.0119429572853676	0.0234198667334283	0.0424642760851982	0.0711435504371606	0.104576705311405	0.136096560489928	0.155428879559373	0.153620536917922	0.128607056195355	0.0893511920810384	0.0490255363401764	0.0191926973000039	0.00511208257905481	0.000752994646227323	
1.06051490891141e-05	4.62770142070434e-05	0.000128225893532016	0.000428062381415151	0.00106822774461258	0.00262911286963765	0.00574220617952396	0.0128669381584833	0.0252306137874651	0.0456098539188918	0.0735418884106931	0.106671410060623	0.137966240918136	0.155362541842134	0.151381754515865	0.125792493868296	0.0857783022506055	0.0462268807749857	0.0181454100914742	0.00472121955358107	0.000651734616749194	
3.85996807806399e-06	7.71993615612799e-06	6.17594892490239e-05	0.000152468739083528	0.000452581257153003	0.00120141506429742	0.00283804152939655	0.00666905984687507	0.0141197632295581	0.0270660961633847	0.0471736348740396	0.0761176055074025	0.108697666070302	0.138601803763083	0.155267215940124	0.149499458639477	0.123110786873793	0.0829362391173025	0.0438965219757633	0.0170301791604183	0.00447756297055423	0.000618559884509755	
9.6209999490087e-07	8.65889995410783e-06	5.77259996940522e-06	5.67638996991513e-05	0.000157784399163743	0.000536851797154685	0.00130653179307538	0.00312297658344822	0.00711953996226644	0.015072258520117	0.0281635531507332	0.049681881636686	0.0783899833845331	0.111098496911178	0.139345752761468	0.154344891681972	0.148304827913984	0.120861887659432	0.079613774578047	0.041888871677989	0.0162489068138808	0.00417262767788507	0.000496443597368849	
3.84312738333947e-06	4.80390922917433e-06	8.6470366125138e-06	2.78626735292111e-05	5.95684744417617e-05	0.000189274023629469	0.000563018161659232	0.00147768247889402	0.00342134415301796	0.00776599965988323	0.0160469783891339	0.03030113785394	0.0515911027757948	0.080733537723658	0.112933180504968	0.140072385304265	0.15455521084838	0.146736368186976	0.117064542442058	0.0768577437575601	0.0395611532840965	0.0157087831794001	0.00387483318425202	0.000440998867238204	
1.91937658648471e-06	5.75812975945413e-06	1.53550126918777e-05	3.55084668499671e-05	5.47022327148142e-05	0.000177542334249836	0.0006276361437805	0.00154509815212019	0.0038541081856613	0.00862567837966229	0.0171611460597598	0.0316802702482234	0.0542041544906214	0.0836521897687631	0.115387162249701	0.141759396548001	0.153869703120426	0.14447627410617	0.113417881871968	0.0728048329902448	0.0379575913743216	0.0146352464719459	0.00364681551432095	0.000404028771455031	
4.785746897161e-06	6.7000456560254e-06	2.8714481382966e-05	2.68001826241016e-05	6.50861578013896e-05	0.000219187207889974	0.000759976607269167	0.00169032580407726	0.00417317129432439	0.00900103276418041	0.0182729388027401	0.0341826757876622	0.0566680290092834	0.0866564762162736	0.11784806019321	0.14343744885233	0.153047228621829	0.140822516747721	0.109647204310235	0.0701513923173448	0.0362089610239201	0.0133857340713593	0.00330982255407655	0.000385731199911177	
4.77283683102726e-06	3.81826946482181e-06	1.14548083944654e-05	2.38641841551363e-05	2.9591588352369e-05	6.9683417732998e-05	0.000258687756241677	0.000758881056133334	0.00187763400932612	0.00447310267803875	0.00972322319216873	0.0194865382137181	0.0362248769801307	0.0594924565313886	0.0889694967998129	0.121047733141147	0.144309585288208	0.151391520578086	0.137835709410602	0.106447625275035	0.0678859673824331	0.0339845073716465	0.0123692839312902	0.00294293119001141	0.000377054109651153	
9.51109183529833e-07	9.51109183529833e-07	9.51109183529833e-06	9.51109183529833e-07	1.23644193858878e-05	4.75554591764916e-05	8.08442806000358e-05	0.000257750588736585	0.00085409604680979	0.00212287569763859	0.00498095879414573	0.0105249742249411	0.020852117739708	0.0383373089697205	0.0610583562550647	0.0922071820156667	0.121670642303054	0.145137359188285	0.150480690581356	0.135149761652039	0.102844387124264	0.0660726038706339	0.032026699537	0.0120172645338994	0.00289137191793069	0.000360470380557807	
1.89522800540519e-06	1.89522800540519e-06	2.84284200810779e-06	1.13713680324311e-05	2.46379640702675e-05	9.85518562810699e-05	0.000386626513102659	0.000918237968618815	0.00238040637478892	0.00543361869149668	0.0113059826662447	0.0226422889805758	0.0402555904488089	0.0641458870709441	0.0933560887042516	0.124264414630402	0.145212369774146	0.148942178488783	0.132779674058688	0.100257561485935	0.0624932482502307	0.0306591034434398	0.0113353587003284	0.00276229481787806	0.000327874444935098	
1.89403086702104e-06	0	9.4701543351052e-07	7.57612346808416e-06	3.88276327739313e-05	0.000142999330460089	0.000405322605542503	0.00112221328870997	0.00264217305949435	0.00581372774632108	0.0124428357808947	0.0238733120633667	0.0418088373586224	0.0666840917506433	0.09592035221398	0.126792108330989	0.1451983002967	0.147926651760644	0.129934305539377	0.0970245722094533	0.0595795819684473	0.0292409955405043	0.010486301895262	0.00263175588972573	0.000280316568319114	
9.48903447176443e-07	0	0	9.48903447176443e-07	9.48903447176443e-06	4.64962689116457e-05	0.000186933979093759	0.000457371461539045	0.00113109290903432	0.00291692919662039	0.00623619345484358	0.0130426778814402	0.0251782040673797	0.0439712368387092	0.0691655722646909	0.0988966150716232	0.127806856396748	0.1460210580653	0.145719306769098	0.12697941259081	0.0942042875253357	0.0575690232367476	0.0274261563337407	0.0102481572295056	0.00246240444542287	0.000322627172039991	
6.64785008528242e-06	1.89938573865212e-05	4.7484643466303e-05	0.000233624445854211	0.000481494284748312	0.00148816872623394	0.00315203063329319	0.00680170033011324	0.0135663626383228	0.0270766933973553	0.0453630295962286	0.0708072009512124	0.102083436216728	0.129438389624795	0.145238429891773	0.144380857230772	0.124915952181065	0.0913671018792522	0.0550204563844053	0.026592350033999	0.00944564527831699	0.00225172179317209	0.000222228131422298	
