# <P(N_2)> as a function of N_tot.
# number_of_species: 2
# species_total_upper_bound: 100
# species_total_lower_bound: 0
# volume: 512
# Bin widths for each species index 
1	1	1	1	1	1	1	1	1	1	1	1	1	1	1	1	1	1	1	1	1	1	1	1	1	1	1	1	1	1	1	1	1	1	1	1	1	1	1	1	1	1	1	1	1	1	1	1	1	1	1	1	1	1	1	1	1	1	1	1	1	1	1	1	1	1	1	1	1	1	1	1	1	1	1	1	1	1	1	1	1	1	1	1	1	1	1	1	1	1	1	1	1	1	1	1	1	1	1	1	1	
# Bin lower bound for each species index 
0	0	0	0	0	0	0	0	0	0	0	0	0	0	0	0	0	0	0	0	0	0	0	0	0	0	0	0	0	0	0	0	0	0	0	0	0	0	0	0	0	0	0	0	0	0	0	0	0	0	0	0	0	0	0	0	0	0	0	0	0	0	0	0	0	0	0	0	0	0	0	0	0	0	0	0	0	0	0	0	0	0	0	0	0	0	0	0	0	0	0	0	0	0	0	0	0	0	0	0	0	
# Bin upper bound for each species index 
0	1	2	3	4	5	6	7	6	6	7	7	7	7	7	8	8	9	9	9	10	10	10	10	10	11	11	11	12	12	12	12	12	12	12	12	12	13	12	13	14	14	14	14	15	16	16	16	16	16	14	15	15	15	15	15	16	16	17	17	17	16	17	17	17	17	17	17	18	18	18	19	20	22	22	23	23	23	21	21	20	20	20	20	20	20	20	20	20	22	22	22	23	23	23	24	25	24	24	25	22	
# Normalized histogram for each species index 
1	
0.920333024832982	0.0796669751670179	
0.847572971875459	0.146119563331754	0.0063074647927864	
0.780423542401415	0.201664913537871	0.0174452559866944	0.000466288074019723	
0.719237777079441	0.246643466738083	0.0322378900862102	0.00184526122366207	3.56048726042178e-05	
0.661439329184571	0.284440593925376	0.0497511129332317	0.00416939017834006	0.000193385444264381	6.1883342164602e-06	
0.608775493018897	0.315091743579958	0.0678402655082612	0.00776330457663376	0.000510652236556365	1.46783547572934e-05	3.86272493612984e-06	
0.560193289386612	0.338598497513229	0.0872056973730033	0.0128303629272315	0.0011111514355011	5.3279672723819e-05	2.31650750973126e-06	5.40518418937294e-06	
0.51702710166567	0.355046359225728	0.107325857701447	0.0184167630160075	0.00201929756138088	0.000156159011413454	8.4618183524532e-06	
0.47538171805356	0.368609637651797	0.126563248241058	0.0258254441865891	0.00331681831018774	0.000288552449012168	1.45811077958277e-05	
0.437185414948432	0.376485452937503	0.146503285634246	0.0341152559370345	0.0052076366440898	0.000480022869879406	2.21666611886987e-05	7.64367627196506e-07	
0.402793857487286	0.380907621591261	0.164418054616246	0.0434446367641384	0.00750352479968821	0.000884161135883416	4.58510528548012e-05	2.29255264274006e-06	
0.371490957320017	0.382934882924951	0.180899439531089	0.0526830080739306	0.0104308642956244	0.00145847212629803	0.000100083734177602	2.29199391246417e-06	
0.341834767199508	0.383386280792926	0.196331781636107	0.0624351546647324	0.0136645763132041	0.00214391303150221	0.000185928217935416	1.75981440844221e-05	
0.314479785474435	0.379864226849896	0.212179862233118	0.0731362248070873	0.0169766280930643	0.00298292981986631	0.000350436742333909	2.99059801991738e-05	
0.288099178753636	0.375517451197494	0.226241364943223	0.0840513388318398	0.0213418166555791	0.00414958454279758	0.00053711338386803	6.06170818936776e-05	1.53460966819437e-06	
0.265336502511236	0.368087576177732	0.238018465374735	0.0956879833802415	0.0264627890300995	0.00548157224389772	0.000802274929253938	0.000111320444729015	1.15159080754154e-05	
0.245452284870933	0.359114847555032	0.247565930549011	0.106828134665478	0.0323739295543539	0.00733022144928248	0.00115889795711617	0.000151193971888666	2.22569806333569e-05	2.30244627241623e-06	
0.225665765491146	0.350229158620457	0.257074586159265	0.117720499426816	0.0380996841918559	0.00932144631376725	0.00164469011565811	0.000207313880124972	3.07131674259218e-05	6.14263348518435e-06	
0.20767596772943	0.34002169488819	0.264065787867598	0.128841227350299	0.0450656412390192	0.011640466724141	0.00228540984223226	0.000339318491859811	5.06674671102885e-05	1.38184001209878e-05	
0.191357039120382	0.329254775290386	0.270808322100667	0.139149705084944	0.0513299579043683	0.0143320120238143	0.00312723565877668	0.00054346657987577	8.90425469852957e-05	6.14086530933074e-06	2.30282449099903e-06	
0.17488670382434	0.319621610690134	0.275047723811654	0.150333836871892	0.05815946953796	0.0169323777335862	0.00411665752534801	0.00075377577315639	0.00012945945697503	1.60866780856547e-05	2.29809686937924e-06	
0.160881105175364	0.30651827981433	0.27887583980241	0.160983248495498	0.0659162332615514	0.02042098407793	0.00517398156197872	0.0010152892422348	0.000185086768062472	2.61118261996848e-05	3.83997444113012e-06	
0.148222155206614	0.294857421735617	0.280982888766624	0.170234480451266	0.0733444906647513	0.0242276770881053	0.00646112314578427	0.00134593942965625	0.000270108711082668	4.22044861066669e-05	1.15103143927273e-05	
0.13801569939124	0.283930936174161	0.281321527734645	0.178145226653539	0.080788910895948	0.0277610999542223	0.00788496825845949	0.00173602724274553	0.000345058418390233	5.90433293689955e-05	1.15019472796744e-05	
0.126535975756926	0.272820402799753	0.282257885320451	0.18669389287534	0.0875807878999169	0.0322209153982599	0.0091547488152385	0.00220516965937868	0.000431379610225919	7.81540324032748e-05	1.60905360830272e-05	4.59729602372205e-06	
0.116503084774631	0.261230172588086	0.281249808541793	0.194345396732038	0.0959933158110782	0.0361848352846754	0.0110256952230412	0.00277614400107829	0.000577437952224285	8.34757782393197e-05	2.14433191807427e-05	9.189993934604e-06	
0.107215053516995	0.249163820830755	0.279738412290955	0.200846492936979	0.104204197321476	0.0411809646046771	0.0134140099164967	0.00342264292208139	0.000692932395162461	0.000100845728954184	1.45156731070416e-05	6.11186236085963e-06	
0.0989313203236961	0.237866549799312	0.27821098273178	0.205953516213437	0.112029269775002	0.0459424606431624	0.0155342978453091	0.0044275726533445	0.000945220718199774	0.000142012159600289	1.22160997505625e-05	3.81753117205079e-06	7.63506234410157e-07	
0.0906307982676421	0.227565577717612	0.274666054017127	0.211921713734938	0.119100744080109	0.0516420960221649	0.0177161206199425	0.00523237193507234	0.00125293931041933	0.000228982836937594	2.96688725600205e-05	9.12888386462169e-06	3.80370161025904e-06	
0.0836288310728862	0.216451493745814	0.270595275929784	0.216762477463162	0.126870737721642	0.0571330183548658	0.0203557805425832	0.00620374591264998	0.00159511892093201	0.000337531107852946	4.70268060379385e-05	1.13774530736948e-05	7.58496871579653e-06	
0.077018568619669	0.206269522196605	0.266943979059178	0.220667852262984	0.133806763958276	0.0624823902591245	0.0233084802452791	0.00715144831597859	0.00185110566450452	0.000406728208608399	7.49834127602076e-05	1.51481641939813e-05	3.02963283879627e-06	
0.07024530915024	0.19415583676412	0.262605627122503	0.225859720351363	0.140955055113927	0.0686273691399951	0.0261830047999393	0.00850101500692481	0.0023032119751845	0.000465195697129522	8.12005539850879e-05	1.66954410062798e-05	7.58883682103626e-07	
0.0642078337548497	0.184874580854885	0.256564994335518	0.229215372486173	0.147378213635581	0.0747408110567048	0.029490211790166	0.00988875154511743	0.00284248490546423	0.000654849031878172	0.000108509167507044	3.26286307888313e-05	7.58805367182123e-07	
0.0591838996353523	0.175304910447263	0.2499848189969	0.231416175055183	0.155041307509435	0.0798885107132339	0.0331940223282194	0.0114958145974453	0.00340661709563121	0.000815219866467897	0.00022088359510443	4.70611096098786e-05	7.59050154998042e-07	
0.0547920808137151	0.165376637293962	0.243732564140847	0.232736557383634	0.16152890648506	0.0860286522180345	0.0371373852861622	0.0130483319552642	0.00415921738807514	0.0011011922129871	0.000266771960751175	7.88189884037563e-05	1.28838731044602e-05	
0.050738010870215	0.157851169005889	0.236991267356894	0.233333560332114	0.167436570865614	0.0911407672407466	0.0408983703757511	0.015059855795241	0.00473065459638482	0.00135896603568572	0.000367738025246804	8.32328863727335e-05	9.83661384405032e-06	
0.0464470890922872	0.148926018644063	0.230724805300301	0.233795911834782	0.172078598584936	0.0982225631207516	0.0451697261974145	0.0170518887154199	0.00542652747538132	0.00164200017514669	0.00040087452551857	9.81425392041697e-05	1.4343909575994e-05	1.50988521852569e-06	
0.0426822676688683	0.139698417246173	0.224903444986132	0.233928097603531	0.177163047759296	0.104165264990501	0.0495463860945661	0.0189239511619486	0.00641583403952613	0.00193223421763035	0.000501957558883628	0.000114149987035283	2.49466859083731e-05	
0.039654982593477	0.132029141214926	0.218424719160842	0.232964196091979	0.181347496459851	0.110080597706211	0.0540501960843865	0.0213927496232067	0.00716913369804143	0.00218217435375673	0.000531496885048613	0.000138948471376995	2.73341255167858e-05	6.83353137919645e-06	
0.0367480303631257	0.124139842124536	0.21162453076242	0.231769677526917	0.184869900050778	0.115985709141597	0.0586867666438027	0.0244502183748526	0.00835511245334269	0.0024673275135566	0.00065851227992177	0.000186515038821773	4.64384382372578e-05	1.0658002218387e-05	7.61285872741931e-07	
0.0335022059930561	0.118319639337522	0.204097728587576	0.229939143174414	0.188851041780507	0.121292552203662	0.0627307542104165	0.0272636744438781	0.00987939450400885	0.00296756315147106	0.000862832551638121	0.00021169585190767	7.26032705098507e-05	7.64244952735271e-06	1.52848990547054e-06	
0.0302021868834425	0.111565022411233	0.197592179057298	0.227786715750289	0.19252775297841	0.126495899115408	0.0678969702950755	0.0299428454271369	0.0112411898494213	0.00333242296066961	0.00102971563477073	0.000296827389517862	6.34965807473777e-05	2.52456284899213e-05	1.53003809029826e-06	
0.0281559679002473	0.105474562626673	0.190250202791423	0.224745848819282	0.195045059218165	0.131907666782036	0.0723648818207562	0.0334166498473213	0.0128742815965153	0.00409343216713236	0.00121176029094526	0.000332293987320644	9.59278254389849e-05	3.06969041404752e-05	7.67422603511879e-07	
0.0263789393319029	0.0994988193933498	0.184504037459248	0.221625419831113	0.196981987667509	0.136508605960601	0.0765947425292381	0.0364279491307841	0.0146205896568391	0.00488404811087543	0.00141611227923271	0.000415598168905253	0.000100051411032746	3.9250938174385e-05	1.53925247742686e-06	2.30887871614029e-06	
0.0237416618932353	0.0933413711758655	0.177215180127743	0.219878878028049	0.198824965970054	0.141606151875189	0.0812183952647561	0.0394878262101418	0.0165291610463362	0.00586747106684652	0.00166146208663624	0.000451166257075457	0.00012857468418362	4.08051392918076e-05	3.07963315409868e-06	7.69908288524671e-07	3.07963315409868e-06	
0.0218380205576907	0.0875100049841962	0.171220619627256	0.215817234841919	0.200925504370608	0.146150189930999	0.0856472868485783	0.0430351058429108	0.0182797512986258	0.00675061994310159	0.0020383590516315	0.000593943623888089	0.000136352816378978	5.23841328461609e-05	3.08141957918593e-06	0	1.54070978959297e-06	
0.020062130273253	0.0819651164403298	0.164458001198843	0.212704500592487	0.20174386979763	0.149471692356528	0.0911205484475907	0.0466069505161343	0.0205059179393459	0.00776397276253199	0.00259107277963631	0.000728089139683709	0.000228057550631088	4.46869524885239e-05	3.08185879231199e-06	7.70464698077999e-07	1.540929396156e-06	
0.0189574958915524	0.0769703188772558	0.15758693320783	0.209108023238768	0.203258982648078	0.153947581609586	0.0954294002823834	0.0497442346714399	0.0222998048005185	0.00870913734173797	0.00271350425504008	0.000942049671709963	0.00026078033500243	6.48093140242726e-05	3.85769726334956e-06	2.31461835800974e-06	7.71539452669912e-07	
0.0175994316536485	0.072645629099951	0.149915249983591	0.205393884871253	0.204107383483206	0.157826538531334	0.100340158380213	0.0535133611586235	0.024341594690286	0.00970435950995571	0.0032000370660664	0.00101005030946304	0.00031428935470295	8.0309810538346e-05	6.94988745043379e-06	0	7.72209716714865e-07	
0.016432960331832	0.0686353716859358	0.144153472318955	0.199743077804089	0.205074213369241	0.161970097970934	0.104946526133321	0.0567743882620606	0.026257138877281	0.0105028555509124	0.003889430592314	0.00112132608998468	0.000374549225364102	0.000101375926699788	2.32158610762873e-05	
0.0148874578160315	0.0646490603424255	0.139556178209852	0.195434843184	0.20364020557912	0.165352642496672	0.10956298956624	0.0605088392829499	0.0285488714820892	0.0115676955942908	0.00442892968822564	0.00126784110963188	0.00042493575652497	0.000134679092231958	3.01866930864733e-05	4.64410662868819e-06	
0.0135364039530364	0.0605768231449007	0.134640412366656	0.19170225340446	0.20225728241935	0.167431658727192	0.11412988681013	0.0645866328301811	0.0307778100079265	0.0130718244556509	0.00503669324878348	0.00163494754672553	0.000435882600218096	0.000148138036728926	2.55945299060448e-05	7.75591815334691e-06	
0.0122986130229276	0.0567152257279012	0.12804469966925	0.188213990748316	0.201441649638037	0.169745520533232	0.11773989042222	0.0690882864997538	0.0339543774888619	0.0144909441292909	0.00567353886599017	0.0018022559218919	0.00060256146786145	0.000148120000465298	3.2570890154673e-05	7.7549738463507e-06	
0.0113266665168738	0.0536441897276688	0.122134920518087	0.183662606504679	0.201111669821356	0.172155413734406	0.12122299176165	0.0723236208142896	0.0371860838277144	0.0162946250438725	0.00596821343316771	0.00208573679892087	0.000663995704559876	0.000177427090249955	2.78924683362375e-05	1.39462341681188e-05	
0.0105178043657408	0.0503925201216905	0.116929637592708	0.17861214550817	0.199321686814174	0.175006041154201	0.125120823084025	0.0762083857416369	0.0399266077215245	0.0176579839274318	0.00685671001840229	0.00242033421523858	0.000774506948876345	0.000198273778912344	4.2597882188199e-05	1.39411250797742e-05	
0.00934937691471336	0.0469218998293214	0.112046935064694	0.173268200812195	0.198070030883223	0.177066651385099	0.129543814217434	0.079678405595532	0.0424140953879608	0.0195203962469295	0.00800965836402554	0.00282967143596145	0.000921540505964458	0.000286529401014159	5.34338612702081e-05	1.78112870900694e-05	1.54880757304951e-06	
0.00893389889928236	0.0440813306742137	0.1066480311603	0.167849572459074	0.196445168814625	0.179053319372182	0.133469075352299	0.0831578515613815	0.0452499193209494	0.0214625622118674	0.00895324639343362	0.00329526520384133	0.000975113705223127	0.00030569040758979	9.13201723939119e-05	2.3216992981503e-05	5.41729836235071e-06	
0.00812961633373547	0.0411628002235084	0.101505435845278	0.163380634371298	0.193794627296622	0.180596656184235	0.136921318390523	0.088166805908598	0.0483364002624601	0.0229853521610064	0.00965831498457004	0.00366022083435414	0.00116159457644305	0.000377923983952528	0.000114381901073567	2.31855204878852e-05	1.93212670732377e-05	5.40995478050654e-06	
0.007724553718619	0.0389964875055112	0.0964264287219971	0.157670001567457	0.190492405552969	0.181557126101564	0.141259571721215	0.0919549282637282	0.0517924995231995	0.0252283430276328	0.0106726091062327	0.00417267975763865	0.00142306602393191	0.000464060054467215	0.000130492760740365	1.62150767783885e-05	1.62150767783885e-05	2.31643953976979e-06	
0.00693826392503103	0.0370271710175812	0.0922284053079413	0.152973629669778	0.187953658679297	0.182047049621059	0.143619445616391	0.0962356915629109	0.0546869466403466	0.0274651162074519	0.0117624052648273	0.00463166841688711	0.00170607998866719	0.000545083317678869	0.000142429962952812	2.84859925905624e-05	6.92902522473139e-06	1.53978338327364e-06	
0.00640304816409365	0.0345167433338681	0.0885381446511674	0.148416853633319	0.18501677518792	0.180836602531284	0.146679848359363	0.0999741329749305	0.0585723090810144	0.029757057207574	0.0132704746714235	0.00525706987243796	0.00191891877370344	0.000634010762831618	0.000175005392161754	2.14918902654786e-05	1.15135126422207e-05	
0.00609195066840956	0.0322323481658866	0.0837128642152428	0.145175362467993	0.18212797397327	0.181393744921454	0.148291227806084	0.1035608572969	0.0618280767346161	0.032022678154228	0.0145839701515922	0.00577706163991134	0.00221420748575703	0.000713492457255734	0.000224262430052394	3.91691230570963e-05	9.98428626945592e-06	7.68022020727378e-07	
0.00548926252884381	0.0303428040220247	0.0794086144283255	0.139864317794391	0.180069955610712	0.182323636584524	0.150944339231657	0.106282087657502	0.0647854466494277	0.0340520353484209	0.0162786352427724	0.00651729782805437	0.00244437114150364	0.000854261194781548	0.000256047684844514	6.92020769850039e-05	1.6916063263001e-05	7.68911966500043e-07	
0.00522985815559155	0.0281148182137336	0.0761243463639667	0.134224043951442	0.175783439372756	0.182979594853444	0.154450576185168	0.110024112933525	0.0673614661156312	0.0367268001552097	0.0173217398266825	0.00748101452935126	0.00275158443222202	0.000994697002358941	0.000297177277794544	0.000119332844710244	1.38580077728026e-05	1.53977864142251e-06	
0.00474023906286985	0.0263542796694786	0.072830673695297	0.130212393242461	0.172269293073684	0.182136052879726	0.156489570780143	0.113968516115502	0.0705808334894651	0.0384623984468547	0.018825256499517	0.00847815041238075	0.00309796365559711	0.00105013103507299	0.000346959593085789	0.000124905453510884	2.77567674468631e-05	4.62612790781052e-06	
0.0042673033239071	0.0246017029035897	0.068616043144345	0.126140033687204	0.170463430840789	0.180937369616615	0.15766229351135	0.116548452397509	0.0745368009518953	0.0411988317648695	0.0203444439293496	0.00924698283188849	0.00362910079891212	0.0012099578137314	0.000428816466552316	0.000131349187952962	2.8587764436821e-05	8.49906510283869e-06	
0.00387440165584087	0.0226688449705844	0.0648125310721446	0.121017256589614	0.167186887496994	0.180446139940821	0.159993226949011	0.119616255631645	0.0782913664475734	0.043881793250299	0.02209669226148	0.00999566246392152	0.00407542828336404	0.00134687840440527	0.000488649340748639	0.000141491818602849	5.10298362174211e-05	1.54635867325519e-05	
0.0037111197631805	0.0213574787869799	0.0612674663650803	0.116306215275847	0.163457675930561	0.179375166088832	0.162208533412438	0.123215510688396	0.0810212222902028	0.0464693376840882	0.0238379961807294	0.0107100258944077	0.00460877196235114	0.00171882628498681	0.000499039002292798	0.000152956226708938	5.9482977053476e-05	1.77676424964928e-05	5.40754336849782e-06	
0.00327916777196791	0.0199356385985889	0.0581333028102623	0.111956510810813	0.159690830163084	0.179169396084024	0.163213615352074	0.125819501922257	0.0842746117395753	0.0491186849918524	0.0256455668203905	0.0118150580312155	0.00508967054417944	0.001972914383559	0.000632631895629658	0.000181746326984071	4.7950094778776e-05	1.39209952583543e-05	9.28066350556956e-06	
0.00314071955672446	0.018638495363976	0.0550039887680007	0.10808284566679	0.155002518611027	0.177560916727988	0.164863403072938	0.12964617964235	0.0877126601407172	0.051788987595744	0.0270880291307736	0.0128507194870854	0.00551540995327222	0.00212476371095476	0.000707996648042099	0.000205048209542247	4.41047092222947e-05	1.31540360838423e-05	1.0058968769997e-05	
0.00293261240909364	0.0170609992639536	0.0525285584447047	0.103435345964938	0.151418007983866	0.175046330801149	0.165998515562674	0.132214450272121	0.0915204989684549	0.0552798596419759	0.0289411270922157	0.0140288585726256	0.00606891060508566	0.00236013190197776	0.000869522279676016	0.000221431139544824	5.94083545120259e-05	4.62922242950852e-06	7.71537071584753e-06	3.08614828633901e-06	
0.00264919912672554	0.0162043320749958	0.0495188762166514	0.099191552092329	0.147734569472459	0.172274843066673	0.167165618393824	0.135191438280581	0.0944752855482919	0.0581731830300532	0.0313051515964789	0.0151869473305378	0.00674872903806772	0.00277762184201238	0.00102891971888498	0.000272994394771427	8.15138192838627e-05	9.22797954156936e-06	3.8449914756539e-06	5.38298806591546e-06	7.6899829513078e-07	
0.00243286495286902	0.0153526420790049	0.0472350443558458	0.0953257541418832	0.143725582700449	0.170897199892695	0.16673373233552	0.137658066843658	0.097215926785874	0.0608486042632181	0.0337864505764564	0.0165659910764117	0.00745508141926373	0.00302103857740612	0.00122337030424688	0.000388518357492392	0.000107921765970109	1.15630463539402e-05	7.70869756929348e-06	3.08347902771739e-06	1.5417395138587e-06	7.70869756929348e-07	1.5417395138587e-06	
0.00209063262450712	0.0139822619997456	0.0445338667838408	0.0909741253377428	0.140105533778132	0.168831689426965	0.168311343917546	0.140395385498934	0.100469852722949	0.0632462621847573	0.036037973658954	0.0177025396715271	0.00804723966343282	0.00327316597479986	0.00135366920672363	0.000464071106177465	0.000141842331456235	2.23555848490805e-05	4.62529341705114e-06	6.16705788940153e-06	2.31264670852557e-06	1.54176447235038e-06	1.54176447235038e-06	
0.00196689661340651	0.0127929237983696	0.0416394557455972	0.0870600408491504	0.135636450272058	0.167410581764995	0.167503105321878	0.143150134120606	0.104403581586887	0.0665128719543365	0.0378829993361435	0.0195186153541301	0.00870338258413668	0.00366007770436719	0.00143719925025078	0.000491145881121108	0.000163458283826805	3.31542745497765e-05	1.85047113766195e-05	6.93926676623229e-06	3.85514820346239e-06	2.31308892207743e-06	1.54205928138495e-06	7.71029640692477e-07	
0.00188763774627774	0.011832435137513	0.0392687254358415	0.0834308124476138	0.1317622039096	0.164323955032891	0.167545585140713	0.14489316109153	0.107135779602871	0.0699644294406717	0.0405880670142244	0.0209459933577976	0.00976050596094101	0.00418703960877782	0.00160310411540499	0.00059991101576964	0.000173496116385821	6.16875080482921e-05	1.38796893108657e-05	1.23375016096584e-05	2.31328155181095e-06	3.85546925301825e-06	1.5421877012073e-06	1.5421877012073e-06	
0.00175706364201444	0.0110993494864205	0.0368321773434182	0.080554905930936	0.127966391157446	0.161669856665456	0.167425701748448	0.145549336254593	0.110442681568372	0.0729681451439192	0.0429819000904688	0.0227641288226135	0.0105908472677814	0.00462960113732176	0.00179014321145692	0.000634666157908017	0.000221556186033344	7.38520620111147e-05	2.00016001280102e-05	7.69292312615779e-06	7.69292312615779e-06	1.00008000640051e-05	1.53858462523156e-06	7.69292312615778e-07	
0.00168667152456793	0.0102770004024312	0.0346991114965286	0.0762310893882045	0.124656721563003	0.159381994935369	0.166473402221143	0.147133620241905	0.113049312827552	0.0762603291317874	0.0457678933765056	0.0241843458107527	0.0118936504357876	0.00507617337936798	0.00208833326536375	0.00074253559361681	0.000272391295482229	7.77161605754382e-05	3.07786774556191e-05	4.61680161834286e-06	4.61680161834286e-06	7.69466936390477e-06	
0.00148051097281363	0.00970694206277336	0.0327716228974394	0.0727739349916187	0.120582647733184	0.156435521473575	0.166640334482958	0.148719292499181	0.115387372112291	0.0792400917130691	0.0478349164755978	0.0261705940155296	0.0128267278087127	0.00581954104930541	0.00232827883855802	0.000840831583206489	0.000282075489874954	0.000118687501204216	2.77451301516348e-05	4.62418835860581e-06	6.16558447814108e-06	1.54139611953527e-06	
0.00129845552538786	0.00904516014413552	0.0309698250058898	0.0700269964429579	0.116669434542316	0.152165701772342	0.165931956604859	0.150940627136253	0.118172584127327	0.0821240291515238	0.0501693553681983	0.0279411253538697	0.0140412400597861	0.00638954438192049	0.00264171201476887	0.000973262321230636	0.000309744595883718	0.00014521691777092	3.93939510974305e-05	3.86215206837554e-06	7.72430413675108e-07	
0.00120545648835602	0.00847840307557648	0.0293361251880868	0.0667710003819727	0.112858254090743	0.150123019966195	0.163572481260912	0.152060719747991	0.121441042429903	0.0851397138761264	0.0528104379077791	0.0299461990619244	0.0147724478576278	0.00687860225812388	0.00295758246822435	0.00111498925991621	0.000346404430265231	0.000130674885524161	5.10327955301457e-05	4.63934504819506e-06	7.73224174699177e-07	
0.00117116476394266	0.00799329614466475	0.0279301537433982	0.0639587378940989	0.109732340536061	0.146990067904365	0.162147954829373	0.152039604695172	0.123957160880159	0.0881573983599055	0.0557845489740133	0.0317227176588455	0.0159835001051343	0.00740810028571782	0.00316716966196242	0.00122991626365199	0.000418217912404606	0.000157701393956635	4.01983945379658e-05	8.50350653687739e-06	1.54609209761407e-06	
0.00105386778749575	0.00759109311740891	0.0262477980035232	0.0615817288376549	0.106006428284452	0.144232314491455	0.162187471026362	0.153416571375591	0.125329913156349	0.0904247921624378	0.0580052229811169	0.0329418672930123	0.0172644250084989	0.00813734276972525	0.00351778595048985	0.0012995642364867	0.000502209722780233	0.000182340760886362	5.87199060481503e-05	1.6997867540254e-05	1.54526068547764e-06	
0.000926493061355804	0.00711342502366501	0.0249140016457239	0.0589413540719293	0.102042615587356	0.141239923034566	0.160682356726123	0.15445830317204	0.128138321237881	0.0932038099127024	0.0603628016902698	0.03478989179056	0.0183225990063787	0.00851631184611863	0.00391246109966529	0.00157844101688414	0.000535169614739747	0.000193341623822163	8.97105134534836e-05	2.70678273351028e-05	1.16004974293298e-05	
0.000803035582917102	0.00635226700739536	0.0235931389631006	0.056236496689511	0.0985929453672513	0.138442714988191	0.159732837727959	0.154489487745383	0.129747163820808	0.0961784179347195	0.0631618074108491	0.0366198164711349	0.0195477600960235	0.00933364308669222	0.0042823401866264	0.00184458125217795	0.000669841638595268	0.000247028303713168	8.5956557091416e-05	2.86521856971387e-05	1.00669841638595e-05	
0.000747902041865481	0.00588566389468053	0.0220693040407614	0.053425445547544	0.0951298879772811	0.135134904959922	0.15793352962536	0.155809828485777	0.131756958160068	0.099056760809933	0.0655420780063378	0.0388483237626131	0.0208491243120037	0.0101291950452651	0.0045245750855713	0.00198821163924488	0.000778871070514156	0.00028801196643267	7.35514430406012e-05	1.93556429054214e-05	8.5164828783854e-06	
0.000748254331957911	0.00541552953741737	0.020812181953099	0.0510706867484468	0.091369305427483	0.131424198110425	0.155812321668638	0.155678815708994	0.13414477013689	0.102023391486046	0.0685289195642117	0.0410010773620464	0.022460049117774	0.0111710335534629	0.00486365315772642	0.00209650928487377	0.000880207896722273	0.000323674332392582	0.000126520182685829	3.95860694293086e-05	9.31436927748438e-06	
0.000773183019903227	0.00518313213947224	0.019217339252756	0.0487378098967427	0.0890844016561081	0.128321101661096	0.153939803960692	0.155532935102509	0.135795723799072	0.104474017309323	0.0710400870454432	0.0428235833291764	0.0237590100763206	0.0120225283084751	0.00546138449643338	0.00237410834538834	0.000927507856537138	0.000331252805906121	0.000145751234598693	4.91033571107896e-05	6.23534693470345e-06	
0.000660563280324495	0.00478537932475927	0.0182906618812873	0.0461263461803923	0.0854497484478323	0.125206767225143	0.151541951227501	0.155683144873928	0.137645165994795	0.106753889095559	0.0736040628931112	0.0454985381040508	0.0254640515535715	0.0130591878737115	0.00583510562383456	0.00269684512793637	0.001073902759158	0.00041021993559703	0.000146618532114528	5.4592006638388e-05	1.09184013276776e-05	1.55977161823966e-06	7.79885809119829e-07	
0.000601976450306493	0.00452926768901163	0.0171301729179305	0.0436889679031778	0.0827221827931551	0.122712626124216	0.149066858424664	0.155448121107356	0.138641969235958	0.108781282670496	0.0762378579944581	0.0474749391191781	0.0271287597177035	0.0142975262749838	0.0067427608623176	0.00287715073849472	0.00121722605191676	0.00044894482351003	0.000161620136463611	7.4173492579918e-05	7.807736061044e-06	3.903868030522e-06	3.903868030522e-06	
0.000484752885136947	0.00419209930731774	0.0162509118342052	0.0418929366360955	0.0794464776701935	0.120260020824111	0.147626737161063	0.154255070421657	0.139667281830028	0.111288195721705	0.0786149160489055	0.0497612085466142	0.0285380725851201	0.01522918991714	0.00727363131347769	0.00317817084499754	0.00128358199649606	0.000505015867473861	0.000162103858695313	7.01410927047029e-05	1.09108366429538e-05	7.79345474496699e-06	7.79345474496699e-07	
0.000461327219708647	0.00387764230619971	0.0156944766975205	0.0395603676279209	0.0767829283992101	0.116837352542833	0.146122279766905	0.154096538954876	0.140242695522476	0.113109329875457	0.0809652648657242	0.0517013779033613	0.0305644868436023	0.0162968515975793	0.00790568352017605	0.00346073341676706	0.00146502563015584	0.000548605342356229	0.000187803817482743	6.7796398842318e-05	3.74049097061065e-05	7.01342056989497e-06	3.89634476105276e-06	3.11707580884221e-06	
0.000415674186165989	0.0035916117883331	0.0145999719770212	0.0379804773247396	0.0729578254168418	0.113669764762661	0.143996076782962	0.153494309778463	0.141689629940996	0.115243722074323	0.0835738639017328	0.0544120623355596	0.0318636837762521	0.0174341849205237	0.00871670325222238	0.0038866314822599	0.00154359908458269	0.000614170286301434	0.000181370946398269	7.31711114224775e-05	3.89208039481264e-05	1.63467376582131e-05	4.67049647377516e-06	1.55683215792505e-06	
0.000389843565562058	0.00324067171133559	0.0134193163603832	0.0361374113144717	0.0703178389930543	0.109827164175395	0.140968054571887	0.152859836483145	0.142867571227992	0.117758383966402	0.0865281867770033	0.0569924889104261	0.0341680023856562	0.0184212733440191	0.00906036828568233	0.00420673823635392	0.0017403175904872	0.000727656216995316	0.000215889464594128	7.22220151340068e-05	4.03822020104124e-05	3.10632323157018e-05	5.43606565524782e-06	3.88290403946273e-06	
0.000375498890923379	0.00289018012333397	0.0125021775064551	0.0339683264749945	0.0677307092283691	0.106418708361238	0.138108492081619	0.151765812567987	0.144028212741413	0.120660568358218	0.088877877695753	0.0594852181184022	0.0362228682695695	0.0195994936571656	0.00976916496014679	0.00452766497756685	0.00191775412952002	0.000766482272194114	0.000240009600384015	6.81317575283657e-05	3.48401032815506e-05	2.55494090731371e-05	9.2906942084135e-06	3.09689806947117e-06	3.87112258683896e-06	
0.000347279298217994	0.00286544007618536	0.012060624161224	0.0321881605541652	0.0654629194458657	0.102878791035872	0.134852410156916	0.15064049878568	0.145203648439134	0.121743002515074	0.0919780797306965	0.0613511325549647	0.0384052317240411	0.0209432568778665	0.0106005076451608	0.00504944099608963	0.00219712036005918	0.000844274560556635	0.000250812826490774	7.33145185126877e-05	4.39887111076126e-05	1.00325130596309e-05	7.71731773817765e-07	7.71731773817765e-06	7.71731773817765e-07	7.71731773817765e-07	
0.000323664901501313	0.00271155845034473	0.0112975195429021	0.0308919312877097	0.0624442619825206	0.100183128217429	0.132550387167801	0.148557576987656	0.145643824073903	0.124196603748055	0.0933961596890357	0.0642916889618737	0.0401651997958067	0.0226680751087084	0.0113413411566446	0.00546540091394973	0.00243325276306807	0.00092563549027929	0.000374405717413633	9.37936294136822e-05	2.69080084383514e-05	1.23008038575321e-05	2.30640072328727e-06	1.53760048219151e-06	1.53760048219151e-06	
0.000259459924188574	0.00252474464691189	0.010447483929605	0.0293389298890156	0.0599805328293567	0.097055667203498	0.129614817157517	0.147621950002533	0.145276063824071	0.12667862126988	0.0962534908106664	0.0667073000354646	0.0418997072248074	0.0238526574683774	0.0123304874622517	0.00582019273727149	0.00261302243176895	0.00111997641831695	0.000412218873636876	0.000142779721594896	3.91492785018262e-05	7.67632911800514e-06	1.53526582360103e-06	0	1.53526582360103e-06	
0.00028362296439033	0.00240118737332084	0.0101988973292555	0.027426110068769	0.0577330300847871	0.0946032468296102	0.126918586373953	0.145459380810332	0.145404039744109	0.127947776480508	0.0989298421319223	0.0694953125348284	0.0440161319208039	0.0252524359676962	0.0129674878922202	0.00626737574969851	0.00283315514022427	0.00113602910940083	0.000478853948008606	0.000179858465223136	5.68783180620173e-05	8.4548851173269e-06	1.53725183951398e-06	0	0	7.68625919756991e-07	
0.000197061171328523	0.00214304023819769	0.00956978313264141	0.0266040278995511	0.054984685421861	0.0915980352385402	0.125124606551206	0.144294193854309	0.14477145137862	0.129184374588654	0.102013795821533	0.07117449227882	0.0456188913923526	0.0269065475883484	0.0137049886497384	0.00682401282745062	0.00306676447880014	0.00140175153511422	0.000501890170727333	0.000235549681353626	5.92723054386574e-05	1.53954040100409e-05	5.38839140351431e-06	
