# <P(N_2)> as a function of N_tot.
# number_of_species: 2
# species_total_upper_bound: 100
# species_total_lower_bound: 0
# volume: 512
# Bin widths for each species index 
1	1	1	1	1	1	1	1	1	1	1	1	1	1	1	1	1	1	1	1	1	1	1	1	1	1	1	1	1	1	1	1	1	1	1	1	1	1	1	1	1	1	1	1	1	1	1	1	1	1	1	1	1	1	1	1	1	1	1	1	1	1	1	1	1	1	1	1	1	1	1	1	1	1	1	1	1	1	1	1	1	1	1	1	1	1	1	1	1	1	1	1	1	1	1	1	1	1	1	1	1	
# Bin lower bound for each species index 
0	0	0	0	0	0	0	0	0	0	0	0	0	0	0	0	0	0	0	0	0	0	0	0	0	0	0	0	0	0	0	0	0	0	0	0	0	0	0	0	0	0	0	0	0	0	0	0	0	0	0	0	0	0	0	0	0	0	0	0	0	0	0	0	0	0	0	0	0	0	0	0	0	0	0	0	0	0	0	0	0	0	0	0	0	0	0	0	0	0	0	0	0	0	0	0	0	0	0	0	0	
# Bin upper bound for each species index 
0	1	2	3	4	5	6	7	6	6	7	7	7	7	7	8	8	9	9	9	10	10	10	10	10	11	11	11	12	12	12	12	12	12	12	12	13	13	13	13	14	14	14	14	15	16	16	16	16	16	14	15	15	15	15	15	16	16	17	17	18	18	19	19	17	17	17	17	18	18	18	19	20	22	22	23	23	23	21	21	20	20	20	20	20	20	20	21	21	22	23	22	23	23	23	24	25	24	24	25	22	
# Normalized histogram for each species index 
1	
0.920349891479827	0.0796501085201725	
0.847621306997724	0.146086232284717	0.00629246071755863	
0.78057055115668	0.201665538140874	0.0172852711110374	0.000478639591407717	
0.719046578569868	0.246795170192755	0.0322664817330559	0.00186010279015419	3.16667141667379e-05	
0.661590783187744	0.284373703104086	0.0496744692557104	0.00417217534885513	0.000183815749661899	5.05335394259516e-06	
0.609371976474251	0.314413271335889	0.0679305674001602	0.00776039588608253	0.000507400803142986	1.32365426906866e-05	3.1515577834968e-06	
0.560481387165741	0.338302598287731	0.0872268349134314	0.0128208927275559	0.0011020860825064	5.98959827449131e-05	1.89145208668147e-06	4.41338820225675e-06	
0.517384057593153	0.354874641660546	0.10720749982566	0.0183569064098706	0.00200600986230593	0.000163973872239852	6.91077622466808e-06	
0.475475919363345	0.368748723845887	0.126530602019048	0.0256358222566288	0.00331017152763946	0.000285607988004464	1.3152999447574e-05	
0.436960791781496	0.376980296618371	0.146463593260467	0.0339386659041216	0.00514593039445473	0.000487620921872015	2.24767646445487e-05	6.24354573459686e-07	
0.402447872503831	0.381400814458957	0.164437165403102	0.0433647569797834	0.0074090539563449	0.000891634000477037	4.68295168317771e-05	1.87318067327109e-06	
0.371234632458195	0.382892810654912	0.181375993250824	0.0525014258383118	0.010436387643317	0.00144830228521009	0.000107951872184983	2.4959970447395e-06	
0.340917089172942	0.383599859730625	0.196985333599203	0.062558015825936	0.0135843763419822	0.00213717019663341	0.000201277801496332	1.68773311813694e-05	
0.313664172413966	0.379921516185096	0.212646311961895	0.0734320766907577	0.0169971050641343	0.00293625631702052	0.000370005859991285	3.25555071396731e-05	
0.287595770436666	0.375179510828294	0.22649066042441	0.0844860037944767	0.0215387931358568	0.00408645592366936	0.000545737980606565	7.01752627186398e-05	6.89221330272355e-06	
0.26470117601878	0.367709653067871	0.238405318283104	0.0959979216828345	0.0267577059946775	0.00548131051953537	0.000811999520581427	0.000116717087193312	1.81978254226131e-05	
0.244848966653605	0.358700430016779	0.248104861801851	0.107101053942993	0.0325325777898343	0.00734130572384483	0.0011585586400217	0.000182104068079292	2.57457475560378e-05	4.3956154363967e-06	
0.225488491879962	0.34979011965282	0.257201164460972	0.118097779328496	0.0381681640788013	0.00933401191194125	0.00164979946998074	0.000225286424390676	4.01624823426274e-05	5.02031029282842e-06	
0.207032249968628	0.33982494666834	0.264454134772242	0.129197515372067	0.0451204668088844	0.0116206550382733	0.00233153469695068	0.000350106663320366	5.52139540720291e-05	1.31760572217342e-05	
0.190864751974624	0.32916037246989	0.27094515019707	0.139314416720318	0.0514711932540866	0.0143975629288821	0.00320462289779062	0.000551481557087449	8.29106668969741e-05	5.65300001570278e-06	1.88433333856759e-06	
0.174764745795023	0.319961396111267	0.274651994346123	0.150074185185789	0.0584351001907619	0.0170607114503549	0.00414508941729198	0.000767562699964506	0.000124164554406023	1.31689678915479e-05	1.88128112736399e-06	
0.160832224187514	0.306733123161732	0.279028589543921	0.16078253277746	0.0657172042983699	0.0205200363313398	0.00515406853137352	0.00103282652288447	0.000172347422210928	2.39021972409316e-05	3.14502595275416e-06	
0.147995640139148	0.294722065160171	0.281117940777089	0.170669809724653	0.0732534612527744	0.0241955924649629	0.00640771240013107	0.00134468876241463	0.000245289343939058	3.83657691802116e-05	9.4342055361176e-06	
0.138191595056626	0.283276252942372	0.281510672449582	0.178614956845211	0.0807422736976956	0.0277113080837285	0.00780165093731182	0.00176054676365824	0.000324046312824872	5.72586688680842e-05	9.43824212111278e-06	
0.126857805848565	0.272872687779256	0.281937102190556	0.186945533692382	0.0874519266123087	0.0321151284963392	0.00908766939210852	0.00222116492369538	0.000417332628560762	7.54215593784509e-05	1.44557988808698e-05	3.77107796892255e-06	
0.116621746757109	0.261288950455096	0.280980935388106	0.194367068436361	0.0960169340530557	0.036274709087122	0.0109846745314151	0.00277047933809635	0.00058032006062933	8.90869714695837e-05	1.75664450785095e-05	7.52847646221834e-06	
0.107092146233998	0.249421716922145	0.279788302731348	0.200566961364811	0.104216681324428	0.0412617017097663	0.0133990284594088	0.00344029954375373	0.000688059908750746	0.000105085513336478	1.50122161909254e-05	5.00407206364179e-06	
0.0986370880809684	0.238089544540027	0.278424150308427	0.206107563122002	0.11168278181265	0.0460730834285886	0.0154826844081424	0.00437819491167865	0.000968411142174274	0.000140848420807506	1.18938666459672e-05	3.12996490683346e-06	6.25992981366693e-07	
0.0906218809237059	0.227267812601365	0.274781207637592	0.212083125785531	0.119119418162	0.0516739342251066	0.0177252594165245	0.00522239228815906	0.00123559951575999	0.000227495307909274	3.12493554820432e-05	7.49984531569036e-06	3.12493554820432e-06	
0.0835106615329893	0.216379509388514	0.27097080168987	0.217051588465451	0.126610462467785	0.0569856910183527	0.0203633095994359	0.00617601357886789	0.00157754494567829	0.000310142340981847	4.43060487116924e-05	1.37286348120737e-05	6.2402885509426e-06	
0.0769419966425401	0.20596198199724	0.267235002266535	0.221079268930544	0.133967755433456	0.0621011771035184	0.0231939954270799	0.00719437899445571	0.00184685200775105	0.000382944701539749	7.40982430621628e-05	1.80575550319556e-05	2.49069724578699e-06	
0.0704620006247549	0.194238288495843	0.262522376138603	0.226029707655866	0.141107936070491	0.0682105137143673	0.0261524140042361	0.00842982637176407	0.00229263842965802	0.000457031267049043	7.91854992022217e-05	1.68347124288188e-05	1.24701573546806e-06	
0.0644522979656719	0.185421885630862	0.256045579525633	0.229089376106545	0.147579679045005	0.0745219756199927	0.0294195233382413	0.00986637580782862	0.00280756108253868	0.000660419188451457	0.00010476904972601	2.99340142074315e-05	6.23625295988156e-07	
0.0592369089445405	0.175555250463359	0.249620888275931	0.231411044476202	0.155168088465643	0.0800034946924359	0.0332176756550988	0.0113758479309549	0.00336863388728369	0.000789426059172632	0.000205313180606953	4.6803916551737e-05	6.24052220689827e-07	
0.0548065002116165	0.16579391728692	0.243297303463094	0.232548180939303	0.161614568691848	0.0863046392951019	0.0372002540645022	0.0129612788495042	0.00406652799914231	0.00107834050253161	0.000248703965612781	6.66950484224751e-05	1.30896824006727e-05	
0.0508870057763729	0.157529460996406	0.237048619673544	0.232881361420604	0.167390892809549	0.0915028284051083	0.0412105225139054	0.0150773545756396	0.00471649940343195	0.00131581241608816	0.000349347262387817	8.03311886774124e-05	9.34083589272237e-06	6.22722392848158e-07	
0.0465954316791805	0.148791164162347	0.230600657868999	0.233598141026397	0.172008462751288	0.0985126845017018	0.045155372959063	0.0171223540706343	0.00546775206150709	0.00165181379711628	0.000377557439340864	9.81152556181851e-05	1.49035831318762e-05	5.58884367445358e-06	
0.0429535414038859	0.139890268983901	0.224348976941574	0.233689161732085	0.17731687160974	0.104068000919603	0.0497325073475043	0.0189860754695879	0.00644654185747395	0.00192557428590957	0.000514480641733825	0.000104387376583675	2.29900769856902e-05	6.21353432045682e-07	
0.0396244555315994	0.132448757932435	0.218347260168918	0.232526819705984	0.181146959394161	0.110163742675474	0.0540521667130132	0.0215617592081094	0.00722881950895902	0.00218660255459024	0.000544312526420668	0.000139663237019736	2.306937397201e-05	5.61146934454297e-06	
0.0365057693424204	0.124898475430274	0.211565654011758	0.231397983180477	0.184725086135911	0.115649672967589	0.0588514754071752	0.0245750326657839	0.00840039729584119	0.00251712261421163	0.000678599276202391	0.000185413049707553	3.99543272097084e-05	8.74000907712371e-06	6.24286362651694e-07	
0.0332843473474214	0.118432816263682	0.204368739083168	0.229963498752989	0.188577028164016	0.121218371750969	0.0627405151302747	0.0273596344608887	0.00986825194010836	0.00304636824504362	0.000845760601474344	0.000218806856867714	6.83379581621227e-05	6.2695374460663e-06	1.25390748921326e-06	
0.0301705010842651	0.111635059265838	0.197740460506702	0.227769740372636	0.192396021955192	0.126389224507216	0.0679198742189682	0.0299897379248013	0.0112418366290181	0.00335102259853318	0.00102306927057672	0.000292484834410276	5.89990867694548e-05	2.07124453552341e-05	1.25529971849904e-06	
0.0281177527710664	0.10525802102755	0.190453162160988	0.225203339573467	0.19468587444045	0.132027627861347	0.072390588291595	0.0333352853428642	0.0128297400615953	0.00407214375353802	0.00118002124541986	0.000335619703206396	8.43771861719645e-05	2.58169002466459e-05	6.2968049382063e-07	
0.0262542895452514	0.0992624128518437	0.184271162387853	0.221869547321985	0.197211132742961	0.136723178821325	0.0765969481416389	0.0363585516929658	0.0145907666512634	0.0049050429143909	0.00140585979026365	0.000418538410841849	9.53232278086263e-05	3.40891013355352e-05	1.26255930872353e-06	1.89383896308529e-06	
0.0237858796742582	0.0934102575934472	0.17702588323939	0.219873842359207	0.199033621599139	0.141712110514043	0.0813412735486783	0.0393314997765471	0.0163275471574075	0.00589384629096663	0.00167004953890324	0.00043489556501341	0.000113780816427927	3.98232857497745e-05	2.52846258728727e-06	6.32115646821817e-07	2.52846258728727e-06	
0.0218589979875281	0.0874903659942199	0.171328187188337	0.216010374061811	0.200736325718227	0.14638061704424	0.0855588229157512	0.0429637141771468	0.0181615629882204	0.0067145621909452	0.00204598147362511	0.000579146795377195	0.00012012870209789	4.61547118586629e-05	3.79353796098599e-06	0	1.264512653662e-06	
0.020017599140666	0.0820725993019809	0.164644958529415	0.212916706468222	0.201655027743002	0.149461745908137	0.0910967452976703	0.0464795708896802	0.0203750223784903	0.00773615712452056	0.00256522341482794	0.000716111690649871	0.000216351765196339	4.04868800367418e-05	3.79564500344455e-06	6.32607500574091e-07	1.26521500114818e-06	
0.018885247897412	0.077181974048636	0.15766049670789	0.209411047083769	0.203282725806288	0.153814206292039	0.0953424758291146	0.0495369994623056	0.0221925757591129	0.00869251488804797	0.00273919792226765	0.000936526697034565	0.000253629437247005	6.21392121255161e-05	5.7066623380576e-06	1.90222077935253e-06	6.34073593117512e-07	
0.0175641137116741	0.0728027880190328	0.150140359317314	0.205429807965098	0.204107136397015	0.157979917479003	0.10002925871367	0.0533009985408724	0.0243177356675144	0.00971884343668662	0.00321147703190977	0.0010078706574452	0.000302742004786751	7.74308691488126e-05	8.88550957445391e-06	0	6.34679255318136e-07	
0.0162663129986953	0.0686991141786049	0.144368053517688	0.200108869774219	0.204756478513781	0.161852640885999	0.104966595907665	0.0566402304939537	0.0263453420378338	0.0105668469306219	0.00383140302269242	0.00111346974449268	0.000365228239066337	9.27362137455395e-05	2.66775409404977e-05	
0.014910955687285	0.0647046876785012	0.139122377222934	0.195312321498839	0.203816275497899	0.165330473083612	0.109676825630545	0.0605164950939947	0.0287086987979335	0.0117172922405148	0.00433734022162704	0.00128203500844112	0.000407458651197624	0.000125030146862822	2.79255150353512e-05	3.80802477754789e-06	
0.0135555910216067	0.0605566573345737	0.134305202043099	0.191316384658573	0.201910207164835	0.167909002873386	0.114089764857962	0.0648117356739231	0.0310438866948685	0.0132700963751082	0.00500601191956045	0.00162585704030434	0.000430467429130246	0.000137978481715308	2.47979759764839e-05	6.35845537858561e-06	
0.0123334384809895	0.0566302804898524	0.127825631267521	0.187729268528459	0.201244982167297	0.169895293285644	0.118004924980539	0.069196485354797	0.0341454293840213	0.01470498450768	0.00566906979938845	0.00185767925555459	0.000585095828521132	0.000136098377503829	3.49785549659372e-05	6.35973726653404e-06	
0.0113627557223493	0.0533130995651307	0.121966681615432	0.183394674089385	0.20091331452245	0.172638550283116	0.12111422084959	0.0725309445798867	0.0372795956972964	0.0164502060007648	0.0060282061608394	0.00213496321460287	0.000664436632691045	0.000168967633169998	2.79495333063154e-05	1.14338999889472e-05	
0.0105295377633893	0.0500262587531823	0.116561557566363	0.178156908592232	0.19901975788604	0.175365288785957	0.125353635868885	0.0764698075141311	0.0400568230528357	0.0178807185817352	0.00703175753295997	0.00248743739335358	0.000809036313283754	0.00019876637838133	4.12773629226405e-05	1.14306543478081e-05	
0.00940503211474381	0.0467881443600308	0.111427485747256	0.17294621955962	0.197958102141915	0.17723030350784	0.129524595039054	0.0799208505641367	0.0426495743875069	0.0197835463725717	0.00816339757976581	0.00289502914092107	0.000963950659959892	0.000273235849560154	5.40117377037513e-05	1.52503729987063e-05	1.27086441655886e-06	
0.00892688525528323	0.0439718566891232	0.106531906032117	0.167701958141117	0.196114875068753	0.179023504687902	0.133343083237689	0.0834640562357527	0.045427347845854	0.0216886622389384	0.00899492263132962	0.00337198322592542	0.00101738132405821	0.00030902957718268	8.58415492174112e-05	2.22552164637733e-05	4.45104329275466e-06	
0.00804061986978465	0.041029016370946	0.101517908422321	0.163151648530376	0.193439931690309	0.180535295881597	0.13705711787996	0.0883458025626299	0.0484165264725465	0.0231745963171725	0.00984874282722832	0.00371662659910242	0.00118995583249895	0.000376109905413441	0.000116899024655529	2.28715483021687e-05	1.58830196542838e-05	4.44724550319948e-06	
0.00770041457422021	0.0389458514008545	0.0962231209248878	0.157774377662512	0.190233063087657	0.181302258254979	0.141440915237666	0.0920608719391027	0.0519582759299351	0.0253163271136619	0.0107636926944785	0.00422383198633746	0.00145640621924818	0.000434890261632521	0.000132689145519995	1.77765362419133e-05	1.33324021814349e-05	1.90462888306214e-06	
0.0069172031551666	0.0368852069746988	0.0919891771479011	0.153160580553693	0.187948590819319	0.181433477009038	0.143790949000507	0.0964070942491092	0.0548956435677419	0.0276105571565255	0.0118043300273357	0.00470096267154493	0.00172486830782441	0.000542662312703934	0.000145005448785532	3.41934246044486e-05	5.69890410074143e-06	1.26642313349809e-06	2.53284626699619e-06	
0.00635318155024958	0.0344440239596318	0.0882811725082116	0.148139186229214	0.184932168920332	0.180833810853857	0.146607119278204	0.100144109060423	0.0588920218166334	0.0299350087722679	0.0133349843855527	0.0052949497387273	0.00193640627003928	0.00064252044914517	0.000188270495423068	2.46394272533546e-05	1.13720433477021e-05	1.2635603719669e-06	3.79068111590071e-06	
0.00598311593100126	0.0319994089502363	0.0836935305940871	0.14452492796581	0.182191089672226	0.181312092587693	0.148270768989842	0.103743757194736	0.0623121790981818	0.0322835674904949	0.014577333115268	0.00581388373369167	0.00227958295629705	0.000722394155679729	0.000229221222475299	4.42024395957876e-05	1.01034147647515e-05	3.15731711398483e-06	3.15731711398483e-06	2.52585369118786e-06	
0.00545052920247254	0.0301373642192436	0.0793971388201825	0.139576321645764	0.179825069270569	0.18234532209312	0.150869686540787	0.106430852500986	0.0651646390115901	0.0343888276173645	0.0162775555762255	0.0064806501151293	0.00244305702934136	0.000873198316625506	0.000249304446920616	6.83372595619961e-05	1.7084314890499e-05	1.89825721005545e-06	1.26550480670363e-06	1.89825721005545e-06	
0.00516573914950723	0.0280740078186559	0.0760458418937705	0.134370073324463	0.176030057514727	0.182363460366946	0.154219722359746	0.110305551347092	0.0675425623562211	0.036792183119082	0.0175447493484982	0.00739773909372308	0.00273278948012341	0.000995873874570605	0.000292866791885181	0.000111568301670545	1.33121269038719e-05	1.90173241483884e-06	
0.00468402657434456	0.0261833213360299	0.0728083973506907	0.130215811811187	0.172737048307872	0.181912763734373	0.156142682850966	0.114087373377666	0.0708462986731871	0.038461196658021	0.0187234107381579	0.00855744169247039	0.00309454255995795	0.0010518270814052	0.000342145320988172	0.000119973034632216	2.72954523237317e-05	4.44344572711911e-06	
0.0042389835090565	0.0243900577262535	0.0684852821907352	0.126191180446226	0.170543390105434	0.181149118203648	0.157558004548129	0.116503983588569	0.074682187554665	0.0411411669290587	0.0203597156624207	0.00928390821048614	0.00365567800518423	0.00122958510249193	0.000421099502250211	0.000129128699330503	2.79884865543947e-05	9.54152950718e-06	
0.00382281391183468	0.0226320003768075	0.0646059370094978	0.121137882265479	0.166784419009938	0.180398499389597	0.160327135104583	0.1196414727572	0.0783364967341229	0.04406419985055	0.0220846111053826	0.0100210426619922	0.00407932307042099	0.00136783667940938	0.000487558351059835	0.000144485307690055	4.71009373086524e-05	1.71854771261299e-05	
0.00369182401944874	0.021252330857692	0.0610942462022134	0.116385690920315	0.163300049003698	0.179150517720883	0.162240423595599	0.123500136828506	0.0812564038922937	0.0464370493409957	0.0239914466273364	0.0107139902374452	0.00456625363550159	0.00169794629958442	0.000485582093921632	0.000155920855846396	6.04591073690106e-05	1.52738797563816e-05	4.45488159561131e-06	
0.00331625481229883	0.0198146543782915	0.0578349229299067	0.111851244105552	0.159372754818355	0.179087322305925	0.16334053066452	0.126254193927594	0.0844707857840915	0.0490897511661398	0.0258026554263351	0.0118784651898432	0.00507893158200399	0.00192906325682742	0.000639408607600101	0.000170211463837714	4.90872011816628e-05	1.21124262656051e-05	7.64995343090849e-06	
0.00313286327617837	0.0185335544465849	0.0546495699653649	0.107767177448491	0.155010347129932	0.177485513379777	0.16496491167598	0.129872757749496	0.0878471969554799	0.0518224608679333	0.0273002097511965	0.0129648708236469	0.00557442848224647	0.00209623532986344	0.000714915825044778	0.000204899981999441	3.82990620559702e-05	1.14897186167911e-05	8.29813011212689e-06	
0.00292144357432215	0.0170161498522704	0.0521722778399294	0.103058814530086	0.151405741532244	0.175006135477723	0.165998935454774	0.1324338882355	0.0915496145007633	0.0553257540263077	0.0291710889915187	0.0141559016921169	0.00619029861449758	0.00241275669404524	0.00087522191305789	0.000235219873210751	5.80081530140335e-05	3.82471338554067e-06	6.37452230923445e-06	2.54980892369378e-06	
0.00262724671928375	0.0161034245241099	0.0493377453932467	0.0990058860002827	0.147484858477534	0.172299512491995	0.16696226110007	0.135314983136475	0.0947616761923193	0.0581654726179396	0.0316052623872741	0.0153229533639835	0.00676450778752341	0.00283605140160143	0.00102428882271082	0.000280103842133475	8.53043519224673e-05	1.01855942593991e-05	3.18299820606221e-06	4.4561974884871e-06	6.36599641212442e-07	
0.0024366748612653	0.0152284199149813	0.0472084209236128	0.0949524379196912	0.143496976339932	0.17094898814475	0.166699330153804	0.137771396871583	0.0974082640111996	0.0610464615229441	0.0339193822579173	0.016682636664775	0.00741854822184019	0.00304057698826476	0.00120461238229175	0.000391961845642361	0.000116822504482984	1.59593585359268e-05	6.3837434143707e-06	2.55349736574828e-06	1.27674868287414e-06	6.3837434143707e-07	1.27674868287414e-06	
0.00212954316380875	0.0138586376800115	0.0444974878544501	0.0909124587856111	0.139838297796236	0.168735955809744	0.16831247437075	0.140211319154263	0.100729818841922	0.0633548672261135	0.0361639096726227	0.0178928892164891	0.00807936157139079	0.00328629261481585	0.00133687277799992	0.000468831638343019	0.000148186566887712	2.93818192967014e-05	3.83241121261323e-06	5.10988161681764e-06	1.91620560630662e-06	1.27747040420441e-06	1.27747040420441e-06	
0.00198955308872844	0.0128180137319427	0.0417473810821814	0.087126191862453	0.135906352317705	0.166804821199062	0.167542355495365	0.143150038378626	0.104078615787452	0.0665436164617144	0.0380737700465209	0.0196226304154287	0.00881909510805133	0.00364549014394701	0.00141882680917994	0.000476776936778483	0.000171920906157389	3.57902258171516e-05	1.59777793826569e-05	5.7520005777565e-06	3.19555587653139e-06	1.91733352591883e-06	1.27822235061256e-06	6.39111175306278e-07	
0.00192472485444748	0.0118748877723099	0.0394600546105531	0.0835331864867956	0.131747160679379	0.164222099956611	0.167483652299605	0.144702629370969	0.107175606860251	0.0698466802010865	0.0405348843599491	0.020970043434113	0.00983705657681422	0.00425522669514135	0.00156367918951958	0.000587897365900291	0.000178286266398023	6.90140386056864e-05	1.53364530234859e-05	1.02243020156572e-05	1.91705662793573e-06	3.19509437989289e-06	1.27803775195715e-06	1.27803775195715e-06	
0.00175853081989506	0.0112221948658809	0.0369922935910896	0.0807718655479766	0.128208824418639	0.161399578769041	0.167413154601457	0.145396119113195	0.110326281775702	0.0727267624535491	0.0428668198338294	0.0228149760235134	0.0106168826612816	0.00466581536000449	0.00182103935103388	0.00064230704955906	0.000229623175611978	7.90924271552368e-05	2.42380018701532e-05	7.01626369925487e-06	6.37842154477716e-06	8.2919480082103e-06	1.27568430895543e-06	6.37842154477716e-07	
0.00167924505429793	0.0103530051276947	0.0348947377487525	0.076721465434795	0.124808995445239	0.159468945131689	0.166171889106025	0.147099187110135	0.112945818188546	0.0761140789257936	0.0454219198900579	0.0241461657769603	0.0118414848813714	0.00508558599080881	0.00210033233995015	0.000733712694697044	0.000279448835023744	8.48554681693103e-05	3.06245298656157e-05	8.29414350527093e-06	3.82806623320197e-06	6.38011038866994e-06	
0.00153563693785176	0.00979471799685971	0.0329296029007754	0.0730958070018143	0.120860953603059	0.156554447372003	0.166552383240788	0.148521589981742	0.115407301656481	0.0788542857562804	0.0477977381467425	0.0259939942089297	0.0127369037903967	0.0057770112019059	0.00229546728288119	0.000854409731963296	0.000290128659918726	0.000111194684638454	2.62010463803254e-05	3.83429947029153e-06	5.11239929372204e-06	1.27809982343051e-06	
0.00133959373123897	0.00912562227424998	0.0312445997027676	0.0701869030871459	0.116421767854103	0.152493513242969	0.165801125693958	0.150958068732103	0.118350834029905	0.0820121939511551	0.0500571551458192	0.0277756087695067	0.0138721235216786	0.00629538649807285	0.00258382221357464	0.00098693432086502	0.000320017613769462	0.000135047433010713	3.58419727421797e-05	3.20017613769462e-06	6.40035227538924e-07	
0.001200268091881	0.00850301923437619	0.0295733254979832	0.0669135058006556	0.112802795632432	0.150082802494765	0.163571895418561	0.152144062897889	0.121483774615898	0.0852254359533745	0.0527093731655903	0.0297013540944505	0.0147540154568925	0.00678103461189091	0.00291777171348993	0.00110104592961884	0.000359120213090796	0.000120987023661605	4.92910096399132e-05	4.48100087635574e-06	6.40142982336535e-07	
0.00115314803657839	0.00806308225021841	0.027876378437219	0.0641835929355452	0.109927050435357	0.14668708179996	0.162293913962237	0.152145187925395	0.123936232128764	0.0881790494171582	0.0558365407861361	0.0315232170975462	0.0158549860381466	0.00734995964301658	0.00313773947168807	0.00122478008322109	0.000423396561405932	0.000150299383580656	4.41304573066606e-05	8.95400583033694e-06	1.27914369004813e-06	
0.00108714061566288	0.00760614959847378	0.0262907797565598	0.0616583208438921	0.106598579239513	0.144001712837654	0.16204275063832	0.153490705618811	0.125441710792475	0.0902940264786806	0.0579271468790244	0.0327644113239021	0.0171967622255385	0.00806759317549236	0.00349725658371973	0.00128846295189674	0.000501708044265349	0.000171922883958445	5.49641933844841e-05	1.46997261377109e-05	3.1955926386328e-06	
0.000953040512862527	0.00710524025069638	0.025029314476487	0.0588740936834344	0.102425292888743	0.141418667048992	0.160608128174668	0.154390642921514	0.128208591061773	0.0933288444207767	0.0600882762575782	0.0345648400376864	0.0181973773144355	0.00854152158774373	0.0039043298377847	0.00154317036703261	0.000515243527773226	0.000193936383745699	7.616643454039e-05	2.30419465836474e-05	1.02408651482877e-05	
0.000855198923500725	0.00641527408356204	0.0237173458574459	0.0562661912427374	0.0988588158892626	0.138537738056544	0.15947023824406	0.154544830950765	0.129705597450046	0.0961387191633154	0.0630706000688518	0.0366087964966334	0.0194304529028362	0.00931230851781974	0.0042343245050392	0.00182707416190185	0.000651976990404976	0.000242968809600281	7.8852674355764e-05	2.37199101720591e-05	8.97510114618452e-06	
0.00082065303737719	0.00589896422183386	0.022130725352221	0.0534116359759941	0.0955858988617203	0.135419282591649	0.157760136122059	0.155448085527294	0.131803540403549	0.0988159789666819	0.065338972626961	0.0388999789871822	0.0209180038848088	0.0100848712836782	0.00453505296767614	0.00198148309493181	0.000774527339726013	0.000272269743079864	7.30323546143635e-05	1.7937771308791e-05	8.96888565439552e-06	
0.000780306000591646	0.00552759530353326	0.0207993901292574	0.0512813766753959	0.0916474531286998	0.131597708621162	0.156166438756567	0.155563883382755	0.133775635073471	0.101521917550661	0.0681978460730908	0.0411431739588273	0.0224254554298325	0.0111315527896902	0.00491990633761197	0.00215225849176347	0.000889394832911202	0.000316999312740356	0.000116789220483289	3.5935144764089e-05	8.3420871773778e-06	6.41699013644446e-07	
0.000775490381729344	0.00516113324650933	0.0193041712880483	0.0488108073988481	0.0891279340137553	0.128349455031219	0.153952231338313	0.155615928727024	0.135853805892954	0.104166264107291	0.0708948927130956	0.0429057444256798	0.0237857843080423	0.0119846756917258	0.00542521219709822	0.00237413417529432	0.000975159832174606	0.000334929400746893	0.000142344995317429	5.08835051134702e-05	7.72914001723598e-06	1.28819000287266e-06	
0.000636261489934885	0.0048496405154814	0.0183116959301827	0.0460654607996524	0.0854762839492564	0.125386059878201	0.151555295120255	0.155944661366422	0.137664552886094	0.106477425609944	0.0734337298525253	0.045502043836934	0.025514279138939	0.012975350830202	0.00581080148963835	0.00267397432649433	0.00108686613174287	0.000411926131781552	0.000150846189103103	5.86624068734291e-05	9.66962750660919e-06	1.93392550132184e-06	2.57856733509578e-06	
0.000585213770783315	0.00458428207432796	0.0172286417943287	0.0436135885734269	0.0826951578238306	0.122875535289939	0.149015298791311	0.155361674369508	0.138798898739952	0.108581995417654	0.0762429663047202	0.0475320044829827	0.0271308201187074	0.0143296721447923	0.00665027379874711	0.0028570304046621	0.00122849726523862	0.00042713507856511	0.00016711176034496	7.6135859925503e-05	9.67828727866563e-06	3.22609575955521e-06	4.5165340633773e-06	6.45219151911042e-07	
0.000488251685370099	0.00422034966034945	0.0162334023412892	0.0421313538742578	0.079280350510603	0.12025548832254	0.147473265321634	0.154145823644522	0.1398879726476	0.111249885666657	0.0787598922496808	0.0496019911393269	0.0285653001201949	0.0152047243181546	0.00728126260082269	0.00315946506166271	0.00129792499475033	0.00050242257861303	0.000166185929848925	7.21427292367428e-05	1.41708932429316e-05	7.08544662146581e-06	1.28826302208469e-06	
0.000473706703464753	0.00393060711692832	0.0156188051263304	0.0398145335276217	0.0767604382816804	0.116650919351434	0.145989841050805	0.153796347309397	0.140373584672499	0.113228130969606	0.0812175292076226	0.0517241379310345	0.030454320771524	0.0162405451746279	0.0079732046773388	0.00348972519862213	0.00142498184982468	0.000532276418159444	0.000189868855328943	6.69368167939324e-05	3.47556548737726e-05	7.07985562243516e-06	5.14898590722557e-06	2.57449295361279e-06	
0.0004290876387378	0.00363019721948637	0.0146610304150442	0.0380112463419796	0.0732002925772985	0.113517804563768	0.143914192765209	0.153089720488324	0.142032511590834	0.11533451144802	0.0833845300718384	0.0543699713276821	0.0318232493449498	0.0174098932041396	0.0087316439589028	0.00396600493675943	0.00154587345710185	0.000605997834619202	0.00019427956056794	8.81334430390984e-05	3.85985881923059e-05	1.60827450801275e-05	3.85985881923059e-06	1.2866196064102e-06	
0.00041881910997085	0.00326961544440433	0.0136443814645565	0.0362496932728144	0.0704547527618294	0.109917533746414	0.140777821601045	0.152720589841196	0.142634886090195	0.117897579456794	0.0863332643866291	0.0567364998284897	0.0340868651389619	0.0184890650955383	0.0091362947869868	0.00431666321933146	0.00178126593857234	0.00072394039407538	0.000238315781900591	9.37846473247608e-05	4.1753438877462e-05	2.8906226915166e-05	4.4965241868036e-06	3.211802990574e-06	
0.000391538161834065	0.00295608108108108	0.0126458495673215	0.0340708690481073	0.0677642978714678	0.106522731001107	0.138135432473445	0.151790566173153	0.143630423860887	0.120639892548087	0.0888599382766682	0.0591946745683468	0.0361093025878686	0.0196909732190461	0.00980383361358323	0.00459208259853176	0.0019826826067342	0.000776027355124472	0.000259530205471025	0.000105093712832711	3.90897346511914e-05	2.56326128860272e-05	7.68978386580814e-06	2.56326128860272e-06	3.20407661075339e-06	
0.000358070231639469	0.00284793716378964	0.0122325742883834	0.0324149471302909	0.0652499873716302	0.103089059100131	0.134953473249276	0.150583238860339	0.145048496136998	0.121601290075892	0.0917318386458807	0.0613073783568285	0.0382201607607458	0.0210366261088188	0.0106743293696238	0.00509802492296694	0.00223538130323497	0.000880469123156338	0.000265355618089964	0.000102945191596347	4.98740679783547e-05	1.0230578046842e-05	6.39411127927624e-07	6.39411127927624e-06	6.39411127927624e-07	6.39411127927624e-07	
0.000321634540365135	0.00267306963547024	0.0113935055298849	0.0311093844042277	0.0624658860394687	0.100302845988007	0.132498781928597	0.148462682432067	0.145561602567981	0.12389298804857	0.0935013900344245	0.064123736947529	0.0402234245480398	0.0225889351349114	0.0114304457345209	0.0054658764859675	0.0024769044108515	0.000962992920855612	0.000379592447638852	0.000101267112709023	4.7767505994822e-05	1.08273013588263e-05	1.91070023979288e-06	1.27380015986192e-06	1.27380015986192e-06	
0.000254936291357215	0.0025194826001213	0.0104428516753955	0.0295211139380854	0.0599354585229462	0.0969660674074441	0.129794359868323	0.14733982562612	0.145326401100613	0.126568557518332	0.0962483041332738	0.0665040414713321	0.0419004642256358	0.0238018947933236	0.0125554534115053	0.00586734920931605	0.00267015567007557	0.00118758352183361	0.000399887599161317	0.00013922954565394	4.38668431512414e-05	9.53627025026988e-06	1.90725405005398e-06	0	1.27150270003598e-06	
0.000266164731772173	0.00238911500863443	0.0101269949619728	0.027681132104306	0.0579481373562838	0.0945750788306072	0.127142053008808	0.145345046279552	0.145483859465022	0.127646365132165	0.0989075784358174	0.0692238432659049	0.0435803359024385	0.0252003239823338	0.0132146332020763	0.00641469738725568	0.00288769631240863	0.00124358784964367	0.00049030345326453	0.000165557010193218	5.53979226415767e-05	8.27785050966089e-06	3.18378865756188e-06	0	0	6.36757731512376e-07	
0.000201456222479072	0.0021063650603508	0.00942955375534162	0.0265954089656944	0.0555082020095896	0.0914235113437066	0.125518701958907	0.144103038482601	0.144917151128505	0.129143638924147	0.101727104595943	0.0711656856301149	0.0453461381288415	0.026606246800448	0.0137717003733953	0.00696490262842994	0.00316146014960037	0.00144589466007131	0.0005629298874969	0.000223131891986314	5.29141343853258e-05	2.0400630124463e-05	4.46263783972627e-06	
