# <P(N_1)> as a function of N_tot.
# number_of_species: 2
# species_total_upper_bound: 100
# species_total_lower_bound: 0
# volume: 512
# Bin widths for each species index 
1	1	1	1	1	1	1	1	1	1	1	1	1	1	1	1	1	1	1	1	1	1	1	1	1	1	1	1	1	1	1	1	1	1	1	1	1	1	1	1	1	1	1	1	1	1	1	1	1	1	1	1	1	1	1	1	1	1	1	1	1	1	1	1	1	1	1	1	1	1	1	1	1	1	1	1	1	1	1	1	1	1	1	1	1	1	1	1	1	1	1	1	1	1	1	1	1	1	1	1	1	
# Bin lower bound for each species index 
0	0	0	0	0	0	0	0	2	3	3	4	5	6	7	7	8	8	9	10	10	11	12	13	14	14	15	16	16	17	18	19	20	21	22	23	23	24	25	26	26	27	28	29	29	29	30	31	32	33	36	36	37	38	39	40	40	41	41	42	42	43	43	44	47	48	49	50	50	51	52	52	52	51	52	52	53	54	57	58	60	61	62	63	64	65	66	66	67	67	67	69	69	70	71	71	71	73	74	74	78	
# Bin upper bound for each species index 
0	1	2	3	4	5	6	7	8	9	10	11	12	13	14	15	16	17	18	19	20	21	22	23	24	25	26	27	28	29	30	31	32	33	34	35	36	37	38	39	40	41	42	43	44	45	46	47	48	49	50	51	52	53	54	55	56	57	58	59	60	61	62	63	64	65	66	67	68	69	70	71	72	73	74	75	76	77	78	79	80	81	82	83	84	85	86	87	88	89	90	91	92	93	94	95	96	97	98	99	100	
# Normalized histogram for each species index 
1	
0.0798289464410281	0.920171053558972	
0.00632793732579879	0.146212994190876	0.847459068483325	
0.000474658892559408	0.0173610285904413	0.201817831330392	0.780346481186608	
3.14527432361859e-05	0.00185505658545088	0.0323006567725947	0.24688503170502	0.718927802193698	
5.23035462458149e-06	0.000180447234548061	0.00415028639460541	0.0498152050331703	0.284506447392766	0.661342383590285	
3.26258525950929e-06	1.3702858089939e-05	0.000493302891237805	0.00773819971850414	0.0680529608940006	0.31455563262507	0.609142938427839	
4.57047940411395e-06	1.95877688747741e-06	5.61516041076857e-05	0.00108907994943744	0.012829988612977	0.0873163973130805	0.33837283098106	0.560329022283046	
7.15560713375001e-06	0.000167181003033977	0.00200942458510489	0.018380152687646	0.107256045837518	0.35475873894784	0.517421301331724	
1.36217688839879e-05	0.000291246391852885	0.00331268446145364	0.0256770343463173	0.126476826776506	0.368868420199137	0.475360166055849	
6.46807101424528e-07	2.3285055651283e-05	0.000492220204184066	0.0051447036847307	0.0339793642662361	0.146336872661792	0.377138991084411	0.436883916235893	
1.94083556852896e-06	4.72269988342048e-05	0.000890196580765284	0.00744633913125612	0.0433175090539979	0.164375833750613	0.38138842201011	0.402532531638854	
2.5861127040847e-06	0.000106030620867473	0.00144757658611141	0.0104388439300379	0.0524114531173326	0.181275509577345	0.382976783819727	0.371341216235874	
1.7491487476095e-05	0.000196293359453955	0.00213460930495307	0.0135623811226685	0.0623798270027105	0.196893900523967	0.38383060984395	0.340984887354821	
2.92033141218791e-05	0.000359525244967133	0.0029326617003727	0.0169573910667711	0.0733158935467814	0.212506027239553	0.379979246178097	0.313920051709335	
7.14384058065136e-06	6.88406455953677e-05	0.000544230764235077	0.00408562737207979	0.0213899575785758	0.0844278563022962	0.22639480240137	0.375291923303728	0.28778961779154	
1.88623161493297e-05	0.000119027719149218	0.00080717704625235	0.00545771361410433	0.0266062725656718	0.0959708141430947	0.238205686402937	0.367948501974364	0.264865944218277	
4.55478890505477e-06	2.66780493010351e-05	0.00017828745142643	0.00116212185491826	0.00730262798306139	0.0324665353152304	0.10698873795909	0.247776612330204	0.358944694451747	0.245149149816117	
5.20157399629128e-06	4.03121984712574e-05	0.000225618272089134	0.0016554009243197	0.00927830761588457	0.0381151836545739	0.117930735840665	0.257037729616982	0.349965149454225	0.225746360848793	
1.36525250345051e-05	5.59103406174972e-05	0.000350414809218965	0.00231312781298901	0.0115942443554935	0.0450221268423595	0.129039115784464	0.264376596451514	0.340111053539352	0.207123757538957	
1.95250594375351e-06	5.85751783126053e-06	8.39577555814009e-05	0.000548003334880152	0.00319560139460991	0.014406239688328	0.051363923027009	0.139264438944163	0.270937534779012	0.329199661305302	0.190992829747339	
1.9496939955274e-06	1.36478579686918e-05	0.000122180823719717	0.000751931984275068	0.00413595086251213	0.0170032813349945	0.0583042991402499	0.150112139899643	0.274765825503687	0.319940235380057	0.174848557518897	
3.25945453680218e-06	2.34680726649757e-05	0.000174706763172597	0.00102346872455588	0.00513429278637079	0.0204439507457306	0.0656232500803456	0.160783677173192	0.279157939477144	0.306716627585807	0.160915359136479	
9.77915410317008e-06	3.78127291989243e-05	0.000247086627006764	0.00132996495803113	0.00643337951267215	0.0240893162741423	0.0732250020373238	0.170708825686578	0.281187189308125	0.29483888843615	0.147892755276669	
9.7850166606217e-06	5.74054310756473e-05	0.00032486255313264	0.00172803394226579	0.00774647152299218	0.027668765444018	0.0807224734434648	0.178734418991804	0.281590600121595	0.28324426793724	0.138172915595751	
3.91180190635146e-06	1.49952406410139e-05	7.17163682831101e-05	0.000414651002073255	0.00218213349675972	0.00908059615861053	0.0321589234721154	0.0874939693053944	0.187066278963633	0.281947034202188	0.272773858731794	0.126791931256601	
7.80906319874847e-06	1.82211474637464e-05	8.65504504527955e-05	0.000566807837175826	0.00277416970135539	0.0110101283549688	0.0362509728791235	0.0960879196395336	0.194445673648837	0.280946666701374	0.261223576082401	0.116581504494116	
5.19108716289567e-06	1.5573261488687e-05	0.000108363944525447	0.000693010136246571	0.00346699733891894	0.0133956004238523	0.0412892584077768	0.104231190257887	0.200653038765092	0.279711349598307	0.249458342498847	0.106972084279896	
6.49204789053888e-07	3.24602394526944e-06	1.23348909920239e-05	0.000142175848802801	0.000965367521323131	0.00440874972246495	0.0154724977375213	0.0460851003605683	0.111780080579298	0.206034228673298	0.278481587902978	0.238069888193951	0.0985440933400678	
3.23903424954815e-06	7.77368219891557e-06	3.17425356455719e-05	0.000226732397468371	0.0012444369586764	0.00522780127877072	0.0177026177874805	0.0516729611898916	0.119172491529925	0.212152208697455	0.27483853414266	0.227255177596248	0.0904642831693302	
6.46838898303988e-06	1.42304557626877e-05	4.39850450846712e-05	0.00031307002677913	0.00158798949533629	0.00618572038448104	0.0203605480019146	0.0569269977619374	0.126680810877243	0.217159989133106	0.270916182615558	0.216362436771498	0.0834415710423162	
2.58264129307684e-06	1.87241493748071e-05	7.29596165294208e-05	0.000389333174931334	0.00184142324196379	0.00721331713156362	0.0232218191867004	0.0621280189462565	0.134031335186809	0.220998552429555	0.267194902899144	0.205932068786068	0.0769549626098107	
1.2934368427724e-06	1.74613973774275e-05	7.95463658305029e-05	0.000460463516026976	0.00229261680381409	0.00846360398068123	0.0260892678371408	0.0682934652983829	0.141179278107029	0.225841186650697	0.262535343161729	0.194237350834396	0.0705091226100521	
6.46747699841805e-07	3.10438895924067e-05	0.000102186136575005	0.000660329401538483	0.00281852647591059	0.00985190771169022	0.0293552313481197	0.0745771240164584	0.147580064131502	0.228837445139626	0.25605194160127	0.185613356116099	0.0645201972839184	
6.47071612709522e-07	4.85303709532141e-05	0.000198003913489114	0.000795251012020002	0.00335830166996242	0.011369695306919	0.0332374804584373	0.0798984615225336	0.155105006781311	0.23126015902432	0.249875115178747	0.175545351955192	0.0593079957345039	
1.35654270234934e-05	6.91190805482758e-05	0.000253867277153948	0.00108329624373326	0.0040528328164475	0.0129511069711438	0.0371369714086016	0.0862405873700707	0.161531291241321	0.232728466015052	0.243328878274839	0.165746263209335	0.0548637546647305	
6.45275774734227e-07	9.67913662101341e-06	8.32405749407153e-05	0.000359418606526964	0.00131958895933149	0.00471761118908193	0.015045895239478	0.0411066479536692	0.0915659229863363	0.167445837164658	0.232831631418477	0.236954298343254	0.157709270999694	0.050850312152156	
5.79416797679243e-06	1.54511146047798e-05	0.0001017198378148	0.000384990272235763	0.00165198166982771	0.00549158364911549	0.0171011648852819	0.0451384999285386	0.0984879796766339	0.172123485307921	0.233453465749385	0.230683209660037	0.148809040962192	0.0465516331184341	
6.44550422857305e-07	2.38483656457203e-05	0.00010763992061717	0.000520152191245845	0.00193107306688049	0.00645066063195591	0.0189620288900391	0.0496845247955325	0.104089736888072	0.17730357487001	0.23364437188239	0.224567168277291	0.139798474864789	0.0429161008051079	
5.82369727127429e-06	2.39418665596832e-05	0.000142357044408927	0.000533191839058891	0.00216965077228697	0.00716703010851489	0.0215437974388674	0.0540568522269171	0.110161057583424	0.181228282462259	0.232711060495273	0.218427472321261	0.13219275143813	0.0396367307057674	
6.47972235685645e-07	9.07161129959903e-06	4.14702230838813e-05	0.000182080198227666	0.000670651263934643	0.00245840666219134	0.00837504114623697	0.0245335247875299	0.0588080161941221	0.115739504793699	0.184915724731027	0.231504280504589	0.211522112700515	0.124713272285709	0.0365261949255998	
1.30171976707026e-06	6.50859883535132e-06	6.83402877711889e-05	0.000217387201100734	0.000851975587547488	0.00301217954100059	0.00984490659835241	0.0272912057765116	0.0627500522315056	0.121266260920615	0.188846344347835	0.230131037620352	0.204187762662642	0.118248223640663	0.0332765132655007	
1.30328310045836e-06	2.1504171157563e-05	6.12543057215431e-05	0.000300406754655653	0.00102763872471142	0.00335269577592914	0.0112030215315401	0.0299891957830972	0.0679473160839471	0.126587887547521	0.192642184928052	0.227763709560755	0.197621378013353	0.111334913781306	0.0301455897551522	
6.53914462756956e-07	2.68104929730352e-05	8.76245380094321e-05	0.000340035520633617	0.00118620083544112	0.00407977233314065	0.0127990677795419	0.0332920931278821	0.072555079215198	0.132112300654176	0.194739650495798	0.225049239759046	0.190292378234588	0.105286113734035	0.0281529793650752	
1.96721440473076e-06	1.3114762698205e-06	3.54098592851536e-05	9.83607202365379e-05	0.000422951097017113	0.00140393534684285	0.00489246222456539	0.0145423046179047	0.0363449418655356	0.076688574877754	0.136716155223708	0.197042752159182	0.221808670038472	0.184358153677478	0.0993508848202523	0.0262911647810917	
2.62535581775568e-06	6.56338954438919e-07	2.62535581775568e-06	4.13493541296519e-05	0.000116828333890128	0.000434496387838564	0.00166316291054822	0.00585782516836735	0.016344152643438	0.0393409569290688	0.0813919374010159	0.141575594167247	0.1990492273906	0.219832200382908	0.177084844280301	0.0935217376180015	0.0237397799820557	
1.31310020989907e-06	0	3.93930062969721e-06	4.7928157661316e-05	0.000124087969835462	0.000589581994244682	0.00204055772618315	0.00672701237531293	0.0181641152035338	0.0430053449744044	0.085578679979752	0.146323352239788	0.20080256684829	0.215737768635682	0.17139962694823	0.0876586307122321	0.0217954938340097	
1.31364615627135e-06	6.56823078135673e-07	3.94093846881404e-06	4.20366770006831e-05	0.000220035731175451	0.000724475855183648	0.00258197152015133	0.00772358257579738	0.0204002679838159	0.0464971625243025	0.0910586674373391	0.14932347222952	0.201690662603121	0.212847459408334	0.164761441858021	0.0821147075823656	0.0200081446061689	
6.57946680001053e-07	1.97384004000316e-06	5.92152012000947e-06	6.38208279601021e-05	0.000257915098560413	0.000938231965681501	0.00273311050872437	0.00865594652209385	0.0222195173303156	0.0495387793773193	0.0951963312893123	0.153764770902966	0.203291707240045	0.209382319656815	0.157801273784772	0.0772014895912835	0.0189462325973103	
6.58408902215085e-07	0	8.55931572879611e-06	7.57170237547348e-05	0.000304843321725584	0.00101131607380237	0.00317616454428557	0.00967334359134403	0.0243051646252699	0.0532317013351874	0.100094613359248	0.157891722022395	0.204183793528236	0.20556118495167	0.150133031518693	0.0727462827879403	0.0176019035918181	
2.43817416339325e-05	9.29142046049861e-05	0.000373633716390263	0.00110772182936866	0.00381211825276486	0.0105434558417006	0.0262960378351913	0.0565807968084959	0.104838853161949	0.16194550483055	0.204995093998204	0.20001528801097	0.144290488023623	0.0687584883056601	0.0163252234388931	
3.95165804985675e-06	2.89788256989495e-05	0.000126453057595416	0.000412948266210031	0.0012553100405045	0.00433760331939276	0.0117146902888003	0.0286251523034873	0.0604241446306846	0.109624263180426	0.165578423947048	0.203682945302467	0.195401587249317	0.139088484209833	0.0647110350051042	0.0149840287153818	
6.59774660562431e-06	2.50714371013724e-05	0.000133274481433611	0.000427533980044456	0.00159665467856108	0.00502022539221954	0.0132133071270838	0.0308761345650007	0.0647812945966435	0.114069100839299	0.167861848464276	0.202023001064217	0.191335311337766	0.134386861511319	0.0606220751364579	0.013621707641972	
6.59740273449149e-06	3.100779285211e-05	0.000135246756057075	0.000575293518447658	0.00183803640182933	0.00565199492263886	0.014653491213579	0.0340966968123989	0.0691242871506345	0.117939789463684	0.169821764567725	0.201245193792108	0.18796528182785	0.127942111749446	0.0566162713063121	0.0123569353217026	
1.18631154650209e-05	2.50443548705998e-05	0.000168719864391409	0.000651153226635594	0.00212877016400098	0.00603437139987399	0.0164383236626974	0.0372528188080469	0.0724302514716854	0.121079569869796	0.172523970083859	0.201030377484334	0.183467035038371	0.122090570932204	0.053338544316645	0.0113286162071247	
1.18588949618144e-05	4.08473048684717e-05	0.000196989421865694	0.000796522444935198	0.00245413242959769	0.00702441878238137	0.0178654252599733	0.0399960997412126	0.0762718006019048	0.125247060311704	0.17525470271068	0.199152352541229	0.178231944173593	0.116672420426815	0.0502889617405695	0.0104944632137078	
1.31825860674566e-06	1.58191032809479e-05	5.27303442698264e-05	0.00027947082463008	0.000941236645216402	0.00287050811618868	0.00820154592186813	0.0197257626620387	0.0425171357140644	0.0797454178978653	0.129404878743278	0.177249097487201	0.197871276001827	0.173153267996043	0.111623547526189	0.0469939419425727	0.00935304481486047	
4.61561184550624e-06	2.30780592275312e-05	8.7037251943832e-05	0.000303971008682625	0.000998950277991708	0.00336939664721956	0.00900308059122032	0.0215397417367361	0.0452897021743488	0.0832379440218595	0.133347004336038	0.179065958412019	0.196157569075928	0.16780979986707	0.106725473957399	0.0441067867956576	0.008929890174813	
4.60925076628794e-06	1.64616098795998e-05	2.37047182266237e-05	0.000116548197947566	0.000375983169650059	0.00119972212802523	0.00371768997520882	0.00979202402078114	0.0231035402338207	0.0482496370215022	0.0881947210909438	0.136990883560449	0.180617442063364	0.193489762524816	0.163241883603249	0.101687315012659	0.0411243938012162	0.0080536780174954	
1.97414787552076e-06	1.38190351286453e-05	1.84253801715271e-05	0.000131609858368051	0.000440893025532971	0.00145560503355064	0.00421151546777763	0.0107189649147859	0.0252401386378248	0.0518246719788793	0.0919577821896327	0.141476649449904	0.181247832550145	0.190363131340716	0.157739021599152	0.0963844797758421	0.0390789152452254	0.0076945703694881	
2.62528517160177e-06	1.31264258580088e-06	5.90689163610397e-06	3.54413498166238e-05	0.000144390684438097	0.000548028279571868	0.00171365489576305	0.00469597885070266	0.0117901557056635	0.0276009356516352	0.0547450716834116	0.0963184313396043	0.143745520607176	0.181566035110564	0.187933664294284	0.153118444991087	0.0921028796753047	0.037015864598292	0.00691565746329195	
3.928192638567e-06	1.309397546189e-06	1.1784577915701e-05	2.42238546044965e-05	0.000183970355239554	0.000644223592724987	0.00192612379044402	0.00526443283445287	0.0133211559361538	0.0299308638095612	0.0587507038011811	0.100115226984065	0.14667413023268	0.180835657513978	0.184864019064828	0.148212672349452	0.0884674811119404	0.0344194785978971	0.00634861400269736	
2.61816258658755e-06	3.27270323323443e-06	3.27270323323443e-06	1.04726503463502e-05	4.45087639719883e-05	0.000227780145033116	0.000721303792604869	0.00223852901153235	0.00577828482859871	0.0145308023555609	0.0321942362459738	0.0622278338173661	0.103781346769744	0.14836472837545	0.181292704686315	0.182170443693468	0.144696682591641	0.0836646945356983	0.0320823097953971	0.00596417437224643	
1.96774730976147e-06	1.31183153984098e-06	1.96774730976147e-06	1.77097257878532e-05	7.08389031514129e-05	0.000249903908339707	0.000860561490135683	0.00241180228599764	0.00647782414373476	0.0162037431801158	0.0343483411234263	0.0651560489208218	0.106489237078131	0.150978036004528	0.182198314821204	0.179842921291419	0.13966414488917	0.079392700706946	0.0301891792263605	0.00544344497457015	
1.97256296420982e-06	1.38079407494687e-05	0.000113751130936099	0.000291939318703053	0.000979048751236139	0.00273265722641867	0.00738724830096577	0.0175301670629326	0.036825120457845	0.0675339806846635	0.110239311338818	0.154303080354325	0.182254297557178	0.176049271992762	0.134367043996044	0.0761626286111053	0.0280393250152545	0.00517534769709849	
4.60869845746863e-06	2.83105762387358e-05	0.000118509388906336	0.000338410143876982	0.00104090746589399	0.00310428760385208	0.00854321016915898	0.0187824213706664	0.0385122594670896	0.0707797325243092	0.114108081879454	0.156133486342122	0.181900061032335	0.172764962304139	0.130230625854667	0.0727456716091666	0.0261589724445919	0.00470548112507547	
9.89470712326562e-06	2.90244742282458e-05	0.0001266522511778	0.000416237346318707	0.00122628403614339	0.00366433987131604	0.00929112998874642	0.0203923317339089	0.0411797921056069	0.0746318179479433	0.116535902614973	0.157638516005019	0.181191217194099	0.170511529972387	0.126102105461746	0.0683842998703134	0.0244010074131146	0.00426791700583524	
1.78267360104689e-05	4.8198212176453e-05	0.000142613888083751	0.000491225614510699	0.00136341518005994	0.00409354678758916	0.0100562598583501	0.022142786873448	0.0440300571974126	0.0784013247245604	0.119626642122993	0.160366015902769	0.180366293207551	0.166771756375864	0.121044197760566	0.0645525918423536	0.0226445764796686	0.00384067123603325	
4.62106293689675e-06	1.58436443550746e-05	6.00738181796577e-05	0.000153815380613849	0.000490492823159183	0.00170385192001864	0.00459135610373098	0.0107512329986143	0.0239536098093283	0.0465499474189053	0.081203298382694	0.123398224059498	0.162232316677482	0.179173793555994	0.163285258875246	0.116342521106705	0.0611274205292701	0.0212714128503838	0.00369090898288424	
7.93491255726362e-06	1.25636115490007e-05	4.62869899173711e-05	0.000171923105407378	0.000642066674425248	0.00195132724637375	0.00508495646377977	0.0118607105449698	0.0257706122578529	0.049086691564659	0.0843474592409992	0.126198171796147	0.163326950137009	0.179089653932014	0.15944082671209	0.111858462319745	0.0579294903670162	0.0198584411599784	0.00331547096350998	
8.60637613306252e-06	1.1916520799625e-05	3.97217359987501e-05	0.000205890998260188	0.000726245739843814	0.00210326592113382	0.00556501521342489	0.0129658366589253	0.0272305740850098	0.0517878753373037	0.0877426667055057	0.129776207739383	0.16493457830081	0.177475392384549	0.155045190094988	0.107925942795404	0.0547928246656092	0.0185255556408837	0.00313669308603463	
2.64439906361829e-06	6.61099765904573e-06	3.96659859542744e-06	5.94989789314116e-05	0.000235351516662028	0.000877279389355368	0.00239185895304274	0.00615351662103976	0.0141402628929329	0.0291749937691347	0.0552957066197903	0.0914360475224956	0.132302590651653	0.166004795617702	0.174971291742666	0.151438784475526	0.103175196065663	0.0523663735570671	0.0170418297654881	0.00292139986553231	
6.59741579223418e-07	4.61819105456393e-06	3.29870789611709e-06	9.89612368835127e-06	8.70858884574912e-05	0.000278410946432282	0.00102127996463785	0.0027946653295904	0.0067669693780946	0.0153007267053495	0.0316161359595446	0.0581423656353806	0.0946214567753811	0.135208758729206	0.166829512879805	0.172274360133136	0.147567697732798	0.0991070397725211	0.0495749614875853	0.0161484946346516	0.00264160528321057	
1.32274957308258e-06	6.61374786541288e-07	1.32274957308258e-06	2.64549914616515e-06	6.61374786541288e-06	1.45502453039083e-05	0.000117724712004349	0.00039021112405936	0.00120767036022439	0.00300793252918978	0.00740739760926242	0.0166342372562999	0.0338670186944197	0.0608583851079562	0.0973404797083602	0.137671775566434	0.166700176322518	0.170868821602088	0.143666476631645	0.0951228900490872	0.0473875034556833	0.0152890009404749	0.00243518196404502	
1.32310660137577e-06	1.32310660137577e-06	1.98465990206365e-06	5.29242640550307e-06	3.9693198041273e-06	2.71236853282032e-05	0.000144218619549959	0.000461102650579455	0.00134758407350122	0.00325881155918851	0.00806235007548323	0.0178195997073288	0.0361479339028866	0.0631902481751052	0.10071156673022	0.14014278966442	0.168323637167123	0.168684845269299	0.139964831826535	0.0910112106822335	0.0446694019690472	0.01388732688804	0.00213152473481636	
6.61752930572853e-07	1.32350586114571e-06	1.98525879171856e-06	3.30876465286427e-06	5.95577637515568e-06	1.65438232643213e-05	3.57346582509341e-05	0.000164114726782068	0.000469182827776153	0.00142144529487049	0.00361978853023351	0.00879932871782723	0.0195945042742622	0.0379449130390474	0.0664658025938068	0.104127485378569	0.143209951705271	0.167416212152696	0.166929161995794	0.13593066946897	0.0872302860493218	0.0418181529416903	0.0128082279712376	0.00198525879171856	
1.32288431112122e-06	1.32288431112122e-06	3.30721077780306e-06	1.98432646668184e-06	1.05830744889698e-05	1.58746117334547e-05	6.74670998671824e-05	0.000170652076134638	0.000579423328271096	0.00156894079298977	0.00423455267989904	0.00980654139834163	0.0209558103724713	0.0404868743418651	0.069770902895	0.10732031262402	0.144623004429017	0.167440113027236	0.164136870902366	0.131794333821919	0.0836929373852398	0.0394980183193019	0.0119046359157799	0.00191421359819241	
6.59838656251773e-07	1.31967731250355e-06	8.57790253127305e-06	6.59838656251773e-06	7.25822521876951e-06	2.30943529688121e-05	7.78609614377092e-05	0.000219066433875589	0.000629486078064192	0.00181125711141112	0.00465252236523125	0.0106352794614661	0.022808642830655	0.0428261681453651	0.0727966997509769	0.110334261066484	0.145313627911703	0.167296152744731	0.161343748226684	0.128252179777001	0.0808546494211236	0.0371060268343185	0.0112324334453739	0.00176242905084849	
6.59848234905972e-06	3.95908940943583e-06	8.57802705377763e-06	3.03530188056747e-05	8.05014846585285e-05	0.000269218079841636	0.000725173210161663	0.00209039920818212	0.00504519960409106	0.0118330583965688	0.0241392279775652	0.0454061365885846	0.0761583635763774	0.112834708017156	0.146999670075883	0.166152424942263	0.159489277466183	0.124997030682943	0.0766994391290003	0.0349957109864731	0.0103635763774332	0.00167139557901683	
1.32115056360283e-06	5.28460225441132e-06	3.96345169080849e-06	2.44412854266524e-05	0.000110316072060836	0.000284047371174609	0.000840912333733202	0.00229285680313271	0.00577607026407157	0.0127543875410217	0.0259936373388857	0.0477496842450153	0.0787874744357366	0.115241981937229	0.148499965650085	0.166562075580381	0.156638913697161	0.12097379365742	0.073197686401133	0.0329726151911176	0.00977122956840653	0.00151734142229785	
6.61535795040334e-07	3.30767897520167e-06	3.50613971371377e-05	0.00013958405275351	0.000319521789004481	0.000979072976659694	0.00258263574383746	0.00629914384037406	0.0138995285895925	0.0278625646155088	0.0500842135067086	0.0819245928577949	0.118244231077099	0.150910868636191	0.165739855017815	0.152602415664109	0.116544745619641	0.0702134246781959	0.0312430125281649	0.00905047121194681	0.00132108698269555	
6.6198116398796e-07	4.63386814791572e-06	5.09725496270729e-05	0.000123128496501761	0.00035680784738951	0.00110484656269591	0.00290808325339911	0.00678133504389266	0.0147827013730151	0.0298262233246415	0.0527459971653967	0.0851287917453597	0.121462289912003	0.152130553277237	0.163528544958782	0.150186314598604	0.112802914305876	0.0668945205833113	0.029523035951535	0.0084614432380941	0.00119619996332624	
1.32295256553576e-06	9.26066795875034e-06	4.56418635109838e-05	0.000152801021319381	0.000416068581860997	0.00123034588594826	0.00315127301110619	0.00736090807464098	0.0158741078338636	0.031611951553477	0.0557908941174914	0.0881853721134829	0.123909060240645	0.152142852418027	0.162158264815415	0.146784894527607	0.10990825323958	0.0641870125746641	0.0278580736487693	0.00806339588694047	0.00115824497112656	
3.30385196100133e-06	1.51977190206061e-05	5.68262537292229e-05	0.000166514138834467	0.000498881646111201	0.00129246688714372	0.00349943999709261	0.00807725727425605	0.0172024963905417	0.0328733270119633	0.0579489026255712	0.0903180618282856	0.125330302599801	0.15331921487262	0.162010988611622	0.144055874744364	0.106662217479359	0.0617179369426815	0.0262590153860386	0.00759621642873426	0.00109555731026804	
1.05839635752894e-05	2.3813918044401e-05	7.8056731367759e-05	0.00019183433980212	0.000520598708359545	0.00155848863646136	0.00390151357294104	0.00854390459615233	0.0182593216605445	0.0346876176225639	0.0601618949528385	0.0933465897477114	0.128114248594813	0.154275160562035	0.160478686212601	0.141429536270251	0.102473273838228	0.0588951268124211	0.0249774925399594	0.00712300748616974	0.000949249233158764	
9.27487073148918e-06	2.45121583617928e-05	8.01613827507279e-05	0.000246446565150998	0.000655203368103057	0.00184901172939902	0.00426180310111928	0.00932323255744623	0.0194765660453607	0.0367013259752692	0.0631022455124532	0.0962546084513947	0.129649443010888	0.154387510724069	0.159454240106529	0.138574518617647	0.0988449473485463	0.0561951167805599	0.0236694701067604	0.00639767333242793	0.000842688255032445	
9.27359899103243e-06	1.85471979820649e-05	7.15391922165359e-05	0.000273571170235457	0.000782294314886379	0.00199779818263956	0.00453810190625451	0.0101254452983516	0.0209358121221836	0.0389385173634893	0.0654868440750314	0.0988525908448381	0.131767243263724	0.15538180069446	0.157761141235588	0.13533161727592	0.0954743512123906	0.0534026821897882	0.0221347559917385	0.00590926975707145	0.000806803112219821	
6.63642668241712e-07	8.62735468714226e-06	3.65003467532942e-05	0.000115473824274058	0.000320539408760747	0.000892599388785103	0.00215551138644908	0.0049481197344102	0.0111465422557878	0.0224636406773137	0.0411438545029814	0.0682914851327451	0.101514100747593	0.133893226531107	0.155437722112906	0.156055573437039	0.131426466733252	0.0916689617642277	0.051345369599193	0.0208423616387992	0.00551818878642983	0.000774470993838078	
1.33217345431245e-06	7.99304072587467e-06	4.39617239923107e-05	0.000146539079974369	0.000337039883941049	0.000977149228738179	0.00238658874340075	0.00544326073432065	0.0119695784869973	0.0238319170109225	0.0429506043404876	0.0709528903501351	0.104229917152133	0.135730490652805	0.155356069981736	0.153892011355447	0.128276980175927	0.0892469623114808	0.0489320631503504	0.0193205116078934	0.00518215473727541	0.000783984077862874	
2.66559332108937e-06	1.99919499081703e-06	9.99597495408515e-06	5.86430530639662e-05	0.000151938819302094	0.000414499761429398	0.00110155643994018	0.00268625166932782	0.00582032301659865	0.0130194241785308	0.0255557095676141	0.0455323323141882	0.0735117326090028	0.106584415342089	0.137396008540561	0.155777940082793	0.151636940858481	0.125324202787678	0.0855115673422169	0.0460401278418557	0.0183279532774803	0.00488270056590546	0.00065107116867608	
6.67152353580073e-07	4.67006647506051e-06	3.33576176790036e-06	1.00072853037011e-05	7.53882159545482e-05	0.000164119478980698	0.000436984791594948	0.00122756033058733	0.00286341790156567	0.00666151625049703	0.0143871405049543	0.0271464292671732	0.0476026547326454	0.0763055504407208	0.108653766608758	0.138614911655685	0.155422480899428	0.149002473800927	0.122855438759417	0.0825400891849266	0.0435783917358504	0.0172145321794266	0.00463137163855287	0.000597101356454165	
1.33298853363263e-06	7.33143693497949e-06	1.4662873869959e-05	6.9315403748897e-05	0.000163291095369998	0.000507202137047217	0.00128566744068868	0.00316518127311069	0.00727411842803328	0.0152667176756946	0.0286012684718886	0.0497198058102304	0.0787609604982178	0.111264552902316	0.139857156948736	0.154164122880215	0.147411202968832	0.12019024412352	0.0791741869436439	0.0420564547303764	0.0162871203981903	0.00426756279042488	0.000490539780376809	
2.66469656767097e-06	5.32939313534194e-06	7.32791556109516e-06	3.53072295216403e-05	6.66174141917742e-05	0.000184530237311215	0.000534937835959947	0.00142028327056863	0.00347809519495253	0.00798876030987756	0.0163132723872817	0.0305227668343871	0.0517564014338732	0.0811679897995415	0.113251602648442	0.140355563786507	0.153779638920292	0.145947429533765	0.116550496999219	0.0767392641040724	0.0397985755864498	0.0156717466886149	0.00394508326843687	0.000476314511471186	
1.33112721183425e-06	3.99338163550276e-06	1.66390901479282e-05	3.99338163550276e-05	8.3861014345558e-05	0.000183695555233127	0.000605662881384585	0.00153944862048631	0.00396343127323649	0.00875682036305164	0.0174397631658465	0.0318232582533215	0.0544943513616766	0.0833877986217509	0.115296914580236	0.141944750233946	0.153089612815028	0.143875550254711	0.113483253754112	0.0732020131967952	0.0379930328801733	0.0146949788550442	0.00365261306927319	0.000427291834998795	
3.32148007809464e-06	4.6500721093325e-06	2.98933207028518e-05	4.05220569527546e-05	8.50298899992228e-05	0.000228517829372911	0.000726739841087107	0.00176902028959321	0.00431393832542932	0.00910882696616674	0.0184727436023311	0.0341507938669535	0.0567773804549498	0.0863000239810862	0.117854084722985	0.142575860944244	0.152797383736572	0.140824112351057	0.109897811343917	0.0704007631432627	0.0362798625970121	0.0136353400165941	0.00329955830957921	0.000423820857964876	
3.31185485067509e-06	2.64948388054007e-06	7.94845164162021e-06	2.64948388054007e-05	3.31185485067509e-05	9.80309035799826e-05	0.000251038597681172	0.000773649293117701	0.00195730621674898	0.00457963288751351	0.0097640104707603	0.0196744049259204	0.0360839833400454	0.0593126708917103	0.0886961094978698	0.120475343903008	0.143678198986837	0.1519339907586	0.138133491595837	0.106515213336442	0.0677645244706331	0.0341664193815045	0.0126857288200259	0.00298464359142839	0.000398084953051146	
6.60697921642548e-07	6.60697921642548e-07	6.60697921642548e-06	6.60697921642548e-07	1.05711667462808e-05	4.75702503582634e-05	9.84439903247396e-05	0.000267582658265232	0.000874103350333091	0.00220937384997268	0.00508605260080433	0.0106260046737771	0.0210372825230204	0.0383013192155401	0.0613273024827046	0.0915264830851422	0.121439581487509	0.145073406842584	0.150619965894773	0.13504004820452	0.1031501416206	0.065343024450448	0.0324541426090036	0.0122242329462304	0.00286875037577194	0.000366026648589972	
1.31663315835279e-06	1.31663315835279e-06	1.97494973752918e-06	1.05330652668223e-05	4.67404771215239e-05	0.000104672336089047	0.000380506982763955	0.000947975874014006	0.00247856192059912	0.00547258572269336	0.0114310090808189	0.0226585983386723	0.0402461840679488	0.0640449867217546	0.0932742428371865	0.123796432714121	0.145539971007738	0.14845565513691	0.132654740603518	0.100413027821775	0.0624729267306814	0.0311423240945185	0.0114079680005477	0.00268856490935639	0.000327183339850667	
1.31466336072654e-06	0	1.31466336072654e-06	9.20264352508575e-06	4.40412225843389e-05	0.000141983642958466	0.000391112349816144	0.00117070772272698	0.00268585724596431	0.00585288128195454	0.0124971899070664	0.0238999225663281	0.0418720280391402	0.0663037319348821	0.0960742837385345	0.12655606842034	0.145201281533844	0.147449355880686	0.129926865277243	0.0970997211599012	0.0599604812193766	0.029608848210283	0.0104791816483512	0.00251955233083241	0.000253072696939858	
6.58121615609592e-07	0	0	2.63248646243837e-06	8.55558100292469e-06	5.52822157112057e-05	0.000168479133596055	0.000482403144241831	0.00123266178603677	0.00289310262221977	0.00641339514411547	0.013199287122666	0.0252494939044776	0.0435340867509589	0.0690014189102033	0.0987715501923031	0.127577533307535	0.145499501143815	0.145513979819359	0.127239916918727	0.0945891873251042	0.058073309483006	0.0276937575848516	0.0101561327720872	0.00237516091073502	0.000268513619168713	
4.60983052945879e-06	2.10735109918116e-05	5.46594191350114e-05	0.000228515884817457	0.000551204021879573	0.00145538935287199	0.00315048989327584	0.00696742957166772	0.013813027907914	0.0266270396853725	0.0452606332326634	0.0710197076840607	0.101555225111196	0.129224745043444	0.145025927003992	0.144162571600546	0.125396610062338	0.091559795428892	0.0555392382189195	0.0266672110657006	0.00938495641075961	0.00212710751573599	0.000202832543296187	
