# <P(N_1)> as a function of N_tot.
# number_of_species: 2
# species_total_upper_bound: 100
# species_total_lower_bound: 0
# volume: 512
# Bin widths for each species index 
1	1	1	1	1	1	1	1	1	1	1	1	1	1	1	1	1	1	1	1	1	1	1	1	1	1	1	1	1	1	1	1	1	1	1	1	1	1	1	1	1	1	1	1	1	1	1	1	1	1	1	1	1	1	1	1	1	1	1	1	1	1	1	1	1	1	1	1	1	1	1	1	1	1	1	1	1	1	1	1	1	1	1	1	1	1	1	1	1	1	1	1	1	1	1	1	1	1	1	1	1	
# Bin lower bound for each species index 
0	0	0	0	0	0	0	0	2	3	4	5	6	6	7	8	9	9	10	11	12	12	13	13	14	14	15	16	16	17	18	20	21	22	23	23	25	25	26	27	28	29	29	30	31	32	33	34	35	35	36	36	37	39	39	40	40	41	42	43	44	45	45	47	48	49	49	50	50	51	52	53	53	51	52	52	53	54	57	58	61	61	62	63	64	65	66	68	69	69	70	70	70	71	72	72	73	73	74	74	78	
# Bin upper bound for each species index 
0	1	2	3	4	5	6	7	8	9	10	11	12	13	14	15	16	17	18	19	20	21	22	23	24	25	26	27	28	29	30	31	32	33	34	35	36	37	38	39	40	41	42	43	44	45	46	47	48	49	50	51	52	53	54	55	56	57	58	59	60	61	62	63	64	65	66	67	68	69	70	71	72	73	74	75	76	77	78	79	80	81	82	83	84	85	86	87	88	89	90	91	92	93	94	95	96	97	98	99	100	
# Normalized histogram for each species index 
1	
0.0797273683214065	0.920272631678593	
0.0062386395144644	0.147375663657743	0.846385696827793	
0.000608703950643395	0.0178871266852201	0.202303789697944	0.779200379666193	
3.32673105170764e-05	0.0020241878937698	0.0324919262796399	0.246710374794638	0.718740243721435	
7.6642839259528e-06	0.000158395201136358	0.00420769187534809	0.0497156550663472	0.284467562195664	0.661443031377578	
1.27657184291018e-05	1.27657184291018e-05	0.00043403442658946	0.00767985620694761	0.0676429888121244	0.313114988485322	0.611102600632158	
1.78821870425673e-05	5.10919629787636e-06	4.34281685319491e-05	0.0009835202873412	0.0128036459224782	0.0860567478432805	0.338231349517564	0.561858316877464	
2.03328487337718e-05	9.14978193019733e-05	0.00200278560027653	0.0181546923131665	0.10609426308673	0.35479550237386	0.518840925957931	
1.2681729179137e-05	0.000251098237746913	0.00312731441557519	0.0253634583582741	0.126117260340682	0.369842340742845	0.475285846175698	
2.78428851303806e-05	0.000493578418220384	0.0048978166115715	0.0337202650642664	0.147676131560163	0.377116692062753	0.436067673397895	
8.92197099084861e-05	0.000892197099084861	0.00745112034464299	0.0428585995054679	0.1655713885136	0.381720156007036	0.401417318820261	
0.000110733700900548	0.00131850360142048	0.0103162606001767	0.0515607013821111	0.182514891107569	0.383419302171668	0.370759607436154	
5.16977542495554e-06	0.000178357252160966	0.00206274039455726	0.0135267173993962	0.0620217957731916	0.196883142396294	0.383465507258365	0.34185656975061	
1.5551575504195e-05	0.000300663793081104	0.00289000111452958	0.0167360871717646	0.0728124765106412	0.212027588494944	0.378468325328592	0.316749306010943	
5.9465021640097e-05	0.000444694944438986	0.00404620690725008	0.0213298447187304	0.0849522470021873	0.226802177971053	0.373706635779328	0.288658727655372	
0.000105914142379607	0.000764648442545453	0.0053861216307678	0.0268117776526326	0.0971671841821103	0.239063718981364	0.365799031789742	0.264901603178458	
1.28894216516505e-05	0.000105693257543534	0.00107239988141732	0.00732376938246781	0.0325200108271142	0.106822370880219	0.248044030264362	0.359715401569932	0.244383434515293	
5.1739882912645e-06	0.000168154619466096	0.00144095573911716	0.00929248297111104	0.0382875133553573	0.11849467984654	0.258213059663846	0.350403183037597	0.223694796778675	
3.63079013773662e-05	0.000246375045060699	0.0020565832708751	0.0114914507859364	0.0461551229152133	0.130091210635103	0.263693914017703	0.340116859574005	0.206112175854727	
5.73351159342106e-05	0.000484742343807417	0.00317688665108194	0.0146308791297572	0.0524564187965359	0.139613613441436	0.269451589616089	0.329411090175107	0.190717444730251	
5.22385525741853e-06	0.000122760598549335	0.000791414071498907	0.00416863649541999	0.017024544283927	0.0587762074288446	0.150420912137366	0.275665453861604	0.318339127459456	0.174685719808076	
1.8355456028194e-05	0.000167821312257774	0.00104363878560303	0.00518672743196681	0.0204768223034524	0.0658200431090996	0.161863655672623	0.28029305796653	0.303979462866912	0.161150415095527	
7.88247751523289e-06	4.72948650913973e-05	0.000236474325456987	0.00138731604268099	0.00657661374020931	0.0241886960017447	0.073414768084374	0.170970937305401	0.280831653927707	0.293456755414605	0.148881607815214	
5.25924114409532e-06	4.99627908689055e-05	0.000299776745213433	0.00162247589295341	0.00798089843616465	0.027866089201989	0.0809686470339195	0.178091053241928	0.280488478317464	0.284172576738902	0.138454782359453	
5.24846220057523e-06	1.04969244011505e-05	4.72361598051771e-05	0.00034115004303739	0.00208101526252808	0.00922154808641068	0.0326375621942771	0.08786450569983	0.187929061784897	0.282873742993303	0.271466210400353	0.125522221988957	
1.5731886698952e-05	5.243962232984e-06	6.2927546795808e-05	0.000503420374366464	0.00280027583241346	0.0110988460661106	0.0370145074215176	0.097002813385738	0.196771816849375	0.280908568896487	0.2589389891214	0.114876858656864	
5.22519274429736e-06	1.04503854885947e-05	0.000143692800468177	0.000674049864014359	0.0036602475173803	0.0138101844231779	0.041629110593817	0.105183129942706	0.202199283626075	0.279976277624941	0.247015761793913	0.105692586235275	
2.61515850475697e-06	7.84547551427092e-06	2.09212680380558e-05	0.000201367204866287	0.00100945118283619	0.00474128236912439	0.0159707729885508	0.0463850663988744	0.113223287463453	0.206419691097477	0.278415004733437	0.236494013902183	0.0971086807571407	
1.30138180720289e-05	7.80829084321733e-06	3.38359269872751e-05	0.000270687415898201	0.00137686195202066	0.00547361188109535	0.0180657822475905	0.052167191123535	0.120021238551094	0.211667148177935	0.274333887721983	0.227642911243158	0.0889260216497877	
1.29113891363572e-05	0	5.9392390027243e-05	0.000384759396263444	0.00157777175246285	0.00596764405882429	0.0210972098488076	0.0568385172560716	0.127605841112445	0.216647945152419	0.271363830034473	0.215163135401738	0.0832810422073311	
5.15467903102344e-06	7.21655064343281e-05	0.000414951661997387	0.00172166279636183	0.00726552009422753	0.0235826565669322	0.0628819294994549	0.134619597574208	0.220919233911602	0.265471124776738	0.206638195656152	0.0764078072768604	
2.57811029671471e-06	7.99214191981561e-05	0.000464059853408649	0.00244404856128555	0.00930955628143683	0.0264771927472601	0.0694646038346813	0.140213106597126	0.225375824028504	0.263111624441517	0.19372952013633	0.0693279639889554	
3.61047139861925e-05	0.000110893050100448	0.000639569219183982	0.00330100242159475	0.0102124762418087	0.0294614466127331	0.0740043480391272	0.146683137293333	0.229968975735053	0.257748974239287	0.184260407828534	0.0635726646052594	
5.17854322400566e-05	0.00025633788958828	0.000916602150649001	0.00354730210844387	0.0115041337721286	0.0340799929571812	0.0798013510819271	0.155099958830581	0.23114168753188	0.249924263805349	0.175143510379095	0.0585330740609359	
1.80679665278014e-05	4.90416234326039e-05	0.000240045841012219	0.00109956482012049	0.00414530774909273	0.0133160913309897	0.0373774604698704	0.0852265981116394	0.161672164490767	0.233471682334175	0.244178243070935	0.165892325244047	0.0533134069473912	
5.92427743133634e-05	0.000381214373842512	0.00136515958200359	0.00488366522165813	0.0151481198146474	0.0405246334031368	0.0896909845376359	0.167538565758192	0.233480925114558	0.238261559424366	0.158162752779903	0.0505031772157442	
2.57614438774064e-06	9.53173423464038e-05	0.000329746481630802	0.00161781867550112	0.00566494150864168	0.0166831110550084	0.0453014990584192	0.0974400853219021	0.171983399325565	0.232901485662468	0.231721611532883	0.148862503445593	0.0473959044456524	
2.57573962363293e-06	8.24236679562536e-05	0.000499693486984788	0.00197044081207919	0.00609677568913914	0.0186586578335969	0.0502140439627239	0.104255637006166	0.175740138780851	0.233300192150176	0.224529798731706	0.140042963336922	0.044606658802075	
2.58817926764879e-06	0.000168231652397172	0.00057975215595333	0.00228536229333389	0.00683538144586047	0.0211816591264377	0.0534122555464682	0.11136676570766	0.181317486774404	0.231745571625273	0.216845423581419	0.13307382522543	0.0411856966860953	
3.63463600418502e-05	0.000181731800209251	0.000737311875134676	0.00252866819148301	0.00834668196675347	0.0238068658274119	0.058499466487358	0.116248640256709	0.18445777721239	0.230820155614344	0.21179543230101	0.124826381226586	0.0377145408805685	
8.85455866535758e-05	0.000307305271327116	0.000869830174773362	0.00298971569053838	0.00967230320092296	0.0271288051814794	0.0618386751496811	0.121497566298508	0.188359901349799	0.229400780763732	0.204845006159127	0.118809947315376	0.0341916178580823	
3.65081517487405e-05	7.8231753747301e-05	0.000357258342112675	0.000985720097215993	0.00342655081413178	0.0113775047199825	0.0301348715434603	0.0675974506879179	0.125209921872555	0.192937758816719	0.227328437764032	0.197996745559044	0.112447715111246	0.0300853247660871	
5.74696129421568e-05	0.00010710246048311	0.000355266698187879	0.00115461676911061	0.00399936260974737	0.0130090305659973	0.0334525392426027	0.0722497524888261	0.130907941516832	0.195791134528527	0.22349410022178	0.190616257108599	0.106655764855242	0.0281496613211219	
5.75920753304345e-05	8.90059346015806e-05	0.000400526705707113	0.00157854642837509	0.00503930659141302	0.0148875514729173	0.0360919064809409	0.0762388186294657	0.136799503661024	0.196331384801451	0.222114309798244	0.184142807404247	0.100186650680503	0.0260420893357801	
4.45048313921373e-05	0.000120424837884607	0.000431958657629568	0.00182469808707763	0.00592176050641262	0.0163673062272731	0.0389495812618952	0.0813679214411188	0.142928574981478	0.197850154850634	0.221126181668722	0.177134464803223	0.0924182092826607	0.0235142585625987	
3.40483486550902e-05	0.000128336083392263	0.000560488200937639	0.0021005212016448	0.00647442445195254	0.0181765799743328	0.0426154369974595	0.0864932819989	0.147107199916189	0.200474057777429	0.216856551688012	0.170681752704225	0.0866975720908305	0.0215997485660407	
3.14034187855251e-05	0.000256461253415122	0.000656854842930567	0.0024599344715328	0.00751326794443688	0.0201217405868252	0.0466079073808502	0.0929619704598507	0.149200259601595	0.201125812563461	0.212208602443186	0.164093330960631	0.0825465032293182	0.0202159508431818	
4.97101115599556e-05	0.00026424848776608	0.000845071896519246	0.00270789291918706	0.00824664587563053	0.0223119911254369	0.0501575025639952	0.0962413923017351	0.152952780626661	0.200943968855307	0.209135671976055	0.158672059777717	0.0778538836678737	0.0196171798145551	
5.21066727805163e-06	7.55546755317486e-05	0.000291797367570891	0.000979605448273706	0.00331398438884083	0.00942870243963442	0.024526610877789	0.0531774649061559	0.100753462488406	0.155918796961139	0.203815250580989	0.205216920078785	0.151031191054326	0.073579832633367	0.0178856154319122	
2.08677324861034e-05	8.08624633836507e-05	0.000354751452263758	0.00117380995234332	0.00410572636664084	0.0109503426220828	0.0266507028513148	0.0570262959513991	0.10424475763433	0.161200624988588	0.204715064155235	0.199263369043241	0.144224724611143	0.069020025197787	0.0169680749777628	
5.2102464707093e-06	1.04204929414186e-05	0.000109415175884895	0.00044287095001029	0.00149794586032892	0.00467359108422624	0.0118871773229233	0.0287136683000789	0.059727660416976	0.109469883472838	0.165638945550319	0.202501439330588	0.195272222352478	0.140543793424148	0.0642788107091406	0.0152269453106479	
1.56589276766327e-05	2.34883915149491e-05	0.000185297310840154	0.000422791047269083	0.00174597043594455	0.00551455236345415	0.0129995197928846	0.0303783196926674	0.0643216552530483	0.114187510439285	0.167357399365291	0.200431664439619	0.192450830967095	0.135768122598964	0.0604095331551695	0.0137876858192751	
5.23504021819648e-05	0.000146581126109501	0.000643909946838167	0.00188723199865983	0.00598365096939857	0.0144853562837497	0.0336456034823488	0.0685921144589193	0.11787740059313	0.169586510348366	0.201190448145618	0.188283456487654	0.128724403925233	0.0564468211527035	0.0124541606790894	
2.61304011539185e-06	3.13564813847022e-05	0.000148943286577336	0.000668938269540314	0.00217404937600602	0.00576436649455442	0.0167077784978155	0.0364623617701779	0.0732565796350106	0.120795618454335	0.171459853251667	0.200187616280285	0.184159228212472	0.122841628864686	0.0541735476723039	0.0111655204130694	
2.6177325200911e-05	5.23546504018219e-05	0.000206800869087197	0.000832438941388969	0.00239260752336326	0.00682704641239758	0.017413156723646	0.0396691186094605	0.0769848956833591	0.124645951676658	0.172935263474778	0.20057590115442	0.17845867909217	0.118363393628439	0.0504620297897961	0.0101541844454334	
5.23645198958993e-06	3.40369379323346e-05	6.54556498698742e-05	0.000251349695500317	0.000866632804277134	0.00287743036827967	0.0079070425042808	0.0186339144049558	0.0426587561331944	0.0811362053527012	0.128041724049453	0.176827129010468	0.198985175604417	0.173069974707937	0.112866486183621	0.0467091517471422	0.00906429839398018	
1.83158329910017e-05	2.87820232715741e-05	0.000102045355235581	0.000274737494865025	0.0009288743874008	0.00326545136753859	0.00844621555642192	0.0208303352059092	0.0448476253522527	0.0833318070139174	0.133901821902073	0.179809149020234	0.197159475957853	0.166867704738306	0.107490390729049	0.0436701789456883	0.00902708911699369	
2.35623682798162e-05	2.09443273598366e-05	0.000112575759559122	0.000408414383516814	0.00106292461351171	0.00358671606037202	0.00888563088241069	0.0228659693951016	0.0483185632191431	0.0889348500517063	0.138622648671999	0.180215464767714	0.193475842027411	0.162889269959289	0.102032908774364	0.0405429816868038	0.00800073305145759	
2.88016924921843e-05	1.04733427244306e-05	0.00016757348359089	0.000487010436686025	0.00150816135231801	0.00396154188551589	0.0098082854614293	0.0248951356559716	0.0524871570634842	0.0929064049727431	0.142536957808139	0.180348343379015	0.190402752394468	0.157898733249197	0.0964882881844984	0.038329816035735	0.00773456360199203	
1.82832546282753e-05	1.82832546282753e-05	0.000148877930544528	0.000566780893476535	0.0016376572359898	0.00411112039784362	0.0110953236658448	0.0277435329516486	0.0547008859542814	0.0975019850390739	0.144092941618956	0.181484809227297	0.186105248861214	0.153950227757115	0.0924636424422249	0.0376817877888754	0.00667861172635714	
2.60616880155328e-05	1.04246752062131e-05	0.000161582465696303	0.000615055837166573	0.00181649965468263	0.00529573500475626	0.0130438748517741	0.0302133149164071	0.0593190080921541	0.100751879699248	0.146633481450594	0.17942950964934	0.18552012613857	0.147514366505519	0.0881536597125396	0.0350998814193195	0.00639553823901174	
2.6177119626819e-06	2.6177119626819e-06	4.45011033655923e-05	0.00020679924505187	0.000667516550483884	0.00206013931463065	0.00566734639920631	0.0151460814160775	0.0326428681746433	0.0620554797873371	0.105166578100745	0.146796051443275	0.179847282684097	0.181690151905825	0.145442694358569	0.0843924159649017	0.0321559737495844	0.00601288437828032	
1.8339346018921e-05	9.16967300946048e-05	0.000259370750839025	0.000780732159091207	0.00224787984060488	0.00658120531421849	0.016746442821849	0.034449151543256	0.0659482882840398	0.106305329151962	0.14927179696772	0.181580484839911	0.179419061916252	0.141448755937363	0.079315051625259	0.0300817672841786	0.00545464548734192	
1.83630158367895e-05	0.000186253446344579	0.000291184965411948	0.000844698728492318	0.00265739072038111	0.00757605567666402	0.0174920842285304	0.0365791275468847	0.0674263708647144	0.110222690916341	0.153011141104037	0.181615473201802	0.176602369878358	0.134461871820903	0.0770407212992621	0.0286804074490885	0.00529379513694875	
3.66976324784532e-05	0.00014154801098832	0.000335521211231573	0.0010956864554281	0.00292532556042527	0.00852171451338939	0.0189490846561956	0.0381209763667247	0.0715027156248034	0.113642082747919	0.154418394950406	0.181081846205465	0.172798666303185	0.131817895862604	0.0730440161888984	0.0267892717092709	0.00477855600058716	
2.62499573438193e-06	1.31249786719097e-05	0.000120749803781569	0.000446249274844928	0.001278372922644	0.00363561909211898	0.00939485973335293	0.0203489669329287	0.041141558144968	0.0748675033403071	0.114825188409069	0.155945746588162	0.181161455612635	0.17258034455694	0.126611419256444	0.0686095135095405	0.0248875845576751	0.00412911829018278	
7.90449265013925e-06	2.63483088337975e-05	0.000115932558868709	0.000471634728124975	0.00137011205935747	0.00416566762662338	0.00981737987147295	0.0224066018322614	0.0443573779216981	0.0781648929863437	0.11863062569329	0.158103027157202	0.18109983110734	0.168244491227331	0.12187410251073	0.0643030477088828	0.0228308096044855	0.00401021260450398	
5.28066747636901e-06	7.92100121455352e-06	2.90436711200296e-05	0.000137297354385594	0.000525426413898717	0.00181918994560912	0.00474996039499393	0.0106669483022654	0.0245049374240904	0.0465622854728838	0.0809922374188097	0.12214975972963	0.161514495432223	0.179619263874954	0.164804351270001	0.116116597137878	0.0603870729260178	0.021508158631251	0.00389977293129852	
1.85279785710694e-05	5.29370816316267e-06	1.85279785710694e-05	0.000150870682650136	0.000780821954066494	0.00184750414894377	0.00517459972949151	0.0120325986548688	0.0259815196648024	0.0489562130929284	0.0843261241850998	0.124526543976157	0.163308249979487	0.179896084508757	0.159359143689768	0.112827448935568	0.0575134923386809	0.0198222902169626	0.00345414457646364	
1.85385774555008e-05	2.64836820792868e-06	4.76706277427163e-05	0.000188034142762937	0.000749488202843818	0.00207632067501609	0.00571253022450217	0.0133106986130496	0.027296731119121	0.0518894782979467	0.0872928645015374	0.128927861098384	0.164344489143015	0.177980937045639	0.155498939328533	0.107883927318183	0.0547867931174207	0.0189172941092346	0.0030747554894052	
2.64108686006465e-06	7.92326058019396e-06	0.000110925648122715	0.000237697817405819	0.000895328445561918	0.00230830991569651	0.00610619282046948	0.014216970567728	0.0291179826322128	0.0557718312239853	0.0904598660440745	0.131808721925247	0.165247522660525	0.175801305753344	0.151614232288872	0.103284983836548	0.0528904054596548	0.0170983963320586	0.0030187622810539	
5.28967587511075e-06	0	3.17380552506645e-05	0.00014282124862799	0.000201007683254209	0.00101561776802126	0.00259458601674182	0.00685013025826842	0.0150253243232521	0.0311456115526521	0.0584297597164734	0.0939658022454674	0.13363572647086	0.166852246128618	0.173332099075629	0.147309538608022	0.0996495589732739	0.0500641373199857	0.0170459805075444	0.00270302437218159	
5.3124659670149e-06	0	2.65623298350745e-06	7.96869895052235e-06	2.12498638680596e-05	3.18747958020894e-05	0.000108905552323805	0.000371872617691043	0.00108108682428753	0.0030679490959511	0.00730464070464549	0.0159852100947478	0.0341060315082356	0.0608861724479578	0.0966948492986217	0.136400219936091	0.166837993694103	0.170312346436531	0.14436626265363	0.0950692347127151	0.0489570301190258	0.0161711464035934	0.0022099858422782	
5.29908007969816e-06	2.64954003984908e-06	5.29908007969816e-06	1.85467802789436e-05	1.32477001992454e-05	3.44440205180381e-05	0.000169570562550341	0.000413328246216457	0.00139630760100047	0.00342055619144517	0.00797246597990589	0.0174233753020476	0.0360390436220272	0.0634776802747043	0.0997445843401586	0.138907435669168	0.168237843910297	0.168741256517869	0.139773835262198	0.0920450209843571	0.0457045656873967	0.0144532409173767	0.00200040273008606	
2.64712733741344e-06	5.29425467482688e-06	7.94138201224032e-06	1.32356366870672e-05	2.11770186993075e-05	2.3824146036721e-05	5.29425467482688e-05	0.000193240295631181	0.00040765760996167	0.00138974185214206	0.00368480125367951	0.00846286609771076	0.019662861862307	0.0373244954575295	0.0668081997416404	0.103497384638191	0.143058702695834	0.167073441900849	0.167949641049533	0.135832045064696	0.0879561000402363	0.0418457889498316	0.0127088583469219	0.00201711103110904	
5.28479775079008e-06	5.28479775079008e-06	1.32119943769752e-05	7.92719662618512e-06	2.90663876293454e-05	2.37815898785553e-05	0.000113623151641987	0.000190252719028443	0.000528479775079008	0.00147181617359504	0.00433617655452326	0.010093963704009	0.0211788269862912	0.0408752682034859	0.0701477629451121	0.106060606060606	0.145247381382714	0.166479056346514	0.164872477830273	0.132780543488601	0.0835949308219974	0.0386080899683969	0.0114415871304605	0.00189459999365824	
2.63196681616238e-06	5.26393363232476e-06	3.4215568610111e-05	2.63196681616238e-05	1.57918008969743e-05	4.73754026909229e-05	9.21188385656834e-05	0.000213189312109153	0.000531657296864801	0.00177920956772577	0.00482439517402565	0.011070052428779	0.0231823637167583	0.0436959130819279	0.0723817194112817	0.110945297201693	0.144318636430632	0.167090413324069	0.163145095066641	0.128582106836797	0.0796827953593161	0.0359395068746973	0.0106515697050092	0.0017423620322995	
2.63666493525669e-05	7.90999480577008e-06	5.27332987051339e-06	4.48233038993638e-05	6.32799584461606e-05	0.000232026514302589	0.000566882961080189	0.00219106856119831	0.0054552597510461	0.0122789486034904	0.0240991175082462	0.0459438864968479	0.0767243129510345	0.113595435405664	0.146743586971711	0.165743394495171	0.161477270629926	0.123229809079092	0.0753875238288594	0.0343768374258768	0.00993495347604722	0.00187203210403225	
5.30354860437118e-06	0	5.30354860437118e-06	2.65177430218559e-05	0.000103419197785238	0.000212141944174847	0.000822050033677534	0.00247675719824134	0.00635630300233886	0.012731168424793	0.0260748967133909	0.0486255853791772	0.0803726273249431	0.114922594708119	0.148523226891113	0.166579158114695	0.155990623326067	0.11881805115803	0.0733772467157775	0.0328316176353598	0.00961533361972496	0.00153007377236109	
8.00243273955282e-06	6.40194619164226e-05	0.000133373878992547	0.000325432264741815	0.00093628463052768	0.00273683199692707	0.00685008242505722	0.0141456336059495	0.0282912672118991	0.0507194187032858	0.0824143873070747	0.117627758838687	0.150637793889342	0.165444961935095	0.149573470334982	0.116600779970444	0.0713550252610127	0.0315695971575359	0.00913877818856933	0.00142710050522025	
2.68707409875535e-06	5.37414819751069e-06	5.37414819751069e-05	0.00011554418624648	0.000290204002665578	0.00110438745458845	0.00306057739848234	0.00714493002859047	0.0146902340978955	0.0302886992411703	0.0523979449257293	0.0848712354091876	0.122377415679615	0.15157516283669	0.162288527268428	0.149100367591737	0.113340785485501	0.0674428728046605	0.0299689374234184	0.00855026978223952	0.0013301016788839	
5.40859208939321e-06	1.3521480223483e-05	2.97472564916627e-05	0.000156849170592403	0.000373192854168132	0.00123045470033696	0.00313968770789276	0.00740165827433461	0.0160337712490062	0.0315131618088495	0.055735541481197	0.0883250131158358	0.123383507039283	0.152235641540151	0.161362640691002	0.146837866634936	0.11016761226885	0.0645839981394443	0.0283680655088674	0.00792088311491636	0.00118177737153242	
2.71314464316722e-06	3.52708803611738e-05	8.68206285813509e-05	0.000244183017885049	0.000491079180413266	0.00120463622156624	0.00348910401111304	0.00814757336343115	0.0172881576662615	0.0330325360305609	0.0584791196388262	0.0900709758638653	0.126134094460844	0.153835301267581	0.161611173814898	0.143631164264629	0.106493640388956	0.0609182366730335	0.026154714360132	0.00761308386872721	0.00103642125368988	
8.15505477478457e-06	4.34936254655177e-05	0.000119607470030174	0.000263680104384701	0.000516486802403023	0.0014787832658276	0.00430315056949466	0.00890803816565635	0.0184793541196618	0.0339658031369777	0.0599179057819338	0.0927773398211325	0.128784625003398	0.154331693261206	0.160138092260853	0.141283605621551	0.10289776279664	0.0591839508522032	0.0248892271726425	0.00685296436241063	0.00085628075135238	
8.17998140417561e-06	5.18065488931122e-05	9.27064559139902e-05	0.000299932651486439	0.000695298419354927	0.00200954876495914	0.00465440941897592	0.0099495840479456	0.0195419755745755	0.0361500644855201	0.0622114852392236	0.0958039422057047	0.128570221050364	0.15500792094866	0.159087005008875	0.139733169006596	0.0987078356041871	0.0571317167872305	0.0235365331602813	0.00608045284377054	0.000676211796078517	
2.74067212243131e-06	1.91847048570191e-05	8.22201636729392e-05	0.000265845195875837	0.0009455318822388	0.00216513097672073	0.00488661839429502	0.0101185614760164	0.0202480856405225	0.0377226110931445	0.0662831552810011	0.0981379873600202	0.130965758042502	0.156029204602137	0.159120682756239	0.134797217669661	0.0963455877919501	0.0539035393039789	0.0217609366521046	0.00554986104792339	0.000649539293016219	
4.95507399577167e-05	0.000110112755461593	0.000426686927413672	0.00104882399577167	0.00214444591261452	0.00492204016913319	0.0109286909795631	0.0216839543692741	0.0412454853770261	0.0697894644115574	0.101846040345314	0.134409134954193	0.156467472692037	0.15509656888654	0.131094741014799	0.0907576858703312	0.051229959478506	0.0206901867512333	0.00527990662438337	0.000779047744890768	
4.71932508099195e-05	0.000169340488200299	0.000402530668672843	0.00103825151781823	0.00233467787830249	0.0051634968533206	0.0113180519736495	0.0227832358468829	0.0423212416821895	0.0723972228159935	0.104741256062251	0.136727175817068	0.156356792080417	0.153852773713915	0.127224675962812	0.0891980201043248	0.0489116403541159	0.0192548463304471	0.00496361955577271	0.000793957043037469	
2.78549204324198e-06	5.57098408648396e-05	0.000142060094205341	0.000428965774659265	0.00116712116611839	0.0024150216014908	0.00524508151742465	0.0122728779425242	0.0247769517246374	0.0450720467516985	0.0749603763756849	0.108127230134567	0.138700790801191	0.154915139984903	0.150987596203931	0.125475274579878	0.0857012336944259	0.0464787202335357	0.0180249190118188	0.00444007431692771	0.000610022757469993	
5.54962054469526e-06	6.93702568086907e-05	0.00016371380606851	0.00037459938676693	0.00124034019173939	0.00257224912246625	0.00615175437379469	0.0138574025001041	0.0269045604006826	0.047693438961111	0.0770426072117319	0.109824215769247	0.138479681451781	0.153644019590161	0.148940716178531	0.123154404317605	0.0836744037626427	0.0446910942464309	0.0166322127724517	0.00436755136867517	0.000516114710656659	
1.37756606118046e-05	8.26539636708278e-06	3.8571849713053e-05	0.000115715549139159	0.000443576271700109	0.00112409390592326	0.00298380808851688	0.00693191241986009	0.0152331255045336	0.0284550045597437	0.0497990131116738	0.0800972010612769	0.111092437437837	0.138740188285729	0.15329279615604	0.146531701927766	0.12079325764067	0.0805490427293441	0.0428671006918137	0.0163985463922922	0.00392330814224196	0.000567557217206351	
1.09936923690033e-05	2.19873847380066e-05	2.74842309225082e-05	3.0232654014759e-05	0.000140169577704792	0.000453489810221385	0.00139894735395567	0.00330360455688549	0.00741249707980046	0.0160892687820363	0.0302958677458808	0.0520029133284778	0.0820541714191483	0.113320232516594	0.139534691970482	0.152647418543611	0.146045706276024	0.116274787340763	0.0776264618175322	0.0408525608432162	0.0160672813972983	0.00387252813698141	0.000516703541343154	
1.64668686602556e-05	3.01892592104685e-05	2.19558248803408e-05	2.74447811004259e-05	0.000175646599042726	0.000535173231458306	0.00156984147894436	0.00385050278838976	0.00840908092917051	0.0173039344838186	0.0314050630132174	0.0541101304175998	0.0850266763272296	0.116171013919993	0.139962894655952	0.152861941773152	0.145226803671014	0.113091709480525	0.0728905941246213	0.0385763843147587	0.014691191323058	0.0035952663241558	0.000450094410046985	
1.36184491854806e-05	2.72368983709611e-05	2.17895186967689e-05	3.81316577193456e-05	0.000220618876804785	0.000754462084875623	0.00171320090753345	0.00416452176091995	0.00909984774573811	0.0184584460260003	0.0338418462259192	0.0569632492530281	0.0873759699740432	0.117960283154795	0.142429912651267	0.152613788952169	0.140564185112856	0.109075606906188	0.0707995936254763	0.0371075503405974	0.0131935535708936	0.00317582235005407	0.000386763956867648	
5.41634055782891e-06	2.16653622313157e-05	2.70817027891446e-05	1.35408513945723e-05	0.000100202300319835	0.000262692517054702	0.000777244870048449	0.00190655187635578	0.00460930581471241	0.00999585649947326	0.0195069505190208	0.036343645143032	0.0599805553373974	0.090100825179484	0.120689608479823	0.142958892683336	0.15053364495346	0.137407143611562	0.105751341221331	0.0689581398119988	0.0343883462016558	0.0124196688991017	0.00291669939039087	0.000324980433469735	
2.42156158434703e-05	0	5.38124796521561e-06	4.03593597391171e-05	6.45749755825874e-05	0.000226012414539056	0.0008959777862084	0.00219285854582536	0.00517945116652003	0.010894336505579	0.0211321607594017	0.0381153793376222	0.0614861392505536	0.0930525398145084	0.120997360497873	0.144343904794961	0.150023812022246	0.134590392858008	0.103271529700453	0.0666763529130041	0.0315664005639548	0.0120351610742047	0.00288973015732078	0.000295968638086859	
5.3835800807537e-06	5.3835800807537e-06	8.07537012113055e-06	0	5.3835800807537e-06	0.000110363391655451	0.000398384925975774	0.000885598923283984	0.0024764468371467	0.00587617765814267	0.0114185733512786	0.0226164199192463	0.0403041722745626	0.0645706594885599	0.093278600269179	0.124554508748318	0.145028263795424	0.148199192462988	0.133380888290713	0.100021534320323	0.062250336473755	0.0302611036339166	0.0112166890982503	0.00285060565275908	0.000277254374158816	
5.37608395292701e-06	0	2.6880419764635e-06	0	2.6880419764635e-05	0.000158594476611347	0.000411270422398916	0.0011343537140676	0.0030643678531684	0.00616905633598374	0.0121875823212855	0.0236682096027612	0.041906574413066	0.0672736265449521	0.0949120741469499	0.12693471821256	0.144423119311431	0.148062728147563	0.130426484739986	0.0972076619948497	0.0597874296405013	0.0288131219457123	0.0104860517501841	0.00273105064808692	0.00020697923218769	
2.68685750519907e-06	0	0	2.68685750519907e-06	5.37371501039814e-06	3.22422900623888e-05	0.000196140597879532	0.000561553218586606	0.00117415672977199	0.00322422900623888	0.00617439854694746	0.0125341902617537	0.0249877747983513	0.0441423819529155	0.0696299122472339	0.0998033220306194	0.128340435593339	0.144544873207194	0.146675551208817	0.127768134944731	0.0944188595902005	0.0570554191229022	0.0261592446706181	0.0101240790795901	0.00223277858682043	0.000209574885405527	
1.88333037381417e-05	8.07141588777503e-06	4.57380233640585e-05	0.000293261443922493	0.000591903831770169	0.00160890223362982	0.00340882797660366	0.00654322781302296	0.0131617888409985	0.0268266959390016	0.044739858265937	0.0727342190367034	0.103580480087817	0.12884132134459	0.144820034330422	0.145621794975275	0.124767946793226	0.0918096652514784	0.0544282478032296	0.0248034610231327	0.00904805721019581	0.00214968709811075	0.000147975957942542	
