# <P(N_2)> as a function of N_tot.
# number_of_species: 2
# species_total_upper_bound: 100
# species_total_lower_bound: 0
# volume: 512
# Bin widths for each species index 
1	1	1	1	1	1	1	1	1	1	1	1	1	1	1	1	1	1	1	1	1	1	1	1	1	1	1	1	1	1	1	1	1	1	1	1	1	1	1	1	1	1	1	1	1	1	1	1	1	1	1	1	1	1	1	1	1	1	1	1	1	1	1	1	1	1	1	1	1	1	1	1	1	1	1	1	1	1	1	1	1	1	1	1	1	1	1	1	1	1	1	1	1	1	1	1	1	1	1	1	1	
# Bin lower bound for each species index 
0	0	0	0	0	0	0	0	0	0	0	0	0	0	0	0	0	0	0	0	0	0	0	0	0	0	0	0	0	0	0	0	0	0	0	0	0	0	0	0	0	0	0	0	0	0	0	0	0	0	0	0	0	0	0	0	0	0	0	0	0	0	0	0	0	0	0	0	0	0	0	0	0	0	0	0	0	0	0	0	0	0	0	0	0	0	0	0	0	0	0	0	0	0	0	0	0	0	0	0	0	
# Bin upper bound for each species index 
0	1	2	3	4	5	6	7	6	6	7	7	7	7	7	8	8	9	9	9	10	10	10	10	10	11	11	11	12	12	12	12	12	12	12	12	13	13	13	13	14	14	14	14	15	16	16	16	16	16	14	15	15	15	15	15	16	16	17	17	18	18	19	19	17	17	17	17	18	18	18	19	20	22	22	23	23	23	21	21	20	20	20	20	20	20	20	21	21	22	23	22	23	23	23	24	25	24	24	25	22	
# Normalized histogram for each species index 
1	
0.920406894745643	0.0795931052543565	
0.847712955354697	0.146013275827467	0.0062737688178354	
0.780668633110792	0.201599262267643	0.0172564946343867	0.000475609987178111	
0.719025140769878	0.246815161829717	0.0322737791532052	0.00185456987207982	3.13483751196724e-05	
0.661613950375592	0.284362744791439	0.0496719435079841	0.004163721768065	0.000182635835402581	5.00372151787892e-06	
0.60939126113522	0.314434441033671	0.0678979165144929	0.00775696144368758	0.000503188001900378	1.31103573696128e-05	3.12151365943162e-06	
0.560516232330776	0.3382786760353	0.0872408160002798	0.012800898229768	0.00109718416457887	5.99485940805759e-05	1.873393565018e-06	4.37125165170866e-06	
0.517503482281888	0.35476909313852	0.107220065906734	0.0183287162122229	0.00200507271576928	0.000166726493275261	6.84325158965624e-06	
0.475540671090668	0.36867883907788	0.126545372470575	0.0256269229958368	0.00330683975747775	0.000288333112174602	1.30214953885304e-05	
0.437035535404378	0.376926461935535	0.146488981404111	0.0338938635048875	0.00514650257850471	0.000485787321568957	2.22498009878912e-05	6.18050027441421e-07	
0.402417743217206	0.381412185485137	0.164454243563869	0.0433847910690694	0.00739115335608168	0.000891684164603784	4.63453308006125e-05	1.8538132320245e-06	
0.371200886457253	0.382908521095051	0.181333379451511	0.0525611338648041	0.0104340317560711	0.00144778135536794	0.000111795403294197	2.47061664738556e-06	
0.340839130464375	0.383565992007044	0.197072343121683	0.0625799342025885	0.013581466835543	0.00214085992031794	0.000203567316122717	1.67061323261804e-05	
0.31359505607282	0.379845638615383	0.212774290785416	0.0734356873010679	0.0170046652983114	0.00293874131143965	0.000373075130638268	3.28454849233027e-05	
0.287489663788553	0.375169271939908	0.226504620511386	0.0845463325912146	0.0215718981595495	0.00409416327399071	0.000547749419838454	6.94767101040848e-05	6.82360545665119e-06	
0.264638908477504	0.367714717970544	0.23844125020581	0.095971096524065	0.0267872842102647	0.00549302731602149	0.000817647771505969	0.000118049450293415	1.80180739921528e-05	
0.24486451524631	0.35866175766358	0.248161300554129	0.107060630748851	0.0325318888260061	0.00734173751344897	0.00115925444515619	0.000187819121479169	2.67424576940538e-05	4.35342334554365e-06	
0.225517788349778	0.349731052134987	0.257297394058658	0.118069790945401	0.0381350296047765	0.00932336023847912	0.00164837009016311	0.000229976219215818	4.2265899747772e-05	4.97245879385553e-06	
0.207088267823191	0.339836711361857	0.264478507785413	0.129138447390986	0.045096991462763	0.0116141218575636	0.00232443986032235	0.000353543512569746	5.5920766487306e-05	1.30481788470381e-05	
0.190901385134232	0.329249385728758	0.270870763300815	0.139285187900769	0.0514675656699645	0.0143936298626309	0.00319029255542434	0.000552237775675792	8.2089399086942e-05	5.59700448320059e-06	1.86566816106686e-06	
0.174754496194023	0.319938001517671	0.274635144147713	0.150081782853793	0.0584955432381042	0.0170620022081991	0.00413261117686582	0.000762561461336023	0.000122953720964603	1.30405461629124e-05	1.86293516613035e-06	
0.160706355291654	0.306792170072396	0.278980567194504	0.160834042881853	0.0657497659579902	0.0205427532309632	0.00515421857997697	0.0010426781755748	0.000170665364460869	2.36689191588066e-05	3.11433146826403e-06	
0.147908758271701	0.294644141689373	0.281231296224212	0.170699260412612	0.0732568314519268	0.0242130011677696	0.0064024912417283	0.00135149863760218	0.000245387310237446	3.7991436356559e-05	9.34215648112106e-06	
0.138068172258369	0.28308206556995	0.281555328033581	0.178837672903026	0.0807899651592263	0.0277081052314752	0.00780443302264744	0.00176291448587269	0.000325288568973328	5.6707394207994e-05	9.34737267164736e-06	
0.126934934406471	0.272719915131835	0.281939491587891	0.186949651861223	0.0875451982747457	0.0321007361217639	0.00907887659252323	0.00221882439660926	0.000418364195993665	7.59530236774213e-05	1.43190126604975e-05	3.73539460708629e-06	
0.116620430413714	0.261300318451933	0.28104160267992	0.194308526578488	0.0960348320013728	0.0362663407124818	0.0109648931923905	0.00277044477575935	0.000578833951129255	8.89079001197459e-05	1.74085398835866e-05	7.4608028072514e-06	
0.107035967592027	0.249457934676866	0.279862575512474	0.200555799091401	0.104193728597178	0.0412800492059526	0.0133654676642611	0.0034356121881458	0.000686378396007473	0.000106645965775325	1.48808324337663e-05	4.96027747792211e-06	
0.0985610484056118	0.237994154840871	0.278523073486433	0.206157273251882	0.111709553918801	0.046088024869849	0.0154648514820767	0.00437456176819166	0.000971090662017014	0.000140854683883618	1.17895990915804e-05	3.10252607673167e-06	6.20505215346335e-07	
0.0905739406293953	0.227182715483323	0.274803739939155	0.212165335547391	0.119156345070728	0.0516682879678796	0.0177132837235816	0.00523071012993129	0.00123735230152485	0.000226775634630994	3.09802779550538e-05	7.43526670921292e-06	3.09802779550538e-06	
0.0834614634991446	0.216286401084028	0.271039695086298	0.217134071074344	0.126607866006268	0.0569757980936706	0.0203502671397944	0.00618675345487395	0.0015808735950798	0.000313081032919914	4.39303425638614e-05	1.36122188226049e-05	6.18737219209316e-06	
0.0769566959245366	0.205825071313357	0.267240054248153	0.221214928982946	0.133962936190518	0.0620600593964183	0.0231906531198552	0.00721991798578116	0.00184819035990328	0.000386428578924333	7.46930639773871e-05	1.79016434325969e-05	2.46919219759957e-06	
0.0704565165385326	0.194176077620978	0.262548780465189	0.226078022781629	0.141094771797365	0.0681829280580476	0.0261437948899275	0.00845085049393988	0.00229893299590099	0.0004722734092144	7.91243408107896e-05	1.66902906397759e-05	1.23631782516859e-06	
0.0644633281225265	0.185385789338293	0.256098375415545	0.229152856379611	0.147504996438183	0.0745100027703024	0.0294060174924806	0.00984941427892987	0.002809259735634	0.000672169344625613	0.000113780275447206	3.33920373595061e-05	6.18371062213076e-07	
0.0592635714785053	0.17556481193351	0.249614117096824	0.23151489430675	0.155155550248914	0.0799419458891639	0.033186238998084	0.0113509891903295	0.00335493865157821	0.00079063462967305	0.000209103681400228	5.25852453225424e-05	6.18649944971087e-07	
0.0548194148360985	0.165843606142058	0.24337689622146	0.232622733030556	0.161596687984676	0.0861791330676306	0.0371643958352643	0.0129409583835388	0.0040498038125251	0.0010739333271542	0.000249636975932277	6.98242036642259e-05	1.29761794420243e-05	
0.0508673774239903	0.157559985580745	0.237189948989418	0.232939478635306	0.167351005150439	0.091427086471085	0.0411547502061657	0.0150581214476537	0.00469736848602764	0.00131538662861037	0.000348753376426494	8.02441397087508e-05	9.87620181030779e-06	6.17262613144237e-07	
0.0465616081124674	0.148672957539074	0.230709988647865	0.233677919481102	0.172037178858926	0.0984908554979056	0.0451247380513235	0.0171063874845786	0.00546613936285217	0.0016529546333211	0.000380456597166645	9.72688387578154e-05	1.60062646057165e-05	5.54063005582493e-06	
0.0429952803748104	0.139846769255787	0.224251802044309	0.233691052423443	0.177376474805874	0.104084921222544	0.0497544094801513	0.0189832170571763	0.00643450857872879	0.00193170772572214	0.000518653668704733	0.000105948255364862	2.46391291546192e-05	6.15978228865479e-07	
0.0396575005948316	0.132472861773494	0.218304745365721	0.232434854351232	0.181094551960472	0.11024933487011	0.0541132991987541	0.0215672036116321	0.00720905009254653	0.00218280025091079	0.000544464048995584	0.000138433537996607	2.47202746422513e-05	6.18006866056282e-06	
0.0365358475483867	0.124910366435006	0.211629255158222	0.231212835712116	0.184685668466865	0.115688085711652	0.0589165521563717	0.0245950171471562	0.00839632172927972	0.00251438003889122	0.00067809067977972	0.000183752675086293	3.95965360455311e-05	1.11365257628056e-05	3.09347937855711e-06	
0.033278395517472	0.11841274457893	0.204410934862643	0.229891143576626	0.188579024692187	0.121241669214688	0.0627496749719718	0.0273862526194898	0.00986891986287919	0.00304706008108921	0.000840846887561432	0.000216892508321463	6.77400670688811e-05	6.21468505219093e-06	2.48587402087637e-06	
0.030173312220207	0.111619789511671	0.197690414785825	0.227723733290195	0.19235758750385	0.12649458846514	0.067949216501837	0.0300078085383723	0.0112337179531052	0.00336233795727392	0.00101666547412761	0.000289942540357077	5.84862635055049e-05	2.05324116561879e-05	1.86658287783526e-06	
0.0281438258299985	0.105279518807806	0.19040075005259	0.225157472966959	0.194651630659024	0.132086283513137	0.0724291379451331	0.0333303995390822	0.012828795627523	0.00407360452828022	0.00117601454662579	0.000332704752309739	8.36443467345309e-05	2.55926732545953e-05	6.24211542795007e-07	
0.0262547397524659	0.0992445809273425	0.184283828800047	0.221924613294399	0.197148044239984	0.136735796075025	0.0766176800980774	0.0363653772620799	0.0145839500200573	0.0048913557053196	0.00140307311813287	0.000415539942212412	9.44977880633648e-05	3.37939109630576e-05	1.2516263319651e-06	1.87743949794765e-06	
0.0238037498723244	0.0934190812242573	0.17707591169797	0.219922285490848	0.198969696855764	0.141641303864232	0.0814009666376538	0.0393278528374694	0.0163004961020553	0.00588091169483677	0.00166808598099685	0.000431747273067931	0.000112793191802943	3.947761713103e-05	2.50651537339873e-06	6.26628843349682e-07	2.50651537339873e-06	
0.0218746651309428	0.0875356332009628	0.171378385271589	0.216073338751815	0.200581787008553	0.146317803346717	0.0855930010095421	0.0429998502293246	0.0181567177787818	0.00669581450494525	0.00204603035644794	0.000577149757515637	0.000119064553667721	4.57458548302296e-05	3.7599332737175e-06	0	1.25331109123917e-06	
0.0200168651508929	0.0820868900097492	0.164716098068658	0.212965476597252	0.201707204679609	0.149365675969668	0.0910379591286548	0.0464801050780405	0.0203654533998326	0.00772474067479412	0.00255171613882088	0.000720373917323143	0.000215673305099357	4.01252660649967e-05	3.76174369359344e-06	6.26957282265573e-07	1.25391456453115e-06	
0.0188650434929047	0.077146101347925	0.157736320455647	0.209468464737852	0.203344331972485	0.153833489693724	0.0952797175333305	0.0494963896773237	0.0221753175959166	0.00867281761005499	0.00272588630578311	0.000934392101590477	0.000251977964181427	6.15806496004484e-05	5.65536577963302e-06	1.88512192654434e-06	6.2837397551478e-07	
0.0175514519906176	0.0726967139540428	0.150144390775345	0.205434326571614	0.204188244559163	0.158054904348581	0.100056422794809	0.0532607280364679	0.0243077199844255	0.00970887221715165	0.00320735597248178	0.00100202354660982	0.0003006699656494	7.67400330736962e-05	8.80623330353891e-06	0	6.29016664538494e-07	
0.0162614320486458	0.068627549741925	0.144345078820221	0.20015639382534	0.204754397474529	0.161904126303754	0.105000447019388	0.0566625406567281	0.0263162202558966	0.0105546943961398	0.00382988582747066	0.00110684518900106	0.00036202274384278	9.19222966974711e-05	2.64434004198205e-05	
0.0149003320900663	0.0647176165004539	0.139090316042297	0.195244299141498	0.203845677198894	0.165385759821946	0.109709246622954	0.0605487192294554	0.0287092145399964	0.0116895200074986	0.00432553759399206	0.00127451122242989	0.000403867820730497	0.000123928287669639	2.76794145048939e-05	3.77446561430371e-06	
0.0135540175527269	0.0605743016280955	0.134252017630873	0.191283885043882	0.201955302685595	0.167992427345752	0.114068776539897	0.0648162736440626	0.0310430927889627	0.013255296005324	0.0049919269556493	0.00161586929860937	0.000429175894053425	0.000136756489000871	2.45783551660551e-05	6.30214235027055e-06	
0.012323812717378	0.0566541151020912	0.127768162055112	0.18771753559043	0.201298185590871	0.16997810304553	0.117978824119678	0.0691708025479634	0.0341659302549854	0.014688103915357	0.00564946467808199	0.00184554642166954	0.000585557590755123	0.000134886248031858	3.46670263633281e-05	6.30309570242329e-06	
0.0113434869557771	0.0533795594331972	0.121961847096218	0.183313645682738	0.200922968813754	0.172754096626485	0.121079051164384	0.0725378682933955	0.0372663298357319	0.0164337311162268	0.00601522791498965	0.00212450319116247	0.000659893107391307	0.000168751290821441	2.77054358065052e-05	1.13340419208431e-05	
0.0105359781461086	0.0501049190772661	0.116567518715763	0.178152782071146	0.19897857359162	0.175405306204423	0.125361456137026	0.0764691031732591	0.0400064972389882	0.0178560748240174	0.00703363895119957	0.00247612799812638	0.000802711212207254	0.000197057732879114	4.09225323870365e-05	1.13323935841024e-05	
0.00940838882128722	0.0468586638047227	0.111382777446068	0.172922760264327	0.197951543459476	0.177219455172535	0.129615703405864	0.0799297362527177	0.0425890515527809	0.0197684495872099	0.00815439885320696	0.00289910387899217	0.000959229895221612	0.000270826562669267	5.35354833183434e-05	1.51159011722381e-05	1.25965843101984e-06	
0.00892145939623707	0.0439556907781968	0.106524380406945	0.167639244590534	0.196105739176027	0.178971142793765	0.133404711730424	0.0835688106233237	0.045426531085523	0.0216851267418177	0.00898951884490512	0.00336894270906854	0.00102026154994051	0.000306897699086491	8.50743108350642e-05	2.20563028090907e-05	4.41126056181814e-06	
0.00801624276001007	0.0410054142533367	0.101514731805591	0.1631314530345	0.193439309997482	0.180503651473181	0.137040418030723	0.0884160161168471	0.0484720473432385	0.0231774112314279	0.00985016368672878	0.00370813397129187	0.00118861747670612	0.000375849911860992	0.000117728531855956	2.26643162931252e-05	1.57391085368925e-05	4.40695039032989e-06	
0.00767238965394647	0.0388898851941694	0.0962978344518171	0.157797137562492	0.190157342822355	0.181308893440431	0.141408440069091	0.0921064305737775	0.0520096526250547	0.0253126563281641	0.0107600970296469	0.0042216076591755	0.00145670319436448	0.000432291617506867	0.000135287769670999	1.82481177695766e-05	1.32141542469348e-05	1.88773632099068e-06	
0.00690701939650169	0.0368158941760299	0.092085853347564	0.153229414315124	0.187916355292359	0.181385808610056	0.143746694098978	0.0964184268334692	0.0549430553647048	0.0276010970414892	0.0118024195901342	0.00469586965510707	0.00172549994007809	0.000538355981304365	0.00014494199496656	3.38825442778971e-05	5.64709071298285e-06	1.25490904732952e-06	2.50981809465904e-06	
0.00635903482355415	0.0343779648585254	0.088346212866516	0.148267333548618	0.184905162076847	0.180773447884828	0.146581353840454	0.10013618009818	0.0588953891521537	0.0299439759081385	0.0133332582340145	0.00528448873635383	0.00193067832208095	0.000638344210218013	0.000186496641808792	2.44072786259829e-05	1.12648978273767e-05	1.25165531415297e-06	3.7549659424589e-06	
0.00597769901741338	0.0319692446822682	0.083707174051858	0.144568630651624	0.182190359506249	0.181258493892528	0.148281708603746	0.103714766567664	0.0623599465396828	0.032287579982526	0.01458463497448	0.00581696783437558	0.00227525308907197	0.000716723485452577	0.000228275804703482	4.37789214499829e-05	1.00066106171389e-05	3.12706581785592e-06	3.12706581785592e-06	2.50165265428474e-06	
0.00544617592589691	0.0301325821078393	0.0794176540080157	0.139565622032884	0.179833481134234	0.18233157747953	0.150934279259094	0.106363377130448	0.0651748698777587	0.0343892480328901	0.0162514140315803	0.00649968820799504	0.00244921237265882	0.000871137461104339	0.0002500603215688	6.76855005750134e-05	1.69213751437533e-05	1.88015279375037e-06	1.25343519583358e-06	1.88015279375037e-06	
0.00517328430079653	0.0280681130260259	0.0760180154382157	0.134335837710341	0.176061848315637	0.182367377286783	0.154274773111481	0.110300600598338	0.0675020032504151	0.0368271527720213	0.0175193354483639	0.0074038628194211	0.00273672893698365	0.000994717447494744	0.000290753900372517	0.000110524160832749	1.3187541917544e-05	1.88393455964914e-06	
0.00469716491198947	0.0261620138324275	0.0727978816855214	0.130198871800096	0.172729279183259	0.181874602674554	0.156194252606864	0.114131046499417	0.0708272103556452	0.0384727360073847	0.0187125743796378	0.00855739187245845	0.00309434384630524	0.0010601633255173	0.000340182893893748	0.000118843931508167	2.70385664277841e-05	4.40162709289508e-06	
0.00424577879605895	0.0243517909398181	0.0684705870491774	0.126271906277804	0.170578479484407	0.181053038838353	0.157590353550247	0.116522620208848	0.0746502178970477	0.0411546905206593	0.0203423088265318	0.00927354208097352	0.00365535215137102	0.00124701636055219	0.000426594277965555	0.000128545395428321	2.77254774453241e-05	9.45186731090594e-06	
0.00381953531194133	0.0226258753495881	0.064522841855347	0.121204190957848	0.166870875491473	0.180410456584868	0.160297516387679	0.119679403706028	0.0783115093691177	0.0440233447576767	0.0220570754731854	0.010012012902046	0.00407997250590398	0.00137911899079011	0.000495650446621411	0.000146929458095151	4.66642914121939e-05	1.70261603801248e-05	
0.00368902450561774	0.0212435840995412	0.0610426650285018	0.116372986930421	0.163374148698782	0.179240927547786	0.162269144264888	0.123496228983156	0.0812178258911621	0.0463975720176548	0.023963206884329	0.0106981079952621	0.00456823465450321	0.00170165637137231	0.000485646925854959	0.000157677573329532	6.18096087451766e-05	1.51370470396351e-05	4.4149720532269e-06	
0.00330451518086692	0.0197866534233324	0.0578454434653054	0.111872055237846	0.159324387764322	0.179162220103457	0.163414278159303	0.126268494701719	0.0844066689286484	0.0490420381087053	0.025813760557231	0.0118798268509866	0.00507239921070739	0.00193089835425035	0.000634997659038481	0.000171860062943748	4.99152388696915e-05	1.20049308673942e-05	7.58206160045947e-06	
0.00313359064957803	0.018489070384975	0.0546594607997551	0.107841946596126	0.155002675633518	0.177498870920608	0.16499487012108	0.129899160875786	0.0877607793873748	0.051813042163683	0.0272952571075073	0.0129746086806913	0.0055682273896317	0.00209180142877565	0.000713502271442072	0.000204942141797191	3.85847859556439e-05	1.13856745442884e-05	8.22298717087494e-06	
0.00292839551724879	0.0170150204261116	0.0521633482396141	0.103026450961537	0.151464703199059	0.175073194092918	0.166046027933166	0.132436766242644	0.0915080952603587	0.0552648571056712	0.0291575950638687	0.0141479095615431	0.00617837751093331	0.00240400106647932	0.000875675552730705	0.000239452405833288	5.7493849421713e-05	3.79080325857448e-06	6.31800543095747e-06	2.52720217238299e-06	
0.00265407485046377	0.0161276379049341	0.049359734415829	0.0990362414362546	0.147511284235262	0.172278863379509	0.166997847586944	0.135327528359667	0.0946954471194832	0.058125248858956	0.0315781901430714	0.0153054173794576	0.00676012930884887	0.00282760565975467	0.00102730239100214	0.000280804400488915	8.83429574571868e-05	1.00963379951071e-05	3.15510562347096e-06	4.41714787285934e-06	6.31021124694191e-07	
0.00244787122514405	0.0152300739549412	0.0472074085275001	0.0950152382989035	0.14357027301135	0.170958086294895	0.166730462741932	0.137736253738397	0.0973897176754777	0.0610133010071766	0.0338772976868281	0.0166504593001075	0.00740814788710562	0.0030261483768064	0.00120210786450599	0.000391001400139318	0.000117047344701899	1.70825854429799e-05	6.32688349739997e-06	2.53075339895999e-06	1.26537669947999e-06	6.32688349739997e-07	1.26537669947999e-06	
0.00213360413855891	0.0138582970293519	0.0444663362218239	0.0909219259164526	0.139880860051396	0.16872060358838	0.168352129520534	0.14022400944104	0.100750433526835	0.063361078628694	0.0361269196897474	0.0178754241092203	0.00805704637011891	0.00327701335940087	0.00133524365822574	0.000468506546745874	0.000147516250529444	2.97564968879136e-05	3.79870173037195e-06	5.06493564049593e-06	1.89935086518597e-06	1.26623391012398e-06	1.26623391012398e-06	
0.00198986505534688	0.0128102710232949	0.041751689421406	0.0870820950789326	0.135950672125861	0.166747017261335	0.167553479603091	0.143180325106319	0.10415210906057	0.0665562664277899	0.0380589408038903	0.0195818939384821	0.00881343605539186	0.00363509891358816	0.00142033666160067	0.000477668975400048	0.000173582625012749	3.67437673384652e-05	1.58378307493385e-05	5.70161906976184e-06	3.16756614986769e-06	1.90053968992061e-06	1.26702645994708e-06	6.33513229973538e-07	
0.0019337483745556	0.0118526804235371	0.0394363056981921	0.0834666097457624	0.131763448038667	0.164188094874648	0.167500739486154	0.144734066844481	0.107244177377868	0.0698892005885486	0.0405447431877015	0.0209304667661938	0.00983532419262997	0.00424119853128866	0.00156258016378272	0.000590955530121314	0.000183050533981843	6.96732136263071e-05	1.52014284275579e-05	1.01342856183719e-05	1.90017855344474e-06	3.16696425574123e-06	1.26678570229649e-06	1.26678570229649e-06	
0.0017766144430535	0.011205948181025	0.0369365097429283	0.0807050820024531	0.128174828977151	0.161327339630515	0.167418408507517	0.145535702995587	0.110371381965783	0.0727356068940227	0.0428720458252722	0.0228146377856176	0.0106362935144089	0.00466029361556845	0.00181771050668285	0.000649317805343753	0.000233299191988164	8.15598801259436e-05	2.40253910448516e-05	6.95471846035178e-06	6.32247132759253e-06	8.21921272587029e-06	1.26449426551851e-06	6.32247132759253e-07	
0.00167992177231747	0.0103603609301808	0.0348716592896006	0.076654020869992	0.124734191594572	0.159393963160631	0.166143377781264	0.147203777799986	0.113056964275097	0.0761018477874494	0.0454141804119603	0.0241729105024206	0.011861917514323	0.00509985288034479	0.00210369721940057	0.00073243577271974	0.000280830296275963	8.53875900839075e-05	3.03600320298338e-05	8.22250867474665e-06	3.79500400372922e-06	6.32500667288204e-06	
0.00153198154019266	0.00980075369943764	0.0329306338019245	0.0730776736182388	0.120861178903512	0.15648006649991	0.166436679363486	0.148600308677174	0.115473900559319	0.0788571341681302	0.0478107489603053	0.0260120074913771	0.0127506734889898	0.00576678907313216	0.00230810949169638	0.000864194714980473	0.000290810391624661	0.000110241847805427	2.59765273564512e-05	3.80144302777334e-06	5.06859070369779e-06	1.26714767592445e-06	
0.00133766360679289	0.00912822152927694	0.031252339959464	0.0702260702260702	0.116421153360467	0.152483498129936	0.16568372505048	0.150914852761818	0.1184029007248	0.0820607126675728	0.0500621239407519	0.0277945937576544	0.0138709624197751	0.00628917647387304	0.00258394981350126	0.000991825530084105	0.000322993726687658	0.000133893273734962	3.5535655588426e-05	3.17282639182375e-06	6.34565278364751e-07	
0.00119901184666866	0.00851114338379043	0.0295525635622267	0.0669929620733955	0.112812479371157	0.150080230332143	0.163486439550507	0.152115186383186	0.121444856880259	0.0852942371263323	0.0527552517861405	0.0296776060893807	0.0147594613396434	0.00677133847552213	0.00290834954019895	0.00109681973056826	0.000364337109575338	0.000123773059873155	4.88744903088868e-05	4.44313548262607e-06	6.34733640375153e-07	
0.00114844709153079	0.00808669095041448	0.0278468297533407	0.0642122071491624	0.109940821047719	0.146683518167152	0.162273481335674	0.152083946345769	0.123935894964335	0.0882186196820114	0.0558750266343334	0.0315027090922005	0.0158455259393042	0.00735044187627464	0.00314285134490701	0.00121756952829327	0.000424881033310673	0.000156635246608562	4.37564049230395e-05	8.87811114380511e-06	1.26830159197216e-06	
0.00108808135832097	0.00764065051675943	0.0263040658248031	0.0616461143708488	0.106590148205933	0.143998727508813	0.162065821000794	0.153486644862792	0.125394247300551	0.0903120201621412	0.0579344705061511	0.032737497362179	0.0171887703920198	0.00807600980223789	0.00349998447408662	0.00129150250917772	0.000499997782012374	0.000173003034840783	5.44991245285984e-05	1.45753472576484e-05	3.1685537516627e-06	
0.000954137938909796	0.00713192733326059	0.0250112288839885	0.0588774161132582	0.102440410786834	0.141452218243828	0.160622524253121	0.154345134023392	0.128221167144159	0.0932460483209964	0.0601011741479371	0.0345906722866068	0.0181850824593413	0.00854790863621715	0.00390790538808799	0.00154983975050308	0.000513229782299219	0.000193492068728383	7.54936268153362e-05	2.28384081122026e-05	1.01504036054234e-05	
0.000853100317736991	0.00644240016566535	0.0236937020488382	0.056237922881764	0.0988008318839733	0.138569408572165	0.159486564464021	0.154577585122642	0.129714443248819	0.096122109590677	0.0630982977377279	0.0366248734324361	0.0194135904025897	0.00928373875184373	0.00424835065154505	0.0018294332949237	0.000651100391422499	0.000242018779640948	7.81320469706998e-05	2.3503136080617e-05	8.89307851699023e-06	
0.000817434195912575	0.00590608899624412	0.0221297461003692	0.0533883535936007	0.0955458721477068	0.135393885236808	0.157734336424944	0.155492738924972	0.131880441363693	0.098812435661963	0.0653687148639746	0.0388776273083948	0.0209143839224402	0.0100598986330825	0.00454602573394548	0.00198646664068817	0.000775547039910844	0.000270997206253625	7.23505421848087e-05	1.77703086067951e-05	8.88515430339756e-06	
0.00078383208066414	0.00553577433773182	0.0207737751272853	0.0512326125002463	0.0916193538502811	0.131586525716749	0.15619109737127	0.155528686156305	0.133801344020912	0.101575864837598	0.0682200908940072	0.04118010910078	0.0224094604018586	0.0111224055825627	0.0049172272051396	0.00214870432493495	0.000895081564943317	0.000317855669369076	0.000115699463650344	3.55998349693365e-05	8.26424740359596e-06	6.35711338738151e-07	
0.000773579823608482	0.0051897504502975	0.0193018378265215	0.048731061017066	0.0890759295404093	0.12830319222948	0.153930896088826	0.155665706287315	0.135864743525099	0.104207329605002	0.07095552426628	0.0429138939276537	0.0237907709118668	0.0119917638002939	0.00541569703244057	0.00237116257813986	0.000975272252866139	0.000340834674758192	0.000141695314225316	5.04231073144142e-05	7.6592061743414e-06	1.27653436239023e-06	
0.000633185164171304	0.00487252276687221	0.0183361734020061	0.046029558438007	0.0853592383376685	0.125309963625397	0.151541464044219	0.155961620417314	0.137754512003363	0.106537397219225	0.073437339267767	0.0454826295777339	0.0255395331808833	0.0129953108517459	0.00582070317416809	0.00266883393616906	0.00107852326651984	0.000416586001049132	0.000152066669094622	5.8782073767669e-05	9.58403376646777e-06	1.91680675329355e-06	2.55574233772474e-06	
0.000581448901579699	0.00458250817482614	0.0172394162227442	0.0436054693296898	0.0825798164949825	0.122826442939969	0.149018509136871	0.155381824508615	0.138899763070767	0.108614526883536	0.0762740703214152	0.0474901108910688	0.0271310837849317	0.0143379286346633	0.00666267520225978	0.00286438743814509	0.00122046700133561	0.000424093093231397	0.000168869647983543	7.86779041741507e-05	9.5948663627013e-06	3.1982887875671e-06	4.47760430259394e-06	6.3965775751342e-07	
0.000486789914377359	0.00421692942887788	0.0162403847812352	0.0421143547446365	0.0792579584082098	0.120185363466609	0.147473068443812	0.15413161342748	0.139966793517389	0.111322209566252	0.0787871392915482	0.0495771891012721	0.0285270388799488	0.01521569839979	0.00728779441367049	0.00315774612436652	0.00128916279161878	0.00050212188018452	0.000166735128152875	7.1549173766751e-05	1.40543019898975e-05	7.02715099494876e-06	1.27766381726341e-06	
0.000470544369397122	0.00392141589801509	0.0156084100388758	0.0398123951729937	0.0767153321487788	0.116599873202019	0.145946008066292	0.153786924484971	0.14046930575871	0.113286908842723	0.0812720148684359	0.0517554114198628	0.0304238538541542	0.0162130308228908	0.00798010050623423	0.00348598678006552	0.00142057153583256	0.000528005689947653	0.000188345439582295	6.63997481917242e-05	3.44767923303183e-05	7.02305028950929e-06	5.10767293782494e-06	2.55383646891247e-06	
0.000425660907161888	0.00361843679701335	0.0146626461813367	0.0379763557172259	0.0731964453804304	0.113468944941687	0.143907847923547	0.153057961996841	0.142140748895164	0.115356020357696	0.0834008200513729	0.0543990810319246	0.0318288421959508	0.0173825364157054	0.00871934778793535	0.00397326058169403	0.00154246238772157	0.000603072799502226	0.00019272802693087	8.74296016209576e-05	3.82903364763318e-05	1.59543068651382e-05	3.82903364763318e-06	1.27634454921106e-06	
0.000415516349166291	0.00326295047198069	0.0136393878908849	0.03622257400907	0.0704306584787003	0.109876670668879	0.140781655080643	0.152686963238274	0.142733689708705	0.117907862436047	0.0863515625199155	0.0567492091168876	0.0341010189072685	0.0184726332775063	0.00912160353622257	0.00432404667038847	0.00178888710446285	0.000724604430984774	0.000237711040243906	9.30450720525743e-05	4.14241759138173e-05	2.86782756326428e-05	4.4610650984111e-06	3.18647507029364e-06	
0.000388434443899831	0.0029453629764123	0.0126307946504122	0.0340728845421528	0.0676816821055054	0.106518133404027	0.138152971968511	0.151798400616409	0.143707393795602	0.120675329199781	0.088863120406413	0.0591907976002253	0.0361212246047473	0.0196715662808387	0.00978142774769689	0.00458365358513548	0.00198730944620437	0.000786404921610623	0.000261287326420345	0.000104260636333179	3.87798708312434e-05	2.54294234958973e-05	7.62882704876918e-06	2.54294234958973e-06	3.17867793698716e-06	
0.000355222210522443	0.00283924038267581	0.01220124860607	0.0324102207579173	0.0651984994398907	0.103051866248689	0.134967947538754	0.150556493652306	0.14508607161026	0.121665510080065	0.091754531303323	0.0613310176228276	0.0381965368371776	0.021063408433229	0.0106725244500716	0.00509363276874146	0.00223853425166732	0.000876637669539315	0.000270856935523363	0.000102126385525202	4.94773793227689e-05	1.01492060149269e-05	6.34325375932934e-07	6.34325375932934e-06	6.34325375932934e-07	6.34325375932934e-07	
0.000320347972456393	0.00267335753740236	0.0113739326473127	0.0311116643309277	0.0623989829741687	0.100290398280357	0.132480630636892	0.148422839104441	0.145507483000075	0.123951286888985	0.0935175976555836	0.0641845911993398	0.0402507433715771	0.0226006442343052	0.0114434361521849	0.00548193098428336	0.00248506622420314	0.000961675767413471	0.000380373726664198	0.000100464157042537	4.73887533219516e-05	1.07414507529757e-05	1.89555013287806e-06	1.26370008858538e-06	1.26370008858538e-06	
0.000254231086595019	0.00251896955030747	0.0104550168688319	0.0294971145087095	0.0598868766291607	0.0969080957776191	0.12985026230592	0.147320921641311	0.145328077962518	0.126516870093592	0.0963037449563833	0.066508870961637	0.0419165869697421	0.0238075111092046	0.0125733989750008	0.00588895085202111	0.00267478860338184	0.001194192175991	0.000401218290507276	0.000138155354750147	4.35283994418271e-05	9.46269553083199e-06	1.8925391061664e-06	0	1.26169273744426e-06	
0.000268567662304917	0.00238108929779983	0.0101404830047224	0.0276751076956326	0.0579000283733836	0.0945124359466125	0.127162048672044	0.145363985013293	0.14547393977386	0.127625248899031	0.0988885090324044	0.0692613883747486	0.0436084371952942	0.0251910148002899	0.0132388059418542	0.00643424926491451	0.00290116267680441	0.00124994549656265	0.000492268726907131	0.000164300216939479	5.49773802835948e-05	8.21501084697394e-06	3.15961955652844e-06	0	0	6.31923911305687e-07	
0.000199924585409554	0.00209667745584577	0.00944960002429463	0.0265874391685162	0.0554790724511513	0.0913414939680981	0.125517209963836	0.144163340916971	0.144892179911881	0.129080422827845	0.101697714026861	0.0712225008794151	0.0453695947604574	0.0266310935874822	0.0137872043203956	0.00698533970730028	0.00316905774783689	0.00145577997160565	0.000575732192160426	0.000221435458523241	5.25118373069399e-05	2.02455276364106e-05	4.42870917046481e-06	
