# <P(N_1)> as a function of N_tot.
# number_of_species: 2
# species_total_upper_bound: 100
# species_total_lower_bound: 0
# volume: 512
# Bin widths for each species index 
1	1	1	1	1	1	1	1	1	1	1	1	1	1	1	1	1	1	1	1	1	1	1	1	1	1	1	1	1	1	1	1	1	1	1	1	1	1	1	1	1	1	1	1	1	1	1	1	1	1	1	1	1	1	1	1	1	1	1	1	1	1	1	1	1	1	1	1	1	1	1	1	1	1	1	1	1	1	1	1	1	1	1	1	1	1	1	1	1	1	1	1	1	1	1	1	1	1	1	1	1	
# Bin lower bound for each species index 
0	0	0	0	0	0	0	0	2	3	4	5	6	6	7	8	9	9	10	11	12	12	13	13	14	14	15	16	16	17	18	20	22	22	23	23	25	25	26	27	28	29	29	30	31	32	33	34	35	35	36	36	37	39	39	40	40	41	42	43	44	45	45	47	48	49	49	50	50	51	52	53	53	51	52	52	53	54	57	58	61	61	62	63	64	65	66	68	69	69	70	70	70	71	72	72	73	73	74	74	78	
# Bin upper bound for each species index 
0	1	2	3	4	5	6	7	8	9	10	11	12	13	14	15	16	17	18	19	20	21	22	23	24	25	26	27	28	29	30	31	32	33	34	35	36	37	38	39	40	41	42	43	44	45	46	47	48	49	50	51	52	53	54	55	56	57	58	59	60	61	62	63	64	65	66	67	68	69	70	71	72	73	74	75	76	77	78	79	80	81	82	83	84	85	86	87	88	89	90	91	92	93	94	95	96	97	98	99	100	
# Normalized histogram for each species index 
1	
0.0797237378345906	0.920276262165409	
0.00620464031888091	0.147348120611761	0.846447239069358	
0.000594186693459085	0.0175933278236022	0.20217472329806	0.779637762184878	
3.48359228035951e-05	0.00200172571802196	0.0323920488346044	0.246413239794414	0.719158149730156	
8.02585395086037e-06	0.000163192363667494	0.00426707901720743	0.0497067888023286	0.284738571183974	0.661116342778872	
1.33771390045268e-05	1.33771390045268e-05	0.000428068448144858	0.00767580236079749	0.0677873141915392	0.313589567971919	0.610492492749591	
1.87430884861207e-05	5.35516813889164e-06	4.55189291805789e-05	0.000977318185347724	0.0127854639316038	0.0861566226025582	0.33821099897984	0.561799979114844	
2.13156555496641e-05	9.05915360860726e-05	0.00202232282027439	0.0182062342963569	0.106343805537274	0.35512947928518	0.518186250869279	
1.33018345890265e-05	0.000247414123355893	0.00311528966075001	0.0253054101221641	0.126375409696505	0.370006491295279	0.474936683267356	
2.92557859965851e-05	0.000507986829577068	0.00486443932615946	0.0337558578062416	0.147975765570727	0.376862396740374	0.436004297940925	
9.37412954511367e-05	0.000905273081785263	0.00742431059973003	0.0431049259711598	0.165381071757623	0.381315484990679	0.401775192303572	
0.000116355528375866	0.00131238212237896	0.0104665856687872	0.0515996179209161	0.182261464401973	0.383318405550429	0.370925188807139	
5.43413287541707e-06	0.000182043451326472	0.00208670702416015	0.0136016345871689	0.0619925878427579	0.196604210366152	0.383538381280499	0.34198900131506	
1.63478384070666e-05	0.000305159650265244	0.00291808915566139	0.016797403963261	0.072638895322066	0.211971522065495	0.378335299615008	0.317017282389836	
5.97183465618519e-05	0.000456031010108687	0.00407170544739899	0.0213601667770551	0.0848136244693211	0.227125158796512	0.37341882105126	0.288694774101782	
0.000105771316988501	0.000767520069429377	0.0053807767411586	0.0268604903449772	0.0973475808201345	0.239420156216099	0.365369385983944	0.264748318507268	
1.35330816180152e-05	0.000108264652944122	0.00105828698252879	0.00738906256343632	0.0324793958832366	0.107168473333063	0.247974774335864	0.359357449284777	0.244450759882533	
5.43493029701894e-06	0.000171200304356097	0.00142666920296747	0.0093834071578032	0.038297236337944	0.118484197940161	0.258333106877904	0.35026495285198	0.223633794396587	
3.27207285815564e-05	0.000256312373888859	0.00203959208158368	0.0116594862845613	0.0462698369417026	0.130113977204559	0.263628183454218	0.34022468233626	0.205775208594645	
5.48459104146899e-05	0.000482644011649271	0.00316735132644834	0.0147727459701967	0.0526575585891438	0.139804967942565	0.269137109291446	0.328680571933154	0.191242205024982	
5.49897719024261e-06	0.00012647647537558	0.000772606295229087	0.00418747113036975	0.0170715746871082	0.0588830477531179	0.150375030244375	0.275144073202384	0.318605239425467	0.174828981809383	
1.93297545673449e-05	0.000151876643029138	0.00106037510769435	0.0052300793072216	0.0205143923829721	0.0657487794640687	0.161906024256081	0.279836856871452	0.303687012614046	0.161845273598869	
8.30245282131184e-06	4.98147169278711e-05	0.000235236163270502	0.00141418446389678	0.006611519930038	0.0241379978358273	0.0732636111795295	0.17060156805659	0.280207782719275	0.294122693647793	0.149347288834031	
5.53397306061914e-06	5.25727440758818e-05	0.000304368518334053	0.00164082301247358	0.00801872696483714	0.0278358844949143	0.0805801817356753	0.17751325386548	0.280602871025224	0.284700778076612	0.138745005589313	
5.52437353604101e-06	1.1048747072082e-05	4.97193618243691e-05	0.000359084279842666	0.00211307287753569	0.00918979537720423	0.0325578954346577	0.0878430635965882	0.187679542139921	0.283118619348566	0.271484288681664	0.125588345781588	
1.65719762357861e-05	5.52399207859536e-06	6.62879049431443e-05	0.000491635294994987	0.00279237799572995	0.0110479841571907	0.0370549388632177	0.0970537788248812	0.196590592089091	0.281209864745054	0.259152564375223	0.11451787978136	
5.50595606797653e-06	1.10119121359531e-05	0.000148660813835366	0.000660714728157184	0.00355409464187885	0.0137703961260093	0.0416800874345824	0.105395011053207	0.202354897410274	0.280024666683185	0.247093543440617	0.105301409800051	
2.75422911881194e-06	8.26268735643581e-06	2.20338329504955e-05	0.000212075642148519	0.000999785170128733	0.00469320641845554	0.0160020711802973	0.0461498631148128	0.113063859556349	0.206344091352271	0.278733495282006	0.236285316102876	0.0974831854312296	
1.37044873973534e-05	8.22269243841203e-06	3.56316672331188e-05	0.000276830645426538	0.00136770784225587	0.00545438598414665	0.0181091096468628	0.0518769665939415	0.119845742289855	0.211641139774808	0.274640668340441	0.227719244389383	0.0890106456458103	
1.35871780518161e-05	0	5.70661478176275e-05	0.000388593292281939	0.00154078599107594	0.00598379321401979	0.021128061870574	0.0566232058131383	0.127526535758735	0.216764403767453	0.271221813399131	0.21547090441692	0.0832812491508014	
5.41857106862349e-06	7.31507094264172e-05	0.00040368354461245	0.00167433846020466	0.00723650166214668	0.023595167718321	0.0628581336815668	0.134643363198691	0.220972037464	0.265488308078277	0.206878334114511	0.0761715627971748	
8.12657960391051e-05	0.000425290999271317	0.00239463212328563	0.0092263767103064	0.0264899406488803	0.0696312429061732	0.14005889061353	0.22536088785591	0.263203660211454	0.193902898209173	0.0692249139259777	
1.35431253741288e-05	0.000105636377918205	0.000598606141536495	0.00321242933874336	0.0101654699058211	0.0293289923102134	0.0739237955421449	0.146471609546278	0.229807877223443	0.258085923004624	0.184549460848179	0.0637366566357251	
3.26400940034707e-05	0.000250240720693276	0.000829602389254881	0.00353601018370933	0.0114104328620466	0.0338722575521017	0.0792719083030959	0.154591645223938	0.231684827252302	0.250306000881283	0.175508505464496	0.0587059290730757	
1.89740976461277e-05	4.06587806702736e-05	0.000222268000997495	0.00108423415120729	0.00410924743307565	0.0131517602541445	0.0371458620203619	0.0847952423805445	0.161285251162841	0.233863885244657	0.244299638950028	0.166435363381076	0.0535476141427503	
5.67558363918423e-05	0.000364858948233272	0.00137835602665903	0.00477289557466636	0.0149700275130674	0.0403452916979725	0.0893958476349032	0.167443230650314	0.233755668826992	0.238598833532429	0.158324459603358	0.0505937741550137	
2.70142500168839e-06	9.45498750590937e-05	0.00033497670020936	0.00159113932599446	0.00558924832849328	0.0165300195853313	0.0450732761531708	0.0973458499358412	0.172205038157628	0.233033024920646	0.231776862294861	0.149113257243196	0.0473100560545688	
2.70226449764903e-06	8.6472463924769e-05	0.000516132519050965	0.0019456304383073	0.00605307247473383	0.0184375506674593	0.050199967572826	0.103904772199103	0.17579311463006	0.233410798248933	0.225136464357131	0.140225909312003	0.04428741285197	
2.71463978087428e-06	0.000160163747071582	0.000570074353983598	0.00221514606119341	0.00675673841459608	0.0209488751890068	0.053396964489797	0.111134637989212	0.181427520475171	0.231803090888855	0.217236333824683	0.13323723508509	0.04111050484156	
3.81292691163814e-05	0.000177028749468914	0.000716285555543451	0.00249474360790038	0.00831762770581635	0.0236156351791531	0.0584167638055189	0.116087283344046	0.184453062869718	0.23068480167333	0.212252023574782	0.125216519778197	0.0375300948874097	
9.01036191620363e-05	0.000286693333697388	0.000881923302707204	0.00297614984504908	0.00967931302816421	0.0270010512088902	0.0617564744911193	0.121415992027195	0.187745907793963	0.22981883711723	0.205280618165436	0.118950429357397	0.0341165067099892	
3.27595855912423e-05	7.6439033046232e-05	0.000352165545105854	0.000952757947611963	0.00344794638347825	0.0113211667872401	0.0299722908505207	0.0675721052128691	0.125157996751341	0.192953959132417	0.227498942138382	0.198364750685904	0.112316239199574	0.0299804807469186	
5.73894365177183e-05	0.000112046042725069	0.000347069449416677	0.00113959023942326	0.0039571382894122	0.0129754783136251	0.0333295984652425	0.072250567745497	0.131104801309572	0.195804558907524	0.223684893733893	0.190445478668893	0.106635038710541	0.0281563506877167	
4.38110102545146e-05	9.30983967908435e-05	0.000399775468572446	0.0015306471707671	0.00505469530811462	0.0148710997932668	0.0360920578852973	0.076242110595419	0.136526060705631	0.196341780643748	0.221897290562835	0.184534713380156	0.100324475294697	0.0260483837844498	
4.37672675547775e-05	0.000109418168886944	0.000429466312881254	0.00179445796974588	0.00597423202122712	0.0163197198894877	0.0388790108597533	0.0813004349372213	0.142681292228575	0.197800694805372	0.221361162020954	0.177369587219958	0.0923954372623574	0.0235413190360259	
3.28307492797754e-05	0.000103964039385956	0.00053897146734298	0.00212031922431883	0.00645124223347587	0.0180760633742897	0.0425951612947353	0.0864187397916889	0.147248646415566	0.200360591062923	0.216855306680237	0.170922352542058	0.0867087447436602	0.0215670663810391	
3.27735430111785e-05	0.000234877058246779	0.000652739731639305	0.00245255346866986	0.00747783006371723	0.0200464838085042	0.0465766668760532	0.0931861072951176	0.149127814086615	0.2010274505734	0.212126757139853	0.164329275786633	0.0824445785732038	0.0202840919953352	
5.18986719403001e-05	0.000267687886849969	0.000838573278193271	0.00273697206758846	0.00823549978421079	0.0223109659162301	0.0503089336734973	0.0964932886822654	0.152847051882283	0.200219613327579	0.209195352064201	0.158834519718764	0.0780228244896175	0.0196368185567799	
5.44531811548431e-06	7.89571126745224e-05	0.000294047178236153	0.000969266624556207	0.00332708936856091	0.00941495502167237	0.0246400644725665	0.0535084184618065	0.100615865478861	0.155139835769206	0.203663065496286	0.205176863932391	0.151398902223868	0.0738793535318333	0.0178878700093659	
2.18290566573166e-05	8.45875945471017e-05	0.000362908066927888	0.00119786948407025	0.00413933486864365	0.011010030451534	0.0265959769048581	0.0571320985363618	0.103862651575512	0.160640027941193	0.204508245926152	0.1997276825182	0.144453782429792	0.0691653660187075	0.0170976086268432	
5.45535879894821e-06	1.09107175978964e-05	0.000114562534777912	0.000460977818511123	0.00153295582250445	0.00467797017009809	0.0118272178761197	0.0287988390996476	0.0595861564815118	0.109000796482385	0.165190992111551	0.202822057106696	0.195528242392502	0.140737346295266	0.0644714302859699	0.0152340894460629	
1.64075190190491e-05	2.46112785285737e-05	0.000194155641725415	0.000432064667501627	0.00173099325650968	0.00552113014991003	0.012964674611552	0.030277341763152	0.063948305376744	0.113578315822864	0.167334817302276	0.200893662869238	0.192706310878732	0.136037474773439	0.0606230481888834	0.0137166858999251	
5.48508741858073e-05	0.000153582447720261	0.000666438121357559	0.00185944463489887	0.00599245800479945	0.0144806307850531	0.0336976345560507	0.0680754199520055	0.117638669866301	0.169656496400411	0.201321906067878	0.188198834418924	0.128921494686322	0.0567871100445663	0.0124950291395269	
2.73656211175025e-06	3.2838745341003e-05	0.000155984040369764	0.000684140527937563	0.0021728303167297	0.00580698480113403	0.0167176579406823	0.0363853298378313	0.0729047512191384	0.120537351336263	0.171648121897423	0.199982486002485	0.184146001061786	0.123109719721309	0.0545150538281767	0.011198012161282	
2.74089747947068e-05	5.48179495894136e-05	0.000216530900878184	0.000830491936279615	0.00240650798697526	0.00688513446843034	0.0175006304064203	0.0396004867833924	0.0769287695563035	0.124466895440243	0.172555941717556	0.200644659087171	0.178602361557268	0.11868086086108	0.0504626634945346	0.0101358388790826	
5.48410979187803e-06	3.56467136472072e-05	6.85513723984754e-05	0.000260495215114207	0.000855521127532973	0.00291480435438317	0.00791631248457594	0.0186953302805122	0.0424799144478872	0.0812635388960487	0.127903150621075	0.176514299816282	0.198996407908086	0.173264964764595	0.113255093366969	0.0465134771998135	0.00905700732128657	
1.91599720811835e-05	3.01085275561456e-05	0.00010674841588088	0.000276451025742791	0.000933364354240512	0.00328730378135735	0.00838659349382091	0.0207228783752344	0.0445715693385704	0.0834745240799792	0.133684599488155	0.179575469761458	0.197325815325241	0.167159807852851	0.10783506001177	0.0436464164009361	0.00896412979512516	
2.46343846741281e-05	2.18972308214472e-05	0.000117697615665279	0.000418784539460179	0.00106201569484019	0.00361851739324416	0.00878078955940034	0.022748485669631	0.0480206271914338	0.0886399903652184	0.138431556099337	0.180181363814279	0.193771332692839	0.163383450620376	0.10236407978256	0.0404551339426238	0.00795964340359607	
3.01044075589431e-05	1.09470572941611e-05	0.000175152916706578	0.000500827871207871	0.0015353247855061	0.00395736121183924	0.00972372364153861	0.0248279259431574	0.0521216765418246	0.0922782194611311	0.142497844798095	0.180623708589335	0.19070047482861	0.158299922002217	0.0967254614868841	0.0382435446571519	0.00774777979994253	
1.91094452528043e-05	1.91094452528043e-05	0.000155605482772835	0.000586932961336132	0.00168163118224678	0.00407577168034812	0.0109770113373609	0.0275121413225374	0.0541971166577034	0.0973708133252892	0.144008779425133	0.181755393640923	0.186317091214842	0.154076727152611	0.0927053787628545	0.0378721905703077	0.0066691963932287	
2.72265905774215e-05	1.08906362309686e-05	0.000160636884406787	0.000634379560453922	0.00179423231905208	0.0052574546405001	0.0128536734116007	0.0298675698634314	0.0590381390080809	0.100757443749864	0.146857506915554	0.179240813748339	0.185889547167346	0.147562675611509	0.0885082006490819	0.0351658643897977	0.00637374485417438	
2.73077805328294e-06	2.73077805328294e-06	3.55001146926782e-05	0.000196616019836372	0.000663579066947755	0.00202623731553594	0.00565817212640225	0.0149155097270314	0.0323761045997226	0.0618138920141127	0.105077608712274	0.146921320822729	0.180108466504276	0.181790625785099	0.145711586145124	0.0845230423052136	0.032206796360419	0.00596948082447651	
1.91204588910134e-05	8.7407812073204e-05	0.000240371483201311	0.000742966402622234	0.00219885277246654	0.0065555859054903	0.0166184102704179	0.0342993717563507	0.0658399344441409	0.10617317672767	0.149235181644359	0.181548757170172	0.179797869434581	0.141439497405081	0.0795930073750341	0.0302048620595466	0.00540562687790221	
1.91355645401587e-05	0.000183154689170091	0.000262430599407891	0.000809161014840997	0.00260790408161592	0.00753667877674537	0.0173996954711586	0.0366008676611693	0.0672915795315067	0.110040430714221	0.152660800249309	0.181943681299906	0.176643129922282	0.134613229235862	0.0774006249128648	0.0287279496789326	0.00525954659646648	
3.8231414753503e-05	0.000144733212995404	0.000316774579386167	0.00107047961309808	0.00285643284515458	0.00838633390771483	0.0188753956268723	0.038007487895661	0.0712852036232458	0.113339759852099	0.154307451575817	0.181539142141669	0.172737724302345	0.131933881498999	0.0734398169261396	0.0269039927251079	0.00481715825894137	
2.73101670289815e-06	1.36550835144908e-05	0.000117433718224621	0.000442424705869501	0.00127538480025344	0.00357216984739079	0.00937558034104937	0.0202231786849608	0.0409597885100665	0.0746386864902066	0.114396827650998	0.155938322718782	0.181279426704974	0.172665800024033	0.127068745152445	0.0688598551468741	0.0249860718148152	0.00418391758883997	
8.22104752587575e-06	2.74034917529192e-05	0.000117835014537552	0.000452157613923166	0.00132906935001658	0.00415985004809313	0.00985977633270031	0.0223256247311032	0.0441388041664269	0.0778533200700433	0.118218663422093	0.158246943825582	0.180865785918442	0.168712337326022	0.122120920647709	0.064661279140188	0.0228928770103887	0.00400913084345207	
5.4843353671077e-06	8.22650305066155e-06	2.46795091519846e-05	0.000134366216494139	0.000515527524508124	0.0018180571741962	0.00476862960170014	0.0106478371152396	0.0243202851854391	0.0463810241996298	0.0806115033934325	0.122042914924248	0.161505450058271	0.179688763967917	0.165210118598752	0.116221292932063	0.0606375539864263	0.0215644066634675	0.00389387811064647	
1.92188894227469e-05	5.49111126364198e-06	1.64733337909259e-05	0.000156496671013796	0.000779737799437161	0.00185599560711099	0.00516439014345528	0.0119074747752076	0.0257944951609582	0.0487720502436681	0.084217173450477	0.124472510124236	0.163237010089917	0.180122177225616	0.159494817763745	0.112998833138856	0.0576347038231862	0.0198860594412794	0.00346489120735809	
1.92197864956289e-05	2.74568378508984e-06	4.66766243465273e-05	0.000192197864956289	0.000757808724684795	0.00207024557395774	0.00569180248649124	0.013171045117076	0.0271438298993981	0.0518687123841321	0.0869914993630014	0.128918090761323	0.164408799367394	0.178304705003734	0.155696744717304	0.1080399112595	0.0546720555287089	0.0189314896981944	0.00307242015551553	
2.73657708937661e-06	8.20973126812982e-06	0.000112199660664441	0.000246291938043895	0.000905807016583657	0.00228504186962947	0.00616277160527612	0.0140222210059657	0.0289666684910514	0.055878167587981	0.090175688249138	0.131886596245416	0.165428821629905	0.17594548738438	0.151617317059822	0.103532921022385	0.052761206283181	0.0170488752668163	0.00301297137540364	
5.47549169915458e-06	0	3.28529501949275e-05	0.000139625038328442	0.00020259319286872	0.00100201498094529	0.00259812081124885	0.00686626659073985	0.0148632222173551	0.0310843663761006	0.0583660037671383	0.093866354198607	0.133643063647116	0.166942266415524	0.173455363791668	0.147400236541241	0.0996731131455605	0.0500459941302729	0.0170780586096631	0.00273500810372771	
5.4969368319504e-06	0	2.7484684159752e-06	8.24540524792559e-06	2.19877473278016e-05	3.29816209917024e-05	0.000104441799807058	0.000351803957244825	0.00107190268223033	0.00305079994173247	0.00731092598649403	0.0158091903286893	0.0339573272793736	0.0608978146927625	0.0966581372530158	0.1365356655004	0.16683478131811	0.170580943769085	0.144500726969896	0.0950255470139265	0.0488787623097029	0.0161060249176147	0.00225374410109966	
5.48140433579083e-06	2.74070216789541e-06	5.48140433579083e-06	1.91849151752679e-05	1.37035108394771e-05	2.74070216789541e-05	0.00016718283224162	0.000391920410009044	0.00139227670129087	0.00335736015567188	0.00798366541507934	0.0173130155945953	0.0359580124427878	0.0634088853564283	0.0998766684024447	0.138970044125305	0.168322964343465	0.168942363033409	0.139693589497629	0.0919423356263875	0.0458300216515471	0.0143777235727793	0.00199797188039576	
2.73760344719026e-06	5.47520689438052e-06	8.21281034157078e-06	1.36880172359513e-05	2.19008275775221e-05	1.36880172359513e-05	4.65392586022344e-05	0.000164256206831416	0.000407902913631349	0.00138248974083108	0.00369302705025966	0.00847835787594824	0.01955470142328	0.0372998469679673	0.0669234538700131	0.103525211958947	0.142998716063983	0.167002023088947	0.168020411571302	0.13564551320483	0.0881480933960792	0.0418196302592784	0.0127928209087201	0.00203130175781517	
5.46803659210087e-06	5.46803659210087e-06	1.36700914802522e-05	8.20205488815131e-06	3.00742012565548e-05	1.64041097763026e-05	0.000112094750138068	0.000180445207539329	0.00050305936647328	0.00146816782497908	0.00432521694435179	0.0101049316222024	0.0210437388247002	0.0408243611966251	0.070195919751095	0.105948677008547	0.145124425172653	0.16661380897961	0.164907781562874	0.13261082343163	0.0836992361152881	0.0388011876575478	0.0115430252459249	0.00191381280723531	
2.72669764195188e-06	5.45339528390376e-06	3.54470693453744e-05	2.72669764195188e-05	8.18009292585564e-06	3.54470693453744e-05	8.45276269005083e-05	0.000201775625504439	0.000520799249612809	0.0018078005366141	0.00481534803568702	0.0110567589381149	0.0231851100495168	0.0437771306415374	0.0723202015574897	0.110698470867962	0.144610409440918	0.16741105512292	0.163037432105229	0.128277490565626	0.0797504526318086	0.0359433283162097	0.0106177606177606	0.00176962676962677	
2.73222550696444e-05	8.19667652089333e-06	2.73222550696444e-06	3.55189315905378e-05	6.01089611532177e-05	0.000218578040557155	0.000579231807476462	0.00221037043513423	0.00551089884754728	0.0123223370364096	0.0241965890896771	0.0460106775372812	0.0766197998918039	0.113354571832941	0.147242364795821	0.165643903585226	0.161201304910902	0.123111349118311	0.0754121562177256	0.0343987191326823	0.00993710416882968	0.00189616450183332	
5.49661957895894e-06	0	5.49661957895894e-06	2.74830978947947e-05	0.00010443577200022	0.000214368163579399	0.000838234485791238	0.00242950585389985	0.00644478645632936	0.0128098719287638	0.0261061946902655	0.0486203484856813	0.0804897488044852	0.114909580607926	0.148903424393998	0.166074863958665	0.155782443797065	0.118694003188039	0.0734568240532073	0.0328230638157533	0.00971252679602045	0.00154729841147694	
8.29694202373478e-06	6.63755361898783e-05	0.000135516719721001	0.000331877680949391	0.000882241501857132	0.00268544356834883	0.00694177482652477	0.0141296922664203	0.0281874777019683	0.0507606913012094	0.0824771350106063	0.117744669906162	0.150539716078644	0.165355288885693	0.149516426562383	0.116693723916489	0.0712458411578106	0.0316611307625719	0.00917918352559192	0.00145749614883608	
2.78838137249708e-06	5.57676274499416e-06	5.57676274499416e-05	0.000119900399017374	0.000289991662739696	0.0010456430146864	0.00308116141660927	0.00712989116947503	0.0146836163075696	0.0301898051200259	0.0524466652352976	0.0849647688013585	0.122270523183997	0.151286419746202	0.162504078007757	0.149052926266831	0.113322607359654	0.0674704640703118	0.030072693102381	0.00863561711062345	0.00136909525389607	
5.61182973708578e-06	1.40295743427144e-05	3.08650635539718e-05	0.000162743062375488	0.000364768932910576	0.0012037374786049	0.00311456550408261	0.007458121720587	0.0159937147506945	0.0313420690816241	0.0557338870338674	0.0883919301888381	0.123286287494037	0.152293835405034	0.161115631751733	0.146701647072028	0.11022475378097	0.0649064227391341	0.0283818288953113	0.00805858750245518	0.00121496113807907	
2.81363600553724e-06	3.65772680719841e-05	9.00363521771915e-05	0.000247599968487277	0.000486759028957942	0.00118454075833118	0.00349172228287171	0.00804981261184203	0.0171913159938325	0.032795741280542	0.0584223380189752	0.0900419794492026	0.126464497540882	0.153587948634261	0.16159555670602	0.14347574083036	0.106847827310277	0.0610615285921691	0.0261330512194298	0.00773187174321632	0.00106074077408754	
8.45484829183882e-06	4.50925242231404e-05	0.000124004441613636	0.000270555145338842	0.000515745745802168	0.00145987047172417	0.00425278869079493	0.00882967989944367	0.0184766618004318	0.0339208513468573	0.0595052222779616	0.0929300558583644	0.128891343926319	0.154236160822488	0.160261649371805	0.141274878391099	0.102982870477361	0.0594037640984595	0.0248882550884095	0.00687379166126496	0.000848303111947828	
8.48399494353901e-06	5.37319679757471e-05	9.61519426934422e-05	0.000291283826394839	0.000690031588741173	0.00192586685218336	0.00466054122231743	0.0099375860771987	0.0195471243499139	0.0360993984847585	0.0621141549799636	0.0959766067979423	0.128294971536197	0.154864015701047	0.159173885132364	0.139892592624015	0.0987961211175118	0.0573065578452915	0.0235770219480949	0.00599818442508208	0.000695687585370199	
2.8416033462721e-06	1.98912234239047e-05	8.24064970418909e-05	0.000255744301164489	0.000923521087538433	0.0021283609063578	0.00494154821916718	0.0101104247060361	0.0203032559091142	0.0377563836619174	0.0663287053086834	0.097947225742653	0.130634189034821	0.155876151559756	0.159237768318396	0.134481719965673	0.096682712253562	0.0542803071204897	0.0218206720960235	0.00553828492188432	0.000647885562950039	
5.14021360443201e-05	0.000105659946313325	0.000425495459477983	0.00103375406933577	0.00215603403963676	0.00493174938603004	0.0108801187960477	0.0217345365240733	0.0411616882746016	0.0697412759152436	0.101681992118339	0.134268090696213	0.156388143240619	0.155237306528071	0.131195385230453	0.0908389970872123	0.0514278371123422	0.0207293391969844	0.00522873950539722	0.000782454737563539	
4.89597493260835e-05	0.000167039144759579	0.000391677994608668	0.00104543464737461	0.00237310784968781	0.0051839734580559	0.0112895421975439	0.0227547634956109	0.0422292237863742	0.0721925903739373	0.104693223970693	0.136695620118425	0.156414879155819	0.153840172338318	0.127309748174089	0.0892968228002673	0.0490144690459185	0.019333341013294	0.00491613482938967	0.000809275856507615	
2.88766965059197e-06	5.77533930118394e-05	0.000144383482529599	0.00042448743863702	0.00120415824429685	0.00245451920300318	0.00523245740687265	0.0122263933006064	0.0247213398787179	0.04497545480797	0.0746260467802483	0.107825584753104	0.139234767542593	0.1551198382905	0.150750794109154	0.125451920300318	0.0858908460872076	0.0465290210799885	0.018068149003754	0.00443257291365868	0.000626624314178458	
5.75317719210434e-06	7.19147149013042e-05	0.000166842138571026	0.000385462871870991	0.00128583510243532	0.00256879361627459	0.00610987417801481	0.0139083058619122	0.0269306224362404	0.04742056300592	0.0765546523067364	0.109773497413947	0.138688965981463	0.153641473503742	0.149093586933384	0.123210042746107	0.0837979023915958	0.0447021867826507	0.0167273626860434	0.00443282302651639	0.000523539124481495	
1.4273887350481e-05	8.56433241028862e-06	3.99668845813469e-05	0.000119900653744041	0.000459619172685489	0.00115333009791887	0.00298895201119073	0.00694281880727397	0.0152702046875446	0.0284136001598675	0.0495418082160496	0.0799680264923349	0.111167889463016	0.13858231750835	0.15311313483114	0.146923977275971	0.120822746866882	0.0803819692254989	0.0430928659111022	0.0164663564475149	0.00394244768620286	0.000585229381369722	
1.13936417782057e-05	2.27872835564113e-05	2.84841044455142e-05	3.13325148900656e-05	0.000145268932672122	0.000464290902461881	0.00144129568494302	0.00334403386190336	0.007422957618501	0.016090670601271	0.0301333340929095	0.0519493096877288	0.082153854041752	0.112967958230909	0.139583505424798	0.152515288843061	0.146186120835268	0.11642308010015	0.0775992457409143	0.0409601421926494	0.0161020642430492	0.00389092866725724	0.000532652753131115	
1.70739272593786e-05	3.13021999755274e-05	2.27652363458381e-05	2.84565454322976e-05	0.000182121890766705	0.000543520017756884	0.00157364696240606	0.00385870756061956	0.00835484173892258	0.0172190556410833	0.0312879717028112	0.0539678384123524	0.0847862771155307	0.115991724836588	0.140085881854115	0.153090523116675	0.145131227359261	0.113259896475088	0.0731532413428075	0.0386838278606654	0.0146721948248926	0.00359690734264242	0.000460996036003221	
1.41213817489614e-05	2.82427634979227e-05	2.25942107983382e-05	3.95398688970918e-05	0.000228766384333174	0.000768203167143499	0.00170586291527453	0.00411497064164734	0.00903203576663569	0.0183493234446004	0.0337529266563675	0.0568696285794172	0.087436771513219	0.11773843247014	0.142688089744205	0.152638015324523	0.140603773798059	0.10904248558913	0.0710249016445761	0.0372070166321634	0.0131526549609826	0.00314906813001839	0.000392574412621126	
5.61638411574244e-06	2.24655364629698e-05	2.80819205787122e-05	1.40409602893561e-05	0.000103903106141235	0.000272394629613509	0.000775061007972457	0.00187587229465798	0.00452118921317267	0.009943808076922	0.0194158398881216	0.0364222509905897	0.0601514738796016	0.0900980339847403	0.120628698037916	0.142973482242398	0.150802721699742	0.137197031179356	0.105801443972356	0.0690197443983589	0.0344003527089225	0.0123139221737653	0.00289524601166523	0.000317325702539448	
2.5113288836306e-05	0	5.58073085251245e-06	4.18554813938433e-05	6.69687702301493e-05	0.000234390695805523	0.000918030225238297	0.00213741991651227	0.00503660959439248	0.0109131191820881	0.021072839699087	0.0381889412237427	0.0615498805723598	0.0929191686943322	0.121316717637342	0.144331651673103	0.149917963256468	0.134520726834386	0.103461169274728	0.0667594928231801	0.0315478715092529	0.0119316025626716	0.00283222090765007	0.000270665446346854	
5.58387822678363e-06	5.58387822678363e-06	8.37581734017545e-06	0	5.58387822678363e-06	0.000114469503649064	0.000413206988781989	0.000887836638058597	0.00243457090687766	0.00581560917319515	0.0114469503649064	0.0226286665140407	0.0403909831534394	0.0643737401374751	0.0931195452489572	0.124822013881521	0.145044028879818	0.148318973459827	0.13351332034151	0.100113352728004	0.062156940481442	0.0302367005980334	0.0111007499148459	0.00277239553959807	0.000270818093999006	
5.57628073227719e-06	0	2.78814036613859e-06	0	2.78814036613859e-05	0.000161712141236038	0.000426585476019205	0.00108737474279405	0.00306974254311859	0.00613112066513877	0.0121618682770965	0.0236880405507135	0.0417050035967011	0.0670854453496607	0.0948274419927397	0.127100166730794	0.14433087419353	0.148423864251022	0.130560248925172	0.0972559122516464	0.059869738082094	0.0287317864730582	0.0104583145133859	0.0026877673129576	0.000200746106361979	
2.78698256185011e-06	0	0	2.78698256185011e-06	5.57396512370022e-06	3.06568081803512e-05	0.000192301796767658	0.000546248582122622	0.00112594095498744	0.00323568675430798	0.00624284093854425	0.0125665043713821	0.024971363754177	0.0439256321573196	0.0694320965633718	0.0999634905284398	0.128541209717651	0.14491473226852	0.146681679212733	0.127808233303884	0.0943170638581314	0.057007728302644	0.0260638609184222	0.0100164153272893	0.00219614225873789	0.000209023692138758	
1.95433009752107e-05	8.37570041794745e-06	2.51271012538424e-05	0.000234519611702529	0.000563963828141795	0.00154392077704165	0.00345358047233367	0.00661680333017849	0.0133480745660689	0.0269446282445369	0.0446648184287744	0.0726005712227685	0.103830766181155	0.129304063052273	0.144704184220739	0.145541754262534	0.124638797919476	0.091708335776246	0.0543945904142901	0.0245743050262578	0.00902900505054735	0.00209671700462618	0.00015355450766237	
