# <P(N_2)> as a function of N_tot.
# number_of_species: 2
# species_total_upper_bound: 100
# species_total_lower_bound: 0
# volume: 512
# Bin widths for each species index 
1	1	1	1	1	1	1	1	1	1	1	1	1	1	1	1	1	1	1	1	1	1	1	1	1	1	1	1	1	1	1	1	1	1	1	1	1	1	1	1	1	1	1	1	1	1	1	1	1	1	1	1	1	1	1	1	1	1	1	1	1	1	1	1	1	1	1	1	1	1	1	1	1	1	1	1	1	1	1	1	1	1	1	1	1	1	1	1	1	1	1	1	1	1	1	1	1	1	1	1	1	
# Bin lower bound for each species index 
0	0	0	0	0	0	0	0	0	0	0	0	0	0	0	0	0	0	0	0	0	0	0	0	0	0	0	0	0	0	0	0	0	0	0	0	0	0	0	0	0	0	0	0	0	0	0	0	0	0	0	0	0	0	0	0	0	0	0	0	0	0	0	0	0	0	0	0	0	0	0	0	0	0	0	0	0	0	0	0	0	0	0	0	0	0	0	0	0	0	0	0	0	0	0	0	0	0	0	0	0	
# Bin upper bound for each species index 
0	1	2	3	4	5	6	7	6	6	7	7	7	7	7	8	8	9	9	9	10	10	10	10	10	11	11	11	12	12	12	12	12	12	12	12	13	13	13	13	14	14	14	14	15	16	16	16	16	16	14	15	15	15	15	15	16	16	17	17	18	18	19	19	17	17	17	17	18	18	18	19	20	22	22	23	23	23	21	21	20	20	20	20	20	20	20	21	21	22	23	22	23	23	23	24	25	24	24	25	22	
# Normalized histogram for each species index 
1	
0.92049269166273	0.0795073083372698	
0.847825967119854	0.145896535524608	0.00627749735553763	
0.780742095187639	0.201542516074519	0.0172291368507802	0.000486251887062021	
0.719223034250717	0.246643761009115	0.0322243999442276	0.0018698371701223	3.8967625818244e-05	
0.66163939961884	0.284401240408757	0.0496017743724166	0.00416263298986854	0.000190093978089999	4.8586320278594e-06	
0.609379254304712	0.314560675291756	0.0677965998914536	0.00774438848680919	0.000503315515155558	1.27344889376707e-05	3.03202117563589e-06	
0.560565520530978	0.338389891657316	0.0871341469705254	0.0127519454408746	0.00109295453952387	5.94722625615432e-05	1.82057946616969e-06	4.24801875439594e-06	
0.517472646187756	0.354916734022224	0.107105311043631	0.0183344144479635	0.00200041471275097	0.000163829672757785	6.64991291636767e-06	
0.475593691396175	0.368811195047992	0.126430596198254	0.0255542807005703	0.0033089316447397	0.000288650201753836	1.26548105153039e-05	
0.436835669438602	0.377150572184632	0.146534400146064	0.0338590120731138	0.00511224476313226	0.000485879465856908	2.16213359343e-05	6.00592664841666e-07	
0.402243749512033	0.381404985976566	0.164654939431976	0.0433807587668987	0.00738527509353961	0.000883446341595248	4.50431513389827e-05	1.80172605355931e-06	
0.37104430997228	0.382816594790968	0.181428752400776	0.0527177179250568	0.010428030141564	0.00145172300548689	0.00011047023697667	2.40152689079717e-06	
0.340754728785886	0.38345487424997	0.19718023469168	0.0626277623436923	0.0136181573827534	0.00213924847166458	0.000208751186633186	1.62428877207378e-05	
0.313564237814629	0.379928645732628	0.212620778512041	0.0735191098244936	0.0170290097321535	0.00292560929111348	0.000378275197615662	3.43338953249884e-05	
0.287589412499307	0.374952687015871	0.226524321887408	0.0846070671735886	0.0216078699875359	0.00408699803033335	0.000552687980211721	7.11201544874407e-05	7.83527125709092e-06	
0.264634737208577	0.367544156573692	0.238440972618188	0.0961093703709738	0.0268025711063686	0.0055052038174401	0.000826021923068337	0.000119468473898854	1.74979077932664e-05	
0.244717420670689	0.358623943665375	0.248138651999816	0.107210865777537	0.0325793293105823	0.00734268860572287	0.00117202697836946	0.000184866111021162	2.59779175617972e-05	4.2289633240135e-06	
0.225543690006542	0.349555691265381	0.257366838760418	0.118137618220071	0.03812519895886	0.00932592285198427	0.00166355279061887	0.000235579371220537	4.10753775461449e-05	4.83239735836998e-06	
0.207060449617667	0.339714213567788	0.264611607612111	0.129177787094303	0.0450656714362176	0.0116167943930089	0.0023185260988231	0.000367895360652232	5.43687725101821e-05	1.26860469190425e-05	
0.190712378836797	0.329278982528543	0.270952469965923	0.139373602195713	0.0514512966723713	0.0143868353983179	0.00319472196360763	0.000561390263629594	8.10628182396181e-05	5.44451764295942e-06	1.81483921431981e-06	
0.174524798245874	0.319890512162058	0.274730707422219	0.150228482430635	0.0584940406004304	0.0170976536507328	0.00413631465484678	0.000762111744559	0.000120874186290087	1.26917895604592e-05	1.81311279435131e-06	
0.160466026012306	0.306875460552451	0.27900790558182	0.160883896811992	0.0657718934884327	0.020601212371159	0.00515272904808547	0.00104679971009834	0.000167997404227834	2.30465753092335e-05	3.03244411963599e-06	
0.147817323766623	0.294663868527054	0.28137007781391	0.17059273304305	0.0733038198728953	0.0242124775117012	0.00639586318382771	0.00135520991807498	0.000242543162071585	3.69878322159168e-05	9.09536857768445e-06	
0.137938545530223	0.283134332071108	0.281559836592246	0.178893023498511	0.0807816293085507	0.0277378170757827	0.00780634251677793	0.00176015852954864	0.000322786741716607	5.64270056008354e-05	9.10112993561861e-06	
0.126909436302217	0.272708812820235	0.281847679096503	0.18695124826718	0.0876129780750858	0.0321178687657106	0.00911340813581554	0.00222455655859282	0.000421271609869757	7.51621289551797e-05	1.39413626287833e-05	3.6368772075087e-06	
0.116572773534123	0.261353441355839	0.280823402212512	0.194317013726195	0.0961299805433573	0.0363132144141395	0.010998390922332	0.00278773614032029	0.000585999692471236	9.26218522191106e-05	1.81611474939433e-05	7.2644589975773e-06	
0.106937295754101	0.249416699072274	0.279740497508593	0.200598155174954	0.104329952683788	0.0412935996309384	0.0133778799728517	0.00347323699408004	0.00070225567178635	0.000110501107426399	1.509577970306e-05	4.83064950497919e-06	
0.098496292393364	0.238127924513709	0.278433040720832	0.206028365366023	0.111782889902935	0.0461777089214587	0.0154425200123748	0.00437287308093894	0.000977657682044936	0.000145621447078387	1.14805290227774e-05	3.02119184809931e-06	6.04238369619862e-07	
0.090495727609936	0.227250835587519	0.274827118783187	0.212082311858523	0.119152547078371	0.0517442625404516	0.0177093857390649	0.00521993242876232	0.00124930744913146	0.00022813440375444	3.0176508433127e-05	7.24236202395049e-06	3.0176508433127e-06	
0.0833476440882121	0.216440074693102	0.271171029488591	0.217016120236854	0.126615533586287	0.0568718437253516	0.0204176812238678	0.00616657959702119	0.00157568943191425	0.000312727653982216	4.57944156120394e-05	1.32562782034851e-05	6.02558100158413e-06	
0.0768531043894931	0.20591177726073	0.267368288151796	0.221188728363665	0.133900281971274	0.0620847837719219	0.0231667358067445	0.00721581924980009	0.0018343163248742	0.000382374691124218	7.3949822340061e-05	1.74353239663558e-05	2.40487227122149e-06	
0.0704545085142464	0.194162863594471	0.262670536258764	0.226077968548427	0.141098643896995	0.0681356428079947	0.0261089108374464	0.00842846281236512	0.00230261197466585	0.000465338315403059	7.70547275182298e-05	1.62537315858766e-05	1.20398011747234e-06	
0.0644144806103692	0.185267518363355	0.256055871816677	0.229213694280559	0.147761465502911	0.0745369110054855	0.0293181287085063	0.00980683846752414	0.00280780451609639	0.000672740807481697	0.000111420814130809	3.25228322327768e-05	6.02274670977347e-07	
0.0592286949677006	0.17542409963584	0.249564539207142	0.231578350998878	0.155227759555728	0.0800440222232669	0.0332378634515496	0.0113207751865098	0.00333421329562755	0.000783528070194472	0.000204320012150712	5.12306815127155e-05	6.02713900149594e-07	
0.0548459587505209	0.165848750304084	0.24334507118582	0.23257506966841	0.161631312608236	0.0860943781146054	0.0372710938120964	0.0129774724758599	0.00401632059270535	0.00106820880531624	0.000245675982282426	6.80426127399857e-05	1.26450873233602e-05	
0.0508075208196481	0.157636798502381	0.237351206589139	0.232818526779806	0.167384315905225	0.0913116919678628	0.0412067816349169	0.015062212308677	0.00467645027707396	0.00131318381204688	0.000342883542311829	7.82015096500663e-05	9.62480118770047e-06	6.01550074231279e-07	
0.0464287750270786	0.148682374755843	0.230750489815145	0.233852302356213	0.172003276435766	0.0984280909360945	0.0451446042323629	0.0171130760391132	0.00546852731413278	0.00163701772335721	0.000375649961444872	9.48126100771403e-05	1.56020750759851e-05	5.40071829553331e-06	
0.0428664375462912	0.139657591883233	0.224352102717633	0.233716587778993	0.177509270252004	0.104120325410154	0.0497352471246913	0.0190326766629734	0.00643965903238856	0.001930877351775	0.000511379391890675	0.000103236215264315	2.40084221544918e-05	6.00210553862295e-07	
0.0396392229695753	0.132273669744605	0.218142192207655	0.232532804344645	0.18114971933609	0.110330635996885	0.0541876163410773	0.0216244601864348	0.00721036152980349	0.00219689291411702	0.000546814354719917	0.00013549915177531	2.40887380933884e-05	6.02218452334711e-06	
0.0365620437207838	0.124777382482376	0.211454225375472	0.231053613354458	0.184774499687295	0.115862429158929	0.0590237215437066	0.0246171400863512	0.00841739977914654	0.00253420605230162	0.000688734724352321	0.000182134751974081	3.85980931335802e-05	1.08557136938194e-05	3.01547602606095e-06	
0.0333664566165778	0.118339796412991	0.2043292535143	0.229775811924382	0.188547624818226	0.121328768783325	0.0628199224430441	0.0274121425109064	0.00988487639360155	0.00305622879301987	0.000842825981580223	0.000221764420746486	6.60445952496365e-05	6.05913717886573e-06	2.42365487154629e-06	
0.0302573154234636	0.111686062692629	0.197541142151355	0.227604426574728	0.1922683497239	0.126586430805817	0.0680497034660606	0.0299862783702124	0.0112356075989816	0.003404031357835	0.00101138658797093	0.000289227459509672	5.82093000271037e-05	2.00094468843169e-05	1.81904062584699e-06	
0.0282092397685009	0.105316401179151	0.190350472719044	0.225119137851954	0.194581280788177	0.132037102148922	0.0724760842244086	0.0333804977693209	0.0128171281116666	0.0040829883191982	0.00119107436367552	0.000329096644917495	8.39470184817269e-05	2.49407808532667e-05	6.08311728128456e-07	
0.0262996919515246	0.0992658920019004	0.184325937364493	0.22188882322555	0.197112602055161	0.136642155741649	0.0766321659692732	0.0363833852642929	0.0145955575396862	0.00489791587001586	0.00141552269135933	0.000409836815421574	9.4530813080869e-05	3.29333155249479e-05	1.21975242684992e-06	1.82962864027488e-06	
0.0237810363687334	0.0934995324656923	0.176982653896964	0.219928626963812	0.19886362595301	0.141661368351684	0.0814248711150525	0.0393748782303689	0.0163035412288304	0.00589502434781865	0.00168752095659168	0.000441577144993047	0.000111768488981642	3.84776765346638e-05	2.44302708156596e-06	6.10756770391489e-07	2.44302708156596e-06	
0.0218334181555356	0.0875585074632337	0.17126671827278	0.216051008182644	0.200613163713367	0.146294776805598	0.0857158393090728	0.0429819453956818	0.0181541914896347	0.00670166677154886	0.00207422360191525	0.000587747600896162	0.000117305134482394	4.46003896729936e-05	3.66578545257482e-06	0	1.22192848419161e-06	
0.0199858234902323	0.0820942126843099	0.164519617967504	0.212915900300029	0.201764119987046	0.1493813053388	0.091128682378965	0.0465539471191743	0.0203787327911226	0.00771153246848476	0.00257438084704646	0.000733267746607109	0.000213869759427073	3.91076131523791e-05	3.66633873303555e-06	6.11056455505924e-07	1.22211291101185e-06	
0.0188338978317993	0.0771255342119138	0.157643570504338	0.20954395341617	0.203362741141681	0.153754440411681	0.0953139993374211	0.0495286932804577	0.0222312988322812	0.00866006578024792	0.00274094572425327	0.000944266824575187	0.000248620188571677	6.00117696552324e-05	5.51128496833767e-06	1.83709498944589e-06	6.12364996481963e-07	
0.0175151036660717	0.072710911908358	0.150058355073459	0.205664855534415	0.204153875953787	0.157971229477649	0.100007846060297	0.0532931386202703	0.0242964290618073	0.00972237206017928	0.0032224014829054	0.00100343755516761	0.000296066181518605	7.47827622055276e-05	8.58162844981464e-06	0	6.12973460701046e-07	
0.0162595343537246	0.0686829176149657	0.144395360832013	0.200261138719365	0.204875529805569	0.161685221744061	0.104863938631788	0.0566618278115803	0.0263205505378243	0.0105590073539558	0.00383735314013484	0.00112232000103033	0.000359387716176924	9.01535738532557e-05	2.57581639580731e-05	
0.014870949758318	0.0647750733622903	0.139122470609137	0.195236199006316	0.203911021803456	0.165462442795792	0.109574161770742	0.0604848343758232	0.028691241247067	0.0116999834590243	0.00432270830908345	0.00128406981516991	0.000412299134355606	0.000121913116993708	2.69556640589104e-05	3.6757723716696e-06	
0.0135054266601443	0.0605700340827278	0.134221378763877	0.191310101266149	0.201932643495158	0.168104017072666	0.114112385232414	0.0647989192712569	0.0309524934771441	0.0132728072862035	0.00500653359692771	0.00160869493165962	0.000436391490427314	0.000138098572920036	2.39370859728062e-05	6.1377143520016e-06	
0.0123185776821774	0.0566536709877146	0.127833404849469	0.187692103697783	0.201345240002627	0.169920497383983	0.118026179202862	0.0691643907347009	0.0341036818225626	0.0146641841666344	0.00565622039983966	0.00185757791729051	0.000585634280599852	0.000138735165005835	3.37629826341633e-05	6.13872411530243e-06	
0.0113589532248094	0.053469012785415	0.122025036060169	0.183240852491831	0.200906655676901	0.172712264382365	0.121070177504342	0.0724932049885687	0.0372897716679913	0.0164000176621236	0.00602965274302591	0.00213846614269033	0.000658650025021342	0.000168648749423528	2.75970680874864e-05	1.10388272349946e-05	
0.0105198365038756	0.0501836480578551	0.116630464303734	0.178083745476237	0.198872055760835	0.175322434000425	0.125437355811292	0.0764768019795121	0.0400420817983348	0.0178718896162059	0.00701547229522981	0.00249094327846882	0.000808039192966258	0.00019373322077188	4.04632676295698e-05	1.10354366262463e-05	
0.00939338838413727	0.0468645265743293	0.111563428522367	0.172928005691104	0.197887913455966	0.177138686937137	0.129638817256066	0.0799428436510151	0.0425802534626506	0.0197459240838579	0.00811472971854178	0.00290442563082027	0.000959760581130432	0.000268610309607111	5.27408370461452e-05	1.47183731291568e-05	1.2265310940964e-06	
0.00891707786382819	0.0439442039914247	0.10657052363673	0.167685609346948	0.196136444237738	0.178956972476276	0.133390477569558	0.0835823423082917	0.0454167827345051	0.0216340224592801	0.00896370952402574	0.00335686595974706	0.00102589652434602	0.000307400812618036	8.59004266796908e-05	2.14751066699227e-05	4.29502133398454e-06	
0.00804095091065378	0.04099260220254	0.101463128116903	0.163124928725845	0.193487412217831	0.180567323880796	0.137024792983067	0.0884020242473143	0.0484737827600541	0.0231670126656473	0.00983736617319405	0.00368786273180195	0.00119985824873423	0.000374610827785701	0.000114651759076802	2.20719963998121e-05	1.53277752776473e-05	4.29177707774125e-06	
0.00769523958924407	0.0389204604643125	0.096298343421667	0.157686231783705	0.190225244160552	0.181296486710729	0.141463602950638	0.092063449266446	0.0520706309998419	0.0252702648049718	0.0107480890583963	0.00421038311974008	0.00145901938700351	0.000428330345029591	0.000131746815710103	1.77705007236883e-05	1.28682936274984e-05	1.83832766107121e-06	
0.00695297397826279	0.0367858986065346	0.0921159114021078	0.153221949752181	0.187835349374116	0.181411910571464	0.143818577706386	0.0963845634694021	0.0549317925712384	0.0276207257746819	0.0118073518049698	0.00467053689492055	0.0017235850814	0.00053503208054798	0.000141697993935082	3.29814296228207e-05	5.49690493713678e-06	1.22153443047484e-06	2.44306886094968e-06	
0.00638088148033526	0.0343333337394744	0.0883825799620583	0.148230910661567	0.184856707357935	0.180899878523223	0.146609798801803	0.100186662410309	0.0588388672077277	0.0299476199933474	0.0133179730801613	0.00524531120352173	0.00191475181331809	0.000632970771249602	0.000182154245046806	2.37592493539312e-05	1.09658073941221e-05	1.21842304379134e-06	3.65526913137403e-06	
0.00600203192520957	0.0318941645762024	0.0836802560542301	0.144603314996497	0.182130623937394	0.181464069682008	0.148171662982864	0.103767583792566	0.0623614769381359	0.0322740091929702	0.0146094083372241	0.00577741227202475	0.00226871936970143	0.000712208656439675	0.000222184751795283	4.26107743169036e-05	9.7396055581494e-06	3.04362673692169e-06	3.04362673692169e-06	2.43490138953735e-06	
0.00545733211598477	0.0301281570404037	0.0792569538596841	0.139584625546389	0.17994253578096	0.18239370003824	0.15102806793488	0.106293557871933	0.0651964560275526	0.0343925363603596	0.0162097645259995	0.0064795145731138	0.00244262574033516	0.000859340741106677	0.000247616991404763	6.58685592899369e-05	1.64671398224842e-05	1.82968220249825e-06	1.21978813499883e-06	1.82968220249825e-06	
0.00517845313726017	0.0280720559082276	0.0759553311056737	0.134315899085551	0.176327734851466	0.182469891151042	0.154301281596875	0.1101848207891	0.0674219443215456	0.0367716616271367	0.017479876509109	0.00739307600360793	0.00273650143363831	0.000980813935013285	0.000285383244642495	0.000110608923512402	1.28330795235383e-05	1.83329707479119e-06	
0.00471399750169144	0.0261606674227659	0.0727898472263514	0.130258284976014	0.172927119616616	0.18201927441387	0.156247056045552	0.114055983155381	0.0706273788681267	0.0383769313870506	0.0186565657677894	0.00854954958261608	0.00307945281903902	0.00105340042796686	0.000335840206128808	0.000118064043320328	2.63044241594513e-05	4.28211556084091e-06	
0.00425963215222099	0.0243136884600574	0.0684901268753541	0.126215592448795	0.170694319427651	0.181163436941257	0.157635208217344	0.116584053389188	0.0745898563485504	0.041073841799457	0.0202643706634161	0.00924463422470648	0.00364095231321265	0.00124287813049546	0.00042369451809194	0.000127537568398153	2.69791010073015e-05	9.1974207979437e-06	
0.00383651325112292	0.0225884379489684	0.0645588132451111	0.121339086671828	0.166959486567296	0.180500157656525	0.160363063959473	0.119643512219301	0.0782491660153878	0.0438579594460796	0.0219688539413518	0.00999431945751433	0.0040659433687948	0.00137535380700633	0.000488919261455863	0.000148454782022985	4.53952639243838e-05	1.65631368372752e-05	
0.00369394434849828	0.0212624197452093	0.0611246253753915	0.116430107394944	0.163484491998294	0.179288512330019	0.16228139868034	0.123430871215026	0.0811207602617234	0.0463470074510802	0.0238962186304614	0.0106597380925357	0.00457126380014295	0.0016945149128969	0.000479764902927363	0.000153991036617351	6.13510106045222e-05	1.47242425450853e-05	4.29457074231655e-06	
0.00329044847730685	0.0197838829505338	0.0579916951834769	0.11195332875097	0.159366035341581	0.179253205912479	0.163484014396327	0.126177509612512	0.0843023720493862	0.048933739761922	0.0257567355209815	0.0118504100149644	0.00505556013245408	0.00193233923097448	0.000630177445672556	0.000170301612147608	4.91845811256629e-05	1.16813380173449e-05	7.37768716884944e-06	
0.0031152628799285	0.0184699818168612	0.0547094575712399	0.107780339804331	0.155094048807632	0.177411789617268	0.165153867271704	0.129936808360551	0.0877234882572871	0.0517370006561688	0.02726732168644	0.0129651811973788	0.00557066371534339	0.0020971548373674	0.000706643308863449	0.000204360260054586	3.75481200702704e-05	1.10797731354896e-05	8.00205837563139e-06	
0.00290081274414303	0.0169928466707993	0.0521691216262754	0.102949026379746	0.151396965492812	0.175032716395588	0.166132872843916	0.132631775737718	0.0915554801192549	0.0552285965896232	0.0291495705050624	0.0141326219362202	0.00616322775531088	0.00238362310712283	0.000870797296100599	0.000237993328807155	5.96520746622586e-05	3.68981905127373e-06	6.14969841878954e-06	2.45987936751582e-06	
0.00262410119005937	0.0161162319577687	0.0492823648360612	0.0990610484365345	0.147452742222599	0.172167328220267	0.167004507409769	0.135450182004022	0.0948497100097912	0.0581657336119598	0.0315598537088157	0.0152992716153579	0.00674637251180293	0.00281144923850697	0.00101597925289284	0.000287471759585156	8.66100814134765e-05	1.10566061378906e-05	3.07127948274739e-06	4.29979127584635e-06	6.14255896549479e-07	
0.00243556016344603	0.0151686883991363	0.0470630752210074	0.0949234331547707	0.143629095462753	0.170927563017657	0.166699194159581	0.137774762400517	0.0976120305343887	0.0611038702380828	0.0338688159028042	0.0166407370216842	0.00737994430718595	0.00303028997079914	0.00119931021192944	0.000398333525214758	0.000116975842025972	1.66228828142171e-05	6.15662326452486e-06	2.46264930580994e-06	1.23132465290497e-06	6.15662326452486e-07	1.23132465290497e-06	
0.00212423674677053	0.0137881380255007	0.0442782337485727	0.0907293602900147	0.139906457211627	0.168784128520942	0.168448463392792	0.140171909817558	0.100865215361514	0.063512769440554	0.0361859326132239	0.0178832525889328	0.00802947940494272	0.0032919818531425	0.00133342202283508	0.00047362657531648	0.000149663534202737	3.07949658853368e-05	3.69539590624042e-06	4.92719454165389e-06	1.84769795312021e-06	1.23179863541347e-06	1.23179863541347e-06	
0.00197113236902506	0.012759061570929	0.0416414806599196	0.0869448680622949	0.135837453979697	0.166767410693655	0.167622656623073	0.143190843692715	0.104210607390976	0.0666820709521389	0.0381484048862393	0.0196213626630929	0.00881494831862224	0.00363664371428131	0.00143691174884853	0.000473835821125437	0.000173760340126623	3.82026279711016e-05	1.60204568911071e-05	5.54554276999861e-06	3.08085709444367e-06	1.8485142566662e-06	1.23234283777747e-06	6.16171418888735e-07	
0.0019294716784863	0.0118294916449131	0.0393511157781607	0.0834202242648781	0.131632982565119	0.164217081894395	0.167625548152366	0.144751048237408	0.107196910873322	0.0698886563580745	0.040612574904913	0.020996176799012	0.00983284896260855	0.00426689936181384	0.00157636172263429	0.00058974908856959	0.000180560588245444	6.90197470426271e-05	1.60224412777527e-05	9.85996386323244e-06	1.84874322435608e-06	3.08123870726014e-06	1.23249548290406e-06	1.23249548290406e-06	
0.00178756736440846	0.011194748267333	0.0369219394060183	0.0806798169127494	0.128083569081851	0.161237838113815	0.167434656293117	0.145656598836297	0.110352450954159	0.0727237273424606	0.0428714753828107	0.0228526893169783	0.0106731181486068	0.0046639145756865	0.00184661983067936	0.000656958687263675	0.000228828306799707	8.4272790407419e-05	2.58354539935153e-05	7.38155828386151e-06	6.1512985698846e-06	7.99668814084997e-06	1.23025971397692e-06	6.1512985698846e-07	
0.00167846784875447	0.0104148714590299	0.0348969899599679	0.0766407992633699	0.124690403620123	0.15920270622935	0.16610430505153	0.147310635343473	0.113124547607676	0.0760966974744814	0.0454121878800711	0.0241694446222555	0.0118846848887423	0.00512772851044134	0.00210747118230118	0.000730598216527892	0.000275128393250183	8.30924677601225e-05	2.95439885369324e-05	9.84799617897748e-06	3.69299856711656e-06	6.15499761186093e-06	
0.00154512619352675	0.00987807930825699	0.0330068796959566	0.0730919911164492	0.120827511878235	0.156348150349534	0.166348927228626	0.148661979907194	0.115455947872646	0.0789031700366366	0.0477497018880628	0.0260199004361621	0.0127759616345043	0.00577603438984779	0.00230905730038215	0.000866898415043339	0.000290404803332441	0.000108516444557345	2.52793990161998e-05	4.31599495398533e-06	4.93256566169752e-06	1.23314141542438e-06	
0.0013424874427405	0.0092183314375484	0.0313440559423286	0.0703410313317056	0.116555574904501	0.152510031604649	0.165475471507032	0.150753806081579	0.118401958277911	0.0820146203922237	0.0500542799660611	0.0277500923191687	0.0138824563938589	0.00628140858673247	0.00257135129327114	0.00099914658801938	0.000330990464263528	0.000133384216942019	3.45810932812641e-05	3.08759761439858e-06	1.85255856863915e-06	
0.00119452544172427	0.00851917756861573	0.0297161365316639	0.0671892766944628	0.112985800958956	0.150135912783584	0.163294839637739	0.151887554020776	0.121327096765825	0.0853430987126425	0.0527332953275773	0.0295956957554818	0.0147580097748499	0.00678359510158099	0.0029041668185044	0.00109323166073007	0.000361322328546379	0.000124146646218499	4.75586654667883e-05	4.3235150424353e-06	1.23529001212437e-06	
0.00114072780778521	0.00808689026741399	0.0279043368015818	0.0644853614823909	0.110079308036609	0.146829992072281	0.162235678436913	0.151918538831942	0.123736577631494	0.0881210689156299	0.0558253310670956	0.0314098075445973	0.0158838172737901	0.00736198211481928	0.00313407099164351	0.00120982543594742	0.000423839915602183	0.000154852720256402	4.75046193615256e-05	8.63720352027738e-06	1.85082932577372e-06	
0.00107855983295265	0.00762819145854571	0.026278648089963	0.0618125721864688	0.10682179849544	0.14410853640047	0.162055772020802	0.15334039225064	0.125216482366471	0.0902150586674917	0.0579254425485075	0.0327364480497789	0.0171725215003199	0.00809967618552215	0.00348220746067571	0.00128256172135684	0.000497370162967309	0.000175034852890602	5.42361515999048e-05	1.4791677709065e-05	3.69791942726624e-06	
0.000956673196732745	0.00712196904328977	0.0249562090559302	0.0588940364078958	0.102632517754003	0.141573437320624	0.160711221714877	0.154281143415805	0.128097923834001	0.0931756489021712	0.0600488335376294	0.0345852790831738	0.0181749391123801	0.00854772071067857	0.00389026526387516	0.00153191153180043	0.000517837943263725	0.000195037890430676	7.40650216825351e-05	2.22195065047605e-05	1.11097532523803e-05	
0.00085031911685461	0.00642621256989178	0.0236525902598911	0.0562551600033617	0.0988619566238376	0.13870583407901	0.159609100392037	0.154696282820093	0.129644620990029	0.0960514541940013	0.0630255787855268	0.0365223184049595	0.0193676245939973	0.00926946711687439	0.00423058479214147	0.00182670298649871	0.000650716591604582	0.000244713931885484	7.72455593072865e-05	2.28646855549568e-05	8.65150264241609e-06	
0.00081363649832581	0.00589608664302717	0.0221638779965035	0.053441966358168	0.0954991950060745	0.135558137352706	0.157840542062167	0.155647797872446	0.131816520648341	0.0987494197129678	0.0652995762670012	0.0387353940519345	0.0208236618827968	0.010037113676995	0.00454969726302065	0.00198779174856533	0.000766719674446628	0.000268537084045317	7.84004820086327e-05	1.72851456396985e-05	8.64257281984927e-06	
0.000789997323405	0.00554172613797013	0.0208088262110974	0.0513077917349466	0.0917521930461691	0.1316662205675	0.15623649725819	0.155609073718866	0.133740736230526	0.101502911183407	0.0681456141858299	0.0410829515734113	0.0223338053948534	0.0110785070657781	0.00490379402705154	0.0021437486052962	0.000882101862675223	0.000314020845297136	0.000116212438810751	3.46164711351174e-05	8.03596651350939e-06	6.18151270269953e-07	
0.00077979650847199	0.00522904118529069	0.0193460255502776	0.0488604238693416	0.0891176512553979	0.128373612480218	0.153855650174725	0.155623064854627	0.135845886899108	0.104147189847881	0.0709633433604701	0.0428801228815373	0.0237462615364287	0.0119494354384944	0.00541142795815526	0.00236730586820136	0.000968386913066647	0.000336857202943747	0.000140822440272985	4.90086906676907e-05	7.44435807610491e-06	1.24072634601749e-06	
0.000638718243319994	0.00489621914801566	0.0183533731958072	0.0461130984414406	0.0854392724198483	0.125425269034455	0.151391120885342	0.155651725377225	0.137786236087395	0.106615668521991	0.0734588051561756	0.0455501077255113	0.025484795836724	0.0129729944464411	0.00583784750089849	0.00266908498180367	0.00108377264609982	0.000413397813460754	0.000147730750155645	5.71060042618459e-05	9.3107615644314e-06	1.86215231288628e-06	2.48286975051504e-06	
0.000578993830485268	0.00458597903073202	0.0172685531180247	0.0435835742183739	0.0825643959795961	0.122936169657617	0.148976603555097	0.155246137607948	0.138805073526625	0.108726592528122	0.0763103928771334	0.0475247081889731	0.027079143859466	0.0143220212103083	0.00669756704555973	0.00287260458386682	0.00122756631871125	0.000436109086910577	0.000164006836103123	7.64122759116823e-05	9.31857023313199e-06	3.10619007771066e-06	4.34866610879493e-06	6.21238015542133e-07	
0.000485175469726788	0.00422326013098497	0.0162459330879744	0.0420998295061137	0.0791580530441969	0.120235415575746	0.147545458832055	0.154083539522567	0.139881919954734	0.111290690835271	0.078868933135127	0.0495939912693233	0.0285453173742452	0.0151974080958538	0.00732106207516125	0.00315364055322412	0.00130910516767714	0.000505029197388242	0.000165034111185838	6.94880468150898e-05	1.36494377672498e-05	6.82471888362489e-06	1.24085797884089e-06	
0.000469979297349949	0.00394212186352372	0.0156072808349511	0.0398409758704692	0.0766580875810761	0.116580906812034	0.14594593253999	0.15378677448496	0.140428325987065	0.113232769337509	0.0813039383397082	0.0518471488439315	0.0304345696434296	0.0162155258094897	0.00799956846228106	0.00347028248979903	0.00141055791750809	0.000528261690425009	0.000184767586557104	6.44826476575128e-05	3.3481374745247e-05	6.82028004069847e-06	4.96020366596252e-06	2.48010183298126e-06	
0.000419573831979583	0.003614408549638	0.0146770273101041	0.0379351761528364	0.0732599461309343	0.113477058545734	0.14380908584964	0.153110362172165	0.142164877022104	0.115310912266306	0.0833836367445037	0.0544832424566575	0.0318714976120857	0.0173587052583695	0.00871932679781499	0.00394349821696615	0.00153451227175989	0.000593105106653561	0.000190884402141376	8.55261282321749e-05	3.71852731444239e-05	1.54938638101766e-05	3.71852731444239e-06	1.23950910481413e-06	
0.000407757919258982	0.00324845079834546	0.0136515371359802	0.0363065423799079	0.0705210824456813	0.109940568819204	0.14078538259016	0.152628924824661	0.142704134195049	0.117804294761332	0.0863809473720033	0.0567006258681871	0.0341489522972735	0.0184703818631258	0.00911298730629178	0.00430775513487258	0.00176839473936596	0.000712184165503928	0.0002314134473488	9.03378698206546e-05	4.14564197122182e-05	2.84626165188364e-05	4.33126773112727e-06	3.09376266509091e-06	
0.000379007432619701	0.00293452986103267	0.0126263795345863	0.0341100516598242	0.0677917138111173	0.106551087917996	0.138233393270828	0.151764082070541	0.143591348507211	0.120576832028721	0.0888636628784442	0.0591973807746937	0.0361600250860946	0.0196812263544732	0.00977456465070515	0.00457278022939209	0.00197836941619893	0.000778384971552838	0.000256169518790189	0.000101233255618291	3.76538328824133e-05	2.71601417512489e-05	7.40731138670425e-06	2.46910379556808e-06	3.0863797444601e-06	
0.000353592412670682	0.00281025886167884	0.0122094104862943	0.0324535001336752	0.0652612086946773	0.103136253817751	0.134971891251237	0.15070552158577	0.144980281370854	0.121518747174033	0.0916814612853269	0.0613815483897993	0.0381984528175894	0.0210498368177176	0.010670605875055	0.00508951308969543	0.00222504493826917	0.000866732621302526	0.000265502316831122	0.000101642418276416	4.80491431852147e-05	1.29363077806347e-05	6.16014656220701e-07	6.16014656220701e-06	6.16014656220701e-07	6.16014656220701e-07	
0.000325819841876133	0.00266300963040003	0.0113466299735847	0.0311056705538017	0.0624868460209789	0.100359874458117	0.132525226493878	0.148493466729254	0.145569678506015	0.123825039040089	0.0934605932866386	0.0641380347111647	0.0402151269991747	0.0225877213166558	0.0114362150901834	0.00549169036683878	0.00248138501044648	0.000951688464689045	0.000372453190242585	9.81754702451626e-05	4.78605417445167e-05	1.28855304696776e-05	2.45438675612906e-06	1.22719337806453e-06	1.22719337806453e-06	
0.000260973922824007	0.00252091007610514	0.0103942360294717	0.029450845929205	0.0598677854647327	0.096946298795538	0.129909265615705	0.14741473473471	0.145406583281618	0.126457180979289	0.0962638458612048	0.0664258273516599	0.0418795758499878	0.0238270416768003	0.0126186405218988	0.00589580524239025	0.00267528901636723	0.00119337371281964	0.00039819964750142	0.000135387880150483	4.34956538040012e-05	1.10270671615778e-05	2.45045936923951e-06	0	1.22522968461975e-06	
0.000281048494979173	0.00239320770833794	0.0100962683141754	0.0276489127473288	0.0578923081076968	0.0945004086862394	0.127146216399977	0.145448118938741	0.145473278301829	0.127756791187105	0.098867092289453	0.0691268841908381	0.0435214026406286	0.0252458867509567	0.0132528479171729	0.0064628880985167	0.00291296333114876	0.0012536726533678	0.000485391614691104	0.00016629725357938	5.64551561966898e-05	7.97735902779312e-06	3.06821501068966e-06	0	0	6.13643002137932e-07	
0.000216822209473595	0.0021491810508445	0.0094277736351564	0.0265315448674559	0.0554512051752329	0.0914369354484043	0.125317709030737	0.144328041561071	0.144837850155584	0.129181812486257	0.101793420643686	0.0711588379312336	0.0452187938788572	0.0266126228608001	0.0138397677729718	0.00697700701816024	0.00319582423765188	0.00144466242686089	0.000581673179522647	0.000220507572807424	5.40519955628225e-05	1.96552711137537e-05	4.29959055613361e-06	
