# <P(N_2)> as a function of N_tot.
# number_of_species: 2
# species_total_upper_bound: 100
# species_total_lower_bound: 0
# volume: 512
# Bin widths for each species index 
1	1	1	1	1	1	1	1	1	1	1	1	1	1	1	1	1	1	1	1	1	1	1	1	1	1	1	1	1	1	1	1	1	1	1	1	1	1	1	1	1	1	1	1	1	1	1	1	1	1	1	1	1	1	1	1	1	1	1	1	1	1	1	1	1	1	1	1	1	1	1	1	1	1	1	1	1	1	1	1	1	1	1	1	1	1	1	1	1	1	1	1	1	1	1	1	1	1	1	1	1	
# Bin lower bound for each species index 
0	0	0	0	0	0	0	0	0	0	0	0	0	0	0	0	0	0	0	0	0	0	0	0	0	0	0	0	0	0	0	0	0	0	0	0	0	0	0	0	0	0	0	0	0	0	0	0	0	0	0	0	0	0	0	0	0	0	0	0	0	0	0	0	0	0	0	0	0	0	0	0	0	0	0	0	0	0	0	0	0	0	0	0	0	0	0	0	0	0	0	0	0	0	0	0	0	0	0	0	0	
# Bin upper bound for each species index 
0	1	2	3	4	5	6	7	6	6	7	7	7	7	7	8	8	9	9	9	10	10	10	10	10	11	11	11	12	12	12	12	12	12	12	12	13	13	13	13	14	14	14	14	15	16	16	16	16	16	14	15	15	15	15	15	16	16	17	17	18	18	19	19	17	17	17	17	18	18	18	19	20	22	22	23	23	23	21	21	20	20	20	20	20	20	20	21	21	22	23	22	23	23	23	24	25	24	24	25	22	
# Normalized histogram for each species index 
1	
0.920487701662299	0.0795122983377013	
0.84782437890879	0.145894954741711	0.00628066634949879	
0.780793435787666	0.20149971540463	0.0172280844532889	0.000478764354414449	
0.719191951480697	0.246682616826107	0.0322253054279311	0.00186139836014985	3.8727905115403e-05	
0.661649142428278	0.284387485559979	0.0496037731684166	0.00416277307276299	0.000191920455409459	4.90531515423537e-06	
0.60938737682098	0.314508832650383	0.0678159498236408	0.00776812900113737	0.000503795915518995	1.28550598127569e-05	3.06072852684687e-06	
0.560583716304273	0.338307056137497	0.0871526314758018	0.0127966595788463	0.00109379440094853	6.00178338706358e-05	1.83728062869293e-06	4.28698813361685e-06	
0.517503147784838	0.354889559114911	0.107093008501459	0.0183382868242023	0.00200457770880306	0.000164709671751925	6.7103940343377e-06	
0.475602939289118	0.368738333076856	0.126482372111667	0.0255645893638413	0.00330946777845969	0.000289525209069438	1.27731709883576e-05	
0.436895511528142	0.377060740650912	0.14654398277979	0.0338771241037457	0.00511149176128181	0.00048871439615577	2.18284345677515e-05	6.06345404659764e-07	
0.402234226935164	0.381394096478919	0.164664016951064	0.0433910133646092	0.00738698178633848	0.000882362572787332	4.54826068447078e-05	1.81930427378831e-06	
0.371015218395431	0.3828184764147	0.181468424223835	0.0527012560965113	0.0104405975823688	0.00144388663732017	0.00010971598713474	2.42466269911027e-06	
0.340643915120556	0.383513076014298	0.197194374170506	0.0626518904111253	0.0136302757336751	0.00214354915615595	0.000206519329298108	1.6400064385438e-05	
0.313443022636193	0.37986612454651	0.212788852958424	0.0735232213811411	0.0170245924974269	0.00294418936247351	0.000375931616943931	3.40650008881232e-05	
0.287537020634152	0.374898716415094	0.226593979904606	0.0846332027528437	0.0216093969251186	0.00409760967695787	0.000553369067947512	6.87906542112969e-05	7.91396906855628e-06	
0.264655261730487	0.367516653360231	0.238446255203223	0.0960946118075828	0.0268239467092473	0.00550033215302198	0.000828858917242094	0.000116405921465618	1.76741975000152e-05	
0.244806768590926	0.358644158392643	0.248060851907175	0.107178509016001	0.0325792744242353	0.00733739956457644	0.00117581446660614	0.000186714699938494	2.62376865926642e-05	4.27125130578254e-06	
0.225666164683436	0.349603567435622	0.257268540290101	0.118071579270959	0.0381135189634382	0.00932420126416822	0.00166819457431151	0.000237877836921934	4.14761356684398e-05	4.87954537275762e-06	
0.207126776297496	0.33978138064598	0.264590274694987	0.129119083276827	0.0450446604972901	0.0115828255874648	0.00231900424896703	0.000368308852583772	5.48804581664561e-05	1.28054402388398e-05	
0.190823084662649	0.329240580828555	0.270946483867502	0.139330840765451	0.0514550019048363	0.0143723564290668	0.00318083246231843	0.00056168250774145	8.18102783014721e-05	5.49472018442723e-06	1.83157339480908e-06	
0.174619127130004	0.319911256712766	0.274676695617599	0.150167155958156	0.0585332476310933	0.0170680808349382	0.00412309898974622	0.00076473393479393	0.000121967134735874	1.28065491472668e-05	1.82950702103811e-06	
0.160607514556286	0.306867433454794	0.278941519043428	0.160832116484558	0.0658016330457368	0.020575250213892	0.00513402064379358	0.00104467436392367	0.000169522436325047	2.32557854886347e-05	3.05997177482035e-06	
0.14786953616612	0.294685405056134	0.281301015975113	0.170629238838592	0.0732947355796883	0.0241988579764204	0.00637890903216806	0.0013516556404853	0.000244142417634058	3.73250312673623e-05	9.17828637722023e-06	
0.138028895136957	0.28309788784827	0.281520019397312	0.178866114463733	0.0808190710842901	0.027717705435166	0.00780178494455112	0.00175788138249931	0.000324513107880403	5.69428660997688e-05	9.18433324189819e-06	
0.126939710931006	0.272701139407195	0.281764286015732	0.187025106836627	0.08758187444074	0.0321246895208667	0.00912002828181261	0.00222755972116971	0.000422025317849286	7.58422310337847e-05	1.40675105949762e-05	3.66978537260248e-06	
0.116572105607094	0.261323814118811	0.280834743097246	0.194326336425653	0.0961334807223691	0.0363242721648477	0.0109924941522789	0.00278491990301639	0.000588741839146446	9.34413914827866e-05	1.83218414672131e-05	7.32873658688523e-06	
0.106971296595753	0.249427935738774	0.279743534927744	0.200540727869168	0.104300546757612	0.0413390658527123	0.0133835933736169	0.00345887989299947	0.000702860960824333	0.000111458887201779	1.52266239346693e-05	4.87251965909416e-06	
0.098507475423266	0.238030423461028	0.278542414371538	0.206033124951237	0.111746118436452	0.0461721980572677	0.0154585950300382	0.00437590212218148	0.000973438597175626	0.00014507099945385	1.15812982757275e-05	3.04771007255988e-06	6.09542014511976e-07	
0.0905596044836551	0.227154608167266	0.274832715339044	0.212134607071316	0.119150516618871	0.0517081605689201	0.0177190835418684	0.0052258571245913	0.00124694808239112	0.00022710529039643	3.0443068417752e-05	7.30633642026047e-06	3.0443068417752e-06	
0.083437385638715	0.216339636451174	0.271085333427355	0.217056351162245	0.126663367793187	0.0568915858057661	0.0203883754831289	0.00618113247003354	0.00157993344705126	0.000314284567959023	4.31609367990147e-05	1.33738114025116e-05	6.07900518295982e-06	
0.0768639144417203	0.205894020212852	0.267289558633892	0.221191347608413	0.133967466794124	0.062083372253972	0.023163744484895	0.00722286180120268	0.00184392844101916	0.000385769239634271	7.39997598040583e-05	1.75901068386696e-05	2.42622163291995e-06	
0.0704496663131153	0.194107598681533	0.262597545551631	0.226061474199862	0.141183631665081	0.0681813487680982	0.0261129882137394	0.00843541977239068	0.00230598109289896	0.000468971918787671	7.77570020787849e-05	1.64018676259937e-05	1.21495315748101e-06	
0.0644292519975542	0.185281128476802	0.256055874383533	0.229145874638811	0.147722976644449	0.0745394958371372	0.0293758684027225	0.00982275163469405	0.00280806339658972	0.000672841164507537	0.000112444097049588	3.28215202198799e-05	6.07805929997775e-07	
0.0592388940759281	0.175460066725262	0.249536663919394	0.2315433486106	0.155245414539051	0.0800216537767897	0.0332288153376864	0.0113378202067449	0.00334173735063608	0.00078707829117639	0.000206197481227818	5.1701433346208e-05	6.08252157014212e-07	
0.0548225361149457	0.165757514630685	0.243383989850874	0.232608442050823	0.161638685279879	0.086161851340579	0.0372602463398985	0.0129397711585947	0.00402404584605215	0.00107360546730698	0.000247895320125211	6.86572822895806e-05	1.27593179476212e-05	
0.0508332938867507	0.157499280858455	0.237286973281919	0.232856818614903	0.16742525479458	0.0913989457445634	0.0412307819283674	0.0150473541052969	0.00467290286794862	0.00131326776704426	0.000345916186328664	7.88931653030286e-05	9.70992803729583e-06	6.0687050233099e-07	
0.0464704671743157	0.14868104064017	0.230753725651611	0.233713666573853	0.172032492766607	0.0984685786230524	0.0451696669612484	0.0171101533842597	0.00546287665096909	0.00164219217219714	0.000378315557546336	9.56381729477138e-05	1.57379271939276e-05	5.44774402866724e-06	
0.0429040006636387	0.139711087065645	0.224260233569341	0.233766131537311	0.177458566479827	0.104128305099422	0.0497335454232241	0.0190390438758439	0.00642809177832772	0.00192794312567779	0.000514077799529034	0.000104147681412243	2.42203910261029e-05	6.05509775652573e-07	
0.0396353559405035	0.132311062963924	0.218160022699117	0.232515269956054	0.181160340462452	0.110310053169158	0.0541771296674907	0.0216297795889005	0.00720709116526792	0.00218545834778863	0.000541959645879193	0.000136097489548138	2.43031231335961e-05	6.07578078339902e-06	
0.0365337118886531	0.124808252927851	0.211461804835099	0.231084657130983	0.184870646405925	0.115792413600488	0.0589908612478331	0.0246087325313169	0.00841709559393979	0.00251849625267959	0.000678454535331661	0.000181935341761584	3.89426818486334e-05	1.09526292699282e-05	3.04239701942449e-06	
0.0332943725272522	0.118306158578632	0.204352891984018	0.22977237271309	0.188598829219626	0.121369431579771	0.0628010700365319	0.0274251879166076	0.00989649303840492	0.0030516581164814	0.000841162173132693	0.000215181021033945	6.66327593542613e-05	6.11309718846434e-06	2.44523887538574e-06	
0.0302228499186755	0.111634848738889	0.197536522591565	0.227590481913408	0.19228255641619	0.126644694571146	0.0680659701357366	0.0300043936032075	0.0112575373548061	0.00338025962645806	0.00101273165854238	0.000287603552576989	5.75207105153978e-05	2.01934409256184e-05	1.8357673568744e-06	
0.0281874513406047	0.105314895362345	0.190372132319171	0.225080249627303	0.194508641417404	0.132110411698394	0.0725163139448924	0.0333849501555873	0.0128276603948748	0.00407326723432891	0.0011862454471998	0.000329717290448391	8.2275822942429e-05	2.51739458256686e-05	6.13998678674843e-07	
0.0263013708750009	0.0992222186652745	0.184371236988754	0.221836977426242	0.197042657926425	0.136708274746301	0.0766706230869436	0.0364117894757579	0.014601407073784	0.0048880669603611	0.00140177940412371	0.000413084751939836	9.41907109490237e-05	3.32437803349496e-05	1.23125112351665e-06	1.84687668527498e-06	
0.0238179340036654	0.0934439498428351	0.176995045559034	0.219868806255282	0.198864984856807	0.141670997256163	0.0814970709187199	0.0393852473922454	0.0162990443113315	0.00588220426697144	0.00168107011486388	0.000436449446763339	0.000112811085815948	3.88366033136869e-05	2.46581608340869e-06	6.16454020852174e-07	2.46581608340869e-06	
0.0218763507393342	0.0875473317560706	0.171267427427724	0.216048617675332	0.200549143943416	0.146282179582278	0.0857289784109849	0.0430380621002505	0.0181508536518442	0.00669319279786558	0.00206992613748823	0.00057960398249596	0.000118387196424707	4.50117986406437e-05	3.69959988827208e-06	0	1.23319996275736e-06	
0.0200232149641537	0.0821368128641986	0.164541300926132	0.212916500140622	0.201759871910633	0.149297383444104	0.0910922134888563	0.0465471133018537	0.0204074583931594	0.00772002407843253	0.00257375253489646	0.000725313439021863	0.000214016805561723	3.94728402188769e-05	3.70057877051971e-06	6.16763128419952e-07	1.2335262568399e-06	
0.0188516448911554	0.0771785760861436	0.157653918634024	0.209463339079291	0.203372294182326	0.153808309161784	0.0952749437714044	0.0495071229068407	0.0222133083304851	0.00867209040581625	0.00274174278670094	0.000945641673501452	0.000248462714214107	6.05705124203544e-05	5.5625980794203e-06	1.85419935980677e-06	6.18066453268923e-07	
0.0175375205181875	0.0727431231202618	0.150098159380145	0.205552486034021	0.204173366851271	0.15799607609966	0.100026666683166	0.0532467460150014	0.0242976175081934	0.00972127438284571	0.00321980090938958	0.00100541438850078	0.000296983942449462	7.54834187059048e-05	8.66203165477597e-06	0	6.18716546769712e-07	
0.0162649733631506	0.0687197909903263	0.144395429863105	0.200208093616131	0.204808188069093	0.161702109222533	0.104961008752682	0.0566296880638319	0.0263038501032731	0.0105742752468249	0.0038375384295431	0.00111907572267967	0.000359614488316862	9.03678404376279e-05	2.59962280710984e-05	
0.0149057791508313	0.0647697998587646	0.139129880939277	0.195219638402679	0.203871854203485	0.165398804569498	0.109610192696075	0.0605240798981918	0.028687363881575	0.0117081942518913	0.00432858137547475	0.00128435193098015	0.000408741755598402	0.000121818647281218	2.72082257886984e-05	3.71021260754979e-06	
0.0135190889064548	0.060614433081656	0.134235638407271	0.191278722565969	0.201913474857456	0.16804977710818	0.114072539579095	0.0647953582995299	0.0310152914443737	0.0132874003553384	0.00500918081371002	0.00160881060761871	0.000433641673212591	0.000136287383009671	2.41600360789872e-05	6.19488104589416e-06	
0.0123208563834499	0.0566600822464085	0.127860397902153	0.187664649220121	0.201314158609579	0.169907155338429	0.118006686004917	0.0691395098044681	0.0341417366145178	0.0147087152823589	0.00565900879388659	0.00185763653380756	0.000580395275817834	0.000138749777783559	3.40680257950703e-05	6.1941865081946e-06	
0.0113502981433254	0.053441812087721	0.122058398595691	0.18324692529061	0.200850282365272	0.17272822334793	0.121055409428098	0.0724924188002616	0.0373036483189567	0.0164339249175055	0.00603464117923311	0.00214148396609513	0.000655253256311685	0.000168299231082888	2.78436227894484e-05	1.11374491157794e-05	
0.0105239326215931	0.0501626560913918	0.116684945759653	0.178025994045531	0.198843128267272	0.17533268877107	0.125440352938047	0.0764715597726341	0.0400575033666316	0.0178887678530448	0.00701471791740819	0.00249474050801651	0.0008134351024155	0.000194234693656629	4.02078187505761e-05	1.11344728847749e-05	
0.0093910716749907	0.0468668684402195	0.111592614617671	0.172927896792271	0.197903716762902	0.177093730642827	0.129630947467301	0.0799546783019586	0.0425611833641398	0.0197524385783937	0.00813055421308005	0.00289417779546201	0.000961631878158642	0.000269801479328937	5.25989122544946e-05	1.48514575777396e-05	1.23762146481164e-06	
0.00890828342850069	0.0439379168407533	0.1066208625412	0.167767513114526	0.196179688346254	0.178930721260232	0.133324048713306	0.083563437166334	0.0453770329449267	0.02163564056141	0.00895842037664609	0.00335793757640469	0.00102316512696718	0.000305773486220076	8.35615802423286e-05	2.16641133961593e-05	4.33282267923185e-06	
0.00803848978774232	0.0409757720090907	0.101495671011729	0.163232286512005	0.193571062920565	0.180595226613448	0.136949850012489	0.0883053018668685	0.048454127067738	0.0231559449707815	0.00981286801346302	0.00368848100858873	0.00119384123828107	0.000373423152730069	0.000115612797285634	2.22570091031167e-05	1.54562563216088e-05	4.32775177005047e-06	
0.00768883836449233	0.0389044718209789	0.0962862509112926	0.157813639115768	0.19028036921252	0.18133487377825	0.141410989880018	0.0919590010997294	0.0520326458994921	0.0252845086433788	0.0107371893882292	0.00421295209381062	0.00146053948522779	0.000428153072446218	0.00013283248279356	1.79169395395964e-05	1.29743355286733e-05	1.85347650409618e-06	
0.00692560181792429	0.0368080402505188	0.0921635885529889	0.153314694272184	0.187855871612176	0.181442638699864	0.143777365857263	0.0963105743827864	0.05489552477784	0.0275847841214906	0.0118072704655044	0.00467413460768677	0.0017206234642789	0.000534538714027946	0.000142256270668728	3.32547126238584e-05	5.5424521039764e-06	1.23165602310587e-06	2.46331204621173e-06	
0.00637562825646009	0.0343586102002681	0.0884313583362307	0.148337324115834	0.184849605446957	0.180901003613204	0.146589078811095	0.100108850691497	0.0588082446413149	0.0299271830645032	0.01330410991217	0.0052416645064432	0.00191410132451389	0.000629638593590095	0.000183670184861891	2.39569806341597e-05	1.10570679849968e-05	1.22856310944409e-06	3.68568932833226e-06	
0.00600035350348962	0.0319276250702711	0.083782168203834	0.14457863120503	0.182193611897356	0.181406207423082	0.148233955483109	0.103699266725748	0.0623080586521207	0.0322621031984701	0.0145758817334436	0.00577450405178826	0.0022627905663666	0.000709461864583615	0.000224008287692923	4.29604935301497e-05	9.81954137831993e-06	3.06860668072498e-06	3.06860668072498e-06	2.45488534457998e-06	
0.00545303612605688	0.0301257494235204	0.079391237509608	0.139584934665642	0.179903458877786	0.182374173712529	0.151032129131437	0.106305303612606	0.0651369715603382	0.034364950038432	0.0162152190622598	0.00647686395080707	0.00243750960799385	0.000863950807071483	0.000246579554189085	6.64104534973098e-05	1.66026133743274e-05	1.84473481936972e-06	1.22982321291314e-06	1.84473481936972e-06	
0.0051669620037905	0.0280393640434651	0.0759942674201666	0.134402626241217	0.176214599594332	0.182442557134794	0.154271954967455	0.110256043731254	0.0674465374084106	0.0367633105032397	0.0174700740109082	0.00739616168536861	0.00273690021712824	0.000985210141194969	0.000287121904813543	0.000111521598221569	1.29389699594086e-05	1.84842427991551e-06	
0.0047041261342397	0.0261490441852288	0.0727603585153566	0.130256672814642	0.172876943860147	0.181974301875852	0.156242250775694	0.114090788524054	0.0707136380179258	0.0383775514610179	0.0186684596546853	0.00855082565864551	0.00308920321010653	0.00105852090825535	0.000337418960848297	0.00011905275949492	2.65247080739978e-05	4.31797573297638e-06	
0.00426904110436086	0.0243336579634868	0.0684555333982594	0.12620754687814	0.170631792113033	0.181160939263244	0.157616287158559	0.116582417412543	0.0746129944812874	0.0410987957767163	0.0202872203929571	0.00924670345808406	0.00365935475892346	0.00124596144630463	0.000426656773176274	0.000128615375102413	2.72070985793566e-05	9.27514724296248e-06	
0.00383143421993002	0.022585166186603	0.0645026158572617	0.121289767682174	0.166956354939809	0.18051611745524	0.160350967294823	0.119656829228299	0.0782566726790648	0.0438777183413206	0.022015277472689	0.00999563765968177	0.00407956166214448	0.00138109838160268	0.000492542254370848	0.000149742745675559	4.57891040495512e-05	1.67068352613227e-05	
0.00368433886757794	0.0212469936710819	0.0610951640035203	0.116360247017189	0.163500969823451	0.179285511815507	0.162277395501059	0.123452274412381	0.0811835683313962	0.0463423359191166	0.0239113778177178	0.0106674390595621	0.00457122910732919	0.0017019875501158	0.000482745559669208	0.000155345045483296	6.18904563678472e-05	1.48537095282833e-05	4.3323319457493e-06	
0.00329233110062443	0.0197738273938068	0.05795494776602	0.111921276705238	0.159374246282487	0.179223096663709	0.163455248788007	0.126230826511512	0.0843245978054846	0.0489509492267982	0.0257663660166948	0.011865412480725	0.00505692136660882	0.00193633710494352	0.000634905281928326	0.000169886764890978	4.96019751506505e-05	1.17804690982795e-05	7.44029627259757e-06	
0.00312225328612503	0.0184784012076851	0.0547182647472154	0.107815813126623	0.155120122953465	0.177426543249726	0.165110712742766	0.129895047597293	0.0877011773936448	0.0517400199625578	0.0272598161656992	0.0129738003843537	0.00556170764287878	0.00210488288136182	0.00071011088654613	0.000204218952511955	3.78643042651345e-05	1.11730733897118e-05	8.06944189256966e-06	
0.00290946972867893	0.0170078720627037	0.0521354404045478	0.102997212688314	0.151420164758335	0.175112004042997	0.166088431261297	0.132504890972397	0.091531719234931	0.0552365184337727	0.0291573265371295	0.014137468104039	0.00617797248653626	0.00239541380261865	0.000877429596351381	0.000238115169610551	6.01488839901654e-05	3.72054952516487e-06	6.20091587527478e-06	2.48036635010991e-06	
0.00262822915085837	0.0161150152224208	0.0492958662533023	0.0990346228773008	0.147413117607525	0.17220878409559	0.167079308347709	0.135364641243314	0.094813846673212	0.0581518153859495	0.0315777737170891	0.0153097600029733	0.00676352441626739	0.00282334868480143	0.00102391298288213	0.000289891879001112	8.73392199554632e-05	1.11496876538889e-05	3.09713545941359e-06	4.33598964317902e-06	6.19427091882718e-07	
0.00243185437432677	0.0151896219357362	0.0471240854160135	0.0948652919063391	0.143595506315557	0.170917082892274	0.166746238448381	0.137795561570865	0.0975206508951049	0.0611111283568375	0.0338764702412919	0.0166424019295898	0.00739738189178031	0.00303531683331212	0.00120630407181948	0.000398583229082917	0.000117960768731704	1.67628460829264e-05	6.20846151219497e-06	2.48338460487799e-06	1.24169230243899e-06	6.20846151219497e-07	1.24169230243899e-06	
0.00212626788739166	0.0138024167273861	0.044355327130321	0.090763623985395	0.13988581637071	0.168759080741653	0.168421784959341	0.140208204052146	0.100819759196901	0.0634519831811775	0.0361838243378474	0.0178766764625313	0.00804664744763996	0.00329282678091241	0.00133675971185126	0.00047395337367217	0.000150944521366104	3.10585434909679e-05	3.72702521891614e-06	4.96936695855486e-06	1.86351260945807e-06	1.24234173963871e-06	1.24234173963871e-06	
0.0019739299540763	0.0127808235439625	0.0417067284534918	0.0869828145034131	0.135890409596681	0.1668101329233	0.167504986099829	0.143173316146387	0.104213681646616	0.0666369168407425	0.0381050521046655	0.0196031878720153	0.00882488394771075	0.0036426963037913	0.00143569842377715	0.000476080083382381	0.000171537993490257	3.85338970883912e-05	1.61593761983576e-05	5.59363022250839e-06	3.107572345838e-06	1.8645434075028e-06	1.2430289383352e-06	6.21514469167599e-07	
0.00192351077072808	0.0118387582137639	0.0393856698136836	0.0834586153084112	0.131705485952156	0.164235502353271	0.167584089116658	0.144654846345982	0.107154154938637	0.0698877651663697	0.0406149765356546	0.0209808724100192	0.00984501910148741	0.00427771393696975	0.00157609800147542	0.000592901219797929	0.000181475006479031	6.89853620519603e-05	1.61587334536123e-05	9.94383597145373e-06	1.86446924464757e-06	3.10744874107929e-06	1.24297949643172e-06	1.24297949643172e-06	
0.00177492180045685	0.011202914321094	0.036926562532958	0.0807189270811749	0.128144266835081	0.161305091748754	0.16745124703611	0.14558577382496	0.110279657200003	0.0726700506606481	0.0428667499637075	0.022859950542899	0.0106662812007182	0.0046727406504862	0.00185371070946	0.000655747061545925	0.000230783261017109	8.49927601057633e-05	2.60561746309639e-05	7.44462132313255e-06	6.20385110261046e-06	8.06500643339359e-06	1.24077022052209e-06	6.20385110261046e-07	
0.00167512504476413	0.0103908645792668	0.034890887232866	0.0766318504639023	0.124720165985714	0.159316866752771	0.166145220121609	0.147310459197765	0.11305139015518	0.0760217549029526	0.0453965714243156	0.0241810103256967	0.0118884847100619	0.00512529922921905	0.00211268086416343	0.000731742285208193	0.000276187715791048	8.37872845658236e-05	2.97910345122928e-05	9.93034483743095e-06	3.7238793140366e-06	6.20646552339434e-06	
0.00153858586863274	0.00985005781352961	0.032987902674342	0.073073814822643	0.120786139672514	0.15647884522137	0.166409095995325	0.148636719672763	0.115452996978777	0.0788576543869901	0.0477651651726324	0.0260098718155935	0.0127736817893598	0.00576891994380276	0.00231316283522522	0.000864094689858388	0.000289067648046151	0.000108167248946302	2.54876850965424e-05	4.3515559920926e-06	4.97320684810583e-06	1.24330171202646e-06	
0.00133198080303684	0.00917752831938147	0.0313298822638567	0.0702450184602949	0.116425334660955	0.152525812965983	0.165551700968753	0.150840754502674	0.118449771122233	0.0820535046538376	0.0500442436821205	0.0277766880319127	0.0138908348636479	0.00628627686145718	0.0025742910891792	0.000997584500451155	0.000327546471434025	0.000131392215727337	3.48718676811889e-05	3.11355961439187e-06	1.86813576863512e-06	
0.00119835593538096	0.00851679784844036	0.0296449839399128	0.0671110466119351	0.112882139451509	0.150095326598706	0.16335696619129	0.15194829380648	0.121402051530551	0.0853523409360007	0.0527656547700982	0.0296244300179442	0.0147720414342153	0.0067902684030786	0.00290744568937543	0.00109371778717722	0.000361250749751017	0.000123323531811554	4.79591512600488e-05	4.35992284182262e-06	1.24569224052075e-06	
0.00114052684500284	0.00808822065367806	0.0278741525381545	0.0643971447629098	0.110022574093801	0.14676645395084	0.162233565960158	0.151956379981483	0.123834584407698	0.0881453652174779	0.0558540822523321	0.0314543988371977	0.0158802652144912	0.00737142473145042	0.00314033769052336	0.00121021533744164	0.000418130954632791	0.00015368801457485	4.7910838551674e-05	8.71106155484982e-06	1.86665604746782e-06	
0.00107760362840894	0.00762965754216832	0.0262834551466921	0.0617442628333078	0.106698926375981	0.144102280938044	0.162090737583308	0.15339342543642	0.125261317325354	0.0902811718457553	0.0578995869911541	0.0327378842654947	0.0171763675865783	0.0081096979352045	0.0034983254549502	0.00128031498609002	0.0004918548586679	0.00016975521670839	5.47196302942797e-05	1.49235355348035e-05	3.73088388370089e-06	
0.000956371169145075	0.00711550112043615	0.0249876873438347	0.0588778453754535	0.102534072279494	0.141493744672558	0.160694639278089	0.154366151932262	0.128148132928121	0.0932113212927698	0.0600353284506102	0.0345956062963593	0.0181822596883948	0.00854756732423411	0.0039020690866095	0.00154040512530268	0.000511185371007882	0.000191772343812945	7.4716497589459e-05	2.24149492768377e-05	1.12074746384188e-05	
0.000847835898868139	0.00643981237890285	0.0236808047458861	0.0562327159924293	0.0988252485530683	0.138613688559951	0.159534039364522	0.154678308617254	0.129696449811855	0.096077886195486	0.063069639744552	0.0365435974674643	0.0194123250403345	0.0092725817351211	0.0042410497205882	0.00183095149630568	0.000650215325381963	0.000243129412175422	7.79260936459687e-05	2.30661237192067e-05	8.72772248834849e-06	
0.000810882011684922	0.00590972304829357	0.0221560119552159	0.0534360035349972	0.0955327376485294	0.135450927002558	0.157776339808141	0.155575374347853	0.13184306256808	0.098794949612589	0.0653152381670081	0.0387834527754648	0.0208817687939967	0.0100432283567059	0.00456261260952668	0.00199108278906044	0.00076915459633708	0.000267802814918983	7.3490074791721e-05	1.74383228319338e-05	8.7191614159669e-06	
0.000783328084120455	0.0055481581499487	0.0208037220557373	0.0512793007424778	0.0917373231508998	0.131622193879938	0.156201607194644	0.155545507557307	0.133788195819548	0.101556989300961	0.0681757374104645	0.0410954119800551	0.0223473024762772	0.0110894559424728	0.00491575792916993	0.0021485392116202	0.000886233445489783	0.00031495277267582	0.000116626076218571	3.49254559798929e-05	8.10769513818943e-06	6.23668856783802e-07	
0.000778684573908058	0.0052141820744808	0.0193250231915301	0.0488180144044127	0.0891581318080129	0.128330222350751	0.153909760222739	0.155614854096795	0.135839771252017	0.104180985323924	0.0709548150123375	0.0428864910745472	0.0237229635583131	0.0119600692553547	0.00542012035809475	0.00237361085551395	0.000972729765155242	0.000339892060797488	0.000141465203941496	4.94502261565406e-05	7.51142675795554e-06	1.25190445965926e-06	
0.000634536844478966	0.00489276139410188	0.0183383027235599	0.0460950615118639	0.0854407306256421	0.125419683796447	0.151411265064769	0.155792262784696	0.137783443161033	0.106593420360302	0.0734346420786249	0.0454868332038786	0.025464784144722	0.0129788780035579	0.00583736313297086	0.00267219563528852	0.00108679311468016	0.000416551827816893	0.000149081706797625	5.76282227957205e-05	9.3959058906066e-06	1.87918117812132e-06	2.50557490416176e-06	
0.000576865438612112	0.00458357212636363	0.0172420063379955	0.0435815568594944	0.0825431739888866	0.122881116811489	0.149027542816583	0.155305343655045	0.138864678654599	0.108709037851151	0.0762804218140412	0.0474904472337421	0.027090729646996	0.0143250737071003	0.00669979044735915	0.00287492177830058	0.0012283471676534	0.000435157189561745	0.00016553529977565	7.71244010318367e-05	9.40541475998009e-06	3.1351382533267e-06	4.38919355465737e-06	6.27027650665339e-07	
0.000484079847499192	0.00422270428420059	0.016228886478579	0.0420642216772584	0.0791768012404468	0.120219633226539	0.147533509848176	0.154091445376004	0.139937276277457	0.111316446691098	0.0788586737339402	0.0495834283123461	0.0285350353572422	0.0151918409061875	0.00731943759064755	0.00316060930184789	0.00130883167047	0.000509129257460341	0.000165952340992608	7.01383478912154e-05	1.37771754786316e-05	6.8885877393158e-06	1.25247049805742e-06	
0.000466823025263511	0.00392919809065628	0.0155910129684187	0.0398044850053441	0.0766590990440766	0.116595621124931	0.145980440991317	0.153816309519936	0.14042049115289	0.113228988583486	0.0813323354417547	0.0518242392536839	0.0304298526441207	0.0162073945768431	0.00799231056121389	0.00347489042800037	0.00141548751091965	0.000531277142692655	0.000186478902853252	6.50798855595243e-05	3.37914790405222e-05	6.88344943418046e-06	5.00614504304033e-06	2.50307252152017e-06	
0.000419067443588518	0.00360773285763966	0.0146536001020773	0.0379581282821737	0.0732335994515846	0.113464074036082	0.143873359069495	0.153115359885113	0.142133290967908	0.115278573519441	0.0834200656997676	0.054481269561693	0.0318772720335654	0.0173487666907683	0.00872661040738359	0.00393798302213927	0.0015374145915531	0.000596702001766338	0.000192645929291438	8.63153839033068e-05	3.75284277840464e-05	1.56368449100193e-05	3.75284277840464e-06	1.25094759280155e-06	
0.000409746213439051	0.00323674524091641	0.0136403015382348	0.0362812782832633	0.070481970229689	0.109922541725719	0.140819030213162	0.152681058169596	0.142675380436242	0.11781015633442	0.0863896174307039	0.0567167460654057	0.0341657136111321	0.0184573179986646	0.00910935789145598	0.00430483369363101	0.00177702435553979	0.000718305099778824	0.000233605310710679	9.11935170153986e-05	4.18490797262446e-05	2.8732203991153e-05	4.37229191169719e-06	3.12306565121228e-06	
0.000382565243262272	0.00292593873348474	0.0126034686330769	0.0341149751862202	0.0677439554380029	0.106588035178556	0.138253097438869	0.151779956447377	0.143588449520392	0.120570981740921	0.0888728967478839	0.0591954291553346	0.03616487689686	0.0196840409855728	0.0097597751961893	0.00457271387671305	0.00197575632961672	0.000783822599387522	0.000258574227937855	0.00010218355031761	3.80072961547208e-05	2.74150988657003e-05	7.47684514519099e-06	2.49228171506366e-06	3.11535214382958e-06	
0.000354411710757763	0.00280855736402249	0.0121992241492409	0.0324753046541719	0.0652360040017435	0.103141890904614	0.134992933527907	0.150613785123289	0.145028380916733	0.121568190989362	0.0917105587953484	0.0613269050095784	0.0382124219439296	0.0210439725449061	0.0106665489439464	0.00507803586273448	0.00222968490311814	0.000872972003340175	0.000267984995327361	0.000102592863640405	4.84984446300097e-05	1.30572735542334e-05	6.21774931153971e-07	6.21774931153971e-06	6.21774931153971e-07	6.21774931153971e-07	
0.000326939438184297	0.00267000541183843	0.0113555726455716	0.0311230245860934	0.0624825849020854	0.100320871244066	0.132522548294776	0.148415644052117	0.145567927241114	0.123874752473408	0.0935257322390769	0.0641234741278209	0.0402129316931872	0.0225804933565658	0.0114366883016363	0.00548676204877094	0.00247681392563862	0.000956050175296506	0.00037585651321566	9.90725570255446e-05	4.8297871549953e-05	1.30032731096027e-05	2.47681392563862e-06	1.23840696281931e-06	1.23840696281931e-06	
0.000260318280835813	0.00252156282481816	0.0104220062315621	0.0294635773915119	0.0598626929276903	0.0968934321264912	0.129861103811344	0.147344475285531	0.145412184008543	0.126533852815673	0.0963356955723014	0.0664609265970465	0.0418809448873428	0.0238015002000308	0.0126022491252131	0.00588405881338147	0.00266996279489084	0.00119461975908502	0.000399443252778944	0.000136651639108586	4.39016578131657e-05	1.11299977554505e-05	2.47333283454455e-06	0	1.23666641727227e-06	
0.000283097645767411	0.00240044502702127	0.0101153204764465	0.0276816223167671	0.057933424354079	0.0944524011883906	0.12714925007	0.145388295987571	0.145441570380429	0.127758808239442	0.0989082466282265	0.0691786575348576	0.0435524356309051	0.0252006462307748	0.0132343503373632	0.00644496259642046	0.00290593228948562	0.00124947035341984	0.000485664232563787	0.000166637345101605	5.69912109641178e-05	8.05310589710361e-06	3.09734842196293e-06	0	0	6.19469684392585e-07	
0.000218885408218186	0.00216591141899752	0.00942199370502928	0.026589306486697	0.0554121122379886	0.0914320934374062	0.12535189084749	0.144240523439961	0.144820910811327	0.129114487609722	0.101769933453875	0.0712654924983692	0.0453167203649	0.0266116290779034	0.0137910208617016	0.00697518968001806	0.00318282946284405	0.00144662792456948	0.000573566579608561	0.000220125552174096	5.45663340600577e-05	1.98423032945664e-05	4.34050384568641e-06	
