# <P(N_2)> as a function of N_tot.
# number_of_species: 2
# species_total_upper_bound: 100
# species_total_lower_bound: 0
# volume: 512
# Bin widths for each species index 
1	1	1	1	1	1	1	1	1	1	1	1	1	1	1	1	1	1	1	1	1	1	1	1	1	1	1	1	1	1	1	1	1	1	1	1	1	1	1	1	1	1	1	1	1	1	1	1	1	1	1	1	1	1	1	1	1	1	1	1	1	1	1	1	1	1	1	1	1	1	1	1	1	1	1	1	1	1	1	1	1	1	1	1	1	1	1	1	1	1	1	1	1	1	1	1	1	1	1	1	1	
# Bin lower bound for each species index 
0	0	0	0	0	0	0	0	0	0	0	0	0	0	0	0	0	0	0	0	0	0	0	0	0	0	0	0	0	0	0	0	0	0	0	0	0	0	0	0	0	0	0	0	0	0	0	0	0	0	0	0	0	0	0	0	0	0	0	0	0	0	0	0	0	0	0	0	0	0	0	0	0	0	0	0	0	0	0	0	0	0	0	0	0	0	0	0	0	0	0	0	0	0	0	0	0	0	0	0	0	
# Bin upper bound for each species index 
0	1	2	3	4	5	6	7	6	6	6	6	6	7	7	7	8	8	9	9	10	10	10	10	10	11	11	11	12	12	12	12	12	11	11	12	11	12	12	13	13	14	14	14	15	16	16	16	16	16	14	15	15	15	15	15	16	16	17	17	17	16	17	16	17	17	17	17	18	18	18	18	19	22	22	23	23	23	21	21	20	20	20	20	20	20	20	20	20	20	21	22	23	23	23	24	25	24	24	25	22	
# Normalized histogram for each species index 
1	
0.920060908765821	0.0799390912341792	
0.847426678184808	0.146228566651462	0.00634475516373018	
0.780260261965135	0.201700820604831	0.017542648986981	0.000496268443053196	
0.719764849862319	0.246055334586302	0.0323178460597054	0.0018430292699273	1.89402217462884e-05	
0.661059288952072	0.284612897211508	0.0499580502697601	0.00420808231469289	0.000157311488399734	4.36976356665929e-06	
0.609953523441332	0.314027536596833	0.0677061423874075	0.00783391289538917	0.000462873337185759	8.73345919218414e-06	7.27788266015345e-06	
0.561967348373592	0.337585104420418	0.0864865728575185	0.0128599007290618	0.00103134864087133	5.51989413424092e-05	4.35781115861125e-06	1.01682260367596e-05	
0.519504326147529	0.353145334978103	0.106675695648548	0.0184173977554066	0.00212209828938174	0.000119332085378513	1.5815095652574e-05	
0.475612534551118	0.369476657128241	0.125212250261148	0.0260202699894967	0.0033888396125976	0.000269387673221289	2.00607841760534e-05	
0.437471604627838	0.376427626446914	0.146535836031191	0.033687269443865	0.0052961833762419	0.00055004871860079	3.14313553486166e-05	
0.402915916113716	0.380637022569569	0.164736946106241	0.0431616870043845	0.00754609994071944	0.000926437696706922	7.58905686637819e-05	
0.370825301152899	0.382930311797035	0.181588087761686	0.0525728354770038	0.01055938450754	0.00143358260624743	9.04966975887658e-05	
0.341330448829057	0.383201310684988	0.196825702774274	0.0624459694854353	0.0138562648066984	0.0021331714635455	0.000195624625112736	1.15073308889845e-05	
0.314237363088382	0.379262704111937	0.212579899734234	0.0734723488751534	0.0171440297935866	0.00295247853564001	0.000332388675084289	1.87871859830251e-05	
0.288520072124596	0.37421357729608	0.226751457891411	0.0845830061843804	0.0212874558439286	0.00407472154382495	0.000497411004640093	7.22981111395484e-05	
0.265040483607173	0.366924228326389	0.238682794611432	0.0964281379852398	0.0264935012396479	0.00558997416677744	0.000719515930487248	0.00010691602179931	1.44481110539608e-05	
0.245028696522572	0.359410083029085	0.248067575449891	0.106834597132508	0.0322409211691763	0.00723570034637459	0.00104272433335494	0.000115218158381761	2.44838586561242e-05	
0.224963476911495	0.350503391275128	0.257434052930716	0.118106943064363	0.0381714948290806	0.00921405774758183	0.00140323652972251	0.000181714082985649	2.01904536650721e-05	1.44217526179086e-06	
0.207348755936299	0.340060898424772	0.263557252304596	0.129198660926683	0.0456132661682146	0.0117716770422742	0.00207896611083398	0.000305645503118449	5.9110686923851e-05	5.76689628525376e-06	
0.191756556988924	0.328991361289801	0.27045630406412	0.139290540150369	0.0514496979916154	0.0143670527908347	0.00309515285204476	0.000486504902583529	0.000102498065529467	1.44363472576715e-06	2.88726945153429e-06	
0.174651346702225	0.319016324363015	0.27535240536141	0.150890682182893	0.0583619067410152	0.0167515210288736	0.00414603031667417	0.000708562786455628	0.000112561909049977	7.21550699038317e-06	1.44310139807663e-06	
0.161127901100126	0.304780054361914	0.279620654051729	0.161432003440701	0.0662740367558362	0.0202879704354601	0.00526386670470359	0.00101946689411591	0.000175220872426172	1.30329574531863e-05	5.79242553474948e-06	
0.149452032381418	0.293191996443894	0.280272152182821	0.170775639512744	0.0736965407598426	0.0244496795015659	0.00657068847436375	0.00130458138285627	0.000247595356790701	3.47502255144843e-05	4.34377818931054e-06	
0.137880140588893	0.284157125017906	0.280708963916579	0.177711248703141	0.0812408749618358	0.028227749376712	0.00807706054033249	0.00165245487944459	0.000303866483960914	3.76215646808751e-05	2.89396651391347e-06	
0.125910126702923	0.271963620925188	0.282870700635103	0.186731572912665	0.088059541997961	0.032495963817319	0.00934026103054791	0.00217766135344252	0.000371126636495178	7.07595532617266e-05	5.77629006218176e-06	2.88814503109088e-06	
0.115639791282872	0.259670190006448	0.281711861301496	0.195108967710012	0.0969247836442403	0.0363668101104031	0.011128310253943	0.002778471033069	0.000568389193680782	8.07862813353395e-05	1.29835095003224e-05	8.65567300021495e-06	
0.106307328224056	0.247983255696115	0.280000690961646	0.201867323847965	0.104100569467556	0.0419169003460566	0.013480949611622	0.00348503780136004	0.000719751714448584	0.000122357791456259	1.29555308600745e-05	2.87900685779434e-06	
0.0985532815299441	0.236885915791385	0.277635320859585	0.20720202601124	0.112195993813574	0.0461935175135526	0.0157356038035276	0.00444090824573314	0.000958521253947594	0.000180173168035262	1.15310827542568e-05	5.76554137712839e-06	1.4413853442821e-06	
0.0895894236661543	0.227650362155049	0.274610685116698	0.212686261931312	0.119246384548817	0.0517852299293486	0.0175789070337155	0.00523391900987513	0.00129161697529137	0.000259758525030819	4.59241591214708e-05	1.43512997254596e-05	7.17564986272982e-06	
0.0834686465960324	0.216306997587925	0.27055083565758	0.21733666368192	0.126640360911533	0.0571300449711308	0.0203948148243355	0.00607088844046288	0.00164518077709086	0.000362739511615519	5.99805491647709e-05	1.856540807481e-05	1.42810831344692e-05	
0.0767583561237344	0.207276379443415	0.266354520203209	0.220485538973369	0.133857762218009	0.0622152983152936	0.0235565009351554	0.00719591755795324	0.00177044680599127	0.000422282235756178	8.27444921414132e-05	1.85461792730754e-05	5.70651669940781e-06	
0.0702481166849088	0.194634674688445	0.263762577433897	0.224640711000501	0.140082396373075	0.0684400771163838	0.0264284868264268	0.00884326851314075	0.00233033039889605	0.000485188203076949	8.84754958552084e-05	1.42702412669691e-05	1.42702412669691e-06	
0.0642757972531346	0.185263187873351	0.257504752547152	0.229238666866024	0.146539362482289	0.074031512769578	0.0293340738050993	0.0100262725078497	0.00299463869961766	0.000649336779375013	0.00011249474905839	2.99036674712177e-05	
0.058796528601405	0.175847892528054	0.249937277620655	0.23154536538637	0.155038317671745	0.079768611440562	0.0330874806130827	0.0113841118511085	0.00348536857950917	0.000813965422862877	0.000246612991515373	4.84672931301889e-05	
0.0540073053909237	0.165398882872127	0.244423598970992	0.233601955684418	0.161312696314615	0.0854872866299976	0.0370343523927287	0.0130999587828139	0.00416862092980287	0.00108728094486846	0.000301311843545247	6.68002672010688e-05	9.94897596611663e-06	
0.0507397629867691	0.157570012143988	0.237655147591254	0.233302016865547	0.1676337928777	0.0904309060945247	0.0408346901440983	0.0152090338798836	0.00483208846831298	0.00133342969169575	0.000378348275964682	8.07709802621231e-05	
0.0469775440816004	0.148915891967604	0.23160630979679	0.233626834144744	0.171758689243073	0.0976007861830587	0.0448581820646342	0.0169690158027313	0.00558856419930192	0.0016392933389059	0.000352991675044336	0.000100249635712591	5.64786680070937e-06	
0.0435204776058649	0.13981193703721	0.225457896425447	0.234000302461101	0.176418210419644	0.103869947380249	0.0492008101434711	0.0187865091042205	0.00638277724305293	0.00193066291275693	0.000504572957433547	0.000106002722149905	9.89358740065778e-06	
0.0402199394740207	0.132757910290837	0.218180526547604	0.233083272949434	0.18139607575693	0.110123183155023	0.0533296392594803	0.0209993890570166	0.00699884915391501	0.00223633547873776	0.000511487148885384	0.000126450989585553	3.12575479874401e-05	5.68319054317094e-06	
0.037234619645284	0.125052819113096	0.211320706234368	0.231556136724416	0.184735561824058	0.116621746628142	0.0579582700455672	0.0238885145552345	0.00823549901213983	0.002525324623414	0.000652387423911926	0.000149892077704053	5.85292874844398e-05	9.99280518027021e-06	
0.0338884660534837	0.11885831573908	0.20490030401149	0.229383190644301	0.188720758065048	0.121822463596738	0.0619274701112702	0.0267747978631762	0.00964494726024158	0.00292544766802691	0.000819870684033018	0.000229334457072173	9.03004424721681e-05	1.14667228536086e-05	2.86668071340216e-06	
0.0299507180025588	0.111608807651044	0.198608170828959	0.228398249026121	0.19243214402506	0.125970293110273	0.0678387635324693	0.0296566897873244	0.0108647011239049	0.00328594459074141	0.000989655943959656	0.000288291079327378	6.45427789538906e-05	4.01599513490875e-05	2.86856795350625e-06	
0.0278251353530699	0.105530756825251	0.190569922819952	0.224856007372423	0.195730618592328	0.131846849441309	0.0722223822140306	0.0332925354221864	0.0126555120377837	0.00384748300886995	0.00117785969358369	0.00031678378067043	8.20757977191568e-05	4.46377145490151e-05	1.43992627577468e-06	
0.0256612991818681	0.0989982943540227	0.18425312942673	0.222465381168512	0.19698476482322	0.137519875112023	0.0767555144401723	0.0360426122401781	0.0144488450753086	0.00486831834870342	0.00143678991645226	0.00042785695701194	8.961868694169e-05	4.33638807782371e-05	0	4.33638807782371e-06	
0.0232284392565396	0.0928891736066624	0.176689712417374	0.220555209298895	0.198597877438639	0.143406654587049	0.0815547711355949	0.0390572692448407	0.0159806687557753	0.00569756898902856	0.00169480986171104	0.000443947634424307	0.000148946600474605	4.19364214928498e-05	5.78433399901377e-06	1.44608349975344e-06	5.78433399901377e-06	
0.0213307555052596	0.0870827369935212	0.170841407135239	0.216591102151744	0.200397672429637	0.147295089440118	0.0864300795489573	0.0428322728252832	0.0180168185916202	0.00644119353825716	0.00196520800380886	0.000573065073275631	0.000157737608553141	3.61783505855828e-05	5.78853609369324e-06	0	2.89426804684662e-06	
0.0197915248295782	0.0815113001306591	0.163671550208156	0.212638300214675	0.202065341147772	0.150024770187703	0.0919625810825296	0.0470329371069	0.0202608547018452	0.00757156556277577	0.00244804779052823	0.000693854965481078	0.000283915601741735	3.6213724711956e-05	2.89709797695648e-06	1.44854898847824e-06	2.89709797695648e-06	
0.019301406587285	0.0769009818257781	0.157334389434348	0.208740976719356	0.202478355731959	0.154437365085997	0.0959456166005153	0.0500458417473249	0.0222666132813407	0.00871863612097579	0.00266056217069378	0.000855906041826242	0.000248067683308962	5.94782164658914e-05	0	4.35206461945547e-06	1.45068820648516e-06	
0.0179033318561129	0.0733237169182286	0.150201452310402	0.204744194668683	0.203966481579641	0.157376109001486	0.100546571545259	0.0533044840880192	0.0243726882224984	0.00973082727238496	0.00320064418395159	0.000954400234038054	0.000291099312658041	7.96540407770759e-05	2.89651057371185e-06	0	1.44825528685592e-06	
0.0167972620012609	0.0687317871078145	0.144215599968622	0.199203644466912	0.20531213592374	0.162202601447444	0.104288872812637	0.0566949356901506	0.0264125069365153	0.0107265400516571	0.00383069963654113	0.00111710580982182	0.000368979032112797	8.42550545769379e-05	1.30740601929731e-05	
0.0150662817859855	0.0646776334475223	0.140462610348885	0.195608070901513	0.203091217880722	0.165392908689377	0.10935190498548	0.0598869123179207	0.028369010149489	0.01168988123185	0.00444438648048643	0.00137229670590827	0.000431831487181271	0.000128969806574272	2.31855832043635e-05	2.89819790054544e-06	
0.0138874221906541	0.0608471616857595	0.135626590362997	0.192054369257876	0.201275038949879	0.167281233318819	0.113953532106707	0.0640210162989152	0.0304988043797458	0.0129876329612179	0.00513255978462923	0.00176775311635201	0.000455681040630836	0.000172146170904983	3.03787360420557e-05	8.67963886915878e-06	
0.0125049927352085	0.0568187738421196	0.128879138181545	0.188282556975068	0.201382336426417	0.16910321792638	0.118190343326522	0.0682629912417294	0.0339723069620436	0.0142430434556095	0.00567724644140989	0.00182198655868852	0.000664250858171588	0.000146164132190262	4.19679191437387e-05	8.68301775387697e-06	
0.0115550914802113	0.0542549908130388	0.122427434544705	0.184003149815251	0.201592502747435	0.170642395013369	0.121246253825497	0.0726260286656263	0.036596411172037	0.0163548099582621	0.00569678124648458	0.00209987683414723	0.000679287080277022	0.00018027788754698	2.7402238907141e-05	1.73066772045101e-05	
0.0104135035913347	0.0508327492887128	0.118070076719718	0.177805249062051	0.200015254717809	0.174680910159786	0.124586431648071	0.076457796959706	0.0395773579692229	0.0173400089513533	0.00677827555489036	0.0023932637468753	0.00078864012825476	0.000200038280706955	4.31737296489832e-05	1.72694918595933e-05	
0.00934985929124264	0.0473066586782882	0.11258716885915	0.172305578518943	0.198546249542733	0.177354963404201	0.128935020494223	0.080401300799894	0.0424632241748303	0.0189272721511877	0.00782467429595214	0.00276088728609244	0.000901573000048967	0.000259238242825582	5.18476485651163e-05	2.16031869021318e-05	2.88042492028424e-06	
0.00909329268819745	0.0445286095848376	0.107121350509553	0.167321195497149	0.195912052070338	0.179611258856308	0.133754383134189	0.0836375475769948	0.0450313914524201	0.0210534504666219	0.00852856348449444	0.00305991027720713	0.000916244320293659	0.000315499223497345	7.77943290815371e-05	2.73720787509112e-05	1.00844500661252e-05	
0.00829224853152105	0.0414252769717468	0.101719591372264	0.163630923008976	0.19278326933839	0.180136295563129	0.137516957820882	0.0887474877968428	0.048503323948687	0.0229000714997835	0.00919570656028496	0.00357498917432856	0.00101854822351091	0.00040569293648316	0.000102142547837959	1.72635292120494e-05	2.01407840807243e-05	1.00703920403621e-05	
0.00780450744838363	0.0389304486584564	0.0968081233641686	0.158290202781939	0.189466504936092	0.181044716201691	0.14182936848815	0.0920137614876911	0.0522818543762941	0.0251531332421081	0.0103498934506312	0.00406484762936647	0.00134823441724474	0.00044749296025946	0.000132377338726271	7.19442058294951e-06	2.30221458654384e-05	4.31665234976971e-06	
0.00698176084853263	0.037266635611137	0.0926792561006199	0.154440104633246	0.187283477263769	0.180389149675709	0.143455047120794	0.096387286343928	0.0547389543842047	0.0278826100978249	0.0117561902031748	0.00445049629125309	0.00161249865625112	0.00049449958791701	0.000144766546027878	2.4366646361128e-05	1.00333249722292e-05	2.86666427777977e-06	
0.00659364838066282	0.0351927945639191	0.0881662942410232	0.148017762131456	0.185718000445768	0.18011018465073	0.145401733922356	0.100252030243629	0.0588542053617863	0.0303522136942147	0.0133430297349968	0.00529777859057373	0.00189594179873013	0.000605786980151904	0.000157161716548843	2.57173717989016e-05	1.57161716548843e-05	
0.00624125100116486	0.0327808956968896	0.0840133135225672	0.144730828140649	0.181724138425101	0.18023546537868	0.147281201598425	0.104217142808018	0.0622592010453666	0.0325674093793566	0.0149239831102234	0.00582000954240856	0.00227670978899242	0.000670547628224324	0.000207755141223348	3.86854400898648e-05	1.00295585418168e-05	1.4327940774024e-06	
0.00555238485827939	0.0305538905411568	0.0798097964029953	0.139857863536376	0.179705402390164	0.18095010023546	0.150135224662225	0.106405891952197	0.0657352464587773	0.0346221022774529	0.0165094542544862	0.00660923083982689	0.00238614886471511	0.000821672655938557	0.000248079178843578	7.16991846368723e-05	2.5811706469274e-05	
0.00514360857411812	0.0283006258847538	0.0768911276704296	0.134021255649849	0.175348332530917	0.182558582381811	0.153993518392101	0.110075235515187	0.0678111279578624	0.0369192960772619	0.0174342318001193	0.00754654613654491	0.00263719523149113	0.0008407407141266	0.000297492868075566	0.000162399488369753	1.72459633666995e-05	1.43716361389162e-06	
0.00463027618963976	0.0266039314154737	0.0729714826242263	0.130671404445123	0.171261188754303	0.181934148142922	0.156378363825103	0.114492793268822	0.0706664228668839	0.0385352432262774	0.018722671508108	0.00859250258077428	0.0030378988682027	0.000994875885273965	0.000315307986794498	0.00014685577467141	4.03133499097989e-05	4.31928749033559e-06	
0.00418747073021362	0.0246507439028783	0.0686969991714399	0.126501675132389	0.171222306279045	0.179996397564754	0.157544580136172	0.116319752152455	0.0745444720631147	0.0410908173925574	0.0203451132965885	0.00942397060412839	0.00373068194099211	0.0011628660974819	0.000427969307251702	0.000132569617061133	1.44097409849058e-05	7.2048704924529e-06	
0.00389331507980863	0.0225064226701845	0.0648953238339911	0.121292072280492	0.167240699583664	0.180360420466476	0.159198462313836	0.119677559573064	0.0785132619655176	0.0439745317118889	0.022087631359671	0.0101405261462968	0.00419080132106997	0.00136179381315265	0.000489552600910654	0.000129969717055926	4.3323239018642e-05	4.3323239018642e-06	
0.00376703411162226	0.0210586465295258	0.061084107282354	0.116054740618581	0.163449353354744	0.179190174464022	0.162022972542893	0.123179411509418	0.0812805601365622	0.0467204814396898	0.0240285854815844	0.0110059890634494	0.00465816046060817	0.00178369933165524	0.000533807829181495	0.000133090298874519	3.61658420854671e-05	1.01264357839308e-05	2.89326736683737e-06	
0.0032536498440597	0.0196219444472638	0.0582699108436146	0.112137824839384	0.158666177555906	0.179622060441911	0.163282764500418	0.125471409494452	0.084535448689043	0.0492382776534863	0.0258407074513511	0.0120010961494127	0.00519801011183334	0.00195885959862952	0.000691618081825524	0.000171092104099396	2.60987955405858e-05	2.8998661711762e-06	1.01495315991167e-05	
0.00303284104609107	0.0187433344152833	0.0548418227765928	0.107978125289808	0.155473314476491	0.177239346656775	0.165164495038487	0.129470288880645	0.0876756236668831	0.0514525178521747	0.0273332444588704	0.0129254381897431	0.00560633636279329	0.00215617175183159	0.000662211351200964	0.000189824260409904	4.34712046740239e-05	1.4490401558008e-06	1.01432810906056e-05	
0.00293800562455381	0.0168346421644994	0.0528754302957082	0.103259408699271	0.151532011688436	0.174852521655688	0.16611365298295	0.132080188911016	0.0911981224511031	0.05529173398693	0.0291025859652064	0.0142897194370822	0.00614770089859906	0.00231225233609744	0.000862759152906357	0.000221109129639318	8.23739894734712e-05	4.3354731301827e-06	1.4451577100609e-06	
0.00260435516513552	0.0164020811678629	0.0496057999380398	0.100042561446278	0.147382760587522	0.172399915456175	0.166299441489593	0.135158649962505	0.0943749402836851	0.0580384674404936	0.0313680754408874	0.0151208947747863	0.00705303966900513	0.00269845360078522	0.00106114082048045	0.000257684946856099	0.000111470454538874	1.73720188891752e-05	0	2.8953364815292e-06	
0.00229533171104696	0.0159190484912446	0.048053692445902	0.0954677737753628	0.144158170014449	0.169637951034862	0.166960306315578	0.137277989527822	0.0973386362909533	0.0603981869932172	0.0337147741445928	0.0164845228646438	0.00759974299262412	0.00300471858564538	0.00116438296424865	0.000369230053581968	0.000116292930262037	1.8897601167581e-05	1.16292930262037e-05	4.36098488482639e-06	1.45366162827546e-06	0	2.90732325655093e-06	
0.00205868337246333	0.0141245728631535	0.0453491480508612	0.0916455519654106	0.140615193286687	0.167812478207304	0.168387805388317	0.140018073409424	0.100204270206188	0.0631305353448476	0.0356034542876403	0.0174603082358958	0.00817371394035194	0.00339966061507706	0.00135550570678072	0.000438759617843279	0.000167077337920454	2.9056928333992e-05	8.71707850019759e-06	1.01699249168972e-05	2.9056928333992e-06	1.4528464166996e-06	2.9056928333992e-06	
0.00197633631747029	0.0125633329261412	0.0418331791820091	0.0879069740385902	0.135395761711138	0.167415609421264	0.166791732835395	0.143750472633777	0.104318273039806	0.0666908073457469	0.037471860112036	0.0193838018951887	0.00870373278885922	0.00369381475082747	0.00138736191822418	0.000420280497239819	0.000180327964213625	5.38075377089041e-05	3.34479288460755e-05	1.30883199832469e-05	7.27128887958164e-06	4.36277332774898e-06	2.90851555183266e-06	1.45425777591633e-06	
0.00192020606238562	0.0118090492436191	0.0383125444256607	0.0841968930746119	0.132270363850704	0.164002459491792	0.166739588950893	0.145249561376094	0.107200118613789	0.0702307009115528	0.0404129969314497	0.020969638649489	0.00991791518823398	0.00427067782837922	0.00157715637977926	0.00058434734071084	0.000181700043753371	9.01232217016718e-05	2.32576056004314e-05	2.32576056004314e-05	4.36080105008089e-06	7.26800175013482e-06	2.90720070005393e-06	2.90720070005393e-06	
0.00172807719517994	0.0108860164921193	0.0361968384305812	0.0802294631362861	0.128127065864097	0.16195939598483	0.167314695614859	0.145420885378611	0.111128991104462	0.0731750808948888	0.0431656866497338	0.0224881992043886	0.01066565765515	0.00474641336998249	0.00174982313303875	0.000627732739524257	0.000220358836969254	8.11848346728831e-05	3.624322976468e-05	1.4497291905872e-05	1.4497291905872e-05	1.88464794776336e-05	2.8994583811744e-06	1.4497291905872e-06	
0.00175253864637391	0.010241488238438	0.0344786632040752	0.0756763568052814	0.124253541648864	0.159696825297968	0.16607983175629	0.14667300091103	0.113529743187911	0.0766974640331273	0.0461381145291247	0.0242574522722895	0.0120736877323743	0.00527934162482058	0.00212332368230095	0.000643080296685964	0.000259259849339612	7.09705732829104e-05	4.34513713977003e-05	8.69027427954005e-06	8.69027427954005e-06	1.44837904659001e-05	
0.00150613772889521	0.00976232624278128	0.0326808671174439	0.0732101918221655	0.120035404393627	0.15618561188659	0.165609855190226	0.148360370295133	0.114910473316115	0.0801314605763371	0.0485054702690154	0.0263878812501814	0.0130154676572158	0.00612031689834296	0.00238979656983662	0.000784990858701645	0.000246669955599408	0.000104471981195043	2.90199947764009e-05	8.70599843292028e-06	1.16079979105604e-05	2.90199947764009e-06	
0.00126307955947738	0.00887644058656891	0.0309127457663579	0.0705507695483001	0.116751283791739	0.150736699510611	0.165855863581594	0.150376234918263	0.117661166190165	0.0825144149499783	0.0508240540348052	0.0285450166496851	0.0142645141504155	0.0067296413813352	0.00267877517619887	0.000953486986210776	0.000303778628228738	0.000136627708389959	5.66859641192382e-05	7.26743129733823e-06	1.45348625946765e-06	
0.00121695103484561	0.00847784930502623	0.0294473001904856	0.0668652653026127	0.113008842205902	0.149326450394307	0.162661901853992	0.151920669366792	0.121504180627597	0.0848921723086071	0.0530211720331535	0.0307895898947884	0.0150129492334666	0.00706706056043874	0.00308974394475771	0.00116448368484029	0.000355612038924944	0.000115136684733896	5.68396291724296e-05	4.37227916710997e-06	1.45742638903666e-06	
0.00116729755276579	0.00792564358417326	0.0280224460070096	0.0647200019868895	0.109584257991751	0.14677853633451	0.16160569886645	0.151774978925823	0.123854799287642	0.0878599593564231	0.0558622734982549	0.0321072569676268	0.0160938045572816	0.00745814018381649	0.00322285156620944	0.00131047046912505	0.000432440645330006	0.000170930930755442	3.7984651278987e-05	7.30474063057443e-06	2.92189625222977e-06	
0.00105681013132549	0.00757185430657447	0.0264524552538979	0.0612788866314982	0.106774416412466	0.14366762882252	0.161642183410716	0.153375059280901	0.125240782917733	0.0903470201467239	0.0582709298172685	0.0332148691136261	0.0171065651036025	0.00826858785575859	0.00354953541338548	0.001337845512509	0.000547433502930379	0.000213703987774961	6.14764896338929e-05	2.04921632112976e-05	1.46372594366412e-06	
0.00093244741055249	0.00705200007037339	0.0249502987936828	0.0592573261630669	0.102849242606396	0.142101466698726	0.159826764172907	0.153723338748175	0.12774236302113	0.0930820025920865	0.0603202575666055	0.0344873591799154	0.0183527935303397	0.0086515285686639	0.0041446994176602	0.00157313847723714	0.000565919340366763	0.000240442414041837	9.82295228097749e-05	3.66528070185727e-05	1.17288982459433e-05	
0.000784536851968894	0.00631442184033282	0.0233821310367178	0.0563693394199706	0.0987123330659554	0.139876321797953	0.159360697783207	0.154481905060776	0.128762294132398	0.0960845012178651	0.0625312531619768	0.0362631996492314	0.0197556644293924	0.00970039490798922	0.0045547130134867	0.00196060891791105	0.000677487898335755	0.000266889172071661	9.67839854765365e-05	4.54591446935247e-05	1.90635122908329e-05	
0.00073810809541698	0.00587111429376409	0.021682475582269	0.0533330789819684	0.095496219947408	0.135182369928625	0.158779817806161	0.155975594008264	0.131522645097671	0.0991089876033058	0.0652381902704733	0.037991289444027	0.0206156672614576	0.010302697689707	0.00479990373779113	0.00212187734785875	0.000833489857250188	0.000280275638617581	8.80447032306536e-05	2.7880822689707e-05	1.02718820435763e-05	
0.000772483689558669	0.00547359871458714	0.0206657779425743	0.0512752602166486	0.0913914417635582	0.131841630543858	0.155542901537022	0.155394290389126	0.134529873783522	0.101860435003958	0.0685877232477863	0.0406208708907546	0.0221357040489917	0.0112164631723919	0.0050071657058441	0.00218061110081133	0.00095787977505275	0.000363435183468555	0.000123597390329387	5.44417076450872e-05	4.41419251176382e-06	
0.000743276890590528	0.00511871003778447	0.0190887691305138	0.048618879233021	0.0891296863016877	0.128196792531176	0.154289801147572	0.155375901574181	0.136207337310283	0.104949810338789	0.0712880855522045	0.0423401843858656	0.0232469821923861	0.0119042517506905	0.00546744432442337	0.00247364913488776	0.0010048276055697	0.000353167349604645	0.000143335702559207	5.31967555889841e-05	5.91075062099824e-06	
0.000639082561478411	0.00479903664221288	0.0179253782348007	0.0458364214927016	0.0855201939733923	0.125758725622033	0.15145812899704	0.155613645004431	0.138185330984113	0.106663175382303	0.0738495404375053	0.0457461806680484	0.0252629928295528	0.0127121214138518	0.0057147591087757	0.00259923162156844	0.00109176604252562	0.000442327976578808	0.000116869264714802	5.47362379044009e-05	1.03555044684002e-05	
0.000657251003269972	0.00444384574733436	0.0169715827758789	0.0439366374505766	0.0832073848959575	0.122871890825279	0.149163411251131	0.15525038450664	0.138780621753528	0.108629972126044	0.0763402961478282	0.0476447765568633	0.0270257467718466	0.0139399385085435	0.00652662088607501	0.00279331676389738	0.00120644046771402	0.000399679664150659	0.000139147734926526	5.92118020963939e-05	7.40147526204923e-06	4.44088515722954e-06	
0.000566280642197641	0.00410848403427768	0.0162687709498031	0.0421923319112414	0.07997681788621	0.121209127146226	0.147992431895167	0.154366038498236	0.139319784872344	0.110269882865439	0.0787660980756781	0.0497132466904288	0.0280957781123684	0.0150285573558233	0.00698412792043757	0.00312929042381092	0.00129330240418576	0.00052498934537073	0.000122399201308344	5.16141210336391e-05	7.37344586194845e-06	1.17975133791175e-05	1.47468917238969e-06	
0.000481346710944676	0.0039346781601074	0.0157975929720436	0.0401092818954756	0.0778810146258744	0.117639958548247	0.146508985138604	0.154067747709555	0.139937940130479	0.112292152429402	0.0808265032148661	0.0516468828752444	0.0300260251065734	0.0157475446901717	0.00751460232224028	0.00335176287712852	0.00144698414941473	0.00053286700110695	0.000163392920228927	4.56322570008714e-05	2.06081160649097e-05	1.32480746131562e-05	7.36004145175346e-06	5.88803316140276e-06	
0.000405643738977072	0.0035787771898883	0.0146957671957672	0.03831569664903	0.0739579659024103	0.114150499706055	0.144542915931805	0.153690476190476	0.141515285126396	0.114672251616696	0.0836875367430923	0.0539226925338036	0.0313639035861258	0.0169003527336861	0.00851263962375073	0.00371399176954732	0.00151822457378013	0.000589359200470312	0.000170487948265726	3.82128159905938e-05	2.35155790711346e-05	2.20458553791887e-05	8.81834215167548e-06	2.93944738389183e-06	
0.000360954908402212	0.00318575587172802	0.0133962495762068	0.0370029928568923	0.0709166793317512	0.110117551468955	0.140681810210786	0.153041958450729	0.143110583724002	0.117699065901306	0.0866759414054737	0.0565486280790769	0.0337207874954698	0.0180097501665946	0.00879005576534131	0.00404357178764745	0.00164548674842466	0.000733600664040123	0.000216280673860435	3.94566094204847e-05	1.75362708535488e-05	2.77657621847855e-05	1.02294913312368e-05	7.30677952231198e-06	
0.000337726200128976	0.00292598992353122	0.0122818790969318	0.0343418051174254	0.068821903290938	0.106669073451081	0.137854885456957	0.151192158929291	0.144500230731046	0.120441606120996	0.0894217457824257	0.059340822508869	0.0359096116585413	0.0190567831288294	0.00948108078206907	0.00434385767752097	0.00191572275590402	0.000764251099429796	0.000267851813895395	6.84186698537151e-05	1.01900146590639e-05	2.18357456979942e-05	1.74685965583953e-05	5.82286551946511e-06	7.27858189933139e-06	
0.00033164709852236	0.00291096361585128	0.0119030895316824	0.0320828741203749	0.0668783028937295	0.102936597474558	0.134864509850208	0.150543162638868	0.145365702476347	0.121466836014268	0.0922616159758318	0.0610867887147299	0.0380148676380499	0.0206678416725441	0.0104316770771029	0.00482408945492568	0.00214194785464878	0.0008921162126191	0.000266476271301809	6.08261054058477e-05	4.19989775421329e-05	7.24120302450568e-06	1.44824060490114e-06	1.44824060490114e-05	1.44824060490114e-06	1.44824060490114e-06	
0.000308234194314888	0.00268004567075668	0.0110805127975075	0.0307814532735774	0.0628566218979412	0.101083450428561	0.132830125334101	0.148341685563497	0.145441679340929	0.124601864165677	0.0929825348427644	0.0639462948947445	0.0402108148236047	0.0225083317294543	0.0111977286178808	0.00536732688598084	0.0023182684473824	0.000934832345199144	0.000389272292350727	0.000108533167012285	1.88124156154626e-05	1.44710889349713e-06	4.34132668049138e-06	2.89421778699425e-06	2.89421778699425e-06	
0.000245966510936105	0.00263762911433247	0.0103508495249229	0.0288431905618309	0.0600245098393839	0.0983634545851775	0.130197308547626	0.147189253867823	0.144269486696829	0.12760887273548	0.095322151020544	0.0666164123324715	0.0420096332060577	0.023809558258615	0.0122664945865665	0.00585544982210834	0.0026549914562809	0.00109238068092211	0.000429717963223666	0.000150473630219735	4.9193302187221e-05	8.68117097421547e-06	1.44686182903591e-06	0	2.89372365807182e-06	
0.000263710787509962	0.00237484604796059	0.0100630297761356	0.0269318264145476	0.0576063174672173	0.0945866840541911	0.127689632688546	0.145797290444106	0.145080055060494	0.127947547634572	0.0989871767007172	0.0690415127146273	0.04435992175614	0.0254480909947113	0.013034847496921	0.00604216474679418	0.00287763529667464	0.00110120988190973	0.000498442367601246	0.000199956531188872	5.21625733536188e-05	1.30406433384047e-05	1.44896037093385e-06	0	0	1.44896037093385e-06	
0.000164141120691659	0.00220065307829967	0.00905245543495944	0.0263017988704767	0.0543888140005113	0.0918565668068887	0.12581634787459	0.144197248239478	0.145607699816394	0.129334487647291	0.102248297580589	0.071029527970809	0.0450327701210868	0.0271893229832431	0.0135670625421247	0.00649156343691171	0.00319566783647477	0.00146274432333186	0.00051711715899319	0.000271631766100356	4.50298649685081e-05	1.88834917609873e-05	1.0168034025147e-05	
