# <P(N_1)> as a function of N_tot.
# number_of_species: 2
# species_total_upper_bound: 100
# species_total_lower_bound: 0
# volume: 512
# Bin widths for each species index 
1	1	1	1	1	1	1	1	1	1	1	1	1	1	1	1	1	1	1	1	1	1	1	1	1	1	1	1	1	1	1	1	1	1	1	1	1	1	1	1	1	1	1	1	1	1	1	1	1	1	1	1	1	1	1	1	1	1	1	1	1	1	1	1	1	1	1	1	1	1	1	1	1	1	1	1	1	1	1	1	1	1	1	1	1	1	1	1	1	1	1	1	1	1	1	1	1	1	1	1	1	
# Bin lower bound for each species index 
0	0	0	0	0	0	0	0	2	3	4	5	6	6	7	8	9	9	11	11	12	13	13	14	14	15	16	17	17	18	20	20	22	22	23	23	25	25	26	27	28	29	29	30	31	32	33	34	35	36	36	37	38	39	39	40	40	41	42	43	44	45	45	47	48	49	50	50	50	51	52	53	53	51	52	52	53	54	57	58	61	61	62	63	64	65	66	68	69	69	70	70	70	71	72	72	73	73	74	74	78	
# Bin upper bound for each species index 
0	1	2	3	4	5	6	7	8	9	10	11	12	13	14	15	16	17	18	19	20	21	22	23	24	25	26	27	28	29	30	31	32	33	34	35	36	37	38	39	40	41	42	43	44	45	46	47	48	49	50	51	52	53	54	55	56	57	58	59	60	61	62	63	64	65	66	67	68	69	70	71	72	73	74	75	76	77	78	79	80	81	82	83	84	85	86	87	88	89	90	91	92	93	94	95	96	97	98	99	100	
# Normalized histogram for each species index 
1	
0.079653972651995	0.920346027348005	
0.00612485777782504	0.146553526932715	0.84732161528946	
0.000579242507160575	0.0173310779596449	0.201572838856867	0.780516840676328	
3.53074929561552e-05	0.00191013536892799	0.0322922330576995	0.246075572157923	0.719686751922493	
1.05562436662538e-05	0.00019353113388132	0.00415564125661525	0.0496636077018354	0.284635035468979	0.661341628195023	
1.75811192843781e-05	1.75811192843781e-05	0.000390300848113194	0.00735945653244068	0.0676837930209989	0.314515675325954	0.610015612033925	
2.46174622209874e-05	7.03356063456784e-06	4.2201363807407e-05	0.000903812541541967	0.0127729461123752	0.0860028626591783	0.338919152737286	0.561327373562956	
3.50122893135491e-06	9.80344100779373e-05	0.0019256759122452	0.0185215010468675	0.106815492237775	0.355822893835736	0.516812901328366	
1.04587558961236e-05	0.000271927653299215	0.00301212169808361	0.0253485380402383	0.126634616390265	0.368632796566739	0.476089540895479	
3.12518447269457e-05	0.000517391651590545	0.00501071243788696	0.0337172680331825	0.148015681481199	0.375838157113441	0.436869537437974	
0.00012178530294964	0.000904690821911612	0.00748109718119217	0.0431850684259424	0.165370523085274	0.379159403043241	0.403777432139489	
0.000143733063161917	0.00136020557333717	0.0106713035186555	0.0513723001847496	0.18104406294807	0.383066141748846	0.37234225296318	
7.03930395362507e-06	0.000218218422562377	0.00229481308888177	0.0136914461898008	0.0618262066246889	0.196776702719635	0.384011628930131	0.341173944720346	
2.11711155413631e-05	0.000314038213863552	0.00301335544538734	0.016686367565851	0.0727404244808666	0.213030821615709	0.376662373634904	0.317531447927877	
6.31200227232082e-05	0.000382226804268316	0.00428514820932002	0.0210750742536934	0.0846509638076803	0.227691455302257	0.373800281234768	0.28805173036529	
8.73774531219964e-05	0.00072348531185013	0.00517624032294707	0.02632857417472	0.0975691592541461	0.240889152962969	0.364713489331213	0.264512521189032	
6.99217575532979e-06	0.000101386548452282	0.000891502408804548	0.00731031975219729	0.0325101211744058	0.107620073138158	0.248334114126293	0.358999279805897	0.244226210870036	
0.000133369834551211	0.00132316914804754	0.00940257333586034	0.0382946911786384	0.119625722127459	0.258495307487663	0.350116874091857	0.222608292795923	
2.81774474754768e-05	0.000183153408590599	0.00199707658982442	0.0116830741595196	0.0467569519046193	0.131303383054788	0.263681031294578	0.340277900075727	0.204089252064879	
3.8991467957875e-05	0.000464352936589239	0.00310513872100896	0.0151074214942239	0.0529894049547522	0.140365739969445	0.269494847809211	0.327606313782066	0.190827788864746	
9.95428140753539e-05	0.000725240502549007	0.00410614108060835	0.0173986618601708	0.0591746478672952	0.150298983952276	0.275879354109341	0.317498915694347	0.174818512119338	
2.1403575110496e-05	0.000117719663107728	0.000980997192564398	0.00522603958947943	0.0207186607069601	0.0653736529124915	0.161721846272389	0.279766130269293	0.304287492820884	0.161786056997721	
3.20863622265083e-05	0.000188953022000549	0.00124067267275832	0.00668465879718923	0.0243321580217688	0.0728110861946644	0.171583604581933	0.279857251339606	0.294552805239346	0.148716723768508	
3.55244834740103e-06	6.03916219058175e-05	0.000273538522749879	0.00163767868815187	0.00841219768664564	0.0281460482564584	0.0806974166595618	0.177753857958905	0.279872538153295	0.284330860829284	0.138811919174695	
7.07596401164704e-06	5.66077120931763e-05	0.000406867930669705	0.00216524498756399	0.00958085527177009	0.0324185291193609	0.0879719225748018	0.186642702735214	0.282263742406606	0.272665197224807	0.125821254073102	
7.05748675839047e-06	8.46898411006856e-05	0.000564598940671238	0.00291474203121526	0.0113096225303207	0.0373940935893319	0.0969663393169059	0.19600052225402	0.280662133407672	0.259771972602836	0.114324227999167	
1.40765765765766e-05	0.00018651463963964	0.00067919481981982	0.00352970157657658	0.0139252533783784	0.0415259009009009	0.105975506756757	0.202336711711712	0.280169622747748	0.246959459459459	0.104698057432432	
3.52334746195666e-06	2.46634322336966e-05	0.000236064279951096	0.00109576106066852	0.00478822920079909	0.0161298846808376	0.0459127407767572	0.11457925946283	0.206263807117867	0.277780713900663	0.235489974314797	0.0976953784251341	
6.99256690138383e-06	4.1955401408303e-05	0.000290191526407429	0.00144746134858645	0.00547517988378354	0.0182890587305694	0.0521855267850275	0.120852533756617	0.210906306596088	0.272923382444462	0.227643015474551	0.0899383954855988	
6.91672949362623e-05	0.0004219204991112	0.00158393105404041	0.00590342862280999	0.0211202335087877	0.0566860565650138	0.128211956258603	0.215878044225568	0.270101745090851	0.215801960201138	0.0842215566791398	
6.87630219972907e-06	8.25156263967489e-05	0.000361005865485776	0.00154716799493904	0.00701382824372366	0.0235307061274729	0.0626706182483308	0.134641435221795	0.221086868325689	0.265026439381958	0.207072964442641	0.0769595742193678	
8.25230032871663e-05	0.000340407388559561	0.00226938259039707	0.0090706534446477	0.0262904534639031	0.069391530389096	0.139838667528574	0.225786375452157	0.263258695861471	0.194290095864222	0.0693812150136851	
1.03209115429075e-05	9.28882038861672e-05	0.000602053173336269	0.00308939285517697	0.0099872020696868	0.0290912093356085	0.0734470468431772	0.146443413882314	0.229777893983597	0.258249848626631	0.18534636979138	0.0638623603236638	
2.75829730307481e-05	0.000279277601936325	0.000820593447664756	0.0034306322706993	0.0112573008681741	0.033071984663867	0.078459766785963	0.154888737182537	0.232427922243599	0.250246522821462	0.17619658384879	0.0588930952922761	
2.40115804422247e-05	5.14533866619101e-05	0.000246976255977168	0.000984474798131213	0.00392417828941501	0.0129182302779169	0.0362917887255339	0.0849152391210389	0.161721424504161	0.234126630214801	0.243594053360592	0.166873623621907	0.0543279158634221	
7.15507431055748e-05	0.000347532180798506	0.00135946411900592	0.00454176859808244	0.0145929444152941	0.0402421822295212	0.0895713088334503	0.167660426987577	0.233749463369427	0.238482033949124	0.158634811821546	0.0507465127530682	
3.39534362575164e-06	0.000118837026901308	0.000349720393452419	0.00151432325708523	0.00543594514482838	0.0161210915350688	0.045456860461563	0.0973954319046859	0.172442712064675	0.233406106865045	0.230883366551112	0.149099724637632	0.0477724848143256	
3.39761623245131e-06	7.81451733463802e-05	0.000530028132262405	0.00199100311221647	0.00593903317432489	0.0182078253897066	0.0507603865128226	0.104418939671926	0.175697530612522	0.2329235808157	0.224246068958019	0.14082099998641	0.0443830608445115	
3.42046395173041e-06	0.000150500413876138	0.000646467686877048	0.00228486991975592	0.00675541630466756	0.0212410811402459	0.0539167732711265	0.111561852249639	0.180672326394352	0.231291772416011	0.217199460934881	0.133086831897879	0.0411892269067376	
3.43543444503992e-05	0.000154594550026796	0.000769537315688942	0.0025387860548845	0.00835154113589204	0.0239346717785931	0.0586703494523918	0.115516483214467	0.184060271261904	0.230806227755562	0.212399169999038	0.125207843783925	0.0375561693531764	
6.20272575337273e-05	0.000292906493909268	0.000895949275487172	0.0030186598666414	0.00998983442168197	0.0274263857061631	0.0615758369372319	0.12046038008925	0.187759954513344	0.229659366977377	0.205892589465704	0.119612674236289	0.0333534347593859	
1.72060771864623e-05	5.85006624339717e-05	0.000375092482664877	0.000918804521757085	0.00343777422185516	0.0116485142552349	0.0298766324265731	0.0671622016896368	0.12460641098436	0.192532562501075	0.228445086804659	0.199057106970182	0.112548392092087	0.0293157143102944	
2.75787891532622e-05	9.65257620364178e-05	0.000361971607636567	0.00116175649308117	0.00402305586773213	0.0129723729479657	0.0332944932052758	0.0718461930928923	0.130295989354587	0.195847323823248	0.22416384558636	0.191503664531609	0.106412757947862	0.0279924709905612	
2.07583725435926e-05	8.64932189316358e-05	0.000394409078328259	0.00160877387212843	0.00514807639081096	0.0148353169111542	0.0361956822585109	0.0767367838361473	0.135787434265154	0.19682396900083	0.2217859119845	0.184787572654304	0.0997924162745641	0.0259964018820924	
3.45913037462382e-05	0.000114151302362586	0.000428932166453354	0.00186447127192224	0.00602234598222007	0.0163443910200975	0.0394237088795877	0.0816250994499983	0.143093846207064	0.197391815697534	0.221778684838632	0.177135148223737	0.0912726140648241	0.0234701995918226	
3.4585082762103e-05	8.64627069052576e-05	0.000549902815917438	0.00210623154021208	0.00634982119512212	0.0182678407149428	0.0427160357194735	0.086846601323917	0.147799351183847	0.201025793554724	0.216530286156975	0.170158607189547	0.0859404721555499	0.0215880086601047	
2.41266164833044e-05	0.00018956627236882	0.000689331899522982	0.00237130173435906	0.00722075164750324	0.0199423718531999	0.0471434086083768	0.093145972923043	0.14982628836132	0.200526649571236	0.212372818264538	0.163919679047068	0.082468221799432	0.0201595114015496	
2.41198827084561e-05	0.000237753129554781	0.000795956129379051	0.00270142686334708	0.00806293221968389	0.022293663017673	0.0506724278729365	0.0966001302473666	0.152406647439674	0.199981393233339	0.210042830020295	0.158581337413039	0.0780312662593852	0.0195681162716174	
6.53437424768718e-05	0.000240740103862159	0.000962960415448636	0.00320184338136672	0.00937510747326065	0.0247308869553255	0.0536093819857619	0.10030952299068	0.15507445747498	0.204274856415724	0.204966124428242	0.151133198060323	0.0741685868555903	0.0178869897169584	
6.89486367130806e-06	6.55012048774266e-05	0.000348190615401057	0.00121349600615022	0.00405073240689348	0.0107628821909119	0.0265521199982073	0.057117050653116	0.103071317022384	0.160715824746355	0.205118746789579	0.199116767963705	0.144992088143937	0.0698070472401584	0.0170613401546518	
3.44452252028824e-06	6.54459278854765e-05	0.000513233855522947	0.00147770016120365	0.0044503230962124	0.0116114854158916	0.0289305446479009	0.0594490141776547	0.108588572452087	0.164892737568718	0.203192383471803	0.195342316648066	0.14148720704336	0.0649085823723115	0.0150870086388625	
1.38104856112003e-05	0.000200252041362404	0.000424672432544409	0.00160892157370484	0.00533775268872892	0.0128920883180555	0.0302760370811539	0.0635109707045074	0.113777685707874	0.167738705612236	0.201339617104286	0.191641203583821	0.136616776287396	0.0608455469815457	0.0137759593971723	
5.17809183863685e-05	0.000172603061287895	0.000628275143087938	0.00171912649042743	0.00585124377765964	0.0143743829440559	0.0334815418286259	0.0678847840045291	0.117446027022735	0.170880482736242	0.201327662747427	0.187895692518003	0.128803308455479	0.056921037551522	0.012562050800533	
3.45163227690375e-06	3.10646904921337e-05	0.00013806529107615	0.000555712796581503	0.00219178649583388	0.00576767753470616	0.0166644806328913	0.0362663003334277	0.0725153425054708	0.120648354606894	0.172481516509157	0.200750384856999	0.183333448387743	0.123133529846264	0.0544287893744952	0.0110900945056917	
3.46783925871468e-05	4.85497496220055e-05	0.000211538194781595	0.000769860315434659	0.00248297290923971	0.00687672525003121	0.017356535489867	0.0390894841242319	0.0770519204893815	0.124360183656767	0.173246313686868	0.200638775991455	0.178628400216393	0.118860190592446	0.0503044762869152	0.010039394653979	
6.9605164703221e-06	4.52433570570936e-05	5.91643899977378e-05	0.000267979884107401	0.000890946108201229	0.00305914698870656	0.00782014025440688	0.0188107957610455	0.0423443019472045	0.0815911740651156	0.127962134790401	0.176362086066786	0.198733186002401	0.173257695721023	0.112875215340978	0.0467885917135051	0.00912523709259227	
2.43218545761569e-05	3.82200571911038e-05	7.64401143822075e-05	0.000257116748376516	0.000979823284353751	0.00331124677301108	0.00828332875850831	0.0210731497149131	0.0446410267992092	0.0833926902403347	0.133242068469495	0.178685716469718	0.197166851396943	0.167945880399017	0.107822255886757	0.0439982349282679	0.00906162810494533	
3.12944424547361e-05	1.39086410909938e-05	7.64975260004659e-05	0.000410304912184317	0.00105705672291553	0.00363015532474938	0.00877982968868984	0.023029232486413	0.0479709031228376	0.0878817487334444	0.138474430701934	0.179723983017549	0.193594375345543	0.164014172905272	0.10205813116544	0.0412634609567059	0.00799051430677594	
3.82624666073019e-05	1.04352181656278e-05	0.00013913624220837	0.000466106411398041	0.00152354185218166	0.00384016028495102	0.0096525768032057	0.0249714770703473	0.0525656723063224	0.0914020759127337	0.142419857524488	0.180216217720392	0.190557518922529	0.158782279608192	0.0971275322796082	0.0387042241763134	0.00758292520035619	
2.4253679629681e-05	1.73240568783435e-05	0.000131662832275411	0.000599412367990687	0.00161460210106162	0.00385979987249494	0.0110250297973778	0.0279610278016465	0.0536664633977326	0.0968449427613161	0.143592177841838	0.182197106189539	0.186801840507803	0.154707292734984	0.0924619563710952	0.037891177204313	0.00660393048202456	
3.44812129111454e-05	1.03443638733436e-05	0.000117236123897894	0.00063100619627396	0.00161716888553272	0.00525493684765855	0.0131752714533486	0.0300193439604432	0.0585422032805426	0.100574801819229	0.147093406157655	0.179267825925045	0.185974421836263	0.147679586777144	0.0882408719609121	0.035432894387493	0.0063341988117774	
3.46081834510588e-06	3.46081834510588e-06	2.76865467608471e-05	0.000145354370494447	0.0006471730305348	0.00195882318332993	0.00559614326403621	0.0151099328947323	0.0321821497911396	0.0614848987191511	0.104340212286597	0.146787149289321	0.179979858037231	0.18222246832486	0.146164201987202	0.0847900494550941	0.0326805076328349	0.00587646954998979	
1.72902690365862e-05	6.22449685317104e-05	0.000204025174631717	0.000788436268068331	0.00215090946815132	0.00664292136385642	0.0166366968670032	0.0338093920741407	0.0655854485095788	0.105494847499827	0.149249602323812	0.181655024552182	0.179632063074901	0.142153675911197	0.0801161906079259	0.0304066671277405	0.0053945639394149	
1.7270441294316e-05	0.000141617618613391	0.000224515736826107	0.00081171074083285	0.00264237751803034	0.00759554008124016	0.017242808588245	0.0359087015391417	0.0668918732211446	0.109342617922573	0.152884854513803	0.181888833623477	0.176455552792285	0.135863107574125	0.0777826135013402	0.0291732294343585	0.0051327751526707	
2.75970553941894e-05	0.000137985276970947	0.000320815768957452	0.00102109104958501	0.002949435295254	0.00835500852059085	0.0183761892606059	0.0373112188929441	0.0710555183761893	0.113765411230622	0.15473668959522	0.181326452467522	0.173033537321568	0.132541757794443	0.0735668504170605	0.0266173599276957	0.00485708174937734	
1.38163530354528e-05	0.000138163530354528	0.000459393738428804	0.00130219127359142	0.00359915996573544	0.00935367100500152	0.0197953798115449	0.0405889911299014	0.0742145403299345	0.114323413191854	0.156718892481141	0.181747216004863	0.172894387797397	0.127017187543176	0.0688607035286966	0.0247278178452016	0.00424507447014286	
6.91957721383223e-06	3.45978860691612e-05	0.000103793658207484	0.000425553998650682	0.00132163924784196	0.00403757330427111	0.0096597297905098	0.0219904163855588	0.0437144290483851	0.0772017229747262	0.118383586762849	0.15899458543083	0.181382877506184	0.16869929247323	0.122227411905133	0.064715345892366	0.0230525714878821	0.00404795267009186	
6.93329820462243e-06	3.46664910231122e-06	2.77331928184897e-05	0.000135199314990137	0.00045759768150508	0.00183732402422494	0.00463837649889241	0.0105316799728215	0.0241001445592676	0.045759768150508	0.0802667933149139	0.1222444472948	0.162502643319941	0.180234553478262	0.164870364656819	0.116250610996904	0.060441027098796	0.0218017562044352	0.00388958029279318	
1.04179689127808e-05	0	2.08359378255615e-05	0.00014237890847467	0.0008126015751969	0.00186481643538776	0.00507355086052423	0.0121404064396939	0.0257636371213068	0.0483324304426942	0.0840452278757067	0.124852412107069	0.16308288536067	0.180723979386312	0.1598463696851	0.112347376755428	0.0574759344918115	0.0200372268755817	0.00342751177230487	
1.73596644724051e-05	0	4.16631947337722e-05	0.000163180846040608	0.000777712968363747	0.00199636141432658	0.0057425770074716	0.0134884592950587	0.0272303696914146	0.0521657917395773	0.0863712746160042	0.128937171902341	0.16413562758659	0.178630947421048	0.155632863928006	0.107918090159153	0.0545996166986085	0.0191372941143794	0.00301363775240952	
3.46099801338714e-06	6.92199602677428e-06	0.000110751936428388	0.000245730858950487	0.000913703475534205	0.00230502467691584	0.00630939937840476	0.0141381768846865	0.0292385112170946	0.0558397419479881	0.0897990544553427	0.131829414329916	0.164525462562384	0.17644513972049	0.151865131829414	0.103598053534717	0.0527559927180602	0.0171457841583199	0.00292454332131213	
6.9187154712856e-06	0	4.15122928277136e-05	0.000127996236218784	0.000200642748667282	0.00106202282484234	0.00263603059455981	0.00702249620335489	0.0149271286292987	0.0307709870585427	0.0579684575761664	0.0937485946359199	0.133244081903754	0.166564615613465	0.173929588232649	0.148067429800983	0.0995845311359493	0.0503267363381315	0.0169854464820062	0.00278478297719245	
6.92144505929948e-06	0	3.46072252964974e-06	1.03821675889492e-05	2.76857802371979e-05	3.11465027668477e-05	9.69002308301927e-05	0.000370297310672522	0.00115588132490301	0.00301775004585457	0.00737826043321325	0.0157462875099063	0.0339600701834529	0.0607633661755901	0.0960835003131954	0.135944102409701	0.167422834539395	0.170381752302246	0.145381492748056	0.0948860903179366	0.0490211346324886	0.0160439096474562	0.00226677325692058	
6.89464975179261e-06	3.4473248758963e-06	6.89464975179261e-06	2.41312741312741e-05	1.37892995035852e-05	2.75785990071704e-05	0.00013099834528406	0.000372311086596801	0.00144098179812466	0.00341285162713734	0.00799089906232763	0.0172090457804744	0.0358590733590734	0.06323083287369	0.0999034749034749	0.138878929950359	0.169215388858246	0.168787920573635	0.140340595697739	0.0915988692774407	0.0455701875344732	0.0140926640926641	0.00188223938223938	
3.44123912138283e-06	6.88247824276566e-06	1.03237173641485e-05	1.72061956069141e-05	2.75299129710626e-05	1.72061956069141e-05	4.47361085779768e-05	0.000168620716947759	0.000395742498959025	0.00147285034395185	0.0037475094031859	0.00834500486935336	0.0196185042310035	0.0368763184247384	0.0665707708031508	0.103223408684999	0.143609791013548	0.168214650731435	0.167633081319922	0.136128537163662	0.0876345954651351	0.041556403629819	0.0126190238581108	0.00205786099458693	
6.8778392580187e-06	6.8778392580187e-06	1.71945981450468e-05	1.03167588870281e-05	3.78281159191029e-05	2.06335177740561e-05	0.000140995704789383	0.00020977409736957	0.000491765506948337	0.00145810192269996	0.00438806144661593	0.0101792021018677	0.0211699892361816	0.0406892970504386	0.0699510641736792	0.106297005732679	0.146219423705849	0.165962261295991	0.165102531388739	0.13288329338455	0.0829020354965284	0.0384849495682436	0.0115100639982943	0.00186045551929406	
3.43374755774705e-06	6.8674951154941e-06	4.46387182507116e-05	3.43374755774705e-05	1.03012426732411e-05	4.46387182507116e-05	0.000103012426732411	0.000226627338811305	0.00057000209458601	0.00182331995316368	0.00476604161015291	0.0110394983981568	0.0229305661906348	0.0438661250502186	0.0722975548283641	0.110831069921402	0.145481016526627	0.167388325945053	0.163178551439255	0.128583544794954	0.0790723387597991	0.0354500097861805	0.0105244362644947	0.00172374127398902	
3.44826397150355e-05	1.03447919145106e-05	3.44826397150355e-06	4.48274316295461e-05	6.20687514870638e-05	0.000251723269919759	0.000634480570756653	0.00218964762190475	0.00539998137937455	0.012175820083379	0.0241102616887528	0.0459998413798573	0.0761928407143424	0.113920296826563	0.147378802142062	0.166216668218385	0.161627028872314	0.123796124840949	0.0745825014396502	0.034027468870797	0.00954479467312182	0.00179654552915335	
6.94941520671036e-06	0	6.94941520671036e-06	3.47470760335518e-05	0.000118140058514076	0.000243229532234862	0.000920797514889122	0.00246356769077882	0.00639693669777688	0.0126340368457994	0.0261089529316108	0.0482880115638269	0.0802136250234543	0.114780016261632	0.149252590394518	0.166372474756249	0.156413962765033	0.11932493380682	0.0728785172727715	0.0324294460621139	0.00949290117236634	0.00161921374316351	
1.04740191953858e-05	5.93527754405198e-05	0.000146636268735402	0.0003700820115703	0.000928696368657545	0.00259755676045569	0.00700362750198134	0.0141643652918935	0.0280843368025612	0.0508234324757439	0.0822908774784148	0.117839698627554	0.149991446217657	0.165328901659434	0.150473251100645	0.116715487233916	0.0712896659835279	0.0314779190218663	0.00894830373259131	0.00145588866815863	
3.51425910632391e-06	7.02851821264782e-06	6.32566639138304e-05	0.000130027586933985	0.000319797578675476	0.00106833476832247	0.00304686264518283	0.00730263042294108	0.0145455184410747	0.0297903744443078	0.0524749169756286	0.0857162938623465	0.122292702640966	0.150832000843422	0.162499341076418	0.149204898877194	0.113320799142521	0.0673929468819736	0.0300293440635378	0.00858884925585563	0.00137056105146632	
7.0781677454974e-06	1.76954193637435e-05	3.18517548547383e-05	0.000155719690400943	0.00038222105825686	0.00115020225864333	0.00316394098223734	0.00753824864895473	0.01575954048535	0.0310554609833698	0.0558007354216288	0.0893795632062684	0.123283986707201	0.15272916452847	0.160745189500246	0.146698565609306	0.110309705229704	0.0645281162518271	0.0282206548012981	0.00787446161686586	0.00116789767800707	
3.55974497986964e-06	3.91571947785661e-05	8.89936244967411e-05	0.000270540618470093	0.000480565572282402	0.00116759635339724	0.00357042421480925	0.00790619360029048	0.017122373353173	0.0323082454372969	0.0590241315112185	0.0902608937095746	0.126580971739185	0.15429002666249	0.160943190029866	0.143742502287136	0.106941858685244	0.0607399285915157	0.0258401888088737	0.00758581655210221	0.00109284170881998	
1.07285777124527e-05	3.57619257081755e-05	0.00014662389540352	0.000289671598236222	0.000514971730197728	0.00144120560603947	0.00421990723356471	0.00875451941336137	0.0181420249117574	0.033773562638801	0.0595722158446788	0.0931312069292307	0.129801485550394	0.154777614464984	0.160102565202931	0.141188082695877	0.102629574397322	0.0590179059962021	0.0246399668129329	0.00694138977995687	0.000869014794708666	
1.07948228029837e-05	3.95810169442735e-05	0.000118743050832821	0.000298656764215882	0.000665680739517327	0.0018099319566336	0.00476411513038347	0.00979450255657387	0.0191967932179727	0.0359071789169914	0.0614693193144568	0.0971534052268532	0.129365156470957	0.154661024572615	0.159353174217645	0.139112881462051	0.0985315442713675	0.057378081472126	0.0235291154362368	0.00606669041527683	0.000773628967547164	
3.60576056307557e-06	1.44230422523023e-05	0.000104567056329192	0.000256008999978365	0.000969949591467328	0.00219590818291302	0.00508772815449963	0.00985093785832246	0.0201886533926601	0.037409765841909	0.0666128206422581	0.0981992831748001	0.131552568383249	0.155112607902385	0.159500818507648	0.133816986016861	0.0971247665270035	0.053585207727866	0.0220564373643333	0.00564662104177634	0.000710334830925887	
6.5082745479461e-05	0.000133781199041114	0.000513430547671303	0.00111363808931522	0.00225258613520579	0.00489566874328834	0.0108905127435631	0.0215423887537016	0.0411214480187728	0.0698446330237082	0.101326603295356	0.13423677825947	0.156679478325638	0.155348897751391	0.130993488109744	0.0908012770680946	0.0510899552013769	0.0209168712554823	0.00544525637178157	0.000788224361917916	
6.18519192286702e-05	0.000200109150445698	0.000462070220120065	0.00114971802801528	0.00244860833181735	0.00511187920684009	0.0113152628706567	0.0230925959614335	0.0421066036019647	0.0720865926869201	0.10467163907586	0.135695834091323	0.157409496088776	0.153916681826451	0.127516827360378	0.0891831908313626	0.0488884846279789	0.0191777333090777	0.00474076769146807	0.000764053119883573	
3.64130256675418e-06	7.28260513350836e-05	0.000160217312937184	0.000509782359345585	0.00133271673943203	0.00251978137619389	0.00518885615762471	0.012427765660332	0.0246916727051601	0.0449846519096811	0.0746066482902264	0.107298262734545	0.138821019054936	0.156139054062419	0.150731719750789	0.125879829732692	0.0857745232624614	0.0460551948643069	0.0177477087103599	0.00437684568523852	0.000677282277416277	
7.24094610201769e-06	9.05118262752211e-05	0.000206366963907504	0.000448938658325097	0.00143732780125051	0.00259949965062435	0.00598826242636863	0.0138664117853639	0.0264982422603337	0.0473557875071957	0.0763014695500114	0.109609821619293	0.138620672177027	0.154304561433997	0.149449507072594	0.124084472877226	0.0837234393045795	0.044198735006716	0.0162921287295398	0.00442783854138382	0.000488763861886194	
1.79302084566035e-05	1.07581250739621e-05	5.02045836784898e-05	0.000147027709344149	0.000516390003550181	0.00114753334122263	0.0029441402285743	0.00681706525520066	0.0149824821863379	0.0281647714436328	0.049691779716631	0.079513302421654	0.111113501805572	0.139159933873391	0.153123980219394	0.14760147601476	0.121498678543637	0.0800942411756479	0.0427348588354688	0.0161945642780043	0.00387651106831768	0.000598868962450557	
1.43103485285384e-05	2.86206970570768e-05	3.5775871321346e-05	3.93534584534806e-05	0.00017887935660673	0.000465086327177498	0.00139883656866463	0.00337724225273507	0.00739129501499009	0.0160383231133594	0.0300624646713271	0.0518714358288196	0.0814938572828941	0.113030287852661	0.139497277456192	0.153550039711217	0.146763356921558	0.116293047317167	0.0774189855393928	0.0406485449953134	0.0158916420409419	0.00395323378100874	0.000558103592612998	
2.1453933042275e-05	3.93322105775041e-05	2.86052440563666e-05	3.57565550704583e-05	0.000207388019408658	0.000564953570113241	0.00159831801164949	0.00393679671325746	0.00837060954199429	0.0171381168452707	0.0309401471024676	0.053835069314082	0.0845571014306198	0.115497248533087	0.140684165924718	0.153706703281379	0.145289610217793	0.112969260089606	0.0730792472530027	0.0386814412752218	0.0145815231577329	0.00375086262689107	0.000486289148958233	
1.77672911277255e-05	3.5534582255451e-05	2.84276658043608e-05	4.97484151576314e-05	0.000223867868209341	0.000781760809619922	0.00169855303181056	0.00401896125309151	0.0092816328851238	0.0184069136083236	0.0335304318162436	0.0568659919833982	0.0871236887739148	0.118177360206953	0.142742416920147	0.152226596924127	0.140645876567075	0.108892173863604	0.070678284106092	0.0375493930693351	0.0133148079711175	0.00327628848395258	0.000433521903516502	
7.07977132338625e-06	2.8319085293545e-05	3.53988566169313e-05	1.76994283084656e-05	0.000109736455512487	0.000279650967273757	0.000824793359174499	0.00187613940069736	0.00433989982123577	0.0102338094479548	0.0195543283951928	0.0362625887183844	0.0596506132851909	0.0895520274695127	0.12044814952477	0.142480397883148	0.150416821536664	0.137630754526629	0.105789482999699	0.0694242375971256	0.0349138922812793	0.0126798704401848	0.0030903201826581	0.000353988566169313	
3.16442344204886e-05	0	7.03205209344191e-06	5.27403907008143e-05	4.92243646540934e-05	0.000196897458616373	0.000970423188894983	0.00204984318523832	0.00483101978819459	0.0110403217867038	0.0208043261184479	0.037825408210624	0.0607569300873381	0.0929988889357692	0.120902071642547	0.144498122442091	0.149874126267527	0.134445803974516	0.10343093821639	0.0679261071966021	0.0317954235404976	0.0122779629551496	0.00293236572296528	0.000302378240018002	
7.05071934964165e-06	7.05071934964165e-06	1.05760790244625e-05	0	7.05071934964165e-06	0.000105760790244625	0.00042656852065332	0.000849611681631818	0.00233378810473139	0.00565115155873778	0.0113093538368252	0.0223648817770633	0.0403900457944222	0.0636750464466137	0.0933233213118568	0.12454390659207	0.145223666444569	0.147585657426699	0.133248019629203	0.100874641735323	0.0626280146231919	0.030674154530616	0.0114856218205662	0.00294720068815021	0.000327858449758337	
7.03719863196859e-06	0	3.51859931598429e-06	0	3.51859931598429e-05	0.000186485763747168	0.000401120322022209	0.00104502399684734	0.00300840241516657	0.00595698864196141	0.0119984236675064	0.0236203572082026	0.0418115156718414	0.0662657809179322	0.095206260291903	0.127802564355182	0.143210510759877	0.147960619836456	0.130543553222333	0.0982076255084376	0.0597880395772051	0.0292677091103573	0.0106543187288004	0.00280784225415547	0.000211115958959058	
3.51791851797129e-06	0	0	3.51791851797129e-06	7.03583703594257e-06	3.86971036976842e-05	0.000221628866632191	0.000517134022141779	0.00102371428872964	0.00328221797726721	0.00609303487312627	0.0124463957165824	0.024991293151668	0.0432070752377233	0.0685994111004401	0.101161264902782	0.12811203866896	0.144466841859009	0.145954921392111	0.128488455950383	0.0949345491259731	0.0573068926577523	0.026468818929216	0.0101773382724909	0.00228312911816337	0.000211075111078277	
2.46764738023978e-05	1.05756316295991e-05	3.17268948887972e-05	0.000264390790739977	0.000486479054961558	0.00158281953389666	0.0033947777531013	0.00650401345220343	0.0132724176951468	0.0265871379168121	0.0438536191574042	0.0725664590317657	0.103983135392761	0.128673710037332	0.143684056530276	0.14596839296227	0.124591516228307	0.0922794363893384	0.0553563811598648	0.0250430956988906	0.00937000962382478	0.0022808112214502	0.000190361369332783	
