# <P(N_2)> as a function of N_tot.
# number_of_species: 2
# species_total_upper_bound: 100
# species_total_lower_bound: 0
# volume: 512
# Bin widths for each species index 
1	1	1	1	1	1	1	1	1	1	1	1	1	1	1	1	1	1	1	1	1	1	1	1	1	1	1	1	1	1	1	1	1	1	1	1	1	1	1	1	1	1	1	1	1	1	1	1	1	1	1	1	1	1	1	1	1	1	1	1	1	1	1	1	1	1	1	1	1	1	1	1	1	1	1	1	1	1	1	1	1	1	1	1	1	1	1	1	1	1	1	1	1	1	1	1	1	1	1	1	1	
# Bin lower bound for each species index 
0	0	0	0	0	0	0	0	0	0	0	0	0	0	0	0	0	0	0	0	0	0	0	0	0	0	0	0	0	0	0	0	0	0	0	0	0	0	0	0	0	0	0	0	0	0	0	0	0	0	0	0	0	0	0	0	0	0	0	0	0	0	0	0	0	0	0	0	0	0	0	0	0	0	0	0	0	0	0	0	0	0	0	0	0	0	0	0	0	0	0	0	0	0	0	0	0	0	0	0	0	
# Bin upper bound for each species index 
0	1	2	3	4	5	6	7	6	6	7	7	7	7	7	7	8	9	9	9	10	10	10	10	10	11	11	11	12	12	12	12	12	12	12	12	12	12	12	13	14	14	14	14	15	16	16	16	16	16	14	15	15	15	15	15	16	16	17	17	17	16	17	17	17	17	17	17	18	18	18	18	19	22	22	23	23	23	21	21	20	20	20	20	20	20	20	20	20	20	21	22	23	23	23	24	25	24	24	25	22	
# Normalized histogram for each species index 
1	
0.920476237842139	0.0795237621578608	
0.847501668381934	0.146250663241326	0.00624766837674012	
0.780523791958687	0.20156399852453	0.0174461344847788	0.000466075032004687	
0.719019208306519	0.246911194579645	0.03222692475582	0.00181247875664475	3.01936013719972e-05	
0.661370729660837	0.284311098897596	0.0499755777562031	0.0041573809017192	0.000182628419221813	2.58436442295019e-06	
0.608550058704513	0.314928652099696	0.0681488051955642	0.00786279474736431	0.000490780039434305	1.4611664921862e-05	4.29754850642999e-06	
0.560213190839799	0.338455911770312	0.0872552537908511	0.0129226341843682	0.001094629191142	4.97948965382244e-05	2.57559809680471e-06	6.00972889254433e-06	
0.517141611306333	0.354758423748087	0.107459751541112	0.0184634194304084	0.00202033156351262	0.000147057566197279	9.40484434982601e-06	
0.475103585677776	0.368636117641234	0.126694630958417	0.025994157887279	0.00328640180828924	0.000268887420678211	1.62186063266222e-05	
0.436650210923425	0.376737235452156	0.146651564033152	0.0342558024153434	0.00520053681862628	0.000479119985090263	2.46793598003865e-05	8.5101240690988e-07	
0.402493197774545	0.380796804125732	0.16472506056601	0.0435538421815523	0.00748692174692568	0.000892192928412382	4.94242500935226e-05	2.55642672897531e-06	
0.371199803662914	0.382729494534262	0.181319514747438	0.0527536617207446	0.0104636418484319	0.00143758968957607	9.37373241573015e-05	2.55647247701731e-06	
0.341499973979817	0.383383084492227	0.196611063099371	0.0625047454842185	0.0136456665304517	0.00214645182810982	0.000194511532912972	1.45030528926339e-05	
0.314562392533598	0.379798455050172	0.211977210706862	0.0733423441149046	0.0169841826565267	0.00295473793168345	0.000361857019427359	1.88199868260092e-05	
0.288142680625796	0.375451789420287	0.226212612229719	0.0840761045597956	0.0213225755038877	0.00416700227758422	0.000561255704671533	6.59796782590962e-05	
0.265085753852252	0.368061591420582	0.238089313737519	0.095876659284917	0.0264198571069433	0.00550842694942114	0.000822832000700136	0.000123553501669259	1.20121459956224e-05	
0.245131640174936	0.358697798527773	0.247948514980691	0.107048110951041	0.0324202457832732	0.0073843158196582	0.00118135316449828	0.000161405810265753	2.40391632310696e-05	2.57562463190031e-06	
0.225474372655223	0.349705965052878	0.257112687743399	0.11822277177918	0.0382318520805154	0.00933482493333803	0.00166558178849261	0.000211529747015582	3.35352037951532e-05	6.87901616310835e-06	
0.207682584644296	0.339500441839394	0.264026357204133	0.129147030555324	0.0452362657644596	0.0117158426311773	0.00228792784637928	0.000333853329971855	5.42081437840898e-05	1.54880410811685e-05	
0.191363911953526	0.329239461813991	0.270533499026054	0.139190484995206	0.0514312497043761	0.0144169866571494	0.00317682824573549	0.000543517988983441	9.45996499812951e-05	6.87997454409419e-06	2.57999045403532e-06	
0.17487242949509	0.319342486256027	0.275071702090045	0.150369280782123	0.0583640423673104	0.0169587672218036	0.00411847193448892	0.000756926911068812	0.000125296291401413	1.80220693111622e-05	2.57458133016603e-06	
0.161255162672021	0.306344204516225	0.278928383706216	0.160556626586868	0.0661346781013239	0.0203771234593709	0.00518740467176116	0.000992747096386796	0.000194420141926704	2.49477173268779e-05	4.30133057359964e-06	
0.148845483827143	0.294715898049696	0.280770044316499	0.169910868290401	0.0735151737148301	0.024120419811556	0.00645056999238176	0.00134222070889202	0.000273431252676273	4.38521820329872e-05	1.20378538914082e-05	
0.138017228416146	0.284148568236987	0.281238211853666	0.178039569504415	0.0808145904491848	0.0277966101694915	0.00786148525273356	0.00166956671177848	0.000342849777663208	5.92898111748405e-05	1.20298167601126e-05	
0.126370845429028	0.272894319655762	0.28230751545847	0.186754956661382	0.0876517537899844	0.0321633965397734	0.00920902733455491	0.00212832760289061	0.000425493950436818	7.37751607612224e-05	1.54413127174652e-05	5.14710423915505e-06	
0.116267929052499	0.261280616612863	0.281477018847519	0.194393478054077	0.0959472649973305	0.036200467738632	0.0110258798808115	0.00272861818284656	0.000570747396286371	8.22698949601976e-05	1.88535175950453e-05	6.85582458001647e-06	
0.10696459197409	0.249035708672985	0.279829826922946	0.20126442593491	0.104069155660023	0.0411425272119767	0.0134659141379287	0.00344548380263886	0.000655957253452317	0.000109326208908719	1.45198871206893e-05	2.56233302129811e-06	
0.0988910310815265	0.237641929749363	0.277971409982086	0.206242774369054	0.112169969039719	0.0460100855719626	0.015544178596251	0.00444253563506145	0.000917879263442449	0.000149422205676678	1.36614588047248e-05	4.2692058764765e-06	8.53841175295301e-07	
0.0904694375987335	0.227123817431198	0.274560978908783	0.2121312142018	0.119385323684213	0.051836942679494	0.0177930826796471	0.00519688000047639	0.00121989293185188	0.000234791108222538	3.31770044227499e-05	1.02083090531538e-05	4.25346210548076e-06	
0.0836943808797356	0.216048817696415	0.27009238071023	0.216953131621324	0.127279430460208	0.0572912958725316	0.0204958047292143	0.00619459276209848	0.00153996101364522	0.000338164251207729	5.08517670989067e-05	1.27129417747267e-05	8.47529451648445e-06	
0.0772233516888112	0.206333232330243	0.266482265493677	0.220593288767836	0.133870850338812	0.0625637969939449	0.0235086103723967	0.00713426019186073	0.00179520297389211	0.000412194176466506	6.51723851908027e-05	1.43887084187487e-05	3.38557845147027e-06	
0.0702273073730924	0.194390995782449	0.262726333440607	0.225388302647403	0.140916174054439	0.0687333796304138	0.0262191094022595	0.00856128999474923	0.00229001168718982	0.000456477921374007	7.28332119446468e-05	1.69379562661969e-05	8.46897813309846e-07	
0.0641645587824748	0.184866378471664	0.256704763677278	0.229006742409502	0.147395670307173	0.0747493803243463	0.0295600091365148	0.00991650240679486	0.00285769878264401	0.000649707716125103	9.47490419349108e-05	3.29929699594779e-05	8.45973588704561e-07	
0.0588384755913194	0.17519587840167	0.249787627243677	0.231501972970432	0.155326427301608	0.0799825867044068	0.0333063156227582	0.0115363083305172	0.00343353600851016	0.000825776420398964	0.000215125344391115	4.91231101365538e-05	8.46950174768169e-07	
0.0546703164282398	0.165106046883707	0.243850752150239	0.232951359908265	0.161489265083807	0.0860501478593168	0.0372409290824943	0.0130126346356961	0.00415798833530789	0.00111201030321942	0.000269757632492011	7.69528042532069e-05	1.18388929620318e-05	
0.0505522367764271	0.157431188941244	0.236793318935847	0.23352981369135	0.16789400026858	0.0912286539814511	0.0409534435301262	0.0150345902839773	0.00474576500228462	0.00136317222169201	0.000385134159288448	8.44592454579929e-05	4.22296227289965e-06	
0.0462653227635743	0.148558182442181	0.230561793204986	0.233625291867183	0.172206908008186	0.0986382482825266	0.0454085887584019	0.0171220314714828	0.0054532468616636	0.00163588973428597	0.000409815675702568	9.95025714668787e-05	1.51783583593544e-05	
0.0425657480331604	0.139553661640181	0.224722359615637	0.233742977082778	0.177278088498269	0.104325990183769	0.0497516349816316	0.0190346950077574	0.00642832079882645	0.00196324620477115	0.000491234300160222	0.000114142221207625	2.79014318507527e-05	
0.0395150575448386	0.131928523521596	0.21821815439987	0.232969252465388	0.181311082152387	0.110306387268815	0.0539788351962407	0.021637437339923	0.00717365968852087	0.00225095993070308	0.00053468798958166	0.000137709784280173	3.06021742844829e-05	7.65054357112073e-06	
0.0366285741098584	0.124098127791357	0.211353544143429	0.231944853239147	0.184839759586058	0.116158837003954	0.0585422452000392	0.0245967862337851	0.00841278169509745	0.00249542505406754	0.000680803142955863	0.000183424405683597	5.20413430079043e-05	1.19439147886994e-05	8.53136770621382e-07	
0.0335673166966107	0.118325669542837	0.204202104736471	0.229858024961081	0.188711737808404	0.121175280184582	0.0628259467073117	0.0272906337256474	0.00991794732075769	0.00296099049244459	0.000858481618469178	0.000215905556740751	7.96794316543249e-05	8.56768082304569e-06	1.71353616460914e-06	
0.0303522770422066	0.111490253859927	0.197742800644914	0.228030791991202	0.192218516508995	0.126292249630786	0.0678976948863729	0.0300222771364922	0.0111874253750213	0.00333171333379619	0.00104057113126539	0.000293999916000024	7.02856942040874e-05	2.7428563591839e-05	1.71428522448994e-06	
0.0282121663570475	0.105498612946236	0.190411061356175	0.224808447316457	0.194790145255949	0.131813520142153	0.0723219374566411	0.0334732565546565	0.012927495815628	0.00407562559262485	0.00117686805237364	0.000356756933334594	0.000100579665542524	3.26668999197942e-05	8.59655261047215e-07	
0.0264229639013124	0.0991770292046914	0.184772024163457	0.22194876037331	0.19680463276544	0.136558000051705	0.0765879889351361	0.0362718992097757	0.0146230276707772	0.00487577880613221	0.00139775772773886	0.000408469274320726	0.00010427169238989	4.30874761941694e-05	1.72349904776678e-06	2.58524857165016e-06	
0.0237103497996685	0.0934132934567575	0.177241203265326	0.220011072993796	0.198767137700094	0.141871439437451	0.0811424500982254	0.0393393113701709	0.0163783721319308	0.0058452299026025	0.00165060047707011	0.00043809040875215	0.000137981231103039	4.57062828028817e-05	3.44953077757598e-06	8.62382694393995e-07	3.44953077757598e-06	
0.0217524602280028	0.0873746385441901	0.171341911970795	0.216005043348825	0.20081807809429	0.146452882030655	0.0855747977442915	0.042940044689866	0.0182372943916892	0.00671641597968862	0.00198870765911171	0.000590747938634657	0.000143159354472048	5.86435909885498e-05	3.44962299932646e-06	0	1.72481149966323e-06	
0.0200415116020269	0.0818646404311962	0.16417269240524	0.212778016449361	0.201915296317959	0.149602223613994	0.0912806657039288	0.0466462041728994	0.0204029696496014	0.00774934997938223	0.00256212506275912	0.000698761380752488	0.00023205779187953	4.74467604214653e-05	3.45067348519747e-06	8.62668371299368e-07	1.72533674259874e-06	
0.0190368254335719	0.0769471973850496	0.157569941199895	0.208863465759542	0.203225324385329	0.15426497277677	0.0954216771721356	0.0497023714400972	0.0223124240379873	0.00872801906619525	0.00270288713956106	0.000898370925261586	0.000252234913631138	6.73778193946189e-05	3.45527278946764e-06	2.59145459210073e-06	8.63818197366909e-07	
0.0177258013883496	0.0727305275192267	0.149774676413537	0.205272338427292	0.204398025835029	0.157792235308565	0.100439577735556	0.0532483177481997	0.0242628230351532	0.00975580648202038	0.00321273123665506	0.000991925364318534	0.000300950328494202	8.73447792468805e-05	6.05359856166498e-06	0	8.64799794523569e-07	
0.0164900913774954	0.0686059599146057	0.144019707987423	0.199452324671924	0.205503980964901	0.16213825767101	0.104838723663285	0.0567202953770167	0.0261992754314374	0.0104895953827397	0.00393847583933238	0.00112465943716735	0.000353786469054957	0.000103187720141029	2.16780924666027e-05	
0.0149133564151786	0.0646930100141698	0.139299658105584	0.195305343346059	0.203754338679135	0.165648494407925	0.109602943151929	0.0604524792761718	0.028497267877958	0.0115065453930919	0.00445026064574279	0.00130431202957018	0.000402993417774176	0.000135197791769401	3.0332837896981e-05	3.46661004536926e-06	
0.0136519481781068	0.0608101485841958	0.134784799674574	0.191554873632745	0.202097404134962	0.167454935127226	0.114127337809391	0.0646689489300914	0.0305850475606467	0.0129840955671066	0.00500022117196858	0.00164794800116918	0.000450150006635159	0.00015265202537146	2.16835263311734e-05	7.80606947922241e-06	
0.0122890063401106	0.0569655774236892	0.128406974555416	0.188262858263092	0.201304801534326	0.169523576554515	0.117893615563241	0.0689440406516548	0.0339767127363446	0.0142763087700671	0.00558023419114362	0.00178171941996098	0.000602002569353906	0.00015613899493329	3.12277989866579e-05	5.20463316444299e-06	
0.0113275304702258	0.0538248163302057	0.122486065683054	0.183952896035018	0.20086973686261	0.171795972856868	0.121388289113485	0.0724073686087846	0.0369651152925124	0.0162173112785288	0.00581700376256859	0.00207434752420216	0.000658839092620136	0.000175748141658197	2.8569894949362e-05	1.03890527088589e-05	
0.0104651656147527	0.0504390503247526	0.11716725301958	0.178646420967045	0.19945292970086	0.174721334442829	0.125118735382668	0.0763075612250288	0.0399505056373871	0.0175351703511796	0.00676694268403876	0.00237600649072327	0.000806145059352538	0.00019395971352843	3.89651210213364e-05	1.38542652520307e-05	
0.00938324674030324	0.0469725661147535	0.11198017099054	0.173246436974863	0.198156630108375	0.176855178032092	0.129513417947507	0.079894095063114	0.0425127722913859	0.019456348879635	0.00797233645183795	0.00279235439154494	0.00092471822960225	0.000279062108652225	4.59325831011427e-05	1.29997876701347e-05	1.73330502268463e-06	
0.00900182463561463	0.0443442797023374	0.106617662992836	0.167583896398837	0.196551828752963	0.178698137658139	0.133643073535849	0.0833039340184024	0.0452535636737153	0.0214500868977294	0.00891514360879119	0.00325227212641561	0.00097082750042257	0.000312918506832632	7.71461138728649e-05	1.73362053646888e-05	6.06767187764106e-06	
0.00827485246034967	0.0413604189684813	0.101492397847016	0.163310667759136	0.193661310738706	0.180518796218347	0.136723681011532	0.0883178706184769	0.0483002549768946	0.0230543411395313	0.00965399453707461	0.00365031394084225	0.00114986186949025	0.000383287289830082	0.000109881457806818	1.98997915713135e-05	1.21129166086256e-05	6.0564583043128e-06	
0.00773599407264468	0.0392427924621608	0.0964422899856571	0.157884999278101	0.190529545566544	0.181113730697839	0.141371228292228	0.0919717015469395	0.0517381346986308	0.0251073987330883	0.0107039944807123	0.00415329856112931	0.00137895736990034	0.000464263390367702	0.000129682511275894	1.55619013531073e-05	1.38328012027621e-05	2.59365022551789e-06	
0.00694814316863597	0.037085778800493	0.0923184321431342	0.153480535374167	0.188179021123665	0.181541139867794	0.143552154165697	0.0961786074411149	0.0547155501547	0.0273573441580267	0.0117279003025054	0.0045410278287699	0.00167196697434306	0.000518826865234291	0.000144788892623523	3.01643526299006e-05	6.89470917254872e-06	1.72367729313718e-06	
0.00647292554589541	0.0344793228852619	0.0882537359328108	0.14840143819885	0.185580390196473	0.180701645889057	0.14653239812615	0.0999618633367519	0.0586514394872508	0.0298084405712254	0.013199236579588	0.00522231785019163	0.00189996169154998	0.000626162781708832	0.000174363572958701	2.14733464234853e-05	1.28840078540912e-05	
0.00617234069257445	0.0321950322113657	0.0834331968770363	0.14528211379458	0.182411579930093	0.181371394381623	0.147886016295667	0.103699621922641	0.0618600924647583	0.0320093461961016	0.0146717741782964	0.00577603859518214	0.00223682875794968	0.000722971939060601	0.000223510944299353	3.61056140791263e-05	1.11755472149677e-05	8.59657478074436e-07	
0.00552465288225938	0.0303873103211108	0.0792520311223832	0.139694794308559	0.18015217297855	0.182530198168766	0.150708850965052	0.106127326656063	0.0650320251042428	0.0340901861324851	0.0163530069208615	0.00651592657868719	0.00242273137600481	0.000868331685509178	0.000254481365258135	6.61995443407987e-05	1.89141555259425e-05	8.59734342088295e-07	
0.00528075452617675	0.028258615085364	0.0759143934742566	0.134284746264088	0.175498881247087	0.183140109828687	0.154430897874455	0.110075483574712	0.0674347451461946	0.0366823687636619	0.0172886451308881	0.00755265705966625	0.00273625808537607	0.000975146658961804	0.000313010038679098	0.000116948805660322	1.46186007075403e-05	1.71983537735768e-06	
0.00479709279634842	0.0263624717089557	0.0728265542520352	0.130249512579876	0.172393799275094	0.181887183887696	0.156564599212719	0.113965415786812	0.0707329954346633	0.0382914492337833	0.0187653516877272	0.00853448298143453	0.00309295314994447	0.00104850250236279	0.000329110892278214	0.000124924291571573	2.84310456680133e-05	5.16928103054787e-06	
0.00426768819451401	0.0247235760843659	0.0685248064773524	0.126223225481086	0.170606491860132	0.18089488464634	0.157698073581784	0.116387335449618	0.0745550101726764	0.0411501169253301	0.0202684964818774	0.0092944411245557	0.00362693047692409	0.00120379549638861	0.000417960559721728	0.000124351902065969	2.33159816373691e-05	9.49910363003927e-06	
0.0038978773421835	0.0227036230380972	0.0648637903616124	0.121135829357671	0.16714288183641	0.180315287284796	0.159811242480813	0.119702862476665	0.0782833782755998	0.0439535366106617	0.02207702413054	0.0100229896978497	0.00408196777985204	0.00134826799419208	0.000474486621032981	0.000126184055866694	4.49422664730692e-05	1.38283896840213e-05	
0.00375342948562899	0.0214036184960712	0.061300543880139	0.116351994803077	0.163510445677639	0.179137497322064	0.162030670140497	0.123097801673796	0.0811345464094927	0.0466289106502374	0.0238906434647998	0.010675461814362	0.00464578682939302	0.0017372029218872	0.000488939260958805	0.000144262997491379	4.49202147877347e-05	1.72770056875903e-05	6.04695199065659e-06	
0.00325458781851803	0.0199919738041574	0.0583360865722089	0.112016460620612	0.159487776484284	0.179406234486003	0.162867773612843	0.125788997538518	0.08426986699694	0.0491180698382825	0.0257339904204585	0.0117927996028417	0.00510113179740083	0.00198233199044468	0.000622722091239165	0.000176437925851097	3.54605635288969e-05	6.91913434710183e-06	1.03787015206528e-05	
0.00312909687998927	0.0187183336866836	0.0551736968947002	0.108164987171222	0.155070287857875	0.177248281203352	0.164727566945453	0.129577147900883	0.0878024930664024	0.0518360512458842	0.027161530107606	0.0128331047373454	0.00546813141168479	0.00214433132428468	0.000694874113559564	0.000194703207410837	3.980598907066e-05	7.78812829643347e-06	7.78812829643347e-06	
0.00295425308043869	0.0170620194701154	0.0527831152012024	0.103541221062513	0.151486574282985	0.174859168236257	0.165820396252999	0.132062187717589	0.0914921135075112	0.0552740406227055	0.0290326115372901	0.0140525467059302	0.00608538171037794	0.00236150428772216	0.000858493520746639	0.000210525044283598	5.78081064221355e-05	5.17684535123601e-06	8.62807558539336e-07	
0.00261121332312839	0.0162837088010717	0.0496948418851359	0.0992011391880874	0.147924847334849	0.172108488036028	0.167130566692696	0.134993616173165	0.0943592454428602	0.0581535200584746	0.0314051564790892	0.015173103727931	0.00677985655114939	0.00280492351030409	0.00101934605162678	0.000259141183732821	8.52324823573066e-05	1.03312099827038e-05	0	1.72186833045064e-06	
0.00236178058920211	0.0155596107896082	0.047365958592876	0.0953128668701573	0.143715557366407	0.170864812231537	0.166841325635678	0.137212028507106	0.0972861967045564	0.0608374307694433	0.0338513252213306	0.0166205129621701	0.00742976810353162	0.00301610430507023	0.00120765023548748	0.000378092068008232	0.000113945554742207	1.29483584934326e-05	6.90579119649738e-06	2.58967169868652e-06	8.63223899562173e-07	0	1.72644779912435e-06	
0.00204045682745662	0.0140802746629317	0.0448278780112497	0.0907998970704808	0.140114534995173	0.168669705044755	0.168464191407458	0.14022938085131	0.10046940005561	0.0631479508217955	0.0360633258323734	0.017754478556638	0.00806079749653304	0.00330462474764134	0.00132374960494752	0.000467154948647496	0.000143341444501819	2.33145722984887e-05	5.18101606633082e-06	6.04451874405263e-06	1.72700535544361e-06	8.63502677721804e-07	1.72700535544361e-06	
0.00192878274201559	0.0127517329244855	0.0419598782094193	0.0874154052128096	0.13536634347535	0.167497462696236	0.167210693385735	0.14313848280032	0.104410805674923	0.0665175235915265	0.0378241810447213	0.0194718089356281	0.00872141484376687	0.00364335226413872	0.00142780021162193	0.000485434796691788	0.000155477337018722	3.62780453043685e-05	1.98665486190589e-05	7.7738668509361e-06	4.31881491718672e-06	2.59128895031203e-06	1.72752596687469e-06	8.63762983437345e-07	
0.00188171207300939	0.011843818761507	0.0392482478229481	0.0836381724162945	0.131970279484762	0.164275450177377	0.167467193096992	0.144724297661116	0.107178140015268	0.0699273222175014	0.0405453251674456	0.0209406315091348	0.00968144747613965	0.00423752232320197	0.00156132878751766	0.000607087465500506	0.000169259094222047	6.47675105441507e-05	1.38170689160855e-05	1.38170689160855e-05	2.59070042176603e-06	4.31783403627671e-06	1.72713361451069e-06	1.72713361451069e-06	
0.00173602581110074	0.0110703969672129	0.0368108154235636	0.0805959033583566	0.127874592391656	0.161788296220825	0.167560107954256	0.14535983746523	0.110705693630233	0.0729354955215878	0.0429817234581565	0.02263556991038	0.0105644152635803	0.00463313740549477	0.00175929924550974	0.000646484289138805	0.000215494763046268	7.32682194357313e-05	2.24114553568119e-05	8.61979052185074e-06	8.61979052185074e-06	1.1205727678406e-05	1.72395810437015e-06	8.61979052185074e-07	
0.0017046527449048	0.010228778711586	0.0347069713140657	0.076148053876339	0.124664695581095	0.159540666357984	0.16642653222587	0.14709506306008	0.113068400808093	0.0763472318146662	0.0458212727211586	0.0241013927797566	0.0118696255368535	0.0050673971582223	0.00206938117742616	0.00073894152877259	0.000273330763851705	8.01885206252635e-05	2.84539911896096e-05	5.17345294356539e-06	5.17345294356539e-06	8.62242157260898e-06	
0.00149085233392674	0.00972595439166574	0.0327149664817353	0.072841006558541	0.120473997755948	0.156597367082222	0.166507302671528	0.148661126500462	0.115271562294047	0.0793364929728684	0.0479474003802278	0.0262350277742508	0.0127508471340826	0.00585112034184225	0.00230797070466526	0.000851668830389202	0.000280722484661755	0.000117471562812304	2.33215602642074e-05	5.18256894760164e-06	6.91009193013552e-06	1.72752298253388e-06	
0.00129697197277311	0.00903381211989593	0.0309612041852654	0.0700191820337801	0.116640089844943	0.152056336517072	0.166094608870804	0.150832043427363	0.118114432901384	0.0821236769631302	0.0502617737627502	0.0280004049252056	0.0140356766793364	0.00647361194148658	0.00261557456550574	0.000952612503017471	0.000308885253022014	0.000134109843749054	3.98003407255256e-05	4.32612399190496e-06	8.65224798380991e-07	
0.00120349872415272	0.00841236077235332	0.0293631160999363	0.0668145407599631	0.113008443552964	0.149862884324624	0.163596113106352	0.152077529925009	0.121361885741269	0.0849917903884728	0.0528906930298449	0.0300961326014721	0.0147790336485766	0.0069307316735044	0.00299358393948715	0.00109779185277286	0.000348312805694308	0.00012216941692263	4.59218375666625e-05	2.59934929622618e-06	8.66449765408726e-07	
0.0011649314042624	0.00790315814290519	0.0278794781384674	0.0641457689760738	0.109947335392766	0.146747553123992	0.162121353955393	0.151999278851988	0.123868439026589	0.0881438759625419	0.0557832256811902	0.0318518595564246	0.0159632006490332	0.00745850798636753	0.00320009430397082	0.00121867079939951	0.000401311934652896	0.000157751127660533	3.81376352585905e-05	4.33382218847619e-06	1.73352887539048e-06	
0.00103374443376714	0.00752562481749168	0.0261624859084083	0.0615073605549813	0.106432351261679	0.144098601715513	0.161979867545537	0.153239398053996	0.125396752500093	0.0904877315418563	0.0580482593147479	0.0331136157052901	0.0172166539434361	0.00817983860415907	0.00353015492302373	0.00130756106500805	0.000490443712918859	0.000181100240282759	5.45900245828412e-05	1.29976249006765e-05	8.66508326711766e-07	
0.000928464016813008	0.00703463344327389	0.0248967192246718	0.0589253593025587	0.10204166634127	0.141427630568506	0.160632084419072	0.154199651001656	0.128125431150055	0.0932924114987232	0.0606018008731033	0.0347193478885253	0.0182542967492479	0.00850629229609151	0.00397851169821275	0.00157231476492072	0.000545798006145217	0.000197840930685389	9.02432315407036e-05	2.25608078851759e-05	6.94178704159259e-06	
0.000809919955228459	0.00634553166639293	0.0237005868443624	0.0563363635810628	0.0985582208178975	0.138382471663664	0.159906181375143	0.154470506139141	0.129425556450639	0.0962396945941319	0.0631763635463023	0.0365706668196129	0.0195275872467153	0.00929409219009482	0.00433029091942426	0.00187098461760394	0.000682175069586202	0.000250275694319524	8.25562186123429e-05	2.86774233074454e-05	1.12971667574785e-05	
0.000743382075807603	0.00586194978002491	0.0220556946019693	0.053563457560352	0.0953179087342183	0.134852634924715	0.158115456962867	0.15612847309669	0.131271200718371	0.0991372946797812	0.0655565725917808	0.0387192638433201	0.0207087488080702	0.0101832923141588	0.00455234677731712	0.00204430070847091	0.000810251725150109	0.000275294530410059	7.90277674047802e-05	1.73687400889627e-05	6.07905903113694e-06	
0.000767239149575057	0.00543163515993148	0.0208696015668748	0.0513144522252112	0.0915914595222565	0.131223149895539	0.15575738522111	0.155612820296219	0.134087451329083	0.10193220601721	0.0686648558313223	0.0407690505655014	0.022351827483534	0.0111715593765594	0.00487688903248618	0.00214583117429392	0.000922254550964797	0.000331802628817363	0.000131501829268824	4.44145251172848e-05	2.61261912454617e-06	
0.000767832203302378	0.00512820961294436	0.019206299372354	0.0490599302654443	0.0892075849228539	0.12845447970623	0.154076288239662	0.155305869193925	0.13569553966448	0.104429552269871	0.0710323495228159	0.0426461701526657	0.023593787030632	0.0120080910974316	0.00548326641766049	0.0023900745007123	0.00096809823354867	0.000336691797575644	0.000155665298619389	5.07224006737334e-05	3.49809659818851e-06	
0.000649362583237869	0.00477307753231717	0.0181707753581777	0.0462342658658445	0.0856423482421265	0.125396115551534	0.151669920772514	0.155654486596614	0.137584353687321	0.106765885535405	0.0734409828303982	0.0454790099233455	0.0253995286432785	0.0129373680161798	0.00577250080732747	0.00268934126454174	0.00108868875141228	0.000430574650880096	0.000157527311297596	5.42594072247276e-05	9.62666902374199e-06	
0.000587290679083336	0.00452213822894168	0.0170428248856975	0.043768933550251	0.0828781100109394	0.122592108215758	0.149327858966088	0.155613622338784	0.1386496872458	0.108732048189392	0.0761943914616701	0.0473058259235365	0.0271196810748647	0.0141773723037222	0.00668108888951222	0.0028645760287229	0.00121840902078483	0.000475091862780848	0.000169174777706095	6.83711536843286e-05	7.88897927126869e-06	3.50621300945275e-06	
0.000482532667111902	0.00418806885531363	0.01622953169855	0.0419322636027008	0.079624009147141	0.120606942176502	0.147809721284936	0.154290694462413	0.139546349360644	0.111180946253553	0.0785278208055498	0.0498416034071002	0.0281722152095695	0.0151674353388743	0.00719165987740873	0.00316093863093594	0.00127801224514058	0.000528862796381704	0.000160844222370634	6.2064890153886e-05	8.74153382449098e-06	7.86738044204188e-06	8.74153382449098e-07	
0.000448852239414641	0.00388859731928676	0.0157019690990558	0.0395313074436992	0.0770052299145172	0.117034291787139	0.146425380934957	0.154103024687746	0.140226155161408	0.112948339203052	0.0809243911022466	0.0517393897530701	0.0303813584853595	0.01609929938881	0.00781125152055246	0.00341616723850209	0.0014670656852463	0.000558008912424038	0.000186002970808013	5.76347233489617e-05	3.05638684426312e-05	7.85928045667659e-06	4.36626692037588e-06	3.49301353630071e-06	
0.000400592772573272	0.00361318971340598	0.0146473823575103	0.0379140549588847	0.0729235941288285	0.113555396133014	0.144196815854746	0.153666165707513	0.141836896776232	0.115252024346266	0.0837526902553844	0.0542292647420759	0.0317794872063411	0.0172769815378224	0.00862103574614113	0.00388548806861919	0.00153604200376679	0.000622271561753252	0.000175422978839276	5.84743262797586e-05	3.57827966786583e-05	1.39640182160618e-05	5.23650683102316e-06	1.74550227700772e-06	
0.000389056629063662	0.00327347199532088	0.0134037406880993	0.0361813961301486	0.0701894714487268	0.109715710141497	0.140750592071078	0.152900125594791	0.143223321116201	0.117880677115202	0.086731776352494	0.0568292493992252	0.0341777980091093	0.0183579025060643	0.00898659887043022	0.00420477086131219	0.00171985659738209	0.000745039092793052	0.000211500583584944	6.4407585124633e-05	2.69815559305895e-05	2.6111183158635e-05	6.0926094036815e-06	4.3518638597725e-06	
0.000361991735824161	0.00293326157158235	0.0124657106149519	0.034033299767353	0.0677879440258342	0.10646376610299	0.137810340636828	0.151543456370013	0.144022361887566	0.120882669537137	0.0890664606409945	0.0595385256432515	0.0362191395534567	0.0195449494774124	0.00976509601027814	0.00450362859821522	0.00190892044862669	0.000766519670821904	0.000247404423764714	6.68425987013438e-05	2.77787423174416e-05	2.17021424355012e-05	1.04170283690406e-05	3.4723427896802e-06	4.34042848710025e-06	
0.000351062569553191	0.00287508138858217	0.0120606421678027	0.032157677245525	0.0657221988276585	0.102906296557944	0.134969723015091	0.150372377082705	0.145088280130637	0.121655285956027	0.0922023469310992	0.0613200817301332	0.0384283810740958	0.0208242361146539	0.0106001872910162	0.00502382642636463	0.00218160311079483	0.000862956759640602	0.000253353036647992	7.7821751871397e-05	4.40989927271249e-05	1.12409197147573e-05	8.64686131904411e-07	8.64686131904411e-06	8.64686131904411e-07	8.64686131904411e-07	
0.000326328605156164	0.00273461649070179	0.0112966525056699	0.0307532421909306	0.0624053948403917	0.100244014582325	0.132623733646976	0.148624167603749	0.145264446713725	0.124258872435651	0.0933790595192379	0.0643547562178945	0.0403571188714369	0.0226828516470554	0.0113104289111646	0.00547009400674699	0.00244703402599952	0.000947127877761954	0.000382295252478461	9.64348384630353e-05	2.49697349591788e-05	1.03323041210395e-05	2.58307603025987e-06	1.72205068683992e-06	1.72205068683992e-06	
0.00027946099283462	0.00256674173418874	0.0104587201718384	0.0292075432111186	0.0596868489096292	0.0969600663139439	0.12988143114984	0.147815087970021	0.145158058838147	0.126594969874105	0.0961285623752637	0.0668444898461073	0.0419354866447741	0.0238848861475915	0.0123814118025406	0.00580934913104829	0.00265616925189582	0.00114793977056682	0.000414462149373191	0.000137580796472428	4.12742389417285e-05	6.87903982362142e-06	8.59879977952677e-07	0	1.71975995590535e-06	
0.00030911448601752	0.00243330790385937	0.0101818350895743	0.0274380005889535	0.0576786965873416	0.0942523648549745	0.126825626710247	0.145636836114216	0.145872761933627	0.127632424129184	0.0988313922550892	0.0695223449304363	0.0440492447790649	0.025300030480927	0.013040498302884	0.00627269924968701	0.00285091382508081	0.00115465884609887	0.000475295811369558	0.000179096972400123	5.25236313288823e-05	8.61043136539054e-06	8.61043136539054e-07	0	0	8.61043136539054e-07	
0.00022067481669336	0.00221364425495527	0.009520049513912	0.0266637243357774	0.0549273410925817	0.0914714355414032	0.124982113271694	0.144167892158976	0.14514627464705	0.129313718560304	0.101975039609406	0.0708685105656689	0.0456038300872872	0.0270766276060748	0.013694768800029	0.00685126344952667	0.00303514074053641	0.00146455669360164	0.000495656326557352	0.000224122860704194	6.03407701895907e-05	1.72402200541688e-05	6.03407701895907e-06	
