# <P(N_1)> as a function of N_tot.
# number_of_species: 2
# species_total_upper_bound: 100
# species_total_lower_bound: 0
# volume: 512
# Bin widths for each species index 
1	1	1	1	1	1	1	1	1	1	1	1	1	1	1	1	1	1	1	1	1	1	1	1	1	1	1	1	1	1	1	1	1	1	1	1	1	1	1	1	1	1	1	1	1	1	1	1	1	1	1	1	1	1	1	1	1	1	1	1	1	1	1	1	1	1	1	1	1	1	1	1	1	1	1	1	1	1	1	1	1	1	1	1	1	1	1	1	1	1	1	1	1	1	1	1	1	1	1	1	1	
# Bin lower bound for each species index 
0	0	0	0	0	0	0	0	2	3	3	5	6	6	7	8	8	8	9	10	10	11	12	13	14	14	15	16	16	17	18	19	20	22	22	23	24	25	26	26	26	27	28	29	29	29	30	31	32	33	36	36	37	38	39	40	40	41	41	42	43	45	45	47	47	48	49	50	50	51	52	53	53	51	52	52	53	54	57	58	60	61	62	63	64	65	66	67	68	69	69	69	69	70	71	71	71	73	74	74	78	
# Bin upper bound for each species index 
0	1	2	3	4	5	6	7	8	9	10	11	12	13	14	15	16	17	18	19	20	21	22	23	24	25	26	27	28	29	30	31	32	33	34	35	36	37	38	39	40	41	42	43	44	45	46	47	48	49	50	51	52	53	54	55	56	57	58	59	60	61	62	63	64	65	66	67	68	69	70	71	72	73	74	75	76	77	78	79	80	81	82	83	84	85	86	87	88	89	90	91	92	93	94	95	96	97	98	99	100	
# Normalized histogram for each species index 
1	
0.079892133515738	0.920107866484262	
0.00634564716492498	0.146293986872393	0.847360365962682	
0.000472053636108611	0.0174817572112108	0.201072316589136	0.780973872563544	
2.23647102763607e-05	0.0017299103398765	0.0323785093026012	0.246126991297891	0.719742224349355	
3.34921232108229e-06	0.000150714554448703	0.00417311855206853	0.049738035776286	0.284064559416701	0.661870222488175	
5.56928694191568e-06	1.78217182141302e-05	0.000448884527518404	0.00778252157263297	0.0678851523923986	0.314552212622009	0.609307837880285	
7.79753152430602e-06	3.34179922470258e-06	5.34687875952413e-05	0.00106826181882992	0.0128636991489551	0.086989261685158	0.338079802165486	0.560934367063227	
1.21809288733416e-05	0.000124024003074024	0.00207186526563838	0.0184939721012435	0.107370458589825	0.354009906417246	0.5179175926941	
1.76721376659524e-05	0.000275022642426384	0.00338752788884225	0.0261293600477148	0.126314917493207	0.368908082793965	0.474967416996178	
1.10063187275815e-06	2.75157968189538e-05	0.000516196348323573	0.00531164941793083	0.0343099973694898	0.146839700672156	0.37684424628179	0.436149593481618	
6.17941262476069e-05	0.000910359895612065	0.00756757353225157	0.0437833453795097	0.165226458920699	0.380937615519153	0.401512852626526	
9.41516328662305e-05	0.00143553548464276	0.010636919181346	0.0530095846362258	0.181985137334002	0.383334496382916	0.369504175348001	
1.11130867709815e-05	0.000183365931721195	0.00217149715504979	0.0139258090327169	0.0632756934566145	0.197591794096728	0.382816945234708	0.34002378200569	
1.45243931596812e-05	0.000340764608746366	0.0030199565162014	0.0172292820704187	0.0739693825792194	0.212987935815589	0.378793939082461	0.313644214934205	
6.82590801361601e-05	0.00053712063057962	0.00414142386203161	0.0213359980484617	0.084627831353074	0.226869683345008	0.374151517253881	0.288268166426827	
1.56579586048312e-05	0.000118553115150864	0.000806384868148804	0.00549146976783721	0.026618529628213	0.0961421026848925	0.238339853754667	0.367037089230232	0.265430358992254	
3.34762770362782e-06	2.78968975302319e-05	0.00013836861174995	0.00110025363859234	0.00728890138669898	0.0323325042375387	0.107001340166957	0.247764621600903	0.359187062088451	0.245155703743875	
8.93302797266047e-06	3.12655979043116e-05	0.000205459643371191	0.00150074869940696	0.00931268166149854	0.0381864613261303	0.118400586006635	0.257014381058407	0.349875440091206	0.225464042887467	
2.00851386711449e-05	5.57920518642914e-05	0.000328057264962034	0.00220267020760222	0.0118569268621992	0.0454281203099806	0.12915636838376	0.263582853986621	0.340178646150069	0.20719047964427	
3.35374647018184e-06	5.58957745030307e-06	9.72586476352734e-05	0.000554486083070064	0.00316370083687154	0.0145194863849072	0.0514475887680795	0.13961758346916	0.270410342059782	0.329110966527374	0.1910696438992	
1.11670954831332e-06	1.22838050314465e-05	0.000120604631217839	0.000761595911949686	0.00422339551172098	0.0169226164951401	0.0585513150371641	0.15097354738422	0.275104747355632	0.31881610920526	0.174512667953116	
4.48065811906453e-06	2.24032905953226e-05	0.000206110273476968	0.00106527646780759	0.00534430497151422	0.0204956504011309	0.0665601763587036	0.161308172944442	0.278821273268618	0.305315404726646	0.160856746638946	
4.47792439248559e-06	4.25402817286132e-05	0.000313454707473992	0.00137360330739496	0.00662620861978056	0.0245782075092553	0.0736909627649392	0.170195830828494	0.280021404478596	0.294061936411235	0.14909137316671	
5.59606484719945e-06	6.71527781663934e-05	0.000343598381618046	0.00170120371354863	0.00806169101887553	0.0282623659042961	0.0810097539410287	0.177341533433689	0.280949316440679	0.284179365070482	0.138078423252769	
2.23531370951428e-06	1.22942254023285e-05	7.15300387044569e-05	0.000392297556019756	0.00217384258250263	0.00936261147230055	0.0325048143069019	0.0876298856972335	0.186208337943668	0.282781713792668	0.272632271894618	0.126228165176271	
6.69915010115717e-06	1.67478752528929e-05	8.2622851247605e-05	0.000562728608497202	0.00279689516723312	0.0111429196682581	0.0362792473728166	0.09615960055201	0.194817984091752	0.28164566855285	0.260478587283227	0.116010298826756	
2.22480794345428e-06	1.44612516324528e-05	0.000107903185257533	0.000695252482329463	0.00352298337845985	0.0134244911308031	0.0415749860393302	0.104029794627979	0.201566487272986	0.279977618432089	0.248608938833355	0.106474858557835	
1.11251411502283e-06	4.45005646009134e-06	8.90011292018267e-06	0.000165764603138402	0.000938961913079272	0.00449455702469225	0.015591885322045	0.0462182863945086	0.112171460675407	0.206472607121203	0.277889338220979	0.237492838190385	0.0985498378510677	
5.53882829410735e-06	1.10776565882147e-05	3.65562667411085e-05	0.000248139507576009	0.00123515870958594	0.00521757625304912	0.0176954486340142	0.0519963044937622	0.119056006416179	0.212611247366287	0.274701512543231	0.227090852292743	0.0900945810319502	
1.10212754701676e-05	1.43276581112179e-05	4.84936120687375e-05	0.00035047655995133	0.00157383813713993	0.00611460363084899	0.0204973681194177	0.0571905005422468	0.126777731733338	0.217591939479972	0.270085172416833	0.215799880088523	0.0839446467460786	
4.40298302099673e-06	1.43096948182394e-05	7.15484740911968e-05	0.000406175183686948	0.00180632378436391	0.00709210490107048	0.0237034590935359	0.0621602135446765	0.133743911500041	0.220564132199565	0.2661493161617	0.206967720630727	0.0773163818487025	
1.10121122222332e-06	1.10121122222332e-05	7.92872080000793e-05	0.000480128092889369	0.00228611449733562	0.00862688871489752	0.026400437841582	0.0686671269729576	0.14067973363903	0.22493560667378	0.263025401639263	0.19442985339575	0.0703773080010704	
2.63844410950862e-05	0.00010443841266805	0.00065851167566486	0.00290338787217178	0.00992274855517701	0.0295318850473876	0.0744360050877997	0.147060278553737	0.228766296514945	0.256987754321277	0.185181398529287	0.0644209109887899	
1.10138102166306e-06	4.62580029098487e-05	0.000241202443744211	0.000862381339962179	0.00345833640802202	0.0114455515771226	0.0332352737097046	0.0799966077464533	0.155500682305543	0.231271291071875	0.249604879558478	0.175180158400619	0.0591562760545448	
1.53926500096204e-05	7.25653500453533e-05	0.000306753525191721	0.00107198812566999	0.00407795277754872	0.0131211346582007	0.0373777521233611	0.0858920865286825	0.161389736400869	0.233483411670927	0.243800885077376	0.164923449053077	0.0544668920590418	
4.38994088944592e-06	8.99937882336414e-05	0.00042253181060917	0.00136307664617296	0.00483442240450232	0.0150904218074704	0.0410635070798772	0.0907730027415181	0.167841707511408	0.233301213599159	0.236960229330512	0.15754839361088	0.0507071097287675	
1.96918014278744e-05	0.000106116929916879	0.000411339852048932	0.00168474301105148	0.00549401259837696	0.0170126224447153	0.0454902492763263	0.0979973437947852	0.172072430821608	0.233174996663334	0.231038436208409	0.148725612250926	0.0467724043470746	
3.07033030174768e-05	0.000128295944751599	0.000503314860179351	0.00195185283468245	0.00632049423545486	0.0188989795537933	0.0496406617000419	0.104007438971703	0.176877342497538	0.233745342418587	0.224929108266426	0.140087109656847	0.042879355756979	
9.92243959714895e-06	3.63822785228795e-05	0.000134504181205797	0.000534709244957471	0.00223475389593566	0.00697768002337286	0.0211799985667587	0.0539053068514445	0.110265866256539	0.181288483906354	0.232805790294752	0.218604574244654	0.132267222323284	0.0397548054926216	
1.10741480657893e-06	1.5503807292105e-05	5.20484959092097e-05	0.000161682561760524	0.000684382350465779	0.00247507209270391	0.00820151405752356	0.0242258063087207	0.0585113687204043	0.116338355090343	0.184556214590412	0.231771952283711	0.211636936270493	0.124682725657915	0.0366853302975402	
2.22629634453272e-06	1.11314817226636e-05	7.79203720586451e-05	0.00021706389359194	0.000814824462098974	0.00289084580337573	0.00974004650733064	0.0271285341063034	0.0625778508002979	0.121129444661508	0.188567300381921	0.229977525538402	0.204549881839322	0.118511320160338	0.0338040836953848	
2.22611049522054e-06	3.33916574283081e-05	6.45572043613957e-05	0.000283829088140619	0.000996184446611192	0.00334584407431647	0.0109391069735137	0.0299322817187354	0.0679676056400736	0.126136985935434	0.192414973709635	0.228156290765648	0.197887866362135	0.111700659373929	0.0301381969395433	
1.116376687822e-06	3.57240540103042e-05	9.60083951526924e-05	0.000318167356029271	0.00117107914552528	0.00404239998660348	0.0128126552461331	0.0335415375856121	0.0723947954518814	0.132330827067669	0.195370385875602	0.224376084978593	0.190289755569324	0.105422799761095	0.0277966631500801	
3.36564351103931e-06	0	4.3753365643511e-05	9.42380183091007e-05	0.000413974151857835	0.00144273918506552	0.00496768982229402	0.0146237210554658	0.0362412493268713	0.0769509513552325	0.137650332076826	0.196512071441393	0.221687084903967	0.184656031233172	0.0987894902171962	0.0259233082031951	
4.49394272694692e-06	1.12348568173673e-06	4.49394272694692e-06	4.49394272694692e-05	0.000134818281808407	0.000435912444513851	0.00166500578033383	0.00585785434457531	0.0162793075283652	0.0395253497691799	0.0817392007747557	0.142879291574869	0.198431164594023	0.219883000201104	0.176916413788764	0.092910018908264	0.0232876112110389	
2.24885617552772e-06	0	4.49771235105544e-06	5.17236920371376e-05	0.00014842450758483	0.000584702605637208	0.00201947284562389	0.00663637457398231	0.0182404724397054	0.0433208409372783	0.0860232464262864	0.14670975475099	0.200319112691307	0.216253383123009	0.171064867131955	0.0870712134040823	0.0215496643019944	
2.25044024237241e-06	1.12522012118621e-06	3.37566036355862e-06	3.8257484120331e-05	0.000272303269327062	0.000725766978165104	0.00253174527266897	0.00780340154042635	0.020430621740378	0.0470083210027962	0.091464642770742	0.149453986936194	0.201937629048683	0.212711611709041	0.16375440945635	0.0818676403571449	0.0199929111132365	
1.12651304783738e-06	3.37953914351213e-06	1.12651304783738e-06	6.98438089659174e-05	0.000288387340246368	0.000927120238370161	0.00272390854967078	0.00884087439942773	0.0223229825559455	0.0499371968975831	0.0953998839691561	0.154028129030805	0.202374689504841	0.208692174677113	0.157865032471739	0.07714023397676	0.0193839100141377	
1.1269281741059e-06	0	5.63464087052948e-06	9.35350384507893e-05	0.000325682242316604	0.00101085457217299	0.00327147248942941	0.009939506495614	0.0242796675111115	0.0532056598840616	0.100312384489862	0.157438627491638	0.203317000387663	0.205316170968527	0.150260095022584	0.0732255388970529	0.0179970429404711	
2.60065966297712e-05	0.000116464324037671	0.000367484517594593	0.00113298303578395	0.00398805505709579	0.0107135870898731	0.0261479368288461	0.056726040857494	0.104470760104976	0.161780253304251	0.205227099778266	0.199561053877753	0.14438862448849	0.0685839181990771	0.016769731939832	
4.51453511010387e-06	3.83735484358829e-05	0.000141079222190746	0.000416465863907082	0.00137919047613673	0.00455403729231728	0.0115910688951917	0.0282790479296906	0.0599665698675097	0.10918967480675	0.165066075864505	0.203737583617655	0.195753628275436	0.139879484485236	0.0649190148832936	0.0150841904366345	
1.01388687050299e-05	2.81635241806386e-05	0.000165601522182155	0.000473147206234728	0.00174388541726514	0.00507506705735107	0.0130025358437172	0.0302949396906293	0.0641283445593141	0.113717551395615	0.167009698391187	0.202064273668344	0.191795852752083	0.135537523389807	0.0610968228165101	0.0138564538968742	
6.74662162921917e-06	3.37331081460958e-05	0.00016191891910126	0.000663417793539885	0.00182046340295097	0.00560644257388113	0.0142241272682704	0.0337657168173037	0.0684590941086251	0.117648712407262	0.169045600415592	0.201260718695113	0.188911027802828	0.128843606564013	0.0570078283299638	0.0125408451717802	
1.3440227946266e-05	2.68804558925319e-05	0.000184803134261157	0.000675371454299865	0.00213699624345629	0.0057658577889481	0.0162111549411878	0.0366716619513867	0.0723330667688124	0.121266696683176	0.170979859818423	0.201305494141181	0.184358486719935	0.122149271651647	0.0542839606559727	0.0116369973634753	
1.78811307133007e-05	3.79974027657639e-05	0.000195574867176726	0.000797945458081042	0.00243071620633931	0.00675236198561016	0.0174776877015818	0.0397899861197723	0.0763479578631155	0.124723121866611	0.174586890001989	0.19959365130454	0.178204466259424	0.117719306480345	0.0507544719590343	0.0105699833928998	
2.23569601688398e-06	1.67677201266298e-05	4.35960723292375e-05	0.000261576433975425	0.000925578150989966	0.00276667382089392	0.00786741428341471	0.0191576791686788	0.0426112482338001	0.0801206381570711	0.129349546600848	0.176590921285615	0.198367718338073	0.172782413120853	0.112376142440665	0.0473106812612903	0.00944916921536013	
7.82868160528235e-06	2.23676617293781e-05	7.60500498798857e-05	0.00030643696569248	0.000923784429423317	0.00318068149791757	0.00879831974125089	0.0212626992399469	0.0451267575390204	0.0833698671808246	0.133454416942162	0.178792548884525	0.196031305779356	0.167722793094655	0.107009130479518	0.0448773581107378	0.00903765372175524	
7.82044263705326e-06	1.56408852741065e-05	2.23441218201522e-05	9.60797238266543e-05	0.000402194192762739	0.00111273726664358	0.00364320906277581	0.00946385279692545	0.0229518819336603	0.0484476421365449	0.0882860941357852	0.136676758761689	0.180046699214604	0.193407366856964	0.16337686713068	0.102089175390184	0.0416539118971277	0.00829972405009552	
3.35318793165309e-06	1.78836689688165e-05	1.22950224160613e-05	0.00013077432933447	0.000460504475947024	0.00135245246576675	0.00415348211800763	0.0105524824209123	0.0251936186598202	0.0515429694267502	0.0917432218100285	0.141028378029466	0.181064324204093	0.190138050747146	0.158347593696454	0.0972044472213808	0.0392535356572416	0.00780063285833563	
2.22640786901597e-06	8.90563147606389e-06	3.22829141007316e-05	0.000155848550831118	0.000490922935118022	0.00162861735618518	0.00453519282918554	0.0116763960690543	0.0275395521357931	0.0543933706479292	0.0961162541132885	0.143181403260352	0.180852224404102	0.187636089180994	0.15462180009529	0.0926809067713969	0.0373379731673324	0.00711003352970251	
1.55428277066447e-05	2.3314241559967e-05	0.000163199690919769	0.000586186644936313	0.00182850265948884	0.00528789202619633	0.0131192567863871	0.0299010699016472	0.0585642645966581	0.0998837618527939	0.145705128133961	0.180508849975076	0.18554361595005	0.148613857319062	0.0886196525733927	0.0349569297142229	0.00667897510594102	
1.11173491792617e-06	7.78214442548319e-06	3.33520475377851e-05	0.000196777080472932	0.000678158299934963	0.00218122390897114	0.00571987615273014	0.0146404371341697	0.0319712727697208	0.0618202435811205	0.103513638208106	0.147601709848304	0.180950422181335	0.182315632660548	0.145506089528013	0.0839971317239118	0.0325627157460575	0.00630242524972346	
2.00257442067191e-05	5.78521499305218e-05	0.000256997050652895	0.000827730760544389	0.00237416322984103	0.00657845697190722	0.0163610330168895	0.0342351222627311	0.0650825561304922	0.106214322189748	0.150556882570149	0.181913860373836	0.179958012689647	0.139647302142866	0.0797224876869487	0.0306460638843491	0.00554713114526119	
1.11400008466401e-06	1.33680010159681e-05	0.000138136010498337	0.000307464023367266	0.000906796068916501	0.00267471420327828	0.00749165056936544	0.017429645324653	0.0366116127824826	0.0674415651255589	0.11005986636455	0.15457196774747	0.182792931892263	0.175222187316886	0.134391856213781	0.0763424258020244	0.0283869501574082	0.00521574839639688	
3.34779954715431e-06	3.23620622891584e-05	0.000139491647798096	0.000331432155168277	0.00102107886188207	0.0030409179219985	0.00864067063120529	0.0186171132817251	0.0383401163471936	0.0705303249262647	0.114287180940754	0.156767409394595	0.181962948786478	0.171941868808663	0.130080983271046	0.0728782483420023	0.0266161223330592	0.00476838248833013	
7.8221467322982e-06	2.01140915973382e-05	0.000141916090714553	0.00042798317121003	0.0011755569089111	0.00371551969784165	0.00936422708809413	0.0202817090273161	0.0410539783997005	0.0746936791467155	0.116292972918611	0.157605082160477	0.180650243883361	0.170466926287442	0.126202515378899	0.0688751194274189	0.0247492722609915	0.00427536191396756	
6.71447371954986e-06	4.7001316036849e-05	0.000133170395437739	0.000475608555134782	0.00132498948065784	0.00416297370612091	0.0100840204478106	0.0220581652476746	0.0441275212848817	0.0784664589656129	0.119412438786381	0.159568348866149	0.180271309501428	0.167093035747858	0.121207441427408	0.0650307970527937	0.0226199428822102	0.00391006186268454	
2.24221279496309e-06	1.00899575773339e-05	3.92387239118541e-05	0.000146864938070083	0.000482075750917065	0.00174780487367373	0.00456178193135241	0.0108197978420944	0.0238649918831897	0.0467355623918132	0.0811400755177269	0.122998825080495	0.162262213333094	0.179292940617236	0.163591845520507	0.116185861503	0.0610946931307569	0.0212225441043257	0.00380055068746244	
8.98561403193487e-06	3.36960526197558e-06	2.69568420958046e-05	0.000170726666606763	0.000626746578727457	0.00193303021861999	0.00515437284906864	0.0119003225835437	0.0257932050786691	0.0491299679213579	0.0841761090494119	0.125749175569913	0.163195598846247	0.179293326384458	0.159318306391467	0.112030389346656	0.0583424687075991	0.0199334615280935	0.00321348021817071	
7.86023160733876e-06	3.36867068885947e-06	3.70553775774542e-05	0.000213349143627766	0.000668119686623795	0.00220535641097333	0.00554820062455155	0.0128177919711103	0.0273210421768799	0.0512284980557156	0.0875450138620799	0.129491701279758	0.165082829997788	0.177241485404111	0.155321545231703	0.108162401368129	0.0551148211404298	0.0189038570156497	0.00308570235099527	
1.11991237805554e-06	5.59956189027771e-06	6.8314655061388e-05	0.000236301511769719	0.000891450252932211	0.00240669170044136	0.00606656535192687	0.0140101038494748	0.0289228570756624	0.0550403336442957	0.0912829380229291	0.132172058858115	0.165820946169172	0.174945992225568	0.151603658529757	0.103483263469466	0.0529819346934296	0.0170887429767495	0.00297112753898135	
2.23699383820047e-06	0	1.34219630292028e-05	0.000102901716557222	0.000267320763664957	0.00104355762552052	0.0028476931560292	0.00685750461100355	0.0150885234386622	0.0312910698087482	0.0578453051651069	0.0944492353395813	0.135144627244124	0.166643737479825	0.172274250970576	0.147832856294397	0.0995216188677008	0.0496925811217853	0.0164351937292589	0.00264636371059116	
2.24438427000841e-06	0	1.1221921350042e-06	3.36657640501261e-06	8.97753708003362e-06	1.45884977550546e-05	0.000124563326985466	0.000382667518036433	0.00123890011704464	0.00305124041507643	0.00751083195958313	0.0165759000261471	0.0335524226444907	0.0606421407834921	0.0974219880082548	0.137083624635708	0.167135930011121	0.170214103037437	0.143730368651338	0.095320122139392	0.0478323175624191	0.0157791436102941	0.00237343636553389	
2.24525605461361e-06	1.1226280273068e-06	2.24525605461361e-06	7.85839619114763e-06	6.73576816384082e-06	2.69430726553633e-05	0.000166148948041407	0.000469258515414244	0.00136287042515046	0.00335104466151081	0.00810761961320974	0.0175814775356519	0.0356849771040014	0.0632533535705746	0.100561650802062	0.139823320801062	0.167946275513125	0.168050679919665	0.140610283048205	0.0911798483778586	0.0454574540817071	0.0143045263239433	0.00204206038167108	
1.12290914317541e-06	2.24581828635081e-06	3.36872742952622e-06	5.61454571587704e-06	1.01061822885787e-05	2.58269102930344e-05	4.26705474406655e-05	0.000177419644621714	0.000462638566988268	0.00143732370326452	0.00362138198674069	0.00864864622073699	0.0194128532672164	0.0376758475718213	0.0665581936434359	0.104138593938087	0.142857624103919	0.166882265222156	0.167557133617205	0.135677743042455	0.0879496128209274	0.0421034783233619	0.0128618013259311	0.00188648736053468	
2.24392849048687e-06	2.24392849048687e-06	5.60982122621716e-06	3.3658927357303e-06	1.79514279238949e-05	1.79514279238949e-05	7.29276759408231e-05	0.000176148386503219	0.000586787300262315	0.00155279851541691	0.00422307341909628	0.00984187035927539	0.0208259003202086	0.040484957825364	0.0699735440830972	0.107027535246507	0.144670557638669	0.167386967712113	0.164310541751655	0.132443391294006	0.0839722919709995	0.0387122543178794	0.0117716488610941	0.00191743689512103	
1.11925556074144e-06	2.23851112148288e-06	1.45503222896387e-05	1.11925556074144e-05	1.11925556074144e-05	2.91006445792774e-05	6.60360780837449e-05	0.000198108234251235	0.000618948325090016	0.00175163495256035	0.00466281866604884	0.0105545799377918	0.0224410739928659	0.0429570284212565	0.0729777010714634	0.110642889201534	0.145588286319004	0.167736115354955	0.16197754549494	0.128050670937746	0.0803312101055346	0.0365638406583014	0.0110380983400321	0.00177402006377518	
1.11851193172603e-05	6.71107159035619e-06	6.71107159035619e-06	3.4673869883507e-05	6.37551801083838e-05	0.000243835601116275	0.0007046625169874	0.00206701004982971	0.00503218518083542	0.0118808337387939	0.024148672605965	0.0457057530661208	0.07618184766986	0.113381317495204	0.147165970392989	0.166600115206729	0.159764888791951	0.124324838235212	0.0758574792096595	0.0347655878619085	0.010288072748016	0.00176389331633195	
2.2407833778689e-06	8.96313351147561e-06	6.72235013360671e-06	2.46486171565579e-05	0.000108677993826642	0.000252088130010252	0.000840293766700839	0.00232369236285005	0.00588765832535054	0.0127702244704749	0.0262272490462666	0.0481040171644007	0.0795948663652813	0.115239007557042	0.148598670095065	0.166048770650219	0.156562414220011	0.120326706216493	0.0731033169195951	0.0326997518332409	0.0097888621862203	0.00148115781277134	
1.12327871577791e-06	5.61639357888955e-06	4.60544273468943e-05	0.000135916724609127	0.000305531810691591	0.00095141707226389	0.00255545907839475	0.00655320802784833	0.0141083806701705	0.0282178846190569	0.0504251048299861	0.0822588236351321	0.117944265156681	0.150606963654071	0.16609922370208	0.151593202366524	0.116783918243282	0.0703329735097181	0.0309115069794923	0.00888401136308749	0.00127941445727104	
1.12618319622053e-06	3.37854958866159e-06	5.7435343007247e-05	0.000130637250761581	0.000350242974024585	0.00113406647859407	0.00297537600441464	0.00695868596944665	0.0148588610909337	0.0302278831697552	0.0529959288477457	0.0850504811617706	0.121121002753518	0.15198743179553	0.163412560321187	0.149941156927997	0.112830042062942	0.0670608307853438	0.0293888766885709	0.00834276511760168	0.00117123052406935	
2.25266067383839e-06	5.63165168459597e-06	4.39268831398486e-05	0.000175707532559394	0.000415615894323182	0.00127275328071869	0.0032156731119043	0.00746757013377425	0.0159229319730266	0.031988907898842	0.055642971304482	0.0874527926797539	0.123611375485871	0.151920562173998	0.162394307977009	0.146835180702808	0.110112306397894	0.0644553798605378	0.0279814245600835	0.00794175520561724	0.00114097263129914	
1.12677706828382e-06	1.69016560242573e-05	6.08459616873261e-05	0.000208453757632506	0.000531838776229962	0.00129692040559467	0.00357075652939142	0.00819955672590134	0.0170447567119293	0.0330145681007158	0.0577518318578188	0.0901894900995733	0.125050845815206	0.153620278381542	0.161969696457526	0.144310846243382	0.106782409207121	0.0616538608452856	0.0262730609011738	0.00745250352962917	0.000999451259567746	
9.03559686329255e-06	2.93656898057008e-05	9.71326662803949e-05	0.000228148820798137	0.00056133645513205	0.0015620288077417	0.00415185675868293	0.0084742604081605	0.0182451289662035	0.0344007761577706	0.060104790334622	0.0929107836460215	0.127752045150878	0.15426700414621	0.160411210013248	0.142154786550966	0.10273247743642	0.05898098797475	0.0249303411954321	0.00707487234395807	0.00092163088005584	
1.46855485165337e-05	3.50193849240418e-05	9.71505517247612e-05	0.000255302612672047	0.000677794546916939	0.0019271958284005	0.00449038887332472	0.00944619666886573	0.0196447452848093	0.0361535611325495	0.0627050328504424	0.0958638717431972	0.129116472214942	0.15474501369145	0.15992675300263	0.139265315897445	0.0984202868426522	0.0563461903427833	0.0237205498269365	0.00634415695914255	0.000804316195674767	
7.91090065603969e-06	2.26025733029705e-05	8.1369263890694e-05	0.000274621265631092	0.000815952896237237	0.00208847777319448	0.00473297884964203	0.0102355753202502	0.0205852936356804	0.0382627662159337	0.0651711297331201	0.0989122511597945	0.131458826587407	0.155805188420702	0.158541229919026	0.135068457543891	0.0955930632702533	0.0537048442965232	0.0219776121511434	0.00590153188940561	0.000758316334314662	
3.39880951032218e-06	4.9849206151392e-05	0.000128021824888802	0.000350077379563185	0.000946001980373008	0.00218996626115093	0.00494640077402222	0.0112319324951114	0.0220571407854875	0.0404798212679372	0.0683727179826479	0.101810205945198	0.133820193913412	0.155833150175265	0.155574840652481	0.131624562969744	0.0918698210640086	0.0515236863034774	0.0208494304728197	0.0055717817239215	0.000766998012829373	
4.55368222128619e-06	4.89520838788265e-05	0.000141164148859872	0.000354048792705001	0.00097904167757653	0.0024407736706094	0.00545986498332214	0.0119021869058868	0.0232909461413235	0.0422354026024294	0.0708473264193258	0.104450085950752	0.13618355893034	0.155436527361938	0.153694743912296	0.128790655844082	0.0896176045354675	0.0490112817477032	0.019192632142166	0.00515704511560661	0.000761603351510115	
1.14044981621651e-05	4.56179926486605e-05	0.000122028130335167	0.000449337227589306	0.00110281497228137	0.00266180987104934	0.00571935582832581	0.0128118132353763	0.0252495589310336	0.0455221948640983	0.0731917883051433	0.106273956573952	0.137967056966609	0.155426203203067	0.151395853552558	0.126307098045611	0.085931753202098	0.0463627063786499	0.018056741940156	0.00473400718711474	0.000656899094140711	
4.56301177028886e-06	5.70376471286108e-06	5.47561412434663e-05	0.000151720141362105	0.000443752894660592	0.00121832414266713	0.00284846009760282	0.00659127050218226	0.0139514084876582	0.0270301409742486	0.0471028297517493	0.0759262343517215	0.108268861779529	0.138412117534057	0.155362565507738	0.149782002112674	0.123340489656793	0.0832920761019103	0.0440615824068518	0.0170143301384646	0.00450825562904539	0.000628554871357291	
1.13619708020074e-06	9.08957664160595e-06	5.68098540100372e-06	5.79460510902379e-05	0.000146569423345896	0.000536285021854751	0.00132707818967447	0.00314044872967485	0.00704669429140501	0.0150034824440508	0.0278890935306074	0.0493643545434817	0.0783953261396909	0.110399725494785	0.139243224572762	0.154737544155459	0.14874183216324	0.12106861607787	0.0799394179716837	0.0420995104126781	0.016170356845417	0.00417666046681793	0.000499926715288327	
4.54034665546714e-06	5.67543331933393e-06	1.02157799748011e-05	1.92964732857354e-05	6.24297665126732e-05	0.000183884039546419	0.000557327551958592	0.00149944948296802	0.00341888103156676	0.00771291388097481	0.0157697590211013	0.030061635205848	0.0513286189400561	0.0805457496679872	0.112381525329459	0.140017480334624	0.154819010431446	0.147049342217278	0.117455362716943	0.0773311842359164	0.0397575454885981	0.0156834924346474	0.00388767182374374	0.000437008365588713	
2.26859224776657e-06	6.80577674329971e-06	1.70144418582493e-05	2.3820218601549e-05	5.44462139463977e-05	0.000174681603078026	0.000610251314649208	0.00152222539825137	0.00381350356849561	0.00859909891515919	0.0168431631435429	0.0313542134563818	0.0539845554239772	0.0833095131147318	0.115133325166401	0.141645228469925	0.154429880082214	0.14494149300593	0.113667814574344	0.0731836516168257	0.0380000544462139	0.0146324199980944	0.00362521041193098	0.000425361046456232	
5.64740750111254e-06	7.90637050155756e-06	2.37191115046727e-05	1.80717040035601e-05	4.74382230093453e-05	0.000208954077541164	0.00071609127114107	0.00163887765682286	0.00415649192081883	0.00884158118374179	0.0180389490400537	0.033873150191673	0.0563283718975967	0.086441478175029	0.117670512174681	0.143396712305249	0.153567693214753	0.141029319080783	0.109752846858121	0.0705304722813945	0.0364777345311861	0.0135470011136688	0.00329356805464883	0.00038741215457632	
5.62496765643598e-06	4.49997412514878e-06	1.34999223754463e-05	1.79998965005951e-05	2.02498835631695e-05	6.74996118772317e-05	0.000256498525133481	0.000719995860023805	0.00187198923606189	0.00441672460383353	0.00953994514531542	0.0192835141197938	0.0358917936221867	0.0592567842734904	0.0888778639522823	0.120773680551337	0.144615668459906	0.151693002765234	0.13767108339127	0.106695511500809	0.0682859823556015	0.0342526780471012	0.012460428352537	0.00295760799375404	0.000349872988230318	
1.12088271755773e-06	1.12088271755773e-06	1.12088271755773e-05	1.12088271755773e-06	8.96706174046185e-06	4.81979568549824e-05	6.05276667481175e-05	0.000243231549710028	0.000857475278931664	0.00210389686085586	0.00491843336464332	0.0103917036744777	0.0207071873241615	0.0382108918415431	0.0608975580449115	0.0922957247291387	0.121726742244052	0.145367279640062	0.150185954442843	0.134973334200149	0.103228814756197	0.0664638616203032	0.0320202565924717	0.0120618189236387	0.00286609710879512	0.000347473642442897	
2.23742928325072e-06	2.23742928325072e-06	3.35614392487607e-06	1.11871464162536e-05	2.34930074741325e-05	0.000101803032387908	0.000371413261019619	0.000890496854733785	0.00236048789382951	0.00531725069164533	0.0111781966991206	0.0225376251701845	0.0401584994904255	0.0639837652131207	0.0935357311862962	0.124340657558092	0.145204685624405	0.148350511196655	0.133253457107921	0.100580277284611	0.0626983620898932	0.0307232602029572	0.0113135611707572	0.00272295143771612	0.000334495677845982	
2.23530121801563e-06	0	1.11765060900782e-06	8.94120487206253e-06	4.2470723142297e-05	0.000138588675516969	0.000405707171069837	0.00111094470535377	0.00258177290680806	0.00570113575654887	0.0123299215185742	0.0236919576097477	0.0418403681988166	0.0667460943699468	0.0960162461692525	0.127273580751374	0.144685459589107	0.147425938882394	0.13028564914265	0.0973853681652871	0.059765248666084	0.0290980336055185	0.0105360922911167	0.00264994959395753	0.000277177351033939	
1.11957885921632e-06	0	0	1.11957885921632e-06	1.11957885921632e-05	4.5902733227869e-05	0.000188089248348341	0.000491495119195963	0.0011184592803571	0.00276871851884195	0.00604236710319046	0.012938972875963	0.0249733260336792	0.0440363952695554	0.0694150088502709	0.0993402321782638	0.127882775615125	0.145371716974943	0.145716547263581	0.127405835021098	0.0944129656188528	0.0575463533637187	0.0273031696397083	0.0102855709796203	0.00242276865134411	0.000279894714804079	
7.84430621033723e-06	2.01710731122957e-05	4.70658372620234e-05	0.000245414722866265	0.000507638673326109	0.00145119664891239	0.00309962156825611	0.00662507690221624	0.0135471168252524	0.026796150014512	0.0454644781799417	0.0712576776147034	0.102220274842077	0.128961514713117	0.145086046436052	0.144396868104715	0.125551482741966	0.0914478011849385	0.0547521367329809	0.0267154657220628	0.0094187705282692	0.00220649127545057	0.000173695351800324	
