# <P(N_1)> as a function of N_tot.
# number_of_species: 2
# species_total_upper_bound: 100
# species_total_lower_bound: 0
# volume: 512
# Bin widths for each species index 
1	1	1	1	1	1	1	1	1	1	1	1	1	1	1	1	1	1	1	1	1	1	1	1	1	1	1	1	1	1	1	1	1	1	1	1	1	1	1	1	1	1	1	1	1	1	1	1	1	1	1	1	1	1	1	1	1	1	1	1	1	1	1	1	1	1	1	1	1	1	1	1	1	1	1	1	1	1	1	1	1	1	1	1	1	1	1	1	1	1	1	1	1	1	1	1	1	1	1	1	1	
# Bin lower bound for each species index 
0	0	0	0	0	0	0	0	2	3	4	5	6	6	7	8	8	8	9	10	10	11	12	13	14	14	15	16	16	17	18	19	20	22	22	23	24	25	26	26	26	27	28	29	29	29	30	31	32	33	36	36	37	38	39	40	40	41	41	42	43	45	45	47	47	48	49	50	50	51	52	53	53	51	52	52	53	54	57	58	60	61	62	63	64	65	66	67	68	69	69	69	69	70	71	71	71	73	74	74	78	
# Bin upper bound for each species index 
0	1	2	3	4	5	6	7	8	9	10	11	12	13	14	15	16	17	18	19	20	21	22	23	24	25	26	27	28	29	30	31	32	33	34	35	36	37	38	39	40	41	42	43	44	45	46	47	48	49	50	51	52	53	54	55	56	57	58	59	60	61	62	63	64	65	66	67	68	69	70	71	72	73	74	75	76	77	78	79	80	81	82	83	84	85	86	87	88	89	90	91	92	93	94	95	96	97	98	99	100	
# Normalized histogram for each species index 
1	
0.0799742418497722	0.920025758150228	
0.00635436322103719	0.146576627455136	0.847069009323827	
0.000475495680109678	0.0174835175577383	0.20114191373736	0.780899073024792	
2.27610603779055e-05	0.00173103853926702	0.0323818012144823	0.245956018443647	0.719908380742226	
3.58908773764247e-06	0.000153134410139412	0.00422315990462598	0.0495880325458476	0.284182770703952	0.661849313347698	
5.97303770778705e-06	1.91137206649186e-05	0.000468286156290505	0.00780556567653612	0.0678118970965064	0.314326330942127	0.609562833370167	
8.3566124680658e-06	3.58140534345677e-06	5.73024854953084e-05	0.00110187904400353	0.0128560513812287	0.0868037151111429	0.337976028460234	0.561193085500084	
1.3042895712563e-05	0.000126871803749477	0.00207144898271342	0.0183608400099126	0.106981387787818	0.35374111749159	0.518705291028503	
1.6540427759091e-05	0.000255195171140262	0.00337661018110587	0.0259247575941239	0.126047511197279	0.369273319935587	0.475106065493005	
2.5913906933737e-05	0.000512388614371617	0.00524874405894236	0.0341038794296585	0.146685670198418	0.377107419033765	0.436315984757911	
6.25580580090249e-05	0.000911223033640891	0.00757424638196062	0.0435592938257557	0.165137928714503	0.380786177738066	0.401968572248065	
9.70225896985674e-05	0.00143404120383736	0.0105352333984883	0.0527968536284082	0.181799035453474	0.383013237667482	0.370324576058611	
1.18549850805013e-05	0.00018849426277997	0.00217301876525588	0.0138975990098716	0.063002132711816	0.197366533614217	0.383132964327164	0.340227402323814	
1.54917006193105e-05	0.000338434075068015	0.00303756499066327	0.0172255794193949	0.0736916365075033	0.21280829973819	0.37916294766546	0.313720045903101	
7.15536198976306e-05	0.00053665214923223	0.0041334141094198	0.0213038977641879	0.0843497922559902	0.226815434592836	0.374347073218434	0.288442182290002	
1.66869492561792e-05	0.000122768269527604	0.000785478539987294	0.00553291560337029	0.0264357033966285	0.0961072923160174	0.238131109360306	0.367248763079886	0.26561928248502	
3.56411788676322e-06	2.97009823896935e-05	0.000142564715470529	0.0010858679161672	0.00723515931012934	0.0322540788359116	0.106622962661113	0.247790543920031	0.35948999849119	0.245345559049711	
9.50547753142748e-06	3.32691713599962e-05	0.000196050474085692	0.0014709726479884	0.0092678405931418	0.0381276585632471	0.118101993773912	0.257162377319931	0.350070102896794	0.225560229082009	
2.13662024661346e-05	5.69765399096922e-05	0.000316932003247663	0.00216985656156078	0.0118487462787197	0.0453913101280548	0.129030496692987	0.263421536182477	0.340281701509404	0.207461077901174	
3.5642703285188e-06	5.94045054753133e-06	9.3859118650995e-05	0.000529888188839794	0.00316507205172469	0.0144661851733483	0.0515132109679727	0.139381979286837	0.270112286396249	0.329191255181558	0.191536758913943	
1.18725082573295e-06	1.30597590830624e-05	0.000118725082573295	0.000750342521863224	0.0042159276821777	0.0168862684943997	0.0584649796623934	0.150766607858176	0.274983912751311	0.31904041639261	0.174758572544587	
4.76144562250545e-06	2.26168667069009e-05	0.000205932523173361	0.00107132526506373	0.005355435963913	0.0203516089519939	0.0665626290798149	0.161149936732291	0.278719552043196	0.30561933908754	0.160936862040684	
4.76138894476908e-06	4.52331949753062e-05	0.00030949028140999	0.00139032557187257	0.00661833063322902	0.0246140001499838	0.0738372390610065	0.170342260540822	0.280110130926292	0.293962201713862	0.148766026537601	
5.95593324113549e-06	7.02800122453987e-05	0.000344252941337631	0.00172126470668816	0.00808934852811022	0.028319271374951	0.0812746650085348	0.177284308855639	0.281015224556551	0.283989617617174	0.137885810465528	
2.37972852057037e-06	1.30885068631371e-05	7.61513126582519e-05	0.000399794391455823	0.00219410969596588	0.00934757362880043	0.0325701543967864	0.0879202600567327	0.186394616102195	0.282653444895006	0.272350410265197	0.126078017019818	
7.13126035518431e-06	1.78281508879608e-05	8.67636676547424e-05	0.00058000917555499	0.00280496240637249	0.0111354630446203	0.0363052464682433	0.0964514848472603	0.194771359907579	0.281601585992303	0.260329036352788	0.115909128726381	
2.36982267801812e-06	1.54038474071178e-05	0.00011375148854487	0.000714501537422462	0.00351681685417889	0.013466517367838	0.0418664723412071	0.103987819111435	0.201483508996439	0.280181765399404	0.248398888553164	0.106252184680281	
1.18632124155636e-06	4.74528496622543e-06	9.49056993245087e-06	0.000173202901267228	0.000946684350761974	0.00450327543294794	0.0157412965542113	0.0463163539128434	0.112358857430286	0.206632247533045	0.277805590420219	0.237286788414861	0.0982202808734172	
5.90857310322986e-06	1.18171462064597e-05	3.89965824813171e-05	0.000254068643438884	0.00127388836105636	0.00523972262794424	0.0178202564793413	0.0520592558979377	0.119368538975312	0.212922522062612	0.27449576237137	0.226924658602646	0.0895846036765505	
1.17567251406986e-05	1.52837426829082e-05	5.0553918105004e-05	0.000371512514446076	0.00160244163667722	0.00614994292109944	0.0205872013938773	0.0571635489791048	0.126871523683335	0.217689874050204	0.269876801277251	0.215956932764465	0.0836526263936128	
4.69462629601027e-06	1.52575354620334e-05	7.27667075881592e-05	0.000422516366640924	0.00183794619488802	0.00713935293965762	0.023753635401238	0.062153331189454	0.133705304223521	0.220393926092498	0.266188831953504	0.207114001957659	0.0771984348115929	
1.17334810187478e-06	1.17334810187478e-05	8.09610190293595e-05	0.000485766114176157	0.00232322924171206	0.00870389621970709	0.0265868946403805	0.06843787473805	0.140402833870336	0.224791202705271	0.26316789907329	0.1945176483288	0.0704888872201271	
2.80941293804893e-05	0.000110035340073583	0.00067191792768337	0.00295807770602069	0.00995585709921091	0.0294274299373384	0.0741626486208709	0.146904202530579	0.228832536747707	0.257206436833277	0.185319412692225	0.0644233504356346	
1.17266700830366e-06	4.92520143487535e-05	0.000255641407810197	0.000873636921186223	0.00352503702696079	0.0113760426475538	0.0331254976505616	0.0800145879775833	0.155363133929126	0.231511438780333	0.249582237378292	0.175201141708599	0.0591211798906371	
1.63785983195558e-05	7.60434921979377e-05	0.000324062266751211	0.00110789518632995	0.00407242148216956	0.0131485047509634	0.0373350148694275	0.0856600692112769	0.161454372734781	0.233494467543468	0.24372875169343	0.16518869315164	0.0543933250192449	
4.66746091293202e-06	9.33492182586403e-05	0.000445742517185008	0.00137806783454318	0.0048366563710258	0.0151645805061161	0.0409639707023478	0.0904868978537848	0.167910739477501	0.233216685706018	0.237129184816283	0.157665662773615	0.0507037947624087	
2.09460638854949e-05	0.000108221330075057	0.000411939256414732	0.00168383080235061	0.00554488857857683	0.0170535870134404	0.0452155699074882	0.0978134636643975	0.171964857159481	0.233282131843835	0.231392331413277	0.148733344970035	0.0467748879967417	
3.26498628705759e-05	0.000131765518013396	0.000516567473273755	0.00194266684079927	0.00638887852385306	0.0189322561988097	0.049293130468852	0.103809072930465	0.176845650105412	0.234156654042053	0.22520476128286	0.139776395081998	0.0429695516707401	
1.05535699209186e-05	3.86964230433681e-05	0.000138369027852044	0.000541749922607154	0.00220686873235209	0.00701226090301035	0.0211083124607173	0.0535652304430623	0.110200377114232	0.181425247891631	0.233117805983171	0.218423718796612	0.132317141811837	0.0398936669199523	
1.17717689437192e-06	1.64804765212068e-05	5.53273140354801e-05	0.000164804765212068	0.000674522360475109	0.00247207147818103	0.00829438839774453	0.0240850392588494	0.0582408268490506	0.116435743799221	0.184702586257637	0.231756701079471	0.211475120366337	0.124866684716712	0.0367585257036575	
2.36683029353429e-06	1.18341514676715e-05	8.28390602737003e-05	0.000224848877885758	0.000809455960388728	0.00293131931854222	0.00973595641245332	0.0269605638736491	0.0623624279891883	0.12135212281009	0.18832631962623	0.230051170870946	0.204537923721793	0.118729674844854	0.0338811756519434	
2.36621704599098e-06	3.54932556898647e-05	6.86202943337383e-05	0.000281579828472926	0.00101037467863815	0.0033564788797382	0.0108751335433745	0.0298155178880093	0.067917527871079	0.125928888079117	0.192322572172578	0.228298536139825	0.198148198539807	0.111603810082687	0.0303349025296043	
1.18668022646605e-06	3.79737672469137e-05	9.61210983437504e-05	0.000310910219334106	0.00118074682533372	0.00396707199707602	0.0127912261610776	0.0335047295140426	0.0722272919838564	0.132262631321001	0.195453353380318	0.224553125893719	0.190156012849374	0.105600299992761	0.0278573183162906	
3.58000780441701e-06	0	3.81867499137815e-05	8.7113523240814e-05	0.000415280905312374	0.00144632315298447	0.00490699736392092	0.0145909184748689	0.0361795588714383	0.0768985676388775	0.137683520150074	0.19675245558702	0.22177551680396	0.184591169075415	0.0988034420581703	0.0258273696369991	
4.78514117960908e-06	1.19628529490227e-06	4.78514117960908e-06	3.46922735521658e-05	0.000130395097144347	0.000428270135575012	0.0016855659805173	0.00577925425967286	0.0160517560869987	0.039562350987713	0.0818079698918917	0.142818519931907	0.198697006056792	0.219982510308989	0.176745170895336	0.0929669191227401	0.0232988524035166	
2.39529277064712e-06	0	4.79058554129425e-06	2.99411596330891e-05	0.000142519919853504	0.000562893801102074	0.00200845298818761	0.0065163939825455	0.0181251803954868	0.0432805450728229	0.0860125681011676	0.146843423304522	0.200218929759237	0.216551233515895	0.171110134363948	0.0871611109846929	0.0214294867725945	
2.39875744364419e-06	1.1993787218221e-06	2.39875744364419e-06	3.23832254891966e-05	0.000265062697522683	0.000714829718205969	0.00246232451590076	0.00765923251755591	0.0203642513178174	0.046949680065726	0.0916553225429228	0.149665673181292	0.202016155631383	0.212779380281014	0.163633637775632	0.081810821994207	0.0199852476417216	
1.20051766321638e-06	3.60155298964914e-06	0	6.12264008240353e-05	0.000262913368244387	0.000903989800401933	0.00267955542429896	0.00880219550670249	0.0223440347477832	0.0500387767205219	0.0955383961564227	0.154199290734165	0.202446895101168	0.208471092735187	0.157866872195291	0.0769303723765688	0.0194495866617686	
1.19972694214797e-06	0	4.79890776859187e-06	8.03817051239138e-05	0.000313128731900619	0.000990974454214221	0.00324046247074166	0.00983296201784474	0.0243952476416368	0.0531754972568243	0.10040874696919	0.157328592012458	0.203507281742675	0.205429244303996	0.150118233090149	0.0732457292720177	0.0179275196965171	
2.04458149822121e-05	9.38102099183851e-05	0.000351186939694467	0.0011185063490269	0.00392439378158578	0.0107328501706624	0.0262728722521426	0.0567647985606146	0.104617627178983	0.161968138204088	0.205291617456396	0.19926491281664	0.144295737889463	0.0685680472803458	0.0167150550954579	
2.40215136676407e-06	2.64236650344048e-05	0.000128515098121878	0.000399958202566218	0.00136682412768876	0.00456528867253512	0.0115555491498186	0.028310554932998	0.0600033389903998	0.109369951728768	0.165292035547036	0.203358928256146	0.195679250336601	0.14008626125558	0.0648556847512632	0.0149990331340749	
7.19555602459921e-06	2.51844460860972e-05	0.000165497788565782	0.000466511882261515	0.00175571567000221	0.00510164922144084	0.0129400082509042	0.0303088812349493	0.0641184004758661	0.113615431109747	0.166958486438775	0.201835346490008	0.191867102877263	0.135678205140505	0.0612653625121125	0.0138910209054888	
7.18458762263193e-06	3.4725506842721e-05	0.000150876340075271	0.000665771786363892	0.00186440048807299	0.0056099655020051	0.0142027322986729	0.0337675618263701	0.0683469820540975	0.117647622320598	0.168926419045863	0.201259458210247	0.188729537396377	0.129047168015174	0.0571976994950432	0.0125418951265745	
1.43067656694851e-05	2.26523789766847e-05	0.000182411262285935	0.0006724179864658	0.00216032161609225	0.0057405897248809	0.0162691770271495	0.0365406717503374	0.072296855849798	0.121234340052744	0.170930082836173	0.20116743207863	0.184172186693754	0.122356228927326	0.0545826954900306	0.0116576295596854	
1.4269033106535e-05	3.68616688585487e-05	0.000193821033030433	0.000788364079136058	0.00242692471420316	0.00674806357329883	0.0174522165753845	0.0396524539169685	0.0764142395437715	0.12476723639745	0.174349748270474	0.19966420208756	0.178112016666231	0.117874104320901	0.050991578892295	0.0105138992273319	
2.37709808619833e-06	1.78282356464875e-05	4.39763145946691e-05	0.000259103691395618	0.000900920174669167	0.00279665589841234	0.00782184125263561	0.0190655152003537	0.0425571870372087	0.0799750880120566	0.129166755807845	0.176545886312907	0.198761056477473	0.172684290471878	0.11266256379537	0.047342285484726	0.009396668734742	
8.31888422371143e-06	2.25798286072168e-05	7.84351941092792e-05	0.000303045068149488	0.000910323616480423	0.00315761076891447	0.00868134989345886	0.0211466036966745	0.0450978597887716	0.0831864654130504	0.133396873763309	0.178863141281988	0.196165232055275	0.16794401153235	0.107159112921723	0.0448364091417407	0.00904262715117433	
8.30574638996666e-06	1.66114927799333e-05	1.77980279785e-05	9.96689566795999e-05	0.000392743150725566	0.00108805277708563	0.00364028998920253	0.00938193381506662	0.0229167408251166	0.0484070764959243	0.0882307573654172	0.136719704790043	0.180017560720939	0.193223697480986	0.163693209459059	0.102257976482872	0.0416378931881014	0.00824997923563403	
3.56087735270134e-06	1.89913458810738e-05	1.30565502932383e-05	0.000129378543814815	0.000445109669087668	0.00137805953549542	0.00410687854678221	0.0104998403539987	0.0252050768615377	0.0516801999788721	0.0916237482032406	0.141200656625784	0.18096972185987	0.190104559228666	0.158607412084906	0.0971799038325723	0.0390331505811945	0.00780069532065107	
2.36342644839636e-06	8.27199256938725e-06	2.36342644839636e-05	0.00014889586624897	0.000475048716127668	0.00159885799234013	0.00446214913457232	0.0116115141409713	0.0275658243808709	0.0543718071585824	0.0961110999504862	0.1432520038902	0.18077376218494	0.187927854044236	0.154686261047542	0.0926368630713436	0.0372405105473814	0.00710327819065525	
1.29499824586601e-05	2.35454226521093e-05	0.000156577060636527	0.000579217397241889	0.00181417481534502	0.00523532472669651	0.0130853686389098	0.0298614822785376	0.0585657070337241	0.0999703327674583	0.145622552747633	0.180595746283944	0.185775739267408	0.148488030684395	0.0885496255100527	0.0350108662125539	0.00665275917035349	
1.18014987903464e-06	8.26104915324246e-06	3.54044963710391e-05	0.000184103381129403	0.000658523632501328	0.00219743907476249	0.00575087036053579	0.0146031746031746	0.0319903227709919	0.0619165634035522	0.10372809346787	0.147522275328967	0.180846167463268	0.182328435711335	0.145374402549124	0.0839759249424677	0.0326346846049448	0.00624417300997227	
2.12507983806892e-05	6.02105954119526e-05	0.000249106581018079	0.000833503536487031	0.00235175502079627	0.00655232950071249	0.0163465863543901	0.0343389289833736	0.0652529376277262	0.1063897608931	0.150495792932221	0.181657727557681	0.179961205486956	0.139478434571743	0.0798061927187681	0.0306660826632445	0.0055381941779896	
1.18226787352571e-06	1.41872144823085e-05	0.000141872144823085	0.000295566968381428	0.000899705851753067	0.00262463467922708	0.00746483935344135	0.0174455447417454	0.0367105997408469	0.067615081954809	0.110183819008976	0.154525957873431	0.182652110584608	0.174955546727955	0.134303265896774	0.0764608101845284	0.0284761040017403	0.00522917080460422	
3.55396337996133e-06	3.43549793396262e-05	0.000142158535198453	0.000322226013116494	0.000980893892869328	0.00301968421850715	0.00864086963114599	0.0185967057128777	0.0383863584669624	0.070497602259373	0.114302570226316	0.156851804465673	0.18199135676106	0.171671831760112	0.130157985518784	0.0729995924788658	0.02665472534971	0.00474572576670837	
8.3051157139908e-06	2.01695667339777e-05	0.000136441186729849	0.000414069340597541	0.00115322463914272	0.00371950539476588	0.0092957973741597	0.0202395669949956	0.0411008312234385	0.0745229897467414	0.116291789562605	0.157805503681539	0.180423893106042	0.170601314106595	0.12636233558837	0.0687841547883738	0.0248560248868725	0.00426408369658328	
7.1302349293572e-06	4.51581545525956e-05	0.000125967483751977	0.000469407132849349	0.00133929579423093	0.00411889904419201	0.0100322405456056	0.0220645119888958	0.0439816657892516	0.0784207004980469	0.119596618842596	0.159619815873567	0.180324829735932	0.167048332297469	0.121299556618225	0.0648993983270092	0.0226729587028677	0.00393351293602872	
2.38151657356921e-06	8.33530800749225e-06	3.3341232029969e-05	0.000125029620112384	0.000490592414155258	0.00172421799926411	0.00451178314862688	0.0108656693669095	0.0237818245036622	0.0466860601499641	0.0810013324585229	0.123039863015167	0.162257487190418	0.179238891118253	0.163703067750574	0.116204910449023	0.061109715277786	0.0213657759397762	0.00384972154117464	
8.3459516173262e-06	2.38455760495034e-06	2.38455760495034e-05	0.000158573080729198	0.000634292322916791	0.00191360747797265	0.00513395252345809	0.0118846351030725	0.0255445733430305	0.048908468756334	0.0841093081206109	0.125768721757896	0.16340538671563	0.17936403848676	0.159137028602768	0.112150513276024	0.0584514682913452	0.0201483194830279	0.00325253657315227	
8.34178435534095e-06	1.19168347933442e-06	3.6942187859367e-05	0.000194244407131511	0.000666151064947941	0.00218435581761999	0.0055496699632604	0.0127295629262503	0.027046448246974	0.0510695955068766	0.0873778077552377	0.129826764972609	0.165077953974801	0.177156857721334	0.155352625099952	0.108344286890648	0.055194012028853	0.0190955360728548	0.00308765189495548	
1.18836260270424e-06	3.56508780811271e-06	7.24901187649585e-05	0.000222223806705692	0.000877011600795728	0.00233750923951924	0.00603807038434023	0.0139109726272558	0.0287845189627021	0.0548987871571277	0.0911450349022096	0.132361015051801	0.16584194302039	0.174938858744091	0.151496029680544	0.103763069017723	0.0532327027881363	0.0171361887309951	0.00293882071648758	
2.37426768681035e-06	0	1.42456061208621e-05	0.000104467778219655	0.000256420910175518	0.00103874211297953	0.00277314465819449	0.00682839386726657	0.014960260694592	0.0312299300184599	0.0578442836537605	0.0943391522677224	0.135197924890042	0.166360188279428	0.172228190867379	0.147896695612947	0.0999032485917625	0.049864369958391	0.0164892890848979	0.00266867687997483	
2.38330731556181e-06	0	1.1916536577809e-06	3.57496097334271e-06	9.53322926224722e-06	1.54914975511517e-05	0.000114398751146967	0.000363454365623175	0.00119999523338537	0.00300654217858122	0.00749907646841522	0.016457928667612	0.0333865605300476	0.0606420629908124	0.0973092460407307	0.137006804342386	0.167067459513567	0.170318290691993	0.143890987523386	0.0956456975344686	0.0478651524720855	0.0158275438826459	0.00236662416435287	
2.38334991747651e-06	1.19167495873825e-06	2.38334991747651e-06	8.34172471116778e-06	7.15004975242953e-06	2.38334991747651e-05	0.000154917744635973	0.00045760318415549	0.00134420935345675	0.00332715648479721	0.0080867062699978	0.0175128551936174	0.0355536223939558	0.0632040564615595	0.100331881476009	0.13964881338966	0.168218028850451	0.168386055019633	0.140718937502607	0.091210801341826	0.0453968575531338	0.014354916552961	0.00204729757911232	
1.19223757956696e-06	2.38447515913391e-06	3.57671273870087e-06	5.96118789783478e-06	1.07301382161026e-05	2.742146433004e-05	4.41127904439774e-05	0.000166913261139374	0.000443512379598907	0.00141399376936641	0.00360294196545134	0.00861868546268952	0.01938220633102	0.0375316390047678	0.0666031601449284	0.103951194562443	0.143027973470329	0.167155285368026	0.167594028797307	0.135568142934979	0.08796328862045	0.0420931399841909	0.0128868959975392	0.00190161893940929	
2.38275079047757e-06	2.38275079047757e-06	5.95687697619394e-06	3.57412618571636e-06	1.90620063238206e-05	1.90620063238206e-05	7.50566499000436e-05	0.000176323558495341	0.0005897308206432	0.00154521388762471	0.00419483276663577	0.00987411927573907	0.0208490694166788	0.0403506932613425	0.0699706683377692	0.1069461951044	0.14496298396647	0.167493084065831	0.164094090063214	0.132320108272196	0.0841504182919013	0.0386684712032653	0.0117684061541687	0.00191811438633445	
1.18788123563406e-06	2.37576247126812e-06	1.54424560632428e-05	1.18788123563406e-05	1.18788123563406e-05	3.08849121264856e-05	6.88971116667756e-05	0.000193624641408352	0.000615322480058444	0.00173549448526136	0.00466480961233496	0.0105460096099592	0.0224188825601216	0.0429395309057	0.0729406593928739	0.110709343279859	0.145711451769052	0.167592224129432	0.161954539785112	0.128064288132473	0.0802283107734889	0.0366081239197705	0.0111387623465406	0.0017960764282787	
1.18664361413672e-05	7.11986168482034e-06	7.11986168482034e-06	3.67859520382384e-05	6.28921115492463e-05	0.000238515366441481	0.000691813227041709	0.00208611947365236	0.00504560864730935	0.0119305148965306	0.0242478756112698	0.0457261250271445	0.0761670936605938	0.113286492554405	0.147149741371024	0.166425580239061	0.159656965064025	0.124292612075523	0.0757873677040701	0.0349419078618699	0.0104341572991042	0.00176572569783544	
2.37640326612865e-06	9.5056130645146e-06	7.12920979838595e-06	2.61404359274151e-05	9.86207355443389e-05	0.000237640326612865	0.000831741143145027	0.00231105217631011	0.00590417391469663	0.0128468360566915	0.0262699499054192	0.0480651324607181	0.0795358409140598	0.115153373066796	0.148572732198363	0.165794526667997	0.156530118534995	0.120352943413085	0.073241936863718	0.0328157527019705	0.00990247240995808	0.00149000484786266	
1.19126327514012e-06	5.95631637570061e-06	4.8841794280745e-05	0.000125082643889713	0.00028947697585905	0.000942289250635837	0.00256717235792696	0.00654837422344525	0.014172459184342	0.0283091804704299	0.0503511248503476	0.0823222486285582	0.117837380650311	0.150593546926839	0.16629320562991	0.151162970772356	0.116706871802203	0.0704298673528343	0.031064572425829	0.00895710856577858	0.00127107791457451	
1.1948915994341e-06	3.5846747983023e-06	5.49650135739686e-05	0.000117099376744542	0.000342933889037587	0.00113634191106183	0.0029609413833977	0.00696860780789967	0.0149337552097274	0.0303084254196459	0.0529874679769051	0.0850117577333384	0.121246845486177	0.152139572897947	0.163236531181891	0.149360255037663	0.112810910794173	0.0672652276985432	0.0295365254464115	0.00840964707681719	0.00116740909264712	
2.39041729514721e-06	5.97604323786803e-06	3.9441885369929e-05	0.000157767541479716	0.000412346983412894	0.00127767804425619	0.00318403583713609	0.00745929716950688	0.0159536450278125	0.0320280061290299	0.0556345721272563	0.0874701496640268	0.123747122535181	0.15178074136402	0.162094196783933	0.146676005230233	0.11008827811071	0.0647683566120138	0.0281268451033497	0.00796008959284022	0.00113305779789978	
1.19570026185836e-06	1.6739803666017e-05	5.61979123073428e-05	0.000190116341635479	0.000518933913646527	0.00131168318725862	0.00356677388112348	0.00817261128980187	0.0170243803283393	0.0330969832482393	0.0578491743689692	0.0902299331603554	0.125014049478077	0.153334210180192	0.161867922949075	0.143995791135078	0.107051044444179	0.0617662884268172	0.0264500854925687	0.00747073523609102	0.00101514952231775	
9.58495928189485e-06	2.99529977559214e-05	8.98589932677642e-05	0.000219255943573345	0.000559521998080612	0.00158271640142289	0.00418503284645734	0.00843716040788794	0.0182138188754207	0.0344183906613742	0.0600677416997248	0.0929118027990477	0.127578204281841	0.153915276148668	0.160324019548524	0.142227616424307	0.1030419066401	0.0591751423665983	0.0249867907279896	0.00710485106770456	0.000921354210972143	
1.55774998592034e-05	3.71463458181003e-05	9.22667299352815e-05	0.000254033074627009	0.000684211724585009	0.00194479094396054	0.00451987149760885	0.00950107664489411	0.0196288480918162	0.0361230239042727	0.0626335321261969	0.0958327791338191	0.128976905757324	0.154388601104565	0.159938984131321	0.139515683546685	0.0987158148769917	0.0564013339132956	0.0237041617088278	0.0062885168662384	0.000802840377358943	
8.38977454278725e-06	2.39707844079636e-05	8.0302127766678e-05	0.000279259638352776	0.000825793522854345	0.00209504655725602	0.00477498025406634	0.0102810694325756	0.0205537490906084	0.0381327238361885	0.0651322168540982	0.0989561921929552	0.131260419800347	0.15586163583824	0.15875131389862	0.135247959786612	0.0955199802480736	0.0536777775247528	0.0219104954880991	0.00586804802306948	0.000758675326512047	
3.60308424010953e-06	5.28452355216065e-05	0.000123705892243761	0.000355504311690807	0.000960822464029209	0.00220748961110711	0.00496985419519108	0.0112896639523432	0.02203886526867	0.0405046719992313	0.068289255602796	0.101698253705172	0.134070764574476	0.155829790300497	0.155473084960726	0.131501765511278	0.0918822512070332	0.0515373159424467	0.0208810741995148	0.00556436309480916	0.000765054886983258	
4.82559689617608e-06	5.18751666338928e-05	0.000149593503781458	0.000353474972644898	0.000991660162164184	0.0024610544170498	0.00546016288802323	0.0119723058994128	0.0232497258457763	0.0421745104733549	0.0706865497344112	0.104380073662737	0.136133707638799	0.155555528746684	0.153738691515274	0.128544250120338	0.089865884598263	0.0489991108837719	0.0192818787978956	0.00518269106649311	0.00076244430959582	
1.20684911006947e-05	4.82739644027786e-05	0.000129132854777433	0.000461016360046536	0.00111271487948405	0.00264662009838234	0.00571443053617892	0.0128263923418183	0.0252702135157446	0.0454849361094081	0.0731012642951277	0.106220824422764	0.138059917644617	0.155414407847416	0.151369049630463	0.126224348422165	0.0861629922134095	0.0462766291256137	0.0180399804973184	0.00475981289011398	0.000664973859648276	
4.82951801410219e-06	6.03689751762774e-06	5.79542161692263e-05	0.000160581473968898	0.000443108277793876	0.00123997875012074	0.00283613445378151	0.00661885443832705	0.013942818506713	0.0269656138317396	0.0471711098232396	0.0759634888438134	0.108375591615957	0.138488843813387	0.15525330821984	0.149808026658939	0.123371245049744	0.0831896551724138	0.0440548633246402	0.0169274606394282	0.00449024437361151	0.000630252100840336	
1.20334047315347e-06	9.62672378522779e-06	6.01670236576737e-06	6.13703641308272e-05	0.000144400856778417	0.000545113234338524	0.00133570792520036	0.00314553199682318	0.00704194844889413	0.0149972323169117	0.0278284517821472	0.0494235999133595	0.0784168852735193	0.110229597362278	0.139487617626531	0.15475078818801	0.148652258670068	0.120953767659021	0.0799174508435417	0.0421915236697071	0.0161668792568169	0.00418401482515463	0.00050901302014392	
4.80707986722845e-06	6.00884983403557e-06	1.0815929701264e-05	2.04300894357209e-05	6.12902683071628e-05	0.000176660185120646	0.00056603365436615	0.00151182661824335	0.00340821962586497	0.0076528711486277	0.0156963175364677	0.0299589235025345	0.0513732625410705	0.0804500868879686	0.112379913136067	0.140181659548183	0.154909350491404	0.146844272244161	0.117330003629345	0.0776151115362706	0.0398494903293571	0.0156963175364677	0.00385768159345083	0.000438646037884596	
2.40069812301417e-06	7.20209436904252e-06	1.80052359226063e-05	2.52073302916488e-05	5.04146605832976e-05	0.000176451312041542	0.000607376625122586	0.00155085098746716	0.0037774984965628	0.0085200776385773	0.0168144896535913	0.0312162776935533	0.0538656641351305	0.0831481794905959	0.115263518631218	0.141898063956999	0.154358887564504	0.144706880760925	0.113748678115596	0.0733665349883746	0.0382335183071237	0.0146370564560174	0.0035734391561066	0.000433326011204058	
5.97366569216267e-06	8.36313196902774e-06	2.50893959070832e-05	1.7920997076488e-05	4.42051261220038e-05	0.000217441431194721	0.000732371413859143	0.00165112119731376	0.00407523473519337	0.0087729254355101	0.0179771495339943	0.0337440427618885	0.0561381207086679	0.0864174373691021	0.117721835062311	0.143489839392024	0.153633123737316	0.140989262933285	0.109883190941055	0.0706959440004683	0.0366185706929572	0.0134825634672111	0.00326640040047455	0.000391872469405871	
5.94888244294427e-06	4.75910595435542e-06	1.42773178630662e-05	1.90364238174217e-05	1.90364238174217e-05	6.90070363381535e-05	0.000265320156955314	0.000723384105062023	0.00187627752250462	0.00434268418334932	0.00949441637893905	0.0192255982791073	0.0357956154356843	0.0591901905308069	0.0887823113549888	0.120912225429331	0.144589967328738	0.151692932965613	0.137654760176753	0.106973993865512	0.0682979295509546	0.0342953072835737	0.0124426825176622	0.00295064569170036	0.000361692052531012	
1.18469094967196e-06	1.18469094967196e-06	1.18469094967196e-05	1.18469094967196e-06	8.29283664770371e-06	4.85723289365503e-05	6.27886203326138e-05	0.000252339172280127	0.000861270320411514	0.00207794792572462	0.00483709314751061	0.0103470907544349	0.020675226453675	0.0380131785021241	0.0606561766232043	0.0922672852333012	0.121949716977332	0.145453985418824	0.150383484460409	0.135254981033098	0.103277802919552	0.0663107065259886	0.0320589217890729	0.0119902571016299	0.00284918173396106	0.000348299139203556	
2.36640182686221e-06	2.36640182686221e-06	3.54960274029332e-06	8.28240639401774e-06	2.48472191820532e-05	0.000107671283122231	0.000378624292297954	0.000894499890553916	0.00230960818301752	0.00528062567664302	0.0112131950565866	0.0224867333597582	0.0400134884904131	0.0638975821289334	0.0936657339099466	0.124665597841842	0.145382262635107	0.148584004306851	0.133394070980223	0.100426543929292	0.0625096874574787	0.0305904764158478	0.0111280045908195	0.00269533168079606	0.000334845858501003	
2.36585036942754e-06	0	1.18292518471377e-06	9.46340147771014e-06	4.49511570191232e-05	0.000145499797719793	0.000415206739834532	0.0011084008980768	0.00256339887527473	0.00574428469697006	0.0123592023298894	0.0236431256668741	0.0418104906537081	0.066813980283003	0.0961008420061465	0.127613968926921	0.144753371928239	0.147388929239781	0.130139514196285	0.0975475595070514	0.059705782848058	0.0288172404248121	0.010364790468462	0.00262727683524928	0.000279170343592449	
1.1852104696752e-06	0	0	1.1852104696752e-06	1.1852104696752e-05	4.85936292566834e-05	0.000193189306557058	0.00049423276585456	0.00111528305196437	0.00279354107702446	0.00608605576178218	0.0129910919581099	0.0250956464849028	0.0440127907913887	0.0694355553659219	0.0995422717166114	0.128058435616997	0.145432435891966	0.145681330090597	0.127399458595857	0.0943415681756766	0.0573262599972503	0.0271116894938203	0.0101240678319656	0.00242138498954644	0.000280894881313024	
8.30743194729765e-06	2.13619678644797e-05	4.98445916837859e-05	0.000252783286396343	0.000503193020807744	0.00143243862291261	0.00311291342825168	0.00663645134989835	0.013590958665779	0.0269042117493197	0.0453562048802602	0.0715139345303156	0.102199214591648	0.129358583179349	0.145324280606063	0.144332135876357	0.125553779347487	0.0912690077009894	0.0544528428625512	0.0264829062719924	0.00924498498134982	0.00221571077794353	0.000183950278833019	
