# <P(N_2)> as a function of N_tot.
# number_of_species: 2
# species_total_upper_bound: 100
# species_total_lower_bound: 0
# volume: 512
# Bin widths for each species index 
1	1	1	1	1	1	1	1	1	1	1	1	1	1	1	1	1	1	1	1	1	1	1	1	1	1	1	1	1	1	1	1	1	1	1	1	1	1	1	1	1	1	1	1	1	1	1	1	1	1	1	1	1	1	1	1	1	1	1	1	1	1	1	1	1	1	1	1	1	1	1	1	1	1	1	1	1	1	1	1	1	1	1	1	1	1	1	1	1	1	1	1	1	1	1	1	1	1	1	1	1	
# Bin lower bound for each species index 
0	0	0	0	0	0	0	0	0	0	0	0	0	0	0	0	0	0	0	0	0	0	0	0	0	0	0	0	0	0	0	0	0	0	0	0	0	0	0	0	0	0	0	0	0	0	0	0	0	0	0	0	0	0	0	0	0	0	0	0	0	0	0	0	0	0	0	0	0	0	0	0	0	0	0	0	0	0	0	0	0	0	0	0	0	0	0	0	0	0	0	0	0	0	0	0	0	0	0	0	0	
# Bin upper bound for each species index 
0	1	2	3	4	5	6	7	6	6	7	7	7	7	7	8	8	9	9	9	10	10	10	10	10	11	11	11	12	12	12	12	12	12	12	12	12	13	12	13	14	14	14	14	15	16	16	16	16	16	14	15	15	15	15	15	16	16	17	17	17	16	17	17	17	17	17	17	18	18	18	19	20	22	22	23	23	23	21	21	20	20	20	20	20	20	20	21	21	22	23	22	23	23	23	24	25	24	24	25	22	
# Normalized histogram for each species index 
1	
0.920215766064162	0.079784233935838	
0.847579514449327	0.146117169306802	0.00630331624387157	
0.780468098019877	0.20163796373568	0.0174250815567863	0.000468856687656475	
0.719260768532572	0.246612106854877	0.032225189157838	0.00186728633355805	3.46491211551716e-05	
0.661533335188694	0.284369614909878	0.0497442234977408	0.00415876571383871	0.000188043304116418	6.01738573172539e-06	
0.608983725613575	0.314862898393586	0.0678787733164337	0.00775725229128404	0.000499329471852084	1.4266556338631e-05	3.75435693121868e-06	
0.560192680223032	0.338650953231214	0.0871264062421427	0.0128568565773742	0.00111381057564643	5.17876884902988e-05	2.25163863001299e-06	5.25382347003031e-06	
0.516993446453441	0.355152559563077	0.107257667619556	0.018410813576208	0.00202395537425224	0.000153329952594866	8.22746087094405e-06	
0.4752338129228	0.368858073653123	0.12651939225802	0.025778742163331	0.00330628709406391	0.000289514645113247	1.417726354936e-05	
0.437074976583756	0.376746554466927	0.146448907985311	0.0340435021780824	0.00517164478672633	0.000489882695767235	2.37879305987125e-05	7.43372831209765e-07	
0.402814698518611	0.380991567203678	0.164426890986185	0.0433660119058239	0.00747756507466414	0.000873460479444316	4.75757197314351e-05	2.23011186241102e-06	
0.371591452955882	0.382903236354664	0.180966982464172	0.0525955938964973	0.0103917395220528	0.0014506669203352	9.73552082806922e-05	2.97267811544098e-06	
0.341624118322367	0.383429448665776	0.196538359026131	0.0624682655612287	0.0136199371937301	0.00211811092796338	0.000184636734669567	1.71235681346776e-05	
0.314408379150596	0.379833938842346	0.21222481666878	0.0732742993129276	0.0169298828023007	0.00295194968928809	0.000346893253858721	2.98402799018255e-05	
0.287925031069113	0.375530600744166	0.226281670902516	0.084182555765793	0.021347933017604	0.00413209877925442	0.000535918880690873	5.89660049785222e-05	5.22483588417285e-06	
0.265203207341993	0.36810343797426	0.237965745730913	0.0958513079120012	0.026453252153962	0.00549768172747153	0.000800640512409928	0.000109789323996511	1.49373229927225e-05	
0.24540372777439	0.359306784143337	0.247433992149147	0.106862816081187	0.0323461421617986	0.00731268385275508	0.00115993780822511	0.000148537724476703	2.31390425064211e-05	2.23926217804075e-06	
0.225638257605451	0.350395343819594	0.256994759855973	0.117781177139862	0.0380225865960117	0.00928951590446051	0.00163124586122689	0.000206052108786555	3.50885837426379e-05	5.9725248923639e-06	
0.207529205293665	0.340076020319841	0.264140018266367	0.128913688433092	0.0450234597453454	0.0116321237337408	0.00227732642474675	0.000341748198733293	5.07399072355108e-05	1.5669677234496e-05	
0.191334972056364	0.329230305278723	0.270818513041732	0.139236717348643	0.0512950664384497	0.0143170548370073	0.00312317817716572	0.000543421059506845	9.25607299160011e-05	5.97165999458072e-06	2.23937249796777e-06	
0.174688251045127	0.319880369506748	0.274880280052241	0.15045800707287	0.058151392806665	0.0169262835230763	0.00410447093623086	0.000763345121449402	0.000129709034308785	1.56545386234741e-05	2.23636266049629e-06	
0.160777813168721	0.306582266745025	0.278946675818465	0.160965484858409	0.0658922031759134	0.0204435033444441	0.00514639139491656	0.0010288296613984	0.000186923993713372	2.61693591198721e-05	3.73847987426745e-06	
0.14810927351698	0.294870856261757	0.281073461099997	0.170228136257215	0.0733901295845018	0.0242031516839411	0.00644560752913896	0.00135366722795547	0.000271928736741606	4.25822472370098e-05	1.12058545360552e-05	
0.138136581379558	0.283675684397113	0.281283123669918	0.17825884623745	0.0807845925961338	0.0278278043493363	0.0078723688741519	0.00174866833042885	0.000342861496653926	5.82640451830201e-05	1.12046240736577e-05	
0.126620509470934	0.272741998693664	0.28210655967155	0.186691051600261	0.0875969021181301	0.0323209853503779	0.00917794158813101	0.00222077073807969	0.000426985163758515	7.6140711019875e-05	1.5676028739386e-05	4.47886535411029e-06	
0.116437727673879	0.261272444737213	0.28109177527996	0.19434835381015	0.0960156185306675	0.0362480314578812	0.0110924690721611	0.00281097743384915	0.000570700036330839	8.20614431325389e-05	2.08883673428281e-05	8.95215743264061e-06	
0.107083903344038	0.249139869654453	0.279780967110103	0.200718157695647	0.104286852447382	0.0412364155197642	0.0135024656449992	0.00344349696824975	0.000688848172952964	9.89382365040434e-05	1.41340337862919e-05	5.95117212054397e-06	
0.098863623682752	0.237648835539751	0.27826973221692	0.205913620520985	0.112092457511429	0.0460435133556765	0.0156027630125318	0.00444581661006483	0.000960433273693725	0.000142093536231992	1.26470686698632e-05	3.71972607937151e-06	7.43945215874303e-07	
0.0905300756593762	0.227435928446723	0.274585587397079	0.211995390839999	0.119249030421792	0.0516527162658384	0.0177443756302166	0.00526284157830341	0.00126284454621069	0.000238916535769589	2.96790727664086e-05	8.90372182992259e-06	3.70988409580108e-06	
0.0835494256004749	0.216561094212774	0.270700997639332	0.216626976753827	0.126852761403787	0.0571571757561132	0.0203295755609824	0.00620776392434908	0.00160708984972118	0.000342737264127549	4.58957027557408e-05	1.11037990538083e-05	7.40253270253885e-06	
0.0770925289298489	0.20621848478507	0.267030879457053	0.220663258703727	0.133731364474316	0.0624909877300024	0.0232644124221802	0.00715805321657622	0.00184867076874386	0.000410404910661136	7.32073624422568e-05	1.47893661499509e-05	2.95787322999017e-06	
0.070337692052352	0.194235910233308	0.262536009816009	0.225841562737102	0.140926563685508	0.0686179640079666	0.0261641691957511	0.00848527598634294	0.00229099487860395	0.000467534853945372	7.92808706373293e-05	1.63007397572079e-05	7.40942716236722e-07	
0.0642342990355818	0.184937326519168	0.256602364709952	0.229064701729641	0.147385092445329	0.0748207503631662	0.0294770184890658	0.00985900781742501	0.00282458462753337	0.000655588092149759	0.000106671960756571	3.18534327259205e-05	7.40777505253965e-07	
0.0592522764681339	0.175240801304926	0.249951643348014	0.231421967185658	0.155026609127809	0.0800037647784228	0.0332011955394787	0.0114381083025963	0.00338904167861687	0.000810020239389513	0.000217882845727829	4.59480831126714e-05	7.41098114720506e-07	
0.0548009873678478	0.165435169948027	0.243665425550807	0.232782477180437	0.161446926018445	0.0860839144281199	0.037147643458392	0.0130213574532066	0.00416286833911468	0.00110028176684386	0.000263416482176471	7.69531296245871e-05	1.25788769578652e-05	
0.0508070118391297	0.157727951283681	0.236891230766957	0.233370530765479	0.167427612811682	0.0912588497864227	0.0409092924604993	0.0150368771893522	0.00473712993481827	0.00137384158328037	0.000367293849860325	8.27704450389464e-05	9.60728379916343e-06	
0.0464657354837901	0.148840052711804	0.230808825318774	0.233672282720513	0.172092831179902	0.0983213782942112	0.0451796500579255	0.0170317826810604	0.0054194046987839	0.00165406514347153	0.000401164261278873	9.73413281044325e-05	1.40112517726077e-05	1.47486860764292e-06	
0.0427635780506731	0.139823116002324	0.224738214193689	0.233857803221536	0.177171938067713	0.104190123349234	0.0496040081302554	0.0188586190526466	0.00640335133083834	0.0019424901823401	0.000507956383675404	0.000114437848066406	2.43641870076865e-05	
0.0396955032078635	0.132089237401175	0.218437967342296	0.232963623947796	0.181289329043825	0.110080172489855	0.0540476615924616	0.0213610416417974	0.00714605065406605	0.00217465932438013	0.000538289352028632	0.000143098959974554	2.66920339848908e-05	6.67300849622271e-06	
0.0367147603862364	0.124250533342253	0.211644329475429	0.231707661545094	0.184954173449591	0.116016620951616	0.0585858811111359	0.0244155535237755	0.00834169584253209	0.00245820603735997	0.000662310728541801	0.000191780210958232	4.53433832110549e-05	1.04066781140126e-05	7.43334151000899e-07	
0.0335225762918332	0.118242264824695	0.204102486780859	0.229914519707044	0.18886352711454	0.12143322057379	0.0626920171617438	0.0272556138428512	0.00986173271509654	0.0029550862715007	0.000858385757066381	0.000217955340055116	7.16565501551066e-05	7.46422397449027e-06	1.49284479489805e-06	
0.0302169108912666	0.111466976261877	0.197608257466071	0.227759424200723	0.192532509738353	0.126576178800199	0.0679697457344743	0.029925544742634	0.0112302972980646	0.00330140259181396	0.0010257582617245	0.000295101612076604	6.57441566145345e-05	2.46540587304505e-05	1.49418537760306e-06	
0.0282073849910674	0.10551570967899	0.190327377051022	0.224742229429852	0.194898895509755	0.131896884281332	0.0724222006659151	0.0334223467327838	0.0128478919554608	0.00405916082711301	0.00120374080995951	0.000330335841438796	9.51307298474538e-05	2.99624345976232e-05	7.49060864940581e-07	
0.0263549228751808	0.0994150860922974	0.184535531191653	0.221614626753127	0.196936787539862	0.136627867677874	0.0766464034704291	0.0363888851336635	0.0146431259097034	0.00487953987974266	0.00140445429815588	0.00041307479357526	9.76358602996069e-05	3.8303299040615e-05	1.50209015845549e-06	2.25313523768324e-06	
0.0237228115056312	0.0933205472945654	0.177179325696781	0.21982116580416	0.198800106416718	0.1417273778049	0.0813426543155135	0.0394418232730957	0.0165156340888219	0.00585517406197722	0.00165261555157077	0.000448663703632447	0.00012550559213839	3.98311160678722e-05	3.00612196738658e-06	7.51530491846646e-07	3.00612196738658e-06	
0.0217829603159677	0.0874553319541095	0.171247696069212	0.215839759262742	0.200780139176227	0.146276471694565	0.0858213278164378	0.0430092157231522	0.018229076546925	0.00674290013165319	0.00203272522098928	0.000592815497460974	0.000133910099680271	5.11566672935866e-05	3.00921572315215e-06	0	1.50460786157608e-06	
0.0200522670887352	0.081967102125438	0.164475832113417	0.212719077186484	0.201702216010219	0.149443402145147	0.0911476943955057	0.0466123433980829	0.0204961010316506	0.00777687339298261	0.00259605243559518	0.000734206658110953	0.000227935058819281	4.36311333713476e-05	3.00904368078259e-06	7.52260920195648e-07	1.5045218403913e-06	
0.0189916617195481	0.0769874609378531	0.157432129048978	0.209182504979765	0.203298698480908	0.154060052494704	0.0953289658061192	0.0496838866572445	0.0223260698583366	0.00870592418704026	0.0027294533860892	0.000945477228689471	0.000257651961921752	6.3282938015869e-05	3.76684154856363e-06	2.26010492913818e-06	7.53368309712726e-07	
0.0176279646671618	0.0726781250824697	0.149844108743106	0.205198134582977	0.204146292728719	0.157970812331055	0.100341942853696	0.0534674965786864	0.0244193192057274	0.00968900919513363	0.00320604413211737	0.0010081093613925	0.000316683569023823	7.841688375828e-05	6.78607647908192e-06	0	7.54008497675769e-07	
0.0164459868196418	0.0686733827470864	0.144199826558331	0.199671699698139	0.204933116178723	0.162047095154209	0.104985843654724	0.0567590883132344	0.0263010391391975	0.010504703169994	0.00386164552027968	0.00111724838116073	0.000377703982812958	9.8958443496995e-05	2.26622389687775e-05	
0.014914064530165	0.0646857795531597	0.139414738356106	0.19549866141304	0.203426691967874	0.165450707970485	0.109630423090172	0.060523469085591	0.0286111631504838	0.0115857269766065	0.00439271059326899	0.00127060003746835	0.000427562200479837	0.000133707613930974	2.94609996797061e-05	4.53246148918555e-06	
0.0135763691573828	0.0605473375803311	0.134509114600083	0.191693762149458	0.202079207845873	0.167510996465543	0.114236119255941	0.0646326578947169	0.0308544214001472	0.0131064703029221	0.00501074108573119	0.00162005386054825	0.000441901660233618	0.000148309461311283	2.49704705268996e-05	7.56680925057564e-06	
0.0123604345063391	0.056642409755212	0.127995552059064	0.188144119337953	0.201439529183939	0.169704075766286	0.11778192986172	0.0691367363611607	0.034016157826258	0.014557929135526	0.00564162304457018	0.00179430542527762	0.000599110411812763	0.000145995340252353	3.25274592272081e-05	7.5645254016763e-06	
0.0113450779426201	0.053573979173484	0.122054810359903	0.183650149597534	0.201189978665631	0.172203803306638	0.121139616555712	0.0723229825493475	0.0372576833580584	0.016332166228215	0.00596727520882818	0.00207977980935856	0.000667313071098694	0.000174574540683803	2.72064219247485e-05	1.36032109623743e-05	
0.0105523632503334	0.0503129970268116	0.116827793078176	0.178647444833566	0.199376650459579	0.175030506348721	0.125147431611	0.0761551800346809	0.0399623723550146	0.0176305917287183	0.00687951220065055	0.00243975232244927	0.000787309358932221	0.000194938401731778	4.15566360280923e-05	1.36003536091938e-05	
0.00936641283085983	0.0468947738634998	0.112009362635138	0.17333870269478	0.198177791847587	0.177095240937503	0.129495549499493	0.0795959983650143	0.0423698527984019	0.0195382298786832	0.00800115446308023	0.00283326999400858	0.000928557019369745	0.000284082538065927	5.21321678897578e-05	1.73773892965859e-05	1.51107733013791e-06	
0.00898747822201019	0.0440994857827847	0.106695542947555	0.1680015278562	0.196560511862022	0.178983371731037	0.133323570352343	0.0830167913208106	0.0452249964521126	0.0214601896836492	0.00896407726241987	0.00328292816962223	0.000980575693800708	0.000301947865681511	8.90746203760459e-05	2.26460899261134e-05	5.28408764942645e-06	
0.00816518738415636	0.041257666400446	0.101604104820602	0.163379093142056	0.193912840373111	0.180597037416555	0.136856738144392	0.087966576754419	0.0482572595349678	0.0229871460647067	0.00964120492457919	0.00366103584936936	0.00117614261388466	0.000379741113003119	0.000111511279215202	2.26036376787571e-05	1.88363647322976e-05	5.27418212504332e-06	
0.00776347261673057	0.0391199240135535	0.0965252156687424	0.157648544621716	0.190575001241855	0.181541073775193	0.141276385646269	0.0918528319552511	0.0516506128740428	0.0252051317946379	0.0106430699246909	0.00414628896224612	0.00142625114965627	0.00046287306440032	0.000129453930206268	1.58054217112304e-05	1.58054217112304e-05	2.25791738731863e-06	
0.00692326854508566	0.0371321896346807	0.0923495143882733	0.152980449475972	0.188044737505552	0.181900308534521	0.143655383747314	0.0962549671656842	0.0545195205109428	0.0274717276732655	0.0117238616036592	0.00460775898291655	0.00170849490377805	0.000550740122693494	0.000141061502815227	2.7762104277465e-05	6.7529442837077e-06	1.50065428526838e-06	
0.00636438219498642	0.0345995038623798	0.0885905548380149	0.148409016631903	0.185072644449414	0.18088606260129	0.146543078491305	0.10005093001498	0.0585560555488663	0.0296927222429549	0.0132253507328014	0.00523734060064511	0.00191828911047476	0.000637933961495114	0.000183976265566	2.09403879506016e-05	1.12180649735366e-05	
0.00606261913525386	0.0322596572495579	0.0837634920207434	0.145070456252487	0.182183051598096	0.181422231797929	0.148222210252589	0.103608395500615	0.0619121788023784	0.0319963253226564	0.0145176686745726	0.00576562261542467	0.00221812262290569	0.000723414696913929	0.00022293441538816	4.11456135783517e-05	9.72532684579222e-06	7.4810206506094e-07	
0.00546585581193682	0.0303239300244649	0.0794679570849069	0.139807290952919	0.179891731273696	0.182462533164692	0.150885028317761	0.106362154321501	0.0649567426824255	0.0340120160463568	0.0162403089455369	0.00648504059890024	0.00243451119942548	0.000859679746828808	0.000257604384067169	7.03918956462613e-05	1.64746989810399e-05	7.4884995368363e-07	
0.00521216511839114	0.0281411919284186	0.0761658563437299	0.134257123979784	0.175757957551227	0.182973993920891	0.154421828397525	0.110002932311599	0.0673351737150888	0.0367408893978562	0.0173621344828595	0.00745752085428511	0.00274107388600282	0.000989936396586519	0.000299230774422743	0.000124492001388911	1.4999036311917e-05	1.4999036311917e-06	
0.00473162664311368	0.0262823083728762	0.072935396022129	0.130204601544463	0.172399445423315	0.182202925196738	0.156384015814148	0.113898514870076	0.0705846037375344	0.0384816435417803	0.0188055872249085	0.00847111379486972	0.00307705942172012	0.00103645155039633	0.000341728590891544	0.000126927762331145	3.15441776207579e-05	4.5063110886797e-06	
0.00429081828109865	0.0245316490184405	0.0685718070433846	0.126160293410384	0.170539893470896	0.180909057382262	0.15765012783643	0.116441413132568	0.0745763936504018	0.0412260254950322	0.0203943699285968	0.0092725629228443	0.00362999764422711	0.00120723952339629	0.000426748634517266	0.000133217827706448	3.01057237754685e-05	8.27907403825384e-06	
0.00386741538663229	0.0226612609748177	0.0647560393989646	0.121075793957851	0.16713518172633	0.18027444861265	0.160094270604554	0.119560623035872	0.0783006578298021	0.0439324223220616	0.0221888531339024	0.0100109776431294	0.00408289966494455	0.00134941378481559	0.000492750762294471	0.000146921098849269	5.50012318769057e-05	1.50688306512071e-05	
0.00369549150036955	0.0213164379375695	0.0611998982422707	0.116360565568255	0.163530391089876	0.179235853643484	0.162111653517942	0.123217922606925	0.0810185707855968	0.0465722246557774	0.0239236034278506	0.0107538050014827	0.00460694571767047	0.00171829065078283	0.00049599366573188	0.000155045060911635	6.47275497009738e-05	1.73108563153767e-05	5.26852148728856e-06	
0.00328561317501487	0.0198478472412231	0.0580073913105745	0.111932451592041	0.159695573881825	0.179146192826826	0.163097265154787	0.125907802332567	0.0843058642805834	0.0492329423611943	0.0257090374336791	0.0118768999308808	0.00508783870872915	0.00197709643451801	0.000636922030944612	0.000182408439631475	4.82402484975801e-05	1.35675698899444e-05	9.04504659329626e-06	
0.00314649969824985	0.0185945986722993	0.054851388050694	0.108056729028365	0.154935123717562	0.177487929993965	0.164810651780326	0.129698249849125	0.0877557332528666	0.0518836753168377	0.0272080567290284	0.0129367833433917	0.0055333433916717	0.00211979480989741	0.00071137598068799	0.000203681351840676	4.37537718768859e-05	1.28243814121907e-05	9.80687990343995e-06	
0.00291718315710567	0.017088401336967	0.0524385498679516	0.103265724828947	0.151373657595251	0.174961747720857	0.166013009914359	0.132238862810355	0.0915217294771724	0.0553482067527221	0.0291018372383397	0.0140974607109768	0.0061015489821093	0.00236099163153779	0.000875305472578403	0.000222025033887041	5.87049242142007e-05	4.51576340109236e-06	7.52627233515394e-06	3.01050893406158e-06	
0.00265788760610721	0.0161642500981414	0.049559358113763	0.0990609197447047	0.147540159173015	0.172400903426581	0.16706110889683	0.135146191324373	0.094624852037251	0.0582055618230962	0.0313767347389138	0.0152755353493047	0.00675918607540114	0.0027674757423658	0.00102157159895846	0.000276222151665477	8.18158003574375e-05	1.05084514220562e-05	3.75301836502007e-06	5.25422571102809e-06	7.50603673004014e-07	
0.00243351308060325	0.0153259387052777	0.0472506495891706	0.0952780964252272	0.143531356414448	0.170935287971987	0.16680892895316	0.137581932539073	0.0973232108823875	0.0608882586192881	0.0338245522125173	0.0165987721786152	0.0074548448964722	0.00302589625240491	0.00120960579045142	0.000390656754974664	0.000111401155561176	1.27960786793242e-05	7.52710510548485e-06	3.01084204219394e-06	1.50542102109697e-06	7.52710510548485e-07	1.50542102109697e-06	
0.0020993849434642	0.0139675363401425	0.0445095210269818	0.0909008078264589	0.139980331443786	0.168771573665219	0.168320522165529	0.140498400612044	0.100528008867416	0.0632292877753748	0.036123276365805	0.0177574231480533	0.00802856609297534	0.00328311275233282	0.00135315449906928	0.00046611164992982	0.000143824434792561	2.33432328720911e-05	4.51804507201764e-06	6.02406009602352e-06	2.25902253600882e-06	1.50601502400588e-06	1.50601502400588e-06	
0.00196054497423865	0.0127804626645027	0.0416913430109812	0.0871214347391692	0.135598584067596	0.167279996262758	0.167498504349818	0.14338425325238	0.104284868239624	0.0664407745132167	0.0378825210106828	0.0195866128383296	0.00869888229346088	0.00365737329168117	0.00142331647053682	0.000483731696180328	0.000161243898726776	3.23994749778101e-05	1.80834278945917e-05	6.78128546047189e-06	3.76738081137327e-06	2.26042848682396e-06	1.50695232454931e-06	7.53476162274654e-07	
0.00189151876145462	0.0118419624770908	0.0393164608855021	0.0835131908941835	0.131644430645317	0.164216232998939	0.167518478103598	0.144991318607119	0.107221984421723	0.0698580833413717	0.0405621503327867	0.0209566714092794	0.00980876820681007	0.00419826733867078	0.00159987821934986	0.000593831388058262	0.000171819234108228	6.02874505642905e-05	1.35646763769654e-05	1.20574901128581e-05	2.26077939616089e-06	3.76796566026816e-06	1.50718626410726e-06	1.50718626410726e-06	
0.00174185773600594	0.011126238451829	0.0368398776414479	0.0806050869462911	0.12793971383014	0.161577790825214	0.167369449003112	0.145571042911947	0.110594058438312	0.0729385072346862	0.0429397626953764	0.0227531576339904	0.0106105222641294	0.00463392796061312	0.00178846765384468	0.0006299856636914	0.000221021223299847	7.29219682315821e-05	1.95460945775375e-05	7.51772868366826e-06	7.51772868366826e-06	9.77304728876874e-06	1.50354573673365e-06	7.51772868366826e-07	
0.0016761717410529	0.0102999211921048	0.0347416484686603	0.0762037755599271	0.124752597351814	0.159312265757067	0.166437311628075	0.147112081671449	0.113056994351098	0.0763301088270859	0.0457048193133486	0.0241920686771704	0.0118775830641232	0.00507589019834323	0.00209502668038285	0.000738448025892304	0.000269210176445463	7.74543245080522e-05	3.00793493235154e-05	4.51190239852731e-06	4.51190239852731e-06	7.51983733087886e-06	
0.00147637053887525	0.00969734403953058	0.0328115819762274	0.0728784706006418	0.120674460296178	0.156373250576236	0.166567739797225	0.14869537052381	0.115422046129047	0.0792411756730291	0.0478336522092831	0.0260903297729704	0.0128158001777671	0.00581885837388331	0.00232377709817864	0.000845146808478585	0.00027870260172645	0.000116753792615134	2.71170098977086e-05	4.5195016496181e-06	6.0260021994908e-06	1.5065005498727e-06	
0.001283340429451	0.009036226435605	0.0309873870282969	0.0701179465345279	0.11681417532544	0.152091693918778	0.165748700806542	0.150920834503438	0.118172251462253	0.0822424939683	0.0501997481633134	0.0278779286583506	0.0140118127712	0.00639782949388073	0.00263009297423958	0.000971564195707906	0.00030800170306824	0.000143432165644524	4.00100251534724e-05	3.77453067485589e-06	7.54906134971178e-07	
0.00119477021644158	0.00844122916992565	0.0293228804164239	0.0667930206073302	0.112934880111119	0.150224406714594	0.16342506841023	0.152049435223579	0.121381399218752	0.0851347460489833	0.0528804844373811	0.0299282004312055	0.0147989785885993	0.00688296466246041	0.00296312082142153	0.00110937550773956	0.000349891594062272	0.000127714210359663	5.13879662985626e-05	5.28993770720497e-06	7.55705386743567e-07	
0.00117480492949659	0.00802720410025808	0.027910494218902	0.0639834273177277	0.109853704677461	0.147058379116728	0.162070950662726	0.151976694287804	0.123931720790799	0.0880733501356881	0.0557892573721842	0.0317333321245308	0.016000012088025	0.00739787129879785	0.0031655515463606	0.00123222304823726	0.000417036862432232	0.000154122318724955	3.9286081243616e-05	9.06601874852677e-06	1.51100312475446e-06	
0.0010592188657223	0.00761610828040385	0.0262811603240621	0.0616959128345165	0.106214813813784	0.144284030709042	0.162206950076289	0.153307397696293	0.125261879218851	0.0903220010252453	0.0579014481024279	0.0329150563847192	0.0172426939944631	0.00812193624906667	0.00350229245765201	0.00129778847482298	0.00051262267271949	0.000178927206825507	5.73775009229473e-05	1.66092765829584e-05	3.77483558703601e-06	
0.000933129027188433	0.00712955910975713	0.0249474123236499	0.0588951752318089	0.102121338507477	0.141321068920079	0.160625884016973	0.154484610548967	0.128113704227566	0.0931769001075932	0.0602740905958728	0.0347788899769098	0.0183286185761433	0.00854323069669604	0.00389118582187889	0.00158216371087658	0.000534943604250535	0.000191914795875192	8.76461272500876e-05	2.64449521875264e-05	1.20891210000121e-05	
0.000811645332925872	0.00636078807509194	0.02359520304749	0.056271302853391	0.0986183118684787	0.138441126590953	0.159701998326785	0.154502324497771	0.129706673040818	0.0961879144270147	0.0631056137415413	0.0366261575212215	0.0195793362511214	0.00935321019723057	0.00427380813702812	0.00183433358093685	0.000661872941575152	0.000244325668718599	8.54761627405624e-05	2.79877701008921e-05	1.05899670652024e-05	
0.000763307382899645	0.00588631788537377	0.0220663162059462	0.0534542117697611	0.0951917686868465	0.135131884234487	0.158066661169441	0.155696550138099	0.131772272651279	0.0988986132618795	0.0655317165943328	0.0388469746474526	0.0208982819153644	0.0101438936544116	0.00452159388264735	0.0019744621103747	0.000767089877363964	0.000285200082609679	7.33803926077954e-05	1.89124723215968e-05	1.05909845000942e-05	
0.000744788000873723	0.00544787394121787	0.0208434458655923	0.0511962114409145	0.0913047896997791	0.131420952357838	0.15597392786933	0.155653866223333	0.134082318035095	0.101863790257991	0.0684757481251365	0.0410141555226561	0.0224733332524331	0.0111733368929447	0.00488207776132806	0.00208570977841419	0.000869172147659151	0.000320061645996651	0.000125142586704852	3.86804358905905e-05	9.85971895250346e-06	7.58439919423343e-07	
0.000776058112206275	0.00519936087539964	0.0192430425133621	0.0488413962648681	0.0890593322701566	0.128294819831141	0.153994604911024	0.15553758208014	0.135777421354621	0.1043946670566	0.0709761881914266	0.0428271362922548	0.0237706828245164	0.0120125265984589	0.0054712477704513	0.00237006167339149	0.000927614112529188	0.000325959638885462	0.000144701708851023	4.79800403032339e-05	6.09270353056938e-06	1.52317588264234e-06	
0.000665983411374296	0.00482495075608929	0.018272634101551	0.0461867877730322	0.0854775230598661	0.125274222860604	0.151595045510136	0.155671717421867	0.137685593346262	0.106666311069117	0.073525635408372	0.0454628927606689	0.0254498626504463	0.0130247762592916	0.00582316387840088	0.00269898540399057	0.00107365060254735	0.000404619212173628	0.000144017007722817	5.56256167395007e-05	1.06679264979864e-05	2.28598424956852e-06	3.04797899942469e-06	
0.000603397179518671	0.00458536086736628	0.017151431332867	0.0437146381409569	0.0827905174340592	0.122653635525219	0.149116911826966	0.155402616958741	0.138673792500025	0.108709134334825	0.0762423993695987	0.0474723303107534	0.0270933724715103	0.0143037933162511	0.0067128889756818	0.00285450347125015	0.00122433940976924	0.000442440409760846	0.000159431113172443	7.47571726837291e-05	8.39111121960225e-06	3.81414146345557e-06	5.33979804883779e-06	7.62828292691113e-07	
0.000485815408419988	0.00422842157203165	0.0162367428741997	0.0419050055739323	0.0794323422089829	0.120274341027187	0.147626205400927	0.154229639917883	0.139751122401116	0.111292086234519	0.0786495549991776	0.0496841438379113	0.0285062470683553	0.015217901155601	0.00727047887083706	0.00316008455320212	0.00129449246757677	0.000498760333095756	0.000161430825368397	7.08163526380233e-05	1.44678569905639e-05	8.37612773137911e-06	1.5229323147962e-06	
0.000462130780726939	0.00387596013950716	0.01569341315177	0.0395369251629829	0.0767327429936177	0.116845999295003	0.146186355188998	0.154082929254401	0.140231948539796	0.113185497163644	0.0810959579925404	0.0516459697551773	0.0304869274850569	0.0162583242544049	0.00791408478691355	0.0034610321732861	0.0014480605353256	0.00054740038112466	0.00018576591515218	6.69975431696385e-05	3.80667858918401e-05	8.37469289620482e-06	6.09068574269441e-06	3.04534287134721e-06	
0.000415117578632849	0.00358476077519026	0.0146621657581218	0.0380273551840279	0.072977822381376	0.113669228839267	0.144027552859065	0.153354013183404	0.141661534718579	0.115320575690532	0.0836279451679858	0.0543956085730143	0.0317846254438185	0.0174144105102297	0.00871975001710649	0.00389495852625657	0.00154110500345931	0.000608230884443735	0.000177147245094238	7.45082833443575e-05	3.80144302777334e-05	1.74866379277574e-05	4.56173163332801e-06	1.52057721110934e-06	
0.000386117373612936	0.00324975801288373	0.0135141080764528	0.0361933833591756	0.0703825975610126	0.109879598134499	0.14097456328532	0.152895652728006	0.142694264829486	0.117702078206595	0.0865138076786532	0.0569124871420639	0.0341869384609316	0.0183872279351748	0.00908475769428	0.00421694789767055	0.00173790747140911	0.00072747850942005	0.000210885323898617	7.05479680668036e-05	3.94461756932665e-05	3.03432120717435e-05	5.31006211255511e-06	3.79290150896794e-06	
0.000375102850781666	0.00289419074584967	0.0125099825758676	0.0340231898262427	0.0678679032960651	0.106558703596147	0.138170193843473	0.151820610086637	0.143969919171386	0.120508597115338	0.0887745934369101	0.0594280891534776	0.0361543185228208	0.0195794613039059	0.0097488928415856	0.00452997192778665	0.00192618338899376	0.000778943419969992	0.000239733071971347	6.6550505783844e-05	3.40315086394657e-05	2.49564396689415e-05	9.07506897052418e-06	3.02502299017473e-06	3.78127873771841e-06	
0.000349003042281379	0.00286514160628839	0.0120507810733313	0.0321979804558296	0.0655575455513042	0.10307424191715	0.134960908644119	0.150587651774865	0.14515812928339	0.121620399265511	0.0918443340901347	0.0613657401125855	0.0383699824217042	0.0209145538037563	0.0105778827048263	0.00505564450233523	0.00218899532350999	0.000867607994958677	0.000257794903801796	7.31172680373516e-05	4.29658173002994e-05	9.79922148954197e-06	7.53786268426305e-07	7.53786268426305e-06	7.53786268426305e-07	7.53786268426305e-07	
0.000322063609439692	0.00271013899784916	0.0112879916819003	0.030881320686018	0.0625441523683687	0.100274392189394	0.132585104745746	0.148503605385744	0.145654581148393	0.124127369025589	0.0933166170558581	0.0642588220279497	0.0401791244224063	0.022666821817745	0.0113375399295064	0.00546832478125575	0.0024338699808939	0.000934660125297008	0.000376866974216143	9.30906470175333e-05	2.62755858517231e-05	1.20116963893591e-05	2.25219307300484e-06	1.50146204866989e-06	1.50146204866989e-06	
0.000262331845287171	0.00251763619519888	0.010408578101437	0.0293197060684102	0.0600275223581684	0.0970807712256444	0.129585185895841	0.147572905767403	0.145240400903021	0.126747504849392	0.0962870300137612	0.0666217954291299	0.0419491106200925	0.0238706988820166	0.012330346248055	0.00582076888714334	0.00263156316800931	0.00112427933694502	0.00040998719820595	0.000143158235570999	3.82254974561306e-05	7.49519557963346e-06	1.49903911592669e-06	0	1.49903911592669e-06	
0.000285915616620928	0.00239763883229361	0.0101466274339411	0.0274231348508624	0.0577256876045449	0.094538261287851	0.126846725966016	0.145481520170559	0.145488274082762	0.127919097137017	0.0989673268240628	0.0695262730936895	0.0439754727926151	0.0252558794681819	0.0129915253410538	0.00629239486972829	0.00284639877649128	0.00116092246433747	0.000481779070526603	0.000183106064187681	5.55321670077392e-05	8.25478158223151e-06	1.50086937858755e-06	0	0	7.50434689293773e-07	
0.0001961621366491	0.00214500665899054	0.00951649415421801	0.0264811368685608	0.0550441477544321	0.0914543956853349	0.125177748449492	0.144225768339281	0.144847324228203	0.129346005958519	0.101970489999489	0.0712061040245556	0.0456719567811973	0.0268546716651685	0.0137072990352731	0.00682959898747268	0.00308974154699023	0.00141372022619524	0.000499800079968013	0.000243511617909227	5.86231672744436e-05	1.50315813524214e-05	5.2610534733475e-06	
