# <P(N_2)> as a function of N_tot.
# number_of_species: 2
# species_total_upper_bound: 100
# species_total_lower_bound: 0
# volume: 512
# Bin widths for each species index 
1	1	1	1	1	1	1	1	1	1	1	1	1	1	1	1	1	1	1	1	1	1	1	1	1	1	1	1	1	1	1	1	1	1	1	1	1	1	1	1	1	1	1	1	1	1	1	1	1	1	1	1	1	1	1	1	1	1	1	1	1	1	1	1	1	1	1	1	1	1	1	1	1	1	1	1	1	1	1	1	1	1	1	1	1	1	1	1	1	1	1	1	1	1	1	1	1	1	1	1	1	
# Bin lower bound for each species index 
0	0	0	0	0	0	0	0	0	0	0	0	0	0	0	0	0	0	0	0	0	0	0	0	0	0	0	0	0	0	0	0	0	0	0	0	0	0	0	0	0	0	0	0	0	0	0	0	0	0	0	0	0	0	0	0	0	0	0	0	0	0	0	0	0	0	0	0	0	0	0	0	0	0	0	0	0	0	0	0	0	0	0	0	0	0	0	0	0	0	0	0	0	0	0	0	0	0	0	0	0	
# Bin upper bound for each species index 
0	1	2	3	4	5	6	7	6	6	6	6	6	7	7	7	8	8	8	8	8	9	9	10	10	11	11	11	12	12	12	11	11	11	11	12	11	12	12	13	13	14	14	14	15	16	16	16	16	16	14	15	15	15	15	15	16	16	17	17	17	16	17	16	17	17	17	17	18	18	18	18	19	22	22	23	23	23	21	21	20	20	20	20	20	20	20	20	20	20	21	22	23	23	23	24	25	24	24	25	22	
# Normalized histogram for each species index 
1	
0.920127577589735	0.0798724224102648	
0.847331325281111	0.14639100979676	0.0062776649221296	
0.780000434831327	0.201796856838475	0.0177210490138527	0.000481659316344808	
0.719723246498302	0.245921317911715	0.0324404446095076	0.00189343696943973	2.15540110356537e-05	
0.660974363059439	0.284425990095724	0.0502914193916703	0.00414227107977855	0.000160977682186907	4.97869120165691e-06	
0.610624150167479	0.313308791828342	0.0678539448811064	0.0077239412330448	0.000470931582263788	9.94925878022087e-06	8.29104898351739e-06	
0.561940384965492	0.337957001704705	0.0862067824100892	0.0128001853660151	0.00103275351285149	4.79965574882905e-05	3.31010741298555e-06	1.15853759454494e-05	
0.519450099496127	0.353698075971112	0.106218262046899	0.018389572412527	0.0021177758763691	0.000113101033645099	1.31131633211709e-05	
0.47549310317223	0.369548418295913	0.125507071637807	0.0258163383668822	0.00336713538628934	0.000258130708895544	9.80243198337507e-06	
0.437132287032057	0.376562525464887	0.146715233299109	0.03370328721133	0.00534395932137095	0.000513372121449176	2.93355497970958e-05	
0.403189285936319	0.380446768340766	0.164799405792217	0.0430211670162327	0.00756666023159706	0.000893274915989621	8.34377668781514e-05	
0.371210976507069	0.382655239922216	0.181864915646187	0.052282611552005	0.0105015241498923	0.00139275766016713	9.19745624638671e-05	
0.341086201286429	0.383511419772361	0.196887130118684	0.0623954406365755	0.0138256648249976	0.00211337275228182	0.000177483870331599	3.28673833947406e-06	
0.314032684054143	0.379755694948828	0.21282601518653	0.07312974579069	0.0169973588643117	0.0029366127434797	0.00031198415318587	9.90425883129746e-06	
0.288314612677219	0.374211718404353	0.227251266203108	0.0844047359628096	0.0211738214571076	0.00408750833680012	0.000487001195216493	6.93357633867549e-05	
0.265267040215618	0.366417212502289	0.239078476619651	0.0964475461726628	0.0264178392991751	0.00550756527347313	0.000742259470818481	0.000105565791405295	1.64946549070774e-05	
0.245047163614388	0.359497753488005	0.24776990987677	0.106809493155364	0.0324118473948343	0.00729131085945506	0.0010395044536115	0.000105099976352505	2.79171812186342e-05	
0.224428286734674	0.350767546023165	0.257585025288899	0.118254375406957	0.0380616009944555	0.00930986628782647	0.00140420802009958	0.000167715712002526	2.13755319218905e-05	
0.207042128340345	0.340267490931116	0.263993403250973	0.129003640720771	0.0456472648509148	0.0116825660168671	0.00205078575049541	0.000255113797212511	5.7606341306051e-05	
0.191850806876912	0.328807285623879	0.270578986921211	0.139489505326442	0.0514202747600464	0.0142571326864255	0.0030455648138382	0.000453209049678304	9.72339415673452e-05	
0.174727143146359	0.319177092368896	0.275715863471993	0.150403339297148	0.058157889105971	0.016818285812102	0.00414449438978986	0.000735738281269288	0.00011357033871942	6.58378775185046e-06	
0.161337593071764	0.304778674024397	0.279834121032899	0.161017452606009	0.0662179199450811	0.0202678618577388	0.00532357289961451	0.00104623224375561	0.000161720441463801	1.48518772772878e-05	
0.149177336932742	0.293791019639894	0.280435231278533	0.170403942838745	0.0736260742501919	0.0243422410448192	0.00657800232805805	0.00135225499665651	0.000259223485317549	2.97198900364069e-05	4.95331500606781e-06	
0.138071421608234	0.284219205152481	0.281165785173399	0.177364376436454	0.0808792792078292	0.0282127414192785	0.00813914871047531	0.00158784448046423	0.000318890722923617	3.80025213846797e-05	3.30456707692867e-06	
0.126837340601577	0.272149966920032	0.282351136020538	0.187001635024839	0.087166127432945	0.0325470585226701	0.00935478389129312	0.00215473505503154	0.000354722845966141	7.25944428953964e-05	6.5994948086724e-06	3.2997474043362e-06	
0.116081223532983	0.260088191771737	0.281733613338634	0.194647125683998	0.0966364720651821	0.03625166823661	0.0111287260033752	0.00279785343933063	0.000524597519874493	8.74329199790821e-05	1.3197421883635e-05	9.89806641272627e-06	
0.106609421696195	0.248007354419077	0.280024778329506	0.20150350422253	0.104156301175323	0.0417788336392183	0.0135753613780969	0.00353058245549291	0.000673825582966216	0.000121914653152812	1.48274578158825e-05	3.29499062575167e-06	
0.0983686425282573	0.237136420988657	0.277462890663707	0.206894045991135	0.112624440965272	0.0460406798919255	0.0157619717658561	0.00455485311507032	0.00095787338895605	0.000178362631046989	1.32120467442214e-05	4.95451752908302e-06	1.65150584302767e-06	
0.0895071583999684	0.227529800605065	0.27478939588964	0.212426218606902	0.119258383837719	0.0519918095658214	0.0176466328032156	0.00526057629317014	0.00128057833419473	0.000253482086717209	4.27956769782302e-05	4.93796272825733e-06	8.22993788042888e-06	
0.0834764612555853	0.216275159269041	0.270641938964469	0.217120009692858	0.126554009028111	0.0570994451166499	0.0206857369273314	0.00610551788839788	0.00162912048778651	0.000340559860763411	6.22176668702385e-05	1.63730702290101e-06	8.18653511450507e-06	
0.0766882157460448	0.207854533078737	0.266197397420983	0.220134399497352	0.133733553896424	0.0621470867837222	0.0236794439453959	0.0072517478970422	0.00179821095190645	0.000422145974150922	8.67199094186003e-05	6.5448988240453e-06	
0.0702763601757481	0.194431590187014	0.264093126233532	0.224728030257196	0.139617402793198	0.068281452096861	0.0266091304653532	0.00896891050220993	0.00238407867132581	0.000505267701947652	9.97454039443584e-05	4.90551166939468e-06	
0.0644150758688204	0.184705498449992	0.257916462718225	0.229530102790015	0.14615434818078	0.0738945994452602	0.0293718387991516	0.0101533692282591	0.00304454233969652	0.000662424539076521	0.000120737477565671	3.10001631587535e-05	
0.0589621485231681	0.175428733915329	0.250102137868146	0.231735297866708	0.154981549815498	0.0797263685657229	0.0330387404848362	0.0113038021434244	0.0035609346350328	0.000856323886533817	0.000254936118891747	4.90261767099513e-05	
0.054032419451671	0.165844221980343	0.244738713146587	0.234021713841313	0.160768005518758	0.0849810699427787	0.0369327287429368	0.0130305825771886	0.00414720376941612	0.00113726772648955	0.000297739619381385	5.69447359472594e-05	1.13889471894519e-05	
0.050609345733769	0.157429315084043	0.238020254765708	0.233936868052121	0.167683188868798	0.0899074832358975	0.0406360223467311	0.0150702592253241	0.0048309805479652	0.00139140023838675	0.000402176292680554	8.27056085754364e-05	
0.04678533719883	0.148647534290653	0.231679178867612	0.234232282286895	0.171924593710537	0.0974205409216073	0.0449242719451285	0.0167932438965629	0.00546516121417126	0.0016411652758532	0.000373506580021764	0.000106716165720504	6.46764640730327e-06	
0.0434955808101254	0.13971214540414	0.225284761648751	0.234281837113422	0.176604041234977	0.103616966839073	0.0494661022712919	0.0186823721446916	0.00633163518122079	0.00189301317822177	0.000505235339268769	0.000114973426564367	1.13354082528249e-05	
0.0402047426069691	0.132535846231467	0.217805120192699	0.233445632537474	0.181532477255342	0.110427550738082	0.0533144540468402	0.0209446153345377	0.00689744966879872	0.00221343358885471	0.000502905131585372	0.000135084549908045	3.4178018651433e-05	6.51009879074915e-06	
0.0372889336489792	0.124993460376421	0.211018938749886	0.231736466249003	0.184553082124593	0.116745360137071	0.0582664111853722	0.0238516420994808	0.00818433890945237	0.00250794564264881	0.000626168957714794	0.000150411342323136	6.53962357926678e-05	1.14443412637169e-05	
0.0340224694024242	0.119165619122952	0.204853600979385	0.229100272087856	0.188144321437832	0.122160554809785	0.0620632727344337	0.0268297005720737	0.00963138495672523	0.0028931899265133	0.00077622168760113	0.000244518036897608	9.84636390191709e-05	1.31284852025561e-05	3.28212130063903e-06	
0.0300675991708885	0.112038363637259	0.198633902649973	0.228059810249669	0.191683611591149	0.126362363722599	0.0678732437590982	0.029677004301467	0.0109497855831105	0.00333646793921819	0.000905917512271736	0.000290484419695828	7.22108161955732e-05	4.59523375790011e-05	3.28230982707151e-06	
0.0279382571935448	0.105919711928457	0.191470628969392	0.224013875973593	0.19515561007459	0.131561244880597	0.0724317248019838	0.0334022515481867	0.0126394027527716	0.00389932005091374	0.00112115756220776	0.000300074524002664	9.39793838909443e-05	5.11115947477066e-05	1.64876112089376e-06	
0.0258004675663074	0.0994272808737604	0.184677118019159	0.222401518433157	0.196331555435045	0.137250882060202	0.076414355013111	0.0360479073597053	0.0145858202415869	0.00499641223872997	0.00148966493285761	0.000426563321506397	9.58940800285698e-05	4.9600386221674e-05	0	4.9600386221674e-06	
0.0232673079116451	0.0930758435556202	0.177116513408125	0.220765030935469	0.198218421109181	0.142936249626014	0.0814355776907577	0.0388036411783083	0.0161495878301202	0.00579533827353137	0.00178025650901121	0.000444650882937803	0.000148767953399265	4.79363405397632e-05	6.61190903996734e-06	1.65297725999183e-06	6.61190903996734e-06	
0.0215278237279164	0.0869102759213922	0.171015020181301	0.216470919076292	0.20003639250976	0.147305300072785	0.086504995699067	0.042819096142394	0.0181747502150466	0.00641666115265004	0.0020495599814729	0.000580625951167869	0.000142261629061073	3.63925097598094e-05	6.61681995632899e-06	0	3.30840997816449e-06	
0.0198480967385671	0.0819025825541406	0.163851527559994	0.212113183991045	0.20184224513484	0.149906364405559	0.0922894275396275	0.0470396746680531	0.0201941593245653	0.00754880061993221	0.00247542376108766	0.000687157766455773	0.000263272493654139	2.98044332438648e-05	3.31160369376276e-06	1.65580184688138e-06	3.31160369376276e-06	
0.0194153820122391	0.0770560415114935	0.157811356936802	0.208232626268826	0.202104770736255	0.154380819513587	0.0958858433929807	0.0504030217925387	0.022223844225732	0.00866094578656019	0.00267575283541881	0.000847681152448239	0.000247171216662989	4.8107149551857e-05	0	4.97660167777831e-06	1.6588672259261e-06	
0.0178450911111993	0.0732611457382191	0.150434382733204	0.204671020418966	0.204027551709079	0.157282610134053	0.100529993251022	0.053434369499914	0.0243657945928778	0.00965203064829886	0.00323057683909643	0.000921367792819617	0.000276244921725092	6.28581259015179e-05	3.30832241586936e-06	0	1.65416120793468e-06	
0.016928459491964	0.0687425661550083	0.14413956246749	0.199223732643318	0.205126081324193	0.162259093725255	0.104310718983265	0.0567142322308327	0.0264885083938256	0.0106682923112093	0.00386145797786164	0.00110658684221861	0.000342909395717443	7.45455208081397e-05	1.32525370325582e-05	
0.0151741782788274	0.0648501506509476	0.140311152467353	0.195342133838864	0.203409355729612	0.165406972420051	0.109334739298659	0.0598223922015202	0.0283303114995513	0.0116752418431148	0.00446250749949177	0.00135858561651194	0.000408236797175729	0.000104125174988141	6.61112222146929e-06	3.30556111073464e-06	
0.0139172829814486	0.0603743337602776	0.135596413667727	0.191953063669793	0.201631202743462	0.16754947733752	0.113941246952857	0.0642003057472214	0.030262364169731	0.0129537660620584	0.00521257695327026	0.0017650704458125	0.000452836425236541	0.000155352642234434	2.47903152501756e-05	9.91612610007024e-06	
0.0124455981022036	0.0567104089102404	0.128578026682382	0.188162279474696	0.201707089752992	0.169565066242433	0.118201728610473	0.0681610875578783	0.0338140179350372	0.014352665010123	0.00562849608240118	0.0018160177065865	0.000662176009694257	0.00014071240206003	4.46968806543623e-05	9.93264014541385e-06	
0.0114126730836825	0.0543323107692663	0.122856204609624	0.183936118073971	0.201324107704214	0.170767649131261	0.121321533417053	0.0726394529309744	0.0364030607614279	0.0163434231088478	0.00565683101950023	0.00208748285871289	0.000688126760540138	0.00018152024858373	2.97033134046103e-05	1.98022089364069e-05	
0.0102685571968848	0.0503791822051208	0.118289364449774	0.178418240278309	0.199767417344209	0.174501232095089	0.12485998919446	0.0767605123407171	0.0394006878648517	0.0172410953127677	0.00672051866591116	0.00232088500006589	0.000787354882918023	0.000217428545073596	4.77683924782901e-05	1.97662313703269e-05	
0.0092370913872279	0.0471147683065278	0.112270370291036	0.172388906922216	0.19883638352878	0.177185405856968	0.129210530218273	0.0807050902865541	0.0425736652271128	0.0187888963768391	0.00777886343901229	0.00270719606657428	0.00085186875618923	0.00026528214651154	5.76700318503347e-05	2.47157279358577e-05	3.2954303914477e-06	
0.00907189214693199	0.0444059139696251	0.107018302158843	0.167198981123733	0.195851576651632	0.18017084654496	0.133953523668746	0.0834914329267287	0.0450047677338252	0.0209813283005421	0.00845489129896826	0.00306355768627981	0.000895806043968734	0.000313449628644677	8.08370094925745e-05	3.13449628644677e-05	1.15481442132249e-05	
0.0082767909035977	0.0414102979941089	0.101812595803814	0.163191248697233	0.192365002033387	0.180350730455199	0.138164946382794	0.089009666409269	0.0482200865712484	0.0228842484123939	0.00925479245456985	0.00349051058596123	0.00102410263418297	0.000396798609064461	9.38486336791463e-05	1.97576070903466e-05	2.30505416054044e-05	1.15252708027022e-05	
0.00774196308539854	0.0391096660178008	0.0969662364844741	0.158061103093988	0.189190212052451	0.181015488862598	0.142086825169854	0.0922865036439059	0.0522932171846898	0.0248960470737683	0.0103632058473624	0.00399850590808044	0.00137232671906958	0.000464024142419211	0.000115183297763634	8.22737841168814e-06	2.63276109174021e-05	4.93642704701289e-06	
0.0068142263757386	0.0376419698713614	0.0931315807138729	0.154646264372991	0.186831286500399	0.180455842601522	0.143575193072476	0.0965354194056462	0.0544286741074133	0.027698962475912	0.0115606084668646	0.00436817779204003	0.00160450308703119	0.00051573313511717	0.000150626820415173	2.61959687678562e-05	1.14607363359371e-05	3.27449609598203e-06	
0.00645432586522194	0.0352722389013303	0.0885742133382882	0.148203382979486	0.18572485665203	0.179796982113694	0.145512450655375	0.100764087870105	0.0584556558475214	0.0300549921602759	0.013208549699939	0.00531340967692513	0.00184502446450284	0.000616094741680276	0.000156468505823562	2.93378448419179e-05	1.79286829589498e-05	
0.00611338440621241	0.0327436202478691	0.0846297652042044	0.145147531768028	0.181247712179051	0.180056411127961	0.14703498405062	0.104687418292109	0.0621323144904042	0.0323416174240443	0.0148708361658736	0.00577838205302515	0.00224043037180359	0.000697785389321759	0.00022224546357789	4.24881033310673e-05	1.14391047429797e-05	1.63415782042567e-06	
0.00548734055174082	0.0305349748510509	0.0801612539504603	0.140392905349095	0.179278181039751	0.180971118744219	0.149702428613915	0.106610954418143	0.0657435035966756	0.0345303731979855	0.016488167411276	0.00658873052549701	0.00231553352049337	0.000825225425440474	0.000261457560535596	7.84372681606787e-05	2.94139755602545e-05	
0.00518328786302643	0.028322440087146	0.0771932062781736	0.134302603256852	0.175297846866474	0.182290133270525	0.153593135619279	0.10995963283545	0.0677164092196772	0.0369879683605174	0.0175600437038346	0.00755984742912847	0.0026889634732772	0.000839074368486133	0.000309132662073839	0.00017501161292011	1.96274706078628e-05	1.63562255065523e-06	
0.00464720234488857	0.0265371956311713	0.0730812687288149	0.130992811410044	0.171366814586779	0.181514352617531	0.15602187689335	0.114467241972195	0.0707576675563707	0.0386120617661989	0.0187541960732941	0.00858209566228365	0.00311942229281632	0.00102998247883542	0.000316035959324698	0.000149011773567604	4.58497764823396e-05	4.91247605167925e-06	
0.00414635742091661	0.0246655108116065	0.0687330301939874	0.126870358860283	0.171191403055383	0.180059864568681	0.157067617521018	0.116001504792437	0.0746049919853446	0.0412394909876018	0.020321240472374	0.00942458045732605	0.00385848408518434	0.00121528345709706	0.00043671693545749	0.000139029736007066	1.63564395302431e-05	8.17821976512153e-06	
0.00391130445606989	0.0225309481146137	0.0643104933681442	0.121604224470877	0.167553862331255	0.180591543851488	0.158949975267715	0.119417628386767	0.07844884347903	0.044192171494649	0.0221329384903151	0.010050152488461	0.0042323327950103	0.00137911153769299	0.000502835204360744	0.000137583573831604	4.91369906541444e-05	4.91369906541444e-06	
0.00381613638339866	0.0210379694085645	0.0607169283219336	0.115665354698885	0.163990503956411	0.179594662659122	0.161979075234981	0.122816918970267	0.0812709079484247	0.0468436483313837	0.0240485499173936	0.0110136386679945	0.00467255220116912	0.00179158251533591	0.000549615515235834	0.000136173396312162	4.10160832265548e-05	1.14845033034353e-05	3.28128665812438e-06	
0.00333522915933815	0.0198009711450899	0.0579300867586964	0.112263583374154	0.158841727020781	0.179832794721494	0.163710602708292	0.12486808667322	0.0847253408377359	0.0490471008656144	0.0257054280895663	0.0119420600505627	0.00513516801073059	0.0019626730489156	0.000696962623735522	0.000157802858204269	2.95880359133005e-05	3.28755954592228e-06	1.1506458410728e-05	
0.00302010116271431	0.0190550482822046	0.0550335019378572	0.10765289364777	0.155626354857781	0.177271234316495	0.164980621428102	0.12958845168495	0.087525454903764	0.0515272942258425	0.0270955133679301	0.0130000656900742	0.00559843657623333	0.00208894436050713	0.000686461275701242	0.000192143467122118	4.43408001051041e-05	1.6422518557446e-06	1.14957629902122e-05	
0.00292276531258852	0.0169618632342322	0.0531009966875326	0.103338174589789	0.151179831118199	0.175097384575331	0.16621610779355	0.131796248053537	0.0912983463861685	0.0553524265501709	0.0289050846292018	0.014163540590415	0.00620575940319916	0.00228909014397689	0.000843262821279041	0.000230873898641446	9.16945980419928e-05	4.91221060939247e-06	1.63740353646416e-06	
0.00258008430790428	0.0166368691259206	0.049782669312907	0.0999360309675726	0.147248511489822	0.172601571341873	0.16649498909246	0.134863122672921	0.0944871815900405	0.0582921908573491	0.0311069923073138	0.0149162661767842	0.00697918546098709	0.0026801384355471	0.00102186428723736	0.000231272655698985	0.000118096675250545	1.96827792084242e-05	0	3.28046320140404e-06	
0.002291147106479	0.0160792374271242	0.0481833181414347	0.095371058691277	0.144078538544841	0.169897623635408	0.167074073280445	0.137198503996321	0.0973012265054402	0.0605571608236921	0.0338051338178258	0.0161600044833958	0.00744045902060879	0.00294387678573489	0.00113073878780187	0.000354386063232364	8.90085926258029e-05	2.14279945210266e-05	1.31864581667856e-05	4.94492181254461e-06	1.6483072708482e-06	0	3.2966145416964e-06	
0.00202764248265139	0.01412925850218	0.0454893602302058	0.0913032091436628	0.140355356286927	0.168131258143101	0.168856004440718	0.139592725523753	0.100293357535467	0.0634581269590798	0.035744816828609	0.0173099064583131	0.00800021083528658	0.00332395006498009	0.00137042936276682	0.000426612025188228	0.000136713506141401	2.3060109469634e-05	8.23575338201213e-06	1.1530054734817e-05	3.29430135280485e-06	1.64715067640243e-06	3.29430135280485e-06	
0.00194068143145454	0.0127092374457533	0.041997533339489	0.0881221062906438	0.135471765311103	0.167742807771959	0.166718879845933	0.143371344527839	0.10438788566303	0.0666855733336851	0.0372340425531915	0.0193639445463059	0.00861187690440701	0.00361095355555262	0.00135369537402224	0.000395720937594808	0.000176425584677685	5.77093033992429e-05	1.64883723997837e-05	1.31906979198269e-05	8.24418619989184e-06	4.9465117199351e-06	3.29767447995673e-06	1.64883723997837e-06	
0.00188191827238915	0.0117591078752435	0.0386476532001666	0.0845447256070956	0.132835769289662	0.164232356810387	0.166721823501422	0.144761170905511	0.106786925031159	0.0701973626800624	0.0403599847865924	0.0207949499389982	0.00980474480496708	0.00425283893051721	0.00155591668189654	0.000541689511475091	0.000169586685963326	8.72630520005466e-05	2.30506175095784e-05	2.14041448303228e-05	4.93941803776679e-06	8.23236339627798e-06	3.29294535851119e-06	3.29294535851119e-06	
0.00176371472775628	0.0109563599553083	0.036204551532463	0.0804778928613031	0.128450933456274	0.162514417342484	0.167188671537254	0.145157823756499	0.110761284903094	0.0728537232428069	0.0431511265625282	0.022501718596444	0.0106118203340722	0.00466441020559171	0.00177191805207142	0.000588998685827445	0.000206723772741666	8.20332431514547e-05	3.28132972605819e-05	1.64066486302909e-05	1.64066486302909e-05	2.13286432193782e-05	3.28132972605819e-06	1.64066486302909e-06	
0.0017971131410619	0.0102874889115168	0.0344763694379266	0.0759198317010102	0.124759988653264	0.160261171698092	0.166031282230388	0.146633610278962	0.1131558192196	0.0761871030896901	0.0458263850970785	0.0243430124928878	0.011900955454222	0.00527983970275486	0.00212505349527028	0.000628005778309041	0.000247594967427324	6.23086672995915e-05	4.09925442760471e-05	9.8382106262513e-06	9.8382106262513e-06	1.63970177104188e-05	
0.00150807510148294	0.00972692012623147	0.0328096687655962	0.0733009924054126	0.120604938535262	0.155990491570057	0.166359739980254	0.148280909379143	0.114791128312878	0.0798326989451688	0.0481401228473378	0.0261103983256752	0.0129862022627698	0.00599944473923279	0.00236396521899123	0.000798392700785086	0.000249703066912208	9.69242167619755e-05	2.46417500242311e-05	8.21391667474368e-06	1.31422666795899e-05	3.28556666989747e-06	
0.00128502517331365	0.00888644331391518	0.0309559269314917	0.0705841263146796	0.116851622426655	0.150824063579092	0.165890160002109	0.150763107256768	0.117721485620898	0.0824047104409943	0.0504125260299971	0.0282919708991222	0.0142670743601234	0.00669201571025648	0.00267548830956586	0.000972006220839813	0.000314666420644753	0.000138387326356855	5.93088541529378e-05	8.23734085457469e-06	1.64746817091494e-06	
0.00123737023306835	0.00841874326797904	0.0296225442578752	0.0666643538251095	0.112957529620892	0.14933026716624	0.163189144182543	0.152194886637723	0.121756239716115	0.0849903191060537	0.0526733144341138	0.0304006502388835	0.0147311486892796	0.00708720734294154	0.00302321432111492	0.00116798498635423	0.000368402619458266	0.00012720628564254	5.28649498774194e-05	4.95608905100807e-06	1.65202968366936e-06	
0.00116338722756384	0.00782100716567097	0.0283482549191587	0.0645522696807718	0.109692687043871	0.146454399523392	0.162174193655154	0.151973455574495	0.12401906432555	0.0877637479934466	0.0557912853525742	0.0316265907624075	0.0160441524484088	0.00744369238916378	0.00316580336604498	0.00129246859847419	0.000436890793850431	0.000191967166994886	3.30977874129114e-05	8.27444685322786e-06	3.30977874129114e-06	
0.00108117415844748	0.00751523660825898	0.0264895947335394	0.0612063784308239	0.106466679801912	0.143173618688253	0.161917834075364	0.153857871130001	0.125523823084807	0.0902523788315041	0.058462878307474	0.0329998195283564	0.0171100363757983	0.00828017146461845	0.00349518935449101	0.00132456252183459	0.000526513602429248	0.000228487035016466	6.29167197871428e-05	2.31798441321052e-05	1.65570315229323e-06	
0.000939947780678851	0.00714824485059472	0.0249774130714078	0.0591868705706826	0.102716233577852	0.14140329064611	0.159789464959178	0.154270794479672	0.128083219362593	0.0930515147747524	0.0603506154419993	0.0343470512661113	0.0184276182187409	0.00866177628579717	0.00416594139831738	0.00153674002237971	0.00055369057980024	0.00024037465290729	9.78076173898628e-05	3.8128393219777e-05	1.32620498155746e-05	
0.000770837477620847	0.00642696107685167	0.0235942576752205	0.056534712552218	0.0983141038392679	0.139616073204695	0.158979842185531	0.154679729460911	0.129014985743651	0.0963696041376566	0.0623300842119223	0.0361879185730389	0.019822956037398	0.00975731052317486	0.00451561567535309	0.00199423115178039	0.000651481997215039	0.000283469265963795	8.6201180293084e-05	4.80737351634507e-05	2.1550295073271e-05	
0.000689981174792467	0.00595440484977153	0.0218604612590498	0.0534287586143984	0.0954280454127033	0.134919516018012	0.158193111798512	0.156002089846828	0.131983778807958	0.0989625403249214	0.0654586467412488	0.0378892547042286	0.0207027524609605	0.0102419080633257	0.00486304039541229	0.00213628786810744	0.000869110902863588	0.000285280678039193	8.95648640355606e-05	2.98549546785202e-05	1.16102601527579e-05	
0.00075066328008229	0.00541110049567079	0.0206840190278994	0.0512864471156887	0.0910066877274044	0.131802157782431	0.155084370558021	0.155240828093116	0.135106074879911	0.101947064090998	0.0690194107210029	0.0406806235664994	0.0220971301693403	0.0111617471313344	0.00499166114626782	0.0021754255145622	0.000980356257136294	0.000384486070286051	0.000124833139703263	5.99199070575664e-05	4.99332558813053e-06	
0.000748048296809499	0.00506396900703701	0.0191028440896654	0.0487386098350779	0.0885759469839596	0.127951401962999	0.154307134908084	0.155230899247768	0.136482834216097	0.105054764833363	0.0717222682430906	0.0424479755001632	0.0232363548125277	0.0118800779844533	0.00540201320380551	0.00246504505861385	0.00100911213193765	0.000368166946975592	0.000148940264912853	5.68985281689552e-05	6.69394449046531e-06	
0.0006474163725898	0.0047298294577804	0.0178844579816711	0.0459363720530814	0.0856199766527567	0.125345512364646	0.151309257047781	0.15534638453178	0.138273712882579	0.10707864263958	0.0740604076375005	0.0457669703597354	0.0251486038616877	0.0127218994458384	0.0057932024635367	0.00259301997933635	0.00111536758490212	0.000446147033960846	0.000117407114200223	5.36718236343875e-05	1.17407114200223e-05	
0.000661230257493803	0.0044490391183149	0.0169637447785466	0.044042298597487	0.083571784600048	0.12260954353295	0.148880859397945	0.154932626678459	0.138599903668485	0.108916706804798	0.0765029981925254	0.0476891345100099	0.0270164585917138	0.0139210786444444	0.00655859859463397	0.00282952846227044	0.00124861754206952	0.000414527597972003	0.000120833955684147	6.04169778420734e-05	5.03474815350611e-06	5.03474815350611e-06	
0.000583464710415932	0.00410765843407434	0.0163771355393538	0.0424641938239675	0.080213859042282	0.121240288823391	0.147330690745313	0.15428211271067	0.13908360932273	0.110338359377482	0.0789817286939251	0.0496463267636433	0.0280698352088352	0.0150329933411463	0.00706009017789822	0.00316642453159821	0.00131404946242671	0.000513248326927482	0.000120370943123058	5.18263782890942e-05	6.68727461794764e-06	1.33745492358953e-05	1.67181865448691e-06	
0.000498554359099201	0.004015113366926	0.0159704135500072	0.040362894216436	0.077869522154822	0.117223635811877	0.146299859604425	0.153661456579083	0.139945375783264	0.112456522391594	0.0810325911153945	0.0519546999169632	0.0299532792871506	0.0157319745086989	0.00742495839822321	0.00336315766656551	0.0014423060890328	0.000550243941480723	0.000145064311844918	4.66873647316977e-05	2.16762764825739e-05	1.50066529494743e-05	8.33702941637459e-06	6.66962353309967e-06	
0.000431274207138171	0.00361837394637546	0.0147615669740536	0.0383967256463285	0.0739243954667919	0.113709857363133	0.144466868483014	0.153123990501977	0.141462935395457	0.115038648163505	0.0838869961668215	0.0542423061680537	0.0313897686438674	0.0169928698217955	0.00850892354623959	0.00369497090980541	0.00150529684653632	0.000581137831240238	0.000163184835133362	3.4968178957149e-05	2.66424220625897e-05	2.49772706836779e-05	9.99090827347114e-06	3.33030275782371e-06	
0.00036557023166566	0.00322561969116759	0.0133573738493222	0.0371905679571902	0.0708743083527008	0.109990323140926	0.1403260357134	0.152399778342031	0.143103376975692	0.117582935644752	0.0868948861521665	0.0569462479426336	0.0338838942327574	0.0181445243038038	0.00887458956057135	0.00411390572919682	0.00166408892785364	0.000734448791219698	0.000220003804577072	3.63916067721472e-05	1.98499673302621e-05	3.14291149395817e-05	1.15791476093196e-05	8.27081972094254e-06	
0.000358891453444535	0.00298307942037384	0.0123060257545775	0.0345276626288634	0.0689450237559801	0.106822888714016	0.137679322254892	0.150749227066342	0.143790354709874	0.120371864227083	0.0894182995130271	0.0596220774217765	0.0360356652497588	0.0191891687217867	0.00963244905552281	0.00442029152522283	0.00196073266537817	0.000772110512227004	0.000273284317760517	7.07905160463991e-05	1.15240374959254e-05	2.46943660626974e-05	1.97554928501579e-05	6.58516428338596e-06	8.23145535423245e-06	
0.000338634794643354	0.00297082505832044	0.0119340136566341	0.0320623349768845	0.0670267865030314	0.10326070952987	0.135203622574344	0.149679851066127	0.144827721593121	0.121407935505613	0.0923295129221074	0.0611767477318012	0.0382101106206996	0.020727066899185	0.010497678633944	0.0048832118937701	0.00215450253403525	0.000919385287872294	0.000265018534938277	5.56211739993914e-05	3.9262005176041e-05	8.17958441167521e-06	1.63591688233504e-06	1.63591688233504e-05	1.63591688233504e-06	1.63591688233504e-06	
0.000300781377709484	0.00275770752280381	0.0112645895315003	0.0307516265079936	0.0629041749762971	0.101121391440808	0.132984601301206	0.148067806584497	0.145419622715533	0.124158956419394	0.0929872167914473	0.0640075849216988	0.0403079739758721	0.0226387027168405	0.011173047373067	0.00540752607316834	0.00233432504004969	0.000892536044724883	0.000387419491941021	0.000102984928237487	1.79814954065453e-05	0	4.90404420178507e-06	3.26936280119005e-06	3.26936280119005e-06	
0.00025504740448393	0.00272050564782858	0.010504356242367	0.0289887533904138	0.0600832827870796	0.0983158696707763	0.130136303218666	0.147476256885054	0.144353561099385	0.127476289583439	0.0948710947909838	0.0666883565955095	0.0417427585338698	0.0238305831266523	0.0122602595270833	0.00592331247721331	0.0026698231507837	0.00106596735720206	0.000431618684511265	0.000143872894837088	4.74126585258587e-05	9.80951555707421e-06	1.63491925951237e-06	0	3.26983851902474e-06	
0.000269775350707956	0.00239037310748504	0.0101500931951212	0.0270740001962003	0.057704130015369	0.0946780680814885	0.127374840587293	0.146044929858409	0.145014878519342	0.128048461463	0.0990598737778359	0.0687060593178771	0.0443101926032504	0.0253000228900298	0.0130080769105	0.0060936529217488	0.00294300382590497	0.00107092639220431	0.00049704064615284	0.000197835257185834	4.57800595140774e-05	1.47150191295249e-05	1.63500212550276e-06	0	0	1.63500212550276e-06	
0.000162177304023471	0.0022704822563286	0.00927686942105979	0.0263153152710409	0.0549093035713408	0.0918955578162089	0.125235279952428	0.144634306560973	0.145363285351785	0.128906384379868	0.10246820751487	0.071041849935211	0.0448543107218856	0.0271769845833272	0.0133624269587824	0.00653951310769392	0.00327139470843306	0.00145959573621124	0.000519295003792328	0.000255552115430925	5.07827921689658e-05	1.96578550331481e-05	1.14670821026697e-05	
