# <P(N_2)> as a function of N_tot.
# number_of_species: 2
# species_total_upper_bound: 100
# species_total_lower_bound: 0
# volume: 512
# Bin widths for each species index 
1	1	1	1	1	1	1	1	1	1	1	1	1	1	1	1	1	1	1	1	1	1	1	1	1	1	1	1	1	1	1	1	1	1	1	1	1	1	1	1	1	1	1	1	1	1	1	1	1	1	1	1	1	1	1	1	1	1	1	1	1	1	1	1	1	1	1	1	1	1	1	1	1	1	1	1	1	1	1	1	1	1	1	1	1	1	1	1	1	1	1	1	1	1	1	1	1	1	1	1	1	
# Bin lower bound for each species index 
0	0	0	0	0	0	0	0	0	0	0	0	0	0	0	0	0	0	0	0	0	0	0	0	0	0	0	0	0	0	0	0	0	0	0	0	0	0	0	0	0	0	0	0	0	0	0	0	0	0	0	0	0	0	0	0	0	0	0	0	0	0	0	0	0	0	0	0	0	0	0	0	0	0	0	0	0	0	0	0	0	0	0	0	0	0	0	0	0	0	0	0	0	0	0	0	0	0	0	0	0	
# Bin upper bound for each species index 
0	1	2	3	4	5	6	7	6	6	6	6	6	7	7	7	8	8	8	8	8	9	9	10	10	11	11	11	12	12	12	11	11	11	11	12	11	12	12	12	12	12	13	13	13	14	14	15	13	14	14	15	15	15	15	15	16	16	17	17	17	16	17	16	16	16	17	17	18	18	18	18	19	22	22	23	23	23	21	21	20	20	20	20	20	20	20	19	20	20	21	22	23	23	23	24	25	24	24	25	22	
# Normalized histogram for each species index 
1	
0.919970951685958	0.0800290483140425	
0.846708323558892	0.147118968577244	0.00617270786386395	
0.779255730136201	0.202278978762657	0.0178661854802473	0.000599105620894522	
0.718127466502824	0.247271782026136	0.0325613819505163	0.00200864900630952	3.07205142141456e-05	
0.661122062347289	0.284410816935988	0.0500784947886543	0.00420684852276349	0.000174695168734286	7.0822365703089e-06	
0.610698596770048	0.313445399947653	0.0676078124373663	0.00780253387818238	0.000419719259690681	1.41478402142926e-05	1.17898668452439e-05	
0.561778632557197	0.337985910281158	0.0861928768905513	0.0129843193543901	0.000989909988898867	4.7138570899946e-05	4.7138570899946e-06	1.64984998149811e-05	
0.518420281188072	0.354892649007399	0.106253444495257	0.018311229933983	0.0020192070918493	8.44267773595525e-05	1.87615060799006e-05	
0.475303215912173	0.369474550436238	0.126378147881463	0.0253911181349767	0.00318879340172251	0.000252485108054275	1.16891253728831e-05	
0.436128857632197	0.376992108566709	0.147783538591489	0.0336050923311695	0.00497472967990928	0.000485339480966759	3.03337175604224e-05	
0.402084018608148	0.381225036417462	0.165457450307786	0.0427705464968751	0.007480851463747	0.000881067619002866	0.000101029086978995	
0.370435919852727	0.383680074299943	0.1827503773044	0.0513986916955124	0.0103489206843366	0.0012793995351515	0.000106616627929292	
0.341204547777574	0.383340187169144	0.197766045701219	0.0619507522183846	0.0135658407992603	0.0019967244211282	0.000171147807525274	4.75410576459094e-06	
0.315672329714523	0.378578012981865	0.212827591477248	0.0730408990824812	0.0167001800648616	0.00286575376488401	0.000300904145312821	1.432876882442e-05	
0.288133287185669	0.373583644631157	0.227476160355178	0.0849896764491759	0.0212629342753822	0.00404587714377782	0.000441585410972801	6.68345486877752e-05	
0.264329681196391	0.366281388910784	0.239423970343406	0.0969810752903915	0.0266923677742506	0.00539579944537201	0.000776288100817133	0.000117040359815506	2.38857877174502e-06	
0.244547600277235	0.359190303457573	0.248201190393964	0.106961589668962	0.0326298465444516	0.00726192716160825	0.00107892850252822	0.0001095600686894	1.90539249894608e-05	
0.223487576844569	0.350825219137139	0.258054172280199	0.118416613024033	0.0381991390058125	0.00936133758007509	0.00147168267171426	0.000177080516596512	7.17893986202078e-06	
0.206214709619158	0.340334368477809	0.264019482812038	0.129397862943029	0.0460483179502698	0.0115979412393393	0.00205828031520269	0.000276198642063372	5.28380010903842e-05	
0.191145701357466	0.329322473604827	0.269907692307692	0.139282051282051	0.0521266968325792	0.0145182503770739	0.00315656108597285	0.000480241327300151	6.03318250377074e-05	
0.17468379523082	0.318537625466571	0.275876573771443	0.150412419981821	0.0583866787862378	0.0169923801419537	0.00418221904190922	0.000800181793567602	0.000123290850368422	4.83493530856557e-06	
0.161333740760142	0.304284771937994	0.279953145917001	0.162039462196613	0.0656199677938808	0.0202743340511806	0.00521409308732515	0.00108162117067303	0.000177036649011505	2.18264361795006e-05	
0.149427604194493	0.293680089757102	0.280590512363458	0.170761915401017	0.0732579205299943	0.0240493664061703	0.00653750321775326	0.00139881198121318	0.000245277795316894	4.37128744129118e-05	7.28547906881864e-06	
0.138629181332148	0.283899426983514	0.280894673302873	0.178004328594227	0.0807834221156672	0.0277350667142763	0.00809607438769338	0.00158617959050818	0.000315778478967939	5.10103696794363e-05	4.8581304456606e-06	
0.125944120653654	0.271964885252097	0.282567620597939	0.187583874734144	0.0878522738834062	0.0324089550358754	0.00917111172477944	0.00209535436923778	0.000343977249054063	5.32922498534463e-05	9.68949997335388e-06	4.84474998667694e-06	
0.115093276044351	0.259772150490029	0.280824883934166	0.196086543137298	0.0969630548962968	0.0368265580885608	0.0110489351458716	0.00280638597968273	0.000500794739477867	5.80631582003324e-05	4.83859651669437e-06	1.45157895500831e-05	
0.10628476258553	0.247633556920989	0.279804667663064	0.201645258569857	0.10494660611268	0.0416152222519056	0.0136824092592726	0.00356199924427854	0.000673891748917561	0.000137185106029646	9.62702498453659e-06	4.8135124922683e-06	
0.097817638409949	0.237391080448264	0.278155448444144	0.205985191031839	0.112475003549436	0.0463399902300275	0.0159255364460883	0.00469488087130829	0.000989029235319173	0.000197324567630589	1.92511773298136e-05	7.21919149868009e-06	2.4063971662267e-06	
0.0895468439937859	0.227935244961808	0.274363927527594	0.211595680763311	0.11950670123205	0.0519605801430969	0.0180055965281418	0.00541699879595652	0.00134287950708423	0.000275278330329209	3.11184199502584e-05	7.18117383467502e-06	1.19686230577917e-05	
0.0835641845418236	0.216150255675619	0.271137116130807	0.216043526521009	0.127249613403284	0.0566826681339949	0.0211205138178679	0.00599817848909465	0.00160093731915338	0.000386596715588149	5.45504568007817e-05	0	1.18587949566917e-05	
0.0765851338915005	0.207382189910881	0.265802840359315	0.220195271745688	0.134362291308349	0.0624945291263399	0.0236270768619305	0.00729844118544665	0.00174594800481673	0.000421109410375852	8.04366289481964e-05	4.73156640871744e-06	
0.0696807315140116	0.194170599855684	0.263924672037096	0.224912168636218	0.139697410601275	0.0689520564959722	0.0264452251676781	0.00922199746856406	0.00241551036824113	0.000496823875935981	8.04381513420159e-05	2.36582798064753e-06	
0.0638645733659378	0.184779860840392	0.258371430934071	0.229570826097742	0.146212094363918	0.0736270097222714	0.0294314302252779	0.0100577665946061	0.0032604458305277	0.000675715585167334	0.000115769453402795	3.30769866865129e-05	
0.0589842030268459	0.175650790795435	0.250190538858092	0.231328375378119	0.154717552770979	0.0791055798298642	0.0338496423550129	0.0115033397556369	0.00345100192669106	0.000927841395927912	0.000243795060664732	4.73388467310159e-05	
0.0534340526560242	0.166469801885658	0.244583860860217	0.233906009444794	0.160983522299946	0.084609417916817	0.0372510603585061	0.0132477030477497	0.00413533923220378	0.00107980921798708	0.000238123866848678	4.47955789121276e-05	1.6503634336047e-05	
0.0503877063218715	0.158310277981669	0.239001656221181	0.233945946963281	0.167205409067811	0.0891889221387838	0.0402598196977396	0.0150471458415674	0.00483927126268044	0.00138567368678599	0.00037406131782508	5.41094988048859e-05	
0.0470724656770621	0.148986364908633	0.232184648820542	0.233657059929014	0.171622921630566	0.0972496959917959	0.0450026225852811	0.0165399279788688	0.0055674074980066	0.00169115588976204	0.000333997407991946	8.93795880541828e-05	2.3520944224785e-06	
0.0443702301297052	0.139947553475464	0.224821552464163	0.233706887428121	0.175914580369007	0.104168675548866	0.0499817730688272	0.0184668211056104	0.00605839673561542	0.00198732346335211	0.000493891038229518	7.99633109514458e-05	2.35186208680723e-06	
0.0410485649650274	0.133025876441057	0.217021588102221	0.232330674374342	0.181184677217492	0.111170933752722	0.0534719959194661	0.0210520598667215	0.0067583842219357	0.00222681911994597	0.000552572294875246	0.000153492304132013	2.36142006356943e-06	
0.0377754484485719	0.124906326184084	0.211804797996566	0.230907141976304	0.18459433308986	0.116167389180319	0.0584050313510847	0.0237907777535359	0.00829309706978818	0.00244500516984604	0.000709075214145458	0.000168375719746915	3.3200846147279e-05	
0.0342711496075723	0.119069300762981	0.204635426201951	0.229422212289015	0.188175098136652	0.121725112759072	0.0617922094596362	0.0269860932458683	0.00976730141445171	0.00294112751939551	0.000853568940552133	0.000280560264582595	8.08393982695613e-05	
0.0301225161468291	0.112718659932083	0.198422889973271	0.227579925615197	0.191921353765374	0.125526733822256	0.0677215611296598	0.0298609327588011	0.0113313167632147	0.00339820601356429	0.000958346412502735	0.00033292431203569	7.13409240076477e-05	3.3292431203569e-05	
0.02795131062021	0.106786505704519	0.19124869701285	0.223815623442081	0.195210732081989	0.13069229466473	0.0723614062958431	0.0333707830326623	0.0129762015509423	0.00397157639380863	0.00113064697337255	0.000331561032275916	0.000100183909033011	5.24772856839579e-05	
0.0256230088453275	0.10024545126466	0.184595124912467	0.222684285622101	0.196353841778339	0.136279226505869	0.0761783214192676	0.0360027054608724	0.0148919847136681	0.00503330441453779	0.00157499886475803	0.000389567245759572	8.84293748043201e-05	5.97495775704866e-05	
0.0233660021567149	0.0925073242420483	0.177177470917749	0.221547586101595	0.197957323764899	0.142734447317944	0.0811296987279199	0.0388948267470822	0.0163352069396597	0.00586177938524082	0.00186088234452089	0.00042466289400605	0.000143144795732376	5.72579182929506e-05	2.38574659553961e-06	
0.0215963874093395	0.0867241108001011	0.170570451716887	0.217458788523253	0.200106336815904	0.147147741415567	0.0864785347454354	0.0426038691341894	0.0180653375359423	0.00633014004987817	0.0021195836174545	0.000605595319272713	0.000147822479507513	3.81477366471001e-05	7.15270062133126e-06	
0.0202548762400398	0.0823288822441298	0.164024502020012	0.212433370551391	0.201417936564242	0.149211873909348	0.0929348382442917	0.0466590643427997	0.0198930119724697	0.00741345611324447	0.0024044928305642	0.00072134784916926	0.000269017514706688	3.09489176211233e-05	0	2.38068597085564e-06	
0.0195989723099928	0.0778887113634037	0.158522850387289	0.209304928197423	0.201135316486138	0.153005802781621	0.0961899750220849	0.0501058406413776	0.0222801098171064	0.00813389495941386	0.0026692319231566	0.000850058694528908	0.00026668508063652	4.762233582795e-05	
0.0181564577116316	0.0737502312849003	0.150902129718805	0.205241034448403	0.203616109764255	0.156353336907377	0.100465416383985	0.0533212511682853	0.0242030752589205	0.00939846948699823	0.00324036075700141	0.000982071268959431	0.000291774797299541	7.35367375307787e-05	4.74430564714701e-06	
0.0171605011578885	0.0690149041030818	0.144713496823229	0.199636601151951	0.204543673178552	0.161242206519803	0.103913069295172	0.0568683569859272	0.0265019891930408	0.0107855828038715	0.00400213764028264	0.00115195059675791	0.000370524315658215	7.60049878273262e-05	1.90012469568315e-05	
0.0152142369409355	0.0644536436402261	0.141077254277152	0.19556115094268	0.202531675581351	0.165545218314935	0.109465687948105	0.0592067827472402	0.0284890558021319	0.0117953605705398	0.00458300140358863	0.00147471643716096	0.000459959789082356	0.000128030044383749	9.48370699138879e-06	4.7418534956944e-06	
0.0137267902933341	0.0603089953729119	0.135929921123239	0.19252441282086	0.200419218457019	0.167851362816464	0.114315454759342	0.0640187460044726	0.0300677546383766	0.0130090806900469	0.00534242115294582	0.0017752618332965	0.000465798285577126	0.000194874792945532	3.56478279778413e-05	1.42591311911365e-05	
0.0124813804115972	0.0562341361106808	0.128810610484169	0.188638774026717	0.201258386262617	0.169760596780152	0.118133393710452	0.0682936711274235	0.0334306517153854	0.0143522766543132	0.005803353313393	0.00192094569634281	0.000645876282517249	0.000157298282827079	6.43492975201687e-05	1.42998438933708e-05	
0.0111243373986348	0.0539585011369063	0.122987842111391	0.184670653560762	0.200789300487789	0.171265375559246	0.120531079003704	0.0731706737565904	0.0361980521717643	0.0164845478154054	0.00567621572946144	0.00221916512821975	0.000674778261685663	0.000178198484600087	4.27676363040209e-05	2.85117575360139e-05	
0.00997658580648229	0.0501848176188835	0.118081224669289	0.178851159418567	0.200546727361327	0.17431332231955	0.124278260456161	0.0768437191723023	0.0394451905820269	0.0171458454663228	0.00676753390303909	0.00241748576726054	0.000827222268443134	0.0002377075484032	5.46727361327359e-05	2.85249058083839e-05	
0.00899766445625548	0.046494664838781	0.112393587827612	0.172863500179383	0.199664042842853	0.177156814061732	0.128210184681399	0.0810074913218988	0.0427026731640559	0.0185631772898664	0.0078785992439776	0.00284399375604378	0.000869592075782811	0.000247097201861782	7.12780389985911e-05	3.08871502327228e-05	4.75186926657274e-06	
0.00904536929322666	0.043902091593267	0.107281403575414	0.166691199164312	0.196785451437525	0.180373210512571	0.134023408750979	0.0833432254694808	0.0446808005507941	0.0207070107547304	0.0085396832933691	0.00326440492865791	0.000925903943401154	0.000280145295695734	0.000109209183067828	3.08634647800385e-05	1.6618788727713e-05	
0.0080232731824939	0.0407091018154315	0.101734819440789	0.162762908009759	0.19324613002729	0.180625597181422	0.13861958921031	0.0890123360196124	0.0481396390949634	0.0227586877301297	0.0090688593153189	0.00361805995168017	0.00108115028700272	0.000400689470402325	0.000120918124204252	2.8451323342177e-05	3.31932105658731e-05	1.65966052829366e-05	
0.00772718761184867	0.0387283798742317	0.0964594784859453	0.157388115775077	0.190098296463271	0.180804338602517	0.142528686591433	0.0928068416424303	0.0524311012190468	0.0248834403525115	0.00995527238336332	0.00400581198282953	0.00150277206929818	0.000474060589683968	0.00015169938869887	9.48121179367935e-06	3.79248471747174e-05	7.11090884525951e-06	
0.00672486854972434	0.0378831899545062	0.0926954747091087	0.154008229519504	0.185868091478999	0.181505312339083	0.144052022657162	0.0969944774349599	0.0545217477571961	0.0280143804003269	0.0111348894778365	0.00423995049060597	0.0016156691563089	0.000557453100714768	0.000146449543408117	1.65346258686584e-05	1.65346258686584e-05	4.72417881961668e-06	
0.00652886899646598	0.0351824339755468	0.088545872780055	0.147889595483238	0.18539821862882	0.179335529243353	0.146243840189862	0.100586491621716	0.0588822519771431	0.03025458586534	0.0132343211789164	0.00530926779193321	0.00180821182448102	0.000602737274827007	0.000162456531105717	1.1772212398965e-05	2.354442479793e-05	
0.00614764757900909	0.0326156348864813	0.0846247334048983	0.14554555643304	0.18164879908069	0.179289048202286	0.146507899727139	0.105129502560732	0.0621172498262107	0.0323910093018637	0.0151539512822574	0.00582607832103016	0.00205236849945381	0.000706979471586046	0.000198616306398755	4.01961572473672e-05	2.36447983808042e-06	2.36447983808042e-06	
0.00548756247160382	0.0304075798879297	0.0796938891412994	0.141481618203847	0.179532504164774	0.181056432682114	0.148840962441315	0.106284548689989	0.0659714334393458	0.0344540360442223	0.0166874905346055	0.0066589050431622	0.00231192261093442	0.000778528699076177	0.00024373390882932	9.22875965470241e-05	1.65644404058761e-05	
0.00523363069512562	0.0286452474607418	0.0772540726408995	0.13471744314643	0.176217055952485	0.181803542291762	0.153146454037592	0.109839936154442	0.067606194155858	0.0364483303297187	0.0174817474169309	0.00750232671590858	0.00275890486869744	0.000871482396292411	0.00027944272489811	0.00017761190141829	1.65771107990404e-05	
0.00476951671104343	0.0266993620150676	0.0729166174029426	0.131427733663755	0.172430916494441	0.181071379589211	0.155339163005387	0.113936352844921	0.0712306157098469	0.0382388967448108	0.0188321423335398	0.00851040686318557	0.00301257525526491	0.00108774302780366	0.000328687567097192	0.00013005623158522	3.78345400975185e-05	
0.00419115054300367	0.0249268146072601	0.0683931398604212	0.126307220091017	0.172407509519426	0.180808742962488	0.156310272933592	0.115395082793564	0.0746976147596656	0.0412299405760643	0.0202765544056778	0.00954427450024494	0.00368470999178809	0.00126610137803894	0.000433077667628273	0.00010886105306503	1.18327231592424e-05	7.09963389554545e-06	
0.00396440570665769	0.022861722382532	0.06433623471558	0.121495282783999	0.168174263135058	0.181053839569606	0.158305927877217	0.118728260379891	0.0784938103581954	0.0444407034449073	0.0222239083065206	0.00981142991276885	0.00417542969463169	0.00133253349709427	0.000457613816617783	0.000113810690143283	2.37105604465173e-05	7.11316813395518e-06	
0.00383221767945575	0.0213773678478123	0.0603710725701011	0.115566871605284	0.164529088074566	0.180275587468292	0.161657890927729	0.122303506894432	0.0813592864244579	0.0467269538971162	0.0242367005436291	0.0106637685767642	0.00463900034881486	0.00177492187259003	0.000524408735083419	0.000123390290607863	2.61017922439711e-05	7.11867061199211e-06	4.74578040799474e-06	
0.00341227133620741	0.0197602611873753	0.0574402971410635	0.112376676709286	0.159228232205659	0.179837399920578	0.163627327656519	0.124408797239746	0.0845648819021213	0.0493483394009145	0.0260759355211501	0.0120297426410267	0.00503874770830906	0.00188328843085454	0.000791837181154751	0.000137917587108035	1.664522603028e-05	4.7557788657943e-06	1.664522603028e-05	
0.00312425697845832	0.0191354795758239	0.0549835940843597	0.107382662038138	0.155677873412906	0.177278995672643	0.164401540729469	0.128943363926007	0.0876384992153693	0.0520971039992391	0.027445432497979	0.0132222169385135	0.00563032003423843	0.0020376622759047	0.000756098720814114	0.000180702838936706	4.51757097341766e-05	2.37766893337772e-06	1.6643682533644e-05	
0.00297702288230805	0.0171558054316446	0.0528729692958962	0.103506060706616	0.151181091164215	0.175563761857131	0.164883455242736	0.131986878345003	0.0909153397266638	0.0556153383045191	0.0294526165092036	0.0142001147196716	0.00617210795026286	0.00228728270814273	0.000881729707180409	0.000232283632536774	0.000106660851675049	7.11072344500329e-06	2.37024114833443e-06	
0.00265660685542266	0.0170222262317967	0.050000712227039	0.0997379004496527	0.147082005821269	0.172745920126112	0.166513933534973	0.133723000659997	0.094332097223739	0.0587065007335938	0.0312311556595935	0.0151704359304297	0.00698457316233553	0.00267085139620241	0.00100898830523202	0.000237409012995769	0.000142445407797462	2.84890815594923e-05	0	4.74818025991539e-06	
0.00229839565307577	0.0163271923571192	0.0487622281086159	0.0950114800571261	0.14407650510344	0.169966835390525	0.166678985177255	0.136644866876638	0.0968783304682862	0.0609551693636257	0.0342494331498273	0.0159814793180155	0.00739825903681963	0.00307565393409517	0.00111343440869957	0.000405318735500914	0.000112058709226723	3.09949621265405e-05	1.90738228471019e-05	7.15268356766319e-06	2.38422785588773e-06	0	4.76845571177546e-06	
0.00205676676264912	0.0144377893442837	0.0460263979475132	0.0918411748061527	0.139836362209705	0.168153166113044	0.168162677173218	0.139089743986038	0.100087263977097	0.0635647929085535	0.0359304075727061	0.0174171289438205	0.00787991335424181	0.00345013707815476	0.00139574808054917	0.000423242177747448	0.000173576848177324	3.32887106093499e-05	1.18888252176249e-05	1.66443553046749e-05	4.75553008704998e-06	2.37776504352499e-06	4.75553008704998e-06	
0.00203749658636207	0.0126381781265955	0.0422032509706605	0.0883770081096164	0.135514895334893	0.167499792213343	0.16637893162038	0.143132947839612	0.103883829448712	0.0670379121596751	0.0375013357713634	0.0196031868536351	0.00841595326581256	0.00366179456430106	0.00137257928545137	0.00039657567590031	0.00019947519027321	7.59905486755085e-05	2.37470464610964e-05	1.89976371688771e-05	1.18735232305482e-05	7.12411393832892e-06	4.74940929221928e-06	2.37470464610964e-06	
0.00187612371993642	0.0115291592739022	0.0385860849419752	0.0845937552558706	0.132785498890197	0.164310062608523	0.165991941195839	0.145072687949932	0.106401324657051	0.0702835742051939	0.0409762476104295	0.0210827034184774	0.0098662314312313	0.00428286828995587	0.00146157618080905	0.000511670105437206	0.000182400917216041	0.000113704467874935	3.31638031301892e-05	3.07949600494614e-05	7.10652924218341e-06	1.1844215403639e-05	4.73768616145561e-06	4.73768616145561e-06	
0.00172581675692625	0.0107792817112935	0.0361124798713654	0.0804131586454696	0.128771392936883	0.162809120422872	0.166574324467696	0.144360327905184	0.110914376383659	0.0726021874491627	0.0435768731123879	0.0230226784581761	0.0108146468087715	0.00480965325700759	0.00176353952756945	0.000513972750013557	0.000200402219041983	0.000103737619268791	4.7153463303996e-05	2.3576731651998e-05	2.3576731651998e-05	3.06497511475974e-05	4.7153463303996e-06	2.3576731651998e-06	
0.00182146783882369	0.0100794178853042	0.0345748571374642	0.0757112454404319	0.124112270370003	0.160975759377492	0.165354832316426	0.146472439681573	0.113480749538735	0.0765913069739568	0.0458292633436676	0.0242028718790847	0.0121934530972031	0.00542429347338817	0.00219425529806481	0.000568618846057655	0.000231222601301453	7.07824289698325e-05	5.89853574748604e-05	1.41564857939665e-05	1.41564857939665e-05	2.35941429899442e-05	
0.0015334551565096	0.00969845208722919	0.0330676450442379	0.0734873424771819	0.119671124826094	0.156329472439284	0.166423731344345	0.148171585810681	0.114433202266764	0.0801402151577421	0.0484401182206232	0.025912311014095	0.0127511417960149	0.00625469576202293	0.00244120372674635	0.000817684743424748	0.000229899768441161	0.000125615337395686	3.55515105836847e-05	1.18505035278949e-05	1.89608056446318e-05	4.74020141115796e-06	
0.00135662281839581	0.00912031340367145	0.0314855495869441	0.0711274963644889	0.117102729667913	0.15063273364258	0.165748367887548	0.150635113682612	0.117240771989785	0.0823232046763026	0.050266445481613	0.0279678504192441	0.0141160174314132	0.00675455361159175	0.00263946439579114	0.000928215612586604	0.000328445524453721	0.000130902201775034	8.09213610972937e-05	1.19002001613667e-05	2.38004003227334e-06	
0.00129798107768285	0.00849783191742641	0.0299443995582562	0.0670097671283304	0.113550635604362	0.14962638224228	0.16287391655631	0.151971353581519	0.12233531416879	0.0845934665895368	0.0519813932141645	0.0301045556028321	0.0146004943323883	0.00701579090791745	0.00300471862734318	0.00111631153458175	0.000313140922976895	0.000102786715175622	5.01981632253037e-05	7.17116617504339e-06	2.39038872501446e-06	
0.00120685435691218	0.00791053442294127	0.0283790722337123	0.0646350885106505	0.11003248669581	0.146749171037415	0.162231936773308	0.152094840037813	0.123823736881757	0.0881315591214676	0.0552441780674015	0.0313590187770223	0.015852259912761	0.00733949796778203	0.00314549912904944	0.00125004198797464	0.000400685243746191	0.000170351211413051	2.63924412048389e-05	1.19965641840177e-05	4.79862567360708e-06	
0.00101882177106786	0.00765798345375775	0.0263067470510636	0.0608721979397694	0.106579810508762	0.143713941758957	0.162122417202709	0.153577770462338	0.126011913486653	0.0903291226839226	0.058277085881389	0.0328834338138295	0.0170051926269983	0.00807608484094126	0.00346014941117388	0.00124949839847946	0.00051181376706947	0.000233079508947129	7.68922091371973e-05	3.36403414975238e-05	2.40288153553742e-06	
0.0009050514386948	0.0070526614770632	0.0248239241682433	0.0593458596303731	0.103166235804413	0.141635736052339	0.160403518146763	0.154426808778999	0.128461942105593	0.0926787115533667	0.0596539622478012	0.0337564930219571	0.0181876826350476	0.00877851754499983	0.00422437573114195	0.00150922141505755	0.000534365477101717	0.000264775686852202	0.000115538481535506	5.53621890690968e-05	1.92564135892511e-05	
0.000735143473492655	0.00627402774262747	0.0235077190064717	0.0567651276859853	0.0989888764356388	0.140569073357677	0.159246538197332	0.155170709955771	0.128560926521807	0.095614447376984	0.0617086662569146	0.0358533087482073	0.0193981464743242	0.00988707714185859	0.00456753076153633	0.00197645130578353	0.000667654892319558	0.000315750147631271	9.40019523482411e-05	6.74885811730962e-05	3.13339841160804e-05	
0.000676733888899631	0.00571115064096367	0.0217666621551074	0.0533459656992595	0.0962339759082736	0.135581217734295	0.159900133413252	0.156369032657244	0.131105106440573	0.097732458090837	0.0653652429474661	0.0374693052843249	0.0203189350142114	0.0100760842243663	0.00491357141476053	0.00208820742860457	0.000916007656760572	0.000302113343258764	8.70086428585239e-05	2.65859742067712e-05	1.45014404764207e-05	
0.000755837756518495	0.00528601918180563	0.0205553953976264	0.0512613042561902	0.0908531518676702	0.131818589248208	0.156128947859308	0.156419654688738	0.134570613900147	0.101507557166287	0.0689823080668723	0.0407619425999365	0.0215559114022486	0.0108845482052487	0.00488629729133912	0.002163343322343	0.000995670890798402	0.000436060244145286	0.000118705288683994	5.81413658860381e-05	
0.000773280122553922	0.00491289011616277	0.0189417039483634	0.0485800430304775	0.0892614077113348	0.127727824911817	0.154524298559308	0.156573368915603	0.136846187997326	0.104531860604671	0.0720809285215957	0.0422669548375136	0.0226471061759956	0.0111845090281064	0.00519585697488913	0.00228324982558508	0.00102697454761893	0.000407374701787082	0.000180513340911641	5.12267589073576e-05	2.43936947177893e-06	
0.000587463528305951	0.0044475884622163	0.0178197270252805	0.0461158869720172	0.085512659839035	0.125736777175084	0.151661053126285	0.155286192648873	0.139106467973447	0.107339377680302	0.0743043452718977	0.0453472888558169	0.0249206924236787	0.0122828832709969	0.0053508136369867	0.0023988094072493	0.00112352399788513	0.000455284234437112	0.000139522587972663	5.87463528305951e-05	4.89552940254959e-06	
0.000535526956079454	0.00426465302010305	0.0165793276813639	0.0441332899695068	0.0832194217776071	0.123313028955136	0.14892540036142	0.154371147079177	0.138924006524137	0.109421117368435	0.0766170346478605	0.0477866108479666	0.0272605228601541	0.0139579354579978	0.00619401725912902	0.00264095485189868	0.00123978158325243	0.000388807242085083	0.000151610371127517	6.3578542730894e-05	4.8906571331457e-06	7.33598569971854e-06	
0.000534979123655561	0.00384212279716267	0.016241479849525	0.0426208140923228	0.0801617582332071	0.121051185343517	0.146764227405035	0.153801634604395	0.139131047999786	0.110971692309189	0.0794443998628508	0.0497773757328606	0.0285557265867602	0.0152687905337876	0.00699363618015179	0.00299101964589245	0.00119397613506764	0.000474186041421974	0.000116722717888486	3.40441260508084e-05	7.29516986803038e-06	1.94537863147477e-05	2.43172328934346e-06	
0.000500303582270795	0.00379356405585914	0.0159149969641773	0.0404420157862781	0.0775664845173042	0.115980570734669	0.146795385549484	0.152927747419551	0.140301153612629	0.113044323011536	0.0817413479052823	0.0519101396478446	0.0302100789313904	0.0160898603521554	0.00740983606557377	0.00325925925925926	0.00138919247115968	0.00048816029143898	0.000143290831815422	2.67152398299939e-05	2.42865816636308e-05	1.94292653309047e-05	1.21432908318154e-05	9.71463266545234e-06	
0.000449438202247191	0.00351047676890374	0.0146808381415123	0.0380564834497419	0.0729523231096265	0.112993622836319	0.145265715153356	0.153229274218038	0.14079805648345	0.116193136957182	0.0845138171879745	0.0543091406012754	0.0314169450349226	0.0170057698147586	0.00839599149711509	0.00383115699969633	0.0015548132402065	0.000566049195262678	0.000177345885211054	3.15821439416945e-05	2.18645611904039e-05	2.67233525660492e-05	1.45763741269359e-05	4.85879137564531e-06	
0.000376351608903128	0.00313867591783955	0.013104756022832	0.0368486825281178	0.0703922259267658	0.109216754401625	0.140663826337858	0.152547852142068	0.142714460104317	0.11830468075251	0.0878250254519838	0.056932830887852	0.0339126574766107	0.0182434029905478	0.00887562544329877	0.00411574259479959	0.00170564479163148	0.000733403135298403	0.000221950948840306	4.82502062696318e-05	2.17125928213343e-05	3.13626340752607e-05	1.2062551567408e-05	1.2062551567408e-05	
0.000336140910269585	0.00291001988033384	0.012199514036284	0.034406423172594	0.0684046752398605	0.105999635047012	0.137433612170222	0.150843233483476	0.142996744235183	0.120713002890812	0.0901986112578393	0.0601115987822095	0.0364472786992307	0.0194769647436205	0.00985132967740077	0.00454270430164325	0.00192800822104626	0.000751515035102715	0.000261709708709891	0.000100842273080876	1.68070455134792e-05	2.40100650192561e-05	2.40100650192561e-05	9.60402600770243e-06	1.2005032509628e-05	
0.000312504472869364	0.0029151180598959	0.0118727844387086	0.0315772649417692	0.0662199363540509	0.102716164830603	0.134715668640295	0.150049857583839	0.144813618515532	0.121361469868366	0.0930094419290352	0.0616230194134458	0.0382138103121705	0.0212192922608625	0.0108470063979923	0.00508117959703622	0.0021851457797583	0.000868333039117926	0.000238553032724705	6.91803794901645e-05	5.72527278539292e-05	4.7710606544941e-06	0	2.38553032724705e-05	2.38553032724705e-06	2.38553032724705e-06	
0.000298458283888744	0.00286519952533195	0.0113438024540434	0.030227854992252	0.0622727240168187	0.0998259391288361	0.132732755677273	0.148369582086773	0.14528710493077	0.124934637635828	0.0933052225424348	0.0642903020159066	0.0404040886397226	0.022692380240629	0.0115777937486122	0.00574472504829055	0.00240915526754994	0.000864335190141803	0.000389189602190923	0.000121770979826608	2.62643289822095e-05	0	7.16299881332986e-06	4.77533254221991e-06	4.77533254221991e-06	
0.000229345743486342	0.00266375524986741	0.0105761834001462	0.0286204375725664	0.0594316047990597	0.0969200777864313	0.130134597283209	0.148078512692853	0.144619214395268	0.127446951851728	0.0948607441313769	0.0671983028414982	0.0418340970228056	0.0239666301943227	0.0125327892742641	0.00620428016493781	0.00295282644738665	0.00106550209994696	0.000396577014778466	0.000183954398421337	6.21144721942176e-05	1.43341089678964e-05	2.38901816131606e-06	0	4.77803632263212e-06	
0.000224699762870037	0.00222309339860782	0.0101282222902165	0.0263448519850073	0.0565621892450088	0.0940416316071292	0.127251778474719	0.146630937810755	0.144505851755527	0.128485236747495	0.0997953797904077	0.0696593169127209	0.0442539011703511	0.0253695593972309	0.0130445383615085	0.00634657308957393	0.00319360514036564	0.00108764246921135	0.000535454754073281	0.000239042300925572	5.25893062036258e-05	1.91233840740457e-05	2.39042300925572e-06	0	0	2.39042300925572e-06	
0.000139001061680523	0.00222641355691734	0.00891284393775628	0.0252981932258552	0.0538820839614344	0.0906550544860196	0.124995506431196	0.145088349554118	0.144855882261308	0.129453126685088	0.103630084622888	0.0723045177741616	0.0450674993948661	0.0271627247083973	0.0134783098429528	0.00670320637104176	0.00360683789360667	0.00157933964909422	0.000558400816751066	0.00030676096370874	6.95005308402614e-05	9.58628011589813e-06	1.67759902028217e-05	
