# <P(N_2)> as a function of N_tot.
# number_of_species: 2
# species_total_upper_bound: 100
# species_total_lower_bound: 0
# volume: 512
# Bin widths for each species index 
1	1	1	1	1	1	1	1	1	1	1	1	1	1	1	1	1	1	1	1	1	1	1	1	1	1	1	1	1	1	1	1	1	1	1	1	1	1	1	1	1	1	1	1	1	1	1	1	1	1	1	1	1	1	1	1	1	1	1	1	1	1	1	1	1	1	1	1	1	1	1	1	1	1	1	1	1	1	1	1	1	1	1	1	1	1	1	1	1	1	1	1	1	1	1	1	1	1	1	1	1	
# Bin lower bound for each species index 
0	0	0	0	0	0	0	0	0	0	0	0	0	0	0	0	0	0	0	0	0	0	0	0	0	0	0	0	0	0	0	0	0	0	0	0	0	0	0	0	0	0	0	0	0	0	0	0	0	0	0	0	0	0	0	0	0	0	0	0	0	0	0	0	0	0	0	0	0	0	0	0	0	0	0	0	0	0	0	0	0	0	0	0	0	0	0	0	0	0	0	0	0	0	0	0	0	0	0	0	0	
# Bin upper bound for each species index 
0	1	2	3	4	5	6	7	6	6	7	6	6	7	7	7	8	9	9	9	10	10	10	10	10	11	11	11	12	12	12	12	12	12	12	12	12	12	12	13	14	14	14	14	15	16	16	16	16	16	14	15	15	15	15	15	16	16	17	17	17	16	17	16	17	17	17	17	18	18	18	18	19	22	22	23	23	23	21	21	20	20	20	20	20	20	20	20	20	20	21	22	23	23	23	24	25	24	24	25	22	
# Normalized histogram for each species index 
1	
0.920182144048937	0.0798178559510629	
0.84719183480628	0.146439870448419	0.00636829474530133	
0.780768349803979	0.201155434870409	0.0175959828665452	0.000480232459066822	
0.719763496437723	0.246112480935993	0.0323813416665568	0.00172070515947838	2.19758002487661e-05	
0.661762849191145	0.284123159009941	0.0497620367676524	0.00419715541990767	0.000151506002601951	3.29360875221632e-06	
0.609176715978406	0.31450803652808	0.068021278833345	0.0078207161887401	0.000450247142957302	1.75278693122064e-05	5.4774591600645e-06	
0.560768307480693	0.338066900004819	0.0871097463214197	0.0129117184522584	0.00107980953298785	5.25667926809502e-05	3.28542454255939e-06	7.66599059930524e-06	
0.517505239263323	0.354125184626847	0.107573730921892	0.0185694305868411	0.00209243759721502	0.00012199532060806	1.19816832740058e-05	
0.474833910327876	0.368781009381866	0.126495459020348	0.0261875112736693	0.0034108961779273	0.000273827918712226	1.73858996007763e-05	
0.435957236250874	0.376875569789928	0.146957619539491	0.0343465578733329	0.0053119038183775	0.000522961586684943	2.70684051079163e-05	1.08273620431665e-06	
0.401646378975304	0.380900094286499	0.165157612522636	0.0437374343439385	0.0075776398863354	0.0009200799861988	6.07599990886e-05	
0.369647145398216	0.383115144205125	0.182083599130001	0.0529662908138494	0.0106420268619737	0.00144564358354143	0.000100150007293533	
0.340048187928553	0.382784938978704	0.197580336878619	0.063245017923026	0.0139332140649336	0.0022040625525622	0.000193319658971015	1.09220146311308e-05	
0.313710628818486	0.378679531708946	0.212993780578092	0.0739531225628148	0.0172753176167158	0.00302842567999525	0.000343814739876139	1.53782950743321e-05	
0.288363243823774	0.373973746846001	0.226823817326113	0.0846498607453836	0.0214037261476264	0.0041704859441419	0.000547995250707827	6.71239162513604e-05	
0.265580914939793	0.366928498122887	0.238116661478437	0.0961677862610534	0.0266997686746034	0.00555598943581023	0.000813983801722346	0.000120997592147916	1.53996935460984e-05	
0.245268671014211	0.359221085042669	0.24756534210304	0.106884636444538	0.0324343067575679	0.00731796440104947	0.00112803529828743	0.00014923424179678	2.74327650361728e-05	3.29193180434074e-06	
0.225493123168282	0.349996158194571	0.256912505625501	0.118301263405157	0.0382051085035619	0.00934107548598839	0.0015048900694818	0.000206359834473069	3.07344434321592e-05	8.78126955204549e-06	
0.207266180266358	0.340055876825372	0.263729624585803	0.12910660675478	0.0454240432628733	0.0118222906428247	0.00219845044879091	0.000322366300221709	5.48242007179777e-05	1.9736712258472e-05	
0.190977010989397	0.329175707371066	0.270428331737484	0.139556998164042	0.0515232305840807	0.0145427233676221	0.00314704357985541	0.000544638386464858	9.55313298839569e-05	5.49030631516994e-06	3.29418378910196e-06	
0.174456506832407	0.318778011223689	0.275180067254365	0.150924061812576	0.0585475031954052	0.01699132714915	0.00423713472267174	0.000752634495016265	0.000118490561897604	1.31656179886227e-05	1.09713483238523e-06	
0.160790838108819	0.305285604880239	0.278889490409415	0.161279390146214	0.0665718171494969	0.0205642996100386	0.00533446008397813	0.0010508270173678	0.000203563348914182	2.42075333843892e-05	5.50171213281573e-06	
0.149232916457239	0.293977385085947	0.279889532050993	0.170305854559333	0.073659597260518	0.0245671303959535	0.00663093652492293	0.00136820120036559	0.000310154934488019	4.72931283084568e-05	1.09984019321993e-05	
0.137972941910124	0.284254021814086	0.280900631194122	0.177399752977523	0.081097281322967	0.0281975167971985	0.00805627625163738	0.00170364121689915	0.000342048042902283	6.81896419933812e-05	7.69883054763981e-06	
0.126095126802422	0.272492040184029	0.282787357868274	0.186314058808735	0.0876661566966242	0.0326223406416836	0.0093804468040474	0.00215922707139178	0.000397578941934804	7.02901996790813e-05	1.31794124398277e-05	2.19656873997129e-06	
0.115789335083095	0.260325754200855	0.281679508252484	0.195037756676271	0.0962153348504765	0.0363302397949443	0.0111514414689223	0.00279471823490556	0.000566185555245885	8.55861885836803e-05	1.75561412479344e-05	6.5835529679754e-06	
0.106459130012586	0.248385682245403	0.279960151912632	0.201713992649318	0.104088365648849	0.0416250671151581	0.0134208445738693	0.00352443429166307	0.000690014904759353	0.000111539651799452	1.74964159685414e-05	3.28057799410152e-06	
0.0986480097705753	0.237236310469662	0.277805866722699	0.206542389501009	0.112231385784513	0.046287662897641	0.0156353281591308	0.00449569035330786	0.000934595803730504	0.000164156171615428	1.20381192517981e-05	5.47187238718094e-06	1.09437447743619e-06	
0.0902005449591281	0.227037602179837	0.274443596730245	0.212619073569482	0.119077929155313	0.0520970027247956	0.0177514986376022	0.00523051771117166	0.00123705722070845	0.000245231607629428	4.141689373297e-05	1.30790190735695e-05	5.44959128065395e-06	
0.0839961133294149	0.215855533842447	0.269958769192063	0.21739653800023	0.126823232399911	0.0572871820120027	0.0205741948497277	0.00611413190822079	0.00156160871724688	0.000351361961380549	5.42225249044057e-05	1.62667574713217e-05	1.08445049808811e-05	
0.0774531058126918	0.206941920728736	0.266159300545123	0.220323088551559	0.133652494634322	0.0622743545484276	0.0237573392299846	0.0071372725677938	0.00179541767825855	0.000408246359893531	7.58017113860668e-05	1.73261054596724e-05	4.3315263649181e-06	
0.0705210874586226	0.194678785634389	0.262857724488393	0.224811615671064	0.140542992990879	0.0686120685081174	0.0264577249215223	0.00864093659956405	0.00229450434266619	0.00048077391606597	8.44602825521299e-05	1.62423620292557e-05	1.08282413528372e-06	
0.0644935451354339	0.1854435214206	0.256999657512417	0.228662861489162	0.146919610493301	0.0743414136634179	0.0295079523023917	0.00992997911582023	0.00289655902616843	0.000657965105160975	0.000108040247152869	3.78140865035043e-05	1.08040247152869e-06	
0.0592880117496664	0.175378695293861	0.249634985972646	0.231363735667116	0.15523641012219	0.0798380311089288	0.0332070835433291	0.0114295355291135	0.00345438460257273	0.000874952142605302	0.000246587254034622	4.65054908924944e-05	1.0815230440115e-06	
0.0546266411570407	0.165011886147647	0.243722678856038	0.233389337969093	0.16142068329972	0.0857604706547579	0.0373795873353987	0.0130979627909085	0.00409405757362883	0.00109851096730473	0.000310777169532183	7.2298855412001e-05	1.51072235189256e-05	
0.0507739271350967	0.157625941499184	0.23683839324651	0.233253831948789	0.167920922144276	0.0907187966038731	0.0410560942387518	0.0150973667633963	0.00481100026380821	0.00137826328058964	0.00042747697062038	9.3678832352577e-05	4.30707275184262e-06	
0.0467180174146015	0.148811977261408	0.231171750218971	0.232981477665001	0.172070087759974	0.0980108025486458	0.0454793308946022	0.0170485771205798	0.00546675082006629	0.00169272845930582	0.000417546842530098	0.000111632060727841	1.93209335875109e-05	
0.0427677030290247	0.140020833423009	0.225051545504242	0.233805672372901	0.176848428238758	0.104012155699706	0.0496547850154314	0.0188942789870824	0.00630813665692432	0.00196281836612589	0.000506846189937112	0.000131285000365876	3.55115164924091e-05	
0.0396330382408681	0.132150151007728	0.218668059918482	0.232975933954672	0.181342324567097	0.110233477850758	0.0538760092421922	0.0211886774492242	0.00698572998606748	0.0022207655096619	0.000538695189387056	0.000138459807713942	3.89418209195462e-05	9.73545522988655e-06	
0.0366532081064284	0.124439890651009	0.211601814949867	0.231879837801894	0.184728518095172	0.11631477384838	0.0585382178200609	0.0242569179752183	0.00819030896739957	0.00246752343658324	0.000687777338334297	0.000169499628404661	5.54133400553699e-05	1.52115051132388e-05	1.08653607951706e-06	
0.0338070301753665	0.118334984917233	0.204380503079375	0.22997149515505	0.188740531616997	0.121283799655407	0.0625391272426124	0.027168646200137	0.00975763780164168	0.00288216868443968	0.000816141018679468	0.000219604209845479	8.52195441191413e-05	1.09255825793771e-05	2.18511651587542e-06	
0.0301159085621156	0.111683377700683	0.1976868535375	0.228134834504508	0.192475282998876	0.126237761657216	0.0679787167804706	0.0300077665618381	0.0109605740483231	0.00333055513985819	0.000986386123742849	0.000292748041155131	7.42793537259288e-05	3.27703031143804e-05	2.18468687429202e-06	
0.0278202518631052	0.105424516151662	0.190385840071641	0.224302630324195	0.19532927555104	0.13235473040739	0.0723221322319666	0.0335693248319396	0.0128463556138684	0.00403695629060386	0.0011541990154781	0.000314582257779882	9.97455939302066e-05	3.83636899731564e-05	1.09610542780447e-06	
0.0259663425785661	0.0988481560029746	0.184769879086677	0.22176770319773	0.196437050706475	0.137595504999036	0.0768546010411215	0.0362100972264302	0.0146241771559203	0.00495441650370452	0.00142451868785634	0.000406533175420718	9.25441374941471e-05	4.29669209794255e-05	2.20343184509874e-06	3.30514776764811e-06	
0.0233506603536301	0.0929161463412482	0.176935279607803	0.219976304049492	0.198450276011491	0.142847529575812	0.0817091090410862	0.0394601559431827	0.0162473910184846	0.00584014720612829	0.00164922933002678	0.000431336901699313	0.000132379611774725	4.41265372582417e-05	4.41265372582417e-06	1.10316343145604e-06	4.41265372582417e-06	
0.0216257619621014	0.0870405463722161	0.170955433977633	0.216245478997273	0.200443905351697	0.146726060069599	0.0860163192056942	0.0432824273300892	0.0182572907204798	0.00663319533491014	0.00199547706580991	0.000575024088101195	0.000145687484893201	5.07698810991459e-05	4.41477226949094e-06	0	2.20738613474547e-06	
0.0200293851218488	0.0817966903073286	0.163645301694616	0.212655487063918	0.202100041978746	0.149595678398621	0.0913501690196858	0.0469918914738958	0.0204745807648969	0.00781467488566315	0.0025143059145843	0.000720266896445063	0.00026733832659464	3.7559930182718e-05	3.31411148671041e-06	1.10470382890347e-06	2.20940765780694e-06	
0.0193926039979824	0.0772208801224703	0.157733591724406	0.208585530099905	0.202439893103967	0.154142000053094	0.0953967453343598	0.049912837257869	0.0223249444724663	0.00886228286743299	0.00270337235746458	0.000928039855938128	0.000283168299308892	6.85798224888724e-05	1.10612616917536e-06	3.31837850752608e-06	1.10612616917536e-06	
0.0179846955720783	0.0732451498337149	0.150273230093394	0.205249161932007	0.203212114234092	0.157513606150113	0.100366668585625	0.0532211923814416	0.0242929008887728	0.00995607062355801	0.00325595504324298	0.00101077421097614	0.000319949339509426	9.18885646341949e-05	5.53545570085512e-06	0	1.10709114017102e-06	
0.0167512949685032	0.0686677595045802	0.144402315394799	0.199541763289531	0.205239180460414	0.161662268660429	0.104483745146645	0.0567531607893311	0.0261270446286572	0.010722916722197	0.00400818295705947	0.00113948343417651	0.000360947481586125	0.000114392586471911	2.55439756199412e-05	
0.0151357236785208	0.0649413575250636	0.139911476362282	0.195726605655135	0.203716351814934	0.165077070115954	0.109083429980508	0.0599474889844396	0.0282834353025703	0.0116098573465527	0.0045836262315585	0.00138040993185543	0.000422438702037685	0.00013859537468428	3.76979419141241e-05	4.43505198989695e-06	
0.0138529997310849	0.0610813484707807	0.1354889329826	0.191623572011142	0.202229671182153	0.167100287617401	0.113702385155002	0.0641235194454374	0.0303088318129856	0.0129831756546643	0.00508836018241959	0.00173079498157987	0.000476964601701358	0.000171530193187263	2.76661601914941e-05	9.95981766893787e-06	
0.0125463308608815	0.0570184351544657	0.128802002111671	0.188813444011999	0.201216198903521	0.169189922292268	0.11778641197026	0.0683841297750054	0.0337381439382226	0.0142217519802439	0.00559504508285438	0.00182120594978817	0.000656031736915811	0.00016897787162983	3.53417770729057e-05	6.62658320116981e-06	
0.0116122051313631	0.0542727636608356	0.122267942836281	0.18441193417991	0.201189151385327	0.170896251105139	0.121361838951031	0.0723717489124554	0.0366598195709642	0.0161636177297259	0.00575661873699675	0.00213110355535811	0.000672980070113087	0.000184739627089867	3.40888597606302e-05	1.31956876492762e-05	
0.0105548334731797	0.0507143131351354	0.117729773010206	0.178256363008177	0.199711532660974	0.174509578102806	0.124680409996545	0.0763692601306329	0.0397876529397893	0.017464887601937	0.00674772269843098	0.00243058411894068	0.000789720471857982	0.000195236449987112	4.05828575815907e-05	1.75493438190663e-05	
0.00943441758019968	0.0472740993920993	0.112416663193157	0.172891927051912	0.198336664246179	0.176679514995689	0.129283659952921	0.0800121097512017	0.0426440939734244	0.0191606099629029	0.00784940032599801	0.00277734511255268	0.000920297215415362	0.000257770972136603	4.27790123971384e-05	1.64534663065917e-05	2.19379550754556e-06	
0.00908736756047911	0.0449166817555815	0.10702046056855	0.167765688356296	0.196051642496968	0.178715302354419	0.133505621306645	0.0832096042314804	0.0451350595051933	0.0212912818993377	0.0087713233801364	0.00319994732596994	0.000918503399121002	0.000301778297202241	8.01084207118676e-05	2.19475125237993e-05	7.68162938332977e-06	
0.00833657667534603	0.0417256406742497	0.102061669179115	0.163307660682472	0.193486638344525	0.180061943264355	0.136654515554337	0.0883058791284089	0.0484001644511443	0.0228795395367959	0.00947238591201864	0.00364314101685624	0.0011105933945457	0.000403453474030423	0.000101959709469645	2.52158421269015e-05	1.53487734685487e-05	7.67438673427436e-06	
0.00780704092635801	0.0393577099054094	0.0970729904027257	0.158379707178375	0.190192548811831	0.181051608522476	0.141111414602468	0.0916474425002715	0.0515898742119737	0.0251301813379142	0.0105428509685579	0.0041388176781156	0.00134486893012715	0.000459624862743291	0.000138216545836885	1.42604372688849e-05	1.75513074078584e-05	3.29087013897345e-06	
0.00711690100054098	0.0373691947038541	0.0926027726624445	0.154580576062426	0.187586953076759	0.180956388216458	0.14325604778116	0.0961207862252119	0.0543931453926481	0.0274960246118874	0.0116655100245354	0.00452347254933033	0.00162403484133966	0.000504915273687029	0.000156283298998366	3.60653766919306e-05	8.74312162228622e-06	2.18578040557155e-06	
0.00666289603855195	0.0349513251142359	0.0886206584650056	0.148561657943002	0.185545416997686	0.180546610303405	0.145807791686964	0.0998279242256318	0.0585940352150511	0.0298914909128952	0.0130849513796031	0.00528105891442963	0.00182864565794736	0.000591748863090237	0.000165646090588796	2.28853151471362e-05	1.52568767647575e-05	
0.00626471104961463	0.032566458206706	0.0840481753115169	0.145520038672942	0.182289887745893	0.181014248098271	0.147574811518513	0.103456666990396	0.0617872267986901	0.032008843270919	0.0146169316337899	0.00572346445832238	0.00219554060822586	0.000689652914711104	0.000199693802835652	3.49191349220812e-05	7.63856076420527e-06	1.09122296631504e-06	
0.00553514198201543	0.0305846896378517	0.0797032054466933	0.13975005050312	0.18007283368913	0.181869106831844	0.150694759141065	0.106227990194205	0.0650032485790879	0.0341586726142053	0.0163171486757263	0.00653537675327724	0.00237937943949726	0.00083425694895636	0.000253334570887272	6.11497240072724e-05	1.9655268430909e-05	
0.00520643099756574	0.0283231595960833	0.0762385094363145	0.134459552559692	0.175431900844883	0.182840758229573	0.154486979001494	0.110112570889916	0.067447394378673	0.036598115142939	0.0173580506667425	0.00747337732353797	0.00265734663391824	0.000912027610159594	0.000304009203386531	0.00013560122740982	1.31226994267567e-05	1.09355828556306e-06	
0.00476569836822225	0.0265406333590119	0.072813603006039	0.130178409600214	0.172152497964524	0.181886620430589	0.156725617847754	0.114287999842203	0.0705364999457572	0.0383458457114742	0.0186332340890437	0.00859885838018855	0.00300801150167167	0.00102239516614195	0.000332031870676326	0.000136976844338418	3.1778627886513e-05	3.28744426412204e-06	
0.00429170420490446	0.0246978743389887	0.0687824881788843	0.126341363315641	0.170626790724827	0.180606018042496	0.15761231568771	0.11622935762702	0.074697161066748	0.0410394900432682	0.0202843651822191	0.00934276901062556	0.00368926349703114	0.00116866913275972	0.000423573976756104	0.00013936242240421	1.97521543565022e-05	7.68139336086198e-06	
0.00392267572400884	0.0226276105401451	0.0650015159038082	0.121189918580587	0.167198697640902	0.180336530645424	0.159479671510236	0.119505947176245	0.078449120556095	0.0440600737300461	0.022039923194207	0.0100587907042142	0.00414566737115916	0.00132586659167703	0.000474543800832209	0.000130719241432947	4.6136202858687e-05	6.59088612266957e-06	
0.00378882889543096	0.0212896099838502	0.061114118118171	0.116302965495694	0.163629222828024	0.179311498061581	0.162172657944879	0.123012625029153	0.0811264835179342	0.0466276782531783	0.0238154959141375	0.0108098236720397	0.00456551681650363	0.00175689888095332	0.0004818545459346	0.000144116313966741	3.85043586934041e-05	9.90112080687534e-06	2.20024906819452e-06	
0.00322317866705468	0.0199651887885412	0.0583798787229422	0.11199553781558	0.15946907942093	0.179331752608912	0.163076967169655	0.125665386875137	0.0842501865673698	0.049033321979455	0.025690629963877	0.0119557441254703	0.00517979362397057	0.00194338713748885	0.00063383301421219	0.000167552379409135	2.6455638854074e-05	3.30695485675925e-06	8.81854628469133e-06	
0.00311518584226823	0.018847590607059	0.0551818752823723	0.10818521416214	0.155338350835822	0.177309942809287	0.164962699313491	0.129347981795943	0.0875965575378241	0.0513228795909597	0.0272642122778212	0.0128354031449382	0.00556590155263419	0.00220167715346726	0.000667775953454033	0.000209368698277667	3.6364037069279e-05	3.30582155175264e-06	7.71358362075615e-06	
0.00297855048269651	0.0170431955717126	0.0530735521850392	0.103523300128499	0.151511790095661	0.174941516293067	0.165858694577764	0.132057857684155	0.0913290353757784	0.0551097736433427	0.0289178592217548	0.0139789788140712	0.00608010894992916	0.00240963855421687	0.000879726746548638	0.000232836542157692	6.69954201491472e-05	5.49142788107764e-06	1.09828557621553e-06	
0.00263524405891191	0.0163861076688563	0.0497329663219538	0.0995448912673956	0.147865375546953	0.172258106967002	0.166689330716001	0.135054338886025	0.0944663164705495	0.0579084737956068	0.0313038042703456	0.0150679373156261	0.00681676116113042	0.00286115345389145	0.00103084869553774	0.000262098764078213	0.000100891574456885	1.31597705813329e-05	0	2.19329509688881e-06	
0.00235642268194344	0.0157303865215263	0.0477753147672455	0.0953086066633297	0.143778087029224	0.170232286951117	0.167180598566565	0.137050951314899	0.0973415987810848	0.0607224382704166	0.0336257776359866	0.0165972684418678	0.00748510734264388	0.00304288755287375	0.001245317682521	0.000375135450300053	0.000122111539540487	1.43013514777146e-05	8.80083167859363e-06	3.30031187947261e-06	1.1001039598242e-06	0	2.20020791964841e-06	
0.00204304813540227	0.0142771328234331	0.0453365253439186	0.0911142258640872	0.14070077541213	0.16806353802688	0.168080040838959	0.139876734995643	0.100436114313879	0.0632651803867379	0.0357670947129391	0.0175842963641004	0.00809077866868514	0.00333356803999401	0.00135653115290846	0.000465379300632828	0.000162827745847892	2.64044993266853e-05	6.60112483167132e-06	7.70131230361654e-06	2.20037494389044e-06	1.10018747194522e-06	2.20037494389044e-06	
0.00189563442657059	0.0129116702608864	0.0421002572646722	0.0879081200744603	0.135602810646816	0.167535774320428	0.166950131164252	0.142853997619999	0.104099171843334	0.0665508590350318	0.0377530677463637	0.0194308032888487	0.00865915238060641	0.00359532057908219	0.00142667956842943	0.000459047361138173	0.000178334946053679	4.18316540125913e-05	2.53191590076211e-05	9.90749700298216e-06	5.50416500165675e-06	3.30249900099405e-06	2.2016660006627e-06	1.10083300033135e-06	
0.00191472911697004	0.0118326080238258	0.0387377964888201	0.0838994486767913	0.132408852405289	0.164186097152981	0.167462362540376	0.144758360305609	0.106993875286357	0.0699354535026565	0.0405403473347213	0.0208167677920787	0.00985189168857992	0.00422538154359501	0.00154850005553924	0.000591685390539852	0.000175965915402187	7.14861531321383e-05	1.75965915402187e-05	1.75965915402187e-05	3.299360913791e-06	5.49893485631833e-06	2.19957394252733e-06	2.19957394252733e-06	
0.00180098115609601	0.0110616021159608	0.0366276326042341	0.0803143211475356	0.127971728656562	0.161987334964935	0.167730500345709	0.145704972727373	0.1105830964584	0.0729589428975932	0.0429217379852278	0.0224272089730786	0.0105106621157413	0.00467640506162407	0.00176366649472656	0.000622276852837561	0.000204133147491687	6.47519123763952e-05	2.8534741047225e-05	1.09749004027788e-05	1.09749004027788e-05	1.42673705236125e-05	2.19498008055577e-06	1.09749004027788e-06	
0.00178268959040924	0.0103187558691627	0.0348167504805034	0.0758394548151269	0.12418380242753	0.159731181380164	0.166577806447083	0.147286362479485	0.113550196150707	0.0761564993022827	0.0456555031901916	0.0240778283878781	0.0118271855225859	0.00502663612508008	0.00207559920311033	0.000722949193895193	0.000247930983035377	6.47253451287047e-05	3.40082321862686e-05	6.58223848766489e-06	6.58223848766489e-06	1.09703974794415e-05	
0.00150739579796941	0.00980466479670482	0.0327627862211719	0.0730284921976886	0.120130216144297	0.156425274588845	0.1660211892386	0.148790512635427	0.115482778662219	0.0795986284016661	0.0480938364871086	0.0261388144529812	0.0127414497587837	0.00589005019891692	0.00232481742602279	0.000850382177571665	0.000258190971226539	0.000108769813410329	2.41710696467398e-05	6.59210990365631e-06	8.78947987154175e-06	2.19736996788544e-06	
0.00128777680591694	0.00890317548795615	0.0309143545803654	0.0702758199800389	0.116574095086179	0.151464143843237	0.166036181130379	0.150792164500543	0.118185743903164	0.0823538224608544	0.050443616526726	0.0281812713849164	0.0140520795006643	0.00652811407345065	0.00255682631867684	0.000950685529090096	0.000315059167230321	0.000133294263058982	4.51658246728782e-05	5.50802739913149e-06	1.1016054798263e-06	
0.00117181762055861	0.00840815037258499	0.0293815873324417	0.0670840737726011	0.112875525578426	0.149874479667694	0.163311174457247	0.151982867827587	0.121162186848031	0.0850975944053164	0.0530421423609309	0.0302375332852531	0.0148128349923959	0.00692929665540499	0.00295770743435999	0.00112543087214818	0.000355631737813262	0.000129220227714757	5.63267659269453e-05	3.31333917217325e-06	1.10444639072442e-06	
0.00114670157588613	0.00798161742367751	0.0279925541728117	0.0645511237785916	0.110231384051127	0.146940195867235	0.162277053264178	0.1518263818693	0.123541076330776	0.0874144530796891	0.0557277080882231	0.0319485641374053	0.0159146270734254	0.00742483746775592	0.00318270447025812	0.0012582785114974	0.000416480244806425	0.000173441375158113	4.30841632558371e-05	5.52361067382527e-06	2.20944426953011e-06	
0.00101041925766244	0.00750407650001382	0.0263538125639112	0.0616963767515131	0.106833595887572	0.144351767404582	0.161981040820275	0.153519608655999	0.12504214686455	0.0900677113561617	0.0577707763314264	0.0330342978746925	0.0170378354475859	0.00817400436669154	0.00352209601193931	0.00129121410607191	0.000527319459414642	0.000204515932896664	5.96965425752425e-05	1.65823729375674e-05	1.10549152917116e-06	
0.000932722152926554	0.00708735906701199	0.0250051510190156	0.0589819370933187	0.102815447296767	0.142051811497074	0.160434856779516	0.154301267039903	0.127779611712863	0.0928723189776833	0.0600896831181721	0.0343811133733747	0.0182445770293353	0.00844545569348224	0.00411749197438005	0.00154641345069533	0.000553873012426695	0.000225980189070092	9.52661581373915e-05	2.88013966461881e-05	8.86196819882712e-06	
0.000810856616844771	0.00633509425100443	0.0237009401284299	0.0563545348707116	0.0985290484952074	0.139254654394522	0.159870573105038	0.154762841055487	0.129169902154419	0.0958505631133349	0.0627228609502752	0.0361440444686175	0.0196245024918333	0.00944780885938395	0.00445528048217168	0.00190418377644284	0.000665744298802879	0.00025034644181273	9.7480030440355e-05	3.43395561778523e-05	1.44004590423252e-05	
0.000768740826894852	0.00587854116474205	0.0219977292237822	0.0536911190495971	0.0956905098169533	0.135045830910249	0.158561103264933	0.155881587327961	0.131420342831824	0.0989748276148542	0.0651469081443328	0.0382088560272493	0.0205510786187034	0.0102162775885464	0.00470992218437595	0.00207028329317936	0.000806402481238404	0.000269170058984797	8.08617872670377e-05	2.21539143197364e-05	7.75387001190773e-06	
0.000773764391518121	0.00555733793965526	0.0208561142373758	0.05150140265611	0.092063530830126	0.131494431005638	0.155654308269066	0.155820828582879	0.133815724180193	0.10190710164733	0.0683499280077177	0.0404511146314739	0.0220406287362995	0.0111557508900511	0.00491345939291134	0.00218030597552595	0.000942504976182044	0.000343031846454949	0.000126555438497942	4.88459587185041e-05	3.33040627626164e-06	
0.000760588575112025	0.00516464177616391	0.0191987277427471	0.0490178147241918	0.0896825379123293	0.128839466740421	0.153675694845618	0.155476795357064	0.136125280759786	0.104451562106184	0.0708663349221679	0.0421914765009357	0.0233117052574291	0.011862728260215	0.00542783664966309	0.00242897641729324	0.000974713217958812	0.000349067777140856	0.000140519296868204	4.90702306523887e-05	4.46093005930806e-06	
0.000657759552589495	0.00473274190810574	0.0181436663003761	0.0464027587932066	0.0860034574254241	0.126276433223446	0.151340534069488	0.155349628795797	0.137931843156174	0.106312481573799	0.0732089732250543	0.0455428693950846	0.0252092769781923	0.0128201692083657	0.00569872155664549	0.00264778930252919	0.00109552142799711	0.000443345572798013	0.000123958082066951	4.69030580793868e-05	1.11673947808064e-05	
0.000621136053373015	0.00452222795693159	0.0170968815842097	0.0442369522328501	0.0833953352235531	0.123365887118577	0.149728420549326	0.155166712469865	0.138302198330082	0.108400529976517	0.0759796857230314	0.0470376502289043	0.0269847866352971	0.0139275237003622	0.00656438030507164	0.00281522096133093	0.00120093751326617	0.000439040411826609	0.000150815408642728	5.36232564063034e-05	5.58575587565661e-06	4.46860470052528e-06	
0.000492885975335674	0.00417784839138929	0.0162296336844729	0.042217964636822	0.0800455724820536	0.121182080757643	0.148720276639207	0.15458595352853	0.139165186896131	0.110473215040699	0.0783866718291744	0.0493041740655193	0.0278230238944	0.0149990876602714	0.00703057895744046	0.00311085595268295	0.00131065390281134	0.00052737686751492	0.000144639225267805	5.67430806819851e-05	5.56304712568481e-06	8.9008754010957e-06	1.11260942513696e-06	
0.0004344734093384	0.00388359223948263	0.0157199368846812	0.0398315443251772	0.0773618241216081	0.117516723337111	0.14703424672756	0.154886992466164	0.139927106251528	0.112459719536858	0.0804931439873769	0.051265639931551	0.029964219836878	0.0157999422183701	0.0077082916638887	0.00339355957063804	0.00148898815476587	0.000547814298731027	0.000182234371180301	6.11151854568082e-05	1.88901482321044e-05	1.00006667111141e-05	5.55592595061893e-06	4.44474076049514e-06	
0.000417401652510904	0.00361896113613177	0.0147034172540078	0.038015743591053	0.0732162462492132	0.113763042414002	0.144922741840408	0.154357573342244	0.141669007150224	0.115175103323561	0.0832505375711442	0.0539236310391414	0.0313184452676533	0.016871463603353	0.00859336753214603	0.00379546874982655	0.00151086076879612	0.000602790152429311	0.000172067170582952	5.32853173418175e-05	2.33123263370452e-05	1.6651661669318e-05	6.66066466772719e-06	2.22022155590906e-06	
0.000390237646988592	0.00329988491858626	0.0135466632470204	0.0364557135545122	0.0705158322619302	0.109739690485166	0.141001816318567	0.15352700765109	0.143511276541411	0.117722427167615	0.0864326641070909	0.0562649724677943	0.0338235440432379	0.0180858014298396	0.00885275659230779	0.00415553347034028	0.0016504952038356	0.000716356927049881	0.000206726458886308	4.64305415680478e-05	1.76878253592563e-05	2.32152707840239e-05	7.73842359467464e-06	5.5274454247676e-06	
0.000348082790830882	0.00296861747243427	0.0124604826894903	0.0342189616998777	0.0682187193637575	0.106757873170087	0.13767114988489	0.151669365409823	0.14465483625789	0.12080455591906	0.0888679598603263	0.0591894958307172	0.0359263298194596	0.0192745337783506	0.00956346452529659	0.00441382197107388	0.00189242479318815	0.000720399193681636	0.000252249870570481	6.60916691451043e-05	1.98275007435313e-05	1.76244451053611e-05	1.32183338290209e-05	4.40611127634028e-06	5.50763909542536e-06	
0.000341248618820904	0.00285068781896048	0.0120358717036865	0.0320499386081665	0.0663734049918858	0.103305064195339	0.134983030836366	0.150244854113472	0.145383981504544	0.121720419724829	0.0922139354524397	0.0608947736292723	0.0382154562581815	0.020711925816281	0.0104020479306179	0.00494536181680326	0.00210893840956198	0.000848183866072536	0.000241397736786491	5.92521717566842e-05	4.71822849173597e-05	8.77809951950878e-06	1.0972624399386e-06	1.0972624399386e-05	1.0972624399386e-06	1.0972624399386e-06	
0.000329584537338862	0.0027100389698129	0.0113011362454299	0.0307630484270277	0.0627075643483698	0.100568177463206	0.133262744574174	0.148499185893344	0.145158446945102	0.12431687856069	0.0934355738877069	0.063925165695615	0.040181939424333	0.0225650436726886	0.0111971145475987	0.00533029078991887	0.00235308030146583	0.000889111775146698	0.000364623425029372	9.96418368698886e-05	2.29942700468974e-05	1.09496524032845e-05	3.28489572098534e-06	2.18993048065689e-06	2.18993048065689e-06	
0.000277942524987471	0.00265467939220316	0.0105103856397821	0.0291894364332314	0.0598462780869676	0.0973707074840949	0.13025218359964	0.147466017696404	0.144771944875462	0.127239680563063	0.0958978309540432	0.0667138658303588	0.0417822024866008	0.0237104670528682	0.0123279546712947	0.00571314142897474	0.002580269582364	0.00110739305231228	0.000398311335021415	0.000135688476765537	4.15819525571807e-05	8.75409527519593e-06	1.09426190939949e-06	0	2.18852381879898e-06	
0.000290496595708762	0.00242701684112906	0.010287964342365	0.0273680679564716	0.05759067604587	0.0943982390425232	0.12755102600109	0.145727343183908	0.145297627464973	0.127924834828021	0.0992062317548954	0.0693431817160346	0.0439691262410508	0.0249476283967548	0.0129451860329237	0.00608508151992204	0.00279205595951026	0.00111923405365527	0.000486718824508266	0.000184163879543668	4.49447563172047e-05	1.09621356871231e-05	1.09621356871231e-06	0	0	1.09621356871231e-06	
0.000195198554214754	0.00222285095164778	0.0093826900554013	0.0267125931579617	0.0549341369372689	0.0914494260285209	0.125500607528084	0.144518210489839	0.145066521035386	0.128948384238484	0.102075684401223	0.0711849648861927	0.0453957266869322	0.0267707140757897	0.0135816522132007	0.0066970650033118	0.00308479512924776	0.00146508577770175	0.000500059217538919	0.000240160018949612	4.60580858259531e-05	1.97391796396942e-05	7.67634763765885e-06	
