# <P(N_1)> as a function of N_tot.
# number_of_species: 2
# species_total_upper_bound: 100
# species_total_lower_bound: 0
# volume: 512
# Bin widths for each species index 
1	1	1	1	1	1	1	1	1	1	1	1	1	1	1	1	1	1	1	1	1	1	1	1	1	1	1	1	1	1	1	1	1	1	1	1	1	1	1	1	1	1	1	1	1	1	1	1	1	1	1	1	1	1	1	1	1	1	1	1	1	1	1	1	1	1	1	1	1	1	1	1	1	1	1	1	1	1	1	1	1	1	1	1	1	1	1	1	1	1	1	1	1	1	1	1	1	1	1	1	1	
# Bin lower bound for each species index 
0	0	0	0	0	0	0	0	2	3	3	4	5	6	7	7	8	8	9	10	10	11	12	13	14	14	15	16	16	17	18	19	20	21	22	23	24	24	26	26	26	27	28	29	29	29	30	31	32	33	36	36	37	38	39	40	40	41	41	42	43	45	45	46	47	48	49	50	50	51	52	52	52	51	52	52	53	54	57	58	60	61	62	63	64	65	66	66	67	67	67	69	69	70	71	71	71	73	74	74	78	
# Bin upper bound for each species index 
0	1	2	3	4	5	6	7	8	9	10	11	12	13	14	15	16	17	18	19	20	21	22	23	24	25	26	27	28	29	30	31	32	33	34	35	36	37	38	39	40	41	42	43	44	45	46	47	48	49	50	51	52	53	54	55	56	57	58	59	60	61	62	63	64	65	66	67	68	69	70	71	72	73	74	75	76	77	78	79	80	81	82	83	84	85	86	87	88	89	90	91	92	93	94	95	96	97	98	99	100	
# Normalized histogram for each species index 
1	
0.079841467839484	0.920158532160516	
0.00627736912905349	0.145992300867226	0.847730330003721	
0.000465771525451906	0.0173919087603742	0.201605263648181	0.780537056065993	
3.26921874200463e-05	0.00184852998868566	0.0321527663276155	0.246504778744961	0.719461232751318	
5.6731392457845e-06	0.000182249598270827	0.00414210079182841	0.049710173498781	0.284370359549383	0.661589443422491	
3.5379244271039e-06	1.34441128229948e-05	0.000486818401169496	0.00775230000467006	0.0678566829269673	0.314471243042672	0.609415973587271	
4.94823090141922e-06	2.12067038632252e-06	5.6551210301934e-05	0.00109567969959997	0.0128639865634324	0.0870740191722741	0.33829428825707	0.560608406196033	
7.74590065811989e-06	0.000157734704310805	0.00204069273702104	0.0184042599636929	0.10718354827034	0.354911534772756	0.51729448365122	
1.33471300509228e-05	0.000292934380591306	0.00335574948701359	0.0257508287514041	0.126468974596197	0.368724302384149	0.475393863270595	
6.99881650012983e-07	2.30960944504284e-05	0.000487117628409036	0.00518122385504611	0.03396385671183	0.146215774912462	0.376993350424443	0.437134880491709	
2.09912046852369e-06	4.82797707760448e-05	0.000885828837716997	0.0074231896835226	0.0433286452976203	0.164319849982857	0.381366107600915	0.402625999706123	
2.79760189565504e-06	0.000101413068717495	0.00144286317768409	0.0104007844475715	0.052528472593293	0.181104856916651	0.382945539083897	0.37147327311029	
1.89249639199068e-05	0.00019065148837832	0.00211609133608142	0.013565694507625	0.062359157965272	0.196713785153997	0.383629345469609	0.341406349115118	
3.09025656152771e-05	0.000353272511465554	0.0029469810300387	0.016963401529677	0.0731688474045357	0.212165778217905	0.379985672446851	0.314385144293912	
4.91873546338001e-06	7.02676494768574e-05	0.000537547518497959	0.00412330567130199	0.0213943912362188	0.0841651851903902	0.226165564635697	0.375700744134408	0.287838075228546	
1.54781989567694e-05	0.000113272274183631	0.000797127246273624	0.00547295044021405	0.0265486289833497	0.0958311581773436	0.238064549718086	0.368103934698886	0.265052900262707	
2.11078675354665e-06	2.25150587044976e-05	0.000159012602100514	0.00116374709678872	0.0073075437407785	0.0324216845344765	0.106961304353638	0.247525630228155	0.35903779082244	0.245398660776164	
5.62476753890406e-06	3.51547971181504e-05	0.000209522590824176	0.00164313521730235	0.00926539832845971	0.0380937381572277	0.117784038456536	0.256919694490751	0.350292241828443	0.225751451365799	
1.47544749971369e-05	5.12893654662379e-05	0.000347784053503942	0.00227710730789147	0.0115646980215654	0.0450707055519684	0.129038422760675	0.264151473655885	0.340097674624481	0.207386090183567	
2.108754070774e-06	5.62334418873068e-06	8.85676709725082e-05	0.000540543960141736	0.00315610192592509	0.0143669414841833	0.05130176903379	0.139266336342057	0.270818850293222	0.329178619201893	0.191274537989556	
2.10566360339405e-06	1.47396452237583e-05	0.000127041704071441	0.000754529457882868	0.00412569688691674	0.0169562071102645	0.0582728364481947	0.150332449188583	0.274692941605035	0.319858022122102	0.174863430168123	
3.52131026546454e-06	2.53534339113447e-05	0.000183108133804156	0.00102117997698472	0.00511787233982616	0.0204552913320835	0.0658048377168951	0.160857678498739	0.278889885810951	0.306666685446988	0.160974585999552	
1.05587626819539e-05	4.01232981914247e-05	0.000259041644463935	0.0013353315205111	0.00640564936038535	0.0241169178830948	0.0733130088883664	0.17030087546221	0.281014429605081	0.295072366239835	0.148131697335179	
1.05552557081064e-05	5.62946971099006e-05	0.000330731345520666	0.00171839562927972	0.00781159290771258	0.027758915144892	0.0807132256650339	0.178497114544931	0.281157531561974	0.283823085470128	0.138122557777711	
4.21552578145309e-06	1.61595154955702e-05	7.37717011754291e-05	0.000420849990515067	0.00216959060218786	0.00907602700746851	0.0322290997744694	0.0875958153880743	0.187025314232318	0.281903450407852	0.27287519935924	0.126610506495423	
8.41930377970611e-06	1.96450421526476e-05	8.48946464453699e-05	0.000555674049460603	0.00276854772622669	0.0110278847341184	0.0362998282462029	0.0961259976874979	0.19442417575016	0.280954271954738	0.261222931938348	0.11650772892087	
5.59820689433175e-06	1.32957413740379e-05	0.000102867051683346	0.000688579448002805	0.00344009813656686	0.013466486684315	0.041335760156022	0.104304391303465	0.200646732851468	0.279671021371855	0.249300049194243	0.107025119854111	
7.00143319337468e-07	3.50071659668734e-06	1.1902436428737e-05	0.000144229523783518	0.000959896490811669	0.00441650405838075	0.0155480826925272	0.0460862338520695	0.112058638403281	0.205968161682696	0.278387485918367	0.237778473253475	0.0986361908282625	
3.49369632372311e-06	8.38487117693546e-06	2.79495705897849e-05	0.000235475132218937	0.00124375589124543	0.00523076213587823	0.0177486760637781	0.0517416425543392	0.11929295971279	0.21214352942985	0.274765939814792	0.227075587517442	0.0904818436095752	
6.9771644385092e-06	1.04657466577638e-05	4.3956135962608e-05	0.000328624445053783	0.00160474782085712	0.00616292934853518	0.0203426206369174	0.0571653036775936	0.126883223896509	0.217005861515845	0.270751656902125	0.216216744217849	0.0834768884916557	
2.78782945174546e-06	1.39391472587273e-05	6.89987789307001e-05	0.000395871782147855	0.00185599745749954	0.00716263081889702	0.0232916181119704	0.0623985927036928	0.134039536997285	0.220725699884584	0.266996699209929	0.205996202976287	0.0770514243020669	
6.98463519948817e-07	1.5366197438874e-05	7.54340601544722e-05	0.000465875167805861	0.00228816649135232	0.00845490090898043	0.026146283405764	0.0685416221396173	0.140998830772068	0.225887991596087	0.262323341114217	0.194367729867837	0.0704337598151586	
6.98695814392854e-07	3.00439200188927e-05	0.000101310893086964	0.000648389715756569	0.00279827673664338	0.00981877227966278	0.0294157924817536	0.0747332030032741	0.147428310315964	0.228929779673262	0.256368263000284	0.185306706501644	0.0644204527828356	
6.98963437222599e-07	4.47336599822463e-05	0.000206194213980667	0.000795420391559318	0.00334454004711014	0.011376328904235	0.0331280710706023	0.0799872788654425	0.155107675317504	0.231461043272826	0.249853567159902	0.175371324326025	0.0593231238073936	
1.32524237985632e-05	7.32370788867964e-05	0.000252493548162098	0.00106437887982144	0.00411104136151217	0.0129671479388994	0.0370998116760829	0.0861435446746181	0.16161051823952	0.232800446397433	0.24339541047639	0.165648322522146	0.05482039478273	
1.04482290251802e-05	8.42823808031205e-05	0.000351060495246056	0.00133737331522307	0.00470657890154286	0.0150426636018528	0.0408964580503605	0.0915320586493923	0.167595862501306	0.233079789642322	0.236843938285794	0.157727858461324	0.0507916274858078	
1.3902211841904e-06	1.59875436181897e-05	0.000100791035853804	0.000392737484533789	0.00164115610793677	0.00539753374761925	0.0170726112524503	0.045122408975268	0.0986188152535068	0.172259526490665	0.233605816685435	0.230625877577123	0.148673728990282	0.0464716186345248	
2.50592895830621e-05	0.000112070711746472	0.000500489700283936	0.00193931057717809	0.00639429539194469	0.0189295089144942	0.049662639313988	0.10433922481872	0.177278463698487	0.233845633383986	0.224508959740163	0.139661685668801	0.0428026587906248	
6.29085561228199e-06	2.58624064060482e-05	0.000142592727211725	0.000522141015819405	0.00216335534666808	0.00714990689533694	0.0214602054453646	0.0541600729180064	0.110199014712214	0.181141692435875	0.232766550542132	0.218304572473453	0.132226096146641	0.0397316460792592	
7.00438053958946e-07	9.80613275542524e-06	4.48280354533725e-05	0.000183514770137244	0.000645103447696189	0.0024347226755613	0.00835902773594606	0.0244915169947285	0.0587268277580799	0.11571446782818	0.184826690612309	0.231496878147594	0.211793555689728	0.124596022352379	0.0366763373813983	
1.40714463617572e-06	7.03572318087859e-06	7.10608041268738e-05	0.000213182412380621	0.000840065347796904	0.00295781802524136	0.00982749813905122	0.0272725737660397	0.0627276935914412	0.121259985450124	0.188638995636444	0.230120212366268	0.204383536970615	0.118283874544613	0.0333950600780402	
1.40850129124356e-06	2.32402713055187e-05	6.47910593972037e-05	0.000294376769869904	0.00100074016742855	0.00327687825407814	0.0111694152395614	0.0299757244802454	0.0679700468115404	0.126479894700443	0.192635791848862	0.227740573781171	0.19772400276348	0.111461749682559	0.030181365668767	
7.06271051291523e-07	2.89571131029524e-05	9.25215077191894e-05	0.000326297225696683	0.00117311621619522	0.00404198922654138	0.0127757370468124	0.033316924302575	0.0725071986676903	0.131952620512795	0.194940697951178	0.224820201047117	0.190316741378373	0.105514069978748	0.0281922215544037	
2.1242066088316e-06	1.41613773922107e-06	3.82357189589688e-05	9.62973662670326e-05	0.000412804150982941	0.00138356657121898	0.00487505416726853	0.0145076230694502	0.0363671252120666	0.0766909392675169	0.136653751490485	0.196994672489825	0.221705567970363	0.184512126387461	0.0994135773621886	0.0263451184315991	
2.83544964205993e-06	7.08862410514981e-07	2.83544964205993e-06	3.9696294988839e-05	0.000120506609787547	0.000440203556929804	0.00164952282926836	0.00584031740023293	0.0164137091154744	0.0394368513465905	0.081407885810772	0.141568329728768	0.198798336441695	0.219754435883749	0.17727727365846	0.0934060909711486	0.0238404605904399	
1.4184608423246e-06	0	3.5461521058115e-06	4.89368990601988e-05	0.000128370706230376	0.000591498171249359	0.00202272516115488	0.00675825668325557	0.0182655202666139	0.0429318450842176	0.0857622702182089	0.146148985197652	0.200676747667873	0.215778391025682	0.171491915837044	0.0875857016310172	0.0218038708377926	
1.41851718143473e-06	7.09258590717365e-07	2.83703436286946e-06	4.11369982616072e-05	0.000226962749029557	0.000730536348438886	0.00259163089048125	0.00782312225561254	0.0204614010836053	0.0465919060828145	0.0911319270626836	0.149207438987803	0.201537247069521	0.212735021699767	0.164748713227602	0.0821009374270794	0.0200670533071664	
7.10280241069114e-07	2.13084072320734e-06	3.55140120534557e-06	6.17943809730129e-05	0.000263513969436641	0.000944672720621921	0.00275020509341961	0.00871229743695375	0.0223326313396951	0.0496635047357935	0.0952656270531538	0.153710326409285	0.203069831201901	0.209277680508845	0.15773974621687	0.0772145650066234	0.0189872114042595	
7.10716395019015e-07	0	6.39644755517114e-06	7.88895198471107e-05	0.00031058306462331	0.00101632444487719	0.00318329873329017	0.00970767523956473	0.0243960509754227	0.0532667723738852	0.100069579135072	0.157839450587798	0.204055916323095	0.205492984873823	0.150118938388706	0.0727979696254027	0.0176584595506425	
2.13438060274908e-05	9.67585873246251e-05	0.000372093685079257	0.00111272375423319	0.00386322889097584	0.0105545120805942	0.0262735137596403	0.0566044850451066	0.104778166709354	0.161889211417513	0.204707732149464	0.200172884828823	0.144423574945218	0.0687149605851049	0.0164148097555423	
4.26439838578306e-06	3.05615217647786e-05	0.000129353417702086	0.000422886173256821	0.00127647658347773	0.00436958687929905	0.0116695261826954	0.0285394861968532	0.0603916992063955	0.109432991375965	0.165323618086166	0.203637105383234	0.195678316529235	0.139388968569962	0.0647634182848874	0.0149417412107196	
7.11651080321922e-06	2.56194388915892e-05	0.000143041867144706	0.000446205227361845	0.00161473630125044	0.00500290709466312	0.0131207109678953	0.0308443811233128	0.0646250346040338	0.113985865186243	0.167484946800524	0.202103213602783	0.191677525276067	0.134647942652309	0.0606604264355603	0.0136103269111568	
7.11636393654481e-06	3.34469105017606e-05	0.00014446218791186	0.000592081479520528	0.00180399825791411	0.00562690896462598	0.0146063369797582	0.0340147963438969	0.0691333407343518	0.117713910783569	0.169864048983356	0.201362499039291	0.188141718117978	0.127926604668904	0.0566604896627697	0.0123682405217149	
1.27987713179535e-05	2.70196283379018e-05	0.000177049669898356	0.000654159422917622	0.00209402119618739	0.0059706268198253	0.0163411868016226	0.0372138496926517	0.0723663861602619	0.121067844153628	0.172299903653694	0.201157577761424	0.183853638939551	0.121926072874782	0.0534874874234296	0.0113503770304717	
1.27983982093619e-05	4.19503052417973e-05	0.000204063349227048	0.000783546379262044	0.00243311770402424	0.00695308533829722	0.0177584885376124	0.040008503824588	0.0762471683543962	0.125191087195487	0.175117638610208	0.199371314239071	0.178414648193364	0.116628958793424	0.0503247238034564	0.0105089069741316	
1.42272504486919e-06	1.70727005384303e-05	5.19294641377255e-05	0.000285967734018707	0.000939709892136101	0.0028582546151422	0.00813087363142743	0.0196805555456755	0.0425295197662747	0.0796882524881683	0.129285158914831	0.177307108716823	0.197923817342022	0.173150617498238	0.111846818039869	0.046985494606805	0.00931742631884833	
4.97838314916872e-06	2.204712537489e-05	8.88996990922985e-05	0.000311504545619414	0.000996387827426482	0.00333196072197935	0.00899664954814061	0.0215613774190497	0.0453139546213264	0.0830337413473923	0.133341014267335	0.17900772289466	0.196474024574722	0.167824851946441	0.106716621185581	0.044053712486994	0.0089205514057176	
4.97011893494611e-06	1.77504247676647e-05	2.20105267119042e-05	0.000119992871429413	0.00039121936187933	0.00119850868031272	0.00368711823273931	0.00974498319744791	0.0231501039819883	0.0483336966253602	0.0880449469155797	0.136833054414992	0.180585011399323	0.193672754589017	0.163430290886861	0.101574320673494	0.0411319942886233	0.00805727281053836	
2.12803235744134e-06	1.48962265020894e-05	1.84429470978249e-05	0.000134066038518804	0.000454689580373299	0.00144564331482182	0.00419506112063603	0.0106997466932151	0.0252739309652116	0.0517693525035946	0.091845167203049	0.141279358866411	0.181311903574598	0.190512806144055	0.157871627157381	0.096473637580484	0.0389777500030147	0.00771979204867803	
1.41530296329058e-06	6.36886333480761e-06	3.46749226006192e-05	0.000146483856700575	0.000554091110128262	0.00173303847854931	0.00467616099071207	0.0117229544449359	0.027541088014153	0.0547099513489606	0.0962887218045113	0.143707032286599	0.181659796550199	0.188122777532065	0.153079168509509	0.0921128704113224	0.0370016806722689	0.00690172490048651	
1.05845792559182e-05	2.328607436302e-05	0.000189111149372405	0.000652715720781622	0.00193838928106715	0.00526265280604252	0.0132370748174513	0.0297850060261538	0.0587528825337507	0.100103305493538	0.146573136620104	0.180764150171188	0.18505443296292	0.148277959518924	0.0885216588717121	0.0344937325178033	0.00635992085557271	
7.05604759727467e-07	9.87846663618454e-06	4.79811236614678e-05	0.000232849570710064	0.000735945764395748	0.00224100071689444	0.00576055725841504	0.0144712480172506	0.0320796147962496	0.0621468448177564	0.10366533448488	0.148118434347711	0.18136441381179	0.182174448075957	0.144893114990996	0.0838321958984607	0.0321833386959295	0.0060420935575463	
7.06693803708729e-07	1.90807327001357e-05	7.63229308005427e-05	0.000259356625961104	0.000871353459972863	0.00241971958389869	0.00648179556761646	0.0162313432835821	0.0341919663048394	0.0650448043871551	0.106384271822705	0.150913755088195	0.182262692220715	0.179868413613749	0.139762833559475	0.0794634780642243	0.0302994968340118	0.0054486092265943	
1.4159823342044e-06	1.48678145091462e-05	0.000121774480741578	0.000295940307848719	0.000990479642775977	0.00274558974602233	0.00743036729873758	0.0174427783838969	0.0367964249278026	0.0674658942955028	0.110038111164525	0.154309506834593	0.182654641200696	0.175954920786408	0.134162202192365	0.0762209130678886	0.0281497288039834	0.00520444306936827	
4.2529935758532e-06	3.04797872936146e-05	0.000123336813699743	0.000345201311906752	0.00103489510345761	0.00308200267796829	0.008479051525726	0.0187613723276138	0.038609384513858	0.070693259217832	0.113935571400319	0.156254983976847	0.182234395234946	0.172551037694991	0.130028899091348	0.0729005628836998	0.0262140347370339	0.00471727870788385	
7.81422601156932e-06	2.84153673147975e-05	0.000130000305465199	0.000417705899527523	0.00121759848943907	0.00363148394283112	0.00924138783495502	0.0203993921952931	0.04124277450488	0.0746017053482694	0.116545629041642	0.15775572587411	0.181226819276133	0.170437504306704	0.125976689453423	0.0684220733414838	0.0244521339585661	0.00426514663395111	
1.42290116741926e-05	5.19358926108031e-05	0.000140867215574507	0.00048165204517142	0.0013666965713062	0.00407803474582361	0.00999730360228774	0.0221424765167949	0.044002507151857	0.078400431423634	0.119647490464784	0.160556610478671	0.180374777938487	0.166827335923488	0.120931658768379	0.0645854839891603	0.0225935361868668	0.00380697207343024	
4.97774592020389e-06	1.63554508806699e-05	6.1866270722534e-05	0.000152176803846233	0.000487819100179981	0.00171163348999011	0.00459872612370836	0.0107448201220401	0.0239529133680211	0.046556857591667	0.0812197468602868	0.123438143329216	0.162301539047928	0.179162586692778	0.163345443478051	0.116252411540122	0.0611025422770628	0.0212187086447091	0.00367073206287035	
8.54521307844862e-06	1.28178196176729e-05	4.84228741112088e-05	0.000177313171377809	0.000630921565625456	0.00196824741240266	0.00512499154379956	0.0118600436517968	0.0258407243492286	0.0491912311871793	0.0844274173161622	0.1261344660488	0.163344596398905	0.179157513200574	0.159326209948764	0.111791325896624	0.0578340021149402	0.0198441210714273	0.00327708921558504	
9.26768863132636e-06	1.21192851332729e-05	4.20610484037119e-05	0.000203176250763693	0.000717176520239563	0.00213228128433055	0.00557629695955652	0.0130068445445038	0.0273068881026404	0.0518997692345531	0.0877871112115507	0.129764750417581	0.164883587137304	0.177504040355794	0.154730477792123	0.107991385326968	0.054811962162166	0.0184954549116255	0.00312534976613344	
2.84700548404431e-06	7.11751371011078e-06	4.27050822606647e-06	5.69401096808863e-05	0.000226336935981523	0.000886130456908793	0.0023900611038552	0.00614383783456763	0.0142222158955434	0.0291860767196803	0.0554504140613601	0.0915006210030712	0.132366537721043	0.165951237913572	0.174860941575889	0.151274924643324	0.10325590664669	0.0522809852062478	0.017026516297327	0.00290608084783823	
7.09913156323587e-07	4.96939209426511e-06	3.54956578161793e-06	9.93878418853022e-06	8.23499261335361e-05	0.000282545436216788	0.00103647320823244	0.00279563800960229	0.00679741847179834	0.0153369638292148	0.0315449911012386	0.0582242374290353	0.0947088042719734	0.135226387755986	0.166767829291443	0.172426547060498	0.14750859527354	0.098959764252039	0.0495029543036	0.0161405855221731	0.00263874720205477	
1.42342675757619e-06	7.11713378788094e-07	1.42342675757619e-06	2.84685351515238e-06	7.11713378788094e-06	1.494598095455e-05	0.000111739000469731	0.000397847778742545	0.00122414701151552	0.00303261070701607	0.00748651303147197	0.0166626336241869	0.033969367856177	0.0610151879635033	0.0972990477274992	0.137627574623148	0.166565840604672	0.170880958820264	0.143423768379998	0.0951696012981652	0.047346732523878	0.0153160719115198	0.00244188860262195	
1.42401660972974e-06	1.42401660972974e-06	2.1360249145946e-06	5.69606643891894e-06	4.27204982918921e-06	2.77683238897299e-05	0.000140265636058379	0.000464229414771894	0.00136420791212109	0.00328591832695137	0.00804925388649733	0.0177809833973903	0.0362369506677926	0.0633110664602792	0.100517772439298	0.140204403344161	0.168220506123983	0.168703247754682	0.140019993193201	0.0908942681907442	0.0446621449392586	0.0139866911407655	0.00211537667375352	
7.12118838391751e-07	1.4242376767835e-06	2.13635651517525e-06	3.56059419195875e-06	6.40906954552576e-06	1.7090852121402e-05	3.06211100508453e-05	0.000157378263284577	0.000474983265207298	0.0014242376767835	0.00363750302650506	0.0087533647615114	0.019577571105066	0.0379851309586544	0.0665475054477091	0.10414453163944	0.143207098400581	0.167393502627719	0.16714497315312	0.135743380855397	0.087135573184453	0.0418063606454645	0.0128409268938801	0.00196402375628445	
1.42404195797225e-06	1.42404195797225e-06	3.56010489493062e-06	2.13606293695837e-06	1.1392335663778e-05	1.28163776217502e-05	5.696167831889e-05	0.000167324930061739	0.000588129328642539	0.00158211061530717	0.00420875600678698	0.00982660153098751	0.0209426730549189	0.040588755907104	0.0698720427098664	0.107185502113634	0.144909085601298	0.167436005334461	0.164202006047906	0.131652679014534	0.0835100925413666	0.0394431141519154	0.0119106869364799	0.00188471953137627	
7.10396799236181e-07	1.42079359847236e-06	9.23515839007036e-06	7.10396799236181e-06	7.10396799236181e-06	1.84703167801407e-05	7.17500767228543e-05	0.000216671023767035	0.000626569976926312	0.00179446231487059	0.00464812625740233	0.0106062242125962	0.0227746109867127	0.0429349617522363	0.0728945259664238	0.11061162322827	0.145570960115482	0.167295604632924	0.161346031439321	0.128051154252719	0.0806918412348401	0.0369193216563043	0.0111567817320042	0.00174473453892406	
7.10962978024845e-06	4.26577786814907e-06	4.26577786814907e-06	2.91494820990187e-05	7.74949646047081e-05	0.000266611116759317	0.000737268608211765	0.00209734078517329	0.0050563686997127	0.0118538857326082	0.024180561845603	0.0456487999300412	0.0763261414688353	0.112988369356642	0.147076200301022	0.166331210634869	0.159357374783423	0.124808128866306	0.0763645334696486	0.034826521478547	0.0102855014030854	0.00167289588729246	
1.42440098597036e-06	5.69760394388145e-06	4.27320295791109e-06	2.56392177474665e-05	0.000116088680356585	0.000278470392757206	0.000840396581722514	0.00230111979283512	0.00574888237937638	0.0127875598515489	0.0260886162585402	0.0477758334704319	0.0790343131075515	0.115370070059162	0.148759453571294	0.166547373084092	0.156465462905393	0.120668129526479	0.0730582387709129	0.0328944041695066	0.00972367333072668	0.00150487964167769	
7.13166043597267e-07	3.56583021798633e-06	3.77978003106551e-05	0.000141920042675856	0.00030523506665963	0.000965626823030699	0.00259877706286844	0.00633719346340531	0.0140094337604247	0.0278284521872089	0.0501248753742339	0.0821331937429664	0.118290712153348	0.150853160537955	0.16565563493886	0.152189633703657	0.116785931801358	0.0703524038687832	0.0310177307341759	0.00908074323312399	0.00128726470869307	
7.13858419032037e-07	4.99700893322426e-06	4.85423724941785e-05	0.000122069789654478	0.000339082749040217	0.00109148952269998	0.00293181652696457	0.00683305278697465	0.0147690168313538	0.0298771164117478	0.0528219537162755	0.0851183363101229	0.1215079830787	0.152014008757615	0.163367213053901	0.150245781453673	0.113020206476409	0.066869973544407	0.0293659937837209	0.00845779454869157	0.00119285741820253	
1.42701903572043e-06	8.56211421432256e-06	3.71024949287311e-05	0.000145555941643484	0.000405273406144601	0.00121796074698738	0.0031294527453349	0.00734843452444234	0.0159262459481578	0.0316641253836006	0.0556815692642932	0.0881426847793436	0.12391305743823	0.152065288974922	0.162060130301108	0.147077143935562	0.110055989091866	0.0641002680655259	0.027818309082334	0.00804267928532033	0.00115873945700499	
3.5635429599358e-06	1.56795890237175e-05	5.41658529910241e-05	0.000169624644892944	0.000494619762839089	0.00128073733980093	0.00346162563128164	0.00806928667847862	0.0171313764255954	0.0328701202624478	0.0578241861936942	0.0903365267429645	0.125306999225998	0.153280811461494	0.162136215716935	0.144382644690535	0.106670382254126	0.0616528567498493	0.0261927534641201	0.00761030234523889	0.00105552142473298	
1.14078986864518e-05	2.49547783766132e-05	8.27072654767753e-05	0.000183239372651131	0.000515494421894039	0.00156716008205131	0.00387369459771828	0.00852241331244737	0.018207006303577	0.0347078187598616	0.0602173062101036	0.0931519097178898	0.128088599445148	0.154353860183368	0.160637473378599	0.141627636204963	0.102420114406964	0.0588162736526737	0.0249554913702811	0.00711211183733477	0.00092332679993469	
9.99955002024909e-06	2.64273821963726e-05	8.28534144534925e-05	0.000237132186194478	0.000644970976306066	0.00184991675374608	0.00427123636579211	0.00931958061887215	0.0194698381429978	0.036624780456308	0.0630628764562738	0.0961421021768306	0.129683449959038	0.154437336034164	0.159664957934036	0.138670902666523	0.0987869831571865	0.0562053279031015	0.0235996523013607	0.00638542694150192	0.000824248623097675	
1.00003357255565e-05	2.0000671451113e-05	7.50025179416738e-05	0.000276437851842169	0.000767882921783803	0.00198435233182828	0.00451158003161535	0.0101110537282323	0.0208521286071747	0.0388363037901987	0.0653800520446044	0.0988211747108653	0.13174728008726	0.155556650830421	0.158026019444939	0.135392402459225	0.0953510582140972	0.0534632234082144	0.0221400289866874	0.00588162602601659	0.000795740999876424	
7.15577843420119e-07	9.30251196446154e-06	3.86412035446864e-05	0.00011878592200774	0.000315569828948272	0.000870858235442284	0.00211667926083671	0.00489741476036729	0.0111372535549907	0.022430503079847	0.0410197842962149	0.0683240880675964	0.101725115064917	0.133999822536695	0.155545155824231	0.15595088846145	0.131583316159465	0.0915080946165648	0.0512647122804607	0.0208784147374688	0.00549921572668361	0.000765668292459527	
1.43650710424588e-06	7.90078907335236e-06	4.59682273358683e-05	0.00014149594976822	0.000323214098455324	0.000943785167489546	0.00237454624331845	0.00545944524968648	0.011964667671264	0.0237713195610609	0.04291708624645	0.070900962890712	0.104300471317981	0.135722627716255	0.155394156001799	0.153942565572958	0.128408651794987	0.0890928888588818	0.04894610656297	0.0193662705258909	0.00518938191408826	0.000785051132470376	
2.87506684530415e-06	2.15630013397812e-06	1.00627339585645e-05	5.6063803483431e-05	0.00014519087568786	0.000399634291497277	0.00108246266725701	0.00270112530116325	0.00580188489382378	0.0130599911447941	0.0255147807186517	0.0454526505241247	0.0734349573627587	0.106626166558372	0.137505822010362	0.155650368871076	0.151602274752888	0.125325601320231	0.0856158968196011	0.0461405102668637	0.0183436452397518	0.00486964446923391	0.000656234007440673	
7.19543521589903e-07	5.03680465112932e-06	3.59771760794952e-06	1.00736093022586e-05	7.55520697669398e-05	0.000154701857141829	0.000436762917605071	0.00121818718205171	0.00287601545579484	0.00669103520726451	0.0143347460371141	0.0270490800636076	0.0475639854076574	0.0762435510911877	0.108516517121538	0.138433697662203	0.155352324485346	0.149323269317945	0.122897313944034	0.0827309554818423	0.0436201673658231	0.0172546536477259	0.00460867625578333	0.00059937975348439	
1.43669594413551e-06	7.90182769274533e-06	1.43669594413551e-05	6.89614053185047e-05	0.000157318205882839	0.000494941752754685	0.00128512452202922	0.00316575951290261	0.00725531451788435	0.0152088632646186	0.0285600786734699	0.0497132714069492	0.078675624944777	0.111229718342944	0.139711497087458	0.15423002795092	0.147675821053773	0.120209067993791	0.0792668253257888	0.0420089894065225	0.016295005398385	0.0042799172175797	0.000484166533173669	
2.87351780359793e-06	5.74703560719586e-06	7.90217395989431e-06	3.66373519958736e-05	6.53725300318529e-05	0.000187497036684765	0.000544531623781808	0.00144250593740616	0.0034748014040008	0.0079251621023231	0.016266265906717	0.0305203509714645	0.0516342414128512	0.0811639471215254	0.113145481896119	0.140328960318156	0.154030611585162	0.146063065095236	0.116559221046794	0.0767990735778601	0.0397105792868216	0.0157138321089753	0.00391588638685308	0.000455452571870272	
1.43480668849486e-06	4.30442006548458e-06	1.79350836061857e-05	3.94571839336086e-05	7.53273511459801e-05	0.000185090062815837	0.000609075439266068	0.00154815641688595	0.00391917446962371	0.00871286361588503	0.017448684138786	0.0317494024030142	0.0544602400718551	0.0835796418148583	0.115306804714201	0.141857185081454	0.153238071734595	0.143889588755707	0.113445860439223	0.0732145982971714	0.0379549413307545	0.0146852464567449	0.00362934351854775	0.000427572393171468	
3.58000011456e-06	5.01200016038401e-06	3.0788000985216e-05	4.0812001305984e-05	7.37480023599361e-05	0.000226256007240192	0.000731036023393153	0.00174131205572199	0.00424874413595981	0.0091225562919218	0.0184105085891363	0.034123845091963	0.0569606658227413	0.0864763347672427	0.117953843774523	0.142726728567255	0.152768628888596	0.140750568504018	0.109873067515938	0.070306906249821	0.0361436811565978	0.0136032844353051	0.00327140410468493	0.000406688013014016	
3.57072462857322e-06	2.85657970285858e-06	8.56973910857574e-06	2.49950724000126e-05	3.57072462857322e-05	8.71256809371867e-05	0.000247094144297267	0.000781274548731821	0.00193390445883526	0.00456338607531658	0.00977164501855349	0.0196154186746041	0.0360686036181439	0.0594589923700756	0.0889446080629819	0.120712630938472	0.143900916676427	0.151751511844808	0.137949232865521	0.106371172540271	0.0677059379722283	0.0341475537679715	0.0125653799679492	0.00295227512290434	0.000395636288845913	
7.11999686720138e-07	7.11999686720138e-07	7.11999686720138e-06	7.11999686720138e-07	9.25599592736179e-06	4.69919793235291e-05	8.7575961466577e-05	0.000266287882833332	0.000870775616858729	0.00217943104105034	0.0050808297644349	0.0106152033293105	0.0209299427908252	0.038309143143977	0.0614398769664541	0.0919291275511839	0.121729874438855	0.145098416156697	0.150448381802712	0.134818564679832	0.10292525071289	0.0654334832092674	0.0323781857535983	0.0121588186501198	0.00287363073560248	0.00036169584085383	
1.41888953448363e-06	1.41888953448363e-06	2.12833430172544e-06	1.1351116275869e-05	4.11477965000252e-05	9.79033778793703e-05	0.000377424616172645	0.000932210424155743	0.00245396944988943	0.0054378941409085	0.0113482784968	0.0226121330662983	0.0402184238549384	0.0642274536679359	0.0934317475114451	0.124105301467912	0.145510668985132	0.148401656411643	0.132376008564417	0.100319037311829	0.0625503262381762	0.0311013491511139	0.0114057435229466	0.002707950676562	0.000327054037698476	
1.41739727590418e-06	0	1.41739727590418e-06	9.21308229337714e-06	3.96871237253169e-05	0.000143865823504274	0.00040395822363269	0.00115021788939624	0.00261935016587092	0.00580140705027579	0.0123880521914025	0.0238392047834323	0.0419315723117112	0.0665340455282179	0.096308601404499	0.126516880847207	0.145243533656453	0.147320020665652	0.129612476497781	0.0971852616196457	0.0601139445670099	0.0295286374489117	0.0105085834035536	0.00254281071297209	0.000255840208300704	
7.09314936541139e-07	0	0	2.83725974616456e-06	7.80246430195253e-06	5.74545098598323e-05	0.000178038049071826	0.000486590046467221	0.00119803292781798	0.00284364358059343	0.00631786813977193	0.0130684183908339	0.025224657773276	0.0438569425263386	0.0693341164170233	0.0988714090044694	0.127705061174867	0.14527904804261	0.145307420640072	0.126982269254531	0.0946807763593843	0.0580928933027193	0.0275909324015772	0.0102318679596059	0.00240812420955717	0.000273086250568339	
4.97094835752765e-06	1.63331160318766e-05	5.53905674124509e-05	0.000235054843763093	0.000546094183848395	0.0014337635334069	0.00309121974290255	0.00692240065559707	0.0137382809892471	0.0267344704022633	0.0455260754646772	0.0711591257380083	0.101807152768605	0.129115412638423	0.144531033630596	0.144050982046355	0.125387911505757	0.0917594458670825	0.0553571910449075	0.0266975433573217	0.00952078637562474	0.00212330508414395	0.000186055495667463	
