# <P(N_2)> as a function of N_tot.
# number_of_species: 2
# species_total_upper_bound: 100
# species_total_lower_bound: 0
# volume: 512
# Bin widths for each species index 
1	1	1	1	1	1	1	1	1	1	1	1	1	1	1	1	1	1	1	1	1	1	1	1	1	1	1	1	1	1	1	1	1	1	1	1	1	1	1	1	1	1	1	1	1	1	1	1	1	1	1	1	1	1	1	1	1	1	1	1	1	1	1	1	1	1	1	1	1	1	1	1	1	1	1	1	1	1	1	1	1	1	1	1	1	1	1	1	1	1	1	1	1	1	1	1	1	1	1	1	1	
# Bin lower bound for each species index 
0	0	0	0	0	0	0	0	0	0	0	0	0	0	0	0	0	0	0	0	0	0	0	0	0	0	0	0	0	0	0	0	0	0	0	0	0	0	0	0	0	0	0	0	0	0	0	0	0	0	0	0	0	0	0	0	0	0	0	0	0	0	0	0	0	0	0	0	0	0	0	0	0	0	0	0	0	0	0	0	0	0	0	0	0	0	0	0	0	0	0	0	0	0	0	0	0	0	0	0	0	
# Bin upper bound for each species index 
0	1	2	3	4	5	6	7	6	6	7	7	7	7	7	8	8	9	9	9	10	10	10	10	10	11	11	11	12	12	12	12	12	12	12	12	12	13	12	13	14	14	14	14	15	16	16	16	16	16	14	15	15	15	15	15	16	16	17	17	17	16	17	17	17	17	17	17	18	18	18	19	20	22	22	23	23	23	21	21	20	20	20	20	20	20	20	21	21	22	23	22	23	23	23	24	25	24	24	25	22	
# Normalized histogram for each species index 
1	
0.920149161408904	0.0798508385910963	
0.847651142376125	0.146078970469121	0.00626988715475334	
0.780512044418993	0.201663588699602	0.017354354586053	0.000470012295351762	
0.719386719608638	0.246576949033989	0.0321612642025803	0.00184276262703229	3.23045277604746e-05	
0.661565901867198	0.284395835040944	0.0497046096033929	0.00414099996287041	0.000187049059395432	5.60446619911407e-06	
0.6092890999236	0.314542685249713	0.0679025850975414	0.00776025549708064	0.000487200331603784	1.46789196035573e-05	3.49498085798984e-06	
0.560548087552664	0.338296224548015	0.0871071209341595	0.0128900158593705	0.00109570023205939	5.58674433172412e-05	2.09502912439654e-06	4.8884012902586e-06	
0.517351084068734	0.354878552849308	0.107141813363988	0.0184199136307778	0.00204511073102097	0.000155870977798128	7.65437837401519e-06	
0.475395235996238	0.368789979140563	0.12643942259969	0.0257185399088571	0.00335278131605344	0.00029085204377358	1.31889948250549e-05	
0.436945859500238	0.377116846978176	0.146314885679712	0.0339463486486842	0.00516892226137408	0.000483613527064715	2.28315399043428e-05	6.91864845586144e-07	
0.402637984934895	0.381308668593974	0.164382082959104	0.0433180597207019	0.00741838120003266	0.000885002290349946	4.77444550697e-05	2.07584587259565e-06	
0.371325242886284	0.382971337689728	0.181239152231788	0.0525118417868133	0.0104007191508488	0.00144798257442174	0.000100957715313073	2.76596480309788e-06	
0.341266189124457	0.38363373769183	0.19681706289364	0.0624078273307904	0.0135466102634614	0.00212135744699725	0.000188503503947485	1.87117448771401e-05	
0.314255557754469	0.379927852482979	0.212268549862684	0.0732564639383934	0.0169668183917145	0.00294284097340124	0.00035136326865055	3.05533277087435e-05	
0.287850476378357	0.375573418393289	0.226181776756515	0.0842483947063514	0.0214273012450577	0.0041115244940998	0.000532782444158565	6.94631609072444e-05	4.86242126350711e-06	
0.264966568617972	0.368092279378266	0.238073311859533	0.0958704783473289	0.0266059965737441	0.00546976777831026	0.000794312665670182	0.000111982783864185	1.5301995310634e-05	
0.245299988939923	0.358979495730045	0.247675470905389	0.106968335486223	0.0324275895361932	0.00730104208185431	0.00116513390692702	0.000158597331808573	2.22592746397997e-05	2.08680699748122e-06	
0.225687062082847	0.350205835397016	0.256988082189591	0.117882553929708	0.0380873676213935	0.00925581624872895	0.00164098386748134	0.000211986480127831	3.47518819881691e-05	5.56030111810705e-06	
0.207266420604746	0.340016225084147	0.264310510326127	0.129093604010707	0.0450767010292093	0.0115430082806273	0.00228373615901694	0.000344505211335888	5.07033879587094e-05	1.45859061251082e-05	
0.191213010204968	0.32915835249849	0.270865000149429	0.139329820705875	0.0512757426454797	0.0143618784703182	0.00315677758479409	0.000544200098831742	8.75724296970619e-05	5.56015426648012e-06	2.08505784993005e-06	
0.174853130781262	0.319859160989204	0.274704769623851	0.150372151958464	0.0582508372204697	0.0169428719333721	0.00412260821412859	0.00075221466152422	0.000125600418575539	1.45724242546205e-05	2.08177489351721e-06	
0.160952138900591	0.306721164793003	0.278899964139862	0.160869973923064	0.0657654050628945	0.020438190003029	0.00511859957455253	0.00102497327897447	0.000181041475905817	2.50672812792669e-05	3.48156684434263e-06	
0.148141315697877	0.295087365123564	0.28100243647755	0.170332057083188	0.0733101287852419	0.0240793595544727	0.0064002784545771	0.00133867037939436	0.000258266620257571	3.96797772363383e-05	1.04420466411417e-05	
0.138162496215799	0.283837719527175	0.28122444576674	0.178448668831056	0.0807045747949572	0.0277153167072055	0.00778762540060338	0.00171828839268005	0.000334053636487008	5.63715511571827e-05	1.0439176140219e-05	
0.126648510070658	0.272892248476722	0.281947850736106	0.187096079425844	0.087511550513086	0.032148291218831	0.00906602377495085	0.00217809675335052	0.000417555390355235	7.3645376668311e-05	1.59796572016146e-05	4.16860622650817e-06	
0.116538122452151	0.261180017160809	0.28100234660533	0.194523385243508	0.0960831876098129	0.0362353874742744	0.0109991488960273	0.00276626132290829	0.000559772539515294	8.4624844883353e-05	1.9422095546999e-05	8.32375523442816e-06	
0.107050273106845	0.249309363119679	0.279687008139587	0.200671784032849	0.10426835385238	0.0413254416582204	0.0134301458760693	0.00344332557310927	0.000689772070803685	0.000103777142046693	1.52206475001816e-05	5.53478090915695e-06	
0.0985839759949953	0.237944903642272	0.278285878790227	0.20598436574415	0.112031429061779	0.0461311583411302	0.0155200715278278	0.0044012866151061	0.00095638020472903	0.000143249422850151	1.31484977495308e-05	3.46013098671863e-06	6.92026197343727e-07	
0.0904245181391803	0.227120933392996	0.274715220117448	0.212126485357729	0.119356883607617	0.0517665467884232	0.0177655966014242	0.00521774198003502	0.00123123795002679	0.000232712949612467	3.03838865962865e-05	8.28651452625997e-06	3.45271438594165e-06	
0.0834806003945355	0.216235391946428	0.27078223804103	0.216997985951998	0.126879508078601	0.0571159466956443	0.0203769806931331	0.00615453353862235	0.00159138061921806	0.000324757483384621	4.34388990514461e-05	1.03425950122491e-05	6.89506334149939e-06	
0.0769945887281927	0.20597264477459	0.267073602386524	0.220733475926107	0.134064982088677	0.0623625317975917	0.0233198407331454	0.00715626579550103	0.00184622292126042	0.000391143088129771	6.81745875437454e-05	1.37726439482314e-05	2.75452878964628e-06	
0.0704290941805016	0.194337662265984	0.262396238078417	0.225862245010597	0.141029975052985	0.0684945966531261	0.0261474523136701	0.0084706706993995	0.00228083053691275	0.000460857470858354	7.45098904980572e-05	1.51779406570117e-05	6.8990639350053e-07	
0.0644320205442827	0.185307001656597	0.256401976876643	0.228893226444554	0.147421925722924	0.0747221009040561	0.0294068335130682	0.0098409156612208	0.00279572251695062	0.000647873505285447	0.000100044364500948	2.96683287830397e-05	6.89961134489294e-07	
0.0593125131115503	0.175364225065972	0.249877855557641	0.231493391778644	0.155131032693306	0.0799500932990317	0.033122536408705	0.0113697843633031	0.0033434453289757	0.000786693018582517	0.000203574070598108	4.41652220958606e-05	6.90081595247822e-07	
0.0548415263819701	0.165675274038918	0.243368871051932	0.232767465978407	0.161659892877261	0.08612238545731	0.0371197232272343	0.0129461783294747	0.00410077084851181	0.00106255070012657	0.000249971421999964	7.23057832231301e-05	1.30839036308521e-05	
0.0507298602447951	0.157721471631523	0.236918838550485	0.233025746261985	0.167596900930739	0.091582915782394	0.0409011948169126	0.0150538403453925	0.00468670269318637	0.00133277033300003	0.000356230666921576	8.32121828137271e-05	1.03155598529414e-05	
0.0464443081348038	0.148675852472716	0.230631795184244	0.23359241313348	0.172244841389096	0.0986781166764782	0.045120091995285	0.0170700379974559	0.00539017719795865	0.00163983242147673	0.000393834230095248	0.000101546108108182	1.57808140978932e-05	1.37224470416463e-06	
0.0427685713323727	0.139604939391378	0.224669334119414	0.23380340144889	0.177239248248325	0.104348800024187	0.0496742643032018	0.0189360285462795	0.00638621994735182	0.00192947123005852	0.000502981816382777	0.00011200278151693	2.47368106417759e-05	
0.0396853873042641	0.132168934238798	0.218378995276256	0.232780688813847	0.181195550323817	0.110242093627568	0.054104330858071	0.021479720190937	0.0071270166993957	0.00214314201455349	0.00052026048904486	0.000142140133611726	2.55300239982226e-05	6.21000583740549e-06	
0.0366268935557051	0.124583848157385	0.211760183144839	0.231523203900747	0.184865797728943	0.115772319048709	0.0587151789375138	0.0245013610714886	0.00834274248472122	0.00242621277796177	0.000646483028610504	0.000181153533150751	4.42512447391147e-05	9.67995978668134e-06	6.91425699048667e-07	
0.0333555360924487	0.118183504067689	0.204292934730139	0.230236824028432	0.188699374410058	0.121212479015614	0.062784726076064	0.027309393711873	0.00982802006721949	0.00296299177432921	0.000843195502586888	0.000212535274951884	7.01505319285631e-05	6.94559722064982e-06	1.38911944412996e-06	
0.0301562066618794	0.11131471217753	0.197660410568193	0.227829129890452	0.192710263092587	0.126445994315081	0.0679903207620488	0.0300192625455061	0.0111897941180764	0.00328943938415466	0.00100865945613027	0.00029752325790748	6.39535974941312e-05	2.29398773620253e-05	1.3902955976985e-06	
0.0281199968760982	0.105375900213653	0.190190530114971	0.224847012490029	0.195028394035579	0.131986243675494	0.0726049156825446	0.0333497431148648	0.0128142728839749	0.00404991548730078	0.0011728577564807	0.000339584855770572	9.13462343037883e-05	2.85892794385902e-05	6.97299498502201e-07	
0.0262738847935259	0.0993379428604197	0.184387144328736	0.221746132871588	0.196974412159417	0.136729799984195	0.0767369471522172	0.036439367608503	0.0145628793436354	0.00486385064516828	0.00138187906180482	0.000421696899933354	0.000102801731824549	3.7763901486569e-05	1.39866301802107e-06	2.09799452703161e-06	
0.0238372887053904	0.093413316244165	0.177132031334811	0.219831139406291	0.198848582264385	0.141554343905505	0.0814417935222247	0.0394199488025326	0.0164168076172867	0.00584323489552145	0.00164798414349298	0.000444738602260113	0.000120464629273605	4.20225450954437e-05	2.80150300636291e-06	7.00375751590728e-07	2.80150300636291e-06	
0.0218411491623495	0.0876112942654018	0.171325887550741	0.215659972190451	0.200797842517213	0.14623631949584	0.0857617629908722	0.0429716409876875	0.0182437092107919	0.00674914216510799	0.00202964856803247	0.000587308529009397	0.000131058108502097	4.83583395007737e-05	3.50422750005607e-06	0	1.40169100002243e-06	
0.0200777846788858	0.0821120475120259	0.164667136814389	0.212526165403203	0.201629580610472	0.149232177732664	0.0912140326476935	0.0466525809287334	0.0204682503073953	0.00782263186451894	0.00259586036332231	0.000729056110681934	0.000227129019097064	4.06588984803386e-05	2.80406196416128e-06	7.01015491040321e-07	1.40203098208064e-06	
0.0189820893216971	0.0771816132950452	0.157658903734492	0.209192650373168	0.203055557505845	0.153786799036713	0.0953134544229055	0.0497230198906122	0.0223507853035548	0.00871943213811794	0.00276207794760898	0.000944330157481973	0.00026188486895225	6.10830659486481e-05	3.5105210315315e-06	2.1063126189189e-06	7.021042063063e-07	
0.0176641996232331	0.0727640793979037	0.150024487742427	0.205506615203761	0.204005730904655	0.157859862657844	0.100122192780718	0.0532975538256037	0.0244547173510235	0.00970023771028014	0.00319289244154386	0.00101534541770046	0.000307062939470657	7.79953919479244e-05	6.32395069848035e-06	0	7.02661188720039e-07	
0.0163813261040025	0.0686280094375116	0.144321494249236	0.200121660917661	0.204799628688066	0.161948965706389	0.104888588838841	0.0565885012851753	0.026290010091527	0.0105767641712114	0.00384954834263371	0.00111112283181609	0.000377641114357746	9.56409526120177e-05	2.10972689585333e-05	
0.0149345703509255	0.0647319295563263	0.1392045294855	0.19566289677967	0.203680698815633	0.165434005429986	0.109567259318385	0.0603748714172489	0.0285193731344962	0.011659574707281	0.00437532672666258	0.00127107211314158	0.000421582790428384	0.00012788011309661	3.02134333140342e-05	4.21582790428384e-06	
0.0135841001228458	0.0606348862374709	0.134515448598249	0.191574016354111	0.202103857470727	0.167703515247373	0.114077734796601	0.0646650165271928	0.030788844531814	0.0131155130465618	0.00501444458359776	0.00160628272546004	0.000442554460934895	0.000141420423923551	2.53290311504868e-05	7.03584198624634e-06	
0.0123515589824403	0.0566538158487168	0.12787736380009	0.188051553354345	0.201345114813147	0.169834815398469	0.117860760918505	0.0691833633498424	0.0340295756416029	0.0146126463304818	0.00562317086897794	0.00180239756866276	0.000589542998649257	0.000144219945970284	3.30650607834309e-05	7.03511931562359e-06	
0.0113563426868148	0.0534564998084311	0.122025497991163	0.183692393134453	0.201133947056694	0.172310742267824	0.120998407693687	0.0724425557043583	0.037258561722081	0.0163786103700267	0.00598819654613646	0.00208792483470595	0.000651685630226403	0.000179266273686875	2.67141898043186e-05	1.26540899073088e-05	
0.0105590830610374	0.0502821848162916	0.116629360718524	0.17834586550737	0.199291796253283	0.175185170604413	0.125129352282505	0.0762946476275104	0.0400324224308106	0.0178119499012986	0.0069737752307251	0.00243097930925881	0.000777519698103021	0.000201761440646986	4.14770905859658e-05	1.26540276363964e-05	
0.00934767511323106	0.0469790157534888	0.111730927681995	0.173035070844612	0.198019432750567	0.177359557953827	0.129328620913602	0.0796666781592292	0.042534912176886	0.0196959067948486	0.00814799230795752	0.00286727708591769	0.000934415698183729	0.000282857764058629	5.1364718348955e-05	1.68870306900674e-05	1.40725255750562e-06	
0.00893603546548448	0.0440714939131659	0.106665962986419	0.167744704806136	0.196428119062698	0.179089437759482	0.133319963408627	0.083137710224474	0.0452937865034128	0.0215656885511224	0.00898740412356625	0.00333966645556259	0.000997114910984449	0.000308211948490606	8.79600309619309e-05	2.18140876785589e-05	4.92576173386813e-06	
0.00808595410674696	0.0411640906902961	0.101565261386354	0.163407667145673	0.193693279038146	0.180567569751631	0.136828088273013	0.0880593920953422	0.048340752660593	0.0231215984990355	0.00972605290618621	0.00368776285323786	0.00120231750036013	0.000387186991641399	0.000118756082735747	2.17836601467938e-05	1.75674678603175e-05	4.91889100088891e-06	
0.00773265540959414	0.0390515245912343	0.0964918008156709	0.15787703715873	0.1905235303988	0.18125403254399	0.141315084996725	0.0918047472915697	0.0517801465792443	0.0252515359648513	0.0106624148997191	0.00418858018645711	0.00144767890453814	0.000451434304373437	0.000132692198330606	1.82539532095013e-05	1.47435775922895e-05	2.10622537032708e-06	
0.00690860802474324	0.0370532237369238	0.0921203767516655	0.15313030542435	0.18814330458949	0.181623410824046	0.143673692939548	0.0962680629563015	0.0546707345088613	0.027539879981846	0.0117405714029573	0.00466387072554392	0.00172505084802743	0.000551904209600332	0.000144979912928006	3.43189165868227e-05	6.30347447513069e-06	1.4007721055846e-06	
0.00637547259028718	0.0345412600219174	0.0885092723035027	0.148288407717339	0.185044459981128	0.180812537498158	0.14653529244547	0.100100786666825	0.0586902482788389	0.0297889905757831	0.0132601169069459	0.0052509643880126	0.00192982370365507	0.000651655995479617	0.000187185216279247	2.30489258851311e-05	1.04767844932414e-05	
0.00603329838704608	0.0322297430854196	0.0838536279065544	0.144873896520342	0.182152807704853	0.181342593983046	0.148139197511247	0.103613762737293	0.0621475832232677	0.0321326571308237	0.0144902533384647	0.00573715130252333	0.00222948465518072	0.000734081570361823	0.000231888754862155	4.74952871404415e-05	9.77844147009089e-06	6.98460105006492e-07	
0.00544973234048864	0.0303499021986417	0.0794940353763883	0.139726519978621	0.17982017982018	0.182201551949451	0.150941495479311	0.106345335336932	0.065068684816584	0.034256359886612	0.0162491570054595	0.00646412411118293	0.00241145409212636	0.000868879020139524	0.000257445635596896	7.55546974034369e-05	1.88886743508592e-05	6.99580531513305e-07	
0.00520264808548019	0.0281767456142749	0.0762540933784543	0.134216542612149	0.175956208299419	0.182527347028055	0.154256657896268	0.110082172534982	0.0674451359341666	0.0368300652907447	0.0174664835469146	0.00742364109650313	0.00274258985452075	0.000989211217977705	0.000293748759980622	0.000120584216507559	1.47224915503415e-05	1.40214205241347e-06	
0.00472140085303859	0.0262137060294542	0.0728535944620572	0.130144182752674	0.172622051405506	0.182177852299533	0.156206989245425	0.113920727911291	0.0706385296349144	0.0386113312216756	0.0187641819244815	0.00849459112893207	0.00309449328988362	0.00103383729099537	0.000346016146952286	0.00012212334598316	3.01799073406659e-05	4.21114986148826e-06	
0.00425782753019977	0.0244608780001927	0.0684073136435482	0.125971341085539	0.170563520273041	0.181252756544133	0.157710550732019	0.116514504258179	0.0745967444114695	0.0412065978389397	0.0203760928576403	0.00924862322271048	0.00363951753531366	0.00121411041089126	0.000415020360617522	0.000128726654225435	2.81369736011879e-05	7.73766774032668e-06	
0.00379851455604024	0.0226269148466185	0.0645331758780586	0.120931005982784	0.166809113898364	0.180426975301552	0.160550125806858	0.119690904773615	0.0783546675366164	0.0440144330870276	0.0221351019807094	0.0100053620285237	0.00407190050442526	0.00136270212416654	0.000484062233351817	0.000139511386031528	5.14360160621291e-05	1.40920591951039e-05	
0.00366588333417866	0.0212225340524213	0.0610788009940996	0.116222731294415	0.163299464065327	0.179145040490963	0.16231677627686	0.123536182634815	0.0811988931906428	0.0465772878662361	0.0239592667106235	0.010751097510806	0.0045908073960112	0.00170966542122437	0.000491696112078536	0.00015145367349124	6.12859050871528e-05	1.62020208851094e-05	4.9310498345985e-06	
0.00327625109414091	0.0198796850566978	0.0578968936625525	0.111825608927767	0.159342182385266	0.179130174731041	0.163251113184777	0.126175518187249	0.084434174860821	0.0491635156113894	0.0258044448394284	0.0118678581076458	0.00511504261242408	0.00195658138539222	0.000635501019552413	0.000176332136390792	4.79623410982953e-05	1.2695913820137e-05	8.46394254675799e-06	
0.00313375389689604	0.0185406124339222	0.0548657547553427	0.108014616183979	0.154840904983509	0.177589035602946	0.164756811096553	0.129711573216464	0.0877331078028284	0.051833659015949	0.0272966272082411	0.0130136560791578	0.00556366624497357	0.00212493787557042	0.000715842859079203	0.000202610355577644	4.16516061988885e-05	1.20013102606967e-05	9.17747255229747e-06	
0.00291441649661206	0.0170637112867403	0.0523636650619525	0.103333540029539	0.151401682131301	0.17488894776599	0.165937827660462	0.132231078841449	0.0914151549657824	0.055362639097151	0.0291568485969086	0.014212712944068	0.00614028659368412	0.0023972062189251	0.000882921632073238	0.000226191415718683	5.70763385458358e-05	4.22787692932117e-06	7.04646154886862e-06	2.81858461954745e-06	
0.00264523864072403	0.0161687049434478	0.0495532470234038	0.0990263778924391	0.147633692075669	0.172442994545074	0.166766694730746	0.135136977540771	0.0946263143617343	0.058169950257707	0.0315214901042494	0.0153078076706298	0.00677824832353433	0.0027977404433375	0.00104080723350486	0.000279703767005357	8.50355673558999e-05	9.83882597506279e-06	3.51386641966528e-06	4.9194129875314e-06	7.02773283933057e-07	
0.00243656238311157	0.0153547808115253	0.0473956818112978	0.0951914698479808	0.143509931862192	0.170896780342387	0.16655760015159	0.137604842975917	0.0972701907478253	0.0609732302167547	0.0339216820240303	0.0166403333842858	0.00745338727253644	0.00302897318513436	0.00122567752142646	0.000397992988279283	0.000112705978981744	1.47926597413539e-05	7.04412368635898e-06	2.81764947454359e-06	1.4088247372718e-06	7.04412368635898e-07	1.4088247372718e-06	
0.0021164736899211	0.0139931038467121	0.0446833814542232	0.0909646864533002	0.139954993229257	0.168673230271492	0.16819906689156	0.140209336438998	0.10053320482308	0.0633138454297837	0.036212554831746	0.0177652743313451	0.00806641387347095	0.00329307524190787	0.00136823964907683	0.000469936068967169	0.000139501261852323	2.88866249290164e-05	4.22731096522191e-06	5.63641462029588e-06	2.11365548261096e-06	1.40910365507397e-06	1.40910365507397e-06	
0.00197485181565889	0.0128453436686025	0.0418403674365747	0.0872316635748693	0.135787795373506	0.167035263399296	0.167298060305197	0.143169358867141	0.104145075164847	0.0665799131572477	0.0380062098979319	0.0195596989319736	0.00875684381620562	0.00363829282057171	0.00142389422741585	0.000482616301721848	0.000162046349483248	3.17047205510703e-05	1.69091842939042e-05	6.34094411021406e-06	3.5227467278967e-06	2.11364803673802e-06	1.40909869115868e-06	7.0454934557934e-07	
0.00188263433578505	0.0119303939445803	0.0394444644000397	0.083583189124811	0.13171538062246	0.164150500873703	0.167322031892798	0.144787469388704	0.107177041580652	0.069951169832211	0.0406657468311102	0.0209442189462178	0.00981181404108552	0.0042103958321448	0.00158048314609116	0.00058458155581803	0.000167627000343001	5.8458155581803e-05	1.26776722948489e-05	1.12690420398656e-05	2.11294538247481e-06	3.52157563745801e-06	1.40863025498321e-06	1.40863025498321e-06	
0.00174951499985942	0.0111557061320887	0.0369042933055923	0.0807377625326848	0.128145471926224	0.161296988781736	0.167235780358197	0.14550074507268	0.110561053785813	0.0729025501166812	0.0429724182528749	0.0228280428487081	0.0105947929260269	0.00464826946326651	0.00180996429274327	0.000624174093963506	0.000215789917620266	7.31014704641943e-05	1.82753676160486e-05	7.02898754463407e-06	7.02898754463407e-06	9.13768380802429e-06	1.40579750892681e-06	7.02898754463407e-07	
0.00167421352412802	0.0102872683096001	0.0348123860848939	0.0763863437638712	0.12485763909162	0.159364023965171	0.166247996043791	0.147036044128892	0.112979867934098	0.0763448401512982	0.0456792980683937	0.0242191165639511	0.0118531503704022	0.00503459924041354	0.00209769106258393	0.000737920162525333	0.000265904500890921	7.66761656008211e-05	2.95449445434356e-05	4.22070636334795e-06	4.22070636334795e-06	7.03451060557991e-06	
0.00150744631968856	0.00971700320517338	0.0328981307383738	0.0730614620890288	0.120685207997993	0.156558765740446	0.166572465953842	0.148660000732933	0.115299558266782	0.0790257062234488	0.0477992270373429	0.0261227268498812	0.0127896848105227	0.00573731673145608	0.00229957799959971	0.000838644750083864	0.000275554703598984	0.000114873188456865	2.53707655487556e-05	4.22846092479259e-06	5.63794789972346e-06	1.40948697493086e-06	
0.0012930383436687	0.00907103100045313	0.0310209215297942	0.0703230760761086	0.116726354408259	0.152229855916568	0.165740412671211	0.150859178807723	0.118253720661369	0.0820860548073218	0.0501398203580135	0.0278659644357991	0.0140046216239489	0.00633532323841171	0.00259807540559197	0.000968367143839223	0.000302085377232644	0.000140455584274056	3.7407768676005e-05	3.52903478075519e-06	7.05806956151037e-07	
0.00119694475259138	0.00844997774276286	0.0293399845965787	0.0668699258798674	0.112916969906802	0.150221512502915	0.163394970570986	0.152067803316682	0.121500491072375	0.0851547761204576	0.0527750888523038	0.0299306846043511	0.0148000028263158	0.00684392377426216	0.00293512898598854	0.00108954475117822	0.000337744741286115	0.000120825001589803	4.80473690532549e-05	4.94605269665859e-06	7.06578956665513e-07	
0.00115697412418189	0.00805220086426956	0.0277977513169586	0.0640587895423101	0.110023436142515	0.147031068781335	0.162001805388194	0.152121613661053	0.123969282972703	0.0882231618026194	0.0556689613084685	0.0316592760647623	0.0159377070439806	0.00735151812239628	0.0031368266700194	0.0012148934637319	0.000404022710031771	0.000144092015465876	3.67293372756155e-05	8.47600090975743e-06	1.41266681829291e-06	
0.00105563611602118	0.00761172913336932	0.0261841506398383	0.0616072342122069	0.10659948982292	0.144352593752977	0.162105768246945	0.153310682317742	0.125375135394505	0.0904396484505929	0.0578186578038394	0.0328531459155844	0.0171145710949049	0.00808380170129591	0.00347527264131305	0.00128002935458718	0.000491830463146233	0.000167942109367006	5.36285727390441e-05	1.55240605297233e-05	3.52819557493711e-06	
0.000931105926535107	0.00712412510279932	0.0249259668430285	0.0587705025077739	0.102329176652466	0.14152527716108	0.160602006925056	0.154329924925614	0.12815518902721	0.0933174266462892	0.0602670488036454	0.0347226977364737	0.0181865670851584	0.00855149142838991	0.00388537302475302	0.00156360851196002	0.000513202432593649	0.000181420942471207	8.18864954344749e-05	2.47071322431605e-05	1.12946890254448e-05	
0.000835126509998536	0.00637199405723693	0.0235935613938198	0.0561741023097153	0.0986849409224011	0.138606958067598	0.159613819399119	0.154496282944539	0.129670892270094	0.0962460320883749	0.0631556467916929	0.0366444461258545	0.0194737925138439	0.00931367592141467	0.0042781671342008	0.00184420824561912	0.000643492907788881	0.000234768841083416	8.20276673664947e-05	2.61639973496578e-05	9.8998908890597e-06	
0.000792126825162757	0.00587446911589452	0.0221250923853273	0.053462902649735	0.0952673958476995	0.135321430213273	0.157914018876665	0.155522078767111	0.131806367426613	0.0989083502190726	0.0654777691728286	0.03892949717628	0.0208598112333485	0.0101017387891068	0.00451300113514603	0.00198243883118858	0.000763129325313049	0.000274415364431384	7.42618898590085e-05	1.98031706290689e-05	9.90158531453447e-06	
0.000767281365548287	0.00548786838184398	0.0208724619671451	0.0512548203052547	0.0915161919039418	0.131458040053079	0.155825422589245	0.155471183731651	0.134019186993483	0.101835169825651	0.0683907708024998	0.0411200465894946	0.0224700792148933	0.0111259340393078	0.00490904208853563	0.00212330771241756	0.000872844545111256	0.000312438672397779	0.000119732733866723	3.82577966201362e-05	9.2102102974402e-06	7.08477715187708e-07	
0.000783763715865028	0.00516985340346904	0.019352278320043	0.0489489600550768	0.0891001368386016	0.128310370431483	0.153813984848183	0.155299722055481	0.135722698423084	0.104385662955998	0.0710074279748171	0.0430166795160295	0.0238137572579934	0.0119790673923001	0.00545931967602536	0.00236907163116734	0.00095090026144423	0.000320759923643491	0.000140821429892264	4.55180379449744e-05	7.82341277179247e-06	1.42243868578045e-06	
0.000655551008060929	0.00487428154527822	0.0183169920102497	0.0460807516415467	0.0855668452052601	0.12533053365838	0.151480684022279	0.155557058205954	0.137506272576828	0.106679004217307	0.0735626456928306	0.0455839279676851	0.0255309002259907	0.0130789899816716	0.0058109863515846	0.00268982330017617	0.0010797729416161	0.000400021353453031	0.000144491698845134	5.55189778813816e-05	9.96494474794028e-06	2.13534530313006e-06	2.84712707084008e-06	
0.00059783170218148	0.00460237778830772	0.0172295239079239	0.0435861351498676	0.0826211963047018	0.122866884470271	0.149248435056167	0.155290881819575	0.138424047227992	0.108588041228298	0.0763450322608228	0.0476997017967016	0.0270926781648918	0.0143572240372523	0.00669300736423199	0.00286374923845932	0.00121133956341897	0.000433944584777737	0.000153911379822646	7.48180318582305e-05	9.9757375810974e-06	3.5627634218205e-06	4.9878687905487e-06	7.125526843641e-07	
0.000481048743188997	0.00427393306448686	0.0162923239279765	0.0419779073383416	0.0791666755617988	0.120119152073313	0.147635709472177	0.154189642792844	0.139741101843569	0.111275967559097	0.0787155144624174	0.0498077584053661	0.0286017635133068	0.0152761440385181	0.00726767871921484	0.00316026252737032	0.00127947579919204	0.000490299680558017	0.000155842714139631	6.83146144173724e-05	1.42322113369526e-05	7.82771623532392e-06	1.42322113369526e-06	
0.000460545094625289	0.00390644741777989	0.0156848704174162	0.0397528004629653	0.0767067395471568	0.116461675458783	0.14596574597984	0.153960865767833	0.140387242260244	0.113136781893104	0.0812274843631772	0.0517262611070023	0.0305803366463633	0.0163105568751837	0.0079801716473634	0.00347152770709047	0.00143502150040894	0.000541692143755557	0.000185784033535086	6.47752760601257e-05	3.6302627242488e-05	7.82997842485036e-06	5.69452976352753e-06	2.84726488176377e-06	
0.000428766765811574	0.00362922980547641	0.0146712183731181	0.03796825703821	0.0731790389224942	0.113342325821501	0.143870092913687	0.153197014418082	0.141858515499954	0.115308395651466	0.0835455242935836	0.0545187964097361	0.0317934467657262	0.0174877111747427	0.0087794083871899	0.00393569493991221	0.00155721263205199	0.000608663932893379	0.000183452447063659	7.46608796189309e-05	3.91080798003924e-05	1.77763999092693e-05	4.26633597822462e-06	1.42211199274154e-06	
0.000413106697226152	0.00328001039154991	0.0136119366541339	0.0361439967860015	0.0703381583533084	0.109787718522441	0.140716065804632	0.152767850361681	0.14271345797988	0.117919958093094	0.0864038920045399	0.0569625868712988	0.0341437653894666	0.0184634560279152	0.00916429650839664	0.00428722414303429	0.0017681250563408	0.000734648507953724	0.000227137702942214	7.31099481345252e-05	4.04589033365819e-05	3.052162883286e-05	4.96863725186093e-06	3.54902660847209e-06	
0.000402158913661154	0.00296308988322523	0.0125915389446302	0.0341502304271452	0.0676667773547714	0.106337047403066	0.137900857915415	0.151771092279186	0.143883679782381	0.120684491463681	0.0889011928118342	0.059451548701232	0.0360873902647806	0.0196321520387262	0.00982740443946623	0.00459650645684545	0.001949196283995	0.000787325197167612	0.00025488945232045	8.63792032863747e-05	3.54013128222847e-05	2.47809189755993e-05	8.49631507734833e-06	2.83210502578278e-06	3.54013128222847e-06	
0.000364954744199902	0.00287375389485068	0.0121910414551882	0.0323849686647174	0.0654186673292795	0.102877706982989	0.134815129597759	0.150415709572262	0.145122806918469	0.121690876978485	0.0918584737973788	0.0614048710516767	0.038327307226951	0.0209619557621201	0.0106486311726412	0.00513619094545162	0.0022052584543143	0.00087532665920286	0.00026895117512604	9.24740260932054e-05	4.65899673446683e-05	9.1768117497074e-06	7.05908596131339e-07	7.05908596131339e-06	7.05908596131339e-07	7.05908596131339e-07	
0.000326401062491734	0.00270476742517396	0.0114219268355136	0.0311269840823206	0.0624924379064186	0.100288836802283	0.132342968730215	0.148390083035305	0.145599494641114	0.124029589944596	0.0934168282258133	0.064189160670923	0.0402021998306091	0.0226609565239412	0.0113804232521364	0.00546862469786798	0.00247403563961946	0.000940513406360881	0.000376346052657496	0.000103407233160097	4.78346384686163e-05	1.12552090514391e-05	2.11035169714483e-06	1.40690113142989e-06	1.40690113142989e-06	
0.000253700977205565	0.00255528186459677	0.0105324558043762	0.0295586235492134	0.0601102650507578	0.0971175774016382	0.12958778862	0.147296257383507	0.145263135701912	0.126456233067568	0.09633258019516	0.066535716670122	0.0418866638321497	0.0238738944505547	0.01238777597009	0.00583020306619768	0.00264945341846254	0.00116590005868153	0.000401283263114619	0.000146879513119011	4.56802313528025e-05	9.83881906060361e-06	1.40554558008623e-06	0	1.40554558008623e-06	
0.00027086276474197	0.00241947285181204	0.0102449443640846	0.027632223241573	0.0580807156968138	0.0945965340822747	0.126959357921575	0.145257017104456	0.145332295846865	0.127683300220067	0.0988642055911703	0.0694133323577584	0.0438157457801692	0.0251902371210032	0.0130914657826456	0.00633185683812397	0.00287184884591356	0.00120938465608168	0.000487552976535546	0.000177995531116152	5.83937908404766e-05	7.73893613548485e-06	2.81415859472176e-06	0	0	7.03539648680441e-07	
0.000184577883765248	0.00213462209087291	0.00952125992018063	0.0267271593675037	0.0554226798313437	0.091642214793706	0.125318520136249	0.143958068413581	0.14452307399671	0.129176338806091	0.101783430964701	0.0711984529273559	0.0455597394774755	0.0267081379825355	0.0137524613319901	0.00694914597503972	0.00313148356235316	0.00144703424906038	0.000548097685379248	0.000236710568492837	5.56551634253992e-05	1.62034020099263e-05	4.9314701769341e-06	
