# <P(N_2)> as a function of N_tot.
# number_of_species: 2
# species_total_upper_bound: 100
# species_total_lower_bound: 0
# volume: 512
# Bin widths for each species index 
1	1	1	1	1	1	1	1	1	1	1	1	1	1	1	1	1	1	1	1	1	1	1	1	1	1	1	1	1	1	1	1	1	1	1	1	1	1	1	1	1	1	1	1	1	1	1	1	1	1	1	1	1	1	1	1	1	1	1	1	1	1	1	1	1	1	1	1	1	1	1	1	1	1	1	1	1	1	1	1	1	1	1	1	1	1	1	1	1	1	1	1	1	1	1	1	1	1	1	1	1	
# Bin lower bound for each species index 
0	0	0	0	0	0	0	0	0	0	0	0	0	0	0	0	0	0	0	0	0	0	0	0	0	0	0	0	0	0	0	0	0	0	0	0	0	0	0	0	0	0	0	0	0	0	0	0	0	0	0	0	0	0	0	0	0	0	0	0	0	0	0	0	0	0	0	0	0	0	0	0	0	0	0	0	0	0	0	0	0	0	0	0	0	0	0	0	0	0	0	0	0	0	0	0	0	0	0	0	0	
# Bin upper bound for each species index 
0	1	2	3	4	5	6	7	6	6	7	7	7	7	7	8	8	9	9	9	10	10	10	10	10	11	11	11	12	12	12	12	12	12	12	12	13	13	13	13	14	14	14	14	15	16	16	16	16	16	14	15	15	15	15	15	16	16	17	17	18	18	19	19	17	17	17	17	18	18	18	19	20	22	22	23	23	23	21	21	20	20	20	20	20	20	20	21	21	22	23	22	23	23	23	24	25	24	24	25	22	
# Normalized histogram for each species index 
1	
0.920191040404713	0.0798089595952872	
0.847545983867927	0.146149864811125	0.00630415132094751	
0.780336427455746	0.201845802526607	0.0173449148393826	0.000472855178264401	
0.718977515262818	0.246848331430651	0.0322913254247944	0.00185172316804818	3.11047136877285e-05	
0.661484637751953	0.284373050633204	0.0498080750405138	0.00414742741341924	0.000181528336573339	5.28082433667896e-06	
0.609189298521751	0.314486210056733	0.0680606057810963	0.00775591658766024	0.000490839097673027	1.38357329545417e-05	3.29422213203374e-06	
0.560323539239315	0.33837570015481	0.0872834948986485	0.0128606386294991	0.00109335858800548	5.66780220424782e-05	1.97714030380738e-06	4.61332737555055e-06	
0.517495129937278	0.3546771314198	0.107264157323215	0.0183732841523202	0.00201433804242847	0.000168736922067835	7.22220289006297e-06	
0.475450875571694	0.36876241887643	0.12647815717618	0.0256813856259114	0.00331955421633126	0.000293864322384215	1.37442110691949e-05	
0.436866639775577	0.37718016899614	0.146275779874238	0.0340074381276491	0.00515173232139291	0.000494091139908074	2.34970687406746e-05	6.52696353907628e-07	
0.402540701895504	0.381416065561783	0.164315132173432	0.0433226431552391	0.00746005547053324	0.000895781210009767	4.76618282293827e-05	1.95870526970066e-06	
0.371385336977034	0.382975488545574	0.181229070256077	0.052417344640289	0.0104332244921397	0.00144991086506563	0.000107014123254169	2.61010056717485e-06	
0.341137501977463	0.383713420206597	0.196818017202946	0.0624113410270255	0.0135716050722411	0.00213435241851873	0.000196112013952716	1.76500812557444e-05	
0.314035241644645	0.379974516854757	0.212367837285011	0.0733138041123982	0.016992255533352	0.00292676411197917	0.000360116389617124	2.94640682414011e-05	
0.287698666158312	0.375383968350985	0.226359374068535	0.0844438854288883	0.0214164100326697	0.00407666461621508	0.00054438507087815	6.94402136138194e-05	7.20605990332088e-06	
0.264774028829741	0.367930159971346	0.238211411980336	0.0960431593324053	0.0266439604355293	0.00545658023691975	0.000803595911304003	0.000118079399212017	1.90239032063805e-05	
0.245041600548111	0.358974207528918	0.247784126034107	0.107035933055865	0.0324935784609044	0.00729699470657799	0.00116618037535652	0.000175878638489334	2.69068066345623e-05	4.59384503516917e-06	
0.225627468045351	0.349903163754584	0.257137123140419	0.117997244118502	0.0381389864101331	0.00927306247167548	0.00165208602914991	0.000225612383496454	4.00068470734991e-05	5.24679961619661e-06	
0.207053757121935	0.340066282282771	0.264373568152498	0.129075333952912	0.0450845449996098	0.0116108772203679	0.00231325560392237	0.000352858382452576	5.57490009451095e-05	1.37732825864388e-05	
0.190885198445951	0.329178082551624	0.270983994557151	0.139302254106435	0.0513931538839402	0.0144135671937018	0.00320016916962407	0.000550983364111347	8.47161549110415e-05	5.91042941239824e-06	1.97014313746608e-06	
0.174712284812128	0.319921710509918	0.274741276060968	0.150247475072117	0.0583183239122706	0.0170418693977035	0.00412502180902769	0.000754953108950687	0.000121343462342204	1.37741227523583e-05	1.96773182176548e-06	
0.160872583696636	0.306659208686354	0.279091881220696	0.160877190096241	0.0656536974582545	0.0204912396150366	0.005133503331414	0.0010226207123468	0.000171094842477585	2.3690055112281e-05	3.29028543226125e-06	
0.147868141934779	0.294786656251254	0.281193753648301	0.170691451311348	0.0732884821291665	0.0241138289604177	0.0064361456043034	0.00132737276931288	0.000246126631493811	3.8169370659468e-05	9.87138896365552e-06	
0.138133698590446	0.283240427640569	0.281524333828318	0.178732553430377	0.080786795428579	0.0277228831166266	0.00773822654940684	0.00172926414081715	0.000323990082742589	5.79494456937964e-05	9.87774642507894e-06	
0.126753353060509	0.272668649912386	0.281968322025411	0.187085740831766	0.0875589166767013	0.0321905653039913	0.00908779251064827	0.00218130708658309	0.000413889036941406	7.23812306256831e-05	1.51342573126428e-05	3.94806712503726e-06	
0.116584428960284	0.261159893222352	0.280935696944856	0.194471156372503	0.0961399512354048	0.0362338546100409	0.0110094744143519	0.00278176267196351	0.000570146398881777	8.73611417641433e-05	1.8391819318767e-05	7.88220827947158e-06	
0.106982917427683	0.249462812191281	0.279629838293367	0.200619993344112	0.104287806884913	0.0413333263455244	0.0134061113629634	0.00345568986706567	0.000691137973413134	0.000109402882995254	1.5722570011294e-05	5.24085667043135e-06	
0.0985690416736612	0.238032724106094	0.278423755665604	0.205945998405238	0.111895013219741	0.0461327010240054	0.0154879501007218	0.00439674437636394	0.000957382071512506	0.000142295828437133	1.245908175256e-05	3.2787057243579e-06	6.5574114487158e-07	
0.0904661443950907	0.227110265960649	0.274889477527752	0.212165847836272	0.119197406615382	0.0517067182481828	0.0177372535983604	0.00521202777654175	0.00124329601700305	0.000228373847333719	3.2063949912184e-05	7.8523958968614e-06	3.27183162369225e-06	
0.0834913867167211	0.216303269108017	0.270798202797463	0.217178742206493	0.126733224400089	0.0569580184515756	0.0203743496835557	0.00618645878318386	0.00159479838311879	0.000316215656464356	4.44269930569757e-05	1.4373438930198e-05	6.53338133190819e-06	
0.0769536327945883	0.205864339055175	0.267225696956098	0.220908063303136	0.134079866625879	0.0621649421999816	0.023253068394025	0.00721464767198628	0.00184850479182797	0.000392008249784265	7.37053780792379e-05	1.8915539507061e-05	2.60903993200842e-06	
0.0704824318153758	0.194174053293459	0.262532115413635	0.22587889916887	0.141169984197877	0.06830514885286	0.0261215162982662	0.00847526827353154	0.00229878750227821	0.000462501151353502	8.03497762944643e-05	1.76377557719556e-05	1.30650042755226e-06	
0.0645159604797451	0.185580214530689	0.256082865303387	0.228827945029042	0.147551733664781	0.0745919664964799	0.0293756690612992	0.00985981634981709	0.00281895650276964	0.00066097867951874	0.000101889994076011	3.13507674080035e-05	6.53140987666739e-07	
0.0593563037573119	0.175512601243074	0.249886001507785	0.231326785660623	0.155051015141874	0.0798714593505548	0.0332372566671153	0.0113704513295033	0.00335266625814485	0.00078851679142261	0.000197292519477737	4.89964866252657e-05	6.53286488336876e-07	
0.0548974552416076	0.16565674875768	0.2433492455447	0.232749508842786	0.161577519377318	0.0862128437040915	0.0371173358772006	0.0129653767581733	0.00406618836571961	0.00107653575878818	0.000248431328951118	6.91173776084474e-05	1.36930653752585e-05	
0.0508270451414558	0.157790898758211	0.236939721289533	0.232782187020651	0.167463369993193	0.0916025363369016	0.041069247729249	0.0150343421579707	0.00472485564569445	0.0013209273848178	0.000351726226726634	8.27207977671898e-05	9.77017296462872e-06	6.51344864308581e-07	
0.046557813845429	0.148876866338484	0.23070104466215	0.233425289597245	0.172089486767071	0.0984887329206674	0.0451476011762603	0.0170947669412357	0.00546083735438904	0.00165196341245471	0.0003834218777924	0.00010072947636919	1.55968221474874e-05	5.84880830530779e-06	
0.0428891878015021	0.139822773887359	0.224644542361102	0.233647061426542	0.177259301052073	0.104112044074209	0.0496615758247808	0.0189577407412469	0.00645221747389341	0.0019177695305662	0.000503682937447655	0.000107374269610934	2.40778665188155e-05	6.50753149157177e-07	
0.0396625150872956	0.132151966233211	0.218498674409137	0.232725659217611	0.181202422331877	0.110160946400647	0.0540816239844053	0.0215094026443855	0.00716283039298525	0.00215388093926461	0.000518865735975758	0.000141152391650836	2.41788819031525e-05	5.88134965211817e-06	
0.0365587063872555	0.124694024572256	0.21156454617489	0.231518626141703	0.184929225699777	0.115663782651283	0.0588369236849354	0.0245395401060911	0.00836807216341721	0.00243406274516475	0.000661515439613324	0.000179283116176114	4.18763483039097e-05	9.16045119148026e-06	6.5431794224859e-07	
0.0333027961862302	0.118246449235169	0.204266569578693	0.230183275457334	0.188841805310572	0.121185375817208	0.062713091892716	0.0272718191640095	0.0098571019239717	0.00299807313668637	0.000846452915399397	0.000212927596730904	6.63755779932757e-05	6.57183940527482e-06	1.31436788105496e-06	
0.030121104181703	0.111359660405637	0.197671473244509	0.227782708557165	0.192721906454964	0.12653929684966	0.0679004507441456	0.0299717552967865	0.0112070876901649	0.00333436188879627	0.00101057219044812	0.000294750222214035	6.18449126966948e-05	2.17115119041588e-05	1.31584920631266e-06	
0.0281473517794914	0.105259195618251	0.190276441426657	0.224999851414632	0.194823153694724	0.132115505642612	0.0725723957442509	0.0332725564145624	0.0128166436744567	0.00409105047213826	0.00117547535761196	0.000334812363095093	8.78304621137028e-05	2.70755559899385e-05	6.60379414388743e-07	
0.0263222562160995	0.0993019369444855	0.184282950344726	0.221754742013408	0.197055934463278	0.136784326401276	0.0767028161634815	0.0363669722583025	0.0145613608619711	0.00490280172399518	0.00140420692446228	0.000421262077338683	9.93542635232744e-05	3.57675348683788e-05	1.32472351364366e-06	1.98708527046549e-06	
0.0237886070082871	0.0934789685746925	0.176986069220941	0.219765647843219	0.199038218642487	0.141620415277909	0.0814470877703394	0.0393849001785521	0.016364736982038	0.00586377659302911	0.00166219899578516	0.000437595268136501	0.000116029048369527	3.97813880124091e-05	2.65209253416061e-06	6.63023133540152e-07	2.65209253416061e-06	
0.0218294004725536	0.0876426317067249	0.171333829501298	0.215579010768437	0.20076760102789	0.146350976482434	0.0856970960907536	0.0430392543152683	0.0182209061831284	0.00673342381102103	0.00203906460398765	0.000591686931280737	0.000124705317355133	4.57695047739583e-05	3.31663078072162e-06	0	1.32665231228865e-06	
0.0200010750411933	0.0820893491952786	0.164680384280774	0.212743352496053	0.20166312854241	0.149282741806295	0.0911741108845266	0.0465857819829732	0.0204543177171434	0.00774825986001902	0.00259138016044658	0.000723993791305306	0.000218989872713795	3.84891291436368e-05	2.65442269956116e-06	6.63605674890289e-07	1.32721134978058e-06	
0.0189187572288916	0.0771912681636289	0.157783272843298	0.209333413100413	0.20323189619644	0.153751046942927	0.0952059984844255	0.0496131296613887	0.0222822691075393	0.0086872997513926	0.0027439875563355	0.000939257368484027	0.000254589930735585	5.78311330913732e-05	3.32362833858467e-06	1.9941770031508e-06	6.64725667716933e-07	
0.0176216640502355	0.0728188276614427	0.150090466434292	0.205491844717026	0.204056355267009	0.157926456110475	0.100120400180933	0.0532255274991352	0.0243607482106271	0.00969853391160897	0.00318827661442674	0.00101641699704654	0.000303993826996248	7.38365750472288e-05	5.98674932815369e-06	0	6.65194369794854e-07	
0.0163365476587477	0.0688094615256098	0.144291194319251	0.200013711970084	0.204895439571814	0.161874466248252	0.104889914846003	0.0566011487435908	0.0263090105615451	0.0105642076311773	0.00382670466080513	0.00110228264364121	0.000375415103269107	9.05256277386498e-05	1.9968888471761e-05	
0.0150152147967391	0.0647749846654541	0.139135890022366	0.195415336674779	0.203616158686272	0.165495342422739	0.109557180891759	0.0604826423584731	0.0286147283490183	0.0117134641969954	0.0043522168896884	0.00125736623685587	0.000413134620681213	0.000123740804262006	2.86067450713239e-05	3.99163884716148e-06	
0.0136332619873283	0.0606909722870082	0.134512097279345	0.191345454157748	0.202000709017584	0.167725972700158	0.114002564191413	0.0647544959977823	0.0308909099147846	0.0132074516148808	0.00503842288900676	0.00160261963338993	0.000429808591907071	0.000134606721806555	2.39893167576039e-05	6.66369909933443e-06	
0.0123366057709862	0.0566917507652493	0.127982207036429	0.187972825485835	0.201304888400859	0.169810063578662	0.117835073939678	0.0690729988579561	0.0340807479654428	0.0146393500077957	0.0056729063750568	0.00184765907658357	0.00057835127243943	0.000136592178398713	3.13162555353147e-05	6.66303309262016e-06	
0.0113092214624898	0.0533846113903059	0.122139991225834	0.183557158900952	0.201049571377311	0.172408375534322	0.121031570356099	0.0723981900452489	0.0372316240129895	0.0164365833475908	0.0060493816476127	0.00213895270537907	0.000657063902959584	0.000170423869460642	2.5297293123064e-05	1.19829283214514e-05	
0.010508815691745	0.0502892420075765	0.11668645527464	0.178408942676041	0.199200957307188	0.175179761312118	0.125189345032571	0.0761792634910831	0.0399448137430551	0.0178550036338273	0.00703405149120028	0.00246980462520998	0.000801305515697335	0.000198995306639122	4.12632408415571e-05	1.19796505669037e-05	
0.0093513714034916	0.0470052767549056	0.111632370756801	0.173194511322412	0.19795390048958	0.17727578786686	0.129357418725787	0.0796734712362578	0.0424764450802569	0.0196964217567738	0.00819785133577224	0.00288313416464035	0.000949056637702124	0.000282385975007509	5.32803726429263e-05	1.59841117928779e-05	1.33200931607316e-06	
0.00894659818110483	0.0441001811168227	0.106734361771361	0.167865119591058	0.196239644400866	0.179037875997258	0.133292389429812	0.0831911731693979	0.0452465660077229	0.0215408452073984	0.00900654858213971	0.00337254311599537	0.00100383615955067	0.000306413160844928	8.79272548511531e-05	2.33140448468967e-05	4.66280896937933e-06	
0.0080685661831957	0.0411357188706668	0.101644643848965	0.163314963432034	0.193565102287202	0.180618146624406	0.136957425508775	0.0881282988495808	0.0482165009827953	0.0230768974932901	0.0098053366946816	0.00372231627049985	0.00120463094458099	0.000378484266961117	0.000117735879177711	2.39462805107209e-05	1.66293614657784e-05	4.65622121041796e-06	
0.00769918022543136	0.0390549591974027	0.0963826749167063	0.157769378242337	0.190442699539193	0.181250481946612	0.141432385216936	0.0919368005126582	0.0517909800866307	0.0252307360953417	0.0107191574110759	0.00421786379989311	0.00146312343949011	0.000442726129350482	0.000132286035646766	1.86131105432635e-05	1.39598329074476e-05	1.99426184392109e-06	
0.00692018350387914	0.0370031235972489	0.0920980481992737	0.153127210835189	0.187930356578086	0.181652662085921	0.143747136481507	0.0962195256985659	0.0547561094472406	0.0276044840296062	0.0117756499979777	0.0047009773922107	0.0017212605515062	0.000552978158688818	0.000144543451551754	3.58043412100674e-05	5.9673902016779e-06	1.32608671148398e-06	2.65217342296795e-06	
0.00636348725979853	0.0344324049775671	0.0884314420553627	0.148235127613646	0.18485328663337	0.180916945314484	0.146684928680268	0.100048675188352	0.0587237048167273	0.0299173844493355	0.0133241714636418	0.00526300474054008	0.00192981249470922	0.000648120714467113	0.000185838694658427	2.44698637094726e-05	1.19042580208245e-05	1.32269533564717e-06	3.96808600694151e-06	
0.00597283727621695	0.0320426786132228	0.0837036880319785	0.144682297155597	0.182195338357199	0.181356999009596	0.148321932887894	0.103753089227604	0.0621957879398141	0.0321914375668589	0.0145347414966076	0.00577647545741725	0.00225055768078841	0.000727265995554421	0.000230080514957217	4.49582615433642e-05	1.05784144807916e-05	3.30575452524737e-06	3.30575452524737e-06	2.6446036201979e-06	
0.00542735807180384	0.0301472780394729	0.0794334134981681	0.13969484361232	0.179756060395259	0.182280921431837	0.150920570561618	0.10651521475563	0.0651541351141852	0.0343668634348975	0.0162138347279365	0.00645757557688868	0.0024181954299419	0.00086723775829971	0.000251757332432307	7.15520839544452e-05	1.78880209886113e-05	1.98755788762348e-06	1.32503859174898e-06	1.98755788762348e-06	
0.00515712834833068	0.0280181389568439	0.0761300813224142	0.13438225055115	0.176073023449524	0.182276323506847	0.154268148090089	0.110225979731503	0.0675255681044498	0.0368704122049381	0.0175597430469436	0.00738564014748696	0.0027253603314272	0.000979083872416205	0.0002922638425123	0.000114912828987791	1.39489561199052e-05	1.99270801712932e-06	
0.00470162099175005	0.0261186386116883	0.0727071865829877	0.130208097775626	0.172750817412958	0.181913956810799	0.156120554111541	0.114101271413027	0.0708023283964872	0.0385999824412514	0.0188064839670002	0.00854725298698258	0.00309007372014015	0.00103955773236742	0.000339203098853094	0.00011971874077168	2.85994769621237e-05	4.65572880778757e-06	
0.0042560822842575	0.0243991383833421	0.0683159874424239	0.125949768362188	0.170489296126392	0.181209503383732	0.157687715295829	0.11661492122181	0.0746967774710311	0.0412601310291999	0.0203890608551765	0.00928351281458108	0.00364940388847518	0.00122002358712268	0.000414008004154747	0.000125335756491292	2.93339004554088e-05	1.00001933370712e-05	
0.00382005492121596	0.0226132833515559	0.0645337637319727	0.120946823607312	0.166696036300868	0.18033422643721	0.160436299265893	0.119684596828347	0.0784616452602083	0.0440945008029925	0.0221981035226206	0.0100370724882622	0.00409439400432268	0.0013643530069833	0.000483931472633508	0.0001341658289646	4.87268931065464e-05	1.80222755325582e-05	
0.00368736190749554	0.021240379416457	0.0610977978626117	0.116282733347129	0.163191130038916	0.179117409501432	0.162317350759968	0.123465879887056	0.081252795225921	0.046589991255532	0.0239972231307865	0.0107296624368362	0.00460719983445587	0.00170951010953948	0.000487287145632105	0.000147521176965336	5.80739474931413e-05	1.60203993084528e-05	4.67261646496539e-06	
0.00330024616425797	0.0198375891016309	0.0578516099650716	0.11184724842394	0.159340031016295	0.179086002341938	0.163331757329255	0.126233245482809	0.0844501896889209	0.0491338776454633	0.0258108005989261	0.0118681800764106	0.00508177722435588	0.00195674169738983	0.000633299517234507	0.000171866922839777	4.54745165490459e-05	1.20373720276886e-05	8.02491468512575e-06	
0.00313951246163488	0.0184949355358798	0.054730225557466	0.107874960496644	0.154979029744018	0.177422292212349	0.164943249077362	0.129797314307446	0.0878132816977605	0.0518766102639092	0.027270706453911	0.0129865608244551	0.00556796451929103	0.0021110861146374	0.000726460017247567	0.00020622090812189	3.95033557765958e-05	1.13823228508835e-05	8.70412923891094e-06	
0.00292269208626455	0.0170533834289845	0.0522768045500652	0.103127367457485	0.151381542039358	0.174984403616355	0.166031109854039	0.132314169005288	0.0914493035621271	0.0553412515487727	0.0292108731367086	0.0141601121736043	0.00616366407027834	0.00239512309608777	0.000878612995047271	0.000237372612817185	5.8841661768767e-05	4.01193148423411e-06	6.68655247372352e-06	2.67462098948941e-06	
0.00264625107758333	0.0161670861346052	0.0495768400319205	0.09902156768024	0.147492800542328	0.17230457375741	0.166905314120545	0.13514496331546	0.0946091475148193	0.0581921688049301	0.0316522588548659	0.0153123590467624	0.00676975880815947	0.00279437708343898	0.00102620629281976	0.000278236686674798	8.74076881400445e-05	1.00085139091654e-05	3.33617130305513e-06	4.67063982427719e-06	6.67234260611026e-07	
0.00244407874280067	0.0153184557701991	0.0474351884481671	0.0950984017530497	0.143594808522646	0.170779249871778	0.166738997131969	0.137681542223717	0.0972709904904942	0.0608685941565454	0.0339235454722355	0.0166551762645516	0.00742585347162829	0.00301447523188657	0.00121301199437494	0.000391186337767001	0.000119027637816284	1.47112810784171e-05	6.68694594473507e-06	2.67477837789403e-06	1.33738918894701e-06	6.68694594473507e-07	1.33738918894701e-06	
0.00213490227352708	0.013914665460613	0.0447426275287988	0.0910240439103435	0.139901999221239	0.168686717308431	0.168307372404297	0.140096689463043	0.100635452892321	0.0632094318390132	0.0361916447779528	0.01781181548985	0.00807128205196824	0.00326758467687441	0.00135413419041642	0.000462974733087038	0.000145181383063421	2.74305838967754e-05	4.014231789772e-06	5.35230905302934e-06	2.007115894886e-06	1.33807726325733e-06	1.33807726325733e-06	
0.00198155368263822	0.0128028042899533	0.0418702761593862	0.0872813832998055	0.135833129221927	0.166933015321071	0.167418198171429	0.143150355823064	0.104090124889412	0.066492803901807	0.0379868057033411	0.0196201252507893	0.00878415185353233	0.00362515241433679	0.00142476453574359	0.000473136931315508	0.000165965995708976	3.61377571301803e-05	1.67304431158242e-05	6.02295952169671e-06	3.34608862316484e-06	2.0076531738989e-06	1.33843544926594e-06	6.69217724632968e-07	
0.00189358595415395	0.0119140067168457	0.0395338741858952	0.0837224515349685	0.131769101573395	0.164035645702108	0.167364638034791	0.144633580081429	0.107299636733828	0.0698493090852662	0.0405144453652628	0.0209926510671571	0.00981975817482661	0.00422461634985388	0.00157185693827686	0.000585265881273298	0.000172569825564012	6.82252798741444e-05	1.60530070292105e-05	1.07020046861403e-05	2.00662587865131e-06	3.34437646441884e-06	1.33775058576754e-06	1.33775058576754e-06	
0.00174390667129395	0.0112242718705785	0.0371052350569957	0.0808470594516672	0.128212178648656	0.161295683280387	0.16729157211885	0.145292186123495	0.110386689447129	0.072824287888091	0.0428768787207347	0.0228096051683174	0.0106409674577538	0.00466109613177074	0.00181465068474866	0.000626017779438853	0.000220908192957634	7.87527696948664e-05	2.33588723671214e-05	7.34135988680958e-06	6.67396353346325e-06	8.67615259350223e-06	1.33479270669265e-06	6.67396353346325e-07	
0.00165415481233554	0.0103294558378047	0.0350029304841106	0.0766945741319025	0.12497413297055	0.159451044894483	0.166177140087821	0.146979465250066	0.112817630433244	0.0761832413690901	0.0454585506720087	0.024154131448567	0.0118347500677549	0.00505658704739374	0.00209873395075986	0.000731619723292876	0.000270352178771546	8.14394217534041e-05	3.07066672184966e-05	8.6779711704447e-06	4.00521746328217e-06	6.67536243880361e-06	
0.00149740409865093	0.00972945162001617	0.0329769676397677	0.0732124362717912	0.120926238983289	0.156580626624526	0.166582029814445	0.148524311935801	0.115208574158587	0.0788525915581422	0.0477565665947253	0.0260278366152386	0.0127590054724407	0.00578715613494678	0.0023025678375507	0.000847259436452201	0.000281974355033777	0.000111587007797727	2.47228699911131e-05	4.00911405261294e-06	5.34548540348392e-06	1.33637135087098e-06	
0.00131131659531365	0.00904139411687176	0.0311457762559369	0.0702263559916798	0.116617525746296	0.152502105800502	0.16578989095332	0.15098673228602	0.118220543380159	0.0819546110507861	0.0500755679640003	0.0278440683998793	0.0138939345586115	0.00632108122067518	0.00258516700218977	0.000982149368326753	0.000321138758035996	0.00014116724571999	3.54590711998079e-05	3.34519539620829e-06	6.69039079241658e-07	
0.00119584307271409	0.00845057974284687	0.0294287204546078	0.0667937947394957	0.112818353044211	0.150253062088092	0.163606196690072	0.152212878814763	0.121469132719164	0.0851505885141482	0.0527275734228229	0.0298016681542169	0.0147491776068006	0.00679407595679163	0.00291461640286922	0.00109674745414652	0.000355539009860684	0.000124539088199787	5.15565042547507e-05	4.68695493225007e-06	6.69564990321438e-07	
0.00116152100372543	0.00806307005523916	0.0278330139596626	0.0641044512482336	0.109876140110478	0.146828030659872	0.16225498329979	0.152201403459941	0.123914753993063	0.0881625219457886	0.0558018509399221	0.0316079572217702	0.0158551631482037	0.00733176679655719	0.00315069263049715	0.0012284288956451	0.000414159850982743	0.000153219072496039	4.61664454245707e-05	9.36710486875348e-06	1.33815783839335e-06	
0.00109140828427677	0.00759842056579461	0.0262506081944511	0.0617016612397008	0.10656769805752	0.144032476246999	0.162061097476862	0.153429414689701	0.125392318838255	0.0903389313956659	0.0579181570772447	0.0328805960572959	0.0171423950296478	0.00806225237797347	0.00350146234006491	0.00129057525838239	0.00049658074416267	0.00016842307877388	5.680937180865e-05	1.537194766587e-05	3.34172775345e-06	
0.000954486319809772	0.00711082275115465	0.0249143002384544	0.0588764886675652	0.102444408027852	0.141405108207445	0.160449351022879	0.154386657257808	0.128141293405884	0.0933904999515065	0.0602088900334104	0.0346912634736747	0.0182134985903434	0.00852549588808364	0.00389821042175988	0.00156383252678013	0.000521054550197486	0.000190629713486885	7.89273901454471e-05	2.40795427562381e-05	1.07020190027725e-05	
0.000846063927062993	0.00637997849671254	0.0236388787475842	0.0561389876037902	0.0988608616722323	0.138573615265324	0.159494773227402	0.154419729433713	0.129650755797012	0.0962556814565965	0.0631633948398809	0.0366848763560971	0.0194487521729373	0.00931273215679313	0.00426649338991623	0.00185223021245382	0.000653137235856229	0.000245847554419729	7.90463526472155e-05	2.47857207453133e-05	9.37838082255099e-06	
0.00080397485166664	0.0058850959141998	0.0220999287142298	0.0533598109051149	0.0954633039078538	0.135431573700375	0.157799494031827	0.15543647794697	0.131746688963569	0.0988647875094467	0.06551055082997	0.0389097029044931	0.0208986562900312	0.0101186934872677	0.00452637841488318	0.00199050773691799	0.000780525585159696	0.000274691407652769	7.10177785638865e-05	1.87594132055549e-05	9.37970660277747e-06	
0.000773379109499606	0.00549891344263131	0.0208261864018201	0.0512967862472786	0.0916246130586942	0.131486532663519	0.156058774126978	0.155458599713877	0.133918783109454	0.101563743020623	0.0683265673850186	0.0411367867306405	0.0224642463212464	0.01112605206748	0.00493230583115764	0.00213484858351454	0.000890191579163609	0.000320227287527181	0.000116812469664003	3.6252145757794e-05	8.72736842317264e-06	6.71336032551742e-07	
0.000783706453078019	0.00515372910846147	0.0193386137492975	0.0489375150777574	0.0891888941450457	0.128261007268321	0.154016849351808	0.15536795119052	0.135693078180615	0.104265303839555	0.0709439653255381	0.0429414531521442	0.0238056731452168	0.0119806681249132	0.0054502302600989	0.00237470467811431	0.00096362874282164	0.000336259260606992	0.000143533512042664	4.44751727456141e-05	7.41252879093569e-06	1.34773250744285e-06	
0.000651311185157117	0.00488011424240912	0.018332454580147	0.0460239677122256	0.0854963921675447	0.125324812798602	0.151703590032646	0.155862272631041	0.137345077611212	0.106598604872563	0.0734734304142096	0.045486602272712	0.0255514906665624	0.0130235267624171	0.0058328085536172	0.0026888499031124	0.00109158675856043	0.000413980401331749	0.000145634799165567	5.93326959563419e-05	9.43929253850894e-06	2.0227055439662e-06	2.69694072528827e-06	
0.000597321569585601	0.00461186246890216	0.0172129852984651	0.0435646531417765	0.0825397168223302	0.122852510842905	0.149139384482058	0.155518913833158	0.138557681015433	0.108597785928049	0.076258053717095	0.0476007921091458	0.0271339228705992	0.0143782388665334	0.00666097917541276	0.00286511871513093	0.00122434048274382	0.000436685938442806	0.000156585993382892	7.42433589315436e-05	9.44915477310555e-06	3.37469813325198e-06	4.72457738655277e-06	6.74939626650396e-07	
0.000488907531064173	0.00425653011872698	0.016292422000704	0.0420743705905598	0.0791976251906739	0.120126940625721	0.14741809618733	0.1542924732517	0.139897686826741	0.111230846625999	0.0786770229644925	0.0497316740598477	0.028602102100077	0.0152572867452785	0.00726685179965176	0.00314856450005327	0.00128532104028733	0.000503068990584652	0.00015982218601684	6.94585871718756e-05	1.41614595204795e-05	7.41790736787021e-06	1.34871043052186e-06	
0.000479357620336629	0.00392655243437486	0.0156859836775696	0.0398305056177881	0.0767134001018045	0.116456933661894	0.1458501181539	0.153821882574238	0.140413353244766	0.113259193586991	0.0811874045582797	0.0517942200662741	0.030558205543963	0.0163129915353939	0.00799468728825843	0.00345730784400314	0.00141784680108007	0.000536664790137773	0.000185405549356643	6.67459977683914e-05	3.57327058760075e-05	7.41622197426571e-06	5.39361598128415e-06	2.69680799064208e-06	
0.000431061482164494	0.00365189899421233	0.0147113201459951	0.0380014373206296	0.0732090574099806	0.113387355215541	0.143771127906045	0.153092832457852	0.141936422472582	0.11540256764466	0.0834750560211543	0.0544821301441968	0.0318035814473832	0.017452601759135	0.00876132462499335	0.00395566263242512	0.00154239186586983	0.000602139007898528	0.000182527596354028	8.48652293011348e-05	4.04120139529214e-05	1.68383391470506e-05	4.04120139529214e-06	1.34706713176404e-06	
0.000428855379614312	0.00330581623345327	0.0136501037520813	0.0362725611202939	0.070414289084824	0.109957040521456	0.140678680442918	0.152742422602695	0.142606513089836	0.117809530403359	0.0863478124678611	0.0568482087221656	0.0341403835902993	0.0184938841055307	0.00912359571709258	0.00430065316422002	0.00176717992634174	0.000727306458844336	0.0002245104965379	8.13346409613351e-05	4.1003414038359e-05	3.02484201922321e-05	4.70530980768054e-06	3.36093557691467e-06	
0.000402775869637334	0.0029923365356584	0.0126616381115776	0.0341783137697744	0.0677615111131961	0.10655733859645	0.13810186007392	0.151861916904858	0.14370453273643	0.120492311404053	0.0887306528521022	0.0593568319432763	0.0360722315860724	0.0196361613650148	0.00978055081778245	0.00457127155872921	0.00195021261338543	0.000768692050705528	0.000251316058425957	9.31544856565548e-05	3.35088077901276e-05	2.68070462321021e-05	8.04211386963063e-06	2.68070462321021e-06	3.35088077901276e-06	
0.000370279273450575	0.00287334042701087	0.01221587415317	0.0324288448890766	0.0653756797365002	0.103160874981954	0.135030290716016	0.15054860149395	0.145075285663107	0.121497719507435	0.0915939921185321	0.0613574144080077	0.0382804604830474	0.0209849428673785	0.0106111078435042	0.00509568444185412	0.00221031328032681	0.000862871014485004	0.00026400778522198	9.55775019917549e-05	4.74545639259762e-05	1.06939862368397e-05	6.68374139802482e-07	6.68374139802482e-06	6.68374139802482e-07	6.68374139802482e-07	
0.000330931582392309	0.00270072132431229	0.0114168066633773	0.0311488519603868	0.062496129698546	0.100424085160615	0.132662281323806	0.148440459948289	0.14546940014822	0.1237764021145	0.0933306965344072	0.0641001823785924	0.040253132696906	0.0226371851239262	0.0113815161726997	0.00546936019672118	0.00248564908867302	0.000943521231891151	0.000369551364643323	0.000100544605515571	4.72759403417584e-05	1.06537330347625e-05	1.99757494401796e-06	1.33171662934531e-06	1.33171662934531e-06	
0.000255948475245129	0.00253621670924719	0.0104799266591278	0.0296149005889474	0.059998976206099	0.097126795545034	0.1298609435258	0.147494796268338	0.145110819041769	0.126512339708112	0.0961455489230552	0.0663318727650214	0.0418678521402279	0.0239202132150519	0.0124623639401174	0.00583496043435453	0.00268646178822225	0.00117071497378356	0.000391567927063327	0.000141602662927825	4.32120802361906e-05	9.30721728164105e-06	1.32960246880586e-06	0	1.32960246880586e-06	
0.00027160888320818	0.00238656334877776	0.0101646961708473	0.0276734835170688	0.0581169782180327	0.094547851094424	0.127300021302657	0.145512462054641	0.145463199659157	0.127547664696171	0.0987884113543165	0.0690365873142675	0.0435339777387229	0.0252243436118656	0.013192336368962	0.00639146296000426	0.00288584438408691	0.00123954838366086	0.000486632582414656	0.000170421260052192	5.52537679075465e-05	7.3227885178676e-06	2.66283218831549e-06	0	0	6.65708047078873e-07	
0.000205226068508193	0.00213021993837887	0.00938043049499462	0.0266627309459589	0.0554803356112539	0.0915448192411433	0.125404455271378	0.144255935564345	0.145024200684442	0.129260439876758	0.101542260578471	0.0709995575645796	0.0452563460164821	0.0266074265184064	0.0138034520623887	0.00697035682683184	0.00314768814166462	0.00146056994211026	0.00055704218595081	0.000231212486273841	5.53044275525325e-05	1.53253232976897e-05	4.66422882973166e-06	
