# <P(N_2)> as a function of N_tot.
# number_of_species: 2
# species_total_upper_bound: 100
# species_total_lower_bound: 0
# volume: 512
# Bin widths for each species index 
1	1	1	1	1	1	1	1	1	1	1	1	1	1	1	1	1	1	1	1	1	1	1	1	1	1	1	1	1	1	1	1	1	1	1	1	1	1	1	1	1	1	1	1	1	1	1	1	1	1	1	1	1	1	1	1	1	1	1	1	1	1	1	1	1	1	1	1	1	1	1	1	1	1	1	1	1	1	1	1	1	1	1	1	1	1	1	1	1	1	1	1	1	1	1	1	1	1	1	1	1	
# Bin lower bound for each species index 
0	0	0	0	0	0	0	0	0	0	0	0	0	0	0	0	0	0	0	0	0	0	0	0	0	0	0	0	0	0	0	0	0	0	0	0	0	0	0	0	0	0	0	0	0	0	0	0	0	0	0	0	0	0	0	0	0	0	0	0	0	0	0	0	0	0	0	0	0	0	0	0	0	0	0	0	0	0	0	0	0	0	0	0	0	0	0	0	0	0	0	0	0	0	0	0	0	0	0	0	0	
# Bin upper bound for each species index 
0	1	2	3	4	5	6	7	6	6	7	7	7	7	7	7	8	9	9	9	10	10	10	10	10	11	11	11	12	12	12	12	12	12	12	12	12	12	12	13	14	14	14	14	15	16	16	16	16	16	14	15	15	15	15	15	16	16	17	17	17	16	17	17	17	17	17	17	18	18	18	18	19	22	22	23	23	23	21	21	20	20	20	20	20	20	20	20	20	20	21	22	23	23	23	24	25	24	24	25	22	
# Normalized histogram for each species index 
1	
0.920664372908177	0.079335627091823	
0.847365634698098	0.146363548634679	0.00627081666722283	
0.780397617263979	0.201662197227138	0.0174715276797638	0.000468657829119032	
0.719241240168453	0.246714726011386	0.0322224779633099	0.00179008771519713	3.14681416533901e-05	
0.66170545532619	0.284133855685884	0.0497938767608512	0.00417995829923399	0.000184158919265628	2.69500857461895e-06	
0.608742699102152	0.314978327035398	0.0679154956093756	0.00785157493197782	0.000492180250931243	1.52405542182716e-05	4.48251594655048e-06	
0.560264095322185	0.338484738313522	0.0871912156873983	0.0129065708621156	0.00109517353530614	4.92514672459833e-05	2.68644366796273e-06	6.2683685585797e-06	
0.517306389976186	0.354646042768773	0.107429617647138	0.0184328466742983	0.00202539144927911	0.000149896812105238	9.81467222117632e-06	
0.47519686021766	0.368505573398829	0.126689219296401	0.026017809210456	0.00329734180779884	0.000277154946547416	1.60411223082106e-05	
0.436432693204686	0.37676524025925	0.14682889774378	0.0342248934969859	0.00523475085624425	0.000486870921456526	2.57650670113855e-05	8.884505865995e-07	
0.402221155652754	0.380925879259389	0.164849392574836	0.043548684394476	0.0075074419934124	0.000893128255176449	5.1646499302327e-05	2.67137065356864e-06	
0.370926098724568	0.382930900645336	0.181374999888597	0.0527017042897337	0.0104906104980968	0.0014758687439341	9.71435344739232e-05	2.67367526075018e-06	
0.341026631884544	0.383352417092742	0.197038105344137	0.062553380235056	0.0136457060648872	0.0021758163104117	0.000192771256377739	1.51718118445443e-05	
0.314164971520651	0.379644632903478	0.212352307324374	0.0735017103732188	0.0170141604033597	0.00294780741708116	0.00035470426531879	1.97057925177106e-05	
0.288072894148124	0.375289508100845	0.226244189655389	0.0842520151199025	0.0213576696548866	0.00415761439942879	0.000557936603332191	6.81723180920362e-05	
0.264942843544868	0.367815482978781	0.23826204865258	0.0959914153069746	0.0265398119628954	0.00549384434407019	0.00081626422176525	0.000125717261878036	1.25717261878036e-05	
0.245186721619122	0.358663541919206	0.247940629798238	0.107024396376011	0.0324165611615441	0.00740870439709434	0.00117267821386562	0.000159829036805574	2.42437303019691e-05	2.6937478113299e-06	
0.22554452418209	0.349867803377759	0.257022608320294	0.118106440763323	0.0382362992140146	0.00931311714239465	0.00165650461339233	0.000212234032986205	3.32739797478372e-05	7.19437399953237e-06	
0.207746852756706	0.339561230641867	0.263911310279045	0.129120211645925	0.0452762105301047	0.0116963168929802	0.00228023288250592	0.000336545816123604	5.48911625228338e-05	1.61973922198526e-05	
0.191616728762973	0.329041462102663	0.270426566544993	0.139185078176581	0.0515033542799677	0.014441663953139	0.00315099027267804	0.000536109107198434	8.81521686332996e-05	7.1960953986367e-06	2.69853577448876e-06	
0.174847231320047	0.31947991349838	0.274937860610357	0.150369247059035	0.0583859013127787	0.0169710076002979	0.00411690281130264	0.000760029791014241	0.000112164963254758	1.70490744147232e-05	2.69195911811419e-06	
0.161320501818038	0.306186006595672	0.278877656215423	0.160666511940038	0.0661744200899933	0.0203546478260009	0.00519863480737434	0.0009985264987343	0.000195207432635444	2.3388908979362e-05	4.49786711141577e-06	
0.149120235922426	0.294678258993194	0.280501335155498	0.169880330507179	0.0735378473876806	0.0241649658793595	0.00644291198762846	0.00133875187686	0.000280517518858509	4.58538251980256e-05	8.99094611725992e-06	
0.138131121208691	0.284475958955673	0.281010979770702	0.177795565329726	0.0808291514619032	0.0278429089654652	0.00783281138547062	0.00167364693326434	0.00034047889839355	6.10885622447531e-05	6.28852846637164e-06	
0.126292491933415	0.27291690207283	0.282437175699986	0.186600412162562	0.0875881315835257	0.0323237323490217	0.00922523123611104	0.00211910386030236	0.000411624490850099	7.0846045266139e-05	1.25549953636196e-05	1.79357076623137e-06	
0.116157754085002	0.261169376852897	0.281495997697858	0.194454778781927	0.0960929032535682	0.036221977385581	0.0110230276929366	0.00272169096256958	0.000560295405667321	8.24754837142296e-05	1.43435623850834e-05	5.37883589440628e-06	
0.106866654393826	0.2487520129544	0.27984221654653	0.2012507573713	0.104216971908897	0.041399389813423	0.0134503781047755	0.00344056578987348	0.000652367019898088	0.000110813028037483	1.51921086825582e-05	2.68096035574557e-06	
0.0988628970566156	0.237433243013305	0.277718894997605	0.206408670722727	0.112168717336441	0.0461892216510692	0.0156588476689568	0.00446208346142572	0.000926733536851287	0.000151029862804115	1.42986852358926e-05	4.46833913621643e-06	8.93667827243285e-07	
0.0904300886829396	0.227225457848249	0.274316641417219	0.212073120502581	0.119335442840914	0.0519447708734945	0.0179153949277522	0.00522632430609981	0.00124275320095684	0.000240188521301608	3.46938975213434e-05	1.06750453911826e-05	4.44793557965941e-06	
0.083797496619568	0.215784977945229	0.270100500286207	0.21693246402033	0.127217660829699	0.0573175940185405	0.020644116276226	0.00621414659821329	0.00157015083017738	0.000345574956980348	5.31653779969767e-05	1.32913444992442e-05	8.86089633282944e-06	
0.0772549596093594	0.206388115003073	0.266436537722432	0.220549192275744	0.133808055457651	0.0625563441023997	0.0235170763587674	0.00716333900685605	0.00181806588961249	0.000421529159013905	6.818854042872e-05	1.50546128219252e-05	3.54226184045298e-06	
0.0702554954846329	0.194281362429805	0.262776990689105	0.225523660240122	0.140758347622096	0.0687128410906389	0.0262410831916278	0.0085679379675617	0.00232284742084144	0.000466342650138396	7.44729707445347e-05	1.77316597010797e-05	8.86582985053984e-07	
0.0641994017875558	0.185053717848737	0.256622339224873	0.229144223372775	0.147243646316408	0.0746712177314488	0.0294866154612866	0.00992122680466213	0.00286713540509463	0.000658582507375859	9.73710696389038e-05	3.36372786025304e-05	8.85191542171853e-07	
0.0588598462469208	0.175222529192978	0.249708358098167	0.231449847779314	0.155519317456085	0.080036104248804	0.0331944731091551	0.0114982643210125	0.0034102393988058	0.000826429443918392	0.000224101446207238	4.96034821644479e-05	8.85776467222285e-07	
0.0546580456186805	0.164989418256139	0.243893055846668	0.232931023656587	0.161714516666799	0.0860159137399942	0.0372514528340767	0.0129740227695426	0.00411418908820124	0.0010895702830318	0.000276814528075449	7.95952317149854e-05	1.23814804889977e-05	
0.0506224256939587	0.157410645528214	0.23676550588867	0.233515610097285	0.168088496075398	0.091167525063055	0.040917777636478	0.0149768974799178	0.00471146577365182	0.00133969889008994	0.00039122386836509	8.83123856354606e-05	4.41561928177303e-06	
0.0463545985788702	0.148557675783952	0.230797431285476	0.233565488208219	0.172281360075648	0.098410989036168	0.0454169314137007	0.0170339930785358	0.00542859937729735	0.0016206484179951	0.00041243255009337	0.000103989403656021	1.58627903882065e-05	
0.0426726647401448	0.13951439988197	0.224889766847274	0.234022929202531	0.177083342535994	0.104312234355992	0.0496077899567018	0.0189483523114286	0.00638208211011565	0.00192946668445357	0.000492084680970988	0.00011573266284955	2.91540295727875e-05	
0.0395398514825114	0.132017025175526	0.218166579658573	0.233199447409822	0.181091365600906	0.110460326085026	0.0539201585322978	0.0215114193683568	0.00712223394167972	0.00225333205484706	0.000541580990329672	0.000136727004116016	3.19621568063413e-05	7.99053920158532e-06	
0.0365415734021471	0.124249725552815	0.21138670677635	0.232103013929086	0.18485354500221	0.116030567000756	0.0585935829258208	0.0244454028314395	0.00834747152164925	0.00250834034302334	0.000688791149256498	0.000183558831496557	5.43547996179125e-05	1.24748720434553e-05	8.91062288818238e-07	
0.0335249933766299	0.118304130834831	0.204243253112984	0.229983996505725	0.188844812648131	0.121111007683109	0.0627492714292875	0.0272703838690506	0.00985092046943583	0.00294471455064909	0.000861038114809856	0.000217497153740951	8.3239651431722e-05	8.9505001539486e-06	1.79010003078972e-06	
0.0302537465863838	0.111472525033185	0.19767243069162	0.228029111622899	0.192370864388924	0.126239575659876	0.0680055888873871	0.0300962122846323	0.0111142240048263	0.00332254163694251	0.00103023853020496	0.000289111246964556	7.33966633160791e-05	2.86426003184699e-05	1.79016251990437e-06	
0.0281281206736752	0.105381308751659	0.19034707498948	0.224700168589278	0.194806301775705	0.131998496244649	0.0723453469269467	0.0335940380945374	0.0129954609198568	0.00405098771424701	0.00116729457723928	0.000346330289634406	0.000104078532636246	3.40946917256669e-05	8.97228729622814e-07	
0.0263125687308881	0.0990480715755144	0.184745027528352	0.221932150127158	0.196673380020842	0.136769742750747	0.0767176197649786	0.0362755102959095	0.0146820875831745	0.00490542809781699	0.00138316693934044	0.000400461475606047	0.000105289871114399	4.49956714164097e-05	1.79982685665639e-06	2.69974028498458e-06	
0.0236303567308801	0.0932273041873342	0.177101056926981	0.219996359153305	0.198753280366824	0.142057006286769	0.0813332708501557	0.0393698090898604	0.0163766005306264	0.00586320509862729	0.00165370140731342	0.000438884242703887	0.000143290748644596	4.77635828815319e-05	3.60479870804014e-06	9.01199677010036e-07	3.60479870804014e-06	
0.0218159558758567	0.0872394823815354	0.171150541725191	0.215783144043547	0.200825073879813	0.146528144647568	0.085778113545023	0.0430684598560809	0.0182756749252187	0.00670913441167508	0.00201941159394681	0.000590497586622841	0.000149652823479987	6.1303566244814e-05	3.60609213204788e-06	0	1.80304606602394e-06	
0.0200677043672204	0.0818353080440439	0.163883545601201	0.212640795129328	0.201950109532385	0.149836513441627	0.0913007466968858	0.0467217877417562	0.0203690537628976	0.00778094966562849	0.00259755961124123	0.000718185984907267	0.000241801311501442	4.96234034797735e-05	3.60897479852898e-06	9.02243699632245e-07	1.80448739926449e-06	
0.0190862245285132	0.0769212701142987	0.157487776938615	0.208727970483972	0.202942568776176	0.154275270930976	0.0955666333009312	0.049817331632524	0.0223926845926188	0.00879735194105467	0.00273008806385985	0.000916955454936382	0.000260180464060767	7.0465542349791e-05	3.61361755639954e-06	2.71021316729965e-06	9.03404389099884e-07	
0.017814754774604	0.0727679314512335	0.149760455640872	0.205250074179144	0.204200710672389	0.157608066348722	0.100444893941916	0.0533103800143292	0.0243045252896605	0.00987306320063107	0.00326026386064453	0.000995990707705223	0.000310285933463117	9.13669949847661e-05	6.3323659890432e-06	0	9.04623712720457e-07	
0.0165304695513068	0.0686221253279477	0.14410201951408	0.199359566732657	0.205495465184716	0.161793285698351	0.104827190935629	0.0567321216913895	0.0263011124603357	0.0106004311271245	0.00400112089424871	0.00115172790926923	0.000355493968845307	0.000105197194862387	2.26718092375833e-05	
0.0149687113423083	0.0646227462424157	0.139462677910344	0.195251192865914	0.203750107618482	0.165436115403263	0.109457285657968	0.0605010716535183	0.0285245619361358	0.0115666079107514	0.00453130451725747	0.00134579744162547	0.000413254971973882	0.00013322035280737	3.17191316208023e-05	3.62504361380598e-06	
0.0136501255387193	0.0609332028830835	0.13494890950422	0.191575984701414	0.201978152907883	0.167238973311801	0.113984986131349	0.0646635480714913	0.0306624581650945	0.0129963630494529	0.00502608249376387	0.0016838237760995	0.000468786694799913	0.000157773471750841	2.26686022630519e-05	8.16069681469868e-06	
0.0122992149977509	0.0570378136018689	0.128578580031052	0.18838058824383	0.20123300491896	0.169366774525879	0.117831050393952	0.068718530986549	0.0340599924546919	0.0142934617003062	0.00559096449352119	0.00179563823149586	0.00061396317309227	0.000162332951231191	3.26479678453792e-05	5.44132797422987e-06	
0.0113549881681168	0.0538963771361866	0.122671517060082	0.184103197549465	0.200861487785786	0.171492174668458	0.121305986525679	0.0723504952197382	0.0369326691190111	0.016245198246257	0.00579784899530797	0.00210304371236081	0.000667834018813373	0.000176460208223046	2.98624967762077e-05	1.08590897368028e-05	
0.0104938266022664	0.0504750889180886	0.117260644623361	0.178768539862343	0.199443295444988	0.174571551818469	0.12497366143573	0.0763623933231627	0.0398501346997132	0.0175720048869906	0.00674900275187128	0.00240280052414873	0.000828364802453985	0.000193526274809119	4.06947774131325e-05	1.4469254191336e-05	
0.00938800999167361	0.046992542446512	0.112060601672519	0.173121130941607	0.198223400789197	0.176829996741846	0.129377692502625	0.0799361039713282	0.0425578322412482	0.0194285559135503	0.00798790862686891	0.00280653802990262	0.000942149657893784	0.000285088513195525	4.70622307497375e-05	1.35756434855012e-05	1.81008579806683e-06	
0.00902703040298047	0.0444825410733051	0.106802812834622	0.167579809068305	0.196402402984088	0.178665143606087	0.133568912909477	0.0831006351416057	0.0453804468348369	0.0214184919708941	0.00891117159504088	0.00327120103041927	0.000964886634871872	0.000322232309581976	7.78426365844099e-05	1.81029387405604e-05	6.33602855919616e-06	
0.00828686108373316	0.0413520962876705	0.101755932834237	0.163401036919127	0.193564560818044	0.180366833403648	0.136624348537807	0.0881652277057419	0.0483714913188061	0.0230781808835765	0.00966363817864315	0.00367682596869007	0.00116176859846079	0.00038575053774709	0.000105697454136791	2.07781320097964e-05	1.26475586146587e-05	6.32377930732935e-06	
0.00779019234295635	0.0392869950579612	0.0965111247812847	0.15802419620734	0.190518259166619	0.181111132188471	0.141304730753284	0.0917958181915083	0.0516298972117362	0.0251654648054755	0.0106844150084054	0.00416699411851318	0.00139923561447581	0.000457077611959174	0.000121044268779702	1.62596778957809e-05	1.44530470184719e-05	2.70994631596348e-06	
0.00700761877976931	0.0371429035014657	0.092357422811629	0.153588001773989	0.188091555161336	0.181577011693186	0.143593085768062	0.0960487270183637	0.0545636959555205	0.0274021871991519	0.0117112147140163	0.00454134080428065	0.00166581933432129	0.000527329172390667	0.000141522530026213	3.15496086045698e-05	7.21133910961596e-06	1.80283477740399e-06	
0.0064966335381182	0.0346843503995371	0.0883473879598001	0.148401042911383	0.185318919929059	0.180671279866456	0.146669745327653	0.0999705311049578	0.0584499361207793	0.0298237796014152	0.0132008071602227	0.0052424086149799	0.0018984077812258	0.000622620251959053	0.000166211755573484	2.24610480504709e-05	1.34766288302825e-05	
0.00621307280135695	0.0322905402550848	0.0837362572168993	0.145416645318218	0.182250135506471	0.181021363729929	0.148072841806645	0.103628517213142	0.0617612874867527	0.0319255941385699	0.0146895306307545	0.0057780138841323	0.00223192415592727	0.000715510120063677	0.00022112498685385	3.50564003548786e-05	1.16854667849595e-05	8.98882060381504e-07	
0.00558311205236673	0.0303893526250784	0.0794103528929527	0.139771965244656	0.180159861640218	0.182390050176995	0.150685596451834	0.106167221891624	0.0649622189342198	0.0339849810600272	0.0163753907998655	0.00651078418858352	0.00240907105141569	0.000859355195952761	0.000255289618881364	6.47213118290782e-05	1.97759563922183e-05	8.98907108737197e-07	
0.00528287647233228	0.0283226867200345	0.0760877963756592	0.134369244315068	0.175483140616156	0.183045380627656	0.154467534567801	0.109942229769189	0.0673611672641348	0.0366450140607171	0.0173157956209626	0.00758020897909311	0.00270882186463977	0.00094067545349182	0.000314456932876922	0.000116798289354285	1.43751740743736e-05	1.79689675929669e-06	
0.00484514868803091	0.0264436248730229	0.0728526813871611	0.130172994751764	0.17252058400912	0.181892370217946	0.156510449235708	0.113928925222755	0.070685185901652	0.0382114428285951	0.0187183794439731	0.00859260352287747	0.00309783601353582	0.00103921016428518	0.000328408406895317	0.000125065119338217	2.96917189795766e-05	5.39849435992302e-06	
0.00431681783191002	0.0247867731764171	0.0686977073722126	0.126245062566366	0.170508445242486	0.180997167792519	0.157536358080445	0.116223266647557	0.0746073038863079	0.0411859936433077	0.020162577002331	0.0092853498614544	0.00366690643980162	0.00120517549410392	0.000417349479259624	0.000124393581291205	2.34364718374735e-05	9.91543039277724e-06	
0.00390684564170165	0.0228103844498521	0.0649718355227008	0.121406356158154	0.167142616106851	0.180132652297054	0.159705173006494	0.11961804944641	0.0782848857405548	0.0439326145820081	0.0219667584279142	0.00999448710695825	0.00409722541777534	0.00135521527802214	0.000489032410577897	0.000129025156296383	4.33091433722123e-05	1.35341073038163e-05	
0.00376132117082622	0.0214485506285556	0.0614222845200437	0.116535110625236	0.16359582303931	0.179028965780997	0.162004703004457	0.123051126006063	0.0809053869876327	0.0466043026988607	0.0239109983015425	0.0106372327500129	0.00462633484056779	0.00175077323562918	0.000502411484928106	0.000146123268506918	4.69037651997514e-05	1.53339232383803e-05	6.31396839227423e-06	
0.00325579000335155	0.0199954650205836	0.0583747609424446	0.112185634233132	0.159577072517212	0.179325010772835	0.162928621050074	0.125693007188213	0.0841301918513105	0.0490473381387252	0.025761754585343	0.011832502071004	0.00508333250523284	0.00195311264906938	0.00063236764770979	0.000168932500173901	3.70386765087163e-05	7.22705883096903e-06	1.08405882464535e-05	
0.00310807331077571	0.0187207206393235	0.0551502310726015	0.108180828428029	0.155342226880317	0.177288477089253	0.164833596104066	0.129446735845391	0.0876395357767247	0.0517738153858664	0.027154983533536	0.01282622346505	0.00547165464245863	0.00211692318812427	0.000699316494924534	0.000194254581923482	3.61403873346013e-05	8.13158715028528e-06	8.13158715028528e-06	
0.00293030466166009	0.0170929937360799	0.0528328078890463	0.103522127176123	0.151593527582674	0.175040466111994	0.165839039400219	0.131953734495492	0.0913273784981356	0.0553147894411805	0.029016768004494	0.0140006445770008	0.00606406519230181	0.00235324620140691	0.000834529161707805	0.000216959577099872	6.03165629281801e-05	5.40148324729971e-06	9.00247207883285e-07	
0.00262516474660692	0.0162558969627329	0.0498089523328659	0.0991974470677125	0.1480459951863	0.172264532514938	0.167241501680483	0.134850993600599	0.094219336916806	0.0580851390699442	0.0313285831207836	0.0151319814603355	0.00677493749286884	0.00279406651675137	0.00101161379352477	0.000262336791926495	8.89429534271337e-05	1.07809640517738e-05	0	1.7968273419623e-06	
0.00234841842219805	0.0156621305363784	0.0474658078027689	0.0954578920286244	0.143802329133635	0.170861408167918	0.166828724960191	0.137176112457341	0.0971124185916158	0.0607660025430686	0.0337907312268459	0.0165533760542425	0.00744536953346136	0.00300986858409113	0.00120304627537774	0.000376684152140747	0.00011354594059745	1.35173738806488e-05	7.20926606967936e-06	2.70347477612976e-06	9.0115825870992e-07	0	1.80231651741984e-06	
0.00205825659178301	0.0142239588637054	0.0449527204763188	0.0908777959712601	0.140304791394253	0.168529220665112	0.168443610167643	0.140048861064977	0.100426520510022	0.0630994424503707	0.0360059729092339	0.0176700066776188	0.00807892747168771	0.00330997218109414	0.00132470980294266	0.000463197849464304	0.000141482611606801	2.43314045438447e-05	5.40697878752105e-06	6.30814191877456e-06	1.80232626250702e-06	9.01163131253509e-07	1.80232626250702e-06	
0.00194007057096854	0.0128583766513589	0.0421000723018865	0.0876592760074934	0.135368604393286	0.167410420486857	0.16713004783464	0.143008984546148	0.104369846687546	0.0664870839260826	0.0377430271952457	0.0194259482635827	0.00870777957480721	0.00365025359751469	0.00143161341389314	0.000479608524049843	0.000155061402512355	3.51592714998945e-05	2.07349549871173e-05	8.1136780384372e-06	4.50759891024289e-06	2.70455934614573e-06	1.80303956409715e-06	9.01519782048577e-07	
0.00190217881021464	0.0119041611850997	0.0392492205662384	0.0838769846275838	0.132008145758619	0.16411180594352	0.167368307232064	0.144487195660401	0.107296040656707	0.0698751103822379	0.0405792138982501	0.0208978356070573	0.00972715312944908	0.00428102867234947	0.00156517507974554	0.000598316783506641	0.00017120510371425	6.12734055398367e-05	1.44172718917263e-05	1.44172718917263e-05	2.70323847969868e-06	4.50539746616447e-06	1.80215898646579e-06	1.80215898646579e-06	
0.0017440845939494	0.011109432088638	0.0367669942559442	0.0805966766148748	0.127963999359573	0.16172944111938	0.16760841837882	0.145467808641809	0.110697651827106	0.0728090105940322	0.042960788229093	0.0225777552309046	0.0105364656696871	0.0047042611791415	0.00175577778617289	0.000634130809042975	0.000213175888997426	6.83602006911576e-05	2.3386384446975e-05	8.99476324883653e-06	8.99476324883653e-06	1.16931922234875e-05	1.79895264976731e-06	8.99476324883653e-07	
0.00171836446951005	0.0102868077086316	0.0347350607497141	0.076170034457209	0.124525224259602	0.159747649500406	0.166309985397049	0.147136418896074	0.11318995345759	0.0762905267852647	0.0457439232302015	0.0240256306964097	0.0118280304719702	0.00507686331494177	0.0020933294008474	0.000737341111982333	0.000262565371583953	7.46333076762605e-05	2.78750908188443e-05	5.39517886816341e-06	5.39517886816341e-06	8.99196478027235e-06	
0.00149001778117896	0.0097882013999865	0.0327758896216435	0.0729946656463121	0.12047086362511	0.156602219271197	0.166412928492651	0.148441783519773	0.115347183146143	0.0793355691102658	0.0478660334466227	0.0262441198316415	0.0127430282023003	0.00587814265457246	0.00230660154403655	0.000867001282945824	0.000284498863355016	0.000113439420198519	2.34081343266785e-05	5.40187715231043e-06	7.20250286974724e-06	1.80062571743681e-06	
0.00129453867062155	0.00903741352075727	0.0309751078707049	0.0702018848843891	0.11656260740837	0.15201402251505	0.165939108870251	0.150665356791998	0.118203559214544	0.0821062279488644	0.0503381587600575	0.0280378131588277	0.0140721315143035	0.00648351876359378	0.00261072816221517	0.00096526576833802	0.000314839021635485	0.000132611278453915	3.96931717821242e-05	4.51058770251411e-06	9.02117540502822e-07	
0.00119510035952377	0.00842170873154957	0.0294321692471681	0.066958139871005	0.113050351393832	0.14983469133349	0.163580603783129	0.151811168723239	0.121155896009106	0.0850743437336272	0.052938519629275	0.0301430868457661	0.014843453596141	0.00695380390598182	0.00298007262741414	0.00110747773301295	0.000348683853950245	0.000121045690231432	4.60696283716645e-05	2.70997813950967e-06	9.03326046503225e-07	
0.00117826072813622	0.00792253839286682	0.0279954387575494	0.0643109885462937	0.109897209401509	0.146667257001796	0.162215057882962	0.152076052031415	0.123614368998009	0.0879674641009979	0.0557559482288139	0.0319151435417939	0.0160248880471593	0.00744816194940707	0.00317787038409131	0.00122434301121516	0.000405704805930338	0.000157221906975231	3.97572638328171e-05	4.51787089009285e-06	1.80714835603714e-06	
0.00103897042548098	0.00758538755855502	0.0261811512695767	0.0615549321733003	0.106428516576096	0.14390553500201	0.161993558383362	0.153420697194328	0.125493172157399	0.0903326060540355	0.0580188189164894	0.0330555216760852	0.0172532332307915	0.00817082480699995	0.00351533384830128	0.00129826130557927	0.000497802351686972	0.000184304318954886	5.69175102654795e-05	1.35517881584475e-05	9.034525438965e-07	
0.000937015366146676	0.00705432244735739	0.0249454313031937	0.0588671982154158	0.102101177742309	0.141473929697593	0.160719410522275	0.154212812032907	0.128224441887393	0.0931203154889998	0.0605348139685	0.0346324500643236	0.0182577670425894	0.00849198467097181	0.00399159492689922	0.00156078694805495	0.000551345273413841	0.0001982670195035	9.41542010427578e-05	2.35385502606894e-05	7.24263084944291e-06	
0.000807384075595072	0.00634670938885284	0.0236443015538745	0.0563419973830245	0.0985126372371698	0.138522097495025	0.160084961089706	0.15465074975262	0.129492263248892	0.0961548220130414	0.0629523978672737	0.0364845174362339	0.0194623963811795	0.00928536994682683	0.00434863768662262	0.00186033614724656	0.000667836210677405	0.000252817235792396	8.60847218647944e-05	2.99031139109286e-05	1.17800145709719e-05	
0.000743464799522589	0.00582818446982629	0.0220277481709951	0.0534180816797052	0.0954894959562216	0.134806196566297	0.158252957332727	0.156261630786868	0.131517202471454	0.0992502868361452	0.0652782016301892	0.0385496912493016	0.0205879076944532	0.0101712504607037	0.00459933948450089	0.0020320767480252	0.000806854002892359	0.000277101374730709	7.78781641400032e-05	1.81112009627914e-05	6.338920336977e-06	
0.000772105376941845	0.00542017974613175	0.0207996104955463	0.0512959561662152	0.0916934178470795	0.131226121505769	0.155627376494932	0.155763630384981	0.134205539901498	0.102025096149828	0.0685711327058388	0.0406599775090246	0.0223038534416824	0.0111519267208412	0.00490059824541324	0.00214554458863134	0.000921984655995262	0.000338818006587421	0.000130803734446618	4.36012448155395e-05	2.72507780097122e-06	
0.000753897953614284	0.00510660901994179	0.0191888021510735	0.0490909870860749	0.0893232168624885	0.12852043419411	0.153792444409153	0.155274684453547	0.135862268502673	0.104601971999901	0.071082719764448	0.0425678530975988	0.023493139619893	0.011976572575456	0.00547625632165339	0.00238308420930617	0.00096929736893265	0.000335877054394741	0.000146033501910757	5.01990162818228e-05	3.65083754776893e-06	
0.000637706740779519	0.00472524249758119	0.0181719012522989	0.0463314960435687	0.0857742974947627	0.125585287794859	0.151547626552355	0.155485328633672	0.137564672873801	0.106668786265003	0.0735317898637518	0.0455640552666994	0.0253602631956417	0.012913104690799	0.00578504166563884	0.00265680687992384	0.0010661945078649	0.000432142246975233	0.000137042995869524	5.11627184579557e-05	1.00498196970984e-05	
0.000601048953927814	0.00446624199859298	0.017039783585783	0.0438482136404264	0.082911821452782	0.122958880749875	0.149559642444485	0.155367037816683	0.138556878717104	0.108562980690502	0.0760971887924954	0.0472514131969126	0.0271222196911688	0.0141909762151115	0.00670302235225128	0.00285429640221428	0.00120118306926517	0.000467482519721633	0.000164670946281593	6.40387013317305e-05	7.31870872362635e-06	3.65935436181317e-06	
0.000484541661001514	0.0041436980840073	0.0161961015840224	0.0418950597738258	0.0795487831251751	0.120924625940225	0.148090896730576	0.154420963590025	0.139438497428097	0.111081403911556	0.0783606979224934	0.0497344145942853	0.0282129172784271	0.0150992671649568	0.00716318651386419	0.00315727711311721	0.00127568595495314	0.000535642099826532	0.000163338902672827	5.65754858419847e-05	7.30006268928834e-06	8.21257052544939e-06	9.12507836161043e-07	
0.000442012112043235	0.00383958150110959	0.0156672788002789	0.039476694113948	0.0768043891347043	0.117092198258381	0.146707921130457	0.154354274986216	0.140336567160778	0.112950043517687	0.0807879663341703	0.0515878259839326	0.0303265877120633	0.0160874181480148	0.00778123590231988	0.00343402399624518	0.00147094339966553	0.000560489585374412	0.000188652592150412	5.92387366655882e-05	2.82523205635882e-05	8.20228661523529e-06	4.55682589735294e-06	3.64546071788235e-06	
0.000400642849663323	0.00362945999717729	0.0145897735912623	0.0378225061120798	0.0727039294868585	0.113452038953412	0.144435389511352	0.153855959790027	0.142006036959303	0.11545707430559	0.0836706169444609	0.0541541655474466	0.0316890283045068	0.0171666355561424	0.00863203230638251	0.00387257736276844	0.00153701165961748	0.000635565247874999	0.000177557626555337	5.55436677942335e-05	3.46009733800143e-05	1.45688308968481e-05	5.46331158631805e-06	1.82110386210602e-06	
0.000387892309467207	0.00326937803693789	0.0133518528443771	0.036143024161058	0.0700050235233521	0.109549145592244	0.14086940565269	0.153049405852541	0.143472917031924	0.118011011781207	0.0867679668174935	0.0567894326143851	0.0341009119557131	0.0182645498223599	0.00896240169836876	0.00418778348160146	0.00170963308294446	0.000762158425393411	0.000218019096656041	6.44973160940789e-05	2.54355612765381e-05	2.72523870820052e-05	6.35889031913454e-06	4.54206451366753e-06	
0.000368602660822156	0.00293342510664119	0.0123576985427969	0.0339685012271661	0.0677893802584747	0.106211000117735	0.137832942391117	0.151526485957778	0.144301149279549	0.121084615593613	0.0891918816848855	0.0595279712363132	0.0361755889038826	0.0194707336732568	0.0097231404584439	0.00448481664961011	0.00189554144742205	0.000767997681516433	0.000250867167193458	6.79243232473261e-05	2.80753869422281e-05	2.2641441082442e-05	1.08678917195722e-05	3.62263057319072e-06	4.5282882164884e-06	
0.000357255304925522	0.00289773747328479	0.0120104542284684	0.0321006521713635	0.0657728668204549	0.102805626951485	0.134845834412166	0.150436961128638	0.145263074326244	0.121826765459186	0.0923369639253336	0.0612223724819591	0.0383778804836659	0.0207785459167794	0.0105435422946075	0.00499976994923546	0.00217330310496359	0.000850736748850423	0.00025260476105845	7.84879079003041e-05	4.51079930461518e-05	1.17280781919995e-05	9.02159860923036e-07	9.02159860923036e-06	9.02159860923036e-07	9.02159860923036e-07	
0.000334259135293182	0.00276662332679491	0.0112650719870178	0.0306053774387663	0.0623986327723111	0.100149248501001	0.132674818875577	0.148557519078379	0.145338927082088	0.124484571514832	0.0935584131317116	0.0643646515573151	0.0403186603756462	0.022618201488172	0.0112578836185169	0.00545237750795438	0.00242248018481295	0.000920111168118867	0.000374693708110906	9.70429747625367e-05	2.33621976280181e-05	1.0782552751393e-05	2.69563818784824e-06	1.79709212523216e-06	1.79709212523216e-06	
0.000282872983744233	0.00260153344097474	0.0105219769858132	0.0291215491741007	0.0596691373900612	0.0969212643254961	0.129859353756463	0.147679453722878	0.145140780944957	0.126817795674109	0.096211836842455	0.0669376260580797	0.0418669976130908	0.023860111676458	0.0123458342238594	0.00581012128515932	0.0026383518293351	0.00112969591603252	0.000396022177241926	0.00014008947766381	3.77163978325643e-05	7.1840757776313e-06	8.98009472203913e-07	0	1.79601894440783e-06	
0.000317565130089251	0.00246135466267476	0.0102196597105209	0.0273933660374439	0.057593540023552	0.0942259822253489	0.126808344496093	0.145519497869255	0.145814572551038	0.12775294332497	0.0990443358705558	0.0695494623433428	0.0440992710395895	0.0252450784151971	0.013015672243998	0.00624784653957464	0.0028544876990742	0.00114431400984002	0.000447110112335291	0.000181722822317362	5.30774580035859e-05	8.99617932264167e-06	8.99617932264167e-07	0	0	8.99617932264167e-07	
0.00023053073397924	0.002221559846589	0.00954991575722592	0.0265803737299422	0.0548167865996807	0.0914108390868461	0.124789167937137	0.144110525078772	0.145047956696242	0.129479027556527	0.102168339665424	0.0710502926209453	0.0456549909453651	0.0271521980114923	0.0135959102406975	0.00679165154559151	0.00307794550289469	0.00147503649319529	0.000485375256307852	0.000226928691260814	6.03342155336291e-05	1.80102135921281e-05	6.30357475724483e-06	
