# <P(N_1)> as a function of N_tot.
# number_of_species: 2
# species_total_upper_bound: 100
# species_total_lower_bound: 0
# volume: 512
# Bin widths for each species index 
1	1	1	1	1	1	1	1	1	1	1	1	1	1	1	1	1	1	1	1	1	1	1	1	1	1	1	1	1	1	1	1	1	1	1	1	1	1	1	1	1	1	1	1	1	1	1	1	1	1	1	1	1	1	1	1	1	1	1	1	1	1	1	1	1	1	1	1	1	1	1	1	1	1	1	1	1	1	1	1	1	1	1	1	1	1	1	1	1	1	1	1	1	1	1	1	1	1	1	1	1	
# Bin lower bound for each species index 
0	0	0	0	0	0	0	0	2	3	4	5	6	6	7	8	8	8	9	10	10	11	12	13	14	14	15	16	16	17	18	19	20	22	22	23	24	25	26	26	27	27	28	29	29	29	30	31	32	33	36	36	37	38	39	40	40	41	41	42	43	45	45	47	47	48	49	50	50	51	52	53	53	51	52	52	53	54	57	58	60	61	62	63	64	65	66	67	68	69	69	69	69	70	71	71	71	73	74	74	78	
# Bin upper bound for each species index 
0	1	2	3	4	5	6	7	8	9	10	11	12	13	14	15	16	17	18	19	20	21	22	23	24	25	26	27	28	29	30	31	32	33	34	35	36	37	38	39	40	41	42	43	44	45	46	47	48	49	50	51	52	53	54	55	56	57	58	59	60	61	62	63	64	65	66	67	68	69	70	71	72	73	74	75	76	77	78	79	80	81	82	83	84	85	86	87	88	89	90	91	92	93	94	95	96	97	98	99	100	
# Normalized histogram for each species index 
1	
0.0798757439305539	0.920124256069446	
0.00632143159154627	0.146338734542805	0.847339833865648	
0.000482472554483539	0.0174498587137803	0.201133680105049	0.780933988626688	
2.45930497452678e-05	0.00175516712918858	0.0323269167046349	0.245812709688108	0.720080613428323	
3.87971336677646e-06	0.000156481772459984	0.00420690252737461	0.0496836093749394	0.284428253107327	0.661520873504532	
6.45840464488462e-06	7.75008557386154e-06	0.000461130091644762	0.00783016979145811	0.0678507075182288	0.314194927568992	0.609648856539458	
9.03217648356724e-06	3.87093277867168e-06	5.03221261227318e-05	0.00105547433765114	0.0128669805563047	0.0867553454355896	0.338000818057127	0.561258156377942	
1.40772971589455e-05	0.000115177885845918	0.00211031481955465	0.0183132838495009	0.107276682876888	0.353570514461223	0.518599948809829	
1.7865437524565e-05	0.00026287715214717	0.00340974636183126	0.0259572046205126	0.126086601432298	0.369453419699963	0.474812285295724	
2.79994756461834e-05	0.00051289948570054	0.00530208252463636	0.0340091812826051	0.146914521418963	0.376750762667535	0.436482553144914	
6.75639499159912e-05	0.000903827179064864	0.00767806925177387	0.043455092919553	0.164903205080809	0.380716483819071	0.402275757799812	
0.000104782824817173	0.00146057035080523	0.0105856209851886	0.0529153265326724	0.181913206597229	0.382761436342517	0.370259056366771	
1.28210388118487e-05	0.000198726101583655	0.00218214080577665	0.0139967280708952	0.0630718183310085	0.197532462870272	0.383192643800771	0.339812658980881	
1.67627083894777e-05	0.000354595754392797	0.0030456551704574	0.0172591424456276	0.0738319938210078	0.212861897203336	0.378886208288257	0.313743744608533	
7.74088671857361e-05	0.000526380296863006	0.00411815173428116	0.021430644880371	0.0846582075976803	0.226791208932983	0.373985460034447	0.288412537656189	
1.80432832589263e-05	0.000123725370918352	0.000811947746651682	0.00558826258647888	0.0265223375846746	0.09628798111126	0.23838528080504	0.366935941189207	0.265326480322511	
3.85653187230766e-06	3.08522549784613e-05	0.00013112208365846	0.00108625647736666	0.00722842623932865	0.0323871546636397	0.106707665885505	0.247878586092575	0.359418486414081	0.245127593356995	
1.02957055325261e-05	3.34610429807097e-05	0.000190470552351732	0.0014169464739139	0.00925069142097467	0.0382446851637596	0.118291221752767	0.257122376042923	0.350118336265464	0.225321515579333	
2.31522867384988e-05	6.04531931505246e-05	0.000308697156513317	0.00213129661809403	0.0117909451406566	0.0454273590572389	0.129187187524519	0.263430577225096	0.340212563717022	0.207427768080971	
3.86178417003178e-06	6.43630695005297e-06	0.000101693649810837	0.000505893726274164	0.00316795028081607	0.0144108912611686	0.0515007536915439	0.139367928912277	0.270376382357825	0.329154024687099	0.191404183342065	
1.28696153529363e-06	1.415657688823e-05	0.000120974384317602	0.000738715921258545	0.00419935548966313	0.0168617700354172	0.0584319145869368	0.15096959682069	0.275106045630508	0.318851155176674	0.174705028416111	
5.16673706345916e-06	2.06669482538366e-05	0.000211836219601825	0.0010565977294774	0.00531140570123601	0.0203982779265367	0.0664649055843386	0.161341698280639	0.279037385217707	0.304961488433613	0.161190571221533	
5.1650558148844e-06	4.00291825653541e-05	0.000278913014003758	0.00134420577582367	0.00658544616397761	0.0246644327800267	0.073711802798169	0.170701220890068	0.280237850820275	0.293441024747074	0.148989908772202	
6.46369793329722e-06	5.94660209863345e-05	0.000329648594598158	0.00166117036885739	0.00808350063538151	0.0282205051767757	0.0813469312301322	0.177610784550728	0.280870944514324	0.28395283568892	0.137857749521363	
2.58104813783829e-06	1.41957647581106e-05	7.8721968204068e-05	0.000400062461364936	0.00214614152661254	0.009321455349803	0.0324928150072463	0.0879814783985629	0.186445883808956	0.282686716248601	0.272190883996082	0.126239064421671	
7.73496902144907e-06	1.93374225536227e-05	8.76629822430895e-05	0.000578833515105105	0.00272399825705365	0.011100969707283	0.0363285711707391	0.0965465941642237	0.194758784991066	0.281505173405114	0.260298466671308	0.11604387274429	
2.57358192419e-06	1.6728282507235e-05	0.00011581118658855	0.000707735029152249	0.00340870925858965	0.0134456787629306	0.0418026911946181	0.104066645477509	0.201436830788275	0.280196158414262	0.248451025379378	0.106349412644265	
1.28875445747948e-06	5.15501782991792e-06	1.03100356598358e-05	0.000175270606217209	0.00094079075396002	0.00436372259302552	0.0157356919258244	0.0461258107876481	0.112142257872034	0.207052579893111	0.277731740604658	0.237317689572559	0.0983976915830158	
6.41893019541791e-06	1.28378603908358e-05	4.10811532506746e-05	0.000259324779894884	0.00128635361116175	0.00517750909562409	0.0176469228932429	0.0518264423978042	0.118960749525641	0.212933887586559	0.274713523145379	0.227438102256126	0.0896968467647308	
1.27610919411152e-05	1.65894195234498e-05	5.35965861526839e-05	0.000371347775486453	0.00162321089490986	0.00605513812605917	0.020471343691937	0.0570484615227556	0.126588755946669	0.217634042509749	0.270324591134614	0.216229046287033	0.0835711150131695	
5.09607372999473e-06	1.65622396224829e-05	7.89891428149182e-05	0.000416604027427069	0.00183076448750061	0.00716890171967008	0.023636863978148	0.0621389750266907	0.133717152619764	0.220968304969436	0.266180671101949	0.206871291013838	0.0769698235994078	
1.27465176513776e-06	1.27465176513776e-05	8.28523647339547e-05	0.000497114188403728	0.00233261273020211	0.00869439969000469	0.0264783411172068	0.0684513490914282	0.140387596108743	0.224745324577325	0.263339230722167	0.194559021475333	0.0704181367650358	
2.67057673012042e-05	0.000108094772409636	0.000654927150481912	0.00299231764093969	0.00997523993860217	0.0293890610633728	0.0740080397076609	0.14701016218031	0.228781949953392	0.257409260797078	0.185505889893393	0.0641383511350587	
1.27368415689751e-06	4.83999979621054e-05	0.000249642094751912	0.000849547332650639	0.00354848406111646	0.0113548942587413	0.0330329986091369	0.0799160387403773	0.155054488208232	0.231448790254788	0.25016430525624	0.175597739974832	0.0587333975270148	
1.27107441378048e-05	6.86380183441459e-05	0.000333021496410486	0.00110837688881658	0.00410938357975229	0.0130374102621464	0.0371522340403897	0.0855788981310122	0.161159524923227	0.233814138414919	0.24422042464054	0.1653261068516	0.0540791320087043	
3.80505920672126e-06	9.00530678924031e-05	0.000407141335119174	0.00136982131441965	0.00481086319036458	0.0151618925857153	0.0409563889480787	0.0903853763964567	0.167880480553611	0.233482237983623	0.237162998589591	0.157590332105568	0.050698608870354	
1.13814414216179e-05	0.000101168368192159	0.000395821240551823	0.00168192412119465	0.00555161420454474	0.0170114611115116	0.0451476489103534	0.097757729579481	0.171979902903659	0.233480153927672	0.231530133630768	0.148569542503993	0.0467815180566568	
2.02695854869768e-05	0.000116550116550117	0.000514340731732036	0.00196741664132968	0.00638618627749063	0.0189064558629776	0.0492728286206547	0.103799280429715	0.176862268166616	0.23410864497821	0.225343316104186	0.139610570588831	0.0430918718962197	
6.36851812225517e-06	3.9484812357982e-05	0.000140107398689614	0.000523492189649375	0.00223662356453602	0.00704994956133647	0.02104413128318	0.0533388866811359	0.110297639062962	0.181512956113268	0.233111963643404	0.218063155320515	0.132619295081466	0.0400159467693781	
1.5349763549684e-05	5.75616133113149e-05	0.000163730811196629	0.00066643556744878	0.00250584889948591	0.00828887231682935	0.0239405145496571	0.0579005872563705	0.11643691055309	0.184795803374646	0.231617698789032	0.211709055465091	0.124986728850264	0.0369149021900275	
2.57027121501861e-06	1.2851356075093e-05	8.61040857031234e-05	0.000232609544959184	0.000826342195628483	0.00295709703287891	0.00968863734501265	0.0268451977052619	0.0620784755207369	0.121519852774865	0.188322486788806	0.229832366911356	0.204846760430161	0.118832634219563	0.0339160138177781	
2.57080643627099e-06	3.85620965440649e-05	6.94117737793168e-05	0.000290501127298622	0.0010321787841628	0.00333947756071602	0.0109220711444973	0.0297905049835083	0.0677317517732137	0.125738142798014	0.192526408609117	0.228351881701771	0.198391703493469	0.111486877318546	0.0302879560289267	
1.28980333078812e-06	4.12737065852199e-05	9.41556431475329e-05	0.000321161029366242	0.00117630063767877	0.00393390015890377	0.0128399921579957	0.0333904286274429	0.0721348308809873	0.132074571269373	0.195717337020451	0.22455218028355	0.190225354437955	0.105694223744763	0.0278030005984687	
3.88519004407101e-06	0	4.01469637887337e-05	9.19494977096805e-05	0.000418305461411645	0.00144140550635034	0.00492771603923006	0.014664002289672	0.0361219069030762	0.0766483242527808	0.137626381994475	0.196946758650699	0.221865072530023	0.184429971392051	0.0990503300468942	0.0257238432817941	
5.18886158971153e-06	1.29721539742788e-06	5.18886158971153e-06	3.76192465254086e-05	0.000137504832127355	0.000430675511946057	0.00167729950887425	0.00578039181093864	0.0160880653589006	0.0394444285895896	0.0815455543131115	0.143117883152026	0.198672429762272	0.220092050404601	0.17695185514774	0.0928533809324903	0.02315918649028	
2.59868506535693e-06	0	5.19737013071386e-06	3.24835633169616e-05	0.000148125048725345	0.000535329123463527	0.00199579013019412	0.00649281463579429	0.0181336243860607	0.0430186325719186	0.085904732205504	0.14712325563265	0.200544424521192	0.216558821236454	0.171083131935241	0.0870143707284114	0.0214066682258777	
2.60179862338835e-06	1.30089931169417e-06	2.60179862338835e-06	3.25224827923544e-05	0.000262781660962223	0.000680370340016053	0.00247561139015401	0.00765188975138513	0.0203239499465981	0.0467881446443927	0.0916431529116078	0.149833680023	0.202021857710235	0.212592965517062	0.163926322266583	0.0818408765979922	0.0199193702606612	
1.3023648340657e-06	3.90709450219709e-06	0	5.60016878648249e-05	0.000237030399799957	0.00086867734432182	0.0026841739230094	0.00880007918378191	0.0221662494757982	0.0499092251710656	0.0958527494224012	0.154020270006277	0.202409635415988	0.208548983243774	0.157855734442601	0.0770999981766892	0.019485982647291	
1.3003461521457e-06	0	2.6006923042914e-06	8.19218075851792e-05	0.000309482384210677	0.000950553037218508	0.00322875949577778	0.00973179060265843	0.0241214211223028	0.0532725811611051	0.100459542330168	0.157074013102288	0.203530179733845	0.205351964693001	0.150286206188087	0.0735540800961216	0.0180436032071737	
2.08548398869668e-05	8.60262145337379e-05	0.000349318568106693	0.00109096881158695	0.00385553852410298	0.0106920157245493	0.0262614571276629	0.0567251644925496	0.104349798229424	0.16185050208027	0.205375856351863	0.199210644310278	0.14454619868406	0.0688001167871034	0.0167855392540224	
2.60146019961004e-06	2.60146019961004e-05	0.000128772279880697	0.000416233631937607	0.00135536076399683	0.00451093198612381	0.0115569869367676	0.0282297453560684	0.0598075699890348	0.109249621812723	0.165391734380508	0.203244281014934	0.195615498979577	0.140398205512754	0.0650260991494526	0.0150403421440455	
7.79471829888068e-06	2.72815140460824e-05	0.000174082042008335	0.000475477816231721	0.00179538344817552	0.0050821563308702	0.0128586869537202	0.0303474365769754	0.0639998337126763	0.113761315332731	0.167095376173105	0.201514253941529	0.191957929307102	0.13586193994949	0.0611430694561365	0.0138979827269043	
7.79058896852602e-06	3.76545133478758e-05	0.000159707073854783	0.000702451438662096	0.00188272566739379	0.00562480523527579	0.0141918562376649	0.0337644125895918	0.0682546483847512	0.117750856964787	0.169070063363457	0.201333489145113	0.188943855822167	0.128855043107926	0.0569829645787888	0.0124376752882518	
1.55350061945837e-05	2.45970931414242e-05	0.000194187577432296	0.000699075278756267	0.00215418752564894	0.00573241728580139	0.0163272915105075	0.0363324957375827	0.0724436176368925	0.121332282131247	0.170895424811217	0.201481262840654	0.184267181393205	0.1223291116954	0.054252125383035	0.0115192070932838	
1.55166060010474e-05	4.00845655027057e-05	0.000206888080013965	0.000795226057553678	0.00243869324316461	0.00678592902445805	0.0173967014281743	0.0394807109191649	0.0765304868981658	0.124860835439928	0.174495871936278	0.199800870222987	0.17807374267002	0.117799486658951	0.0508957607339355	0.0103831955157009	
2.58543906572574e-06	1.9390792992943e-05	4.78306227159262e-05	0.000275349260499791	0.0009191235878655	0.00277805427612231	0.00785068572307621	0.018900852289988	0.04257183965624	0.0801886853430167	0.129265489688623	0.176725101898617	0.198870680216091	0.172415174976052	0.112476941115333	0.0473587800864312	0.00933343502726992	
9.04916540840176e-06	2.45620203942334e-05	8.53207024220738e-05	0.000318013527209548	0.000932064037065381	0.00310644921091278	0.00856180321426355	0.0210418950503651	0.0452186795457836	0.0834384760171262	0.133768641280741	0.179143742114299	0.196118683682545	0.16749617349577	0.107030942974745	0.0446175564150826	0.00908794754586634	
9.03747064435875e-06	1.80749412887175e-05	1.93660085236259e-05	0.000108449647732305	0.000411850447935777	0.00104705552751071	0.00358658477857551	0.00927244488111207	0.0229358094281476	0.0485983528564217	0.0885852872560044	0.137191386515836	0.180155521959117	0.193120419132067	0.163478806485805	0.101852294161923	0.0413696674081696	0.00823959109318536	
3.87644979222229e-06	2.06743988918522e-05	1.42136492381484e-05	0.000140844342450743	0.000458713225412971	0.00133091442866299	0.00410128388017118	0.0104366949905931	0.025320970042796	0.0521550476544894	0.0919739399201968	0.14157053071182	0.180937170501768	0.189938286919308	0.158327131013666	0.096628263970725	0.038823936819037	0.00781750708098162	
2.5720991544224e-06	9.00234704047841e-06	2.5720991544224e-05	0.000155611998842555	0.000487412789763045	0.00158312702954699	0.00447416647911777	0.0116889046072726	0.0277760987686075	0.0545953766517699	0.0963791274153619	0.14314503424107	0.180678391151979	0.187616628621033	0.154301514323377	0.0928051956402919	0.0372645725492718	0.00701154229495547	
1.40978286780594e-05	2.43507949893754e-05	0.000161484219403226	0.000589545562900667	0.00185322366077036	0.00525464523454942	0.0131878779179301	0.0301488474384245	0.0587136115817507	0.100095865235011	0.145420384434972	0.180324045000269	0.185946515401237	0.148415532218665	0.0883856960866991	0.0349023789445084	0.0065618984392422	
1.28471789522098e-06	8.99302526654685e-06	3.85415368566293e-05	0.000192707684283147	0.000651351972877036	0.0022533951882176	0.00577352222112307	0.0148269292287453	0.0322823912711127	0.0621469434634196	0.103916976390739	0.147477906063997	0.180576093198575	0.182369559380303	0.145248920515789	0.0835991628778195	0.032493085005929	0.0061422362570515	
2.31606577626805e-05	6.5621863660928e-05	0.000243186906508145	0.000842790601919761	0.00237139401425667	0.00657762680460125	0.0165058287655369	0.0346457706065519	0.0655832625646568	0.106515865050567	0.150445199310327	0.18129133534059	0.18004838004066	0.139572557193958	0.0793638539334517	0.0304125170488175	0.00549164929617334	
1.29000132870137e-06	1.54800159444164e-05	0.000154800159444164	0.000296700305601315	0.000905580932748361	0.00264966272915261	0.00746136768520872	0.0174820980065609	0.0368308279357528	0.0678579398936781	0.110437013750124	0.154451859085415	0.182696438177331	0.175095750348623	0.133820867835494	0.0763203486099591	0.0283426191928978	0.005179355334736	
3.87862991276961e-06	3.74934224901063e-05	0.000152559443235605	0.000320633406122288	0.000991636381031431	0.00304601735816174	0.00862995155591239	0.0186975819328247	0.0386440826975612	0.0708173178239852	0.114583777759677	0.15669276984598	0.181781040998411	0.171450956664068	0.130022017689138	0.0728846275674914	0.0265543932594584	0.00468926356453846	
9.06248583986588e-06	1.81249716797318e-05	0.000138526569266521	0.000423347552805163	0.00116388211000563	0.00377258339105274	0.00937837820342691	0.020389298498864	0.0412835069230919	0.0747111332638543	0.11622638089628	0.157670423282821	0.180190700594887	0.170734643941405	0.126171811785116	0.0686263213428015	0.0248156755112213	0.00427619867558243	
7.78571632483047e-06	4.41190591740393e-05	0.000132357177522118	0.000486607270301904	0.00137158369255763	0.00418222728582143	0.0100747169243306	0.0222373034431033	0.0440476901077284	0.0784449848308294	0.119552269406547	0.159541006070264	0.180475499648345	0.166985448496189	0.120954995964404	0.0648861598511371	0.0226330773562822	0.00394216769913916	
2.59980995389237e-06	9.0993348386233e-06	3.37975294006008e-05	0.000124790877786834	0.000509562750962905	0.00177437029353154	0.00457566551885057	0.0109698981004489	0.0239533490101874	0.0466938866768839	0.081112770656465	0.1232985868733	0.162303535611547	0.179329690999588	0.162982086009513	0.116093213586087	0.0611540296404333	0.0212456469432085	0.0038334197770143	
9.11643510921489e-06	2.60469574548997e-06	2.47446095821547e-05	0.000162793484093123	0.000658988023608962	0.0019339865910263	0.00513515766223347	0.0119203900792348	0.0256497413537125	0.0490633514099218	0.0845132605060403	0.12548642693047	0.163488937857169	0.179273394074838	0.158890347518506	0.11220638567209	0.0583738363521757	0.0199545741061987	0.00325196263824423	
9.10756292024897e-06	1.30108041717842e-06	4.03334929325312e-05	0.000180850177987801	0.000671357495264067	0.00218451402044258	0.00551527988841934	0.0127701042946062	0.0271379353415076	0.0513029019297625	0.0875470991111019	0.129656566813082	0.16514483627204	0.176987270229198	0.155359410454441	0.108325353373441	0.0551658096883652	0.0189645481607927	0.00303542061327727	
1.29714809020887e-06	3.8914442706266e-06	7.7828885412532e-05	0.000212732286794254	0.000880763553251821	0.00230503215630116	0.00603952150801248	0.0139988221895341	0.0289251052635675	0.0551443596109593	0.0911959964821344	0.13215733887475	0.165605599528876	0.174680447567977	0.15178059518343	0.103880807656287	0.0531960431794656	0.0170082057588187	0.00290561172206786	
2.59472026320842e-06	0	1.55683215792505e-05	0.000106383530791545	0.000249093145268009	0.00104956434646781	0.00271407739531601	0.00687600869750232	0.0150571616873985	0.0312365398886346	0.0579971873232347	0.0943167842074946	0.134915074805785	0.165907710989678	0.17245159549349	0.147943165247355	0.100218475446162	0.0499379861857093	0.0164064162242669	0.00259861234360324	
2.60572059900305e-06	0	1.30286029950153e-06	3.90858089850458e-06	1.04228823960122e-05	1.69371838935198e-05	0.000109440265158128	0.000354378001464415	0.00118560287254639	0.00301872731394504	0.00753444111201732	0.0165293886197759	0.0334887211383872	0.0606911413316796	0.0969953435772896	0.13674821703568	0.166951124498725	0.170261692519758	0.144267023824103	0.0956182202407165	0.0480468821250173	0.0158649298670301	0.00229954842862019	
2.60561536166593e-06	1.30280768083296e-06	2.60561536166593e-06	9.11965376583074e-06	7.81684608499778e-06	2.60561536166593e-05	0.000152428498657457	0.000437743380759876	0.00132625821908796	0.00333649047061322	0.00814254800520602	0.0174537145001192	0.0355549244176124	0.0632447988660362	0.1000061231961	0.139612779501103	0.168428279785766	0.168279759710151	0.140863474874702	0.0914427683099849	0.0453624606389229	0.0142683497204826	0.00203759121282275	
1.30360250552402e-06	2.60720501104803e-06	3.91080751657205e-06	6.51801252762008e-06	1.17324225497161e-05	2.99828576270524e-05	4.82332927043886e-05	0.00017207553072917	0.000430188826822925	0.00138572946337203	0.00364096179792858	0.00862593777905241	0.0193989088847029	0.0374785720338155	0.0666544997099484	0.104121339321214	0.143383239582586	0.166997998970154	0.167748874013336	0.135216169885479	0.087881059307396	0.0419942511129506	0.0128248414493453	0.00194106413072526	
2.6053879422646e-06	2.6053879422646e-06	6.51346985566151e-06	3.90808191339691e-06	2.08431035381168e-05	2.08431035381168e-05	8.2069720181335e-05	0.000179771768016258	0.000596633838778594	0.00156193007138763	0.00420770152675733	0.00994737116356625	0.0209590433015476	0.0404747016830806	0.0700067740086499	0.107211713824188	0.145051065603668	0.167134333802303	0.163945338960971	0.132163514147257	0.0840875931426189	0.0385910062008233	0.0118180397061122	0.00192407899536241	
1.29876370682747e-06	2.59752741365494e-06	1.68839281887571e-05	1.29876370682747e-05	1.29876370682747e-05	3.37678563775142e-05	7.40295312891658e-05	0.000209100956799223	0.000636394216345461	0.00173125202120102	0.00470022585500862	0.0106563562145194	0.0226049823173321	0.0430864859740013	0.073026885707495	0.110845586086604	0.145543357278207	0.167467787413161	0.161906481220526	0.127878872101646	0.0801817749684076	0.0365459119464182	0.0110667655458769	0.00175722729533757	
1.29675784603335e-05	7.78054707620008e-06	7.78054707620008e-06	4.01994932270338e-05	6.87281658397674e-05	0.000255461295668569	0.000682094627013541	0.00207740606934542	0.00516498650075082	0.01205336417888	0.0243012420346649	0.0459000407181964	0.0763829274049023	0.113349603321775	0.146869496883891	0.16626251047132	0.159643858425165	0.124133441569388	0.0758149474683397	0.0348244319552255	0.0103883271045731	0.00175840363922122	
2.59858039552992e-06	1.03943215821197e-05	7.79574118658977e-06	2.85843843508291e-05	0.000107841086414492	0.000254660878761932	0.000808158503009806	0.00232962732459257	0.00604949516079366	0.0130305813933848	0.0263145243753338	0.048264732976375	0.0797751188525708	0.115136600874942	0.148315275365068	0.165784232074018	0.156252639183214	0.120084297948031	0.0732331927068243	0.0328200703955429	0.00986680976182711	0.00152276811178053	
1.30222746007045e-06	6.51113730035225e-06	5.33913258628885e-05	0.000136733883307397	0.000300814543276274	0.000931092633950372	0.00257450368855928	0.00667391573286106	0.0142867374644329	0.028336469531133	0.0505381454978741	0.0825716387881471	0.117757824759251	0.150512752062403	0.16617724617959	0.150753664142516	0.116751202932616	0.0704309721779103	0.030979991275076	0.00892937369370308	0.0012957163227701	
1.30563302311493e-06	3.91689906934478e-06	6.00591190632866e-05	0.000126646403242148	0.000348604017171686	0.00112415003290195	0.00297292639363269	0.00703736199458946	0.0149325248853654	0.0303990536771848	0.0530400359310208	0.0851886378591796	0.121197996636689	0.151948265597092	0.162932556220558	0.149363112211325	0.113009066315713	0.0672126823969333	0.0294041613135713	0.00850750477861686	0.0011894316840577	
2.6136855187447e-06	6.53421379686175e-06	4.31258110592875e-05	0.000165969030440288	0.00041165546920229	0.00126633063383181	0.00315471842112485	0.00752741429398473	0.0159526295636583	0.0319470780956165	0.0557433779010276	0.0877492639208158	0.123507095502762	0.151421256842955	0.161942647898662	0.146834238757558	0.11012371880403	0.0648403103490185	0.0281637683072335	0.00804231034117744	0.00115394215652578	
1.30794353346177e-06	1.83112094684648e-05	6.14733460727033e-05	0.000202731247686575	0.000525793300451633	0.00130532764639485	0.00352490782267948	0.00831198115514957	0.0170045738785365	0.0330635045823802	0.0580543816762343	0.0903108850984685	0.124932150429202	0.152961380351287	0.16181092629869	0.14406082460608	0.107040790834978	0.0615976007083822	0.0265721808258094	0.00759392015527906	0.00104504688323596	
1.04797086640991e-05	3.27490895753098e-05	9.82472687259294e-05	0.000234483481359218	0.000564594304278341	0.00156802640886583	0.00418271372055857	0.00858681128664623	0.0182464827477796	0.0344035735806545	0.0602452251827399	0.0929078571615709	0.127221043254998	0.15364431868794	0.160132568314601	0.142364222274621	0.103145222562813	0.0593203908931332	0.0250006549817915	0.00716419083549477	0.000926144253189761	
1.70271845550338e-05	4.06032862466191e-05	9.69239736209618e-05	0.00026850560259861	0.000662750414219009	0.00195419687354696	0.00454887784304865	0.0095810657707748	0.0195642350537339	0.0361303758423545	0.0626390826276875	0.0957661250712195	0.128556553173933	0.154297726870862	0.159955991276842	0.140087886467973	0.0988310182911256	0.0563062797566422	0.0235459766727572	0.00635375940588224	0.000795038540377349	
9.1712107832476e-06	2.48932864116721e-05	8.51612429872992e-05	0.000272515977559357	0.000812307240801931	0.00210151744233274	0.0047965432396385	0.0103464359364723	0.0205985394191741	0.0380172890424994	0.0650579489504204	0.0987005704493107	0.13123085509749	0.155858176396448	0.15927772784563	0.135380172890425	0.0955496044587806	0.0533960993530366	0.0218602359883552	0.00585385282565004	0.000770381705792799	
3.93631566102549e-06	5.11721035933314e-05	0.000125962101152816	0.000358204725153319	0.000935531022103725	0.00219777624407256	0.00504504457221434	0.0113300285776517	0.0220722340165903	0.0405847265703931	0.0683213188231991	0.101764256679272	0.134177191937376	0.156052610170915	0.155796749652948	0.13154510886537	0.0914655428048086	0.0511524220150262	0.0207824345849942	0.00547541508448646	0.000762333133018603	
5.27047414503027e-06	5.40223599865603e-05	0.000147573276060848	0.00034653367503574	0.00100666056170078	0.00245867618865662	0.00550105738887535	0.0119389415570298	0.0232296147942209	0.0422784259728966	0.0708918301062659	0.104838954074406	0.136265473782685	0.156011305167041	0.153971631672914	0.128224047855905	0.0892423034607251	0.0485068087937861	0.0192108782586353	0.00509523087970802	0.00077475969931945	
1.31809266718687e-05	4.87694286859143e-05	0.000134445452053061	0.000461332433515406	0.00109269882109792	0.00260191492502689	0.00575215639960352	0.0127182761456861	0.0252309298352911	0.0454781512959487	0.0736207478330557	0.106516386528038	0.138432682371301	0.155752420018137	0.151338127675728	0.12585280595567	0.0857722441318514	0.0457839487947361	0.0180051458337727	0.00473063458253369	0.000663000611594998	
5.27376092986953e-06	6.59220116233691e-06	6.32851311584343e-05	0.000158212827896086	0.000427174635319432	0.00119846217131285	0.00281750677678279	0.00652759759094601	0.0138594437236971	0.0269475999114008	0.0473596915904608	0.0763245050575367	0.108647385796707	0.139116539569028	0.155366315434189	0.149203925787636	0.123047390015716	0.0830432764821905	0.0438684618548872	0.0169116328618591	0.00445632798573975	0.000643398833444082	
1.31400519294852e-06	1.05120415435882e-05	6.57002596474261e-06	6.30722492615291e-05	0.000139284550452543	0.000538742129108894	0.00130743516698378	0.00313915840595402	0.00697473956417076	0.0149967412671215	0.0279961946409612	0.049623406111701	0.0786760609277928	0.110657633318967	0.139674809994849	0.154679435293128	0.148060791136247	0.120724227102146	0.0799020277728138	0.0420323981120373	0.0161451818057585	0.00411546426431477	0.000534800113530049	
5.24814543660634e-06	6.56018179575792e-06	1.18083272323643e-05	2.23046181055769e-05	6.42897815984277e-05	0.000171876763048858	0.000545807125407059	0.00146816868589062	0.00342179082466733	0.0076124349557975	0.0157457483461782	0.0300718733517543	0.0514895548785448	0.0809303387415472	0.112486125215502	0.140032328575889	0.154589371980676	0.14654265299	0.117377396762419	0.077613510825612	0.0397927507367084	0.015674898382784	0.00386001096862396	0.000463148834780509	
2.61987225502884e-06	7.85961676508653e-06	1.96490419127163e-05	2.75086586778029e-05	5.10875089730625e-05	0.000167671824321846	0.000605190490911663	0.00153131533306436	0.00378571540851668	0.0085289941262464	0.0169584331068017	0.0312969939585746	0.0539693684535942	0.083514977809682	0.115111947141457	0.141740328741571	0.154011810384126	0.144606468988572	0.114150454023862	0.0733813119272304	0.038010416612086	0.0145494605683027	0.00354730703330906	0.000423109369187158	
6.51514184115302e-06	9.12119857761423e-06	2.73635957328427e-05	1.95454255234591e-05	4.299993615161e-05	0.00021630270912628	0.000717968630895063	0.00162878546028826	0.00408759999113941	0.00886059290396811	0.0180273974744704	0.0339608283611943	0.0563937647486523	0.0866735379695951	0.117836764424198	0.143215847952226	0.153591862848446	0.141162275243894	0.109962563994981	0.0703009865227776	0.0364144307785725	0.0132570106183782	0.0032015407007426	0.000384393368628028	
6.48791172287793e-06	5.19032937830235e-06	1.5570988134907e-05	2.07613175132094e-05	1.68685704794826e-05	7.26646112962329e-05	0.000263409215948844	0.000730538859996055	0.00188408956432375	0.00438453074232091	0.0095566939677992	0.0192768833110149	0.0359988269855605	0.05938904632888	0.0892970217890027	0.120850331662047	0.1445675417562	0.151758743109838	0.1376423447832	0.106495178184008	0.0681671908899339	0.0339382662223745	0.0123672573261499	0.00294032159280828	0.000354239980069135	
1.29179773031139e-06	1.29179773031139e-06	1.29179773031139e-05	1.29179773031139e-06	7.75078638186833e-06	5.29637069427669e-05	6.45898865155694e-05	0.0002609431415229	0.000851294704275205	0.00209917131175601	0.00486491025235269	0.010437725660916	0.0207152684032734	0.0380499021463219	0.0610761966891224	0.0925263042312835	0.121782939227376	0.145586896003824	0.150481517603974	0.134844306078554	0.102933026746672	0.0663002267105017	0.0318738171977032	0.0119620469826835	0.0028703745567519	0.000341034600802206	
2.58163117784341e-06	2.58163117784341e-06	3.87244676676511e-06	9.03570912245193e-06	2.58163117784341e-05	0.00010584687829158	0.000374336520787294	0.000899698465478428	0.00230926908858093	0.00536850203432537	0.0113139986368987	0.0225079514240278	0.0402540841405233	0.0640309072884611	0.0936047832462463	0.124870918441108	0.145583345380946	0.148368925421839	0.133009510729259	0.100389309981619	0.0623360664202069	0.0304735744232636	0.0111087589582602	0.00270425865879097	0.000342066131064252	
2.58227782727144e-06	0	1.29113891363572e-06	1.03291113090857e-05	4.64810008908859e-05	0.000147189836154472	0.000410582174536158	0.00110392377115854	0.00262746768924869	0.00587984661269706	0.0124143006546074	0.0238111838452699	0.0420175336664472	0.0668022362525984	0.096037494674052	0.127902803062582	0.144677279828537	0.147042646318317	0.130016397464203	0.0974228867283831	0.059558946947102	0.0287911066351629	0.0103368581425676	0.00265458160643504	0.000284050560999858	
1.29374976550785e-06	0	0	1.29374976550785e-06	1.29374976550786e-05	5.04562408548063e-05	0.000186299966233131	0.000491624910892985	0.00111521229786777	0.00288635572684802	0.00616083638334841	0.0131341476194357	0.0253445579062989	0.0442462419803686	0.0694200249176205	0.0997054131783939	0.128446064219151	0.145267398670284	0.145527442373151	0.127075983217478	0.0939145892279807	0.0571345771443579	0.0270393700991142	0.0101572294090022	0.0024050808140791	0.000275568700053173	
9.07852927825692e-06	2.33447895726607e-05	4.02049153751378e-05	0.000246417223266974	0.000518773101614681	0.00148498800337203	0.00321639323001102	0.00665326502820829	0.0136917190843655	0.0272005706504118	0.04537189546722	0.0716801763828546	0.102447312106867	0.129791842292977	0.145131962907723	0.144202062123079	0.125124181311199	0.0909357369820375	0.0542857142857143	0.0263640490240581	0.00920044095713637	0.00218144089228973	0.000198430711367616	
