# <P(N_2)> as a function of N_tot.
# number_of_species: 2
# species_total_upper_bound: 100
# species_total_lower_bound: 0
# volume: 512
# Bin widths for each species index 
1	1	1	1	1	1	1	1	1	1	1	1	1	1	1	1	1	1	1	1	1	1	1	1	1	1	1	1	1	1	1	1	1	1	1	1	1	1	1	1	1	1	1	1	1	1	1	1	1	1	1	1	1	1	1	1	1	1	1	1	1	1	1	1	1	1	1	1	1	1	1	1	1	1	1	1	1	1	1	1	1	1	1	1	1	1	1	1	1	1	1	1	1	1	1	1	1	1	1	1	1	
# Bin lower bound for each species index 
0	0	0	0	0	0	0	0	0	0	0	0	0	0	0	0	0	0	0	0	0	0	0	0	0	0	0	0	0	0	0	0	0	0	0	0	0	0	0	0	0	0	0	0	0	0	0	0	0	0	0	0	0	0	0	0	0	0	0	0	0	0	0	0	0	0	0	0	0	0	0	0	0	0	0	0	0	0	0	0	0	0	0	0	0	0	0	0	0	0	0	0	0	0	0	0	0	0	0	0	0	
# Bin upper bound for each species index 
0	1	2	3	4	5	6	7	6	6	7	7	7	7	7	8	8	9	9	9	10	10	10	10	10	11	11	11	12	12	12	12	12	12	12	12	12	13	12	13	14	14	14	14	15	16	16	16	16	16	14	15	15	15	15	15	16	16	17	17	17	16	17	17	17	17	17	17	18	18	18	19	20	22	22	23	23	23	21	21	20	20	20	20	20	20	20	21	21	22	23	22	23	23	23	24	25	24	24	25	22	
# Normalized histogram for each species index 
1	
0.920166572420431	0.0798334275795694	
0.847535281695469	0.14616761268081	0.00629710562372135	
0.780393275506795	0.201709273389909	0.017426781619118	0.000470669484177773	
0.719305330878381	0.246605749864573	0.0321940555076603	0.00186058780268083	3.42759467053736e-05	
0.661540602343563	0.284400577147318	0.0497093799833464	0.00415745495594378	0.000186032528903874	5.95304092492397e-06	
0.609166162221983	0.314717034385178	0.06786198393452	0.00773712923315743	0.00049986444983344	1.41120721349708e-05	3.71370319341338e-06	
0.560233813950899	0.338592291562285	0.0871628718291303	0.0128315611720388	0.00111414203269684	5.78967878416746e-05	2.2267995323721e-06	5.1958655755349e-06	
0.517037554213089	0.355121620742091	0.107262778905265	0.0183843759799774	0.00202651929778888	0.000159015200373945	8.13566141448089e-06	
0.475312098602574	0.368856613554018	0.126470668522916	0.0257410797088137	0.00331852612583101	0.000286995700966711	1.40177848801221e-05	
0.437231594810159	0.376763332965781	0.1463366045503	0.0339963979858125	0.00516190686220458	0.000485904362847797	2.35233579593487e-05	7.35104936229647e-07	
0.402860576304697	0.381085063925649	0.164331729832827	0.0433290581486368	0.00746895591169845	0.000875371628698372	4.70392814749755e-05	2.20496631913947e-06	
0.371609836378731	0.382856135246534	0.180989221715268	0.0525843637726201	0.0104131308455847	0.00144739065588103	9.69825211047191e-05	2.93886427590058e-06	
0.34160306888282	0.383488933580881	0.196483117980236	0.0624638042696796	0.0136386615655983	0.00211710528349121	0.000188383368986358	1.69250683073681e-05	
0.314465863228782	0.379800610172391	0.212134438465928	0.0732774573889399	0.0169810180058363	0.00296091387250081	0.000350207691593098	2.94911740288925e-05	
0.287861914546203	0.375607155026056	0.226223787054341	0.0842000303854079	0.0213700868934165	0.00413595552520293	0.000533219658473915	6.26883415909859e-05	5.16256930749295e-06	
0.265124467162444	0.368098761787013	0.238001144101419	0.095846911848831	0.0265003413851008	0.00550054437083649	0.000801609123286155	0.000111457622114373	1.47625989555461e-05	
0.24531766379874	0.359255372380231	0.247493332034427	0.106871952920547	0.0324136190337022	0.00730634855267877	0.00115720752834347	0.000159411241149355	2.28784651649537e-05	2.21404501596326e-06	
0.225624325076414	0.350238377659005	0.257187313392625	0.117731031464079	0.0380415166118854	0.00928709616226362	0.0016342100543039	0.000213318295254664	3.69062794558243e-05	5.90500471293189e-06	
0.207494855697615	0.340017544856325	0.264198385253467	0.128972401158934	0.0449821194452048	0.0116454168305195	0.00227537161082882	0.000344552056503586	5.38593150423165e-05	1.54937755601184e-05	
0.191301748507237	0.329168850147985	0.270882815325456	0.139299711411427	0.0512396023234701	0.0143260977067911	0.00314126078516758	0.000539535158354676	9.22597740004576e-05	5.90462553602929e-06	2.21423457601098e-06	
0.174745190284696	0.319862372171411	0.274800975391914	0.150506303274962	0.0581572638915602	0.0169116568766383	0.00411350684933526	0.0007568204110117	0.000128224685020483	1.54753930197134e-05	2.21077043138763e-06	
0.160775006377056	0.306679088062521	0.278940188760855	0.160894784122794	0.0658807176313581	0.0204383717620268	0.00515192180435562	0.00102550452678548	0.000184842200213678	2.58779080299149e-05	3.69684400427355e-06	
0.148121633372564	0.294954796412083	0.281041680980951	0.170253918789429	0.0733593243805332	0.0241632515553625	0.00642609802569996	0.00135570129652327	0.000270401457508184	4.21117023988156e-05	1.10820269470567e-05	
0.138212174508874	0.283692844769917	0.281239247514284	0.178233203232871	0.0807981464006769	0.0277980829010188	0.0078710041363382	0.00174476386249223	0.000340387702331324	5.90694494284292e-05	1.10755217678305e-05	
0.126674790439126	0.27281122850913	0.282114226535231	0.186613183525462	0.0876069195658011	0.032303797617748	0.00914588269311909	0.00220846622979261	0.000422662374639667	7.74512204837087e-05	1.69655054392886e-05	4.4257840276405e-06	
0.116481600352568	0.261225395220432	0.281121467225686	0.194330315918405	0.0960475377348826	0.0362421429418948	0.0110730259613634	0.00279460329088121	0.000567469550099823	8.69628661191937e-05	2.06352563672663e-05	8.84368130025698e-06	
0.107084674696352	0.249157338667188	0.279771645575945	0.200688237719042	0.104333487401781	0.0412435601715671	0.013470824114333	0.00343604481554774	0.000692205777640284	0.000102140767613588	1.39616876594112e-05	5.87860533027842e-06	
0.0987692067976592	0.237744618862755	0.27826906935688	0.205970074659007	0.112065683462861	0.04607426505932	0.0155565322588943	0.00442823900878004	0.000961350476926854	0.000144055576053259	1.24946162903337e-05	3.6748871442158e-06	7.3497742884316e-07	
0.0905610000703779	0.227385225326671	0.27461468083609	0.211995184976658	0.119282526333075	0.0516742616182232	0.0177161775400568	0.00524022333262955	0.00125287376545382	0.000236059305135243	2.93241372838811e-05	8.79724118516433e-06	3.66551716048514e-06	
0.083569780254353	0.216532212631021	0.270731846510219	0.216647082666916	0.126862613973757	0.0571430870919736	0.0203122416338763	0.00619493371925763	0.00160379056485328	0.00033875685744848	4.53626893343537e-05	1.09748441937953e-05	7.31656279586351e-06	
0.0770801052477708	0.206216927349803	0.267079374360474	0.22070457535448	0.133749451834527	0.0624148516298787	0.0232400233883935	0.007162695512352	0.00185645373483409	0.00040564244993422	7.23578424206987e-05	1.46177459435755e-05	2.9235491887151e-06	
0.0703753807751663	0.194309411729377	0.262501400783853	0.225905235965244	0.140887727082627	0.0685333042312095	0.0261486976921674	0.00848527107822636	0.00229398955692749	0.000464364424997455	7.83706521683402e-05	1.6113592034612e-05	7.32436001573273e-07	
0.0643243844991035	0.185096294690463	0.256530725242275	0.22900676142822	0.147414075957674	0.0747023565393675	0.0294494181890622	0.00984698899656655	0.00283288608692595	0.000658418974184703	0.000105464218334368	3.14927874192906e-05	7.32390405099781e-07	
0.059276953062032	0.175334486144287	0.249919400929087	0.23146807544073	0.155008133178974	0.0799762599100221	0.0331555268981081	0.0114120957223875	0.00338149738419379	0.000805257990298803	0.000216152053810871	4.54285672416067e-05	7.32718826477528e-07	
0.0548247266004106	0.16549881117894	0.243485618958533	0.232786595100931	0.161521690956257	0.0860924391565697	0.0371873173892597	0.0130210828327803	0.00414167558312935	0.00109045352188696	0.00026109450524054	7.60611443837987e-05	1.24330716781209e-05	
0.0508273894957507	0.157765336196601	0.236841201842133	0.233176657061571	0.167481456322381	0.0913696573939148	0.0409381585242483	0.0150540697483319	0.00472293134365425	0.00136589570254152	0.000365943180199625	8.18076570506148e-05	9.49553162194636e-06	
0.0464476473730584	0.148760300463434	0.230823665394451	0.233579201062277	0.172075586653617	0.0984785157858451	0.0452262038979789	0.017038990720382	0.0054126853755465	0.00164851142042361	0.000397187764867758	9.61996054358607e-05	1.38469129036466e-05	1.45756977933122e-06	
0.0427771623560387	0.139877577291376	0.224686828174737	0.233832043866678	0.177156809945605	0.104184089426373	0.0496331551286037	0.0188610951782558	0.00640573757930548	0.00194478134527787	0.000503526877389016	0.000113111110138112	2.40817202229529e-05	
0.0397047518333923	0.13211710553026	0.218480565345129	0.232916858122146	0.181276277035529	0.110024059266555	0.0540662945285139	0.0213741263584178	0.00715622107556574	0.00217434797042535	0.000533510388429274	0.00014290456832927	2.63823818454036e-05	6.59559546135091e-06	
0.0367024242731478	0.12427145805369	0.211743512091978	0.231666236870082	0.184926409273614	0.115919445099548	0.0586147031574988	0.0244175888925869	0.00837552319468904	0.0024597589171771	0.000656082650250641	0.000191020704440276	4.48163960417571e-05	1.02857302390918e-05	7.34695017077986e-07	
0.0335113462974386	0.118272865984128	0.204042994631574	0.230066876602928	0.188779575779219	0.121363621607104	0.062701242204862	0.0272744980565647	0.00987138206727208	0.00296532510115603	0.000854403201577178	0.000216183193490599	7.08313534986262e-05	7.37826598944023e-06	1.47565319788805e-06	
0.0302215979748391	0.111472465668855	0.19758758909556	0.227771525457773	0.192604440821053	0.126483941383761	0.0679784723268378	0.0299601820754355	0.0112202067105609	0.00329723726225184	0.00101834046688584	0.000293169808088237	6.49847433545715e-05	2.43692787579643e-05	1.47692598533117e-06	
0.0282114783309363	0.105467367170617	0.190314352875656	0.224823849522983	0.194962325941703	0.131909564485812	0.0723938838717705	0.0333978638283123	0.0128241398361508	0.00404512888571585	0.00119457943842176	0.000331045882811239	9.40555416488307e-05	2.9623792645301e-05	7.40594816132525e-07	
0.0263808414216412	0.0993140996081524	0.184597574658591	0.221715055428207	0.196970068248463	0.136603111167545	0.0766408479412964	0.0363734381230522	0.0145927406090605	0.00486894973405302	0.00139081025650165	0.000410634314920134	0.000100245266752655	3.78704341065585e-05	1.48511506300229e-06	2.22767259450344e-06	
0.0237759951251593	0.0932826032838294	0.17722126649253	0.219800324741674	0.198872693089393	0.141643846814076	0.0813481609737792	0.0394698610744714	0.0164890000260091	0.00584089144190505	0.00164080003864203	0.000443640227839353	0.000124843481201024	3.9385145855085e-05	2.97246383811962e-06	7.43115959529905e-07	2.97246383811962e-06	
0.0217774356342486	0.0874883317899685	0.171266637658846	0.215804055888402	0.200818169308982	0.146247763980468	0.085777614143916	0.0430178546856928	0.0182548448639422	0.00674097131572782	0.00203129125711714	0.000587594321904996	0.000132394669998847	5.05777391006832e-05	2.9751611235696e-06	0	1.4875805617848e-06	
0.0200632833734277	0.0819962148957609	0.164493640058152	0.212667085581281	0.201711105079402	0.149469973861215	0.0911235959233907	0.0465857839218588	0.0205079773488654	0.00778140093474971	0.00259826212404582	0.000728019066811924	0.000225321529360585	4.31308538049965e-05	2.9745416417239e-06	7.43635410430974e-07	1.48727082086195e-06	
0.018992560130073	0.0770166933431449	0.157568237289322	0.209176609209828	0.203253164868084	0.153979015827878	0.0953649960413546	0.0496741100123563	0.0222980103989853	0.00868444122026082	0.00272375656453635	0.000943669556266763	0.000255468553906472	6.25637274872992e-05	3.72403139805352e-06	2.23441883883211e-06	7.44806279610705e-07	
0.0176100610181012	0.0727387639716695	0.149852466921511	0.205231592276556	0.204120342870005	0.157963618693138	0.100355286782095	0.0534398423531358	0.0244199106677707	0.00966883873319058	0.00319214031405652	0.00100765204403559	0.000314518611377972	7.75116956950451e-05	6.7077428966866e-06	0	7.45304766298511e-07	
0.0164511698045598	0.0687422548038879	0.14420771309554	0.199654358959046	0.204900936142258	0.162025023515535	0.10496588381086	0.056757543634382	0.0263217223823103	0.0105050987652478	0.00385206862057124	0.00111904086477447	0.000376995087865984	9.77947653672156e-05	2.23957477940188e-05	
0.0149301200501702	0.0647561667562563	0.139418712297677	0.195469001970973	0.203473093232993	0.165407931672938	0.109565938003942	0.0605163351848534	0.0286455533655856	0.0115749865615481	0.00438168189691214	0.00126769396165562	0.000427044137848653	0.000132144776921699	2.91166457624082e-05	4.47948396344741e-06	
0.0136133680821708	0.0606461937683918	0.134631304614441	0.191612418347087	0.202039313049884	0.167437547440015	0.114214243782787	0.0646231159536799	0.0308506859405556	0.0131070919784777	0.00499545697587897	0.00161305399655254	0.0004374763968397	0.000146573288513814	2.46781557191626e-05	7.47822900580684e-06	
0.0123787487430987	0.0567330659419938	0.128101135229494	0.188149056342819	0.201367359068192	0.169628779581569	0.117762584899242	0.0691245238727137	0.0340038052802937	0.0145363202416241	0.00564512210165107	0.00179199545459643	0.000593593821839618	0.000144286659464794	3.21467686890473e-05	7.47599271838309e-06	
0.0113528318219876	0.0535502620487529	0.122199790420749	0.183697781641724	0.201225956457409	0.172138059397717	0.121039859643148	0.0723115635314178	0.0372283256141546	0.0163152143631248	0.00597965602413373	0.00208458905362943	0.000663244385389802	0.000172533167820996	2.68882858941811e-05	1.34441429470906e-05	
0.0105529308509645	0.0503176411271498	0.116873261003529	0.178645403447181	0.199338200967302	0.17513024966854	0.125055367780247	0.0761442363354559	0.0399372560736494	0.017637765868051	0.00689436238352225	0.00244402532165599	0.00078205822486975	0.000192713488076787	4.10823327295475e-05	1.34451270751246e-05	
0.00937168965326616	0.0468816066863588	0.111998601530249	0.173346750276033	0.198037361254917	0.177165648443231	0.129472750010085	0.0796306007891792	0.0423941025215784	0.0195599003739711	0.0080285012916422	0.0028387740679483	0.000921107480468487	0.00028238331518012	5.15461607074823e-05	1.71820535691608e-05	1.49409161470963e-06	
0.00897410251510736	0.0440554314854181	0.106714417082667	0.168029862421478	0.196561432631906	0.17892522750615	0.13334711706117	0.0830233238588865	0.0452250579215134	0.0214944049012349	0.00897708816012611	0.00328495593187952	0.000972573864857764	0.000299310913129673	8.80765280531206e-05	2.23923376406239e-05	5.22487878281224e-06	
0.00813382408920017	0.0411942917971215	0.101556220524292	0.163492918380923	0.1939789290825	0.180553910515271	0.136775477701075	0.0879866867200181	0.0482606399343275	0.0230062297985949	0.0096758165669586	0.00367247483833289	0.00117995946124124	0.000376186570660874	0.000110248737540217	2.23477170689628e-05	1.8623097557469e-05	5.21446731609132e-06	
0.00776063608941324	0.0390777417813897	0.0965057047743909	0.157712792474787	0.19066684921151	0.181509596253465	0.141234648003441	0.0918002145894006	0.0516577105602688	0.0252053257458172	0.0106513428207048	0.00415190310440325	0.00144200505669059	0.000460578498499214	0.000129467946266338	1.56254417907649e-05	1.56254417907649e-05	2.23220597010927e-06	
0.0069273459540902	0.0371300698595169	0.092268420189749	0.153017342103916	0.188108080840302	0.181852846198528	0.143632264607108	0.0962365475733888	0.054560453296795	0.0274875722464022	0.0117174372825931	0.00461427413091037	0.00171366129299083	0.000554158002538593	0.000143917874822606	2.74482544764765e-05	6.67660244022401e-06	1.48368943116089e-06	
0.00637296407905197	0.034607605701503	0.0885589099850252	0.148332994398329	0.185190882032131	0.180846351518737	0.146527888188423	0.10002773104583	0.0585849771681056	0.0296884879185077	0.013221423157272	0.00524893235473554	0.00192046736055906	0.00064779723059289	0.000190050100756133	2.14453421086687e-05	1.109241833207e-05	
0.00605102538249804	0.0322886561027698	0.0838133591549869	0.14500934654104	0.182223892377557	0.181424239756716	0.148198340480398	0.103577576290633	0.0619068719083736	0.0319861048336449	0.0145084059690628	0.00575957012568823	0.00223325741195129	0.000737514951876595	0.000224879182919242	4.5863517569056e-05	1.03562781607546e-05	7.39734154339613e-07	
0.00547139075997218	0.0303422915689765	0.0795396209139578	0.139807145698558	0.179866970978517	0.182497475796911	0.150847709994066	0.106339509204545	0.0649085027308803	0.0340224796674793	0.0162067542711442	0.00648773900295645	0.0024393839388828	0.000868933301035386	0.00026149484677365	7.18555244675469e-05	2.00010222744718e-05	7.40778602758215e-07	
0.00520152863066476	0.0281621488077883	0.0762089603397353	0.134299002947607	0.175712400203877	0.182953438491609	0.154427753950113	0.10999923583305	0.0673616876367432	0.036692626085692	0.0173710727939502	0.00743096716085269	0.00274135619602144	0.000992675125920617	0.000301215322215075	0.000126866551967433	1.55801028731935e-05	1.48381932125653e-06	
0.00473312204783492	0.0263089077193499	0.0729826469526302	0.130209517356762	0.17242352787349	0.182122304884083	0.156375785077182	0.113894324562459	0.0706342873869095	0.0384919980446434	0.0187653319425933	0.00844993410329216	0.00306898872698258	0.00103562582556614	0.000341741664103604	0.00012555291572502	3.1945416427076e-05	4.45749996656875e-06	
0.00428605988425107	0.0245447270967862	0.0686052440590282	0.126165584234326	0.170598284236187	0.180870536129669	0.157613562349964	0.116452351266353	0.0746093008541601	0.0412483019148817	0.0203576679010737	0.00923386121294453	0.0036183635111748	0.00120140685188976	0.000425033031244766	0.000131752796025085	2.97746431695108e-05	8.18802687161546e-06	
0.00386197301013423	0.0226668394685448	0.0648215597157111	0.121086447118901	0.167094947183702	0.180344084291564	0.160115092009552	0.119484305567349	0.0782576505797056	0.0439818021746223	0.0221677995617387	0.00998899132862299	0.0040802098649017	0.00134144906292223	0.000492336385669957	0.000145242957951046	5.43730047714174e-05	1.48967136360048e-05	
0.00369437972212551	0.0213018262109025	0.0612511196217241	0.116323117622028	0.163509407798221	0.179277103772939	0.162146519427111	0.123211952947618	0.0809772921372054	0.0465517138767628	0.0239472580054813	0.0107409292041982	0.0046235541629098	0.00170807407209025	0.000496204445158622	0.000153250548279874	6.39783842333455e-05	1.7110498108918e-05	5.20754290271417e-06	
0.00328244928664266	0.0198384471862326	0.0579958960073589	0.111891523504854	0.159642334434435	0.179217857954186	0.163172066036295	0.125856270878411	0.0842942212655343	0.0492091807283656	0.0257344917864285	0.0118799786979692	0.00511695634200932	0.00198272747924728	0.000634591965559234	0.0001809927789095	4.76688800420082e-05	1.34068725118148e-05	8.93791500787654e-06	
0.0031403762339189	0.0185709312821874	0.0548652724181344	0.108043701395168	0.154937650897202	0.177567292977797	0.164806020458288	0.129632763076391	0.0877233129515735	0.0519045379293792	0.0271914988457459	0.0129498590818592	0.00554653205710669	0.00212886649040407	0.000720057783519025	0.00020573079529115	4.32332830684301e-05	1.26718243476433e-05	9.69021861878605e-06	
0.00291618695725901	0.0170709612930288	0.0524355850669808	0.103281807336802	0.151303322117802	0.175041128574021	0.166008460735227	0.132242124584624	0.0914400504550174	0.0553346661073776	0.0291239390612868	0.0141250249151398	0.0061291243853026	0.00237251629524515	0.000874632966522977	0.000226839332304003	5.87551057443156e-05	4.46241309450498e-06	7.43735515750831e-06	2.97494206300332e-06	
0.00265506026741998	0.0161417871916154	0.0495551902385177	0.099036937904676	0.147495682466958	0.172394198185152	0.167057371260364	0.135177360103027	0.0945903239781838	0.0582013839844747	0.0314178422423872	0.0153138891031994	0.00677452091703808	0.00277375533385955	0.00103190523385895	0.000281158938628716	8.16028581771999e-05	1.03858183134618e-05	3.70922082623636e-06	5.1929091567309e-06	7.41844165247272e-07	
0.00243805176079863	0.0153001325788293	0.0472968649793989	0.0952171926916478	0.143508026896688	0.170961218832443	0.166780000982065	0.137565787222139	0.0972639062692972	0.0608954948493646	0.0338351290746414	0.0166571684078488	0.00747560088266848	0.00304365875905621	0.00122758175322482	0.000395058127855988	0.000112342330143605	1.26478120029224e-05	7.43988941348376e-06	2.9759557653935e-06	1.48797788269675e-06	7.43988941348376e-07	1.48797788269675e-06	
0.002100178749705	0.0139433703662619	0.0444983282696269	0.0909166710715081	0.13992878302049	0.168756546773088	0.168319536873734	0.140504266244	0.100505576529218	0.0632428516868805	0.0361296259210151	0.0177729767074468	0.00806420993151526	0.00329581401096917	0.00136835467634094	0.00047125599027411	0.000142940205580773	2.30788873593956e-05	4.46688142439915e-06	5.95584189919886e-06	2.23344071219957e-06	1.48896047479972e-06	1.48896047479972e-06	
0.00196485905098127	0.0127585443799592	0.0416450273865735	0.087150477504711	0.135669158567925	0.167199297210824	0.167431772001839	0.143342316894435	0.104294748230546	0.0665116337985561	0.0379112736116523	0.0195792951394141	0.00873643245079842	0.00366594862754185	0.00142986898704326	0.000481342035242284	0.000163179420616192	3.20397949155081e-05	1.78826762319115e-05	6.70600358696681e-06	3.72555754831489e-06	2.23533452898894e-06	1.49022301932596e-06	7.45111509662979e-07	
0.00189159992549823	0.0118420562488359	0.0392810579251257	0.0835030731979885	0.131728813559322	0.16431439746694	0.167383125349227	0.144938722294654	0.107170795306389	0.0698945799962749	0.0406049543676662	0.0209506425777612	0.00981709815608121	0.00422425032594524	0.00159657291860682	0.000593034084559508	0.000171354069659154	5.96014155336189e-05	1.34103184950643e-05	1.19202831067238e-05	2.23505308251071e-06	3.72508847085118e-06	1.49003538834047e-06	1.49003538834047e-06	
0.00173375652945491	0.0111092697637469	0.0368458561881286	0.0805739752220702	0.128008899900642	0.161609443288029	0.167368814528181	0.145480974381574	0.110587359257688	0.0729641737383075	0.0429574780047754	0.022744685958207	0.0106239962902218	0.00463053447708253	0.00179023552484221	0.000633902408754839	0.000218484534787717	7.20850335864236e-05	1.93217615798661e-05	7.43144676148697e-06	7.43144676148697e-06	9.66088078993307e-06	1.48628935229739e-06	7.43144676148697e-07	
0.00167568069881981	0.0102741380912555	0.0347149893132608	0.0762442152216337	0.124821856704767	0.159295232785057	0.166478951770282	0.14708670197937	0.113014775578478	0.0763393736641576	0.0457176842300901	0.0241828826317257	0.0118531734968869	0.00507759501905027	0.002091998884862	0.000741195056221541	0.000266889694266332	7.65728092184741e-05	2.97370132887278e-05	4.46055199330917e-06	4.46055199330917e-06	7.43425332218195e-06	
0.00147035941539999	0.009717772885679	0.0328102328081483	0.0728524004827246	0.120708690903649	0.156397105737082	0.166612195123767	0.148764637521041	0.11541167457931	0.0791433053232967	0.0478071543594482	0.026109860788604	0.0127947326142097	0.00580252216892531	0.00232205114766205	0.000841268931342777	0.000279926653260959	0.000115395295892151	2.6801488078177e-05	4.46691467969616e-06	5.95588623959488e-06	1.48897155989872e-06	
0.00128910105343727	0.00904907163089934	0.0310018359245906	0.0701500743396528	0.116821052929982	0.152049021648393	0.165796448854841	0.150958358604339	0.1181981828748	0.0822219685796538	0.0501391677092122	0.0278447319557558	0.0140182279485762	0.00637538055710352	0.0026252005827811	0.000968317805186095	0.000308101119831939	0.000141741435273774	3.95384003658421e-05	3.73003777036246e-06	7.46007554072493e-07	
0.00119871479848895	0.00845971496727994	0.029359923640747	0.0668464614387266	0.11294059303894	0.150185894151616	0.163389681642262	0.152085166259129	0.121401801731825	0.0851326503024047	0.0528427838862857	0.0299103615264083	0.0147931115349972	0.00686889719732265	0.00295234865945596	0.00110087577132256	0.000348038066103333	0.000126219813672668	5.07866705901859e-05	5.22803961957796e-06	7.46862802796852e-07	
0.00116782216846059	0.00807693887227505	0.0279426094553274	0.0639994922512311	0.109940302185186	0.146926066552423	0.162052499729325	0.151999820794552	0.123926540700171	0.0881100918801265	0.0557478280673066	0.0317357914347263	0.0159933395308551	0.00738326445123932	0.00315401588208282	0.00122606393901041	0.00041590597687503	0.000152324630668772	3.88278470332165e-05	8.96027239228073e-06	1.49337873204679e-06	
0.00105349234203584	0.00761842089555802	0.0262903042891762	0.0616852594635247	0.106395265551696	0.144289653690506	0.162146796547649	0.153268213778367	0.125296947558166	0.0903041399563084	0.0578659766739486	0.0329149207940885	0.0172132590815218	0.00810636989817235	0.00349174515632274	0.00129597464455825	0.000509585884993255	0.000176825555993267	5.67035538206258e-05	1.64141866322864e-05	3.73049696188327e-06	
0.000925956348625552	0.00712090301652683	0.0249448159885779	0.0589079987693741	0.102218860237344	0.141406228997966	0.160603394974148	0.154435330909916	0.128125476046107	0.0931661434515471	0.0602834919904776	0.0347375511142839	0.0182868911463638	0.00852103862432756	0.00388528296927318	0.00158233992156254	0.000533918378441347	0.000189671703670073	8.66217229359388e-05	2.6135864678947e-05	1.19478238532329e-05	
0.000817312365868796	0.00637398957608931	0.0235831632157091	0.0562330349731925	0.098641302315843	0.138556505223172	0.159642865154676	0.154451099595457	0.129698424449081	0.0962776020518803	0.0630624163432562	0.0366489445229603	0.0195721261338059	0.00932319357516208	0.00425929664774809	0.00183128818299422	0.00065953294299751	0.000245268486738303	8.44979847604519e-05	2.76674817357232e-05	1.04687768729763e-05	
0.00077705772589083	0.00587392818012183	0.0220500413209233	0.0533941118619096	0.0951981721568026	0.135226741555387	0.15803813491188	0.15564937420303	0.131830572995935	0.0989301433331214	0.065512173779724	0.0388641046447709	0.0208952991373089	0.010135405487269	0.00450828101219435	0.00196844652025473	0.000761352035569649	0.000284946095827148	7.2545331483552e-05	1.86972503823588e-05	1.04704602141209e-05	
0.000757317865053455	0.00545343844805324	0.0208397380430007	0.0511594461532002	0.0913145388534057	0.13148387812731	0.155960241561904	0.155610075776776	0.134105997507599	0.101853254292343	0.0685455148036897	0.0410286326138564	0.0224338546579548	0.0111393209933011	0.00487457766407179	0.00208674813707303	0.00086379225796196	0.000317173719720407	0.00012372024528101	3.82408030868576e-05	9.74765568880684e-06	7.49819668369757e-07	
0.000780847622518531	0.00519109306619359	0.0192501152070263	0.048812388746156	0.0890211468897115	0.128348910126472	0.154076220366193	0.155537768326953	0.135785410724343	0.104338410474352	0.0710021655908991	0.0428524958510411	0.0237755676769746	0.0119762598227167	0.00544108478333549	0.00236588546765017	0.000923162184385457	0.000323031465824928	0.000143067548966751	4.74381872889754e-05	6.02389679860005e-06	1.50597419965001e-06	
0.000668501591742234	0.00483778096662165	0.0182809183870345	0.0461650467875748	0.0854649515242138	0.125211026432568	0.151663943420799	0.155776697858383	0.137697008248119	0.106566841115184	0.0735381897549682	0.0454799645475593	0.0254535560968551	0.0130127942311403	0.0058115172197569	0.00269058701524214	0.00106643715029905	0.000400950221879221	0.000142442841983407	5.50176056338028e-05	1.05513216284005e-05	2.26099749180012e-06	3.01466332240015e-06	
0.000609679721961901	0.00460730740383585	0.0171834607775227	0.0436698191937438	0.0827157307932024	0.122598442902136	0.149081783101912	0.15551058413052	0.138708927733335	0.108706347158274	0.076297493522153	0.0475029540793459	0.0270726469607315	0.014281445665313	0.00670798604980359	0.00284165078330262	0.00121558667336711	0.000438395938687951	0.000157701809269848	7.39463029112207e-05	8.30009522472885e-06	3.77277055669493e-06	5.2818787793729e-06	7.54554111338986e-07	
0.000489528606545525	0.00426341760254495	0.0162448185279799	0.0418908456644334	0.0793699089024919	0.120153666795199	0.147568775003615	0.15418946112691	0.139786023280474	0.111361733021642	0.0786792970067962	0.0498084060346074	0.0285116522870776	0.0152107834867692	0.00728192630259797	0.00315256422615318	0.00129009615848074	0.000493294211211259	0.000159661637827156	7.00402467826674e-05	1.43092977297923e-05	8.28433026461657e-06	1.50624186629392e-06	
0.0004676021722041	0.00390647354169867	0.0157109811965194	0.0395428793450859	0.0767138636137742	0.116772536015156	0.146109489688657	0.153987946255117	0.140270862887899	0.113230506034402	0.0811045049440835	0.0517208663516188	0.0305206422640077	0.016255387590245	0.00793191832849919	0.00346597874179625	0.00144120862737302	0.000541394463469804	0.000183727745600323	6.6262465626346e-05	3.76491281967875e-05	8.28280820329325e-06	6.023860511486e-06	3.011930255743e-06	
0.000430037034308234	0.00361321326378562	0.0146814042062434	0.0379928698055361	0.0729942756958405	0.113644804445921	0.144009779583466	0.153255575821093	0.141685925609608	0.115315332925349	0.0836369404819723	0.054477873391684	0.0317595882470578	0.0174172517024805	0.00872779708266485	0.00391469027559961	0.00153069126197826	0.000602202210630937	0.000175172428310872	7.3677673710152e-05	3.75906498521184e-05	1.72916989319745e-05	4.51087798225421e-06	1.50362599408474e-06	
0.000391661952217242	0.00327810549662285	0.0135468516231462	0.0362107231340159	0.0704113650994686	0.109830414876551	0.140873000985908	0.152867460694997	0.142700006452668	0.117710923466854	0.0865167746863328	0.0569680562912764	0.0341818842091205	0.0183705962415459	0.00909451058012488	0.00423400075931398	0.00173546761585916	0.000721798463664725	0.000208586250414546	6.97788535559454e-05	3.90161331710662e-05	3.00124101315894e-05	5.25217177302815e-06	3.75155126644868e-06	
0.000375503133057516	0.00294567995613645	0.012531482048033	0.0340645670905165	0.0678830375061805	0.106475334605456	0.138060234592216	0.15179227944614	0.143976278973395	0.12053874975409	0.0887915306839169	0.0594559094244554	0.0361634949617503	0.0195889961125702	0.00974438110426346	0.00452473795192213	0.00192912864572775	0.000774942720811925	0.000239364546968934	7.03133356721244e-05	3.36606394175064e-05	2.46844689061713e-05	8.97617051133503e-06	2.99205683711168e-06	3.7400710463896e-06	
0.000354870863536497	0.0028866806378431	0.0120931938601376	0.0322432982711974	0.0656220342003067	0.103054946087213	0.134827816806117	0.150559182544528	0.145170513213348	0.121642425855474	0.0918079253995839	0.0613397269730932	0.0383722759374443	0.020942599637823	0.0106013942846407	0.00504945453515272	0.0021747023296974	0.000861829240017207	0.0002564612963373	7.60437564721065e-05	4.32405674057076e-05	9.69185131507239e-06	7.45527024236338e-07	7.45527024236338e-06	7.45527024236338e-07	7.45527024236338e-07	
0.000322983985934233	0.00272791532028132	0.0112955296046379	0.030935925917126	0.0626098888044098	0.100349268199962	0.132511790771716	0.148466457184946	0.145587816004562	0.124152074225432	0.0933067323227523	0.0642099588956472	0.0401732679148451	0.0226719908287398	0.0113423065957042	0.00545211818095419	0.0024346310112146	0.00093331234556168	0.000374215928530698	9.28114902109865e-05	3.19271526325794e-05	1.18798707470063e-05	2.22747576506368e-06	1.48498384337578e-06	1.48498384337578e-06	
0.0002639420335844	0.00253710572731971	0.0104531425042316	0.0293331534177898	0.0600935214834729	0.0971536520754667	0.129613332334901	0.147513198955205	0.145245225132916	0.126678830736791	0.0962980646969375	0.0665482387429835	0.0419156260356574	0.0238697016046341	0.0123125993026296	0.00581339743071707	0.00263274764398372	0.00112546069376719	0.00040555138306367	0.000141609349479271	4.15189715750741e-05	7.41410206697752e-06	1.4828204133955e-06	0	1.4828204133955e-06	
0.000282832931849141	0.00239405828140021	0.0101649116425467	0.0275142251602534	0.057835251673057	0.0946688590549223	0.126879892508639	0.145402108998319	0.145425121651566	0.127888737533266	0.0989276845930287	0.0694351135971375	0.043935609111526	0.0252278067085596	0.0129902715864255	0.00627948496197345	0.0028454032225138	0.00117364531562596	0.000479553999933189	0.000181131851367954	5.79028049454934e-05	8.16578018462087e-06	1.4846873062947e-06	0	0	7.42343653147351e-07	
0.000193956292209645	0.00212608793874251	0.0095023720631599	0.026560865119376	0.0551831660800913	0.0915993888518977	0.125262324027395	0.144064194330829	0.144672815799486	0.129349525587368	0.101939265671074	0.0711908767716161	0.045659243317797	0.0268105559783126	0.0137181346903833	0.00682859911538096	0.00307580495576905	0.00142085988775801	0.000520932417007515	0.000240773328260249	5.79639493959859e-05	1.70919337962523e-05	5.20189289451156e-06	
