# <P(N_2)> as a function of N_tot.
# number_of_species: 2
# species_total_upper_bound: 100
# species_total_lower_bound: 0
# volume: 512
# Bin widths for each species index 
1	1	1	1	1	1	1	1	1	1	1	1	1	1	1	1	1	1	1	1	1	1	1	1	1	1	1	1	1	1	1	1	1	1	1	1	1	1	1	1	1	1	1	1	1	1	1	1	1	1	1	1	1	1	1	1	1	1	1	1	1	1	1	1	1	1	1	1	1	1	1	1	1	1	1	1	1	1	1	1	1	1	1	1	1	1	1	1	1	1	1	1	1	1	1	1	1	1	1	1	1	
# Bin lower bound for each species index 
0	0	0	0	0	0	0	0	0	0	0	0	0	0	0	0	0	0	0	0	0	0	0	0	0	0	0	0	0	0	0	0	0	0	0	0	0	0	0	0	0	0	0	0	0	0	0	0	0	0	0	0	0	0	0	0	0	0	0	0	0	0	0	0	0	0	0	0	0	0	0	0	0	0	0	0	0	0	0	0	0	0	0	0	0	0	0	0	0	0	0	0	0	0	0	0	0	0	0	0	0	
# Bin upper bound for each species index 
0	1	2	3	4	5	6	7	6	6	7	7	7	7	7	8	8	9	9	9	10	10	10	10	10	11	11	11	12	12	12	12	12	12	12	12	12	13	12	13	14	14	14	14	15	16	16	16	16	16	14	15	15	15	15	15	16	16	17	17	17	16	17	17	17	17	17	17	18	18	18	19	20	22	22	23	23	23	21	21	20	20	20	20	20	20	20	21	21	22	23	22	23	23	23	24	25	24	24	25	22	
# Normalized histogram for each species index 
1	
0.920103532226642	0.0798964677733583	
0.847568854107487	0.146153163484001	0.00627798240851189	
0.780389269851356	0.201772169437985	0.0173696957906427	0.000468864920016543	
0.719327475575901	0.246586040932104	0.0322148890337477	0.00183966072490963	3.1933733338054e-05	
0.661463721331522	0.284428832377083	0.0497603487649064	0.00415667831339817	0.000184879745073682	5.53946801718897e-06	
0.609184273577988	0.314587872844618	0.0679266380422621	0.00779050971757761	0.000492737818560528	1.4512614571909e-05	3.45538442188309e-06	
0.56028200248013	0.338459625355353	0.0872010804798602	0.0128932197125399	0.00109982348938346	5.73400437304189e-05	2.07253170109948e-06	4.83590730256545e-06	
0.517201923288758	0.354894830473001	0.107257633671873	0.0184266980238373	0.00203991430019167	0.000171427155162918	7.57308717587187e-06	
0.475326704720998	0.368809362628852	0.126505478148511	0.0257004052140934	0.00334977899285554	0.000293852307633157	1.4417987056767e-05	
0.436934104068394	0.377105418572233	0.146296180974468	0.0339809579077102	0.00517556759819584	0.000482450767781048	2.46357838866918e-05	6.84327330185884e-07	
0.402533307683513	0.381379736687709	0.164382942687029	0.04332993998079	0.00743000440200206	0.000893407882116713	4.86068656170778e-05	2.05381122325681e-06	
0.37141600264355	0.382913802079948	0.181185779836913	0.0525111328062197	0.0104052143060921	0.00146476190606504	0.000100569827273032	2.73659393940223e-06	
0.341311257633534	0.383668332580462	0.196751022545702	0.0623761446445476	0.0135585412983709	0.00212769020172614	0.000188503481145196	1.85076145124375e-05	
0.314188845753347	0.379975355043974	0.212340886174372	0.0732170871695117	0.0169499325492006	0.00294324516648396	0.000353738917325377	3.09092257857125e-05	
0.287872280922602	0.375527977027717	0.226179277532967	0.0842708711973114	0.0214262302629183	0.00410356767141774	0.000541462043716876	7.07748610442109e-05	7.55848030569243e-06	
0.264896753132836	0.36807413548163	0.238081806329998	0.0958690933607603	0.0266629057723994	0.00548242068583576	0.00080010732308031	0.000114202764945255	1.85751485151921e-05	
0.245235824453188	0.359101237096093	0.247631158471886	0.106887221811646	0.0324646548888623	0.00731743233405035	0.00116498146901892	0.00016583610988397	2.68365489023851e-05	4.81681646965887e-06	
0.22557726098902	0.350260132800116	0.25707997923064	0.117815228342612	0.0380622599402365	0.00928706763452803	0.00165192065003972	0.000221448147091086	3.92004483981115e-05	5.50181731903319e-06	
0.207172996650915	0.339984750008079	0.264431972178734	0.129083824763979	0.0450335424191108	0.011566754467567	0.00230675035598212	0.000352028668334678	5.29418114487699e-05	1.44386758496645e-05	
0.19121011596311	0.32913967936575	0.270898027739493	0.13927889977823	0.0513188197676059	0.014342461709742	0.00316450687982649	0.000553221033133398	8.66988186253833e-05	5.50468689684974e-06	2.06425758631865e-06	
0.174847346494603	0.319917641304109	0.274754325411656	0.150309429067646	0.0582164959219118	0.0169395926308616	0.00411587376613098	0.000757771451183855	0.000125035724492712	1.44271989799283e-05	2.06102842570405e-06	
0.161019373669926	0.30668416774842	0.278957959487845	0.160845649696638	0.065709024753598	0.020429112001638	0.00512416783114581	0.00102304117602857	0.000179239020058914	2.48177104696959e-05	3.4469042319022e-06	
0.148200990588991	0.294973856776767	0.281046197618782	0.170381720007664	0.0732727069712045	0.024061001313709	0.00641897806395406	0.001339211250753	0.000255711463731016	3.92872060179729e-05	1.03387384257823e-05	
0.138186809588188	0.283758005036908	0.281227830813386	0.178506204442214	0.0807387557196071	0.0276843804141075	0.00777804511983167	0.00172079424030312	0.000332990231597119	5.58430823175293e-05	1.03413115402832e-05	
0.126740580831514	0.272844736197197	0.281957573471304	0.187101597327966	0.0874943896643161	0.0321262277341954	0.00905294780116144	0.0021711654904466	0.000417849541122728	7.29687831285159e-05	1.5832849169395e-05	4.1303084789726e-06	
0.116647002517057	0.261206332016511	0.280948359446454	0.194457252291841	0.096142230553622	0.0361822643342718	0.0109903928546642	0.00275481336465854	0.00055865883399037	8.52074974351856e-05	1.92404026466548e-05	8.24588684856635e-06	
0.107141021661325	0.249372828197069	0.27962577321495	0.200577114550591	0.104278062040842	0.0413258422192665	0.0134315154430564	0.00343719613603238	0.000684561192164344	0.000105527951544854	1.50754216492648e-05	5.48197150882358e-06	
0.0986087339183912	0.237956743736835	0.278322447180625	0.205998819648129	0.111983313306651	0.0461152919999973	0.0155090832943196	0.00439718771913109	0.000948668402693286	0.000142574442023268	1.3023626915587e-05	3.42727024094395e-06	6.85454048188791e-07	
0.0904651730592599	0.227135106521943	0.274705629307332	0.212154806464563	0.119329470170368	0.0517409879858048	0.0177460201738902	0.00521821080340613	0.00123034878575723	0.000230476676375867	3.21436314233405e-05	8.20688461872524e-06	3.41953525780218e-06	
0.0834522174592692	0.216212949298339	0.270874834649197	0.217023569446654	0.126876735884658	0.0570725754296731	0.020362477643069	0.00614691824346058	0.00159187495006184	0.000324384642333493	4.30236472989686e-05	1.16095556203566e-05	6.82915036491565e-06	
0.0769749150979366	0.205910097599006	0.267077097689723	0.220779468808766	0.134102630037085	0.0623776943061904	0.0232869358932297	0.0071638993493627	0.00184502977625689	0.000396289205177542	6.82081248154118e-05	1.50057874593906e-05	2.72832499261647e-06	
0.0704519738496354	0.194282887472532	0.262379606651288	0.225840020334314	0.141050168905992	0.0685128346689115	0.0261599304697664	0.00847536377649747	0.00229034338752173	0.000463261580172951	7.5843710028315e-05	1.70819166730439e-05	6.83276666921757e-07	
0.0644700746169712	0.185291749760458	0.256315925440437	0.228839958283386	0.147531516409856	0.0746798468568336	0.0294319460144368	0.00985370480984906	0.00280001585559381	0.000654043244765262	0.000101147753631409	2.93875230145311e-05	6.83430767779793e-07	
0.0593708989501312	0.175382764654418	0.249892689195101	0.231416092519685	0.155114692694663	0.079915791776028	0.0331453685476815	0.011385197944007	0.00333825459317585	0.000790819116360455	0.000203001968503937	4.37445319335083e-05	6.83508311461067e-07	
0.0548878210592791	0.1656441508595	0.243371492404785	0.232813755270003	0.161644336358143	0.0861436605156589	0.0370840431611697	0.0129283006823895	0.00408847194128422	0.00106184333821177	0.000247558851490604	7.16079322493484e-05	1.29576258355964e-05	
0.0507740760286682	0.157774637816857	0.236915953082174	0.232982754804991	0.167552476124002	0.0916218654772646	0.0408988611021263	0.0150102994501285	0.00469586830322943	0.00132582012563627	0.000354777753187722	8.23956010282426e-05	1.02143307059805e-05	
0.0464818948732825	0.148834182283592	0.230688702688969	0.233529708277231	0.172209639310496	0.0986159099030308	0.0450899244164797	0.0170168218508791	0.0053898943895914	0.00163381598272843	0.00039197996758183	0.000100542522014057	1.56248513940764e-05	1.35868272991969e-06	
0.0428274264226719	0.139788420541383	0.224695698074807	0.233818293623638	0.177227046580948	0.104202067089953	0.0496256681581894	0.0188968536534597	0.0063642535198621	0.00192097605174119	0.000497930053071725	0.000110877867009141	2.44883632658225e-05	
0.0397198479721077	0.132221922476702	0.218527460294153	0.232751561427532	0.181173401265533	0.110147144696269	0.0540573212084373	0.0214717201484765	0.00710692833312275	0.00213358102178315	0.000517004108031321	0.000140690681974177	2.52696855973037e-05	6.14668028042521e-06	
0.0366253293946255	0.124681040623569	0.211686384155391	0.231589996667563	0.184902350018099	0.115721780520367	0.0586844195914446	0.0244629610241735	0.00833998794301054	0.00242850485803613	0.000643221912244003	0.000179965279702311	4.37938323229959e-05	9.57990082065536e-06	6.84278630046812e-07	
0.0333497364955698	0.118225791819129	0.204324524193748	0.230227545766197	0.188699137596873	0.121239529238408	0.0627420955543765	0.0272844610736465	0.00981234415850403	0.00296631486923747	0.000839172950727283	0.000211683266850125	6.94156167268269e-05	6.87283333928979e-06	1.37456666785796e-06	
0.0301743201870384	0.111359804762491	0.197686919760988	0.227886002315281	0.192623015657382	0.126436647202987	0.0679589412437174	0.0299892902761623	0.011200844121586	0.00329683406256212	0.00100562724795865	0.000294397032918128	6.32816052067004e-05	2.26988366502295e-05	1.37568706971088e-06	
0.0281489178349385	0.105398026581333	0.190225637055727	0.224953997031799	0.194909073848304	0.131974529500201	0.0725601522875912	0.0333035961315419	0.0128366737663373	0.00406661409184587	0.00116602949019673	0.000337389598051006	9.0384534447202e-05	2.82882894071396e-05	6.89958278222916e-07	
0.0262925910498077	0.0993953769656476	0.184389959022916	0.221707336987735	0.197048432117952	0.136721750237684	0.0766829181883728	0.0363673351333174	0.0145634023850019	0.00488030013880451	0.00138458536477355	0.000423471385927741	0.000101716166227742	3.73651222877419e-05	1.38389341806451e-06	2.07584012709677e-06	
0.023823317440958	0.0934298425546069	0.177114979487748	0.219763138928928	0.198972308459918	0.141582353919503	0.0814121576671471	0.039393225413017	0.0163924769930147	0.00584807073954984	0.0016527608382304	0.00044835901984699	0.000119192815167979	4.15788890120856e-05	2.77192593413904e-06	6.9298148353476e-07	2.77192593413904e-06	
0.0218184138203167	0.0876162366946303	0.171353120299474	0.215644597442567	0.200742999445906	0.146314163799686	0.0857556173989749	0.0429481973906947	0.0182476613964145	0.00675245996339788	0.00203329697162191	0.000590848915355345	0.000129681628135504	4.78504403280737e-05	3.46742321217925e-06	0	1.3869692848717e-06	
0.0200373323341036	0.0821158690176322	0.164666819326769	0.212537557854709	0.201547418309498	0.149334887690738	0.0912865777074616	0.0466140683223349	0.0204418816051516	0.00781897287507546	0.00260077301524519	0.000727911124064089	0.000224826696088432	4.02467542380526e-05	2.77563822331397e-06	6.93909555828493e-07	1.38781911165699e-06	
0.0189565686358999	0.0771516219694927	0.157662829390882	0.209229755613441	0.203019317963844	0.153768796025765	0.0953840102080246	0.0497210306991329	0.022336308820545	0.00873255920626492	0.00276050339572497	0.000949357411520723	0.000260621544158324	6.04641982447313e-05	3.47495392211099e-06	2.0849723532666e-06	6.94990784422199e-07	
0.0176424977660022	0.0727973824847619	0.149977225392123	0.205527101783373	0.203972169776878	0.157836725185239	0.100171418040966	0.0533217895626232	0.0244512362613482	0.00970372147523826	0.00319192214213442	0.0010152954961909	0.000307370280353684	7.71902740254728e-05	6.25867086693023e-06	0	6.95407874103358e-07	
0.016384580544302	0.0687018333336812	0.144322064498893	0.200063729408826	0.204846218014411	0.161851130605631	0.104871751522096	0.0565946371285031	0.0263217764642284	0.0105904919339858	0.00384463660670119	0.00111248171084242	0.000379176067798072	9.46200829734639e-05	2.08720771264994e-05	
0.0149723869058875	0.0647496468415959	0.139252166223597	0.195512107493632	0.203629884430998	0.165486691211639	0.109533330367174	0.0604032957743346	0.0285682902684004	0.0116785591137114	0.00436234052256321	0.0012687285185144	0.000421982581226433	0.000126525254997052	2.98933294773256e-05	4.17116225265008e-06	
0.0136062992564461	0.0606425943224833	0.134593565146936	0.191486370033983	0.202034784569829	0.167713804821615	0.114039679412842	0.0646756888071535	0.0308524071184048	0.0131294836330427	0.00501596114196298	0.00159820243990383	0.000439227238492734	0.00013991232161179	2.50589232737534e-05	6.96081202048706e-06	
0.0123599071336707	0.0566558378291104	0.127935477944247	0.188000033405154	0.201284845751699	0.169862426439066	0.117834594377913	0.0691326630032347	0.0340774331479347	0.0146495520925545	0.00562598475611454	0.00181570933061638	0.000583198320834238	0.000142667846982123	3.27092136983403e-05	6.95940716985964e-06	
0.0113417646175327	0.0533968970945724	0.122094850556554	0.183637013467433	0.201122842345926	0.172341836933364	0.1210045503346	0.0723791074001346	0.0372746388380515	0.016416388992418	0.006019597590214	0.00210272185662552	0.000651537823961016	0.000177312854973382	2.64230921136805e-05	1.25162015275329e-05	
0.0105488048210395	0.0502453485283955	0.116572879428127	0.178355657338	0.199339248395049	0.175287584071326	0.125119406658407	0.0762596620322283	0.0399920186990479	0.0178105372639155	0.00699267639161769	0.00243888534318899	0.00077796827224301	0.000203703935448795	4.31045870232946e-05	1.25142349422468e-05	
0.00935061970992065	0.0469660238086623	0.111740531784314	0.173022648010888	0.19802327426165	0.177432149209115	0.129347224039123	0.0796326552197305	0.0425119892229202	0.0196788864426452	0.00814821824699887	0.0028550076402593	0.000936592806187914	0.000281117008692361	5.49709002145953e-05	1.67000203183581e-05	1.39166835986317e-06	
0.00892475026356719	0.0440900060194222	0.106700347595537	0.167760948911459	0.196403656190088	0.179096947491849	0.133310369063649	0.0831522287519615	0.0452938904604336	0.0215223919026593	0.00898042122037696	0.00334443273034728	0.000996510126894987	0.000305494375493645	8.83776439355191e-05	2.43560436042769e-05	4.87120872085538e-06	
0.00806999790100821	0.0411770756735192	0.101607188282344	0.163380099611756	0.193647283195694	0.180644654590745	0.136841754089906	0.0880527055448135	0.0483233781813279	0.023074314039753	0.00975058139292431	0.00368505114728667	0.00119892742909647	0.000382961746917193	0.000117460136531771	2.4326063778769e-05	1.73757598419779e-05	4.86521275575381e-06	
0.00771600973060286	0.0390265786014238	0.0964775523214349	0.157892434199333	0.190485648194123	0.181251575528492	0.141386798408048	0.0918400297779225	0.0517224736509136	0.0252535949827534	0.0106965797750406	0.0041889092516422	0.00144722925736445	0.000448613291870169	0.000131250638023935	1.80556433260439e-05	1.45834042248816e-05	2.08334346069738e-06	
0.00691084811994872	0.0369894522643798	0.0921377155138082	0.153118435369579	0.188119408484593	0.18154793855454	0.143738437766005	0.0963494681112634	0.0546371181389331	0.0275408864142755	0.0117764231893654	0.00468272641200374	0.00171836181455129	0.000547853363688057	0.000143369970016976	3.39378189895257e-05	6.23347695725982e-06	1.38521710161329e-06	
0.00637479748571523	0.0344913075965819	0.0885517449031315	0.148290178626922	0.18492920805002	0.180773953313638	0.146612055141895	0.100152895695303	0.0587225820174221	0.0297766783651901	0.0132758213482168	0.00526433552525265	0.00191913792793875	0.000647078891140199	0.00018507699341043	2.278933127815e-05	1.03587869446136e-05	
0.00603326373468554	0.032190065069212	0.0838235619041306	0.144863233133375	0.182177222461583	0.181314834454645	0.148172621217645	0.103639843568754	0.062159601851545	0.0321375898982534	0.0145045515306179	0.00574188844331024	0.00222536152630939	0.000728438228438228	0.000230614567107458	4.69514687524166e-05	9.66647886079166e-06	6.90462775770833e-07	
0.00544874698876844	0.0303125456050717	0.0794667725338333	0.139692786946246	0.179817641961023	0.182239768383296	0.150915352145505	0.106417251737229	0.0650889415611857	0.0342452157470033	0.0162556360087617	0.00646200090328301	0.00241659329509481	0.000870084248777698	0.00025659877289072	7.46972169061934e-05	1.86743042265484e-05	6.91640897279569e-07	
0.0052060298442073	0.0281569267925449	0.076215306420955	0.134153358131874	0.176008174368032	0.182461294450552	0.154231580290013	0.11015432308441	0.0674863679657941	0.0368324878445095	0.0175140271656322	0.00740906084885322	0.00274165752780824	0.000995453908958947	0.000298774815293389	0.000119232640905946	1.45574735989818e-05	1.38642605704589e-06	
0.00472136190675831	0.0262069597400127	0.072769500085376	0.130099133329539	0.172672601802197	0.182118796184595	0.156171434996939	0.113963764484419	0.070709370397158	0.0386357610194033	0.01879660106366	0.00850567021543903	0.00309088864610331	0.00103353541299076	0.000349139229505944	0.000121469910861909	2.98468923832119e-05	4.16468265812259e-06	
0.00423963249095111	0.0244105957407422	0.0683282332939203	0.12588757736181	0.170561695630297	0.181297875938555	0.157757198223697	0.116495246419939	0.0746487097027873	0.0412842217052203	0.0203839191825276	0.00926567087730189	0.00364739229892889	0.00121301369529347	0.000416168783583185	0.000127355998989503	2.78373768283067e-05	7.65527862778435e-06	
0.00379648445260843	0.0225955656559671	0.0645221107226635	0.120914474532672	0.166735100053329	0.180373444128032	0.160545422224701	0.119686159144222	0.0783828342575907	0.0440855080394706	0.0221752057358564	0.0100377487390945	0.00409484937102863	0.00136494979034288	0.00048658577817126	0.000138725744779485	5.08893435623238e-05	1.3942285907486e-05	
0.00366861182573048	0.0212133888296278	0.0610968187237247	0.11627728625909	0.163163288782916	0.179058515125529	0.162275766385699	0.123578256049863	0.0812630287311846	0.0466071266723836	0.0239742597589118	0.0107597275382931	0.00461400096212169	0.00171717805525925	0.000498490584454066	0.000152684528664952	6.06554976888164e-05	1.6035361457963e-05	4.88032740024959e-06	
0.00328026158287811	0.0198526710701461	0.0578337283800941	0.111916491258456	0.159269724519484	0.179023924888505	0.163197378584229	0.126240137216478	0.0845192883850665	0.0492109074808401	0.0258265602717512	0.0118709572888572	0.0051086041044823	0.0019666205274398	0.000636916875364027	0.000177386936779016	4.74894161455634e-05	1.25707278032374e-05	8.38048520215825e-06	
0.00312429652643103	0.0185234640331879	0.0548258461607296	0.10801508946436	0.154880236464994	0.177511636588875	0.164800524607768	0.129712486419902	0.0877221927821689	0.0518700337387671	0.0273321765489702	0.0130110276691448	0.00555857723912578	0.00212737398297821	0.000715183563781371	0.000207633937872011	4.12471459072345e-05	1.18847708546269e-05	9.08835418294997e-06	
0.00290485500845011	0.0170600048286324	0.0523376302579411	0.103279004241102	0.151409025635014	0.174908835141279	0.166017731966244	0.132289176466976	0.0913344190778429	0.0553918100254131	0.0291490302961794	0.014209576601508	0.00613975960109356	0.00238919614435099	0.000879899631433001	0.000229569372515034	5.65201190690508e-05	4.18667548659636e-06	6.9777924776606e-06	2.79111699106424e-06	
0.0026406337521005	0.0161590085968459	0.0495708535265855	0.0990825624236773	0.147579071150989	0.17239546186737	0.166748193479479	0.135230368331878	0.0945604336345071	0.0581816157616959	0.0315470495527622	0.0153024551979432	0.00678145363582912	0.00280136798048923	0.00103537892572478	0.000278327668205587	8.69773963142459e-05	9.74146838719554e-06	3.47909585256983e-06	4.87073419359777e-06	6.95819170513967e-07	
0.00243626852659111	0.0153499564080209	0.0474113339145597	0.095151176983435	0.143484568439407	0.170856843940715	0.166525544899738	0.137708108108108	0.0972791630340017	0.0609673931996513	0.0339340889276373	0.016633304272014	0.00745666957279861	0.0030360941586748	0.00122755013077594	0.000398256320836966	0.000115082824760244	1.53443766346992e-05	6.97471665213601e-06	2.7898866608544e-06	1.3949433304272e-06	6.97471665213601e-07	1.3949433304272e-06	
0.00210980914739012	0.0139865555481911	0.0447008836221181	0.0909555188881641	0.139889276881055	0.16860612360942	0.168209836706074	0.140151607648058	0.100607337586906	0.0633396241553612	0.0362553678386666	0.0177938401107929	0.0080813225377711	0.00329029759890602	0.00136886426824716	0.000468846477197805	0.000141630706653504	2.8605216614747e-05	4.18612926069469e-06	5.58150568092625e-06	2.09306463034734e-06	1.39537642023156e-06	1.39537642023156e-06	
0.00197254623133425	0.0128519027360968	0.0418637526662866	0.0872630170956332	0.135705877797028	0.166936580580293	0.167277781537888	0.14315229215175	0.104156999887662	0.0666214057898104	0.0380289050938024	0.0196166129280973	0.00878121482891458	0.00363249935632335	0.0014310903149864	0.000479355946560534	0.000164669582806821	3.27943660674601e-05	1.67460592684903e-05	6.27977222568385e-06	3.48876234760214e-06	2.09325740856128e-06	1.39550493904086e-06	6.97752469520428e-07	
0.00189287697764828	0.0119217061987011	0.0394852881666234	0.0836542781950061	0.131618092359559	0.164061431637349	0.167288322909602	0.144785901869015	0.107232562228418	0.069972956906873	0.0406413873748664	0.0209849100098516	0.00982509900451276	0.00421065704390247	0.00158170000306991	0.000581886988337143	0.000168147199267688	6.07004412294142e-05	1.25587119784995e-05	1.1163299536444e-05	2.09311866308325e-06	3.48853110513875e-06	1.3954124420555e-06	1.3954124420555e-06	
0.00175351852754584	0.0112091478234225	0.0369715244747453	0.0807865066818945	0.128077188242094	0.161272171424194	0.167128839738992	0.14543270402585	0.110613035091262	0.0729332785503875	0.0429619003182518	0.0228298641336518	0.0106067675508541	0.00466444285047738	0.00180574803094772	0.000620486500414354	0.000215881947394444	7.31213047626343e-05	1.88026212246774e-05	6.96393378691755e-06	6.96393378691755e-06	9.05311392299282e-06	1.39278675738351e-06	6.96393378691755e-07	
0.00167602125794281	0.0103251272173308	0.0349009649143591	0.0764321444848796	0.124855569477876	0.159342581532685	0.166175591276606	0.147019469722206	0.112958954552994	0.0763554865479258	0.0456268040748572	0.0242148485030099	0.0118575890660694	0.00504200158054728	0.00209624613051641	0.000736613085091704	0.000263424546986437	7.59610466177821e-05	2.92693941096041e-05	4.18134201565773e-06	4.18134201565773e-06	6.96890335942955e-06	
0.00150289969592982	0.00971893751343745	0.0329102225101287	0.0730654965502414	0.12072549638271	0.156547281657224	0.166555211494914	0.148653742520404	0.115248603203766	0.0790338162902321	0.0478051940436867	0.0260972633683382	0.0127819769308736	0.00577216794502724	0.00231473079038703	0.000841847205430263	0.000275031342404249	0.000113782002060641	2.51297673262765e-05	4.18829455437942e-06	5.58439273917256e-06	1.39609818479314e-06	
0.00129383739169092	0.00908971444708198	0.0310248366451656	0.0703040902317024	0.116713079850248	0.152280676737768	0.165725122114204	0.150895271167627	0.118237585172386	0.0820702516657021	0.0500961815370592	0.0278807628537957	0.0139777775913795	0.00634406708103015	0.00260445063286892	0.000976494238893689	0.000304761265681924	0.000139798745725653	3.70466676172981e-05	3.49496864314133e-06	6.98993728628267e-07	
0.00119499891554548	0.00846504208383183	0.0293565336635672	0.0668499744628452	0.112899411595967	0.150142378383673	0.163413303108536	0.152173456751254	0.121531669570206	0.0851772558403123	0.0527464685263313	0.02987427324056	0.0147786663308356	0.00684605643361389	0.00293992121962653	0.00109704818476306	0.000340028965430388	0.000120339469246969	4.75760692371737e-05	4.89753653912082e-06	6.9964807701726e-07	
0.00115325088766749	0.00804687975348825	0.0277920176015878	0.0640806058728375	0.109964465325893	0.146983888756398	0.1620244063975	0.152128408786527	0.124030069845462	0.0882771942364032	0.0557008289558988	0.0316140407071687	0.0159000357374896	0.00734891469230441	0.00314433959427109	0.00121409553728973	0.000407729088847875	0.000142670212907318	3.63669170155909e-05	8.39236546513637e-06	1.39872757752273e-06	
0.00105273231888219	0.00761012998135539	0.0261771985305058	0.0616326921236482	0.106594910419954	0.144311647885838	0.162079561973939	0.153363608992723	0.125396695663958	0.0904686160726448	0.0578367084336642	0.0328156293376309	0.0171049791374581	0.00806559213922612	0.00348093241207031	0.0012790662746339	0.000489691675870216	0.000167654782038305	5.30906809787966e-05	1.5368355020178e-05	3.49280795913135e-06	
0.000930290423949632	0.00711242325628208	0.0249025676295277	0.0587753435993782	0.102338237103141	0.141477533241632	0.160585181333244	0.154373692980396	0.128227709374755	0.0933260923049396	0.0602829592601291	0.0347115051274309	0.0181843470773085	0.00852987553259302	0.0038679392983751	0.00156492881985216	0.000509527963230114	0.000183122532738395	8.1077151899442e-05	2.44629337627627e-05	1.11830554344058e-05	
0.000840945135507	0.00635225168136512	0.0235443631818675	0.0561451663159811	0.0986839663761987	0.138585797760047	0.159568814309371	0.154560954518242	0.129699507406409	0.0962759644436353	0.0631577104726028	0.0366990977870049	0.0194803785303416	0.0093197166974173	0.00426144221040433	0.00183523497099404	0.0006392863519716	0.000232467764353309	8.12236767017586e-05	2.5907552051423e-05	9.80285753297086e-06	
0.000797094038885301	0.00586123279208453	0.0220587720269023	0.0534046001711861	0.0952891602215053	0.135304962015457	0.157849134893807	0.155546107477415	0.131840614813061	0.0989181094442335	0.0655641366518969	0.0389280275915012	0.0208855448607047	0.0101324801111729	0.00451079579123141	0.00197732554637364	0.000757169293528129	0.000271768442080401	7.3545583552686e-05	1.96121556140496e-05	9.80607780702479e-06	
0.000771975330475621	0.00547119970580722	0.0208440357185967	0.0512591619435812	0.0915204826109048	0.131477223920568	0.155830940209809	0.155452672297876	0.133984740153104	0.101834073026059	0.0684412274127036	0.0411111953266017	0.0224651839125956	0.0111431129975381	0.00491888644663966	0.00212854652484778	0.000868823144662563	0.000310193723700204	0.000118603482591255	3.78969707688032e-05	9.12334481471188e-06	7.01795754977837e-07	
0.000783992189662714	0.00516392339839835	0.0193405871981753	0.0489512607622827	0.0891081437276751	0.128333111448751	0.153856882331436	0.155329068922986	0.135692635615504	0.104344218356969	0.0710192673300663	0.0430153198976936	0.0238149074036898	0.0119557047934818	0.00545413434371824	0.00237310843393862	0.000950933922771486	0.000318386765253861	0.000140174704171501	4.50813118943519e-05	7.74835048184174e-06	1.4087909966985e-06	
0.000651334919376157	0.00489488060622081	0.018338179575293	0.0460791259141775	0.085567362763239	0.125295268305578	0.151554498193673	0.155659881927923	0.137417569829941	0.106696977707287	0.0735211912943872	0.0455786412899815	0.0255106176755661	0.0130534848885364	0.00580703145651599	0.00268569918054454	0.00107780421182483	0.000396863159749758	0.000143801215966164	5.49828178694158e-05	9.86871089963873e-06	2.1147237642083e-06	2.81963168561107e-06	
0.000596375308509535	0.00462914277930655	0.0172348935311276	0.0435996225544201	0.0826322100539702	0.122822965460342	0.149172167552525	0.155338476511635	0.13845858508723	0.108608060029939	0.0763452144939667	0.0476726188921817	0.0271100217165305	0.014349707423214	0.00667728614651918	0.00286542455922924	0.00121180639610754	0.000429813683884386	0.000152446232707763	7.41058075662735e-05	9.8807743421698e-06	3.52884797934636e-06	4.9403871710849e-06	7.05769595869272e-07	
0.000482209024922593	0.00427925260421073	0.0163020489653655	0.0419902543018121	0.0791577133704437	0.120130675825818	0.147536222075586	0.154156726392907	0.139768708864186	0.111283127196025	0.0787438877891139	0.0498317908284407	0.028596264149028	0.0152932169263828	0.00728177926670389	0.00315057329295185	0.00128166082939952	0.00048855388051368	0.000154391486049777	6.76784596382586e-05	1.40996790913039e-05	7.75482350021714e-06	1.40996790913039e-06	
0.000466774076411339	0.00392456874517449	0.0156707762058037	0.0397413704966349	0.0766404958240643	0.11643756896728	0.145882411007971	0.153919104245035	0.140428487320597	0.113194123723334	0.0812807378132833	0.0517766676420506	0.0305899192311625	0.0163025429315809	0.0080035536878325	0.00346484563668478	0.0014341668752578	0.000541514336380527	0.00018403026275432	6.41638080867551e-05	3.59599364002693e-05	7.75606471378359e-06	5.64077433729715e-06	2.82038716864858e-06	
0.000426882014319567	0.00362920154748252	0.0146661444523653	0.0379544602830664	0.073110941422771	0.113279411889016	0.143842332607305	0.153196402356727	0.141843876708585	0.1153849405042	0.0836195650030009	0.0545373472452726	0.0317738286103934	0.0175028670128685	0.00879546011682197	0.00395182854840391	0.00155959864637545	0.000607215010467767	0.000181741847680608	7.39647054514101e-05	3.87434171412148e-05	1.76106441550976e-05	4.22655459722344e-06	1.40885153240781e-06	
0.00041633437276273	0.00328566586072209	0.0136018971344662	0.0361704551688053	0.0702507992635382	0.109815926758907	0.140640142228824	0.152805967084267	0.142683837646473	0.117931633957694	0.0864379078072541	0.0569731084565106	0.0341464512417595	0.0184663985810874	0.00917904769138371	0.00430821683706839	0.00177153088680628	0.000738430897636599	0.000225045606898773	7.24365547205426e-05	4.0086248728844e-05	3.02405034270226e-05	4.92287265091066e-06	3.51633760779333e-06	
0.000403376011684575	0.00296113068751407	0.0125944513700403	0.0341157892595349	0.0676219545988022	0.106340439532533	0.1379174152507	0.151851074979533	0.14384879643121	0.120694311837016	0.0889040729752804	0.059428160135366	0.0361039068545159	0.0196314335843151	0.00982623964463626	0.00459848653320416	0.001957952084542	0.000784303271414531	0.000256757600480965	8.55858668269882e-05	3.50761749290935e-05	2.45533224503655e-05	8.41828198298244e-06	2.80609399432748e-06	3.50761749290935e-06	
0.000367245865860824	0.00286661630151935	0.0121813704916198	0.0323407202216066	0.0653019110775343	0.102931671283472	0.134838691625395	0.150475670835782	0.145192926494866	0.121671703181398	0.0918744228993536	0.0613881194213604	0.0383264780771706	0.0209672906348807	0.0106508296258989	0.00512395422367722	0.00220697277483981	0.000868798791236464	0.000267215087159686	9.30356193514088e-05	4.61680517082179e-05	9.09370715464898e-06	6.99515934972999e-07	6.99515934972999e-06	6.99515934972999e-07	6.99515934972999e-07	
0.000326237664138325	0.0026956432632968	0.0113904346838039	0.0311145686726798	0.0624006212457399	0.100270679668771	0.132372326402177	0.148382370060863	0.145633050942569	0.124081149527687	0.0934643024195263	0.0642012021997341	0.0401906677903742	0.0226630613222245	0.011400193930167	0.00546657214139475	0.00246630097376366	0.000940373095988462	0.000373639717902013	0.000103169175838616	4.74020537636882e-05	1.11534244149855e-05	2.09126707780977e-06	1.39417805187318e-06	1.39417805187318e-06	
0.000251394158184725	0.00254806433462025	0.0104889163727932	0.0295085209388353	0.0599731753380242	0.0970569473924646	0.129652532883192	0.147378954757408	0.145254987492967	0.126555718973365	0.0963772778678433	0.0665310113148263	0.0418567791464019	0.0239082111878061	0.012395612231823	0.00583707987231127	0.00265461088919715	0.00116504827324943	0.000401116440760116	0.000146240369027125	4.52648761274436e-05	9.7493579351417e-06	1.39276541930596e-06	0	1.39276541930596e-06	
0.000268473411369605	0.002403708698678	0.0101971082972928	0.0275404906717693	0.0579825861869384	0.0944991541344208	0.126998383580863	0.145400318263026	0.145460288947124	0.127671310443128	0.0988951447455221	0.0694056068405631	0.0437799940587183	0.0251960553236534	0.0131112651443411	0.0063617738491556	0.00288347417146316	0.00121126835207533	0.000488133475217463	0.000176425384614312	5.78786834900707e-05	7.67066889627443e-06	2.78933414409979e-06	0	0	6.97333536024948e-07	
0.000182944413526994	0.00211573119460607	0.0094830842752294	0.0266309808683436	0.0553176424749446	0.0914617328466919	0.125364405022173	0.144028924768649	0.144716711972176	0.129264193379228	0.101745024365822	0.0711856264344902	0.0455748050629517	0.026751780042161	0.0137459684148565	0.00697702511435771	0.00315125243605848	0.00144609878020765	0.000545341934979321	0.000234615736431564	5.51626285062309e-05	1.60600057676369e-05	4.88782784232426e-06	
