# <P(N_2)> as a function of N_tot.
# number_of_species: 2
# species_total_upper_bound: 100
# species_total_lower_bound: 0
# volume: 512
# Bin widths for each species index 
1	1	1	1	1	1	1	1	1	1	1	1	1	1	1	1	1	1	1	1	1	1	1	1	1	1	1	1	1	1	1	1	1	1	1	1	1	1	1	1	1	1	1	1	1	1	1	1	1	1	1	1	1	1	1	1	1	1	1	1	1	1	1	1	1	1	1	1	1	1	1	1	1	1	1	1	1	1	1	1	1	1	1	1	1	1	1	1	1	1	1	1	1	1	1	1	1	1	1	1	1	
# Bin lower bound for each species index 
0	0	0	0	0	0	0	0	0	0	0	0	0	0	0	0	0	0	0	0	0	0	0	0	0	0	0	0	0	0	0	0	0	0	0	0	0	0	0	0	0	0	0	0	0	0	0	0	0	0	0	0	0	0	0	0	0	0	0	0	0	0	0	0	0	0	0	0	0	0	0	0	0	0	0	0	0	0	0	0	0	0	0	0	0	0	0	0	0	0	0	0	0	0	0	0	0	0	0	0	0	
# Bin upper bound for each species index 
0	1	2	3	4	5	6	7	6	6	6	6	6	7	7	7	8	8	8	8	8	9	9	10	10	11	11	11	12	12	12	11	11	11	11	12	11	12	12	12	13	14	14	13	13	14	14	15	13	14	14	15	15	15	15	15	16	16	17	17	17	16	17	16	17	17	17	17	18	18	18	18	19	22	22	23	23	23	21	21	20	20	20	20	20	20	20	20	20	20	21	22	23	23	23	24	25	24	24	25	22	
# Normalized histogram for each species index 
1	
0.920179048140236	0.0798209518597643	
0.846930784027652	0.146877810375444	0.00619140559690395	
0.779680157500075	0.202210514967986	0.0176109543140211	0.000498373217918108	
0.71967005365309	0.246039995302506	0.0324092007775404	0.0018579639169385	2.27863499247174e-05	
0.660802354377276	0.284531685175701	0.0504058424475421	0.00409350161004048	0.000161354819247525	5.26157019285409e-06	
0.610479769211625	0.313539537932509	0.0678501698313604	0.00766607193558677	0.000445171987114549	1.05158737113673e-05	8.76322809280609e-06	
0.561619204041188	0.338251885124179	0.0862513184062633	0.0127896339596966	0.0010214915525797	5.0724751754814e-05	3.49825874171131e-06	1.22439055959896e-05	
0.519423615346233	0.353852497643732	0.106170649221046	0.0183442368464822	0.00209292010866552	0.000102220435770915	1.38603980706326e-05	
0.47570512621319	0.369324204413232	0.125716002195913	0.0257311940447952	0.00327660558852877	0.000236509465557662	1.03580787835472e-05	
0.437087313096103	0.376566789403526	0.146903621139214	0.033688340227953	0.00520971469707877	0.000513221480902305	3.09999552222869e-05	
0.40283208777917	0.380857920428528	0.164848589571904	0.0429668668193011	0.00751652339193918	0.000893343124973001	8.4668884185062e-05	
0.370649129174604	0.38318054019134	0.182007630684591	0.0521887422221373	0.0105099916121514	0.00136845231169454	9.55138034812176e-05	
0.340996881269188	0.383673426814131	0.197060674438576	0.0622303271364349	0.0137822173237326	0.00207046175990988	0.000182534412082735	3.47684594443305e-06	
0.313938179037029	0.379619896417932	0.212935186122936	0.0732146411820788	0.0170913903954348	0.00288639848014444	0.000303831418962573	1.0476945481468e-05	
0.288238498852766	0.374036550825764	0.227353051082451	0.0844430242263595	0.021266601709151	0.00410175280522175	0.000495912216552991	6.46082817340164e-05	
0.265002049519889	0.366267519034371	0.239315896425114	0.0966379152458116	0.0263873505376719	0.00552934301985854	0.000737827160063143	0.000104656334760729	1.74427224601216e-05	
0.244903949699517	0.359506027026088	0.247729878069962	0.107102164171327	0.0323236182999271	0.00727932747420711	0.0010212943342481	0.000104213707576337	2.95272171466287e-05	
0.224294849128283	0.35060974016586	0.257674225784145	0.118349338178043	0.0381451218173932	0.0093137570828623	0.00143181378756552	0.000158509798866742	2.26442569809631e-05	
0.206856173575252	0.33996066530432	0.2640293457073	0.129317611089103	0.0456572157527254	0.0117812125347494	0.0020923824365523	0.000253040411426258	5.23531885709499e-05	
0.191686546385622	0.328907326696655	0.270084928957696	0.13981796940039	0.0515695067264574	0.0142801676192608	0.00309913741841153	0.000458224607011186	9.61921884947147e-05	
0.17435082233538	0.319378815802115	0.275593714789809	0.150488684700107	0.0582543606047637	0.0168537264937855	0.00421343162344638	0.000749403883274668	0.000110052318522853	6.9874487951018e-06	
0.161055093691689	0.304948708289897	0.279575299384149	0.161147953149775	0.0663366943784987	0.0203397254513758	0.00534555106832178	0.00107051186586188	0.000164694133209521	1.57685872221882e-05	
0.149442565671307	0.293768592837899	0.280215115626403	0.170356000224517	0.0735101173102829	0.024396960597216	0.00663378423888639	0.00137341434665469	0.000266614279299506	3.15727436012573e-05	5.26212393354288e-06	
0.138088073413824	0.284243310574393	0.280990110482397	0.177317839229064	0.0808928480511523	0.0282763306431083	0.00821639310876363	0.00160289891203017	0.000328304596439914	4.03797097225563e-05	3.51127910630924e-06	
0.126894964452175	0.271773152502711	0.282159878512088	0.187104695745996	0.0874709460678448	0.0325351493464069	0.00944964364596853	0.00218068699522351	0.000346808052252413	7.35653444171786e-05	7.00622327782653e-06	3.50311163891326e-06	
0.116029968051342	0.259928404211764	0.28105895979648	0.195028536835438	0.0969220109808203	0.0364697607524906	0.0111190428699903	0.00282044014263169	0.000523146155488136	7.52350658394309e-05	1.3997221551522e-05	1.04979161636415e-05	
0.10651817758322	0.24762758854124	0.279898316499491	0.201604812693339	0.104440191153815	0.0418825056573224	0.0137101741076959	0.00353484509317789	0.000654277843011702	0.000109918677625966	1.57026682322808e-05	3.48948182939574e-06	
0.0979457677074053	0.23690442227889	0.277569015519194	0.206907415153748	0.112878638049416	0.046174283328987	0.0159269948561057	0.00456107127417709	0.00094161793764669	0.000169771263850797	1.40017537196534e-05	5.25065764487002e-06	1.75021921495667e-06	
0.0892890790199102	0.227238943981911	0.274800583419986	0.212344636513996	0.119475480309575	0.0523315863301068	0.0176194929270795	0.00530381805112601	0.00129629500394297	0.000249488809641783	3.66382168005415e-05	5.23403097150594e-06	8.72338495250989e-06	
0.0834188591320749	0.216211530726877	0.270503654494265	0.216839105168994	0.12686018612263	0.0573831879394755	0.0206683494445446	0.00607811048083991	0.00162614593012773	0.000339791686892362	6.06770869450647e-05	1.73363105557328e-06	8.66815527786638e-06	
0.0767663502502629	0.207441878193256	0.265968228997926	0.220240023700911	0.134040087111244	0.0623223081361001	0.0237095737474294	0.00720209704552897	0.00180182365344001	0.000410607890255079	9.18237054156929e-05	5.19756823107695e-06	
0.0702765236336179	0.194148443331446	0.263862117457167	0.224822875589477	0.139844722809606	0.0684684778297908	0.0265405191031123	0.0090177150388193	0.00240380035987732	0.000505698634786871	0.000103910678380864	5.19553391904319e-06	
0.0643597037262336	0.184611183885362	0.257685940130026	0.229525761508604	0.146424288089255	0.0739664808331058	0.0293681543720427	0.0101563283067256	0.00308820123942805	0.000665337144476665	0.000119242241477636	2.9378523262606e-05	
0.0590734819859098	0.175537031654417	0.24977681351991	0.231664106077593	0.154851624243934	0.0797658099074036	0.0332651662998796	0.0113755899735636	0.00351907984885604	0.000858143365306094	0.000264709546152888	4.84435770737311e-05	
0.0537848674194148	0.165727453722521	0.244540394193873	0.233946692202236	0.161070427192626	0.0849959009899626	0.0371046522041651	0.0131409439434543	0.00416617868928126	0.00114358935497427	0.000306564616243102	6.02795593736437e-05	1.20559118747287e-05	
0.0503004421601602	0.15732072243542	0.237965994551158	0.233729914694353	0.168038038829014	0.0899986601207266	0.0407306121186927	0.0151440713777738	0.00485448567531633	0.00142061558863645	0.000408834957793803	8.76074909558149e-05	
0.0464466505066425	0.148403840718122	0.231577144129714	0.234198151590164	0.172071709393656	0.0976556544381536	0.0451155898551594	0.016884084660254	0.00548527182245672	0.00165825831484638	0.000388868427138562	0.000107923836606738	6.85230708614207e-06	
0.043395880237796	0.139421353969296	0.224896217178308	0.234472872430721	0.176767737388737	0.103798254082296	0.04966143051395	0.018692053519528	0.00633413867545513	0.00191876047044783	0.000517842414723186	0.00011831498879437	5.14412994758132e-06	
0.0403908873439357	0.13243844093486	0.217440570946639	0.233651081649302	0.181475278928061	0.11054502430973	0.0533606756707812	0.020886188382726	0.00688502593095312	0.0022334941334129	0.000522585886041783	0.000134527059773132	3.6218823785074e-05	
0.0373349595552376	0.124988089195037	0.211075056262311	0.2316933093327	0.184497069508859	0.116876614455473	0.0582823839627725	0.0236639541793499	0.00820502869854316	0.00249477223942191	0.000661807635735533	0.000154190784242048	6.41017867073684e-05	8.66240360910384e-06	
0.0341680066055365	0.119075224892443	0.204599539350745	0.229060883925079	0.188144800312894	0.12226674199296	0.0620433705619052	0.0268723653904654	0.00969275563860762	0.00289948285602538	0.000813523966798488	0.000253791664855938	9.38681500152101e-05	1.21680935204902e-05	3.47659814871149e-06	
0.030236380251495	0.112352718390265	0.19831027904892	0.227422610919426	0.191784891538887	0.126451099552118	0.0680388048603366	0.0297030219007015	0.0109850972380029	0.00335650923040038	0.000936417430220397	0.000304031633188441	6.77556211105668e-05	4.69077376919308e-05	3.47464723643932e-06	
0.0281157918426521	0.106316981303243	0.191274962883875	0.223743503587747	0.195140971491676	0.131269833793032	0.0725033626947615	0.0335379735904159	0.0126063981046788	0.00387647614013234	0.00114793937903109	0.000314025969947715	9.76969684281779e-05	5.40822503798842e-05	
0.0257996167992951	0.099843712851209	0.184686306868243	0.222625274464009	0.196073940953526	0.137050193698167	0.0761698809840147	0.0360736612449827	0.0146147714081927	0.00495258940184328	0.00151217431436443	0.000447533669915948	9.78979902941135e-05	5.24453519432751e-05	
0.0232121120035488	0.0933758769379083	0.177376792079485	0.221017169383275	0.197925562663621	0.142589187008483	0.0811664212899654	0.0388481092022376	0.0162402700715522	0.00579997170745509	0.00177265019062539	0.000462810148291357	0.000155434351690305	5.06471483035825e-05	6.98581355911483e-06	
0.021494080694131	0.0870530369106694	0.171543634015077	0.216858267014618	0.200031112843487	0.146836890044065	0.0861248953437357	0.0426857725161726	0.0181643072760356	0.00639910786543171	0.00202058691407786	0.00059429026884643	0.000150320479767038	3.67061636640442e-05	6.99165022172271e-06	
0.0198462501179868	0.0822708696761744	0.164286538320358	0.212582459648522	0.201808081832134	0.149411464469374	0.0918531440417551	0.0468678443203787	0.0200909634363343	0.00749521935053085	0.00249607584714507	0.000683449339099245	0.000274428507004045	2.97151886564889e-05	1.74795227391111e-06	1.74795227391111e-06	
0.0193294860070149	0.0772758967458907	0.157997918659533	0.208812059160526	0.202014415209904	0.154213663264341	0.0955051455361554	0.0502465021917146	0.022197461044945	0.00856012586153129	0.00269803393916459	0.000854961404098909	0.000250531722922426	4.37992522591654e-05	
0.0178088482040126	0.0734737206001233	0.150383501324315	0.204716202036145	0.204257013106963	0.157496564812859	0.100246355733489	0.0533148028193851	0.0242043198678653	0.00960281030608521	0.00321956040080384	0.000934091547955562	0.00027935448163157	5.93628273467086e-05	3.49193102039462e-06	
0.0168594821693012	0.0688593492935732	0.144381716999177	0.19903210522359	0.205151382169826	0.16251925386782	0.104209538029558	0.0566889816299306	0.026272678477454	0.0106143229544568	0.00383940919255267	0.00112769532294921	0.000353169698039908	7.69280530383958e-05	1.39869187342538e-05	
0.0151533134128292	0.0647602558016141	0.140467480242397	0.195708481108101	0.202852285738222	0.165658423859923	0.109429542852356	0.0597143874444972	0.0282889776313217	0.0115700661844788	0.00450131251919908	0.00135789885224385	0.00041714373481527	0.000109958390348795	6.98148510151079e-06	3.4907425507554e-06	
0.013888767644671	0.0599966827581993	0.135692648817578	0.19242795911063	0.201613227065201	0.167477063018865	0.113760442764485	0.06432131851632	0.030190392220195	0.012980890941311	0.00522203696105733	0.00177559732176373	0.000453938351680008	0.000162370256562465	2.6188751058462e-05	1.04755004233848e-05	
0.0123619984822893	0.0564438009910581	0.128552544613351	0.188206618477603	0.201761103942201	0.169654878180985	0.118248547858594	0.0681308728235364	0.0338040334735642	0.0144427309001004	0.00565294782082621	0.0018656651174827	0.000669681105900537	0.000146875229492546	4.72098951940327e-05	1.04910878208961e-05	
0.0113722530274004	0.0540704961154099	0.122678789632494	0.184070478683998	0.201093995401594	0.170775540940285	0.121474279080388	0.0730236701140189	0.0363288052336071	0.0163646093533469	0.00565474997254553	0.00214232050439533	0.000709458458331082	0.000188259246928149	3.13765411546916e-05	2.09176941031277e-05	
0.0102057510033451	0.0503169282499504	0.118184128177549	0.178329138950673	0.199678720730693	0.174307056657234	0.124969977966438	0.0770304466930512	0.0394898516824522	0.0172857297007543	0.00675278204177675	0.0023460696371946	0.000809289600367574	0.000226253006554376	4.69910090536011e-05	2.08848929127116e-05	
0.00922011991726962	0.0470581271457322	0.11226749489899	0.172475086873864	0.198932443819247	0.177001580790953	0.129116498025752	0.0808083621752241	0.0426343498213776	0.0187623172863321	0.00780646104777888	0.00273852881983858	0.000830437537865863	0.000262884839030912	5.91926127619273e-05	2.26324695854428e-05	3.48191839776043e-06	
0.00905851087003877	0.0444368927809001	0.107358515226768	0.167038731320525	0.19589421862066	0.180042695943885	0.133871825033765	0.0835394066135146	0.0449318171916525	0.0209436674944452	0.00849736417897443	0.00306539450180804	0.000909685008495621	0.000294514878229425	8.19065045963491e-05	2.26549906330327e-05	1.21988411100945e-05	
0.00824401878084549	0.0414218888353475	0.101887304489415	0.162796321069652	0.192214890726305	0.180550795785269	0.138426103913952	0.0890141795731341	0.0482324677606503	0.0228515363378743	0.00925647265939625	0.00352793207165112	0.00104202727362871	0.000379235301587743	9.74182426096956e-05	2.08753377020776e-05	2.43545606524239e-05	1.21772803262119e-05	
0.00780310037624575	0.0390102859050414	0.0970536689176502	0.157882383214293	0.189007851782821	0.180900486128981	0.142236193311032	0.0923088692459089	0.0523510143335026	0.0249619233738325	0.0104041338349943	0.00404933618009723	0.00140831357057911	0.000464221880672374	0.000116490134850371	8.69329364555008e-06	2.78185396657602e-05	5.21597618733005e-06	
0.00680949663675192	0.0377237121958811	0.0932786913593056	0.15454168179696	0.186738946239906	0.180349639466722	0.143407515000605	0.0965451055662188	0.0545520568553198	0.0277290726427003	0.0115630025418893	0.00440939980287389	0.00163580086804655	0.000529127976344867	0.00014697999342913	2.42084695059743e-05	1.21042347529872e-05	3.45835278656776e-06	
0.00644856981532233	0.0354086045198518	0.0886204949526944	0.148236197375126	0.185541845124151	0.179787021607701	0.145454326360294	0.100670678804071	0.0585501218790024	0.030013565064107	0.0132414305978268	0.00534339581066751	0.00185400685827607	0.00063349537961522	0.000153209480396072	2.4100367702753e-05	1.89360031950202e-05	
0.00605754930934956	0.0328613845481538	0.0846485084126872	0.145255092435059	0.181275660811784	0.179992296358734	0.147072184500481	0.104667612061208	0.0620281303815375	0.0322464750659387	0.0148804640148407	0.0057794582232916	0.00225063779586042	0.000711636816496156	0.00022281832361166	3.62727503553866e-05	1.20909167851289e-05	1.72727382644698e-06	
0.00543531764742457	0.0303873462627226	0.0802464977866668	0.14067748894197	0.179410388071663	0.181147893490572	0.149613724565667	0.106597511878423	0.0656331445566511	0.0343753184419101	0.0163923100704501	0.00656486888397229	0.00231437103512835	0.000832482715620796	0.000257344241965765	8.29028430493738e-05	3.10885661435152e-05	
0.00516294296391298	0.0282622297967664	0.0772989528922506	0.134357510033774	0.175425981685121	0.182521355259565	0.153363777469726	0.109854704725294	0.0677802629350129	0.0368855717609317	0.0174575573938805	0.00755168992612515	0.002724070341857	0.000841765391170279	0.000305939372150183	0.000183217929084291	2.0741652349165e-05	1.72847102909708e-06	
0.00464895947331387	0.0265469589857696	0.0731662197510758	0.131132122771257	0.171511854068661	0.181181482307502	0.156083325121151	0.114303200676338	0.0708426044546333	0.0386370198250719	0.0186840107951294	0.00859772237292297	0.00311198477202118	0.00103041273562479	0.00031465623805992	0.000153870358172158	4.84086520092184e-05	5.18664128670197e-06	
0.0041788116979099	0.0248449350039371	0.0688916824379395	0.126804486869552	0.171314011797373	0.180058434292503	0.156809045573222	0.115747903687024	0.074710936744533	0.041394410753015	0.020262056389783	0.00936433712304356	0.00382309466907956	0.00119665971349238	0.0004316954233378	0.000141596098854798	1.7267816933512e-05	8.633908466756e-06	
0.00395741153792245	0.0228169779357435	0.0643672034926277	0.12179206545043	0.167794595286752	0.180519914241663	0.158511030397835	0.118869429644767	0.0784976025388344	0.044388072046693	0.0222667125797928	0.00996707059835301	0.0042169706680879	0.0013462466884581	0.000494892741515445	0.000140161930289339	4.84510376308827e-05	5.19118260330886e-06	
0.00386015468327336	0.0212057398370041	0.0608394321121921	0.115908547757508	0.164178665068804	0.179369906379559	0.161710867660251	0.122615761345807	0.0813282118599746	0.0466837998192014	0.0241601695766472	0.0109760701581815	0.00465850879228592	0.00176988698353763	0.000542049536054087	0.000135079437099741	4.15629037229971e-05	1.21225135858742e-05	3.46357531024976e-06	
0.00335812028523208	0.0199544502899327	0.0581149080766609	0.112656609651474	0.159137781801971	0.179499855163717	0.163299006266988	0.124649400794084	0.0847335619491668	0.0490275154246305	0.0256906609217832	0.0119927911426108	0.00502850759653295	0.0019340413832819	0.000712906734106603	0.000164783794988144	2.94876264715627e-05	3.46913252606619e-06	1.21419638412317e-05	
0.00308670860846808	0.0191649768626839	0.0552730549922876	0.108052132619283	0.155877918161493	0.177101856184683	0.164673564533181	0.128884382744935	0.087469453543389	0.0515953482729337	0.0271252534705974	0.0130452867467374	0.00562574741330006	0.0020710930865353	0.000689786651415102	0.00020277647792856	4.67945718296678e-05	1.73313228998769e-06	1.21319260299139e-05	
0.00296212318906952	0.0170780054576342	0.0531229315687328	0.103499764101625	0.151576371450939	0.175273356963495	0.166063815263057	0.13124417814907	0.0910792393875974	0.0554006902403744	0.0288539140984275	0.0141815536111462	0.00623359296556229	0.00224665119357665	0.00084163010097833	0.000238490665164291	9.67788206463788e-05	5.18457967748458e-06	1.72819322582819e-06	
0.00256956945013635	0.0167782855818795	0.0499440608534913	0.0996944529462725	0.147414781422324	0.172890869382525	0.1666035514009	0.134208992801401	0.0943979581779228	0.0583997772809252	0.0311115030597935	0.0149263280575888	0.00699455479529039	0.00266986220121838	0.00101157343763779	0.000235169209433744	0.000124501346170805	2.07502243618009e-05	0	3.45837072696682e-06	
0.00230219524560222	0.0161639801934816	0.0484641614522928	0.0952702561930094	0.144086865333731	0.170044724396325	0.167233823866438	0.136808733757891	0.0971002062600265	0.0605428736119117	0.0338280333071747	0.0161292562832915	0.00746737688637642	0.00290986367392859	0.00114241664525359	0.000368073448014834	9.02821664942046e-05	2.25705416235511e-05	1.38895640760315e-05	5.2085865285118e-06	1.73619550950393e-06	0	3.47239101900787e-06	
0.00202373031714349	0.0142614077400754	0.0457089293634952	0.0915426092259925	0.140202234420049	0.168135950321579	0.168997075293857	0.139545561654469	0.100046434907962	0.0632970170769572	0.0356665141938346	0.0172796767575959	0.00799789310268352	0.00330588822355289	0.0013635922599246	0.000436626746506986	0.000135146373918829	2.42570414726103e-05	8.66322909736083e-06	1.21285207363052e-05	3.46529163894433e-06	1.73264581947217e-06	3.46529163894433e-06	
0.00193418908646362	0.0128345653615652	0.0421833306493646	0.0883250822939448	0.135488473652951	0.167663198286416	0.166670995648507	0.143479774131043	0.104098160529036	0.0666455412352836	0.0371738328632059	0.0193644015702083	0.00852636263361402	0.00359305492785319	0.0013350579996987	0.000398266329352402	0.000178354051840423	5.71425602983881e-05	1.73159273631479e-05	1.38527418905183e-05	8.65796368157395e-06	5.19477820894437e-06	3.46318547262958e-06	1.73159273631479e-06	
0.00185582565251693	0.0117737032094563	0.0388014301078796	0.084753399613643	0.133008319277972	0.164148210552484	0.166537478183259	0.144863160911305	0.106498497212809	0.0701519360145842	0.0404915262137531	0.0207092879326447	0.00981084389139881	0.00422092439107339	0.00152264020978598	0.000533441978258355	0.000165729546643372	8.63174722100898e-05	2.41688922188252e-05	2.24425427746234e-05	5.17904833260539e-06	8.63174722100898e-06	3.45269888840359e-06	3.45269888840359e-06	
0.00173919917783312	0.0109387379119642	0.0363496065319647	0.0805496694318559	0.128697302007125	0.162489667060221	0.167165913070975	0.14491206904552	0.110652251248975	0.0726717158437264	0.0431568871084439	0.0226473979896095	0.0106861072013501	0.00465734167186536	0.00175466636419724	0.000553381556583264	0.000197636270208309	8.42102368713663e-05	3.43715252536189e-05	1.71857626268094e-05	1.71857626268094e-05	2.23414914148523e-05	3.43715252536189e-06	1.71857626268094e-06	
0.00177784954067926	0.0102531245490961	0.0345280711277235	0.0758806796710205	0.124621240750029	0.160374052672443	0.166130162634584	0.146781662899114	0.113230979586508	0.0760696298637497	0.045722511182416	0.0243058657010739	0.0119674181158574	0.00531293587374005	0.00207329893294673	0.000584027868435699	0.000245635250547956	6.01205158683807e-05	4.29432256202719e-05	1.03063741488653e-05	1.03063741488653e-05	1.71772902481088e-05	
0.00149664030056666	0.00975568637300405	0.032871037773825	0.0733319341753512	0.12025246773622	0.155697038716536	0.166302541536069	0.148458116435175	0.114869723482802	0.0798861865261086	0.0482950342506993	0.0261464780785203	0.0130603369677035	0.00607773584126667	0.00234473647088777	0.000768963464773904	0.000237398116641608	9.63354676226815e-05	2.58041431132183e-05	8.60138103773942e-06	1.37622096603831e-05	3.44055241509577e-06	
0.00130968876342258	0.00892106838853065	0.0310149483975725	0.0705144022625348	0.116391470975468	0.15061593333874	0.165923244300956	0.15093688473531	0.117652844474891	0.0824793322830515	0.0504566655220551	0.0284594160410128	0.0143962231267913	0.00679002013711182	0.00269702705827339	0.00092661774171005	0.000312323670855715	0.000132866975999393	5.86685348568747e-05	8.62772571424627e-06	1.72554514284925e-06	
0.00125287260846693	0.00842401085361464	0.0296293988980259	0.0665649140294044	0.112793144502589	0.148949940471246	0.163046487803527	0.152436871833209	0.122014909876236	0.0848700058144364	0.0527192873162223	0.0304427278013124	0.0148683445468893	0.00719363457651521	0.00309238031951713	0.00114558241271423	0.000372054711077886	0.000128056040091923	4.84536367915386e-05	5.19146108480771e-06	1.73048702826924e-06	
0.00117521645303034	0.00777930891032474	0.0282849293223438	0.0643630344158152	0.109555133771873	0.146491250877512	0.161952800672543	0.152088262569009	0.124104937469125	0.0879852317932451	0.0556737127653121	0.0316875102918108	0.0161184923255592	0.00754877234947956	0.00322924520943293	0.00129308476985344	0.000426405969683576	0.00020106948163941	2.94670792057755e-05	8.66678800169869e-06	3.46671520067948e-06	
0.00107029236154719	0.00755449470751703	0.0265075163319329	0.0611194182605407	0.106269450005031	0.142940407092725	0.161811899153133	0.15379424713519	0.12569950631247	0.090476999989592	0.0584688400945049	0.0330073307220744	0.0171836566182925	0.00838887173491443	0.00354046468382141	0.00132355441144328	0.00051519745766534	0.000237650005724416	6.41828482613387e-05	2.42854020448309e-05	1.73467157463078e-06	
0.000919341271992937	0.00713749452566161	0.0249230116855401	0.0591089514990998	0.102636024274781	0.141340465614203	0.159657775645972	0.154186913029273	0.128174247321919	0.093230589560176	0.0604940460052971	0.0342241732880093	0.018558876074882	0.00874851410815207	0.00416223505940092	0.00154845571520928	0.000552647494317115	0.000239828157911201	0.00010253522693305	3.99713596518668e-05	1.39030816180406e-05	
0.000768802616016141	0.00640784804842413	0.0234902247269185	0.0565139497669241	0.0980814722048285	0.139414179364085	0.159103875321784	0.154866764071523	0.128842273707646	0.0965543032074028	0.0624052042023238	0.0361406804424963	0.0199088568844361	0.00987963542753774	0.00450497460516246	0.00200897516176164	0.000667919014819453	0.000278299589508105	8.87079941557086e-05	5.04418005983441e-05	2.26118416475336e-05	
0.00071122391525279	0.00593732513566422	0.0218230691055139	0.0534202374581415	0.0953040046438738	0.13481702544543	0.158195025267624	0.156342008057051	0.131701934424458	0.0989403112301908	0.0656226085531649	0.0378831326624353	0.0207597196243762	0.0102499917198196	0.00486525967517288	0.00213541494162909	0.000885543502324552	0.00028588412279769	7.67006183115753e-05	3.13775256729172e-05	1.22023710950234e-05	
0.000773534615674051	0.00545499411098647	0.0206474239722228	0.0513542981048402	0.0909025678899131	0.131709143984193	0.154951934099051	0.155398204069632	0.135181299363146	0.101954312455482	0.069019588626591	0.0406490690458398	0.0221892429686228	0.0111987511441137	0.00493347077281708	0.00217534734679377	0.000932791742430474	0.000383267151205016	0.000122505482120325	6.30028193761671e-05	5.25023494801392e-06	
0.000771326382003793	0.00508934530591544	0.0191141017129433	0.0486358265255269	0.0885739795334356	0.127825335077916	0.154425529142225	0.155318365844682	0.136392693179397	0.105046552540886	0.0719798962055321	0.0424546493546745	0.0231380304409768	0.0118358096197431	0.00536582531042365	0.00246894883006694	0.000994975812402153	0.000355725865672982	0.000146164588370582	5.98746506578287e-05	7.04407654797985e-06	
0.000639145734055344	0.00473532833905092	0.0179031429373514	0.0458613548123966	0.0854724999602741	0.125136612986664	0.151484601354918	0.155416583536524	0.138258522090254	0.107060441646171	0.0741673890896764	0.0458542924285949	0.0251473831219621	0.0127617275297017	0.00574348362674595	0.00261484760258554	0.00112291902447293	0.000437867795706424	0.000118294928678752	5.12022825624447e-05	1.23591716530039e-05	
0.000644593888190334	0.00441149461013549	0.0169024879558074	0.0440813918989559	0.083465195462059	0.122622949661632	0.14874577923454	0.155115779658383	0.138352806544129	0.108975219338523	0.0765212415761292	0.0477087777793476	0.0272212881988104	0.0139691442618782	0.0066119438832455	0.00279912688433337	0.00125210155267657	0.000402650428787386	0.000123620745680338	6.1810372840169e-05	5.29803195772877e-06	5.29803195772877e-06	
0.000582465500797151	0.00405438221702911	0.0162949563062889	0.0424953455551371	0.080376719680999	0.121112350732217	0.147379609132214	0.154235456839482	0.138913622653861	0.110274269102581	0.0789566300763364	0.0497101750212046	0.0281853472092688	0.0151441030207259	0.00714268117140675	0.00314636953300696	0.00131978587793916	0.000494479775601206	0.000114381442754727	4.39928625979721e-05	7.03885801567554e-06	1.40777160313511e-05	1.75971450391888e-06	
0.000504143816245727	0.00399977515537115	0.0158111445645568	0.0403367750956468	0.0779613618558114	0.116998253940929	0.146558296239825	0.153567124904705	0.139821740367691	0.112431097417449	0.0809054212147934	0.0520357221904083	0.0301221538710165	0.015835736945837	0.00749013669850794	0.0033902354193528	0.00145446369286224	0.000553328578806286	0.000140527893030168	2.98621772689107e-05	2.10791839545252e-05	1.58093879658939e-05	8.78299331438549e-06	7.02639465150839e-06	
0.000431840324406878	0.00359866937005732	0.0147510335202886	0.0382143578130623	0.0737305913228182	0.113442346683519	0.144501496519823	0.153405131175887	0.141150345384487	0.114999429479246	0.0840333184120213	0.0543504401787047	0.0315559417542197	0.0171349325468924	0.00853323502821883	0.00376192607806479	0.00154303920794165	0.000602118826307151	0.000168523053427074	2.63317270979804e-05	2.45762786247817e-05	2.63317270979804e-05	1.05326908391921e-05	3.51089694639738e-06	
0.000369629045868872	0.00324645888399925	0.0132909538521623	0.0370587989148249	0.0705817124286023	0.109692649961294	0.140478216295759	0.15258879814767	0.142948802890081	0.117419989259835	0.0870859980332945	0.0571303535187988	0.0339152084917043	0.018249562373158	0.00896524789555539	0.00418447976455327	0.00169994490434977	0.000761924023795742	0.000221428720874277	3.83577311750717e-05	1.74353323523053e-05	3.31271314693801e-05	1.22047326466137e-05	8.71766617615265e-06	
0.000366156072724496	0.00297783801324756	0.0123521276097297	0.0344707309412293	0.068705456072551	0.106127994974465	0.137676418681248	0.150923980099157	0.143831658444062	0.120277931547903	0.0894080245446042	0.0599229163376757	0.0362650692312631	0.0192761215915815	0.00967970887989213	0.00451881712499805	0.0019869606790026	0.000796519608438596	0.000286330578196881	7.46194840149447e-05	1.2147357862898e-05	2.60300525633528e-05	2.08240420506822e-05	6.94134735022742e-06	8.67668418778427e-06	
0.000322505540369243	0.00295428872006692	0.011946502022127	0.0320160045530194	0.0667345020566196	0.102644717893884	0.135191908042805	0.149830555244164	0.144839480196953	0.121506980434089	0.0924280183155553	0.0613329654125743	0.0384023041037537	0.0207541800684678	0.0105961178611157	0.00496175636172359	0.00217130735467849	0.000955444221200859	0.000279389826416136	5.8637370976226e-05	4.13910853949831e-05	8.62314279062147e-06	1.72462855812429e-06	1.72462855812429e-05	1.72462855812429e-06	1.72462855812429e-06	
0.000310311656340184	0.00278418513882999	0.0112953442907827	0.0307053383948612	0.0623329919905114	0.100585799449024	0.132773737979733	0.148301388472267	0.145494791936034	0.124341880695512	0.0931090124848723	0.0642017577431378	0.0404784316159307	0.0226699904492968	0.011250521495978	0.00551492771462361	0.00238939975381942	0.000913695432557209	0.000406853060534908	0.000108609079719065	1.89634901096779e-05	0	5.17186093900307e-06	3.44790729266871e-06	3.44790729266871e-06	
0.000262091559617208	0.00274333994309854	0.0105698767135098	0.0288800758686094	0.0596758341236313	0.0976222088111044	0.129678420553496	0.147702388136908	0.144581429433572	0.127588585222864	0.0951254418484352	0.0670040520734546	0.041808776618674	0.0238848176566945	0.0123234761617381	0.00602120872489008	0.00277092852832141	0.00110181912233813	0.000437968790412967	0.000151737218725752	5.00043107164411e-05	1.0345719458574e-05	1.724286576429e-06	0	3.448573152858e-06	
0.000268965053508528	0.00242413375149353	0.0101654997146557	0.0269499535345629	0.057367142470444	0.0939843207166884	0.126820470999188	0.146208368606261	0.145294577078315	0.128273916769109	0.0993739665966093	0.068929191501394	0.0443326821850307	0.0254327147711814	0.0130758395244146	0.00613964458681968	0.00305171887634676	0.00112413599286898	0.000510343947682849	0.000205172060048172	4.82757788348641e-05	1.5517214625492e-05	1.724134958388e-06	0	0	1.724134958388e-06	
0.000164195382134505	0.00228663674277843	0.00932629770523991	0.0262695327690773	0.0546252110774847	0.0912252259414877	0.124861082064852	0.144253420881159	0.145611921621766	0.129406701591313	0.102706804083798	0.0712988200401328	0.0447700314045273	0.0273618641533827	0.0134190836514979	0.00661275296891176	0.00339279510663194	0.00152615286762914	0.000532338712604502	0.000262712611415209	5.35795457491544e-05	2.07404693222533e-05	1.20986071046478e-05	
