# <P(N_1)> as a function of N_tot.
# number_of_species: 2
# species_total_upper_bound: 100
# species_total_lower_bound: 0
# volume: 512
# Bin widths for each species index 
1	1	1	1	1	1	1	1	1	1	1	1	1	1	1	1	1	1	1	1	1	1	1	1	1	1	1	1	1	1	1	1	1	1	1	1	1	1	1	1	1	1	1	1	1	1	1	1	1	1	1	1	1	1	1	1	1	1	1	1	1	1	1	1	1	1	1	1	1	1	1	1	1	1	1	1	1	1	1	1	1	1	1	1	1	1	1	1	1	1	1	1	1	1	1	1	1	1	1	1	1	
# Bin lower bound for each species index 
0	0	0	0	0	0	0	0	2	3	3	5	6	6	7	8	8	8	9	10	10	11	12	13	14	14	15	16	16	17	18	19	20	21	22	23	24	25	26	26	26	27	28	29	29	29	30	31	32	33	36	36	37	38	39	40	40	41	41	42	43	45	45	47	47	48	49	50	50	51	52	53	53	51	52	52	53	54	57	58	60	61	62	63	64	65	66	67	68	69	69	69	69	70	71	71	71	73	74	74	78	
# Bin upper bound for each species index 
0	1	2	3	4	5	6	7	8	9	10	11	12	13	14	15	16	17	18	19	20	21	22	23	24	25	26	27	28	29	30	31	32	33	34	35	36	37	38	39	40	41	42	43	44	45	46	47	48	49	50	51	52	53	54	55	56	57	58	59	60	61	62	63	64	65	66	67	68	69	70	71	72	73	74	75	76	77	78	79	80	81	82	83	84	85	86	87	88	89	90	91	92	93	94	95	96	97	98	99	100	
# Normalized histogram for each species index 
1	
0.0798531794841758	0.920146820515824	
0.00634795414475459	0.14656427005571	0.847087775799536	
0.00048014356509856	0.0175643468418068	0.20115408263249	0.780801426960604	
2.69670581204823e-05	0.00172912776668533	0.0323842007557248	0.246186588311183	0.719673116108287	
3.23403411259182e-06	0.000161701705629591	0.0042419747443496	0.049796579254318	0.284269442474079	0.661527067787511	
5.37824671308452e-06	1.72103894818705e-05	0.000466831814695736	0.00785331585044602	0.0680724686475108	0.314623130118074	0.608961664933078	
7.52358105261348e-06	3.22439187969149e-06	5.15902700750638e-05	0.00108124607698988	0.0129384098159087	0.0871316669676099	0.338149500004299	0.560636838892185	
1.17637371040032e-05	0.000119776232331669	0.00208111203676275	0.018527885938805	0.107578306385463	0.354245693135432	0.517435462534101	
1.70706179457005e-05	0.000268862232644783	0.00341092284827528	0.0261735249652453	0.126577565153748	0.368768024171995	0.474784030010146	
1.06324500248268e-06	2.65811250620669e-05	0.000525243031226442	0.00531622501241339	0.0343428135801905	0.147034024903324	0.376814028879861	0.43594002022292	
5.96633919277562e-05	0.000923717157167225	0.00758151244567701	0.0437375279538972	0.165082212957823	0.380788813966348	0.40182655212716	
9.83470217421747e-05	0.00145168756006384	0.0106546170185245	0.0530229415808001	0.182049958149066	0.383081960483739	0.369640488186064	
1.07191935736291e-05	0.000189729726253235	0.00219743468259396	0.0138963625488527	0.0631564166164651	0.197727316578519	0.382743813417429	0.340078207236313	
1.50883205621477e-05	0.000344875898563376	0.00302951922144266	0.0172481058769009	0.0740039014086025	0.213185036696951	0.378500220936123	0.313673251640855	
6.80153131619347e-05	0.000568953492640311	0.00418564077982256	0.0214259032541549	0.0847924237418786	0.226805158799562	0.373924440385118	0.288229464233662	
1.51115774112141e-05	0.000119813220903197	0.00083221615600329	0.00556861627603239	0.0267928267500826	0.0962078575884945	0.238078584520132	0.367042944944206	0.265342028966735	
3.23181484717286e-06	2.69317903931072e-05	0.000169131643668713	0.00116237607336651	0.00735561059216543	0.0324732755843929	0.106896585156705	0.247721839850647	0.359072943138372	0.245118074355441	
8.62454653751408e-06	3.44981861500563e-05	0.000221004005023798	0.00154055962526345	0.00939752152093878	0.038307001514686	0.118198332228313	0.256982378973356	0.349921570529925	0.225388508869807	
1.93867330123752e-05	5.81601990371256e-05	0.000325266298318739	0.00221762684847114	0.0118571413185133	0.0454640429954657	0.129153338287721	0.263750040389027	0.340041142955615	0.207113853974819	
3.23468269919176e-06	8.62582053117803e-06	9.91969361085473e-05	0.000549896058862599	0.00313764221821601	0.014586262518222	0.0516244576515341	0.139565776194461	0.270471228575618	0.329078287947141	0.190875391396607	
3.23078463912674e-06	2.04616360478027e-05	0.000120615959860732	0.000754926677342615	0.00422586630797778	0.0170165426942805	0.0586225872769547	0.150904565852545	0.274994696128551	0.318877366953596	0.174459139728205	
5.39946307739158e-06	2.80772080024362e-05	0.000206259489556359	0.00104749583701397	0.00534222876877123	0.0205395575463976	0.066563500925468	0.161263603947223	0.278850951061426	0.305280242932643	0.16087268282042	
1.07904431203372e-05	4.74779497294836e-05	0.000304290495993508	0.00136930723197079	0.00661562067707872	0.0245115705921579	0.0736102448783162	0.170276429571857	0.279966679111644	0.294068709225613	0.149218879822519	
7.55062152401745e-06	6.68769334984403e-05	0.000345171269669369	0.00171830572682283	0.00799934417458763	0.0281616609641497	0.0810742592840285	0.177517269350086	0.280883120693449	0.28428413635991	0.137942304622275	
2.1543157946894e-06	1.29258947681364e-05	6.89381054300607e-05	0.000405011369401606	0.00215216147889471	0.0093551163384387	0.0325420172366807	0.0876343350542726	0.186336467503762	0.282862741000615	0.272510176449235	0.126117955252707	
6.45674358441816e-06	1.72179828917817e-05	8.50137905281724e-05	0.000566041187567325	0.00277855198916128	0.0110980660976841	0.0362987363076681	0.0962592856043673	0.195035625082727	0.281605490814744	0.260331596828017	0.115917917571059	
3.21602351556395e-06	1.7152125416341e-05	0.000110416807367695	0.000681796985299556	0.00350010559277209	0.0133754418012305	0.0415799680327263	0.104172361708309	0.201722930998071	0.279787613807032	0.248423880475414	0.106625115642846	
1.07240100934383e-06	5.36200504671915e-06	1.17964111027821e-05	0.000160860151401574	0.000919047665007662	0.00448585342208524	0.0156238103051303	0.0462194111017097	0.112222476023794	0.206462931922912	0.277740065008949	0.237325560570818	0.0988217530110339	
5.33957565324369e-06	1.28149815677848e-05	4.0580774964652e-05	0.000242416734657263	0.00122810240024605	0.00525948201844503	0.0177263232536384	0.0519978556264177	0.11901700548054	0.212461715242566	0.274595153373971	0.227174381997514	0.0902388285398183	
1.06261456313259e-05	1.59392184469888e-05	5.31307281566294e-05	0.000348537576707489	0.00155247987673671	0.00614722524772202	0.0205828440878782	0.0571984167043009	0.126820922880748	0.21729298940042	0.26996254283665	0.216091172329517	0.0839231729670855	
4.24501820582183e-06	1.69800728232873e-05	7.4287818601882e-05	0.000405399238655985	0.00178503015554808	0.00717195825873598	0.023755121879779	0.0623211122796703	0.133621499319205	0.220403467755372	0.266233745559976	0.206820470751294	0.077386681892132	
1.06145055710232e-06	1.59217583565349e-05	8.27931434539813e-05	0.000475529849581842	0.00229485610445523	0.00863490028202741	0.0264248116190624	0.0686620521872781	0.140626277057702	0.224906512742183	0.262876722070848	0.194587239029112	0.0704113227053827	
1.05914027465626e-06	3.7069909612969e-05	0.000105914027465626	0.000655607830012222	0.00288403896788899	0.00992838093462774	0.0295161211741205	0.0744596795888841	0.147015024963936	0.228823019778385	0.256886000495678	0.18538026313281	0.0643078200563039	
1.06038466514113e-06	4.55965406010684e-05	0.000243888472982459	0.000867394656085442	0.00346957862434177	0.011405497458258	0.0331932211729127	0.0799063468263747	0.15526894536262	0.231436375859707	0.249593342480918	0.17540565015365	0.059163102006884	
1.48170099273967e-05	7.09099760811126e-05	0.000304807061363588	0.00110915902885084	0.00408949473996148	0.0130664860402599	0.0373134644285926	0.0859312490739369	0.161468365683805	0.233155176428254	0.243902800414876	0.164952479732447	0.0546207903816438	
4.22622116660609e-06	9.19203103736825e-05	0.000422622116660609	0.00137669154502193	0.00480521346643113	0.0150284424684513	0.0410080805348706	0.0908553026396977	0.167941576718593	0.233210279860366	0.236906110270563	0.157608465966241	0.0507410678815644	
1.89518370647395e-05	0.000109499503040717	0.000425363454119708	0.00168460773908795	0.00548339819073129	0.0169924276882128	0.0454633513586361	0.0980968144067654	0.172106896784084	0.233104437256785	0.231054480214282	0.148729805764728	0.0467299658024629	
3.4834451906289e-05	0.00013089309201151	0.000509849705173866	0.00196128520126924	0.0063409258363963	0.018871828217595	0.0497119296386295	0.104057896970247	0.17696640481011	0.233713838144358	0.224972501894783	0.139882491782236	0.0428453202552838	
9.55388657413551e-06	3.8215546296542e-05	0.000135877497943261	0.000533956105198907	0.00222817865767894	0.00698813725750378	0.0212584591704042	0.0539890130304397	0.110332528329928	0.181275443857647	0.232851569756641	0.218492078235716	0.132192882354502	0.0396741063135267	
1.06616968943543e-06	1.4926375652096e-05	5.4374654161207e-05	0.000169520980620234	0.000684480940617547	0.0024585873038381	0.00820524192989508	0.0242862793556497	0.0585700318891354	0.116324443965853	0.184688310622142	0.23178955516202	0.211594168904735	0.124461451035624	0.0366975607103675	
2.1430967104537e-06	1.07154835522685e-05	8.35807717076945e-05	0.000216452767755824	0.000816519846682861	0.00287817888213933	0.00978216493486593	0.0271316043543439	0.0626127134926154	0.121283200586351	0.188766101353473	0.229930702967867	0.204368916953931	0.11834930118974	0.0337677033182638	
2.14188029245233e-06	3.2128204386785e-05	7.28239299433794e-05	0.000302005121235779	0.000990619635259205	0.00332848197447093	0.0110039100024739	0.0299906078549176	0.0680068411656541	0.126322744948108	0.192436163935234	0.228117747727197	0.197643074926185	0.111661574346271	0.0300891343483704	
1.07459401837986e-06	3.7610790643295e-05	9.88626496909468e-05	0.000309483077293399	0.00114981559966645	0.0040329513509796	0.0128499952717863	0.0335649441640948	0.0724287114328207	0.132368491184031	0.195273075831951	0.224377380225751	0.190282661210595	0.105372540254292	0.0278524023623875	
3.23974431937831e-06	2.15982954625221e-06	4.21166761519181e-05	9.07128409425928e-05	0.000399568466056659	0.00142332767098021	0.00493305068364005	0.0147235580168013	0.0362440996156583	0.0769255690340918	0.137393236925742	0.196531529731674	0.221612550337527	0.184793936062566	0.0988661974796949	0.0260151468846079	
4.32517533179501e-06	1.08129383294875e-06	4.32517533179501e-06	4.32517533179501e-05	0.00012975525995385	0.000423867182515911	0.0016500543890798	0.00583358022875852	0.0162767160673776	0.0395764355797573	0.0816603915581228	0.142674558669922	0.198515816084895	0.219948141147772	0.176944004117567	0.092923148122117	0.0233905481943474	
2.16288000449879e-06	0	4.32576000899758e-06	4.97462401034722e-05	0.00014275008029692	0.000574244641194429	0.00198768672413439	0.0066205756937708	0.018316349318098	0.0432478671299556	0.0859593400187954	0.146595680944919	0.200453555936943	0.21619715948969	0.171051365155787	0.0871251323412203	0.0216720576450779	
2.1643311729701e-06	1.08216558648505e-06	3.24649675945515e-06	3.67936299404917e-05	0.000262966237515867	0.000709900624734193	0.00252252798209665	0.00780241387855721	0.020449683087808	0.0469605756255188	0.091316378684368	0.149536887237264	0.202047890155864	0.212554635835048	0.163865841767912	0.0818528406305562	0.0200741716292977	
1.08353866391014e-06	3.25061599173043e-06	1.08353866391014e-06	6.71793971624289e-05	0.000278469436624907	0.000919924325659713	0.0027023454277919	0.008790749180303	0.0223219800152129	0.0499424640969464	0.0953936604319852	0.154092200471989	0.202327007634613	0.20880765238346	0.157702551300138	0.0772411371954985	0.0194072610092946	
1.08435995111705e-06	0	5.42179975558527e-06	9.00018759427154e-05	0.000314464385823945	0.00100520167468551	0.00324657369364446	0.00991104995320987	0.0242506259467818	0.0533006290372076	0.100438840472217	0.157384003305129	0.203343515473274	0.20515439659164	0.150273855105655	0.0732853829362949	0.0179949533887875	
2.50272579483307e-05	0.000112078589942524	0.000353646036226412	0.0011469012990235	0.003988039146984	0.0107410462264336	0.0261230165898076	0.056852136783758	0.104585646541124	0.161420373058483	0.205191959068464	0.199459628856646	0.144558530051208	0.0687194096178664	0.0167225608760846	
4.34545025926043e-06	3.69363272037136e-05	0.000135795320601888	0.000416076862324186	0.00137533500705592	0.00456163640965863	0.0116197339932624	0.0282769311995724	0.0599737317531828	0.109102306021816	0.164979364543081	0.203555012857101	0.195815765945358	0.140099489083686	0.0649384086743878	0.0151091305514485	
9.75781112780781e-06	2.71050309105773e-05	0.000168051191645579	0.000471627537844044	0.00171954316096702	0.00507080918275079	0.0129833098061665	0.0303012561555525	0.0640426828342755	0.113643805199395	0.167231535510843	0.202103784079155	0.191752914875024	0.135494796918266	0.0611370235206616	0.0138419971854136	
6.49262816177465e-06	3.46273501961315e-05	0.000165562018125254	0.000644934397402949	0.00180170431489247	0.00558474232381983	0.0142686324901934	0.033701068578385	0.0682732314351413	0.117756796970107	0.169162180440958	0.201162180440958	0.188912755309076	0.128912214256729	0.0570799404842419	0.0125329365616123	
1.2928805378383e-05	3.33994138941562e-05	0.000181003275297363	0.000669065678331322	0.00211709188071022	0.00574577659024306	0.0161954835373212	0.0366326926392001	0.0722720220651612	0.121275426650577	0.17085524047578	0.201114032063437	0.1845694707809	0.122392690915359	0.0543009825892088	0.0116326926392001	
1.71927098612011e-05	3.97581415540276e-05	0.000191268897205862	0.000802684641644827	0.00242524663479568	0.00672987136629391	0.0174892841063068	0.0397506197434633	0.0763474517717625	0.124624581062015	0.174562955942606	0.199730934090672	0.178388333886724	0.117656160846397	0.0506626177834944	0.010581038375203	
2.14935433395808e-06	1.61201575046856e-05	4.19124095121825e-05	0.000258997197241949	0.000922073009268016	0.00276406967347009	0.00784191928744605	0.0191948088794126	0.0426765049779046	0.0800462541052668	0.129218107880393	0.176766124456213	0.19822205409495	0.172953169867772	0.112322033461148	0.0472933180872466	0.00946038310091648	
7.52927813583678e-06	2.1512223245248e-05	7.8519614845155e-05	0.000306549181244783	0.000916420710247563	0.00320209443005516	0.00875547486081592	0.021303554679769	0.0451831980931565	0.0831103232856909	0.133532823350228	0.178777331279633	0.196149527161333	0.16773618269901	0.106984588643267	0.0448303976319345	0.00910397287738893	
7.52380747651497e-06	1.50476149530299e-05	2.47210817085492e-05	0.000103183645392205	0.000405210774092306	0.0011049248694082	0.00364259764827275	0.00948644639824588	0.0228659257507685	0.0483426126958877	0.0882370644252886	0.136683935596208	0.180309121004321	0.193527375910918	0.163250499795782	0.101983060684881	0.0416668458049399	0.0083439024914551	
3.22634070588033e-06	1.72071504313618e-05	1.39808097254814e-05	0.000136581756548934	0.000462442167842847	0.00134323318054818	0.00415230048846798	0.0105737939400718	0.0251310432050038	0.0515870369932225	0.0915936617461386	0.141255648784853	0.181174086891808	0.190170200226704	0.15815307050845	0.0969945560877823	0.0394387887886811	0.00779914093301471	
2.1435009586808e-06	8.57400383472322e-06	3.53677658182333e-05	0.000155403819504358	0.000504794475769329	0.00162798897811807	0.00451528476946111	0.0116756497219343	0.0274914715455606	0.0543666865655006	0.0962206862847019	0.14336163111849	0.180933987672726	0.187630284667645	0.154428526568159	0.0925745911539859	0.0373890872222693	0.00707784016556401	
1.49628280600052e-05	2.24442420900078e-05	0.0001635223352272	0.000591031708370206	0.0018414966248135	0.00527974075831613	0.0130678927635488	0.0298476356594118	0.0585645090268604	0.099965585495462	0.146031857998487	0.180504076301873	0.185546549358095	0.148472936519133	0.0885286409904537	0.0349200343717536	0.00663708301804517	
1.06998447452527e-06	7.48989132167692e-06	3.42395031848088e-05	0.000197947127787176	0.000698699861865004	0.00218276832803156	0.00572655690765927	0.0145838883877795	0.0320353351672867	0.0618108631243761	0.103543467584285	0.147775555776686	0.181037093151778	0.182240825685619	0.145422659917205	0.083950981871253	0.0324761687707911	0.00627438895861621	
1.92689159200854e-05	5.99477384180434e-05	0.000249425411632216	0.000837127347194821	0.00237435863948608	0.0065396559642112	0.0163164898029967	0.034218383188085	0.0650839750060751	0.106301256654467	0.150769632616708	0.181821490621926	0.180033763422673	0.13967930100937	0.0796491344510018	0.0305155398454419	0.0055312493643934	
1.07222968017533e-06	1.2866756162104e-05	0.000134028710021916	0.000299152080768917	0.000908178539108505	0.00264947953971324	0.00749917438314626	0.0174483935854932	0.0367549612067302	0.067612659172496	0.110134071599209	0.154371051514203	0.182705793042516	0.175312769397707	0.134452240745586	0.0762248079636643	0.0282693355178226	0.00520996401597193	
3.22371277149034e-06	3.43862695625637e-05	0.000137545078250255	0.000326669560844355	0.00101224581024797	0.00302814086335326	0.0086352519438988	0.0186932357909487	0.03844492394187	0.0707400784866603	0.11420969606836	0.156711125247689	0.181690600943043	0.172174200841604	0.130172447141856	0.07276564467808	0.0264312210134493	0.00478936260751082	
7.53416474635158e-06	2.04498757400971e-05	0.000136691274683807	0.000433752627539955	0.00115057458769283	0.0037003511997081	0.00935958523346762	0.0203099555376649	0.0411537604630713	0.0747335327375603	0.11619942288298	0.157593200308685	0.180607920990291	0.170672510308352	0.126317806137331	0.0686965141572337	0.0246141162263306	0.00429232128692144	
6.46636734570709e-06	4.63422993109008e-05	0.000132560530586995	0.00047420027201852	0.0013202166664152	0.0041546410196168	0.010065978501484	0.0220804890298078	0.0440553607263024	0.0785415755088492	0.119647194997618	0.159494028309756	0.18034590754388	0.167220259559985	0.121092428099384	0.0647994671713307	0.0225999538732463	0.0039229295230623	
2.15836111323949e-06	9.71262500957773e-06	3.88505000383109e-05	0.000147847736256905	0.000488868792148746	0.00174935168228061	0.00456493375450153	0.0107885680245276	0.0238380193151736	0.0467393099072013	0.0811889116356168	0.123162560204785	0.162239688159986	0.179340383260183	0.163539021550157	0.116124144614511	0.0610147103101673	0.0212361149931634	0.00378684457317869	
8.65062192565007e-06	3.24398322211878e-06	2.59518657769502e-05	0.000166524472068764	0.000633658056053867	0.0019355766558642	0.0051665839450945	0.0119702980896183	0.02569126579144	0.0490836288061385	0.0843251812034961	0.12583843449695	0.163046922054652	0.179448501225685	0.159297958777624	0.111886062658617	0.0582824838963266	0.0199418461941048	0.00324722720534089	
7.56942514541406e-06	3.2440393480346e-06	3.56844328283806e-05	0.000210862557622249	0.000661784026999058	0.0021908079063727	0.00554946997803785	0.0128193621569834	0.0272845336098697	0.0514504640598287	0.087726393396001	0.129502050773541	0.164913984296687	0.177257554015959	0.155182947599032	0.108021103557305	0.0551594823810816	0.0188900411236055	0.00313266066375208	
1.07756995045333e-06	5.38784975226667e-06	6.68093369281067e-05	0.000231677539347467	0.0008728316598672	0.00239759313975867	0.00606025340134955	0.0140137972056456	0.0289338307396225	0.055174814173062	0.0914447411353708	0.132087446956619	0.165826162105313	0.174802319792589	0.151393190188941	0.103501671310993	0.053132819116953	0.0170622425954781	0.00299133418245845	
2.15159260884907e-06	0	1.29095556530944e-05	9.89732600070572e-05	0.000264645890888436	0.00102415808181216	0.00283364746585423	0.00682162436635598	0.0150848157806408	0.0313304157737557	0.057976814438047	0.0945485098069591	0.135073756594631	0.166573072388182	0.171962811873349	0.147877884209892	0.0996208893823208	0.0498674618952949	0.0163854535126901	0.00264000413105781	
2.15931653313093e-06	0	1.07965826656547e-06	3.2389747996964e-06	8.63726613252373e-06	1.40355574653511e-05	0.000119842067588767	0.000370322785431955	0.00123512905695089	0.0030327600707824	0.00749822666129717	0.0165997458484441	0.0336907362081754	0.0608311857130981	0.0972858470836811	0.13705829830742	0.166908690061422	0.170189771533514	0.143853667437183	0.0954072416998572	0.0477403292309918	0.0157727276162549	0.00237632784471059	
2.15925358921928e-06	1.07962679460964e-06	2.15925358921928e-06	7.55738756226748e-06	6.47776076765784e-06	2.59110430706313e-05	0.000159784765602227	0.000457761760914487	0.00134737423967283	0.00332309127380847	0.00805725476817174	0.0176173500344401	0.0358317336862993	0.0633049967287308	0.100562917410709	0.139939065863712	0.167918673872816	0.168064423490088	0.140591160447656	0.0910891922880099	0.0453270513448911	0.0143093735357562	0.00205345016334753	
1.07982148391228e-06	2.15964296782456e-06	3.23946445173684e-06	5.3991074195614e-06	9.71839335521052e-06	2.48358941299824e-05	4.10332163886666e-05	0.000177090723361614	0.000456764487694894	0.00143616257360333	0.00357960821916921	0.00864721044316953	0.0194043920659037	0.0377570380064768	0.0666411828796463	0.104163899624114	0.142816109640754	0.166765470332445	0.167376649292339	0.13573248070629	0.0878834311111687	0.0422026630557436	0.0129675762003026	0.00190480509762126	
2.15696446077506e-06	2.15696446077506e-06	5.39241115193766e-06	3.23544669116259e-06	1.72557156862005e-05	1.72557156862005e-05	7.01013449751895e-05	0.000176871085783555	0.000592086744482755	0.00155624985844921	0.00422549337865835	0.00982497311883041	0.0208362766910871	0.0404797520353656	0.0699676131786215	0.10706093101057	0.144608289861512	0.16720033562367	0.164242058865717	0.132476443251883	0.0839792543158163	0.0388814413699313	0.0118579121231109	0.00191646292339864	
1.07606371588474e-06	2.15212743176949e-06	1.39888283065017e-05	1.07606371588474e-05	1.07606371588474e-05	2.79776566130034e-05	6.45638229530847e-05	0.000202299978586332	0.000618736636633728	0.0017561359843239	0.00465827982606506	0.0105099143130463	0.0223853534815503	0.0428606938674053	0.0730604220537106	0.110552634042567	0.145496727152208	0.167570022156152	0.162081021141424	0.128025756661103	0.0804960223304742	0.0367120657948398	0.0110877605284764	0.00179487427809575	
1.07555331840465e-05	6.45331991042792e-06	6.45331991042792e-06	3.33421528705443e-05	6.34576457858745e-05	0.00024737726323307	0.000729225149878355	0.00206828903129215	0.00503143842349697	0.0117697799633021	0.0240655054993041	0.0457034871589689	0.0762803924478948	0.113427852958955	0.147101276251568	0.166522542522	0.159826147561613	0.124274808175066	0.0759394420459606	0.0347651099107936	0.0103425207097791	0.00178434295523332	
2.15487518962902e-06	8.61950075851607e-06	6.46462556888705e-06	2.37036270859192e-05	0.000106666321886636	0.000258585022755482	0.000853330575093091	0.00232187801682527	0.005866647703765	0.0127385446834919	0.0261429458005792	0.0481916287408633	0.0796711229485588	0.115258886705282	0.148675613708454	0.165964177354848	0.156619561095021	0.120198938077507	0.0730265653013377	0.0327918131981796	0.00977343642256241	0.00149871569438698	
1.08022857636676e-06	5.4011428818338e-06	4.42893716310371e-05	0.000131787886316745	0.00031650697287546	0.000953841832931848	0.00253853715446188	0.00650297602972789	0.0140310889784278	0.0282177308718525	0.0504596372592441	0.0822172771758504	0.11807114385404	0.150628152917157	0.165972799844447	0.151627364350297	0.116758666133754	0.0704049776932799	0.0309118209413112	0.0089172868979076	0.00128763246302918	
1.08306220676091e-06	3.24918662028272e-06	5.52361725448063e-05	0.000129967464811309	0.000353078279404056	0.00112313550841106	0.00296109207328432	0.00690885381692783	0.0148043773042148	0.0302954160475161	0.0530126458343261	0.0849434858140512	0.121104766773384	0.151886477751736	0.163339860588233	0.149940214966187	0.113056531514944	0.067128195575041	0.0293661486741152	0.0084056457866714	0.00118053780536939	
2.16609626131785e-06	5.41524065329463e-06	4.22388770956981e-05	0.000170038556513451	0.000411558289650392	0.00125850192782567	0.00317333102283065	0.00738747129922454	0.0159294719057315	0.0319055148810813	0.0558062210284625	0.0873716587965169	0.123472902135771	0.151769700645497	0.162366243555864	0.1469761296192	0.110268379326777	0.0645875752718451	0.0279393926266083	0.00799722739678551	0.00115886149980505	
1.08359384735413e-06	1.6253907710312e-05	5.85140677571233e-05	0.000200464861760515	0.000523375828272047	0.00129056027219877	0.00349784093925915	0.00814645854440839	0.0170330116865596	0.0330160209350331	0.0578053973809537	0.0901658440383376	0.125052147953904	0.153558251296249	0.162066630185674	0.144255598116714	0.106724241619756	0.0616846633544815	0.0263302468968581	0.00755373270990567	0.00101966181036024	
8.68783312410135e-06	2.82354576533294e-05	9.33942060840895e-05	0.000222625723805097	0.000551677403380436	0.00154209037952799	0.0041060871302784	0.00842068225553524	0.0182162141029595	0.0344059911297224	0.0601838779880716	0.0929522125739009	0.127728522590538	0.15440234223981	0.160476223572698	0.141912496144774	0.102669553923208	0.0590066765997559	0.0250372490845196	0.00709578770410978	0.000939371956543459	
1.41182347862445e-05	3.36665598748907e-05	9.55695893222704e-05	0.000248698135849999	0.000666815089134932	0.0018951015155382	0.00443746979512269	0.00943098083721132	0.0196037120097307	0.0362621430394387	0.0627816180583083	0.0958649862347211	0.129105827029904	0.15475865963651	0.159911815333489	0.139105881330807	0.0985203003925955	0.056389315754321	0.0236925700074392	0.00636840990665675	0.000812341509239299	
7.60395144768373e-06	2.17255755648107e-05	7.92983508115589e-05	0.00026613830066893	0.000801673738341513	0.00206718851499173	0.00469489687955558	0.010206675400348	0.0205925867991058	0.0382989308844265	0.0651636913490931	0.0988741806742315	0.131347398470954	0.156009185573349	0.158519575829863	0.134960361687382	0.095773941041133	0.0536089439849485	0.0220547180346175	0.00588980353562017	0.000761481423546613	
3.26708056947392e-06	4.79171816856175e-05	0.000124149061640009	0.000337598325512305	0.000937652123439016	0.00217805371298262	0.00491586723020176	0.0111549020910405	0.0220800195153613	0.0404562586917956	0.0683538596745334	0.101838168431072	0.133893673951893	0.155854989539897	0.155698169672562	0.131429206175653	0.0919694070575474	0.0515153264194648	0.0208973363492117	0.00554968086067971	0.000764496853256898	
4.37722486132404e-06	4.81494734745645e-05	0.000138976889347038	0.000344706457829269	0.000982686981367248	0.00242498257317352	0.00541681576588851	0.0118469590871735	0.0233251369797805	0.0421876932134411	0.0709000996912962	0.104402284473655	0.136099958306933	0.15552827085392	0.153716099761332	0.128825010587413	0.0896565082220697	0.0490555590208586	0.019184282260968	0.0051519936617784	0.000759448513439722	
1.09614748006656e-05	4.7134341642862e-05	0.000124960812727588	0.000441747434466823	0.00109066674266623	0.00263623468956007	0.00568133238918497	0.012796425682297	0.0251774114696488	0.0454956011601625	0.0732621129777285	0.106307671059295	0.137938102744096	0.155439193410838	0.1515204661696	0.126164382660701	0.0859598853868195	0.046360461521935	0.0181522022699022	0.00473206867144733	0.000660976930480135	
4.38629196036547e-06	5.48286495045683e-06	5.48286495045683e-05	0.000155713364592974	0.000451788071917643	0.00118758854826895	0.00280174398968344	0.00655202361579591	0.0139045455143585	0.0269811784211981	0.0469585451546826	0.0759793493374506	0.108452165293026	0.138414925674283	0.155356978371194	0.149687696012422	0.123335950487536	0.0832660768566077	0.0441809257707812	0.0171284701052271	0.00451568757319625	0.000623950031361988	
1.09211319534847e-06	8.73690556278777e-06	6.55267917209083e-06	5.5697772962772e-05	0.000158356413325528	0.000541688144892842	0.00131162794761351	0.00309832513520361	0.00702119573289532	0.0150165564360415	0.0278587155001442	0.0493864508068532	0.0782772132766017	0.110550250312344	0.139278287915986	0.154586438575185	0.148685750980718	0.121196169740601	0.0798738827682012	0.0421424639821068	0.0162670260447155	0.00417405663262186	0.000503464183055645	
4.36278760313903e-06	5.45348450392378e-06	9.81627210706281e-06	1.85418473133409e-05	5.99883295431616e-05	0.000186509170034193	0.000560618207003365	0.00149861754167826	0.00336589063582176	0.00771668057305215	0.0158816375723268	0.0300508810104216	0.0513292868478314	0.0804519847956852	0.112521745769459	0.140043300666961	0.154911680818459	0.146965953896242	0.117411339975677	0.0772027987282474	0.0397559020336044	0.0157431190659272	0.00387633678538902	0.000427553185107624	
2.1794445685517e-06	6.53833370565511e-06	1.63458342641378e-05	2.28841679697929e-05	5.23066696452409e-05	0.000172176120915585	0.000624410868890063	0.00151253453057488	0.00377915688186866	0.0086327799360333	0.0169582581879008	0.0314363084567898	0.0539205483482534	0.0832907433540562	0.115239221284456	0.14170203723581	0.154339546566558	0.14479575880087	0.113796428980074	0.0730549819378531	0.0379637449396021	0.0146687516686372	0.00360153214953169	0.000410825301171996	
5.42836887286434e-06	7.59971642201008e-06	2.27991492660302e-05	1.73707803931659e-05	4.55982985320605e-05	0.000207363690943418	0.000711116322345229	0.0016447957684779	0.00415595920906494	0.00891881005811612	0.0182132632422344	0.0338860498519684	0.0562813284738575	0.0865119147268391	0.117764120001694	0.143547786474025	0.153369877112585	0.140985596366033	0.109749676197797	0.070397258890854	0.0363993846401046	0.0134894966490679	0.00327656345166092	0.000390842558846233	
5.40968051508814e-06	4.32774441207051e-06	1.29832332362115e-05	1.7310977648282e-05	1.94748498543173e-05	6.49161661810577e-05	0.000247763367591037	0.000711913955785599	0.0018782410748386	0.00442728253354813	0.00964978810281422	0.0194185891769604	0.0359960141473965	0.0592576403622755	0.0888615760130438	0.120842525282142	0.144477419452562	0.151663639048805	0.137717482680908	0.106805486281591	0.0681176151098868	0.0341188550086609	0.0123892503156549	0.00294827588072304	0.000346219552965641	
1.07788239225218e-06	1.07788239225218e-06	1.07788239225218e-05	1.07788239225218e-06	8.62305913801745e-06	4.63489428668438e-05	5.82056491816178e-05	0.000238212008687732	0.000841826148348954	0.00209540337053824	0.00496472629871355	0.010484562029437	0.0207707936986995	0.0382723701016982	0.0610221558725727	0.0921902031269368	0.121646573142404	0.145307169534732	0.150289141951722	0.135102856927281	0.103306404238234	0.0662832998291556	0.0319204091641561	0.0119580272596457	0.00284129798597675	0.000337377188774933	
2.15081978496104e-06	2.15081978496104e-06	3.22622967744156e-06	1.07540989248052e-05	2.25836077420909e-05	9.78623002157272e-05	0.000359186904088493	0.00089043939097387	0.00235084602496241	0.00533188224691841	0.0111831874719049	0.0225986634805856	0.0402375365370511	0.0639944164718382	0.0933971983421481	0.124325986849888	0.145208296142075	0.148581856974786	0.133164780756185	0.100630405278972	0.062653380335915	0.030665313084082	0.0112552399347011	0.00270465587958851	0.000328000017206558	
2.1495021752962e-06	0	1.0747510876481e-06	8.59800870118481e-06	4.08405413306278e-05	0.000133269134868364	0.000393358898079205	0.0011016198648393	0.00257080460165426	0.00573487180369027	0.012351039499252	0.023773494058776	0.0418637043660688	0.0666420906917958	0.0959247588258559	0.127237631764483	0.144867848606263	0.147520334290578	0.13022758929032	0.097311187728922	0.0598088232765292	0.0291096332089488	0.0104412068165013	0.00266000894192905	0.000274061527350266	
1.0768957403389e-06	0	0	1.0768957403389e-06	1.0768957403389e-05	4.41527253538949e-05	0.000180918484376935	0.000482449291671827	0.00111243329977008	0.00281608236098622	0.00614261330289308	0.0130142850219956	0.025027057005476	0.0439890372013634	0.0692831643504434	0.0991756363107706	0.128041826630555	0.145419693192404	0.145706147459334	0.127405381248014	0.0944965243189981	0.0574868484107711	0.0272174629413253	0.0102369709076616	0.00242301541576252	0.000285377371189808	
7.54400580241818e-06	1.9398872063361e-05	4.52640348145091e-05	0.000236019610104226	0.000500059813188862	0.00146353712566913	0.00312645154754502	0.00674541890247648	0.0135802881594674	0.0268124743369088	0.0454062932096404	0.0710041826123599	0.102258998651778	0.129061773552656	0.14523612199304	0.144589492924261	0.125360899849012	0.0915281892553959	0.0547425392476902	0.0265182581106145	0.00935780034034243	0.00220716055476463	0.000191833290404348	
