# <P(N_1)> as a function of N_tot.
# number_of_species: 2
# species_total_upper_bound: 100
# species_total_lower_bound: 0
# volume: 512
# Bin widths for each species index 
1	1	1	1	1	1	1	1	1	1	1	1	1	1	1	1	1	1	1	1	1	1	1	1	1	1	1	1	1	1	1	1	1	1	1	1	1	1	1	1	1	1	1	1	1	1	1	1	1	1	1	1	1	1	1	1	1	1	1	1	1	1	1	1	1	1	1	1	1	1	1	1	1	1	1	1	1	1	1	1	1	1	1	1	1	1	1	1	1	1	1	1	1	1	1	1	1	1	1	1	1	
# Bin lower bound for each species index 
0	0	0	0	0	0	0	0	2	3	4	5	6	6	7	8	8	9	10	11	12	12	13	13	14	14	15	16	16	17	18	20	21	22	23	23	25	25	26	27	27	27	28	30	31	31	32	32	35	35	36	36	37	38	39	40	40	41	41	42	43	45	45	47	48	48	49	50	50	51	52	53	53	51	52	52	53	54	57	58	60	61	62	63	64	65	66	68	68	69	69	69	69	70	71	71	71	73	74	74	78	
# Bin upper bound for each species index 
0	1	2	3	4	5	6	7	8	9	10	11	12	13	14	15	16	17	18	19	20	21	22	23	24	25	26	27	28	29	30	31	32	33	34	35	36	37	38	39	40	41	42	43	44	45	46	47	48	49	50	51	52	53	54	55	56	57	58	59	60	61	62	63	64	65	66	67	68	69	70	71	72	73	74	75	76	77	78	79	80	81	82	83	84	85	86	87	88	89	90	91	92	93	94	95	96	97	98	99	100	
# Normalized histogram for each species index 
1	
0.0797642537241064	0.920235746275894	
0.00605357423128349	0.147175164253118	0.846771261515599	
0.00052855071394237	0.0176695500936432	0.202183612534431	0.779618286657984	
2.5718994268621e-05	0.0019328813384956	0.03229514326469	0.246478970765417	0.719267285637129	
5.9428299756344e-06	0.000164418295992552	0.00409064796656168	0.0499792000950853	0.284348566787504	0.661411224024881	
9.89679620913118e-06	1.18761554509574e-05	0.000435459033201772	0.00768585193601127	0.0674288519320526	0.313277145922322	0.611150918224752	
1.3842636903679e-05	3.95503911533685e-06	5.73480671723843e-05	0.00102831016998758	0.0129211127898055	0.0859093821437894	0.337932384651284	0.562133664501942	
1.57090372127455e-05	0.000113890519792405	0.00204610209696011	0.0183206646493645	0.105882838073208	0.354639369596337	0.518981426027126	
1.17479822840427e-05	0.000240833636822876	0.00320132517240164	0.0256810892729174	0.125981446019979	0.369215587222894	0.4756679706927	
3.51564559948593e-05	0.000462893337265648	0.00516995216768848	0.0335568372470932	0.147084846200271	0.376810801625791	0.436879512965896	
9.02645733134751e-05	0.000857513446478014	0.00750765777168165	0.0428815591438994	0.164852544970399	0.381564049582723	0.402246410511506	
0.000100684059344369	0.00135232511080182	0.0104514001993939	0.0519174390713376	0.181920301657339	0.383306188121255	0.370951661780529	
3.95182722611367e-06	0.000173880397949002	0.00206878155287051	0.0136357798437052	0.0621701459212203	0.197073671939063	0.383710568173959	0.341163220344007	
1.19132240758316e-05	0.000307758288625651	0.00284328947943182	0.0168194868577283	0.0731789644231418	0.213026316311984	0.379394490530972	0.314417780884041	
6.75838188435613e-05	0.000461160175638419	0.00400135962741438	0.0212710131013221	0.0847759497017367	0.227471232152406	0.37380411426436	0.288147587158279	
1.59113420023628e-05	0.00011137939401654	0.000745844156360758	0.00555504727657492	0.0264784620096821	0.0967807377293719	0.239276749949283	0.366651020513698	0.264384847629011	
3.37044123040931e-05	0.000107061074377708	0.00106069768133469	0.00728808350763801	0.0324196794115606	0.107215718151809	0.24855219723029	0.359398078848499	0.243924779682187	
9.93721666510984e-06	0.000172907569972911	0.00145480851977208	0.00933104644853814	0.0381132007973623	0.118733839601398	0.258053617246238	0.350284900001789	0.223845742598264	
5.38121954379217e-05	0.000259095755812215	0.00202891907243719	0.011677246410029	0.045638720864184	0.129753161466482	0.264068401279534	0.339622716718652	0.206897926237431	
9.5987905523904e-05	0.000467941039429032	0.00307561247282842	0.0143681896081094	0.0518014730144002	0.13968439976563	0.269532038963091	0.32963846555334	0.191335891677649	
3.99493442315144e-06	0.000117850565482968	0.000769024876456653	0.00410080018536496	0.0169205447492579	0.0582741084305101	0.15026746085963	0.275488680353312	0.31944893874567	0.174608596299892	
1.80427251732102e-05	0.000174413010007698	0.00105048755452912	0.00527849948678471	0.02029606107262	0.0659561842442905	0.160973184500898	0.279866724403387	0.305148591865538	0.161237811136772	
6.01383181317029e-06	3.60829908790217e-05	0.000254585546757542	0.001377167485216	0.0064989475794327	0.0242096822692192	0.0735651999599078	0.170345795329257	0.280569309411647	0.293645384384083	0.149491831211787	
4.00697213150883e-06	4.40766934465971e-05	0.000338589145112496	0.00159677839440627	0.00813816039909442	0.0281008955582714	0.0807665337687576	0.17758499789634	0.281277422715525	0.283984132390359	0.138164406066556	
3.99260569425424e-06	7.98521138850848e-06	7.18669024965763e-05	0.000337375181164483	0.00211009210941337	0.00935667144448481	0.0323700506661663	0.0874779907611104	0.187536682064816	0.282696446181672	0.271557076294702	0.126473770576892	
1.19511913345895e-05	9.95932611215795e-06	6.7723417562674e-05	0.000493982575163034	0.00277666012006964	0.0109950960278224	0.0365069057967262	0.0967349345273901	0.195718684890906	0.281032264232873	0.259806948422642	0.115844889471399	
3.96400681809173e-06	1.58560272723669e-05	0.000120902207951798	0.000646133111348952	0.00355967812264637	0.0136005073928727	0.0416874777024616	0.104707258096484	0.201280374202244	0.279664645023189	0.24790105838982	0.106812145716891	
1.98610520796508e-06	5.95831562389523e-06	1.58888416637206e-05	0.000176763363508892	0.000935455552951551	0.00456804197831968	0.0157974808241542	0.0463715843955686	0.112626068028076	0.205893568594116	0.27808452069323	0.237373336140362	0.0981493471672181	
9.89513139744983e-06	5.9370788384699e-06	4.15595518692893e-05	0.000237483153538796	0.00128834610794797	0.00531566458671005	0.01765489343933	0.052367014381584	0.119291746075096	0.211601447855626	0.274855085800684	0.227742386191146	0.0895885406462312	
9.81920872888379e-06	1.96384174577676e-06	6.4806777610633e-05	0.000341708463765156	0.00160249486455383	0.00601328342556843	0.0207538795693688	0.0568924953751527	0.126850429884958	0.216054013503376	0.271163340573363	0.216776707265822	0.0834750572459869	
3.91821893440118e-06	8.03234881552242e-05	0.00039965833130892	0.00176123941101333	0.00726437790437979	0.0236425330501767	0.0623525770125932	0.133961946257709	0.219667108119333	0.266789568133909	0.207448142372403	0.0766286077000839	
1.96121885829605e-06	8.43324109067303e-05	0.000505994465440382	0.00239857066369607	0.00913339622308472	0.0263980058326649	0.0686053968820543	0.139783912906193	0.22540876704054	0.264425255007482	0.193413442586299	0.0698409647627808	
2.9384512011409e-05	0.000117538048045636	0.000664089971457844	0.00311671724067678	0.0100945593596527	0.0293433736945931	0.0738354428148012	0.146513135856353	0.230125785301084	0.258311409222427	0.183921578614344	0.063926985364554	
4.9089199001722e-05	0.000274899514409643	0.000883605582030997	0.00342053538643999	0.0114652733188422	0.0334729430152942	0.0798013654651594	0.155208265835685	0.231795270550211	0.25000147267597	0.174867508251894	0.0587597712050613	
1.37004264747041e-05	5.87161134630177e-05	0.000303366586225591	0.00111560615579734	0.00419233050125946	0.0132854992728988	0.0372005722863859	0.0850248467020138	0.161627845529649	0.234067871912756	0.24403199636743	0.165563782335453	0.0535138658101943	
8.59831785636119e-05	0.000392786792983773	0.00141285995685208	0.00489322452552919	0.0152112059531626	0.0404707188193728	0.0900458837507426	0.168484038395398	0.233205921896007	0.238284791920708	0.157456695744614	0.0500558890660663	
7.80856521518454e-06	0.000107367771708787	0.000386523978151635	0.00166322439083431	0.00558702841146454	0.0169153043973935	0.0450729905633489	0.0981263347766165	0.172100777342667	0.233720117596992	0.23174455059755	0.14816947709943	0.0463984945086265	
5.86278732543551e-06	0.000107484434299651	0.000498336922662018	0.00194644539204459	0.00633376457391216	0.0187706907536027	0.0498415093159691	0.104373248492287	0.176839254097111	0.234445048094399	0.224302426021395	0.139045772734912	0.0434901563800806	
3.34139198459029e-05	0.000143483302867701	0.000516932995263085	0.00225249130255322	0.0069284745562828	0.0208522515085402	0.053436719932386	0.110887041295674	0.181563378343849	0.233201643178647	0.217204237671246	0.132610020244904	0.0403699117479411	
9.88744136747269e-06	6.52571130253198e-05	0.000158199061879563	0.000664436059894165	0.0024975676894236	0.00833906804932647	0.0236566922158152	0.0582904218377985	0.116731132784383	0.184778481763603	0.231617269009595	0.211278802116703	0.124583738718429	0.0373290461387564	
3.96686084450501e-06	1.38840129557675e-05	0.00010313838195713	0.000249912233203815	0.000837007638190556	0.00296522848126749	0.00973070965157078	0.0267981284350536	0.0619405486565234	0.122068241907108	0.188175977880784	0.229201252734655	0.204807041971371	0.118962189865861	0.0341427712886546	
3.96164336890229e-06	5.34821854801809e-05	7.32904023246923e-05	0.000314950647827732	0.000956736873589903	0.0033733393286203	0.011029215139024	0.0296489389728647	0.0677639098250736	0.125940642697404	0.192254591049459	0.227929189586424	0.19813366980891	0.112514633320194	0.0300094485194348	
6.16079271516072e-05	0.000103342329415599	0.00032592580815689	0.00118644943579063	0.00389123617299506	0.0127766891502478	0.0334630412057665	0.0721905791542623	0.130749907588109	0.195406433457477	0.224411843030951	0.190809687150971	0.10669499306414	0.0279282645245657	
5.97383460443259e-05	0.000107529022879787	0.000424142256914714	0.00155319699715247	0.00495629144347757	0.0147175371871204	0.035890798303431	0.0757083972201756	0.136852585674745	0.196610844501085	0.223090862024333	0.184653218901213	0.0998108285708596	0.0255640295505685	
7.95506976596185e-06	5.76742558032234e-05	0.000145180023228804	0.000447472674335354	0.0018137559066393	0.00576344804543936	0.0161468028574611	0.0387093694811703	0.0810661384500342	0.14261252446184	0.19838750735844	0.221463175982053	0.177571078548359	0.0925592254944076	0.0232486913910235	
7.95423135279601e-06	3.57940410875821e-05	0.000143176164350328	0.000606510140650696	0.00202634043712478	0.00625799151681226	0.0181177504638311	0.0428295587191301	0.0862954559464839	0.147421735334883	0.199901765242793	0.217325509021093	0.170902626288337	0.0867349272287259	0.0213929052233449	
1.98917886696372e-06	1.98917886696372e-06	2.7848504137492e-05	0.000250636537237428	0.000712126034373011	0.00240889560789306	0.0074832908975175	0.0201006524506684	0.0469386537237428	0.0925127307447486	0.149498726925525	0.201722628898791	0.212649188415022	0.16375119350732	0.082017823042648	0.0199216263526416	
4.18484250046332e-05	0.000253083332170877	0.00085888910366652	0.00271815484315808	0.00847928801879592	0.0222852827060387	0.0503914820520076	0.0958169510034654	0.154352933674232	0.201765206422338	0.208656247073101	0.157762583921038	0.0772362503014083	0.0193817991235744	
3.97574793758076e-06	6.16240930325017e-05	0.000272338733724282	0.000956167378988172	0.00322631945134678	0.00956366166385051	0.024295795646556	0.0534082099194911	0.100644071165888	0.157465460689792	0.203780936288639	0.204832521618129	0.150503926051088	0.0731875559089554	0.0177974356425803	
1.59218555330438e-05	8.15995096068496e-05	0.000354261285610225	0.00115433452614568	0.00391677646112878	0.0107452622528629	0.0264382411126193	0.0568012196141338	0.104198593304064	0.162195942315117	0.205282473619476	0.199108774136538	0.144216186954428	0.0686829043056678	0.0168075087470694	
3.96664842008393e-06	7.93329684016787e-06	0.000122966101022602	0.000412531435688729	0.00139824356807959	0.00450016263258522	0.0117095461360878	0.0285221854646135	0.0594382432507477	0.109892027830005	0.16541320576592	0.203149915510389	0.195543867164878	0.140161521923666	0.0645314198221355	0.0151922634489215	
1.1915306004917e-05	2.97882650122926e-05	0.000172771937071297	0.000428951016177014	0.00176147940439357	0.00534997239620776	0.013122723680082	0.0303204820138456	0.0641897393328223	0.114003661970712	0.167356430492062	0.201352784408425	0.192489782625101	0.135558450533607	0.0600134245780989	0.013837642040377	
1.19294729558848e-05	5.36826283014816e-05	0.000135200693500028	0.000650156276095722	0.00192064514589745	0.00574404122825854	0.0145062391143559	0.0338439147758452	0.0679602191841831	0.118087864544811	0.169432316146939	0.201796976276255	0.188348483763987	0.128778660558777	0.0562156530591145	0.0125140171307232	
2.37598355819378e-05	3.56397533729067e-05	0.000174238794267544	0.000716755040055123	0.00223342454470215	0.00565880084109818	0.0163725067022536	0.0363367085499768	0.0732476131265172	0.120721744605527	0.170660959026164	0.201188387776357	0.184706981827686	0.122576991767217	0.0540536259489084	0.0112918618603159	
2.37331914615888e-05	5.33996807885748e-05	0.000227443084840226	0.000842528296886403	0.0023990301035756	0.00671847094958477	0.0172184304053827	0.0394326976134298	0.0768203852292527	0.124379723152322	0.174377646498069	0.200149914659399	0.178665443088796	0.118090427415001	0.0504429206856519	0.01015780594556	
3.95567273137224e-06	2.57118727539196e-05	6.32907637019559e-05	0.000272941418464685	0.000852447473610718	0.00281446114837135	0.00786981089906508	0.018607484528375	0.0427390660261114	0.0804386049924546	0.128442671424022	0.177358520420172	0.199425240752132	0.17254051103336	0.112382640134651	0.0469281234486346	0.0092345179913885	
1.38487440178372e-05	2.57190960331262e-05	9.10060321172158e-05	0.000304672368392418	0.000953584945228217	0.00320697343613058	0.0085308263149877	0.0209096250749316	0.0445850421694255	0.083088507323018	0.133761061684284	0.180536183800531	0.196179329364679	0.16707322622319	0.107426685738366	0.0442348667849745	0.00907884089969355	
1.37998742240035e-05	2.7599748448007e-05	2.36569272411489e-05	0.000104484761981741	0.000394282120685814	0.00108821865309285	0.00358599588763748	0.00912565968327317	0.0227934493968469	0.0479959625510842	0.0887529053663768	0.138182083426154	0.180667953340654	0.192482617087004	0.163331368494099	0.101975156283576	0.0413306233008905	0.0081241830967312	
5.90550018602326e-06	3.1496000992124e-05	7.87400024803101e-06	0.000127952504030504	0.000470471514819853	0.00148818604687786	0.00405117312761195	0.0101161218186578	0.0247046757781973	0.0522243066450657	0.0921021809012187	0.142080428975534	0.18092287219907	0.189643327473765	0.157972129976122	0.0971809110611987	0.0391239387324041	0.0077460477440005	
3.91376412135017e-06	1.36981744247256e-05	1.36981744247256e-05	0.000131111098065231	0.000544013212867674	0.00166922039775585	0.00437167452354814	0.0112246755000323	0.0275802957631547	0.054385666230282	0.0965486471095874	0.14386214157259	0.180622171082371	0.186371490576634	0.154388210176961	0.0935624450849972	0.0379654688591573	0.00674145869902567	
1.94585086220652e-05	1.16751051732391e-05	0.000149830516389902	0.000620726425043879	0.00183493736306075	0.00532773966072144	0.0131558976793783	0.0299291321115984	0.058465035005857	0.10059465202349	0.145687799904264	0.179279023338535	0.18567698097347	0.148378911646696	0.0889876516304284	0.0354436734550917	0.00643687465217916	
1.95309829748421e-06	1.95309829748421e-06	3.90619659496843e-05	0.000216793911020748	0.00070897468198677	0.00216793911020748	0.00579679574693315	0.0148708904370448	0.0321909661391348	0.0618819664574898	0.104936065327232	0.146720650303609	0.179573716765591	0.181737749679204	0.145667930321265	0.0847957156835746	0.0326851000083983	0.00600577726476396	
2.34417579755698e-05	8.20461529144942e-05	0.000267626736887755	0.00081460108965105	0.00231096664042492	0.00654611091467786	0.0162959287526836	0.0343519428333662	0.0657482706819793	0.106318139818365	0.149210696474164	0.181177440433516	0.179448610782818	0.141744496558945	0.0801239287604975	0.0301285194381011	0.00540723217303143	
1.95370118921791e-05	0.000195370118921791	0.000296962580761123	0.000879165535148061	0.00277425568868944	0.00745532373805556	0.0174074775959316	0.036794054496541	0.0675160056969927	0.109563562691341	0.153033414151439	0.181852460393593	0.176251199084105	0.135116020545122	0.0774329929334628	0.0283325746460382	0.00507962309196658	
3.89822513809463e-06	4.67787016571355e-05	0.000144234330109501	0.000321603573892807	0.00109929948894268	0.00306985229624952	0.00853126571472009	0.0186880913120256	0.0385027696889606	0.0708034631832127	0.113863258058606	0.15579646586909	0.181238232232864	0.172005285993287	0.131520268821606	0.0732125663185552	0.0265664043161149	0.00458626187496833	
7.78460011482285e-06	1.16769001722343e-05	0.000120661301779754	0.000432045306372668	0.00123385911819942	0.00372493115494273	0.00939601233859118	0.0202185526482237	0.0412389191082741	0.0746932381017253	0.115702511506612	0.156842176963422	0.180485953662168	0.171529771230064	0.126657390018197	0.0686893652631681	0.0248834742670312	0.00413167651094223	
5.85464097390001e-06	2.34185638956e-05	0.0001131897254954	0.000483983653842401	0.0012724086383276	0.00418801984332981	0.00980847517827382	0.022130542881342	0.0443371960953448	0.078653198390364	0.119145846912848	0.158719316802429	0.180762040069163	0.167671062851522	0.121616505403834	0.0644361785587435	0.0227121038847494	0.00392065790552171	
3.90434358223524e-06	5.85651537335285e-06	2.73304050756467e-05	0.000113225963884822	0.000501708150317228	0.00172376769155686	0.00457979502196193	0.0107310883357735	0.0241737432894095	0.0464324060517326	0.0813801854563202	0.122598340653978	0.162221571498292	0.179884821864324	0.164212786725232	0.115908247925817	0.0605758906783797	0.0211244509516837	0.003800878477306	
1.3671875e-05	3.90625e-06	1.953125e-05	0.000123046875	0.00072265625	0.001880859375	0.004916015625	0.011896484375	0.02585546875	0.049134765625	0.08445703125	0.124919921875	0.1637265625	0.179548828125	0.15906640625	0.112462890625	0.058	0.019935546875	0.00331640625	
1.36551261343508e-05	1.95073230490726e-06	3.7063913793238e-05	0.000177516639746561	0.000706165094376429	0.00203071232940846	0.00545619825682561	0.0130855123013179	0.0271034746443815	0.0516631943631639	0.0875917819549459	0.129117020529507	0.164440881106767	0.177473723635853	0.155539689599476	0.10812128873179	0.0551491529920332	0.0191971566125924	0.00309386143558292	
1.94615760373507e-06	5.8384728112052e-06	9.34155649792832e-05	0.000216023494014592	0.000871878606473309	0.00219915809222062	0.00619851196789618	0.0141427273063427	0.0291125715942728	0.0553915377175074	0.0911366144253094	0.131418184507418	0.165635527496288	0.175265115319569	0.15150058482036	0.103525853730687	0.0532819028750586	0.0170872637607939	0.00291534409039513	
3.89875707624409e-06	0	2.33925424574646e-05	0.000130608362054177	0.000226127910422157	0.00101367683982346	0.00267259797576533	0.00702750962992998	0.0150043666079254	0.0312329429377914	0.0584969511719664	0.0945136690423093	0.133852127941612	0.166457433370242	0.172681799042465	0.147445144487937	0.0998218268016157	0.0499196856042294	0.0168640737332938	0.00261216724108354	
3.91805774041692e-06	0	1.95902887020846e-06	5.87708661062538e-06	1.56722309616677e-05	2.546737531271e-05	9.59924146402145e-05	0.000376133543080024	0.00113819577359112	0.00304041280656353	0.00754226115030257	0.016126725659556	0.0343594073545862	0.0606005990710285	0.0973010459255138	0.136567820599972	0.166758414518755	0.169577457062985	0.144307943666166	0.0950305314649422	0.0485702027790784	0.0162246771030665	0.00232928532667786	
3.91234776076776e-06	1.95617388038388e-06	3.91234776076776e-06	1.36932171626872e-05	9.7808694019194e-06	2.73864343253743e-05	0.000148669214909175	0.000436226775325605	0.0014201822371587	0.00344482220335601	0.00814159569015771	0.0174608080563065	0.0359583882692165	0.0633428664207104	0.100058293981635	0.139260018544528	0.168191830235406	0.167843631284698	0.14013247209518	0.0916193598616594	0.0460209467099112	0.0144091768029077	0.00205007022664231	
1.95352944164221e-06	3.90705888328443e-06	5.86058832492664e-06	9.76764720821107e-06	1.56282355331377e-05	1.95352944164221e-05	6.25129421325509e-05	0.000187538826397653	0.000406334123861581	0.00136161002082462	0.00368044946805393	0.00861701836708381	0.0195352944164221	0.0372479458637921	0.0668185210219303	0.103982465119732	0.142888957479478	0.166259030189844	0.167296354323356	0.135299495598698	0.0886042813551243	0.0426963394765323	0.0129558072569712	0.00204339179595776	
3.89179259858884e-06	3.89179259858884e-06	9.72948149647209e-06	5.83768889788325e-06	2.52966518908274e-05	2.72425481901219e-05	9.34030223661321e-05	0.000165401185440026	0.000521500208210904	0.00154893345423836	0.00435297002152161	0.00995520546719024	0.0208016314394573	0.0406575572774576	0.0700094570560146	0.106271234593366	0.14473187494892	0.166142571930057	0.16378998330421	0.132852178041728	0.0852886347980743	0.0389179259858884	0.011936127899872	0.00188751941031559	
1.936738377633e-06	3.87347675526599e-06	2.51775989092289e-05	1.936738377633e-05	1.936738377633e-05	3.87347675526599e-05	9.49001805040168e-05	0.000180116669119869	0.000532603053849074	0.00177598909228946	0.0047605029322219	0.0107605184261289	0.0226908268323482	0.0432028229898592	0.0724863072596701	0.110585824624466	0.144941626705298	0.166855821448215	0.162544641819604	0.128899622723364	0.0806302921376169	0.0362092607082265	0.0110219781071094	0.00171788694096047	
1.93752639879718e-05	1.16251583927831e-05	1.16251583927831e-05	4.84381599699296e-05	6.58758975591042e-05	0.00022669058865927	0.00056382018204998	0.00214096667067089	0.00541151123184053	0.0120649768853101	0.0242868934089227	0.0456248716388761	0.0759684725704388	0.113180604585737	0.146934251979183	0.165982074005758	0.160667439093858	0.124439570489148	0.0757902201417494	0.0345964713769225	0.0102146391744588	0.00174958633811386	
3.88206292824007e-06	1.55282517129603e-05	9.70515732060017e-06	2.91154719618005e-05	0.000106756730526602	0.000242628933015004	0.000791940837360974	0.0024224072672218	0.00615112870979639	0.0129117412993265	0.0261573400104816	0.0481492264989615	0.0799374987868553	0.114971175682758	0.148312273141948	0.1664376249539	0.156142394068208	0.120048913992896	0.0732176478580718	0.0328131369009492	0.00962169296764301	0.00150624041615715	
1.94670316086192e-06	9.73351580430961e-06	6.61879074693054e-05	0.000132375814938611	0.000321206021542217	0.000971404877270099	0.00265530311141566	0.0067842605156038	0.0143199484513003	0.0283654117569191	0.0501821140806986	0.0825265870984195	0.117736607168929	0.15130166306851	0.166047939512039	0.150873388373121	0.116210391890813	0.0703538522335499	0.0309778873987958	0.00888280652301295	0.00127898397668628	
1.95349891190111e-06	5.86049673570332e-06	5.4697969533231e-05	0.000121116932537869	0.000402420775851628	0.00116037835366926	0.00311583076448226	0.00722989947294599	0.014795800758739	0.0303905825724455	0.0522580493922665	0.0849576676785791	0.122490242272935	0.1527362659259	0.163119112642654	0.148995315509609	0.112515676828768	0.0666397083816824	0.0295036940664424	0.0082926028810202	0.00121312282429059	
3.9182880215976e-06	9.79572005399401e-06	3.33054481835796e-05	0.000190036969047484	0.000444725690451328	0.00126560703097603	0.0032639339219908	0.00754270444157539	0.0159729011200426	0.0315285045657851	0.0554966723938977	0.0884769026716847	0.124051039619769	0.15252719781673	0.162266102694411	0.146357853326724	0.109555333083869	0.0641051511773476	0.0280275142184877	0.00771510911452568	0.00116569068642529	
1.96156894130201e-06	2.74619651782282e-05	6.47317750629664e-05	0.000235388272956241	0.000521777338386335	0.00132013589749625	0.00357594017999357	0.00826997465652928	0.0171323431333318	0.0329739739032868	0.0585155630879803	0.0906931400010985	0.126097497822658	0.153945892082323	0.162127596136494	0.142786526375256	0.106201304051032	0.0608243297318928	0.0261398677117906	0.00749907806259759	0.00104551624571397	
1.57288348865558e-05	4.52204002988479e-05	9.63391136801541e-05	0.000241830836380795	0.000548543116668633	0.00155715465376902	0.00425661594117416	0.00879241870158468	0.0184676182611773	0.0341807243128465	0.0603908615469309	0.0933368723211828	0.128685462624356	0.154435531438009	0.159504148480201	0.141276394951044	0.102677834139436	0.0587806220754198	0.0246490503715937	0.00717431481263025	0.000886713066729582	
2.55715738516888e-05	5.50772359882528e-05	9.04840305521296e-05	0.000291122533080765	0.000700267714707786	0.00202802251085317	0.00466582870586199	0.00991390247788551	0.0197825629404949	0.0362329531037006	0.0624831571845304	0.0965641639964042	0.128931875360215	0.154611636639738	0.158836847457694	0.139544078508666	0.0981712390607758	0.0564285953141074	0.0234511002661411	0.00642830025748608	0.000763213127265789	
1.18346930080634e-05	2.36693860161267e-05	8.67877487257981e-05	0.000297839774036262	0.000901409117447493	0.00211052025310463	0.0049547914727092	0.0103573288308901	0.0207817209221593	0.0379479431303552	0.065418238050905	0.0989281713032364	0.131497246461427	0.156006895681126	0.158251542454989	0.134899720701245	0.0956677133795149	0.0533251542454989	0.0219217963486027	0.00589959446451959	0.000710081580483802	
6.13498146641889e-05	0.000136552813284808	0.000405700387295443	0.000945974561596203	0.00211755811905426	0.0050484960389789	0.0113358625289185	0.0222185280398338	0.0407046125165496	0.0690502059176844	0.101975266129559	0.134377863403648	0.15559698317234	0.154848911238692	0.131702219873778	0.0911044747763206	0.0513062562957773	0.020801545223719	0.00548388182046669	0.000777757327839556	
3.9850401592422e-06	5.18055220701487e-05	0.000165379166608552	0.000372601254889146	0.000996260039810551	0.00243286701721737	0.00547743769887841	0.0117140255480925	0.023133158124401	0.0423629694128243	0.0720614811995768	0.10454553605764	0.13630431360672	0.155743339503504	0.154388425849361	0.127612941019413	0.0888644030310215	0.0485059088182961	0.0193493624932005	0.00514867188574093	0.000765127710574503	
3.995636764653e-06	5.39410963228155e-05	0.000129858194851222	0.000449509136023462	0.00112676956763215	0.00260315735217143	0.00570377148154216	0.0126481881785091	0.0251944876195195	0.0456821151302777	0.0741190619843131	0.10717696275667	0.138003300395968	0.155332377044268	0.151378694465644	0.125379086038046	0.0855825438621026	0.0459538184302741	0.0180782585416725	0.00478477502567197	0.000615328061756562	
5.99037945060233e-06	3.99358630040156e-06	5.99037945060233e-05	0.000135781934213653	0.000431307320443368	0.0012719572366779	0.00276156492672768	0.00654548794635815	0.0139575841199034	0.0273380950193988	0.0474178469378179	0.0764312514102352	0.109090800174919	0.138202047511696	0.154897235040525	0.148848948588567	0.123274021920795	0.083152457153811	0.0441331222057376	0.017016671226011	0.00438895134414131	0.000634980221763847	
1.98677601881874e-06	1.58942081505499e-05	5.96032805645623e-06	2.98016402822811e-05	0.000125166889185581	0.000512588212855236	0.00129537796426982	0.00309341026130078	0.00711663169940874	0.0152385720643398	0.0282301004513955	0.0495859558776782	0.0788809682751605	0.110631635831903	0.138712728081887	0.154106268675695	0.147412820268294	0.121199297476	0.0800770074384894	0.042715684404603	0.016430637675631	0.00399540657384449	0.000586098925551529	
7.93458726260707e-06	9.91823407825883e-06	1.58691745252141e-05	1.98364681565177e-05	2.18201149721694e-05	0.000152740804805186	0.000565339342460754	0.00142624206045362	0.00328293547990367	0.00744065920550978	0.0158890109933707	0.0300919221934373	0.0517831001225894	0.0810716453556877	0.112653286307679	0.139734032634957	0.153488639654687	0.147115182435998	0.116688023930715	0.0778224318716501	0.0405219371501343	0.015795779593035	0.00390580058001833	0.000495911703912942	
3.96796266940721e-06	1.19038880082216e-05	2.18237946817396e-05	1.78558320123324e-05	2.57917573511468e-05	0.000180542301458028	0.00058924245640697	0.00152369766505237	0.00371401305856514	0.00852913575789079	0.0170781113291286	0.0313627769389946	0.054232129784123	0.0842180236768332	0.115259395639606	0.140963857812026	0.153508571791357	0.14518378611094	0.113410325035662	0.0734271491973803	0.0381797368050361	0.0145544870713856	0.00357513436513589	0.000428539968295978	
9.85184791111269e-06	9.85184791111269e-06	2.5614804568893e-05	1.77333262400028e-05	3.94073916444507e-05	0.000222651762791147	0.000762533028320122	0.00169451784071138	0.00410625020935177	0.00910310746986812	0.0181845408743318	0.0337484902043076	0.0569160957520802	0.0870548688817561	0.117473434492108	0.142904994689854	0.152894768471722	0.140930684368467	0.10970032649024	0.0706298680443491	0.0369148741229392	0.0130931058738688	0.00318017650570718	0.000382251698951172	
9.80871052729666e-06	7.84696842183733e-06	1.96174210545933e-05	1.96174210545933e-05	1.37321947382153e-05	8.43549105347513e-05	0.000298184800029818	0.000790582068500111	0.0019440864265102	0.0045296625215056	0.00981851923782396	0.0192760779282434	0.0361843331351974	0.0596801183322838	0.0893200798036689	0.120164550927806	0.143642680445943	0.151503381062519	0.138065447640122	0.106196947136935	0.0686001596858074	0.0343049841981673	0.012205959380168	0.00294849838450538	0.000370769257931814	
1.95254533810275e-06	1.95254533810275e-06	1.95254533810275e-05	0	3.9050906762055e-06	4.6861088114466e-05	6.2481450819288e-05	0.00026945125665818	0.000882550492822443	0.00217708805198457	0.00502389915493838	0.0106765179087458	0.0208512316655993	0.038271841172152	0.0612181539855355	0.0924393539417985	0.121588903294334	0.144994064262172	0.150222980677611	0.13510637467002	0.102721457692248	0.066548602758556	0.0317601024695793	0.0119046689264125	0.00287414673768725	0.000331932707477468	
3.90490006384512e-06	3.90490006384512e-06	5.85735009576767e-06	0	2.14769503511481e-05	0.000105432301723818	0.000390490006384512	0.000888364764524764	0.00245227724009473	0.00562305609193697	0.0113652116358212	0.0225019866179075	0.0404274303609885	0.0639935022462938	0.0931221042725464	0.124886513841895	0.145461432278294	0.148614639079849	0.132834937921851	0.100324692440309	0.0622167727172442	0.0305246037990773	0.0111387274321182	0.00277052659529811	0.000322154255267222	
3.90216492109823e-06	0	1.95108246054911e-06	1.17064947632947e-05	5.07281439742769e-05	0.000159988761765027	0.000398020821952019	0.0011004105077497	0.00288174879423104	0.00604835562770225	0.0123581563051181	0.023777841946712	0.0416809746047107	0.0671269920551922	0.0949591833549253	0.127766634929059	0.144936160581891	0.147921316746531	0.129715766307147	0.0972458519986889	0.0597616557666193	0.0287160316543618	0.010449997658701	0.00267493405341283	0.000251689637410836	
1.95241953590988e-06	0	0	1.95241953590988e-06	1.5619356287279e-05	4.29532297900173e-05	0.000220623407557816	0.000499819401192928	0.0010874976815018	0.0031043470620967	0.00615012153811611	0.0129289221667952	0.0252311176625633	0.0442066831320714	0.0692210822261488	0.0993039624354481	0.128543397405234	0.145449398166678	0.146568134560754	0.127155227115203	0.0941183361480715	0.057061413356502	0.026494333102297	0.0100627702880795	0.00229799779376592	0.000232337924773275	
1.37135244737435e-05	7.836299699282e-06	5.8772247744615e-05	0.000280147714249331	0.000515236705227791	0.00150848769211178	0.00346756261693228	0.00651196505010334	0.0134608038084417	0.0270430702622222	0.0448079616804945	0.0717119376230544	0.10280833390473	0.129943480688419	0.14543192704405	0.145012685010138	0.124783277336442	0.0912556690730637	0.0542076031697832	0.0256560452154493	0.00918806139740814	0.00218632761609968	0.000139094319662255	
