# <P(N_2)> as a function of N_tot.
# number_of_species: 2
# species_total_upper_bound: 100
# species_total_lower_bound: 0
# volume: 512
# Bin widths for each species index 
1	1	1	1	1	1	1	1	1	1	1	1	1	1	1	1	1	1	1	1	1	1	1	1	1	1	1	1	1	1	1	1	1	1	1	1	1	1	1	1	1	1	1	1	1	1	1	1	1	1	1	1	1	1	1	1	1	1	1	1	1	1	1	1	1	1	1	1	1	1	1	1	1	1	1	1	1	1	1	1	1	1	1	1	1	1	1	1	1	1	1	1	1	1	1	1	1	1	1	1	1	
# Bin lower bound for each species index 
0	0	0	0	0	0	0	0	0	0	0	0	0	0	0	0	0	0	0	0	0	0	0	0	0	0	0	0	0	0	0	0	0	0	0	0	0	0	0	0	0	0	0	0	0	0	0	0	0	0	0	0	0	0	0	0	0	0	0	0	0	0	0	0	0	0	0	0	0	0	0	0	0	0	0	0	0	0	0	0	0	0	0	0	0	0	0	0	0	0	0	0	0	0	0	0	0	0	0	0	0	
# Bin upper bound for each species index 
0	1	2	3	4	5	6	7	6	6	6	6	6	7	7	7	7	8	7	8	8	8	9	9	10	10	10	10	11	11	10	11	10	11	11	12	11	12	12	12	12	12	13	13	13	13	13	13	13	14	14	15	15	14	15	15	16	16	16	16	16	16	17	16	16	16	16	17	18	18	18	18	19	22	22	23	23	23	21	21	19	20	20	20	20	20	20	19	19	20	20	21	22	22	22	23	23	24	24	25	22	
# Normalized histogram for each species index 
1	
0.920495891629766	0.0795041083702335	
0.8468882853094	0.146967997165801	0.00614371752479924	
0.780057051019743	0.201828360643099	0.0175096814750239	0.00060490686213461	
0.719704397238293	0.24624828865433	0.0319745616746897	0.00203447717469711	3.82752579899601e-05	
0.662266488193784	0.284041941127432	0.0493501003909965	0.00416828114175678	0.000164382918266465	8.8062277642749e-06	
0.610813698212001	0.313707016987755	0.067531316404278	0.00751945902158983	0.000399159417227251	1.46749785745313e-05	1.46749785745313e-05	
0.56213579394349	0.338294714879737	0.0858519813691062	0.0126801745544307	0.000969746837302928	4.11407749158818e-05	5.87725355941169e-06	2.05703874579409e-05	
0.517585423280113	0.355430542702855	0.106754208202041	0.0182033290772997	0.0019210720519158	8.78539048132226e-05	1.75707809626445e-05	
0.475703033173693	0.369123847282892	0.126677543287195	0.0252033518703694	0.00302908034080078	0.000254372576881918	8.77146816834202e-06	
0.436396698267408	0.376438962312614	0.148154742446178	0.0336419464811096	0.00484226871526643	0.000499112688553682	2.62690888712464e-05	
0.402256102934696	0.381017008901031	0.165362357157545	0.0429540847801181	0.00744983989894539	0.000857789136629359	0.000102817191034341	
0.371225350818156	0.383150054998325	0.182209005493903	0.0513811843466762	0.0106023724883851	0.00130454247619951	0.000127489378355861	
0.341587971982214	0.383549217018872	0.196859152625552	0.0618592269827343	0.0137768987106465	0.00216825543179216	0.000193328673616585	5.94857457281799e-06	
0.316909799471429	0.377695489227002	0.212381108805041	0.0728263628626461	0.0168754572738268	0.00296238782793066	0.000331476863810789	1.79176683140967e-05	
0.287667153997552	0.374061689539457	0.227320503925942	0.0847628207227782	0.021489207754814	0.00418945757392591	0.000446637268009159	6.25292175212823e-05	
0.264042482812877	0.365073263184244	0.240193580494143	0.0975203459178535	0.0268974375020487	0.00539975146839268	0.000777778771109542	9.53598493314381e-05	
0.244525308156307	0.359157070309706	0.248056886727225	0.107088787163531	0.0325858903750328	0.00742376558662947	0.00103712180816823	0.000119209403237727	5.96047016188637e-06	
0.223221686581144	0.350413999682805	0.258466271070295	0.118714820500391	0.0382579396072165	0.00935726062978224	0.00139446224927359	0.000173559679094138	
0.205532575750749	0.340662839703095	0.263303504645525	0.130149804296172	0.0464672680466565	0.0116130621415977	0.00201561425168443	0.000225292203988573	3.00389605318098e-05	
0.191152947152935	0.328343044791645	0.269297176671938	0.13972404742538	0.0529559219736989	0.014910389496506	0.00311452062084794	0.000459618577057171	4.23332899921079e-05	
0.174636231356857	0.318185400751789	0.275369831453862	0.150412271128895	0.0591487813750455	0.0172517279010549	0.00413483691039166	0.000760882745240694	0.000100036376864314	
0.161625052537964	0.303498876144414	0.280357806380089	0.161725559948102	0.0657592573416095	0.0206375215481796	0.00518679149890051	0.00103248521322799	0.000158375312943527	1.8274074570407e-05	
0.149293318537127	0.293849005524188	0.279989756472324	0.170978500786557	0.0733570723022328	0.0242552101752375	0.00666439032718315	0.00134751167640208	0.000210358157628379	5.48760411204468e-05	
0.139043879274919	0.283987032555591	0.280471211360212	0.177547448366132	0.0807147314430087	0.0280565575392296	0.00821271479232303	0.00161636454956395	0.000289180098321233	5.78360196642467e-05	3.04400103496035e-06	
0.125745176839115	0.27169967096876	0.282459963818705	0.187614584218642	0.0879976445734128	0.032626907713415	0.00933671672959946	0.00209742238626568	0.000367276568362007	4.856549664291e-05	6.07068708036376e-06	
0.114534504467604	0.259014851560248	0.281026714604287	0.196362202096512	0.0973558458107678	0.0373154932568759	0.0110044145087152	0.00278523642652346	0.000521852576647097	7.28166386019205e-05	6.06805321682671e-06	
0.104900183685018	0.246434483155146	0.280744544676009	0.20242875775063	0.105659737878151	0.0418178461948151	0.0136931582626484	0.00348608139636927	0.00066271859878895	0.000160383953131572	1.21044492929489e-05	
0.0971887987843454	0.236050696670572	0.27810520134279	0.206882251624757	0.113453022033739	0.0462378578325872	0.0160765474925611	0.0047433534025312	0.00101708152090012	0.000220973068528894	2.11891983520858e-05	3.02702833601225e-06	
0.0892594645396053	0.227504397908283	0.274089090777647	0.211446008145167	0.120108080102176	0.0521935320625587	0.0182603561703256	0.00548232402342338	0.00136154420801504	0.000253030339542618	3.61471913632311e-05	6.02453189387185e-06	
0.0832007593281856	0.215733972474353	0.271352374243731	0.216214522151549	0.127435207875045	0.0568212683526697	0.0212217900923193	0.0060591046255145	0.00153119244969898	0.000370112794859014	5.96956120740345e-05	
0.0762314226632351	0.206887933471191	0.265936714321844	0.221056546512147	0.134354869902855	0.0627382138978563	0.0234903821836088	0.00725985212514319	0.00159776253737782	0.000368943304720392	7.14083815587855e-05	5.95069846323212e-06	
0.0691099382931033	0.194032916298301	0.263002949905192	0.226187180563369	0.140074357852374	0.0693480739292082	0.026349708135011	0.00909975799465981	0.0023456360156336	0.000366133540511337	8.33474726367271e-05	
0.0638128845673209	0.1845506587482	0.257944253359199	0.229895385787225	0.146906204253597	0.0737982457184342	0.029259845518489	0.0100299917879628	0.00310331694893065	0.000586149030622568	9.8187401068755e-05	1.48768789498114e-05	
0.059015150157951	0.175289775882764	0.250255289417582	0.231972984109353	0.154744202989424	0.0791009035155294	0.0338206226075948	0.0112715503084374	0.00343670315364541	0.000812148790435754	0.000244838973587249	3.5830093695695e-05	
0.0539978582902017	0.166288892855018	0.244000237967755	0.234701647926706	0.16128264620144	0.0847611398655482	0.0367035516687489	0.0130168362186924	0.00393836635135939	0.00101136296031888	0.000232018561484919	4.46189541317151e-05	2.08221785948004e-05	
0.0507823945683733	0.158390874677764	0.238355831925013	0.234102754585303	0.167435693293042	0.0895661979501173	0.0403050850467483	0.014680072098096	0.00467039390540233	0.0012845063085834	0.000364042110497139	6.21535310604872e-05	
0.0472356731556136	0.149196538571762	0.231421708673956	0.233466184895102	0.172329846102939	0.0972839783380063	0.0453064203053124	0.0162967208610436	0.00549526845568184	0.00151858493882821	0.000342715667128545	0.00010340558921982	2.95444540628056e-06	
0.0440006268906519	0.140172158366772	0.225166111237606	0.233274291273505	0.175830999742738	0.104025406813592	0.0504617404495279	0.0184548328242311	0.00604121510333346	0.0019634688343678	0.00053226564787079	7.39257844264986e-05	2.95703137705994e-06	
0.0409545566623195	0.133169150696489	0.217665774455836	0.231449986186081	0.180819744695009	0.111548139279953	0.0534554107487144	0.0210833083296447	0.00680595454180864	0.00229043690603861	0.000609000733771616	0.00014556602904785	2.97073528669081e-06	
0.0373654230413647	0.125191613730578	0.212806060063822	0.230449434851332	0.184175837284901	0.115666100026841	0.058769496883481	0.0237422087023948	0.00837135784796159	0.00252005606751961	0.000724702514091438	0.000178938892368256	3.87700933464555e-05	
0.0337819839395654	0.119190214089245	0.205663952016234	0.229488227036961	0.187406655832009	0.121054852699536	0.0619012130626465	0.0273440422850952	0.00981404494886461	0.00305285936195239	0.000906878810462329	0.00029630693807185	9.87689793572833e-05	
0.0297612813062045	0.112353699885384	0.198785608048863	0.22752641706493	0.192486211653734	0.125063218408003	0.0676504298851744	0.0299827327709264	0.0115184687528991	0.00342351994110588	0.000951642780831879	0.000377066007499424	8.37924461109831e-05	3.59110483332785e-05	
0.0281115128893036	0.106766323609902	0.191112825896449	0.223749577534717	0.195542355696327	0.130600842836933	0.0720927658989014	0.0332528779980081	0.0130313715989675	0.00401080314762806	0.00117542553096035	0.000367881273048659	0.00012262709101622	6.28089978375759e-05	
0.0259828558078796	0.100169525030401	0.184686438596596	0.221886100744592	0.196517249022086	0.136051324751253	0.0765049090375411	0.035992619970408	0.0148918454267179	0.00512468775645902	0.00162037175701013	0.00042231500506179	0.000101834823915609	4.79222700779336e-05	
0.0235336019011248	0.0920094098492149	0.177293650746144	0.221592371557354	0.197481129421342	0.142638229607504	0.0816358292579268	0.0389742546046606	0.0164402995348949	0.00595597962396519	0.00181971638762353	0.000457922051490791	0.000119718183396285	4.78872733585141e-05	
0.0215962666315216	0.0865498091980327	0.170589539139864	0.216708501320937	0.200617635253734	0.147297920647948	0.0867984208666064	0.0425096000047925	0.0181276845567224	0.00638003438628862	0.00213865941399534	0.00053915783546101	0.000110826888400319	3.59438556974007e-05	
0.0203492795698604	0.0822445076339636	0.164602398350575	0.211975640539823	0.200637332275091	0.149283747131856	0.0934216925707227	0.0468928559706636	0.0199643738419261	0.00727143611609234	0.00240491485825623	0.000671347199885423	0.000247652522624401	3.28214186610651e-05	
0.0196556093924711	0.0781065970928066	0.158890793887439	0.209803950801342	0.199746552366754	0.152414461423779	0.0965247856876631	0.0506418188594856	0.022327245620574	0.00802981736861722	0.00273425270219903	0.000799105478941483	0.000277301528140142	4.77077897875513e-05	
0.017927275641882	0.0739266344278501	0.151650087127925	0.205461599888381	0.203546863543123	0.154755225449072	0.100629042839628	0.0535413716636832	0.0246748658942412	0.00930354062951781	0.0032505989117173	0.000958852464369577	0.000282015430696934	8.60889209495905e-05	5.93716696204072e-06	
0.0171147252119249	0.0691524192780265	0.144671516334889	0.200170849604724	0.204864749023717	0.160521240118106	0.103411634441375	0.0572405705305267	0.0264787122583103	0.0107212591675398	0.00399145156681589	0.0011846366320602	0.000360153347937899	9.22706924468997e-05	2.38117915991999e-05	
0.0151957675738278	0.064230699380439	0.140909185639047	0.19585093618909	0.203299958616542	0.164997930827103	0.108895061673261	0.0595534754661593	0.0287868096926608	0.0116469127642661	0.0045283625548182	0.00148861359461479	0.000485288031844422	0.000113134633190724	1.19089087569183e-05	5.95445437845917e-06	
0.0138204417168391	0.0603562271089606	0.135849270620965	0.192680240350317	0.20129189787798	0.16767509126566	0.113766413640149	0.0636725361256795	0.0302169182504455	0.0129339036628648	0.0053968377157765	0.00167158690311661	0.000417896725779154	0.000205963386276869	2.68647895143742e-05	1.79098596762494e-05	
0.0124906574187569	0.0566773296660588	0.128843911626656	0.188412209632575	0.201494812998894	0.170295076085982	0.117519208347036	0.0677000807199019	0.0335376244431822	0.0144458728213101	0.0059194594756196	0.00180274447666597	0.000633800711530987	0.00016741905587611	5.97925199557535e-05	
0.011188715134178	0.0543072223499586	0.123541689684106	0.183847878862078	0.200238286487245	0.172512847463802	0.120053987715406	0.0726982809331992	0.0361610195556166	0.0167397750312788	0.00575112499290814	0.00216488349940727	0.000603181333627957	0.000152288356510029	3.58325544729479e-05	2.98604620607899e-06	
0.0100377200335289	0.0503712130283798	0.119111483654652	0.179011495629266	0.200529876661478	0.172862531433361	0.124616812357801	0.0766524967069812	0.0389773679798826	0.0174230631062148	0.00690037121302838	0.00244581487247036	0.000763381630942402	0.00020656208837265	5.98730690935217e-05	2.99365345467609e-05	
0.00903242068874458	0.0465904862503151	0.113049297211653	0.173440482049189	0.198698251131303	0.176804383574798	0.127915281295387	0.0814868384727107	0.0422123128998572	0.0186770054374572	0.00788911428262775	0.00297379697758999	0.000852228397210452	0.000264070770966619	6.90184969571845e-05	3.90104548018869e-05	6.00160843105952e-06	
0.00899061666216986	0.043681985790089	0.10784243187337	0.167401145186917	0.197217975237581	0.179194771712084	0.133624126869922	0.0836735917498576	0.0445723536289235	0.0207752495728033	0.00834607428725605	0.00331564589141709	0.000956321012081422	0.000248823335431843	0.000104925502892946	3.29765866234973e-05	2.09851005785892e-05	
0.00785336390749816	0.0406906164291174	0.101844941024834	0.16355679450864	0.193681339268318	0.179892990423092	0.138911619681369	0.0885182021192093	0.047986451448526	0.0228586844116721	0.0088964824723109	0.0036569099111251	0.0011000704404778	0.000401660596795708	9.89164156287937e-05	2.39797371221318e-05	2.69772042623983e-05	
0.00750994183241382	0.0380831367942198	0.0965294239281251	0.158308135370747	0.190805265949636	0.180310526804739	0.142964598985289	0.0922500157331184	0.052266917597418	0.0249512273330716	0.00976951730792859	0.00397073939662742	0.00154634077634698	0.000536424416600987	0.000152836006964527	1.19871378011394e-05	3.29646289531333e-05	
0.00662649522067395	0.0376726864056718	0.0917726248333662	0.15398456507834	0.186946671209866	0.181832583107668	0.144058272508264	0.0974097786385945	0.0541537394714346	0.0277882390918384	0.0110979597448635	0.00409784616488227	0.00174255602780916	0.0006157230561384	0.000161403131220746	1.79336812467495e-05	2.09226281212078e-05	
0.00640775251584048	0.0351129332836377	0.0881759224748416	0.14741110696981	0.185950055907566	0.17942899739098	0.14696086470369	0.100729034662691	0.0587014535967201	0.0299366380916884	0.0131434960864704	0.0053790532985464	0.00180395080134178	0.000667909057025717	0.00015206857994782	8.94521058516586e-06	2.98173686172195e-05	
0.00594038083045687	0.0324357954307524	0.0844664724427348	0.145590179527521	0.182189625570558	0.180278294578281	0.146867391317353	0.10468649984147	0.0614198287878153	0.0323251236831558	0.0150842600845891	0.0057040816936965	0.00209678094770909	0.000684968383773727	0.000194423340372455	2.99112831342239e-05	2.99112831342239e-06	2.99112831342239e-06	
0.00542027295693379	0.0303421678102157	0.0799318355083188	0.141823998086611	0.179750960431708	0.181619504611567	0.149366937231864	0.105601148033544	0.0655604885121904	0.034130080571625	0.0165149408792621	0.00659521353722887	0.00224524268651808	0.000777314378821173	0.000236183984334126	6.87624258187961e-05	1.49483534388687e-05	
0.0052353830615038	0.0291053830017392	0.0773354529861406	0.135145795855919	0.176658319537661	0.182114831792402	0.152749472576992	0.109509750602129	0.0672262629763989	0.0361277290031855	0.0173825475278354	0.0074885102466487	0.00265355031884439	0.000836705055491475	0.000259976213670565	0.000155388081734131	1.49411617052049e-05	
0.00481235978886556	0.0267831271675783	0.0732309126157909	0.131929155850557	0.172799861394479	0.18205118247835	0.154437617060428	0.113387680239453	0.0712294966887022	0.037820786646075	0.0186310912496303	0.00842387002147788	0.00288562356054881	0.0010783748502672	0.000337552238449291	0.000137410645740419	2.38975036070294e-05	
0.00414646460120152	0.0247622803165413	0.068739301493982	0.126867477437915	0.172771349961015	0.181846969167391	0.15634382197686	0.114353399473626	0.0743943861410097	0.0408283369629835	0.0200810771248391	0.00938630531482361	0.00356392814786269	0.00130846649519183	0.000466029162671064	0.000125469389949902	1.49368321368931e-05	
0.00392065246366133	0.0226523258843932	0.064248980899923	0.122208145013224	0.169055299470158	0.181230587678548	0.159015553818368	0.118598988238043	0.0775025234145918	0.0437891054382954	0.0220443102616863	0.00969829845480168	0.00410934696726001	0.00132685182689226	0.000455262929317435	0.000107825430627814	2.9951508507726e-05	5.9903017015452e-06	
0.0037215411558669	0.0214266007724972	0.0601624163327975	0.116360386728402	0.165748026773505	0.180130388887556	0.162191420962983	0.122304056809731	0.080344504954058	0.0459150013194828	0.0240325792289423	0.0105318715063695	0.00466017321210086	0.00180229350094763	0.000497804860494686	0.000134947100736511	2.69894201473023e-05	2.99882446081136e-06	5.99764892162272e-06	
0.00338549254861201	0.0198653613344909	0.0576615168328372	0.112730593497571	0.159875154329796	0.180713807222184	0.163549029562229	0.12456029150683	0.0840485324024981	0.0484482908820004	0.0255909592028622	0.0117786302423316	0.00504970095316485	0.00179037582872472	0.000772024476480289	0.000153203300780135	1.80239177388394e-05	0	9.01195886941972e-06	
0.00305263315873993	0.0189371313652804	0.0546502378772643	0.108093830199157	0.156065495039846	0.178607555041947	0.164286893488016	0.128942984496706	0.0867794269934415	0.0518437363989735	0.0270504720025214	0.013087001545827	0.00563701580345485	0.00200507271390194	0.000738395041347121	0.00016208671639327	4.50240878870196e-05	0	1.50080292956732e-05	
0.00297663565381279	0.0170700332066892	0.0529541987016484	0.103691626529452	0.151865258623269	0.17640829269752	0.164956472312801	0.131734825141353	0.0900798755497053	0.0557333891764143	0.0289436682920992	0.0139647590271338	0.00611481736320938	0.00228856912077063	0.000894486492954797	0.00021240314715649	0.000101714183145362	5.9831872438448e-06	2.9915936219224e-06	
0.0027124530335464	0.0170022304387527	0.0502642096911815	0.0998009071448887	0.14783767196084	0.174144873733216	0.166842806460788	0.133428139454815	0.093651482717842	0.0580991871622532	0.0307471221352334	0.0147388590332769	0.00678412646138646	0.00255677140248192	0.00103288774456237	0.000197595916351062	0.000116761223298355	3.59265302456477e-05	0	5.98775504094127e-06	
0.00222559494172061	0.0159900898036557	0.0492150428621991	0.095292656736474	0.144834640095503	0.170692933886033	0.167096588420907	0.136079233579489	0.0964144525696323	0.060807932956202	0.0339028296849973	0.0156331547658326	0.00726467782863519	0.0029484633796649	0.00110379910856224	0.000335938859127639	9.29830770799714e-05	2.69950868941853e-05	2.39956327948313e-05	8.99836229806175e-06	2.99945409935392e-06	0	5.99890819870784e-06	
0.00193366945908063	0.0142619330119517	0.0458192990373494	0.0921347172867659	0.140318054256314	0.168815022250648	0.168569951314566	0.139035914846816	0.0995256980785841	0.0633807236765422	0.0358939261260561	0.0171938182350708	0.00786319064426758	0.00332638965681103	0.0013927201977304	0.000346685714456495	0.000116558128136236	2.39093596176893e-05	1.19546798088447e-05	2.09206896654782e-05	5.97733990442234e-06	2.98866995221117e-06	5.97733990442234e-06	
0.00203043260158135	0.0126782600386977	0.0416895587989394	0.0878998160666937	0.136185294890476	0.168098917898861	0.167328547882378	0.143214174808303	0.103486372214127	0.0667026968922437	0.0370792824212312	0.0195309700690347	0.00837254855122662	0.00366373647373576	0.00139144351814251	0.000385185008241168	0.000152282445118601	3.88170938537611e-05	1.49296514822158e-05	2.38874423715453e-05	1.49296514822158e-05	8.95779088932948e-06	5.97186059288632e-06	2.98593029644316e-06	
0.00187825900297242	0.0115796158214998	0.0386444336452833	0.0831025261092908	0.132813781054628	0.16537325180298	0.166118592677175	0.145568054093859	0.105975546856599	0.0704436567019561	0.0407343694565272	0.0211229603746978	0.0100740272556251	0.0042663311638945	0.00141018493397771	0.000503850430956093	0.000181863173303679	0.000122235903368046	1.78881809806897e-05	3.27949984645978e-05	8.94409049034485e-06	1.49068174839081e-05	5.96272699356324e-06	5.96272699356324e-06	
0.00173571828369318	0.0104887401602934	0.0358576175108073	0.0791701897083517	0.128017410772767	0.163473103809649	0.167316692667707	0.144984578009075	0.110770385013874	0.0727215348155911	0.0437621321646759	0.0231746674447131	0.0109770039656548	0.00478141263055102	0.00181014874182754	0.000535899298567363	0.000208405282776197	8.93165497612271e-05	3.87038382298651e-05	8.93165497612271e-06	2.97721832537424e-05	3.87038382298651e-05	5.95443665074847e-06	2.97721832537424e-06	
0.00186323163194009	0.00967148598694544	0.0340427946085721	0.0749443120674108	0.123038978566864	0.161423341753707	0.165726093006312	0.147520767269231	0.113836286436032	0.0766881057742265	0.0460522779798269	0.0242877020740396	0.012287176547169	0.00544039748941481	0.00222154540731318	0.000585245833109387	0.000229918005864402	5.97189625621824e-05	3.88173256654185e-05	2.98594812810912e-06	8.95784438432736e-06	2.98594812810912e-05	
0.00156851904158078	0.00945618663573699	0.0323769974579174	0.0731224346300158	0.118934008016875	0.155671007638267	0.166257008756062	0.149039357207676	0.115304178510688	0.0806915906946556	0.0487142350615088	0.02601878617059	0.0127494756579066	0.00640328367357977	0.00243390885762535	0.000874404293295032	0.000228366757011761	0.00011418337850588	3.00482575015475e-05	6.0096515003095e-06	0	6.0096515003095e-06	
0.00146597871459359	0.00902559266345663	0.0312691748504551	0.0711226374317262	0.116601226585902	0.149931839546363	0.165199176633811	0.15027944274673	0.117885847108999	0.0825935430438554	0.051200440095878	0.0282707194177193	0.014188255848046	0.00683720381940351	0.00263271641321859	0.000921904140105248	0.000350625836892488	0.000142063916671956	7.25432765984458e-05	9.06790957480572e-06	
0.00140956127024912	0.00863394333137476	0.0301274693960806	0.0674488767653765	0.11302976518475	0.148871589881603	0.162266988562156	0.151483692624311	0.122357833720481	0.0852160464698558	0.0525769398211714	0.0301518246664089	0.0147806046804741	0.00709956130069321	0.00299569825037827	0.00106858748565322	0.000286174426357274	0.000124820760432428	6.08881758206965e-05	6.08881758206965e-06	3.04440879103483e-06	
0.00119678001897707	0.00818462856967953	0.0286921122708212	0.0646750941201677	0.110204768755165	0.146267331884546	0.160720516666157	0.152462428453368	0.123403017967004	0.0888555599767378	0.0556211931070368	0.0313764500627468	0.0159407425545591	0.00750206605246243	0.0031648862905941	0.00115698937895993	0.000370359034005693	0.000153040923142848	3.06081846285697e-05	1.53040923142848e-05	6.12163692571394e-06	
0.00105032984042357	0.00774541478815277	0.0261722540938295	0.0612661695514907	0.106906379371768	0.143299387000479	0.161142709728143	0.153606132452121	0.126761298723634	0.0900673193862634	0.0586342026706632	0.032640074690122	0.0171830276525435	0.00797575027947373	0.00354716656634276	0.00115167745660479	0.000479097821947594	0.000251833470510915	8.29207768755451e-05	3.37825387270739e-05	3.07113988427945e-06	
0.000825995432368542	0.00688843205725258	0.0248322582037065	0.0594685890580262	0.103385040236457	0.141069540802017	0.159993466006281	0.154331698807546	0.129138838120306	0.0932234471748182	0.059339142012655	0.0339521107573577	0.018227376817267	0.00873767556255528	0.0041947006845283	0.0014331637166096	0.000505459891449406	0.000283550670813082	0.000126364972862352	3.39027975972163e-05	9.24621752651353e-06	
0.000706059414280361	0.0060386660431873	0.0234640885175539	0.0576119708038239	0.0989009627801399	0.139644926436661	0.158866464964898	0.154642495486484	0.128759843799838	0.0965257541364862	0.0620434226539782	0.0359532885955921	0.019425924148161	0.00986315453720592	0.00457699918555427	0.00182398682022427	0.000693672407012285	0.000294191422616817	0.00010528956177865	4.95480290723061e-05	9.29025545105739e-06	
0.000647368044294913	0.00561467284571165	0.0217553011039493	0.0541454897432625	0.0969807127895649	0.134154577794654	0.159442392024924	0.155614205993757	0.130889726455878	0.0981696291016835	0.0664268085066651	0.0375504589154718	0.0202427007696833	0.0100497664184052	0.00493618133774872	0.00208527206575765	0.000933703910040741	0.000245875362977395	9.02580446372716e-05	2.17864245676173e-05	3.11234636680247e-06	
0.000756550255882803	0.00529897803190641	0.0207801221109628	0.0514485436407574	0.0908329243168382	0.131139546007322	0.155427310213741	0.156665301541549	0.133981298827972	0.101827912952953	0.0696370121892126	0.0409756372060161	0.021708615606819	0.0108418028405023	0.0048425468857953	0.00213209617566972	0.00107542681001522	0.000456431146111113	0.000115670906891172	5.6272333082192e-05	
0.000790872511981246	0.00483976166694499	0.0191857479101745	0.0489836815588066	0.0889117153111028	0.127620355987157	0.153961767143186	0.157100050099095	0.135897734827694	0.104801635940272	0.0723569576300292	0.0420139206165655	0.0230676400805367	0.0112738719038602	0.00512019056561564	0.00235056133043032	0.00107760318365572	0.000419067904755003	0.000173298757605452	5.35650705325943e-05	
0.000653559690206392	0.00443283963792162	0.0180060430591645	0.0464406255229267	0.0855216006213553	0.125335067739725	0.151044906181033	0.155585093787394	0.138819866951665	0.107527934151493	0.0747236579135975	0.0451840228335443	0.0248384255210323	0.012351330956944	0.0051842754169995	0.00241217199670379	0.00126607456895055	0.000460964805652818	0.000145235486712532	6.31458637880572e-05	3.15729318940286e-06	
0.000541142565896692	0.0044486952801042	0.016674741856119	0.0445467301775073	0.0835247258106127	0.12310364138608	0.149216916368304	0.154052591506579	0.138504181270175	0.109760701723476	0.076634596628556	0.0475418913561914	0.0269218426533604	0.013858912806831	0.00608785386633779	0.00257042718800929	0.00133083317078082	0.000412149279839923	0.000182478307104698	7.86544427175425e-05	6.2923554174034e-06	
0.000611653242542355	0.00391645316015641	0.0165146375486436	0.0430466572838227	0.080001747580693	0.121004359589693	0.147055794634303	0.15293827607406	0.138954509850426	0.111280321305193	0.0798581963094841	0.0497373947940819	0.028401306940704	0.0149511769643899	0.00694663325458818	0.00296776649825398	0.0011359274504358	0.000477464010760104	0.000131068551973362	4.3689517324454e-05	9.36203942666871e-06	1.56033990444478e-05	
0.000554087327898297	0.00399689960124389	0.01604051685764	0.0410242522155711	0.0776344829088962	0.116115536546417	0.146188781910605	0.152651058835981	0.139732730685543	0.113058717692506	0.0818430563207979	0.0520406289202457	0.0301043738657552	0.0161058867109314	0.00738990627208178	0.00335876531911383	0.00143191107209672	0.000470040373666533	0.0001556425078366	3.42413517240521e-05	3.11285015673201e-05	2.4902801253856e-05	1.2451400626928e-05	
0.000485233051835954	0.00368279444470365	0.0147156254374096	0.0388279755517193	0.0730213533647491	0.112863341576074	0.14486694971928	0.153426958428591	0.140518515062443	0.11599247266676	0.08466072567225	0.0538733106269149	0.031253985287485	0.0171231278869034	0.0084044852952612	0.00384142832703464	0.00158633882330985	0.000547442417455948	0.000199069969983981	3.1104682809997e-05	2.48837462479976e-05	3.42151510909968e-05	1.86628096859982e-05	
0.000410747374922792	0.00323656578134651	0.0132859789993823	0.0373749227918468	0.0707473749227918	0.108570105003088	0.140395305744287	0.152467572575664	0.142810376775788	0.117995676343422	0.0874119827053737	0.0570722668313774	0.0337523162445954	0.0184774552192712	0.00911056207535516	0.00401173563928351	0.00171093267449043	0.000793699814700432	0.000250154416306362	4.32365657813465e-05	2.47066090179123e-05	3.08832612723904e-05	1.54416306361952e-05	
0.000331997147283771	0.00298797432555394	0.0124437449278214	0.0346199247473133	0.069279812114207	0.105485945454098	0.136592233725992	0.150766667486413	0.142930920000984	0.120339743747387	0.0901464476305241	0.0603312593758454	0.0365227602488749	0.0195970538327226	0.0100490618006542	0.00442355458279025	0.00185365073900106	0.000814622629909254	0.000292034527703318	0.000113739763421292	1.53702383001746e-05	3.07404766003492e-05	2.45923812802794e-05	6.14809532006984e-06	
0.000272147950634196	0.002862140244872	0.0121151705664347	0.0315875093264185	0.0671655026480913	0.103352006556014	0.134098609293394	0.149556001320988	0.144519735313184	0.120842863608009	0.0929584011155008	0.0616155191604389	0.0383453404601441	0.0212122509387575	0.0110388101324657	0.00496899348068055	0.00216189439436379	0.000935699695438923	0.000241569529214624	7.03303692650171e-05	4.5867632129359e-05	6.11568428391453e-06	0	2.75205792776154e-05	
0.000291067297823123	0.00284633178608086	0.011222942230801	0.0302740628398977	0.0622975933330269	0.100341621091656	0.132984052575946	0.147957167149226	0.145236453881153	0.124613569863811	0.09324877062365	0.0640899551143588	0.0407218468986013	0.0226726105672748	0.0115752868544817	0.00579377115982658	0.00242351823766411	0.000860946428297869	0.000407494216952372	0.000113363052836374	6.12773258574996e-06	0	9.19159887862494e-06	6.12773258574996e-06	6.12773258574996e-06	
0.000214159622344803	0.00269841124154452	0.0104418113008973	0.0285964284293839	0.0597566534805528	0.0976445500965248	0.129942880569297	0.148158686161311	0.144245683918754	0.127602421839386	0.0950715752052108	0.0670166646780416	0.0417611263572366	0.0239032732768564	0.0122468709749464	0.00606989558188699	0.00301353182870902	0.0010249067640787	0.000376309050691583	0.000174387121052197	3.05942317635433e-05	0	3.05942317635433e-06	0	6.11884635270866e-06	
0.000229832222477591	0.00222171148395005	0.00990423657396767	0.0259189458362062	0.0568390408335249	0.0946050716310427	0.128154447253505	0.146277484103271	0.14489236190914	0.128611047268827	0.1005102275339	0.069354171454838	0.0435731249521183	0.0250731632574887	0.0127081896881943	0.00615643913276641	0.0031839423887229	0.00103884164559871	0.000493373170918563	0.00020838121504635	3.37087259633801e-05	6.1288592660691e-06	3.06442963303455e-06	0	0	3.06442963303455e-06	
0.00016896147064064	0.00220878722528401	0.00889966146265337	0.0245301335102821	0.0546359955517053	0.0916692778893947	0.124751933840832	0.145921270098735	0.14382921988953	0.129442918671164	0.103981961058989	0.0727578812845987	0.0443539220565376	0.0268740899120786	0.0134831253571231	0.00672773855823641	0.0034222377871577	0.00154215742293821	0.000497668331705159	0.000242690112374738	2.76482406502866e-05	9.21608021676221e-06	2.15041871724451e-05	
