# <P(N_1)> as a function of N_tot.
# number_of_species: 2
# species_total_upper_bound: 100
# species_total_lower_bound: 0
# volume: 512
# Bin widths for each species index 
1	1	1	1	1	1	1	1	1	1	1	1	1	1	1	1	1	1	1	1	1	1	1	1	1	1	1	1	1	1	1	1	1	1	1	1	1	1	1	1	1	1	1	1	1	1	1	1	1	1	1	1	1	1	1	1	1	1	1	1	1	1	1	1	1	1	1	1	1	1	1	1	1	1	1	1	1	1	1	1	1	1	1	1	1	1	1	1	1	1	1	1	1	1	1	1	1	1	1	1	1	
# Bin lower bound for each species index 
0	0	0	0	0	0	0	0	2	3	4	5	6	6	7	8	8	9	9	10	10	11	12	13	14	14	15	16	16	17	18	19	20	22	23	23	25	25	26	26	27	27	28	29	29	29	30	31	32	33	36	36	37	38	39	40	40	41	41	42	43	45	45	47	47	48	49	50	50	51	52	53	53	51	52	52	53	54	57	58	60	61	62	63	64	65	66	67	68	69	69	69	69	70	71	71	71	73	74	74	78	
# Bin upper bound for each species index 
0	1	2	3	4	5	6	7	8	9	10	11	12	13	14	15	16	17	18	19	20	21	22	23	24	25	26	27	28	29	30	31	32	33	34	35	36	37	38	39	40	41	42	43	44	45	46	47	48	49	50	51	52	53	54	55	56	57	58	59	60	61	62	63	64	65	66	67	68	69	70	71	72	73	74	75	76	77	78	79	80	81	82	83	84	85	86	87	88	89	90	91	92	93	94	95	96	97	98	99	100	
# Normalized histogram for each species index 
1	
0.0800027344545546	0.919997265545445	
0.00634923802017789	0.146505638778951	0.847145123200871	
0.000491580961526645	0.0175240038697711	0.201765404418227	0.780219010750476	
1.84357415138864e-05	0.00182513840987475	0.032360398892721	0.246134166817934	0.719661860137956	
4.25305688463583e-06	0.000161616161616162	0.00420910863016126	0.0499393939393939	0.284596136806663	0.661089491405281	
7.08388882828228e-06	8.50066659393874e-06	0.000460452773838348	0.00781919648865799	0.0677460624203948	0.314157718534428	0.609800985227258	
9.90527724871019e-06	4.2451188208758e-06	5.37715050644268e-05	0.00106552482403982	0.0128245039578658	0.0867164571936369	0.337751558666127	0.561574033457196	
1.54145821947562e-05	0.000119112680595844	0.00212861366853043	0.018323734252603	0.10693656198764	0.353293815949889	0.519182746878547	
1.95530726256983e-05	0.000262569832402235	0.0033854748603352	0.0259972067039106	0.125405027932961	0.369384078212291	0.475546089385475	
3.06571926651273e-05	0.000539287889154739	0.00533713854124716	0.0338316056147255	0.146615236903456	0.376439668735098	0.437206405123653	
7.40358920417004e-05	0.000919162584215827	0.00759077428970943	0.0432355640487296	0.164887709902231	0.380573820070432	0.402718933212641	
9.53008282763163e-05	0.00143932280352613	0.0106008156629714	0.0527363951060222	0.18174428545401	0.382978991773296	0.370404888371897	
1.12261952038888e-05	0.000206281336871456	0.00219893098556171	0.0139204820528221	0.0626323463168958	0.196877995113799	0.383138816113519	0.341013921885327	
1.83337188115237e-05	0.000351161229543801	0.00297993444990382	0.0171702328100232	0.0734716729941501	0.212562546186869	0.37929220563099	0.314153912979709	
7.19274294547055e-05	0.000509133373198994	0.00408434971962406	0.0212947501438549	0.0844865227741986	0.226884498651713	0.374148153580576	0.28852066432738	
1.40958432767761e-05	0.000109947577558854	0.000728755097409325	0.00556926767865424	0.0264550786618534	0.0964395309467191	0.238890713517491	0.366988098879521	0.264804511797516	
2.39002711977832e-05	0.000112471864460156	0.00103755294964494	0.00724881166445706	0.0322962958797338	0.106964960796526	0.248122774287245	0.35934057745867	0.244852654828066	
1.40805208666279e-06	1.97127292132791e-05	0.000177414562919512	0.00140523598248946	0.00926779883441448	0.0383680113094744	0.118165139164828	0.257207466618605	0.350492325412102	0.224895487333867	
5.63235109823806e-06	5.77315987569401e-05	0.000306963134853974	0.00207692946747528	0.011805407901907	0.0456487975634449	0.12920895036913	0.263513770394391	0.339912388778667	0.207463428440275	
2.82099383612847e-06	1.41049691806423e-06	0.000100145281182561	0.000490852927486353	0.00313835564269292	0.0144110470118623	0.0513858132219981	0.13934016954173	0.270419058634357	0.328824915017561	0.191885411230376	
1.41023833027782e-06	7.05119165138908e-06	0.000111408828091948	0.000727682978423354	0.00417148498096178	0.016781836130306	0.0583302778169511	0.150918065153011	0.27532788041179	0.318794246227612	0.174828656042871	
5.66075919271913e-06	1.2736708183618e-05	0.000179729104368832	0.00105573158944212	0.00531120731256873	0.0202825001875126	0.0662337129344102	0.161477401541708	0.279402337044433	0.304578563554051	0.16146041926413	
4.24394177311887e-06	3.53661814426573e-05	0.000257465800902545	0.00134674418933639	0.00659791480994214	0.024477641500092	0.0735715599315311	0.17064889869711	0.280139767149061	0.293271937642349	0.14964846015646	
2.82755451878557e-06	4.94822040787474e-05	0.000311030997066412	0.00167108472060227	0.00811225391439579	0.0281596154525854	0.0811041600395858	0.177451666489945	0.280845438801117	0.28439967483123	0.137892764994875	
2.81986425173492e-06	7.0496606293373e-06	8.03661311744453e-05	0.000394780995242889	0.0021839848629687	0.00936194931575994	0.0324157495058188	0.0879755348577519	0.186387387311175	0.282912750580187	0.272108440699665	0.126169186215376	
8.45031146439673e-06	1.26754671965951e-05	8.87282703761656e-05	0.000567579253358647	0.00277874408654246	0.0110727247888478	0.0363673237722754	0.0968490196934509	0.194824747582155	0.281708033288594	0.259927355489111	0.115794617996628	
2.81026364488384e-06	1.26461864019773e-05	0.000125056732197331	0.000719427493090264	0.00346364994231934	0.0134611628589936	0.0418574718587224	0.104131509097526	0.20171931929794	0.280037151685385	0.248022628242869	0.10644716634091	
1.40683383604196e-06	5.62733534416783e-06	1.12546706883357e-05	0.000177261063341287	0.000949612839328321	0.00440198307297528	0.0157396569576374	0.0461230473146356	0.112211880430379	0.207247726556521	0.277661166884257	0.237047280871562	0.0984220951694953	
7.00653008604019e-06	1.40130601720804e-05	4.48417925506572e-05	0.000262044225217903	0.00128639892379698	0.00521986491409994	0.0175597657016339	0.0518973683472997	0.119101202320563	0.212751884756593	0.274752669487963	0.227488018833553	0.0896149211064712	
1.39405657918032e-05	1.81227355293442e-05	5.85503763255735e-05	0.000361060654007704	0.00163383431079934	0.00606693423259276	0.020402018036304	0.0571842008779768	0.126421414939547	0.217435186824492	0.270658872961018	0.216266967411139	0.0834788960744761	
5.5688822000426e-06	1.80988671501385e-05	8.07487919006177e-05	0.000414881723903174	0.00178343452456364	0.00721727133125521	0.0236037072048806	0.0622336508060261	0.133718607166873	0.220623798339638	0.266283063497787	0.207165202282685	0.0768519665811379	
1.39258310239664e-06	1.39258310239664e-05	8.63401523485914e-05	0.000488796668941219	0.00235346544305031	0.00882340653678508	0.0264089459538498	0.068460777896921	0.140178807670348	0.224671002242059	0.263634084864014	0.194623236641647	0.0702558175159103	
2.91893695096186e-05	0.00011119759813188	0.000657455798954743	0.00300928499944401	0.0100022239519626	0.0293186367174469	0.0740103413766263	0.146793339263872	0.229186589569665	0.257494718114089	0.18521071944846	0.0641763037918381	
4.73236394105702e-05	0.00024218568404233	0.000830947433179717	0.00351447616210852	0.0113562815867895	0.0330694808457569	0.0798447227878634	0.155238239727639	0.231704889784636	0.249807573730926	0.175591580289426	0.0587522983282228	
9.71712073383696e-06	6.5243524927191e-05	0.000297066262434444	0.00109525832271391	0.00414921055334838	0.0131208893108896	0.0369972431140318	0.0855578599013296	0.161492993955951	0.233582924520182	0.244350882453379	0.165345138246865	0.0539355727132145	
7.89428855148115e-05	0.000380864798536371	0.00135172379407818	0.00484044534867134	0.0152304370527435	0.0408633304756932	0.0904976310209531	0.167759171570589	0.233224983068828	0.237532217699549	0.157503521268183	0.0507367310166597	
5.52442694428753e-06	9.94396849971756e-05	0.000365993285059049	0.00165870919002233	0.00557829010699434	0.0170166160951417	0.0449425942985152	0.0977823569138894	0.171893925478243	0.233506478081146	0.231532876555299	0.148739671047998	0.0468775248357519	
1.10714384566415e-05	0.000116250103794736	0.000502366519970107	0.0019278142212627	0.00644080932215118	0.0188615793406958	0.0492637493426333	0.103944199950179	0.176524398682499	0.234028066096488	0.225332835118603	0.139627446095934	0.0434194137673337	
6.95988184904573e-06	3.47994092452287e-05	0.000133629731501678	0.000509463351350147	0.00222716219169463	0.00705314426582294	0.0210508586406237	0.0533962135458788	0.11013177840293	0.181286826474834	0.233121242533787	0.218138008889161	0.132762530223287	0.0401473824580354	
1.25931719821513e-05	6.01673772480561e-05	0.000149718822454465	0.000657643425734567	0.00251863439643026	0.00826391930295394	0.023949414627389	0.0579593744271856	0.116600179382739	0.184606106569018	0.231620615302383	0.211478536337598	0.124963444820218	0.0371596520366657	
2.81033472491741e-06	1.12413388996696e-05	8.99307111973572e-05	0.000234662949530604	0.000820617739675884	0.00292415328127657	0.00963101710229197	0.0268696103049354	0.0620016047011279	0.121708571099361	0.188567839372508	0.229538304159717	0.204957711488227	0.118746478299298	0.0338954471172289	
2.81165825980847e-06	3.93632156373186e-05	6.32623108456906e-05	0.000295224117279889	0.000999544511361911	0.00327277021441706	0.0108515950537308	0.029771243483982	0.0678382846635289	0.125939796773341	0.192518458536476	0.228382565469463	0.198459492439451	0.111586281357019	0.0299793061952078	
1.4119567319979e-06	4.3770658691935e-05	8.33054471878764e-05	0.000314866351235533	0.00117615995775425	0.00386734948894226	0.0126793714533412	0.0333348864857385	0.0722498259763328	0.132016542485072	0.195736737843406	0.224832930219686	0.19025552180979	0.105522586365863	0.0278847335002266	
4.25242990932402e-06	0	4.25242990932402e-05	8.93010280958044e-05	0.000420990561023078	0.00143165140280575	0.00485344000317515	0.0144610966449745	0.0360506832946126	0.0768357385549393	0.137557602706813	0.197073194241076	0.222362394911826	0.184182661709278	0.0989781410927894	0.0256563271195883	
5.6739117791827e-06	1.41847794479568e-06	5.6739117791827e-06	4.11358603990746e-05	0.000146103228313955	0.000436891206997068	0.00169224418814124	0.00571362916163698	0.01600184969524	0.039106018460072	0.0815610633478065	0.14332159306421	0.198802520919003	0.220458423702199	0.176681357369915	0.0928620771339937	0.0231623263605686	
2.8390782080874e-06	0	5.6781564161748e-06	3.54884776010925e-05	0.000154729762340763	0.000566396102513436	0.00197315935462074	0.00648161554906353	0.0180650546380601	0.0428885349504723	0.0863917303329955	0.147336802686904	0.200392076700537	0.21661882819886	0.170806042694058	0.0869453505835725	0.0213356727337768	
2.84340110579869e-06	1.42170055289935e-06	2.84340110579869e-06	3.55425138224836e-05	0.00028291841002697	0.000692368169261981	0.00246949386038616	0.0076018328563528	0.0202961970931911	0.0471549639385655	0.0920153031847514	0.15005764995742	0.201881478511707	0.212531437353476	0.163595082622128	0.0815316833076716	0.0198469397184749	
1.4240064706854e-06	4.27201941205621e-06	0	5.83842652981015e-05	0.000246353119428575	0.000862947921235354	0.00266431610665239	0.00874339973000837	0.0223298454668178	0.0501307237940089	0.0959082598071326	0.154202812697581	0.202365559549103	0.208673908214239	0.157398283217799	0.0770116939411373	0.0193978161436766	
1.42148633454112e-06	0	2.84297266908225e-06	7.81817483997618e-05	0.000288561725911848	0.000943866926135306	0.00320403019805569	0.00974002436427577	0.0244012344187329	0.0533952911843682	0.100533199524086	0.157209281168575	0.203947751848288	0.204694032173922	0.150165816380924	0.0734410914740671	0.0179533724052544	
1.28329801887304e-05	8.2701427882929e-05	0.000362175218659724	0.00110506218291845	0.00384276462318093	0.0107283714377786	0.0264758640160384	0.056761697261442	0.104312166520751	0.16221599901899	0.205177964917484	0.199070892234336	0.144192791287262	0.0688774564462911	0.0167812604267964	
2.84632681524493e-06	2.27706145219594e-05	0.000126661543278399	0.000428372185694361	0.00137050636154043	0.00445592462926593	0.0116884410668033	0.0284262659038511	0.0599692596703954	0.109233484188655	0.165434207155666	0.203101073065209	0.195494264651467	0.140339566789059	0.0648848660803233	0.0150214897674551	
8.52565796765365e-06	2.98398028867878e-05	0.000170513159353073	0.000461806473247906	0.00177759968625579	0.00512107855257063	0.0129604210538282	0.0304863319493349	0.0639722745602892	0.113759275205397	0.167169680486758	0.201256681984432	0.192111492871129	0.135817994253707	0.0610124503025188	0.013884034000324	
8.52381696523703e-06	4.11984486653123e-05	0.000147746160730775	0.000664857723288489	0.00183830319216945	0.0056541319202739	0.0142006790640849	0.0338750692560128	0.0681180832776918	0.117948317256467	0.169045758690742	0.201434842522482	0.1886064979898	0.128932676052336	0.0569518830532312	0.0125314315750593	
1.69790337231908e-05	2.68834700617188e-05	0.000182524612524301	0.000696140382650823	0.00210540018167566	0.00565118839086868	0.0162588397094321	0.0364964329879987	0.0724665159305784	0.121040701573673	0.170608160689575	0.201743463779476	0.184221100977143	0.122584378723007	0.0543541317063646	0.0115471578512467	
1.69464717445828e-05	4.23661793614569e-05	0.000203357660934993	0.000796484171995391	0.00237674266217773	0.00675599340217367	0.017272691325666	0.0394457373974738	0.0763537406511964	0.124478895993854	0.174605147208351	0.200060159974693	0.178066464062182	0.118286372777188	0.0508380030277696	0.0104008970332377	
2.82621597942515e-06	2.11966198456886e-05	5.08718876296527e-05	0.000268490518045389	0.000907215329395472	0.00275556057993952	0.00780883475115168	0.018889014498488	0.0424511771189554	0.0801995308481474	0.128889579741684	0.177202328801967	0.198697114433485	0.172476895684368	0.112757538931125	0.0472642229319165	0.00935760110787666	
9.89348951855453e-06	2.6853757264648e-05	8.19746274394518e-05	0.000319418375884761	0.000911614391352525	0.00306980846204292	0.00852536125370299	0.0210688926075846	0.0450775649578255	0.0833724361728591	0.133761391646503	0.179501820402071	0.196023947898057	0.167493950837837	0.107111157594808	0.0445051559213948	0.00913875760385337	
9.88195301272513e-06	1.97639060254503e-05	1.69404908789574e-05	0.000101642945273744	0.000407983488668223	0.00102489969817692	0.00357444357546	0.00919021630183437	0.0229444831879745	0.0483820419503022	0.0885338287485777	0.137380322490478	0.180269410273278	0.192918310129567	0.163753843373868	0.101743176511445	0.041420911906624	0.00830789906855534	
4.2366717836247e-06	2.25955828459984e-05	7.0611196393745e-06	0.000129924601364491	0.000447674985136343	0.0013557349707599	0.00407285380799121	0.0103586625109624	0.0252039604407833	0.0522028574938957	0.0918369220297047	0.141746327864732	0.181014626403221	0.189691330216084	0.158491066977544	0.0967472246269257	0.0388418069122712	0.00782513278435482	
2.8123817920778e-06	9.84333627227231e-06	2.39052452326613e-05	0.000143431471395968	0.00049919776809381	0.00162555667582097	0.00445059418596312	0.011783879708806	0.0278749221321791	0.0547022320468093	0.0962579854065509	0.143247260388587	0.180477570552113	0.187404466906	0.154571315674388	0.0927481329300378	0.037196561582021	0.0069803316079371	
1.54115802614084e-05	2.52189495186683e-05	0.000159720013618233	0.000613661104954263	0.00190122858315738	0.00527776571315687	0.0132973916600934	0.0303860320644933	0.0588035850137794	0.100109422219856	0.145402655555384	0.180176784836126	0.185796407420536	0.14807166104611	0.0882663233153392	0.0350949703607291	0.00660176056288695	
1.40528189252123e-06	9.83697324764861e-06	3.79426110980732e-05	0.0002051711563081	0.000674535308410191	0.00226953025642179	0.00577570857826226	0.0148664771409821	0.032568813141072	0.0622005871267747	0.104181978383954	0.147301647974075	0.180332798857787	0.181794292026009	0.144904237065434	0.0839852670246388	0.0326784251286887	0.00621134596494384	
2.53182717747687e-05	7.03285327076907e-05	0.000246149864476917	0.00081862412071752	0.00238835697075318	0.00658837694405647	0.0165300183276156	0.0346888454727414	0.0657360795218785	0.106430981687857	0.15015141733092	0.181052368032025	0.179693620780112	0.139765299620648	0.0797877203568751	0.0305239897657919	0.00550250439904972	
1.40968169387352e-06	1.69161803264823e-05	0.000159294031407708	0.000294623474019566	0.000857086469875102	0.00266288871972709	0.00753192929036624	0.0174997885477459	0.0369364797428741	0.0678437508810511	0.110156756604359	0.15410499309256	0.182638360258254	0.175226253911867	0.133966280413883	0.0767867715469847	0.0281978629225521	0.00511855423045476	
4.23815611954426e-06	3.95561237824131e-05	0.000144097308064505	0.00031221083413976	0.000994553969386386	0.00305147240607186	0.0086373621716312	0.0187637298599289	0.0386039513742221	0.0706811423243461	0.114493787569488	0.156464247621335	0.181948280368154	0.171352890069294	0.13053238304455	0.0728863962252156	0.0264672849665539	0.00462241560771627	
7.06951596438095e-06	1.41390319287619e-05	0.000130079093744609	0.000421343151477105	0.00117778135966587	0.00375108517070053	0.00944911503799158	0.0203983813636248	0.0411064075264895	0.0746046019721122	0.116352921548167	0.157477709816164	0.180310832477922	0.171113392208262	0.126381736895238	0.0685177487267802	0.0245934321368885	0.0041922229668779	
4.24920150421733e-06	4.24920150421733e-05	0.00012747604512652	0.000498572976494834	0.00138665609087626	0.00419962748666813	0.0101697556000935	0.0222190746655524	0.0440415571907112	0.0786116442285221	0.119622104346225	0.159220413164026	0.180449423879096	0.167104098354851	0.121120656076712	0.0647450833197595	0.0225391811788701	0.0038979341798687	
2.83814754109992e-06	9.93351639384973e-06	3.54768442637491e-05	0.000133392934431696	0.000534990811497336	0.0017866138771224	0.00467726714773267	0.0110630991152075	0.0241185778042672	0.0467357755592925	0.0812604213230025	0.123194051242754	0.161990109055819	0.17922759814669	0.163271532670626	0.115918460021144	0.0611067356336519	0.0211598089926705	0.00377331715589235	
9.95817566221868e-06	2.84519304634819e-06	2.56067374171338e-05	0.000167866389734543	0.000687114120693089	0.00197314137764247	0.00521666145047942	0.0120209406208211	0.0258528466156429	0.0492289526844396	0.084597547443594	0.125478703730048	0.163291319316016	0.179518877855863	0.158630893106097	0.112036589182576	0.0582894699405355	0.019725723390332	0.00324494266936012	
9.94835383167954e-06	1.42119340452565e-06	4.26358021357694e-05	0.00018617633599286	0.000666539706722529	0.00218721664956497	0.00557818411276317	0.0129200692405427	0.0273167584283875	0.0513192938374212	0.0876336277098605	0.129450822444623	0.165118513318003	0.177119070425818	0.155482822035319	0.108103076315243	0.0550058695287607	0.0188308126099648	0.00302714195163963	
1.41684400830837e-06	4.25053202492512e-06	8.07601084735773e-05	0.000218193977279489	0.000864274845068108	0.00233212523767558	0.00611368189585063	0.0142392822834992	0.0290410516382967	0.0552554994800182	0.0911923309067518	0.132079615298515	0.165998860857417	0.174691198848389	0.151612226797054	0.103389940974279	0.0530253870109409	0.0169157006151937	0.0029442018492648	
2.83722955882499e-06	0	1.70233773529499e-05	0.000112070567573587	0.000258187889853074	0.00105119355154466	0.00268685639220727	0.00702639900243009	0.0150940612529489	0.0313315260181044	0.0580014838710593	0.0944187438733574	0.13514717419029	0.166145325735233	0.172351765395162	0.147436634024341	0.100203854943802	0.049688401263702	0.0164133729978026	0.00261308842367782	
2.84879182738601e-06	0	1.424395913693e-06	4.27318774107901e-06	1.1395167309544e-05	1.8517146878009e-05	0.000115376069009133	0.000361796562078023	0.00115660948191872	0.0029727142718773	0.00759487901181109	0.016494504680565	0.033661324232393	0.0604200258670298	0.0972620261746993	0.13713229219488	0.166926381521597	0.169716773116521	0.144238603408295	0.0956595807717947	0.0480947280258442	0.0158663460826264	0.00228757983739096	
2.84688998620682e-06	1.42344499310341e-06	2.84688998620682e-06	9.96411495172386e-06	8.54066995862045e-06	2.84688998620682e-05	0.000163696174206892	0.000431303832910333	0.0013366148485241	0.00336644740868956	0.00815633981048253	0.0174044619306754	0.0355320339178473	0.0630600366394741	0.100193446174563	0.140025707416575	0.168406353689071	0.167849786696768	0.140781556707913	0.0916470824359699	0.0454121656149781	0.0141390791164962	0.00203979667511719	
1.42455215641583e-06	2.84910431283165e-06	4.27365646924748e-06	7.12276078207913e-06	1.28209694077424e-05	3.2764699597564e-05	5.27084297873856e-05	0.000178069019551978	0.000414544677517006	0.00137896648741052	0.00366964635492717	0.00864418248513124	0.0192898607500267	0.0373873713451334	0.0666604936073222	0.104298586131985	0.143912532497596	0.166775170055914	0.167454681434524	0.135346700381068	0.0879304818547669	0.0419373909327255	0.0126528722532854	0.00195448555860251	
2.84660229550009e-06	2.84660229550009e-06	7.11650573875023e-06	4.26990344325014e-06	2.27728183640007e-05	2.27728183640007e-05	8.96679723082529e-05	0.000180759245764256	0.000587823374020769	0.0015585147567863	0.00423859081799964	0.00988624977227182	0.0209253734742212	0.040280845782474	0.070221408726544	0.107365298779377	0.145326163691018	0.166772465385316	0.16387889415194	0.132288725177628	0.0841797230825287	0.038390701858262	0.0118504053561669	0.00191576334487156	
1.41913418623298e-06	2.83826837246596e-06	1.84487444210287e-05	1.41913418623298e-05	1.41913418623298e-05	3.68974888420575e-05	7.94715144290468e-05	0.000215708396307413	0.000622999907756278	0.0017256671704593	0.00473281251108699	0.0106463446651198	0.0224790855099304	0.0430636268812398	0.0731989413258971	0.111177810417864	0.145370429500961	0.167280442202212	0.162043837055013	0.128096728186134	0.0803229949407866	0.0361666347361475	0.0109571350519048	0.00173134370720423	
1.41727574091633e-05	8.50365444549795e-06	8.50365444549795e-06	4.39355479684061e-05	6.94465113048999e-05	0.000255109633364939	0.000643443186376012	0.00211174085396533	0.0052694312047269	0.0120468437977888	0.0242283287909646	0.0461379944697901	0.0766972939954279	0.113520952295916	0.146629930879462	0.166082040423539	0.159769494273497	0.124252564206134	0.0756811072891909	0.034485153327976	0.0102667454671979	0.00177726377910907	
2.83938050396165e-06	1.13575220158466e-05	8.51814151188494e-06	3.12331855435781e-05	0.000106476768898562	0.000248445794096644	0.000777990258085491	0.00239643714534363	0.00608053334923386	0.0130114611594042	0.0263991402355834	0.0484852614856491	0.08010034370701	0.114989231649439	0.148245475802089	0.165623904176587	0.156207098735198	0.120090178724806	0.0731935506311233	0.0327039846446302	0.00976604924337608	0.00152048825987146	
1.42188855237526e-06	7.10944276187632e-06	5.82974306473859e-05	0.000140766966685151	0.000304284150208307	0.000946977775881926	0.00266035348149412	0.00667861053050662	0.0143198396109713	0.0284775839269718	0.050761421319797	0.0825747557906411	0.117686871702996	0.150253807106599	0.165847658860499	0.150917829060558	0.116674487053705	0.0705541099688606	0.0309744202249428	0.00888964722945016	0.00126974647727111	
1.42524653201888e-06	4.27573959605663e-06	6.27108474088305e-05	0.000122571201753623	0.0003548863864727	0.00115587493746731	0.00306000430424453	0.00705639558002545	0.0149864672841785	0.0306755811086423	0.0530419749356145	0.0849062116519605	0.121304157586659	0.151765951715498	0.162881449418713	0.149439949375243	0.113022049989097	0.0670093909493995	0.0294726730356183	0.00847309063285222	0.00120290807302393	
2.85549482869887e-06	7.13873707174716e-06	4.2832422430483e-05	0.000178468426793679	0.00042689647689048	0.00130210564188668	0.00319387096589968	0.00752565662103586	0.0160678694010885	0.0321143225909618	0.0558306348907202	0.0876708299781269	0.123730018674936	0.151616781172009	0.161783770509592	0.146852388050325	0.109663851148766	0.064798316400249	0.0280466702074803	0.00796254732982679	0.00118217485908133	
1.42988692454201e-06	2.00184169435881e-05	6.72046854534743e-05	0.000214483038681301	0.000551936352873215	0.00132979483982407	0.00354754945978872	0.00828619472772093	0.0170413923666916	0.0331647973278273	0.0582192760196524	0.0901915476524116	0.125065059855067	0.153275298989356	0.161841751554287	0.143739383089585	0.106955541955742	0.0614250825044755	0.0264114413832154	0.00756982137852539	0.00108099451495376	
1.14559019374794e-05	3.57996935546232e-05	0.000100239141952945	0.000240573940687068	0.00058138702332708	0.00158521043059871	0.00417854023169562	0.00864634198731259	0.0183165552102874	0.0344307132730944	0.0601993326937121	0.0928185814729426	0.127488436698982	0.153705268282904	0.160013174287228	0.142310941818338	0.103057293829565	0.0592971804161356	0.0248994028611115	0.0071255710051122	0.000957999799521716	
1.86203202122144e-05	4.44023020445112e-05	9.59662657091048e-05	0.00026498147994305	0.000688951847851931	0.00195943061925456	0.00456197845199252	0.00968686350732352	0.0196745168026905	0.0361706881783884	0.0624224750129626	0.0958029798241669	0.128561852406748	0.154505687791659	0.159624843517694	0.140158014901986	0.0987979867136854	0.0563465212944847	0.0234243628269657	0.00638247283581748	0.000806403098421283	
1.00330085982884e-05	2.72324519096399e-05	8.59972165567574e-05	0.000282357527694687	0.000828439852830097	0.00212986439672236	0.00480437783163752	0.0102766673785325	0.0205891669306303	0.0379333722231857	0.0649737636825155	0.098870999875304	0.131389414029299	0.156051982450835	0.159205213724582	0.135292254374033	0.0954296779260911	0.0533741724559515	0.0217830949538267	0.00590944206439185	0.000752475644871628	
4.31291026558901e-06	5.31925599422645e-05	0.000120761487436492	0.000363722099064674	0.00094596498491919	0.00219239605167442	0.00499722536106247	0.0111546235835684	0.022076350012795	0.0405011026673912	0.0683581900728307	0.101807684455984	0.134437725888675	0.155767942425523	0.155683121856967	0.131883045374691	0.0913977567116072	0.0513293827075301	0.0207034069115825	0.00545151857570451	0.000770573300785237	
5.77679058845277e-06	5.1991115296075e-05	0.00014008717176998	0.000345163237660053	0.000997940574155217	0.00245513600009243	0.00547784167550034	0.0118713046592704	0.0232198097702859	0.0422832187121801	0.0711252899226777	0.104874744738066	0.136244161831012	0.155584856721151	0.154227310932865	0.128324181934243	0.0891922024880637	0.0486579071265377	0.0190547437560115	0.0051009060896038	0.000765424752969992	
1.01160308741262e-05	5.34704489060958e-05	0.000114166634150853	0.00043643447485516	0.00108097015626377	0.00259692964011498	0.00568087390945574	0.0126565997707996	0.0252568387981577	0.0456984469002314	0.0738369093502473	0.106505908484604	0.138277471165699	0.15560478690581	0.151538142494411	0.125831862895988	0.0855888469314466	0.0458906514868398	0.017896703763597	0.00479066319253264	0.000653206565015008	
4.3368394270746e-06	7.228065711791e-06	5.7824525694328e-05	0.000135887635381671	0.000400434840433221	0.00119985890815731	0.00277557723332774	0.00649369423547303	0.0139169177214824	0.0269765868495464	0.0476271705881333	0.0762546476462527	0.108600241706517	0.138761514308679	0.15528920936526	0.149304370955897	0.123079502940377	0.0831314293644506	0.0439076079728456	0.0169209018313027	0.004495856872734	0.000659199592915339	
1.44027261480053e-06	1.15221809184042e-05	7.20136307400265e-06	5.04095415180185e-05	0.000125303717487646	0.000525699504402193	0.00130344671639448	0.00310522775750994	0.00697668054609376	0.0150234836449843	0.0280665924446179	0.0496073096715746	0.0786691304930197	0.110362329381705	0.13931612975704	0.154567176475163	0.148065785891954	0.12108659927151	0.0799927410260214	0.0421625405256707	0.0162837221829348	0.00413214213186272	0.000557385501927805	
5.74839835250903e-06	7.18549794063629e-06	1.29338962931453e-05	2.01193942337816e-05	4.4550087231945e-05	0.000165266452634635	0.000546097843488358	0.00145434478318479	0.00334125654239588	0.00747435495784987	0.0156686968093515	0.0300483152881528	0.0515458880269485	0.0808584083259802	0.112277716621206	0.139858531916545	0.154305694075988	0.146456256125637	0.117652469080802	0.0779669639546681	0.0400677736165761	0.0157779163780492	0.00395489806652621	0.000488613859963268	
2.87047003946896e-06	8.61141011840689e-06	2.15285252960172e-05	2.29637603157517e-05	3.73161105130965e-05	0.000169357732328669	0.000602798708288482	0.001502691065662	0.0037086472909939	0.00848941514172946	0.0168281306063868	0.0313527090060998	0.0538959454610693	0.0835751704341586	0.114659490491568	0.14162038033728	0.153683530678149	0.144568353067815	0.114330821672049	0.0738830283458916	0.0382633656261213	0.0147097237172587	0.00364119124506638	0.000421959095801938	
7.13794215982709e-06	9.99311902375793e-06	2.71241802073429e-05	1.7131061183585e-05	3.85448876630663e-05	0.000214138264794813	0.000723787335006467	0.0016431542851922	0.00407005461953341	0.0088096482136586	0.0179504969435332	0.033725349116751	0.0563868878857701	0.0866132177557739	0.117650417855134	0.143262781913026	0.153175955984593	0.140707398619807	0.110199833828707	0.0707641309840938	0.0369217196159216	0.0134635865018659	0.00323919815212953	0.000378310934470836	
7.10992801908873e-06	5.68794241527099e-06	1.7063827245813e-05	2.13297840572662e-05	9.95389922672423e-06	6.96772945870696e-05	0.000268755279121554	0.000760762298042495	0.00189692879549287	0.00436976176053194	0.00947753404944528	0.0190034156094204	0.0358695868563027	0.0592384982694435	0.0894727561778165	0.120591489131764	0.144549102584885	0.151118676074523	0.137794670966751	0.106664562127973	0.0686890145924163	0.034454711180504	0.0123442570267419	0.00294493218550655	0.00035976235776589	
1.4145772182339e-06	1.4145772182339e-06	1.4145772182339e-05	1.4145772182339e-06	7.0728860911695e-06	4.66810482017187e-05	6.50705520387594e-05	0.000273013403119143	0.000884110761396188	0.00212469498178732	0.00484492697245111	0.0103928988223645	0.0206174629557591	0.0379714962690526	0.0612002687696715	0.0924468649432401	0.121598472256604	0.145248788768257	0.150269123315769	0.134796477702727	0.102988294373519	0.0668232132121512	0.0321420235527107	0.0119616649573859	0.00293949145949004	0.000339498532376136	
2.82673126689855e-06	2.82673126689855e-06	4.24009690034783e-06	8.48019380069566e-06	2.40272157686377e-05	0.000108829153775594	0.000397155742999247	0.00091727429610858	0.00229106569182128	0.00533262853500412	0.0112376701515552	0.0224442462591745	0.0402300393905002	0.0640947181112912	0.0932128768916132	0.124739410711333	0.145272786634084	0.14815181242942	0.132829515597196	0.100990627972485	0.0627944217285179	0.0307378757962549	0.0111429746541141	0.00272072884438986	0.000310940439358841	
2.82724274564852e-06	0	1.41362137282426e-06	1.13089709825941e-05	5.08903694216734e-05	0.00015267110826502	0.000419845547728805	0.00107859310746491	0.00262933575345312	0.00582553367740878	0.0123168830214178	0.023833656345817	0.0419746594232707	0.0667186879331866	0.0954392333648571	0.127600533217982	0.144134248794534	0.146986936724894	0.130204423786724	0.098287680431098	0.0601085943938604	0.0289071434528833	0.0104198031390876	0.00265336731679114	0.000241729254752948	
1.41516576544194e-06	0	0	1.41516576544194e-06	1.41516576544194e-05	5.37762990867935e-05	0.000198123207161871	0.00048964735484291	0.00108543214209396	0.00286146517772359	0.00603285165807897	0.0131100956510541	0.0254361894680533	0.0442522334853693	0.0691506599625547	0.0991422680295656	0.127929570030185	0.14488325590018	0.14561914209821	0.127643706545566	0.0946901565314853	0.0576665897759934	0.0270211751253483	0.0100929622391319	0.00236615715981892	0.000257560169310432	
9.92509389847763e-06	2.55216700246568e-05	4.39539872646867e-05	0.000265141794145045	0.000507597659379285	0.00143772074472233	0.00319871597642365	0.00650660798573055	0.0136214824403821	0.0271961751523856	0.0449294822078513	0.0711444909348446	0.102400029491708	0.129200618758711	0.145245241980879	0.144258404073259	0.125946605830567	0.0918794299593213	0.0545242122665653	0.0262802307726118	0.00906444647042393	0.00215374537596965	0.000160219372932567	
