# <P(N_1)> as a function of N_tot.
# number_of_species: 2
# species_total_upper_bound: 100
# species_total_lower_bound: 0
# volume: 512
# Bin widths for each species index 
1	1	1	1	1	1	1	1	1	1	1	1	1	1	1	1	1	1	1	1	1	1	1	1	1	1	1	1	1	1	1	1	1	1	1	1	1	1	1	1	1	1	1	1	1	1	1	1	1	1	1	1	1	1	1	1	1	1	1	1	1	1	1	1	1	1	1	1	1	1	1	1	1	1	1	1	1	1	1	1	1	1	1	1	1	1	1	1	1	1	1	1	1	1	1	1	1	1	1	1	1	
# Bin lower bound for each species index 
0	0	0	0	0	0	0	0	2	3	3	5	6	6	7	8	8	8	9	10	10	11	12	13	14	14	15	16	16	17	18	19	20	21	22	23	24	25	26	26	26	27	28	29	29	29	30	31	32	33	36	36	37	38	39	40	40	41	41	42	43	45	45	46	47	48	49	50	50	51	52	53	53	51	52	52	53	54	57	58	60	61	62	63	64	65	66	67	68	69	69	69	69	70	71	71	71	73	74	74	78	
# Bin upper bound for each species index 
0	1	2	3	4	5	6	7	8	9	10	11	12	13	14	15	16	17	18	19	20	21	22	23	24	25	26	27	28	29	30	31	32	33	34	35	36	37	38	39	40	41	42	43	44	45	46	47	48	49	50	51	52	53	54	55	56	57	58	59	60	61	62	63	64	65	66	67	68	69	70	71	72	73	74	75	76	77	78	79	80	81	82	83	84	85	86	87	88	89	90	91	92	93	94	95	96	97	98	99	100	
# Normalized histogram for each species index 
1	
0.0793689282632625	0.920631071736737	
0.00625286177402517	0.146336929247788	0.847410208978186	
0.00047308686885389	0.0174417483085996	0.201758229644634	0.780326935177913	
3.19604348080182e-05	0.0017861317281281	0.0322234235287242	0.246877922096897	0.719080562211443	
2.73700651772485e-06	0.000183379436687565	0.00417667194604813	0.0497815868798856	0.284171526373795	0.661684098357066	
4.55453463131498e-06	1.54854177464709e-05	0.000490067926329491	0.00780920507885266	0.067889893214381	0.315124607512978	0.608666186315081	
6.36976871369801e-06	2.72990087729915e-06	5.00481827504843e-05	0.00109469025179696	0.0128478234955289	0.0871466257060206	0.338435821395325	0.560415891298987	
9.96779496064533e-06	0.000144986108518478	0.00201621307158508	0.0183733646020041	0.107492700855599	0.35450009695946	0.517462670607872	
1.62840370299002e-05	0.00027592396078442	0.00330023150472644	0.0259314243013922	0.126658144687288	0.368467952562791	0.475350038945989	
9.01848247799039e-07	2.3448054442775e-05	0.000492409143298275	0.00525146234693381	0.034160207930132	0.146917392504198	0.376784983144456	0.436369195028291	
5.06148804133067e-05	0.000902029475937144	0.00752805962432913	0.0435577199442513	0.164952991429816	0.38079201441801	0.402216570227243	
9.4996231816138e-05	0.00148103649031446	0.0105355344714183	0.0527826205750981	0.181454564207048	0.382861955999555	0.37078929202475	
9.96634094852385e-06	0.000191172540012594	0.00218987691568929	0.0136765378743607	0.0626212382725613	0.197172277263605	0.383209433594723	0.340929497198099	
1.72845593392568e-05	0.000352968895980612	0.00296293735620839	0.0170143743853747	0.0735694525434229	0.212409949720127	0.379558916239935	0.314114116299612	
6.92407839150015e-05	0.000561214774890012	0.00416629085320134	0.0213799141596492	0.0842359689473305	0.22621692955388	0.375246784175565	0.288123656751569	
1.27680375891027e-05	0.000127680375891027	0.00082171441912725	0.00551305623043754	0.0265702862229226	0.0959198823881337	0.238178621197861	0.367811594837335	0.265044396290703	
2.7361378137894e-06	2.46252403241046e-05	0.000161432131013575	0.00117927539774323	0.00741584552130722	0.0324350896905975	0.107035887183566	0.24799988325812	0.358604606196805	0.24514061924271	
7.30545571432746e-06	3.37877326787645e-05	0.00021551094357266	0.00166290435697379	0.0093354592209462	0.0382376683907542	0.118188575728354	0.25706985476754	0.349776087782356	0.22547284562111	
1.64545552607956e-05	5.57626594949183e-05	0.000341889092640974	0.00229998116867565	0.0117238706233168	0.0452893350714219	0.129202082049726	0.264064531109165	0.339513237689707	0.207492855980591	
2.74224288045192e-06	7.31264768120512e-06	8.95799340947628e-05	0.000544792252249782	0.00317917357940393	0.0144269397940576	0.0514910945662457	0.139300453841197	0.270480212432415	0.328904611081403	0.191573087628371	
2.73649970673845e-06	1.73311648093435e-05	0.000114020821114102	0.00077078075073133	0.00414579705570875	0.016938933184711	0.0584525459025022	0.150419915879999	0.274897814540118	0.31932215077931	0.174917973421291	
4.57034631342155e-06	2.37658008297921e-05	0.000198353030002495	0.00100364805042737	0.00519831189688567	0.0203864867656482	0.0662179195966395	0.160689720102851	0.278798437672816	0.306086147371731	0.161392639365855	
9.13104418055727e-06	4.65683253208421e-05	0.000274844429834774	0.00132126209292664	0.00646112686216232	0.0242082243314934	0.0735642574406596	0.169945168079696	0.280407975053987	0.294616792903352	0.149144649436386	
6.38597566760814e-06	6.11229099613922e-05	0.000322947912333326	0.00166673964924573	0.00788576766725783	0.0278364679351039	0.0808637853144454	0.177782825739496	0.281033104897861	0.284432268517505	0.138108583481123	
1.82180389556327e-06	1.27526272689429e-05	6.10304305013695e-05	0.000406262268710609	0.00213242145975681	0.00925294198556585	0.0322887413430156	0.087592331298682	0.186549986199835	0.282549942476542	0.27285612394825	0.126295644157976	
5.46195882229244e-06	1.45652235261132e-05	7.91984029232404e-05	0.000562581758696121	0.00272824843173507	0.0110276948622084	0.0361672706682798	0.0960503665429533	0.194476685173604	0.281588556103876	0.261152637170268	0.116146733703108	
2.72122171970328e-06	1.45131825050841e-05	0.000104313499255292	0.000652186138822219	0.00344778791886405	0.0134364857779882	0.0414079238348182	0.104152040099923	0.201278792793479	0.279876746797576	0.248773182541367	0.106853306193682	
9.07078843293059e-07	4.5353942164653e-06	1.17920249628098e-05	0.000149668009143355	0.000923406262472334	0.00446554914553173	0.0156570879140815	0.0461521715467508	0.112146692790537	0.20629694133014	0.277920793875404	0.237448750045354	0.0988217045825623	
4.51483982702746e-06	1.08356155848659e-05	3.52157506508142e-05	0.000239286510832455	0.0012325512727785	0.00522637858376698	0.0178751538431671	0.0518962778757498	0.119155652714909	0.212122525529162	0.274486008059892	0.227273425020701	0.0904421743829794	
8.99235290309121e-06	1.34885293546368e-05	5.39541174185473e-05	0.000340810175027157	0.00156017322868633	0.0062209097383585	0.0205538210305956	0.0573001719337875	0.127133885343904	0.216905443610753	0.270079924032603	0.215933370261929	0.0838950556446798	
3.59407444945518e-06	1.52748164101845e-05	6.91859331520123e-05	0.000424100785035712	0.00181770315281196	0.00716119334053945	0.0234612194874311	0.0625243161599471	0.13377055249011	0.220559363776941	0.26647725894318	0.206372653406329	0.0773435836336632	
8.99188392556878e-07	1.79837678511376e-05	7.46326365822209e-05	0.000472073906092361	0.00231361173404885	0.00857106375785216	0.0262572002510534	0.0687078842636636	0.140661838624458	0.225477783752385	0.262698788073885	0.194483659049342	0.0702625809943945	
8.97456607973005e-07	3.23084378870282e-05	9.69253136610845e-05	0.00066322043329205	0.00286647640586578	0.00992048534453359	0.0295496562741191	0.0746037729075799	0.147162242205589	0.229156570279827	0.256544253585339	0.185218889666685	0.0641843016890133	
8.98018342922673e-07	4.57989354890563e-05	0.000222708549044823	0.000836055077261008	0.00340708159304862	0.0115242693947267	0.0332302707615106	0.0799730235289786	0.155576289801295	0.231516312952208	0.249693102231306	0.175120761016665	0.0588534281401232	
1.25526989199299e-05	7.08330867624617e-05	0.000279745861644152	0.00108401521387109	0.00410024944005997	0.0129875602753704	0.0372214421616465	0.0860245423196312	0.161746905311406	0.233044441933905	0.243854108946667	0.164978328661936	0.0545952740881809	
3.58057502244573e-06	8.41435130274747e-05	0.000392968108713419	0.00132481275830492	0.00469950471696002	0.0149560618687558	0.0408865861813078	0.0911650206464907	0.168102626441293	0.233508095232554	0.236806699971982	0.157502334087343	0.0505675658982454	
1.6074456884288e-05	0.000105376995130333	0.000410791675931805	0.00161905501840079	0.00541262684309276	0.0169969521043697	0.0454273081803804	0.0984346158070851	0.172269061403532	0.233648481990804	0.230789014716165	0.148526195560056	0.0463444452481673	
2.95362539616619e-05	0.00011724997784781	0.000495851051356385	0.00192343665950338	0.00636461520973873	0.01892915863743	0.0496826642775119	0.104322944030589	0.177038516170204	0.23406765234218	0.224872926980115	0.139565065234845	0.0425903831747177	
8.09733354806262e-06	3.23893341922505e-05	0.000138554374044627	0.000541621643992633	0.00224745991145116	0.00709416389183042	0.0214822259030101	0.0540182118028533	0.110462024855215	0.181029387022853	0.233170816850011	0.218266324899211	0.132018026463885	0.0394906957139014	
9.02869318694812e-07	1.26401704617274e-05	5.50750284403835e-05	0.000185991079651131	0.000688889290164142	0.00249462792755377	0.00834702685133354	0.0244406724570686	0.0586512938117337	0.116109897253472	0.18480922371296	0.232144856353491	0.211346358728038	0.124255584246736	0.0364569602195778	
1.8141346487019e-06	9.07067324350948e-06	8.43572611646382e-05	0.00022041735981728	0.000863528092782102	0.00294615466949188	0.00984802994047824	0.027290934587747	0.0627681517777613	0.121171495590746	0.1888414391893	0.229902562828018	0.204167248701533	0.118369564625826	0.0335152305674432	
1.81422680374964e-06	2.90276288599943e-05	7.43832989537354e-05	0.000292090515403693	0.0010232239173148	0.00332457061787122	0.0111057893791534	0.0301352143236835	0.0679772641096954	0.126249321932732	0.192335254599519	0.227972111705573	0.19770173748501	0.111549549255351	0.0302286470040766	
9.09559745796242e-07	3.45632703402572e-05	0.000105508930512364	0.000349270942385757	0.00116605559411078	0.00406391294421761	0.0129876036102245	0.0336291524813245	0.0723045424323265	0.131989852951476	0.194916834404643	0.224721288154894	0.190278079701082	0.105407059820835	0.0280453652018813	
2.73780081586464e-06	1.82520054390976e-06	4.56300135977441e-05	0.000106774231818721	0.000404281920476012	0.00138897761391533	0.00489792565958185	0.0146974273798334	0.0362813364118382	0.0767022276572638	0.136848973780994	0.196739279228305	0.2218476505106	0.184703906841764	0.0990372067130876	0.026293839035564	
3.65693221784711e-06	9.14233054461777e-07	3.65693221784711e-06	4.84543518864742e-05	0.000145363055659423	0.000435174933923806	0.00165841876079366	0.00582366455692152	0.0163949413656631	0.039394302316758	0.0813895976734597	0.142143126841608	0.19871312555254	0.21985110800475	0.177176537488584	0.0932261730295764	0.0235917839703862	
1.82934247028919e-06	0	3.65868494057838e-06	6.21976439898325e-05	0.000151835425034003	0.000587218932962831	0.0020058740186721	0.00666978264667439	0.0183016567440082	0.0431185166959514	0.0858364073909094	0.146529417198929	0.200678868990724	0.215776432398021	0.171172489616195	0.0873282361754303	0.0217755780950874	
1.83081276186344e-06	9.15406380931719e-07	3.66162552372688e-06	5.03473509512445e-05	0.000245328910089701	0.000703947506936492	0.00257595355594186	0.0077690539549675	0.0203449068162075	0.0468120515080862	0.0913328408447004	0.149742175792811	0.201886469469824	0.212717557769008	0.163943790386585	0.0818080374511059	0.0200611308381186	
9.16580202600888e-07	2.74974060780266e-06	3.66632081040355e-06	7.14932558028693e-05	0.000263058518146455	0.000913830461993085	0.00272774268294024	0.00879916994496852	0.0224076362129839	0.0498857941067559	0.0955076571110125	0.154160540855646	0.202975769285764	0.208710811613438	0.157565636308308	0.0768873302951755	0.0191161967054441	
9.17943219704202e-07	0	6.42560253792941e-06	9.27122651901244e-05	0.000314854524358541	0.000999640166257876	0.00326787786214696	0.00990093556772952	0.0243218235492825	0.0532884397902683	0.10035873221026	0.157618194368969	0.204188207734222	0.205300754916504	0.149837707638756	0.0727157900920881	0.0177869857682083	
2.30095158153606e-05	0.000106764153383273	0.000358028066087011	0.00116244073899202	0.00402942640958595	0.0105908199394942	0.0263081600026507	0.0567414660006792	0.104746679036582	0.161794631787922	0.205495224605088	0.199415190146037	0.14410399564844	0.0685766405554681	0.0165475233937747	
3.6780797481251e-06	3.21831977960946e-05	0.000131491350995472	0.00041838157134923	0.00135261382737301	0.00454150896899747	0.0115602046483572	0.0285041985280325	0.0604814238582321	0.109263795557615	0.165400487713375	0.203838260121156	0.195317988384624	0.139546345643866	0.0645981146163211	0.0150093239321615	
8.27650135734622e-06	2.2990281548184e-05	0.00016001235957536	0.000473599799892589	0.00169116511068441	0.00503395204779036	0.0129803129621047	0.0306589198613962	0.06461372648554	0.113866266451845	0.167328786775254	0.20197606067963	0.191699404827591	0.134980541025698	0.0608828635959007	0.0136231212341919	
5.51833743529749e-06	3.3110024611785e-05	0.000163710677247159	0.000614374901129788	0.00180541606424816	0.00559651388229754	0.0142547853182793	0.0340315869634796	0.0686140879475832	0.117782474496084	0.169457105963115	0.201342059664264	0.188474216488056	0.128573583350808	0.0569924693088466	0.0122589866125134	
1.10123871000898e-05	3.02840645252468e-05	0.000170692000051391	0.00066624941955543	0.00210887212966719	0.00578517402324715	0.016199221424232	0.0368814020971256	0.0722770496346641	0.121300526208564	0.171458278653772	0.200960463694913	0.184136289302751	0.1227000170692	0.0539331658226896	0.0113813020679428	
1.46748332113488e-05	4.12729684069185e-05	0.000188021300520406	0.000826376545214078	0.00239199781344985	0.00676509811043179	0.0175345913334104	0.0397908102525722	0.0763210560009979	0.124910345940849	0.174528708559647	0.199581400382646	0.178824765982269	0.117287687264629	0.0504850949553426	0.0105080977564014	
1.83627581229956e-06	1.37720685922467e-05	4.77431711197885e-05	0.000275441371844934	0.000937418802178925	0.00282235592350442	0.00797035516328624	0.0193864818883526	0.0425556919500423	0.0800102096935164	0.129305952012604	0.17684713279304	0.198292998004886	0.173123165445696	0.111999970619587	0.0470215147255548	0.00938796009038149	
6.43043100423122e-06	1.83726600120892e-05	7.80838050513791e-05	0.000316009752207934	0.000964564650634684	0.00328411297716095	0.00890706557386085	0.0214151725100912	0.0454107851188803	0.0831739505077285	0.133629868065928	0.178669525452565	0.196409247327237	0.167500785431216	0.106667989498188	0.0445371651353055	0.00901087110292915	
6.42296706210734e-06	1.28459341242147e-05	2.11040346326384e-05	0.00010643773988635	0.000389048290619073	0.00115246380428669	0.00367852499314119	0.00966840056191786	0.0230878138881064	0.0484603689168767	0.0881992661301348	0.136745886318988	0.180465187977307	0.193523080014571	0.163177313346283	0.101671898326267	0.0413574849129092	0.00827645184288689	
2.7544845303558e-06	1.46905841618976e-05	1.65269071821348e-05	0.000123033642355892	0.000463671562609892	0.00139652365689039	0.00417120774046879	0.0107131085000638	0.0252163877138972	0.0516502575902117	0.0918703225409569	0.141395036235244	0.181090830963712	0.190333044724565	0.158001823468759	0.0964868386138332	0.0393009852791165	0.00775295579144145	
1.83309991861036e-06	7.33239967444145e-06	3.20792485756814e-05	0.000143898343610914	0.000536181726193531	0.00166445472609821	0.00453875539847926	0.011763918727682	0.0274754181300914	0.0545915486761352	0.0961360086815612	0.143600464874139	0.181544716639415	0.187944985005243	0.153581693930973	0.0922489203041479	0.0372192607474648	0.0069685293405973	
1.37016082034269e-05	2.28360136723781e-05	0.000168986501175598	0.000633014298998321	0.00188808161043222	0.00526233099066281	0.0132458013705262	0.0298411892265168	0.0585314433639458	0.10003544149322	0.146612688419949	0.180633781589058	0.185104159625562	0.148375628675456	0.0884009492474163	0.0347408843200623	0.00648908164514296	
9.1374269005848e-07	1.18786549707602e-05	3.56359649122807e-05	0.000224780701754386	0.000711805555555556	0.00222313596491228	0.00580866228070175	0.0147203947368421	0.0319636330409357	0.061797331871345	0.103674159356725	0.148050986842105	0.180875365497076	0.182150036549708	0.145381944444444	0.0837719298245614	0.0323556286549708	0.00624177631578947	
9.13935598614108e-07	2.01065831695104e-05	6.58033631002158e-05	0.000257729838809178	0.000861841269493104	0.00242192933632739	0.00655017643526731	0.016386865283151	0.0340249084008046	0.0649844768038575	0.106175554233395	0.150643090783965	0.182386815930629	0.179983165306274	0.139739839092499	0.0794868068826662	0.0304121209794831	0.00559785554151141	
1.82654573716189e-06	1.46123658972952e-05	0.000118725472915523	0.000315992412529008	0.000945237418981281	0.00272885933131987	0.00759569044798774	0.0173375721371407	0.0366459871246791	0.0673337820547361	0.109944354284117	0.154533988819714	0.18284727429146	0.175344737676068	0.13449495553731	0.0761733501497311	0.0283333774748553	0.00528967645482085	
5.48728458978432e-06	3.01800652438138e-05	0.00012712209299667	0.000328322527955429	0.00103435314517434	0.00310397398295467	0.00862966956486748	0.0187198713780492	0.0381860134603091	0.0707018328445077	0.113947122696598	0.156567776652884	0.181658385439673	0.172426029117361	0.130230639716783	0.0729360722199816	0.0265026700212266	0.0048644777888438	
1.00784839028288e-05	2.38218710430498e-05	0.000126439161690033	0.000423296323918808	0.00120758561672075	0.00369239001167272	0.00931435157783247	0.0201798734508912	0.0411880150334331	0.0747237121071911	0.116179265076954	0.157349871820009	0.180727373345525	0.170520617829388	0.126385104367282	0.06880855828204	0.0248104786913364	0.00432916694916962	
1.3753732992363e-05	4.40119455755616e-05	0.000131118921193861	0.000495134387725068	0.00136070265071111	0.00410869850258524	0.0100017146320464	0.0219637946732709	0.0440146963221601	0.0783651029283531	0.119463090940599	0.159451611158129	0.180062038504951	0.167202298157091	0.121507812578797	0.0650487386451473	0.022844950500315	0.00392073081835628	
6.41622608580877e-06	1.55822633512499e-05	4.76633937802938e-05	0.000147573199973602	0.000505048653325805	0.00175712934378506	0.0046297654227743	0.010650018698716	0.0239426059410587	0.0466982100562428	0.0809516913171962	0.122991721235142	0.161826387921363	0.17905120515058	0.163626597640295	0.116513166095928	0.0614261987343536	0.0214476105974056	0.00376540810864321	
1.10207612774532e-05	7.34717418496878e-06	3.7654267697965e-05	0.00016714821270804	0.000625428202495468	0.00195526672997482	0.00509710209082209	0.0118491551668084	0.0257913365795598	0.0490956546975077	0.0841012661017914	0.12567616962421	0.162945629074238	0.179411564819526	0.159480518049252	0.112156450727095	0.0583521757737952	0.0199870689734345	0.00325204297362181	
8.26974815860274e-06	8.26974815860274e-06	3.67544362604566e-05	0.000193879651273909	0.000693739984416119	0.00211062350225672	0.00546814125464944	0.0128098398976756	0.0271890942236728	0.0517015466266778	0.0876189006013026	0.129515282494597	0.164955747658742	0.177236323674267	0.155325166497596	0.108133389200076	0.0551867860450756	0.0186951440038813	0.00311310075126068	
9.15482642449099e-07	5.49289585469459e-06	6.13373370440896e-05	0.000220631316830233	0.000840413065768273	0.00234912846052439	0.00605317123187344	0.0140013915336165	0.0290189688003515	0.0553134612567746	0.0913505199941409	0.132108722718617	0.165880877398565	0.174956972315805	0.151526109564963	0.103492566280943	0.0528315878130951	0.0170673429031786	0.00292038962941263	
1.82707802719423e-06	0	1.09624681631654e-05	9.04403623461144e-05	0.000266753391970357	0.00102225015621517	0.00280273769371595	0.0067748053248362	0.0151583528526169	0.0313051549179459	0.0580444418459335	0.094364012409514	0.134914182145063	0.167270820467659	0.172175611431662	0.147975962961474	0.0992030285645379	0.0498098011773691	0.0161961331720632	0.00261272157888775	
1.833214174412e-06	0	9.16607087205998e-07	2.74982126161799e-06	7.33285669764799e-06	1.374910630809e-05	0.000115492492987956	0.000378558727016077	0.00121175456928633	0.00300922106729729	0.00746851454655447	0.0165667564941612	0.0337916368769363	0.0608232964857284	0.0972245137399402	0.137228913453959	0.166861903976242	0.170668573209408	0.143811068947185	0.0953922161726155	0.0474509156904801	0.0156336504793855	0.00233643146528809	
1.83402277306077e-06	9.17011386530387e-07	1.83402277306077e-06	6.41907970571271e-06	5.50206831918232e-06	2.47593074363204e-05	0.000143970787685271	0.000467675807130497	0.00132691547630947	0.00332966834449183	0.00808620640642495	0.0176919006803307	0.0359945309440907	0.0631417360309363	0.100535626350872	0.140053315042013	0.168355954475887	0.168461410785338	0.140239468353479	0.0909051727695303	0.0449794085093155	0.014199921320423	0.00204585240334929	
9.17865705232936e-07	1.83573141046587e-06	2.75359711569881e-06	4.58932852616468e-06	8.26079134709642e-06	2.11109112203575e-05	3.57967625040845e-05	0.000156955035594832	0.000474536569605428	0.00143187050016338	0.00363291246131196	0.00873808151381755	0.0194330527111917	0.0376765514684016	0.0664470519989279	0.104542150228916	0.143023669920807	0.166986389887323	0.167400347320383	0.1352172220978	0.0877883475112989	0.0421171857503185	0.0129079454126908	0.00195046462361999	
1.8347900036971e-06	1.8347900036971e-06	4.58697500924275e-06	2.75218500554565e-06	1.46783200295768e-05	1.46783200295768e-05	6.23828601257015e-05	0.00017063547034383	0.000594471961197861	0.00155406713313145	0.00428331726363088	0.00976383500467413	0.0208624797370379	0.0405626200067337	0.0698743077107967	0.107458146146528	0.144514482456197	0.167302574302115	0.164041235070543	0.13194525353587	0.083914120819087	0.039234232044057	0.0119316393940423	0.00188983370380801	
9.1536616019457e-07	1.83073232038914e-06	1.18997600825294e-05	9.1536616019457e-06	9.1536616019457e-06	2.37995201650588e-05	6.68217296942036e-05	0.00021236494916514	0.000637094847495421	0.00175841839373377	0.00471138962652145	0.0105459335316016	0.0225134307099855	0.042853782155669	0.072835685366682	0.110749236355781	0.145395845519145	0.167599882466985	0.161800122475992	0.127987411884565	0.0806327743192193	0.0367922274428606	0.0111134605509223	0.00173736497204929	
9.14979216247103e-06	5.48987529748262e-06	5.48987529748262e-06	2.83643557036602e-05	7.1368378867274e-05	0.000259854097414177	0.000739303206727659	0.00207608784166468	0.00507904962938767	0.0118105517233176	0.0239294514425105	0.0455943293248094	0.0762799873000885	0.113149074818765	0.147170747016482	0.166456678936538	0.159806609992854	0.124573505312827	0.0762012990874912	0.0347774450303361	0.0102633218686438	0.00171284109281458	
1.8326833416415e-06	7.33073336656599e-06	5.49805002492449e-06	2.1992200099698e-05	0.000112710025510952	0.000286814942966894	0.000867775562267249	0.00229726856874762	0.00582701668474914	0.0126959138492215	0.0261908776353986	0.0478852666920799	0.079334112834648	0.115393990264786	0.148540817523385	0.166442468404539	0.156665102776882	0.120398132129138	0.0730131879893264	0.0327628800985251	0.00975903879424098	0.00148997155675454	
9.18421233898928e-07	4.59210616949464e-06	4.04105342915528e-05	0.000135007921383142	0.00031685532569513	0.000956994925722683	0.00257800840355429	0.00645190916813997	0.0140555185635892	0.0280357265859987	0.050377241521824	0.0821729846394049	0.118277041765206	0.150734966592428	0.165899938006567	0.15200514315891	0.11656326774275	0.0702390191261222	0.0308718113562786	0.00900144651344339	0.001281197621289	
9.19711909441487e-07	2.75913572832446e-06	4.69053073815158e-05	0.000123241395865159	0.00034673138985944	0.0011018148675109	0.00296515119603935	0.0069521023234682	0.0148423107945667	0.0302125362251528	0.0530609391914077	0.0851349723212701	0.12123090563112	0.151805808348593	0.163464076512673	0.149816471488471	0.113046389349	0.0669007640046832	0.0293452478945495	0.00841720339520849	0.00118274951554175	
1.83977746051838e-06	4.59944365129594e-06	4.04751041314043e-05	0.000160060639065099	0.00040751070750482	0.00123173100981705	0.00316993656447316	0.00744741916017838	0.0160180224600032	0.0320001692595264	0.0558602431449892	0.0880177133773899	0.123613727683499	0.15200793312041	0.162133148374373	0.146744329805867	0.109865990609776	0.0642413493663806	0.0279416201816228	0.00792300163372238	0.00116917857615943	
9.19852345301532e-07	1.3797785179523e-05	5.79506977539965e-05	0.000187649878441513	0.000505918789915843	0.00130435062563757	0.00350463743559884	0.00817564764504002	0.0173116211385748	0.0331073256120927	0.0581135116191149	0.0902927062147984	0.125421867281864	0.153388138136066	0.162119376597669	0.143816154630859	0.106399320781028	0.0614902895787168	0.0261697992238286	0.00759246125811885	0.00102655521735651	
7.37401948584649e-06	2.39655633290011e-05	9.58622533160044e-05	0.000201863783425048	0.00055673847118141	0.00156144862612799	0.00400777959055757	0.00849671395256662	0.018302316363871	0.034707666215008	0.0605388564739282	0.0931292573440625	0.128098701250818	0.154329932066845	0.160592318115201	0.141391293126492	0.102106204315645	0.0588520495165408	0.0249960825521481	0.00706984118205532	0.000933735217395312	
1.19940583280283e-05	3.04464557557641e-05	8.7648887781745e-05	0.000255565704374141	0.000667976786884036	0.00185815642097299	0.00435937889230258	0.00928985948499359	0.0195438567355864	0.0364997647319328	0.0629531216843348	0.0961720501536162	0.129433419136981	0.154715971472594	0.159991511897183	0.138533218928469	0.098451843855813	0.0563121038500927	0.0236679675606853	0.00635685091385498	0.000807292387463441	
6.45673663616935e-06	1.84478189604838e-05	7.84032305820564e-05	0.000278562066303306	0.000804324906677096	0.00202372573996508	0.00460365322158874	0.010179506502395	0.0206052913879124	0.0384600129688167	0.0653264941119174	0.0992215942789624	0.131357694908125	0.156310214834076	0.158317337536976	0.134788066843827	0.0955716932976307	0.0534368747918855	0.0220285406207138	0.00583320035530499	0.000749903840743668	
2.77513112494565e-06	4.44020979991305e-05	0.0001276560317475	0.000337640953535055	0.000917643358648696	0.00215072662183288	0.00487775547394614	0.0111597272971148	0.022247301184981	0.0405742671341221	0.068579040359657	0.102023995633794	0.134209041377205	0.155853214064365	0.155547024596912	0.131173972970223	0.091777286476786	0.0513750774724106	0.0208051580437176	0.00544110709231011	0.000775186627568153	
3.7157316647221e-06	4.83045116413873e-05	0.000143055669091801	0.00033534478274117	0.000978166360738093	0.00236877893626034	0.00546026768130913	0.0119665138262375	0.0234518404018935	0.0425079702444208	0.0710373579661571	0.104599704227759	0.135958621612182	0.155310152122054	0.153715174304972	0.128585681056457	0.0893670622682312	0.0491098964797158	0.0191824647191278	0.00511934930107087	0.000750577796273864	
1.02283811541147e-05	4.92822001061892e-05	0.000133898807835684	0.000438890536794742	0.00107490987401424	0.00265194027741229	0.00577903535207483	0.0129128662806538	0.0252808388016429	0.0455265245169647	0.0734472155092014	0.106746175282838	0.137649834160747	0.155419321783941	0.151535326503874	0.125671469976447	0.0858588911133035	0.0462694769298863	0.0181730437523653	0.00473202106302635	0.000638808895716075	
3.72317106202524e-06	7.44634212405047e-06	6.42247008199353e-05	0.000158234770136073	0.000468188761049674	0.00120630742409618	0.00285567220457336	0.00669612315505239	0.0141340881442133	0.0270339450813652	0.0471837468690458	0.0760494921129275	0.108672847751158	0.138517786984352	0.15533535067152	0.149592359308347	0.123064765491417	0.0829941369363701	0.0438515087685332	0.017034438401531	0.00447711320208535	0.000598499748220557	
9.28231032991187e-07	8.35407929692069e-06	7.4258482639295e-06	5.75503240454536e-05	0.000160583968707475	0.00053930223016788	0.00128838467379177	0.00314484673977414	0.00715480480229607	0.0150438403516882	0.0281653142340516	0.0497309058235359	0.0784160294360625	0.111054489018099	0.139359966138132	0.154482706127624	0.148153098713657	0.120959642371148	0.0795828158445324	0.0418427985051767	0.0162134114532571	0.00414455156230565	0.000488249523353365	
3.70754513241034e-06	4.63443141551293e-06	8.34197654792327e-06	2.87334747761801e-05	5.93207221185654e-05	0.00018630414290362	0.000568181291541885	0.00147838362154862	0.00342855236119646	0.00775154998558692	0.0160444015605057	0.0303416224773631	0.0516878135772156	0.0806520830378883	0.112990218569054	0.140349120987393	0.154445207580818	0.146780784905842	0.117100032348331	0.0767165238798348	0.0394612566168095	0.0156263758468265	0.0038382360983278	0.000448612961021651	
1.85152783448082e-06	5.55458350344245e-06	1.48122226758465e-05	3.51790288551355e-05	5.55458350344245e-05	0.000179598199944639	0.000635074047226921	0.00153861963045356	0.00385210365963734	0.0086096044303358	0.0171729206648096	0.0317518508335115	0.0541701498534053	0.0835974074907262	0.115542742982941	0.141969599764486	0.153929543811314	0.144500638314221	0.113397747986695	0.0726122928487515	0.0378304167141121	0.0145594891264399	0.00363177184733412	0.000405484595751299	
4.61704817335723e-06	6.46386744270012e-06	2.77022890401434e-05	2.58554697708005e-05	6.55620840616727e-05	0.000221618312321147	0.000760889538969272	0.00170461418560349	0.00418950951250435	0.00896630755265974	0.0183047491880921	0.0341966290007877	0.0567241304482323	0.0867478713099397	0.118010827901376	0.14353479361333	0.153166879512587	0.140840284299358	0.10942681193747	0.0699261179951299	0.0361154742216349	0.0133534267269838	0.00328826170906502	0.000390602275466022	
4.60484023967272e-06	3.68387219173818e-06	1.10516165752145e-05	2.30242011983636e-05	2.85500094859709e-05	6.90726035950909e-05	0.000254187181229934	0.00075795670345013	0.00190456192312864	0.0044814305212495	0.00971437096961358	0.0195199177759727	0.0362345668779367	0.0595258488102014	0.0891764151134541	0.121191106395755	0.144363583449836	0.151499243885233	0.137719719952036	0.10623366432925	0.067748251542161	0.033922937077621	0.012296765376022	0.002940650977055	0.00037483399550936	
9.17815159369424e-07	9.17815159369424e-07	9.17815159369424e-06	9.17815159369424e-07	1.19315970718025e-05	4.58907579684712e-05	7.98499188651399e-05	0.000252399168826592	0.000858157174010412	0.00217613974286491	0.0049919966518103	0.0105447783659953	0.0208215547054548	0.0383931259315824	0.0612265314663749	0.0924074658756324	0.121778468790613	0.145223139221546	0.150408794871983	0.134920664057624	0.10284761331346	0.0658220319693376	0.0319895295646619	0.0119407752233962	0.00289203556717306	0.000355194466675967	
1.82909820885558e-06	1.82909820885558e-06	2.74364731328337e-06	1.09745892531335e-05	2.37782767151225e-05	9.87713032782013e-05	0.000381366976546388	0.000927352791889779	0.00241989693031593	0.0054333362294055	0.0112910232432655	0.0226277739417524	0.0403096663267593	0.0643476749875393	0.0935730061686337	0.124433551148445	0.145282527082085	0.148774275562791	0.132758691646051	0.100165076113349	0.062311888681083	0.030528563654904	0.011215115667598	0.00274730550970108	0.000331981324907288	
1.82843267665174e-06	0	9.14216338325869e-07	7.31373070660695e-06	3.83970862096865e-05	0.000142617748778836	0.000402255188863382	0.00113545669220073	0.00262197245831859	0.00580344531569262	0.0123848887353005	0.0238747596753801	0.0419159048959028	0.0669343492105285	0.0962569240459924	0.126812776721858	0.145200409934606	0.147967742790719	0.129774837658034	0.0968529930985809	0.059476172322466	0.0290574520973494	0.0104485785307264	0.00260277391521375	0.000285235497557671	
9.16078925695922e-07	0	0	9.16078925695922e-07	9.16078925695922e-06	5.40486566160594e-05	0.000185047942990576	0.000454375147145177	0.00113593786786294	0.00285999840602267	0.00622567237902949	0.0130238940866189	0.0252718693231734	0.0441485916660636	0.0695239779078406	0.0991408095755898	0.127915764710624	0.146001910940639	0.145564941293082	0.126783491158464	0.0940648162483087	0.057354785458896	0.0273128931696239	0.0101913780483671	0.00245600759979077	0.000318795466142181	
6.41904438769194e-06	1.8340126821977e-05	6.14394248536229e-05	0.00023108559795691	0.000490598392487884	0.00147821422185134	0.00308847735682092	0.00679043195583697	0.0136102081145891	0.0271498067409136	0.0455761321589539	0.0711551070375652	0.102268215184708	0.129802247582542	0.145091494307683	0.144123135611483	0.124735787547971	0.0911898615778928	0.0546994282465463	0.0265124873338499	0.00949284964305528	0.00220631725668383	0.000221915534545921	
