# <P(N_1)> as a function of N_tot.
# number_of_species: 2
# species_total_upper_bound: 100
# species_total_lower_bound: 0
# volume: 512
# Bin widths for each species index 
1	1	1	1	1	1	1	1	1	1	1	1	1	1	1	1	1	1	1	1	1	1	1	1	1	1	1	1	1	1	1	1	1	1	1	1	1	1	1	1	1	1	1	1	1	1	1	1	1	1	1	1	1	1	1	1	1	1	1	1	1	1	1	1	1	1	1	1	1	1	1	1	1	1	1	1	1	1	1	1	1	1	1	1	1	1	1	1	1	1	1	1	1	1	1	1	1	1	1	1	1	
# Bin lower bound for each species index 
0	0	0	0	0	0	0	0	2	3	3	4	5	6	7	8	8	8	9	10	10	11	12	13	14	14	15	16	16	17	18	19	20	21	22	23	24	25	26	26	26	27	28	29	29	29	30	31	32	33	36	36	37	38	39	40	40	41	41	42	43	45	45	46	47	48	49	50	50	51	52	53	53	51	52	52	53	54	57	58	60	61	62	63	64	65	66	67	68	69	69	69	69	70	71	71	71	73	74	74	78	
# Bin upper bound for each species index 
0	1	2	3	4	5	6	7	8	9	10	11	12	13	14	15	16	17	18	19	20	21	22	23	24	25	26	27	28	29	30	31	32	33	34	35	36	37	38	39	40	41	42	43	44	45	46	47	48	49	50	51	52	53	54	55	56	57	58	59	60	61	62	63	64	65	66	67	68	69	70	71	72	73	74	75	76	77	78	79	80	81	82	83	84	85	86	87	88	89	90	91	92	93	94	95	96	97	98	99	100	
# Normalized histogram for each species index 
1	
0.0794471005463093	0.920552899453691	
0.00625608341444553	0.146336173371201	0.847407743214354	
0.000471577430963828	0.01749561183383	0.201550767672788	0.780482043062419	
3.10088782848369e-05	0.0018056026841285	0.0322394877687695	0.246734986608594	0.719188914060223	
2.65557227582544e-06	0.000181464105514738	0.00418341152518368	0.0498388952819333	0.284171904045322	0.661621669469771	
4.41664509871643e-06	1.50165933356359e-05	0.000485830960858808	0.00784484502434013	0.0679403682245352	0.315082578013411	0.608626944538421	
6.17755165977576e-06	2.6475221399039e-06	4.85379058982381e-05	0.00109342664378031	0.0129102004615514	0.0872111443031942	0.338553658654971	0.560174206956806	
9.6748800534757e-06	0.000147761804453083	0.00202468853482737	0.0184702255566354	0.107555641554489	0.354690777640473	0.517101230029069	
1.5811554381206e-05	0.000273188522919727	0.00328704647191517	0.0260600768792911	0.12674454150006	0.368582265760606	0.475037069310827	
8.75461258650652e-07	2.53883765008689e-05	0.000479752769740557	0.00520636810519542	0.0342445425933789	0.14673956340747	0.376667206534443	0.436636302752012	
2.63241023481099e-06	5.08932645396792e-05	0.000888877189287845	0.0075032466392896	0.0435909585483135	0.164765189007055	0.380944859780281	0.402253343160998	
2.63423860406428e-06	9.57106692810021e-05	0.00146375858432505	0.0104825134851065	0.0528068251366072	0.181364693651222	0.382750478772866	0.371033385461988	
1.4946329489196e-05	0.000191664695802631	0.00216545938422881	0.0136530323904544	0.0625512681081376	0.196940750112317	0.383300378142136	0.341182500837434	
1.94059315111752e-05	0.000353717206180966	0.00295146576529055	0.016987246774646	0.0733932329752645	0.212228559532987	0.379632945626344	0.314433426187775	
6.71408933979299e-05	0.000555679236148657	0.00415213419697725	0.021315466788227	0.084148741814995	0.226243608363635	0.375438624389106	0.288078604317513	
1.23807578261865e-05	0.000124691918106593	0.000807402278236308	0.00549351911544791	0.0264939374081945	0.0959190369185355	0.238234963790705	0.368060474695942	0.264853593117006	
2.65347711641335e-06	2.38812940477201e-05	0.000159208626984801	0.0011657609464776	0.00740054767767683	0.0323901106676856	0.107038613398998	0.247953284650873	0.358743030200108	0.245122909060032	
7.08483738526991e-06	3.27673729068734e-05	0.000209002702865462	0.00165962315749948	0.00929264983545465	0.0381757606458538	0.118151176260127	0.257087494199289	0.349887351085574	0.225497089903044	
1.59515356897887e-05	5.40579820598395e-05	0.000332323660203932	0.00228461438934863	0.0116907032677607	0.0452234898769782	0.129213642462279	0.263958036826779	0.339477923960802	0.207749256038099	
2.65756715672205e-06	7.0868457512588e-06	8.68138604529203e-05	0.000532399287063317	0.0031580756379047	0.0143942695765255	0.0515063090644301	0.139190079833317	0.27050401646983	0.32904756336526	0.191570728492309	
2.65064733225599e-06	1.6787433104288e-05	0.000110443638844	0.000758085137025214	0.00411910595432581	0.0169482390424448	0.0584246849484758	0.150272265658478	0.274850923176288	0.319585014653662	0.174911799710019	
4.42785082747676e-06	2.30248243028792e-05	0.000193939866243482	0.00100512213783723	0.00520980928360916	0.0203636859555656	0.0662123101337565	0.160353732146905	0.278864273974156	0.306438272217184	0.161331401609612	
8.84807762241537e-06	4.51251958743184e-05	0.000279599252868326	0.00134402299084489	0.00645998147212546	0.0241835657575857	0.0735735350459082	0.16966011879429	0.280537149096302	0.294945358696643	0.148962695619936	
6.18930611689124e-06	6.01246879926577e-05	0.000338643463252763	0.00167288102473689	0.00784892434280621	0.0278509933394224	0.0808164225280132	0.17768436837689	0.281224386219775	0.284510907767844	0.137986158943149	
1.76579548203568e-06	1.23605683742498e-05	6.97489215404093e-05	0.000419376426983474	0.00210394531684551	0.00922098400719032	0.0322981651619146	0.0875799243180056	0.186578365120595	0.282522862637004	0.272926647089881	0.126265854636184	
5.2944275267876e-06	1.41184734047669e-05	8.38284358408036e-05	0.000557679699488294	0.00270898208453965	0.0110344693704132	0.0361609400079593	0.0960700346873243	0.194402554737763	0.281615894577359	0.261230583790051	0.11611561970833	
2.6380119941612e-06	1.49487346335801e-05	0.000109917166423383	0.000652468299889204	0.00343469161639788	0.0134732065915126	0.0413464413218199	0.104131126782856	0.20136297286365	0.279934401435079	0.248805859903976	0.106731327271768	
8.79474988610799e-07	4.39737494305399e-06	1.40715998177728e-05	0.000150390223052447	0.000920810313075506	0.00443607184255287	0.0156608111221925	0.0461179094527731	0.112219249596761	0.206430369326727	0.277887712151354	0.237302579851932	0.098854747669831	
4.37973723328495e-06	1.05113693598839e-05	3.41619504196226e-05	0.000236505810597387	0.0012342099523397	0.00519874809590924	0.0179069936520089	0.0519647063254793	0.119391636979348	0.212186005688403	0.274346740292969	0.227026307329665	0.0904590928162674	
8.72594257631709e-06	1.30889138644756e-05	5.23556554579026e-05	0.000344674731764525	0.00155845334413023	0.0062163614913683	0.0206420897585357	0.0573076278699625	0.127318482942527	0.216926059852985	0.270078393868106	0.215756783547759	0.0837769020809628	
3.48755596437462e-06	1.48221128485921e-05	6.71354523142114e-05	0.000421122382698235	0.00180742587853714	0.00715384917192343	0.023581109653119	0.0625667540008806	0.133835832021867	0.220603608748534	0.266479791792909	0.206212209061542	0.0772528521668621	
8.72854741259669e-07	1.74570948251934e-05	7.41926530070719e-05	0.000462613012867625	0.00231481077382064	0.00857928925184129	0.0262650720192447	0.068767860790143	0.14080194402208	0.225478455326421	0.262692617220027	0.194280008309577	0.0702648066714034	
8.7198554596759e-07	3.31354507467684e-05	9.59184100564349e-05	0.000661837029389401	0.00286360053295757	0.00993017139747892	0.0295280465431005	0.0747622967401692	0.147266150916282	0.229098506463157	0.256678537296566	0.184900175094698	0.0641807521398525	
8.72906551861997e-07	4.88827669042718e-05	0.000221718264172947	0.000836244476683793	0.00340957299157296	0.0115145103256116	0.033245518934216	0.0800813199743715	0.155458546540759	0.231398797833097	0.24972110635668	0.175246465164918	0.0588164434644614	
1.2201616016887e-05	7.84389601085595e-05	0.000273664816378752	0.00110860396953431	0.00413634782972471	0.0130112803940076	0.0372358459075344	0.086078043279132	0.161537194447567	0.232965454610424	0.243870213153516	0.165061718388445	0.0546309926276093	
4.35169720542709e-06	8.70339441085418e-05	0.000392523087929523	0.00135337783088782	0.00473638723838684	0.0150194477348111	0.0409120461071022	0.091203740370782	0.16793895787296	0.233574736482976	0.2368332873504	0.157376518415947	0.0505675918665039	
1.56350161822417e-05	0.000102496217194696	0.00041693376485978	0.00163993947511513	0.00544619730348088	0.0170934157472409	0.045417984785392	0.098486704155961	0.172230995203524	0.233588878986712	0.230662525124602	0.148548288747479	0.0463500054722557	
2.87334804255341e-05	0.00011667534475823	0.000500659128626731	0.00193994528448758	0.00641888538475872	0.0190145983494792	0.0496366520793462	0.104299051098577	0.17718544239982	0.233844382952861	0.224803785157155	0.139598567157109	0.0426126221825952	
7.87782715522033e-06	3.15113086208813e-05	0.000137424318152177	0.000537442874811698	0.0022574351370348	0.00715131642868334	0.0215397300706291	0.0539211009350981	0.110441884831419	0.181120874753927	0.233132040260949	0.218314722696108	0.131899335373982	0.03950730318343	
8.79016556276837e-07	1.23062317878757e-05	5.36200099328871e-05	0.000181956427149305	0.000688269963564764	0.00250256013572016	0.00835768941708017	0.0244630307611844	0.0585785423268447	0.116084684455032	0.184877399165813	0.232151788578938	0.211369200138885	0.12414526627609	0.0365328070954216	
1.76545100652776e-06	8.82725503263878e-06	8.20934718035406e-05	0.000217150473802914	0.000860657365682281	0.00293771047486218	0.00984062391038571	0.0272435572072331	0.0628147468122575	0.12120085977464	0.18886000414881	0.229939400894201	0.204199125219026	0.118293161966889	0.0335003155743674	
1.76587187716595e-06	2.82539500346552e-05	7.2400746963804e-05	0.00028783711597805	0.00103656679189641	0.00331895619313341	0.011109099979251	0.030060436964996	0.0680443410428356	0.126305751886172	0.192331701373407	0.228057055320351	0.197631082876782	0.111463598758592	0.0302511511277299	
8.8519075860848e-07	3.36372488271222e-05	0.000102682127998584	0.000346109586615916	0.00116314065681154	0.0040497477206338	0.0129636186598212	0.0335549260865717	0.0723820483314154	0.131904045321767	0.194871204744622	0.224804815437727	0.190291227759582	0.105405859962822	0.0281260511640258	
2.66326951843648e-06	1.77551301229099e-06	4.43878253072747e-05	0.000103867511219023	0.000397714914753181	0.00139022668862384	0.00490041591392313	0.0146852681246588	0.0362994757797831	0.0766595498186757	0.136797951057984	0.196831597029567	0.221841473320698	0.18474390444189	0.0989484524184707	0.0263512763719167	
3.5557451952993e-06	8.88936298824826e-07	3.5557451952993e-06	4.71136238377158e-05	0.000141340871513147	0.000435578786424165	0.0016471989617224	0.00588742510711682	0.0163866517325368	0.039363877184561	0.0812843351645421	0.14211780183832	0.198741266200864	0.219957508844916	0.177133891585329	0.0932156381673689	0.023632371504258	
1.77854294647653e-06	0	3.55708589295306e-06	6.0470460180202e-05	0.000147619064557552	0.000585140629390778	0.00201242134393819	0.0067397884956728	0.0182576326170548	0.0430656389059827	0.0857897975662418	0.146657762094981	0.200750367269118	0.215787947881577	0.171158080454169	0.0872090748375301	0.0217729227507657	
1.77962859151295e-06	8.89814295756476e-07	3.5592571830259e-06	4.89397862666062e-05	0.000238470231262735	0.000710071808013668	0.00259202904353861	0.00777252787343281	0.0203883149586681	0.046718809784398	0.0913990550172179	0.149745958018562	0.201812551720456	0.212651379657066	0.163996333965101	0.0818451189236806	0.0200742105122661	
8.90786065255424e-07	2.67235819576627e-06	3.5631442610217e-06	6.94813130899231e-05	0.000256546386793562	0.000910383358691043	0.00273025929000787	0.00877780588702695	0.0223809998895425	0.049804739694496	0.0955929250207553	0.154203084970301	0.202985202261884	0.20872720923852	0.157523044635508	0.0769354108839805	0.0190957808808805	
8.92070209493768e-07	0	6.24449146645638e-06	9.00990911588706e-05	0.000305980081856362	0.000993766213376058	0.00324356728171934	0.00983061370862132	0.0243026687172387	0.0533065474385096	0.10049706152073	0.15769749542368	0.204249287235903	0.20522342790467	0.149783048525051	0.0726858806695522	0.0177834196262583	
2.23556007039332e-05	0.00010372998726625	0.000350535819037672	0.00114728942812585	0.00398287382141273	0.0105652568926788	0.026293763323938	0.0567492452749202	0.104837930837137	0.161884952713433	0.205456018485399	0.199359199061422	0.14407648119268	0.0686290114889903	0.0165413560728542	
3.57508665116271e-06	3.12820081976737e-05	0.000131384434430229	0.000407559878232549	0.00133529486420927	0.00451265312543013	0.0115850682930928	0.0285229350746389	0.0604859972793591	0.109542442534951	0.165474673192392	0.203637829421891	0.195209562641775	0.139495412270055	0.0646715299762078	0.014952799918488	
8.04867840700557e-06	2.23574400194599e-05	0.000155607782535441	0.000462351859602431	0.00168038519186261	0.00504383846839016	0.0130111357937249	0.030642212993071	0.0646317819058555	0.114021155504044	0.167242594321568	0.201921666684553	0.191551391705926	0.134919996136634	0.0609973564562921	0.0136881190775141	
5.36686550903378e-06	3.22011930542027e-05	0.000160111487686174	0.000615400578369206	0.00180147785586567	0.00560211311384642	0.0143071689694992	0.0340563395651587	0.0687468637379682	0.117792858669858	0.169337129496203	0.201204682411261	0.188361773248143	0.128555212970641	0.0571195496126465	0.0123017502242903	
1.07072208605215e-05	2.94448573664341e-05	0.000179345949413735	0.000671878108997724	0.00210129209387734	0.00580242143799761	0.0162526689978666	0.0369693568261656	0.0723799207487203	0.121280690687127	0.171494879717758	0.200879955101054	0.1840633724712	0.122632477320768	0.0539153183747509	0.0113362700860771	
1.4266556338631e-05	4.01246897023996e-05	0.00019705680942734	0.000818543669928953	0.00239499814534768	0.00676502268382458	0.0175710474505664	0.0399517077067937	0.0763510428852684	0.124907267383799	0.174609274688276	0.199459832510629	0.178666326647074	0.117255043227666	0.0505045010985248	0.0104939438468343	
1.78454158695714e-06	1.33840619021786e-05	4.72903520543643e-05	0.000283742112326186	0.000937776603945978	0.00281689889501185	0.00800277674670931	0.0194577491933872	0.0426442980327214	0.0799376481169517	0.12940424863661	0.176707984752877	0.198145682836993	0.173223667304343	0.112028167204409	0.0469512891528424	0.00939561145532936	
6.24800287051103e-06	1.78514367728887e-05	7.76537499620657e-05	0.000318648146396063	0.000979151306992943	0.00328823465356609	0.00893999953586264	0.0214788487251396	0.0453756745611671	0.0831716290685656	0.133588549374396	0.178513475157048	0.196397044516128	0.167704430191064	0.106653408999623	0.044479532435168	0.00900962013927691	
6.23673579939807e-06	1.24734715987961e-05	2.04921319123079e-05	0.000104242584075653	0.00038667761956268	0.00116537863223038	0.00368056508390192	0.0096607037532676	0.0230866140048575	0.048333811483078	0.0882783223537085	0.136613024799043	0.180341452375394	0.193648864646796	0.163355256944605	0.101684631435643	0.0413299571803539	0.0082912947641712	
2.67187980103402e-06	1.42500256055148e-05	1.60312788062041e-05	0.000120234591046531	0.000466688338580608	0.00139917438914148	0.00415922622360962	0.0106830660711343	0.0251219045159222	0.0516002333441693	0.0918752588383557	0.141271191346672	0.181099122287485	0.190522842345732	0.157994487021344	0.0966107204723883	0.039271289315598	0.00777160771460761	
1.776514478593e-06	7.106057914372e-06	3.10890033753775e-05	0.000141232901048144	0.000523183513945639	0.00167258838159531	0.00453544146384793	0.011695683069817	0.0273778646295967	0.0545976194705987	0.0961209806359922	0.143555693728904	0.181612186889323	0.188090246935513	0.153514833895896	0.0924009593178184	0.0371335938887902	0.00698791970154557	
1.32839406898616e-05	2.21399011497693e-05	0.000163835268508293	0.000619917232193542	0.00189694673051224	0.00521527511483967	0.0132051226417684	0.0298171332724634	0.0585104451625644	0.0999775944200364	0.146636993295152	0.180771407291821	0.185383591499341	0.14836479118088	0.088313408898292	0.0346197206298713	0.00646839351991661	
8.86330741406802e-07	1.15222996382884e-05	3.45668989148653e-05	0.000218037362386073	0.000722359554246544	0.00221937217648263	0.00575583183469577	0.0146811824006623	0.0319407009280769	0.0616886196019134	0.103663470853457	0.14803230143754	0.18115979922836	0.182376731336312	0.145380399859251	0.0836625313428708	0.0322659843101732	0.00618570224427807	
8.8620192465334e-07	1.94964423423735e-05	6.46927404996938e-05	0.000253453750450855	0.000860502068838393	0.00239983481196124	0.00649054289616106	0.0163451082983062	0.0339636887623393	0.0649488528559186	0.106182942208114	0.150651668585294	0.182465431478424	0.180223340609051	0.139740750488962	0.079442685333624	0.0303781157751918	0.00556800669259694	
1.77243526401753e-06	1.41794821121402e-05	0.000117866945057165	0.000312834824099093	0.000937618254665271	0.00270739486578677	0.00755323287761069	0.0172617470362667	0.0366264885132902	0.0673817852145223	0.109908710721727	0.154384428801719	0.183093448990642	0.1756057962178	0.134414400682033	0.0760844423608483	0.0283252879542641	0.0052685638222921	
5.32693627474917e-06	2.92981495111204e-05	0.000125183002456605	0.000331157871746907	0.00102898652373905	0.00308074481222994	0.00855150836639733	0.0186620334158713	0.0382385242255744	0.0706635853299726	0.113832189077827	0.156500060815856	0.181937069350496	0.17259539877001	0.13017966868232	0.0729621583325269	0.0264455751359922	0.0048315312011975	
9.78456174058458e-06	2.40166515450713e-05	0.000124530785789258	0.000420736154845137	0.00120172208286634	0.00364519400117415	0.00925530590098023	0.0201561971856042	0.0411965629503122	0.0745121061713899	0.11616231698422	0.157546565618829	0.181002828627849	0.1705804913629	0.126304459981142	0.0686796178683887	0.0248830300119194	0.00429453309850385	
1.42448240096509e-05	4.62956780313653e-05	0.000127313114586255	0.000486994920829939	0.00135592918541864	0.00406689725475532	0.00996514469625139	0.0219797634468913	0.0439096700097488	0.0782129868279893	0.119561259420503	0.159708515288703	0.180248661209118	0.167117604376722	0.121376584180233	0.0650445373325677	0.0228638328369902	0.00391376539665158	
6.22853934523815e-06	1.77958267006804e-05	4.62691494217691e-05	0.000144146196275511	0.000497393356284018	0.00174666039067178	0.00459577224545072	0.0106241085403062	0.0238944565110036	0.0465716784756807	0.0809638931574157	0.123004754155103	0.161955369846217	0.1790197880695	0.163615720477391	0.116586689255503	0.0614908097901961	0.0214662159576958	0.00375225005983847	
1.06924139995777e-05	7.12827599971843e-06	3.6532414498557e-05	0.000166623451493418	0.000628179322475187	0.00196027589992257	0.00506998630479974	0.0118151174695333	0.0257099094619845	0.049089763706561	0.0841296954176769	0.125603787253039	0.162808932799069	0.179416924843913	0.159638632048194	0.112248962167566	0.0584019652656931	0.0200037245242099	0.0032531669593715	
8.02112586305086e-06	8.02112586305086e-06	3.56494482802261e-05	0.000193398256920226	0.000701402894913448	0.00211757722784543	0.00546060424032363	0.0128275627274323	0.0271417074481501	0.0517763674459933	0.0876477335417638	0.129457406484813	0.164743230392581	0.177354222721711	0.155354948187983	0.10818894564083	0.0551728686308919	0.0186936794419435	0.00311665301589876	
8.88297480166538e-07	5.32978488099923e-06	5.9515931171158e-05	0.000214079692720136	0.000836776226316879	0.00234599364511983	0.00606440689709696	0.0140253289143495	0.0290117957022391	0.0552991830328075	0.0913702788099301	0.13196192046362	0.165853134224414	0.175105640777829	0.151581746908059	0.103555943642855	0.0527657586193725	0.0170188914225107	0.00292338700722808	
1.77255936301307e-06	0	1.06353561780784e-05	8.77416884691468e-05	0.000261452506044427	0.00101124511659895	0.00278823587801956	0.00676763164798389	0.0151615865115323	0.0314062067938655	0.058061954494856	0.0942000085082849	0.134913924517332	0.167216160069201	0.172248456100795	0.148088471982927	0.0991862179964407	0.049719403852835	0.0162446202823333	0.00262427413694085	
1.77770982975762e-06	0	8.88854914878809e-07	2.66656474463643e-06	7.11083931903047e-06	1.33328237231821e-05	0.00011199571927473	0.000376874483908615	0.00120084299000127	0.00301321816143916	0.00745393731617369	0.0165629224838517	0.0337649316515013	0.0607843433539874	0.0971180657094884	0.137142313671566	0.166798957906498	0.170958798908131	0.143855834843646	0.0953750212214111	0.0474212985636993	0.0156598458903349	0.00237502033255618	
1.77786469560734e-06	8.8893234780367e-07	1.77786469560734e-06	6.22252643462569e-06	5.33359408682202e-06	2.40011733906991e-05	0.00014045131095298	0.000460466956162301	0.00132095346883625	0.00331571765730769	0.00805994959753588	0.0176541964273809	0.035999982221353	0.0631150856264084	0.100428020925467	0.14005040246412	0.168466013894013	0.168617132393139	0.140327749356635	0.0908613309984044	0.0449070843463458	0.0141829156092076	0.00205254479107868	
8.89239051466489e-07	1.77847810293298e-06	2.66771715439947e-06	4.44619525733244e-06	8.0031514631984e-06	2.04524981837292e-05	3.46803230071931e-05	0.000152949116852236	0.000474853653483105	0.00143434259001545	0.00365477250152727	0.00868964401093053	0.0194085315373076	0.0377428623004436	0.066483957682892	0.104300626824607	0.142909607961179	0.167251637756023	0.16758954859558	0.135386645585773	0.0876691888450296	0.0420450008314385	0.0127988176677572	0.00193409493693961	
1.77773037163453e-06	1.77773037163453e-06	4.44432592908634e-06	2.6665955574518e-06	1.42218429730763e-05	1.42218429730763e-05	6.04428326355742e-05	0.000169773250491098	0.000593761944125934	0.00156440272703839	0.00426299743117961	0.009718851941726	0.0208945539230065	0.0405678070807001	0.0698194714807605	0.107190919353262	0.144541034461303	0.167474645120575	0.164272063856075	0.132023146049439	0.0838199870225683	0.0392398424930891	0.0118556838484307	0.00189150511541914	
8.87027314232087e-07	1.77405462846417e-06	1.15313550850171e-05	8.87027314232087e-06	8.87027314232087e-06	2.30627101700343e-05	6.83011031958707e-05	0.000214660610044165	0.000635998584304406	0.00176961949189301	0.0046968096288589	0.0105494158481622	0.0225819413657205	0.0429241387630049	0.0728001057336559	0.110650448259253	0.145452077905835	0.167688078619005	0.161893129175127	0.127866761401184	0.0805642558151293	0.0367894578577758	0.0110630046631026	0.00173679948126643	
8.86958079700279e-06	5.32174847820167e-06	5.32174847820167e-06	2.74957004707087e-05	7.6278394854224e-05	0.000269635256228885	0.000734401289991831	0.00209765585849116	0.0050796089224435	0.0118000902923325	0.0240347900437182	0.0457546194994186	0.0762979079319774	0.113196251005589	0.147088693147096	0.16642881407496	0.159736715363622	0.12455729704847	0.0761409163518705	0.0346844957066794	0.0102692006467698	0.00170562038726364	
1.77657760090961e-06	7.10631040363843e-06	5.32973280272882e-06	2.30955088118249e-05	0.000117254121660034	0.000284252416145537	0.000862528425241615	0.00231399232518476	0.00585648806139852	0.0127256253553155	0.0262640349630472	0.0479596006253553	0.0793108655486072	0.115342524161455	0.148510339681637	0.166463544627629	0.156688814667425	0.12037023877203	0.072886760943718	0.0327618675383741	0.00975607589539511	0.0014878837407618	
8.89889520216065e-07	4.44944760108033e-06	4.0934917929939e-05	0.00013348342803241	0.000312351221595839	0.000968199797995079	0.00261271563135437	0.00647305637005166	0.0140664836460553	0.0280955919322616	0.0503570681699867	0.0821234543731396	0.118173768726613	0.150773981410208	0.165983973089741	0.152025166075632	0.116454502173555	0.0700983772864599	0.0309788339777617	0.00903237863019306	0.00129033980431329	
8.9097257675506e-07	2.67291773026518e-06	4.72215465680182e-05	0.000122063243015443	0.000347479304934473	0.00111104280321356	0.0029838671595527	0.00694334929065218	0.0148355843755485	0.0301834779827312	0.0529718835783953	0.0850281859174657	0.121288096873666	0.151893895857779	0.163579001201922	0.149814365863633	0.112914736597322	0.0668817474466953	0.029409222813531	0.0084517658630985	0.00118944838996801	
1.78228656672792e-06	4.45571641681979e-06	3.92103044680142e-05	0.000155950074588693	0.000403687907363873	0.00122086629820862	0.00318494609474279	0.00744906670563933	0.0159871105035494	0.0319118409772634	0.0557775492490336	0.0880280246739752	0.123735244895086	0.152059343013526	0.16218273071254	0.146588614396954	0.109918959429811	0.0642861853185926	0.0279498179394272	0.00794454237118969	0.00117007113105688	
8.90897962783629e-07	1.33634694417544e-05	5.61265716553686e-05	0.00018174318440786	0.000492666573419347	0.00130160192362688	0.00351993785095812	0.00816775252280031	0.0172076941511658	0.0330514235213098	0.058043784071279	0.0903851619162502	0.125491887037702	0.153343139150244	0.161934959103329	0.143994055928792	0.106418652552467	0.0615521402487209	0.0262173452487966	0.00759312333680487	0.00103255073886623	
7.13895621321207e-06	2.32016076929392e-05	9.28064307717569e-05	0.00019542892633668	0.000547914889364026	0.00156075430211349	0.00397372150217917	0.00848554182892919	0.0182284323209104	0.0346283994817118	0.0605847519034242	0.0931044821936585	0.128122847158517	0.154216624487334	0.160740738096683	0.141532484035509	0.102170956584438	0.0588526626521936	0.0249515443347028	0.00705061163007357	0.00092895667724422	
1.16118705472943e-05	2.94762867739008e-05	8.48559770763811e-05	0.000249208606361161	0.000673488491743067	0.00186504505405772	0.00434641246793337	0.00928324389215609	0.0194364848545479	0.0365291583001651	0.0629917180566373	0.0961543271188984	0.129363383663349	0.154619202103714	0.16012233552232	0.138563558020051	0.0985776351800376	0.0563077467254525	0.0236730311626877	0.00631864401935074	0.000799432626140643	
6.24731700046676e-06	1.78494771441908e-05	7.67527517200202e-05	0.000279344317306585	0.000805903893060213	0.00203930276372379	0.00459088552148586	0.010145642808758	0.0205804471472519	0.0386066341151702	0.065404946625601	0.0991770498562671	0.131444442163678	0.156124021737093	0.15827756115454	0.134964359056512	0.095407240283414	0.053470786206995	0.0220351795345035	0.0058108972842913	0.00073450598448345	
2.68522695538227e-06	4.29636312861163e-05	0.000130681045161937	0.000333863218119195	0.000915662391785354	0.00214818156430582	0.00488263768053676	0.0111472721674436	0.0222882788053246	0.0407026701896844	0.0686827350647677	0.101927634923704	0.134118135664826	0.155642019863519	0.155826405447788	0.131264634486907	0.0916566418193666	0.051315582193007	0.0207818664833552	0.0054214732229168	0.000767974909239329	
3.59649485611323e-06	5.03509279855853e-05	0.000144758917958558	0.000332675774190474	0.000967457116294459	0.0023727874813207	0.00546127743900794	0.0119358673037258	0.0235021947609859	0.0426337491480803	0.0710919138207903	0.104467386085521	0.135825224735972	0.155354191804667	0.153955155305639	0.128569296363764	0.0892389277410236	0.0490319134971057	0.0191890983047921	0.0051106191905369	0.000761557785781977	
9.89957332838955e-06	5.03978278536195e-05	0.000141293910232469	0.000430181459179109	0.00106645403583106	0.00264768588473837	0.00577505109529779	0.0128838447062932	0.0253843059364141	0.0455893350996572	0.0734350349499936	0.106630104242507	0.137776861817256	0.155600593614415	0.151666863158198	0.125469892247644	0.0856142100275478	0.0462598062023527	0.0181909159715216	0.00473289601218187	0.000644372227556992	
3.60527957140436e-06	7.21055914280873e-06	6.30923924995764e-05	0.000165842860284601	0.000461475785139759	0.00120416337684906	0.00286078933990936	0.00668328700549084	0.0141660447559406	0.0271738934495675	0.0472805376192897	0.0760795108356677	0.108728021314413	0.138647335157605	0.155447036640456	0.149476693670211	0.12273813772889	0.0829151209030504	0.0437897256742774	0.0170160182571358	0.00449668494543409	0.000595772449174571	
8.98974988717864e-07	8.09077489846078e-06	7.19179990974291e-06	5.57364493005076e-05	0.000161815497969215	0.000529496268354822	0.00128103935892296	0.00315809913536586	0.00715134603525061	0.0151360418850427	0.0282448951705266	0.0497600635755112	0.0784796175400808	0.111135782980246	0.139531705948877	0.154363894287733	0.147944313893299	0.120752118434561	0.0795359131518243	0.0419084160240494	0.0162049231466282	0.0041667490727073	0.000481850593952775	
3.59183790753891e-06	4.48979738442364e-06	8.08163529196254e-06	2.78367437834265e-05	5.83673659975073e-05	0.000186775571192023	0.0005585307946223	0.00147893925842915	0.00342840928274589	0.00779159438092878	0.0161219644479884	0.0303483364402731	0.0517242617875141	0.0809241080568516	0.112963302192099	0.140238821302472	0.154222744235998	0.146637680534753	0.116969997377958	0.0768581475455176	0.0394814822796677	0.0156568214389621	0.00385942983165056	0.000446285860011709	
1.79473281812537e-06	5.3841984543761e-06	1.43578625450029e-05	3.40999235443819e-05	5.47393509528237e-05	0.000174986449767223	0.000629951219162003	0.0015389833915425	0.00389277548251392	0.00863804905363738	0.0172159745578676	0.0317775392777277	0.054314896641337	0.0837503095914111	0.115356451885008	0.141881705570492	0.153761939460073	0.144313568539052	0.113443266700886	0.0727530842483479	0.0378356599053099	0.0145902804449502	0.00361818136134074	0.000402020151260082	
4.47534621278302e-06	6.26548469789623e-06	2.68520772766981e-05	2.50619387915849e-05	6.35499162215189e-05	0.000214816618213585	0.000755438440717774	0.00171047732252567	0.00421398599395649	0.00899455081845132	0.0183319131568018	0.0342131267274836	0.0569299841035703	0.0868011299354118	0.117950434645624	0.143356080026351	0.152934215990949	0.140787231300213	0.109569006258324	0.070011421083535	0.0360838214444269	0.0133562232374296	0.00327147808154439	0.000388460051269566	
4.46220998981724e-06	3.56976799185379e-06	1.07093039755614e-05	2.23110499490862e-05	2.76657019368669e-05	6.69331498472585e-05	0.000247206433435875	0.000766607676250601	0.00189643924567233	0.00451218674170319	0.00979008871765902	0.0195159216114647	0.0361867381334219	0.0596240498839379	0.0892263509563855	0.121020489575831	0.144178466980985	0.151549145442165	0.137787689833568	0.106273778001483	0.0676462110036313	0.0339493860445275	0.0123942344677164	0.00293434928930382	0.00036500877716705	
8.88998729620815e-07	8.88998729620815e-07	8.88998729620815e-06	8.88998729620815e-07	1.15569834850706e-05	4.44499364810408e-05	7.73428894770109e-05	0.000255142635401174	0.000856994775354466	0.00219049286978569	0.00503351080711306	0.0105870858710543	0.0207927912871013	0.0384180801005635	0.0613293553603512	0.0923847479821951	0.12175015401903	0.145213497489912	0.150462145989593	0.134818435344456	0.102773587136544	0.0656561121774157	0.0320804081570967	0.0120192628244734	0.0028785778865122	0.000354710493118705	
1.77097095253444e-06	1.77097095253444e-06	2.65645642880165e-06	1.06258257152066e-05	2.30226223829477e-05	9.56324314368596e-05	0.000380758754794904	0.000937729119366984	0.0024607641385466	0.00545990344666367	0.0112961382207409	0.0226622297941069	0.0403692828630225	0.0644013586889148	0.093572792219062	0.124355809316016	0.145297540829735	0.148583577432163	0.132626243664351	0.10015372027868	0.0623257807325444	0.0306094619436052	0.0112775430257393	0.00276005822952492	0.000333828024552741	
1.76993343280359e-06	0	8.84966716401796e-07	7.07973373121437e-06	3.71686020888754e-05	0.00013805480775868	0.000405314756112023	0.00114603189774033	0.00265401518248899	0.00581777119362541	0.0123974987300728	0.0238525079071776	0.0419288380564007	0.0669256079278858	0.0962640245100382	0.126682100486201	0.145035425217658	0.147755812903877	0.12993612310241	0.096946333848384	0.0595759593481689	0.0291224847033503	0.0104797758556301	0.00260534201308689	0.000284074315964977	
8.86645871865485e-07	0	0	8.86645871865485e-07	8.86645871865485e-06	5.23121064400636e-05	0.000179102466116828	0.000463715790985649	0.00115175298755327	0.00284613324868821	0.00626503973060152	0.0130505405879881	0.0252507877848572	0.0441053122500767	0.0696096807542874	0.0990223842616811	0.127617600275215	0.145825759899844	0.145643997496112	0.126783266509789	0.0942185369279139	0.0575397705005825	0.0273946975030279	0.0102008607558124	0.00245246248157993	0.000315645930384113	
6.21315929386557e-06	1.77518836967588e-05	5.94688103841419e-05	0.000225448922948836	0.000493502366769894	0.00146009243405841	0.00305953715513637	0.00682826206395826	0.0136361094616653	0.0271213279119081	0.0457386159388838	0.0710767671334524	0.10219759444224	0.129382829135457	0.145078157105946	0.144119555386321	0.124812606677726	0.0913529686918903	0.0547610108277615	0.0265541552277966	0.00954341267537752	0.00224738847600966	0.000227224111318512	
