# <P(U)> as a function of N_tot.
# number_of_species: 1
# species_total_upper_bound: 462
# species_total_lower_bound: 439
# volume: 729
# Bin widths for each
10	10	10	10	10	10	10	10	10	10	10	10	10	10	10	10	10	10	10	10	10	10	10	10	
# Bin lower bound for each
-2150	-2160	-2160	-2170	-2180	-2190	-2190	-2200	-2210	-2240	-2250	-2260	-2270	-2270	-2270	-2280	-2300	-2310	-2320	-2330	-2330	-2330	-2340	-2350	
# Bin upper bound for each
-2000	-2000	-2010	-2020	-2030	-2040	-2050	-2060	-2070	-2080	-2090	-2100	-2110	-2120	-2120	-2140	-2150	-2150	-2150	-2160	-2180	-2190	-2200	-2210	
# Normalized histogram for each
4.04143463539505e-06	0.00013769745150596	0.000634332033415505	0.00427410580083279	0.0168816498198502	0.0495187748310074	0.109471783338458	0.18660562329834	0.221509531261709	0.193739448247178	0.129688020875973	0.0630871410671997	0.0174821492718894	0.00505364080721999	0.00176160362278819	0.000150456837997707	
1.11071787800974e-06	5.93357182199939e-05	0.000626269506690438	0.0033547772034392	0.0139103384100155	0.0459825509728895	0.100611397578892	0.179744258962353	0.220716127752198	0.198598870318076	0.138271865621376	0.0684848182988315	0.0225414932046865	0.00550208715581045	0.00132672327586479	0.000260024901125648	7.95040165312234e-06	
7.22505923185351e-05	0.000526143156695354	0.00274208482610723	0.0118894602685162	0.0422531421302509	0.0951802275911439	0.172075602450806	0.221048583100095	0.203466558525884	0.141662192740872	0.073918164439029	0.0265275251048582	0.00694785166805221	0.0014351136930342	0.000247335292654017	7.76441968312396e-06	
7.23448208085264e-05	0.00046527062322967	0.00272508806394899	0.0101752870690999	0.0374411397327637	0.0891232496431119	0.163829637768644	0.21970223758099	0.209484310187043	0.150026090249326	0.0776138953320163	0.0303856032848382	0.00754110913593514	0.00116296694973574	0.000244882427389126	6.887131120017e-06	
1.78688111995388e-05	0.000435293965343866	0.00238080636839569	0.00940671353116944	0.0336383409744787	0.0848306617130756	0.15789920884319	0.216460955523131	0.211087974174584	0.156506778691552	0.0837334316158468	0.0330041197334338	0.00900642784899201	0.00144208599772604	0.000147265746722729	2.06646115913033e-06	
8.82331428755023e-06	0.000159549862496253	0.00192196125360189	0.00848285605693752	0.0304768837076224	0.0809284122525045	0.150726913311363	0.212424577396713	0.215588374498455	0.162319713827667	0.0893939867835271	0.0349989844061003	0.0102293854823256	0.00206611595392745	0.000248634911578829	2.48269808918655e-05	
0.000117832377340121	0.00164095181489657	0.00811629415118752	0.0277246894240668	0.0750670194306195	0.147339961273634	0.206665541921376	0.217790368586928	0.168273819724439	0.0953241574743313	0.0386536726357931	0.0109582902389109	0.00203850012798409	0.00027077276044158	1.81280580523263e-05	
0.000147563544627689	0.0014083835744077	0.0067029733199863	0.0265373933528421	0.0710270697328069	0.141474565030821	0.206913931823323	0.217363847456399	0.172720443794004	0.101560640103561	0.03968171678528	0.0118236358107308	0.00233331040748349	0.000262172451497334	4.23528122297834e-05	
5.13849718043319e-05	0.00096603746992144	0.00550400337868424	0.0238563295763578	0.0653756314845999	0.132340832602933	0.20372728233693	0.22436036721169	0.177803869924572	0.105597218164441	0.0436400331017095	0.0135362085427271	0.00278953107053493	0.000371868147141111	7.94020159547891e-05	
1.16325087231571e-06	0	0.000101019154701101	0.000784337206591396	0.00483636856097786	0.0200096292682736	0.0609406315937957	0.123849238768629	0.196862394033968	0.227386831608294	0.188316418441175	0.11041748706465	0.0490431465666712	0.0138208285089034	0.00317255247118566	0.000402362354360991	5.55911469506664e-05	
1.24136418708349e-05	1.28416984870706e-06	9.11760592582011e-05	0.000864918968576792	0.0036510783327097	0.0178965579172526	0.0553011846099949	0.120776357723734	0.192742825969852	0.228540711578081	0.193088145357264	0.115499887268233	0.0511676864707876	0.0161363279603463	0.00352565774415264	0.000636153282671406	6.76329453652384e-05	
6.02457152232992e-06	2.64343444347129e-06	7.12497795344937e-05	0.000653850435831643	0.00341580910272183	0.015824582182133	0.0496976126159938	0.113909709008892	0.188132676064875	0.228681485022454	0.197907912211173	0.122814824896751	0.0562281251957602	0.0178524652515932	0.00400056139170553	0.000755776349954327	4.46924846605495e-05	
1.41815809626457e-05	1.36314334253017e-05	4.62123931368972e-05	0.000598071500597093	0.003309443074645	0.0146110016792948	0.0466620470574198	0.105993564007343	0.181643007062427	0.230050244363311	0.199896902351502	0.131012623563137	0.0614610158119738	0.0195373283661938	0.00448712556958608	0.000607790773756838	5.58094112883428e-05	
3.54110226493589e-05	6.54548693919335e-05	0.000424747196761039	0.00334245506470778	0.0130730216003537	0.0421643488486667	0.103685325067636	0.177332293951958	0.226079946737874	0.20629561097031	0.134590264239025	0.0634049166539273	0.0228261672898143	0.00569340149523352	0.000921735347393854	6.48996442981282e-05	
4.40199793343032e-05	0.00046757199012456	0.00281902451226985	0.0129804693452595	0.0392991794825495	0.0998040175650941	0.172960359821556	0.223867533033066	0.211397969793565	0.14005729580653	0.0658725944577724	0.0229918347302922	0.00622720594342048	0.00109189501147637	9.94502365980362e-05	1.95782910920272e-05	
3.01453244286484e-05	0.000383312305182688	0.0027608828720447	0.011721927418888	0.038127213521351	0.0951206702201151	0.171512643188714	0.220210459771695	0.214013388307978	0.144752108942932	0.0696623761503311	0.0240351572684098	0.0064147736811389	0.00114962158788668	0.000105319438903437	
1.57855935536647e-05	4.79205518593393e-05	0.000444815475494338	0.00246436919045525	0.0111928001657237	0.0375008699302797	0.0946830550360334	0.168814645372569	0.218110986879603	0.212019940211438	0.144785464074213	0.0751265838603707	0.0263484733671041	0.00707965078508585	0.00124355398106092	0.00012108552515569	
5.19411982771407e-05	0.000103756325684677	0.000246594620946814	0.00211622561718467	0.0104193791602205	0.0356778039563939	0.0915851917912988	0.169870348087344	0.219247264876725	0.21110636454287	0.147163534656535	0.0741590458401876	0.0279124057076569	0.008264827998676	0.00179827488404159	0.000259705991385704	1.73347445706477e-05	
2.11618268692091e-05	0.000193774716450303	0.000195214722420693	0.00163816331370668	0.0102735660733592	0.0340696021250982	0.0863719337577219	0.164446052242415	0.222246451887898	0.215945298806248	0.150529145846059	0.0765097085202524	0.0281857377300848	0.00760523501022655	0.00140769974948905	0.000275166358254953	8.05151164313697e-05	5.57219701585684e-06	
2.62474244714737e-06	0.000158296967110102	0.000315469044599999	0.0016352770384406	0.00930746170532016	0.0316413326942294	0.084027317319488	0.160177595073483	0.222885691841488	0.213309194035335	0.154621265288344	0.0822917376232457	0.0300816107419459	0.00777429964684715	0.00147979229538102	0.000249475520214579	3.94336305749998e-05	2.12479150483359e-06	
1.21714329477944e-05	0.000285435707026993	0.00185274176507374	0.00879620096496369	0.0315052860533292	0.0781772386588928	0.153905772261504	0.215496593528006	0.219748980111941	0.163755207890884	0.0834515886872086	0.0323967967035515	0.00853105097951635	0.00172615886241668	0.000301726701895579	5.70496908424822e-05	
0.00027614567018449	0.00142047846757233	0.00694667342294818	0.0298699217678078	0.0762193626904662	0.146844298916915	0.215562715529838	0.222745103429556	0.169619629771624	0.0873500764291962	0.0321166082674299	0.00876582946234067	0.00205158896447603	0.000211195713228542	3.71496417288552e-07	
0.000226680121228701	0.00135491913068389	0.00670343935621617	0.0270168416755182	0.0732828750388502	0.141461115295691	0.214159070824112	0.226413991761354	0.171885655394354	0.0928751900112781	0.0329268084360645	0.00922254433043461	0.00220504639476604	0.000253041132886904	1.27810965615532e-05	
0.000105733438327775	0.00123682542172933	0.00644870432990002	0.0277107486384231	0.071167009072063	0.141719412080667	0.207148189494542	0.227857691318901	0.175106694236133	0.0929451129560188	0.0356907606333214	0.00972534460360832	0.00279870807868639	0.000296370340381884	4.26953572971025e-05	
