# <P(U)> as a function of N_tot.
# number_of_species: 1
# species_total_upper_bound: 462
# species_total_lower_bound: 439
# volume: 729
# Bin widths for each
10	10	10	10	10	10	10	10	10	10	10	10	10	10	10	10	10	10	10	10	10	10	10	10	
# Bin lower bound for each
-2150	-2160	-2170	-2180	-2180	-2200	-2210	-2220	-2220	-2240	-2250	-2260	-2270	-2270	-2290	-2290	-2300	-2310	-2320	-2330	-2330	-2330	-2340	-2350	
# Bin upper bound for each
-1990	-2000	-2010	-2020	-2030	-2040	-2050	-2060	-2070	-2080	-2090	-2100	-2110	-2120	-2120	-2130	-2150	-2150	-2150	-2160	-2180	-2190	-2200	-2210	
# Normalized histogram for each
2.45195266071811e-05	0.000140426618084115	0.000808583718129801	0.00456470607759451	0.0168189749140948	0.0497896273207629	0.110887054800058	0.189506263075757	0.224304629402493	0.194319191982922	0.125949108451698	0.0593801635609409	0.0172623073913627	0.00482507653848723	0.00131071073099698	0.000107833588813594	8.22301197192051e-07	
4.51041867247178e-06	0.000120165070799102	0.00081567163009425	0.00363039840265026	0.0141662853796771	0.0448230372941337	0.102906254443467	0.18234423673173	0.225237566570491	0.198831433212972	0.13465531699993	0.0650535805789491	0.0208930862009792	0.00528775174385002	0.00103006686432574	0.00018725754855212	1.33809087283329e-05	
1.28918188707032e-06	8.35314028592917e-05	0.000688461044809877	0.0032734603139575	0.012587382359783	0.0419737147188361	0.0970839274471184	0.173363606357411	0.224158093133154	0.203739347897676	0.140186320908085	0.0704044978797698	0.024414791997138	0.00650744891190205	0.00136190691234682	0.00016493944731635	7.28008595051475e-06	
8.04352296653707e-07	8.85936601028583e-05	0.000552321910368879	0.00313367994278221	0.0112666009217188	0.0376194803095132	0.0902885836018689	0.165412445237493	0.220792062559611	0.210762976797539	0.147820302947419	0.0749655957456351	0.0286520246715533	0.00716953674248734	0.00129933537901827	0.000167152067742704	8.50315285033919e-06	
3.10290532406001e-05	0.000427258084285574	0.00245774832168758	0.0101777613113844	0.0342665852414849	0.0843957402944754	0.160128655805957	0.218623328623718	0.213492599319633	0.153130503019981	0.0811644295608033	0.0314969620895297	0.00847943264516071	0.00155744208077508	0.000169210739901106	1.31380798279004e-06	
1.08294969195883e-06	3.63174914553335e-05	0.000261532350608057	0.00207176011426666	0.00907774843929545	0.0311679496397452	0.0804582501621524	0.152024090989433	0.214084340895545	0.215854267459953	0.161015164776597	0.0872264149994721	0.0345261766345095	0.00980668961230788	0.00206692551742756	0.000302065610507087	1.92223570322692e-05	
3.45201528076755e-07	2.63887390352009e-05	0.000184721173246406	0.00170195860059443	0.00803602308354947	0.0288949021290381	0.0737850239073154	0.145873190525507	0.21047857704248	0.218673162694592	0.167924932629127	0.0931408954995578	0.0377788552327201	0.0109507130080029	0.002154287669551	0.000377420337363919	1.86025267908029e-05	
3.38995678305891e-06	2.06864408238936e-05	0.000227743460243685	0.00152490271883394	0.00677244025230062	0.0263200482082672	0.0706514761162328	0.140484508802774	0.207249515033938	0.22019706974447	0.173696108017583	0.0991033063519739	0.0390040723011524	0.011915466959035	0.00243032935780004	0.000361145964104287	3.77903136838726e-05	
4.68219721191328e-05	0.00015267197323385	0.00122499524753133	0.00591027285234718	0.023439864743028	0.06532234983306	0.133503881853378	0.203082064015724	0.224791710570287	0.178752697317166	0.103789333777629	0.0429534606924346	0.0135779098556131	0.0029084299687883	0.000476575286939561	6.69600407197138e-05	
7.30667864654315e-07	2.21892293634495e-05	0.000139057631504737	0.000830461712484733	0.00528069048267035	0.0203855180552452	0.0607568788437696	0.125423715256118	0.196589380850126	0.227940646849493	0.18707589297131	0.109906406445844	0.0480093396273832	0.0138310427472619	0.00331942410912455	0.000426363927127494	6.22605933092282e-05	
7.81229555261023e-06	8.65894827259755e-06	8.44728509260072e-05	0.000895950998819304	0.00397284092011139	0.018252524179632	0.0553376451047309	0.12069092249741	0.19200759832332	0.227778637258569	0.192551495727483	0.116921855493314	0.0511802338916623	0.0161496312442562	0.00359200113297528	0.000525155591679405	4.2563541286635e-05	
3.79326430830909e-06	2.90300839921614e-06	7.35428794468089e-05	0.000783502613559108	0.00368593041109541	0.0161836912239501	0.0508074853336145	0.114447390288345	0.186364352790921	0.228110968308902	0.19791577157241	0.123359200299374	0.0556037583972421	0.0176670511023923	0.00430787093054347	0.000649693279744572	3.3094295751064e-05	
8.93158803943327e-06	8.58510402066215e-06	8.03842923548994e-05	0.000757876043725359	0.00342718892433805	0.0141507153124069	0.047714352723195	0.108705549565232	0.180561638274996	0.228965725184892	0.200831299857125	0.130763299673566	0.0598595800367304	0.0190028390130534	0.00451453277169044	0.000589330817705364	5.817081692924e-05	
2.22474730610814e-05	5.33319214844041e-05	0.000554442686652908	0.00335727546437433	0.0130402749415587	0.0435638079813624	0.103997750757218	0.17621917218238	0.225447752681586	0.207085641880101	0.134377566671394	0.0635483176937603	0.0223041382276585	0.00544663875758638	0.000909239495714125	7.24011841081881e-05	
2.11736847955887e-06	3.60736852072992e-06	6.43052649347507e-05	0.000587961858351578	0.00279614191936708	0.0129201824622682	0.0397890395204866	0.099995039868284	0.17220079475818	0.222463475883859	0.210697808190334	0.14078351652165	0.0669504071131033	0.0233427719607871	0.00616040517022172	0.00108291634571216	0.000141432372329052	1.80760531310488e-05	
1.28097910001798e-05	2.36488449234089e-05	0.00036647826682976	0.00295839167043537	0.0115634574579746	0.0382304073852505	0.0945857230819585	0.170606354018952	0.220284103033603	0.21292745976957	0.144230403128458	0.0711325723502908	0.0251112894934725	0.00675470133124866	0.00109561157055999	0.000114145091496987	2.44371397541892e-06	
1.41454960011786e-05	4.85438748564124e-05	0.000368373933468019	0.00246005542433868	0.0108590914343978	0.0368455890659335	0.0923105911190005	0.167099483382056	0.218399089991478	0.211166249650352	0.147519043521751	0.0760918933974932	0.0278295099712547	0.0075564136368413	0.00133613863342609	9.57874673505994e-05	
3.27389128122225e-05	8.85619376922865e-05	0.000273671882828385	0.00202699164434607	0.00988532401153713	0.0345195282449805	0.0889123314690959	0.165475735737535	0.218022843020171	0.213407967459428	0.150905409731864	0.0770476143781994	0.0290493088553276	0.00835867354321572	0.00172336206702688	0.000259010889105435	1.09262148341762e-05	
1.34512544050868e-05	0.00018405932432996	0.000366646174065281	0.00171706456379253	0.00953582506810792	0.0326988453570568	0.0837442864006067	0.159976365588858	0.219621297044767	0.217941243328894	0.15477677921891	0.0806266199210372	0.02917795961822	0.00788928009841543	0.00144246795019757	0.000233088748670395	5.11784413163955e-05	3.54189834926843e-06	
1.67491803070795e-06	0.000109507736007715	0.000363736365668743	0.00167009267161948	0.00869461913440715	0.0303367933151948	0.0815252393796837	0.155719203022956	0.220810944265348	0.2165430537281	0.158597828811733	0.0835508134638206	0.031968203356105	0.0083358676438298	0.00154503212532662	0.00020087052668276	2.51636494613504e-05	1.35588602485881e-06	
1.09503628810891e-05	0.000388319777514111	0.00193594451837377	0.00825633469533283	0.0300635244487557	0.0772808122604882	0.1502377841435	0.214763414622589	0.220932052679767	0.165943033504566	0.0856390848793686	0.0330094508002784	0.00926631652848172	0.0019767595072942	0.000259822246542204	3.63950242666014e-05	
0.000265654552882344	0.00130600303343007	0.00686781890175655	0.0286704393094058	0.0760164015975348	0.146842017658196	0.211858675258748	0.223894456189783	0.171077180954262	0.0884117813284879	0.0328611833921444	0.00964132996257419	0.00207646452554477	0.000204660014385534	5.93332086544842e-06	
0.000211936778306772	0.00132308990601316	0.00658538645939622	0.0269504410673508	0.0724211502516464	0.142070910362902	0.211544502454016	0.223639891003268	0.172912590953086	0.0944640704791703	0.0350919062304494	0.0103346133879275	0.00219830301835984	0.000237907493806673	1.33001543014647e-05	
8.42439517373157e-05	0.00109567910154782	0.0066395716454777	0.0273918994265475	0.0718063496740302	0.14223722253198	0.207949809195456	0.222420670474061	0.17439833727357	0.0963539905074993	0.0369019362907947	0.0100146022849678	0.00234270049005999	0.000323423349252068	3.95638030180347e-05	
