# <P(U)> as a function of N_tot.
# number_of_species: 1
# species_total_upper_bound: 462
# species_total_lower_bound: 439
# volume: 729
# Bin widths for each
10	10	10	10	10	10	10	10	10	10	10	10	10	10	10	10	10	10	10	10	10	10	10	10	
# Bin lower bound for each
-2140	-2150	-2160	-2170	-2180	-2190	-2190	-2200	-2210	-2240	-2250	-2260	-2270	-2270	-2270	-2280	-2300	-2310	-2320	-2330	-2330	-2330	-2340	-2350	
# Bin upper bound for each
-2000	-2000	-2010	-2020	-2030	-2040	-2050	-2060	-2070	-2080	-2090	-2100	-2110	-2120	-2120	-2140	-2150	-2150	-2150	-2160	-2180	-2190	-2200	-2210	
# Normalized histogram for each
0.000125229569417236	0.000618938601402608	0.00431628725836053	0.0170018251199827	0.0497090541102986	0.108953392164507	0.186476089014048	0.222076214280907	0.194682510102732	0.130385795946403	0.0619266124891854	0.0169950509149869	0.00482528486308866	0.00174575613147899	0.000161959433201647	
3.71393322335475e-05	0.000546514716019761	0.0033239702349025	0.0140398006486542	0.0462941146810962	0.100515840145516	0.179688209640577	0.220493949341825	0.199158536038025	0.138958007564212	0.0681881287208968	0.021873996569207	0.00528568235308262	0.00130755628670381	0.000279992796228507	8.56093081993637e-06	
3.73174051061201e-05	0.000530111631438994	0.00258601949425459	0.0120864301774098	0.0421707125592366	0.0947558566280632	0.173384715480985	0.220669126633419	0.203244262736513	0.141309766795612	0.074376272162481	0.026446729979308	0.00677834879939556	0.00135160574110386	0.000264352919390443	8.37085628236598e-06	
6.32018985617921e-05	0.000368107482736811	0.00263330484406077	0.0100954542341108	0.0375882801084904	0.0884822060832505	0.164817058909011	0.219887410239908	0.209153223028913	0.150622261103118	0.076985335287363	0.0303833282300544	0.00748280782471783	0.00117914471627286	0.000251451884472094	7.42412495873962e-06	
1.92533687665172e-05	0.000410411095441372	0.0023418383234376	0.00911869669100733	0.0335332780399285	0.0847822093633585	0.158921235057765	0.216979310159656	0.210606707048534	0.155834867654373	0.0834156785944779	0.0332470970143853	0.00914482626290475	0.00150785311513285	0.000134511630770158	2.22658006143396e-06	
9.48680071974067e-06	0.000163042119955819	0.00184737451808688	0.00834406650338901	0.0305355907470064	0.0809295415964807	0.151051392681974	0.212418300653595	0.21597454239926	0.161453767810487	0.0891106314061258	0.0353130127370441	0.0104698295529414	0.0020992000075371	0.000253526570958587	2.66938944389944e-05	
0.000126699495047284	0.00150369559686118	0.00790013584784833	0.0278445855912916	0.0751684063698528	0.148201568890609	0.206974085989843	0.217167482698047	0.167843434250239	0.0951507360136103	0.0385001430729683	0.0112377903919939	0.00208235493167713	0.000279388630104268	1.94922300072745e-05	
0.000158757692821329	0.00139979901197301	0.00635956529543704	0.0262965900974856	0.0705099509820851	0.141459669965211	0.207188309340875	0.21769435244129	0.172607824246173	0.101815090227289	0.0398280243176341	0.0119836452000616	0.00237079467745466	0.000282060814044843	4.55656901645998e-05	
5.53099493841533e-05	0.00102297068289548	0.00547943816416796	0.0237184207350152	0.064835771262017	0.132250105533359	0.204048543435529	0.224374357227605	0.177023575405009	0.10584921809839	0.0443529167207969	0.0137222009066749	0.00278143200224453	0.000400272836078891	8.54670408340846e-05	
1.2536749998004e-06	0	0.000108871776298456	0.000838576609077016	0.00484136293475552	0.0201676057902102	0.0606155161548231	0.123438819967189	0.197678352259317	0.226625839970498	0.18767389379512	0.110425541503472	0.0495939973513146	0.0141998488595813	0.00330257584684262	0.000428031038089748	5.99124684115139e-05	
1.34256480008053e-05	1.38886013801434e-06	9.7947707828535e-05	0.000864664640209498	0.00372168221649909	0.0175805223079707	0.0556842308753794	0.11997397143829	0.192677360581094	0.22846835247392	0.193319741463024	0.115036970464831	0.0514994630071481	0.016607328168405	0.00370647089117798	0.000673332622148761	7.31466339354218e-05	
6.51576336024033e-06	2.85895739275851e-06	7.7058874842026e-05	0.000671456063010889	0.0034548837906956	0.0153777999165982	0.0498204574757348	0.113885503942436	0.187977046960303	0.228762534201109	0.19813631881178	0.122698206861923	0.0565058966328663	0.0177505350904441	0.00407999814899131	0.000744592182360525	4.8336326151987e-05	
1.535422460901e-05	1.47585865853846e-05	5.00335939845325e-05	0.000584254719173879	0.00322260025382122	0.0143703629579861	0.046756856852564	0.106371288447111	0.182527183595758	0.230367969287315	0.199128409498229	0.130541419079795	0.0614386061329009	0.0194585676838046	0.00449964817647405	0.000592262741491509	6.04241683966642e-05	
3.85050436911498e-05	7.11739570667421e-05	0.000414633580235187	0.0032874854985578	0.0127162571380234	0.0419390361852154	0.10376049379834	0.177551318033012	0.226587155763903	0.205914643038791	0.134345506159532	0.063853906766007	0.02288293031164	0.0057139069887191	0.000852477517817303	7.05702194478913e-05	
4.79164391597303e-05	0.000497285764480657	0.00274114609742661	0.0127283301467091	0.0387398980981585	0.0997241546973415	0.173810028150569	0.223459807168231	0.211749667418511	0.139791053104921	0.0665124969941936	0.0227142246600936	0.00619099397630634	0.00116343286129759	0.000108253145127153	2.13112774733078e-05	
3.27708471092582e-05	0.000404013811746566	0.0026161831081366	0.0114602668904408	0.0374074420674154	0.095218095814964	0.171777444813174	0.221006730021352	0.214166055641196	0.14514557831804	0.0695086806751754	0.0234966288190806	0.00645030366166226	0.00119531322039732	0.000114492290109751	
1.71111607546022e-05	5.19445951478995e-05	0.000466007524836646	0.00240405018459004	0.0108710191936977	0.0367500881021075	0.0945560027242054	0.16947368921379	0.217833292479305	0.211864688743233	0.144919852545251	0.0757454049403724	0.0265822561337061	0.00706310691148301	0.00127023208030295	0.000131253467216849	
5.65351862237473e-05	0.00010181822373306	0.000250154476907503	0.00212000087272763	0.0101147211449967	0.0353522615515313	0.0902864179566729	0.170094958529657	0.220407157629019	0.211567016768583	0.146563353645291	0.0744484697558023	0.0282721900262875	0.00831053515356507	0.00176727345479525	0.000268267691911228	1.88679322955467e-05	
2.30473224261766e-05	0.000201698164901274	0.000151444092037096	0.00155685344862268	0.00984966190668998	0.0337490533891906	0.0856822396106012	0.163725041897714	0.22266168208087	0.216832823314726	0.150692803875878	0.0771224776989881	0.0283618440530885	0.0076202084923519	0.00138318028229288	0.000292182770994576	8.7688924970601e-05	6.06867365659681e-06	
2.85740682710689e-06	0.000166069763451617	0.0002073660954529	0.00164641060038063	0.00896212044622898	0.0315271982268838	0.0837439268199062	0.158239244142418	0.222550695499625	0.214302654626189	0.155701798846451	0.0829330355824708	0.0303018469325261	0.007935494993347	0.00146244802751166	0.000271589715566921	4.29291359024868e-05	2.31313886003891e-06	
1.32309003810906e-05	0.000277577504918163	0.00185266530720862	0.00848704586291457	0.0302238546213092	0.0776008591536051	0.152518491709925	0.215187838753456	0.222015119051642	0.164769694805874	0.0841148724412287	0.032576987216779	0.00828708964023214	0.00168466679775436	0.000327990627908678	6.20156048631633e-05	
0.000278494999568467	0.00129251278302138	0.00670883690868667	0.0287577030943283	0.0740502059214898	0.146598018770428	0.216115483131309	0.224453784864765	0.170674651445682	0.0879835663733298	0.0321416864163795	0.00872584030652747	0.00198935570585466	0.000229455662687933	4.03615941403576e-07	
0.000244992846208891	0.00121429787583536	0.00642387908939726	0.0264814267423391	0.0724410847203262	0.139778451802541	0.21428794279207	0.227414959483183	0.173301472930324	0.0934575377065656	0.0331639649455569	0.00923026380963009	0.00227133367705663	0.000274525317194071	1.38662617718229e-05	
0.000114620558742211	0.00110659018693517	0.00595089340981307	0.0268414806255932	0.0694375438451698	0.140389782527958	0.207292733049973	0.228558478108365	0.176822217637106	0.094509206454009	0.0362131638674535	0.00969058721578013	0.00272210621879256	0.000304312301407172	4.62839929022407e-05	
