# <P(U)> as a function of N_tot.
# number_of_species: 1
# species_total_upper_bound: 462
# species_total_lower_bound: 439
# volume: 729
# Bin widths for each
10	10	10	10	10	10	10	10	10	10	10	10	10	10	10	10	10	10	10	10	10	10	10	10	
# Bin lower bound for each
-2140	-2150	-2160	-2170	-2180	-2190	-2190	-2200	-2210	-2220	-2240	-2240	-2250	-2260	-2260	-2280	-2280	-2310	-2320	-2320	-2320	-2330	-2340	-2340	
# Bin upper bound for each
-2000	-2010	-2020	-2020	-2030	-2040	-2050	-2060	-2070	-2080	-2090	-2110	-2110	-2120	-2120	-2140	-2150	-2150	-2160	-2170	-2190	-2190	-2200	-2210	
# Normalized histogram for each
0.000188184006125018	0.000717705494692735	0.00392075701815646	0.0158510344935818	0.0495666583340713	0.112250288371321	0.186246257338195	0.220860204085064	0.1998785981959	0.130800775491857	0.0586901496392136	0.014687880781859	0.00403397569049378	0.00217875883189718	0.000128772227571773	
4.93030629527859e-05	0.000578177585949194	0.00281268307126914	0.0125116439525472	0.0462386225744274	0.101073545860703	0.181417278881784	0.223021980240522	0.202957050373421	0.140028774287603	0.0647949920555481	0.0194252651279294	0.00368653735946679	0.00119489089926378	0.00020925466661283	
6.84165557118174e-05	0.000692087474095331	0.00240538206397337	0.0105099352361682	0.0410471967648619	0.0956084637184845	0.176033925393402	0.220031820179974	0.204491179593603	0.142417198683406	0.0748406542408758	0.0247261753388132	0.0062040132719476	0.000624103022945904	0.000299448461736565	
4.25196419125479e-05	0.000388298018008149	0.00271592411036658	0.00856129386549668	0.0372920321073743	0.0880106140556964	0.165168774151517	0.222598541071812	0.205669525812305	0.153762123502984	0.077771163611258	0.0294773543269861	0.007570658276124	0.000764056345011581	0.000193140068348523	1.39810347983632e-05	
4.02236316907806e-05	0.000486779077334247	0.00201542334933551	0.00830171877772231	0.0331480754747449	0.083982847473305	0.159195334292752	0.219749159582066	0.207483584735907	0.159252086180374	0.0837188341816619	0.0325818730082903	0.00871609531801315	0.00125453850549755	7.05010562725682e-05	2.92535503205677e-06	
7.7752523692881e-06	0.000275654701922497	0.00167402650539522	0.00830778380514689	0.0289356750437431	0.0825833026602072	0.152841509989219	0.21390540804011	0.212519799386753	0.160814811239611	0.0913508532752664	0.0341318908724259	0.0105370806920092	0.00183980075402344	0.00024690093844362	2.77268433546312e-05	
0.000110166386032294	0.00141897204325016	0.00780949216774978	0.0266599755082729	0.074139368595854	0.14799839273041	0.208830676583961	0.21608150920991	0.16712240761099	0.098451060612386	0.0379547842362338	0.011416861487223	0.00180629386361633	0.00019380586595418	6.23309815709031e-06	
0.000193840597534201	0.00123353107521764	0.00619746571040597	0.0253973768961685	0.0675090998615361	0.139066824930662	0.213327598392827	0.220039035384573	0.170629067073105	0.103336128847607	0.0401063538745138	0.0110904723087693	0.00151518733739234	0.000329675864745667	2.83418449425006e-05	
7.24532886823607e-05	0.00110523934559144	0.00627642947870222	0.0244481208317579	0.0625441761785203	0.130699634510184	0.204004213035319	0.226114227038115	0.175969146224385	0.106644561879755	0.0460473318894946	0.0137245985158546	0.00207123479569915	0.000208938441711257	6.96945462275213e-05	
0.000167296416108445	0.000933010375995801	0.00533307978374767	0.0218061326871871	0.0596479741865682	0.123970985938852	0.197487775132777	0.223782980078846	0.188366791892955	0.110004484875376	0.0511717189171291	0.0140610032777652	0.00301509821211362	0.000189438588828681	6.22296357496811e-05	
3.02425756996872e-06	0.000136811651974775	0.0007628329689583	0.00418413235418434	0.0180965812496319	0.0576669753809592	0.12040217441239	0.191825345381015	0.227109934498901	0.193716514448103	0.114238593472529	0.0517513835618352	0.0158815285980276	0.00385996074513674	0.000360030663091514	4.17635569186156e-06	
0.000130231192745043	0.000623814608342279	0.00354012991460863	0.0165183518055368	0.0519975018635292	0.11641733269249	0.187939872042457	0.225035759614803	0.198201946128896	0.122007632555208	0.0551193090407789	0.0173784532851358	0.00441231915132433	0.000677346104144662	
3.64122416236075e-05	0.000532994938411704	0.00357356046926491	0.0145687672420565	0.0493804471423271	0.108938259173735	0.183613315756064	0.224843154985983	0.198560971008401	0.131797119017569	0.0606619344132382	0.0188780270184567	0.00405795796708448	0.000523963555646793	3.31150701380053e-05	
7.94515076105797e-05	0.000294480817198846	0.0031110003163482	0.0135430561569087	0.0436980376206533	0.10861531329406	0.183376120521377	0.219184842110174	0.203778247197694	0.133653326102517	0.0619915650197608	0.0223640686752591	0.00536115448142949	0.000867843715239965	8.14924637693836e-05	
0.00042455405670139	0.00292723487105804	0.0140393609044308	0.038824447852103	0.102167443180099	0.17906562275222	0.222143100710214	0.211323654107836	0.135330533910136	0.0643668593485159	0.0217014528824298	0.00615831005457377	0.00137205415142203	0.000109259155373862	4.61120628862803e-05	
5.28397009331638e-06	0.000301039518371997	0.00244545071457623	0.0111804403866163	0.038831455884941	0.0994701498988927	0.176256656518019	0.217089709629698	0.212913318378719	0.144968214718234	0.0659920896032164	0.0229449062454912	0.00645818566960891	0.00106383931212103	7.92595513997457e-05	
0.000538598575767087	0.00205396780882268	0.0104070210564259	0.0383252970431922	0.0982205843345956	0.175028619380259	0.215874708253075	0.21228004752749	0.13973594199111	0.0732204649515153	0.0267098298002453	0.00627448528889331	0.00109398313616313	0.000236450852445841	
3.09384009175197e-05	2.48378711591355e-05	0.000281495873136869	0.00209001244508071	0.0108516804344972	0.0381882995325251	0.0959534895611221	0.176145824739333	0.219340480442864	0.20619834158551	0.143834078372634	0.0712662433867352	0.0258722014545987	0.00745397586049425	0.00194882875638667	0.000488187631379266	3.10836516260526e-05	
2.74348343682921e-05	0.000122954022090356	9.29337059491361e-05	0.00146812273339431	0.0102942393167893	0.0372790562187157	0.0928364631068988	0.16849627805535	0.22084237294368	0.211842023616365	0.146959502162612	0.0746774755126148	0.0264134254301093	0.00686790141615455	0.00135981977468388	0.000418129857832976	1.86729239155915e-06	
9.04607817443272e-05	0.000177486343928743	0.0015583014728647	0.00854653999676231	0.0346544949203838	0.0919898838509327	0.166223833467426	0.219974141384763	0.210400757007884	0.150584710152634	0.0784586971385909	0.0282625532584274	0.00720236720979874	0.00155472311915646	0.000297146491932315	2.39034027710485e-05	
0.000168621261008367	0.00193715403139881	0.00820656644744007	0.0303097427544752	0.0825192073265227	0.160785348546971	0.220145150773852	0.217313991270935	0.161766792530732	0.0788557469282069	0.0295771075453891	0.00711138130954172	0.00114125030532391	0.000161938968202807	
8.96024456722368e-05	0.00100628291790783	0.00668277928921813	0.0293408930628307	0.0790963495656584	0.155532678863299	0.222855657857109	0.2225984346369	0.161939114161192	0.0826163858309224	0.0291376825318357	0.00737810543304848	0.00149463020358876	0.000230565794782765	8.3740603431997e-07	
4.1583125485875e-05	0.000795123894536468	0.00714548067775314	0.0275749293836726	0.0752908160190743	0.147185449559941	0.221531715108963	0.229003316561018	0.161768719836896	0.0872468507940196	0.0322270585896694	0.00773977852691028	0.00216368590642897	0.000271040175298096	1.44518403327959e-05	
0.000395148861929796	0.00637885074439328	0.0264341608800486	0.0687450631482137	0.153475523585623	0.213472983820842	0.229346513704493	0.163767057270358	0.0903340004787818	0.0364280951509896	0.00847422359537827	0.00240300821623274	0.000251567849789372	9.38026929267819e-05	
