# <P(U)> as a function of N_tot.
# number_of_species: 1
# species_total_upper_bound: 462
# species_total_lower_bound: 439
# volume: 729
# Bin widths for each
10	10	10	10	10	10	10	10	10	10	10	10	10	10	10	10	10	10	10	10	10	10	10	10	
# Bin lower bound for each
-2140	-2150	-2160	-2170	-2180	-2190	-2190	-2200	-2210	-2240	-2250	-2260	-2270	-2270	-2270	-2280	-2300	-2310	-2320	-2330	-2330	-2330	-2340	-2350	
# Bin upper bound for each
-2000	-2000	-2010	-2020	-2030	-2040	-2050	-2060	-2070	-2080	-2090	-2100	-2110	-2120	-2120	-2140	-2150	-2150	-2150	-2160	-2180	-2190	-2200	-2210	
# Normalized histogram for each
0.000129558114883778	0.000557196339247056	0.00409988744196729	0.0168891701375168	0.0493357944445738	0.108912981054424	0.186117015346239	0.222109159816589	0.195307154321268	0.130823026444129	0.0621300279961262	0.016861072422279	0.00475507215197508	0.00180532642665345	0.000167557542127605	
3.84262959870768e-05	0.000524030470359356	0.00312412299306457	0.0138993774223628	0.0460569768183274	0.0999815097874055	0.179272022289336	0.220730543805684	0.199624021489027	0.139324631145008	0.0684274637556989	0.0220193747989539	0.0053330488484844	0.00134589729927617	0.00028969519415342	8.85758687159736e-06	
3.87036273052765e-05	0.000537940655542688	0.00247497767417046	0.0118834053227429	0.0422302965234666	0.0941065443260913	0.172415050011515	0.220678141894523	0.203728272701516	0.1417838462061	0.0748931093957363	0.0265966820255119	0.00695949539483167	0.00139067964961288	0.000274172784523851	8.68180680991648e-06	
6.55089317982429e-05	0.00038154436068803	0.00256214198013761	0.0100096175676888	0.0377184236075187	0.0883107909671547	0.163748909550633	0.219382052038181	0.209434062382838	0.151126763664049	0.0773068294500053	0.0307578152189092	0.00770502806813491	0.00122218655699173	0.000260630530494542	7.6951247771174e-06	
1.99925198055149e-05	0.000426167080344089	0.00232260038761008	0.00888307095984496	0.0338012988337697	0.0846343204923328	0.158536057937506	0.216283091360375	0.209826799496787	0.156692666009316	0.0839536227941926	0.0335850532113835	0.00932753051579341	0.00156574070925844	0.000139675631566421	2.31206011356295e-06	
9.86053195597796e-06	0.000163684830469234	0.00180984963776826	0.00827529843580001	0.0306883555754066	0.0813176989272217	0.150207251380797	0.211554312932074	0.215588290557099	0.161396643026098	0.0899999993199633	0.0357891747543996	0.0107264226690501	0.00218189770901761	0.000263514216064928	2.77454968140621e-05	
0.000126857490840063	0.00147774761208035	0.0078966418777833	0.0278806905975584	0.0751584601693879	0.148032673182475	0.20622269162352	0.21707130866702	0.167076595524029	0.0960487208581469	0.0390644578209674	0.0114707196800104	0.00216104511076744	0.000291081755929708	2.0308029483468e-05	
0.000165368747686684	0.0013624114237661	0.00627587391706723	0.0259775973904292	0.070965898474805	0.141629783554331	0.206902975734701	0.217263279903772	0.172157962306868	0.1019765053275	0.0402830883167595	0.0122578729338823	0.00244011230302448	0.000293806509537632	4.74631558703717e-05	
5.76244643840336e-05	0.00100746771898085	0.0054892790370019	0.0236866732861627	0.0649628713227874	0.131925037157489	0.202836811221294	0.224320240551955	0.177458105299379	0.105857581685079	0.0451065785048949	0.0138968941922909	0.00288876928001387	0.000417022760703024	8.90435175838995e-05	
1.30761605832353e-06	0	0.000113556131380728	0.000852359204333522	0.00476963280558179	0.0200900754762871	0.0608935463572948	0.123923943819584	0.196647492656531	0.225251525110461	0.187446280207393	0.1112854216845	0.0502904318498383	0.0144928593495821	0.00343262979689488	0.000446447651070776	6.24902832083034e-05	
1.40147444777247e-05	1.44980115286807e-06	0.000102245500352267	0.000830874136893677	0.00356526814935299	0.0171789700129343	0.0557737122745343	0.120113194950964	0.192143251400007	0.227720612271738	0.19280180631416	0.115867072564964	0.0523863554380833	0.016888181324559	0.00383375751523413	0.000702877406540467	7.63561940510516e-05	
6.80680677899611e-06	2.98666011731462e-06	8.05009087434336e-05	0.000692210575096686	0.00343271433297496	0.0150317909132325	0.0497407405375141	0.113881489187631	0.18741590902161	0.228284949323671	0.197620215327081	0.123150484675898	0.0574801493024447	0.0181162467850861	0.00423445893144386	0.000777851317530382	5.04953931462263e-05	
1.60697827545464e-05	1.5446386009758e-05	5.23653265622288e-05	0.000592850304293804	0.00327594989386324	0.013952450344025	0.0467264952067024	0.105981325527113	0.182505977335788	0.230428978694654	0.198917935636918	0.130937767411229	0.0616062828417527	0.0196715613470191	0.00464756126500776	0.00060774255986375	6.32401364435382e-05	
4.03371142701958e-05	7.45604150534456e-05	0.000434361852446133	0.00332584426318042	0.0125093543103193	0.0413959283829294	0.103201312207086	0.177797285761961	0.226525433358695	0.206489271908763	0.134338050737765	0.0641989066674369	0.0230008690750735	0.00576117996881393	0.000833376024617165	7.39279515892788e-05	
5.00846153327736e-05	0.000515176312388955	0.00276174798145167	0.0127388729329898	0.0384249026950276	0.0991607279862686	0.173669751552641	0.223846023150301	0.212256400597468	0.139550423183076	0.0667612315281944	0.0228153158186157	0.00617409937255895	0.0011398151764188	0.000113151503478433	2.22755937882308e-05	
3.42061727686519e-05	0.000414553051984938	0.00270293169800157	0.0114356674203952	0.0369662101693091	0.0945052148670045	0.171232451267296	0.220366684447197	0.214938851814709	0.145818195193589	0.0698226703342172	0.0238847105993193	0.006544828763756	0.0012152494266888	0.000117574773763379	
1.78755745099699e-05	5.42651369052656e-05	0.000475617964640269	0.00250385725814649	0.0110388056732817	0.0363138040080869	0.0942758509004005	0.169527905367844	0.216968119551275	0.212273085719267	0.145221309188634	0.0758920993436472	0.0270065882132292	0.00704269261765019	0.00125100647641995	0.000137117006062586	
5.90803399413929e-05	0.000106401971447848	0.000251736739726008	0.00220977679246812	0.0102150911550852	0.0351393944695353	0.0901493571069562	0.170843206943948	0.22049729298758	0.211779142775815	0.145745964576174	0.0744405113317383	0.0279833599935757	0.00844332625181848	0.0018362944007755	0.00028034481695491	1.97173464610231e-05	
2.40581997747355e-05	0.000210544837081857	0.000156734189064993	0.00157716446925618	0.00993824302824689	0.0335327174434191	0.0857462711213911	0.163750499670303	0.223290700495058	0.21654999151557	0.150417986308749	0.0770861733397564	0.0283183517656156	0.00759954400458273	0.00139815153306251	0.000304998183534739	9.15350441133429e-05	6.33485141997474e-06	
2.98737981397586e-06	0.000173623669664645	0.000216798420785677	0.00163132276270325	0.00899343580188351	0.0315298023499725	0.0839849911193022	0.158289377951416	0.223168368086163	0.21378721306128	0.155121475042967	0.0828461592573601	0.0303636573011598	0.00803861231086418	0.00152093196576776	0.000283943338509325	4.48818253004468e-05	2.41835508750427e-06	
1.3852802535617e-05	0.000290624693195944	0.00184895841843335	0.00835643672956218	0.0298081763360886	0.0771868922082888	0.152645096740158	0.216336943918314	0.222891237598012	0.164284434550623	0.0832283480341168	0.0325812232436671	0.00836766105161668	0.00175177568064502	0.000343407422857295	6.49305718848919e-05	
0.000289203558211714	0.00131695814809351	0.00643839157146785	0.028423782809326	0.073311798017923	0.146129490029737	0.216512247379494	0.225458315039311	0.171241211908815	0.0879321198437554	0.0318132372338268	0.00882017988137086	0.00207221433289451	0.000240427330504547	4.22915269137286e-07	
0.000256914639045069	0.0012589166856935	0.00630367156535887	0.0257976552886455	0.0714077985442483	0.138550744171603	0.214659486386041	0.229126891503445	0.174450213158755	0.0934853298595212	0.0326752776530683	0.00935483875477983	0.00236983655754797	0.000287884213221114	1.45410190262243e-05	
0.000120667852075393	0.0011209737617626	0.00571538832770692	0.0252015782187298	0.0684345202087026	0.139785713079234	0.208036868199357	0.230008982665048	0.177537373495987	0.0951124028688087	0.0360212305910521	0.00969416051702004	0.00284104672688799	0.000320367586529659	4.87259010972642e-05	
