# <P(U)> as a function of N_tot.
# number_of_species: 1
# species_total_upper_bound: 462
# species_total_lower_bound: 439
# volume: 729
# Bin widths for each
10	10	10	10	10	10	10	10	10	10	10	10	10	10	10	10	10	10	10	10	10	10	10	10	
# Bin lower bound for each
-2140	-2150	-2160	-2170	-2180	-2190	-2190	-2200	-2210	-2220	-2240	-2240	-2250	-2260	-2260	-2280	-2280	-2310	-2320	-2320	-2320	-2330	-2340	-2340	
# Bin upper bound for each
-2000	-2010	-2020	-2020	-2030	-2040	-2050	-2060	-2070	-2080	-2090	-2110	-2110	-2120	-2120	-2140	-2150	-2150	-2150	-2160	-2180	-2190	-2200	-2210	
# Normalized histogram for each
0.000167752393969058	0.000639782399039102	0.0037181574916433	0.0151204488419526	0.0485150415689933	0.110009971462108	0.185909623304068	0.222560710940391	0.200679828130615	0.132209371475623	0.0591971093127311	0.0153557768465972	0.00385942923965447	0.00194220549056209	0.000114791102053287	
4.42780314292592e-05	0.000539224991945979	0.00264879327096069	0.0122147565955181	0.0452400607270656	0.0998603206238418	0.179537620295014	0.223943141918216	0.204758539679987	0.141008862222543	0.0651116086310607	0.0198877068407523	0.00391809683859945	0.00109906217093661	0.000187927162129356	
6.1759897023498e-05	0.000718235097174322	0.00234167525345937	0.0102891988441148	0.0405499881355987	0.0940384796663665	0.174010655207497	0.220023468760869	0.206712325650185	0.143410511534473	0.075029433466713	0.0254350659693216	0.00641964874871198	0.000689240450782238	0.000270313317709163	
0.000127204595819515	0.000440565453904251	0.00268754097140818	0.00860117913813188	0.0372540470974033	0.0877173285934447	0.163857990937688	0.22155555893254	0.206677206351269	0.154646465546288	0.0777855448417816	0.0299783634283774	0.00767642399715355	0.00080632779327406	0.000175544962304994	1.27073592116302e-05	
3.91087566634537e-05	0.000462254861923475	0.00226671161069813	0.00846292210520043	0.0330423765992355	0.0839299192364268	0.158381684970186	0.218966736007113	0.207185821665666	0.160060967093041	0.0838841593306709	0.0327969491977251	0.00909810684352693	0.00135550418503603	6.41170772509683e-05	2.66045963696964e-06	
1.93383148832473e-05	0.000270469672987762	0.00190329028757808	0.0081224923540304	0.0286643172614599	0.0818902949399765	0.151953676600426	0.213242264540679	0.214036202392403	0.161682716134343	0.0914782314590905	0.0339722179100003	0.0105944624668648	0.00190609100904393	0.000238728163041466	2.52064931926464e-05	
0.000124295285400487	0.00151627025285892	0.00789843647109288	0.0262753621885279	0.0736979804396245	0.148077072597438	0.206908014612894	0.216498321484731	0.167974632125624	0.099594506465735	0.0380524727092511	0.0111782452573415	0.00200882337851511	0.000189880882803298	5.68584816193719e-06	
0.000188887460904454	0.00125137942849201	0.00622201735564531	0.025240891881515	0.0685171824537501	0.138822490593861	0.211265124747558	0.219369309060937	0.171010631090715	0.104710595701147	0.040210893923324	0.0111247738515361	0.00168898659999082	0.000350944316566799	2.58915340586361e-05	
8.33124721022425e-05	0.00110332733324591	0.0061293608251246	0.0244999596020604	0.0630066133413864	0.129403739657134	0.202282152455201	0.224741287621409	0.178341936107678	0.107758126277336	0.0464769685386145	0.0137468228013918	0.00216082618422255	0.000201989697863148	6.35770852290563e-05	
0.00015297757753654	0.000918130132308401	0.00556753688764472	0.0220048187936924	0.0600864429179917	0.123218145363899	0.194978788917807	0.221463362862682	0.189606841009054	0.113007686064603	0.0514332847713336	0.0141217095429557	0.00321014712446486	0.000173224609857552	5.69034241701661e-05	
2.77591541759285e-06	0.000125577126033962	0.000701381295511794	0.00408244627413989	0.0186853476080598	0.0588286535805608	0.119630322090788	0.189109105637065	0.22410057696741	0.194604096299414	0.116802986144745	0.0522965280436194	0.0166539062681756	0.00404133628866982	0.00033112705338429	3.83340700524727e-06	
0.000119913132541774	0.000602613178784518	0.0033669752607945	0.016779623512514	0.0530906450531527	0.117073112560669	0.186597024299303	0.222381090560253	0.196590757016243	0.123561009284324	0.0568934151127647	0.0178830893332962	0.00436894554618776	0.000691786149171937	
3.36990028942667e-05	0.00049327910535781	0.00344685076847657	0.0151031235924198	0.05013841135736	0.109334292118613	0.181822704769537	0.225079620528	0.19674446404323	0.13200536265235	0.061432884256529	0.0195395840561261	0.00425403475906208	0.000537724640671114	3.39643493737491e-05	
7.35065426217909e-05	0.000272446268066087	0.00297654291581707	0.0136314848618333	0.0446385676555567	0.10916827549335	0.183448727365717	0.218429074818331	0.201757521202929	0.133343430929341	0.0627780941331529	0.0229952742711186	0.00550921421371063	0.000902444544371381	7.53947840836351e-05	
0.000392860564395635	0.00278929641811996	0.013811270654566	0.039818612839379	0.1026174623871	0.178454771095192	0.22117981830029	0.210347819528744	0.13467493879814	0.0648868130800418	0.022705465327779	0.00664655934457106	0.00153053909954619	0.000101102822521741	4.26697396126702e-05	
4.90125202482974e-06	0.000288493140017062	0.00232482721044424	0.0112395239141617	0.0392399682943452	0.099803241960381	0.175633915683761	0.218254522562233	0.211850492208235	0.143112610894231	0.0665219708152225	0.0236373770568581	0.00680225708101579	0.00121237914669747	7.35187803724461e-05	
0.000498920925992949	0.00205721102934277	0.0107800163536682	0.0386091339258187	0.0974398466508492	0.174882508277369	0.214585461320894	0.212871811369821	0.139842495408909	0.073884934518304	0.0263827562633209	0.00678744252758006	0.00115842951166874	0.000219031916462246	
2.85180380607359e-05	2.28947629501683e-05	0.000259473980101907	0.00206641971563098	0.0107507647988869	0.0390899291561057	0.095413857651075	0.177132496545368	0.218627446911262	0.206309930556569	0.142995869436656	0.0715200261562625	0.0254872266636426	0.0077409737397069	0.00201406970210165	0.000503283122395804	3.68190632239548e-05	
2.52643698047659e-05	0.000113226704465338	8.55813992863014e-05	0.00176705087027156	0.0107557432790824	0.0373087282180789	0.092524206837676	0.168173005113456	0.221058473920953	0.211049286155893	0.146800406452123	0.0747678521872992	0.0263774570922377	0.00709174828645404	0.0014330585469363	0.000487033558225907	0.000170104605072927	1.17724026838962e-05	
8.32768930339933e-05	0.00016549964818148	0.00158674105366352	0.00917627030203686	0.0343564619970115	0.0916467478528529	0.164516928136785	0.221243645525053	0.210792790750994	0.150170770337614	0.078798783524879	0.0281896235937142	0.00735327059456012	0.00145405144719955	0.000377513130605049	8.314512579818e-05	4.48008601765154e-06	
0.000347856839517696	0.00205644003573965	0.00818491331710616	0.0300852684077868	0.0819652172148552	0.159575767501975	0.220523052828518	0.218216129515534	0.161190930054554	0.0791096287959054	0.0295484620577129	0.00743188231792297	0.00140961078377285	0.000335734555716322	1.91057733826008e-05	
0.000226505323653029	0.00112980388684173	0.00668352772123068	0.0292630097617701	0.0774442057228444	0.154449922032641	0.222242433821096	0.223796983809991	0.1629780354663	0.0829203965386045	0.0291988310925038	0.00757243470403845	0.00179687308557947	0.000296259109643487	7.77923263834101e-07	
5.21043303642739e-05	0.000821879254870043	0.00705905918088443	0.0273380392037546	0.0737837885806578	0.145251406563371	0.222229659661106	0.230813182522357	0.16329902814648	0.0874734090430805	0.0314674658532813	0.00756273437440574	0.00245042482143808	0.00038438036414715	1.34380998019782e-05	
0.00049136182916568	0.00636367721897421	0.0261508566713604	0.068620602812701	0.150900242842544	0.214279445327562	0.229443939499379	0.165740938656706	0.0901930926253773	0.0362178608966737	0.00861980856682565	0.00257806235626857	0.000312843242131582	8.72674543311734e-05	
