# <P(U)> as a function of N_tot.
# number_of_species: 1
# species_total_upper_bound: 462
# species_total_lower_bound: 439
# volume: 729
# Bin widths for each
10	10	10	10	10	10	10	10	10	10	10	10	10	10	10	10	10	10	10	10	10	10	10	10	
# Bin lower bound for each
-2150	-2160	-2170	-2180	-2180	-2200	-2210	-2220	-2220	-2240	-2250	-2260	-2270	-2270	-2290	-2290	-2300	-2310	-2320	-2330	-2330	-2330	-2340	-2350	
# Bin upper bound for each
-1990	-2000	-2010	-2020	-2030	-2040	-2050	-2060	-2070	-2080	-2090	-2100	-2110	-2120	-2120	-2130	-2150	-2150	-2150	-2160	-2180	-2190	-2200	-2210	
# Normalized histogram for each
2.51478866325604e-05	0.00014402532024166	0.000805844092840017	0.00466968653427659	0.0170445168579203	0.0498927553807181	0.110763790002726	0.189916034810042	0.224219093908611	0.193639263763417	0.125636579839882	0.0595443302613682	0.0173683725687006	0.00487481815221993	0.00134430021424389	0.000110597031913013	8.43374246823671e-07	
4.63616748433207e-06	0.000123515228728414	0.000826165045707975	0.00371036347243999	0.0142728279478066	0.0449808696275705	0.103017689142498	0.182430795155267	0.22505313047937	0.198522468876635	0.134210442132748	0.0651671678363717	0.0210595203544752	0.00536184359981715	0.00105233274948531	0.000192478220057853	1.37539635368518e-05	
1.32716726218744e-06	8.59926317234977e-05	0.000677909230659094	0.00333805987038885	0.012762469770838	0.0422423287195014	0.0973047418827523	0.173644573833711	0.22354957598177	0.20366946914949	0.139770268908289	0.0702014101230229	0.0246551375386372	0.00655831412909294	0.00136112713036694	0.00016979934089751	7.49459159823493e-06	
8.27411235913619e-07	9.11334375556286e-05	0.000541442152567855	0.00314865435746671	0.0113697729969694	0.0376957526932433	0.0901559102811993	0.165788625743222	0.220646818095531	0.210469147686838	0.147920877106343	0.0747169288260067	0.0287659366299131	0.00720927349905041	0.00129856283396386	0.000171589330114467	8.74691877965826e-06	
3.19239054950623e-05	0.000431111869475037	0.00243977354461578	0.0102742895599208	0.0343784681963955	0.0843082117508278	0.160049764717238	0.218790347165117	0.21338618257039	0.153351747688717	0.0808404327911544	0.0315040445163159	0.00853056052017122	0.00152411801365405	0.000157671493391553	1.35169711934261e-06	
1.11501365891732e-06	3.73927794901202e-05	0.000266806839812359	0.00210749528110291	0.00908461360794527	0.0312927786936819	0.0805048622559912	0.152316440876401	0.214000270789031	0.215876321092076	0.1609759953488	0.0869602736562094	0.0344256883218248	0.00977743530929683	0.00206193900875286	0.000290779633479082	1.97914924457825e-05	
3.55822177945643e-07	2.7200628714067e-05	0.000190404400998469	0.00168386915343143	0.00794582551990661	0.0290492040000897	0.0737445022014125	0.146571892507069	0.210115763582731	0.218787980311015	0.167409234605541	0.0931691511818456	0.0377494120730386	0.0110002821669871	0.00215525446761431	0.000380492515616541	1.91748618115152e-05	
3.49373147156089e-06	2.13197022753204e-05	0.000233921202618599	0.00149237915927243	0.00669248084273885	0.0263451570867028	0.070604898711762	0.141120667569505	0.208033446444213	0.220187939726303	0.172852563062945	0.0987515110884883	0.0388960300848393	0.0119164828255903	0.0024560932245073	0.000352668371157675	3.89471656091049e-05	
4.8192914333726e-05	0.000157142191885875	0.00124378143958497	0.00587751429984038	0.0234858814775329	0.0653176878101849	0.133393944378005	0.203928435900154	0.224895524221794	0.178309938698692	0.103424055041381	0.0428711642096273	0.0136529020278873	0.00288555074573185	0.000444080267359704	6.42043760038126e-05	
7.52150378137665e-07	2.28416193781807e-05	0.0001431460930182	0.000848821495159358	0.00528377723269308	0.0203143941076381	0.0607166267116468	0.125239569792152	0.19729181526585	0.227844044865216	0.187185645677158	0.109715304747977	0.0477049002122093	0.0138509283871291	0.00335213630104953	0.000429557039640621	5.57383017062017e-05	
8.04000580147808e-06	8.91133647947078e-06	8.6935038099726e-05	0.000921947069196092	0.00393378076955767	0.0182132271323818	0.055189887114358	0.120676090820856	0.1924105672133	0.228600217563349	0.192491680178233	0.116364271354869	0.0507519623357017	0.0161471040651616	0.00361111117712101	0.000540462655994925	4.38041695390875e-05	
3.90641146957485e-06	2.98960061447055e-06	7.57365488999206e-05	0.0007884573353897	0.00374058828882555	0.0161033441951503	0.0504112833426669	0.114138646435601	0.1868195046168	0.228859228596144	0.198074633426135	0.123177923130831	0.0554993842817881	0.0172800908583474	0.00432112886681421	0.000669072617518509	3.40814470049643e-05	
9.19314719033052e-06	8.8365164803608e-06	8.27383247129747e-05	0.000738621825981728	0.00346530135750687	0.0142308333480939	0.0472694193247641	0.108150085577501	0.180772817955992	0.229791273159351	0.200798187079674	0.130688789816878	0.0599073814195955	0.0189138304519751	0.00452057162830727	0.000592244732356379	5.98743336404716e-05	
2.28916190711753e-05	5.48760763796817e-05	0.000564713111581608	0.00338847807383696	0.0130381728914655	0.0434455013362285	0.103670519570759	0.175521449347368	0.226281979522051	0.207359224817993	0.134708165157369	0.0635850612484411	0.0220416381003322	0.00534950018702134	0.000893331475948306	7.44974641549748e-05	
2.17789858034488e-06	3.7104938776246e-06	6.61435865141777e-05	0.000604770170597619	0.00285078857876106	0.0130078219227513	0.0395974630385404	0.0999147675357436	0.17201401937515	0.223203186281756	0.211017319415809	0.140649577610686	0.0666685810664064	0.0231350099898998	0.00607194091054632	0.00102893608484738	0.000145193238689658	1.85928008433146e-05	
1.31667975176252e-05	2.43079338786926e-05	0.000376691948673474	0.00302261055136917	0.0115943983014588	0.038170424463926	0.0950584441731229	0.170931689479595	0.220568571486332	0.21314869620953	0.143950612112263	0.0706941158878317	0.0245601286926841	0.00668723414969774	0.00108324256008081	0.000113153432205314	2.51181983413157e-06	
1.45347218918621e-05	4.98796027041061e-05	0.000378510069546013	0.00250786707004906	0.0108415259838519	0.0367744253673408	0.0926745608965373	0.167650446011504	0.218252047867414	0.21162623901925	0.147191873511482	0.0757295853454375	0.0273660472540408	0.00751522046521232	0.00133176919752343	9.54676162145147e-05	
3.35612812296071e-05	9.07865241029057e-05	0.000280464784644508	0.00203383808034033	0.00986941973440808	0.0344886152721262	0.0889601631664776	0.166252526973047	0.217907859783248	0.213474593743542	0.151224485789445	0.0765161777187143	0.0285949854721197	0.00827774338832577	0.00175264016091168	0.0002309374570047	1.12006703132791e-05	
1.37667160720708e-05	0.000188375922583809	0.000375244837786947	0.00174214126198427	0.00963898212648517	0.0328079579764882	0.0838695632163122	0.160388392458935	0.219961290275281	0.217808346947312	0.154476687614069	0.0804497154403496	0.0287636389259192	0.00779285735523463	0.00144839701254115	0.00021863825998484	5.23786889606007e-05	3.62496369945059e-06	
1.71411843031972e-06	0.000112070695468046	0.000372249385784432	0.00170856795159297	0.00882587336068549	0.0304713527753271	0.0816579084057552	0.156283768388154	0.220922398960983	0.216510543807745	0.158201866911682	0.0833554162122382	0.0315960593396783	0.00821944274744453	0.00155499110270504	0.000178635627845462	2.57525887983748e-05	1.38761968168739e-06	
1.12047086830747e-05	0.000397339342099436	0.00197202872822115	0.00828614690970264	0.0303231605036219	0.0772598481546028	0.150427532976171	0.214924647519218	0.221142853394373	0.165971479004841	0.0851275501254866	0.032618740474215	0.00926054912117803	0.00197382148161044	0.000265857178752955	3.72403772230193e-05	
0.000271556264448413	0.00133477424742504	0.00694409317210266	0.0288668837742019	0.0761456542728889	0.146846273882931	0.211826623051075	0.224202528893995	0.171224796790719	0.0882688866350851	0.0323785963363437	0.00939582248937924	0.00207823836809403	0.000209206687352008	6.06513395879421e-06	
0.000216738689558286	0.00135306752649606	0.00667020761723416	0.0271275471775862	0.0726342615900773	0.141948308587122	0.211763840461492	0.223644307746243	0.173463667356252	0.0940827400148594	0.0345880502133564	0.0100422125358262	0.00220815115338504	0.000243297830870664	1.36014996417936e-05	
8.60864810340946e-05	0.00111964308712586	0.00675373786742355	0.0276096146905602	0.0721352428594616	0.142110221905565	0.207799235630273	0.22196714673283	0.175000246445999	0.096316524306021	0.0365391813818209	0.00987208794119172	0.00232010449789292	0.000330497055838358	4.04291169622336e-05	
