# <P(U)> as a function of N_tot.
# number_of_species: 1
# species_total_upper_bound: 462
# species_total_lower_bound: 439
# volume: 729
# Bin widths for each
10	10	10	10	10	10	10	10	10	10	10	10	10	10	10	10	10	10	10	10	10	10	10	10	
# Bin lower bound for each
-2140	-2150	-2160	-2170	-2180	-2190	-2190	-2200	-2210	-2220	-2240	-2250	-2250	-2260	-2270	-2280	-2300	-2310	-2320	-2330	-2330	-2330	-2340	-2350	
# Bin upper bound for each
-2000	-2010	-2020	-2020	-2030	-2040	-2050	-2060	-2070	-2080	-2090	-2100	-2110	-2120	-2120	-2140	-2150	-2150	-2150	-2160	-2180	-2190	-2200	-2210	
# Normalized histogram for each
0.000145697444333992	0.000550842270788411	0.00388481679618298	0.0157925772826998	0.0487117924636168	0.109580115602893	0.185344299959511	0.220579709365126	0.196941917415359	0.132164480560447	0.0630115804666892	0.0169226782906268	0.00440270269179602	0.00186169890786608	0.000105090482064334	
5.02059422221507e-05	0.000570050181264725	0.00305481884717456	0.0126188806508596	0.0453762156751972	0.100480045392979	0.179253253834351	0.221049190165388	0.199802716175512	0.140390791140983	0.0687623137519096	0.0218897057140404	0.00513283428626765	0.00131369378987384	0.000255284451977038	
5.07786391307323e-05	0.000635515536655004	0.0024605033050025	0.0110395717760846	0.0409650584706465	0.0928482199521968	0.173343231689975	0.219872898631663	0.204132911696729	0.142768404452556	0.0765642755405469	0.0268122518074457	0.00698936665733696	0.00126077100581442	0.000256240838216213	
8.62859309511601e-05	0.000425524488899081	0.00277701441512681	0.0094075461673799	0.0373005530231893	0.0871120372134739	0.163521622337674	0.218592582159806	0.209254311520238	0.154360594810611	0.0778954834999971	0.0303574881645493	0.00756187335834186	0.00109968290140717	0.000237264275914732	1.01357324406368e-05	
2.6426971043051e-05	0.000411685467269297	0.00244719145118049	0.00865204649924431	0.0327224328489767	0.0839817679068347	0.157889107036244	0.217914016703643	0.208245790246434	0.157990410425242	0.0853109366851122	0.0338786577759385	0.00892260834563745	0.00151074184462775	9.43820394394678e-05	1.79775313218034e-06	
1.29697068792578e-05	0.000186137655280934	0.00178731505421606	0.00844462087221189	0.029182645494619	0.0807932236948852	0.149334188916572	0.212299342981483	0.215478620645734	0.162626528435233	0.0910426016409094	0.03567331294078	0.0108464316937417	0.00200583225356797	0.000269322671816863	1.69053420702049e-05	
9.60552965148664e-05	0.0013556348983581	0.00766047666394881	0.0269333175941522	0.0734510549301872	0.147202293789798	0.2062321459777	0.218306091997828	0.167848574121884	0.0972735696685327	0.0398410485143344	0.0117020099415006	0.00188327136030769	0.000210627276695249	3.82796825777503e-06	
0.000161484014744083	0.00118849720083896	0.00608115748292944	0.0258834266836078	0.0689271794212244	0.139811656469433	0.209545088393637	0.21804024328941	0.17234385964219	0.101885635727449	0.0410269988159935	0.0126582630912298	0.00209974125734256	0.000329434575128642	1.73339348418287e-05	
6.62470067990914e-05	0.00106022067773195	0.00557298468548249	0.023598079051658	0.063539384203634	0.130404905286475	0.203753591214429	0.224942517293154	0.178592261848277	0.105278937498277	0.0459369278362403	0.0141406026472304	0.00263860037621138	0.000431769342962187	4.29710314372485e-05	
0.00014764528779144	0.000843365045483503	0.00521947751798164	0.0205140312208415	0.0599525603777626	0.122978687727599	0.196205786846953	0.225999360504579	0.188729574569489	0.111216069222176	0.0502390166029653	0.0142467775468338	0.0033268923527773	0.000336263045422315	4.44921313454646e-05	
1.89888079965668e-06	0.000123969789349015	0.000838491507391258	0.00385952043674982	0.0178464955612305	0.0566696560475827	0.120209553251218	0.190106360834734	0.228500374260363	0.193699766690846	0.115687775529865	0.0511308920236698	0.016927979791568	0.00383664344425872	0.000551217969271768	9.40398110306166e-06	
3.90573446292018e-06	9.64625581307264e-05	0.000661794913879918	0.00344349533078528	0.0155657143002473	0.0506014240671176	0.114627129976394	0.186195081626671	0.227004466071112	0.199839719557366	0.123450910776403	0.05579014688559	0.0175779850279573	0.00431610907462887	0.000786778416693363	3.8875682561159e-05	
5.31665118379744e-05	0.000543289660798556	0.00343581824298015	0.0141186826131359	0.0478785165029303	0.107039867945198	0.182262552275522	0.22810253855676	0.199501658569888	0.131989650372513	0.0606326220164688	0.0193474738833028	0.00449626487231792	0.000562483672699384	3.54143036480067e-05	
6.80694407238851e-05	0.000329628328027643	0.00316060247043514	0.012821882337162	0.0428454528697453	0.104593871881403	0.178132137900808	0.222766085550919	0.207298839686298	0.135158974667174	0.0638850482129527	0.0225996956205789	0.00556694423362971	0.000717156907115171	5.56098930274539e-05	
2.19295433507116e-05	0.000408948814773227	0.00263368240334414	0.0132452583402421	0.039917065440545	0.0994910859193933	0.173929248231094	0.222120163118634	0.21259540048271	0.138725919549426	0.0671528149077779	0.0223512224512435	0.00603248285732286	0.00127646668224036	6.91338146310568e-05	2.91774432717095e-05	
3.37150785537917e-06	0.000368618192188123	0.00227352013047735	0.0112450088806453	0.0381080596363548	0.0968592063002243	0.172123249215773	0.219951834264166	0.213141482049296	0.146057747373853	0.0693256937462744	0.0230863063867129	0.00628083817558345	0.00110491804660454	7.01460939910833e-05	
2.33601390929425e-05	2.73461945730874e-05	0.000464514511883868	0.00208118445545894	0.0107853391396257	0.0374616909941195	0.0961387451359695	0.171592643298926	0.21505965132026	0.213252763101214	0.143956671762329	0.0744138157795329	0.0271102757080416	0.00631456077330218	0.00116365010330836	0.000153787582361871	
7.69861636056881e-05	0.000133417768967139	0.000226660719547815	0.00226492545889453	0.0102629843611578	0.0357533460485076	0.0920372388800307	0.174675251994213	0.21876412541943	0.211220322254364	0.145097896689427	0.0731071447457597	0.0265390178770467	0.00762564767880177	0.001838138085896	0.000351202656545851	2.56931978052964e-05	
3.10928111212914e-05	0.000272108092594024	0.000105789150264749	0.0017054130928332	0.0103253890281013	0.034883466351691	0.088571460111051	0.166318114414186	0.221738198530359	0.214592095434692	0.14844425555715	0.0759950619464468	0.0278479359156925	0.00732217303793323	0.00132677992545085	0.000394179572942999	0.000118299867165623	8.18716032483709e-06	
3.8486903868786e-06	0.00018556185793879	0.000195275219391388	0.00149448313141912	0.00896735696594175	0.0329256378952319	0.0867084286227837	0.159154985204076	0.223077883839743	0.21254594259605	0.155077206103693	0.0800846491959948	0.0297634805649841	0.00801315665645206	0.0014735902407475	0.000267575617373465	5.78219912885809e-05	3.11560650366363e-06	
1.05533662163989e-05	0.000308892440733901	0.00181361892638862	0.00828219003822796	0.0305530046488955	0.0785640300717712	0.154285717432059	0.218110090330391	0.221384478677933	0.16448072803911	0.0811247355578789	0.0312979805353713	0.00806534130458144	0.0014505831285445	0.000254749083623681	1.33064182728508e-05	
0.000230317590562898	0.00124366034666941	0.00677638247473473	0.0294273752810667	0.0757782211904933	0.149755247716632	0.220857994497513	0.22257248993442	0.167649440052311	0.0849344610304276	0.0308456180006539	0.00785720855808803	0.00182888013194311	0.000242156770781632	5.4642370240308e-07	
4.71868194230261e-05	0.000982506583546234	0.00682051002415482	0.0267595826178083	0.072118472404172	0.141601108773856	0.22039280027628	0.229288724508037	0.169794024608598	0.0901706094522452	0.0313046492985147	0.00822778752106506	0.00217336938871938	0.000309176636561118	9.49108701867318e-06	
4.41694893730969e-05	0.000691216888133021	0.00625185282548038	0.0265839771080935	0.0694412052001381	0.142719100481225	0.213638469701734	0.230837498934723	0.170872519284301	0.0914851643501283	0.0355033643169834	0.00887254617782084	0.00266468473893383	0.000331805478637418	6.24250242954454e-05	
