# <P(U)> as a function of N_tot.
# number_of_species: 1
# species_total_upper_bound: 462
# species_total_lower_bound: 439
# volume: 729
# Bin widths for each
10	10	10	10	10	10	10	10	10	10	10	10	10	10	10	10	10	10	10	10	10	10	10	10	
# Bin lower bound for each
-2140	-2150	-2160	-2170	-2180	-2190	-2190	-2200	-2210	-2220	-2240	-2240	-2250	-2260	-2270	-2280	-2300	-2310	-2320	-2330	-2330	-2330	-2340	-2350	
# Bin upper bound for each
-2000	-2010	-2020	-2020	-2030	-2040	-2050	-2060	-2070	-2080	-2090	-2100	-2110	-2120	-2120	-2140	-2150	-2150	-2150	-2160	-2180	-2190	-2200	-2210	
# Normalized histogram for each
0.000133428140501521	0.000589249665908057	0.00381179260359036	0.0156459645736862	0.0486661010956109	0.108853617805176	0.184165507325483	0.221303735004361	0.197621183898055	0.132955528688888	0.0632678886352904	0.0164352074241285	0.00443144361796712	0.00201016497897786	0.000109186542376152	
4.40230822634544e-05	0.000538903248397459	0.00307432917930854	0.0124518529163521	0.0454552998730921	0.100495993393502	0.177832404631835	0.221914386743284	0.200483747892458	0.140823565606537	0.0686200433551458	0.0216816210209712	0.00505212940154921	0.00124732066413121	0.000284378991173119	
4.90827721536384e-05	0.00061482630381926	0.00243388550590905	0.0108725056910183	0.0412458550890568	0.093104748835705	0.173180449970189	0.21958991602196	0.204032020567232	0.142907126095192	0.0765190084660032	0.0269973846632354	0.00722136743569898	0.000960679016236581	0.000271143566591889	
0.000101176755479227	0.000419920004718109	0.00263955671452088	0.00914446144269509	0.0380539218965463	0.0878627905653665	0.163855286605302	0.218862410657591	0.207342848324686	0.154069066525123	0.0779745601416099	0.0306072710138703	0.00776487313935321	0.00104146413080831	0.000248409253411407	1.1982828918755e-05	
3.11709163899541e-05	0.000396634007533396	0.00225808903834436	0.00851400713898804	0.0329407670950477	0.0840572531276675	0.159493521379485	0.217703617384847	0.207291259028301	0.158237354653675	0.0850779416041508	0.0335541131879588	0.00897436128512811	0.00139940450826872	6.83851737126544e-05	2.12047050271797e-06	
1.53223845561354e-05	0.000214513383785895	0.00178986585939187	0.00830631750368979	0.0297013329100833	0.0808815844909571	0.150744789411788	0.213094108289526	0.213317075402722	0.162288462593146	0.0909365559231636	0.0358201422572451	0.0108429646848624	0.00183699540085419	0.000189997568496078	1.99719357317902e-05	
9.83415842619987e-05	0.00141454953277286	0.00782788548854844	0.0273411574176755	0.0744640383657721	0.146732234697422	0.207059251850705	0.216029155141172	0.167021672811272	0.0978905730175801	0.0400405083632194	0.011959278214619	0.0019402585337479	0.000176596376844951	4.49860438645313e-06	
0.000148745461969282	0.00120105621955168	0.00623589994966107	0.0262215641831914	0.0701429931960572	0.140157524402232	0.209063754016418	0.216446937855984	0.171359737413551	0.102851993511402	0.0416233750112906	0.0122049454696812	0.00203954537555324	0.000281538818287029	2.03891151705053e-05	
7.04175466673663e-05	0.00111461216565439	0.00581212367671945	0.0240260261573376	0.0647225406986659	0.131417612257481	0.20260534428251	0.223427214650208	0.176625887106295	0.107059857538272	0.0467437131875484	0.0138808621164618	0.00224034841468694	0.000203066993742703	5.03732077501279e-05	
0.000151656904412594	0.000869232410409317	0.00524524070998633	0.0209865524198715	0.0601108698451549	0.125495350155016	0.195453161482226	0.221861606430506	0.187867468739747	0.112696477689297	0.0517627794934976	0.0140640158769381	0.00310622448238117	0.000284013938513988	4.53494220427088e-05	
2.20928957873898e-06	0.000125508688925505	0.000758417551101394	0.0040869753121358	0.0182676686882017	0.057988696432881	0.122134577717442	0.191023067297696	0.224942921425669	0.192428385878305	0.116358021898899	0.0509643128194133	0.0166907619503103	0.00372801835772354	0.000497405768013232	3.05092370397287e-06	
0.000106420428760532	0.000618608254706022	0.00356044822598726	0.0163156214968845	0.052250217819437	0.115875198971958	0.187375291852758	0.225445777790562	0.197416744190261	0.123367618623744	0.0551608692294181	0.0174947809209034	0.00430359999237145	0.000664337429044706	4.44647732048955e-05	
3.07702966999694e-05	0.000490336190610057	0.00349180071020775	0.0149935073627354	0.0493589050546911	0.107965330876454	0.182793773389743	0.22754655341802	0.196850356616226	0.131365304229796	0.0604309788230236	0.0195430108567864	0.00458299497345225	0.000517757339369893	3.86198621846555e-05	
6.75829201647625e-05	0.000330181758861387	0.00322703147319643	0.013435442157018	0.0445237972914927	0.106359732867385	0.179464643698714	0.222687628671048	0.205117552438997	0.132993547314135	0.0624246908584567	0.0226842389321051	0.00581615644916371	0.000803474058698626	6.42991105642803e-05	
1.8728255158029e-05	0.000431498998840989	0.00286296161135767	0.0135841920684234	0.0405921553225166	0.101442824777375	0.174874279898589	0.222257728615811	0.211793235782311	0.136711981909576	0.0651892035354665	0.0223918229227422	0.00632522738777227	0.00141093323430545	7.96218390718491e-05	3.36038406835492e-05	
3.87001355472248e-06	0.000350451227455424	0.00231050559254584	0.0111784266524394	0.039090039412863	0.0996040438631636	0.174226935229841	0.218816478904717	0.211225769818259	0.144736034437961	0.0671031325287217	0.0235469899733324	0.00654548292555395	0.00118132163757904	8.05177820135315e-05	
2.67989342957128e-05	3.13717683223623e-05	0.000513965275599921	0.00219932047686364	0.0109657623408827	0.0389619283917587	0.0982945562325122	0.174005905761973	0.212914342630118	0.212504170052425	0.141247717969717	0.0735396787467117	0.0271024428611095	0.00641855745377795	0.0010970547864864	0.000176426317446776	
8.79546717486819e-05	0.000152426300069318	0.000237285479729757	0.00229119785083187	0.0108568514234247	0.0371837981517137	0.0937477250801679	0.176768502663511	0.218151816167905	0.208509785277455	0.143198424672054	0.0723153917900291	0.0265660468068291	0.00759430950352363	0.00190789053742226	0.000401239819300116	2.93538042850577e-05	
3.54827480359564e-05	0.000310526534586861	0.00012072532615784	0.00172395765753395	0.0110447926652751	0.0367838521163045	0.0900100737411288	0.166728918943546	0.221291832375299	0.212113033338246	0.147135828379396	0.0762457069024233	0.0272438219076785	0.00725716678025345	0.00136010202234867	0.00044983306311856	0.00013500240820781	9.34309045917195e-06	
4.39001063532338e-06	0.000211661227060235	0.000222740777711289	0.00149782981914724	0.00944322644876884	0.0342056040576241	0.0882694212241336	0.161078583803474	0.221942004823785	0.211509144548939	0.152277762244341	0.0794373469702394	0.029901825774066	0.00803831852140261	0.00158542098372822	0.000305210263217721	6.59546835925966e-05	3.55381813335703e-06	
1.20240954508246e-05	0.00035194004597805	0.00191162206197762	0.0086274453219943	0.0318680352387551	0.0801414326385602	0.156596904956008	0.218491825026618	0.219355677866746	0.160437087370946	0.0807378277729211	0.0313309241228344	0.00828355619210071	0.00155821821307513	0.000280318260031834	1.51608160032137e-05	
0.000261319775428253	0.00116204119986799	0.00666070938864399	0.0299488582010081	0.0783667937685825	0.152377431312371	0.221504313274569	0.221736597519394	0.162792713797085	0.0839807774454478	0.0310006470480165	0.00793899604021493	0.00200179834297017	0.000266382910657982	6.19975742415785e-07	
4.68361757755594e-05	0.000819430322064604	0.00674167213257679	0.0274155859033249	0.0743099520790903	0.144271641709338	0.220693276778482	0.228164559207718	0.166037487188481	0.0882546630887343	0.0322657658981952	0.00819075502551152	0.00242757373402932	0.000350054794270577	1.07459624073794e-05	
4.96021725751588e-05	0.000646128300419558	0.0063248770296139	0.0268179746272887	0.0697453548465423	0.146505816954783	0.214868511240792	0.229579955602055	0.167392531792893	0.090708073013598	0.0354653533824782	0.00876918409026315	0.00268391755558893	0.000372616320594842	7.01030705144885e-05	
