# <P(U)> as a function of N_tot.
# number_of_species: 1
# species_total_upper_bound: 462
# species_total_lower_bound: 439
# volume: 729
# Bin widths for each
10	10	10	10	10	10	10	10	10	10	10	10	10	10	10	10	10	10	10	10	10	10	10	10	
# Bin lower bound for each
-2150	-2160	-2170	-2180	-2180	-2200	-2210	-2220	-2220	-2240	-2250	-2260	-2270	-2270	-2290	-2290	-2300	-2310	-2320	-2330	-2330	-2340	-2350	-2350	
# Bin upper bound for each
-1990	-2000	-2010	-2020	-2030	-2040	-2050	-2060	-2070	-2080	-2090	-2100	-2110	-2120	-2120	-2130	-2140	-2150	-2150	-2160	-2180	-2180	-2200	-2210	
# Normalized histogram for each
1.83323185335151e-05	0.000136106400497241	0.000809696813500618	0.00461697229343757	0.0177061312567452	0.0495453154066086	0.112057799494238	0.18589110756531	0.223147270549545	0.196041388551768	0.126665978564139	0.0588363534022838	0.0185633010882525	0.00470194852979115	0.00117904527940585	8.2740019607428e-05	5.12466337658619e-07	
3.10260778850199e-06	0.000119158801380964	0.000811576879413416	0.00379719535919858	0.0149676798080769	0.0455834436450369	0.103255627004958	0.180817485830938	0.22409727818483	0.199577905373495	0.134625347862402	0.0645028660047848	0.0213004988783373	0.00536555193234729	0.00099446744378827	0.000172463002860114	8.35138036303544e-06	
7.96407210314841e-07	8.89633701404637e-05	0.000663383782450783	0.00341682116966547	0.0132383491246829	0.0422517214576088	0.0975558075325506	0.17118543433051	0.222596143215379	0.204513530115249	0.140934609158945	0.0705000743938029	0.0250071395564031	0.0066782726620951	0.00121349035110502	0.000150567810232465	4.89556196928829e-06	
4.94926613342331e-07	7.93060978046163e-05	0.00050996295521435	0.00311473815330107	0.0115916055072888	0.0380462578681253	0.0904210654153225	0.164318510917598	0.218765764738331	0.212555614137583	0.147583698748258	0.0754978024904849	0.0286615301297299	0.00750433655877007	0.00121150964566012	0.000129647204761722	8.15450515316411e-06	
5.16329849243126e-05	0.000440811245254104	0.00247683381006041	0.0104528665698783	0.0341557678001259	0.0843385237752971	0.158319723456975	0.215645018508733	0.21562947616978	0.155524915322858	0.0813143707898617	0.0313616032904753	0.00862859645432526	0.00150989532091688	0.000149154010466955	8.10490068064002e-07	
6.69440909490944e-07	2.7590528912591e-05	0.000322431432335531	0.00217706965487237	0.00899905506024765	0.0307811560130366	0.079598436826786	0.15182494254105	0.212279999302825	0.217268625143144	0.163169073015848	0.0871517386085723	0.0344379291639231	0.009712679069765	0.00198106692001498	0.000249964453883136	1.75728238741373e-05	
2.14612681816287e-07	2.12228096462773e-05	0.000190409140478117	0.00158691770691023	0.007987740942081	0.0288963576221792	0.0735818417831433	0.145804207610395	0.208944188589034	0.218110296229408	0.169749212204537	0.0944881692613022	0.0376012387634761	0.0105681245989724	0.00210077200473903	0.000351416343547403	1.7669777469541e-05	
2.10990312763408e-06	2.30411012006404e-05	0.000194590611180434	0.00139443018181898	0.0069118028844102	0.0262258081624288	0.0703715990159795	0.139304651693835	0.206289112928633	0.221190183886689	0.174542959018297	0.0999682171865228	0.0393891341331592	0.0116722957923065	0.002158095233163	0.000307973928118861	5.39943391299086e-05	
2.92212603797654e-05	0.00015180156399587	0.00115486458168648	0.00631991459894409	0.0233119092952853	0.065317278846064	0.133347304748452	0.202609694052202	0.224912292362939	0.179468570527903	0.103706613547414	0.0432362190217092	0.0132627755242242	0.00268734666798451	0.000432479459748879	5.17139410668216e-05	
4.55800137109479e-07	1.65047628595432e-05	0.000151061761230442	0.000870506293436404	0.00539912055042808	0.0210882890383162	0.0611667711048718	0.126264410571137	0.197040911924612	0.226215911037601	0.18657444534461	0.109912556662854	0.0476617249055696	0.0139683550439335	0.00316932229020761	0.000446924029176295	5.27288790192966e-05	
4.8671302220591e-06	5.39460246287339e-06	0.000116547389209011	0.000921086412516475	0.00445251306476812	0.0184994824538277	0.0563119534128845	0.120642108262431	0.192386412928862	0.226887221352	0.192845002090229	0.116110354481486	0.0510912969094251	0.0157804829324848	0.00343394019174479	0.000472902839900954	3.84335455466046e-05	
2.35749025532606e-06	1.80420172601484e-06	8.60243382963876e-05	0.000844895640281243	0.0039604392928097	0.0172553131395369	0.0519169871871126	0.115079323172246	0.187521630875193	0.226966508314688	0.195780929592567	0.123049107652652	0.0553889208205866	0.017412014073447	0.00409209790676275	0.000597166715287899	4.44795865520192e-05	
5.539956915373e-06	5.32504479365595e-06	9.85730264942231e-05	0.000766925845909632	0.00381535877596753	0.0152467972004687	0.0484638296451787	0.109642170839759	0.182219331574588	0.22710473111843	0.199805900923315	0.128633286420405	0.0597068378971833	0.018970985478579	0.00478697647825034	0.00067205408373387	5.53756900290948e-05	
1.6866565457677e-05	5.2567062471935e-05	0.000619360437112279	0.00356781842036241	0.0138388370160027	0.0445112981036606	0.105579901311158	0.17774178617456	0.224058526550277	0.205609023127876	0.132964677717122	0.0633560021892466	0.021653047214963	0.00541817422092063	0.000961058339314606	5.10555494935088e-05	
1.29994406148119e-06	3.75539395539011e-06	7.92725147121771e-05	0.000671974787633074	0.00326269108305056	0.0136487626735218	0.041393492850753	0.10141771177154	0.174833280368637	0.221966652149822	0.208281683626884	0.138214843151277	0.0659927435678106	0.0232531104953174	0.00582704740166579	0.00101017690096176	0.000130403647797104	1.10976705989413e-05	
7.81973043103437e-06	3.58263957286467e-05	0.000538983942724926	0.00314389254391109	0.0119492939806001	0.0394310027288453	0.0964220402350394	0.171255224331825	0.220788452592042	0.210271396376481	0.143405892010485	0.0704993451276523	0.0245943996053081	0.00651590467002723	0.00101769580935834	0.000121338155580635	1.49176395915117e-06	
8.63541406882622e-06	5.53724879845069e-05	0.000452866130010561	0.00268787485875445	0.0110463302713454	0.0373813364214921	0.0933918107217301	0.165674171346628	0.220794187726493	0.210663644319851	0.147317878876748	0.0752687947020989	0.0267292043834613	0.00719125532268642	0.00121764149186087	0.000118297956519463	6.97568267398219e-07	
1.99149077561533e-05	6.87112654742036e-05	0.000378455753099034	0.00235665381115868	0.0102950163982589	0.0350170541940953	0.0896293142028409	0.165186546735419	0.219366720917872	0.213114285782648	0.150015858212044	0.0765886265720119	0.028297802986893	0.00791262305219695	0.00150098949781056	0.000232090848522257	1.93348618991779e-05	
8.17097746163992e-06	0.000112145456936531	0.000356356150183533	0.0020173369769124	0.00988100832762815	0.0335881082785056	0.0844705013208941	0.160171126376495	0.219764337406251	0.217675298893389	0.153725917373529	0.0790505807679365	0.0293614405288218	0.0081490753741244	0.00129785581947652	0.000320529556697881	4.80588851885804e-05	2.15152956830164e-06	
4.44907201666932e-06	7.22974202708764e-05	0.000341297019104823	0.00195756750759528	0.00902399957598409	0.0307875783553517	0.0805521414435435	0.155026729613621	0.220335697475096	0.219174441319267	0.158191132085477	0.0822401048588243	0.0318444989364421	0.00860873673460214	0.00155074339520147	0.000236622928016989	5.11401484524761e-05	8.22111133514983e-07	
2.24588498868807e-05	0.000397745990263039	0.00191650460592173	0.00806284772619946	0.0298296466081878	0.0767885928920225	0.150153477652793	0.214105957331755	0.222557721897779	0.164841951452603	0.0859871443709872	0.0333418633540852	0.00968526442774851	0.00200040565845295	0.000267721069865309	4.06961114491598e-05	
3.26153128174222e-06	0.000272481753111435	0.00154308800582663	0.00680604836587091	0.0278569784958369	0.0754933695587136	0.147574961560096	0.210250633090801	0.222532312841764	0.171046475501763	0.0894733718154055	0.0345108380564583	0.0100902424936517	0.00230369628620704	0.000226676424081085	9.66468460692733e-06	5.89953452432785e-06	
1.33789862570098e-06	0.000266409063842707	0.00152214637929751	0.006797576224624	0.0260792995450858	0.0724859379687125	0.143508620988705	0.210313602482222	0.221955303482713	0.172672254686969	0.094663327845082	0.0359528241654308	0.010973325072765	0.00245922491136661	0.000324846564529574	2.396272002818e-05	
0.000189188220528473	0.00141497418598364	0.00693269512828235	0.0258562848381415	0.0702261408831261	0.142818012151263	0.208262667445273	0.221968471650219	0.173219890295026	0.0976507951206612	0.0381675137876015	0.0105216023132197	0.00239744360602995	0.00032149663252795	5.28237421159616e-05	
