# <P(U)> as a function of N_tot.
# number_of_species: 1
# species_total_upper_bound: 462
# species_total_lower_bound: 439
# volume: 729
# Bin widths for each
10	10	10	10	10	10	10	10	10	10	10	10	10	10	10	10	10	10	10	10	10	10	10	10	
# Bin lower bound for each
-2140	-2150	-2160	-2170	-2180	-2190	-2190	-2200	-2210	-2220	-2240	-2250	-2250	-2260	-2270	-2280	-2300	-2310	-2320	-2330	-2330	-2330	-2340	-2350	
# Bin upper bound for each
-2000	-2000	-2010	-2020	-2030	-2040	-2050	-2060	-2070	-2080	-2090	-2100	-2110	-2120	-2120	-2140	-2150	-2150	-2150	-2160	-2180	-2190	-2200	-2210	
# Normalized histogram for each
0.000139803113075836	0.000574043250120843	0.00401731871686749	0.0165517326694572	0.0486793877424932	0.108342562752023	0.185940600475809	0.223324613620816	0.195617590619513	0.130188257649054	0.0627426390568287	0.0172331059113662	0.00463543263159293	0.00183803489539121	0.000174876895592097	
4.20747261398863e-05	0.000538128616019631	0.00319860625686834	0.0135895660384221	0.0459206413614526	0.099850670378751	0.178729657048194	0.221566648862164	0.200345868511489	0.138165270950539	0.068515910308094	0.0224393072075432	0.00541416149706154	0.00137470253525185	0.000299087121068955	9.69858094071956e-06	
4.2503100761315e-05	0.000539003363421744	0.00244734892003551	0.0117213945034466	0.0421362931794022	0.0942513537310372	0.171634653243838	0.22068716160363	0.203959425841332	0.141728190632812	0.0752847816919931	0.0268741866005481	0.00705493249212128	0.00134270497593407	0.000286532033728248	9.53408595844565e-06	
7.21113404989957e-05	0.000359746462714091	0.00265220943549269	0.00988978676551396	0.0376415304751806	0.088232092154021	0.163458215345234	0.219165662214866	0.209441974604434	0.151769769924312	0.0776307675445639	0.0307655410619209	0.00757404781357532	0.00109625442354091	0.000241819745513997	8.47068861837029e-06	
2.20814865436998e-05	0.000380267232553579	0.00226154980039913	0.00874907552551873	0.0336771961559286	0.0845713423913995	0.157798884374201	0.216671281997783	0.209869658392644	0.156620153592511	0.0848644853913316	0.033707539423152	0.00915217531558688	0.00153481352898131	0.000116941750165104	2.55364130097209e-06	
1.0866028463599e-05	0.000175130403582282	0.00177018844391128	0.00817252735279117	0.0306634077573851	0.0818059069529243	0.149138938435481	0.2128268295282	0.215634985973831	0.160690201135433	0.0899698913591993	0.0358231226387933	0.0109202087296624	0.00210943334635758	0.00025778715803297	3.05747559527476e-05	
8.75839541727386e-05	0.00140640764506632	0.00773680604704644	0.0277216620663989	0.0747824719185809	0.147447363421351	0.206672586527696	0.218172672510413	0.166731100950413	0.0957954712094934	0.0393943092921585	0.0117249294841178	0.00201919741966946	0.000289339848606369	1.80977048163057e-05	
0.00013513540936296	0.00127506797544083	0.00606140183220466	0.0261928950491662	0.0698180324299428	0.140517827163916	0.208042992000179	0.217523740578195	0.172342065751419	0.101909084534263	0.0409954083272724	0.012522948780899	0.00233315267678218	0.000309503679508714	2.07438114483743e-05	
5.56242673945728e-05	0.00102093081047715	0.00559685365089879	0.0236135538600009	0.0639161919686676	0.130733189481962	0.202919883164985	0.22595374195722	0.178118375356465	0.105400996095327	0.0453528705805204	0.0140987222504436	0.00273400791037217	0.000429058538227327	5.60001070391308e-05	
0.000125073679767718	0.000795392801092522	0.00485664888649556	0.0203708639271134	0.0601744633808522	0.122374741362791	0.196077931969621	0.227301856002445	0.187897961708352	0.111484613966531	0.050348068680459	0.0144976313319119	0.00330232415701856	0.000346643598531984	4.57845470180009e-05	
1.59710185334544e-06	0.000104267935282695	0.000792390676666958	0.00365827587379154	0.0173790539483514	0.055945869502937	0.119796556602773	0.190728184900588	0.228776246562714	0.19390694995603	0.115945944034357	0.051908852332495	0.016682793592762	0.00377745009303879	0.000522252306043958	7.33145803154763e-05	
3.28702827799851e-06	8.11819542147538e-05	0.00063103298685762	0.00339557665369055	0.0150085711173412	0.0500281881785468	0.113363489906721	0.186741962546988	0.22806671138554	0.19994427340431	0.123719004947742	0.056481541998475	0.0176107508757446	0.00413768061933728	0.000736065006717386	5.06813894956514e-05	
5.58871501012038e-05	0.000584142876262719	0.00332604891667875	0.0135898919996094	0.0469997189609296	0.105691228229302	0.182779840588776	0.229798646691133	0.199832979877648	0.132012472607089	0.060985707319453	0.0192745771568298	0.00450670313684954	0.000521308006681721	4.08464826559345e-05	
5.77774065922854e-05	0.000428470404203893	0.00317744631328045	0.0126135154962426	0.0417334839434021	0.102913458776404	0.178011645374565	0.225804214064747	0.206747234655122	0.135444938131518	0.0642219591782015	0.0226038745233364	0.0054907199220386	0.000704060079793476	4.7201730553859e-05	
1.85738933225752e-05	0.000430268960993722	0.00268321925867184	0.0128767450605643	0.0387800068723405	0.0983929174911455	0.173011094123519	0.22403908828628	0.213114490895093	0.1403212779846	0.0673923812093273	0.0219381291020955	0.00583125806803491	0.00108728108581091	5.85549857287963e-05	2.47127224715619e-05	
2.8595607746423e-06	0.000365626617935515	0.00244468616558795	0.011489953489244	0.0366924540798227	0.0940445198662425	0.170422752698988	0.221355263410824	0.214965177698667	0.147124322423103	0.0707195592209476	0.0230687122269894	0.00624099139065683	0.00100362639965571	5.9494750561308e-05	
1.98229932562492e-05	3.71287810196413e-05	0.000394178647647081	0.00212098161574701	0.0108669334380071	0.0362399714926478	0.0944666316879987	0.170097722636993	0.216272317583231	0.213058632795569	0.145550249321338	0.0760166953654314	0.0268073732095393	0.00679031914232516	0.00113053991697942	0.000130501372270307	
6.53180704661491e-05	0.000114623701327732	0.000233845033829053	0.00209453807758138	0.00983084522217339	0.0345341553263716	0.0904072645109167	0.172285843925324	0.219438118738106	0.212404535737546	0.145937850173029	0.0749356807252716	0.0275808723323434	0.00804854971688104	0.00176818553375961	0.000297974061750309	2.17991133230473e-05	
2.6489325076292e-05	0.00023182077980968	0.000151098872032814	0.00157556624654963	0.00985865280465134	0.0333327403277325	0.0869962727638719	0.16508899747074	0.222121611550976	0.215826713418497	0.150144002397519	0.0770034491765856	0.028526965466776	0.00736497282062017	0.00130706793971124	0.000335818810508613	0.000100784828544709	6.97499979819523e-06	
3.26946867397512e-06	0.000157868630257656	0.000193210029733482	0.00165575234989169	0.00890385302212558	0.0314816360172142	0.0845668312091647	0.159421861411271	0.223119440540976	0.213093848385708	0.154882126312964	0.0825444313008344	0.0302527050182608	0.00792690464454492	0.00148628489029064	0.000258210180751797	4.91198746018643e-05	2.6467127360751e-06	
1.20689759886555e-05	0.000282803359940624	0.00181486253124891	0.00835235429903933	0.0295549755871868	0.0776188548862145	0.154203826784188	0.217657441349059	0.220963484261977	0.163913746221048	0.0828550774493442	0.0325237879516736	0.00834534650652978	0.00162098027181826	0.000269099232366409	1.12903323764842e-05	
0.000249951524669606	0.00129023404236455	0.00633251648064861	0.0282832254540394	0.0736746382082747	0.148356252623739	0.218704962755912	0.223423973527651	0.169164832699396	0.0873471870623487	0.0319371281710865	0.00889872144629569	0.00212528184116051	0.000210631574767848	4.62587645903035e-07	
8.62277534489008e-05	0.00123139015957918	0.00640817570004493	0.0257824027040049	0.0707475504810983	0.13981445887975	0.216891187348554	0.230057472738369	0.172035707879246	0.0923652211886477	0.0326410480180517	0.00911989775047545	0.00250304023228676	0.000308151962678376	8.06720376485745e-06	
3.74549511707504e-05	0.000946794713263848	0.00578611032975082	0.0250054086912855	0.0679219864716643	0.140657009682784	0.210635922394247	0.231146132832927	0.174367673960691	0.0943593674191009	0.036303740020351	0.00947066563715894	0.00296075347883625	0.000348044092633042	5.29353241344678e-05	
