# <P(U)> as a function of N_tot.
# number_of_species: 1
# species_total_upper_bound: 462
# species_total_lower_bound: 439
# volume: 729
# Bin widths for each
10	10	10	10	10	10	10	10	10	10	10	10	10	10	10	10	10	10	10	10	10	10	10	10	
# Bin lower bound for each
-2140	-2140	-2150	-2170	-2180	-2190	-2190	-2200	-2210	-2220	-2230	-2240	-2250	-2250	-2260	-2260	-2280	-2290	-2300	-2300	-2310	-2320	-2330	-2340	
# Bin upper bound for each
-2010	-2010	-2020	-2020	-2030	-2060	-2060	-2070	-2080	-2090	-2100	-2110	-2110	-2120	-2120	-2140	-2150	-2160	-2170	-2180	-2190	-2200	-2200	-2210	
# Normalized histogram for each
5.73389624620926e-05	0.000265458159546725	0.00401638195394195	0.0151645628222662	0.0488007662184317	0.101587652160617	0.17759681789995	0.212447757834201	0.192225686156251	0.144057772190178	0.0786398561004409	0.0189707019138471	0.00416822402120267	0.00200102360666321	
0.000348681737406876	0.00201413095482195	0.0127538488483357	0.043862881040257	0.093188798612535	0.172494937974164	0.226367067356982	0.190418140421024	0.147079616909302	0.0788218295058438	0.0262771469824346	0.00491678627571595	0.00101667691887089	0.000439456462306062	
0.00113483798745138	0.0024120115868882	0.00970959688246541	0.0411866503484475	0.0923461360277813	0.170538396817398	0.209416352548275	0.193666559869161	0.150610312022743	0.0901336141210116	0.0312044725256548	0.0065106177420516	0.000498449421122715	0.000631992099549197	
0.00013712053382704	0.000354995848445498	0.00162810309729813	0.00706089452450068	0.0383932074931765	0.0883728291055405	0.154530505795917	0.215020172435846	0.190915683337199	0.160751875787224	0.0917618200068072	0.0405345641301355	0.00961523869812454	0.000637366592018176	0.00023305070966651	5.2571904273608e-05	
0.000100093108589474	0.000810644187147715	0.00122916537196414	0.00653190027866581	0.0303177626220435	0.0852122331377485	0.149835533823496	0.21880463530086	0.200442499533907	0.157035638096317	0.096445759709444	0.0401796836287822	0.0113781666132287	0.00166528534510399	0	1.099924270214e-05	
2.88134303204271e-05	0.000715986560981179	0.00187830946711463	0.00682660838742647	0.0293065205336465	0.0841346728860184	0.155001576583923	0.207617074947538	0.203270596166183	0.159113742375314	0.0982282458601081	0.0389177023192093	0.0123924932859271	0.00256765719629013	
0.000135048485700232	0.00189232573255569	0.00733104665870283	0.0266852513878153	0.0764725774717167	0.144270211158738	0.20261005902607	0.206490232590823	0.165998194961703	0.105690262455203	0.04586103840208	0.013354977689551	0.00313301507272855	7.57589066123252e-05	
0.000325271420930132	0.00204337174686878	0.00598165802797668	0.0241729487605769	0.0691226790355063	0.137158895923154	0.203224023601917	0.215826206089748	0.173389684058587	0.110453834255028	0.0445054706760864	0.0111620919233716	0.00238643579253355	0.000247428687716083	
0.000193192931875137	0.00117065065518674	0.00502520538378898	0.0216359665037388	0.0618573119693693	0.124985428436796	0.195409451348492	0.226029710117563	0.180608026865311	0.113446392245137	0.0500495569971141	0.0170037144488063	0.0021765673939587	0.000408824702863251	
0.000146448200410055	0.00126634620354577	0.00518024614783802	0.0206744657512218	0.0569746673328624	0.120796218764896	0.187176306404094	0.208796080931296	0.199496333051923	0.115053726388817	0.0587843076445961	0.0206365615111157	0.00476617104001195	0.000252120627372604	
0.000119330920706898	0.000919077571982936	0.00474569892349741	0.0200091563533389	0.0563477165339875	0.113428629782703	0.179375600957401	0.214089424756117	0.202284269201378	0.125306646043836	0.0577532970903909	0.0201055390200637	0.00549094347156597	2.4669373030753e-05	
0.00019741416391628	0.000801235199003319	0.00482362115469339	0.0220345468997582	0.0534378721416195	0.11110770187335	0.176913774008833	0.210103668487779	0.19854770330909	0.133600759089301	0.0586111653051265	0.023089352197868	0.00615978505592147	0.000571401113740084	
1.70349238652469e-06	0.000392938910491696	0.0037738034669477	0.016347848602682	0.0523869335319984	0.103995371043355	0.179452701966057	0.21084011701857	0.195340607624378	0.140487017116692	0.0654152433041393	0.0247772967620017	0.00593212832067449	0.000725119925864011	0.000131168913762401	
0.000271127326963073	0.00357865335547066	0.0133744779946354	0.0536127290017001	0.12068917497148	0.175210777339667	0.207551663397413	0.199033036040609	0.130033120732373	0.0634341316905783	0.0243974806189433	0.00709648779273367	0.00142554997069892	0.000291589766733871	
5.50330599642514e-05	0.00152946045817315	0.0158586934463651	0.0492866912863175	0.111339905962259	0.180260787912906	0.20575255989718	0.202477519568266	0.130447269729639	0.0694196190565728	0.0237966390851671	0.00651453847326826	0.00274477386571704	0.000336504231239746	0.000180003966966406	
0.000458402796941245	0.00988701853452503	0.0438475958939881	0.103274045051188	0.179886608024558	0.201281019159412	0.209833310147122	0.145400349845717	0.0714714957842907	0.0253541218621644	0.0073544000966979	0.00168936254643894	0.000262270256956434	
3.57356682102643e-05	0.000885694792103627	0.0099697016511528	0.0405726283474013	0.100775134132456	0.186467067382626	0.207931559048244	0.206287168531061	0.142953668431276	0.071498275616564	0.0251738540258429	0.0058699958381691	0.000913183767649984	0.000666332767243697	
0.000314342942786366	0.00132013307542192	0.00940239437057922	0.0373172278170975	0.0987283594195062	0.177500769764715	0.215176863501137	0.202968985187259	0.153870334072522	0.0667571073153932	0.0267116402371841	0.00773466022531845	0.00156205912865853	0.000635122942421599	
6.96423970055912e-06	0.00136981237802536	0.00835119482246278	0.0323483576983509	0.0912277901021011	0.167892283568841	0.225179047924148	0.202647589649854	0.16265946099999	0.0725491635144554	0.0255084028909095	0.00903369031311757	0.00121070628640489	1.55356116397088e-05	
0.00130216967671967	0.00822425768306848	0.0318151870953113	0.088065708497954	0.161096838642193	0.207949812722866	0.210895871346705	0.160546558314741	0.0865929465720049	0.0306130197715882	0.0100638731606519	0.00276156230413978	7.21942120563265e-05	
0.00204697828402314	0.0095490345306435	0.0233572668258702	0.0797151072293553	0.162499357836696	0.212235898755871	0.221852194927413	0.172134720300146	0.0768599300161163	0.0298805867545411	0.00805550833117514	0.00140772788588189	0.00040568832226694	
0.00134624731581717	0.00851075282719852	0.025678440569593	0.0734947598734918	0.158106746699161	0.215420679857533	0.230393525347288	0.164571478027566	0.0841818842923916	0.0290084368701834	0.0074806176800111	0.00128661346764494	0.000519817172120701	
0.000531688169344167	0.00765601260605917	0.0299240438400163	0.0763536884752876	0.141218655026953	0.216348569615259	0.240535430778804	0.160614382016465	0.0829032550306166	0.0330800141189447	0.00687333197688493	0.00327230800685749	0.000636144597399678	5.2475741108456e-05	
0.00040425896723184	0.00755969098579781	0.0259145936521199	0.0671929600015456	0.147349737135074	0.210992752800713	0.242787696424216	0.163483871902553	0.0878005076178908	0.0361350524401641	0.00808421337338894	0.0014590995699013	0.000496992207026958	0.000338572922376965	
