# <P(U)> as a function of N_tot.
# number_of_species: 1
# species_total_upper_bound: 462
# species_total_lower_bound: 439
# volume: 729
# Bin widths for each
10	10	10	10	10	10	10	10	10	10	10	10	10	10	10	10	10	10	10	10	10	10	10	10	
# Bin lower bound for each
-2150	-2160	-2170	-2180	-2180	-2200	-2210	-2220	-2220	-2240	-2250	-2260	-2270	-2270	-2290	-2290	-2300	-2310	-2320	-2330	-2330	-2340	-2350	-2350	
# Bin upper bound for each
-1990	-2000	-2010	-2020	-2030	-2040	-2050	-2060	-2070	-2080	-2090	-2100	-2110	-2120	-2120	-2130	-2140	-2150	-2150	-2160	-2180	-2180	-2200	-2210	
# Normalized histogram for each
2.58142189299463e-05	0.000144320288878547	0.000827661983625443	0.00454186650889563	0.0170510950921631	0.0491773179382118	0.110885780902518	0.188510915157826	0.223369308097216	0.195247947624283	0.12655049857856	0.05982358049918	0.0175727816516772	0.00481799317389993	0.00135020331860077	0.000102162763129377	7.52202405905719e-07	
4.12140873322389e-06	0.000115845930476368	0.000853165952850122	0.00366365760325382	0.0142950375010415	0.0447779038089304	0.10278652565862	0.182089539115912	0.224469126492834	0.199539274586727	0.134495236304061	0.0652824274328109	0.0211116414753572	0.00527883768580427	0.00103663733162414	0.000188794865054431	1.22268459085642e-05	
1.17795109749877e-06	7.90266603939616e-05	0.000678673060261865	0.00335563622056885	0.0127264797205152	0.0420615502314553	0.0967022323593768	0.172947958085867	0.224205737889875	0.203630951108551	0.139857787349824	0.0710591723985825	0.0247065888382828	0.0064947026673005	0.00132969891535302	0.000155974583557043	6.65195913881658e-06	
7.34433113112981e-07	8.0892561458587e-05	0.000540507798245768	0.00303793011288377	0.0115504995159386	0.0379200056852118	0.0903336991276543	0.164513821716432	0.220163252590223	0.210259492005905	0.147995127001322	0.0760232349456425	0.0289226754544969	0.00722189063927227	0.00127049933967469	0.000157973065330064	7.7640071957658e-06	
2.8361138374418e-05	0.000394407013981476	0.00241073208080233	0.0103374760020797	0.0346724982535649	0.0846898204457389	0.159596708144213	0.217239432747565	0.21369718660686	0.153648533303552	0.0815148916638067	0.0315551394038249	0.00852522398323818	0.00151822153693989	0.000170166830246508	1.20084521137013e-06	
9.89605187114549e-07	3.31871168107343e-05	0.000263164293687676	0.00201232680495504	0.00916420349223188	0.0317810998980989	0.0809290286261679	0.15178476002357	0.212758824168081	0.215959808174931	0.161122709912225	0.0872089571144696	0.034540896706707	0.00999511841898413	0.00212634345972759	0.00029426617099699	2.43160131691003e-05	
3.15580349106203e-07	2.41243644650075e-05	0.000168870551255053	0.0016671408553616	0.00800497607094471	0.0297158521549544	0.074493162180318	0.146052759564311	0.209245550474868	0.217493032511859	0.16827810174633	0.0931942783459354	0.0377582770939931	0.0111649522355116	0.00231842856695034	0.000403171428224791	1.70062743685009e-05	
3.10262933733478e-06	1.98497763286305e-05	0.000208651822935764	0.00149603145502034	0.00700341007169894	0.0266099120545611	0.0711847531153219	0.141005054465248	0.206444125876493	0.219766322650886	0.173324721186445	0.0992307594672503	0.0389433572705888	0.011961729067124	0.0024048550507985	0.00035845945991685	3.49045800450163e-05	
4.28064967166607e-05	0.000166825647977184	0.00116095020988384	0.00613097457332818	0.0238322354253119	0.0662485100892554	0.134425776720539	0.20272382385366	0.223483461044662	0.17815458446843	0.103131059376659	0.0432561409457413	0.0138692345307758	0.00286169879201545	0.000449116188413781	6.28016366303641e-05	
6.66957296233752e-07	2.32732993369988e-05	0.000186748042945451	0.000858760173424342	0.00546108144457755	0.0207934468005549	0.0620888800632107	0.126651294120059	0.19723169896384	0.226087430870315	0.185190557246682	0.109563286542301	0.0479658135943519	0.0141337728886142	0.00328806436741681	0.000408704410528925	6.65202145454189e-05	
7.1303078512171e-06	7.9030505740091e-06	0.000142219785662946	0.000893606709570513	0.0042264109483032	0.0186980907880673	0.0567441841187391	0.121979897519563	0.192760250704434	0.226793315452301	0.190739458234994	0.11594059701892	0.0508290844484508	0.016130196470891	0.00356034184592571	0.000505795236736582	4.15173590154611e-05	
3.45845518359086e-06	2.64677692621749e-06	8.98139636963136e-05	0.000817959941278254	0.00374106037859285	0.0167977521170598	0.0520168246080803	0.11630608330621	0.187909304200813	0.228101811697632	0.195089939420923	0.12163101028781	0.0550494310294222	0.0174984421953271	0.00428580236036743	0.000628486003720098	3.01732569588794e-05	
8.13672503831626e-06	7.82107622217468e-06	9.75354841877479e-05	0.000817109568718501	0.00364150010346267	0.0146694630813637	0.0491857312706268	0.110642801278027	0.182109972047544	0.228146019142347	0.199041514833741	0.128346771789413	0.0591279324651822	0.0189259873670329	0.00458644744271851	0.000592262395353649	5.29939290211029e-05	
2.0236150945892e-05	5.39395661101302e-05	0.00059746001756103	0.00358363195757826	0.0134858081476102	0.0444425007398182	0.106019345337249	0.177406281061522	0.225038196616276	0.205218473222601	0.132995897279042	0.0629288592120212	0.0218700262343717	0.005351474795874	0.000920427576472732	6.74420849468491e-05	
1.91973993922957e-06	3.27066804461333e-06	8.53573258164849e-05	0.000640730980087675	0.00309035469328422	0.0135315713675765	0.0407190350391645	0.101835129178945	0.174263255359896	0.222037832386084	0.208160956684623	0.139527516450216	0.0661810791142604	0.0226949522571342	0.00598180299842048	0.00109265198207816	0.000136194883466453	1.6388890962682e-05	
1.16115469510221e-05	3.02257499094299e-05	0.000393363482863858	0.00298766889441638	0.0118578189298941	0.0389896810861834	0.0964068157279654	0.172128500166849	0.219783253505437	0.21170333176369	0.143112673449716	0.0701682209466591	0.0246042963438276	0.00661961786934902	0.00109130677421222	0.000109398636197015	2.2151258798873e-06	
1.28223229284528e-05	4.40030692140777e-05	0.000349738679987215	0.00254253448463745	0.0111619928347145	0.0373909294459003	0.0938430455524273	0.168041828060364	0.218761437181672	0.210271737882289	0.146187125123406	0.0755593774094314	0.0269875966705821	0.00742644656607656	0.00131180578416773	0.000106543145670125	1.03578653182488e-06	
2.96360875473044e-05	8.01684941055117e-05	0.000269026619968249	0.0020907108848602	0.0101191054217496	0.0349345812140294	0.0902062441510088	0.166646130008912	0.219430555525584	0.212156370643873	0.149550423429197	0.0757648376453121	0.028576201790106	0.00820096000782623	0.00164063078829835	0.000278557643269263	2.5859644352563e-05	
1.21780517639259e-05	0.000166637542627685	0.000339940586960477	0.00183423798002872	0.00964281918295361	0.0330510523386003	0.0852240239093348	0.160224213065464	0.22078526816034	0.217616740857904	0.153132011162013	0.0793516088179183	0.0289229089690631	0.00797611948902624	0.00141704963276689	0.0002484250500363	5.15585564324794e-05	3.20664676624086e-06	
6.64192429541908e-06	9.91235006261999e-05	0.000334839618284279	0.00174480463447487	0.00878943168771838	0.0309749388284187	0.082169447400923	0.156553296118102	0.221264481605931	0.216760498887929	0.157235645547212	0.0823541939690966	0.0313170340270474	0.00853397028424729	0.00162138757378988	0.000196153351202757	4.28837286030319e-05	1.22731209806657e-06	
3.12409846220402e-05	0.00036085862491255	0.00195674624351511	0.00816421444778656	0.0304329037265047	0.0782682624388451	0.150998861940714	0.214876502331512	0.22169894174231	0.16418995283441	0.0846842804492367	0.0326612228709837	0.00933264891767485	0.00200573614780694	0.000287518068634712	5.01082305311938e-05	
4.85427606039519e-06	0.000261702588785423	0.00132332562455259	0.00677535581129659	0.028512447077683	0.0768575743982054	0.14848413094324	0.211601926804941	0.223432547121457	0.170095011032056	0.0873116862127424	0.0328445672227288	0.0100589166340907	0.0021959888260276	0.000217871331416561	1.33135659597603e-05	8.78052875630306e-06	
1.99032807181814e-06	0.000241860402298616	0.00133543905304455	0.00669389980439695	0.0270772050036137	0.0731668056638339	0.143265236272379	0.211353506611532	0.222230862773455	0.173186726715338	0.0930272943284713	0.0349639866129112	0.0108216980590569	0.00233522349340606	0.00028067179969907	1.7593078491964e-05	
0.000169985986503856	0.00109388900909172	0.00653736741269937	0.0274918459791823	0.0721648707703206	0.142915267097689	0.207913910747487	0.222623588833297	0.173217913614997	0.0959991348226252	0.0368907443992359	0.0102103736663441	0.00240828221253902	0.000326988652082235	3.58367959060158e-05	
