# <P(U)> as a function of N_tot.
# number_of_species: 1
# species_total_upper_bound: 462
# species_total_lower_bound: 439
# volume: 729
# Bin widths for each
10	10	10	10	10	10	10	10	10	10	10	10	10	10	10	10	10	10	10	10	10	10	10	10	
# Bin lower bound for each
-2150	-2160	-2170	-2180	-2180	-2200	-2210	-2220	-2220	-2240	-2250	-2260	-2270	-2270	-2290	-2290	-2300	-2310	-2320	-2330	-2330	-2330	-2340	-2350	
# Bin upper bound for each
-1990	-2000	-2010	-2020	-2030	-2040	-2050	-2060	-2070	-2080	-2090	-2100	-2110	-2120	-2120	-2130	-2150	-2150	-2150	-2160	-2180	-2190	-2200	-2210	
# Normalized histogram for each
2.58805553193911e-05	0.000146485521190395	0.000821036946268061	0.00467783146984787	0.017170643796567	0.0499323890218314	0.111206102918999	0.189592189911199	0.223738031969193	0.193249909309563	0.125709787051556	0.0598128827959995	0.0174799479942866	0.00493872798254167	0.00138346559967239	0.000113819210512871	8.67945452784458e-07	
4.76642984395185e-06	0.000126985635092617	0.000831185924287804	0.00376257999856689	0.0143906063836159	0.0451360648895404	0.103286826747743	0.182845213845081	0.224414281240651	0.198107798848399	0.133904346332606	0.0653730946792503	0.0211567918685978	0.0053655303550879	0.00108190013407967	0.000197886279021401	1.41404085370572e-05	
1.36481934087094e-06	8.84322649393727e-05	0.000688631640960027	0.00338013566464815	0.0128879087523536	0.0424590881352963	0.0973435718333723	0.174351536196494	0.223074302129736	0.20336631084756	0.139253119475241	0.0703309871553641	0.0245710031606807	0.00662154145747131	0.0013997426592991	0.00017461659214084	7.70721510138882e-06	
8.51753828055481e-07	9.38146002043966e-05	0.00055388334647265	0.00319606428080685	0.0114486665611303	0.0379401574795485	0.0902326914394806	0.16621006577527	0.221145916341307	0.209717164595871	0.147148991334865	0.0747224975888269	0.0287437308383273	0.00732512348098324	0.00133473880826904	0.000176637520056268	9.00425475372937e-06	
3.28838766708019e-05	0.00044407566453073	0.00247923135433004	0.0103159546754525	0.0346653801412999	0.0845929332344278	0.160036654670399	0.218930408298171	0.212937925806275	0.153075428733268	0.0807556346297443	0.0314426783250043	0.00855943148486633	0.00156757399138434	0.000162412770705355	1.39234347049473e-06	
1.14866403808576e-06	3.85212689915189e-05	0.000274858894827664	0.00214459678282176	0.00908010717363665	0.0312971977848506	0.0809786404281169	0.152463203368014	0.21406806589262	0.215741505301249	0.160393415792096	0.0868338733148278	0.0343843554583531	0.00985820398829282	0.00212236192894167	0.000299555171646508	2.03887866760223e-05	
3.66394865456345e-07	2.80088519371073e-05	0.000196061963559751	0.0017284067119794	0.00797120527178703	0.029047784933379	0.074295759553451	0.146733530744173	0.209897115100464	0.218720595539843	0.167025943972607	0.0929428969938238	0.0377670463888061	0.0110327600569996	0.00220097466733687	0.000391798242794652	1.97446121940364e-05	
3.59679252756543e-06	2.19486089466209e-05	0.000240821608777449	0.00152651144681266	0.00678138445694339	0.0263341617264244	0.0707393856915424	0.141497245817431	0.208198210080722	0.220076290421868	0.172539895070935	0.0984926864333032	0.0386821957094107	0.011966160885429	0.00249633750469984	0.000363071682072315	4.00960621538828e-05	
4.96929458166263e-05	0.000162033330726088	0.00127056198880323	0.0058774985519165	0.0235631198898713	0.0653060525599346	0.133461358054266	0.204285370895316	0.225384358180869	0.177928943501	0.103163045906229	0.0424561653866238	0.0136119440264543	0.00295574949426394	0.000457902514700081	6.62027732096502e-05	
7.75907880622734e-07	2.35630972168062e-05	0.000147667520859569	0.000868159243903089	0.00524068601201032	0.0204251215612835	0.0606359349157035	0.124995206726974	0.197921930844311	0.227841020395637	0.187120068028336	0.109749637804159	0.0473330759769405	0.0138132838124422	0.00338324422031324	0.000443125074349331	5.74988576798321e-05	
8.29323201591189e-06	9.19200592896638e-06	8.82432569180773e-05	0.000922346301592329	0.00385459619293261	0.0181098041077318	0.0549528754453374	0.120474555894362	0.192784553148607	0.229172599766049	0.192456132990105	0.116595080005381	0.050386532019985	0.0160249346029632	0.00356621232692117	0.000548864887358504	4.51838158108303e-05	
4.02550262713338e-06	3.08074180647963e-06	7.80454590974839e-05	0.000746278895201625	0.00371393693910474	0.016034234188791	0.0503531228411702	0.113739221203259	0.187227030872237	0.229494520921235	0.19825423809435	0.122820056828596	0.0553301639209316	0.0172315747610186	0.00425939254508132	0.000675955828899051	3.51204565938678e-05	
9.46753211880676e-06	9.10025716592201e-06	8.52077890692608e-05	0.00072369489049534	0.00340268001349287	0.0143210298128506	0.0472249071834982	0.107510601391515	0.180959389102593	0.230995255542159	0.200873281897972	0.130160325310933	0.0596411266657041	0.0188782182365726	0.00453449899329935	0.000609553996804381	6.16613837565388e-05	
2.35654733628247e-05	5.64914483401511e-05	0.000556703517073001	0.00341366819624653	0.013065248567094	0.0434056313024042	0.103420076855466	0.175118604329503	0.226959648725007	0.208155509461928	0.134404322515426	0.0632046523006779	0.0219206936427291	0.00530847184104522	0.0009100213981888	7.66904255082865e-05	
2.24322834789265e-06	3.82179644455784e-06	6.81276757508137e-05	0.000622620490337315	0.00290373447254993	0.0129937340401054	0.0396771014033512	0.0996895662755377	0.171805411240045	0.223346864292869	0.211877196208828	0.140312894629043	0.0664273502043768	0.0230365842710893	0.00601617226398527	0.00104787842732578	0.000149548556526176	1.91505234884909e-05	
1.35578801966468e-05	2.50299326707326e-05	0.000387880523287453	0.00306737653224383	0.0114941622479449	0.0383977105287452	0.0952431906172461	0.170580326080785	0.22072838021836	0.213824207023574	0.143951439594492	0.0702080016606526	0.0243476584226829	0.00651737730191426	0.00109460067224559	0.00011651433658226	2.5864263759757e-06	
1.49617957422313e-05	5.13452154719471e-05	0.00038963183396691	0.00256280140829257	0.0109169430292327	0.0369758484942724	0.0929843514620008	0.167215904880654	0.218608547994815	0.212192938315809	0.147272122890439	0.0754453759840923	0.0265815680845476	0.00733619771842201	0.00135318815029111	9.82727419503663e-05	
3.453333602671e-05	9.34160267033212e-05	0.000288588048397968	0.00208448915934042	0.00998172666847771	0.0347138816718594	0.0891338092172324	0.166190883350163	0.218450633380778	0.21397517170486	0.151075549970617	0.075824644748783	0.0279383908521528	0.00819324351927886	0.0017718870313996	0.000237626232125541	1.15250818050307e-05	
1.41656831715037e-05	0.00019383516174025	0.000386119642186578	0.00176953690789121	0.00959825619601953	0.0328288031087388	0.0840522068290328	0.160750580038625	0.220272056555442	0.218631477656778	0.154359426130572	0.0795815507483504	0.0281208508797811	0.00769276225792608	0.00146577101550346	0.000224974518534413	5.38966525400998e-05	3.73001716646103e-06	
1.76293228358831e-06	0.000115262191684131	0.000382850127585928	0.00173417969753455	0.00878145952660063	0.0303009862682686	0.0815736890583692	0.156826720210558	0.220981253145995	0.217285601410077	0.158135907304013	0.0829925557246105	0.030958308162578	0.00818084528741337	0.00154109663790345	0.000179609220035104	2.64859588320053e-05	1.42713565814292e-06	
1.15210298175144e-05	0.000408556664656003	0.00202472672745693	0.00829518336326427	0.0302106957554096	0.0767587145279013	0.1505365406428	0.214865739783758	0.221860890142414	0.16630497615482	0.0848383080022895	0.0324538193135527	0.00918733001767871	0.00193134354395424	0.000273362616579206	3.82917136480298e-05	
0.000278912897528747	0.0013664489379673	0.00691135860731597	0.0288693121973062	0.0760086235415941	0.14669589133394	0.211833473551158	0.224684439293296	0.171219419979117	0.0883271380837289	0.0322350798834613	0.0092711128882095	0.0020776851325887	0.000214874230466608	6.22944232121978e-06	
0.000222498957423424	0.00138882147226478	0.00661139169049428	0.0268637127788802	0.0725054948278081	0.142235701415983	0.211679955946363	0.223581006289334	0.173822539111338	0.0939984562224213	0.0346551007968611	0.00995242876449667	0.00221916477791105	0.000249763961489421	1.39629869307682e-05	
8.83479462420155e-05	0.00114905576442907	0.00666234443010025	0.0269371946041482	0.0717046185332693	0.142659037259692	0.20805531752854	0.221858117458042	0.175430227260654	0.0964617446224997	0.0366313849668986	0.00966687090046791	0.00235733782939868	0.000296909718269991	4.14911773496345e-05	
