# <P(U)> as a function of N_tot.
# number_of_species: 1
# species_total_upper_bound: 462
# species_total_lower_bound: 439
# volume: 729
# Bin widths for each
10	10	10	10	10	10	10	10	10	10	10	10	10	10	10	10	10	10	10	10	10	10	10	10	
# Bin lower bound for each
-2140	-2140	-2150	-2160	-2170	-2190	-2190	-2200	-2210	-2210	-2220	-2230	-2230	-2240	-2250	-2260	-2280	-2290	-2300	-2300	-2310	-2320	-2330	-2340	
# Bin upper bound for each
-2020	-2030	-2040	-2040	-2050	-2060	-2060	-2070	-2080	-2090	-2110	-2110	-2110	-2120	-2140	-2150	-2160	-2170	-2180	-2180	-2190	-2200	-2200	-2210	
# Normalized histogram for each
0.000167707071648188	0.000108699027920122	0.00266157334078698	0.00737445262275226	0.0506428771079847	0.0940293176806733	0.167868567346812	0.211039162706916	0.217160470822075	0.168868598403677	0.0687008913320289	0.0104646107021957	0.000913071834529023	
0.000884183000797959	0.000877912199373861	0.00921651039306951	0.0391815349981266	0.103983996914766	0.175549518167296	0.225298921265385	0.188791883074637	0.164561506371918	0.0705527868225379	0.0189754451093236	0.00212580168276956	
0.00140452858986953	0.00271488069625648	0.00838982569231893	0.0402815552109634	0.0880761205783735	0.173132098755409	0.211971779529605	0.206238380164484	0.153010805939613	0.0841677965138464	0.0255218270237796	0.00509040130548091	
0.000419096739457958	0.00173909851373613	0.0077487010295402	0.0343276938819524	0.0761348879680997	0.153504122902413	0.224631263699033	0.211951293005214	0.167153828387533	0.0846345981183474	0.0300495421291644	0.00647917441001427	0.00122669921549373	
0.000323907823308282	0.00165535584700339	0.0107201031521837	0.0308101744430498	0.082252342881347	0.147141357734389	0.21989136629926	0.213212324692677	0.164714914398014	0.0837768897997066	0.0313661123897857	0.0107932938622582	0.00334185667701718	
7.98071377697067e-05	0	0.00229633745469439	0.0110796399945189	0.0273181338380758	0.0724618695047892	0.163770269883647	0.208767943430291	0.216973020670049	0.160528293136134	0.0869476179075171	0.0301143952501201	0.0135145105940211	0.00614816119837193	
6.08231899537892e-05	0.00211546021644155	0.0103577442013989	0.0278659219534628	0.0647781807932234	0.143462619699296	0.213662965353034	0.221111580883716	0.168004035099431	0.0961199255286796	0.0332198461618342	0.013203082697286	0.00583309226581218	0.000204721956429827	
0.000848693164079668	0.00337507085072397	0.00861272009190134	0.030042222484913	0.0620803894289204	0.136303153198209	0.20589144608222	0.232116064852282	0.168835380805592	0.106626171878552	0.0330550832173958	0.00865060817958347	0.00288858780488544	0.000674407960741879	
0.000243700695407102	0.00130738255418398	0.0063763570186517	0.0292025109772828	0.0606011952802343	0.116808610375629	0.195480928987051	0.221865113098626	0.186164394754988	0.117400659712118	0.0488963942331814	0.0134895502575343	0.00195677323076879	0.000206428824344839	
0.000625695110552218	0.0063854557248043	0.0264612428538428	0.0631248345885481	0.118597525062225	0.17835217302841	0.200184189954304	0.196653372557839	0.131622386116606	0.0562743145272942	0.0156943915382768	0.00583166200837422	0.000192756928923177	
0.000414428878632201	0.00720645772288215	0.0270836946795007	0.0667399335992841	0.117851293708816	0.165401635305657	0.201872911547063	0.193562845069601	0.124687835284475	0.0659018663113834	0.0210560568780612	0.00822104101464469	
0.000591174135826829	0.00623018309638119	0.0308492338352727	0.0724051188366668	0.108251907222228	0.172068240997926	0.198536996378297	0.197884876455271	0.121695024233569	0.0575160630240385	0.0263422928719331	0.00664309080465199	0.000985798107938037	
0.00320691683225208	0.02080885903254	0.0708936197096025	0.115361763383087	0.16537883585309	0.201279156695191	0.190567873973584	0.138687119535869	0.0620791109680467	0.0220723722309883	0.00793757041453762	0.00141092307160059	0.000315878299612071	
0.00169359492644765	0.0152845435354849	0.0646172761750068	0.125601761097642	0.164598140360446	0.200421289271739	0.190995017154429	0.138779858274432	0.0646233032032148	0.0250664103170669	0.00712244058480255	0.00111500021847977	8.13648808079834e-05	
0.00119178829563268	0.0121112734053542	0.058029712948827	0.1105077049585	0.177390927000608	0.206759546491536	0.196715821382695	0.125398769533615	0.077948929198656	0.0227807659834062	0.00916324826774043	0.00200151253343061	
0.000154501211016845	0.00537421859497811	0.0423136404877997	0.0989898347291457	0.177003857986122	0.203388726561636	0.210713901625141	0.147119991396403	0.0790076781043004	0.0238931578684286	0.0105545533173076	0.00148593811772083	
9.76018475278954e-05	0.000208717797021192	0.00537110474780433	0.0369655735760266	0.0953570050347538	0.174740341546404	0.211641347746373	0.207897941501957	0.143171399355227	0.081273809219921	0.0335570167469755	0.0087781600099704	0.000939980870037884	
0.000879185508142218	0.000325568694994644	0.00416637910599136	0.0270882156134944	0.0922859723401638	0.169000159033556	0.214009656037424	0.206950666590651	0.158431929137048	0.0749738194759094	0.0380825354149726	0.0125486477646783	0.00125726528297471	
1.97644683510048e-05	0.000900043481830372	0.00463248731273166	0.0224296308909518	0.0895695298793151	0.158818145606359	0.229162929155023	0.202832096280327	0.177188458766758	0.0663432388794459	0.0330765979572662	0.0143672481474612	0.000659829174179699	
0.000887466468764736	0.0084355697797568	0.0205524246851736	0.0792968297038429	0.155898791715949	0.188942229643545	0.214115973623383	0.174016094992927	0.0980758675603176	0.0412610063622378	0.0148519214267492	0.00350502871897153	0.000160795318382461	
0.00529876264565045	0.00853783751283451	0.0228323173645863	0.0723511582660389	0.153277154424166	0.210835869400995	0.221240684383682	0.172834938224783	0.0786088474073526	0.0414450498117606	0.0100964784889045	0.00161722490988866	0.00102367715935755	
0.00346552790740974	0.0119191336780843	0.0241175516675976	0.0640236761022721	0.140296822164964	0.209530802356799	0.244668072097395	0.16630629981321	0.0893784873000715	0.032889481492159	0.0115857943386367	0.00102554400379586	0.000792807077605002	
0.00103590162648937	0.0137569937116782	0.0270297412447053	0.0753979554355946	0.140482292685544	0.2130669429071	0.240777655340534	0.165811669507486	0.078458886536443	0.0329356186451287	0.00615763038534715	0.00336083356376298	0.00158205427684299	0.000145824133343789	
0.00111353033496015	0.0115105146581206	0.0273608389671065	0.072692820284542	0.149896245331712	0.205830972012464	0.224544467919433	0.160940099330134	0.0915932494240708	0.0426153976500206	0.00785388545430827	0.00261437556903686	0.000490867840894267	0.000942735223196935	
