# <P(U)> as a function of N_tot.
# number_of_species: 1
# species_total_upper_bound: 462
# species_total_lower_bound: 439
# volume: 729
# Bin widths for each
10	10	10	10	10	10	10	10	10	10	10	10	10	10	10	10	10	10	10	10	10	10	10	10	
# Bin lower bound for each
-2150	-2160	-2170	-2180	-2180	-2200	-2210	-2220	-2220	-2240	-2250	-2260	-2270	-2270	-2290	-2290	-2300	-2310	-2320	-2330	-2330	-2340	-2350	-2350	
# Bin upper bound for each
-1990	-2000	-2010	-2020	-2030	-2040	-2050	-2060	-2070	-2080	-2090	-2100	-2110	-2120	-2120	-2130	-2140	-2150	-2150	-2160	-2180	-2180	-2200	-2210	
# Normalized histogram for each
1.9312658501925e-05	0.00012478565686682	0.000798488834247117	0.00466604779882979	0.0175389301882238	0.0496145432282502	0.112479635846882	0.186853032162047	0.222896550351037	0.195121338745523	0.126081297332812	0.0594754472896326	0.0184514781898862	0.00456985781801801	0.00122030616536713	8.84002100500487e-05	5.47523823508184e-07	
3.30993359601265e-06	0.000123761652428353	0.000815687094307599	0.00379748930337719	0.0148329821195147	0.0453449205895913	0.103856010422558	0.181642361674951	0.224117296082893	0.199023669136051	0.133942460661875	0.0647525544661394	0.0212894431161158	0.00529258382002423	0.000973493778009224	0.000183066703250143	8.90944531859044e-06	
8.50825939280557e-07	9.10383755030196e-05	0.000649605604640705	0.00342264753509469	0.0132722089968837	0.0420045258935111	0.0978545172726424	0.171852550863751	0.223037964103654	0.203719085302057	0.140227100457769	0.0708133921003814	0.0249452906408896	0.0067633405128028	0.00118822847278996	0.000152422964592879	5.23007709734224e-06	
5.27723833372858e-07	7.73241064422993e-05	0.000498598503711947	0.0031063081317644	0.011612864509846	0.0379770676854317	0.090324683596265	0.164640060556561	0.219136718695127	0.211918235675483	0.147298075333381	0.0756333295395853	0.0288200791178649	0.00761324557671306	0.00120348676685998	0.000130699602732011	8.69487839747662e-06	
4.26908559181582e-05	0.000431680188737238	0.00248134889297433	0.010485148328389	0.0341316184976585	0.0843020037443079	0.158591758106402	0.216218017581831	0.215802022856207	0.154589300006513	0.0812980091289395	0.0312414323233942	0.00869870606096955	0.00153986577203012	0.000145534701447514	8.62954281342081e-07	
7.12899089184847e-07	2.76503003876694e-05	0.000320804590133181	0.00219529636309947	0.00901476174683293	0.0311854905888918	0.0800016630917323	0.152039530458181	0.211767616487584	0.217219715957579	0.162660250167493	0.0869230221238557	0.0344842783600042	0.00986216961773791	0.00202733224555117	0.00025218805279914	1.7516949048542e-05	
2.28161502750753e-07	2.25626374942411e-05	0.000191883823813383	0.00160220077487196	0.00804748436352181	0.0291318888327189	0.0739506415178946	0.146239177190806	0.208805447016171	0.217680549204004	0.169434481180897	0.0939055451433631	0.0377604244899126	0.010689417106429	0.00217257918047075	0.000348377263422317	1.71121127063065e-05	
2.23942086133521e-06	2.44554937243539e-05	0.000192793777789495	0.00139963803833451	0.00688817864185945	0.0263863071222185	0.0706498091886186	0.140071754098153	0.20655196522668	0.220842422285861	0.17421737457729	0.0992099068721566	0.0393023196277553	0.0116752715564998	0.00221751016404419	0.000319880911670268	4.81729964830404e-05	
3.10206400267227e-05	0.000159210373689783	0.00113880953242839	0.00626269987171078	0.0234301751286049	0.0656764602857873	0.134085032829455	0.20362608832765	0.224397748687254	0.17896154172785	0.102883753697445	0.0428116720362221	0.0133430844266259	0.00269445891521587	0.000446406397884556	5.18371221499181e-05	
4.84339654756066e-07	1.75381938143249e-05	0.000160520358210471	0.000899393247321238	0.00542531789696969	0.0210062441833038	0.0613239261316768	0.126826046532448	0.197765465863754	0.225678011150468	0.186225002943638	0.109793171927398	0.0472120020182178	0.0139925216427812	0.00317260317957767	0.000448320079378681	5.34303113878271e-05	
5.16683782983546e-06	5.7267906980935e-06	0.000123724131481922	0.000958792024876364	0.00444913096714728	0.0184670928807312	0.0563298332121841	0.121139414494446	0.192702205534722	0.227006114507155	0.192083126734056	0.116025594020274	0.0508930726474452	0.0158321837543369	0.00345585093606685	0.000488457067942721	3.45134586071768e-05	
2.50650175044619e-06	1.91824113554555e-06	9.1461737342812e-05	0.000873567013127445	0.00396625767804788	0.017153756260148	0.0519907800634999	0.115479727682396	0.187847446221279	0.227316587565649	0.195407285689561	0.122694053557344	0.0551358259231465	0.0173393652724234	0.00407362802854148	0.000584091637499384	4.17409271094712e-05	
5.88780632771682e-06	5.65940004776229e-06	0.000102681312077337	0.000791300867664701	0.00383917964585353	0.0151710496562866	0.0486854330341972	0.1097698248403	0.18248943557509	0.227373832812186	0.199388683280939	0.128500154935593	0.0595111293497755	0.0189152122896791	0.00474937867147233	0.000642303837707694	5.88526848016177e-05	
1.79014175809185e-05	5.57923270551814e-05	0.000614555920196143	0.00367944158170305	0.0138071876763484	0.0446057999625318	0.105550068418811	0.177143057510685	0.224064124456563	0.206014861028596	0.13299296703468	0.0634092911107392	0.0215900008538187	0.00547271545126354	0.000928047174589725	5.41880748395372e-05	
1.3802898393951e-06	3.98750398047473e-06	8.41721192801492e-05	0.000690630577233632	0.00332322671480436	0.013832037846116	0.0415243583582096	0.101083251465957	0.174551350846212	0.221494778235733	0.208656804683211	0.138591937706599	0.0660593169845329	0.0231480740688066	0.00580069361098085	0.00101653234486859	0.000125683058153809	1.17835854807619e-05	
8.32682218540087e-06	3.81496561048058e-05	0.000565455278867068	0.00314179968402144	0.0120820140230859	0.0397542475504283	0.0963330571048854	0.171189728155133	0.220068481835332	0.210568192625582	0.143275043186743	0.070659542732944	0.0246726559662475	0.00649256417340943	0.00103449876732286	0.000114653936245135	1.58850146306109e-06	
9.18578459150905e-06	5.89016048179773e-05	0.000470010242789498	0.00270811770301038	0.0111127012099418	0.0375454488441737	0.0932205148404538	0.165539864296536	0.219878923171198	0.211294973786867	0.147443024275521	0.0752345183259857	0.0269114319187387	0.00723425314082829	0.00121364940040239	0.000123739426976428	7.42027167559227e-07	
2.11934521594983e-05	7.0164729964941e-05	0.00039426508270989	0.00237052877637418	0.0104095858395641	0.0349633832959537	0.0896406122922074	0.164731919676919	0.218708453021254	0.213251061929556	0.150453834372606	0.0767381980828002	0.0285164843262461	0.00791665458888522	0.00156520331452217	0.000229964388055916	1.84928302216982e-05	
8.69071186083671e-06	0.00011927873468172	0.000341071872289938	0.00200747730335747	0.00987912813955823	0.0337176736373375	0.0841849973835301	0.159784599935164	0.219453381993092	0.21759472670231	0.154012681651305	0.0796564936999024	0.0294697668132877	0.00807182004281795	0.00134623754914109	0.00031289133915539	3.67941084995779e-05	2.28838270891854e-06	
4.73248776979842e-06	7.69029262592243e-05	0.00032991098164785	0.00190274300392346	0.00900893347086697	0.0308085468214722	0.0806120649888883	0.154811351849277	0.219564233040558	0.218868711658651	0.158351072660791	0.0830750676726461	0.0321379129240254	0.00859442927033398	0.00157967355350804	0.000240662435119586	3.21757728261838e-05	8.74481435723621e-07	
2.39244279999479e-05	0.000373693911896071	0.00195139558435235	0.00807656310353128	0.0300726719276595	0.0770823741183842	0.150174405482461	0.213245776265585	0.222193666522923	0.165396097943781	0.0859059138847538	0.0335226977935381	0.00967541386754928	0.00198259242172286	0.000281002814371031	4.1809929490779e-05	
3.46871666461264e-06	0.000255868864554368	0.00149437925070823	0.00683286172389505	0.0279916252937187	0.0763257435092149	0.148199771758443	0.209510027447751	0.221497555166878	0.171157549518991	0.0899254083087598	0.0342144009689554	0.0100594823695334	0.00227836022744987	0.000237709112604337	9.51346555809203e-06	6.27429631981404e-06	
1.42104496541532e-06	0.000277078392453033	0.00152016285175304	0.00687922792596965	0.0262667220197515	0.0727951852966507	0.143865805648755	0.210548898918534	0.221328692268145	0.172614966344073	0.0945799568712853	0.0358069835224761	0.0108136700465544	0.00237045525713047	0.000306235190047001	2.45384014563681e-05	
0.000201189393555487	0.00146818313087978	0.00690150752554526	0.0262426541340675	0.071199100136547	0.143580288857621	0.208143266825895	0.221156381443285	0.1728980179389	0.097292274788893	0.0380104679527569	0.0102205271348771	0.00230426934436902	0.000331977633974895	4.98937588330934e-05	
