# <P(U)> as a function of N_tot.
# number_of_species: 1
# species_total_upper_bound: 462
# species_total_lower_bound: 439
# volume: 729
# Bin widths for each
10	10	10	10	10	10	10	10	10	10	10	10	10	10	10	10	10	10	10	10	10	10	10	10	
# Bin lower bound for each
-2150	-2160	-2170	-2180	-2180	-2200	-2210	-2220	-2220	-2240	-2250	-2260	-2270	-2270	-2290	-2290	-2300	-2310	-2320	-2330	-2330	-2340	-2350	-2350	
# Bin upper bound for each
-1990	-2000	-2010	-2020	-2030	-2040	-2050	-2060	-2070	-2080	-2090	-2100	-2110	-2120	-2120	-2130	-2140	-2150	-2150	-2160	-2180	-2180	-2200	-2210	
# Normalized histogram for each
2.10308790965959e-05	0.00012546103238552	0.000811123401872551	0.00468673837054364	0.0175180816116773	0.0493947104079982	0.112843312736164	0.187422876911167	0.222431769630369	0.194239722996302	0.126365276620267	0.0601204030363241	0.0182700957083274	0.00451386732991653	0.00115168436589239	8.32321413783159e-05	6.12820318046503e-07	
3.34978580632108e-06	0.000110822080425789	0.00081240680267802	0.003809906801701	0.0148138136010571	0.0451542193929931	0.104064864582396	0.182157806957762	0.223758294418592	0.198367085495969	0.133905621906438	0.0653142911409387	0.0213632031500492	0.00526273682078417	0.000933669048866843	0.000157970315649758	9.93769789208587e-06	
9.54677312329534e-07	8.04456029360034e-05	0.000654712085046698	0.00348813819055179	0.0132262679574802	0.0417952392376419	0.0979135864283972	0.172910565155491	0.223100057370491	0.202950244914041	0.139875838038208	0.0710214216111089	0.0249802550268815	0.00662728566595818	0.0012352401271765	0.000134356792338142	5.39111894021384e-06	
5.93605662839729e-07	7.86386168581012e-05	0.000512394754775989	0.00311303769754949	0.0116648883465909	0.0381746388425413	0.0905694970755169	0.164999138847785	0.219192904908528	0.210857805127232	0.146963731061471	0.0760188654663715	0.029016575477059	0.00750371265008436	0.00118359315782977	0.000143709104279866	6.2752598643057e-06	
3.4841858122296e-05	0.000415244064643737	0.00246925591882139	0.0104792819135914	0.0346415245836748	0.0845527864583103	0.159116678008611	0.216231544069105	0.214836897945054	0.153791561599219	0.0814975070636222	0.0315602066879618	0.00874730715167295	0.00146444416960948	0.000159946708820647	9.71799160096852e-07	
8.01889572588848e-07	2.84957187402109e-05	0.000305434010416431	0.00217524002130048	0.00903194000628796	0.031684203514304	0.0809555923291931	0.151695426531651	0.211368468659549	0.216890824395749	0.162060393396714	0.0870909640047236	0.0344002321355757	0.010005548503064	0.00202961114713568	0.000257120163667953	1.97035723550403e-05	
2.56419505045396e-07	2.5357039943378e-05	0.000198554170073485	0.00165364938803776	0.00806456438001439	0.0296059681240925	0.0745476175864349	0.146285589673975	0.20814024232327	0.217597136124625	0.169468021268231	0.0934868477022562	0.0375255415195317	0.0108222706836093	0.00220423904748245	0.000354913086038944	1.92314628784047e-05	
2.51550451215763e-06	2.74704526839032e-05	0.000195380378870425	0.00142992138876888	0.00690846153401983	0.0267291792406161	0.0713289599000567	0.140627536050181	0.205867059817154	0.219839315288819	0.174605541736479	0.0990114010096663	0.039015217716058	0.011798745232047	0.00224623118824258	0.000313637676220381	5.34258856048025e-05	
3.48364237958673e-05	0.000177276143461206	0.00118784756566451	0.00630381704643621	0.0235433776789167	0.0656875148720876	0.135087228858173	0.203725612283094	0.223987089437992	0.178645621723306	0.102374394495112	0.0425238427531959	0.0135059038857338	0.00272133777367864	0.000441270917539263	5.30281418142683e-05	
5.43807033909288e-07	1.96915389120837e-05	0.000180229099606673	0.000945394217739878	0.00557153203378335	0.020891978628727	0.0612346182749388	0.127027827808025	0.197573910817478	0.226489304288771	0.18582215495043	0.109579492910817	0.0470834999100142	0.0138949852519532	0.00322431776831668	0.000406281097175913	5.42375962767421e-05	
5.80248379463461e-06	6.43132440292013e-06	0.000138945190767088	0.000991167133314037	0.00446156694845777	0.0184123958432721	0.0564579100688186	0.121040783800654	0.192744820082699	0.228039728320277	0.192312749417479	0.115145374514314	0.0504974729468483	0.0157255028423881	0.00346256789120417	0.000518021742907207	3.87594484015986e-05	
2.81523953508675e-06	2.15452005236231e-06	9.76715757070912e-05	0.000888753885066467	0.0039634550883257	0.0168758384853414	0.0520723366031383	0.116271432411399	0.188106405827638	0.227808608640539	0.195683479401654	0.121670946931959	0.0547013394248988	0.0170987594934258	0.00412099359455443	0.000593412276288642	4.15966004776083e-05	
6.60930323243928e-06	6.35290784842224e-06	0.000106176177359057	0.00083473790523148	0.00375134935192933	0.0148583119224195	0.0490418561476035	0.110426956430675	0.182704302394311	0.227883733011954	0.199644003555805	0.128043883266486	0.0586102185069835	0.0187994793236495	0.00459463376996138	0.000633552993906108	5.38430306435786e-05	
2.01303092473658e-05	5.70120138143746e-05	0.000652559911007425	0.00365704435975652	0.0135649649463451	0.0446061022498298	0.106174925114104	0.176872714365172	0.224901799598104	0.206104156911723	0.132986206242492	0.0627229224146383	0.0214714230931701	0.00527717631837204	0.000874623279731923	5.62388724919295e-05	
1.55661862999227e-06	4.49689826442212e-06	8.93326135990009e-05	0.000695549091168213	0.00329377619479272	0.0137296357529702	0.0412460121016145	0.101100362179033	0.174512053388099	0.221979841327521	0.209335860590158	0.138934986900478	0.0655465873183203	0.0226412197571341	0.00573683148202374	0.00101676022809421	0.000121848647203284	1.32889108967859e-05	
9.3718374554279e-06	4.29374337573297e-05	0.000572028121856379	0.00316502810902417	0.0120083804412348	0.0400019147384832	0.0961009839996782	0.171659332843403	0.219944106361416	0.211620040333505	0.142867317994952	0.0702229185257148	0.0242855451806912	0.00637524289279497	0.00100702556190293	0.000116037765909667	1.78785822226625e-06	
1.03646222126961e-05	6.64606137426922e-05	0.00049294027760327	0.00275156179555214	0.0111805691569168	0.0373356788752485	0.09319377489819	0.166036224325763	0.219998604962269	0.21142830383737	0.147121337333057	0.0750937955004028	0.0266853799583891	0.00723441969202001	0.00123763405296339	0.000132112844694422	8.37253604925315e-07	
2.39806918179306e-05	7.93923874748963e-05	0.00043272925563205	0.00236061390221821	0.010423219339776	0.0348400454387545	0.0897544909738742	0.164651662844162	0.219399902395092	0.213427749740643	0.150421101239351	0.07575363762212	0.028549857589905	0.00804275734068912	0.00156363423542934	0.000254300103282861	2.09248997780244e-05	
9.83611633343573e-06	0.000134999241629611	0.000360560595772984	0.00200176607759776	0.00975390618952462	0.0334682006507202	0.0843596554402628	0.15894817693695	0.219779143685173	0.21849360984189	0.154407528807889	0.0791127857988364	0.0292380886086249	0.00819293198796991	0.00140234499997614	0.000292231598285094	4.16434392696643e-05	2.58998329489876e-06	
5.3465835621613e-06	8.68819828851211e-05	0.000356128957270918	0.00188289819698092	0.00898011012799837	0.0308285751645382	0.0816683955890686	0.154957299975301	0.219420070028622	0.218254718214706	0.158431446047451	0.0828134943119906	0.0318820845864389	0.00862956021444449	0.00157180839471734	0.00019567333536736	3.45203329991719e-05	9.87955658225457e-07	
2.70419645978566e-05	0.00037940079653835	0.00201760359279948	0.00806422754148865	0.0300309295011626	0.0776647837403841	0.149969565445214	0.213647060012713	0.222369908979826	0.164881974459605	0.08568744624284	0.0332504336880488	0.00970338886066249	0.00199875264218293	0.00026713743115627	4.03451007802609e-05	
3.91476069154248e-06	0.000268621667452018	0.00148821354789292	0.0068491904649095	0.0280741305992952	0.0766129317786744	0.148734136223885	0.20945417585508	0.22199643584067	0.171498153010149	0.0887781945526681	0.0335950082195582	0.0100593805869896	0.00232102131500842	0.000248673658928202	1.07368068966569e-05	7.0811112508783e-06	
1.60786129325165e-06	0.00028743391797754	0.00158965800646734	0.00693571067110264	0.0267186350406093	0.0727935369718373	0.144483650419372	0.21059190111653	0.220911729132796	0.17263509085493	0.0940432040943039	0.0355478320789862	0.0107921372711579	0.00235795729836235	0.000282150945156856	2.7764319117399e-05	
0.000211794373791113	0.00145617555500577	0.00709072828937765	0.0266634753306528	0.0716487488112445	0.143858779840534	0.208056432963554	0.221046735368341	0.172418381638556	0.0966287772614225	0.0380728156881235	0.0101472263589278	0.00231774490191496	0.00032570131150889	5.64823070458166e-05	
