# <P(U)> as a function of N_tot.
# number_of_species: 1
# species_total_upper_bound: 462
# species_total_lower_bound: 439
# volume: 729
# Bin widths for each
10	10	10	10	10	10	10	10	10	10	10	10	10	10	10	10	10	10	10	10	10	10	10	10	
# Bin lower bound for each
-2140	-2150	-2160	-2170	-2180	-2190	-2190	-2200	-2210	-2220	-2240	-2240	-2250	-2260	-2260	-2280	-2300	-2310	-2320	-2330	-2330	-2330	-2340	-2340	
# Bin upper bound for each
-2000	-2010	-2020	-2020	-2030	-2040	-2050	-2060	-2070	-2080	-2090	-2110	-2110	-2120	-2120	-2140	-2150	-2150	-2150	-2160	-2180	-2190	-2200	-2210	
# Normalized histogram for each
0.000153306214609295	0.000644959130709244	0.00375594518189845	0.0153306214609295	0.0489194080759157	0.108348567876812	0.185117425368811	0.221436957528014	0.200425102265975	0.132983723628734	0.0606889419188619	0.0163597022686009	0.00394121397289688	0.00178921936544012	0.000104905741791468	
4.0495685813058e-05	0.000565892299163508	0.00298469495810093	0.0125120032471023	0.0450394646749616	0.0994219124483273	0.17824839402023	0.222909433493284	0.20409674372794	0.141686840810528	0.0660917520528287	0.0207661411381708	0.00440844414178703	0.00105591337088416	0.000171873930878984	
5.65269396088788e-05	0.000679156303890255	0.00246635962819792	0.0108158051227212	0.0407362877842427	0.0927284577915722	0.172285662637942	0.220002491945506	0.206279417065638	0.143899261615364	0.0756491107479371	0.0262575369748662	0.00706777151644404	0.000828744436707857	0.000247409489361808	
0.000116403731297031	0.000414306174420742	0.00280196128898611	0.00902662384703663	0.0377049787590163	0.0875866749256173	0.163184245048676	0.220799057069836	0.206774025832038	0.154524095152798	0.0777154946553185	0.0304495857357837	0.00783549359557699	0.000893347688594724	0.000162078109900707	1.16283851038229e-05	
3.57835271871433e-05	0.000422951554337834	0.00229927419079022	0.0085396048792665	0.0334623447144018	0.08376887200707	0.157882155594809	0.217621171968937	0.206914351153976	0.159701151560156	0.0850425951771838	0.0334753679708951	0.0093959752782078	0.0013773006586725	5.86655105585139e-05	2.43425355014581e-06	
1.7675677645863e-05	0.000247215684591795	0.0018244956367285	0.00825076252263858	0.0293735630131204	0.0820554935823272	0.150641755094831	0.211380015732572	0.213702112170338	0.162938906884896	0.0911100727835645	0.0351450984187826	0.0111596914582471	0.00191189881515666	0.000218203193007551	2.30393315521939e-05	
0.000113228961125486	0.00140138907844033	0.00779737990593082	0.0271364046407974	0.0748433796532134	0.147193915316542	0.205571876720644	0.216106386077271	0.168457109652492	0.098705299103335	0.0388963163607537	0.0116607761508007	0.00191911043473537	0.000192248321230081	5.17962268978288e-06	
0.000171774770092646	0.0011617976815286	0.00610910625879919	0.025632748469521	0.0696369793992275	0.140127708685606	0.209115042736294	0.217364013673662	0.172121979606626	0.10405988693121	0.040858605452385	0.0114264381867026	0.00187122260204617	0.000319149714888041	2.35458314118471e-05	
7.92666131929657e-05	0.00123559102396974	0.00598045418438164	0.0243162135198104	0.0635270472206342	0.130455781815682	0.201224166950252	0.223224585187527	0.178933427178549	0.107883917857037	0.0467486650534196	0.013834746901099	0.00231349594566401	0.000184552038350035	5.80885104314863e-05	
0.000142468915928049	0.000976652329973543	0.00551539161841048	0.0220098699164142	0.0598496867989565	0.124500600335372	0.194397864956457	0.220999262899323	0.189725030138122	0.113195922427981	0.051349850504721	0.0139937483571781	0.00313261720252697	0.000158851627725567	5.21819709106142e-05	
2.54734822868928e-06	0.000115237181774039	0.000717260479820938	0.00418784048796517	0.0187498172884157	0.0586741634720696	0.121241645455949	0.190069053758388	0.222798111614367	0.194162763664188	0.116761587735464	0.0515770087023481	0.0167133943330236	0.00390180967257235	0.000324241038823164	3.51776660152329e-06	
0.000109545106983204	0.000558982656407112	0.00358097507733824	0.0168229812803753	0.0531719844864761	0.116492687652281	0.187590972369577	0.223047757914271	0.197000836537276	0.12344438382814	0.0558467007616229	0.0174213033398427	0.00420762150700901	0.000703267482400459	
3.07550100698441e-05	0.000450185541101104	0.00343317935244237	0.0153531674088432	0.0497988997697854	0.108675007570697	0.182262544381356	0.226936618162141	0.196609635496222	0.131361428640446	0.0606793927023689	0.0195488046290407	0.00426998200831911	0.000559402151664094	3.0997175503465e-05	
6.69498954353193e-05	0.000248144566567605	0.00311175743352674	0.0139675908454801	0.0449994201770524	0.10868805721968	0.181536422708618	0.21938792808623	0.202634607371417	0.133323284706826	0.0625825510637294	0.0229181162240357	0.00557440799094297	0.000892092001195025	6.86697092630156e-05	
0.000358427560562604	0.00294441236105198	0.0137731152301834	0.0400848720757035	0.101926458252178	0.177659561014884	0.22092701194899	0.211813702967076	0.135300886981132	0.0643333458140347	0.0224536083650124	0.00666705017961052	0.0016263759043446	9.22414752883352e-05	3.89298699469587e-05	
4.49345023460179e-06	0.000267859561207096	0.00234358393346898	0.0113599414653216	0.0389585879881837	0.0992321068003252	0.174709963389614	0.218877458744198	0.212054279381017	0.143797272500671	0.0668414452383844	0.023153001606034	0.00694362879308049	0.00136288841976714	9.34887284921317e-05	
3.12293817920807e-05	3.65582048756501e-05	0.000467697170171876	0.00206386557287822	0.0106264167853466	0.0383823973358859	0.0968190148270165	0.174252762684954	0.215483973626539	0.213593852471409	0.140084472999225	0.0736864698951238	0.026057944878654	0.00695820368595932	0.0012495470500379	0.000205593430131198	
0.000102292468568032	0.000171811621963782	0.000240585927287435	0.00215124537356241	0.0104366870448823	0.0381801673276366	0.0934481425599485	0.176607698700017	0.218621971478774	0.208812322369252	0.143084073236442	0.0722400834031215	0.0255039704126483	0.00770669471930028	0.00219146716945567	0.000466647317168972	3.41388699711272e-05	
4.12158279022131e-05	0.000360699464303984	0.000132061365734014	0.0017743535852222	0.0103226138443966	0.0370087649482065	0.0919083696542736	0.167376135767376	0.221045728473296	0.212253343695009	0.147016248425598	0.0751262112789186	0.0262057062460148	0.0071997222687289	0.00153864294813647	0.000522514267931903	0.00015681525053919	1.08526884121212e-05	
5.09730450896634e-06	0.00024576289596802	0.000243942430071961	0.00160249544610456	0.00916677397301754	0.0337329903251947	0.0898416910720347	0.163520921825675	0.221387585806143	0.211739116557028	0.150692098656144	0.0793223109382451	0.0288972260832955	0.0076005664804411	0.00156632885696951	0.000354384027766231	7.65809320275657e-05	4.12638936440132e-06	
1.28940187080047e-05	0.000380251910200215	0.00213456830460441	0.0084738031248776	0.0301841679453235	0.082025421652658	0.158918050726043	0.21966663852689	0.218535979056221	0.160859208750027	0.0788416938069542	0.0301117911421984	0.00785172754305933	0.00166004408781265	0.00032612135996378	1.76380444590631e-05	
0.00024617198368574	0.00129105394463924	0.00664196713118389	0.0290330657057366	0.0779584584477759	0.154274051650312	0.221717141316148	0.223460130091042	0.162886234009913	0.0829996481886994	0.0295045456082462	0.00770807288225545	0.00196961568632341	0.000309123903527442	7.19450512476591e-07	
4.82287436506155e-05	0.000854388035328787	0.00688380240578116	0.0266983059741801	0.0742416382095566	0.145576409174069	0.220563187340272	0.22942765389223	0.165204334391119	0.0882368920787398	0.0319574685847234	0.00757801468664987	0.00236144826575422	0.000355789661188969	1.24385567566064e-05	
0.000561060657622697	0.00635256511110664	0.0265543297779854	0.0691405317750702	0.150268378057619	0.213522797868686	0.227393714411	0.167477357153633	0.091232829429936	0.0360746870270346	0.00854517214061795	0.0025053085325347	0.00029029142116653	8.09766359879577e-05	
