# <P(U)> as a function of N_tot.
# number_of_species: 1
# species_total_upper_bound: 462
# species_total_lower_bound: 439
# volume: 729
# Bin widths for each
10	10	10	10	10	10	10	10	10	10	10	10	10	10	10	10	10	10	10	10	10	10	10	10	
# Bin lower bound for each
-2150	-2160	-2160	-2170	-2180	-2190	-2190	-2200	-2210	-2240	-2250	-2260	-2270	-2270	-2270	-2280	-2300	-2310	-2320	-2330	-2330	-2330	-2340	-2350	
# Bin upper bound for each
-2000	-2000	-2010	-2020	-2030	-2040	-2050	-2060	-2070	-2080	-2090	-2100	-2110	-2120	-2120	-2140	-2150	-2150	-2150	-2160	-2180	-2190	-2200	-2210	
# Normalized histogram for each
3.92140342322833e-06	0.00013360781663428	0.00062977738977047	0.00422514412838182	0.0169341325228203	0.0498992423400426	0.109859797503209	0.187421291831291	0.221865106859364	0.193156344337762	0.129483004413484	0.0621646079672162	0.0173759066284715	0.00494242483453918	0.00175970177614926	0.0001459882474419	
1.07584034597214e-06	6.7947811324556e-05	0.000627667907110586	0.00331789162697807	0.0139148624116275	0.0459622211301499	0.100986019001719	0.179837698725407	0.221323687915023	0.199099770772396	0.137821716607459	0.0678164455559951	0.0222355815169043	0.00541730912737853	0.00131054341092237	0.000251859887309687	7.70075195011634e-06	
7.31400821302889e-05	0.000553684762918862	0.00277393083254294	0.011769300463014	0.0422411796216013	0.0953047394429032	0.172268986620356	0.222128207737567	0.203651015224495	0.141182845501415	0.0732581961923331	0.0262547654348806	0.00688560810844144	0.00140750200403825	0.000239383186454663	7.51478490907282e-06	
7.62526747103195e-05	0.000487762169993518	0.00294592590244838	0.0101725471713474	0.0371277517959214	0.0888577749133451	0.164469081191774	0.220348964919192	0.210032198213381	0.149743160016296	0.0769052840380264	0.0299854372456421	0.00746239036722442	0.0011413565246534	0.000237449438421648	6.66341762286227e-06	
1.73006216631205e-05	0.000440753932846166	0.00247775501954882	0.00942195386512659	0.0334278610270485	0.0846419380368231	0.158195295654972	0.216898305710105	0.211336508919324	0.156563858801271	0.0833331518925733	0.0327247731779636	0.00893941951942051	0.0014301847241513	0.000148938344997817	2.00075216512278e-06	
8.52598933228215e-06	0.000166756591354153	0.00190888081160833	0.00842391266000048	0.030229806576466	0.0805799483783686	0.150910187581173	0.212709909857361	0.216029753703572	0.162697573632796	0.0892462343351116	0.0346231018795749	0.0101486909019579	0.0020495890355542	0.000243137695786115	2.39903699832491e-05	
0.000113813922641202	0.00161814214938702	0.00811026339518371	0.0276314523082602	0.0749905928415479	0.147192686212272	0.207204608074753	0.217981619226592	0.168530812259615	0.0952811638716788	0.0382150381577226	0.0108681790221796	0.00198258016629557	0.000261538557618065	1.75098342524926e-05	
0.000142512539688976	0.00141887794891332	0.00668960226624407	0.0263584545181072	0.0705454163535084	0.141580844805848	0.206898856410542	0.217626255029785	0.173208078681067	0.101725368316527	0.0394241078880042	0.011759406299125	0.00232811738223914	0.000253198457611183	4.09031027891437e-05	
4.96979518231605e-05	0.000991533303100413	0.00544671802713331	0.0238117678241852	0.0651711724663881	0.13242131675315	0.203864903217676	0.224311942210748	0.177969844584447	0.10566719352412	0.0434593797636448	0.0135845801454908	0.00281349571547449	0.000359659344205944	7.67951684124551e-05	
1.1270472962432e-06	0	9.78751599369091e-05	0.000759926469061662	0.00482678766013711	0.0200842794104475	0.0609465655013195	0.123874836059107	0.196669931149274	0.227732303726196	0.188323256146412	0.110475845300302	0.0488340102537577	0.0137855679814168	0.00314398741028852	0.000389839727942646	5.38609971046748e-05	
1.20370615789387e-05	1.24521326678676e-06	8.84101419418603e-05	0.000842179239436782	0.00357133094501429	0.0178012723826344	0.0553181250100432	0.120739969762664	0.192460696177391	0.228896585097489	0.192949590624279	0.11581989496211	0.0511408495710626	0.016167967647699	0.00348220925263426	0.000642055678703195	6.55812320507696e-05	
5.83865832874482e-06	2.56186028710232e-06	6.90510714593393e-05	0.000690272402008546	0.00338433659555459	0.0157432272457059	0.049685731236548	0.11380200442332	0.188088684215449	0.228633400056885	0.198134095870055	0.123131227182315	0.0561910690214015	0.0176858918592302	0.00396301912970865	0.000746275859447527	4.33133122958927e-05	
1.37586144790559e-05	1.32248751242649e-05	4.48341058024406e-05	0.000586283029051492	0.00336350680514712	0.01451676158035	0.0466058239384829	0.105804279083294	0.181396597814883	0.230268086010081	0.200210317027537	0.131330304421799	0.0613712487537927	0.0194074745926724	0.00442369107688023	0.000589663378298502	5.41448923249052e-05	
3.43196321270262e-05	6.34375081651128e-05	0.000411656214624695	0.00330502840607252	0.0130265126333017	0.0420952410448929	0.103727799637444	0.177341736421518	0.226819584743214	0.206122993071321	0.134559743992286	0.0632584362169936	0.0226189096031054	0.00565604278737356	0.000895658692095561	6.2899395466257e-05	
4.27004179802388e-05	0.000455551768027137	0.00280564729357977	0.0129177836716989	0.0392718042487037	0.0999931897067074	0.173320270795648	0.224491520277618	0.210734002040427	0.139757197923574	0.0657247736696401	0.0230237508676168	0.00628482412629259	0.00106152271384019	9.6469074615412e-05	1.89914040308711e-05	
2.91742722712763e-05	0.000373223169328148	0.00272309483609888	0.0115708947938511	0.0382831148284098	0.0948555077028318	0.172023716119927	0.220977229480492	0.213392712132512	0.144032527726697	0.0695131967501326	0.0244416926229191	0.00655151618021619	0.00113047253349075	0.000101926850822241	
1.52684696830902e-05	4.63507115379524e-05	0.000430243663569934	0.00244537871591079	0.0109717890181047	0.0374541014351089	0.0943974349940359	0.169099210577705	0.218167527951751	0.212761338489794	0.144567869286873	0.0744329414567489	0.0265532623296982	0.0073202617863952	0.00121990225634658	0.000117118856735767	
5.01007121597347e-05	0.000100079820649179	0.000237856779088449	0.00216795023394114	0.0102263214549247	0.0353059232174969	0.0910857699871441	0.169425955281953	0.219909475795762	0.211653437808721	0.147765970331623	0.0738356813380684	0.0278048008156201	0.00838341783167036	0.00178003452571407	0.000250503560798673	1.672050466496e-05	
2.04292104587645e-05	0.000187066291035137	0.000230705018701492	0.00172209782364236	0.0100408964990317	0.0338206183559357	0.0860099376625006	0.164144656458952	0.222401209505965	0.21640306034408	0.150967392622891	0.0768039793684316	0.0279545942060704	0.0075615881764917	0.00138302128318772	0.000265640177415	7.77277060650035e-05	5.37928914446758e-06	
2.53874456663328e-06	0.000153110475887669	0.00033638365507891	0.00173450655570338	0.00921528009908357	0.0310779207198429	0.0838697841643994	0.159886566474911	0.223171484337457	0.213616979607232	0.155191702415615	0.0822700728559244	0.0299828151171359	0.00772116847532068	0.00148818788644075	0.000241301626428573	3.81416147987048e-05	2.05517417298885e-06	
1.1753722976684e-05	0.000285585330582199	0.00193580803650863	0.00890142592550623	0.0312785253815319	0.0779359232832693	0.154168762244968	0.215327119973807	0.219617048033789	0.164383410542234	0.083394713886656	0.0321300374045658	0.00855249104185483	0.00173093160369966	0.000291371778816874	5.50918092343034e-05	
0.000266639468643737	0.00141683604649953	0.00719872759167286	0.029772628274808	0.0760654847403906	0.146551628276362	0.215208003297242	0.223283293195923	0.169409386402798	0.0875691842733411	0.0321167239981381	0.00886235460825341	0.00207327133029061	0.000205479787831507	3.58707805350318e-07	
0.000217978621432055	0.00131892133613036	0.00695823921963063	0.0272924124413145	0.0734768765985739	0.141094093139801	0.214442392487023	0.225317510768049	0.17153830272592	0.0931074202664456	0.0335124551530702	0.00919941870791917	0.00226440139076151	0.0002472866713725	1.22904725556702e-05	
0.000101697171131501	0.00119740217622573	0.00675659367902873	0.0282300450935567	0.0723736471230011	0.141381270192981	0.207059892604038	0.225766021053658	0.174332383847302	0.0936388419457246	0.036349533177179	0.00969350956468924	0.00279304016429014	0.000285056702031038	4.10655051631232e-05	
