# <P(U)> as a function of N_tot.
# number_of_species: 1
# species_total_upper_bound: 462
# species_total_lower_bound: 439
# volume: 729
# Bin widths for each
10	10	10	10	10	10	10	10	10	10	10	10	10	10	10	10	10	10	10	10	10	10	10	10	
# Bin lower bound for each
-2140	-2150	-2160	-2170	-2180	-2190	-2190	-2200	-2210	-2220	-2240	-2240	-2250	-2260	-2270	-2280	-2300	-2310	-2320	-2330	-2330	-2330	-2340	-2350	
# Bin upper bound for each
-2000	-2010	-2020	-2020	-2030	-2040	-2050	-2060	-2070	-2080	-2090	-2100	-2110	-2120	-2120	-2140	-2150	-2150	-2150	-2160	-2180	-2190	-2200	-2210	
# Normalized histogram for each
0.000122471818714715	0.000553722176646129	0.00380054766698025	0.0157574631207534	0.0481259531918728	0.108236726808871	0.18560289511342	0.221169422571365	0.197359004204714	0.132957066104141	0.0633690893896544	0.0168314397469657	0.00416887505029278	0.00184510223980256	0.00010022079580601	
4.10226131830566e-05	0.00060181932974421	0.00302048667450325	0.0125638466506194	0.0448284560255181	0.10011101108055	0.179213628915923	0.221349223561389	0.199576957774119	0.140866004958643	0.0692254282418189	0.0222074944147203	0.00499309097704382	0.001141317624111	0.000260211158113745	
4.48778373304055e-05	0.000657483936804825	0.00244258258632205	0.0107150324410076	0.0408327852725866	0.092762111843318	0.173313200348176	0.22075001920299	0.204292513176842	0.141759356722024	0.0768369986873941	0.0271952135849654	0.00721106538190709	0.000938844356952082	0.000247914621378914	
9.27289962138684e-05	0.000424777111389585	0.00261379261212521	0.00921493206144676	0.037142785655445	0.0871029914507876	0.16337703151468	0.218969735967792	0.209545662297995	0.153445956566922	0.0782525769779591	0.0307632026131432	0.00776727103816557	0.00104303408511624	0.000232538728919433	1.09823218996858e-05	
2.85926076633246e-05	0.000374621512650089	0.00227496013081799	0.00840875525097405	0.0322855277252013	0.0835764839612004	0.158271364853539	0.217778513880738	0.209276881281742	0.157777899236927	0.0851258337322359	0.0342155287424757	0.00903458324523763	0.00149634646771399	7.21622955312477e-05	1.94507535124657e-06	
1.40289757367413e-05	0.000196405660314379	0.00176619966947733	0.00818866476175751	0.0293102068732112	0.0806984417484516	0.149559137018684	0.212649762944173	0.215160756097936	0.162822614437983	0.0906719792301498	0.0357496034879323	0.0110958555406375	0.0018792054878257	0.000218852021493165	1.82860442361663e-05	
9.04095127735176e-05	0.00136662634787118	0.00763171704207774	0.0272633732981852	0.0735026453438716	0.14642868959298	0.206989020822657	0.21830473314959	0.166520857282236	0.0974377944079985	0.0402913840888491	0.0119907059020869	0.00197496695243767	0.000202940502076726	4.13575430772474e-06	
0.000136854298964826	0.00111728705014252	0.00615329197767486	0.0261376159397934	0.0692954161391264	0.139757009749119	0.209439078161883	0.218658470182772	0.171140674750012	0.101695379826082	0.0412024749633419	0.0127038307734387	0.00219754179353391	0.0003463152465992	1.87591475143546e-05	
6.48483862126339e-05	0.00107130307178397	0.00569583381494455	0.0236293602566566	0.0637720576325294	0.130572080672552	0.203389956637595	0.22557486982967	0.177334145661653	0.105803572981785	0.0458610493338689	0.0142324328524437	0.00254049110040463	0.000411608460327284	4.63893075738663e-05	
0.000139911686342518	0.000801913851762887	0.00525923942528405	0.0207958581470633	0.0601222310523772	0.123738848902384	0.195892220131871	0.224901322369758	0.188146288857114	0.111163142864037	0.0510283606242202	0.0142666136857369	0.00337480998085993	0.000321271480043807	4.79669411452443e-05	
2.04134163971448e-06	0.000115967646484732	0.000703485211743508	0.00398644860212813	0.0180872589953177	0.0572282352154374	0.120749537879135	0.190612997397192	0.227607940313503	0.192752129022123	0.115735808398507	0.0512207611832472	0.0167355020028478	0.0038988653251099	0.000552911964128378	1.01095014538241e-05	
9.85015476446134e-05	0.0005788185002681	0.00356702386643736	0.0160844249938022	0.051534936938529	0.115184393921928	0.186691056039969	0.227289297875117	0.198966884559892	0.122650323601966	0.0551363875834996	0.0171488268660728	0.00425790006793681	0.000769482387045545	4.17412498929649e-05	
2.83840387474954e-05	0.000466309207994567	0.00348225814144018	0.0147510111572443	0.0489595705089451	0.107457626202291	0.182723601057894	0.228091335588738	0.198184116639477	0.131842508361223	0.0598395394293881	0.019001279598808	0.00459937280928803	0.000535145329174718	3.79419293461418e-05	
6.23694384277271e-05	0.000314095620169729	0.00325758118609271	0.0133944723276675	0.0440057446358617	0.105946906402536	0.179055325895468	0.221549247074771	0.206298550770825	0.134387077052358	0.0631009595997564	0.0221049802778646	0.00572127176172841	0.000742079008001373	5.93389484727748e-05	
1.73340352792191e-05	0.000399376172833208	0.00272441508774241	0.013839196612038	0.0406131494010596	0.100531956779812	0.1746508058593	0.22133898984176	0.211257911129887	0.137943262235724	0.0667696143276202	0.0223006821190511	0.00616923268168917	0.00133927709148755	7.3694412844223e-05	3.11022118724274e-05	
3.5904279191675e-06	0.00032513319490239	0.00219654401365958	0.0112069223450282	0.0387302451663864	0.0980353377894533	0.172989908902865	0.219819760518458	0.211334681738485	0.145899132911658	0.0687610829528477	0.0231914715368827	0.00632763053698839	0.00110385711692627	7.47008475404571e-05	
2.48770535538796e-05	2.91219476126765e-05	0.000477106348515477	0.00207022496062861	0.0108304029579212	0.0383152035224328	0.0968884235519753	0.172385937475475	0.214688873451514	0.212227920800544	0.142922127813365	0.0745720283002151	0.0272693968706444	0.00611393078473185	0.00102065022497445	0.000163773935896374	
8.19593292742909e-05	0.00014203631335399	0.000221111151670812	0.00213502063455419	0.010493977033683	0.0366119485363049	0.0922807341765529	0.176073107721713	0.218337365486986	0.209690954644165	0.144499469701257	0.0731818232907128	0.0264846002498367	0.0075135021529741	0.00185114693825707	0.000373889707211237	2.73529314932403e-05	
3.3120243435749e-05	0.000289851124505756	0.00011268721879027	0.00163092701699588	0.0107294890398941	0.0357276297007841	0.0887659759854718	0.166883401750807	0.222524528822892	0.212967476802846	0.147530596784651	0.0762231046230274	0.0274919578071616	0.00714819123785342	0.00138644474666394	0.000419882376101138	0.000126013707273294	8.72101084550788e-06	
4.09964479506168e-06	0.000197661445476188	0.000208008168054201	0.0013987597598389	0.0091279567467952	0.0337072795049972	0.0870111539621603	0.160132028084519	0.222826236555361	0.212089950111227	0.153300750918272	0.0800521045331334	0.0298704024191809	0.00819811826303907	0.00152555591671474	0.000285022923847146	6.15922825162839e-05	3.31876007219279e-06	
1.12407819478907e-05	0.000329012800318261	0.00181250277964988	0.00827692985898683	0.0314801519558228	0.078950462851415	0.155119174281482	0.217742156988761	0.22041296677958	0.163115280083631	0.0812527704862029	0.031366864422974	0.00829990015253252	0.00154506991522007	0.000271342701629083	1.41731598473404e-05	
0.000245523349183132	0.00117645391277232	0.0066268004317483	0.0295857092013297	0.0767958979640299	0.150784635927415	0.221593608665101	0.221761950890282	0.165560209722958	0.0843541143752416	0.0311495249817338	0.00815721960000567	0.0019496243172383	0.000258144161912989	5.82499049070302e-07	
4.40931583452124e-05	0.000850177174327169	0.00693675094122668	0.0269081839192442	0.0735916721576328	0.143053189710527	0.219748180345981	0.228287459905767	0.167917722548287	0.0895030987373705	0.032094379210324	0.00843381865075699	0.00229160351737423	0.000329553410748958	1.01166120878626e-05	
4.69228674148026e-05	0.000628633979780974	0.00647573411346385	0.0268029851647111	0.0694644804772964	0.145597400473145	0.214090028900135	0.229503907038231	0.169323721335307	0.0905770273398547	0.0355374498878439	0.00888734245245205	0.00264556045817531	0.00035248912094265	6.63163912455174e-05	
