# <P(U)> as a function of N_tot.
# number_of_species: 1
# species_total_upper_bound: 462
# species_total_lower_bound: 439
# volume: 729
# Bin widths for each
10	10	10	10	10	10	10	10	10	10	10	10	10	10	10	10	10	10	10	10	10	10	10	10	
# Bin lower bound for each
-2150	-2160	-2170	-2180	-2180	-2200	-2210	-2220	-2220	-2240	-2250	-2260	-2270	-2270	-2290	-2290	-2300	-2310	-2320	-2330	-2330	-2330	-2340	-2350	
# Bin upper bound for each
-1990	-2000	-2010	-2020	-2030	-2040	-2050	-2060	-2070	-2080	-2090	-2100	-2110	-2120	-2120	-2130	-2140	-2150	-2150	-2160	-2180	-2180	-2200	-2210	
# Normalized histogram for each
2.34670918216863e-05	0.00013439918288731	0.000798095759972289	0.00463213920535777	0.0171928285569037	0.0496887050919547	0.11124989844938	0.189014725206615	0.223679125581817	0.194493003318769	0.126422160318228	0.0593508151004583	0.0170738475395273	0.00478871765185704	0.00135039519691591	0.000106889741407315	7.87006128166309e-07	
4.31557544764116e-06	0.000114974122550906	0.000830568458027271	0.00368287612388823	0.014424882859998	0.0451160686603738	0.103197852195641	0.182398227852098	0.224655263741538	0.198760696198701	0.134663036452551	0.0647909929049422	0.0208466389417317	0.00525367366057215	0.00105019528518348	0.000196934092927358	1.28028738280021e-05	
1.23256022443327e-06	7.98626521890143e-05	0.000688747403059048	0.00335459390965167	0.0128506728999412	0.0423559170630526	0.097348512820022	0.17343035902413	0.224099604786814	0.203362830312093	0.13978918652439	0.0702723910968695	0.024375437264334	0.00646184198367662	0.00135864388503853	0.000163205474423487	6.96034009091727e-06	
7.68874664788953e-07	8.46860523646118e-05	0.00056039979139332	0.00308611645214575	0.0115246989636009	0.0380799456837646	0.0905930235095511	0.165386734436988	0.220744611909415	0.210125024878587	0.14740956606032	0.0752188620039861	0.0285957302412758	0.00712724846411794	0.00128907329513759	0.000165381279088176	8.1281035991975e-06	
2.96541714279215e-05	0.000409065077094752	0.00245874811167	0.0102779216273855	0.0347973791030267	0.0852056298906071	0.160004048920741	0.218147606943449	0.213446996085982	0.152950159831552	0.0806850859570289	0.0314740438662377	0.00841063205816826	0.00153411405910176	0.000167658702718261	1.25559380890328e-06	
1.03294710211486e-06	3.46406188887806e-05	0.000268935156229191	0.00204383340540599	0.00919666006884002	0.0317055365890891	0.0814251541655104	0.151962676965051	0.213561739580312	0.215798881657685	0.16087811718534	0.0864213348436004	0.0344326645025441	0.00986320607744757	0.0020825689217353	0.000297636329280811	2.53809859376795e-05	
3.29239893734532e-07	2.51685607654842e-05	0.00017617992535839	0.00171753477898181	0.00800627282478427	0.0293734297772096	0.074871310185647	0.14613473645133	0.20954451087408	0.217731902222629	0.168174567088866	0.0928033975801087	0.0377691933962818	0.0110421938849104	0.00221582106704381	0.000395709770058492	1.77423720512498e-05	
3.23290402694567e-06	1.97280620735207e-05	0.000217192370537532	0.00150994986831243	0.0069523233724009	0.0265509958097523	0.0713596334239514	0.14112404913588	0.206664308361146	0.219629429110662	0.17360635844625	0.098898979427305	0.0387409176061712	0.0118775424448153	0.00244117317825583	0.000368146946068438	3.6039532391292e-05	
4.46116320795056e-05	0.000151921684573382	0.001179933643866	0.0060392263183682	0.0238097710113541	0.0660354512057523	0.134155138784916	0.20284024945093	0.224276909096279	0.178070741354708	0.103284403006663	0.0429958912173234	0.0137338156721471	0.00285664862818314	0.000461488256519819	6.3799036337385e-05	
6.95742706437663e-07	2.11286074533964e-05	0.000138672506804181	0.000828666181404438	0.00536113696954837	0.0207431659940299	0.0617547817480763	0.126185133618852	0.196945059688499	0.226967126450065	0.185844777751584	0.109839244619693	0.0476835319825232	0.0139070911048709	0.00329533040198622	0.000425172029707774	5.92846021959251e-05	
7.44437338673919e-06	8.2511527685533e-06	8.60686913235315e-05	0.000858486605830367	0.00406873510964884	0.0185604730836945	0.0559654422652722	0.121299976819761	0.192480434774876	0.227730459555838	0.191723125637883	0.11641181056072	0.050708211110841	0.0159561158956184	0.00356743173922162	0.000526973623484937	4.05589998311998e-05	
3.61012386298136e-06	2.7628498951388e-06	6.99921973435161e-05	0.000752931853423224	0.00365893421112881	0.0165005868477367	0.0514801820961212	0.115568132375727	0.187060888754291	0.228616435133092	0.196260921039113	0.12255836363842	0.055043079644895	0.01747668329669	0.00426160386825509	0.000653395581201024	3.14964888045823e-05	
8.50467067715654e-06	8.17474810778409e-06	7.65420360944089e-05	0.000739466452153456	0.00341139936731115	0.0145547540962453	0.0484183731972664	0.109844676853307	0.181639530413142	0.228895549740446	0.199727242014481	0.129361906289673	0.0593591921266692	0.0189071659475332	0.00437631290853579	0.000615818804765314	5.53903335913083e-05	
2.11723733282539e-05	5.07546789192986e-05	0.00053617006742073	0.00337241972304691	0.0131935238652668	0.0439348140248604	0.105268523788729	0.177484538357978	0.225160739441081	0.206436836742669	0.13353817911909	0.0627121271702743	0.0219993500007617	0.00531942969888643	0.000900858665149731	7.056228253824e-05	
2.0133519536076e-06	3.43015518022035e-06	6.11462445169715e-05	0.000581113028683852	0.00288200146870297	0.0129467106004919	0.0403435091620936	0.101452916795173	0.173692767860818	0.222525165408048	0.20897407637852	0.140114419537209	0.0662801428614891	0.0228468468522212	0.00606443979003871	0.00106927630884282	0.000142836135819828	1.71880601965389e-05	
1.21851041039056e-05	2.24955768072103e-05	0.000356029995602115	0.00296761649240718	0.0116326127375205	0.03822545891914	0.0957654701144387	0.171774724794737	0.220442967901436	0.212027860022023	0.143705043995724	0.0705326315213271	0.0247061421547988	0.00664125666290866	0.00107037703711508	0.000114802426972796	2.32454293674506e-06	
1.34652002776007e-05	4.6209266690819e-05	0.000351295447910885	0.002438176445809	0.0110367382799028	0.0367021976669646	0.0930865048349633	0.167838620437346	0.219696969981118	0.210527206099593	0.146294375008228	0.0757172216423351	0.0274060709449521	0.00743140277493398	0.0013017360468925	0.000110722203953975	1.08771812827415e-06	
3.11231326309275e-05	8.41910954300212e-05	0.000260165215487656	0.00197960498097032	0.0100154542972661	0.03452824507382	0.0892759505359751	0.166419507193901	0.219110177551428	0.213210493149058	0.149972971221225	0.0761795705037914	0.0286991165109578	0.00824547721205021	0.00167622997940283	0.000284565147137631	2.71571994680059e-05	
1.2788678402461e-05	0.000174993010684562	0.000349721167082683	0.00173820084558893	0.00959351412715738	0.0326167297026174	0.0846037289894405	0.16002995426307	0.220171590011467	0.218338382149699	0.153843412167716	0.0799727896273375	0.0290192517662092	0.00781664455574799	0.00141167334673319	0.000249114374561548	5.41437834139695e-05	3.3674330704705e-06	
1.59417975598953e-06	0.00010422899071303	0.000346202703675727	0.00167339530719787	0.00872206109830559	0.0306153492105793	0.0817306734266974	0.155942435990931	0.221882455281265	0.216771439070241	0.157762457879019	0.0827519733003738	0.0315037628145957	0.00836853275908448	0.00158260297442818	0.000194451973569866	4.50925130979896e-05	1.29052646913438e-06	
1.04245581361497e-05	0.000369673785249933	0.00190974114305849	0.00818225463480593	0.030136904774315	0.0775573478635247	0.150855903607333	0.215721749968679	0.221650442579354	0.16469008831117	0.084742218683348	0.0325393673961141	0.00924673469670127	0.002039081478915	0.000295413023836416	5.26534954585886e-05	
0.000251842687117973	0.00129374993273633	0.00677886565868844	0.0283583265450929	0.076456454895691	0.147691148918263	0.212565465130306	0.224200477278641	0.170383202497757	0.0876317678925398	0.0323836846587567	0.00957245953970612	0.00219072388685514	0.000218618651860897	1.39870938497623e-05	9.22473213684058e-06	
0.000201035425756527	0.00128422295926088	0.00655324725214881	0.0268331530633566	0.0732262020302264	0.142482197017853	0.211674962519546	0.223678897528593	0.173195005333448	0.0933591571412479	0.0347390036869434	0.0101984980346977	0.0022611819703547	0.000294759888080077	1.84761484867213e-05	
8.00357396497128e-05	0.00104629011898127	0.00652986999108735	0.0274512197565459	0.0723398042185551	0.142603725502273	0.208002609231902	0.222770483323847	0.173961817349314	0.0959893077891806	0.0366329925351924	0.00994502505708622	0.00227714109517982	0.000332090806613319	3.75874845920997e-05	
