# <P(U)> as a function of N_tot.
# number_of_species: 1
# species_total_upper_bound: 462
# species_total_lower_bound: 439
# volume: 729
# Bin widths for each
10	10	10	10	10	10	10	10	10	10	10	10	10	10	10	10	10	10	10	10	10	10	10	10	
# Bin lower bound for each
-2150	-2160	-2170	-2180	-2180	-2200	-2210	-2220	-2220	-2240	-2250	-2260	-2270	-2270	-2290	-2290	-2300	-2310	-2320	-2330	-2330	-2340	-2350	-2350	
# Bin upper bound for each
-1990	-2000	-2010	-2020	-2030	-2040	-2050	-2060	-2070	-2080	-2090	-2100	-2110	-2120	-2120	-2130	-2140	-2150	-2150	-2160	-2180	-2180	-2200	-2210	
# Normalized histogram for each
2.45034569184926e-05	0.000136992174374778	0.000791932254659787	0.0045146077764106	0.0171233402437409	0.0493431791576906	0.112379474229812	0.187937392791291	0.22329500484211	0.194451255467882	0.126015372138219	0.0602432579874211	0.0176325902338178	0.0047299461031049	0.0012834618639718	9.69752705595444e-05	7.14008016167997e-07	
3.91134965128851e-06	0.000109941519781635	0.000822654615407256	0.00360711183757912	0.0142848682235338	0.0448273264618091	0.103907904404137	0.182142003048441	0.22427577857289	0.199099366110378	0.1337661046155	0.0653234831207499	0.0212747759961906	0.00531144985354766	0.0010472638691325	0.000184452730638681	1.16036706321559e-05	
1.11712107647364e-06	7.49456816304816e-05	0.000665935587587287	0.00330792693344745	0.012713363554306	0.0420649312825969	0.0972026762541064	0.173293374131471	0.223979325900229	0.203159803250007	0.139820418187047	0.0708779152260186	0.0248266688080344	0.00650650742740947	0.00134156384333809	0.00015721836326254	6.30844843185115e-06	
6.95874438802118e-07	7.66455989023475e-05	0.000524888148125026	0.00300952440030701	0.0114608863226807	0.0378470201563013	0.0909309401614919	0.164881583046749	0.219826072480028	0.210015502094284	0.147700410015847	0.0758691355761565	0.0291100846189945	0.0073627823419409	0.00122579939238895	0.000150673384439678	7.35638692447953e-06	
2.68931685457501e-05	0.000388025218892977	0.00241328510469447	0.0102106629303359	0.0344675306685943	0.0847333410049753	0.159784170098253	0.216713491368264	0.213599744719193	0.153886327432733	0.0817886227763904	0.0316677944158931	0.00867423578188656	0.00148337761049609	0.0001613590112745	1.13868957727958e-06	
9.39807289830057e-07	3.15171087553723e-05	0.000265831204837645	0.00199930575092918	0.00903067537706915	0.0315580239370259	0.0810794237182254	0.152182088199437	0.212826006562137	0.216031622098655	0.16103359602961	0.0872025702923828	0.0344573965552438	0.00994692035556132	0.00205153218460688	0.00027945841054018	2.30924076929671e-05	
2.9987463241201e-07	2.29237496777181e-05	0.000165497477687828	0.00163105144509252	0.0079553408038546	0.0296193504702134	0.0742823117082185	0.146708632677632	0.2091572250028	0.217515464035002	0.168427719318144	0.093310656591501	0.0375136501266704	0.0110432831714155	0.0022473271341028	0.000383106502608143	1.61599107466472e-05	
2.95299536077717e-06	1.88924589558812e-05	0.000198588938012265	0.00147357824179327	0.00689235828558485	0.026532596203052	0.0713531262321625	0.141552738651521	0.20675769498578	0.219349132977072	0.173506228974589	0.0990109814514979	0.0388893717334586	0.0117202036895664	0.00236622175988456	0.000342111223899128	3.32211978087432e-05	
4.07857317557305e-05	0.000166060985133735	0.00114679683754949	0.00611853058131608	0.0237095575593335	0.0663851176621404	0.135193531651271	0.203252507819389	0.224017342254139	0.177726542938319	0.102409953757835	0.0427905718414503	0.0136905895107953	0.00284265817250137	0.000449615735349973	5.98369617205783e-05	
6.35023320897237e-07	2.21589716713089e-05	0.000183454895179207	0.000854741389927681	0.00538997768093561	0.0207644604586185	0.0618513048776709	0.127209442489297	0.197847531635943	0.226351455795976	0.184930722799252	0.109099178978348	0.0475448979034571	0.0141342488096906	0.00334627210060801	0.000406180969413901	6.33352206894876e-05	
6.79545015488772e-06	7.53190288103319e-06	0.000142235801517822	0.000881333062452631	0.00421123753884328	0.0185311590972549	0.0565333918210698	0.122045213577818	0.193386092137132	0.227441239524922	0.190954994737878	0.115274133313141	0.0504585606587155	0.0159812584832241	0.00357584621179932	0.000523584413165512	4.53922680296934e-05	
3.29837182606178e-06	2.5242641525983e-06	9.51815869806398e-05	0.00080103315775786	0.00373072779011881	0.0167017432803836	0.0519820370670353	0.11590384357586	0.188320976948117	0.228816198532904	0.195423381195289	0.120856416186403	0.0550088653839882	0.0173758564365488	0.00429279727476403	0.000639513908846937	4.56050390236092e-05	
7.76944597721697e-06	7.468045055687e-06	0.000111585318948651	0.000801726451269717	0.00368365508495671	0.0146420232789346	0.0490206831024161	0.110346829073093	0.182579066922357	0.228876291297829	0.198886263314762	0.12786257618285	0.0588481615498223	0.0189934823390279	0.0046756324956944	0.000597075225550868	5.97108714542149e-05	
1.93451035369152e-05	6.40006125724772e-05	0.000605933129773864	0.00370954156115188	0.0135960353457285	0.0444970409574599	0.105556557449178	0.177788410469799	0.225465294395572	0.205154688199901	0.13262861435371	0.062764379571018	0.0218667074509082	0.00532866606310393	0.00089031289222071	6.44724443660605e-05	
1.83640894990906e-06	3.12869672947469e-06	9.56292956878567e-05	0.000655666010263826	0.00323163765338903	0.0136945096303496	0.0408677848470076	0.101389192359246	0.174321561668568	0.222356918662217	0.208518352952019	0.139072916147697	0.0659736716769457	0.0227127058924752	0.00586055908790328	0.00109109897683115	0.000137152542499689	1.56774912205199e-05	
1.10893403664546e-05	2.95829479929727e-05	0.000524815828235194	0.00317257497622445	0.0121692715129109	0.0394003580799186	0.0961751875565727	0.172025149668562	0.219680207990986	0.21177241643619	0.142926857031174	0.0698269489669239	0.0245460672353872	0.00653605721198833	0.00107846394142317	0.000122835770213035	2.11550493144672e-06	
1.22496758271722e-05	4.20378847328025e-05	0.000375679473139737	0.00275324259838076	0.0113782768821183	0.037621654806319	0.0939567196773947	0.167625451182176	0.218761705861876	0.210412408710059	0.146217624260336	0.0752131801871355	0.0269143121186009	0.00730640274518306	0.00129931867917239	0.000108745729418378	9.89528130885773e-07	
2.82968471130966e-05	7.65457187076363e-05	0.000293751492967753	0.00220976397819604	0.0105851842928323	0.0351658724089669	0.0900561582524527	0.166047238152172	0.21885207383609	0.212097472198691	0.150487234619187	0.075699663583455	0.0284302269118675	0.00809028837097112	0.00158956851841143	0.000265969758362783	2.46910595562093e-05	
1.16078428355776e-05	0.000159315925781788	0.000334223451111956	0.00187971499929735	0.00984475574832054	0.0336234561397315	0.08507896286603	0.159622572020483	0.220083257767879	0.217537362486557	0.153871641435521	0.0792485975459234	0.0289103628639145	0.0080788525571803	0.00141794264791517	0.000245172751488723	4.91444470346495e-05	3.05650299516688e-06	
6.33011574238204e-06	9.44700968944624e-05	0.000337388288508373	0.00180910579580925	0.00902867160560186	0.031253845588317	0.0822139263303194	0.155769492825966	0.220280183995823	0.217067065408914	0.157754844181277	0.0824979558714558	0.0313814799872531	0.00860152640420287	0.00166241224404014	0.000199261034673243	4.08705299019014e-05	1.16969530022277e-06	
2.97626197374078e-05	0.000350827739352724	0.00197557121289308	0.00834631839315121	0.0305939797506271	0.0784165640182781	0.150133170539364	0.214842295404586	0.221697080386671	0.164384344573328	0.0847531494848884	0.032810332619271	0.00931429089304047	0.00202210537816381	0.000282469944135975	4.77370425118469e-05	
4.61131497342798e-06	0.000251960893878995	0.00133792557012128	0.00693487521239174	0.0286512527586514	0.0769545397582152	0.148748373833337	0.211284552311842	0.222938396358255	0.16984815753554	0.0874870883180744	0.0329329943383902	0.010090947337698	0.00222841796090907	0.000284918233247906	1.26472094491811e-05	8.34105502546531e-06	
1.89618502133699e-06	0.000230420340539254	0.00134564801665988	0.00686283535936752	0.0272952786381247	0.0735219669479375	0.143381520248056	0.211143351147427	0.221585709780824	0.173082008004406	0.0930930681807523	0.0349113734972183	0.010798976859195	0.00239417061256562	0.000319033129839949	3.27430520648727e-05	
0.000162714713812561	0.00115208219887547	0.00690591988287507	0.0277634382229167	0.0721592394214705	0.142701309652876	0.207549780690769	0.222204790776924	0.173531584823784	0.0959107335012101	0.0367618282000948	0.0103182769917484	0.00243616995384997	0.000375454005064078	6.66769637292824e-05	
