# <P(U)> as a function of N_tot.
# number_of_species: 1
# species_total_upper_bound: 462
# species_total_lower_bound: 439
# volume: 729
# Bin widths for each
10	10	10	10	10	10	10	10	10	10	10	10	10	10	10	10	10	10	10	10	10	10	10	10	
# Bin lower bound for each
-2140	-2150	-2160	-2170	-2180	-2190	-2190	-2200	-2210	-2240	-2250	-2260	-2270	-2270	-2270	-2280	-2300	-2310	-2320	-2330	-2330	-2330	-2340	-2350	
# Bin upper bound for each
-2000	-2000	-2010	-2020	-2030	-2040	-2050	-2060	-2070	-2080	-2090	-2100	-2110	-2120	-2120	-2140	-2150	-2150	-2150	-2160	-2180	-2190	-2200	-2210	
# Normalized histogram for each
0.000133176244732541	0.000551519722404195	0.00392284053614386	0.0165759898697672	0.048928309533464	0.108612760172415	0.186064957332715	0.222430173866977	0.195882905607035	0.131197281892262	0.0622264496994194	0.0168474310442999	0.00457171483865922	0.00188000130698859	0.000174488332716442	
4.00274466166156e-05	0.000513708179289853	0.00313191024679567	0.0136838236062341	0.0459503553826671	0.0999149518524092	0.178950298530124	0.221098996288031	0.200004124862295	0.139244835407818	0.0684101627380293	0.0220769007304398	0.00528002726751075	0.0013888845544667	0.000301766241611367	9.22666566077919e-06	
4.03937952363819e-05	0.000550503795010896	0.00241401343757699	0.0116411597833288	0.0420981505590183	0.0943764366945536	0.17210481968528	0.220902391852184	0.203831448312611	0.141844748661368	0.0750569974434324	0.026528763356409	0.00691446323355374	0.00140050268141483	0.000286145772076904	9.0609369451473e-06	
6.8421117370661e-05	0.000398505833756393	0.00256519784675459	0.00968581637924672	0.0374302649735317	0.0887118574984513	0.163365167207513	0.219081552380803	0.209855045075469	0.151956662245968	0.0772989495436542	0.0305994752191153	0.00752765079762669	0.00118629218207314	0.000261104488760766	8.03720990564455e-06	
2.0936973727089e-05	0.00042550482319509	0.00236651895892821	0.00865088693008703	0.0335249375024213	0.0845696355200459	0.158161317815855	0.21610524717593	0.210170754551442	0.157104926427189	0.0843873271773883	0.0337119459820381	0.00918969353967599	0.00149421626782919	0.000113729071571976	2.42128267592185e-06	
1.03218847733122e-05	0.000167285718739887	0.00180832302687207	0.00819721377449116	0.0302819184354699	0.0813370926824101	0.150076787704172	0.212220371243314	0.215367620688816	0.161532940835953	0.0900492617289712	0.0357852626549511	0.0108084370659025	0.00208324108890332	0.000244877818070303	2.90436481897336e-05	
0.000111541885147149	0.00141957245442674	0.00786752962574438	0.0275833019105056	0.0747111656899429	0.147584937480206	0.206652460076119	0.21764415459932	0.166942415119921	0.0963996136143745	0.0391074778345936	0.0116536467145352	0.00202965129129574	0.000275311450950873	1.72202529166183e-05	
0.000159190141478536	0.00130133102597222	0.0062928486498834	0.0260976504294873	0.070641073249756	0.140751679936215	0.207099564940009	0.217383993499366	0.172077303764822	0.10254712110614	0.0405834515791397	0.0124119571363521	0.00233789465769783	0.000295157587847191	1.97822958343431e-05	
5.31332497896749e-05	0.0010047928345361	0.00552413473759247	0.0238361502691594	0.0644792090670598	0.131604310370268	0.202609862148655	0.224922883191074	0.177492338939298	0.106157791822348	0.0452041892838995	0.013910212993248	0.00273751119119074	0.000409987643647356	5.34922582341997e-05	
1.37174538066548e-06	0	0.000119125256742002	0.000776985462459047	0.00484976969478015	0.0202558420650342	0.0605139698910553	0.124043108325939	0.196583025575037	0.225854989041559	0.187280859163118	0.111391139694434	0.0501893477906633	0.0143953848132047	0.00333716772265792	0.000364306694254632	4.36070636801026e-05	
1.46735896132382e-05	1.51795754619705e-06	9.91009426588646e-05	0.000817311713088097	0.00363839967084898	0.0169653440895323	0.0558755835733574	0.120796893015581	0.192422225818737	0.228223326829488	0.192785451374435	0.115301091577728	0.0519925758864926	0.0165743615958476	0.00375643894098897	0.000666021944317125	6.96814797397122e-05	
7.12257027687466e-06	3.1252094072001e-06	7.71854044289886e-05	0.000643429741440524	0.00345560945290084	0.014829990788627	0.0497996304694254	0.114273500012137	0.187483856113033	0.228203081630906	0.198337417667085	0.123139573741787	0.0569913914289896	0.0177907996451506	0.00413988495450059	0.000771636006424268	5.27651634797041e-05	
1.68417506999853e-05	1.61884069228307e-05	5.31386272085742e-05	0.000572546930046482	0.00326098397928465	0.0137758987288108	0.0464854823383029	0.105757555739298	0.183527533721613	0.231022141820608	0.198972290238536	0.130957025224151	0.0610589686315134	0.0193031144897857	0.0045307213133081	0.000623289963405489	6.62780965046834e-05	
4.23419369591998e-05	5.48084654367342e-05	0.000428140421796508	0.00315941665498698	0.0125464912992483	0.0414548217433961	0.103281573880779	0.178731881118004	0.227107691626771	0.20562476486947	0.134459550172245	0.0640033785029838	0.0226160530528241	0.00557025146979633	0.00084123248969114	7.76022956116344e-05	
5.11946498833664e-05	0.000479679710770348	0.00267680206471674	0.0127769028816626	0.0387083716516966	0.0986315230423244	0.17410510522438	0.224326609645117	0.212496025335316	0.139716906254399	0.0667483595169997	0.0221643026338567	0.00588425493266413	0.00109535685390917	0.00011520659202283	2.33990102814804e-05	
3.59085120226281e-05	0.000374485214294563	0.00259239924976751	0.0114074130944521	0.0371623801694266	0.0942168740408277	0.1709415700148	0.22146702498053	0.215163052815487	0.145817330694934	0.0700259555439099	0.0233841789349701	0.00634566510264313	0.000953603873672052	0.000112157758263146	
1.87659203142428e-05	5.69679723825227e-05	0.000418435342244961	0.0022694848710193	0.0107982977820916	0.0362821941650201	0.0944270578358217	0.16962582393188	0.217276740282195	0.213031695490475	0.144573171376491	0.0762347640461052	0.0268853829714762	0.00681739076558849	0.00116028493815959	0.000123542308735432	
6.21538496352044e-05	0.000111937272886703	0.000250501134270041	0.00211292916988027	0.0100381484338022	0.0346221079885423	0.0902166898926451	0.171610776602545	0.220245258788943	0.212950101546869	0.145550738548398	0.0744207868420904	0.0276173540487689	0.0081338570650032	0.00175237649845275	0.000283539224246036	2.07430930214578e-05	
2.52205925093199e-05	0.00022071749302535	0.000148040401001452	0.00155315571917601	0.0098482682892014	0.0333673662097934	0.0861427245268844	0.164884846729311	0.222927204938282	0.215914835580764	0.150687817043554	0.0768840808590104	0.0282516898729695	0.0074226143800506	0.00129908436564278	0.000319734434622591	9.5957638955578e-05	6.64092524653689e-06	
3.12820897448893e-06	0.000181808526350654	0.000193948956418314	0.00162249772143493	0.00904737620355047	0.031570704263369	0.0841067395549289	0.158100947750494	0.223419068355314	0.213062834620604	0.155516451288237	0.0832636872363041	0.0301455816319911	0.00786491321119366	0.00155345368049799	0.000297328814908567	4.69976157833933e-05	2.53235964601485e-06	
1.45089868664651e-05	0.000278126117471008	0.00188758198879668	0.00845866493808829	0.02972482181104	0.0773290309350945	0.152287219011148	0.216851168896066	0.221855281263779	0.164628712049885	0.083667300448975	0.0325297437951016	0.00833693825853169	0.00172322120937093	0.000359674064166627	6.80062256202517e-05	
0.000289910203061779	0.0012724041550305	0.00633465962396043	0.0282596441973599	0.0740311626549639	0.147119951213076	0.216323530051652	0.225130428247741	0.17036262227798	0.0877776705128874	0.0318266975658384	0.00895978139398944	0.00205953506250401	0.000251560341552717	4.42498402027646e-07	
0.000268048156474187	0.00122215371697455	0.00634599451810521	0.0257626735903566	0.0715788503221282	0.13924244704116	0.214403150116523	0.22937810712488	0.173567709292548	0.0931135839293059	0.0328549725267051	0.00952975017255372	0.00241965429738087	0.000297734033939492	1.51711609650696e-05	
0.000126147984811376	0.000957445764904773	0.00572817943242853	0.025281553073531	0.0684825872544756	0.140009293967314	0.208819531719206	0.230366421382955	0.175966846914406	0.0950554131909663	0.0361876858203052	0.00967640789253296	0.00295662972696155	0.000334917086403013	5.09387887976811e-05	
