# <P(U)> as a function of N_tot.
# number_of_species: 1
# species_total_upper_bound: 462
# species_total_lower_bound: 439
# volume: 729
# Bin widths for each
10	10	10	10	10	10	10	10	10	10	10	10	10	10	10	10	10	10	10	10	10	10	10	10	
# Bin lower bound for each
-2150	-2160	-2170	-2180	-2180	-2200	-2210	-2220	-2220	-2240	-2250	-2260	-2270	-2270	-2290	-2290	-2300	-2310	-2320	-2330	-2330	-2340	-2350	-2350	
# Bin upper bound for each
-1990	-2000	-2010	-2020	-2030	-2040	-2050	-2060	-2070	-2080	-2090	-2100	-2110	-2120	-2120	-2130	-2140	-2150	-2150	-2160	-2180	-2180	-2200	-2210	
# Normalized histogram for each
1.85819357470662e-05	0.000137959657649438	0.00080095934732875	0.00462817700042271	0.0176933319963154	0.049598492062928	0.112248893294615	0.186606882102057	0.223689885578484	0.195502552938388	0.125930109113268	0.0587130850190144	0.0185631885336187	0.0046052742333647	0.00117824111518437	8.38666274124258e-05	5.194442013157e-07	
3.14574796697759e-06	0.000120815643724222	0.000811532018759159	0.00377411703644146	0.015021348630404	0.0456576225151163	0.103384604846633	0.181441326372227	0.22482804998655	0.199235498095959	0.133845733891529	0.064198377205598	0.0212490781243669	0.00526898593124535	0.000977310571394843	0.000173985880038249	8.46750204645097e-06	
8.07590975123348e-07	8.91675447239131e-05	0.000666167543773806	0.00339891288753678	0.0132618314453123	0.0422332788288601	0.0976858005554326	0.171649400054916	0.223328856745712	0.204317048815549	0.140278053572735	0.0701211053925225	0.0249865797382075	0.00665359952798683	0.00117974789860078	0.000144677547925774	4.9643092294347e-06	
5.017919348416e-07	8.04061838448564e-05	0.000506881538752137	0.00309156400541314	0.0115883829432319	0.0380726506310691	0.0904188923229777	0.16466331015652	0.219289909454035	0.212513472217393	0.147205395266883	0.0752047281225586	0.0285715309779459	0.00745572014729266	0.0011969410285755	0.000131445592074459	8.26761949786637e-06	
5.23526282578363e-05	0.000446060828484935	0.00246323224885162	0.0103938819838823	0.0341212001049663	0.084271706660151	0.158432781775272	0.216329132804333	0.215678302139006	0.155124559736995	0.081247097613554	0.0312132605581849	0.00855503821415565	0.00151933804814755	0.000151232869348699	8.21786408479424e-07	
6.78662774503338e-07	2.79706014920304e-05	0.000326873077748286	0.00215451192948577	0.00900629130087147	0.0308389454705125	0.0796656781135424	0.151761551640275	0.212697882310374	0.21731109252006	0.16296186273929	0.0869312721116815	0.0343813712497701	0.00967877339653558	0.00198603389571532	0.000251396082041022	1.78148978307126e-05	
2.1754910101339e-07	2.15131888779908e-05	0.000193014396843546	0.00158266970987241	0.00795666499258605	0.0288754613823636	0.0735765079458238	0.145847092810387	0.20933357676272	0.218508347516125	0.169422743854474	0.0941282748300694	0.0375485155645867	0.0105301016527181	0.00210599615842129	0.000351390142381294	1.79115426501024e-05	
2.13836161940264e-06	2.33518808664311e-05	0.00019050858063769	0.0013842003555415	0.00682341472925839	0.0261217395513455	0.070404001146745	0.139547656814927	0.206321327421023	0.221551978152165	0.174395709941161	0.0997795494967779	0.0393125876940885	0.0115985706218953	0.00217663343247717	0.000311909201666503	5.47226178056221e-05	
2.96297162662269e-05	0.000153923452017891	0.00114237663462954	0.0062752376468937	0.023256768781975	0.0652340845051204	0.133426632826412	0.202938044653152	0.225268616769835	0.179611465725533	0.103380638539879	0.042923590419855	0.013185150638842	0.00268287821504351	0.000438524674048755	5.24368004974673e-05	
4.62437402404412e-07	1.67451017291703e-05	0.000153261490681083	0.000869893431544004	0.00537899884833616	0.0210547992702835	0.0610906581267946	0.126239034088013	0.197211517066788	0.226451458359629	0.186746388278701	0.109876927883277	0.0473670250296921	0.01385961403222	0.00317694495451831	0.000452774894575225	5.34967058149946e-05	
4.93638831410497e-06	5.47136635799812e-06	0.000118205830516573	0.000924271839560668	0.00441006718764936	0.0185070304504396	0.0563293215897223	0.120449406846741	0.19246071005739	0.227037483941844	0.192968963516273	0.11613651112561	0.0509301529504659	0.0157476623344064	0.00345119199552233	0.000479632133534021	3.89804456527599e-05	
2.39154490286618e-06	1.83026395627514e-06	8.72669854351987e-05	0.000840994086148719	0.00393082129361299	0.01716121374906	0.0517124242417143	0.115112621265969	0.187515227796116	0.227267584785636	0.195841537796561	0.123127029884745	0.0553377866827847	0.0173090258661688	0.00410247564919218	0.000604646000595055	4.51221074020365e-05	
5.62007729980285e-06	5.4020570597243e-06	9.99986167826991e-05	0.000771258711513462	0.00382344517472881	0.015209842906485	0.0483710363405584	0.109650857300399	0.182054434276115	0.227336462957356	0.199864120096595	0.128662997418325	0.0596799642136733	0.0189184640881058	0.00480814570127918	0.000681773515196774	5.61765485269087e-05	
1.71036357707044e-05	5.33059259937602e-05	0.00061003778565383	0.00359344224708005	0.0138312698838889	0.0443832292695906	0.105413867598687	0.177554132398977	0.224127721874543	0.205821381792759	0.133102829199249	0.0633819624813867	0.0216325471435079	0.00545082896918942	0.000974566625984505	5.17731677383485e-05	
1.31786565799507e-06	3.8071674564302e-06	8.03654002181068e-05	0.000661739394750673	0.00325544543920253	0.0137302321676608	0.0413544779183677	0.101253863756364	0.174905592619171	0.221942780469573	0.208160053319868	0.138316394895516	0.0661257153539525	0.0232378763375879	0.00581095778449211	0.00101592799279664	0.00013220144943258	1.12506679321431e-05	
7.9287617589331e-06	3.63259269509273e-05	0.000546499052805724	0.00310387846481705	0.0119725766331291	0.0394952847897782	0.0963985441622393	0.171369377907157	0.2206234558584	0.210229093154339	0.143423737400191	0.0705415590682871	0.0245985320275744	0.00650346314895726	0.00102520109352506	0.000123029986308614	1.51256378170416e-06	
8.75440326366104e-06	5.61354771948405e-05	0.000459106268091773	0.00264436626716268	0.0110528120960004	0.0375490743437825	0.0933295470742431	0.165634699723358	0.220626788449601	0.210858922791406	0.147374672731021	0.0752405845356515	0.0266406489378214	0.00717609896718769	0.00122715274495046	0.000119928009054833	7.07180207928051e-07	
2.0189754782442e-05	6.96595544253431e-05	0.00038367884725517	0.00236183377760186	0.0103347287377809	0.0350914109524372	0.0896005145839248	0.165212322346391	0.219367664230853	0.213372458660558	0.149845101212049	0.0763683110135676	0.0282969949191649	0.00789904554159373	0.00152119021348681	0.000235293950456057	1.96017036722738e-05	
8.28220034343687e-06	0.000113671974536106	0.000360569757555247	0.0020015725889161	0.0098195531527482	0.0337001996867907	0.0844079957930343	0.160205835711873	0.21992679760074	0.217703173829835	0.153740230648498	0.079028314613151	0.0292362897300887	0.00806318760181072	0.0013085386471604	0.000324892586845058	4.87130600081435e-05	2.18081606676296e-06	
4.5123482002536e-06	7.3325658254121e-05	0.00034448345200523	0.00194693110662029	0.0089637061289092	0.0307976347938341	0.080738759685455	0.155134187793877	0.220350837524933	0.218971849200756	0.158213276873394	0.082273276880751	0.0318269651797539	0.00852326170675402	0.00154430212427375	0.000239988258085227	5.18674806713933e-05	8.33803471785991e-07	
2.27807327071544e-05	0.000372468650127072	0.00192787150218182	0.00807639370675285	0.0299009963059243	0.0771530808224916	0.150502684639613	0.213946462439723	0.222386148883858	0.164731564545242	0.0857943926560007	0.0333255937567971	0.00957864967219113	0.0019701785772094	0.000269453736381508	4.1279372800182e-05	
3.30819325384961e-06	0.000266406856736478	0.00153582871809968	0.00682485133259254	0.0279233646329768	0.0758557766880038	0.147892949688	0.210152757526243	0.22236748271767	0.170835075303844	0.0894157689361286	0.034378792943906	0.0100367907577254	0.00226835027432341	0.000226708537690282	9.80295500956907e-06	5.98393779740444e-06	
1.35663052320321e-06	0.00027013905293284	0.00152066168878552	0.00683802347557063	0.0261137324900486	0.0728201715260647	0.143863326645549	0.210449684015314	0.22186817664812	0.172354239195425	0.0944736177879069	0.0357858298052259	0.0108616684796661	0.0024586263423102	0.000297320114487019	2.34261020703127e-05	
0.000191802349314257	0.00142519534032833	0.00682471042378195	0.0259013009061675	0.0707942327034308	0.143516540728241	0.208481073766111	0.222034064395426	0.172643877312386	0.0971443309071474	0.0379680638026571	0.0103429464962585	0.00236655626889602	0.000317738771500662	4.75658283530091e-05	
