# <P(U)> as a function of N_tot.
# number_of_species: 1
# species_total_upper_bound: 462
# species_total_lower_bound: 439
# volume: 729
# Bin widths for each
10	10	10	10	10	10	10	10	10	10	10	10	10	10	10	10	10	10	10	10	10	10	10	10	
# Bin lower bound for each
-2140	-2150	-2160	-2170	-2180	-2190	-2190	-2200	-2210	-2220	-2240	-2250	-2250	-2260	-2270	-2280	-2300	-2310	-2320	-2330	-2330	-2330	-2340	-2350	
# Bin upper bound for each
-2000	-2000	-2010	-2020	-2030	-2040	-2050	-2060	-2070	-2080	-2090	-2100	-2110	-2120	-2120	-2140	-2150	-2150	-2150	-2160	-2180	-2190	-2200	-2210	
# Normalized histogram for each
0.000137932626319185	0.000585318253866869	0.00395595229425415	0.0159229805863609	0.0478206764429301	0.108023611709708	0.185274239589688	0.221044236736321	0.197245963799252	0.132404655962363	0.0636770386748599	0.0172824088942268	0.00456339707444342	0.0018764567790543	0.000185130576352235	
4.74866942685089e-05	0.000566137978787613	0.0031479654003897	0.0129168637565694	0.0450779920661807	0.0991928630235036	0.179177438701318	0.221408482717218	0.200274650161901	0.140122288700911	0.0689457704366031	0.0221588207782136	0.00519681504326963	0.00146162435240021	0.000293854103007332	1.09460854585038e-05	
4.80252573380784e-05	0.000601055831993176	0.00242486432042452	0.0113259839339067	0.0408237713181979	0.0919964921825736	0.172772014564153	0.220436260121899	0.204735866018742	0.143022012343807	0.076367724790276	0.0266740831698775	0.00705198273590681	0.00139339034304178	0.000315700278974115	1.07727888891922e-05	
8.16113600345585e-05	0.00040247154877104	0.00275569635205557	0.00966073432384571	0.0369939543404864	0.086948359515797	0.163604434489544	0.219513551278735	0.209482439761188	0.153702784097772	0.0773418104667445	0.0305019748865423	0.00758618855692026	0.00114072507733698	0.000273677318685859	9.58662554032097e-06	
2.50511482244914e-05	0.000390252581184253	0.00235250731744892	0.00866105106267567	0.0328206681175315	0.0839936029251561	0.157636821234239	0.217746880982932	0.208604404792813	0.158057748690801	0.0850829018329857	0.0338654884560645	0.00905922798666563	0.00157779629820716	0.000122699501507713	2.89707156337655e-06	
1.22967860695901e-05	0.000176480081453911	0.00172841928885736	0.00837207598328282	0.0296518762902615	0.0810365834473896	0.148940962621247	0.212904942705881	0.21537880164682	0.161809167618678	0.0907496027502059	0.0357057112804525	0.0110076588623912	0.00220638264256915	0.000284437382602795	3.46006118371916e-05	
9.08338692307129e-05	0.00129659245031644	0.00784446008945831	0.0275893356154887	0.0739850704139272	0.147840245869353	0.205833756845898	0.218240198591966	0.166632081327208	0.0966013569182619	0.0397723546655988	0.0118650584161116	0.00206611274562501	0.000322085619718913	2.04565618378714e-05	
0.00015291672060142	0.00112544325012158	0.00599317879162452	0.0263136677441144	0.0695081337577353	0.140022473144745	0.209133941949819	0.217338374765713	0.171723861318993	0.101783342351281	0.0414098139195719	0.012910321572467	0.00222605241658597	0.00033500498467686	2.34733119499399e-05	
6.261741823646e-05	0.00100213254618162	0.00536284339942179	0.0237523944816115	0.0639064908708035	0.131138728213158	0.203407098344379	0.224473544056177	0.178113892283486	0.105078204924471	0.0462371247164658	0.0142746559045941	0.00269847225346042	0.000428760078654247	6.30405089002198e-05	
0.00013964100993568	0.000797643788416215	0.00506608365691467	0.0205803193579655	0.0607522041257944	0.123419521540053	0.196336369586393	0.22558066248563	0.188228143365225	0.110576645672716	0.050359362212733	0.0144411508740879	0.0033367885094227	0.000335360347211055	5.01034675013717e-05	
1.79472131439236e-06	0.000117169662953901	0.000792497654683825	0.00371866256342096	0.0178482470828728	0.0568592496646221	0.12073543235392	0.190409163129143	0.228778253720778	0.19351762044567	0.115086675211249	0.0511218674741887	0.0166633037007752	0.00381574844023762	0.000525426030518296	8.88814365222882e-06	
3.69298799486898e-06	9.12082151290897e-05	0.000644555230267249	0.00329852534695193	0.0151702793822713	0.0504951695717027	0.114451452151586	0.186870002013108	0.227874621855206	0.199300170186628	0.123186399360752	0.0561171855515194	0.0174962606349466	0.00421850877488301	0.000745210623987864	3.67581130652075e-05	
5.0432294516394e-05	0.000520478375102243	0.00331425653437991	0.013934528453345	0.0476193691808932	0.107112893887973	0.182337618910162	0.228478808990933	0.199889937928103	0.131556657733882	0.0609726440703204	0.0191153782340884	0.00451762236862024	0.000545780000825722	3.35930368558354e-05	
6.462509918822e-05	0.000382531879178724	0.00313714411510191	0.0125841507074709	0.042937594333727	0.104607595614922	0.178352400926809	0.224092619683205	0.206456317042561	0.134881279865733	0.0637598360836111	0.0224327374922382	0.00553497013720265	0.000723401009351852	5.27960097002013e-05	
2.07593214411156e-05	0.000399968790647257	0.00268692471500135	0.0133838687933477	0.0397878784386914	0.100006007888366	0.174162438347674	0.222778921935012	0.212165279032109	0.138671299631161	0.0666295930988275	0.0221663812113363	0.00583926286112533	0.00120835084168053	6.54446404753814e-05	2.76204531038572e-05	
3.18619372695099e-06	0.000348357180813308	0.00228025264392126	0.0116550081478054	0.0379207501574511	0.0963463385500765	0.171819302457228	0.22022484261088	0.213901752654365	0.14597281043882	0.0693841476949481	0.0228121735257747	0.00618033077647187	0.00108445643712029	6.62905305968413e-05	
2.21377123836782e-05	4.14642866868893e-05	0.00044020665378814	0.00216721176391008	0.0109683580054624	0.0373255007998566	0.0957624728878909	0.171884753880469	0.21565136265526	0.213628133869909	0.143819317613801	0.0741060800524277	0.0265503206893613	0.00631627587454945	0.00117066331438451	0.000145739939859215	
7.27885744552031e-05	0.000127733347891048	0.000260590163401516	0.00227976641934452	0.0102619522991031	0.0357444901964214	0.0919104156386606	0.174943451934542	0.219092725753675	0.211700091992744	0.144652539676398	0.0727224110543937	0.0264621802404108	0.00752160380790247	0.00189091289416029	0.000332053703127559	2.42923033679379e-05	
2.94245361631032e-05	0.000257508218847512	0.000167841732906695	0.00174762592743875	0.0103316684965594	0.0348102709390397	0.0879378379686554	0.166642378366106	0.221175706963656	0.21536758210055	0.149331958563289	0.0753110556513739	0.0277518644535237	0.00722520356033405	0.00141934212308649	0.000373029992481944	0.000111952525164943	7.74788082401237e-06	
3.63438973793714e-06	0.000175489104488965	0.000214775126894285	0.00179547506362994	0.00920210175027883	0.0326133693795569	0.0857531662673597	0.160127317864505	0.224365675681078	0.212691669710468	0.15395162436886	0.0803353295651634	0.0291558532755327	0.00773328909761824	0.00153665459443542	0.000287030256208035	5.46023791580555e-05	2.94212502594911e-06	
1.33649712381508e-05	0.000313171455077184	0.00199543331866636	0.00868611037172641	0.0304431626143643	0.0784083198756696	0.154315665617387	0.218860543940533	0.221924226476422	0.163603803274177	0.0808315184995776	0.0308968818314943	0.0078481697879048	0.0015492157305539	0.000297909520179425	1.25027150292378e-05	
0.000276236432824829	0.00135715419556875	0.00659022421247268	0.029235647314751	0.076190813766799	0.150300652086688	0.220655396072518	0.223633415678829	0.166886170395958	0.0844676820840735	0.0304139550351503	0.00790383836573005	0.00185935577948903	0.000228947345774311	5.11233373519117e-07	
9.46349184473358e-05	0.00127819784377721	0.00665568300225729	0.0267724940644361	0.0731151217495349	0.142663517737783	0.218857406560547	0.229118153742068	0.170220571192312	0.0895133568458925	0.0310136084678623	0.00821862086102741	0.0021483713480882	0.000321407913667562	8.85375229957423e-06	
4.11378906430458e-05	0.000925851357355484	0.00614414302184845	0.0262679531436108	0.0698808353081871	0.144504968934672	0.212546957118974	0.230139874633937	0.171196244243287	0.0916742134514101	0.0349643871105368	0.00871376827971709	0.00260935318048561	0.000332171879083464	5.81404462515627e-05	
