# <P(U)> as a function of N_tot.
# number_of_species: 1
# species_total_upper_bound: 462
# species_total_lower_bound: 439
# volume: 729
# Bin widths for each
10	10	10	10	10	10	10	10	10	10	10	10	10	10	10	10	10	10	10	10	10	10	10	10	
# Bin lower bound for each
-2150	-2160	-2170	-2180	-2180	-2200	-2210	-2220	-2220	-2240	-2250	-2260	-2270	-2270	-2290	-2290	-2300	-2310	-2320	-2330	-2330	-2340	-2350	-2350	
# Bin upper bound for each
-1990	-2000	-2010	-2020	-2030	-2040	-2050	-2060	-2070	-2080	-2090	-2100	-2110	-2120	-2120	-2130	-2140	-2150	-2150	-2160	-2180	-2180	-2200	-2210	
# Normalized histogram for each
2.22540781408772e-05	0.000126391373600108	0.000807012457508712	0.00468281807724411	0.0174845723234843	0.0493611075232756	0.112365586104919	0.187224148911204	0.222671004610397	0.194511991057339	0.126198249467685	0.0604667767835789	0.018169791601022	0.00460980701558192	0.00120976705845831	8.80730933575379e-05	6.48463204105032e-07	
3.55002403957945e-06	0.0001139557716705	0.000808340473812242	0.00370604759611897	0.0146978391122005	0.0451134096596391	0.104016828533957	0.181569914114268	0.223581016932786	0.199125729663066	0.134196381649831	0.0652841729159909	0.02138803691599	0.00525128430994692	0.000965547371698285	0.000167413216999834	1.05317379840857e-05	
1.01206066744091e-06	8.52809944770063e-05	0.000674984932202651	0.00340862032794099	0.0128883544679383	0.0418867204066912	0.0975091281918905	0.173116757510026	0.22297556909362	0.203462682227476	0.140297029089957	0.0709532813745355	0.0248226929243624	0.00651615260731832	0.00125358596907666	0.000142432655697199	5.71516612201927e-06	
6.29457873112203e-07	8.338818109515e-05	0.000505664491400137	0.00299103394210702	0.0113785301271427	0.0378969908376711	0.0906363585298526	0.164881244379466	0.219673693834448	0.210585461165716	0.147463545546762	0.0762067861433662	0.0289841071478778	0.00739939719517169	0.00117022213448445	0.000136292616621009	6.65426894432901e-06	
3.69604120937379e-05	0.000419632570449001	0.00232119877624955	0.0101779393700066	0.034419633904541	0.08507171077953	0.159142620315541	0.216133119822018	0.214748120097629	0.153922379011046	0.081766255319616	0.0315768658019285	0.00867857157800706	0.00143351216027878	0.000150449191804042	1.03088926266373e-06	
8.51071771399204e-07	3.02434433050789e-05	0.000305838720136385	0.00199846849634737	0.00889105560954627	0.0317002046189306	0.0815248336815787	0.152215766876609	0.211197958594933	0.216316030669344	0.161681995026519	0.0873029423101304	0.0346650651117018	0.00987772135138161	0.00201281513477953	0.000257297233746224	2.09120492400947e-05	
2.72091896921915e-07	2.69068653622783e-05	0.000209601457928849	0.00164207459792376	0.00789335569727176	0.0295255080106878	0.0746453886772283	0.147116007287226	0.208392039679464	0.217118057046182	0.168972665648035	0.0932623999835536	0.0377123601674393	0.0109162664396412	0.00218734675935528	0.000365086860803227	1.46627300007921e-05	
2.67210220839531e-06	2.91805707075897e-05	0.000204962385303049	0.00143112328618045	0.0068602884072789	0.0264918589547854	0.0711737500452436	0.141473570844353	0.206324367944587	0.219846328616587	0.173930078129839	0.0988038638112097	0.0389437945163119	0.0118647411012316	0.00226354385369123	0.000323688744789704	3.21866856920344e-05	
3.69075749944623e-05	0.000187815850383004	0.00117375801002126	0.00616165287175231	0.0233672298248657	0.0656356300872737	0.135619464205207	0.203994206967604	0.224141675796941	0.178461813680727	0.101920814676443	0.0424008243986751	0.0136316732067335	0.00276655054337602	0.00044380144865874	5.61808563443666e-05	
5.76043101121365e-07	2.08588238721842e-05	0.000186092239720155	0.000938677392306241	0.0054282663682723	0.0205577049205875	0.061257060052463	0.127376499921491	0.198156916748098	0.226628271473833	0.185477268232621	0.109178206906981	0.0470734539541311	0.013965164490775	0.00329578512597896	0.000401744585945221	5.74527198223677e-05	
6.1488001767462e-06	6.81517260969407e-06	0.000140574293695956	0.000958092110298813	0.00437179692566655	0.0182302232550591	0.0561494196002123	0.121489054030113	0.193520915355829	0.227976640980735	0.191734976656216	0.114882213674683	0.0505669148328476	0.015848274993487	0.00354213295699041	0.000534733587784618	4.10727735944229e-05	
2.98707122421396e-06	2.28602389608211e-06	9.96706418691799e-05	0.000864879040684398	0.00390330960176366	0.0167920037688304	0.0517702115602339	0.115988524281963	0.188642173739279	0.227848337006009	0.195402129281906	0.121531309261359	0.0549397684519924	0.0173105654294177	0.00425313221850146	0.000607411789348323	4.13008317225501e-05	
7.02148617139484e-06	6.74910093198728e-06	0.00011279775414133	0.000808045945215823	0.00378966557085076	0.0147227551052711	0.0488434855650048	0.110513107813286	0.182965220823622	0.228082082868185	0.199193055701752	0.127691839562189	0.0589141429014076	0.019056737179538	0.00459783257617299	0.000641497503831401	5.39625424292974e-05	
2.13697206682649e-05	6.05222103136777e-05	0.000652551626722109	0.00368051641404293	0.0137205157890622	0.044631467159907	0.105928793415719	0.177298979171787	0.225132226286556	0.205203973831789	0.132583309840826	0.0629198747339196	0.0218383042302867	0.00536662689203342	0.00090126720923668	5.9701467130117e-05	
1.65338144060962e-06	4.77643527287224e-06	9.48857237860965e-05	0.000706667474986482	0.00331637698811464	0.0138394762577487	0.0412378132009648	0.100963890761701	0.17451183912966	0.221763735466318	0.208975626095748	0.138704465415853	0.0659634590454355	0.022925082837472	0.00578983562326663	0.00105687815864746	0.000129423024989942	1.4114978594834e-05	
9.95487257165816e-06	4.56086315667662e-05	0.000579894300081945	0.00320693922617682	0.0122141079290131	0.0399594711101787	0.0959344637351497	0.171508241914675	0.219470572921907	0.211793650868039	0.142901858832004	0.0702407844758142	0.0245111322889539	0.0064314296584569	0.00106673351440174	0.0001232566376257	1.89908338290094e-06	
1.10030975405288e-05	5.43412031736979e-05	0.000488212648253713	0.00278458055946981	0.0113621847014893	0.0375616633201721	0.0934899483792284	0.165972654207033	0.218912632830987	0.211325031623944	0.147083982996261	0.0753812711219629	0.0268983438836386	0.00725490309060153	0.00127810632461725	0.000140251182020779	8.8882960633798e-07	
2.54070563473934e-05	7.01160754053065e-05	0.000396646083559307	0.00226156718678673	0.0104553428588211	0.0351446190305944	0.0899083264689572	0.164940759778903	0.219106753883171	0.212912396377213	0.150527096209338	0.0758342047737824	0.0284081723770105	0.00808869406034515	0.0016283024740892	0.000269425798984859	2.21695066914755e-05	
1.04223082292202e-05	0.000143044638684475	0.00036653839621521	0.00196929205638802	0.00976231093532014	0.0337981271667146	0.0847053058429433	0.158733727785837	0.219684712225269	0.218199533302605	0.154322994609138	0.0793501511974739	0.0289739243715379	0.00818320789766749	0.00144019031998213	0.000309647394194762	4.41252162012253e-05	2.74433559881834e-06	
5.66815083910504e-06	9.21074511354569e-05	0.000360697707473266	0.00193404083767137	0.00897493155553836	0.0308210938754829	0.0817178538680478	0.154412627703592	0.218978379886	0.21796609127337	0.15933831239311	0.0832467759465612	0.031663984871459	0.00860579323214164	0.00163655533412117	0.000207441998644203	3.65965391133521e-05	1.04737569853028e-06	
2.86120764229483e-05	0.000374477068972745	0.00200874601413185	0.00818068744462749	0.0300988287549708	0.0777609854699824	0.149435312551439	0.212870314334546	0.222692984613894	0.165422579163254	0.0861953707565771	0.0331089974439059	0.00947751213723667	0.00201925657281783	0.000282647977295226	4.26876199263966e-05	
4.14283331721385e-06	0.000242477597095752	0.00141039104843383	0.00690515881749525	0.0280895369850683	0.0763005107717474	0.147895585369401	0.20895835919431	0.223045972503467	0.171586530003937	0.0893690480088888	0.0335850053803525	0.010079056530636	0.0022464818282689	0.000262887143584967	1.13623296126527e-05	7.49365438260741e-06	
1.70335635419446e-06	0.000223504687332516	0.00146001973216668	0.00696827875962077	0.0265666711318937	0.0726802993575792	0.143991191457619	0.210093767333932	0.221055473814729	0.173127375649815	0.0943639649123191	0.0358001705059711	0.0109886255946082	0.00235078385417712	0.000298756537694607	2.94133141876079e-05	
0.000192854095549574	0.00139958529706784	0.00714277905113907	0.0268470587373066	0.0715326973246733	0.142845829292447	0.207083717484377	0.221200649392557	0.17337247027774	0.0972571865331269	0.0380557036401907	0.0102848350205593	0.00238741740897676	0.000337312957950872	5.99034863374775e-05	
