# <P(U)> as a function of N_tot.
# number_of_species: 1
# species_total_upper_bound: 462
# species_total_lower_bound: 439
# volume: 729
# Bin widths for each
10	10	10	10	10	10	10	10	10	10	10	10	10	10	10	10	10	10	10	10	10	10	10	10	
# Bin lower bound for each
-2150	-2160	-2160	-2170	-2180	-2190	-2190	-2200	-2210	-2240	-2250	-2260	-2270	-2270	-2270	-2280	-2300	-2310	-2320	-2330	-2330	-2330	-2340	-2350	
# Bin upper bound for each
-2000	-2000	-2010	-2020	-2030	-2040	-2050	-2060	-2070	-2080	-2090	-2100	-2110	-2120	-2120	-2140	-2150	-2150	-2150	-2160	-2180	-2190	-2200	-2210	
# Normalized histogram for each
4.20680560183042e-06	0.000143331876576651	0.000652776034958314	0.00424208267166291	0.016805947990421	0.0497488416861261	0.109465228468006	0.187768183857117	0.222304795806464	0.194361630471311	0.129839929844906	0.0613947219253419	0.0167024004753931	0.00472117773248851	0.00168813099079166	0.000156613362833858	
1.15510964270331e-06	5.6661167736815e-05	0.000635796665441643	0.00328312558078457	0.0139094655459671	0.046087841224708	0.100789091874077	0.180171266282866	0.22138697662514	0.198903010610898	0.138547923827207	0.0677775173714811	0.0216611631771716	0.0052318563432694	0.00127846319349515	0.00027041724688128	8.26815323198158e-06	
4.9201799454082e-05	0.000538753538383168	0.00265794532915541	0.0118687934750769	0.0421492332503788	0.0950603428008981	0.172789567541462	0.221111715275229	0.203988009311841	0.141395243419121	0.0738650337917095	0.0262240042015131	0.0066780036326712	0.00136100315933509	0.00025507248664353	8.07698712842699e-06	
6.5767364839821e-05	0.000400017396930188	0.00266056056816532	0.0101054636005013	0.0373816848528675	0.0889043486787822	0.164290237292012	0.219966698193936	0.210142161416757	0.150048398434003	0.0770253439549183	0.0301603410843626	0.00744092090239295	0.00115855093029089	0.000242349939499624	7.15538974132395e-06	
1.8553952875484e-05	0.000399856617071656	0.00230460289492152	0.00919752260553034	0.0334214120189225	0.0846979113550192	0.158560377339439	0.217043635867946	0.211230316401694	0.156391584330871	0.0832205370801379	0.0329881077997284	0.00893492737452732	0.00145427649681175	0.000134232169272635	2.14569523049815e-06	
9.14109110206823e-06	0.000158361523092382	0.00182884864048965	0.00838502830491578	0.030393308368278	0.0810934560567892	0.150845465820231	0.212412731736904	0.216026236570555	0.161917596657109	0.0892877822887136	0.0350727274664382	0.0102391567904532	0.00205081954925091	0.000253617996576693	2.5721139100992e-05	
0.000122125693517368	0.00151479699954081	0.00787892346013279	0.0276535783830258	0.0751166957972979	0.147866971425594	0.206688968279636	0.217489827242873	0.168292337094972	0.0953875568072361	0.0386522809697607	0.0110079089851693	0.00202860171216465	0.000280638580846833	1.87885682334412e-05	
0.000153064702880712	0.00142442594880967	0.00641846256571005	0.026372706474504	0.0707833095665249	0.141465398926306	0.207292020169851	0.217432145271443	0.173191445265664	0.10154627634028	0.0395619083104448	0.011753508096762	0.00228945041732287	0.00027194622149526	4.39317220013292e-05	
5.32909137659756e-05	0.00100186917880034	0.00545832184248005	0.0236768357784029	0.0652328365668547	0.132238928289272	0.203754192615059	0.224357855591394	0.177688972276481	0.105846730129801	0.0439769943125272	0.0135652655406931	0.0026798985467885	0.000385661267599245	8.23471500812338e-05	
1.20608180078423e-06	0	0.000104738682699683	0.000813216523676147	0.00488310782142778	0.0200301622014979	0.0606586780886422	0.123493318179868	0.196831153372217	0.227159921114633	0.188472752580825	0.110365498646268	0.0495601864018467	0.0139345613023449	0.00322207926978983	0.000411781717983543	5.76380144795833e-05	
1.28979788930611e-05	1.33427367859253e-06	9.47334311800698e-05	0.000879286354192478	0.0037576958999676	0.0177266517990457	0.0551773630939901	0.120360825724797	0.192499602894739	0.228330887164923	0.193729676152717	0.115484309576908	0.051331350983868	0.0163028547103038	0.00359040339540883	0.000649854818316401	7.027174707254e-05	
6.26304935091162e-06	2.74807267437959e-06	7.40701448745569e-05	0.000675322882562073	0.00344109825765802	0.0156185751818361	0.0495171380676448	0.113711924015151	0.188067101543842	0.228884352793735	0.198308593223253	0.122954203688425	0.0562998287886815	0.0176012776620676	0.0040653581154101	0.00072568291203675	4.64616007970689e-05	
1.4736049407433e-05	1.41643923183515e-05	4.80191954828419e-05	0.000575277583978967	0.0032469487485283	0.0144382795814759	0.0461898292803269	0.105829034895473	0.182313132919674	0.23058544545807	0.199811683451366	0.131155095395594	0.0612839265778879	0.0193840661638456	0.00446807180826062	0.000584297062495586	5.79914358145961e-05	
3.68783113382689e-05	6.81670528395529e-05	0.00042731297684813	0.00323944483621404	0.012769854152061	0.0415015280727472	0.103819385193576	0.177958540040337	0.226764350931441	0.20613703929095	0.134448300462379	0.0635090779753987	0.0227437669229045	0.00568517075557621	0.00082359420391162	6.75888214771062e-05	
4.58070551040057e-05	0.000486034914708366	0.00271520345891279	0.0127911335189363	0.0388696869087784	0.0995998500694859	0.173697563006274	0.223645549938676	0.211602057632153	0.139941656345481	0.0661460363953273	0.0229796347412904	0.00624370923472177	0.00111221606032984	0.000103487610327038	2.03731094938496e-05	
3.12987282894538e-05	0.000385864865710776	0.00261887852858785	0.0115908750718463	0.0375732720908454	0.0948676240585336	0.171973481726846	0.220829617973485	0.214204305788313	0.144840758225443	0.0694679203095091	0.0239088235305673	0.00641106649696383	0.00118686349157874	0.000109349113479891	
1.63777116242433e-05	4.97180531450243e-05	0.000446032678084055	0.00235397109138926	0.0109102855603501	0.036552777663141	0.0945389105507233	0.169453813065969	0.218365783840853	0.211826462547521	0.144816015582223	0.0755663714887437	0.0265962338412265	0.0070994780254329	0.00128214085286933	0.000125627446705009	
5.39584056653183e-05	9.71775169991897e-05	0.000238752848368629	0.0020996630088019	0.0102712837425026	0.0352576271581561	0.0910672514256086	0.170333982886018	0.219261749475575	0.211020454295724	0.147356673312369	0.0743826444621716	0.028168907097377	0.00829158650940323	0.00181048786387709	0.000269792028326591	1.80079630557798e-05	
2.20464708296491e-05	0.000192939232881959	0.000146237241420335	0.00157527904439898	0.0100493423498616	0.0340211614811367	0.0861351049477238	0.164369941867761	0.22171372566311	0.216730636219403	0.150410547031645	0.0769886242819569	0.0281117289051149	0.00771476458674086	0.00144156524202981	0.000286669347030497	8.38809511447597e-05	5.80513581017389e-06	
2.72943642596677e-06	0.000158632245613926	0.000198079100627302	0.00163057831818886	0.00915459475927411	0.0315305795659312	0.083960908751561	0.159555899897789	0.222368940261215	0.214012705656536	0.155009438651107	0.0826031441028057	0.0301031493017322	0.00791094654775682	0.0014970308930612	0.000259426433629984	4.10065329710721e-05	2.20954377340167e-06	
1.26541675073036e-05	0.000284945894997795	0.00184238189589669	0.00863319221881612	0.0307709768945933	0.078406519738587	0.153760984060746	0.215024286592105	0.220585825658148	0.164046680769682	0.0835469670458872	0.032571243125299	0.00843137447036631	0.00170896154515302	0.00031369356784772	5.93123543675664e-05	
0.000266247085269681	0.00126293726099662	0.00689251965308648	0.0295103381685262	0.0757469098938832	0.147366153924514	0.215597114396083	0.223223164062354	0.169727307677318	0.0872709712346392	0.0320824522205457	0.00881239265708546	0.00202174145401521	0.000219364446341759	3.85865340970552e-07	
0.000234854435451064	0.00121858193249358	0.00651754481683455	0.0271443088512174	0.0729398414856704	0.141006755837078	0.214523388102143	0.227145811308435	0.171876394627264	0.092709568271465	0.0329239943818286	0.00924297674463613	0.0022405711578381	0.00026216605182637	1.32419958183305e-05	
0.00010963168679086	0.00114267035760012	0.00619362193664375	0.0278724670249231	0.0709546886428519	0.140883727386412	0.20730998321549	0.227743536119536	0.17557836714212	0.0932433284129588	0.0359757390634498	0.00980193166485189	0.00284114052824538	0.00030489734091375	4.42694772122077e-05	
