# <P(U)> as a function of N_tot.
# number_of_species: 1
# species_total_upper_bound: 462
# species_total_lower_bound: 439
# volume: 729
# Bin widths for each
10	10	10	10	10	10	10	10	10	10	10	10	10	10	10	10	10	10	10	10	10	10	10	10	
# Bin lower bound for each
-2150	-2160	-2170	-2180	-2180	-2200	-2210	-2220	-2220	-2240	-2250	-2260	-2270	-2270	-2290	-2290	-2300	-2310	-2320	-2330	-2330	-2330	-2340	-2350	
# Bin upper bound for each
-1990	-2000	-2010	-2020	-2030	-2040	-2050	-2060	-2070	-2080	-2090	-2100	-2110	-2120	-2120	-2130	-2150	-2150	-2150	-2160	-2180	-2190	-2200	-2210	
# Normalized histogram for each
2.39120796572612e-05	0.000136947687915137	0.000798211463924855	0.00458783867350946	0.0170088518071828	0.0497825076065747	0.111252372207704	0.189215848911816	0.223909651997954	0.194631606892117	0.126241528116031	0.0592262845662143	0.0170224481573537	0.00476269575600318	0.00129333002792574	0.000105162118614632	8.01929500700832e-07	
4.40077667840672e-06	0.000117244025340552	0.000814767128868017	0.00366375660419055	0.0143022674928489	0.044917040592104	0.103322865108053	0.182512310989392	0.224752139089187	0.1988964025631	0.13479355259812	0.0647897745313411	0.0206774159548838	0.00522603232502494	0.00101426900495579	0.000182705578431852	1.30556374792733e-05	
1.2569218501446e-06	8.14411422314282e-05	0.000675965177349825	0.00333380036606	0.0126755393026524	0.0422655498792801	0.0970697824527055	0.173554253368088	0.223942623735638	0.203851763073189	0.140128413051137	0.0702559425601502	0.0242532313057828	0.0064034992704308	0.00133902842159081	0.000160812060239089	7.09791162434599e-06	
7.84270901809208e-07	8.63818378992714e-05	0.000540063881479189	0.00310746804413518	0.0113461965214075	0.0378398759328249	0.0904384978119962	0.165375358402466	0.22065013667601	0.210606016582773	0.147893287768937	0.0750306369825857	0.028585367252776	0.00704215515851198	0.00128650304883446	0.000162978962642637	8.29086381912592e-06	
3.02534766632291e-05	0.000416917774290528	0.00244932599172253	0.0102231885250484	0.0344816543369621	0.0848736987049101	0.16011484867761	0.218499424543459	0.213272090953027	0.15317199602568	0.0809524261630559	0.0314594714178866	0.00835007258573865	0.00153836856676584	0.000164981288055144	1.28096912397234e-06	
1.05465115661521e-06	3.53684798593457e-05	0.000268785380485933	0.00206007270388413	0.00905979243033926	0.0313005773499426	0.0809492598665346	0.151876885447897	0.214163038446969	0.215976812439671	0.161092351922175	0.0868543270246487	0.0343650922821645	0.00966926780052464	0.00201442137524778	0.00029417234047017	1.87200580299199e-05	
3.36340177145887e-07	2.57113379862633e-05	0.000179979365903843	0.00171623181058308	0.00799689879408219	0.0289112410604985	0.0742074807063129	0.145954035078711	0.210083979283986	0.21829699532745	0.168345321805236	0.093094140158109	0.0377693949348589	0.010898094419881	0.00213430265077542	0.000367731927012836	1.81249984350839e-05	
3.30029921337743e-06	2.01393258816327e-05	0.00022172010169872	0.0015168250191483	0.00687062290784938	0.0262977592205953	0.0708292215542992	0.140766349729182	0.20687573087095	0.220115143689215	0.17382698458899	0.0990989470582877	0.0388481970746673	0.0119009914736395	0.00241874428940414	0.000352531961428953	3.6790835549128e-05	
4.55671773925344e-05	0.000148580475626151	0.00119849920604065	0.00597926805847663	0.0235792155962658	0.0655186685840356	0.133631780857851	0.202870507337683	0.224721880020798	0.178505070566358	0.103586822616834	0.0431427112657914	0.0136795589426991	0.00285604275670181	0.000470660977014994	6.51655604322511e-05	
7.11902340187854e-07	2.16193500151785e-05	0.000135486255901015	0.000809133212439826	0.00525380180204214	0.0205607512353192	0.0610916370434111	0.125526817098875	0.19665507814552	0.2277812844172	0.186728162039764	0.109881863928186	0.0478498413619306	0.0139207631712986	0.00329453415621251	0.0004278533064529	6.06615730928492e-05	
7.61977774497144e-06	8.44556646610135e-06	8.23911928581888e-05	0.000873872146210247	0.0040084535240665	0.0182515072427114	0.0555057267134056	0.120780458926076	0.191811764313743	0.22826219107197	0.19252528330465	0.116821815476234	0.0508770307880686	0.0160456754251695	0.00356173936178618	0.000534510517676815	4.15146511622582e-05	
3.70248115729889e-06	2.83353149793283e-06	7.17827979476316e-05	0.000764751261082083	0.0036401056839244	0.0161986950869624	0.0508816117671198	0.114877562915072	0.186551817716123	0.228338208959498	0.197629490217081	0.12314633675192	0.0554008678238029	0.0175036685732304	0.00430564556215886	0.000650616612345349	3.23022590764342e-05	
8.72584300199991e-06	8.38734047174991e-06	7.85325870179992e-05	0.000740417867833492	0.00339138162779022	0.0142351973501721	0.0478003184105245	0.109039939499819	0.180903011164302	0.229005311443202	0.200806659051864	0.130401781064913	0.0595694496050409	0.0189033729106731	0.00443152468046395	0.000619158739219494	5.68308136897494e-05	
2.17372196603987e-05	5.21087356318966e-05	0.000541726354080146	0.00332303011843263	0.0129825733770335	0.0434544819780082	0.10425674216412	0.176899046254872	0.225498887179323	0.207392578466345	0.134030370985795	0.06304729083616	0.0221104636272505	0.00540802332895976	0.000910198736128369	7.07406381979527e-05	
2.06928455176384e-06	3.52544775485692e-06	6.28449382387537e-05	0.000574609663957386	0.00277046545413745	0.0128486093028289	0.0397369694086169	0.100153832146382	0.172731037153008	0.222956098672071	0.210577063682155	0.140479972850987	0.0666734978603598	0.0230601836850248	0.0061258869949911	0.00108744735203619	0.000138220544040966	1.76655588585765e-05	
1.25204526409449e-05	2.31146817986674e-05	0.000358200518940016	0.00293340721812955	0.0114914255317378	0.0378218218622359	0.0945508370442671	0.17109213943639	0.220900195118734	0.213334490094742	0.143945101397945	0.0707164796277981	0.0248925860736816	0.00672718141727517	0.00108654414241603	0.000111566864148235	2.38851711919563e-06	
1.38322749202785e-05	4.74689768851898e-05	0.000360217098132824	0.00243999017792891	0.0108831876712587	0.0366052854008661	0.0924624389198141	0.16721829445122	0.219245294897744	0.211396345805794	0.147036427392328	0.0757139043221929	0.0276106848813967	0.00754829939500558	0.00132466187119547	9.36664633180977e-05	
3.19727033820912e-05	8.64892667945161e-05	0.000267266967106607	0.00198917553262488	0.00993233582637642	0.0343402355053457	0.0887777207994542	0.165620970430526	0.218816836142689	0.214003780228949	0.150671442291754	0.0765175083144549	0.0286792433209643	0.00831170002278443	0.00168970305118923	0.000252949093868753	1.0670501735528e-05	
1.31398438201274e-05	0.000179798158781328	0.000358157932292406	0.00168870318255181	0.00949104914227726	0.0325222408378649	0.0839185455639051	0.159687122436015	0.220150424776552	0.218632461813106	0.154919575020131	0.0801392854545156	0.0288234136777766	0.00777781565957604	0.00141712049341746	0.000227692500752917	4.99936069606029e-05	3.45989970411638e-06	
1.63740711125908e-06	0.000107055236369463	0.000355590244328431	0.00164157860080443	0.00864320938031548	0.0302431432602569	0.0812962494410399	0.155485216358009	0.221452060423441	0.217073516850284	0.158872777755902	0.0831772793389242	0.0316227367232599	0.00826422760582621	0.00154142386583242	0.000196371895700286	2.46000925524877e-05	1.32552004244783e-06	
1.06975723551701e-05	0.000379355365845888	0.00189195319660384	0.00813669023413174	0.0299929586633745	0.0770642998398048	0.150019098084174	0.215258612644678	0.221961050177955	0.165905576535548	0.0852915109861929	0.0326555649724448	0.00913350947631805	0.0019991623217342	0.000264405088356696	3.55548404822746e-05	
0.000259004833702776	0.00129390577360957	0.00687137972677073	0.0285422478302946	0.0759333834631353	0.146614013148776	0.21236965589457	0.224804471790185	0.170997490244704	0.0879880993526499	0.0325642658636026	0.00949050633131068	0.002066253868393	0.000199537077066433	5.78480122921627e-06	
0.00020640066630703	0.00128852877903966	0.0066037483142764	0.0268515540425808	0.0726299648777804	0.142168058504357	0.211329833054971	0.224244513587859	0.173495701857495	0.0937979512223798	0.0348098594218321	0.0101721115604415	0.00215712838960689	0.000231692987094747	1.29527339791638e-05	
8.20544330164214e-05	0.00107268006592353	0.00662841568220368	0.0274589434919232	0.0719443910602437	0.142176176383631	0.207855100925051	0.223147696305626	0.17456641250715	0.0959433536061421	0.0366193680112029	0.00985140120973417	0.00230045328131759	0.00031501750570653	3.8535531129177e-05	
