# <P(U)> as a function of N_tot.
# number_of_species: 1
# species_total_upper_bound: 462
# species_total_lower_bound: 439
# volume: 729
# Bin widths for each
10	10	10	10	10	10	10	10	10	10	10	10	10	10	10	10	10	10	10	10	10	10	10	10	
# Bin lower bound for each
-2140	-2150	-2160	-2170	-2180	-2190	-2190	-2200	-2210	-2220	-2240	-2250	-2250	-2260	-2270	-2280	-2300	-2310	-2320	-2330	-2330	-2330	-2340	-2350	
# Bin upper bound for each
-2000	-2000	-2010	-2020	-2030	-2040	-2050	-2060	-2070	-2080	-2090	-2100	-2110	-2120	-2120	-2140	-2150	-2150	-2150	-2160	-2180	-2190	-2200	-2210	
# Normalized histogram for each
0.000128765097391886	0.00055778395044483	0.0039790124036528	0.0161275869673375	0.0486054435314894	0.108631006338245	0.185421294433246	0.221241470891212	0.195884183039326	0.131561298724921	0.0637147980148925	0.017371771361929	0.00475554098578933	0.00183518126975315	0.000184862990369886	
4.44025070709111e-05	0.000533131118797177	0.00314204181391617	0.0131863404642756	0.0456649681829696	0.0996793386404615	0.179098039079926	0.220068458129715	0.200665766675512	0.138744739619936	0.0692964339970279	0.0227574890096269	0.00541973990968079	0.00139228200137603	0.000296593695536374	1.02351541722778e-05	
4.48339986652673e-05	0.000561115918226779	0.00238894583983868	0.0115409161290233	0.0414687617962742	0.0934481789988184	0.172733343881606	0.219249769055006	0.20413418600843	0.142424793078429	0.0759606164029944	0.0271427638118081	0.00726602506450837	0.00132598086463441	0.000299712210255485	1.00569414814213e-05	
7.61261657062121e-05	0.000379775478354586	0.00262335899124666	0.00977307559818137	0.0373284925697285	0.0875617310110317	0.163573746348238	0.219391255055314	0.20887682413145	0.152434754277334	0.0777086412917965	0.0310072992473696	0.00786704436856884	0.00113365002025625	0.0002552831481241	8.94229729950397e-06	
2.33276976578039e-05	0.000398395816121883	0.00227810043351432	0.00877462619348151	0.0328927678106972	0.0845898022731651	0.157572567389275	0.217555457237156	0.209089089905582	0.157073322921034	0.0846989028999661	0.0339412446707319	0.00936472172913147	0.00162143367903818	0.00012354158249388	2.69776095362358e-06	
1.14595662245961e-05	0.000172920902754595	0.00173458316894783	0.00830431296976318	0.0302332598656591	0.0812595470041375	0.149439777371451	0.213253201723772	0.214665099314133	0.161088228860024	0.0901351786238152	0.0358894646596461	0.0112841953456142	0.00222465744590452	0.000271868329742142	3.22448484112774e-05	
9.24713171823581e-05	0.00141317560578345	0.00774156342734243	0.0275864113399401	0.0739474880866513	0.147748720518575	0.206887823564098	0.217468869759104	0.166533922623053	0.0964655119337144	0.0397916816231421	0.0118883043992207	0.00210946260718633	0.000305485601406004	1.91075936014566e-05	
0.000142719775356851	0.001319165710042	0.00601645611398659	0.0262912369264161	0.0695943853183103	0.13999016043195	0.209216395406487	0.216945330070834	0.171377715743801	0.102236731625067	0.0412951494168095	0.0127904859409909	0.00243925400262293	0.000322905476168893	2.19080411560016e-05	
5.86061741129243e-05	0.00107550249250475	0.00545734357536944	0.0236961393420396	0.0640960678741862	0.130193932581992	0.20323361941594	0.225269382487335	0.17750622175816	0.105846789522103	0.0459622880357238	0.0143570079045473	0.00275084709680853	0.000437249577401966	5.90021617758494e-05	
0.000131586890851386	0.000836812876183993	0.00497230973193517	0.0201506582175654	0.0603404846688113	0.122411376827134	0.195394012222269	0.227235168821595	0.188199000529777	0.111111890885279	0.0507205259520052	0.0148386150583412	0.00327707182961523	0.000333672455346786	4.68130332907656e-05	
1.67709835151614e-06	0.000109490563806125	0.000787996639733798	0.0037944749512184	0.017412992736487	0.0565521557222556	0.119709603232871	0.189710171050455	0.228571574604482	0.194080928939985	0.115948350801377	0.0520921921727903	0.0169042729031938	0.00381164524386487	0.000504167709196257	8.30562993131803e-06	
3.45479037215805e-06	8.53252877960896e-05	0.000655767419012884	0.00340730709053142	0.0150026280510017	0.0504214603222146	0.113864989684639	0.18680589846805	0.227342239407974	0.199520009101364	0.123530529018391	0.0566123643251597	0.0178206925231748	0.00419459757557274	0.000698349718948786	3.43872157972941e-05	
5.87209140953137e-05	0.000549345382137579	0.00338479542259244	0.0137921148080508	0.0473317842349748	0.106447620543528	0.182228003041294	0.228973781432736	0.199442616591097	0.132226422710683	0.0610430374564025	0.0194081445266092	0.00456988294162259	0.000512203601774013	3.15263924036315e-05	
6.07251531348604e-05	0.000384701609429055	0.0031624482845226	0.0128837034856973	0.0421443187614488	0.103603567892887	0.177977822977924	0.224625447173735	0.206339493490108	0.135636453955091	0.0642829278873687	0.022498137993538	0.00563616054553581	0.000714480873088762	4.96099164910636e-05	
1.95132211995604e-05	0.000375960240654242	0.00264453757138449	0.0132020997548941	0.0396483849832864	0.0995935792903207	0.173251441745924	0.222208708122229	0.212607045728076	0.139567983897293	0.0673856020870548	0.0222215074724062	0.00604388953400113	0.00114226758844037	6.15162566630209e-05	2.59625061722965e-05	
2.9970638764224e-06	0.000327678983822182	0.00226444826218581	0.0116306891348775	0.0377365307786805	0.0957670135823605	0.170998395238798	0.220018788260434	0.213360977362511	0.146731585290277	0.0704603057204958	0.0232115104569224	0.00637483811692479	0.00105188616884992	6.23555789844549e-05	
2.07887070463653e-05	3.8937578277319e-05	0.000413381789719588	0.00205016249014393	0.0107566709888478	0.0367649109063662	0.0953829601567931	0.17189472400764	0.215869109020764	0.212376276257498	0.144451073365492	0.0752274837266496	0.0269811019103667	0.00647766212180433	0.00115789798453485	0.000136858988055238	
6.83354050958475e-05	0.000119918684185189	0.000244647384748483	0.00214029142562334	0.00985174285552925	0.0351246470132162	0.0903962134887621	0.173457317863547	0.219784658884005	0.211140396002014	0.145764394948454	0.0745996221151616	0.027388399119568	0.00779148015067957	0.00179338972718168	0.000311738820091372	2.28061121375705e-05	
2.77342686182074e-05	0.000242715877433897	0.000158200206792615	0.00164723503701335	0.0100316818889236	0.0339771047868773	0.0866717228371763	0.166033250434127	0.222272193138164	0.215273475068575	0.149536201795195	0.0765577407369389	0.0285321621923004	0.00720746357066893	0.00136669224291379	0.00035160160067757	0.000105521507227854	7.30281037580016e-06	
3.42968544639928e-06	0.000165604811554708	0.000202678078046739	0.00169434626969854	0.00896274798156887	0.0319344544648421	0.0842287466271698	0.159722247740715	0.224272194209041	0.213372980497094	0.154439225606424	0.0815229697874926	0.0297203475316595	0.00791122275553831	0.00152163710971915	0.000270863491088248	5.15269408732845e-05	2.77641202803752e-06	
1.26354026046863e-05	0.00029607601458207	0.00188650636824291	0.00838729873026432	0.0297694161302734	0.0779831777956032	0.154307204951121	0.218377174104435	0.22095993191556	0.164118065201938	0.0821796803161622	0.031650949856201	0.00822890784471009	0.00154950795296696	0.000281647199994783	1.18202153398679e-05	
0.000262287103087488	0.00128862090622378	0.00629610401714299	0.0283316185970132	0.0746587051770798	0.149463035519353	0.219738423224107	0.223359716568123	0.168211385606457	0.0863031360945645	0.0312570663600124	0.0086263493688484	0.00198203940115372	0.000221026639615983	4.85417217311823e-07	
9.03852942408293e-05	0.00122079978620248	0.00640195927875248	0.0260049580282763	0.0716698742942388	0.14135310694463	0.218120057677465	0.229400828465385	0.171139169819449	0.0912592314856734	0.0320918850678787	0.00859577710013183	0.00232544689066211	0.000318063696503254	8.4561705114986e-06	
3.93670758382112e-05	0.000885997313673289	0.00587966326228767	0.0254656565519474	0.0689900067154199	0.142829306978346	0.211669385455342	0.229972297801452	0.173178465161844	0.0930376548461466	0.0359807136250799	0.00902950554397164	0.00264386424041664	0.000342477685971535	5.56377422632783e-05	
