# <P(U)> as a function of N_tot.
# number_of_species: 1
# species_total_upper_bound: 462
# species_total_lower_bound: 439
# volume: 729
# Bin widths for each
10	10	10	10	10	10	10	10	10	10	10	10	10	10	10	10	10	10	10	10	10	10	10	10	
# Bin lower bound for each
-2140	-2140	-2150	-2170	-2180	-2190	-2190	-2200	-2210	-2220	-2230	-2240	-2240	-2250	-2250	-2260	-2280	-2290	-2300	-2300	-2310	-2320	-2330	-2340	
# Bin upper bound for each
-2010	-2020	-2030	-2040	-2050	-2060	-2060	-2070	-2080	-2090	-2100	-2110	-2110	-2120	-2120	-2140	-2150	-2160	-2170	-2180	-2190	-2200	-2200	-2210	
# Normalized histogram for each
8.79243264630242e-05	0.000372864273333936	0.0046803421558882	0.0142111763216532	0.0526902808612351	0.108703775617119	0.180091001677889	0.214760866184874	0.193497833235233	0.14289494101336	0.0700528929952806	0.0147110423998782	0.00261412048400713	0.00063093845378559	
0.00053188196618762	0.00177484043541014	0.0144463377523792	0.0444581645918111	0.0996012107034526	0.179964258835105	0.225746833958342	0.186890942204875	0.145758465312825	0.0745449273284701	0.022313792440597	0.00362543128866937	0.000342913181875939	
0.00177773109858617	0.00296058946636214	0.0103642153490939	0.040933442264201	0.0938392362901636	0.175315278242896	0.210012457030991	0.195085542009981	0.14728308452272	0.0879697105612723	0.0283937661470067	0.00566377380028977	0.000401173216436394	
0.000216063141677641	0.000559372955726698	0.00192065614874709	0.00860409546404043	0.0381919358061888	0.0836616980684126	0.165245603157767	0.218637111278496	0.187115804719912	0.161357320612082	0.0895594532321509	0.035155095759526	0.00893374120588853	0.000842048449384007	
0.000156464520810211	0.00126719067952885	0.00142279550516978	0.00787996592168349	0.0310564879904883	0.0839715853552647	0.152397302964315	0.222955064593197	0.20086519721837	0.152008720747797	0.0943386494016951	0.0380741796573771	0.0112241801302094	0.00238221531409393	
4.44023692434004e-05	0.000727193518929652	0.00267838442398398	0.00860065514439148	0.0295895713076917	0.0792875514187814	0.158455300218661	0.208392047787003	0.2076539631209	0.15497013312333	0.0947839782847281	0.0370106314352019	0.0139473706257383	0.00385881722141702	
0.00020422598352245	0.00264331516884342	0.00910133925754723	0.0271155653406921	0.0715853581592431	0.143433055386751	0.207919485151277	0.212295400432361	0.161964487924101	0.100178656226236	0.0436761341183581	0.0153377034373059	0.0044307076181273	0.000114565795634545	
0.000495326992018885	0.00311166956524684	0.00732406577942454	0.0272963274678715	0.0674398283543798	0.133436858085853	0.206840084739018	0.224682863718187	0.165399419832385	0.103138933717628	0.0436217970971298	0.0136989665023479	0.00313707094945294	0.000376787199057101	
0.000286439484181724	0.00173567721434762	0.00578883648768391	0.0247977071858173	0.0645308397139825	0.120341909748031	0.197118240271606	0.22297406951797	0.179566721736619	0.1120595080057	0.0502453804533047	0.0171182078138744	0.0028303142233027	0.000606148143580023	
0.000186760314030219	0.0018172887178009	0.00709006963857189	0.0243555916379135	0.0651469436973084	0.119593118351461	0.184533687637832	0.199456604236986	0.190697630787651	0.119641727200318	0.058186497655689	0.0225365973464685	0.00638310936308763	0.000374373414882495	
0.000124399410721696	0.00100627194563235	0.00617310774437455	0.0247120281449407	0.0625021833800683	0.116404618455931	0.178901689531449	0.202841759689308	0.192748366405684	0.122144884415054	0.0622712776245506	0.0229303900091936	0.00720238506048282	3.66381826098144e-05	
9.90886429767262e-05	0.00074101072139117	0.00595135006121955	0.0267737513323114	0.0639070048777462	0.111896927131935	0.174632101101435	0.204138975699157	0.195482936504859	0.125776230271667	0.0578177923567329	0.0243447871188211	0.0075876051308961	0.000850439048852424	
0.000355951284064453	0.00449792986226899	0.0196590702007463	0.0617924616671123	0.109531660078446	0.174741424384196	0.205922075621765	0.186522730640252	0.141347573655518	0.0646238923358068	0.0232015518794739	0.0065765831742339	0.00103038529597605	0.000196709920140882	
0.00024346690151428	0.00328260546524426	0.0148506414513314	0.0572365499228882	0.120061085006049	0.177368156376272	0.199682317670576	0.191430468791321	0.133758197068826	0.0677467641989477	0.0262415342780409	0.00572902805494292	0.00193850026067749	0.000430684553368365	
0.00208533373153195	0.0148395543185161	0.0523495165185866	0.104469837323133	0.184300267221367	0.204860164569468	0.195369378410806	0.135423413036722	0.0751293132636602	0.0215244293113537	0.00605545494481071	0.00281112015932575	0.000509613197505934	0.000272603993214418	
0.000133260563446033	0.00907020624830772	0.0456659335921021	0.094873882032996	0.174556908626542	0.206878961212688	0.206654879755683	0.149740736056659	0.0797619643795363	0.0230438919553908	0.00717909455813089	0.00204983605555523	0.0003904449629629	
5.36102812972698e-05	0.000557546925491606	0.00929354845627133	0.0398035719293268	0.0949512311394907	0.177144864877348	0.211313583855552	0.20454631680872	0.146806394304444	0.0774792280779312	0.0300654705250673	0.00567444208192641	0.00131056518432864	0.000999625552804478	
0.000475224271795845	0.000732299517801447	0.00888490976415576	0.0375046022145775	0.0935753895460392	0.1721463431249	0.207303207682738	0.204033405184648	0.154451132185334	0.0771412259488672	0.0320962904934061	0.00876326532598277	0.00193252464110836	0.00096018009864553	
1.04427736006683e-05	0.00118565644881434	0.00659661975451449	0.0328850973587816	0.0892881241565452	0.161109504530557	0.22031922755607	0.202745646166699	0.168294132767817	0.0756876164770902	0.0305274403958614	0.0107970246128141	0.000530171582803162	2.32954180322601e-05	
0.000539043041010912	0.00792805432131491	0.0309719422844111	0.0882786020116731	0.156336220621346	0.194600194928308	0.20727780839808	0.16253400335225	0.101477478991868	0.036300144337462	0.0117102453736853	0.00196221364853747	8.40486900526759e-05	
0.00284600207918275	0.00923401748959604	0.0233425276553835	0.0830353493252312	0.163288262916842	0.208047016565872	0.215135871052047	0.161963025307452	0.0861983784949421	0.0364009861634572	0.00906343438504791	0.000910849407304175	0.000534279157641318	
0.0018985603642188	0.00953804343512432	0.0247439880244654	0.0722032348547744	0.152236443786898	0.210527485471092	0.23416821308324	0.160319612160311	0.0913666301029763	0.033454189294088	0.00836652374549767	0.000757995463139197	0.000419080214175388	
0.000754408480633342	0.0102513893439051	0.0289913769006736	0.0777348810228697	0.148081969036191	0.200402902218442	0.235029049234922	0.167025586770501	0.0828203756413223	0.0368690845809126	0.00730438729107243	0.00379082747489563	0.000864113299530223	7.96487041306119e-05	
0.000608386028282603	0.00938369319709797	0.0272877298530909	0.0698938557419738	0.157342734415986	0.203417689338108	0.229841334687262	0.163604408006595	0.086312196082523	0.0409977236957541	0.00887009194858403	0.00165689673161506	0.000268189493143901	0.000515070779983218	
