# <P(U)> as a function of N_tot.
# number_of_species: 1
# species_total_upper_bound: 479
# species_total_lower_bound: 456
# volume: 729
# Bin widths for each
10	10	10	10	10	10	10	10	10	10	10	10	10	10	10	10	10	10	10	10	10	10	10	10	
# Bin lower bound for each
-2310	-2310	-2320	-2330	-2340	-2350	-2360	-2360	-2370	-2380	-2400	-2400	-2410	-2420	-2430	-2440	-2450	-2450	-2460	-2480	-2490	-2500	-2500	-2510	
# Bin upper bound for each
-2150	-2160	-2170	-2180	-2190	-2200	-2210	-2220	-2230	-2240	-2250	-2260	-2270	-2280	-2290	-2290	-2310	-2320	-2320	-2330	-2350	-2350	-2370	-2380	
# Normalized histogram for each
5.46171121966566e-08	0.000111691994442163	0.000535575402200414	0.00227371038074681	0.0113749421058611	0.03363791476235	0.0872189949577482	0.167722815970917	0.216523314952855	0.218288430784826	0.148292996775406	0.0758808101683955	0.0286662282733128	0.00799731065339544	0.00138181293857541	8.49296094658009e-05	8.46565239048177e-06	
4.59128033035716e-05	0.000363133521947006	0.00231472935938365	0.0095917715479839	0.0339355955820364	0.0853105962745682	0.160208311380303	0.218116808205545	0.217319066391395	0.155721253661985	0.0776080515588165	0.0297445300819096	0.00792338694526212	0.00165000851059908	0.000143114102531682	3.73007243087559e-06	
8.51931132023859e-05	0.000352750205267384	0.00201210055139745	0.00914415074012259	0.0331768636007002	0.082056452765949	0.156935210394617	0.219432101304593	0.215581685520117	0.158047954388719	0.0819968337728593	0.0314754832132878	0.00790736686809074	0.00161478447437252	0.000179990009907004	1.07907679800362e-06	
3.43206214133738e-05	0.000519658388590252	0.00193213784066719	0.00753809077130882	0.0302541935004178	0.0804048109213928	0.153418619448963	0.211201345670079	0.218600753114044	0.166770526506349	0.086544322900475	0.0319657526533827	0.00884399849786668	0.00170293858871665	0.00025980225503185	8.72832130136038e-06	
1.61661173803338e-05	0.000244770206778746	0.00159664821053015	0.00716761160696849	0.0285751856825053	0.0785262099416631	0.149069504322972	0.209089198776843	0.219975776863313	0.171022766233169	0.088551752407124	0.0351216494907998	0.00923568115989831	0.00151473264930766	0.000270646844330488	2.16994864165555e-05	
2.51360678462387e-05	0.000317706951962116	0.001603907676841	0.00680248881593316	0.0266585260328483	0.075362030847565	0.144364312889673	0.209039415458045	0.22421140576588	0.169577029560825	0.0915182654257648	0.0367005469575999	0.0110025855088843	0.00245135995566559	0.000331785307558399	3.34967771083996e-05	
3.06312657736737e-05	0.000171654784220143	0.00129320525075391	0.00602293384087291	0.0241083295660866	0.0706732398570113	0.14580896003153	0.210210353008744	0.224750682987455	0.17105995006614	0.0938681809864932	0.0389490418153775	0.0105153925374946	0.0021787915971093	0.000297716316720324	6.09360882176102e-05	
0.000191183211350211	0.00107452146390628	0.005953012128491	0.0223082625259959	0.0685813460353558	0.140448497098112	0.20895536111402	0.223140295779035	0.179439589451192	0.0965706443456368	0.0386924569953388	0.0117382356901624	0.00263614118940005	0.000252390130180316	1.80628418236397e-05	
4.76130041204065e-05	0.000792132041059317	0.00560082729912589	0.0200102785186215	0.0649860785138983	0.138078802739651	0.209285168461953	0.224937466345705	0.182386657189152	0.100509088275328	0.0387192985431893	0.0116344802577014	0.00261827891043339	0.000376595410597259	1.7234489463973e-05	
4.43369238676898e-05	0.000602007970018719	0.00490008804283534	0.0196330098306197	0.0617122931068095	0.132828718990584	0.207992812658064	0.22727666229423	0.182948428685027	0.102218805652941	0.0443579022623787	0.0120207862126669	0.00284796929692931	0.000560770756184226	5.54073168433926e-05	
8.89919975319553e-06	4.09802655301473e-05	0.00057806345063504	0.00491603879699519	0.0194918842594251	0.0604623167231784	0.129882007597939	0.202599950647895	0.231033772792663	0.182624103735225	0.105790885066066	0.0456513566006024	0.0137013068200171	0.00277940685625112	0.000413208521873684	2.5818665950629e-05	
1.01531615455187e-05	0.000542587160201549	0.0042452354909942	0.0193189281307356	0.0584481091226488	0.128163523729759	0.201666564215381	0.228247430781097	0.188289056536225	0.108317734803173	0.0455267763701057	0.013193371265692	0.00340450957084462	0.000603837210829406	2.21824507679266e-05	
8.34015547040706e-05	0.000483839118345925	0.00406707819140728	0.0172090712925848	0.0603314185107081	0.12707385672846	0.196194367791167	0.230411741089204	0.189534464632759	0.109900788483253	0.0466209185742639	0.0141047167900652	0.00344308042073359	0.000525787623088171	1.54691992553425e-05	
3.98206007376697e-05	0.0004957968555091	0.00322160258200973	0.0169213804371827	0.0560898290895398	0.125200718471887	0.199282444925237	0.227951620565899	0.188205524669276	0.115731589489261	0.0474826697542268	0.0151976068316024	0.00350366056809472	0.000596535795516742	7.91993640191656e-05	
1.87414238063018e-05	0.000631382629580045	0.00321561062773932	0.0152787121772923	0.0536409777439272	0.120869267906675	0.196827544111184	0.229920336857582	0.190023363025941	0.118247117379406	0.0505671643989452	0.0162254563605397	0.003920255186744	0.000512173983727058	0.000101896186911682	
4.72372972171286e-05	0.000873453626256214	0.00371854621926801	0.0155328888045478	0.0506053274180164	0.120334396427071	0.194299276423881	0.228647337084644	0.191854937205759	0.119621418699675	0.0528790996287508	0.0173650522874879	0.00354339730314306	0.000584575189695113	7.59287733559389e-05	1.71276112311529e-05	
3.24989498776821e-05	0.000510937656993625	0.00285470775725559	0.0141196020936907	0.0472363570085475	0.11669999163152	0.194023768106993	0.230758468616983	0.195686468547652	0.121880540901689	0.0546834913730183	0.0169175991834097	0.00372920033354756	0.000759662953390819	0.000106704885431723	
0.000321137098893333	0.00271917511633795	0.0143572751312804	0.0466052598910826	0.114579079343043	0.189707449715859	0.227754048981337	0.200358160778681	0.122836111962136	0.0578585730308705	0.0186312377189446	0.00342934967475945	0.000713171765351612	0.000129969791423825	
0.000289127457011556	0.00255732663898072	0.014411171157355	0.048418637823557	0.112836768952471	0.190415509212868	0.227049357634925	0.197043221096621	0.12318550600627	0.0601619832629567	0.0185197327719465	0.00405834961320421	0.000859485689688524	0.000187886556166862	5.93612597744577e-06	
5.953881452758e-06	0.00029736633604417	0.00236177913994817	0.0131378129645496	0.0470393232020848	0.11134686903673	0.191649435460062	0.229309920559381	0.193633279684674	0.124270943119402	0.0580358691315008	0.0225117896411749	0.00512126663638745	0.000969390221487121	0.00030807239810601	9.28587015567761e-07	
1.98979177503123e-05	0.000286120193992296	0.00245251272954459	0.0132088201807378	0.0480075282073206	0.108988175244467	0.188846499913129	0.226093838148719	0.199737994572452	0.125755541192626	0.0594396638513719	0.0208702195252605	0.00501459881645675	0.00100789154653411	0.000270697959638395	
1.68121113148329e-06	0.000262160471277104	0.00244621642892534	0.0127593620682324	0.0444311562480747	0.111101807204348	0.187562530207568	0.220759833675071	0.20149168982761	0.129678268252747	0.0603190895341462	0.022751667544512	0.00548036866031552	0.000799497241946022	0.00014653653152477	8.13489257169335e-06	
0.000393046746474467	0.00272012877001058	0.0118643422311328	0.0437392661176599	0.108595260502799	0.189677948028107	0.224866685773031	0.198921888965343	0.126684178682375	0.0624302069038524	0.0236879113086009	0.00531756154594586	0.00107607775601775	2.54966686504581e-05	
0.00023154058336472	0.00343552519513657	0.0138389984117308	0.0453994250309175	0.107636768148557	0.188386196104737	0.225990727053069	0.197857252048964	0.122715646433108	0.0616551485022252	0.0247940925337329	0.00696099209801705	0.00100882458643935	8.88632700011782e-05	
