# <P(U)> as a function of N_tot.
# number_of_species: 1
# species_total_upper_bound: 479
# species_total_lower_bound: 456
# volume: 729
# Bin widths for each
10	10	10	10	10	10	10	10	10	10	10	10	10	10	10	10	10	10	10	10	10	10	10	10	
# Bin lower bound for each
-2310	-2310	-2320	-2330	-2340	-2350	-2360	-2360	-2370	-2380	-2400	-2400	-2410	-2420	-2430	-2440	-2450	-2450	-2460	-2480	-2490	-2500	-2500	-2510	
# Bin upper bound for each
-2150	-2160	-2170	-2180	-2180	-2190	-2200	-2210	-2230	-2240	-2250	-2260	-2270	-2280	-2290	-2290	-2310	-2320	-2320	-2330	-2340	-2350	-2370	-2380	
# Normalized histogram for each
3.60803466022416e-08	7.71397810355925e-05	0.000403919480212095	0.00218340217463465	0.0111605171323918	0.0354139786808448	0.0889581150472364	0.164861206122691	0.216338588075012	0.21467485113249	0.150253969559733	0.0773028642022347	0.028859586836735	0.00797801407999446	0.00136455870849678	0.00016337180941495	5.88109649616538e-06	
5.12873985201582e-05	0.000300975099408585	0.00217215306484073	0.00983703853206731	0.0349605731281967	0.0863455295921973	0.160380784210671	0.217408509470898	0.214550743863982	0.156567001283556	0.078001131210165	0.029823965117928	0.00787761447980772	0.00151281584023394	0.00019443013077276	1.54475767534326e-05	
6.11583584770028e-05	0.000319209006258669	0.00183294049529539	0.00893778118469313	0.0330296665247329	0.0828549871783968	0.158494991829698	0.218021774505334	0.214677338723314	0.158602152064313	0.0820154529388739	0.0314441990853294	0.00795083506893395	0.00158362168511403	0.000164946541986438	8.94480924910314e-06	
2.83057367179853e-05	0.000427388247763164	0.00163403555562334	0.00788023906642147	0.0295250825894358	0.0806938381639012	0.154579508171863	0.212086407695188	0.21750770116449	0.165955221956171	0.0863056100870579	0.0327187358615417	0.00858110755239975	0.00176985343268245	0.000273302883975033	3.36618347686316e-05	
2.22332416940731e-05	0.000194103694340391	0.00138977388650448	0.00724882191476746	0.0280463243687214	0.0780403913407412	0.151440565959123	0.211521744056846	0.219873234834957	0.16749114640554	0.0888565243947375	0.0347268246559156	0.00922907929576653	0.00153409367689104	0.000320151542917383	6.34878603110049e-05	1.49887022656673e-06	
1.9032530067233e-05	0.000245650774480432	0.00126763029866789	0.00677756547429579	0.0268759526676217	0.0745688502838452	0.14685900698182	0.211164680614475	0.222274787132493	0.168555595065875	0.0923906704309727	0.0362239729708301	0.0101914768219049	0.00220805702642201	0.000269716115105481	0.000102322000566298	5.03281055781581e-06	
2.01327063610448e-05	0.000177332310558474	0.0010834828952634	0.00603476979180028	0.0245053299283909	0.0716891701809802	0.146708247082447	0.211672556943465	0.222100619404346	0.170381806584625	0.0943638899778708	0.0383908539296343	0.0103226071304038	0.00218116238808513	0.000256110911115103	0.000107958508888089	3.96932576567668e-06	
0.000147342022084717	0.00105954136349029	0.00585400911574646	0.022758095455012	0.0683838953302955	0.14333876375807	0.209772064692195	0.222589420433531	0.176511362407126	0.0962045391610789	0.0388846869525947	0.0115396376068396	0.0027129026697879	0.000216345766345639	2.58494775587222e-05	1.54378824309035e-06	
5.28392265643695e-05	0.000990989532825027	0.00552115481581284	0.0208577403261211	0.0659977907687113	0.140633887813757	0.209326188811831	0.223472984457501	0.179489590490913	0.0996429505395081	0.0393526309253332	0.0116394364406161	0.00268485690912444	0.00032549108726362	1.14678541169923e-05	
3.88994874116834e-05	0.000682861143947277	0.00470805473803131	0.0195745539095275	0.0616426350180929	0.136384921305046	0.208146548195912	0.226284180850538	0.180643836293259	0.101999396781408	0.0446008617619145	0.0122483608751537	0.00256740304072315	0.00044057817543337	3.6908423601038e-05	
5.93363710380931e-06	3.47593926636731e-05	0.000690279783076483	0.00460387972693402	0.019226632448871	0.0599763614153453	0.132663855465684	0.204977530378482	0.230107216060905	0.180791366250344	0.105277959215622	0.0449427226376643	0.0135477388392407	0.00279368088159782	0.000341623662143392	1.84602043229623e-05	
1.78037310058979e-05	0.00063002354110312	0.00416334536160281	0.0186078108985742	0.0571445948628311	0.129451038726064	0.206410485844652	0.228456186142247	0.18578355491852	0.107823781398197	0.0450638602875247	0.0128376327377807	0.00315056003423624	0.000444503503519923	1.48180121415548e-05	
5.97782689448584e-05	0.000444881200800573	0.00385183812662405	0.0172473173306981	0.0578429750607709	0.126526514934273	0.201338209710697	0.230272987428182	0.187365535658877	0.110332780402728	0.0474310417594958	0.0137610604503149	0.00307637501047774	0.000437307816174103	1.13968409427467e-05	
2.74220689862592e-05	0.000433924755611867	0.0036118255755907	0.0171408202854903	0.0551806111818941	0.124918950094488	0.200672120808072	0.228874391886134	0.18755604201061	0.114039833946104	0.0487846347365668	0.0150980972917316	0.00308092842279759	0.000527543109409043	5.28538265138383e-05	
1.25741149122919e-05	0.000588475952742715	0.0035968606011865	0.0159616035942057	0.0523531571076659	0.120536903644484	0.19734287933588	0.231364746864814	0.191720480006696	0.116341316052591	0.0503130161817059	0.0158349405891508	0.00353542812187894	0.000429252996170057	6.83648359160971e-05	
3.21168918384673e-05	0.000654910153551379	0.00338046975515951	0.0155765071092557	0.0509769617301644	0.120221203052781	0.191466482500151	0.22877618620736	0.195461920269705	0.120273494989839	0.0520417516626982	0.016905278607732	0.00361893582273612	0.000550511711836269	5.16243804147188e-05	1.16451547774581e-05	
2.22824765145483e-05	0.000394696933994365	0.00286125567177229	0.0140550434361599	0.0477491189230255	0.1145848501665	0.190451000667026	0.233960135683942	0.198788472041935	0.122097572810684	0.0534091650574076	0.0167675264397367	0.00401637925428647	0.000763323370466709	7.91770665483616e-05	
0.000256258174975666	0.00286799249116113	0.0142731433514431	0.0470846477411856	0.11269600332863	0.187842321853694	0.229733306242152	0.204172701800045	0.122474749549746	0.055844822807986	0.0181579141981446	0.00367266034157299	0.000827712784672168	9.57653345922765e-05	
0.000236490674050747	0.00258581337302625	0.0142613697052982	0.0488856974254822	0.113993206647083	0.188099532960305	0.226246460744728	0.199030733284513	0.124540228117759	0.0586029729573654	0.0182256692824474	0.00425808340632112	0.000835661049447557	0.000193947378189766	4.13299398292952e-06	
2.1141332082313e-05	0.00028155547825242	0.00255601361775067	0.0130879648317547	0.0470835304658172	0.111437935102943	0.189787863622846	0.228944798919173	0.197020134936355	0.125604107870895	0.0569385794960582	0.0206209972142405	0.00532412375915658	0.00101626421275392	0.000274192069950861	7.97069970787386e-07	
1.39823773542781e-05	0.000228340937498319	0.00236684892765018	0.0133401353115202	0.047726552595224	0.109834946561173	0.188569713443112	0.225656548402026	0.200987997057411	0.126749417078856	0.0588323494766764	0.0198717243818027	0.00474904436703066	0.000854364938230101	0.000214964842088941	3.06930234606104e-06	
1.17438535227791e-06	0.000207676790360887	0.0026187278019859	0.0131174676675612	0.0452428547459204	0.110804053538789	0.18745095757298	0.221892194682633	0.200886456370618	0.129304676360801	0.0608375557222173	0.0216726755419135	0.00514634603067411	0.000671142287127596	0.000117779485813936	2.8261015251591e-05	
0.000315993013302089	0.00279361258467901	0.0124130347906655	0.0447707719306719	0.108232864843208	0.189658413205068	0.224872405709191	0.199528406528805	0.127701023890221	0.0615419865670296	0.0221433211962322	0.00509851384512459	0.000903738515819048	2.59133799831758e-05	
0.000162901328040368	0.00320916374978826	0.0134795727463119	0.0451263993286675	0.106394901423642	0.188691711512902	0.22763529602119	0.197644190342652	0.126216700117586	0.0613479800368102	0.02297064266926	0.00607716037263963	0.000915305156411262	0.00012807519409974	
