# <P(U)> as a function of N_tot.
# number_of_species: 1
# species_total_upper_bound: 479
# species_total_lower_bound: 456
# volume: 729
# Bin widths for each
10	10	10	10	10	10	10	10	10	10	10	10	10	10	10	10	10	10	10	10	10	10	10	10	
# Bin lower bound for each
-2310	-2310	-2330	-2340	-2350	-2350	-2360	-2370	-2380	-2390	-2400	-2400	-2420	-2430	-2440	-2450	-2460	-2470	-2470	-2480	-2490	-2500	-2510	-2520	
# Bin upper bound for each
-2150	-2160	-2170	-2170	-2180	-2190	-2200	-2210	-2230	-2240	-2240	-2260	-2260	-2270	-2280	-2290	-2300	-2310	-2320	-2330	-2340	-2350	-2370	-2370	
# Normalized histogram for each
1.75794039703084e-08	5.02243571431711e-05	0.000361379807417629	0.00211631412636955	0.0103473250739434	0.034184715587218	0.0865333679061611	0.164384461564831	0.218529676231327	0.216329016124708	0.152307094607957	0.0764843653175939	0.0288094612352168	0.007730015513824	0.00153726613899156	0.000247939913597229	4.73589142960108e-05	
4.04624063449264e-05	0.000291483735560242	0.00208262075953411	0.00944605930465758	0.0331053547537967	0.0834939473872559	0.159143188718014	0.217858263770075	0.218172751067959	0.156820793985062	0.0795494242590866	0.0300139637413675	0.00802250552028469	0.00161786457702845	0.00030248543928022	3.88305746926809e-05	
5.21198307877574e-08	6.35688202841347e-05	0.00030328529535396	0.00169554496191039	0.00833873859411795	0.030977317189042	0.0802286288497336	0.157008662229011	0.217418516942376	0.218714719760791	0.159562342831564	0.0833788382889303	0.0316595484007768	0.00861080411083004	0.00172181335662742	0.000295727919889735	2.18903289308581e-05	
2.98022557588807e-06	4.04508980212644e-05	0.000373417036192853	0.00164111088378903	0.00765463096467967	0.0283992317849876	0.0779205770581155	0.151257689178053	0.21321225670227	0.220664406609987	0.165896138929542	0.0880486209685848	0.0335973028923682	0.00898947574294191	0.00196543262496857	0.000306300961966274	2.97848275391387e-05	1.91710417162391e-07	
1.39761749543171e-07	2.91403247797512e-05	0.00022485918479627	0.00142663552868061	0.00728854029823899	0.0274516359706771	0.0753172224840037	0.14810938690923	0.211918260061256	0.222370552143467	0.168302968113287	0.090173092830383	0.035492915581737	0.00967160041948091	0.00184398158303522	0.000328020826177823	4.65231923791831e-05	4.52478664146017e-06	
1.97930484001322e-05	0.000270105661369173	0.00123218671220086	0.00678974481881799	0.0254428872543342	0.0723194582732937	0.143635391630378	0.210895659920982	0.223951797051666	0.17225862242918	0.0934192992882368	0.036590592548136	0.0105348673732935	0.00227482894248572	0.000300298741340954	6.17230588267282e-05	2.7432470589657e-06	
1.99366120118192e-05	0.000224139013228864	0.00114948659570764	0.00569995739897426	0.0235686069269741	0.0708510309907501	0.143636243883844	0.210374818047971	0.224604061668916	0.173090918048625	0.094523426597709	0.0386635796580033	0.0109404159034737	0.00222583748731607	0.000364443355179407	6.11667782142724e-05	1.93103310062123e-06	
1.59364165699434e-05	0.000195807773262129	0.001048686260485	0.00567856552496719	0.0225648800852076	0.0679497104834704	0.139494501419663	0.209255709628403	0.223800246580146	0.178024921438282	0.0985868058624508	0.0387972411646186	0.0116181905684049	0.00259166412282347	0.000337116504364188	3.92631274173771e-05	7.5303946429403e-07	
3.91216643582535e-06	9.43677984857872e-05	0.00100221950242459	0.00536375640722988	0.0215384675571791	0.0648660809037429	0.136930583294147	0.207965921576359	0.224751353627209	0.179473190487331	0.102318783340205	0.0406727678605729	0.0119399143397676	0.00267255596918002	0.000369012455703526	3.71127140263432e-05	
5.51631570985166e-06	6.1158381246201e-05	0.000817408016632809	0.00485157306079021	0.020288512535047	0.0615804946907767	0.133029660449128	0.204213617357018	0.227290689564119	0.181657899065222	0.105868244235996	0.044373154883299	0.0127261403426278	0.00269052534109411	0.000499998146446972	4.54076148463673e-05	
2.99734183665615e-06	3.99054386537061e-05	0.000827124460912995	0.00464932058241651	0.0193097274277635	0.0595244243631606	0.130128176978386	0.201180821439089	0.226923766707343	0.185419804859922	0.108037838585232	0.046515375512306	0.0137142754984934	0.00320623350619542	0.000457032554963268	6.02660802423526e-05	2.90866308409236e-06	
4.60460552323057e-05	0.000653250511376348	0.00466211399314265	0.018910377504272	0.0572110184657179	0.126472034270263	0.200232583463474	0.227531841632779	0.188540902635875	0.111192849752864	0.0469847948569681	0.0133219504294844	0.00363060379733372	0.000573709923528375	3.59227076880183e-05	
2.88085209091619e-06	6.93730655682115e-05	0.000539667696037467	0.00418317617092278	0.0180204097813482	0.0573204035204156	0.124734793856155	0.19868836056845	0.228430259661577	0.188776654748468	0.111935436418583	0.0490136007174431	0.014237332074729	0.00341556328987798	0.000561766157728656	6.96951484106742e-05	6.26272193677432e-07	
7.28912172369425e-06	9.45973978981647e-05	0.00053214170460965	0.00389518486529031	0.0180185835352423	0.055735203651524	0.122128965839647	0.197510089747356	0.227310419212076	0.188710096065789	0.11576867880872	0.0510849589044869	0.0151697726891868	0.00332220975151599	0.000614578626708334	8.6126256435493e-05	1.11038217903942e-05	
1.73883691349994e-05	0.00011397448552611	0.000630391122681846	0.00383390235426866	0.0165069939336999	0.0524569451880064	0.119918762256447	0.195660598036208	0.229489688114503	0.191419933327256	0.117960473368772	0.0514166904860435	0.0161706096586296	0.00379865953600123	0.00046249476668349	0.000113400848606192	2.90941475320661e-05	
8.79931134075358e-06	7.38782997058372e-05	0.000727020652306957	0.00384371877142363	0.0162498498729739	0.0505361510188812	0.119042273615628	0.192523221562206	0.228788362124201	0.195216259776933	0.118462919773841	0.0531188207285054	0.0170600150385618	0.00365020575304004	0.000576444681710592	0.000103257224917006	1.88017938240184e-05	
2.95844858955963e-06	7.62024636704754e-05	0.000495244293892283	0.00336445531599593	0.0150791586710111	0.0486275891467969	0.115091790349989	0.192136587088882	0.232873186997708	0.196386102642926	0.120998879823784	0.0533116380436766	0.0170893258726639	0.00366463923288325	0.000688350301828994	0.00010318710080555	1.07042048967703e-05	
2.43152903628278e-06	2.69434871888099e-05	0.000482461845912432	0.00371587697635932	0.0148960832429675	0.04746328587823	0.112165880198135	0.189281430248264	0.232421922351123	0.200837575934328	0.121193110534235	0.0552202032028816	0.0176400995181925	0.00386164356630647	0.000648181277069086	0.000133233488076318	9.63672169526776e-06	
9.18360976119711e-06	0.000314311766490932	0.00324368363662235	0.0151983478214155	0.0474457223253916	0.112301318229139	0.187748538245197	0.231981285763445	0.199414699147848	0.124011037755163	0.0556381737611564	0.0176713705140063	0.00409808603408898	0.000687881410195912	0.000202184610157581	3.4175369921609e-05	
1.02076704315625e-05	0.000393294470695301	0.00299603286050364	0.0136223446957336	0.0470757816364988	0.112014932135672	0.187930211154456	0.229862052127581	0.198398113724037	0.125599891011814	0.0573924184966469	0.0188461517680791	0.00479604584944698	0.000862194599826865	0.0001999470506559	3.80747920182617e-07	
1.94680704540373e-05	0.000295641754025842	0.00302111703421595	0.0138266239145414	0.0467688552356101	0.109862306158515	0.188590273351723	0.228329226540839	0.199550596878304	0.125569145400832	0.0596757674740943	0.019077253488287	0.00449819774792633	0.00073336403344942	0.000180452638096394	1.71027908661636e-06	
3.30052502053255e-06	0.000248268774334534	0.00284536256176176	0.0138896486782583	0.0456572567057186	0.110111805740944	0.186536884917075	0.223520124814551	0.20165443831264	0.128276783122319	0.0611138706661007	0.0205477558618054	0.00483450328739586	0.000650932826839505	9.54599363673364e-05	1.36032688691562e-05	
2.2634848057969e-06	0.000381551106743571	0.00285948751698089	0.0129967667839798	0.0459197146285275	0.108772450441951	0.186625209523998	0.226775482461334	0.200394965423097	0.127118538029288	0.0608618832255151	0.0211868515580046	0.00525454416756915	0.000781373062839535	6.89185853669039e-05	
2.00471798816335e-05	0.000257736449795207	0.0032268312183862	0.0130653534604592	0.0447426288968572	0.104742563711658	0.184702042552716	0.230281609345358	0.201528909735852	0.126991929034513	0.0615299479649135	0.0223819935319895	0.0055779957929327	0.000849009903288653	9.86153735140119e-05	2.78584788545861e-06	
