# <P(U)> as a function of N_tot.
# number_of_species: 1
# species_total_upper_bound: 479
# species_total_lower_bound: 456
# volume: 729
# Bin widths for each
10	10	10	10	10	10	10	10	10	10	10	10	10	10	10	10	10	10	10	10	10	10	10	10	
# Bin lower bound for each
-2310	-2310	-2330	-2340	-2350	-2350	-2360	-2370	-2380	-2390	-2400	-2400	-2420	-2430	-2440	-2450	-2460	-2470	-2470	-2480	-2490	-2500	-2510	-2520	
# Bin upper bound for each
-2150	-2160	-2170	-2170	-2180	-2190	-2200	-2210	-2230	-2240	-2240	-2260	-2260	-2270	-2280	-2290	-2300	-2310	-2320	-2330	-2340	-2350	-2370	-2370	
# Normalized histogram for each
1.62983229384259e-08	4.72814348443737e-05	0.000367934640334966	0.0021804222393485	0.0104905296475784	0.0343396537251789	0.0868376764941316	0.164526256810132	0.219176913177823	0.21573583195751	0.15137760107788	0.0763219496392904	0.0288270556593922	0.00798937271112465	0.00150317802628809	0.00023441877882338	4.39076819961195e-05	
3.80100737109053e-05	0.000293569242248353	0.00214141856198519	0.00949382948108179	0.033257512782189	0.0839221586233272	0.159460085777802	0.217816955200442	0.217741585910447	0.156399884329618	0.0794625811651754	0.0299573727437051	0.00801822179502833	0.00167878910318876	0.000282016522926974	3.60086871242437e-05	
4.83711109022196e-08	5.89966315970738e-05	0.000299900887593761	0.00170369502079071	0.00839598332744549	0.0309024001583993	0.0805217275774506	0.15688300753509	0.217296283857158	0.219074470388738	0.159327457748238	0.0832460369145745	0.0316979598194081	0.00859314397548294	0.00170316293857079	0.000275408981773604	2.03158665789322e-05	
2.76416306234352e-06	3.75182600450251e-05	0.000357498422729761	0.00165174099436483	0.0077323178024548	0.0282325957544072	0.0777943465914556	0.151533164864869	0.213428902250627	0.220663137266883	0.16551140815357	0.0880911287985218	0.0335351010721881	0.00912526200952068	0.00198623705430093	0.000289073263414556	2.76254659271641e-05	1.77811658981162e-07	
1.29667812297997e-07	2.70357388641323e-05	0.000214794731071632	0.0014716162102465	0.0072564701118205	0.0272130920144029	0.0750201232288329	0.148068355619097	0.212458262970311	0.223116600554722	0.167942930213448	0.0897421365913279	0.0353279792521127	0.0098585141012044	0.00190702451546664	0.000327573310817814	4.31631730186957e-05	4.19799542314765e-06	
1.84173056111957e-05	0.000256905257744941	0.00124518757016044	0.00669714623041778	0.0253781101114158	0.0718888344357733	0.143110154631859	0.211857852973518	0.224924882838068	0.171787789665646	0.0929339018249369	0.0365538927116017	0.01071670702453	0.0022745533985139	0.00029567853271588	5.74329135507022e-05	2.55257393558677e-06	
1.85505575292367e-05	0.000210433898673714	0.00112732676964104	0.00568849771061677	0.0235583825137589	0.0705255937882115	0.14289793928396	0.211134611181852	0.225371856528305	0.173064383271094	0.0940155205360095	0.0387280442780117	0.0110252956276579	0.00221170883672966	0.000363144160218932	5.69142759797523e-05	1.79678175021402e-06	
1.48231582559795e-05	0.000184360994660633	0.00102504582717833	0.00568271019979565	0.0226959493651339	0.0679309180881071	0.139051568073497	0.209939787679597	0.224282252089275	0.177924600164853	0.0981015183051507	0.0386410252308723	0.0116000172404733	0.00254972982269255	0.00033847297296813	3.65203525383583e-05	7.00434950557274e-07	
3.63793870591113e-06	0.000103124091334679	0.000987897003990327	0.00539222813061341	0.0215838739550595	0.0644750565879727	0.136349844374882	0.207704161120176	0.225173428076182	0.180421275924082	0.102207871555462	0.0406473938069305	0.0118814586521719	0.00266678932965703	0.000365465355942478	3.64940968381265e-05	
5.13288977353575e-06	6.82294737099575e-05	0.000782790447167289	0.00488822752915345	0.0204874591537093	0.0613029277887737	0.132613736296319	0.204012365081951	0.227235241873237	0.182474512025164	0.106093431698427	0.0442794265311084	0.0125618977405894	0.0026553544597905	0.000493632155101867	4.56348560251651e-05	
2.78740274727075e-06	4.88537688604494e-05	0.000815603939955848	0.00457802037601304	0.0194822463721623	0.0593798428030201	0.130006954652322	0.200696626375117	0.227204282215919	0.186091526628817	0.107938559309943	0.0464906121100147	0.0135576300795921	0.00317099224841439	0.000476711843812819	5.60449380782603e-05	2.70493521036924e-06	
5.0017866488154e-05	0.00066152073072899	0.00465298963826691	0.0191053309367477	0.0573212718283456	0.12631402106378	0.200410053541362	0.227383080331964	0.188607580122173	0.11130539078222	0.0467590854516154	0.0132288873514809	0.00359129277426097	0.000576077000621281	3.34005799449604e-05	
2.67933496176988e-06	6.75824799984317e-05	0.000559465110216025	0.00426966171715283	0.018307446464308	0.0573979949721031	0.125236110152819	0.198848741356607	0.228111455940966	0.188169661081435	0.11178734640962	0.0488688230553545	0.0143494696198197	0.00338142057274596	0.000576739331895013	6.48199358763584e-05	5.82464122123888e-07	
6.78257764114115e-06	9.02566105759717e-05	0.000591617417292757	0.00391766350699093	0.0180503722210284	0.0557820849460356	0.122059900492753	0.197535991198314	0.226881438293084	0.188944931718858	0.115752486577121	0.0509525230397247	0.0153586221268514	0.00338307306927553	0.000601782951349504	8.01410709490118e-05	1.03321821560381e-05	
1.61659647943618e-05	0.000106945356789093	0.000703019477237697	0.00388508132271924	0.0164654851235209	0.0527152279471866	0.119837880372027	0.195959708749312	0.228924044214414	0.191713526437727	0.117958395306337	0.0510499002501641	0.0162284287490518	0.00384788293774912	0.000455830209371743	0.000105428755968178	2.70488256301539e-05	
8.16144211949387e-06	6.85228017950975e-05	0.000724935932262962	0.00386324361126891	0.0162556439495257	0.0511283701738332	0.118671499106514	0.192532483663916	0.228219322067645	0.195652003370043	0.118780212846746	0.0527607918457666	0.0169442531363548	0.00371762016545109	0.00055972502535835	9.57720248716118e-05	1.74388365287961e-05	
2.74260876080991e-06	7.06429529299522e-05	0.000473773197026454	0.00337083238574816	0.0152745522574845	0.0490618798691486	0.114756601450976	0.191364246401423	0.232330959142809	0.196939388246655	0.121407095258515	0.0535092277481929	0.0170044568888332	0.00366025240843435	0.000667767056707741	9.56588692027941e-05	9.92325715274858e-06	
2.24875815637811e-06	2.49182245710428e-05	0.00046152454162372	0.00365155333631051	0.0149944382919597	0.047949840258803	0.112311101007867	0.188977797878442	0.231503286229346	0.200602505143042	0.121818453653359	0.0553146058958735	0.0176707911977785	0.00395994736847675	0.000624857137717124	0.000123218718980365	8.91235769329267e-06	
8.47321719030898e-06	0.000295340180998971	0.00313467172320136	0.015125094576426	0.048059652520731	0.112625818693213	0.187281309152915	0.230933113712902	0.199330491925351	0.124201238104486	0.05602675406606	0.0179194979729335	0.00414114256511111	0.000699325091505303	0.000186544742094945	3.15317548801419e-05	
9.40300551789408e-06	0.000376303938407942	0.00294614701660923	0.0135318602303189	0.0470630113103459	0.111761785360516	0.187655781120612	0.229228355796969	0.19863274621223	0.126274798276721	0.057798871983391	0.0189851858904879	0.00471593294858729	0.000832441564871895	0.000187024610638327	3.50733775978287e-07	
1.78942507310972e-05	0.00027749467512252	0.00297939274672768	0.0137570665148699	0.0466921373766045	0.109653326151551	0.1892070676203	0.228056556267836	0.198884010838096	0.126178884108504	0.0598003951518822	0.0190923627973376	0.00448207499457068	0.000737795008882071	0.000181969478696326	1.5720182885263e-06	
4.88398691225315e-06	0.000273319281277838	0.00284361774974652	0.0138223352749969	0.0457476698197374	0.109651243192107	0.186259070082202	0.224151833786552	0.201539643422123	0.128236302005679	0.0613829845241174	0.0206012923832217	0.0047294221072664	0.000647880935089472	9.30299150888769e-05	1.54715338829937e-05	
2.07838618533615e-06	0.000391534703138365	0.00297453642718465	0.0131925812520554	0.0460726673311628	0.108421193506782	0.186029164546782	0.226481576345185	0.200388219261496	0.127660315611755	0.0614443783037299	0.0209888406125041	0.00511911505575138	0.00076601001246749	6.77886438209238e-05	
1.83855638089277e-05	0.000265046020686014	0.00327573636604405	0.0132385911815422	0.044518613838702	0.104770210510531	0.184442122545711	0.229795317408975	0.201193375051809	0.127908651301167	0.0614855502159678	0.0224759760296333	0.00564520303774267	0.000854619786206452	0.000110046199364972	2.55494210968751e-06	
