# <P(U)> as a function of N_tot.
# number_of_species: 1
# species_total_upper_bound: 479
# species_total_lower_bound: 456
# volume: 729
# Bin widths for each
10	10	10	10	10	10	10	10	10	10	10	10	10	10	10	10	10	10	10	10	10	10	10	10	
# Bin lower bound for each
-2300	-2310	-2320	-2330	-2340	-2350	-2360	-2360	-2370	-2380	-2400	-2400	-2410	-2420	-2430	-2440	-2450	-2450	-2460	-2470	-2480	-2490	-2500	-2510	
# Bin upper bound for each
-2160	-2170	-2170	-2180	-2200	-2210	-2220	-2230	-2230	-2240	-2250	-2260	-2270	-2280	-2290	-2290	-2310	-2320	-2330	-2340	-2350	-2360	-2380	-2380	
# Normalized histogram for each
0.00018008336486276	0.000852216545159147	0.00273698735537532	0.0136043062307445	0.0320128703647769	0.0872947752296349	0.170869099360615	0.221186884182614	0.212781467692141	0.146502650061522	0.0754589995580581	0.0274148943949689	0.00778402713968225	0.00130560439525501	1.51341245894551e-05	
6.40318239458583e-05	0.000544335182149842	0.00267303759599438	0.0103673344043249	0.0351613621367019	0.0858362769646742	0.162119135153846	0.227982527978997	0.209998252383957	0.151218202216639	0.0761713522654524	0.0281320907968676	0.00788846199568956	0.00174101882522688	0.000102580275533466	
0.00014002625904199	0.000471654059868132	0.00194718868456038	0.0102752662811573	0.0363214176689315	0.0835761616762195	0.158626434904833	0.227377554006101	0.213945297506379	0.150273900233128	0.0785136738493168	0.0298331964117289	0.00682174986697505	0.00158717547013658	0.000286768709694138	2.53441192836181e-06	
6.64416877296045e-05	0.000683040683705101	0.00177945436777337	0.0087231140816362	0.0341272443888862	0.0824401666176324	0.153028671349967	0.215697024897261	0.215627940642406	0.166220869787127	0.0814460580322841	0.0305878403154571	0.00764079408890452	0.00154212667258769	0.000368826868817179	2.03855178261286e-05	
3.03887588716026e-05	0.000282791260243178	0.00176631521606596	0.00825770571651482	0.030774897026686	0.0814980050784388	0.149875977447523	0.211933841411616	0.219903356212385	0.169684174149689	0.0841625467085898	0.031765796597991	0.00808667476782423	0.0015962888544455	0.000381240793116469	
2.22096751267432e-05	0.000441355599602003	0.00158429015904102	0.00760422260214476	0.0293373768103353	0.0782311128922722	0.144274419784576	0.211527783810035	0.226736722562661	0.167045012595354	0.0887994634142489	0.0330769925533427	0.00869373055419556	0.00237211669062021	0.000253190296444873	
7.09625343027597e-05	0.000216668910242352	0.00141811629385497	0.00600761504879651	0.0261525298710675	0.0731659020863237	0.142938711058206	0.214982699258511	0.228299707427647	0.169464582006725	0.0883711690945181	0.0369940421721644	0.00966275276148875	0.00198190921736517	0.000272632258786624	
0.000297709229743652	0.00153475546936549	0.00637587620952266	0.0220551027210472	0.069884905965295	0.138568369593762	0.21184940811668	0.227947043613518	0.177768014059754	0.0940792729733552	0.0368412015433408	0.0096626719592752	0.00284805971355271	0.000287608831787972	
9.72069411947538e-05	0.00107100998011901	0.00561682757408005	0.0206238456675733	0.0648416115053393	0.137128903214702	0.211971932579247	0.227286669461108	0.183101223383408	0.0988280062484869	0.0372015298019765	0.00942572987243601	0.00228962591425605	0.000509314839661175	6.5630164118751e-06	
4.3341944595334e-05	0.000747990063890249	0.00517532623817007	0.0197135060205563	0.0622735569678323	0.134189144246214	0.207872809648389	0.227118992638824	0.18885202960764	0.101572281820501	0.0386813815673292	0.0103978442784783	0.00262075947505826	0.000671613857798185	6.94216247243316e-05	
1.97675434507688e-05	9.10283173720588e-05	0.000397669284605281	0.00525230950799317	0.0200395302060266	0.0628017295868388	0.132139194743493	0.20151082602463	0.228679240125868	0.184207148236564	0.10737278121527	0.042950357109214	0.0116386903050693	0.00249278484664047	0.000370458406892186	3.64845400727153e-05	
1.81108340870211e-05	0.000483658507570515	0.00442264087468878	0.0216622942234006	0.0600432451984892	0.130408425358492	0.204049061505261	0.223479009357223	0.186572850892138	0.109742102963069	0.0428773997010224	0.0120713671062348	0.00341686934881504	0.000747754163538103	5.20996597023894e-06	
7.60013017532527e-05	0.000316938977975882	0.00364695387521646	0.017989397264101	0.0643415688196099	0.134768538466636	0.19554001696418	0.226305639542948	0.186101197273019	0.107994647143324	0.0447263349560905	0.0138529309526326	0.00370127571326051	0.000629689877735215	8.8688715173974e-06	
7.58261218624141e-05	0.000324222038308253	0.00295871286340976	0.0180316758954984	0.0572225750675494	0.132643419382078	0.203755123710505	0.224741901701705	0.181575422774208	0.114057552898058	0.0459256034931314	0.0139211281333215	0.00436915343558944	0.000351116032269306	4.65664525066385e-05	
4.20817026157863e-06	0.000507950904515255	0.00309968870679339	0.0160753341689439	0.0560475057865435	0.124485968908305	0.206176083953492	0.22498945172616	0.182757245138666	0.115913554776329	0.0483485345232719	0.0164363704234447	0.004398899390199	0.000681104733807858	7.80986892663563e-05	
4.44327882292469e-05	0.000650154419410123	0.00340733888565785	0.0172686360582102	0.0523936834150224	0.123476490661255	0.197228730711188	0.224849092512902	0.18690534788831	0.120499865154533	0.0522584047589373	0.0165402601286026	0.00370066954889828	0.000617727147777637	0.000120302702392279	3.88632186740489e-05	
7.51817518851824e-05	0.000574639190242411	0.00279651056428917	0.0150614109609982	0.0508545659130949	0.123567474369288	0.19792435713337	0.225272345896204	0.190794620996258	0.12090754398759	0.0523312608230397	0.0151406024063173	0.00356135958680109	0.00097473141319139	0.000163395007430463	
0.000362209142587857	0.00348578972762251	0.0153913644544607	0.0474216325182534	0.120779206519664	0.190610478899803	0.223123103529091	0.196725755556282	0.123050775285322	0.0568969984472965	0.0178730650049302	0.00298450237070301	0.00111628566766188	0.000178832876322994	
0.00028489279974539	0.0035048787269376	0.0154606640617072	0.0512184459122677	0.11827546220059	0.194771046673484	0.223892992869835	0.190827622299386	0.12379239632573	0.0561947312015267	0.0166743223305526	0.00375403541063101	0.00125674083384188	9.17683537641399e-05	
0.000256979703678635	0.00274445906081841	0.0157750382839103	0.0501323334066559	0.11754766595956	0.198348472152919	0.225077703557077	0.189746584094813	0.119068129206325	0.0559270029098371	0.0199409318039492	0.00410102966419709	0.00108399386566176	0.000249676330597209	
0.000299363166238772	0.00336627834545361	0.0168830566066312	0.0534904939064756	0.112060268364239	0.198025375639093	0.226000258935093	0.192654670969223	0.118122036597788	0.0563895898321563	0.0180099128170428	0.00392176740300316	0.000676040442730153	0.000100886974831998	
0.000231899721781911	0.00313083097564511	0.0149706479977744	0.04921865311213	0.11343948174661	0.191311605368004	0.221900570315678	0.196857863451089	0.122399086982593	0.0604460233384964	0.020935507862238	0.00444993767771949	0.000703581046489675	4.31040375059314e-06	
0.00044046929350871	0.00310688800993708	0.014144011405711	0.0504191312681939	0.112286172721182	0.197741030280923	0.222848614458837	0.19231843009353	0.119031611271246	0.0600449648220599	0.022690546181924	0.00448515755568748	0.000442972637260722	
0.000312340349288518	0.0040598192299963	0.0164610627804102	0.0511877407623526	0.117198331279312	0.190221689010704	0.223452038807683	0.189549794073281	0.116350411974499	0.0605920907675582	0.0246010396817518	0.00561159388006615	0.000351080237572365	5.09671655234364e-05	
