# <P(U)> as a function of N_tot.
# number_of_species: 1
# species_total_upper_bound: 479
# species_total_lower_bound: 456
# volume: 729
# Bin widths for each
10	10	10	10	10	10	10	10	10	10	10	10	10	10	10	10	10	10	10	10	10	10	10	10	
# Bin lower bound for each
-2310	-2310	-2330	-2340	-2350	-2350	-2360	-2370	-2380	-2390	-2400	-2400	-2420	-2430	-2440	-2450	-2460	-2470	-2470	-2480	-2490	-2500	-2510	-2520	
# Bin upper bound for each
-2150	-2160	-2170	-2170	-2180	-2190	-2200	-2210	-2230	-2240	-2240	-2260	-2260	-2270	-2280	-2290	-2300	-2310	-2320	-2330	-2340	-2350	-2370	-2370	
# Normalized histogram for each
1.68484629863277e-08	4.81360587519383e-05	0.000355553114400474	0.00215495211287729	0.010384668100864	0.0340427069785239	0.0866458155704902	0.164419955016289	0.219283419705575	0.216286044443381	0.151612713816473	0.0763368644622868	0.0287750687227745	0.0078369951642384	0.00153406940336813	0.000237630721959166	4.53897592851669e-05	
3.93093521828857e-05	0.000288291019519348	0.00211368540624482	0.00949918236210907	0.0329456459692719	0.0836674319762262	0.159216658172638	0.217910232719106	0.218184758734308	0.15663755407518	0.0795624821984671	0.0299296291919865	0.00801025651001407	0.00166755118318289	0.000290091576318821	3.72395532451738e-05	
5.0024728056824e-08	6.1013493319973e-05	0.000294578948617284	0.00167866312449349	0.00829366636417825	0.0307754628241984	0.0804437980434362	0.156863406863069	0.217450072528352	0.219178677006356	0.15957781530707	0.08312285567961	0.0316834783380671	0.00854852567871842	0.00172210126335616	0.000284824126646203	2.10103857838661e-05	
2.8582822061586e-06	3.87957485409013e-05	0.000364990937156019	0.00160795924952073	0.00763462220855521	0.0281949314365795	0.0777590492504255	0.15159434563582	0.213323579960687	0.220781105678165	0.165887327886071	0.0879459670331748	0.0335036306786483	0.00904492539323486	0.00198958171179446	0.00029757893635229	2.85661069609652e-05	1.83866106828916e-07	
1.34023817339073e-07	2.79439659151968e-05	0.000217319619815307	0.0014335857621674	0.00718905431504506	0.0272772141769121	0.0752144343383227	0.148246977683342	0.212299255147557	0.222854200364233	0.168086406093205	0.0898590828351459	0.0353255454438494	0.00971640845051664	0.00186916316851939	0.000334322412352319	4.46131781967441e-05	4.3390210863525e-06	
1.90164720681054e-05	0.000264595859600252	0.00122936487585547	0.00669388157355234	0.0254266412232943	0.0723411118711027	0.143573313203897	0.211390623224504	0.224352517483978	0.172081023249005	0.0929042236385157	0.0364920093785237	0.0105764446496889	0.00228861573228063	0.000304680580985917	5.93013668439602e-05	2.63561630417601e-06	
1.91570000572537e-05	0.000215374161202144	0.00113626419275018	0.00565499262597587	0.0236541141788965	0.0707777934261902	0.143451611649495	0.210883148568303	0.22482120342235	0.173089613721494	0.0941079603938218	0.0386789860998914	0.0108804906599177	0.00219777262262423	0.000370886876326603	5.87748797568097e-05	1.85552094795389e-06	
1.53058766762122e-05	0.000190364738704801	0.00102369403532341	0.00569521579335035	0.0225653026069373	0.0680280453446857	0.139559219008728	0.209762111691591	0.223757620308227	0.178085843026158	0.0980919996889038	0.0387121951573955	0.0115890211316634	0.00255695602645178	0.000328672677065782	3.77096434154589e-05	7.23244722062772e-07	
3.75865926524577e-06	9.06649566008609e-05	0.000989407793434381	0.00543696835076838	0.0214509562520167	0.0647984899806504	0.136687470563518	0.208181927370716	0.224714153116333	0.180150659253597	0.102125701282011	0.040450318532828	0.0118551160787418	0.00266321326019773	0.000365538078993947	3.56564703270613e-05	
5.30191499202727e-06	5.87813597829904e-05	0.000793207397906896	0.00489781019147738	0.0203982911058535	0.061389526903988	0.132936721678666	0.204408479238425	0.227195206332375	0.182027646980634	0.105887527698457	0.0442482993510985	0.0125316983341298	0.0026860762898515	0.000491782449437333	4.36427729247261e-05	
2.88138978875014e-06	3.83616983709338e-05	0.000795127184545275	0.00465731477795601	0.0194245397431628	0.0595085078745144	0.130254009684061	0.201194849261713	0.227190423992586	0.185539286709741	0.107733186442696	0.0463226714636635	0.0135912598888786	0.00321535820994563	0.000471490847444357	5.79346893619703e-05	2.79614157014807e-06	
4.42882702387478e-05	0.000633310243557495	0.0047152496913087	0.0191303689889513	0.0574228076829691	0.126676456566765	0.200551558115097	0.227313539642029	0.188226470808904	0.111019290847425	0.0466938668885557	0.0133153654727649	0.00363292610849857	0.000589949296542048	3.45513763940909e-05	
2.77149204720357e-06	6.67395942050201e-05	0.000519611723259874	0.00428639648589957	0.0181675779395637	0.0574880266809646	0.12521931582603	0.199214882781465	0.228051723891293	0.188196084542764	0.111703781965998	0.0487638000722757	0.0142410967066016	0.00343887077501745	0.000571667573885611	6.70494504587448e-05	6.02498271131211e-07	
7.01461912117612e-06	9.10349341475485e-05	0.000537212968076313	0.00385331814406897	0.0179322791779804	0.0559381060342235	0.122223016561292	0.19766005749368	0.227139950889393	0.1887439250727	0.115741422318643	0.0508432520105157	0.0151989561419471	0.00339336939594409	0.000603515768467381	8.28828092229384e-05	1.0685660577713e-05	
1.67437853196774e-05	0.000109749471198463	0.000620814679404326	0.00385476461327673	0.0163556056864104	0.0527409559306678	0.119915728010637	0.19581037003731	0.229372165704371	0.191464908944361	0.117814883540414	0.051285437660626	0.0162060854096692	0.0038380726128601	0.000456501182024935	0.000109197098899257	2.80156325503467e-05	
8.46486246818356e-06	7.10702942736881e-05	0.000717215704268524	0.00382542682643789	0.016246126828758	0.0510938062065788	0.118901604283193	0.192361373754583	0.228455374566623	0.195332281352473	0.118500007022381	0.0529738348855329	0.0171020799013571	0.00372932472457972	0.000564589051398317	9.93325697797051e-05	1.80871653146698e-05	
2.84596670891634e-06	7.33052031084511e-05	0.000484211051026717	0.00338281951991646	0.015172469463424	0.0490421985282557	0.115170149569349	0.191683636821186	0.232139415802377	0.19674907810083	0.121111941615942	0.0533365035677642	0.0171588507365491	0.00371029542255577	0.000672717536855485	9.92638691503849e-05	1.02972250013518e-05	
2.33768470996578e-06	2.59036092494002e-05	0.00046384133748843	0.00367264019022153	0.0148910000359075	0.0478922154085016	0.112416266840934	0.189112040948123	0.231690578688865	0.200669915120215	0.121369203936365	0.055230723378829	0.0177641692441789	0.00401777527324655	0.000644032137595572	0.000128091371019595	9.26479454905555e-06	
8.81112270158774e-06	0.000301911552174166	0.00320284310202714	0.0151777857317798	0.0478408265459972	0.112847130590851	0.187587583386785	0.230857283058971	0.199158433302283	0.124167020228927	0.055908489003031	0.017823647468722	0.00418347230151314	0.000707989381029949	0.000193984005722702	3.2789217484367e-05	
9.77778770415235e-06	0.000384616139424792	0.00298995369653085	0.0136020315707224	0.0472545370194076	0.112122551560767	0.187544463534383	0.229138529837892	0.198363854822117	0.126066718864654	0.057676790347229	0.0189838613879974	0.00480287363449417	0.000864596101733244	0.000194478981724863	3.64713218094493e-07	
1.86350128275069e-05	0.000288982026025067	0.0029890560575321	0.0137770913900737	0.0467467482250934	0.109653814406	0.189274257858002	0.228205272712441	0.198980521987957	0.125796559718877	0.059743851124987	0.0190734755218483	0.00450420451170728	0.000756389945898552	0.00018950240614589	1.6370945848464e-06	
3.16071703013719e-06	0.000254184514313132	0.00280329406785626	0.0138057151247138	0.0456656205508215	0.110043349496006	0.18697156980434	0.223926079594853	0.20147974992337	0.12790702364934	0.0610020656944732	0.0205743993760151	0.00479520937279377	0.000655298714215073	9.71265642078622e-05	1.61528356512536e-05	
2.16847913646373e-06	0.000376846978251212	0.00286580998325119	0.0130540882710138	0.0460535874217246	0.108407025338089	0.186987262023944	0.226745077947023	0.20017137230398	0.127332487718992	0.0608847703668201	0.0211441808420003	0.00515442286387501	0.000754873609152661	6.60258527470476e-05	
1.91939449641085e-05	0.00025096823951254	0.00323465913924658	0.0130851974064988	0.0446785179833841	0.104494085266442	0.184905923519887	0.230398222930087	0.201219713314636	0.127212306997126	0.0614883692712786	0.0224734248413231	0.00562612705589639	0.000816204640576383	9.4418170686296e-05	2.66727845550282e-06	
