# <P(U)> as a function of N_tot.
# number_of_species: 1
# species_total_upper_bound: 479
# species_total_lower_bound: 456
# volume: 729
# Bin widths for each
10	10	10	10	10	10	10	10	10	10	10	10	10	10	10	10	10	10	10	10	10	10	10	10	
# Bin lower bound for each
-2300	-2310	-2320	-2330	-2340	-2350	-2360	-2360	-2370	-2380	-2400	-2400	-2410	-2420	-2430	-2440	-2450	-2450	-2460	-2480	-2490	-2500	-2500	-2510	
# Bin upper bound for each
-2150	-2160	-2170	-2180	-2190	-2200	-2210	-2220	-2230	-2240	-2250	-2260	-2270	-2280	-2290	-2290	-2310	-2320	-2320	-2330	-2350	-2350	-2370	-2380	
# Normalized histogram for each
8.96342066541144e-05	0.000532611591231837	0.00230428770712957	0.0116332478715523	0.0335309545838764	0.0867669040864387	0.167813266737919	0.216756519706833	0.216655564513141	0.148013735741902	0.077218760276057	0.0290094457297266	0.00814626715253542	0.00142901201337627	9.07429631166327e-05	9.04511851001805e-06	
2.97675209455903e-05	0.000323861233798572	0.00232368673858703	0.00967174350659988	0.0340732431320693	0.0852742598543705	0.160535770755096	0.219277657931377	0.215455085507938	0.154945054557936	0.0781694512900609	0.0301328335990882	0.00790571340300538	0.00172469611001324	0.000153182371098708	3.99248801637108e-06	
7.99812724516582e-05	0.000349461982601959	0.00207459026827723	0.00943744265643926	0.0333719977051572	0.0819708428010658	0.156702772332758	0.220879027196065	0.215200414767473	0.156952967189377	0.0814717851437769	0.0319921035723308	0.00772795154930269	0.00159852505498785	0.000188978198414019	1.15830952138535e-06	
3.68258435329454e-05	0.000551809539280948	0.00200796236017236	0.00774065356333395	0.0304029423675549	0.0805467337008788	0.152789384213507	0.212115413465482	0.219219679453289	0.166130572185157	0.0859023213288984	0.0320866985573461	0.00854758468426464	0.00164288355026569	0.000269169744881309	9.36544215437544e-06	
1.73219528490631e-05	0.00026227064179521	0.00167807871409262	0.00736903775331249	0.028948296470222	0.0780378389340884	0.148277253317227	0.209982176408047	0.220247816692817	0.170620014888742	0.0888785913043913	0.0348340984153145	0.00907054179290234	0.00146940149688411	0.00028401027389437	2.32509434215612e-05	
2.69080041322841e-05	0.000328208359416101	0.00170196013261604	0.00698880551962849	0.0271312366300854	0.0751562497563988	0.14400216834629	0.209116708964009	0.225316771014097	0.169383114372818	0.090864749919839	0.0361781580108448	0.0108877522213972	0.00253247048333416	0.000348880173749487	3.58580913436662e-05	
3.28174312671545e-05	0.000179242630810835	0.00133671284870051	0.00621228727761454	0.0246346408563496	0.0710850626069736	0.145165896195376	0.209578061681266	0.226108545723221	0.170914814167361	0.0931988234455423	0.0385752291813765	0.0103498483898795	0.002243767996033	0.000318964447413622	6.52851208156536e-05	
0.000204696222999351	0.00109530537309527	0.00603684928125063	0.0226195734093432	0.0688661821451535	0.140068196346668	0.20855143228522	0.224171315243717	0.178447980887874	0.0964546194764786	0.0385279766844361	0.0120003597620584	0.00266594403579632	0.00027022930520603	1.93395407045488e-05	
4.56828645495501e-05	0.000813154988981991	0.00569063005457618	0.02055827835774	0.0650488492399128	0.137813563399611	0.209706927838416	0.224770343219726	0.180999582976551	0.100407677374924	0.0391304287101149	0.0119247407104622	0.00266991610531058	0.00040183462384031	1.83895352836405e-05	
3.78684453746791e-05	0.000625183259386641	0.00493345623472396	0.0197956413419374	0.0618957970095607	0.132018779209799	0.207413025412145	0.22750547986487	0.182829974986181	0.102605142593867	0.0446946160567281	0.0120331998913022	0.00295592118856899	0.000596870403031741	5.90441025234482e-05	
9.4323632885201e-06	4.34354506989876e-05	0.000547542866452117	0.00495420325613332	0.0195346572683841	0.0606540552087868	0.12963508224293	0.202059038326312	0.23055444071879	0.183283628078189	0.105888525419433	0.0457753172636528	0.0137198381988704	0.00287588098709798	0.000437556852550793	2.73654984296571e-05	
1.07631015608603e-05	0.000534586875895121	0.00424335279036918	0.0194647182021128	0.0591099008601356	0.127920631953168	0.201513748341371	0.22795816242035	0.188725779804257	0.108093478005017	0.0450669195839547	0.0132093088661517	0.00348502209126595	0.000640112067285295	2.35150371057926e-05	
8.81529889012769e-05	0.00047288405333378	0.00407499555889315	0.0172943944998121	0.0608014148234691	0.128452345977963	0.19654386751659	0.229646565865033	0.189094969047827	0.109593715966182	0.0456897814277188	0.0141852414906036	0.0035191371410886	0.000526183154214024	1.63504883704679e-05	
4.21453983508815e-05	0.000495807585037694	0.00304797157588074	0.0167279820835878	0.0564055072403281	0.126692808504462	0.200314564835902	0.227215955067043	0.187942113850679	0.114900455900978	0.0467936090741322	0.0151129540516371	0.00361316416486087	0.000611137503132409	8.3823163987745e-05	
1.98528883507327e-05	0.000584117386577421	0.00320923977876081	0.0149048615822857	0.0535948224598695	0.120908107209323	0.197747576288362	0.230176192346426	0.190145491979608	0.118064486606054	0.0499659357038885	0.0161094836141479	0.00394845421685246	0.000513438775264256	0.000107939164229497	
5.00206031745408e-05	0.000803795281497587	0.00372757462571477	0.0153382461344066	0.0498362893815501	0.120306019812087	0.194958419940407	0.228205659305629	0.19181532393308	0.120894195103226	0.0534714471884667	0.0168666470357941	0.00317180298166693	0.000456019240257506	8.04026323544582e-05	1.81368006891522e-05	
3.43720391710633e-05	0.000484130171724426	0.00275004956734482	0.0138102843318096	0.046813800763277	0.116979162925127	0.194047289853506	0.231949566594365	0.195573580252897	0.121295202597105	0.0551297146335921	0.016575056589266	0.00373245973358576	0.000716084149397152	0.000109245797832029	
0.000321541609796685	0.00267440042667695	0.0143108505819321	0.0462239706848162	0.114872989045845	0.189894424672621	0.228734644384264	0.199760493019704	0.122629949721064	0.058051523583053	0.0184027212938336	0.00325803074101559	0.000726928538934185	0.000137531696442808	
0.000275195881671424	0.00256057337647408	0.0143503317982121	0.0476847379974853	0.112759594622796	0.19003570567065	0.227115452257408	0.197112583206233	0.123268028098936	0.060893159741317	0.0188894199383021	0.00397116136353647	0.000878769494291373	0.000198999327555316	6.2872251314578e-06	
6.32860203561517e-06	0.00031375931560059	0.00234164081374675	0.0128581517010034	0.0472142161535767	0.110630350245158	0.192423235073368	0.229490321680519	0.193669272947555	0.123546098030742	0.0584414464676037	0.0228363249912488	0.00494989576095721	0.0010024737866691	0.000275497400541229	9.8702967527943e-07	
2.11679888150412e-05	0.000290787358545919	0.00260349052678003	0.0128673836400244	0.046840915737522	0.108214889161772	0.189598979622627	0.226613416649925	0.199567782940574	0.126376507272667	0.0600484213441707	0.0209648564345695	0.00474782500349071	0.00101818599858582	0.000225390319930344	
1.78234108201327e-06	0.000250332679712445	0.00256858347867558	0.0129369215117357	0.0432368923905822	0.110167249712598	0.188116729542102	0.221268906111159	0.200899277318186	0.130096352783945	0.0610149972503077	0.0231968817080347	0.00534133125355211	0.000770488801292255	0.000124648885993703	8.62423104199972e-06	
0.000370603024389877	0.00260996238875493	0.0120775065636887	0.0428371013208593	0.107306685580463	0.190546018367264	0.22551616081274	0.198430429462632	0.127083757994514	0.0628260528108739	0.0241285496304065	0.00529093135882186	0.00095023345481067	2.60072297817457e-05	
0.00024523384537749	0.00340117755650002	0.0141300155147244	0.0450837924186305	0.106346907774827	0.188748563805746	0.225903033372477	0.197574069587702	0.123283977023633	0.0622003038523873	0.024870218525401	0.00718756756923459	0.000956549062931437	6.85900904281244e-05	
