# <P(U)> as a function of N_tot.
# number_of_species: 1
# species_total_upper_bound: 479
# species_total_lower_bound: 456
# volume: 729
# Bin widths for each
10	10	10	10	10	10	10	10	10	10	10	10	10	10	10	10	10	10	10	10	10	10	10	10	
# Bin lower bound for each
-2310	-2320	-2330	-2340	-2350	-2360	-2360	-2370	-2380	-2390	-2400	-2400	-2420	-2430	-2440	-2450	-2460	-2470	-2480	-2490	-2490	-2500	-2510	-2530	
# Bin upper bound for each
-2140	-2160	-2170	-2170	-2180	-2190	-2200	-2210	-2220	-2240	-2240	-2260	-2260	-2270	-2280	-2290	-2300	-2310	-2320	-2330	-2340	-2350	-2360	-2370	
# Normalized histogram for each
1.71548519661638e-06	4.14254147182925e-05	0.000352577886504575	0.0021602120453392	0.0100688525717402	0.0340989428723432	0.0870864334426307	0.165109440900738	0.220847331328801	0.215624968056701	0.151433014317714	0.0763449381102172	0.0276386083362856	0.00750822191959078	0.00142464447559003	0.00020353369039855	5.25202390964091e-05	2.61890639483447e-06	
3.0388958305711e-08	4.64647172494322e-05	0.000299351498616791	0.00207927330519336	0.0094141042266513	0.0327729518254885	0.0841267459836712	0.159790217727466	0.219126168137629	0.218184789116887	0.155983666421134	0.0794456916241761	0.0290948445162623	0.00779520338048393	0.00155074854234043	0.000246150562276259	4.35980255159268e-05	
4.97996865690558e-06	5.14058022210802e-05	0.000289090716008075	0.00181025396153224	0.00840861141836912	0.0306972844028887	0.0806545016234748	0.156516333938597	0.217898195238146	0.219669084214169	0.159429534792036	0.0830842818683675	0.0313913687971144	0.00827131378351179	0.00158497351328415	0.000219199431754262	1.9586529869655e-05	
3.0530183322024e-06	4.82316240494625e-05	0.000336913715090429	0.00171160092982403	0.00778278061671415	0.0286128878094009	0.0779970262792698	0.151849388095262	0.214193862337301	0.221011798177049	0.165132989984017	0.0876389737483085	0.0328330083284116	0.00880612809927105	0.00179953190152435	0.000224376628752425	1.73375047673083e-05	1.11202654484193e-07	
8.09527540096557e-08	3.32108673324612e-05	0.000211215854305443	0.00148930805370414	0.00748545830501083	0.0276624465253935	0.0754475113777578	0.147530403678801	0.212289986041114	0.222351350859618	0.167953660295975	0.0903500937443011	0.0353019174449077	0.00967681899876946	0.00190236948103841	0.000277597112593361	3.39495612127994e-05	2.6208454110626e-06	
2.72700729856233e-07	2.61691700391667e-05	0.000238239437624031	0.00138669331134598	0.00681552854108059	0.0257154970249562	0.0719832663560141	0.142701120525279	0.210524589748012	0.224067554394403	0.172639166151464	0.0936442388294408	0.0369385662623787	0.0107894043767619	0.00220462380045514	0.000284093560348005	3.93800053966464e-05	1.59580427101055e-06	
2.99727494802237e-05	0.00018259807656683	0.00118377692715953	0.00602273217078382	0.0239564205326666	0.0704114408786808	0.141595992565504	0.209271588039722	0.225161758012726	0.174355954855476	0.0957334878550126	0.0385384817986053	0.0110091537464779	0.00218019129411903	0.000325643858004509	3.96837989236981e-05	1.12284009190173e-06	
1.52999877417593e-05	0.000185516153552664	0.00102843496131354	0.00602079358572601	0.022809260254211	0.0674516131550694	0.13781147109737	0.208243154827055	0.225139968526029	0.178581264277834	0.0993081140732207	0.038895265855284	0.0116102877158132	0.00250185724006269	0.00035243709337545	3.81130907364303e-05	7.1481056049969e-06	
2.25081957207256e-06	0.000120428985932783	0.000945070471944142	0.00546119799973112	0.02173408614799	0.0649063365032038	0.135832702867281	0.206171554628912	0.225451385643056	0.181285550529176	0.102112242085987	0.041011686620216	0.0117777682698112	0.00273873033904034	0.000399490057562176	4.77640135316839e-05	1.7540170539124e-06	
3.16600098526765e-06	7.34084665748072e-05	0.000920369720505026	0.00503380922569837	0.0206733450895467	0.0621442524519914	0.133290137949687	0.202661423904769	0.226829840660769	0.182563843071572	0.105895087726528	0.0441129402746843	0.0124838880072046	0.00277282641918081	0.000507405103243394	3.42559270592464e-05	
1.71359953862194e-06	4.13089024872532e-05	0.000822314846051485	0.00468894573870838	0.0194419933830925	0.0604633457560512	0.130642598103244	0.201119732860174	0.226060322414869	0.185226157977309	0.108221871879557	0.045731388567527	0.0138472531237677	0.00314149437783708	0.00049601101911425	5.18845493439555e-05	1.66290132742011e-06	
4.81902803625643e-05	0.000792017967837906	0.00464730130724587	0.0190354855986946	0.0579148698140134	0.127377753049959	0.200883950038811	0.227291279566252	0.187742916396787	0.110374827289822	0.0461075506555528	0.0135459456964877	0.00358086167124684	0.000610454208772294	4.65964581555025e-05	
1.63317748322988e-06	5.51222760488892e-05	0.000625953310296063	0.00437011920217555	0.0185038603091564	0.0568968806157911	0.125419012732039	0.199509752580205	0.228227261414452	0.188756648287672	0.111140639050176	0.0481139868616451	0.0143933554630573	0.00338383216169755	0.000538360219813516	6.32272997078996e-05	3.55038583310843e-07	
4.13355203987645e-06	6.14040678945774e-05	0.000613817243700375	0.00391478862233606	0.0177450748473541	0.0552328168851071	0.121839361189696	0.197413438443773	0.228108708396814	0.190368890777662	0.115655313434353	0.05003416934271	0.0151239255151391	0.00328693558276564	0.000525905630783494	6.50196564110295e-05	6.29681146123685e-06	
9.82701634824466e-06	8.0024332097716e-05	0.000671610716262044	0.00384518992573187	0.0163924459705069	0.0523716450338241	0.1198091698787	0.196067637347598	0.230620135994154	0.191559832984488	0.116867315767099	0.0511981067938946	0.016231566568847	0.00374269515831415	0.000433118147340367	8.32358415641011e-05	1.64425232301042e-05	
4.96835467327851e-06	7.6096942495827e-05	0.000732771477312581	0.00391754765988011	0.016223432141639	0.0511558527334655	0.117206082454469	0.19254643578905	0.229186277092096	0.196264833542526	0.118670560761665	0.0527067804119758	0.0168141086752958	0.00386165873955539	0.000540678662444701	8.07306936911092e-05	1.11838677645433e-05	
1.6682730113617e-06	5.1625466642502e-05	0.000479866093286288	0.00359020440641456	0.0157954616402106	0.048923481119573	0.1156564136124	0.191798527218253	0.231630243969762	0.195923276629745	0.120882748970157	0.0535716537160655	0.0170349177124337	0.0038907665385888	0.000677278399630756	8.45460540667061e-05	7.32017975894466e-06	
1.37299498564059e-06	2.5491267196636e-05	0.000449423660115899	0.00366038444061509	0.0155940631292999	0.048396942542078	0.113238609467023	0.189668111777541	0.230879616304437	0.199790921131231	0.121501182239543	0.0546242420638618	0.0172595161424333	0.00412235687107769	0.000685346599964686	9.44135963655207e-05	8.00577223244846e-06	
8.12631718078473e-08	3.64566904522955e-05	0.000407555122409306	0.00314409243303856	0.0152504258215597	0.0485446888376775	0.112861787323126	0.188459443160977	0.230414795975754	0.198544741150844	0.124348905500368	0.0550745199030217	0.0179790602887307	0.00410207349179185	0.000661248586896929	0.000141905813769453	2.8218636410275e-05	
1.17987615836758e-06	3.07683222332924e-05	0.000476222428748016	0.00313189989161719	0.0144240674068132	0.0473788832457921	0.111883628244905	0.186887887750407	0.228767266508586	0.199495495126028	0.125985711516638	0.0566541134963359	0.0192767861613709	0.00462991541620391	0.000809161103677722	0.00016085984003951	6.15366444665847e-06	
2.46932723545899e-05	0.000373564628477249	0.00314604096968099	0.0142746758898584	0.0465876040200281	0.109765239553293	0.189116785264097	0.227901640935127	0.200710032348289	0.125527934478102	0.057969136320635	0.0191457750233413	0.00457730415687829	0.000733673153882458	0.000143548730427363	2.3512555292293e-06	
2.37958466264147e-05	0.00041749878920984	0.00291873375099394	0.0145377083986268	0.0466158401059668	0.109503296384907	0.186401113414062	0.225142711857759	0.201845735050503	0.127933895605254	0.0593635381878804	0.019837276018039	0.00472069784981522	0.000617432650365452	0.000105420780188726	1.53053098019663e-05	
2.52538633813424e-05	0.000441425070787443	0.00314663338717307	0.0144259152191528	0.0473834329450687	0.108543225212999	0.186057521909435	0.226356427158979	0.200249961996101	0.127705119128945	0.0597984653268425	0.020168993467329	0.00489202405715384	0.000707972413535842	9.63425341173614e-05	1.2863089983334e-06	
3.39965669083375e-06	2.85410706257016e-05	0.00052593391001205	0.00343157736117865	0.014317187828856	0.0457944787589701	0.10573770689907	0.184518091794562	0.228881285001233	0.201236199412068	0.128197283100675	0.0603918323960025	0.0209108871658858	0.00511461802134345	0.000785150211323763	0.000116651346984596	9.17606451950701e-06	
