# <P(U)> as a function of N_tot.
# number_of_species: 1
# species_total_upper_bound: 479
# species_total_lower_bound: 456
# volume: 729
# Bin widths for each
10	10	10	10	10	10	10	10	10	10	10	10	10	10	10	10	10	10	10	10	10	10	10	10	
# Bin lower bound for each
-2310	-2310	-2320	-2330	-2340	-2350	-2360	-2360	-2370	-2380	-2400	-2400	-2410	-2420	-2430	-2440	-2450	-2450	-2460	-2480	-2490	-2500	-2500	-2510	
# Bin upper bound for each
-2150	-2160	-2170	-2180	-2180	-2190	-2200	-2210	-2230	-2240	-2250	-2260	-2270	-2280	-2290	-2290	-2310	-2320	-2320	-2330	-2340	-2350	-2370	-2380	
# Normalized histogram for each
3.34874100230966e-08	7.16630574494267e-05	0.000427902125275128	0.00212179578647342	0.0109620366962406	0.0349109598231784	0.0878728057081568	0.164592261146611	0.215984183762296	0.215361485372917	0.152058091012016	0.0774493135399076	0.0283806469693944	0.00813683786223206	0.00147130284677477	0.000193222355833267	5.45844783376475e-06	
4.76343989817703e-05	0.000306489310267647	0.00213955886658021	0.00974651426653602	0.0344295804187154	0.085070276493718	0.159987151785755	0.216173417102385	0.214993585781792	0.158214421369603	0.0790551346546689	0.0299319344329427	0.00804293920935546	0.00159382486557864	0.000250139257707227	1.73977854127648e-05	
5.69116244718003e-05	0.000297803369841992	0.00183841392620514	0.00885816387839343	0.0328772145740001	0.0818358111194678	0.158161467163842	0.217669556508817	0.214575948942709	0.159338477509999	0.0827728215448979	0.0316207657734878	0.00823167358161071	0.00163194000596532	0.000224409504736745	8.62097155376662e-06	
2.6285467223027e-05	0.000396884203722121	0.00158246418086299	0.00785457851829744	0.0291692267273398	0.0802315136993564	0.153675019593049	0.211785468030037	0.217082088493023	0.166862451674514	0.0873082004959257	0.0331634319346885	0.00867898036498656	0.00185829689079485	0.000289370713727183	3.57390124523613e-05	
2.42392316799341e-05	0.000186231473999931	0.00135504590105817	0.00735948770714981	0.028061546588151	0.0776884594468217	0.150547616232166	0.211000822974897	0.21997337856842	0.167749655890661	0.0895623715995413	0.0351394684661007	0.0094132990001615	0.00156528481080667	0.000311897982504507	5.98033502922963e-05	1.39077558819294e-06	
1.9126258611335e-05	0.000257810135405367	0.00121990695173775	0.00669714818282469	0.0269394338430273	0.0742753136197036	0.146208350682252	0.210227454594032	0.221730420314321	0.169464763812067	0.0933829060542496	0.0367151209505816	0.010298964454407	0.0022118762235301	0.000251861934703216	9.48754443486671e-05	4.66654419726731e-06	
1.86640424293688e-05	0.000185612741673243	0.00107823797516025	0.00587771471895118	0.0244321929205596	0.0720716805312655	0.146035258464665	0.211389607576076	0.221666069118949	0.170051637736572	0.0947030751413354	0.0392492877910807	0.0106419518941765	0.00224197251413105	0.000253274039361239	0.000100083026810416	3.6797668022379e-06	
0.00016129164372767	0.00104892843945274	0.00574270173625593	0.022725140192872	0.0687120715740659	0.142711805329643	0.209719726134514	0.222685722965819	0.176376807646796	0.0961181323439891	0.0394172603502186	0.0115780029896891	0.00270456518616432	0.000265478587002624	3.09331001286138e-05	1.43177966149665e-06	
4.9660754132197e-05	0.000974373604111399	0.00545713144747405	0.0209427071348877	0.0658533226560469	0.140047465048973	0.208764053177516	0.222900612647497	0.180422667523371	0.100334069508031	0.0395926754963443	0.0117596396621063	0.0025755291789062	0.000315325601441023	1.07665591614519e-05	
3.78602091930045e-05	0.000674286914897754	0.00467989704751763	0.0195034991701451	0.0620753261264777	0.13570569042355	0.207334375228099	0.225840036182081	0.181352141557617	0.103187897830644	0.0443878549906236	0.012203641538175	0.0025734709762272	0.000409879399884987	3.41424048668446e-05	
5.50094154387116e-06	3.22246513897144e-05	0.000692099941649272	0.00460309959719525	0.0192493564577522	0.0602483152178047	0.132466713191502	0.204383102683156	0.228675532192325	0.181637897874273	0.106276696544702	0.0450075491933582	0.0135074600916878	0.00285488679198128	0.000330260231207969	2.9304398471363e-05	
4.31430365327165e-05	0.000626189382067963	0.00421557378836953	0.0190211562921794	0.0576420368244619	0.129129056958175	0.205872929604307	0.227675102440781	0.185563738298306	0.108273706261012	0.0453135551797044	0.0128935118411226	0.00324919711902972	0.00046192449257533	1.91784813746862e-05	
7.67839511104201e-05	0.000464490032105993	0.00393170669608585	0.0175792268132423	0.0583224422467687	0.126704161976683	0.200845121483399	0.230139750884346	0.186612938140106	0.109850988650507	0.047667688337797	0.0140836638749964	0.00323178226568393	0.000478680224759007	1.0574422409698e-05	
6.76347383903691e-05	0.000431291013594343	0.0037892874567586	0.017585817637548	0.0557449271298888	0.124210513874737	0.20071705119919	0.228985297540073	0.18655310725773	0.113521629128191	0.04953557992023	0.0151101129407902	0.00315328180317765	0.000545484412805961	4.8983946894843e-05	
6.95540422109762e-05	0.000570425054717496	0.00366312267548121	0.0165389478575734	0.0529411035960361	0.120960895577574	0.196756440412509	0.231012045101462	0.190535960992673	0.115986791830724	0.0507122002875196	0.0160841162969523	0.00367441923483933	0.000425207954811851	6.8769084914189e-05	
3.10656219682883e-05	0.000662721813781459	0.00357649845835133	0.0161033668708029	0.0519915486387811	0.120280452462536	0.19113642821843	0.228026923035025	0.195145096214252	0.119480237779844	0.0522242315219086	0.0169224477332079	0.00370423177345766	0.000629834866631402	7.41244984353958e-05	1.07904925863302e-05	
2.52061211618989e-05	0.000394620421469073	0.00305610445251323	0.0145287118208616	0.0490270075668294	0.115932971689773	0.190015690121731	0.232912892707149	0.197900385202561	0.120981186144278	0.0532247564742628	0.0169907851310744	0.00415040134377551	0.000785866252946525	7.34145496136181e-05	
0.000289902284068657	0.00300096536216972	0.0144498601528931	0.0479458374650684	0.113296624583278	0.188480149621636	0.229994937419003	0.202994125436974	0.121481113256552	0.0553131968929467	0.017986792380807	0.00386853041961732	0.000809391148204079	8.85735767817012e-05	
0.000219081604018548	0.00263680735232387	0.0142965051341481	0.0495086864223676	0.114122700160936	0.188767218230903	0.227317190776373	0.198174984594783	0.123468929903786	0.0579107695826694	0.0182333745285849	0.00436014867359972	0.00080022179862311	0.000179554943847921	3.82629303605541e-06	
1.95765091450063e-05	0.000270978250463194	0.00265056092849309	0.0129894180005756	0.0473535019879471	0.112828243933004	0.190059786729222	0.228945657719394	0.196270284883547	0.124582233077285	0.0568894761607323	0.0204405466689217	0.00540431149944532	0.00103252905863913	0.000262156520130345	7.38073055736325e-07	
1.29338301045726e-05	0.000234982105748117	0.00263422511566139	0.0133625743046787	0.0478296191859805	0.110449756591627	0.189605287546033	0.226436980070545	0.199967633878811	0.125346970146897	0.0587158382145398	0.0196455415510333	0.00470367298342311	0.000852300847758234	0.000198844493721519	2.83913343758912e-06	
1.08392336060438e-06	0.000201749606151202	0.00276914446418661	0.0126579171440591	0.0446164184039277	0.11162693819483	0.188574622598865	0.222753278623409	0.201636598399542	0.127551136007626	0.0604233427021608	0.021344898539179	0.00502793585187705	0.000662976478723214	0.000125874970908896	2.60840911938989e-05	
0.000305591252211986	0.00282495685389452	0.0120577932351758	0.0438389033766002	0.108185350147486	0.189633988132735	0.226087976901945	0.201183050023913	0.126808863348776	0.0613866275631492	0.0218235829717395	0.00496060571475683	0.000863457689001054	3.92527886151986e-05	
0.000158093646612885	0.00321275725398904	0.013114867188607	0.0434558734056667	0.105486407556074	0.18952927608002	0.229379721513141	0.199319468407759	0.125749423348803	0.0607836764490932	0.0229868441184438	0.00580084755353657	0.000905001552163632	0.000117741926089808	
