# <P(U)> as a function of N_tot.
# number_of_species: 1
# species_total_upper_bound: 479
# species_total_lower_bound: 456
# volume: 729
# Bin widths for each
10	10	10	10	10	10	10	10	10	10	10	10	10	10	10	10	10	10	10	10	10	10	10	10	
# Bin lower bound for each
-2310	-2320	-2330	-2340	-2350	-2360	-2360	-2370	-2380	-2390	-2400	-2400	-2420	-2430	-2440	-2450	-2460	-2470	-2480	-2490	-2490	-2500	-2510	-2530	
# Bin upper bound for each
-2140	-2160	-2170	-2170	-2180	-2190	-2200	-2210	-2220	-2240	-2240	-2260	-2260	-2270	-2280	-2290	-2300	-2310	-2320	-2330	-2340	-2350	-2360	-2370	
# Normalized histogram for each
1.65792903728211e-06	4.00355526695164e-05	0.000361722837057194	0.00216001665934186	0.0101280334227506	0.0342976859067958	0.087403723251461	0.165720857391821	0.221181467896819	0.215328203386965	0.150928324009641	0.0759348372672507	0.0274284346347105	0.00744211971073671	0.00139288602662973	0.00019670494157718	5.0758135141406e-05	2.53103959537742e-06	
2.93496545066287e-08	5.16260422771599e-05	0.000295169475373165	0.00205408448673725	0.00939186987568484	0.0329757749712682	0.0845352717984433	0.160192145926795	0.21942809380627	0.217838242588082	0.155366573564997	0.0793602722333074	0.0289314806292182	0.00775420807030581	0.00154451578519317	0.00023853442539354	4.21069709988433e-05	
4.81055394553243e-06	5.27502122303211e-05	0.000290428656460096	0.00179608325283218	0.00842483143545759	0.0308455060839359	0.0810618248880302	0.156681000751344	0.21795157245592	0.219738434667213	0.158854063600792	0.0828590595513402	0.0313210971575774	0.00831487173482431	0.00156939199672141	0.000215352790218866	1.89202111569724e-05	
2.94811810004917e-06	4.65744087924987e-05	0.000330550420482665	0.00169815507355018	0.00777832650954629	0.028712630040562	0.0782759034395655	0.152201966004294	0.214279327161354	0.221037087423318	0.164559901122852	0.0874234746148972	0.0328074001278624	0.00882236055816271	0.00178417764539665	0.00022236815298351	1.67417964953123e-05	1.07381785101129e-07	
7.80837421977017e-08	3.20338552366071e-05	0.000210347841012834	0.00149182893655819	0.00744717834929915	0.0276740982933373	0.0758291327045497	0.148089799348793	0.212542062491863	0.221959469345231	0.167577705475269	0.0901491151560095	0.0351641738985063	0.00963924276495078	0.00188105687047818	0.00027740225462511	3.27463693841611e-05	2.52796115365059e-06	
2.63247049790313e-07	2.52619668891371e-05	0.000230506916708984	0.00137779605903957	0.00677419483159852	0.0256027743197082	0.0721876742427348	0.143279051271672	0.210657260414083	0.224102125737477	0.172221348415348	0.0935011303828318	0.0367338930732603	0.0107637233709522	0.00221208445916947	0.000287261030665629	4.21097780757171e-05	1.54048273580998e-06	
2.89485694907577e-05	0.00017680805334939	0.00119422863419955	0.00601977833094546	0.0239545553378089	0.07026457751722	0.142005629778669	0.209361574618504	0.225085337461623	0.174300196665619	0.0957239895075846	0.0383392196890134	0.0109680492498896	0.00221229403637486	0.000325400288713863	3.83277887655223e-05	1.08447222864465e-06	
1.47692105318663e-05	0.000179246734049436	0.00103941377685465	0.00600353237625782	0.0226964888575409	0.0672361996579983	0.137943809760432	0.208665014583494	0.225500485627106	0.178434691730412	0.0990752506936464	0.0387624341166219	0.0115510005357142	0.00249774852732424	0.000356222787619487	3.67908962155635e-05	6.9001281808918e-06	
2.17050873273391e-06	0.00011659151638672	0.000932086844713759	0.00547677037960311	0.0216913701032309	0.0647342888140906	0.135686420306951	0.206462760146593	0.22597942715562	0.181244939084917	0.101951914060682	0.0408747173657877	0.0116937624535994	0.00270617464466646	0.000398855422305765	4.60597596392317e-05	1.69143248091426e-06	
3.05174790038518e-06	7.13088488491932e-05	0.000903729511670978	0.00505871862247515	0.0206939417632888	0.0622065053825424	0.132951507009536	0.202842392106802	0.227098675501179	0.182918687963105	0.105701723867625	0.0438202541682093	0.0124334685839873	0.00277392108911957	0.000489094117681345	3.30197160282834e-05	
1.6529814959285e-06	3.98476131030337e-05	0.000816240306498372	0.00465758346487985	0.0195598669747003	0.0605730374324311	0.130446051970579	0.201190285566638	0.226054374542661	0.185458107536306	0.108224307711054	0.045529223495119	0.0137872741336497	0.00312944608619414	0.000481046958181984	5.00491497909238e-05	1.60407671794245e-06	
4.98400019324515e-05	0.000786454847638399	0.00461938226326036	0.0190142449212759	0.0579353960489304	0.127168176051428	0.20100777542248	0.227226997249147	0.187758027476579	0.110569995289894	0.046073534385706	0.0135532565066265	0.00359395803160215	0.000597982028690927	4.49794748073048e-05	
1.57771932616215e-06	5.32504771327027e-05	0.000610920361686962	0.004383943034964	0.0185191224580075	0.0567469677459489	0.125057138428329	0.199787607620302	0.228326090556346	0.188782682137358	0.11126607820937	0.0481049562396516	0.0143723174974149	0.00339536958388799	0.000530554671041895	6.10802767699919e-05	3.42982462209163e-07	
3.99298827334887e-06	5.93159879623275e-05	0.000608111511388836	0.00390106124602386	0.017826779538013	0.0552425120334637	0.121800986050304	0.197432373151445	0.227973474863413	0.190252499507646	0.11589274672601	0.0500351942182629	0.0150648874329514	0.00331651523299518	0.000520658200655097	6.28086263537579e-05	6.08268483900811e-06	
9.49870542927103e-06	7.73507981297029e-05	0.000667004970731306	0.00387842914404942	0.0163735746445827	0.0524309150585709	0.119774396149425	0.19591551945399	0.230158421073871	0.19186412573881	0.117078692926037	0.0512596169618637	0.0162254242173255	0.00375418216004263	0.000436499788154388	8.0455014233908e-05	1.5893194754337e-05	
4.80334121198925e-06	7.35695424407741e-05	0.000713649068518427	0.00393567153709781	0.0161885538457099	0.0511961672395582	0.117183831631951	0.192613727729603	0.228594527461211	0.196293498812947	0.119066143420083	0.0528513594102611	0.0168419160806492	0.00382835117058994	0.000525367895745616	7.80493933262416e-05	1.08124190955595e-05	
1.6127238083122e-06	4.99064713044974e-05	0.000474512214823882	0.00358784131747767	0.0158290698861742	0.0490784500308915	0.115820115848109	0.191792631554841	0.230859165120643	0.195882117943457	0.121251886923509	0.0536998029574051	0.017033725700565	0.00389251905416075	0.000657834928452388	8.17308877885247e-05	7.07643658920018e-06	
1.32617570302963e-06	2.46220121334545e-05	0.000449788091749594	0.00365817766647176	0.0155939052631175	0.048663032542187	0.113324034631362	0.189791306165467	0.23008240602285	0.199650583906386	0.121622062274598	0.0549325671834273	0.0173047304277773	0.00413182716958396	0.000670703610515302	9.11940821671552e-05	7.73277450369483e-06	
7.83054121519722e-08	3.51297655266785e-05	0.000409830950850385	0.00315282059765138	0.0152021539861248	0.0487377975085665	0.112889643448541	0.188875443740865	0.229981468534805	0.197918749814942	0.124684210178578	0.0551483190152703	0.0180559849438269	0.00409147736129359	0.000652959467405739	0.000136740825970381	2.71915543697723e-05	
1.13716732892776e-06	2.96545790517799e-05	0.000462640842707652	0.00313913080517182	0.0143416112416049	0.0474085843683312	0.112088142623919	0.187008510275998	0.22853346930979	0.19916714256956	0.126083182515699	0.0568594055820505	0.019265732036028	0.00463613316837218	0.000814554918344278	0.000155037080232694	5.93091581035598e-06	
2.37973324995177e-05	0.000360010676036603	0.00313661790603701	0.0142595754761877	0.0465889285176491	0.109792446355874	0.189201574873329	0.227829746349765	0.20029440812027	0.125829180334234	0.0581474380901261	0.0190961135512968	0.00458001538665285	0.000719540696965013	0.000138340387568301	2.265945510053e-06	
2.32915745132763e-05	0.000413011799429408	0.00291307203541604	0.014458105364641	0.0466904821629079	0.109753247453966	0.186199396496605	0.225556067739574	0.201859323608956	0.127689013011844	0.0592706247846888	0.0197378226356685	0.00470769813167795	0.00061246365146155	0.000101625280978482	1.47542676719241e-05	
2.60997994474734e-05	0.000446634272342778	0.00315132779093944	0.0143179408344112	0.0473065554755746	0.108503362167051	0.185788251997442	0.226803010648708	0.200313808398483	0.127604711750645	0.0597507401285531	0.0201842585730012	0.0049786724790752	0.000720488260156053	0.00010289642330462	1.24100086525877e-06	
3.28186081546961e-06	3.09598551264655e-05	0.000560220417904411	0.00338406318900623	0.0141171227583523	0.0457855209857719	0.105856372197946	0.18430730910967	0.229313547888356	0.201615610706328	0.127925434031175	0.0601588321888433	0.0208362826112773	0.00517451672445469	0.000806902115364533	0.000115165239707453	8.85811990016134e-06	
