# <P(U)> as a function of N_tot.
# number_of_species: 1
# species_total_upper_bound: 479
# species_total_lower_bound: 456
# volume: 729
# Bin widths for each
10	10	10	10	10	10	10	10	10	10	10	10	10	10	10	10	10	10	10	10	10	10	10	10	
# Bin lower bound for each
-2300	-2310	-2320	-2330	-2340	-2350	-2360	-2360	-2370	-2380	-2400	-2400	-2410	-2420	-2430	-2440	-2450	-2450	-2460	-2470	-2480	-2490	-2500	-2510	
# Bin upper bound for each
-2160	-2170	-2170	-2180	-2200	-2210	-2220	-2230	-2230	-2240	-2250	-2260	-2270	-2280	-2290	-2290	-2310	-2320	-2330	-2340	-2350	-2360	-2380	-2380	
# Normalized histogram for each
0.000218229768204847	0.000959224630866505	0.00310838714330761	0.0126322054738067	0.0305982485519931	0.0870166541985959	0.171172433264998	0.220543681862918	0.213882742186496	0.147713503768316	0.0749143032043713	0.0282188351400477	0.00751690587176782	0.00148630500322567	1.83399310850119e-05	
7.72001697467975e-05	0.000625867234735148	0.00261388857566935	0.0107256769168217	0.0345101914361462	0.084615441000901	0.162022881506473	0.231875154692764	0.210237272772218	0.148909769845239	0.0751148294040006	0.0287268849825083	0.00781577637715355	0.00200548885408903	0.000123676231533758	
0.000169802141320252	0.000571948932121248	0.0019448107697277	0.0104877793168391	0.0363848340410728	0.0818718311923921	0.15822532329252	0.228749761431833	0.216626810544144	0.147846801281092	0.0786194671009504	0.0299749184565554	0.00649012980874286	0.00168665004808243	0.000346058300681636	3.07334192434846e-06	
7.98177253399509e-05	0.000820550403684193	0.00190927627091587	0.00888274534275666	0.0351733133063404	0.0825566222106124	0.15301314936557	0.217419553407733	0.213934330571156	0.166325022615022	0.0805525623908553	0.0301818332438407	0.00732221811040001	0.00139121690587797	0.000413298600529216	2.44895293656668e-05	
3.64415407664138e-05	0.000329931470327325	0.00181394545484389	0.00877699026905452	0.0310545172979109	0.0813578479493276	0.148622457054322	0.213116153797156	0.22110633807239	0.168908649640637	0.083609543648006	0.0314701315645031	0.0079284444747622	0.00149831954804057	0.00037028821795294	
2.6596943272414e-05	0.00052854036714125	0.00180888766411607	0.00777990142877302	0.0291560124976081	0.0789543559513246	0.143835973695623	0.210998574847123	0.22777636994575	0.167906207357158	0.088167093818501	0.0320742882177758	0.00841482956900392	0.00231142213116874	0.000260945565661573	
8.41797157686101e-05	0.000257024744948918	0.0014204392536444	0.00603776394751731	0.0267800645686829	0.0722158792548884	0.143020290451419	0.213737830573594	0.230807921924286	0.169549460591931	0.0875120662576599	0.0369326167541259	0.00932540798005763	0.00208326106537131	0.00023579291610497	
0.000323422430884627	0.0015986733583635	0.00605595490584244	0.0221409791684728	0.070038577232756	0.138409038221989	0.213123783355447	0.229460556664279	0.176006040787509	0.0926399315028466	0.0368215322312386	0.00989479328548267	0.00314797832727703	0.000338738527611577	
4.8078176863878e-05	0.000990119060505803	0.00551442119484177	0.0203921401796463	0.0665636531022589	0.139069040407668	0.21394162231212	0.226198643583508	0.181286487511839	0.097542025061551	0.0358227581983854	0.00965030993669561	0.00237957837187188	0.000593401255656288	7.72164658722889e-06	
5.0597962076465e-05	0.000558607300517534	0.00511648332275222	0.0194081604219261	0.0629790949227917	0.137594561284498	0.209456135698805	0.226904168764646	0.18482406189711	0.101361346143558	0.0375162866721053	0.0106316611890869	0.00284769390001698	0.000670096792886593	8.1043727222762e-05	
2.28583490684376e-05	0.000105261286450953	0.000313385143709876	0.00516923221063094	0.0201911183743594	0.0625360689227199	0.133115454699126	0.20116052684826	0.230390570169064	0.185160529105875	0.105091400943062	0.0419052800810935	0.0117167382095366	0.00266821840051948	0.000411168081391526	4.21891751324867e-05	
2.07965061869606e-05	0.000490996964564748	0.00428977794744182	0.0222556802238046	0.0602127226187644	0.131773642849919	0.204294905853077	0.224216676803776	0.18686102378636	0.10741210271195	0.0422951081204659	0.0118206771399391	0.00346290316377534	0.000587002753400442	5.98255657433113e-06	
8.71206088106752e-05	0.000324760778386634	0.00352252484278754	0.0182826198197832	0.0657423127711752	0.135807897504369	0.195964324887294	0.225868297361135	0.185655288178595	0.107243633841542	0.0434808086148021	0.0140019903599705	0.0034872247581803	0.000521029248802904	1.01664243668859e-05	
8.74639713784566e-05	0.000232662781006732	0.00287999181946172	0.0189643145560586	0.0583964909856816	0.132919241456142	0.204188159848522	0.22444418369617	0.181447527290123	0.113142330594567	0.0453527261112412	0.0135574900396633	0.00399835297730087	0.000335350366451061	5.37135062324183e-05	
4.83938990096189e-06	0.000483796655099101	0.00298803859384979	0.0164769839327985	0.0566777958400889	0.123722418858021	0.206610065731725	0.22525139563023	0.180576710094498	0.117029969629982	0.0485600039512195	0.0161886132287	0.00460482182576232	0.000734733254963684	8.98133831619691e-05	
5.10465538883824e-05	0.000660050426601312	0.00331788381178695	0.0180335104274317	0.0538549674979908	0.125849519878012	0.194796351266267	0.22338114172514	0.184668515907471	0.120549209731094	0.0541225708807706	0.0164183633365734	0.00347813302134741	0.000639717119620703	0.000134370455221508	4.46479607825963e-05	
8.60806572889442e-05	0.000641731300089079	0.00280163845923084	0.0147441819159747	0.0520558428178675	0.126032555417651	0.197784656897564	0.223270700568864	0.190319885765229	0.119153563158167	0.0532466252436979	0.0150669843808082	0.00362528688172389	0.000983184574001891	0.000187081961841305	
0.000396257408117633	0.0033674643433459	0.014929120867193	0.0482170587511668	0.123920459068115	0.190278812964477	0.22244382855861	0.194783382660482	0.123170348715203	0.0567183576592157	0.017480480197984	0.00308727649012613	0.00100207680562691	0.000205075510336992	
0.000304533428935619	0.00339787718609975	0.0155400113461429	0.0527062993819278	0.1211713514722	0.195936864993115	0.224732318809002	0.188131065278956	0.12092263970258	0.05589012252073	0.0162564603272768	0.00378905492084261	0.00117324912453741	4.8151507653533e-05	
0.000293516176756686	0.00279462463861881	0.0164074977265221	0.0510100293176852	0.118457671460953	0.199597079768535	0.224425353011171	0.186700748098649	0.117792028801911	0.0564361197953191	0.0203751973740765	0.00450538848195017	0.00107905369027313	0.000125691657580296	
0.000341494556289756	0.00360875173499019	0.0180521183948112	0.0554536443780745	0.113174862768232	0.197811592534993	0.225970054926146	0.188718028599716	0.117009744925441	0.0564420419228805	0.0184074064888703	0.00422374845937329	0.000699429894971266	8.7080415210566e-05	
0.000215901079672655	0.0031017834906619	0.0154510743622416	0.0504805715510674	0.111924011740336	0.192293850707958	0.222170852601587	0.195501703095734	0.121957070112238	0.0600342988622891	0.0211588633316896	0.00490885740799952	0.000796283323544145	4.87833298162876e-06	
0.000379150540238723	0.00271920969801791	0.0144405016761732	0.0521157927646319	0.111706770742745	0.195675814503138	0.225494331570737	0.191558258600446	0.117478826359077	0.0599800170461965	0.0235834616132767	0.00436449818023996	0.00050336670508292	
0.000255415710468482	0.00374011437653577	0.0158084376648985	0.0511449941143937	0.114684001063634	0.188941217661955	0.226516734423162	0.1939977584165	0.115379422108839	0.0595541076782933	0.0243426358956545	0.00517665516973824	0.000400381383977621	5.81243319498546e-05	
