# <P(U)> as a function of N_tot.
# number_of_species: 1
# species_total_upper_bound: 479
# species_total_lower_bound: 456
# volume: 729
# Bin widths for each
10	10	10	10	10	10	10	10	10	10	10	10	10	10	10	10	10	10	10	10	10	10	10	10	
# Bin lower bound for each
-2310	-2320	-2330	-2340	-2350	-2360	-2360	-2370	-2380	-2390	-2400	-2400	-2420	-2430	-2440	-2450	-2460	-2470	-2480	-2490	-2490	-2500	-2510	-2530	
# Bin upper bound for each
-2140	-2160	-2170	-2170	-2180	-2190	-2200	-2210	-2220	-2240	-2240	-2260	-2260	-2270	-2280	-2290	-2300	-2310	-2320	-2330	-2340	-2350	-2360	-2370	
# Normalized histogram for each
1.53837182694653e-06	3.99430507493573e-05	0.000354690285425868	0.00216900414528398	0.0100601051885859	0.0344101098665106	0.0875393374875198	0.165320108870119	0.221092668915457	0.215119517017515	0.150961073676486	0.0761792170772454	0.0276390982606877	0.00749826095712616	0.00137900014679162	0.00018688031720244	4.709784516344e-05	2.3485203038592e-06	
1.29834442201184e-06	4.92281360569803e-05	0.000292917396803817	0.00206494870822266	0.00940068548590576	0.0330195588959264	0.084512833844073	0.159957694309545	0.219410955481077	0.217321701402101	0.155510437935568	0.0797759831086662	0.0290826154351216	0.00779628587423241	0.00152849639930959	0.000235281799664439	3.90774433030696e-05	
7.01912294014634e-06	5.12052254692892e-05	0.000286807152301753	0.00179101605268894	0.00842728020844407	0.0309508949666674	0.0808478771264177	0.156268244575152	0.217892281662967	0.219513662881095	0.1589474781734	0.0832926575460461	0.0315049805516475	0.00839879667991505	0.00158969566702033	0.000212563645738968	1.7538762088845e-05	
4.46861500879433e-06	5.81554440089745e-05	0.00032442326246403	0.0016860365416143	0.00780308102575218	0.0288214700472588	0.0781389453022579	0.151737496767619	0.214500236940833	0.220705294105976	0.164394898632732	0.087568003958776	0.0332498040720794	0.00896863722043952	0.00180682510876885	0.000216578269817712	1.55449791888079e-05	9.97054058757356e-08	
7.25546349097932e-08	4.02768917042989e-05	0.000232120415735156	0.00146326373820198	0.00745931480708775	0.0278008048050323	0.0758877404215729	0.147757006111349	0.212158205091202	0.221459790910602	0.167670967923088	0.0903766017251896	0.0356320165320089	0.00987363376901666	0.0018904019432453	0.00026500580400802	3.04276000152945e-05	2.34895630520455e-06	
2.4476926272452e-07	2.60905903007841e-05	0.000237852264670491	0.00139735145878129	0.00676845030814093	0.0256047867729736	0.0721448970939253	0.143063781212976	0.210610316019963	0.223327484375381	0.172004763971357	0.0938594390570226	0.0373616074588556	0.0110429737949665	0.0022272824389259	0.000282092042525885	3.91540165076742e-05	1.4323534633509e-06	
2.84099719927219e-05	0.000189850477165034	0.00123245380258175	0.00605817473034708	0.0240597256553081	0.070154183848832	0.14178561365113	0.208936652041505	0.224572571472312	0.174150061381328	0.0962675485112295	0.038759277452839	0.0112262126825127	0.00222682096986581	0.000315113863737862	3.632229890989e-05	1.00718840344686e-06	
1.58633888177528e-05	0.000181852368547874	0.00108198844954607	0.00610689619467812	0.0228008110541178	0.0669465336511375	0.137743748301575	0.207954217333675	0.224911380908178	0.178288608762004	0.099875886916212	0.0392074868875289	0.0119212322724019	0.00254866634801262	0.000361961307986986	4.64642018205159e-05	6.40165375873827e-06	
4.10247719372117e-06	0.000146218822103646	0.000995694813236269	0.00556378501589084	0.0216971396312784	0.0644312740404483	0.135292055623709	0.206031886739971	0.22592796627299	0.180989540008292	0.102465104120236	0.0412098735298859	0.011987556351654	0.00280140196530804	0.000408550455577369	4.62799363070448e-05	1.57019591706585e-06	
3.13456437942819e-06	0.000120452925964132	0.000990485895476292	0.00517389009563037	0.0208647721863761	0.0619812176355658	0.132605085336829	0.202566858321891	0.227128994987494	0.182746315230729	0.105925960477681	0.0439442963489332	0.0126032450559514	0.00283172354468896	0.000471742826998189	4.18245654115564e-05	
4.54875621116318e-06	6.78318516039922e-05	0.000935645559027521	0.00479865634281199	0.01977345232928	0.0606113866099761	0.129954932448791	0.200751519897431	0.225954925112673	0.185552581905803	0.108526595397251	0.04547768377479	0.0139061288161636	0.00316782282854227	0.000468340302675509	4.64590529591257e-05	1.48901400924304e-06	
7.58989101052854e-05	0.000898097714256601	0.00466544692118798	0.0192371741408686	0.0578452772084981	0.127005100361311	0.200536428045493	0.226876576691917	0.187940908471777	0.110678435815269	0.0463175689479107	0.0136584860821623	0.00360112604895589	0.000621752963954699	4.17216763333246e-05	
1.46393388823641e-06	7.0696186217628e-05	0.000697405374495929	0.00446346168317626	0.0186955723474127	0.0571442956170256	0.124867232107645	0.199430922524581	0.227974605457087	0.188581053800352	0.111508107956923	0.0481360466314408	0.0143189101232247	0.0034738878385138	0.000578208422068034	5.78117494497336e-05	3.18246497442698e-07	
3.70612089450133e-06	6.212077823658e-05	0.000657959389073926	0.00396072320460024	0.0178347643391548	0.0553989858596281	0.121656232099982	0.197165085230582	0.227662681223848	0.190296222685161	0.116147443075258	0.0500073721756172	0.0151785046299375	0.00335518675898981	0.000545919803113375	6.14469380739434e-05	5.6456878491175e-06	
8.81702630680692e-06	7.25723072510788e-05	0.00066690350835476	0.00385030449100416	0.0165856536474274	0.052375326884433	0.119743925196131	0.195490898211013	0.229699187786444	0.192012145026521	0.117260859704059	0.0514956239916776	0.0162942827419999	0.00388010058609046	0.000473092544526165	7.55537347032774e-05	1.4752612057678e-05	
4.45558368655503e-06	6.94616403705998e-05	0.000701508918878261	0.00390381875165675	0.0163069452692831	0.0514802594728255	0.117380933709935	0.192176016869676	0.228399175706106	0.195982031012899	0.119101389152789	0.0529819457566694	0.0169565602777549	0.00388516895136874	0.000582826718313125	7.74725979784671e-05	1.00296098087147e-05	
1.49549925420812e-06	4.64964313581069e-05	0.000499451432746293	0.00356755425725676	0.0158033394190183	0.0492029496538454	0.11601151472793	0.19188306812784	0.230575948122962	0.196151277381141	0.120798471886173	0.0537129856683678	0.0170320869244349	0.00391968541801579	0.000701452595646513	8.56603845546722e-05	6.56206945482835e-06	
1.22949739638106e-06	2.36859057243998e-05	0.000460808391825994	0.0036120282995947	0.0155500592803074	0.0486991804541013	0.113805235227035	0.18980946451727	0.230102227736277	0.199272779411307	0.121221120541326	0.0551001699102119	0.0173716862389544	0.00413200625362154	0.000718460419744083	0.000110175623306588	9.68229199650081e-06	
7.25478980493457e-08	3.81239204249312e-05	0.000449624666648076	0.00312263383330171	0.0150016720023379	0.0488091466576163	0.112756754379343	0.189077215675152	0.230090709810902	0.197768843806416	0.124557023668072	0.0553570750863943	0.0180859552030332	0.00406171196262695	0.000650147056856468	0.000139690977694015	3.35987452841032e-05	
1.05347172742981e-06	3.18039481849931e-05	0.000508336435096174	0.00310911292549417	0.014238742031247	0.0471915102166551	0.112036463925881	0.187543450600327	0.228945361734265	0.199251390276174	0.125308818198615	0.0570494808859134	0.0192759897491752	0.00457042351788448	0.000787851545672336	0.000144171238559899	6.03929912707607e-06	
3.09550618710207e-05	0.000394276914671517	0.00311767670438807	0.0141343140498333	0.0461767588595224	0.109714678719377	0.189154661273963	0.228666715287818	0.200337368343229	0.125649960815111	0.0582799243328793	0.0189845102834643	0.00450368869028988	0.000694124521919803	0.000153993248450019	6.3928932124934e-06	
2.41673889808867e-05	0.000448644026158136	0.0029267497602546	0.0143085100155813	0.0463395753200772	0.109557689590353	0.186310721472339	0.226386078712723	0.20206768665814	0.127740541525573	0.0590677577173425	0.0195372875223217	0.00458122216564308	0.000594773690961079	9.49180328017627e-05	1.36764007488533e-05	
2.46806772053908e-05	0.000444090231188213	0.00311914992369595	0.0141607432441527	0.0468867363683302	0.108469902746435	0.185766985470594	0.227285211165463	0.201192120797726	0.127709340910208	0.0594155676822089	0.019911583970772	0.0048179957065879	0.000699246864141357	9.54925363400703e-05	1.15170495161867e-06	
3.04699745500212e-06	2.87442414781616e-05	0.000556198376144501	0.00337102181562992	0.0140175095573929	0.0455317503561369	0.106339680876182	0.184670183692691	0.228977975843997	0.202487865332635	0.128054463272881	0.0594937668094378	0.0205018796693607	0.00504486604882367	0.000805899368172271	0.000106923544910635	8.22419667058093e-06	
