# <P(U)> as a function of N_tot.
# number_of_species: 1
# species_total_upper_bound: 479
# species_total_lower_bound: 456
# volume: 729
# Bin widths for each
10	10	10	10	10	10	10	10	10	10	10	10	10	10	10	10	10	10	10	10	10	10	10	10	
# Bin lower bound for each
-2310	-2320	-2330	-2340	-2350	-2350	-2360	-2370	-2380	-2390	-2400	-2400	-2420	-2430	-2440	-2450	-2460	-2470	-2480	-2490	-2490	-2500	-2510	-2530	
# Bin upper bound for each
-2140	-2160	-2170	-2170	-2180	-2190	-2200	-2210	-2220	-2240	-2240	-2260	-2260	-2270	-2280	-2290	-2300	-2310	-2320	-2330	-2340	-2350	-2360	-2370	
# Normalized histogram for each
1.12402530005602e-08	4.24656758361166e-05	0.000363228775713104	0.00221254264088328	0.0101617956861685	0.0340637103609808	0.0868420597992925	0.164113774785053	0.219886831109545	0.216480764684303	0.151361235665291	0.0765063436784463	0.0282644029876188	0.00787404451245847	0.00154035303094378	0.000225378312914234	5.81570690248987e-05	2.89998527414454e-06	
3.36890905033722e-08	4.40990194689142e-05	0.000305223159960552	0.00215870708188141	0.00954287284325671	0.0327163292447841	0.0840322481407244	0.159672891957661	0.218532573066387	0.218157635948479	0.156004385825477	0.0794459501159573	0.0293946522993326	0.00799986757941493	0.00167322482833415	0.000270972584615457	4.83326151755046e-05	
1.22974428104907e-07	5.00953102125534e-05	0.000311069405638094	0.00184121785556052	0.0085218260213465	0.0308034955727138	0.0806540419553645	0.156390683095111	0.217779461707613	0.219562367325265	0.159352991734743	0.0829020033216287	0.031458300863892	0.00842814186611749	0.00168233489444898	0.000240169058088883	2.16770378268558e-05	
1.91748118594933e-06	3.84953971424798e-05	0.000350383243376367	0.00178701397192289	0.00789599689695477	0.0287598742011238	0.0781049181340378	0.15183960509845	0.214096384243853	0.220804540792803	0.165064719531429	0.0874769270105628	0.0327962169509082	0.00880339160483902	0.00192115916155747	0.000239102054549693	1.92308785608369e-05	1.23346742955805e-07	
8.98342688000329e-08	2.92747423452107e-05	0.00021836464888568	0.00155738934248457	0.00747229095666714	0.0275493741493537	0.0757460432833185	0.148058609583816	0.211593155059922	0.22224838645301	0.168020008696856	0.0902486742820075	0.0352927512414085	0.00969982148583275	0.00192861822901711	0.000296565379876109	3.76742464780138e-05	2.90838445240107e-06	
1.83814026030505e-05	0.000243556381417169	0.00142777516749927	0.00680831265873049	0.0257786025952057	0.072486082240767	0.143228649847046	0.210429099915073	0.223542088226459	0.17233672523353	0.0933951458620235	0.0369028417346356	0.0108553090385339	0.00221585962408119	0.00028883303165122	4.09693830385703e-05	1.76765770619719e-06	
2.3886897211879e-05	0.000196912774904307	0.00117780001766353	0.00591502795097646	0.023967345950166	0.0707892626525089	0.141845260455677	0.210330070849479	0.224722178627607	0.17369262589513	0.0952633896959862	0.0383562815124753	0.0111093576118367	0.00223912478946659	0.000326738229389517	4.34918635298407e-05	1.24422599273513e-06	
1.35410977875766e-05	0.000187453256686229	0.00104349540960715	0.00584004193114334	0.0224884960458479	0.067781312348629	0.13803637891149	0.209114937343286	0.224833973621784	0.178384987849447	0.0991859026887085	0.0386350088375874	0.0115542504602093	0.00251990173654249	0.000335686733462005	3.67159119115884e-05	7.91581587084703e-06	
2.49339494624561e-06	0.000108170660933745	0.000939672949471587	0.00538475594262779	0.0214701633902615	0.0648828537349928	0.135799509841233	0.206852774788605	0.225663496607012	0.180706743363046	0.102199788706118	0.0411008976637372	0.0116927868319275	0.00276206386745795	0.000394091179612008	3.77940270005246e-05	1.94305101666887e-06	
3.51348257703531e-06	7.41898394964337e-05	0.000891848408613821	0.00494974002714352	0.0202586388628409	0.0619745451237584	0.133045056041968	0.203622029983134	0.227371703545581	0.182049054904819	0.105881395854434	0.0441272963432984	0.0124151335794443	0.00279733089201651	0.000502394116401158	3.61289944738229e-05	
1.90118936156531e-06	3.99699751576423e-05	0.000797217072761464	0.00461996889609206	0.0191697373312278	0.0600311453066204	0.129895545731569	0.200846582748243	0.227219375338024	0.185533931145266	0.108205382539324	0.0460385603501176	0.0138866133364676	0.00317683117496967	0.000483599575591536	5.17933480511639e-05	1.84494115560184e-06	
4.86518027347657e-05	0.000766770451165812	0.00460282134002692	0.0188051338239149	0.0575215844878525	0.126754734660397	0.200269965076236	0.228036231036959	0.188223068391513	0.110714173286018	0.0461693994660501	0.0137160763325701	0.00369569917612823	0.00062393822937114	5.17524390620104e-05	
1.81943991310988e-06	5.69902824957336e-05	0.00063161687070574	0.00432507989431879	0.0182851225076357	0.0570161840875401	0.125051958570562	0.199061971366536	0.228587424144329	0.188651023175031	0.111434004563517	0.0484252860560724	0.0144769104599375	0.00338424864533658	0.000548792801617652	6.11716040351787e-05	3.95530415893452e-07	
4.61060093609699e-06	6.79922034851453e-05	0.000602414094790579	0.0038930464287401	0.0175916515814865	0.0551163357136911	0.121958165944636	0.197293697330044	0.228530201480882	0.189646908059078	0.115691237774955	0.0506511556233353	0.0151322981352317	0.00325591122370594	0.000502872693253763	5.44775918960453e-05	7.02351985351384e-06	
1.09594853136457e-05	8.78001653323098e-05	0.000686651299434538	0.00387626826949026	0.0162493803088961	0.0524573504849956	0.120087938910157	0.196590162906083	0.230252436717277	0.191297228630885	0.116408579826281	0.0515270144646903	0.0162183434984254	0.00372197679377568	0.000426143203685334	8.34276696453192e-05	1.83373656330381e-05	
5.54894576711808e-06	8.43326512810783e-05	0.000739164873696595	0.00391651386870664	0.0159480098660709	0.0512748408466097	0.117635928957278	0.193364452878137	0.228558256377194	0.195710264038997	0.118694135563825	0.0528200976745818	0.0168445609607295	0.0037805307242749	0.000529312804287482	8.15581783975193e-05	1.2490790165574e-05	
1.86406031719596e-06	5.7096732382475e-05	0.000481221292553207	0.00354128530393261	0.0156430699112207	0.0487557741951442	0.115174672223916	0.192119342699796	0.232055795640876	0.19607925076163	0.121044010701333	0.0534595327022213	0.0169775224489631	0.00382786480736479	0.00068391808171157	8.95991659132191e-05	8.17927072515076e-06	
1.5301246611688e-06	2.5888359156981e-05	0.000461861378423827	0.00364148292616585	0.0155185468154072	0.0481485564730816	0.112479452591602	0.189390887412336	0.231850541653442	0.200246041795333	0.12138122282995	0.0546421805167494	0.0173978436740714	0.00403507374250164	0.000672557294083446	9.74104361499962e-05	8.92197688460926e-06	
9.07870875068819e-08	3.90270992420209e-05	0.00040195982993672	0.00317903470129879	0.0153105046629496	0.0484599457243015	0.111926089142616	0.187681161377475	0.23145205616752	0.199302771055687	0.124121382426784	0.0553806907984949	0.0178173631167334	0.00409307909831808	0.000658739758563997	0.000144578436854709	3.15258161367648e-05	
1.31571231587258e-06	3.43106013406428e-05	0.000498405436069595	0.00323196790750815	0.0144769300620642	0.0474505408428294	0.111714932325316	0.186776387999932	0.229135859432926	0.199468939945332	0.12591110525846	0.0568006050461877	0.0189353006408313	0.00457964295877839	0.000811987318801744	0.000171530322008113	2.3818929856314e-07	
2.66333340742208e-05	0.000370924544788903	0.00322530243513741	0.0146003142369981	0.0467884418417197	0.110129120334367	0.18916102351369	0.227652880817579	0.200466163984538	0.124980707869044	0.0582547338593392	0.0188827158486635	0.00458478365277074	0.000725971306620126	0.000149214815806871	1.06760486267666e-06	
2.24837728910934e-05	0.000364196405754018	0.00298337499164775	0.0147663648729095	0.0468460152443599	0.109752818286645	0.186363345189113	0.224247405465348	0.201852923010359	0.127664502388641	0.0600155346132255	0.0198142772500726	0.00464168895930487	0.000571176047444108	8.34319882382272e-05	1.04615140464091e-05	
2.66498488413431e-05	0.000429600473679859	0.00317898770571496	0.0146788103971729	0.0475810173260622	0.108234042186577	0.185985779694226	0.22631182206936	0.200172929396024	0.127349739938544	0.0599480091357646	0.0203262124520593	0.00499584226646385	0.000706131715069994	7.35102823776915e-05	9.1511206239118e-07	
3.77491758792565e-06	3.11235830626909e-05	0.00050721975259591	0.00350647529207868	0.0144297616729722	0.0460588830352921	0.105592751980064	0.184485422777129	0.228684062058532	0.201092398791425	0.127711163349982	0.060581781613	0.0211625331968647	0.00522808269207524	0.000794614584533294	0.000119795172303552	1.01555305020301e-05	
