# <P(U)> as a function of N_tot.
# number_of_species: 1
# species_total_upper_bound: 479
# species_total_lower_bound: 456
# volume: 729
# Bin widths for each
10	10	10	10	10	10	10	10	10	10	10	10	10	10	10	10	10	10	10	10	10	10	10	10	
# Bin lower bound for each
-2310	-2320	-2330	-2340	-2350	-2350	-2360	-2370	-2380	-2390	-2400	-2400	-2420	-2430	-2440	-2450	-2460	-2470	-2480	-2490	-2490	-2500	-2510	-2530	
# Bin upper bound for each
-2140	-2160	-2170	-2170	-2180	-2190	-2200	-2210	-2220	-2240	-2240	-2260	-2260	-2270	-2280	-2290	-2300	-2310	-2320	-2330	-2340	-2350	-2360	-2370	
# Normalized histogram for each
1.08303397281544e-08	4.09170234929672e-05	0.000361289302991501	0.00220917269774893	0.0101440427602607	0.0340072342553855	0.0867915808447983	0.16465288593301	0.220190499827435	0.216264035971371	0.151319600541981	0.0765000830091389	0.0280473199636616	0.00769898526323254	0.00149635222786099	0.000217159141889223	5.60361777534706e-05	2.79422764986382e-06	
3.2443470227114e-08	4.24685025272923e-05	0.000307109889169861	0.00216866213835129	0.0095442200714124	0.0326957614660901	0.0839283159362434	0.15974310395115	0.218758554937555	0.218118293867113	0.155962250075783	0.0795236390153493	0.0293505693234228	0.00791155650468327	0.00163612420355336	0.000262792108839624	4.65455652858329e-05	
1.1859265833605e-07	4.83103365458036e-05	0.000303068928953154	0.00188501952310076	0.00850455983919784	0.0308160650833059	0.0806194400729573	0.156394909110425	0.217515818670402	0.219419565052369	0.159629610115747	0.0830872993871768	0.0314829655068833	0.00839771863518782	0.00164067552232546	0.000233950971444753	2.09046513194183e-05	
1.84938648387893e-06	3.7128326310856e-05	0.000341768785245954	0.0017838143771435	0.00791525518461982	0.0287484208835058	0.078259644258505	0.151764288749319	0.213734915387216	0.220537802454722	0.165175033723725	0.0878473180262102	0.0328890349940262	0.00882862499001764	0.00187639185259382	0.000240041713506976	1.85479404669729e-05	1.18966382003908e-07	
8.66237903447867e-08	2.82285276786074e-05	0.000212228286344727	0.00155299131330134	0.00754801811156196	0.0276704214253897	0.0758418462682828	0.148091880381814	0.211421775544722	0.221884229426487	0.16787839994858	0.0906214241293297	0.0353456357450992	0.00965790294501613	0.0019127940544722	0.000293004970841241	3.63278520758449e-05	2.80444521241247e-06	
1.7739648726019e-05	0.000238529713728065	0.00141867523110562	0.00683374889243264	0.0258275897036703	0.072348808958041	0.143116500192534	0.210187866227112	0.223506174736598	0.172313705399953	0.0936584999067994	0.0371241720993396	0.0108841328635123	0.00218984788515747	0.000290204673437576	4.20979247612587e-05	1.70594309112051e-06	
2.30281889022111e-05	0.000189833972053094	0.00118405522581144	0.00598415206739645	0.0240174932972409	0.0708067964344194	0.141869842255717	0.209969308211377	0.224657434887985	0.173665968155743	0.0954641405496279	0.0384744303570618	0.0110968746738529	0.00222834198833747	0.000324707189175805	4.23930478945914e-05	1.19949740410391e-06	
1.30461868332517e-05	0.000184388270790029	0.0010472431633113	0.00598758314564205	0.0226115082253071	0.0677691963821518	0.138097825285033	0.208829046965018	0.224902695567209	0.178240823175878	0.0990993111656623	0.0386813814384392	0.0116007104395154	0.00253669364450789	0.000350559478041753	4.03609644070166e-05	7.62650225326902e-06	
2.40114341151341e-06	0.000104168523406692	0.000950604023849108	0.00545166632430544	0.0216525919283163	0.065121334751926	0.135992423721947	0.206629422841268	0.225356362130153	0.180868777382769	0.101918630398181	0.0409841326386429	0.0117141511884492	0.00279666148481171	0.000407350734974856	4.74496222806726e-05	1.87116130717036e-06	
3.3803800718921e-06	7.25096960115504e-05	0.000914191725744787	0.00501676663080964	0.0206832522025812	0.0622453621375628	0.133239060946068	0.203062496086341	0.227200029338656	0.181890153973486	0.105839297883538	0.0439805599233291	0.0124523962867601	0.00283156286742272	0.000532404426628356	3.65754949900865e-05	
1.82828243445521e-06	4.22884972561267e-05	0.000830905684383235	0.00465357379884765	0.0194564518486013	0.060512091740746	0.130392616404579	0.200795164385526	0.227042041105761	0.185044457121498	0.10780934722701	0.045779835156863	0.0139069763839135	0.00318429463414035	0.000494923627774505	5.14299094284027e-05	1.77419123816955e-06	
4.67532764159777e-05	0.000791826058048586	0.00464306083808287	0.0189802266362636	0.0579695553715739	0.12723943724571	0.200319597379637	0.228039230322101	0.187812787139202	0.110184622133356	0.0460064266847895	0.0136461166170603	0.00364792574673894	0.000622701633581148	4.97329174390122e-05	
1.74729602142215e-06	5.82359655338588e-05	0.000637198703762478	0.0043903579994663	0.0184594010668621	0.0573609283685469	0.125275275092766	0.199439493482977	0.228528966022277	0.18838609885146	0.111016796919445	0.0481436379779761	0.0143373995190834	0.00337746894555743	0.00052786789556492	5.87460457388703e-05	3.79846961178729e-07	
4.42311832450104e-06	6.57055857246519e-05	0.000626050558524648	0.00392729436765329	0.0177112742677865	0.0554630999451946	0.12210806036698	0.197689925929613	0.228425653521166	0.189560853903098	0.115286709898754	0.0503271097051801	0.0150162910946544	0.00324142846942826	0.000487118999162433	5.22623489496941e-05	6.73791980636523e-06	
1.05134062621229e-05	8.42264742917086e-05	0.000697472377705024	0.00386752449125085	0.0163187791373093	0.0525810780884659	0.120416783506377	0.197049749611849	0.230272752875384	0.191078817684442	0.116304979478698	0.0510185041152724	0.0160896844278635	0.00369661118883083	0.000414900197643367	8.00319503500162e-05	1.75909880035315e-05	
5.31527510920233e-06	8.07813341596525e-05	0.000738779850178232	0.00396073690887334	0.0161162612511086	0.051350742660001	0.11783109049334	0.19343491279662	0.228681478320761	0.195698146090618	0.118442010858391	0.0525636342024199	0.0167234609235835	0.00376754292990417	0.000515017615581037	7.81236966050513e-05	1.19647927458167e-05	
1.78422277974318e-06	5.46512844171032e-05	0.000472516259432956	0.00356364437818814	0.0157069024150493	0.0488803834448305	0.115465231061554	0.192216115097984	0.23220995531214	0.19596263690436	0.120744227220187	0.0532537189339375	0.0169130153872129	0.00379658817892286	0.000662995558009781	8.78053877061492e-05	7.82895328808523e-06	
1.46528442221115e-06	2.72047291623761e-05	0.000452665144961611	0.00361519066824996	0.015703722506591	0.0483521880063346	0.113067261026252	0.189602158579437	0.231250799643957	0.2000362765636	0.121333318321351	0.0545510953027991	0.0172132348152225	0.004015568862469	0.000675905536345545	9.34011077657973e-05	8.54390107951059e-06	
8.68626439924764e-08	3.89687536611247e-05	0.000413542190217681	0.003157598260923	0.015326685518032	0.0486722013371853	0.112488112032832	0.18820597478182	0.23074030968487	0.19878511734546	0.124239194531389	0.0551629906938621	0.0178564080146859	0.00407302195029872	0.000671296228434856	0.000138328760558019	3.01630531263874e-05	
1.25824247801224e-06	3.28119266895433e-05	0.000500205619599435	0.00322675198794448	0.0145752964676892	0.04750823137348	0.111820150030881	0.18729668198096	0.228759806684927	0.199205524005547	0.125714596308032	0.0567210068690602	0.0190130200653772	0.00461638318264777	0.000832262317697613	0.000169450551650924	6.56238533790866e-06	
2.63560196556807e-05	0.000391364077525243	0.00325001445181168	0.0145106401456738	0.0466997814590573	0.10974927961752	0.189358918937347	0.228042418155895	0.200579836778018	0.125007068378107	0.0580542176350822	0.0188386223197919	0.00460745810389645	0.00073540465067285	0.000147315592139748	1.30367780654645e-06	
2.53527489294226e-05	0.000407407746453986	0.00301730174166568	0.014754737203879	0.046722302911701	0.109294120821961	0.186266278482861	0.224865508698525	0.201872578057738	0.127844271664865	0.0598222836141797	0.0196831904046413	0.00469211970124572	0.000611722985585593	0.000109115288179384	1.17079275892596e-05	
2.54890663913221e-05	0.000452591035646918	0.00320804663781869	0.0146198368189543	0.0475489140574325	0.108038503305504	0.186226502653846	0.226693416239261	0.199877050478246	0.127465601528251	0.0599568165261884	0.0201443998306322	0.00492297621482646	0.000717717886607576	0.000100771472278255	1.36624811477774e-06	
3.60579178230905e-06	2.9729168234672e-05	0.000507289166588984	0.00349293794511053	0.0144176148480847	0.0460317080778203	0.105915517340923	0.184245631982127	0.229111701387853	0.201047749490264	0.127744023501168	0.0604215083373777	0.020962988493844	0.00514713481232205	0.000787402814338568	0.0001237243953151	9.73244684605541e-06	
