# <P(U)> as a function of N_tot.
# number_of_species: 1
# species_total_upper_bound: 479
# species_total_lower_bound: 456
# volume: 729
# Bin widths for each
10	10	10	10	10	10	10	10	10	10	10	10	10	10	10	10	10	10	10	10	10	10	10	10	
# Bin lower bound for each
-2310	-2310	-2320	-2330	-2340	-2350	-2360	-2360	-2370	-2380	-2400	-2400	-2410	-2420	-2430	-2440	-2450	-2450	-2460	-2480	-2490	-2500	-2500	-2510	
# Bin upper bound for each
-2150	-2160	-2170	-2180	-2180	-2190	-2200	-2210	-2230	-2240	-2250	-2260	-2270	-2280	-2290	-2290	-2310	-2320	-2320	-2330	-2340	-2350	-2370	-2380	
# Normalized histogram for each
3.83394141561156e-08	8.19696674657751e-05	0.000429209741477714	0.00229415386427364	0.0114608394131018	0.0351037976378243	0.0893253907869391	0.166459499642274	0.217656764784512	0.214178728150512	0.148085488765612	0.0765762703793635	0.0284863764150646	0.00827648269153729	0.00140513952882164	0.000173600867298891	6.24932450744684e-06	
5.43715844380949e-05	0.000318729977740556	0.00227958894163855	0.0101544003772722	0.0349467332568713	0.0856756511150288	0.161395639368318	0.219199482685558	0.214431771983711	0.155020657184482	0.077257659515649	0.029540759078591	0.00798971493181072	0.00151234122091182	0.00020612225571289	1.63765222656612e-05	
6.47154088252287e-05	0.000315013426475446	0.00189939537103413	0.00908299354926721	0.0329003673416375	0.0822179784739198	0.158637448805154	0.220481604335174	0.215235336851778	0.157374089843317	0.0809294920550286	0.0311312291022377	0.00798031509756026	0.00156939561366997	0.00017115967383434	9.46505108761325e-06	
2.98999083706442e-05	0.00042672939402665	0.00171650952666159	0.00799114393190165	0.0296321955319121	0.0803554791863103	0.154446627820516	0.213339668017346	0.218754061825742	0.165338250207154	0.0853851083843577	0.0321111152534682	0.00850090364791996	0.00167016092183141	0.000266588782026483	3.55576604558162e-05	
1.22683654514249e-05	0.000192869242142799	0.00142629156628528	0.00732395074334064	0.0281395283460772	0.0777137727869365	0.151153111571714	0.211778217908524	0.220582313073859	0.168015189591218	0.0880762137957619	0.034539400213161	0.00915871113971723	0.00150603594171954	0.000313595979468476	6.69491476628369e-05	1.58058695999952e-06	
1.74128248967823e-05	0.000249048235916425	0.00131825547110211	0.00700208550339729	0.0264700347703473	0.0739766677114362	0.145849111370485	0.211303994890644	0.22324612871052	0.169624081772419	0.0920183720996623	0.0361221579168343	0.0101954705431053	0.00220993409881008	0.000284060718595148	0.000107877307890581	5.30605393850448e-06	
2.12391413003855e-05	0.000175722771185072	0.00113325720188913	0.00615323953680866	0.0240553458069842	0.071045606698712	0.145860991216012	0.210795346236294	0.223356770455396	0.17158981536773	0.0942650432820124	0.0386297728321052	0.0103897503148429	0.00215752705170577	0.000252493024375631	0.000113891594291055	4.18746835584865e-06	
0.000148772085178189	0.00107486885153931	0.00598237917681415	0.0226650675497192	0.0682006444064762	0.14174080601763	0.209134522747858	0.22317171788906	0.178025901182174	0.0962068190915545	0.0389796869699048	0.0116709240215283	0.00275156432144068	0.000217441948413109	2.72559545364621e-05	1.62778617370538e-06	
5.55712422180223e-05	0.000967496853698247	0.00555586470875746	0.0208815812705372	0.0660618027020906	0.139332103895933	0.208606428203444	0.223474483525226	0.180835654081536	0.100059380315002	0.039281425671059	0.0118232779536898	0.00273699818042349	0.000315870604805187	1.20607915802851e-05	
4.09525906414752e-05	0.000711915177596829	0.00468656789186466	0.0197929110949147	0.0616566677649466	0.135382937388419	0.207683474593246	0.226714318143636	0.180814305194077	0.102548237105485	0.0446677863738969	0.0121809307968761	0.00262593445660143	0.000454204988716494	3.8856439082575e-05	
6.23505487175435e-06	3.65251053907091e-05	0.0007114505512616	0.00461948287609533	0.0195817671446401	0.060311878214445	0.131674390501256	0.204065571377927	0.230218047181584	0.181421122187485	0.10577158630842	0.0449497806742473	0.0134527466936986	0.00280442761253321	0.000355590567655176	1.93979484899024e-05	
1.86623752219296e-05	0.000629188650339342	0.00408698289668656	0.0189054111228529	0.0575919740195008	0.12911272576934	0.205237906645622	0.227739939994475	0.186352085220983	0.108497562879261	0.0452503095906449	0.0129390149897898	0.0031602781196208	0.000462425065540484	1.55326601225998e-05	
6.26967467097704e-05	0.000456614313983457	0.0038398479854525	0.0171507220536771	0.058225574103236	0.1267917542596	0.20051784582307	0.22981257297269	0.187557356341163	0.110472593115851	0.0475736821729937	0.0139064546030826	0.00316167431932001	0.000458657934878671	1.19532542927606e-05	
2.87659044230401e-05	0.000429632701544114	0.00335072523523376	0.0173092643649639	0.0558060865637979	0.125052423347661	0.200009526772648	0.227869382534062	0.187249605657728	0.114911359450738	0.0488683226419411	0.0153457207411412	0.00316034443768128	0.000553395685493242	5.54439609444078e-05	
1.31703093643874e-05	0.00060394172296459	0.00341779183657878	0.0158252660682506	0.0526529657084153	0.120643316699477	0.197622847991727	0.230722384516567	0.191013708669899	0.116612738562677	0.0506258581219347	0.0161114209717131	0.00361337672403115	0.000449605780970185	7.16063154298362e-05	
3.36004752178065e-05	0.000685162577218529	0.00345025664981922	0.0155170176125078	0.0512092582113101	0.120233247825427	0.191114963482763	0.228560248736636	0.194627803927647	0.120403810976763	0.0526850019467712	0.0171809395290385	0.00365663185499649	0.00057586403369825	5.40090779482526e-05	1.21830822383271e-05	
2.33553248369516e-05	0.000385479636433886	0.00286367422934143	0.0141064604993532	0.0479304593645958	0.115125714123117	0.190374546619622	0.233004982118969	0.197774486666503	0.122661270756218	0.0539902708723327	0.0169647240784407	0.0039249791154739	0.00078660734050853	8.29892542539681e-05	
0.000259166506924767	0.00294775055616148	0.0144785319578231	0.0475211877503	0.113170402974046	0.187928010830872	0.229130994826471	0.202467810266375	0.122671118327492	0.0563334737656292	0.0183623589798578	0.00378105073060393	0.000848021550532646	0.000100120976910517	
0.000246692190758365	0.00260682094216957	0.0143789074182046	0.0492290344961275	0.11455899627723	0.188678628106638	0.22586665513828	0.197788242540231	0.123884570204417	0.0589244291678373	0.0184394600870269	0.00434082537424376	0.000850113076153527	0.000202313701415591	4.31127926770272e-06	
2.20599353790432e-05	0.000293789229159322	0.00259158695056206	0.0133830538665601	0.0475234771971161	0.112306536941045	0.190892660631776	0.228354312186661	0.195849373652294	0.124614515500847	0.05688857324655	0.020748101914842	0.00526012624302983	0.000984894924606903	0.000286105876442025	8.31703129191932e-07	
1.4535156821934e-05	0.000237368170756029	0.00236647321515266	0.0134588461850708	0.0482001162576202	0.110933025897041	0.189033023285439	0.225255500680415	0.200141822164286	0.126048998131819	0.0586147333785459	0.0198342653362547	0.00475346896879916	0.000881169263161693	0.000223463264636401	3.19064418042455e-06	
1.21908100875886e-06	0.000215580712581164	0.00262774877697664	0.0131673333007983	0.0453693974723574	0.111333438279167	0.188154417924014	0.222382712707712	0.199856258551509	0.128805189321118	0.0605254058251859	0.021510487773581	0.00520252651786302	0.000696685133908774	0.000122262027620364	2.93365945978745e-05	
0.00032732978452449	0.00283132093985119	0.0126086546010589	0.0451444726841272	0.10855930817718	0.189702276560367	0.224545781295231	0.199246503486506	0.127491566511883	0.061461788526986	0.0219750559454219	0.00514293679395687	0.000936161627620316	2.6843065286653e-05	
0.000168963904210451	0.00326957352786559	0.0137450207982211	0.0453520918156309	0.106751780298762	0.187948694783352	0.227284231441672	0.197630712113209	0.125887434311052	0.061514469039391	0.0231807144111809	0.00618410250340446	0.000949369379805673	0.000132841672243708	
