# <P(U)> as a function of N_tot.
# number_of_species: 1
# species_total_upper_bound: 479
# species_total_lower_bound: 456
# volume: 729
# Bin widths for each
10	10	10	10	10	10	10	10	10	10	10	10	10	10	10	10	10	10	10	10	10	10	10	10	
# Bin lower bound for each
-2300	-2310	-2320	-2330	-2340	-2350	-2360	-2360	-2370	-2380	-2400	-2400	-2410	-2420	-2430	-2440	-2450	-2450	-2460	-2470	-2480	-2490	-2500	-2510	
# Bin upper bound for each
-2150	-2160	-2170	-2180	-2200	-2200	-2210	-2230	-2230	-2240	-2250	-2260	-2270	-2280	-2290	-2290	-2310	-2320	-2330	-2340	-2350	-2350	-2370	-2380	
# Normalized histogram for each
0.000127005790064811	0.000615744879092461	0.00224932994579472	0.0121964126604681	0.0326969948600326	0.0867330253981084	0.169876074279731	0.216617075210927	0.213545346897121	0.149107667723434	0.0764839451586128	0.0284510908416089	0.00929985546812845	0.00184705525056825	0.000139473166349421	1.39024699576594e-05	
4.47591752918502e-05	0.000383210878559315	0.00221037987880662	0.00950024798391563	0.0341970949938897	0.085428085342636	0.161757670208067	0.219720169252978	0.213593497169999	0.153400273166603	0.0792542126748038	0.0297728087557989	0.00836354577665533	0.00213198350511362	0.000235912501689772	6.1487351916077e-06	
9.81382769209946e-05	0.000407828929973943	0.00171195785151954	0.00953868526503951	0.0343310784028915	0.0811195898832492	0.158715349528133	0.221572160986207	0.214897958839297	0.15465757601298	0.081093834136365	0.0318946735605624	0.00793987507397006	0.00174197661857773	0.00027754037590779	1.77625840580986e-06	
4.64887111673985e-05	0.000522469719824512	0.00176639493075823	0.00758831358326181	0.0313304857823786	0.0795730892347289	0.152411830813493	0.21228673743986	0.21749417746502	0.167949537912777	0.0862782053526116	0.0326616653735526	0.00825253865342631	0.00150401546242708	0.000319785982878771	1.42635818354518e-05	
2.14264433299349e-05	0.000220993398973213	0.00152384510806409	0.00733731729419436	0.0291680297986933	0.0779051313232909	0.148803727138671	0.209080473559813	0.221274953063251	0.171611733368277	0.0875561503410302	0.0348579015100773	0.00888692725766759	0.00142299916197816	0.000328391232688961	
1.57080001455608e-05	0.000325766469685436	0.00142951527991351	0.0065419457272887	0.0277622321905967	0.076049060971388	0.14303312232544	0.208859940402102	0.225835663426077	0.170290516844692	0.0908506222418824	0.036057016200795	0.0103133492955704	0.00238997222214708	0.000237976202205246	7.59220007035439e-06	
5.02368762406969e-05	0.000154815240279945	0.00129322033278227	0.00519902592213891	0.024581715543816	0.073501903781302	0.143040894334182	0.210947766408698	0.225959847797434	0.17085044071482	0.0919803296306465	0.0395381169844632	0.0102217320086622	0.00240432083535627	0.000257252067854226	1.83815213243047e-05	
0.000208970525053067	0.00122324858240351	0.00556138097081431	0.0205546173446599	0.0695376451804555	0.139089647114541	0.206122304652439	0.224320021609573	0.180467229026024	0.0986604971619711	0.0398154430458721	0.0112205119370203	0.00290821745128984	0.000310265397884134	
6.85165674369296e-05	0.000938284203754132	0.00519591243251009	0.0193517843939858	0.0643452613549191	0.136724417550261	0.207143476223398	0.226703254222737	0.183944901158524	0.101651092167177	0.0397973026816686	0.0108568647010762	0.00282567561044989	0.000448630772771743	4.62595933013665e-06	
5.61780645134192e-05	0.000756828785010222	0.00463775298942557	0.0192584880505232	0.0604600230942598	0.130815523486806	0.206505402369699	0.230487398087566	0.18675513749275	0.10365605443777	0.0418324444598453	0.0112303626162807	0.00291688411602853	0.000582606781199914	4.8915168322432e-05	
1.40289000536995e-05	6.46022187658015e-05	0.000631300502416478	0.00509924537507433	0.0187846105737552	0.0598878155625706	0.131039625494183	0.200522342711999	0.230387272981871	0.185224606586776	0.107598632476678	0.0445525824390559	0.0126319853205747	0.00298538457068665	0.000548426074321475	2.75382112165213e-05	
1.60472542799074e-05	0.000521361337420034	0.00414542440452477	0.0199033048273629	0.0579871021937992	0.127243127065648	0.201911698936765	0.229587718129281	0.188622653699555	0.10973321788613	0.0433425000366296	0.0127896616610862	0.00335588205128563	0.000824514901968719	1.57856142644741e-05	
0.000110028167902984	0.000609998930858369	0.0035966754885268	0.0161544186516429	0.0612943395351621	0.131417488043087	0.196597500007785	0.229206925269768	0.187482808098765	0.110557808211215	0.0448534324463379	0.0140190763931106	0.00357773195961897	0.000515540786715241	6.2280095039425e-06	
5.62033120393943e-05	0.000376257211451325	0.00323129832613466	0.0160334543026119	0.0552903785506551	0.13061702000106	0.203341840220171	0.22561612771902	0.1843044278102	0.116563490746756	0.0465434875958855	0.0139881765658853	0.00365443519941109	0.000350813231427289	3.25892072910596e-05	
2.9675312801799e-06	0.000416850864533506	0.00311870081480554	0.0151473270180195	0.053854321271046	0.122311602130862	0.202879989107415	0.229101182779416	0.186346650420888	0.117553427564089	0.0490728428556903	0.0159882730146234	0.00366795594263413	0.000482834795351624	5.50738893468682e-05	
4.34944915658885e-05	0.000562650299078889	0.00328804465781729	0.0164072334551642	0.0500450571679096	0.120284407094551	0.195006380928403	0.229713856598401	0.191057671438617	0.121091703056769	0.0524705912993654	0.0163089584762169	0.0031484455711148	0.000459860921805412	8.43845225589693e-05	2.72600206620539e-05	
5.20404451400903e-05	0.000557786837826534	0.0026351546737437	0.014287790947287	0.0477158841489488	0.119272710493626	0.195086098314462	0.231966207710416	0.194792937140173	0.120308402085989	0.0534711237110666	0.0153367528531608	0.00370042258576135	0.000703586818294021	0.000113101234104463	
0.000424657420418281	0.0031724664549065	0.0146969953410139	0.0469783940777127	0.116954152305505	0.188969315767998	0.227589699586582	0.199158032476015	0.122112056203475	0.0577347784805836	0.0179445968575351	0.00325914730014533	0.000881765490265024	0.000123942237844017	
0.000321345936497677	0.00292494660025168	0.0144833582536525	0.0485944913796769	0.11529115033375	0.190911096939678	0.225656539001224	0.194533399151035	0.123613660799978	0.0604243006337937	0.0181501948203401	0.00386619329848767	0.00114531883236509	8.40040192692296e-05	
0.000223871781150963	0.00225568179021483	0.0138304769391849	0.0467470999507078	0.113394968536654	0.193548713163555	0.229160411382636	0.192702096361024	0.121876078926625	0.0574888143216061	0.022101603157515	0.00515889534789692	0.00119521338048323	0.000316074960745529	
0.000266818492267868	0.00273829971371097	0.0143495523817873	0.0486204806260321	0.106931659452026	0.191890368617002	0.226693978129919	0.199347906378422	0.123683707746607	0.058675654102797	0.0208101047316884	0.00464642987560837	0.00106041019151069	0.000284629560621796	
0.000166951144167749	0.00262956820506651	0.0133847643402177	0.0441339383090971	0.109221034371067	0.185025973003369	0.221289620426402	0.2034102401729	0.129905088625278	0.061614442115741	0.0227566509951218	0.00540434181703523	0.000904903260405028	0.000139330550463526	1.31526636686777e-05	
0.000396750943552371	0.00278809585440858	0.0123985530118016	0.0445500898496364	0.107185725637432	0.191717935886871	0.223112445772568	0.200633390686728	0.122712606503154	0.0634117604653169	0.0244493037545698	0.00546891754866759	0.00115524033412073	1.91837511734993e-05	
0.000312633034757809	0.0034686843166269	0.0147948731301698	0.0449559891885119	0.10911932712498	0.187259302674096	0.225339617996745	0.198333426770867	0.120492046963929	0.0616218081297933	0.0254483116992949	0.00767831239162799	0.00110825291423292	6.74136643685077e-05	
