# <P(U)> as a function of N_tot.
# number_of_species: 1
# species_total_upper_bound: 479
# species_total_lower_bound: 456
# volume: 729
# Bin widths for each
10	10	10	10	10	10	10	10	10	10	10	10	10	10	10	10	10	10	10	10	10	10	10	10	
# Bin lower bound for each
-2300	-2310	-2320	-2330	-2340	-2350	-2360	-2360	-2370	-2380	-2400	-2400	-2410	-2420	-2430	-2440	-2450	-2450	-2460	-2470	-2480	-2490	-2500	-2510	
# Bin upper bound for each
-2150	-2160	-2170	-2180	-2200	-2200	-2210	-2230	-2230	-2240	-2250	-2260	-2270	-2280	-2290	-2290	-2310	-2320	-2330	-2340	-2350	-2350	-2370	-2380	
# Normalized histogram for each
0.000139473654401817	0.000672645187789554	0.00240828449867544	0.0126130083807316	0.031733900815123	0.0855418713995777	0.164721143802164	0.21680352190677	0.214812180896148	0.151345561246024	0.0778825417103548	0.0293041436775637	0.00982708123306136	0.00202620942422301	0.000153164924148888	1.52672432431368e-05	
4.93376839535612e-05	0.000420516542626413	0.00229564754912812	0.00981650468124916	0.0343735145744017	0.0841270304824159	0.159289553298603	0.219926563598418	0.213728654100874	0.15369127108725	0.0806262477076665	0.0300521314926025	0.0089861365094974	0.00235006850961023	0.000260044479666346	6.77770203806497e-06	
0.000108413293451631	0.000439834203206934	0.00175256711396062	0.00981812370045083	0.0348094972399741	0.0814262323083977	0.157130695511994	0.220204862861108	0.214138624006706	0.155025907833788	0.0828768119859383	0.0318531991781782	0.00818554704612039	0.00192112280459402	0.00030659868057588	1.96223155568563e-06	
5.1362986897769e-05	0.000541451486880648	0.00180665415277531	0.00807361950299306	0.0322559557717989	0.0795618503749498	0.15166916088444	0.211145651422755	0.216045077246819	0.168593459624023	0.0870346785766538	0.0327806753765841	0.00843218762743468	0.00163914077505191	0.000353315091690714	1.57590982527246e-05	
2.36751456950856e-05	0.000220315818617078	0.00152655774143023	0.00769080259722218	0.0295198739151745	0.0781383508989218	0.147830838149073	0.208247462014598	0.220521557589792	0.172659119969398	0.0878142459808505	0.0349643747755997	0.00893560653864478	0.00154436301629183	0.000362855848690383	
1.72697105682857e-05	0.000358154608618948	0.00149325430713777	0.00675965254493651	0.0280061936857525	0.0766278165338866	0.142405841460411	0.20795820883551	0.22663597647213	0.169632691485351	0.0908096069097263	0.0359439283199555	0.0105438299017939	0.00253759208233661	0.000261636115109529	8.34702677467144e-06	
5.50846184861827e-05	0.000169754552528467	0.00120295805379683	0.00534496913549143	0.0247977646016066	0.0730649032805092	0.142249618639304	0.211734706606896	0.225855741505008	0.171717443498396	0.0919355433647544	0.0389241807679539	0.0101762717575682	0.00246882802533188	0.000282076296795142	2.01552955739851e-05	
0.000229961193317199	0.0012861442822168	0.00559718522818236	0.0204888791625122	0.0688006246206323	0.136996503965709	0.206835562338013	0.225430626227825	0.180570249146081	0.0999335472616088	0.0394453663697261	0.0109852793628651	0.00305863990924822	0.000341430932062559	
7.55319057835213e-05	0.000925915324018886	0.00529040863145905	0.0191640321105856	0.0637895328943374	0.137060581110731	0.206162171908886	0.225853387856144	0.185189511475991	0.103045533038281	0.0395309940123886	0.0105698482982565	0.00284288622710818	0.000494565599652611	5.09960637774093e-06	
3.37750706107046e-05	0.000633016438007503	0.00469957365021898	0.0191906273695172	0.0601702399046169	0.131730904625104	0.205830409467085	0.228183602832267	0.187916266857897	0.10433825781605	0.0422125477774504	0.0113084549453623	0.00305388575413007	0.000644339312682152	5.40981790010999e-05	
1.5483382602986e-05	7.13000211223923e-05	0.000533985546931375	0.00501336636454955	0.0193005142968012	0.0598391639738006	0.129742717792414	0.20132143980166	0.229983474834247	0.184608275198966	0.108000225560389	0.0448953103510236	0.0128818875963769	0.00315717640447183	0.000605285568053767	3.03933065910466e-05	
1.41697992275324e-05	0.000468282748444137	0.0041913489687686	0.0202986256071177	0.057706022087029	0.126105001706199	0.201776776359029	0.228506743853898	0.189119263512068	0.110100310532121	0.0438473761219861	0.0134439367040892	0.00352070984094497	0.000883865490172177	1.75666689053655e-05	
5.97966777275983e-05	0.00037767853015308	0.00343651603815706	0.0163164490581248	0.0615807896243363	0.130265657159189	0.194510257940771	0.228361477022521	0.188156788245815	0.112185060735301	0.0457525024231223	0.0146740271821935	0.00376331408888229	0.000552707379384916	6.97789432153497e-06	
5.98926534825464e-05	0.000256092725235715	0.00283088674958144	0.0164435329309281	0.0545427348342754	0.129468542686841	0.202907950597314	0.225595563105024	0.184262157913619	0.118131128916527	0.0468767702262113	0.0143764987915256	0.00381552590667053	0.000395940595928952	3.67813668349299e-05	
3.33761300396852e-06	0.000429766756805123	0.00307541405298029	0.0144588340284567	0.0530758018050793	0.120904638408406	0.201191999034841	0.227991460815294	0.187843019495292	0.119991801251821	0.0503684086683307	0.0161743671124965	0.00388615951767958	0.000543049268763349	6.19421707501217e-05	
4.52727344907639e-05	0.000593630175147791	0.00328251770379037	0.0162373644580287	0.049478209734205	0.120385090075141	0.194087048419141	0.227156874229606	0.190358061372618	0.122704071006422	0.0547448074715852	0.0169138153807222	0.003369543046548	0.000517947461333858	9.50434080454049e-05	3.07033231751617e-05	
5.8627598277443e-05	0.00058031551028289	0.00243802867436747	0.0143109967395238	0.0482234469744642	0.119564342225707	0.194824883272452	0.228173336011963	0.194646362235697	0.121202592746906	0.0552855320376374	0.0158858317419197	0.00388564178850133	0.000792645128711029	0.000127417313589643	
0.000476213690177433	0.00321412362507397	0.0146867048494248	0.0464459892753342	0.115880887921269	0.189678021673951	0.226300767150338	0.198798077842645	0.122594863385523	0.0589990998531339	0.0185753746222537	0.00333673271111347	0.000874153739827247	0.000138989659934382	
0.000222688752563403	0.0030499988807165	0.0144285376415042	0.0478321425130153	0.113746650665779	0.191690439274977	0.225282959735966	0.193784278057274	0.124499363954983	0.0610269377473982	0.0189369142619104	0.00413784511646875	0.00126761289920706	9.36304982368852e-05	
0.000214107219078358	0.00224699581729413	0.014081651984093	0.0466374456330774	0.111950759466507	0.192932712753205	0.229691355452964	0.19162153940241	0.121974396746278	0.059149993357665	0.0225679227885544	0.00527367992434813	0.00130409867444147	0.000353340780085258	
0.000239242856389863	0.00277359680306731	0.0150519970092203	0.0489360476806816	0.106621492617733	0.191592434030076	0.226956647359348	0.197997329382068	0.122099851437117	0.0594360857487003	0.022042261357447	0.00486138360654458	0.00108142456382835	0.000310205547779268	
0.000184566840347037	0.00268018889136982	0.0132733257493972	0.045104391514591	0.10854137698429	0.183236449627955	0.222307573631191	0.202702811316623	0.12908181378529	0.0628497629840273	0.0235305568390395	0.00550024867024639	0.000882058946512471	0.000110171603053675	1.47026160658818e-05	
0.000425993091627701	0.00295687639898162	0.0125470601757193	0.0452783556895487	0.107419001484779	0.190557540864303	0.223311242012987	0.197223646277761	0.123108285098451	0.0648769935413612	0.0253670877241624	0.00563582758263317	0.00127082854035488	2.12615173305679e-05	
0.000337764189199149	0.0035629612619483	0.0152437061236269	0.0461709973149541	0.11012896909288	0.186354094016172	0.224265627145574	0.195136932686109	0.11988728005083	0.0629896756455243	0.0264540248923383	0.00817344729327047	0.00121907367855943	7.54466090143376e-05	
