# <P(U)> as a function of N_tot.
# number_of_species: 1
# species_total_upper_bound: 479
# species_total_lower_bound: 456
# volume: 729
# Bin widths for each
10	10	10	10	10	10	10	10	10	10	10	10	10	10	10	10	10	10	10	10	10	10	10	10	
# Bin lower bound for each
-2310	-2310	-2330	-2340	-2350	-2350	-2360	-2370	-2380	-2390	-2400	-2400	-2420	-2430	-2440	-2450	-2460	-2470	-2470	-2480	-2490	-2500	-2510	-2520	
# Bin upper bound for each
-2150	-2160	-2170	-2170	-2180	-2190	-2200	-2210	-2230	-2240	-2240	-2260	-2260	-2270	-2280	-2290	-2300	-2310	-2320	-2330	-2340	-2350	-2370	-2370	
# Normalized histogram for each
1.6642954617076e-08	4.75489213409861e-05	0.000351216271284155	0.00215784228087699	0.010457933392732	0.0341207031947899	0.0869045494098949	0.164793111015081	0.219117578896134	0.215643844765504	0.151436490859648	0.0763372718053287	0.0289487219750327	0.00788729590848771	0.00151630630925256	0.00023473223191924	4.48361197384027e-05	
3.88248682987671e-05	0.000284737861170581	0.00211552319618016	0.00946653666983881	0.0330145007226644	0.0839448166989216	0.159565222637518	0.217885892183008	0.217617076506697	0.156558738518867	0.0794796078196343	0.030004808898713	0.00803995544314515	0.0016604611696304	0.000286516226285293	3.67805794285837e-05	
4.93828924458874e-08	6.0230667819834e-05	0.000290799392649682	0.00166767673886177	0.00826719002436601	0.0308378056264003	0.0804931270289476	0.157046453976634	0.21755936148776	0.21889480658721	0.159503203492924	0.0831045437643785	0.0316849526853454	0.0085752898903359	0.00171259871002338	0.000281169728622734	2.07408148272727e-05	
2.82079024686204e-06	3.82868664500982e-05	0.000360203367429704	0.00161796239639163	0.00763228310308702	0.0282025743092652	0.0777054636397663	0.151736773751672	0.21347272106129	0.220692096558125	0.165696056386772	0.0880008366694814	0.0334592241573137	0.00907733600610082	0.00198199280088141	0.00029499527476394	2.81914066192235e-05	1.81454343365394e-07	
1.32165200023935e-07	2.75564442049905e-05	0.000214305871838811	0.00143992333361077	0.00719028250080216	0.0271999450985759	0.0750497610238415	0.148244418258847	0.212634824611658	0.222926000076722	0.167935546203913	0.0898462664305712	0.0352987972669426	0.00972261729521077	0.00189166398729258	0.000329686091459706	4.39944909579674e-05	4.2788483507749e-06	
1.87665602547827e-05	0.000261118577860845	0.00122056720183409	0.00667562764431534	0.0253205344953412	0.0720481501208929	0.143357720862495	0.21185054614312	0.224640467275498	0.171971029435383	0.092842815834789	0.0365755814654076	0.0105734422092337	0.00228122355602348	0.000301285601564064	5.85220365839935e-05	2.60097940373304e-06	
1.89011622928344e-05	0.000212497883927468	0.00113593346474204	0.00564684593369037	0.0235362022900688	0.0705579563733466	0.143031576882077	0.211210361821684	0.225285064492877	0.17303631437759	0.0940322433377196	0.038751852346891	0.0109366149357578	0.00218188024408295	0.000365933758980031	5.79899534219944e-05	1.83074085035307e-06	
1.51028382963169e-05	0.000187839476744741	0.00101972372593659	0.0056719953961238	0.022583257507957	0.0678666618536742	0.139169883280785	0.209949351552999	0.22427520690681	0.17801227562016	0.0980046910079609	0.0387239263396404	0.0116201569782374	0.00253769174692124	0.000324312706756404	3.72094103959807e-05	7.13650600814972e-07	
3.70737210943962e-06	9.14151122841103e-05	0.000980700122192981	0.00539215563481316	0.0213880133979752	0.0645100281910579	0.136301301805307	0.208198469322915	0.225258426380858	0.180276847177279	0.102122286834036	0.04054347069147	0.0118858850824865	0.00265157265221894	0.000360550287580187	3.51699354165759e-05	
5.22688118100758e-06	6.92435706294252e-05	0.000791847288884798	0.00488935238757294	0.0204160466327885	0.0611067283927161	0.132691639270778	0.20436612981667	0.227268743322806	0.182420001953274	0.106013654529608	0.0441687426152446	0.0126097079922996	0.00265508757303285	0.000484822641249279	4.30251312648856e-05	
2.83759949627068e-06	4.41255116934873e-05	0.000815045886082671	0.00462137498553286	0.0194666713277177	0.0594073618043291	0.129856427707712	0.201086840904343	0.227390649451471	0.185997158404358	0.107785075109831	0.0462224809307017	0.0135664960295519	0.00321332117631831	0.00046432530455544	5.70542194575608e-05	2.75364684845202e-06	
4.35957423441253e-05	0.000660680881650948	0.00465982532999855	0.01908437006764	0.0573460659947581	0.126247674562702	0.200560564501811	0.227493081014227	0.188659129691383	0.111120340764201	0.0466201103356005	0.0132537987418022	0.00363443791826831	0.000582313351016064	3.40111025965026e-05	
2.72890717471393e-06	6.70192482535333e-05	0.000549306979615708	0.0042531628542647	0.0181228081451472	0.0573456791127885	0.12511517344256	0.198983690559147	0.228276966653907	0.188293798417763	0.111780699053134	0.0488553031039573	0.0142778626846453	0.00342538869469014	0.000583799688314731	6.60192139472717e-05	5.93240690155201e-07	
6.90084365950485e-06	9.18303913019121e-05	0.000581112075533685	0.00385173895156279	0.0179281035857665	0.0557165639373508	0.121971886064664	0.197583938335553	0.227200952024792	0.188986182306793	0.115839528493668	0.050900792386406	0.0152429632758464	0.00340089513606836	0.00060456137966414	8.15384696770487e-05	1.05123416926118e-05	
1.6453268620762e-05	0.00010884600488601	0.000671971845031039	0.00387696679955989	0.0163504611350811	0.0525524014978852	0.119664266474018	0.195823275000729	0.229642052695545	0.191649691388415	0.117804080278313	0.0511635081564365	0.0162138311569984	0.00386499153394519	0.00046237077250861	0.000107302450819526	2.75295412077286e-05	
8.3105174296058e-06	6.97744259293843e-05	0.000736973293609512	0.00388175789017061	0.0162297282099547	0.0509398253919583	0.118535403253696	0.192274353042754	0.228694941274407	0.195653256787475	0.11849279913169	0.05304036803313	0.0170275039627176	0.00373077783678622	0.000568948199374605	9.75213780004763e-05	1.77573709159128e-05	
2.79226961004601e-06	7.19220960163366e-05	0.000481201129464596	0.00337231708370624	0.0151512441295704	0.0488872255611468	0.114801254287509	0.191444164380743	0.232713976908607	0.196786131524529	0.121253647825249	0.0535320560589585	0.0170592611840763	0.0036554532221649	0.000679858420084778	9.73909794291806e-05	1.01029391345301e-05	
2.29142019157014e-06	2.53909575639427e-05	0.000464770779297517	0.00363410818044085	0.0149210880377454	0.0478018726227147	0.112108524760429	0.188879559214325	0.231923432598667	0.200897367323317	0.121569832428778	0.0552596366097373	0.0177603935365911	0.00398210077335768	0.000634992971910996	0.00012555634755574	9.0814373768846e-06	
8.63494726299817e-06	0.000300977400943673	0.00315245542063422	0.0151545372279198	0.047896038784497	0.112534096949365	0.187214667041553	0.231021904711002	0.199296272276201	0.124317813568553	0.0560984878193659	0.0179443077983949	0.00414373371433588	0.000693833371183754	0.000190105360691304	3.21336080953074e-05	
9.5822602577628e-06	0.000383477630315548	0.00297690020007862	0.0135729397651121	0.0472152173100893	0.111974889372125	0.187419105001574	0.228834110395638	0.198583033901884	0.126395459200038	0.0579021436775677	0.0189595486500119	0.00473533856738061	0.00084730668279255	0.00019058996512687	3.57420009614598e-07	
1.82342348679879e-05	0.000282766971181797	0.00301800444942597	0.0137698125186645	0.0468121206469684	0.10980617042418	0.189247108101474	0.227739271163658	0.19874687180624	0.126148049581032	0.0599277842500791	0.0190872391916488	0.00446276933924654	0.000746768603878596	0.000185426831400539	1.60188605382324e-06	
3.08770598133514e-06	0.000248312973835991	0.00281078481451186	0.0136881929756872	0.0456239094619099	0.110009778133654	0.186694679154168	0.223792306497774	0.201285795830884	0.128401639104455	0.0613394799494524	0.0205980866014867	0.00474471230777175	0.000648571788421993	9.488298711705e-05	1.57797128880387e-05	
2.11922743004562e-06	0.000368287819703047	0.00287760568125202	0.0130149385697849	0.0458422461681359	0.108304558887134	0.186706140583546	0.226569859679509	0.20017339010218	0.12770703542309	0.0614110063755008	0.0210786837102057	0.00513473547862557	0.000744866057112433	6.45262367900289e-05	
1.8750354123684e-05	0.000245168118042284	0.00323151539084756	0.0132286388038221	0.0444167789204329	0.104685185556383	0.184796865458511	0.229920486747612	0.200751969242743	0.127724466049606	0.0617547937000377	0.0226251207639463	0.00568488257041503	0.000820536614017455	9.22360744176861e-05	2.60563504171085e-06	
