# <P(U)> as a function of N_tot.
# number_of_species: 1
# species_total_upper_bound: 479
# species_total_lower_bound: 456
# volume: 729
# Bin widths for each
10	10	10	10	10	10	10	10	10	10	10	10	10	10	10	10	10	10	10	10	10	10	10	10	
# Bin lower bound for each
-2310	-2320	-2330	-2340	-2350	-2350	-2360	-2370	-2380	-2390	-2400	-2400	-2420	-2430	-2440	-2450	-2460	-2470	-2480	-2490	-2490	-2500	-2510	-2530	
# Bin upper bound for each
-2140	-2160	-2170	-2170	-2180	-2190	-2200	-2210	-2220	-2240	-2240	-2260	-2260	-2270	-2280	-2290	-2300	-2310	-2320	-2330	-2340	-2350	-2360	-2370	
# Normalized histogram for each
1.15423782225425e-08	4.36071049247657e-05	0.000366724440886622	0.0021555275906816	0.0101167213763852	0.0342753576065392	0.0869495200321321	0.164034889008145	0.219427016030447	0.216171534422292	0.151503698328033	0.0766798852290547	0.0284887017084497	0.00795030932303975	0.00154236183236547	0.000231436225740201	5.97202649234351e-05	2.97793358141598e-06	
3.45780581335995e-08	4.52626780968818e-05	0.000310015343206475	0.0021304924738436	0.00944421280987501	0.0327922743212898	0.0841070923031986	0.159369324804171	0.218163342182319	0.217980770035374	0.156380973760072	0.0796804208269545	0.0295128912878992	0.00807344637730411	0.0016830639276142	0.000276774303320708	4.96079874023374e-05	
1.2613235753978e-07	5.13817358305231e-05	0.000314172769475676	0.00180707535331651	0.00849152844060491	0.030794194567899	0.0805911002590908	0.156429934616311	0.217403199177544	0.219560830752197	0.159315441626593	0.0831406250686203	0.0316608958628667	0.00847377817792568	0.0016973975351467	0.000246084229560111	2.22336946608758e-05	
1.96554071490578e-06	3.9460241370009e-05	0.0003508662591959	0.00174980250626212	0.00785272596531354	0.0286490662802283	0.0780671622043854	0.151915710809466	0.213676666782262	0.220758073191242	0.165094201527303	0.0876781735358886	0.0330764869709191	0.00888803718012219	0.00193775877392375	0.000244002914011812	1.9712879099786e-05	1.26438291602126e-07	
9.21024232826821e-08	3.0013877187244e-05	0.000215680849722221	0.00153718944458796	0.00744048275208856	0.0274553985092831	0.0755863634579675	0.148359469909568	0.211523311796832	0.221911175709192	0.168072957460965	0.0903341143196692	0.0355528823850558	0.00971479091581365	0.0019236512126821	0.00030081802724415	3.86254537641748e-05	2.98181595377683e-06	
1.88375197991735e-05	0.000238524505113819	0.00137387776020399	0.00679479543290466	0.0257504538833323	0.0722985041771025	0.143400269778966	0.210661864226541	0.223648895230484	0.172037266874227	0.0933387411423242	0.0370720555196627	0.0108399894289755	0.00220549177334669	0.000276635226849944	4.19859996984621e-05	1.81152046760159e-06	
2.16929420128817e-05	0.000192478900741416	0.0011491629213021	0.00588669234063122	0.0239158481142928	0.0706079869827641	0.141864912351093	0.210834886883487	0.224615064029338	0.17345311054498	0.0951832637665501	0.0384730760945663	0.0111759900127901	0.00224754045929014	0.000332437442403975	4.45808342213881e-05	1.27537953571497e-06	
1.28641181739125e-05	0.000172059020159582	0.00104385927230551	0.00585714701959573	0.0224474485800927	0.0677867163756769	0.137885495988917	0.209699913636507	0.225087898089465	0.177933707064566	0.0988350544801739	0.0387462632731038	0.0115570569707685	0.00255315316581111	0.000335584189319281	3.76595044124386e-05	8.11925095130557e-06	
2.55720920470909e-06	9.50199041875913e-05	0.000949450309451111	0.00539854508619004	0.0215357216208237	0.0648788280241101	0.135736952559968	0.207015991427129	0.225678700025422	0.180336719946082	0.102256011428652	0.0411559092439542	0.0117258639479463	0.00279747168034793	0.000395503504701291	3.87613016839914e-05	1.99278014601204e-06	
3.60043060223847e-06	6.90449135426052e-05	0.000888519126338265	0.00498644588378572	0.0203859159166088	0.0619871549833832	0.132736380395889	0.203462799222265	0.227201920032075	0.181894934873709	0.106263826565197	0.0443328660838824	0.0124560659192304	0.00278537878330151	0.000508343754804795	3.68031153842961e-05	
1.94812311824563e-06	4.0899058127429e-05	0.000795629619789537	0.00463562236032199	0.0193478596766687	0.0600173620421052	0.129802302160489	0.200878940125116	0.226943363473065	0.185247788119455	0.108341939272876	0.0463220219387712	0.0138941293528851	0.00320783255233961	0.000470754153271687	4.97174852603161e-05	1.89048633959931e-06	
4.60762857255112e-05	0.00076967631415059	0.00465786733327316	0.0190156426504116	0.0576762247961272	0.1266063135542	0.200488371628913	0.227616851484025	0.18762069298595	0.110865417170297	0.0463824820112284	0.0138344481481993	0.00374352188813196	0.000623342193161363	5.30715562057958e-05	
1.8656788843333e-06	5.55995483666532e-05	0.000609578708269993	0.00440190130060415	0.0185625430895051	0.0571814702395537	0.125086827942052	0.199266185618942	0.228040539463946	0.188081174181809	0.111514570285773	0.048551569768887	0.0145741619813695	0.0034471719987325	0.000561708400995577	6.27262099434543e-05	4.05582366159413e-07	
4.72461194655161e-06	6.45658271418184e-05	0.000568950075489896	0.00392633826171497	0.0178466934466649	0.0555043116379114	0.122132960075833	0.197373647421666	0.227975202775527	0.18921750454564	0.115592204975351	0.0507007742942477	0.0152190546594767	0.00329473774230483	0.000515307736902636	5.58247146215398e-05	7.1971975598575e-06	
1.12302631742709e-05	8.61372763057482e-05	0.000681480155632923	0.00392937646395019	0.0164497190147632	0.0528882529189567	0.120273444172943	0.196492626724403	0.230249732687898	0.190614649091035	0.116260419614731	0.0514381365033858	0.0162976357806836	0.00378620797486459	0.000436671996024718	8.54889312152748e-05	1.87904300328265e-05	
5.68393647632594e-06	8.63842345697944e-05	0.000748922430042922	0.0039339336343577	0.0161214186270254	0.0515767355784032	0.117959255687358	0.193526297950094	0.228378920437185	0.195283446312204	0.118582945916996	0.0526369753291637	0.016735167767765	0.00379178882296811	0.000535786412051059	8.35422663316315e-05	1.27946570069133e-05	
1.90967375098917e-06	5.84938856818137e-05	0.000478529520656958	0.00356614791015779	0.0157800508605146	0.0490742636590254	0.115332385139808	0.192339238426506	0.232101793990345	0.195608102215646	0.120775869658771	0.0532810203092878	0.0169843489967899	0.00383239115238661	0.000685283532097386	9.17916516308793e-05	8.37941694373429e-06	
1.56788067321338e-06	2.65271575666469e-05	0.000457913384853201	0.00364048058078912	0.0155939682477648	0.0483247684969425	0.112865400499266	0.189138979306223	0.231821348758973	0.200096966502518	0.121309867462781	0.0544683590439825	0.0174178861406208	0.00405557698902236	0.000671433369769266	9.98140505050103e-05	9.1421277489574e-06	
9.30002112267298e-08	3.99784658010905e-05	0.000401307536469742	0.00318868661730448	0.0152592072824745	0.0484907518846202	0.112433942240591	0.187748349798439	0.231102734892087	0.199257277063091	0.124089089087344	0.0552820806844258	0.0177770252510686	0.00410020493759046	0.000655081862854681	0.000141895072279183	3.22943233484819e-05	
1.34875437069086e-06	3.51722583736194e-05	0.000504271353938471	0.00321998827932452	0.0144782619281453	0.0472628413682778	0.112052327204741	0.187068777938546	0.229276569315824	0.199385742378009	0.125543312560733	0.0566838441387821	0.0189271165926762	0.00457569571134015	0.000820263574044208	0.000164222471824463	2.44171049866449e-07	
2.73056901471848e-05	0.000378867906319382	0.00325342931522127	0.014607077057333	0.0467720971384848	0.110190127249872	0.18951526473082	0.227515761147103	0.200748278379147	0.124759931166838	0.0580091862629533	0.0187777330329312	0.00456937727283482	0.00072432855249707	0.000150140541048103	1.09455644939675e-06	
2.30689292876744e-05	0.000367536316563637	0.00300783793561954	0.0148627843143999	0.0469549140985251	0.109822968247568	0.186343024441995	0.224397172788996	0.20180509033795	0.12769059664258	0.0597118463291822	0.01966629703001	0.00467245613242345	0.000578069306536614	8.5603365872824e-05	1.07337824904924e-05	
2.73505288444656e-05	0.000440895564433711	0.00318517982503129	0.0147840718125015	0.0479642261496574	0.108415881421301	0.18604647487074	0.226591744084812	0.199937519847172	0.126911332952762	0.0598334623091731	0.0201010466891624	0.00497996092722691	0.000704470824189861	7.54430207280129e-05	9.39172263503425e-07	
3.87530755538192e-06	3.19512820569099e-05	0.000520708729049104	0.00356207067536711	0.0146126187696029	0.0464225378376342	0.105955458335254	0.184501094963006	0.229006658761497	0.201030081897709	0.127041475439101	0.0602985280873146	0.0209070784927427	0.00520494958396344	0.000770237381907147	0.00012024885007393	1.04256061666912e-05	
