# <P(U)> as a function of N_tot.
# number_of_species: 1
# species_total_upper_bound: 479
# species_total_lower_bound: 456
# volume: 729
# Bin widths for each
10	10	10	10	10	10	10	10	10	10	10	10	10	10	10	10	10	10	10	10	10	10	10	10	
# Bin lower bound for each
-2310	-2310	-2330	-2340	-2350	-2350	-2360	-2370	-2380	-2390	-2400	-2400	-2420	-2430	-2440	-2450	-2460	-2470	-2470	-2480	-2490	-2500	-2510	-2520	
# Bin upper bound for each
-2150	-2160	-2170	-2170	-2180	-2190	-2200	-2210	-2230	-2240	-2240	-2260	-2260	-2270	-2280	-2290	-2300	-2310	-2320	-2330	-2340	-2350	-2370	-2370	
# Normalized histogram for each
1.5820780177094e-08	4.58960832937497e-05	0.000359384842502868	0.00222653749822333	0.0104981634605539	0.0344253690133693	0.0868991947982287	0.164307725059141	0.21885141515613	0.215914492986395	0.151689814366559	0.0762698454284464	0.028793187091104	0.00796046285780751	0.00148832407437994	0.000227550281287143	4.26211817970913e-05	
3.69575822197831e-05	0.000294505733313897	0.00214529588673817	0.00959750123711393	0.0332811887583515	0.0840288694406644	0.159287859665226	0.217993491858368	0.218131750553153	0.156191127528687	0.0792354425491695	0.0298073025967543	0.00797701567460292	0.00168247178131971	0.000274207540682055	3.50116136354367e-05	
4.70556333420031e-08	5.73921874661297e-05	0.000292152742209383	0.00170033962560217	0.00846949638959379	0.0310653135014125	0.0806600531333389	0.156933705608225	0.217610501763316	0.219032868077556	0.159035539582713	0.0829084340352643	0.0316758917144472	0.00855984320561044	0.0017019395171358	0.000276718494473206	1.97633660036413e-05	
2.68923455530526e-06	3.65012479699621e-05	0.000347807669152814	0.00164677086543673	0.00782312486004382	0.0283675715615931	0.0779932592055526	0.151586631874786	0.21355787194233	0.220480402030187	0.165157405852375	0.0880766463930358	0.0334594248840724	0.00914322449634136	0.00200121512512953	0.000292403146706379	2.68766190351854e-05	1.72991696540105e-07	
1.26170626847217e-07	2.63065756976447e-05	0.000209001643372415	0.00148155858575344	0.00730389141755854	0.027375745589548	0.0752569937955594	0.148166519993313	0.212504471171589	0.222925628724005	0.167678980919847	0.0895998340856257	0.0352368222665922	0.00991245335629639	0.00194469941425286	0.000330882468906826	4.19990474117673e-05	4.08477404417864e-06	
1.79146634065751e-05	0.000251433872372984	0.00128980862142234	0.00670787856410264	0.0255679333308001	0.0720084138573882	0.143377132799608	0.211715099273479	0.224795160752832	0.171491195524376	0.0927877890888448	0.0365371131638801	0.0108225624562525	0.00228102380478473	0.000291191853441962	5.58654635178723e-05	2.48290948968321e-06	
1.80568122144471e-05	0.000205211101466806	0.00111364522731667	0.00575167767638512	0.0237453540736042	0.0707857763748577	0.142885162203745	0.211203032435203	0.225207303548816	0.172708555865949	0.093986069972952	0.0386489993941987	0.0110966989248098	0.00221656035941691	0.000370747636479878	5.53994343333299e-05	1.74895825113755e-06	
1.44390140000362e-05	0.000180090998791661	0.00103567398001139	0.00576129352240127	0.022876523232675	0.0678103222575306	0.138845114346995	0.21000965129083	0.22434360956373	0.177445723825709	0.0981348379864881	0.0388294757841392	0.0117476611256712	0.00259432587369442	0.000335000991849192	3.55739224044849e-05	6.82283079122592e-07	
3.54303018135048e-06	0.000100433733924498	0.000985888046949299	0.0054031529457503	0.021666475417515	0.0643706022337369	0.136178902595876	0.207751894683268	0.225089505400966	0.18014865724742	0.102418181937153	0.040872236576105	0.0119086830253584	0.00271032233116065	0.000355978775653254	3.55420189813852e-05	
4.99863726861473e-06	6.64449082586922e-05	0.0007677328224201	0.00488995307179681	0.0205398184292427	0.06140721411367	0.13240422542684	0.203891231774643	0.227263445237285	0.18218735770057	0.106287824394883	0.0443838164569829	0.0126740849765443	0.00270437527184108	0.000483035517150091	4.44412606036004e-05	
2.715640538857e-06	4.81102235108749e-05	0.000821296470896569	0.00454651253505125	0.0195255840254133	0.0593645288656922	0.129850730559529	0.200465917144522	0.227059574324149	0.185966806998865	0.108217616649415	0.0466558614168461	0.0137111405296576	0.00322857522312241	0.00047779204604955	5.46020505978467e-05	2.63529614421626e-06	
4.87341297662258e-05	0.000695249861888964	0.0046333330934098	0.0191656629641075	0.0573216883618191	0.126413582928206	0.200179505931678	0.227282362199719	0.188328685421516	0.111353588432429	0.046908969481808	0.0134460909219056	0.00362704529079581	0.000562957645706435	3.25433352438255e-05	
2.61341210233161e-06	6.59196679973209e-05	0.000570324436120628	0.00427038030470307	0.0183064972703803	0.0573204383792651	0.125493029932529	0.198570590192536	0.227715378190112	0.188104653876617	0.112079440715526	0.0490102261679298	0.0144732872435654	0.00338868648381894	0.000564740499703224	6.32250940284572e-05	5.68133065724263e-07	
6.61803478871615e-06	8.82458840254608e-05	0.000591639301689035	0.00394501541571202	0.0179646147826506	0.0556759006246953	0.122058935990091	0.197515036882373	0.226835239991324	0.188513046122223	0.116073923546153	0.051197930151895	0.0154955186879887	0.00335810792759428	0.000591948251716026	7.81968778843635e-05	1.00815271965701e-05	
1.57912623038556e-05	0.000107641058095973	0.00070023666543891	0.00386900578131137	0.0164194615098156	0.0526094857461473	0.119668627686397	0.196175437668265	0.229178573536205	0.191187808168722	0.11795905260566	0.0513037762687445	0.0163963606838268	0.00382814385514366	0.000451190551290061	0.000102985077664114	2.64218749682038e-05	
7.97674502082215e-06	6.6972100031964e-05	0.000724174494390354	0.00381719807389282	0.0161315993626092	0.0510122448733745	0.118626717065587	0.192775266685784	0.228277154122028	0.19533671346547	0.118804858944695	0.0529728799622781	0.0170153901527734	0.00376411202182568	0.000556093081451602	9.36046609586273e-05	1.70441878302057e-05	
2.68216718718591e-06	6.9086124518425e-05	0.000473898303078975	0.00332019786656195	0.0151784328789612	0.048934791118834	0.114661720685351	0.191825557438058	0.232718512340684	0.196564995624491	0.121238329606096	0.0534754563333591	0.017068141579024	0.00368708582665157	0.000677856798216076	9.35507403773026e-05	9.70456854999994e-06	
2.20188757459947e-06	2.90292972151238e-05	0.000469002053389686	0.00364763724187159	0.0148360108610047	0.0476989238663048	0.11235367728501	0.189059523302997	0.231718229368945	0.200420259386242	0.121775586597421	0.0554330701624352	0.01774128818324	0.00403526659709997	0.000649119695061885	0.000122447615637469	8.72659854933171e-06	
1.46963673909455e-05	0.000320548111519251	0.00315617611477154	0.0150973682726128	0.0480455906247805	0.11254902964856	0.187124729037776	0.230697522892832	0.19945652308518	0.124184599693013	0.0561905273809481	0.0180217977636492	0.00417562178714815	0.00074731684270788	0.000187067042515328	3.0885334595034e-05	
9.21699650171599e-06	0.000381269327759261	0.00301615159945585	0.0135713970568313	0.0470954796525798	0.111613833058256	0.187218383307708	0.229305481305254	0.198340695061401	0.126343395657747	0.0580931736844763	0.0190954721218189	0.004825105854258	0.000878692456903379	0.00021190906344265	3.43795606635943e-07	
1.75434598227717e-05	0.000277153873686106	0.00302070505361494	0.0138179831612298	0.046479052207205	0.109553561576478	0.188950801088482	0.227942452205139	0.198927848668476	0.126425598760743	0.0598367572865613	0.0192487660963293	0.00456985813899306	0.000745334710358298	0.000185042511738132	1.54120114330892e-06	
4.79175995829462e-06	0.000268158046159221	0.00282505428801471	0.013899287445602	0.0455311226122102	0.109140505298308	0.186133470469565	0.224008263225947	0.201979197066445	0.128427946305507	0.0615116420731228	0.0207160090599709	0.00479166149747356	0.000656438294012676	9.12731811234065e-05	1.51793765802141e-05	
2.04036418182792e-06	0.000384371966029471	0.00296025829247667	0.0132946049359544	0.0459389791059036	0.107955277110592	0.185515200035754	0.226305671071454	0.200799241663558	0.128043658178409	0.0616205489679813	0.0211770867494131	0.00516099509899627	0.00077551794114261	6.65485181544994e-05	
1.80711053185823e-05	0.000260512791658982	0.00324359106444407	0.0131886734513682	0.0444512917319638	0.104206856479364	0.183589332178446	0.229523849681821	0.201850865257161	0.128412059805478	0.0618609059637618	0.0226752487292328	0.00575634461161247	0.000851721886641122	0.000108164018210225	2.5112435183861e-06	
