# <P(U)> as a function of N_tot.
# number_of_species: 1
# species_total_upper_bound: 479
# species_total_lower_bound: 456
# volume: 729
# Bin widths for each
10	10	10	10	10	10	10	10	10	10	10	10	10	10	10	10	10	10	10	10	10	10	10	10	
# Bin lower bound for each
-2310	-2310	-2320	-2330	-2340	-2350	-2360	-2360	-2370	-2380	-2400	-2400	-2410	-2420	-2430	-2440	-2450	-2450	-2460	-2480	-2490	-2500	-2500	-2510	
# Bin upper bound for each
-2150	-2160	-2170	-2180	-2180	-2190	-2200	-2210	-2230	-2240	-2250	-2260	-2270	-2280	-2290	-2290	-2310	-2320	-2320	-2330	-2340	-2350	-2370	-2380	
# Normalized histogram for each
3.46357722966745e-08	7.41205527148835e-05	0.000412096418785833	0.00210987270522422	0.0109792627318674	0.0345533737943807	0.0879000137296201	0.16406653614984	0.216218796113201	0.215753360605079	0.151482424908607	0.077803859284001	0.0286541051494942	0.0082675588472162	0.00151909033715985	0.000199848406151812	5.64563088435794e-06	
4.93133283862684e-05	0.000300599613287724	0.00210280916272874	0.00974876958734253	0.0343040655663906	0.0850844047414505	0.159570191831624	0.216540724497817	0.214840681337376	0.157995843868519	0.0793147453202571	0.0301048673435028	0.00812264436459533	0.00164337274154239	0.000258955704727892	1.80109904521276e-05	
5.88708053355332e-05	0.000307269386176698	0.0017926382314185	0.00891053885818245	0.0326672151252663	0.0817541231260172	0.158044092490648	0.217812378640893	0.214571033418049	0.159369864393509	0.0827352121012955	0.0317783445502206	0.00829654676771261	0.00166081956224585	0.000232134794805347	8.91774822552186e-06	
2.7204721048654e-05	0.000410764014931369	0.00158871479988644	0.00789298276379784	0.0292244840853064	0.0798991748037646	0.153774378907355	0.211924742877886	0.217450437634643	0.166654552952115	0.0869399816126086	0.0332277031060837	0.00874935192763517	0.00189904634839007	0.00029949056943913	3.69888751100121e-05	
2.13716210326527e-05	0.00018658145553226	0.00135738952269829	0.0072931428622199	0.0279890021569557	0.0775424845013725	0.150690751031352	0.211500937178171	0.220020392574381	0.167377836229371	0.0894008869119815	0.0352102087602583	0.00940790421342366	0.00161460367117795	0.000323112838694311	6.19536879373528e-05	1.44078344040355e-06	
1.82789674745687e-05	0.000235924624890569	0.00123578754965403	0.00675494647751532	0.0268811108383827	0.0742140716257086	0.146191403527541	0.21098316098627	0.221824392768105	0.168904263039856	0.0929569912914846	0.0367769081293308	0.0103999155559357	0.00225975011868564	0.000259990230113139	9.82707245792919e-05	4.83354447185987e-06	
1.93396841008594e-05	0.000170347235268494	0.00106382003005243	0.00593109981623178	0.0245002194521703	0.0715835219983067	0.146131511844251	0.211661678367863	0.222256733653767	0.169960578990982	0.0944276736520712	0.039214352642548	0.0104522576539204	0.00226432319160986	0.000255022761571546	0.000103706050267308	3.81297501810906e-06	
0.000141777706581847	0.00103507398747692	0.00577198323969176	0.022729757700034	0.0685053019645782	0.142919286580384	0.210022150002955	0.222482075086703	0.176169026110486	0.0963038199522619	0.0392470677941679	0.0116954171289095	0.00272282980011243	0.000228074176133858	2.48732818564644e-05	1.48548766642773e-06	
5.08720379223091e-05	0.000956785636308044	0.00541602024064221	0.0209388050263111	0.0656729009720228	0.140395853635417	0.208867799820348	0.22280872976749	0.180038133763482	0.100399251160807	0.0396329861980597	0.0118430523558173	0.00264946884316532	0.000318299632879283	1.10409093292924e-05	
3.74260777317995e-05	0.00066529730974613	0.00467222897409161	0.0195592939221008	0.0617750582046459	0.136506669770489	0.207650911967089	0.226005866635241	0.180692393790024	0.102610066281052	0.0446101818584556	0.012163865487342	0.00259133905220356	0.000423890239637225	3.55104301512145e-05	
5.70818067914031e-06	3.34386633611368e-05	0.000664051685673323	0.00453229545923741	0.0192811067922734	0.0600518930000827	0.132854769331186	0.205131013141113	0.228903506764423	0.18099058851378	0.105799930874637	0.0450741906689498	0.0135044279449834	0.00282033455506018	0.000334985640225845	1.77587843351032e-05	
1.71310031574957e-05	0.000607955538556178	0.00417865245755767	0.0189846628221338	0.0573136331289625	0.129491585875484	0.206217341143463	0.227918704416635	0.185738698787168	0.107818525998833	0.0452199961297411	0.0128722641468746	0.00313656963401651	0.000470020815410213	1.42581020068598e-05	
5.75312308605165e-05	0.000428759812772287	0.00387221273393292	0.017325462947729	0.0578713586109852	0.127120880333978	0.200820050023158	0.230394251688874	0.186816785674228	0.110211758095681	0.0475365417078425	0.0139482452443857	0.00313393065328376	0.000451262803440976	1.09684388479459e-05	
7.01530612244898e-05	0.000419359410430839	0.00367513463718821	0.0171932752267574	0.0551921768707483	0.124945790816327	0.200745606575964	0.229266581632653	0.186879003684807	0.113805661848073	0.0490417729591837	0.015139987244898	0.00304783163265306	0.000526856575963719	5.08078231292517e-05	
7.22526138570728e-05	0.00058372879644588	0.00356257147265434	0.0161310873713492	0.0523278742784665	0.120891598673105	0.197193230575321	0.231546228626273	0.191021800861302	0.116257079196239	0.0504711806374907	0.0159800942985243	0.00347493238460003	0.000420610898331851	6.57293160407326e-05	
3.22317801572961e-05	0.000669986040858131	0.00349483059650222	0.0156413626869296	0.0512381906091211	0.119981981579181	0.191457629845316	0.228783421797804	0.195483714340429	0.119791193685794	0.0522522081176095	0.0169677860115001	0.00360400505539784	0.000540631064740133	4.96312367023851e-05	1.11955519572909e-05	
2.6134863608145e-05	0.000403305217647003	0.00298719348839162	0.0143367578573468	0.0484317582293758	0.115398026118012	0.190542399817427	0.23323355670787	0.197896579060604	0.121679140708535	0.0533052319283488	0.0169421038508079	0.00399856272531501	0.000743129851284057	7.61195754270015e-05	
0.000301615085527213	0.00305313392522059	0.0145156932212297	0.0474591265195495	0.113053902339249	0.188557660990826	0.230007380081228	0.203273688159473	0.121914312706844	0.0552615838774229	0.0179899094083708	0.00370520762597372	0.000814633880905601	9.21521781806213e-05	
0.000227494037804471	0.00267718308068409	0.0143879681352335	0.0490179117745971	0.113543838039117	0.1884401534668	0.227441000819212	0.198875134752217	0.123504074516272	0.0582451443090804	0.0183967987386019	0.00424952009729936	0.000803355407654662	0.000186449607974663	3.9732174524415e-06	
2.03376718054036e-05	0.000270852512482018	0.00267628425551287	0.0131575973490776	0.0473107554992316	0.11185106076659	0.189387211343353	0.229479736431076	0.196700448257622	0.125225471572006	0.0567438569551132	0.0205717193391067	0.00535581815696951	0.000984314105080916	0.000263769014582111	7.66770391227066e-07	
1.34636650161332e-05	0.000239317557834195	0.00265212308679587	0.0135234305535219	0.0476853825353789	0.110076517036699	0.188684873214783	0.226340263155907	0.200879086108311	0.12590161403073	0.0586547667814094	0.0195893042164003	0.00469870962993931	0.000851202821575534	0.00020699016703665	2.95543866207803e-06	
1.12876035132411e-06	0.00021009507184323	0.00286588612038768	0.0130265862751407	0.0448369463799144	0.111498401329432	0.187631138740413	0.222209073580137	0.201406311598227	0.128633274755526	0.0606102799409418	0.0212717072904483	0.0050119508412487	0.000646852504557188	0.000113203739750537	2.71630716802512e-05	
0.000318538520487981	0.00293754898151054	0.0123898662249868	0.0444072736131716	0.108261965013132	0.189218760506972	0.225712851498559	0.200677070841649	0.127038413317993	0.0612083076603796	0.0218822348970907	0.0050378718313224	0.000884445037211991	2.48520555333228e-05	
0.000164709279945386	0.00334719924096383	0.0136002338268604	0.0444618039797512	0.106218336702976	0.188764901320865	0.228647438496363	0.198734954245121	0.125616024697744	0.0606280216231709	0.0228845249508943	0.00590061093953037	0.000908571706383053	0.000122668989432081	
