# <P(U)> as a function of N_tot.
# number_of_species: 1
# species_total_upper_bound: 479
# species_total_lower_bound: 456
# volume: 729
# Bin widths for each
10	10	10	10	10	10	10	10	10	10	10	10	10	10	10	10	10	10	10	10	10	10	10	10	
# Bin lower bound for each
-2310	-2320	-2330	-2340	-2350	-2350	-2360	-2370	-2380	-2390	-2400	-2400	-2420	-2430	-2440	-2450	-2460	-2470	-2480	-2490	-2490	-2500	-2510	-2530	
# Bin upper bound for each
-2140	-2160	-2170	-2170	-2180	-2190	-2200	-2210	-2220	-2240	-2240	-2260	-2260	-2270	-2280	-2290	-2300	-2310	-2320	-2330	-2340	-2350	-2360	-2370	
# Normalized histogram for each
1.78030943632053e-06	4.29907858557639e-05	0.000364605265683373	0.00220174765708645	0.0102280462616673	0.0341335567913127	0.0869695065018059	0.164894082438946	0.220696427976613	0.21578124644794	0.15125879780992	0.076386167362276	0.0277211876985717	0.00759075485520406	0.00146065435031041	0.000211224760400373	5.45048581273517e-05	2.71786884361359e-06	
3.15292877445616e-08	4.82082809614348e-05	0.000308535100105699	0.00213111710746783	0.00951998467088069	0.0328198130212343	0.0839759772891598	0.159955980069623	0.219023462708651	0.217941640297322	0.155937761522305	0.0794594488588016	0.0291474077018987	0.00783420824304221	0.00159580235037808	0.000255387230730949	4.52340181508644e-05	
5.16546942156832e-06	5.3320636686331e-05	0.000297323581695425	0.00185373295430453	0.00849527979299481	0.0307884818749284	0.0807094433823217	0.15649969393284	0.217583486323257	0.219428418072056	0.159602831352002	0.0830738138979438	0.0314414370247919	0.00830482799243528	0.00161506312072663	0.000227364475553819	2.03161160414219e-05	
3.16968731045178e-06	5.00747621131306e-05	0.000349253360737064	0.00176797181480457	0.00787376567049587	0.0287537344715366	0.0782244717346125	0.151702840513184	0.21402790880289	0.22068212153721	0.165162991146591	0.0876857364606308	0.0328235080216232	0.00879605021695722	0.00184533527561696	0.000232951026011514	1.80000454881616e-05	1.15452186804535e-07	
8.410458906072e-08	3.45039076621604e-05	0.000219260663681297	0.0015335420507859	0.00752842254137134	0.0277034418783305	0.0757638843982003	0.147887553972674	0.211850944254311	0.222016445159534	0.167815032477881	0.0904764578586965	0.0352899281253746	0.00964809998639503	0.0019059992234413	0.000288405148962842	3.52713620373395e-05	2.72288607084081e-06	
2.5076949121596e-05	0.000247288911321156	0.00140960340637225	0.00683506215414096	0.0257211813960405	0.0722406937575716	0.142867163752184	0.210287851924893	0.223877367260852	0.172476278694813	0.0936646065407812	0.0369622593173761	0.0108537376039462	0.00219663380957311	0.000292662254046185	4.08758464151767e-05	1.65642055234622e-06	
2.59905371762028e-05	0.000187982467067154	0.00119875708315647	0.0060221492302926	0.0239277496250379	0.0706752854018262	0.141807605211322	0.209687379938157	0.22501781690703	0.173960745530841	0.0954420410705934	0.0384165237397147	0.011047668997456	0.00220784100167593	0.000332101308362591	4.11963140776742e-05	1.16563621275091e-06	
1.34980948170356e-05	0.000182429434238034	0.00105366149183237	0.00602813552141904	0.0226960943089055	0.0676622881042406	0.137917935812845	0.208525891160685	0.224898732989705	0.178518932014326	0.099242180344836	0.0387192165979307	0.0115823437807781	0.00254744714467478	0.000364248666216218	3.9547418875477e-05	7.41711367576783e-06	
2.33474881862499e-06	0.000108902360436314	0.000960812240183604	0.00546892825301105	0.021716624068894	0.0649226653892155	0.135926194593426	0.206549916956034	0.225327681207928	0.181107959258633	0.101979746053998	0.0409464461731285	0.0117202076979929	0.00279592481162284	0.00041429171266709	4.95450526330735e-05	1.81942137667623e-06	
3.28720062586609e-06	7.21492973381412e-05	0.000916685043985493	0.00500322505033751	0.0207671806227746	0.0621110216391238	0.133325897847588	0.203055022791821	0.227011506766518	0.182166532839198	0.105809354455525	0.0439098657621418	0.0124640606444757	0.00282273291814122	0.000525909821030846	3.55672993763324e-05	
1.77842458647366e-06	4.1135276381808e-05	0.000821074428163359	0.00466038793691025	0.0195469803266042	0.0605278810357284	0.130481654413883	0.201143609090237	0.226389293185247	0.185004595385992	0.108029896390667	0.0457136463232924	0.013888370035562	0.00317940223171871	0.000514722377504061	5.38473290472529e-05	1.72580847444782e-06	
4.76330360180907e-05	0.000795057455360156	0.00463800731963446	0.019092098733386	0.0580895045933415	0.127309275990396	0.200620629261814	0.227639375354343	0.187541792876908	0.110336789386436	0.0459662803008009	0.013614984731235	0.00363562652162332	0.000624563019070575	4.8381419633334e-05	
1.69704251552127e-06	5.65610567595475e-05	0.000638066904562514	0.00438418812152667	0.0184881081959259	0.0572693348454509	0.12533971286399	0.199485798225924	0.22840015617429	0.188621173932006	0.110897638622259	0.0480025972972184	0.0144067104054605	0.00342438936167685	0.000526441561460835	5.70564666864388e-05	3.68922285982885e-07	
4.29637061189607e-06	6.38227437826134e-05	0.00061880404243083	0.0039061820445066	0.0177668436729134	0.0553194557395711	0.122008364305204	0.197579443798405	0.22828940479116	0.190072195916189	0.115436627372293	0.0499934551602472	0.0151088259064181	0.00326654007679842	0.000508428486858384	5.07647328565312e-05	6.54483975276551e-06	
1.0213489410333e-05	8.30135572279027e-05	0.0006827665023955	0.00386874343618784	0.0163629155612188	0.0524081833888672	0.120285675721143	0.196408897111719	0.230390092435133	0.191445257081373	0.116524373981803	0.0510535693413117	0.0162030691872618	0.00375517364569315	0.000423217518926728	7.77488719648444e-05	1.70891683638871e-05	
5.16358489869342e-06	7.90871523769267e-05	0.000738993302429945	0.00394980523379279	0.0161930865457295	0.051421001703435	0.117629330308751	0.192982536376507	0.228629544945276	0.195963147262744	0.118585531390634	0.0525037106153358	0.0168751118074199	0.00382241221779217	0.000534020057808546	7.58941600824285e-05	1.16233349862425e-05	
1.73389459396255e-06	5.36561563440776e-05	0.000475885761104171	0.0036080139725423	0.0159007381704201	0.0489955002177666	0.115499300588955	0.191998110075909	0.231688617667142	0.196004026586636	0.12078092216585	0.0533490573403566	0.0170121961305063	0.00387097747750787	0.000667822638429783	8.58330366271887e-05	7.60811930926599e-06	
1.42688249131669e-06	2.64917521365782e-05	0.000453360436266804	0.00358977405357717	0.0157547236839957	0.048465669060374	0.113173541519406	0.189491904351366	0.230860753013733	0.199943325486459	0.121553034851059	0.0545958185376461	0.017229595590866	0.00409372586758757	0.000667581662058745	9.09532670384143e-05	8.3199839383392e-06	
8.45340586242851e-08	3.79240920503199e-05	0.000419426298621719	0.00314904161835721	0.0153694753347158	0.0487560749872892	0.112805882792767	0.18812863488527	0.230157045683431	0.198493281845892	0.124593343627609	0.0552655356375937	0.017912090750017	0.00408635526038329	0.000661827711726856	0.000134620488359174	2.9354451857283e-05	
1.22637000409766e-06	3.19807695034089e-05	0.000494988306826315	0.00320052969034908	0.014562139443915	0.0476492744176585	0.112088992004522	0.186834161039699	0.228266754463482	0.19921080341476	0.126184888831621	0.0567860586849975	0.019091906208533	0.00460287321787955	0.00082186877369438	0.00016515820865529	6.39615390068177e-06	
2.5692716299205e-05	0.000388483190143215	0.00323472992697761	0.014458708479469	0.0468205062358955	0.109954224602718	0.189037390294431	0.227546493437746	0.200294782086792	0.125336345827266	0.0583578173128833	0.0190742259820337	0.00457979551902083	0.000744389795234346	0.000145143725012615	1.2708680774545e-06	
2.47516879082384e-05	0.000408968029872657	0.00299754244156502	0.0146693207772377	0.0468655304391832	0.109368116663082	0.186284826683938	0.224617416075694	0.201522327052493	0.127962159306828	0.0598435915170314	0.0199339403543058	0.004758683666995	0.000623672812223079	0.000107722134699235	1.14303569426863e-05	
2.49242248247742e-05	0.000451193180464894	0.00317916419972854	0.0145487960691366	0.0475917113884983	0.108336399632265	0.186182372974492	0.226161601952155	0.199792293951548	0.127783755671957	0.0600048416454823	0.020152049878676	0.00497624464617109	0.000714776251538951	9.85383612105082e-05	1.33597184990415e-06	
3.53345056676078e-06	2.9414151915631e-05	0.000531018208183465	0.00345567296165999	0.014443203289532	0.0458919973421364	0.106087506810101	0.184511577017241	0.228702243969377	0.200839016273604	0.127850268583415	0.0605862736619107	0.020957531124097	0.00519987380057203	0.000780089992087051	0.000121242174019355	9.53718958284989e-06	
