# <P(U)> as a function of N_tot.
# number_of_species: 1
# species_total_upper_bound: 479
# species_total_lower_bound: 456
# volume: 729
# Bin widths for each
10	10	10	10	10	10	10	10	10	10	10	10	10	10	10	10	10	10	10	10	10	10	10	10	
# Bin lower bound for each
-2310	-2320	-2330	-2340	-2350	-2360	-2360	-2370	-2380	-2390	-2400	-2400	-2420	-2430	-2440	-2450	-2460	-2470	-2480	-2490	-2490	-2500	-2510	-2530	
# Bin upper bound for each
-2140	-2160	-2170	-2170	-2180	-2190	-2200	-2210	-2220	-2240	-2240	-2260	-2260	-2270	-2280	-2290	-2300	-2310	-2320	-2330	-2340	-2350	-2360	-2370	
# Normalized histogram for each
1.45375121059197e-06	3.7745919006376e-05	0.000344908926271571	0.00212534125949461	0.00986968040819407	0.0341751361438009	0.0874055270313511	0.165193233901224	0.221873918342433	0.215115076279186	0.151032458410802	0.0763972239442149	0.0275309597825491	0.00734134899062957	0.00133265975620437	0.000176600664813332	4.4507152447354e-05	2.21933616764927e-06	
1.22682475490422e-06	4.8789876791191e-05	0.000296762902775468	0.00204614636971617	0.00923641183271618	0.0326249249695857	0.084324315327764	0.159752778511418	0.219770838572897	0.217878276935785	0.155539845144689	0.0799558154345965	0.0290257728856544	0.00775645795617945	0.00148176408648977	0.000222947516823049	3.692485136439e-05	
6.63589112531057e-06	4.91620336074877e-05	0.000294937996020569	0.00180158458067919	0.00827572585981032	0.0305743296212848	0.0805853810309444	0.155951342944025	0.217854817699286	0.219930235405758	0.159149714195333	0.0836404991274445	0.0316679946002659	0.00843091677751926	0.00156146964909724	0.000208671411391532	1.65811764071871e-05	
4.22465994336745e-06	5.49805642933987e-05	0.000318511938002078	0.00166281929827747	0.00772647457192176	0.0284591603451515	0.0775459726766648	0.151527317829471	0.214488299033051	0.221180417462043	0.164662942447543	0.0877858028511622	0.0335319057758925	0.00903648763383335	0.00178685977024551	0.000213032548057028	1.46963322573533e-05	9.42621894057646e-08	
2.48542126874911e-07	3.80612270845337e-05	0.000231307015938861	0.00148785030523673	0.00738566927179668	0.0274724240153367	0.0753557531301674	0.147632403554663	0.212516931182482	0.221725956919542	0.167804245409776	0.0904055702712969	0.0359041213949682	0.00988898557368078	0.00186463159916093	0.000254867095482969	2.87537529539767e-05	2.219738305538e-06	
1.258646225293e-06	2.53955422055717e-05	0.000226924495979186	0.00136921872429595	0.00678293869251539	0.02535583919505	0.0716471777285787	0.142977202295041	0.211141551798288	0.22372909289084	0.171753588132819	0.0939593449220744	0.0374460951575419	0.0110805990721072	0.00219209936462254	0.000273340286369073	3.69802248097991e-05	1.35283063670948e-06	
2.84682473443777e-05	0.000185635267095914	0.00122593533820051	0.00608601394537676	0.0238780340023889	0.0696883401750449	0.141377183534936	0.208967954091418	0.225152521421949	0.174408873779071	0.0963310011350513	0.0388570396560713	0.0112292744406699	0.00223430295354894	0.000314145394490549	3.43248175058867e-05	9.51799835911423e-07	
1.49638644088185e-05	0.000174495618624185	0.00112378022127795	0.00610394616291098	0.0227709844279277	0.0665063514580736	0.137558017416276	0.207861395933942	0.225334555647789	0.17852540358386	0.0998745270975584	0.0392649917685469	0.0119130605131053	0.00257186601453455	0.000351792143751909	4.38294757755721e-05	6.03865163607159e-06	
3.87167759738901e-06	0.000138866454001926	0.00100289298259977	0.00558271069134131	0.0217484293880271	0.0642017340010504	0.134924906328958	0.205997360509495	0.226347857315113	0.181002075476162	0.102319522048596	0.0413895097991903	0.0120842852563656	0.0027955824980917	0.000412830472309205	4.60832421990108e-05	1.48185890342544e-06	
2.95187474508974e-06	0.000113715825935841	0.00100148357449034	0.00520298815534515	0.0210406285227815	0.0617509800181249	0.132346712104943	0.202646450100317	0.227070999709875	0.182688121304203	0.105883369540995	0.0440659122738866	0.0128661665470042	0.0028124587306029	0.000465744051350264	4.13176654000206e-05	
4.28498583812181e-06	7.35460942555078e-05	0.000917739621561169	0.00481395493818232	0.0199617305434466	0.0601434026531999	0.12942732156406	0.201118264984773	0.226061355711531	0.18571537449412	0.108600263361559	0.0455101246988183	0.0140249211526256	0.00313300032407664	0.000449547186901238	4.3765015037264e-05	1.4026700148742e-06	
8.14923256884034e-05	0.000890602040952094	0.00462409442958771	0.0191622808104306	0.0576839291979468	0.126418510576801	0.200698645574944	0.227747325227173	0.187820161112331	0.110597483614931	0.0463514529581654	0.0137631530951064	0.00351649060311633	0.00060507923394885	3.92991988768409e-05	
1.37850748600631e-06	6.85828879683884e-05	0.000690743558547037	0.00441737158487828	0.0185597538728825	0.0569820282523482	0.124405300311623	0.199466017572871	0.2283261420622	0.188941112917213	0.111563210193571	0.0479937313356722	0.0145213091656483	0.00343572869815072	0.000572654271298596	5.463513210066e-05	2.99675540436154e-07	
3.48939909409712e-06	5.9499827304752e-05	0.000661845557412815	0.00399561916660564	0.017842772203608	0.0553163207151804	0.121388186869993	0.196858676610328	0.227714181073955	0.190908119457889	0.115978906676784	0.0499446437269512	0.0152906668588037	0.00342971922408727	0.000539785176816597	6.22519086541504e-05	5.31554653154845e-06	
8.2958699969094e-06	6.91892662628836e-05	0.000652081039086967	0.00383079329616048	0.0166853806954643	0.0524880293375489	0.119491077282948	0.195141167099425	0.229895782235157	0.192317526630662	0.117262900678654	0.0513413519502235	0.0163757993530436	0.00388110732006957	0.000472590911638371	7.30464181892817e-05	1.38806154690556e-05	
4.18792444293725e-06	6.67076536267862e-05	0.000688264015235293	0.00388366745876557	0.0163233072883748	0.0516828251321209	0.117706385574546	0.192168229164183	0.228075997598217	0.196177662558005	0.119057854432635	0.0529018530163987	0.0167683383613212	0.00384200188395063	0.00057047223018925	7.28186045996436e-05	9.42710338889752e-06	
1.40576380540569e-06	4.9014298015145e-05	0.000491046076899165	0.00356081675865389	0.0158090663995409	0.0492518720982586	0.116282541280851	0.191677394348458	0.23012165207339	0.196361024477722	0.121019820468797	0.0537109378494441	0.017020187296472	0.00385578008415056	0.000699235436589428	8.20369677712204e-05	6.16832118250738e-06	
1.15691521827545e-06	2.65665163726046e-05	0.000450125087204611	0.00358856385904043	0.0156491498076756	0.0488054552635772	0.113842754295282	0.189836942157387	0.230078834414723	0.198995108545444	0.121053415541233	0.0553292831659734	0.0173970870746284	0.00411964749133568	0.000710294903643849	0.00010650425391771	9.11070734391916e-06	
6.82721715519914e-08	4.32418866567426e-05	0.000443359482058632	0.00313536534243943	0.0150883035253761	0.0491485047826918	0.112800570475438	0.188870072604297	0.22957231981952	0.198159320810004	0.124438159497976	0.0553884788542865	0.0180305183604735	0.00405810641107181	0.000649268351459438	0.000142313341600126	3.2028182479328e-05	
9.90707809828238e-07	3.26848171397644e-05	0.000493150434095708	0.00306489125905673	0.0143182046215426	0.0474567744787929	0.112054912132587	0.187425955266946	0.228760275049184	0.199289723992562	0.125341636193576	0.0570850537344543	0.0192077149081814	0.00452530559834294	0.00079423166185325	0.000142815655137481	5.6794887373774e-06	
2.96343995837003e-05	0.000390330062201913	0.00305907475322144	0.013994116943799	0.0461703432955972	0.10999471595334	0.189056252864719	0.228968877089043	0.200306091141967	0.125691661888842	0.0580745303013871	0.0189018690900185	0.00449047861434707	0.000714958721348697	0.000151059408428531	6.00547215547458e-06	
2.46628265751183e-05	0.000436604442823769	0.0028418306312289	0.0141760393713785	0.0463226579756058	0.109681416851529	0.186233918995811	0.226743757465883	0.201741060954248	0.127932070380227	0.0589956535410081	0.0195826676606425	0.00459241424784185	0.000593304972019874	8.91013827803668e-05	1.28383003967887e-05	
2.69649803767142e-05	0.000440995933373945	0.00308219762717619	0.0140522972510126	0.0467826721433551	0.108609374211378	0.185953878463292	0.227192645107188	0.20125245206728	0.127852822387469	0.0593946750734203	0.0197892844929754	0.00481293270485558	0.000666212982488434	8.95149630084666e-05	1.07961135070986e-06	
2.85521053054874e-06	3.52479530098716e-05	0.000580230998997147	0.00329647952794257	0.0139294688376048	0.0453799160397971	0.10601905415904	0.184677173263078	0.228939868162886	0.202749190415161	0.128363451691468	0.0595858939090181	0.0204601101863645	0.00506336634425556	0.000803341697977195	0.000106645061173475	7.7065416974988e-06	
