# <P(U)> as a function of N_tot.
# number_of_species: 1
# species_total_upper_bound: 479
# species_total_lower_bound: 456
# volume: 729
# Bin widths for each
10	10	10	10	10	10	10	10	10	10	10	10	10	10	10	10	10	10	10	10	10	10	10	10	
# Bin lower bound for each
-2310	-2310	-2330	-2340	-2350	-2350	-2360	-2370	-2380	-2390	-2400	-2400	-2420	-2430	-2440	-2450	-2460	-2470	-2470	-2480	-2490	-2500	-2510	-2520	
# Bin upper bound for each
-2150	-2160	-2170	-2170	-2180	-2190	-2200	-2210	-2230	-2240	-2240	-2260	-2260	-2270	-2280	-2290	-2300	-2310	-2320	-2330	-2340	-2350	-2370	-2370	
# Normalized histogram for each
1.72219929879278e-08	4.92032339665097e-05	0.000354032509852831	0.00213079108243136	0.0103225009351112	0.0342547334949112	0.0865679493991669	0.164460836490455	0.218903982377492	0.216013908068209	0.152033687458268	0.0764886746710242	0.028808415988423	0.00778137864774943	0.00154059338273508	0.000242898989101733	4.63960491094774e-05	
3.96328540273004e-05	0.00028550779319233	0.00208754801208324	0.00942858035099687	0.0330200796778485	0.0836214893321883	0.159258917877684	0.217760602471629	0.217888438190734	0.156748436096345	0.0796912370367612	0.0301011354468942	0.0080656982787259	0.00166837816088124	0.000296283942140777	3.8034477867483e-05	
5.10592670442216e-08	6.22752860382689e-05	0.000297113874930325	0.00167367171444254	0.00830022849022002	0.0308886950527825	0.0804642648954774	0.156977291390982	0.217141038460393	0.218729934771786	0.159505371860387	0.0834524574399735	0.0318153867101238	0.00864964407435931	0.00173141974546955	0.000289710281208913	2.14448921585731e-05	
2.91977632805856e-06	3.96304143709e-05	0.000365842851491126	0.00161091402146599	0.00767166961518543	0.0283612558999545	0.0779621258908519	0.15153992589232	0.212980386445203	0.220474069227384	0.16588977280896	0.0880502945986016	0.0336463413239017	0.00907683331645782	0.00199738312912258	0.000301266277966463	2.91806885652168e-05	1.87821869056398e-07	
1.36857065180983e-07	2.85346980902349e-05	0.000220185910743054	0.00140427323868892	0.00726729833957481	0.027379573138708	0.0754786216604909	0.148270277238884	0.211896341447976	0.22210632329594	0.168400343456491	0.0900759159826265	0.0354996620656918	0.00973616558117345	0.00186378794216722	0.000322572102631577	4.55562955721197e-05	4.43074748523432e-06	
1.94161799933024e-05	0.000270157409696284	0.00123887150573055	0.00676612996598183	0.0254853712879457	0.0723272631882614	0.143802956566448	0.210981014757012	0.223906876730659	0.172161564826929	0.0932192602101601	0.0366081514096879	0.0105898570761365	0.00226384142853488	0.000296028617950517	6.05478244527984e-05	2.69101442012437e-06	
1.95625162455516e-05	0.000219933210565172	0.00115002331541258	0.0057403011784231	0.0236788383811994	0.070844355243619	0.143570433363165	0.210562594580968	0.224609693233628	0.17305367174347	0.0943427951329484	0.0386517083633051	0.0109122480999565	0.00222432296410154	0.000357604845399704	6.00190288999647e-05	1.89479869394087e-06	
1.5629466903788e-05	0.000194389347711069	0.00104365335869086	0.00574049709090107	0.0226163366916936	0.0680816315033718	0.13954645863331	0.209490504283032	0.223668337216225	0.178092399519059	0.0983207340078565	0.0387068041681899	0.0115440101313296	0.00256874582373345	0.000330623338349362	3.85068843937283e-05	7.38535249299873e-07	
3.83887348776268e-06	9.25998537250863e-05	0.00101052292287331	0.00544129190889108	0.0215119749076012	0.0648557443856691	0.136967530306566	0.208210797039191	0.224419541145677	0.179704083376874	0.102340562894711	0.0405226297701353	0.0118814517824088	0.00263891426282432	0.000362099147899777	3.64174214649919e-05	
5.41578977164888e-06	6.0043868593715e-05	0.000809077198008292	0.00492728901706916	0.0203749847561191	0.0615522966509818	0.133141827988561	0.204299053920735	0.227184875437096	0.181742811945268	0.105832403318009	0.0442042333678789	0.0126274623972225	0.00269608811583995	0.000497556094390842	4.45801344547304e-05	
2.944465191212e-06	3.92014596463136e-05	0.000812533009806881	0.00469459257853298	0.0193936938476114	0.0595508850801022	0.13036051648498	0.201298380220079	0.2270676600816	0.185311659096023	0.107746657936182	0.0463359510732332	0.0136469340921714	0.00320561660394027	0.00047071370456198	5.92029155014105e-05	2.85735083644242e-06	
4.52573285372849e-05	0.000647167514201834	0.00474898362288372	0.0189882833883002	0.0573962249807608	0.126632830540031	0.20026638123138	0.227523840118195	0.188307408552733	0.111004609859893	0.046975825988362	0.0132427786659024	0.00361082937151837	0.00057427145264934	3.53073846518097e-05	
2.82957635600373e-06	6.81383076535805e-05	0.000530501629229643	0.00429213340689763	0.0181496936227869	0.057433088823372	0.124868817940259	0.198756859899256	0.228401804130855	0.188461050890247	0.111828073815809	0.0489017930849618	0.0142541051309235	0.00342260986520021	0.000559430093092886	6.84546578051834e-05	6.15125294783419e-07	
7.16299070314205e-06	9.29604837690327e-05	0.000541993763375829	0.00389620935587959	0.0179930102586347	0.0557068074916505	0.121878374811391	0.197318852100997	0.227307284662988	0.189031764643063	0.115947136917417	0.0509857982357642	0.0152573285930644	0.00333165305176315	0.000608115031365276	8.46359270059216e-05	1.09116811694056e-05	
1.7072648378211e-05	0.000111905049885223	0.000632022402694001	0.0038940774877172	0.0164398163447692	0.0525877347559555	0.11960162858281	0.195491680304838	0.22960555986811	0.191563668728386	0.1180244854867	0.0514214088616972	0.0162028233443438	0.00381211117483335	0.000454097245523552	0.000111341828495426	2.8565884863749e-05	
8.63170403754122e-06	7.2471082470295e-05	0.0007313519520951	0.00385571173067956	0.0162642090619857	0.0507287184015775	0.11868668799226	0.192232822776847	0.22871810211024	0.195431397594432	0.118582103447626	0.0531093071436863	0.0171343376761374	0.00374869621633657	0.000575717043581474	0.000101290404522167	1.84436614842973e-05	
2.90469265068573e-06	7.48178410025112e-05	0.000494202647167882	0.00341373563666893	0.0151806807729926	0.0487186494101634	0.114903691042243	0.191498534987454	0.232497814042738	0.196788702076466	0.121217313383576	0.0534136361729509	0.0172558460152361	0.00374105048790651	0.000686598925830574	0.000101312158816342	1.05097061361175e-05	
2.38419884835482e-06	2.64190269446376e-05	0.000473070631785697	0.00373930033791461	0.0149774319801217	0.047814634570161	0.112170051860883	0.188714317615467	0.231774807089387	0.200645760258077	0.121651923026421	0.05539354690636	0.0177655246319121	0.00405389186978025	0.000656846782721753	0.000130640072190736	9.44914102399447e-06	
8.99309840125637e-06	0.000308146917156093	0.00325232026826306	0.0152687348411418	0.0477628077050379	0.11256645273223	0.187197172740483	0.230923412232487	0.199195156793515	0.124494820250801	0.0560052667565372	0.0178398012461271	0.00422284620580734	0.000722611452170517	0.000197990348201573	3.3466411639458e-05	
9.9812269608506e-06	0.000391129359165694	0.00298417411755804	0.0136051037647823	0.0473139587494505	0.111900031860147	0.187593597271604	0.22905947891152	0.198301468192391	0.125998772007697	0.0578843085733722	0.0190303881557336	0.00484612502619629	0.000882585118635924	0.00019852536324619	3.72301538504196e-07	
1.90565436502065e-05	0.000289392315674958	0.00297999818054533	0.0137523061089295	0.0466632775702059	0.109579970268942	0.188996833621699	0.22811558994108	0.199261062038631	0.125785726228493	0.0598923836017409	0.0191540882199001	0.00454582272370655	0.000769029490482165	0.000193789020054109	1.67412626459758e-06	
3.23209835807439e-06	0.000251335825358547	0.00281687193199536	0.013814077666895	0.0456292824968428	0.110087734327801	0.18664071607157	0.223424513208934	0.201667187760683	0.128224698906378	0.0611278726858957	0.0206570727392307	0.00486946867213667	0.000670097917044749	9.93200611470153e-05	1.65176297304907e-05	
2.21896986330045e-06	0.000383597758208475	0.00285735861709254	0.0130799752597286	0.045974091023848	0.108612539210529	0.18688332830426	0.226433182042193	0.200191005375481	0.127339615254768	0.0609172021395982	0.0212506483386147	0.00523994644223331	0.000767728069184143	6.75631943977721e-05	
1.96535940693486e-05	0.000256978328993953	0.0032589264803494	0.0130598935871233	0.0446724943648987	0.104620561750771	0.184908706645707	0.230372485768013	0.201292538874488	0.127023641863462	0.0614766564570321	0.0224311056737159	0.00567444422991899	0.000832501967858502	9.66792601994477e-05	2.73115339928277e-06	
