# <P(U)> as a function of N_tot.
# number_of_species: 1
# species_total_upper_bound: 479
# species_total_lower_bound: 456
# volume: 729
# Bin widths for each
10	10	10	10	10	10	10	10	10	10	10	10	10	10	10	10	10	10	10	10	10	10	10	10	
# Bin lower bound for each
-2310	-2320	-2330	-2340	-2350	-2360	-2360	-2370	-2390	-2390	-2400	-2400	-2420	-2430	-2440	-2450	-2460	-2470	-2480	-2490	-2490	-2500	-2510	-2530	
# Bin upper bound for each
-2140	-2160	-2170	-2170	-2180	-2190	-2200	-2210	-2220	-2240	-2240	-2260	-2260	-2270	-2280	-2290	-2300	-2310	-2320	-2330	-2340	-2350	-2360	-2370	
# Normalized histogram for each
1.43724379162771e-06	3.73173121755172e-05	0.000340992467864526	0.00216274574795889	0.00996384991688011	0.0342581855392439	0.0875054741767049	0.165171313719491	0.222004006848594	0.2149426239947	0.150934418948486	0.0762787802222498	0.0275457722814778	0.00731340227709593	0.00131888804104734	0.000174595355278799	4.40017714667562e-05	2.19413549254409e-06	
1.2137045062387e-06	4.8268094594262e-05	0.000294251199488037	0.00204630579751844	0.00928250542559864	0.0328077823072438	0.0843811931818664	0.159880675023404	0.219708626044062	0.217861045262691	0.155450882736624	0.0798307179274341	0.0289513253568334	0.00772421917636145	0.00147389559255515	0.000220563209815559	3.65299594045549e-05	
6.56738784822685e-06	4.86545267261033e-05	0.000296387229165918	0.00181325070701823	0.00832433336020095	0.03066046797784	0.0806134925358421	0.155941312671203	0.217857765138904	0.219827761452026	0.159224354934409	0.0835789051169193	0.0316306556592281	0.00840500390268716	0.00154816012767544	0.000206517265814989	1.64100064918967e-05	
4.55329647514736e-06	5.47667447541467e-05	0.00031834919210318	0.00166654890558806	0.00774849808413479	0.0285314305449356	0.0775639300843276	0.151493981936878	0.214699799594753	0.221051877114278	0.164658197981791	0.087755733840336	0.033424765844185	0.00902237816334655	0.0017797623404785	0.000210791341475164	1.45417196552658e-05	9.32705050775064e-08	
2.46021889670381e-07	3.85575685707545e-05	0.000229199082524989	0.00149632210000213	0.00742301487270191	0.0274703969919497	0.0753451877991128	0.147689884148292	0.212612363075033	0.22158954064235	0.167827191509971	0.0904055959290673	0.0358525409268018	0.00988241935211578	0.00185351194974977	0.000253368612306744	2.8462187580832e-05	2.19722998015961e-06	
1.24529013481155e-06	2.9768364175019e-05	0.000236630539698579	0.0013885154430378	0.00685747391794876	0.0253581225700959	0.0716556632152646	0.14303718470228	0.211193362383326	0.22363848702162	0.171649157209662	0.0939646886545936	0.0373829660235717	0.0110923075124542	0.00219930097713766	0.000275378547022579	3.84091528655481e-05	1.33847511088589e-06	
2.81652877877781e-05	0.000189979956240814	0.00123836492597751	0.00614470715748594	0.0239118372876394	0.069704302569235	0.141328035567125	0.208830236807377	0.225163134492142	0.174303292794463	0.0964377417808621	0.0388541163054849	0.0112545520767815	0.00224792082276099	0.000322068369149159	4.06021287205741e-05	9.41670766398605e-07	
1.52752055760549e-05	0.000174254258618024	0.00113793927462751	0.00622115152887016	0.0227942412525811	0.0665282053578643	0.137618097121468	0.207703569987527	0.225157072405779	0.178369363417372	0.100046301749037	0.0393211749474632	0.0119028248184356	0.0025808319739417	0.000364986761742664	5.75255939331187e-05	7.18434516278125e-06	
1.20288629007471e-06	1.18001450850286e-05	0.000140280260307304	0.00100687512200401	0.00561387878680887	0.0218105563200001	0.0642236153414965	0.13499215192935	0.205680789760246	0.226158065222121	0.18099425938613	0.102416635829293	0.0415246597280345	0.0121233487717294	0.00281580432652108	0.000429904783248531	5.47059131077638e-05	1.46548822664031e-06	
2.91819605094271e-06	0.000117542222330995	0.00100371522834736	0.00519557660860573	0.0210262642310305	0.0617262003403516	0.132375014150918	0.20250406670555	0.226719495063859	0.182779971114101	0.106090186085473	0.0442019664823976	0.0129317143396549	0.00280873824964819	0.000473774218747382	4.28567629341935e-05	
4.23796876407237e-06	7.64949132405319e-05	0.000915435089117589	0.00478796575223848	0.0200155288987978	0.0602561166091401	0.12943402874566	0.200987115128465	0.225787708335816	0.185624326096352	0.108792752339171	0.0455894456678489	0.014104205358398	0.00312988796510851	0.000447152229216826	4.62116234693161e-05	1.38727919622329e-06	
8.05376183024251e-05	0.000889755372949842	0.00459948662726072	0.0191443029518213	0.0577114312597551	0.126553003982931	0.200745149816978	0.227688342398906	0.187537945039092	0.110642339714105	0.0464248092147762	0.0138069468781214	0.00353358588761602	0.000603524440577902	3.8838796806906e-05	
1.36275492436359e-06	6.77991735661637e-05	0.000684610831008545	0.00441269355256861	0.0185176810214446	0.0569497652900108	0.124590385283235	0.199665315854893	0.228193235905836	0.188642355237316	0.111514167746142	0.0480788147702286	0.014583974663999	0.00347428019729272	0.000569250664150462	5.40108023128203e-05	2.96251070513824e-07	
3.45042504743402e-06	5.88352575655825e-05	0.000660658903001193	0.00398514767505528	0.0178350605607244	0.0553891476688835	0.121522851113854	0.196817204161786	0.22767992521174	0.190731926033535	0.115933832275534	0.0499857566114934	0.015346668273813	0.00344302401287282	0.00053969903917616	6.15566001705612e-05	5.25617574793389e-06	
8.20759120279575e-06	6.84530029181625e-05	0.000650100453301031	0.00382194522720702	0.0167027188635847	0.0524797696838218	0.119488778082083	0.19496186067751	0.229998426004005	0.192317679403602	0.117262507044779	0.0513446767433436	0.0164282383986079	0.0038952466319388	0.000484628645505285	7.30306388364228e-05	1.37329077547809e-05	
4.14249475186072e-06	6.59840235474957e-05	0.000681508019248465	0.00388638712734466	0.0163486007062751	0.0517820382594221	0.117632242318291	0.192208129689912	0.228037192400003	0.196101990215952	0.119106370210918	0.0528288889535719	0.0167931326635043	0.00385952008995402	0.000578867144182463	7.56808428952187e-05	9.3248402271477e-06	
1.39052815537617e-06	4.84830816841157e-05	0.000489946274964268	0.00354319215154896	0.0157735361912215	0.0492297700212226	0.116208974605239	0.19185637775725	0.230050646659219	0.196330027075943	0.121073851127308	0.0537397584757094	0.0169991729897002	0.00385410581964771	0.000707306894257977	8.73588779310869e-05	6.1014689969233e-06	
1.14508978888998e-06	2.62949662551722e-05	0.000446248226552714	0.00356581802238127	0.0155650623641579	0.0487450746299219	0.113726604710517	0.189937651460753	0.230043461461948	0.199009120126562	0.121202483373065	0.0554265640909828	0.0173683346081017	0.00411449284659462	0.000707160302862441	0.000105466137467911	9.01758208750862e-06	
6.75903924549115e-08	4.28100648211296e-05	0.000438932008602195	0.00311911918701397	0.0150690836754442	0.0490353258398062	0.112539152474099	0.188896534207155	0.229859547924871	0.198155911045535	0.124469304528741	0.0554284644957427	0.0180656530321384	0.00405680070154096	0.000649890072253031	0.000141694808982665	3.17083428604104e-05	
9.81473727306307e-07	3.23801720207003e-05	0.000488638540512016	0.00305781524134443	0.0142871861336918	0.0474468259744619	0.111803242811194	0.187272573605939	0.229023306811234	0.19934413356612	0.125416537238344	0.0571336416847393	0.0191986414237603	0.00454457871860533	0.000802210935405973	0.000141679116928829	5.62655197119564e-06	
2.93532632485603e-05	0.000395748665936916	0.0030596863450244	0.013949831626162	0.0460249013826817	0.109827861768858	0.188936361617582	0.229059429383393	0.200551893810944	0.125669366941243	0.0581436275393957	0.0189429156284152	0.00452140100815471	0.000732046185265478	0.000149626334397316	5.94849929770477e-06	
2.44132181815381e-05	0.000432185641383014	0.00286840556074586	0.0141421767302632	0.0462326394506424	0.109514020022094	0.186117385954705	0.226989515159474	0.201838343157609	0.127921426306053	0.0589567750352978	0.0196516371221611	0.00460314391146861	0.000607024761437532	8.81996024043891e-05	1.27083660793015e-05	
2.66936786321394e-05	0.00044145182451043	0.00308487747330146	0.0140833660867359	0.0467512853774425	0.108576901043928	0.185945785714821	0.227285293044699	0.201366707996363	0.127789102204251	0.059277258589764	0.0197983766419274	0.00481053153376358	0.000672685711291308	8.86143294722852e-05	1.06874909756454e-06	
2.82624491378044e-06	3.48903686258736e-05	0.000574344655915186	0.0033057311194626	0.0139308196271988	0.0453079990851303	0.106006819237094	0.184697931360465	0.229043214718697	0.202718077267735	0.128327884627714	0.0595901901522589	0.0204539929763395	0.0050966699981897	0.000795417034613463	0.000105563165481675	7.62836016551357e-06	
