# <P(U)> as a function of N_tot.
# number_of_species: 1
# species_total_upper_bound: 103
# species_total_lower_bound: 0
# volume: 729
# Bin widths for each
10	10	10	10	10	10	10	10	10	10	10	10	10	10	10	10	10	10	10	10	10	10	10	10	10	10	10	10	10	10	10	10	10	10	10	10	10	10	10	10	10	10	10	10	10	10	10	10	10	10	10	10	10	10	10	10	10	10	10	10	10	10	10	10	10	10	10	10	10	10	10	10	10	10	10	10	10	10	10	10	10	10	10	10	10	10	10	10	10	10	10	10	10	10	10	10	10	10	10	10	10	10	10	10	
# Bin lower bound for each
0	0	0	0	-10	-10	-10	-10	-10	-10	-20	-20	-20	-20	-20	-20	-20	-30	-40	-40	-40	-40	-40	-40	-50	-50	-50	-50	-50	-60	-60	-60	-70	-70	-70	-70	-80	-80	-80	-90	-110	-110	-110	-110	-110	-120	-120	-120	-120	-130	-150	-150	-150	-150	-150	-150	-160	-160	-170	-170	-180	-180	-190	-190	-200	-200	-200	-200	-210	-220	-220	-230	-230	-240	-240	-240	-240	-240	-260	-270	-270	-280	-280	-280	-280	-290	-290	-290	-300	-300	-310	-310	-320	-330	-340	-340	-340	-350	-350	-350	-360	-360	-360	-360	
# Bin upper bound for each
0	0	0	0	0	0	0	0	0	0	0	0	0	0	0	0	0	0	0	0	0	0	0	0	0	0	0	0	0	0	0	0	0	0	-10	-10	-10	-10	-10	-10	-10	-10	-10	-10	-10	-20	-20	-20	-20	-20	-30	-30	-30	-30	-30	-30	-30	-40	-40	-40	-40	-40	-50	-50	-50	-60	-60	-60	-60	-60	-70	-70	-70	-80	-80	-80	-90	-80	-90	-90	-90	-90	-100	-100	-100	-100	-130	-130	-130	-140	-140	-150	-150	-150	-160	-160	-160	-170	-170	-170	-170	-170	-180	-180	
# Normalized histogram for each
1	
1	
1	
1	
3.08325560959817e-05	0.999969167443904	
0.000143171678320325	0.99985682832168	
0.000680151179057527	0.999319848820942	
0.00165504789608305	0.998344952103917	
0.0041510248444811	0.995848975155519	
0.0095378636576104	0.99046213634239	
1.16102665717205e-05	0.0207901173410942	0.979198272392334	
3.4979575814344e-05	0.0412758994609259	0.95868912096326	
0.000105208195328756	0.0731080059540045	0.926786785850667	
0.000220896841175171	0.125698053395029	0.874081049763795	
0.000365875733195713	0.198793765477506	0.800840358789298	
0.00107509893607593	0.285953196588969	0.712971704474955	
0.00250162142129158	0.384365638222305	0.613132740356404	
1.93182959717489e-05	0.00557526021744674	0.489112208390322	0.505293213096259	
3.86455507377436e-06	6.56974362541641e-05	0.0106661720036172	0.591845015883321	0.397419250121733	
1.1622005880735e-05	0.000275054139177394	0.0193855058090659	0.687530749890559	0.292797068155316	
5.80434706899821e-05	0.000673304260003792	0.0327558652927132	0.760829944239573	0.205682842737021	
8.11933096712831e-05	0.00139188530865057	0.0570093024334795	0.801049326868799	0.140468292079399	
0.000100840466503512	0.00229993833217625	0.0913071639394492	0.817195626626537	0.0890964306353337	
0.00015132937031461	0.00446227630414875	0.135820049977495	0.807353831349237	0.0522125129988049	
1.93997710827012e-05	0.000271596795157817	0.00866393776553437	0.193225599937921	0.767773100277417	0.0300463654528877	
2.71471452837652e-05	0.000519673924003506	0.0155785832292693	0.264037013193513	0.703436828592925	0.0164007539150062	
6.88560335099363e-05	0.000833923072509229	0.0273090679570797	0.345366562745061	0.617795459327124	0.00862613086471702	
8.77002329775754e-05	0.00237171934400226	0.0463819840843142	0.426337523879248	0.520714413723943	0.00410665873551516	
0.000367964123497959	0.00470687441307806	0.0711397305429387	0.501584928802775	0.42020736311543	0.00199313900228061	
3.84563616436249e-06	0.00095756340492626	0.00903724498625185	0.106835618282154	0.560151518064876	0.322314303843713	0.000699905781913973	
5.80486370180028e-05	0.00196978374947756	0.0173565424683828	0.14991254005356	0.592409560223526	0.237968452500735	0.000325072367300816	
0.000277352974032828	0.00347461642468904	0.0291105058995289	0.205272017781407	0.596166365558924	0.165556612749762	0.000142528611655759	
7.32070062958025e-05	0.000389153033467161	0.00530558145628001	0.0455732879193028	0.263849609691066	0.575784663517481	0.108932025368154	9.24720079525927e-05	
0.000138408836635281	0.000776627361120189	0.0103422158485807	0.0674320162707277	0.327717522943187	0.525380720417995	0.0681932648722217	1.92234495326779e-05	
0.000215185155298358	0.00185212937238944	0.0178296271532925	0.0968832735810268	0.381254298899866	0.46216007469999	0.0398054111381373	
0.000331788799267776	0.00347424823141315	0.0294186068684095	0.136986823789638	0.426234197128311	0.381492286863833	0.0220620483191274	
1.53438361892048e-05	0.000590737693284387	0.00674361600515553	0.0435458071049633	0.182043108507774	0.455827013590803	0.299726496119927	0.0115078771419036	
8.01043645435196e-05	0.00144950754888273	0.0114129647006767	0.0631756421699891	0.230345821985215	0.465463575401094	0.222812197224574	0.00526018660502445	
0.000347525883040355	0.00263890533165808	0.0184341476641296	0.0894898243657653	0.274988447628613	0.453116466998408	0.15867420785103	0.00231047427735621	
4.56740925128744e-05	0.000628018772052023	0.004544572205031	0.0281580780341871	0.121778549162451	0.317651894903913	0.415953960514747	0.110105012351036	0.00113423996406971	
4.97845859262805e-05	0	0.000157012924844423	0.00140928674006702	0.00862039253231211	0.0422900909526089	0.160022977501197	0.351594064145524	0.363779798946865	0.0715251316419339	0.000551460028721876	
8.13515199175638e-05	4.64865828100365e-05	0.000801893553473129	0.0032269436233967	0.0150539050666501	0.0616567043337117	0.198001851715549	0.372729420970872	0.304196576263176	0.0440150461573028	0.000189820213140982	
0.000102087292487946	0.000333746917749054	0.00163339667980713	0.00540277363320821	0.0239905137346673	0.085023008905153	0.235483972295079	0.383007962808814	0.240980980352123	0.0239944401689937	4.71172119175135e-05	
7.09821164501055e-05	0.000587574186170318	0.00285900191257369	0.00982707967742572	0.0379005067334424	0.115590433188083	0.270138217954532	0.368807303271093	0.180625825660035	0.0135536407910563	3.94345091389475e-05	
0.000193658284029515	0.00101571793868542	0.00559237697758702	0.0165795204388534	0.051177165712208	0.150512008789715	0.29800452923252	0.337008888520016	0.133043241128277	0.0068649885583524	7.90441975630674e-06	
1.59856129483465e-05	0.00059146767908882	0.00190628434409032	0.00866819862124088	0.0265241282845439	0.072570686382256	0.183970426616046	0.3167349385553	0.293639724248177	0.0923608752123089	0.0030172844440004	
4.87181048657207e-05	0.000787609361995818	0.00281753039806752	0.0131173497350953	0.0391734161541116	0.0970667641028764	0.216174410815419	0.324239287091732	0.246131985465765	0.0589123683088728	0.00153056046119806	
0.000298058891469306	0.00157722830069174	0.00655729561232474	0.0194400632547203	0.0531993724204452	0.126049933143735	0.246196644353647	0.315975542612072	0.194847720884407	0.0352454639162455	0.000612676610242463	
0.000841726288945467	0.00300021251505315	0.0115258164119959	0.0301521357762842	0.0721384431397224	0.1570402903539	0.2658646654138	0.292945750323981	0.145297791926928	0.0209223153306693	0.000270852518720076	
6.7777081179999e-05	0.00198671569208872	0.00599403561685616	0.0176982903231272	0.0450802311198468	0.0947396512869173	0.185243235000085	0.279072131758646	0.254121693749259	0.10384719657048	0.0120982089906298	5.08328108849992e-05	
5.56009392281734e-05	3.42159626019529e-05	0.000226680752237938	0.00351141316202541	0.00984564323871194	0.0255208311057316	0.0599292584973205	0.119832855022689	0.211531634795923	0.280579447326664	0.213178277996142	0.0695909909370469	0.00616315026367676	
0.000109040789978715	0.00015701873756935	0.000593181897484211	0.00546076276213406	0.0164433511287903	0.0388446910220175	0.0799617921071915	0.146319655256638	0.226878990892913	0.264354129592798	0.172362957535155	0.0453173523151541	0.00319707596217593	
0.000208060346354074	0.000243474873393066	0.00137231292276092	0.00983638488507986	0.0257507879732266	0.0546047738782449	0.10005489251691	0.171937528774303	0.23841502284237	0.236020115451358	0.132290965754152	0.0277517087509296	0.00151397103091688	
0.000210699027646402	0.000372085516907476	0.00292737159687448	0.0139195846987676	0.0372354494389578	0.0758157862884246	0.120596054100338	0.196940829436896	0.235942564341655	0.203284215056463	0.0948907727274765	0.0171697292741643	0.000694858495429624	
0.000186410238923367	0.000563777307963354	0.00515128782195549	0.0213371524699357	0.0519402577917207	0.0965332242151447	0.14631385119007	0.206801700425106	0.227179522153266	0.168919502602923	0.0657346154720498	0.00909318238650572	0.000245515924435654	
0.000377733320275885	0.00115185345812523	0.00909357993256761	0.0337581667342856	0.0710138642118664	0.117852795926076	0.163446606695673	0.217639679719451	0.203360427538158	0.134930072702006	0.0426792018168506	0.00463539407844728	6.06238662171174e-05	
5.21067715118069e-05	0.000866867198787333	0.00252480992870846	0.0154520262428649	0.0511451647284527	0.0907131522228275	0.140972501835579	0.17594088249923	0.215617820515857	0.177366713246962	0.0991307643115985	0.0275550081712892	0.00264797138864546	1.42109376850383e-05	
0.000470230602987627	0.00184767378345643	0.00531028095091078	0.0246372337141093	0.0676847080057948	0.111287909373738	0.15520459781034	0.186686299190158	0.205880257439381	0.150236302752511	0.073569715249246	0.0160115895219322	0.00117320160543378	
4.26206994530344e-05	0.00103236805341794	0.00344280538915066	0.0108209220277982	0.0387374801695357	0.0882011697014183	0.129742144768309	0.168787441100561	0.192295124665546	0.187568962659532	0.12221248786494	0.048611275542822	0.00816423176189236	0.000340965595624275	
0.000232730450642146	0.00176210198343339	0.00589900448362338	0.0182337183676571	0.0570142108062923	0.10925032297287	0.150909073637814	0.170710160346531	0.191779390531195	0.163044304278441	0.0942700813131697	0.0320170605669124	0.00470685462421157	0.000170985637206475	
0.00010991374160713	0.000468328116412989	0.00447779025590786	0.0110726147523357	0.0289216506176674	0.0749755083510549	0.130682659912547	0.166098779001697	0.170629136699243	0.186533177223961	0.138835392224797	0.0651215024730592	0.0196172134477073	0.00240376574036463	5.25674416381926e-05	
0.000158831768278889	0.00132359806899074	0.00688270995875187	0.0179720552349507	0.0438760727160714	0.0971713505994696	0.150789105103313	0.171735646180577	0.171143636862447	0.167476066940371	0.112910134910741	0.0454258857277623	0.0121530368152787	0.000977056029109531	4.81308388723907e-06	
6.28520318127976e-05	0.000497981482824474	0.00200643024633162	0.0116179563420117	0.0282205622839461	0.0629729011047453	0.123044939202746	0.163681195155559	0.176005028162545	0.165977711702565	0.142799816278676	0.0867599777600503	0.0293954118016777	0.00665264582880074	0.000304590615708173	
0.000251809883537929	0.00105566451175516	0.00507493765284134	0.0192925110772136	0.0442894845161134	0.0838187937338079	0.146805162102613	0.172659257645093	0.17120166581923	0.147134451950316	0.120602406721387	0.0647926200334132	0.0193796760368998	0.00348659838744825	0.000154959928331033	
2.92977333320312e-05	0.000283211422209635	0.00288582673320507	0.0103616316884284	0.0290584685098196	0.0609783489750676	0.109788372706232	0.163032120081643	0.172983583503423	0.163310448548297	0.131102473705284	0.0973856655956717	0.0453235934646523	0.0117386251550338	0.00168950262214713	4.88295555533854e-05	
0.00024646689703106	0.00069996598756821	0.00433288804980603	0.0175385843927302	0.0410219503418496	0.0811467611785061	0.131761203152805	0.175918212424889	0.175716109569324	0.14838786002652	0.11220651954236	0.0715345521942948	0.0311928504882509	0.00734471353152558	0.000951362222539891	
0.000186948072712961	0.00271074705433793	0.00789609622906059	0.025685681253536	0.0553661476397806	0.103274051115539	0.152008461860133	0.185983814232652	0.16608368386097	0.130819373723956	0.0915996359432268	0.0539787961528055	0.0194376798760239	0.00457530809534352	0.000393574889922023	
0.000599859545082127	0.00482813780188054	0.0166156217080879	0.0399418672701026	0.0726854199992197	0.122688346143342	0.169199406968125	0.18480063204713	0.152720338652413	0.114158636026686	0.0708224415746557	0.0366840934805509	0.0118655144161367	0.00228726932230502	0.000102415044282314	
3.88794930114111e-05	0.00192453490406485	0.00825703232829844	0.0221807507630101	0.0510244746408507	0.0958719698295134	0.144286658501973	0.177402266674443	0.181465173694135	0.13734180906281	0.0922172974864408	0.0547909255263311	0.024265663575747	0.00753290177096091	0.0013267626990144	7.28990493963959e-05	
2.44147777766927e-05	8.30102444407551e-05	0.00317880406652539	0.0125296639549987	0.0332285125540787	0.0696700098635702	0.122532886705665	0.164418879459359	0.179780657636454	0.167304706192564	0.115052198794887	0.0723458695078957	0.0388878580427161	0.0154496713770911	0.00478041348867643	0.000717794466634765	1.46488666660156e-05	
0.000102645818160489	0.000459462233670761	0.00480968976523435	0.0193707322557152	0.0470899910551501	0.0899275125007943	0.139793828542381	0.17814426136558	0.176438385625675	0.150556975760923	0.0967510154604154	0.0552136743781374	0.0279978688772991	0.00999574753039049	0.00303049558378587	0.000317713246687228	
2.94048459186074e-05	0.00031855249745158	0.00174468752450404	0.00806182858935153	0.0266211871716459	0.0655777072061476	0.112189288794793	0.156022112444131	0.184128244334666	0.167735042735043	0.132287500980162	0.0773739512271622	0.0416029561671764	0.0183290206225986	0.00627793460362268	0.00148494471888967	0.000215635536736454	
9.78875858963566e-06	0.000484543550186965	0.00278490181875135	0.0140028191624738	0.0392676050823235	0.0844133596977231	0.139181464006735	0.167456293192897	0.181326964114411	0.152704633998316	0.109609624307445	0.0620068912860471	0.029850819319094	0.0121723213062119	0.00406722919399362	0.000616691791147047	4.40494136533605e-05	
4.42173528544758e-05	0.000329173626805542	0.000717303724083718	0.0048884740100226	0.0228898496610003	0.0549425174412892	0.104971995676526	0.153316301464086	0.178864105335561	0.177360715338508	0.142576397759654	0.084941534833448	0.0451852215780682	0.0192984180013757	0.00666699420261374	0.00268251940650486	0.000324260587599489	
9.36957550891589e-05	0.000862987217926464	0.00208103203408553	0.0114456761874704	0.0329365235916049	0.0718843695755089	0.127534716742938	0.168504418494556	0.179604899794856	0.161916127505129	0.122031323970333	0.0688269291462837	0.0336515701436011	0.012994121824207	0.00426562253432223	0.00120325074956604	0.000162734732523276	
0.000371717334083466	0.00125580180433603	0.00535976210090619	0.0204394301673733	0.0459472764170468	0.0906789366874962	0.142232112359099	0.17587755430087	0.17669131387008	0.148496051759127	0.102583937792602	0.0538839438204505	0.0248950149691575	0.00827322228696578	0.00232072173441299	0.000678132974341458	1.50696216520324e-05	
0.000419332238978466	0.00332908887286562	0.0110407110238355	0.0281873085518208	0.0653084393169998	0.10987016042015	0.153925614551851	0.181059478698434	0.16634705367964	0.131143600836619	0.0824499230371927	0.0414474121575666	0.0178318477721696	0.00572746472751075	0.00139095571953833	0.000521608394826872	
0.00206135249646922	0.00754444629060397	0.0188377502700008	0.0422810916341281	0.0833212179114397	0.130431170557448	0.167244745368447	0.176050926310543	0.150520270831603	0.112751308465565	0.062982886101188	0.029310667109745	0.0123473456841406	0.00319847137991194	0.000711348342610285	0.000327116391127357	7.78848550303232e-05	
1.04583912902517e-05	0.000115042304192769	0.0036395201690076	0.0116611062886307	0.0299423742639907	0.0584153445517011	0.104217869207359	0.149800767645921	0.172955645962538	0.16741792777435	0.136623194620204	0.0899107899222941	0.0446102680485688	0.019902318625349	0.00844515096687828	0.00156875869353776	0.000465398412416202	0.000298064151772174	
0.000171598833127935	0.000103999292804809	0.000525196428664285	0.00542356311977079	0.020565860152151	0.0452344924054516	0.0776926716898325	0.126468340015288	0.163195690269306	0.166008871139676	0.154678148188592	0.117030404193251	0.0683899349484424	0.0345069653526356	0.0135667077463873	0.00500756594855155	0.000842394271718952	0.000384797383377793	0.000202798620969377	
0.000387412243273948	0.00081670689122616	0.00216741444210019	0.0104287187648879	0.0311605090806289	0.0633837841799687	0.0949002937003628	0.143515294930658	0.170492798844046	0.162723612776228	0.134536754427755	0.0960468245284303	0.0545151849893462	0.0239515001753826	0.00737130322337457	0.00270665040233285	0.000397882844443514	0.000371706341519598	0.000125647214034794	
0.000199724703786672	0.000820490675015519	0.00156540984049014	0.00473401527624086	0.0168362527327198	0.0399719305821705	0.0806563925400124	0.115543440123074	0.156395238994899	0.17560659631319	0.152438530673936	0.119845618201938	0.0739467220857737	0.0383903268467788	0.0152924347520985	0.00581900623464954	0.00156001187552293	5.39796496720736e-05	0.00028609214326199	3.77857547704515e-05	
0.000472967463100383	0.00133191986735165	0.00210388974965343	0.0110195982494767	0.0267362526842263	0.0572834271113648	0.105199923890293	0.136230938595776	0.161537416075457	0.164233874255892	0.135953681807062	0.0999918453885672	0.0576911576830031	0.0260567017314958	0.00928538421810867	0.00376199407431569	0.000891570849982332	7.61097067058088e-05	0.000141346598167931	
0.000604502728431234	0.00168280489265992	0.00430776268638834	0.0165938721939637	0.0404635610112078	0.0770278071255078	0.123117055690495	0.14884926642777	0.166096655084903	0.155046780886822	0.118362723420941	0.0771857402707737	0.0445861606996983	0.018429164261363	0.00514099617692869	0.00180806221476729	0.000588164816852011	7.62435873697052e-05	3.26758231584451e-05	
0.000723428836737228	0.00405444071932581	0.00765538873502529	0.0242672583666704	0.0556824255381177	0.0974901338343348	0.139017108552117	0.16757635143525	0.161297636979091	0.138844349426926	0.0967181164936376	0.0603577193635986	0.0322087794027933	0.0103655475114588	0.00219728012352277	0.00126869982562126	0.000242942519799815	1.07974453244362e-05	2.15948906488725e-05	
8.6024742866667e-05	0.00134951315372084	0.00493029307554585	0.0108982596119209	0.0336034151822918	0.0748845386654336	0.119456108563225	0.155452086906496	0.169457990354476	0.154812277881426	0.12439715473163	0.0794008376659337	0.0420876054475168	0.0208179877737334	0.00620453457925836	0.00138714897872501	0.000736586860795836	3.22592785750001e-05	0	5.37654642916669e-06	
0.000510420173542859	0.00352407119818421	0.00905724307946265	0.0163714555662949	0.0489351766379601	0.0941019319946569	0.140642477818442	0.165137216146653	0.171566338332555	0.138671387148272	0.103620725231047	0.0610115007439103	0.0299681801891813	0.0126138942887241	0.00288876098217873	0.000906810308315505	0.000472410160619455	
0.00123287073404905	0.00558610456489482	0.0120395827878153	0.0278541503011259	0.0696517412935323	0.110581958627913	0.165237409444008	0.166797590992406	0.156383651915859	0.122299685781618	0.0841407000087283	0.0446397398970062	0.0242537313432836	0.00693898926420529	0.00173474731605132	0.000490966221523959	0.000136379505978878	
1.07357764381915e-05	0.00168551690079606	0.0102472986102537	0.0193136618123064	0.0463839221012062	0.0860365123756663	0.132366755594682	0.174220180038971	0.161305040983827	0.140370276929353	0.105768869469062	0.0663846736055568	0.0338928462153704	0.016039249998658	0.0041386418169228	0.00115409596710558	0.00066561813916787	1.61036646572872e-05	
0.000151135676656015	0.0030227135331203	0.0141041972536488	0.0285484497797737	0.0605298385007341	0.110156317471284	0.146396493652302	0.173708869505139	0.161618015372657	0.123618188099145	0.0885547111149495	0.0517585715519475	0.0228106917695829	0.0108601779082822	0.0026934536661197	0.000906814059936091	0.000561361084722342	
0.00012844802671719	0.000545904113548056	0.00520214508204618	0.0219485565652998	0.0382935679650621	0.0763784078867088	0.133666227802575	0.161437761579054	0.175647324534643	0.14625413442086	0.107810710424628	0.0715509028825878	0.0379885039016088	0.0143861789923252	0.0063635293236141	0.0016484163428706	0.000588720122453785	0.000160560033396487	
0.000747494314831972	0.00207403352143519	0.0106754821864735	0.0322159521603639	0.0528246862629495	0.103006822201634	0.153346879474438	0.170118125157921	0.162216794407479	0.132032763412785	0.0852880485134338	0.0537774783121368	0.0253042617704034	0.012117830371431	0.00346374126168618	0.00063694938094837	0.000152657289648783	
4.72691558253982e-05	0.000609246897305133	0.00513658159969328	0.02017867740902	0.0384088151723486	0.0736663532896706	0.124648763911575	0.16918681295595	0.171944180379099	0.147043839515964	0.112006890792494	0.069196791999958	0.0410243751280206	0.0173425280594961	0.0073477276666369	0.00177521940766496	0.000393909631878319	4.2017027400354e-05	
1.57560542638509e-05	0.000399153374684222	0.00228987988634633	0.00888116258672395	0.0273367541477813	0.0539382257632495	0.0945835937458969	0.139167975294507	0.178920500202203	0.169682200385498	0.133107146421012	0.0929239560301046	0.0526094651869981	0.0284711900547786	0.0120533815118459	0.00393901356596272	0.00134451663051528	0.000304617049101117	3.15121085277018e-05	
2.04515706806283e-05	0.000219854384816754	0.000950998036649215	0.00432039430628272	0.0149143079188482	0.0379274378272251	0.0737023478403141	0.113184105039267	0.155232534358639	0.178741614856021	0.156203983965969	0.12108863710733	0.0761769878926702	0.0361686027486911	0.0192807182591623	0.00780738710732984	0.00261268815445026	0.00123220713350785	0.000214741492146597	
0.000291967811829306	0.000455879565838742	0.00240233164470078	0.00833901048523002	0.0234906032464772	0.0533225424761944	0.0915293478873312	0.136302867943471	0.163025606089322	0.173444246953546	0.144175754378237	0.100436927269281	0.0570720238491602	0.0257751233179837	0.0127031609357312	0.00453830668913624	0.00180302929410379	0.000783703073857612	0.000107567088568692	
0.000126662444585181	0.000972767574414186	0.0032273590880304	0.0133400886637112	0.0359214692843572	0.064248258391387	0.114654844838505	0.157172894236859	0.166708043065231	0.165552881570614	0.127842938568714	0.0810639645345155	0.038991766941102	0.0184572514249525	0.00795440151994934	0.00230018999366688	0.00101836605446485	0.000405319822672578	4.05319822672578e-05	
0.000176313535842023	0.000438265074807314	0.00237771396906957	0.00631202458314443	0.0225731701173744	0.0470807515994156	0.0834567528084228	0.134164525716589	0.163603848672611	0.168948667573422	0.150511309253942	0.106846002720266	0.0629943075915571	0.0300690141554582	0.0126895370510302	0.00494685406276762	0.00171276006246537	0.000821117324064279	0.000277064127751751	
0.000454520203423042	0.00074743322340678	0.00460580472802016	0.0137820626126831	0.0328466600340385	0.0618399987879461	0.10568099752034	0.145491917115716	0.164182797925368	0.164369656231219	0.137330754352031	0.0882425723823424	0.0473761558701284	0.0190494467479079	0.00917625788466297	0.00297458222017969	0.000924191080293519	0.00074743322340678	0.000176757856886739	
0.000950005334254551	0.00143770860745475	0.00737651200715298	0.0203616116561082	0.0436189614968426	0.0850584989915719	0.124577704848075	0.154307283543571	0.168272869981356	0.147393073597472	0.118476333690644	0.0698533334010699	0.0361662458532521	0.013518525104018	0.00539521745977718	0.00193557236551328	0.000741715394658633	0.000502944000487703	5.58826667208559e-05	
5.03522137350769e-06	0.00157602428990791	0.00217521563335532	0.0126635817543718	0.0300300602715998	0.063554564176414	0.105226056263564	0.13853908087069	0.168362697065977	0.162693037799407	0.129913746657872	0.0944557177456307	0.0532927830172054	0.0238468084249324	0.00864043987693919	0.00263845599971803	0.00139979154183514	0.000498486915977261	0.000438064259495169	5.03522137350769e-05	
0.000132808230023854	0.00205341955652267	0.00492922853742383	0.0194002176011769	0.0450526380311691	0.0844813583217126	0.12038044449893	0.153214725367904	0.169728917970486	0.146564097849017	0.112984047688371	0.0753124824412196	0.040537158210358	0.0160851198594276	0.00506203676744768	0.00200744747689903	0.00104203380480255	0.000679365176660486	0.000255400442353566	9.70521680943551e-05	
0.000589576900997626	0.00347022895236322	0.0105916973091503	0.0295460775035038	0.0665911594495214	0.105735962639443	0.131237749471191	0.159470208265454	0.163840317750919	0.130363727574098	0.0969440263964956	0.0551926726969006	0.029970159134046	0.0107158187619919	0.00315475359305747	0.00134982079965246	0.000589576900997626	0.000382707812928284	0.000263758087288412	
0.00125055133227823	0.0054484601613782	0.0175596087486703	0.0440702591910334	0.0812702695690527	0.126160392289132	0.142282645357134	0.163225488415536	0.150393067483071	0.116420621124458	0.0781776198012609	0.0426640375684301	0.0206159354487196	0.00689100485172405	0.00178501932906105	0.000705705316140415	0.000638248190332875	0.00037360869678022	6.74571258075396e-05	
