# <P(U)> as a function of N_tot.
# number_of_species: 1
# species_total_upper_bound: 103
# species_total_lower_bound: 0
# volume: 729
# Bin widths for each
10	10	10	10	10	10	10	10	10	10	10	10	10	10	10	10	10	10	10	10	10	10	10	10	10	10	10	10	10	10	10	10	10	10	10	10	10	10	10	10	10	10	10	10	10	10	10	10	10	10	10	10	10	10	10	10	10	10	10	10	10	10	10	10	10	10	10	10	10	10	10	10	10	10	10	10	10	10	10	10	10	10	10	10	10	10	10	10	10	10	10	10	10	10	10	10	10	10	10	10	10	10	10	10	
# Bin lower bound for each
0	0	0	0	-10	-10	-10	-10	-10	-10	-20	-20	-20	-20	-20	-20	-20	-30	-40	-40	-40	-40	-40	-40	-50	-50	-50	-50	-50	-60	-60	-60	-70	-70	-70	-80	-80	-100	-100	-100	-110	-110	-110	-110	-110	-120	-130	-140	-140	-150	-150	-150	-150	-150	-160	-160	-170	-170	-170	-170	-180	-190	-200	-200	-200	-200	-210	-220	-220	-220	-230	-230	-240	-240	-240	-250	-250	-250	-260	-270	-270	-280	-280	-290	-290	-290	-310	-310	-320	-320	-320	-330	-330	-330	-340	-340	-350	-350	-350	-360	-360	-360	-360	-360	
# Bin upper bound for each
0	0	0	0	0	0	0	0	0	0	0	0	0	0	0	0	0	0	0	0	0	0	0	0	0	0	0	0	0	0	0	0	0	0	-10	-10	-10	-10	-10	-10	-10	-10	-10	-10	-10	-20	-20	-20	-20	-20	-20	-30	-30	-30	-30	-30	-30	-30	-30	-30	-40	-40	-50	-50	-50	-50	-50	-60	-60	-60	-70	-70	-70	-70	-80	-80	-80	-80	-90	-90	-90	-90	-100	-100	-100	-100	-110	-110	-120	-130	-140	-140	-140	-150	-150	-150	-150	-160	-160	-160	-170	-170	-180	-180	
# Normalized histogram for each
1	
1	
1	
1	
1.691268112831e-05	0.999983087318872	
9.16096069686119e-05	0.999908390393031	
0.00045515120988898	0.999544848790111	
0.00146031904169512	0.998539680958305	
0.0037708488212164	0.996229151178784	
0.00916918377469106	0.990830816225309	
3.94831913473902e-06	0.0195744501636578	0.980421601517207	
1.18821920267851e-05	0.0397116059970743	0.960276511810899	
3.95270978018981e-05	0.072844488539118	0.92711598436308	
0.000192054469804696	0.12344498362933	0.876362961900866	
0.00051487151197536	0.193515508534127	0.805969619953898	
0.00103642869528208	0.280417671569014	0.718545899735704	
0.00248184551660054	0.379472998282001	0.618045156201398	
1.84128879694136e-05	0.00531343338545934	0.485392661411979	0.509275492314592	
1.31598167627114e-06	7.10630105186415e-05	0.0100290963548624	0.589721656715652	0.400176867937291	
3.97214730311059e-06	0.00027010601661152	0.0183632369822803	0.683127245090757	0.298235439763048	
1.98829820231332e-05	0.000661440535302897	0.0320407627642117	0.756331404242233	0.210946509476229	
2.78463992616726e-05	0.00145331683765682	0.0550695695874887	0.800816032100268	0.142633235075325	
4.77918822832837e-05	0.00279980777042904	0.0884216199855031	0.818915230476352	0.0898155498854322	
0.000107830777566406	0.00541816376167002	0.134133499827604	0.806860433692725	0.0534800719404348	
9.29954498654887e-06	0.000239131156796971	0.00982031950579561	0.192689229134146	0.766855093161513	0.0303869274967618	
2.77646666851764e-05	0.000473321460633008	0.017471908106886	0.261790397920559	0.703832978342238	0.0164036295029992	
0.000105164082259345	0.00104638261848048	0.0288451932127101	0.339143648878162	0.622253245626489	0.00860636558189916	
0.000202267497451955	0.00250338863729497	0.0463442119973521	0.419166552836473	0.527466350043606	0.00431722898782192	
0.000408447753603234	0.00491850149742217	0.0705428797674746	0.49521259705575	0.426951754414859	0.0019658195108904	
1.32220914704288e-06	0.000895135592548029	0.00930041914029961	0.10500323941241	0.554820113445545	0.329197022385001	0.000782747815049385	
5.4426247788104e-05	0.00195005263416402	0.0160690177920731	0.148701801243308	0.590202213422575	0.242652124681241	0.000370363978850757	
0.000229969218487939	0.00337552519550688	0.027222275822966	0.204229847625568	0.595718078884729	0.169076277089118	0.000148026163624421	
3.04246084815872e-05	0.000423298900613387	0.00549891728078078	0.0426275221008324	0.263175508983858	0.577045029743362	0.111134480737916	6.48176441564248e-05	
0.00010183811178915	0.000946962182351058	0.00940746089813279	0.0632454351397034	0.327098724775229	0.529759212381398	0.069431108501234	9.25801016265001e-06	
0.000204295512131704	0.00203366896167469	0.01580504371128	0.0923097332218994	0.383998620341996	0.465284355474191	0.040364282776827	
1.86029700970544e-05	0.000378703319832892	0.00375912874318334	0.0257624560172636	0.132830521627282	0.429375152810112	0.385723283477373	0.0221521510348567	
9.05137587568734e-05	0.000724110070054987	0.00675126153551267	0.0395585058308165	0.177497480922229	0.45876499300515	0.304862319255338	0.0117508156221423	
6.64151745390787e-06	1.19547314170342e-05	0.000217841772488178	0.00161654534828118	0.0113516816322193	0.058580840550449	0.225977631369215	0.468920354922693	0.227760214653844	0.00555629350193932	
5.35637287854157e-06	6.96328474210404e-05	0.000559740965807594	0.00301028155774036	0.0182960306598784	0.0823515548211373	0.271728796128414	0.45937860718236	0.161956629448802	0.00264337001556026	
1.20763547657321e-05	0.000170410783916442	0.0011204173588207	0.00570272308381795	0.028905426040378	0.114765624790341	0.314648081603955	0.422943463874256	0.110545609708316	0.00118616640143413	
1.7498024742207e-05	3.09580437746739e-05	0.000304196430133752	0.00210110897096808	0.0102457664875138	0.0430787909134104	0.150306686533655	0.350341413382759	0.371600167442637	0.0715251951366259	0.000448218633781148	
2.96673881236051e-05	0.000129457693630277	0.000791579855843464	0.00377854643283371	0.0169481697244304	0.0623810776004477	0.189250965875761	0.374549426542873	0.308995286930841	0.0429637720735482	0.000182049881667577	
5.57984071596161e-05	0.000307571707757884	0.00167531315154847	0.00660734796975454	0.0261177373609803	0.0867978246786828	0.228868734927625	0.378535033234076	0.246320027000985	0.0246805881424302	3.40234189997659e-05	
6.84002013701928e-05	0.000522577538468273	0.00304654496902839	0.0113886335281371	0.0392822356469017	0.117637402324512	0.265473493553965	0.364109319937838	0.185215433274236	0.0132422789852693	1.36800402740386e-05	
0.000195293028312026	0.00117995228294819	0.00561296745707992	0.0188136836225628	0.055897508033645	0.152485615917338	0.29280160823126	0.334665331936692	0.131556485435647	0.00678882268349009	2.73137102534303e-06	
5.49214417427672e-06	0.000388569200330078	0.00247421095051166	0.00900437037372668	0.0296575785410943	0.078149092491827	0.185877500470265	0.309667684086375	0.292118910413517	0.0892322394355174	0.00342435189266153	
1.2490267999517e-05	2.49805359990341e-05	0.00088680902796571	0.00441322802649602	0.0150924071660831	0.0425973651085751	0.103698368354657	0.217802517760467	0.313879047020308	0.242319526035964	0.0575551549417745	0.00171810575371134	
5.58259236050148e-06	5.58259236050148e-05	0.000254007952402818	0.00185760760795687	0.00794682022517386	0.0228635070124338	0.0602850192529654	0.132959206601974	0.242953023880934	0.303071961011175	0.192369154502431	0.0346595246701735	0.000718758766414566	
1.53914608175384e-05	9.51472123266012e-05	0.000684220394525117	0.00376810945287554	0.0130029859433986	0.0348798486599634	0.0813060913805021	0.16182721825931	0.261649237003311	0.27806353035336	0.144304739730398	0.0201278330782082	0.000275647071005006	
3.52806362933317e-05	2.39908326794655e-05	0.000186281759628791	0.00174709710924578	0.00664969432856715	0.0202101596942721	0.0501267280455657	0.106011255934203	0.186719239518829	0.271830246512862	0.243179547391773	0.101800159186231	0.0113871781700357	9.31408798143956e-05	
3.81987182207886e-05	3.25396488547458e-05	0.000439992643209824	0.00304033501690647	0.0116407056859499	0.0296521087107225	0.0688680446500573	0.131031506868695	0.208832392513051	0.267526845210305	0.204163660286066	0.0689416125518159	0.00576234738197303	2.97101141717245e-05	
5.39537446028507e-05	0.000112166995358558	0.000810726004427047	0.00499214121114798	0.0185842253449135	0.0437408686836848	0.0921870718308919	0.155653713508456	0.221950087106901	0.250921828123247	0.163751034705036	0.0446112277742519	0.00263095496708112	
9.53169501990275e-05	0.000261765952785389	0.00196182200484267	0.00980057417792687	0.027849621150689	0.0603512785275096	0.115977966135452	0.178628232596121	0.231445204134764	0.223817002836746	0.122517847031944	0.0261865537658731	0.00110681473514692	
0.000168444613840723	0.000495341364429922	0.00393703597434503	0.0158623436355772	0.0405837319617945	0.080810589741723	0.139055311215699	0.197542707133344	0.225821417304401	0.192108227091889	0.0873999146356957	0.0157467164006527	0.000468218926608111	
2.14177095901364e-05	0.000259868209693655	0.00100663235073641	0.00729344403909446	0.0243733535135753	0.0557788550092453	0.104167172362588	0.162416203211229	0.205715672765954	0.213431759607628	0.157024651783738	0.060118082972207	0.00823153971914243	0.000161346745579028	
0.000107777512724932	0.000525954262097667	0.00240415705051748	0.0119575557784554	0.036342577290847	0.0750620079956544	0.128712216796622	0.180222682711625	0.207773489031123	0.192045157340798	0.122377773115402	0.0382955058214227	0.00413147132112238	4.16739715869736e-05	
2.8776440152918e-06	0.00015107631080282	0.000860415560572248	0.00431934366695299	0.0197492708769476	0.0529500887033768	0.0938270219405968	0.150484954957677	0.190756144129678	0.201315658843791	0.169362299697991	0.0905263642550571	0.0233693470481847	0.00230930932227167	1.58270420841049e-05	
4.28777854481372e-05	0.000374465992913731	0.00176227698191844	0.00756078283402152	0.0308048303254567	0.0699722580728151	0.116643298273597	0.165768377061528	0.196125849158809	0.189745634684127	0.142574353653116	0.0642237763037348	0.0132835379318329	0.00108909575038268	2.85851902987581e-05	
7.25310639169334e-05	0.000786464281295376	0.00323403214406091	0.0133130056730669	0.046188065937848	0.0907192948273974	0.137999593257171	0.1783097986623	0.193935265314365	0.171750714999851	0.112380483739531	0.0432413136940071	0.0076086508226587	0.000453674693911799	7.1108886193072e-06	
0.000208941858729719	0.00148675635531487	0.00582620870022529	0.0215537030324997	0.0639205736662189	0.113206688982226	0.157415659268419	0.183446687845127	0.187698015052342	0.148239273962575	0.0842803232202631	0.028175880718362	0.00436787980868317	0.000170564782636505	2.84274637727509e-06	
6.1098986041013e-05	0.000689139726276543	0.00315157095439458	0.0111995862319829	0.0354274655572228	0.0827848633656163	0.134646535261219	0.171094211794662	0.184703655708635	0.174132110216887	0.121814327285955	0.0606954485518119	0.0174032646751239	0.00211004637839312	8.66753057791115e-05	
2.41201467072453e-05	0.000126276062173225	0.00152808223551195	0.00552351359595917	0.019113088017253	0.0517079192116969	0.103991884280049	0.155482722171381	0.17934889792212	0.179042430175722	0.15393335745348	0.0970112300565405	0.0415348926298763	0.0105859067401622	0.00102297798681905	2.27013145479955e-05	
2.82681916413784e-06	0.000134273910296547	0.000449464247097917	0.00280420461082474	0.0103673592844755	0.0303826523761535	0.0722534978353632	0.127171527146651	0.166380922362825	0.183917095047554	0.168817640482312	0.129423088610887	0.0746746684494473	0.0271063689649178	0.00561123604081361	0.000503173811216536	
2.12171576081191e-05	0.000183882032603699	0.000896778528236501	0.00532692103681177	0.016808232257152	0.0458149156617985	0.095081155627851	0.149859613140493	0.175952473566958	0.178164715866898	0.150870964319813	0.106133880264507	0.0542522720039605	0.0173881678984405	0.00303829696948265	0.000206513667385693	
5.93125673444775e-05	0.000305036060628741	0.00205193238932204	0.00953943791457013	0.0266666478372802	0.0649472612422029	0.118592653997314	0.165887365434613	0.179224219863214	0.167987312759404	0.131161269458406	0.082690192102108	0.0386576718687554	0.0105689346191921	0.00158590507447258	7.4846811172793e-05	
0.000154379564111425	0.000888036575209758	0.00396146459467575	0.0149408258881782	0.0390920215508206	0.0884269147314929	0.141758680663747	0.178394792451547	0.17631562547801	0.153269164310844	0.108401364205469	0.0613920787704022	0.0256921586512042	0.00651510087075739	0.00076623251545212	3.11591780775354e-05	
1.27344194378178e-05	0.000261763066221811	0.00193563175454831	0.00723456517617362	0.0222569353063194	0.0553933096190145	0.111073851143126	0.161039468210644	0.185623972403098	0.168029249546513	0.133584059902709	0.087618465474159	0.0450699402614235	0.0166467160762141	0.00387267844458971	0.000345244260314172	1.41493549309087e-06	
5.62790540616593e-06	3.65813851400786e-05	0.000574046351428925	0.00331483628423173	0.0128414731605191	0.0342345485857074	0.0745753745371048	0.134633567079005	0.177419717929381	0.182380716544916	0.15362352689576	0.113986189120133	0.0681131321544747	0.0310758866764967	0.011123555035287	0.00192755760161183	0.000133662753396441	
6.89039352584249e-05	0.000164525722963994	0.00115308626350834	0.00600167338128485	0.0186603106301898	0.0475324657062302	0.0977128112102484	0.154889015447137	0.186513109325234	0.17580487530497	0.137141330408432	0.0934435796297468	0.0515176443291358	0.0212195996540741	0.00704085722120273	0.00108840093653104	4.78108938527846e-05	
7.63578979519115e-05	0.00020220702605784	0.0023755790473928	0.00999864252625863	0.0298997731887624	0.0645747430698137	0.122459685857952	0.173537463447191	0.186584765750937	0.162666361235075	0.117261692656633	0.0744319820813466	0.0367988506722323	0.0144627514861509	0.00400596157218084	0.000651870202885763	1.1312281178061e-05	
1.27003659116534e-05	0.00025541847000103	0.000763433106467167	0.00450721874686901	0.017261208425705	0.0413608583189513	0.085274490186145	0.141878609902616	0.187663429014127	0.181012670731725	0.145376855135393	0.0993972970799036	0.0565180394586257	0.0262431894287799	0.00970590186003915	0.00249491632575592	0.00027376344298453	
0.000151908582267016	0.000687137886142388	0.00218350840679131	0.007544319683803	0.0243834570134205	0.0585401727214777	0.108577723955132	0.162288055584344	0.192067816534184	0.169138138850123	0.125986163541656	0.0821768641809501	0.0408477918596876	0.0179252127075078	0.00614164978399167	0.00122662630914674	0.000133452399374761	
8.54214123006834e-06	0.000243451025056948	0.00118308656036446	0.00382830296127563	0.0140333143507973	0.0373846810933941	0.0763653189066059	0.132569760820046	0.174743735763098	0.188428246013667	0.153940774487472	0.106688496583144	0.0652363325740319	0.0292682232346241	0.0119120159453303	0.00358200455580866	0.000552391799544419	3.13211845102506e-05	
7.96065163619822e-05	0.000349700054018708	0.00199016290904955	0.00707787223154124	0.0225058994114804	0.0526170642254002	0.0966451539533165	0.151502572996332	0.183258465300088	0.17910044636511	0.139808944360731	0.0863560117135303	0.0489523213828789	0.0198916782759503	0.00733517186478265	0.00224319790748586	0.000274358172461832	1.13723594802832e-05	
0.000151551204477984	0.000780417884741768	0.00363439617467764	0.0125532553765268	0.0346627348335486	0.0732176445260272	0.117558410950212	0.168795465361343	0.185944829696104	0.163880673963786	0.117259557640447	0.0676612391506334	0.0344672762707639	0.01357303918236	0.00466976001087769	0.00105802569855191	0.000131722074920117	
1.99622713072293e-05	0.000216733231335633	0.00151428086630554	0.00666597274009265	0.0207564845299527	0.0489674515166336	0.0921116233176439	0.138555273390435	0.181163315619194	0.180073945956428	0.146016885229773	0.0964491396974005	0.0514199591343789	0.0242071057130595	0.00889176599084872	0.0024582111238331	0.000479094511373504	3.27951600047339e-05	
2.17784579109522e-05	0.000464607102100314	0.00355279243387334	0.0118663557670808	0.0303373918699565	0.0662239348156236	0.110817505234089	0.155472055334706	0.184955731654553	0.166888322971627	0.127990545245472	0.0773527268081202	0.0393551253422848	0.0168449112455245	0.00596584557040685	0.0015070692874379	0.000371685681680252	1.16151775525079e-05	
9.76289284715098e-05	0.00156643430010258	0.00704676862818241	0.0193232420964282	0.0443687051198359	0.0847448242096428	0.129828989088874	0.167579327147254	0.181646635736268	0.151225753054183	0.108949512729647	0.0595973608132053	0.0280399025459293	0.0114735848176816	0.00355544157418633	0.000746059871304672	0.000186514967826168	2.3314370978271e-05	
1.90682099204562e-05	0.000491373101796372	0.00308905000711391	0.0116580101882912	0.028530442397138	0.0596556281288366	0.104857553137967	0.148066116817721	0.17217566808407	0.174421316498549	0.13508066586189	0.0879587187923076	0.0447633561809602	0.0190946120572692	0.00766982074415889	0.00183201493774229	0.000491373101796372	0.000145211752471167	
4.82053724157173e-05	0.000157763036996893	0.0012328889187535	0.00592780003827214	0.0194063143194789	0.0423140915989722	0.0804708350193041	0.125234635998311	0.161546428347096	0.170382619187783	0.159508655785886	0.113986715767977	0.0680557604689652	0.0330542777885712	0.0127116106291385	0.00467007804888025	0.000959725141731099	0.000265859932716986	6.57345987487054e-05	
0.000167734821457222	0.000759911669384457	0.0026341659787108	0.0108415037207959	0.0293156710997278	0.0585321598702462	0.101685224458362	0.141296896468234	0.16940195972614	0.165361738374518	0.138674398998842	0.0942844724229368	0.053109220164351	0.0227010848796539	0.00792729351843479	0.00250289524887472	0.000621348121224143	0.000147314930149386	3.50055279562898e-05	
5.44209682519838e-05	0.000405951006420203	0.00154879133971186	0.00514351691830236	0.0175367893099568	0.0408201386999272	0.0785029821219765	0.121191083786229	0.15539539775109	0.172667436404686	0.155417460305787	0.117959654941645	0.0735771490766821	0.0381785154842363	0.0146201195790465	0.00506850423233341	0.00152378711105555	0.000277988189179052	0.000100016914625268	1.02958588584834e-05	
0.000187084675702709	0.000836725163772747	0.00262507789056872	0.0101585505798888	0.0268606454863244	0.0564701099085642	0.100255289561412	0.141349101477969	0.160089977417259	0.16403201357616	0.141575960061105	0.0980220583144407	0.0572228679344231	0.0267103885026892	0.00916567600175005	0.00318485880999415	0.00102233673179276	0.000173826706558423	5.74511996252414e-05	
2.91947361890651e-06	0.000213121574180175	0.00167285838363343	0.00468283568472604	0.0168906146221836	0.0398887680551197	0.0754333593653064	0.118426987614133	0.154124851289313	0.163921145017553	0.155032807584792	0.123410529081607	0.0768157301238587	0.0428038624635978	0.0186860908978111	0.00541708329988103	0.00179839574924641	0.000649582880206699	9.92621030428214e-05	2.91947361890651e-05	
1.59501658817252e-05	0.000472704916131128	0.0029696308841612	0.00743857736120456	0.0246691065587082	0.0545176669837366	0.0936535739971696	0.138791093427372	0.164989965895645	0.161720181889892	0.138260387908034	0.10465773844048	0.0600668746954968	0.0307127694128019	0.0121714265828365	0.00337418509152495	0.0011252117022017	0.000342203558917013	4.49504674848618e-05	5.80006032062733e-06	
6.64047049177015e-05	0.00112166208089248	0.00453428648144566	0.0115775159443471	0.0356088012218466	0.0727492413984253	0.11306555876672	0.156001974818181	0.166779747142432	0.154165740369152	0.120843570725341	0.0860027543516735	0.0452649114652054	0.0214530504300426	0.00780977073053837	0.00212495055736645	0.000658272727010258	0.000147245215252295	2.30972886670266e-05	1.44358054168916e-06	
1.74234746473924e-05	6.09821612658735e-05	0.00025990016349027	0.00256125077316669	0.0081309548354498	0.0180507197346986	0.0514674921521766	0.0914253273435299	0.135165508489588	0.167937612345113	0.164293202231366	0.138801206866011	0.102866742361984	0.0658868693791145	0.0329637620766459	0.0135002889392879	0.00509055850947982	0.00112381411475681	0.000354277317830313	4.0654774177249e-05	1.45195622061604e-06	
6.49468734575118e-05	9.23688866951278e-05	0.000822660397128482	0.00417247580368148	0.0116081711826393	0.0294382528425082	0.0684568911519266	0.109497542121656	0.15653351114344	0.170625539419866	0.156363206008596	0.120705929216568	0.0857240999084971	0.0497536348600178	0.0238788004745452	0.00874762222279953	0.00287931138994969	0.000497926029840923	0.00011546110836891	1.87624301099478e-05	2.88652770922274e-06	
4.28828725806913e-06	0.000161525486720604	9.72011778495669e-05	0.00159381343091569	0.00756596815231996	0.017990794476686	0.0450899110895108	0.0861531204436948	0.130485434117613	0.16788501672432	0.171578661482604	0.143024386060208	0.101652420023443	0.0671788787558249	0.0356871265616513	0.016003888047114	0.00572343406043626	0.00158523685639955	0.000490294176505904	3.4306298064553e-05	1.42942908602304e-05	
5.43198581965807e-05	0.000251586711647321	0.000278746640745612	0.00278603693750357	0.0117416661901767	0.0263865858539654	0.0601277946137572	0.10652981874321	0.149665504031105	0.175371662187661	0.16590571216193	0.125464577734576	0.0838069643776088	0.0503730916576134	0.0248384698953628	0.0110869689519126	0.00406684201498084	0.000883412430670707	0.000377380067470982	2.8589399050832e-06	
9.46222993218735e-05	0.000523289988673998	0.000950524006824275	0.00587518458516724	0.0187337815945291	0.038273286404496	0.0771114392625195	0.126756605640062	0.161675101432238	0.17725910739631	0.153356941119124	0.106401341916245	0.0679230405298849	0.0377112872933721	0.0171524422588923	0.00715975398202176	0.00230677696377113	0.000593539877564479	0.00014193344898281	
8.56917610228169e-06	0.000202803834420667	0.000718382596574615	0.00216228876980908	0.0109471224706649	0.0273570947065343	0.054148623790318	0.100802074883174	0.144690538487026	0.169091267438273	0.169568284907967	0.13611850599271	0.0873613221667447	0.0523433840247706	0.0270029020943066	0.011561246757995	0.0044445460050501	0.00120396924237058	0.000242793322897981	2.42793322897981e-05	
3.26698048618351e-05	0.000499990057015912	0.00121730533767794	0.00522006664640192	0.0170919896479331	0.0371611928171883	0.0718082310863136	0.122953520810666	0.162228307959785	0.170949725431597	0.155530997963109	0.117581468550341	0.0692301573548253	0.0396568818233728	0.018496791256992	0.0068578181683887	0.00261926609414017	0.000704531443976966	0.000149144761325769	9.94298408838461e-06	
0.000176824153330589	0.000707296613322356	0.00247129436694831	0.00844229237661564	0.0237906288857108	0.0526058929124636	0.0911606313046652	0.141371617884419	0.172453060260257	0.169718651553153	0.138988028297523	0.0979167285551203	0.0531292924063221	0.0283272293635604	0.0122588649021031	0.00411788088276276	0.00183755660141148	0.000447011459619729	7.92172206921039e-05	
4.32117179027541e-05	0.000383329755588948	0.00166992380798385	0.00508783130145331	0.0142738061717485	0.0356357280059326	0.0694816545348607	0.111719017895227	0.155492488130717	0.172342270260023	0.159745357528178	0.12394932798809	0.0781853308763058	0.039088483659001	0.0198662388241952	0.00838725505228618	0.00300809313658527	0.00127265478855531	0.000298300246167399	6.96963191979905e-05	
0.000209007229686321	0.00085706991502243	0.00278863337326447	0.00817933661946937	0.0225854054038889	0.0505741386517491	0.0879148933782582	0.130929703434171	0.162540293507871	0.171036647804582	0.146347142772979	0.104796786057955	0.0589175950421802	0.0295429615061987	0.0141984642878184	0.00546364536663235	0.00200029737941405	0.000984718625770451	0.000123440511492592	9.81913159600165e-06	
5.58111239941789e-06	0.000340447856364491	0.00156131619373715	0.00454860660552558	0.0137951145732612	0.035004736969149	0.0638311825121424	0.108170329969318	0.146107941504361	0.166103671953375	0.165072561437583	0.130888247991148	0.0836092495775796	0.0435117475439617	0.0225644374308465	0.00978648059237927	0.00337936355784753	0.00116087137907892	0.000507881228347028	4.74394553950521e-05	2.79055619970895e-06	
0.000169532271579582	0.000644778475515788	0.00316274959110762	0.00821536712769254	0.0207815993563332	0.0471438675869582	0.0823523853329572	0.127848176902757	0.159106036877438	0.167589598500334	0.151257526468573	0.110287690706435	0.0643611204137699	0.0315191064259679	0.0161180722791113	0.0063102134855974	0.0021163741771779	0.000743440699139971	0.000200103664815245	7.22596567388383e-05	
0.000312439681783656	0.00114977802896385	0.00485600696532197	0.0131210780141056	0.030451065697039	0.0627170587900392	0.101191575515282	0.144161057795787	0.164600167467669	0.161704893083141	0.136479207486332	0.0920169578373064	0.0482642934211312	0.0215916649424625	0.0116935758235563	0.00372011514443739	0.0014011183951987	0.000406865896722716	0.000122198631097608	3.8881382621966e-05	
1.52193523750491e-05	0.000708391674184104	0.00192732344167667	0.0082447382548107	0.0211465983363864	0.0423762113220913	0.0822121743750381	0.11941657304459	0.155720262769037	0.168660863020294	0.146944230758588	0.117242972809935	0.0719750845365845	0.036129358960878	0.0163345158308936	0.00754188089058116	0.00235623246315533	0.000785872013547991	0.000171563608591463	8.8548959273013e-05	1.38357748864083e-06	
8.14352479358235e-05	0.00124499311251039	0.00351275772875713	0.0128833322751352	0.0303325594684349	0.0604981076656793	0.0995180137528951	0.135490309205496	0.167309407013369	0.162381884384032	0.131581417304576	0.0967271311880436	0.0550916353578044	0.0250296065435292	0.0117680834559463	0.00455485285064776	0.00138715973178818	0.000416838048756249	0.000161490237432057	2.89854272313948e-05	
0.000176629546646194	0.00170371019402825	0.00667298082526331	0.0211635575694105	0.0438486326508757	0.079378987203398	0.114853710402646	0.149402171569875	0.170528177975825	0.14913653185799	0.113881552504176	0.0779019747739629	0.041822260607856	0.0172429379473978	0.00795945586973362	0.00291508291157814	0.000876193814071673	0.000390810256752603	0.000112653490380644	3.19880281327754e-05	
0.000518069772299979	0.00312513056193858	0.0117596267669382	0.0316217533597939	0.0599317596267669	0.099197827449342	0.13248798830165	0.155214817909616	0.16733096581018	0.134290091219274	0.095379151869647	0.0599540421976186	0.0295007311468561	0.0122414873616043	0.00492027017617158	0.00151521481790962	0.000640623911983845	0.000281317457001602	8.9130283406448e-05	
0.000961550417155386	0.00530372421186714	0.0189477930621927	0.0468783459122364	0.0761282675099574	0.11654654194142	0.146448549454223	0.161681386953584	0.155103884746578	0.116615618839204	0.0766283842499147	0.0451376080880758	0.0210808876657673	0.00759845875625664	0.00342483259213822	0.000784713558827958	0.000520839809292501	0.00016440301672628	4.42092145818568e-05	
