# <P(U)> as a function of N_tot.
# number_of_species: 1
# species_total_upper_bound: 103
# species_total_lower_bound: 0
# volume: 729
# Bin widths for each
10	10	10	10	10	10	10	10	10	10	10	10	10	10	10	10	10	10	10	10	10	10	10	10	10	10	10	10	10	10	10	10	10	10	10	10	10	10	10	10	10	10	10	10	10	10	10	10	10	10	10	10	10	10	10	10	10	10	10	10	10	10	10	10	10	10	10	10	10	10	10	10	10	10	10	10	10	10	10	10	10	10	10	10	10	10	10	10	10	10	10	10	10	10	10	10	10	10	10	10	10	10	10	10	
# Bin lower bound for each
0	0	0	0	-10	-10	-10	-10	-10	-20	-20	-20	-20	-20	-20	-30	-30	-30	-40	-40	-40	-50	-50	-50	-50	-60	-60	-60	-70	-70	-70	-70	-70	-80	-90	-90	-90	-100	-100	-110	-110	-110	-110	-120	-130	-130	-140	-140	-140	-150	-150	-150	-160	-160	-170	-170	-170	-170	-180	-180	-180	-200	-200	-210	-220	-220	-220	-220	-230	-230	-230	-230	-250	-260	-260	-260	-260	-270	-270	-270	-270	-280	-280	-290	-290	-290	-310	-310	-320	-320	-320	-330	-330	-340	-340	-340	-350	-350	-350	-360	-360	-370	-370	-370	
# Bin upper bound for each
0	0	0	0	0	0	0	0	0	0	0	0	0	0	0	0	0	0	0	0	0	0	0	0	0	0	0	0	0	0	0	0	0	0	0	0	-10	-10	-10	-10	-10	-10	-10	-10	-10	-10	-20	-20	-20	-20	-20	-20	-20	-30	-30	-30	-30	-30	-30	-30	-40	-40	-40	-40	-50	-50	-50	-50	-60	-60	-60	-60	-60	-60	-70	-70	-80	-80	-80	-90	-90	-90	-100	-100	-100	-100	-110	-110	-120	-120	-120	-120	-130	-140	-140	-140	-150	-150	-160	-160	-170	-170	-180	-180	
# Normalized histogram for each
1	
1	
1	
1	
1.19323371398694e-05	0.99998806766286	
0.000100771927437699	0.999899228072562	
0.000432328634855886	0.999567671365144	
0.00141841587758361	0.998581584122416	
0.00392613480583845	0.996073865194162	
2.34492936982548e-06	0.009528710683877	0.990468944386753	
3.06225473816371e-06	0.020653467147861	0.979343470597401	
1.11633548113879e-05	0.0408245685993555	0.959164268045833	
4.57168446233841e-05	0.0740751473333311	0.925879135822046	
0.000159551141447213	0.124544865529147	0.875295583329406	
0.000449898610978497	0.193327834572532	0.806222266816489	
1.25679228904068e-06	0.00104978064486012	0.279874715762958	0.719074246799893	
9.52193593533707e-06	0.00242432082097054	0.380279891018748	0.617286266224346	
2.75104449787504e-05	0.00503638930624052	0.487371806720604	0.507564293528177	
1.07849812664875e-06	8.98748438873962e-05	0.00994141598176044	0.592351075586182	0.397616555090044	
4.84980077198051e-06	0.000249136061879147	0.0186210794973954	0.684951553184622	0.296173381455332	
1.56067332829015e-05	0.000566685867134318	0.0330496794610188	0.757261122353739	0.209106905584825	
1.2545747170934e-06	2.77798687356396e-05	0.0012581592162851	0.055315095401446	0.803235368970424	0.140162341968392	
1.07466754264012e-06	7.39729491850617e-05	0.00249770648035275	0.0879586725849802	0.820662167153073	0.0888064061648662	
4.48533233531699e-06	0.000138148235927763	0.00491646247938766	0.133748483733404	0.807794000527116	0.053398419691829	
1.3996002167586e-05	0.000352591593068031	0.00924471830354099	0.192598088648524	0.767332792633079	0.0304578128196202	
1.07600987561864e-06	2.43895571806891e-05	0.000778851814968624	0.0163747182871644	0.262884276751892	0.703670287619233	0.0162663999596855	
2.86824604244789e-06	7.54707239919101e-05	0.0015155095026784	0.0278707467944662	0.34167407331452	0.620493044324082	0.00836828709421937	
5.56229310736787e-06	0.000177096235386196	0.00316781563905096	0.0455607428424502	0.421851306986366	0.52515690600855	0.00408056999508903	
5.38875560700021e-07	1.88606446245007e-05	0.000353861618193014	0.00582165230742923	0.0708265704450465	0.495144551572906	0.426073996954994	0.00175996758124627	
3.05390026177314e-06	3.05390026177315e-05	0.000842337548673781	0.0104400275066593	0.105450996397835	0.55271948021899	0.329782066491672	0.000731498933290603	
5.40257854268685e-06	8.64412566829897e-05	0.00166507470685609	0.0180257033076747	0.149179600439698	0.588122719211425	0.242596486451053	0.000318572048067101	
9.8929475155751e-06	0.000245884713705294	0.003113580390811	0.0291309531261354	0.202856147909278	0.595387979816948	0.169132888546413	0.000122672549193131	
3.48638253128265e-05	0.000515768962102123	0.00577715150686305	0.0451644682988089	0.261675832198612	0.575077181141115	0.111711962982525	4.27710846621273e-05	
3.05853092642542e-06	8.47392980203748e-05	0.00107984133061208	0.0102077570101529	0.0677207323778243	0.322890009470651	0.528336029638244	0.0696670375285343	1.07948150344427e-05	
3.60273050945311e-07	1.06280550028867e-05	0.000224089837687984	0.00219244165152769	0.0171567430955922	0.0976372392636379	0.379824889283588	0.462028211181254	0.0409223350377251	3.06232093303515e-06	
1.44322479922037e-06	4.52811780755391e-05	0.000445054447459582	0.00422648382451685	0.0274091841774936	0.135030818261556	0.425984396575083	0.384312723722394	0.0225442537824216	3.60806199805092e-07	
8.84318187068308e-06	0.000117307514611102	0.000983758864838643	0.0077598018549747	0.0417405403220218	0.178045014322345	0.455061837302779	0.304410834738617	0.0118720618979417	
9.02537665153111e-07	2.56320696903484e-05	0.000257764757167728	0.00195507709025467	0.0131539449470075	0.0617967539330335	0.225229718399223	0.463494427281187	0.228259537341142	0.00582624164362939	
2.52898487630916e-06	6.05149952545405e-05	0.000605149952545405	0.00386194054790096	0.0208453384847551	0.0874869802439314	0.273183655965568	0.448527932096033	0.16276474407215	0.00266121465698475	
3.6220919355753e-07	1.19529033873985e-05	0.00015538774403618	0.00124074759253132	0.00701236998727378	0.0321871766716996	0.119288889178656	0.31483422319077	0.413466684270033	0.110614884515937	0.00118732173648158	
4.34669295449972e-06	3.26001971587479e-05	0.00034827877297929	0.00239448448131004	0.0119762257628854	0.0480787707697214	0.155325088260506	0.348563843592223	0.361825060459782	0.0709559591258728	0.000495341884606531	
1.97418383346292e-05	6.57457551878019e-05	0.000779530937543525	0.00442742420266066	0.0194618302422867	0.0687899828825583	0.194414001563771	0.367567311065626	0.301639351388241	0.0426679084101861	0.000167171713604246	
3.54593248978735e-05	0.000209680395697119	0.00152963567352817	0.0079014592597685	0.0303517347931962	0.0946499838985719	0.232870070520637	0.369707062556762	0.238458532490511	0.0242322875244687	5.4093561961552e-05	
1.80966618716545e-07	6.60528158315389e-05	0.000488066970678522	0.00297038607961337	0.0132402416917773	0.0448538432152267	0.124952021225213	0.266601108492926	0.355321079118425	0.178428923822283	0.0130596370062982	1.84585951090876e-05	
3.60818762719989e-07	8.11842216119975e-06	0.000146672827045675	0.00103230248014189	0.00563887562378799	0.0211966590347485	0.0630581302479961	0.158096168664009	0.291767432823214	0.325350999982139	0.127138279641397	0.0065605871531562	5.41228144079983e-06	
1.98824405515028e-06	2.25936824448895e-05	0.000360956670739555	0.00216140203740791	0.00951013281470288	0.0321840680196366	0.0862565340929631	0.19129637127385	0.306553794654154	0.282962194443039	0.0855881225915135	0.00310129922711531	5.42248378677348e-07	
9.02078804521869e-06	1.08249456542624e-05	5.86351222939215e-05	0.000868882304515464	0.00393973897086881	0.0156534126633462	0.046474558761684	0.112610285899444	0.221718882295495	0.308405227510589	0.234337160613147	0.0545263337550852	0.00138703636983282	
4.51180468577987e-06	2.63489393649545e-05	0.000214761903043122	0.00179443495962837	0.00711421362853771	0.0243516536666534	0.0656121075181104	0.141422878820145	0.245934683505925	0.295952730724668	0.184244958509444	0.0327739297096924	0.00055278631010175	
1.06226856273803e-05	6.73370241464447e-05	0.000505207726617443	0.00324243975361851	0.0117845193621851	0.0367058799805767	0.0880073300131739	0.170144996057903	0.261374420681037	0.271746843036857	0.137797658003897	0.0184112747384794	0.00020147093588201	
5.21585829556183e-06	2.08634331822473e-05	0.00016888589446664	0.00118687754801422	0.00568906254299711	0.0190864442181042	0.0522130796819478	0.113133944859745	0.19589990372245	0.267606804141104	0.237950513015635	0.0971780947620732	0.00978027387572624	8.00364462594832e-05	
7.19044634156382e-06	3.86486490859055e-05	0.000408057829883747	0.00238057702253324	0.00983401393903975	0.0290474258471739	0.0715895218658777	0.138927872093464	0.216694886172538	0.262126283292441	0.198275838823988	0.0657751471929306	0.00487512261958027	1.94142051222223e-05	
1.43397623865523e-05	0.000118123792659225	0.000875083999639355	0.00449390228491566	0.0160940530675172	0.0426674252400969	0.0943006076653558	0.163654868447916	0.230803494528395	0.245830310780293	0.157093530920919	0.0418021998270983	0.00224686151894292	5.19816386512521e-06	
1.97048958963479e-06	4.74708855684746e-05	0.000277480761304027	0.00174388328682679	0.00825491829723187	0.0252095481327014	0.0597644118473716	0.118161124784119	0.185666515416663	0.236532196277244	0.219994772828525	0.11837716209731	0.0249924360070071	0.000975571482286463	5.3740625171858e-07	
1.09161162677333e-05	0.000107550588146028	0.000640829710733656	0.003373437832181	0.0136694829053619	0.0372921374614625	0.0797925150517138	0.141668462159015	0.203341655828097	0.231669693353767	0.188502001049379	0.0850478197473617	0.0144948128762928	0.000388685320221586	
5.36902950496474e-07	3.11403711287955e-05	0.000221204015604547	0.00141509720985854	0.00644140366475637	0.0219210315981704	0.052055783500686	0.102218626165572	0.164718782762265	0.212606051755297	0.217792892192393	0.154722365694622	0.0580791187346558	0.00761650525574298	0.000159460176297453	
4.30183464285362e-06	7.76122666814841e-05	0.000554219696487642	0.00284207875404529	0.0110139513874761	0.0331667866101812	0.0705413052304036	0.125326603352025	0.18291956555055	0.215068968267696	0.196453316580077	0.120804658169946	0.0373099911005796	0.0038521136795653	6.45275196428043e-05	
1.23805167986567e-05	0.000172430096282741	0.00111729678413385	0.00506506679288813	0.0183014541006694	0.0475736609349659	0.0914372936692676	0.147798609542364	0.195723590069964	0.208305604265214	0.170007282973578	0.0898786045470947	0.022762387559339	0.00182926621394645	1.50719334940169e-05	
4.65529934832999e-05	0.000363976107350125	0.00217900362933608	0.00894572388287195	0.0284467548788975	0.0650643689499083	0.113427896423005	0.16706036000023	0.20113014131979	0.194308060749679	0.14116539218111	0.0637788592611339	0.0132363281587015	0.000837774141411817	8.80732309143511e-06	
2.15314301462989e-06	0.000109092579407914	0.000792356629383799	0.00409671344250247	0.0150551348154613	0.0415012933212375	0.084968406214832	0.135516668197791	0.18124709325693	0.198910581406031	0.174787125927287	0.112458839082704	0.04286548884959	0.0073479593945936	0.00034001716772697	1.07657150731494e-06	
2.74660323269815e-05	0.000317744295547433	0.00171151079872838	0.00745083445576057	0.0235906290206098	0.0581344604100481	0.106490295245486	0.156389074838116	0.188470477695338	0.190699714227602	0.150142796440618	0.0852919037855912	0.0272419956711379	0.00392046196071208	0.000120276089275017	3.59033102313484e-07	
9.52287520397819e-05	0.00073811266675363	0.00334252919659634	0.0128467180039479	0.0359436432651891	0.0775564517838861	0.128759694017442	0.172145374416095	0.189987469333647	0.175354763036726	0.123229958031072	0.0613603768614975	0.0167137240443256	0.00187492835383986	5.10282369420718e-05	
1.79493737912219e-06	7.17974951648874e-06	0.000244111483560617	0.00146718181369447	0.00609040202109949	0.0205281603238067	0.051771737813497	0.0991695722215491	0.149636211066686	0.181750333185251	0.184240629305045	0.154173094786156	0.0977512127045668	0.0424484740788606	0.00982387176967364	0.000877724378390749	1.83083612670463e-05	
8.75925978891971e-06	4.39750593484541e-05	0.000564704115779538	0.0029082530103252	0.01066162800675	0.0316727683551183	0.0710445685438893	0.120929268083402	0.16534354174413	0.18566949346452	0.172736535766382	0.130245187769928	0.0744190286874696	0.0278728584503618	0.00548615679432543	0.000389697680405	3.57520807711009e-06	
2.32135395647997e-06	3.62488348588795e-05	0.000110889292844159	0.00115299865361471	0.00546303868804217	0.0175721137534865	0.0461228031956116	0.0921834655314651	0.141129392269534	0.177067165698245	0.182145931023646	0.155882668057098	0.106079447446332	0.0542571845904953	0.0177551435846705	0.0028640150852294	0.000174101546735998	1.07139413375999e-06	
1.60592235615218e-06	1.26689430318672e-05	8.92179086751212e-05	0.000332247491906151	0.00232555400752571	0.00962928888330583	0.0275867126697995	0.0632212375737297	0.114207666459205	0.159387436976469	0.182365866227381	0.172308866689887	0.135096790724763	0.0833061516104903	0.038130306681208	0.0105455568053993	0.00138109322629088	7.17311985747974e-05	
1.07194597678129e-06	1.94736852448602e-05	0.000144712706865475	0.000818430753272517	0.00427742176268295	0.0155410727713752	0.0405499297250083	0.0837502458776084	0.134844193545563	0.172696571220001	0.181574427799704	0.157565339127082	0.112795336749149	0.0634727798078251	0.0253316913503071	0.00596198486519475	0.000632269468638166	2.30468385007978e-05	
1.96728547333157e-06	6.17012262090355e-05	0.000293483223794282	0.00173228428133541	0.00764844823204526	0.0243619690810684	0.0571571544539075	0.104746147742066	0.153365819774116	0.181017626698997	0.17353210547297	0.138715444854216	0.0914653611998724	0.0459543579039539	0.016369782423592	0.00329717045330371	0.000269518109846425	9.6575832327186e-06	
7.50958679213875e-06	0.000114074199366298	0.000669604822299039	0.00352736019607889	0.0131106657409611	0.0362970513607461	0.0761554348578212	0.12626261632931	0.168903480532558	0.181479892813165	0.160342193990149	0.118554204286865	0.0707406651813181	0.03185817036785	0.01014902774989	0.00171397378546291	0.0001121074028255	1.96679654079824e-06	
1.78364812047187e-07	3.49595031612487e-05	0.000234906457466146	0.00129029105034935	0.00647945852723818	0.0209245111956917	0.0510658456891098	0.0978709127480363	0.146307482742759	0.178674631725713	0.175704500875504	0.142655463216092	0.0971858135049631	0.0533077130117309	0.0214162629825058	0.00593384056718583	0.000865604432865001	4.76234048165991e-05	
8.38774211797627e-06	8.31635707867434e-05	0.000550914040812612	0.0027192346096086	0.0111651555346159	0.0314402913223454	0.0694596063293545	0.119115575055569	0.163475487715973	0.181594616854186	0.163628965550472	0.123300701447242	0.0771743659893119	0.0386335832702022	0.0139147287859279	0.00330994580983204	0.000406180873627957	1.90954980132651e-05	
1.7317148761806e-05	0.000201914384016522	0.00125843898579351	0.00491574939336421	0.0180519671566884	0.0448130319221107	0.0906774111541005	0.13937823223689	0.176419613438393	0.177284042658029	0.147367686271821	0.103107374891634	0.0589443608936649	0.0269461975825974	0.00863590141293652	0.00179669881586408	0.000177634670288629	6.42698304561873e-06	
5.52839804323243e-05	0.000514319353441365	0.00243142512649777	0.0089995186726994	0.0273878622415942	0.0611913412446493	0.112319214696408	0.156971372349913	0.180540894897841	0.1683807375632	0.129447261846867	0.0841472116097786	0.043659542701614	0.0178194535767041	0.00511465986709374	0.000938579319404267	8.02509393372449e-05	1.0700125244966e-06	
1.24680595032796e-06	3.20607244370048e-06	0.000128599128019541	0.00103930181716624	0.00454282653758782	0.0154418698099476	0.0406017014270228	0.0798712797536881	0.133570855804042	0.170121862813585	0.179177948776224	0.153775168113971	0.109478824425855	0.066248499825269	0.031080734960047	0.0114813016511629	0.00297238538558186	0.000439053809651204	2.26206222416645e-05	7.12460543044551e-07	
1.96185371633949e-06	3.5670067569809e-06	3.83453226375447e-05	0.000305870829411112	0.00211041954776775	0.00812760324611883	0.0245429683417449	0.0560391029548727	0.101304775401636	0.152373254440656	0.177804764165565	0.171061337891492	0.136142481944704	0.0900235814816704	0.0497964844294805	0.0214213023783731	0.00709602489199995	0.00160925509841193	0.000186019402376554	1.07010202709427e-05	1.78350337849045e-07	
1.01823170666352e-05	1.17900513403145e-05	0.000108075470619549	0.000806725331103942	0.00410329514071248	0.0135003233332262	0.0363049621825171	0.0749593600503042	0.123501680975502	0.16746035148644	0.178547465674873	0.158128525850581	0.116412287377142	0.0711250924447207	0.0357795903493071	0.014099472305884	0.00421780154842674	0.000840487750851206	8.03867136839623e-05	2.143645698239e-06	
2.05044340392861e-05	2.87062076550006e-05	0.000256751174057148	0.00170864340346504	0.00732008295202515	0.0211898170344776	0.0511141663708382	0.0953354552153741	0.143280884179724	0.176879628095924	0.172914070552726	0.141861442445926	0.0963876001307291	0.0547015508305811	0.0249982927829919	0.0091367758079059	0.00243414376960291	0.00039921241577358	3.01326030664292e-05	2.1395931171429e-06	
2.59096891873685e-05	9.09519434232453e-05	0.000634340666311436	0.00337147596956737	0.0120008319690542	0.0322291517239235	0.0693078825136759	0.115486810896079	0.159529887451884	0.179499825064926	0.161701834155832	0.123257216027126	0.0775544898632362	0.0407713082177315	0.0173487705048387	0.0056047124900069	0.0013605267136043	0.000213888951429518	1.01851881633104e-05	
1.60175039282928e-06	1.70853375235124e-05	0.000182777517048408	0.00141452356913413	0.00624771639336356	0.0190732877332794	0.0462863150183854	0.0893096865143117	0.134603628178206	0.172060205169988	0.176232053054244	0.145653214277006	0.10324046562528	0.0607606214293202	0.0291769512389806	0.0115924015097031	0.00333484431787057	0.000711177174416202	9.57490790380172e-05	5.69511250783745e-06	
4.07956716856576e-06	7.25453466062347e-05	0.000465425402187677	0.00277605677196621	0.0101528010751611	0.0291483300469168	0.0639174167896893	0.109986372471932	0.151997223056366	0.177609632603049	0.166164672970367	0.128057081303823	0.0839982880007691	0.0454062920760793	0.0203506547616619	0.00752343134877763	0.0019385038950111	0.000389509978355236	4.09730441712475e-05	7.09489942359263e-07	
2.16432130520638e-05	0.000235059486016267	0.00102095648454612	0.00499816298794136	0.0169239281863999	0.0426848512233117	0.0840828182869539	0.130893894857626	0.164713011881947	0.175179456829862	0.151851798630836	0.108711020706346	0.0662285867460866	0.0328214003832978	0.0137143461328102	0.00466499942964812	0.00106566213773563	0.000173145704416511	1.52566911678483e-05	
8.86113420046533e-05	0.000572266874061924	0.00230371837550345	0.00898963829803383	0.0263812910743137	0.0595300527484608	0.105581120065015	0.149701448618925	0.171013182437514	0.167558575715656	0.133275518257202	0.0891188272800784	0.05075682382353	0.0230597778820795	0.00878187823919025	0.00266045845955007	0.000551967463044922	6.99005805455034e-05	4.9424652910962e-06	
1.09573178889349e-05	0.00019882230040406	0.00108017946672855	0.00437992272970117	0.0151161502205867	0.0383965626540321	0.0781970758453173	0.127224887815622	0.162875228491006	0.172711718798463	0.154982601723233	0.113243526920274	0.0707584708462001	0.037363216884732	0.0159586265814989	0.00556225267610398	0.00162963593957852	0.000280471991769994	2.84536803244921e-05	1.23711653584748e-06	
3.28560781889871e-05	0.000386500532674751	0.00190706569961454	0.00789800060165485	0.0235145298939968	0.0540655598878866	0.0989872378866617	0.145711407400708	0.170986740452704	0.167132510506438	0.139243529428182	0.0937761932276557	0.0547866271522277	0.0265265137069022	0.0107536530747901	0.00324568591744327	0.000889410503664248	0.000145909250452169	1.00687981546896e-05	
3.52749612680925e-07	0.000115172748540322	0.000850832065786392	0.00384391252938404	0.0131020024890013	0.0349553701190036	0.0722709878964553	0.119911234087465	0.160277606890188	0.173463740161813	0.156525585634907	0.120646540655098	0.0755251030734368	0.0405602087148908	0.0185503966316645	0.00683258362282318	0.00197275220891807	0.000522069426767769	6.98444233108232e-05	3.70387093314972e-06	
4.9295679180903e-06	0.00027464735543646	0.00174805999495424	0.00655755772303962	0.0206578825287486	0.0493727917076217	0.0917109139401314	0.140603776999728	0.17000600879118	0.169530129431087	0.142526132431786	0.100533960233528	0.0587137947444116	0.0296575129872108	0.0123357155470298	0.00432833668808036	0.00112024430938602	0.000278344531375027	3.85562633593491e-05	7.04223988298614e-07	
5.2979218593488e-05	0.000641206954604906	0.00339647834285228	0.0111006423862262	0.0310910568438854	0.0661068001203209	0.112492482143275	0.15839149460008	0.172933146034488	0.159630081846732	0.125382273223863	0.0819088641273135	0.0443480062300745	0.0210431344125018	0.00810476438064565	0.002606014320582	0.000631174345103814	0.000128487805891184	1.07366522730989e-05	1.76010693001621e-07	
2.11303430493585e-06	1.58477572870189e-05	0.000157068883333565	0.00146362842855224	0.00602690209625329	0.0179729415392081	0.0455994563867078	0.0860385308283781	0.133155850190798	0.169691269840292	0.170296301996272	0.146101883118564	0.105574237322278	0.0640522327993285	0.0325069197471332	0.0143311269146512	0.00510192132926762	0.00152719554389239	0.000318363835277002	6.28627705718417e-05	3.34563764948177e-06	
7.91671614614258e-06	5.59447940994076e-05	0.000439289782598178	0.00271525771110144	0.00987232096126527	0.0280981848729147	0.0618883127278805	0.106560582670308	0.1525111383798	0.17454511868477	0.162039697933297	0.129010102609438	0.0867832183210404	0.0487798141330976	0.023401637000972	0.00911900143820343	0.00314451965324783	0.000806977265830134	0.000186834501048965	3.3074280788329e-05	1.05556215281901e-06	
1.05610077736058e-06	1.98898979736242e-05	0.000100329573849255	0.000993790831496305	0.00515113154157622	0.0161312353069979	0.0407484163768843	0.0812324555258361	0.126577550536182	0.166712900411809	0.173775222326815	0.148295206921825	0.110670032577189	0.0684986964196071	0.0366877088879329	0.0162975711794322	0.00570136004658109	0.00186014550252443	0.000446026561638618	8.50161125775266e-05	1.42573604943678e-05	
1.30518047294802e-05	6.70227810432766e-05	0.000343227189237411	0.00220910613833431	0.00884683072197292	0.0250188986604968	0.0564402366680224	0.101880623960926	0.145932934183276	0.173580889618065	0.16709132065568	0.132658366894697	0.0911760275738776	0.0525550318763874	0.0260341174175629	0.0111328366827674	0.0036878403390365	0.00105931269196295	0.000229641212943016	3.72152810529773e-05	5.46764792721467e-06	
1.57250456335524e-05	0.000189583977132603	0.000806747846773035	0.00418180202308896	0.0141831077319343	0.0373342619944552	0.0750067008129849	0.121908504617068	0.160954676354708	0.17557066455633	0.154733388918719	0.114553247036403	0.0732308307718294	0.0391855769174705	0.017952348164525	0.00717115086661787	0.0022695304625054	0.000638189492453833	0.000105128114067007	7.7741798637787e-06	1.06011543596982e-06	
3.88780089369939e-06	4.13520640511663e-05	0.000412106894732136	0.00176647535151905	0.00745609524122568	0.0218254073443386	0.0524687005520324	0.0959860929827668	0.141188493664475	0.170782610785537	0.170428997622433	0.138786893021503	0.0956475008685701	0.0562835168198637	0.0284852102752457	0.0121490243563657	0.00455879998430742	0.00138988881949753	0.000301127851039262	3.19859982617996e-05	5.47826489566733e-06	3.53436444881763e-07	
1.51630798048758e-05	0.000176667511214949	0.000790419613549517	0.00355027645291837	0.0128651679549113	0.0329804038351308	0.0703395877511231	0.117409490077968	0.156383189363417	0.173843652073613	0.158722006265878	0.121308517366399	0.076858654177931	0.0427106931978248	0.0201263437177509	0.00812265027361425	0.00280287767044316	0.000822156292210885	0.000148633445064074	2.29209345887658e-05	5.28944644356134e-07	
1.59111661912469e-06	5.90481056430719e-05	0.000391945060511049	0.00181829271418861	0.00648645208396499	0.01977952427381	0.0475625419325526	0.090608610946352	0.136707679170781	0.167884725368852	0.170464278989924	0.143484244851633	0.101808834409842	0.0604185874243446	0.0312696845434512	0.0139162595323355	0.0050220944221639	0.00177232712296945	0.000471324100731825	5.8517733436697e-05	1.34360958948307e-05	
7.79406658967074e-06	0.000120099480631745	0.000829536678168819	0.00337217376517186	0.011266146117492	0.0297423352440606	0.0650740790601773	0.110284802278702	0.153592179008453	0.172340806189906	0.160905847675597	0.126808400586681	0.0830620761976292	0.046389398652335	0.0225996046282585	0.0090544025847959	0.00316013972635741	0.00111720859047848	0.000244804546066476	2.39136134001261e-05	4.25130904891131e-06	
4.67414209498603e-05	0.000294844172455583	0.00165869840960094	0.0060630554209296	0.0178895235414144	0.0426560785796153	0.0846254314917391	0.13070180910626	0.165541406945206	0.172341306211224	0.146666403635096	0.107742529770109	0.0648543436020503	0.0345760330964805	0.0159212298645334	0.00574101947126744	0.00193434838638129	0.000632697561146398	0.000101658147465095	1.06634420417932e-05	1.77724034029887e-07	
6.55944980044204e-06	0.000108319562920813	0.000665340948677269	0.00304252101284287	0.0102355782075222	0.0273805617264614	0.0585218155777005	0.105787260732988	0.148417124986061	0.1712092629359	0.164674987240097	0.131516791216436	0.0878968046083503	0.0499523376194906	0.025136166200148	0.0104050602077715	0.00351409226876654	0.00114223067741211	0.000332936397979193	4.7511690446445e-05	6.73673222748101e-06	
6.03336022319174e-05	0.000255353098858027	0.00147941541708087	0.00550171471646579	0.0166801115958699	0.040010228320096	0.0780159614319222	0.125684830748275	0.162541563641126	0.171607574635328	0.152600005607476	0.11232998789424	0.0693841749220188	0.0372939740572608	0.0170628750665001	0.00658913917081046	0.00212392025033476	0.000600141890436308	0.000151188909122334	2.25363749513339e-05	4.96864959556967e-06	
9.92056084237296e-05	0.000590255591338319	0.00264388280084101	0.00950435953534795	0.0255536224092313	0.0561708199681333	0.0984862788687432	0.14389489041336	0.170408389309831	0.166539370581306	0.13595595270986	0.0926932402578492	0.0535335153169548	0.026526655195796	0.0115338076001452	0.00416556882682434	0.0012996290279166	0.000321440394319181	6.48925574814718e-05	1.42230262973089e-05	
3.20015986576396e-06	0.000233967243519187	0.00127899722635033	0.00499616069709438	0.0155102859360619	0.0374095132574623	0.0754875043535508	0.11940987629782	0.157376928518562	0.172641691078257	0.154068318790681	0.116989488719348	0.0744995438883258	0.039937817338075	0.0190329508016312	0.00772785271584234	0.00249861370852482	0.000709902130221972	0.000152896526919834	3.36016785905216e-05	8.88933296045545e-07	
2.03249894497259e-05	0.000468722783011661	0.00242616189852517	0.0086536316922925	0.024152149305233	0.0534836051325234	0.094791293558993	0.138146992106594	0.16809033708995	0.16783021288287	0.137745484420272	0.097314088302095	0.0578142542003641	0.0291795532745608	0.0129648472175892	0.00496446781778611	0.00141864860571464	0.000430212276685864	9.34236357162838e-05	1.15888097739665e-05	
1.79154608815016e-07	0.00011179247590057	0.000985529503091402	0.00478665283831959	0.0143596002057412	0.035919244985149	0.0713166125948198	0.115670098253762	0.153782553960025	0.17126356491515	0.157795975506698	0.118535317912541	0.078818353529731	0.0434064743967461	0.0204547983068456	0.00856126129144316	0.00312123159477521	0.000794192380876965	0.00028252681810128	2.99188196721077e-05	4.12055600274537e-06	
6.32091045671829e-06	0.000316406717719155	0.00183812076081368	0.00844654234459184	0.0228174031641033	0.0512167120538137	0.0924592080043676	0.133800490755488	0.164047492070418	0.167904692228549	0.142640013133046	0.0989052724881289	0.061587158943989	0.0320896370117842	0.0139614464193577	0.00543742777231069	0.00187893578261992	0.000487974287258652	0.000142671978880213	1.60731723042265e-05	
2.92425011601644e-05	0.000637704481821971	0.00374467482247895	0.0142568999134531	0.0343185271224198	0.0684192793448953	0.11270205251481	0.149349626794849	0.168757021151773	0.159717092423559	0.124062310139429	0.0807376375510041	0.0464899463009598	0.0226716566603429	0.00909478112169512	0.0035399773143578	0.00109541319563324	0.000308953381822607	6.06645676241921e-05	6.53869591158957e-06	
