# <P(U)> as a function of N_tot.
# number_of_species: 1
# species_total_upper_bound: 103
# species_total_lower_bound: 0
# volume: 729
# Bin widths for each
10	10	10	10	10	10	10	10	10	10	10	10	10	10	10	10	10	10	10	10	10	10	10	10	10	10	10	10	10	10	10	10	10	10	10	10	10	10	10	10	10	10	10	10	10	10	10	10	10	10	10	10	10	10	10	10	10	10	10	10	10	10	10	10	10	10	10	10	10	10	10	10	10	10	10	10	10	10	10	10	10	10	10	10	10	10	10	10	10	10	10	10	10	10	10	10	10	10	10	10	10	10	10	10	
# Bin lower bound for each
0	0	0	0	-10	-10	-10	-10	-10	-20	-20	-20	-20	-20	-20	-30	-30	-30	-40	-40	-40	-50	-50	-50	-50	-60	-60	-60	-60	-70	-70	-70	-70	-80	-90	-90	-90	-100	-100	-100	-110	-110	-110	-110	-130	-130	-140	-140	-140	-150	-150	-150	-160	-160	-170	-170	-170	-170	-180	-180	-180	-200	-200	-210	-220	-220	-220	-220	-230	-230	-230	-230	-250	-260	-260	-260	-260	-270	-270	-270	-270	-280	-280	-290	-290	-290	-310	-310	-320	-320	-320	-330	-330	-330	-340	-340	-350	-350	-350	-360	-360	-370	-370	-370	
# Bin upper bound for each
0	0	0	0	0	0	0	0	0	0	0	0	0	0	0	0	0	0	0	0	0	0	0	0	0	0	0	0	0	0	0	0	0	0	0	-10	-10	-10	-10	-10	-10	-10	-10	-10	-10	-10	-20	-20	-20	-20	-20	-20	-20	-30	-30	-30	-30	-30	-30	-30	-40	-40	-40	-40	-50	-50	-50	-50	-60	-60	-60	-60	-70	-70	-70	-70	-80	-80	-80	-90	-90	-90	-100	-100	-100	-100	-110	-110	-120	-120	-130	-130	-130	-140	-140	-140	-150	-150	-160	-160	-170	-170	-180	-180	
# Normalized histogram for each
1	
1	
1	
1	
1.48838070794001e-05	0.999985116192921	
9.98385076650896e-05	0.999900161492335	
0.000426735372794462	0.999573264627206	
0.00140880225124994	0.99859119774875	
0.00387256408266973	0.99612743591733	
2.59175153867577e-06	0.00942360859462508	0.990573799653836	
3.29502785004611e-06	0.0206014555550168	0.979395249417133	
1.03523127301919e-05	0.0406994116592452	0.959290236028025	
4.02138341233431e-05	0.0738873937390588	0.926072392426818	
0.000158250915880115	0.124242723514722	0.875599025569398	
0.000430099233228775	0.192629665277447	0.806940235489324	
2.35089009400739e-07	0.0010186406777334	0.279109191322018	0.719871932911239	
9.65426885867234e-06	0.0023944941469229	0.379651768167568	0.61794408341665	
2.73250174196986e-05	0.00504240795591438	0.486994705071193	0.507935561955473	
1.41298718915165e-06	8.85471971868367e-05	0.00999829735043707	0.591940132674787	0.3979716097904	
4.47223085938153e-06	0.000249268025267634	0.0188377425214296	0.684248026157372	0.296660491065071	
1.36420802667074e-05	0.000586609451468417	0.0331932981634232	0.757035491283064	0.209170959021778	
1.64542462650624e-06	2.5386551380382e-05	0.00129588942370413	0.0553755905017628	0.803054660300911	0.140246827797616	
1.40952174222525e-06	7.98728987260977e-05	0.00258694223756408	0.0880932295267554	0.820289266750345	0.0889492790648669	
5.87419817194953e-06	0.000138631076858009	0.00501351065579548	0.134140839775371	0.807288470123828	0.0534126741699758	
1.73899188760284e-05	0.000341688406023586	0.00937034628733457	0.192636121352494	0.767148281253268	0.030486172782004	
1.41061563498158e-06	2.84474153054618e-05	0.00075256344126267	0.0164795171556722	0.262378739953478	0.70394093094049	0.0164183904781564	
3.28648912582911e-06	8.59182157181037e-05	0.00148431933875839	0.0280370387324481	0.341040385082626	0.620930710245512	0.00841834189581125	
2.11435761586915e-06	0.000193111328916049	0.00314404977479742	0.0455298721142542	0.421570488454198	0.525470961412504	0.00408940255771491	
1.05813088938018e-05	0.000385159643734384	0.00586016400558505	0.0707764940690588	0.49515658220901	0.426077330086517	0.00173368867720001	
2.35306298208378e-07	3.01192061706724e-05	0.000870633303370998	0.0104756010899388	0.105717943046464	0.552504129625534	0.329687889726056	0.000713448696167802	
3.77719729599889e-06	8.71116126389743e-05	0.0017018634566785	0.0180908864491867	0.149358879777712	0.588069014116094	0.242374960014826	0.000313507375567908	
5.18634783514769e-06	0.000237629028083131	0.00313750469718094	0.0293582648931872	0.203265701785942	0.594752453260398	0.169118316153163	0.000124943834210376	
2.87480777668493e-05	0.00047976300273201	0.00567020487953849	0.0454111234324639	0.262407976696148	0.574225887314133	0.111735766520366	4.05300768516236e-05	
2.1236171712853e-06	7.43266009949854e-05	0.000985122410012902	0.0101110132674163	0.0679224794787794	0.323931608201126	0.527439257470177	0.0695253385281728	8.73042614861734e-06	
4.71949003078523e-07	9.91092906464899e-06	0.000206241714345315	0.00207280002152087	0.017264602456117	0.0981517061192436	0.380724092477463	0.460837435750043	0.0407313227361904	1.41584700923557e-06	
1.89067413167836e-06	4.0413159564625e-05	0.000422329334163654	0.00405384167258487	0.0274561334059667	0.135824138945642	0.426943997050548	0.382784466694003	0.0224727890633955	
7.79741834567137e-06	0.000111054140074713	0.000952702750598393	0.00761736886750768	0.0415630752072814	0.178956658168268	0.455734764907837	0.303182055541247	0.0118745229988398	
1.17977479043071e-06	2.3359540850528e-05	0.000264505508014564	0.00190769583612645	0.0129756350550731	0.0618926371907014	0.225941029664965	0.463816661109927	0.227332456052799	0.0058448402667518	
3.30331329401919e-06	6.79538734769661e-05	0.00060191087236021	0.00372236218046048	0.020492104019448	0.087760068086006	0.274161082297568	0.448344084438351	0.162206603842367	0.00264052707666919	
1.56052348469623e-05	0.000160781207514157	0.00120585905635618	0.00685897360114438	0.0316173880147068	0.119765212148439	0.315379195384634	0.413255464787733	0.110509889226477	0.00123163133814889	
4.49586876984985e-06	3.88064462239671e-05	0.000332221039624694	0.00233832500966612	0.0116710387018581	0.0472915703407064	0.155701400486784	0.349342491023643	0.361726479862531	0.0710337800649393	0.000519391155253707	
1.96343237312028e-05	7.87738530420546e-05	0.000745158069316733	0.00424834722757435	0.0190313370903494	0.0677634920330775	0.194539481668047	0.369247823251345	0.301462094755246	0.0426866756984556	0.000177182029815312	
3.38439269558121e-05	0.000212767065267658	0.00145434217582843	0.00762695377676924	0.0296176961610573	0.0933630875885563	0.233182053346549	0.371545020232988	0.238665242855026	0.0242483453159768	5.06475550247818e-05	
7.21768783145161e-05	0.000469741322801031	0.00290695335480497	0.0127036038743602	0.0438698165760709	0.123187946224676	0.26780769239871	0.357061383476938	0.178858327436916	0.0130457932712218	1.65651851869381e-05	
4.7228300898117e-07	7.08424513471755e-07	0.00016954960022424	0.000985418498239211	0.00547187094205583	0.020440880911714	0.0615866489371625	0.156841645160079	0.293443838111775	0.32712800687833	0.127342612277611	0.00658480585271996	3.54212256735877e-06	
9.48040282231592e-07	2.18049264913266e-05	0.000360255307248005	0.00208876975182676	0.0092502660438042	0.0311758306610448	0.0847242269324024	0.190657774048819	0.308184194746435	0.28480812849738	0.0856075634653716	0.00311952654868305	7.11030211673694e-07	
1.1852483984331e-05	9.71903686715143e-06	5.99735689607149e-05	0.000837733568012516	0.00386082813305599	0.0151251918620845	0.0449251811948489	0.110970540651057	0.222026182137121	0.310498100639441	0.235591587106868	0.0546586780924612	0.0014244315252369	
5.9386203207235e-06	2.99306464164465e-05	0.00022186685518223	0.00171483600381212	0.00686433245631788	0.0236825052046068	0.0636401557153757	0.139690365087374	0.246949924603276	0.298316139839781	0.185411565391811	0.0328940179564875	0.000578421619238469	
1.400168684729e-05	8.0213053464136e-05	0.000520435580611983	0.00307965915622513	0.0112459650223624	0.0357422721367856	0.0855840056120659	0.169046874325131	0.263481369925041	0.273962700455506	0.138571134976736	0.0184705981188378	0.000200769950386565	
5.933363110905e-06	2.46827905413648e-05	0.00017610221713166	0.00116009115544415	0.00542546722861153	0.0183810842485348	0.0511166352040199	0.110481594470295	0.195490311767378	0.270598619377604	0.239744181862801	0.0975720203481128	0.00973997154833721	8.33044180771062e-05	
7.35208494456647e-06	3.51002765095431e-05	0.000400332883433168	0.0022618333585913	0.00950506001317209	0.0282749328766503	0.0705641254777966	0.136101559329784	0.216960975370278	0.265183063357659	0.200101933100296	0.0657394976059477	0.00484431248637789	1.99217785594704e-05	
1.20555177868528e-05	8.86435131386233e-05	0.000850977726130784	0.00428443646836679	0.0155400351926566	0.0414688537424582	0.0932042809852809	0.160570041612811	0.23204011509001	0.249084253413603	0.158922217799239	0.0416943628398829	0.00223452567919842	5.2004194374659e-06	
2.12894348341044e-06	4.49443624275538e-05	0.000238678219417904	0.00171829394038816	0.00797100095116464	0.0243437590849706	0.0581991645552673	0.116689048170658	0.183128170203827	0.238718905893365	0.223387910770775	0.119603571799447	0.0249476693864314	0.0010060440705494	7.09647827803481e-07	
1.32553665298208e-05	0.000109120070897275	0.000584893048128342	0.00334200928633107	0.0131829354198543	0.035818604096287	0.0783202799533411	0.140283911014831	0.20149316969899	0.234683187271818	0.191643485555438	0.0856353486540122	0.0144869321022254	0.000402868461317053	
7.1191841604797e-07	3.51213085250332e-05	0.00021167707570493	0.00131799829424348	0.00628006965409783	0.0210108482128237	0.0505272230483113	0.100706555297314	0.162840421588594	0.212191080801316	0.221311230323168	0.157281050677675	0.0584684356731877	0.00765573334004119	0.000161842786581572	
5.71281534443159e-06	8.97388077021129e-05	0.000508678599627096	0.0028035641302798	0.0107448535269851	0.0319101202761861	0.0684000141868248	0.124008082681576	0.181647057031274	0.215390991033022	0.199823331185473	0.123157825331147	0.0375896108644418	0.00385924479913622	6.11747309799549e-05	
1.384032182089e-05	0.000164890730659224	0.00108145411193575	0.00488086107800835	0.0178368340597911	0.0459133586308963	0.0892552809179665	0.146426548218965	0.194643843180563	0.209771553557034	0.173700334124459	0.0914854817410361	0.0229412879230784	0.00186796619334357	1.64652104420933e-05	
3.52238222304012e-05	0.000367094528278739	0.00208994678567047	0.00867416574653417	0.0276087673291621	0.0635835518648019	0.111311830986995	0.165718259262667	0.201074829775488	0.196169613007606	0.144460562737701	0.0645575983774997	0.01345454162066	0.000882512498466446	1.15016562384983e-05	
1.43627671115614e-06	9.09641917065553e-05	0.000807187511669748	0.00393851012144198	0.0146926319962235	0.0404161085135781	0.0832284053402683	0.133681215511405	0.180396594300663	0.199365979583805	0.176862156693959	0.115248040200428	0.0434784898412148	0.00744996730076688	0.000340876339447723	1.43627671115614e-06	
1.60468741168232e-05	0.00026800674830933	0.00173641548279057	0.00711379485101316	0.0231098937840637	0.0568758700040333	0.104178222811087	0.155141897478198	0.188267675272581	0.191446872392383	0.152663254191108	0.0873816962168656	0.0276516381702923	0.00402489133631662	0.000123345375674088	4.79011167666363e-07	
7.66372626226857e-05	0.000695020692060908	0.00335954696086406	0.0124217230843447	0.0348906153227438	0.0759090885066689	0.12637124243177	0.171535335063398	0.190562757749853	0.176842525560569	0.125514058252968	0.0627486206493939	0.017093472955695	0.00192169737842904	5.76581286189485e-05	
2.40505330560147e-06	9.62021322240586e-06	0.000194568812423159	0.0013723234161762	0.00602658257317615	0.0200218282638016	0.0501667663962104	0.0975405443886258	0.14740427406833	0.181793650274465	0.185171307136851	0.155944858861852	0.0998311171568807	0.0434970725691164	0.0101062744954679	0.000893236797700384	2.35695223948944e-05	
1.17438038851859e-05	4.67355460736988e-05	0.000475504222616505	0.00283528979513773	0.0105852416814922	0.0307594190699722	0.0691952114999162	0.11875981596261	0.162953427668833	0.187079994238346	0.174437909190677	0.132109405276994	0.0762242376294005	0.0285185095531051	0.00561018288458022	0.00039257858701907	4.79338934089219e-06	
1.67969228037424e-06	4.39119553297836e-05	0.000109899866344486	0.00101957321418716	0.00538005437403868	0.0173843351897932	0.0448888163688412	0.089847459945338	0.138876477829262	0.174814214035989	0.184060440127369	0.158093117340903	0.108569790014469	0.0555956548760267	0.0181653921001672	0.0029766546768632	0.000171088656558119	1.43973624032077e-06	
2.16253258516113e-06	1.03321001291032e-05	0.000101879312900925	0.000289058522216538	0.00220289986008414	0.00948222482313487	0.0272279672169671	0.0615610553831804	0.112035767327833	0.157132501014588	0.181086874460418	0.174313822403693	0.137219900970424	0.0856802618682792	0.0391971045130373	0.0109080546409511	0.00148133482083538	6.67982287416439e-05	
1.44383968951671e-06	1.32351971539032e-05	0.00015376892693353	0.000709887847345717	0.00405333928836992	0.0152476690411412	0.0401760425605438	0.0817403369825579	0.132833732715434	0.170645728424343	0.181128726490079	0.159623456234572	0.115157284676578	0.0654295206500359	0.0262056903647283	0.00619527546776796	0.000660075378057391	2.47859146700369e-05	
2.6528045570359e-06	4.36506931657726e-05	0.00031688956254047	0.00161435215498167	0.00716136648374373	0.0242355401049787	0.0562705667716936	0.10272768599476	0.152157875634111	0.179305471650563	0.173432162361285	0.140832811816074	0.0935894977879227	0.0475119707805636	0.0170688680121209	0.00344936941629859	0.000268174424311266	1.10935463294229e-05	
8.69590002806843e-06	0.000120293283721613	0.000700261505038066	0.00330878996068004	0.0125141247987261	0.0358744524602392	0.074715173041164	0.124727468077593	0.168449245654828	0.179928316797435	0.16065240506855	0.120950790384847	0.0724296006504533	0.033113745754106	0.0106058578481222	0.00179328782801056	0.000104833905893936	2.65708056413202e-06	
2.41615401918765e-07	4.2041079933865e-05	0.000241857017320683	0.00128805170762893	0.00607131181941472	0.0198424232671766	0.0505580228515015	0.0960815055732217	0.144673020668506	0.178581567789188	0.175078144461366	0.143767929372919	0.0994281205051985	0.0547007605328006	0.0223888079879985	0.00626581221795932	0.000948098837129232	4.22826953357838e-05	
1.04079757043961e-05	8.47160813148517e-05	0.000528870393351288	0.00271744984263383	0.0105084247722408	0.0303699890135345	0.0683462718994096	0.117380907948232	0.161962866763146	0.181465234819665	0.16419138379362	0.124900307325738	0.078969668496292	0.0399424221102195	0.0146265945079291	0.00353314468272254	0.000446574771502575	1.47648027434456e-05	
2.25722128778115e-05	0.000207518731296009	0.00123054966979037	0.00484987051316591	0.0171048831220526	0.0434359762239358	0.0894143602962057	0.137754089089854	0.17516765329081	0.177550599377201	0.1483212826842	0.105073893658179	0.0604864918655084	0.0280594450148176	0.00919368657632927	0.00192324962197611	0.000200480084269595	3.39796752999313e-06	
7.00444806773301e-05	0.000512929894960032	0.00246469016383355	0.00891753794623259	0.0263882852551747	0.0599152704993807	0.110502464568559	0.155083101209654	0.179487522475644	0.169318425857309	0.130958857866372	0.0865275521667214	0.0448352775135571	0.0184939317888363	0.0054308793525166	0.000997647429647251	9.4608690914866e-05	9.72840009407363e-07	
1.70051294758412e-06	3.64395631625168e-06	0.000159605286651824	0.00110217532045559	0.00453696854415443	0.0153556319166846	0.0396311830347111	0.0784791583918492	0.131790968089875	0.167632436555684	0.178377006149784	0.155562438584153	0.111251686848111	0.0685819301064886	0.0319191138869961	0.0119320134923556	0.00316684096924379	0.000486589633430141	2.890872010893e-05	
2.67975034471334e-06	4.87227335402425e-06	3.80037321613892e-05	0.000340084680110893	0.00215963516417125	0.00811404043012429	0.0244678259429067	0.055034763670381	0.0993049702060484	0.150374434207257	0.175862026963161	0.170925195987196	0.138494126474472	0.0918252997666181	0.051690191626511	0.0219958780567425	0.0074528729359832	0.00170480844657309	0.000194160093157867	1.41295927266703e-05	
1.39274302693883e-05	1.61264982066601e-05	0.000122414781841465	0.00086692144904894	0.00408073706893076	0.0134719788654911	0.0359420550485346	0.0738251540630346	0.1215075441469	0.165743017409532	0.177036208630951	0.15876806259427	0.118553462884498	0.0728233564471663	0.0371666915487131	0.0146323537137248	0.00447388154793858	0.000872785630214998	8.06324910333005e-05	2.68774970111002e-06	
2.81144586059825e-05	3.20260354555105e-05	0.000302169311626038	0.00172011591957994	0.00717114273295029	0.0211848557434905	0.0503798874541551	0.0941452984557583	0.141690515061771	0.175575771888573	0.172277579183761	0.142860809960439	0.0981470860463786	0.056101057543696	0.0258961055851939	0.00945428124530916	0.00257039493724608	0.000429784506341888	3.00702470307465e-05	2.933682637146e-06	
3.48589953637536e-05	9.35301213633108e-05	0.000694234076680952	0.00345349539984004	0.0116684349833094	0.0320697847628876	0.068316020850589	0.114463930022776	0.158201413311325	0.178671253652216	0.160726481102251	0.124756662118632	0.0790967788815369	0.0422859252632959	0.0179059857804757	0.00583397200577186	0.00147463369823992	0.000243031024014902	9.57394943089008e-06	
2.20354702516255e-06	2.00767617848143e-05	0.000195626008122764	0.00146976586578342	0.00638245153910415	0.0187012587639962	0.0464377948468339	0.0882650348013527	0.133399554002082	0.170815782489342	0.175501013141954	0.144852367246085	0.104939764817874	0.0622915811772034	0.0303925447638336	0.0119941512965181	0.00346422076211388	0.000758509853772619	0.000109687674141425	6.61064107548765e-06	
5.62427083162669e-06	9.02328668204456e-05	0.000483687291519896	0.00291019335509519	0.0104004994352498	0.0288666923100812	0.0642127891517108	0.109056812226871	0.150337981996954	0.176299616155742	0.165068436372013	0.128005225192136	0.0858410449014884	0.0469677966478857	0.0211264729781908	0.00786664315884481	0.00199930601388608	0.000412283505309678	4.79285688260362e-05	7.33600543255656e-07	
2.98575257606817e-05	0.000262354652585662	0.00109518383425451	0.00533617616135986	0.0172769838612731	0.0426610201680244	0.0841982226451223	0.129096109907021	0.163347097163241	0.173288919040095	0.151373250397937	0.109598411383842	0.0679821598836242	0.033999645625432	0.0142694499754287	0.00490838144800189	0.00106581577612925	0.000195052852715273	1.59076981511828e-05	
0.000111112952163925	0.000648158887622894	0.00246860815432614	0.00935590550720626	0.0269000558488786	0.0600528956132801	0.105042676145706	0.147516333116631	0.16954350120811	0.165494457510505	0.133726874616831	0.0902926754146999	0.052229422904668	0.0239336324286075	0.00921652697949186	0.00280535837338435	0.000567504529802151	8.77207517083616e-05	6.57905637812712e-06	
1.51058984391465e-05	0.000233166851713923	0.00115803766582683	0.00464969299697858	0.015787856660617	0.0390572749885061	0.0790145691517575	0.125733214727666	0.161154841062802	0.171350347935133	0.153410144390461	0.113973272792791	0.0718621698843449	0.0383083147981523	0.0164171878810737	0.00585597208040139	0.00167821658788453	0.000301630681736506	3.72774590514422e-05	1.70550466248428e-06	
4.46053704378517e-05	0.000434841425470642	0.00209620866538538	0.00845722698405541	0.0245266163657835	0.0550791014089691	0.099582098865488	0.143744828031672	0.169113827786708	0.165840086090802	0.137923705316936	0.0949833582969036	0.055406694949234	0.0271198214810202	0.0112281223454625	0.00333540922989925	0.000913800730991836	0.000155753178742007	1.38934760380194e-05	
4.86920464220232e-07	0.000130738144643132	0.00092222735923312	0.00412421633194537	0.0142353632317106	0.0363615160463422	0.0732423327677752	0.120048536231873	0.158342396140474	0.171468798014923	0.155230487453642	0.120209463445298	0.0758057255516626	0.0412263384043665	0.0189779685532157	0.0071068476355264	0.00197981860751946	0.000510049186270693	7.15773082403741e-05	5.11266487431244e-06	
6.79745454748495e-06	0.000300301831258532	0.00187779681874272	0.00691495340466291	0.0218249271883373	0.0510047001970534	0.093081186612219	0.140320096989966	0.168082357959297	0.167151349452526	0.140974109223927	0.10068025526384	0.0589130530305844	0.0301969635285004	0.0126835646531392	0.0045353587805755	0.00115848046787851	0.000250534753321588	4.22413246879422e-05	9.71064935354993e-07	
5.86299394512625e-05	0.000730451518370068	0.00357860675882066	0.0116174498205245	0.0323414375092064	0.0677490754882275	0.114520746276757	0.157410969710126	0.171122380549978	0.157348463411041	0.123675496367851	0.0822478718785614	0.0445369494600231	0.0212346980703482	0.00833078139657485	0.00272677672943785	0.000637418887174677	0.000118471241287882	1.3082713761852e-05	2.42272477071333e-07	
2.90375363392668e-06	1.01631377187434e-05	0.000156076757823559	0.00160480784168348	0.00636938359601818	0.0187916416419565	0.0472653658173026	0.0881025470275	0.135066890384752	0.168518132247588	0.167526500381602	0.143734353002554	0.104333803902742	0.0645463296312088	0.0324535605101121	0.0142141160175406	0.00530104423820265	0.00161811671250564	0.000319412899731935	6.04948673734726e-05	4.35563045089002e-06	
1.08774185033591e-05	4.08507494903929e-05	0.000496493724575545	0.00299177352924612	0.0101612009250157	0.0292324579267495	0.0637114573782859	0.109054338990155	0.153559175936443	0.172311361995412	0.15947842536556	0.126933914364743	0.0861211149789063	0.0490977664792286	0.0234067542967616	0.00904082681916969	0.0032873975921263	0.000836352622702719	0.00019482665141572	3.11819330429627e-05	1.45032246711454e-06	
1.44612985523035e-06	2.72354456068383e-05	7.88140771100541e-05	0.00111135079374452	0.00550276512079402	0.0168944120337286	0.042492356601161	0.0835537677105716	0.128959593926737	0.16679010991792	0.171381090164991	0.145378470259737	0.108554942691079	0.068046676251294	0.0367343495609188	0.0162530534429339	0.00565918816680144	0.00200530006591942	0.000472643441017786	8.89369860966666e-05	1.34972119821499e-05	
1.78720390982252e-05	8.71865691143149e-05	0.000336429060321996	0.00237939634048263	0.00921351918321883	0.0259284645068549	0.0582077822586683	0.104298563522782	0.147929524270471	0.172534008799806	0.164608000973785	0.130075598725385	0.0895500255280342	0.0525517649121638	0.0259183209170964	0.0111282425071476	0.00379756679433099	0.00114067081974213	0.000255763370338115	4.03328449919407e-05	9.66056167471633e-07	
2.12450261289679e-05	0.000229108293140802	0.000822761920994576	0.00441292991603869	0.0147549120673197	0.0385005743399677	0.0770680222280914	0.123833394573731	0.162540383656201	0.174388831296627	0.151550669628738	0.11250472581121	0.0720756825085354	0.0390654988983971	0.0179643595373026	0.00722499882910936	0.0022589739714631	0.000661734279767058	0.000112019228680013	9.1739885556907e-06	
5.30272408167063e-06	4.79655496478389e-05	0.000465434554622999	0.00185860479062556	0.00799964134302575	0.0225650192308109	0.053955940629737	0.0984156665608532	0.142973251854567	0.172420001778823	0.168095630290221	0.135563418049171	0.093487266592766	0.0552336561005069	0.0286132581117819	0.0120391119286948	0.00463192948533929	0.00128856195184596	0.000303219404306439	3.10932457516141e-05	6.02582282008026e-06	
2.06445120645568e-05	0.000220848268597585	0.000884353284253807	0.00375922161547628	0.013539679232293	0.0340351187155465	0.0722332272941574	0.120418238610231	0.158245466129077	0.173602582580449	0.156105158343408	0.118395076427904	0.0746375927922807	0.0421169650838887	0.0200352589061865	0.0079647007649992	0.00287582854108594	0.000742722329392312	0.000141150849929761	2.54455613818956e-05	7.2015739760082e-07	
5.23761094785622e-05	0.000494209436685332	0.00204218775489807	0.00671279127904141	0.020844970800319	0.0492510816988023	0.0931218395642884	0.139053285003158	0.169851398406084	0.169676250773929	0.140003502952643	0.0990444243108758	0.0582746684868566	0.0307027312219034	0.0137004370041538	0.00488106899158931	0.00181202118205191	0.000402671373789313	6.19864047957296e-05	1.60972446562554e-05	
9.13438263351943e-06	0.000129804384792118	0.00103098334513592	0.00370952086317031	0.011700903775048	0.0312804529499969	0.0668194512351368	0.112746646359492	0.15588569137421	0.173544135654236	0.159086571351788	0.123797326318127	0.0801628612347858	0.0445911714749576	0.0222162608356614	0.00893655113595663	0.00299223144794868	0.00109324137413806	0.000235330542058303	2.59608769584237e-05	5.76908376853859e-06	
6.055653628193e-05	0.000367440656403902	0.0019790648092457	0.00651236089186509	0.0184434461060096	0.0445367991938019	0.0866438578422041	0.132825092698546	0.167136040138127	0.17240301122805	0.144542179316348	0.104964743309046	0.0623594804876466	0.033274972273068	0.0157430106055967	0.00563368796302529	0.00183430814881081	0.000620764812164964	0.000105672362117471	1.32693605398651e-05	2.41261100724821e-07	
8.90312104924003e-06	0.000137396814030164	0.000827509007792878	0.00346981096027139	0.0109104139085038	0.0284842123601308	0.0604163388152497	0.107463558563046	0.14970886794169	0.17181507688206	0.164264267732731	0.12964628621946	0.0852964715246908	0.0481218505209288	0.0242032548848056	0.0103629922764222	0.00336417663214662	0.00112179325220424	0.000322918606704868	4.47562301394229e-05	9.14374594246274e-06	
8.17290599932165e-05	0.000308887770856715	0.00172063709244542	0.00619458198830938	0.0177308791859401	0.041368846372684	0.0804545674164987	0.127947083798969	0.16301942723794	0.171628862569461	0.151351161646379	0.109665254596839	0.0669243215346218	0.0357485312206211	0.0165147988491587	0.00651693101610615	0.00204106308353647	0.000600948970538357	0.000145910410046713	2.88455505858411e-05	6.73062847002959e-06	
0.000122430051309977	0.000730972349569787	0.00295708261454787	0.0102992777348564	0.0267080315075782	0.0583616117086425	0.101593370593119	0.145684785672846	0.169996170753601	0.16556054683178	0.133980568979833	0.0900594495313984	0.0514624738663555	0.0253403747850859	0.0113357238863195	0.00409479212868577	0.00131449947035172	0.000311246535157389	6.73485547481212e-05	1.92424442137489e-05	
4.32606618304451e-06	0.000286241379111445	0.00155738382589602	0.00557053122170032	0.0165690738180707	0.0391569073818071	0.0779379276797096	0.121813371582167	0.158287156582446	0.171530687190806	0.152511137217051	0.115057257889303	0.0724188285781855	0.0382789562836592	0.0180639700213227	0.00758287300784652	0.00246898210546757	0.000728221140812493	0.000136271084765902	3.86942586372315e-05	1.2016850508457e-06	
2.74601328251442e-05	0.00058991109902437	0.00291005144439094	0.00936944549561083	0.0256258441280962	0.0563089293848232	0.0972630678315865	0.140600938510259	0.16770746190569	0.165636389782614	0.136590072969281	0.094773830878823	0.0557915226715915	0.0276326017295548	0.0124319729406888	0.00478986615112275	0.00139468569348759	0.000452369556540534	9.08111410094682e-05	1.27665529801109e-05	
2.41938781262422e-07	0.000141050309475992	0.00121283911046852	0.00562677023582015	0.0153495640384131	0.037813579878629	0.0744201271775398	0.11853524455293	0.155213163792313	0.170135947820579	0.155254535323909	0.116976432985256	0.0761132147688142	0.0417300848697051	0.0193091341325539	0.0079854314143475	0.00306802568518877	0.000773236344914701	0.000307262252203276	2.85487761889658e-05	5.56459196903571e-06	
8.5237477701267e-06	0.000383812185306277	0.00220302349510189	0.00949131490986137	0.0238850024657985	0.0534748275463174	0.0962808453122432	0.13718168368372	0.164411648310167	0.165495381955226	0.140051507790097	0.0967123904850621	0.0587663701620121	0.0308157835455138	0.0132064512593837	0.00511619694728062	0.0018886189702095	0.000459308236984542	0.000148800282501355	1.85087094437037e-05	
3.93027544883868e-05	0.000758225810192107	0.00443828185933764	0.0157315988043174	0.0355091842725512	0.0710068950701896	0.116686704561683	0.152002060343155	0.167864505584775	0.156371745469503	0.121799724392486	0.0783323426272549	0.0445324620002173	0.0215144742768354	0.00851673601609216	0.0034391130759776	0.00107020668122415	0.000312713220494556	6.49349856764651e-05	8.78819355019828e-06	
