# <P(U)> as a function of N_tot.
# number_of_species: 1
# species_total_upper_bound: 103
# species_total_lower_bound: 0
# volume: 729
# Bin widths for each
10	10	10	10	10	10	10	10	10	10	10	10	10	10	10	10	10	10	10	10	10	10	10	10	10	10	10	10	10	10	10	10	10	10	10	10	10	10	10	10	10	10	10	10	10	10	10	10	10	10	10	10	10	10	10	10	10	10	10	10	10	10	10	10	10	10	10	10	10	10	10	10	10	10	10	10	10	10	10	10	10	10	10	10	10	10	10	10	10	10	10	10	10	10	10	10	10	10	10	10	10	10	10	10	
# Bin lower bound for each
0	0	0	0	-10	-10	-10	-10	-10	-20	-20	-20	-20	-20	-20	-30	-30	-30	-40	-40	-40	-50	-50	-50	-50	-60	-60	-60	-70	-70	-70	-70	-70	-80	-90	-90	-90	-100	-100	-110	-110	-110	-110	-120	-130	-130	-140	-140	-140	-150	-150	-150	-160	-160	-170	-170	-170	-170	-180	-180	-180	-200	-200	-210	-220	-220	-220	-220	-230	-230	-230	-230	-250	-260	-260	-260	-260	-270	-270	-270	-270	-280	-280	-290	-290	-290	-310	-310	-320	-320	-320	-330	-330	-340	-340	-340	-350	-350	-350	-360	-360	-370	-370	-370	
# Bin upper bound for each
0	0	0	0	0	0	0	0	0	0	0	0	0	0	0	0	0	0	0	0	0	0	0	0	0	0	0	0	0	0	0	0	0	0	0	0	-10	-10	-10	-10	-10	-10	-10	-10	-10	-10	-20	-20	-20	-20	-20	-20	-20	-30	-30	-30	-30	-30	-30	-30	-40	-40	-40	-40	-50	-50	-50	-50	-60	-60	-60	-60	-70	-70	-70	-70	-80	-80	-80	-90	-90	-90	-100	-100	-100	-100	-110	-110	-120	-120	-120	-120	-130	-140	-140	-140	-150	-150	-160	-160	-170	-170	-180	-180	
# Normalized histogram for each
1	
1	
1	
1	
1.22326230884174e-05	0.999987767376912	
9.58744056587372e-05	0.999904125594341	
0.000427725981265903	0.999572274018734	
0.00141413073475915	0.998585869265241	
0.00390427314577563	0.996095726854224	
2.4412618319041e-06	0.00950045210291233	0.990497106635256	
3.18808302068241e-06	0.0206315855011985	0.979365226415781	
1.06871700336252e-05	0.0407449295003017	0.959244383329665	
3.91706468292017e-05	0.074064946056959	0.925895883296212	
0.000155519538313081	0.124473154142347	0.87537132631934	
0.000449342026858586	0.193239182624742	0.806311475348399	
1.31015359679274e-06	0.00103988762625435	0.279784423583888	0.719174378636261	
9.92846075700954e-06	0.00243322220326032	0.380238504106917	0.617318345229065	
2.75587709538053e-05	0.00504475488160508	0.487362053822092	0.507565632525349	
1.12421656158365e-06	9.14362803421366e-05	0.0099678661432814	0.592398234979998	0.397541338379817	
5.05463404168725e-06	0.000249549154724782	0.0187352818885161	0.684927624192826	0.296082490129891	
1.47708084699181e-05	0.000561851638634227	0.0331924372712745	0.757258590300216	0.208972349981406	
1.30770309983547e-06	2.67145061823532e-05	0.00124866964561433	0.0554127979671568	0.803267090698737	0.140043419479209	
1.11997341929752e-06	7.6158192512231e-05	0.00248727430202323	0.0879869784423783	0.820760760611281	0.0886877084783854	
4.67327717300379e-06	0.000140759108450874	0.00491666144817382	0.133730499582676	0.807874285105424	0.0533331214781015	
1.45819140893445e-05	0.000353330995241809	0.00923633394228404	0.192624841748843	0.767344252071193	0.0304266593283496	
1.12118432943086e-06	2.52266474121945e-05	0.000781278613558407	0.0163186510508113	0.262909503233122	0.703715268512435	0.0162489507583317	
2.98803813633073e-06	7.82492486951611e-05	0.00152016440185826	0.0279291924602834	0.341611568488449	0.620511313085889	0.00834652427668934	
5.79310937670815e-06	0.000181828884630227	0.00317537143642016	0.0456465250220278	0.421839648601198	0.525096590755132	0.00405424219121559	
5.61251426046332e-07	1.96437999116216e-05	0.000360697583139109	0.00585628446317611	0.0709167368542756	0.49527276632222	0.425824263198482	0.00174904652736905	
3.18037179294582e-06	3.18037179294582e-05	0.000855332931608724	0.0104989685305953	0.105678516420166	0.552664805463205	0.329540958231055	0.000726434333647567	
5.62646147336771e-06	8.96482861423255e-05	0.00168737579586298	0.018133335133801	0.149428314004563	0.588051121278752	0.242288559453318	0.000316019586087486	
1.03043164406868e-05	0.00025161267236077	0.00313663392454505	0.0292547037799418	0.203256388816707	0.594976102416662	0.168991726383303	0.000122527690040166	
3.46384541138781e-05	0.000523321509450213	0.00579997509776002	0.0453460428374698	0.26203653514352	0.574444497494329	0.111772674378872	4.23150844850619e-05	
3.18632504264053e-06	8.22821584540701e-05	0.00107847731149139	0.0102865818229528	0.0679641257286376	0.323079676869155	0.527791314452795	0.0697034843401496	1.087099132195e-05	
3.751722978778e-07	1.10675827873951e-05	0.000228292343258642	0.00220695104226616	0.0173166401669967	0.097861442867637	0.379787855072442	0.461668458739676	0.0409157280481061	3.1889645319613e-06	
1.50226842532224e-06	4.71336718444852e-05	0.000446924856533365	0.00424447165219481	0.0276024922633176	0.135369783372893	0.425895539765045	0.383855684583721	0.0225360919989184	3.75567106330559e-07	
9.20267463530646e-06	0.000121325057436897	0.000996518196223185	0.00780048751638405	0.041981287018463	0.178303699155927	0.454968965388365	0.303964531013859	0.0118539839787069	
9.391861914084e-07	2.66728878359986e-05	0.00026391131978576	0.00196909776890685	0.0132723914197452	0.0621555299846462	0.225444319595293	0.4633272211096	0.22772278529565	0.00581713143234535	
2.6302129176144e-06	6.27493653202294e-05	0.000613591099209189	0.00388933341574667	0.0209671180174657	0.0879655923061012	0.273274425331355	0.448275078187776	0.162311566380092	0.00263791568401599	
3.76596415743613e-07	1.24276817195392e-05	0.000158358792820189	0.00125915011603877	0.00709394668336244	0.0323234586614822	0.119850867819366	0.314823870563812	0.413053584962505	0.110235984729015	0.00118797339346323	
4.51962931506901e-06	3.22023588698667e-05	0.000354037629680406	0.00243683347237471	0.012105262166748	0.0482502443424598	0.155800850066947	0.348488843106718	0.361350766547964	0.0706789048184898	0.000497535860433847	
2.05163803533636e-05	6.64429565572234e-05	0.000784892716270882	0.00448800525821653	0.0196110244863941	0.0689706122614924	0.194870791977455	0.367491098902505	0.301063012015446	0.0424651428580033	0.000168460187305141	
3.6857797539742e-05	0.000209111586041802	0.00154313819699553	0.00799325276645038	0.0305173161129692	0.0948663293676725	0.233286352178136	0.369453348088989	0.237922160468696	0.0241179750401252	5.4158396384927e-05	
1.88086665821531e-07	6.75231130299295e-05	0.000492598977786589	0.00300656535315717	0.0133340280000858	0.0450824929307627	0.125203650837418	0.266951028627167	0.354923112051879	0.177952556267067	0.0129676351750654	1.86205799163315e-05	
3.74985469313064e-07	8.43717305954394e-06	0.000147556782174691	0.00102277286755138	0.00569227942417231	0.0213154865248972	0.0633219212755506	0.158437173059544	0.29185569059199	0.325048654364643	0.126641592638285	0.00650262302335785	5.43728930503943e-06	
7.5172228973106e-07	2.34913215540956e-05	0.000356316365332523	0.00214710679004434	0.00957637817945641	0.0323263136253048	0.0865625130376835	0.191534704950881	0.306607413410049	0.282559253569835	0.0852407973217638	0.00306439591408867	5.63791717298295e-07	
9.37716495295851e-06	9.56470825201768e-06	6.09515721942303e-05	0.000852571837522988	0.00394291031942	0.015727381059102	0.0466485824914827	0.113009090973879	0.22193517678394	0.308326809952248	0.233762032309209	0.0543397331858993	0.00137581764189807	
4.68836705488221e-06	2.60673208251451e-05	0.00022129092499044	0.00177726618316475	0.00709725004768069	0.0245272860149574	0.065801419149954	0.141777907551778	0.246162712216591	0.295754946180359	0.183674468296981	0.0326207202944595	0.000553977451204882	
1.10338822471567e-05	6.71383682496485e-05	0.000520836645056465	0.00321329092831605	0.0117402377259281	0.0369335831354403	0.088426093373574	0.17051368893354	0.261472151790313	0.271195433244451	0.137372395021961	0.0183334499059876	0.000200667044935579	
5.41671235072054e-06	2.16668494028822e-05	0.000168851998794875	0.00118812783665288	0.00563113944653527	0.0190944713858434	0.0524804713511018	0.113632352042969	0.196252158046218	0.267747717929747	0.237155807621538	0.0968272821496354	0.00971403307668701	8.05035525227777e-05	
7.46566168906116e-06	3.8448157698665e-05	0.00041079803444059	0.00236642811389016	0.0096982678171749	0.0290692335602397	0.0720120928788039	0.139469945485738	0.217088003726858	0.261965029347516	0.197554286558972	0.0654607881051105	0.0048396151899339	1.95973619337856e-05	
1.48843606115909e-05	0.00011498168572454	0.000878177276083865	0.00447628539942833	0.0159089627851913	0.0427400693871681	0.0947910505549169	0.164159613185236	0.231153748188992	0.245489620112046	0.156476120183026	0.0415720191881735	0.00221907211268056	5.39558072170171e-06	
2.04483239252454e-06	4.92618712744548e-05	0.000275494691429215	0.00176301731006388	0.00823639898323498	0.0250709463893279	0.0599148903579461	0.118572022900636	0.186149643808787	0.236734335747351	0.219580794488024	0.117854658518567	0.0248361624518953	0.000959769967509472	5.57681561597602e-07	
1.13254677650266e-05	0.00011158370699641	0.000628099302444017	0.00337870266209761	0.0136184108289296	0.0371104015880905	0.0800027329653361	0.142059612435067	0.203701905519235	0.231835110101185	0.188065147803853	0.0847055870389119	0.014392627231883	0.000378753348207448	
5.57056513383283e-07	3.23092777762304e-05	0.000223565347371157	0.00140062576015003	0.00644031603672859	0.0218290022189418	0.0519692876175621	0.102462375474659	0.16506345802115	0.213025838137946	0.217780315479672	0.154255447548487	0.0577671318088553	0.00759342301943199	0.000156347194756241	
4.46169467805341e-06	8.01246002600424e-05	0.000546185790171705	0.00282072055625435	0.0109941733985584	0.0330273230464005	0.0704226451826153	0.125640578518204	0.183365426551025	0.215447985749347	0.196264185865277	0.120395856424152	0.0370839330284757	0.00384282044541842	6.35791491622611e-05	
1.28422482421475e-05	0.000175882965055498	0.00110331663158624	0.00501685219372587	0.0182856864209603	0.0473458329975427	0.091390091479615	0.148271014617643	0.196039525089938	0.208623811650004	0.169856042119596	0.089424110781328	0.0226086849705308	0.00183067179289511	1.56340413382665e-05	
4.82709135130602e-05	0.000368834509043807	0.00214647147077187	0.00885333283633551	0.0285150636933772	0.0648831899805239	0.1135311384667	0.167615994632424	0.201386623924854	0.194387714213827	0.140928143433572	0.0633381479997391	0.0131477667713468	0.000840174818984074	9.13233498895733e-06	
2.23181240277667e-06	0.000101175495592542	0.000796199074690578	0.00402246988727116	0.0149706256290921	0.0415327269251056	0.0847506581986745	0.135718558040885	0.181894012716867	0.199073760655974	0.174725431279148	0.112263511578271	0.042517142179097	0.00728668151069894	0.000343699110027608	1.11590620138834e-06	
2.84517823182029e-05	0.000310924052523106	0.00169223019016762	0.00735004376553574	0.0235078667318516	0.0579639049160031	0.106258666868495	0.156803165177101	0.189254189524946	0.190705044463813	0.150149725179958	0.0849374962691903	0.0270256599744232	0.00389212943738553	0.000120129747565745	3.71918723113763e-07	
9.45512250804942e-05	0.000740961470561904	0.00330575651309972	0.0126808455038566	0.0357956420446963	0.0773054910996214	0.128587432615966	0.172637880533783	0.190632765461405	0.175517039787267	0.123184239576425	0.0609704640957543	0.016626497906379	0.0018686895665515	5.1742599551924e-05	
1.85919740307307e-06	7.43678961229227e-06	0.000248946532271484	0.00146356019569912	0.00609203213064952	0.0203505888542975	0.0516040690394364	0.098889222511534	0.149533945690985	0.182244850720393	0.184930647288872	0.154179336322303	0.0976448616896572	0.0421664111819569	0.00974963118171517	0.000873822779444342	1.8777893771038e-05	
9.07390603877706e-06	4.55547119497787e-05	0.000578507805411011	0.00289327975407863	0.0106055443417714	0.0314077517083017	0.0709033166052481	0.120678135590082	0.165193792707542	0.186470991277939	0.173266235810448	0.130189996481547	0.0742739949260199	0.0276450436103035	0.00545026943945482	0.000384807688746505	3.70363511786819e-06	
2.40360792643333e-06	3.75332622358435e-05	0.000114818501716546	0.00117314556101688	0.00542753159080387	0.017444461865466	0.0457709812784828	0.092117719101805	0.140886923929137	0.1769852322329	0.182986671439369	0.156178307771271	0.10619454136942	0.0540789596297408	0.0175670458697141	0.00286066321829049	0.000171950413198692	1.10935750450769e-06	
1.66247538151039e-06	1.31150835652486e-05	9.2359743417244e-05	0.000338406099880782	0.0023357779110221	0.0095878649641441	0.0273765362657921	0.062848034603132	0.114113049064821	0.159169456854515	0.182624952573272	0.172963938692341	0.135298527009868	0.0833844082714431	0.0379358410111988	0.0104735949035155	0.00137486714050909	6.76073321814226e-05	
1.10930684407195e-06	2.0152407667307e-05	0.000148092463683605	0.00083475340016414	0.00423588818408873	0.0154054987970492	0.0401983218775832	0.0834333712408133	0.134813506106642	0.172543990025113	0.181954239983375	0.158078813662889	0.113092908330765	0.0634643689717262	0.025178861862271	0.00595032191160193	0.000622506023998374	2.32954437255109e-05	
2.03567200586422e-06	6.38460765475595e-05	0.00029591268521608	0.00175604469669505	0.00757158949526623	0.0242156139373949	0.056720484282669	0.104255276230513	0.153505214373843	0.181071174310708	0.173803085005407	0.139257546004799	0.0917697595741818	0.0458553625430059	0.0162940739182115	0.00329390236657974	0.000259085528019082	9.99329893787888e-06	
7.76943426864373e-06	0.000116541514029656	0.000682230323399002	0.00351862879104458	0.0130776227528992	0.036059239346487	0.075619533763649	0.125789175661174	0.169119495563931	0.181708013930966	0.160756624506387	0.118912116414243	0.0709839563032218	0.0317468333543293	0.0100997095896462	0.00169447661668516	0.000105997281807925	2.03485183226383e-06	
1.84600343947361e-07	3.61816674136827e-05	0.000241272649539201	0.00130586283308363	0.00644642861098579	0.0208183037886636	0.0507595565752058	0.0970879664942992	0.145995981619713	0.178856504245439	0.176086206883821	0.143170304154911	0.0975712501947534	0.0534334925572833	0.021353644786111	0.00592530184002239	0.000864852611393386	4.67038870186823e-05	
8.67890293496492e-06	8.60503993126309e-05	0.000553049240217445	0.00272295963146793	0.0111344784930322	0.031266024809475	0.0689915539501842	0.118436741230753	0.16336668309503	0.181738443348276	0.164040129031281	0.123753215579702	0.0775206996451437	0.0387440999617574	0.0139061877069434	0.00330610804569387	0.000407908437943351	1.69884908514207e-05	
1.79196306413122e-05	0.00020635286006542	0.00124088823729581	0.00495283811849051	0.0178945062107223	0.0446557195581499	0.0900474371418152	0.138838527131983	0.176382554925515	0.177597025563	0.147841755990791	0.103532051568633	0.059190941608237	0.0269745862689814	0.00864963944594719	0.00179491887949473	0.000177903137191584	4.43372304527312e-06	
5.72186494405308e-05	0.000516813607849956	0.00242920853318331	0.00903390186521723	0.0271744286533277	0.0609893584386618	0.111556063017298	0.156524753341477	0.180622110688924	0.168844113142312	0.129836867784682	0.0845872523493793	0.043875260390999	0.0178036750615654	0.00512291488781269	0.000944292292057276	8.10289906593323e-05	7.38305154071365e-07	
1.29010046933855e-06	3.31740120687056e-06	0.000130484447470242	0.00103797797761639	0.00454096935200465	0.0154854445336047	0.0402970253600578	0.0794513903044158	0.132860996834831	0.169680095629619	0.179475828493306	0.154366971658704	0.109860901367396	0.0667577231864597	0.0311682744390182	0.0114533276667206	0.00296557237887523	0.000439002759709204	2.34061085151423e-05	
2.02998471975138e-06	3.69088130863888e-06	3.96769740678679e-05	0.000311325838383689	0.00209512877484886	0.00813894691774502	0.0244742339575844	0.0557234496453063	0.100581867438307	0.151591508020285	0.177720733156663	0.171658276063158	0.136756379688342	0.0903710442979575	0.0501361935202888	0.0215213443666079	0.00707283585174468	0.00160424156079989	0.000186020417955399	1.10726439259166e-05	
1.05366072235652e-05	1.22002820483386e-05	0.000111835918776437	0.000816679486205455	0.00407914581758619	0.013558580116387	0.0362154281439434	0.0745853151859684	0.122896583569806	0.166881188292683	0.178528390888164	0.158763194558822	0.116879995992392	0.0712990028487659	0.0360936101762183	0.0141475210043568	0.00420909730667683	0.000828140357220561	8.13352136555908e-05	2.21823309969793e-06	
2.12194935183673e-05	2.97072909257142e-05	0.000263121719627755	0.00170309500151766	0.00731113036241972	0.0212407130118857	0.0508618343421819	0.0948258571522148	0.142802947479908	0.176614826521415	0.173161215563299	0.142429484393985	0.0967632891691092	0.0547907619551088	0.0251661347954487	0.00915132174379953	0.00243304557854949	0.000397081304795882	3.09989122703105e-05	2.21420801930789e-06	
2.68136275361531e-05	8.83925100846978e-05	0.000634465903976147	0.00336464795186418	0.0119418650967565	0.0322205492984261	0.0689515205915715	0.114964630051456	0.159165877976174	0.17933471876573	0.161959857965441	0.124054079943074	0.0777863334823801	0.0409312798162915	0.0173846616434572	0.00560349339034835	0.00135843384745228	0.000217837608535092	1.05405294452464e-05	
1.65766645872162e-06	1.73134052355369e-05	0.000180501458838576	0.00141914667382779	0.00625640158553955	0.0189850697665766	0.0462905200449633	0.0889122558464515	0.134124740137759	0.171693724387902	0.176127982164982	0.146010024461631	0.104017649358971	0.0609531324278422	0.0292804677713724	0.0115951926935956	0.00333098865622005	0.000698245949445962	9.90916171991368e-05	5.89392518656576e-06	
4.22245741514008e-06	7.21489462673935e-05	0.000461900124195324	0.00279545039392774	0.0101298589240261	0.0289827641124165	0.0639057914675151	0.109500620976618	0.151428338013224	0.177349269744349	0.166197392540754	0.128491214993763	0.0847083704710702	0.0456607365617998	0.0204240265170326	0.00753084459245484	0.00193425266634417	0.000379653997152595	4.24081592564069e-05	7.34340420024362e-07	
2.24093834333674e-05	0.000234012741755	0.00101466749250755	0.00502998816343714	0.0168590199972521	0.0425781958903395	0.0840684345833361	0.130296604721253	0.164215410749304	0.174905421380903	0.152012032002069	0.109222232753408	0.0669337056964653	0.0329322421065702	0.013755871442143	0.00466556015743878	0.00106940516679561	0.000168988793104082	1.57967784858163e-05	
9.1746757748169e-05	0.000560898007030141	0.00232345922560254	0.00899282712151127	0.0263018947167575	0.0595738015853913	0.105315774246685	0.148839924387513	0.170747478380571	0.167496682404343	0.133436338258965	0.0897338119516783	0.0513282901858566	0.0231490594221087	0.00882029935395296	0.00265060403908704	0.000560715244564507	7.12773615971831e-05	5.11734903774648e-06	
1.13533754592395e-05	0.00020088149804493	0.00108790973553777	0.00436940148117601	0.0151637147585274	0.0382141799630869	0.078216516561004	0.126838811916869	0.16203647326802	0.17249659444516	0.155068247520432	0.113530458451132	0.0714431293858135	0.0377983168071525	0.0160177815833967	0.00558018403821619	0.00160558703268728	0.000289694193169626	2.94821524022186e-05	1.28183271313994e-06	
3.38762506058813e-05	0.000391499588083104	0.00193625661571129	0.0078787003165873	0.0235983792869251	0.0538696474837362	0.0988996078228869	0.145180425826301	0.170321364762437	0.166966517263246	0.139532430833394	0.0941501574879423	0.0553442715168668	0.0267836624182186	0.0108332587140246	0.00323802021331783	0.000880233171148495	0.000151252881083557	1.04375474839742e-05	
3.65730269171992e-07	0.000113376383443318	0.000862391974707558	0.00388314113293363	0.0131918908090338	0.0350786530373625	0.0721653481176137	0.119700956988109	0.159735438037886	0.17292495160017	0.156342924061047	0.121019414608474	0.0758425831090035	0.0409484409924383	0.0187292299494323	0.00689291838308454	0.00197220047650997	0.000519519847358815	7.24145932960544e-05	3.84016782630592e-06	
5.11413843753573e-06	0.000272693167401459	0.00175871567910827	0.00654262689182026	0.0208015754468752	0.0495649512019869	0.0917091048833081	0.140355154996751	0.169412593712021	0.169033964819842	0.142443549957279	0.100938846228451	0.0589134136180009	0.0300044675652208	0.012430644063636	0.0043773372069279	0.00112218809143641	0.000272327871798778	3.9999868493583e-05	7.30591205362247e-07	
5.36697709943731e-05	0.000658276170767719	0.00342080897504611	0.011082807710338	0.0312199248477166	0.0663933402751105	0.11267895400172	0.158037395051866	0.172254407858131	0.159156793132606	0.125467693718665	0.082234867680283	0.044543354221949	0.021251403811357	0.00814046291820435	0.00263839864007372	0.000627607730199506	0.000128515370000131	1.1135564730125e-05	1.82550241477459e-07	
2.19099006459039e-06	1.442401792522e-05	0.000159942274715098	0.0014853086812869	0.00606137401368931	0.018028561746482	0.0458044731253159	0.0863940247318958	0.133477305724911	0.169201581310563	0.169348012479879	0.145834854854212	0.105620145131182	0.0643351367615998	0.0326630973004081	0.0144734977841787	0.00515978160211036	0.00155359453829997	0.000314041909257955	6.5181954421564e-05	3.46906760226811e-06	
8.21198453373082e-06	4.81769759312208e-05	0.000446549470089762	0.00276433648259899	0.00989671878296199	0.0281541502639879	0.0621050491660638	0.107046503190995	0.152827587012363	0.17381778445767	0.161377905308884	0.128629058454001	0.0869296959229869	0.0489695236829984	0.023558541230367	0.00921183927284884	0.00317073847274607	0.000812439003203769	0.000189788087001779	3.43078464964754e-05	1.09493127116411e-06	
1.09572470136023e-06	2.06361485422844e-05	9.75194984210607e-05	0.000996196374320012	0.00523190282821155	0.0162227520659889	0.041008227431541	0.0814979944585549	0.127010746137388	0.166790118316353	0.172987354606463	0.147624432323294	0.110377462549956	0.0686794764189087	0.0368214633476435	0.0164548630818937	0.00575876378878226	0.00186528868328224	0.000454360509497376	8.4553422788298e-05	1.47922834683631e-05	
1.35388803711849e-05	6.95239802844628e-05	0.000336459473008229	0.00224672231024527	0.00892706202636788	0.0251506657835901	0.0566830840837654	0.102033210507635	0.146370482313465	0.173578143124261	0.166391924972648	0.132104710432622	0.0910936122098746	0.0526318485694526	0.0260392920263313	0.0112681905835257	0.00372099660796159	0.00106316802482372	0.000234003081010074	3.7689315627893e-05	5.67169312846934e-06	
1.61304158787814e-05	0.000188799185853919	0.000811286598630528	0.00422745206150381	0.0142759679532629	0.0375721377860124	0.0751864346135262	0.121912216810386	0.161338252621376	0.175488843251217	0.154000196497793	0.114204444222855	0.0731950614532185	0.0392900270771027	0.0179778983974432	0.00728196626836759	0.0022808041452236	0.000637884627933628	0.00010503100339252	8.0652079393907e-06	1.09980108264419e-06	
4.03108479423511e-06	3.64629942751267e-05	0.000399627088010308	0.00178100655454388	0.00751559113659734	0.0219384460681165	0.0527238406416901	0.0962194288026139	0.141343391989282	0.171126145835853	0.169999824098118	0.138149306983231	0.0954560879274874	0.0562449932094544	0.0285199249192134	0.0121615995930803	0.00463757982464048	0.00139988581036165	0.000307461831123932	2.93169803217099e-05	5.68016493733129e-06	3.66462254021374e-07	
1.57145908697131e-05	0.000181631434005753	0.000783902265477547	0.00356849122203054	0.012942610131416	0.0331663749417327	0.0707538490240782	0.117642899078887	0.156540348765244	0.173784736783344	0.158135745194122	0.120921766736633	0.0767442145180527	0.0426859451805634	0.0201165035912408	0.00815294901656811	0.00285768007687724	0.000828305121074527	0.000152212258075244	2.35718863045696e-05	5.48183402431851e-07	
1.64867323021798e-06	6.1184095432534e-05	0.000398429363969346	0.00180694586031891	0.0064884450904801	0.0199485797138086	0.0479375555854759	0.0912656040051768	0.136867172809348	0.16819727657501	0.1701899729526	0.142824378747869	0.101418683314603	0.0600648294951305	0.0312027895551055	0.0138931861251325	0.00508139408144629	0.00180419807160188	0.00047463470438831	5.91690503733787e-05	1.39221294996185e-05	
8.07711737960689e-06	0.000120606048145494	0.000842590199372628	0.00334135660326374	0.0112883222505492	0.0300030032190984	0.0653820623377234	0.110840262521001	0.153823744081676	0.172621949786764	0.160542437174712	0.126183664837811	0.0826882041777788	0.0460760996628171	0.0225437853190315	0.00908895990225219	0.00318458709775955	0.00113979140477225	0.000251308493015496	2.47820646874302e-05	4.40570038887649e-06	
4.84444362578054e-05	0.000304113172097478	0.00167584593564074	0.00608484223323325	0.0178898119324357	0.0429081397704876	0.0852137633774798	0.13121571589088	0.165709812300834	0.172194367183039	0.146090368214555	0.107244929912137	0.0646978209213653	0.0343095286337932	0.0159168524010389	0.00577133489288806	0.00196117077124279	0.000646724014072832	0.000105177844498886	1.10519626443663e-05	1.84199377406104e-07	
6.79392358819055e-06	0.000112191548983363	0.000684350086842869	0.00302696838787354	0.0102024534143414	0.0274546124589909	0.0588085698184902	0.106367320272719	0.148993314962809	0.171200080498814	0.164457203147313	0.131061579939784	0.0874071321140872	0.0497831177609138	0.024950776187408	0.0103992935788425	0.00353706351565715	0.00115092737975077	0.000340063418522402	4.92100411252721e-05	6.97754314462813e-06	
6.24504185004589e-05	0.000264312212418119	0.00148687099341534	0.00552704571499209	0.0167576514160908	0.0400784744611769	0.0784689508458266	0.126285583192315	0.163121595189408	0.171588402516458	0.152115994672612	0.111615979886557	0.0690697955061046	0.0371633256611157	0.0169003689901345	0.00658006997753071	0.00212294687361266	0.000606871125663283	0.000154840302340844	2.33270680869361e-05	5.14297564121426e-06	
0.000102595802507861	0.000602152783536279	0.00264266930008151	0.00958590458700685	0.0257430887109867	0.0563574555431979	0.0989063986133754	0.144392008632756	0.170678597688211	0.166461321842113	0.135401821608699	0.0920407537003897	0.0532994387200604	0.0265031801940826	0.0114232519964353	0.0041610136318197	0.00128906661538102	0.000327828523067232	6.67424306637158e-05	1.47090756283671e-05	
3.30893362444596e-06	0.00024191981387616	0.0013105215449264	0.00504428548082206	0.015648866258234	0.0376363625333858	0.075782484674582	0.119814096755793	0.157796426682579	0.172774314733634	0.153822213569974	0.116347988784186	0.07391293717677	0.0398228323405613	0.0189725062543441	0.00766808601536191	0.00249272999708262	0.000715464981463538	0.000156990517515381	3.47438030566826e-05	9.19148229012767e-07	
2.10237922937843e-05	0.000484838157371569	0.00248615564835531	0.00873925850191095	0.0243579075646555	0.053916437433563	0.0949238975602811	0.138694695439017	0.168494998919303	0.167624540150648	0.137433821159082	0.0966295910245373	0.0573075382467042	0.0290373611230984	0.0129211489760675	0.00495682008133626	0.00142500739521115	0.000436335899711347	9.66356768591487e-05	1.198724999207e-05	
1.85242507449991e-07	0.000115591324648794	0.0010190190334824	0.0048972561694554	0.0144896689327383	0.0361443328111347	0.0717481279855303	0.115951065598262	0.154116023680661	0.171619217724596	0.157538749490815	0.118159156287066	0.0781628907760161	0.0429845976412331	0.0203490746858889	0.00845594998007717	0.00313504419608364	0.00078931832424441	0.000289534039144335	3.09354987441484e-05	4.26057767134978e-06	
6.53336974598072e-06	0.000327041822713092	0.00189990392213119	0.00863394145316703	0.0229778613966142	0.0515197271366126	0.0929478246958763	0.134147814317152	0.164322275822817	0.167973682839992	0.142408980359384	0.0983328147082206	0.0609232995458561	0.0317889505037508	0.0138602639145376	0.00536818991871181	0.00190419727939284	0.000495789429866422	0.00014429413753266	1.66134259254938e-05	
3.02032283311534e-05	0.000658655494848943	0.00386770160561112	0.0145491389641156	0.0345012790410606	0.0688331573666987	0.113185941579077	0.149523239226827	0.168782956224454	0.159603988777156	0.12387338206371	0.0801636827377857	0.0460319711489758	0.0223924108479491	0.00902269857028047	0.00348350153342353	0.00111001554059276	0.000317790489397354	6.1532042811294e-05	6.75351689392251e-06	
