# <P(U)> as a function of N_tot.
# number_of_species: 1
# species_total_upper_bound: 103
# species_total_lower_bound: 0
# volume: 729
# Bin widths for each
10	10	10	10	10	10	10	10	10	10	10	10	10	10	10	10	10	10	10	10	10	10	10	10	10	10	10	10	10	10	10	10	10	10	10	10	10	10	10	10	10	10	10	10	10	10	10	10	10	10	10	10	10	10	10	10	10	10	10	10	10	10	10	10	10	10	10	10	10	10	10	10	10	10	10	10	10	10	10	10	10	10	10	10	10	10	10	10	10	10	10	10	10	10	10	10	10	10	10	10	10	10	10	10	
# Bin lower bound for each
0	0	0	0	-10	-10	-10	-10	-10	-10	-20	-20	-20	-20	-20	-20	-20	-30	-30	-30	-30	-30	-30	-30	-40	-40	-40	-40	-50	-60	-60	-60	-70	-70	-70	-70	-70	-80	-80	-90	-90	-90	-90	-100	-110	-120	-120	-120	-120	-130	-150	-150	-150	-150	-150	-150	-160	-160	-170	-170	-170	-180	-190	-190	-200	-200	-200	-200	-200	-220	-220	-230	-230	-240	-240	-240	-240	-240	-250	-270	-270	-280	-280	-280	-280	-280	-290	-290	-290	-290	-290	-300	-310	-310	-320	-320	-320	-330	-330	-340	-340	-340	-350	-350	
# Bin upper bound for each
0	0	0	0	0	0	0	0	0	0	0	0	0	0	0	0	0	0	0	0	0	0	0	0	0	0	0	0	0	0	0	0	0	0	-10	-10	-10	-10	-10	-10	-10	-10	-10	-10	-10	-20	-20	-20	-20	-20	-30	-30	-30	-30	-30	-30	-40	-40	-40	-40	-40	-40	-50	-50	-50	-60	-60	-60	-60	-60	-70	-70	-70	-80	-80	-90	-90	-90	-90	-90	-90	-100	-100	-120	-120	-120	-130	-140	-140	-140	-140	-150	-150	-160	-160	-170	-170	-170	-170	-170	-170	-170	-180	-180	
# Normalized histogram for each
1	
1	
1	
1	
4.90782491334622e-05	0.999950921750867	
0.000130147810727898	0.999869852189272	
0.00059156490712431	0.999408435092876	
0.00158046247342377	0.998419537526576	
0.00396837855317439	0.996031621446826	
0.00904456917304102	0.990955430826959	
1.89047829100763e-05	0.0205116894574327	0.979469405759657	
5.69937686812908e-05	0.0402755965347789	0.95966740969654	
0.000171867242103655	0.0712103273116144	0.928617805446282	
0.000293391671503377	0.122070069584851	0.877636538743646	
0.000443228731352734	0.193538991464681	0.806017779803966	
0.00118014313994213	0.277562052687681	0.721257804172377	
0.00270393495358351	0.373364657607113	0.623931407439304	
3.17833645869752e-05	0.00577821568191209	0.480856879509265	0.513333121444236	
6.32835291958562e-05	0.0105620210227884	0.586404166587562	0.402970528860453	
0.000248126328112077	0.019411113514614	0.683219025563374	0.2971217345939	
0.000621743059873216	0.0321511668899387	0.759699512220136	0.207527577830053	
0.00144972160213481	0.0565391424832576	0.80109306442922	0.140918071485387	
0.00203571520601953	0.0893975313732059	0.818711830339887	0.0898549230808875	
0.00406873960066556	0.132136543261231	0.810673616888519	0.053121100249584	
5.84571217012321e-05	0.00851525406114615	0.192018654317058	0.76875012178567	0.030657512714424	
0.000403003022522669	0.0159576196821476	0.263394975462316	0.703630277227079	0.0166141246059345	
0.00076586926161193	0.0272559354867775	0.346224393257776	0.617020318060999	0.0087334839328352	
0.00184744468891726	0.0458012329127403	0.425682047071351	0.52227517945231	0.00439409587468167	
0.000210975859247136	0.00372724018003273	0.0716295008183306	0.49668192512275	0.425762070376432	0.00198828764320786	
6.42000988681523e-06	0.000911641403927762	0.00828181275399164	0.107053664862644	0.556698317315409	0.326380462625912	0.000667681028228784	
8.41195273776708e-05	0.00183768813655835	0.0170374396604159	0.151013963841545	0.589373762472338	0.24031007751938	0.000342948842385889	
0.000308515014397367	0.00323298025503908	0.0288975730152201	0.206801470588235	0.595536816125051	0.165049105306458	0.000173539695598519	
2.58359546062278e-05	0.000361703364487189	0.00487007744327393	0.0455035750502186	0.267376294219851	0.573745502929151	0.10802658519729	9.04258411217971e-05	
0.00011683911254203	0.000798400602370536	0.00801646133274481	0.0696101468278181	0.331660803074167	0.522160485012138	0.0676108997909878	2.59642472315621e-05	
0.000162272331918319	0.00158377795952279	0.0153509625994729	0.101731770326232	0.383047084939829	0.458308992483546	0.0398151393594787	
0.000265020522930739	0.00314792669920171	0.0250476713745516	0.146207297760253	0.426262887430917	0.378164894476584	0.0209043017355612	
0.000423668052821629	0.00618555357119579	0.038390843555683	0.195206684830077	0.452633911694542	0.296724068256182	0.0104352700394989	
9.09728900787565e-05	0.00136459335118135	0.00976009149273517	0.0591388766147688	0.242397265614847	0.462467184778936	0.220076417227666	0.00470459802978712	
0.000371173494305417	0.00242890725220913	0.0165269882201254	0.0853568800588668	0.28446866839881	0.451874426146242	0.156902199040158	0.00207075738928285	
6.47886593930598e-05	0.000647886593930598	0.00369295358540441	0.0256174359240159	0.117727472983129	0.326023012931816	0.413260942804571	0.11165029673206	0.00131520978567911	
0.000157035175879397	0.00134788525963149	0.00817237227805695	0.0398542190117253	0.154359034757119	0.36099769681742	0.360408814907873	0.074048628559464	0.000654313232830821	
0.000785153936748531	0.00325373114466129	0.0146451170744366	0.0579350451463514	0.193633599265415	0.383780582743913	0.299030534503523	0.0467233130834592	0.000212923101491127	
0.00172649106046131	0.00573904735908284	0.0230107820390337	0.0820799781629589	0.230428551931213	0.392937082025386	0.237703016241299	0.0263409308038761	3.41203766889586e-05	
2.75027502750275e-05	0.00279152915291529	0.00983910891089109	0.0366749174917492	0.111716171617162	0.266866061606161	0.378341584158416	0.178389713971397	0.0152915291529153	6.18811881188119e-05	
8.98615440978247e-05	0.000304146764638791	0.00505298374888537	0.017218854334437	0.0488985048421547	0.14310796518902	0.299155992728127	0.346651274997062	0.132075732544395	0.00743085845424319	1.38248529381269e-05	
2.81559275266425e-05	0.000387144003491335	0.0010558472822491	0.00882688327960244	0.0283882139287373	0.0693973223712922	0.175010206523728	0.317697408246871	0.30183858206749	0.0937803556093647	0.00358988075964692	
1.43456586450525e-05	0.000473406735286734	0.00250331743356167	0.0135136104436395	0.0420327798300039	0.0946454829107341	0.205401140479862	0.323523293763225	0.256163253595381	0.0598429150378367	0.00188645411182441	
0.000132013201320132	0.00121012101210121	0.0061972863953062	0.0201760176017602	0.0553061972863953	0.120762742940961	0.237249724972497	0.320513384671801	0.201261459479281	0.0364503116978364	0.000740740740740741	
0.000607425405197191	0.00247414738214466	0.0118299801475599	0.0318602032652819	0.0738836706272778	0.149130344602803	0.256214998962932	0.302357106877241	0.14884144715399	0.0224006637233696	0.000400011852203028	
0.000105518624037143	0.00158277936055714	0.00508750508750509	0.0173201284312395	0.047196973122899	0.0960068737846516	0.177859177859178	0.273293236256199	0.263887004627745	0.104802604802605	0.0127677535084942	9.04445348889793e-05	
3.7818049798808e-05	7.5636099597616e-06	0.000173963029074517	0.00229933742776752	0.00896287780231749	0.0262835446101715	0.06345112395244	0.120594197198439	0.205790699785193	0.277652558012888	0.21669742534717	0.071287023870753	0.00676186730402687	
0.000176852335988681	0.00025374465598376	0.000453664687970965	0.00372927751976133	0.0157167902069941	0.038953649309507	0.0850736628425553	0.146818195798604	0.220358010641897	0.263040937471165	0.176813889828684	0.0448820471811276	0.00372927751976133	
0.000293606519651799	0.000333283076361501	0.00115855545592331	0.00680056182004301	0.0255993143891001	0.0533967100199176	0.104230314476388	0.172140708940715	0.235932676818575	0.235289916599878	0.136035042334886	0.0269483173172299	0.0018409922313302	
0.000243036990229913	0.000315948087298887	0.00277872292162867	0.01026426222071	0.0372332669032227	0.0725627440496444	0.126606069443769	0.198901472804161	0.231233493737747	0.206581441695426	0.0964694826552601	0.0160161376561513	0.000793920834751049	
0.00017359532449926	0.000653049077878169	0.00533185639533442	0.0166403518198577	0.0524175215547528	0.0929396301592944	0.150407949012573	0.205793123971861	0.224591017681924	0.17497582065123	0.0676029792264262	0.00818377958353655	0.0002893255408321	
0.000488186723004537	0.000976373446009074	0.00790357470519414	0.0287945996448021	0.0730007491141094	0.116651375760688	0.169922647655441	0.211957207908625	0.201688452700598	0.139175301118621	0.0450478507158669	0.00430951038238488	8.41701246559546e-05	
9.40106659373718e-05	0.000700806782442226	0.00209387392315055	0.0121444687542732	0.0446294270477232	0.0906433748119787	0.141392041569807	0.181013264050321	0.210011281279912	0.180953439081088	0.104428757008068	0.029262956379051	0.00263229864624641	
0.000653257692968884	0.00180505415162455	0.00430634347601857	0.0207237407598418	0.0592831356369262	0.110391954615781	0.159265944645006	0.190484785972151	0.204228984012378	0.154091456077016	0.0772305312016503	0.0164947567474643	0.00104005501117414	
6.91682517724364e-05	0.00115856821718831	0.00267162372471036	0.00983053778315753	0.0299152688915788	0.0771312467577382	0.128592426076431	0.17541933252637	0.19844371433512	0.189918727304167	0.12708801660038	0.0507349126750821	0.00865467750302611	0.000371779353276846	
0.000239716601706427	0.0015182051441407	0.00411957419228823	0.0165315671250877	0.0439835572168015	0.0961973844255236	0.147434588442108	0.183374321912761	0.201228769543562	0.16876936599398	0.0971828860103167	0.0340575142276242	0.00514058934770449	0.00022195981639484	
0.00067272115708039	0.00446359578549286	0.0067817565294861	0.0264724866137581	0.0596903664512141	0.11949891364624	0.16642575976582	0.180716538940555	0.196343669603004	0.14562594885501	0.0690357360387633	0.0214361687621022	0.00276361123989782	7.27266115762584e-05	
9.22611359191054e-06	0.001752961582463	0.00573864265416836	0.0128150717791637	0.0371166549802561	0.0809960512233827	0.144333321031849	0.174834852566705	0.180250581245156	0.178719046388899	0.118998413108462	0.0489260803779016	0.0142727977266856	0.0012270731077241	9.22611359191054e-06	
0.000120993261606046	0.000288522393060571	0.00192658501172704	0.00868359331372622	0.0211272849112096	0.054865790551357	0.107079036521351	0.159953091843193	0.181703957410372	0.177245821078888	0.152963404191951	0.0941048360075947	0.0313744834518447	0.00815308439745356	0.000409515654666617	
0.000311947592804409	0.000463194910527759	0.00426328376832692	0.014018735761483	0.0323196612060083	0.0729390189720854	0.13094236531899	0.174227457059941	0.177318574115912	0.164642158299224	0.13242647962415	0.070122037679488	0.0209193946326108	0.00480210233771635	0.000283588720731281	
9.64748104269975e-06	0.000115769772512397	0.00169795666351516	0.0075636251374766	0.0224979257915758	0.0493661604954946	0.0938314006212978	0.14962278349123	0.176114766434484	0.174609759391823	0.152661740019681	0.109093715630849	0.0476296139078087	0.012725027495321	0.00236363285546144	9.64748104269975e-05	
0.000188495803488164	0.000248020794063374	0.00240084128653346	0.0149506934661402	0.0352586360840493	0.06950534732832	0.113742336157463	0.164576678108693	0.180251592293498	0.163604436595964	0.135250699418639	0.0782555209428759	0.0328181114704657	0.00751006964423897	0.00143852060556757	
0.000200274375894976	0.00107146791103812	0.00455624205161071	0.0213091935952255	0.0452820363898541	0.0932777905730851	0.134063667224097	0.180677528213653	0.177573275387281	0.14391716651813	0.11121236093448	0.0592311466709392	0.0224107026626478	0.00468642039594244	0.000530727096121687	
9.07322089260331e-05	0.00335709173026322	0.0115028278205115	0.030183581502727	0.059500166342383	0.107749538777938	0.154244755174256	0.18803746232093	0.170011996814291	0.131158448680854	0.084985835694051	0.0420190940893007	0.01453731614126	0.00240944421481355	0.000211708487494077	
0.000678600438005737	0.0057578218982305	0.0178081205852415	0.0405206716087971	0.077473550005655	0.133879640958677	0.163059459792924	0.192743088043266	0.155502318551497	0.106396323219445	0.0662766427785603	0.0287479821918794	0.00979857905181012	0.00120297350373744	0.000154227372274031	
5.24752579158927e-05	0	0.00124891113839825	0.00967643755969061	0.0250516881290472	0.056788724116579	0.101718039944166	0.157163397458099	0.173010925348698	0.186465581478333	0.137978443164048	0.0794475404846615	0.0461572368628192	0.0180409936714839	0.00627604084674076	0.000892079384570175	3.14851547495356e-05	
0.000226339444498335	0.00012933682542762	0.00200472079412811	0.0145827270669641	0.0364945409081601	0.0722130608637544	0.126232741617357	0.178517153296472	0.172880223321585	0.166488828531704	0.118375529472629	0.0636660523167459	0.0322372037378343	0.0119959905584117	0.00343820394261756	0.00051734730171048	
6.62025134887621e-05	0.000485485098917589	0.000364113824188192	0.00332115942668623	0.0198497202943805	0.049078129999669	0.0983217662830599	0.144751795743178	0.186459379241099	0.174211914245678	0.147421963787225	0.0968322097295627	0.0505897540576624	0.019198728911741	0.0069402301640719	0.0016329953327228	0.000474451346669462	
1.11614617050249e-05	0.000412974083085921	0.00112730763220751	0.00589325178025314	0.0252695493001764	0.0719356206888854	0.123702480076791	0.168627363439516	0.184130633747796	0.162410429269817	0.124182422930107	0.0773266066924124	0.0375136727905887	0.0125008371096279	0.00410741790744916	0.000747817934236668	0.000100453155345224	
0.000102979541397776	0.000125863883930615	0.000892489358780722	0.00149892443590096	0.0116595725204815	0.0374159000411918	0.0899354661540574	0.142443590095657	0.178772483866539	0.188818710238455	0.1558538148199	0.0987116115154012	0.0582406517460753	0.025664790150579	0.00612156162753444	0.00331822966726166	0.000423360336857522	
0.000224939917364178	0.00034332934755585	0.0013733173902234	0.00559982004806611	0.0209194123148685	0.053938224395326	0.10804219399292	0.157576331585116	0.186250251577539	0.173203736370417	0.139474587708809	0.0839262670628766	0.0464086566351356	0.0175808303834634	0.00356352184876934	0.00145618999135757	0.000118389430191672	
0.00042630418630711	0.000669906578482601	0.00341043349045688	0.011181349800855	0.0311689260788541	0.0697190046406256	0.124212859770283	0.169924848662014	0.18885275453405	0.164687397230241	0.122178779795618	0.0665521735423442	0.0344088378947881	0.0102191203517619	0.00127891255892133	0.00110839088439848	
0.00033873213815253	0.0016309325170307	0.00637318245116612	0.0162842339008142	0.0428935251979074	0.0920473221342634	0.141690398825729	0.17893838838776	0.182551531194721	0.155465505777265	0.0941926256758961	0.0558406202561819	0.024514170294446	0.00574590071384662	0.0007527380847834	0.00074019245003701	
0.00179987479131886	0.00559526293823038	0.0133425500834725	0.0217028380634391	0.057269929048414	0.110222767111853	0.160906197829716	0.181317821368948	0.177600688647746	0.136425292153589	0.0744991652754591	0.0395059474123539	0.0163292988313856	0.00249113105175292	0.000299979131886477	0.000691256260434057	
6.73482307619779e-05	0.003030670384289	0.00808178769143735	0.0237739254589782	0.0317748952735012	0.0798345927452486	0.135760563569995	0.16676768901281	0.179752427903719	0.165905631659056	0.109656389326652	0.0525585592866475	0.0312091701351006	0.00999447744507752	0.00126614673832518	0.000188575046133538	0.000377150092267076	
0.00045136846712533	0	0.000547113293485248	0.00396657137776805	0.0125152165884751	0.0336337897170056	0.0510456702821737	0.0977144342164654	0.159305713230567	0.163368029434695	0.177675042059334	0.143111159743404	0.0838587900589515	0.0458070604970524	0.0200517022062344	0.00525228761745839	0.000998481760610578	0.000519757628810986	0.000177811820382706	
0.000824448388133533	0	0.00127160683593477	0.00735016698573285	0.0252784260022637	0.0472311110490058	0.0655506337073627	0.11824546204044	0.168425024104635	0.172673029358747	0.157190168103629	0.120048069533139	0.0679680840657882	0.0339421209284127	0.0101728546874782	0.00282268770174532	0.000335368835850929	0.000586895462739125	8.38422089627321e-05	
0.000470025210443106	0.000726402597957527	0.000142431881952456	0.00361776980159239	0.0154396160036463	0.0341978948567847	0.0621857596604424	0.0890911421612614	0.135609394806934	0.174849378284835	0.169337264453275	0.145109601333162	0.0920109957412867	0.0449230155678047	0.0228033443005882	0.00754888974348018	0.001623723454258	0	0.000313350140295404	
0.000640083792787419	0.000305494537466723	0.000494610203517551	0.00785557382057287	0.0229993744635661	0.0458096332610815	0.0889716471974513	0.11176735863604	0.149895986383672	0.163948735107141	0.162828588469763	0.125587349616677	0.0693036179281651	0.0293129282378784	0.0142709591073741	0.00525159657264224	0.000741915305276327	0	1.45473589269868e-05	
0.000670964730593074	1.45861897955016e-05	0.000729309489775081	0.0100790571486916	0.0401120219376295	0.0640625455818431	0.104933049388839	0.136745529332828	0.16400711806062	0.152761165728288	0.147626826920272	0.0937308556258934	0.0506432509699816	0.0218209399340704	0.00914554100177952	0.00240672131625777	0.000510516642842557	
0.000322784160100943	0.000146720072773156	0.00494446645245536	0.0199099138753173	0.050486377041243	0.0766612380239741	0.132062737503118	0.157151869947327	0.164840001760641	0.139677509280045	0.125753774373872	0.0713206273750312	0.0370761623897765	0.0135716067315169	0.004416274190472	0.00142318470589961	0.00023475211643705	
0.000405632496957756	0.0014342006142435	0.00683780494871646	0.0280755635394333	0.0646549226400881	0.103045141102161	0.141826505186301	0.172987773077592	0.161427246914296	0.134525120241062	0.102581561105638	0.0459233934055745	0.0235121979486585	0.00945992930405053	0.00272353247957351	0.000550501245871241	2.89737497826969e-05	
0.000102864028449251	0.00089638653362919	0.00290958251899311	0.0115942454923513	0.0394997869245125	0.0819826306740533	0.12919721973226	0.161672862999809	0.183891493144847	0.147257204155707	0.111519301700195	0.076560226888657	0.0324168638227212	0.0136515260613363	0.00471705044745852	0.00207197543019206	5.87794448281436e-05	
0.00102900042029595	0.000710155219640864	0.00482615690082465	0.0215365440078842	0.0552616704589922	0.0957260250148553	0.154277598226061	0.171466253134103	0.17587211408861	0.130436672995261	0.0937549819562602	0.0539428107653734	0.0283337439673039	0.00820301743503529	0.00362324091653502	0.00100001449296367	
0.000949748387554043	0.00187114607697215	0.0114962080941243	0.0333545963569353	0.0710893755758736	0.115656673045574	0.163725281735063	0.175434120065207	0.163569352895315	0.116025232121341	0.0786023105818981	0.0387554043518322	0.0195619817137997	0.00657736196753845	0.00259408887943866	0.000737118151534482	
0.00128726189270889	0.00371714951040657	0.0175443671444481	0.0502032138156467	0.0885751891117893	0.132674756649648	0.170569432592314	0.184396650226356	0.141208290545134	0.0980633217142279	0.0639581133658283	0.0268444727288506	0.0133933091308813	0.00465728460058722	0.00209722443194145	0.000809962539232561	
0.00295168781560633	0.00842099170922981	0.0258272683865554	0.054287905314485	0.109863556783818	0.150290104611289	0.179199282334727	0.1730644017768	0.131046257578169	0.0887097941053058	0.0481096175827992	0.0168709215342989	0.00771200787116751	0.00248867796217788	0.000940488764776525	0.000217035868794583	
0.000923041421483789	0.00628821968385831	0.0159224645205954	0.0321766470520365	0.0682473751009577	0.141600323064498	0.172075112495673	0.172594323295258	0.164171570324218	0.103322949117342	0.0702953732548748	0.0322920272297219	0.0151869158878505	0.00387965847467405	0.000778816199376947	0.000245182877581631	
0.000285591889190347	0.00171355133514208	0.00915322004855062	0.0192917321148079	0.0480365557618164	0.0932029130372697	0.159288876195916	0.176281593602742	0.166699985720406	0.146522918749108	0.0931029558760531	0.0556761387976581	0.019348850492646	0.00891046694273883	0.00212765957446809	0.00027131229473083	8.56775667571041e-05	
0.000864096098818596	0.00447630110207666	0.011785704167493	0.032070714225005	0.0681785987477689	0.103663200838598	0.178032127376264	0.184335779244695	0.158342068731054	0.121554239737088	0.0770178768733887	0.0387426693486699	0.013145593109896	0.00514208006346148	0.00229481259030512	0.000354137745417458	
1.39205969151957e-05	0.00229689849100729	0.0084776435213542	0.0172336989810123	0.0444902277409655	0.082576980900941	0.126412940586892	0.185130018375188	0.17602594799265	0.149507210869202	0.106228075059859	0.058536110028398	0.0256695807116209	0.00984186201904338	0.00480260593574252	0.00257531042931121	0.000180967759897544	
0.000858119409497491	0.00533779361500982	0.0107192204203331	0.0217147843793179	0.0592829612391826	0.104356046832958	0.148818267762345	0.182764889826194	0.172845611228274	0.136208275761763	0.0847647443822268	0.042542360555596	0.0167260562868155	0.00693767725983565	0.00434877463457203	0.00177441640607956	
0.00142961385534095	0.00746079730756057	0.0169022054772081	0.0252118360113773	0.0758737770100222	0.123378654078122	0.17106223287814	0.187085821506753	0.161531473842534	0.116394394722342	0.0632157376658575	0.0303346189930157	0.0121666095813912	0.00439308424297479	0.00266563416777114	0.000893508659588092	
0.00048857041336018	0.00426388724387066	0.0136503612460026	0.0266344901101504	0.0386710884756603	0.0954933080658534	0.133720241620277	0.180845078763473	0.187063247660784	0.134016344901102	0.091110979509653	0.0574736468080066	0.0227851474594339	0.00715089423190809	0.00381973232263413	0.0021911642781002	0.000621816889731138	
0.00270832398138588	0.0082147506396732	0.020334874534273	0.0336969370501713	0.0592539390402657	0.116203558228966	0.146144753183403	0.19809669165507	0.16962188206072	0.110951504541306	0.074576169741587	0.036046146249495	0.0150977839625324	0.00427945115290808	0.00206490999685775	0.00218461492421182	0.000523709057174066	
8.97572067557258e-05	0.00571454216344787	0.0132840665998474	0.0339581432225829	0.0490523134920041	0.0794949661166545	0.130596735829581	0.166514578066331	0.173560518796655	0.152751806363786	0.0957709396083594	0.0576390862716352	0.0253115323051147	0.00940954717489192	0.00308166409861325	0.00212425389321884	0.00148099391146948	0.000164554879052164	
0.000716343296093643	0.00765115605614912	0.0219322979378458	0.0506165124750423	0.0624895215741263	0.100028958558778	0.150035817164805	0.178765755742177	0.152626846108122	0.125177180655683	0.0773193519379372	0.0429805977656186	0.0188992699394919	0.00461812805779519	0.00315495877215711	0.00150889332581427	0.00132599716510951	0.000152413467253967	
0.00325830316385959	0.0184164961435542	0.0334330237682984	0.0631984889028805	0.0726585864945695	0.125499763891075	0.160050369903982	0.173366913269322	0.134660790177869	0.10154257830946	0.0603651818038722	0.0326145128285849	0.010294349126397	0.00464347552337478	0.00281756650401385	0.00209349913426728	0.00078702974972454	0.000299071304895325	
0.000639028676411854	0.00688553398833773	0.0258646856777698	0.048949596613148	0.079191628724339	0.0890326703410816	0.140202891604761	0.163671219745986	0.160332294911734	0.127725856697819	0.0754213595335091	0.0455787203450755	0.023883696780893	0.00600686955827143	0.00282770189312245	0.00178928029395319	0.00118220305136193	0.000814761562425114	
0.00239358585943123	0.00952412834976483	0.0429506385685352	0.0597559546725139	0.0985052642150545	0.0984550491270944	0.154762901093015	0.154227273488107	0.155449173961803	0.106707061915203	0.0546340157005842	0.0367574443867901	0.0173744204341931	0.00329745744271295	0.00172405135329662	0.00205881860636393	0.0012051621110423	0.000217598714493748	
