# <P(U)> as a function of N_tot.
# number_of_species: 1
# species_total_upper_bound: 103
# species_total_lower_bound: 0
# volume: 729
# Bin widths for each
10	10	10	10	10	10	10	10	10	10	10	10	10	10	10	10	10	10	10	10	10	10	10	10	10	10	10	10	10	10	10	10	10	10	10	10	10	10	10	10	10	10	10	10	10	10	10	10	10	10	10	10	10	10	10	10	10	10	10	10	10	10	10	10	10	10	10	10	10	10	10	10	10	10	10	10	10	10	10	10	10	10	10	10	10	10	10	10	10	10	10	10	10	10	10	10	10	10	10	10	10	10	10	10	
# Bin lower bound for each
0	0	0	0	-10	-10	-10	-10	-10	-20	-20	-20	-20	-20	-20	-30	-30	-30	-40	-40	-40	-50	-50	-50	-50	-60	-60	-60	-60	-70	-70	-70	-70	-80	-90	-90	-90	-100	-100	-100	-110	-110	-110	-110	-130	-130	-140	-140	-140	-150	-150	-150	-160	-160	-170	-170	-170	-170	-180	-180	-180	-200	-200	-210	-220	-220	-220	-220	-230	-230	-230	-230	-250	-250	-250	-260	-260	-270	-270	-270	-270	-280	-280	-290	-290	-290	-310	-310	-320	-320	-320	-330	-330	-330	-340	-340	-350	-350	-350	-360	-360	-370	-370	-370	
# Bin upper bound for each
0	0	0	0	0	0	0	0	0	0	0	0	0	0	0	0	0	0	0	0	0	0	0	0	0	0	0	0	0	0	0	0	0	0	0	-10	-10	-10	-10	-10	-10	-10	-10	-10	-10	-10	-20	-20	-20	-20	-20	-20	-20	-30	-30	-30	-30	-30	-30	-30	-40	-40	-40	-40	-50	-50	-50	-50	-60	-60	-60	-60	-70	-70	-70	-70	-80	-80	-80	-90	-90	-90	-100	-100	-100	-100	-110	-110	-120	-130	-130	-130	-130	-140	-140	-140	-150	-150	-160	-160	-170	-170	-180	-180	
# Normalized histogram for each
1	
1	
1	
1	
1.29827865560649e-05	0.999987017213444	
0.00010232899639536	0.999897671003605	
0.000435228246457597	0.999564771753542	
0.001418005934564	0.998581994065436	
0.00388609356291586	0.996113906437084	
2.01346084868525e-06	0.00943852918410827	0.990559457355043	
2.58746122042496e-06	0.0205323672711455	0.979465045267634	
8.04707076565292e-06	0.0405960350357965	0.959395917893438	
4.13638108019294e-05	0.0737114598437827	0.926247176345415	
0.000170076821861767	0.124269847562903	0.875560075615236	
0.000450282934477802	0.193125718823004	0.806423998242518	
2.87098428250945e-07	0.00101690263286485	0.279585349482046	0.719397460786661	
1.17935857851048e-05	0.00240071382835328	0.379939858465465	0.617647634120397	
3.13862259387865e-05	0.00505807747560297	0.486703902056546	0.508206634241912	
1.72792546420718e-06	9.10040744482446e-05	0.00994190714589335	0.591844134211427	0.398121226642768	
4.89131357376921e-06	0.00025175878688518	0.0188183219399295	0.684098253254378	0.296826774705234	
1.61194961275789e-05	0.000574832745835269	0.0331690296120901	0.756999459421183	0.209240558724764	
2.01402509532812e-06	2.47437368854598e-05	0.00127602875682575	0.0554501389245739	0.802923040936211	0.140324033620409	
1.72598394029476e-06	8.65868610047873e-05	0.00260681107782519	0.0883568575355596	0.819873151686948	0.0890748668547222	
7.19058206323686e-06	0.000141798278287031	0.00503944753319892	0.134424767816105	0.807019446210132	0.0533673495802138	
2.12712259527353e-05	0.000331141247264204	0.00943752554702982	0.193030051643087	0.76662475660256	0.0305552537341062	
1.72270086189595e-06	3.33055499966551e-05	0.00072209877794472	0.016585015431093	0.262958227662384	0.703244104128079	0.0164555257496405	
4.00895141580415e-06	9.392400459884e-05	0.00145381759557412	0.0281451297683256	0.341539752332709	0.620315934006933	0.00844743334044445	
2.00383878258206e-06	0.000202387717040788	0.00310680890105187	0.0456445848403871	0.422013027814714	0.524898126267607	0.00413306062041711	
1.03105656949149e-05	0.000408699367962323	0.00583205692348758	0.0708058050776099	0.495556146185492	0.425597239517878	0.00178974236187565	
2.86942646190822e-07	2.15206984643117e-05	0.0009004260237468	0.0104455731492845	0.105819282947544	0.552410504740723	0.329653485191033	0.000748920306558045	
4.31861845668123e-06	7.31286058664689e-05	0.00172715947477538	0.0181983702685576	0.14996460172405	0.58749938459687	0.242209716142967	0.000323320568456868	
2.30020690361098e-06	0.0002199572851578	0.0031852115097753	0.0295731851080005	0.204487243627564	0.593838953313851	0.168563474784557	0.000129674164191069	
2.44296327421458e-05	0.000461863762548568	0.00576596814203446	0.045618746552907	0.263200839459662	0.573515806403495	0.111372109004446	4.02370421635343e-05	
2.5873526179265e-06	6.89960698113734e-05	0.000946683574536885	0.0102450539161163	0.0680091385294465	0.324979538353047	0.526305182841022	0.0694339073710514	8.91199235063573e-06	
5.75093725899979e-07	1.12143276550496e-05	0.000187480554643393	0.00201829143104597	0.0174920507669737	0.0981256545285468	0.381638234991348	0.459787721403896	0.0407373391678509	1.43773431474995e-06	
2.30503176910036e-06	4.58125064108696e-05	0.000378313339103596	0.00401680598662851	0.027527841902481	0.135899486784677	0.427495801960891	0.382130471713226	0.0225031607748134	
9.21650757150498e-06	0.000118662534983127	0.000906385916485193	0.00762406787266588	0.0415169104192906	0.179193388538294	0.45599592860778	0.302783874913559	0.0118515646893706	
1.43816025937508e-06	2.67497808243765e-05	0.00026375859156939	0.0018235872088876	0.0128614671995913	0.0615733933448846	0.226304871566536	0.464241583310898	0.22701877431929	0.00588437651725907	
1.72641849017222e-06	6.99199488519749e-05	0.000581515294773009	0.00356821928277095	0.0203337569772484	0.0871098977586196	0.274745403626572	0.448980449173808	0.161925969448723	0.00268314207014266	
1.38456612601282e-05	0.000163840324911518	0.00116880457137583	0.00658072741642845	0.031386094917777	0.119133550056392	0.315897126736837	0.413896717136025	0.110508279993885	0.00125101318510784	
5.48342447362011e-06	3.80953700272555e-05	0.000311689391132091	0.00229380303770172	0.01133164097538	0.0466757749233186	0.15485969936981	0.350525600665861	0.362193173540572	0.0712343015329346	0.00053073776878881	
2.39632086794164e-05	7.65090397595826e-05	0.00069002492462416	0.00410839107841079	0.0187221950992062	0.0672081389450356	0.193771124795483	0.371043724771866	0.301502493184199	0.0426706793973859	0.000182755555350248	
3.43851331398134e-05	0.000211222960715997	0.00139649872659427	0.00751647452408375	0.029138366353656	0.0920660495065011	0.233021112471748	0.373540148832726	0.238742336305095	0.0242776377009002	5.57674848402016e-05	
6.56306469100108e-05	0.00048167690639682	0.00281807011203469	0.0124891940730033	0.0431878568847127	0.121993494759668	0.268477629201301	0.358250524033249	0.179184676544995	0.0130318756776292	1.93711601011926e-05	
5.77048529492806e-07	5.77048529492806e-07	0.00015638015149255	0.000969153005283168	0.00543752829341071	0.0199791512366294	0.0607083905452907	0.155961214260139	0.294352743418545	0.328732429232932	0.127074164873729	0.00662336302151843	4.32786397119605e-06	
1.15895469240473e-06	1.24587629433509e-05	0.000314656198987885	0.00203918078128613	0.00917080848099865	0.0305175949604014	0.0838880380229855	0.190139555529286	0.309405844492618	0.285744915231156	0.0856053191384563	0.0031596002301684	8.69216019303549e-07	
2.3204770204611e-06	1.18924447298631e-05	6.00423429044309e-05	0.000769818251537969	0.0036918789395536	0.0149580849335198	0.0440963148794498	0.110194522688029	0.22156929800059	0.312313872362742	0.236210057701562	0.0546863918815791	0.00143550509678275	
5.82150452127149e-06	3.46379519015653e-05	0.000231695879946605	0.00160440664606242	0.00670928396076539	0.0232979521693546	0.0625797182275382	0.139218952024399	0.246344240698255	0.300342770186212	0.185994449777589	0.0330539205213274	0.000582150452127149	
1.36716693340966e-05	8.20300160045797e-05	0.000506142651943151	0.00294580841162546	0.0110452543890422	0.0351172825608258	0.0846925008857496	0.169015284926316	0.262780538291437	0.275786077353723	0.139154613781159	0.0186437936729841	0.000217001389856087	
7.27781486228773e-06	2.27067823703377e-05	0.000162731940320754	0.00113650356889485	0.0052251799585281	0.0179866827632524	0.0502343893054548	0.109574780566604	0.195019238175807	0.270600801083638	0.241789969832002	0.0982243005073801	0.00992868614772741	8.67515531584698e-05	
9.02919809652853e-06	2.79613876537658e-05	0.000367867006319856	0.00223865859902962	0.00927706414750098	0.027811968988491	0.0695889035233096	0.135374475796798	0.216835609759223	0.265226577531976	0.201867529430817	0.0663710138274887	0.00498207849810066	2.12623051950511e-05	
1.48394847847271e-05	8.99098195780523e-05	0.000788820455909708	0.00416494872958007	0.0152433515471036	0.0410268108754219	0.0924342778131953	0.160074686254011	0.230986473664134	0.250052301909609	0.16069619879323	0.0421260966306513	0.00229575558728425	5.52843550803558e-06	
2.62497046908222e-06	5.04577656834694e-05	0.000233622371748318	0.00168231440729625	0.00786499485214125	0.0239126059831827	0.0576321016388566	0.115876988050551	0.182978524824929	0.237816199567755	0.224616389732282	0.121073262925792	0.025217507969702	0.00104152994945474	8.74990156360741e-07	
1.63546625390614e-05	0.000121199731316258	0.000534154960427558	0.00320142519202126	0.0129905668642855	0.0352019508776029	0.0773447037177653	0.139356619257615	0.201962559504687	0.234652025349727	0.193020939809001	0.0865818755293362	0.0145953681259309	0.000420256417744809	
8.79706060881524e-07	4.13461848614316e-05	0.000224911516232043	0.00120343789128592	0.0059963697463221	0.0206991903771886	0.0497350618579979	0.0997079375877873	0.161564176023318	0.212475991355422	0.222178562736238	0.159018306683127	0.0592552408488577	0.00773642833474575	0.000162159150555828	
7.06778714652229e-06	9.60041087402612e-05	0.000515653970565022	0.0025429309170925	0.0102005837992183	0.0314416401035666	0.0675335896584138	0.123084629683292	0.180556340865239	0.216441263154919	0.201234919109176	0.124324142854114	0.0379831715988041	0.00397062392069	6.74384690230669e-05	
1.27185896681276e-05	0.000159130261429132	0.00100210655338643	0.00441837889447652	0.0171505744957375	0.0453707587200721	0.0882392088682289	0.145552427505518	0.194057283344741	0.211312860150529	0.175400295426218	0.0921577176106325	0.0232247362963112	0.00192523953836844	1.65637446840732e-05	
2.85883603681943e-05	0.000380284751981084	0.00194519968671922	0.00799640263132034	0.0268355365231193	0.0630152977507512	0.110184007790328	0.164951563574855	0.200736150279481	0.198431511520216	0.145773836289946	0.0652600796304954	0.0135157429549048	0.00093150407533033	1.42941801840971e-05	
2.979579748154e-07	9.41547200416664e-05	0.000792270255034149	0.00375963372622072	0.0136965321863143	0.0395491538291473	0.0826276198699831	0.132389283285928	0.17983968669123	0.199669385831145	0.178853445794591	0.116821277059798	0.0440369968458169	0.00751777766256736	0.000350696536357726	1.7877478488924e-06	
1.37564950842959e-05	0.000247317857276363	0.00169623565474188	0.00666203132593174	0.0219374229000785	0.0559494598332773	0.103451235467833	0.154117004971777	0.187991177899892	0.191959926731711	0.154900826137341	0.0886973944899256	0.0281499757018429	0.0040952487757467	0.000130387649059848	5.98108481925909e-07	
6.51436071306132e-05	0.000684157975348698	0.00329950869111783	0.0117237478768287	0.0335096313472238	0.0749646813577008	0.125650910719636	0.170246362915336	0.190717966606847	0.17785105349521	0.128066027398741	0.0637467720892365	0.017469293945367	0.00193959836714697	6.51436071306132e-05	
3.01557787217207e-06	9.95140697816782e-06	0.000161634973948423	0.00139319697694349	0.00579805157482523	0.0192083263723744	0.0487368648966833	0.0965467411554609	0.146921667952308	0.18095789227994	0.185628720846147	0.157480713871719	0.101517619719949	0.0443772439668841	0.0103168950162751	0.000914926326417005	2.65370852751142e-05	
1.11410581415691e-05	5.38986326308344e-05	0.000471537758099926	0.00286024084558825	0.0105057167178202	0.0296909199472817	0.0677304068684322	0.117709193691511	0.162065058359573	0.186613928310001	0.175466546865162	0.133748402989537	0.0775718756332713	0.0293633126159837	0.00571325505886845	0.000418542454507597	6.02219359003736e-06	
2.11427409872271e-06	5.28568524680677e-05	0.000123836054353759	0.00104928403128038	0.00536814193665695	0.0171751546213954	0.0437250005965273	0.0888629403693154	0.13851153291215	0.174117116891268	0.183778141365803	0.158326811804536	0.110430650450386	0.0565776728426627	0.0186491057073621	0.00306116685579352	0.000186660199001519	1.81223494176232e-06	
2.72571824189962e-06	1.30228760446315e-05	0.000109331587258418	0.000298011861114358	0.00227930616539295	0.00964389399742329	0.0267014387552311	0.0604049448163199	0.111113298415873	0.156880530558027	0.180196021541654	0.174714905014776	0.13769965128978	0.0871914865522148	0.0398318292416264	0.0112868963821239	0.00155789940403685	7.48058228610229e-05	
1.82213585298279e-06	1.57918440591842e-05	0.000139697082062014	0.000735839195296217	0.00423069576131721	0.0153606052406449	0.0393286765614717	0.0808120287690956	0.131771702169465	0.170525494869321	0.180629845552728	0.160364050595854	0.115512480263991	0.066683187365067	0.0267310366525664	0.00640511121254334	0.000722173176398846	2.97615522653856e-05	
3.3522695931777e-06	3.80939726497466e-05	0.000336445966442562	0.0016685160020589	0.00740912530448512	0.0242186240518029	0.0551119216154039	0.102199728831865	0.151305602343419	0.179708773102852	0.172838753699306	0.141595905842671	0.0939430888238684	0.0483927543435509	0.0173900508904999	0.00353664442080248	0.000290733199262866	1.1885319466721e-05	
9.7811886956357e-06	9.50609276357094e-05	0.000681626587227112	0.003383068640103	0.0126874243868265	0.0357153991978203	0.0736639660397129	0.124392267236747	0.16768105744431	0.180608426616326	0.16043075132367	0.121321279648464	0.0727754061791437	0.0336943610835845	0.010921002840824	0.00182021808382845	0.000115540291467197	3.36228361412477e-06	
3.05822742691754e-07	4.98491070587559e-05	0.000209488578743851	0.00119148540552707	0.00629169128539745	0.0200038655994676	0.0499295384400838	0.0952735706762475	0.144818689928768	0.177643562370102	0.175888445649794	0.144117438379776	0.0994379589634811	0.0548789737078072	0.0228443472335886	0.00641371455973146	0.000960589234794799	4.64850568891466e-05	
1.31778833438603e-05	7.56962136263604e-05	0.000463677616261876	0.00258010697376651	0.0108282360974097	0.0305782056810162	0.0676773183804198	0.117223095129301	0.162136999114017	0.180722105102507	0.164590230652799	0.124919591926922	0.0791794653027864	0.0399816980652722	0.0149783499635157	0.00358193257030324	0.000456628980984927	1.34843457472059e-05	
2.86068113740682e-05	0.000202093280352288	0.00111228204224334	0.00468782586387956	0.0174160113246061	0.0436456889535259	0.0882800047001299	0.137950042048937	0.175188420454916	0.177707050256323	0.148124223694191	0.104996840946744	0.0609349690277437	0.0281484871918385	0.0094230221465936	0.00196033557942943	0.000190096875582518	3.99880158992351e-06	
8.48089054901893e-05	0.000472462702585346	0.00238359283830427	0.00880316438988165	0.0265926804055038	0.0596536589337393	0.109427851367921	0.155618482050118	0.179488025599337	0.169254212072841	0.130808639036028	0.0868804015562897	0.0450717699217661	0.0187625054586096	0.00562576019618921	0.000972989442987445	9.7761538328691e-05	1.2335840798573e-06	
2.15661989882372e-06	4.62132835462225e-06	0.000162362669525728	0.00110172467974195	0.00437917074884005	0.0153116931930914	0.0399516917142664	0.0780083307145806	0.130692398222945	0.168370396386737	0.178207047833829	0.15564911178069	0.111468904621945	0.0688556358639727	0.0319346112846677	0.012111269263237	0.00329161814271894	0.000467370340930797	2.98845900265572e-05	
6.18783737249574e-06	4.73369558995924e-05	0.000309391868624787	0.0021394447715404	0.00793744838956892	0.0246251176075841	0.0552122165235678	0.0983411336179945	0.149731741780309	0.176570248816035	0.170927869307924	0.138635093020212	0.0919772522722512	0.0518064308337461	0.0220763473938531	0.00765311726230274	0.00180499216155701	0.000180994243145501	1.76353365116129e-05	
1.70697401302763e-05	0.000134385408661993	0.000808174605440716	0.00390928084874472	0.0133901248760116	0.0363545118116394	0.0738334539594969	0.120856553352559	0.165207152159043	0.177820448679671	0.158564850735985	0.118476100501664	0.0733123613471563	0.0371847218997938	0.0146014557074383	0.00453930943900765	0.000911213764045293	7.54172154846751e-05	3.41394802605525e-06	
5.27860639822987e-06	3.10506258719404e-05	0.000297775502111908	0.00162612127691352	0.00701775195331725	0.0209874285331032	0.0512235964884226	0.0944187431513963	0.141049331060842	0.175421442382303	0.172743636407107	0.142576711347482	0.0979318109625477	0.0563230407753714	0.0258229425001405	0.00943380115241293	0.00263619813652774	0.000423841043151986	2.57720194737105e-05	3.72607510463285e-06	
2.49758202839876e-05	8.58543822262073e-05	0.00064187858129848	0.00342324836767405	0.0113636860314608	0.0319028640397515	0.0694886637873709	0.113575357357159	0.158195284690009	0.179222115589345	0.160141837683393	0.12479137385119	0.0790428516392567	0.0423814694398985	0.0180287958719964	0.00588055688586487	0.00155006184637498	0.000249446005086326	9.67813036004518e-06	
2.80340645032675e-06	2.11812931802466e-05	0.000178795033609728	0.00135934063880288	0.00607062092337979	0.0183551479887116	0.046319127330721	0.0895108990212997	0.132723540515453	0.17045676835764	0.176457927098973	0.144918358574374	0.105096592926694	0.0619110510282272	0.0303456288663647	0.0118889352662302	0.00347030569589893	0.000782461889246756	0.00012210392539201	8.41021935098026e-06	
7.1598161234701e-06	8.18709408901146e-05	0.000485311014629995	0.00271357031079517	0.0100576738753563	0.028319874435503	0.0638770777864214	0.110176184397017	0.149851838500697	0.176200584427773	0.166166880371613	0.12821674195369	0.0857163847411244	0.04682768781832	0.0211342207147177	0.00770987677956452	0.00197642054643094	0.000425542114816679	5.41655654558172e-05	9.33889059583056e-07	
2.64843958613302e-05	0.000282604082896782	0.00104192729129751	0.0051071262654478	0.0167272328448884	0.0420422647336589	0.0840141121324394	0.129970770574403	0.162603285249095	0.173489929853741	0.152606827926518	0.109938908288276	0.0674937691563972	0.0341620664309659	0.0143131022668462	0.00487593306863478	0.0010721506606922	0.000214056234785104	1.74485431556999e-05	
0.0001275546622936	0.000645532110877588	0.00220349903232254	0.00899865555523831	0.0261136359968568	0.059330608029178	0.10509790363447	0.148384555892529	0.169416798980059	0.166189759129624	0.134596858989717	0.0902292507979149	0.0519041955862983	0.0241366939072941	0.00920969489917906	0.002738856191584	0.000580047843860679	8.75192573401346e-05	8.37950336235331e-06	
1.71057345886662e-05	0.000225484683214236	0.00118931507394654	0.00444997909990247	0.0152583152530902	0.0383174675053245	0.0779732254821951	0.125590303349987	0.162594672465614	0.171252662274329	0.154826802882223	0.114629259638926	0.0715144111148709	0.0378039844543084	0.0165944286311431	0.00575561316905193	0.00166174436194988	0.00030043890204821	4.26088297935867e-05	2.17709349310297e-06	
5.32279316528456e-05	0.000413995023966577	0.00214468098881933	0.00831102792474255	0.0239774712001093	0.0543257966524923	0.0981077937209095	0.14427788840126	0.170481594497166	0.166469266783685	0.139088320702335	0.0948689830258927	0.055158144542783	0.0266195687665968	0.011323230817167	0.00327522980614761	0.000922306207528546	0.000163730362861969	1.77426438842819e-05	
6.22563636120271e-07	0.000107392227230747	0.000896180354195129	0.00398752008935033	0.013841457321862	0.0361435544585984	0.0720841531718217	0.118908720653517	0.15945317745585	0.172375419568981	0.156273433684366	0.120824660243678	0.0757709750249259	0.0409945703112476	0.018728270583588	0.00708415161541256	0.00193555034469792	0.000503342699803239	8.03107090595149e-05	6.53691817926284e-06	
5.89603246665794e-06	0.000279906383417129	0.00191621055166383	0.00683970797882145	0.021580720097961	0.0507933887477634	0.0916497905667204	0.139096715413408	0.169333431807419	0.168187118968902	0.141979564972106	0.10128204571225	0.0587899603600428	0.0298494401562014	0.0125650658214446	0.00449091483460388	0.00105538981153177	0.000255701618554007	4.77888947297538e-05	1.24126999298062e-06	
5.76803207770097e-05	0.000718213026449218	0.00365029599928055	0.0115137362892947	0.0318885343306447	0.0671488865527325	0.112980242939588	0.157614267506443	0.172302592203233	0.158134010611939	0.124861148582646	0.082409362818521	0.0441753729839022	0.0209500507028626	0.00821138287018517	0.00269050786592116	0.000574012224506694	0.000103886599248915	1.5505462574465e-05	3.101092514893e-07	
3.72083447154693e-06	1.30229206504143e-05	0.000158135465040745	0.00153825498444536	0.00639208355257834	0.0189204432878162	0.0469826668026838	0.0868414859400518	0.134133912212492	0.1693091309588	0.168491787653217	0.143944512435804	0.105280081163803	0.0642764852873554	0.0324971481354123	0.0140123525503065	0.0052659109858568	0.00158321506764322	0.000297356688184459	5.48823084553173e-05	3.41076493225136e-06	
1.39310345681596e-05	3.80781611529696e-05	0.000477679696414895	0.00290013181854487	0.0102284751584887	0.0291171005616374	0.0637335544136923	0.107439234375106	0.152927777182699	0.173139541291277	0.16046322856989	0.126969616104028	0.0866206963164487	0.0488223941690262	0.0238316660464776	0.00897251499753266	0.00328431879408012	0.000808928740591134	0.000179865135202238	3.06482760499511e-05	6.19157091918204e-07	
1.85356124722429e-06	3.49087368227242e-05	6.48746436528502e-05	0.00107012269339749	0.00551156436862143	0.0169804745858217	0.0422303037492601	0.0837584167126968	0.127604716942662	0.166011741692647	0.172293151832616	0.146418363601989	0.108804663065815	0.0680658582668214	0.0364638747091453	0.0164738345115804	0.00570680615332906	0.00196755526392859	0.000448870748702816	7.72317186343455e-05	1.08124406088084e-05	
2.29100606745093e-05	8.60675252366702e-05	0.000260369743611653	0.00230648583817695	0.00923554081055795	0.0257434779082	0.0585890746254979	0.104549442697294	0.146793117817773	0.172786748820906	0.165590513005794	0.129952056054107	0.0893216826386941	0.0525231716687998	0.0257493602210759	0.0112782513555635	0.00378759030124253	0.00112568892719616	0.000261298529855215	3.71514497424476e-05	
2.60031488575021e-05	0.000187903706625045	0.000626861624243355	0.00428773350982455	0.0147403802279486	0.0384725874185622	0.0773420324184972	0.124278954351472	0.161131297947175	0.174500012072891	0.152367927220901	0.112098026918212	0.0724797531434402	0.039333477382523	0.0178298019612565	0.00722330327905898	0.00230437428684816	0.000644506618110946	0.000114847240787301	1.02155227654473e-05	
6.79362930499937e-06	5.40402331079495e-05	0.000385075261060646	0.00155141789219622	0.00777036791825905	0.0222126974166916	0.0541609744287793	0.0984721127693056	0.143816809168188	0.170526889184789	0.168511342890529	0.135825648297517	0.0940158007465581	0.0556197519213619	0.0286252658779469	0.012066412049675	0.00466073850456161	0.00137540113293033	0.000304169312064745	3.05713318724972e-05	7.72003330113565e-06	
2.24378785815695e-05	0.000186265129047002	0.000733073156397854	0.00323443556594323	0.0129780074979399	0.0330307088494686	0.0723452531745756	0.120711790982247	0.159175540130453	0.1722669664941	0.156788518691214	0.118806415512012	0.075438299368635	0.0424457041759351	0.0200348739959434	0.00794300901787561	0.0029030926466154	0.000782866804756953	0.000144463053881338	2.735576977753e-05	9.22104599242583e-07	
4.58155913224655e-05	0.00045016124628248	0.00170409400744365	0.00593788512770558	0.0199193276608097	0.0488025218869382	0.093457656554028	0.139557058552941	0.170997316251805	0.168963595976592	0.140165883189306	0.0992667045490885	0.0586645585344914	0.0310746554298548	0.013742217499219	0.00484323073100775	0.00186275739752682	0.000454466066943651	7.10295409093257e-05	1.9064205785187e-05	
1.16976994319228e-05	0.000150530921637112	0.0010053864827542	0.00326827565444011	0.0106319774468355	0.0301708295084935	0.0670875375788594	0.11327775079098	0.156224315084307	0.174342820167573	0.158784879923115	0.124519855613449	0.0800485885494299	0.0447547823581454	0.022416486121911	0.00883761192081766	0.00301462027728473	0.00114699021271959	0.000265660910782878	3.23225905355761e-05	7.08018649826905e-06	
7.75033185932932e-05	0.000389060483775097	0.00184093540021201	0.00603846573071889	0.0173054720739487	0.0437977120155772	0.0870868663987913	0.133995209615599	0.167580701488403	0.172353176756045	0.144149997020291	0.105035523383616	0.0622845693362906	0.0337682885445463	0.0160407167235179	0.00569109029877684	0.00180017668286414	0.000642567354552363	0.000106219687633836	1.54389080863134e-05	3.08778161726268e-07	
1.14159055034538e-05	0.00016445074684705	0.000832744025778966	0.00318935716727572	0.0102058195200877	0.02708685837983	0.059288968039167	0.108070366407371	0.150971339289351	0.172156483061882	0.16441649913054	0.129935836440311	0.085069476583818	0.0485262374533028	0.024605595891755	0.0105393490835805	0.00346765843117073	0.00108296833289521	0.000323964885908823	4.28867801345966e-05	1.17244434900336e-05	
0.000104786622076877	0.000327304096016598	0.00174901200084199	0.00585418201867729	0.0166117615586579	0.0394752779079906	0.0798723698943104	0.129356927582274	0.164973900426204	0.171598572313094	0.15104406000082	0.109491541408129	0.0670030317235334	0.0362604859818614	0.0166995974036341	0.00674456011038346	0.00205689975217964	0.000610536171571451	0.000124819358650398	3.1744182570348e-05	8.62948652397811e-06	
0.000153292109990327	0.000747029155727511	0.00296251653210683	0.00989705679148819	0.0250708166367279	0.0566897046921574	0.101385304190766	0.147121871237095	0.171283113563237	0.165847875007402	0.134151569809905	0.0902751732169999	0.0513744472847865	0.02555690992716	0.0114651394618923	0.00428755255729485	0.00132966254762234	0.000315528830020332	6.2303835448785e-05	2.31326121715786e-05	
5.54253060862529e-06	0.000333167673251809	0.00152727510104341	0.00558779460859573	0.0160086759079127	0.0368821540983627	0.075931745583065	0.122721173144345	0.160228401528014	0.172355458499686	0.152881469287914	0.115580238291866	0.0723201710548113	0.0381252205465305	0.018299896477845	0.00767117028070454	0.0025782004881122	0.000762405877053123	0.000158270040712967	4.00293877289604e-05	1.53959183572925e-06	
2.87591093705837e-05	0.000626206413714322	0.00288580654458373	0.00922394316457818	0.0243261864369566	0.0535711082894886	0.0959601800753179	0.141951871475849	0.169387752577651	0.166637701398806	0.13705323651306	0.0953370660389553	0.0556266115151474	0.0276755403465565	0.0127532734360456	0.00491255066087196	0.00147475475901413	0.000451487093344647	0.000104831592221805	1.11325584660324e-05	
3.11300035643854e-07	0.000161253418463516	0.00126076514435761	0.00552184003225068	0.015334017155745	0.035697397687352	0.0711663011485415	0.117507358354593	0.157476726431085	0.1711449770961	0.156018285764094	0.117968705007417	0.0771055945285906	0.0417543624808745	0.0192716513066041	0.00826159164595224	0.00318210896435148	0.000813426993137391	0.000317214736321087	2.89509033148784e-05	7.15990081980864e-06	
1.09608122776129e-05	0.000433108667998249	0.00228392011258946	0.0094773446273543	0.0237041657976308	0.0503298578163431	0.092629511392042	0.137452343954047	0.166475009034841	0.166617812760515	0.141409510352331	0.0976379762707809	0.0598200422523655	0.0307240963123443	0.0131661277078687	0.00522893378855153	0.00192847662872973	0.000483841570540343	0.00016347268596897	2.34874548805992e-05	
5.07507005803232e-05	0.000791206574264666	0.00454171486932483	0.0156454007571626	0.0349959178784316	0.0664500042554935	0.113572187355195	0.153428824506599	0.17022541506823	0.157370357177757	0.123425703811346	0.0788426318493744	0.0453200603964859	0.0215501344420733	0.00869381566462928	0.00354372283182605	0.00113668960430215	0.000325624060245179	7.84902139409968e-05	1.13479827384574e-05	
