# <P(U)> as a function of N_tot.
# number_of_species: 1
# species_total_upper_bound: 103
# species_total_lower_bound: 0
# volume: 729
# Bin widths for each
10	10	10	10	10	10	10	10	10	10	10	10	10	10	10	10	10	10	10	10	10	10	10	10	10	10	10	10	10	10	10	10	10	10	10	10	10	10	10	10	10	10	10	10	10	10	10	10	10	10	10	10	10	10	10	10	10	10	10	10	10	10	10	10	10	10	10	10	10	10	10	10	10	10	10	10	10	10	10	10	10	10	10	10	10	10	10	10	10	10	10	10	10	10	10	10	10	10	10	10	10	10	10	10	
# Bin lower bound for each
0	0	0	0	-10	-10	-10	-10	-10	-20	-20	-20	-20	-20	-20	-20	-20	-30	-40	-40	-40	-40	-40	-50	-50	-50	-50	-60	-60	-60	-60	-60	-70	-70	-70	-80	-80	-100	-100	-100	-110	-110	-110	-110	-120	-120	-130	-140	-140	-150	-150	-150	-160	-160	-160	-160	-170	-170	-170	-170	-180	-190	-200	-200	-200	-200	-210	-220	-220	-220	-230	-230	-240	-250	-250	-260	-260	-270	-270	-270	-270	-280	-280	-290	-290	-290	-310	-310	-320	-320	-320	-330	-330	-330	-340	-340	-350	-350	-350	-360	-360	-360	-360	-360	
# Bin upper bound for each
0	0	0	0	0	0	0	0	0	0	0	0	0	0	0	0	0	0	0	0	0	0	0	0	0	0	0	0	0	0	0	0	0	0	-10	-10	-10	-10	-10	-10	-10	-10	-10	-10	-10	-20	-20	-20	-20	-20	-20	-30	-30	-30	-30	-30	-30	-30	-30	-30	-40	-40	-40	-50	-50	-50	-50	-50	-60	-60	-60	-70	-70	-70	-70	-80	-80	-80	-90	-90	-90	-90	-100	-100	-100	-100	-110	-110	-120	-130	-140	-140	-140	-150	-150	-150	-150	-160	-160	-160	-170	-170	-180	-180	
# Normalized histogram for each
1	
1	
1	
1	
2.38200273072793e-05	0.999976179972693	
0.00011867834436053	0.999881321655639	
0.000480102115132512	0.999519897884868	
0.00153648406820341	0.998463515931797	
0.0038600391173607	0.996139960882639	
6.69397809730367e-06	0.00920804501413386	0.990785261007769	
8.6173302170514e-06	0.0198303917917057	0.980160990878077	
2.20696113925253e-05	0.0399459966204708	0.960031933768137	
6.12982783803845e-05	0.0733941527189139	0.926544549002706	
0.000190490776991777	0.124005666861305	0.875803842361703	
0.000500803292303781	0.193378883495378	0.806120313212319	
0.00101638769490743	0.279905124375774	0.719078487929318	
0.00245814343967378	0.379177740465339	0.618364116094987	
1.34687131414234e-05	0.00524221556482973	0.485956942448189	0.50878737327384	
9.62532461407261e-07	5.58268827616211e-05	0.00994873552110545	0.59020276708832	0.399791707975351	
2.8963735472273e-06	0.000226882594532805	0.0182654970466644	0.682819098300987	0.298685625684268	
1.45127349248966e-05	0.000602762257214039	0.0323614638511961	0.755568778269598	0.211452482887067	
2.13069901455171e-05	0.00140626134960413	0.0550805065252657	0.800779642139416	0.142712282995569	
5.61338851229719e-05	0.0027544316734479	0.0883731238700636	0.818748524065952	0.090067786505414	
9.70484650329528e-07	0.000135867851046134	0.00529884619079922	0.134427651825045	0.806235946169157	0.053900717479302	
1.94105030231858e-05	0.000286304919591991	0.00976736512126712	0.193362578491222	0.765864689383425	0.0306996515814707	
3.86883489070058e-05	0.000641259383133621	0.0171486106530303	0.262736446262367	0.702818349497003	0.016616645855559	
0.000115507230752645	0.00131196962929879	0.0286361676240933	0.341223760607414	0.620108268777625	0.00860432613081579	
9.61708609984844e-07	0.000251005947206044	0.00288897266439447	0.0463524315840495	0.420957169345346	0.525266970310132	0.00428248844026251	
2.88788925137247e-06	0.000439921795959073	0.00566218819219096	0.0715310914969951	0.495172893116331	0.425269608527359	0.00192140898191315	
6.76555982107994e-06	0.00090755152457058	0.0103116796758717	0.106207691088405	0.553683750671723	0.32809389050618	0.000788670973428747	
6.58857908571838e-05	0.00197269809095921	0.0175701901677084	0.150034541594766	0.589146866210182	0.240858104291393	0.000351713854134673	
0.000237899751365748	0.00346405247720369	0.0290402098933416	0.205010594275513	0.594807402743971	0.167295747106762	0.000144093751843481	
2.22692134901086e-05	0.000515096590292947	0.0057406159470806	0.0444474136729098	0.26343511332125	0.575759864293349	0.110026374494586	5.3252467041564e-05	
9.18939833623525e-05	0.000983749274521184	0.00982395047397949	0.0657506287483072	0.32649835558135	0.528249177790675	0.068595473012188	6.77113561617334e-06	
0.000219593790354003	0.00213666701322324	0.0163801421141052	0.0949539095953742	0.383062905847705	0.463009620345656	0.0402371612935823	
3.59820323235349e-05	0.000366627734756017	0.00387536212998072	0.0264808308154015	0.134235347776067	0.427988769715966	0.38477143143332	0.0222456483621854	
0.000100444001493983	0.000762594263769849	0.00704570787178665	0.040255615356035	0.179457348843968	0.456525788265995	0.304121032096247	0.011731469300705	
4.86755385948346e-06	8.76159694707022e-06	0.000212225348273479	0.00179904790646509	0.0117901889584408	0.0601473895308652	0.227545487290817	0.46590375872509	0.227041208710974	0.00554706437826735	
3.90389012891621e-06	6.44141871271175e-05	0.000577775739079599	0.00341199997267277	0.0191681005329786	0.0846519535554191	0.274803609927202	0.45331093801696	0.161395601682186	0.00261170249624495	
8.79370839476716e-06	0.000212026080184941	0.00115881535068821	0.00621226644154773	0.0302366777760516	0.117138058290562	0.316167037468037	0.417962028767151	0.109633116714983	0.00127117940239912	
1.27248754675168e-05	2.6428587509458e-05	0.000372936734855685	0.00237563636612795	0.0110941337345258	0.0451586253610683	0.152597685443036	0.351314234926651	0.365644402376224	0.0709235616730666	0.000479629921467942	
2.15219754042952e-05	0.000108588148630762	0.000786530373866061	0.00427993829062689	0.0183103097110088	0.0645942960895549	0.191895802334352	0.373375946844634	0.304044859622915	0.042403182904508	0.000179023704499365	
4.02967808769169e-05	0.000284043162766561	0.00155486603286055	0.00772027350702884	0.0280062627094573	0.0886666778056142	0.231553165705277	0.37546574724483	0.242393982609482	0.0242675077227306	4.71767190754149e-05	
5.11431980038416e-05	0.000545855286387156	0.0028659861342922	0.0128575966827735	0.0417830092461001	0.11938592755566	0.267312710166579	0.360318582782642	0.18200683941921	0.0128556296366964	1.67198916551021e-05	
1.95747579581178e-06	0.000174215345827249	0.00117350673958917	0.00557684854226777	0.0207061789680971	0.0581732444378325	0.153159757429599	0.293312088196029	0.331726571950938	0.129394043792649	0.00659962964557943	1.95747579581178e-06	
1.96693387463354e-05	0.000343229961123552	0.00232294890594221	0.00910592037261595	0.031447338787641	0.0803689181175263	0.187162609373817	0.309267897377192	0.289430385784576	0.0872000794641285	0.00333100251669189	
1.58916191573469e-05	5.86003456427167e-05	0.000810472577024692	0.00424902167219563	0.0155201525595439	0.0447239824397608	0.106772809439622	0.217274190024036	0.312340835501877	0.240751077650424	0.055887844897797	0.00159512127291869	
3.9801232644175e-06	5.27366332535319e-05	0.000233832241784528	0.00177911509919462	0.00781795712213207	0.0237125793785834	0.0630730133712241	0.136041608208606	0.242532791240545	0.300561993404936	0.189819043695783	0.0336897533716619	0.000681596109031497	
1.09715726552502e-05	9.47544911135249e-05	0.000589472676295718	0.00356975077574006	0.0127729054021032	0.0359528461755591	0.0845648923638852	0.163881383335777	0.259434804421743	0.276952416289394	0.142342191382129	0.019579270111142	0.000254341002462619	
2.50574818633946e-05	1.70390876671083e-05	0.000168386278122012	0.001470373035744	0.00617015433404229	0.0201863073891507	0.0515031482220213	0.109205517457046	0.188325017590352	0.268380665246075	0.242887183198257	0.10073408398867	0.0108518942453989	7.51724455901839e-05	
2.70827377638686e-05	2.30704803173696e-05	0.000400222680288281	0.00265410830085912	0.0106535465848166	0.0301330564875695	0.0707100191083761	0.135212072882657	0.209403728390232	0.263366584916921	0.203886874401296	0.0680508954857088	0.00545767319160034	2.106435159412e-05	
3.81733835078929e-05	7.93604551874615e-05	0.000844837250793102	0.00456774670553655	0.0170193016681769	0.0442007598512444	0.093965792630126	0.159093603145487	0.222203247148549	0.248513749450002	0.163482537686171	0.0435246891380651	0.00246620148715466	
6.03743207888911e-06	6.94304689072248e-05	0.000195210303884081	0.00190984101428859	0.00907224793721071	0.0260384383175689	0.0610203260213323	0.118761320185148	0.180365264640773	0.230311933990743	0.223022740994164	0.122720869390219	0.0254739384181928	0.00103240088549004	
3.54136312125627e-05	0.000150760887162053	0.000435081754897199	0.00383479035130322	0.0146055933300955	0.0390511170471102	0.0823022907560304	0.140394811397118	0.198731180184556	0.226832402460741	0.190932086773515	0.0873806054719119	0.0148969969240732	0.000416869030273596	
3.85310347205182e-05	0.000232200182921017	0.00101803049630001	0.00720428951813899	0.0226907235519936	0.0544626036028545	0.105335737129113	0.163604801372516	0.206925852093553	0.215126878641436	0.155816462485982	0.0593580729615562	0.00802358099324896	0.00016223593566534	
0.000103035360511545	0.000509055890052089	0.00252997716899635	0.0116287136086248	0.0346923119298625	0.0740263158431659	0.129861279719581	0.181268783550252	0.208275269677203	0.194027825668251	0.12129914327628	0.037668095559686	0.00406734635999535	4.28463875394544e-05	
2.04305534841244e-06	0.0002134992839091	0.000841738803545927	0.00441095649722247	0.019314023736217	0.0511560628688992	0.0941777008680942	0.149907143134415	0.191533374330644	0.203607831439762	0.169990377209309	0.0899026075515412	0.0227851747731698	0.00214418658815886	1.32798597646809e-05	
3.05150948002278e-05	0.000468915290096835	0.0018532834242005	0.0077101472861909	0.030174342908292	0.068211408576776	0.11657986817479	0.167147448938075	0.19599947107169	0.190901415900399	0.143118846122549	0.0638385954919033	0.0129597607616568	0.000983603222394011	2.23777361868338e-05	
7.60913014453289e-05	0.000848164373443933	0.00360266948576484	0.0136984633615311	0.0443845634084033	0.0882476477642347	0.138437470197574	0.179955927918203	0.194620243532747	0.172001850540451	0.113736204647048	0.0426243179683014	0.00737476893608128	0.000386543811342271	5.07275342968859e-06	
0.000219348129854093	0.00176900204724921	0.00657333539141455	0.0219744175088552	0.061279368277386	0.110422488870113	0.157952994508173	0.185102403080623	0.188222020927436	0.149334440905989	0.0855823286647386	0.0272550206349722	0.00414933545640659	0.000161464595587041	2.03100120235271e-06	
5.58756837151844e-05	0.00066746044001593	0.00347241976251818	0.0115733779796978	0.0352941295990767	0.0806357230516657	0.132536105850895	0.17226778065848	0.186011167009371	0.17459627278712	0.122533342544355	0.0615424939654262	0.0168165489552263	0.00190891654001512	8.83851724222007e-05	
3.25229362926495e-05	0.000140255162762051	0.00154179044862342	0.00584294877332631	0.0193247222083887	0.0514990532776514	0.102998106555303	0.153171850179029	0.18111413416321	0.180040877265553	0.153397478049559	0.0980424241377102	0.0417868914272589	0.0100790612254439	0.000953328570078289	3.45556198109401e-05	
1.51792671449822e-05	0.000124469990588854	0.000439186796061486	0.00281221222639371	0.0103704753134519	0.0302168611299446	0.07179590969348	0.125435391979275	0.165586577480039	0.184978597233326	0.170869974397636	0.129529746303848	0.0747518189821795	0.0271810077009482	0.00542304617533066	0.000466509476922454	3.03585342899645e-06	
4.86453782330174e-05	0.000209783193629888	0.00103270084207177	0.00544220168981883	0.0168556235577405	0.045206758059171	0.0940791480572759	0.147620480920371	0.175685823824682	0.18030004063916	0.153170107820454	0.105862477488845	0.0539801547125717	0.0174160588528001	0.00289541345024439	0.00019458151293207	
0.000135151751028119	0.000321112431014177	0.00228538562452811	0.00950736678660961	0.0264572254869782	0.0629634409432576	0.117909232896952	0.164020368283441	0.180169478263432	0.170417212439245	0.132648903187651	0.0831142621679763	0.0379288654671017	0.0105286262586642	0.00151817079726323	7.51972148577502e-05	
0.000140587226733578	0.000798698447529893	0.00416973564507634	0.0150744144491069	0.0388479182393589	0.0862054386881786	0.1403620834212	0.176339169740739	0.178605884084813	0.155605610041595	0.109869936440311	0.0614203181142567	0.0254462880387776	0.00634170642330814	0.000742667306440423	2.95436925744476e-05	
1.22546141175197e-05	0.000263474203526674	0.00176670686860909	0.00713524906992585	0.0230744171654465	0.0552703521057001	0.108999686486122	0.158239747228159	0.1839969036675	0.170735368756657	0.135960858762509	0.0896118657343629	0.0444985462964003	0.0164324163137508	0.00367740545309904	0.000313513877839879	1.12333962743931e-05	
4.0753781950965e-06	5.29799165362546e-05	0.000519610719874804	0.00329698095983307	0.0125827301773605	0.0349300665101721	0.0747587376108503	0.13253028005999	0.174737953182055	0.181600890062598	0.15568454127543	0.117232329160146	0.0689044568335942	0.0306468440271257	0.0105837571726656	0.00179927947313511	0.000130412102243088	4.0753781950965e-06	
9.25048692123464e-05	0.000145364794476544	0.00112835609698576	0.00597012194378144	0.0189858620030659	0.0485274444665824	0.0963351807199522	0.15286378810489	0.18467428120667	0.175925963575445	0.139277770774967	0.0961572867406977	0.0515719728543953	0.0205930070385024	0.00666746634245912	0.00102670239455461	5.6926073361444e-05	
0.00010859242701001	0.000203866914858415	0.00244230515086664	0.00990752227937553	0.0299612652861769	0.0658654048090054	0.119979264993182	0.170680659381412	0.184918560802027	0.164439668198913	0.119902430728788	0.0768363133075921	0.0367493164311611	0.0136877680875542	0.00370341154378477	0.000603405089706565	1.024456858585e-05	
9.21055324723172e-06	0.000231287225986041	0.000735820864973289	0.00437603618724031	0.0169494647645169	0.0417207360255439	0.0862312462901938	0.140699388009906	0.185145424401826	0.18076631803017	0.146820312340095	0.100283480361054	0.0584102585095278	0.0259522688662832	0.00917780461346378	0.00218699469881491	0.000301901467548151	2.04678961049594e-06	
0.000114441130348447	0.000578391658788099	0.00205272333805188	0.00745104548674081	0.025019305496989	0.058417557537598	0.108747941863906	0.161367148797182	0.189383574707892	0.169733723326711	0.127132754804208	0.0831090046611563	0.0424927133992006	0.017365152778909	0.00579319559844979	0.00109079924242034	0.000150526171449309	
6.20748519256136e-06	0.000190362879238548	0.00105630706360086	0.00387657450275457	0.0133905801412203	0.0380767141711714	0.0771962858546931	0.131989757649432	0.173489899904301	0.186409745751752	0.154853994775367	0.107562268835838	0.0662038641595324	0.0303866745984533	0.01142694565864	0.00334790368052143	0.000475907198096371	6.00056901947599e-05	
3.10270576627524e-06	7.23964678797557e-05	0.000283380459986472	0.00188127392961822	0.00697488256258675	0.0219247531797563	0.0543645762014194	0.0980723923309387	0.15110280505286	0.182265347534073	0.17626161187633	0.139941338176312	0.0871105328586883	0.0496360526136159	0.0206081716996002	0.00716828455535124	0.00206019662880676	0.000230634461959793	3.8266704450728e-05	
7.22046237778078e-06	0.000119653376546082	0.000651904603251065	0.00389286071624924	0.0119911250202431	0.0336628270998394	0.0746533920185009	0.119736927610739	0.166685405485695	0.185570009087468	0.161871420068966	0.117552221994147	0.0688636126861461	0.0354225569307671	0.0138436893674566	0.00445089930858915	0.000923187689730543	9.79919894127392e-05	3.09448387619176e-06	
1.34989901716968e-05	2.28444449059484e-05	0.00020144646871609	0.00135612932032584	0.00723857388360755	0.0190730347287482	0.0485724817893431	0.0943880544320819	0.141038487697747	0.178774395530796	0.17899453290898	0.14483897262301	0.0962457231564793	0.0528651606639426	0.0247831075713759	0.0087608446214312	0.00238309095723416	0.000423660614619406	2.59595964840323e-05	
6.5177809268705e-05	5.67677693630656e-05	0.000532986279019894	0.00341762996665419	0.0124027063508416	0.0292995277762593	0.0656918729579372	0.113677458149539	0.157848038988945	0.183001417091724	0.164847294700413	0.127006320144989	0.0772346527284272	0.0399550483367044	0.0173972187998032	0.00584602898940755	0.00141919423407664	0.000292248886720967	8.41003990563935e-06	
9.4649565242997e-06	1.47232657044662e-05	0.000181937497633761	0.00158275106323012	0.00662336624333772	0.0189604112418444	0.0433642241469971	0.0845094418199639	0.13252937291508	0.170658424442304	0.180302163478729	0.148643987228619	0.107746961748956	0.0604505739970301	0.0284495559883728	0.0117407527374758	0.00334428463858589	0.00073300829971521	0.000137767700520362	1.68265893765328e-05	
9.47983113260809e-06	8.11052219123137e-05	0.000555096778542718	0.00305671888298096	0.0111630278159312	0.0281708981824004	0.0594227414828984	0.106163575539508	0.150648209786556	0.174770166760763	0.171177310761504	0.13310630893295	0.0869995702476553	0.0450228779924667	0.0197391150472306	0.00769340962139661	0.00165791713363613	0.000458191838076058	0.000104278142458689	
5.23394148244065e-05	0.000227153060337924	0.00129173675786635	0.00578245854980043	0.0184475501490103	0.0422347673984066	0.0785823974173639	0.127566855751526	0.163530314465672	0.171836579598305	0.157064303158265	0.11325830652683	0.0675890267276456	0.0330502468850197	0.013533925885295	0.00480057112769456	0.000877208592457053	0.000227153060337924	4.71054733419658e-05	
0.00016981554697796	0.000804279768509113	0.00269621248821449	0.0103712501237153	0.0280487360201695	0.0587582628807176	0.100518302052893	0.144052549056378	0.170196850598782	0.166352559995416	0.137254718111401	0.0929286930974668	0.0523688226990254	0.0232845243862418	0.00898563860542889	0.00254827501784105	0.000519864772650321	0.000115641262052476	2.50035161194543e-05	
3.8539860110724e-05	0.000324984766339078	0.00138014363910025	0.00511017712711383	0.0174908467832237	0.0399293783103917	0.0775286575108459	0.120921415141999	0.158577983323698	0.174001218692874	0.155941648568557	0.115296678801515	0.0724716028936144	0.0379211391132707	0.0154826075861027	0.00565494325786812	0.00162492383169539	0.00021978136441521	7.60381023806176e-05	7.29132488581264e-06	
0.000156287281028495	0.000727256814385932	0.00254227310473019	0.00997529619044543	0.0264667300845723	0.0555267871190107	0.0991507349148912	0.14015322405032	0.164112064231989	0.167384719896725	0.140140721067838	0.0963281866195165	0.0561488104975041	0.0263687900551277	0.0101711762493345	0.0034935416885903	0.000984609870479521	0.000128155570443366	4.06346930674088e-05	
2.06455235859623e-06	0.000190971093170151	0.00144621892719666	0.00447388496107803	0.016482353754853	0.0394143690779606	0.0738707156667524	0.117773421572301	0.152889392639664	0.167644748346552	0.15760173339816	0.121450389322961	0.0766372158272713	0.0421457718483834	0.0185768421226489	0.00647650074891637	0.00228752401332462	0.000538848165593616	7.63884372680605e-05	2.06455235859623e-05	
1.64004834042483e-05	0.000542240982552961	0.00281780805489242	0.00730949044723093	0.0244295450608407	0.0537607845991261	0.0917894054927269	0.137092665806325	0.164602426656526	0.165314822654398	0.141011356309727	0.102640375325063	0.060147747854868	0.0304341720472211	0.0123772398191437	0.00408372036765784	0.00128333782638243	0.00029520870127647	4.7151389787214e-05	4.10012085106209e-06	
8.10795277271458e-05	0.00118232425242623	0.0046071645565463	0.0114763453043664	0.0346086424618618	0.0707126377325648	0.11151000870322	0.153634415488448	0.168683391628487	0.157811550651099	0.123755070036291	0.0841903131517152	0.0450401908139974	0.021349573870634	0.00794374107098872	0.00254630769988669	0.000721505164458019	0.000119053483751252	2.56580783946664e-05	1.02632313578666e-06	
1.23553014024297e-05	4.32435549085038e-05	0.000293438408307705	0.00243811281007945	0.00788885994545134	0.0176196894083149	0.0509131082540621	0.0893885464296783	0.134258882689502	0.165297459029306	0.165383946139123	0.141679270790111	0.105149792585378	0.0653883734554586	0.0334262383358233	0.0137442432017528	0.0052057003242237	0.00148263616829156	0.000353155698419448	3.19178619562766e-05	1.02960845020247e-06	
4.61744944405909e-05	9.95316880163848e-05	0.000882445893753514	0.00383761353795133	0.0111218965609237	0.0281715721081427	0.0677123308474354	0.107884141010749	0.155133988121868	0.167825817493772	0.157580210227343	0.123926186479287	0.0875571024581249	0.0506113503063934	0.024801860113856	0.00885011143444658	0.00308958672801376	0.000726478712531963	0.000126210284804282	1.33392983939485e-05	2.05219975291515e-06	
3.06500257460216e-06	0.000115448430310015	9.09284097131975e-05	0.0018011998463412	0.00686867076968345	0.0175471397395974	0.0434086097965656	0.0866568177917269	0.12904478173095	0.165771685914883	0.169327088901421	0.142762711587344	0.105295098447883	0.0688573261734873	0.0373317313586543	0.0170373276446886	0.0056263230594447	0.0018390015447613	0.000562938806201931	4.18883685195629e-05	1.02166752486739e-05	
3.8783108527385e-05	0.000188812502041216	0.000326594598125347	0.00311693719585878	0.0109970524837519	0.0253365965576929	0.0586533279989549	0.106171821418074	0.148970002286162	0.172476648486234	0.164235237924165	0.124813228714197	0.0881744178451288	0.0530644779385349	0.0263112773114733	0.011703313302198	0.00393852673176786	0.00108184460629021	0.000399057774584408	2.04121623828342e-06	
6.70962862205577e-05	0.000464590951557498	0.000978995812581774	0.00569098500398003	0.0174785825604553	0.0374549768670304	0.0757415410390368	0.126943123698103	0.161758979973792	0.174249055314788	0.151507480727608	0.107393705758386	0.0726063145738217	0.0394770149472227	0.0177876321212288	0.00736432571790485	0.00219587845812734	0.000649614043862672	0.00019010614429158	
6.04485889788118e-06	0.00015414390189597	0.00076870455651389	0.00212073799667331	0.010430404028294	0.0259153175716996	0.0534002835038823	0.0995175195123008	0.145403035929634	0.169934080813719	0.16687840464084	0.133321377945735	0.0900865321551232	0.0560993130017863	0.0282002742350987	0.0115255309652934	0.00465252639840255	0.00124927083889544	0.00030929528027492	2.72018650404653e-05	
2.30025072732928e-05	0.000434047311156916	0.00131214302358957	0.00483152663640337	0.0161837640302793	0.0367200024802704	0.070514686100785	0.121696264892873	0.161547608689347	0.170813618684437	0.154372826638104	0.116502698794169	0.0716718122275328	0.042993686311808	0.019559131945382	0.0070837721311623	0.00284531013880513	0.000730079578674075	0.00015701711486552	7.00076308317607e-06	
0.000124372540533011	0.000570123725803322	0.00249839559422712	0.00824142202587944	0.0233880075021516	0.0510653751822058	0.0910814938634588	0.13979374057878	0.172360441572268	0.168014367515882	0.139163918033521	0.0979319333960171	0.0552074782721172	0.0310662706644976	0.0131884641981205	0.00407444442786144	0.0017372356461651	0.00041391181489386	7.86034456168629e-05	
3.06310187481597e-05	0.000271726779217545	0.00140309827814151	0.00463318861000389	0.0137987798973564	0.0342306574997579	0.0691065425879851	0.110966299950793	0.154561156311077	0.172590969185195	0.15789598496511	0.124736425024159	0.0790300045650099	0.0413568157969104	0.0222460243901957	0.00868142357165583	0.00286350620426344	0.00124500269750584	0.000281607753007274	7.01549139070754e-05	
0.000164770482658403	0.000620370793141578	0.00245766093410967	0.00778689419551308	0.0214916294609623	0.0488167295639935	0.0877253931165642	0.130557777861597	0.163316333519279	0.169823774991017	0.144969239534593	0.105696294252289	0.0611735231701047	0.0309232507032523	0.0160383220409306	0.00562601864884234	0.00181743827558757	0.000864548737322102	0.000120103785552209	9.92593269026524e-06	
3.95185846023739e-06	0.000304293101438279	0.00123100391036395	0.00409610129403605	0.0129077576957504	0.0330246931875888	0.0635834266959895	0.106391933466511	0.146649515600949	0.166960092157339	0.161798965008269	0.132105688502661	0.0854559753087883	0.0458188349526073	0.0237338739475707	0.0108883580225691	0.00349937066654021	0.00105514620888338	0.000455451687542359	3.35907969120178e-05	1.97592923011869e-06	
0.000119773177091515	0.000523271339260469	0.00271944016838931	0.00743968144261883	0.0199491062172096	0.0457729885960227	0.0831913072162357	0.127597703496591	0.159467186076466	0.166338435801577	0.148052409600704	0.112219612955923	0.0661167572492225	0.0333990449561748	0.0171756699443938	0.00689481166158776	0.00220009581854167	0.000606719864283246	0.000164933555339135	5.10508623668751e-05	
0.000221211313828067	0.00101953836639869	0.00437998401379572	0.0127289905783644	0.0293768624763673	0.0623108028790898	0.101725743196277	0.144216995517767	0.165951744472421	0.160492249247144	0.133064012655253	0.0931653569318286	0.049909205045191	0.0231534508473376	0.0122157803302832	0.00424627406410409	0.00139903866478817	0.000298881064016588	9.63498166895579e-05	2.75285190541594e-05	
1.07580619449207e-05	0.000507584922673985	0.00186799075589077	0.00749836917560971	0.0202799247718068	0.0417794225659151	0.0819774100259269	0.120997878705786	0.15634495823427	0.168923088659144	0.146476881413883	0.114628128028761	0.0724829313567188	0.0371661700028069	0.0173723140297842	0.00815656696551259	0.00265724130039541	0.000687537958843567	0.000121272698288197	6.25923604068112e-05	9.78005631356425e-07	
5.74131018644662e-05	0.00104316686777471	0.00332509439103188	0.0117619010548441	0.0296582460783932	0.058959363201121	0.0997956482814994	0.138841423066444	0.167709509166634	0.161554630026079	0.130581721225332	0.0954585263321786	0.055877544665447	0.0260217585925032	0.012212447938967	0.00510781985909462	0.00155404616402631	0.000345451714608229	0.000113853100307501	2.04351718500642e-05	
0.000128870005311006	0.00144197725639664	0.00600221812615202	0.0201212940110594	0.0422937689399856	0.0778335780561717	0.117445484082602	0.153235222906058	0.169923888593833	0.148578329532319	0.112672412446499	0.0775807194851448	0.0420174794589022	0.0181247852166578	0.00818129276141085	0.00321393982942297	0.000817152988222063	0.000286052360273673	7.90793214408448e-05	2.24546221375238e-05	
0.00037578827462294	0.00263149653765907	0.0103997447771302	0.0305983645381132	0.0578655226001417	0.0978693587721118	0.136020676184027	0.159114039997964	0.167175872826985	0.133642641008678	0.0941193049482704	0.0597278275131819	0.0303595824052798	0.0125252972054662	0.00502616817308182	0.00172334154065364	0.000564661027232907	0.000197680290296442	6.26313791038232e-05	
0.000783804231764882	0.00481660342423258	0.016945147318242	0.0459818849811051	0.0729171326379583	0.115454557831332	0.151840189513361	0.16466112622749	0.154403598886726	0.115773525310264	0.075803399337559	0.0463134944637748	0.0212619053639049	0.0079946086716366	0.00349211041720557	0.000976351673315064	0.000433717974400915	0.000115722957295311	3.11187784323526e-05	
