# <P(U)> as a function of N_tot.
# number_of_species: 1
# species_total_upper_bound: 103
# species_total_lower_bound: 0
# volume: 729
# Bin widths for each
10	10	10	10	10	10	10	10	10	10	10	10	10	10	10	10	10	10	10	10	10	10	10	10	10	10	10	10	10	10	10	10	10	10	10	10	10	10	10	10	10	10	10	10	10	10	10	10	10	10	10	10	10	10	10	10	10	10	10	10	10	10	10	10	10	10	10	10	10	10	10	10	10	10	10	10	10	10	10	10	10	10	10	10	10	10	10	10	10	10	10	10	10	10	10	10	10	10	10	10	10	10	10	10	
# Bin lower bound for each
0	0	0	0	-10	-10	-10	-10	-10	-10	-20	-20	-20	-20	-20	-20	-20	-30	-40	-40	-40	-40	-40	-50	-50	-50	-50	-60	-60	-60	-60	-60	-70	-70	-70	-80	-80	-100	-100	-100	-110	-110	-110	-110	-110	-120	-130	-140	-140	-150	-150	-150	-160	-160	-160	-160	-170	-170	-170	-170	-180	-190	-200	-200	-200	-200	-210	-220	-220	-220	-230	-230	-240	-240	-240	-260	-260	-270	-270	-270	-270	-280	-280	-290	-290	-290	-310	-310	-320	-320	-320	-330	-330	-330	-340	-340	-350	-350	-350	-360	-360	-360	-360	-360	
# Bin upper bound for each
0	0	0	0	0	0	0	0	0	0	0	0	0	0	0	0	0	0	0	0	0	0	0	0	0	0	0	0	0	0	0	0	0	0	-10	-10	-10	-10	-10	-10	-10	-10	-10	-10	-10	-20	-20	-20	-20	-20	-20	-30	-30	-30	-30	-30	-30	-30	-30	-30	-40	-40	-50	-50	-50	-50	-50	-60	-60	-60	-70	-70	-70	-70	-70	-80	-80	-80	-90	-90	-90	-90	-100	-100	-100	-100	-110	-110	-120	-130	-140	-140	-140	-150	-150	-150	-150	-160	-160	-160	-170	-170	-180	-180	
# Normalized histogram for each
1	
1	
1	
1	
2.03501511266486e-05	0.999979649848873	
0.00012275342390526	0.999877246576095	
0.000482659877035108	0.999517340122965	
0.00150218740516835	0.998497812594832	
0.00386025384649421	0.996139746153506	
0.0092979557456183	0.990702044254382	
3.24399023775204e-06	0.019760225868227	0.980236530141535	
9.7608271975689e-06	0.039812245066173	0.960177994106629	
4.43919440531577e-05	0.0729305504276243	0.927025057628323	
0.000175131537838682	0.123605028653465	0.876219839808696	
0.000462790660043043	0.193323516561757	0.8062136927782	
0.000976520257117892	0.279535682461134	0.719487797281748	
0.00240945581400388	0.378745002870979	0.618845541315017	
1.52124472589887e-05	0.00519722394569591	0.485632386865573	0.509155176741472	
1.08706640997405e-06	6.1962785368521e-05	0.00985316994000481	0.589765052336812	0.400318727871404	
3.27356887752597e-06	0.00024115290731108	0.0181748544080242	0.682855555955658	0.298725163160129	
1.64170724419739e-05	0.000611809566337559	0.0319268280136546	0.755788386125166	0.2116565592224	
2.29847315711706e-05	0.00139002900454222	0.0545832649263941	0.801185355442456	0.142818365895036	
4.0478831759035e-05	0.00267707300849618	0.0878751676589451	0.819241229768789	0.0901660507320104	
1.09784909405493e-06	0.000115274154875767	0.00514122730745923	0.133694964824915	0.807148534591029	0.0538989012726267	
2.08819663338741e-05	0.000245088341708101	0.0096188931238982	0.192826275228712	0.766616549947465	0.030672311391882	
4.26900885655145e-05	0.000548403445418533	0.0169184104838101	0.262696196532032	0.703199895792399	0.0165944036577744	
0.000124206413626969	0.00121591541761138	0.0282035721328747	0.340896487028601	0.620925294200323	0.00863452480696253	
1.08950739012863e-06	0.000260392266240742	0.00279022842611941	0.0456405540798783	0.421448696186506	0.525541321746785	0.00431771778707975	
3.27419053824418e-06	0.000483488802814058	0.00533038219626153	0.0703001450466408	0.496491704838271	0.425446135745757	0.00194486917971704	
7.65804006686563e-06	0.000918964808023876	0.00994013600679159	0.104793714280713	0.554989103702991	0.328556175005908	0.00079424815550635	
7.46050048986963e-05	0.00195179858404089	0.0170011640575029	0.148866607348374	0.590157405589012	0.241575394391678	0.000373025024493481	
0.000258116449892597	0.00341676181976472	0.0283676540714589	0.203885746284654	0.59545605676812	0.16846582581952	0.000149838786590194	
2.51885030910674e-05	0.000566193743394863	0.005702458069356	0.0435969182414044	0.262143322582588	0.577022609419405	0.110883076063804	6.02333769569003e-05	
0.000104135494528502	0.00106437437039132	0.00966815854464617	0.064384235859222	0.325849827847585	0.529731779850988	0.0691898148909373	7.67314170210014e-06	
0.000248883328781485	0.00225316500303946	0.0159516593690257	0.0931065925449532	0.383519298369264	0.464359026315558	0.040561375069379	
4.0826144621652e-05	0.000411571674158816	0.00398992807978091	0.0259179813788644	0.132575732498273	0.428752860588647	0.385897546238367	0.0224135533972869	
0.00011404793778076	0.000802764610592728	0.00710529724989453	0.0397307582859149	0.177579282693834	0.457630083852916	0.305129167593998	0.0119085977750687	
5.52836215637083e-06	9.95105188146749e-06	0.00022555717597993	0.00187964313316608	0.0118561254805529	0.0593303826621717	0.225738506258659	0.467901776483895	0.227418022681764	0.00563450670977315	
4.44045297060753e-06	7.32674740150243e-05	0.000608342056973232	0.00343358025952227	0.0190595342630902	0.0833917067880094	0.272356293065456	0.456663954289977	0.161719076963041	0.00268980438694551	
1.00021560202977e-05	0.000240051744487145	0.00118136576106405	0.00639360039830808	0.0300342518276162	0.115708274894811	0.314510016603579	0.420393951585119	0.110253765811742	0.0012747192172535	
1.44773724237237e-05	2.67274567822592e-05	0.000410934648027235	0.00247006246429379	0.0113324416756779	0.0449399912913037	0.150858675231332	0.350096274526618	0.368100557601567	0.0712587407136008	0.000491117018374013	
2.45154302346572e-05	0.000120348475697408	0.000842439329881858	0.00439383370069334	0.0185826961178702	0.0642560569827746	0.190064787596084	0.372877465193661	0.305860079296273	0.0427827687726907	0.000195009104139319	
4.58943065314314e-05	0.000311185785749706	0.00165891127511174	0.00773039221722111	0.0283447714631441	0.0887069782852768	0.229446906443896	0.375788178746011	0.243434595576013	0.0244907690878339	4.14168132112918e-05	
5.82237718703043e-05	0.000557604584450222	0.00297948955667076	0.0126983807073293	0.0422312693006205	0.119072092226455	0.264980864533437	0.361266187888112	0.183137275978439	0.0130018161338072	1.67953188087416e-05	
0.000186192748517148	0.0011506042902377	0.00567720643981626	0.0206049591936851	0.0587354502073764	0.152675823930785	0.291426214155109	0.333031931498907	0.129844356241359	0.00666503144093119	2.22985327565446e-06	
4.48411390546143e-06	0.000375544539582394	0.00230147146197808	0.00908929888637031	0.0316903539983723	0.0808272741744186	0.18628466500306	0.308017147251574	0.290023519177434	0.0879771937966768	0.00340904759662705	
1.01913482247804e-05	2.03826964495608e-05	0.000857205622906527	0.00410824570661147	0.0156131454803635	0.0453718822967222	0.107416810289185	0.21645857443421	0.311773724892481	0.240276887607547	0.0564566720492084	0.00163627757608974	
4.54164575617266e-06	4.54164575617266e-05	0.000223676053491504	0.00183936653124993	0.00771171449398118	0.0239401501922252	0.063889601674959	0.136143779421349	0.241943688134269	0.299588526894491	0.189874854951189	0.0341225199775643	0.000672163571913554	
1.24900789032348e-05	8.4024167167216e-05	0.000613149327976982	0.00379584852486491	0.0127909762586309	0.0365085006341554	0.0855263830207596	0.163834635897168	0.258797841260181	0.2757548265639	0.142225663932853	0.0198138069874043	0.000241853346035365	
2.84942823373062e-05	1.93761119893682e-05	0.000165266837556376	0.00156490598596486	0.00652405088394963	0.0205204423680344	0.0518573143113103	0.110565793867802	0.188385958473573	0.268043434404452	0.241011478636697	0.100214390980306	0.0110181690941896	8.09237618379496e-05	
3.0819560604383e-05	2.6253699774104e-05	0.000384673774951003	0.00276577019794148	0.0112514225510149	0.030328730565128	0.0707171940045681	0.136647082928589	0.20978190024279	0.263023261919465	0.201779087672518	0.0677162819738673	0.00552355013942997	2.39707693589646e-05	
4.34265862132017e-05	9.02815871274456e-05	0.00078167855183763	0.00470949899433169	0.017990034741269	0.0444448253794112	0.0947476686780033	0.160860074968001	0.22217041506674	0.247360120680197	0.161048637776559	0.0432197385262388	0.00253359846407021	
6.85951036814992e-06	7.88843692337241e-05	0.000210358317956598	0.00186921657532085	0.00939638595263737	0.0272196803925469	0.061081653324919	0.119533827675381	0.181873057901127	0.230702482456802	0.221469581501272	0.120243786998484	0.0252555739238	0.00105865110015114	
4.016557397179e-05	0.000164105059370456	0.00041427920582332	0.00385474751346407	0.0152411139405527	0.0402700044641167	0.0820743338539557	0.14188661143709	0.199807664280067	0.22594627223308	0.189032962165177	0.0859554758874584	0.0148853617139454	0.000426902671928739	
4.36362300134583e-05	0.000234257655861724	0.000935882301604435	0.00727232222829557	0.0237599272423281	0.0559841347854246	0.105443504861995	0.165181503750419	0.206844916838532	0.213691211663275	0.154127757694905	0.0585322609538421	0.00778562209187493	0.000163061701629239	
0.00011436809892494	0.000497905561986354	0.00229082767846622	0.0119220078879331	0.0361599582267631	0.0761968794837493	0.130381943241076	0.182709391815865	0.206610014024533	0.192036745661521	0.119908597939526	0.0372285490500516	0.00390815432993002	3.46569996742242e-05	
2.31166303350293e-06	0.000188400537230489	0.000833354523577807	0.00418295425912356	0.0196410449641577	0.0531532239608497	0.0963686085406702	0.150306642101394	0.192845865243915	0.201086943958353	0.168109914953917	0.088649965671804	0.0225248445984526	0.00209321087683691	1.27141466842661e-05	
3.44747145206348e-05	0.000407950788494179	0.00180187841227851	0.00741666025053924	0.0308939408390916	0.070630645952726	0.118940063410492	0.16633590093346	0.197108031114579	0.188809967329462	0.141386550034877	0.0626014849408701	0.012652220229073	0.000957247906522961	2.29831430137566e-05	
8.59556491771752e-05	0.000757555788081504	0.00338206827629125	0.0133529235808436	0.0456951691779087	0.0913662707740478	0.140945489219442	0.178503523608579	0.194306756228633	0.170089038591794	0.112000210877859	0.0418523786220278	0.00727528614635611	0.000381643082346658	5.73037661181168e-06	
0.00024048839758	0.00148873769930476	0.00623093986301323	0.0216428105993543	0.0631259139990587	0.113086806004881	0.160078238892013	0.183217803470591	0.187381688297262	0.147990833956504	0.0843702009681376	0.0268488118155385	0.00414785226683218	0.000146583404239238	2.29036569123809e-06	
6.30275694048135e-05	0.000688719440223507	0.00312272957505667	0.0112750591886175	0.0350857289539486	0.0826039324619485	0.135673145900801	0.173370508139724	0.184121865524378	0.172930461109698	0.121561846088967	0.0609591191725282	0.0165831264883101	0.00188968112633704	7.10492600563352e-05	
3.6637166115201e-05	0.000157997778871804	0.00148266031622454	0.00556541451518725	0.0190490365570223	0.051012674169653	0.105359330455789	0.156644493548424	0.181610432433051	0.177631865175229	0.151635505993611	0.0976804094203313	0.0411950585622202	0.0100053810837732	0.000914784241438925	1.83185830576005e-05	
1.70883891231264e-05	0.000137846338926553	0.00044657656908437	0.00275920523041414	0.0101915152730326	0.0299741737479052	0.0717017415346968	0.128672152419317	0.168433416231008	0.184784726169957	0.168464175331429	0.127647988297871	0.0742763921625812	0.026735354396102	0.0053224635988831	0.000435184309668952	
5.47422779174213e-05	0.000218969111669685	0.000894123872651214	0.00526666332130524	0.0168366718519769	0.0449377078495865	0.0943802489861274	0.150999730850467	0.178612648203313	0.179170335159597	0.151023680597056	0.103985237832388	0.0536143588994977	0.0169632633696609	0.0028751100547879	0.000166507761998823	
0.000151613429073984	0.000352244733713241	0.0021453870189266	0.00930541670324008	0.026691943171183	0.0632330594792022	0.117986026485612	0.166969703533049	0.182213122883254	0.168897359988418	0.130841249340254	0.081780055652388	0.0375112142639738	0.0103359320407054	0.00152525389549617	6.04173815106853e-05	
0.000157712122805173	0.000821703016644343	0.00398508820450462	0.0148249395436863	0.0388897523691104	0.0863862438457987	0.141740913267475	0.178571265308361	0.179572394435733	0.15426759861579	0.108056803792405	0.0606551681576938	0.0250659419527961	0.00622734316786513	0.000751989686998578	2.51425123312595e-05	
1.03010186562893e-05	0.000295295868146961	0.00180611193773607	0.00706649879821449	0.0227549502117432	0.0550589447178665	0.109365915073824	0.1601728282019	0.186308801648163	0.171001487924917	0.134548472015566	0.0873972759528442	0.0441135401167449	0.0161989241158292	0.00358360993476022	0.00031589790545954	1.14455762847659e-06	
4.55925665879435e-06	2.96351682821633e-05	0.000548250613220021	0.00326784721019085	0.0125949465199194	0.0345694238011435	0.0740457475813143	0.133049367631101	0.178140415986578	0.183545414755578	0.154877948699244	0.115136048218698	0.0674599013376859	0.0302939808693591	0.0105558189792736	0.00176557214111811	0.000115121230634557	
9.22284441630781e-05	0.000150298205302794	0.00118189043260833	0.00580925335950648	0.0188840585980821	0.0480009200071961	0.0966747660699524	0.153162980185687	0.188148303338214	0.176972720875738	0.138249299177687	0.0937359807071758	0.0509499529748797	0.020366545441296	0.00664841833911374	0.000930254801002899	4.21290423954801e-05	
0.000116775351699883	0.0001969152989449	0.00244999267291911	0.00962709737690504	0.0296094207942556	0.0649362543962485	0.120877372142438	0.171221287001759	0.188587613569754	0.164568526524033	0.118496070852872	0.075115172552755	0.0362908026817116	0.0136466881594373	0.00368643757327081	0.000564414199882767	9.15885111371629e-06	
1.03018676141332e-05	0.000256402038396205	0.000727998644732083	0.00446185332887682	0.0166512520203107	0.0410002884522932	0.0852365079873814	0.140688027398389	0.18598648394969	0.184029129103005	0.147371650176047	0.0990913752764334	0.0571913903858393	0.0255875498495927	0.00919727847550674	0.0022480964437953	0.000264414602096087	
0.000127880184331797	0.000642857142857143	0.00215207373271889	0.00742165898617511	0.0242142857142857	0.0580322580645161	0.107807603686636	0.161270737327189	0.190790322580645	0.172127880184332	0.127526497695853	0.0822672811059908	0.0413421658986175	0.0172926267281106	0.00575	0.0011094470046083	0.000124423963133641	
6.93470856309371e-06	0.000212664395934874	0.00113498063482634	0.00384529589823546	0.0134417767647966	0.0370972234582698	0.075589479122482	0.13162308009704	0.173404699189679	0.188474976682042	0.157034163841736	0.108101704435786	0.064968972958104	0.0297845732784875	0.0112931728949981	0.0034338365234919	0.000492364307979654	6.01008075468122e-05	
6.4657362164359e-05	0.000316359236304185	0.00195473060971893	0.00714002013614993	0.0218056953899301	0.0530998586774798	0.0962182370708368	0.1502163712441	0.182558907475315	0.179044318003381	0.141702382161957	0.0876684555203532	0.0487701246039737	0.0200703379732688	0.0069345020921275	0.00215909405798842	0.000239001320857541	3.69470640939194e-05	
0.000130143849263478	0.000706001589367363	0.00393310836490953	0.0121851497805982	0.0337648427332512	0.0732894145830214	0.118116484503668	0.16613150287353	0.185721031476384	0.164160917686895	0.119214069356306	0.0688322756746173	0.0348359381298444	0.0135315051769611	0.00436845681642807	0.000968592718854734	0.000107109539659323	3.45514644062331e-06	
1.5082151318064e-05	1.62423168040689e-05	0.000218111111368926	0.00137479610091583	0.00728583925211092	0.0195383469498089	0.0483406153053672	0.0929617400626025	0.139188533852469	0.178497260849288	0.179286173379771	0.146915235989262	0.0978297944418792	0.0526877553814276	0.0243831980193655	0.00860262707872651	0.00236557742596404	0.00046406619440197	2.90041371501231e-05	
7.30949338137164e-05	4.12632690883883e-05	0.000563538360692846	0.0035144515757853	0.01255936015996	0.0295539322716491	0.0651299439291121	0.112674661523298	0.155918567527929	0.182663060649932	0.165747478224783	0.128595209688144	0.0785192852730214	0.0397813282528425	0.0170829934025927	0.00580986828764507	0.00144067756645744	0.000321853498889429	9.43160436306018e-06	
1.06344890659728e-05	1.65425385470688e-05	0.000142974797442524	0.00166606995366908	0.00694550296997647	0.019405579325608	0.0430507749588504	0.0839262060987613	0.13151554466899	0.168144269841889	0.180640976104303	0.149837587719765	0.109049595712174	0.0613066478554371	0.028515791625458	0.0115443286860616	0.00333686634692303	0.000772772872127359	0.000152427676612277	1.89057583395072e-05	
1.06700684425612e-05	8.65461107007745e-05	0.000495565400998956	0.00327333988554573	0.0115805809496598	0.0285922267365833	0.0590742411506602	0.104914040743064	0.149014619179329	0.172613253884794	0.172601398253191	0.13439543984986	0.0879877555036806	0.0458575830398077	0.0197562245029823	0.007482089104556	0.00167282961916155	0.000474225264113833	0.000117370752868174	
5.89798607367528e-05	0.000251254206738567	0.00126452821419598	0.00589798607367528	0.0190162866987438	0.0420172527888627	0.079192259011238	0.126706434820766	0.162527263440626	0.169955187101812	0.158272456287076	0.113844106791295	0.0683435034273197	0.0334392218433094	0.0134108407343229	0.00461812309568775	0.000907110258131258	0.000224123470799661	5.30818746630775e-05	
0.000191744403533743	0.000861085296850922	0.0026173699255373	0.0108235598583679	0.0286887270759567	0.0582467738710019	0.100782270112576	0.143488336529073	0.168880942017904	0.165286028538155	0.137704243080144	0.0941770871319507	0.0531884859250197	0.0232881224340952	0.00865790680986719	0.002438565328377	0.000523473985107459	0.000127045371666529	2.82323048147843e-05	
4.36900884901414e-05	0.000363690466350366	0.00148310138225993	0.00516015369464643	0.0178857775773019	0.0401275750583912	0.0771378032623507	0.121221102548903	0.158192363917182	0.172624262877358	0.155345423286109	0.116182572614108	0.0734170608614741	0.0384295656732879	0.0152372135642374	0.00534081811461918	0.00149254788787942	0.000224354508462888	8.26569241705378e-05	8.26569241705378e-06	
0.000177572793006947	0.000791974656810982	0.00248246764623711	0.010302773450263	0.0267874477344079	0.0553210279333842	0.0983196878507063	0.141137223519161	0.162939611044554	0.166814249387966	0.139872905232952	0.0971204795885994	0.0571405571523953	0.0267531169944266	0.00962089392511637	0.00329338340096884	0.000938768165696725	0.000139690597165465	4.61689261818061e-05	
2.34803792081242e-06	0.000217193507675149	0.00151448445892401	0.0044225294238502	0.0171348067271286	0.0396771447858883	0.0741627777288603	0.11679140618121	0.153694344163658	0.166378445011887	0.157129523641807	0.121467523700508	0.0774371166094332	0.042653282850518	0.0188441783334801	0.00585835461242699	0.00195239353115553	0.000558833025153356	7.98332893076223e-05	2.34803792081242e-05	
1.86588921282799e-05	0.000616909620991254	0.00299941690962099	0.00713702623906706	0.0248524781341108	0.0540734693877551	0.0921725947521866	0.137015743440233	0.165532361516035	0.164079300291545	0.139765597667638	0.102493294460641	0.0609154518950437	0.0307871720116618	0.0124839650145773	0.0036268221574344	0.00109387755102041	0.000295043731778426	3.61516034985423e-05	4.66472303206997e-06	
9.21283873217345e-05	0.00132711525028018	0.00464723574021661	0.0111510334122839	0.034691585646164	0.0713073717870225	0.111861354940356	0.153216505208752	0.168980955079831	0.157213011327127	0.123131338928675	0.0843896027867088	0.0456397033699165	0.0213154767527426	0.00800000932945694	0.00228804931550941	0.000602916155004262	0.00012478148662564	1.86589138879462e-05	1.16618211799664e-06	
1.40561308157241e-05	4.91964578550344e-05	0.000326805041465586	0.00274563088600478	0.008067047743991	0.0176884692873542	0.0506032422808415	0.0898725577472708	0.134467975448625	0.164949866466757	0.165800262381109	0.141410532727358	0.104644379890362	0.0653867778662793	0.0337452560558497	0.0135442533851848	0.00511174623998501	0.00120882725015227	0.000329147729934873	3.2797638570023e-05	1.17134423464368e-06	
5.25502643278296e-05	0.000113275014217766	0.000971595998238982	0.00425890697785765	0.0112270720277279	0.0286690886499604	0.0669221777296651	0.108353973909378	0.155030286469008	0.167745114869039	0.158210161352667	0.123301604651516	0.0874272908703842	0.0503268042549365	0.0249812278777984	0.00874553176780257	0.00292646583123424	0.000581556258561314	0.000137798470904086	1.51811874724841e-05	2.33556730345909e-06	
3.49645867011029e-06	0.000131699943240821	0.000103728273879939	0.00195568588281502	0.00729128181340332	0.0176035039177819	0.0440751925091869	0.0858788523690256	0.129968030712893	0.165833538264661	0.168744922850639	0.143127535660965	0.104794693774322	0.0688883942047363	0.036892300914557	0.0169450042015778	0.00555703831302862	0.0016526594647388	0.000495331644932291	4.54539627114338e-05	1.1654862233701e-05	
4.41848648233826e-05	0.000215110526113836	0.000372083072196906	0.003352235928574	0.0114764372580733	0.0255481539447201	0.0588251709547303	0.105448342660603	0.149479723216705	0.172387250108427	0.163867710514719	0.125833843978591	0.087772071212049	0.0527509148011158	0.0258655873156881	0.0116555022365681	0.0038219908072226	0.00092671940169042	0.000354641678187676	2.32551920123066e-06	
7.6767216211375e-05	0.000531554815281794	0.00107241474768012	0.00614370357618914	0.0183683011880308	0.0377531864210426	0.0753877325988494	0.126372795559598	0.161289084399739	0.174089436133166	0.151591989224674	0.107999841813009	0.0719541443828497	0.0394874276236359	0.0176355232151041	0.00731963775179065	0.00218553938274506	0.000579243540504012	0.000161676409899714	
6.93076740922139e-06	0.000176734568935145	0.000845553623925009	0.00227560196602769	0.0109968176226313	0.0268994634430897	0.0540299524664868	0.0998573417041602	0.145338192571372	0.168216655789212	0.16654634084359	0.13382156739305	0.0901161481104995	0.0550788086010824	0.0282613592390017	0.0116737225729319	0.00441143345596941	0.00115628302943843	0.000269144801058097	2.19474301292011e-05	
2.64519230548061e-05	0.00049913628720808	0.00145830601884757	0.00522137959429651	0.0169844347684077	0.0373823176944964	0.0709808603085444	0.122265388693758	0.161474039162647	0.169232503202983	0.153860485657307	0.116624228581418	0.0719906337190714	0.0421344631754729	0.0195997249000002	0.00695110534535861	0.00249223118520716	0.000662448159981231	0.000151811036662365	8.05058527754968e-06	
0.000142819275346422	0.000643258016160287	0.00274555774925962	0.00874396731380937	0.0244997897700267	0.0523986782932982	0.090946171986399	0.140304513546123	0.171929271324632	0.166736362473036	0.138523271544002	0.0978894738766407	0.0550265529596724	0.0304570673832767	0.0129348561295748	0.0039920843844832	0.00161899930532704	0.000403321633578297	6.39830353551972e-05	
3.50877590127436e-05	0.000311262378338855	0.00155518002850032	0.00500962649646463	0.0144606841660262	0.0356978332742878	0.0699117939012947	0.112225367544276	0.15472569861426	0.171395779734895	0.157649301244257	0.123078803711153	0.0785026355434471	0.0410209858754792	0.0214906864637085	0.00863837989629869	0.00277985600436446	0.00117487399532993	0.00027957020890799	5.65931596979736e-05	
0.000188373283221501	0.000709236759117097	0.00273935605841387	0.00832360260499825	0.0227795499240266	0.0507359608002006	0.0880803968094559	0.131966832684807	0.16279990785596	0.169080908594701	0.144376773801135	0.103912830830579	0.0603191678893908	0.0305017197572935	0.0152412142587228	0.00545374698290683	0.00181678088215435	0.000853353668569691	0.000112343102644148	7.94345170211148e-06	
4.51352138167917e-06	0.000347541146389296	0.00140596191039306	0.0045496295527326	0.0135913412605814	0.0346491752668055	0.0651244716359033	0.107375545289802	0.147666622283706	0.166877297664478	0.160721982880213	0.130828930769352	0.0835723619031714	0.044574408785118	0.0234522570992049	0.0102964706519556	0.00337272885245976	0.00108211675125758	0.000466021082658374	3.83649317442729e-05	2.25676069083958e-06	
0.000136576541075954	0.000588846398409443	0.0031009591703311	0.00804234320565293	0.0208883744257068	0.0473316078417324	0.0848509748430489	0.128322616179618	0.160259137194494	0.165965125963872	0.146524238977601	0.110613564513384	0.0643342677258439	0.0324346895458494	0.0170810234732534	0.00648626622126295	0.00217514933861131	0.000628028192980414	0.000177997295336695	5.82129519340134e-05	
0.000251554888717707	0.00112808392318296	0.00498078679661061	0.0132474394507383	0.0303050969492541	0.0638960597560253	0.103024584179769	0.145464688960765	0.165475041841963	0.160328787829663	0.132248554118401	0.0907990165880884	0.0485903423047123	0.0224778268340867	0.0120310318110722	0.00388959759043957	0.00138970100744938	0.000330934431379739	0.000109566129308157	3.13046083737591e-05	
1.22174302745701e-05	0.000568665845507262	0.00205808166352531	0.00839559594958866	0.020922904682941	0.0426988081341429	0.0834950291718915	0.122016586827611	0.157284976003856	0.168312872839875	0.145299676904503	0.113759825312961	0.0707578027729124	0.0363046493986248	0.016902259447128	0.00771141985421274	0.00252678671587699	0.000761923378941371	0.00013772375945879	7.10832306884078e-05	1.11067547950637e-06	
6.5236837362353e-05	0.00108027779835625	0.00371628831143845	0.0127698344864036	0.0299149599125163	0.0605265165629696	0.100510063611445	0.139206565258399	0.16811201275546	0.161663517238558	0.12986885184272	0.0942263187516102	0.0544417993425454	0.0251957934402701	0.0119029585458598	0.00475012632726557	0.00151592718684383	0.000380363933095753	0.00012936796561687	2.32198912645663e-05	
0.000146551216874706	0.00157431534491162	0.00673469455728765	0.0213787138798435	0.0430738451597575	0.0791720744435772	0.11759846965002	0.153748880048939	0.170040490324844	0.14814218576699	0.1119229407056	0.0756315302722633	0.0411464746105568	0.0175284137274081	0.0079337499680807	0.00298320545259346	0.000811582875268261	0.000316417400070389	8.9929155809479e-05	2.55354393039261e-05	
0.000426599358767839	0.00280622390689469	0.0114515265369242	0.031978287870136	0.058631860306485	0.0985144566079574	0.135685258548096	0.160275823147903	0.167183622139618	0.133613363224913	0.0923254330983334	0.0580786142630829	0.0295420055946728	0.012208073837239	0.00488478484505778	0.00153086957391167	0.000567688209193661	0.000224409037685165	7.10998931279731e-05	
0.000847507063476078	0.00489022582210937	0.0185119757150703	0.0476420042111195	0.0744540458556354	0.115595560824041	0.151655335387162	0.166131196294743	0.154152729578107	0.114701826102557	0.073892710008398	0.0442783917617911	0.0206934809096282	0.00769470374124839	0.00338892759538032	0.000856312331668037	0.000446867360741932	0.000130978364355394	3.5221072767837e-05	
