# <P(U)> as a function of N_tot.
# number_of_species: 1
# species_total_upper_bound: 103
# species_total_lower_bound: 0
# volume: 729
# Bin widths for each
10	10	10	10	10	10	10	10	10	10	10	10	10	10	10	10	10	10	10	10	10	10	10	10	10	10	10	10	10	10	10	10	10	10	10	10	10	10	10	10	10	10	10	10	10	10	10	10	10	10	10	10	10	10	10	10	10	10	10	10	10	10	10	10	10	10	10	10	10	10	10	10	10	10	10	10	10	10	10	10	10	10	10	10	10	10	10	10	10	10	10	10	10	10	10	10	10	10	10	10	10	10	10	10	
# Bin lower bound for each
0	0	0	0	-10	-10	-10	-10	-10	-20	-20	-20	-20	-20	-20	-30	-30	-30	-40	-40	-40	-50	-50	-50	-50	-60	-60	-60	-70	-70	-70	-70	-70	-80	-90	-90	-90	-100	-100	-110	-110	-110	-110	-120	-130	-130	-140	-140	-140	-150	-150	-150	-160	-160	-170	-170	-170	-170	-180	-180	-180	-200	-200	-210	-220	-220	-220	-220	-230	-230	-230	-230	-250	-260	-260	-260	-260	-270	-270	-270	-270	-280	-280	-290	-290	-290	-310	-310	-320	-320	-320	-330	-330	-340	-340	-340	-350	-350	-350	-360	-360	-370	-370	-370	
# Bin upper bound for each
0	0	0	0	0	0	0	0	0	0	0	0	0	0	0	0	0	0	0	0	0	0	0	0	0	0	0	0	0	0	0	0	0	0	0	0	-10	-10	-10	-10	-10	-10	-10	-10	-10	-10	-20	-20	-20	-20	-20	-20	-20	-30	-30	-30	-30	-30	-30	-30	-40	-40	-40	-40	-50	-50	-50	-50	-60	-60	-60	-60	-70	-70	-70	-70	-80	-80	-80	-90	-90	-90	-100	-100	-100	-100	-110	-110	-120	-120	-120	-120	-130	-140	-140	-140	-150	-150	-160	-160	-170	-170	-180	-180	
# Normalized histogram for each
1	
1	
1	
1	
1.22576195034327e-05	0.999987742380497	
9.92549005248428e-05	0.999900745099475	
0.000430435925516193	0.999569564074484	
0.00141302935224551	0.998586970647754	
0.00390993825739753	0.996090061742603	
2.40949340401181e-06	0.00952102051312942	0.990476569993467	
3.14640771854532e-06	0.0206676418062823	0.979329211785999	
1.1286119978116e-05	0.0408453932926034	0.959143320587418	
4.38365123744741e-05	0.0741563968384441	0.925799766649181	
0.000157335901982137	0.124595058802213	0.875247605295804	
0.000447039830916151	0.19338484583042	0.806168114338664	
1.29242452748498e-06	0.0010383707917965	0.279872500474043	0.719087836309633	
9.79321533432744e-06	0.00242576096054812	0.380340212605162	0.617224233218956	
2.71813947605735e-05	0.00503817321796834	0.487446725853075	0.507487919534196	
1.10889475904918e-06	9.01901070693335e-05	0.00996286496267738	0.592391725205529	0.397554110829965	
4.98559256075729e-06	0.000246879157545648	0.0186963414059925	0.684924029725211	0.29612776411869	
1.45694792646802e-05	0.000560463892219787	0.0331072051792101	0.757299770171075	0.20901799127823	
1.28979620114482e-06	2.63486938233871e-05	0.00124483759070492	0.0553331783121137	0.803371121905272	0.140023223701885	
1.1048608722361e-06	7.51305393120547e-05	0.00248354309730804	0.0879270379342932	0.820815873462494	0.0886973101057204	
4.61079623471314e-06	0.00013887718258956	0.00490846923962622	0.133724894445042	0.807856870556691	0.0533662777798168	
1.43874514861592e-05	0.000350279107336106	0.00922862785583995	0.192569028871004	0.767393091551596	0.0304445851627378	
1.10618326949427e-06	2.4889123563621e-05	0.000779306113358712	0.0163451483539255	0.262805546255422	0.703790853191781	0.0162531507786793	
2.94883965923946e-06	7.72227385763334e-05	0.00151883672698703	0.0279057912077765	0.341534056425678	0.6206209039926	0.00834024006872271	
5.71755183283502e-06	0.000179826227000456	0.0031763766988737	0.0455819831457638	0.42176351062109	0.525238841505959	0.00405374424948003	
5.54052022529971e-07	1.9391820788549e-05	0.000359025710599421	0.00586150103035208	0.0708649158376509	0.495111599005218	0.426037009936369	0.00174600260699945	
3.14027304119927e-06	3.14027304119927e-05	0.000855077876924202	0.0104964550011804	0.10554162136361	0.552589598455133	0.329755823451633	0.000726880848065832	
5.5554032963541e-06	8.85160925219087e-05	0.00168032431703724	0.0181174664101799	0.149255724102376	0.588024439330181	0.242512797797394	0.000315176547013156	
1.01757895395104e-05	0.000248659293474581	0.00312156220201125	0.0292291228876449	0.203014031858732	0.595148997610725	0.16910608094082	0.000121369417053069	
3.42071250667963e-05	0.000519023784121607	0.00576565715585321	0.0452811733228801	0.26182262958491	0.574705032885066	0.111830118171749	4.21579703525923e-05	
3.14662960800769e-06	8.12570822303163e-05	0.00107411127148639	0.0102476471539846	0.0679150025006451	0.322953219242714	0.527927633442083	0.0697872471174096	1.07355598390851e-05	
3.70530521895945e-07	1.09306503959304e-05	0.000225467822573683	0.00219113224123167	0.0172617201583055	0.0978615571989819	0.379734685325102	0.461721973905017	0.0409890126584342	3.14950943611554e-06	
1.48404420596679e-06	4.65618869622079e-05	0.000444656745212798	0.0042156130725744	0.0275319881090958	0.135297527675106	0.42591141183618	0.383971951564507	0.0225784340551044	3.71011051491696e-07	
9.09250154386965e-06	0.000120058132630279	0.000992196035817776	0.0077564605006888	0.0418704129257517	0.178234926488053	0.455052795888556	0.304064941986129	0.0118991155408294	
9.27949543300353e-07	2.635376702973e-05	0.00026279531066266	0.00195760235654642	0.013204165231438	0.0620660907935528	0.22532767754273	0.463424497570999	0.227896056288677	0.00583383318882066	
2.59951452209504e-06	6.20169893128388e-05	0.000609771835040007	0.00386844896809486	0.0208854280685551	0.0878219986144588	0.27315791437979	0.448416997779829	0.162524618795121	0.00265020505527589	
3.72207559312205e-07	1.22828494573028e-05	0.000156513278690782	0.00125229233330591	0.00705873025857631	0.0322515989106229	0.119669569017145	0.314760300192841	0.413274894265138	0.110375732364899	0.00118771432176525	
4.46728800438241e-06	3.18294270312247e-05	0.000350123697343471	0.00242033941337435	0.0120583271458292	0.0481374480282228	0.155652599114695	0.348452373218832	0.361630314420759	0.0707648201814203	0.000497358064487908	
2.02846739983046e-05	6.56925680862527e-05	0.000778075431072585	0.00446337267133338	0.0195616835535027	0.0689008963406634	0.194684857118664	0.367508790800807	0.301336276161879	0.0425109076647223	0.000169163015270265	
3.6439876156478e-05	0.000206740521867365	0.00153028888083659	0.00796174110471947	0.0304352910532853	0.0948005688339035	0.233107003279403	0.369544220812263	0.238186275813051	0.0241362122570729	5.52175674411938e-05	
1.86002632309252e-07	6.67749449990216e-05	0.000487326896650241	0.00299352636438511	0.0132913760995546	0.0449784125344942	0.125177911517804	0.266801617776495	0.355021178259715	0.178180105604855	0.0129827977325535	1.87862658632345e-05	
3.70780838491204e-07	8.34256886605209e-06	0.000145902259946289	0.00102131581962402	0.00566126723250295	0.0212666911629207	0.0631936614274098	0.158425938937587	0.291744638787161	0.325171643719659	0.126835226107717	0.00651962487361008	5.37632215812245e-06	
7.43065986860364e-07	2.32208120893864e-05	0.000354628242229109	0.00213594317923012	0.00952220485511885	0.0322269576166307	0.0864607432666147	0.191560182214641	0.306509703884489	0.282779148528116	0.0853463300528208	0.00307963698254278	5.57299490145273e-07	
9.2702634052644e-06	9.45566867336969e-06	6.02567121342186e-05	0.000850268559530851	0.00392057979935442	0.015645979764869	0.0465081698831391	0.112933500692489	0.221967743191455	0.308352321922875	0.233975144569758	0.054381219187962	0.00138608978435513	
4.63544539677095e-06	2.57730764060465e-05	0.000220647200886297	0.00177092555938237	0.00705626040078061	0.0243980178835483	0.0656419860102258	0.141728186752824	0.246152904801858	0.295949269685578	0.183851962415809	0.0326431773196928	0.000556253447612514	
1.09116034360824e-05	6.63943327720947e-05	0.000517283979842755	0.00319894923108335	0.0116818886616974	0.0367476911786899	0.0881587279511634	0.170451451872061	0.261543921608082	0.271529888176408	0.137556666360895	0.0183313088301873	0.000204916213681005	
5.35760636927025e-06	2.1430425477081e-05	0.000167009522683459	0.00118218355713656	0.005600915596454	0.0189980721854323	0.0522715789143088	0.113352171169981	0.196266672085855	0.267879209993229	0.237525783480652	0.0969348025491122	0.00971389458262861	8.09183306807024e-05	
7.38657862357386e-06	3.80408799114054e-05	0.000406446488762152	0.00235576458752329	0.00965647423459811	0.0289382144091097	0.0717589493478297	0.139164987912787	0.217119984074536	0.262221694492216	0.19793556207339	0.0655370495087279	0.0048395016497	1.99437622836494e-05	
1.47285247522984e-05	0.000113777853711505	0.000868982960385608	0.00445003964734757	0.0158388714120623	0.0425762988211473	0.0945074201387169	0.163913936074889	0.23127337117705	0.245828835763509	0.156732491512227	0.0416515315732624	0.00222437545071587	5.33909022270818e-06	
2.02400730261835e-06	4.87601759267147e-05	0.000272688983861854	0.00174819030747063	0.00819906958224305	0.0249692580890832	0.0597312155102256	0.118335978956212	0.185913534776033	0.236956606939438	0.219917409462013	0.118040105888702	0.0249059618607104	0.000958643458785599	5.52001991623186e-07	
1.12147567078034e-05	0.000110492930842456	0.000621959376106538	0.00336975861798898	0.0135593762536168	0.0369757882595102	0.0797523634640141	0.141816114024292	0.20362155748335	0.232113474217642	0.188427216780512	0.0848127926178221	0.0144311857012955	0.000376705516299822	
5.51670873157074e-07	3.19969106431103e-05	0.000221403910427039	0.00138726835569899	0.006441309114982	0.0217503597353819	0.051811273394293	0.102204200973699	0.164843302485737	0.212983022328879	0.218116319803605	0.154583327586762	0.0578610800796245	0.00760974802432869	0.000154835625066086	
4.41864772441483e-06	7.93515487176164e-05	0.000542389008171921	0.00280234320888826	0.0109849423532171	0.0329266581804082	0.0702544736046555	0.125374158201581	0.183108945810073	0.215546238755002	0.196642895569311	0.120699781240116	0.0371208754224872	0.00384956271957457	6.29657300729114e-05	
1.27168429055222e-05	0.000174165457184325	0.00109807173958117	0.0049877669500311	0.0182510654963485	0.0472148731771373	0.0912046444121916	0.147975211371438	0.195916419010759	0.208864929619647	0.170123897067293	0.089702213928629	0.022623447830995	0.00183509572188817	1.548137397194e-05	
4.78017294997946e-05	0.000365249508417349	0.0021331752492611	0.00883483007500258	0.0284567940653507	0.0647054546018301	0.113278840592121	0.167235734874998	0.201371706617716	0.194764547875001	0.141270721311488	0.0635290521932135	0.0131552574335381	0.000841790302118004	9.04357044590708e-06	
2.2109378411408e-06	0.000112020850617801	0.000790594523027931	0.00400456116476627	0.0149557047815768	0.0414689028828971	0.0846223561559234	0.135379408909453	0.181544712256573	0.199180994925713	0.175094485349865	0.11252439171112	0.0426733112718586	0.00729996401698664	0.000345274792858155	1.1054689205704e-06	
2.81984975177029e-05	0.000325112089027633	0.00168988250810338	0.00731354757187898	0.0234574638566219	0.0579226627638472	0.106097860581836	0.156465906265614	0.18888201435322	0.190889821098042	0.15050091036914	0.0852740995325869	0.0271428047478898	0.00388973392229489	0.000119613234568557	3.68607810688926e-07	
9.77948732237084e-05	0.000743241036500183	0.00328996715014853	0.0126255026518095	0.0357521449829293	0.0772882109018403	0.128464821615693	0.172277109338543	0.190337977236675	0.175791820178477	0.123529686371842	0.061208519520318	0.016677531738588	0.00186437622462707	5.12961787852659e-05	
1.84341345607026e-06	7.37365382428104e-06	0.000250704230025555	0.00146588238026707	0.00606151212625023	0.0202781010408097	0.0515313327750248	0.0988499127788923	0.14937990336458	0.181872830648002	0.184746159201979	0.154551231132894	0.0979899604016355	0.0423332526532711	0.00978815676904186	0.000873224954140482	1.86184759063096e-05	
8.99895116305934e-06	4.51784078798489e-05	0.00057942226366229	0.00290206992405436	0.0105638504051089	0.0313270018671905	0.0707916267146905	0.120596413752675	0.165053619975027	0.186111900304844	0.173202996687468	0.130578087113153	0.0746191193920235	0.0277658046834582	0.00546768926584904	0.000382547250462298	3.67304129104463e-06	
2.38489882066753e-06	3.72411123535007e-05	0.000113924782125734	0.00117318676601299	0.00544747581391552	0.0174079268533186	0.0456405425461363	0.0920424181773319	0.140795804045706	0.17685584112171	0.182726728203171	0.156225732507914	0.106507012978436	0.0543382685451108	0.017650452718005	0.00286334621484453	0.000170611992555447	1.10072253261578e-06	
1.64976815258229e-06	1.30148376481492e-05	9.16537862545717e-05	0.000336736010699296	0.00234047108579674	0.00960824972063926	0.0273623213484398	0.062681107881639	0.114091916282698	0.159029584375742	0.182410465249284	0.17285959079884	0.135351012004446	0.0836782570822714	0.0381868168126773	0.0105130558985444	0.00137700648468869	6.70905715383465e-05	
1.10139962192622e-06	2.00087597983264e-05	0.000147036849527151	0.000829904615121409	0.00424516127611097	0.0154425405324239	0.0401957627688012	0.0832781103800673	0.134787266498691	0.17236885726485	0.181810605523813	0.158004954095499	0.113134484198036	0.0637473580176569	0.0253727595237107	0.00596885168442551	0.000622107219784662	2.31293920604507e-05	
2.02158501454163e-06	6.34042572742602e-05	0.000298459460328691	0.00174720079393157	0.007571387220826	0.0242829116337623	0.0567319240435376	0.104172459579786	0.153439772847357	0.180861103325967	0.173730421638311	0.139167566425149	0.0918314181878328	0.0460939761361078	0.0164347510464	0.00330106454829061	0.000260233125508268	9.92414461684072e-06	
7.71655831945118e-06	0.000117218195424044	0.00068089440790205	0.0035073594837696	0.0130637657796728	0.0360923642634426	0.0756321928198895	0.125777879603685	0.169060606400224	0.18148040701538	0.160659662848869	0.118850431236187	0.0711033079966878	0.0319649242004314	0.0101915525366256	0.00170131738185995	0.000106378268261006	2.02100336938007e-06	
1.8334003746737e-07	3.59346473436045e-05	0.000240908809232124	0.00130959788762942	0.00643358525476748	0.0208411787591033	0.0507960074406721	0.0971702198577061	0.145944353365188	0.178745536128438	0.175925583012152	0.143064264716613	0.0975534005360129	0.053538407721109	0.0215096365357093	0.00597596852124893	0.000868848437557867	4.63850294792446e-05	
8.62036077860566e-06	8.54699600602178e-05	0.000556288388117255	0.00273613919351573	0.011146860134463	0.0313135522342508	0.0690445045383448	0.118476037597979	0.163288707987663	0.181627149954661	0.16393670234151	0.123665494786699	0.0775230878939321	0.038839310605905	0.0140093701487544	0.00331517066113398	0.000410659314538257	1.68738976942919e-05	
1.78002685087926e-05	0.000205528873503585	0.00125574471552235	0.00494865815336711	0.0179545986718431	0.044729505651677	0.0901616631396444	0.138832918972444	0.176251285472999	0.177422800051969	0.147803153253339	0.103468556651465	0.0591913980294185	0.0270665010691172	0.00870745093548669	0.00180002921446131	0.000178002685087926	4.40419014650539e-06	
5.68349635495378e-05	0.000519214892813842	0.00244573681855108	0.00903602585000813	0.0272648320462659	0.0611036359892923	0.111730204794708	0.156443370650682	0.180459626183611	0.168704872351422	0.129814723518986	0.0844800398358093	0.0438534911976392	0.0178947632814601	0.00516336476917946	0.000946210473803757	8.23190278507822e-05	7.33354368381133e-07	
1.28149667094626e-06	3.2952771538618e-06	0.000129614234718564	0.00105210876684688	0.00458061831482089	0.0154936608936462	0.0404537376955724	0.0795763664919377	0.132978712692657	0.16952004105183	0.179327884287441	0.154205423550211	0.109913420254201	0.0665898622995213	0.0312049931504003	0.0115140645174991	0.00299375929428344	0.000437905719557635	2.32500110300249e-05	
2.01624396112022e-06	3.66589811112767e-06	3.94084046946224e-05	0.000309218505673619	0.00212402136558737	0.00819548181723702	0.0245268746074052	0.0558968812188525	0.100804682964883	0.151672868449796	0.177466860739313	0.171467251890641	0.136620140920789	0.0903645717342026	0.0500167806486037	0.0215595133813529	0.00711880754199882	0.00161427823323507	0.000185677739328616	1.0997694333383e-05	
1.04648735503626e-05	1.2117222005683e-05	0.000111074535052094	0.00081570935410984	0.0041196718876594	0.0135821207084609	0.0362839197303808	0.0747704199517037	0.123124928742473	0.166867365805897	0.178275179541429	0.158536592082717	0.116805063089418	0.071335738295911	0.0359989814189744	0.0141888997801091	0.00424157848480748	0.000836639101210566	8.13322628563266e-05	2.20313127376054e-06	
2.10725140022275e-05	2.95015196031184e-05	0.00026129917362762	0.00172538079865195	0.00737702905404935	0.0212729777441269	0.0510013475414606	0.0950502313762037	0.142971510327547	0.176478823222863	0.172816970007033	0.142188162524421	0.0967622357094456	0.0548460735309801	0.0251195361261683	0.00919439595730232	0.00244752669154567	0.000402943115573028	3.07841943684714e-05	2.19887102631939e-06	
2.66242001493526e-05	9.05222805077988e-05	0.000638613573237574	0.00340202193356693	0.0120427683806592	0.0322621040499448	0.0691261551919118	0.115210625883533	0.159284326810772	0.179125966068283	0.161626521963221	0.123793166320644	0.0778432855511567	0.0409112967950155	0.0173856026975272	0.00563570051851089	0.0013662805055954	0.000217951210877804	1.04660648862972e-05	
1.64561438281598e-06	1.71875279983003e-05	0.000181017582109758	0.00141230283254118	0.00630672569912099	0.0190911381471333	0.0463650023897978	0.0891707237156071	0.134322725459227	0.171712912697231	0.175851084331886	0.145727198824227	0.103812669109734	0.0610010967105631	0.0292568295739578	0.0116103580088944	0.00334461981005222	0.000710539721291434	9.83711708838887e-05	5.85107336112349e-06	
4.19165867214085e-06	7.16226894848415e-05	0.000465638604666082	0.00279346713593804	0.0102336612789881	0.0291362194300511	0.0640221188360748	0.109737988528706	0.151605915560312	0.177285292308051	0.165904027783043	0.128263115153247	0.0844792356164144	0.0456535415506367	0.0204179338840565	0.00754170518132751	0.00194784556034093	0.000393651423122793	4.2098832750632e-05	7.28984116894061e-07	
2.22433148811058e-05	0.000232278550479745	0.00102920911888395	0.00504704461097354	0.0169833178784837	0.0427912151304133	0.084203344738198	0.130523042433317	0.164309543804198	0.17480200714922	0.151681722230589	0.109009016564706	0.0667560167255142	0.0329078904330773	0.0137594957987483	0.00467492489234783	0.00107643058244302	0.000175576329758237	1.56797137686484e-05	
9.10323026856705e-05	0.000556530153271559	0.00232658255668756	0.00903939885313806	0.0264878613320528	0.0597587172496784	0.105569000853382	0.149086793679094	0.170822297328909	0.167204216645275	0.13309593607864	0.0894967219304071	0.0512230788285339	0.0231254689886311	0.00880964202544335	0.00266967641461841	0.000560338277487494	7.16290031092428e-05	5.07749895457923e-06	
1.12623720335684e-05	0.00020054288266225	0.00107918955244242	0.00436017283744746	0.0152230939661479	0.0385004187967536	0.0784251643534299	0.127150545398531	0.162233379236582	0.172508658856757	0.154750077973761	0.113120717914456	0.0712145214845187	0.0377035151497977	0.0160170911945144	0.00556560994736294	0.00161760359611172	0.000287917091503321	2.92458370549115e-05	1.27155813282224e-06	
3.35939314469524e-05	0.000391687081789601	0.00192066493467251	0.00787841248517554	0.0237033332625137	0.0541677630091592	0.0991520346936333	0.145457001856019	0.170433091148326	0.166903367691754	0.139172757609616	0.0937815453825868	0.0551688621662783	0.0267273318591953	0.010825962189213	0.00323591274802536	0.000886335023743646	0.000149992364190177	1.0350562662034e-05	
3.62586773813476e-07	0.000112401899882177	0.000862775228289165	0.00385484128579797	0.013210849103894	0.0351767184482881	0.0724803709117661	0.120052662103029	0.159893696809653	0.172974377261748	0.156211628121578	0.120632619647743	0.0755661656503057	0.0408145801943139	0.0186902604297632	0.00688787964874769	0.00197482886357509	0.0005273824625117	7.17921812150682e-05	3.80716112504149e-06	
5.06942119702432e-06	0.000270308780255618	0.00176126176445188	0.0065109473245496	0.0208365884750692	0.0496888371164191	0.0919692583056582	0.140732020799835	0.169491571453582	0.169133634106921	0.142307705538325	0.100507249905989	0.0586593589753107	0.0298941957480954	0.0124110293948578	0.00437653994984532	0.00112269574438385	0.00028135287643485	3.96501157910117e-05	7.24203028146332e-07	
5.44681922947956e-05	0.000652532562840641	0.0034295055826278	0.0110541477166518	0.0313094388672353	0.0665152535367681	0.112866599434942	0.158298319574837	0.172357808612525	0.159278204163795	0.125225993234725	0.0818637024871335	0.0443631664006894	0.0211752788237621	0.00815050448222555	0.00263256897509863	0.000629189051857157	0.000132098938123591	1.10384044185466e-05	1.80957449484371e-07	
2.1719732195702e-06	1.62897991467765e-05	0.000159097038333517	0.00147386482724668	0.0060426104946126	0.0179696394343458	0.0458912601607622	0.0865793774762757	0.133631014329593	0.169373910619682	0.169571379184895	0.145807639191809	0.10538160664479	0.0640596351446987	0.0325075611817706	0.0144336670328855	0.00517002025365027	0.00154789291448036	0.000313307136923002	6.46162032822135e-05	3.43895759765282e-06	
8.13740717252768e-06	5.75043440191956e-05	0.000445025756702014	0.00274700783017484	0.009847890160193	0.0281433131218222	0.0622491757258612	0.107302382614737	0.15296137425979	0.173941779925812	0.161455561529015	0.128577543251675	0.0866883411027489	0.0487443347823343	0.0234299460562237	0.00918243108475073	0.00318697031130284	0.000806869128973745	0.000189330340214144	3.39962788541156e-05	1.08498762300369e-06	
1.08564195094201e-06	2.04462567427412e-05	0.000101507522413078	0.000992457683486155	0.00521958555980403	0.0161833026820423	0.0409699559446496	0.0816276088880783	0.127319383558025	0.166950200156188	0.173035585171868	0.147616183592187	0.110264491329701	0.0684891699977781	0.0366852890449318	0.016353567528015	0.00574793130926248	0.00187363706700075	0.000450179528990621	8.37753705476919e-05	1.46561663377172e-05	
1.34098176174197e-05	6.88612256029661e-05	0.00034321884550531	0.00223545283957418	0.00891952206685157	0.0251379716201144	0.0566630031286554	0.10217954839721	0.146705941727094	0.173637023419159	0.166375063538072	0.13197090794432	0.0910180497957268	0.0525079530185228	0.0259711924499103	0.0112019092680867	0.00370727092996179	0.00106897992061026	0.000231772388279457	3.73300328268711e-05	5.61762629918934e-06	
1.61510518962333e-05	0.000191634952836206	0.000813178242101364	0.00420489914031036	0.014294951235619	0.0375007463056284	0.0753279616265525	0.122222268598526	0.161591818639294	0.175507673836584	0.153911358308909	0.114030781727244	0.0730927649276097	0.0391461574016188	0.0178933693036011	0.0072354897770193	0.00226659144026915	0.00063914612110712	0.000103983738612828	7.9847897015086e-06	1.08883495929663e-06	
3.99090581407857e-06	4.24487254770176e-05	0.000401630248744089	0.00178266506522501	0.00749673516693687	0.0219619546948744	0.0527113397779206	0.0963751146705153	0.141653392369715	0.171243600718581	0.170006057106597	0.138012416433607	0.0953521729484431	0.056114675413281	0.0284123469192837	0.0120888165204635	0.00460913340564129	0.00138992365215773	0.000306574128445127	2.90247695569351e-05	5.62354910165617e-06	3.62809619461688e-07	
1.55606567972296e-05	0.000181299745474699	0.00078870817417586	0.00355868602195247	0.0129281917304518	0.0331925093893184	0.0707230042055389	0.117793629141419	0.156893036226114	0.173842391173561	0.158171724151533	0.120726632009827	0.0765957046435352	0.0425846323315346	0.0200620291205026	0.00810836875644478	0.00283728673531811	0.000822000742207142	0.000150721245489445	2.33409851958444e-05	5.42813609205685e-07	
1.63225332571615e-06	6.05747345321327e-05	0.000400264787761727	0.0018127079989481	0.00647986434161248	0.019913490573737	0.0479922377286288	0.091151917444254	0.137164957334712	0.168391595708987	0.170219356710828	0.142840302148227	0.101188099059641	0.0600088867125511	0.0311192723777397	0.0138745159915486	0.00504710864459497	0.00178876828350427	0.000472083934093238	5.85797582451463e-05	1.37834725282697e-05	
7.99534234965667e-06	0.000119384998266464	0.000839329234387822	0.00334096282819972	0.0113186790822219	0.0299979793589334	0.0654629557617708	0.110780737911951	0.154129485296202	0.17277607735421	0.160457980478281	0.126076191251496	0.0825440961301816	0.0460513548107611	0.0224789050160597	0.00904836527957168	0.00316361159789824	0.00112825183293223	0.00024876417447	2.45311640273557e-05	4.36109582708546e-06	
4.79367948802774e-05	0.000300926419571627	0.00166484670888385	0.00607484956868732	0.0179531498939831	0.0429181952215947	0.0852002709978199	0.131217406852702	0.165931848459215	0.172392561886311	0.146092577069334	0.107099184144914	0.064561931513813	0.0342454630010876	0.0158645273368231	0.00573309485233553	0.00194608805679362	0.000639947098192601	0.000104075702952998	1.09361509232572e-05	1.82269182054287e-07	
6.7230872998337e-06	0.000111021792978335	0.000677214766661627	0.00302375393936575	0.0102087355072042	0.0274716249374935	0.0589011495389052	0.106316540393762	0.149048301566443	0.171420192229419	0.164511038945936	0.13100607912456	0.0873198212603645	0.0496945174495005	0.024872334023328	0.0103657286809085	0.0035107235059483	0.00114237972578526	0.000336517775116001	4.86969566582549e-05	6.90479236199137e-06	
6.18149112474231e-05	0.000261622521426594	0.00147174031337615	0.00549680007839585	0.0167607495676138	0.0401071506943905	0.078512936860977	0.126289499955548	0.163129914399075	0.171794365061776	0.152104134126722	0.111651547163596	0.068940352428626	0.0370798563203292	0.016864562256797	0.00658128815366314	0.00210825209066211	0.000601968150412405	0.000153264618181111	2.30896874365374e-05	5.09063974978778e-06	
0.000101573330848003	0.000596151717790696	0.00261651444015984	0.00955735871477335	0.0257144354998427	0.0564228930997122	0.0989968632407936	0.144441463180214	0.170838515150809	0.166545312627422	0.135281842329066	0.0920096010461689	0.0531962105502289	0.0264272691263674	0.0113920497570978	0.00417633858359449	0.00128040646807321	0.000324561377960553	6.60772743688619e-05	1.45624847093911e-05	
3.27616247800193e-06	0.000239523878947253	0.00129754235031532	0.00500615827541351	0.0156221987673257	0.0376037929225062	0.0758584501239754	0.119964879538236	0.157872263517037	0.172901476875844	0.153825838838651	0.116255353568005	0.0738931166552274	0.0397059971792241	0.0188956311099293	0.00766822229781664	0.00248697133885658	0.000708561140381196	0.000155435708678536	3.43997060190203e-05	9.10045132778315e-07	
2.08116127338591e-05	0.000479944998923821	0.00246106448478206	0.00868684017831536	0.0243138055293534	0.0538529688769634	0.0950658039462104	0.138766356969179	0.168623353805997	0.167692307973166	0.137404839357169	0.0966244842051726	0.0572523815148335	0.0289639230693259	0.0128743557299755	0.00495571964274859	0.00142157919612773	0.000431932243230795	9.56603953731769e-05	1.18662704184284e-05	
1.83377288869475e-07	0.000114427428254553	0.00100875846607098	0.00484794538584232	0.0144119878868298	0.0360787480759138	0.0717313273324949	0.11611963387624	0.1542866825178	0.171721461634354	0.157458742860664	0.118154571650825	0.0781700706992799	0.0429112024819016	0.0203156363246937	0.00842765344186335	0.00312364873860264	0.000795857433693523	0.00028661870250299	3.06240072412024e-05	4.21767764399793e-06	
6.46689265069061e-06	0.000323714169257427	0.00188057238282083	0.0085638287847674	0.0228708125484324	0.0514598363469669	0.0929765480909548	0.134266179518723	0.164417789350026	0.168003034635568	0.142346839038303	0.0984357140983064	0.0609805804756751	0.0317117938753723	0.0138506059108877	0.00535920632380803	0.00189221278959207	0.000494994440320004	0.000142825943399538	1.6444384168899e-05	
2.99060170906386e-05	0.00065217407456666	0.00382964195253228	0.0144260310888837	0.0343230057887647	0.0687418594335466	0.113273776398097	0.14971435109887	0.16909233566365	0.159575349417446	0.123762058068941	0.0802961698750932	0.046003441606737	0.0222954001202185	0.00900598343243804	0.00348823040338573	0.00110670838401258	0.00031596357187066	6.09265441349657e-05	6.68705972213038e-06	
