# <P(U)> as a function of N_tot.
# number_of_species: 1
# species_total_upper_bound: 103
# species_total_lower_bound: 0
# volume: 729
# Bin widths for each
10	10	10	10	10	10	10	10	10	10	10	10	10	10	10	10	10	10	10	10	10	10	10	10	10	10	10	10	10	10	10	10	10	10	10	10	10	10	10	10	10	10	10	10	10	10	10	10	10	10	10	10	10	10	10	10	10	10	10	10	10	10	10	10	10	10	10	10	10	10	10	10	10	10	10	10	10	10	10	10	10	10	10	10	10	10	10	10	10	10	10	10	10	10	10	10	10	10	10	10	10	10	10	10	
# Bin lower bound for each
0	0	0	0	-10	-10	-10	-10	-10	-20	-20	-20	-20	-20	-20	-20	-30	-30	-40	-40	-40	-50	-50	-50	-50	-60	-60	-60	-60	-70	-70	-70	-70	-80	-90	-90	-90	-100	-100	-100	-110	-110	-110	-110	-120	-120	-130	-140	-140	-150	-150	-150	-160	-160	-170	-170	-170	-170	-180	-180	-180	-200	-200	-200	-200	-210	-210	-220	-220	-230	-230	-230	-250	-250	-250	-260	-260	-270	-270	-270	-270	-280	-280	-290	-290	-290	-310	-310	-320	-320	-320	-330	-330	-330	-340	-340	-350	-350	-350	-360	-360	-370	-370	-370	
# Bin upper bound for each
0	0	0	0	0	0	0	0	0	0	0	0	0	0	0	0	0	0	0	0	0	0	0	0	0	0	0	0	0	0	0	0	0	0	0	-10	-10	-10	-10	-10	-10	-10	-10	-10	-10	-10	-20	-20	-20	-20	-20	-20	-20	-30	-30	-30	-30	-30	-30	-30	-40	-40	-40	-40	-50	-50	-50	-50	-60	-60	-60	-60	-70	-70	-70	-70	-80	-80	-80	-90	-90	-90	-100	-100	-100	-100	-110	-110	-120	-130	-130	-130	-140	-140	-140	-140	-150	-150	-160	-160	-170	-170	-180	-180	
# Normalized histogram for each
1	
1	
1	
1	
1.59210860000205e-05	0.999984078914	
0.000107909541407247	0.999892090458593	
0.000442436033813506	0.999557563966186	
0.00140642010850503	0.998593579891495	
0.00388947272878176	0.996110527271218	
2.648591668136e-06	0.00945925595762859	0.990538095450703	
3.40312255400566e-06	0.0205726320884207	0.979423964789025	
1.02002420857455e-05	0.0408043684236773	0.959185431334237	
4.22552534221096e-05	0.0738893470733332	0.926068397673245	
0.000185948340307339	0.124454130353936	0.875359921305757	
0.000478571049350804	0.193623596150798	0.805897832799851	
0.00106005110395621	0.280279169393077	0.718660779502966	
1.32053496003118e-05	0.00256259241386622	0.380626846626656	0.616797355609878	
3.39961063126237e-05	0.00534078830171318	0.487345516026898	0.507279699565076	
2.26529213773731e-06	9.551981847459e-05	0.0102391204625727	0.592376914407824	0.397286180018991	
5.66406006622419e-06	0.000269609259152271	0.0192355255889018	0.684466164226778	0.296023036865101	
1.51086272527908e-05	0.000591880472628078	0.0335698588929758	0.75709784422552	0.208725307781623	
2.64472801805971e-06	2.79585533337741e-05	0.0013261421919128	0.0562042485666519	0.801868689253903	0.14057031670618	
2.26670761851764e-06	8.27348280758939e-05	0.00264827006763478	0.0894178377044901	0.81835511828247	0.0894937724097104	
8.68618111669544e-06	0.000141622518206991	0.00507990531307263	0.135720069308172	0.805385356760342	0.0536643599190901	
1.88752466994744e-05	0.000318614164287127	0.00952256195988482	0.194148145016255	0.765304805033802	0.0306869985790714	
2.25976614433428e-06	3.05068429485127e-05	0.000723878421568413	0.0167328150434139	0.264024673633275	0.701968105660639	0.0165177606320114	
3.75164415805227e-06	9.90434057725798e-05	0.00145451244007686	0.0284314600873833	0.342792228694225	0.618703146654021	0.00851585707436284	
2.25062173425409e-06	0.000201805748838117	0.00312573848525655	0.0460953588428803	0.422943213062609	0.523527999609892	0.00410363362878995	
1.35003881361589e-05	0.000385136072662089	0.00572453958051294	0.0714958055044082	0.496134013852898	0.424513329758231	0.00173367484315174	
3.75946774959388e-07	2.40605935974009e-05	0.000865429475956512	0.0102340231079445	0.106265115410021	0.553180866865593	0.328709814579291	0.000720314020822188	
5.65918145599421e-06	7.20602438729929e-05	0.00171133647229265	0.0178973499939635	0.150201466859833	0.588137223831945	0.241671194011831	0.000303709404805022	
3.01654006625076e-06	0.000251126960515376	0.00317226894717096	0.0290866105213147	0.204819299823344	0.593802895501396	0.168760334006399	0.000104447699793933	
3.16773496014122e-05	0.000502312257965251	0.0055371252880659	0.0447367140858992	0.263091701778872	0.574203625774351	0.11186328055912	3.35629061253058e-05	
3.394926094345e-06	7.92149422013832e-05	0.00101319683215674	0.00991469305152932	0.066474161783317	0.324516836004323	0.528248236996019	0.0697430983981607	7.16706619917277e-06	
7.55489576132573e-07	1.28433227942537e-05	0.000210403846952922	0.00216258891167949	0.0170476222854315	0.096227462801582	0.381632537425065	0.461808113202558	0.0408969172247846	7.55489576132573e-07	
1.13556486971096e-06	3.67165974539879e-05	0.000407289266602999	0.00413307760412467	0.0269424120987623	0.134229823945808	0.427826714314969	0.383658918707561	0.0227639118998492	
9.10693937396622e-06	0.000127497151235527	0.000964956117833171	0.00780920051317603	0.0410612923581774	0.17806267319786	0.455882380842339	0.304122445835529	0.0119604470444756	
1.89558654376189e-06	2.54008596864093e-05	0.000266519468052922	0.0018978612476144	0.013070448336547	0.0609298382761384	0.225038726833089	0.464688255628186	0.228124362609025	0.00595669115511736	
2.27477888201442e-06	6.55894577647492e-05	0.000561870383857562	0.00383603545470366	0.020549594160491	0.0865477538643754	0.2735106927877	0.449592226928908	0.162606881433596	0.00272708074972162	
1.78438887528451e-05	0.000181855802396017	0.00116668659867006	0.00688925968742822	0.0316417706452844	0.118448492855801	0.315069164051778	0.414250812940996	0.111030750335522	0.0013033631933727	
6.08479542727624e-06	4.79177639898004e-05	0.000342650042498493	0.00235139313292806	0.0116622710358033	0.047137008676538	0.153854812978108	0.349935824423228	0.362288719740027	0.0718332918172812	0.000540025594170766	
2.85038554314857e-05	9.72931598728044e-05	0.000696254175339756	0.00428926016532996	0.0192271806684572	0.0672166517243122	0.192702024875885	0.370883045640753	0.301528984810485	0.04314761614656	0.000183184777573015	
3.50160978897853e-05	0.000247396343786527	0.00141206220838156	0.00788851787895316	0.0297069723521264	0.0919804381807919	0.232485575841633	0.372758160939314	0.238662491631343	0.024767038281349	5.63302444313938e-05	
5.8673931058131e-05	0.000527684379970854	0.00286244963662168	0.0131044796022365	0.0436408317220227	0.122305428291122	0.267599988570013	0.357491498947489	0.179176469467648	0.0132138264737539	1.86689780639508e-05	
7.60471598857315e-07	0.000158178092562322	0.00100876557588423	0.00562064558715442	0.0207658177141973	0.0613727196783814	0.156524066834807	0.293001722087936	0.327673903694637	0.127114728927997	0.00675640992004782	2.28141479657195e-06	
1.26157929083187e-05	0.000340626408524606	0.00209192784225213	0.00935556618340534	0.031603325828848	0.0847016689929424	0.190470947549268	0.308303600203229	0.283697069580685	0.0861199899532413	0.00330151477443153	1.14689026439261e-06	
1.26324638242602e-05	4.93814494948354e-05	0.000788571984181093	0.0038027544130364	0.0152114004540797	0.045511321941403	0.111103667740171	0.221499534704249	0.310948862638034	0.234623516211853	0.0549106406305207	0.00153771536915313	
1.53634551796161e-06	3.45677741541362e-05	0.000189738671468259	0.00169151641527573	0.006802937953534	0.0234803526373867	0.0639603684310187	0.140326342833198	0.245476902773526	0.299636539059088	0.184645301989836	0.0331262979719087	0.000627597144087317	
4.22248017737488e-06	8.25302943759635e-05	0.000532800226017848	0.00313231256794354	0.0112997408164895	0.0354450340562219	0.0863051916545366	0.170095320570695	0.261503571450506	0.274522245561022	0.138080475865839	0.0187658534937569	0.000230700962418391	
9.61406822758115e-06	9.99863095668439e-06	0.000166131098972602	0.00117445457468131	0.00554308717729419	0.0182986483389197	0.0508357317228872	0.110982880805551	0.195955476865475	0.269777676595051	0.240101739915612	0.0970647865138466	0.00998594038662399	9.3833305901192e-05	
1.0386856548663e-05	2.00043163159436e-05	0.000358538900124219	0.00241705998871295	0.00970978738104645	0.0281126042965424	0.0703097860730719	0.137035721938464	0.217345742677555	0.263914252267508	0.20026244124213	0.0654591240648463	0.00502339158564598	2.11584114880172e-05	
1.80521846408172e-05	8.83404780295311e-05	0.000739371392203684	0.00437439001860143	0.01588208159357	0.0414831521265281	0.0936132523007893	0.161760633408909	0.230517947904468	0.248517896436537	0.159131928053978	0.0415680358032435	0.00230107740815183	3.84089034911005e-06	
2.31003699524248e-06	4.23506782461121e-05	0.000239858841339344	0.00166553667356983	0.00822103665990211	0.0247012255901278	0.0581232258434619	0.117034559308467	0.184580041049357	0.236675995366066	0.223693202446637	0.119229864466279	0.0247166258367628	0.00107339719045601	7.70012331747493e-07	
1.77279135247794e-05	0.00010945059654429	0.000495996189269371	0.00331049515604032	0.0134323629998404	0.0362736234082453	0.0781481113220476	0.14012952167777	0.202877471598726	0.232895068479847	0.192164801767242	0.0853086468283607	0.0143981488975165	0.000438573165026064	
1.15909283213129e-06	3.05227779127906e-05	0.000204386702732484	0.00117763831744539	0.00636766965545193	0.0214752856294512	0.050799561553818	0.101357645434275	0.162491678679376	0.211898783377527	0.220273615453953	0.157785375416646	0.0583243922200144	0.00765619452050455	0.000156091168060347	
9.28980594756601e-06	7.16089208458213e-05	0.000460619544900148	0.00261004839601823	0.0106561815723538	0.032514320816481	0.0693878830738574	0.124724547576773	0.181797244566141	0.214619290204635	0.199048414210771	0.12290026193382	0.03724321911904	0.0038908803910389	6.61898673764078e-05	
1.66783156297538e-05	0.000162516610438764	0.000994105185094395	0.00460709379186548	0.0180013327137792	0.0467904326975663	0.0901532775993155	0.14672030619836	0.194324873419342	0.209288037613868	0.173273348284344	0.0910950206306886	0.0226060992988126	0.00194825998623845	1.86176546564694e-05	
3.74613387277661e-05	0.000437048951823938	0.00183365448626847	0.00831758786439932	0.0281041987136713	0.0642021008006581	0.112197099711938	0.16589558744452	0.199748150541511	0.196568619416992	0.144305759446696	0.0642376110279938	0.0131676605628098	0.000934972579080496	1.24871129092554e-05	
3.89513365372106e-07	9.03671007663286e-05	0.000888479986413774	0.00364662412661366	0.014087529885413	0.0412498549062714	0.0841103475783565	0.134065047173964	0.179878051155569	0.198711801398041	0.177602514075065	0.114782967047948	0.0431393842416915	0.00740737566928134	0.000337318574412244	1.94756682686053e-06	
1.79210771346535e-05	0.000266478625219631	0.00179795154296578	0.00663936948975577	0.0226537998527355	0.0577643066685886	0.105587869768312	0.155274835301405	0.187228895009759	0.190909728417764	0.153074049111543	0.0871174726606177	0.0275711875830311	0.00395899969222498	0.000136356021676712	7.79177266724066e-07	
7.8950196886939e-05	0.000757452879043999	0.00348397056955532	0.0120805526513782	0.0346048093176866	0.0765852085633605	0.12758117311394	0.170556657514437	0.189537535542245	0.176743304378414	0.126136619016445	0.0626508896553746	0.0172670334072677	0.00186431900569653	7.15241882688606e-05	
3.92237155998208e-06	1.29438261479409e-05	0.000187881597723142	0.0015764011299568	0.00594906094502482	0.0197930713659816	0.0502981394622742	0.0986229337927215	0.148495103703582	0.180714640408742	0.184433440884762	0.155535368416594	0.099819649355672	0.0435010617859813	0.0101283478421857	0.000897830850079899	3.0202261011862e-05	
1.32920186119536e-05	6.6460093059768e-05	0.000567256441351313	0.00308804867693592	0.0106656721109211	0.0305548323133664	0.0694816816436441	0.119855304649157	0.163559852786984	0.18616879456247	0.173621910876233	0.131198869709288	0.0762613930191882	0.0289195230823722	0.00552947974257269	0.000439809439366111	7.81883447761976e-06	
5.00385453169395e-05	0.000129005624645235	0.00114971376388374	0.00567820211506676	0.0175705660766809	0.0451300767622559	0.0910482606132536	0.140376884068509	0.174819822144245	0.182856481633508	0.156257085536202	0.108178252935464	0.0554090885635341	0.0182050391942543	0.00294758306007596	0.000191553806291409	2.34555681173154e-06	
0.000102093902920824	0.000308237530657508	0.00256095318935876	0.0101213783068059	0.0273138350929211	0.061888854553349	0.11423994805337	0.158294445074654	0.18003223194483	0.172399441417267	0.135764159172609	0.0856337058522103	0.0387127562615638	0.0110558700082536	0.00150285354414486	6.92360950842372e-05	
1.48799617819929e-05	0.00013509438986283	0.000783939039146047	0.00451998418025116	0.0162344298820959	0.0403160817144849	0.0832110957525541	0.134220387897109	0.171512704746316	0.179849007545707	0.157926124905532	0.113229460758017	0.0652975796567428	0.0257380265254898	0.00629148278819158	0.000688394021387987	3.13262353305114e-05	
4.03901452751177e-05	0.000333316732852913	0.00179873394540742	0.00778941597810619	0.0254348116780066	0.0562568060335819	0.104718706166399	0.152768077825144	0.180249062105534	0.171796149760384	0.138861319455855	0.0918871883635599	0.0474227362009814	0.0168524940130433	0.00350139424428666	0.000275280407603229	1.41169439796528e-05	
6.27867342618183e-06	8.20151716295002e-05	0.000663184880640456	0.00366713769797933	0.0133162815027534	0.0373949940921607	0.0747323028722184	0.127103895171268	0.169078004276561	0.180913303684914	0.157827013913933	0.119037369486981	0.0707241547237796	0.0329661748241677	0.0105073599787153	0.00186633567593255	0.000109876784958182	4.31658798050001e-06	
4.58135069182311e-05	0.000204398723173647	0.00119624156953159	0.00660341009118846	0.0210812614142199	0.0517281481319053	0.0962400815715364	0.147460757011424	0.178732978520122	0.174962566057595	0.141443916436163	0.0971258093719556	0.0536323454322759	0.0221486769685711	0.00634184237647582	0.00100789715220108	4.38556647422383e-05	
6.26742147312608e-06	7.44256299933722e-05	0.000446162066118163	0.00256220024098236	0.0112084998770019	0.0320559022658296	0.0691617793836304	0.118816601145998	0.16404113935455	0.181328646346642	0.162759451663295	0.122308338334213	0.0777626402139698	0.0388854331023266	0.0144793104582895	0.00359985020862679	0.000489250588745905	1.41016983145337e-05	
2.07976160438304e-05	0.000191495030743193	0.00112267885851696	0.00477246427028425	0.0179145955707356	0.0453423346461992	0.0898107770107076	0.139278495382733	0.176847622930588	0.177770958601364	0.146231177666971	0.102244219734269	0.0596554109707032	0.0273947768160733	0.00916978663607978	0.0020185459798012	0.000210723015387489	3.13926279906874e-06	
9.28460906878125e-05	0.000489802469942062	0.00241557202043716	0.0088262798499198	0.0272153136250458	0.0612823540103413	0.111354722817045	0.157601911370538	0.180698163260408	0.167886976408044	0.128727170582267	0.0845772807976581	0.0440310782617796	0.0182395358324931	0.00549483622303677	0.000954426339019632	0.00011015637878215	1.57366255403072e-06	
2.75182652485587e-06	2.75182652485587e-06	0.000168647654166167	0.00116559509231395	0.00449687765968948	0.0151582398531311	0.0406075246730732	0.0797585468783476	0.132905358789039	0.169834870752605	0.178792459209086	0.153886463568765	0.108890954942772	0.0674712483267912	0.0314156378439046	0.0117711345191085	0.00316263491320936	0.000470169217675375	3.81324532730028e-05	
7.8841440795794e-06	3.9814927601876e-05	0.000316942591999092	0.00222569387366526	0.00791804589912159	0.0245358505828551	0.0561260390809138	0.100338348043175	0.151569122065078	0.17799204253338	0.170238775245522	0.137139955777836	0.0899580839480009	0.0506150223692878	0.0215398758326149	0.00748165852431687	0.0017451552920149	0.000189219457909906	2.24698106268013e-05	
2.1715809543664e-05	0.000138586348178656	0.000798746958306041	0.0041232399829906	0.0133007359290438	0.0367814485392565	0.0752729183718513	0.122661157958035	0.166368370410117	0.17818690362958	0.157352755953389	0.117116914365087	0.0714556738869759	0.0366965594655858	0.0141946376164412	0.00460888445096708	0.00083625608388146	8.01510788611598e-05	4.3431619087328e-06	
5.53066099694905e-06	3.59492964801688e-05	0.000320383290608977	0.00159322541433539	0.00700655738870631	0.0208972075297579	0.0520494456895016	0.0958384541328457	0.142847097370842	0.176888710854278	0.173193439213888	0.140828011059742	0.0957096687410596	0.0550561500357715	0.0255101738484275	0.00915877461094763	0.00265906279789029	0.000373319617294061	2.40978800581351e-05	4.74056656881347e-06	
2.94206867981029e-05	0.000101779673247491	0.000666338798292169	0.00346647254314405	0.011436298050641	0.031736571941332	0.0703388984815347	0.115178410622935	0.159664874522759	0.180485178931449	0.159999236652451	0.123431310846652	0.0769295299011584	0.0413066442645365	0.0176854109572975	0.00571596235265305	0.0015859340491572	0.000231389725898593	1.03369980641983e-05	
3.57120749667878e-06	2.34112491448942e-05	0.000201574823145869	0.00142491179117483	0.00624008989919672	0.0183917186078957	0.0466125906491503	0.0901154531703593	0.134285337891781	0.171544539306297	0.176929126609623	0.144100206495153	0.103996339909117	0.060223652821492	0.0297799025139714	0.0117191158007679	0.00345692885678506	0.000830900944227262	0.000109913830731113	1.07136224900363e-05	
9.10963966226209e-06	0.00010099817886421	0.000525586601383556	0.00279903580405244	0.0102883478203009	0.0285452539173431	0.064021359332509	0.110634593341725	0.151344780849795	0.176935342946248	0.166418065920521	0.127424847453143	0.0845936981889244	0.0455002736852612	0.0207850291389648	0.00759783554961625	0.00196372145415198	0.000453105555375123	5.78264082908811e-05	1.18821386899071e-06	
3.37686979266814e-05	0.000328946845685791	0.00113621736553304	0.00528579442252348	0.0169272550736475	0.0423427689696654	0.0840697558006678	0.130266923679564	0.163775006714012	0.173403058411107	0.152566579953947	0.109448720047165	0.0665271158671563	0.0335855524002791	0.0140986300237891	0.00487182991382228	0.00108695479444	0.000226448915508334	1.86721035594591e-05	
0.000162467289128527	0.000761738360463921	0.00239194541731561	0.00942903223256145	0.0265545075778538	0.0600480681809198	0.105387510178912	0.14869868049681	0.170073209104493	0.166297326998031	0.133661957355301	0.0895597966589452	0.0507858515104319	0.0236644872595603	0.0091088412247899	0.00270739285460166	0.000609153509846862	8.85466490627495e-05	9.48714097100888e-06	
2.17889608408796e-05	0.000287218120175231	0.00137904313976549	0.0046770994852259	0.0158560248853703	0.0388707138142804	0.078481459971302	0.126010710660824	0.162592791260963	0.171763962960351	0.155048660692002	0.113532767031638	0.0706540729114093	0.0368728641866339	0.0163124045742556	0.00558391641913087	0.00167695765889897	0.000328815227235092	4.59548992280369e-05	2.7731404706574e-06	
6.41901931649331e-05	0.000511936602278356	0.00230609212481426	0.00877345220406142	0.0244663694898465	0.0548033680039624	0.0987649331352154	0.145131649331352	0.170381376919267	0.166559683011392	0.138612382367509	0.094345715700842	0.0540247647350173	0.0257680039623576	0.0110621099554235	0.00326102030708271	0.000968796433878158	0.000175136206042595	1.90193164933135e-05	
7.90948386663028e-07	0.000120619628966112	0.00106461652844844	0.00419558571705403	0.0142469578147678	0.036738761612111	0.0726323948730726	0.119525351873164	0.16006343406061	0.1725003064925	0.155640846156584	0.120383926346886	0.0750914534072079	0.0402616457263081	0.0180051490739972	0.00693305808329477	0.00196906600859761	0.000527167099710908	9.05635902729167e-05	8.3049580599618e-06	
7.49482364088276e-06	0.000319516165742897	0.00215890367297639	0.00709641459470952	0.0218513555571948	0.0510058250558266	0.0916435477654972	0.140082987420925	0.170166815051026	0.168204749114723	0.141296754386346	0.100810111542699	0.0580533260646693	0.0291398743157522	0.0122567979036584	0.00447243739159625	0.00110450032602483	0.000276125081506207	5.08859078775724e-05	1.5778576086069e-06	
6.97096847625657e-05	0.000799101414594609	0.00404001099601355	0.0117226484008913	0.0320176188274437	0.0677838070309897	0.112459050483202	0.158446175065043	0.173722835868744	0.157881802306485	0.123689792690487	0.081979376960831	0.043613450739671	0.0203020595470367	0.00797092830457382	0.00275569866826933	0.000617935002217319	0.000109881367507095	1.77228012108218e-05	3.93840026907151e-07	
4.72583464147062e-06	1.65404212451472e-05	0.000185882829231178	0.00171862853128148	0.00685246023013239	0.0188840414077631	0.047228809948197	0.087619337170186	0.133518612305916	0.170488029067034	0.169458978573853	0.143238078885207	0.10422316336344	0.0637129149971999	0.0320053212898063	0.0135387286087064	0.00526457979059827	0.00167452074129442	0.000311511266783605	5.08027223958091e-05	4.33201508801473e-06	
1.77005422266102e-05	4.83814820860679e-05	0.000561697206657764	0.00301735243156282	0.0105510965485909	0.0294965769118061	0.0642439213387903	0.10831551806537	0.153122277312428	0.174615455720127	0.160405067075221	0.12542879563544	0.0855475072719728	0.0482001498645909	0.0233422950523051	0.00878694250667212	0.00324509940821187	0.000858279625299188	0.00016127160695356	3.38277029219662e-05	7.8669076562712e-07	
1.17473428489421e-06	4.42483247310152e-05	7.40082599483352e-05	0.00124795938865261	0.00584273675496883	0.0174326652097351	0.0428460835729465	0.0844003510106043	0.127856121677411	0.166410900907639	0.174270264851676	0.145564066287906	0.107091910035716	0.0671235338826652	0.0357412906179063	0.016046087175465	0.00551811851424307	0.00191755793104231	0.000481641056806626	7.55745723281941e-05	1.37052333237658e-05	
1.48992789141092e-05	0.000108999987845325	0.000272107883326099	0.00254424791772775	0.00985665717425765	0.0260568783893409	0.0591920905217453	0.105282225669968	0.146397962092314	0.174243146037635	0.167568269084114	0.127744064891849	0.0880214110479721	0.0516612892032375	0.0249943245509926	0.0109368548955306	0.00369580534327351	0.00108803944701718	0.000284654644516928	3.60719384236328e-05	
2.58505010688791e-05	0.000237746274981963	0.000604353381049703	0.00460569760710528	0.0156669703447752	0.0391689925589724	0.0775522865551544	0.124982472576927	0.1608093086871	0.175707030787947	0.153380814698125	0.110288421090562	0.0712048135199687	0.0384960961826643	0.0174220626976486	0.00683354079013232	0.00224429350188905	0.000634120624704775	0.000128077482568537	7.05013665514883e-06	
8.57575431555346e-06	6.04200872232175e-05	0.000454514978724333	0.0015919718465782	0.00840501884327107	0.0233712693519692	0.0548474061461652	0.0996623491641758	0.143500435804242	0.169934418867907	0.169406620170486	0.135711312043633	0.0922988946632301	0.0548493551812369	0.0280146505068271	0.0116946002373145	0.00455684399767363	0.00129844716477766	0.000298202365972654	3.35234032335271e-05	1.16942104303002e-06	
2.82051371213992e-05	0.000212504457763966	0.00080017587641668	0.00346807275070793	0.0140040437666454	0.0345903165195943	0.0726742063248281	0.121690870924406	0.158661623742698	0.171639464164214	0.158198364024773	0.117293960507399	0.0736250671803865	0.0421048605178695	0.0195894336601652	0.00764359215989917	0.00286417371891688	0.000733333565156378	0.000144116659538108	3.36143415008456e-05	
5.7490135040083e-05	0.000502749301726363	0.00181151801351134	0.00648403838488989	0.0210062779999143	0.0502371178690529	0.0936973449203607	0.140188729695661	0.170802033684589	0.168336517155018	0.141173007108327	0.0973585790907993	0.0571085394457565	0.0306815976392776	0.0135016932581049	0.00477013784899695	0.0017791074675827	0.000412076941092675	6.75219706846612e-05	2.39220696139943e-05	
1.4644182964422e-05	0.000188447512357956	0.0010424346031253	0.0035492875026928	0.0113168704456109	0.0317219979135893	0.0685490350832233	0.113289711652184	0.15621412416032	0.173541660966354	0.158416917576758	0.124867094405267	0.0783467642328934	0.0433961093488849	0.0224973187657112	0.00865818049109653	0.00300668198653737	0.00110062596174708	0.000234692300666657	3.85373235905841e-05	8.86358442583434e-06	
9.66708492920794e-05	0.000464020076601981	0.00195120442211133	0.00630680620781526	0.0183806086009988	0.0457744205065939	0.0882624188206543	0.133933981543601	0.166490790168188	0.171344440169445	0.144293229753741	0.104822908671182	0.0611265247409705	0.0325800096284166	0.0160724954033011	0.00561580297707547	0.00172190116759052	0.0006480813736541	9.51241157034061e-05	1.81741196669109e-05	3.86683397168317e-07	
1.42899902480472e-05	0.000191176896561712	0.000950863675424113	0.00334617501375894	0.0107468450984368	0.0285533315953615	0.061100522357076	0.108428583842656	0.15079029439311	0.171533953209937	0.162565632573453	0.130469155828482	0.0843198254303894	0.0473589587617917	0.0241253656982302	0.010533653892574	0.0035423727177051	0.00104625901572864	0.000335235446900134	3.28283559752436e-05	1.46762062006971e-05	
0.000130918024138973	0.000368880785662166	0.00193951202231767	0.00613851512006916	0.0172615414827236	0.0417393614665899	0.0819350454073765	0.129032034485348	0.164327918846227	0.170760999520609	0.149468723106454	0.109605339915173	0.066132469787778	0.0351075934379266	0.0164171202270273	0.00677077216605796	0.00213165347539222	0.000564102662834106	0.000122831910883331	3.38846650712637e-05	1.07814843408566e-05	
0.000191418666516716	0.000834231049648302	0.00319287876342771	0.0103685752943592	0.0260387158696088	0.0593474895846292	0.102647778484311	0.146606285696019	0.17068036048333	0.164865777770246	0.133039439563119	0.0900106801602063	0.0500030234135456	0.0248347425264876	0.0113014042889336	0.00432791057474514	0.00132799107072361	0.000293482945444139	6.58603460248659e-05	2.19534486749553e-05	
6.91345392701467e-06	0.000415575397168326	0.00163349553064408	0.00588258113034204	0.0169575502406458	0.0380147786600113	0.0790307644858944	0.122940798941781	0.159306718840199	0.172065882143278	0.151864001606994	0.114254044082487	0.0717555064700327	0.0368218237768276	0.0179204407403695	0.00761632174292782	0.00261405374595899	0.000715158400672295	0.000140189482408909	4.1480723562088e-05	1.92040386861519e-06	
3.58397799977032e-05	0.000773445574789143	0.00309147005528575	0.00957962635680543	0.02544354618052	0.0552167690091495	0.09895324719968	0.141184069256328	0.168658150929406	0.166542447787607	0.135745286298182	0.0939769130156978	0.0549088552003521	0.0265977412460374	0.0125300495359712	0.00476938835754381	0.0014813775732384	0.00042198450642457	7.70747956939853e-05	1.27173412895076e-05	
3.87711860299663e-07	0.000200834743635225	0.00135001269756342	0.00583118637890692	0.0159310803397131	0.0371974635890099	0.0731147026153103	0.11973085042658	0.156290140293537	0.170737447343883	0.155139799204028	0.116214691565522	0.076603721646147	0.0410323215992339	0.0182019087054883	0.00818072025232288	0.00310944911960329	0.000795197025474608	0.000294273301967444	3.48940674269696e-05	8.91737278689224e-06	
1.36537091666322e-05	0.000532494657498656	0.00245259627230333	0.00984471441511801	0.0248111301916279	0.0521060651336542	0.0946701380897134	0.138732998206293	0.164463998289775	0.166943901980412	0.140186142967599	0.0959617789768769	0.0589496942739465	0.0301079891363288	0.0126406039464681	0.00507566885620148	0.00186197582435244	0.000470077701308337	0.000145119423142491	2.92579482142119e-05	
6.29910415783912e-05	0.000960515571894102	0.00464725212340454	0.0163545871367598	0.0367316022143112	0.0679184277749021	0.115405456902194	0.153229034253433	0.167859779593954	0.157897805055638	0.122485102227418	0.0772739668197623	0.0448124529767962	0.0210738290219682	0.00840010970613701	0.00337217259232394	0.00111153757220006	0.000318085197535603	7.12072643929639e-05	1.40849533964104e-05	
