# <P(U)> as a function of N_tot.
# number_of_species: 1
# species_total_upper_bound: 103
# species_total_lower_bound: 0
# volume: 729
# Bin widths for each
10	10	10	10	10	10	10	10	10	10	10	10	10	10	10	10	10	10	10	10	10	10	10	10	10	10	10	10	10	10	10	10	10	10	10	10	10	10	10	10	10	10	10	10	10	10	10	10	10	10	10	10	10	10	10	10	10	10	10	10	10	10	10	10	10	10	10	10	10	10	10	10	10	10	10	10	10	10	10	10	10	10	10	10	10	10	10	10	10	10	10	10	10	10	10	10	10	10	10	10	10	10	10	10	
# Bin lower bound for each
0	0	0	0	-10	-10	-10	-10	-10	-10	-10	-20	-20	-20	-20	-20	-20	-30	-30	-30	-30	-30	-30	-30	-40	-40	-40	-40	-50	-50	-60	-60	-70	-70	-70	-70	-70	-80	-80	-90	-90	-90	-90	-100	-110	-120	-120	-120	-120	-130	-130	-130	-130	-130	-140	-140	-160	-160	-170	-170	-170	-180	-180	-180	-200	-200	-200	-200	-200	-220	-220	-230	-230	-240	-240	-240	-240	-240	-250	-270	-270	-280	-280	-280	-280	-280	-290	-290	-290	-290	-290	-300	-310	-310	-320	-320	-320	-330	-330	-340	-340	-340	-350	-350	
# Bin upper bound for each
0	0	0	0	0	0	0	0	0	0	0	0	0	0	0	0	0	0	0	0	0	0	0	0	0	0	0	0	0	0	0	0	0	0	-10	-10	-10	-10	-10	-10	-10	-10	-10	-10	-20	-20	-20	-20	-20	-30	-30	-30	-30	-30	-30	-30	-40	-40	-40	-40	-50	-50	-50	-50	-50	-60	-60	-60	-60	-60	-70	-70	-80	-80	-80	-90	-90	-90	-90	-90	-90	-100	-100	-120	-120	-120	-130	-140	-140	-140	-140	-150	-160	-160	-160	-170	-170	-170	-170	-170	-170	-170	-180	-180	
# Normalized histogram for each
1	
1	
1	
1	
9.71958983330903e-05	0.999902804101667	
0.000122798830955129	0.999877201169045	
0.000604386116387498	0.999395613883613	
0.00166975653476409	0.998330243465236	
0.00432953678876288	0.995670463211237	
0.00948925825836943	0.990510741741631	
0.0204700996473638	0.979529900352636	
1.23914201806669e-05	0.0397392845193988	0.960248324060421	
2.49031888533327e-05	0.0720449253526914	0.927930171458455	
6.21504039776259e-05	0.122013673088875	0.877924176507147	
0.000196229932423317	0.191618529011369	0.808185241056208	
0.00102022002335443	0.275348780038105	0.723630999938541	
0.0023603171676194	0.370766488413547	0.626873194418833	
6.16735741069666e-05	0.00537793566212749	0.474010755871324	0.520549634892441	
0.000123366930260674	0.0105355358442616	0.578085098508494	0.411255998716984	
0.000447967348157734	0.0191879347460896	0.68044995831415	0.299914139591603	
0.00092917229332111	0.0333758687760943	0.756755082572445	0.20893987635814	
0.00208142329707362	0.0586763138984563	0.802041777139034	0.137200485665436	
0.00283841986400267	0.0941368118374449	0.820068862534092	0.0829559057644605	
0.0043133901015134	0.135090915851709	0.810694232699959	0.0499014613468189	
2.4697151183611e-05	0.00829824279769329	0.19465059705363	0.768637087711932	0.0283893752855608	
0.000344933785032338	0.0169879889128426	0.263812750230982	0.704206960271019	0.0146473668001232	
0.000806560021508267	0.0272641728482567	0.344987718290582	0.619059257720368	0.00788229111928534	
0.00173636232093764	0.0441084261804852	0.423877393527227	0.526346886605894	0.00393093136545604	
0.000108249840632179	0.0036564390613536	0.0702661743303545	0.497023129382615	0.427153871134579	0.00179213625046608	
0.000579724147926278	0.00850262083625208	0.109145148433537	0.556921664774511	0.324246962487017	0.00060387932075654	
3.66689890359723e-05	0.00146675956143889	0.0169532959309645	0.153264151174019	0.588512828034664	0.239424052412208	0.000342243897669075	
0.00029571946080485	0.00251361541684122	0.0303851745976983	0.212338894502082	0.590711944601888	0.163557505113482	0.000197146307203233	
4.95533999826563e-05	0.000309708749891602	0.00489339824828731	0.0489339824828731	0.279159078802294	0.561898390753336	0.104632004063379	0.000123883499956641	
0.000225682690137666	0.00068958599764287	0.00872639735198977	0.0736728604027182	0.34627247423456	0.504137515985857	0.0662253316281752	5.01517089194814e-05	
0.000309685730920262	0.00122635549444424	0.0167849666158782	0.103806657004472	0.395543002960596	0.445538667360363	0.0367906648333271	
0.000502820701496198	0.00296786853078244	0.0278145695364238	0.147044395388766	0.435148393426539	0.366997792494481	0.0195241599215109	
0.000728368085132649	0.00644420577015666	0.0421712776070022	0.201116008049085	0.452563485303013	0.286989370764046	0.00998728442156463	
4.93827160493827e-05	0.0021358024691358	0.00908641975308642	0.0633456790123457	0.253716049382716	0.457382716049383	0.209543209876543	0.00474074074074074	
0.000196565026167719	0.00296076070665127	0.0156883461510111	0.0897196491314283	0.292353620482076	0.447836556180742	0.149536843657092	0.00170765866483206	
0.000121762635917542	0.000426169225711398	0.00424951599352223	0.025813678814519	0.122444506678681	0.330086329708866	0.410656665895503	0.105336856332266	0.000864514715014551	
0.000258802361263448	0.00103520944505379	0.00808449280899153	0.0397569722588517	0.161233871067128	0.368263436155922	0.352784590167975	0.0682745276856907	0.000308098049123153	
0.00110765401369011	0.00231487243310516	0.0140261356565028	0.0575606720597386	0.201692594897324	0.389159925326696	0.291088985687617	0.042974486621033	7.4673304293715e-05	
0.00243911638608446	0.00447590429611376	0.0234356337302136	0.0825150558859399	0.240102090850799	0.393112639400531	0.230182179363064	0.0237248073223783	1.2572764876724e-05	
5.03975103629881e-05	0.00284745933550883	0.00768562033035568	0.0377855333946503	0.110962718441709	0.277236704506797	0.378434905315677	0.171137345815117	0.0138341165946402	2.5198755181494e-05	
7.47365536483894e-05	0.000435963229615605	0.00523155875538726	0.0154206422361177	0.0493759497770359	0.146197155028524	0.304825490147231	0.347375501357714	0.124423905732294	0.00663909718243193	
5.07150826655847e-05	0.000329648037326301	0.00117912567197485	0.00902728471447408	0.0266761334820976	0.0709504006491531	0.182650370220103	0.313761537681306	0.303047976468202	0.0891444365554316	0.00318237143726544	
2.56124578995223e-05	0.000537861615889969	0.00271492053734937	0.0139331770973401	0.0395072163100132	0.0980316826104217	0.212237632384392	0.315007619706225	0.260414665693393	0.0560144454262553	0.00157516616082062	
0.000195556946182728	0.000912599082186066	0.0061665623696287	0.0188777638715061	0.0525396328744264	0.120332707551106	0.244706925323321	0.315589799749687	0.207381622861911	0.0326188986232791	0.000677930746766792	
0.000969487350810308	0.00128391568080284	0.0125640320192849	0.0280627284518335	0.0703271364749964	0.150427753540594	0.263726761781236	0.303646058509872	0.149301052024787	0.0194814552791206	0.000209618886661688	
0.000185097043735787	0.00166587339362208	0.00362261357025755	0.0188402348088212	0.0419509228409752	0.0916494790840341	0.178274895552382	0.280117933259295	0.26713469776297	0.105174784494156	0.0113834681897509	
0.000305814463694505	0.00271244133015995	0.00707362150806419	0.0251831562711909	0.0569745642143892	0.113071573880786	0.211011979949208	0.28787778058477	0.217341009719581	0.0723982502094164	0.00604980786873911	
0.000664019622457415	0.00445841746507121	0.012223381621563	0.0369818275446181	0.0795332890653585	0.141991787838955	0.223774612768149	0.276354125730083	0.176737630940604	0.0438795007656553	0.00340140663748594	
0.00111636734067345	0.00671215863579911	0.0213086616151044	0.0528879027644046	0.0975705055748594	0.167134145490574	0.243409944042087	0.245782224641018	0.136280543112711	0.0260811319964834	0.00171641478628543	
0.00231157085687042	0.008567259488276	0.0297325801464958	0.0720632214629354	0.117702298568271	0.195111027637719	0.241559154542959	0.216998714188711	0.0992097317133074	0.0161087594088158	0.000635681985639366	
0.000253243754562112	0.0046030776564525	0.0150158649763887	0.0425300540749899	0.089350355286091	0.145436398575876	0.210817977327236	0.233207704568815	0.181173561352024	0.0692547185270151	0.00819318029465656	0.000163863605893131	
0.000414320131354827	0.00537081651756257	0.026777356637562	0.0598002056255467	0.11243420749766	0.165436493930977	0.22233645863704	0.215922169196065	0.14251077999601	0.0443322540549665	0.00463424739515399	3.06903801003575e-05	
0.000157805867222143	0	0.00148337515188815	0.00894759267149553	0.0397828591267023	0.0769145796840727	0.134513721220155	0.18201328725402	0.224778677271221	0.189698432987738	0.111363600498667	0.0270321450551531	0.00331392321166501	
0.000388808787078588	0.000259205858052392	0.00484390947235408	0.0163947705218138	0.0474832731219726	0.093540914024657	0.154243685907302	0.194388193173166	0.220503183371944	0.167608987963128	0.0860239441411376	0.0134139031542113	0.000907220503183372	
0.000134437965281395	0.00109230846791134	0.000806627791688373	0.00984758095686222	0.0265178886517553	0.0642949568958274	0.11559984539634	0.165963668139883	0.200715882165123	0.210916362780849	0.142369805232998	0.0547834708521687	0.00680592199237065	0.00015124271094157	
0.000450403630946194	0.00103939299449122	0.00174964487406022	0.0174098326577279	0.0382843086304265	0.0833593181581956	0.138256591483907	0.177718878841423	0.204344662716973	0.18644977999515	0.111059141461387	0.0355818868447493	0.00419221841111458	0.000103939299449122	
0.000899749869536269	0.0022673696712314	0.00417483939464829	0.0280721959295316	0.0524734123913552	0.105540659696604	0.159471666876608	0.182361303557611	0.199186626117939	0.163268611326051	0.0796638534487412	0.0201723920750032	0.00244731964513865	
1.87125748502994e-05	0.00209580838323353	0.00353667664670659	0.0114708083832335	0.0361526946107784	0.0724550898203593	0.131642964071856	0.168469311377245	0.186414670658683	0.185535179640719	0.136938622754491	0.0531624251497006	0.011190119760479	0.000916916167664671	
0.000589297595285619	0.00133067198935462	0.00503754395969965	0.0226594430187245	0.0554890219560878	0.0957323448341412	0.148598042011216	0.182682254538542	0.180344073757247	0.158292937933657	0.108031555935748	0.0335899629312803	0.00728067674175459	0.000342172797262618	
0.000900989129370287	0.00383899715992557	0.00787386152188816	0.0342180001958672	0.0763686220742337	0.121751052786211	0.162236803447263	0.177690725687984	0.169562236803447	0.139379100969543	0.0806385270786407	0.0212320047008128	0.0041523846831848	0.000156693761629615	
2.00557549988969e-05	0	0.00270752692485109	0.00699945849461503	0.0151019835141694	0.0565973406068871	0.0971099657046589	0.13563707105754	0.163314012956018	0.18164497302501	0.161890054351096	0.111229217223882	0.0532480295220714	0.0127554601792984	0.00164457190990955	0.000100278774994485	
0.000273816795500979	0.000400193778039893	0.00334899003728121	0.0155654316827095	0.0297196537270678	0.0801019440992481	0.115171556753797	0.146807928049371	0.171872696252922	0.16483771089159	0.145438844071866	0.0797649388124776	0.0384817911830992	0.0070139225309097	0.00120058133411968	
0.000386174937246573	0.00195232884941323	0.00439810345197486	0.0220119714230546	0.0369226148334084	0.105704661989659	0.143249447555298	0.158331724271095	0.166076677179207	0.147990817618159	0.119778593035979	0.0633755980347987	0.0253373667160112	0.0042479243097123	0.000235995794984017	
4.37588885242315e-05	0.00566677606388798	0.0149436604310251	0.0296247675309047	0.0494694234766437	0.126900776720271	0.163461328082267	0.159763702001969	0.153921890383984	0.141406848266054	0.089793239251723	0.0474346351602669	0.0157313204244612	0.00179411442949349	4.37588885242315e-05	
0.00129551343242875	0.00909132233283331	0.0234101550070458	0.0427064866584845	0.0645256602572844	0.158370835037956	0.16812127823992	0.160166371198691	0.143779262693759	0.117164416564389	0.0717532615118869	0.0292967862175553	0.00943224692031456	0.000704577480794582	0.000181826446656666	
0.000116092781350856	0	0.00183426594534352	0.0133042327428081	0.0323666674406185	0.0529383082959902	0.0980519631289326	0.181661984257819	0.172838932875154	0.151849358006919	0.129907822331607	0.0860479695372542	0.0518470361512921	0.0192946202605122	0.00719775244375305	0.000719775244375305	2.32185562701711e-05	
0.000494559841740851	0	0.00183693655503745	0.0192642833592389	0.0463708727803683	0.0657058075455702	0.126277612924497	0.197023220762093	0.174532523197212	0.137911544439734	0.113160001884037	0.0669539823842494	0.0338655739249211	0.0123639960435213	0.00402713013988978	0.000211954217888936	
0.000145673497135088	0.000679809653297077	0	0.00400602117121492	0.0244488686025056	0.0565455958046033	0.0864086627172963	0.144556666990386	0.200689521219773	0.17378848208216	0.121783043604933	0.0995678352918326	0.0574924735359814	0.0206370787608041	0.00745362727007866	0.00152957171991842	0.000267068078080994	
2.46700382385593e-05	0.000296040458862711	0.000986801529542371	0.00833847292463303	0.0332305415073393	0.0779079807573702	0.114592327618108	0.171629456025657	0.201455532256075	0.156901443197237	0.094880967065499	0.0816331565313926	0.0390280004934008	0.0131244603429135	0.00530405822129024	0.0006660910324411	
0.000224338202303206	0.000274191136148362	0.00119647041228376	0.00124632334612892	0.0166508799042824	0.0518221247320405	0.0862954284859664	0.132409392292736	0.188568722269306	0.207861807667381	0.138915200159529	0.0748541801685029	0.0611695498280074	0.0248018345879655	0.00862455755521212	0.00483573458298021	0.000249264669225784	
0.000501994768686095	0.000766202541678776	0.00121535575576633	0.00570688789664192	0.0276097122777352	0.067690031440725	0.0978625591164892	0.148141298316996	0.197970884303416	0.19025601733203	0.118206557636926	0.0712568363761262	0.0497767444318212	0.0162223572617506	0.0041480620359851	0.00261565695262755	5.28415545985363e-05	
0.000932761239772939	0.00138581669909122	0.00319803853636436	0.0121525464381846	0.0396023772086454	0.0759001145963809	0.111744796524798	0.169416091463902	0.204194760546865	0.178370599365722	0.0990325933427498	0.0562055272766037	0.0339791594488714	0.0101537723529569	0.00146576766250033	0.00226527729659142	
0.000715118126920225	0.00211886852420807	0.00778684182646467	0.0200233075537663	0.0514885051382562	0.0993219620722534	0.138441572200445	0.178488187307978	0.194353215382985	0.153326623583007	0.068889712893315	0.0513825617120458	0.0251615637249709	0.0056944591588092	0.00124483525797224	0.00156266553660345	
0.00358125985514606	0.00700216479140498	0.0136301681054066	0.0218884464280942	0.0649437421492904	0.120292914985167	0.161049790202314	0.179677686613037	0.184488334179651	0.132052275703557	0.0512601224042548	0.0392869551273485	0.0164898308255606	0.00237859796349253	0.000561242216104979	0.00141646845016971	
0.000137972902122023	0.004773862413422	0.00963050856811722	0.0284224178371368	0.0324788211595243	0.0813212285107205	0.146885951599106	0.163111564888656	0.171224371533431	0.17591545020558	0.101354893898838	0.0399017632936891	0.0300780926626011	0.0122795882888601	0.00132453986037142	0.000386324125941665	0.00077264825188333	
0.000920245398773006	0	0.000976017847183491	0.00398773006134969	0.0163970998326827	0.0324595649749024	0.0551031790295594	0.102565532626882	0.171472392638037	0.155131065253765	0.166982710540993	0.145566090351366	0.0787228109313999	0.03792526491913	0.0209704406023424	0.0081148912437256	0.00128276631344116	0.00105967651979922	0.000362520914668154	
0.00170136686083396	0	0.00213391775765615	0.00648826345233289	0.0310571543918334	0.0487340677086337	0.0643347367206875	0.121864005998039	0.171751542764865	0.168492992675471	0.155055078147529	0.119874271872657	0.0612780437164773	0.0294422977103639	0.0109867927792837	0.00498875367668262	0.000432550896822193	0.00121114251110214	0.000173020358728877	
0.000975840553567732	0.00150811721915013	0.000295709258656889	0.00476091906437591	0.015110743117367	0.0403051719549339	0.0602951178401396	0.0869385220451252	0.132714315285212	0.175296448531804	0.170831238726085	0.143004997486471	0.0887423485229323	0.0449773782417127	0.0203447969955939	0.0103202531271254	0.0029275216607032	0	0.000650560369045155	
0.00133531607538466	0.000637309945069952	0.000789050408181846	0.00870990258262268	0.0220023671512245	0.0533519468301417	0.0838517799156323	0.104579527176717	0.157021031228187	0.157536948802768	0.160571758065006	0.126399805772207	0.0686170374191982	0.0304391369002458	0.0147795211070984	0.00786015598919608	0.00148705653849656	0	3.03480926223787e-05	
0.00140243902439024	3.04878048780488e-05	0.000670731707317073	0.0099390243902439	0.038719512195122	0.0678353658536585	0.0876524390243902	0.137835365853659	0.171859756097561	0.155914634146341	0.150426829268293	0.0909756097560976	0.0504268292682927	0.021219512195122	0.0101524390243902	0.0038719512195122	0.00106707317073171	
0.000691889171934459	0.000188697046891216	0.00305060225807466	0.0230839387363588	0.0424253860427084	0.0784036229833003	0.11721231562726	0.154763027958612	0.170550680881844	0.152593011919363	0.127842249268799	0.0675220932792402	0.0389344906752209	0.0139006824543196	0.00606975500833412	0.00226436456269459	0.000503192125043243	
0.000878569187323502	0.00116096642610606	0.00702855349858801	0.0286790084719172	0.0545340445560088	0.102102290555381	0.142014433636649	0.174741135864449	0.162158770003138	0.137872607467838	0.10542830247882	0.0410731095073737	0.0241606526513963	0.0128020081581425	0.00426733605271415	0.0010354565422027	6.27549419516787e-05	
0.00022108521255764	0.00192659970943086	0.0021476849219885	0.0134230307624281	0.0415640199608363	0.0790221716884593	0.12510264670583	0.171530541342935	0.186027414566357	0.147874423599267	0.102425620617775	0.0759269787126524	0.0296570020845177	0.0156022992862106	0.00413745183500726	0.00328469458657065	0.000126334407175794	
0.00221363097836254	0.00152771715408119	0.00448961775893247	0.0236640269377066	0.0585209203716406	0.0821537694082434	0.155546548606348	0.183294880588639	0.178119349005425	0.130448338217871	0.0862692523539315	0.051256469414479	0.0256282347072395	0.0106004863752572	0.00448961775893247	0.00177714036291077	
0.00204792761951339	0.00391245873578677	0.012348697884827	0.0341728817703876	0.0727778457024086	0.102549211395036	0.165515344174104	0.179789705342951	0.165545910257978	0.116670742144516	0.0756204915026287	0.0358234502995476	0.0190426702530872	0.00865020173615356	0.00415698740677344	0.00137547377430004	
0.00278499233344807	0.00628970178677598	0.0199330350158025	0.0531338986763463	0.0890884626216478	0.123384547986357	0.172043683699972	0.18803392058078	0.139875457646212	0.0902462684231937	0.0645554964483525	0.0259411083643646	0.0127671558656945	0.00719717119879839	0.00353600150201834	0.00118909785023625	
0.00653888069748061	0.0116033079043528	0.0263157894736842	0.0621193666260658	0.109814731713571	0.137028014616322	0.181646259375601	0.182896339508943	0.119174306045259	0.0868324892621322	0.0447785114430412	0.0164754150907109	0.00919930764792615	0.0040707737675492	0.00118597345983717	0.000320533367523559	
0.00199812675616609	0.0131751482984702	0.0193256322197939	0.0309397439900094	0.0766156728067437	0.133999375585389	0.162972213549797	0.17873868248517	0.166156728067437	0.0929441148922885	0.0687480487043397	0.0292850452700593	0.0187324383390571	0.00527630346550109	0.00106150483921324	3.12207305650952e-05	
0.000611789177449451	0.00367073506469671	0.0173748126395644	0.021687926340583	0.0552139732648129	0.0950414487167722	0.151264874124377	0.162980636872534	0.179070692239454	0.146523507999143	0.0814903184362669	0.0520938484598207	0.0182619069468661	0.01113456302958	0.00299776696950231	0.000581199718576978	
0.00189977887819614	0.00949889439098072	0.0218630290572737	0.0322028091812264	0.0682363200348812	0.0974804571926874	0.170824379457473	0.185617739574574	0.164969323242705	0.113208134790869	0.0735619296770376	0.0362515182659068	0.013018156903049	0.00738110810053256	0.00320782335170824	0.000778597900900059	
3.0333363666697e-05	0.005005005005005	0.0174113507446841	0.0306973640306974	0.0398883732217066	0.087997087997088	0.121515454848788	0.175326841993509	0.182788849455516	0.147875147875148	0.0921830921830922	0.0531137197803864	0.0242970242970243	0.0106773440106773	0.00588467255133922	0.00491400491400491	0.000394333727667061	
0.00186108131979055	0.0115765566841209	0.0223960633398524	0.0298088448678317	0.0522049082076841	0.105513847706769	0.140275061510315	0.171030218913633	0.18102958803861	0.141568355308813	0.0784493091918491	0.0326793262254747	0.0164658381174689	0.00785439404453978	0.00410068765377579	0.00318591886947196	
0.00320577038669605	0.01673011420557	0.0301208842583317	0.0307553596473653	0.0670540305883924	0.119748881319709	0.151606224537501	0.16957189607961	0.182829092366259	0.109129766913778	0.0687904895478528	0.0295865891938823	0.0122219995992787	0.00500901622921258	0.00243772123155012	0.00120216389501102	
0.00108882143328494	0.00930447406625314	0.0287052923320575	0.0496568562755708	0.0471822621090141	0.0832783423518543	0.126996172627689	0.157813118648542	0.16896528969249	0.149333509304474	0.0838062557740531	0.0544410716642471	0.024910914610004	0.00785271215520655	0.00339844265540451	0.00224363204434473	0.0010228322555101	
0.00627230827875385	0.0189208857469591	0.0411685206362408	0.0547527463007243	0.0577329590740548	0.0999410888172714	0.135010569359254	0.18238209100045	0.162386942509616	0.11414907994594	0.0667082510309457	0.0355199778216724	0.0146584884083585	0.00540596735627404	0.00149010638666528	0.00228714003534671	0.00121287729147174	
0.000204708290685773	0.0130330945069942	0.0274650290003412	0.0634936881610372	0.0692937563971341	0.07482088024565	0.11596724667349	0.155646537018083	0.149027635619243	0.147799385875128	0.0884339815762538	0.0506653019447288	0.024633230979188	0.0120777891504606	0.00337768679631525	0.00143295803480041	0.0022517911975435	0.000375298532923917	
0.00162551013349934	0.0173618316386526	0.0464135021097046	0.0870512554471882	0.0787161928477554	0.0862212077194439	0.130870858407692	0.167946323580273	0.136681192501902	0.112748149685274	0.0711074220100989	0.0326485439579442	0.0173272463166632	0.00632911392405063	0.00307809365705195	0.00159092481151	0.00193677803140347	0.000345853219893477	
0.00731397074411702	0.0404918380326479	0.0658610698890538	0.102042258497633	0.0802063458412833	0.0978376086495654	0.149212069818387	0.143311426754293	0.112818882057805	0.0945869549855134	0.0539184509928627	0.0242739029043884	0.0109532895201753	0.00900996396014416	0.00339198643205427	0.0025439898240407	0.00155466044802487	0.000671330648010741	
0.00138999895750078	0.0136914897313827	0.0554609584042812	0.0852416860687354	0.107829169128123	0.0812106890919832	0.101469923897557	0.150849636862772	0.133161900128575	0.112624665531501	0.0787434409424193	0.0403447197414602	0.0189734857698857	0.00771449421412934	0.00580324564756576	0.00267574799318901	0.00104249921812559	0.0017722486708135	
0.00510769010965461	0.0203236061006536	0.087973711469086	0.104796942529557	0.12272743508233	0.0817944779797836	0.120691502660999	0.121298710576133	0.130513983641104	0.0947244347608672	0.0566132085580598	0.0277529735328785	0.0128228024431189	0.0045719184198307	0.00325034825159839	0.00289316712504911	0.00167875129478158	0.000464335464514055	
