# <P(U)> as a function of N_tot.
# number_of_species: 1
# species_total_upper_bound: 103
# species_total_lower_bound: 0
# volume: 729
# Bin widths for each
10	10	10	10	10	10	10	10	10	10	10	10	10	10	10	10	10	10	10	10	10	10	10	10	10	10	10	10	10	10	10	10	10	10	10	10	10	10	10	10	10	10	10	10	10	10	10	10	10	10	10	10	10	10	10	10	10	10	10	10	10	10	10	10	10	10	10	10	10	10	10	10	10	10	10	10	10	10	10	10	10	10	10	10	10	10	10	10	10	10	10	10	10	10	10	10	10	10	10	10	10	10	10	10	
# Bin lower bound for each
0	0	0	0	-10	-10	-10	-10	-10	-20	-20	-20	-20	-20	-20	-20	-30	-30	-40	-40	-40	-50	-50	-50	-50	-60	-60	-60	-60	-70	-70	-70	-70	-80	-90	-90	-90	-100	-100	-100	-110	-110	-110	-110	-120	-120	-130	-140	-140	-150	-150	-150	-160	-160	-170	-170	-170	-170	-180	-180	-180	-200	-200	-200	-200	-210	-210	-220	-220	-230	-230	-230	-250	-250	-250	-260	-260	-270	-270	-270	-270	-280	-280	-290	-290	-290	-310	-310	-320	-320	-320	-330	-330	-330	-340	-340	-350	-350	-350	-360	-360	-370	-370	-370	
# Bin upper bound for each
0	0	0	0	0	0	0	0	0	0	0	0	0	0	0	0	0	0	0	0	0	0	0	0	0	0	0	0	0	0	0	0	0	0	0	-10	-10	-10	-10	-10	-10	-10	-10	-10	-10	-10	-20	-20	-20	-20	-20	-20	-20	-30	-30	-30	-30	-30	-30	-30	-40	-40	-40	-40	-50	-50	-50	-50	-60	-60	-60	-60	-70	-70	-70	-70	-80	-80	-80	-90	-90	-90	-100	-100	-100	-100	-110	-110	-120	-130	-130	-130	-140	-140	-140	-140	-150	-150	-160	-160	-170	-170	-180	-180	
# Normalized histogram for each
1	
1	
1	
1	
1.49243601447094e-05	0.999985075639855	
0.000111478551063765	0.999888521448936	
0.000452169058534175	0.999547830941466	
0.00142217135242944	0.998577828647571	
0.00387359011406952	0.99612640988593	
2.48145643058799e-06	0.00951248597977117	0.990485032563798	
3.1890184378416e-06	0.0206325949574532	0.979364216024109	
9.55971493638187e-06	0.0408206909053829	0.959169749379681	
4.38662588519634e-05	0.0739425932175689	0.926013540523579	
0.000182871097452963	0.124296105446941	0.875521023455606	
0.000465860446717432	0.193316191740955	0.806217947812328	
0.0010606839804577	0.279838315451584	0.719101000567959	
1.23821791432452e-05	0.00254506847875731	0.380050115985641	0.617392433356459	
3.18744402051439e-05	0.0052645950405496	0.486973801689275	0.507729728829971	
2.12407200179272e-06	9.45212040797759e-05	0.0101236811725444	0.591902046295565	0.397877627255809	
5.31134389747832e-06	0.000267337642839742	0.0190620591584565	0.684039836495589	0.296625455359217	
1.41720544093513e-05	0.000590974668869949	0.033365621997296	0.756844393676996	0.209184837602429	
2.48095952172771e-06	2.62272863725501e-05	0.00133511064547833	0.0559849781445187	0.802081454154172	0.140569748809937	
2.12614262448211e-06	8.15021339384808e-05	0.00265590649508223	0.0891732565276122	0.818642514631405	0.0894446940693378	
8.14477586993289e-06	0.000139877672548847	0.00511456512562786	0.135367591441045	0.805745324898651	0.0536244960862581	
1.76959454341983e-05	0.00032029661235899	0.00949139729308662	0.19398897047113	0.765472449890391	0.0307091897875991	
2.12023124655462e-06	2.86231218284874e-05	0.000705683633228264	0.0166491158635702	0.263921438364878	0.702145674021513	0.0165473447637356	
3.52114039878323e-06	9.43665626873907e-05	0.00142148437898879	0.0282409544544011	0.34266048213567	0.619041482202924	0.00853770912492971	
2.11199635047031e-06	0.000197119659377229	0.00309301865526376	0.0458042728502165	0.422988517075843	0.523807126861285	0.00410783290166475	
1.26714250214182e-05	0.000393518143720711	0.00569721348324098	0.0709634999602258	0.496189420908837	0.424998891250311	0.00174478482864362	
3.5295616672661e-07	2.25891946705031e-05	0.000861566002979656	0.0102318463172377	0.105503539620918	0.553393267643485	0.32924421848975	0.000742619774792788	
5.31106933069904e-06	6.76276161442345e-05	0.00170202068484469	0.0177910200439757	0.149709130436322	0.588476041766249	0.241929830152003	0.000319018231130656	
2.82984796288088e-06	0.000236999766891274	0.00315032824467714	0.0289281208005498	0.204272928931552	0.594488446615095	0.168807151874757	0.000113193918515235	
2.97128150310057e-05	0.000482125796276914	0.00554533096715567	0.0447627095681985	0.262606811379867	0.574711635361504	0.111827009161098	3.46649508695066e-05	
3.18659195406776e-06	7.47078780342552e-05	0.000995632952759837	0.00989613834624375	0.0666305755622387	0.323953894971345	0.528726772400148	0.0697109477845042	8.14351277150649e-06	
7.08644147609159e-07	1.38185608783786e-05	0.000203380870363829	0.00212486947660606	0.0170365139526718	0.0963369829688009	0.381351887526835	0.461966182792632	0.0409642379187688	1.41728829521832e-06	
1.06518355242975e-06	4.58028927544795e-05	0.000401219138081874	0.00405763921238908	0.0270474958244805	0.134101283333144	0.427784105757104	0.38378385863452	0.0227775300239737	
8.53809949020431e-06	0.000127715738207639	0.000950219322430655	0.00774832528736041	0.0410415769869758	0.177736549825147	0.455933445514474	0.304488194298684	0.0119654349272305	
1.77779610883099e-06	2.38224678583353e-05	0.000268802771655246	0.00185601913761955	0.0129071553093347	0.0609492506767181	0.224484092458198	0.464992883482176	0.228580490252166	0.00593570564816491	
2.13457651069316e-06	6.7950685590399e-05	0.000562105147815866	0.00372697058767026	0.0203446487234165	0.0864709829226764	0.272692149241051	0.450282866963942	0.163128961862945	0.002721229288382	
1.67468794684327e-05	0.000177445659048499	0.00114128201994446	0.0067411534609208	0.0314153642998575	0.118112534041596	0.314333939190299	0.415444827405591	0.111318289409594	0.00129841763368018	
5.70856084326861e-06	4.49549166407403e-05	0.000335377949542031	0.00232445461836844	0.0115045340244498	0.0468098421297499	0.153327662829562	0.349459898787216	0.363562898350511	0.0720891334690068	0.000535534364109136	
2.67653439471602e-05	9.13590406729735e-05	0.000690189002584105	0.00425319158883007	0.0190255202201467	0.0668758883863745	0.191896453092307	0.370776027244979	0.302950861326612	0.0432360228697374	0.000177721883809144	
3.28743431831297e-05	0.000240840296798146	0.0014053781710788	0.00780122456928357	0.029487571175633	0.0915607630420917	0.231713378607021	0.373154168162985	0.239767592686888	0.0247815374830045	5.46714620328136e-05	
5.90458406857333e-05	0.000529265444692119	0.00283813674229425	0.0129453532533721	0.0434695479128369	0.121738567204366	0.266651016536772	0.358360300582693	0.180113790281341	0.0132774413755319	1.75348254157632e-05	
7.14817231956047e-07	0.000158689425494243	0.000983588511171521	0.00559201520559216	0.0205152545571386	0.0610775583844845	0.15602458685351	0.292304849534547	0.328864891680171	0.127708174435419	0.00676753214354388	2.14445169586814e-06	
1.18622512252268e-05	0.000337534966681453	0.00207769127520639	0.00935428374648716	0.03121209920868	0.084360376630071	0.190004867117624	0.307499027654862	0.285395340076364	0.0864858763723367	0.00325996231398732	1.07838647502062e-06	
1.18755998527426e-05	4.64227994243573e-05	0.000778751457010149	0.00377967955313197	0.015180615278427	0.0449768551756203	0.11085188715877	0.221019667792689	0.310664252681097	0.235986522273767	0.0552190202486175	0.00148444998159282	
1.44460186592e-06	3.936540084632e-05	0.00018057523324	0.00164431807388344	0.0067878230174916	0.0234126624409654	0.0634252449232176	0.139846128232252	0.245172772577412	0.299505693356529	0.186024993779183	0.0333554959336263	0.00060348242948808	
3.97456423419722e-06	8.5272469024595e-05	0.000510189518062407	0.00305680122011896	0.0112299505817136	0.0352948530477139	0.0856984700456967	0.169711724856094	0.2612976085047	0.274997931419978	0.139008938794963	0.0188820707046071	0.000222214273093754	
9.04729455132114e-06	9.40918633337399e-06	0.000171898596475102	0.00114285424772289	0.00543742402534401	0.0183287330856305	0.0506514594914624	0.11048483727717	0.195450151759319	0.26958295952928	0.240706890455719	0.0978960697466794	0.01003960181771	8.86634866029472e-05	
9.77639926524928e-06	2.20874205622299e-05	0.000357019617612437	0.00233692151325625	0.00963156372057892	0.0282027393470741	0.0702542913866664	0.136423134147044	0.216845242858431	0.263847635903718	0.200812672241145	0.0662010686690663	0.00503593188818841	1.99148873921745e-05	
1.69912169868788e-05	8.42330544243141e-05	0.000745444455892427	0.00428901698579426	0.0157678493638235	0.0415587091736304	0.0934379558481419	0.161107465832289	0.230360412633512	0.248597411189259	0.159650559354478	0.042080014171398	0.00230032156781936	3.61515255039975e-06	
2.17451024592986e-06	3.98660211753808e-05	0.000231947759565852	0.00163196993957036	0.00806090948166199	0.0244929585734053	0.0581859075789655	0.116844046299672	0.183772572322399	0.236821199445355	0.223897722635419	0.119952871114603	0.0250054181546961	0.00105971132651649	7.24836748643287e-07	
1.66849173062854e-05	0.000106275668929166	0.000480960877133357	0.00320386683840041	0.013146626690572	0.0360709776382209	0.0783393139089461	0.139999513961105	0.202083003111012	0.233501065114341	0.192242166340646	0.0858754557974828	0.0145064474510343	0.000427641684871967	
1.09138374362086e-06	3.05587448213841e-05	0.000198631841338997	0.00116523404360587	0.00616522676771425	0.021039695809523	0.0505059655035426	0.101156357455824	0.162360066414339	0.211958000643189	0.220851322975374	0.157972703764983	0.0587313609846319	0.00771390029991225	0.000149883367457265	
8.7555515669154e-06	8.0624037345346e-05	0.000443614612723713	0.00256756549699794	0.0103899211927396	0.0319989872745354	0.0688033131007129	0.124517441423536	0.181575182097232	0.215087420534249	0.199761192331012	0.123201919800607	0.0375656939978505	0.00393598524397709	6.23833049142722e-05	
1.57340175313546e-05	0.000165756045155899	0.000964531865410482	0.00454822878871483	0.0175631885462207	0.0461365302905451	0.0893490946719494	0.146626773004231	0.194384638915275	0.210080967986031	0.17383637792671	0.0915683229586393	0.0227909073478594	0.00195138408127242	1.75635544536051e-05	
3.5358868575137e-05	0.000437197677069663	0.00183092641340632	0.00819773268621693	0.0273533997367974	0.0635962400263129	0.111467359896929	0.165925174004307	0.200312410336723	0.197329742443791	0.144765469412921	0.0645914448480839	0.0132146404868622	0.000931116872478609	1.17862895250457e-05	
3.67960501647911e-07	9.16221649103299e-05	0.00088420908545993	0.00359975758762151	0.0139629971560333	0.0402850516414166	0.0834258447361226	0.133352565402219	0.180334498173628	0.19922743013074	0.178179353515476	0.115292696020838	0.0436095747738055	0.00741403614770376	0.00033815570101443	1.83980250823956e-06	
1.69488278043309e-05	0.000260864567075354	0.00178810133335691	0.00655330111582239	0.0224332474101454	0.0567026718721675	0.104808603519756	0.154609786400555	0.188220785747657	0.191354845080345	0.153537588815542	0.0876983933985053	0.0279032973576041	0.00398039536456929	0.000130432283537677	7.36905556710041e-07	
7.47338254913379e-05	0.000753627735276511	0.00343479621713654	0.011892297458384	0.0342107035116759	0.0754641451523275	0.126792224426418	0.170236995019471	0.190875369876941	0.177189830576198	0.126531765945498	0.0631589618065755	0.0174481284356286	0.00186871560671657	6.77044062619546e-05	
3.71503317896132e-06	1.22596094905724e-05	0.00018055061249752	0.0015658864849322	0.00583148758101559	0.0195091252359975	0.0497996482606586	0.0971897260014429	0.147643963108235	0.180690297745049	0.185782493723451	0.156373919575476	0.100393570614979	0.0438827149165269	0.0102326873881311	0.000879348353460145	2.86057554780022e-05	
1.37089791219658e-05	6.48397661174059e-05	0.00053983736704606	0.0030293138730052	0.0104977433908826	0.0301504912445938	0.0687916572340245	0.118536355286349	0.162715948841054	0.186601436626909	0.175108495454362	0.132090459995532	0.0766520894522003	0.0291652973125584	0.00561215964217341	0.000422755275085487	7.41025898484639e-06	
6.49100643240192e-05	0.000126852811421797	0.00113091877785105	0.00558560376374517	0.0172842519281998	0.0444530084516613	0.090136711722906	0.139463909633321	0.174091018004939	0.183832720458688	0.157483314404322	0.109018493062783	0.0557621962301718	0.0183921739975475	0.00298845936147784	0.000183231838720374	2.22548791968066e-06	
0.000124568796743511	0.00029636218210322	0.0025058779738941	0.00998930195736624	0.0268826900315587	0.0611365062059431	0.113158294961806	0.157494003035016	0.17972302592853	0.173574161382409	0.136976964440628	0.0863711696489428	0.0390469259953512	0.0111502087735849	0.00150114696254793	6.87917235747749e-05	
1.41514932246002e-05	0.000146728640276118	0.000783918243099564	0.00447671315928735	0.015960277503334	0.0397064831342131	0.0823978141156676	0.133362554925483	0.17075042761716	0.17957686290443	0.159296283482712	0.114641246612486	0.0658230638802128	0.0260242236323234	0.00631529005533606	0.000694167983438284	2.97926173149478e-05	
3.91927488188985e-05	0.000351988210821155	0.00179092198888643	0.00765863638348724	0.0250426734381783	0.0554297447581565	0.103814126335773	0.151912960743423	0.179620367837012	0.171906861605178	0.140624329290757	0.0930301481821843	0.0479573672476276	0.0170223439727338	0.00351577620119243	0.00026912354188977	1.34375138807652e-05	
5.97921177545967e-06	9.56673884073547e-05	0.000689104157121727	0.00360994910943378	0.0130507508021486	0.0368125120985613	0.0737659093745819	0.126300758836714	0.168226618105502	0.180334521950808	0.158371755997336	0.121016256729416	0.071861904124834	0.0332627288076181	0.0106362703470708	0.00184682903714511	0.000108373213430207	4.11070809562852e-06	
4.36872649009046e-05	0.000211341811400957	0.0011989727145026	0.00648662534921807	0.0207439829193996	0.0511017778849838	0.0952035117093072	0.146646573014115	0.178138743285417	0.174751673371604	0.142357753145296	0.0991051205208418	0.0542670509154536	0.0222861060308589	0.00642725547640402	0.00098800429852815	4.18202877683873e-05	
5.98420319960385e-06	7.10624129952957e-05	0.00047462211626858	0.00260911259502728	0.0110292605095699	0.0316085613003075	0.0684682609082674	0.11752114854812	0.163542289241974	0.180834018399929	0.163002214903209	0.123245038908541	0.0794159866492427	0.0394833986982862	0.0145326374702379	0.00366270637085753	0.000480232306768209	1.34644571991087e-05	
1.98860044176946e-05	0.000183101323695	0.00112899976024232	0.00479928080201381	0.0176962926859651	0.0448343101863994	0.0889621044045249	0.138006619413018	0.176382855862863	0.177637925386961	0.146678418169655	0.10321886874149	0.0610916816093106	0.0279004394056561	0.00922147793535248	0.00203024848875747	0.000204488158634785	3.00166104418032e-06	
8.89023163197153e-05	0.000468997389059515	0.00245837506907823	0.00884841740692285	0.0269532234435408	0.0604275824710248	0.110347739903466	0.156580334732289	0.180342869111305	0.168196025087028	0.12943009471487	0.0855311856894393	0.0451763147654316	0.0185877415006937	0.00548858791855192	0.00096662433761182	0.00010547732444712	1.50681892067314e-06	
2.63654477041345e-06	4.51979103499448e-06	0.000161582529501053	0.00112768786323112	0.0046293959675931	0.0152151232208031	0.0401621098384551	0.0788048165906463	0.131748518826813	0.168979920828327	0.178789373971277	0.154336551173451	0.109778567904211	0.0684345327101044	0.0322743211838839	0.0118945834070938	0.00315104764989699	0.000468175021374845	3.65349775328721e-05	
7.55906749831527e-06	4.49764516149759e-05	0.000307654047181432	0.00217323190576564	0.00808139906244886	0.0245061188761632	0.0555939178231095	0.0992297688172592	0.150282576840756	0.177438148875078	0.170611177063975	0.137468067664237	0.0908887157862432	0.0518268565353241	0.0220875952300772	0.00752467374119794	0.00171061697486875	0.00019540189483145	2.15433423701985e-05	
2.08418753443646e-05	0.000142103695529759	0.00081283313843022	0.00409258643125705	0.0135104614845933	0.0366506272646592	0.0746631763472757	0.121543374974137	0.165157462262943	0.178011594145782	0.158063645782097	0.117442451792742	0.072372843718524	0.0375085546424709	0.0144911664553427	0.00461704380355888	0.0008132120816183	8.18517286251411e-05	4.16837506887292e-06	
5.30932305751779e-06	3.45105998738657e-05	0.000326523368037344	0.00163754692588299	0.00710918357401632	0.0210780125383456	0.051694223949522	0.0952200543750529	0.141731999783076	0.175841745766099	0.172913274862517	0.141769165044479	0.0964920164846896	0.0556553581877915	0.0261381766495213	0.00932392976372375	0.00263114881236132	0.00036406786680122	2.92012768163479e-05	4.55084833501525e-06	
2.82274353124453e-05	9.76516681079188e-05	0.000682798773098339	0.00355818265668229	0.0115434952354759	0.0320049527705418	0.069903336292128	0.114309288008718	0.158738889738679	0.179737812900167	0.159999206580197	0.124117558876136	0.0777250060364752	0.041842213976929	0.0181254465370468	0.00578471697990855	0.00155823071961269	0.000231541259927761	1.14435548563967e-05	
3.42494294615876e-06	2.24524037581518e-05	0.000194460649498569	0.00144760921857643	0.00635250806669201	0.01858145713056	0.0467714014219602	0.089718663769926	0.133348631411826	0.170999409768166	0.176382278431878	0.144391408568674	0.104547525079145	0.0607797986209657	0.0301531976979817	0.0119462009962017	0.00343559832421347	0.000806003239996027	0.000107695428195881	1.02748288384763e-05	
8.74458216105239e-06	9.69508022203635e-05	0.000521253136643601	0.00287582693331306	0.0103828606189643	0.0286845106835982	0.0642308569690518	0.110123944947152	0.150463462854536	0.176512052315413	0.166079765797278	0.127501330697285	0.0850600714774542	0.0461223481104099	0.0211215877119611	0.00777583453729754	0.00194357843509999	0.000437989506501407	5.58892859858566e-05	1.14059767318075e-06	
3.23817295424614e-05	0.000315436141895977	0.00111774111150096	0.00534793787431851	0.0170617428151609	0.0425770218485244	0.0844351693012061	0.129624063358473	0.163123914973959	0.173295206704009	0.152379276150247	0.109356529318608	0.0668096034304823	0.0339512910214607	0.0143355821492097	0.00493192789007889	0.00107012092099734	0.000217148068696506	1.7905191629361e-05	
0.00015584232396927	0.000733710211388168	0.00236152309897959	0.00953671603443092	0.0267043974457026	0.0601995009253849	0.105543171167578	0.148037315705077	0.169504121858839	0.166146117914625	0.133854147510258	0.0895281921039131	0.0511519250318794	0.0238419796752792	0.00926370758368183	0.00274866424927795	0.000594930915590716	8.49359624552712e-05	9.1002816916362e-06	
2.09115377318282e-05	0.000275652088283189	0.00135164575702998	0.00469863242345332	0.0159748939880089	0.0390836640207868	0.0787695803282503	0.126230026154631	0.161581931214728	0.171251426261926	0.154928640328015	0.113819218615679	0.0705950701239902	0.0371734901014286	0.0164566197753949	0.00571531336699711	0.00170524084958635	0.000321277261516269	4.41043341253103e-05	2.66146843859631e-06	
6.15749035896648e-05	0.000491078860727451	0.00230753851662256	0.00875199833367668	0.0245919522361192	0.0552437111878559	0.0991648618631654	0.145092518193103	0.169334405699556	0.16636702747533	0.138445469341399	0.0944703456024496	0.0540673264556953	0.0259861296828284	0.0112172750292481	0.00327183191419651	0.000948709625677799	0.000168000662880444	1.82444158784192e-05	
7.58825520212835e-07	0.00012179149599416	0.0010407292009719	0.0041560873742057	0.014339525855462	0.036943799864322	0.0729956003296338	0.12015205345774	0.159703557222274	0.171696035743717	0.155394187092985	0.120160779951223	0.0752861151623962	0.0402386202730861	0.0181738712090974	0.00701496252160756	0.00196232279527039	0.000524348434467069	8.68855220643696e-05	7.96766796223477e-06	
7.18883324479718e-06	0.000333713206416374	0.00214567754374973	0.00706019096567975	0.021955075089255	0.051398644261722	0.09198452660398	0.140774759476774	0.169557334350364	0.167697696697828	0.140810325283354	0.100815062346102	0.0580884211354724	0.0291140179221396	0.0123114444711819	0.00450399320768766	0.0011138907932991	0.000277715979035849	4.88083941357282e-05	1.51343857785204e-06	
7.02664230764e-05	0.000826574912318082	0.00402558604463505	0.0117756702887874	0.0321449996751122	0.0681671192428755	0.113008808236131	0.159123226150594	0.172812334250575	0.157193166174802	0.12345092759234	0.081850560695834	0.0436430042598075	0.0203712182686656	0.00803152771292615	0.00274454604112928	0.000623708948920088	0.000119377363936249	1.6999941066871e-05	3.77776468152688e-07	
4.53491430523601e-06	1.5872200068326e-05	0.000190466400819913	0.00174178500273606	0.00688966855822981	0.0191010590536541	0.0473890986706655	0.0878594297496425	0.134118201029728	0.170920920164345	0.168592997487657	0.14253386825167	0.103947416156993	0.0638009535413146	0.0320115821711356	0.0135956730870976	0.00523933766064934	0.00165146462615678	0.000326513829976993	6.50004383750495e-05	4.15700477979968e-06	
1.69888443697271e-05	4.64361746105874e-05	0.000551193617328923	0.00311046863915959	0.0107233585661717	0.0297935251361278	0.0645851682858294	0.108591938151546	0.153681463698426	0.174533571277829	0.159709105680805	0.124843844205502	0.0853013651102746	0.0481652614375507	0.023300766347893	0.00876397851552988	0.00321919724312584	0.000847932098986823	0.000176306451570279	3.73754576133996e-05	7.55059749765648e-07	
1.12723093091615e-06	4.2459031731175e-05	7.25185232222723e-05	0.00122266981640038	0.00592698023475711	0.0176475517107796	0.0431834654761104	0.0847256827168069	0.128278128450971	0.166666353546964	0.173848693295118	0.145192228569367	0.106485748607212	0.067010872893816	0.0356742287579907	0.0160344842486386	0.00553132217800555	0.00187909396183722	0.000477570171064809	8.56695507496274e-05	1.31510275273551e-05	
1.42821974288286e-05	0.000104485549610904	0.000276247766057606	0.00253358665441404	0.00992349628193058	0.0263893665281669	0.0595620251404259	0.105324440786197	0.146682677761679	0.17445628989854	0.167237390792869	0.127657663244577	0.0872984283945119	0.0515196445987924	0.0250039933775706	0.0109322704371668	0.00369495481375827	0.00107116480716215	0.000282637170170503	3.49537989705542e-05	
2.47677367955127e-05	0.000227788124770852	0.000625948257195684	0.00463794634932941	0.0156396999801483	0.039577342324272	0.0781658515204201	0.124962613851845	0.160949760146985	0.175974769932118	0.152823690865621	0.10990533095513	0.070648843402982	0.0385258393166807	0.0173892028428859	0.00690081684746489	0.00225348877965233	0.000633078363242877	0.000126465565152845	6.7548373078671e-06	
8.21512269659162e-06	5.78792735441682e-05	0.000436895161591463	0.00159746794981904	0.00847539272020636	0.0234190743199745	0.0556100326065688	0.0998566834504113	0.143781450850415	0.170157969341162	0.169345419023536	0.135192913485796	0.09184021735721	0.0544427383543167	0.0279538220484931	0.0116658476438281	0.00453437431385055	0.00129500206871726	0.000294250758405191	3.32339054543934e-05	1.12024400408068e-06	
2.70379983880908e-05	0.000203710946759588	0.000784101953254634	0.0035449408571564	0.0140645741478216	0.0346464170577917	0.0734037210211919	0.121956558455412	0.15873268086569	0.171677955956953	0.157805240482625	0.117222316052719	0.0733681642013938	0.0417581514009387	0.0194469877447494	0.00757841760299625	0.0028723243493102	0.000730396340018015	0.000144079196889964	3.22233679419713e-05	
5.50902259586624e-05	0.00048582924100458	0.00181354065991436	0.00654501463033719	0.0210707173634779	0.0506745040215865	0.0942612252805719	0.140343644695403	0.170844403757375	0.168305446833495	0.140751460260721	0.0971832256547418	0.0568427606636561	0.030369503825628	0.0134083694254422	0.00472814637288171	0.0018113222615536	0.000412991828159905	6.98795483636724e-05	2.29234497277655e-05	
1.40416482677964e-05	0.000180693842182959	0.00103206114768304	0.00355438459705088	0.0113737350969151	0.0318542181296155	0.0690387198450984	0.11411758402356	0.156031904102933	0.173780177996368	0.158409376864906	0.1243812898732	0.0780183539123542	0.0430310006337218	0.0222087143208184	0.00862194155348667	0.00296722198922119	0.00111261586669303	0.000226513957583137	3.69517059678853e-05	8.49889237261361e-06	
9.29733966441419e-05	0.000446716798218467	0.00196910986677394	0.00641516436844579	0.0184305868399306	0.0459336732974108	0.0889355360990511	0.134298034186799	0.166472385604755	0.171569624294875	0.143977638972077	0.104406161135861	0.0608368272439463	0.0323321469038933	0.0158702995187978	0.00555321578680867	0.0017090806857214	0.000636738122833785	9.63071040935335e-05	1.74093611246003e-05	3.70411938821283e-07	
1.3691492920388e-05	0.000197231506123428	0.000931761599284786	0.0033207420937179	0.0108425522718997	0.0286033789124366	0.0615332695877158	0.109075313572192	0.150962030899849	0.171415641161512	0.162802581993541	0.129926717209245	0.0840446742312782	0.0471664530300384	0.0238102462692532	0.0104573402683829	0.00348615012981015	0.0010357429374099	0.000328225789740113	3.21935103803719e-05	1.40615332695877e-05	
0.000125373816784604	0.000381283901633178	0.00192116936896408	0.00614995445980479	0.0174568290011763	0.0415322892890198	0.082630195177533	0.129715438310551	0.164630202552463	0.170470041188986	0.149340865595581	0.109115782719801	0.065887628185509	0.0350128508162204	0.0161551537857361	0.00667357451814049	0.00207825538646479	0.000552382286892167	0.000127955042424287	3.24496937560152e-05	1.03249025587321e-05	
0.000183217093085711	0.00085083511235779	0.00315302977296195	0.0104216241881953	0.0262372775635739	0.05937818994046	0.103773497960834	0.146798917212785	0.17073621199213	0.16449872061384	0.132663183944432	0.0896580402259211	0.04994601178414	0.0246476757418726	0.0111050939881569	0.00423832378109944	0.0013252825948554	0.000293073619724629	7.07800440089669e-05	2.10128255651621e-05	
6.61326334051362e-06	0.000397530607468652	0.00168234071312288	0.00581489549390606	0.0169975563991957	0.0383910959022383	0.0793823065078553	0.124177980551862	0.159343640961524	0.171600957159647	0.151432708392194	0.113778991352423	0.0716447883994543	0.0366543794683157	0.0177533054376088	0.00746857873255338	0.00256998761482738	0.000713865037256554	0.000139980740707538	4.66602469025128e-05	1.83701759458712e-06	
3.42546987870153e-05	0.00073923849962946	0.00308734285196519	0.00958468571866358	0.0254947041499015	0.0556399440727585	0.0996542853733173	0.142138583461389	0.168443245489061	0.165785743857359	0.135395932751765	0.0934368733784268	0.0549670049901361	0.0265783312878735	0.0123788378154195	0.0046652689767348	0.00144680061113329	0.00042799956979045	8.76625624872005e-05	1.32598834014253e-05	
3.7055276467565e-07	0.000191946332101987	0.00129285859595334	0.00579803910887989	0.016044564157691	0.0373079934530738	0.0736770062004594	0.120691629324212	0.157098809006359	0.170051110342832	0.154163660557363	0.116048973735591	0.0761241366583774	0.0410776267281191	0.0182148917003962	0.00806804534528292	0.00304038543416371	0.00076148593140846	0.000303482714269357	3.44614071148354e-05	8.52271358753994e-06	
1.30343574490049e-05	0.000508339940511193	0.00236033592890838	0.00988674633017666	0.0249097743156869	0.052384710177338	0.0954394272926783	0.139851207223566	0.164772153845638	0.165839853925818	0.139482148702653	0.0957265555667692	0.0585875746822131	0.0301160690910323	0.0126563610829838	0.00502642064254913	0.00180060337902683	0.000448754306458599	0.00016199844258049	2.79307659621534e-05	
6.0166785318557e-05	0.000917450049422717	0.00454165802469828	0.0164090892953573	0.0368878450013921	0.0681734522468184	0.116256056384873	0.154533343049709	0.167912044381413	0.15667692491671	0.121900523002584	0.0768740925933192	0.0446329172108771	0.0210112878121152	0.00841811805022245	0.0033286059430583	0.00107141722675964	0.000303823580521657	7.77310021506823e-05	1.34534426799258e-05	
