# <P(U)> as a function of N_tot.
# number_of_species: 1
# species_total_upper_bound: 103
# species_total_lower_bound: 0
# volume: 729
# Bin widths for each
10	10	10	10	10	10	10	10	10	10	10	10	10	10	10	10	10	10	10	10	10	10	10	10	10	10	10	10	10	10	10	10	10	10	10	10	10	10	10	10	10	10	10	10	10	10	10	10	10	10	10	10	10	10	10	10	10	10	10	10	10	10	10	10	10	10	10	10	10	10	10	10	10	10	10	10	10	10	10	10	10	10	10	10	10	10	10	10	10	10	10	10	10	10	10	10	10	10	10	10	10	10	10	10	
# Bin lower bound for each
0	0	0	0	-10	-10	-10	-10	-10	-20	-20	-20	-20	-20	-20	-30	-30	-30	-40	-40	-40	-50	-50	-50	-50	-60	-60	-60	-60	-70	-70	-70	-70	-80	-90	-90	-90	-100	-100	-100	-110	-110	-110	-110	-120	-120	-130	-140	-140	-150	-150	-150	-160	-160	-170	-170	-170	-170	-180	-180	-180	-200	-200	-210	-220	-220	-220	-220	-220	-230	-230	-230	-250	-250	-250	-260	-260	-270	-270	-270	-270	-280	-280	-290	-290	-290	-310	-310	-320	-320	-320	-330	-330	-330	-340	-340	-350	-350	-350	-360	-360	-370	-370	-370	
# Bin upper bound for each
0	0	0	0	0	0	0	0	0	0	0	0	0	0	0	0	0	0	0	0	0	0	0	0	0	0	0	0	0	0	0	0	0	0	0	-10	-10	-10	-10	-10	-10	-10	-10	-10	-10	-10	-20	-20	-20	-20	-20	-20	-20	-30	-30	-30	-30	-30	-30	-30	-40	-40	-40	-40	-50	-50	-50	-50	-60	-60	-60	-60	-70	-70	-70	-70	-80	-80	-80	-90	-90	-90	-100	-100	-100	-100	-110	-110	-120	-130	-130	-130	-130	-140	-140	-140	-150	-150	-160	-160	-170	-170	-180	-180	
# Normalized histogram for each
1	
1	
1	
1	
1.29814896321169e-05	0.999987018510368	
0.000103132790126011	0.999896867209874	
0.000437021137647731	0.999562978862352	
0.00141377765285079	0.998586222347149	
0.00387246106155641	0.996127538938444	
2.15954802510876e-06	0.00945573528136905	0.990542105170606	
2.7763416208159e-06	0.0205773186462805	0.979419905012099	
8.63505127678485e-06	0.0407410971079363	0.959250267840787	
4.16078121595287e-05	0.0738554076132434	0.926102984574597	
0.000177876097737521	0.12443527421743	0.875386849684832	
0.000456655734231905	0.193399092169632	0.806144252096136	
3.08018712752837e-07	0.00102878250059448	0.279837464685655	0.719133444795038	
1.26482701176906e-05	0.0024435840878592	0.379961438200861	0.617582329441162	
3.1803365043038e-05	0.00513547152811464	0.486740621326596	0.508092103780247	
1.85241043364002e-06	9.41641970433677e-05	0.010051487748003	0.591940223950247	0.397912271694273	
5.24777363203661e-06	0.000255597445136842	0.019008670865503	0.68408279258113	0.296647691334598	
1.72946797241499e-05	0.00058400427425656	0.0333753346983777	0.757010058709261	0.209013307638381	
2.16118620718613e-06	2.65517162597153e-05	0.00130720891446087	0.0558438166301426	0.802527785136102	0.140292476416827	
1.851531834004e-06	9.22680030611993e-05	0.00266311995457575	0.088912101612067	0.819197299232232	0.0891333596662305	
7.71194586584176e-06	0.000146526971450993	0.00512134901058819	0.134985273268175	0.806347795185525	0.0533913436183956	
2.28004006708248e-05	0.000326908447456015	0.00951608614484355	0.193749177722037	0.765851593424488	0.0305334338605053	
1.84558427045438e-06	3.47585037602241e-05	0.000709934749368118	0.0166745462861769	0.263856723601916	0.702232818610134	0.0164893726643747	
4.29287989074007e-06	9.68964318195617e-05	0.00142339631805824	0.0282955978969795	0.342544524830324	0.61913876243632	0.00849652920660834	
2.14518028554801e-06	0.000203179218474047	0.0030786401640879	0.0458020507310621	0.42291616420926	0.523858848363028	0.00413897213380164	
1.10312604471399e-05	0.000408769484346795	0.00574207748663762	0.0710327374103442	0.496242783334094	0.42476542484295	0.00179717618117987	
3.07180025925994e-07	2.21169618666716e-05	0.000886521554822419	0.0103071185899208	0.106020728508149	0.552832199839038	0.329175344502399	0.000755662863777946	
4.62172419891654e-06	6.56284836246149e-05	0.00171589213758442	0.0180388976633179	0.150152116349134	0.58782939798653	0.24186591946738	0.000327526188229886	
2.4616445016093e-06	0.00021970177176863	0.00316382859569335	0.0293855735323983	0.204828515689907	0.593942200587102	0.168330635781234	0.00012708239739558	
2.58304171612372e-05	0.000453262320186471	0.0056371810404738	0.0453849654671923	0.263490550372388	0.573651129465741	0.111320180320912	3.69005959446245e-05	
2.76900839655646e-06	6.95328775135289e-05	0.00095407722641351	0.0101084189854292	0.067661643172656	0.324902215545152	0.526903531747143	0.0693895044121072	8.30702518966938e-06	
6.15699664166618e-07	1.20061434512491e-05	0.000189943346395402	0.00202903824326109	0.0172519045899486	0.0975991715145319	0.381547850484725	0.460623697602804	0.0407445409758901	1.23139932833324e-06	
2.46832597823615e-06	4.01102971463375e-05	0.000373642844955498	0.00399467705502793	0.0271568309533014	0.135358368535261	0.427762434732062	0.382729061422132	0.0225824058341353	
8.64676839383807e-06	0.000117966625944505	0.000910381186608379	0.00761409719708826	0.0411759110914569	0.178693806813901	0.456185898108952	0.303408000237169	0.0118852919704873	
1.54259759860747e-06	2.34474834988335e-05	0.000254528603770232	0.00180175399517352	0.0127606758552007	0.0612550080431039	0.226020474589407	0.464441582754499	0.227565540344172	0.00587544573357612	
1.85233322980849e-06	6.54491074532332e-05	0.000550451691458089	0.00357839907778503	0.0201459762073971	0.0868253416474281	0.274476268215382	0.44931707561039	0.162343423815695	0.00269576229378129	
1.4539096713762e-05	0.000163023488684097	0.00111734504957677	0.00660600873026356	0.031168729929473	0.118822159934395	0.31554325334871	0.414454584347332	0.110838030441156	0.00127232563369581	
5.88110753017008e-06	3.90010288842858e-05	0.000316032146752824	0.00227351235837364	0.0113242273153301	0.046560109252406	0.154315928144009	0.350281550284708	0.362801190088539	0.0715541971916783	0.000528371081789491	
2.56935477929397e-05	8.11049339969905e-05	0.000690630182241548	0.0041190162281067	0.018658159109926	0.0669815312921099	0.193053888656546	0.371209234322989	0.302040346299494	0.0429605405922456	0.000179854834550578	
3.53255935164521e-05	0.000224348506192205	0.00139722018566388	0.00751567495743886	0.028986508722013	0.0915884184112035	0.232529169953909	0.373864080750588	0.239269231222123	0.0245357938125674	5.42278847840274e-05	
6.23593811467425e-05	0.000497944312141899	0.0028179614873426	0.0125047622711473	0.0429100796338605	0.121839992653382	0.26783230104255	0.358824565997322	0.179528314881989	0.0131637240898323	1.79942492861247e-05	
6.19604983235038e-07	0.000156760060758465	0.000986101330818563	0.00540016723138498	0.0199060492963921	0.0604722071537733	0.156207682915911	0.293384508574249	0.329462557735567	0.127317980967594	0.00670226710365341	3.09802491617519e-06	
1.027157739369e-05	0.000327445436913995	0.00204186508189715	0.00908754465412642	0.0302999082717013	0.0836009909270846	0.19033077280547	0.308738404400717	0.286400836168652	0.0859634537276333	0.00319757316864778	9.33779763062723e-07	
1.02766025427429e-05	4.54661809466806e-05	0.000765451183335212	0.0036830720688794	0.014772771861292	0.0437970115639806	0.110043417088682	0.221506250977056	0.312193531470383	0.236832713726863	0.0548997906687203	0.00145024660731981	
1.25011680778923e-06	3.40656830122565e-05	0.000180329349523596	0.00159171122551763	0.00670218873576	0.0228752624073312	0.0619998556115087	0.139316454881253	0.246341142500502	0.30049745273074	0.186633688585277	0.0332396683315097	0.000586929841257042	
6.25168013903737e-06	8.22095938283414e-05	0.000482629706733685	0.00294141550541708	0.0110217120851229	0.0345292797439312	0.0841513656795264	0.16921360115531	0.263056008802366	0.275881955775615	0.139650656113831	0.0187666060253693	0.000216308132810693	
7.82952677400635e-06	1.15876996255294e-05	0.000170057321531418	0.00110803462905738	0.00525768381928074	0.0179246054153392	0.0495458717880541	0.108903080167151	0.19526244730337	0.271322854921061	0.241813368509831	0.098533654907657	0.0100512332913984	8.76906998688711e-05	
8.46400556241906e-06	2.16302364372932e-05	0.000373043208121433	0.00224954458947849	0.00928344669353623	0.027661937586423	0.0687653429693424	0.134888035313085	0.217169141238861	0.265830276625646	0.201990044448568	0.0666932290149872	0.00504642820532674	1.94358646248141e-05	
1.59841537487542e-05	8.58756495521303e-05	0.000759717425234904	0.00410510678041534	0.0152213021757254	0.0406674481141833	0.091420583829051	0.1598832216532	0.23122582788514	0.251104160267782	0.160821898917465	0.0423410830361116	0.0023437157202585	4.07439213203538e-06	
1.88606115930521e-06	4.58941548764268e-05	0.000231042492014889	0.00166664937777271	0.00777214369397023	0.0237005588713559	0.0570665524970978	0.114901360573086	0.183122393109841	0.238508465113998	0.22571908439275	0.120834280293207	0.0253628074397569	0.001065938898534	9.43030579652606e-07	
1.44888597991781e-05	0.000112446151050143	0.000499865663071645	0.00318597427975405	0.012778544392449	0.0349575240176474	0.0766781958093808	0.138211438450851	0.202245269308532	0.235664769360975	0.194103475027033	0.0863586440065099	0.0147609983832322	0.000428366289714831	
9.49431085069975e-07	2.65840703819593e-05	0.000206026545460185	0.00115925535487044	0.00601686126311679	0.0203817535802255	0.0492580670785721	0.0988803992167827	0.160836474104109	0.213152342230663	0.223177701534945	0.159701271003394	0.0591948128149144	0.00784135133159292	0.000166150439887246	
7.63166287892399e-06	7.34547552096434e-05	0.000463305533941344	0.00249746167712787	0.0102114829179536	0.0309180922241941	0.0671363743178009	0.12192249219583	0.180511086103282	0.217471865397818	0.202171971255342	0.124603113782052	0.0379376321430377	0.00400312516594892	7.09108675833354e-05	
1.37361540365925e-05	0.00014950046718896	0.000983891963551275	0.00435084692972999	0.0170995951029014	0.0447447231605932	0.0876737184248145	0.144264436937477	0.194412899206977	0.212418441585408	0.176365828920993	0.0923954415135325	0.0231661835054346	0.00194286718257106	1.78889447918414e-05	
3.08901776957472e-05	0.000397711037832745	0.0018781871584383	0.0079059548540053	0.0266617628509575	0.0621095288475647	0.109533674154961	0.163820587273762	0.201407819848484	0.199757447750552	0.146643396066136	0.0653748780481526	0.0135186357867857	0.000944081055826274	1.54450888478736e-05	
3.220574576269e-07	8.79216859321438e-05	0.000808042161185893	0.00362024788118399	0.0136900184088043	0.0392014778572616	0.0817182151833344	0.131662885712114	0.178674901031743	0.200778992578508	0.180356040960556	0.117457897428564	0.0440674439845464	0.00752841512948642	0.000345245594576037	1.9323447457614e-06	
1.48749036769145e-05	0.000243495705841666	0.00167310329618164	0.00647963738865245	0.0218625513628807	0.0554180704857012	0.102839910142647	0.153256779318193	0.187288295358674	0.193416108938621	0.156020924462329	0.0890890317957534	0.0282367709559098	0.00403012879403012	0.000129670355966146	6.46734942474544e-07	
7.04967748537679e-05	0.000694896780701427	0.00326819149782906	0.0115419788802058	0.0333839588974564	0.0742737126622928	0.125060953720654	0.169176665892393	0.190697024678744	0.179454251004254	0.128866155213107	0.0640857916511677	0.0174539618700163	0.00190211344133093	6.98470349933645e-05	
3.2647155420701e-06	1.07735612888313e-05	0.000170418151296059	0.00143843366783609	0.00567374914056363	0.0190114180161368	0.0487399177422272	0.0959744751480059	0.146247503308789	0.179901497002665	0.186017615099179	0.158614245782151	0.102437632506642	0.0445173346601137	0.0103174805276042	0.00089551147318983	2.87294967702169e-05	
1.2063178451903e-05	5.77076374591034e-05	0.000494916348378073	0.0029026615610079	0.0102530496204174	0.0294413281233444	0.0675479307573557	0.116996203359106	0.161444777540318	0.18593009551103	0.1762254314624	0.134679518842196	0.0783565386502607	0.0295169675125563	0.00571175198105103	0.000422537277666655	6.52063700102863e-06	
2.28773645798915e-06	5.71934114497288e-05	0.000128766880635389	0.00107098748183292	0.00536702973044255	0.0168027706449423	0.0432941051894687	0.0888501280969007	0.137960966640554	0.173530693089369	0.183534964620156	0.159159786299269	0.111232687962879	0.0570175825619576	0.0187293715620632	0.00306752777066945	0.000191189403989093	1.9609169639907e-06	
2.95281306298252e-06	1.41078846342498e-05	0.000118440612859632	0.000297577938680572	0.00236815607651198	0.009627154856344	0.0263062834877709	0.0598587702321009	0.111374203109575	0.156550930611846	0.179342710373987	0.174192348211465	0.138905575928143	0.0880151551490006	0.0399909315829932	0.011374564008949	0.00158631679550228	7.3820326574563e-05	
1.97302415606358e-06	1.70995426858844e-05	0.000149620998501488	0.000756654763850383	0.00431862104026383	0.0153836693448277	0.038799191191631	0.0806703809942529	0.131944017412596	0.170296318632878	0.179940789545077	0.160123077246855	0.116533383404302	0.067071640835944	0.0267496038331913	0.00647184806924789	0.000743172432117282	2.89376876222658e-05	
3.62923354216823e-06	4.12412902519117e-05	0.000338508510387691	0.00169254255193846	0.00742475196663217	0.0242937594009521	0.0544180474525585	0.102047778529652	0.151015377062518	0.179619346190278	0.172534092525	0.141834076061477	0.094684393602915	0.0487409364016413	0.0174242801662717	0.00357743448161183	0.00029792708077981	1.18774915925506e-05	
1.0588582926638e-05	9.06647413093378e-05	0.000666418937945279	0.00343268622752946	0.0126665923259907	0.0357950354767162	0.0729798224625536	0.124391694183195	0.167361156379141	0.180590598066326	0.15995609708804	0.121873596805954	0.0733534009039341	0.0339188709394025	0.0109393297360829	0.00185631094432622	0.000113496373244901	3.63982538103181e-06	
5.39793368423214e-05	0.00020995643900633	0.00116734455441217	0.0063238614499446	0.0199899061951721	0.0498123307350396	0.0943330306516531	0.144838151403098	0.177489358122764	0.175733208286722	0.14421523647917	0.100124053126265	0.0554010134868863	0.0228647198339953	0.00641161926751033	0.000988186141947773	4.40444895707285e-05	
6.98019718059864e-06	7.57849979607852e-05	0.000462354965629177	0.00252649898903477	0.0108409110021536	0.0305775847254672	0.0670730470987143	0.116054752666685	0.162346755587731	0.180543132466526	0.164521917985342	0.125286562023539	0.0801210299713047	0.0404276401183177	0.015032685604274	0.00362039560433716	0.000468337991783976	1.3628004019264e-05	
1.83655158389217e-05	0.000185992587677807	0.00107822273897961	0.00463044742069687	0.0175086810454186	0.0435827047596405	0.0872933002932138	0.136805729239537	0.175300184356387	0.177970530359366	0.14835596910987	0.105418060915411	0.0617051279525489	0.0285009431527179	0.00945156228764872	0.00199583069398609	0.000195008386362369	3.33918469798577e-06	
8.15003578637113e-05	0.000464518500581235	0.00235814409934055	0.00866586932708877	0.0265999727661356	0.0594305305036051	0.108621865841691	0.155120335446082	0.179284017679205	0.169313136449039	0.131560024175086	0.0872177924336812	0.0455965993891833	0.0189365913800124	0.00565236844064661	0.000990413813874648	0.000104977827207167	1.34156967676891e-06	
2.34707860802144e-06	4.02356332803676e-06	0.000144848279809323	0.00110748580604212	0.00441049600141629	0.0150635505062816	0.039953313253517	0.0778707034630474	0.13002580780578	0.167756437617501	0.178095318885835	0.155746771677199	0.111951961336239	0.0694564266532905	0.0324309263148083	0.0121940792595034	0.00328624534817402	0.000466733346052264	3.25238035682971e-05	
6.73755926525569e-06	4.00884776282713e-05	0.000305548312679345	0.00211188795169439	0.00785666785921466	0.024413545997654	0.0552570816801047	0.0980304766755805	0.148796301349466	0.176305082073578	0.170811276248689	0.139028187926698	0.0926117946364986	0.0523040094541432	0.0223875619265916	0.00775223569060319	0.00177669437824792	0.000185619757757794	1.92020439059787e-05	
1.85875364822648e-05	0.000130450710584622	0.000773917428079752	0.00396083504676624	0.0131697765304978	0.0363146390030051	0.0739895477213032	0.120365113289345	0.164099558900862	0.177441692587831	0.159038341694345	0.118768950838332	0.0737827191335369	0.0377942069069934	0.0147372127887658	0.00465702277682925	0.000874966035501519	7.8743563643049e-05	3.71750729645296e-06	
5.75390935832741e-06	3.08003383298703e-05	0.000303941800222236	0.00157860195571994	0.00702653872228689	0.0206369036115258	0.0510953920324602	0.0943224822500358	0.140728438155459	0.174663303224592	0.172726943492887	0.143238834961972	0.0978763674419439	0.0567352385993902	0.0263745666375474	0.00955013567379802	0.0026687985464948	0.000404804446621152	2.80926162788927e-05	4.06158307646641e-06	
2.72285736652043e-05	8.71314357286537e-05	0.000643275052840451	0.00340663492268787	0.0113005387854014	0.0314837190147341	0.0693208853370727	0.113296393235061	0.157813069034645	0.178605828956907	0.160246622805973	0.125605750674758	0.0791803518612432	0.0428039985160427	0.0184300004424643	0.00593480798750208	0.00157891691541103	0.00022429537556712	1.05510722952667e-05	
3.05681602043312e-06	2.30959432654947e-05	0.000180691791430046	0.00136605711490911	0.00613231258321332	0.0181384669728011	0.0460217237725185	0.0894288509088933	0.132310205689754	0.169971198000163	0.175598117001331	0.14539507648833	0.106058269706274	0.0621651088226503	0.0306985843545363	0.0121185772898948	0.00348307203217129	0.000787639594598266	0.000110724669184577	9.17044806129935e-06	
7.80628996905315e-06	8.89238248648663e-05	0.000481274746787712	0.00276274784122142	0.010057216711434	0.0281630577848736	0.0634773559892232	0.109898307799977	0.149569873422705	0.175615390202495	0.165736021140791	0.128724703377951	0.0864258120747693	0.0472022596154825	0.0214880010535097	0.00786263101839501	0.00196446984090781	0.000420521446593776	5.26076063131843e-05	1.01821173509389e-06	
2.89145445942218e-05	0.000292206985958077	0.00105861250326139	0.00519679409136384	0.0167064836954285	0.0420441290377886	0.0832827328802934	0.129204472433724	0.162768135627583	0.172718480850237	0.152342231189133	0.110930480250175	0.0679223062785042	0.0345671679768357	0.0146453869225298	0.0050018760436875	0.00107187917666345	0.000201721469933806	1.59880423050403e-05	
0.00013910526545583	0.000674203622355265	0.00224802231911831	0.00917519377431169	0.0259910234796827	0.0594818853468003	0.10454657606435	0.147466473431064	0.169397383128731	0.165471297777666	0.134683342601377	0.0911004106482204	0.0522869954853403	0.0244124664040477	0.00948048075592035	0.00277669001897721	0.000583835968154033	7.64909732190211e-05	8.12293520909958e-06	
1.86630598324125e-05	0.000246013061427256	0.00126908806860405	0.00453851682288213	0.0154933936161477	0.0382202498949779	0.0781951667425631	0.125128011624032	0.161375406430544	0.171343177022855	0.154374383694865	0.114903030134394	0.0720068354304957	0.0380851972074633	0.0168042190731042	0.00593349571326482	0.00171632284786077	0.000303359554366851	4.30947017948434e-05	2.37529852412523e-06	
5.80787745174792e-05	0.000451723801802616	0.00218287885277099	0.00849512460953912	0.0239980817022311	0.0544174342291843	0.098188451697989	0.144209936768857	0.169113843568387	0.166682686445603	0.138850726341306	0.0951479769057055	0.0555351959071786	0.0267379733632399	0.011438122160381	0.00334920933050797	0.000961186736166468	0.000162348855083948	1.90199495495838e-05	
6.78946546538391e-07	0.000117118279277872	0.000967159355543938	0.00393279787082363	0.0139771330803126	0.0361118089172839	0.0721723573703042	0.119043092737309	0.159332799228717	0.171940497124661	0.155986271700829	0.120770332751702	0.0759282896657546	0.0411815027802861	0.0187806798970717	0.00714794924195618	0.00199202916754364	0.000527201993387061	8.31709519509529e-05	7.12893873865311e-06	
6.43283209157103e-06	0.000305390239294582	0.00202566496862471	0.00681372346541405	0.0216857541209061	0.0506666784037638	0.0911498450364606	0.139335143103428	0.169702511987075	0.168056384111853	0.141401775055373	0.101391590866462	0.0587530869129787	0.0299177477774565	0.0127265118678981	0.00463671765758238	0.00110306141864939	0.00026848609729557	5.21397969527336e-05	1.35428044033074e-06	
6.29165260065122e-05	0.000781720922586289	0.00381490634570669	0.0115932155689311	0.0318208786800248	0.0672831358678996	0.112177459782471	0.157844371575531	0.172696054321993	0.1578954489703	0.124257771036614	0.082692272565215	0.0442252438691905	0.0209603362042663	0.00837973709010391	0.00278118105820185	0.000606840041159585	0.000109258268280126	1.69130446254065e-05	3.3826089250813e-07	
4.06106625325012e-06	1.42137318863754e-05	0.00017259531576313	0.00164202445506413	0.00664695019000714	0.0189573956923593	0.0469706307072787	0.0867494515022392	0.133151532934063	0.16973970934272	0.168805664104472	0.143882562086089	0.104800552575748	0.064381775423713	0.032615438346415	0.0140201543949705	0.00539444967306725	0.00167045191883688	0.00031710158994128	5.95623050476685e-05	3.72264406547928e-06	
1.52152089876578e-05	4.15882378995979e-05	0.000521036378888458	0.00299435312877105	0.0104498055327233	0.029535425571086	0.0639153736838422	0.107323350578364	0.152424611175334	0.173680934362603	0.160374726929263	0.126451235086137	0.086178267474583	0.0486950929598552	0.0239402860526913	0.00899962705832193	0.00337169031166496	0.000862533291722554	0.000190697285978644	3.34734597728471e-05	6.76231510562567e-07	
2.02345999518417e-06	3.81084965759684e-05	7.08210998314458e-05	0.00114494111394171	0.00572268210971335	0.0173005829588246	0.0425793314353279	0.083596214511041	0.127203800867255	0.16571024457561	0.173314744480844	0.146159236858808	0.108267250502324	0.0676820388922501	0.0363558429768064	0.0164777092274497	0.00579586391287251	0.00200491161189498	0.000477536558863463	8.43108331326736e-05	1.18035166385743e-05	
2.49934645467705e-05	9.38943668108407e-05	0.000282358599474327	0.00240072359457358	0.00963498058278004	0.0259641566698438	0.0589322251546386	0.103983282749713	0.146120575227964	0.173246252500191	0.166885753522559	0.129034502464558	0.0888855414158595	0.0522120229372455	0.0256459966211538	0.0113051519636419	0.00389999371785891	0.00113179864454362	0.000275265859535378	4.05299425082766e-05	
2.83601742124987e-05	0.000204936020797461	0.000678618454370505	0.00441642189135352	0.0151527735575138	0.0388446605219623	0.0771940308585705	0.123731388635673	0.160238022890712	0.175329011782977	0.153338060029035	0.111550693811405	0.0719609034741213	0.0391208345994125	0.0178203180390965	0.00725277693372497	0.00237989128599885	0.000624261453796549	0.000122894088254161	1.11414970120531e-05	
7.40447802637004e-06	5.88992570279435e-05	0.000414650769476722	0.00164211128593906	0.0080819877657829	0.0227960318729122	0.0545962455930734	0.0984398428231255	0.142567166188461	0.169946233392513	0.169160349020169	0.136378705394331	0.0936427507635868	0.055288564288539	0.0285856605551676	0.0120292476882042	0.00462174055718697	0.00140718739219332	0.000293486583590667	3.33201511186652e-05	8.4141795754205e-06	
2.4423406857825e-05	0.00020274773364167	0.000764820658588876	0.0034269720060918	0.0134693415984819	0.0338029987928815	0.0724528728617809	0.120533527649973	0.15800472141257	0.171575102310655	0.157563427253043	0.118978124657069	0.0751702278001269	0.042260858044468	0.0199823616163076	0.00793994919931374	0.00289099532408857	0.000776865078409173	0.000148882411667563	2.97764823335127e-05	1.00370165169144e-06	
4.98264434620349e-05	0.000489569887439055	0.00175328887967416	0.00628314796112869	0.0206077488479725	0.0495957035560698	0.093331282311947	0.13887800212682	0.169796146309165	0.168430099184719	0.141166340063805	0.0994027514897772	0.0582568101712826	0.0308569479464148	0.0138139634427732	0.00486393033661274	0.00186966204963918	0.000457466944000428	7.6578896327557e-05	2.07331509707796e-05	
1.27149325506289e-05	0.000163621105717303	0.00108311149122067	0.00344039306540963	0.0111339310690046	0.0310404963909668	0.0679265157203411	0.113138139042472	0.154787573629498	0.1730150986478	0.158629825484205	0.125683427624596	0.0799170317190723	0.0442148395308591	0.0224435289693008	0.00888907626684227	0.0030087545656646	0.00116475474233524	0.000266009773098683	3.34603488174444e-05	7.6958802280122e-06	
8.43404626225583e-05	0.000423382402009655	0.0019872091472104	0.00636888099023095	0.0180260097922301	0.0446775959809585	0.0878041338923325	0.133328158659531	0.165914490867541	0.171316312688737	0.144423801752198	0.105967574956326	0.0620056968454315	0.0332983538825006	0.0161086923431293	0.00568978905811864	0.00179265485295358	0.000660610954246811	0.000106181618281787	1.57928356305189e-05	3.36017779372742e-07	
1.24089118792861e-05	0.000178755406261067	0.000905179815194411	0.00341245076680368	0.0106508709043883	0.0281098745425471	0.0603046287253566	0.107840487126928	0.150064995868168	0.170933096513163	0.163407259146374	0.130527667178227	0.0856644200946565	0.0482072811470396	0.0242325926442653	0.0106180040567081	0.00348489198209897	0.00105475750973932	0.000339400508698312	3.82328636280707e-05	1.27442878760236e-05	
0.000113732953019259	0.000355248223842508	0.0018919811243439	0.00613823437618646	0.0172271972955642	0.0406137030144919	0.0811377577013098	0.1284305956362	0.163886843739954	0.17061582045447	0.150275685333032	0.110063058232275	0.0672466155247488	0.0358747184691277	0.0164738837361543	0.00679855452106886	0.00209569691372252	0.000585724708049182	0.000134472491511006	3.11093077376208e-05	9.3662431898213e-06	
0.00016606239335002	0.000809261804212772	0.00317122369272643	0.010358350616185	0.0258041579751214	0.0580663721648689	0.102348563292994	0.145552184188254	0.17013209144057	0.164715851206759	0.134067816941104	0.0908087305382059	0.0512474560210315	0.0253039660176868	0.0113547249762852	0.00434769388786812	0.00134420323631213	0.000314750049367643	6.74941719450785e-05	1.90453851528192e-05	
5.99756498861462e-06	0.000360520295426723	0.00165266235241825	0.00592092943598232	0.0167548641918048	0.0377370121064181	0.0775775035335654	0.122861118385935	0.158202103279402	0.171207822957213	0.151904660041357	0.115625056227172	0.0728767453747112	0.0378309739579064	0.0181989445618412	0.00769121070178841	0.00263792900082566	0.000757692376894981	0.000151605114989981	4.29825490850715e-05	1.66599027461517e-06	
3.10756484869668e-05	0.000676647184796857	0.00311591851764479	0.00963946567260234	0.0251331825440397	0.0547178681971479	0.0973085481089465	0.141104495376578	0.167648779679333	0.165832023756498	0.136160794093087	0.0955425824933162	0.0560313991025486	0.0274822342522481	0.0125916522788642	0.00489124024249698	0.00152237262910345	0.000449761536166207	0.000107929402809573	1.20292832852775e-05	
3.36181349667265e-07	0.000174141939127643	0.00136153446615242	0.00591679175414386	0.0160180327675962	0.0366410776629345	0.0723089103185823	0.118377857751586	0.156287683828164	0.169473388724814	0.154784617013802	0.117291655810811	0.0775856127829596	0.0421255402014062	0.0190729126920226	0.00814701882783649	0.00323877112269443	0.000834065928524483	0.000321053188932238	3.12648655190556e-05	7.73217104234708e-06	
1.18312512021396e-05	0.000467503440358832	0.00246529471477727	0.0101008462048896	0.0245555928521665	0.0511938239516582	0.0934408557442584	0.13769987631272	0.164727524594636	0.165246747504536	0.140661069470741	0.0973171116738279	0.0603518884536115	0.0310046388645785	0.0130295879310421	0.00510636801884347	0.00193187430343509	0.000495222371746702	0.000166989659824485	2.53526811474421e-05	
5.47200457881029e-05	0.000853088912597132	0.00486260680180365	0.0166301356547321	0.0362161734102042	0.0671251821310841	0.114116106420633	0.152648535185159	0.168270938319632	0.156353863999954	0.123021878841662	0.0787917677939563	0.0458074758458581	0.0215848488690114	0.00860804099177194	0.00346435668769027	0.00115183997003653	0.000341915317160444	8.42892630773262e-05	1.22355381886441e-05	
