# <P(U)> as a function of N_tot.
# number_of_species: 1
# species_total_upper_bound: 103
# species_total_lower_bound: 0
# volume: 729
# Bin widths for each
10	10	10	10	10	10	10	10	10	10	10	10	10	10	10	10	10	10	10	10	10	10	10	10	10	10	10	10	10	10	10	10	10	10	10	10	10	10	10	10	10	10	10	10	10	10	10	10	10	10	10	10	10	10	10	10	10	10	10	10	10	10	10	10	10	10	10	10	10	10	10	10	10	10	10	10	10	10	10	10	10	10	10	10	10	10	10	10	10	10	10	10	10	10	10	10	10	10	10	10	10	10	10	10	
# Bin lower bound for each
0	0	0	0	-10	-10	-10	-10	-10	-20	-20	-20	-20	-20	-20	-30	-30	-30	-40	-40	-40	-50	-50	-50	-50	-60	-60	-60	-60	-70	-70	-70	-70	-80	-90	-90	-90	-100	-100	-100	-110	-110	-110	-110	-130	-130	-140	-140	-140	-150	-150	-150	-160	-160	-170	-170	-170	-170	-180	-180	-180	-200	-200	-210	-220	-220	-220	-220	-230	-230	-230	-230	-250	-260	-260	-260	-260	-270	-270	-270	-270	-280	-280	-290	-290	-290	-310	-310	-320	-320	-320	-330	-330	-340	-340	-340	-350	-350	-350	-360	-360	-370	-370	-370	
# Bin upper bound for each
0	0	0	0	0	0	0	0	0	0	0	0	0	0	0	0	0	0	0	0	0	0	0	0	0	0	0	0	0	0	0	0	0	0	0	0	-10	-10	-10	-10	-10	-10	-10	-10	-10	-10	-20	-20	-20	-20	-20	-20	-20	-30	-30	-30	-30	-30	-30	-30	-40	-40	-40	-40	-50	-50	-50	-50	-60	-60	-60	-60	-70	-70	-70	-70	-80	-80	-80	-90	-90	-90	-100	-100	-100	-100	-110	-110	-120	-120	-120	-120	-130	-140	-140	-140	-150	-150	-160	-160	-170	-170	-180	-180	
# Normalized histogram for each
1	
1	
1	
1	
1.34598276721438e-05	0.999986540172328	
0.000103377822993586	0.999896622177006	
0.000442526548963859	0.999557473451036	
0.00141734269261485	0.998582657307385	
0.00388978032020567	0.996110219679794	
2.30785627846006e-06	0.00942738309239314	0.990570309051328	
2.93447218801583e-06	0.0206299682972201	0.979367097230592	
1.02679473241729e-05	0.0407430054323728	0.959246726620303	
3.87396991663426e-05	0.0739741884713587	0.925987071829475	
0.00016129613383641	0.124336695834035	0.875502008032129	
0.000449211532096405	0.192975027570017	0.806575760897886	
1.4660533258048e-06	0.00104131673370021	0.279493013627594	0.71946420358538	
1.09028983677942e-05	0.00243428173173251	0.379911074283543	0.617643741086356	
2.83081062673728e-05	0.00503318129433888	0.487160072066148	0.507778438533246	
1.25741613558299e-06	9.26296553212803e-05	0.00998241713103743	0.592135700349352	0.397787995448154	
5.65526864725346e-06	0.000249669638056523	0.0187815660863174	0.684570479204425	0.296392629802554	
1.65309351340753e-05	0.000569375626579986	0.0331093705501181	0.757196135778824	0.209108587109344	
1.46340311048422e-06	2.80137166864122e-05	0.00125936290536527	0.0554004696687754	0.803155766090483	0.140154924215579	
1.25353025457946e-06	7.83456409112162e-05	0.002520222576832	0.0879923919070415	0.82058722878306	0.0888205575619004	
5.22741885739079e-06	0.000141349405903847	0.00496583881776695	0.133931071254946	0.807607358114784	0.0533491549877417	
1.63140803481006e-05	0.00034656962995901	0.00935863493815081	0.192722205094762	0.767088057967692	0.030468218289088	
1.25482558865437e-06	2.82335757447233e-05	0.000757078105154803	0.0164438619265212	0.26286713843926	0.703514410939904	0.0163880221878261	
2.92509704009431e-06	8.16937816197767e-05	0.00149075481293378	0.0280370551293039	0.341522212142245	0.62046468927321	0.00840066976364798	
4.59693931601304e-06	0.000181788054769607	0.00313072462599197	0.0456958752708276	0.421826643985647	0.525059901253564	0.00410046986988363	
1.35901807807663e-05	0.00036735304048933	0.00582412424352349	0.0709049910461617	0.49535853510396	0.425773046071758	0.00175836031332684	
2.09068601471132e-07	3.24056332280255e-05	0.000868052833308141	0.0104335685564168	0.105724737352343	0.552641278630116	0.329565289929019	0.000734457996968087	
3.35461065025983e-06	8.72198769067555e-05	0.00168506286225864	0.0180287259503245	0.149328186801494	0.588095535118056	0.242449452831553	0.000322461948756226	
4.60840883792268e-06	0.000246549872828863	0.0031052296642439	0.0291957363001432	0.203250729699645	0.594848804390222	0.169221819894166	0.000126521769913877	
2.68124144830608e-05	0.000512159011024092	0.00571544319664309	0.0453257582676499	0.261919375069649	0.574600306499413	0.111856994311579	4.3151229558676e-05	
1.88806660091999e-06	6.94388938782797e-05	0.00103990512675116	0.0101330436619597	0.06791396542027	0.323434619715066	0.527795592035799	0.0696004284652473	1.111861442764e-05	
4.1982100931268e-07	9.02615170022261e-06	0.000200254621442148	0.00218768727952837	0.0171822243586447	0.0979698505542162	0.380161358204929	0.461518051778624	0.0407675587513264	3.56847857915778e-06	
1.68095866753768e-06	3.992276835402e-05	0.000412465233047059	0.00421227230101599	0.0273498278803384	0.13568257112714	0.42649157240866	0.383326444904794	0.0224828221783165	4.20239666884421e-07	
6.93575431792741e-06	0.000103826140395641	0.000956293398380901	0.00779957099206928	0.0414997706997588	0.178787352715054	0.455559259295067	0.303436098793725	0.011850892211232	
1.05039699754522e-06	2.12180193504135e-05	0.000249994485415763	0.00189680689816716	0.0132333215338737	0.061877206490193	0.225638930233682	0.463800903551497	0.227476494741187	0.00580407364963588	
2.94276593513009e-06	6.6212233540427e-05	0.000598222275098588	0.00377725027530626	0.0208900647807881	0.0877631594712186	0.273678913547633	0.448290032284244	0.162290808754056	0.00264239361218002	
1.38955296186372e-05	0.000160851282252103	0.00123691267438626	0.00701913730235978	0.032102884185603	0.119757779864914	0.314975233323838	0.413155571612612	0.110357033001251	0.00122070122316452	
4.00057271356742e-06	3.60051544221067e-05	0.000353103181086977	0.00239613249896827	0.0119553957198083	0.0479489695366916	0.155619541323811	0.34890721197982	0.361344781989843	0.0709303647680089	0.000504493274826712	
1.74700283772196e-05	7.32478298225592e-05	0.000792676227332638	0.00438476664041251	0.01942035708738	0.0685258705862394	0.194628324093863	0.368259357936466	0.301049632982066	0.0426782269141994	0.000170069673840885	
3.00773893330854e-05	0.000221478957816356	0.00152721625138135	0.00783295144163241	0.0300864335830247	0.0942768407046775	0.233172541993714	0.37041440753222	0.238062957234159	0.0243235637205268	5.15311915147268e-05	
6.41088025169326e-05	0.000504883093920236	0.00299146386039667	0.0130369979256073	0.0444791075718381	0.124472389810106	0.26741147782981	0.355734280153785	0.178237394685527	0.0130512910356767	1.66052308158612e-05	
4.19144948496517e-07	6.28717422744775e-07	0.000155083630943711	0.00101454034783582	0.00561570401995633	0.0208143189973885	0.0623587088575178	0.158058302643191	0.292469285582105	0.325951841502853	0.126987297183618	0.00657072578510564	3.14358711372387e-06	
8.40676113764495e-07	2.08067338156713e-05	0.000340683995103062	0.00212775124393794	0.00938068441544112	0.0315654965506008	0.0856207604966294	0.191704838616457	0.307370312573888	0.283227986107827	0.0855190386868639	0.00312016939623692	6.30507085323371e-07	
1.0498013146032e-05	8.60837077974623e-06	6.34079994020332e-05	0.000806457369878177	0.00393045612187437	0.015326259352155	0.0456000097421562	0.111827145594425	0.222528064338543	0.309717842801071	0.23419030714247	0.0545760209422765	0.00141492221182219	
5.24968995331136e-06	2.64584373646892e-05	0.000219647027646547	0.00171622863953655	0.00701946543037168	0.0239675644756421	0.0644966408283927	0.140509631501164	0.247001482092468	0.297440713151481	0.184162063388536	0.0328687287728787	0.000566126564565097	
1.23669971379834e-05	7.08482208921761e-05	0.000514173626770734	0.00311878899010263	0.0114723811416289	0.0361024087975883	0.0864958260336609	0.169820670157094	0.262860104947595	0.273094738324821	0.137804191447823	0.0184358389707975	0.000197662344086752	
5.23575889288412e-06	2.42939212629823e-05	0.000165659411370854	0.00115144809572308	0.00547325291626535	0.0185884100822286	0.0515091865578383	0.111503862838196	0.195962517830377	0.269851851060671	0.238764637349349	0.0971892980250508	0.009730762617603	7.95835351718386e-05	
6.48714029068666e-06	3.34820144035441e-05	0.000393413669241643	0.00228996052261239	0.00951998300787769	0.0284544806782619	0.0708630093843809	0.137239428838687	0.217519464036654	0.264189206863394	0.198987796852063	0.0656634618101005	0.00481973597339017	2.00892086421264e-05	
1.41883304737588e-05	0.000102656744016019	0.000851299828425527	0.00428758827801867	0.0156672552737294	0.041826363628966	0.0934777288071724	0.161943934812133	0.232106063612545	0.247926052090786	0.157827441107474	0.041743111513392	0.00222151697873691	4.79899413083018e-06	
2.29547811678975e-06	4.73703211373885e-05	0.000244990119010106	0.00172661690348349	0.00791459986686227	0.0247068570104945	0.058690158450594	0.116981112388695	0.184689995680328	0.238147507423785	0.221939345120961	0.118981517227563	0.0249455867346406	0.000981421234842019	6.26039486397205e-07	
1.27243554175299e-05	0.000115353582719574	0.000594707168776685	0.00331438169228086	0.0131774259087902	0.0364385905919871	0.0786577932713609	0.14048606203311	0.202933235098528	0.233793760309857	0.190152141571596	0.0854215182617446	0.0145124402476785	0.000389865906153498	
6.26627534473392e-07	3.63443969994567e-05	0.000222452774738054	0.00134348943391095	0.00630073985912995	0.0212071645250278	0.0512219967987688	0.100780506369356	0.163370153271006	0.213182864744744	0.220237019776156	0.155900753060083	0.058375576732317	0.00765989498140274	0.000160416648825188	
5.02019267917852e-06	8.53432755460349e-05	0.000531512899908026	0.00277616655158572	0.0107842105736553	0.0324097364126916	0.0693686040914989	0.123759672499364	0.18208092425094	0.216009478123778	0.198954628544439	0.12179447624016	0.0375135989698565	0.00386094651967821	6.56808542192523e-05	
1.32050584177112e-05	0.000168312093800351	0.0010968582650775	0.00487308576433917	0.0179532201373368	0.0465987647191861	0.0902071077170152	0.146217096610094	0.195130938634417	0.209677044095882	0.17276450413224	0.0905875391619064	0.022826305901676	0.00186924938046268	1.67683281494746e-05	
4.58284544248634e-05	0.000357167633338729	0.00213501735384822	0.00863382854692266	0.0278342691727964	0.0641613077506848	0.112163460426709	0.1658037743306	0.201130995801861	0.195875018657226	0.143576763712273	0.0641276721878042	0.0132774282248621	0.000867166855516337	1.03008911321941e-05	
2.51947977781548e-06	0.000107287847205309	0.000782928340956159	0.00401794037567123	0.0147240497782018	0.0407166828193315	0.0839043454307555	0.134428733155178	0.180187104966567	0.19960368583095	0.176232361541989	0.114462275829287	0.0431250955302749	0.00735520129803598	0.000348528035931141	1.25973988890774e-06	
2.96015132461523e-05	0.000310291039558958	0.00170345162042043	0.00723200658371245	0.0232029677091578	0.0571050979684125	0.105146884388246	0.155726213294648	0.188023773584113	0.191561889206365	0.151802648180767	0.0866280937255289	0.0274328350062037	0.00397143139062031	0.000122394909379481	4.19879620512799e-07	
9.67694161522461e-05	0.000756905128947351	0.00332129465698187	0.0125185965573649	0.0351962988643478	0.0762061255881898	0.127469092689954	0.171804421436698	0.190165576678402	0.176651517344445	0.124743350678901	0.0621924415512726	0.0169056170017974	0.00191582407151849	5.61683350274993e-05	
2.10458260234164e-06	8.41833040936657e-06	0.000245183873172801	0.00147762744510407	0.00610034313114749	0.020167373245199	0.0507654787841237	0.0979801058015766	0.148273105791475	0.181754489495607	0.184877479619222	0.155388068195211	0.0989273784308906	0.0431203720228574	0.0099881385724532	0.000903076394664799	2.12562842836506e-05	
1.02792494469659e-05	4.84593188214106e-05	0.000579204239246384	0.00293545994921212	0.0106214016071292	0.0310133347038999	0.0698068025555473	0.119474457638479	0.163540760895218	0.186726552035554	0.173942941774345	0.131507682690059	0.07549353508633	0.0283287723534342	0.00557470968987085	0.000391450601388538	4.19561201916975e-06	
2.72772461395877e-06	4.25944689718178e-05	0.000109948284439569	0.0011739707088538	0.00552804866764291	0.0175019204230407	0.0453188363862517	0.0904354015011298	0.139410857644878	0.175291976691803	0.183822620684504	0.157380268101758	0.107753934900124	0.0550725501308573	0.0180405411218124	0.00294405415834274	0.00016848945115453	1.25894982182713e-06	
1.88895822065173e-06	1.49017815184747e-05	0.000102633396655411	0.000336444447522747	0.00236077800732118	0.00976759307474335	0.0274440443351087	0.0620883776388484	0.112433102019905	0.157804619174479	0.181596467732081	0.173871468146602	0.136406710335183	0.0847892478819006	0.0387018155616996	0.0107836427132072	0.00142784253056597	6.84222644369404e-05	
1.26008011589377e-06	1.6381041506619e-05	0.000159610148013211	0.000810021501167044	0.00427881204686994	0.0156554453732168	0.0404317706519781	0.0822508895115551	0.133223020319632	0.171249508043721	0.181248873803396	0.15904164186759	0.114320348487757	0.0647225450594149	0.0257547774887527	0.00616599203377351	0.000644740992632312	2.43615489072795e-05	
2.31417442353389e-06	5.25948732621339e-05	0.000303367228975988	0.00172868829437982	0.00758207692946922	0.024563699228854	0.0569758158253766	0.103138967226031	0.151948692649235	0.179707845998003	0.173482716798697	0.140262953328361	0.0928347900360064	0.0469365064171005	0.0167971194839812	0.00340898930535847	0.000262553607324572	1.03085951593782e-05	
7.58066618473283e-06	0.000116236881499237	0.00069320980778168	0.00353532790487443	0.0131052872409176	0.036588085340613	0.0758395114007955	0.124797980510528	0.167999565375139	0.179943115523246	0.160509446036501	0.119920664116896	0.0720045366075634	0.0326341362030928	0.0104436311138336	0.00175197618491603	0.000107392770950382	2.31631466755725e-06	
2.10327102813567e-07	4.01724766373912e-05	0.000229256542066788	0.00133200154211832	0.00647576116852691	0.0208690757953677	0.0513578822921195	0.0970590171540682	0.14473617514695	0.177801278326065	0.174720617251155	0.14339954640857	0.0986349981354502	0.054270281684779	0.0220008459356075	0.00611462953299601	0.000912609299108066	4.5640981310544e-05	
9.88608287734652e-06	9.38126162403521e-05	0.000546258664520615	0.00276053088685736	0.0111018607290713	0.0314631949548164	0.0695927649017975	0.118157831523479	0.162057508395808	0.180738629216782	0.163303575522732	0.124290147698078	0.0782487666585755	0.039471132427656	0.0143280892221083	0.00339197813787426	0.000428046354370217	1.59860063548582e-05	
2.04444970896099e-05	0.000228894060199138	0.00121887140896097	0.00491995768621406	0.0178826119130717	0.0448394190137617	0.0906403616947687	0.138658583853948	0.174717196751728	0.176839841392856	0.147276255529235	0.104255342916393	0.0599304086180511	0.0275979633908611	0.00893424522815953	0.00184780315448052	0.00018884813806485	2.95075215726329e-06	
6.46856016382524e-05	0.000548668751355079	0.00242686892400453	0.00903470329852321	0.027111484475561	0.0614869302425836	0.112206973697823	0.1563198148854	0.17914561487457	0.167737350330265	0.129520801899186	0.0855358569988873	0.0442746605428154	0.0182605135699646	0.00527303539608764	0.000965437872008054	8.57558301849144e-05	8.42809141866481e-07	
1.47238076607971e-06	3.15510164159938e-06	0.000144293315075812	0.00109418924930667	0.00453913956171431	0.0156888480829077	0.0404176933893259	0.0800781623846679	0.133509598345044	0.168618728052324	0.178048906178846	0.153498429285233	0.109902496842269	0.0676556858612534	0.031520517100125	0.0117388711677347	0.00305224532808324	0.00046253790065847	2.50304730233551e-05	
2.31627320905755e-06	4.2114058346501e-06	3.28489655102708e-05	0.00032111969489207	0.002202565251522	0.00809326916273883	0.0247969681247115	0.0560685515796141	0.101156494156253	0.15212187471573	0.176640679485063	0.169990237961275	0.136246559281433	0.0906347178189635	0.0508560945780677	0.0217150613349146	0.00726825475973087	0.00165023937630764	0.000185722997308069	1.22130769204853e-05	
1.20287449017642e-05	1.39280204125691e-05	0.000105726336768138	0.000845810694145103	0.00415962439927498	0.0135097577389674	0.036474531031946	0.0749582845237113	0.123537953539078	0.16718478199166	0.177101954586634	0.157306016968127	0.116620792128727	0.071894753124783	0.0367110963483474	0.0142895158514589	0.00433161434830898	0.000860160775782296	7.93475102291814e-05	2.32133673542818e-06	
2.42491820645458e-05	2.82555686665143e-05	0.000270958251764708	0.00171009449168232	0.00738081843308955	0.0213523536888699	0.0510812183126449	0.0953600139000529	0.143622212082081	0.176932575465563	0.171799339916178	0.141107255608309	0.0961844860902474	0.0553646781775074	0.025552522884902	0.00928532810619371	0.00248395969322043	0.000426574741883272	3.05750556466013e-05	2.53034943282217e-06	
3.06518463932395e-05	8.87846585183489e-05	0.000651510279889408	0.00336219046127224	0.0119275846958079	0.0324290193079151	0.0691323857473565	0.115733127691153	0.159979807831948	0.179729320943223	0.160262861778987	0.12269173099855	0.0773656830806247	0.0415964580840228	0.0175975421024249	0.00574838385497491	0.00143366084302724	0.000230417328059525	8.87846585183489e-06	
1.89281055868617e-06	1.95590424397571e-05	0.000179396378506589	0.00143411946663122	0.00627067106864299	0.0189668030471726	0.0469465390379559	0.0892270897364661	0.134988729364684	0.17242768096636	0.176129597794581	0.144077585042927	0.102819572670676	0.060685189009753	0.0298195478538262	0.0117152354845616	0.00344428427995594	0.000738616742456203	0.000102211770169053	5.67843167605851e-06	
4.82236807206547e-06	7.79965618612328e-05	0.000480769129967223	0.00287685705725262	0.0101976311270021	0.0290841211789809	0.0645140594044459	0.110155047520244	0.152199597395166	0.177685602987855	0.165234667962136	0.127064995667207	0.0838697868366544	0.0456571325654306	0.0208200499807	0.00764575974417128	0.00198408995938937	0.00040444991352236	4.19336354092649e-05	6.29004531138974e-07	
2.55741501521243e-05	0.000236875325179512	0.00104141293406355	0.00520748391868091	0.01692526604453	0.0429046197396384	0.0845548483767332	0.130783898011966	0.164841329168241	0.174725109329492	0.150953307890548	0.108292061825718	0.0663808510825622	0.0330302726665579	0.0140458682864187	0.00477146562100535	0.00108124152856276	0.000184888528148964	1.36255718023613e-05	
0.000100477225127561	0.000593274237993858	0.00238935675189234	0.00923744248356353	0.0263752715959848	0.0601843986385961	0.10565492910623	0.149332503944565	0.171077276366777	0.166485550562037	0.133112311232582	0.0888003957385149	0.051069321572356	0.0232298341479563	0.00899271164891673	0.00269558298366078	0.000585352797008697	7.83805739584295e-05	5.62839227892978e-06	
1.29314084723251e-05	0.000213368239793364	0.00110521828217501	0.00449658443959447	0.0155291615775317	0.0384459116726401	0.0790086114837582	0.126944091264041	0.162770767007722	0.172604268866508	0.153968440689052	0.113005075786396	0.0706173788118455	0.0375461359282916	0.0160797892931275	0.00568898544340548	0.00162351747658998	0.00030472238351721	3.35799478071668e-05	1.45999773074638e-06	
3.81347323014728e-05	0.000396351152116947	0.00201280535136571	0.00817521138207147	0.0240886476236123	0.054415137196472	0.0995383196753338	0.14534000864804	0.170754828055077	0.166697750988534	0.13854619147595	0.0936332709910342	0.054446186787253	0.0265972044948971	0.0109584216805331	0.0033095946361311	0.000882933665362514	0.00015712343254268	1.18780313725899e-05	
4.1619619155513e-07	0.000119240208880545	0.000877133473702436	0.00398903239796014	0.0137028434107611	0.0357622820536618	0.0728160208897193	0.120223056186902	0.159818921360978	0.173045220132409	0.156099584095146	0.120210154104964	0.0749236384037544	0.0402821726939505	0.0185334245080457	0.00700000374576572	0.00200648183948728	0.000514834688953695	7.11695487559272e-05	4.37006001132886e-06	
5.80834655250776e-06	0.000285023862969488	0.00183481518774754	0.00668271014960849	0.0213973263765937	0.0502799519317835	0.0927117904663874	0.140660313580184	0.16970121657893	0.16871545719259	0.141640679501868	0.100371962364404	0.0580894813125785	0.0294665718246651	0.0122749032339836	0.00444566696309978	0.00113636151480848	0.000259301185379811	3.9828662074339e-05	8.29763793215395e-07	
5.5696579940121e-05	0.0007025222889845	0.00358218040722689	0.0113155159490987	0.0318118573670632	0.0669926331438131	0.113883563090353	0.158045774720792	0.172908893646449	0.158650155080812	0.124290127418867	0.0816845213199882	0.0437901419124011	0.0208108511017156	0.00805695544687706	0.00265376604123617	0.000626741812188648	0.000126300794659754	1.15948270507315e-05	2.07050483048777e-07	
2.48389298892225e-06	9.10760762604825e-06	0.000157106231549332	0.00155305409132364	0.00632606146062015	0.0184834756949001	0.0465307673614805	0.0871699475443199	0.134643352295096	0.169212932968422	0.169531699235334	0.144884650079505	0.10472589619894	0.0638190765465442	0.0319194738452278	0.0139975649569065	0.00508266602858216	0.00156485258302102	0.000315454409593126	6.66511285360804e-05	3.72583948338338e-06	
9.30391806597594e-06	4.56925753906819e-05	0.000467676948116391	0.00289537930213171	0.0101199750572294	0.0288012087650351	0.0628219155650828	0.108108840128088	0.153437735699258	0.173803392084475	0.161140552842947	0.127766571725352	0.0862183749487251	0.048419450398952	0.0229136894128856	0.00883954917761634	0.00315423497810064	0.000806339565717915	0.000195589033120294	3.32873513027139e-05	1.24052240879679e-06	
1.2386393546689e-06	2.33277078462642e-05	9.57881100943946e-05	0.0010373604595352	0.00547065714978763	0.0166995422195385	0.0417340950965365	0.0824446612063315	0.127961973771812	0.1671452975573	0.172824665438349	0.146849778851265	0.10928287942362	0.0682432481252677	0.0362349492415914	0.0159867052709266	0.00553609859569263	0.00188293825898917	0.000441574929939462	8.83562739663813e-05	1.48636722560268e-05	
1.52881348578772e-05	7.60274814553891e-05	0.000326422338857377	0.00231801179872137	0.00923052131506883	0.0257801338951379	0.0573650073186781	0.103054218130695	0.147262339229251	0.173338938982781	0.166180579730206	0.131238927723276	0.0901479333643917	0.052268480307746	0.0255576295540306	0.0108713100588696	0.00362948585382684	0.0010575670586145	0.000235726511795106	3.90467228126863e-05	6.40448892694854e-06	
1.81852034851942e-05	0.000206030089485667	0.000811308055487189	0.00435535623470402	0.0147353877240371	0.0383817318058589	0.0762092282054986	0.122666223608982	0.161861949920843	0.175196043726322	0.153124786246365	0.11348744879987	0.0724211263295089	0.0389161288082761	0.0176233220275097	0.00704697300055238	0.00220888227333229	0.000616643718179769	0.000102911719723031	9.09260174259712e-06	1.23990023762688e-06	
4.5397470329142e-06	4.10640754340875e-05	0.000419101191993124	0.00181940679950929	0.00778092006227708	0.0225198278610466	0.0535081411077189	0.0975523541167767	0.142140098656957	0.171683327882198	0.169248372655453	0.137156281823369	0.0944349923701297	0.0555056298022012	0.0283476249384813	0.0117496907297334	0.00451477842423317	0.0012535892374979	0.000286829471625033	2.6619425783906e-05	6.39691627365182e-06	4.12704275719473e-07	
1.769110143769e-05	0.000190076485214251	0.000799596642887221	0.00368982891264936	0.0133304506437812	0.0340101139615498	0.0716442294815623	0.11894632622679	0.157350416080306	0.17382247720265	0.157282531621301	0.119761351155815	0.0755757682103661	0.0421794943266078	0.0198932321457187	0.00788508847916389	0.00274150359139645	0.000727597974245459	0.000129803314037004	2.18053110743621e-05	6.17131445500813e-07	
1.85315477981124e-06	5.20942399213603e-05	0.000428696472396333	0.00186365599023017	0.00663429411172423	0.0205070107933912	0.0488829285940341	0.092325818378889	0.138111713523685	0.1689288538876	0.169828251674068	0.141658239960071	0.100124099598421	0.0590818688777686	0.030767311090946	0.0137098449671302	0.00489727036478116	0.00170263743047324	0.000421901571537025	5.78596103474398e-05	1.37957078052614e-05	
9.06638115808183e-06	0.000117244792703376	0.000905813899339267	0.00343554029656133	0.0115151282872328	0.0308005573351763	0.0664864517357381	0.111756129182744	0.155139381186517	0.172981813251505	0.159821342838198	0.124932671817195	0.0812879371386584	0.0452404177623594	0.0222006826985012	0.0089536695559575	0.00306320050672829	0.00108755363073536	0.000236756180696273	2.36962234813502e-05	4.94529881349918e-06	
5.43224788896237e-05	0.000316020504567013	0.00176517073988869	0.00623448556199393	0.0182155871227221	0.0440668905937013	0.0864962579454371	0.132231860732862	0.166417637001085	0.171858973061421	0.145255210310613	0.105796848800506	0.0635864237591238	0.0336204506989423	0.015814450936061	0.00566027837068916	0.0018723698522222	0.000621300442965735	0.000103068125345712	1.21864116140221e-05	2.06549349390204e-07	
7.62018525288203e-06	0.000125424130243383	0.000732979440946139	0.00312283429701217	0.0103984636058923	0.0281030372616761	0.0600610644574994	0.10748415464857	0.14983281931408	0.171435632604095	0.163973823633902	0.130018072196107	0.0860390997883854	0.0488876074162938	0.0245196966342466	0.0103659233553529	0.0033899526827686	0.00111934342836254	0.000328079867779488	4.65449153284145e-05	7.82613620566262e-06	
7.001725307489e-05	0.000289336001677119	0.00157229919772584	0.00571361378400831	0.017022841687284	0.0409918067457917	0.0797953683998957	0.127751420629472	0.163530854750032	0.171192389701203	0.151562229069269	0.110424827623701	0.067776289110299	0.0363212440995019	0.0166305391369673	0.00658059212355327	0.00201258415970853	0.000588144925829076	0.00014229977021985	2.5535704062607e-05	5.76612672381447e-06	
0.000105026303001916	0.000655950132108233	0.00273336627871587	0.00970740167196097	0.026105948636154	0.0577345475667015	0.100374401231428	0.145938277960674	0.170571382292648	0.165605639644231	0.13459419920539	0.090781311095544	0.0521163625408937	0.025881452334256	0.0113273653357489	0.00411686600686488	0.00125949028197189	0.000308682415109757	6.58219855748746e-05	1.65070810219121e-05	
3.70982185641547e-06	0.000249176368022572	0.00140375537022476	0.00525042843289911	0.0158654653713892	0.0381649984490884	0.0772024233380771	0.121267069044937	0.158875182013135	0.172489403821323	0.15267586358985	0.115408229827586	0.0729534407051959	0.0387653712861849	0.0184730579340208	0.00762471442100501	0.00244621531187751	0.000701156330862523	0.000142828141471995	3.64799149214188e-05	1.03050607122652e-06	
2.35586351697358e-05	0.000525109578651743	0.00264765994556715	0.00890413082068779	0.0244892012589404	0.0548075114848346	0.0964798439343747	0.140305931609695	0.168907561288616	0.166981952845532	0.136510098181645	0.0954699224424932	0.0563979260134863	0.0281153711828295	0.0125914705341404	0.00492416805986373	0.00139471253298726	0.000417855792221104	9.32012672065865e-05	1.28125910572248e-05	
2.07603218763345e-07	0.000129544408508327	0.00111171523647771	0.00511762694573522	0.0146196262685335	0.0363343001415231	0.0729804203176288	0.11760639301656	0.155424848569022	0.171968333865836	0.156605072867692	0.116925662062235	0.0769371300640394	0.0421517575377096	0.0196672909295455	0.0081976282993082	0.00314373554173333	0.000761073399986423	0.000282547980736913	3.03100699394484e-05	4.77487403155693e-06	
7.32189235353862e-06	0.00036086469456726	0.00201644915416454	0.00891952926508074	0.0229327944420561	0.0516672471881318	0.0943697785755154	0.136458944580597	0.165193188129748	0.167598325169423	0.141238675908987	0.0971173709804118	0.0598470561285808	0.0310933572654615	0.0134285597733142	0.00522469318656077	0.00190264602729811	0.00046609074753383	0.000140998727036715	1.6108163177785e-05	
3.38037016943003e-05	0.000723945114546258	0.00403733776322796	0.0149492146623241	0.0343185257722781	0.0688675885908937	0.115008801560093	0.151898508269939	0.168829123757661	0.158766118696764	0.122705757463269	0.0790937332556198	0.0452648362557088	0.0218594471478074	0.00870245855792149	0.00345658596890227	0.00111531219503182	0.000297094645325683	6.42480293071795e-05	7.55859168319759e-06	
