# <P(U)> as a function of N_tot.
# number_of_species: 1
# species_total_upper_bound: 103
# species_total_lower_bound: 0
# volume: 729
# Bin widths for each
10	10	10	10	10	10	10	10	10	10	10	10	10	10	10	10	10	10	10	10	10	10	10	10	10	10	10	10	10	10	10	10	10	10	10	10	10	10	10	10	10	10	10	10	10	10	10	10	10	10	10	10	10	10	10	10	10	10	10	10	10	10	10	10	10	10	10	10	10	10	10	10	10	10	10	10	10	10	10	10	10	10	10	10	10	10	10	10	10	10	10	10	10	10	10	10	10	10	10	10	10	10	10	10	
# Bin lower bound for each
0	0	0	0	-10	-10	-10	-10	-10	-20	-20	-20	-20	-20	-20	-30	-30	-30	-40	-40	-40	-50	-50	-50	-50	-60	-60	-60	-60	-70	-70	-70	-70	-80	-90	-90	-90	-100	-100	-100	-110	-110	-110	-120	-130	-130	-140	-140	-140	-150	-150	-150	-160	-160	-170	-170	-170	-170	-180	-180	-180	-200	-200	-210	-220	-220	-220	-220	-230	-230	-230	-230	-250	-260	-260	-260	-260	-270	-270	-270	-270	-280	-280	-290	-290	-290	-310	-310	-320	-320	-320	-330	-330	-340	-340	-340	-350	-350	-350	-360	-360	-370	-370	-370	
# Bin upper bound for each
0	0	0	0	0	0	0	0	0	0	0	0	0	0	0	0	0	0	0	0	0	0	0	0	0	0	0	0	0	0	0	0	0	0	0	0	-10	-10	-10	-10	-10	-10	-10	-10	-10	-10	-20	-20	-20	-20	-20	-20	-20	-30	-30	-30	-30	-30	-30	-30	-40	-40	-40	-40	-50	-50	-50	-50	-60	-60	-60	-60	-70	-70	-70	-70	-80	-80	-80	-90	-90	-90	-100	-100	-100	-100	-110	-110	-120	-120	-120	-120	-130	-140	-140	-140	-150	-150	-160	-160	-170	-170	-180	-180	
# Normalized histogram for each
1	
1	
1	
1	
1.33019656356188e-05	0.999986698034364	
0.00010299559033223	0.999897004409668	
0.00044140582036093	0.999558594179639	
0.00141974720023733	0.998580252799763	
0.00390252951642001	0.99609747048358	
2.28097932810643e-06	0.00943309369226271	0.990564625328409	
2.90002655595746e-06	0.0206467390651392	0.979350360908305	
1.03553650628622e-05	0.040765344321066	0.959224300313871	
3.84949708183286e-05	0.074026449770272	0.92593505525891	
0.000160449241313175	0.124394537024232	0.875445013734455	
0.000449237321783371	0.193090651286416	0.806460111391801	
1.44830682587007e-06	0.00104195331072595	0.279596667239093	0.719359931143356	
1.07709761134963e-05	0.00244169743126719	0.379922154841481	0.617625376751138	
2.79651036935688e-05	0.00505836938587597	0.487159356554036	0.507754308956394	
1.2418917405713e-06	9.14860248887524e-05	0.00999163999876639	0.592141640236796	0.397773991847809	
5.58550350831681e-06	0.000247003377367788	0.0187637749894393	0.684668951344472	0.296314684785213	
1.63268849026949e-05	0.000563587533286695	0.0330974890697706	0.757278328953664	0.209044267558376	
1.44558627403442e-06	2.76726515315161e-05	0.00124898654076574	0.0554303861408753	0.803162571045403	0.140128938035151	
1.23823266226626e-06	7.73895413916414e-05	0.00250742114108918	0.0880020207957048	0.820598454355442	0.08881347593371	
5.1647695779371e-06	0.000141927868001711	0.00495797220403649	0.133920615838861	0.807611713449494	0.0533626058700292	
1.61165049747312e-05	0.000347124722532672	0.0093579039782766	0.192668891157597	0.767136958679141	0.0304730049574783	
1.23977367518302e-06	2.78949076916179e-05	0.000764527099696193	0.0164579955380545	0.262776229323416	0.703582305371547	0.0163898079859195	
2.89017878026611e-06	8.07185645060034e-05	0.0015051638204943	0.0280952214816254	0.341434160385517	0.620476379910698	0.00840546565837963	
4.54256663687156e-06	0.000179637862458103	0.00314428203392182	0.0457781282436765	0.421665812870619	0.525128136513213	0.00409945990947491	
1.34281262640515e-05	0.000362972582245207	0.0058315253566407	0.0710089646170939	0.495216694838187	0.425805470659957	0.00176094381961192	
2.06598380392657e-07	3.20227489608618e-05	0.000859449262433452	0.0104222684956684	0.105829813757758	0.552574845944753	0.32954672935137	0.000734663840676287	
3.31480083433537e-06	8.61848216927196e-05	0.00167853227248657	0.0180615210460848	0.149558634268908	0.587791671397164	0.242499227237055	0.000320914155774093	
4.55213696966311e-06	0.000243539327876976	0.00310310900609262	0.0292363066029781	0.203427759138156	0.594633444343401	0.169225484931909	0.000125804512616144	
2.64792925725998e-05	0.000506416470450971	0.00568828990522482	0.0453830250357574	0.262047147207903	0.574446324198391	0.111859495908742	4.28219809572512e-05	
1.86485132369219e-06	6.85850875713461e-05	0.00102939793067809	0.0100927825695248	0.0679506237098855	0.323521659833713	0.527729510360492	0.0695945937545715	1.09819022395207e-05	
4.14765915449553e-07	8.9174671821654e-06	0.000197843341669437	0.00217026265258979	0.0171516075186277	0.0979600360597487	0.380160958208809	0.461560842945361	0.0407855915298164	3.5255102813212e-06	
1.66057443421115e-06	4.06840736381733e-05	0.000408086167207391	0.00418755357947198	0.0273413580592867	0.135685537019393	0.426464574758023	0.383370592472201	0.0224995381527355	4.15143608552789e-07	
6.85123904658157e-06	0.000105882785265352	0.000951907000865955	0.00776141577325471	0.0414765707347871	0.178829173074132	0.455517500036851	0.303494318765731	0.0118563805900661	
1.03795532764824e-06	2.09666976184945e-05	0.000253883873142761	0.00189551401935122	0.0131679164686767	0.0617880275174413	0.225747395303003	0.463808469840028	0.227512957315333	0.00580383101007792	
2.90832462220863e-06	6.54373039996942e-05	0.00060555473383844	0.00377791368424901	0.0208236042950138	0.0876319756166064	0.273728397380181	0.448395103378476	0.162326269151318	0.00264283613169559	
1.37363952452092e-05	0.000159009181323331	0.00124251938808938	0.00699931775903615	0.0320363956198382	0.119534735805413	0.315122688903532	0.413337498652376	0.110335721662337	0.00121837663280992	
3.95433780451003e-06	3.55890402405902e-05	0.000350895449389679	0.00241214606075112	0.0119579175208383	0.0478193908238551	0.155411511285472	0.349138890912307	0.361483084799734	0.0708833782532233	0.000503241516384486	
1.72701545304297e-05	7.24098045372233e-05	0.000794843256701704	0.00441387696450609	0.0194081164316365	0.0683796163071041	0.194534349817176	0.368479138173513	0.301134690767479	0.0425938190741158	0.000171869248700421	
2.9730230384337e-05	0.000218922605557391	0.00153017129810294	0.00790470691918097	0.0300614209927444	0.0941697770794061	0.233122636784528	0.370547612132346	0.238121681466985	0.024237622296758	5.57181940070093e-05	
2.07755685961491e-07	6.48197740199853e-05	0.000499860180423348	0.00300144639508566	0.0131289128186505	0.0444757139835782	0.124378758560054	0.267337939138387	0.355874271244993	0.178220098866776	0.0129976112251228	2.03600572242261e-05	
4.1434177768782e-07	9.32268999797594e-06	0.000154342312188713	0.00101182262111366	0.00564229915766388	0.0208832399372438	0.0623638239851268	0.157914352654159	0.292435590052731	0.326068748002096	0.126967165278656	0.00654287101146836	6.00795577647338e-06	
8.30987006894907e-07	2.59683439654658e-05	0.000341535659833807	0.0021329358999475	0.00941529053487102	0.0316088760215167	0.085586675788134	0.191558086095655	0.307413255863185	0.283343717208474	0.0854711685941757	0.00310103576298007	6.2324025517118e-07	
1.03764342047947e-05	8.50867604793165e-06	6.59941215424943e-05	0.000820983474283357	0.00393080080546033	0.0153973831878108	0.0456646116484605	0.111800890339561	0.22239230350821	0.309687169186307	0.234252152746922	0.0545640642085447	0.00140476166264511	
5.18978848913217e-06	2.61565339852261e-05	0.000223576088111814	0.00172031108837753	0.00702406733273104	0.023978068369028	0.0646234538582133	0.140487989583887	0.246869519583355	0.297389411835043	0.184217977759473	0.032873158247861	0.00056111993144497	
1.22243942968021e-05	7.00312758020187e-05	0.000515496491702433	0.00311639177318983	0.0114797422103155	0.0361357239275943	0.0866177069315424	0.169714788305606	0.262701819052029	0.273096905259908	0.137909607855934	0.0184341794064539	0.000195383115625159	
5.1758344842664e-06	2.40158720069961e-05	0.000163970436461559	0.00114944932226588	0.00547313441704266	0.0185820739320338	0.0515262604243894	0.111569667042708	0.195930593301766	0.269639859225583	0.238870765416896	0.0972586917270911	0.00972767036310963	7.86726841608492e-05	
6.41387582032954e-06	3.97246502420411e-05	0.000392487820360166	0.00229637444289799	0.0095483990034906	0.0284968502697242	0.070883879674862	0.13721287302119	0.217450252634293	0.263986852795964	0.199120636935111	0.0657285718098571	0.00481682074106749	1.98623251210205e-05	
1.40324028818428e-05	0.000119688142227483	0.000853706628267409	0.00431248757977576	0.0157105131794185	0.0418702138930281	0.093445072532046	0.161957247808314	0.231987192543346	0.247837204316119	0.157895692609484	0.0417744633792461	0.0022177387319289	4.74625391591743e-06	
2.27026141234614e-06	4.78818770603912e-05	0.000272844144283781	0.00172250924976735	0.00797625389117646	0.0247462621693751	0.0587300116381856	0.11697253623492	0.184600115122892	0.238073026879689	0.221841689718419	0.119073972753148	0.0249584284177289	0.00098157847973802	6.19162203367128e-07	
1.25853352784897e-05	0.000115331187224193	0.000615237209843548	0.00331489478556549	0.0132562780707135	0.0365168661029674	0.078628429529653	0.14052475896504	0.202812059061947	0.23365582739192	0.190134912731016	0.0854874372564299	0.0145346180278532	0.000390764344548518	
6.19711536673909e-07	3.59432691270867e-05	0.000230945832667143	0.00134849230380243	0.00629502978953357	0.0212831664450165	0.0513129415186486	0.100825827593772	0.163336543439093	0.21313387710955	0.220030440230681	0.155964868139845	0.0583724887739255	0.0076670711317296	0.00016174471107189	
4.96516420108336e-06	8.60628461521115e-05	0.000551133226320253	0.00277490614288046	0.0108137138662761	0.0325143777707944	0.0695060923599156	0.123816920327941	0.181957751831577	0.215885546344946	0.198761522542776	0.121829406474616	0.0375424340517581	0.00388855109681512	6.66159530312017e-05	
1.30627911784276e-05	0.000170645668886443	0.00112588819204542	0.0048805075993306	0.0180627300113895	0.0466969903121779	0.090371292214846	0.146204357208038	0.194958011420197	0.209537537796564	0.172658790149163	0.0905956404696882	0.0228275386031398	0.00188041989201841	1.65876713376858e-05	
4.53248932006215e-05	0.000359480460293003	0.00217497113656744	0.00864853019479932	0.0280197242292117	0.0643623879066532	0.112331926251825	0.165748352450528	0.200873689294531	0.195731185127447	0.143404843401454	0.0641523964289806	0.0132714613889086	0.000865539130248565	1.01877053524333e-05	
2.49134879132213e-06	0.000106089936030468	0.000783944419669365	0.00406442794064278	0.0147602035265873	0.0409702308732925	0.0841343019697434	0.134515395289856	0.180201957037521	0.199311225104159	0.176043895904804	0.11427982995714	0.0431237942909912	0.0073557073063786	0.000345259419997392	1.24567439566107e-06	
2.92624857423208e-05	0.000306737261894682	0.00171154411288595	0.00730067888966922	0.023215735497014	0.0572976073663431	0.105378776936014	0.155794926839635	0.188042808733752	0.191247777296296	0.151685311643398	0.086485380379109	0.0274247601306311	0.00395728424208917	0.000120993114806901	4.15070719749231e-07	
9.56119518265416e-05	0.000747851744938906	0.00334059845599169	0.01257047744036	0.0352346670646341	0.076435104219106	0.127750870172688	0.171874538828221	0.190023557953522	0.176345436836458	0.124597338578965	0.06212012436205	0.016896918260511	0.00191140762825408	5.54965024732318e-05	
2.0783798613305e-06	8.31351944532198e-06	0.000242131253845003	0.00146629699216866	0.00611687976988178	0.0201615316828226	0.0508887152287049	0.0983017558153069	0.148477794589562	0.181884009776699	0.184668830952896	0.155029887102406	0.0987926691385531	0.043045533146002	0.00999326604924929	0.000899314965997705	2.0991636599438e-05	
1.01509003848641e-05	4.78542446715024e-05	0.000571972162502242	0.0029189017637293	0.010619706253659	0.0310644482737047	0.0700130387279637	0.119904714119571	0.163741688173455	0.186553247273033	0.173727895378606	0.131173870836629	0.0753940517381035	0.0282938739523339	0.00557201566636103	0.000388427310645311	4.14322464688332e-06	
2.69367301793323e-06	4.20627402031112e-05	0.000108575743184386	0.00116221630442981	0.00551394866770933	0.0174773793628179	0.0453481924625227	0.0907202135709733	0.139929268290661	0.17552097708223	0.183509582430953	0.15710309142492	0.107456418442626	0.0549675060151791	0.0180345552662965	0.00293568917831369	0.000166386110261568	1.24323370058457e-06	
1.86486562089147e-06	1.47117176759216e-05	0.00010132436540177	0.000332153287809891	0.00234247842713089	0.00971843637233907	0.0274292723812366	0.0620809621048945	0.112777126801538	0.158402721874977	0.181661740313318	0.173568016311358	0.136180775929143	0.0845113585856859	0.0385981597920468	0.0107915629335165	0.00141978435937204	6.75495769345132e-05	
1.24417260655405e-06	1.61742438852027e-05	0.00015759519683018	0.000803528141732826	0.00425610712492032	0.015618098730073	0.0403777556868019	0.0823225467715587	0.133607548975818	0.171738951021486	0.181218094748721	0.15885575104272	0.114032773994802	0.0644682551433059	0.0256836624791964	0.00617503600842885	0.00064282251338626	2.40540037267117e-05	
2.28510460793422e-06	5.19341956348685e-05	0.000299556440421922	0.00172255340081732	0.00753212026131625	0.0245098242879199	0.0569304729917254	0.103232924451949	0.152315309536115	0.180147260450407	0.173397684648917	0.140093946882536	0.0926117582342706	0.0467173018149547	0.0167390144634657	0.00342142480842514	0.000264448924172751	1.01791023444342e-05	
7.48399672034633e-06	0.000114754616378644	0.000684369922316114	0.00349668957878403	0.0130610294985889	0.0365083912234339	0.0757640329096282	0.124914765592907	0.168375166103149	0.180328771975925	0.160547737088858	0.119714427316255	0.0717357716749018	0.0324593411089287	0.0104137735475641	0.00176164967245041	0.000109557396433959	2.28677677566138e-06	
2.07614295822136e-07	3.9654330502028e-05	0.000226299582446128	0.00131544417832905	0.00643355179893635	0.0207944402552493	0.0512167858649544	0.0970108939373304	0.144911041426526	0.178265938964719	0.17496819348988	0.143349574307648	0.0984706300512558	0.0540451154169393	0.0219091214095184	0.00608828922498414	0.000907897315630201	4.69208308558027e-05	
9.76077179045575e-06	9.26234940115588e-05	0.000540372940399274	0.00273135469336328	0.0110377714870411	0.0313518066669394	0.0694057330619977	0.118220806518036	0.16229505234785	0.181349947966779	0.163426055819569	0.124066470440541	0.0780882510836014	0.039329887711666	0.0142324513264577	0.00338117288341298	0.000424489734887054	1.59910516567041e-05	
2.01884771248945e-05	0.000226027692346756	0.00120548102584937	0.00486854491655187	0.0177810532599083	0.0446741860765693	0.0905088973948747	0.138738544860357	0.175104444149827	0.17733142049247	0.147309906235971	0.104010617890196	0.0598190821069527	0.0274967058441062	0.00888188929180279	0.00183361323165278	0.000186483252617582	2.91380082214971e-06	
6.38713219636832e-05	0.000541761962193587	0.00240152009585275	0.008942401174733	0.0269998849484005	0.0612781879019394	0.112003876385898	0.156391116352119	0.179602412463521	0.168290530878871	0.129507947402487	0.0853191870491428	0.0441966662498733	0.018173575622709	0.00524556234746041	0.000955989330368483	8.46763128313325e-05	8.3219963470597e-07	
1.45364110099608e-06	3.11494521642016e-06	0.000142456827897615	0.00108067832708337	0.0044948659472943	0.0155454455970665	0.0402550600208411	0.0799226413738653	0.133302211569571	0.168750080469418	0.178460195361057	0.153970496069562	0.109870762999601	0.0674867417548438	0.0315070478750467	0.0116806292355468	0.00304226316137036	0.000459142924900332	2.47118987169333e-05	
2.28754099117487e-06	4.15916543849977e-06	3.24414904202982e-05	0.000318592072589083	0.00217794698187041	0.00803280416964654	0.0246033351931735	0.0558286856392544	0.100830439767278	0.151915805182195	0.176942127500464	0.170553649386929	0.136610284326788	0.0906055474532702	0.0507528401381092	0.0217120913386004	0.00722426240840218	0.00165597171933868	0.00018466694546939	1.20615797716493e-05	
1.18852535072445e-05	1.37618724820726e-05	0.000104465122932096	0.000844061512233783	0.00412480850667211	0.0134165745907042	0.0362400145625632	0.0746875585791826	0.123202954882535	0.167107498364735	0.1775921685771	0.157838043195182	0.116759062349414	0.0718782599738649	0.0366343130604966	0.0142914960594129	0.00430850865298584	0.000863870268079191	7.84009705039285e-05	2.29364541367876e-06	
2.39623470264603e-05	2.79213434917015e-05	0.000267753181991317	0.00169903458829354	0.00732831082539659	0.0212223047360433	0.0508920660877364	0.0950517545022125	0.143305253629983	0.17689713026932	0.172199468410959	0.141657060891033	0.0963861446792338	0.0553269756017466	0.0255146903773049	0.00926363499219453	0.00247562300018586	0.000428196722951094	3.02133940768412e-05	2.50041882015238e-06	
3.03031822939133e-05	8.86106847766844e-05	0.000649115063482032	0.00334317246314297	0.0118763396096449	0.0322662015441666	0.0689334700947298	0.115380307027663	0.159734761470068	0.179903932642504	0.160756292194569	0.123068955831753	0.077517421195007	0.0415082541688819	0.017559126733342	0.00571455321823976	0.00142487653020621	0.00023552887203614	8.77747349203005e-06	
1.87199700480479e-06	1.93439690496495e-05	0.000182415708134867	0.00143665370135408	0.00626390997774404	0.0188865777814755	0.0467310772302764	0.0889889136177382	0.134769016369574	0.172293196330886	0.176385173783722	0.144491752813196	0.103082555067912	0.0607764627576596	0.0297452004076793	0.0116841733053227	0.00341868253010795	0.00073444682488508	0.000102959835264264	5.61599101441438e-06	
4.76971999255094e-06	7.83893111819242e-05	0.000475727724474429	0.00286909026508445	0.0101518305563194	0.0289571774539069	0.0642213763918769	0.109888749391861	0.152043327306896	0.177716034098106	0.165606129795279	0.127399013621906	0.0840683886600115	0.0457117521338276	0.0207729600840798	0.0076162059324533	0.00197404193952576	0.000402108133285055	4.23053425426257e-05	6.22137390332732e-07	
2.52927165476354e-05	0.000241732028643794	0.00102995258859551	0.00519703129849282	0.0168428760472377	0.0427063372559849	0.0842220509780922	0.130594588229392	0.164757170225995	0.174834451914089	0.151302896244094	0.108613766328055	0.0665546738348713	0.0330329097632581	0.0140134088714825	0.00475067704663168	0.00108136729108579	0.000185341709783492	1.34756276688221e-05	
9.93796811025619e-05	0.000590092629285336	0.00236799924784839	0.00922334160672615	0.0262257205336153	0.0598931647809956	0.105342255786805	0.149116943493373	0.171059234825939	0.166632715378655	0.133447530621107	0.0891815114206222	0.0512267205158836	0.0232562886513765	0.00897901604218977	0.0026892306651882	0.000584113353866303	7.91738538244476e-05	5.56691159703148e-06	
1.2790757646088e-05	0.000213729434215277	0.00110268709061839	0.00446975088967972	0.0154535045644438	0.0382746918355769	0.0786821393573676	0.126607251534375	0.162640672546289	0.172686368559492	0.15417484140492	0.113308989633297	0.0709550776213317	0.037694569085564	0.0160730311001083	0.00569477538810666	0.00161431739646191	0.000306152973335396	3.3214709371293e-05	1.44411779875187e-06	
3.7733623710407e-05	0.000394450394306058	0.00200008825131666	0.00811479104438835	0.0239680678693864	0.0541943500187431	0.099203964875976	0.144966808844761	0.170710006585858	0.166815195557082	0.138880560915471	0.0938872354367801	0.0548215941899292	0.0266828268298849	0.0109545039719278	0.0033195279131904	0.000877770689263403	0.000158769892114827	1.17530959097989e-05	
4.1196536936712e-07	0.00011802807832368	0.000878722132860068	0.00398288119104132	0.0136096879424122	0.035583508779085	0.0725876801344325	0.119823217420697	0.159584261027849	0.173021335480497	0.156314285908498	0.120558987570387	0.0752547439357153	0.0405077308391302	0.018577784314295	0.00699743778138522	0.0020097730544575	0.000513720815600799	7.14759915851954e-05	4.32563637835476e-06	
5.75095922919072e-06	0.00028220778503243	0.00184133391034624	0.0066472873033403	0.021290051066464	0.0500888009722407	0.0923938840191729	0.140254804464305	0.16951814971924	0.168783875460513	0.141928744382802	0.100687178010468	0.0584580897819216	0.0296186723787385	0.0123238948453536	0.00444610765836755	0.00113129583694223	0.000259614730917752	3.94351490001649e-05	8.21565604170103e-07	
5.51619485086793e-05	0.000696188904040767	0.00358737222011463	0.0112581640709108	0.0316629584439819	0.0667781525873825	0.113536824189232	0.157650183018733	0.172802903692159	0.158805097866319	0.124589720191529	0.0820485794260287	0.0440985942930966	0.0209082240518399	0.00811044693482072	0.00264674821338856	0.000625647230111452	0.000127344126482862	1.14835283140745e-05	2.05063005608473e-07	
2.46115830723993e-06	9.0242471265464e-06	0.000155668262932925	0.0015410952933834	0.00633112464884911	0.0183895697751711	0.0463581727786457	0.0868671977436101	0.134347658710357	0.168905192695364	0.169576063430613	0.145135735957092	0.104975785278705	0.0641267102742899	0.0321086814693033	0.0140981300734471	0.0051282335261856	0.00155770811195727	0.000315233359852314	6.68614673466847e-05	3.69173746085989e-06	
9.21846281927634e-06	4.52728951791127e-05	0.000463381397715624	0.00288251089622305	0.0101261741248811	0.0286966650469486	0.0626894394109361	0.107804596448475	0.153177460735494	0.173523837306013	0.161201005918663	0.127988113509186	0.0865285891163141	0.0487150691958305	0.0229943288016736	0.00890913217800729	0.00321068817258929	0.000805283940946117	0.000195021702310024	3.29816114200776e-05	1.22912837590351e-06	
1.22715924293274e-06	2.31114990752332e-05	9.49003147867985e-05	0.00102774586595617	0.00544163313624474	0.0166640044128646	0.0416283094183858	0.0822853222959904	0.127637241910515	0.166881794499504	0.172663759799122	0.146967863358273	0.10964238329869	0.0684795762864566	0.0364791492350401	0.0160512428975602	0.00557784781221028	0.00190884620238188	0.000438504902807965	9.08097839770227e-05	1.47259109151929e-05	
1.51507396222552e-05	7.53442186620259e-05	0.000323488764907611	0.00229717971029329	0.00919260889594103	0.0257024108102575	0.0572755284844142	0.102770333213902	0.146933101294979	0.173195475252086	0.166205251573937	0.131423452935456	0.0905094948047295	0.0524899421610278	0.0256755899063316	0.0109062803910529	0.00365787992015151	0.00106853662281824	0.000236474381941956	4.01289860265138e-05	6.34693146337718e-06	
1.80247939233504e-05	0.000204212722063413	0.000804151601625836	0.00431734779904977	0.014667266400719	0.0382654085360508	0.0760855227313134	0.122441196158097	0.161685473900508	0.175045328260173	0.153249051035565	0.113691592498736	0.072718573157313	0.0390847173507486	0.0176907207541574	0.00707473161491503	0.00222196550546028	0.000621445735948239	0.000103028083448241	9.01239696167519e-06	1.22896322204662e-06	
4.49958573132278e-06	4.07007982060561e-05	0.000415393573650753	0.00180331124513968	0.00772312985456725	0.0224451607875829	0.0533352258863621	0.0974336203728152	0.141986473018132	0.17143973858225	0.169259689295424	0.137339832644045	0.0946929636091913	0.0557355503473987	0.0284392225615773	0.0117970956810317	0.00452412892622091	0.00126520169699831	0.000285928220563148	2.63839345154836e-05	6.3403253486821e-06	4.09053248302071e-07	
1.75347846290078e-05	0.000188396988339572	0.000792531486662248	0.00365722595221527	0.0132577244294416	0.0338749610819533	0.0715431446434189	0.118833031537941	0.157235841018225	0.173761356066842	0.157281309122553	0.119918964827873	0.0757833002381264	0.0422983861677463	0.0199490798010087	0.00793591729453769	0.0027719232212949	0.000748490632245205	0.000128656384894232	2.16126415194747e-05	6.11678533570039e-07	
1.83732826339611e-06	5.1649338959913e-05	0.000425035271598968	0.00184773979022202	0.00657926836363666	0.0204461972102416	0.0486932819316934	0.0921514031982169	0.138111353116731	0.168881089543826	0.16978178868806	0.14167536165255	0.100325472494481	0.0592942577163194	0.0308526203465324	0.0137546476749529	0.00490382913500423	0.00171422726974857	0.00043789656944274	5.73654713349231e-05	1.367788818306e-05	
8.98842250325115e-06	0.000116236645553407	0.000898025121006638	0.00340599928174333	0.0114165222731067	0.0306513378654049	0.0662671449052191	0.111665828428174	0.155145279464355	0.172981986792739	0.159722225059477	0.125138860913559	0.0814669759228761	0.0454254445081351	0.0222788265859561	0.00898086405705524	0.00306382637963093	0.00109372759278197	0.000243504536906259	2.34924679062246e-05	4.90277591086427e-06	
5.38652737338998e-05	0.000313360717919645	0.00175031417996163	0.00618201301286704	0.0180768172054286	0.0438319960545223	0.0862970839839494	0.132215693760148	0.166603857982465	0.171927918023198	0.145164250170812	0.106008906817582	0.0637185226086686	0.0337133122186922	0.015866497683998	0.00566158844800834	0.0018729959250818	0.000624878137498587	0.000103839139859647	1.20838446779471e-05	2.04810926744866e-07	
7.55340204207245e-06	0.00012432491469249	0.000726555618046915	0.00309546581524174	0.0103073315974118	0.0279036961654236	0.0597806859509784	0.10728178578756	0.149837448746595	0.171743131252609	0.164072549405884	0.129971388937941	0.0862471942683969	0.0489807500528228	0.0245887733989595	0.010419203606035	0.00339882677293147	0.0011221905682506	0.000332962127854599	5.0424062280862e-05	7.75754804320954e-06	
6.93979948469948e-05	0.000286777008117728	0.00155839320781413	0.00566308049126432	0.0168759594527927	0.0407296831757012	0.0794905044152433	0.127544533611796	0.163709257508812	0.171607973992897	0.151546442464878	0.110453644486727	0.0679553330011755	0.0364061880967335	0.0167000151246806	0.006598932862951	0.00203132013152145	0.000589678844449906	0.000151859141665189	2.53098569441981e-05	5.71512898739957e-06	
0.000104095705878299	0.000650138013727136	0.00270914698579533	0.0096213881704331	0.0258817918613519	0.0574203366197445	0.1000363823695	0.145696562857957	0.170966255607926	0.165996657075819	0.134681846506485	0.0908422160646465	0.0522223001633423	0.0260053160388578	0.0113850843737621	0.00412824345551933	0.00125937398192252	0.000307992402854063	6.8510926265678e-05	1.63608182126992e-05	
3.67853826333756e-06	0.000247075153354173	0.00139191800619956	0.00520615345880691	0.0157316776096368	0.0378803608564291	0.0768561086623854	0.12089250330251	0.158812714990125	0.172982648743738	0.153094018533293	0.11540024131211	0.0730719146055953	0.0388237015577383	0.0186115643433564	0.00765646866866343	0.00245603738048838	0.000698922270034137	0.00014489353492813	3.63766561596714e-05	1.02181618426043e-06	
2.33715800356683e-05	0.000520940218163449	0.00262663757383318	0.00883343218418281	0.024295987530237	0.0544270795427125	0.0960947114829698	0.139989819011714	0.169051353716768	0.167698467254879	0.136772331493471	0.0954886905129221	0.0565057150688672	0.0281477879312031	0.0126702665733717	0.00493345352612563	0.00139675942792112	0.00041453802484317	9.59464864622173e-05	1.27108593176442e-05	
2.05939458741677e-07	0.000128506222254806	0.00110280580156168	0.00507661359744108	0.0145024626240476	0.036050114131648	0.0725337308239473	0.11731114733815	0.155181560345616	0.172349703323616	0.15739355607196	0.117040954768281	0.0769822290722263	0.0421829912129752	0.0196886360135393	0.00826455641876224	0.00313336886475461	0.000759916602756788	0.000280283603347422	3.19206161049599e-05	4.73660755105857e-06	
7.26584717598318e-06	0.000358102467959171	0.00200101431226577	0.00885125502978271	0.0227572561420801	0.0512885772370973	0.0939023557329714	0.136187302745224	0.165140665763349	0.168152255619977	0.141960952506894	0.0971508122075367	0.0598878111676901	0.0311136031813616	0.0134575945437224	0.00526109614231262	0.00189700889983241	0.00046667498433172	0.000139919457046076	1.84760113903572e-05	
3.35533404330257e-05	0.000718583340453866	0.00400743592041398	0.0148384958933629	0.0340643515556454	0.0683860843251715	0.114517134086234	0.151751130080674	0.169037352578918	0.159443806491008	0.123263927241353	0.0790731358618519	0.0453076382824858	0.02186760810532	0.00873262155791702	0.00347662624288034	0.00111413762704941	0.000295102671137667	6.37721874068686e-05	7.50261028316102e-06	
