# <P(U)> as a function of N_tot.
# number_of_species: 1
# species_total_upper_bound: 103
# species_total_lower_bound: 0
# volume: 729
# Bin widths for each
10	10	10	10	10	10	10	10	10	10	10	10	10	10	10	10	10	10	10	10	10	10	10	10	10	10	10	10	10	10	10	10	10	10	10	10	10	10	10	10	10	10	10	10	10	10	10	10	10	10	10	10	10	10	10	10	10	10	10	10	10	10	10	10	10	10	10	10	10	10	10	10	10	10	10	10	10	10	10	10	10	10	10	10	10	10	10	10	10	10	10	10	10	10	10	10	10	10	10	10	10	10	10	10	
# Bin lower bound for each
0	0	0	0	-10	-10	-10	-10	-10	-20	-20	-20	-20	-20	-20	-30	-30	-30	-40	-40	-40	-50	-50	-50	-50	-60	-60	-60	-60	-70	-70	-70	-70	-80	-90	-90	-90	-100	-100	-100	-110	-110	-110	-110	-130	-130	-140	-140	-140	-150	-150	-150	-160	-160	-170	-170	-170	-170	-180	-180	-180	-200	-200	-210	-220	-220	-220	-220	-230	-230	-230	-230	-250	-260	-260	-260	-260	-270	-270	-270	-270	-280	-280	-290	-290	-290	-310	-310	-320	-320	-320	-330	-330	-330	-340	-340	-350	-350	-350	-360	-360	-370	-370	-370	
# Bin upper bound for each
0	0	0	0	0	0	0	0	0	0	0	0	0	0	0	0	0	0	0	0	0	0	0	0	0	0	0	0	0	0	0	0	0	0	0	-10	-10	-10	-10	-10	-10	-10	-10	-10	-10	-10	-20	-20	-20	-20	-20	-20	-20	-30	-30	-30	-30	-30	-30	-30	-40	-40	-40	-40	-50	-50	-50	-50	-60	-60	-60	-60	-70	-70	-70	-70	-80	-80	-80	-90	-90	-90	-100	-100	-100	-100	-110	-110	-120	-130	-130	-130	-130	-140	-140	-140	-150	-150	-160	-160	-170	-170	-180	-180	
# Normalized histogram for each
1	
1	
1	
1	
1.5694410398369e-05	0.999984305589602	
0.00010404222767134	0.999895957772329	
0.00043961170623172	0.999560388293768	
0.00142807296571205	0.998571927034288	
0.00390136110065522	0.996098638899345	
2.7316677775449e-06	0.00946746385010197	0.99052980448212	
3.47336450429878e-06	0.0206367471048266	0.979359779530669	
1.09161449038846e-05	0.0407765150058538	0.959212568849242	
4.01761301706618e-05	0.0739496235967805	0.926010200273049	
0.000159780118738462	0.124418595130825	0.875421624750437	
0.000436758487693957	0.192843761810781	0.806719479701525	
2.48115131375721e-07	0.00102719664389549	0.279152349389773	0.7198202058512	
1.01868415821904e-05	0.0024165175909362	0.379801480818923	0.617771814748559	
2.85794592219578e-05	0.0050973329400137	0.486941051013341	0.507933036587424	
1.49094585853757e-06	8.47354229602183e-05	0.0100057376566456	0.591946506850524	0.397961529124012	
4.72024123910804e-06	0.000237005796953109	0.0189120191751105	0.684311508097201	0.296534746689496	
1.44047629100204e-05	0.00055955053165993	0.0333321246578248	0.757130233461469	0.208963686586136	
1.7370597732194e-06	2.50632910135942e-05	0.00125514976184911	0.0555553901212914	0.802968287740477	0.140194372025595	
1.48806091526163e-06	8.01072792715843e-05	0.00255772870318219	0.0882799578283537	0.820119476410886	0.0889612417173909	
6.20082436239403e-06	0.000138154366794139	0.00499910460096207	0.13417219738861	0.807290532432544	0.0533938103867281	
1.83533657840682e-05	0.000334576897874432	0.00936170466061402	0.192664953355169	0.767086859535739	0.0305335521848194	
1.48837209302326e-06	3.0015503875969e-05	0.000728806201550388	0.0164693333333333	0.262544372093023	0.703776248062016	0.0164497364341085	
3.46733166785836e-06	8.99029568166131e-05	0.00146098496490689	0.0280204978741542	0.341136150474269	0.620845796120403	0.0084432002777828	
2.22973118608568e-06	0.00019671184019467	0.0031042813068504	0.0455918090577131	0.421564622193109	0.525456964825495	0.00408338104545158	
1.0661660149417e-05	0.000389026622661284	0.00582771302678829	0.0707088739476879	0.495108653474474	0.426208046677244	0.00174702459099516	
2.48209602087741e-07	2.6806637025476e-05	0.000884122602636532	0.0104610418895899	0.105651409967055	0.552448054073951	0.329803296372441	0.00072502024769829	
3.73645534935858e-06	8.09565325694358e-05	0.00172051313986798	0.0181786025656993	0.149287333416366	0.58798106862623	0.242430937850293	0.000316851413625607	
3.73107505455454e-06	0.000236301420121787	0.00316469786127316	0.0294361922737395	0.203513478757373	0.594496564799197	0.169023172214734	0.000125861598506973	
2.51260719317148e-05	0.000456498435591056	0.00571456434003387	0.0454968481706105	0.262593572850309	0.574082730452725	0.111589612135544	4.10475432547816e-05	
2.24219882972169e-06	7.07538297378845e-05	0.000954678435054836	0.0101932850131181	0.0680230806964867	0.324148456482782	0.527147422330855	0.0694513613510195	8.71966211558435e-06	
4.98318548637261e-07	9.96637097274521e-06	0.000188115252110566	0.00204435184578436	0.0173803543393704	0.0983194954425031	0.380848422211353	0.460506635485214	0.0407009149377712	1.24579637159315e-06	
1.99607720926449e-06	4.11690924410802e-05	0.000405952202434166	0.0040343215495747	0.02763419190436	0.136024927012189	0.427006575327837	0.382420448214147	0.0224304186198074	
7.98311969340829e-06	0.000110266840765202	0.000927289246887456	0.00761913932988695	0.0417402402619661	0.179182867825982	0.455797715730089	0.302787006873965	0.0118274907707652	
1.2459084366939e-06	2.31738969225065e-05	0.000256906319646282	0.00185391175380052	0.0129895921792832	0.0620420040586713	0.226020997045702	0.463844733893892	0.227132845734608	0.00583458920903752	
3.48801083475823e-06	6.77670676467313e-05	0.00057925894220092	0.00362553811910012	0.0205217117463	0.0878271162446879	0.27426478337335	0.448269435881516	0.162208449008645	0.00263245160571825	
1.64742630824994e-05	0.000159500819844198	0.00116193476740961	0.00670352741429701	0.0317017239817096	0.119743430825193	0.315537301850185	0.413247404242722	0.110506111826799	0.00122259000875882	
4.74636191359323e-06	3.94697464393542e-05	0.000332245333951526	0.00225252344078264	0.0114584670849794	0.0474109095378392	0.155505554992099	0.349664482174413	0.361758462138771	0.0710552861231866	0.000517853065625198	
2.07343766471963e-05	7.86907065526126e-05	0.000735196029791552	0.00412214396452273	0.0188952624197667	0.0678533724838334	0.194335568149399	0.369697432984246	0.301439615249909	0.0426436180338115	0.000178365601519255	
3.42369899438213e-05	0.000215917951178552	0.00142745756612487	0.00754363341930067	0.0294822967272436	0.0932225754213399	0.233269107739059	0.371808212879106	0.238701793318539	0.0242445370759112	5.02309122533437e-05	
6.69706166419484e-05	0.000478040259835997	0.00284225296151314	0.0124975167145415	0.0437153199033924	0.123066254680759	0.268299533579642	0.35700936214236	0.17899246705508	0.0130155394320742	1.67426541604871e-05	
4.98837708140034e-07	7.48256562210051e-07	0.000157133878064111	0.000979966677641096	0.00542535891373101	0.0201505492203167	0.0614824957848214	0.1568390649786	0.293726866401285	0.327168447517285	0.127500424012052	0.00656470423912284	3.74128281105025e-06	
1.00087601673365e-06	2.126861535559e-05	0.000342049378718724	0.00207531642069722	0.00916301993319653	0.0308752735832037	0.0846656035695242	0.19082001521832	0.308569825739979	0.284565566011652	0.0857878358032868	0.00311247419303746	7.50657012550235e-07	
1.25137432184897e-05	1.02612694391616e-05	6.25687160924485e-05	0.000800379016254602	0.0038412186183476	0.015037014401066	0.0446850753840405	0.110957108644569	0.2220563734121	0.310980033822145	0.23529866676077	0.0548487376260979	0.00141004858585942	
6.27012081770401e-06	3.16014089212282e-05	0.000229486421927967	0.00165982638286261	0.00688208460951192	0.023586940492039	0.0633445225729366	0.139894421197623	0.24704852872869	0.298703790463598	0.185031516135278	0.0330121861052116	0.000568825360582108	
1.47819511874918e-05	8.46830423961393e-05	0.000517869374653313	0.00299547471860426	0.0112109825387575	0.0356255045280374	0.0853823038497713	0.169371596706281	0.263468737676488	0.274292132444278	0.138272375740162	0.0185588649866687	0.000204692442714928	
6.26157765708796e-06	2.60481630534859e-05	0.000184841772437236	0.00116540483353721	0.00531858406193051	0.0183318956751033	0.0510098171519139	0.110344276567373	0.195756203219753	0.270687250726593	0.240044592451443	0.0972207611874356	0.00981640052456993	8.76620871992314e-05	
7.75577805465071e-06	3.70275855512357e-05	0.000414809032729383	0.00224292097612721	0.0094525421438972	0.0282430410655939	0.0705608178092679	0.136101395539677	0.21717054205383	0.265131272798235	0.20026319608108	0.0654655218137512	0.00488814166554083	2.10156566642148e-05	
1.27213356504456e-05	9.17931670463528e-05	0.000859563189243836	0.00421600029733004	0.0154783733552373	0.0414101924837859	0.0933883227617371	0.160668723199451	0.231877272535659	0.249073525079614	0.159115223622373	0.0415389024680139	0.00226389886987146	5.48763498646674e-06	
2.24679550790685e-06	4.74323496113668e-05	0.000244900710361846	0.00171480426042357	0.0078902465358782	0.0242341859922286	0.0581563045706062	0.116878052677369	0.183367472142856	0.238527300437751	0.223481259853134	0.119551240043887	0.0248850077576856	0.00101879694086309	7.48931835968949e-07	
1.3986000013986e-05	0.000115134750115135	0.000582167250582167	0.00332791875332792	0.0131333535131334	0.0357282360357282	0.0783166050783166	0.140336523140337	0.201885162951885	0.234506009484506	0.19165989844166	0.0855241403355241	0.0144595260144595	0.000411338250411338	
7.51018380924534e-07	3.62992217446858e-05	0.000218296009388731	0.00131503318499886	0.00629203199538574	0.0209837039024918	0.0504093550854959	0.100601165179984	0.162997274303956	0.212481625083613	0.221323614821698	0.157138329574904	0.0584084518607231	0.00763560387885973	0.000158464878375077	
6.0285603044423e-06	9.11819746046897e-05	0.000504138355458987	0.00280453649162909	0.0107373682822371	0.0317898544353876	0.0681679456424813	0.12393187726856	0.181732457517489	0.215938508684895	0.199849285992389	0.122929880307959	0.0375903342083119	0.00386531191519825	6.12903630951633e-05	
1.46093877910858e-05	0.000158184405737963	0.00106371456278888	0.00482840266495384	0.0178574577146384	0.045801186383043	0.0888346494376645	0.1464545786577	0.194715935567562	0.210206168688052	0.1739020919132	0.0913139633002103	0.0229566378257201	0.00187655067316533	1.58688177730759e-05	
3.71988976979703e-05	0.000361613774220405	0.00205074739417926	0.00859775338902202	0.0277136848924395	0.0634757435351099	0.110782366204169	0.165901010443527	0.201147851700395	0.196741933279855	0.144338302464996	0.0645021294471029	0.0134379120030974	0.000899605995348872	1.21465788401536e-05	
1.51675789965433e-06	9.42917827618442e-05	0.000781383111305256	0.00386368795638613	0.0145568311489492	0.0406084120404287	0.0831370395818197	0.133102836691183	0.180714119954315	0.199357855263883	0.177236952469358	0.115277897854445	0.0434796347444743	0.00744247822062053	0.000343545664271706	1.51675789965433e-06	
1.54325282276121e-05	0.000243884544449476	0.00171807047858547	0.00694058982616901	0.0230088876183055	0.0571170519317224	0.103934029736711	0.154560818075791	0.18862496173492	0.191714756279901	0.152984676258447	0.0872572855447809	0.0277206155807817	0.0040311787668651	0.000127255109811293	5.05984532052855e-07	
6.34612636254506e-05	0.000660250986759188	0.00330404722939546	0.0122393931478589	0.0347714417206024	0.0760364937804154	0.126092707767735	0.171099689775959	0.190835381228311	0.177165063508225	0.125918316215292	0.0627068361234712	0.0171246412217461	0.00192160706257864	6.06689680259308e-05	
2.54350668179205e-06	8.39357204991378e-06	0.000171432350352784	0.00132771048789545	0.00588363965632138	0.0197020027571612	0.0501083533846443	0.0977263593771461	0.147341018114855	0.181523713112794	0.18556000386613	0.156055580708011	0.100052650588313	0.0435415278335936	0.0100781365252647	0.000892007793304473	2.49263654815621e-05	
1.24226877828697e-05	4.89301784100785e-05	0.000448484381385642	0.002758343736278	0.0104165504680565	0.0302036103880036	0.0691619198478043	0.118974869663188	0.162790703570331	0.187188608851647	0.17484907701965	0.132129988976766	0.0764152483675574	0.0286431686879309	0.00555902602071394	0.000393976669685295	5.07048480933456e-06	
1.77744373120988e-06	4.64674575444869e-05	0.000112994637198342	0.00100171650280328	0.00525666287478671	0.0170451775412367	0.0442210225887706	0.0899706467863817	0.139333306248476	0.174832666368733	0.184007323068173	0.158368712927602	0.108624664824896	0.0557457138214025	0.0182944665637442	0.0029632526204599	0.000171904200861298	1.5235231981799e-06	
2.28868390757684e-06	1.09348231139782e-05	0.000107822441868064	0.000291425750898118	0.00215365155702981	0.00932613262516367	0.0267445429510951	0.0608479675596857	0.112102280775233	0.157867312787564	0.181136616374109	0.174417040421464	0.137532101970531	0.0856051699843683	0.0393076375162083	0.010984919861733	0.00149273050416401	6.94234118631642e-05	
1.52787571036671e-06	1.32415894898448e-05	0.000157625844119499	0.000721411981244816	0.00401118303161608	0.0150513582687742	0.0395895514691671	0.0812740751831987	0.132902014020297	0.171156966056459	0.181365976907177	0.159930135336684	0.115330424767273	0.0652761979118523	0.0263235159679564	0.00619502671363357	0.000673538542319993	2.62285330279619e-05	
2.80700035266132e-06	4.23601871401617e-05	0.000327653495710648	0.00159973501916671	0.00709405543672587	0.0237908590799061	0.0554928658810128	0.102354716041293	0.15238949732748	0.179752902310774	0.173776033014407	0.141522323053077	0.0937313557760667	0.0473020388519471	0.0171104534224224	0.00342454043024681	0.000274065307159841	1.17383651111291e-05	
8.18379996337749e-06	0.000112015761998729	0.000698436178124498	0.00325919833541509	0.0124352840443521	0.0353343235731289	0.0738981792068057	0.124568688167555	0.168664281088977	0.180524397442153	0.161147972310113	0.121457309718979	0.0723977306322702	0.0329886419086258	0.0106246183024548	0.00177051397332695	0.00010741237451933	2.81318123741101e-06	
2.55990038915606e-07	4.30063265378218e-05	0.000223223313934408	0.00125435119068647	0.00607669154377865	0.0196170286621807	0.0499318810506446	0.0951189867299884	0.144817148875103	0.178786771049165	0.175831878029962	0.144343823293148	0.0997211756496131	0.0546303222249016	0.0223479303973324	0.00627585179405499	0.000934875622119792	4.4798256810231e-05	
1.10330784521155e-05	8.2106630341325e-05	0.000514449355732364	0.00273055862528869	0.0104942536905006	0.0300951590187334	0.0675173084625508	0.116676087547221	0.162380743326719	0.18169042670046	0.164694354219806	0.125449180999192	0.0791466863175202	0.0399461585771537	0.0145595582252754	0.00353930893415074	0.000456974714493437	1.56515764088151e-05	
2.39409415586171e-05	0.000207745589653806	0.0011944727831396	0.00489476411608113	0.0170778716451469	0.0430895759338447	0.0885153243907481	0.137364370061055	0.175484784759351	0.178117258612882	0.148544017480491	0.105592681176937	0.0606691776338061	0.0279555542855701	0.00912587503497823	0.00193175081135336	0.000207230730695556	3.60401270774881e-06	
7.43492120532464e-05	0.000487142233140542	0.00244190693337381	0.00900554830994947	0.0262514676224671	0.0593608755858873	0.109651921772237	0.154912004609651	0.179999184223923	0.169639860677838	0.13111974043864	0.0870190406266812	0.0450199968401585	0.0184654529157799	0.00545201739358511	0.000998809379979203	9.96485967102539e-05	1.03262794518398e-06	
1.80337400972225e-06	3.86437287797624e-06	0.000169259532055359	0.00106038391771668	0.00449581140623756	0.0154425492701101	0.0394627182050349	0.0779547059431221	0.13107669414751	0.167471100287432	0.178848329289911	0.15585402254166	0.111571658483213	0.0689708118764029	0.0320323020352621	0.0118978888415718	0.00317084675880877	0.000484592358898221	3.06573581652782e-05	
2.8432309649564e-06	5.16951084537528e-06	4.03221845939272e-05	0.00034299704459065	0.0021117451803358	0.00812569562230313	0.0245996343088028	0.0549389765092258	0.0985564657915374	0.149736949440633	0.17590475486438	0.171437522067349	0.138782755959283	0.0920359032867233	0.0518246047004294	0.0220919045977113	0.00752706626640867	0.00172093016042543	0.000198767692004679	1.49915814515883e-05	
1.47791527863629e-05	1.7112703226315e-05	0.000125493156992977	0.000861598679106738	0.00404067222846807	0.0133657990698987	0.0361505855655904	0.0737552323386531	0.120890617675244	0.165230150301391	0.177208783276429	0.159141139353409	0.118634074399811	0.0730831698119469	0.0373033594829267	0.0146674016486275	0.00453434778820904	0.00089141626806168	8.14149820161046e-05	2.85211720438583e-06	
2.98444946120307e-05	2.85469078897685e-05	0.000296628324709139	0.00169906005413013	0.00715593125593159	0.0210196073139254	0.0507909180348205	0.093958773593695	0.14126619031393	0.175367547927014	0.172550746670328	0.143054264817208	0.0979984205774417	0.0562195018460766	0.0260002641886567	0.00948847314787013	0.0025995852393801	0.000442217554946959	3.03635293009355e-05	3.11420813342929e-06	
3.70282194146256e-05	7.22311040693752e-05	0.000670158618983012	0.00341937352946468	0.0115710578049619	0.0319423152493942	0.0687986924344829	0.114091245355501	0.158009842726549	0.178572238796552	0.160717074937554	0.124896966371858	0.0789605918048206	0.0424797120560493	0.0180794192723538	0.00591069471458675	0.0015077265116575	0.000253460769514198	1.01697222335943e-05	
2.34109675700872e-06	1.92490177798495e-05	0.000159974945062263	0.00139685439834854	0.00627127796830259	0.0185766027668642	0.0463685427349004	0.0886063503029899	0.133278898498369	0.170518984733968	0.175694369298129	0.145027822634348	0.104913910068589	0.0621790096224279	0.03051775695878	0.0120418213524672	0.00352595183791703	0.000776723879603116	0.000116534594126656	7.02329027102617e-06	
5.97826199967146e-06	7.66777082566556e-05	0.000456947156322714	0.00283031717019228	0.0102724735864789	0.0285937672199938	0.0640703334726528	0.109225445978345	0.150023705108451	0.176244102314575	0.165725220363936	0.128372779465554	0.0855499689130376	0.0469109020625524	0.0212303679074419	0.00787830961782791	0.00205678205232175	0.000424196677541905	5.09451892145915e-05	7.79773304304972e-07	
3.17618258780257e-05	0.000251751521508614	0.00102314734180853	0.0051969636735832	0.0170363144410348	0.0424033392613397	0.0840623583572263	0.129302393149443	0.163055060687217	0.173522404713872	0.152131596013526	0.109807400974047	0.0675816155262219	0.033975260661755	0.0143693624386209	0.00492724849645504	0.00110463464918412	0.000200463983000654	1.6922284279276e-05	
0.000118206067393012	0.000618508063157294	0.00227028232067543	0.0091469721360303	0.0266129554886758	0.0597674243779276	0.104687544554096	0.14790197191569	0.169822976045126	0.16586566502578	0.134365821856198	0.0903537627635334	0.0519243481168685	0.0239172868596847	0.00917315374306252	0.00277550956924776	0.000585586636493013	8.50254168967278e-05	6.99904346405991e-06	
1.60781376744997e-05	0.000227168525852608	0.00113973250128106	0.00444871696461357	0.0155444472336268	0.0388271465351095	0.0785979760217916	0.12498495916153	0.161706388310883	0.171745629339801	0.15406590169308	0.114580329487719	0.0719924546855842	0.0379114706620666	0.0164339313017483	0.00576868020272976	0.00166460589891312	0.000303669342207082	3.88987201802411e-05	1.81527360841125e-06	
4.61970246001751e-05	0.000442245673700553	0.00206744661778087	0.00820049093422322	0.0242355300797132	0.0548244487111809	0.0991411505965905	0.143195723297471	0.169597322856471	0.16663214866514	0.138534495422082	0.0952136249040374	0.0554675735817384	0.02678051897426	0.0112492350239887	0.00330334679275859	0.000897208505858457	0.000156498909179245	1.47934292258988e-05	
5.1860172528422e-07	0.000131984139084834	0.000917665752890427	0.00403705513047501	0.0139356062609749	0.0362479268896032	0.0728617272963944	0.119504247866732	0.158294101112816	0.171990891279297	0.155949502712806	0.120668768040858	0.0759061787246754	0.0411194121960605	0.0188260205304051	0.00706076248974465	0.00196731564486569	0.000503821576113619	7.10484363639381e-05	5.44531811548431e-06	
7.23951575913304e-06	0.000304576770152097	0.00188589385525416	0.00684780624573709	0.0216360685085718	0.0509672251608336	0.0923907001180558	0.14001326899817	0.168314604533695	0.167479216125918	0.141627163904188	0.100936689917578	0.05909720135834	0.0299524622368759	0.0126251983756595	0.00450142747737522	0.00112988156669326	0.000242523777930957	3.98173366752317e-05	1.03421653701901e-06	
6.25200865153991e-05	0.000728539851129857	0.00357010361800124	0.0114809613419187	0.0320635038736619	0.067328966227786	0.113762789491252	0.157400518141676	0.171814756600519	0.157641814673929	0.124442356996928	0.082328620042183	0.0446189323222647	0.0210297419935537	0.00826350201356014	0.00273719139103576	0.000616158703881102	9.58469094926159e-05	1.29173732469833e-05	2.58347464939666e-07	
3.0945070179551e-06	1.08307745628429e-05	0.000152920221803948	0.00160114950620694	0.00628855401165443	0.0187119681864049	0.0470916920480711	0.0872836649484416	0.134449109413774	0.169069680303901	0.168015742788703	0.144139042389331	0.104822299223872	0.0644784376040367	0.0325544717044725	0.0141047629878394	0.00528825461810044	0.00158541909553233	0.00029707267372369	4.89963611176225e-05	2.83663143312551e-06	
1.15954516969557e-05	3.81361522477654e-05	0.00050221189683037	0.00298415391338764	0.0101272098354167	0.0290344956957683	0.0635670392328243	0.108368514792704	0.153227194580956	0.172853656123223	0.159814441851644	0.127317028925756	0.0862242941719714	0.0490680864309509	0.0236106587453412	0.00898930950888882	0.00324028455753818	0.000810135558560639	0.000185527227151291	2.55099937333026e-05	5.15353408753587e-07	
1.54077230184448e-06	2.90178783514045e-05	7.85793873940687e-05	0.00111603273730269	0.00553060217747078	0.0167438293995277	0.0420379178927576	0.083576368764334	0.128266982970101	0.166499193277302	0.172151002875851	0.145849762887983	0.108798040959377	0.0681968932380896	0.0366577978101003	0.0163427150102808	0.00560969515563213	0.00196474148023536	0.00045709578288053	8.32017042996022e-05	8.98783842742616e-06	
1.90432025931695e-05	7.43714263435944e-05	0.000315756886240797	0.0023538942448611	0.00918371312084379	0.0255582939452137	0.0578769248110027	0.104538947338082	0.14737122741933	0.172663688549966	0.165440653274492	0.130296422888797	0.0895112870863154	0.0526415881413345	0.0257842389705759	0.0111981751465104	0.00374842282394739	0.00112277693127025	0.000263774089972956	3.67997023084222e-05	
2.16250059211326e-05	0.000220883989051568	0.000799867778535225	0.00433478392500036	0.0145376676710281	0.0381269449633302	0.0765617888204898	0.12422690603832	0.162136313739705	0.174977448208111	0.152137580347195	0.11251979717804	0.0721641894020995	0.0390792175455	0.0179021581755909	0.00724823859177961	0.00224282204267746	0.000637165353033371	0.000114818483819347	9.78274077384569e-06	
5.65450365794982e-06	5.01194642409189e-05	0.000457500750506849	0.00174390033269043	0.00780912657452225	0.0220361148008175	0.0534288910181808	0.0980868757942007	0.143572731310323	0.172223587299368	0.16885350311923	0.136035277934276	0.0938084727082811	0.0551833292895065	0.0285053810312992	0.0120307276009689	0.00455573078805275	0.00128074507852563	0.000292749075745675	3.31559532670694e-05	6.42557233857934e-06	
2.20152955105437e-05	0.000224248824037631	0.000872932066173882	0.00357697353684682	0.0131423634443698	0.0331760263671563	0.0716449393619404	0.120051710345269	0.159357972544879	0.173860420466545	0.156465009119708	0.11888489968321	0.075010719656971	0.0420817253847877	0.0199420178554286	0.00795520143355413	0.00282179770247352	0.000735720456945378	0.000145403347092893	2.71351316757864e-05	7.67975424786407e-07	
5.58506502373525e-05	0.000491895635117967	0.00200601188696546	0.00650608836136498	0.0201049531072304	0.0484268690817205	0.0927038811334198	0.138930542030561	0.170928609290628	0.169640969987449	0.140752861641287	0.099400579053393	0.0584087637356092	0.0308000964320401	0.0136931447425964	0.00486182472272586	0.00179413808996412	0.000410425420551553	6.53298890391049e-05	1.71651081004707e-05	
9.73999843134762e-06	0.000137897872528027	0.00101911141481679	0.00362020362748299	0.0113658092221381	0.0302508972332765	0.0662122530205529	0.112356264536307	0.155927378571696	0.174369809285704	0.159225905935196	0.124721705176399	0.0804762244075133	0.0446558422817433	0.0223163869322029	0.00898232907968805	0.00299223004440927	0.00109139245580732	0.000234785225345116	2.76821008048827e-05	6.1515779566406e-06	
6.45791727793898e-05	0.000385931311430616	0.00188566038764999	0.00640620248220728	0.0177615881022008	0.0434383701143026	0.0861864377562262	0.13243335866758	0.167449935703844	0.173259231091038	0.144755630866478	0.105672366957899	0.0625836506117526	0.0335333143626653	0.0158766995771737	0.00573957046359613	0.00181696461421534	0.000626495162222367	0.000109604492446295	1.41508147524559e-05	2.57287540953744e-07	
9.50046796223949e-06	0.000145331482881826	0.000823202710457833	0.00327021513424546	0.0106448891975828	0.0275898725011523	0.0591432375283891	0.107129844436256	0.1494641864454	0.172211644749258	0.16530069623024	0.130243455910767	0.0856785580857327	0.0485342960474202	0.0243769169440846	0.0104679750779616	0.0034458454068447	0.00114082646368189	0.000325070065951222	4.46778763629641e-05	9.75723736662434e-06	
8.7201242771594e-05	0.000293663008745515	0.00173786947358918	0.00588993100073429	0.0171650516911014	0.0402669691694877	0.0791984769533527	0.127930891476258	0.163202255331907	0.172356334028977	0.15222413181545	0.110193902222272	0.0672547279103222	0.0360336053071702	0.0166331241101947	0.00664422175070857	0.00209488162046582	0.000616051132756967	0.000141060833895226	2.8468641022491e-05	7.18127881648422e-06	
0.000130816616948642	0.000711395669378863	0.00289852614134928	0.00991456312775592	0.026052039312835	0.0572280292977821	0.100569964658953	0.145793449043073	0.170615709353748	0.166105234643633	0.134557612383425	0.0907692556791503	0.0517452967057086	0.0254262270097506	0.0115010679930289	0.00421800062349924	0.0013575115338364	0.000318174797214968	6.7849875981221e-05	1.92755329492105e-05	
4.62457685121811e-06	0.000296486760350317	0.00149836289979467	0.00542231635805324	0.016099179702835	0.0381173039333568	0.0763592145207602	0.121416723703115	0.15888864224479	0.172112105908976	0.153240492383836	0.115587958424026	0.073007680908308	0.0385669155716696	0.0182028483282669	0.00768656056859686	0.00254968337063825	0.000757659840791234	0.000143875724260119	4.00796660438903e-05	1.28460468089392e-06	
2.57506972001267e-05	0.000564712789598778	0.0027851954091657	0.00915952299408506	0.025000064376743	0.0548592853151499	0.0956244415317545	0.140804297276349	0.168703632650854	0.166295427448698	0.137522885932137	0.0951884822281563	0.0562039867229405	0.0277953025578168	0.012599301126078	0.00484473617123184	0.00144615915475912	0.000467117647210298	9.60501005564726e-05	1.36478695160671e-05	
2.58932994096587e-07	0.000143189945735412	0.00115458222067668	0.00535965404480525	0.0150587661376752	0.0365375169309812	0.0724976132851269	0.116967024624269	0.156043638495361	0.171465687623754	0.156098273357115	0.118035123224917	0.0767472215842401	0.0421708631505465	0.01936093783459	0.0080712003589847	0.00312635697072219	0.000808906673557737	0.000316675051780125	3.05540933033972e-05	5.95545886422149e-06	
9.12512237440898e-06	0.000382212268596673	0.00207479211015848	0.00911104361417418	0.0232849658394526	0.0513827819369506	0.0940727115822571	0.136696679628686	0.165679893314284	0.166822097917777	0.141119496084671	0.0976823492757912	0.0594856298876437	0.0312418118321551	0.0132353382096249	0.00515934419049084	0.0019074112940336	0.000475549234597771	0.000156952104839835	1.98145514415738e-05	
4.21350814070709e-05	0.000714464423859029	0.00415462371016926	0.0151620865920413	0.034453934579136	0.0686349071091566	0.114521319304358	0.152505440921382	0.169692366798184	0.157540975712397	0.122838156273521	0.079213429628133	0.045098669368895	0.0219039613257529	0.00858011580081255	0.00347182602451058	0.00106803271566619	0.000324518639408497	6.96144823247259e-05	9.42150888605313e-06	
