# <P(U)> as a function of N_tot.
# number_of_species: 1
# species_total_upper_bound: 103
# species_total_lower_bound: 0
# volume: 729
# Bin widths for each
10	10	10	10	10	10	10	10	10	10	10	10	10	10	10	10	10	10	10	10	10	10	10	10	10	10	10	10	10	10	10	10	10	10	10	10	10	10	10	10	10	10	10	10	10	10	10	10	10	10	10	10	10	10	10	10	10	10	10	10	10	10	10	10	10	10	10	10	10	10	10	10	10	10	10	10	10	10	10	10	10	10	10	10	10	10	10	10	10	10	10	10	10	10	10	10	10	10	10	10	10	10	10	10	
# Bin lower bound for each
0	0	0	0	-10	-10	-10	-10	-10	-20	-20	-20	-20	-20	-20	-30	-30	-30	-40	-40	-40	-50	-50	-50	-50	-60	-60	-60	-60	-70	-70	-70	-70	-80	-90	-90	-90	-100	-100	-100	-110	-110	-110	-110	-130	-130	-140	-140	-140	-150	-150	-150	-160	-160	-170	-170	-170	-170	-180	-180	-180	-200	-200	-210	-220	-220	-220	-220	-230	-230	-230	-230	-250	-260	-260	-260	-260	-270	-270	-270	-270	-280	-280	-290	-290	-290	-310	-310	-320	-320	-320	-330	-330	-330	-340	-340	-350	-350	-350	-360	-360	-370	-370	-370	
# Bin upper bound for each
0	0	0	0	0	0	0	0	0	0	0	0	0	0	0	0	0	0	0	0	0	0	0	0	0	0	0	0	0	0	0	0	0	0	0	0	-10	-10	-10	-10	-10	-10	-10	-10	-10	-10	-20	-20	-20	-20	-20	-20	-20	-30	-30	-30	-30	-30	-30	-30	-40	-40	-40	-40	-50	-50	-50	-50	-60	-60	-60	-60	-70	-70	-70	-70	-80	-80	-80	-90	-90	-90	-100	-100	-100	-100	-110	-110	-120	-120	-130	-130	-130	-140	-140	-140	-150	-150	-160	-160	-170	-170	-180	-180	
# Normalized histogram for each
1	
1	
1	
1	
1.40046900150784e-05	0.999985995309985	
0.000102399373137751	0.999897600626862	
0.000432343280564768	0.999567656719435	
0.00141137032298795	0.998588629677012	
0.00386766850255669	0.996132331497443	
2.44010377095855e-06	0.0094108147617405	0.990586745134489	
3.10243944813807e-06	0.0205979819074595	0.979398915653092	
9.74823196981416e-06	0.0406541152272036	0.959336136540827	
3.98552986955361e-05	0.073804706379372	0.926155438321932	
0.000161224455446685	0.124086579304272	0.875752196240281	
0.000435215685492404	0.192642107117571	0.806922677196936	
1.5503838196629e-06	0.00102591112181122	0.279257126948306	0.719715411546063	
1.15312425712187e-05	0.00241158198003853	0.379679023427937	0.617897863349453	
2.94983745952013e-05	0.00505930393151232	0.486839843565462	0.508071354128431	
1.32998266367598e-06	9.37637777891565e-05	0.0100218626983531	0.591918981002749	0.397964062538445	
4.20891643440094e-06	0.000255857814828057	0.0188251540795698	0.684437597940378	0.29647718124879	
1.28363653344659e-05	0.000585382522580384	0.033148585576396	0.757224273212741	0.209028922322948	
1.54750953763289e-06	2.54233709753975e-05	0.00128686471693729	0.0554393081129072	0.803177567655459	0.140069288634184	
1.32544311772497e-06	7.82011439457735e-05	0.00256539515435669	0.0882161921433034	0.820282284038926	0.0888566020763508	
5.52674891205948e-06	0.000140600492322793	0.0050032552551092	0.134147681363029	0.807330016547086	0.0533729195935408	
1.72440741733954e-05	0.000349966274570319	0.00936729060001198	0.192821468783915	0.766975298748058	0.0304687315192715	
1.32574799254134e-06	2.98293298321802e-05	0.000763409885705056	0.0164419266034977	0.262879255071041	0.703522092595985	0.0163621607659465	
3.08909001806897e-06	8.56119233579115e-05	0.00149335437444934	0.0279776676443637	0.341684688197183	0.620386140665244	0.00836944810538386	
2.42844209037646e-06	0.000188314645735556	0.00314571557688856	0.0455032648196231	0.422229914741814	0.524849916759628	0.00408044501422074	
1.21493611534559e-05	0.000374642118477477	0.00586306079518231	0.0708469010403608	0.495578184783831	0.425578425562079	0.00174663633891593	
2.20880886227127e-07	3.00398005268893e-05	0.000874688309459423	0.0104604770099443	0.105743852829716	0.55283724811572	0.329331855198443	0.000721617855304024	
3.54433340835506e-06	8.66146476666767e-05	0.00169751418176405	0.0180634736948435	0.149325203223217	0.588233964992619	0.242273574690624	0.000316110235857667	
4.86833585675409e-06	0.000244744520798637	0.00311750525227053	0.0292854743463042	0.203089047616308	0.595039210019566	0.169093015752607	0.000126134156288629	
2.83241611733284e-05	0.000501204883262412	0.0056911648532565	0.0453239686575454	0.262001810090925	0.574612479005822	0.111800553648838	4.04946991774929e-05	
1.99487715546477e-06	7.29238426831009e-05	0.00100852122859608	0.0101027228743254	0.0677444766284626	0.32346622761637	0.52793781125625	0.0696546823313287	1.06393448291454e-05	
4.4361695095859e-07	9.31595597013038e-06	0.00020118028725972	0.00212980498155219	0.0171118584578012	0.0978406057678189	0.380429705123377	0.461423735370067	0.0408500233120708	3.32712713218942e-06	
1.77686249616309e-06	3.7980435855486e-05	0.000417340578786305	0.00411410300205361	0.0272179797162262	0.135559505126026	0.426903652740655	0.383239033759943	0.0225081835623339	4.44215624040772e-07	
7.3300397021605e-06	0.000105508147228068	0.000935357490478723	0.00765589328528381	0.0412830057249831	0.178821427349755	0.455970894855689	0.303369463765393	0.011851119341487	
1.10975917781938e-06	2.19732317208237e-05	0.000255910466405148	0.00187171982931016	0.0129961677796072	0.0615394756876179	0.225916783154388	0.464143680964656	0.227443811783068	0.00580936734404887	
3.10783062323103e-06	6.43764914812143e-05	0.000597813419168655	0.0037012042843665	0.0205309950607692	0.0873773239358455	0.274181697097508	0.448593151673234	0.162303790443421	0.00264653976358288	
1.46811553357436e-05	0.000157933640732999	0.00120741380549115	0.0068827925514936	0.031571157224274	0.119485252000919	0.315284261645771	0.413627982637977	0.110534640964561	0.00123388437344499	
4.22888600681652e-06	3.76148281658943e-05	0.000347213798454409	0.00234191255598544	0.0117440615868249	0.0472373244149837	0.155370607328125	0.349189355938435	0.36210170292788	0.0711113890799925	0.000514588655145252	
1.8469308237623e-05	7.65474943824375e-05	0.000768145205256321	0.00428977499042044	0.0191482222066951	0.0677403046145233	0.194267082218685	0.368830082809257	0.301858813487134	0.0428265429326858	0.000176014732722407	
3.18247936061987e-05	0.000212313658044151	0.00149353978944895	0.0076898048494754	0.029745277022588	0.0932944937320735	0.232876703182835	0.371240890987396	0.239013992226739	0.0243495279248098	5.16318329834832e-05	
6.78845224179176e-05	0.000484317117316028	0.0029506397170306	0.01280257578361	0.0440728576757586	0.123282299010622	0.267309217783341	0.356880953250044	0.179070467250281	0.0130625401186399	1.62477709393704e-05	
4.44157518687372e-07	6.66236278031059e-07	0.000160562943005485	0.000980699801261718	0.00555863134637247	0.0205613840125945	0.0618553747612376	0.156903307130261	0.292578549812377	0.327171091919065	0.12764087732658	0.00658507937205898	3.33118139015529e-06	
8.91341464447286e-07	2.20607012450703e-05	0.000346954665036106	0.00209576661828168	0.00929758281564964	0.0313348863472782	0.0850379867448611	0.190723675678277	0.307436595539103	0.28472900322621	0.0858466562884809	0.0031272715280133	6.68506098335464e-07	
1.11376732242317e-05	9.13289204386996e-06	6.72715462743592e-05	0.000810822610724065	0.00387345999392329	0.0152341094361041	0.0451781894063798	0.111369826884918	0.221958457369887	0.309808859707195	0.235474914841351	0.0547808685068479	0.00142294913112784	
5.57821550654659e-06	2.81142061529948e-05	0.000225136777844221	0.0016908686843444	0.00696741429629696	0.0238245584284605	0.0639114000874664	0.140052479851486	0.246761511205519	0.297747070321216	0.18523312478245	0.0329810876181466	0.000571655525110895	
1.31555828279954e-05	7.53658812858044e-05	0.000520425937636294	0.00306792651068456	0.0113929577050242	0.0358864231709503	0.0858856650526179	0.169414028043243	0.262996377978179	0.273449714902912	0.138512455884202	0.0185886155599774	0.000196887790459661	
5.5738837238805e-06	2.31873562913429e-05	0.000172344484742385	0.00114643640432774	0.00537589937400827	0.0185387372656266	0.0512795073043517	0.110884836204738	0.195730271294298	0.27015722588253	0.239189173823348	0.0976058385763142	0.00981115013077446	7.98180149259688e-05	
6.90784401286018e-06	3.29793843194615e-05	0.000399986451712388	0.00225797365749394	0.00945995812509526	0.0284001522399687	0.0705890296306398	0.13660261535431	0.217214035312899	0.264716158917848	0.199441935337232	0.0659864000149744	0.0048731497005561	1.87180289380727e-05	
1.51075323045696e-05	8.9090006678418e-05	0.00085024303131747	0.00423455243713378	0.0155236559517234	0.0416472453414369	0.0932190285590125	0.161251356900788	0.232166557877623	0.2485057984042	0.158276283884751	0.0419687247420944	0.00224746759989745	4.8877310397137e-06	
2.44467098395562e-06	4.82266912289428e-05	0.000236910842626972	0.00171238090285255	0.0078822859807231	0.0244844911183992	0.0584905312336721	0.116827492680988	0.183935044647471	0.238351198322156	0.222621740725752	0.119318834656456	0.0250887693370697	0.000998981461170957	6.66728450169716e-07	
1.35490158972158e-05	0.000111279622368937	0.000586605753845033	0.00329685316331762	0.0131334387046963	0.0361050177558743	0.0785334278654836	0.140400233487303	0.202078019231606	0.234327120332142	0.190735493890504	0.0857270668468464	0.0145525315336686	0.000399362796445804	
6.67880428031209e-07	3.87370648258101e-05	0.000213276483351299	0.00131216241427198	0.00618835741932784	0.0210092919977684	0.0508517479098682	0.100809426553412	0.163126900398101	0.212605486147937	0.220951542603425	0.156456555936544	0.0586000513822676	0.00767238773041318	0.000163408078058302	
5.35658926320784e-06	9.10620174745333e-05	0.000499948331232732	0.00274837667446422	0.010564756365581	0.0320201282769214	0.0688915408965547	0.124146098293859	0.181666046567062	0.215694226244029	0.199676462008502	0.122416366344282	0.0376436542384124	0.00387035893388697	6.56182184742961e-05	
1.40978673954593e-05	0.000175663903260881	0.00105622117629473	0.0048440719922144	0.017662390089781	0.0460599705376949	0.0899533450099479	0.146337206218905	0.19469512914206	0.209837133827475	0.173533335078784	0.0909952445431743	0.0229450624009653	0.00187568769061492	1.54405214331221e-05	
4.42406331126542e-05	0.000371217089011256	0.00209884749782165	0.00860738571544066	0.0274348068233878	0.0637494048848845	0.111948339516542	0.16564523952822	0.201001814539673	0.196262452503077	0.144213684503652	0.0643045462303387	0.0134235512876944	0.00088368980354464	1.07794436010528e-05	
1.79452910883236e-06	9.95963655401959e-05	0.000794976395212735	0.00396792817576695	0.0145877271256982	0.0403062453650678	0.0835934278960447	0.134179184628781	0.180076285432416	0.199519784010476	0.176708402927415	0.115036045360312	0.0433197083710745	0.00745671707947566	0.000350830440776726	1.34589683162427e-06	
2.01945633991489e-05	0.000296186929854184	0.0017219231058341	0.00712688580759742	0.0229567309040769	0.0567678152511587	0.104741795678139	0.155647129174525	0.187892910474135	0.191626212094524	0.152422281783718	0.0870224125996125	0.0276048462464477	0.00403105923850789	0.000121167380394893	4.48768075536642e-07	
8.53075618963759e-05	0.000748185582436816	0.00334680247450452	0.012410562111558	0.0348608563888836	0.0757668452048147	0.126975016363746	0.171728848901626	0.190208402547252	0.176934861036458	0.125364526639818	0.0625095098799212	0.0170725415891246	0.0019307869813908	5.69467365693485e-05	
2.25384923641842e-06	9.01539694567367e-06	0.000211185673452406	0.00146252276951191	0.0060335544058921	0.019982401945162	0.0501177185456181	0.0974958833443697	0.148052651721242	0.181804269421532	0.185132528588951	0.15576802842735	0.0995764115745075	0.0433338577289223	0.0100875530274379	0.00090807585735298	2.20877225169005e-05	
1.10083144226218e-05	4.38085982124744e-05	0.000513346907258995	0.00293337880441168	0.0105888751771721	0.0308131707068304	0.069031342468437	0.118785553766517	0.163443589465358	0.187101355797484	0.174237578745955	0.131950374518583	0.0760434140961691	0.0285056932081621	0.00560255806268044	0.000390458172786054	4.49318956025378e-06	
2.92332106363013e-06	4.56487827628397e-05	0.000103665462333345	0.00107128473439492	0.005488197990689	0.0174232184100866	0.0449186271094853	0.0895161386436735	0.138954894730084	0.175592877620561	0.18411818132551	0.157820884520498	0.108257774853457	0.0554072782149392	0.0181547232885473	0.0029500806949049	0.000172251071903129	1.34922510629083e-06	
2.02597206139506e-06	1.59826684843388e-05	0.000107376519253938	0.000292190192854532	0.00225445668831906	0.00964160104017908	0.0272128567286584	0.0613975335365909	0.111672030240109	0.157414427442287	0.181852377770854	0.174306757382192	0.136970568478756	0.0853904453356721	0.0390323777348372	0.0109107599826397	0.00145869988420444	6.75324020465019e-05	
1.3526827079806e-06	1.39777213157996e-05	0.000162998266311663	0.000739015652793403	0.00411035185531706	0.0154604870108643	0.0400019839346384	0.0815385864014807	0.132419521015053	0.171248278147636	0.181739459783616	0.159609570681053	0.114835773046895	0.0651364067787439	0.0260510908258804	0.00625052134646037	0.000655600219134599	2.50246300976411e-05	
2.48483628656126e-06	4.60824184053179e-05	0.000302472344336866	0.00163615174759666	0.00732100538283308	0.0244119352560093	0.0564127864253845	0.102303194754014	0.151421179524678	0.180035650623886	0.173880259353658	0.140933589135934	0.0932089198394073	0.0473729520148747	0.0169838560186462	0.00344872687153916	0.000268362318948616	1.03911335619834e-05	
8.14164287497693e-06	0.000119863075659383	0.000670554753452961	0.00339280351140011	0.0127692622224152	0.036248629490116	0.0750012664777805	0.124037703043527	0.167499601964126	0.180798070973415	0.160984704566919	0.120675656849655	0.0722928132813716	0.0330367513759376	0.0105773510350742	0.00177940128167551	0.000104936730388592	2.48772421179851e-06	
2.26046936385871e-07	4.15926362950003e-05	0.000229211593495273	0.00127490472121631	0.00615977901651499	0.0202316529004082	0.0508937895864697	0.0962844665066254	0.14397562309838	0.177815979710027	0.175639599806504	0.14402693575294	0.0993342917723436	0.0545894309494423	0.0223078940111125	0.0062140302812476	0.00093673850438305	4.3853105658859e-05	
1.06324906745139e-05	8.6869711042837e-05	0.000507418650700738	0.00266785026647963	0.0106883678063566	0.0307507465931351	0.0688566882777695	0.117477032123469	0.161192178196924	0.180993495404162	0.164656560371169	0.125024290716727	0.0788405970211381	0.0397139362317503	0.0146079110707529	0.0034743359953018	0.00043615834086091	1.49307315854876e-05	
2.20073218586703e-05	0.000210544275101506	0.00117932019609658	0.00484024953126673	0.0172752938998426	0.0441351167885464	0.0898322996698448	0.137797824859834	0.174160953838168	0.17744140607275	0.148627922889974	0.105028922612274	0.0603184391409068	0.027871705934989	0.00916684363275996	0.00189898230883578	0.000188990712456416	3.17631449506582e-06	
6.97531805291835e-05	0.000527125012468097	0.00237319860139193	0.00888023878763065	0.0264830332772657	0.0607477495510917	0.111115453328647	0.155082677967742	0.178511794308549	0.169222124800028	0.130978750727353	0.0862728694436309	0.0447533679766556	0.0184720963420932	0.00542302577482265	0.000997447760661615	8.83843232112456e-05	9.08836228393271e-07	
1.58945401800352e-06	3.40597289572183e-06	0.000154631169465771	0.00108968426177127	0.00446364101227331	0.0153666143811983	0.0396512011276949	0.0791909134092699	0.132373817786808	0.167677408045544	0.177798597102471	0.155281483223994	0.111128267122734	0.0683674127412451	0.0318971632332946	0.0119127308000767	0.00314053407471524	0.000473884362224763	2.70207183060598e-05	
2.50370890332543e-06	4.55219800604623e-06	3.55071444471606e-05	0.000327075426734422	0.0021363465242375	0.0080157378589465	0.0244241355717401	0.0550875137305672	0.100165199265639	0.151176902511493	0.175963620654415	0.17013999374528	0.137965968678146	0.0917704909226896	0.0514471209851321	0.0219811985117954	0.0074546794547013	0.00169159677904678	0.000196654953861197	1.32013742175341e-05	
1.30116369689369e-05	1.50661059640322e-05	0.000114365440726972	0.000843017110987437	0.00410186148587416	0.0134782297051563	0.0358826706453361	0.0737458494019441	0.122455939629657	0.166509918291485	0.17690324866334	0.157972914793866	0.118136989253301	0.0727672373372804	0.0370489242115519	0.0145613914142371	0.00448513409062582	0.000877943083904057	8.37766801333305e-05	2.51101766067203e-06	
2.62630530228203e-05	2.9917043008604e-05	0.000285696342013463	0.0016927108609143	0.00726618746110499	0.021268048712254	0.0503743626927622	0.0942528446882975	0.142409920582811	0.176330137995216	0.171935529914188	0.142192736553031	0.0975492004042226	0.0561287117972492	0.0257866640784238	0.00945606933445998	0.00254774451758768	0.000431399192696588	3.31142842461647e-05	2.74049248933777e-06	
3.25690837284628e-05	8.73860626798897e-05	0.000668813015156321	0.00339957013396673	0.0117776228834969	0.0321415571645906	0.0683609012278315	0.114665881338901	0.158731163544278	0.179227667757731	0.160436682604875	0.124062979433541	0.0787910356119995	0.0422563218999794	0.0178568029132357	0.00579316842826418	0.00146033349365579	0.000239910292816705	9.63310927179887e-06	
2.05692752621554e-06	1.87408952388527e-05	0.000182609454827357	0.00145287647601691	0.00637053309619244	0.0187516369714896	0.0467084817177996	0.0883848045164643	0.133657550820965	0.171500446353273	0.175795539575514	0.144641086715951	0.104215375853225	0.0617894172450061	0.0302898576560442	0.0119137242318404	0.00346752271419358	0.00074735033452498	0.000104217661328254	6.17078257864662e-06	
5.24774130369409e-06	8.41920235244835e-05	0.00046180123472508	0.002896068711643	0.0103772943467224	0.0289590899777724	0.0642665779570224	0.109304975451979	0.150885567753132	0.176973686912453	0.16467959801389	0.127786151347597	0.0852623345877717	0.046653332840502	0.0211228432353648	0.00780909538522756	0.00201695796194155	0.000409780147018895	4.47198824140888e-05	6.84487996134012e-07	
2.78614445793618e-05	0.000245957178786662	0.00107837492871923	0.00524685810828556	0.0171836601305697	0.0429397386642173	0.0843614853438525	0.129563253586419	0.163710651133378	0.173783933583797	0.150711231884637	0.109330135509388	0.0675904943145525	0.0337290191332761	0.0143191839063161	0.00489242399363663	0.00107746143873303	0.000193431504579668	1.48442122758895e-05	
0.000109507276326844	0.000614331276323209	0.00246504968495075	0.00929335090902399	0.0267568079674041	0.0604223436647314	0.105429607041545	0.148000901503885	0.169760815206698	0.165581817611769	0.133174252431084	0.0899370537635288	0.0520209545126767	0.0237873886694957	0.00919815682441621	0.00278289341852182	0.00057661715211106	8.2016860485458e-05	6.13422502245808e-06	
1.40873552353838e-05	0.000227215407022319	0.00113653146592564	0.00461406327040224	0.0155699357662044	0.0390042512002654	0.0794270081865711	0.126367666338719	0.161523115759433	0.171513322775391	0.153027304475462	0.113467738820434	0.0717457641367746	0.0382135415838277	0.016359963736421	0.00579603781773234	0.00166117184074018	0.000294925598314971	3.47639572744149e-05	1.59050784915624e-06	
4.15841327674558e-05	0.000418113684656387	0.00206307290380181	0.00832318915304029	0.024329671733038	0.0550846600678935	0.0998648629302907	0.144512814616345	0.169451250784815	0.165704134121781	0.137770731451261	0.0943259927870845	0.0554318762147168	0.0270701342531228	0.0111924943139947	0.00334831801272384	0.00089962612910578	0.000154520274764317	1.29524347964207e-05	
4.5371165626079e-07	0.000123182714674804	0.000885645153021062	0.00409520140940989	0.0139625225097695	0.0361930325315795	0.0733631331149165	0.120269432129954	0.159100571086862	0.171910439133901	0.154961586502623	0.119892624599429	0.075594260184579	0.0410094086186159	0.0188945950691525	0.00712009702170058	0.00204442472311112	0.000506115352558911	6.85104600953793e-05	4.76397239073829e-06	
6.33408784384483e-06	0.000291141823393868	0.00183009895202517	0.00678720134210273	0.021511467187389	0.0508045875083644	0.0932298554515911	0.140634395092349	0.168754804292521	0.167437540238424	0.140768768241607	0.100488493903214	0.058821959196711	0.0300233501624015	0.0125813081972598	0.00456800842252709	0.00118017629576209	0.000240242903220115	3.93618316010357e-05	9.04869691977832e-07	
5.46547064703494e-05	0.000710285338220036	0.00354758731089359	0.0114158324295733	0.0319806820455676	0.0674924646517298	0.114760203604591	0.157807786172721	0.171685338852405	0.157609041785556	0.123586487007763	0.0818946573443504	0.0445187427249391	0.0211500163286582	0.0082747677287898	0.00273905900856362	0.000647274333652981	0.000112697101358282	1.21956783033011e-05	2.25845894505576e-07	
2.70919011470711e-06	9.48216540147488e-06	0.000145618968665507	0.00158171549530317	0.00632099206929747	0.0186428402426712	0.0470168656115274	0.087763762234251	0.135157882569251	0.168812119471672	0.168238674230725	0.143832032019015	0.104350778711545	0.0641798107540398	0.0324610644227348	0.0142013488154518	0.00525131350567395	0.00164086614614094	0.000329618130622698	5.64414607230648e-05	4.06378517206066e-06	
1.0145227808836e-05	3.81009666598506e-05	0.000469611322795673	0.00292903999316437	0.0100697022240368	0.0289720652279531	0.0633470278878785	0.108672298545648	0.153899498667932	0.172814486844232	0.159794101474372	0.127107304721837	0.0862082842323095	0.0489263756308923	0.0234440433196718	0.00896003975125705	0.00325909807121183	0.000845886549750055	0.000202453657162993	2.90829863853297e-05	1.35269704117813e-06	
1.35071310898589e-06	2.54384302192342e-05	7.40641021427263e-05	0.00104770313487005	0.00543526955055922	0.0167110225843734	0.0420161824435211	0.0830519722887699	0.12870112275776	0.167413911174405	0.171703325770841	0.145650996443572	0.108592831585436	0.0683827776874801	0.0367391714455647	0.0162652872584081	0.00563292390217415	0.00198599850791225	0.000464195071788151	9.18484914110405e-05	1.26066556838683e-05	
1.66837750513082e-05	8.13897674800308e-05	0.000321951767206327	0.00228680446412729	0.00917585082179992	0.0256546859876806	0.0575587984705938	0.103944878610882	0.147902116742687	0.173275658575111	0.165202064188795	0.130023648123853	0.0897481133243166	0.0524783635110509	0.0260438237679314	0.0111116196405909	0.00376264218690923	0.00112164568757106	0.000246649323055827	4.17094376282706e-05	9.01825678449094e-07	
1.98383087661429e-05	0.000215741607831804	0.000809087388200985	0.00426253116079806	0.0146413481753941	0.0381831084916528	0.0763526908636923	0.123638201549101	0.162631750040917	0.175091109687362	0.152288551807969	0.112382666548238	0.0721325415443492	0.0391281333819672	0.0179739586127792	0.00721257784845426	0.00226787938849315	0.000653311577321387	0.000105954603637354	9.01741307551948e-06	
4.95294254316489e-06	4.48016166404461e-05	0.000447791032652499	0.00180332135321595	0.00775067967879717	0.0223031002718715	0.0533290077635123	0.0977301114592179	0.14301554053263	0.172723965307789	0.16888588510434	0.136246894279892	0.0934586487832421	0.0553867302564454	0.0285764522702938	0.0120286712335799	0.00463888095917785	0.00128753992747091	0.000302354628885021	2.90422540031032e-05	5.62834379905102e-06	
1.92982310478468e-05	0.000206446192604873	0.000837229070226936	0.00363479937805841	0.0132688802336073	0.0336805743333078	0.0714458661057314	0.119512149695032	0.158348717688646	0.174268860710978	0.156863651490104	0.11900882490154	0.0748598578169168	0.0422532524812252	0.0200665699211937	0.00799193603219843	0.00283482038171452	0.00073490356606626	0.000138902383937409	2.37861917566484e-05	6.73194106320238e-07	
4.89581239606224e-05	0.000462631813572854	0.00193429505354514	0.00648448106072941	0.0204429362747135	0.0484653986213123	0.0922449657910723	0.138657716462843	0.169979237713027	0.170268494885785	0.141098885304366	0.0994155343229013	0.0585876030394461	0.0308658513716696	0.0138189919342614	0.00495981728289149	0.00177619175414937	0.000413449111061953	5.95133158236924e-05	1.50467628686317e-05	
8.53906871118937e-06	0.000121344660632691	0.000972554983737568	0.00352708480239022	0.0113158390286675	0.0307557030866936	0.066037337302652	0.111940898858327	0.155895530336839	0.173835664274379	0.159818333560293	0.124568159071165	0.080490609945678	0.044845615884825	0.0223934829827596	0.00901590828500895	0.00309968194216174	0.00109187723335971	0.000235049101892213	2.53924937990631e-05	5.3930960281196e-06	
5.65986595813864e-05	0.000343425332838452	0.00186482436150624	0.00625854899076247	0.0179713146267623	0.04387207891161	0.085958255895393	0.132349313397376	0.167378020868895	0.172542479436196	0.145328671347594	0.105780414338267	0.0626777164086955	0.0333817090269676	0.0158710759202243	0.0057085723743521	0.00192232499175824	0.000614918504694983	0.00010620704646547	1.33040673916406e-05	2.25492667654926e-07	
8.32308132167832e-06	0.000128445390126441	0.000795866532867511	0.00327794435187828	0.0105066529538278	0.0277615252743861	0.0596141824405929	0.106642741182089	0.149879124114913	0.172384511060588	0.164702531948823	0.130406712992487	0.0858575326922761	0.0483463049680472	0.0243310660809917	0.0103932790893379	0.00342618517866169	0.00115983262958307	0.000321675845675676	4.70141620602911e-05	8.54802946550746e-06	
7.65070998588669e-05	0.000293877271810824	0.00165547862841672	0.00588497112532043	0.0172525760390564	0.0404718057835767	0.0792739566231746	0.12741649925113	0.163328706904001	0.172281612733662	0.151887070120107	0.110720399853106	0.0675402427345258	0.0358618029753161	0.0166564957228031	0.00656993468993923	0.00204904015092601	0.00060215588006567	0.000142663239148593	2.79025893602926e-05	6.30058469425963e-06	
0.00011470704294483	0.000697256563597844	0.00285843641004365	0.00985173494965848	0.0261227825089112	0.057125008817118	0.100179812867516	0.145662845577503	0.170486891959712	0.166547865626446	0.134857847775866	0.090845949793471	0.051940205404482	0.0254721749784952	0.0114263088377833	0.00409812883291105	0.00131383508913233	0.000316402138103223	6.37762144467323e-05	1.80286118577335e-05	
4.05245315251588e-06	0.0002681373169248	0.0014928787141296	0.00536026983934725	0.0159373977036999	0.0382366965842773	0.0766159044377514	0.120907641440746	0.158731888348612	0.172599608172807	0.153375896098703	0.115615362759847	0.0730362374863624	0.0386405910818114	0.018181781341335	0.00761613542758109	0.0024879810993585	0.000720210979716571	0.000133956090319275	3.6246942086392e-05	1.12568143125441e-06	
2.57491710009222e-05	0.000562641973362257	0.00281162877736386	0.00897652240279519	0.0247804149094928	0.0550221386403128	0.0958867506285395	0.140090171789886	0.168578015583669	0.167022901177166	0.137149797157517	0.0955323607223953	0.0564270495493105	0.0278560856245766	0.0124790872686838	0.00484310284738399	0.00142388398236679	0.000434573728120828	8.51529602398919e-05	1.19711058162182e-05	
2.2694195936695e-07	0.000132307162310932	0.00115354597946221	0.00537557419152494	0.0147925307954565	0.0368260986884343	0.0731034517191194	0.11713995034056	0.154631669795818	0.171691123823391	0.156729521268206	0.117447456695503	0.0769394516582989	0.0422427493746047	0.0195288094874448	0.00808980002555366	0.00308709147326862	0.000766609938741557	0.000290031824070962	2.67791512053001e-05	5.21966506543985e-06	
8.00083757339625e-06	0.000360266286162071	0.00211382128689129	0.00917558912453006	0.0231137339634641	0.0522118658364693	0.0946846549878822	0.135750439703173	0.164623405147327	0.167349404806263	0.141499841583416	0.0972435514392135	0.0596343571509886	0.0311936655311573	0.0133904303581952	0.00514065243858671	0.00187745368543724	0.000471363630752659	0.000140128955214054	1.73732473022319e-05	
3.69376868106303e-05	0.00071512279371885	0.00426022302103475	0.0151839129720568	0.0345009466142595	0.0693772351889053	0.115041393151891	0.150902380805985	0.168487013994106	0.158375723726292	0.123246607009626	0.0789697918549877	0.0454230305788984	0.0218960183467884	0.00866154341715359	0.00343704028639785	0.00109665927301126	0.0003191324369788	6.10274825566936e-05	8.25935854150741e-06	
