# <P(U)> as a function of N_tot.
# number_of_species: 1
# species_total_upper_bound: 103
# species_total_lower_bound: 0
# volume: 729
# Bin widths for each
10	10	10	10	10	10	10	10	10	10	10	10	10	10	10	10	10	10	10	10	10	10	10	10	10	10	10	10	10	10	10	10	10	10	10	10	10	10	10	10	10	10	10	10	10	10	10	10	10	10	10	10	10	10	10	10	10	10	10	10	10	10	10	10	10	10	10	10	10	10	10	10	10	10	10	10	10	10	10	10	10	10	10	10	10	10	10	10	10	10	10	10	10	10	10	10	10	10	10	10	10	10	10	10	
# Bin lower bound for each
0	0	0	0	-10	-10	-10	-10	-10	-10	-20	-20	-20	-20	-20	-20	-20	-30	-40	-40	-40	-40	-40	-40	-50	-50	-50	-50	-50	-60	-60	-60	-70	-70	-70	-70	-80	-80	-80	-90	-110	-110	-110	-110	-110	-120	-130	-130	-130	-130	-150	-150	-150	-150	-160	-160	-170	-170	-170	-170	-180	-180	-190	-190	-200	-200	-200	-210	-210	-220	-230	-230	-230	-240	-240	-240	-240	-250	-260	-270	-270	-280	-280	-280	-280	-290	-290	-290	-300	-300	-310	-320	-320	-330	-340	-340	-340	-350	-350	-350	-360	-360	-360	-360	
# Bin upper bound for each
0	0	0	0	0	0	0	0	0	0	0	0	0	0	0	0	0	0	0	0	0	0	0	0	0	0	0	0	0	0	0	0	0	0	-10	-10	-10	-10	-10	-10	-10	-10	-10	-10	-10	-20	-20	-20	-20	-20	-30	-30	-30	-30	-30	-30	-30	-40	-40	-40	-40	-40	-50	-50	-50	-60	-60	-60	-60	-60	-70	-70	-70	-80	-80	-80	-90	-80	-90	-90	-90	-90	-100	-100	-100	-100	-130	-130	-130	-140	-140	-140	-150	-150	-150	-160	-160	-170	-170	-170	-170	-170	-180	-180	
# Normalized histogram for each
1	
1	
1	
1	
3.63749396506683e-05	0.999963625060349	
0.000139492248216492	0.999860507751783	
0.000674196858840448	0.99932580314116	
0.0016623421438573	0.998337657856143	
0.00408100970152225	0.995918990298478	
0.00946124744852164	0.990538752551478	
1.00015669121496e-05	0.0206265648284898	0.979363433604598	
3.01555018713164e-05	0.0408607050356338	0.959109139462495	
9.06094999026787e-05	0.0734843044210724	0.926425086079025	
0.000190508658117173	0.125805901757693	0.87400358958419	
0.000325928980740258	0.198344413810077	0.801329657209183	
0.00102081192787149	0.285538054339116	0.713441133733013	
0.00236937565282974	0.382987882812682	0.614642741534488	
1.67021866502763e-05	0.00546161503464034	0.487687148001416	0.506834534777293	
3.34768373762194e-06	5.6910623539573e-05	0.0104414255776428	0.591820269555495	0.397678046559585	
1.0086576447844e-05	0.000242077834748256	0.0189795746826931	0.688627385055056	0.292140875851055	
5.05283581988998e-05	0.000619814527239838	0.0320551904413821	0.761718368405628	0.205556098267551	
7.08005178552163e-05	0.00134858129248031	0.0561987539108857	0.801984437371885	0.140397426906894	
9.80415358037547e-05	0.00221100566950536	0.0898871846189734	0.818917283370465	0.0888864848052523	
0.000141762581429102	0.00446552131501671	0.134920849225369	0.808549633779998	0.0519222330981875	
1.68783777853543e-05	0.000290308097908094	0.0086653591550009	0.193362071584576	0.767949310855835	0.0297160719288948	
2.35948428414932e-05	0.000502233083340356	0.0157107946406	0.264710541838712	0.702984747619449	0.0160680879750569	
6.98870159908148e-05	0.000981746177013828	0.02789157528662	0.345927417341964	0.616483351914405	0.00864602226400652	
0.000112838349108577	0.00261519467933996	0.0468113210051906	0.425646165487395	0.520632824012001	0.00418165646696491	
0.00035603055873506	0.00540367876061437	0.0709465754518593	0.501277717145367	0.42000958287859	0.00200641520483403	
3.33772800854458e-06	0.00100465613057192	0.0102802022663173	0.105051651340932	0.560220957594166	0.322734934330201	0.000704260609802907	
6.69440381313241e-05	0.00198489073059376	0.0185434985623768	0.148177281201779	0.592879832104352	0.238046305191175	0.000301248171590959	
0.000279669989412493	0.00338933391930855	0.0305073346784128	0.203546481818121	0.597115403823488	0.16502194077655	0.000139834994706247	
6.32997844475761e-05	0.000399788112300481	0.00562368611302676	0.0468918140052439	0.262700768592646	0.575441682574902	0.108795671627371	8.32891900626002e-05	
0.000119684829947804	0.000837793809634629	0.0105389141926261	0.0678380265301373	0.327022174939326	0.525841949532897	0.0677848332723827	1.66228930483061e-05	
0.000186242034827261	0.00196551861755198	0.0182384164105839	0.0972249936810738	0.380386053132192	0.463024304585545	0.0389744715382262	
0.000358880818643365	0.00369746017739907	0.0305608418224561	0.137602807830845	0.425158533132272	0.380930587840196	0.0216908883781879	
1.32109558456828e-05	0.0007497217442425	0.00755336400476916	0.0449469745259744	0.182083301682085	0.454126607195347	0.299112554041066	0.01141426585067	
8.84636807444055e-05	0.0014940532747944	0.0120736542053013	0.0652141148717277	0.229402706333344	0.464106680646112	0.222325611873792	0.00529471511418368	
0.000351844057452517	0.00291997685063398	0.0196999789551218	0.0909631977692429	0.2732447256274	0.452214973430841	0.15817856579155	0.00242673751775662	
3.93572953666624e-05	0.000629716725866598	0.0054050685636883	0.0304199095438162	0.124313297190217	0.313962984463708	0.414265051705647	0.109833092269899	0.00113152224179154	
4.28446190454219e-05	0	0.000135125336989407	0.00128204283143609	0.00959389892624793	0.0444529401295885	0.16236133174259	0.34727870754263	0.36346408632202	0.0708847743406872	0.00050424820876535	
6.98605118446834e-05	3.99202924826763e-05	0.000735198719889288	0.00314039634197053	0.0167132957860805	0.064394758465597	0.199641382705864	0.367858841845781	0.304006334019741	0.0432236966856177	0.00017631462513182	
8.76684245309739e-05	0.000286608310966646	0.0014869913545446	0.00556020123275292	0.0260746125730008	0.0893206371471346	0.235895499237959	0.376208812699783	0.241378147633627	0.0236569871734351	4.3834212265487e-05	
6.10469552831052e-05	0.000529073612453579	0.00263180207220498	0.0100795306167438	0.0410303369452782	0.120442251276051	0.269810584863747	0.361557375659222	0.180488714792016	0.0133353682318428	3.39149751572807e-05	
0.00016635093937357	0.000991315801981274	0.00528928088865351	0.017565301230997	0.056708695740737	0.155504179142987	0.296783655510969	0.329690587252765	0.130629621330943	0.00666422232633301	6.78983426014571e-06	
1.36998030653309e-05	0.000510317664183577	0.00201387105060365	0.00826440619916089	0.0275640037674458	0.0793389845020978	0.187796900419556	0.314198133401832	0.287476667522904	0.089737135028684	0.00308588064046579	
3.11717459294895e-05	4.84893825569837e-05	0.000775830120911739	0.00300634171853299	0.0131925755828251	0.0411917304821576	0.105336256550396	0.218410033145957	0.319822113236562	0.239225832372204	0.0573906477835157	0.00156897787845097	
0.000130074669891581	0.000397255072912126	0.00157847369679243	0.00684122452997342	0.0201229029853895	0.0571062956140228	0.132282423748119	0.246832506011559	0.310460112778254	0.18907232151646	0.0346068932543979	0.000569516122228003	
0.00019692099951473	0.000949440533374593	0.00308743995667738	0.0122302006484327	0.0316726329040924	0.0775939067016436	0.16255476865299	0.265083796918186	0.284578975870145	0.141209938884161	0.0206134089134884	0.000228569017293884	
0.000331743580048299	0.00210104267363923	0.00602132433464009	0.0188380413573663	0.0482062660298141	0.100935659581147	0.188041535723076	0.277266290214991	0.24533329528389	0.101256701755387	0.0116252938427678	4.28056232320386e-05	
4.64581055099313e-05	2.8589603390727e-05	0.000443138852556268	0.0034629157107018	0.00977407065920478	0.026881374588131	0.0643694920342218	0.127098655573901	0.213414241910929	0.275796756509495	0.205698622695857	0.0671248150610031	0.00586086869509903	
9.05918547051597e-05	0.00013045227077543	0.000909542221239804	0.00559132927240246	0.0161325974858948	0.0398712870928349	0.0863738979500875	0.152951663810004	0.227168134858659	0.258219398977399	0.166011385584299	0.0435710584389936	0.00297866018270565	
0.000182274863202715	0.000244248316691638	0.00218000736390447	0.00981732413209824	0.0255695178100769	0.0557360076701262	0.107793708600822	0.177863811513209	0.237504146753138	0.229268968433639	0.126258152243257	0.0262220618203426	0.00135977047949226	
0.000212978467142563	0.000433301019359008	0.00416776827942775	0.0142071325754238	0.0373924091536676	0.0777040921242032	0.12884095649364	0.200284216092359	0.23396419024118	0.195965894068917	0.090170676537117	0.0160468258864311	0.000609559061132164	
5.56080742923873e-05	0.00024838273183933	0.00077109863018777	0.00671374816956755	0.0218243155572856	0.0528017201430981	0.0991195388237039	0.153685888524347	0.209709169771451	0.222851211329218	0.161044690355706	0.0623959665610113	0.00857476505588611	0.00020389627240542	
0.000208125995693684	0.000488150062627004	0.00176717890889001	0.0108339041031094	0.0341099586396885	0.0711450335461264	0.11948702618225	0.170542224980417	0.216598615772923	0.201719499135331	0.127766656701846	0.0406867401036089	0.00459769245032411	4.91934171639617e-05	
7.66348121297581e-06	0.000295044026699569	0.00100008429829334	0.00372828361011273	0.0179440412601829	0.0507590678141453	0.0903907609070496	0.143824383664523	0.181693476078443	0.213600380108668	0.174608587697047	0.0934216677267816	0.0261937787859513	0.00252128531906904	1.14952218194637e-05	
0.000104081137028599	0.000616777108317625	0.00186575075266081	0.00712763045799555	0.0281828589931885	0.0671438979542274	0.110699926372233	0.15888178310262	0.19119319386461	0.202958217205768	0.146380482088407	0.0687012601527294	0.0150879100122199	0.00105623079799393	
6.93286292574519e-05	0.00109385170606202	0.00340095442412944	0.0129798600332007	0.0422288383988168	0.0889486313373107	0.127834289169713	0.173159806342029	0.195672352898129	0.183466662558303	0.117858669737668	0.0451598987802013	0.00783413510609206	0.000292720879087019	
0.000243256392237418	0.00189585537442178	0.00609685465623624	0.0205223448371727	0.0610534932390168	0.110492459051841	0.150444425567405	0.17541874850378	0.192396500196922	0.156699589939225	0.0901554524182774	0.0299282586703528	0.00449831265010464	0.000154448503007885	
8.87455241387826e-05	0.000763983207803433	0.00475753179404865	0.0121697123101617	0.0328474194344981	0.0780960612421287	0.1325125015434	0.16550268551673	0.175611958266453	0.183174620323497	0.131895141375478	0.0623186504506729	0.0178802938634399	0.00233825163600444	4.24435115446351e-05	
0.000127636367855748	0.00224330585928284	0.00736809941712725	0.0195902485814958	0.0481885305186291	0.0987480032643968	0.154761029909456	0.172591443722031	0.172765493314562	0.162221955775932	0.106085160531741	0.0431372245665198	0.0112320003713058	0.00093600003094215	3.86776872290145e-06	
5.01587718045969e-05	0.000544029755726781	0.00299409284002824	0.0121770064473314	0.0309904042411171	0.0679497023269812	0.123718539839569	0.166654448504304	0.176539584916871	0.165415912677437	0.136528318485051	0.0823452698349005	0.0276915004031994	0.00604220281892298	0.000358828136755962	
0.000212502076724841	0.00107023773186874	0.00600028591188505	0.020060196042825	0.0476275109052202	0.0884935920964682	0.145838243419197	0.174089428601234	0.171860088632684	0.147175074665502	0.114716348364314	0.0614015091511122	0.0181979051158909	0.0030986666460604	0.000158410639013063	
2.3202573938869e-05	0.000417646330899641	0.00279591015963371	0.0107814626902611	0.0312383987130306	0.065338448211855	0.114961019675783	0.160983325083529	0.174452419255043	0.160074557604257	0.131635936146517	0.0918937940848905	0.0428976921173122	0.0109941529513674	0.00147336344511818	3.86709565647816e-05	
0.000214343058012923	0.00115745251326978	0.00451679280430869	0.0177787823755446	0.0428569201630566	0.0866452583418421	0.135647978550106	0.171910926819383	0.17643941106322	0.148948939586435	0.110176228965152	0.0669217998581439	0.0289557985642912	0.00706162947489848	0.000767737862337197	
0.000175486487540459	0.00301446788597278	0.00834535740747962	0.0265452560152868	0.0578247474944429	0.109023905159303	0.152790235151893	0.181148851538432	0.165339468860898	0.132695082478649	0.0893772179542175	0.0502125336349101	0.0187341574698748	0.0044456576843583	0.000327574776742191	
2.71707487482048e-05	0.000648216434421457	0.00479757792182587	0.0164926444901603	0.03980514691612	0.0761906610255017	0.128746652175601	0.168299499281916	0.181807242945309	0.151554554981951	0.113597018980709	0.0696890890036098	0.0339401467220432	0.0120754570508093	0.0022085937196755	0.000120327601599193	
0.000131985015818792	0.00179732536247355	0.00861784515052115	0.0236757826905534	0.0514819199937889	0.0991401564410629	0.147978494206246	0.175338211603036	0.180248830573941	0.135012907358165	0.0920440208846878	0.0526270841016285	0.0230430309970692	0.00748432677937152	0.0013004405970381	7.76382445992896e-05	
2.74619651782282e-05	0.000204003169895409	0.00299335420442687	0.0135622876601621	0.0350375444295365	0.0714442639801018	0.123845616678044	0.165807499470376	0.17857339014037	0.165321030372933	0.113590534252917	0.0729782108922	0.036508721135513	0.0149471553327213	0.0044841465998164	0.00066301030216008	1.17694136478121e-05	
2.73838630806846e-05	0.000164303178484108	0.000567237163814181	0.00514034229828851	0.0207569682151589	0.0480312958435208	0.0928469437652812	0.140760880195599	0.179563814180929	0.173148166259169	0.149699755501222	0.0945056234718826	0.0557535452322738	0.0265427872860636	0.00953349633251834	0.00268361858190709	0.000273838630806846	
0.00023132537678591	0.000650847670279002	0.00240735222621269	0.00922164891865188	0.0289588005583175	0.0667471731254803	0.113816006147766	0.157101296990418	0.186989319824977	0.163049103712184	0.128181704123081	0.0764393143359001	0.0410426109185578	0.017925756316359	0.00575960980505936	0.00130561610965607	0.000172513840314916	
0.000238429336971009	0.000875543794778788	0.00382659542450194	0.0164985283828628	0.0416547777721319	0.0856860315586634	0.139231006758104	0.168194308183598	0.182398442782822	0.148502390156386	0.106894516516117	0.0611082664623731	0.0290062968797026	0.0117690284199952	0.00356862269925462	0.000512036772839381	3.5178098897362e-05	
5.459324135672e-05	0.000495238689450246	0.00168849096481856	0.00680465758339118	0.0258070050927695	0.0573969942521116	0.106940360783335	0.154674351315307	0.177369541650744	0.176535044961434	0.136841858977859	0.0832897887241559	0.0446494723953175	0.0185305059233667	0.00627432323878304	0.00239040406797638	0.000257368137824537	
8.12649469455989e-05	0.00104096527277934	0.00336669065917481	0.0139582220777512	0.037408963910624	0.0757079724782713	0.130290928510065	0.166949159101287	0.179208556811937	0.160339610083045	0.115640019503587	0.065631119057017	0.0328503873629138	0.0123445324169743	0.0039665033628209	0.00108740238531968	0.000127702059485941	
0.000339789330615019	0.00149585417960405	0.00754176088985748	0.0232345600899856	0.050511441526943	0.0956057818864947	0.144590124237915	0.174780601544284	0.176116325119805	0.143910545576685	0.0963830011599705	0.0507223452493937	0.024132853722646	0.00785030522455388	0.00217152721634426	0.000601466171433481	1.17168734694834e-05	
0.000623067795332151	0.00379793554224757	0.0135685910333798	0.0319034522718163	0.0697915302465682	0.11470400311137	0.157699649573972	0.178649808118931	0.16260878882764	0.125954940689502	0.0771373804959937	0.0396183808968208	0.0170450712162521	0.00521075168962493	0.00123026125192972	0.000456387238619091	
3.21047900346732e-05	0.00231154488249647	0.00787771285475793	0.0211209387440606	0.0458576794657763	0.0896887440606138	0.134109734172339	0.169433029407988	0.170982085527161	0.146891453704893	0.109854565301143	0.0580253948889174	0.028067612687813	0.0118145627327597	0.00292554899190959	0.000622030306921793	0.000325060999101066	6.01964813150122e-05	
5.2316830726882e-05	0.000273657268417537	0.00376278744074113	0.012431283855026	0.0308749788720491	0.0618626401487408	0.110694365074894	0.1547652584049	0.170150431010198	0.163333145529326	0.133158407314698	0.0866849641428491	0.0427267532174851	0.0189427170947257	0.00824996176846985	0.00141657880122019	0.000362193443493798	0.000257559782040034	
0.000132169705902379	0.000204262272758222	0.000929193083919753	0.00675267042883062	0.0207145975432455	0.046355520488307	0.0803551760460431	0.132361952747328	0.166149335747099	0.163930486744981	0.151818935513199	0.113473700231097	0.0641263382182723	0.0334108995950801	0.0132369963032534	0.00482619683673837	0.000768987379795658	0.000296380552629576	0.000156200561520993	
0.00029709807448329	0.000738730347363857	0.00229648781897895	0.011289726830365	0.0307857842586199	0.0648717660473109	0.10027060013811	0.147509193980954	0.172650114824391	0.158445614993014	0.133894875459699	0.0930037418298029	0.050839904286242	0.0225232459169089	0.00735116992403925	0.00242897750084312	0.000421558078658723	0.000285053557950184	9.63561322648509e-05	
0.00015145127157669	0.000622178196747482	0.00140399422029201	0.00457628436818213	0.0175274147267942	0.041362570250877	0.0832941060895691	0.120514279398943	0.160043061280459	0.174193521978854	0.149551990765566	0.117538466576342	0.0712148438619256	0.0359348841397772	0.0149445565547701	0.0053089810604045	0.00148585977249563	8.59588298137968e-05	0.000216943713339582	2.86529432712656e-05	
0.000358979014169356	0.00103980128242158	0.00192693332893206	0.0105878178202134	0.028606913853289	0.058315521922477	0.109290541934526	0.141029238221775	0.162332785924722	0.160925753237	0.133020292629789	0.098224085428753	0.0556541257829456	0.0249964927337696	0.0091147660034495	0.00353202340378125	0.000878879655380146	5.77667379123101e-05	0.00010728108469429	
0.000460798884119459	0.00139900201755187	0.003823385335802	0.0174314821118703	0.0429995931685528	0.0801831571780842	0.12537050721088	0.150303463048911	0.165592853050821	0.148838039570585	0.11681874413623	0.0769285056001594	0.0428584475644081	0.0191542887506953	0.00547146783125628	0.00179337944089735	0.000489858273208073	5.81187781772291e-05	2.4908047790241e-05	
0.000578971746178786	0.00325878382849203	0.00710894594058096	0.0253176073579038	0.0575456560576987	0.102296036524846	0.141881161913584	0.167967974591411	0.160610897902468	0.131285978958513	0.095906669754516	0.0599607953417588	0.0308137034341296	0.0112279163633958	0.00248544299609608	0.00150119102759214	0.000227453185998809	8.27102494541123e-06	1.65420498908225e-05	
6.57935316734174e-05	0.00146801817546312	0.00391060303883874	0.0107736908115221	0.0348664596911816	0.0774801077369081	0.121430186894751	0.159175113596645	0.170409359129881	0.1536237843617	0.117725188642392	0.0778419721611119	0.0414828217200896	0.020749635051504	0.00642309352961737	0.00166951086621297	0.000875876390402369	2.46725743775315e-05	0	4.11209572958858e-06	
0.000410046554780563	0.00327623055385278	0.00769562119982107	0.0162444705843371	0.0498185854636425	0.0987963683957653	0.142650640335327	0.170343279378386	0.170202455309067	0.136226577643765	0.0976573501880415	0.0597259729286436	0.029457081793933	0.0125664772444872	0.00352474361735615	0.000989910369621763	0.000414188439172286	
0.0013705020082808	0.00524671100158103	0.0105058060574538	0.0273274798036715	0.0688635978980132	0.116715583681119	0.166284824992673	0.171428335541823	0.158338390155502	0.116637151337271	0.0800505269415101	0.0446527717577514	0.0223821141231883	0.00738089635784963	0.00204336895812951	0.00064809884126532	0.00012384054291694	
8.13371832933426e-06	0.00198869413152223	0.00950831672699174	0.017556631013868	0.0438407417951116	0.0863638212208711	0.136487860425393	0.176180405872545	0.168892594249461	0.140916670055716	0.101118386270283	0.0629793810240351	0.0322867949082923	0.0151083817967384	0.00468095489853186	0.00125665948188214	0.000813371832933425	1.22005774940014e-05	
0.000141925647180951	0.00350759099461494	0.0123313112307792	0.0258223577499513	0.0579016090313372	0.108050022708104	0.153174268474664	0.17818967754493	0.167456043599559	0.122327742814507	0.0851959384934795	0.0481695646532148	0.0224283072730812	0.0106525335755531	0.00312641925647181	0.000802893661195095	0.000721793291377409	
9.71140928734442e-05	0.000602916659922632	0.0058592169366978	0.0189696194746128	0.0349772591165855	0.0745269734392956	0.13040804104689	0.166607319165466	0.181235129404529	0.151902626936212	0.106339931696421	0.0679474936471198	0.0357824968033278	0.0152873767864947	0.00682226502435945	0.00173591441011281	0.000619102342068207	0.000279203017011152	
3.9986884301949e-06	0.000591805887668845	0.00208331667213154	0.0116841675930295	0.0284946537535688	0.0489919306467479	0.0991914651994146	0.151314368887005	0.176154221415376	0.169984245167585	0.136363272846506	0.0840124439183948	0.0496877024336018	0.0242880335250038	0.0125398869170912	0.00380675138554554	0.000583808510808455	0.000219927863660719	3.9986884301949e-06	
0.000131699724627849	0.000618589615676258	0.00560322464780301	0.0189328331404398	0.0365007782256455	0.0671868140639342	0.119315959612084	0.167885221694536	0.176860757472962	0.157233507602666	0.115037714012053	0.0686035838288702	0.0381530111346131	0.0171010096978888	0.00827712814782296	0.00198347767091032	0.000470926288063216	0.000103763419403759	
1.20234698130751e-05	0.000440860559812754	0.00270127288467088	0.00865689826541409	0.0245318862419443	0.0512520439898682	0.085466831254609	0.137035493282888	0.180235820321267	0.175081759594729	0.142646445862323	0.0937229471929206	0.0522099137516432	0.0268283689762416	0.0126607137131681	0.00458494982205265	0.00152297284298952	0.000356696271121229	5.21017025233255e-05	
1.56691306374594e-05	0.000168443154352689	0.0013592970827996	0.00438343929582927	0.014290247141363	0.0354670771978894	0.0691204525244928	0.1026288883927	0.152719181757998	0.182839168125854	0.164866675284689	0.126747597726409	0.0764575229454832	0.0359880757915849	0.0189753172019633	0.00913510316163883	0.00301630764771094	0.00150031925853674	0.000285961634133634	3.52555439342837e-05	
0.000225049155473432	0.000351392541002377	0.00275191686605232	0.00800701205789686	0.0221495747755431	0.0500793594390354	0.0856884530042088	0.124795679056215	0.162059081325658	0.179762948222901	0.152808376566461	0.106108702690324	0.056246495945167	0.0261609772660871	0.0134911046360126	0.00600920727422042	0.00203728709165423	0.00112919400816494	0.000138188077922283	
9.83295771434865e-05	0.000770903884804934	0.00406297812756886	0.0132351610835133	0.0352570531805685	0.0624038828383422	0.105668896781476	0.145586771918646	0.16568927066986	0.171946964959272	0.136355591216416	0.0846538995543704	0.0399965387988845	0.0195085881052677	0.0086726687040555	0.00390565080413928	0.00149067638949525	0.000656841575318489	3.93318308573946e-05	
0.000137613777104999	0.000342068531660998	0.00196984292370299	0.00666443863408497	0.0213262036290719	0.0486523679399218	0.0812393103583856	0.124866809522873	0.154787976487703	0.170955629386439	0.159867890773979	0.111400318477598	0.0644543613737787	0.0299840761200778	0.0132345135352979	0.00561857392808697	0.00309827589596398	0.00110091021683999	0.000298818487427999	
0.000353137825769644	0.000580715535710082	0.00437498528592393	0.01326228723446	0.0320806095943624	0.0637923863484764	0.100663899112447	0.138190678730901	0.157130637453013	0.166955716516648	0.146206907375872	0.0927575355688266	0.0479482692322784	0.0199365921415063	0.00918943097725008	0.00361377708370936	0.00218553076615213	0.00063564808638536	0.000141255130307858	
0.000740467959911777	0.00117603734809518	0.00670380885631358	0.0209627667367537	0.0436994887999271	0.0857121361510713	0.119611313716872	0.14728184903165	0.165761870255758	0.151447476271368	0.124398617265179	0.0726569336707016	0.0354395093112856	0.0146588897732267	0.00536542291807732	0.00250254412119916	0.00144529842442673	0.000392012449365059	4.35569388183398e-05	
3.93214687355002e-06	0.00123076197142116	0.00213122360546411	0.0120992159299134	0.0305134597387482	0.0650101842604025	0.104426024520868	0.132253827944981	0.161611236502906	0.162087026274605	0.134098004828676	0.099365351494609	0.0560802787105704	0.0237540992631157	0.00961016695895625	0.00298449947702447	0.00150208010569611	0.000857208018433905	0.000342096777998852	3.93214687355002e-05	
0.000104109106343448	0.00160968695192562	0.00477300210620731	0.0200329945783181	0.0467409845518103	0.0840841201579255	0.118404087483683	0.147722813508557	0.165173101410278	0.148399522699789	0.11550104509526	0.0792750802841378	0.0413152984327575	0.0167495535321016	0.00574602183087876	0.00197807302052551	0.0014294981140235	0.000684717584028061	0.000200209819891246	7.60797315586735e-05	
0.000462884011011767	0.00288693448973128	0.0109995858406217	0.0316304074191374	0.0684499882248804	0.106666341835782	0.130582015738056	0.151269682721433	0.160113203563395	0.131889460049862	0.0974573862482845	0.0597485808950715	0.0298925621848125	0.0110401897012368	0.00364622668323304	0.0014495578239579	0.00111660616691435	0.000491306713442314	0.000207079689136843	
0.000983155807758364	0.00517278657360002	0.0198058981189496	0.0463347869897075	0.086105683130107	0.126839337654867	0.137760118141876	0.155497717528322	0.148786965230552	0.116738533588437	0.0795050769186836	0.044988557045474	0.0207686565033105	0.00654757291058993	0.00192959625340127	0.000819976420578552	0.000970917353719878	0.000391630529231547	5.30333008334387e-05	
