# <P(U)> as a function of N_tot.
# number_of_species: 1
# species_total_upper_bound: 103
# species_total_lower_bound: 0
# volume: 729
# Bin widths for each
10	10	10	10	10	10	10	10	10	10	10	10	10	10	10	10	10	10	10	10	10	10	10	10	10	10	10	10	10	10	10	10	10	10	10	10	10	10	10	10	10	10	10	10	10	10	10	10	10	10	10	10	10	10	10	10	10	10	10	10	10	10	10	10	10	10	10	10	10	10	10	10	10	10	10	10	10	10	10	10	10	10	10	10	10	10	10	10	10	10	10	10	10	10	10	10	10	10	10	10	10	10	10	10	
# Bin lower bound for each
0	0	0	0	-10	-10	-10	-10	-10	-20	-20	-20	-20	-20	-20	-30	-30	-30	-40	-40	-40	-50	-50	-50	-50	-60	-60	-60	-60	-70	-70	-70	-70	-80	-90	-90	-90	-100	-100	-100	-110	-110	-110	-110	-130	-130	-140	-140	-140	-150	-150	-150	-160	-160	-170	-170	-170	-170	-180	-180	-180	-200	-200	-210	-220	-220	-220	-220	-230	-230	-230	-230	-250	-250	-250	-260	-260	-270	-270	-270	-270	-280	-280	-290	-290	-290	-310	-310	-320	-320	-320	-330	-330	-330	-340	-340	-350	-350	-350	-360	-360	-370	-370	-370	
# Bin upper bound for each
0	0	0	0	0	0	0	0	0	0	0	0	0	0	0	0	0	0	0	0	0	0	0	0	0	0	0	0	0	0	0	0	0	0	0	-10	-10	-10	-10	-10	-10	-10	-10	-10	-10	-10	-20	-20	-20	-20	-20	-20	-20	-30	-30	-30	-30	-30	-30	-30	-40	-40	-40	-40	-50	-50	-50	-50	-60	-60	-60	-60	-70	-70	-70	-70	-80	-80	-80	-90	-90	-90	-100	-100	-100	-100	-110	-110	-120	-130	-130	-130	-130	-140	-140	-140	-150	-150	-160	-160	-170	-170	-180	-180	
# Normalized histogram for each
1	
1	
1	
1	
1.34393155932539e-05	0.999986560684407	
0.000101100512041126	0.999898899487959	
0.000437478815623538	0.999562521184376	
0.00142248329877908	0.998577516701221	
0.00390369783363391	0.996096302166366	
1.91393629982523e-06	0.00946632893893559	0.990531757124765	
2.45920049752359e-06	0.0205616486042944	0.979435892195208	
7.64994716072211e-06	0.0407250401349014	0.959267309917938	
3.98618051281939e-05	0.0739701320408644	0.925990006154007	
0.000165202778901885	0.124587197849579	0.87524759937152	
0.000445379596047256	0.193330222225861	0.806224398178092	
2.72789964821006e-07	0.0010245991078677	0.27980994177571	0.719165186326458	
1.11972877438039e-05	0.00239922372754432	0.38020090119049	0.617388677794222	
2.97904800011588e-05	0.00504989632093038	0.486923209161693	0.507997104037375	
1.64006526366373e-06	8.71968031847881e-05	0.00994344234938256	0.591957775973099	0.39800994480907	
5.18816236108354e-06	0.000243297508617128	0.0188682542625532	0.68424188523621	0.296641374830258	
1.58411514878392e-05	0.000565911480737979	0.0332582244254169	0.757090963715569	0.209069059226788	
1.90987725764544e-06	2.5919762782331e-05	0.00127743504575657	0.0555556010288236	0.803060551021416	0.140078583263964	
1.63645988995898e-06	8.42776843328876e-05	0.00260469865818471	0.0884809315602472	0.819985320954787	0.0888431346825582	
6.81760851928361e-06	0.000136897579067215	0.00506930099059852	0.134545504128062	0.807021864070521	0.0532196156232317	
2.01618561113719e-05	0.000321499867721876	0.00941313468637552	0.193141590448947	0.7666959921772	0.0304076209636441	
1.63392908203141e-06	3.15892955859406e-05	0.000705857363437569	0.0164994158703532	0.263016287549733	0.70334329122335	0.0164019247684586	
3.80373488728583e-06	8.91160745021251e-05	0.00143427974785585	0.0281044386054095	0.341518336854958	0.62040355996982	0.00844646501256727	
1.90178218725599e-06	0.000194796832608935	0.00308985268795178	0.0456357087317341	0.422095937847585	0.524878027841004	0.00410377427692883	
9.79040643512537e-06	0.000397599283559814	0.00581250990938707	0.0708354942482722	0.495705954933127	0.425475018282224	0.00176363293699411	
2.72348955269408e-07	2.04261716452056e-05	0.000894393969104735	0.0104309649868183	0.105988136479508	0.552579416955357	0.32935240865416	0.000733980434451053	
4.09950314021941e-06	7.16046548491656e-05	0.00174338203543064	0.0181640785136841	0.149944793357712	0.587719528393159	0.242031659096251	0.000320854445774505	
2.18273234981233e-06	0.000222911541224584	0.00319006332925071	0.0294540631699113	0.204454083633027	0.594131833214147	0.168419900953063	0.000124961427026756	
2.31905694594387e-05	0.000453716670718196	0.00578727481616017	0.0455956606897748	0.263308726774986	0.573553529154502	0.111238068110975	3.98332134244477e-05	
2.45621992665727e-06	6.57721113693781e-05	0.000942915538511209	0.0102992030657991	0.0680280129153502	0.32510335909908	0.526290422898301	0.0692588520119307	9.00613973107667e-06	
5.45706314504192e-07	1.06412731328317e-05	0.000187722972189442	0.00201529341946398	0.0175349081508059	0.0982855271864065	0.381586777536	0.459699997953601	0.0406772215362997	1.36426578626048e-06	
2.18609278816187e-06	4.34485941647172e-05	0.000394863009861738	0.00400628829590515	0.0276546202934447	0.13612061985568	0.427495909957024	0.381844554046635	0.0224375098544964	
8.74207544520385e-06	0.000113920170645313	0.000905624378151586	0.00760068821988942	0.0417390392131258	0.179384109857291	0.456065607090697	0.302384291801736	0.0117979771930179	
1.36422037397646e-06	2.53744989559621e-05	0.000258929026980732	0.00181905144666021	0.0128730562929167	0.0618158264296961	0.226223480579095	0.464134509946121	0.226991809493719	0.00585659806548094	
3.82138205195114e-06	6.74200976308523e-05	0.000583033718783403	0.00355989033725334	0.020322382708137	0.0873472402524733	0.274594687842218	0.448870181100755	0.161974464433305	0.00267687812739178	
1.80615521276919e-05	0.000160091030222724	0.00116168619366746	0.00659602410505693	0.0315215133610332	0.119363324814301	0.315724688308237	0.413694378287168	0.11052000576875	0.00124022657943484	
5.20384843764037e-06	4.32741080603778e-05	0.000315243660617056	0.00228366780384449	0.0113293258222628	0.0469009165346532	0.15510371543823	0.350028374668323	0.362285354946285	0.0711812516844036	0.000523671484882546	
2.27450103476095e-05	8.13887719667473e-05	0.000698244414044688	0.00409245764495423	0.0186922879616963	0.0673378362973096	0.194095504928268	0.370215874811463	0.301908224157284	0.0426770383913852	0.000178397611280648	
3.26187273707579e-05	0.000212706995291665	0.00141631062457736	0.00749956622574736	0.0292110297348481	0.0923312823737443	0.233206906069852	0.372603722756167	0.239192579595862	0.0242401001477162	5.31767488229162e-05	
6.41693280484133e-05	0.000473043123433816	0.0028075452160669	0.0124751755195659	0.0433625605426641	0.122316337236693	0.268547266743121	0.357646378738343	0.179278681907156	0.0130104683757646	1.83732691420671e-05	
5.47384024378295e-07	5.47384024378295e-07	0.000149435838655275	0.000962574806869232	0.00544346043042995	0.0200129073152948	0.0608795038073296	0.156110092064519	0.294426645340585	0.328040129817595	0.127371062324598	0.00659898810589253	4.10538018283721e-06	
1.09965121812489e-06	1.42954658356236e-05	0.000313950422774656	0.00202170876452261	0.00918923540426065	0.0305933965394526	0.0838819447441758	0.190154712679006	0.309576560054565	0.285347944765619	0.0857609737631467	0.00314335300701	8.24738413593668e-07	
2.20233028567527e-06	1.12869427140858e-05	6.27664131417453e-05	0.000785406038128944	0.00369055497622034	0.0150427417250192	0.0442960196183582	0.110262143373904	0.221487255665219	0.312257124263183	0.235871225343536	0.0547923257598865	0.00143894755040308	
5.52389748530091e-06	3.45243592831307e-05	0.000230346525137048	0.00161739718369611	0.0066839159572141	0.023401715501603	0.0628984111061273	0.139194483173103	0.246400904593452	0.300249238254537	0.185709014337828	0.0329997635771876	0.00057476153334556	
1.29694384840217e-05	8.74747233922311e-05	0.000508291610373785	0.00293854362587971	0.0109669019929888	0.0352948091340168	0.0851275309721229	0.169084225189188	0.262958676609535	0.275446866142149	0.138756435049052	0.0186059012600775	0.000211374252739587	
6.9021457943017e-06	2.15346948782213e-05	0.000169240614876278	0.00114051057105041	0.00522520045211816	0.0179141052803624	0.0504607596446444	0.110147479529616	0.195275232726552	0.270686973331765	0.241233032454994	0.0977454278805829	0.00988608146409421	8.75192086717455e-05	
8.55687006254796e-06	2.64986943872453e-05	0.00039168382641147	0.00223720747925649	0.00925411695861235	0.027647523200159	0.0697542246095583	0.13605285385418	0.217117328489961	0.265280361707178	0.201284082565515	0.0659442092071922	0.00498037440446945	2.09781330565692e-05	
1.40577852152343e-05	8.51736398334786e-05	0.000813422042552089	0.00419390592254491	0.0151548437477173	0.0408571610495708	0.0929299539152724	0.160776408721009	0.23131892621675	0.249706784921123	0.160031621747449	0.0418144686584435	0.00229720748987771	6.06414264186579e-06	
2.48531112091121e-06	4.77732026575156e-05	0.000231962371285047	0.00169194458198033	0.00788616833233139	0.0237294744367802	0.0575043002786034	0.116562472299136	0.183541330862014	0.238136988692111	0.224000539036368	0.120600274433577	0.0250215600739739	0.001041897651022	8.28437040303738e-07	
1.54803425910389e-05	0.000114720395987163	0.000535177558147346	0.00322765143023162	0.013012886555903	0.034930563752612	0.0773699229659452	0.140026609603175	0.202597601486776	0.234835967801993	0.192320036179772	0.0860660054164613	0.0145191791769489	0.000428197333455702	
8.32228780801481e-07	3.91147526976696e-05	0.00021332797747878	0.00121089287606615	0.00609579840977725	0.0207482957341617	0.0495303732989937	0.0996319329512109	0.162548706189396	0.213174292563925	0.221941545360075	0.158110984920569	0.0588774121457688	0.00771254152128092	0.000163949069817892	
6.68807407710848e-06	9.08463395473902e-05	0.00049714683973173	0.00258772732833456	0.0103091088503563	0.0314038518290629	0.0672544369101432	0.123193209821325	0.181516002471243	0.216814264101456	0.200832275084945	0.12365162156536	0.0378400084492669	0.00393816095240404	6.4651382745382e-05	
1.20286012163433e-05	0.000150497382660296	0.00098690476956417	0.00448806692825611	0.0172445383856442	0.0454661544533938	0.0878479517669875	0.145529290623034	0.195066706985792	0.211468683816468	0.174928590670337	0.0917371062486345	0.0231536586669009	0.00190415554603835	1.56651550724471e-05	
2.70230253065002e-05	0.000366781270566352	0.00194143547436388	0.00807509923924554	0.0269056440403251	0.0630123467076666	0.109831989969954	0.164946857531796	0.201858058181699	0.198339716584763	0.145307029420756	0.0649723605119287	0.0134853340974844	0.000916812431492408	1.35115126532501e-05	
2.81503397042244e-07	8.8955073465349e-05	0.000781734933586311	0.00369416907938537	0.0138035190739664	0.0396058389434615	0.0826339146847655	0.132114329789675	0.180171463719138	0.200567792351834	0.178745649013119	0.116182363530672	0.0437906684438914	0.00747138166089819	0.00034624917836196	1.68902038225346e-06	
1.2981215053017e-05	0.000239023677171856	0.00167316574020299	0.00663057888881928	0.0220728629956919	0.0561113020666659	0.103401868504807	0.153798613944873	0.188449145525629	0.192756651320613	0.154660171543935	0.088063151918031	0.0279415010009646	0.004058040705704	0.000130376551184649	5.64400654478999e-07	
6.14904898015047e-05	0.000676395387816552	0.0032598460584171	0.0117293817712151	0.0337021723711611	0.0749569070680343	0.125544027899114	0.170077310831026	0.191287846050483	0.178355007550295	0.127553661787004	0.0634720704244629	0.0173479690144605	0.00190988894590849	6.6024350800694e-05	
2.84373100920885e-06	9.38431233038922e-06	0.000152423982093595	0.00135105660247513	0.00572869611805124	0.019165609509664	0.0489440231456954	0.0965162304525485	0.146758416803948	0.180728205574452	0.18636618667331	0.157769058898504	0.101200424170917	0.0441634269461144	0.0102271942015187	0.000889234686579609	2.75841907893259e-05	
1.05022636635869e-05	5.08082485346504e-05	0.000446488128184386	0.00276351456834277	0.0102717815529158	0.0296092874072182	0.0678837938717872	0.117848739018748	0.162169994748868	0.186485573579711	0.17588282879891	0.133947573835171	0.0773786917585615	0.0291784107520472	0.00566043626970948	0.000405898298349442	5.67689927761457e-06	
1.99316969220335e-06	4.98292423050837e-05	0.000116742796257625	0.00100712017161761	0.0051822411997287	0.0167933088723956	0.0435940380308167	0.0887789102145391	0.138729166393792	0.174236345506285	0.183911475930768	0.158743722227316	0.110555997533025	0.0565063607739649	0.0185783347010274	0.00303388901006095	0.000178815795243386	1.70843116474573e-06	
2.56883991474877e-06	1.22733462593552e-05	0.000103039023247145	0.000280859830679198	0.0022009249536253	0.00933544967685421	0.026270669528164	0.059998966755501	0.110924220078795	0.157368274884138	0.180796380333304	0.174909170102014	0.138008355579963	0.0871967020662321	0.0397587916405382	0.011209561107992	0.00154843961527912	7.53526374992971e-05	
1.71782394079692e-06	1.48878074869066e-05	0.000135708091322956	0.000697722823953681	0.00411905550604087	0.0150183621064072	0.0388671981804809	0.0803715424140752	0.131729611076071	0.170966714011803	0.181252184857325	0.160652899071258	0.115858635687048	0.0665719763936634	0.026651752137474	0.00634850467720513	0.000713183239420853	2.83440950231491e-05	
3.1641537053822e-06	3.59562921066159e-05	0.000318716573233043	0.00160192472593395	0.00725454149543082	0.0236825398834383	0.0546880820424785	0.10174652655027	0.151404467152201	0.180271616707077	0.17345085191962	0.142070789021997	0.094030593914527	0.0483220924375863	0.017309071369788	0.00350962175994256	0.000286212085168662	1.32319154952346e-05	
9.23458826578184e-06	9.32116253077354e-05	0.000654212862453982	0.00324682351807223	0.01241907831306	0.0350019753361462	0.0732002725357862	0.123960207004839	0.167768227995058	0.181390111429736	0.161131444840794	0.122029889476407	0.0727526835857791	0.0336087068315464	0.0108243803519128	0.00179641599857787	0.000109949316539465	3.17438971636251e-06	
2.88965310581361e-07	4.85461721776686e-05	0.000202564682717534	0.00115326055453021	0.00609341150422915	0.01960860804543	0.0492659847663268	0.0946852633181944	0.144415904303936	0.178128331228221	0.176854572139178	0.144599686241466	0.0999796857386661	0.0547970697761646	0.0227898271496202	0.0063763085432883	0.000954163455539653	4.65234150035991e-05	
1.24662360693436e-05	7.6536891216435e-05	0.000448204673562911	0.00252368802287525	0.0105649901125353	0.0300876956220608	0.066834680604885	0.116541042762959	0.161718102453326	0.181593631434861	0.165762671276661	0.125392070372193	0.0794470325574599	0.0400476384165329	0.0148890345537972	0.00358534747603656	0.00046183055949917	1.33359734695303e-05	
2.7062741036631e-05	0.000193513148272684	0.00107756268880263	0.0045782591906378	0.0170396329477523	0.0428958995291374	0.0872770488459196	0.137377748432325	0.175204476468365	0.178726415766928	0.149303687313016	0.105652650009792	0.0610250260515257	0.0281184789342751	0.00935730645993449	0.00194997234071467	0.000191476167764551	3.78296380081939e-06	
8.02748845574183e-05	0.000468805325815323	0.00231687912266265	0.00863611803502262	0.0260038082405234	0.0588315654857696	0.108293738354668	0.15517923338361	0.179868284969418	0.170361987185793	0.131957022870169	0.0874934940854925	0.0450975544183442	0.0187282765215812	0.0056031869421078	0.000981396952298328	9.72055874822556e-05	1.16763468447154e-06	
2.04163417065612e-06	4.37493036569168e-06	0.000167122339969422	0.0010954825635692	0.00425097400533042	0.0150564686845401	0.0391025442845035	0.0769999410842711	0.129721351935148	0.168223364111455	0.178883902764548	0.156813837379755	0.112416460704667	0.0693750207809192	0.0320583230716911	0.012066349610602	0.00325582317814775	0.000477742395933531	2.88745404135651e-05	
5.86007431746249e-06	4.48295685285881e-05	0.000301793827349318	0.00210230166138967	0.00773822813620922	0.0241581563737391	0.0541599788568519	0.0974465898176521	0.148797835054144	0.17679228907981	0.171820602028875	0.139900484217941	0.0928136150622662	0.0521359091876003	0.0221736422061305	0.00760813448636156	0.00179581977458638	0.000187229374442927	1.67012118047681e-05	
1.61848438648112e-05	0.000133598529356805	0.00080865365346366	0.00391496659595361	0.0130900074479709	0.0356457943977487	0.0729565678243538	0.119791974730456	0.164364446194369	0.178213375684656	0.159653185280267	0.119556558819695	0.0740659653038145	0.0375320643827204	0.014705254865679	0.00454382134757364	0.000922241830405789	8.21012988778606e-05	3.23696877296225e-06	
5.00854251118304e-06	2.9462014771665e-05	0.000294914767864366	0.00159212727826077	0.00692799277355702	0.0205568261867815	0.0503933031661943	0.0934856244518224	0.140120458393595	0.174948684535771	0.173300284809297	0.143834145355564	0.0989010373870021	0.0568973375471871	0.0261095321107972	0.00948942033780557	0.00263950190339346	0.000439573260393241	3.12297356579649e-05	3.5354417725998e-06	
2.36963736254622e-05	8.14562843375264e-05	0.000638024859865571	0.00331660369355376	0.0111843921465479	0.0313106108806639	0.0685781938860986	0.112939878745656	0.157345401896421	0.179023436898334	0.16144842898967	0.125748657304229	0.0796307749543549	0.0429090971563167	0.0181215055254019	0.00591639208493728	0.00152308441477658	0.000249700537078308	1.0663368131458e-05	
2.66108587678936e-06	2.01059821801863e-05	0.000173857610616905	0.00133882187223358	0.00597709455547743	0.0180253087007455	0.0456062811088331	0.088392106864478	0.132100738066952	0.170141256351864	0.176535254361372	0.14600609447801	0.105979814776596	0.0626874956757354	0.0306323508801394	0.0119967664849835	0.00348424844134287	0.000767575437349464	0.000124184007583503	7.98325763036807e-06	
6.79397191549244e-06	7.76875919032397e-05	0.000465239381169591	0.00267652954462074	0.00993071920986697	0.0278289951361069	0.0629712579541165	0.109026412008907	0.149460588168918	0.176262216595369	0.166813869391502	0.129270675976574	0.0864583142560571	0.0472139693515065	0.0213469551485605	0.00774365103324497	0.00197852277782471	0.000412364556262063	5.43517753239395e-05	8.8617024984684e-07	
2.51418071871849e-05	0.000268869443919424	0.00101602479632918	0.00511295622397268	0.0165084063850725	0.0413579770369522	0.0828200707342561	0.129010007326618	0.162574024135543	0.173728408733613	0.153418265315871	0.110947541471411	0.0681455373440136	0.0343871891548301	0.0145124426803769	0.0048603550082332	0.00107873142131369	0.000209712250537813	1.83387299482996e-05	
0.000121114608013013	0.000637398776477245	0.00215678300741422	0.00889234649975836	0.0257431898817733	0.0585360750615887	0.104086660301519	0.147463665617596	0.169790598441718	0.166590049153082	0.135572332826479	0.0909947900090762	0.052400485637163	0.0242962976059974	0.00930519702488301	0.00273583460046913	0.000577872862076688	9.1351650812735e-05	7.95643410304466e-06	
1.62481104186134e-05	0.000218315519988278	0.00118995252302136	0.0043556752729461	0.0151441251707159	0.0377833559674435	0.0770724686404083	0.124360673782551	0.161913011161861	0.17197206861193	0.15516797739681	0.115804418836109	0.0722922745552523	0.0382362351178387	0.016699217047872	0.00578905403205723	0.00163721868981737	0.000303987374922785	4.16542467095361e-05	2.06794132600534e-06	
5.05988567025583e-05	0.000416035043998813	0.00216095585087008	0.00829673300048557	0.0238773341681652	0.0535362534890279	0.0972625426724422	0.142960707768522	0.170044707492744	0.167173888149304	0.139496313533005	0.0960534963070232	0.0558658721955732	0.0269881282062587	0.011395986948454	0.00333123934945849	0.000913146618620439	0.00015919406377764	1.68662855675194e-05	
5.9184310002681e-07	0.000110082816604987	0.00087770331733976	0.00409644201683557	0.0138952923024295	0.0359420396215282	0.0713008178679799	0.117849869528189	0.158372774743924	0.172370455902658	0.156646072499596	0.121658675798411	0.0766244465527211	0.0415482733865321	0.0190307148813621	0.00712549500277278	0.00195722513178866	0.000509872830673097	7.69396030034854e-05	6.21435255028151e-06	
8.26183892010684e-06	0.000272345618687808	0.00188192887973005	0.00692725686883386	0.0215274015690412	0.0504987200050987	0.0907816761854854	0.138223515790145	0.168479255112603	0.168350901543666	0.142487804935623	0.10215085173658	0.0595061898877452	0.0302914422692203	0.0127096589158815	0.0045251272028128	0.00107639958501963	0.000254641678144721	4.54401140605876e-05	1.18026270287241e-06	
6.60533144609578e-05	0.000709188487850908	0.00365092002830856	0.0115947157348431	0.0318350436423685	0.0667448100967209	0.112190669969332	0.156566407171503	0.171767810804435	0.158580738381694	0.125431410710073	0.0830455296060392	0.0448280844538806	0.0212703467799009	0.00824604859636707	0.00276303373437131	0.000595069591884879	9.90799716914367e-05	1.47440434064638e-05	2.94880868129276e-07	
3.53795279899239e-06	1.23828347964734e-05	0.00015979753475449	0.00152249902116639	0.00636919952638605	0.0188761575002241	0.0468094741658687	0.0866335553595268	0.133620221994745	0.168099930656125	0.167971385037762	0.144687233179393	0.105681893229302	0.0650794624198654	0.0329684131574106	0.0142160840051513	0.00529926363409077	0.00163217555793516	0.000301610476114101	5.24796331850538e-05	3.24312339907636e-06	
1.32477665001668e-05	3.7093746200467e-05	0.000478391568061578	0.00289125143995862	0.0102284533173732	0.029150385406967	0.063554540613089	0.107237137081117	0.152469722229664	0.172087014863111	0.160105440445549	0.127581879292828	0.0870272276928956	0.0496641102402585	0.0240464625666694	0.00904498617669164	0.00333902594766426	0.000829604577721555	0.000184291151757876	2.91450863003669e-05	5.88789622229634e-07	
1.76201155938317e-06	3.31845510350496e-05	6.16704045784108e-05	0.00109274083541079	0.00548455464717334	0.0170145709545903	0.0421805010514804	0.0835657475524925	0.127310327531519	0.165503102755522	0.171513617853171	0.146367657220621	0.109209770119162	0.0686512007080937	0.0371056140918637	0.0165928628547113	0.00572007685894422	0.00203277400234171	0.000470163417762075	7.78221772060899e-05	1.02784007630685e-05	
2.17997778779389e-05	8.36640123964142e-05	0.000270435082323621	0.00231283859621214	0.00918035781094879	0.025868087776511	0.0582572550544553	0.104213248962301	0.146178115968926	0.172058871183934	0.165152465878929	0.130494354152121	0.0899894830801319	0.0531298883792454	0.0261992087269813	0.0113662274306016	0.00377666422155645	0.00115155853682248	0.000259535193384651	3.59401743393047e-05	
2.47242146309072e-05	0.000198382388824184	0.00067726687935378	0.00430348502522017	0.0147662428524209	0.0385865519698576	0.0769529406951448	0.124161473845754	0.160679727527381	0.174031980771625	0.151992992451167	0.112711807784537	0.0727147982371635	0.0396558742526444	0.0181696487307206	0.00729334898022916	0.00228492950213967	0.000668731138588347	0.000115379668277567	9.71308431928498e-06	
6.46514990331662e-06	5.14273287763822e-05	0.000396137366803218	0.00160100621242132	0.00775289021587723	0.0221928025249349	0.0540783341071922	0.0983064245957812	0.143677377265006	0.170366103806798	0.16803130308035	0.135791363735211	0.0944285101355918	0.0556896257853688	0.02900589504123	0.0122837848163016	0.00464080214878073	0.00135679986834604	0.00030327430455558	3.23257495165831e-05	7.34676125376889e-06	
2.13499110030422e-05	0.000186299908341615	0.000756020821135125	0.00329578283689428	0.013073457147219	0.0330815408669468	0.0723674243642845	0.120429876071078	0.159111820305111	0.172070338890354	0.156455949869239	0.118750544715195	0.075631036102407	0.0425377966540887	0.0203043502929617	0.00809307859282444	0.00288867220516504	0.000772398835055267	0.00014535487354126	2.60293435516542e-05	8.77393602864749e-07	
4.45421114894911e-05	0.000442783753030402	0.00176908373067143	0.00607443045437935	0.0200720820301591	0.0488890699226169	0.0935747711136202	0.139187358479895	0.170606543412002	0.168507789448267	0.140058860056012	0.099450813347747	0.0588427666394823	0.0311569139466919	0.0140231460738033	0.00491955899793143	0.00184791154639955	0.000443955913859073	6.94505290987461e-05	1.81684928443977e-05	
1.1147545985094e-05	0.000150198514325477	0.000980103977268394	0.00334719736026111	0.0108348279845648	0.0302761481825686	0.0669175451226259	0.113347954219962	0.155936273586594	0.173836298873922	0.158460019326324	0.124526889347698	0.0803195356049685	0.0448222289107498	0.0226368522615731	0.00910050451446277	0.00305178739165612	0.00115025073177772	0.000256686914130453	3.08024296956544e-05	6.74719888571477e-06	
7.37895862021117e-05	0.000386880858334578	0.00180681592349872	0.00617245478844437	0.0175092986637911	0.0436460992649264	0.0868720976586065	0.133885177524221	0.167086375561359	0.172271343417322	0.144213073750781	0.10516103768737	0.0622948737698306	0.0338332602297061	0.0163295472318028	0.00583584492310008	0.00185003133852545	0.000652640961628239	0.000104363757377489	1.46991207573928e-05	2.93982415147855e-07	
1.08645478644997e-05	0.00015650821653455	0.000806912906260681	0.00316892433928867	0.0103879759406056	0.0273948106221216	0.0592766795122816	0.10796424213025	0.150745307983505	0.171647817165516	0.164431995564915	0.129890955175812	0.0851663098005269	0.0484224089227889	0.0246901254767187	0.0107937814851661	0.00354830260525985	0.00111846115718593	0.000325349163077451	4.11091000278367e-05	1.115818429327e-05	
9.97197581502571e-05	0.000314703824985959	0.00169728894239864	0.00580456980456394	0.0168456000856417	0.0399826370303456	0.0796438244873598	0.129049098782686	0.164532614960017	0.171241994923091	0.151252289521653	0.109662697918057	0.0671108106483104	0.0361278817910255	0.0168579184087073	0.00690500666509266	0.00209382162774908	0.000613569806030406	0.000125529577906794	3.02092208514014e-05	8.21221537708e-06	
0.000149496718855413	0.000746015060693025	0.00293031191359618	0.00983036381157304	0.0254690716547466	0.0572892573537553	0.101180495406868	0.146937358525146	0.170905588857002	0.165212671565107	0.134050682618466	0.0904228994903307	0.0514862000430574	0.0255991837302926	0.0116108139288648	0.00442527910215031	0.00134664529656595	0.00032572074894038	5.99161702288886e-05	2.20280037606208e-05	
5.28237678782776e-06	0.000327507360845321	0.00151252055358135	0.00550394314753942	0.0160381763239764	0.0373496320090904	0.0761037893129888	0.122362149774751	0.160085363208891	0.172204602887054	0.152295618239108	0.115391173207081	0.0727518277757349	0.0382737544815831	0.0183615417144893	0.00778475605837261	0.00269342523103795	0.000758901465184588	0.000156417045995122	3.81504990232005e-05	1.46732688550771e-06	
2.94357201875762e-05	0.000627863911601	0.00285408742938739	0.00921102556109634	0.0245717617837811	0.0540648816257231	0.0959307177341089	0.141730932202766	0.169459969333867	0.16621056018236	0.136561136666222	0.0952015949450626	0.0559782034379155	0.0276739923343497	0.0127630339161312	0.00501908464918361	0.00153595587938773	0.000464790021761828	0.000100375805839635	1.05968592675274e-05	
2.96088551795363e-07	0.000158703463762314	0.00125985678788927	0.00550191746946143	0.0152014823377257	0.0361316859755881	0.0716655691651013	0.117191552712053	0.157068166690749	0.171388193409779	0.155737840827532	0.117628283325951	0.0770570456047431	0.0420140772341066	0.0192522698148381	0.0082552449126065	0.00328214159665159	0.000838818867236262	0.000332507443666192	2.75362353169687e-05	6.81003669129334e-06	
1.0419318010982e-05	0.000428978207252143	0.00227796061200097	0.00944258137115248	0.0236744766897529	0.0509391526712899	0.0932180659066518	0.136697582271679	0.166212533248788	0.166725461389729	0.141102869926722	0.0972655244117179	0.0599846091788238	0.0309504353042218	0.0131473931610574	0.00526503023834934	0.00197460961048124	0.000495661842522428	0.000164327529773201	2.23271100235328e-05	
4.82010240172829e-05	0.000816722941112719	0.00447760568448747	0.0156081502243294	0.0351298643365713	0.0673979051415823	0.114105894955299	0.152423912737585	0.170257692853495	0.157089831739506	0.122856626203753	0.0787901123832323	0.0454906894183484	0.021721596872981	0.00867828001980733	0.00354741573652662	0.00113287375702732	0.000340101635302071	7.57444663128731e-05	1.07778687243614e-05	
