# <P(U)> as a function of N_tot.
# number_of_species: 1
# species_total_upper_bound: 103
# species_total_lower_bound: 0
# volume: 729
# Bin widths for each
10	10	10	10	10	10	10	10	10	10	10	10	10	10	10	10	10	10	10	10	10	10	10	10	10	10	10	10	10	10	10	10	10	10	10	10	10	10	10	10	10	10	10	10	10	10	10	10	10	10	10	10	10	10	10	10	10	10	10	10	10	10	10	10	10	10	10	10	10	10	10	10	10	10	10	10	10	10	10	10	10	10	10	10	10	10	10	10	10	10	10	10	10	10	10	10	10	10	10	10	10	10	10	10	
# Bin lower bound for each
0	0	0	0	-10	-10	-10	-10	-10	-20	-20	-20	-20	-20	-20	-30	-30	-30	-40	-40	-40	-50	-50	-50	-50	-60	-60	-60	-60	-70	-70	-70	-70	-80	-90	-90	-90	-100	-100	-100	-110	-110	-110	-110	-130	-130	-140	-140	-140	-150	-150	-150	-160	-160	-170	-170	-170	-170	-180	-180	-180	-200	-200	-210	-220	-220	-220	-220	-230	-230	-230	-230	-250	-260	-260	-260	-260	-270	-270	-270	-270	-280	-280	-290	-290	-290	-310	-310	-320	-320	-320	-330	-330	-330	-340	-340	-350	-350	-350	-360	-360	-370	-370	-370	
# Bin upper bound for each
0	0	0	0	0	0	0	0	0	0	0	0	0	0	0	0	0	0	0	0	0	0	0	0	0	0	0	0	0	0	0	0	0	0	0	0	-10	-10	-10	-10	-10	-10	-10	-10	-10	-10	-20	-20	-20	-20	-20	-20	-20	-30	-30	-30	-30	-30	-30	-30	-40	-40	-40	-40	-50	-50	-50	-50	-60	-60	-60	-60	-70	-70	-70	-70	-80	-80	-80	-90	-90	-90	-100	-100	-100	-100	-110	-110	-120	-120	-130	-130	-130	-140	-140	-140	-150	-150	-160	-160	-170	-170	-180	-180	
# Normalized histogram for each
1	
1	
1	
1	
1.38256068673325e-05	0.999986174393133	
0.000101966503124702	0.999898033496875	
0.000434250939084121	0.999565749060916	
0.00141914431828853	0.998580855681712	
0.00387969653962885	0.996120303460371	
2.40758590923138e-06	0.00942569883464087	0.99057189357945	
3.06142017970099e-06	0.0205843332696995	0.979412605310121	
1.07131339742994e-05	0.0406670565664406	0.959322230299585	
4.02037719441036e-05	0.0738641615055439	0.926095634722512	
0.000159976257075726	0.124178728446641	0.875661295296283	
0.000438387338061794	0.192688836165797	0.806872776496142	
1.52959860710381e-06	0.00103335311614199	0.279261439867983	0.719703677417268	
1.13750462111252e-05	0.00241654106719809	0.379682854961598	0.617889228924993	
2.90945110033034e-05	0.0050661637618459	0.486825546030688	0.508079195696462	
1.31187226911923e-06	9.42361579983978e-05	0.0100375720217876	0.591887032055162	0.397979847892783	
4.15242911639587e-06	0.000253079627199285	0.0188306103961527	0.684356597499582	0.29655556004795	
1.26647371139029e-05	0.000579084186656389	0.0331656711382651	0.757144931539453	0.209097648398511	
1.5269380224582e-06	2.50854103689562e-05	0.0012776108567911	0.0554197792571141	0.803194267089381	0.140081730448322	
1.30783548214336e-06	7.71622934464582e-05	0.00254482987567062	0.0881956295189803	0.820343293735708	0.0888377767407127	
5.45468509448387e-06	0.00013876718880367	0.00497707286761087	0.134150561527102	0.807322412908316	0.0534057308230727	
1.7018847719278e-05	0.000345395332559194	0.00933963816184226	0.192854745880239	0.766968991223075	0.0304742105545657	
1.30858279828654e-06	2.94431129614472e-05	0.00075352559468	0.0164000320166591	0.262882943124848	0.703579824532133	0.0163529230359208	
3.04923667804831e-06	8.45074165059102e-05	0.00147561274955552	0.0279373242468984	0.341685700800621	0.620453887591632	0.00835991795810915	
2.39718892551019e-06	0.000185891104860017	0.0031146021930356	0.04551499027613	0.422122523376951	0.524985464318061	0.00407413154203754	
1.19939794584566e-05	0.000369850712028042	0.00583387160859327	0.070744416148345	0.495529734819656	0.425765335829244	0.00174479690267474	
2.18080058061635e-07	2.96588878963823e-05	0.000868830951317553	0.0104362211785395	0.105580843149844	0.552829239825257	0.329537068375949	0.000717919551138901	
3.49956714728847e-06	8.5520672161862e-05	0.0016889785944601	0.0180256142068428	0.149171893051478	0.588258427285775	0.242451105578879	0.000314961043255962	
4.80755362826072e-06	0.000242999983392087	0.00309584601143498	0.0292275222830111	0.202884663292055	0.595091662565678	0.169326627815806	0.000125870494994463	
2.79733361656336e-05	0.000497837967072761	0.00565848140625458	0.0452866458352729	0.261832611927219	0.57466564214323	0.111989065922226	4.17414625596564e-05	
1.97009828601449e-06	7.20180373443075e-05	0.000999277630628461	0.010072674736773	0.0677407350655605	0.32335617188013	0.52794387408883	0.0698025523717794	1.07260906683011e-05	
4.38150749708794e-07	9.20116574388468e-06	0.000198701364992938	0.00211254383972095	0.0170725439624032	0.0978097063097432	0.380269502144638	0.461614598657199	0.0409094782741855	3.28613062281596e-06	
1.75492052293999e-06	3.75114261778423e-05	0.000412406322890898	0.00408304196168526	0.0271769185833141	0.135522421193649	0.426779780068973	0.383456057119153	0.0225296696735036	4.38730130734998e-07	
7.24018433948127e-06	0.000104214774583443	0.000929595789284308	0.00761469932940535	0.0412464525839231	0.178799423856846	0.455909800467102	0.30352081388448	0.011867759130037	
1.09625034148198e-06	2.17057567613432e-05	0.000252795328745745	0.0018555133279924	0.0129460587826973	0.0614967939062513	0.225925575125817	0.464130250326573	0.22755065663203	0.00581955456279125	
3.07061717650609e-06	6.36056415133405e-05	0.000590655146880779	0.00366807154713485	0.0204761913117326	0.0873204566270937	0.274121891219439	0.448668054000751	0.162438499924551	0.00264950396372812	
1.45042098469081e-05	0.000161304394358038	0.00120165180974081	0.00683258164166998	0.0314936940750083	0.119424806989623	0.315369869437938	0.413680722344812	0.110587347977751	0.00123351711925295	
4.17826593607121e-06	3.7164575957686e-05	0.000355592422033008	0.00233828956306554	0.0116742949341164	0.0471660251562397	0.155283934061686	0.349364606700927	0.36212261187362	0.0711395956450154	0.000513706801403282	
1.82482995552911e-05	7.58513656213909e-05	0.000782698149600439	0.00427955603426195	0.0190488062863853	0.0676169853413388	0.194268099180168	0.368996007140142	0.301896789816306	0.0428415108800539	0.000175447506567739	
3.14444456904947e-05	0.000216592860175785	0.00151790915105934	0.0076715651835663	0.0296156103421881	0.0931421862861317	0.232938474654128	0.371442462271613	0.239018027342595	0.0243542729153597	5.14545474935368e-05	
6.70701430551176e-05	0.000489941897464925	0.00297285660315454	0.0127644377828766	0.0438733293487071	0.123130227347994	0.267528287107711	0.35700359627908	0.17909267510475	0.0130615255312945	1.60528539115527e-05	
4.3878451424141e-07	6.58176771362114e-07	0.00015862060189827	0.000992091786699827	0.00558177780566497	0.0204675424513048	0.0615847229273246	0.156799865556425	0.292800467568778	0.32737295762263	0.12766347684951	0.00657408898462192	3.29088385681057e-06	
8.80621613184315e-07	2.17953849263118e-05	0.000343442429141883	0.00211327171623906	0.00931807744450653	0.0311843524106797	0.0847107356140552	0.190719304942973	0.307684348227727	0.284902667094649	0.08588394375822	0.00311651988905929	6.60466209888236e-07	
1.10039667099196e-05	9.02325270213407e-06	6.64639589279143e-05	0.000806370680502908	0.00389254318396696	0.0152248682605105	0.0450020423362214	0.111032885134433	0.221949348301076	0.310150102909097	0.235643784871571	0.0547907309626974	0.00142083218158482	
5.5116533990146e-06	2.77787331310336e-05	0.000222450331184229	0.00168458174487482	0.00698987884063032	0.0238381214168741	0.0636620218861143	0.139732539302498	0.246796186112221	0.298065145097583	0.18542899623532	0.0329764427524403	0.000570345893730031	
1.30009611897069e-05	7.44800827478126e-05	0.00051430921045383	0.00305544623485553	0.0114415069127653	0.0358634819747182	0.0855873107093104	0.169027920335398	0.263085247082166	0.273833736656937	0.13873413827646	0.0185695593291151	0.000199862233882444	
5.50930554762828e-06	2.55631777409952e-05	0.000170347727532666	0.00113645954836476	0.00540022129778524	0.018578700539934	0.0512208951651877	0.11056493080202	0.195303118685647	0.270306143294393	0.239629448516311	0.0977577787537819	0.00982044732475836	8.04358609953728e-05	
6.82725997170872e-06	3.39160656659078e-05	0.000395320375781198	0.0022494720435817	0.00947161192268635	0.0284727573607222	0.0705090779433034	0.136211104163946	0.216982434781498	0.264810474162014	0.199909880168373	0.0660442701559985	0.00488281228492755	2.00413115298546e-05	
1.49324558905135e-05	9.48650138926739e-05	0.00084192699829748	0.00423137489050447	0.0155466629364806	0.0417311635303751	0.0931174773636046	0.160810472219154	0.232048388184123	0.248665137261111	0.158646144494788	0.0419997281414648	0.00224689542164315	4.83108867046024e-06	
2.41701189653255e-06	4.98783364102627e-05	0.000241261732944795	0.00170267501693007	0.00787528394396575	0.0245368455885358	0.0585494764532504	0.116680150663338	0.183577546750503	0.238285732115101	0.222838609084361	0.119566282596152	0.0250956147933433	0.000997566728205254	6.59185062690697e-07	
1.34003615022113e-05	0.000120163897405075	0.000592252042786256	0.00327605887020454	0.0131086290419664	0.0361800973437408	0.078570713048613	0.140237199579273	0.201722451712566	0.23427852014316	0.191043461985591	0.0858831365457295	0.0145758587874298	0.000398056640032899	
6.60384647641865e-07	3.83023095632282e-05	0.000222549626255309	0.00131196416664851	0.0061649108139527	0.0209863637174108	0.0509933615933937	0.100884981466305	0.162892898597717	0.212189952159535	0.221001024256588	0.156746698682114	0.0587073146624983	0.0076961226836183	0.00016289487975166	
5.29552096011325e-06	9.00238563219253e-05	0.000523815281637869	0.00273690174955187	0.0105632404351859	0.0320103209703513	0.0690688179426372	0.124142235927815	0.181366518009625	0.215345669543606	0.199803094878966	0.12266765398713	0.0377310281342203	0.00388051363022966	6.48701317613874e-05	
1.39381610255832e-05	0.000176328799006187	0.0010763357680867	0.00483499319131896	0.0176346498258283	0.0460813302757875	0.0901186181751407	0.146313079857919	0.194372965277386	0.209540781842337	0.173703778679702	0.091245396811701	0.022996638248305	0.00187589948152253	1.52656049327816e-05	
4.37424630292921e-05	0.00036814722691658	0.00211051833042346	0.008583292643961	0.0274020995938168	0.0637203342279444	0.11211970424766	0.165656704265201	0.200680206402253	0.196045503707784	0.144446272598145	0.0645119173787029	0.0134185001308943	0.000882398721210187	1.06580620578986e-05	
1.77385755258656e-06	9.84490941685542e-05	0.000799122827440246	0.00397765382948129	0.0145578272018838	0.0402911787172571	0.0835843896100728	0.134411395260918	0.180035454977832	0.199223715588549	0.176558250710375	0.115218700006319	0.0434402193374864	0.00745042345305763	0.000350115134441773	1.33039316443992e-06	
1.99663323267344e-05	0.000292839540792104	0.00172309447979718	0.00717479059754352	0.0229371007288155	0.0567401013579768	0.10487626642009	0.155776881116908	0.187805540346633	0.191357550867559	0.152414550753086	0.0870997970533243	0.0276433871063638	0.00401766976041289	0.00012001984209737	4.43696273927431e-07	
8.43157940167377e-05	0.0007450490611136	0.00334749275084394	0.0124375807284796	0.0348319891007932	0.0757449489500125	0.127153779105078	0.171956833872969	0.189969490585775	0.176707661791775	0.125406506687644	0.0625685482955974	0.0170644933510656	0.00192502523912093	5.62846857156587e-05	
2.22760064021242e-06	8.9104025608497e-06	0.000208726179987904	0.00145751909889099	0.00605773718099367	0.0199958343868028	0.0501550966945748	0.0974432713651962	0.14821652723743	0.182014352430925	0.184848305965403	0.155599241279222	0.0995978067044097	0.0433751713860243	0.0100896943397782	0.000907747260886563	2.18304862740818e-05	
1.08807355910194e-05	4.33008865356893e-05	0.00050895195866564	0.00291914591999062	0.010628258114142	0.0308120226354829	0.0690453731115262	0.118645983498587	0.163600741844111	0.187237918608545	0.173975190146406	0.131956676019658	0.0760585623395092	0.0285468311300954	0.00561290517416727	0.000392816760418637	4.441116567763e-06	
2.88974553789946e-06	4.51244880148915e-05	0.00010425312748268	0.0010647600866568	0.00549629601308477	0.0174687340647205	0.044923984132185	0.0895243167641252	0.138868277840587	0.175678967942941	0.184208607618347	0.157578046469776	0.108295659202083	0.0554355446703534	0.018176054857151	0.00295220849914175	0.000174940749102067	1.33372870979975e-06	
2.00245812860053e-06	1.5797169681182e-05	0.000106130280815828	0.000290356428647077	0.00223963816916588	0.00968055007969783	0.0272881644044823	0.0614380853296358	0.111636150688089	0.157356052184949	0.181936893199563	0.174304190299381	0.136778124969407	0.0854319836172226	0.0390523834146628	0.0109211841380397	0.00145155964788776	7.07535205438854e-05	
1.33685222546904e-06	1.38141396631801e-05	0.000161090693169019	0.00073103535862732	0.00410146262773902	0.0155453632951625	0.0401104685555646	0.0814521780107862	0.132349038747548	0.171113074303361	0.181868496074668	0.159557769283815	0.114812434062549	0.065192712818519	0.0260599288571807	0.00625000696277201	0.000654389164367095	2.54001922839118e-05	
2.45602432625113e-06	4.55480875050209e-05	0.000298965142986387	0.00163213980226325	0.00732475764063586	0.024452401467095	0.0566120305449047	0.102179989519474	0.151388669645303	0.179782543606154	0.174032544108522	0.140938062862166	0.0931942896094765	0.0474030556961567	0.0169872038899853	0.00344714177936283	0.000267929926500123	1.02706471825047e-05	
8.04759346776838e-06	0.00011847845938659	0.000665267726668853	0.00340100241718412	0.0128399353778245	0.0363156597003568	0.0751698880512685	0.123920420924905	0.167446277283857	0.180532334895237	0.16108197211643	0.120643485573683	0.0723608308424914	0.0330387243491341	0.0105738671838587	0.00177740043506184	0.000103948082292008	2.45898689292923e-06	
2.23445861413961e-07	4.11140385001688e-05	0.000226574103473756	0.00127408830178241	0.00617559671775905	0.0203677606054668	0.0510155949570057	0.0964345414231759	0.143900475425759	0.17762225449277	0.175380869056927	0.144173302822546	0.0992267209074047	0.0546561983770233	0.0223124099373525	0.0062131356224766	0.000934003700710357	4.51360640056201e-05	
1.05118934246094e-05	8.58844058521276e-05	0.000503452597846717	0.00266867898600934	0.0107178818042703	0.0309306872586458	0.0690758882661772	0.117511785621787	0.161086044097169	0.18081261856633	0.164401316357446	0.125043669089173	0.0788257812461559	0.0398083167416888	0.0146010199667824	0.00346378071206224	0.000437921006923088	1.47613822558344e-05	
2.17475136090111e-05	0.00020805868689858	0.00116763969974979	0.00482929322822782	0.0173374765709776	0.044341610840575	0.0901678818370147	0.137781484570475	0.174005443604437	0.177116459056382	0.148365349260585	0.105133310016412	0.0603408306204992	0.0279455549875793	0.00915772103993471	0.0018873254593882	0.000189674190857973	3.13881639717686e-06	
6.89270704445886e-05	0.000520882095867901	0.00235317467534115	0.0088673441277167	0.0265566797179064	0.0609892314362224	0.111448786400846	0.154981732081151	0.178360806496118	0.168840339085264	0.130797086562746	0.0864251165754337	0.0447514056519749	0.0185368915866989	0.00542121512363204	0.000991472127307176	8.80111127500936e-05	8.98072579082587e-07	
1.5699069471298e-06	3.36408631527813e-06	0.000152729518713627	0.00107807752783613	0.0044486677433238	0.0153839667197669	0.039720888486594	0.0794698110258153	0.132664762294782	0.16759743459263	0.177565670889642	0.154929631163819	0.110991299799971	0.0684477186224381	0.0319588199951423	0.0119472161400788	0.00314183234604876	0.000469850722033846	2.66884181012065e-05	
2.47229345673824e-06	4.49507901225134e-06	3.50616162955604e-05	0.000323196180980871	0.00212100303193079	0.00798236130995593	0.0244401940975118	0.055359370329332	0.100486592303076	0.151355153945218	0.175914467636555	0.16981104935372	0.137621114285136	0.0916209479672129	0.0514888825458329	0.0220564536973149	0.00747351836576907	0.00169644281922365	0.000194187413329258	1.30357291355289e-05	
1.28502423736066e-05	1.48792280115445e-05	0.000112946867178542	0.000838647397014325	0.00408254454637968	0.013424445309143	0.0359770715605199	0.0741434186243748	0.122814049778683	0.166619849701762	0.176766806877089	0.157575984384927	0.117825450423539	0.072635205966841	0.0371175869318897	0.0145852505368921	0.00448946888821056	0.000878325338378444	8.27375254581337e-05	2.47987133525741e-06	
2.59366982177203e-05	2.95452823175771e-05	0.000282146169307549	0.00168949396825168	0.00726633515807403	0.0212486963989939	0.050477776534821	0.0946924042913282	0.142799792145556	0.176364586077361	0.171743343064482	0.141721502109217	0.0973088533002306	0.0559948505504895	0.0258367855454555	0.00948268240490479	0.00256840973307303	0.000431451336439121	3.27027934049517e-05	2.70643807489255e-06	
3.21478620539767e-05	9.07837512932723e-05	0.000664464613580434	0.00340042878908965	0.0117597784967026	0.0321442397596608	0.068518187313367	0.115189412033715	0.159211381248741	0.179155054572128	0.160161554326491	0.123495332900167	0.0785874863314988	0.0421997287807131	0.0178583637643788	0.0058149143440591	0.00147042509887732	0.000236807490904645	9.50852257934523e-06	
2.02891245332938e-06	1.8485646797001e-05	0.00018553277212112	0.00144413479733644	0.00636357119250907	0.0187293417261176	0.0467630505284866	0.0886179363976524	0.134313328106254	0.171994290189487	0.175709905195684	0.144157385895091	0.103715299397593	0.0614882208106001	0.0302546916346136	0.011907236319156	0.00347079290349546	0.000755882606223711	0.000102798230968688	6.08673735998813e-06	
5.17429849448161e-06	8.30137454114658e-05	0.000471986010496627	0.00288140935292698	0.0103598454639512	0.0288935077626851	0.0643345278463872	0.109583318241629	0.1514301198615	0.17739317492031	0.16466957492238	0.127315864151718	0.0848060774160543	0.0463995093865149	0.0211086631929876	0.00780351703817755	0.00200357836486318	0.000412369093060208	4.40940219529737e-05	6.7490849928021e-07	
2.74617426411534e-05	0.000245354913761124	0.00107033267425151	0.00521457975430294	0.0171268984617823	0.0428171336063301	0.0844833500804944	0.130020321689554	0.164280871500654	0.174028889753259	0.150629234060484	0.108820531659338	0.0672808192783234	0.0335274113210809	0.0142684011683396	0.0048850388426091	0.00106808171173994	0.000190656524729975	1.46312563252047e-05	
0.000107895197499697	0.0006077499195263	0.00245584691238417	0.00925167741216279	0.0266557100063618	0.0603100576679684	0.105449423790399	0.148592504910127	0.170255487769117	0.165871405937101	0.133040150892105	0.0894341501283326	0.0517796215967683	0.0236209896899647	0.00914781149589752	0.00276296768203061	0.000569695596756697	8.08094736460384e-05	6.04392185164276e-06	
1.38802883338863e-05	0.000225890498853085	0.00112564660875452	0.00460288271201133	0.0155580122173402	0.0388764488670327	0.0792248799243121	0.126596960754156	0.162198780952483	0.171977667959324	0.153049879935506	0.113194422989698	0.0713256526086211	0.0380201246270792	0.0162571757732552	0.00576636430025661	0.00165802282904455	0.000291486055011612	3.42529695981388e-05	1.56712932801942e-06	
4.0964606803572e-05	0.000413227673002153	0.00204017172900413	0.00830641346808824	0.0242837293730333	0.054819374065285	0.0996823340245085	0.144761981084201	0.170309121609143	0.166126478559282	0.137723903474851	0.0939016236086864	0.0551361222545039	0.0269448618630927	0.0111007368928368	0.00334074203243994	0.000903236002472203	0.000152218211073382	1.27594676929159e-05	
4.46896016681735e-07	0.0001235667486125	0.000885747905063198	0.00406116755159526	0.0139183529915443	0.0360978022994588	0.0730625828712801	0.120171903021777	0.159343456123973	0.172755252480608	0.155382169832106	0.119715398740736	0.0752148340876193	0.04078037876225	0.0187935416375253	0.00706654326377993	0.00204075066017714	0.000513930419183995	6.74812985189419e-05	4.69240817515821e-06	
6.23774033400872e-06	0.000287827161126402	0.00182142017753055	0.00675925998121995	0.0215226546931756	0.0506417632309713	0.0928697058571268	0.140526710338275	0.169183334985592	0.168245446171086	0.140947089481499	0.100331379955244	0.0584999793931793	0.0298533796856847	0.0125097882398545	0.00452904503537133	0.00117603682940114	0.000249286836919848	3.87631006470542e-05	8.91105762001245e-07	
5.38208464150979e-05	0.000709456611835382	0.00353482864843623	0.0113839986175604	0.0319900435882136	0.0672938500342163	0.114286343360543	0.15767817758166	0.17235369903783	0.15833492534804	0.123610693801862	0.0817565345068354	0.0442469629585809	0.0210528469559752	0.00822080068961852	0.00271328233993469	0.000647851758707357	0.000119651303187284	1.2009610357088e-05	2.22400191797925e-07	
2.66629930987286e-06	9.33204758455502e-06	0.000143313587905666	0.0015791157662722	0.00627446885095831	0.0185805511240674	0.0469993023183473	0.0875588252285241	0.134674778141678	0.168731863609903	0.168840959689998	0.144633628255663	0.104404059885083	0.0639760744075261	0.0321926756757958	0.0141593824850798	0.00521594802493879	0.00162333189649426	0.000329954539596767	6.57687163101973e-05	3.99944896480929e-06	
9.98338321327391e-06	3.74931502898509e-05	0.000463672687016499	0.00289540298480973	0.0100202108046829	0.028934284934631	0.0633487816944685	0.108458144111246	0.153503391022498	0.172986517995603	0.160440954943882	0.127702557299073	0.0861330807167625	0.0486412615446734	0.0232022699994897	0.00890051891407413	0.00324681807391697	0.000834167130709109	0.000206988811955212	3.21686792427715e-05	1.33111776176985e-06	
1.32915388279078e-06	2.5032398125893e-05	7.28819379063611e-05	0.00103961986198952	0.0053826301740084	0.0166161957400618	0.0419113232834531	0.0830548386739475	0.128467817861613	0.167196260647076	0.172104825936223	0.146299081776193	0.108955174285303	0.0682172723547069	0.0364777422106044	0.0160714641737647	0.0055742498587774	0.00196891995170741	0.000456785884385765	9.41484000310136e-05	1.24054362393806e-05	
1.64201207722072e-05	8.01035621454974e-05	0.00031686395219881	0.0022737429399028	0.00911582975086239	0.0255636872135632	0.0573909848211516	0.103828639619621	0.147680569183516	0.173139078866728	0.165670808531185	0.130805788580738	0.089889510338685	0.0523156142478719	0.0258122079603858	0.0109761850556487	0.0037244827994797	0.00111390549022271	0.000242751515199928	4.1937876026313e-05	8.87574095794985e-07	
1.95294165165158e-05	0.000212382404617109	0.000796489498611081	0.00421990744388122	0.0145824821577697	0.0380408621971082	0.0761620613121593	0.12335201129688	0.162331395112719	0.175077224417186	0.152806809907539	0.113176519516212	0.0722155656995093	0.0389998009331066	0.0178438947160279	0.0071402209886634	0.00226385883960202	0.000645802296171147	0.000104304838213209	8.87700750750717e-06	
4.87733826801728e-06	4.41177416061563e-05	0.000440955718867562	0.0017775681014983	0.00769067565988724	0.0222382238330248	0.0532033360106964	0.0974944448225613	0.142786738162534	0.172327002474362	0.169095322477413	0.136852569370715	0.094011803602003	0.0554165390984063	0.0284608206742388	0.0119361769250023	0.00458691494387625	0.0013000323456206	0.000297739331543055	2.85989380261013e-05	5.54242985001963e-06	
1.90092637004847e-05	0.000203354914005186	0.00082469259147103	0.0035960664086417	0.0131645782264357	0.0335522345831556	0.0713654177285698	0.11920532436214	0.158133865003282	0.174143201646291	0.157173897186408	0.119555890550849	0.0751725753794669	0.0422569300923276	0.01999951371651	0.00792244220410202	0.00280497158557153	0.000745118929469	0.000136822491053489	2.34300227005975e-05	6.63113850016909e-07	
4.82239538111855e-05	0.000455694242435973	0.00190816433750131	0.00640958285173899	0.0202898967498604	0.0483502651764433	0.0921601787383242	0.138301211682142	0.169794992893603	0.170181890578079	0.141532437798289	0.0999877228007499	0.0588283570121058	0.0308224064416584	0.0137590903812015	0.00491795844555173	0.00176282884367586	0.000415655088124851	5.86208612842393e-05	1.48211234190341e-05	
8.40842834304175e-06	0.000119488192243225	0.000957675733386439	0.00347732766870792	0.0112075498835543	0.0305661859479673	0.0659256186003286	0.111851347837872	0.155675855087376	0.173602181765881	0.159762793810954	0.125027133776989	0.0810765001023394	0.0449954915334871	0.0223418579307522	0.00897466960961659	0.00307881242013376	0.00108468725625239	0.000236099816895409	2.50040105990452e-05	5.3105863219211e-06	
5.57268681877511e-05	0.000338135538844402	0.00183876463080062	0.00617990986456595	0.0177915242319739	0.0436758774373012	0.085733677522601	0.132171698255216	0.16714308328547	0.172443352306371	0.145410048731037	0.106272913789203	0.0632875166708813	0.0334672036279745	0.0158786051231864	0.00567170746902108	0.00190736862390825	0.000613217569460433	0.000106347290286585	1.30991443150491e-05	2.22019395170323e-07	
8.19435594909134e-06	0.000126458844511653	0.000783557603996897	0.00322813330578258	0.0103809201730205	0.0275341433343454	0.0594832727726135	0.10652485558555	0.14977732391381	0.172220557512973	0.164594491222405	0.130494454082041	0.0863731625540966	0.0487765715833467	0.0243899468097711	0.0103729472861511	0.00339999331163379	0.00115407537434365	0.000322237510971025	4.62870376583808e-05	8.41582502879652e-06	
7.53480971281294e-05	0.000289425337792168	0.00163039985462249	0.00581332730548556	0.017046177302937	0.0402737795270356	0.079170240160979	0.127199111778902	0.163250073686007	0.172155997154501	0.152015894016253	0.110821316419902	0.0680657035406957	0.0361604382599908	0.0166738690583039	0.00655993830320517	0.00202752864889781	0.000597244475765614	0.000140502039938924	2.74798942467296e-05	6.20513741055184e-06	
0.000113028851224942	0.000687055531807407	0.00281661679555435	0.00975734326684469	0.0259000394157585	0.0568301958019441	0.100105145699519	0.145677756743703	0.170475265223643	0.166570995553236	0.134951340968517	0.0910333035402013	0.0522519721758054	0.0256304578334656	0.0114112507008788	0.00409746240236273	0.00129661191022089	0.000313549583358778	6.28431530386219e-05	1.77648489155115e-05	
3.99170523651851e-06	0.000264117829816308	0.00147049985685302	0.00528435244894443	0.0157854201192145	0.0380351851075687	0.076336483897572	0.120907642807136	0.158817532722558	0.172724855527991	0.15332295046449	0.115721974182094	0.0732522263181553	0.0388539282038591	0.0182545115694032	0.00759200159845619	0.00249415048861799	0.000709414725090152	0.00013194803420714	3.57035857266378e-05	1.10880701014403e-06	
2.53631716957683e-05	0.000554207549948762	0.0027694803620081	0.00886376105578429	0.0245413159392405	0.0547444037496557	0.095672553443985	0.140084134535162	0.16883173226458	0.167276124400573	0.137135332099586	0.0957252821430367	0.0565231630277931	0.0279646766662825	0.0125069359375229	0.00483769127502444	0.00142011513100078	0.000428059143356651	8.38764537658303e-05	1.17916499989098e-05	
2.2349085564815e-07	0.000130295168842872	0.00113600401925955	0.00529382789773774	0.0146133965782656	0.0365257810111441	0.0727424741689269	0.117121500356691	0.154661482870767	0.171938666957503	0.157048588699945	0.117412485450745	0.077154407150277	0.0423150881358538	0.0196312132692779	0.00810444889836887	0.00309087853361392	0.000762103817760193	0.000285621313518336	2.63719209664817e-05	5.14028967990746e-06	
7.88146989863979e-06	0.000354891330293038	0.00208228434722063	0.00904432448597053	0.0228213590536471	0.0518481371357748	0.0943585339204953	0.135799978202106	0.164810993344436	0.167658230641534	0.141754316118101	0.0972812081437652	0.0598494053768739	0.0312718710789687	0.0134291239678652	0.00513241319799423	0.00187488909645928	0.000465006724019748	0.00013803831565332	1.71140489227607e-05	
3.63983535283908e-05	0.000704681167378846	0.00419801879918441	0.0149696706762882	0.0341152046322218	0.0690002005300595	0.114983077026377	0.150904182577759	0.168669970250563	0.158755601333581	0.123532168570949	0.0790597107076948	0.0455225842740574	0.0219703626971587	0.00868722442659594	0.00341760192725891	0.00109059414547178	0.000314472731416097	6.01364101773414e-05	8.13876227964019e-06	
