# <P(U)> as a function of N_tot.
# number_of_species: 1
# species_total_upper_bound: 103
# species_total_lower_bound: 0
# volume: 729
# Bin widths for each
10	10	10	10	10	10	10	10	10	10	10	10	10	10	10	10	10	10	10	10	10	10	10	10	10	10	10	10	10	10	10	10	10	10	10	10	10	10	10	10	10	10	10	10	10	10	10	10	10	10	10	10	10	10	10	10	10	10	10	10	10	10	10	10	10	10	10	10	10	10	10	10	10	10	10	10	10	10	10	10	10	10	10	10	10	10	10	10	10	10	10	10	10	10	10	10	10	10	10	10	10	10	10	10	
# Bin lower bound for each
0	0	0	0	-10	-10	-10	-10	-10	-20	-20	-20	-20	-20	-20	-20	-30	-30	-40	-40	-40	-40	-40	-50	-50	-60	-60	-60	-60	-60	-60	-70	-70	-80	-80	-80	-80	-100	-100	-100	-110	-110	-110	-110	-120	-120	-130	-140	-140	-150	-150	-150	-160	-160	-160	-160	-170	-170	-180	-180	-180	-200	-200	-200	-200	-210	-210	-220	-220	-220	-230	-230	-250	-250	-250	-260	-260	-270	-270	-270	-270	-280	-280	-290	-290	-290	-310	-310	-320	-320	-320	-330	-330	-330	-340	-340	-350	-350	-350	-360	-360	-360	-360	-360	
# Bin upper bound for each
0	0	0	0	0	0	0	0	0	0	0	0	0	0	0	0	0	0	0	0	0	0	0	0	0	0	0	0	0	0	0	0	0	0	-10	-10	-10	-10	-10	-10	-10	-10	-10	-10	-10	-10	-20	-20	-20	-20	-20	-20	-20	-30	-30	-30	-30	-30	-30	-30	-40	-40	-40	-40	-50	-50	-50	-50	-60	-60	-60	-70	-70	-70	-70	-80	-80	-80	-90	-90	-90	-90	-100	-100	-100	-100	-110	-110	-120	-130	-130	-130	-140	-140	-150	-150	-150	-160	-160	-160	-170	-170	-180	-180	
# Normalized histogram for each
1	
1	
1	
1	
1.57538745024628e-05	0.999984246125498	
0.000106228995939873	0.99989377100406	
0.000458711098084636	0.999541288901915	
0.00147038947336295	0.998529610526637	
0.00392949548978821	0.996070504510212	
3.80294239085555e-06	0.00944433578894756	0.990551861268662	
4.88105678133354e-06	0.0203442446645982	0.979650874278621	
1.24705992068699e-05	0.0406953606117751	0.959292168789018	
4.06051795967094e-05	0.0740957903256806	0.925863604494723	
0.000213115241796551	0.124571267846373	0.87521561691183	
0.000518524433777793	0.193299542015047	0.806181933551175	
0.00108145483224486	0.279588485369029	0.719330059798726	
4.87421017485958e-06	0.00249288771498652	0.379951723656113	0.617550514418726	
2.65630454911128e-05	0.00525839880130191	0.486695708929737	0.50801932922347	
5.42290820805963e-07	7.15823883463872e-05	0.0101468035481004	0.591854574955166	0.397926496817566	
1.62881835743442e-06	0.000235635722375512	0.0188693177314252	0.684365949878001	0.29652746784984	
1.08574155333787e-05	0.000558071158415664	0.0331308606293284	0.757094642462592	0.20920556833413	
2.38834228418885e-05	0.00123325310674479	0.0557667067256804	0.801870723374597	0.141105433370136	
7.10747864094157e-05	0.00254295819771703	0.0886383969868631	0.81926983949577	0.0894777305332399	
5.97448785060739e-06	0.000131438732713363	0.00512828311685772	0.134801826237995	0.806259307980504	0.0536731694440793	
2.01221578131892e-05	0.000294218577755009	0.00939052159352262	0.193919954056219	0.765724786528378	0.0306503970863115	
3.25547856348753e-06	3.36399451560378e-05	0.000662489887669712	0.0165003930990365	0.264116433275983	0.702137818514666	0.0165459697989254	
5.40354483348166e-06	0.000117256922886552	0.00137141967873765	0.0279990079091686	0.343150493586803	0.618763161008885	0.00859325734868589	
3.24014496408569e-06	0.000237610630699618	0.00295609225556751	0.0459101540202909	0.423439964704021	0.523280711579036	0.00417222666542101	
1.18886273390874e-05	0.000422046270537604	0.00552280779115789	0.0710215789394048	0.496945703558158	0.424281872869504	0.00179410194389865	
9.76066311776186e-06	0.000897438747771993	0.0101028285859456	0.105995378868273	0.553769595209033	0.328502166596083	0.000722831329776475	
6.58247267049828e-05	0.0018262281615589	0.0175964182644576	0.15041548458695	0.588387647799632	0.241401577073411	0.000306819387286036	
2.17022366325073e-06	0.00024252249436827	0.003328037987595	0.0285785903095173	0.205207126146421	0.594505102195832	0.168025226679862	0.0001112239627416	
3.03574371384212e-05	0.000445061712332926	0.00571587173549131	0.0442757799692956	0.263393050748961	0.57485330852697	0.111248623073387	3.79467964230266e-05	
4.87789279367218e-06	7.42523680814543e-05	0.000945769213884217	0.00996878690600138	0.0653518396972671	0.325358701266464	0.528961404486252	0.0693278643121981	6.50385705822957e-06	
9.23134900961201e-06	0.000201460616621533	0.00203469792582448	0.0167472961650261	0.0946680271141011	0.382985320526013	0.462888619430035	0.0404653468733692	
3.37471900021228e-05	0.000390269923089065	0.00397672532508886	0.0265797222932849	0.1337363038118	0.428374310768075	0.384434380766279	0.0224745399223815	
0.000114138107109603	0.000835556477883694	0.0073851178107328	0.0403595623431625	0.177503870592508	0.457126395666029	0.304725809138148	0.0119495498644269	
2.72741306507226e-06	6.54579135617342e-06	0.000244921693243489	0.00178045524887917	0.0124790057379316	0.0597925311429661	0.224809749301646	0.467047122606491	0.227991549383359	0.00584539168106286	
3.28046678855423e-06	6.72495691653618e-05	0.000586656810686449	0.00355438576539851	0.0198670536159492	0.0851729462090926	0.27323554626333	0.452322789184082	0.16249518864871	0.0026949034667973	
2.57585199044852e-05	0.000193462926091134	0.00116132561016179	0.00646155212072087	0.0309124160998422	0.116661980808259	0.315529263596799	0.416826013255225	0.110916186708713	0.00131204035428378	
7.13818986486857e-06	6.04000680873495e-05	0.000344280388097892	0.0023627408452715	0.0112311181150786	0.046046815543683	0.152559041066555	0.351079239398415	0.363903272036416	0.0718403900746215	0.000565564273908818	
1.31878348817134e-05	0.000103854199693493	0.000747860136417162	0.00418274162998342	0.0186937559448287	0.0654506750248234	0.191869260200928	0.372961861331015	0.302432221397372	0.0433478637630718	0.000196718536985558	
2.81015579283311e-05	0.000288729732440108	0.00153676951102187	0.00757915547655283	0.0289324824255061	0.0904506498072013	0.232232376741608	0.37419373324238	0.239768002353919	0.0249310409808876	5.89581705555182e-05	
4.96459964641018e-05	0.000535625139629365	0.002895464838223	0.0126178058124429	0.0425102119056616	0.120999429071041	0.267612330962277	0.359236775547692	0.180346804866411	0.013181012061219	1.48937989392305e-05	
1.09900858435605e-06	0.000152212688933313	0.00110835015732308	0.00566758726952416	0.0203014360745172	0.0595393395617813	0.155287165448049	0.293273737761166	0.329525634924734	0.128390029354519	0.00675230874228359	1.09900858435605e-06	
1.60296714746469e-05	0.000339939584720959	0.00229998148296571	0.00935911715202485	0.0310859549676781	0.0828833509751844	0.189125802519975	0.308401482468238	0.286042301750274	0.0871019183094777	0.00334356837069444	5.52747292229202e-07	
1.38834512038341e-05	4.88697482374959e-05	0.000775251915222094	0.00407007255491599	0.0156055544911576	0.0446924954392863	0.109909729800273	0.220471426469077	0.310825482241678	0.236208596077647	0.0557698234858014	0.00160881432550029	
2.22936982960369e-06	3.90139720180646e-05	0.000177792243910894	0.00172330287828365	0.00728669528805966	0.0238843536694591	0.0627980040451915	0.138942687917763	0.244994925396925	0.300385290840801	0.185493044644803	0.0336489935231233	0.000623666209831632	
6.13325215137758e-06	7.47141625713269e-05	0.000496793424261584	0.00322386035811502	0.0120802764647042	0.0360635226501002	0.0846946365267505	0.168096271986315	0.261782256166985	0.275338416126662	0.138710188223933	0.0192076730329824	0.000225257624468777	
1.39778657699959e-05	1.45369804007957e-05	0.000164938816085952	0.00120768760252765	0.00573372053885232	0.0192469620506536	0.051807002575282	0.109401959808604	0.193117075249002	0.270099332305308	0.240954923060236	0.0978512106509101	0.0103000097285946	8.66627677739746e-05	
1.50813639585564e-05	2.84870208106066e-05	0.000337934266478764	0.00244318096128614	0.0100732339862447	0.0292114848496528	0.0709427360610494	0.135554650673718	0.214157602487643	0.264879022325446	0.201117808353847	0.0660714555024356	0.00514497938600975	2.23427614200836e-05	
2.61538726929641e-05	6.73323105499714e-05	0.000680000690017067	0.00434988984767873	0.0163767760288071	0.0429151662968954	0.0937232374933016	0.160385007264655	0.227810247532493	0.249522413590665	0.159572567815044	0.0421750673462222	0.00239224465334155	3.89525763512231e-06	
3.35206953979996e-06	4.97223648403661e-05	0.000199448137618098	0.00164754217881168	0.00849190950082656	0.0253706969902326	0.0594897368010865	0.117474394378803	0.182334146582649	0.234805767123908	0.224881406573073	0.119151546505216	0.0249913544539786	0.00110785898290389	1.11735651326665e-06	
1.96091943590511e-05	0.000107010174930822	0.000417955971195774	0.00347867107929566	0.0136580840024271	0.0371840748690246	0.0797970952620265	0.140442730787612	0.200477679974586	0.231087632369065	0.192879957554498	0.0852955133603044	0.0147029739304165	0.000451011470258175	
2.63878463194288e-05	0.000173486053461777	0.00108414747325143	0.00659415436216365	0.0214937429924828	0.0520076378779006	0.103742975639526	0.162945512466012	0.208563361429839	0.219272896930757	0.157976737148417	0.0580296812741175	0.00791691533936735	0.000172363166384354	
7.7038699856663e-05	0.000418933075862876	0.00238201410651697	0.0109394953796462	0.0325103313395118	0.070953204894263	0.127802704451993	0.180953784090328	0.211287350414181	0.198511859742331	0.123119088896474	0.0369611438166322	0.00400320076116485	7.98503312382931e-05	
2.25432887502226e-06	0.000190490789939381	0.000872425274633615	0.00423644753838559	0.0182702083676179	0.0472591869537479	0.0917089165469994	0.14882628367122	0.193063542768	0.206819457563386	0.173131894019491	0.0912805940607452	0.0223725233379397	0.00194154074361292	2.42340354064893e-05	
2.42632027089019e-05	0.000483571272593697	0.00170688809754485	0.00776704616948919	0.0287073186283278	0.0645248841714201	0.114114920684719	0.167433026507267	0.198213438315885	0.194787248389177	0.144555083394885	0.0639566738196093	0.0127816294828383	0.000926515787163186	1.7492076371534e-05	
5.63502506177396e-07	6.64932957289328e-05	0.000945557205365671	0.00345821488041068	0.0138886462697543	0.0420936372114515	0.0838581889592954	0.136573848412191	0.180610442264942	0.196766622619554	0.176605066451033	0.114788841523373	0.0427287045359134	0.00726636481715752	0.000345990538792921	2.81751253088698e-06	
7.89654621989512e-06	0.000218283099078529	0.00174231651951829	0.00633810641949725	0.022395733157654	0.0581292969197265	0.10580638683939	0.157566555193756	0.187338790598823	0.189659247109441	0.152482307506175	0.086945486193171	0.0273542001447324	0.00387269188184285	0.000141573792942405	1.12807803141359e-06	
7.0132454189085e-05	0.000649856369864989	0.00324419159055316	0.0116821438812544	0.0348298128538083	0.0760705238385302	0.128228143135814	0.172210241261298	0.189193041276908	0.176368982677849	0.126335698041325	0.0621650680426202	0.0171219337553723	0.0017634918722707	6.67389483412261e-05	
5.67665113913358e-06	1.81652836452275e-05	0.000172002529515748	0.00141178313830252	0.00569368109255099	0.0193096965148768	0.0503808465249245	0.0976173959838828	0.149358935786858	0.182466868225626	0.183847997447778	0.155380727315251	0.100643051041041	0.0427207734777776	0.0100618641441143	0.000877042600996139	3.34922417208881e-05	
1.92278872227862e-05	9.10497012608404e-05	0.000498794015602865	0.00284233415240363	0.0102213186371952	0.0299242477796032	0.069975371338572	0.119555044068621	0.163939228565854	0.187122405295586	0.174270259265438	0.130687425244519	0.0764274585540063	0.0284250381023206	0.00555629388129042	0.000436020619081416	8.48289142181743e-06	
7.2461840066529e-05	0.000160774707647611	0.00109145646600209	0.00538538659806946	0.0170885398769394	0.0444123146632761	0.0915810097897078	0.14172403700762	0.174549816665884	0.183106540983115	0.156913850231567	0.107671501041356	0.0550772256399428	0.0180265810409257	0.00295565052333866	0.000179456275789763	3.39664875311855e-06	
0.00014496077282212	0.000288789039606567	0.00233862496779436	0.00948417181249098	0.0265884104994635	0.0612204451314981	0.115483339420553	0.158907584676061	0.18022757708827	0.172819855095852	0.135889399460361	0.0855370485193899	0.0384270623642762	0.011055523939762	0.00152208811463226	6.51190971661868e-05	
2.15646883902528e-05	0.000159465195727922	0.000707094782480393	0.00409785828594777	0.0153058213308818	0.0393356940992203	0.0836936906261704	0.136667915148626	0.172648030235963	0.179421612357701	0.158081650720147	0.112888873755774	0.0642673113373512	0.0256636816598	0.00631391376394611	0.00069687993008501	2.89420817869182e-05	
5.85915057106808e-05	0.000345860538564019	0.0016439752573191	0.0070139151981815	0.0241067070777401	0.0553638532504633	0.105318515939734	0.155342578276545	0.181336728227567	0.171778917752316	0.138689507114602	0.0916831917466754	0.0468379358952043	0.0166689989499037	0.00352516078533096	0.000266221598763093	1.93408853802247e-05	
9.10713116830263e-06	0.000114977530999821	0.000692141968791	0.00343908040743028	0.0123612229738768	0.035811516536558	0.0742145810861961	0.127359814214524	0.172469711673919	0.181603595040029	0.157310322648581	0.119074032438463	0.0706787374101027	0.032560270709474	0.0103582233125482	0.00182996416913081	0.000107577986925575	5.12276128217023e-06	
6.64421263524806e-05	0.000228288331570062	0.00118232912022106	0.00617968563220251	0.0200297456288747	0.0497293761084336	0.0952331465571337	0.147951282588585	0.181524432246352	0.176365797410574	0.141312180886134	0.0976863942993791	0.0533286085599038	0.0218486698229516	0.00622454826452598	0.00106137037737424	4.77020394325502e-05	
0.000107008303958226	0.000477553016068891	0.00257047606742206	0.0106615560714975	0.0305770536629569	0.0674670280663429	0.117815004271794	0.165013635020858	0.183391172839471	0.164788803743925	0.122724864005537	0.0779168443023485	0.0383499547206884	0.0140875293774792	0.00349883002357029	0.000545286995702023	7.39951038009008e-06	
1.70627790830804e-05	0.000219541090868968	0.00115799394043839	0.0048390041479616	0.0174739920589826	0.0437119962143381	0.0877902734196596	0.138502559132483	0.178579614642822	0.179012440472229	0.14791438807471	0.103109805239752	0.0595621804639142	0.0267857193639223	0.00908479234313476	0.00200260150505087	0.000233760073438201	2.27503721107738e-06	
8.97731769183441e-05	0.000584383355481196	0.00257769096527322	0.00863252007602702	0.0265722885641552	0.0598472598024304	0.109536999128571	0.156793713819122	0.1834489139161	0.168993717021223	0.12931340101964	0.0855006598614405	0.0436497771109276	0.0177539322938705	0.00559967338574105	0.00098464592772859	0.000120650575348857	
4.01030993393874e-06	3.43740851480463e-06	0.000186765862637718	0.00128730948879433	0.00434603016555132	0.0151635547616415	0.0392448930135245	0.0780830260194637	0.130944067061549	0.169586840683563	0.18189505477224	0.15496696936868	0.11000910340355	0.0680916252697649	0.0310306324659797	0.0115135998203381	0.0031446558896271	0.000461185642402955	3.72385922437168e-05	
1.14883766349396e-05	5.22721136889752e-05	0.000344651299048188	0.00228561253152123	0.00776614260521917	0.0243260631056529	0.0549161635715065	0.0984617063685816	0.149488480030329	0.178160021598148	0.173112603323587	0.13940742953317	0.0902733659220284	0.050697057252325	0.0214654573235529	0.00718138423450074	0.00182435420962841	0.000200472172279696	2.52744285968671e-05	
3.09920734902412e-05	0.000158403931172344	0.00083104671136795	0.00431363748801209	0.013165891960484	0.036601064864688	0.0744217252139457	0.119914071606612	0.1649294844239	0.1797758354803	0.159765860624054	0.118468922698308	0.0719251415161208	0.0365459678451498	0.0139429895068874	0.00430617643328296	0.000818994238343967	8.14976747335973e-05	2.29570914742528e-06	
8.06258872446967e-06	4.8951431541423e-05	0.000309833766697477	0.00163382601509432	0.00727994171900151	0.0204000771704921	0.0515470092115076	0.0946726445003067	0.140577569302269	0.176453209630186	0.174705931473755	0.142504528007418	0.097071840545031	0.0555040125776384	0.0255601339541527	0.00886999939530585	0.00245621006499022	0.00037491037568784	2.13082702003841e-05	
4.12453780487451e-05	0.000123155213328647	0.000672706306766856	0.00358195776124735	0.0118838971653969	0.0308997592083211	0.0694984620121354	0.114129446585783	0.156935177950569	0.181224639175557	0.161235734763173	0.125079803997316	0.0774640482629015	0.0422799980248692	0.0177209895405207	0.00555360301614089	0.00143138889453673	0.000232949247852771	1.10374955341712e-05	
5.22996140288485e-06	3.02175547722236e-05	0.00022953719490439	0.0015614340321724	0.00635672753179526	0.0182769717826149	0.0455384361485634	0.0890435795250498	0.13358716079342	0.169526874447222	0.178083672409164	0.144789157011577	0.105856743221679	0.0608209644746155	0.0303715480801974	0.0116203931303876	0.00341400258243872	0.000761249937531017	0.000116802471331095	9.29770916068417e-06	
5.23323663474974e-06	0.000120364442599244	0.000664621052613217	0.00305388431174507	0.010345527356163	0.0284781108248337	0.0631128338150818	0.109934601986188	0.150233431427447	0.174111527250335	0.168020039807487	0.128729480624523	0.0862635097457403	0.0458524564522028	0.0210841289306695	0.00767948402612664	0.00182756252700205	0.000416914518568396	6.62876640401633e-05	
3.72255993466907e-05	0.000356551443742522	0.00131976382683814	0.00570075154995181	0.0172278910476505	0.0422871175578611	0.0822342572067888	0.129454348328076	0.163333715283493	0.171588491938622	0.153927271648576	0.11092646955324	0.0675493399145091	0.033714760008306	0.0141306048520079	0.00496903586279342	0.000970773832962919	0.000245456295692242	2.61742495406419e-05	
0.000191000583388489	0.000847673283980937	0.00275363983060383	0.0100249339432272	0.0274925431871938	0.0594069518441943	0.104064157730705	0.147124114025617	0.169097836730855	0.165251281175363	0.135358247272471	0.0907541291614036	0.0513226069098356	0.0239956745003834	0.00901164988150462	0.00266823775706457	0.000510104277085873	0.0001113689202235	1.3848984898259e-05	
3.17448957093599e-05	0.000351502572490912	0.00158609042562402	0.00502723712051863	0.0165512114429383	0.0394554422872024	0.0780912890851814	0.124055012172725	0.161608646616975	0.170434304804099	0.155970175959071	0.114437463132632	0.071313465261272	0.036997232999454	0.0164040305628312	0.00564251091735822	0.00171422436830543	0.000265502764114646	5.88723520428129e-05	4.04025945391853e-06	
9.32964754664824e-05	0.000601819857175766	0.00251151808339092	0.00928415111725409	0.0255327113568302	0.0552194194885971	0.0984991937341626	0.143024648698457	0.169205828150196	0.165867887583506	0.139282423404745	0.0944304307763188	0.0548784842202258	0.0260452660677263	0.011003800967519	0.00340244183367888	0.000927205712969362	0.000161829071642479	2.7643400138217e-05	
1.14531531675986e-06	0.000164925405613419	0.00122663270424981	0.00452285018588468	0.0151238887578139	0.0382689933365555	0.0729273801370255	0.118840780555295	0.158681719164103	0.171087774675246	0.15493596542064	0.120544437088975	0.0749952469414354	0.0410755885202755	0.0180450154732099	0.00683581446808121	0.00211081612878842	0.000502793424057577	9.6206486607828e-05	1.20258108259785e-05	
9.1247172050535e-06	0.000386089596738826	0.00248705573320239	0.0074942442994755	0.0229994200101627	0.0526416341456043	0.0918397083740381	0.138066096029664	0.169496754737297	0.166636726188338	0.139957763965237	0.101385303160175	0.0584894372843929	0.0298155837623376	0.0123873739006854	0.00437872366877505	0.0011913458900848	0.000272600926500973	6.27324307847428e-05	2.28117930126337e-06	
6.08830431051945e-05	0.000929746658260634	0.00440463211847954	0.0120024944977661	0.0329149663037961	0.0686749346218537	0.112284263497259	0.155134545835258	0.173636162934403	0.158121797950233	0.123048044118015	0.0825636654550751	0.0440377861787526	0.0207941197222368	0.00792219260891237	0.00268454390065708	0.000650936460863014	0.000110386078153343	2.33290165169437e-05	5.69000402852285e-07	
6.86375952132141e-06	2.40231583246249e-05	0.000173881907873476	0.00194244394453396	0.00738426128502162	0.0187374915132473	0.0478981738395814	0.0890189571318179	0.132991060525203	0.167452281141878	0.169054968990106	0.143384508380364	0.104001400206942	0.0645982727349165	0.0323420348644665	0.0137675576398505	0.0052347605949278	0.00161641536727119	0.000322596697502106	4.23265170481487e-05	5.71979960110118e-06	
2.56498532828392e-05	6.26996413580514e-05	0.000633836374455938	0.00335500080939537	0.0109513473582931	0.0299077289277905	0.0649801983132657	0.108069671841477	0.151987350632354	0.172268404624726	0.160571501531011	0.124779696260137	0.0859663382725451	0.0494244172923331	0.0238019238529956	0.0090469882512272	0.00318742176794749	0.000795715448507635	0.000159599087093222	2.33698663243646e-05	1.1399934792373e-06	
1.70183798502383e-06	6.41025641025641e-05	8.22555026094849e-05	0.00148173360562741	0.0063592012707057	0.0177836396641706	0.043836510097572	0.0842750170183798	0.128200022691173	0.164673814386204	0.171944633537554	0.145931472657136	0.105922396187883	0.0680462899931926	0.0367211254821874	0.0167279328341275	0.00555593374177445	0.00184819605173587	0.000471976401179941	6.24007261175403e-05	9.64374858180168e-06	
2.15648352446587e-05	0.000124849046153287	0.000325742511327213	0.00297481227243424	0.0105020747641488	0.026153037690792	0.0602129924727375	0.104873766264426	0.146178938192912	0.173142927188036	0.166031071522614	0.127368726902926	0.0872808331744346	0.0524598667066184	0.0256797463067382	0.0114793022981304	0.00382662326459826	0.00104589450936595	0.000293962754124558	2.32673222376581e-05	
3.73978782937048e-05	0.000289550239516411	0.000722459012492025	0.00521303758033461	0.0165751929673856	0.0390756831062451	0.0782369280249501	0.125149733171805	0.159325727587055	0.17555980657364	0.152625274392766	0.109321931135774	0.0708298815847181	0.039189576644685	0.0176614313414619	0.00716339359680327	0.00223877298694587	0.000641430276188998	0.000135992284704381	6.79961423521906e-06	
1.2372465191194e-05	8.66072563383577e-05	0.000530891233658504	0.00181762761354268	0.00974275395328382	0.0247151239889728	0.0553442863393362	0.101035800290416	0.142793995080258	0.168604644623433	0.168208725737315	0.134492633321748	0.09145894984765	0.0544236624521551	0.0286023275981333	0.0117993950989291	0.00476902294642385	0.00128954830379126	0.000240700686446864	2.92440086337312e-05	1.68715434425372e-06	
4.07039440449015e-05	0.000273775842822556	0.000957379067467066	0.0040179811066789	0.0157390442267868	0.0357352749300505	0.0729213945505783	0.122487646631777	0.158176641735036	0.170298610824573	0.156743639869346	0.116520894505414	0.0727267962427472	0.0416406923462088	0.0200926934747675	0.00773207660370752	0.00302268603653987	0.00074159240520163	0.000110402478368363	2.00731778851569e-05	
8.21604193290158e-05	0.000585115418735018	0.00206899920837326	0.0073855555321164	0.0228661329200146	0.0511109976162376	0.0941458480676202	0.140152352064058	0.170135908877433	0.167456257903777	0.140342764387233	0.0968116205920657	0.0559323708721329	0.0301900681376342	0.0134026959720299	0.00493795222926754	0.00194409316547442	0.000380269508380918	5.71792107492475e-05	1.16578973372252e-05	
2.10269332881808e-05	0.000261176645053193	0.00129370973757281	0.00399899070720217	0.0124855716503819	0.0330576591711183	0.0692903852687519	0.114643267009959	0.155427217483784	0.172591281790786	0.156957756891024	0.125753234551014	0.077514682886179	0.0417030487946587	0.021770069377813	0.00858009546227713	0.00322376087728792	0.00117972162553688	0.000204735929384918	4.26072069260505e-05	
0.000138783413494633	0.000613977821300256	0.00227438258035005	0.00705963467764499	0.0199059825643622	0.0478364220969841	0.0888791185365789	0.135337698904388	0.164337325854573	0.17040382642525	0.143549235914039	0.105224473844323	0.0594537040737928	0.0310663895439466	0.015825195073966	0.00541421852725262	0.00189411602737475	0.000698913270358972	8.10495134808657e-05	5.55133653978532e-06	
4.42930851296486e-06	0.000259114548008444	0.00117210576524333	0.00380034670412385	0.01154997561112	0.0305267942713538	0.0629244177258712	0.109293741220972	0.150526174168162	0.169415513985265	0.161449956288262	0.130548331783998	0.0837338627833442	0.0459358049243945	0.0233269532835295	0.0105395396065999	0.00352296125849943	0.00109182454844584	0.000347147054703621	2.98978324625128e-05	1.10732712824122e-06	
9.53076674743027e-05	0.000437423629910962	0.00237663166175805	0.00700979630602906	0.0181299423636522	0.0440167168546927	0.084167688607263	0.130582522667248	0.163175541297969	0.167982793936008	0.148285508717071	0.10954046278759	0.0651761208567333	0.0332733941759853	0.0160948757529581	0.00668916588712707	0.00223229288211488	0.000566887802491662	0.000131116906698752	3.5809239224449e-05	
0.000181082344031135	0.00101549217245424	0.00385666864628013	0.0117378786285957	0.0272124382104661	0.0612107859028771	0.105193981021029	0.147196278400069	0.168501249137932	0.162249780251897	0.132226437691987	0.0902070778428414	0.0484287941842295	0.0233843904817836	0.0112755407289417	0.00430799850070424	0.00143875151154221	0.000292263600852683	6.60482713791374e-05	1.70624701062772e-05	
6.03841861501733e-06	0.000424336144491672	0.00188618239647269	0.00688544406256021	0.0185044593721472	0.0392991262408264	0.08077537686594	0.124531404991796	0.158201627189133	0.171082123042111	0.150357172461078	0.113051273310354	0.0713000001646841	0.0355344467079365	0.0169767394625478	0.00760621166633455	0.00263384841044119	0.000781700737071334	0.000120219425153527	4.17199831583015e-05	5.48947146819757e-07	
3.63427517960753e-05	0.000800091187268143	0.00344705494308229	0.0113070009906153	0.0272135626744521	0.0555548519500915	0.100087387798637	0.142622724241662	0.167834682328557	0.16453795422245	0.134342633957456	0.0936673856290848	0.0542696400911212	0.0253975263801573	0.0121814296247391	0.00465132158214315	0.00149445800567498	0.000446024681133652	9.63633570350482e-05	1.15636028442058e-05	
0.000177241720042272	0.00129275679555832	0.00634857685976414	0.0183910439758863	0.0388414151865137	0.0732722809458504	0.120591943034511	0.157506962276315	0.169650789501087	0.153140169398774	0.115037076752311	0.0757281865291862	0.0401042624418149	0.01756797773844	0.00807834527130168	0.0030402493791001	0.000829712801947886	0.000341190311081374	4.70798318862285e-05	1.27392486280383e-05	
0.000469035556803835	0.00259253820266691	0.011111675690948	0.0278087831375017	0.0534756372322659	0.0935781773389938	0.139564321805296	0.164783358618445	0.166392597278812	0.13799249431434	0.0953627459574998	0.0581648760489785	0.0290092908126544	0.0122647214347574	0.00489137080666857	0.00178903562380891	0.000534923885021517	0.000178680212115747	3.57360424231494e-05	
0.000843439586692348	0.00489929353589236	0.0182680335283926	0.0412233879788717	0.0682173492629918	0.11360118660155	0.155776504087566	0.167243054141478	0.156233274470597	0.120207944577785	0.0757181754554629	0.0447390177600782	0.0201685543912825	0.00804550122899607	0.00329753722316989	0.00101591074228247	0.000398352733556544	8.56792192286422e-05	1.78034741254322e-05	
