# <P(U)> as a function of N_tot.
# number_of_species: 1
# species_total_upper_bound: 103
# species_total_lower_bound: 0
# volume: 729
# Bin widths for each
10	10	10	10	10	10	10	10	10	10	10	10	10	10	10	10	10	10	10	10	10	10	10	10	10	10	10	10	10	10	10	10	10	10	10	10	10	10	10	10	10	10	10	10	10	10	10	10	10	10	10	10	10	10	10	10	10	10	10	10	10	10	10	10	10	10	10	10	10	10	10	10	10	10	10	10	10	10	10	10	10	10	10	10	10	10	10	10	10	10	10	10	10	10	10	10	10	10	10	10	10	10	10	10	
# Bin lower bound for each
0	0	0	0	-10	-10	-10	-10	-10	-20	-20	-20	-20	-20	-20	-20	-30	-30	-40	-40	-40	-40	-40	-50	-50	-60	-60	-60	-60	-60	-60	-70	-70	-80	-80	-80	-80	-100	-100	-100	-110	-110	-110	-110	-120	-120	-130	-140	-140	-150	-150	-150	-160	-160	-160	-160	-170	-170	-180	-180	-180	-200	-200	-200	-200	-210	-210	-220	-220	-230	-230	-230	-250	-250	-250	-260	-260	-270	-270	-270	-270	-280	-280	-290	-290	-290	-310	-310	-320	-320	-320	-330	-330	-330	-340	-340	-350	-350	-350	-360	-360	-360	-360	-360	
# Bin upper bound for each
0	0	0	0	0	0	0	0	0	0	0	0	0	0	0	0	0	0	0	0	0	0	0	0	0	0	0	0	0	0	0	0	0	0	-10	-10	-10	-10	-10	-10	-10	-10	-10	-10	-10	-10	-20	-20	-20	-20	-20	-20	-20	-30	-30	-30	-30	-30	-30	-30	-40	-40	-40	-40	-50	-50	-50	-50	-60	-60	-60	-70	-70	-70	-70	-80	-80	-80	-90	-90	-90	-90	-100	-100	-100	-100	-110	-110	-120	-130	-130	-130	-140	-140	-150	-150	-150	-160	-160	-160	-170	-170	-180	-180	
# Normalized histogram for each
1	
1	
1	
1	
1.5260563598925e-05	0.999984739436401	
0.000109257602508175	0.999890742397492	
0.000464915747873182	0.999535084252127	
0.00147545551258887	0.998524544487411	
0.00393084825619311	0.996069151743807	
3.68066546431595e-06	0.00946246509940426	0.990533854235131	
4.72519574123358e-06	0.0203939448191641	0.979601329985095	
1.20759059948473e-05	0.0406853024148137	0.959302621679191	
3.93176964233478e-05	0.0740635311065887	0.925897151196988	
0.000210572521543088	0.124708694916559	0.875080732561898	
0.000518517937741258	0.193387328195197	0.806094153867062	
0.0010743353171644	0.279651628588727	0.719274036094108	
8.39497078287825e-06	0.002499602550602	0.379918600264546	0.617573402214069	
3.57095219440264e-05	0.0052897355079732	0.486959722810087	0.507714832159995	
5.25039942413619e-07	8.97818301527289e-05	0.0101694986446094	0.592236129363541	0.397504065121754	
1.57579991543207e-06	0.00024635005344588	0.0188596986545295	0.684615728058956	0.296276647433153	
1.05020229521712e-05	0.000566584138269634	0.0330934496257342	0.757342358071724	0.20898710614132	
2.31102996828111e-05	0.0012379767352815	0.0557110540240022	0.802148522542784	0.140879336398249	
6.93024706330781e-05	0.00253794047757803	0.0886898367926817	0.819347359733374	0.0893555605257327	
5.77678603782324e-06	0.00013024026703456	0.0051140311305748	0.134860645540085	0.806290709930243	0.0535985963460253	
1.94482683945139e-05	0.000291724025917709	0.00943608957346794	0.194082680370863	0.765498035987707	0.0306720217736505	
3.1464416890938e-06	3.25132307873026e-05	0.000673338521466074	0.0165827965154207	0.264417520226376	0.701746170256057	0.0165445148082034	
5.22353872809966e-06	0.000113350790399763	0.00138423776294641	0.0280932359874656	0.343397525400763	0.61844661360596	0.00855981291373691	
3.13174466885715e-06	0.000229661275716191	0.00299029420131377	0.0459781873983814	0.423599261952173	0.523027979528829	0.00417148389891772	
1.25310273458344e-05	0.000410391145576077	0.00553349282546472	0.0710765092317123	0.497326714166222	0.423846858314807	0.00179350328887255	
1.25648069181827e-05	0.000901001362758017	0.0100649338750859	0.106064246998974	0.554273945249901	0.327953501837865	0.000729805868497778	
6.87895868318877e-05	0.0018363143904665	0.0174741303893491	0.150462780632633	0.588971191341124	0.240879603519926	0.000307190139669117	
2.09474094338753e-06	0.000238276782310332	0.00337829345644824	0.0284570557159196	0.205239575521695	0.594785980317814	0.167785607453926	0.000113116010942927	
2.93075259633279e-05	0.000446939770940751	0.00575212531898102	0.0440947428578606	0.263544787133159	0.574995342196767	0.111098027394163	3.87278021658262e-05	
4.70984477921556e-06	7.16943038613924e-05	0.000956098490180759	0.00993620253588509	0.0651643657330533	0.325468066990739	0.529073610164054	0.069318972144408	6.27979303895408e-06	
8.91271204390507e-06	0.000206040931367923	0.00206040931367923	0.0166552374241633	0.0944459124205458	0.383180558963357	0.462993895316527	0.0404490329183155	
3.25842117931722e-05	0.000400470473974149	0.0040351867443222	0.0264420878701593	0.133506975649083	0.428748839844395	0.384326573686042	0.0225072815202322	
0.000112296462661426	0.000889409072816084	0.00752439021175528	0.0402079329806275	0.177155314443276	0.457530584969672	0.304603891362399	0.0119761804967932	
2.63373306377953e-06	6.32095935307088e-06	0.000243883681705985	0.0018683702354452	0.0126503466519459	0.0595360626533491	0.224468328306415	0.467271125963025	0.228095505481852	0.00585742233384568	
3.16779325714087e-06	6.49397617713877e-05	0.000607688339828189	0.00368150373034054	0.0200040864533017	0.0847970738037753	0.273153004942285	0.45241156181183	0.162603883820126	0.00267308954348403	
2.48768463780635e-05	0.000192663235779045	0.00120044016139251	0.00653202470535493	0.0310399527445778	0.116216686859256	0.315399244273165	0.417138665129595	0.110973494514126	0.00128195153037595	
6.89462415547484e-06	5.83391274694025e-05	0.00035480796615482	0.0024210737899802	0.0112849086753995	0.0461181409759712	0.152016385869839	0.3509899354398	0.364317243932333	0.0718828210892764	0.000549448509620918	
1.27359737129503e-05	0.000100826458560856	0.000777425062061339	0.00429149247569286	0.01874629197432	0.0653604864292893	0.191146800139671	0.373223464333436	0.302909214795381	0.043241284083323	0.000189978274551508	
2.71395692258571e-05	0.000293213777322495	0.00157090212460255	0.00773477722936927	0.029044660555829	0.0901209307275799	0.23143773198345	0.374532441097822	0.240310774675057	0.024870488379209	5.69398805326806e-05	
4.79574138165309e-05	0.000553108839350657	0.002944585208335	0.0127886436844082	0.0426410680648917	0.120491403633573	0.266752990011536	0.359590550258038	0.180972629638215	0.013202676023691	1.43872241449593e-05	
1.0618078340182e-06	0.000147060385011521	0.00111012009046603	0.00573960224678538	0.0204891748691322	0.0598201297529173	0.154498348888818	0.292563628834454	0.330053939837968	0.128790919419403	0.00678495205937629	1.0618078340182e-06	
1.5476001790947e-05	0.00033727010799581	0.00229151557552849	0.00947291406176205	0.0314536395020143	0.0830607689224807	0.188222869368136	0.307803800585847	0.286658779242306	0.0873198713463961	0.00336256163050886	5.33655234170585e-07	
1.34001051640253e-05	4.71683701773692e-05	0.000765414006969127	0.00407202395724402	0.0158008680052121	0.0451872986299196	0.109993423228385	0.219292185005068	0.310559765273038	0.236789506324046	0.0558821905634315	0.00159675653134526	
2.15104648411452e-06	3.76433134720041e-05	0.000171545957108133	0.00173320570457528	0.00728666996493794	0.0242148680332982	0.0635268558153542	0.138935016885715	0.243483404676375	0.300186065520876	0.186057454451591	0.0337413151498204	0.000623803480393211	
5.91873894271952e-06	7.2101001665856e-05	0.000479417854360281	0.00324615927649335	0.0121393335715177	0.036557898180472	0.0854967220947601	0.167866197759058	0.260442807763664	0.275066397489594	0.139133410528038	0.0192660333257287	0.000227602415706396	
1.3486416750777e-05	1.4025873420808e-05	0.000159139717659168	0.00118680467406837	0.00575923940925179	0.0193805203275365	0.0524896734506939	0.110085843739902	0.192728447761983	0.268857112493439	0.240780011188331	0.0981012743584916	0.0103532524112365	9.11681772352522e-05	
1.45554757699847e-05	2.74936764544155e-05	0.000327767750672247	0.00245771903834667	0.0101365411445564	0.0295147312196626	0.0717655037380618	0.136426318025286	0.213532064095846	0.263334433080392	0.200935108454467	0.066328763992125	0.0051763584571627	2.26418511977539e-05	
2.52404013975664e-05	7.73322936436077e-05	0.000683101927185201	0.00438377439592201	0.0164986300369369	0.0434489343717342	0.0947626704129867	0.16077920878323	0.226881134894372	0.248123886334417	0.159621372497844	0.0423088200703079	0.00240213437130456	3.75920871878648e-06	
3.23246776825577e-06	4.90257611518791e-05	0.000213342872704881	0.00164317111553001	0.00855957465034127	0.0254249752312157	0.0601007344705514	0.118458091324757	0.182507285174233	0.233714423325056	0.223643669993056	0.119341093770119	0.0252191747833034	0.00112112757095671	1.07748925608526e-06	
1.890263200248e-05	0.000111255491214597	0.000442321588858033	0.00348132473965675	0.0137600359474053	0.0372916524896927	0.080655910528982	0.140954766541693	0.200565566749514	0.229964020190171	0.192015096181992	0.0854463775536106	0.014832085219546	0.000460684145660442	
2.54116140808457e-05	0.000182747352326082	0.00108621133379615	0.00662756522134056	0.0217518009805639	0.0522203262634979	0.104671519744283	0.163139859035829	0.208652059854624	0.217791049488848	0.157584988332284	0.0581547491603354	0.00794518444506442	0.000166527173125542	
7.4166948176251e-05	0.000442836230716593	0.00235872549783887	0.0110346343407046	0.033002667844676	0.0713307391142409	0.128524283449835	0.181262938613587	0.210951913832082	0.196985790262367	0.122914663617701	0.0370401649213072	0.00399960155566527	7.68737711023915e-05	
2.1675306082416e-06	0.000183698219048476	0.000941792049280976	0.00426353270641123	0.0185361798790301	0.0479712455389511	0.0922257179674199	0.149459905560691	0.193291167637901	0.206051962211271	0.171632118035047	0.0910417043726679	0.0224361093259088	0.00193939801172417	2.33009540385972e-05	
2.54810635036896e-05	0.000473839351111164	0.00172729081537777	0.00786931142034159	0.0289849808105906	0.0653432055286318	0.114585089674368	0.168026469945628	0.198136954752679	0.193908182511641	0.143366764127217	0.0637292241233023	0.0128722742716617	0.000934124945039515	1.68066589066889e-05	
5.41096553810158e-07	6.60137795648393e-05	0.000943672389844916	0.00343758640635594	0.0138953595018449	0.0426183878677495	0.0847443778715318	0.136996989879871	0.180998961635713	0.196488391585083	0.175612345442533	0.113926256115067	0.0425588672468304	0.00735783093871053	0.000351712759976603	2.70548276905079e-06	
7.57762327845871e-06	0.000230034992381782	0.00173689950718386	0.00632136159065138	0.022459534138546	0.0590594545735016	0.106809847662709	0.158004270531976	0.187195440435822	0.189219748368781	0.151590353685567	0.0860937081370143	0.0272220703690573	0.00390680605885107	0.000141809807068299	1.08251761120839e-06	
6.72540184276011e-05	0.000638370803945858	0.00323090474010661	0.0116805043617485	0.0347925647428402	0.0773459177895557	0.128795784257787	0.172682285508495	0.188995181575002	0.175901800455158	0.125333287050998	0.0616496976823397	0.017004419239856	0.00181694323977793	6.50845339621946e-05	
5.43912504058947e-06	1.74052001298863e-05	0.000168612876258274	0.00140111861045585	0.00575350646793554	0.0193132451941251	0.0506279197903109	0.0991160877896538	0.149581377741251	0.182675190138214	0.18328437214276	0.154856241205615	0.0997791171321017	0.0424947961171174	0.00998732139953039	0.000906158231762206	3.20908377394779e-05	
1.84216343674011e-05	8.72318568573992e-05	0.000512013072858648	0.00283693169257977	0.0102538067765607	0.0300418929638026	0.0703034584993086	0.121094613514111	0.164084748187094	0.187148634415081	0.173498745161612	0.129987928411362	0.0758429523161413	0.0283059248310628	0.00552757393577135	0.000446995539797232	8.12719163267694e-06	
6.94130744948708e-05	0.000154010259035494	0.00106831059964762	0.00536812519081817	0.0170815815118276	0.0447524529116344	0.0923004089406209	0.142807639559596	0.17463787253265	0.182619291520271	0.156115427435409	0.107238319487775	0.0547642043282306	0.0178613940206059	0.00296523977607776	0.000193055113438859	3.25373786694707e-06	
0.000138709556817548	0.000287713963555148	0.00230929738732964	0.00947938943954295	0.0266658286297609	0.0616450194870672	0.116197971047631	0.159878477424207	0.180126279880125	0.172469078876431	0.13499582516744	0.0851058987864539	0.0381445862906193	0.0109564294859673	0.00152526329078671	7.42312862656407e-05	
2.06138142934018e-05	0.000152976200808929	0.000732875345010155	0.00414825889214852	0.0152818884857743	0.0394244623049282	0.0840978526915132	0.13732977329144	0.173048631242731	0.179379242105994	0.157857335046088	0.11211907841061	0.0639001119655597	0.0254813868106307	0.00629914767302585	0.000698157341989689	2.82083774541288e-05	
5.59498602339899e-05	0.000339501579089745	0.00168935985755057	0.00705402800969508	0.0241453523048626	0.0554251265933488	0.105943504764429	0.156064801888607	0.181620851154903	0.171804095095207	0.138224401309335	0.0908484497543095	0.046349841982385	0.0165883187555882	0.00356069256149324	0.000267255643059447	1.84688859024821e-05	
8.68761612899372e-06	0.000109681153628546	0.000690122506246939	0.00345495633929919	0.0125443747142589	0.0360633805034691	0.0744094321448312	0.128325320817374	0.172832521222217	0.181682487177622	0.157395713313012	0.118066332121049	0.0699206494861818	0.0322104227502604	0.0103458648576154	0.00182602831511287	0.000109138177620484	4.88678407255897e-06	
6.32941522695011e-05	0.000217472215490081	0.00118419572066614	0.00625043278052834	0.0201248355433992	0.0498665954021397	0.095916066544334	0.148674176851435	0.182066981442371	0.175988578921857	0.141092402970606	0.0967204973513832	0.0528608956825814	0.0216217151957899	0.0062612522937368	0.00104137814631444	4.92287850985008e-05	
8.66845959305916e-06	0.000101854400218445	0.000469722154198893	0.00257507427786314	0.0108258224742818	0.030645713555087	0.0677293836941941	0.118630578424637	0.165932195309063	0.184036814947892	0.163764538632074	0.122011277665931	0.077091320054698	0.0381580173499219	0.0139491768214059	0.00353348084162074	0.000524983584104646	1.13773532158902e-05	
2.70737548644769e-05	0.000219297414402263	0.00118799636345325	0.00482508459194707	0.0175892770603534	0.0438421556773393	0.0882555675823191	0.139019940903408	0.179808718507132	0.179436183640196	0.146733253664297	0.102164979881493	0.0588929974815993	0.0267180057255577	0.00901339446948165	0.00204081964168427	0.00022308774008329	2.16590038915815e-06	
9.57011167124056e-05	0.00057311918758452	0.00263395573497098	0.00855872486962082	0.0266310107506067	0.0603134537826138	0.110297712036427	0.157149933743289	0.184335575965752	0.169132148560759	0.128241127663658	0.0844768982398063	0.043186216429163	0.0177085128862097	0.00556153989621866	0.000989636547821467	0.000114732588785895	
3.8083776691967e-06	3.8083776691967e-06	0.000187698613696123	0.00133075596840788	0.00454665888306812	0.0150566931421455	0.0394112683366584	0.0788383142379463	0.131830801396913	0.17025787613306	0.182377766038302	0.154300229645173	0.108846154055405	0.067339733946736	0.0306378542947347	0.0113826967992762	0.00312504590455226	0.000487472341657177	3.53635069282551e-05	
1.09015648651286e-05	5.45078243256428e-05	0.000352120545143653	0.00240543028749062	0.00800229368924762	0.0242990430061283	0.0551057751584951	0.0993350590510515	0.150080753341738	0.178785663788108	0.173382848240951	0.138334862277806	0.0893808401727026	0.050218603629458	0.0211664783421336	0.00705821817192749	0.00178840171612434	0.000214215749599776	2.39834427032828e-05	
2.9385532196476e-05	0.000154001955770421	0.00085653384587506	0.00442252259556964	0.0134095978589919	0.0365300257558748	0.0746430610147042	0.12087629833716	0.165728959822903	0.180310169734099	0.159682614485217	0.11734676941445	0.0710656445580443	0.036104479715548	0.0136914812974692	0.00422280981193804	0.000836399314555253	8.70682435451141e-05	2.17670608862785e-06	
7.64439163747237e-06	4.64123777989394e-05	0.000325978700540786	0.00168395027214034	0.00735772695106716	0.0205770642041533	0.0517295982107755	0.0950678385155028	0.141260167040878	0.177277810296777	0.175140110778155	0.141998396861868	0.0958628552457999	0.0547218315088719	0.025331329774687	0.00876920926412902	0.00243364668058674	0.000383857665795934	2.45712588347326e-05	
4.07463632494234e-05	0.000119485957096282	0.000713611983395306	0.00358623059247965	0.0119805320483913	0.0307888330737129	0.06967077489121	0.114573817818605	0.158225837268936	0.181563592133309	0.161528495198261	0.124403052012733	0.0766015110293247	0.0415502779838039	0.0175341512339816	0.00544955077134518	0.00141235705046988	0.000246680685618131	1.04619040775546e-05	
4.95234741267361e-06	3.24653885941936e-05	0.000217353025334008	0.00158255012876103	0.00647326832918804	0.0184078753329078	0.0455737019347171	0.0892814694165034	0.133863601347039	0.170539035502828	0.177845948979816	0.14527711135078	0.105092113661876	0.0602062377566967	0.0298488983778311	0.0115241124292915	0.00334228424273105	0.00075550811084454	0.000122708163669579	8.80417317808641e-06	
4.95045965017852e-06	0.000119361082676527	0.000628708375572672	0.00306378447238826	0.010491674151945	0.0285129974318115	0.0631854667705896	0.110371598002875	0.150502224131511	0.174933842607286	0.167771627595622	0.128989726696124	0.0855021388735944	0.0452928554416278	0.0207567272621263	0.00757365321370089	0.00181736874268776	0.000410888150964817	7.04065372469834e-05	
3.52802714375884e-05	0.000366032816164979	0.00128717865323076	0.00566579109118021	0.017408608937485	0.0421748082324308	0.0821219980761227	0.129834706415772	0.163694395673757	0.172255925294025	0.153784498179483	0.110932198484602	0.0671648167493089	0.0332025942024591	0.0139434247772244	0.00489238139075933	0.000976271261187016	0.000233180544032811	2.5908949336979e-05	
0.000181159916042504	0.000846142689431152	0.00269222243810598	0.00998349857562332	0.0276189511880752	0.0592480495206925	0.103550679623341	0.147162056028219	0.169422833264463	0.165782668304951	0.135528415014928	0.0909023241558413	0.0511369016181248	0.0237002049679413	0.00892554655837208	0.00268839126163378	0.00051118840357613	0.000105631008447744	1.31354621903931e-05	
3.01413960288985e-05	0.000337035610141319	0.00156406444120866	0.00491907583191623	0.0164528180287198	0.039683065960883	0.0780541591564355	0.123883329780302	0.161864776929008	0.170695109914711	0.155854582560846	0.114491270777697	0.071469634187577	0.0369232101354006	0.0162226473681355	0.0055558813261995	0.00167366951767738	0.00026579231043665	5.58985889990481e-05	3.83617767640526e-06	
8.8639627932426e-05	0.000613911497161617	0.00253607824362219	0.00918897476232816	0.0252092196156214	0.0554626906504343	0.0982269338622529	0.143124546884618	0.169332330209972	0.166254565351207	0.139224403255591	0.0946999521236578	0.0549073250803639	0.0257733397168456	0.0109502769988373	0.00331359004172081	0.000906641132617468	0.000160317351754326	2.62635934614595e-05	
1.08884187511637e-06	0.000156793230016757	0.00121514753262987	0.00449528368141793	0.0149900860947271	0.0378285444252929	0.0732333268365768	0.118453474331097	0.158541910068194	0.171171931398607	0.155315127171287	0.120997553372307	0.0753249920786754	0.0408909121990577	0.017964802097545	0.00676824109572336	0.0020622665114704	0.000482356950676552	9.47292431351242e-05	1.14328396887219e-05	
8.67164021364754e-06	0.000366918776539961	0.00244702847278866	0.00756546410889412	0.0226812169563085	0.0523187152965023	0.0921903750213404	0.137984223034586	0.16899400843859	0.166822304542585	0.140417160092028	0.101701538403172	0.0585173121167203	0.0298255645373273	0.012363591034608	0.00430113354596918	0.00117175538386912	0.000261233161436132	5.96175264688268e-05	2.16791005341188e-06	
5.7808870906308e-05	0.000882800888419695	0.00438861176048542	0.0121236547956781	0.032851106499608	0.0681933971464029	0.112295082410057	0.155262741318269	0.172898228833444	0.158282309350936	0.123515406064097	0.0829119678950061	0.0441865076256384	0.0208230794623451	0.00791819450469954	0.00264840266525908	0.000633196230861617	0.00010481234538153	2.21510626837255e-05	5.40269821554281e-07	
6.51310219057337e-06	2.27958576670068e-05	0.000164998588827859	0.00185189205618636	0.00726427997655283	0.0188386053277176	0.0476590825210048	0.0889814593690975	0.13313432187751	0.167397581468053	0.168600877097762	0.143650268122707	0.104164586092356	0.0649405136666594	0.0324173378780313	0.0137160504548316	0.00524521829747509	0.00159191072707931	0.000306115802956948	4.01641301752024e-05	5.42758515881114e-06	
2.43417977878174e-05	5.95021723702204e-05	0.000601512869778955	0.00322501774246594	0.0106947040902875	0.029833307368749	0.0646945483027817	0.108179276799778	0.152515968219349	0.172225792352564	0.160171193159198	0.125105481123747	0.0860698923335237	0.0496388759065967	0.0237429895622371	0.00903297069463918	0.00321474009451109	0.000795165394402036	0.000151460075124197	2.21780824289003e-05	1.08185767945855e-06	
1.61640369574541e-06	6.08845392064104e-05	7.86649798596099e-05	0.00141219802884957	0.00614448924876022	0.0175110400372419	0.0435658512089622	0.0843180823848636	0.128321440194141	0.165132340358583	0.171632438420407	0.145697241122172	0.106515076736071	0.0681033981116094	0.0369283588329996	0.0165907675331309	0.00559114038358337	0.00185617024394765	0.000470373475461914	5.9268135510665e-05	9.15962094255732e-06	
2.04964897064471e-05	0.000118663887774168	0.000314998683909608	0.00285548464489292	0.01025202052238	0.0258449947572137	0.060012643097861	0.104918294519454	0.146494884507674	0.173568050503351	0.165533426538423	0.127427755267598	0.0877341454258308	0.0525799686727336	0.0258412190880572	0.0113210742749636	0.00381126832278304	0.00103615149279171	0.000292344668970904	2.21146336306403e-05	
3.5598513492376e-05	0.000276697536690741	0.000706576555682008	0.0050582251444167	0.0162091898101952	0.0389712029600703	0.0780718550601129	0.124816478875518	0.159674974784386	0.175884703965998	0.152754839510035	0.109359172819996	0.071075668416028	0.0394679640347139	0.0175716420084034	0.00706360807115388	0.00222544646469005	0.000635918900113807	0.000133764111304686	6.47245699861382e-06	
1.17938941937587e-05	8.25572593563107e-05	0.000518395258425665	0.0017492489433743	0.00947532181248566	0.0242884529198466	0.0552844151193435	0.100780970230067	0.142688964989289	0.169126050996799	0.168431283411566	0.134592992711373	0.0915045363605758	0.05489414443875	0.0285851830090727	0.0117188421397984	0.00470040292231255	0.00129947270571232	0.000237486142174322	2.78764771852478e-05	1.60825829914891e-06	
3.88215479799766e-05	0.000261114795317377	0.000929058141383823	0.00390714949327244	0.0153791828223691	0.0352148666320286	0.0728063565232698	0.121990067001737	0.158362134844786	0.170954143243003	0.157514974215579	0.116382746427753	0.0726851056610858	0.0420378866400163	0.0200074558644203	0.00764678134800114	0.00301531749378722	0.000739204817700924	0.000108487613533085	1.91448729764268e-05	
7.84745397839405e-05	0.000558865979272117	0.00200640309825967	0.00713906218683091	0.022443718378207	0.0504532965139276	0.0939626567237304	0.140262104962878	0.170559109886626	0.168178892257638	0.140705380065982	0.0963407534192099	0.0561533053158017	0.0304629679707226	0.0133470345637929	0.00490200756961169	0.0019931472638367	0.000384419198265925	5.72652047071998e-05	1.11349009152889e-05	
2.01028525418734e-05	0.000249698589467481	0.00123685445376053	0.0039020694828647	0.0121548194737391	0.0324862097076675	0.0684470387704672	0.114370418335071	0.155435784876201	0.173470159696003	0.158022175562443	0.125770322793619	0.0773409639529403	0.0418779450017696	0.0220263781166695	0.00853313188158997	0.00320375986825225	0.00120193897302991	0.000209492884383734	4.07347275190594e-05	
0.000132812354736487	0.000587561857354219	0.00217812261767839	0.006870117485809	0.0195111974096278	0.0470495735395289	0.0882522159741388	0.135149852179849	0.164700069859299	0.171293937647256	0.144339935878195	0.105114072531483	0.0594574349684305	0.0314542155969517	0.0158615139014692	0.00537624411973299	0.00186574795933817	0.000721967960347543	7.80936645850544e-05	5.31249418945948e-06	
4.23761583258027e-06	0.000247900526205946	0.00112137908969655	0.0036411714041446	0.0111576424871839	0.0300611170143454	0.0622511062825833	0.108884479414192	0.150264798019338	0.17007618173863	0.162719150951292	0.131121898197636	0.083587501999625	0.0458965576787188	0.0235632628370626	0.0104833318678245	0.00347219647282046	0.00106364157397765	0.000352781518062308	2.86039068699168e-05	1.05940395814507e-06	
9.1211387399015e-05	0.000418623361819757	0.00227448511699047	0.00673171673011921	0.017698172556128	0.0433438621853932	0.08364136947835	0.130083255434591	0.163148174216913	0.16883122360867	0.149236065088024	0.110198645748152	0.0651818718158395	0.0333707141851633	0.0162509167271667	0.00657987349560525	0.00219803626628031	0.000559394693817081	0.00012811772912116	3.42701744562773e-05	
0.000173369405411444	0.000972238762869648	0.00369239946418841	0.0113659717486913	0.0266504082348887	0.0606835075634379	0.104582854240068	0.146673678730156	0.168806470209445	0.162938258359409	0.132973280033219	0.0907475541212911	0.048786361466252	0.0237400154504285	0.0111904945085636	0.00424201736645023	0.00141646492931903	0.000285084645372618	6.32350414874568e-05	1.63357190509263e-05	
5.78873028937336e-06	0.00040678986488051	0.00180818884311699	0.00660178377092626	0.0179850587608749	0.0385597849539322	0.0802812691422786	0.123877249447966	0.157913931053065	0.171149073487405	0.151363719606535	0.113955891980188	0.0717776243471891	0.036097469588116	0.0172293663340076	0.00747377705178914	0.00259966614813677	0.000756218675075411	0.000116827102203717	3.99948638174887e-05	5.26248208124851e-07	
3.48775454663154e-05	0.00076783444791752	0.00330808234271416	0.010865940755733	0.0265988844469927	0.0548401842168538	0.0994813286231032	0.14209059178211	0.167611971453257	0.164836564350393	0.135411541825311	0.0944864413542	0.0547942092705573	0.0260080799646997	0.0122367339820909	0.00463554286106847	0.0014553448517308	0.000432270184718879	9.24783402515939e-05	1.10974008301913e-05	
0.0001700562779995	0.00124034797765886	0.00609120330759461	0.0177315555366604	0.0380240523348196	0.0724200602636935	0.120160171756841	0.156821648164189	0.169902164497563	0.153787206453636	0.116259505880227	0.0764254170364505	0.040767272669299	0.0178713205401413	0.00812975294011362	0.00300574471364117	0.000801390210072646	0.00033373544557402	4.51711988436173e-05	1.22227949812141e-05	
0.000450323670137912	0.00248911047672658	0.01066838218541	0.0269170251832791	0.0527280768766837	0.0923908702236876	0.138844973396057	0.164497875705306	0.166777907335183	0.139109270502459	0.0963912454934127	0.0590079476766783	0.0297143929342072	0.0125956602736789	0.00490477530725209	0.00178306729390321	0.000517336121051291	0.000177448970018629	3.43103748676504e-05	
0.000811174517562517	0.00471187519898122	0.0175692053325628	0.0400771578927655	0.0672070929613488	0.112610927847739	0.154503061969774	0.167967702840449	0.157297226435942	0.121532777389848	0.0765885723917074	0.04538885277129	0.0207491592625589	0.00819093635543998	0.0032928548687861	0.00101396814695315	0.000383649161670399	8.668223736486e-05	1.71224172572563e-05	
