# <P(U)> as a function of N_tot.
# number_of_species: 1
# species_total_upper_bound: 103
# species_total_lower_bound: 0
# volume: 729
# Bin widths for each
10	10	10	10	10	10	10	10	10	10	10	10	10	10	10	10	10	10	10	10	10	10	10	10	10	10	10	10	10	10	10	10	10	10	10	10	10	10	10	10	10	10	10	10	10	10	10	10	10	10	10	10	10	10	10	10	10	10	10	10	10	10	10	10	10	10	10	10	10	10	10	10	10	10	10	10	10	10	10	10	10	10	10	10	10	10	10	10	10	10	10	10	10	10	10	10	10	10	10	10	10	10	10	10	
# Bin lower bound for each
0	0	0	0	-10	-10	-10	-10	-10	-20	-20	-20	-20	-20	-20	-20	-20	-30	-40	-40	-40	-40	-40	-50	-50	-50	-50	-60	-60	-60	-60	-60	-70	-70	-70	-80	-80	-100	-100	-100	-110	-110	-110	-110	-120	-120	-130	-140	-140	-150	-150	-150	-160	-160	-160	-160	-170	-170	-170	-170	-180	-190	-200	-200	-200	-200	-210	-220	-220	-220	-230	-230	-250	-250	-250	-260	-260	-270	-270	-270	-270	-280	-280	-290	-290	-290	-310	-310	-320	-320	-320	-330	-330	-330	-340	-340	-350	-350	-350	-360	-360	-360	-360	-360	
# Bin upper bound for each
0	0	0	0	0	0	0	0	0	0	0	0	0	0	0	0	0	0	0	0	0	0	0	0	0	0	0	0	0	0	0	0	0	0	-10	-10	-10	-10	-10	-10	-10	-10	-10	-10	-10	-20	-20	-20	-20	-20	-20	-20	-20	-30	-30	-30	-30	-30	-30	-30	-40	-40	-40	-50	-50	-50	-50	-50	-60	-60	-60	-70	-70	-70	-70	-80	-80	-80	-90	-90	-90	-90	-100	-100	-100	-100	-110	-110	-120	-130	-130	-140	-140	-150	-150	-150	-150	-160	-160	-160	-170	-170	-180	-180	
# Normalized histogram for each
1	
1	
1	
1	
2.2026528751228e-05	0.999977973471249	
0.000110619566919971	0.99988938043308	
0.000453368563848816	0.999546631436151	
0.00147943269820724	0.998520567301793	
0.00382998846495512	0.996170011535045	
6.17841315401813e-06	0.00918465246867324	0.990809169118173	
7.94511865151915e-06	0.0198566170920689	0.98013543778928	
2.0341903170772e-05	0.0400514384821049	0.959928219614724	
6.17931307224853e-05	0.0733025426990533	0.926635664170224	
0.000178120144682937	0.123754702107285	0.876067177748032	
0.000470493877863307	0.192408251495247	0.80712125462689	
0.000984710973664932	0.279471905763953	0.719543383262382	
0.00238945569980886	0.379216057424557	0.618394486875634	
1.2372617276946e-05	0.00513728744506337	0.486001709188701	0.508848630748959	
8.84639474028754e-07	5.13090894936678e-05	0.00983542167225169	0.590295151114115	0.399817233484666	
2.66351306719511e-06	0.000210417532308414	0.0181198793961283	0.682877695031305	0.298789344527191	
1.33144091198377e-05	0.000579620610350267	0.0322590380428174	0.755742726560205	0.211405300377508	
1.95321863796737e-05	0.00133884259366127	0.0550390377379597	0.800697121488424	0.142905465993576	
5.94784186552729e-05	0.00271381381834581	0.0880360492481306	0.818723096002606	0.0904675625122619	
8.90917011971252e-07	0.000129182966735832	0.00526175587270221	0.133700806903538	0.806649626393951	0.0542577369460612	
2.49597523992562e-05	0.000281688634220177	0.00957563072402893	0.192355897543782	0.766802816173206	0.0309590071723631	
5.06986631563031e-05	0.00064396196710813	0.0169289062430512	0.262096078413932	0.703564027074865	0.016716327637887	
0.000130143777887952	0.00131914441532686	0.0283642609249947	0.341124548480771	0.620408669169205	0.00865323323181528	
8.84763922866281e-07	0.000265429176859884	0.00286221129047242	0.0460475383655756	0.421235218912714	0.525253374268411	0.00433534322204478	
2.65424010432933e-06	0.000473339485272064	0.00565883990243013	0.0711203635955044	0.495342250990253	0.425444607336143	0.0019579444502936	
6.21944144084911e-06	0.000959570965159578	0.0103287152499816	0.105414201472586	0.553870580531549	0.328618404393413	0.000802307945869536	
6.14945309972541e-05	0.00199545296960655	0.01759456566591	0.149261486331726	0.589420623483246	0.24132058168479	0.00034579533372369	
0.000230976426190595	0.00339091161065192	0.0290133042421486	0.204057012088951	0.59576460304036	0.167405495106853	0.000137697484844393	
2.04336191670901e-05	0.000490406860010164	0.00572674387613318	0.0443267389009911	0.262667955465371	0.576455495577454	0.110263362698517	4.88630023560851e-05	
8.42771636387508e-05	0.00100245468328198	0.00991631721214691	0.0655667461829098	0.325613249434678	0.52911155014092	0.0686991952861565	6.20989626811848e-06	
0.000201129887189272	0.0021465720703563	0.0165789764090662	0.0949466560821322	0.382363934741361	0.463483356056857	0.0402793747530374	
3.2938868131467e-05	0.000339181317786188	0.00398115184551137	0.026484630457058	0.134386130777989	0.42745659413884	0.385074953729793	0.022244418864891	
9.55957176692156e-05	0.000728135606545894	0.00712679476492834	0.040341392856409	0.178998960954957	0.456526730617522	0.304384805820082	0.0117975836618878	
4.46175605794929e-06	8.03116090430872e-06	0.000215948993204746	0.00170796021898299	0.0119155657283594	0.0599651090676268	0.226758043430733	0.466088423081556	0.227682519285941	0.00565393727663334	
3.58111035907794e-06	5.90883209247859e-05	0.000577454045401317	0.0033680342927128	0.0192108665212736	0.0849331943862514	0.274067747445773	0.453255766482956	0.161862607119964	0.00266166027438468	
1.25480860583594e-05	0.000196287917627193	0.00114277212317201	0.00609747353250134	0.0300661104876903	0.117226012540916	0.31613289498686	0.417978539187673	0.109853115689768	0.00129424544773364	
1.16774473459408e-05	3.95236679401073e-05	0.000362899132904621	0.0023094397789549	0.0109094306166501	0.045136927052783	0.152667353540108	0.35157380550942	0.365459188668924	0.0710348104705383	0.000494944114431798	
1.97667878430661e-05	0.000123093178840911	0.000770904725879577	0.00415192393740038	0.0181656780277777	0.0646436856793216	0.192224823850966	0.373192462025305	0.303864946117533	0.0426567281653366	0.000185987503796122	
3.69999702195362e-05	0.000287877817073952	0.00152331584708725	0.00761026216734996	0.0278239776050912	0.089189781871639	0.232116154638217	0.374760966655807	0.242187366044315	0.0244172730299998	4.60243531999108e-05	
4.70097292058791e-05	0.000548748185153243	0.00286397734854279	0.0126329606908261	0.041626211178552	0.120119802486815	0.267445581718278	0.359460798406009	0.182326330691748	0.0129132109995534	1.53685653173066e-05	
1.79955802854819e-06	0.000170958012712078	0.00120390432109874	0.00552284358961439	0.0203925915795081	0.0581770117259201	0.154482159181705	0.29289966384256	0.331168165098652	0.129384623136558	0.00659448039561484	1.79955802854819e-06	
1.80644974818091e-05	0.000343225452154372	0.00237186851936153	0.00922192596446352	0.0309517099853316	0.0806317877349288	0.188353999118453	0.308427810655163	0.28912137897148	0.0872108777178036	0.00334735138337922	
1.45728515062864e-05	5.3737389929431e-05	0.000808793258598893	0.00433451251990105	0.0156293832404921	0.044144810425418	0.10757223580331	0.218658350426074	0.31184627098946	0.239564016715061	0.0557894295821599	0.0015838867980895	
3.65438640568257e-06	4.84206198752941e-05	0.000214695201333851	0.00183724276545691	0.00785875796542037	0.0238576616494987	0.0625886759701254	0.137051366968915	0.243945823721536	0.300002283991504	0.188392755178951	0.033536304044949	0.000662357536029966	
1.00749484574796e-05	8.70109184964147e-05	0.000585262914939042	0.0036104951653986	0.0128162503423193	0.0360573246249142	0.084196344259157	0.165688022809683	0.26046581066241	0.275523279084315	0.14137625627738	0.0193338260899033	0.000250041902626539	
2.29903661169823e-05	1.5633448959548e-05	0.000157254104240159	0.00143184000176566	0.00617153388044274	0.0201579530113701	0.0516050954008232	0.108928354662262	0.189926173336325	0.2686231161694	0.241868767311746	0.100315243900196	0.0106987967761989	7.72476301530607e-05	
2.47965306898395e-05	2.1122970587641e-05	0.000381131860603088	0.00261098284263754	0.0106459771761711	0.0300139044249868	0.0704946999711625	0.13519986922126	0.210836634945475	0.263690899305881	0.202992665737256	0.0676991207333895	0.00536707130931192	2.1122970587641e-05	
3.49428821808772e-05	7.63226110792845e-05	0.000843226919996432	0.00452786189101683	0.0170962648817597	0.0440556180338376	0.093623015956943	0.159524372200546	0.223870770187101	0.248147797357031	0.162523023221384	0.0432740009324232	0.00239818517704547	4.59774765537858e-06	
5.53516258156293e-06	6.91895322695366e-05	0.000190963109063921	0.00188656791321603	0.00891622439180095	0.0262375931637052	0.060711508248776	0.118576097876435	0.180706452800285	0.231315366810612	0.223036608642787	0.121839998745363	0.0254894236880973	0.00101662486081372	1.84505419385431e-06	
3.24298680938279e-05	0.000164002475788787	0.000448458747354649	0.00373870050738845	0.0144340710047329	0.039123392868394	0.0818715184220182	0.140144285115988	0.199068428874813	0.227529807681617	0.191062884293937	0.0869231653033768	0.0150317071453192	0.000427147691178705	
3.99237549127109e-05	0.000233043313560243	0.00104451684364651	0.00716120748004044	0.0224315795044441	0.0545497761020117	0.105107176712752	0.163212952380245	0.207053877571484	0.215566921962058	0.156213296838689	0.0590778726766464	0.008137946786277	0.000169908073233165	
0.000101619857825428	0.000516489919589791	0.00254236103018296	0.0117599347395408	0.0344015848968652	0.0738683137163501	0.129390047779979	0.180553315464398	0.209072136114672	0.194951637338306	0.121335974828109	0.0373047430369421	0.00415895583265354	4.2885444586878e-05	
1.86668334237119e-06	0.000204401825989646	0.000894141320995801	0.0044063060296672	0.0197252428788364	0.0506253855867779	0.094432710265545	0.149604403132668	0.190946772457834	0.20420862426371	0.170394588858327	0.0898322691682712	0.0225990018844168	0.002112152201893	1.21334417254127e-05	
2.79204564808498e-05	0.000465340941347497	0.0018967296769324	0.00776188690167625	0.0308632725939314	0.0678690456136498	0.116737289910199	0.167006210440203	0.19535384990521	0.191079228017992	0.143220773564167	0.0639117862484306	0.0128210736160062	0.000965117112354709	2.04750014192899e-05	
8.07280744405637e-05	0.000896359998960742	0.00369864488184008	0.0138648148079414	0.0453923755581372	0.0880065918648371	0.138458854663485	0.178763505714063	0.194097200313262	0.172142875701035	0.113958348025224	0.0429269216065444	0.00732769659605899	0.000380442649662427	4.63954450807837e-06	
0.000212827454555762	0.00184946128631427	0.00660415673394431	0.0225875915088351	0.0623342803690372	0.110323618550004	0.157970945799632	0.184516756212192	0.187198939766113	0.149138141746802	0.0856467863519051	0.0273199818957257	0.00412364810420924	0.000171005465669259	1.85875506162238e-06	
5.11725491837978e-05	0.000669895189315172	0.00355974860322201	0.0119166910899288	0.0359473201866402	0.081971910922548	0.132222423811052	0.171585279053215	0.185803804446429	0.173111151428877	0.122687582283133	0.0613419303215962	0.017106517987151	0.00193246153917724	9.21105885308361e-05	
2.97873924861302e-05	0.000134043266187586	0.00159176378597759	0.00597888818557546	0.0199100793089325	0.0526175671147187	0.104172096660089	0.152400677663179	0.180337528391108	0.179949361432774	0.151929664519492	0.0978925419816063	0.0416399821275645	0.0103734594332949	0.00100904792046766	3.35108165468965e-05	
1.38827830352391e-05	0.000113838820888961	0.000411855896712094	0.00280154561651126	0.0105231495407113	0.0313056757444642	0.0734325181054629	0.126533237696384	0.164508202410977	0.18370068719776	0.170450959068928	0.128316712556977	0.0744690992387607	0.0272759665887688	0.0056660265161156	0.000473865660936162	2.77655660704783e-06	
4.44030837941695e-05	0.000191488298862356	0.000970392393751746	0.00550320719773988	0.0173616057635203	0.0467952999335804	0.0963121388780451	0.148114811573664	0.17458089964348	0.179236747992148	0.152505166483812	0.10414835810347	0.0536898037568709	0.0173042517802861	0.00302773527621493	0.000213689840759441	
0.000123040943030193	0.00029233787968076	0.00223693985148126	0.00974151225645063	0.0272669831193377	0.0649711686391764	0.120907616604422	0.164020052898354	0.178593466248389	0.1689370650202	0.131715792073758	0.0817704204022236	0.0373498646087067	0.0104103739242012	0.00157455402283751	8.88115077511169e-05	
0.000127720185434901	0.000775576198510487	0.00411203466584975	0.0157688153582597	0.0401929870512093	0.0883851448467219	0.143303899075139	0.175300582052352	0.17639360769727	0.154526616238789	0.108837959179518	0.060195078700623	0.0250368583796011	0.00620831162244432	0.00080611798198405	2.86907662933474e-05	
1.10938437487577e-05	0.000250535971326112	0.00181754140083814	0.00710838038201651	0.0245173946847546	0.0570630342956935	0.111385889185444	0.161226831200696	0.18219234691189	0.168233518015016	0.13413566476623	0.0881895863937704	0.0438197583206139	0.0160962427924684	0.00362676241886471	0.000315250059860532	1.01693567696946e-05	
3.68929495728719e-06	4.79608344447334e-05	0.00049805481923377	0.00330745292920796	0.0124919527253744	0.0365931943575923	0.0769835955499724	0.135363921277824	0.17648111357679	0.180341038425852	0.152451813196239	0.115488767019179	0.0672189541217726	0.0304117806566576	0.0103798313623275	0.00180406523411343	0.000129125323505052	3.68929495728719e-06	
8.37268957471337e-05	0.000175734473491237	0.00113353335780735	0.0060163755086869	0.0192268235211852	0.0506492514723513	0.098927467666237	0.155340073808479	0.184968353993635	0.174521813616569	0.136456438552279	0.0944522190847638	0.0500116389585846	0.0204726061238404	0.00646077210919091	0.00104520608317301	5.79647739787849e-05	
9.8096193497518e-05	0.000274854428950593	0.00256993518247743	0.010211258481619	0.030250645028744	0.0686330943241172	0.122502711526858	0.171882114287618	0.184833588136654	0.162508375193879	0.117236056458987	0.0752943811240713	0.0358467552370411	0.0136020552077974	0.00363048459519588	0.000616340234616481	9.25435787712434e-06	
8.31015722817476e-06	0.000208677281507499	0.000852252791289478	0.00451795547971768	0.0174891875620953	0.042768685850203	0.0898364930397816	0.143215402968758	0.185720933840068	0.179355353403286	0.144644750012004	0.0976692779027379	0.0569033399445251	0.0252942719009577	0.00908392520119814	0.00214679061727848	0.000282545345757942	1.84670160626106e-06	
0.000122661190278171	0.000591933168236327	0.00208059397752141	0.00770256519860426	0.0259428417438333	0.059738787419794	0.113268316707476	0.1633819176962	0.188924252068746	0.167768913751527	0.124683241414878	0.0809758998638647	0.0412169476877901	0.0167878565421625	0.00563033448405637	0.00104726637457196	0.00013567071045919	
6.52047755977648e-06	5.5889807655227e-06	0.000190956842822025	0.00107867328774588	0.00377535650711058	0.0136147571448133	0.038418653782203	0.0792042409186049	0.136362747207605	0.174849400255789	0.185457285748751	0.152943390145323	0.105509710388332	0.0644251127809744	0.0293579844644965	0.0110829488580315	0.00322297890811809	0.000439666486887785	5.40268140667194e-05	
1.85575409031398e-05	6.49513931609895e-05	0.000262589203779429	0.00191606609824919	0.00692567426505179	0.02222265523151	0.0552671404406859	0.100687649678166	0.155360948809951	0.183253860664416	0.174347168907954	0.137245077380306	0.0855317060225715	0.0478367010630687	0.0198426506106823	0.00703609163342547	0.00193926302437811	0.000206916581070009	3.43314506708087e-05	
2.12085166025801e-05	0.000106964692430404	0.000616891200309829	0.00404344979575276	0.0119883445369628	0.0343587190055972	0.0755438140289727	0.122730919250878	0.17083921178087	0.185343070808782	0.159711195330438	0.115024850848802	0.0670668621538632	0.0340267596152959	0.0132230490469999	0.00440491668741413	0.000859405977113244	8.76003946628307e-05	2.76632825251044e-06	
1.20507280030182e-05	4.8202912012073e-05	0.000186322794508205	0.00129220883355442	0.00724156055073681	0.0188278720361003	0.0494024229379119	0.0956586788879588	0.144907223299063	0.181947453264032	0.178064337909829	0.141967772645404	0.0944712186901229	0.0513425901463978	0.0235137512711201	0.00830480555223388	0.00237121247936313	0.000417140584719862	2.31744769288812e-05	
5.79346665159119e-05	9.34430105095354e-05	0.00048870694496487	0.00327330865814902	0.0121092797319307	0.0291859899025483	0.0668453919981012	0.115800185204047	0.161638654009499	0.185330194894087	0.163350529962034	0.123853103849759	0.0757486420394498	0.0387311934260973	0.0164020516347387	0.00543464549123458	0.0013885631361717	0.000260705999321604	7.47544084076283e-06	
8.3923204672844e-06	2.23795212460917e-05	0.000234052493032043	0.00147611592219013	0.00635112163363045	0.0187158071220961	0.043122540001063	0.0858030844575157	0.13507812784115	0.1745528058791	0.18175341684003	0.146560687200499	0.104732429511502	0.059060489048488	0.0276200591378849	0.0109137465276774	0.0031583099358547	0.000697495078836526	0.000124019846905425	1.49196808307278e-05	
8.38461144313137e-06	0.000114589689722795	0.000599965529930734	0.0028889644539056	0.010682926602043	0.0284946361777351	0.059845629987097	0.107829829652644	0.152596201771016	0.178060266723806	0.171444808295176	0.130385366058161	0.0846556952473227	0.044167338211935	0.0190367944698829	0.00709338128088914	0.00157537532781502	0.0004276151835997	9.22307258744451e-05	
4.62140096846079e-05	0.000341059391472406	0.00129306799097533	0.00561869929745462	0.0180077510137043	0.0421739809579795	0.0789945310340939	0.128979603908966	0.165646723472927	0.175172355149119	0.156235702540754	0.110542986885388	0.065921511974512	0.032489373088473	0.0129778181996316	0.00447259185727635	0.000828155053548173	0.000216281565323965	4.15926087161471e-05	
0.00014962323400982	0.000866529649725584	0.00259499927942185	0.0102845319867854	0.0273305654564931	0.0586991223633495	0.100534880113236	0.14650593031229	0.172261321108901	0.168976035498342	0.13637561122927	0.0902136307684117	0.0510261124671035	0.0227289625602279	0.00847436623545189	0.00236826959352967	0.000480079456362797	0.000107398272264717	2.20304148235318e-05	
3.39273990338944e-05	0.000286090499961488	0.00154507209113816	0.00478192935031782	0.0170737343246247	0.0392503328552932	0.0773077050040163	0.120921834940453	0.160860802300461	0.175642144798471	0.15799072773354	0.114611338720148	0.070479128230897	0.0368607436152303	0.0151765508489185	0.00537611731177629	0.00153406861037041	0.000194394826896908	6.6937841337143e-05	6.41869711452056e-06	
0.000137113397350055	0.00065631612864893	0.00249637792108667	0.00946722304236347	0.0260332637101971	0.0546826510418333	0.0993569381664282	0.140124407555862	0.166630255442259	0.169507808607979	0.140795349113562	0.0953175774804956	0.0544395032838659	0.0258513599363794	0.0100942883129111	0.00334191053807868	0.000919573851561036	0.000112432985827045	3.56494833110143e-05	
1.8163258633905e-06	0.000197071356177869	0.00136406072340626	0.00440095756699518	0.0156876064821037	0.038382598145168	0.0729027793418362	0.118294578993828	0.153896382242145	0.169900937587411	0.158901268158718	0.122144281661284	0.0757244415706133	0.0408764135556032	0.0181968606623777	0.00640890580897338	0.00214326451880079	0.000490407983115435	6.72040569454485e-05	1.8163258633905e-05	
1.44009216589862e-05	0.000511232718894009	0.00275507632488479	0.00717705933179724	0.0234762024769585	0.0530745967741936	0.0910192252304148	0.137062572004608	0.166614163306452	0.167372911866359	0.141853578629032	0.10264166906682	0.0592516921082949	0.0296136952764977	0.0120643721198157	0.0039737543202765	0.00121777793778802	0.000261016705069124	4.14026497695853e-05	3.60023041474654e-06	
7.11310558189706e-05	0.00115160278977802	0.00455778993108391	0.0112387068193973	0.0333577639997623	0.0699083219733736	0.110748352730802	0.15375562970793	0.171412338627045	0.159881004046367	0.124050760562061	0.0836897389400212	0.0441696844842458	0.0210349838739594	0.00767495088355576	0.00247067869831969	0.00069870505462685	0.000104445600949374	2.25098277908135e-05	9.00393111632539e-07	
1.08589914711671e-05	3.80064701490849e-05	0.000257901047440219	0.0023012012759315	0.00772345768386761	0.0173182815645997	0.0493459719928512	0.089296201615275	0.133230776191661	0.165976969888922	0.167583195710698	0.143876207497229	0.105182001221637	0.064888808451915	0.0327335248738773	0.0134081397190236	0.00502771305115037	0.00141347872316359	0.000358346718548515	2.80523946338484e-05	9.04915955930593e-07	
4.06382187094747e-05	8.75979381070898e-05	0.000791993729071317	0.00359332160544444	0.0107275866677744	0.0278525320319471	0.0665356008857326	0.107889052244494	0.1540387164825	0.169113689480662	0.159962865698815	0.125125075406472	0.0871725914179307	0.0503868758421142	0.0241923831335137	0.00867851737329003	0.00297562068106042	0.000673691359050402	0.000148103730407863	1.17399298494038e-05	1.80614305375443e-06	
2.69513931624316e-06	0.000101516914245159	7.99557997152136e-05	0.00166469771766619	0.0065384079812059	0.0170665205302237	0.0430916841476397	0.0856317631152217	0.128345229378815	0.165745677670322	0.170469358511924	0.144772103511317	0.106255867542886	0.0688060083639157	0.0368632171878018	0.0167080670011634	0.00550527124331269	0.00178238546780881	0.000516568368946605	4.40206088319715e-05	8.98379772081052e-06	
3.42455877263814e-05	0.000166721940246857	0.000288383896643211	0.00293430614834468	0.0106656981774138	0.0245270504095051	0.0586086197946707	0.105381784231169	0.147987801361172	0.173541318202792	0.165380955127466	0.126756438170493	0.0877218753604799	0.0531329305571577	0.0261942698119737	0.0114398286999654	0.00382919742761564	0.00104719402468566	0.000356875072095974	4.50599838505018e-06	
5.91944177870257e-05	0.000413464039391194	0.00088881315192337	0.00536696054602366	0.0167394638420765	0.0367480739392091	0.0760092199790129	0.12663838488928	0.161085948500857	0.175369740889889	0.152117097321004	0.109071992968421	0.0721553046270303	0.039492542400244	0.0176937496076128	0.00725938814497251	0.00205835134577612	0.000657416791483179	0.000173995712889136	8.96885117985237e-07	
5.33497887792946e-06	0.000136041961387201	0.000701549722447724	0.00194726729044425	0.00999508292780084	0.0248156542506889	0.0530812615091055	0.0993373067070465	0.144950486950197	0.170597508742697	0.167927351814293	0.133997775313808	0.0909845081105016	0.0556829528752424	0.028333183657537	0.0114266355933786	0.00460675426109209	0.00116924953741287	0.00027652973850601	2.75640575359689e-05	
2.02826340968716e-05	0.000382724486871404	0.00118344760686964	0.00449480808659803	0.0159985890341498	0.0355157741572786	0.0704645164135012	0.12128838819198	0.162127031019202	0.171272735289579	0.155798849180978	0.116429374545294	0.0717564320201063	0.0427505015542671	0.0197993782931722	0.00714213276306797	0.0027734297493331	0.000656980974007364	0.000138451024052558	6.17297559470006e-06	
0.000109551967509516	0.000555647579208264	0.00229357999177922	0.00796398983007175	0.0234914474970005	0.049516612898561	0.0915442532981715	0.13906964963528	0.17303777088915	0.169249902060541	0.140163416478895	0.0972181687994244	0.0552869341312222	0.0308559689608601	0.0133066201815758	0.00426025691251005	0.00164240309690266	0.000364588947871668	6.92368434660139e-05	
2.70418800212846e-05	0.000281758943447578	0.00134337081396059	0.00437206137634446	0.0134180064028193	0.033886964941511	0.0675863813602938	0.111915873583572	0.154416113471218	0.173445746137809	0.158960021633504	0.125453387649712	0.0787224020168009	0.0410085748929229	0.0221220024948315	0.00859321161579595	0.00298856390170713	0.00114797142283905	0.000248610832453745	6.19346284358453e-05	
0.000145108573556498	0.000591798218661137	0.00232610791707132	0.00748183301849435	0.0216316672363198	0.0482048933058618	0.0865695021989194	0.132394964557668	0.16419122512721	0.169737694399596	0.145212597172481	0.10584796292913	0.0610627367302143	0.030664238866195	0.0158028481491227	0.00546779594937284	0.00178850687648551	0.000764005381255294	0.000105771912050218	8.74148033472877e-06	
3.48230640117563e-06	0.000268137592890523	0.00112304381437914	0.00406559272337254	0.0123499996517694	0.0328790664633	0.0627259146277763	0.10610065258422	0.147830000766107	0.167498937896548	0.161557252599542	0.132757708085219	0.0854470933188469	0.0459037629802971	0.023788505603031	0.0107298565986224	0.00350755312258415	0.00103076269474799	0.000401335812735491	2.95996044099928e-05	1.74115320058781e-06	
0.000105802210572416	0.00046570317276547	0.00250889996054098	0.0072821406735785	0.0193973610153543	0.0454628629904735	0.0823149870565738	0.127131762777568	0.160701416622221	0.166437284005221	0.148962574636088	0.112302108672746	0.0665513249125181	0.0334300296159466	0.0170653762265902	0.00685806460005464	0.00225740290262294	0.000574107077040487	0.000145694847345622	4.50960241784068e-05	
0.000194963866696706	0.000929761017624734	0.00431693326170216	0.0122315997435142	0.0290972739718905	0.0620141067188881	0.10115331958477	0.144408436303138	0.167713117168951	0.161559191029929	0.132574562847686	0.0925549798104085	0.0499618737327349	0.0231946345943885	0.0121692113061713	0.00419735542346152	0.00132228826924077	0.0002972115834532	8.49175952723429e-05	2.42621700778122e-05	
9.50342857784647e-06	0.000452708779526505	0.00176677376742691	0.00732023184909938	0.0197273898315042	0.04141766963836	0.0809934020287228	0.121197224653276	0.156091222546971	0.170173575803234	0.148066009087006	0.113931421531486	0.0724575952697116	0.0372715829342613	0.0174094172065622	0.00820318675878657	0.00267910291090017	0.000656600519923938	0.000119224831249347	5.52926753620158e-05	8.63948052531497e-07	
5.07018336876733e-05	0.000943569718458733	0.00320280905345692	0.0118204020741347	0.0293830016516767	0.058360388633852	0.0993154393099051	0.139153330938603	0.166803876713765	0.163145610510232	0.13197085761722	0.0949628157907853	0.0556156147898108	0.0261277720583054	0.0120996918359736	0.00510541684641469	0.00149785247656974	0.000322257417506398	0.000100544314261996	1.80464153803583e-05	
0.000113940243521375	0.00131376553514798	0.00609321347740444	0.0199369530652515	0.0421276786747023	0.0767741445418307	0.117118485768691	0.153975564996867	0.168399364006277	0.150730857607497	0.113628634219017	0.0771712090268295	0.0418514599025293	0.0181708792906702	0.00821491892115853	0.0032179486958158	0.000795855337323544	0.00027535558850999	6.99178767062983e-05	1.98532242499366e-05	
0.000332942010865701	0.00251267173825209	0.0109714797018088	0.0304919391617838	0.0578521425338621	0.0958820969104022	0.136452468192766	0.159526910211436	0.165621309675954	0.135947852957548	0.0949604371251151	0.0590781321259561	0.0301433904941588	0.0126465941939769	0.00505568975353621	0.00174794555704493	0.000541030767656765	0.000179476552732292	5.54903351442835e-05	
0.00069430565988326	0.00476710610644412	0.0178452060175454	0.0464349213349965	0.0738806690143272	0.114196914043926	0.15155934504407	0.163216961043078	0.153789565085556	0.118012149487627	0.0760187169644888	0.045579529870649	0.0209721657512628	0.00801897194522738	0.00348531104204426	0.000974267619513607	0.000423819335809633	0.000102509148295419	2.75654852559111e-05	
