# <P(U)> as a function of N_tot.
# number_of_species: 1
# species_total_upper_bound: 103
# species_total_lower_bound: 0
# volume: 729
# Bin widths for each
10	10	10	10	10	10	10	10	10	10	10	10	10	10	10	10	10	10	10	10	10	10	10	10	10	10	10	10	10	10	10	10	10	10	10	10	10	10	10	10	10	10	10	10	10	10	10	10	10	10	10	10	10	10	10	10	10	10	10	10	10	10	10	10	10	10	10	10	10	10	10	10	10	10	10	10	10	10	10	10	10	10	10	10	10	10	10	10	10	10	10	10	10	10	10	10	10	10	10	10	10	10	10	10	
# Bin lower bound for each
0	0	0	0	-10	-10	-10	-10	-10	-20	-20	-20	-20	-20	-20	-20	-20	-30	-40	-40	-40	-40	-40	-50	-50	-50	-50	-60	-60	-60	-60	-60	-70	-70	-70	-80	-80	-100	-100	-100	-110	-110	-110	-110	-120	-120	-130	-140	-140	-150	-150	-150	-160	-160	-160	-160	-170	-170	-170	-170	-180	-190	-200	-200	-200	-200	-210	-220	-220	-220	-230	-230	-240	-250	-250	-260	-260	-270	-270	-270	-270	-280	-280	-290	-290	-290	-310	-310	-320	-320	-320	-330	-330	-330	-340	-340	-350	-350	-350	-360	-360	-360	-360	-360	
# Bin upper bound for each
0	0	0	0	0	0	0	0	0	0	0	0	0	0	0	0	0	0	0	0	0	0	0	0	0	0	0	0	0	0	0	0	0	0	-10	-10	-10	-10	-10	-10	-10	-10	-10	-10	-10	-20	-20	-20	-20	-20	-20	-30	-30	-30	-30	-30	-30	-30	-30	-30	-40	-40	-40	-50	-50	-50	-50	-50	-60	-60	-60	-70	-70	-70	-70	-80	-80	-80	-90	-90	-90	-90	-100	-100	-100	-100	-110	-110	-120	-130	-140	-140	-140	-150	-150	-150	-150	-160	-160	-160	-170	-170	-180	-180	
# Normalized histogram for each
1	
1	
1	
1	
2.28667808786149e-05	0.999977133219121	
0.000114812882556525	0.999885187117443	
0.000468672892970734	0.999531327107029	
0.0015053514416635	0.998494648558336	
0.00383903746111656	0.996160962538883	
6.4138862469786e-06	0.00921675453690825	0.990776831576845	
8.2561308651783e-06	0.0198954406893319	0.980096303179803	
2.11457697427939e-05	0.0400592817057833	0.959919572524474	
5.8762228741157e-05	0.073461967524687	0.926479270246572	
0.000182597453361949	0.123984588407906	0.875832814138732	
0.000482644488831863	0.192921336274992	0.806596019236176	
0.00100110213078619	0.279518736223365	0.719480161645849	
0.00243213246984202	0.379043937461553	0.618523930068605	
1.29028452617066e-05	0.00516113810468263	0.485799497157687	0.509026461892368	
9.22544969454536e-07	5.35076082283631e-05	0.00984170973414099	0.590173235494364	0.399930624618297	
2.77704751713438e-06	0.000217535388842193	0.0180674711464763	0.682763051197648	0.298949165219516	
1.38959526648268e-05	0.000582703615078406	0.0320950186715284	0.755707299358655	0.211601082402073	
2.03883423165605e-05	0.00135397127838613	0.0548548350027061	0.800754924711412	0.143015880665179	
5.37255421416668e-05	0.00270387685364699	0.0878959132462177	0.818927323236019	0.0904191611219746	
9.29006269863315e-07	0.000130060877780864	0.00530834182599898	0.133866087462224	0.806541876351124	0.0541527044766025	
2.60230545675572e-05	0.000277889046989272	0.00969637601083303	0.192735106680583	0.766410556437964	0.030854048769063	
5.28155311018617e-05	0.000629153431897616	0.0170251327800984	0.262299532628879	0.703294391917185	0.0166989737108377	
0.000132740059014018	0.00127946667994067	0.0284791953002645	0.341036865785973	0.620409521518178	0.00866221065663004	
9.20767072632869e-07	0.00025689401326457	0.00281938877640184	0.0461930424998458	0.421184640500308	0.525215666667587	0.00432944677551975	
2.76476291236439e-06	0.000436832540153573	0.00558389949533861	0.0712829605818536	0.495409571977838	0.425344028665062	0.00193994197684235	
6.48401505032522e-06	0.000904056955588202	0.0102169551435839	0.105897860089776	0.553704317798251	0.328485760176662	0.000784565821089352	
6.31628617234916e-05	0.00194132913238379	0.0174840374444306	0.149916123435094	0.588943526828426	0.241299780230396	0.000352040067547107	
0.000227887079173159	0.00339236782086223	0.0289620392002831	0.205102076736805	0.594781571160983	0.16739047061461	0.000143587387283901	
2.13110561759441e-05	0.000492933995026185	0.00567708005173954	0.0443677658229959	0.263620544599408	0.575448551404121	0.110320851849244	5.09612212903011e-05	
8.79488748561573e-05	0.000958179847117082	0.0097771375511145	0.0655154313244267	0.32666063676837	0.528236680605792	0.0687575045849137	6.4804434104537e-06	
0.00020991056509596	0.00211396657592214	0.0162578519090251	0.0949836018981116	0.383290190210551	0.462782206643019	0.0403622721982745	
3.43989252660106e-05	0.000353286259488758	0.00393635269125105	0.0262175592567973	0.134338029871283	0.428063015112285	0.384662727834774	0.0223946300488558	
9.61418194512636e-05	0.000749532825430725	0.00707435776331191	0.0399436590269701	0.179111276221981	0.456927531470111	0.304237520698494	0.01185998017425	
4.65961945819809e-06	8.38731502475656e-06	0.000207819027835635	0.00175294884017412	0.0118317057282566	0.0596748144772513	0.227017591927302	0.466391562733855	0.227417387276816	0.00569312305402642	
3.73946755591205e-06	6.17012146725488e-05	0.00056465960094272	0.00334962806320822	0.0191142884120445	0.0841155832026857	0.274519922480838	0.453951729083055	0.161631006169187	0.00268774230581179	
8.41619387918273e-06	0.000202923785753628	0.00111654838797158	0.00608210277668939	0.0300542283425615	0.116623198583835	0.316455435785843	0.418206284652509	0.109954767633563	0.00129609385739414	
1.21748039622431e-05	2.52861313061973e-05	0.000356815408431895	0.00230197447224566	0.010862734704466	0.0450645686045521	0.152100762423685	0.352014789577244	0.365537250685769	0.0712366510298479	0.000486992158489725	
2.06091309691538e-05	0.000103982433526185	0.000753170059054528	0.00413213075931533	0.0179927081147516	0.0645131373842142	0.191456016367397	0.374196243892203	0.304054940196049	0.0425934530411583	0.000183608621361552	
3.85572443419595e-05	0.000271781551581129	0.00150279210874271	0.00749327129065203	0.0275468000308458	0.0884945182883593	0.231376380772537	0.376344096133555	0.242532590275675	0.0243540721152128	4.51401884979038e-05	
4.89944363048773e-05	0.000526690190277431	0.00282000668962496	0.0124954656591401	0.0412778125868591	0.119168602103934	0.267128973142569	0.361420650212702	0.182189580202479	0.0129072073642407	1.60174118689022e-05	
1.87611452928755e-06	0.000167912250371236	0.00118664243977438	0.00545949328022678	0.0201494700445483	0.057799336418291	0.153344221051318	0.292823017673937	0.332804894407584	0.129664841519915	0.00659641868497504	1.87611452928755e-06	
1.88543351772873e-05	0.00033466444939685	0.00236150548095524	0.008986918862254	0.0306646907323401	0.0801186691856058	0.187329132587456	0.308945250781512	0.290581128318834	0.0873163116395353	0.00334287362693304	
1.52353238601359e-05	5.61802567342512e-05	0.000817946449741047	0.00429064808211078	0.0153391145039331	0.0438701150552614	0.106493009366868	0.217591847578202	0.312595518339045	0.241379901370322	0.0559507746686079	0.00159970900531427	
3.82109992271825e-06	5.06295739760169e-05	0.000224489620459697	0.00184750181263428	0.00775396701817602	0.0234911670498911	0.0621492349680317	0.135654778906382	0.242948398911369	0.301223038557764	0.190234414927509	0.0337393570426215	0.00067920051126317	
1.05349958195221e-05	9.09840548049637e-05	0.00060049476171276	0.00367671354101322	0.0126908390549534	0.0358027044291996	0.0837369354080252	0.163797157275037	0.259718294211786	0.27749083215932	0.142663955661076	0.0194677145475842	0.000252839899668531	
2.40342786495812e-05	1.63433094817152e-05	0.000161510352525186	0.00146801373991642	0.00632582214056977	0.0200686226724003	0.0512795369267464	0.108422476472845	0.188319148302074	0.268279270626939	0.243677783001228	0.101120862619102	0.0107644727215744	7.21028359487435e-05	
2.59515321496231e-05	2.21068607200493e-05	0.000384467142957379	0.0026249494185415	0.0109188668599896	0.0299038543792249	0.0702113896468765	0.13438760631718	0.209084766354511	0.263678139486602	0.204863317124839	0.0684572583071335	0.00541714204426947	2.01845250052624e-05	
3.65935629996707e-05	7.60760914993153e-05	0.000838762983492451	0.00455686158195899	0.0174040911603434	0.0439719808866042	0.0933973656486594	0.158193972847576	0.222138335224001	0.24885934012176	0.164331098558021	0.0437447156006063	0.00245080573247794	
5.79378192011727e-06	7.24222740014658e-05	0.00019119480336387	0.00188297912403811	0.00903926542570295	0.026629187335179	0.0606802093100282	0.11808306931391	0.179240300002028	0.230478576042905	0.223641913377167	0.123284919847855	0.0257359792891609	0.00103419007274093	
3.39705232916466e-05	0.000168882030078472	0.00042996976623427	0.00374743401225851	0.0146616778526747	0.0396843653093016	0.0817612260447149	0.139534409713628	0.197266828754592	0.227254065543698	0.191854839101043	0.0879768612207065	0.0151984121206827	0.000427058007094986	
3.69730369263341e-05	0.000240324740021172	0.00105178560308861	0.00716595834111713	0.0227384177096955	0.0550178248956971	0.104702775702099	0.162701794943645	0.205563274487826	0.21569194065633	0.156823082072358	0.0598982657699732	0.00820120337505449	0.000166378666168504	
9.87281661683012e-05	0.000541538654032068	0.00259430250505615	0.0116166883836049	0.0348109648869856	0.0745231478449401	0.128861761994739	0.179981446924813	0.207901967818528	0.194823907074313	0.122190279478911	0.0378089776160765	0.00420425586821647	4.20327836162075e-05	
1.95780921149234e-06	0.000207527776418188	0.000930938280064608	0.00451470804170134	0.019417551759581	0.0512221624002741	0.0947795017375557	0.148664284665459	0.190336253732074	0.203574959620185	0.170566296314424	0.0906681023934218	0.0229318192942098	0.00217121041554501	1.27257598747002e-05	
2.9247976040058e-05	0.000481616672126289	0.00191866722822781	0.00780823467016083	0.0303204018281935	0.0686362253732042	0.116906110097181	0.166079757280796	0.194705726363736	0.190916163601479	0.143682632161854	0.0644391408114559	0.0130592213018859	0.000995406117896642	2.14485157627092e-05	
8.45994894858393e-05	0.000892670475264373	0.00371168105020056	0.0138120821684697	0.0446665856326729	0.0890404764798833	0.138378509784855	0.178291965479519	0.193650176248936	0.171954783031482	0.114392123495806	0.0432643734046433	0.0074583687857056	0.000396742433450833	4.86203962562295e-06	
0.00021441533810375	0.00186346421115622	0.00664297702052345	0.0222348705613588	0.0615576689544133	0.111351732768316	0.15780676499884	0.183599955557548	0.187276203990854	0.149229176859517	0.0862066612997858	0.0276186447781094	0.00421618523925828	0.000179329191868591	1.94923034639772e-06	
5.36450337378494e-05	0.000672025968097786	0.00363615792317641	0.0118818872908088	0.0355549529971968	0.0812215071718533	0.133425927912779	0.171550965708144	0.184612068376935	0.173210060297018	0.122746664741948	0.062066328670442	0.0172824791418355	0.00198876770529954	9.65610607281289e-05	
3.12214920946206e-05	0.000134642684658051	0.00161278520101275	0.00607940991379941	0.0197446667349637	0.051991589710567	0.10366511047042	0.153927810056247	0.180373389532019	0.17866791552635	0.151814505310093	0.0983076975613088	0.0421197441788992	0.0104699322396054	0.00102445520935474	3.51241786064482e-05	
1.45659492774804e-05	0.000119440784075339	0.000421441465761765	0.00285298393181582	0.0106078953271464	0.0307526031779017	0.0725180350728637	0.126095480768577	0.166012008168584	0.183860151349924	0.169618537209689	0.12840272713413	0.0750282336650162	0.0275286730711527	0.00567877809164701	0.000485531642582679	2.91318985549607e-06	
4.66537591266416e-05	0.000201194336233642	0.00100694363448335	0.00563635727448739	0.017252171343706	0.046017129705226	0.0951454819722099	0.148436710287931	0.175495890581384	0.17929914390352	0.151769538205541	0.104740605099256	0.0542038924786365	0.0175252902252599	0.00301791504350463	0.000205082149494195	
0.000129415198988032	0.000307482728422691	0.00230514741656125	0.00986669261457624	0.0268774934319354	0.0640371703804612	0.119519314975187	0.164783497129513	0.179364600564367	0.169268268950083	0.131262041451786	0.082323635302131	0.0377522623333658	0.0105711783594434	0.00154617106159385	8.5628101586066e-05	
0.000134357566375559	0.000805171792699906	0.0042303161297232	0.0156584981160733	0.0395186494143763	0.087532980888123	0.142309976536106	0.176269338240305	0.177092034932967	0.154726368159204	0.108524890225974	0.0607422768739473	0.0252524072397309	0.00637419555841147	0.000800303764932675	2.82345610499362e-05	
1.16773433265443e-05	0.000263713336791124	0.00186642870835932	0.00727985045215647	0.024385212201656	0.0561290969229227	0.110596118645701	0.15986769570011	0.183331370890913	0.169013001748682	0.134705940167239	0.0883225593622614	0.0439535202811126	0.016195502081973	0.00374064231226968	0.000326965613143239	1.07042313826656e-05	
3.8806543559375e-06	5.04485066271875e-05	0.000520007683695625	0.00338781125273344	0.0127169043244072	0.0363258352623419	0.0760530640676631	0.134382209528171	0.175910061954647	0.180855955931289	0.153359579492294	0.116047087859955	0.0677765984900374	0.0301585053271683	0.0104428408718278	0.00186950523597289	0.000135822902457812	3.8806543559375e-06	
8.8037196199115e-05	0.000150920907769911	0.0011628649432015	0.00609488281378488	0.0193739878141041	0.0500196390668444	0.0979012319402818	0.15467458162983	0.185124809655842	0.175052773945634	0.137194844696581	0.0946109626625544	0.0506668575751654	0.0202553272178118	0.00648572926724029	0.0010815998390177	6.09488281378488e-05	
0.000103237368031478	0.000240562546262028	0.00253613307881102	0.0103120495539367	0.0304394405703378	0.0675980754996299	0.121558105107328	0.171787954341813	0.184943901203787	0.163080953679536	0.117732478865558	0.0756710428922046	0.0361827496201644	0.0135387042736375	0.00362596906774709	0.00063890295687405	9.73937434259223e-06	
8.74318638627592e-06	0.000219551124810929	0.000804373147537384	0.00450954124501031	0.0175475750772558	0.0424452555099075	0.0884470449487212	0.142443992605207	0.185848084222143	0.18006300922989	0.14493191486468	0.0984482787094668	0.057354331228816	0.0253950705915154	0.00908708505080277	0.00214790945556178	0.000296296871979351	1.94293030806131e-06	
0.000129001615452048	0.000561938855188846	0.00208454883150923	0.0077469379218817	0.0259557113999314	0.0596143828982949	0.11120721079939	0.16312352002408	0.189167187070911	0.168457541366029	0.124908746016342	0.0816492270164565	0.0416020436983199	0.0168708703602175	0.0057141851935464	0.0010642633274794	0.000142683604969689	
5.87847430077998e-06	0.000200847871943316	0.00104636842553884	0.00382296778694058	0.0137879614724794	0.0386039407332221	0.0787274670731958	0.13457787165919	0.174713154947765	0.185576575455606	0.153432098233225	0.105754732416749	0.0650707915267671	0.0297754520791674	0.0110770050741031	0.00331447975992311	0.000455581758310448	5.68252515742064e-05	
2.93589473838731e-06	6.85042105623706e-05	0.00027695273698787	0.00190931021153122	0.00690816031942535	0.0223421589591275	0.055547128450288	0.100144348157971	0.153519893133432	0.182865139675192	0.17498715546052	0.137820685335695	0.0857809724662005	0.0484569426570826	0.0201226225369066	0.00699623716157697	0.00199640842210337	0.000218234842220124	3.62093684401102e-05	
6.81301012413304e-06	0.00011290131062849	0.00064918253611382	0.0039680917537272	0.0119967375414377	0.0341954711001843	0.0758404821275279	0.122091087998785	0.169452214520276	0.185090019329483	0.160205013207507	0.115392925759602	0.0677135343365977	0.0344660449308285	0.0134673744410898	0.0043651929152481	0.000891531039100838	9.24622802560913e-05	2.9198614817713e-06	
1.27045679762796e-05	2.15000381137039e-05	0.00018959124518448	0.00134570693102592	0.00723280827634194	0.0188428288577421	0.0493943830173154	0.0959888747075506	0.143753163926063	0.180963866254127	0.178003701915653	0.142770025819591	0.0943978718871365	0.0519040238298604	0.023934428792851	0.00848469685923534	0.00231907229290088	0.000416318919838085	2.44318614928454e-05	
6.12320279060029e-05	5.33311210794219e-05	0.000505658036901185	0.00330652950692416	0.012210851500481	0.0291948383375702	0.0666036569347247	0.115439162029822	0.160444702540734	0.184693573204865	0.163398654080522	0.12487284478076	0.0758852472292507	0.0392635564746944	0.0167983155266646	0.0055997677133393	0.00138562153471165	0.00027455651222369	7.90090682658102e-06	
8.87062197844439e-06	1.37987452998024e-05	0.000170513066918987	0.00150800573633555	0.00638980469847277	0.018732782369146	0.0432255552762952	0.0855246233681752	0.134727006608613	0.173272815978947	0.181307628242089	0.146931011201624	0.105519990932253	0.0593296766658289	0.0280134242079274	0.0112863880305741	0.00319046703824717	0.00070275038562565	0.000129116831019579	1.57699946283456e-05	
8.86118946699945e-06	7.58123987732175e-05	0.000535609674449745	0.00295077609251082	0.0108392038713552	0.0282337187950751	0.0597805378742006	0.10728734376	0.152697001471942	0.177001275026707	0.171347836146761	0.130889614193656	0.0854208818852673	0.0442754254601665	0.0192051513048101	0.00733706487867555	0.0015772917251259	0.000439121166920195	9.7473084136994e-05	
4.88640095069817e-05	0.000212069801260301	0.00128121432927306	0.00575911216049286	0.017973159976858	0.0421667083639548	0.0788127609338108	0.128763506012228	0.165280557596985	0.174336035838819	0.15649187684706	0.111235008521883	0.0664902350163401	0.0323587243757134	0.013067213422357	0.00460494425593795	0.000846324644660923	0.000227706284302535	4.39776085562835e-05	
0.000158276860214344	0.000749630282732966	0.0026188508711539	0.0104550119872874	0.0273721865802585	0.0586838162395943	0.100793229246068	0.145884655980875	0.171971207205773	0.168138576731748	0.136361826728592	0.0911354277019462	0.0512176151464158	0.0227491428288445	0.00867318353027312	0.00241299385050702	0.000487453888512887	0.000113609770828701	2.33045683751181e-05	
3.59156351437402e-05	0.000302856166617485	0.00128616801528259	0.00489811607933278	0.0174258778946061	0.039255789212108	0.0775903909174212	0.121146349418361	0.160020656343672	0.17539643095656	0.157445408234582	0.114430125646481	0.0712148803329865	0.0369707782626928	0.0152689984002982	0.00548926801994191	0.00153951884697221	0.000204816189603491	7.08605774457577e-05	6.79484989205896e-06	
0.000145497436335172	0.000677048070412999	0.00237839809262561	0.00959507093485013	0.0264785934471835	0.0546692067285774	0.0991332232726059	0.140336157276909	0.165583842412697	0.168954533021128	0.140814358850997	0.0956228551252927	0.0550969691914028	0.0258190050691307	0.0102226498769092	0.0033910602495184	0.000924393712182791	0.000119307897794841	3.78293334471447e-05	
1.92448327624033e-06	0.000208806435472076	0.00134810053500635	0.00420499595858512	0.0160703975982449	0.038829336823063	0.0732631538431931	0.11816134867788	0.153312997960048	0.169035064085293	0.158933451368308	0.122156575959355	0.0757611331357531	0.0412445633347446	0.0182210076594434	0.00645375466687194	0.00220064662638082	0.000502290135098726	7.12058812208922e-05	1.92448327624033e-05	
1.52590655538993e-05	0.000541696827163426	0.0026255129668678	0.00697816141611758	0.0238976040406006	0.0534153126630217	0.0912673321526631	0.137361154424604	0.165287151771434	0.166266593041675	0.142597874984383	0.102736427299613	0.0594645784635456	0.0298104919427365	0.0121509846388894	0.0040531892877545	0.0012083272535494	0.000274663179970188	4.38698134674605e-05	3.81476638847483e-06	
7.53124752731984e-05	0.00116210009313961	0.00428804447821324	0.0111043001516736	0.0340479120807884	0.0703428052276391	0.111064927933588	0.153868153595503	0.169813425259042	0.159092360741037	0.124796584817577	0.0838408981060342	0.0443952741898427	0.0210226671484123	0.00778101801493475	0.00249770487614911	0.000671139020156097	0.000110585406730266	2.38330617953159e-05	9.53322471812638e-07	
1.14946492407784e-05	4.02312723427245e-05	0.000272997919468487	0.0023267085838209	0.00739297523669399	0.0172046162511351	0.0504423524182826	0.0896304853424064	0.133858064071175	0.165645558659111	0.166009555885069	0.142885195274933	0.105720120617186	0.065126766823377	0.0330384955803074	0.0135464441302574	0.00507009820262001	0.0014186312937994	0.000328555390798916	2.96945105386776e-05	9.57887436731535e-07	
4.29891810561009e-05	9.26655680542619e-05	0.000821571015738817	0.00364548255355735	0.0105285280982064	0.0278952019297366	0.0675111652456354	0.108333691576509	0.154404719256765	0.168784122662463	0.157832389959638	0.124542523464928	0.0881612571947171	0.0503718564161353	0.0245716605765327	0.00870005493062024	0.00292804088748776	0.000700245993647154	0.000117503761553342	1.24190967495403e-05	1.91063026916004e-06	
2.85379169032936e-06	0.000107492820335739	8.46624868131042e-05	0.00167707825001688	0.00655135445709942	0.0167194142497429	0.043029471106786	0.0865906987318701	0.12867461352526	0.165997452515284	0.170436049857643	0.142725732544545	0.106238103255891	0.0693214539497904	0.0370155807513653	0.0169705479184919	0.00550401290674855	0.00176649705631387	0.000538415365575472	3.90018197678345e-05	9.51263896776452e-06	
3.61925788069593e-05	0.000176200712612828	0.000304779611005973	0.00292302695680416	0.0107691970676392	0.0243842737530466	0.058631977667274	0.105873769809484	0.148446719285597	0.173451029059783	0.165316270754777	0.12471486438736	0.0884975222370061	0.053190709174533	0.0263196242829345	0.0116311519050154	0.00390403632972963	0.00105339453053939	0.000373355023482317	1.90487256878733e-06	
6.25382573051317e-05	0.000433030054370382	0.000912490027043059	0.00539250336853795	0.0170018780428179	0.0363555735800499	0.0762227650627183	0.126719565188553	0.16152873822433	0.175576157384157	0.151906374543518	0.107631183470191	0.072800216799292	0.0393536197332838	0.0178508822632027	0.00730086776569758	0.00213388114319934	0.000640543362701046	0.000177191729031207	
5.63962778456622e-06	0.000143810508506439	0.000717172666604004	0.00197856941441865	0.00998590093053858	0.0249525331328132	0.0526346461133565	0.0995178118244196	0.145350126891625	0.171033931760504	0.168371087508224	0.132948585393364	0.0902641225679105	0.0562543472130839	0.0280430491587555	0.0116270326158474	0.00463295422502115	0.00122473916721496	0.000288560954976972	2.5378325030548e-05	
2.14733720849897e-05	0.000405193194995024	0.00122584945859094	0.00452341251094675	0.0156764952469158	0.0355543024235034	0.0703458333255531	0.121330154029432	0.16203433125384	0.172097873762714	0.156066601063959	0.115589294683753	0.071546474912566	0.0432464377542961	0.0194399371110285	0.00720011502258439	0.00284942311319081	0.000693683280832495	0.000146579105101886	6.53537411282296e-06	
0.000115958054724781	0.000531551722858394	0.00234142504100277	0.00777104499543589	0.0228910476671095	0.0495818088714405	0.0911411756848019	0.139324066584043	0.173173614254863	0.169702293928622	0.140309246216984	0.0970791557511484	0.0554242395006939	0.0309941965312771	0.013191388305491	0.00424313713848917	0.00172545585430473	0.00038590840612407	7.32854905860613e-05	
2.86052803502025e-05	0.000253756519235667	0.00131030639023508	0.00435353911910501	0.0131713474747997	0.0332531770316208	0.0676210372459205	0.111402802948374	0.154554329732144	0.174016070631051	0.159381240103496	0.125327115222069	0.078456901992773	0.0415819273684249	0.0222170753223169	0.00854651956785726	0.00298140841327433	0.00121434028841505	0.000262984029026055	6.5515319511754e-05	
0.000153707688717856	0.000578718707522047	0.00229265203171934	0.00737241335886486	0.0207338708781339	0.0475771594078365	0.0863457571122214	0.131870085520736	0.164770012555881	0.170801650413159	0.145858411143993	0.105716629690399	0.0607858351883197	0.0310202486731137	0.0158467071368517	0.00548440144744493	0.0018611593633909	0.00080928024059883	0.000112039941776268	9.25949932035275e-06	
3.69021051728448e-06	0.000284146209830905	0.00114950057613412	0.00382582575379469	0.0123003942067385	0.0319738290270114	0.0619521767168013	0.105198676321487	0.147935004322159	0.168474716061365	0.162586985181037	0.13361052964669	0.0855492278695769	0.0456995670460511	0.0237741812576053	0.0107099134737889	0.00343650854422118	0.00107661891841775	0.000425296762117037	3.13667893969181e-05	1.84510525864224e-06	
0.000112209703380087	0.000490227638537595	0.00254771211772821	0.00701218670958841	0.0193690503564038	0.0443485858818119	0.0814835594389515	0.126440101172683	0.160893998620372	0.167851000229938	0.149549781558979	0.112982294780409	0.0666286502644286	0.0332223499655093	0.0171919981604967	0.00690273626120947	0.00216325592090136	0.000607955851919982	0.000154518280064383	4.78270866865946e-05	
0.000207091741641547	0.000954462827032375	0.00410041648450264	0.0120729883338319	0.0285795807542741	0.0607910904530707	0.0996313766998781	0.143340619894613	0.167941277986148	0.162792517085069	0.134225822039163	0.0936717365793046	0.0503407809659679	0.023110517959456	0.012266273959364	0.00420442255919372	0.00133735244713408	0.000315699855035781	9.01999585816517e-05	2.57714167376148e-05	
1.00888645533247e-05	0.000476010973015956	0.00175179375425911	0.00704569613624003	0.0193119210940732	0.0407012311166264	0.0801862954698247	0.118815640675	0.155396029206346	0.171148415452105	0.14931794689772	0.115515664796558	0.0735469054242322	0.0378103128373464	0.0173565157097379	0.00814079652502818	0.00261209874980625	0.000670450908043668	0.000126569391668983	5.86988483102528e-05	9.17169504847699e-07	
5.38861996529363e-05	0.000979084847931318	0.00312083295278108	0.0110457576034341	0.028507626267239	0.0576545803269705	0.0979888574299023	0.136923006667276	0.167255457119372	0.16442323499863	0.133131792857795	0.0963841446707462	0.0567229884007672	0.0266270892318933	0.0121243949219107	0.00509909580783633	0.00150333363777514	0.000328797150424696	0.000106859073888026	1.9179833774774e-05	
0.000121252427344994	0.00135674117567088	0.00564742366149262	0.019033875356179	0.0407288740609826	0.0760013888914405	0.115426799358464	0.152564029548849	0.169888429395263	0.151934802937248	0.114973021334916	0.0783428467497919	0.0428866161203265	0.0185525399627792	0.00817994595081193	0.00319665490273167	0.000793652251712691	0.000275573698511351	7.44048985980647e-05	2.11273168858702e-05	
0.000355027288100022	0.00248611556692958	0.00982519528812221	0.0292287309531096	0.0561544072847162	0.0955809272684071	0.134007083903858	0.159069791523169	0.16804162694953	0.137367823987826	0.096128261004228	0.0603759036322805	0.0309705835853503	0.0128521727392667	0.00504896880290161	0.00172336162765219	0.000533465482379459	0.000191381897491418	5.91712146833369e-05	
0.000742875629163122	0.00456509055985725	0.0160603074915228	0.0441209136079884	0.0713824214980465	0.113106962108734	0.149688517594447	0.164926684811511	0.156590993508594	0.119481314281554	0.0773392517601821	0.0471827409530007	0.0216152844356495	0.00814029473544503	0.003484879347228	0.00102122356961878	0.000411070137229221	0.000109680148722595	2.94938215052356e-05	
