# <P(U)> as a function of N_tot.
# number_of_species: 1
# species_total_upper_bound: 103
# species_total_lower_bound: 0
# volume: 729
# Bin widths for each
10	10	10	10	10	10	10	10	10	10	10	10	10	10	10	10	10	10	10	10	10	10	10	10	10	10	10	10	10	10	10	10	10	10	10	10	10	10	10	10	10	10	10	10	10	10	10	10	10	10	10	10	10	10	10	10	10	10	10	10	10	10	10	10	10	10	10	10	10	10	10	10	10	10	10	10	10	10	10	10	10	10	10	10	10	10	10	10	10	10	10	10	10	10	10	10	10	10	10	10	10	10	10	10	
# Bin lower bound for each
0	0	0	0	-10	-10	-10	-10	-10	-10	-20	-20	-20	-20	-20	-20	-20	-30	-40	-40	-40	-40	-40	-50	-50	-50	-50	-50	-50	-60	-60	-60	-70	-70	-70	-80	-80	-100	-100	-100	-110	-110	-110	-110	-110	-120	-130	-140	-140	-150	-150	-150	-150	-150	-160	-160	-170	-170	-170	-170	-180	-190	-200	-200	-200	-200	-210	-220	-220	-220	-230	-230	-240	-240	-240	-250	-250	-270	-270	-270	-270	-280	-280	-290	-290	-290	-310	-310	-320	-320	-320	-330	-330	-330	-340	-340	-350	-350	-350	-360	-360	-360	-360	-360	
# Bin upper bound for each
0	0	0	0	0	0	0	0	0	0	0	0	0	0	0	0	0	0	0	0	0	0	0	0	0	0	0	0	0	0	0	0	0	0	-10	-10	-10	-10	-10	-10	-10	-10	-10	-10	-10	-20	-20	-20	-20	-20	-20	-30	-30	-30	-30	-30	-30	-30	-30	-30	-40	-40	-50	-50	-50	-50	-50	-60	-60	-60	-70	-70	-70	-70	-70	-80	-80	-80	-90	-90	-90	-90	-100	-100	-100	-100	-110	-110	-120	-130	-140	-140	-140	-150	-150	-150	-150	-160	-160	-160	-170	-170	-180	-180	
# Normalized histogram for each
1	
1	
1	
1	
2.07481540245316e-05	0.999979251845975	
0.000108013629356141	0.999891986370644	
0.000485965441090531	0.999514034558909	
0.00150934862019971	0.9984906513798	
0.0038588503549872	0.996141149645013	
0.00924296423743394	0.990757035762566	
3.69499082410612e-06	0.0196610461750687	0.980335258834107	
1.11221371310077e-05	0.0398333162381966	0.960155561624672	
3.70054681746806e-05	0.0730648298796952	0.92689816465213	
0.000179965412126957	0.123651029808929	0.876169004778945	
0.000482334498975039	0.193540409049186	0.805977256451839	
0.000982562592192198	0.280074664906755	0.718942772501053	
0.00243107939186069	0.379034095457428	0.618534825150711	
1.72875788745786e-05	0.00521961399306027	0.485099341837176	0.509663756590889	
1.23614436682831e-06	6.67517958087289e-05	0.0100486175579474	0.589366438927669	0.400516955574208	
3.72668029803505e-06	0.000255898713798406	0.0186420970775373	0.682350193663153	0.298748083865213	
1.86601745845934e-05	0.000644398028987959	0.0324040151719659	0.755658697942778	0.211274228681684	
2.61379661426212e-05	0.0014537687835515	0.0551697785367469	0.800228769437001	0.143121545276558	
4.48343371243256e-05	0.00274610314886494	0.0884519201550272	0.818417198451721	0.0903399439072627	
1.2492145563477e-06	0.000101186379064163	0.00530291579169597	0.13447794699083	0.806311781467402	0.0538049201564516	
2.37195204162651e-05	0.000233450016728504	0.00959891539371907	0.193068157417718	0.766385195024394	0.0306905626270243	
4.848394435535e-05	0.000493541689976255	0.0170837529059287	0.263081341140492	0.702787205211402	0.0165056751078457	
0.000129747203021009	0.00113312557305015	0.0283936307715881	0.341049790798081	0.620646363494821	0.00864734215943831	
0.000253260262600007	0.00265490880159715	0.045705447195853	0.42100256472344	0.52603021333162	0.00435360568488987	
0.000495517425489664	0.00513108294094547	0.0700983725968953	0.496452714630276	0.42583528753018	0.00198702487621355	
1.24212801371309e-06	0.000957680698572795	0.00946998397654862	0.104635621747177	0.555639882246264	0.328483237482455	0.000812351720968363	
5.73187295178996e-05	0.00203855307589747	0.0162461216403125	0.148303490212204	0.591074476966593	0.241893760980898	0.00038627839457715	
0.000243293901515622	0.00346445550576582	0.0272389866064225	0.203653132408982	0.596817318553643	0.168423927210437	0.000158885813234692	
2.85772860275709e-05	0.000524331074071083	0.00571794218690788	0.0424236023532774	0.262233874023868	0.578103586449396	0.110899749638125	6.83369883267999e-05	
0.000116848569226562	0.00100440046739428	0.00969594510603386	0.0631293041294782	0.326175322576635	0.530626755836213	0.069242721825821	8.7014891977227e-06	
0.000279834547823599	0.00213873547265179	0.016079243147489	0.0920093494721246	0.383895521772752	0.465267410643457	0.040329904943702	
4.63295710382582e-05	0.000452026355265168	0.00396180439905538	0.0258719350484457	0.132114406493152	0.429286048788795	0.386035515998728	0.0222319333455209	
0.000129338652542384	0.000809936222231431	0.00704205013065715	0.0393792246963995	0.17679086944456	0.458654953356464	0.30533842149081	0.0118552060063363	
6.27658920100275e-06	1.12978605618049e-05	0.000249808250199909	0.0018327640466928	0.0116669240068239	0.0584551305467788	0.224939148467696	0.469500170095567	0.227747294476225	0.00559118566025325	
5.05368274495832e-06	8.33857652918123e-05	0.000651925074099623	0.00332153298412386	0.0188199145422248	0.0823586042738995	0.270991102991528	0.459236994979166	0.161863141217584	0.00266834448933799	
1.13850552175178e-05	0.000217581055268118	0.00122073092054496	0.00610112459045426	0.0296605988539044	0.114483055242818	0.31410734842064	0.422651199858319	0.110336365131371	0.00121061087146273	
1.65002259261704e-05	2.91927074078399e-05	0.000404890159265258	0.00235318606670153	0.0108914183594206	0.0440632187117639	0.149734473287403	0.349939329938518	0.370785461524012	0.071334284423279	0.000448044596302934	
2.79640991810332e-05	0.00012202516006269	0.000894851173793063	0.00420605473591086	0.0178550773270897	0.063174713336206	0.188741145231549	0.374111345416366	0.308083022868278	0.0425982207206348	0.000185579930928675	
5.25019752267509e-05	0.000300925955567963	0.00176073697406787	0.00730033562848066	0.0273458458772504	0.087468290727767	0.228263221854139	0.377987330377003	0.245061292854737	0.0244223822323072	3.71355434530677e-05	
6.42842081985508e-05	0.00050655956060458	0.00309978451933412	0.012199857031921	0.0409953252523798	0.117465247957048	0.264890793987112	0.363628766411758	0.184013545968352	0.0131204068933242	1.54282099676522e-05	
0.000183220347452404	0.00114544748687028	0.00575030013542931	0.0200337996696909	0.0579680991593645	0.15126825637011	0.291925107722033	0.334428384547478	0.130554107018621	0.00674071502060909	2.56252234199167e-06	
5.1448467285849e-06	0.000385863504643867	0.00240907448065988	0.00923757230117418	0.030953970342531	0.080150280972942	0.184159788649696	0.30926959897206	0.291831140985521	0.0882032523148595	0.00339431262918389	
1.16973505501004e-05	2.33947011002008e-05	0.000864304235090752	0.00426563383393661	0.0156393576854842	0.0443043650613136	0.10636920737453	0.215479493894633	0.313101682468921	0.241558087093273	0.0567152539949701	0.00166752230619765	
5.22452391525822e-06	5.22452391525822e-05	0.000237715838144249	0.00178809330999713	0.00796086831587472	0.0239296256628615	0.0623037538204331	0.13574227423526	0.240678143204201	0.30114547686842	0.191303779943053	0.0341592434889371	0.000693555549750529	
1.43868519867589e-05	8.8936903190873e-05	0.000644792548133829	0.00371049991694863	0.0131312721770054	0.03635819076181	0.0839368181776567	0.163658288723193	0.258134129928968	0.276660471601008	0.143601709158016	0.0197976162294154	0.000262887022667139	
3.29220708245925e-05	2.23870081607229e-05	0.000173828533953849	0.00169219444038406	0.00666474401773051	0.0208054318783095	0.0516995031401071	0.108810077840944	0.187547819307873	0.267809194212563	0.241991706271918	0.101496110586553	0.0111671664237018	8.69142669769243e-05	
3.56097644611913e-05	3.03342438002741e-05	0.000410171731386314	0.00291472516515677	0.0116496684994705	0.0301904858622641	0.0706022930050553	0.134444006283145	0.209054376110332	0.263443675244224	0.203011267193252	0.0685052735423407	0.00568041687164263	2.76964834698154e-05	
5.02335197701949e-05	0.000104432843732774	0.00076407827439928	0.00485943207040096	0.0187238835269747	0.0440124949270755	0.0942090005248081	0.158732634734893	0.221749263351871	0.247339275870593	0.1627037266662	0.0441790587031556	0.0025724849861263	
9.13061946621605e-05	0.000243483185765761	0.00187640846421657	0.00958847371771036	0.0280455578213019	0.0608893223360094	0.118428104311373	0.180971524376769	0.230401257643586	0.221049650720723	0.121482230358913	0.025848916036676	0.00108376483229434	
0.000189544060378399	0.000467895477717306	0.00388764146216674	0.0156380477226878	0.0413100012989733	0.0820672762120879	0.141034035750926	0.199054400470812	0.224689240524785	0.189316077312769	0.0865580124118222	0.0153411395441929	0.000446687750681961	
1.98737355335767e-05	0.000270282803256643	0.00101886017502136	0.00725126363835101	0.0241810364815539	0.057015097414427	0.105394394281664	0.164257749100713	0.206240352957543	0.212084556120117	0.154966115280915	0.0591256881280929	0.00801573999854259	0.000158989884268613	
9.99636132447789e-05	0.000558463385994165	0.00247110051941093	0.0117570537657626	0.0366146722592976	0.0768227032027009	0.130476506551615	0.181895123508376	0.207047301448939	0.19011879675798	0.120554784725027	0.0375823200355071	0.00396255762902304	3.86525971213145e-05	
2.66594153057035e-06	0.000139961930354943	0.00090642012039392	0.0044334607653385	0.0195986691619879	0.0536227479458921	0.0964271051607296	0.151252192736909	0.191822490949129	0.20075606101807	0.167094550282323	0.0889904612612036	0.0227711395833667	0.0021674104643537	1.46626784181369e-05	
3.97238924647748e-05	0.000346921994192367	0.00179551993940782	0.00767598015394332	0.0309422639705619	0.0709561408503296	0.118961140764261	0.166407357924188	0.1966729915931	0.188496490394101	0.14072718557546	0.0631093479587878	0.012825520747127	0.00101693164709824	2.64825949765166e-05	
6.71286698651504e-05	0.000729201629515555	0.00332615977939676	0.0135205038598985	0.0461318749300743	0.0915490269633491	0.140695110795211	0.178741271627607	0.193797837403832	0.169809209790256	0.111284855903703	0.0425503629555042	0.00737099120087925	0.000419883248764372	6.58124214364219e-06	
0.000195816363676984	0.00147847925595039	0.00627138045279577	0.0218394384670076	0.0639662407332206	0.11412151391019	0.159975398105181	0.182946366029409	0.186327812363241	0.147062031732765	0.0839132257526116	0.0275509681082168	0.00419099586420069	0.000157704453968041	2.62840756613402e-06	
5.64153428740862e-05	0.000657304343719004	0.00316844309397484	0.0113814674286674	0.0354511390651322	0.0834894595147756	0.135638228085919	0.173529658726535	0.184105567538349	0.172645381026602	0.120661922529926	0.0602712659602941	0.0168839313359678	0.00197978493946502	8.00310677981223e-05	
2.2251425400133e-05	0.000116492756506579	0.00148430096492652	0.00554845836889198	0.0191768019727852	0.0516992235561443	0.105463902952371	0.156598987429254	0.181987863810805	0.177554594526673	0.152163100330368	0.0960306074900916	0.0409596385321389	0.010218639888167	0.000954193477452762	2.09425180236546e-05	
2.60453632091013e-06	0.000123715475243231	0.000421934883987441	0.00271653138270926	0.0103204751716064	0.0304808885636112	0.0728072083147217	0.128513031146348	0.167874086296102	0.185134348494773	0.167733441334773	0.127554561780253	0.0737826071669026	0.0266561269763547	0.00540962193853034	0.000468816537763823	
1.95322164377925e-05	0.000205739346478081	0.000901086251663494	0.00517082876496493	0.016663584916962	0.0459788374945635	0.0957703636377842	0.151366864506317	0.177547847419534	0.178984116401593	0.149637612277691	0.104213489729961	0.0534596763902381	0.0169995390396921	0.00289076803279329	0.000190113573327847	
5.46015452237298e-05	0.00032890930813342	0.00209695934394943	0.00927706254086991	0.0263088445403005	0.0651448435990739	0.119985595592355	0.167102829010061	0.180684313366068	0.168045355683566	0.130024479692775	0.0813134011692531	0.0377777691108658	0.0102728907228075	0.00151324282477194	6.89019499251829e-05	
0.000142011032563521	0.000850763341871367	0.00388641201960534	0.014474702493401	0.0387338348450777	0.0885836158354027	0.143152332238068	0.179313031401375	0.177954155190699	0.152977150555146	0.106982513100192	0.0607911447652649	0.0251711298085066	0.00622503406961928	0.00073350652599323	2.86627772146555e-05	
1.17152262795956e-05	0.000240812984636132	0.00185360913579379	0.00712676265342065	0.0221001235305527	0.0552958680396912	0.111073362048655	0.161895315341349	0.186826618556137	0.169208219923434	0.133112306064192	0.0863828718185025	0.0444827141836245	0.0163323271255651	0.00370982165520527	0.000346250021152492	1.30169180884395e-06	
5.18001859626676e-06	3.36701208757339e-05	0.000538721934011743	0.00326082170634993	0.0125149249285805	0.0339200567730038	0.0745378775909806	0.134850129111964	0.178926907347597	0.18386346506984	0.15347618097949	0.113549892644115	0.0672612464678748	0.0304261342298219	0.0108249438615485	0.00188034675044483	0.000129500464906669	
0.00010478885046631	0.000168179636550869	0.00117337638732029	0.00586558824708952	0.0186368911088601	0.0474564123661193	0.0975260775463367	0.15529578270156	0.187987316668025	0.176905572308835	0.136834833366322	0.0927251957675654	0.0507721385851953	0.0205851875138263	0.00687595975590666	0.0010388326780796	4.7866511941401e-05	
0.000132429695411701	0.000214224507283633	0.00240191114227104	0.00968294772922022	0.0298317363870063	0.0645659681649399	0.121857391394666	0.173910051673548	0.188539638025499	0.163860974786425	0.11674326815715	0.0736815455324453	0.0361546051777414	0.0138389031705227	0.00393653761263016	0.000637480200462206	1.03866427773883e-05	
1.16573515792473e-05	0.0002901385281946	0.000738298933352331	0.00438575471637016	0.0169096360963415	0.0411996710036332	0.084997636148152	0.141486571378611	0.188062871982851	0.183651212040749	0.146561405099444	0.0982909027323537	0.0559034771289238	0.0254492937587835	0.0092999760376662	0.00246358696708093	0.000297910095914098	
0.000139236256600709	0.000726110571805569	0.00216011388745026	0.00750834766902891	0.0241594424303624	0.0579405005738616	0.108191776472456	0.162028060660162	0.192863035766801	0.171658785287282	0.126291188557122	0.0812879483862908	0.040477411194595	0.0173342633100752	0.00588565970658887	0.00120758173949027	0.000140537530026884	
7.82557319062966e-06	0.000223028835932945	0.00124948318610387	0.0039049610221242	0.013799094059477	0.0368884477584298	0.0753459229415808	0.132146541683568	0.174764613279737	0.190148385910316	0.156144966134832	0.106619521935734	0.0641996981937273	0.0291476516106986	0.0113718621081833	0.00343412236848798	0.000536051763558132	6.78216343187904e-05	
7.29489617799547e-05	0.000321757027850872	0.00207513743063335	0.00720240731573874	0.0222650652632676	0.0524867780006774	0.0957168538154912	0.151557981398015	0.183906937967329	0.180393663861605	0.140883985097569	0.0860862882005054	0.0480238647317823	0.0195490190969961	0.00697444181017638	0.00217804757314436	0.000263137326420551	4.1685121017117e-05	
0.000139264889629321	0.00076530612244898	0.00400614327363598	0.0125911078717201	0.0344778217409413	0.0727873802582257	0.116925239483549	0.168432423990004	0.186664410662224	0.165203300708038	0.118117451062057	0.0669252394835485	0.0341264056643065	0.0132705122865473	0.00442784256559767	0.00101520199916701	0.000121043315285298	3.90462307371928e-06	
1.83694730847856e-05	0.000219121571797086	0.00149711205641003	0.00712473134645614	0.0201867388149591	0.0489192189300044	0.0917738875315889	0.138353622853724	0.181218788297071	0.180856647256257	0.147138167303912	0.0965433900075315	0.0508886888657375	0.0237819071186957	0.00863627656028992	0.00233948360786948	0.000471045774102717	3.28026305085457e-05	
2.0002853740467e-05	0.000534742956661817	0.00365518814017467	0.0124097704605857	0.0299362709079829	0.0656773699714493	0.110651786321515	0.155591531058431	0.185018395957823	0.167653251863933	0.128865051414002	0.0771110011695002	0.0387321924594575	0.0165890333687606	0.00571414855186007	0.00147487708246376	0.000354717272997614	1.06681886615824e-05	
1.20241926756634e-05	0	0.000101537627038936	0.00160856977572209	0.00720649947694762	0.0195526733120372	0.0441221070126428	0.0835053460896657	0.129843912618856	0.168269224346051	0.181895306690394	0.151436690621531	0.109835656006552	0.0595077295518583	0.0275848340193803	0.011153106717382	0.00341754276270523	0.000754852095749982	0.000171010740276102	2.13763425345128e-05	
1.21050557437817e-05	1.74850805187958e-05	0.00047344218020124	0.00326836505082106	0.011819914430706	0.0287723724967753	0.0594479287577119	0.103639452259678	0.14736022359383	0.173018906752066	0.174135261892881	0.136153631987475	0.0886870184037197	0.0445748502671855	0.0187897365267367	0.00749571951778838	0.00171622790322949	0.000484202229751268	0.000133155613181599	
6.69804028737272e-05	0.000144677670207251	0.00126726922237092	0.00597063311216404	0.0195328250860363	0.042496386407265	0.0797910747273563	0.124284816748316	0.161157528530303	0.170767876734625	0.159817920472828	0.115241122752305	0.0683508219165237	0.0327869072066895	0.0125092600406973	0.00461093093382738	0.000893518574335521	0.000249167098690265	6.02823625863545e-05	
0.000205595398935176	0.000776990403768003	0.00268876060685354	0.0108444897763015	0.0293801165218599	0.0585626478551327	0.100872578913922	0.140401631946855	0.168797827630954	0.165739262313028	0.138856996384725	0.0960464271791777	0.0531931368517737	0.0225367268144461	0.00791408782394626	0.00243777401594566	0.000568724934716786	0.000144183786266227	3.2040841392495e-05	
4.98327907844355e-05	0.000409436983742389	0.00146670024768244	0.00522166837489882	0.0177768379882098	0.0411470700339267	0.0782617245108642	0.119711831786048	0.154822399974141	0.17317164164028	0.155584706989924	0.117855897037373	0.0747384115191863	0.0383766362327488	0.0145269319297546	0.00504388652669489	0.00147612807296598	0.00025455128265563	9.42782528354184e-05	9.42782528354185e-06	
0.000203140002735619	0.000785474677244392	0.00258123230142726	0.0101976281373281	0.026865942495128	0.0563645794257097	0.0996334000083964	0.139608644013396	0.160202977490733	0.165774430632429	0.141071252033093	0.0985296726601996	0.0579260489134041	0.0268253144945809	0.00914265438978775	0.00311481337527949	0.000960175079597024	0.000159803468818687	5.28164007112609e-05	
2.68772770093116e-06	0.00024323935693427	0.00164085776141848	0.0045879511854895	0.0169730004313803	0.0402702241430516	0.0750077608137364	0.118159229052186	0.152563487487956	0.163808940188652	0.155616746156213	0.122935321176741	0.0783929538530592	0.0431595314215526	0.0187334620754902	0.00543324154743235	0.00175508618870805	0.000598019413457184	9.13827418316596e-05	2.68772770093116e-05	
2.00224251161301e-05	0.000551284104864114	0.00297800202893908	0.00742698488974318	0.0248558385391639	0.0548494313631267	0.0932924875860964	0.138525815580116	0.163423033797854	0.161881307063912	0.138189438838165	0.104701265417267	0.0613273533023653	0.0310347589300016	0.0121669603289017	0.00333707085268834	0.0010772064712478	0.00031501948849378	4.13796785733355e-05	5.33931336430135e-06	
7.86199140244601e-05	0.0012819043608734	0.00477449410084137	0.011338590651426	0.0356321440849841	0.0726727839178302	0.112207940344808	0.155089107011031	0.165809398677586	0.155014484719753	0.121772919037479	0.0859209057014096	0.0459793242951525	0.0217164193026547	0.00780602468398792	0.00213739562873278	0.000608971198460649	0.000135919173398219	2.1320654650701e-05	1.33254091566882e-06	
1.60737894092481e-05	5.62582629323682e-05	0.000271914937506446	0.00277138919064452	0.00821370638812576	0.0179236146737624	0.0520321958001867	0.0911370464679857	0.134662189223328	0.166738775471933	0.162850257917346	0.139382525379844	0.103637096698578	0.0663968056022514	0.0338085370574517	0.0137055844362855	0.00493331386618838	0.00109703612718118	0.000326833717988044	3.75055086215788e-05	1.33948245077067e-06	
6.00418691967866e-05	9.74012544747871e-05	0.000815235157316369	0.00419892805249527	0.0115267046220231	0.0290709388013241	0.0687666199229596	0.108766513181859	0.156158227670762	0.169111260252149	0.155796642191822	0.121832958182839	0.0862401381229844	0.0507313766800049	0.0246425173821211	0.00877011569401062	0.00279261404953054	0.000495011854933507	0.000106741100794287	1.73454288790717e-05	2.66852751985718e-06	
3.9733678398256e-06	0.000149663521966764	9.93341959956399e-05	0.00188734972391716	0.00765138200355749	0.0177847944510594	0.0449043544138157	0.0869651019102628	0.129719864322733	0.166131807206895	0.169799225723054	0.142487619648039	0.103034725910464	0.0681233916138098	0.0367801416373189	0.0167133095902531	0.00566999590743112	0.00157212920862433	0.000476804140779072	3.17869427186048e-05	1.32445594660853e-05	
5.03423278292388e-05	0.000233164465735422	0.000313977149882358	0.00325370413548975	0.0118066006740573	0.0261912584522119	0.060167030544545	0.106931078703606	0.148651620493037	0.173487610488162	0.164068295991691	0.124740339572249	0.0856760179748606	0.0516313563812875	0.0258653581194226	0.0117536087500265	0.00394922313839371	0.000877016342709371	0.000349746698603133	2.64959620153889e-06	
8.76185671709159e-05	0.000496505213968524	0.00106868100867557	0.00615719567482891	0.0191194333999323	0.0383941906234858	0.0769158264355838	0.126469436386929	0.160063191572687	0.175742932434137	0.151548259908532	0.106937133678055	0.0698997032916703	0.0387433373381214	0.0179060490000199	0.00753254166860268	0.00222498058452205	0.000561555362322689	0.000131427850756374	
7.92045748562437e-06	0.000187450827159777	0.000739242698658275	0.00213456329237577	0.0112681708495483	0.0277295216571709	0.0549679749502331	0.101123120871462	0.1442698130244	0.167220658665244	0.168010064261312	0.134482767724664	0.0880860478501238	0.0537561449549326	0.0279605350005016	0.0120549362931203	0.00459914564665255	0.00114978641166314	0.000229693267083107	2.2441296209269e-05	
3.02084249983911e-05	0.000462320243453637	0.00126350021080227	0.00509734336603286	0.0174000527990733	0.037950975666457	0.0725369954700497	0.12341323680647	0.161393107488143	0.168585339457325	0.154126011161356	0.116344465356847	0.0706588194810193	0.0410466825239008	0.0189590702109467	0.00718829173983454	0.00272007165963774	0.000676406038007452	0.000137908027166568	9.1938684777712e-06	
0.000163062124060273	0.000652248496241092	0.0024824577766936	0.00852488784587107	0.0245571558834771	0.0536865737256043	0.0925305806707463	0.141515747235445	0.170844753117422	0.166448598252757	0.138443656818149	0.0975659390617275	0.0544640539331237	0.0292324731045333	0.0123405415488815	0.00424744220752199	0.00180020584962541	0.000426570516541674	7.30518315790023e-05	
3.99408874865199e-05	0.000354314324477193	0.0015886165893832	0.00493978589107476	0.0143722774165203	0.0360588909059753	0.0707095434241194	0.113153822665036	0.154920395234408	0.171011419228574	0.15716352701228	0.122988299896798	0.078436172529173	0.0406108636637132	0.0205759991341846	0.00847648705721983	0.00295820250545322	0.00129743463544921	0.00027958621240564	6.44207862685806e-05	
0.000214812207544826	0.000790664209698124	0.00264762516046213	0.00793511118472815	0.0224828150233964	0.0515277547724543	0.0895559857551037	0.132989461261336	0.162113338026419	0.169004151310613	0.143779245517413	0.104385792372355	0.0591729988819413	0.030212172346681	0.0147055778707193	0.00547771129239306	0.0019384860656756	0.000939479895647853	0.000117758499316742	9.05834610128784e-06	
5.14425785078051e-06	0.000396107854510099	0.00148154626102479	0.00438805194671578	0.013481813762433	0.0353732030464295	0.0660908527379026	0.10962284873567	0.147313539943876	0.165290149003429	0.161563134190538	0.129514407780176	0.0835388893032874	0.0433493748440647	0.0232366127119756	0.0102563640899936	0.00342093147076904	0.00112916459824632	0.0005015651404511	4.37261917316344e-05	2.57212892539026e-06	
0.000155782333772588	0.000665267179471464	0.00312075429295251	0.00787977689926757	0.0206794663561235	0.0482350627726191	0.0859190646930833	0.13044727406454	0.158933733770545	0.165521283442126	0.147386687505746	0.109153616703952	0.0640508003636624	0.0316978742095962	0.0166891401836699	0.0063551530752965	0.00216052220281328	0.000698466693226278	0.000183874230026662	6.63990275096279e-05	
0.000286422431077216	0.001206793176272	0.00485390546532188	0.0128088111177731	0.0305148093126753	0.0645787107935429	0.104663848269945	0.146588454248154	0.164386107621001	0.159807167689513	0.132414999369871	0.0907844537542343	0.0478287270241473	0.0218826737342993	0.0118782564639178	0.00360510366582522	0.00139010353216142	0.000372985654691663	0.000112022995265755	3.56436803118313e-05	
1.39093138029708e-05	0.00064741533337464	0.00202317291679575	0.00805475717499308	0.0205706106315208	0.0430771448478005	0.0850364866590713	0.123384464813862	0.156940052121992	0.167796903786747	0.144741583916787	0.113720020686943	0.0712371828834513	0.0356280750647731	0.0164370154658925	0.00744401185073536	0.00227227608217623	0.000735929148484454	0.000156795901051671	8.092691667183e-05	1.26448307299734e-06	
7.42007696757804e-05	0.00122871444022436	0.003717584324773	0.0124330306612672	0.0294501597203008	0.0616155645546696	0.10275674723948	0.13971879165933	0.167144150715597	0.161045853560379	0.129460220841613	0.0938275020751063	0.0546960283723621	0.0245277561184194	0.0118570314661569	0.00451367054858264	0.00137963125990392	0.000379807329526876	0.000147143899187564	2.64104434439218e-05	
0.000166927596419656	0.00179067785250176	0.0068984093823426	0.020223531226842	0.0430546738462394	0.0806184414526748	0.118915678800954	0.153587299339118	0.169805832854892	0.146820408669107	0.111603744236572	0.0758230668646192	0.0414347173991669	0.0172099822702659	0.00789744575485418	0.00283650453613097	0.000825785761076025	0.000355353443893359	0.000102432843257516	2.90858690731219e-05	
0.000486133793134879	0.00315227381485898	0.0115722630287654	0.0303466488417609	0.0599970123027297	0.100990497603512	0.136893503783995	0.15861634169129	0.166007094515044	0.132280296642892	0.092764202322808	0.0583904920332293	0.0293136145313493	0.0120216835927313	0.0048043691274658	0.00144067775152993	0.000586145693285024	0.00025572663076366	8.10222988558132e-05	
0.000965618949205935	0.00539868776146955	0.0187794074861804	0.0450003511341633	0.0775868555434052	0.118752319993579	0.15115322491648	0.163454207088897	0.152211643608857	0.114857238881588	0.0745884205985333	0.0444071852082226	0.0207307101939264	0.00740015249255094	0.0032818503767168	0.00076998705819798	0.000472777069935893	0.000149232019422735	4.01296186682986e-05	
