# <P(U)> as a function of N_tot.
# number_of_species: 1
# species_total_upper_bound: 103
# species_total_lower_bound: 0
# volume: 729
# Bin widths for each
10	10	10	10	10	10	10	10	10	10	10	10	10	10	10	10	10	10	10	10	10	10	10	10	10	10	10	10	10	10	10	10	10	10	10	10	10	10	10	10	10	10	10	10	10	10	10	10	10	10	10	10	10	10	10	10	10	10	10	10	10	10	10	10	10	10	10	10	10	10	10	10	10	10	10	10	10	10	10	10	10	10	10	10	10	10	10	10	10	10	10	10	10	10	10	10	10	10	10	10	10	10	10	10	
# Bin lower bound for each
0	0	0	0	-10	-10	-10	-10	-10	-20	-20	-20	-20	-20	-20	-20	-30	-30	-40	-40	-40	-40	-40	-50	-50	-60	-60	-60	-60	-60	-60	-70	-70	-80	-80	-80	-80	-100	-100	-100	-110	-110	-110	-110	-120	-120	-130	-140	-140	-150	-150	-150	-160	-160	-160	-160	-170	-170	-170	-170	-180	-200	-200	-200	-200	-210	-210	-220	-220	-220	-230	-230	-250	-250	-250	-260	-260	-270	-270	-270	-270	-280	-280	-290	-290	-290	-310	-310	-320	-320	-320	-330	-330	-330	-340	-340	-350	-350	-350	-360	-360	-360	-360	-360	
# Bin upper bound for each
0	0	0	0	0	0	0	0	0	0	0	0	0	0	0	0	0	0	0	0	0	0	0	0	0	0	0	0	0	0	0	0	0	0	-10	-10	-10	-10	-10	-10	-10	-10	-10	-10	-10	-20	-20	-20	-20	-20	-20	-20	-20	-30	-30	-30	-30	-30	-30	-30	-40	-40	-40	-40	-50	-50	-50	-50	-60	-60	-60	-70	-70	-70	-70	-80	-80	-80	-90	-90	-90	-90	-100	-100	-100	-100	-110	-110	-120	-130	-130	-130	-140	-150	-150	-150	-150	-160	-160	-160	-170	-170	-180	-180	
# Normalized histogram for each
1	
1	
1	
1	
1.7614565131616e-05	0.999982385434868	
0.000106049112050785	0.999893950887949	
0.000469972967720278	0.99953002703228	
0.00147590891331702	0.998524091086683	
0.00385388669022878	0.996146113309771	
4.93079280104251e-06	0.00929384003099355	0.990701229176205	
6.33446391783778e-06	0.020057024251847	0.979936641284235	
1.62242272859054e-05	0.0402791131414125	0.959704662631302	
5.21654660385193e-05	0.0739142357442003	0.926033598789761	
0.000202133601154486	0.124781227352409	0.875016639046436	
0.000503324330670026	0.19325193913431	0.80624473653502	
0.00105679572490903	0.279645762073011	0.71929744220208	
2.82361843879313e-06	0.00252431488428106	0.379632675477297	0.617840186019983	
2.26409861281508e-05	0.00528667026092321	0.486520122883952	0.508170565868996	
7.0794254904626e-07	6.58386570613022e-05	0.0100556159666531	0.591549006615015	0.398328830818721	
2.12764297583494e-06	0.000251771085473801	0.0186920527570352	0.68409324466263	0.296960803851885	
1.06309316168867e-05	0.000615176576230513	0.0328020938682913	0.756571510378979	0.210000588244883	
1.55860349127182e-05	0.00133614826569939	0.0557406200408071	0.801201541600544	0.141706104058037	
5.02815768302494e-05	0.0026670481456721	0.0886053448607979	0.818819898473706	0.0898574269429934	
7.09581694495278e-07	0.000107856417563282	0.00525090453926506	0.134746015876181	0.806040101299883	0.0538544122854136	
1.98941913224379e-05	0.000255071953026972	0.00952079156145245	0.193298357450304	0.766322828726644	0.0305830561172507	
4.25214059844627e-06	4.03953356852395e-05	0.00060380396497937	0.0167817815618679	0.263424362214345	0.702743481114118	0.0164019236684067	
7.05955440092621e-06	0.000109423093214356	0.00132931409369441	0.0281895066783385	0.342553582017903	0.619261288227487	0.00854982633496174	
4.23210858462066e-06	0.000230649917861826	0.00291310140908055	0.0458316199171494	0.42265574688605	0.524130425122361	0.00423422463891297	
1.55246739994877e-05	0.000430456869985795	0.00566650600981301	0.0709583451826584	0.496736642958608	0.424340854096997	0.00185167020793889	
1.0635929303687e-05	0.000872146202902332	0.0101892202729321	0.105347461629112	0.554571535133311	0.328251013604063	0.000757987228376092	
6.90590526094711e-05	0.00180550265378988	0.0176990520399119	0.149262954801918	0.58956496356601	0.241273819143597	0.000324648742164111	
2.84133892414122e-06	0.000257851507365816	0.00332010453285902	0.028872265477661	0.203771593287905	0.595705884483945	0.167948702467064	0.000120756904276002	
3.61948560722194e-05	0.0004911145176858	0.00578478964401294	0.0444288309771192	0.26205501618123	0.576575540793732	0.110583801737353	4.47112927950945e-05	
4.25627907570644e-06	8.08693024384223e-05	0.00100377248202077	0.010017862184521	0.06573752094444	0.324700889987955	0.529665555777828	0.0687828886231079	6.38441861355965e-06	
7.1184915631638e-06	0.000209995501113332	0.00214907260291915	0.0168402154909766	0.0949677959441683	0.381760431437537	0.463709218161835	0.0403561523698882	
3.20868426832016e-05	0.000365076965639983	0.00411068106819238	0.0266192446899841	0.133848481650604	0.427482309454067	0.385234633254519	0.0223074860743103	
8.88043496943412e-05	0.000759850121174967	0.0073385336396606	0.0403644415925198	0.178077070716909	0.456436453326153	0.305150365816628	0.0117844804372612	
3.57215320822224e-06	7.85873705808893e-06	0.000217186915059912	0.00172963658342121	0.01216461053528	0.0598349950990058	0.225863675202684	0.466297448911065	0.228144137810813	0.00573687805240492	
2.86814012585399e-06	5.37776273597623e-05	0.000572193955107871	0.00341954006504942	0.0193914953908988	0.0852941851327088	0.274086640776922	0.452057603726288	0.162484440339817	0.00263725484572274	
1.00553475056274e-05	0.0001939245590371	0.00107807690042477	0.00606768398053859	0.0305840576774733	0.117814915527899	0.315926090322877	0.416694318872307	0.110333736983712	0.00129713982822593	
9.35519666782287e-06	3.16637425680159e-05	0.000328871144399619	0.00220998530514493	0.0109808419964853	0.0456843038510307	0.154260716377783	0.350927099989781	0.363651606719046	0.0713751131618982	0.000540442515194998	
1.72836572218681e-05	0.000100821333794231	0.000734555431929396	0.00397164039910845	0.0182515420262928	0.0653271832319719	0.194171806754309	0.372485858007554	0.301726565341226	0.0430168623680771	0.000195881448514506	
3.68667058947694e-05	0.000271801596400653	0.00144503029575773	0.00730683653302606	0.0283172445101138	0.0907643841597499	0.233786239610456	0.37308094338286	0.240229961499593	0.0247057530855987	5.49386205490681e-05	
5.71674608601894e-05	0.000522467173937427	0.00274476176003416	0.0122967931949012	0.0418805923706767	0.121917932129922	0.268934550493703	0.358270648127042	0.180291698778136	0.0130710866521215	1.23018586661167e-05	
1.44386609585827e-06	0.000179039395886425	0.00116014640802212	0.00531703689799808	0.0197593075218204	0.0583776720546937	0.156107192618957	0.294476490250294	0.329754470570399	0.128159720467524	0.00670603608221374	1.44386609585827e-06	
1.45225142538477e-05	0.000366693484909655	0.00231488877206333	0.00891319312329905	0.0303041304935041	0.0811227646219935	0.19048092758203	0.310158063045139	0.286464581039986	0.0865069867816075	0.00335324854121344	
1.16825244767142e-05	4.59999401270621e-05	0.000841871920103215	0.00418307392044347	0.0151865516619486	0.0435750861403641	0.108232748014518	0.221959203164212	0.312014673250743	0.23693327891224	0.0553897691752211	0.00162606137560265	
2.9327491297067e-06	3.88589259686137e-05	0.000186229569736375	0.00182050402226543	0.00752030195585039	0.0233226874539925	0.0616500526428469	0.138298917522296	0.246764444522651	0.300626581851562	0.185792590116049	0.0333108978024911	0.000665000865160993	
8.07604403059205e-06	7.26843962753285e-05	0.000538892392586779	0.00352042101151717	0.0123291824914302	0.0353444396069756	0.0838520967979954	0.167330493013121	0.263734964792119	0.274741144434174	0.139181808637403	0.0191049834330969	0.000240812949275836	
1.83970705976546e-05	1.25100080064051e-05	0.000145704799133424	0.00130987142655301	0.00624985282343522	0.0193103011821222	0.051008453821881	0.108516224744501	0.192692389205482	0.270942489285546	0.240777180567984	0.0985038030424339	0.010432610794518	8.0211227805774e-05	
1.98511166253102e-05	1.69102104585976e-05	0.000327175811046779	0.00253064975645621	0.0105747633489569	0.0289877768587446	0.0694994945317526	0.134897160187483	0.213471555923169	0.26602407866924	0.201604999540483	0.0668629721532947	0.005162760775664	1.98511166253102e-05	
2.79245244196292e-05	6.24627519912758e-05	0.000712810228606324	0.00440105201971471	0.0169913382534386	0.0429817219290555	0.0921957567950289	0.159829689795276	0.226517863244786	0.250033252229737	0.160998845541372	0.0428839860935868	0.00235962231345867	3.67427952889858e-06	
4.42988488944115e-06	5.53735611180144e-05	0.000163905740909322	0.00169295434191476	0.00868774258234233	0.0263386189243206	0.0593213268686546	0.116763644230038	0.18124209542415	0.23412975280504	0.224869078443663	0.120295000801071	0.0254120346682791	0.00102256509531266	1.47662829648038e-06	
2.59641220343409e-05	0.000131304274287952	0.000376850685527005	0.00341020197119614	0.0139494100209642	0.038429867939057	0.0798737995302719	0.139297514714239	0.199687095237883	0.230735734198606	0.193065502287068	0.0857313054612193	0.0148648307806892	0.000420618776956322	
3.49687290280628e-05	0.000187491908831315	0.000998468816077878	0.00662173804999487	0.0216545714545057	0.0536487264686494	0.103148078431139	0.162182733185621	0.207827340784401	0.219054534848943	0.158281859860214	0.0582147496611009	0.00797807832697696	0.000166659474516725	
9.83399178861686e-05	0.000426884643551323	0.0024696729378231	0.0108769909177126	0.0331740772996455	0.0724310745200528	0.127645213416247	0.179517285103067	0.210340144365979	0.198543824215907	0.123064212241383	0.0372946688589515	0.00405875661093823	5.8854950856116e-05	
2.98409477485005e-06	0.000205902539464653	0.000781086807317	0.00433961982632568	0.0181828354868551	0.0486631255408672	0.0931216615439706	0.148814568350691	0.191202142580048	0.206009966876548	0.1726388350094	0.0913170302288801	0.0226746441466981	0.00203067649428546	1.49204738742502e-05	
3.05611397963435e-05	0.000412948084077423	0.00160706871709553	0.00759630672352529	0.0287699588468164	0.0660150435347163	0.115777523847006	0.167845506729787	0.196138413638319	0.192892224277024	0.144627239814755	0.0645399094943026	0.0127820103714073	0.000948886120993789	1.63986603785258e-05	
7.67678213143247e-05	0.000820595837544384	0.00327269420768155	0.0135856684166749	0.0429229012572035	0.0862706341469232	0.137681969549261	0.180183020448563	0.195153490923509	0.174249538647753	0.114676963989184	0.0433313358793419	0.00739952359231666	0.000371168689461492	3.72659326768567e-06	
0.000217319708657166	0.0016683581757392	0.00602819480508812	0.0219582522118441	0.0593820502882287	0.108396232826329	0.158384993439335	0.186543205174449	0.188620064658214	0.150485310009178	0.0864364870082395	0.0276160326681558	0.00410816397705522	0.000153841443241842	1.49360624506643e-06	
6.64372466613417e-05	0.000602414135457335	0.003173311635476	0.0110980061361142	0.0349713722650622	0.0781652869118624	0.130908249415875	0.172645023551631	0.188341382939811	0.17457468964848	0.124206298848172	0.0620941915930756	0.0172221766036384	0.00184979210367196	8.1366965012205e-05	
7.47987353029835e-06	2.39355952969547e-05	0.000148849483252937	0.00139873635016579	0.00558671753977984	0.0188238497263488	0.0510568687304635	0.100151018646577	0.151713526827688	0.183206786339657	0.182096025120407	0.153330675484939	0.0986632718014004	0.0425799280585764	0.0102414428376845	0.000931992241875174	3.88953423575514e-05	
2.53090495484196e-05	0.000113890722967888	0.000388568348949265	0.00268573678737346	0.00998293127923102	0.0299279510910061	0.0705601413733732	0.12285459281089	0.165589667357207	0.187192429914403	0.172219893955082	0.12952724928595	0.0745679038077465	0.0282002362674214	0.00570793505697886	0.000444397134717838	1.11657571537145e-05	
9.52095465422199e-05	0.000200088812655134	0.000870274761362478	0.00526999716602834	0.0165203439742399	0.0447276597865372	0.0927058329979924	0.144422468560394	0.175936084641287	0.183772276616461	0.154644105971201	0.105928802598626	0.0540262108906332	0.0176807103227232	0.00300281983899173	0.000192650566831523	4.46294749416656e-06	
0.000183601761090253	0.000312940653518204	0.00199434625508157	0.00920610449839181	0.0257666860179454	0.0621503111195024	0.117485800596594	0.16133168512967	0.181177028520712	0.173279922812928	0.133928936455207	0.0834280455778364	0.037376709930774	0.0107522245917834	0.00154463343945565	8.10226395094637e-05	
2.82833846279805e-05	0.000176399004127141	0.000768861482123784	0.00376987745107161	0.0149060879985412	0.0385219698633094	0.0851836001027133	0.139201143244179	0.173720269883033	0.180660119311225	0.15818971452389	0.110757734203171	0.0620671432665076	0.0249727400273158	0.00628635438336639	0.000759185587382633	3.05162834144e-05	
6.47822719961875e-05	0.000336569964853756	0.00175209983916126	0.00676118424971704	0.023360338357062	0.0547938881277179	0.107091052600226	0.157785041996783	0.182248912849229	0.172946327515339	0.137647435515578	0.0900555489366772	0.0450177220468219	0.0163005599571097	0.00351313516411509	0.000304551140763686	2.08494668493477e-05	
1.19106640641866e-05	0.000129528471698029	0.000707940095315089	0.00330967577683584	0.0120074382097081	0.0347568065723044	0.0737597648834914	0.130697205609327	0.173413313442524	0.182812316222176	0.158326968572224	0.117780834848221	0.0687833405541734	0.0313578008149872	0.0103086797475535	0.00172034654077095	0.000110918059097737	5.21091552808162e-06	
7.96533960634845e-05	0.000230027097043147	0.00124988833636066	0.00600899264508829	0.0189731411726171	0.0485081737783998	0.0951061548998005	0.150359556918679	0.18320132209749	0.177513920733705	0.141881308995623	0.0966605127594319	0.0518149063514278	0.0211155941994461	0.00623604204508233	0.00100571717833428	5.50873954083912e-05	
0.000127998227486534	0.000444625421795329	0.00265427903314181	0.0102660566665369	0.0294560599301175	0.0658509711397681	0.118166316854747	0.167911967160595	0.184593654282027	0.166003970190635	0.122569904996871	0.0770212492028181	0.0370281655982682	0.0138851878355275	0.00345595214213642	0.00055391045812886	9.73085939956106e-06	
2.24508214755578e-05	0.000261177889832322	0.00107314926653166	0.00473338152776343	0.0170162259570411	0.0414053016866554	0.0867746700851784	0.139475728416903	0.182201886767037	0.180257645627253	0.148824250479325	0.102669851689873	0.0580907522072899	0.0258132061718805	0.00910530482977039	0.00201458704707339	0.000258932807684767	1.49672143170385e-06	
0.000111372904326913	0.000624591287779307	0.00241107287475289	0.00810313130940672	0.0257986302637807	0.0574202573767617	0.1085336477862	0.159137582410305	0.186641422141686	0.1703854932277	0.129338557826242	0.0851867264568592	0.0423977081262337	0.0170520946759989	0.0057259218177262	0.00100160361931838	0.000130185894922675	
5.28228134185038e-06	4.52766972158604e-06	0.000178842954002649	0.00119455019487845	0.00413149862094726	0.0144900523323159	0.0381116598814505	0.0766021347962737	0.130940208348268	0.171112712564661	0.184690439448077	0.155583560031241	0.110352894124217	0.0675867897689757	0.0300705184559137	0.0111773073193554	0.00330142583865649	0.000421827895727766	4.37674739753317e-05	
1.50911050008904e-05	5.28188675031163e-05	0.000255039674515047	0.00220330133012999	0.00745274220468971	0.0233482031021275	0.0542472405914506	0.0974764654217511	0.149967101391098	0.179895026273614	0.174967780490823	0.139533865948732	0.0903149815435786	0.050406554368724	0.0206665137434693	0.00703019126466478	0.00193317055061406	0.000205993583262154	2.79185442516472e-05	
1.7307690860561e-05	9.25585206890869e-05	0.000686287568036156	0.00442700631881218	0.0127640457555146	0.0350834418826554	0.073736783132376	0.119237197388194	0.166377327225976	0.182721054956434	0.161219635349529	0.117224237690281	0.0714611980383614	0.0361858665396433	0.0135737446844695	0.00423436419445115	0.000868394576221189	8.72909626010901e-05	2.25752489485578e-06	
9.83271525893699e-06	3.9330861035748e-05	0.000181527050934221	0.00150591816004181	0.00745697997983537	0.0196238305687016	0.0499895243764357	0.093392642254808	0.140441428406109	0.178084087868169	0.177146198105009	0.143950951390838	0.0960013372492752	0.0554081068468222	0.0253691617307697	0.00866110941769904	0.00234094259433923	0.000375912267976283	2.11781559423258e-05	
4.72116926610185e-05	7.61478913887396e-05	0.000542934465601713	0.00347919715755151	0.0120671563483736	0.0297624033492889	0.067820357986467	0.113398678377197	0.156890546543876	0.18380197283957	0.163196353429777	0.12553817522239	0.0771043089045821	0.0418348900500596	0.0174211145919158	0.00541792247230882	0.00135010211432235	0.000238342900046755	1.21836626221983e-05	
6.84886160505355e-06	1.82636309468095e-05	0.000191007140318716	0.00154555976887375	0.0063039966151404	0.018620532734895	0.044239841045532	0.0871822033092177	0.133216446095274	0.169665326572746	0.179666947469992	0.14690579847453	0.106072885585201	0.0607920175757008	0.0300733513077901	0.0113287780793813	0.00333767855552943	0.00070847668381165	0.000111864739549208	1.21757539645396e-05	
6.86189520971095e-06	0.000118939516968323	0.000540564855965007	0.0029109684345196	0.0105680810557559	0.0289175512793241	0.0611371990201214	0.108258595858008	0.149793647562388	0.174905896731527	0.170071310339885	0.130809070815521	0.0858484085358927	0.0454997022699912	0.0207366473237465	0.00763500207000505	0.00172081083203529	0.000445260755830133	7.54808473068205e-05	
3.79472654441576e-05	0.000343043279615184	0.00123708085347954	0.0056215079028975	0.0177737401887345	0.0425381256175917	0.0799738619235621	0.128851457706255	0.162402911921361	0.172503715037287	0.15595491257709	0.112026399153624	0.0670581306569886	0.0336425276521723	0.0140632565736048	0.00479122173497933	0.000908457534733132	0.000237549881680426	3.41525388997418e-05	
0.000139883280187714	0.000823506407556705	0.00256678298537994	0.0099730762288671	0.0274381806148848	0.0597692677937549	0.101470278563263	0.146600685879309	0.16947761867517	0.166642350039107	0.136338818362313	0.0912595511702064	0.0516312195415438	0.0237493231454184	0.00896907526622947	0.00252165934660971	0.000492599723241682	0.00011807352144877	1.80494555080922e-05	
2.77555649907807e-05	0.000264803093020151	0.0015100527655795	0.00462542739819334	0.0165100602670835	0.0392906277708681	0.0779766343151802	0.121089278400319	0.161194569511187	0.172524841230667	0.157997428484411	0.115110579671224	0.0713250506726599	0.0370296744497272	0.0159219423494411	0.00565838450609347	0.00163457773283543	0.000236297377624214	6.67633860589048e-05	5.25105283609364e-06	
0.000112260156176329	0.000620424463134513	0.00244278099839692	0.00888875916604175	0.0256813817279383	0.0548877323598133	0.0996061913721334	0.139899355027983	0.167993581712671	0.166962285077931	0.141304103782269	0.0954787596300504	0.0549790372868367	0.0259919681600261	0.010582390722222	0.00343590918003685	0.000940740108757639	0.00016240302593509	2.99360416470211e-05	
1.4871900881755e-06	0.000169539670052007	0.0012931117816686	0.00436267212366283	0.0152466727839752	0.0381902978693028	0.0730991108090463	0.118888950028926	0.154823180534466	0.169776133276027	0.156969939426748	0.122166716983265	0.0763917496642668	0.0410873441610686	0.018117693249198	0.00659940601627878	0.00219657976023521	0.000493003514230178	0.000111539256613163	1.4871900881755e-05	
1.18348097258466e-05	0.000451941796405768	0.0026369435420402	0.00739601640304628	0.0231940080358358	0.0532196599859166	0.091656163273035	0.137300065683194	0.167356784008805	0.165871515388211	0.140846070547301	0.102857810678549	0.0595623783233625	0.0295063996733593	0.0124664926949637	0.00405933973596539	0.00127298172113638	0.000274419650518069	5.62153461977715e-05	2.95870243146166e-06	
5.83929952058612e-05	0.0010540305210577	0.00458200224406498	0.0115610738989225	0.0330511744383555	0.0701366396087817	0.111234220956137	0.153820454105323	0.171449225442789	0.158766858205546	0.124212988080437	0.0835448539509883	0.0444481566292311	0.020854429958711	0.00797397002887127	0.00240593923284909	0.000705890005336676	0.000116046838573673	2.29137069795151e-05	7.39151838048876e-07	
8.92026841087648e-06	3.12209394380677e-05	0.000211856374758316	0.00221891676720553	0.00760601553167401	0.0177996522582031	0.0486920284764702	0.0902864967206863	0.133335712071576	0.165511120229608	0.16795676048559	0.14287742584841	0.105427165636747	0.0648258206089421	0.0327165711082913	0.0134525081193026	0.00522579057737181	0.00140865905321758	0.000365731004845936	4.08845635498505e-05	7.43355700906374e-07	
3.32996390319129e-05	7.17792219132345e-05	0.000700772403627145	0.00372289964376786	0.0107062039447492	0.0281093352948054	0.065394571122849	0.108385885097006	0.154054490049328	0.169654260947811	0.160019565387911	0.124642028880407	0.0873109135496971	0.0500086579061483	0.0242228974237919	0.00889174361349923	0.00313608600482771	0.000711132291325962	0.000191657922428121	3.03396711179651e-05	1.47998395697391e-06	
2.20950691907092e-06	8.32247606183379e-05	6.55487052657705e-05	0.00157832444252299	0.00676109117235701	0.0172238429364642	0.0427097687456408	0.0848443291900169	0.12855426806769	0.165635686188151	0.170204209994484	0.145364196707982	0.106152813917537	0.0689491364142207	0.0367765061656291	0.0169992097330253	0.00567695977739954	0.00182726222207165	0.000506713586773597	7.21772260229833e-05	1.25205392080685e-05	
2.80448185721645e-05	0.000136533985153959	0.00023616689323928	0.0030982144306828	0.0108289900765624	0.0251060167944182	0.0585664374371759	0.10531493593235	0.146641190163058	0.173122141089054	0.165556682268442	0.127898395098356	0.0873478015076304	0.0530497264154146	0.0261783620940328	0.0115448709716939	0.00394989128942696	0.00102880202867361	0.000339489909031465	2.73067970307917e-05	
4.85259507226323e-05	0.000339681655058426	0.000791120045114429	0.00562312835040442	0.0169068823767717	0.0376723130776702	0.0776319630144026	0.126250554188414	0.159951091723605	0.174713274126772	0.152342810843638	0.109635562757656	0.0709831725237244	0.0389803080221484	0.0178700489744481	0.00722080851586321	0.00221748889968877	0.000658776543143614	0.000153665510621669	8.82290013138769e-06	
4.37989453213967e-06	0.000111687310569561	0.000594935673948971	0.00192058375234324	0.0104037094786758	0.0250989856164264	0.0539289113918137	0.100774803342736	0.144461331371141	0.169112837762867	0.167490086838709	0.133734969661931	0.0913149611357359	0.0548267897709023	0.0281539620525938	0.0116125603695463	0.00484343337012445	0.00130666853542167	0.000272283443414683	2.99292793029544e-05	2.18994726606983e-06	
1.66573602719061e-05	0.000314317146000314	0.00101537474353097	0.00449676304035934	0.0164342964908736	0.0361884773072436	0.0726412996796717	0.122569202279017	0.159827371808939	0.169886244714004	0.155270497424989	0.115822247135839	0.0722871497156299	0.0420294168982402	0.0199106151563148	0.00738138329962028	0.00307364508669432	0.000706127228917757	0.000120946920235144	7.9665636083029e-06	
9.01228265979138e-05	0.000470801646147502	0.00215501702960931	0.00781689348779665	0.0240635156842558	0.0511414596725585	0.0937176459052513	0.140793484624325	0.17073949744628	0.167324923792138	0.139352961363984	0.0962929957981133	0.0552698061133558	0.0304997274685724	0.0132826626753069	0.00462438247839215	0.00188104363675166	0.000421774828478236	6.12835220865814e-05	
2.72380931901183e-05	0.000242992462932898	0.00121137835503421	0.00408069643503536	0.0134376982377671	0.0344210650811229	0.0702097691571602	0.114752653026116	0.154788349264034	0.172085255231685	0.157590288902986	0.12393117363926	0.0771461646256017	0.0410836460338111	0.0217144946079327	0.00860795424000344	0.00316463635353611	0.00120062647614337	0.000253027549897678	5.08922267499579e-05	
0.000173229501055909	0.000524720065439061	0.00213553878687596	0.00713044253308971	0.0213517938957087	0.0496342054228741	0.0895697151704478	0.135221079658256	0.163802509743261	0.169224377487928	0.143264391346288	0.104078584377143	0.0592603028425452	0.0308190377065277	0.015700630670391	0.00547074577815986	0.00178261063327243	0.000745390010767543	0.000103506423867431	7.18794610190495e-06	
5.7190120692601e-06	0.000300248133636155	0.00105301309725252	0.00382744882735232	0.0117904582572883	0.0330137120463126	0.0649493903175696	0.110097416221835	0.149662256593485	0.166902933352778	0.160800032598369	0.130060342726096	0.0836505597840501	0.0449514348643844	0.0234708255322434	0.0105880359697264	0.00341710971138291	0.00104014532009668	0.000378884549588481	3.86033314675056e-05	1.42975301731502e-06	
0.000116319151380864	0.000459602500578049	0.00229517545041754	0.00723448380539522	0.0189550568332537	0.0465134752899822	0.0859009840316502	0.131302334752332	0.161513397271039	0.165051910967619	0.147470696794273	0.109567675758947	0.0650060925701851	0.0326048255425508	0.0162790070883756	0.00678410172535346	0.00220509903440919	0.00053407512798653	0.000159584201589601	4.61021026814401e-05	
0.000198710432934168	0.000963851672915556	0.00394662963062488	0.0119254545943125	0.0290315235362254	0.0642952002591014	0.10646282700595	0.148460736657054	0.166394176440721	0.159634485948132	0.130887945701844	0.0895215250778224	0.0481239896529144	0.0226289460992647	0.0115138906371321	0.00431859293213155	0.00130328586440453	0.000281447517109605	8.48585478722426e-05	2.19217915336627e-05	
7.72964783724453e-06	0.000406157859084304	0.00170192791470966	0.00687657579411591	0.018917961734027	0.042041554586773	0.0837233292014852	0.125475373341991	0.158951072734581	0.16847610695584	0.147087468694926	0.112626590550716	0.0703552546145998	0.0357454050757084	0.0164550148549778	0.00765235135887209	0.00264705303662729	0.000676695533387862	0.00012226897488005	5.34048396027804e-05	7.02695257931321e-07	
4.13535942581586e-05	0.000810250084109005	0.00324029942805876	0.0113091566670405	0.0282066558259504	0.0595148312212628	0.102121649657957	0.142936245374005	0.168159134237972	0.161093276886845	0.131634097790737	0.0932705786699563	0.0539384041718067	0.0253020915105977	0.011741617135808	0.00475005607267018	0.00148031849276663	0.000342043288101379	9.3220814175171e-05	1.47190759223954e-05	
0.000129066832770069	0.00122613491131565	0.00612436150497539	0.0187153922018381	0.0412101979632693	0.0779051611301204	0.121685472545941	0.157957461255399	0.169087371231284	0.148313924206905	0.113022562846429	0.0750088733447529	0.0402036169576983	0.017321610697957	0.00792638701250966	0.0030386821715214	0.000763177793770842	0.000287594573020262	5.68174644259542e-05	1.61333540962586e-05	
0.000445555443893396	0.00240698327339886	0.0107530660047521	0.0289547789335202	0.057162514591238	0.0978401805272593	0.139561458189119	0.163998136257039	0.165282094925798	0.133512726792289	0.0945146783813547	0.0574274584435216	0.0288577968337453	0.0119772893222005	0.00483926622499988	0.00171335042935662	0.000525671091533533	0.000182017129287681	4.49772056927087e-05	
0.000782268578878748	0.00458066360359481	0.0179733526692649	0.0438879166695717	0.0729915149655927	0.117090685984006	0.154893361872425	0.166281574855852	0.153397151203731	0.116000948204338	0.0750789589274136	0.044567695514854	0.0198390841461629	0.00780943881641788	0.00325387473941811	0.00104372198091042	0.000409958934385654	9.55176428755691e-05	2.23106903067023e-05	
