# <P(U)> as a function of N_tot.
# number_of_species: 1
# species_total_upper_bound: 103
# species_total_lower_bound: 0
# volume: 729
# Bin widths for each
10	10	10	10	10	10	10	10	10	10	10	10	10	10	10	10	10	10	10	10	10	10	10	10	10	10	10	10	10	10	10	10	10	10	10	10	10	10	10	10	10	10	10	10	10	10	10	10	10	10	10	10	10	10	10	10	10	10	10	10	10	10	10	10	10	10	10	10	10	10	10	10	10	10	10	10	10	10	10	10	10	10	10	10	10	10	10	10	10	10	10	10	10	10	10	10	10	10	10	10	10	10	10	10	
# Bin lower bound for each
0	0	0	0	-10	-10	-10	-10	-10	-10	-20	-20	-20	-20	-20	-20	-20	-30	-40	-40	-40	-40	-40	-40	-50	-50	-50	-50	-50	-60	-60	-60	-70	-70	-70	-70	-80	-100	-100	-100	-110	-110	-110	-110	-110	-120	-130	-140	-140	-150	-150	-150	-150	-150	-160	-160	-170	-170	-170	-170	-180	-190	-200	-200	-200	-200	-210	-220	-220	-220	-230	-230	-240	-240	-240	-250	-250	-250	-260	-270	-270	-280	-280	-290	-290	-290	-310	-310	-320	-320	-320	-330	-330	-330	-340	-340	-350	-350	-350	-360	-360	-360	-360	-360	
# Bin upper bound for each
0	0	0	0	0	0	0	0	0	0	0	0	0	0	0	0	0	0	0	0	0	0	0	0	0	0	0	0	0	0	0	0	0	0	-10	-10	-10	-10	-10	-10	-10	-10	-10	-10	-10	-20	-20	-20	-20	-20	-20	-30	-30	-30	-30	-30	-30	-30	-30	-30	-40	-40	-50	-50	-50	-50	-50	-60	-60	-60	-70	-70	-70	-70	-80	-80	-80	-80	-90	-90	-90	-90	-100	-100	-100	-100	-110	-110	-120	-130	-140	-140	-140	-150	-150	-150	-150	-160	-160	-160	-170	-170	-180	-180	
# Normalized histogram for each
1	
1	
1	
1	
1.7951288488253e-05	0.999982048711512	
9.71772777312715e-05	0.999902822722269	
0.000467659143292988	0.999532340856707	
0.00145109813207636	0.998548901867924	
0.00373166540885407	0.996268334591146	
0.00910919744540964	0.99089080255459	
4.19491827600045e-06	0.0193595478437421	0.980636257237982	
1.26208799838453e-05	0.0393841571495883	0.960603221970428	
4.05595540127385e-05	0.072082719112501	0.927876721333486	
0.000192777547282884	0.122556230276971	0.877250992175746	
0.000523374607817961	0.192959146075947	0.806517479316236	
0.0010615104135427	0.279954191850222	0.718984297736235	
0.00255442257925608	0.379174975856317	0.618270601564427	
1.95249033168627e-05	0.0054195553063806	0.485316575387744	0.509244344402559	
1.39551565001026e-06	7.11712981505231e-05	0.0100951602121742	0.589862137008936	0.39997013596509	
4.21356007904639e-06	0.000259836204874527	0.0183486496242207	0.682950671852155	0.298436628758671	
2.10848284819486e-05	0.000643790096315496	0.0319997413594373	0.756387297374798	0.210948086340967	
2.95349095598877e-05	0.00139939214343277	0.0549222739630082	0.800808131382529	0.14284066760147	
5.06608425461014e-05	0.00275257244500484	0.088363767365411	0.818818532862	0.0900144664850382	
0.000114228177129827	0.00530526422669639	0.134072855013418	0.806975534016728	0.0535321185660274	
9.83943448553111e-06	0.000244580228640345	0.00965810776429775	0.192550704714354	0.767047171654557	0.030489596203665	
2.93983830889301e-05	0.000494172820494873	0.0171840548769818	0.261821999790012	0.703940083295419	0.0165302908340041	
0.000111383536677902	0.00109295095365192	0.0286005076304684	0.339464997027452	0.622085406111336	0.00864475474041371	
0.000214188157342064	0.00259529286753436	0.0460240280169236	0.419127280617084	0.527677560591604	0.00436164974951112	
0.000415789973043415	0.00507180051011011	0.0702643196392394	0.495275621313003	0.427017697583953	0.00195477098065042	
1.40035821163054e-06	0.000929837852522675	0.00943141255533165	0.104302880676877	0.555069786851477	0.329494484689184	0.000770197016396794	
5.76732095281769e-05	0.00204247561548568	0.0161316187041252	0.148237028451179	0.590123533201482	0.243037718279031	0.000369952539168549	
0.000243552848168595	0.00349512334412058	0.0272877170979698	0.203824339607852	0.595741464452482	0.169259431374086	0.000148371275321098	
3.21839916825371e-05	0.000442180059638336	0.00559721594478906	0.0426227994195687	0.263442763569401	0.576746926078968	0.111057160168532	5.87707674202852e-05	
0.000107645937134773	0.000966017435845817	0.00966297035682531	0.0633237710189177	0.327266016876646	0.529000095063945	0.0696636973164008	9.78599428497934e-06	
0.000200297504825349	0.00205339959492281	0.0161876801627032	0.0927279399611731	0.384565606537262	0.463678918897719	0.0405861573413938	
0.000359074485513589	0.00382919275567225	0.026324648219215	0.133220842029669	0.42931001593393	0.384727271707175	0.0222289548688256	
3.93405401456162e-05	0.000699699606875602	0.00673847251922769	0.040218677202438	0.178132560760059	0.458325722812174	0.304074274939795	0.0117712516192847	
7.00355640594294e-06	1.26064015306973e-05	0.000147074684524802	0.00161502010721044	0.0112715236797246	0.0591716473625307	0.226793365671088	0.468675193263139	0.226703720149092	0.00560284512475435	
5.64395398484316e-06	5.361756285601e-05	0.000543230571041154	0.00302233735888351	0.0181777647966836	0.0829774114851642	0.272752542248523	0.458702483198654	0.161085501669905	0.00267946715430429	
1.27330501880247e-05	0.000164114869090096	0.0011049457996497	0.00561810469962735	0.028670584673369	0.115512816522406	0.315922537781789	0.422066658932518	0.109740500437168	0.00118700323419475	
1.84452106301168e-05	2.97961094794194e-05	0.00030079881950652	0.00198356957391563	0.0101093942876602	0.0428680883667475	0.151643752039615	0.351293293037642	0.370466380056471	0.0708508917549908	0.000435590743341988	
3.1268032416422e-05	0.000103753016654491	0.000780279536209803	0.00362709176030495	0.0168747885854626	0.0626227625590895	0.190624138352516	0.374383522315426	0.308088187221608	0.0426893918936205	0.000174816726691814	
5.87873460954448e-05	0.000282466028800064	0.00167185476944607	0.00650102017553041	0.0260643018859267	0.0868719253142614	0.229686462708032	0.378319513527542	0.245845813695731	0.0246634424436036	3.44121050314799e-05	
7.20961820745821e-05	0.000517650587295499	0.0030193881052835	0.011376777531369	0.0391439010955736	0.117502357545154	0.266826527934387	0.363311406481158	0.184887775082983	0.0133277002183072	1.44192364149164e-05	
0.000205838027064102	0.00117601166511448	0.00555618730396807	0.0188924762602541	0.055436642911327	0.152910305000137	0.293883443857318	0.333805945120415	0.131221022539984	0.00690924846089293	2.87885352537206e-06	
5.78624176364649e-06	0.000403590363014343	0.00238682472750418	0.00898892657982482	0.0295546763682654	0.0776180935779949	0.18625767581134	0.310592438828575	0.291991118118893	0.0887030862367007	0.0034977831461243	
1.31589913194521e-05	2.63179826389041e-05	0.000852410215471172	0.00415970336709346	0.0150641208404794	0.0425210872835894	0.102934016431194	0.218518209850821	0.314852261080236	0.242283348173751	0.0570076746161595	0.00176769116724639	
5.8840143099228e-06	5.8840143099228e-05	0.000267722651101487	0.00182698644323103	0.00773894982112597	0.0228741056298249	0.0596947961777443	0.132112302297119	0.243820313971004	0.304562464695914	0.192091002165317	0.0342126012050461	0.000734030785162869	
1.62386071408537e-05	0.000100384116870732	0.000710070003159147	0.00370240242811464	0.0125199661055982	0.0347107608820811	0.0801153826849208	0.160484678136044	0.26310234160715	0.280077591017393	0.144291834342587	0.0198775313774177	0.000290818691522561	
3.72326879170992e-05	2.53182277836274e-05	0.000196588592202284	0.00178716902002076	0.00649487008025878	0.0196826881404953	0.0494271378637075	0.104558323516315	0.185173050086901	0.273940246003816	0.245299373150466	0.102002671817685	0.011277036516331	9.82942961011418e-05	
4.04037380939911e-05	3.44179991171035e-05	0.000465391205453008	0.00301681244435133	0.0114207899679015	0.0291086486446042	0.0677421044361808	0.129317401291423	0.207881721797817	0.270390793933454	0.205750798722045	0.069139774487284	0.00565951620264719	3.14251296286597e-05	
5.72231416408284e-05	0.000118963899726985	0.000859852996760869	0.00482330849146246	0.0184318750969405	0.0427276163399175	0.0909335955558701	0.15374502873957	0.221744191474655	0.25420477150649	0.164944199907539	0.0448222844984015	0.00258708835102482	
0.000101463190063271	0.000268044546883566	0.00206409444860057	0.00930886909431231	0.027102786754662	0.0589061965235985	0.114827558008172	0.176862455288049	0.23217049450433	0.227059475601889	0.123874440059485	0.0263880012963058	0.00106612068364989	
0.000170496235382231	0.000519100145226258	0.00405841931722347	0.0150736939531683	0.0393100382703157	0.0794756022931744	0.137727467856893	0.196163530246337	0.228026536521207	0.194686911064901	0.0885621382663577	0.0157541566068813	0.000471909222932961	
2.28768387259126e-05	0.000251645225985039	0.00104623409106507	0.00743802283108505	0.0233847045456279	0.0544895795999603	0.102587370459901	0.160798249159276	0.2050496808681	0.216224254024417	0.159259400474313	0.0610689584175328	0.00820668461227571	0.000172338851735208	
0.000115462241537772	0.000540363290396774	0.00251245837586193	0.0119418747681133	0.0353637753381889	0.0735556058457763	0.126606657090998	0.178774037314317	0.207959812981959	0.195262045405911	0.124348215646519	0.0388137871153375	0.00416125918502131	4.4645400061272e-05	
3.0960135729235e-06	0.000162540712578484	0.000887007888642584	0.00449386370109847	0.0197959107852729	0.0516120942674213	0.0919531511226145	0.14834084632627	0.189525566880085	0.202417367397739	0.172619784765136	0.0920692516315992	0.0237897682943442	0.00231272213897386	1.70280746510793e-05	
4.62825829383886e-05	0.000388773696682464	0.00180502073459716	0.00786649634676145	0.030628270635861	0.0683485757306477	0.11394000543049	0.16374160742496	0.195283187697472	0.191910730154028	0.145625061710111	0.0657197250197472	0.0135577112954186	0.0011076964849921	3.08550552922591e-05	
7.85033263860455e-05	0.000792729668408106	0.00323248991001364	0.0136795894429958	0.0459983314194941	0.0887256909062362	0.135044192754913	0.176073725398443	0.194460435862782	0.174439009072522	0.115147447718324	0.0441065551816813	0.0077564365031232	0.0004571664301305	7.69640454765152e-06	
0.000226523951440662	0.00153327436519359	0.00600673716133128	0.021803315570979	0.0634683128434458	0.111616209869048	0.154275138765183	0.182210010817674	0.188512615997214	0.150707771774807	0.0865013298651027	0.0285589686533999	0.00440874166715464	0.00016796673950362	3.0819585230022e-06	
6.6285805896662e-05	0.000724519273754212	0.00319559245636698	0.0111406399817483	0.0353549990288359	0.0820541200482191	0.133205180775266	0.168068431616171	0.184328493955659	0.175247338547817	0.124401500833968	0.0623101990732319	0.017712183947736	0.00211035507610535	8.01595792238703e-05	
2.62305199814843e-05	0.000137324486961889	0.00160160469063416	0.00549915136553001	0.0190989044900478	0.0511309983027311	0.103200123437741	0.153757136244407	0.176677981792933	0.178518747106928	0.15542663169264	0.0998981638636013	0.0431029162166332	0.0108501774417528	0.00104922079925937	2.46875482178676e-05	
3.08668650377193e-06	0.000146617608929167	0.000490783154099737	0.00289531194053807	0.0104036768609633	0.030207857469164	0.0714197523242749	0.125976936278444	0.164461743607472	0.181827441877693	0.168813971577791	0.131539145358241	0.0772412430703888	0.0281752744064302	0.00586470435716667	0.000532453421900658	
2.32248834497932e-05	0.000201282323231541	0.00095996184925812	0.00553990886555734	0.0166321132011786	0.0451739466354111	0.0936334401161864	0.14934529053555	0.174099919641903	0.17706031811897	0.151077866840905	0.108678519614962	0.0560710619500541	0.0181014741607688	0.00319729228825487	0.00020437897435818	
6.49764537708002e-05	0.000323335210430887	0.00215195826655198	0.0097758621756592	0.026544428423795	0.0634587894577251	0.117400075496451	0.166342815770095	0.177288254113628	0.166661509805256	0.131877448219955	0.0852970661584064	0.0401569954887776	0.0109222324671869	0.00166154074642475	7.27117458863717e-05	
0.000168852192367571	0.000917068787904606	0.00418257724213249	0.0150293942233961	0.0385865987126957	0.0859178820668128	0.139814262588396	0.179460447535765	0.175315048758007	0.153195411557855	0.109729139396005	0.0632994338029696	0.0267824362737884	0.00674634218129149	0.000821024421603786	3.40802590099685e-05	
1.39401533726652e-05	0.000286547597104785	0.00210496315927245	0.00756485656356632	0.0223026964903341	0.0540289366605898	0.107968036777222	0.159292583683515	0.186822837688599	0.167828604265377	0.133978814064685	0.0892448618918027	0.0467614700356403	0.0173849201616438	0.00403799776028202	0.000376384141061961	1.54890593029614e-06	
6.16946914802716e-06	4.01015494621765e-05	0.00062928585309877	0.00358754630957779	0.0132581891991104	0.0344996714757679	0.0724249406959778	0.131292472939166	0.175559956443548	0.18376226567585	0.154454202488147	0.114719736440278	0.0696024085607554	0.0323789164561335	0.0116032291001521	0.00203438245156196	0.000146524892265645	
7.57416498695389e-05	0.000180852510912981	0.00125978458456478	0.00631283465443259	0.0190436148243412	0.046879444025375	0.0949800289364017	0.151086042514252	0.185907106730805	0.177243189434504	0.138262517466952	0.0950712280658365	0.0528460311375468	0.022240221598427	0.00742731893108437	0.00113148750417352	5.25554305217208e-05	
8.39868234005954e-05	0.000222409550857132	0.00253826844055133	0.0105076847943412	0.0303659025939486	0.0635780253142507	0.119769876103882	0.17007487269775	0.186323212402676	0.164144469778741	0.118214564559427	0.0761262788549174	0.0378313980073349	0.0153260399590642	0.00419623054694086	0.000684337079560407	1.24424923556438e-05	
1.40018326843225e-05	0.000281592412873596	0.000816773573252143	0.00474350976161102	0.0176874261986736	0.0414578708190917	0.08384452987291	0.138512351950066	0.184262562366496	0.1817686803895	0.146955457058713	0.101027890094948	0.0584140901998062	0.0270562080236724	0.0101902226758125	0.00267435004270559	0.000292482727183625	
0.000167703975838089	0.000758586208463879	0.00234315368110227	0.00778334527113971	0.0246211379106592	0.0588672301729232	0.107029617775995	0.158484959147625	0.189967854125753	0.169946820599064	0.127592946402123	0.084116866161256	0.0419557731701851	0.0185587175504562	0.00639469365812526	0.00126326546285514	0.0001473287264372	
9.44209790826058e-06	0.000269099790385426	0.00130773056029409	0.00405695473458263	0.0145298149978283	0.0371074447794641	0.0764023089076752	0.131075203162473	0.171353619156128	0.186764696625394	0.155322510590886	0.108365384010122	0.0669224426077815	0.0298622083178588	0.0123235114532648	0.00372333394182409	0.000569673240465055	3.46210256636221e-05	
8.81587108677651e-05	0.000387268622740539	0.00220239350900006	0.00737699498439906	0.0229023736732901	0.052659087116549	0.0966990859830798	0.149501431004789	0.179746165883209	0.178208111231105	0.141411295019977	0.0879587795056185	0.0503764062101515	0.0202875233384444	0.00765878800663709	0.00225906696598648	0.000264476132603295	1.25941015525379e-05	
0.000167758139797405	0.000830951533575929	0.00391174354013574	0.0129863614200178	0.0352809478491682	0.0732083979411216	0.118015499597851	0.166753158791702	0.182099109000459	0.163261594517601	0.118488985188681	0.0690865647679685	0.035752865606916	0.0140838445775709	0.00490731754734464	0.0010206593365244	0.000144240643564124	
2.20991335561136e-05	0.000239933450037805	0.00163849290223185	0.00702594596130442	0.0214677297402247	0.0494247121982482	0.0924817169132562	0.138050130305962	0.177448149907894	0.177500240722705	0.146454115095445	0.0976939554134195	0.053007928853418	0.0252956153740515	0.00926269397909106	0.00248457401552306	0.000465660314218109	3.63057194136153e-05	
2.41252195394978e-05	0.000514671350175953	0.00383108486287225	0.0122926035293588	0.031415860884334	0.0668590250837949	0.11058518132515	0.154658740727874	0.18039552493261	0.164439104729186	0.129494528400208	0.0788331757152323	0.0410193066090235	0.0175535097369386	0.00618570628992724	0.00152471387489626	0.000360269945123167	1.28667837543988e-05	
9.51794051125859e-05	0.00173420102535644	0.00747400311672222	0.0197005236480491	0.0453408874592261	0.0844305851758883	0.129471415527471	0.165400834352344	0.178148421796406	0.15051574331889	0.111132441335609	0.0605502337541661	0.029276539728529	0.0120684259262247	0.0036571476506819	0.000782406974230579	0.000195198440993608	2.58113640983284e-05	
2.11334005267094e-05	0.000461683519198882	0.00334557986799753	0.012062294762168	0.0290876873557239	0.0608625678707286	0.105068764834022	0.148397112852359	0.169153363461976	0.171230939298371	0.134592125369835	0.0895877361251097	0.0458919920668466	0.0197906167701661	0.0079299021360991	0.0018564879539617	0.000499073381669214	0.000160938973241864	
5.34799223406703e-05	0.000136130711412615	0.00117493768778745	0.00630576902507722	0.0199609758627284	0.0430772671435563	0.0807530621307049	0.125188395180973	0.160883812437809	0.167434292622688	0.158101235872387	0.114340073964353	0.0692321903755587	0.0341007432088602	0.0132111614218529	0.0047029919585644	0.000991809468863341	0.000278743837654403	7.29271668281868e-05	
0.000162081647008864	0.00075205884212113	0.0026111353333128	0.0113262654929794	0.0300045544942809	0.0593105370899537	0.101738649827464	0.141215255772943	0.168748065150339	0.163110865467371	0.137570039531714	0.0942002324250818	0.0542390023550463	0.0233754151316184	0.00822564358569986	0.00256575247215032	0.000641843322155102	0.000163702463478953	3.88995952821274e-05	
6.05017063116361e-05	0.000397349044154799	0.00162864052665918	0.00529308171164233	0.0181243489934642	0.0409956291605143	0.0795924474248348	0.121390950579917	0.155509007395925	0.172130624819108	0.152689954918053	0.116975961200419	0.0733166217809413	0.0395795621965717	0.0150371267903191	0.00532087979292065	0.00154034073906922	0.000294332625299851	0.000111192325113277	1.14462687616609e-05	
0.000200185089164408	0.000694084366529053	0.00269101267401335	0.0105392526860901	0.0276600003938067	0.0564062510255384	0.102468511869991	0.141589929049154	0.159060180232215	0.163434716688873	0.138743034543414	0.0971258671952428	0.0574449162832521	0.027840495146332	0.00945136158677859	0.00339658307024856	0.000996002861662258	0.000193621643618034	6.39935940771467e-05	
3.26631934804266e-06	0.000228642354362986	0.001455145269553	0.00479495680292662	0.0177834756904183	0.0406379121686727	0.075422580065653	0.120666002515066	0.153445150332348	0.16217765510934	0.154294393362839	0.121868008035146	0.0760121507079747	0.0432281034116706	0.0196959056686972	0.00556417500939067	0.001914063137953	0.000664695987326681	0.00011105485783345	3.26631934804266e-05	
1.78531143134909e-05	0.000496641179993475	0.00286948237329564	0.00774013656009439	0.0257555519127989	0.0559338071441671	0.0951749524052203	0.139689258430322	0.164336294245292	0.159884376739664	0.136646113945068	0.102842053497669	0.0593973113209844	0.031121224269199	0.0128785874615955	0.00355601576916897	0.00124160294998369	0.000361931317446226	5.03133221562018e-05	6.49204156854216e-06	
5.97669734166194e-05	0.00116141767260944	0.0044631391229762	0.0121779246645377	0.0370959066084504	0.0742612721319525	0.11467828407404	0.157074067433299	0.165422059828356	0.151451125961319	0.119684171928583	0.0843586599921495	0.0449431486856919	0.0218181759442778	0.00815576888595977	0.00228891354949594	0.000734972240663833	0.000143763800921058	2.58451776936733e-05	1.61532360585458e-06	
1.95183521305908e-05	6.83142324570678e-05	0.00025373857769768	0.0025780490105822	0.00829367312615687	0.018495265173079	0.0528459383935746	0.0937710432233908	0.136511354801352	0.168724768463548	0.163001011701252	0.135740379892194	0.10206959593758	0.0643650192093115	0.0326249255862825	0.0137832096628855	0.00521302654821196	0.0011971255973429	0.000396873159988679	4.55428216380452e-05	1.6265293442159e-06	
7.24795245343191e-05	0.000103081990448809	0.000837541172396576	0.00412489027405314	0.0119285190822482	0.0302948305992446	0.070016831356253	0.111811746514943	0.158187367624202	0.171174087764651	0.154186497869907	0.117721243748641	0.0843999903360634	0.0492748020906316	0.0233883372391744	0.00893914135923268	0.00284441867394683	0.000541180449856249	0.000128852488061012	2.09385293099144e-05	3.22131220152529e-06	
4.77769390270704e-06	0.000179959803668632	0.000108294395128026	0.00148586280374189	0.00741179580773286	0.0183415668924923	0.045706605002564	0.0883459305195901	0.131663688570801	0.168979070515577	0.17236804805723	0.140491274338369	0.0999398010568259	0.0663542054854296	0.035111272490994	0.0153634710264716	0.00592434043935673	0.00163397131472581	0.000531916587834717	3.82215512216563e-05	1.59256463423568e-05	
6.06710860763051e-05	0.000281002924984992	0.000298565607796554	0.00279086995951003	0.0112736457574945	0.0263280581420598	0.0611309090444623	0.109552822163467	0.149212553167031	0.175815227803962	0.165762986805635	0.123762629165549	0.0827888901661749	0.05005524262048	0.0243418783768249	0.0109830631873395	0.00422941334252979	0.000906873076087928	0.000421504387477488	3.19321505664764e-06	
0.000105732969782799	0.000584735363192751	0.00100446321293659	0.0055766131486958	0.0178608618198246	0.0384771889127767	0.0788944176195984	0.129482837616587	0.161659302739125	0.177789988689776	0.15239485176558	0.104728506569862	0.066802410711711	0.0373766048182194	0.0169140711358605	0.00714979157788835	0.00243506233439173	0.000603959539516896	0.000158599454674198	
9.56144824069352e-06	0.00022628760836308	0.000790413054563998	0.0021640744518103	0.0101303544110148	0.0266589112697603	0.0548938679245283	0.10266923763386	0.147010453850076	0.16902728199898	0.169867095869454	0.134999681285059	0.0857375063742988	0.0517067185109638	0.0266939699133095	0.0114578021417644	0.00446360275369709	0.00121589750127486	0.000250191228964814	2.70907700152983e-05	
3.64413009861333e-05	0.000557710345526909	0.00123108221157502	0.00516357390929602	0.0158297842674982	0.0368817654067483	0.072763771642964	0.124562704388166	0.164502370268968	0.170302874743326	0.155488693690268	0.116718318249804	0.0677887418561614	0.0392948132937866	0.0184028569979973	0.0067860040053743	0.00280281136715086	0.000720903997769159	0.00015368722589804	1.10908307349101e-05	
0.000197611587311123	0.000790446349244491	0.00255946527885366	0.00859215181628762	0.0230399301877784	0.0528524046958837	0.0914024731485375	0.143741087717412	0.174122683596974	0.168469411307177	0.138073587393329	0.0971174002535752	0.0519908181752072	0.0282537143073951	0.0121191234266165	0.00417829940210638	0.00195714516072936	0.000453716204466338	8.8529991115383e-05	
4.83732542716704e-05	0.000429117578216431	0.00185846922056644	0.0052180697511118	0.0145228992744012	0.0351283451665756	0.0697214636810486	0.112578606538191	0.158246079425763	0.173287040649138	0.1571522197082	0.122986658344386	0.0773363501599438	0.0384161660294921	0.019678551923227	0.00850745104158539	0.00315518452055863	0.00135913240227822	0.000291799953187173	7.8021377857533e-05	
0.000234309886619176	0.000960827790096083	0.00303030303030303	0.00847289710808133	0.022765800191851	0.0499693352832948	0.0880517683319967	0.132554921293894	0.164263810916639	0.171464515418849	0.144147756758032	0.103366828639273	0.058283404884339	0.0291141828246135	0.0142677422905757	0.00570992750546461	0.00216382821468447	0.00104102781840198	0.000125803965970027	1.10078470223774e-05	
6.26734291296698e-06	0.000382307917690986	0.00175328917990251	0.0048681586076471	0.0140059445747529	0.0353744502365139	0.0640193410202294	0.108534710895306	0.148128649747974	0.16794285436732	0.164799781896467	0.128925511062644	0.0821915017963772	0.0419050215518254	0.0218933956307219	0.00989300078811837	0.00352224671708744	0.00125190174686515	0.000545258833428127	5.32724147602193e-05	3.13367145648349e-06	
0.000190648235253672	0.000725088370145111	0.00352699235219292	0.00842758961248402	0.0208165995230669	0.0472760742715518	0.0823850406768325	0.12859692274996	0.160643015867559	0.169789443088376	0.150291754307556	0.108174121221024	0.0633764740077697	0.0304380846415657	0.0157003509802757	0.00629920521563566	0.00224089810945709	0.000798534821431362	0.00022190204431165	8.12599035507453e-05	
0.00035158007900395	0.00128912695634782	0.00536901845092255	0.0135147382369118	0.030314015700785	0.0628984574228711	0.101039426971349	0.144466598329916	0.166105180259013	0.164187896894845	0.135117693384669	0.0895232261613081	0.0474101830091505	0.0210166758337917	0.0115849542477124	0.00369393469673484	0.0014797614880744	0.000456272813640682	0.000137506875343767	4.37521876093805e-05	
1.71725813199783e-05	0.00079930560325717	0.00214032808997184	0.00903277777430857	0.0212424830928131	0.0430875676755818	0.0813137336938535	0.118740594108868	0.156172137955151	0.171015492790638	0.14812756417862	0.116194368642242	0.0695614434959629	0.03593128469642	0.0158487314145836	0.0071625275541873	0.00245255684124417	0.00086487364102436	0.000193581825788846	9.99132004071463e-05	1.56114375636166e-06	
9.21361053287463e-05	0.0014085892712971	0.00391656529092366	0.0136704994245397	0.0306938161057035	0.0612033600007496	0.0977361065780494	0.134631151061049	0.169035397442364	0.164167800148979	0.132015422647055	0.0950953921015933	0.0531984502394758	0.0252171835398067	0.0114982736192468	0.00423513758731458	0.0014976021188181	0.000471611928970871	0.000182710581753616	3.27942069814182e-05	
0.000200381513779779	0.00193281381401755	0.0072768467838767	0.0217027379688257	0.0449201708449631	0.079330567963256	0.111509945707654	0.149849082741787	0.172351768958537	0.150671120290443	0.113527961110208	0.0761512864650965	0.0408462726671726	0.0175089264442064	0.00778016727911883	0.0028432085655997	0.000989285111337965	0.0004433638218277	0.000127802382804426	3.62895654876765e-05	
0.00058705172209729	0.00348917031601373	0.0126200339290646	0.0318712273641851	0.0617493194460883	0.0983264291632146	0.128731605318184	0.155510316802777	0.168764745334754	0.135689430701858	0.0948451493273366	0.0583990215804632	0.0293983508896516	0.0124937862468931	0.00481792717086835	0.00156073697084468	0.000725924172485896	0.000318775397482937	0.000100998145737168	
0.00108928370206213	0.00587524571485808	0.0202253064392943	0.0468532847537843	0.07880560668094	0.116385894402083	0.141284478333271	0.162298576418886	0.15569714156932	0.11847681828995	0.0755361905119633	0.0437841966219685	0.0209749715158572	0.00776271143998297	0.00327098123176702	0.000852959220723935	0.000590028671950319	0.000186242472047979	5.00820092902127e-05	
