# <P(U)> as a function of N_tot.
# number_of_species: 1
# species_total_upper_bound: 103
# species_total_lower_bound: 0
# volume: 729
# Bin widths for each
10	10	10	10	10	10	10	10	10	10	10	10	10	10	10	10	10	10	10	10	10	10	10	10	10	10	10	10	10	10	10	10	10	10	10	10	10	10	10	10	10	10	10	10	10	10	10	10	10	10	10	10	10	10	10	10	10	10	10	10	10	10	10	10	10	10	10	10	10	10	10	10	10	10	10	10	10	10	10	10	10	10	10	10	10	10	10	10	10	10	10	10	10	10	10	10	10	10	10	10	10	10	10	10	
# Bin lower bound for each
0	0	0	0	-10	-10	-10	-10	-10	-20	-20	-20	-20	-20	-20	-30	-30	-30	-40	-40	-40	-50	-50	-50	-50	-60	-60	-60	-60	-70	-70	-70	-70	-80	-90	-90	-90	-100	-100	-100	-110	-110	-110	-110	-130	-130	-140	-140	-140	-150	-150	-150	-160	-160	-170	-170	-170	-170	-180	-180	-180	-200	-200	-210	-220	-220	-220	-220	-230	-230	-230	-230	-250	-260	-260	-260	-260	-270	-270	-270	-270	-280	-280	-290	-290	-290	-310	-310	-320	-320	-320	-330	-330	-330	-340	-340	-350	-350	-350	-360	-360	-370	-370	-370	
# Bin upper bound for each
0	0	0	0	0	0	0	0	0	0	0	0	0	0	0	0	0	0	0	0	0	0	0	0	0	0	0	0	0	0	0	0	0	0	0	-10	-10	-10	-10	-10	-10	-10	-10	-10	-10	-10	-20	-20	-20	-20	-20	-20	-20	-30	-30	-30	-30	-30	-30	-30	-40	-40	-40	-40	-50	-50	-50	-50	-60	-60	-60	-60	-70	-70	-70	-70	-80	-80	-80	-90	-90	-90	-100	-100	-100	-100	-110	-110	-120	-120	-130	-130	-130	-140	-140	-140	-150	-150	-160	-160	-170	-170	-180	-180	
# Normalized histogram for each
1	
1	
1	
1	
1.4620334285821e-05	0.999985379665714	
9.83167384130935e-05	0.999901683261587	
0.000424739780119949	0.99957526021988	
0.00140540226883686	0.998594597731163	
0.00386079530899692	0.996139204691003	
2.54778722363457e-06	0.00939068047227637	0.9906067717405	
3.23888737740811e-06	0.0205745693667883	0.979422191745834	
1.01750407637571e-05	0.0406326377845051	0.959357187174731	
3.95252440337106e-05	0.0738081925429502	0.926152282213016	
0.000158786363695197	0.124157068604954	0.875684145031351	
0.000434432987497856	0.192552768926504	0.807012798085998	
2.3111501438691e-07	0.00102268393866208	0.279034632584906	0.719942452361418	
9.4914701778007e-06	0.00239161898553315	0.379580560357879	0.61801832918641	
2.6865427599178e-05	0.00503078291645987	0.486909704603044	0.508032647052897	
1.38935683198855e-06	8.70663614712826e-05	0.00998600222991772	0.591905375537363	0.398020166514416	
4.39825606832019e-06	0.000248617211440836	0.0188150449987893	0.684258224854591	0.29667371467911	
1.34138751737155e-05	0.000586741401995106	0.0331521612181279	0.757099004343552	0.209148679161152	
1.61793597596209e-06	2.49624407719866e-05	0.00128972610655264	0.0553338726453253	0.803094418120883	0.140255402750491	
1.3862136889988e-06	7.85521090432653e-05	0.00257604710538944	0.0880636142703306	0.82031297470599	0.0889674255955578	
5.77889040681077e-06	0.000136844124833279	0.00500012713558895	0.134035121784336	0.80739744203195	0.0534246860328842	
1.71067849439025e-05	0.000337512243487805	0.00934862679907318	0.192560444166112	0.767229595477706	0.0305067145286769	
1.3876294224617e-06	2.79838600196442e-05	0.000745619543002751	0.0164406333973262	0.2624250073024	0.703932379893157	0.016426988374672	
3.23362452122147e-06	8.45361839119327e-05	0.00147961419163891	0.0279629990204427	0.341095879969706	0.620946680534296	0.00842705647548324	
2.54320265510357e-06	0.000190046598408649	0.00313368807157035	0.045436627435839	0.421660457013517	0.525484393405707	0.00409224427230302	
1.27272007817741e-05	0.000381353216152067	0.00586307429468746	0.0707350051012935	0.495189696613616	0.426078219524776	0.00173992404869381	
2.31541993266296e-07	3.14897110842162e-05	0.000865040886842881	0.0104420808123234	0.10565539003133	0.552552738898661	0.329738952610532	0.000714075507233256	
3.71705757722187e-06	8.85124335575958e-05	0.00169288741032599	0.0180384157900606	0.149296082221314	0.588145606437944	0.242420222651749	0.000314555997472401	
5.10421057931166e-06	0.000239897897227648	0.00312052874053372	0.0292568710214709	0.203204423401692	0.594876022205172	0.169172563383275	0.000124589140049562	
2.96800444829667e-05	0.000482996348890778	0.00566471473999122	0.0453045010251209	0.262402664525993	0.574377263972924	0.111697833032127	4.03463104690328e-05	
2.08992967386647e-06	7.639854030023e-05	0.000983892447574695	0.010103184472287	0.0678237910627641	0.323902177358399	0.52754469256554	0.0695551816903583	8.59193310367328e-06	
4.64444778328635e-07	9.75334034490134e-06	0.000210393484582872	0.00206910148745407	0.0172041957012385	0.0979716070973664	0.380785965965022	0.460995579182377	0.0407515459625003	1.39333433498591e-06	
1.86048501914207e-06	3.97678672841616e-05	0.000425353387501355	0.00405306661420099	0.0273377343106461	0.135602845983934	0.427083871129784	0.383007585662544	0.022447914559086	
7.67243447740956e-06	0.00010927406679947	0.000943011946677975	0.00760594004527201	0.0413827865910025	0.178820965368956	0.455929536361759	0.30334387944327	0.0118569337417858	
1.16091352749844e-06	2.29860878444692e-05	0.000262134274509148	0.00188532356865747	0.0129643857269861	0.0616554208973258	0.225955565338187	0.46399740141116	0.227438284095508	0.0058173376862947	
3.25044542711085e-06	6.68663059291375e-05	0.000600171530648682	0.00369552427595167	0.0204789670641652	0.0874848099719951	0.274247974624237	0.44855543239979	0.162234839109917	0.00263216427193969	
1.535311108697e-05	0.000162836026679985	0.00120103200821252	0.00684516131583606	0.0315718119671918	0.119542812266577	0.315598551503756	0.413346459467903	0.110490292297647	0.00122569003510977	
4.42289280001937e-06	3.81765483791145e-05	0.00034684790905415	0.00233482183074707	0.0116792303980301	0.0472402196455121	0.155445826430323	0.349668317957573	0.361699750292784	0.0710290977461637	0.000513288348633827	
1.93164400592247e-05	7.74984884303833e-05	0.00076730485391884	0.00424938408483594	0.019045777170202	0.0676834095983623	0.194329205200637	0.369478116335238	0.301486574608702	0.0426888670744996	0.000174546145113476	
3.32905135073349e-05	0.000209986315969343	0.00147572423162934	0.00763190842175495	0.0296692971604356	0.0932118082149813	0.233050123407701	0.371711630587976	0.238705785891248	0.024250625884934	4.98193698641235e-05	
7.10002090432384e-05	0.000474188281380579	0.00294359883066148	0.0127167194085706	0.0439758999683874	0.123089454210918	0.267661011015042	0.357185290991447	0.17885022494263	0.013016317011976	1.62951299443498e-05	
4.64473577259374e-07	6.9671036588906e-07	0.000167674961390634	0.000985380694155761	0.00554070530312707	0.0204268512175014	0.0617234292084209	0.156599356704095	0.29330229101592	0.327236498333701	0.127428325921109	0.00658484190480614	3.4835518294453e-06	
9.32375503978097e-07	2.14446365914962e-05	0.000355934348643638	0.00208409234526704	0.00931862697450909	0.0311667490653518	0.0848871953841818	0.190468231985282	0.30811001191809	0.284838618620425	0.0856205087180606	0.00312695434646654	6.99281627983573e-07	
1.16565712988171e-05	9.55838846503005e-06	5.89822507720147e-05	0.000833211716439449	0.00383874206012646	0.0151740582539482	0.0449677882308729	0.11127875850988	0.221780023714129	0.310349216888227	0.23554829946944	0.0547159456766476	0.00143375826975451	
5.83839191069783e-06	2.9425495229917e-05	0.000218122321783671	0.00170013972439521	0.00685754160262924	0.0237211527974888	0.0637045624230354	0.140012578231532	0.246641698589047	0.29822996304765	0.185342086561867	0.0329577223358892	0.000579168477541224	
1.37659480841767e-05	7.88625500415545e-05	0.000512139932962166	0.00305510719007134	0.0112439797309247	0.035733368051521	0.0856813607663013	0.169361292673856	0.263205860654074	0.273813573598125	0.138535135132613	0.0185665308270908	0.000199022944335639	
5.8342036020373e-06	2.42702869844752e-05	0.000173159162908467	0.00114257043342299	0.00538590339725676	0.0183756410331208	0.0510763522225399	0.110640303845324	0.19572026160569	0.270359328599849	0.239654148410471	0.0975642199961494	0.0097960945841088	8.19122185726038e-05	
7.23028697242229e-06	3.45187894167258e-05	0.000395566667910587	0.00224068925626003	0.00943319214837482	0.0282988767399336	0.0705221200134343	0.136306536179423	0.217210881815129	0.264912583498153	0.199957084748293	0.0657888476321976	0.00487228047915811	1.95917453446281e-05	
1.18516535496748e-05	8.71445113946677e-05	0.000844953182482698	0.00423731472205432	0.0154524647605025	0.041543531472066	0.0932037273682799	0.160888288405109	0.232185047535588	0.248758539290672	0.158743836268709	0.0417877684893348	0.0022504198622559	5.11247800182051e-06	
2.09230797843528e-06	4.41709462114114e-05	0.000234570972249022	0.00171011305437443	0.00789474295996485	0.0242779793884416	0.0582868182272572	0.116707776643799	0.183505871248666	0.238775813849684	0.223066998026256	0.119485664203168	0.0250044752142872	0.0010022155216705	6.9743599281176e-07	
1.30214509802827e-05	0.00010719444467697	0.000574804050415338	0.00332767830319332	0.01305819007412	0.035766903006002	0.0784626130889765	0.140356127383274	0.201858068044522	0.234666311367076	0.191289067840829	0.0856234810244906	0.0144949676742479	0.000401572247195505	
6.99467495395755e-07	3.45070631061906e-05	0.000210539716114122	0.00130474003474488	0.00624647788971589	0.0209000887624252	0.0504362695346699	0.100828006305466	0.163091338563951	0.212414522157615	0.221248563468631	0.156994313562418	0.0584717521217764	0.00765777013959273	0.000160411212277427	
5.61161060940455e-06	8.81490499893964e-05	0.000502706783759157	0.00276769311598007	0.010682168429219	0.031773406904666	0.0683099021311728	0.124312139293269	0.181737387379067	0.215564643766775	0.199782222744933	0.12292537002142	0.0376167302688172	0.00387084223494551	6.10262653772744e-05	
1.35979781213221e-05	0.000165989112239587	0.00108103926064511	0.0048378323885083	0.0177695095818856	0.0457152302043917	0.0892660374085067	0.146703896992971	0.194730080134292	0.209952313297416	0.173660247483202	0.0912654090881383	0.0229606549536496	0.00186198521102655	1.61769050064004e-05	
3.53149991983495e-05	0.000367275991662835	0.0020861747193105	0.00858507630511877	0.0274710670097401	0.063312730562801	0.111489217035861	0.165878082734568	0.201123158234504	0.196547746938366	0.144356651356437	0.0644291554041248	0.0134239374952766	0.000883110413286727	1.13007997434718e-05	
1.41115741014044e-06	9.19604245608184e-05	0.00081047473922399	0.00391996009246844	0.0145796079757676	0.0402617320687168	0.0830247406469075	0.133860510382708	0.180543008667564	0.199581874059375	0.177004061075833	0.11515467813969	0.0433977942198522	0.00742574548506066	0.000341029707450605	1.41115741014044e-06	
1.71759047937244e-05	0.000276461481268852	0.00174088382970914	0.00710070727081931	0.0229646552819437	0.0566609570508266	0.104019867580833	0.155404998423581	0.188501084670152	0.191664980447703	0.152625089997035	0.0872797131388613	0.027600267285313	0.00402127929903486	0.000121407765391258	4.70572734074642e-07	
8.14433364478524e-05	0.000718589901876124	0.00335452119108401	0.012436515509408	0.0347833866924893	0.0755801244265327	0.12623953217059	0.171707576402112	0.190741002163796	0.176944264901888	0.125654084418733	0.0626962607357662	0.0170783135516518	0.00192772836357439	5.66562340506799e-05	
2.36350018305309e-06	9.45400073221236e-06	0.000202079265651039	0.00140959150917286	0.00603968836777386	0.020019082900478	0.0500119002234217	0.0971814551267037	0.147461612620902	0.181937753441079	0.185450387413132	0.155890090623688	0.0999448595407294	0.0434373517642229	0.0100886005313621	0.000890566868974404	2.31623017939203e-05	
1.15452409692065e-05	4.59453467141891e-05	0.00048961246395941	0.002893849991506	0.010587221585925	0.0307668890971221	0.0689929463290021	0.118351443261149	0.163116112373365	0.187307868929942	0.174579122952811	0.132071430641494	0.0763458511234109	0.0284576052861182	0.00558789662909594	0.000389946404164015	4.71234325273734e-06	
1.65125495376486e-06	4.31685223627099e-05	0.000108039252689187	0.00102802415550104	0.00544347990186828	0.0174063502547651	0.0448888941309681	0.0895185412341951	0.138517880732214	0.175108982826948	0.184281939988677	0.158165219852802	0.108580392526892	0.0556626250235894	0.018118984714097	0.00295409511228534	0.000170315153802604	1.41536138894131e-06	
2.12575393406195e-06	1.01563799071849e-05	0.000100146629782474	0.000287449170861488	0.00221527179417411	0.00954652472299064	0.0272349232083201	0.0615247513340287	0.111606569241002	0.156964253321845	0.181451285278068	0.174423306577177	0.137253318065696	0.0857576375976902	0.0392130742369961	0.0108753571266609	0.00146818738379212	6.56621770743579e-05	
1.41938127277811e-06	1.3010995000466e-05	0.000151164105550869	0.000709927199934519	0.0040703123632367	0.0153394899784585	0.0401209407469825	0.0816508539707428	0.13239633667156	0.17064866197293	0.181470734487227	0.159675661916628	0.115208339148854	0.0655323602370745	0.0261651109459372	0.00617052351985738	0.000650786313568765	2.43660451826909e-05	
2.60779251075181e-06	4.29100404041889e-05	0.000311512669011625	0.00161327527596964	0.00722595597524683	0.0243752736700436	0.0563325855290749	0.102578940842701	0.151677984091043	0.179499099955976	0.17357206172313	0.140874136791045	0.0935948585711146	0.0475943469696384	0.0170103934755876	0.00341952719773492	0.000263624115632365	1.09053141358712e-05	
8.54783451297407e-06	0.000121094322267133	0.000688338118141995	0.00333056874204131	0.012643197004079	0.0360032415287992	0.0749179704686564	0.124455283309665	0.167958299864208	0.180161758270564	0.1606563122315	0.120882525923089	0.0724977461022468	0.0332080996430567	0.0105845935255377	0.00177676237946069	0.000103048893850854	2.61183832340874e-06	
2.37425133919647e-07	4.3686224641215e-05	0.000239799385258843	0.00126974961620227	0.00610823642035075	0.0200313211236667	0.0507914091988944	0.0962424148605341	0.144303672444486	0.178271136653835	0.175027671899358	0.143769228468033	0.0995124712300094	0.0547689924674502	0.0224143571928182	0.0062271864124445	0.000936879578446926	4.15493984359382e-05	
1.11725761274377e-05	9.12823241050232e-05	0.000526061935532334	0.00270114856459734	0.0105963564565248	0.0305783900032543	0.0687096791830422	0.117436373961812	0.161526687362081	0.181228693362468	0.164205966203195	0.12485995651253	0.0789948675086986	0.0399341150808621	0.0146484358749993	0.00349630318473094	0.000440009327912494	1.45005775271e-05	
2.31181305487982e-05	0.000215928105950631	0.00122430759411522	0.0048641023337157	0.0172551819766288	0.0438419854327178	0.0897105014227184	0.137714227016705	0.17465056469013	0.177436895249367	0.148247991284703	0.10497061256611	0.0605163541707133	0.0280475356430332	0.00916860290940481	0.00191189322950989	0.000196861606528941	3.33663739879562e-06	
7.13916476547605e-05	0.000523140802714315	0.0024559681865447	0.00894998167455198	0.0265424117722201	0.0604181067364824	0.110801508536555	0.154931813813448	0.179006080228453	0.169219455298442	0.130798810457563	0.0863795958373178	0.0448568764602159	0.0185453533946251	0.0054123942108298	0.000993275097805363	9.28807723668958e-05	9.55072209428234e-07	
1.66963742869157e-06	3.57779449005337e-06	0.00015885407535837	0.00110696961522251	0.00454666123795983	0.0154097993882925	0.0398551995013986	0.0789232842149854	0.132010598858397	0.167586756149692	0.17801888932379	0.155341396728035	0.111035182361378	0.068439630800231	0.0319356321378491	0.0119691536870246	0.00314845915124697	0.000479901500932493	2.83838362877568e-05	
2.62968532229184e-06	4.78124604053062e-06	3.72937191161389e-05	0.000334448160535117	0.00217188101391104	0.00810277766488725	0.0245342468700768	0.0553116057575765	0.0998216595226882	0.150552353448832	0.175843232504823	0.17057095249593	0.138139282478407	0.0916481194164011	0.0515435057530343	0.0219992302193875	0.00748551880105474	0.00169208297374379	0.000190532654715145	1.38656135175388e-05	
1.3662918073308e-05	1.58202209269882e-05	0.000120089858854865	0.000856688933228121	0.00412668065877318	0.0135416297128678	0.0360089801326789	0.0740580496639881	0.121921888378274	0.16581125613513	0.176989920122266	0.158434239176812	0.118284675766969	0.0726574807113155	0.0370794817487385	0.0146423335688788	0.00448982663914268	0.000865557844959917	7.91011046349412e-05	2.63670348783137e-06	
2.75728396500311e-05	3.14090608187311e-05	0.00029994454262773	0.0017011243244954	0.00727851037613909	0.0213456936379389	0.0505474887017292	0.0943753564988344	0.141993890338261	0.175570655881131	0.172109425331671	0.142488043577554	0.0978854988681949	0.0560119459927193	0.0258110550783057	0.00948002179932679	0.0025796189721277	0.000430376062363529	2.94909502343811e-05	2.87716587652499e-06	
3.41758646674267e-05	9.1697214354152e-05	0.000699642525269081	0.00344069127665868	0.0117846564326799	0.0322940260347886	0.068551008320379	0.114626331444756	0.158354590961832	0.178702948919838	0.160475419972038	0.124403998191086	0.0789161629938443	0.0421828846788395	0.0178604994152798	0.00585803201412089	0.00147341298235202	0.000240434428188446	9.38632902837776e-06	
2.15971681793083e-06	1.96774198967031e-05	0.000191734859725193	0.00147868611467664	0.00634356823133351	0.0188216920997319	0.0467686676922922	0.0886079017319249	0.133612320752503	0.170895512180443	0.175448915138247	0.144526329707649	0.104697312088439	0.0620347460041039	0.0302360354510317	0.0119518728704292	0.00349466177994741	0.000754221106528512	0.00010750590382589	6.4791504537925e-06	
5.51096070181845e-06	8.84149782161308e-05	0.000474901048304529	0.00291841310209342	0.0104066106609295	0.0290228755186593	0.0644068373291393	0.109518123992303	0.150698178819174	0.176369911017153	0.164794257866477	0.127638162779882	0.0855442469044574	0.0467755967951128	0.0210561828067131	0.00782915830138773	0.00199664502296753	0.000408290305908636	4.69629694589746e-05	7.18820961106754e-07	
2.92485636437956e-05	0.000258202483970229	0.00109202629014335	0.00531964244829657	0.0172921344139319	0.0430308704204721	0.0845079708329488	0.129619085407005	0.163558447380755	0.17329438319694	0.150868886121197	0.109209821284084	0.0677200145283849	0.0338163741610517	0.0142363787401301	0.00487563966249076	0.00106014056092512	0.000195150252508604	1.55832511216944e-05	
0.000112877779615323	0.000637652065818484	0.00248044744465469	0.00932518417811493	0.0269119240697666	0.0604829212101166	0.105493711419007	0.147995417114419	0.169604949249148	0.165349719464115	0.133307464514495	0.0899507036724416	0.0519937007994276	0.0237482438914149	0.00917674870470958	0.00276801134409753	0.000567968531679638	8.59112064725503e-05	6.44334048544127e-06	
1.4790348009732e-05	0.000230204610151475	0.00116056521076365	0.00466516202706968	0.0156811086463182	0.0390961379777253	0.079434665188268	0.126409049021177	0.161556641188304	0.171269367304695	0.153105150070743	0.113582954648738	0.0715664386010907	0.0381080473090751	0.0162951466427222	0.00583288385783804	0.00165103223508638	0.000302486472199036	3.64987620240162e-05	1.66987800109878e-06	
4.36621106168836e-05	0.000428270429274896	0.00209530412807362	0.00843394507211048	0.0244369436808877	0.0552301840226738	0.0999857561311266	0.144346221927112	0.16945050398721	0.165630427194385	0.137657329735066	0.0945723701869383	0.0551044466877279	0.026993920945812	0.0111918157640261	0.00332189926840913	0.000902111695313863	0.000161287359437231	1.35996737987014e-05	
4.76627157452828e-07	0.000128451018933537	0.000910596184313628	0.00411925020828607	0.0141482005418298	0.0362434439934492	0.0734308480722338	0.120435103399496	0.158902013082462	0.17180621674334	0.154900966409224	0.119947275503843	0.0755239562341879	0.0409794497434793	0.0188677626549277	0.00709245041647681	0.00198062415279523	0.000505939727636177	7.19707007753771e-05	5.0045851532547e-06	
6.65406355343629e-06	0.000298006989143182	0.00187359418054613	0.00686746887740007	0.0216297465158254	0.050925924825717	0.093320389595421	0.140729166542893	0.168636071440878	0.167319755082932	0.14075245576533	0.100410769601861	0.058678621800851	0.0299969937891446	0.0125940035005127	0.00451501976613343	0.00115638118753646	0.00024667564173096	4.13502520820684e-05	9.50580507633756e-07	
5.74021086498573e-05	0.000725353918393652	0.00357411145923988	0.0115681852845188	0.0321238329522735	0.0678018526649166	0.114802319709346	0.157771593214501	0.171531969772334	0.157378080411815	0.123484744440831	0.0819194506096365	0.0443647140224575	0.0211401055012805	0.00827966117575174	0.00271877260059779	0.000628814008391619	0.000115990211280084	1.28087349879847e-05	2.37198796073791e-07	
2.84300971432728e-06	9.95053400014547e-06	0.000152811772145091	0.00160606357111872	0.00634417617752132	0.0187667071242744	0.0472022533694996	0.0879942305856197	0.135294567790264	0.168828341205706	0.168085841835314	0.143695661496101	0.104020750180235	0.0642207464369388	0.0323183867625677	0.0141847231346836	0.00527283535017232	0.00162146320707132	0.000314152573433164	5.92293690484849e-05	4.26451457149091e-06	
1.06490249397798e-05	3.99930047738396e-05	0.000486068827251281	0.00297368105318383	0.0101295891677172	0.0292230542397436	0.0635453349106511	0.109061870598255	0.153860662004918	0.172709199503329	0.159695381091923	0.126850711792659	0.0858645079594362	0.0488537034587323	0.0233272807430842	0.00901522786901889	0.00329007541639462	0.000840326390247954	0.000190735868921389	3.05272048273687e-05	1.41986999197064e-06	
1.41599202513291e-06	2.66678498066699e-05	7.71715653697438e-05	0.0010884258699855	0.00546974119441759	0.0168493611043983	0.0423910252537458	0.0833670024770421	0.129095284935355	0.167210958267883	0.171597937560416	0.145371641266916	0.10850605289391	0.0679343413937893	0.0365913579174722	0.01619328479942	0.00565193216831803	0.00200858468765104	0.000467513366964717	8.70835095456742e-05	1.32159255679072e-05	
1.74977134744689e-05	8.53604670849093e-05	0.000329382633377503	0.00234209259411642	0.00918417147380876	0.0258285167330161	0.0580304573713138	0.104176893370826	0.147981236776221	0.173067046508922	0.165018571221842	0.129944641017856	0.0895078980895334	0.0523115425322123	0.025897561764564	0.0110528799817645	0.00379132888985993	0.00114208048759034	0.0002504064671549	3.94880831113015e-05	9.45822349971294e-07	
2.07992096300341e-05	0.000224300567487526	0.000812350948845762	0.00434136230095984	0.0146341348119681	0.0384090495470263	0.076982129224544	0.12374938843233	0.162605857341057	0.174886372499663	0.151946735114975	0.112341731014221	0.0719740104421487	0.0389640102767004	0.0179019742704323	0.00715752801393547	0.00226758655898349	0.000662029388337789	0.000109668559867452	8.98147688569652e-06	
5.1927060418551e-06	4.69703864695075e-05	0.000455777971219191	0.00182877665510424	0.0078756828408445	0.0224013338645629	0.0538122487438372	0.0983227087420622	0.14313646997955	0.172518689021109	0.168412910766651	0.135935602892054	0.09336697892139	0.055164240571462	0.0285459573367272	0.0119543174046289	0.00458586753123649	0.00128779109838006	0.000306133624376639	3.04481399726958e-05	5.90080232028989e-06	
2.02228558717062e-05	0.00021633752792988	0.000866290709667042	0.00369772568119279	0.013386589989122	0.0338394220589971	0.0720735528783003	0.12024698220906	0.158259367062235	0.173818973459618	0.156551946637997	0.118695701044111	0.0746442070688758	0.0420745922390323	0.0199832385445752	0.00788456229509662	0.00283566766228959	0.000736017893935354	0.000142970888023225	2.49258456093123e-05	7.05448460640914e-07	
5.1295783251315e-05	0.000484015716275023	0.00200312386613965	0.00662633280798294	0.0206223166775768	0.0489611192081061	0.0930018433539724	0.139064280204863	0.169797513425142	0.16999634341068	0.140565270119359	0.0991608668705007	0.0583004812862159	0.0306612308823204	0.0136060888565323	0.00483333341176725	0.00178876396457108	0.000399307083382943	6.07078535726572e-05	1.57652177882482e-05	
8.948396247231e-06	0.000127161420355388	0.00100999135537826	0.00365518438288209	0.0115580311738577	0.0310174962340203	0.0665784229205163	0.112772870158064	0.155930749774347	0.173307828834135	0.159533892168528	0.124183252793842	0.0803542434590167	0.0445910359205109	0.0221974388277036	0.00886762519689415	0.00296780626062769	0.00107639787489718	0.000230538945422083	2.54322840710776e-05	5.65161868246168e-06	
5.93113363104001e-05	0.000359885120321671	0.00193837008667017	0.00642760023497686	0.0182534772747788	0.0442864279121512	0.0864910515498218	0.132945060688966	0.167280416909071	0.172185062711695	0.144788896539762	0.105431217044991	0.0625198196746336	0.0331692150061934	0.0157144322203754	0.00558188201722817	0.00184054182677971	0.000610599573809059	0.000103499463362371	1.29965079564622e-05	2.36300144662949e-07	
8.72377121556321e-06	0.000134629009840178	0.000810839167846537	0.00341358809888984	0.0107573530191911	0.0281704719206561	0.060133426544078	0.107263246869758	0.150016091821229	0.171932091335527	0.164220041803369	0.129986548887896	0.0856912468744732	0.0481601684395177	0.0241301869598483	0.0103371973352416	0.00334238326356281	0.00112253715560261	0.000316413539764482	4.38546336782367e-05	8.95954881598384e-06	
8.0099662827537e-05	0.000302729608039368	0.00168798260046854	0.00609817580085528	0.0175152048007026	0.0410873576346287	0.0802617468511409	0.127924108867692	0.16315759467309	0.171658995946015	0.151366924304876	0.110170960950943	0.067159797884992	0.035713848195119	0.0165356330417706	0.00648053389723496	0.00201968943947198	0.000600747471206527	0.000143001456871514	2.82704692332483e-05	6.59644282109128e-06	
0.000120026816207346	0.000716623761206531	0.00290280964147825	0.0101539385184446	0.026466974114531	0.0579927601899584	0.10134814402935	0.145789428632267	0.170182226174382	0.165630403712201	0.134185264338429	0.0904674419597243	0.0515811115992359	0.0253320250646176	0.0113742504513975	0.00406464092527706	0.00129930797112471	0.000307730835266378	6.60265393674988e-05	1.88647255335711e-05	
4.2400839159719e-06	0.000280552219106807	0.00152643020974988	0.00548666858726764	0.0163382211293275	0.0387673228039487	0.0776960043569218	0.12174176051582	0.158543804424716	0.171876277178055	0.152390735981988	0.11526244117178	0.0727336928139293	0.0383211717519014	0.0180742999327004	0.00761189287003978	0.00244676397973334	0.000725054349631195	0.000133562643353115	3.79251950261931e-05	1.17780108776997e-06	
2.69138713620827e-05	0.000578176061102987	0.00285452297051703	0.00922768049174004	0.0252971503876306	0.0557834840431434	0.0970610996818969	0.140768282427556	0.168028492818482	0.165887895698833	0.136451203026441	0.0952111251556401	0.0559678676706328	0.0276457397938586	0.0124672606920076	0.00480365386494997	0.00139267479969233	0.000445259310428842	8.90046447675893e-05	1.25125893174595e-05	
2.37166392858066e-07	0.000138268007036253	0.00118891512739749	0.00552716278555723	0.015149003343809	0.0373688855242883	0.0738751968777519	0.118449671749854	0.155430315889034	0.170499156992057	0.155378376448998	0.116932518334741	0.0766052192259411	0.0418333057034486	0.0194196585800042	0.00804776720885276	0.00305754913672619	0.000764150117788689	0.000301201318929744	2.79856343572518e-05	5.45482703573552e-06	
8.35763215386449e-06	0.000376332236414012	0.0021600897275388	0.00936102559130845	0.0235878646225968	0.0529396299574788	0.0957137525314671	0.137067794007769	0.164944079083259	0.166001438945467	0.1400973162688	0.0967130865475792	0.0592343597062794	0.030869988913004	0.0132783671765698	0.00514877898576074	0.00187258718144587	0.000461102505403209	0.000145900378457463	1.81480012483915e-05	
3.85627634124165e-05	0.000743949957509104	0.00435687370479414	0.0155173206687789	0.0351771444010221	0.0704683004503939	0.116031522783647	0.152036449236553	0.168316162923604	0.156822543264546	0.121846835410293	0.0784486367943374	0.0450537627197239	0.0216035307203907	0.00861290937606886	0.00346130741660144	0.00107281128772804	0.000319040999163595	6.37123917248621e-05	8.62272970712419e-06	
