# <P(U)> as a function of N_tot.
# number_of_species: 1
# species_total_upper_bound: 103
# species_total_lower_bound: 0
# volume: 729
# Bin widths for each
10	10	10	10	10	10	10	10	10	10	10	10	10	10	10	10	10	10	10	10	10	10	10	10	10	10	10	10	10	10	10	10	10	10	10	10	10	10	10	10	10	10	10	10	10	10	10	10	10	10	10	10	10	10	10	10	10	10	10	10	10	10	10	10	10	10	10	10	10	10	10	10	10	10	10	10	10	10	10	10	10	10	10	10	10	10	10	10	10	10	10	10	10	10	10	10	10	10	10	10	10	10	10	10	
# Bin lower bound for each
0	0	0	0	-10	-10	-10	-10	-10	-20	-20	-20	-20	-20	-20	-30	-30	-30	-40	-40	-40	-50	-50	-50	-50	-60	-60	-60	-60	-70	-70	-70	-70	-80	-90	-90	-90	-100	-100	-100	-110	-110	-110	-110	-130	-130	-140	-140	-140	-150	-150	-150	-160	-160	-170	-170	-170	-170	-180	-180	-180	-200	-200	-210	-220	-220	-220	-220	-230	-230	-230	-230	-250	-250	-250	-260	-260	-270	-270	-270	-270	-280	-280	-290	-290	-290	-310	-310	-320	-320	-320	-330	-330	-330	-340	-340	-350	-350	-350	-360	-360	-370	-370	-370	
# Bin upper bound for each
0	0	0	0	0	0	0	0	0	0	0	0	0	0	0	0	0	0	0	0	0	0	0	0	0	0	0	0	0	0	0	0	0	0	0	-10	-10	-10	-10	-10	-10	-10	-10	-10	-10	-10	-20	-20	-20	-20	-20	-20	-20	-30	-30	-30	-30	-30	-30	-30	-40	-40	-40	-40	-50	-50	-50	-50	-60	-60	-60	-60	-70	-70	-70	-70	-80	-80	-80	-90	-90	-90	-100	-100	-100	-100	-110	-110	-120	-130	-130	-130	-130	-140	-140	-140	-150	-150	-160	-160	-170	-170	-180	-180	
# Normalized histogram for each
1	
1	
1	
1	
1.24174791985049e-05	0.999987582520801	
0.000100700997413761	0.999899299002586	
0.000428479569247832	0.999571520430752	
0.00139610515335135	0.998603894846649	
0.00385139573991362	0.996148604260086	
2.06334224893694e-06	0.00942122070864605	0.990576715949105	
2.6519923092223e-06	0.0205255364759442	0.979471811531747	
8.24876386381527e-06	0.0406387135699236	0.959353037666213	
3.97430186971767e-05	0.0736923884464984	0.926267868534804	
0.000170428856696117	0.124322405478213	0.875507165665091	
0.000452733477654999	0.19318834683444	0.806358919687905	
2.9418738677463e-07	0.00102259535642861	0.279596869140155	0.71938024131603	
1.20848592924462e-05	0.00242227740647129	0.379881067299402	0.617684570434834	
3.03883124780017e-05	0.00508399418078568	0.48676618494799	0.508119432558746	
1.77013707941543e-06	9.02769910501869e-05	0.00998032787659076	0.59194239501907	0.397985229976209	
5.0125771457737e-06	0.000250628857288685	0.0188965312671294	0.684200563236757	0.296647264061679	
1.65151451253632e-05	0.000583043605586484	0.0332626819357048	0.757094950582852	0.209042808730731	
2.06307771702178e-06	2.53463833805533e-05	0.00129325500318451	0.0556232277794004	0.802941595154007	0.14011451260231	
1.76812199806037e-06	8.81114129033418e-05	0.00264805737909508	0.0885625786998469	0.819629159985867	0.0890703244002898	
7.36769824265661e-06	0.000140575682469888	0.00511200374868487	0.134620814042243	0.806730539698632	0.0533886991297275	
2.17893791499198e-05	0.000319773861578552	0.00949722479866908	0.193294760243217	0.766314503187433	0.030551948529953	
1.76395983110673e-06	3.32212434858433e-05	0.000699410073033817	0.016641491039966	0.263166049182728	0.702982973671724	0.0164750908292316	
4.10428158655109e-06	9.32258246088033e-05	0.00141245919171451	0.0282204538631844	0.341758250778641	0.620033232954332	0.00847827310593268	
2.0510103863166e-06	0.00019865500598895	0.00306157250380316	0.0457527676920156	0.422359294827469	0.524492873031909	0.00413278592842794	
1.05478247162489e-05	0.000400817339217457	0.00575178741679671	0.0709473059976689	0.495855876867038	0.425247859231075	0.00178580532348713	
2.93531016688706e-07	2.20148262516529e-05	0.000878538332949297	0.0103469683382769	0.106011368456276	0.552559223551755	0.329435143588035	0.000746449375439379	
4.41762975903891e-06	7.09765847952252e-05	0.00169754786207335	0.0181022687179391	0.150152290423227	0.587582160550802	0.242066084207091	0.000324254024313456	
2.35294394463993e-06	0.000212941426989914	0.00316029783564451	0.0294885641041931	0.204711123189557	0.593843345698054	0.168451668766669	0.000129706034948276	
2.46902040733546e-05	0.000446187259325622	0.0057057885889519	0.0455660655483768	0.26343977456668	0.573471727805784	0.111305497479689	4.02685471196379e-05	
2.64624160185825e-06	6.64500668911072e-05	0.00093676952705782	0.0101412798988548	0.0679366666176622	0.325202510989253	0.52633010393849	0.0693753399685391	8.23275165022567e-06	
5.88162465765268e-07	1.14691680824227e-05	0.000184094851784529	0.0020135742015474	0.0173010930117183	0.0979525770485478	0.381878596797279	0.459968045133235	0.0406887853004084	1.17632493153054e-06	
2.35740846551274e-06	4.33173805537965e-05	0.000372765213609201	0.00399757540539322	0.0272501684810363	0.135763448204937	0.427930339758548	0.382184828485274	0.0224551996621834	
9.42942824367175e-06	0.000118457192311126	0.000909939825514324	0.00762840744913044	0.0412348897095766	0.179127901648706	0.456379022940326	0.302802514474909	0.0117894373312832	
1.47131393925769e-06	2.7366439270193e-05	0.000261893881187868	0.00183031454043656	0.0128425108502046	0.0612187246474217	0.22626925103941	0.464625640352609	0.227068763034002	0.00585406390151848	
1.7661624469121e-06	7.15295790999401e-05	0.000566349424643147	0.00357942255907519	0.0203008598856233	0.0867185761433841	0.274763069307747	0.449349993347455	0.161973874925085	0.00267455866544056	
1.41616314199396e-05	0.000167579305135952	0.00114915738293051	0.00660640105740181	0.0312865842145015	0.118667095449396	0.315859256986405	0.414433652756798	0.110572247922961	0.00124386329305136	
5.61081718303903e-06	3.89804141137449e-05	0.000316272905422884	0.00228950871684745	0.0113630860203242	0.0466126020135156	0.154330842130504	0.35026382653007	0.36283884906193	0.0714224543722441	0.000517967017844761	
2.45244980529617e-05	7.83011082413837e-05	0.000698209504809018	0.00411834281761663	0.0187378984159834	0.0671285742609188	0.193305639364006	0.370977945384829	0.301909276494805	0.0428463664296852	0.00017492172105245	
3.51826080837807e-05	0.000216121735371796	0.00140730432335123	0.00751370421715297	0.0291714081883233	0.0919430940531636	0.232651943779966	0.37354587176442	0.239096865407011	0.0243646952284401	5.38086947163705e-05	
6.71432953278619e-05	0.000490116477349195	0.00281853947656033	0.0125049211302908	0.0431616032635782	0.121865081020069	0.268161447976221	0.358475687471919	0.179384701207899	0.0130509410561729	1.98176246121883e-05	
5.90565073331942e-07	5.90565073331942e-07	0.000160043134872956	0.000975022936071036	0.00541754870021057	0.0199879701894562	0.0607390272271169	0.155899730318459	0.293755630668871	0.329220539735137	0.127195610211697	0.00664326650991101	4.42923804998956e-06	
1.18629907608062e-06	9.78696737766513e-06	0.000322080199155889	0.00203509606501631	0.00920864657807583	0.0305071636152583	0.0839431157730029	0.190089894778238	0.308906644490783	0.286068311252847	0.0857317582049634	0.0031754260518988	8.89724307060467e-07	
2.37423386440988e-06	1.21679485551006e-05	5.72783919788883e-05	0.000781419720623901	0.00367145589207683	0.0149781511128628	0.0440957552259855	0.110397126227331	0.221268208889844	0.312012317525289	0.236513461312453	0.0547709042388384	0.00143937928029849	
5.95445969679296e-06	3.39404202717199e-05	0.000215253718039065	0.00162437660528512	0.00668566734755913	0.0232310267840529	0.0625099178969325	0.139431414598013	0.246089185301893	0.300172947281893	0.186279614877456	0.0331395454425012	0.000581155266406993	
1.39889320759962e-05	8.39335924559773e-05	0.000494970086008121	0.00297994016903987	0.0110458988766888	0.034974711284812	0.0846241099541967	0.169220837317947	0.262552908671025	0.275739709429046	0.139339585493061	0.0187162982071249	0.000213107986519432	
7.4503345796253e-06	2.32450438884309e-05	0.000163907360751757	0.0011175501869438	0.0052730488020756	0.0179275910922608	0.0501300232390836	0.109353626852675	0.195179395116276	0.270491847247876	0.241904019425704	0.0983149131261187	0.0100275543174093	8.58278543572835e-05	
9.24599506741076e-06	2.8334501013033e-05	0.000363874644588423	0.00224498725394841	0.0093620173926115	0.0276911587110844	0.0694013337497014	0.135334524575408	0.21683946238416	0.265118171273409	0.202020518354344	0.0665273205732636	0.00503787428011726	2.11763112834246e-05	
1.52033719290307e-05	9.09221262422422e-05	0.000763149649770951	0.00415439590594061	0.015288928159298	0.0408314873160653	0.0922486949693831	0.160156791480388	0.23089539811818	0.250071321700667	0.16083110574124	0.0423255912397575	0.00232134621983062	5.66400130689378e-06	
2.68934722670032e-06	5.16952300243505e-05	0.000233375576005883	0.00165275327898661	0.00784900928930414	0.0239310068886135	0.0574701549691517	0.115639241400887	0.1833166643608	0.237735605493081	0.224648644255241	0.121066642920727	0.0253491893261601	0.00105243121471539	8.96449075566772e-07	
1.67584942373224e-05	0.000124192412651586	0.000518017027228663	0.00320326646993391	0.0129372582923872	0.0351410661215368	0.0772231414455817	0.13905929185187	0.202237618091273	0.234667399252272	0.193199403038495	0.0865492434886517	0.0147001920343884	0.000423151979492391	
9.01413055105183e-07	4.23664135899436e-05	0.000216339133225244	0.00118025016015105	0.00601723261384546	0.0206471664982026	0.0495975491179974	0.099491362660106	0.16125678613795	0.212887322166228	0.222206731271942	0.159228005821926	0.0592712135543678	0.00779241539036594	0.000164357647047512	
7.24610989571036e-06	9.84263260833991e-05	0.000495754685364851	0.00252526929865506	0.0101949747020188	0.0313783731396368	0.0674286756345328	0.122665469448287	0.180477047644984	0.2168316867555	0.201370601686774	0.12444257790021	0.0380224520715119	0.00399230463129076	6.91399652549031e-05	
1.30416413542562e-05	0.000163172163920693	0.000995107564728244	0.00440837807172357	0.0171703823718257	0.045322433351905	0.0881824228397355	0.144939342719473	0.194070845228776	0.211729530916424	0.17559356907566	0.0922295777753447	0.0232192776083207	0.00194593420764901	1.69844631590313e-05	
2.93259252787643e-05	0.000389179466720268	0.0019333727196802	0.00795801749413634	0.0268509393765919	0.062835988042354	0.109916622728692	0.164498890197015	0.200899083992505	0.198923860733625	0.145993620389338	0.0652703453188797	0.0135415514758577	0.000944539176686867	1.46629626393822e-05	
3.05751397818953e-07	9.66174417107891e-05	0.000801680165081295	0.00373353031876723	0.0137224284855124	0.0395321269810015	0.0825302518076787	0.132078183078433	0.179460782949834	0.199855929941348	0.179329309848772	0.117006167922948	0.0439740832885153	0.00752698791150698	0.000349779599104882	1.83450838691372e-06	
1.4121488392597e-05	0.000247740024626648	0.00167308938564465	0.0066254339671528	0.0219988230046414	0.0559260058567338	0.103469987385827	0.153752002718693	0.18771571724728	0.192245031154766	0.155265764876604	0.0887293024261024	0.0281376796000058	0.00406883059033654	0.000129856295436273	6.13977756199871e-07	
6.68764388450408e-05	0.000678318165428271	0.00329882673454985	0.0116728663488238	0.0335242034153212	0.0749613996591459	0.125685175311808	0.169772157828396	0.190637606748048	0.178279642134006	0.128281645345307	0.0637350953374486	0.0174131453807488	0.00192647289963295	6.65682524909162e-05	
3.09603466072723e-06	1.02169143803999e-05	0.000162851423154252	0.00140900537409696	0.00576357812440982	0.0191935572757124	0.0487464465262182	0.0966173344503826	0.146873717080637	0.180487674995619	0.185630188567087	0.157761542172017	0.101821768715065	0.0442550290439012	0.0103246563865932	0.000912091811050243	2.72451050143997e-05	
1.14385667043109e-05	5.53379308127473e-05	0.000473618491648764	0.00288653776535543	0.010427644728011	0.0296836988985897	0.067821116892568	0.117594030428442	0.162009366640379	0.186226667256114	0.175580762309366	0.133923666425426	0.0778567588481178	0.0292984974360607	0.00571990165305838	0.000424772720316842	6.18300902935724e-06	
2.16992698195706e-06	5.42481745489264e-05	0.000127095723228913	0.00104931469056066	0.00538482880051086	0.0171442830948739	0.0436834200529152	0.0890035850293638	0.138417472252059	0.174041473504417	0.183337130705552	0.158566484237805	0.1105986983538	0.0566518336657971	0.0186573421804356	0.00308718611618719	0.000191573553549923	1.85993741310605e-06	
2.79791412393267e-06	1.33678119254561e-05	0.000112227444304411	0.000305905277549972	0.00231138794571549	0.00971529047633555	0.0267486807834906	0.0603494532564922	0.111424442950842	0.156629408813181	0.179922354774267	0.174117304725801	0.138034471545524	0.0875140906064075	0.0398429188834955	0.0113054383367706	0.0015752256517741	7.52328019990786e-05	
1.8704798684928e-06	1.62108255269376e-05	0.000143403456584448	0.000750997667199857	0.00427872269917727	0.0154221065157231	0.0393115636494683	0.0809855433728431	0.132031562477301	0.17036767087535	0.18033951080093	0.159846221615078	0.115819489963784	0.0668088647028914	0.0266926829633264	0.006424786601628	0.000728240162133195	3.05511711853823e-05	
3.4406266694859e-06	3.9098030335067e-05	0.000345313803919312	0.00167308291409819	0.00741705274668355	0.0242723700162523	0.0549280408571289	0.102562578743433	0.151581499687841	0.179611346811415	0.172593093974149	0.14117516793386	0.0940413976200873	0.0485184661561194	0.0173767286021172	0.00355854632897646	0.000290576561450218	1.21985854645409e-05	
1.00388881429437e-05	9.75654441392344e-05	0.000696447864916721	0.00341761398216341	0.0126885271821719	0.0356609541210263	0.07354238481317	0.124828554613434	0.167934285438216	0.180495444227075	0.159943330476433	0.121095656800531	0.0729384829483211	0.033801250092546	0.010896271933402	0.00184056739795784	0.000109172908554513	3.45086779913691e-06	
3.13752952807477e-07	5.11417313076188e-05	0.000212096996097855	0.00119665376200772	0.00635412480025703	0.019965355398951	0.0498500104009104	0.0951716244339505	0.145326916457943	0.177670453351054	0.175777581786767	0.143754700411424	0.0993050058342362	0.0549886562619912	0.0229406746504243	0.00641750289672414	0.000975457930278446	4.17291427233945e-05	
1.35262618665424e-05	7.23497727745289e-05	0.000466813316510438	0.00258383058073904	0.0109005942432859	0.0305913713144475	0.0674988777921114	0.117197824096312	0.162496331394674	0.180614287318563	0.164456381108405	0.124670611931232	0.0792387293995818	0.0401041081773803	0.0150242167272046	0.00359924391341808	0.000458005518085713	1.28971334076334e-05	
2.93666930545876e-05	0.000197672579055611	0.00112193398304247	0.00470182859766462	0.0175461254437765	0.0436139599785655	0.0879545087820622	0.137984617536715	0.175544617953533	0.177673229543651	0.147914980581669	0.10485993508382	0.0609017848318188	0.0282766519317442	0.00950691427735989	0.00197641001966305	0.00019230447387359	3.15770893060082e-06	
8.71105524772974e-05	0.00047103051466815	0.00241660510854292	0.0088076687695682	0.026666915855641	0.0593938752728936	0.109268626136714	0.155882274681429	0.179705902104211	0.169137016346374	0.130791584677159	0.086735501953177	0.0450618136480379	0.0188323511486556	0.00565521706682615	0.000985774688397635	9.9464412646805e-05	1.26706258148796e-06	
2.21537425424964e-06	4.74723054482066e-06	0.000166786033141366	0.00110388934268896	0.00442030460130068	0.0152955768154122	0.0399419318759758	0.0776944410246802	0.130559600371803	0.168689039625766	0.178403139248615	0.155472749788986	0.111397879000689	0.0689114315526893	0.0320010811026361	0.0121231608833267	0.00330913617177632	0.000472191198191495	3.06987575231736e-05	
6.35661432736373e-06	4.86280996043325e-05	0.000316559393502714	0.00216760548563103	0.00793464383413178	0.0246519038536657	0.0551045361117671	0.0980736598111641	0.149570181630719	0.1767621885696	0.171076514884489	0.138628859219745	0.0919665425961494	0.0518499495761569	0.0221451729936698	0.00767020867811345	0.00182244132765518	0.000185930969075389	1.81163508329866e-05	
1.75382373433716e-05	0.000134884989022658	0.000827167048521925	0.00397320795088018	0.0133590348229674	0.0364179904049898	0.0737482880288775	0.120633736234477	0.165074991908495	0.178057432944144	0.158605614468089	0.118330487355728	0.0732789010221604	0.0373398639351659	0.0146256144362015	0.0045781177007052	0.00091613374340921	7.74871213534417e-05	3.50764746867432e-06	
5.4224849398455e-06	2.90262429132906e-05	0.000301426368714941	0.00164365087617788	0.00705624775525072	0.0208963431399505	0.0512176030447572	0.0942073826175547	0.140935487101822	0.175455345198581	0.172872647518703	0.14275871792042	0.097732635767859	0.0563909726470721	0.0259386161946021	0.00946606385645853	0.00264521574153757	0.000416893400963416	2.64744852945398e-05	3.82763642812624e-06	
2.56484160019185e-05	8.33573520062351e-05	0.000651790371648754	0.00344297924305753	0.0114055299908531	0.0317389529867741	0.0694546281123952	0.113197360393267	0.158362938551846	0.179289160562611	0.160354217449195	0.124678873816526	0.0789371681135045	0.0425526457783829	0.0181356743497565	0.00589047934004061	0.00155140856291605	0.000237247848017746	9.93876120074342e-06	
2.87865785456189e-06	2.17498593455787e-05	0.000180715743091941	0.00138943219113521	0.00608388345018019	0.0183469659106138	0.0461551206365544	0.0895867110918206	0.132292240065992	0.170669547030393	0.176573674290099	0.144969529406609	0.105080607217691	0.0618700337154805	0.0304462847242102	0.0119566653243592	0.00347294077609255	0.000783634638186292	0.000108749296727894	8.63597356368567e-06	
7.35169317484788e-06	8.4065013260217e-05	0.000482335000036758	0.00275656530173426	0.0100264309351577	0.0282771690611344	0.0638162127848501	0.110109505068034	0.149492525405694	0.176350498045249	0.166336533024605	0.128321886533968	0.0856903767295258	0.0468510620479708	0.0211990867279244	0.00776274871497198	0.00196993413202554	0.000414891206128371	4.98636580554899e-05	9.58916501067114e-07	
2.721542352482e-05	0.000290404578082491	0.00104955480369835	0.00516868919954316	0.0167256387539947	0.0422197667862331	0.0838539216945027	0.129728879950846	0.162373300196687	0.17346886827703	0.152648428917636	0.110190447130198	0.0674929696157406	0.0341319832775631	0.0144017617664283	0.00493559710158941	0.00107869131594257	0.000198832682457802	1.50485283019593e-05	
0.000131091153643616	0.00066342968267329	0.00225853153029306	0.00904146212247103	0.0260188828673431	0.0595306936699559	0.104976902759389	0.148035083947777	0.16949831000857	0.166003183824564	0.134660915666924	0.0904254657483694	0.0519513285019917	0.0240608084337223	0.0093278851297021	0.00275419005282878	0.000575078710509587	7.91012313956615e-05	7.6549578769995e-06	
1.75918092536115e-05	0.000231892031070334	0.00122311051974201	0.00453037065942097	0.0152914403053938	0.0382816960423227	0.0782115846861701	0.125462864490293	0.162078776121838	0.171294325362111	0.154621448253693	0.114721945462193	0.0717646663713375	0.0378572536626946	0.0165510138479524	0.00583600275711629	0.00168145711356792	0.000299380608388734	4.09409378993141e-05	2.23895754136874e-06	
5.47760205317182e-05	0.000426035715246697	0.00219104082126873	0.00844992190412979	0.0239781229058583	0.0543708061108257	0.0982291008660377	0.144203159455238	0.169813351510857	0.166520704054451	0.139048127300753	0.0950181369490205	0.0553612590668729	0.0265737374928086	0.0113190962661333	0.00331923464765885	0.000944325780862604	0.000161124785540668	1.79383459051241e-05	
6.40508717643902e-07	0.000110487753793573	0.000922012299048396	0.00405986450678587	0.0140111281984603	0.0360513534269458	0.0722426580086968	0.119125974614077	0.159384189298508	0.172096686071946	0.155886691445814	0.120797382112769	0.0759348705115551	0.0411129735681268	0.0186231112198553	0.00706961497099456	0.00196732252624324	0.000516570280779807	7.97433353466657e-05	6.72534153526097e-06	
6.06585733231257e-06	0.000287968595460312	0.00197140363300158	0.00695211101412834	0.0217397134233592	0.0506997126060647	0.0916940534804293	0.139374884668897	0.169284030896285	0.167942518658896	0.14155476224074	0.101283216155868	0.0588988361854569	0.0298721125720959	0.012514502187859	0.0045372612845698	0.00107429525911746	0.000262108887885717	4.91653699566387e-05	1.27702259627633e-06	
5.93451359960794e-05	0.000738942661112472	0.00373300049007596	0.0116734434983256	0.0320368016417545	0.0671713555705301	0.112918797986605	0.157859976108797	0.172419635199706	0.157536768459528	0.124470360614229	0.082593433492608	0.0442507325614637	0.0209338371926815	0.0081858000490076	0.00270945642407907	0.000585155803316181	0.000106885056767132	1.59529935473332e-05	3.19059870946663e-07	
3.83078649877606e-06	1.34077527457162e-05	0.000162808426197983	0.00158371098503567	0.00651648706662632	0.019132863168137	0.0470873891785389	0.0866460059581499	0.134126369985022	0.169555079686744	0.168243993007538	0.143606289640659	0.105084539073384	0.0644287211940817	0.032562323704013	0.0140200401211039	0.00525488137969607	0.00160509954298717	0.000306143687693854	5.65041008569469e-05	3.51155429054473e-06	
1.43421769321064e-05	3.92019502810907e-05	0.00049177731124978	0.0029793482213629	0.0103977595607342	0.0294186733231366	0.0639555915207775	0.107232313625801	0.152957085975614	0.173402018549853	0.16007526774454	0.126403023458383	0.0865257160013118	0.0488892940111212	0.023904903080349	0.00898808292582959	0.00328531466258116	0.00082292224085997	0.00018517343994564	3.1552789250634e-05	6.37430085871394e-07	
1.90826159594914e-06	3.59389267237088e-05	6.678915585822e-05	0.0011017030280613	0.00565481519599596	0.0172080669850707	0.0426213407891234	0.0837726840621673	0.127349109780063	0.166117352363366	0.172789270990003	0.145908862062265	0.108238824027431	0.0678520575671637	0.0365231728156686	0.0165290439005121	0.00572828326744	0.00195724031024517	0.000452894085438596	7.95108998312143e-05	1.113152597637e-05	
2.35817039119497e-05	8.85907255070544e-05	0.000268002878242564	0.00237410397491926	0.00944702179013176	0.0260055206680888	0.0589533037648509	0.10440034594997	0.146456084175211	0.173273898941564	0.165955922608672	0.129117795709787	0.0887672696147196	0.0524734339358565	0.0258713598931303	0.0113131631159206	0.00380748916675643	0.00110451602376781	0.000260354758054905	3.82406009382969e-05	
2.67558613651414e-05	0.000193342950579057	0.000645007372195373	0.00441185042581635	0.0149906083741387	0.038822436318661	0.0775585531322036	0.124034439889931	0.160776289465294	0.174953392245068	0.152429097763688	0.11145026642786	0.0720707348529176	0.0394276284209678	0.0178933008100974	0.00724637911972579	0.00232202653990334	0.000621436732421319	0.000115942065915613	1.05112312505913e-05	
6.98899931507807e-06	5.55943127335755e-05	0.000396149188450107	0.00159063270775436	0.00797381285492998	0.0226157664200185	0.0546520685531882	0.0984994618470527	0.143338975361871	0.170236774589523	0.168809112638525	0.135797209737328	0.0934781835209562	0.0554303889314582	0.0286796763712099	0.0120896980879369	0.00464387236308233	0.00137810359221858	0.000288137380853446	3.14504969178513e-05	7.94204467622508e-06	
2.30810844821443e-05	0.000191604619125745	0.000754087486163206	0.00331482314672329	0.0132735206526698	0.0334849623572806	0.0727781373438351	0.120668858210369	0.158752963785146	0.171884519959289	0.156850513301186	0.118652267020956	0.07514695220603	0.0423604297887638	0.0201020436877502	0.0078959441475697	0.00290663574855277	0.00078602158935083	0.000143545374724568	2.81399523138471e-05	9.48537718444284e-07	
4.71211804962588e-05	0.000462989317090757	0.001752654914834	0.00604669108113066	0.0202921513190768	0.0493295509889123	0.0939080852355743	0.139241190869243	0.170514790990683	0.168607490053952	0.140163374509023	0.0992340436297856	0.0583755526460598	0.0309788555561881	0.013808403382605	0.00482596788169737	0.0018595472571678	0.000458878073154842	7.30536422458777e-05	1.96074710789802e-05	
1.20283044996938e-05	0.000154785286851322	0.00103380111831578	0.00336064497034865	0.0108314882019742	0.0307348502713491	0.067708275631763	0.113761488217801	0.155733940235153	0.173581728372396	0.158551095762713	0.124625262921327	0.0798999118451894	0.0443116407082139	0.0223634668738911	0.00887720525510293	0.00299314861445011	0.00115440069764166	0.00027032031691417	3.32361045386275e-05	7.28028956560411e-06	
7.97275920996627e-05	0.000400226159544123	0.00189376854222386	0.00620096435446062	0.0175651638068496	0.0444444797377566	0.0876933632338274	0.13414056196835	0.167088704093107	0.171653505790574	0.144027736308136	0.105074931230981	0.0620055142270871	0.0334090374878503	0.0160595511114217	0.00568924662190063	0.00179053560424621	0.000657514404965346	0.000109268094351729	1.58819904581001e-05	3.17639809162003e-07	
1.17449616495259e-05	0.00016919093403236	0.000856747337623524	0.00327779659440553	0.0104555553192455	0.0275374910285952	0.0599456493963883	0.108377109768094	0.151033223322193	0.171678326450892	0.16385364254114	0.129901180432132	0.0849633700040663	0.0481295831141734	0.0243425440285282	0.0105520544636092	0.00345047927379315	0.00107482270662959	0.000333302965729789	4.41229640347054e-05	1.2062393045459e-05	
0.000107789571929566	0.000336683898203528	0.00179913476676556	0.00600514726908779	0.0169854173390305	0.0400092699031859	0.0806503769147708	0.129462250506769	0.164786478368852	0.171055710089167	0.150528454227792	0.109415292296787	0.0668415816661351	0.0359002680156003	0.0165349203339955	0.00674096961158345	0.00205878082385472	0.000611547306623923	0.000128396401857278	3.2653899731604e-05	8.87678827655253e-06	
0.000157572833048571	0.000767890144152193	0.00304524559644171	0.0101563141526719	0.0255512116463127	0.0574379925538118	0.102144607474025	0.146857563353315	0.171033103928002	0.16510620947929	0.133771409059392	0.0902702104596022	0.0510602559147674	0.0252294079731854	0.011371876007618	0.0042934633906313	0.00134016170079741	0.000317682049727703	6.40436866716528e-05	2.37785965365047e-05	
5.69208477664576e-06	0.000342157540462817	0.00156848558289794	0.00573319427781042	0.0163935203836718	0.0375108386780955	0.0770101123048326	0.123091017068032	0.159731599229165	0.171743479242548	0.152003645464073	0.11545476911323	0.0723093989601194	0.0378311765602479	0.0180325245724138	0.00767229782505441	0.00259653933894657	0.000767798990983105	0.000159062146814045	4.11095011646638e-05	1.58113466017938e-06	
2.95150674419291e-05	0.000642666791074263	0.00296166246632347	0.00944862997721627	0.0248205848870795	0.0544302274913494	0.096996349969993	0.14202301350108	0.168825868401518	0.16600194291659	0.136209179947654	0.0951292839295536	0.0556048002290115	0.0274445695925619	0.0125172448922272	0.00485538727735563	0.00149003485634255	0.000450977535860014	0.000106635082370841	1.14251873968758e-05	
3.19412893548626e-07	0.000165455878858188	0.00129362221887194	0.00566574590576553	0.0157116008207634	0.0363875168330595	0.0721563308913153	0.118502502919434	0.15727858937045	0.170388891586153	0.154972108866135	0.117237947273875	0.0769858538417705	0.0417712211538216	0.0190117748369078	0.00811915634111253	0.00318326889710561	0.000814822291442545	0.00031621876461314	2.97053991000222e-05	7.3464965516184e-06	
1.12402129859786e-05	0.000444148987417384	0.00234213923733549	0.00971893044556204	0.0242281185168057	0.0511098907451298	0.093690065578614	0.138183003513369	0.165946008439794	0.165849984906	0.140342409002447	0.0969706020258075	0.0597937581491544	0.0306716508982536	0.0129965765522734	0.00511365461073537	0.00191982837800515	0.000482365711569712	0.000161537918055636	2.40861706842399e-05	
5.20015258087449e-05	0.000810707017266767	0.00465365207361737	0.0160310045370524	0.0357360299192878	0.0673600634095624	0.114612654845848	0.153529175601401	0.169632207096561	0.156373755960392	0.122449704673322	0.0783992444598188	0.0453640639741504	0.0214239826515158	0.00860027719074192	0.00342499490481944	0.00112562308971103	0.000329127669559696	8.0101729196079e-05	1.16276703671728e-05	
