# <P(U)> as a function of N_tot.
# number_of_species: 1
# species_total_upper_bound: 103
# species_total_lower_bound: 0
# volume: 729
# Bin widths for each
10	10	10	10	10	10	10	10	10	10	10	10	10	10	10	10	10	10	10	10	10	10	10	10	10	10	10	10	10	10	10	10	10	10	10	10	10	10	10	10	10	10	10	10	10	10	10	10	10	10	10	10	10	10	10	10	10	10	10	10	10	10	10	10	10	10	10	10	10	10	10	10	10	10	10	10	10	10	10	10	10	10	10	10	10	10	10	10	10	10	10	10	10	10	10	10	10	10	10	10	10	10	10	10	
# Bin lower bound for each
0	0	0	0	-10	-10	-10	-10	-10	-20	-20	-20	-20	-20	-20	-30	-30	-30	-40	-40	-40	-50	-50	-50	-50	-60	-60	-60	-60	-70	-70	-70	-70	-80	-90	-90	-90	-100	-100	-100	-110	-110	-110	-110	-130	-130	-140	-140	-140	-150	-150	-150	-160	-160	-170	-170	-170	-170	-180	-180	-180	-200	-200	-210	-220	-220	-220	-220	-230	-230	-230	-230	-250	-260	-260	-260	-260	-270	-270	-270	-270	-280	-280	-290	-290	-290	-310	-310	-320	-320	-320	-330	-330	-330	-340	-340	-350	-350	-350	-360	-360	-370	-370	-370	
# Bin upper bound for each
0	0	0	0	0	0	0	0	0	0	0	0	0	0	0	0	0	0	0	0	0	0	0	0	0	0	0	0	0	0	0	0	0	0	0	-10	-10	-10	-10	-10	-10	-10	-10	-10	-10	-10	-20	-20	-20	-20	-20	-20	-20	-30	-30	-30	-30	-30	-30	-30	-40	-40	-40	-40	-50	-50	-50	-50	-60	-60	-60	-60	-70	-70	-70	-70	-80	-80	-80	-90	-90	-90	-100	-100	-100	-100	-110	-110	-120	-130	-130	-130	-130	-140	-140	-140	-150	-150	-160	-160	-170	-170	-180	-180	
# Normalized histogram for each
1	
1	
1	
1	
1.3981779590151e-05	0.99998601822041	
0.000101259113993525	0.999898740886006	
0.000440210483036828	0.999559789516963	
0.0014235300318049	0.998576469968195	
0.00389722619616817	0.996102773803832	
2.94869327317284e-06	0.00945779964218947	0.990539251664537	
3.75058803862463e-06	0.0205550977456823	0.979441151666279	
9.64454235440961e-06	0.0407149713570487	0.959275384100597	
4.1238261823331e-05	0.0738721870953161	0.926086574642861	
0.000166882792830415	0.124440989521207	0.875392127685963	
0.000450066693404716	0.193213015682455	0.806336917624141	
2.67574708196402e-07	0.00103310594834631	0.279700391247738	0.719266235229207	
1.09841327504777e-05	0.00241731292213563	0.380189768307134	0.61738193463798	
2.92286165854433e-05	0.00507612579782056	0.487036974468133	0.507857671117461	
1.60880725443367e-06	8.55349190273902e-05	0.00996468399941976	0.592088261311055	0.397859910963244	
5.09022422437708e-06	0.000238704725469473	0.0188892862835871	0.684418957602451	0.296447961164268	
1.55417936248098e-05	0.000556556988943622	0.0332956132215646	0.757243346705528	0.208888941290339	
1.87404540812024e-06	2.54334733959175e-05	0.00126364204661822	0.0556171164598747	0.803100741988121	0.139991191986582	
1.60532454043572e-06	8.26742138324394e-05	0.00257788365784969	0.0884980637110502	0.820076028170235	0.0887637449224923	
6.68838519105907e-06	0.000134302774636466	0.00503688911968277	0.13449754041323	0.807159408029754	0.0531651712775056	
1.97811932710796e-05	0.000318370286295349	0.00938323575947887	0.193148382740428	0.766746584469571	0.0303836455509557	
1.60340477659628e-06	3.09991590141947e-05	0.000704963633443496	0.0164768547184328	0.263002209759016	0.703413141024528	0.0163702283007891	
3.73389491112797e-06	8.74798236321409e-05	0.00143514917976997	0.0280599535503473	0.34153723386664	0.620453582885533	0.0084228667991666	
1.86718151084859e-06	0.000191519474969898	0.00308004927225267	0.0455800346015408	0.422133729673729	0.524929807312203	0.0040829924837942	
9.61076405574243e-06	0.000392439532276149	0.00581611404773346	0.0707469699396658	0.495686635698649	0.42559533344012	0.00175289657750013	
2.67360449208332e-07	2.03193941398333e-05	0.000892181819008205	0.0104185019847503	0.105854953213258	0.552631909630029	0.329449566327983	0.000732300270381622	
4.02454003531936e-06	7.24417206357485e-05	0.00173538166322971	0.0181785790368685	0.149784526126509	0.587830488520134	0.242074205005777	0.000320353386811421	
2.14339241683838e-06	0.00023229015317486	0.00318159811874448	0.0294124345160126	0.204138569248052	0.594311007847228	0.168598443736351	0.000123512988020312	
2.27689142710197e-05	0.00046234289449153	0.00578625079021526	0.0455030054966838	0.262984174265234	0.573870126112998	0.111332222567476	3.91089586302221e-05	
2.41267005637874e-06	6.56782404236434e-05	0.000956757714579524	0.0102994203962301	0.0679533882868086	0.324758525236663	0.526602770227759	0.0693522007706068	8.8464568733887e-06	
5.36053195774936e-07	1.04530373176113e-05	0.000191907044087427	0.00204370280889194	0.0175412687253432	0.0981872557105077	0.381287937489765	0.460026379177764	0.0407092198201381	1.34013298943734e-06	
2.14772019501299e-06	4.26859388758832e-05	0.000397059771053027	0.00403556624642942	0.0276647838319624	0.135985588797491	0.427262354760422	0.3821596937351	0.0224501191984708	
8.5922186719652e-06	0.000111967349569047	0.00091104368606181	0.00762801063287061	0.0416883709690412	0.179258384125876	0.456032274521387	0.302536047042397	0.0118253094541256	
1.3412456094325e-06	2.49471683354445e-05	0.000254568416670288	0.0018299955095097	0.0129242426924915	0.0617984279528461	0.226057558750581	0.464253926764771	0.226982481722846	0.00587250977633925	
3.75681190501491e-06	6.62808957527631e-05	0.00057425553405228	0.00360036752354179	0.0203970735508635	0.0874258432164321	0.274475629561172	0.448822829823934	0.161956966256315	0.00267699682603063	
1.77530072518345e-05	0.000158163155516344	0.00115663532095285	0.00665172903531235	0.031609767381808	0.119456488993136	0.315653579651826	0.413609024983323	0.110452486496955	0.00123437197391922	
5.11554398425489e-06	4.25397868164354e-05	0.000320394596908596	0.00227803250793582	0.0113880086264226	0.0470484657406635	0.155286376229413	0.349901054609778	0.362095165272457	0.0711130615992267	0.000521785486393999	
2.2355198243474e-05	8.10712610998273e-05	0.000714827664315421	0.00411308713706134	0.0187401202817401	0.0674650255616878	0.194297108126168	0.370145790906713	0.301645423392641	0.0425982342625464	0.000176956207782679	
3.34066573541119e-05	0.000213640961950087	0.00142301583987435	0.00754209171474486	0.0292335192701184	0.0925294362491867	0.233356008551027	0.372525179594459	0.238906093616769	0.0241850728817418	5.25346627746115e-05	
6.46716365022884e-05	0.000476144923748099	0.00281052153632862	0.0124700388434017	0.0434175726309634	0.122467061253471	0.268740021368587	0.35749187225735	0.179086809546072	0.0129572318383856	1.80541651902222e-05	
5.37962102721712e-07	5.37962102721712e-07	0.000151705312967523	0.000972635481720855	0.00543476214274609	0.0200025069033987	0.0610000607897176	0.156389886958023	0.294448177303702	0.327786226771469	0.127249824758845	0.00655910293743447	4.03471577041284e-06	
1.08065903991549e-06	1.40485675189014e-05	0.000329871171934204	0.00205136102251958	0.00916506931752329	0.0305956187380874	0.0840261033191092	0.190360791528714	0.309579907306471	0.285120270597024	0.0856362852885832	0.00311878198919611	8.10494279936619e-07	
2.16371126246872e-06	1.10890202201522e-05	6.16657709803586e-05	0.000801384558836854	0.00375025254567392	0.0149701772972055	0.0443003653156003	0.110357658767047	0.22164517244914	0.312297642284976	0.23567305349154	0.0547078164880748	0.00142155829944195	
5.42424218590451e-06	3.39015136619032e-05	0.000229987868682351	0.00165086810928004	0.00677460727808544	0.0233250550357173	0.062852050268622	0.139372919633614	0.246611272497383	0.300149356508589	0.185436126700534	0.0329915970352177	0.000566833308427021	
1.27364163409848e-05	8.59030634062163e-05	0.000505662827495267	0.00298790907607868	0.0110457248186145	0.0352183590834766	0.0850098883368571	0.169213317630506	0.263078809150492	0.275486517554847	0.138532645602983	0.0186122400754863	0.00021028636341711	
6.78034318842655e-06	2.11546707478908e-05	0.000170864648348349	0.00113747037329044	0.00528188734378428	0.0179765882886115	0.0503497436623454	0.109851594560429	0.195357417654766	0.270963397266545	0.241311600434918	0.0975984295640321	0.00988655400990852	8.65171790843228e-05	
8.40499951061213e-06	2.60283855812505e-05	0.000398017396179955	0.00224684615949815	0.00931734865103825	0.0277218574181306	0.0694987719211199	0.135837535155266	0.217058298974509	0.265682847917499	0.201370502952459	0.0658488331013825	0.00496410116257411	2.06058052518233e-05	
1.3806108634584e-05	8.36487758448323e-05	0.000833509970311452	0.00421790154187163	0.0152725339379868	0.0408641866022815	0.0925932392839556	0.160631096175248	0.231405269656312	0.249966093821442	0.160030936511662	0.0417946100410475	0.00228721199712941	5.95557627374211e-06	
2.44101954334491e-06	4.69218201109633e-05	0.000227828490712192	0.00169813592898694	0.0078915449592404	0.0238620509337713	0.0575063520753006	0.116206633931691	0.18336721830092	0.238280665172401	0.224285486457224	0.120583653197302	0.0249960401238519	0.00104421391576421	8.13673181114971e-07	
1.52035593704423e-05	0.000112669234620242	0.000536196959939707	0.00324405948066813	0.0129976858010701	0.0350851996607434	0.0773643978250222	0.139668041140832	0.202441365844335	0.235033453260458	0.192480862519642	0.0860953132856304	0.014500666241691	0.00042488518597754	
8.17236275810705e-07	3.84101049631031e-05	0.000213026255894657	0.00121087174865953	0.00611292734306408	0.0207343739656853	0.0496471037555003	0.0996270950873476	0.16220941461638	0.21312786560495	0.222098395792432	0.158286408080396	0.0588448256276579	0.00768746923445937	0.000160995546334709	
6.56702663093475e-06	8.92021117368636e-05	0.000491158866771994	0.00259424914532885	0.0103821954773982	0.0313556367799461	0.0673306295425355	0.123079486743089	0.181176055964201	0.216780832600471	0.201104792780211	0.123828127779015	0.0378019942965374	0.00391558962869484	6.34812574323692e-05	
1.18136574121771e-05	0.000150280711731649	0.000986303025807347	0.00451528975742166	0.0173317343685394	0.0453916433484301	0.0879669657170409	0.145410462779424	0.194450877850903	0.211528206480753	0.175235826701888	0.09198882922534	0.0231253717524462	0.001891009394605	1.53852282577191e-05	
2.65444295685037e-05	0.000366921437889629	0.00194161442114618	0.00813531465379704	0.0269998324382883	0.0628937078088735	0.109980207809703	0.164955103968448	0.201253228881003	0.198272234139565	0.145553614494143	0.0651994786231626	0.0135036490295522	0.000905275650075845	1.32722147842519e-05	
2.76540030690413e-07	8.73866496981704e-05	0.000782884826884558	0.00369982907060703	0.0139318102061523	0.0396704970226318	0.0826005713870114	0.132352611768493	0.180005160236973	0.199923509027511	0.178812719624636	0.116327946610076	0.0439781610806963	0.00748483247066671	0.000340144237749207	1.65924018414248e-06	
1.27537864883059e-05	0.000234836025121632	0.0016638146242679	0.00667827076399617	0.0222301271053452	0.0562261767586085	0.103337832277726	0.153925449127364	0.188346255321933	0.192264440336123	0.154649919651145	0.0881627671502385	0.0280563894806769	0.00408232070116991	0.000128092377339072	5.54512456013299e-07	
6.04190072071244e-05	0.000664609079278369	0.00325622253127797	0.0117828201198078	0.0338026247464559	0.0749947446600874	0.125706616995004	0.170235703735259	0.190983368067302	0.178004418661956	0.127594641363075	0.0635290547209658	0.0174006740756518	0.00191920837179128	6.48738648813825e-05	
2.79430531753508e-06	9.22120754786575e-06	0.00014977476501988	0.00133316306699598	0.00571519266595449	0.0192175553908157	0.0489525965663017	0.0965633677191231	0.147207916155192	0.180815026209187	0.18598029958865	0.157426131840355	0.101304744981917	0.0441368907820618	0.0102671160282191	0.000891103965761936	2.71047615800902e-05	
1.03220622922511e-05	4.99364635219713e-05	0.000438827134748944	0.00274483164576914	0.0102188416693286	0.0295905628453183	0.0678873667721656	0.118009627415397	0.162639435020526	0.18650404304021	0.175425401479403	0.133693303631832	0.0774561974917389	0.0292150629576056	0.00570726352364519	0.000403397353367433	5.57949313094652e-06	
1.95863256109115e-06	4.89658140272787e-05	0.000114719907149624	0.000996943973595395	0.00516015738452042	0.0167454689833746	0.043491436019029	0.0887948869617188	0.138874043697652	0.174786411119213	0.183803395821173	0.158418678415477	0.110325295291839	0.056567546801525	0.0186324715536601	0.00305994366972754	0.000175997125846619	1.6788279095067e-06	
2.52489546932757e-06	1.20633894645651e-05	0.000101276362714139	0.000276055237979814	0.00216888520815238	0.00927225779519395	0.0262642432158864	0.0598936065158014	0.111109988935347	0.157420499457989	0.181318635075175	0.174780558529321	0.137666278393852	0.0869989204669149	0.03983499527564	0.0112450427885619	0.0015601048561034	7.40636004336087e-05	
1.6883583191605e-06	1.46324387660577e-05	0.000134505879426453	0.000686036263685551	0.00407738534077262	0.0149661709271451	0.0388848618416387	0.0801573437396236	0.13189821000251	0.171159012963215	0.181816212066809	0.160394040320248	0.115564468836845	0.0664698228461894	0.0266617103970231	0.00637242708261813	0.000713612782898506	2.78579122661483e-05	
3.10954591018388e-06	3.53357489793622e-05	0.000318304426806095	0.00158954333208763	0.00719322774823081	0.0236424429271117	0.0545550041922333	0.101467309909218	0.151586405517578	0.180481436858974	0.173993510660371	0.14179614156236	0.0939424914925651	0.0482663716178741	0.0173066017921161	0.00352424626020567	0.000285512851753247	1.30035556244053e-05	
9.07667521386916e-06	9.24686287412921e-05	0.000652953323197713	0.00321711407111575	0.0123757630080102	0.0349148494406499	0.0729693775669972	0.123762168417709	0.168151932197236	0.181640722503347	0.161494474573964	0.121713108988178	0.0726828950055595	0.0335695159862942	0.010827906237945	0.0018142004583721	0.000108352810365563	3.12010710476752e-06	
2.84036361198815e-07	4.7718108681401e-05	0.000204222143701948	0.00116511715363754	0.00607979831146064	0.0196573044494864	0.0493484773946822	0.0944139704988474	0.144253830798403	0.178436754759597	0.177042704298834	0.144695791376429	0.0997478893257999	0.0547372152393461	0.0227629580228343	0.00639365849058533	0.000966575737159568	4.57298541530092e-05	
1.22523249498937e-05	7.52235764365566e-05	0.000455330587672793	0.00257612255516253	0.010575750996285	0.0300914251391494	0.0668928502839975	0.116130100315198	0.161724705645017	0.181804841548945	0.165943779494623	0.125606846257257	0.0792101410499046	0.0399827555649775	0.0148595057241153	0.00357853369873755	0.00046672809925409	1.31071383184909e-05	
2.65916610266611e-05	0.000190144672932577	0.00109969385277999	0.00467956047701437	0.0170978661764651	0.0429077895553102	0.087419084863712	0.136964782061323	0.175183861320771	0.178798325697524	0.149522908430043	0.105838242068179	0.0607676640827006	0.028017889039575	0.00933967758897698	0.00194690989172619	0.000195291446034511	3.71711390695263e-06	
7.88941733640648e-05	0.00046102886034928	0.00234416105657372	0.00873057266841898	0.0260717988617436	0.0589597674142392	0.108368749644976	0.154984017474916	0.179763960108811	0.170454447651851	0.1321104449574	0.0874072850019021	0.0449432851304278	0.0186695171848723	0.00557509262175953	0.000977713973908119	9.81156628745824e-05	1.14755161256821e-06	
2.00592148020958e-06	4.29840317187767e-06	0.000164199001165727	0.00108692288206213	0.00427433211411515	0.0152275230766938	0.0392768022631379	0.0771726708672573	0.129623219171566	0.167952080255199	0.178863719987116	0.156880826485499	0.112466286191122	0.0692782236017868	0.0319566216614303	0.0120269320749137	0.00323440510673222	0.000480561474615923	2.83694609343926e-05	
3.16533554714983e-06	5.75515554027242e-06	4.4026939883084e-05	0.000298117056986111	0.00211904826992831	0.00780715624815655	0.0243218628287453	0.0543600338978661	0.0975924745586155	0.148550060501073	0.176551769782268	0.171940451405625	0.139948405030581	0.0927952646580215	0.0520142324996511	0.0220963441813219	0.00755997231770185	0.00178611252192355	0.000189344617274963	1.64021932897764e-05	
1.64715034321412e-05	1.90722671319529e-05	0.000131194079968282	0.000798145482097788	0.00392281858054941	0.0131939632228895	0.0358165617788299	0.0731453231622281	0.119878446084146	0.16419690439766	0.178054351337746	0.159907667109182	0.11951289429745	0.0738478183349217	0.0374174763229363	0.0146466342361066	0.00449094096208607	0.000918647533522399	8.14905959274352e-05	3.17871118865882e-06	
3.32881290189988e-05	3.18408190616511e-05	0.000289751453461025	0.00157669946753467	0.00691698374815649	0.0207251891272287	0.0505221170671132	0.0934953548586919	0.140272412680172	0.174762387887752	0.17333186672591	0.144007630218095	0.0986440153009609	0.0568349936390727	0.0260397112906097	0.00944051338978807	0.00260776308114922	0.000433324601229924	3.06829710957728e-05	3.47354389763466e-06	
4.13253806227618e-05	8.06135945951059e-05	0.000626865280714289	0.00329526256895445	0.0111889923155164	0.0313971034400469	0.0685867447386534	0.113140161430906	0.157535843219655	0.178774469645489	0.161475723521563	0.125815412329806	0.0793796536525671	0.0429166988005454	0.0180795629986511	0.0059042910005253	0.00150342898800836	0.000247370236122166	1.04768570592917e-05	
2.61365857313409e-06	2.03284555688207e-05	0.00017104943328622	0.00132599611610336	0.00592284073322997	0.0179816805766544	0.0456347690934293	0.0882873537549126	0.132282197296954	0.170395147423412	0.176369970921596	0.146136620580122	0.105958008961364	0.0625114529066642	0.0306036186393352	0.012018763745303	0.00348865338211775	0.000759122612241389	0.000121970733412924	7.84097571940226e-06	
6.6758096233247e-06	7.72071895567117e-05	0.000467887178817366	0.00268773900486899	0.00988193975807446	0.0277562748982302	0.063023125875293	0.108873747378656	0.149613020731291	0.176384468583785	0.166707156903295	0.129453817184405	0.086421838605046	0.0470711336540625	0.0213228261894914	0.00779647488226629	0.00199403530922786	0.000406353629245851	5.34064769865976e-05	8.70757776955395e-07	
2.47103151611738e-05	0.000266289984560414	0.00101544859832918	0.00508828995607087	0.0164500928671786	0.0413592533880022	0.0828371162887781	0.128865456403882	0.162680214508792	0.173815554649188	0.153335354734017	0.111144381208648	0.0681490142473863	0.0342580902298612	0.0145177462215748	0.0048824675662578	0.00108638173832125	0.000206113099403202	1.80239945881503e-05	
0.000119071623754528	0.00063504866002415	0.0021302521884843	0.00882404748495236	0.0256406690724349	0.0584551861920953	0.103904911892793	0.147368082547055	0.169947944551445	0.166690712761002	0.135720502105627	0.0912502926090997	0.0523660197977579	0.0242063050597618	0.00931568871490719	0.00275458150525074	0.000573050296317413	8.98107137807877e-05	7.82222345832667e-06	
1.59773133769911e-05	0.00021467699246539	0.00119016459828241	0.00430370723054769	0.0150137361320551	0.0376913537461426	0.0769423837744863	0.124155925796709	0.161825782793944	0.17199752148295	0.155295128575251	0.116049617982437	0.0726084648968258	0.038261017592184	0.0166225063408147	0.00580615568119857	0.00166105959799337	0.000301825974521705	4.09600215664681e-05	2.03347624798069e-06	
4.976585311623e-05	0.00040947693178091	0.00214458813809064	0.00822271587102903	0.0237653775758558	0.0534109835857083	0.09723752950664	0.142908031248299	0.169958828214969	0.167192603455496	0.139576338344939	0.0964281795796444	0.0560040464586066	0.0269591230267184	0.0113148924169936	0.00333373010202582	0.000910627803512771	0.000156573268868607	1.658861770541e-05	
5.82186547124362e-07	0.000116728402698435	0.000897149469118642	0.00405580258054187	0.013793454767744	0.0358225204311091	0.0711513466702568	0.118007466542467	0.15823655694876	0.172343810265404	0.156575287636541	0.121789059259313	0.0768922882114502	0.0416801903750009	0.0189798636228013	0.00709918275563447	0.00196604396963897	0.000510868695101628	7.56842511261671e-05	6.1129587448058e-06	
8.13118859682111e-06	0.000285172400074226	0.00192360690233368	0.00688072795046712	0.0214065155795026	0.0504003013186174	0.0907089263898016	0.138322262816859	0.16837629746908	0.168378911065415	0.142524635323451	0.102187260692586	0.0596724699153282	0.0303386262531105	0.0126759422232586	0.00452123125942528	0.00108609447686111	0.000257003639578096	4.47215372825161e-05	1.16159837097444e-06	
6.50303784768027e-05	0.00072346296055443	0.00364373339402835	0.0115234411289274	0.0318204673826202	0.066568463053455	0.112138210456885	0.156532185392319	0.171682812006466	0.158762669311235	0.125444761338511	0.0831166621764739	0.0449322174430055	0.0213189322011854	0.0082553742962784	0.0027666942271604	0.000592240946842311	9.78358819048327e-05	1.45157094814292e-05	2.90314189628584e-07	
3.48449053263922e-06	1.21957168642373e-05	0.000162319183978777	0.00155292128071288	0.00635367811205657	0.0188313483352266	0.0467403752564004	0.0864902817559045	0.133599722634554	0.168065108867099	0.167922825503683	0.144825880008084	0.105736574838726	0.0651730397998509	0.0329754761556313	0.0142922186680419	0.00528045502800369	0.00163016082085305	0.000297052817907494	5.16866095674818e-05	3.19411632158595e-06	
1.30479259016987e-05	3.65341925247563e-05	0.000484223027907484	0.00293027420361259	0.0102223250592086	0.02906121042999	0.06349004762203	0.107101145201959	0.152438918309546	0.172106781905948	0.160165320120714	0.127652498358861	0.0869809535076304	0.049842497036671	0.0240629849479127	0.00906279937741097	0.00330924396257971	0.000828398317803402	0.000181511146988075	2.87054369837371e-05	5.79907817853274e-07	
1.7358875954919e-06	3.26925497150974e-05	7.20393352129138e-05	0.00111559709470279	0.00548800863314764	0.0169625149539483	0.0421068467746485	0.083523678230089	0.127225516390395	0.165546970948475	0.171538097669716	0.14622625269605	0.109309709831923	0.068730444141307	0.0371835802392342	0.0166639422875237	0.00570586252638187	0.00201449755456835	0.000465217875591829	7.66683688008922e-05	1.01260109737028e-05	
2.1481578675411e-05	8.38942734755917e-05	0.000310031432774851	0.00232204253817044	0.00912386510497525	0.0257720885784188	0.0581163790650985	0.104214976027719	0.14617575647089	0.172092119976359	0.165194501180326	0.130351961152016	0.0900472943080784	0.0532447053714397	0.0262911299658733	0.0114479396843717	0.00375869568498949	0.00113881396140051	0.000256908069293767	3.5415575654056e-05	
2.43733509904721e-05	0.000237930331097465	0.000701023999916434	0.00428622786703873	0.0146762392035485	0.0384974177305102	0.0767862111828997	0.124024666991838	0.16089951592784	0.174111613118318	0.152116694961999	0.112536404066055	0.0727498101635133	0.0396766236641445	0.0182443236931894	0.00738338439647086	0.00226498068847172	0.000659241112504196	0.000113742304622203	9.57524503197116e-06	
6.37457587338933e-06	5.41838949238093e-05	0.000421881021438858	0.00162117054598242	0.00769874913436157	0.0221296298979199	0.0539657105768701	0.0982481506486131	0.143629625551618	0.1705474311908	0.16803208150185	0.136037505686411	0.094233326862173	0.0556601887453965	0.0290332955688005	0.0123171293546321	0.00468502351349237	0.0013403994541045	0.000299025559151718	3.18728793669467e-05	7.24383621976061e-06	
2.10542588439424e-05	0.000203620640326347	0.00078506428182481	0.0033066722965178	0.0129988417273491	0.0329928888519718	0.0721901505292983	0.120381906950559	0.159055984716339	0.172343240948399	0.15651995597641	0.118897725909313	0.0755066289189763	0.0424921089791511	0.0203121683233196	0.00815405487720464	0.00290519930595934	0.000762856364962022	0.000143342008841635	2.5668890919327e-05	8.65243514134618e-07	
4.39324134502552e-05	0.000455509760510541	0.0018359124357633	0.00607307810142607	0.0199860688004717	0.0486964790482852	0.0932586867676727	0.139330204112305	0.17084217280468	0.168646997277346	0.14015653812582	0.0994236761025013	0.0587578688155012	0.0311333406554022	0.014009237367986	0.00497390067806212	0.00185209806177129	0.000437878989323267	6.84998814980953e-05	1.79198002231304e-05	
1.09947531880444e-05	0.000149586510479446	0.00099155313619548	0.00341502820732864	0.0108610801361266	0.030087720770304	0.06658827600534	0.113140929010351	0.156293020588543	0.174184666717204	0.158440180151924	0.124582416380562	0.080240866108789	0.0447894417963806	0.0225959538150926	0.00912853850217899	0.00306377477653164	0.00114576901643831	0.000253168658935233	3.0380239072228e-05	6.65471903486899e-06	
7.27935013674158e-05	0.0003967390831499	0.00184912894310216	0.00625647093625203	0.017419977900937	0.0434275588655814	0.0864296672669955	0.13382983721517	0.167525977999542	0.172653424629725	0.144155783893205	0.10529768481864	0.0621247582008695	0.0337512434348092	0.0162973339017607	0.00585886181125312	0.00188132049151564	0.000653691442558387	0.000102954952133198	1.4500697483549e-05	2.90013949670979e-07	
1.07153634564403e-05	0.000154359154656289	0.00082624140381687	0.00321866349878048	0.0104162020929132	0.0272622014685261	0.0589822837393491	0.107491892524325	0.150770666316052	0.172028209787123	0.164828064753231	0.129986626067989	0.085150649322065	0.0483312124636474	0.0246409918835466	0.0107866061432048	0.00356763682215914	0.00117376670510683	0.000321460903693209	4.05446184838282e-05	1.10049678741819e-05	
9.83636056973358e-05	0.000310423967391886	0.00175202940030313	0.00585321314843676	0.0168418744284424	0.0398094870540476	0.0793169399776599	0.128629219256238	0.164500690425721	0.171759056612016	0.1515745554182	0.10980039999271	0.0670162817804854	0.0361000219003675	0.0168311701537047	0.00687850908547016	0.00213188650112843	0.000634155952025176	0.000123822421289587	2.979838643184e-05	8.10053223389824e-06	
0.00014751831589149	0.000740489778197952	0.00298717344183417	0.0098712649101457	0.0254244484510432	0.0570637942812163	0.100942523212398	0.146612049145336	0.170922140180656	0.165702774068888	0.134240798001634	0.0905336424358897	0.0514511426003624	0.0255893559593777	0.0115768548689304	0.0043959878495916	0.00138620845758153	0.00033097429616519	5.91232543062161e-05	2.17364905537559e-05	
5.2146328391503e-06	0.000334315905354414	0.00153281235288579	0.00554286500619238	0.0160497707734314	0.0372718779196512	0.0760203660382551	0.122035734720039	0.159664814989172	0.172213249512939	0.152822927002383	0.115563216559356	0.0727962744345382	0.0383356630188379	0.0184169243805813	0.00775357962816771	0.00267105082094254	0.000775531783911409	0.000154700774228126	3.76612371716411e-05	1.4485091219862e-06	
2.90677225613779e-05	0.000635420415191722	0.00288497146421676	0.00920487570351156	0.0246133847560724	0.0539418447888259	0.09572117310352	0.141379879671256	0.169441568354784	0.166357482991022	0.136928448638206	0.0951933032618054	0.056015245439129	0.0277526987927012	0.0128017156932565	0.00497930087476404	0.00153128762453339	0.000478745390585895	9.91209339342988e-05	1.04643801220961e-05	
2.92288180947429e-07	0.000161635364063928	0.00128080680891163	0.00556341323615336	0.0153465909406447	0.0361177582314928	0.0714103869281711	0.116855353301877	0.156702708722259	0.171484014320952	0.156061428453261	0.117885084563355	0.0770609020422467	0.0420430242356591	0.0193050497752158	0.00825626424722202	0.00325959779392573	0.000842666825671437	0.000329116491746805	2.71828008281109e-05	6.72262816179086e-06	
1.02895509022613e-05	0.000430985189220431	0.00227987049277247	0.00952136243061535	0.0238843995414976	0.0508283235469905	0.0928052814206871	0.13659143633017	0.165986919334919	0.166721005295003	0.141380193320082	0.0975070182086833	0.0599378099543467	0.0310109424964038	0.0132006118460954	0.00526648613894598	0.00195766055594738	0.000495074391983088	0.000162280917087093	2.20490376477028e-05	
4.75865913399497e-05	0.000806903070546974	0.00449264713271575	0.0157697825736129	0.0352185111249175	0.0671828087675191	0.11371333246239	0.152465369670967	0.16998817133301	0.156999987586107	0.123280897441733	0.0790395548023147	0.045440465627407	0.0217831316469749	0.00868144944619257	0.00354357542592955	0.0011193193876049	0.000341086499418025	7.47789292484925e-05	1.06404800511689e-05	
