# <P(U)> as a function of N_tot.
# number_of_species: 1
# species_total_upper_bound: 103
# species_total_lower_bound: 0
# volume: 729
# Bin widths for each
10	10	10	10	10	10	10	10	10	10	10	10	10	10	10	10	10	10	10	10	10	10	10	10	10	10	10	10	10	10	10	10	10	10	10	10	10	10	10	10	10	10	10	10	10	10	10	10	10	10	10	10	10	10	10	10	10	10	10	10	10	10	10	10	10	10	10	10	10	10	10	10	10	10	10	10	10	10	10	10	10	10	10	10	10	10	10	10	10	10	10	10	10	10	10	10	10	10	10	10	10	10	10	10	
# Bin lower bound for each
0	0	0	0	-10	-10	-10	-10	-10	-10	-20	-20	-20	-20	-20	-20	-20	-30	-40	-40	-40	-40	-40	-40	-50	-50	-50	-50	-50	-60	-60	-60	-70	-70	-70	-70	-80	-80	-90	-90	-110	-110	-110	-110	-110	-120	-130	-130	-130	-130	-150	-150	-150	-150	-160	-160	-170	-170	-170	-170	-180	-190	-200	-200	-200	-200	-200	-210	-220	-220	-230	-230	-230	-240	-240	-240	-250	-250	-260	-270	-270	-280	-280	-280	-280	-290	-290	-290	-300	-300	-310	-320	-320	-330	-340	-340	-340	-350	-350	-350	-360	-360	-360	-360	
# Bin upper bound for each
0	0	0	0	0	0	0	0	0	0	0	0	0	0	0	0	0	0	0	0	0	0	0	0	0	0	0	0	0	0	0	0	0	0	-10	-10	-10	-10	-10	-10	-10	-10	-10	-10	-10	-20	-20	-20	-20	-20	-20	-30	-30	-30	-30	-30	-30	-40	-40	-40	-40	-40	-50	-50	-50	-60	-60	-60	-60	-60	-70	-70	-70	-70	-80	-80	-80	-80	-90	-90	-90	-90	-100	-100	-100	-100	-110	-110	-120	-140	-140	-140	-150	-150	-150	-160	-160	-160	-160	-160	-170	-170	-180	-180	
# Normalized histogram for each
1	
1	
1	
1	
2.47319395011793e-05	0.999975268060499	
0.000135767186428712	0.999864232813571	
0.000551257911571879	0.999448742088428	
0.00160004351393126	0.998399956486069	
0.00406594202242717	0.995934057977573	
0.00952789777553681	0.990472102224463	
6.82973027118582e-06	0.0201272151091846	0.979865955160544	
2.05351927570093e-05	0.0405227803738318	0.959456684433411	
6.38013771982992e-05	0.0729090237933565	0.927027174829445	
0.000190785080606697	0.123892197344453	0.87591701757494	
0.000387048584782879	0.195330519120426	0.804282432294791	
0.00100220848657449	0.282332560892102	0.716665230621324	
0.00240946377531014	0.380661276539801	0.616929259684888	
2.72502458199258e-05	0.00555223758580989	0.484854540458667	0.509565971709703	
2.28174535265515e-06	6.38888698743443e-05	0.0102815445590641	0.589758157810072	0.399894127015637	
6.8768696489358e-06	0.000194844640053181	0.0186936239956905	0.685715595594219	0.295389058900389	
3.43589085778161e-05	0.000611588572685126	0.032356929504682	0.759499092924814	0.207498030089242	
4.80786842008865e-05	0.00130270339572878	0.0554759331843657	0.80274918495183	0.140424099783875	
6.6700553614595e-05	0.00218961817383084	0.0887876369373866	0.820591610910371	0.0883644334247974	
0.000112969862407319	0.00435279796377587	0.134228946106459	0.809406009074477	0.0518992769928806	
1.14860410143553e-05	0.000234315236692847	0.00885803483027077	0.193250342858324	0.767945216178778	0.0297006048549198	
1.60583606707807e-05	0.000426693583537886	0.0161455346287078	0.263820513408731	0.70334931522562	0.0162418847927324	
4.79914438111605e-05	0.00100553501318622	0.0281481244486697	0.343250803285357	0.618897659388726	0.00864988642024965	
8.47364467488686e-05	0.00249170956926403	0.0465477913559664	0.423240230116707	0.523272750590865	0.00436278192044851	
0.000296501284838901	0.00528415855693514	0.0704202043790252	0.49978854171934	0.422197143474443	0.00201345058541765	
2.31213338235056e-06	0.000799998150293294	0.00975257860675467	0.103958141137246	0.558948996649719	0.325754160105988	0.00078381321661684	
6.04169232449465e-05	0.00157781118781995	0.017367541705105	0.147194214847227	0.592964216915344	0.240464001970521	0.000371796450738132	
0.000240837744832409	0.00266542542598176	0.0288148467206699	0.203227688930264	0.597367921338687	0.167546650734324	0.000136629105241463	
4.40558256873289e-05	0.000398821158853714	0.00483918464260291	0.0448117309070167	0.262825462412265	0.576669889698125	0.110334337342413	7.65180130358869e-05	
0.000101936799184506	0.000743675284959689	0.00904920767306088	0.0656496154202576	0.325799277175424	0.529575572236123	0.0690644981929386	1.62172180520804e-05	
0.000192354934251693	0.00174741711356357	0.0159886348361739	0.0939688616759445	0.383553421368547	0.464272967874408	0.0402763421971105	
0.000335694772422096	0.00350048617863592	0.0267977033847294	0.132858730379219	0.429392971246006	0.384775663286568	0.0223387507524193	
9.26492115552097e-06	0.000729612540997276	0.00685140919450775	0.0403417829414272	0.17755989771527	0.45980877202735	0.30291196471918	0.0117872959401115	
0.000131016411529444	0.00157909253896014	0.0110444536385786	0.0597204983220705	0.227049142646991	0.469509952650209	0.225447064772675	0.00551877901898589	
4.16347659547893e-05	0.0004325389574192	0.00286585972322133	0.0177572276797176	0.0846920530797005	0.272427838854951	0.458144338481395	0.161050213840784	0.00258829461685607	
9.99553687655744e-05	0.000904247405809499	0.00539758991334102	0.0282036857961096	0.116945456912262	0.314905902480753	0.421188678543534	0.111252649979544	0.00110183359988098	
3.04341311757875e-05	0	0.00019899239614938	0.00165280743154662	0.0097693561074278	0.0416151627523692	0.153570625913024	0.351010881372439	0.369734895306589	0.0719977900138592	0.000419054575420459	
5.17938322962796e-05	5.41480974006559e-05	0.00070157100110415	0.00318767495132557	0.0161596756764392	0.060848335887711	0.191912628513446	0.376202146618922	0.307200990674756	0.0435397788403361	0.000141255906262581	
9.77090795566391e-05	0.00025261371787814	0.00139890804145725	0.00524292622011234	0.0247394623140846	0.0850545621799134	0.230507634415521	0.382831323147758	0.244985260227877	0.0248562365798962	3.33640759461694e-05	
8.39129319418172e-05	0.000520260178039266	0.00271158645789129	0.0101774398883718	0.0383889676072108	0.114826456069183	0.266490689260823	0.370065619912778	0.183052464762562	0.0136586278077866	2.39751234119478e-05	
0.000217895702186859	0.00109905634399745	0.00533485301617935	0.0179608314516882	0.0539399613534436	0.149646458237056	0.29537558275128	0.338820633525768	0.13081404397662	0.00678589472524789	4.78891653157931e-06	
9.66307280883785e-06	0.000473490567633054	0.0024761624072647	0.00870401283256069	0.0287017420104506	0.0761498452700466	0.182892979052874	0.312182477466922	0.296453410702336	0.0886055461206386	0.00335067049646452	
2.20586613333726e-05	4.41173226667451e-05	0.000833327205927407	0.00410291100800729	0.0140881317049139	0.0421001806359267	0.100526221620919	0.21525331921579	0.318188836846788	0.246598676970512	0.0563892912552114	0.00185292755200329	
9.18043525187889e-05	0.000354811416491535	0.00181871865935871	0.00779840756666361	0.0213953765343113	0.0584694477596016	0.128769251000543	0.242720783264811	0.307787738412182	0.195481240897102	0.0346276092906005	0.000684810845815831	
0.000139739037347753	0.000895827042997203	0.00367813109018907	0.0132053390293627	0.0334924528443132	0.0792669689355129	0.158346787374578	0.261192223522572	0.28288670907081	0.146336716182529	0.0202596650754716	0.000299440794316614	
0.000248663434042024	0.00199184485431621	0.00644495022925246	0.0199844204746427	0.0486745985227362	0.103593694098303	0.183635408658055	0.274250393928552	0.246067692276463	0.103631754828004	0.0114106067641529	6.5971931480537e-05	
3.31321616441708e-05	2.03890225502589e-05	0.00033387024426049	0.00333615381478612	0.0103984015006321	0.0287000978673082	0.0663152958447172	0.12952126575052	0.207644354279656	0.271795865106227	0.207017391836235	0.0690193899604453	0.00584655221628675	1.78403947314766e-05	
6.4199027256339e-05	9.24465992491282e-05	0.00074984463835404	0.00531567945682487	0.0172823781374065	0.042394469638996	0.0895139876840586	0.154830078014658	0.220107648928903	0.255468473141695	0.167048436882084	0.0443358482232277	0.00279650962728613	
0.00012895338850819	0.000172797540600974	0.0019807240474858	0.00978498312000145	0.0268713070973366	0.0592953471038358	0.111879959869706	0.179299370449557	0.230290119333466	0.227339665804398	0.125551598119344	0.0261569053250012	0.00124826880075928	
0.000150341638412807	0.000313643762895684	0.00390369840430496	0.0145831389260423	0.039301377958879	0.0821072713511048	0.13377295302083	0.198712764523521	0.226660756685019	0.194161041815712	0.0899276286457847	0.0158610428525511	0.000544340414942922	
3.91581519440717e-05	0.000174906412016854	0.000759668147714991	0.00701714082837765	0.0223958523685461	0.0550041507641061	0.104549655147209	0.158825464285155	0.206191164876704	0.214437871676126	0.159073465914134	0.0630002453910855	0.00833807582062434	0.00019318021625742	
0.000169867158573647	0.00035300518891086	0.00236486934826749	0.0111501864557483	0.0346449378259658	0.0743328069220867	0.126888113280161	0.176635303173065	0.209979695566202	0.193688373389248	0.125213329263599	0.0402266664897217	0.00429445410269001	5.83918357596911e-05	
5.34822278556836e-06	0.000254040582314497	0.000791536972264117	0.0043775203499877	0.0186412305190985	0.0510380900426788	0.094265100707035	0.149637925317417	0.187463230968349	0.204307458631497	0.169223117158168	0.0919974542459541	0.0255832236947662	0.00239867791932741	1.60446683567051e-05	
8.01207152109178e-05	0.000462029457716293	0.00154365911306368	0.00769425935075514	0.0281677727776517	0.0686848184598128	0.116172366365324	0.163091057192837	0.194276710243433	0.195272877802556	0.142673628266588	0.0661877228357392	0.0147128340032315	0.000980143416080228	
0.000130401343399962	0.000803698075648747	0.00294334460817058	0.0137959298813348	0.0434209861002813	0.0911718290518226	0.13438257625152	0.176278665009594	0.195801608992902	0.175922057254174	0.11333739617791	0.0434103410926568	0.00828181593185066	0.000319350228734601	
0.000309834852681541	0.00166402683810862	0.00607383150860192	0.0214266826569941	0.06199902241762	0.114307692718614	0.154353847427703	0.179768318317917	0.19018250875417	0.150189773847267	0.0862489416201692	0.028515490407139	0.00483983407809441	0.000120194554919563	
0.000106670933504007	0.000893369068096057	0.00370148139258904	0.0121844873794952	0.0337906849607318	0.0812352494099764	0.135576089710255	0.168025387682174	0.179257836980146	0.178895155806232	0.125234342707042	0.0612211155112871	0.0174086963478539	0.00244009760390416	2.93345067136019e-05	
4.27987149685831e-05	0.000192594217358624	0.00196071612949821	0.00598379533654502	0.0202063433045423	0.0495154382989651	0.101371431322775	0.158122527371116	0.175324935868801	0.173562163796032	0.157641041827719	0.10040311039661	0.0435102436049358	0.0110527681406366	0.00110741674981209	2.67491968553644e-06	
5.3635983308482e-06	0.00011799916327866	0.000616813808047543	0.00294729728280109	0.0109176044024415	0.0315567307795454	0.0692038274637689	0.125821971444202	0.169009665204192	0.179412364166872	0.163916928589052	0.132639104922711	0.0785498975552719	0.0287327962583538	0.00620836506795679	0.000343270293174285	
2.94790778944435e-05	0.000214393293777771	0.00120060244515552	0.00548578840453871	0.0174891329399216	0.0475658321407706	0.0915780954371747	0.147513305783795	0.178021471488372	0.174757333590605	0.145682923038167	0.111031606931335	0.0572322897739759	0.0186950952174216	0.00338205420934433	0.000120596227749996	
4.80864273387368e-05	0.000357976736855041	0.00270085433552572	0.00982298851802974	0.0282374187205805	0.0650929938075367	0.117403012347526	0.163103818596624	0.179015083109375	0.164979189262835	0.127664121647975	0.0881905077392433	0.0407105036786117	0.0109396622195626	0.00170439670233967	2.93861500403392e-05	
0.000212064027230095	0.00103079223362476	0.00417685603000035	0.0159235925256826	0.0400720480821627	0.0861973161820959	0.139044208638791	0.174931347626628	0.178015671263177	0.152221706229582	0.107146020846699	0.0660861302073127	0.0271307737115768	0.00686121080506484	0.00095026159037283	
0.0002610565523849	0.00242486550204943	0.00750335740256804	0.0230644809684391	0.0550640934205675	0.109196995427473	0.156946122771936	0.182747660583421	0.169428393802464	0.134522172313472	0.0868672406322413	0.0491674449022653	0.0178298933974223	0.00454830488175753	0.000427917441538134	
1.87422855413977e-05	0.000819305625095385	0.00384484600534958	0.0145520459882138	0.0354309520813308	0.0725085478209416	0.131153159279975	0.172335315553152	0.183770787202767	0.154639920532709	0.115096375509723	0.0685994425508786	0.033176522877637	0.0116362818518449	0.00223300944878938	0.00018474538605092	
4.2762454564892e-05	9.08702159503955e-05	0.00180938635877699	0.00695424417361557	0.0206489202480222	0.0467714346803507	0.0963758819756254	0.150657472738935	0.179645071627111	0.180759568099209	0.137767265341031	0.0941816335257644	0.0528891383365405	0.0225384862091084	0.00755291853752405	0.00126149240966431	5.3453068206115e-05	
7.29769176712255e-05	0.000172982323368831	0.00318665873831018	0.0116925239202119	0.0315746797124169	0.065200821666036	0.120917346883615	0.168028001513595	0.18061516838748	0.168184766744148	0.116822530947619	0.075877074436456	0.0378479917833396	0.0147953943456403	0.00433266663062868	0.000670306503054219	8.10854640791394e-06	
2.43351764976273e-05	0.000259575215974691	0.000648938039936729	0.00511579488150121	0.0186082982951857	0.0432652399042816	0.085692268173645	0.13897548906945	0.181372774345316	0.177368285857207	0.151353982181243	0.0986034312598862	0.0585342112022929	0.0276014979653089	0.00955831654656806	0.00267146159773953	0.000346100287966255	
0.000209888758957752	0.000804119271331649	0.00274218300664284	0.0088589411248402	0.0259498829256858	0.0611266937613974	0.10770291745375	0.157209406287395	0.18901436783959	0.167507584616517	0.13043359746607	0.0800739244564017	0.0423212061243904	0.0186691962350863	0.0057733037853574	0.00138472064351348	0.000218066243072989	
0.000358619179282214	0.0012346354950861	0.00456897259711462	0.0161104875578308	0.0373319828081798	0.0784609488351721	0.133551424895289	0.168895945686988	0.18513783569219	0.154315749130828	0.109701880697528	0.0646089408415232	0.0294806865777875	0.0118782337321033	0.00362177995565167	0.00068712529770867	5.47510197377426e-05	
3.83105066564505e-05	0.000410469714176256	0.00184711371379315	0.00796037599025818	0.0253615554065703	0.0519052635899681	0.097100715585535	0.151192414519682	0.178778715777088	0.179044152858922	0.141841914430747	0.0871345109253356	0.0482903936404559	0.0196368711261921	0.00668244694678944	0.00244366303172931	0.000311956982773954	1.91552533282253e-05	
5.72216439505823e-05	0.000980942467724268	0.00371668201659973	0.0142509141838831	0.037537398431582	0.0709875365809795	0.118530548183349	0.164852831381439	0.182114693973198	0.165163463162885	0.119982888003619	0.0688321879921743	0.0345291748638942	0.012874869888881	0.00414448192613503	0.00128067488841779	0.000163490411287378	
0.000271969055965188	0.00157412392998033	0.00780743491972792	0.0224360735360373	0.0520202630682505	0.0895519927914464	0.13624001406547	0.174999725283782	0.178680922606947	0.148599496719888	0.0999500016482973	0.0519103765809918	0.0246420447677549	0.00830467127457337	0.00237354812478709	0.00060437567992264	3.29659461775985e-05	
2.79614690955863e-06	0.000514491031358788	0.0043591930320019	0.0134270974597005	0.0320410474366323	0.0697666615403973	0.107674025193284	0.152261383813106	0.178315880716373	0.165434031904036	0.131667761824206	0.0805402155829267	0.039537517301159	0.0168775427460959	0.00542172885763418	0.00157702685699107	0.00057041396954996	1.11845876382345e-05	
9.59045918554436e-05	0.00200835498238458	0.00851576361210542	0.0214882700221991	0.0458564985233514	0.0884522409236176	0.126357120492837	0.165240791043639	0.174464556201501	0.15069714176109	0.112701999046596	0.0608119734062208	0.0271917725143081	0.011849858540727	0.00297868379409848	0.000916735069206446	0.000327203901624455	4.51315726378558e-05	
3.69970886137191e-05	0.000381354605710643	0.00379362454785289	0.0138112977724907	0.0314959061298484	0.063205257001699	0.109565454964582	0.146522700559794	0.167608195139721	0.16690525045606	0.134285202018333	0.0887047888462316	0.0445672621300647	0.0184387797790989	0.00820766181245891	0.00156810737124302	0.000620412716753135	0.000281747059442938	
9.34791229958643e-05	0.000198289048779106	0.00127754801427681	0.00742734122712594	0.0224038298113421	0.047524219590958	0.082726191150643	0.128831227692482	0.157311200498555	0.163557305535097	0.155481275848394	0.113713104073424	0.0671435046173021	0.0338762676335618	0.0122712594187298	0.00481275848393859	0.000849810209053311	0.000373916491983457	0.000127471531357997	
0.000210585627246365	0.00102731637075592	0.0025782510579082	0.014299902390716	0.0331615447878634	0.0639070463658328	0.102964988716594	0.141317184640909	0.166072378849235	0.156934670077774	0.135099217133702	0.0951107139706489	0.053312312713965	0.0232754033141625	0.00727943289859733	0.00266362360949457	0.000480932040603186	0.000236197392722275	6.82980412690914e-05	
0.000106682044258632	0.000481510848410582	0.00185684422979889	0.00547250054061847	0.0223916961003388	0.0445988610970951	0.0844143299935126	0.121591580768399	0.152956101780437	0.167906004469113	0.147143372017588	0.116785122179774	0.074167087147697	0.0382988538888488	0.0146442730483673	0.00506018885605132	0.00173574569307288	0.000210480790023787	0.00015858141714121	2.01830894543358e-05	
0.000251760879253167	0.000787114473067374	0.00303270576387723	0.0120584779752638	0.0329922503950041	0.0618666188224536	0.107666842224061	0.141437525682503	0.15569240029401	0.155116533455259	0.133436159807388	0.0980565217642939	0.0571381443776297	0.0273985287904481	0.00860038313954498	0.00325842241424214	0.000934698436767506	0.000196778618266843	7.81326866647761e-05	
0.000328204891980285	0.00113720116080888	0.00562266801787277	0.0204840158459625	0.0485772030033627	0.0835655718826293	0.124596941360726	0.149477175365056	0.15826673269151	0.143526302455203	0.117117324611912	0.0766761481413239	0.043766410244599	0.019729720392464	0.00490292044774057	0.00150283292643604	0.000584435026947349	0.00012091759178221	1.72739416831729e-05	
0.000582745613062598	0.00264651788176234	0.0090965168868308	0.0290036755613546	0.0642214092210255	0.104570146937174	0.142206985556437	0.162989683981318	0.15188624805633	0.128542311595501	0.0966703905532672	0.0597754865925869	0.0311811542911397	0.0122120739205704	0.00289951475767732	0.0011001100110011	0.000332591398674751	7.10665381783656e-05	1.13706461085385e-05	
4.48855698503627e-05	0.00113616598683731	0.00414630451492726	0.0132833233275917	0.0415415948965107	0.08344507969994	0.124094573895675	0.159388658538638	0.160600568924598	0.142997009498909	0.113728812608357	0.079742020187285	0.0435277813623893	0.0223614298298276	0.00727707301199006	0.00185714045255876	0.000656451459061555	0.000123435317088498	4.48855698503627e-05	2.80534811564767e-06	
0.000279194903423945	0.00249583322757769	0.00855069643617576	0.0202938032832193	0.0581430436756714	0.106536826935822	0.144560916661731	0.169310557797575	0.157169809724443	0.126035347766864	0.0949234470136016	0.060980115118545	0.0311231813554208	0.0139625653217369	0.00432893107834096	0.000908088473762729	0.00031585686043921	7.89642151098026e-05	2.82015053963581e-06	
0.000968761637039173	0.00437062692317384	0.012355910705936	0.0321399272588805	0.077215342272446	0.123402313268395	0.166937789263545	0.167668560325011	0.147890143550315	0.107857328849778	0.078892475857956	0.0460497764288534	0.0229618907091279	0.00837446837105251	0.00225671063425888	0.000531978933634228	8.39966737317202e-05	3.63985586170788e-05	5.59977824878135e-06	
5.47847643570323e-06	0.00146549244655061	0.00841767904345801	0.0198759125087313	0.0498103077534138	0.0954788873214359	0.142632134003534	0.17544272937696	0.165088408913481	0.132006628956487	0.0916439538164436	0.0612603235040335	0.0343418295372057	0.0155533946009615	0.00518811718461096	0.00120526481585471	0.000547847643570323	8.21771465355485e-06	2.73923821785162e-05	
0.000100917806537837	0.00279842350021138	0.0116246403098449	0.0291979761888527	0.0659293302603407	0.115913647087703	0.157044472022584	0.178411771925757	0.160718425682218	0.115659988817216	0.0765120624053896	0.0469513276146576	0.0236256767629932	0.0105281819793528	0.00387306176442511	0.000624599397220669	0.000485496474695542	
6.52784124290097e-05	0.000489588093217573	0.00508627630176034	0.0182099571338425	0.0416013882542377	0.0836107665861566	0.136320364688731	0.166677546402071	0.177695998433318	0.145595339121353	0.100730030245664	0.0617751376286529	0.0360200839915573	0.0163495223796157	0.00689775224666536	0.00216234741171095	0.000524947233283287	0.000187675435733403	
2.68937937192234e-06	0.000398028147044507	0.00165665769310416	0.00924608628066901	0.0279050003630662	0.0578942697393722	0.109194181258791	0.153536668343046	0.174847310486159	0.16761556935506	0.12807900320843	0.0799794531415985	0.0470480027324094	0.0251188033337547	0.0120618664830717	0.0044052034112088	0.000844465122783615	0.000164052141687263	2.68937937192234e-06	
8.85031700226354e-05	0.000415696707682075	0.00440102127294378	0.0157052898076531	0.0387402512417263	0.0759839943357971	0.130762092751322	0.170019953441969	0.176821287962496	0.148945471319609	0.109025177810914	0.0644839460613407	0.035983243399809	0.0175236276644818	0.00775609599107459	0.00267386850038083	0.000600748790456676	6.97297703208642e-05	
8.05944647721595e-06	0.000295513037497918	0.00184292676112338	0.00749528522381083	0.0227974876018848	0.0561985202856268	0.0951901223423975	0.146990871333623	0.180453693107024	0.169933428972098	0.133031910035085	0.0897634283810721	0.0501082652310106	0.0261126065861797	0.0127312389518421	0.00476044638587555	0.00182949435032802	0.000421777698974301	3.49242680679358e-05	
1.05699865232672e-05	0.000113627355125122	0.000916946330893428	0.00351716301561715	0.012678698834659	0.0359088867161694	0.0738260708717596	0.114702851253865	0.161327061807996	0.179557646064001	0.158235340749941	0.117022963295722	0.0719921782099728	0.0363290436804693	0.0196231799804455	0.00920117326850408	0.00330576328515181	0.00142430568401025	0.000282747139497397	2.37824696773512e-05	
0.000151105055126835	0.000235935963268217	0.00193255412609584	0.00665127339146018	0.0206483732347881	0.050925054543623	0.0909016200052489	0.136956850228381	0.167681544770837	0.175992322802813	0.144305327646128	0.0972294755594201	0.0546470106383261	0.027729103098714	0.0142568944995109	0.00611577828381771	0.00232489707624973	0.00119823657749701	0.000116642498694399	
6.60482786497618e-05	0.000517818504614133	0.00299066605726122	0.0109402368755465	0.0336634866622106	0.0662543492791491	0.111817093822901	0.155472364079247	0.171485108755096	0.167619963488512	0.12643225692252	0.078486490485085	0.0390794455114911	0.0197774965588847	0.00925468480440463	0.00402894499763547	0.00146098792373273	0.000594434507847856	5.81224852117904e-05	
9.26190551797868e-05	0.000230224508589756	0.00132577561843066	0.00540630656378013	0.0183041715622453	0.0456559016861961	0.0861304287997629	0.133403194563526	0.167301768759328	0.174012680871783	0.151847617837901	0.104312872460915	0.0597578144019985	0.0281667778095329	0.0139166746054428	0.00593555830766462	0.00279974172514898	0.00111142866215744	0.000230224508589756	5.82176918272946e-05	
0.000238033525699686	0.000391432908928373	0.00294897090172389	0.0104126443408852	0.02947912974943	0.0629916053509937	0.106057159783971	0.149064528244	0.16996122698348	0.167789832265709	0.135123698088855	0.0855228009669451	0.0448772540452475	0.0189236652931251	0.00981756052663595	0.00380324677729054	0.00182227888007871	0.000640045702436934	0.000113727128945406	2.11585356177499e-05	
0.000497480672742848	0.000824700580482796	0.0049455431584436	0.0169542477400544	0.0416340776921153	0.0839385571464296	0.123250171590927	0.162234566127685	0.175576093260334	0.151130371860152	0.115144162982117	0.0658270682692461	0.0328470260232938	0.0150467951071313	0.00601499358861807	0.00264170218199812	0.00114926016376957	0.000289975365395564	5.05461646102359e-05	2.66032445317031e-06	
2.65899458096904e-06	0.000832265303843311	0.00158741976483852	0.00897144771618955	0.0252950154487585	0.0624651006961248	0.102839274413559	0.141857360894698	0.172212443031041	0.171911976643392	0.132330183311086	0.0914268696720396	0.0491196068942411	0.0225243430953888	0.0107476560962769	0.00337692311783069	0.00152626288947623	0.000654112666918385	0.000287171414744657	3.19079349716285e-05	
6.99048755962079e-05	0.00108083692267983	0.00381250436905472	0.0151102077250265	0.0399802115429082	0.0831948679066716	0.11794296837611	0.158106008055193	0.175466615044605	0.155366274661634	0.113280850903655	0.0728166825296961	0.0362134142078971	0.0160216597568386	0.00715180650330435	0.00235525657777993	0.00118838288513553	0.000621077933181694	0.000158630294622164	6.18389284120301e-05	
0.000310144162624364	0.00198601086592794	0.00880918244366394	0.0247897685073088	0.0590851835427713	0.107220101694639	0.134455656186152	0.162330542942724	0.17129751803053	0.136893280481866	0.0934948622170955	0.0536222933800545	0.0267485737449364	0.0113964376950303	0.00453789880050385	0.00137388422916933	0.00101476993560428	0.000495142435066967	0.000138748704331952	
0.000657740320846274	0.00389458687903582	0.0160914395506624	0.037425697177448	0.0799577517835407	0.129340130893053	0.145104064889767	0.166866808949635	0.159896399076434	0.116777563686184	0.0732247834369524	0.0395544832781123	0.0188342985649798	0.00729791542714912	0.00318226229919816	0.000816034671921311	0.000725970644585514	0.000316588702150074	3.54797683444048e-05	
