# <P(U)> as a function of N_tot.
# number_of_species: 1
# species_total_upper_bound: 103
# species_total_lower_bound: 0
# volume: 729
# Bin widths for each
10	10	10	10	10	10	10	10	10	10	10	10	10	10	10	10	10	10	10	10	10	10	10	10	10	10	10	10	10	10	10	10	10	10	10	10	10	10	10	10	10	10	10	10	10	10	10	10	10	10	10	10	10	10	10	10	10	10	10	10	10	10	10	10	10	10	10	10	10	10	10	10	10	10	10	10	10	10	10	10	10	10	10	10	10	10	10	10	10	10	10	10	10	10	10	10	10	10	10	10	10	10	10	10	
# Bin lower bound for each
0	0	0	0	-10	-10	-10	-10	-10	-20	-20	-20	-20	-20	-20	-30	-30	-30	-40	-40	-40	-50	-50	-50	-50	-60	-60	-60	-60	-70	-70	-70	-70	-80	-90	-90	-90	-100	-100	-100	-110	-110	-110	-110	-130	-130	-140	-140	-140	-150	-150	-150	-160	-160	-170	-170	-170	-170	-180	-180	-180	-200	-200	-210	-220	-220	-220	-220	-230	-230	-230	-230	-250	-260	-260	-260	-260	-270	-270	-270	-270	-280	-280	-290	-290	-290	-310	-310	-320	-320	-320	-330	-330	-330	-340	-340	-350	-350	-350	-360	-360	-370	-370	-370	
# Bin upper bound for each
0	0	0	0	0	0	0	0	0	0	0	0	0	0	0	0	0	0	0	0	0	0	0	0	0	0	0	0	0	0	0	0	0	0	0	0	-10	-10	-10	-10	-10	-10	-10	-10	-10	-10	-20	-20	-20	-20	-20	-20	-20	-30	-30	-30	-30	-30	-30	-30	-40	-40	-40	-40	-50	-50	-50	-50	-60	-60	-60	-60	-70	-70	-70	-70	-80	-80	-80	-90	-90	-90	-100	-100	-100	-100	-110	-110	-120	-120	-120	-120	-130	-140	-140	-140	-150	-150	-160	-160	-170	-170	-180	-180	
# Normalized histogram for each
1	
1	
1	
1	
1.33486114901458e-05	0.99998665138851	
0.000103092258662295	0.999896907741338	
0.000436751829388333	0.999563248170612	
0.00141660725315619	0.998583392746844	
0.00388987699223738	0.996110123007763	
2.32471884110652e-06	0.00944469863718641	0.990552976643972	
2.95575342682663e-06	0.020647837813587	0.979349206432986	
1.03402228761182e-05	0.0407571491034816	0.959232510673642	
3.90153866140107e-05	0.073987935598883	0.925973049014503	
0.000159687358731007	0.124369240206703	0.875471072434566	
0.000449558767567353	0.193031670254343	0.80651877097809	
1.47607327396426e-06	0.001044427275135	0.279603492979796	0.719350603671795	
1.09778359603084e-05	0.00243053510405827	0.379963802697043	0.617594684362938	
2.85043272735949e-05	0.0050349199123418	0.487104114483513	0.507832461276871	
1.26625689186694e-06	9.32809243675311e-05	0.00998907853430765	0.592007386498536	0.397908987785897	
5.69596459894713e-06	0.000249778595746422	0.0187987927930437	0.68448322200887	0.296462510637741	
1.66510975391786e-05	0.000571195877609796	0.0331217730594516	0.757150065592678	0.209140314372722	
1.47382880088868e-06	2.82132941884404e-05	0.00126475565813404	0.0553923816526	0.803119000727229	0.140194174839047	
1.2624557035855e-06	7.89034814740938e-05	0.00252806754642996	0.0880194637004007	0.820530349224705	0.0888419535912867	
5.26491360487371e-06	0.000142363263875785	0.0049776599185918	0.133956249831523	0.807550138825242	0.0533683232471628	
1.64324065596482e-05	0.000349083303453038	0.00936899980154709	0.192722845553496	0.767049991172848	0.0304926477620958	
1.26393434956464e-06	2.84385228652044e-05	0.000762573724237331	0.0164665367061281	0.262842099630889	0.703509650770726	0.0163894367108047	
2.94575786669899e-06	8.22708089913788e-05	0.00150023239925455	0.0280381441977933	0.341480668358794	0.620493805807646	0.00840193266965409	
4.62980207806562e-06	0.000183087627632595	0.00314174160106553	0.0456782586388424	0.421817268867127	0.525067537237814	0.00410747622544022	
1.36884870978638e-05	0.000368115006877938	0.00583845563540272	0.0709288965226189	0.495328224649554	0.425762490849773	0.00176012884867609	
2.10581377278017e-07	3.26401134780926e-05	0.000870753995044599	0.0104627357300583	0.105740279879497	0.552612283043271	0.32954953695261	0.00073155970466383	
3.37849822375456e-06	8.78409538176185e-05	0.00169262761010103	0.0180677861883614	0.149377976245779	0.587970181374677	0.242479251797783	0.000320957331256683	
4.64109171978607e-06	0.000246188819863198	0.00311100816325842	0.0292380339997941	0.203277285822055	0.594763498404308	0.169232768470279	0.000126575228721438	
2.6998272954227e-05	0.000505162997854481	0.00570718179371463	0.0453792455838841	0.262001365100176	0.574458705719669	0.111877890186212	4.3450345535709e-05	
1.90100656185221e-06	6.99147968858978e-05	0.00102844454996204	0.0101154671385669	0.0679557040124334	0.323511606912398	0.52765964547495	0.0696461212918227	1.11948164197963e-05	
4.22703042236065e-07	9.0881154080754e-06	0.000201629351146603	0.0021682552551499	0.0171604754056575	0.0980406868586274	0.380264502201649	0.461334295969062	0.0408170511643989	3.59297585900655e-06	
1.692340172221e-06	4.01930790902487e-05	0.000415257969758727	0.00418938809633308	0.027334466919192	0.135745989894191	0.426614206941895	0.38316887312568	0.0224895085486448	4.23085043055249e-07	
6.98265212977238e-06	0.000104528186427502	0.000962759611832252	0.00778481074261987	0.0414657390883365	0.178852382078875	0.455684704056159	0.303291072065625	0.0118470215179947	
1.05726708300435e-06	2.13567950766878e-05	0.000249937938422228	0.00190815563140625	0.0131989222642263	0.0618198865171804	0.225686346072274	0.463949941363968	0.227367400734251	0.00579699541611284	
2.9613547436461e-06	6.32460763107273e-05	0.000598828234233007	0.00379095712254467	0.0208608404409373	0.0877047512398558	0.273737056235704	0.448394586135868	0.162210109811264	0.00263666334853918	
1.39822954480213e-05	0.000158466015077575	0.00123510276457522	0.00703817908142674	0.0320508108142463	0.119680186769571	0.315021116443921	0.41330690820729	0.110274974551163	0.00122027305728186	
4.02569751036034e-06	3.58075199605736e-05	0.000352142592748363	0.00240101074670544	0.0119815351849141	0.0478994440087981	0.155565664529304	0.348886015341298	0.36145381921101	0.0709175348577732	0.000503000309978708	
1.75778189103447e-05	7.30644280008302e-05	0.000790578289064055	0.00439487828948762	0.0194518685433283	0.0684905948079782	0.194567183270999	0.368189230515094	0.301173266467028	0.0426816974666763	0.000170060103433816	
3.0266145242363e-05	0.000215249438541841	0.00152896946315266	0.00785036079149991	0.0301444457072976	0.094235018945972	0.23310985065668	0.370355390157069	0.238184192140496	0.0242967301345616	4.95264194875032e-05	
6.45012436051246e-05	0.000488940574475568	0.00299497249815008	0.013065837159526	0.0445217190490783	0.124379122660429	0.267347715207342	0.355712092672003	0.178377660491254	0.0130320004415692	1.54380025677839e-05	
4.21744381152328e-07	6.32616571728492e-07	0.000155834548835785	0.00100396249933312	0.005630076616193	0.0208544161592203	0.0624436839456043	0.157981438608041	0.292375768339185	0.325911194550894	0.127092458388063	0.00654694890081816	3.16308285864246e-06	
8.45898271005082e-07	2.09359822073758e-05	0.000338570782969784	0.00211855221973223	0.00940385107876349	0.031626444556338	0.0857011259540411	0.191686046548513	0.307174211268592	0.283256649130491	0.08556768550179	0.00310444665458865	6.34423703253811e-07	
1.05632895266674e-05	8.66189741186731e-06	6.38022687410714e-05	0.000805978990884726	0.00392700851443389	0.0153649384139094	0.0456602415106011	0.111922277850852	0.222545693621506	0.309542622239443	0.234175875390366	0.0545625593920954	0.00140977662022904	
5.28248065291461e-06	2.66237024906896e-05	0.000221018990517947	0.00171279152690103	0.00702252977998468	0.0240445841367106	0.0645506457832598	0.140613507303029	0.246999286865112	0.297187924249227	0.184191648398088	0.0328614669448773	0.000562689839148464	
1.24435321999595e-05	7.12866759929886e-05	0.000517144761937302	0.00310561036685431	0.0114927619769525	0.0362113114238586	0.0866055077604405	0.169936468386363	0.262817734522091	0.272767287598923	0.137821188129545	0.018444267422896	0.000196987441945122	
5.26769032639241e-06	2.44420831144608e-05	0.000166669721927056	0.00115720621090189	0.00546491265221255	0.0186208638885711	0.0516682459202265	0.111656703357183	0.196061537579808	0.269726604764984	0.238444109700283	0.0971796153869656	0.00974438427337374	7.94367701219976e-05	
6.52530196361071e-06	3.36789778767004e-05	0.000395096509216042	0.00229185444450946	0.00949810324206471	0.0285035714451102	0.0710295958227964	0.137443277233979	0.217655235881246	0.263944675543042	0.198724071923141	0.0656329606052786	0.00482135617666139	1.99968931142909e-05	
1.42674423679254e-05	0.000101130988549119	0.000853948388786126	0.00428694680090372	0.0156551609535351	0.0418675998133483	0.0936619824695096	0.162111296121606	0.232306273310483	0.24767209892541	0.157532286382817	0.0417163229611825	0.00221585968893619	4.82575256562184e-06	
2.30769020979212e-06	4.76223343293464e-05	0.00023999978181838	0.00172216626656214	0.00791789489981583	0.0246994181054241	0.058761554972013	0.117178424942691	0.18480717465082	0.23835167142855	0.221631197118492	0.118736325624319	0.0249238934258312	0.00097971938906629	6.29370057216032e-07	
1.27893538902279e-05	0.000115942831168788	0.000590616555881509	0.00331265231910822	0.0131759697684833	0.0364286924332312	0.0787492934406129	0.140666119869372	0.203073344638284	0.233913089421485	0.189829234869565	0.0852473335245447	0.0144953698345687	0.000389551139803992	
6.29753061229631e-07	3.65256775513186e-05	0.000219573900682065	0.00133591616055512	0.00629732069460923	0.0211951789464315	0.0511714246609619	0.10091561896749	0.163482215353715	0.213316464348	0.22030882250452	0.155650396366577	0.0582517383283667	0.007656957553804	0.000161216783674785	
5.04442350541613e-06	8.57551995920743e-05	0.000523358938686924	0.00276791721428438	0.0107572331252999	0.0323671230538772	0.0693015512232832	0.123913320830169	0.182149088357071	0.216092803940704	0.199009653555299	0.121683055087837	0.037421004853366	0.00385709232282881	6.59978741958611e-05	
1.32679790593382e-05	0.000169114082296009	0.00109260754539439	0.00486303022951077	0.0178980825453628	0.0465289071355191	0.0901437027433547	0.146406462643057	0.195154281324119	0.209757903608764	0.172865971930011	0.0904749810141538	0.0227478447958142	0.00186699419620687	1.68482273769374e-05	
4.60488502256922e-05	0.000358885305199317	0.00213261097192013	0.00860184072885613	0.0277568950231966	0.0640419103682366	0.112141624295035	0.165974208841675	0.201161444945325	0.195950742939053	0.143682129434024	0.0640328273381462	0.0132415792389815	0.000866901290487343	1.03504296378849e-05	
2.53167761617236e-06	0.000107807271822006	0.000783132275935982	0.00401439680671063	0.0146852069857424	0.0406055772857884	0.0838259556028135	0.134415625514247	0.180351439047752	0.19957995248885	0.176333455697751	0.114556935319856	0.0430385194749301	0.00735093693169112	0.000347261779684975	1.26583880808618e-06	
2.97490069950254e-05	0.000311837108784734	0.0016965373421773	0.00718216983771389	0.0231310133608909	0.0569879151516123	0.105066741158743	0.155726768240888	0.188172807550931	0.191568836037399	0.151935563228877	0.0867128697580034	0.0273872312198317	0.00396906609638594	0.000120472929036592	4.21971730425892e-07	
9.64185784222411e-05	0.000757393306816815	0.00330762241723491	0.0124360936182108	0.0351052432042346	0.0760541711713102	0.127465149229952	0.171781115448772	0.190311243822921	0.176692753953532	0.12487749448712	0.0622764637809742	0.016876634331907	0.00190595847784667	5.62441707463073e-05	
2.11598608442911e-06	8.46394433771646e-06	0.00023762523728139	0.00147209151893733	0.00605214339868415	0.0200815543356661	0.0506192539075386	0.0977519975437633	0.148253814223616	0.181831762601596	0.185089534777183	0.155481811089418	0.0990414794636145	0.0431874875818067	0.00997052642982999	0.000896966501189502	2.13714594527341e-05	
1.03372452422829e-05	4.87327275707621e-05	0.000562430526855636	0.00292501847518882	0.010565297530179	0.0309421175446047	0.069577255191354	0.119160168442247	0.163593234884785	0.186853302465053	0.174161274949416	0.131693339923855	0.0755969073493805	0.0283556965921478	0.00556017215521648	0.000390494713131951	4.21928377236036e-06	
2.74389651879738e-06	4.2846999485836e-05	0.000110600136603833	0.00115686898611757	0.00551143276144901	0.0174184661702888	0.045204006595483	0.0901855465039803	0.139129484054584	0.175337731447671	0.184008655516034	0.157635377522169	0.107928847808302	0.0551692055448661	0.0180461852662044	0.00294145706815079	0.0001692773083135	1.26641377790648e-06	
1.90065969786269e-06	1.49940931720279e-05	0.000103269176917206	0.000338528610630432	0.00233781142837111	0.00972989936218084	0.0273274739514588	0.0619268719069403	0.112112101753718	0.15757039093191	0.181695886845703	0.174046998668271	0.136704526399952	0.0849827187796582	0.0388097815550691	0.0108003931408993	0.00142760661750575	6.8846117944804e-05	
1.26855928664683e-06	1.64912707264088e-05	0.000160684176308598	0.000814203635479489	0.00422303386524729	0.0155772737603797	0.0402556146962593	0.0820261006073228	0.132926196277836	0.171095453800656	0.181408417948	0.159301023833058	0.114599108837101	0.0649130244039093	0.0258502782901935	0.00616625526584246	0.000641045292852197	2.45254795418387e-05	
2.33054649408476e-06	5.23313621853577e-05	0.000305513458588202	0.00172926549861089	0.00752618210085207	0.0244105677147699	0.0567596123919818	0.102852949084127	0.151762221544716	0.179669244604202	0.173664273760398	0.140572420355163	0.0930868999345964	0.0470840308199943	0.016848156209328	0.00340344535281614	0.000260173735885098	1.03815252918321e-05	
7.6355339083456e-06	0.000115593499445787	0.000695257781987691	0.00353610059222049	0.013005859423882	0.0363563826064234	0.0755686669927323	0.124515832915853	0.167920237516008	0.180038678221209	0.160735412206419	0.120219784601588	0.0722013965391518	0.0327549557796538	0.0104691653809983	0.00174980985399587	0.000106897474716838	2.33307980532782e-06	
2.11960911864321e-07	3.96366905186281e-05	0.000222135035633809	0.00134192453301302	0.00645505760991604	0.0207005265744933	0.0510543889580235	0.0967484984159101	0.144521732458274	0.17778687796626	0.174893187597489	0.14364357840042	0.0989630660230685	0.0544391927595848	0.0220903542735877	0.00614326310856362	0.000912915647399632	4.34519869321859e-05	
9.96622087265926e-06	9.18164603800311e-05	0.000532450651303136	0.00276785278831535	0.0110440570576747	0.0312595818852273	0.069293437349579	0.117731815357734	0.161899985792834	0.180868672775041	0.163612903499416	0.124473645707209	0.0785592661468682	0.0396053376534427	0.0143924952236356	0.00341374871976471	0.000428971592029568	1.39951186722449e-05	
2.06151299752066e-05	0.000216352601183096	0.00120885421957706	0.00493976769086316	0.0177557901949341	0.0445692734250572	0.09039458208881	0.138225296592213	0.174732991561398	0.177086304285269	0.147541422596988	0.104429660113889	0.0601560119032186	0.0276829316500052	0.0089896843589821	0.00185961224003152	0.00018787396802147	2.97537958405044e-06	
6.52533957271991e-05	0.000543282343578896	0.00241628860790489	0.00905300531209403	0.0269900372730797	0.0612257520932099	0.111880666630391	0.155856354107861	0.179140763690035	0.168161401617434	0.129784540514069	0.0857104415635649	0.0444694452568646	0.0183402426831176	0.00530380450677785	0.000971786727246757	8.60834699332757e-05	8.50207110452106e-07	
1.48543352058991e-06	3.18307182983553e-06	0.000145572485017811	0.00109285466157686	0.00453481633357235	0.0156866023870068	0.0403199708685266	0.0797877273058119	0.133121369043438	0.168301952135512	0.178111542900699	0.153923592270568	0.110080385295991	0.0678437807763258	0.0316751721882706	0.0118036791641848	0.00307442297804381	0.000466638330253888	2.52523698500285e-05	
2.33738990893529e-06	4.2497998344278e-06	3.31484387085368e-05	0.000322984787416513	0.00219055932465581	0.00808503169500717	0.0247892949242091	0.0559690138594472	0.100850724930856	0.151762901967317	0.176432777516179	0.170128199461805	0.136649551306133	0.0907750869934026	0.0510139597424961	0.0218108227102503	0.00731836780487639	0.00166124675527783	0.000187416172698266	1.23244195198406e-05	
1.21407405766554e-05	1.40576996150746e-05	0.000106710719805339	0.000846656908635176	0.00413935355029334	0.013510727302779	0.0364158318665047	0.0747111355724551	0.123178675918053	0.166896204761897	0.17704266895225	0.157578718857935	0.117023533441137	0.0720388946728986	0.0368173282873292	0.0143578102023116	0.00436001683516027	0.000867104471711648	8.00862887161827e-05	2.34294993584577e-06	
2.44860641292149e-05	2.78928208776274e-05	0.000268282093937485	0.00171189526607728	0.0073411349482354	0.021365474947669	0.0510023423581868	0.0950666116759348	0.143277542723391	0.176825579803383	0.171835319933849	0.141348679636899	0.096473815135326	0.0554700909114331	0.0256494715587977	0.00934217869333419	0.00250716004453483	0.000428612583409648	3.08737330324883e-05	2.55506756130938e-06	
3.03205717178675e-05	8.56235863300343e-05	0.00065018409071061	0.00335789655517736	0.0118986891477336	0.0324391682853653	0.0690753869769728	0.11535845855338	0.159664927788996	0.179665615339989	0.160381304677119	0.122952267092635	0.077582656120517	0.0416978324421149	0.0176967511507404	0.00577350661041845	0.0014477005369517	0.000232742416707575	8.96805642359462e-06	
1.91249729859757e-06	1.74249753872223e-05	0.00017616225117082	0.00141864799615971	0.00625259116821497	0.0189128982855312	0.0469802836403494	0.0890864616653729	0.134632584831474	0.172231644222803	0.176159276175022	0.144194008825963	0.103060654426826	0.0608611890335705	0.0299006202653739	0.0117979833353485	0.00346077011166222	0.000745873946453051	0.000103274854124269	5.7374918957927e-06	
4.87428787713743e-06	7.82005315940744e-05	0.000450765665855274	0.00280992099838979	0.0102084542192048	0.029027020085033	0.0644902194234862	0.110006107694636	0.151853988375459	0.177596586133541	0.165333725536903	0.127229297945721	0.0840901548285755	0.0457932988290265	0.0208799657867376	0.00769989136695801	0.00199570299734796	0.000408804404999917	4.23851119751081e-05	6.35776679626621e-07	
2.58556635135473e-05	0.000231005518276775	0.00102214643545769	0.00512959409575327	0.0169297374463336	0.0428608486337401	0.0845844719362204	0.130602042766963	0.164547561916897	0.174571082093427	0.151129744143374	0.108446494247539	0.0665776977523799	0.0331495038043854	0.0141036286516356	0.00480661023350207	0.00108127537086982	0.000186923731302858	1.3775558429349e-05	
0.000101608342002717	0.000575921141807933	0.00234900779032423	0.00912619987962995	0.0264310280677234	0.0602514279450345	0.105631146962132	0.149287107861893	0.170844519210195	0.166402421735753	0.133228562905999	0.0888508033277786	0.051215452900212	0.0232978231150546	0.00902037542385119	0.0027187609684835	0.000582877729538409	7.92629389896716e-05	5.69175359766259e-06	
1.30737449890128e-05	0.00021276465635345	0.00107457749135499	0.00444254289400841	0.0153827370475562	0.0385546848394534	0.0791149243335922	0.126947961645006	0.162675765430867	0.172340847714277	0.153919097557339	0.113135339197259	0.0707409798012749	0.0376646158459272	0.0161001060871146	0.00570753315512273	0.00163295292249863	0.000304070004421878	3.39495636005009e-05	1.47606798263048e-06	
3.85633365926026e-05	0.00039300886746013	0.00195977612191915	0.00808228530968677	0.0240365487710307	0.0545207609831754	0.0995283893590478	0.145318242354766	0.170705561549614	0.16647771334165	0.138553643076301	0.0937870882362858	0.0545763933376041	0.0266478977713342	0.0109876007282781	0.00332887993526417	0.00088758892747564	0.000158046461445093	1.2011531069827e-05	
4.20912091247007e-07	0.000120380858096644	0.000870867116790057	0.00394226264661947	0.0136299753387606	0.0357798427724974	0.072907866973259	0.120125995825394	0.159785385342915	0.172914054381	0.155972132252263	0.120246797595582	0.075128178254587	0.0403671531989529	0.018567274169088	0.00702796918755127	0.00202121986216813	0.000515827767823207	7.19759676032382e-05	4.41957695809357e-06	
5.87752497423335e-06	0.000282331110369423	0.00181153716170121	0.00658576673362847	0.0212797890808181	0.0502692116349805	0.092804649961901	0.140648332986979	0.169641533950054	0.168629130273242	0.141540457313425	0.100499169799597	0.0582227623947556	0.0295402306088906	0.0123117355281691	0.00447741456072848	0.00114905613246262	0.000259870568503603	4.0303028394743e-05	8.39646424890479e-07	
5.06950139777885e-05	0.000694647381613002	0.00350507840444775	0.0112232895408016	0.031699257066665	0.0670391283809332	0.114013714886633	0.158011330964075	0.172784318900966	0.158579240810743	0.124277360381847	0.0818556888918217	0.0438922458624385	0.0208440300860244	0.00808229350946708	0.00267384776203509	0.000634106641780023	0.00012778495258864	1.17310776146949e-05	2.09483528833837e-07	
2.51269065825585e-06	8.79441730389549e-06	0.000135057122881252	0.00154237328239272	0.0062335667413564	0.0183572991674409	0.04655911094304	0.0872492046810589	0.134741570812753	0.169172342730168	0.169334411277626	0.144819135479464	0.104825685226447	0.0639515368977107	0.0319915774609135	0.0139956869664851	0.00511018462622784	0.00157964486049018	0.000319111713598493	6.74238659965321e-05	3.76903598738378e-06	
9.41231984819811e-06	3.53484900965662e-05	0.000442379032865311	0.0028651101617915	0.00998061480436598	0.0286659521670089	0.0627297651856277	0.1082506722488	0.153524976531949	0.173868764651845	0.160936028017757	0.127736893449193	0.086404677881132	0.0485351502038918	0.0229712894961857	0.00881662458313881	0.00318115494602767	0.000812387784231143	0.000197867879475454	3.36751887902199e-05	1.25497597975975e-06	
1.25294180294149e-06	2.35970706220647e-05	7.43412136411951e-05	0.00101195932950908	0.00539934387614253	0.0165110582555291	0.0415989207994604	0.082370273538078	0.128178034677253	0.167254365980124	0.172809909934367	0.146766052794791	0.109288892879741	0.0683997636116465	0.0363238269854429	0.0160128050652261	0.00552568217460579	0.00189987742052695	0.000445629634579523	8.93765152764929e-05	1.50353016352979e-05	
1.54711606067455e-05	7.54741753923664e-05	0.00030921414239698	0.00227906921316395	0.00908700708934574	0.0255152889563301	0.0572297047119928	0.10301012336578	0.147466712439001	0.173458471328072	0.166169882124391	0.131208822408429	0.0902482974928566	0.052418173763295	0.0256160605700119	0.0108962966013832	0.0036445036715782	0.00106709194238958	0.000238339501239052	3.95141804685796e-05	6.48116187579878e-06	
1.84078121081149e-05	0.00020018495667575	0.000777730061567856	0.00428399990879766	0.0145616252759341	0.0380882734078864	0.0760842985755491	0.122668823169746	0.162051082096959	0.175296757986846	0.153262606893433	0.113467636451568	0.0724939384957345	0.0390613772934199	0.0176733822409378	0.00706232445902473	0.00221249350758559	0.000621682018014973	0.000102916404059006	9.20390605405747e-06	1.25507809828056e-06	
4.59583976228646e-06	4.15714596679548e-05	0.000415505694872171	0.00176229564702948	0.00767254558132986	0.0222808400693721	0.0531859823544821	0.0974925933864195	0.142305164595823	0.171739638157001	0.169334551648674	0.137353982859189	0.0944321819083514	0.0556280444827153	0.0284547240845818	0.0117943871426787	0.00452126181705299	0.00125863338944436	0.000287657788757657	2.69483331515888e-05	6.47595602867637e-06	4.17803614753314e-07	
1.79114909920821e-05	0.000191611298985064	0.00079331243242838	0.00364186431962264	0.0131724437126189	0.0336954717459767	0.0714735137992418	0.118886688367341	0.157548849946901	0.173972229274583	0.157325997675255	0.119899520700997	0.0755896160838524	0.0422938205147804	0.0199636063495819	0.00790229989792533	0.00274753940892496	0.000731871852862517	0.000129129353663848	2.20769540134965e-05	6.24819453212166e-07	
4.54565832288145e-05	0.00043100347492642	0.00184516194950357	0.00652093452896658	0.0202792660638456	0.0485607674238941	0.0922585145080524	0.13806540535074	0.169192947557074	0.169887307291716	0.141823080058843	0.100179636910329	0.0591632026873598	0.0308639774301809	0.0137591656006264	0.00491514944894319	0.00171191994636957	0.000427041662626661	5.60909215071151e-05	1.39706012675714e-05	
7.93076525414868e-06	0.000112700348348429	0.000907029099856057	0.00341857723323567	0.011371882557054	0.0305468033067952	0.0661505129848541	0.111787266822458	0.155196727849738	0.173263011098689	0.159757752688269	0.125131614179958	0.0813262410030164	0.0453172274796007	0.0223059033903395	0.00898388739816011	0.00305376203154483	0.00109256726593338	0.000239592592414807	2.40010001112394e-05	5.00890437104127e-06	
5.25153272573169e-05	0.000318648778537425	0.00175832195326889	0.00615057002144759	0.0179688201228691	0.0437475690738702	0.0861640524425172	0.132165386875813	0.166627576572473	0.172091681300171	0.145273505473415	0.106138916221734	0.0636159376276923	0.0337104463865584	0.015917583993663	0.00567730440289759	0.00187988133628284	0.000624325643569059	0.000104402981280483	1.23442402716402e-05	2.09224411383733e-07	
7.71990192803507e-06	0.000119971448881626	0.000740901939093312	0.00312635163485615	0.0102958454200221	0.027669380386066	0.0596965410875088	0.107124906135382	0.149927589406375	0.171665164067737	0.164210033911234	0.13017382089452	0.0863796518407689	0.0489139245540244	0.0245897654547742	0.0104483656446003	0.00340259893628097	0.00112251546953591	0.000329869322924958	4.71539955604305e-05	7.92854792609008e-06	
7.0960500463539e-05	0.000284050709208461	0.00158200174562831	0.00569666723574205	0.0168806682308587	0.0406280171256907	0.0794173224599584	0.127529167896301	0.163553518200742	0.171482936712834	0.15165406839507	0.110617610977005	0.0680659381666896	0.0363601604375174	0.0167523132079614	0.00663647645217534	0.00202362650733669	0.000590850520036115	0.000141921000927078	2.58797119337613e-05	5.84380592052674e-06	
0.000106502199929529	0.000652195200747231	0.00273244052825091	0.00963081190246826	0.0258363038170891	0.0573216182308332	0.0999699952544796	0.145941701239778	0.170592461904017	0.165972484351081	0.134760434913974	0.0910148132215053	0.0523042974997719	0.0259187436339304	0.0114396753963598	0.00414417008213014	0.00127049382705717	0.000309044694098062	6.50730533950558e-05	1.67390491048375e-05	
3.76162027195679e-06	0.000252655494933098	0.00140956270746381	0.00523847418650782	0.0156834487872118	0.0379277902654283	0.0768453046201892	0.120952601076826	0.15891675367155	0.172674461858424	0.152995127447874	0.115507864712073	0.073202802323511	0.0388763455106734	0.0184912893413236	0.0076778849328718	0.00246762289840365	0.000703422990855919	0.000137717097734418	3.40635613516087e-05	1.044894519988e-06	
2.38884685123791e-05	0.000532461390262767	0.00267194615790655	0.00882406499172181	0.0242801136672005	0.0545201906802702	0.0961573722014083	0.140103353249471	0.169135805314849	0.167130640795595	0.136903974852567	0.0955626750642317	0.0565398140094133	0.0281236425220607	0.0126120636346892	0.00495518083256342	0.00140564777878105	0.000415952719272567	9.01056268449389e-05	1.11060423785622e-05	
2.10507968358126e-07	0.000131356972255471	0.00112369153509568	0.00516228690804633	0.0145319965796665	0.0361400080077231	0.0725745166631793	0.117365560138548	0.15531993632555	0.17220288589584	0.156783387721575	0.117218204560697	0.0770423377836121	0.0422605271877356	0.0196885997725672	0.00821549448111259	0.00315467241381488	0.000768775100443877	0.00028313321744168	2.75765438549145e-05	4.8416832722369e-06	
7.4251239889633e-06	0.000365952539456048	0.0020281195809854	0.00893496991551906	0.0227991614277113	0.0513440959444821	0.0940167078018536	0.136327397901363	0.165389545340565	0.167773646580221	0.141557443092789	0.0972192698514933	0.0598781091645972	0.0311466979625035	0.0134617497919905	0.00521774070024435	0.00191037832916041	0.000468843543303111	0.000136622281396925	1.61231263760346e-05	
3.42918290026232e-05	0.00073439892174562	0.00406752210225525	0.0149146026961471	0.034115045039442	0.0686447869178163	0.114624591799439	0.151689586104014	0.169168834222649	0.158989698819765	0.123005216617863	0.0791723784216217	0.0453214443633179	0.0218788258818538	0.00870245682850422	0.00344941720930114	0.00112098072075035	0.00030138470831498	5.68690580354062e-05	7.66773816207724e-06	
