# <P(U)> as a function of N_tot.
# number_of_species: 1
# species_total_upper_bound: 103
# species_total_lower_bound: 0
# volume: 729
# Bin widths for each
10	10	10	10	10	10	10	10	10	10	10	10	10	10	10	10	10	10	10	10	10	10	10	10	10	10	10	10	10	10	10	10	10	10	10	10	10	10	10	10	10	10	10	10	10	10	10	10	10	10	10	10	10	10	10	10	10	10	10	10	10	10	10	10	10	10	10	10	10	10	10	10	10	10	10	10	10	10	10	10	10	10	10	10	10	10	10	10	10	10	10	10	10	10	10	10	10	10	10	10	10	10	10	10	
# Bin lower bound for each
0	0	0	0	-10	-10	-10	-10	-10	-20	-20	-20	-20	-20	-20	-30	-30	-30	-40	-40	-40	-50	-50	-50	-50	-60	-60	-60	-60	-70	-70	-70	-70	-80	-90	-90	-90	-100	-100	-100	-110	-110	-110	-110	-120	-120	-130	-140	-140	-150	-150	-150	-160	-160	-170	-170	-170	-170	-180	-180	-180	-200	-200	-200	-200	-210	-210	-220	-220	-230	-230	-230	-250	-250	-250	-260	-260	-270	-270	-270	-270	-280	-280	-290	-290	-290	-310	-310	-320	-320	-320	-330	-330	-330	-340	-340	-350	-350	-350	-360	-360	-370	-370	-370	
# Bin upper bound for each
0	0	0	0	0	0	0	0	0	0	0	0	0	0	0	0	0	0	0	0	0	0	0	0	0	0	0	0	0	0	0	0	0	0	0	-10	-10	-10	-10	-10	-10	-10	-10	-10	-10	-10	-20	-20	-20	-20	-20	-20	-20	-30	-30	-30	-30	-30	-30	-30	-40	-40	-40	-40	-50	-50	-50	-50	-60	-60	-60	-60	-70	-70	-70	-70	-80	-80	-80	-90	-90	-90	-100	-100	-100	-100	-110	-110	-120	-130	-130	-130	-130	-140	-140	-140	-150	-150	-160	-160	-170	-170	-180	-180	
# Normalized histogram for each
1	
1	
1	
1	
1.32428614670568e-05	0.999986757138533	
0.000102693086701403	0.999897306913299	
0.000432593692847111	0.999567406307153	
0.00141804763807032	0.99858195236193	
0.00388312438380922	0.996116875616191	
2.20345161251737e-06	0.00947358281861753	0.99052421372977	
2.83305202176036e-06	0.0205670133273063	0.979430153620672	
8.80961909724057e-06	0.0407366225934008	0.959254567787502	
4.24422196337708e-05	0.0737938156970191	0.926163742083347	
0.000181381745389069	0.124274158665332	0.875544459589279	
0.000462891286809514	0.193217543516963	0.806319565196228	
3.14077848591863e-07	0.00103802728959611	0.27961816927791	0.719343489354645	
1.28984480021091e-05	0.0024742998423558	0.379822800492154	0.617690001217488	
3.24271977926838e-05	0.00518394406654691	0.486559083928514	0.508224544807146	
1.88832448968031e-06	9.59898282254156e-05	0.0101214192646864	0.591748651421594	0.398032051161005	
5.3487477952147e-06	0.00026051548084928	0.0190852760299958	0.683853766493808	0.296795093247552	
1.76235964850996e-05	0.000590075775170744	0.0334615449977624	0.756782094929502	0.209148660701079	
2.20191151083844e-06	2.70520557045865e-05	0.00131925955377949	0.0559766798697475	0.802267402650347	0.140407403958911	
1.88642406624367e-06	9.40067993011428e-05	0.00267683574999976	0.0890492768550544	0.819029051245024	0.0891489429265543	
7.85637046369241e-06	0.000149271038810156	0.00514246585071451	0.135096260964743	0.806247448643692	0.0533566971315763	
2.3231516503167e-05	0.000330892140464028	0.00956039691987764	0.193838436732418	0.765709842126148	0.0305372005645886	
1.88067316815381e-06	3.54193446668967e-05	0.000711207903090165	0.0167455138892415	0.263912044677272	0.702080055868531	0.0165138776440306	
4.37288325120122e-06	9.83898731520273e-05	0.00143461805519766	0.0283484650711265	0.342542313111559	0.619073767104611	0.00849807390110225	
2.18531536754351e-06	0.000201673389633301	0.0031134500229302	0.045926899952204	0.422842914224187	0.523772953225822	0.00413992386985635	
1.12389893026675e-05	0.000402106061717661	0.00579245020893593	0.071135934014645	0.496172031462926	0.42468987413893	0.00179636512354303	
3.12937623708154e-07	2.25315089069871e-05	0.000880293535491038	0.0103704399120645	0.106053934799446	0.552939501333897	0.328976302798445	0.000756683174126317	
4.70886500343276e-06	6.62380343816209e-05	0.00172689775892558	0.018113434046538	0.150180145478815	0.587965522318294	0.241616886115472	0.000326167382571109	
2.50764125308087e-06	0.000221926250897657	0.00318000256406318	0.0294603963515074	0.204842631405887	0.593924173316879	0.168244861137798	0.000123501331714233	
2.63063860944443e-05	0.000459109071600659	0.00564679104367768	0.0454690225079318	0.263324419435283	0.573698436743006	0.111339273774631	3.66410377744046e-05	
2.8208983432864e-06	7.08358917314141e-05	0.000965374099702458	0.0100605772247563	0.0676965453084856	0.324907309981937	0.527017780749124	0.0692706065840394	8.14926188060516e-06	
6.27101770778625e-07	1.22284845301832e-05	0.000193460896285206	0.00204999568867533	0.0172095538954778	0.0976692194934585	0.381744126799978	0.46048929615665	0.0406302372796325	1.25420354155725e-06	
2.51387738877271e-06	4.08505075675565e-05	0.000379281251031083	0.00400837749639809	0.027103369067053	0.135440486309581	0.427862560038462	0.382631621120969	0.022530940331549	
8.80692853649292e-06	0.000120151667890725	0.000922525764197634	0.00763403437532928	0.0411173476047513	0.178834119928349	0.456269668151787	0.303232614572636	0.0118607310065218	
1.57090927370581e-06	2.38778209603283e-05	0.000259200030161458	0.00180937330145435	0.0127240509351623	0.0611049147467537	0.226098458309639	0.464669936252502	0.227425562464065	0.00588305523002824	
1.88628647724368e-06	6.50768834649071e-05	0.000556768891866427	0.00357985735272897	0.0201379944310536	0.0865252182354859	0.274610301073328	0.449541993924271	0.162275653731876	0.00270524918944698	
1.48026367590414e-05	0.000163143954067733	0.00113066948861614	0.00656449697805745	0.031177502511724	0.118534161021193	0.315806066561473	0.414488946839637	0.110840884252829	0.00127932575564311	
5.98624864167292e-06	3.9698280465831e-05	0.000319476638034544	0.00228611684968309	0.0112951059896829	0.0464910973455398	0.153947096055031	0.350612062417039	0.36286181753221	0.0716068761202555	0.000534666523416787	
2.61486997795318e-05	8.25416788221365e-05	0.000693413111021078	0.0041551229083403	0.0186534742800759	0.0668937297938285	0.192634320830054	0.371650839877334	0.302132473723707	0.0428964694214584	0.000181465675578438	
3.59610787566552e-05	0.000227753498792149	0.00140816013657639	0.00754930295442343	0.028941097645685	0.0914786753957454	0.232252419013443	0.374276914186141	0.239279970877835	0.0244948572502897	5.48879623127895e-05	
6.31601618542308e-05	0.000497386274602067	0.00283904927534767	0.0125404501361575	0.0429239617969445	0.121678367612985	0.267707819828059	0.359044361487081	0.179543181497357	0.0131439454826747	1.83164469377269e-05	
6.30923384765156e-07	0.000158046307883672	0.000984871403618409	0.0054249947239032	0.0199690405895096	0.0605083917542099	0.155890758139621	0.293299877569317	0.329742327735045	0.127328225587918	0.00668968064866495	3.15461692382578e-06	
1.04645731389629e-05	0.000323133334200096	0.00203520092138981	0.00909371405775874	0.0303599464340699	0.0836182815458521	0.190018890140057	0.308751205407838	0.28656694456979	0.0860197425271056	0.00320152516396876	9.51324830814807e-07	
1.04717890004328e-05	4.50604253958019e-05	0.000759363366001084	0.0036835311126371	0.0147461828742459	0.0438840944314199	0.110031529604699	0.221070889568956	0.312208773201359	0.237103515855558	0.0549987878110915	0.00145779995963601	
1.27422541429847e-06	3.47226425396332e-05	0.000177754445294636	0.00159214465516593	0.00665209377534514	0.0228643822778181	0.0621140291581002	0.139422240712649	0.245782473156849	0.300668458652341	0.186826293131734	0.0332732111308687	0.000590922035880913	
6.37222728460279e-06	8.37947887925266e-05	0.000481421771351741	0.00294683650776456	0.0109621425977022	0.0344530398710261	0.0843501284003798	0.169481173254488	0.262429666541346	0.275955993398373	0.139838527760608	0.0187929727077505	0.000217930173133415	
7.98123579539559e-06	1.18122289771855e-05	0.000173352441475992	0.00109087530851467	0.00522451695166596	0.0178683906987317	0.0494338590200894	0.109202460646921	0.19556102820026	0.270703086216182	0.241950843887986	0.0986263654697261	0.0100560378527666	8.93898409084306e-05	
8.62749358529875e-06	2.20480391624301e-05	0.00037641434975859	0.00222461519780926	0.00924547775544571	0.0275456697970622	0.0686365045230434	0.135400203864478	0.217468757289433	0.265123836486629	0.202172211162699	0.0667090585487278	0.00504676421060031	1.98112815662416e-05	
1.62885539692491e-05	8.75110546583188e-05	0.000764603886321224	0.00408523321216991	0.0151802935325179	0.040492706400731	0.0913966732385127	0.160409360105754	0.231384658034585	0.2504735657529	0.160957741422719	0.0424153945359247	0.00233181828489192	4.15198434510272e-06	
1.92221069607734e-06	4.67737936045487e-05	0.000231306020427974	0.00169090467564937	0.00777181821269005	0.0236124361906141	0.0568999995514842	0.114935705255901	0.183618856374339	0.238569413911551	0.225343963585641	0.12082151440729	0.0253863162946441	0.00106810841012031	9.61105348038672e-07	
1.47684641920928e-05	0.000114616124273416	0.000501164621822974	0.00321374622962714	0.0127336266692779	0.0348317438506202	0.0765170182470796	0.138388214765575	0.202761702803921	0.235633093559826	0.19385053993184	0.0863094731671453	0.0147039324246447	0.00042635914015433	
9.67900234006013e-07	2.71012065521684e-05	0.000210034350779305	0.0011650292483319	0.00606486286628168	0.0203649435568979	0.0491373911797833	0.0988042237875678	0.16091599497079	0.213603644208908	0.223066804796785	0.159455756151087	0.0592038762468571	0.00781740755665523	0.00016196197249034	
7.78362306248595e-06	7.49173719764273e-05	0.000472530783418418	0.00249984027356841	0.0102296266098722	0.0309061726401109	0.0670507236012748	0.121986886541045	0.180669566714893	0.217854852943037	0.201879939560167	0.124413106713148	0.037905919996679	0.00397613411441991	7.19985133279951e-05	
1.40036455071583e-05	0.000152411769705816	0.000990350836913219	0.00437271972615383	0.0171101751465254	0.0448549792241264	0.0875439527210874	0.144308218283616	0.194587167645456	0.212765853510795	0.176045363995455	0.0922140056646374	0.0230744254678765	0.00194813505636793	1.82373057767643e-05	
3.14846694257295e-05	0.000404053257630195	0.00187169800429831	0.00792069011771659	0.0266550523219452	0.0622258415015826	0.109501712470848	0.163870161158872	0.20153566475124	0.20002768027187	0.146380099327573	0.0651847444969881	0.0134288674406867	0.000946507874610992	1.57423347128647e-05	
3.28296391234749e-07	8.20740978086872e-05	0.000818771199739464	0.00362931660510015	0.0136545035042357	0.0392156605257732	0.0818137587704381	0.131659328148001	0.178612606318786	0.200873399719241	0.180614229416145	0.117202468263588	0.0439749733095034	0.00749796127941043	0.000348650767491303	1.96977834740849e-06	
1.51617178490005e-05	0.000240609870212399	0.00168987233503969	0.0065175610596986	0.0218381473435517	0.0553933361613233	0.102817541580187	0.153295185132815	0.187295996614322	0.193643153149501	0.156022316730263	0.0888872189025751	0.0282001359940171	0.0040109335761845	0.000132170627335852	6.59205123869587e-07	
7.18920122342315e-05	0.000700698644587095	0.00331465245347228	0.011552748196405	0.03336186927183	0.0741624083625319	0.124916843801517	0.16936267234205	0.190568165554383	0.179868513816518	0.128732089943865	0.0639881977832081	0.0174422611064876	0.00188575729786749	7.12294130431326e-05	
3.33042365320165e-06	1.09903980555655e-05	0.000173848114697126	0.0014600577295636	0.0057176713278166	0.0189807504843269	0.048576227236138	0.0958336067056082	0.146032416345586	0.180075007801517	0.185994169760353	0.159084679684849	0.102397205641338	0.0444834696087185	0.0102577048518611	0.000889556157770161	2.93077281481745e-05	
1.23052363769393e-05	5.88655902356286e-05	0.000501854099805444	0.00293662803265876	0.0103081297703577	0.0292595240866688	0.0672763855862447	0.11701016013436	0.161397808337629	0.186091757154497	0.176395896037381	0.134955850807323	0.0782203967607297	0.0294637244957347	0.00567969802284783	0.00042436436802634	6.6514791226699e-06	
5.83480954014699e-05	0.000130032898323276	0.00108227381527526	0.00540736806412022	0.0168199221069597	0.0430842336444454	0.0885243966723581	0.137937898288267	0.173401537255592	0.183874853671312	0.159424000938904	0.111547221447026	0.056804371505991	0.0186613879978301	0.0030524389337169	0.000187714158348729	2.0005061280504e-06	
0.000114479439894277	0.000299253272706093	0.00237862836224776	0.00969694413537227	0.0263148733562828	0.0596186830445907	0.11120372118432	0.156350127668007	0.179357817205122	0.174498131508089	0.139112268848605	0.0882844017411586	0.0398180915005376	0.0113173972597237	0.00156087025797373	7.43112153699694e-05	
1.27564893604165e-05	0.000143342656760469	0.00075733263150262	0.00431538607179352	0.0154981274816407	0.0388347819781689	0.080288336943196	0.131852752514707	0.170094022040528	0.179988693722062	0.160383312363455	0.116828965019021	0.0672186421992725	0.0266308500253116	0.006396708020072	0.000726448499366875	2.95413437820171e-05	
3.53745695251789e-05	0.000329488847577381	0.00169528413191143	0.00743101790492259	0.0244940257405582	0.0544205746581974	0.101554661795532	0.150929138336128	0.179430260552234	0.172806793534472	0.142002618391946	0.0948917774002993	0.0488408258917592	0.017283003968016	0.0035556495882737	0.000287376264809311	1.21284238372042e-05	
5.40658352918119e-06	8.6505336466899e-05	0.000663658128206991	0.0034429799736767	0.0126872240741648	0.0360200111172874	0.072791537345131	0.123888482456481	0.167336463519922	0.180474461495833	0.160153479389935	0.122113095590086	0.0735129783348061	0.0340003142576676	0.010861826310125	0.00184769992109767	0.000110159139407067	3.71702617631207e-06	
3.9559717252838e-05	0.000192726827642031	0.00113911698653685	0.00626463625009045	0.020046971247186	0.0500518333731185	0.0941318400272658	0.144423398524592	0.177543334796254	0.175626210037078	0.144420355469418	0.100268329842836	0.0555283183333254	0.0228841130204216	0.00640698360875237	0.000991021634769813	4.12503034602242e-05	
5.42914691814475e-06	6.44711196529689e-05	0.000439421578687341	0.00248112014159215	0.010712046191182	0.0306726441574235	0.067346192267809	0.115954023269324	0.162027799946794	0.180662328778279	0.164288360994837	0.125439082257005	0.080311334430021	0.0405007573659951	0.0149949644662334	0.00361343659570772	0.000472675103560977	1.39121889777459e-05	
1.8062389538264e-05	0.000168014302686116	0.00105409378946888	0.00461579252653297	0.0174748506785665	0.0437416546648336	0.0874856949282855	0.136688666429924	0.175121341769719	0.177898519361178	0.148141925396197	0.10549457889754	0.0618227881922411	0.0286070762307814	0.00947627931133902	0.00198958924762991	0.000197663885513078	3.40799802608754e-06	
8.07959081665491e-05	0.000452594027949907	0.0023242517819606	0.00865851404000082	0.0266804521832013	0.0596143707162763	0.108909803008621	0.154978876662992	0.178954377700329	0.169219840188433	0.131394688011394	0.0871781002006203	0.0457143933117421	0.0190709155271933	0.00566940779338158	0.000990092230583305	0.000107157284983601	1.36942217231439e-06	
2.39573176428874e-06	4.1069687387807e-06	0.000147850874596105	0.00109005795275138	0.00436844574848307	0.0150397195214149	0.0400480789140353	0.0781367914922774	0.130487637510725	0.167530442050158	0.177836537852733	0.155505579830403	0.111741378702561	0.0694649270003419	0.0324950211560227	0.0123000291252533	0.00329755364984601	0.00047024792059039	3.3197997305144e-05	
6.87719833943169e-06	4.09193301196186e-05	0.000291249349674932	0.00210511041170004	0.00774063059094734	0.0243851698719569	0.055423685277397	0.0983528766117144	0.149333891761839	0.176157716164958	0.170416974851117	0.138713090506337	0.0923975667096835	0.0523819004518663	0.0224327332633922	0.00783175346894481	0.00178016279016189	0.000188091374583457	1.96000152673803e-05	
1.89701093161172e-05	0.000133135676291295	0.000769841527155884	0.00394095398265373	0.013005217124973	0.0363384515837972	0.0742245191767111	0.120757162595911	0.164439460862595	0.177146329904687	0.158768087999233	0.118480404566899	0.0737092220254696	0.0377991500011382	0.0148115164429458	0.00470665657686792	0.000870210650992068	7.69151704998934e-05	3.79402186322344e-06	
5.87016979984102e-06	3.14226736344431e-05	0.000310083087073955	0.00155490438874612	0.00696029486208209	0.0204727351331044	0.0512044552516956	0.0946129797050965	0.141117500771755	0.174903781010898	0.172383406342131	0.143033593255244	0.0976516558367789	0.0566899562775941	0.0263784712558503	0.00956595964499976	0.00269233611349179	0.000399862154600935	2.65884161522211e-05	4.14364927047602e-06	
2.77682324478738e-05	8.88583438331962e-05	0.000654983182864224	0.00341549259108848	0.0112343326425986	0.0313263843331633	0.069413291958667	0.113773390397051	0.158169240434712	0.178644840835963	0.15976938482952	0.12547770037383	0.0790193648711033	0.0428120194794151	0.0183943713792828	0.0059427488467506	0.00159945018899753	0.000225963991544573	1.04130871679527e-05	
3.11777498948617e-06	2.35565221427844e-05	0.00018429514382296	0.00138429209533186	0.00611776736825842	0.0179992614337469	0.0457710153623166	0.0895272552425386	0.132737538080157	0.170422084378077	0.17563950761326	0.145058984838607	0.105975596828738	0.0619051545134643	0.0307062730325627	0.0121562046840066	0.00346592652997879	0.000801614591741222	0.000111200641291673	9.35332496845851e-06	
7.96351739561127e-06	9.07148503326153e-05	0.00048958319988671	0.00272906278748731	0.0099744786579465	0.0279086660727498	0.0632469476357182	0.109985523710334	0.149924640888645	0.176079601934927	0.165809434413683	0.128488237019207	0.0864308242136632	0.0470044883076521	0.0214658342598136	0.00791850621033173	0.0019617951984145	0.000428991219702712	5.36671824486847e-05	1.03871966029712e-06	
2.95134174940261e-05	0.000298259125027864	0.00105067766278733	0.00513602907731335	0.016507028012747	0.0418507204398819	0.0830972838628272	0.129327795458823	0.163269961660335	0.173025361400478	0.152475342407725	0.110640246718282	0.0678975266367273	0.0344307000652073	0.0146143499096889	0.00504540552477287	0.00108157994698696	0.000205899489105382	1.63191837908145e-05	
0.000142086949607532	0.000686926444939578	0.00224193155280985	0.0091070474781295	0.0259137556415606	0.0590915769404289	0.104542806718535	0.147829889770258	0.169764519402129	0.165664394773551	0.134689785469449	0.0908637399981677	0.0521203279408282	0.0243632447681061	0.00951360283759047	0.00279161099289738	0.000586324736093369	7.81305367671589e-05	8.29704815226466e-06	
1.90545545755355e-05	0.000251173673950241	0.00126660820960287	0.00447193073565478	0.0154248351521194	0.0381260850269657	0.0777931638494219	0.125237965403165	0.161603756033798	0.171644813402211	0.154612813183257	0.114980725451931	0.0718079550340228	0.0379265318735928	0.016754496615045	0.00598901972631424	0.00173361801992691	0.000309030230570504	4.39986987471457e-05	2.42512512779543e-06	
5.93184209366968e-05	0.000459284148071267	0.00216425513581317	0.00842217509895943	0.0239691516459821	0.0542246683458521	0.0978237077343242	0.144302292223355	0.169400228323887	0.166957766324967	0.139124938817038	0.0952286135411814	0.0553288235145158	0.0265722243401866	0.0114238259548965	0.00337664040583513	0.000976846043027709	0.000165814065542346	1.94259156283919e-05	
6.93824579637706e-07	0.000119684739987504	0.000981414867897535	0.00395133098103673	0.0138934902949552	0.0361572803186598	0.0719329571185188	0.11879178775351	0.159386770083533	0.172228769228047	0.156230908983051	0.120978722828529	0.0759047559246548	0.0410300103414554	0.0185951925588701	0.00718941029420591	0.00200133699996496	0.000533204189451577	8.49935110056189e-05	7.28515808619591e-06	
6.57476756466457e-06	0.000312128439122497	0.00203748586424974	0.00677927743996545	0.0215458593498039	0.0505392001483821	0.0908982378238765	0.139318978654844	0.169742504418936	0.168269410444053	0.141611842332921	0.101598845055567	0.0586971025345383	0.0298345650064571	0.0126695770971086	0.00469749840475376	0.00111286592041901	0.00027337191453079	5.3290221313597e-05	1.38416159256096e-06	
6.42953659979142e-05	0.000779840568232766	0.00379930305205954	0.0114380073414246	0.0316703071901231	0.0670908317227805	0.111827616518931	0.15813445267187	0.172896461300585	0.15799929413367	0.124461310263511	0.0827795923742931	0.044235211806565	0.0209125863018377	0.00835390381758921	0.00281516914347857	0.000612534347033892	0.000111652705469496	1.72837005370737e-05	3.45674010741474e-07	
4.15205087092727e-06	1.45321780482454e-05	0.000174386136578945	0.00164317413216947	0.00658342266009443	0.0187489317119113	0.0467410206709853	0.0866577997313623	0.132616158813178	0.170151736699078	0.169067359413288	0.143983436085059	0.105017130669885	0.0645028022883336	0.032594983353736	0.0140104036554656	0.00542396245438799	0.00167742855185462	0.000322475950975351	6.08967461069333e-05	3.80604663168333e-06	
1.555973555365e-05	4.25299438466432e-05	0.000517620536084756	0.0029871234543996	0.0103658958258416	0.0293345965533457	0.0637444330723908	0.107002918314846	0.152113703631988	0.17435617271998	0.160423639733341	0.126445672318885	0.0865204282039224	0.0487794251887915	0.0238807363558408	0.00901254460457525	0.00335986556388482	0.000867195928190092	0.000195015352272413	3.42314182180299e-05	6.91543802384443e-07	
2.06975130903146e-06	3.89803163200926e-05	6.65770004405121e-05	0.00115250652057902	0.0057232073280235	0.0171765211551006	0.0424174833272908	0.0833661331422723	0.12691266580864	0.165515252514834	0.173879462513182	0.146085807059853	0.108340097395597	0.0680034040509863	0.0364600491427952	0.0164814296738175	0.0057953036652881	0.00200455414279697	0.000480182303695299	8.6239637876311e-05	1.20735493026835e-05	
2.55609947510152e-05	9.60264397403003e-05	0.000266317931797739	0.00239168010345985	0.00968865326717872	0.0257765361121589	0.0586535020635322	0.103428420233807	0.145783679373935	0.17342409558983	0.167626585645222	0.129098221921938	0.0889802406602198	0.0523848408102697	0.0256839638608984	0.0113459728998189	0.00390910510266539	0.00111984790517285	0.000275298821845393	4.1450261758403e-05	
2.89892984624283e-05	0.000209482192460643	0.000637419455477442	0.00441465602299265	0.0152076479291115	0.0386620610493919	0.0768992908320308	0.123190023816089	0.1600212726233	0.175670317132572	0.153859321146554	0.111449703049502	0.0721236490210417	0.0393540079948344	0.0178756987197429	0.00727907479963736	0.00236573382095174	0.000617403035110527	0.000122859407769339	1.13886529673826e-05	
7.57000708139753e-06	6.02159654202076e-05	0.000423920396558262	0.00158006693262625	0.00807788573831311	0.0228793141298311	0.0544782441437393	0.0981496149963217	0.142133076595396	0.169747774245872	0.169510351296501	0.136645853735076	0.093596599828092	0.0554781732609457	0.0287890810217858	0.0120631503754379	0.00465624253752143	0.00139081675559131	0.00029075709017186	3.26886669423984e-05	8.60228077431538e-06	
2.49649891675886e-05	0.000207243608706283	0.000775966581113131	0.00343559289284377	0.0135043492089005	0.0339010873449734	0.0722616741248147	0.120089805563773	0.1575136922706	0.171619937108746	0.158067367852276	0.119153447476912	0.0750276581301223	0.04245074116949	0.020147088244397	0.00796656743368461	0.0029096181895595	0.000765023024217749	0.000146712059628706	3.04367676152793e-05	1.025958458942e-06	
5.09347030780285e-05	0.000500459096014992	0.00177621957847944	0.00628616278457629	0.020589926414737	0.0497915779297539	0.0929865990454358	0.138360531553194	0.169438562834622	0.168524131084731	0.141736237545781	0.0995011133847512	0.058170507507912	0.0310561532881598	0.0139297866827288	0.00489554283745266	0.00187569607912176	0.000431406679761557	7.72566637290903e-05	2.1194305978777e-05	
1.29879229406025e-05	0.000167134060998805	0.00110636596207185	0.00349033339656401	0.0111333842596628	0.0311699896951085	0.0680799577550717	0.11264220493917	0.154239446030908	0.172943422215159	0.158792738383926	0.126017031268424	0.0800028710145448	0.0441896988681709	0.0226198349508424	0.00890014508877074	0.00303541430619712	0.00117643238846194	0.000238567637172119	3.41787445805328e-05	7.86111125352255e-06	
8.6159608787319e-05	0.000432514370804868	0.00202869835829902	0.00640395881090128	0.0180550721234877	0.0448393826990132	0.0878807413708234	0.132581788124254	0.165477938677701	0.171361507182141	0.144772514604225	0.106173009867506	0.0620397240421008	0.0333053228788431	0.0162515558503061	0.00572257704419679	0.0018093517845337	0.00066044257891156	0.000101263285228124	1.61334725617689e-05	3.43265373654657e-07	
1.26852083271193e-05	0.000182735568604178	0.000925334520943108	0.00348054689018689	0.0107094014193034	0.0280291677509091	0.060407990584147	0.107819128128489	0.149459181570929	0.170786102360032	0.163547305370334	0.130755356157794	0.0856995532406765	0.0481424226622275	0.0243360579103759	0.010727229279655	0.00353231625390027	0.00106247190826332	0.000340100720554117	3.18844425519485e-05	1.30280517954198e-05	
0.000116172988413453	0.00036286974616202	0.00193257183078379	0.00625625711132447	0.017305333365224	0.0406123683230429	0.0811840761001411	0.128417621392231	0.163410633928663	0.170373154472489	0.150498689637028	0.110129259533873	0.0672716773671101	0.0358209159215081	0.0165724184824391	0.00685762316899411	0.00211879029750536	0.000587015276747976	0.000132915566155392	3.00683028834819e-05	9.56718728110788e-06	
0.00016959516916521	0.000826477866636092	0.00323868762685514	0.0105046633552954	0.0258719648606999	0.0580885634845563	0.102381566608929	0.145421544660516	0.16967706622879	0.164553039950753	0.134193116005826	0.0909166601831491	0.0513167000397201	0.0252444286110122	0.0114475032997692	0.00438763518134057	0.00135505516449708	0.000317351121375543	6.89300285138276e-05	1.94505526004365e-05	
6.12143706856622e-06	0.000367966383788258	0.00168679599222714	0.00604321870602343	0.0169784858693427	0.0377981734992107	0.0777531333255795	0.122665436937976	0.158189836646051	0.17091154319388	0.151764028123242	0.115466286865505	0.0729491655461036	0.0378478251554335	0.0181976720854988	0.00774939924896769	0.00267540807880058	0.000752596679596502	0.000151335527528443	4.38702989913912e-05	1.70039918571284e-06	
3.17117274400896e-05	0.000690497291034208	0.00317969740192296	0.0098354093148596	0.0254556514901614	0.0548319636481308	0.0976792812281236	0.140738010324384	0.16745803907635	0.165476567590819	0.136117304748678	0.0952153141046603	0.0561989777912202	0.0273972275766546	0.0126499103717467	0.00494191468590557	0.00153477941083702	0.000447374047326855	0.000108092662349553	1.22755073961637e-05	
3.43171252406917e-07	0.000177762708746783	0.00138984357224802	0.00603981404236175	0.0163335789295596	0.037046366211084	0.0723048101971279	0.118645283437148	0.155748616076132	0.169349179151523	0.15441093453425	0.117185432929409	0.077460271922037	0.042229624807438	0.0190044807870427	0.00821826515264086	0.00326801983667107	0.000831503944581961	0.000316060723466771	3.19149264738433e-05	7.8929388053591e-06	
1.20799666178751e-05	0.000477331252357751	0.0025171199012618	0.010313185214535	0.0249986280609341	0.0516860354550472	0.0934378515054572	0.13775200104647	0.164122568173292	0.164991980627875	0.14028016548864	0.0971705611903806	0.0603370172629626	0.0311345608190079	0.013004946918901	0.00514537549540806	0.00194038778073411	0.00049355292181604	0.000158765275549216	2.58856427525895e-05	
5.58833544313244e-05	0.00087122496660015	0.00496598230962086	0.0169781266997131	0.0368128994054497	0.0674085153042293	0.113915267644822	0.152684084455368	0.167996470671131	0.155863187829508	0.12261293904445	0.0785601948767113	0.0459104318256051	0.0216803118082916	0.00860777209032555	0.00348732957746283	0.00116174898932697	0.000337729837650178	7.74036524110891e-05	1.24956568914763e-05	
