# <P(U)> as a function of N_tot.
# number_of_species: 1
# species_total_upper_bound: 103
# species_total_lower_bound: 0
# volume: 729
# Bin widths for each
10	10	10	10	10	10	10	10	10	10	10	10	10	10	10	10	10	10	10	10	10	10	10	10	10	10	10	10	10	10	10	10	10	10	10	10	10	10	10	10	10	10	10	10	10	10	10	10	10	10	10	10	10	10	10	10	10	10	10	10	10	10	10	10	10	10	10	10	10	10	10	10	10	10	10	10	10	10	10	10	10	10	10	10	10	10	10	10	10	10	10	10	10	10	10	10	10	10	10	10	10	10	10	10	
# Bin lower bound for each
0	0	0	0	-10	-10	-10	-10	-10	-20	-20	-20	-20	-20	-20	-20	-30	-30	-40	-40	-40	-40	-40	-50	-50	-60	-60	-60	-60	-60	-60	-70	-70	-80	-80	-80	-80	-100	-100	-100	-110	-110	-110	-110	-120	-120	-130	-140	-140	-150	-150	-150	-160	-160	-160	-160	-170	-170	-180	-180	-180	-200	-200	-200	-200	-210	-210	-220	-220	-230	-230	-230	-250	-250	-250	-260	-260	-270	-270	-270	-270	-280	-280	-290	-290	-290	-310	-310	-320	-320	-320	-330	-330	-330	-340	-340	-350	-350	-350	-360	-360	-360	-360	-360	
# Bin upper bound for each
0	0	0	0	0	0	0	0	0	0	0	0	0	0	0	0	0	0	0	0	0	0	0	0	0	0	0	0	0	0	0	0	0	0	-10	-10	-10	-10	-10	-10	-10	-10	-10	-10	-10	-10	-20	-20	-20	-20	-20	-20	-20	-30	-30	-30	-30	-30	-30	-30	-40	-40	-40	-40	-50	-50	-50	-50	-60	-60	-60	-60	-70	-70	-70	-70	-80	-80	-80	-90	-90	-90	-100	-100	-100	-100	-110	-110	-120	-130	-130	-130	-140	-140	-140	-140	-150	-150	-160	-160	-170	-170	-180	-180	
# Normalized histogram for each
1	
1	
1	
1	
1.82258235618774e-05	0.999981774176438	
0.000113369336686317	0.999886630663314	
0.000479716966989476	0.999520283033011	
0.00150044812198278	0.998499551878017	
0.0039353468716492	0.996064653128351	
3.26482791558461e-06	0.00950671248619444	0.99049002268589	
4.1916984808819e-06	0.0205672672128605	0.979428541088659	
1.25679659305718e-05	0.0408151675798613	0.959172264454208	
4.6013788333785e-05	0.0740914949322087	0.925862491279458	
0.000202071441312879	0.124720351706505	0.875077576852182	
0.000499336999156181	0.193567500904092	0.805933162096752	
0.00107637182893668	0.279829766227813	0.71909386194325	
1.62680377678765e-05	0.00256802596192907	0.380288158076988	0.617127547923315	
3.99945867791848e-05	0.00534113754835973	0.487002921930102	0.50761594593476	
4.65265380393996e-07	9.49141376003752e-05	0.010231185714864	0.59222792792667	0.397445506955485	
1.39663764143284e-06	0.000253722504860299	0.019193525560331	0.684742106204051	0.295809249093117	
9.30259816915566e-06	0.000582807775297602	0.0335670301036728	0.757549174696747	0.208291684826114	
2.23339332475958e-05	0.00128327058118478	0.0562284686924785	0.802144150649824	0.140321776143265	
7.20961418331118e-05	0.00257359969524263	0.0892024631763141	0.818992170358997	0.0891596706276132	
5.1134535893655e-06	0.000129230917985783	0.00510834013577614	0.135586475937947	0.805770114002124	0.0534007255525784	
1.71977838099134e-05	0.000302123229093073	0.00947272524448741	0.194380043133901	0.765250250994683	0.030577659614026	
2.78344001640374e-06	2.87622135028386e-05	0.000712560644199357	0.0166217759646243	0.264626745332867	0.701508067800888	0.0164993046039026	
4.62048491989234e-06	0.000106733201649513	0.0014633075741299	0.0282995460373566	0.343549687539707	0.618067482182255	0.00850862297998175	
2.77147651797233e-06	0.000215713255648847	0.00312853507603777	0.0461413887222154	0.423760607248982	0.522658899141812	0.00409208507878615	
1.34015673364061e-05	0.000422380432602594	0.00575112087936464	0.0715500437630492	0.497224027069318	0.423303292256759	0.0017357340315704	
1.43470296557731e-05	0.000908490942396213	0.0103405059225464	0.106504943245928	0.553982318905775	0.32753481931536	0.000714574638339151	
6.78083865040875e-05	0.00178856230429617	0.0178860874839652	0.15063354397281	0.58871798492053	0.240593908577575	0.000312104354320184	
1.85396159147771e-06	0.000241941987687841	0.0033019055944218	0.0289751022228073	0.205607584927663	0.593931427522616	0.167830336558918	0.000109847224295054	
2.59261059683285e-05	0.00047037363685396	0.00573753984402669	0.0445396611550543	0.263693960837691	0.574084542253766	0.111412810737112	3.51854295284458e-05	
4.16691552412158e-06	6.9448592068693e-05	0.00101811635972704	0.010064489962595	0.0662243254342505	0.325677783534294	0.527496781057758	0.0694393322564172	5.55588736549544e-06	
7.8791651236635e-06	0.000196052167488803	0.00214776771665039	0.0170078731398797	0.0959876973788799	0.383021511511228	0.461168461648627	0.0404627572721218	
3.76145851714946e-05	0.000400757864234566	0.00410277604926117	0.0269882326717501	0.134563624374251	0.428493280456205	0.382900223830001	0.0225134901691263	
0.000127217155023656	0.000913819930408022	0.00774626654929758	0.0411298188157434	0.178112870974311	0.456431386382732	0.30362820530146	0.0119104148910243	
2.32955681113491e-06	5.59093634672378e-06	0.000255319426500386	0.00186737273980574	0.012913199315483	0.0609989791882054	0.224949460264982	0.465568917375745	0.227587450397912	0.00585138079820866	
2.79937443312668e-06	5.73871758790969e-05	0.00057433832119649	0.00369610737653826	0.0204470974219628	0.0863434384529537	0.273472288059362	0.450648894993599	0.162096843425389	0.00266080539868691	
2.19779089282216e-05	0.000173952811091456	0.00118353377653891	0.00665603309966608	0.0315958159672782	0.117709471683802	0.315225406836813	0.415657904027615	0.110518954543605	0.00125694934466084	
6.08406587826533e-06	5.33525777017114e-05	0.000321519481412945	0.0023737217026586	0.0113772031923562	0.0469633725193976	0.15350940619985	0.350086510736738	0.363301101824331	0.0714634378061046	0.000544289893570968	
1.12243261078293e-05	0.000101018934970464	0.00071274470784716	0.00426898536301108	0.0190406662011689	0.0668193486804168	0.192691280054887	0.371179110780825	0.301963368476387	0.0430298571751271	0.000182395299252226	
2.39091228305401e-05	0.000263937963795962	0.00147814635852339	0.00776530805029542	0.0293589964169132	0.0920163688418186	0.23239151704322	0.37274088089647	0.239248747232285	0.024656400120577	5.57879532712602e-05	
4.22653673353517e-05	0.000534422089195892	0.00286700075091469	0.0129735893111825	0.04313603390246	0.122678985612399	0.267159856541951	0.357465918851434	0.180069249456303	0.0130553023546975	1.73757621267557e-05	
9.35766200686291e-07	0.000134282449798483	0.00106583770258169	0.00562161545062289	0.0207843030834432	0.0607583636443602	0.157075375031699	0.291889807915272	0.327988860639147	0.128004862241179	0.00667341666019428	2.33941550171573e-06	
1.40976847372356e-05	0.000337404588044505	0.00220910719832482	0.00936086266552444	0.0318602975833279	0.0841274637466289	0.190802764461992	0.307135919068011	0.284636014227383	0.0862209699301084	0.00329415900026739	9.3984564914904e-07	
1.46117653934948e-05	5.04341579710951e-05	0.00076923874587689	0.00393009354357935	0.015473859551711	0.0457739475051118	0.111182336920915	0.221938104561793	0.309653474913484	0.234654582579571	0.0549935001211362	0.00156581563345774	
1.88973580548571e-06	3.68498482069714e-05	0.000161099977417657	0.0017130455076728	0.00699249491424851	0.0238409069220078	0.0640440913158136	0.140238238992998	0.246149899513299	0.298642508284129	0.184323885599174	0.0332253349320498	0.000629754457178114	
5.18861805874931e-06	9.29234325066921e-05	0.000455655004068348	0.00320137734224832	0.0116748623247367	0.0363250433367531	0.0860659662032287	0.170177710168512	0.261945967618306	0.273432152922725	0.137504038867466	0.0188927017370078	0.000226412424381788	
1.18124559986014e-05	1.22849542385455e-05	0.000159704405101091	0.00113021578994618	0.00562650904125382	0.0187780250518567	0.0519748063938462	0.110915654339188	0.195261787649841	0.269801219990456	0.239535345230839	0.0966074626372017	0.0100864199280858	9.87521321483078e-05	
1.27545657802558e-05	2.45643489101224e-05	0.000346735232692881	0.0023449505382663	0.00990226695873048	0.0288257910547034	0.0714076174990753	0.137431863456232	0.216062344317534	0.264088480784774	0.199417163582975	0.0650704878715889	0.005042777396453	2.22023922841491e-05	
2.21348862290396e-05	0.000100784375596052	0.00067864619268183	0.00425696248136784	0.0161791889683495	0.0426638158189084	0.0945786012164768	0.162003819445262	0.22925619717945	0.248394867532125	0.158221108675227	0.0413376064652706	0.00230155721279396	4.70955026149778e-06	
2.833310666848e-06	5.19440288922133e-05	0.000271525605572933	0.00161640373543678	0.0082817670791967	0.0250946325762727	0.0591156104084501	0.118447024646025	0.183979611496441	0.235567587681521	0.223670043972982	0.118243970714901	0.0245884144037959	0.00106768590295722	9.44436888949333e-07	
1.65598399278559e-05	0.000125381645168052	0.000495375782984717	0.0033479264951288	0.0134773440098564	0.0365986656554124	0.0795094691530399	0.141271994424538	0.201775498723236	0.231915826806785	0.191985794496172	0.0846434926689589	0.0144070607372346	0.000429609561556947	
2.22670616622314e-05	0.000216037874850586	0.00118015426809827	0.00641528259506969	0.0215260896528755	0.0512890970516989	0.103147662361228	0.163362061001326	0.210300079450771	0.219798165667886	0.157182240739153	0.0576958518359192	0.00770961477509557	0.000155395664366211	
6.59645006582213e-05	0.000461751504607549	0.00255173467654141	0.0107588575138312	0.0325840905013966	0.0701269081062304	0.126762414851219	0.181995108186527	0.212840867997916	0.198724464857056	0.122460485365847	0.0366610762938771	0.00393556549610525	7.07101481875898e-05	
1.90013101403342e-06	0.000167686561988449	0.000971917013678093	0.00458596620236965	0.0181172741860551	0.0471051979033954	0.0913188714361855	0.148447735471361	0.194292671479699	0.20728861755018	0.172838767233001	0.0905654694891213	0.0223550413801032	0.00192245755344831	2.04264084008592e-05	
3.00238904385347e-05	0.00045893661098903	0.00178237063873206	0.00825799957966553	0.0284235694211918	0.0642897276833137	0.113773388253224	0.167134896386601	0.199560221490529	0.195039957985616	0.143726269808023	0.0637226097528081	0.0128731004527889	0.000912154385704053	1.47736603745171e-05	
4.75620863584802e-07	7.41968547192291e-05	0.000917948266718668	0.00360187679992771	0.0142481742104099	0.0418470260616452	0.0838719343262712	0.135718413423923	0.180674097449959	0.198014758515397	0.176501951234593	0.114180873858213	0.042678886952055	0.00733312247475048	0.000333885846236531	2.37810431792401e-06	
1.09460791382485e-05	0.00024176557401001	0.00176231874125801	0.0067608695755634	0.0229120473022912	0.0586281516974275	0.105583023868639	0.157012938741458	0.187084197716648	0.190159570038011	0.152277569722955	0.0863084062556366	0.0272295616476038	0.00389918375563783	0.000128497450753352	9.51832968543348e-07	
7.0505870090076e-05	0.000708393437999615	0.00338428176432365	0.0123285230544667	0.0352524586540239	0.0772591891062714	0.12763325133056	0.172046709186153	0.188891419054497	0.176222752815947	0.125494255677152	0.0618355536330532	0.0169842924354824	0.00182981788524312	5.85960947370226e-05	
4.76982494265478e-06	1.52634398164953e-05	0.000173144645418369	0.00158596679343271	0.00611300764650637	0.0202550616189835	0.0512035937769048	0.099091205253676	0.148819015193323	0.181784229336999	0.183181311062703	0.154630569903454	0.0995686647304357	0.0427734051732567	0.0098582741914789	0.000914375441506921	2.81419671616632e-05	
1.61378667448879e-05	7.64175454684396e-05	0.000564350692931519	0.00311365899548425	0.0110534894339691	0.0311057381507713	0.0706933492053999	0.120510943846869	0.163633222361767	0.186550417068927	0.172836078194609	0.129956342324024	0.0756130253468929	0.028418308694608	0.00540666000267699	0.000444740621763527	7.11964709333288e-06	
6.07524187056697e-05	0.00014333773788369	0.00117280645798211	0.00571072735833295	0.0181274775595753	0.0461049156300785	0.0926778147354992	0.14132341550098	0.174433958323841	0.18250785984417	0.155245686578272	0.106863504503273	0.0546145259033125	0.0178673812669917	0.00295028933339409	0.000192699078082046	2.84776962682827e-06	
0.00012129976488694	0.00032788842696001	0.00260652346344944	0.010062194559137	0.0280519921117247	0.0634179809843665	0.116125571790982	0.158217537861163	0.179607993275444	0.172177908848913	0.134171280953947	0.0845971094645089	0.0380279501192623	0.010873860564025	0.00154278138465577	7.01264265752622e-05	
1.7996931996698e-05	0.000145396266394376	0.000747346281336566	0.00462900035094017	0.0162535976103863	0.0413867867472487	0.0854267001535896	0.136313498977727	0.171006374229151	0.179124411370083	0.157276135926091	0.111671436642985	0.0638005447387153	0.0252160697447419	0.00623641054032947	0.000722245297235908	2.60481910478524e-05	
4.87548346572085e-05	0.000327556753230955	0.00175091391647587	0.00780077354515337	0.0256478831171475	0.057693536576303	0.106799595382207	0.154694830236139	0.179691386630099	0.171367090297267	0.137331955575352	0.0906669519376733	0.0460203037852212	0.0163674240075433	0.00350372122458891	0.000271228352025053	1.60938289159718e-05	
7.56033978057059e-06	9.7811895911132e-05	0.000707364290719636	0.00366723731481302	0.0135490739292551	0.0377638972039501	0.0765007156334124	0.128938759830214	0.170740823519461	0.179828351935707	0.157307989814332	0.117269847900139	0.0695220494947094	0.0319292049782947	0.010229139723112	0.00182534953577151	0.000110569969290845	4.25269112657096e-06	
5.50687488615595e-05	0.000221216341580624	0.00124869564726254	0.00667979216960045	0.0212673625411074	0.0519787801754387	0.0983730244086346	0.148883304614432	0.179891716954162	0.173932054577366	0.140645113919356	0.095674185041351	0.0524414518004892	0.0214311567684905	0.00618746814131676	0.00104395286303367	4.56552875177032e-05	
7.52684378270943e-06	8.84404144468358e-05	0.000475132013783533	0.00266826612097049	0.0114290418563078	0.0322807512730951	0.070114431546884	0.120833597948935	0.165595267496972	0.181904526690894	0.161437156734761	0.121145961965918	0.0762417528137459	0.0377617048301168	0.0139660586388173	0.0035028049253784	0.000531583342153853	1.59945430382575e-05	
2.35135553295119e-05	0.000190459798169046	0.00120483457508419	0.00484943565115854	0.0184553193070273	0.0457428002669259	0.0911540594037056	0.141164569962938	0.178133992465316	0.177376385712599	0.144725462782039	0.100966736313818	0.0583023307106314	0.0264640362522591	0.00899158355800535	0.00201981440280507	0.000230903113335807	3.76216885272191e-06	
8.28776241245462e-05	0.000500091118296978	0.00261912128057231	0.00880810204119112	0.0277522316919326	0.0619948173231187	0.113072391250195	0.158887236045362	0.181920152118112	0.167280949965931	0.126887055221455	0.0832397428344995	0.042775684646873	0.0175818287041942	0.00549393886739251	0.000970515814322101	0.00013137987006107	1.88358236646696e-06	
3.28878594466853e-06	3.28878594466853e-06	0.000163029817542854	0.00121685079952735	0.0047616922213165	0.0153280916349729	0.0411257984115164	0.0810991122627082	0.134712900732695	0.17117238171529	0.179582277202371	0.15227172889128	0.107154753822626	0.0659753951828682	0.0304067053647146	0.0113505399481781	0.00314877762873835	0.000477813615103984	4.55731766618353e-05	
9.40868751161385e-06	4.75138719336499e-05	0.000321777112897194	0.00234135188726511	0.00835021016655729	0.0250200522652591	0.0568905699077243	0.101618999903561	0.153040299760784	0.178973935583421	0.170506587257344	0.135610706145519	0.0881880984807322	0.0490004445604849	0.0209319775414629	0.00714683903382188	0.00177400803031479	0.000200405043997375	2.68147594080995e-05	
2.53659269837094e-05	0.000164408786005524	0.000796208263655324	0.00432489055072246	0.0137464534676162	0.0374805058153736	0.0763025873245523	0.123831758140584	0.16821038687736	0.179121963134853	0.156730895699066	0.115196069220796	0.0699705003663967	0.0352774280828996	0.0136041224328742	0.0042830837451382	0.00084740985701133	8.07951748370004e-05	5.16713327445933e-06	
6.5755267349175e-06	3.99228408905706e-05	0.00035038163887489	0.00167769867836609	0.00738572556475555	0.0211741354473965	0.0527855105450313	0.0971576346327357	0.144245920942442	0.178311376553644	0.173150527427696	0.139561327824294	0.0942240103480004	0.0536539497545215	0.0246065604030234	0.00878208563496339	0.00247803421810177	0.000374335343409232	2.86505093449977e-05	5.63616577278643e-06	
3.49555875089515e-05	0.000103449644114329	0.000725092254408655	0.0035418512857043	0.0120412551512254	0.0318275347997045	0.0713632490179369	0.116484299272735	0.16061053240194	0.181848886050453	0.159568950368734	0.121931230077677	0.0753878653095081	0.0404592030503946	0.0169255899463951	0.00541339233584573	0.00147947162267616	0.00024091013012926	1.22816929085505e-05	
4.23192848981281e-06	2.77426423221062e-05	0.000199841067574494	0.00151973254211944	0.00636199916301859	0.0189280054921028	0.0467317756701729	0.0910734521721548	0.135814810809286	0.172299206748515	0.177835509641744	0.143428520376736	0.102324269169461	0.0590542110039545	0.0291354170095312	0.0110650823580306	0.00328679779375461	0.000787138699105182	0.000109559926458487	1.26957854694384e-05	
4.22080038568736e-06	0.000113492632592927	0.000566056229502738	0.00299301645127297	0.0105280830953662	0.029255774406661	0.0644455251777778	0.112102582332574	0.152222696931994	0.176875454029153	0.167065844954995	0.126799878253358	0.0827952203656433	0.0443592051201123	0.0202954841656674	0.00729307408864713	0.00178399162968386	0.000438963240111485	6.00291610408869e-05	1.40693346189579e-06	
3.00413914045946e-05	0.000317781593451728	0.00120869660729424	0.0055445143011105	0.017363454835115	0.0430464975023399	0.084027649345614	0.132014547543788	0.164485067081488	0.173621874639151	0.152345997970328	0.108870941243732	0.065164002527232	0.0324611316028866	0.0135491369202129	0.00471837603748415	0.00096836547605748	0.00023986173449606	2.20616468127492e-05	
0.00015427020869823	0.000764359946420232	0.00258297733113471	0.00992223103618312	0.0274820025857738	0.0606351831154752	0.10517453040801	0.149556811053018	0.170507730755141	0.166415142529826	0.133327212239453	0.0890698391954459	0.0494829850679488	0.0229335948314353	0.00871463553546677	0.00261420423138481	0.000555559180568852	9.5544993302529e-05	1.11857553134668e-05	
2.56709451575263e-05	0.000294049008168028	0.00145017502917153	0.00485694282380397	0.0163635939323221	0.0398907817969662	0.0793941656942824	0.1257008168028	0.163492648774796	0.171695215869312	0.155469778296383	0.112843407234539	0.0698277712952159	0.0356191365227538	0.0157362893815636	0.00537596266044341	0.00161400233372229	0.000295915985997666	5.04084014002334e-05	3.26721120186698e-06	
7.54692369687455e-05	0.000536204270068062	0.00232324126396996	0.00898130505876817	0.0251838980326754	0.0558150910522368	0.0997591506449825	0.144806365504037	0.171285352911855	0.167008296957472	0.138377970436557	0.0931173919322454	0.0531322062639467	0.0248647842837643	0.0104860312032685	0.0031589931844757	0.000900040529775409	0.000165845977536256	2.23612553981468e-05	
9.28456399455367e-07	0.000133697721521573	0.00111414767934644	0.00440088333341844	0.0146733249369926	0.0377468591480577	0.0737421852985428	0.120073088087765	0.159383932040705	0.172662251237516	0.155639467381702	0.120455147896141	0.0742556216874417	0.0394672888562485	0.0172047613101077	0.00653911842136415	0.00194650884145818	0.000461907058729045	8.91318143477153e-05	9.74879219428136e-06	
8.31013804524316e-06	0.000313015199704159	0.00229867651818143	0.00734293031164403	0.0225361710300278	0.0521622748356555	0.0927139017990987	0.139959806632321	0.170105755740112	0.167522687831049	0.140715567520102	0.100738725104789	0.0576271139490745	0.0286344273322287	0.0117302215251966	0.00417999943675731	0.00110848008036827	0.000242840700655439	5.72476176450084e-05	1.84669734338737e-06	
5.56296262240816e-05	0.000778355018160085	0.00415199301181555	0.0118187669532435	0.0328288354558411	0.0685540894671509	0.113055951450508	0.157522412762632	0.174341869339341	0.158041469357731	0.12305870994437	0.0817199209231759	0.0433285825939037	0.0198643740517677	0.0075545951910257	0.00259528297549538	0.000604110155854903	0.000105742264723461	1.88497080593996e-05	4.59748977058526e-07	
5.51593277181138e-06	1.93057647013398e-05	0.000149849506967542	0.00173843814524922	0.00697076004037663	0.0188893117770681	0.0479950503696594	0.0894252214187347	0.133828939892881	0.170098496172862	0.16977673342784	0.142634666902013	0.103353870989687	0.0637522316544673	0.0315276927404809	0.0129367009941549	0.00502041814447699	0.0015371065990781	0.00028912680945578	4.59661064317615e-05	4.59661064317615e-06	
2.06022542528776e-05	5.03610659514785e-05	0.000578694430569716	0.00308072375261362	0.0104664029883341	0.0297043301817989	0.064962112454429	0.109008816391337	0.153905248859207	0.174564731596121	0.160651800385216	0.124492555032055	0.084864347890581	0.0483676833955445	0.0228611769747375	0.00838603313666574	0.00309262727729307	0.000765030374590187	0.000146047091259288	2.97588116986009e-05	9.15655744572336e-07	
1.36380869946293e-06	5.13701276797704e-05	6.81904349731466e-05	0.00130698333698531	0.00588256152368345	0.0172935489120898	0.0434582188112862	0.0848639055298806	0.129292701532285	0.167122481840887	0.17333781268724	0.14542974066723	0.106075222232628	0.0667347964879198	0.0358031605812007	0.0157892679165822	0.00513655816507722	0.0018247760398814	0.000450056870822768	6.59174204740417e-05	1.13650724955244e-05	
1.72686926781652e-05	0.00010770210959803	0.000291750018404791	0.00260984479080797	0.00987587445478647	0.0256208322237441	0.0599696252784577	0.10581982209611	0.147726394833207	0.174653739989839	0.166869195106234	0.127559288420796	0.0871464576003606	0.0513848128210045	0.0249169057774684	0.0106043406222364	0.00349645582804745	0.00101158183951568	0.000281752354222695	3.63551424803478e-05	
2.99227720456023e-05	0.000246182806375183	0.000617043829607041	0.00469696846049151	0.0158014905167481	0.0385364500167295	0.0780073065968831	0.125263977788236	0.162158755720463	0.176554329326402	0.153175123476772	0.109542281330276	0.0705143724514639	0.0383841159044974	0.0170845427120368	0.00657530246935409	0.00207691240516521	0.0005957351889079	0.000131025471533016	8.16075601243699e-06	
9.91644493646038e-06	6.94151145552226e-05	0.000448493759626276	0.00157175652242897	0.0087251193015938	0.0234997207619255	0.0547157879269086	0.100885403308577	0.144257228975672	0.170583136544489	0.168971714242314	0.134957857362758	0.0914458492240607	0.0545747039603126	0.0279860106006796	0.0114435774566753	0.00434069839718697	0.00123865412206332	0.000239797668463496	3.38060622833877e-05	1.35224249133551e-06	
3.25907988585184e-05	0.000221885301817584	0.00081700221796012	0.00361802512259498	0.0144220981688436	0.0342841810512631	0.0724538103554808	0.123319564836939	0.160388696618057	0.171892355716515	0.15738498573148	0.116458978452571	0.0725381892730734	0.0418139949354791	0.0194093832927957	0.00734900191794619	0.00274521674220589	0.000708515038198202	0.000105808483965327	3.57159439545407e-05	
6.58356839193228e-05	0.000481312229734509	0.00183628177850652	0.00672191229530329	0.0213605655819052	0.0492713368780808	0.0934791089585017	0.142214418815483	0.172701678498555	0.168273339083576	0.14066149737925	0.0966361079367141	0.0560057045730445	0.0302879732885058	0.0130732764507093	0.00466098848720719	0.00177400478020446	0.000403910817559089	6.31666697063773e-05	2.75798135337704e-05	
1.6877847026301e-05	0.000209640626221423	0.00106552513200253	0.00357899187731404	0.0114769359778847	0.0315509142463242	0.0674465416403135	0.113764683726913	0.158087242479587	0.17513431213002	0.158450560344521	0.12509993462055	0.0773054250730189	0.0421155581770504	0.0219900580597938	0.0083913990491554	0.00297716338466568	0.00106819005521721	0.000221632780687479	3.81972327437339e-05	1.02155389896032e-05	
0.000111472778347528	0.000493155571409462	0.00193026262986579	0.00636509564364382	0.0185361394747403	0.0458344852187096	0.0869349444865564	0.13450483791858	0.168129932670442	0.172675346680341	0.144489231729612	0.104874927542694	0.0600075801489276	0.0315365407767423	0.0158072858607928	0.0053065501404557	0.00172203147991261	0.000643866767735319	8.56110937709012e-05	1.02554956079725e-05	4.4589111339011e-07	
3.55747659291573e-06	0.00020811238068557	0.000972080479014223	0.00331556818459746	0.0104723217203957	0.0287666450994648	0.0608270688393955	0.107805325987144	0.151251453562702	0.173075238406517	0.163642589220401	0.130892904390593	0.0840974126028055	0.046276544889796	0.0233592806782329	0.0103300226566791	0.00334980889680427	0.00100054029175755	0.000311723886454241	3.42407122068139e-05	7.55963775994593e-06	
7.65679161842445e-05	0.000359382358043969	0.0019779307365745	0.00619314942870598	0.0169480648233715	0.0418525540932411	0.0821821590559043	0.129275853400324	0.16500031866416	0.171851598100762	0.149927061314525	0.109671368733381	0.0656926165514165	0.0337850397799093	0.0160044648389507	0.00647242315767857	0.00207131703897263	0.000492159091311445	0.000119056470829837	3.67348962040017e-05	1.01795495505065e-05	
0.000145640501693901	0.000844626374565237	0.00324481725658448	0.0104343229952187	0.0255171897846247	0.0592486809353042	0.103078503771823	0.147428913933546	0.171145296542211	0.165592807749668	0.133218562125413	0.0898783392733114	0.0495133438129569	0.0238496281740444	0.0110385761405444	0.00414920493123688	0.00132404480415337	0.000264277749274343	5.79905948993952e-05	2.5232548925691e-05	
4.85919381557151e-06	0.00034146880176698	0.00158056322473771	0.0059436775262286	0.0167173937051353	0.0375911651021535	0.0787887355052457	0.123259193815572	0.159726118166759	0.172861844284925	0.153380894533407	0.114234787410271	0.0711871893981226	0.0363330756488128	0.0172532302595251	0.00743545002760906	0.0025091109884042	0.000694422970734401	0.000116178906681391	3.84318056322474e-05	2.20872446162341e-06	
2.92409449432881e-05	0.000663237796668216	0.00295687979623492	0.00971375330123623	0.0250577176379165	0.0544342342350325	0.0987223036193644	0.141158889535242	0.169702039201474	0.167543968855735	0.136723569840889	0.0939356495410722	0.0546668326607178	0.0260191244640822	0.012144296088492	0.00462139843490057	0.001422616275953	0.000392537533632625	8.01910762838658e-05	1.15191601291741e-05	
0.00014267249662156	0.0010963489662263	0.00557046928996803	0.0160221213706012	0.036511229440113	0.0723938081919872	0.119827063100033	0.15656433927698	0.171877556679993	0.15568512001655	0.117293288730344	0.0764697830798444	0.0406184139366062	0.0178010690628512	0.00801819431013166	0.00300771456940326	0.000759285192957864	0.000293370321178082	3.78973819151018e-05	1.02545856946746e-05	
0.000377187688593844	0.00216164468201282	0.0096515144983763	0.0246478683507199	0.0512400494295485	0.0936305572319453	0.138781719688479	0.165326303273271	0.167876810500905	0.140836045492428	0.0970503922751961	0.0589090833979941	0.0298243203437078	0.0124359678995316	0.00483743210621605	0.00176559760898928	0.000460707819639624	0.000158059602839325	2.873810960715e-05	
0.000681773618778816	0.00417608827439319	0.0161363583215057	0.0368827835071946	0.0667967253279799	0.114385963018728	0.153529032942798	0.169519232671887	0.158685058364499	0.12322743356305	0.0772954094509294	0.0450883517448188	0.0209033770280067	0.00801308861438057	0.00323797497045348	0.00102355986566002	0.000326046090774829	7.73516242941664e-05	1.43909998686821e-05	
