# <P(U)> as a function of N_tot.
# number_of_species: 1
# species_total_upper_bound: 103
# species_total_lower_bound: 0
# volume: 729
# Bin widths for each
10	10	10	10	10	10	10	10	10	10	10	10	10	10	10	10	10	10	10	10	10	10	10	10	10	10	10	10	10	10	10	10	10	10	10	10	10	10	10	10	10	10	10	10	10	10	10	10	10	10	10	10	10	10	10	10	10	10	10	10	10	10	10	10	10	10	10	10	10	10	10	10	10	10	10	10	10	10	10	10	10	10	10	10	10	10	10	10	10	10	10	10	10	10	10	10	10	10	10	10	10	10	10	10	
# Bin lower bound for each
0	0	0	0	-10	-10	-10	-10	-10	-20	-20	-20	-20	-20	-20	-30	-30	-30	-40	-40	-40	-50	-50	-50	-50	-60	-60	-60	-70	-70	-70	-70	-70	-80	-90	-90	-90	-100	-100	-110	-110	-110	-110	-120	-130	-130	-140	-140	-140	-150	-150	-150	-160	-160	-170	-170	-170	-170	-180	-180	-180	-200	-200	-210	-220	-220	-220	-220	-230	-230	-230	-230	-250	-260	-260	-260	-260	-270	-270	-270	-270	-280	-280	-290	-290	-290	-310	-310	-320	-320	-320	-330	-330	-340	-340	-340	-350	-350	-350	-360	-360	-370	-370	-370	
# Bin upper bound for each
0	0	0	0	0	0	0	0	0	0	0	0	0	0	0	0	0	0	0	0	0	0	0	0	0	0	0	0	0	0	0	0	0	0	0	0	-10	-10	-10	-10	-10	-10	-10	-10	-10	-10	-20	-20	-20	-20	-20	-20	-20	-30	-30	-30	-30	-30	-30	-30	-40	-40	-40	-40	-50	-50	-50	-50	-60	-60	-60	-60	-60	-60	-70	-70	-80	-80	-80	-90	-90	-90	-100	-100	-100	-100	-110	-110	-110	-120	-120	-120	-130	-140	-140	-140	-150	-150	-160	-160	-170	-170	-180	-180	
# Normalized histogram for each
1	
1	
1	
1	
1.1564963906799e-05	0.999988435036093	
9.88970176937987e-05	0.999901102982306	
0.000427384424842898	0.999572615575157	
0.00141766427902771	0.998582335720972	
0.00392847364908423	0.996071526350916	
2.27294304336933e-06	0.00954164005429187	0.990456087002665	
2.96774290408307e-06	0.020647460249266	0.97934957200783	
1.08194040776938e-05	0.0408326054957338	0.959156575100189	
4.55335670490498e-05	0.0740403713515357	0.925914095081415	
0.000156414184761248	0.124515281683289	0.87532830413195	
0.000446519017246688	0.193414742415541	0.806138738567213	
1.21892481776203e-06	0.00105280277831275	0.279974493127528	0.718971485169342	
9.23653583200798e-06	0.00243931683095501	0.380381284199145	0.617170162434068	
2.66777143789742e-05	0.00505656024176635	0.487419801210924	0.50749696083293	
1.04548905451372e-06	8.9563562336675e-05	0.00993388849963783	0.592397621791198	0.397577880657773	
4.70167522429603e-06	0.000243964703305138	0.0185829359837315	0.684984625522017	0.296183772115722	
1.61774158056831e-05	0.000561686834801622	0.0329979273773191	0.757328499823005	0.209095708549068	
1.21655093212132e-06	3.07613592836392e-05	0.00125652331989102	0.0553269984629748	0.803283192897011	0.140101307409907	
1.04224388159415e-06	7.55626814155756e-05	0.00250103790119875	0.0879203934123238	0.820783732657496	0.0887182311036842	
4.3511049282877e-06	0.000148459700153176	0.00490926466848845	0.13366646552959	0.807931785813553	0.0533396731832875	
1.35804132833156e-05	0.000357965765519191	0.00921256933410359	0.192467188502752	0.767508547825515	0.0304401481588268	
1.0440171552899e-06	2.36643888532376e-05	0.000775878749239608	0.0163045899170215	0.262789036149442	0.703841565524605	0.0162642212536836	
2.78293006357604e-06	7.32258472978445e-05	0.00151634901839099	0.0277478999314008	0.341625537279435	0.620670108687334	0.00836409630607778	
5.39637318462089e-06	0.000171987635690498	0.00315200416948163	0.0453805391812379	0.421831706616946	0.525385496881506	0.00407286914195403	
5.22815220545244e-07	1.82985327190835e-05	0.000345755132520588	0.00580028632846912	0.0706882775242608	0.495157075476219	0.42623451922348	0.00175526496711057	
2.96364737826165e-06	3.03338025775016e-05	0.000828775272720933	0.0104011819723073	0.105208261602897	0.552814201100908	0.329985225346158	0.000729057255052365	
5.24292663660139e-06	8.86054601585636e-05	0.0016520461831931	0.0179388482513529	0.148865561749005	0.588307574543494	0.242827370523742	0.000314750362417304	
9.60239955235359e-06	0.000247043552119642	0.00308498909254705	0.0289569960900775	0.202536953961732	0.595642081904976	0.169400295230139	0.000122037768856276	
3.5586449866106e-05	0.000509200231172369	0.00571842849539618	0.0449397551059142	0.261326477941024	0.575512266073606	0.111915721517888	4.25641851339699e-05	
2.97005745314079e-06	8.50834105693862e-05	0.00107271486836967	0.0101235281836614	0.0673913024488124	0.322596459167388	0.528914295498004	0.0698031638100246	1.04825557169675e-05	
3.49992938892458e-07	1.11997740445587e-05	0.000227145417341205	0.00218255596693337	0.0170476310640433	0.0971939141127828	0.379543367712556	0.462771513584713	0.0410193474346655	2.97493998058589e-06	
1.40217621253626e-06	4.55707269074285e-05	0.000453779276782048	0.00423019036119533	0.0272945868812043	0.134565273668866	0.425886311202143	0.384963272623193	0.0225592625394428	3.50544053134065e-07	
8.59141023791018e-06	0.000116247040566009	0.000980648111441462	0.00774629600634432	0.041589263612695	0.177554467349222	0.455133113381542	0.304984543351642	0.0118868297363086	
8.76986044521074e-07	2.49064036643985e-05	0.000257132308253579	0.0019598884122957	0.0131425128631928	0.0615139059292149	0.224764682719604	0.463798279177983	0.228701473073459	0.00583634212628774	
2.45861103930406e-06	5.88310498690614e-05	0.000596915637328178	0.0038665170894541	0.0207759657424162	0.0871161405707349	0.272887737010104	0.448875817663786	0.163147633270768	0.0026719833545008	
3.52263008016097e-07	1.16246792645312e-05	0.000151120830438906	0.00122446621586395	0.00703205029752134	0.032059104096537	0.118937201369035	0.314705782890445	0.4138600698608	0.110823175242392	0.00119505225469461	
4.22799833346399e-06	3.17099875009799e-05	0.000339296866260485	0.00235834223708677	0.0119692871154393	0.0479035734513415	0.155079984039306	0.348393933174725	0.362312856021683	0.0711031288068501	0.000503660301473898	
1.92086122253477e-05	6.39699654844148e-05	0.000760590553803675	0.00437727265197625	0.0194125054762167	0.068597302546921	0.194239953983919	0.367485599708734	0.302122393047681	0.0427514980074149	0.000169705445623943	
3.45091443950635e-05	0.000204061726295299	0.0014942811657189	0.00782406815626445	0.0302708580487473	0.0944615640318935	0.232704140076138	0.369746290883212	0.238896066556167	0.0243079948179942	5.61653931735983e-05	
1.76195402110504e-07	6.43113217703339e-05	0.000477489539719465	0.00291691488193939	0.0131230335491903	0.0447254408717303	0.124713748544846	0.266367804025607	0.355641256999142	0.178847671498473	0.0131036520549582	1.85005172216029e-05	
3.51514173666632e-07	7.90906890749922e-06	0.000143769297029653	0.0010086699213364	0.00556095422740612	0.0210518323467209	0.0629226189001086	0.157809476154245	0.291696127948347	0.325806536089697	0.1274085970876	0.00657788473182369	5.27271260499948e-06	
1.93729163107627e-06	2.46564389409707e-05	0.000356637777539041	0.00211376128692522	0.00940854486503242	0.0320745047137828	0.0860173334765755	0.191042844085008	0.306654596752747	0.283427879035511	0.0857566796934852	0.00312009623055884	5.28352263020801e-07	
8.79301609420908e-06	1.05516193130509e-05	6.26062745907686e-05	0.000858022510472922	0.00388651311364041	0.0155662763915783	0.0463274121749156	0.112249357274489	0.221598426120463	0.308596879077212	0.234760164330919	0.0546806016040923	0.00139439649221968	
4.39891702182056e-06	2.76251988970331e-05	0.000213435453898734	0.00177223568975107	0.00704970441916964	0.0242125190715047	0.0653517189296133	0.141001478563989	0.245916177404452	0.296268293116381	0.18472354654063	0.0329012599730047	0.000557606721685975	
1.03595719635568e-05	7.00588002281213e-05	0.000508496956041702	0.00321550578590873	0.0116761155327559	0.0364732435082357	0.0877018536259204	0.169766344244011	0.261360587552781	0.27232505316743	0.13820125522895	0.0184892021654666	0.000201923860306615	
5.08969892324787e-06	2.03587956929915e-05	0.000173927297687539	0.00118379376680368	0.00566062273694874	0.0189638671743027	0.0519252839218342	0.112791764796939	0.195552550878122	0.267775554105869	0.238536637846685	0.0975191578900074	0.00981206198972477	7.93291004588978e-05	
7.01576284055609e-06	3.80605134100168e-05	0.000408843579533406	0.00237343256896013	0.0097813765523033	0.0288588142624144	0.0712650665699427	0.138660413751106	0.216456453949322	0.262315864726972	0.198836014787123	0.0660802424367007	0.0048989317974893	1.94687418825432e-05	
1.39963375083825e-05	0.000118968868821251	0.000871446964115665	0.0044699053375208	0.0160399777388252	0.0424680371763719	0.0939910049037918	0.163346356342204	0.230783684679312	0.246024296592189	0.157622554118151	0.0419855134407704	0.00225918382807179	5.07367234678865e-06	
1.92424829240457e-06	4.63568906806556e-05	0.000279715729050446	0.00173234825815295	0.00822126336346706	0.025103918154373	0.0595014307660712	0.117921433991811	0.185346744294341	0.236583703576198	0.22035231936644	0.118827580005871	0.0251030434960583	0.000977693064204469	5.24794988837611e-07	
1.06602970517987e-05	0.000105030139805427	0.000639443064139862	0.0033565954995721	0.0136289276422726	0.0371652907019316	0.0794950584280396	0.141414782197024	0.203138076885907	0.231879810568269	0.18889085201463	0.0853465129556687	0.0145402956607173	0.000388663944970498	
5.24576679733872e-07	3.04254474245646e-05	0.000216125592050355	0.00140201860603539	0.00641382420421281	0.0218587605267239	0.0519591452687468	0.101861075658471	0.164408801207645	0.212547629376784	0.218132447568124	0.155079379817472	0.0582722507504507	0.00765707093518208	0.000160520463998565	
4.20454185122124e-06	7.58569425657831e-05	0.000543787412757946	0.00282352504233886	0.0110143229470054	0.0330950000464251	0.0704393903904846	0.124917288778271	0.182451013145675	0.21524871704537	0.196812326595497	0.121174195395221	0.0374673731932076	0.00386835369236734	6.46448309625265e-05	
1.21024838330987e-05	0.000173644333257503	0.00110360620692546	0.00507725506545953	0.0182717688165998	0.0475352239283996	0.0912304525153785	0.147330376234651	0.195362678991789	0.208526498037556	0.17045980142455	0.0902131422801325	0.0228431751374991	0.00184554108538934	1.47334585794245e-05	
4.60395852571407e-05	0.000363923591860834	0.0021621032710071	0.00893730269533656	0.0283222524954949	0.0648970127865283	0.113085697767695	0.166684912634615	0.200951191889301	0.194621451810876	0.141658532127987	0.0641009848429602	0.0133175650682554	0.000842418976040965	8.61045678473243e-06	
2.1051933541151e-06	0.000110347218311533	0.00079067553724973	0.00407372457299223	0.015015993329344	0.0413040690405178	0.0847392954865181	0.135143062800198	0.181031190369302	0.198927614505414	0.175114193582002	0.112828539544917	0.0431694457850433	0.00740466675754085	0.000344023680618309	1.05259667705755e-06	
2.68711591146708e-05	0.000316658169174846	0.00171395844313773	0.00740713160562903	0.0234857443232042	0.0578924194703853	0.106149157413533	0.156002709596358	0.188347681888329	0.190755197242211	0.150662900957649	0.0856807105647738	0.0275034216820748	0.00393425382567151	0.000120832401770546	3.51256981891122e-07	
9.31856335181339e-05	0.000738100546243634	0.00332707876049745	0.0128297276939967	0.0358307551974727	0.0772668899839861	0.128464483614449	0.171857868348744	0.189859047059097	0.175463449078095	0.123670522324816	0.0618003605053263	0.0168690611740827	0.00187936082391572	5.01092557597513e-05	
1.75677579640796e-06	7.02710318563182e-06	0.000244894546019269	0.00146761050031921	0.00608529568117752	0.0205319657653587	0.0515805184807543	0.098894179907193	0.14923582009632	0.181550129773028	0.184181779916047	0.154488404050001	0.0981491312919364	0.0427918962040643	0.00988678282702469	0.000884887968650687	1.79191131233611e-05	
8.9273632962486e-06	4.30613994289638e-05	0.00056224884132452	0.00291557182475131	0.0106288137127101	0.0316625568703675	0.0707766613516763	0.120604652066518	0.16502336080919	0.185610035616679	0.172650479898291	0.130642859430963	0.0748153304883635	0.0281446505926281	0.00551465986833364	0.000392628938695796	3.50092678284259e-06	
2.27392744527225e-06	3.86567665696283e-05	0.000109148517373068	0.00115865349211411	0.00549800672767672	0.0175851555217693	0.0460489548592168	0.0919462562495835	0.1407167524258	0.1767695222356	0.182088413447587	0.156039000304531	0.106425401798607	0.0545763576964835	0.0179335911733833	0.00288578884554628	0.000177016505739655	1.04950497474104e-06	
1.5735974132856e-06	1.24139351492531e-05	8.81214551439938e-05	0.000333952339930611	0.00233119714570411	0.0096480754291681	0.0276634928372468	0.0631547585848044	0.113888413409917	0.1590503094829	0.182114526769427	0.172305070183319	0.13528059602275	0.0836080280743766	0.0384109883258305	0.0106425889943646	0.00139263371075776	7.32597017962964e-05	
1.05069553417624e-06	1.99632151493485e-05	0.000142894592647968	0.000816215314132573	0.00425636760894793	0.0155966996252344	0.0405389857951217	0.0836183782759592	0.134587968870693	0.172490759570567	0.181377892630474	0.157736717763742	0.112983567296961	0.0636357252592285	0.0255352286830074	0.00600472497781719	0.000634269870797721	2.25899539847891e-05	
1.92891492573327e-06	6.11992099164464e-05	0.000290915441981045	0.00173339309462485	0.00765603869613768	0.0244789825429692	0.057113592747841	0.104568056327122	0.153060977560056	0.180792636735518	0.17345960361149	0.13892641505199	0.0915848806738156	0.0460986117423924	0.0165679763648301	0.00332176685801503	0.000273555207649445	9.46921872632695e-06	
7.3658081291163e-06	0.000112591638545063	0.00067046391613361	0.00352927435215087	0.0131332358942144	0.0363746404345687	0.0760698573242965	0.126067910646434	0.16848303987603	0.181359173991261	0.160402923734773	0.118735073277515	0.0708983585121208	0.0320340749299108	0.0102746008345811	0.0017300880284222	0.000115397660689489	1.92914022429236e-06	
1.74987007214714e-07	3.93720766233107e-05	0.00023570749871822	0.00130837785294442	0.00647749404606708	0.0209427949974714	0.0511242040278509	0.0978040880464626	0.145999184560546	0.178285162326697	0.175767974227914	0.142766124615247	0.097260053441032	0.0534548559769437	0.0215781728206681	0.0060211279312511	0.000886484178549743	4.86463880056906e-05	
8.2285045200751e-06	8.36856417148063e-05	0.000553410697616115	0.00275007125534765	0.0111650301863564	0.0315241011146647	0.0695011005187109	0.118943382986814	0.163154087325792	0.181337331569515	0.163767723673513	0.12335123529111	0.0772693340093546	0.0387629091229955	0.0140113924520453	0.0033813901340581	0.000415802090110178	1.97834257610316e-05	
1.69962180786494e-05	0.00020132633579761	0.00125929710650776	0.00498567411556587	0.0180957156914692	0.0449627064427231	0.0906790286994284	0.139047637070118	0.176130406199099	0.177156662377312	0.147406622427438	0.103169672018548	0.0590728966041206	0.0270718214619131	0.00871362809331169	0.00183944636484187	0.000182753149031251	7.70962469546982e-06	
5.42876090983931e-05	0.000517483499631457	0.00241194593584571	0.00909930377016938	0.0274786365124099	0.0613430719466679	0.112250839575387	0.15658455286361	0.180313491679198	0.168421703345535	0.129451605836233	0.0841345863380503	0.043800643991141	0.0179250680390107	0.00515434580191292	0.000974725265295665	8.26572628852954e-05	1.05072791803342e-06	
1.22400497575508e-06	3.14744136622736e-06	0.000126247370356453	0.00104215280792861	0.00455102535771108	0.0155716164437025	0.0407614639868885	0.0800471276887236	0.133481764336727	0.169736092287177	0.178946554871881	0.153802520086359	0.109491966243342	0.0662018828343968	0.0311916685128742	0.0115455143627367	0.00301524882884581	0.000457428145225043	2.4654957368781e-05	6.99431414717191e-07	
1.92562433555019e-06	3.85124867110039e-06	3.76372029221174e-05	0.000302498077439158	0.00210383211496748	0.00821891477764378	0.0247356949306889	0.0563511204420253	0.101412830574993	0.152201522538645	0.177385537826002	0.170775394652331	0.136209212431901	0.0900168107004494	0.0497658353279592	0.0215071231470023	0.00713058691454237	0.00163117886896879	0.000197113909257229	1.12036324977466e-05	1.7505675777729e-07	
9.99331675027157e-06	1.85840627285752e-05	0.000106946021362555	0.000795257627705822	0.00407411744987387	0.0136086182363654	0.036574838020608	0.0753296216635471	0.123612419203157	0.167230616997895	0.178118598579336	0.157964357871543	0.116403731399282	0.0710826373660282	0.0357527562268883	0.0141359848466254	0.00423804290884763	0.000856620098979419	8.39789249715804e-05	2.2791775044479e-06	
2.01264571554981e-05	3.30773948033838e-05	0.000252543284133771	0.00169797293324037	0.00728350232556837	0.0213609965361492	0.0515464819652943	0.0956185227810493	0.143425509006852	0.176635738427462	0.172479012480504	0.141633029231316	0.0963759776207797	0.0546307302648712	0.0249741331272384	0.00915176258761134	0.00243635139184077	0.000410754738643078	3.16772934360448e-05	2.10015205100849e-06	
2.54226515825601e-05	0.000102041263593448	0.000628377815668243	0.00335596533752953	0.0120051020631797	0.032538714753466	0.0697876331949698	0.115697435380441	0.159553087318042	0.179155178988617	0.161266749363338	0.123081400700438	0.0775764323253398	0.040690444151256	0.0173482421113074	0.00560315240879624	0.00135634229408748	0.000218284146346809	9.99373200142016e-06	
1.57094601670928e-06	1.67567575115657e-05	0.000197240999875721	0.00140093474778985	0.00621501154121674	0.0191072418516776	0.0466570966962656	0.0897427348983214	0.134850878822112	0.172056815182739	0.17576651692642	0.145278120282798	0.103067149912935	0.0607254419245695	0.0291560598718946	0.0116232550280746	0.00331801253684741	0.000710765797782243	0.000102809689315752	5.58558583718855e-06	
5.56466189288235e-06	7.11233348184025e-05	0.000495081012782376	0.00274285662613854	0.0101589858681933	0.0292781207580322	0.0643332300392969	0.110488448631389	0.1521335087593	0.177441764943813	0.165628857223644	0.127745334639638	0.08388345233015	0.0453679928299332	0.0203271882076467	0.00754133413464465	0.0019224167883067	0.00039126528934329	4.2778338301533e-05	6.95582736610293e-07	
2.27824264362407e-05	0.000230432939145182	0.00103286130232697	0.00496430811162206	0.0169334297499533	0.0428474833070901	0.0844887153946247	0.131329384147536	0.164730856066195	0.175003469537461	0.151394788841689	0.10848608863303	0.0661135580480574	0.0328352155791449	0.0136694558617444	0.00466831047960312	0.00105860022685036	0.000175129033750339	1.51303137400988e-05	
8.93022637604664e-05	0.000569388464674292	0.00229728342859773	0.00895082127796039	0.0264576993694672	0.0597658861544974	0.106033458235356	0.14986806282795	0.170938378149744	0.167233891801308	0.132921746814583	0.0889107875577025	0.0507520687059773	0.0231279017827397	0.00878986952350839	0.00266608793261625	0.000548966629163177	7.35532211205392e-05	4.84585927382376e-06	
1.16100647131144e-05	0.000201010075630041	0.00107523062007276	0.00435412083651383	0.0150575607947176	0.0385085052388251	0.0785254524676153	0.127734625111877	0.163040138766266	0.172600073992502	0.154635145052163	0.112905453351366	0.070523691896608	0.0373022715004969	0.0160066402638777	0.00558114872059686	0.00162159679978097	0.000281760674977971	3.27507795638601e-05	1.21299183569852e-06	
3.51454476170954e-05	0.000396987740817732	0.00191014642147494	0.00789768415738443	0.0234030592467413	0.0542302913245973	0.0994162566220169	0.146132520498193	0.170995414298172	0.167032288971064	0.138839234161652	0.0934680194605364	0.0546631170341674	0.026479411260082	0.0107941538058278	0.00325658063880573	0.000887985225754099	0.000150623346930409	1.10803381649956e-05	
3.45691277984357e-07	0.000115979423763752	0.000868722181574689	0.00385048229982876	0.0130230546698657	0.0348095560822738	0.0725338081748728	0.120244044214606	0.160655354610977	0.173463216460298	0.156356510723603	0.120296762134498	0.0753010668551376	0.0405139807059327	0.0185478926746117	0.00685937918340461	0.00196698337173099	0.000516635614947622	7.22494770987306e-05	3.97544969682011e-06	
4.83169814863132e-06	0.000282309220398601	0.00176115397517612	0.00655989304000784	0.0205385134659427	0.0492193011155701	0.0921234001902309	0.140966864214097	0.170330129227218	0.169490449113245	0.142226384385056	0.100244276853543	0.0585158334748331	0.0296612772525032	0.0122989150766929	0.00433713933098927	0.00111871068205632	0.000278858007435293	4.10694342633662e-05	6.90242592661617e-07	
5.19300466041976e-05	0.000646969019155286	0.00340944046841247	0.0110683459797086	0.0309858479408874	0.0660294855699167	0.112952164490924	0.158684247891614	0.173274865736676	0.159696107437573	0.125024606388362	0.0814749651456224	0.044191089459598	0.0210249403969008	0.00807296568355555	0.00262220856590432	0.000638170240494774	0.000127496028041535	2.39809849766893e-05	1.72525071774743e-07	
2.07160788882095e-06	1.55370591661571e-05	0.000156924297578187	0.0014768837907386	0.00604029070182968	0.018060968110704	0.0454424453811948	0.0860319766488359	0.133482500610261	0.169934685655945	0.170692721509263	0.146115856052254	0.105199873908133	0.0636965909275314	0.0323189820395049	0.0143037619363457	0.00507854673944455	0.0015595754723007	0.000318164444924751	6.54282824885949e-05	6.21482366646284e-06	
7.76441454933958e-06	5.48685294819997e-05	0.00043152890639774	0.0027460146122831	0.0098449325634715	0.0281375481566245	0.0617591885807202	0.106600580571157	0.1527612328648	0.174788186771094	0.162340449908138	0.129056130160575	0.0863898094992263	0.04849014920099	0.0232751266807369	0.00912784574420361	0.00312905906338385	0.000832172697143662	0.000187381204457395	3.4335966562635e-05	5.69390400284902e-06	
1.03521061877644e-06	1.9496466653623e-05	9.83450087837621e-05	0.000993112053612868	0.00521573616760198	0.0161073596228521	0.0407415765774626	0.0811413611156258	0.126718924098703	0.166853522183356	0.173934362815787	0.148453171039914	0.110691965833909	0.0681896685290106	0.0364934172682103	0.0162479757319025	0.00570090487760187	0.00184250236631894	0.000454629996745988	8.62675515647036e-05	1.44929486628702e-05	1.72535103129407e-07	
1.27880552651361e-05	6.56683919020504e-05	0.000336291291161553	0.00222443036990314	0.00891534825849153	0.0249470764604737	0.056370266043393	0.101909913335004	0.146038381446951	0.173752170945193	0.167331357521191	0.132728953712424	0.091070135570667	0.0523491139087382	0.025849498414454	0.011104870693752	0.0036651603259226	0.00105294082068209	0.000231740298791183	3.85369773530454e-05	5.35715828674622e-06	
1.54002419049234e-05	0.000185668084988571	0.000800120433352425	0.00416983179129038	0.0142564711297375	0.0371777412863182	0.0748193932304689	0.121895510223857	0.161140863763231	0.175768844099371	0.154979209673428	0.11477142753321	0.0731224250016871	0.0389216023865184	0.0178090819898497	0.00716561143286273	0.00225570284800653	0.000629506517416981	0.000105033110520096	9.51700342439087e-06	1.03821855538809e-06	
3.80800917799448e-06	4.05033703477595e-05	0.000414380635096309	0.00175739623564445	0.00744950450011485	0.0218375479051882	0.0523152955439196	0.0956814233368996	0.14134101120299	0.171096794919839	0.170618370494022	0.138898346406633	0.0957928941510191	0.0561795594029526	0.0282716986853887	0.0120478486738695	0.00454468586261014	0.00137330658264583	0.000298582537820022	3.13295300553183e-05	5.36583111444677e-06	3.46182652544953e-07	
1.48531387272794e-05	0.000173056337264349	0.000787043641630377	0.0035638897399699	0.0128968421881644	0.0329440889861904	0.0701384208902833	0.117097137109324	0.156543792061585	0.174131290002007	0.158946546317095	0.121462405496905	0.0769306230615359	0.0425887846367423	0.019982307493823	0.00803572076237362	0.00278150929305623	0.000810877747960198	0.000147840543611061	2.24524190063527e-05	5.18132746300446e-07	
1.55840189002981e-06	5.78340256966619e-05	0.00038388633224401	0.0018110361519802	0.00654355638046962	0.0197918771591442	0.0474774062028205	0.0902465339843297	0.136313240165142	0.168172515781849	0.170682754915156	0.143732791563574	0.101992209029484	0.0604665128004534	0.0312068246920814	0.0138387819392303	0.00498775182692319	0.00175978204537478	0.000462672205573295	5.73145583999853e-05	1.3159838182474e-05	
7.63409902189841e-06	0.000117634525837435	0.000812511039080688	0.00340203212775873	0.01138573818441	0.0297495633815866	0.0649184695574686	0.109884527312204	0.15328906481246	0.172691647983366	0.161159300397285	0.126897116982504	0.0832703230993609	0.0462838073472651	0.0225637941749742	0.00905230641746654	0.00313466515974179	0.0011119759234397	0.000240300616939302	2.34228038171883e-05	4.16405401194459e-06	
4.57694656406185e-05	0.000289409206693341	0.00163047195280211	0.00608333627731354	0.0178826349081104	0.0427378911483768	0.0844173416502659	0.130258158929336	0.16545348577988	0.172631112551293	0.146908498832879	0.107959727743031	0.0649621862420467	0.0344523996687196	0.0158994074159412	0.00571161164382167	0.00193728399814207	0.000629112617075422	9.95442370586836e-05	1.04417031879738e-05	1.7402838646623e-07	
6.42311711095831e-06	0.00010606823121069	0.000663317040026262	0.00301192113176018	0.0102816745170467	0.0273567501666105	0.0585569547342105	0.105557506601489	0.148127496444284	0.171261654702598	0.164962833587625	0.131648555501721	0.0880623243733164	0.0499385203533825	0.0250579686319264	0.0103788892625098	0.00349782126131619	0.00113897490175669	0.000331224525613742	4.65241996145088e-05	6.59671487071394e-06	
6.20580212947667e-05	0.000253447044951736	0.00147287847179428	0.00549187413659822	0.0167080357836633	0.0400614948056393	0.0779772074968176	0.12538814511008	0.162333875283542	0.171718021562468	0.152714360486876	0.112501805679821	0.0695214978894189	0.0372961754701851	0.017012937098372	0.00659257831261633	0.00211484001980989	0.000602501685735746	0.000149321681490769	2.20766630376341e-05	4.86729578782484e-06	
9.8705152043362e-05	0.000582134088947095	0.0026185589012985	0.00947169068346964	0.0255327771608464	0.0562365205232731	0.0983698678761036	0.143662128260643	0.170274395100186	0.166747992516513	0.136029800251759	0.0928209671329252	0.0536856799714364	0.0265137357706601	0.011510552660069	0.00413778264359554	0.00130249020738701	0.000326754092390459	6.35403536081607e-05	1.39266528456243e-05	
3.13393661613194e-06	0.000233304170312044	0.00126228002594203	0.00495318682179653	0.0154259324549605	0.0373930870581476	0.0754470865271194	0.119325158981993	0.157271385852888	0.172694532586412	0.154229203936573	0.11713192567347	0.0746165933238445	0.0399942544495371	0.0189429057686197	0.00770930996809478	0.00246588579412648	0.000708269675245818	0.000158786121884018	3.29063344693854e-05	8.70537948925539e-07	
1.99071940582963e-05	0.000477423408380545	0.00242885229962143	0.00860968680570386	0.0240316503430586	0.053510886877719	0.0947926447458192	0.137954235456354	0.167932723463055	0.167966251368838	0.137944980357362	0.0975256929406121	0.0578162541540988	0.0292111879129106	0.0128947976390068	0.0049525257077837	0.00139874231935924	0.000427830047744087	9.23763654108662e-05	1.13505931034146e-05	
1.75465901448173e-07	0.00010949072250366	0.00100664787660817	0.0047438961115528	0.0142808187870639	0.0357892535206794	0.0714107616395744	0.115640275951714	0.153391589182387	0.171183831589232	0.158023011651111	0.118851301948215	0.078968779878553	0.0434116677454895	0.0204823101419466	0.00851588659498417	0.00310083341039211	0.000779419534232783	0.000276709726583768	2.93028055418448e-05	4.03571573330797e-06	
6.18840547422812e-06	0.000311365201146163	0.00189754192998332	0.0083789242005199	0.0226822741788958	0.0512012755894987	0.0925384096646627	0.133804995917421	0.163580774074047	0.167740973856993	0.14295075196199	0.0991960730854223	0.0616872634482007	0.0321208302081886	0.0139735963723921	0.00542617073138819	0.00186942888797183	0.000477744902610411	0.000139681152132578	1.57362310630372e-05	
2.86325910378567e-05	0.000631695424636442	0.00382271766682441	0.014127071439026	0.0341611708986881	0.0685490905773344	0.112738248499946	0.149597996643407	0.168083446396499	0.159432669217279	0.124334803554638	0.0811113286713784	0.0464961266862329	0.0227730468793766	0.0090948491035776	0.00356146750387651	0.00108732709071712	0.000302509548791269	5.93992882400258e-05	6.40231849293691e-06	
