# <P(U)> as a function of N_tot.
# number_of_species: 1
# species_total_upper_bound: 103
# species_total_lower_bound: 0
# volume: 729
# Bin widths for each
10	10	10	10	10	10	10	10	10	10	10	10	10	10	10	10	10	10	10	10	10	10	10	10	10	10	10	10	10	10	10	10	10	10	10	10	10	10	10	10	10	10	10	10	10	10	10	10	10	10	10	10	10	10	10	10	10	10	10	10	10	10	10	10	10	10	10	10	10	10	10	10	10	10	10	10	10	10	10	10	10	10	10	10	10	10	10	10	10	10	10	10	10	10	10	10	10	10	10	10	10	10	10	10	
# Bin lower bound for each
0	0	0	0	-10	-10	-10	-10	-10	-20	-20	-20	-20	-20	-20	-20	-30	-30	-40	-40	-40	-50	-50	-50	-50	-60	-60	-60	-60	-70	-70	-70	-70	-80	-90	-90	-90	-100	-100	-100	-110	-110	-110	-110	-120	-120	-130	-140	-140	-150	-150	-150	-160	-160	-170	-170	-170	-170	-180	-180	-180	-200	-200	-200	-200	-210	-210	-220	-220	-230	-230	-230	-250	-250	-250	-260	-260	-270	-270	-270	-270	-280	-280	-290	-290	-290	-310	-310	-320	-320	-320	-330	-330	-330	-340	-340	-350	-350	-350	-360	-360	-370	-370	-370	
# Bin upper bound for each
0	0	0	0	0	0	0	0	0	0	0	0	0	0	0	0	0	0	0	0	0	0	0	0	0	0	0	0	0	0	0	0	0	0	-10	-10	-10	-10	-10	-10	-10	-10	-10	-10	-10	-10	-20	-20	-20	-20	-20	-20	-20	-30	-30	-30	-30	-30	-30	-30	-40	-40	-40	-40	-50	-50	-50	-50	-60	-60	-60	-60	-70	-70	-70	-70	-80	-80	-80	-90	-90	-90	-100	-100	-100	-100	-110	-110	-120	-130	-130	-130	-140	-140	-140	-140	-150	-150	-160	-160	-170	-170	-180	-180	
# Normalized histogram for each
1	
1	
1	
1	
1.62421158062857e-05	0.999983757884194	
0.000108557974029056	0.999891442025971	
0.000446786489145568	0.999553213510854	
0.00141012368887737	0.998589876311123	
0.0039071307165909	0.996092869283409	
2.7030930335114e-06	0.00946777642794751	0.990529520479019	
3.47310389751719e-06	0.0205275876360588	0.979468939260044	
1.04099676597005e-05	0.0407041302125021	0.959285459819838	
4.31233636223625e-05	0.0737259356229786	0.926230941013399	
0.000188222650844673	0.124224640077106	0.87558713727205	
0.000483937800731403	0.193316046362702	0.806200015836567	
0.00106671670826759	0.279956608394607	0.718976674897126	
1.34815378043505e-05	0.00257882558857505	0.380353470513758	0.617054222359862	
3.47003604596333e-05	0.00537431471607587	0.487194603091494	0.507396381831971	
2.31228129672735e-06	9.63450540303063e-05	0.010290422530869	0.592281219651308	0.397329700482496	
5.78308570802897e-06	0.00026756409875814	0.0193155062648167	0.684370748227195	0.296040398323522	
1.54245887997433e-05	0.000586905603830234	0.0336016954708009	0.757101287876042	0.208694686460527	
2.70057977589817e-06	2.85489862023521e-05	0.00131788293063831	0.0562033089046603	0.801902442712987	0.140545115885736	
2.31507829787727e-06	8.02560476597452e-05	0.00262144032596302	0.0893844013882753	0.818497089753656	0.0894144974061477	
8.87296727070999e-06	0.000135794977360431	0.00505411931363355	0.135645680041572	0.80553464835852	0.0536208843416432	
1.92826915860747e-05	0.000307751757713752	0.00947011549175298	0.194132739734956	0.765415258548114	0.030654851775878	
2.30935237676622e-06	3.1176257086344e-05	0.000701658230474137	0.0166165601349586	0.263983609756398	0.702163978644649	0.0165007076240574	
3.83468224672499e-06	9.89348019655047e-05	0.00143071994625309	0.0282416678106802	0.342768824646883	0.618928835199929	0.00852718291204236	
2.30031537323767e-06	0.000205111454113692	0.00310350882439316	0.0460496300709494	0.422741224488544	0.523788328046442	0.00410989680018464	
1.38014160252842e-05	0.000390656748049016	0.00568541665708235	0.0713912747447888	0.495971520011286	0.424807585258248	0.00173974516452055	
3.84245179163921e-07	2.45916914664909e-05	0.000879152969927051	0.0101133331155944	0.106101621322533	0.553260416406501	0.328893892615	0.000726607633798974	
5.78266211404104e-06	7.36325642521225e-05	0.00172554637482985	0.0177065113931937	0.15025861992528	0.588309924474578	0.24161003191644	0.0003099506893126	
3.08193358972453e-06	0.000256570971344567	0.00319981754953149	0.0288372673573537	0.205066852918187	0.593875889763858	0.168653807555591	0.000106711950544212	
2.81329075629734e-05	0.000505621571542755	0.00555875422860724	0.0443883327822367	0.263428838773775	0.574156417424521	0.111899988669761	3.39136419937214e-05	
3.4702153345731e-06	7.40312604708928e-05	0.00102140004680935	0.0099093926776143	0.0660628749037497	0.32511637752704	0.528092357082073	0.0697154693331287	4.6269537794308e-06	
7.71883376140699e-07	1.27360757063215e-05	0.000205320978053426	0.00217015011201958	0.0169625231323799	0.0959609272634998	0.382332361403516	0.461464301358708	0.0408909077927416	
1.16030593399793e-06	3.51959466646039e-05	0.000398371704005956	0.00412798174451997	0.0268498660813568	0.13398787480299	0.428388044981193	0.383467187515108	0.0227443169182274	
4.26553332738744e-06	0.000119047157409813	0.000951213932007399	0.00784392801330846	0.0409343844641521	0.177792857946107	0.45616699175201	0.304213959151702	0.0119733520499765	
1.93720210674603e-06	1.23980934831746e-05	0.000257647880197223	0.00189342133913357	0.0131210573094122	0.0607463962229208	0.224905677629423	0.464952526925172	0.22815862740707	0.00595030999108112	
2.32542095932916e-06	6.007337478267e-05	0.000555388039119782	0.00383268131113435	0.0205815257707026	0.0862839695555888	0.27336369816346	0.449924772631966	0.162665133955874	0.00273043177641233	
1.82384738665953e-05	0.000168802896424871	0.00116997869591031	0.00685300954221431	0.0316037827370905	0.118218683182187	0.315117366519595	0.414470094723648	0.1110847235319	0.00129531969716372	
6.22023762085241e-06	4.43191930485734e-05	0.000321897296879112	0.00232986775386053	0.0116695545415704	0.0471715607625856	0.153698572727601	0.349975060734789	0.362387933672051	0.0718624052337079	0.000532607846285488	
2.91376310173579e-05	8.97439035334622e-05	0.000692698614719321	0.00426069865823152	0.0192751256706026	0.0673813544802604	0.19253524973475	0.370825305915988	0.301573315524413	0.043156716554176	0.000180653312307619	
3.57889200615569e-05	0.000239630160412164	0.0014187194724402	0.00785994706351911	0.0298327879413124	0.0921300164784636	0.232310937249575	0.372550209520786	0.23877317138069	0.0247935523926449	5.52394200950118e-05	
5.99752699373959e-05	0.000516410441149266	0.00285739321773165	0.0130294326689969	0.0437531277687447	0.122460543866652	0.267359627685987	0.357448324879027	0.179260629545609	0.0132381777643634	1.6356891801108e-05	
7.76842028396684e-07	0.00016158314190651	0.0010075641108305	0.00562938575877657	0.0207471200523902	0.0614854928635407	0.156598923452317	0.292963054169971	0.327597779164009	0.127028043220383	0.00677833511877526	1.94210507099171e-06	
1.28847413036781e-05	0.000347888015199309	0.00208967077143289	0.009367206927774	0.0315090491880856	0.0848550017589624	0.190474740245568	0.30836426647363	0.283688815536968	0.0859896398870984	0.00330005556056629	7.80893412344129e-07	
1.2120378030681e-05	5.00454318686182e-05	0.00079838103027905	0.0037928963637302	0.0152654206396745	0.0454001992433756	0.111290484017522	0.221451817978509	0.311086314294696	0.234454246745874	0.0548669964452104	0.00153107743123054	
1.56904093941619e-06	3.2557599492886e-05	0.000178086146623738	0.00170358619997113	0.00679120144602813	0.0235446360766445	0.0638301544563901	0.140249116629951	0.245563536743801	0.299896678654139	0.184538827487087	0.0330538086899763	0.000616240828955709	
4.31161026492493e-06	8.34884533117282e-05	0.000506026259274372	0.00315727460763367	0.0112924992484079	0.0355656891462267	0.086062876604458	0.169925656080096	0.261737868990546	0.274796168624726	0.137868833760379	0.0187723591289136	0.000226947485762867	
9.81474087710021e-06	1.02073305121842e-05	0.000156250674763435	0.00115421352714698	0.00551470660402506	0.0182762252820658	0.05098483072909	0.110723232551648	0.195728703288213	0.270000380811946	0.240397944557707	0.0969201735717295	0.010028702228221	9.4614102055246e-05	
1.06053619138672e-05	2.04251414637442e-05	0.000337407625333774	0.00238934876007608	0.009661091912351	0.0281101009394779	0.0704144968227121	0.136934469075943	0.217084688135585	0.264152069891692	0.200401668262708	0.0654134794935508	0.00504854506218277	2.16035150097294e-05	
1.84290526565087e-05	8.97926182625638e-05	0.000692853958384062	0.00433357212680286	0.015829379909431	0.0414998739374377	0.093659582460404	0.161730621360997	0.230256897072957	0.248730257877342	0.159257207229992	0.0415967244907602	0.00230088682954028	3.92107503329973e-06	
2.35970752211833e-06	4.32613045721693e-05	0.000242656590191168	0.00162269220604337	0.00820195006229628	0.0245830396808417	0.0581380806453643	0.117097732793013	0.184139383203916	0.236681417460577	0.224056982217244	0.119350860192049	0.0247745692747203	0.00106422809247536	7.86569174039442e-07	
1.81209375615521e-05	0.000108331691944061	0.000500689383494189	0.00324482962379358	0.0134150088635021	0.0360039393342525	0.0781666338388812	0.140093362221785	0.202503840850896	0.23309080165452	0.192534173724641	0.0854354934016151	0.0144510537719125	0.000433720701201497	
1.18536828800024e-06	3.1214698250673e-05	0.000202302854485374	0.00116245116776557	0.00628798364507861	0.021501790498799	0.0504848353859302	0.101326466626549	0.16230023087023	0.211675956661355	0.220649984847042	0.158193324875072	0.0583201197696118	0.00770726460857756	0.000154888122965365	
9.50439340585185e-06	7.32630325034414e-05	0.000460963080183815	0.00258559102278362	0.0105625492050367	0.032382656382913	0.0691892118798581	0.124818030467917	0.181592524477773	0.214300310318445	0.19955107581813	0.12321416408068	0.0372944476917789	0.00389996942753454	6.5738721057142e-05	
1.7062300410765e-05	0.000165861431899994	0.000979296684041114	0.0045603957818819	0.0179360489108697	0.0466463453346116	0.0900238713486677	0.14680681031801	0.193986054942195	0.209243719486258	0.173798575972472	0.0912579121458184	0.0226210391655186	0.00193795988851572	1.90462888306214e-05	
3.791786989381e-05	0.000434658529624833	0.00178573210426217	0.00825531897909129	0.0281031286234017	0.0640380934895017	0.112170638397232	0.166004035259628	0.199645966835834	0.196516744730913	0.144671042521898	0.0642368629548398	0.0131582991240972	0.000928788244662062	1.27723351221255e-05	
3.9852418523723e-07	8.88708933079022e-05	0.00086878272381716	0.00359269552991362	0.0140563465375023	0.041176315867081	0.0839040863872906	0.134012923342279	0.179893817216085	0.198796616370258	0.177677624221981	0.115024042964095	0.0431454238663382	0.00742809228863672	0.000331970646302612	1.99262092618615e-06	
1.83459235557271e-05	0.000255247632079682	0.00175482747054781	0.00655826884674733	0.0225762542330227	0.057608592911534	0.105441201514416	0.155482898608063	0.187350565473211	0.190895715788143	0.153191652285723	0.0872635818660915	0.0275081170741123	0.00396072536591144	0.000133207357991584	7.97648850249006e-07	
7.72606650742163e-05	0.000720565788256939	0.00340347240653361	0.0119946181741904	0.0345399207457696	0.0766273678092038	0.127398433249788	0.170685222036343	0.189640505725095	0.176656310535032	0.126384837374306	0.0626608012611503	0.0172583512574073	0.00187907545004337	7.32575218061222e-05	
4.01730494277148e-06	1.32571063111459e-05	0.000185197757861765	0.00153983298456431	0.00590624172686263	0.0196618955814065	0.0502974613444875	0.098762629904577	0.148352643848642	0.180850230452698	0.18448910526986	0.15550384837727	0.099928050068475	0.0434487598780507	0.0101260188387498	0.000899876307180812	3.09332480593404e-05	
1.36094994306026e-05	6.80474971530128e-05	0.000552385565124457	0.0030333172554443	0.0106582394511369	0.030311157187717	0.06945127699134	0.120106634430833	0.163490516380434	0.18645934862534	0.1734634775073	0.131191571717059	0.0763328803504846	0.028909378746365	0.0055246562100346	0.000425496996903839	8.00558790035445e-06	
5.12285855507373e-05	0.000132073697122995	0.00111222061910546	0.00559312096149652	0.0175349845213629	0.0449642900738612	0.0909807672681356	0.140754140810572	0.174625040772751	0.18319982550263	0.15607909213341	0.108289625611091	0.0553432815511055	0.0181957532303025	0.00295164701903662	0.000190506302516804	2.40133994769081e-06	
0.000104496889515959	0.000310688069978484	0.0025151320304186	0.0100276976812901	0.0272444610642988	0.0618545515401881	0.114098191843477	0.158596650814635	0.18004453729498	0.172532772386557	0.135474011503466	0.085839190097058	0.0386914747353746	0.0110878806829692	0.00150739765910953	7.08657066832367e-05	
1.52291730038061e-05	0.000138264860166134	0.000770275539824087	0.00444852158795388	0.0160888197430999	0.0401833752736743	0.0833709053062046	0.134076837590088	0.17180230449449	0.179890598430353	0.158014292178096	0.113036933549908	0.06533435448946	0.0258038298163963	0.00629726303707382	0.000696133513358189	3.20614168501181e-05	
4.13360120139306e-05	0.000332293378131404	0.00177905379861898	0.00772381443903019	0.0253285410314097	0.0561619954297621	0.104865850594797	0.152691616494915	0.180481054862921	0.171951388849872	0.138698373126937	0.0918510266179838	0.0474553470740123	0.0168422176328993	0.00350071876502444	0.000280924353492732	1.44475381796262e-05	
6.42530284259414e-06	8.39305183813859e-05	0.000658995122793561	0.00367206057454255	0.0132011862715373	0.037151502617307	0.0747897219249404	0.127233846889049	0.169071403185745	0.181031702845807	0.158025906017898	0.118874126309406	0.0707116625270315	0.0330192297266636	0.010478464191988	0.00187297577861619	0.000112442799745397	4.41739570428347e-06	
4.68815739386533e-05	0.000209163945264761	0.00119287560355018	0.00658065033157694	0.0209748963195961	0.0515020135034961	0.0962106064552321	0.147448560495262	0.178935748201871	0.175078236130868	0.141710175705728	0.0968737603429968	0.0536946286538577	0.0221713781980646	0.00630777552942119	0.00101777092140324	4.48780878728988e-05	
6.41445047402789e-06	7.53697930698277e-05	0.00045542598365598	0.00255255038550847	0.0111960223992611	0.0318100617070136	0.0690535638686834	0.118793618263223	0.164049570873263	0.181400258502354	0.163072569885438	0.122499166121438	0.0775050032713697	0.0389212818637827	0.0145195095511168	0.00357725884873443	0.000497921718046415	1.44325135665628e-05	
2.12897918260054e-05	0.000182770854355329	0.00114563181675033	0.00470504399354718	0.0178528963757544	0.0449548013702592	0.0895440610318078	0.139287458786177	0.176787619463851	0.177980249500292	0.146579011639491	0.102484237520165	0.0596033832291071	0.0274401314986085	0.00921325783625017	0.0020012404316445	0.000213701306630846	3.21355348317062e-06	
9.0245471711872e-05	0.000471371437066474	0.00246644097241107	0.00876630008472599	0.0269725182394559	0.0607460802644837	0.111095398729876	0.157721285724012	0.180553390067116	0.168245358099269	0.129092118468131	0.0848762690265858	0.0440023222093703	0.0182823627714868	0.00554566481300856	0.000958455255368498	0.00011280683963984	1.61152628056914e-06	
2.81909088346281e-06	2.81909088346281e-06	0.000163507271240843	0.00113327453515205	0.00455242904952337	0.0151812071347163	0.0401132469080614	0.0791411438259896	0.13270950879355	0.169896942091846	0.178579742012911	0.154398385869106	0.109442343550524	0.0677556412022214	0.0313913824418965	0.0118309189833553	0.00318798906192737	0.000477634541112413	3.90645450994132e-05	
8.07422147347275e-06	4.07748184410374e-05	0.000316105770686458	0.00217882866461662	0.00801164625705334	0.0245537075008306	0.0556301748190062	0.0998010108117863	0.151463916909802	0.178277195289984	0.170033818876642	0.137608552861322	0.0903985799059272	0.050618101839348	0.0215416191801516	0.00755181934413906	0.00175049121544889	0.000192570182142325	2.30115311993973e-05	
2.22313213448575e-05	0.000141876250764454	0.000767991101004169	0.00409015892161115	0.0134378232383598	0.0366279208419446	0.0745844662886264	0.122331685655583	0.166444286085578	0.178440307083263	0.157314084512166	0.117467876751171	0.0718164646782703	0.0367318017435015	0.0142264288373383	0.00463381577995357	0.000836301888409276	8.0032756841487e-05	4.4462642689715e-06	
5.66164626923797e-06	3.68007007500468e-05	0.000325949063786129	0.00156504079013935	0.00701761055072046	0.0209602232953289	0.0518161954626758	0.0951928983544425	0.14269087532691	0.177152507361151	0.173399240287951	0.140837899383649	0.0959147582537704	0.0552928506752929	0.0255364510940929	0.00917591098921497	0.00267553226551989	0.000374073057074652	2.46686016016797e-05	4.85283965934683e-06	
3.01236944024477e-05	0.000104211699554414	0.000678597277957841	0.00344712762432334	0.0114950389531935	0.0316677372790488	0.0700147931764133	0.114663400281209	0.159853012654394	0.180851670114608	0.160019914204462	0.123330882730086	0.0770751358212248	0.0414880616542467	0.0177033695387574	0.00573897086061767	0.00159574164942696	0.00023162678533774	1.05840007359951e-05	
3.65429849040929e-06	2.39559567704609e-05	0.000206264848125325	0.00143816947255886	0.0061725161834669	0.0184473048127517	0.0464993241577959	0.0896456264340584	0.134064436651315	0.171862064037115	0.177181504539654	0.144190091735073	0.10378248316079	0.0604360065338857	0.029952254560057	0.0116661449140489	0.00347808009653845	0.000827089558329304	0.000112065153705885	1.09628954712279e-05	
9.31988730230189e-06	0.00010332918530813	0.000537716976093679	0.00281420075280377	0.0102231059456424	0.0285577555442186	0.0636848159990858	0.110107174651852	0.151244751991721	0.177574244045706	0.166644447515055	0.127500920845387	0.0843915795223436	0.0455945095328265	0.0209081541314858	0.00760705410113537	0.00198756727033873	0.000448975440476108	5.91610237450468e-05	1.21563747421329e-06	
3.45382580284181e-05	0.000336443266441531	0.00113773085270083	0.00530670176295459	0.0168753928726851	0.0422691391725202	0.0832680831144895	0.130017850184414	0.163941327219926	0.174112641043072	0.152728583334112	0.109635401958279	0.0663028907709305	0.0335845957743863	0.0142005063714959	0.00489427432885054	0.00110481792446199	0.000229984165224525	1.90976250274782e-05	
0.000166155600070343	0.000779031244125429	0.00241956512511193	0.00949229559525951	0.0265331492550286	0.0597549710238379	0.104680857945047	0.148602534378241	0.170397216994767	0.166936248400601	0.133769407560282	0.0896767242686223	0.0504142772534601	0.0237105254114979	0.00919192184622724	0.00275713185518185	0.00061974826011639	8.85354657309128e-05	9.7025167924288e-06	
2.22801054861722e-05	0.000293692299590451	0.00140405173845587	0.00469138002973381	0.0159015138318946	0.0388565039678842	0.0782116772058317	0.125204470604439	0.162383890268455	0.17222400012963	0.155706340107836	0.113714417658807	0.0707251566696508	0.0365685396808679	0.0163430650133478	0.00565550095804454	0.00170746626589483	0.000336227046427689	4.69907679344722e-05	2.83564978914918e-06	
6.56543202771747e-05	0.000523613467889566	0.00231816488879901	0.00880051583221512	0.0244898720105501	0.0547103124699844	0.098462837830992	0.144342644223696	0.170546823485928	0.167037964813337	0.139170948044332	0.0944457660866256	0.0539852780318618	0.0255541204367714	0.0110603213252122	0.00330014277788292	0.000986435898485452	0.000179130923225378	1.94531319339777e-05	
8.08938773446585e-07	0.000123363162950604	0.0010888315890591	0.00426108498912988	0.014304464330856	0.0367513018858385	0.0722649274483038	0.119045452247333	0.159271955103898	0.172840285150918	0.156394559886749	0.120770514181708	0.0752559785631225	0.0402592648768896	0.0178019111178523	0.00693786339046463	0.00198877597451843	0.000537539814955256	9.2623489559634e-05	8.49385712118914e-06	
7.66275180709869e-06	0.000314576126817736	0.00220727582317111	0.00718564468142513	0.0220130694281611	0.0508084808110579	0.0912036852189954	0.139718986726097	0.169550886116586	0.168629339386101	0.141744776322258	0.101161632843683	0.0583651640010373	0.0290761100806726	0.0120664142798203	0.00449359898077335	0.00111674525020296	0.000282311908682583	5.20260517429332e-05	1.61321090675762e-06	
7.1288325026431e-05	0.000790615717666012	0.00412465387907164	0.0118117102149726	0.0321590897648895	0.0673827719881186	0.111827619191462	0.158022856567487	0.173457785832956	0.158529930020641	0.124031616573529	0.082371847152998	0.0437879474399638	0.020210038765544	0.00788239440165131	0.00277823088153854	0.000628706640487338	0.000112369732668781	1.81241504304486e-05	4.02758898454413e-07	
4.83155780294572e-06	1.691045231031e-05	0.00018963864376562	0.00173211347235604	0.00699005625141172	0.0190359351137892	0.0473834900033056	0.0872414260987063	0.132868242210824	0.170289060024456	0.169174178061426	0.143933314839204	0.104321788191753	0.0639734489793535	0.0321093252689265	0.0134534727023024	0.00521325086937843	0.00169668204846777	0.000316467036092945	5.19392463816665e-05	4.42892798603358e-06	
1.80825649917523e-05	4.94256776441231e-05	0.000571810888516969	0.00303947825772477	0.0106908142579016	0.0297940395847439	0.0642164121378213	0.107732305707862	0.152609615504393	0.174503985196407	0.160288276269446	0.125903274350685	0.0857218057651236	0.0483576008052769	0.0234245565250936	0.0088054054814282	0.00321508005553357	0.00085791725016425	0.000164752258813744	3.45577908731267e-05	8.03669555188993e-07	
1.1995384176169e-06	4.51826137302366e-05	7.55709203098648e-05	0.00125871564621933	0.00591652332182576	0.0175660405875819	0.0432705494925553	0.0843499421422637	0.127415770411546	0.165861376542307	0.174028633781721	0.145457627904782	0.107342294685005	0.067324893381027	0.0358909891473761	0.0161325921785297	0.0055574614888191	0.0019236597757183	0.000489811520526901	7.71703048666873e-05	1.39946148721972e-05	
1.52096246504788e-05	0.000111270411916661	0.000277775776511376	0.00254481035599327	0.0100019292208109	0.0262245949236677	0.0596297336954825	0.10530343601431	0.145833883681594	0.173827998357361	0.166890408250341	0.127836494933994	0.0884179508793164	0.0518408048613162	0.0250690637035116	0.0110245763519155	0.00373436310497283	0.00108828866906979	0.000290583881480201	3.68233017853698e-05	
2.63961039350592e-05	0.000242764168008802	0.000615109209880622	0.00463531582738388	0.0158688577565951	0.0393729885468905	0.0779384962779494	0.124605608212228	0.160374728690045	0.175500496126772	0.153021414039288	0.110340913681141	0.0715142444975122	0.0385719067865583	0.0174646222217601	0.00687698495702034	0.00226686541066539	0.000624307852161021	0.000130780696769157	7.19893743683432e-06	
8.75289541801839e-06	6.16681268087659e-05	0.000463903457154975	0.00161093061579802	0.00849667429760004	0.0236125268256352	0.0552395229831141	0.1000077980341	0.143216068406265	0.169581778699749	0.16898300108138	0.135334086082339	0.0922515391170875	0.0550943044909515	0.0280693420289371	0.0117400199088585	0.00460601228429086	0.0013133321715854	0.000273329052371756	3.42158639067992e-05	1.1935766479116e-06	
2.87978097884939e-05	0.000216969799776324	0.000816989918794121	0.00352635098218283	0.014151953813047	0.0348141850910188	0.0730241447938097	0.122045906864727	0.15862740959756	0.171021119051329	0.157623036669869	0.117055995960417	0.0736458618928051	0.0422262679419231	0.0196882341222487	0.00769374910006844	0.00288096445048453	0.000742825696325123	0.000134915766406369	3.4320677419164e-05	
5.86874107626409e-05	0.000513219437743095	0.00184924425188322	0.00657377775589582	0.0212030919206341	0.0505511299295948	0.0941125498498351	0.140377923292797	0.170701196396042	0.167628181773423	0.140588646546206	0.0973966816011028	0.0570547978927675	0.0307510216139038	0.0135268573679287	0.00481630643493673	0.00179292009256068	0.000413175126778593	6.61710403229777e-05	2.44202648810989e-05	
1.49465895422646e-05	0.000192339007530721	0.001063961176627	0.0036103880370644	0.0114070011398741	0.0320317213829843	0.0691173566877728	0.113721913194928	0.156196974023614	0.173411905194569	0.157690452983929	0.124332025113417	0.0783606423257523	0.0431873838197662	0.0225532236253661	0.00868514851796698	0.00304595761619203	0.0011080142826463	0.000223018849222738	3.6579811248174e-05	9.04661998610754e-06	
9.86645555082843e-05	0.000473589866439765	0.00197368576838772	0.00640885486759611	0.0186010313208658	0.0463088011151463	0.0887838922614626	0.13424259956635	0.166347256612301	0.171113543959795	0.143598367377867	0.104396176866872	0.0611045378591686	0.0323793391684867	0.0160886370794029	0.00556586490533333	0.0017471519489407	0.000660657863683471	8.84034417354227e-05	1.85489364355574e-05	3.94658222033137e-07	
1.45699578495057e-05	0.000194922409067712	0.000969492870959002	0.00340621987562769	0.0108443802491227	0.0289075839387085	0.0615994190918427	0.109018331369671	0.150990442107651	0.171077688590384	0.162240024698047	0.129886055053964	0.0839477655197616	0.0473889847968397	0.0239774252285514	0.0105494370483313	0.00353459301776117	0.00106557583623682	0.000341803335496513	3.03212636327552e-05	1.4963740494087e-05	
0.000133488913353132	0.000376124644095	0.00197328023092012	0.00623707316919955	0.0173924275665599	0.0421675772704501	0.0825695673545795	0.129668382130075	0.164406516143521	0.170397420051919	0.148931617555834	0.109036492727995	0.0657562461033016	0.0350007930811911	0.0163586737169752	0.00671252926940732	0.00213896352925841	0.000574002327418466	0.000125244009881321	3.25869994362056e-05	1.09932046290814e-05	
0.000195258172949239	0.000850964190358254	0.00324788594722608	0.0104755813350473	0.0262294193171228	0.0597749305792371	0.103497832123545	0.147130765616332	0.17049181487168	0.16443016829133	0.132335932061156	0.089459280224158	0.0497837623774824	0.0248924704991223	0.0111992544830805	0.00427878624062407	0.00133734169158795	0.000299369673616339	6.67885098619128e-05	2.23937944831119e-05	
7.0497169538643e-06	0.000423766319115621	0.00166569145582138	0.00594996110906147	0.017098696820656	0.0382819213141926	0.0795208072395893	0.123573705182404	0.159492796364226	0.171907347919981	0.151634320215377	0.113521983759019	0.0712984873657323	0.0366769357543628	0.0178929649307914	0.00755494666889124	0.00259272923525454	0.000718679478352277	0.000142952593786693	4.22983017231858e-05	1.95825470940675e-06	
3.65201697363244e-05	0.00078812882430971	0.00314780301727286	0.0097241823997914	0.0256175246550415	0.0555428585789806	0.0994593444119035	0.1418698641057	0.168756955521575	0.166250415269672	0.135155650534176	0.0934688585051548	0.0545831242259098	0.0264272514291952	0.0124521998100951	0.00474212440576186	0.00146748251940478	0.000418214846980489	7.85379994329556e-05	1.29587699064377e-05	
3.94807335994072e-07	0.000204510200044929	0.00137471914393136	0.00592132042523909	0.0161049808498702	0.0373744364618788	0.073453510054361	0.120313587570833	0.156995531965379	0.170497942856376	0.154762501672996	0.11577053955555	0.0761346466730968	0.0406509425432936	0.018045458906281	0.00817290666241328	0.00309607912886551	0.000790404286660131	0.000290973006627631	3.55326602394664e-05	9.08056872786365e-06	
1.38975527997811e-05	0.000542004559191464	0.00249639755577783	0.00999869363003682	0.0250898476788506	0.0522000024618522	0.0950755411409255	0.139319790234309	0.164864286426181	0.166547081533766	0.139756967538096	0.0955508374466781	0.0586385401375222	0.029773720045314	0.0125554462722594	0.00507379799073152	0.0018539335434908	0.000473708014003968	0.000145725767929134	2.97804702852453e-05	
6.40739915310898e-05	0.00097702887707345	0.00472714826960425	0.0164940781304722	0.0369981533955236	0.068092744117928	0.11585015441434	0.153789916902799	0.167842417778344	0.157613661689325	0.12199170619886	0.0767678054060938	0.0446834506033303	0.0208351905504792	0.00835548728071572	0.00339830940176383	0.00111154446177847	0.000321165907860804	7.16355184819638e-05	1.43271036963928e-05	
