# <P(U)> as a function of N_tot.
# number_of_species: 1
# species_total_upper_bound: 103
# species_total_lower_bound: 0
# volume: 729
# Bin widths for each
10	10	10	10	10	10	10	10	10	10	10	10	10	10	10	10	10	10	10	10	10	10	10	10	10	10	10	10	10	10	10	10	10	10	10	10	10	10	10	10	10	10	10	10	10	10	10	10	10	10	10	10	10	10	10	10	10	10	10	10	10	10	10	10	10	10	10	10	10	10	10	10	10	10	10	10	10	10	10	10	10	10	10	10	10	10	10	10	10	10	10	10	10	10	10	10	10	10	10	10	10	10	10	10	
# Bin lower bound for each
0	0	0	0	-10	-10	-10	-10	-10	-20	-20	-20	-20	-20	-20	-30	-30	-30	-40	-40	-40	-50	-50	-50	-50	-60	-60	-60	-70	-70	-70	-70	-70	-80	-90	-90	-90	-100	-100	-100	-110	-110	-110	-120	-130	-130	-140	-140	-140	-150	-150	-150	-160	-160	-170	-170	-170	-170	-180	-180	-180	-200	-200	-210	-220	-220	-220	-220	-230	-230	-230	-230	-250	-260	-260	-260	-260	-270	-270	-270	-270	-280	-280	-290	-290	-290	-310	-310	-320	-320	-320	-330	-330	-340	-340	-340	-350	-350	-350	-360	-360	-370	-370	-370	
# Bin upper bound for each
0	0	0	0	0	0	0	0	0	0	0	0	0	0	0	0	0	0	0	0	0	0	0	0	0	0	0	0	0	0	0	0	0	0	0	0	-10	-10	-10	-10	-10	-10	-10	-10	-10	-10	-20	-20	-20	-20	-20	-20	-20	-30	-30	-30	-30	-30	-30	-30	-40	-40	-40	-40	-50	-50	-50	-50	-60	-60	-60	-60	-70	-70	-70	-70	-80	-80	-80	-90	-90	-90	-100	-100	-100	-100	-110	-110	-120	-120	-120	-120	-130	-140	-140	-140	-150	-150	-160	-160	-170	-170	-180	-180	
# Normalized histogram for each
1	
1	
1	
1	
1.25024834034417e-05	0.999987497516597	
9.71788605279999e-05	0.999902821139472	
0.00043031303221192	0.999569686967788	
0.0014174081467574	0.998582591853243	
0.00390844879501035	0.99609155120499	
2.5339080756625e-06	0.00949201965143171	0.990505446440493	
3.30991729100793e-06	0.0206447329480849	0.979351957134624	
1.0900761028845e-05	0.0407264111424465	0.959262688096525	
3.83250140168389e-05	0.0739775878430721	0.925984087142911	
0.000154873093562805	0.124310367236013	0.875534759670424	
0.000446594932558327	0.193106870459253	0.806446534608188	
1.36047176496334e-06	0.00103842866288559	0.27963544798586	0.719324762879489	
1.01135144754538e-05	0.00242121426355624	0.380064318062251	0.617504354159718	
2.62721050572829e-05	0.0050417142645854	0.487145156299564	0.507786857330793	
1.16714600704762e-06	8.75359505285713e-05	0.00997870931158811	0.592157362405644	0.397775225186233	
5.24861319975677e-06	0.000245712854981206	0.0187548501073827	0.684693838672404	0.296300349752032	
1.53383136902604e-05	0.00055955721589026	0.0331666764068195	0.757088679334302	0.209169748729298	
1.35816314255668e-06	2.69692395450542e-05	0.00124407743858192	0.0554054893073756	0.803107283246864	0.140214822604491	
1.16321833821465e-06	7.46398433687734e-05	0.00249413398685525	0.0879932021520315	0.820605172095245	0.0888316887041612	
4.85400700219634e-06	0.000138824600262815	0.00494157328851596	0.133811770151507	0.807722103827598	0.0533808741251138	
1.51435080363491e-05	0.000358784651938117	0.00930374421294723	0.192692597270829	0.767177106432846	0.0304526239234034	
1.16458564916042e-06	2.62031771061095e-05	0.000794247412727407	0.0164080413086294	0.262906374883614	0.703555499396648	0.0163084692356261	
3.10431387096687e-06	8.03241214112676e-05	0.00154012771923344	0.0280565947461816	0.341561834633976	0.620375008876398	0.00838300558892908	
6.01632987187352e-06	0.000184953624770821	0.00318166812643531	0.045753994600441	0.421914345705689	0.524878203283247	0.00408081832954466	
5.82593504315464e-07	2.00023769814976e-05	0.000367033907718743	0.00587817426070826	0.0710981576839811	0.495441011630897	0.42543735294369	0.00175768460251976	
3.30030504525398e-06	3.16441013162587e-05	0.000863903379492953	0.010520790077497	0.105959399647333	0.552771004063452	0.329114572807544	0.000735385618318945	
5.83710280461116e-06	8.44434205733747e-05	0.00171085483203153	0.0181833535167377	0.149740171097157	0.587862406256129	0.242092671400687	0.000320262373879665	
1.02998520125036e-05	0.000240588996065651	0.00316244324149946	0.0293398086365231	0.203742538680317	0.594559346095433	0.168820404589847	0.000124569908302167	
3.43741248677956e-05	0.000502017586346054	0.00581000391903864	0.0455082340594366	0.262468388428388	0.574082259417054	0.111551026543427	4.3695921442113e-05	
1.74984829787395e-06	7.4076911276664e-05	0.00105301982014281	0.0102885247087329	0.0681245106500628	0.323624526884766	0.527351587102685	0.0694707272738938	1.12768001418544e-05	
3.8898609219126e-07	8.94668012039897e-06	0.000205773642769176	0.00217540472057962	0.0173744527938148	0.098084593583441	0.380210176965333	0.461228394739974	0.0407085615060919	3.30638178362571e-06	
1.5581769718973e-06	4.01230570263556e-05	0.000425187541206477	0.00422811321324334	0.0276297888378045	0.135645538111548	0.426242621788573	0.383371524900155	0.0224151548292287	3.89544242974326e-07	
8.96385442622465e-06	0.00011575064193864	0.000961665686813449	0.0078203783876793	0.0419346648034841	0.178696386650794	0.455109309333068	0.303518839001575	0.0118340416402217	
9.7409472993321e-07	2.610573876221e-05	0.00025988847394618	0.00190708266226324	0.0133067184677256	0.0622308210975671	0.225681189315116	0.463397708656449	0.227383322446201	0.00580618904723989	
2.727670896375e-06	6.15674288038929e-05	0.000600087597202501	0.00382438943035321	0.0210013123993684	0.0881705978898738	0.273452124699761	0.448074692981157	0.162182830324842	0.00262966957774096	
1.28833831295612e-05	0.000154991003104115	0.00122977748054902	0.0070522858440119	0.0324255233093585	0.120039946295813	0.314896821669382	0.412911258085787	0.110070550186829	0.0012059627420368	
3.70905109979222e-06	3.33814598981299e-05	0.000345917818359569	0.00239194753293442	0.01203567560561	0.0483824242514159	0.156018696740954	0.348471402435168	0.361158894968262	0.070652738333863	0.000505211802434855	
1.62003060491552e-05	6.83145435807751e-05	0.000778980981231067	0.00440433621685769	0.0195793385590706	0.069128072202617	0.195114143843103	0.367401080540895	0.300859592142656	0.0424785687517567	0.00017137191218263	
2.78772760431267e-05	0.000210346719234502	0.00152350288305619	0.00789141352605434	0.030494230963427	0.0951428037833557	0.233518389059943	0.369133734116288	0.237876016692055	0.0241261253744425	5.55596060999379e-05	
1.94900582187529e-07	6.39273909575095e-05	0.000487056554886635	0.00298119930514044	0.0132140645717323	0.0451157816653514	0.125379934322402	0.267324858926086	0.35458691698658	0.177857110976976	0.0129696592416691	1.92951576365654e-05	
3.8862517432268e-07	8.7440664222603e-06	0.000148260504004102	0.00100634488890858	0.00561932570811879	0.021152285300622	0.0632693442552552	0.158621445464132	0.29225332065638	0.324712461091333	0.126691223891432	0.00651122048318934	5.63506502767886e-06	
7.79135074362599e-07	2.43479710738312e-05	0.000348468162008673	0.00213346661737339	0.00945928415406773	0.0320746536062851	0.0864927585238351	0.191937588164003	0.306924095492353	0.282147600127622	0.0853805432051825	0.00307583048981495	5.8435130577195e-07	
9.7234022651249e-06	7.97318985740242e-06	6.18408384061944e-05	0.000840101955706791	0.0039469234474595	0.015554332135475	0.0463938526317263	0.112907174762404	0.222444801703851	0.308528610041591	0.233461805406328	0.0544508582166541	0.00139200226827528	
4.86164818819012e-06	2.45027068684782e-05	0.000217996304758445	0.0017562217915018	0.00709061664951153	0.0242327881610699	0.0654558699442991	0.141778690384768	0.246626550938697	0.296075541456344	0.183464601075513	0.0327136417264763	0.000558117212004226	
1.14444218142318e-05	6.78906378810362e-05	0.000521012152424181	0.00317437225406616	0.0116094930509083	0.0365497977828857	0.0878307001464498	0.170695879038281	0.262111592811351	0.271581948849254	0.137248295460056	0.018398750812263	0.000198822582365892	
5.61724843927658e-06	2.24689937571063e-05	0.000165805678069681	0.00117710409536151	0.00555642719755475	0.0188880947261785	0.0520684064640971	0.113008772592476	0.196575609132484	0.268469997113897	0.237492615255285	0.096752649307432	0.00973604743282061	8.03847621482682e-05	
7.7426033458499e-06	3.71644960600795e-05	0.000397001986558453	0.00234039542636678	0.00962328169855684	0.0288504885873059	0.071577270891044	0.138749000478299	0.217547216814767	0.262760342617941	0.197865519109616	0.0653719614395126	0.00485267664701142	1.99372036155635e-05	
1.543861192984e-05	0.000114052745631693	0.000859737701842965	0.00440791668861844	0.0157726648954719	0.0423770599209196	0.0944433926890067	0.163438549403462	0.231718319437618	0.246385965684211	0.156653858408244	0.0415678836731468	0.00223956364307242	5.596496824567e-06	
2.1219463263322e-06	5.11196160434575e-05	0.00027276655503943	0.00172842173490332	0.00811181499714502	0.0248763484004383	0.0595113350514668	0.118111776416303	0.185665866757203	0.237518518804303	0.220338662633683	0.118048889643359	0.0247895415052701	0.000972237225883116	5.78712634454235e-07	
1.1752613270627e-05	0.000114636145836444	0.000617108529603581	0.00335238476899853	0.0134490355632151	0.0367729635948354	0.0794852355387465	0.141780636509975	0.203549481873521	0.232691531471475	0.188645241588452	0.0847756455026506	0.0143697853799418	0.000384560919478223	
5.78090486191442e-07	3.35292481991036e-05	0.000228153045216889	0.00136198118546704	0.00638635829778559	0.0215801178495265	0.0516859141894044	0.101915425747264	0.164878151050805	0.213111323463016	0.218637675814178	0.154635929210122	0.0578163710986359	0.00756758985790343	0.000160901851989951	
4.62982343203795e-06	8.31439124670149e-05	0.000561173181824934	0.00280490136257633	0.0109072852779524	0.0327473198627335	0.0700559803525726	0.125172485036507	0.183130736761165	0.215766747952219	0.197123606447261	0.120601113125299	0.0371439159393825	0.00383098598070174	6.59749839065408e-05	
1.33299976141236e-05	0.000181017503832374	0.00112783371117759	0.00494813375203693	0.0180812724158882	0.0470398228849013	0.0909810974838181	0.147780217317599	0.195886633200001	0.209186107051472	0.170689846695368	0.0895851183133882	0.0226528820324189	0.00183045981730176	1.62278231824114e-05	
5.01065198835826e-05	0.000378410628927751	0.0021627057365968	0.00870808754053985	0.0280610053650734	0.0646902256302394	0.113134137668727	0.167235443378859	0.201466515302415	0.195090799204796	0.141587289426867	0.0634423991698182	0.0131418374351034	0.00084155738028411	9.47961186986698e-06	
2.31784133255789e-06	0.000105075473742624	0.000815300688727237	0.00402937400320751	0.0147685123572813	0.0409373273087486	0.0845189252710571	0.135193117710993	0.181753528092527	0.199321992779538	0.175439148842306	0.112858784937354	0.042607525142301	0.00730680164744436	0.000341108982774769	1.15892066627894e-06	
2.95516949925136e-05	0.000313866041587154	0.00172017905623089	0.00730583570648252	0.0232245418907831	0.0573694973971331	0.105916751523168	0.156436243280369	0.189342538525367	0.190989128066616	0.150902350383438	0.085314584553387	0.0270809415131395	0.00393423840066999	0.000119365669969761	3.86296666568805e-07	
9.68773397521178e-05	0.000744659950869073	0.00334661900017945	0.0126135843300806	0.0354306149409996	0.0766386773013879	0.128172007747093	0.172408598840411	0.190953358105056	0.175936596971703	0.123762638528795	0.061276174284848	0.0166721840986579	0.00189519921539023	5.22093447765904e-05	
1.93241942777196e-06	7.72967771108784e-06	0.000254886122523121	0.00146071584545282	0.00615301669996869	0.020257939345219	0.0512570388377657	0.0983153167428684	0.148936203105012	0.182105216373003	0.185429943998485	0.154510460186363	0.0981883567864638	0.0423963160356029	0.00981997580610876	0.000885434581805112	1.95174362204968e-05	
9.4350667155493e-06	4.62125716679966e-05	0.000593638993551806	0.00290465268171553	0.0107024464935441	0.0312591462381426	0.0704381644982701	0.120020402850391	0.164486139309338	0.186566120947543	0.173873453034163	0.130548781990653	0.0748177684257225	0.0278363350965997	0.00549929602849159	0.000394154725851621	3.85104763899971e-06	
2.50113128091783e-06	3.90561269251015e-05	0.000117360775489221	0.00120092780426839	0.00548421132019714	0.0176250873472001	0.045581963226444	0.0914709884162991	0.140108949278597	0.176321097542581	0.183258081347563	0.156907316540097	0.106601293508141	0.0544717533776816	0.0177305196504265	0.0029015046805786	0.000176233557947749	1.15436828350054e-06	
1.73021888806906e-06	1.36495045614337e-05	9.40085595850858e-05	0.000338353915889061	0.00238135792961239	0.00967576851516844	0.0276129477277804	0.0626248881605735	0.11337105466838	0.158516887128594	0.182206659650949	0.17334447850626	0.135890045743142	0.0837029913946602	0.0381686286708036	0.0105908620604139	0.00139647888921485	6.92087555227626e-05	
1.1544266972718e-06	2.09720850004377e-05	0.000151807110691242	0.000816564483870254	0.00430620398527336	0.0155539757012421	0.0405230707365339	0.0831040994654042	0.134093395043854	0.171859117613954	0.181680979954342	0.158365985971792	0.113687941147327	0.0637399384498166	0.0253970025310805	0.00604149971572243	0.000632048616756311	2.42429606427078e-05	
2.11807049169659e-06	6.64303926941202e-05	0.000296144765111759	0.00174086139231171	0.00761196024343177	0.0243639723141229	0.056992655686846	0.104005348320543	0.152854408070542	0.180466730311476	0.173546416359514	0.139542335030229	0.0922292614904361	0.0462209193735287	0.0164493205422414	0.00334077482099416	0.000259945014890036	1.03978005956014e-05	
8.08646666267478e-06	0.000120719395178502	0.000682343758393319	0.00355977814586176	0.013123565253839	0.0362847460551039	0.0758102398927349	0.125577821363405	0.168599171753279	0.180993799797954	0.160632846881021	0.119142726714201	0.0713505535282698	0.0320389659873585	0.0102417025631981	0.00172241739914973	0.00010839716026395	2.11788412593863e-06	
1.92183955407172e-07	3.76680552598058e-05	0.000242920519634666	0.0012968573310876	0.00649908482000435	0.0208779039956582	0.050986019001612	0.0972833260431553	0.145735591776679	0.178348055905544	0.175424169207979	0.143143414586147	0.0979325234445207	0.0537367479553549	0.0215257561093358	0.00599786906430245	0.000887505506070322	4.43944936990568e-05	
9.03644919073791e-06	8.95954324017844e-05	0.000562567028342535	0.00270958890308658	0.0111642445778421	0.0313772432985116	0.0691105711458871	0.118680686108747	0.163047344456754	0.181257519959978	0.16356434470939	0.123791471053177	0.0777813325417148	0.0390482273370661	0.0140153404299581	0.00335406076877495	0.000421060079313107	1.57657198646917e-05	
1.866872009757e-05	0.000214978972669956	0.00124195103906824	0.00490025033406424	0.0179215863716034	0.0447348724185442	0.090202828907724	0.139157794373479	0.175720193993022	0.177216770977338	0.147431116753213	0.103739575588782	0.0594891275876145	0.0272561388814203	0.00874600667416366	0.00182222105034838	0.000183222902400894	2.69445444707197e-06	
5.96213123497086e-05	0.000528898738586125	0.0024404349432434	0.00896050626571911	0.0271627005992711	0.0611104988707531	0.111678988084008	0.156822130200253	0.180200800733458	0.168319234816231	0.129595577098723	0.0847905455215451	0.0440839983513745	0.0180371779271131	0.00516705218576539	0.000956633572991776	8.44314713597487e-05	7.69307256125272e-07	
1.34358011509107e-06	2.87910024662373e-06	0.000134933831558432	0.00105835725065888	0.00454494764932022	0.015386679478023	0.0403622982974345	0.0795627836753481	0.133100804401415	0.169706068817022	0.179087329060621	0.153896737422795	0.109749190061116	0.0669542439953005	0.0314054174301881	0.0115778217917562	0.00299080933619273	0.000452978438802133	2.43763820880809e-05	
2.11501611450005e-06	3.84548384454555e-06	3.63398223309554e-05	0.000312061013984871	0.00212597574345701	0.0080568654768996	0.0244030559291016	0.0558452700356438	0.100584013631471	0.151906417843353	0.177710575811214	0.171104995937246	0.136611390400057	0.090305996685962	0.0503512272669416	0.0216585341092494	0.00714375533801226	0.00163240789200958	0.000193620111572868	1.15364515336366e-05	
1.09828494135736e-05	1.27169835315063e-05	0.000109635812567077	0.000808877225231266	0.00406095674106102	0.0134231614806422	0.036115077140066	0.0747402170750553	0.123046257064188	0.167020815389862	0.178324094252116	0.158349566755493	0.116755203847466	0.0714320672227457	0.0363726923973633	0.0142295338454809	0.00424959199677836	0.000851459851904946	8.47798902100422e-05	2.31217882391024e-06	
2.2132758831067e-05	2.73291456870566e-05	0.000267325234924801	0.00167496869658066	0.00731420318796409	0.0210698090308585	0.0506870970635025	0.0950519234522177	0.142988977116267	0.176872883675224	0.172943068000688	0.142095583494582	0.0964818921314771	0.0550095286338237	0.0253826176625574	0.00921646569480119	0.00244692083285379	0.000412631608120067	3.23330737706022e-05	2.30950526932873e-06	
2.79744078541333e-05	8.70100547738906e-05	0.000646884065757994	0.00334072307863567	0.0119086089600292	0.0319654876836399	0.0689364651036625	0.115391538494039	0.159296117595922	0.179752162180568	0.16157091927184	0.123635114171276	0.0775749622490189	0.0410743407348472	0.017508892485476	0.00565758282981007	0.00138753062956501	0.000226689167093839	1.09968361909352e-05	
1.72880238559362e-06	1.78642913178007e-05	0.000178642913178007	0.00142338063080541	0.00624693137576557	0.0189079116912374	0.0462356672677777	0.0889222953270856	0.134548463709364	0.172019679149644	0.176570463295989	0.145330812099158	0.103558144234367	0.0607958330484011	0.0294011659043288	0.0116596195559052	0.00336040765928609	0.000711498226248752	0.000103343964827708	6.1468529265551e-06	
4.40545932180827e-06	7.24027662453707e-05	0.000459125478016279	0.00282715563434305	0.0100827555956516	0.0289239474064774	0.0637632774318854	0.109729648453923	0.151630355147061	0.177784417890379	0.166308196357068	0.128085090489092	0.0843120635841859	0.0455896084791684	0.0204991768495028	0.0075611089881905	0.00193916826843421	0.000383083419287676	4.42461349277265e-05	7.66166838575351e-07	
2.33905929937121e-05	0.00022489479984938	0.00100042716591139	0.00508016838159337	0.016774314521417	0.0425148952063089	0.0838485654664353	0.13057357568544	0.164428774877429	0.175343170675405	0.151971750298901	0.108989043232718	0.0665805560519133	0.032867234227263	0.0138524076589237	0.00468041931280738	0.00105602775581448	0.000173895638076204	1.64884507988463e-05	
9.19535317977984e-05	0.000551339640862318	0.00232421136492236	0.0090339575617281	0.0261380775759675	0.0595174003935306	0.105142949586953	0.149082238889171	0.171009913048588	0.167544104309645	0.133620118974897	0.0895297359025888	0.0511439057510639	0.0231150575243744	0.00888458076629724	0.00262983285442459	0.00056202303874754	7.3257585498661e-05	5.34169894261069e-06	
1.1846729309114e-05	0.000199101482904787	0.00106792532433288	0.00438672921739742	0.0151813925333505	0.0380939223985729	0.0780710926047365	0.126371736608228	0.162402990573061	0.172979253701912	0.155167696185659	0.113617394973012	0.0712775665747972	0.0376569309480899	0.0160177334073181	0.00560025466646489	0.00157332208276202	0.000291009173190011	3.07632809478606e-05	1.33753395425481e-06	
3.53712596087939e-05	0.000371302627893393	0.00194063937853653	0.00791972062440789	0.0235805848111987	0.0537696680933075	0.0984896472147045	0.144908976365307	0.170922339053599	0.167412936512413	0.139525088260853	0.0941768390904042	0.055119894230374	0.0266806367209122	0.0108920536075339	0.00324784641607882	0.000845659898647002	0.000149897662342132	1.08981718794662e-05	
3.82012410819203e-07	0.000117468816326905	0.00085780886849452	0.00389136942280981	0.013284099573827	0.0351325353858096	0.0721296733488278	0.119276881067312	0.159515394336131	0.173423511183031	0.156785342642212	0.121058204938962	0.0755823015178117	0.0408197451518805	0.0186502279086043	0.00692454796471428	0.00198073435009757	0.000496616134064964	6.91442463582757e-05	4.01113031360163e-06	
5.33881044439114e-06	0.000278762173917852	0.00178220932941871	0.006526314424665	0.0208890492226883	0.049552359811418	0.0916069323690933	0.139945475491619	0.169502274142578	0.169301878079111	0.142602677718513	0.101128700796665	0.0587503675198976	0.029920981791987	0.0123677357380352	0.00442739923281294	0.00111962481890946	0.000254546855116506	3.66089859043964e-05	7.62687206341592e-07	
5.19900971243573e-05	0.000675680822700438	0.00343991620643687	0.0110472290992192	0.0311668253665968	0.0662989906684441	0.112691296895829	0.157632641401638	0.172604837173872	0.159354027804228	0.125445629403923	0.0824515330413255	0.0444604837173872	0.021165111407351	0.00811216911064559	0.00264825747476671	0.000621024566749191	0.000121500666539707	1.06646353075605e-05	1.90439916206437e-07	
2.2857909141335e-06	8.38123335182284e-06	0.000153147991246945	0.00149128808889593	0.00611487166045947	0.0179979366927348	0.0458634422792078	0.0864379453482631	0.133366185228305	0.168974426571253	0.169639591727266	0.145973274532632	0.10567268540812	0.0643968254935784	0.0324919463966792	0.0143414331604259	0.00513826749239594	0.00156367146784349	0.000306867430222423	6.20973198339602e-05	3.42868637120025e-06	
8.56601321945231e-06	4.58757596864002e-05	0.00045038193949387	0.0027830025170754	0.00991773010548189	0.0281195564175714	0.062191159531717	0.107165774627431	0.152745911679835	0.173678963717985	0.161155833102844	0.128838930207741	0.087158994152078	0.0490135855066102	0.0234331857631337	0.00906227091863258	0.00318903154367744	0.000817388016985072	0.000192069051965053	3.06472917407072e-05	1.14213509592697e-06	
1.14233167028881e-06	2.15139131237726e-05	9.86213008682673e-05	0.00100277681790186	0.0052865205814849	0.0162711819229821	0.0409116568283352	0.0816852819131771	0.127098296688285	0.166579373488195	0.172896848402116	0.147326896294371	0.110585321228425	0.0689753189723204	0.0368211575056426	0.0163675185605098	0.00563474135231127	0.00188446647875311	0.000451411398375795	8.62460411068052e-05	1.37079800434657e-05	
1.41139330076448e-05	7.24769532825003e-05	0.000329007222137666	0.00222790339813917	0.00896463620574758	0.0252757652707987	0.0567099735535412	0.102190215382432	0.146409548953032	0.173107197609939	0.166428637093781	0.132003610115189	0.0912128178924999	0.0529015003873702	0.0259660128864023	0.011178807128528	0.00367172059905635	0.00105320456848939	0.000238029572885685	3.8908680183237e-05	5.9125935572566e-06	
1.68109543234909e-05	0.000193134941148288	0.000799284464653249	0.00422451640806452	0.0143294282250574	0.0376643700610658	0.0754158514308988	0.122063002107864	0.161255640743793	0.175111687777787	0.154001904986779	0.114189935510887	0.0732386418124348	0.0393972355913884	0.0178985084480776	0.00721514697549918	0.00223814932788658	0.000630028719987193	0.000107169833812255	8.40547716174545e-06	1.14620143114711e-06	
4.19963459361186e-06	3.79876038240345e-05	0.000402592243542155	0.00176422831428004	0.00752650876167856	0.0220162025720471	0.0528188042838564	0.0966181297080051	0.141401696766911	0.171145608776167	0.169488280251543	0.138249489219443	0.0953458313186223	0.0562449425423175	0.0286310088419489	0.0120285170460305	0.0045993634499311	0.00133682004813927	0.000303709938110749	2.97792271183386e-05	5.91766692736217e-06	3.81784963055624e-07	
1.63594576116942e-05	0.000189084893790977	0.000778786272817163	0.00355894293554868	0.0129700062660527	0.033341335517638	0.0708784914601729	0.118080853004947	0.15677629659164	0.17360085738776	0.157634216984998	0.120963161164626	0.0765742458765607	0.0426580466274978	0.0201228937673891	0.00806692463882693	0.00283037639307439	0.00079628708793665	0.000140386973458492	2.18760188993585e-05	5.70678753896309e-07	
1.71491255565606e-06	6.36423103987915e-05	0.000408911371604211	0.0018153302130817	0.00646102832635396	0.0200376099378039	0.0480907211607443	0.0914787710022006	0.137378786646014	0.168420418815944	0.169715558887144	0.142209885861137	0.101458037709403	0.0600360398400863	0.0311612949571472	0.0139329023313474	0.00503974690939412	0.00175873809874505	0.00046054929411341	5.69732060156846e-05	1.33382087662138e-05	
8.39578653636406e-06	0.000125364358054345	0.000854271280075043	0.00334839232136628	0.0111782265198473	0.030167587531799	0.0655993332218983	0.11105736535639	0.154397560337083	0.172699420919705	0.159780022760214	0.125765066048126	0.0826391544374403	0.0461134759243189	0.0225898177427394	0.00912087719177732	0.00315528923102991	0.0011269435291765	0.000245767569519021	2.30884129750012e-05	4.57951992892585e-06	
5.0327925664697e-05	0.000314788736571964	0.00169201337919107	0.00610785829416653	0.0177892951545307	0.0431775330016283	0.0855582390737212	0.1314678321313	0.166068950789048	0.172067541989851	0.145434501266522	0.106753184772186	0.0646824834133126	0.0343722509805813	0.0160253300641231	0.00575479737077731	0.0019444184512509	0.000627089781000806	0.000100081768527135	1.12902951110917e-05	1.913609340863e-07	
7.05765301373229e-06	0.000116546648415957	0.00070137811166199	0.00303936873299487	0.0102431342388493	0.0274416808964211	0.0592079863638514	0.10677008226553	0.149330400401638	0.171378508416537	0.16427583902142	0.1301711614379	0.0869403662654868	0.0498052850757725	0.0250340674818447	0.0104701236195612	0.00352653753832115	0.00115611986260085	0.000329992965236672	4.71146025511317e-05	7.24840039248181e-06	
6.48510286040721e-05	0.000273900226692493	0.00152495286379281	0.00557776067490847	0.0167678056605411	0.0401370645563379	0.0789221759046003	0.127035916979239	0.163232709332921	0.171563968387031	0.151766093784124	0.110846429903191	0.0685534501224063	0.0372231552505014	0.0169402331013002	0.00665161741326413	0.0021257785699776	0.000614177388544447	0.000148966627469942	2.36515516085439e-05	5.34067294386476e-06	
0.00010655762905838	0.000624641585394195	0.00266928770426171	0.00959343299463412	0.0257012036237996	0.0567239869052514	0.0993634613889959	0.144978147092686	0.17068355191333	0.166442252735218	0.134907687292697	0.0913132043807789	0.0529473019054528	0.0265509911673656	0.0115009673255735	0.00419126674296295	0.00129224995669903	0.000327884317371395	6.66462590347216e-05	1.52770794348932e-05	
3.43541674181641e-06	0.000251167135123911	0.00134496565442112	0.00505292545775497	0.0156212216380105	0.0374624561435653	0.0762981247014289	0.12031535598838	0.158193306701219	0.172629309563303	0.153797309267094	0.115708080424633	0.0734923435057932	0.0396691388307254	0.0190415607174601	0.0077174728540049	0.00248991371187427	0.000719528950924881	0.000156693174723959	3.4735880389477e-05	9.54282428282335e-07	
2.18252536180623e-05	0.000498151841352614	0.00253058072213638	0.00868166470016026	0.0242922730752759	0.0538752556570004	0.0955741257406467	0.139339694182249	0.16852809915251	0.167611247050958	0.137286397295813	0.0958601514327992	0.0569688896325642	0.0289550279162224	0.0130040221645023	0.00499779162894312	0.00142744816645853	0.000437653769920091	9.78307420949984e-05	1.18698747747356e-05	
1.92352784239228e-07	0.000120028137365279	0.00104889973245651	0.00494962184404382	0.0144170335315144	0.0360748029201461	0.0717445108766844	0.116588292524728	0.154663949106531	0.171908183860794	0.157575977907129	0.117722789246171	0.0773817939243834	0.0427217457323169	0.0202936034428071	0.00850968717474346	0.00317189741210488	0.000781529362363985	0.000290067998632756	3.09687982625158e-05	4.42411403750225e-06	
6.78967356607429e-06	0.000339871659650347	0.00191565789899953	0.00867235305061003	0.022725231416324	0.0512013163431129	0.0930328831650432	0.135188996383432	0.164956671213161	0.167990491353157	0.142391676092997	0.0978324064135644	0.0602719322460415	0.031607288384789	0.0138883742747416	0.00541466767360759	0.00191119611351325	0.000494482226283525	0.00014044924748108	1.72651699251603e-05	
3.13741935760462e-05	0.000681852815668233	0.00390949733864993	0.014545154090162	0.0341107637647941	0.0681186357643202	0.113747820857642	0.150692785065728	0.169208431044784	0.159536994851125	0.123820106220158	0.0796711594771695	0.045502129352877	0.022322251552438	0.00906675220194224	0.00353515059418046	0.00112128639650043	0.000308090683501422	6.27483871520923e-05	7.01534763191095e-06	
