# <P(U)> as a function of N_tot.
# number_of_species: 1
# species_total_upper_bound: 103
# species_total_lower_bound: 0
# volume: 729
# Bin widths for each
10	10	10	10	10	10	10	10	10	10	10	10	10	10	10	10	10	10	10	10	10	10	10	10	10	10	10	10	10	10	10	10	10	10	10	10	10	10	10	10	10	10	10	10	10	10	10	10	10	10	10	10	10	10	10	10	10	10	10	10	10	10	10	10	10	10	10	10	10	10	10	10	10	10	10	10	10	10	10	10	10	10	10	10	10	10	10	10	10	10	10	10	10	10	10	10	10	10	10	10	10	10	10	10	
# Bin lower bound for each
0	0	0	0	-10	-10	-10	-10	-10	-10	-20	-20	-20	-20	-20	-20	-20	-30	-40	-40	-40	-40	-40	-40	-50	-50	-50	-50	-50	-60	-60	-60	-70	-70	-70	-70	-80	-80	-90	-90	-110	-110	-110	-110	-110	-120	-130	-130	-130	-130	-150	-150	-150	-150	-160	-160	-170	-170	-170	-170	-180	-190	-200	-200	-200	-200	-200	-210	-210	-220	-230	-230	-230	-240	-240	-240	-240	-250	-260	-270	-270	-280	-280	-280	-280	-290	-290	-290	-300	-300	-310	-320	-320	-330	-340	-340	-340	-350	-350	-350	-360	-360	-360	-360	
# Bin upper bound for each
0	0	0	0	0	0	0	0	0	0	0	0	0	0	0	0	0	0	0	0	0	0	0	0	0	0	0	0	0	0	0	0	0	0	-10	-10	-10	-10	-10	-10	-10	-10	-10	-10	-10	-20	-20	-20	-20	-20	-20	-30	-30	-30	-30	-30	-30	-40	-40	-40	-40	-40	-50	-50	-50	-60	-60	-60	-60	-60	-70	-70	-70	-80	-80	-80	-90	-80	-90	-90	-90	-90	-100	-100	-100	-100	-110	-110	-120	-140	-140	-140	-150	-150	-150	-160	-160	-160	-160	-160	-170	-170	-180	-180	
# Normalized histogram for each
1	
1	
1	
1	
2.99811663763945e-05	0.999970018833624	
0.00014797844995314	0.999852021550047	
0.000605429690710353	0.99939457030929	
0.00164920662750942	0.998350793372491	
0.00413925641215167	0.995860743587848	
0.00974726862252885	0.990252731377471	
8.26516865076632e-06	0.0206381261209635	0.979353608710386	
2.49068070303614e-05	0.0411515800601638	0.958823513132806	
7.47870646077141e-05	0.0741970777646977	0.925728135170695	
0.000190559305369906	0.125520585928438	0.874288854766192	
0.000382949649008739	0.197287945075653	0.802329105275338	
0.000998700585702028	0.283382670613649	0.715618628800649	
0.00235449523435794	0.381162932728313	0.616482572037329	
3.32275589373827e-05	0.00547700929817858	0.485980739091669	0.508509024051215	
2.78214419853381e-06	7.51178933604129e-05	0.0105276336472519	0.590396038226661	0.398998428088528	
8.38157394783308e-06	0.00021792092264366	0.0189730895599115	0.686221809972955	0.294578797970542	
4.1958511423904e-05	0.000685322353257099	0.0320255331528185	0.759236466981449	0.208010719001052	
5.87650935344405e-05	0.00144953897384953	0.0552559779490982	0.8016818010102	0.141553916973318	
8.14211071585999e-05	0.00238928835144719	0.0890746912315083	0.818992455913278	0.0894621433966078	
0.000123584744025099	0.00467094157531226	0.133963053779025	0.808488586668015	0.0527538332336229	
1.3979444624624e-05	0.000260017670018006	0.00920127045192749	0.193089680933156	0.767197512777212	0.0302375387230616	
1.95720980170669e-05	0.000466934338407167	0.0165999351324751	0.263926945746144	0.702434209790523	0.0165524028944337	
5.81946361172539e-05	0.000961597082508909	0.0288451413021188	0.344229586153002	0.61704326909754	0.00886221172871323	
9.70012748738983e-05	0.0024804611717754	0.0473975943683831	0.424136688653622	0.521517654232027	0.00437060029931822	
0.000341475061215651	0.00516932165840278	0.0710490224929345	0.500924481263291	0.420536254657109	0.00197944486704682	
2.78968819655027e-06	0.000917807416665039	0.00985875808660866	0.105037339976511	0.559868103542067	0.323640096746387	0.000675104543565166	
5.6187035403451e-05	0.00177551031874905	0.0177663405945712	0.147906751996044	0.593233957196716	0.238949414812026	0.000311838046489153	
0.00027442063643186	0.00304662910650881	0.0292706011492064	0.203589309916106	0.59688168550275	0.16679454294963	0.0001428107393676	
5.31297624540358e-05	0.000436223312780504	0.0053912727374411	0.0453700208324595	0.262880472015995	0.57580079135383	0.109978608279854	8.94817051857444e-05	
0.000100488205196915	0.000764826895109853	0.010054403197758	0.0656857901303834	0.32735707646315	0.527652400132868	0.0683710582803677	1.39566951662382e-05	
0.000156117578839377	0.00175911057585084	0.0174517150631161	0.0938015745572952	0.383731433159374	0.463699875105937	0.0394001739595879	
0.000302686971686272	0.00346285003387873	0.0287691470336677	0.134087551512324	0.428313172714852	0.383032312528464	0.0220322792051274	
1.11352994560406e-05	0.000631928244130305	0.00721289022265031	0.0429321470527646	0.1788106386651	0.457922487180487	0.300945386923818	0.0115333864115941	
9.37894812338282e-05	0.00147856358650976	0.0114699018520664	0.0633327264602195	0.227017439326481	0.466961275978307	0.224236857059314	0.00540944625586874	
8.30505002408464e-06	0.000429094251244373	0.0028652422583092	0.0185008831036526	0.0893263497090464	0.272364115539856	0.454294541367454	0.159639671562955	0.00257179715745821	
6.91783001508087e-05	0.000827372469803672	0.0053460990356545	0.0288888581429777	0.121989014485936	0.315566501099935	0.415645364362107	0.110522019452938	0.00114559265049739	
3.6244106847627e-05	0	0.000197948583552424	0.0015780126519813	0.00942067977216397	0.0429632066555332	0.159069808937797	0.350494453257648	0.364512558583023	0.0712391860131204	0.00048790143833344	
6.17322056917094e-05	6.45382150413325e-05	0.000707114356105035	0.00326338887361173	0.0160784335733407	0.0627984892445662	0.19709690272688	0.37319363148118	0.3034222090028	0.0431480057691552	0.000165554551627766	
0.000116418732625924	0.000300985016057267	0.00144529597333159	0.0054801988772691	0.0248426217498587	0.0872771362127567	0.234975594658368	0.380311604676058	0.241052084605184	0.0241611462418045	3.69132566862686e-05	
9.99460291442621e-05	0.000593964973200186	0.00256718514859119	0.0102458957877032	0.039353035075345	0.118918641076676	0.269551585001242	0.365000042834012	0.180125589324622	0.0135155587411369	2.8556008326932e-05	
0.000242857836736676	0.00114857471021346	0.00495144271840777	0.0179800513715753	0.0554887299677999	0.153843296695133	0.296215132043234	0.333723810639459	0.129800370858202	0.00660001885719673	5.71430204086297e-06	
1.15295372331993e-05	0.000507299638260769	0.00226843645063196	0.00812544136509721	0.0279591277905083	0.0783547350368225	0.186400910833441	0.313666825197804	0.291443642180812	0.0880856644616427	0.00317638750774641	
2.61767922377085e-05	5.23535844754171e-05	0.000875468273727808	0.00379563487446774	0.0128877073783652	0.041795611606208	0.103875328664169	0.217066686832492	0.320828582730298	0.241655420341113	0.0554744398166461	0.00166658910580078	
0.000109110103890512	0.000412849041747885	0.00168383430598602	0.00748141442081703	0.0198580389080733	0.058774958936265	0.131277148510647	0.245137965302987	0.310524406750672	0.190733308365796	0.0334053853208574	0.000601580032261204	
0.000165449920377226	0.00103701646522154	0.00366057948834612	0.0129789553610206	0.0317663847124274	0.0795755027757179	0.160982772527041	0.263871941761628	0.284062740973377	0.141864443334879	0.0197683110222146	0.000265901657749113	
0.00029402146356684	0.00231316886132688	0.00668148774860565	0.019525425356051	0.0479675016276188	0.103369545976856	0.185917571982755	0.276347173343654	0.245816944636958	0.100558340758875	0.0111398132063641	6.90050373677278e-05	
3.91048008663217e-05	2.40644928408134e-05	0.000394056070268319	0.00384430273131994	0.0105221994946457	0.0275839249187823	0.06464625195524	0.129169173384671	0.211514859824329	0.273865960774877	0.20635603417158	0.0663728793165684	0.00565214775598604	1.50403080255084e-05	
7.58607924114932e-05	0.00010923954107255	0.000837503148222885	0.00568955943086199	0.0169199911394594	0.0410801363066718	0.0872156358196455	0.154537537437301	0.225452206183565	0.256564234367367	0.165980379364651	0.0427551426031176	0.00278257386565357	
0.000152446925602851	0.000204278880307821	0.00204888668010232	0.0100828396593726	0.0265044224853117	0.0578536082662821	0.109228222194443	0.179518450651406	0.23439629492992	0.228432571200337	0.124896717207904	0.025394608866923	0.00128665205208807	
0.000177823017043416	0.000361777862260744	0.00420336821321593	0.0148880788062557	0.0390137567565082	0.0791557698970159	0.130874674629868	0.199900664383583	0.230654848589833	0.196034546719932	0.0888072674427517	0.015351031833386	0.000576391848347626	
4.63520904792806e-05	0.00020703933747412	0.000846698186088193	0.00740706405858904	0.022533296251661	0.0547078273230123	0.101066098081023	0.156058218225642	0.208358826983097	0.218420320756466	0.160801582151355	0.0612249312443991	0.00813015667006582	0.000191588640647693	
0.000201425082458393	0.000405997431830199	0.00251151899690309	0.0116448875796259	0.0348182138630813	0.072478409748974	0.123067578115165	0.17408477478158	0.212267416975099	0.197525618752675	0.126828562076693	0.0397562756502253	0.0043684064758164	4.09144698743611e-05	
6.3556225014459e-06	0.00030189206881868	0.00086118684894592	0.00458558163479322	0.0191336015406029	0.0506193554127659	0.092518796753548	0.146913391932173	0.184379786578196	0.207689032102249	0.171763875912826	0.0928206888223667	0.0260135628984181	0.00238335843804221	9.53343375216886e-06	
9.57750435776448e-05	0.000552302751297752	0.00165371575244067	0.00818238122298346	0.0288953306473754	0.0680545534648218	0.113681784225212	0.16151503348934	0.192147084926924	0.197654149932638	0.144074398053851	0.0673266631336317	0.0152186544244878	0.000948172931418684	
0.000155868281758958	0.000957476587947883	0.00335912052117264	0.0140345073289902	0.0435540513029316	0.0899296366042345	0.132414876832248	0.175316826140065	0.194765370521173	0.177642126425081	0.115005344055375	0.0442188772394137	0.00837553440553746	0.000270383754071661	
0.000369104666628483	0.00192188981589314	0.00626523352234038	0.0213921609805456	0.0620923143498985	0.112300094821716	0.152847515225567	0.178783481929781	0.190753928100956	0.151208817783208	0.0880155533069869	0.0291274492958374	0.004795178729389	0.000127277471251201	
0.000126407867625681	0.000995461957552238	0.0043389500562515	0.0124322137809857	0.0338520269501574	0.0797317625048983	0.134880354953292	0.167689516995538	0.178393103186742	0.179375924357532	0.126569037656904	0.0612983352083834	0.0178487909087462	0.00243335145179436	3.47621635970623e-05	
2.20883597499598e-05	0.000217728117535318	0.00221830241488882	0.00689156824198745	0.0206715492459981	0.049253886762446	0.100154934066246	0.15743636185782	0.175817032649751	0.172519556087079	0.15868908740364	0.101253041093816	0.0424506719594584	0.0113376395116579	0.00106339674796235	3.15547996427997e-06	
6.30483233874603e-06	9.14200689118175e-05	0.000526453500285294	0.00319654999574424	0.0121368022520861	0.0319528902927649	0.0691072672649953	0.124946014873099	0.168969506678394	0.179378784869663	0.163635618519815	0.132729330395281	0.0789711774589634	0.0276529946377401	0.00634266133277851	0.000356223027139151	
3.46379234879759e-05	0.000188934128116232	0.00117768939859118	0.00620018830434769	0.0190351134077104	0.0483828813084318	0.090915102449531	0.145948465067654	0.176473922366967	0.175343466500405	0.145617830343451	0.111153096472915	0.0578736723441372	0.0180967405713998	0.00342285662103907	0.000135402791816633	
5.65071073383897e-05	0.000354739062735446	0.00285988748807072	0.011022025214727	0.0301339846300668	0.0662326083680747	0.115761087950173	0.161638580541464	0.176738535335778	0.164614621527952	0.128836204731528	0.0888009191822794	0.0404402531518409	0.0107018182731428	0.00177369531367723	3.45321211512381e-05	
0.000249702885174602	0.0010999570131742	0.00447568715705363	0.0173180013654639	0.04154550281943	0.0872253268263079	0.138768427440767	0.172092699825524	0.177048827976838	0.151746655877816	0.107862164007384	0.0654853718360432	0.0273155991604926	0.00670404834753584	0.00106202746099578	
0.000271999544558902	0.00267571644996315	0.00788482400680631	0.0248341909753081	0.05669292832812	0.109748653444115	0.155643832410327	0.180462209458626	0.168206416026466	0.134121077750754	0.0874984581421166	0.0493489406250297	0.0176894587525342	0.00443738791879232	0.000483906166482698	
2.19749172016513e-05	0.000828768305890848	0.0043102230454096	0.0152537318118319	0.0382771664913905	0.0741433706383713	0.130640882763817	0.170578725140875	0.181735704531542	0.154128929978496	0.113987034798851	0.0687124268156775	0.0334050134203959	0.0116027562824719	0.00216609898130562	0.000207192076472712	
0.000106216807247735	0.00179318962824117	0.00768509840674789	0.0219650109340831	0.0499937519525148	0.0979881287097782	0.149812558575445	0.17641674476726	0.17980631052796	0.137991252733521	0.0928491096532334	0.0530490471727585	0.0220805998125586	0.00714151827553889	0.00125898156825992	6.24804748516089e-05	
2.21739323251585e-05	0.000183726867837028	0.00287310808841697	0.0127246694500231	0.0329758050721286	0.0687740349587882	0.121595509461934	0.16818610898171	0.178794751746989	0.167216791368638	0.115912647377457	0.0745107480217685	0.0372427031924127	0.0141913166881015	0.00418453780021921	0.00060186387739716	9.50311385363938e-06	
2.21144581167959e-05	0.000132686748700776	0.000578135119339094	0.00483674791097351	0.0193754245186156	0.0455936942202284	0.0894877343737659	0.140069818503483	0.181275372391679	0.174811632204969	0.150482569068192	0.0964822215552782	0.0577218948931398	0.0271344401093086	0.00920277378488951	0.00256211793324593	0.000230622206075158	
0.000187370587263881	0.000530354035136749	0.00230561095514539	0.00873019905743067	0.0267336542980907	0.0641188501162333	0.111352116970059	0.157610421615579	0.18697043990803	0.166143722767749	0.129168201623455	0.0784733425642459	0.0420440543184157	0.0184575907318251	0.00582754284117326	0.00120679361288602	0.000139733997281539	
0.000193276512151073	0.000833306929438231	0.00402395361363708	0.0159437280187573	0.0383036025474478	0.0822122239472767	0.137118595735243	0.169123285067013	0.183013846202592	0.152967269731631	0.107502930832356	0.0630905231139698	0.0293685244447261	0.0120370076993758	0.00373562307911663	0.000503786318557714	2.8516206710814e-05	
4.42628963110038e-05	0.00040152770224982	0.00164405043440871	0.00741087349664234	0.0255966006095633	0.053507518369102	0.102120825060387	0.153266601747752	0.176248529839515	0.17771552868868	0.140531534151986	0.0849815992816764	0.0473201977919138	0.0194345731159814	0.00701883070074488	0.00249769200612093	0.000259254106964451	
6.61344418725495e-05	0.000973121073267514	0.00325948320657565	0.0140393972318012	0.0378855874155605	0.0725809753255547	0.12416898924528	0.165213283575039	0.178118947517596	0.16532035838569	0.118651487237627	0.0669091596201993	0.0341978049663817	0.0128048876501803	0.00449714204733336	0.00120931550852662	0.000103925551514006	
0.000276713156597382	0.00151397083379717	0.00722634818148566	0.022610963566101	0.0517040123407707	0.0910004611885943	0.140916970149966	0.174342011100332	0.175576088166537	0.14795884289372	0.0991968957236685	0.0514686471271131	0.0247069862120513	0.00842543852674099	0.00250314085335793	0.000562968146180881	9.54183298611663e-06	
0.000508966894459069	0.0042208592139217	0.0131488517447515	0.0323566788127132	0.0698095102247235	0.109249581804271	0.15604860147568	0.176562884966998	0.162911549982494	0.129935682145312	0.0803259981586421	0.0402440447631521	0.0170552537054087	0.00561484497581597	0.00152365885602396	0.000483032275633129	
2.62586078999022e-05	0.00208099467606725	0.00863579967308033	0.0210298626018342	0.0455357084244179	0.0880122890284972	0.12873282522927	0.169020094399695	0.171879000334797	0.146601807905154	0.113781830356264	0.0604473153855748	0.0278374066998838	0.0120461363740801	0.00310508038416343	0.00089935732057165	0.000278997708936461	4.92348898123166e-05	
4.27720218334721e-05	0.000223730575744315	0.00373103636608903	0.0137758811859037	0.0312235759384346	0.0631676959369869	0.109641142736817	0.149784330305294	0.17033793187404	0.162862698519759	0.132231350575942	0.0889427743249423	0.0443414260192079	0.0187308554075351	0.00849518156723268	0.00160888605204368	0.000631709860925126	0.000227020731269967	
0.000107652107534669	0.000218566400146146	0.000789448788587572	0.00685058866129711	0.022189382892449	0.0473767138704847	0.0820341681264945	0.129237986187908	0.160369018375889	0.165581990128628	0.151593740519275	0.112796573400795	0.0674554630182389	0.0340930962377219	0.0128106007966256	0.00509227090489752	0.000857954675200543	0.000417559689831443	0.000127225217995518	
0.000242045216663178	0.000922388528365083	0.0019625287837555	0.01249476658991	0.0328265647896169	0.0648910142348754	0.102584650408206	0.142499214988487	0.168463470797572	0.158323738748168	0.132431442327821	0.0955849644128114	0.0525728752355035	0.0233573634079966	0.00746088025957714	0.00260035063847603	0.000438298095038727	0.000264941385806992	7.85011513502198e-05	
0.000123156808574377	0.000515927171054821	0.00149785307725593	0.00441367373431415	0.0195486469393869	0.0444196651466232	0.0851512831608029	0.119834903305262	0.155094364743867	0.170658722497753	0.14929600905369	0.11568751456246	0.0740671703891089	0.0377225976100922	0.0148453882768032	0.00517591452251772	0.00158772426189129	0.000156442432513397	0.000179742369270712	2.32999367573145e-05	
0.00029194532904252	0.000885903067439371	0.00209730839829397	0.0101308384871192	0.0306878164838373	0.0621608652319959	0.110070100435905	0.139355237062963	0.157543095492968	0.158459199801343	0.133872033986463	0.0972916198267791	0.0575803436901218	0.0263052808547622	0.0089060103825155	0.00330871372914856	0.000798655038070342	0.000167784671863517	8.7248029369029e-05	
0.000372607007025824	0.00121181197780471	0.00388384060476467	0.0170895700249412	0.0466161577168254	0.0842561790661999	0.126515184574741	0.147099204098006	0.161976629819974	0.146508403798577	0.117371207213135	0.0762568772847355	0.0438568517729044	0.0197045327138882	0.00519300035917973	0.00154078032635003	0.000399461566090748	0.00012755915555839	2.01409192986932e-05	
0.000466180285235737	0.00280041157059468	0.00724577357623546	0.0260228494936949	0.0620818945566792	0.107348000253069	0.143130667004092	0.162607013349405	0.155444486252676	0.129375018730458	0.0961330345339696	0.0598076007365649	0.031294016576039	0.0120108020631807	0.00269718593600677	0.00122205831915368	0.000243079720158634	5.66076060643395e-05	1.33194367210211e-05	
5.26364270393326e-05	0.00117445027831511	0.0037931125235219	0.0109319279407314	0.0387075125340492	0.0826194517916124	0.127945995025858	0.159106759833143	0.162764991512376	0.146474017343703	0.114003921413814	0.077523587698867	0.043142131512113	0.0220579527061703	0.00709275854355006	0.00174029186898793	0.000704012211651073	0.000111852407458582	4.93466503493743e-05	3.28977668995829e-06	
0.000326300836187092	0.00261040668949674	0.00747855148796477	0.0177850435562177	0.0559160978375154	0.104614025662407	0.148269122382589	0.168621725043754	0.159933553284267	0.130131410245846	0.0947722650881177	0.0591725142633017	0.0311996334883537	0.0137375948002808	0.00404415278789457	0.000962422668349808	0.000329596804229386	9.22871051842281e-05	3.29596804229386e-06	
0.00112790953116342	0.00440015869424799	0.0105741518546571	0.0300568217214391	0.0747502368937896	0.123302807642243	0.169979900914459	0.168130653892435	0.150474279400241	0.111082694785714	0.0778192000367226	0.0438409254104246	0.0230664056736472	0.00824947785002082	0.0024000865604989	0.000596742833348088	9.83642032991354e-05	4.2624488096292e-05	6.55761355327569e-06	
6.44240649652271e-06	0.00162670764037198	0.00881643329049133	0.0174975760445557	0.0485628601707882	0.0929929165740571	0.143256572059927	0.17782330411702	0.164503628685459	0.133960179485445	0.0954023766037566	0.0604652061731139	0.0324665075392262	0.0155938449248332	0.00501541345754293	0.00132391453503542	0.000644240649652271	9.66360974478407e-06	3.22120324826136e-05	
0.000111985307527652	0.00298840792088078	0.0114704950710467	0.0263805388732998	0.0645099362963579	0.114212215357345	0.159857426705616	0.179192489945319	0.159729443497013	0.117536579200809	0.0795991565906553	0.0463523185758029	0.0225122463932732	0.0106897974985682	0.00358672942109995	0.000700708067101596	0.000569525278283489	
7.63749884641944e-05	0.000493255133831256	0.00502165549152078	0.0174485025728824	0.0380220150904248	0.0837897269275933	0.135336479558553	0.171137255401144	0.178462889711334	0.144864259369461	0.101524635707216	0.0635503549845818	0.0348715468162768	0.0157332476236241	0.00703922810344992	0.00187118721737276	0.000537807210435369	0.000219578091834559	
3.14515850026262e-06	0.000465483458038868	0.00185249835665468	0.00957386247479942	0.0260513478576753	0.0540810004120158	0.109294257884126	0.154483895215899	0.179695485754005	0.166891545499435	0.12790730588868	0.0812834762807872	0.0471333452849356	0.0238182853224888	0.0121843440300174	0.00433402841336189	0.000770563832564342	0.000172983717514444	3.14515850026262e-06	
0.000103049966742965	0.000484022571065443	0.00479650754294529	0.0158259767107075	0.0357239884708946	0.0730717945995572	0.130592412399721	0.172402594360981	0.181174332439193	0.148382583931075	0.107237542664248	0.0662142877217526	0.0364422155118304	0.0166722355285058	0.00776622022090166	0.00241386740279734	0.000615177074192853	8.11908828883969e-05	
9.42400482509047e-06	0.000345546843586651	0.00211725975070366	0.00733187575392039	0.0217003417772417	0.0519922346200241	0.0935332478890229	0.146841701849618	0.184842430639324	0.17415246783273	0.132925588057901	0.087916541013269	0.0513796743063932	0.0257243918375553	0.012433403699236	0.00457378367511057	0.00169632086851628	0.000442928226779252	4.08373542420587e-05	
1.23045499149448e-05	0.000132273911585657	0.00106741970512146	0.0036113854000363	0.0122430271653701	0.0337790656540022	0.0700559549407382	0.113229544454801	0.161718699532119	0.185106572782951	0.160300600154422	0.118628165729983	0.0714955872807868	0.0356893470282974	0.0189274739066638	0.00908998624966547	0.00306383292882125	0.00149807895214453	0.000322994435267301	2.76852373086258e-05	
0.000175652688410621	0.000274264724009565	0.00214789340038952	0.00685661810023913	0.0192293469417942	0.0493275891822597	0.0887138525257008	0.136885831915785	0.168142765574538	0.179914577324162	0.146300199689372	0.0991174222813895	0.0537127431403003	0.0264958213149915	0.0135560732687425	0.00566711042082686	0.00219411779207652	0.00115252816606267	0.000135591548948549	
7.67252438328249e-05	0.000601525911649347	0.00336670369938436	0.0109011226437678	0.0308650310890688	0.0627182833187044	0.111558504532927	0.156574739594522	0.171729509756382	0.171425677790804	0.128140364230078	0.0790668982746027	0.038829111398916	0.0194053486701981	0.00881419601151492	0.00379943407460149	0.0014178825060306	0.000641423038442416	6.75182145728859e-05	
0.000107509046118309	0.000267236771779797	0.0015389152030078	0.00543074267249059	0.0181567420458664	0.0427793852939912	0.0823119973952094	0.133867192539487	0.167250287202737	0.175365684341154	0.155774464451366	0.10565374715101	0.0594586458774888	0.0288308544818985	0.0136260036737377	0.00538773905404326	0.00278909182501213	0.00107201877415114	0.000264165084747845	6.75771147029372e-05	
0.000276724686609292	0.000455058373535281	0.00342831139521512	0.0107522914341411	0.0283765792524129	0.0586195127800684	0.10304612385582	0.150667367702539	0.169988900265348	0.169930480609286	0.138805102803221	0.0862950561597378	0.0443282200760685	0.0194691190623338	0.00939326575101543	0.00351132880119791	0.00191247505634422	0.000587271279359721	0.00013221290582444	2.4597749920826e-05	
0.000579961852776529	0.000961434087490502	0.00543675469474468	0.016964659543784	0.039465318591344	0.0815141036177834	0.121475646254284	0.162277668367268	0.176652658675392	0.153100624932157	0.117291857273559	0.0667018158698652	0.032797307984555	0.0151193263758587	0.00562283871167832	0.00236946981562175	0.00129018251740661	0.000316342828787197	5.89266053623211e-05	3.10140028222743e-06	
3.09168707180134e-06	0.00096769805347382	0.0018457371818654	0.00977591452103584	0.0252034330093245	0.0607640177091835	0.102628552348446	0.139793722638569	0.172624347654028	0.171195988226856	0.133285721352428	0.0920642576241003	0.0499740298285969	0.0229619598822686	0.0109971309143974	0.00335138878583265	0.00149019316860825	0.00073891321016052	0.000296801958892929	3.71002448616161e-05	
8.16467521864058e-05	0.00126238439918981	0.00404779475262604	0.016348191995478	0.0393788566314434	0.0806481496019721	0.117731476393098	0.155000078506493	0.176071221089984	0.15531724473614	0.113702523198669	0.0734161315140762	0.0378181475608033	0.0171835010755389	0.00745497652655875	0.0024870856819859	0.00127180517828824	0.000549545447408501	0.000157012984973857	7.22259730879744e-05	
0.000362957915984794	0.00232420419885	0.00958973020128245	0.025865527275969	0.0584457759976567	0.104047935915641	0.13407792770133	0.160688473857479	0.171943353094375	0.13662500079596	0.0936845322618646	0.0544150328254045	0.0282215698885019	0.0119744273861299	0.00459109925307081	0.00149958928446349	0.00109524143069096	0.000385244805562808	0.000162375909782671	
0.000770167359604243	0.00456028556910894	0.0171545991135086	0.0390708138527862	0.0758630827786104	0.126684541366935	0.144487870663015	0.165640309473059	0.161083219619135	0.117468098773165	0.0738465864968251	0.0405408428379229	0.0198613698752712	0.00773043503270815	0.00317014946359921	0.000910778827747756	0.000808515941825201	0.000306788657767665	4.1544297406038e-05	
