# <P(U)> as a function of N_tot.
# number_of_species: 1
# species_total_upper_bound: 103
# species_total_lower_bound: 0
# volume: 729
# Bin widths for each
10	10	10	10	10	10	10	10	10	10	10	10	10	10	10	10	10	10	10	10	10	10	10	10	10	10	10	10	10	10	10	10	10	10	10	10	10	10	10	10	10	10	10	10	10	10	10	10	10	10	10	10	10	10	10	10	10	10	10	10	10	10	10	10	10	10	10	10	10	10	10	10	10	10	10	10	10	10	10	10	10	10	10	10	10	10	10	10	10	10	10	10	10	10	10	10	10	10	10	10	10	10	10	10	
# Bin lower bound for each
0	0	0	0	-10	-10	-10	-10	-10	-20	-20	-20	-20	-20	-20	-20	-30	-30	-40	-40	-40	-40	-40	-50	-50	-60	-60	-60	-60	-60	-60	-70	-70	-80	-80	-80	-80	-100	-100	-100	-110	-110	-110	-110	-120	-120	-130	-140	-140	-150	-150	-150	-160	-160	-160	-160	-170	-170	-180	-180	-180	-200	-200	-200	-200	-210	-210	-220	-220	-230	-230	-230	-250	-250	-250	-260	-260	-270	-270	-270	-270	-280	-280	-290	-290	-290	-310	-310	-320	-320	-320	-330	-330	-330	-340	-340	-350	-350	-350	-360	-360	-360	-360	-360	
# Bin upper bound for each
0	0	0	0	0	0	0	0	0	0	0	0	0	0	0	0	0	0	0	0	0	0	0	0	0	0	0	0	0	0	0	0	0	0	-10	-10	-10	-10	-10	-10	-10	-10	-10	-10	-10	-10	-20	-20	-20	-20	-20	-20	-20	-30	-30	-30	-30	-30	-30	-30	-40	-40	-40	-40	-50	-50	-50	-50	-60	-60	-60	-60	-70	-70	-70	-70	-80	-80	-80	-90	-90	-90	-100	-100	-100	-100	-110	-110	-120	-130	-130	-130	-140	-140	-140	-140	-150	-150	-160	-160	-170	-170	-180	-180	
# Normalized histogram for each
1	
1	
1	
1	
1.85331708116816e-05	0.999981466829188	
0.000113837332643641	0.999886162667356	
0.000478675369508808	0.999521324630491	
0.00149714704496676	0.998502852955033	
0.00393413342897113	0.996065866571029	
3.31941549835096e-06	0.0094949509319259	0.990501729652576	
4.26155128990055e-06	0.0205435182515139	0.979452220197196	
1.27783551701225e-05	0.0407620064478634	0.959225215196966	
4.67877382098444e-05	0.0740385237948731	0.925914688466917	
0.000204485070700831	0.124684889922806	0.875110625006494	
0.000496764901061776	0.193508310207529	0.805994924891409	
0.0010618655813089	0.279857480751033	0.719080653667658	
1.65413697293879e-05	0.00254169961156138	0.380318700207523	0.617123058811186	
4.06688993577151e-05	0.00531343899050334	0.487128766247462	0.507517125862677	
4.73123733211204e-07	9.50978703754521e-05	0.0101891927184365	0.59226291296605	0.397452323321404	
1.4200968316693e-06	0.000253250601647691	0.0190505989968436	0.684892820558458	0.295801909746219	
9.46055445471493e-06	0.000580878043519497	0.0334359645815762	0.757606877066244	0.208366819754205	
2.27164200436439e-05	0.0012844242499677	0.0560967795215259	0.802164117616158	0.140431962192305	
7.33528846376817e-05	0.00257823558391026	0.0890934671920942	0.818999627556644	0.0892553167827141	
5.20352401568248e-06	0.00013150724330543	0.00513540515584081	0.135502130606561	0.805744879732369	0.0534808737379089	
1.75091651014893e-05	0.000307593440972109	0.00950179800196765	0.194414670976761	0.765143889845583	0.0306145385696148	
2.83451398714548e-06	2.92899778671699e-05	0.000722801066722097	0.016661745635439	0.264485665626558	0.701565360349401	0.016532302830026	
4.70654902176732e-06	0.000108721282402825	0.00147267918891099	0.0283000086129847	0.343498537910546	0.618089432903202	0.0085259135529315	
2.82368089393972e-06	0.000219776496244975	0.00310651959681602	0.0461469462361746	0.423760145250145	0.522665686535654	0.00409810220407118	
1.13027556118182e-05	0.000426679024346136	0.00569611788020586	0.0713957396146514	0.497437571113171	0.423294319988547	0.00173826962346753	
1.13199644553116e-05	0.000897578848269083	0.0103016393195192	0.106433607465139	0.554150936632726	0.327489401683279	0.000715516086612821	
6.57977575745526e-05	0.00178648012292347	0.017858174116961	0.150550476347363	0.588803304467526	0.240625239641113	0.000310527546538896	
1.88951977854828e-06	0.000239969011875632	0.00329673963362211	0.0289474430073597	0.20546638071934	0.594230351356203	0.16770810698461	0.000109119767211163	
2.64189574890668e-05	0.000467992961234898	0.00571687369379485	0.0445673659827616	0.263583825936812	0.574312281512863	0.111290330189792	3.49107652534097e-05	
4.24595796595968e-06	7.02941929919992e-05	0.00102044523115231	0.0100369728584214	0.066068993042762	0.325455980502561	0.527938167529461	0.0693992394073964	5.66127728794624e-06	
8.02815710820114e-06	0.000197870460490369	0.00215485181674834	0.0169228829395522	0.0957093278212951	0.382717361173093	0.461866962102848	0.0404227155288643	
3.83167499070464e-05	0.000403508489761859	0.00408806608267525	0.0268888975088436	0.134413266488738	0.4284181615718	0.383327861764519	0.0224219213437542	
0.000129568229300645	0.000926436569944537	0.00770242781435958	0.0409530526369745	0.178065190379867	0.456567590477067	0.303785290731173	0.0118704431613129	
2.37205491591777e-06	5.69293179820265e-06	0.000256656341902303	0.00189100217896965	0.0128683979188539	0.0606833320919579	0.225019296666741	0.465730211013261	0.227712053407291	0.00583098539430906	
2.85172864661236e-06	5.84604372555534e-05	0.000576999762831234	0.00371152483356599	0.0203879586708473	0.0860181170320919	0.273447031754474	0.450790808118111	0.162361269342444	0.00264497831973296	
2.23966300219678e-05	0.00017726694400366	0.00118940401137939	0.00666895398207317	0.031496809671532	0.117524171682082	0.315214459645561	0.415753884862261	0.110687481236866	0.00126517133421967	
6.2012338547299e-06	5.43800507260929e-05	0.000327711358323034	0.00239272223194809	0.0114312590842113	0.0467754299482388	0.153337909525906	0.349959477321849	0.363535886301808	0.071633314363918	0.000545708579216231	
1.14401532217855e-05	0.000102961378996069	0.000726449729583378	0.00429577753478045	0.0191284128598762	0.0665564280790934	0.19251680510841	0.371162424435405	0.302148746778882	0.043167034817153	0.000183519124599475	
2.43664717348928e-05	0.000267553415128235	0.00150355463822956	0.00780109314681038	0.0294270534724611	0.09170202193938	0.232365363299316	0.372661296487406	0.239440717807591	0.0247501242212285	5.68551007147498e-05	
4.30754739737986e-05	0.00052599939885783	0.00290998757511884	0.0130365528899814	0.0432315029128593	0.122237665577336	0.267152175119989	0.35748814467233	0.180284259838917	0.0130729277346704	1.77088059670061e-05	
9.54219870388315e-07	0.000134067891789558	0.00107206602438127	0.00569239863680149	0.0208869187429298	0.0607981190417915	0.156418583813664	0.291958836863231	0.328026439524169	0.128349252106321	0.00665997758537524	2.38554967597079e-06	
1.43774010259713e-05	0.000329242483494744	0.00222562167882036	0.00948764693703849	0.0319743813883585	0.0842256906903453	0.190036652787682	0.307216305122956	0.284626053384249	0.0865759165113907	0.00328715312123791	9.58493401731422e-07	
1.49056520309191e-05	5.14485408809144e-05	0.000764996528425559	0.00395288275310278	0.0156706485593447	0.0458185318605908	0.111248093519022	0.22107341851032	0.30973752589256	0.234793830791038	0.0553134322042863	0.00156028518839783	
1.92823030397105e-06	3.76004909274354e-05	0.000164381633413532	0.00172383789175011	0.00705491262465406	0.0240802220935664	0.0641493298676607	0.140113408865328	0.245416476053067	0.298606708988108	0.184565384120349	0.0334538316587457	0.00063197748212651	
5.29695704264147e-06	9.48636852182154e-05	0.000465169136653787	0.00320465901079809	0.0117929525431172	0.0365600790498607	0.0862320529464564	0.169688018861019	0.261444798002951	0.273530046266512	0.137772408054457	0.018981404791531	0.000228250694382914	
1.20575540817473e-05	1.25398562450172e-05	0.000163018131185224	0.00115366677454158	0.00567524955519683	0.018917337749935	0.0521908816917616	0.111161002590445	0.194508604029442	0.2693281386175	0.239702728238647	0.0969634738102691	0.0101158055724227	9.54958283274388e-05	
1.30179078197126e-05	2.50715261712983e-05	0.000353894234802557	0.00238468785467772	0.00999534248186895	0.0289966664513087	0.0716163323635796	0.137609410693777	0.215154676852135	0.263656990664714	0.199807527822162	0.0653084328078277	0.00505673397085724	2.12143682987909e-05	
2.25893227480728e-05	0.00010285351208697	0.000684889040766038	0.00430927378211108	0.0162681573697185	0.0428985657702551	0.0947569220653946	0.162042343925803	0.228320858740314	0.248229742063578	0.158497742749909	0.0415557026264654	0.00230699466363297	3.36436721779808e-06	
2.89255461263632e-06	5.30301678983325e-05	0.000277203150377647	0.00163091870909144	0.0083464663347621	0.025160886298017	0.0593378653236214	0.118642948361633	0.183840165145585	0.234794925109351	0.223631592674316	0.118479519026019	0.0247284493834279	0.0010721735764172	9.64184870878773e-07	
1.69082125603865e-05	0.000128019323671498	0.000504830917874396	0.00336618357487923	0.0135207729468599	0.0366347826086957	0.079756038647343	0.141622222222222	0.201446859903382	0.231070048309179	0.192135748792271	0.0848661835748792	0.0144990338164251	0.000432367149758454	
2.27289323350012e-05	0.000218101031555012	0.00119883028209507	0.00646807382937536	0.0215683060030012	0.0512580947641728	0.103506107070681	0.163810316904184	0.209838339259782	0.218895576998127	0.157395438448359	0.0578930086287732	0.00777136048135043	0.000155717366210009	
6.72909393960372e-05	0.000466679608473236	0.00257641999615619	0.0108648241213328	0.0327033965464741	0.0702241466032357	0.127270887664312	0.182379746492278	0.212294683967377	0.197807283590645	0.122534864210273	0.0367873272280926	0.00395080112525942	7.16479066950612e-05	
1.93871809051778e-06	0.000169153153397676	0.000988261546641437	0.00462335796636227	0.0183291255072777	0.0472620696106424	0.0912898727667785	0.148987577179155	0.194702549753565	0.20663875235736	0.171946846166112	0.0906607587464055	0.0224542329243769	0.00192466238436152	2.08412194730661e-05	
3.06211128198448e-05	0.000464663235805899	0.00180956195282988	0.00828957268480085	0.0287221177756046	0.0644637611281012	0.113795832029101	0.167505749964518	0.199690483735815	0.194388170723883	0.14316682576684	0.0637973873872122	0.0129391213393189	0.000921063631644538	1.5067531705003e-05	
4.8486000394676e-07	7.56381606156946e-05	0.000909112507400176	0.00362820740953361	0.0143853114570964	0.0421653653832261	0.084013147463867	0.135817044865551	0.181042846593689	0.198004219251754	0.175687082990093	0.113844644066695	0.0427253786877846	0.00736017485991182	0.000338917142758786	2.4243000197338e-06	
1.11590085948625e-05	0.000244042666226775	0.00175681609226074	0.0067686664742142	0.0231665870172213	0.0589389723523433	0.105821363679368	0.157061105275543	0.187364120876322	0.190078185836307	0.151412706229395	0.086057303935006	0.0272794094458582	0.0039075937053488	0.000130997057417951	9.70348573466303e-07	
7.18594157926603e-05	0.000707426816283149	0.00336768181039116	0.0123904083217088	0.035543220768148	0.0775241712254507	0.127736423547165	0.171915398161856	0.189129612536943	0.176249297792702	0.124827088280749	0.0616014841882581	0.0170476753236223	0.00182853080996729	5.97210009628191e-05	
4.86066892525749e-06	1.5554140560824e-05	0.000176442281986847	0.00156367719325534	0.00608895996267006	0.0203224567765016	0.0515935703071457	0.0993248530862817	0.148710707567575	0.181614519790214	0.183410536958096	0.154570730023866	0.099168825613781	0.0426095959325922	0.0098895169953289	0.000906514754560523	2.86779466590192e-05	
1.64461114136981e-05	7.78771746354526e-05	0.000560618915543413	0.00309912458316363	0.0110164761013816	0.0313022708210189	0.071225206277771	0.120737192107027	0.163223786107679	0.186359595193479	0.173177069477081	0.129751112289212	0.075299488525935	0.0282892464681976	0.00542528192988346	0.000431952279189187	7.2556373883962e-06	
6.19310687850963e-05	0.000146118615414837	0.001151046973748	0.00569959367412839	0.0180935488147458	0.0463525019667953	0.0932236766346657	0.141509589155096	0.173722453979894	0.182027990907745	0.155736800699047	0.106887702521852	0.0544296680785015	0.0178279225900347	0.00293930658491766	0.00018724471577994	2.90301884930139e-06	
0.000123642826784127	0.000334222016150844	0.00255351416096751	0.0100633669487269	0.0280495344074804	0.06359298326958	0.116718345504424	0.158035334801592	0.178958502376261	0.172004559329238	0.134587631853483	0.0845509253892817	0.0379293690351996	0.0108844325953402	0.00154408639542522	6.95490900660716e-05	
1.83512112765296e-05	0.000141014570861754	0.000750950882500092	0.00454095893771599	0.0162287488144152	0.0414495911543298	0.0858295809935539	0.136952192197065	0.170851225764328	0.178179154183014	0.157191646528627	0.111986335108572	0.0637559713875641	0.0251508179810963	0.00624086061385768	0.000707487487371469	2.51121838520931e-05	
4.9741969569505e-05	0.000328876517250805	0.00172599805088748	0.00771918098639774	0.0256127679426045	0.0577489778749651	0.10735282896586	0.155326302491059	0.179373405721582	0.170554106223735	0.13731005087203	0.0907959970753654	0.0459688238583735	0.0163356491520202	0.00351864068236324	0.000262231936662536	1.64196792753706e-05	
7.71462446895659e-06	9.98079540671259e-05	0.000690941054000925	0.00355547755213037	0.0134986641645568	0.0377095665682891	0.0766992786343958	0.129603280258324	0.171243930157576	0.179510632440092	0.156482478400257	0.117193824635978	0.0696654697748246	0.0318372908553252	0.0102570753955071	0.00183415196749443	0.000106076086448153	4.33947626378808e-06	
5.62057109806263e-05	0.000208969951081816	0.00121586884181167	0.00644492152577849	0.0211535237377855	0.0519777924990837	0.0984017882063124	0.149336652512756	0.180483263428481	0.173638176456148	0.139953661513836	0.0958907860584856	0.0525067026511321	0.0214244640881536	0.00621049086801314	0.00105013405302264	4.65978971377842e-05	
7.68295148264157e-06	9.02746799210385e-05	0.000458095982152504	0.00265349936831733	0.0112588852133436	0.0322083731686365	0.0700430677449049	0.121010807511814	0.166209130899726	0.182218000867213	0.161129259416297	0.120589685733671	0.0761812657950678	0.0378999996638709	0.0139988177858406	0.00349094107992526	0.00053588586591425	1.63262719006133e-05	
2.40007987465823e-05	0.000194406469847317	0.00118371939418144	0.00479823968541673	0.0182007657214832	0.045498794199871	0.0910057486713158	0.141595592301312	0.178778109735492	0.177538708488218	0.144419526281835	0.100706391508709	0.0582417782863814	0.0265367231421462	0.00902622039261467	0.00201366701483825	0.000233767779791711	3.84012779945317e-06	
8.46632519155061e-05	0.000509903676309298	0.00261638310891158	0.00866740041484993	0.0273712445113199	0.0617916668270137	0.113070659180383	0.159355000711941	0.18258832878589	0.167346057193875	0.126487860444174	0.0831114129911912	0.04276552512382	0.0176181340988944	0.00551465636340546	0.000964968655355143	0.00013421049593424	1.9241648162615e-06	
3.36262661490143e-06	3.36262661490143e-06	0.000165729454591571	0.00122255496213202	0.00471536326455321	0.0151073206302907	0.0406344603896996	0.0808966299756066	0.134800975738169	0.171808603136082	0.180158965771343	0.152171824455519	0.107005023764163	0.065854640376691	0.0304019876005545	0.0113805695905185	0.00314405588493284	0.000477973354546704	4.65963973779198e-05	
9.62089350200042e-06	4.81044675100021e-05	0.000320856798291714	0.0023046850384042	0.00828551348392277	0.0246900989941837	0.0562023735706359	0.101424902432114	0.15327815109517	0.1796307404865	0.170886791427207	0.135686828371438	0.0881033322445689	0.0490069073204898	0.0209721047003356	0.00712811999563211	0.00178948619137208	0.000203962942242409	2.74195464807012e-05	
2.59400880041504e-05	0.000152277924024364	0.000802701612128432	0.00429260419268682	0.0136843571661895	0.0370655035259305	0.0757733989201237	0.123547355071768	0.168552447014968	0.179809004092769	0.157035047941126	0.115295524854447	0.0698465691831754	0.035281401917645	0.0136488096381838	0.00424072401667852	0.000858424764137348	8.26239840132198e-05	5.28409200084545e-06	
6.72674288707e-06	4.08409389572107e-05	0.000311352099344383	0.00167591994215001	0.00731485240805383	0.0210369274160418	0.0524171829842234	0.0965513430662897	0.143892718060584	0.179089439253908	0.173852669916324	0.139847062695646	0.0940975233574135	0.0535511196423295	0.024631891007546	0.008786087173783	0.00247880475388529	0.000382463381293409	2.93093797222336e-05	5.76577961748857e-06	
3.57626308537748e-05	0.000104871498584718	0.000685289331765577	0.0034539935501612	0.0119461685415468	0.0314430849811932	0.070694022179597	0.115980628252768	0.160445177095098	0.182889127628614	0.160115580956689	0.122163213881313	0.0754949137323186	0.0404296541801924	0.0169423047275782	0.00542818742904863	0.00148898196838487	0.000246472185613853	1.25652486783533e-05	
4.33163581338735e-06	2.83962792210949e-05	0.000197330075943202	0.00150981572739957	0.00629867976553337	0.0187088163708881	0.0462926732305388	0.0899902153159904	0.135541216236704	0.172525685397141	0.178696822552614	0.143953252986302	0.102604901390311	0.0591066145522749	0.0291735672031638	0.0111270098188558	0.00332140208313179	0.000794133232454348	0.000112141238279917	1.29949074401621e-05	
4.32286415687578e-06	0.000116237013995993	0.00056341329511281	0.0029592406745013	0.0104339531199792	0.0290539699983621	0.0637194979905886	0.111042372234147	0.15203705367028	0.17713704391982	0.168152691247113	0.127191151769516	0.0831392447379936	0.0445067684044741	0.0202915243523749	0.00734934938492848	0.00179639021630171	0.000442853416959941	6.14807346755666e-05	1.44095471895859e-06	
3.08002234941217e-05	0.000325808614148756	0.00117088974626872	0.00549735864020863	0.0173053943222676	0.0426650470882479	0.0832154663322276	0.131050619686059	0.164577144212903	0.174005381376549	0.153284531020878	0.109297480589844	0.0654625062623111	0.0324788356745514	0.0136218800937674	0.00476489082523905	0.000983682137843513	0.000239664239063635	2.26189141284956e-05	
0.000158137966059102	0.000783523457211258	0.00253259624797371	0.00985280747443158	0.0275007178317039	0.0600456067983082	0.104348125205137	0.148698419432528	0.170653320013435	0.166913906538073	0.134352296034272	0.0894038485334495	0.0498005598370653	0.0229065949264945	0.00873150896584937	0.00264486942629361	0.000563754682627613	9.79404321514073e-05	1.14661969347989e-05	
2.63225275369532e-05	0.000301512588150555	0.00147501872488891	0.00472704735422704	0.0163032163735693	0.039870971755928	0.0789446102231911	0.124637646478883	0.162806268590285	0.172041168433068	0.156043293378927	0.11370996881977	0.0701567147571268	0.0358804765813258	0.0157317782303125	0.00535017336973819	0.00163869698702778	0.000300076813921267	5.16878722543809e-05	3.3501398683395e-06	
7.73657811150128e-05	0.000549679099156665	0.00234007609545409	0.00883068307776359	0.0251109267704228	0.0556341152530458	0.0990859853797776	0.143695476823934	0.171029475885038	0.167615352618426	0.139047799158432	0.0937377175852898	0.0535204057023356	0.0249690895050453	0.0104844960407345	0.00316387839436395	0.00091692777617793	0.000167625859082528	2.29231944044482e-05	
9.51501945821479e-07	0.000137016280198293	0.00112372379801517	0.00435835466283529	0.0144894716309695	0.0375101097081744	0.0735544306688107	0.119283614184991	0.158720515333454	0.172470194201547	0.156267067566153	0.121169966792582	0.074757604879302	0.0398370077166808	0.0172759450793077	0.00649637953509615	0.00197341503563375	0.000473372218046186	9.08684358259513e-05	9.99077043112553e-06	
8.52004862107746e-06	0.000320921831393918	0.00231745322493307	0.00728842825929727	0.0223357807961891	0.0519827099813316	0.092610088494905	0.139036306767191	0.169336913015984	0.167629116603492	0.14137648012178	0.101438752210479	0.0580475645914353	0.0289104183154539	0.0117794405546741	0.00414311031001617	0.00112843310625826	0.000248974754149264	5.86936682785336e-05	1.89334413801721e-06	
5.70340681929486e-05	0.00078999254786266	0.00419459646982686	0.0118352761839401	0.0325438278532707	0.0684616214926994	0.112926040954232	0.156710765156804	0.173467468663079	0.158501446355688	0.123850186114891	0.0822657514191349	0.0434043399626403	0.0200835336988856	0.00757987479843642	0.00258067374674705	0.000619361699219293	0.00010841186516015	1.93255933546355e-05	4.71355935478914e-07	
5.65732187097063e-06	1.98006265483972e-05	0.000153690577494702	0.00174198369276971	0.00699292127600895	0.0187771227332408	0.0476035348832824	0.0893041258376961	0.133832434840617	0.169235483665662	0.169231240674258	0.143356064766907	0.10414469543572	0.0640130684135219	0.031542869535086	0.0131113148794637	0.00503548790865311	0.00155010619264595	0.000296537954736711	4.71443489247553e-05	4.71443489247553e-06	
2.11233689238629e-05	5.16349018138872e-05	0.000592862554463086	0.00311217635478247	0.0105231929896702	0.0296027586180998	0.0645567706969116	0.108832760185923	0.153647160878394	0.173750036379135	0.160673262790669	0.125086957868737	0.0854341697248611	0.048597830770834	0.0229352845693321	0.00852022820748969	0.00311123753838586	0.000769360037026919	0.000149741215260273	3.05115328900242e-05	9.3881639661613e-07	
1.3993372738671e-06	5.2708370648994e-05	6.99668636933548e-05	0.00133729998805899	0.00592526046331124	0.0174077556869067	0.043127108334826	0.0844164203833065	0.128971319183235	0.166912950026867	0.172831213803809	0.145674741775628	0.106586587258941	0.0672442198041674	0.0359960855871992	0.0158647531195892	0.00524145098214819	0.00180934309511016	0.000450120156427249	6.76346349035763e-05	1.16611439488925e-05	
1.77213596013627e-05	0.000110525321724288	0.000299397706949338	0.00261949676002248	0.00988805230599192	0.0256595959996362	0.0597624871461849	0.10548685937868	0.147359634007289	0.174446732157972	0.166532746041258	0.127727632029958	0.0876414502601076	0.0517501008485267	0.0251107002035625	0.0106948405194224	0.00356106057673698	0.00101291560668841	0.000280743644211061	3.7308125476553e-05	
3.06971461421362e-05	0.000252553793260302	0.000629756604188672	0.00471108171626814	0.0156546143159397	0.0386914271707882	0.0777781963752252	0.124973663243935	0.16174372813119	0.176413243120932	0.153083877161184	0.109800435992497	0.0708262229905811	0.0386797994639162	0.017218773444364	0.00666825733696676	0.00211159156795906	0.000593478158747966	0.000130230316966638	8.37194894785532e-06	
1.01704333482962e-05	7.11930334380734e-05	0.000459980962797942	0.00159074823415851	0.00880759527962451	0.023506645222462	0.054827881595815	0.100694224534506	0.14394722839511	0.170095874826005	0.168792672480148	0.135031918980479	0.0916060177529537	0.0548001440503196	0.0282243394187967	0.0115688679336869	0.00442413850650885	0.00126298290488842	0.000241316645809573	3.46719318691916e-05	1.38687727476766e-06	
3.34066754774866e-05	0.000227439968661793	0.000832878758479804	0.00363400561598249	0.0145145140564307	0.0341850967786812	0.0727039088556063	0.122788295033114	0.16015755137306	0.171708023825824	0.15745344116215	0.116507382417655	0.0725872143042808	0.0420178181139232	0.0195593796792227	0.00743138360382063	0.00279517772351354	0.000719387586994644	0.000107084411804546	3.66100553177936e-05	
6.7463833914981e-05	0.000493215326324388	0.00186665135055302	0.00669897637307135	0.0213869470244803	0.0491670039858362	0.093692678533008	0.141572855470588	0.172387873284686	0.168480896794921	0.140840325868551	0.0965375554753283	0.056071562717662	0.0304986671334435	0.013209236345867	0.00471335163973583	0.00180784841423523	0.000413899737802721	6.47288136211304e-05	2.82618763697893e-05	
1.73041973152082e-05	0.000214936345599429	0.00107695859606493	0.00363661367787508	0.0114895316436847	0.0314235115771911	0.0672978448532991	0.113806062753216	0.157474570798985	0.175105726368728	0.158803806376961	0.125299692759423	0.0773292701863708	0.042076066519156	0.0221184071577446	0.00845310038847923	0.0030059212230971	0.00109380741976658	0.000227231433165498	3.91621307659976e-05	1.04735931118366e-05	
0.000114312156320502	0.000505716979561901	0.00196571184008735	0.00641154022370432	0.0185492049818152	0.0456841674005507	0.0869865212250239	0.134745225638479	0.167483769960046	0.172697776034136	0.144606706739936	0.10487180120293	0.0600792686216789	0.0315698168353457	0.0159031071873082	0.00532008775515616	0.00174623249995199	0.00066026701490722	8.77917360541456e-05	1.05167183814862e-05	4.57248625282008e-07	
3.64585611993408e-06	0.000213282583016144	0.000980279564247277	0.00335099750623441	0.0105552091992242	0.0289166520832422	0.0605494669758353	0.107810244126526	0.151233301978971	0.172704660133292	0.163934553236791	0.130728551428446	0.0841937553776378	0.0463041956512228	0.0234145994662467	0.0104029947062169	0.00333094529757478	0.00101035787723673	0.000319468142509224	3.50913651543655e-05	7.74744425485993e-06	
7.84000587320671e-05	0.000367981778557448	0.00198447316293481	0.00627381741668634	0.0171387966542662	0.0419136683931296	0.0819842556367603	0.129287135003542	0.164961880803814	0.171855647817873	0.150022817589348	0.109368988290294	0.0655660144355808	0.0338797016809788	0.0160398362934265	0.0065316765693947	0.00207193681227174	0.00050302927856991	0.000121905293635411	3.76139010101825e-05	1.04231291955927e-05	
0.000149109512552392	0.000864744528723296	0.00328766080259895	0.0105808835259822	0.0256604327710983	0.0593125009064408	0.102903239256864	0.147226381778364	0.170978756653276	0.165680156923032	0.133308889646271	0.0897145255326246	0.04947081985758	0.023959949819437	0.0110535924062015	0.0041732534698554	0.00132476323766153	0.000265133935693463	5.937187277922e-05	2.58335629650041e-05	
4.97613941152175e-06	0.000349686887736938	0.00161543580350402	0.00602520007473257	0.0169233977622753	0.0377702552623805	0.0787329301454073	0.123047261110249	0.159397959511415	0.172728132242262	0.153563209863251	0.114181590184158	0.071142055661286	0.0363764838508443	0.0172866559393164	0.00748366129861858	0.00252109317640098	0.000693040507131939	0.000115355959085277	3.93567389820357e-05	2.26188155069171e-06	
2.99266389255793e-05	0.000678790582902911	0.00299946540140465	0.00987352367582558	0.0252295169160327	0.054311408442849	0.098479500025619	0.141407903262593	0.169518085892174	0.16728583068868	0.136871296861829	0.093879412875619	0.0545499146864074	0.0261359313283392	0.0121656321571711	0.00466447476708233	0.0014301305935042	0.000395394380956138	8.20715400837855e-05	1.17892820009858e-05	
0.00014604856479901	0.00112229194012739	0.00565892548419663	0.0162606820833098	0.0366472361221915	0.0721133044765711	0.119388768500246	0.156837446121772	0.171830700503685	0.15559512051745	0.117496983184333	0.0762743193680479	0.0405873525594098	0.0178051456560593	0.00806461918749532	0.00305652262018428	0.000764929358134814	0.000300312361367964	3.8794150024737e-05	1.04972405949288e-05	
0.000385788294080905	0.00221093434250652	0.00977927398317228	0.0249141161773891	0.0514163941654113	0.0930833670132638	0.138411195208877	0.165229452180622	0.168201399860381	0.140718576624904	0.0970450453760517	0.0589208950288423	0.0299146673035235	0.0124338648638718	0.0048866517250248	0.00178656721901753	0.000470753573134438	0.000161663666091046	2.93933938347356e-05	
0.000696679970680619	0.00426739459613471	0.0163618691794939	0.0372291805968194	0.0667539814387177	0.113800559274093	0.153343581330264	0.169072648188104	0.159275471212549	0.122981477779539	0.0770451762035078	0.0453591049776313	0.0210332094842225	0.00802974216866916	0.00328579273770872	0.00103720758167952	0.000333174788089346	7.90428462777483e-05	1.4705645819116e-05	
