# <P(U)> as a function of N_tot.
# number_of_species: 1
# species_total_upper_bound: 103
# species_total_lower_bound: 0
# volume: 729
# Bin widths for each
10	10	10	10	10	10	10	10	10	10	10	10	10	10	10	10	10	10	10	10	10	10	10	10	10	10	10	10	10	10	10	10	10	10	10	10	10	10	10	10	10	10	10	10	10	10	10	10	10	10	10	10	10	10	10	10	10	10	10	10	10	10	10	10	10	10	10	10	10	10	10	10	10	10	10	10	10	10	10	10	10	10	10	10	10	10	10	10	10	10	10	10	10	10	10	10	10	10	10	10	10	10	10	10	
# Bin lower bound for each
0	0	0	0	-10	-10	-10	-10	-10	-20	-20	-20	-20	-20	-20	-30	-30	-30	-40	-40	-40	-50	-50	-50	-50	-60	-60	-60	-60	-70	-70	-70	-70	-80	-90	-90	-90	-100	-100	-100	-110	-110	-110	-110	-130	-130	-140	-140	-140	-150	-150	-150	-160	-160	-170	-170	-170	-170	-180	-180	-180	-200	-200	-210	-220	-220	-220	-220	-230	-230	-230	-230	-250	-260	-260	-260	-260	-270	-270	-270	-270	-280	-280	-290	-290	-290	-310	-310	-320	-320	-320	-330	-330	-330	-340	-340	-350	-350	-350	-360	-360	-370	-370	-370	
# Bin upper bound for each
0	0	0	0	0	0	0	0	0	0	0	0	0	0	0	0	0	0	0	0	0	0	0	0	0	0	0	0	0	0	0	0	0	0	0	0	-10	-10	-10	-10	-10	-10	-10	-10	-10	-10	-20	-20	-20	-20	-20	-20	-20	-30	-30	-30	-30	-30	-30	-30	-40	-40	-40	-40	-50	-50	-50	-50	-60	-60	-60	-60	-70	-70	-70	-70	-80	-80	-80	-90	-90	-90	-100	-100	-100	-100	-110	-110	-120	-120	-130	-130	-130	-140	-140	-140	-150	-150	-160	-160	-170	-170	-180	-180	
# Normalized histogram for each
1	
1	
1	
1	
1.40837419295129e-05	0.999985916258071	
0.000102989078903739	0.999897010921096	
0.000431312963191644	0.999568687036808	
0.00141152508442427	0.998588474915576	
0.0038694892104518	0.996130510789548	
2.4545260009055e-06	0.00941310721347258	0.990584438260527	
3.12040854171719e-06	0.02060918398642	0.979387695605038	
9.80478888172595e-06	0.0406675902480678	0.95932260496305	
4.00849801579348e-05	0.073837646922587	0.926122268097255	
0.000162136279106023	0.124148060712019	0.875689803008875	
0.000436723061874299	0.192697143697485	0.806866133240641	
1.55900650306155e-06	0.00102805343116173	0.279244345093662	0.719726042468673	
1.15962480785351e-05	0.00241246560987679	0.379676995429963	0.617898942712081	
2.96648342126094e-05	0.0050626496763745	0.486844538202173	0.50806314728724	
1.33743837752676e-06	9.42894056156363e-05	0.0100332398018095	0.591890932791938	0.397980200562259	
4.23279008814228e-06	0.000257309081673913	0.0188156430554952	0.684378219844434	0.296544595228309	
1.29103142726641e-05	0.000588309665907778	0.0331336538059161	0.757178134735601	0.209086991478302	
1.55646764559587e-06	2.55705398919322e-05	0.00129053403071978	0.0554240340395027	0.803127743969077	0.140130560953163	
1.33327259535954e-06	7.86630831262131e-05	0.00257477159373851	0.08819709324353	0.820240189058054	0.0889079497489559	
5.55931365158403e-06	0.000141428939296298	0.00500827448243902	0.134123111667932	0.807307962404808	0.0534136631918733	
1.73440712405503e-05	0.000351995702228091	0.00937736118405751	0.192844280925924	0.766934373147464	0.0304746449690853	
1.33369758096156e-06	3.0008195571635e-05	0.000767987523703696	0.0164780558957102	0.262915582944764	0.703430781428973	0.0163762503136968	
3.10800862783195e-06	8.61362391141998e-05	0.0015022781703242	0.0280351258255093	0.341696466549391	0.620295473940236	0.00838141126679768	
2.44344588955758e-06	0.000189478122162965	0.00315759848364191	0.0455478305643538	0.42216436438531	0.524846179527966	0.00409210547067543	
1.22255774640374e-05	0.000376992352345588	0.00587872449438902	0.0709094607075497	0.495510212247139	0.425559459095996	0.00175292552511634	
2.2226178481992e-07	3.02276027355091e-05	0.000879489882532424	0.0104760869657021	0.105834838601271	0.552764169800002	0.329291280514598	0.00072368437137366	
3.56676868368179e-06	8.69399866647436e-05	0.00170402373862897	0.0180632312293782	0.14942910523372	0.588219676391536	0.242176237161583	0.000317219489804949	
4.89866662747733e-06	0.00024381999804944	0.00312557197499542	0.0293031557655748	0.20324501037404	0.594974235240206	0.168976387981522	0.00012691999898464	
2.85004763810095e-05	0.000495641097063494	0.00570543911552334	0.0453910165162487	0.262211062504439	0.574509040328842	0.111618553186676	4.07467748259745e-05	
2.00711499966102e-06	7.33712038764973e-05	0.00100556461483017	0.0101122913938477	0.0678500765379853	0.32367294016478	0.527724502503095	0.069548541853254	1.07046133315254e-05	
4.46276956801729e-07	9.37181609283632e-06	0.000202386599909584	0.00213275757655546	0.0171381508335784	0.0979809984197333	0.380601947284873	0.461131285308875	0.0407993088062493	3.34707717601297e-06	
1.78736360740022e-06	3.82048971081797e-05	0.000419136765935352	0.00412501178542879	0.0272604228991663	0.135691282983003	0.426980387705977	0.383000071941385	0.0224832468174874	4.46840901850055e-07	
7.37316975025287e-06	0.000105458670367253	0.000935945699509371	0.00766742625210387	0.0413087420992576	0.178966044765865	0.456043954816322	0.303130223360123	0.0118348311667013	
1.11622640464815e-06	2.21012828120333e-05	0.000255392601383496	0.00187347439756145	0.0130138604065118	0.0615920335367991	0.226017094337651	0.464186768787988	0.227240031986584	0.00579812643630433	
3.12604387536552e-06	6.47537659897144e-05	0.000595511358257132	0.00370860448042471	0.0205606604348238	0.087446834925234	0.274362376364965	0.448487485999789	0.16213003270735	0.00264061391929091	
1.47668416388241e-05	0.000158855417629774	0.0012030501135145	0.00688313812389067	0.0316050684275305	0.119527738505188	0.315410564064264	0.413512510311618	0.110450829437833	0.00123347875689147	
4.25345867753701e-06	3.78333956054608e-05	0.000347888146573291	0.0023371636101835	0.0117480528673572	0.047302490086643	0.155443542835575	0.349266043318566	0.361952991222428	0.0710461918896393	0.000513549168751048	
1.85774049961581e-05	7.69955098635948e-05	0.00077152186773201	0.00428466582941511	0.0191830731638641	0.0678173764988664	0.194317641842404	0.368866910351487	0.301708695993749	0.0427808539921165	0.000173687545506249	
3.20087744332712e-05	0.000213541054610774	0.00149814494602716	0.00768971634182237	0.0297880817678692	0.093368028158768	0.232925389337497	0.37127738512935	0.238821718960722	0.0243367412605414	4.92442683588788e-05	
6.82686750639375e-05	0.000486610162586886	0.00295905535850903	0.0127901922311591	0.044110293528443	0.123376716397599	0.267342593699316	0.356874386980873	0.178922796410276	0.0130529706722249	1.61158839495197e-05	
4.46661373729388e-07	6.69992060594082e-07	0.000161468086603174	0.000983548344952112	0.0055665173701025	0.0205245367842391	0.0619088297137012	0.156967749932163	0.292650075429939	0.327099727201566	0.127560235077881	0.00657284544511481	3.34996030297041e-06	
8.96572917266717e-07	2.21901797023512e-05	0.00034899100804607	0.00208856661077282	0.00931090974581485	0.0312910672422964	0.0850740109736042	0.190721680679728	0.307519803614668	0.284737661643692	0.085754733961039	0.00312881533803152	6.72429687950038e-07	
1.12052777754745e-05	9.18832777588907e-06	6.76798777638658e-05	0.000813279060943937	0.0038469959658759	0.0152378331413122	0.0450996743073962	0.111418334927097	0.222001652554366	0.309824585858536	0.235522164823809	0.0547232150720847	0.00142419080526281	
5.61169747114465e-06	2.8282955254569e-05	0.000224916834643478	0.00168418264503993	0.00692909956947057	0.0237796802679249	0.0638364257527531	0.140164041140477	0.246797516487167	0.297747240167184	0.185288373909647	0.0329424598988099	0.000572168674157909	
1.32339486222226e-05	7.58148243103599e-05	0.000521058688973272	0.00305479908959406	0.0113587653937178	0.0357740547764349	0.0858235026403971	0.169584079425225	0.263032130905734	0.273446351254567	0.138553385860894	0.0185654354832668	0.000197387708263659	
5.60709598182045e-06	2.33255192843731e-05	0.000173371407757888	0.00114900610859465	0.00535858948790617	0.0184935482510795	0.0511557794805407	0.110835914840323	0.195951183276679	0.270187115521429	0.239175389065176	0.0976172982051013	0.00979357812568687	8.02936144596688e-05	
6.95064926911681e-06	3.3183744897719e-05	0.000402465014131118	0.00225896101246296	0.00941476654226499	0.0283590974469817	0.0704199425338256	0.136549764967158	0.217435591584333	0.264702921402731	0.199534306498969	0.0659896883754875	0.00487352621011364	1.8834017374381e-05	
1.51997526910827e-05	8.96338357224141e-05	0.000855433140423139	0.00422620182544559	0.0154661954147264	0.0416095465176137	0.093036121541693	0.161211035825147	0.232392595306361	0.24850209790116	0.158354823473872	0.0419866344998175	0.00224956339828024	4.91756704711499e-06	
2.45965275069675e-06	4.80750310363456e-05	0.000238362712022067	0.00171661401519082	0.0078720068262072	0.0243845501608166	0.0584485047100114	0.116627789246219	0.183872906611904	0.238603310782044	0.222666773400689	0.119390650099638	0.0251289305250956	0.000998395411987364	6.7081438655366e-07	
1.31870627315279e-05	0.000111307749835609	0.000588053594011017	0.00330928221700005	0.0130876009871969	0.0359906233278693	0.0785110778032231	0.140224966820009	0.202119898562431	0.234481174015139	0.190803610662478	0.0857820665781271	0.0145788566235487	0.000398293996399708	
6.72114528315625e-07	3.40538027679917e-05	0.000208803580130054	0.00131801659002694	0.00620406517270543	0.0209202368083521	0.050694238298206	0.100775060070236	0.16292616261811	0.212704532852398	0.221134865381061	0.156570199562005	0.0586610358405072	0.00768742193669801	0.000160635372267434	
5.39182868362996e-06	8.78418756374714e-05	0.000493352324552141	0.00276016696696157	0.0105695568366141	0.0318807597086615	0.0686613437335718	0.124148877376336	0.18158600640729	0.215874442282721	0.199780507640671	0.122512008051798	0.0377059566227382	0.00386953571861843	6.42526251465903e-05	
1.30623246298464e-05	0.000162378207898608	0.00105804829501756	0.00483553745047296	0.0177012515733908	0.0458809648373482	0.0897591149689511	0.146459963637191	0.194657013758907	0.209976417999793	0.173619464305058	0.0910257100330589	0.0229669448866742	0.00186858805954889	1.55396620596448e-05	
3.70706249655288e-05	0.000355561543114493	0.00208725701787618	0.008602645395964	0.0274313583129068	0.0635275231307137	0.111794154957021	0.165776896320695	0.201071747934217	0.196440406257883	0.144255816245433	0.064299451083502	0.0134297380553473	0.000879523181346785	1.08499390143011e-05	
1.80658518365293e-06	9.28133138101695e-05	0.000787671140072679	0.00391848326334321	0.0145615282265386	0.0402644931038127	0.0833856490292766	0.134050427212231	0.180219292342518	0.199615919989955	0.176895175604596	0.115079250375544	0.0433144605401148	0.00746277757052231	0.000348896763592973	1.3549388877397e-06	
2.0329950580149e-05	0.000273099002793335	0.00171471838726568	0.00707098270011561	0.0229213416140987	0.0566991027263367	0.104516727709226	0.155542193005322	0.188110773834721	0.191802015195057	0.152551205498303	0.0870065412745433	0.0276046845627457	0.00404475661209054	0.000121076150121776	4.51776679558867e-07	
8.58907940479266e-05	0.000705936209655122	0.00333546360632555	0.0123098051480086	0.0347964229543714	0.0756666168092137	0.1267804776344	0.171641533977854	0.190420343653826	0.177091633466135	0.125570074650205	0.0625169402027839	0.0170866023958772	0.00193492242633561	5.73360709607531e-05	
2.26939847777828e-06	9.07759391111311e-06	0.000204926682543378	0.00139908416155031	0.00600777859022243	0.019868356733101	0.0500536258860299	0.0973074948700247	0.147895110217876	0.181855296798741	0.185295931830901	0.156015925730758	0.0997323471435308	0.0433284904369818	0.0100985962862656	0.000903447534003532	2.22401050822271e-05	
1.10857496308332e-05	4.41167587349485e-05	0.000491619060159196	0.00288795089872625	0.0105434528580759	0.0306862599372999	0.0690492883740576	0.118536527205674	0.163301010454767	0.187199398021171	0.174450785945713	0.132152542629798	0.0761462042958864	0.028504855897698	0.00560192340018493	0.000388453716655932	4.52479576768703e-06	
2.94411392362063e-06	4.59734712688452e-05	0.000104402809137624	0.00105648395797617	0.00539316376746935	0.0173489839409909	0.0447632139759353	0.089527107362776	0.138728006902815	0.175452657515757	0.184269599306095	0.15807310008402	0.10848063339214	0.0554711827864453	0.0181515946906302	0.00295611684961693	0.0001734762511918	1.35882181090183e-06	
2.04101302279698e-06	1.61013249576206e-05	0.00010817369020824	0.000294359433732276	0.00224851601344801	0.00951112068623393	0.0270690486044573	0.0612439974373948	0.111683779049001	0.157207440626364	0.181732253108293	0.17448983178651	0.137284658952393	0.085594870253936	0.0390654428147837	0.010915564425143	0.00146476701269397	6.80337674265661e-05	
1.36289451537175e-06	1.4083243325508e-05	0.000164228789102295	0.000739824572760963	0.00409595231686389	0.0153105298366003	0.0397772121765539	0.0813668469094663	0.132364315332904	0.171143207276948	0.181791502125548	0.159812556574319	0.115080995685303	0.0653305757434306	0.0260871639187306	0.00623683245142701	0.000657596603666868	2.52135485343773e-05	
2.50462273664643e-06	4.64493671159884e-05	0.000304880894942689	0.00163779557679071	0.00728663061983265	0.0242695666251279	0.0560058690141509	0.102235740101219	0.151488690831419	0.179935968181273	0.173934892104268	0.14113184812241	0.0934602251109377	0.0475343241469084	0.0170020622152842	0.00344294549098461	0.000269133097701462	1.04738768987033e-05	
8.20887388387818e-06	0.000120852865512651	0.000672899634203459	0.00339482539953273	0.0127349277094642	0.0360152940441428	0.0746225400171201	0.124063219274071	0.167606278694005	0.180738652714013	0.161029146518822	0.120893681857796	0.0724875487344881	0.0331392238692162	0.0105848868247118	0.00178064155997791	0.000104663142019447	2.50826702007389e-06	
2.27993081777927e-07	4.19507270471385e-05	0.000231184984922818	0.00127744523720172	0.00617450864070981	0.0201534484637598	0.0506404553660224	0.0959027819259852	0.143983786955969	0.177996022888681	0.175601183557686	0.144098011489939	0.0995394995734249	0.0547488906996606	0.0224032841947444	0.0062210192293925	0.000942067413906392	4.42306578649177e-05	
1.07252407816555e-05	8.76274991522496e-05	0.000511388608333832	0.00268313576831289	0.0107072132492779	0.0306591276591181	0.0686200905210322	0.117098863443952	0.161360562970171	0.181084508964248	0.164592511591247	0.12515968057951	0.0789735990211278	0.0398705121142736	0.0146417792398588	0.00348364948452667	0.000439963068660253	1.50609764167929e-05	
2.22004845656281e-05	0.000212392264710339	0.00118761148877365	0.00486327934572197	0.0173124871546165	0.0440141771836694	0.089539360543651	0.137506139463902	0.174404260295875	0.177555355878345	0.148550766099814	0.105151336354735	0.0604272014069157	0.027978103456089	0.00917475077095188	0.00190672409192008	0.000190649522094517	3.20419364864735e-06	
7.03825601644797e-05	0.000531881236422127	0.00238291964283258	0.00890373774953713	0.0265083188976486	0.060580814310173	0.110757848228606	0.154776981280532	0.178797609102139	0.169368409372481	0.13095122373951	0.0864284083270593	0.0448843570977258	0.0185346855343893	0.00542908601711741	0.00100323805628587	8.91818107621583e-05	9.17036614520908e-07	
1.6042219454812e-06	3.43761845460258e-06	0.000156067877838957	0.00109980873090919	0.00446363297601963	0.015397093058165	0.0396969303900597	0.0789928052937491	0.131985297993393	0.167525230973584	0.178019592591795	0.155506629332602	0.111158142824338	0.0684125032141733	0.03200170689215	0.0119239525461982	0.00315023355179781	0.000478058139753399	2.72717730731805e-05	
2.52731568746203e-06	4.59511943174915e-06	3.58419315676434e-05	0.000330159331171176	0.00215327296571765	0.00801986194423179	0.0244600504911723	0.0550980093023598	0.10000840906856	0.150813428041808	0.175773887039098	0.170358768544753	0.138207177392748	0.0918279477001887	0.0515043961507604	0.0220538162007369	0.0074482290869222	0.00168778736728146	0.000198509159451563	1.33258463520725e-05	
1.31279840253163e-05	1.5200823608261e-05	0.000115388070117254	0.00084502760331378	0.00411896256682029	0.0134976404176081	0.0358522940576295	0.0738416857252751	0.122360181212243	0.166112066920474	0.176761625751116	0.158200498863393	0.118370886277111	0.0728059568803304	0.0370734268874932	0.0145856508831448	0.00446742993226421	0.000875889881548734	8.45257918822996e-05	2.53347060137683e-06	
2.64947838682246e-05	3.0181014667282e-05	0.000288217170601296	0.00169681811469108	0.00725841883276884	0.0212663262586117	0.0503599028401717	0.0943414744508495	0.142389419411737	0.175948634216931	0.171877883467647	0.142454158840146	0.0977132236848623	0.0560857712182325	0.0257980862472028	0.00944757914855902	0.00254856781869827	0.000432671340039355	3.34064666164571e-05	2.764673099293e-06	
3.28494744546756e-05	8.81383786424746e-05	0.000674570897956578	0.00340292795231182	0.0117915733232657	0.0321612548314174	0.0683609130118156	0.114761027013372	0.158629649472974	0.178921371312878	0.160439146579907	0.124258226480008	0.078887318899922	0.0422286934144669	0.0178576220496777	0.00580070825317599	0.0014543989147644	0.00023989369724999	9.71604174011532e-06	
2.07502076173551e-06	1.89057447180347e-05	0.00018421573206963	0.00144813393382897	0.0063562497089207	0.018777093430807	0.0466681391628813	0.0884177874468622	0.133790883096558	0.171362822913578	0.175620765516659	0.14465707515218	0.104347491276843	0.0618775802306777	0.0302298246884126	0.0119126941931236	0.00347035694507143	0.000747007474224784	0.000104673269536436	6.22506228520653e-06	
5.29320318190553e-06	8.4921390179267e-05	0.000465801880007687	0.00290297673637202	0.010349593056238	0.0289740736606758	0.0641821598340236	0.109409128934375	0.151018538868796	0.176759846220941	0.164658893329298	0.127878035393118	0.0852955966303008	0.046671323151205	0.0210653376891026	0.00781437887137401	0.00200773498082365	0.000410568455500846	4.51072966805863e-05	6.90417806335504e-07	
2.81037803500671e-05	0.000248096487188707	0.00108153482576693	0.00525794087287117	0.0171619650808226	0.0429570889827883	0.08428577121726	0.129648497726243	0.163869687838412	0.173557659858104	0.150757201075407	0.109355955801507	0.067596963225282	0.033733981133149	0.0142781025709661	0.00489627747000555	0.00107531513667306	0.000194883591607843	1.49733255963472e-05	
0.000110449331712799	0.000619616167948979	0.00246104942447191	0.00928003534378615	0.0267514239256167	0.0605111100112008	0.105342997879006	0.147990876243586	0.169834408495708	0.165454015497737	0.133261701671314	0.0899774793354342	0.0519792428583737	0.0237832699968286	0.00918173085560194	0.00279056423568146	0.000581119305443273	8.27224247890464e-05	6.18699575984557e-06	
1.42100865027556e-05	0.000229194943592832	0.00114551632807698	0.00460750595104671	0.0155462930239018	0.0390192931719618	0.0794694503767736	0.126260973280912	0.1615322415403	0.171404355345674	0.153057300111068	0.113575720737879	0.071808150997296	0.0381774601441453	0.0163542052000666	0.00579886126784225	0.00166510126520193	0.000297495036783496	3.50668263697034e-05	1.60436460514983e-06	
4.19541365632363e-05	0.000421833941400846	0.00206996666136317	0.00833465920631944	0.024304742009571	0.0551405738683961	0.0998987598540638	0.144310996156267	0.169485770669978	0.165686284848871	0.13772924038253	0.094443346555382	0.0554631392790216	0.0270578962499421	0.0111983155987314	0.00334142918256377	0.000902128564898006	0.000155895152256835	1.30676818803523e-05	
4.57846423200727e-07	0.000124305303898997	0.000893716218087818	0.00410917164822652	0.0139576771344857	0.0361691806632226	0.0734229995030077	0.120317919399342	0.158981447376162	0.171747350271057	0.154934771764703	0.119916845932618	0.0756950623781413	0.0410864512483984	0.01892050343877	0.0071199697271945	0.00202391011375881	0.0005043178351556	6.91348099033097e-05	4.80738744360763e-06	
6.39348960087499e-06	0.000293872182725933	0.00184726181682424	0.00681957001499045	0.0214994788164281	0.0507385051336296	0.0932778165319657	0.140525248004603	0.168688341357543	0.167352330369875	0.140720021098516	0.100621424355314	0.058931077040408	0.0300651565092003	0.0126086465096684	0.00455307795148026	0.00117000859696012	0.000241125893518714	3.97309710911518e-05	9.13355657267856e-07	
5.51518681897698e-05	0.000716746386185232	0.00357370431852802	0.0114326176352884	0.0319142438587711	0.0674010525346614	0.114763972794176	0.157777416175997	0.171594098658944	0.157474764601799	0.123570951283124	0.0820703099717312	0.0446853198489295	0.0211910798006511	0.00829010064988044	0.00272614317060342	0.000637664988408992	0.000112126938633747	1.23066152158991e-05	2.27900281775908e-07	
2.73333327259259e-06	9.56666645407408e-06	0.000146916663401852	0.00159581107564864	0.00636274430305013	0.0186363218080817	0.0469513767344139	0.0877292924949046	0.135226880328292	0.168802918471046	0.16811138515308	0.143705224584328	0.104220403239547	0.0644059874576447	0.0325735881650314	0.0142388441280257	0.00526121099419531	0.00163384996369222	0.000323899992802222	5.69444431790124e-05	4.09999990888889e-06	
1.0239359826122e-05	3.84544846803249e-05	0.000473968589284715	0.00295416908050094	0.0101135294709255	0.0289894479983872	0.0632259990543382	0.108691942260933	0.153996558664933	0.172760981940955	0.159657331859472	0.126897524031778	0.0862149546532884	0.0491056943127865	0.0235282285497926	0.00900381040710329	0.00326749349118027	0.000840082588400944	0.000198871121956237	2.93528315015498e-05	1.36524797681627e-06	
1.36332372871766e-06	2.56759302241827e-05	7.47555844580186e-05	0.001057484772242	0.00546465594594331	0.016789331719158	0.0420205911871573	0.0829632477461418	0.128809098095459	0.167523629240476	0.171585197848948	0.145462551882989	0.10844149602966	0.0683579606403895	0.0368697269194405	0.016316258385293	0.00567483502078728	0.00199295207076377	0.000465120612114177	9.13426898240835e-05	1.27243548013649e-05	
1.6841001375045e-05	8.21567769782601e-05	0.000324985810318436	0.00230016217429162	0.00922226890163444	0.0257303191278728	0.0575627702810035	0.10389418571255	0.148051291317918	0.173436825079801	0.164903671747946	0.129871885495756	0.0895918515042428	0.0524984080702079	0.0261306342821796	0.0111801491020333	0.00378239787639524	0.00112811951102835	0.000248973723031071	4.11921790389614e-05	9.10324398651081e-07	
2.00262708261838e-05	0.000217785695234749	0.000816753249945155	0.0042942696646601	0.0147015584990128	0.038247218851639	0.076443461741175	0.123618301098623	0.162799927541311	0.175192775613828	0.151936585903144	0.112203326727698	0.0720222073137762	0.0391631931706775	0.0180131754656336	0.00725884046071346	0.00227912616277535	0.000655405227038743	0.000106958491912573	9.10285037553809e-06	
5.00090811945169e-06	4.52354870804948e-05	0.000452127556799519	0.00182078518349127	0.0077895963380623	0.0223699712743291	0.0534653906470743	0.0978975500323809	0.142945275744391	0.172787513005203	0.168866573725547	0.135906952194273	0.093309216832784	0.0553255011535049	0.0286572493505071	0.0120510519978514	0.00467153012558417	0.00129500788893256	0.000303464197248546	2.93235067004213e-05	5.68285013574056e-06	
1.94836117903944e-05	0.000208429335432126	0.000845271576627459	0.00366971562535824	0.0133240718211241	0.0337635133573752	0.0716446388576622	0.119671741920984	0.158133977470601	0.174337545871445	0.15685530880845	0.118769378830739	0.0746985817289938	0.0422123777120168	0.0200715184484883	0.0080100299821068	0.0028586536461767	0.000740830355285926	0.000140236694165746	2.40146842997884e-05	6.79660876409107e-07	
4.94298785022656e-05	0.000467089677590216	0.00195293368596337	0.00654288336725402	0.0205474109627308	0.0486176866454073	0.0924529191744394	0.138643099951749	0.169851719434196	0.170396355067968	0.141075140671085	0.0991155226143962	0.0584306512409167	0.0308401628192989	0.0137784652612256	0.00496067377005765	0.00178514419012999	0.000417433056526014	6.00867789133045e-05	1.51917516497789e-05	
8.62260665937527e-06	0.000122531778843754	0.000982069516362531	0.00356000199681417	0.0114138351992957	0.0308348952353291	0.0662286533757505	0.112106593571166	0.155841816011727	0.173733497919229	0.159899433177068	0.124468915502993	0.0803198079427822	0.0447029965827248	0.0223157598558663	0.00898838671029403	0.00310164237965791	0.0011021052774891	0.000237348593834382	2.56409092765633e-05	5.44585683750017e-06	
5.71418034180815e-05	0.000346720982492981	0.00188271997716149	0.00630836403472127	0.0180750224070996	0.0439752846902539	0.0860161713580239	0.132428064502396	0.167418426660772	0.172595565113085	0.145325037830833	0.105644722317016	0.0625185966974769	0.0332581231854347	0.0158030096656157	0.00567183621656607	0.00193348739613453	0.000620819513629914	0.000107226252629149	1.3431738652059e-05	2.27656587323034e-07	
8.40467081630252e-06	0.000129704514489425	0.000803668252650765	0.00330985022876605	0.0105903395350718	0.0278955567458387	0.0597292696522783	0.106837222424389	0.149929105465898	0.172308699470324	0.164591394434836	0.130383021292893	0.0857446788211836	0.0481946539933317	0.0242388434809512	0.0103590975109908	0.00340230160774538	0.00116325187162933	0.000324829169386827	4.74750324488439e-05	8.63182408160799e-06	
7.72288998720499e-05	0.000296649833037933	0.00167109710693727	0.0059400381192764	0.0173749124644492	0.0406548828994091	0.0794594522154132	0.127517179455205	0.163318225997655	0.172173655087102	0.151692550841034	0.110674464968403	0.0674165138556596	0.0358015008300971	0.0165724133372493	0.00652675061448083	0.00204702013425563	0.000606928295465051	0.000144009183879058	2.81658340709829e-05	6.36002704828646e-06	
0.000115799038390225	0.000703894351236456	0.00288564833583814	0.00993209944794117	0.0262943443203643	0.0573657971046145	0.100358635764476	0.145536868457297	0.170467332158508	0.166347934932316	0.134644706254923	0.0908842723975588	0.0518361086427033	0.0254475780710747	0.011385616257912	0.00407935669425368	0.00131200993005192	0.000319414243418224	6.43833553328756e-05	1.82002417902122e-05	
4.09102252380634e-06	0.00027068932365852	0.00150708724196444	0.00541128640385029	0.016057490684969	0.0384672029542637	0.0767946293056307	0.12099267297866	0.158715991670678	0.172464781978046	0.153178565405677	0.115393654096773	0.0729595229685914	0.038612661532888	0.0181695947023986	0.00761930217156021	0.00248665985738695	0.000721156359335418	0.00013523102231471	3.65919236851567e-05	1.13639514550176e-06	
2.59843924974397e-05	0.00056778176939581	0.0028373133141064	0.00905852391783553	0.0249552737945806	0.0553098308302082	0.0959915883506954	0.140122887941851	0.168475735022106	0.16676395618302	0.137013194373057	0.0953513238022278	0.0564032267145083	0.0278226742999998	0.0124918827265104	0.0048533830653332	0.00142207565606602	0.000435352540965876	8.59308418555683e-05	1.20804631786343e-05	
2.29028700731632e-07	0.000133523732526542	0.00116415288581889	0.00542500283423017	0.0149285487710892	0.0370687532708161	0.0733523961555242	0.117249869167355	0.15481286637435	0.171375534925159	0.156444924895763	0.117186428217252	0.0767750010592577	0.0422906076474973	0.0194768297389187	0.00812067064184148	0.00310059055050484	0.000769078377056821	0.000292698679535026	2.70253866863326e-05	5.26766011682754e-06	
8.07661802927289e-06	0.000363678571832402	0.0021338424833339	0.00926249631648528	0.0233248113475099	0.0525227085653919	0.095007103962458	0.135823562356222	0.164709009836628	0.167009692172396	0.141157360902754	0.0969115704937606	0.0594296015435109	0.031250742760408	0.0133875712848076	0.00517618911470344	0.00188762101369864	0.00047536666115149	0.000141456195769837	1.75377991492783e-05	
3.72855127719092e-05	0.000721856790745597	0.00430033966870548	0.015326893206649	0.0347790462829007	0.0697535520240591	0.115388935373553	0.150916702543358	0.168667154080181	0.157893956759458	0.122750392482129	0.0786413992859245	0.0452296428626844	0.0219623249578338	0.00867455560184723	0.00346477364335735	0.00109911207214585	0.000322137566867862	6.16021515361979e-05	8.33713329061325e-06	
