# <P(U)> as a function of N_tot.
# number_of_species: 1
# species_total_upper_bound: 103
# species_total_lower_bound: 0
# volume: 729
# Bin widths for each
10	10	10	10	10	10	10	10	10	10	10	10	10	10	10	10	10	10	10	10	10	10	10	10	10	10	10	10	10	10	10	10	10	10	10	10	10	10	10	10	10	10	10	10	10	10	10	10	10	10	10	10	10	10	10	10	10	10	10	10	10	10	10	10	10	10	10	10	10	10	10	10	10	10	10	10	10	10	10	10	10	10	10	10	10	10	10	10	10	10	10	10	10	10	10	10	10	10	10	10	10	10	10	10	
# Bin lower bound for each
0	0	0	0	-10	-10	-10	-10	-10	-20	-20	-20	-20	-20	-20	-30	-30	-30	-40	-40	-40	-50	-50	-50	-50	-60	-60	-60	-60	-70	-70	-70	-70	-80	-90	-90	-90	-100	-100	-100	-110	-110	-110	-110	-130	-130	-140	-140	-140	-150	-150	-150	-160	-160	-170	-170	-170	-170	-180	-180	-180	-200	-200	-210	-220	-220	-220	-220	-230	-230	-230	-230	-250	-260	-260	-260	-260	-270	-270	-270	-270	-280	-280	-290	-290	-290	-310	-310	-320	-320	-320	-330	-330	-330	-340	-340	-350	-350	-350	-360	-360	-370	-370	-370	
# Bin upper bound for each
0	0	0	0	0	0	0	0	0	0	0	0	0	0	0	0	0	0	0	0	0	0	0	0	0	0	0	0	0	0	0	0	0	0	0	-10	-10	-10	-10	-10	-10	-10	-10	-10	-10	-10	-20	-20	-20	-20	-20	-20	-20	-30	-30	-30	-30	-30	-30	-30	-40	-40	-40	-40	-50	-50	-50	-50	-60	-60	-60	-60	-70	-70	-70	-70	-80	-80	-80	-90	-90	-90	-100	-100	-100	-100	-110	-110	-120	-120	-130	-130	-130	-140	-140	-140	-150	-150	-160	-160	-170	-170	-180	-180	
# Normalized histogram for each
1	
1	
1	
1	
1.50465080398508e-05	0.99998495349196	
0.000100921204932225	0.999899078795068	
0.000429653084390887	0.999570346915609	
0.00141755877713298	0.998582441222867	
0.00388184435155538	0.996118155648445	
2.61955094705102e-06	0.00941585680867729	0.990581523640376	
3.33058480787046e-06	0.0205549420406874	0.979441727374505	
1.04658666463058e-05	0.0406686927633051	0.959320841370049	
3.8520672998958e-05	0.0738614882200453	0.926099991106956	
0.000156466836164479	0.1242491731988	0.875594359965035	
0.000425409882064681	0.192654319872087	0.806920270245848	
2.377130860103e-07	0.00101764972121009	0.279129836985874	0.71985227557983	
9.76072417907548e-06	0.00240185234738275	0.379674553649225	0.617913833279213	
2.76262633359237e-05	0.0050475088374273	0.486897649219332	0.508027215679905	
1.42849626245857e-06	8.83286855620216e-05	0.00999399793487057	0.591819811386115	0.39809643349719	
4.52176396392108e-06	0.000246079154668126	0.0188588495680525	0.684074823294224	0.296815726219091	
1.37972048765983e-05	0.000583526613143027	0.0332036871840619	0.756951293487957	0.209247695509961	
1.66427090906757e-06	2.56773225970424e-05	0.00129361400231952	0.0553748104514311	0.803074669178606	0.140229564774137	
1.42571524569588e-06	8.07905305894335e-05	0.00259408888954366	0.0880604902464444	0.820279563750144	0.0889836408680325	
5.94295570762655e-06	0.000139302881786766	0.00501228884381223	0.134087343857753	0.807300612053122	0.0534545094078177	
1.75963525139124e-05	0.00034170214273638	0.00938646512343485	0.192599449709743	0.767126779579766	0.0305280070918056	
1.42723526450951e-06	2.87825778342751e-05	0.000750725749132003	0.0164969366773773	0.262413378713071	0.703872469868685	0.0164362791786356	
3.32542436571687e-06	8.69360941323125e-05	0.00148670222178728	0.0280475792217034	0.341046734326384	0.620912073641998	0.0084166490696294	
2.13930945467813e-06	0.00019539026352727	0.00313884237211386	0.0455349640417736	0.42147914232707	0.525561539019222	0.0040879826668394	
1.07086025059558e-05	0.000386937503881868	0.00585189431608796	0.0707736298997508	0.495069164483897	0.426174061432635	0.00173360376124195	
2.38169637753508e-07	3.0485713632449e-05	0.000867651990336029	0.0104792258915166	0.105653956664558	0.552484014053914	0.329767298737129	0.000717128779275812	
3.8240360262434e-06	8.81918308552385e-05	0.0017033690474398	0.0180977284987002	0.149205998669713	0.588098739478225	0.24248738247363	0.00031476596541016	
5.25160436513355e-06	0.000240618963638846	0.00314427875897905	0.0293473974481022	0.203234701837775	0.594704807318636	0.169199770075213	0.000123173993291314	
2.9116354441497e-05	0.000485908997072852	0.00567339326051858	0.0454088640206583	0.2623328643691	0.574211263017337	0.11181897264614	3.9617334731873e-05	
2.15064812170757e-06	7.52726842597648e-05	0.000994316314936132	0.0101025500712701	0.0679098209346478	0.323765259147125	0.527553984254866	0.0695882823131893	8.36363158441832e-06	
4.7807065979966e-07	1.00394838557929e-05	0.000208916878332451	0.00208486614738632	0.0172557214301388	0.0981667902479322	0.380451977563188	0.461064013183276	0.0407560018185808	1.19517664949915e-06	
1.9152263366604e-06	4.09379629461161e-05	0.000427095473075269	0.00407727746745791	0.0274660214907547	0.13578691383301	0.426648267725659	0.383065856015199	0.0224857148055614	
7.90187499521099e-06	0.000112541855992399	0.000958760832752266	0.00765140950293854	0.0415597918119335	0.178916648149141	0.455471497697441	0.303451874228969	0.0118695740458366	
1.19592362257703e-06	2.36792877270252e-05	0.00026812607618177	0.00191945741423613	0.0130073436885968	0.0619043552907302	0.225895142851881	0.463626341796406	0.227514662621575	0.00583969504904363	
3.34852767629879e-06	6.88839979124322e-05	0.0006101495787313	0.0037422188588122	0.0205688096127619	0.0877625185903081	0.274162377760801	0.448079643295697	0.162370107023728	0.00263194275357085	
1.58186435656948e-05	0.000162979964010189	0.00121899426022915	0.00687487836421804	0.0316921730310343	0.119771578786911	0.315516747150008	0.412956955074094	0.110565128231677	0.00122474649425304	
4.55824161271548e-06	3.93448223413336e-05	0.000336830064434344	0.00234677470818857	0.0117122818701458	0.047405712772241	0.155683623485404	0.349459752405912	0.361437371919408	0.0710509913695693	0.000522758340742475	
1.99093859081846e-05	7.98774157521142e-05	0.00075463768755601	0.00424237830327896	0.0191079731573504	0.0679130741818921	0.194550441268751	0.369318149108347	0.301231647384147	0.0426022478896051	0.000179664217412413	
3.43112108402312e-05	0.000215704745072502	0.00146170556950132	0.00763196499584666	0.0296681602040821	0.0934164704369329	0.233325111439454	0.371496117554527	0.238458596445934	0.0242405105508173	5.13468469916746e-05	
7.3184555131485e-05	0.000475819583035196	0.00291682443337158	0.0127117973022973	0.0439745596089401	0.123193361273037	0.268076225193435	0.356784544189794	0.17874163836464	0.0130352490410424	1.67964552760785e-05	
4.78861955830252e-07	7.18292933745378e-07	0.000168798839430164	0.00099770888497233	0.00548344825621222	0.0204548278742671	0.0616400686783817	0.156859853147404	0.2936577846553	0.326856326329099	0.127303296078671	0.00657309863670395	3.59146466872689e-06	
9.61083333133108e-07	2.04230208290785e-05	0.000360406249924915	0.00210981818706045	0.00925979764390421	0.0312039731184992	0.0846952284615218	0.19070392146027	0.308524568894057	0.284456399253238	0.0855445858571782	0.0031191959576835	7.20812499849831e-07	
1.20096836481192e-05	9.8479405914577e-06	6.00484182405958e-05	0.000835153400890206	0.00389546098810393	0.0151540590208697	0.045022382447415	0.11093777134379	0.221987232745507	0.310749843814064	0.235267060536252	0.0546409380811936	0.00142819157943433	
6.01609425535192e-06	3.03211150469737e-05	0.000222114199907593	0.00171025527491144	0.00690695749268443	0.0237000423533036	0.0637580856306792	0.139674938395195	0.246977273602341	0.298449772832281	0.185126530494379	0.0328548533035577	0.000582839211458494	
1.41822320669882e-05	8.12473633668138e-05	0.000512964122558523	0.00307586172083358	0.0112945853920606	0.0358161453895126	0.0857075551634743	0.169068551861899	0.263390490933588	0.274090624462908	0.138325318769703	0.0184191138027973	0.000203358785231729	
6.00949981731121e-06	2.49995192400146e-05	0.000178361954577797	0.00115430472490914	0.00543186669487125	0.0184066171804388	0.0512199284629142	0.11062599757697	0.195397925039903	0.270601767273706	0.239769187131017	0.0974005307590239	0.00969813080517682	8.43733774350493e-05	
7.44818287163009e-06	3.55590666129436e-05	0.000402682402995227	0.00224790964345068	0.00952286219732447	0.0283321668517901	0.0707142495030741	0.136173445594268	0.216843032429148	0.26514858283905	0.20009327047067	0.065642036967494	0.00481657167830866	2.01821729424815e-05	
1.22106992061848e-05	8.81085746642357e-05	0.000854030668009046	0.0042629705758063	0.0155581067670019	0.0415115887915358	0.093454706087273	0.160575722496298	0.231719565730074	0.249194752272447	0.158933263740329	0.0416080772578122	0.00222162897910175	5.26736044188366e-06	
2.15669232411635e-06	4.55301712869007e-05	0.000240830642859659	0.00172535385929308	0.00797065556497311	0.024346660014469	0.0582393195204379	0.116955747309466	0.183131934215133	0.238308271370365	0.223533251522805	0.119586432679927	0.0249059622238565	0.00100717531536234	7.18897441372116e-07	
1.34271378760857e-05	0.000110534117158492	0.000586238430482672	0.00334479595306064	0.0131588348888832	0.0357957904963677	0.0783972217333572	0.140456254145029	0.201532947558874	0.234272146025879	0.191813857669461	0.0856524318225086	0.014458390019033	0.000407130002028457	
7.209472670331e-07	3.55667318402996e-05	0.000214361654064508	0.00131644970960244	0.0062967534302671	0.0210187369388387	0.0504706343759192	0.100829762241204	0.162938408033083	0.212215394050551	0.220978027449827	0.157410184389473	0.0584808391441683	0.00763026555852265	0.000163895345372191	
5.78448596045002e-06	9.08646336287358e-05	0.000513132108741587	0.00280306548833474	0.0107521542992348	0.0318836045735038	0.0683369530557632	0.124155073391871	0.181661299547436	0.215410400843185	0.199607185199236	0.123273421323399	0.0375957844594482	0.00384933438643114	6.19422038264857e-05	
1.40148886444606e-05	0.000166245575644637	0.00108542896191237	0.00488322214855009	0.0178402283363651	0.0458315854995196	0.0890974798330585	0.146609025201669	0.194778197472681	0.209775336502309	0.173519302851112	0.0915539515220169	0.0229609786838376	0.00186832963791327	1.66728847666859e-05	
3.56783300017378e-05	0.000366248979405594	0.00208172133622384	0.00865357263865279	0.0276109013559707	0.0635275723105092	0.111134842728951	0.166031171695774	0.201070689693671	0.196261153725546	0.144225158902059	0.0646622402884557	0.0134390803437158	0.0008883176041249	1.1650066939343e-05	
1.45488580965002e-06	9.2142767944501e-05	0.000801157119180608	0.00393546611510329	0.0146436681550957	0.0404400059650318	0.08318164128093	0.13348844032604	0.18077295658257	0.199353303257611	0.176905385138584	0.115125599079542	0.0434916289507727	0.0074225849198661	0.000343110570109129	1.45488580965002e-06	
1.577082707555e-05	0.000270530341372897	0.00173697463129019	0.00709323276236469	0.0230542802752567	0.0568562578884464	0.103932176708963	0.154929693652897	0.188687512950275	0.191533298039031	0.152749680094838	0.0872912852350605	0.0276947854852101	0.00402908237563975	0.000124953476060127	4.85256217709232e-07	
6.20713577196687e-05	0.000688870362143774	0.00334601130672379	0.0123782458147474	0.0348334722839217	0.0758397585302476	0.126102223006566	0.171464458062278	0.190861148806952	0.176998545582893	0.125634131944233	0.0627066763222112	0.0171122213635008	0.00191374515447857	5.84201013832176e-05	
2.43758502601269e-06	8.04403058584187e-06	0.00018062505042754	0.00135627230847346	0.00596550183416085	0.0199275013461563	0.0500597086452122	0.0974429489318624	0.147137751098681	0.181886744437004	0.185488276312938	0.15608588197067	0.0998988158455702	0.0435340497720736	0.0101125652389162	0.000888987258986828	2.38883332549243e-05	
1.19065351569609e-05	4.68971690876217e-05	0.000449775440317035	0.00279317595161767	0.0105151714771904	0.0306097579644393	0.0690374927072472	0.118569893912772	0.16275261597512	0.187370470869447	0.174683936164448	0.132204091620059	0.0763400866066788	0.0286099460390967	0.00560724908738838	0.000392672669666304	4.85981026814732e-06	
1.70344360859441e-06	4.45328829103967e-05	0.000109507089123926	0.00100308493637516	0.00532958835311802	0.0172653743694521	0.0446732953335622	0.0896996901922774	0.138777847348578	0.174698362723008	0.184364188456347	0.158254534871072	0.108690896286323	0.0556870316594729	0.0182521549170021	0.00297323914425807	0.000173507898989688	1.46009452165235e-06	
2.19315506556681e-06	1.04784075354859e-05	0.000103321971977814	0.000285597526316033	0.00215148511932104	0.00940083734660403	0.0270981366223511	0.0612070589376308	0.111918165099251	0.157108856276944	0.181050555392152	0.174667743099664	0.137320505488127	0.0858659197592793	0.0393003640393725	0.0109574900753641	0.00148354755990786	6.77441231363969e-05	
1.46482872978353e-06	1.34275966896824e-05	0.000156004259721946	0.000711906762674797	0.00399434380799806	0.0151363194029749	0.0399304987595342	0.0813939407847869	0.132728131205686	0.170518515191006	0.181178562133884	0.160112860170867	0.115328895553317	0.065565001530746	0.0263188219261424	0.00622112761539066	0.000665032243321724	2.51462265279506e-05	
2.69135075713814e-06	4.42849533674548e-05	0.000321494081352683	0.00159327964822578	0.00705060497894997	0.0241235555092317	0.0559678623359408	0.102484924154066	0.152023883535955	0.179095446797256	0.173587230470397	0.141383016646983	0.0938028712797887	0.0476095055572723	0.0171700838257894	0.00345667304516796	0.000271337089969654	1.12547395298504e-05	
8.82595654981591e-06	0.00012209239893912	0.000706566854904707	0.00327271372176368	0.01238428803215	0.0357068782150385	0.0744265947645406	0.1245190466594	0.168224938328629	0.179800425509172	0.160963382577268	0.121423342399552	0.0726515968361888	0.0332101131732795	0.010666658821372	0.00180343712167905	0.000106401809517225	2.69682005688819e-06	
2.45320571430113e-07	4.26857794288397e-05	0.000244584609715823	0.00128989556457954	0.00605721022918093	0.0196442900778378	0.0503684837643166	0.0957640742251734	0.144388819367765	0.178388288003407	0.175021753801672	0.144195997398621	0.0998793268109135	0.0549159911969166	0.0224816678069985	0.00632166580518259	0.00095208913772027	4.29311000002699e-05	
1.05712325295017e-05	8.60449159378048e-05	0.000535199377133146	0.00274876630028741	0.0104726496400987	0.0302256122280151	0.0680984048993483	0.117144498669131	0.161789272067386	0.181150607366477	0.164196317130092	0.125387355773356	0.0793110408165122	0.0401217609313305	0.0146913089472208	0.00356373457552691	0.000451858729981958	1.49963996348745e-05	
2.29306675240599e-05	0.000209827936161022	0.00124639273477552	0.00490716285014883	0.0170636220000276	0.0433086339634253	0.0891741606389421	0.137612853403503	0.174950637423244	0.177347015462667	0.148321721703556	0.105567368821788	0.0607245992311076	0.0281568871890059	0.00923489485425958	0.00194516167846569	0.000202677512954594	3.45192844448214e-06	
7.11704373818768e-05	0.00050313545315799	0.00248552867773235	0.00898675043690741	0.0263162577002459	0.059666526961734	0.110403635227785	0.155129559850384	0.179211115240754	0.169061914326609	0.131046768862143	0.0869465510015262	0.0450199969159477	0.0185749899175214	0.00546974465628633	0.00100923634120689	9.61295143803823e-05	9.88478296970512e-07	
1.72759652822202e-06	3.70199256047575e-06	0.000162147274148838	0.00110220658500565	0.00458183279234882	0.0153805450912566	0.039553075714139	0.0782993638495984	0.131573504789885	0.16759241160629	0.178157404774879	0.155489610728078	0.111420597689167	0.0689644194091028	0.0320210016505951	0.011975452334131	0.00319778117373895	0.000493845807567465	2.93691409797743e-05	
2.7229468423842e-06	4.95081244069855e-06	3.86163370374487e-05	0.000336655245967501	0.00217340666146666	0.00818097001763232	0.0244832527629865	0.054933719760747	0.0989900095080353	0.150207649450794	0.175920931564672	0.170786443982424	0.138414319135806	0.0919863426888011	0.0519981355240348	0.0221058726289631	0.00750988739129563	0.00171446634821391	0.000197289875761837	1.43573560780258e-05	
1.4149868455872e-05	1.63840582120623e-05	0.000124369896427928	0.000864631435645653	0.00411438455767759	0.0135523468177442	0.0359289984425215	0.0737352127668554	0.121195112784381	0.165610308650832	0.177265580122265	0.158563674159808	0.118409822888331	0.0730160519086683	0.037436083554725	0.014674158318658	0.00451306330750444	0.000881015493857716	8.19202910603117e-05	2.73067636867706e-06	
2.85651477873809e-05	3.25394292186687e-05	0.000307013240566981	0.00171788314867414	0.00723269541976485	0.021254953879706	0.0504984618288898	0.0940190790347961	0.141502303220286	0.175615547885744	0.172414015800253	0.142588772406564	0.0979270396446992	0.0562455211711214	0.0260638344115642	0.00948362906541046	0.00259918005606221	0.000435432209315467	3.05522885030248e-05	2.98071107346583e-06	
3.54115331373396e-05	9.50126346853972e-05	0.000705238138819694	0.00346409582261116	0.0117204693374776	0.032164894053431	0.0685487480900839	0.114290972577758	0.158129203716814	0.178822506672705	0.160619233001155	0.124416177285098	0.0789021327468651	0.0424397249571259	0.0180277122678269	0.00587033443699278	0.00149152380066499	0.000246883223985678	9.72570276307215e-06	
2.23804770622491e-06	2.03911013233825e-05	0.0001986889019193	0.00149078844431315	0.00640653589505247	0.0188023361239302	0.0465489055698045	0.0884541108211596	0.133199895955649	0.170812277034497	0.175644719376172	0.144665165682672	0.104650364727175	0.0621227335415215	0.030520256569789	0.012074018703116	0.0034988145807316	0.000769639738974009	0.000111405041376529	6.71414311867472e-06	
5.71344395720084e-06	9.16635139220482e-05	0.000491356180319272	0.00295310529405233	0.0104585833689596	0.0289932439767259	0.064451373996328	0.109199315479732	0.15008869500717	0.176411524960422	0.165209200234599	0.12774714184966	0.0854512614663231	0.0468246541565429	0.0212291704601036	0.00790442550948394	0.00202131710781492	0.000418820283123505	4.86884789396245e-05	7.45231820504457e-07	
3.03374443886048e-05	0.000266571642496593	0.0011127874068771	0.00538141503289996	0.0173395901411263	0.0428459208446342	0.0844753599028008	0.129328525428622	0.163137866526683	0.173451851616078	0.151305517212397	0.10924563457852	0.0676040108090822	0.0338802113574937	0.0143630392449657	0.00493704607287999	0.00107996328671894	0.000198188058833754	1.61633925021255e-05	
0.000112858967622594	0.000658343977798463	0.0025024496088422	0.00941803134855824	0.0269619083659432	0.060266441212729	0.105201635168042	0.147704916369278	0.169501051989127	0.165538860733271	0.13365174742064	0.0899357273129344	0.0518938403010958	0.0238817990412433	0.00927374016846181	0.00282469166113303	0.000576174729441662	8.90991849652055e-05	6.68243887239041e-06	
1.53384402092757e-05	0.000236756246456078	0.00117388546440344	0.00471088029782303	0.0159064572854127	0.0391884777637148	0.0791856871571735	0.125768530072744	0.161401705832467	0.171353137403727	0.153320821784148	0.11370311508877	0.0715810369379328	0.03808707879901	0.0164455292405097	0.00588229182025723	0.00169341327794342	0.000306274015791666	3.78513121293416e-05	1.73175937846661e-06	
4.52966260696687e-05	0.000441580223542563	0.0021234959292442	0.00854027043323376	0.024662651520927	0.0552504977678417	0.099905792918677	0.143839559845506	0.169160126295904	0.165830205473417	0.137775257448201	0.0946350478065047	0.0551732707332311	0.0269193145803651	0.0112409889416827	0.00336061361829449	0.000923754144765047	0.000158166907423597	1.41087851692411e-05	
4.9441056496048e-07	0.000132749236691889	0.00093641361003515	0.00417505001580878	0.0143838865663953	0.036556222762613	0.0733838769253892	0.120437177597961	0.158429168641219	0.171359240941348	0.155201409267874	0.120003826737773	0.0753862397134792	0.0410078954895171	0.0189065072093713	0.0071034437920697	0.00200063235111258	0.000517895066796103	7.26783530491906e-05	5.19131093208505e-06	
6.89869269773378e-06	0.000301817805525853	0.00190182174763597	0.0069859118839837	0.0220610337198244	0.0511843577070717	0.0932750065291199	0.140803549870157	0.168221418469771	0.16690450731015	0.14070475073545	0.100393225483771	0.0585974957745507	0.0300080813257316	0.0126435790417716	0.00454574572404244	0.0011626761014502	0.000254266102287902	4.28704474787742e-05	9.85527528247683e-07	
5.94961365618264e-05	0.000731409116824106	0.00361426737022897	0.0117399153433898	0.0326781300806812	0.0679721233556509	0.114756000689368	0.157849888297233	0.171232093691172	0.157015467274543	0.123367451827183	0.0818991363471978	0.0442289853868146	0.021056961158611	0.00829135208903966	0.00273805154086389	0.000635526913274055	0.000120221532143525	1.32759974146224e-05	2.45851803974489e-07	
2.94548207232337e-06	1.03091872531318e-05	0.000149237758331051	0.00161338780511512	0.00643636924170528	0.0189765137077827	0.0477180368558353	0.0881779149717872	0.13535594678103	0.168871359997801	0.1675287110865	0.143403249259457	0.104078363568707	0.0641064536494032	0.032206146435623	0.0140767042804727	0.0052824766398726	0.00161682420086617	0.000323266657437489	6.13642098400701e-05	4.41822310848505e-06	
1.10271009384063e-05	4.14128901909036e-05	0.000495974495540763	0.00299030472780827	0.0102762778878446	0.0295053365042375	0.0642171799782154	0.109160457796222	0.153832959024518	0.172571434172496	0.159270790067278	0.126704820435914	0.0857381602629841	0.0486118717768703	0.0232517450387235	0.00898806745155121	0.0032583858039553	0.000843205651756801	0.000197507630141233	3.1611022690098e-05	1.47028012512084e-06	
1.46556472483412e-06	2.76014689843759e-05	7.9629016715987e-05	0.00111822588504843	0.00552737735971187	0.0170476931400579	0.0428096341339795	0.084032794453326	0.129089383571264	0.167094408015662	0.1713929093536	0.145140004176859	0.108238794231049	0.0676919920322131	0.0363330593541501	0.0161915590799673	0.00561946367658895	0.00198193202955067	0.000478262621870867	9.01322305772982e-05	1.36786040984518e-05	
1.8113942080915e-05	8.5674050382706e-05	0.000336576626503488	0.00238883730767094	0.00927384877942628	0.0261482097428041	0.0586010504617709	0.104823669341247	0.148098856104558	0.17283197531804	0.164482427150743	0.129627286059045	0.0892006390794593	0.0521987510681718	0.0256011197353602	0.0110651707814281	0.00377259561285218	0.00114411574711076	0.000259225198157959	4.08787611826054e-05	9.79132004373783e-07	
2.15209069497122e-05	0.000219611073191382	0.000824642025391246	0.00441251959197339	0.0148416000109561	0.0388092873473941	0.07748944925309	0.124358071697391	0.162722756671665	0.17469009282603	0.151164317749344	0.112011429558036	0.0717228244136103	0.0387547514127375	0.017741297666669	0.00717551057740349	0.00225186944537444	0.000665680780876326	0.000113473873007574	9.29311891010301e-06	
5.36805325108825e-06	4.85564816802983e-05	0.000466288625583166	0.00186466649749166	0.00801499150871577	0.0226914930996115	0.0543539791914736	0.0988456245485955	0.143385338382557	0.172527767475453	0.168219416736614	0.135079739991021	0.0931798883444924	0.0548702883132601	0.0283294130277772	0.011893409982627	0.00459383357082902	0.00128711276815866	0.000305247028050518	3.14763122450175e-05	6.10006051260028e-06	
2.08893875353025e-05	0.000223467866656724	0.000890470868656033	0.00378656584055616	0.013544338818093	0.0341971418945654	0.0727111000132866	0.120780981329988	0.158678216716708	0.173740679628936	0.155959438639003	0.117815659899396	0.074335614243939	0.0418331846381387	0.0198257290699875	0.00788088579747544	0.00286038869320607	0.000745945454894347	0.000142825114776254	2.57473846365356e-05	7.28699565184969e-07	
5.29913881701831e-05	0.000498799672134017	0.00205426707076246	0.00673792792976745	0.0208832254545348	0.0495394124664915	0.0936070994847681	0.139401138974534	0.170256711675315	0.169351968800226	0.139820694644175	0.0985588773215333	0.0579995605117899	0.0305636339063209	0.0135546137025034	0.00483266875326335	0.00180292259659747	0.000404484724381581	6.27145786601249e-05	1.62863440706526e-05	
9.23597128876799e-06	0.000131248013050914	0.00103831761435834	0.00371164519870463	0.0117398917155282	0.0313597683035076	0.0671773510651019	0.113199952945157	0.156173469040538	0.173663482038952	0.158635827596499	0.123667225037843	0.0798155625144008	0.044339953742367	0.0221726504418197	0.00884198419773923	0.00295623996803382	0.00109689311647921	0.000237218630995725	2.62496026101827e-05	5.83324502448505e-06	
6.12086290023067e-05	0.000371397378368578	0.00198647606315853	0.00652518125435746	0.0184350148473601	0.0447030271934576	0.0870272090645346	0.133115599689714	0.167500705362388	0.17248616038758	0.144219479024339	0.104621885523281	0.0620301902417838	0.0331324015803044	0.0156574599296857	0.00559802903337431	0.0017850484633342	0.000623059948609138	0.000106810276904424	1.34122493829756e-05	2.43859079690465e-07	
8.99697580032355e-06	0.000138845221134723	0.000827721773629767	0.00347988434266028	0.0109150337763493	0.0284720241469104	0.060619434489007	0.107838238265694	0.149999525835059	0.172024852078776	0.164140826501103	0.129421010564638	0.0849499318296712	0.0478921179926628	0.0241050866226398	0.0103518717235507	0.0033271789155629	0.0011110049305859	0.000321945836746713	4.52280405097346e-05	9.2401373084404e-06	
8.25887592326338e-05	0.000312136928276278	0.00172926287346212	0.0061878413314474	0.0176922125844379	0.0414670872863593	0.0807416859232075	0.128353862712706	0.163306640160533	0.171755227321916	0.151085204150911	0.10939901374447	0.0666102634022731	0.0355704927852646	0.0164171878867553	0.00650289315710835	0.00201516572527627	0.000596582331398084	0.000138700533887747	2.91489738468119e-05	6.80142723092279e-06	
0.000123722937430467	0.000735288577067115	0.00297105199255912	0.0102911232316917	0.0267013058482058	0.0584966423442118	0.101863841084328	0.14608810677411	0.170202655254664	0.165513823303714	0.133582853410682	0.0898359783871342	0.0513095307254612	0.0251650996309945	0.0113052137915344	0.00410765013681229	0.00130966441429343	0.000311859584918052	6.51429218690866e-05	1.94456483191303e-05	
4.37264879030671e-06	0.000289323594958627	0.00155301909535727	0.00558168618082652	0.0165380864997384	0.0391497821692128	0.0780809318989102	0.122152130281613	0.158706259543913	0.171679422654888	0.152409888210804	0.114588419574114	0.0722643373080711	0.0381197804541627	0.0179409779866284	0.00755933805870913	0.00247759138957434	0.000728531873451657	0.000137009662096277	3.78962895159915e-05	1.21462466397409e-06	
2.77412153426442e-05	0.000594246033918746	0.00289384677942741	0.00939697168132936	0.025561826530287	0.0562333902514936	0.0974378554191126	0.140984263187237	0.168159217055299	0.165635739835095	0.136490672989717	0.0944233100185452	0.0556547182332058	0.0274470124536156	0.0123268333719034	0.00478097945470991	0.00139801124687273	0.000449699701343916	9.07673098491778e-05	1.28972316943872e-05	
2.44426883730775e-07	0.000142500873215042	0.0012199345767003	0.00557659935231764	0.0154062264815508	0.0375972544017004	0.0744133204829973	0.118726692368968	0.155542514023381	0.170474796777378	0.155287087929883	0.116913533745453	0.0758803706391494	0.0415833680215819	0.0191488909252364	0.00790867624999297	0.00306242442626289	0.000773611087007905	0.000307489019733316	2.88423722802315e-05	5.62181832580784e-06	
8.61085715916505e-06	0.000387734596652689	0.00219552255109683	0.00943897559338647	0.0239367067555373	0.0532273984681531	0.0962624943537379	0.137363837745865	0.164752514124266	0.165823212705886	0.140157199808298	0.0965129472848245	0.0585941766987253	0.0307070547030534	0.0130727573145541	0.00504965266262465	0.00188430157091558	0.000457359527396795	0.000148844816608424	1.86978612599013e-05	
3.97250728868729e-05	0.000766373145258553	0.0043936917571214	0.0156136808216231	0.0354601791921549	0.0707370308740306	0.116609126995876	0.152409066594027	0.168304770759188	0.156637936309605	0.121871835564846	0.0781133107122483	0.0443373759146636	0.0214056457964458	0.00842072849368445	0.00342968020576107	0.00106616173878371	0.000309164697684793	6.56327291174421e-05	8.88262499333803e-06	
