# <P(U)> as a function of N_tot.
# number_of_species: 1
# species_total_upper_bound: 103
# species_total_lower_bound: 0
# volume: 729
# Bin widths for each
10	10	10	10	10	10	10	10	10	10	10	10	10	10	10	10	10	10	10	10	10	10	10	10	10	10	10	10	10	10	10	10	10	10	10	10	10	10	10	10	10	10	10	10	10	10	10	10	10	10	10	10	10	10	10	10	10	10	10	10	10	10	10	10	10	10	10	10	10	10	10	10	10	10	10	10	10	10	10	10	10	10	10	10	10	10	10	10	10	10	10	10	10	10	10	10	10	10	10	10	10	10	10	10	
# Bin lower bound for each
0	0	0	0	-10	-10	-10	-10	-10	-20	-20	-20	-20	-20	-20	-30	-30	-30	-40	-40	-40	-50	-50	-50	-50	-60	-60	-60	-70	-70	-70	-70	-70	-80	-90	-90	-90	-100	-100	-100	-110	-110	-110	-120	-130	-130	-140	-140	-140	-150	-150	-150	-160	-160	-170	-170	-170	-170	-180	-180	-180	-200	-200	-210	-220	-220	-220	-220	-230	-230	-230	-230	-250	-260	-260	-260	-260	-270	-270	-270	-270	-280	-280	-290	-290	-290	-310	-310	-320	-320	-320	-330	-330	-340	-340	-340	-350	-350	-350	-360	-360	-370	-370	-370	
# Bin upper bound for each
0	0	0	0	0	0	0	0	0	0	0	0	0	0	0	0	0	0	0	0	0	0	0	0	0	0	0	0	0	0	0	0	0	0	0	0	-10	-10	-10	-10	-10	-10	-10	-10	-10	-10	-20	-20	-20	-20	-20	-20	-20	-30	-30	-30	-30	-30	-30	-30	-40	-40	-40	-40	-50	-50	-50	-50	-60	-60	-60	-60	-70	-70	-70	-70	-80	-80	-80	-90	-90	-90	-100	-100	-100	-100	-110	-110	-120	-120	-120	-120	-130	-140	-140	-140	-150	-150	-160	-160	-170	-170	-180	-180	
# Normalized histogram for each
1	
1	
1	
1	
1.26258541193033e-05	0.999987374145881	
9.81400776827094e-05	0.999901859922317	
0.000429022017275734	0.999570977982724	
0.00141712333035421	0.998582876669646	
0.00391415526589095	0.996085844734109	
2.55864462689549e-06	0.00949335884105208	0.990504082514321	
3.34212377417781e-06	0.0206551113064834	0.979341546569742	
1.1007068110165e-05	0.040735783192207	0.959253209739683	
3.82991560830059e-05	0.0739925947108669	0.92596910613305	
0.000156164244713104	0.124294756377885	0.875549079377402	
0.000448589889220108	0.193056347252195	0.806495062858585	
1.37378893146108e-06	0.00104250954341732	0.27958763566411	0.719368481003541	
1.02136719820318e-05	0.00242692559634586	0.380033056942203	0.617529803789469	
2.65313554437133e-05	0.00504194017709975	0.487139465902197	0.50779206256526	
1.17871384246175e-06	8.84035381846314e-05	0.00998940336255627	0.592156366606723	0.397764647778694	
5.30136492475596e-06	0.000246611642425685	0.0187640829777492	0.68474314297899	0.29624086103591	
1.54965983005136e-05	0.00055885833617928	0.0331480084026871	0.757142215421155	0.209135421241678	
1.37215190270424e-06	2.72470163536984e-05	0.00124218951534811	0.0553616247533067	0.803116392197082	0.140251174366007	
1.17524994138441e-06	7.54118712388329e-05	0.00249348862563725	0.0879002729909739	0.820698384442668	0.0888312668195406	
4.90469491130055e-06	0.000139489523277388	0.00492470606653866	0.13373867039999	0.807811295590856	0.0533809337244272	
1.53011891966542e-05	0.000353104366076636	0.00929370691513706	0.192655115315058	0.767224578104038	0.0304581941104938	
1.17668262182931e-06	2.64753589911594e-05	0.00078818124285533	0.0163876588742167	0.262892862458941	0.703586391351697	0.0163172540306773	
3.1365869934363e-06	8.11591884551642e-05	0.0015347712232258	0.0280391273544496	0.341577264135519	0.620383973138269	0.00838056837308761	
6.07973553542662e-06	0.000186902837589083	0.00317558315450412	0.0457343202639939	0.42190148239642	0.524917698031695	0.00407793358026212	
5.88750508533252e-07	2.02137674596416e-05	0.000370912820375949	0.00586964631990701	0.0710920164057292	0.495447290442597	0.425439752473586	0.00175957901983638	
3.3355138437559e-06	3.19816915607183e-05	0.000870176699826906	0.0105156979091822	0.105937685537958	0.552756645226507	0.329151841615676	0.000732635805446149	
5.89986860992606e-06	8.53514325569303e-05	0.00171174854602655	0.0181485858309935	0.149725292284407	0.587875101354826	0.242128641128495	0.000319379554083997	
1.04105079345749e-05	0.000243173751377428	0.00316459798743275	0.0292767054081607	0.20384226312657	0.594577696763511	0.168760422784477	0.000124729670536888	
3.47450147774278e-05	0.000507434255365258	0.0058114472456822	0.0454460867298385	0.262476601097393	0.574162546994105	0.111517167570691	4.39710921477052e-05	
1.76874416805742e-06	7.46803093179801e-05	0.00104788265600913	0.0102944841123538	0.0680848588424238	0.323738158257795	0.527321987691113	0.0694247808132921	1.13985735274812e-05	
3.93251644480064e-07	9.04478782304148e-06	0.000206260487529794	0.00217212545828564	0.0173935202353532	0.0980362585881244	0.380290660155468	0.46120474214293	0.0406836522538628	3.34263897808055e-06	
1.57512468588568e-06	4.05594606615563e-05	0.000422527196988834	0.00422763465691717	0.0276507231889659	0.135579448009367	0.426339392509849	0.383337701022827	0.022400045048566	3.9378117147142e-07	
9.0607721747626e-06	0.000117002145039326	0.000959850930600394	0.00779246104360398	0.0419478296496042	0.17868256372579	0.455203739341282	0.303488594260592	0.0117988981313142	
9.84573893156798e-07	2.63865803366022e-05	0.000262487399915602	0.00189530474432684	0.0132759943753263	0.0622646499180145	0.225709626710623	0.463455866179867	0.227329841509202	0.00577885800849451	
2.75755950468716e-06	6.22420573915102e-05	0.000604496437134636	0.00380346243110779	0.0209818763340925	0.0882448586780299	0.273415767291917	0.448113267938466	0.162160650295561	0.00261062097679455	
1.30238061363044e-05	0.000156680334427662	0.00123430162700885	0.00701943684667606	0.032388429887425	0.120136323730776	0.314846764067635	0.412888398018566	0.110119832829582	0.00119680885176797	
3.7490400484297e-06	3.37413604358673e-05	0.000349647313990391	0.00239603122674115	0.0120010718308181	0.0483413062918363	0.156096215363803	0.348492806973372	0.361133978062985	0.0706546060706035	0.000496846465365579	
1.63729077692406e-05	6.90423821594484e-05	0.00078589957292355	0.00440391766202768	0.0195484628206772	0.0690524426208488	0.195226409697496	0.367444346908381	0.300826141418525	0.0424598814443666	0.000167082564825865	
2.81775564383647e-05	0.000212415425458442	0.00153045511088657	0.00789129216953588	0.0304159972854964	0.0950746222483286	0.233627017035205	0.369158698953549	0.237895227175145	0.024111712385573	5.43846543845362e-05	
1.97023370912258e-07	6.46236656592205e-05	0.000488814983233311	0.00299002667696442	0.0131907146825756	0.0450363902166075	0.125324596003578	0.267426717157189	0.354592220729223	0.177922349149056	0.0129440414221935	1.93082903494012e-05	
3.92877600555057e-07	8.83974601248879e-06	0.000149686365811477	0.00101107050502844	0.00563504342476119	0.0211040096302157	0.063174521730453	0.158594276087662	0.292253003745695	0.324792305256467	0.126766868789096	0.00650428511598925	5.69672520804833e-06	
7.87721004974458e-07	2.46162814054518e-05	0.000334978357365388	0.00213866252850565	0.00944713801265868	0.0319854114069879	0.0863826669870065	0.192033580546442	0.306950259357141	0.282215622870692	0.0854080591736019	0.00307762596643521	5.90790753730844e-07	
9.83025315457739e-06	8.06080758675346e-06	6.25204100631122e-05	0.000833015652318888	0.00396552412255652	0.0155040786703364	0.0462603849251888	0.112718991007088	0.222643044437266	0.308719100319503	0.233436269190866	0.0544438740713114	0.00139530613276071	
4.91541552956721e-06	2.47736942690187e-05	0.000220013999103428	0.00174516912961754	0.00709117505957484	0.0242064553169067	0.0652849761307422	0.141590117262153	0.246862588575788	0.296252487200258	0.183453924860992	0.0327065850838767	0.000556818271189373	
1.15725212640175e-05	6.865054987129e-05	0.000520371168024378	0.00315969059393317	0.0116319530257632	0.036560340695026	0.0875245474751897	0.170534634790843	0.262451836735655	0.271750847932363	0.137232841481565	0.0183546071580163	0.000198105872485723	
5.68030128318006e-06	2.27212051327202e-05	0.000167666824082832	0.00117484300332807	0.00555141720578928	0.0189214753191889	0.052049188275153	0.112608251362342	0.196537053290824	0.268854340034195	0.23763520830938	0.0967116344126755	0.00968217147340943	7.83489832162767e-05	
7.83035994990136e-06	3.75857277595265e-05	0.00040091442943495	0.00234264793801174	0.0096483737712697	0.0288975518771135	0.0714475320858787	0.138335641331929	0.217603745417771	0.263155298354332	0.197973620300365	0.0653202754250809	0.00480979859922691	1.91843818772583e-05	
1.56142377646345e-05	0.000115350181486237	0.000861515568663708	0.0044024343377387	0.0158154662538262	0.0423992915820326	0.0941825448826385	0.162973801846345	0.231895437695385	0.246757264377737	0.156803055081761	0.0415537806070777	0.00221995425418691	4.48909335733242e-06	
2.14607137248093e-06	5.17008103370405e-05	0.000272941259100074	0.00173207469498961	0.0080902988794581	0.0248979396739337	0.0594783680883089	0.117847412374443	0.185252782820504	0.23773925037727	0.220680909427009	0.118185906359102	0.0247962939298371	0.000971389942143867	5.85292192494798e-07	
1.18879623857075e-05	0.000115956354417966	0.000617004736281145	0.00333895835334961	0.0134092318018195	0.0367694676589932	0.0794435498157268	0.141465388197514	0.203202695020561	0.233075000764922	0.188903620001477	0.0848835593572783	0.0143778084093107	0.000385871565962308	
5.8485722757789e-07	3.39217191995176e-05	0.000228484223573762	0.00136174257821052	0.00635310911076942	0.0215297642615973	0.0516600490071366	0.101770421313601	0.164405121243828	0.213025277334424	0.219110911739781	0.154912303583011	0.0578692832399219	0.00757896985977268	0.000160055927947149	
4.6849296938457e-06	8.33527074696714e-05	0.000565510055127958	0.00281193384332697	0.0109051498894454	0.0327174017223754	0.0699614215560252	0.124964448215813	0.182746419005667	0.215686550093904	0.197592570794656	0.120847566247346	0.0372157150500829	0.00383422454360489	6.30513454630067e-05	
1.34901105758948e-05	0.000177326525975892	0.00113551539456227	0.00497511367862021	0.0181129173087503	0.0470226152905907	0.0907937229146928	0.147479167554603	0.195635734168964	0.209212064147235	0.171126353849902	0.0897913490462492	0.0226766803692302	0.00183230893213458	1.56407079140809e-05	
4.97310314783724e-05	0.000373765901937846	0.00217680948022261	0.00875129099995595	0.0281191782632318	0.0646955687497247	0.112885721418118	0.166933954644908	0.201300642685476	0.195125771540732	0.14193040592465	0.0636357495631403	0.0131695211430306	0.000842294871732118	9.59378166315058e-06	
2.34589062519549e-06	0.000105369587248364	0.000795256921941271	0.00405291703679608	0.0148215324608705	0.0410632514669636	0.0844737619953207	0.134982351082863	0.181437045679182	0.199229453125977	0.175524032867492	0.113139372489897	0.0427061568681422	0.00732484798628749	0.000341131595080511	1.17294531259775e-06	
2.99082344993244e-05	0.000306510533953861	0.00169929596406946	0.00734374218085373	0.0233139574888655	0.0575436386553571	0.105690031839564	0.156221069158785	0.189136156357904	0.190925372504128	0.151031892733824	0.0855168299304409	0.0271799388855527	0.00394104520092078	0.000120219373967873	3.90957313716659e-07	
9.80473316154502e-05	0.000732517289893473	0.00332734677071035	0.0126694374333753	0.035569262611656	0.0768344685100739	0.127925347818506	0.172240001863095	0.190709496715806	0.175915113320992	0.12392223770235	0.0613729327131106	0.0167269530548985	0.00190399698460422	5.28398793137156e-05	
1.95557634550497e-06	7.82230538201988e-06	0.000253833809646545	0.00145260210944109	0.00615282985586229	0.020327433880986	0.0513741639422229	0.0985747368478691	0.14860111757277	0.182089580259004	0.185130892591534	0.154439099637006	0.0983791792133186	0.042461624747584	0.00984319797746472	0.000890178352473863	1.97513210896002e-05	
9.5470267051769e-06	4.67609471273971e-05	0.000587629235567623	0.0029083360740444	0.0107094259158521	0.0313389919275018	0.0705973399255877	0.120222589901818	0.164139302420191	0.186533509674061	0.17367853563418	0.130557928240651	0.0748987625494692	0.0278638742068174	0.00550804989704798	0.0003955196777859	3.89674559394976e-06	
2.530820527057e-06	3.95197359225055e-05	0.000118753886269598	0.00117469008155861	0.00548876568768039	0.0176394297165831	0.045679169049856	0.091607331903874	0.140275789353188	0.175874505565274	0.183286305496514	0.156800489966854	0.106662988540834	0.0545424918926138	0.0177285924705364	0.00290070968101149	0.000176768079889828	1.16807101248785e-06	
1.75073501691794e-06	1.38113540223526e-05	9.51232692525412e-05	0.000341587854411988	0.00236271416838725	0.00968623327026797	0.0276520814877668	0.0626930428513793	0.113564733816303	0.158679424467261	0.181613469610547	0.173397464702264	0.135862289517883	0.0837415463814447	0.0382479188623802	0.010582415072817	0.00139572486070958	6.86677178857813e-05	
1.16800870867293e-06	2.12188248742249e-05	0.000147947769765238	0.000820526117842735	0.00426342645477431	0.0155533986328069	0.0406027080671247	0.0831585213632686	0.13442690095364	0.171912388445435	0.181136737222179	0.158459458807058	0.113610260411435	0.0637553660266758	0.0254275495878097	0.00604911710221711	0.000629751362092822	2.35548422915708e-05	
2.14347151189958e-06	6.72270610550323e-05	0.000289173793059907	0.00172335109556726	0.00755573707944602	0.0243702967850655	0.0570794771956066	0.104075674677144	0.153200729092092	0.180360266897278	0.173148849287062	0.139591633601995	0.0921620651529601	0.0462607918919098	0.0164971310608118	0.00334693333530793	0.000258970330846776	9.54819128027994e-06	
8.18029048601054e-06	0.000122120050826872	0.000672147201600532	0.0035317430329245	0.0131022933639146	0.0362947802735022	0.0759006305056276	0.125729896157055	0.168873527255559	0.180815582752208	0.160211768243801	0.119229486752993	0.0713333016509384	0.0320848522055232	0.0102578895006361	0.0017225354537685	0.000107122851602519	2.14245703205038e-06	
1.94424564532721e-07	3.81072146484133e-05	0.000236614695036321	0.00128592406981942	0.00645334014597007	0.020870893728894	0.0510152559123052	0.0973820149111976	0.145835727185784	0.178569241295078	0.175179643437014	0.142835756155044	0.0980094229809446	0.0537646136793624	0.0215908478913587	0.00600460825102855	0.00088385407036575	4.39399515843949e-05	
9.14333559776794e-06	9.06551997565927e-05	0.000560272479182376	0.00269592222795464	0.0110945623221427	0.0314262280666942	0.0691576614537981	0.118802277507628	0.163151151398853	0.181400860173887	0.163385960038565	0.123544945136096	0.0777665982667348	0.0390976811722768	0.0140336583691869	0.00335151884422013	0.000415924500170805	1.49795072559177e-05	
1.88937495386127e-05	0.000216985948309428	0.00120803128493274	0.00488257339880829	0.0178027815884501	0.0447037800938961	0.090260895411799	0.139348999303269	0.175901392547253	0.177261158171264	0.147282036738409	0.10358916963529	0.0594465533807833	0.0273067271682185	0.0087674789096086	0.00182042250709149	0.000179393230155281	2.72693292309874e-06	
6.03431579131779e-05	0.000528489270110574	0.00240555079190662	0.00894538652225835	0.0269792312476337	0.0610750620220603	0.111778497786282	0.156998687049677	0.180472564788599	0.168290059827321	0.129376898497942	0.0847648125420334	0.0440248107706697	0.0180774475233513	0.00518756502705223	0.000951086030850926	8.27285229454858e-05	7.78621392428102e-07	
1.3599312574177e-06	2.91413840875221e-06	0.00013657595342352	0.00105355817271088	0.00452118860323209	0.0153528467926701	0.040125160301897	0.0795857027707045	0.133135327342253	0.169787806040387	0.179323449741506	0.153878747363433	0.109646594664135	0.0669620437357778	0.0313971214917902	0.0116138129383471	0.00300350531995394	0.000447611659584339	2.46730385274354e-05	
2.14069295787914e-06	3.89216901432571e-06	3.21103943681871e-05	0.000315849515512532	0.00211325316632815	0.00802487407373675	0.0243178827846056	0.0555957422006285	0.100631446040039	0.15196506856153	0.177869399436375	0.171297277447235	0.136616105445086	0.0901868104900961	0.0503430655073452	0.0216861927055693	0.00716587237227507	0.00163315411841107	0.000188186371842648	1.16765070429771e-05	
1.11166954628085e-05	1.28719631674625e-05	0.000102390616104815	0.000815809423174175	0.00404316164279795	0.0134049794604424	0.0359315000927366	0.0745257412934334	0.123103555138712	0.167208751842787	0.178581716390475	0.158459717483812	0.116692927421826	0.0713046300256484	0.036350814044404	0.014269351290112	0.00425067329143704	0.00084779430134787	8.01572251791982e-05	2.34035693953863e-06	
2.24084745343275e-05	2.76695946423871e-05	0.000268317125511035	0.00167693332036889	0.00729054847566839	0.0210596792236613	0.0503970489403032	0.0948729994834359	0.142964508678607	0.176996356382041	0.173303050066183	0.142320703462421	0.0964359418681302	0.054871729020358	0.025359378346048	0.00924651601806474	0.00244193915534081	0.000411731362530731	3.02027265462676e-05	2.338275603582e-06	
2.83230065047203e-05	8.80943167836472e-05	0.00064693653478368	0.00332883225416168	0.0118831615429046	0.0319436633914202	0.0685992984098292	0.115182635535841	0.159333319399716	0.179870429081829	0.161949974538594	0.123813534607686	0.0775063956278654	0.0409939382906148	0.0175192445062646	0.00568999434125863	0.00139173394031815	0.000221896106133533	8.59456749108753e-06	
1.75107598755335e-06	1.80944518713846e-05	0.000180944518713846	0.00142070631790162	0.00620912088786557	0.0188287364021653	0.0461945519356491	0.0887172920893975	0.134292157689451	0.172123181580548	0.176727927735818	0.145648663724729	0.103641712731315	0.0607156414084332	0.0293816931231549	0.0116969930328578	0.00338171685996276	0.000717162898902406	9.63091793154344e-05	5.64235595989413e-06	
4.46361339984505e-06	7.33585158757144e-05	0.000464798004027344	0.0028192570373717	0.0100425479392079	0.0288236864944255	0.0636777146920417	0.109496900311599	0.151465346058125	0.177854810688452	0.166412434773023	0.128400497130091	0.0844073175313656	0.0455678647781312	0.0205248588333745	0.00759105383195388	0.00194710579307154	0.000385811453864868	3.95903101551474e-05	5.82210443458051e-07	
2.36963878935543e-05	0.000227834942615895	0.000999909876032929	0.00508967334723521	0.0167255709664086	0.0424052688335783	0.0836946708765954	0.130231463209221	0.16439388524422	0.175500498789542	0.152065548093567	0.109272008117372	0.0666810528343988	0.0328527110221612	0.0138903564247511	0.00469790601624096	0.00105915084576682	0.00017616904770044	1.26251246973855e-05	
9.31696768655246e-05	0.000557664974599665	0.0023224764886707	0.00906355389740163	0.0260215948754358	0.0593585557694936	0.104984055807477	0.148860788072426	0.171092194101432	0.167544594351405	0.133752996361937	0.089766277486746	0.0512431289779538	0.0231395204313176	0.00892128650700116	0.00263136682815433	0.000567329878838827	7.42264645567665e-05	5.21904828914765e-06	
1.20041116018383e-05	0.000201746520792186	0.00107185099722221	0.00439621545211841	0.015229538943371	0.0380110193872211	0.0779678665421595	0.126168440532309	0.162368194370575	0.17307257046946	0.15521258216766	0.113679711328222	0.0713694774552135	0.0376644490683938	0.016045044073483	0.00562102206491243	0.00158163851089383	0.000294100734245039	3.11719672241286e-05	1.3553029227882e-06	
3.58481140597854e-05	0.00037630831083299	0.00194064249896622	0.00791235698055792	0.023630495467442	0.0536725714646687	0.0984172185661452	0.144615942683322	0.170846104627662	0.167625006249198	0.139562908789609	0.0943076682797672	0.0551789673495377	0.0266764225209866	0.0109286366749072	0.00325869045482924	0.00085144115231728	0.000151724720588173	1.10450946022041e-05	
3.87203317558025e-07	0.000117903410196419	0.000861720983225384	0.00387474359880315	0.0132954003149899	0.0351057887863983	0.0721007425591623	0.119158723351942	0.159124300977011	0.173379191112909	0.156987519469067	0.121152433234048	0.0757613627233558	0.0409115153298633	0.0186533262216991	0.00696056043808183	0.00198209378257953	0.000498137068038399	7.00838004780025e-05	4.06563483435926e-06	
5.41177416511787e-06	0.000276193760069766	0.00178878463922021	0.00650186010409161	0.0208440280298977	0.0494951201259243	0.0916226895589868	0.13977124430604	0.169219799980827	0.169386405314053	0.142765308362892	0.101225882814988	0.0588743045870198	0.0299883801477569	0.0123796266803559	0.00444867164137564	0.00111579186625805	0.000252613886921752	3.71093085608082e-05	7.73110595016838e-07	
5.19290583427797e-05	0.000674498623976476	0.00346631290558718	0.0109940959170247	0.0311290574161645	0.0661968084284916	0.112635285814448	0.15739948541971	0.172483815121742	0.159493056563679	0.125575466627955	0.0825793645890925	0.0445476033098694	0.0212413014001155	0.00812313325652723	0.00265417332027836	0.000622569565633697	0.000121039106248784	1.08105102869727e-05	1.93044826553084e-07	
2.31700488501863e-06	8.49568457840165e-06	0.000150798401266629	0.00148635863373945	0.00615164796972447	0.0179639319572899	0.0457805410206406	0.0862924060164894	0.133368925102817	0.168743797184839	0.16952424166361	0.146145469290031	0.105853912842	0.0645550385202062	0.0325189704774961	0.0143590585236817	0.00515745979031106	0.00156243362746423	0.000307775482226642	6.29452993763395e-05	3.47550732752795e-06	
8.68520642998643e-06	4.65141055472606e-05	0.000453174771057959	0.00278274014016765	0.00989399416045321	0.0280752192918121	0.0621743047588755	0.10705983759822	0.152650416195092	0.173567095342722	0.1611951152855	0.12902298761837	0.0872411615479277	0.0490565549761987	0.023462023645378	0.0090671625083185	0.00320233211302966	0.000815830390656725	0.000192618578158366	3.10737385606181e-05	1.15802752399819e-06	
1.15818198629369e-06	2.18124274085311e-05	9.99897114833551e-05	0.00100028317549565	0.00530312228490775	0.0162655078155086	0.0409347841235641	0.0815472075942765	0.127000445707034	0.166405850517698	0.172989149958122	0.147301252593121	0.11076698092648	0.0690602685090511	0.0368325035281119	0.0163678138909645	0.00565771900304467	0.00189517179023857	0.000447637337702511	8.74427399651735e-05	1.38981838355243e-05	
1.43156500233693e-05	7.3512797417302e-05	0.000333709409328542	0.00223556286040616	0.00899545149238717	0.025216824061435	0.0567495581493966	0.102091477777468	0.146311553426006	0.172759329934721	0.166616561891585	0.131993968855336	0.0914290268762787	0.0530245873223699	0.0259565949491291	0.0111698826580989	0.00368008932965615	0.00106380756052038	0.000238723136876186	3.94647649292884e-05	5.99709663141148e-06	
1.70516892895433e-05	0.000195900657633276	0.000810536548842723	0.00422513732907377	0.0143908506835887	0.0377111672482003	0.0755331704767827	0.121923841342557	0.161016582961603	0.174848990820959	0.153901959374738	0.11425678177655	0.0735239776785636	0.0395364730789673	0.0178788899892826	0.007228947412784	0.00224927283264794	0.000634206580053128	0.000106573058059646	8.52584464477165e-06	1.1626151788325e-06	
4.26041104058409e-06	3.85373544125561e-05	0.000408418494754175	0.00177872160944386	0.00752466051786071	0.0220865517995298	0.0528552403346282	0.096745026599489	0.141288204993938	0.170851584514645	0.169391231802961	0.138062880181168	0.0954361121347932	0.0564796881998814	0.0287064559364083	0.0120294642281365	0.00462796832035812	0.00134551526863538	0.000303844769212566	2.92419121421908e-05	6.00330646627759e-06	3.87310094598554e-07	
1.66007622838402e-05	0.00019187392686206	0.000785833758808297	0.0035819040109179	0.0129447339390038	0.0334628900575911	0.0709582210931988	0.118110949071371	0.15657414315455	0.173456346268737	0.157525984536197	0.120826910993855	0.0766854840811237	0.0428191568936113	0.0201797708129644	0.008056195510652	0.00285204956678767	0.000806488195603307	0.00014168557577138	2.21986937516468e-05	5.79096358738612e-07	
1.74092922677789e-06	6.4607817971535e-05	0.00041511490229615	0.00181888416882139	0.00643118600029828	0.0199825791015374	0.0481831178997894	0.0916127252641522	0.137422376318101	0.168239725180781	0.169632081689042	0.142126947398597	0.101284554301807	0.0601732843577702	0.0312783082346146	0.0139653473840507	0.00505178974294793	0.00177806905028249	0.000466182159614968	5.78375376451766e-05	1.35405606527169e-05	
8.52031718042565e-06	0.000127223826989538	0.00086694227310831	0.00333686603757034	0.0111492223177315	0.0301177720842264	0.0657509003942002	0.111199240452452	0.154392601111475	0.172541844923643	0.159717605705669	0.125665189876237	0.0825225638331513	0.0462463452196276	0.0226367399562404	0.00914230033459673	0.00316219953537161	0.00113862420502052	0.00024921927752745	2.34308722461706e-05	4.64744573477763e-06	
5.10635587922129e-05	0.000319389939974107	0.00170839640232959	0.0060872421872755	0.0177252679574809	0.0431797724623353	0.0857372684762712	0.131570016099583	0.166031122753689	0.171939157090146	0.145380670093685	0.106674686687206	0.0646033623508964	0.0344465448027393	0.0160861859676564	0.00576319245486409	0.00194992897699693	0.000633537613456238	0.000101544643529762	1.14553230750592e-05	1.94158018221342e-07	
7.16039042319069e-06	0.000118243204015392	0.000711587988812761	0.00305768023476791	0.0101871068074799	0.0273823005986086	0.0592504890353135	0.106921852660066	0.149376194527294	0.171394008030475	0.164219103302372	0.130041011619959	0.0868671472772325	0.0498049664467975	0.0250896209947292	0.0105033251304933	0.00352504085293023	0.00115398400252665	0.000334022537038571	4.78004441764351e-05	7.35391448868233e-06	
6.58031869257583e-05	0.000277921695368791	0.00154114934555828	0.00561378599990749	0.0166822691183902	0.040028659223294	0.0790280791875552	0.127128660520004	0.163307446230571	0.171588583766392	0.15174563274893	0.110718894011	0.0684914406504606	0.0372358945546508	0.0169743191450695	0.00665676651268076	0.00212079800686018	0.000613324409905083	0.000151153791144168	2.39988093493942e-05	5.41908598212127e-06	
0.000108123567798709	0.00063382112951537	0.00270677082182825	0.00960187662209573	0.025556884816622	0.0566854274620686	0.0995269690793724	0.14519871290325	0.170689522206217	0.166419028817837	0.134770795475552	0.0912442774923548	0.0528617673126565	0.02656332533839	0.0115537201676807	0.00419027267678688	0.00128469400449003	0.000320882846370362	6.76256723328842e-05	1.55015867811769e-05	
3.48693879899367e-06	0.00025493396997087	0.00136513653980602	0.00512502515923203	0.0156482190169506	0.0373224494350287	0.0763221164323734	0.120508217455577	0.158202025872698	0.172652481412195	0.153749979901672	0.115631733545184	0.0733969622176621	0.0395829543708875	0.0190739426681397	0.00776192576655991	0.00249781049301247	0.000711916671461208	0.00015245671304489	3.52568256342693e-05	9.68594110831575e-07	
2.21437909004559e-05	0.000505422315113914	0.00256751428177391	0.00879846625111447	0.0242583286876696	0.0537668725003254	0.0955613353871376	0.139400408300425	0.168480838822339	0.167641899937259	0.137199820518747	0.0958515355942014	0.0569851034445249	0.0289324167616842	0.0130428870841483	0.00501964775832966	0.00142905148819872	0.000426947828063176	9.73161336941088e-05	1.20431143493707e-05	
1.95101241936466e-07	0.000121743174968355	0.00106388707227955	0.00502034515750913	0.014583232531025	0.0360014468708102	0.0716649783905864	0.116661177818394	0.154722893804053	0.1718291755958	0.157599661616406	0.117642927267818	0.0772673105527921	0.0427072716574085	0.020282725111715	0.00854133727073653	0.0031828816609515	0.000781770676439418	0.000290115546759524	3.04357937420886e-05	4.48732856453871e-06	
6.88221637255679e-06	0.000344504088134843	0.00194176819082852	0.00879055665529004	0.0229014598360735	0.0510660454843714	0.0931256293541079	0.135133105014167	0.165098471735032	0.167760513027937	0.142441428897561	0.0978161547641356	0.0601198960746001	0.0315541755291589	0.0139008972640437	0.00543439468252434	0.0019144359600918	0.000493356596535571	0.000138824135972146	1.75004930616444e-05	
3.17939907382723e-05	0.000690976233498228	0.0039618077154734	0.0147397730975444	0.0342089516869576	0.0680357830504458	0.113624021248655	0.150725436179982	0.169300433464656	0.159375178964622	0.123870375307325	0.079636442627645	0.0453925372986957	0.0222611254282809	0.0090845897884021	0.00355835974604303	0.00112582323726019	0.000307671040808871	6.18106776464548e-05	7.10921532035902e-06	
