# <P(U)> as a function of N_tot.
# number_of_species: 1
# species_total_upper_bound: 103
# species_total_lower_bound: 0
# volume: 729
# Bin widths for each
10	10	10	10	10	10	10	10	10	10	10	10	10	10	10	10	10	10	10	10	10	10	10	10	10	10	10	10	10	10	10	10	10	10	10	10	10	10	10	10	10	10	10	10	10	10	10	10	10	10	10	10	10	10	10	10	10	10	10	10	10	10	10	10	10	10	10	10	10	10	10	10	10	10	10	10	10	10	10	10	10	10	10	10	10	10	10	10	10	10	10	10	10	10	10	10	10	10	10	10	10	10	10	10	
# Bin lower bound for each
0	0	0	0	-10	-10	-10	-10	-10	-20	-20	-20	-20	-20	-20	-20	-30	-30	-40	-40	-40	-50	-50	-50	-50	-60	-60	-60	-60	-60	-60	-70	-70	-80	-90	-90	-90	-100	-100	-100	-110	-110	-110	-110	-120	-120	-130	-140	-140	-150	-150	-150	-160	-160	-160	-160	-170	-170	-180	-180	-180	-200	-200	-200	-200	-210	-210	-220	-220	-230	-230	-230	-250	-250	-250	-260	-260	-270	-270	-270	-270	-280	-280	-290	-290	-290	-310	-310	-320	-320	-320	-330	-330	-330	-340	-340	-350	-350	-350	-360	-360	-370	-370	-370	
# Bin upper bound for each
0	0	0	0	0	0	0	0	0	0	0	0	0	0	0	0	0	0	0	0	0	0	0	0	0	0	0	0	0	0	0	0	0	0	-10	-10	-10	-10	-10	-10	-10	-10	-10	-10	-10	-10	-20	-20	-20	-20	-20	-20	-20	-30	-30	-30	-30	-30	-30	-30	-40	-40	-40	-40	-50	-50	-50	-50	-60	-60	-60	-60	-70	-70	-70	-70	-80	-80	-80	-90	-90	-90	-100	-100	-100	-100	-110	-110	-120	-130	-130	-130	-140	-140	-140	-140	-150	-150	-160	-160	-170	-170	-180	-180	
# Normalized histogram for each
1	
1	
1	
1	
1.70124112083e-05	0.999982987588792	
0.000109320681286486	0.999890679318714	
0.000461681728158651	0.999538318271841	
0.00145280502788512	0.998547194972115	
0.00389069914777239	0.996109300852228	
3.0491656176085e-06	0.00946722364758615	0.990529727186796	
3.91574874989721e-06	0.020468923965296	0.979527160285954	
1.17330547529518e-05	0.0406737206950662	0.959314546250181	
4.55683281891754e-05	0.0738688638991213	0.92608556777269	
0.000197843076598678	0.124393834411419	0.875408322511982	
0.000489516548258534	0.193538814763473	0.805971668688269	
0.00108517684828933	0.279919287805022	0.718995535346689	
1.51901151410728e-05	0.00254846731738227	0.380255454336344	0.617180888231133	
3.73460344590991e-05	0.00530747945533849	0.486876342937344	0.507778831572859	
2.60526463192604e-06	9.20526836613868e-05	0.0101783347061631	0.592041611286701	0.397685396058843	
3.47565110892821e-06	0.000250246879842831	0.0191256391396547	0.68466156064555	0.295959077683843	
1.56253730015256e-05	0.000570760152694617	0.0335750202370282	0.757263302726411	0.208575291510865	
3.04086840251019e-06	2.82366351661661e-05	0.00128715615380539	0.0562217470744674	0.801860055760838	0.14059976350732	
2.60756759575749e-06	8.08345954684821e-05	0.00256280435203032	0.0892579079919774	0.818741457499908	0.0893543879930204	
9.99455079708715e-06	0.00013948916547239	0.00507810089629393	0.135528716082623	0.805709843415807	0.0535338558890066	
2.17275487066459e-05	0.000312442150401569	0.00943019068965847	0.19417649548545	0.765392881881223	0.0306662622445601	
2.60171739365155e-06	3.51231848142959e-05	0.000720242098475871	0.0165564622540672	0.264542190966924	0.701668438002592	0.0164749417757328	
4.3193241812613e-06	0.000110574699040289	0.00145777191117569	0.0281192323524292	0.343413052220197	0.618403258152616	0.00849179134035972	
2.58829984936095e-06	0.000208358137873556	0.00311760716855526	0.0459582835085612	0.423507543168528	0.523116537337951	0.00408908237868207	
1.55308174559486e-05	0.000399918549490675	0.00575805057179293	0.0711924043948762	0.496867520401454	0.42402755512146	0.00173902014347024	
2.24833169464543e-05	0.000866904816877707	0.0102761729589688	0.106237996286794	0.553720426871715	0.32816044094973	0.00071557479896888	
7.59315938779176e-05	0.00174208771097051	0.017844792350955	0.150261681967244	0.588734962290201	0.241027705919974	0.000312838166777021	
1.73349957594267e-06	0.000262625185755314	0.0032260427108293	0.0288410991947461	0.205014060848435	0.594327295987685	0.168217498724794	0.000109643848178374	
2.47088795476801e-05	0.000495478058298217	0.00568087485039207	0.0444785841205134	0.263098415467238	0.574568147306537	0.111619545677398	3.42456400748549e-05	
3.90389309232143e-06	7.28726710566667e-05	0.00104233945564982	0.00999049618914969	0.0661605775332688	0.324804772812942	0.528361566432766	0.0695582658212859	5.20519078976191e-06	
8.68101899537171e-07	1.08512737442146e-05	0.000195756978345632	0.00217242500359177	0.0169492555375135	0.0960068614774139	0.382278220582088	0.461729510733429	0.0406562503119741	
1.30525810173704e-06	3.61121408147247e-05	0.000400279151199358	0.00413549275233685	0.0268617766477143	0.134342819949217	0.428086804884798	0.383496577613257	0.0226388316025611	
4.80165037088384e-06	0.000120041259272096	0.000920607330199456	0.00776252259503885	0.0409022039138689	0.177834359649724	0.456302144286102	0.304192844755223	0.0119604745602016	
2.18259597965821e-06	1.39686142698125e-05	0.000253181133640352	0.00186000829386472	0.0128633476657136	0.0604395748303032	0.225007748215728	0.465603596918174	0.228052469607351	0.00590392212497545	
2.62254497008987e-06	6.77490783939884e-05	0.000571277712651244	0.00367331132143922	0.0203675584193747	0.0857760154275579	0.273548924013508	0.45073592982769	0.16258248996658	0.00267412168783498	
2.05937484390377e-05	0.0001906017142762	0.00120013355264945	0.00659131399507327	0.0314440248772481	0.117350627408264	0.315426557873253	0.415616896688613	0.110901716992822	0.00125753314936251	
5.70218455076436e-06	5.00037722143951e-05	0.000358798997117326	0.00239272436341689	0.011283745966801	0.04684388471411	0.152921185282399	0.35020887540639	0.363523476332425	0.0718742817440614	0.000537321236514334	
1.05220146852252e-05	9.46981321670265e-05	0.000745309373536782	0.00427369163131562	0.0189839065785389	0.0665697179924697	0.191771170731964	0.371229392195822	0.302873123793256	0.0432652091338102	0.000183258422434338	
2.2419533656116e-05	0.000247494067615555	0.00150078995886235	0.00782002125899309	0.0293836562478844	0.0916224796707582	0.231871609045534	0.372762552521055	0.239895604100928	0.024817104961223	5.62686334898598e-05	
3.96428444005143e-05	0.000501261743642059	0.00290361811431323	0.0129085910889052	0.0433366765465444	0.122221532143079	0.266834664231715	0.357789884996108	0.180258215869383	0.0131874124278555	1.84999940535733e-05	
8.78673624590209e-07	0.000126089665128695	0.00101355002596481	0.00565031074292734	0.020681780438792	0.0609325011708326	0.156348109401896	0.292281115810062	0.328170540006449	0.128031973175852	0.00676095420440936	2.19668406147552e-06	
1.32491336170709e-05	0.000318862482384173	0.00214724292153996	0.00944177425331195	0.0316044833301609	0.0842446161041453	0.190086203279691	0.307728793767961	0.284701799541492	0.0863847928210894	0.00332729908903374	8.83275574471393e-07	
1.37286353647876e-05	5.18145270219401e-05	0.000765260706785577	0.00384446076134583	0.0154695149008837	0.0455998837937445	0.110997345501923	0.221254673271764	0.310138287215452	0.235132995047948	0.0551696283614121	0.00156240727635389	
1.77695800781684e-06	3.68718786621994e-05	0.000184803632812951	0.00168277923340255	0.00684039985109092	0.0238809829065524	0.0641019831739846	0.139978978586768	0.245482306384877	0.299098016115232	0.184776978442834	0.0333121875330403	0.000621935302735893	
4.87900294470005e-06	8.91526901713373e-05	0.000508746943415542	0.0031700212768883	0.0115698901647728	0.0362784917139006	0.0861387969886794	0.169807931395896	0.261548710856536	0.273875290023459	0.137855784656778	0.0189296443339917	0.00022265995256722	
1.1103521237483e-05	1.15476620869823e-05	0.000172770790455235	0.0011765291103237	0.00558551532330345	0.018633929340744	0.0517841582065237	0.110874433387311	0.195129284959881	0.269616146829412	0.239870701715894	0.0969497294738086	0.0100882152555276	9.59344234918531e-05	
1.19940775910206e-05	2.30997049901138e-05	0.0003576012022508	0.00238282341474943	0.00986135290529876	0.0286591820660998	0.0712195000601925	0.137197588213109	0.216391372970946	0.26379418873614	0.199714274418276	0.0652926488298445	0.00507216214571383	2.22112547981863e-05	
2.08201269496166e-05	9.47980248344246e-05	0.000713643074804944	0.00430622242717496	0.0162051464695931	0.0422856778346714	0.0943647890013028	0.161764412732881	0.229447987557538	0.248449232778322	0.158628104247705	0.041399272004327	0.00231546390565204	4.42981424459928e-06	
2.66596522159503e-06	4.88760290625755e-05	0.00025548833373619	0.0016826683823634	0.00828448692610655	0.0251116150772774	0.0588227453043466	0.118151579673259	0.183892060400108	0.235888157427024	0.223425658671141	0.11870476745674	0.0246575123345324	0.00107082936400734	8.8865507386501e-07	
1.55705309462078e-05	0.000117891162878431	0.000475123630015713	0.00332675515473549	0.0135316811368801	0.0365871887450864	0.0792081806679847	0.140911080701617	0.202295897031634	0.232024934203385	0.191691920584954	0.0849434745239421	0.0144387757825749	0.000431526143366331	
2.09518375207289e-05	0.000205060537436922	0.00113273657745047	0.00641705747044454	0.0215803926463508	0.0511608209554038	0.102525365096913	0.163073055045381	0.211023341238566	0.219850751591448	0.157268504484585	0.0578805656104563	0.00770269788341863	0.000158699024625096	
6.20846691959097e-05	0.000444865687187958	0.0024949997275421	0.0106513173116177	0.032506460825467	0.0699855016664597	0.126258777834254	0.181964358933359	0.213322030052553	0.198831289601309	0.122573896389174	0.0369055392924492	0.0039283069466045	7.05710628270053e-05	
1.78852482472457e-06	0.000173039776792102	0.000967591930175991	0.00452988624982115	0.0180694663041923	0.0468915438546287	0.0911709472027472	0.147994616540278	0.194537398054085	0.2076316354271	0.173111317785091	0.0904872835884962	0.0224670017169838	0.00194546787809415	2.10151666905137e-05	
2.82761765582417e-05	0.00046319070171596	0.00173965810063087	0.00821759550166425	0.0284180062692323	0.0643072067446311	0.113504612158576	0.167006728832364	0.199988420232457	0.194994757686632	0.14373678200953	0.0636842332039511	0.0129635048814555	0.00093266499822264	1.43625023787895e-05	
4.48131471018442e-07	7.88711388992457e-05	0.000902088651160123	0.00354427180428485	0.0141300334126825	0.0416632309920555	0.0839179955258554	0.13540650901999	0.180889164539536	0.198466225227292	0.176091469010813	0.114393624343936	0.0427660825422319	0.00739506553474632	0.000352679467691513	2.24065735509221e-06	
1.92897600084696e-05	0.00023910330429103	0.00177869531240888	0.00663702324012342	0.0226762343876309	0.0584533560145023	0.105644183778478	0.156724814078115	0.187814524022929	0.190079949326249	0.152012729447209	0.0865181624305457	0.0272887300250049	0.00396965317011505	0.000142654504248682	8.97198139928816e-07	
7.55269691971348e-05	0.000716607076787101	0.00339556665682119	0.0120942055079841	0.0348345667157142	0.0772730807945257	0.127823101452051	0.172028407131724	0.189412197875265	0.176038079978565	0.12516527144078	0.0620750765047737	0.0171140515678365	0.00187738466290021	7.68756650756551e-05	
4.50653244410435e-06	1.44209038211339e-05	0.000173050845853607	0.00156196414512657	0.00603559890238896	0.0198895809420546	0.0506412570341338	0.0992942319539288	0.148846710749567	0.181930968034715	0.183930065826919	0.154467258013854	0.0992572783878872	0.0429954740894664	0.0100130644375555	0.0009112208601979	3.33483400863722e-05	
1.52579057267857e-05	7.22506712356615e-05	0.000546143272632298	0.00306683905108392	0.010916582785582	0.0306468499380484	0.0700064128080246	0.120735808016055	0.163979854179297	0.187065065543924	0.173261148480515	0.129791823826835	0.0754077114353067	0.028579403712069	0.00546502282178811	0.000434850313213391	8.97523866281509e-06	
5.74655363913978e-05	0.000135582749923454	0.00113045484869953	0.00570345448684623	0.0177775024220826	0.0454453623965284	0.091739688303339	0.141520107101393	0.175015780575032	0.183362649735883	0.155697932407959	0.106621915380202	0.0546910284625006	0.0179786317994525	0.00292625286093071	0.00019349723581791	2.69369701834677e-06	
0.000114825342132423	0.000310387252951707	0.00252032655250815	0.010022996465981	0.0275509055278983	0.0626547170564524	0.115308415935066	0.15883305157766	0.179992760621008	0.173001422309218	0.134807194345928	0.0842504035707093	0.0380717775007816	0.0109577465167777	0.00153399480505034	6.90746198765358e-05	
1.70461223211794e-05	0.000137714725068476	0.000720422959153005	0.00450825077178562	0.0160637273768799	0.0406603847220091	0.0846093253055069	0.135688030840921	0.17189354606894	0.179562506784805	0.15829298336747	0.112108757849066	0.0635887649904945	0.0251358531090781	0.00627028152119596	0.000717282883988577	2.51206013154223e-05	
4.62431275080162e-05	0.000315620569302286	0.00170201646973679	0.00765121727176323	0.0253080106565716	0.0568592924891284	0.10600675778209	0.154444862478326	0.180292076980889	0.171975946390297	0.138519268119449	0.0908551746059681	0.0458228986988172	0.0163628837393899	0.00355174157005744	0.000270724329003241	1.52647217016753e-05	
7.18314367589297e-06	9.29319213068652e-05	0.000688234953446495	0.00361761073377159	0.0133076715525512	0.0372984735370742	0.0754373748842279	0.128483544091258	0.170569133941835	0.180426651797559	0.158063280802106	0.11831849789691	0.06962710954339	0.0318621806138625	0.0102296944874311	0.00185684264021833	0.000109542941057368	4.04051831768979e-06	
5.23647612905363e-05	0.000214829789909892	0.00122811029898488	0.00661451971891312	0.0209512752609623	0.0515103653135821	0.0972910411054425	0.148634465769782	0.180137464211819	0.174320052525884	0.141510172861895	0.0964737927796603	0.0524645676304319	0.0212990309833789	0.00620500043189739	0.00104729522581073	4.56513303558521e-05	
7.16314419051098e-06	8.4166944238504e-05	0.000479035267740422	0.00262753082838181	0.0112501656477094	0.0316951222569635	0.0694986157223852	0.119838506914225	0.165423861149613	0.182384395806695	0.16198599963468	0.122097135816795	0.0768224829606708	0.0378518446887077	0.0139054536598294	0.00350904526032657	0.000524252615443023	1.52216814048358e-05	
2.32844613386147e-05	0.000181350131579595	0.00120183642755465	0.00482883905914656	0.0180347108629624	0.0449587126200437	0.0901628076403482	0.14054366530557	0.178285090466849	0.178174489275491	0.145363101024561	0.101824740546173	0.0586889325820811	0.0265536892661768	0.00895063649418403	0.00199709033788888	0.000223441273230168	3.58222482132534e-06	
8.75022548657985e-05	0.000485974061639281	0.00259051547353977	0.00876278991291955	0.0272827543376438	0.061078817543888	0.112097568155282	0.158646075366814	0.181964753194281	0.168159141024019	0.127620468168475	0.0839676124987323	0.043092392509089	0.017616671916802	0.0054556534085045	0.000964319721572312	0.000125195533884912	1.7949180485292e-06	
3.13596467649388e-06	3.13596467649388e-06	0.000162622168223897	0.00117733073854656	0.00470081105006433	0.0151605972310328	0.0404709681350149	0.0799326036391526	0.133606879052114	0.171219639381982	0.179673304159902	0.153405120044728	0.108024575211185	0.0668498070037739	0.0306083592274417	0.01134771217937	0.00312028485311141	0.000489658484486831	4.34555105171295e-05	
8.98358788329601e-06	4.53671188106448e-05	0.000320714087433667	0.00228228050175135	0.00821863537503335	0.0247740403057654	0.0559448443638317	0.100596869578966	0.152067887176916	0.179354187834246	0.17074162213053	0.136589165253997	0.0891261753901797	0.049851276702592	0.0209874580129561	0.00713117206176037	0.00173383246147613	0.000199884830403336	2.56032254673936e-05	
2.42287408502852e-05	0.000157038135140738	0.000804035251920576	0.00425169533883894	0.0136878925392528	0.0369986333195439	0.0751844749407518	0.123161868628178	0.167104279603259	0.179580286419611	0.15741682138662	0.11638455139589	0.0706765831014404	0.0357674543400405	0.0136389863771661	0.00425977158578904	0.000818841704662417	7.7621706798136e-05	4.93548424728032e-06	
6.27884906902608e-06	3.81215836333726e-05	0.000339954828165841	0.00166658593860721	0.00733728362637619	0.0210812357492551	0.0521139987836972	0.095927359098142	0.143303069280821	0.177716544049714	0.174026374754004	0.140621552239127	0.0952304068514801	0.0541160546582781	0.0248198418806409	0.00880160092711691	0.0024635512811543	0.00035744590771527	2.73578423721851e-05	5.38187063059378e-06	
3.33857881211561e-05	9.88038864666647e-05	0.000697492276152802	0.00357633976265412	0.0119755724309185	0.0317264242196749	0.0706362067969855	0.115250898709323	0.159930106401409	0.181914196719891	0.160473753356625	0.122913388242428	0.075926500736292	0.0406476481968065	0.0170903654029394	0.00540263260474114	0.00146446308434152	0.000230091242456617	1.17301417722981e-05	
4.04612401549935e-06	2.65245907682735e-05	0.000200957492769801	0.00148223009767793	0.00642434579794286	0.0187443438558033	0.0465034520181392	0.0901152740732016	0.134787180620325	0.171728742451169	0.178410691478099	0.144679054699551	0.10306736661615	0.0592451461122817	0.0292809003614987	0.0111592100347472	0.00325847854048215	0.000765167008264433	0.000104749655067928	1.21383720464981e-05	
4.0342336099174e-06	0.00010847605928889	0.000554931245453082	0.00292840535262115	0.0105629683353004	0.0290505162250152	0.064001323228624	0.11076884872386	0.151515952928562	0.176726775253294	0.167788258318254	0.127864586018153	0.0835539087913571	0.0445549724842855	0.0204410134532726	0.00730644531573929	0.00178851023373005	0.000421353288146929	5.7375766896603e-05	1.34474453663913e-06	
2.87240636291867e-05	0.000311925378473199	0.00117544254132562	0.00547283174834848	0.0173785073091522	0.0428585470022176	0.0833280597747764	0.130611907829866	0.163758130817464	0.173860024945054	0.153390539101305	0.10965411290442	0.0657448935122663	0.0327521647396859	0.0137628657998283	0.00469548677638361	0.000964051385554579	0.000230690136021906	2.1094234227684e-05	
0.000149009355467617	0.000738354740415888	0.00249791431515925	0.00979089615297104	0.0273128794942605	0.0603532503223331	0.104303425876768	0.148447670501947	0.169931339701178	0.166938660789571	0.134480943309525	0.0897928591504682	0.0499136727237036	0.0232026304166462	0.00883348873730186	0.00265852320129201	0.000552316113978773	9.14578379367112e-05	1.07072590755174e-05	
2.45797862094886e-05	0.000299873391755761	0.00140909210760941	0.00476356256739889	0.0162432165376377	0.039712890220865	0.0788698303681918	0.124629347996591	0.162166703685314	0.171703213829392	0.156120970088188	0.113981831515844	0.0705918052780398	0.0359664838973352	0.0160438968167389	0.00547146041023216	0.00165310234888906	0.000296745055329099	4.82657620113594e-05	3.12833642666219e-06	
7.23397718707244e-05	0.000527365867773614	0.00227021851969607	0.00890002464910745	0.0250581397425776	0.0555788253449982	0.0990295753566083	0.14361900696248	0.170182439118491	0.167018690453651	0.139488941838823	0.0943734839905833	0.0536711987682591	0.0251465550193085	0.0107906826373831	0.00317714491889015	0.000913177984417477	0.00016075504860161	2.14340064802146e-05	
8.90897962783629e-07	0.000128289306640843	0.00111273155551675	0.00432219146644477	0.0145946904263214	0.0374012328246009	0.0735721355625976	0.119342909298569	0.158050643985592	0.171621247203694	0.156259048182435	0.121768379002248	0.0752866686919747	0.0398757019162324	0.017404582600941	0.0067641427824347	0.00192344870164985	0.000476184961107849	8.55262044272283e-05	9.3544286092281e-06	
7.98142987316178e-06	0.00030063385855576	0.00227116021168526	0.0073225184958552	0.0225266989914577	0.0517076934332786	0.0924302788844621	0.139402323926331	0.168326138961128	0.167130254718466	0.141745760419646	0.102020853702607	0.0583828292838662	0.0288821342343481	0.0117974401780746	0.00432283110185857	0.00111695676947192	0.000248754564380209	5.498318357067e-05	1.77365108292484e-06	
5.35206171590637e-05	0.000787328087133334	0.00412418375529843	0.0117984210090981	0.0326449225521284	0.0682436523884571	0.112484856098099	0.156981277957335	0.173160427828775	0.158033997534513	0.124068310000261	0.0827004114895053	0.0438245390702717	0.020006095157888	0.00766362159419783	0.00267514621965304	0.000625439278205918	0.000105271957717828	1.81350851530712e-05	4.42319150074907e-07	
5.31020444287105e-06	1.85857155500487e-05	0.000145145588105142	0.00174041950615099	0.00690016815647402	0.0190083193202938	0.0478011328436145	0.0888835295158864	0.133389237985662	0.169369855739446	0.168847685635897	0.143295424373838	0.104079564563236	0.0645092486060713	0.0319417647579432	0.0130467297990973	0.00508850340738118	0.00157491813434817	0.000301796619169838	4.82343570227454e-05	4.42517036905921e-06	
1.98543922989666e-05	4.85329589530294e-05	0.000566511993597179	0.00311140387760694	0.0105982746091883	0.0299007148022436	0.0647945886633185	0.108589407196379	0.15311310253117	0.173891827093833	0.160126556308601	0.125206209924461	0.0854674231337202	0.0487879775918916	0.0231488977944417	0.0085170930875389	0.00314670057502732	0.000782263056579282	0.000152658216343165	2.91197753718176e-05	8.82417435509625e-07	
1.31503909392053e-06	4.953313920434e-05	7.53955747181104e-05	0.00128040973111396	0.00602507078197923	0.0175075538037287	0.0435558481761065	0.084966429243664	0.128696739272897	0.166235406901588	0.172731261679191	0.14492081492096	0.106690875075231	0.0673620008933499	0.0361990811383504	0.0159829851475101	0.00527111503479813	0.00189979314435053	0.000467715571071069	6.96970719777881e-05	1.09586591160044e-05	
1.66466468834411e-05	0.000106450926123057	0.000291754390115046	0.00255657450557268	0.010106266936868	0.0261150844028804	0.0600926429706029	0.105669409858845	0.147117370250339	0.173572834775021	0.166281165370419	0.127172496935703	0.088083979705109	0.0518810272908634	0.0251701681574177	0.0108360909818105	0.00357289610477224	0.00104085349986989	0.000281240718399188	3.50455723861917e-05	
2.88488269017933e-05	0.000253957097423363	0.000622435295578087	0.00463679326930642	0.0160119731373711	0.0392094896904783	0.0782323362129708	0.125100315238999	0.161429293273677	0.175248318463074	0.152633897896134	0.109453760575718	0.0713112403771678	0.0387662668044417	0.0174701502062254	0.00672745901281063	0.00212432270822296	0.000603202744310225	0.000128071307306446	7.86786188230728e-06	
9.55453293100064e-06	6.73160274684136e-05	0.000470343598376077	0.00160776731411656	0.0087146026269754	0.0237477916000021	0.0553020709015831	0.10094624619773	0.143907769225023	0.169975140842501	0.167953922830643	0.134675918928919	0.0915254767277636	0.0551969710393421	0.0282423307501351	0.0116969197923018	0.00442765741961598	0.0012381806084674	0.000255800904379972	3.69152408697752e-05	1.30289085422736e-06	
3.1392826610108e-05	0.000229210638125857	0.000849326473355661	0.00359942409214526	0.0143886655554466	0.0348245356011855	0.0730029431850044	0.123116645422754	0.159741753147453	0.171309794733918	0.15653839471706	0.116230435388402	0.0729272563701636	0.0423295713546048	0.0197211456919581	0.00754158904467758	0.00274450711542067	0.00071644450866356	0.000119550764350822	3.74133686997177e-05	
6.39148671128411e-05	0.000554643779710762	0.00185867865234859	0.00665400952117041	0.0212776453248205	0.0501474331531992	0.0939218248252207	0.141920174191606	0.171875656843223	0.167565478422083	0.139976561689	0.0966963306002936	0.0563947896943497	0.030704444785705	0.0133860895511632	0.0047125418127629	0.00177975022584683	0.000413945280294575	6.94913320287265e-05	2.65954480603768e-05	
1.6286610049267e-05	0.000209582955633988	0.00110620369834627	0.00359291189586856	0.0114464866996256	0.0318253218212716	0.0683300438666984	0.114132705870251	0.157703245107052	0.174376447847489	0.157577666771672	0.124166543445604	0.0774702608643475	0.0425791989988021	0.0224858081480196	0.00865890481119319	0.00296630600397308	0.00108691692328792	0.000220726425667697	3.8573550116685e-05	9.8576850298195e-06	
0.000107540295348667	0.000515333095310813	0.00194647934581088	0.00644725578674329	0.0185201595037661	0.0461821044345316	0.0878389132407913	0.134428380314104	0.167897071032516	0.172066623363774	0.143349062893866	0.104286556172598	0.0603825853547324	0.0319712996459773	0.0160441517436583	0.00555510149653075	0.00170989069604381	0.000650833867450134	8.25909468277764e-05	1.76366084371814e-05	4.30161181394669e-07	
1.58703674075841e-05	0.000212319780182544	0.0010238531622136	0.0033499343095468	0.0106936251307697	0.0288051457736139	0.0614183218673503	0.10841691369394	0.150969658002161	0.172960840082886	0.163044434026239	0.129548093432713	0.0836887366286793	0.0468184417100707	0.0236961742549184	0.010464148196633	0.00347689724880747	0.00101527458523653	0.000331990929012704	3.3027521361729e-05	1.62992962564377e-05	
0.000145235279016193	0.000376330237686077	0.00201150861437428	0.00621692426706376	0.0172586499355625	0.041895679207733	0.0825709549091447	0.129554994833469	0.16459898617232	0.171997869313024	0.149066073081538	0.108691519840207	0.0655194788274729	0.0344211882894232	0.0162283337797182	0.00662315588572376	0.00211146465934425	0.000541642158213333	0.000122595661993081	3.54544945833648e-05	1.19605523895689e-05	
0.000210159413603978	0.000872674150392127	0.00324422915919148	0.0105122422129957	0.0257470910861654	0.0594020708390999	0.103660276453603	0.147307225724879	0.170989457857057	0.165479607702428	0.132325678746561	0.0891315119517488	0.0496010388367762	0.0244045483281221	0.0111350316947734	0.00426469834435389	0.00133912553180583	0.000281921164590702	6.70630649102124e-05	2.43477369419242e-05	
7.67411937348489e-06	0.00044936232331406	0.00162435526738764	0.0059333732955994	0.01687922556198	0.0376287653279876	0.0790920323029265	0.123860286688046	0.159407233965993	0.172691134601496	0.15274950906953	0.113646460141903	0.0707575123233567	0.0366132235308964	0.0176769076368573	0.00752873744535388	0.0025802094693517	0.000700902902778287	0.00013003368938405	4.09286366585861e-05	2.13169982596803e-06	
3.97859430701657e-05	0.000820103794252771	0.00296127202077083	0.00968039053539473	0.0251870687984517	0.0545769021637992	0.0992766231060501	0.141616139231977	0.169035498900753	0.167329837018809	0.136191561187572	0.0934738646995584	0.054441287712689	0.0262561555912726	0.0124448718700121	0.00474522237133632	0.00144085006731525	0.000388447702233446	8.04274978192597e-05	1.36897868628527e-05	
4.30408349921988e-07	0.00022295152525959	0.00141733469629311	0.0055630279227417	0.0160098993920482	0.0369221498897079	0.0725522139129499	0.120321945445742	0.156803357185129	0.17086824124388	0.155593909721849	0.116657448754506	0.0761469844514984	0.0405272502286544	0.017991499435089	0.00820831764136224	0.00310109216118793	0.000759240329262388	0.000284069510948512	3.8736751492979e-05	9.89939204820573e-06	
1.51686669082096e-05	0.00058247680927525	0.00249372883970966	0.00964033790589186	0.0248285073858406	0.0515856024214393	0.0940223317448128	0.13941175042949	0.164843970758277	0.167167377138132	0.140749626850794	0.0964202812877591	0.0585371857702302	0.0296213727383518	0.0125700575715918	0.00502732960386376	0.00184581006748757	0.000452026273864647	0.00015255345004828	3.25042862318778e-05	
6.98764705524929e-05	0.00103165447517562	0.00449466291330196	0.0160550956439616	0.0369273276025947	0.0672602260525523	0.114806173087056	0.153954791225599	0.168642304517319	0.158151285596854	0.12305680479639	0.0767907690144293	0.0447899495934578	0.020796713288595	0.00823153503415267	0.00342307902638206	0.00111151329866419	0.000315963171193881	7.46506393480048e-05	1.56245524216754e-05	
