# <P(U)> as a function of N_tot.
# number_of_species: 1
# species_total_upper_bound: 103
# species_total_lower_bound: 0
# volume: 729
# Bin widths for each
10	10	10	10	10	10	10	10	10	10	10	10	10	10	10	10	10	10	10	10	10	10	10	10	10	10	10	10	10	10	10	10	10	10	10	10	10	10	10	10	10	10	10	10	10	10	10	10	10	10	10	10	10	10	10	10	10	10	10	10	10	10	10	10	10	10	10	10	10	10	10	10	10	10	10	10	10	10	10	10	10	10	10	10	10	10	10	10	10	10	10	10	10	10	10	10	10	10	10	10	10	10	10	10	
# Bin lower bound for each
0	0	0	0	-10	-10	-10	-10	-10	-20	-20	-20	-20	-20	-20	-30	-30	-30	-40	-40	-40	-50	-50	-50	-50	-60	-60	-60	-60	-70	-70	-70	-70	-80	-90	-90	-90	-100	-100	-100	-110	-110	-110	-110	-130	-130	-140	-140	-140	-150	-150	-150	-160	-160	-170	-170	-170	-170	-180	-180	-180	-200	-200	-210	-220	-220	-220	-220	-230	-230	-230	-230	-250	-250	-250	-260	-260	-270	-270	-270	-270	-280	-280	-290	-290	-290	-310	-310	-320	-320	-320	-330	-330	-330	-340	-340	-350	-350	-350	-360	-360	-370	-370	-370	
# Bin upper bound for each
0	0	0	0	0	0	0	0	0	0	0	0	0	0	0	0	0	0	0	0	0	0	0	0	0	0	0	0	0	0	0	0	0	0	0	-10	-10	-10	-10	-10	-10	-10	-10	-10	-10	-10	-20	-20	-20	-20	-20	-20	-20	-30	-30	-30	-30	-30	-30	-30	-40	-40	-40	-40	-50	-50	-50	-50	-60	-60	-60	-60	-70	-70	-70	-70	-80	-80	-80	-90	-90	-90	-100	-100	-100	-100	-110	-110	-120	-130	-130	-130	-130	-140	-140	-140	-150	-150	-160	-160	-170	-170	-180	-180	
# Normalized histogram for each
1	
1	
1	
1	
1.37032425787153e-05	0.999986296757421	
0.000100565294608692	0.999899434705391	
0.000436794615869775	0.99956320538413	
0.00141850037537852	0.998581499624622	
0.00389429592798287	0.996105704072017	
1.9503491264247e-06	0.0094544567009956	0.990543592949878	
2.50633755298467e-06	0.02053999321061	0.979457500451837	
7.79426698259429e-06	0.0406579586146693	0.959334247118348	
4.03471861454997e-05	0.0738295072606848	0.92613014555317	
0.000165041210205725	0.12439904682439	0.875435911965404	
0.000439500771629836	0.19329132670262	0.80626917252575	
2.78023519677671e-07	0.00100866932939059	0.279753660040625	0.719237392606465	
1.14133419740683e-05	0.00238733709194171	0.379991075323325	0.61761017424276	
3.03705090654576e-05	0.00503230976358927	0.486729202052489	0.508208117674856	
1.67223520991569e-06	8.80710543888928e-05	0.00988959903144137	0.591862569021508	0.398158088657452	
5.28966188481232e-06	0.000243602849958462	0.0188000151451372	0.684194378926878	0.296756713416142	
1.61487781361136e-05	0.000559081836160622	0.0331943703132	0.757046366204728	0.209184032867775	
1.94740937521821e-06	2.64291272351043e-05	0.00125802645639097	0.0554942121602362	0.803062662904272	0.140156721942491	
1.66871501434678e-06	8.5938823238859e-05	0.00258567391473033	0.0883907218332726	0.819990427138201	0.0889455695755429	
6.95128180246181e-06	0.000139303687321335	0.00502271817918681	0.134457253648658	0.80708274444391	0.0532910287591211	
2.0558239547941e-05	0.00032698713443144	0.00938039132886793	0.192995474409159	0.76679372029126	0.0304828685967335	
1.66555537111072e-06	3.22007371748073e-05	0.000712857698835388	0.0164815031748261	0.262881544036451	0.703451752469602	0.0164384763277391	
3.87737309080919e-06	9.08413124132438e-05	0.00143518195404094	0.0280275913869142	0.341453937361592	0.620513740856323	0.00847482975562579	
1.93857164933122e-06	0.000198011247038832	0.00309589892398196	0.0455556029428625	0.421848699467668	0.525169583478495	0.00413026536830369	
9.976176336676e-06	0.000404589373654082	0.00582497851658137	0.0706897999416394	0.495355397125254	0.425939222362597	0.00177603650393768	
2.77661468473762e-07	2.08246101355321e-05	0.000902955095476673	0.010444513798109	0.10577874601417	0.552310310014583	0.329799906039359	0.000742466766698838	
4.1794895728701e-06	7.3001751206131e-05	0.00175399245741448	0.0181598821941206	0.149747767804277	0.587521715931239	0.242419868736164	0.000319591636005467	
2.22562185961278e-06	0.000227291632412955	0.0032037826669126	0.0294981139245753	0.204149059911237	0.59406715980883	0.168725505988175	0.000126860445997928	
2.3643469826621e-05	0.000462577533196127	0.00580016038617296	0.0455893385196907	0.262865037789219	0.573757194916487	0.111462548882874	3.94985025338846e-05	
2.50485873014238e-06	6.67962328037969e-05	0.000955464446730978	0.0102938561103385	0.0679515293136659	0.324682015142149	0.526631797177692	0.0694068522358787	9.18448201052208e-06	
5.56704376893317e-07	1.08557353494197e-05	0.000185382557505474	0.00202445546657255	0.0175089093576717	0.0980520635500314	0.381287106086421	0.460136765564271	0.0407925132168578	1.39176094223329e-06	
2.22987938024962e-06	4.43188526824613e-05	0.000385769132783185	0.00400458463200579	0.0276641623262994	0.135915329250053	0.427226492750941	0.382237561314715	0.022519551861141	
8.91802109111988e-06	0.000115376897866363	0.000906293893385058	0.00760456379729338	0.0416920272891445	0.17910702740062	0.455875303770093	0.30283788152409	0.0118526074064165	
1.39206395475904e-06	2.58923895585181e-05	0.000261429610703747	0.00181580822258769	0.0128743642791935	0.0618101453064197	0.225988776066746	0.464077650441048	0.227263071410932	0.00588147020885692	
1.67093823460363e-06	6.8786957324516e-05	0.00058677781005164	0.00356550370293837	0.0203731929151105	0.0874296152079886	0.274284511210185	0.448851048945401	0.16216204926093	0.00267684305183501	
1.47980829502352e-05	0.000163337330677124	0.0011679317166195	0.00661195098763243	0.0315620772599535	0.119462131566126	0.315427280684732	0.413734575441604	0.110614832425671	0.00124108450403387	
5.30838355809216e-06	4.02319595981721e-05	0.000315429738794002	0.00229322169709581	0.0113764247422081	0.0469655044473079	0.155265748856462	0.349899867122778	0.362046286869518	0.0712661668218205	0.000525809360859444	
2.3205118993334e-05	8.13577063501227e-05	0.000692798612837128	0.00409668203143762	0.0187911139491562	0.067583930538971	0.194192178085589	0.370120250044942	0.301554715014579	0.0426831603806422	0.000180608516502334	
3.32893857492895e-05	0.000213163965890409	0.00139395806040933	0.00751137224163171	0.0293254311604876	0.0925741451131881	0.233285860990798	0.372424863198808	0.238877638568467	0.024306007223517	5.42700910534636e-05	
6.35411689391732e-05	0.000478378227828401	0.00279581143332362	0.0124884989084635	0.0435184228801952	0.122433475615167	0.268620151731833	0.357341818178765	0.179195613587957	0.0130455338255954	1.87544419335886e-05	
5.58673886967982e-07	5.58673886967982e-07	0.000151400623368323	0.000971813226380804	0.00541382930166323	0.0200276208369717	0.0610781400405486	0.156337065833572	0.294278955927893	0.327897436413135	0.127224010909784	0.00661441948475742	4.19005415225986e-06	
1.12203285424401e-06	1.45864271051721e-05	0.00031108360883915	0.00203705064687999	0.00917205756701762	0.0306634748572073	0.0842394216145043	0.19042019569375	0.309267037648129	0.285027200881469	0.0856851609471977	0.00316076655040536	8.41524640683004e-07	
2.24664134140215e-06	1.1514036874686e-05	6.40292782299612e-05	0.000777057073957467	0.00369095089375605	0.0150204823482794	0.044400934490466	0.110664216704284	0.221842914275749	0.311888860899482	0.235438745183412	0.0547585127346652	0.00143953543950342	
5.63574595860657e-06	3.52234122412911e-05	0.000235010606473894	0.00160111542684013	0.00670400160506045	0.0234308956102048	0.0630082033918173	0.139491475370663	0.246689281036617	0.299786461585628	0.185399980162174	0.0330350520855641	0.000577663960757174	
1.32343292870075e-05	8.78534199477948e-05	0.000513041445977186	0.00292788416864478	0.011012088292687	0.0353260854261876	0.0851950092499514	0.1693109982908	0.263120429580697	0.274999225650946	0.138630725607301	0.018647733128342	0.000215691409230804	
7.04099209268424e-06	2.19678953291748e-05	0.000169265449908129	0.00114486531427046	0.00521512202320936	0.0179719914967347	0.0505168651475398	0.110210396109317	0.195310361298652	0.270797400803687	0.240922752994111	0.0977016511971376	0.00992132113795951	8.89981400515288e-05	
8.73077363948495e-06	2.70372344964695e-05	0.000381900937262632	0.00224099244675425	0.0092534935064167	0.027733724922613	0.0698946308276858	0.136043196488314	0.217070408619921	0.26522513144743	0.201109709493364	0.0659942281137107	0.00499541071108208	2.1404477309705e-05	
1.43417072030803e-05	8.68938730539569e-05	0.000793293255291949	0.0041900281828607	0.0151805564694879	0.0409556976228199	0.0930560265822137	0.160805126569784	0.231159074279357	0.249722586389101	0.159906379585058	0.0418249175633046	0.00229889130167022	6.1866187934856e-06	
2.5360227949e-06	4.87479937241889e-05	0.000234441218372978	0.00167095724152856	0.00788449486934411	0.0237650696110079	0.0576460523705614	0.116623516708445	0.18350970902238	0.237944592973977	0.22410664370345	0.120489260788805	0.025030544985663	0.00104258714901445	8.45340931633334e-07	
1.57969282308879e-05	0.000117066521711044	0.000528350831722376	0.00320593016685788	0.0130017181980331	0.034997812407528	0.0774768807724021	0.140124395168058	0.202480794743459	0.234696373166322	0.192356092099477	0.086051791921733	0.0145193516602148	0.000427645414250465	
8.49225166957668e-07	3.99135828470104e-05	0.00021711856768551	0.0011736291807355	0.0060416709127925	0.0207394939523845	0.0495545530924251	0.0998451013295469	0.162581044388433	0.212849512771214	0.222015483073244	0.1581724334717	0.0588912176530134	0.00771153066608693	0.000166448132723703	
6.82331287192386e-06	9.26833331769657e-05	0.000497817534947445	0.00250984191805599	0.0102594195123435	0.0314475118078851	0.0673694110315342	0.123294704853337	0.18140573323178	0.216703015022945	0.200903634068005	0.123704103625653	0.0377897811223383	0.00394956093403193	6.5958691095264e-05	
1.22778424347361e-05	0.000153615796043908	0.000977658895268291	0.00440860202772851	0.0172258129359348	0.0454785560343597	0.088020994539501	0.145733421200807	0.194907036745584	0.211367626013493	0.174958112570112	0.0917343280479601	0.0230974769319328	0.00190849067055294	1.59897482870982e-05	
2.7595675067825e-05	0.000367079969391797	0.00189863993565608	0.00797371281985831	0.02686180258399	0.0630532429804939	0.110095820232574	0.165190010595589	0.201678391954021	0.198172303945664	0.145359068599974	0.0649458463622289	0.0134448428570032	0.000917843650953804	1.37978375339125e-05	
2.87418761087179e-07	9.08243285035485e-05	0.000770857117235813	0.00368614561094307	0.0136779714213777	0.0395741143765715	0.0826487018444237	0.132377608468966	0.180387750902207	0.200439520769455	0.178466931321862	0.116397125352519	0.0436842026601181	0.00745334331251272	0.000342890581977004	1.72451256652307e-06	
1.32595602149778e-05	0.000242707602195898	0.00165225650330985	0.00660095497658679	0.0219079642395426	0.056071509384742	0.103420245907192	0.154043229048814	0.188584383408831	0.192696576583328	0.154417955750542	0.0882864756809577	0.0278871611425705	0.0040490661378216	0.000125677570733268	5.76502618042514e-07	
6.27929675348783e-05	0.00067364990055851	0.0032203821921459	0.0116410059491273	0.0335103207621041	0.0749857992401762	0.12560213970654	0.170357899659153	0.191295158488582	0.178310325160505	0.127433263663041	0.0635849691576569	0.0173511148356054	0.00190838534973513	6.27929675348783e-05	
2.90597570313715e-06	9.58971982035258e-06	0.000155760297688151	0.00135970603149787	0.00568060130449249	0.0191390465784316	0.0486820673692347	0.0965394188339191	0.146810183120059	0.180972252290999	0.186333777463287	0.157760771362191	0.101128245066743	0.0442606253369116	0.0102424019632772	0.000897074699558437	2.55725861876069e-05	
1.07347345546753e-05	5.19329050077537e-05	0.000454920642749485	0.00279683354343433	0.0102708199451368	0.029590440863943	0.0676975880211968	0.117716228742687	0.16210464625423	0.186767553829617	0.175912416171152	0.13389869601988	0.0773533366891467	0.0292910288082559	0.00566939048467326	0.000407629785116726	5.80255921874343e-06	
2.03707061097859e-06	5.09267652744647e-05	0.000119314135785889	0.00102610156775864	0.00523090631890573	0.0168151448633664	0.0435819616815378	0.0887042397550626	0.138593845078452	0.174164008047011	0.184069991418113	0.158725922916666	0.11058266912706	0.0565182330915137	0.0186100950817258	0.00302272177660494	0.000180135244027964	1.74606052369593e-06	
2.62567578330473e-06	1.25448954091226e-05	0.00010531877308589	0.000287073885641317	0.00222686480599611	0.00941567335893075	0.0262564660912936	0.0601095957071951	0.11094938893231	0.157083679411989	0.180604483078832	0.175089396966878	0.138105294850262	0.0871738947144855	0.0397261828596468	0.0112373088690368	0.00154214691006098	7.20602131640298e-05	
1.75577158699219e-06	1.52166870872657e-05	0.000134609155002735	0.000712550635720997	0.00415591134641051	0.0151171933640028	0.0388010889295382	0.0804833990333307	0.131713887655784	0.170859985702167	0.18114763668755	0.160566189516229	0.115963446006073	0.066541987375417	0.0266657809774439	0.00637784028974913	0.000712843264318829	2.86776025875391e-05	
3.23200507718616e-06	3.672733042257e-05	0.000324375782292138	0.00162070363688717	0.00730991402866495	0.023776686078285	0.0546485047569238	0.101885728053216	0.151425314239039	0.180201324534444	0.173308339160736	0.141856816298708	0.0941139311171572	0.04831994499715	0.0173573363577066	0.00351407097483149	0.000285591721365904	1.14589270918418e-05	
9.43258019093311e-06	9.16728887306312e-05	0.000659691077103384	0.00330022399430272	0.0124804826651284	0.0351272233991659	0.0732148031376299	0.124088245324904	0.16793353096554	0.181107013506571	0.160941336130879	0.121740711929885	0.0728926215704833	0.0336401181784391	0.0108451090745253	0.00181311877357592	0.000111422353505397	3.24244944063326e-06	
2.95058710782271e-07	4.95698634114216e-05	0.00020388556915055	0.00117197319922718	0.00616702211406026	0.0197111021150989	0.0492842465793844	0.0948601952816572	0.144558999349691	0.178157039687757	0.176452485515568	0.144358359426359	0.0998534738442255	0.0549632415858107	0.0228266270422489	0.0063827100316421	0.000953924811959084	4.48489240389053e-05	
1.27236627578391e-05	7.81173713504541e-05	0.000453021574005853	0.00256307829786982	0.0106736735581575	0.0302453299719192	0.0668829689335499	0.116890218462331	0.161876059688773	0.181272543815264	0.16528037922433	0.125192852260521	0.0794619370149104	0.0401097193988513	0.0149541504292017	0.00357860412542572	0.000461602648889047	1.30195618917423e-05	
2.76265906826501e-05	0.000197544976386691	0.00109377534294105	0.00464364371560415	0.017236021984825	0.043082034338961	0.0874176623626617	0.137704889787727	0.175301709105665	0.178128830218856	0.148903759058106	0.10541742590281	0.061118930393468	0.0281473370640123	0.00942868804588509	0.00195346731536674	0.000192792014548816	3.86178149327367e-06	
8.19105715272896e-05	0.000473889888363337	0.00234919519140267	0.00873285835130402	0.0263040162987145	0.0589836536284894	0.10848772234997	0.15551124110898	0.17994829209012	0.169735979888721	0.131432809502818	0.0873521141863153	0.0451014499660443	0.0187700308579462	0.00565540371486781	0.000979054722218913	9.91862557039543e-05	1.19142649494239e-06	
2.08297005343711e-06	4.46350725736523e-06	0.000158900858362202	0.00110040332251578	0.00432097259228004	0.0152140132703046	0.0394663311696234	0.0772490274017686	0.129799981312783	0.168526858113436	0.17889826357665	0.156060877477916	0.111988504385842	0.069255183470978	0.0320280451087995	0.0121315151583682	0.00329674646028996	0.000468370694872858	2.94591478986105e-05	
5.97549152152447e-06	4.57125101396622e-05	0.000302658645565214	0.00213354924776031	0.00784880811352239	0.0244059987959385	0.0545550424932141	0.0975758924770056	0.148952272255345	0.176940279443861	0.171722480247266	0.139296774280289	0.0923159660651836	0.0520405556609566	0.022158018885541	0.00767761028143071	0.00181893961915205	0.000186435335471563	1.70301508363447e-05	
1.64929756416742e-05	0.000129844699142635	0.000787764491103239	0.00394152130607574	0.0132345633994482	0.0359819752767296	0.0732177165745109	0.119937218738539	0.164611591923	0.178411714450815	0.159355130649856	0.119032204184238	0.0735841605060405	0.0374711410410306	0.0146868448727687	0.00458234837782588	0.00093200305989679	8.24648782083711e-05	3.29859512833484e-06	
5.10123704998462e-06	3.00072767646154e-05	0.000287769784172662	0.0016032887975334	0.00701240050712298	0.0207512321738021	0.0507176990420177	0.0937445330492644	0.140223104102745	0.175197185317439	0.173464265084283	0.143367866707677	0.0984385713535532	0.0564992010562561	0.0260325128843745	0.00948920113127433	0.00265354348429494	0.00044710842379277	3.18077133704923e-05	3.60087321175385e-06	
2.41277297887286e-05	8.29390711487544e-05	0.000620082655570324	0.0033483257014308	0.0112966030870827	0.0315234821622186	0.0689380511489776	0.113115019602272	0.15746359653369	0.179148695277932	0.161182282887377	0.125506720025141	0.0793823421812734	0.0425836334973717	0.0180973053246582	0.00589199161440751	0.00152969806860539	0.000254245952648727	1.08574784049278e-05	
2.70819635627226e-06	2.04619280251682e-05	0.000176935495276454	0.00132821985739842	0.0059989558398493	0.0181966722284996	0.045836223329908	0.0888652506811866	0.132124775633455	0.170169518046367	0.176737195121034	0.145666058325522	0.105776432372576	0.0623068717473433	0.030453066204869	0.0119675196983671	0.00347160681803478	0.000767021390237554	0.000126382496626039	8.12458906881677e-06	
6.91624279620689e-06	7.90857328435832e-05	0.000473612278435907	0.00266876760071027	0.00996750869416825	0.0280131889743062	0.0633831553403167	0.109418569510495	0.149378515443519	0.176161214612517	0.166755725822093	0.129039649617126	0.0862834366509748	0.04700729663615	0.0212064032380045	0.00771822625435836	0.00196872354725072	0.000413771742938291	5.53299423696551e-05	9.02118625592203e-07	
2.55834840250706e-05	0.000273592787985755	0.00101641677120781	0.00507847207005902	0.0165203090725656	0.0416213186871399	0.0832944063066599	0.129314278353122	0.162324497299588	0.173607415718974	0.153377501462773	0.110790331008146	0.0680138427717327	0.0342075259988394	0.0143944720411647	0.00483166669475834	0.00107902106152798	0.000210687515500581	1.86608942300515e-05	
0.00012326029785806	0.000648691056610666	0.00217879820909685	0.00888283883761041	0.0258144851543318	0.0588011601463169	0.104595509786298	0.147681131907413	0.169383041722261	0.166471279600841	0.135476263095657	0.0908926234859752	0.0522320760483048	0.0241995053393302	0.0092157316128475	0.00272552210932859	0.000580013177755445	8.99710203343503e-05	8.09739183009153e-06	
1.6536593828483e-05	0.000222191687986345	0.00120687068413693	0.00438640667934071	0.0151249700462153	0.0378772184968116	0.0773834418183999	0.124931861716793	0.161943765358362	0.171468843403568	0.155149029286909	0.115652126590933	0.0721269096383387	0.0381270713962929	0.0166409247022737	0.00575623797902378	0.00164043010778552	0.000300665342336055	4.23938132693838e-05	2.10465739635239e-06	
5.14808419014314e-05	0.000423286922300658	0.00217845246782899	0.00827396478349145	0.023830812879483	0.0536978297362977	0.0975700440507414	0.143533103084515	0.169964752181463	0.166800336221077	0.139338468170991	0.0958684667499994	0.055741107361941	0.0269410384799724	0.0113896094199705	0.0032962791694665	0.000923343521120994	0.000160463676803877	1.71602806338104e-05	
6.02060189763351e-07	0.000110177014726693	0.00089285526141905	0.00406992688280025	0.0138263122579154	0.0358779708283776	0.0713995220244154	0.118264790285879	0.158686208336306	0.172239185268069	0.156521500924012	0.121533375056104	0.07646314925042	0.0414343843197036	0.0189787433619101	0.0071509699039142	0.00194916986435885	0.000516567642816955	7.82678246692357e-05	6.32163199251519e-06	
5.70339009507251e-06	0.000277064687250101	0.00190883461129295	0.00692841825180888	0.0215230933266734	0.0504119648719199	0.0909318498915756	0.138510130421523	0.168773518979682	0.168066298607893	0.14244486923027	0.102039052012516	0.0594305255043598	0.0301418162956061	0.0126978476006138	0.00452819155706152	0.00107433858685603	0.000259053981686715	4.6227477612693e-05	1.20071370422579e-06	
5.5791218462214e-05	0.000712987775724101	0.00369841786902741	0.0116564652723661	0.0318195915962827	0.066645609980989	0.112207238580647	0.157070577091166	0.171967732278939	0.158301583330784	0.125225189555164	0.0830962206548689	0.0446623701429395	0.0211583696726135	0.00825530061568309	0.00275296668304409	0.000597505952563067	0.000100784136576903	1.49976393715629e-05	2.99952787431258e-07	
3.59879980026661e-06	1.25957993009331e-05	0.000152948991511331	0.00151989311564593	0.00642415754345926	0.0189842687463731	0.0468584726993548	0.086312414809661	0.133620137684082	0.168701538037065	0.168174913666292	0.14429387799169	0.105539902442535	0.0650866935876885	0.0328762357753689	0.0141372852153807	0.00531812640484398	0.00161945991011998	0.000306797682972729	5.33821970372881e-05	3.29889981691106e-06	
1.34726142170809e-05	3.68251455266879e-05	0.000461960971932353	0.00287984613675781	0.0102900833475794	0.0291355761144322	0.0636191812901914	0.106911780423932	0.15251059172021	0.172486885907017	0.160189682432519	0.127338359317016	0.0870696135964425	0.0496184405958009	0.0240099948834005	0.00905509371101362	0.00334240589154426	0.000812548333003504	0.000187419033330948	2.96397512775781e-05	5.98782854092486e-07	
1.79203708322071e-06	3.375003173399e-05	6.27212979127248e-05	0.00104117354535123	0.00550274853687639	0.0170485447912202	0.0421788781549186	0.0836361627109937	0.127059013274515	0.165653219917297	0.171810659335244	0.146326697320457	0.10914909599196	0.0686475645469357	0.036998696293022	0.0165939647177766	0.00570166465311389	0.00201156162591525	0.000452489363513229	7.91483045089146e-05	1.04535496521208e-05	
2.2157984030681e-05	8.50387495231542e-05	0.000267692401667957	0.00229035702500918	0.00920514520366481	0.0258487855328726	0.058406948743792	0.104277868306118	0.145993566998258	0.17231605429784	0.16530574724208	0.130340149009448	0.0898706872029258	0.0530599876514154	0.0261548052582693	0.0113595600023236	0.0037671567174324	0.00113275207551441	0.000259008867385663	3.65307304289606e-05	
2.51432491722932e-05	0.000196356803059814	0.000663602183511596	0.00430009425725196	0.0147782440254102	0.0386580449267957	0.0772469459183677	0.123985552210107	0.160468107434709	0.17413525930622	0.152094507487151	0.11263666777716	0.0726789563276728	0.0397095715261084	0.0180848806159617	0.00727358279627054	0.00228354580875506	0.000653724478479624	0.000117335162804035	9.87770503197233e-06	
6.57179778697697e-06	5.22756642145895e-05	0.000387437351350415	0.00159276480909824	0.0077373957399217	0.0221472572601936	0.0542728933056681	0.0985133398533533	0.143401407201137	0.170179690874581	0.168193215634426	0.135827708969727	0.0943695226305831	0.0556670105907509	0.0290578013512811	0.012228622091158	0.00465432642358582	0.00136693393969121	0.000303497570525845	3.28589889348848e-05	7.46795203065564e-06	
2.17037761597398e-05	0.000180171073326059	0.000746253125492423	0.00324813362390626	0.0129176118710736	0.0330337419391283	0.0725468043419445	0.120711348696436	0.158766095728518	0.172006291121966	0.156599583168573	0.118808849194433	0.0756736346689579	0.0425509964411753	0.0202960038293786	0.00804793858723283	0.00290295438936574	0.000773605829693739	0.000140925889037215	2.64607681947513e-05	8.91936006564649e-07	
4.43749534658626e-05	0.000437793165065892	0.00171751917206463	0.00599240562876927	0.019854068944978	0.0488767776040503	0.0936201325292234	0.139416275779912	0.170489166852803	0.168720125083761	0.140015486560941	0.0993736877373241	0.0588828828828829	0.0312131635767999	0.0140415456779093	0.00491460055096419	0.00185451567269749	0.000448216811853175	6.87960687960688e-05	1.8464745737473e-05	
1.13253793406006e-05	0.000145739749935624	0.000979943349260393	0.0032545563789305	0.0106881777345426	0.0300965995250494	0.0670617435838746	0.11337896865135	0.156083099672875	0.173817749611361	0.158692705501988	0.124500789200118	0.0801973954011807	0.0448374748457364	0.0227023189608309	0.00906387990806176	0.00304980544190438	0.00114118098671473	0.000258397470744757	3.12938113358702e-05	6.85483486404776e-06	
7.49733784766664e-05	0.000376360385978485	0.00180443896166351	0.0060310258359457	0.0173555903705507	0.0436192726387493	0.0870339366549627	0.13393202513251	0.167060401361469	0.172370069790956	0.144307623836755	0.105101923470401	0.0623321499885748	0.0338222533532665	0.0163495730848558	0.00580819659154892	0.00186388000675059	0.000638319162568271	0.000102752359346507	1.49349359515272e-05	2.98698719030543e-07	
1.10360954890705e-05	0.000158979429612827	0.000805038425000037	0.00317630759089492	0.0101949660490927	0.027130003713497	0.0592659206862662	0.108157016794253	0.150866109791254	0.171618741676323	0.164549078560595	0.129890369813594	0.0851998502670288	0.0485167636799115	0.0246519528669241	0.0107849497484814	0.00353005919224729	0.00112329555707675	0.00031676576782143	4.14599262967785e-05	1.13343683401265e-05	
0.000101336479135564	0.000318017715404844	0.00169768407398874	0.00580658025446782	0.0166057703971704	0.0397247939665453	0.0796141106874518	0.129326508818211	0.164734964870517	0.171142708885033	0.151447964165037	0.109583480246391	0.0671279662156101	0.036167883548887	0.0168281145543326	0.00689892788985559	0.00209647292423399	0.000615470086514529	0.000122199871898768	3.0698992208715e-05	8.34535710528175e-06	
0.000151919211213966	0.00074467275437887	0.00293451804451024	0.0097989383563177	0.0251374063003195	0.0568735981423474	0.101171926881791	0.14734074225518	0.17109266922651	0.165160955270388	0.134195104261647	0.0904575931997499	0.051488077028114	0.0256668850443147	0.0116234612210544	0.00440386632900209	0.00135981125008021	0.000315180131713061	6.02901388314756e-05	2.2384952536439e-05	
5.36869033483627e-06	0.000332858800759849	0.00150860198408899	0.00552378583339821	0.0159453085550379	0.0369064651856836	0.0758932978761163	0.122237324149294	0.160356218568928	0.172399085771688	0.152442470754805	0.115591780296489	0.0727535088119595	0.0382692177490096	0.0183940278688715	0.00780011053536878	0.00267360778674846	0.000768617499604059	0.000158078104303512	3.87738746404842e-05	1.49130287078785e-06	
2.99311493770879e-05	0.000638431416213285	0.00287129515974404	0.00919963807254173	0.0243941860538204	0.0535659821712116	0.0956862928206247	0.141659341017857	0.169719494247383	0.166433054045778	0.136886220626692	0.0952615698109638	0.0559754396960671	0.0277470734070418	0.0127886821943483	0.00502693653788191	0.00153097829063805	0.000472612848664218	0.00010206521937587	1.07752137757516e-05	
3.0124011518217e-07	0.000161464701737643	0.00128177669010014	0.00552865983393837	0.0152234704608462	0.0357490681890137	0.0711779181355888	0.117007685539059	0.157079549380936	0.171664993277827	0.155896880688731	0.1178617012656	0.0770379420962275	0.0421675913232002	0.0193396153946953	0.00832477058305928	0.00329315693917149	0.000830217757442062	0.000338292649349577	2.80153307119419e-05	6.92852264918992e-06	
1.06051479206032e-05	0.000436629090102549	0.00231858833967016	0.00947797219875623	0.0236825073236121	0.0505914036488981	0.0925096143241006	0.13668278245145	0.166229330566703	0.166971690921145	0.141363894743604	0.0974643394326064	0.0599818076262528	0.0310555091622418	0.0132449207401545	0.00530408898143311	0.00198891974145255	0.000495411910005321	0.000167258332919228	2.27253169727211e-05	
4.90946459391714e-05	0.000831864559764346	0.00456031322993981	0.0156383218779159	0.0350733980203575	0.066801956467381	0.113500417761894	0.152500777586007	0.170135208484531	0.157494404430106	0.12326018942605	0.0789338228567595	0.0455711140520464	0.0217690539065311	0.00872939397081156	0.00356896730479542	0.00115204703328068	0.000341527971750758	7.71487293329837e-05	1.09776848062744e-05	
