# <P(U)> as a function of N_tot.
# number_of_species: 1
# species_total_upper_bound: 103
# species_total_lower_bound: 0
# volume: 729
# Bin widths for each
10	10	10	10	10	10	10	10	10	10	10	10	10	10	10	10	10	10	10	10	10	10	10	10	10	10	10	10	10	10	10	10	10	10	10	10	10	10	10	10	10	10	10	10	10	10	10	10	10	10	10	10	10	10	10	10	10	10	10	10	10	10	10	10	10	10	10	10	10	10	10	10	10	10	10	10	10	10	10	10	10	10	10	10	10	10	10	10	10	10	10	10	10	10	10	10	10	10	10	10	10	10	10	10	
# Bin lower bound for each
0	0	0	0	-10	-10	-10	-10	-10	-20	-20	-20	-20	-20	-20	-20	-20	-30	-40	-40	-40	-40	-40	-50	-50	-50	-50	-60	-60	-60	-60	-60	-70	-70	-70	-80	-80	-100	-100	-100	-110	-110	-110	-110	-120	-120	-130	-140	-140	-150	-150	-150	-160	-160	-160	-160	-170	-170	-170	-170	-180	-190	-200	-200	-200	-200	-210	-220	-220	-220	-230	-230	-240	-240	-240	-260	-260	-270	-270	-270	-270	-280	-280	-290	-290	-290	-310	-310	-320	-320	-320	-330	-330	-330	-340	-340	-350	-350	-350	-360	-360	-360	-360	-360	
# Bin upper bound for each
0	0	0	0	0	0	0	0	0	0	0	0	0	0	0	0	0	0	0	0	0	0	0	0	0	0	0	0	0	0	0	0	0	0	-10	-10	-10	-10	-10	-10	-10	-10	-10	-10	-10	-20	-20	-20	-20	-20	-20	-30	-30	-30	-30	-30	-30	-30	-30	-30	-40	-40	-50	-50	-50	-50	-50	-50	-60	-60	-60	-70	-70	-70	-70	-80	-80	-80	-90	-90	-90	-90	-100	-100	-100	-100	-110	-110	-120	-130	-140	-140	-140	-150	-150	-150	-150	-160	-160	-160	-170	-170	-180	-180	
# Normalized histogram for each
1	
1	
1	
1	
2.51036277754571e-05	0.999974896372225	
0.000118071975465249	0.999881928024535	
0.000480179698406713	0.999519820301593	
0.00151421420571479	0.998485785794285	
0.00386819064625043	0.99613180935375	
7.06770151279103e-06	0.00923950522050724	0.99075342707798	
9.10110416618212e-06	0.0197382724688565	0.980252626426977	
2.33281098652548e-05	0.0398930964008784	0.960083575489256	
5.97357654227115e-05	0.0732097241726343	0.926730540061943	
0.000184074147493962	0.123755476711586	0.87606044914092	
0.000476592444798074	0.193117883929545	0.806405523625657	
0.000973149774940127	0.27939524969241	0.71963160053265	
0.00238796586881905	0.378877402542094	0.618734631589087	
1.42435359781545e-05	0.00513377732469768	0.48573102913617	0.509120950003154	
1.01769154990352e-06	5.90261098944043e-05	0.00983904190446726	0.590126763659456	0.399974150634632	
3.06164937174955e-06	0.000239829200787048	0.0181004710857833	0.682917221165386	0.298739416898672	
1.53498381615396e-05	0.000630366687167228	0.0320402288558538	0.755496521215011	0.211817533403806	
2.25492778593766e-05	0.00144622868452638	0.0547414469051629	0.800892951403231	0.14289682372922	
4.91984748472797e-05	0.00279611332048707	0.0880796195317945	0.818931163133943	0.0901439055389283	
1.02912527439053e-06	0.000132757160396378	0.00526397577850754	0.133939625336653	0.806706603588148	0.0539560090110209	
2.0580853426249e-05	0.000289160990638799	0.00978002154815354	0.193121467167879	0.766014219311632	0.0307745501282702	
4.0985076309089e-05	0.000627071667529061	0.0170897521939824	0.262745077948492	0.702793645263918	0.0167034678497692	
0.000120326758529689	0.0012746478657806	0.0284511600825156	0.340774557620712	0.620658676833938	0.00872063083852455	
1.01978692571974e-06	0.000245768649098457	0.00284214616198092	0.0459791331199259	0.420779382355851	0.525767466145624	0.00438508378059488	
3.06619924162672e-06	0.000461974019071759	0.00548236424402858	0.0707862756921945	0.495299516562586	0.426006479901064	0.00196032338181335	
7.1796712736224e-06	0.00090053591117721	0.0101766711966974	0.105086797097361	0.554152670581297	0.328862791353624	0.000813354188568938	
6.99496362618914e-05	0.00193801639290299	0.0173135636459396	0.148865170018763	0.589735096612792	0.241715082787452	0.000363120905888936	
0.000252399332680789	0.003446379505995	0.0287478735869228	0.203878126006776	0.595477742688114	0.168045628874484	0.000151850005027466	
2.36358031034837e-05	0.000543623471380125	0.00570958791491111	0.0441414037611756	0.262149830438804	0.576842051176652	0.110533347035248	5.65203987257219e-05	
9.76571534892901e-05	0.00103516582698647	0.00975235173845153	0.0651989995795603	0.325385411666021	0.529485778548527	0.0690374396967077	7.19579025710559e-06	
0.000233317056199472	0.00221754441024985	0.0161350100501838	0.0940680687025817	0.382638939790779	0.464224545986689	0.0404825740033181	
3.82547955487961e-05	0.000386683609060803	0.00397539699689516	0.0261290592732209	0.133235249416097	0.427867481252565	0.385999158394498	0.0223687162621136	
0.000106880288888082	0.000779292203446111	0.00715060262842497	0.0398528580100551	0.178156989503941	0.456891443869689	0.305193033065441	0.0118689004301153	
5.17658362046117e-06	9.31785051683011e-06	0.000212239928438908	0.00182319275112642	0.0119454843625762	0.0596311373575404	0.226414449708455	0.466478515107342	0.227857681221839	0.00562280512854492	
4.15618096843173e-06	6.85769859791235e-05	0.000601607195180493	0.00337585799160867	0.0192264931599652	0.0838125063641521	0.273730234761882	0.454269540804346	0.162271851640964	0.00263917491495415	
9.36564411176752e-06	0.00022581608580595	0.00115093359862387	0.00626769716501953	0.0302427054640208	0.115893602120382	0.315536875142436	0.418950236170326	0.11048025982378	0.00124250878549449	
1.35552501569281e-05	2.81532118643891e-05	0.000393102254550915	0.00241387723948373	0.0111257322441864	0.0451723497921876	0.151030511825392	0.350966280793879	0.366666388610253	0.0717051879070485	0.000484860870997812	
2.2953200510813e-05	0.000115809329850011	0.000827358545685216	0.00435380480598286	0.0183959468821207	0.0644984934353846	0.190247602433874	0.373293116543832	0.305117937717534	0.0429370915373636	0.000189885567862181	
4.30376159260173e-05	0.000303362707380951	0.00162913121749217	0.007711081136403	0.0279985934047478	0.0885808608572883	0.229661314956621	0.375847499881909	0.243626496475639	0.0245524350368182	4.61867097742625e-05	
5.46281608169011e-05	0.000574646230131633	0.00295832501654603	0.0128481232075135	0.0416959942850539	0.119114603578145	0.265448738824864	0.360984987761191	0.183263822500499	0.0130382712288185	1.785920642091e-05	
2.09461808828396e-06	0.000186421009857273	0.00122430427260198	0.00564709036601356	0.0207744221996003	0.0580198737364216	0.152562555769207	0.291919591800827	0.332612784710964	0.13032504283494	0.00672372406339152	2.09461808828396e-06	
2.10668017750887e-05	0.000367615690975298	0.00238370862085129	0.00913983195012224	0.0317940172389639	0.0801412739727037	0.186187340748145	0.308079855818809	0.290196247791936	0.0882783261583318	0.00341071520738686	
9.57589428212712e-06	6.27753069606112e-05	0.000856510544123593	0.00428148873236439	0.015757666035367	0.0452226927414721	0.106436064945843	0.216412018811312	0.311501713021088	0.2411476177303	0.0566797182559105	0.00163215798097589	
4.26514713691336e-06	4.26514713691336e-05	0.00025057739429366	0.00184680871028348	0.00783827415086252	0.0238837576799306	0.0637660822704231	0.135637010387766	0.241802920346245	0.299588200043931	0.190465476832787	0.0341990160305555	0.000674959534416539	
1.17550378351922e-05	7.90793454367477e-05	0.000631566123690783	0.00371566059572394	0.0128386385956363	0.0362878017972384	0.0852934858923516	0.163244347696921	0.258699529477895	0.276155760663155	0.14294553463515	0.0198499843444269	0.000246855794539037	
2.68336794877987e-05	1.82469020517031e-05	0.000155635341029233	0.00156923357644647	0.00636816881604439	0.0205889455973982	0.0517449941770916	0.109854937128689	0.187666167560228	0.267775434303103	0.24189596045789	0.101153311544386	0.0111027032248716	7.94276912838842e-05	
2.90214920271512e-05	2.47220117268325e-05	0.000368680435752328	0.00277208992363048	0.0109583004154373	0.0305865028564672	0.0705619958187554	0.135716320289785	0.209182615051406	0.262611181873391	0.203096700686305	0.0684971704045274	0.00557212646921303	2.25722715766732e-05	
4.08977266245277e-05	8.50242211404654e-05	0.000771675526047009	0.00472476368109675	0.0176086238237868	0.0448852549704191	0.0941659392970111	0.159639970854988	0.221572044036089	0.247521651579352	0.162571692100389	0.0438617355488421	0.00255072663421396	
6.4616110304008e-06	7.43085268496092e-05	0.000199233006770691	0.00184478994917943	0.00934672035547476	0.0267973778782439	0.0615769992493762	0.118859181033879	0.180585874272126	0.229885812563741	0.222168495123099	0.121916599986431	0.0256590574017216	0.00107908904207693	
3.78693615225647e-05	0.000154723391363622	0.000398169286865823	0.0038540190212393	0.0149897752723889	0.0398905034461119	0.0826147171158694	0.140964911331595	0.198854181318503	0.225243716390942	0.190303279486708	0.0871330729363903	0.0151304329009013	0.00043062873959945	
4.11757630789935e-05	0.000230800987784885	0.000926454669277355	0.00730761437380875	0.0232881447393087	0.0557454817726816	0.105498806444657	0.164158015241534	0.206575552649173	0.213629611008232	0.155186033181164	0.0591544015265372	0.00809103744502223	0.000166870197741184	
0.000110149454269436	0.000496217838540531	0.00229350794384777	0.0118895975291623	0.0354495842676043	0.0757904586579652	0.13001997958418	0.182192650304929	0.206902117486935	0.19240165071499	0.120576572410724	0.0376863816013331	0.00414750865927393	4.36235462453214e-05	
2.18263170818214e-06	0.000223719750088669	0.000864322156440128	0.00424521867241426	0.0196535072163261	0.0524060786293073	0.0957967969879682	0.14988459334843	0.192312771123783	0.201592229831119	0.16843478023627	0.0893842250293291	0.022972198728617	0.00221318855209669	1.41871061031839e-05	
3.25835142623472e-05	0.000482236011082739	0.00179860998728157	0.00750615556890273	0.030789248743634	0.0698992409127294	0.118556202760693	0.166383371112108	0.196227697942134	0.188869254304554	0.1419522521182	0.0634411883859322	0.0130258028849444	0.00101226117641692	2.38945771257213e-05	
8.13090100140177e-05	0.000805501259205535	0.00347243678766531	0.0133520235644352	0.0454376430361001	0.090676892087766	0.140456436258615	0.178330173123144	0.194379487579778	0.170279497011623	0.112648754833821	0.0422015444375422	0.00748476540182371	0.000388115007800244	5.42060066760118e-06	
0.000227448729265611	0.00163438158315146	0.00657760063252409	0.0216791131665737	0.0622732958945504	0.112570874648673	0.159243353893976	0.18364751945499	0.187904059959817	0.147691124625657	0.0850647416561517	0.0270934760122822	0.00422513091840548	0.000165712645607803	2.1661783739582e-06	
5.96034743407043e-05	0.000668642612149356	0.00327385629060487	0.0115901665104333	0.0351985608470196	0.0816719316402334	0.134952019203156	0.172588904000477	0.185004849555412	0.173115581973742	0.121327748668404	0.061636494665489	0.0168927083276891	0.00193765476583962	8.12774650100513e-05	
3.46322595168367e-05	0.000149351619166358	0.00152057264441111	0.00578034056498202	0.0195087846890781	0.0511962198888737	0.104567778578649	0.155469624261629	0.181213297921848	0.178815013950307	0.151813756366383	0.097065565360814	0.0416507033595456	0.0102489843007639	0.0009437290718338	2.16451621980229e-05	
1.61321372608276e-05	0.000130132573904009	0.000436643181859734	0.00276504832650585	0.0105009458809814	0.0304757582373382	0.0715761420746574	0.127433129602364	0.167371999556904	0.184888274194711	0.169685348040107	0.127867621832589	0.0738378677186254	0.0270557451380427	0.0055214928464726	0.000437718657677123	
5.16484462425755e-05	0.000206593784970302	0.000894163725574589	0.00535314625118361	0.0170967117155892	0.0457045708874925	0.0939205474735302	0.149925755358526	0.177158474649221	0.179381509856245	0.152087458035637	0.104335241456486	0.0532344839459413	0.0174894551088921	0.00297086166824481	0.000189377636222777	
0.000143296421037208	0.000332921760154114	0.0021257431481685	0.00955022162461509	0.0268212113180469	0.0638272426967309	0.117747638841303	0.16606546814833	0.180744193262698	0.169349434248491	0.131689410933194	0.0821088492543199	0.0373001661376551	0.010570535239068	0.00155148004732014	7.21869188683677e-05	
0.000149083460810495	0.00077674643712135	0.0040166109224161	0.0150261004087912	0.039010172245413	0.0873337395317483	0.141118298806468	0.177747456938647	0.178531765580302	0.154497999256743	0.108753143716456	0.0607677150042781	0.0250568245654973	0.00642031164925199	0.000765943287787256	2.80881882686441e-05	
9.74930211245712e-06	0.000279479993890437	0.00172237670653409	0.00711157426314233	0.0228014511294567	0.0555136094841211	0.110319852937194	0.15958524302302	0.185411144318919	0.16977976326528	0.134833931471072	0.0883741738820529	0.0440950101988533	0.0161253456940041	0.00371015108168507	0.000315227434969447	1.19158136930031e-05	
4.32203481399043e-06	2.80932262909378e-05	0.000519724686382349	0.00314644134458503	0.0125760408000086	0.0348550497574258	0.0751245286280781	0.133964710585744	0.177052156155118	0.182614614960724	0.153617002884958	0.115892122011043	0.0680461161114653	0.030228311489049	0.0104193454278274	0.00177959783466056	0.000127500027012718	4.32203481399043e-06	
8.73996657232538e-05	0.00014242908488234	0.00112001053112022	0.00569824240351239	0.0190822603495771	0.0486416905037566	0.0972596428266994	0.154301412313858	0.187155054560051	0.176326128076118	0.136792345947299	0.0945070928605263	0.0511158563494778	0.0201914807985092	0.00658087112649537	0.000937658142142069	6.04244602531137e-05	
0.000110652709960805	0.000193099827186503	0.00236059114583051	0.00955735661524209	0.0299239642309691	0.0660889582698256	0.121170141559531	0.171967329244969	0.187265608812295	0.164129428956078	0.117329841625597	0.0755183048872698	0.0366162835226182	0.0134692553615035	0.00370903544466659	0.000579299481559509	1.08483048981181e-05	
9.7421048358726e-06	0.00024247016480394	0.000724163126133196	0.00433198928368468	0.0165085378724326	0.0416031174735475	0.086549941817985	0.141704327118231	0.186783211106	0.182385192000649	0.14646713392688	0.0979016588639623	0.0573907395881255	0.0258447216734771	0.00902335399020377	0.00226125077801532	0.000266284198847184	2.16491218574947e-06	
0.000120916745008372	0.00061003042526746	0.00208935420654105	0.00733779454393145	0.0242378160039303	0.0587731634543844	0.109246645104996	0.16263084335617	0.190972203310069	0.170332477475171	0.126541007661329	0.0812985369073854	0.0415354465803982	0.0174054752409348	0.00562970935318256	0.00111984156638384	0.000118738064918131	
6.5547479863268e-06	0.000201012271580688	0.00109464291371657	0.0038356200299989	0.0132121870244394	0.0372211364403567	0.0772892184227747	0.132776252585029	0.175062024302821	0.187677729260504	0.155361729229915	0.106742978499334	0.0643490534397679	0.0299683077934861	0.0113550084283135	0.00330250052711098	0.000487236266983625	5.68078158814989e-05	
6.11249612511406e-05	0.00029907570326451	0.00194180903688891	0.00703155357821157	0.0216262295940866	0.0536447941180323	0.0979178218556665	0.151576805696846	0.184252463554242	0.177620405258493	0.139917219338191	0.0862364051537075	0.0481882998092028	0.0203185920301783	0.00704246874986356	0.0020575098564	0.000232493156187374	3.49285492863661e-05	
0.000123002702793903	0.00066726244966958	0.00396329947674868	0.0122121002003964	0.0335220463295667	0.0738778180409044	0.119061173707029	0.167458927438202	0.187423463473096	0.16299273195534	0.117643921326165	0.0674990938075214	0.0344636156916616	0.0136968407898733	0.00437475984538669	0.000915444894244889	0.000101232312918876	3.26555848125406e-06	
1.42320703283229e-05	1.53268449689631e-05	0.000211291505643563	0.00135314145583132	0.00733280054300822	0.0194453871670517	0.0479128121476194	0.0937017614923968	0.140436596126687	0.179862715260064	0.18079765280317	0.145312722376099	0.0964682570092946	0.0516043922358582	0.0240740943476785	0.00866404650602673	0.00232749088600112	0.00043790985625609	2.73693660160056e-05	
6.88923335055642e-05	3.88908334305604e-05	0.000561139168069515	0.0034268380085671	0.0127228583651405	0.0296225922407231	0.0649165791622914	0.113437894116928	0.156916734725625	0.18371474129262	0.166620553249885	0.127386369318466	0.0770816318593708	0.0389552810973882	0.0169541810423855	0.00585918184798129	0.00140340350350851	0.000303348500758371	8.88933335555667e-06	
1.00152454291533e-05	1.55792706675717e-05	0.000142439046103513	0.00166141793619176	0.00672134248800953	0.0193194084328367	0.0432369273227023	0.0839733817032594	0.132294715288829	0.169650467934523	0.181795622224942	0.150158574719295	0.107716190200639	0.0599345670631962	0.0276621078753213	0.011479696871905	0.00333396392286035	0.000732225721375872	0.000143551851151197	1.78048807629391e-05	
1.00483100417228e-05	8.15029592273073e-05	0.000476736487535071	0.00314623752195277	0.0113836187983784	0.0285193368561964	0.0589500855781072	0.105106439515314	0.150334999492002	0.174101485698464	0.173107819483227	0.134361535962343	0.0869480267910275	0.0445530902461054	0.0192034369686258	0.00750608760116694	0.00165238876241664	0.000446591557409903	0.000110531410458951	
5.55509880298731e-05	0.000236647209007259	0.00124100907258737	0.00585174107906683	0.0187329041834338	0.0422409712979155	0.0785779835880161	0.126429604676949	0.163406564349154	0.171765877027889	0.15854585289654	0.114023958030118	0.0676544373018219	0.0323673386854859	0.0130533711672596	0.00467628217235472	0.000878816630632592	0.000211093754513518	4.99958892268858e-05	
0.000180534004078075	0.000810741662485588	0.00251972306305289	0.0105119523478835	0.0282286513002325	0.0585495034207317	0.100284977909505	0.143293050991442	0.17017489646984	0.166162168268768	0.138404234463831	0.0941412839179645	0.0525575465982631	0.022524662827827	0.00856041299091681	0.00244662340495992	0.000502837042033411	0.000119617622333939	2.65816938519865e-05	
4.10567793064955e-05	0.000346208517395314	0.00139371121105293	0.00497341850950575	0.0174491312052606	0.0396264498868719	0.0772777357962962	0.12057599332439	0.15828498065338	0.174258287088974	0.155945853875594	0.116784344273301	0.0733229692706652	0.0378055262424947	0.0148148394735411	0.00530964024274543	0.00149357905260927	0.000210832109952274	7.76749878771537e-05	7.76749878771537e-06	
0.000166837396936198	0.000774125521783959	0.00245807098152665	0.00989568213694236	0.0263781047049258	0.0548172073866701	0.0985363911291444	0.140267985349452	0.163390536315496	0.167612634707295	0.140946457430326	0.0978089800785026	0.0569249198346308	0.026146756847841	0.00947302739803733	0.00331339070315289	0.000914268935210365	0.000131245418923142	4.33777232034115e-05	
2.20613703199561e-06	0.000204067675459594	0.00147039033182507	0.00440565565289522	0.016547130808483	0.0392571054158458	0.0737081413074892	0.116760905486883	0.152884193248779	0.166973687403619	0.158176715988537	0.122381039575892	0.077817071529581	0.0424692409344314	0.0183859460246514	0.00588487053284828	0.00204508902865993	0.000529472887678945	7.50086590878506e-05	2.20613703199561e-05	
1.75493630678042e-05	0.000580225816429275	0.00285396516890165	0.00714259076859629	0.0241380520645729	0.0532678010867443	0.0915374777616665	0.13637829407029	0.16543784564019	0.165026532443288	0.141009132249806	0.103591696518864	0.0611101727076693	0.0305907334975661	0.0121891294857817	0.00365794536444543	0.00115277378651639	0.000279692973893129	3.40018909438706e-05	4.38734076695104e-06	
8.66986683523522e-05	0.00124889980487312	0.00448089446686904	0.0111292556425469	0.034211953002737	0.0702807939403118	0.111234391496068	0.152782807763811	0.169333473807125	0.158034113182368	0.124159077789557	0.085164431157965	0.0457637274720644	0.0212861692577497	0.00774691012530701	0.00229586853409014	0.000624449902436562	0.000117427310300021	1.75592239700966e-05	1.09745149813104e-06	
1.32274111641555e-05	4.62959390745442e-05	0.000307537309566615	0.00258375431406504	0.007854877662981	0.0174612850209489	0.0502421167385172	0.0887283718048913	0.133971629407621	0.164858736760188	0.165803394374162	0.142771164684576	0.105365148196608	0.0660698164806929	0.0336461248645568	0.0136837568493188	0.00502421167385172	0.00122353553268438	0.000313048730885013	3.08639593830295e-05	1.10228426367962e-06	
4.94415847675971e-05	0.000106574082721265	0.000914119967258684	0.00402784110573358	0.0109013200903133	0.028294869611554	0.0665187081463251	0.107784852197129	0.154921360412672	0.167544346354782	0.158450390863195	0.124465344195833	0.0876939895513451	0.0507468426054616	0.0250767717941252	0.00880389819428345	0.00296210027852093	0.000591101613443716	0.000129646822279477	1.42831244884169e-05	2.19740376744876e-06	
3.28411898582027e-06	0.000123701815132563	9.74288632460013e-05	0.00186100075863149	0.00701378344738349	0.0171255858047241	0.0435594595215914	0.0857636726083677	0.129572725172881	0.165957479416784	0.168900050028079	0.143393392571542	0.105566910092864	0.0688198080541923	0.0374564717396088	0.0170391040047642	0.00553264578477855	0.00168146892073998	0.000478386665601153	4.26935468156635e-05	1.09470632860676e-05	
4.15463553459773e-05	0.000202265151026468	0.000349864045018756	0.00326576219522195	0.0111661296618017	0.0249781061640578	0.0583835625125049	0.105238011416501	0.149667465158461	0.172476414243403	0.16421962278096	0.126016655715193	0.0881198196888178	0.0527529380379843	0.0263884955955397	0.0116909257293299	0.00376431845937368	0.00093807297070654	0.000337837468471236	2.18665028136722e-06	
7.20333710962824e-05	0.000498776524106077	0.00100628436592079	0.0059536672625791	0.0178708245201595	0.037316560472015	0.0749496312109683	0.126789647276593	0.162114375896324	0.174201793849223	0.151312644476023	0.108130821333229	0.0723247788248083	0.0392472731003381	0.0180258054094879	0.00733321546054427	0.00210752181192305	0.00059263818947396	0.000151706645187625	
6.49538340624401e-06	0.000165632276859222	0.00079243677556177	0.00214672421576365	0.0106567590418443	0.0263658438098455	0.0534039598022372	0.099421586107674	0.145538808292006	0.169912734523937	0.16636842031193	0.133302588518544	0.0904492964958489	0.0557422978284851	0.0281434137353543	0.0116765342366247	0.00444717250547507	0.00116159106581664	0.000277136358666411	2.05687141197727e-05	
2.47183717686102e-05	0.000466424928155515	0.00137240698906588	0.00500708235086761	0.0164355678024938	0.0369625634886005	0.0699658886469593	0.121815360211159	0.161819358139115	0.170963006269869	0.153943869951273	0.116805053724844	0.0720089158092258	0.0425564384910186	0.0194995711899854	0.00694478775516345	0.00257823364664765	0.000681367291360822	0.000141861959715502	7.52298271218573e-06	
0.000133270358646528	0.000610911324035682	0.0026291576353787	0.00835445224283352	0.0238596588492051	0.0518123169531624	0.0902528192011668	0.140229203693615	0.172450777925737	0.168148810748628	0.13858624671222	0.0978566927841031	0.0551899209227	0.0307097552836366	0.0130551643330138	0.00401410320243341	0.00164402314426356	0.000403009564547099	5.97051206736443e-05	
3.2759063428944e-05	0.000290604594934181	0.00147627134226564	0.00478705023655214	0.0139109777735038	0.0348841755758991	0.0694365335415823	0.111531930047775	0.155270563445324	0.172575802887659	0.157642953683968	0.123430867280353	0.0785245317831604	0.0413038952639905	0.0218714301867372	0.00864627925727806	0.00285320875026287	0.00120574488298146	0.000271583203265762	5.28371990789419e-05	
0.00017580760293747	0.000661926215879027	0.00258839627457335	0.00805749544065222	0.0220437316116897	0.0496370526173092	0.0881558629717416	0.130994668581487	0.164166174193562	0.170063142465585	0.144506436040982	0.103906529663826	0.060291416988098	0.0306900766139879	0.0156977125948143	0.00558559818007359	0.00181420737248124	0.000849383720215968	0.000106967276486051	7.41357361784511e-06	
4.21462559373538e-06	0.000324526170717624	0.00131285587244857	0.0043273668283678	0.0131454172268607	0.0337317559394611	0.0639084751906064	0.10664688602388	0.147377027761739	0.167770547353426	0.161663554868103	0.131711264429824	0.0841787169836768	0.0447045336727512	0.0234744109007076	0.0106840758801192	0.00346442223805048	0.00105365639843385	0.000478360004888966	3.58243175467507e-05	2.10731279686769e-06	
0.000127846014714867	0.000558540375762491	0.00290273328491951	0.00775459433516405	0.0203547622116522	0.0463452282522926	0.083240330597219	0.127744366653987	0.160409023413635	0.166812851249066	0.147687297031353	0.11142199349662	0.0650379922726515	0.0326751359411825	0.0170873534093493	0.00677269502542773	0.00221634689444216	0.000620367546813124	0.000176050249771292	5.44917439768284e-05	
0.000235702298568816	0.00107270734993097	0.00466690551166255	0.0129761972105419	0.0296544918572713	0.062438062673765	0.101716541273044	0.14480815928028	0.166376490947984	0.161134471827814	0.132999997904868	0.092315686040348	0.0490910271801415	0.0226148498733493	0.0120239599243238	0.00399541585218428	0.00142887971221273	0.000318459994510755	0.000102661445598862	2.93318415996748e-05	
1.14574620888203e-05	0.000533292780861455	0.0019810993539033	0.00797231043889371	0.0206307228721149	0.0420072223674658	0.0817010789804525	0.120553332923642	0.156927650293259	0.168898615001151	0.146905495727929	0.114531915802236	0.0724382416753726	0.036463893891402	0.0171882763081557	0.00779940692009878	0.00253001594670405	0.000729111223834021	0.000129156845364884	6.66615976076819e-05	1.04158746262003e-06	
6.11461693997623e-05	0.00101253911022996	0.00352678668588798	0.0122997074311251	0.0297802572491893	0.0593490938448608	0.0990381396640692	0.138141633183093	0.16853749762929	0.161687053905012	0.13095022183623	0.095520680359954	0.0555746133541161	0.0254388792218062	0.0122406340132304	0.00475800107990353	0.00157218201660067	0.000367913392151112	0.000121255963046986	2.17638908033052e-05	
0.00013733848422012	0.00147534826230402	0.00635710711049193	0.0209420379574438	0.042626952261351	0.0775827178245584	0.11608223245787	0.152984666990591	0.170806416204276	0.148595037710859	0.112652932124616	0.0775525449757525	0.0418955207885726	0.017893539784982	0.00815499272210078	0.00301416355140673	0.000833394892881185	0.000304849817246176	8.42758880441647e-05	2.39301904322937e-05	
0.000399871707827072	0.00263040607804996	0.0108496440725267	0.0315856995880488	0.0579897282955052	0.0967429199798398	0.134103850014787	0.159658151343111	0.168286633038567	0.134225685925765	0.0936970222053758	0.0598266389533358	0.0300684780299654	0.0125928347988354	0.00491613107461356	0.00157345351699663	0.000575856912573883	0.000210349179638199	6.66452846378454e-05	
0.000795970939824597	0.00459285569563725	0.0177356797591826	0.0473271916077786	0.0734867248586893	0.113646043094073	0.149882361697465	0.165637417663526	0.15540453930856	0.115898537480928	0.0751923768725992	0.0462552151602486	0.0210870275343921	0.00811580240073105	0.00340200047138019	0.000953097670802959	0.000431064781697217	0.000123013690700165	3.30793117849183e-05	
