# <P(U)> as a function of N_tot.
# number_of_species: 1
# species_total_upper_bound: 103
# species_total_lower_bound: 0
# volume: 729
# Bin widths for each
10	10	10	10	10	10	10	10	10	10	10	10	10	10	10	10	10	10	10	10	10	10	10	10	10	10	10	10	10	10	10	10	10	10	10	10	10	10	10	10	10	10	10	10	10	10	10	10	10	10	10	10	10	10	10	10	10	10	10	10	10	10	10	10	10	10	10	10	10	10	10	10	10	10	10	10	10	10	10	10	10	10	10	10	10	10	10	10	10	10	10	10	10	10	10	10	10	10	10	10	10	10	10	10	
# Bin lower bound for each
0	0	0	0	-10	-10	-10	-10	-10	-20	-20	-20	-20	-20	-20	-30	-30	-30	-40	-40	-40	-50	-50	-50	-50	-60	-60	-60	-60	-70	-70	-70	-70	-80	-90	-90	-90	-100	-100	-100	-110	-110	-110	-110	-120	-120	-130	-140	-140	-150	-150	-150	-160	-160	-170	-170	-170	-170	-180	-180	-180	-200	-200	-200	-200	-210	-210	-220	-220	-230	-230	-230	-250	-250	-250	-260	-260	-270	-270	-270	-270	-280	-280	-290	-290	-290	-310	-310	-320	-320	-320	-330	-330	-330	-340	-340	-350	-350	-350	-360	-360	-370	-370	-370	
# Bin upper bound for each
0	0	0	0	0	0	0	0	0	0	0	0	0	0	0	0	0	0	0	0	0	0	0	0	0	0	0	0	0	0	0	0	0	0	0	-10	-10	-10	-10	-10	-10	-10	-10	-10	-10	-10	-20	-20	-20	-20	-20	-20	-20	-30	-30	-30	-30	-30	-30	-30	-40	-40	-40	-40	-50	-50	-50	-50	-60	-60	-60	-60	-70	-70	-70	-70	-80	-80	-80	-90	-90	-90	-100	-100	-100	-100	-110	-110	-120	-130	-130	-130	-130	-140	-140	-140	-150	-150	-160	-160	-170	-170	-180	-180	
# Normalized histogram for each
1	
1	
1	
1	
1.37482421890344e-05	0.999986251757811	
0.000106301409773234	0.999893698590227	
0.000436174688946776	0.999563825311053	
0.00141788647730923	0.998582113522691	
0.00388150927371216	0.996118490726288	
2.28608304490586e-06	0.0094849585533144	0.990512755363641	
2.93846942963329e-06	0.0205513286942519	0.979445732836318	
8.81061293802615e-06	0.0406697893219287	0.959321400065133	
4.27192672373874e-05	0.0736864966678972	0.926270784064865	
0.000180291851101753	0.124154902324526	0.875664805824372	
0.00044775555607658	0.193026931764007	0.806525312679916	
3.25653978319261e-07	0.00102808960955391	0.279413392975774	0.719558191760694	
1.33743305495154e-05	0.00247751318350169	0.379659078528197	0.617850033957752	
3.36308301329626e-05	0.00516151614312498	0.486446775456416	0.508358077570326	
1.95858442657708e-06	9.85820828043795e-05	0.0100609217685887	0.591665831548029	0.398172706016151	
5.54956166623957e-06	0.000266052515175603	0.0190039842588316	0.683733092199438	0.296991321464888	
1.8285529191378e-05	0.000592320534877851	0.0333557439908363	0.756652259193458	0.209381390751636	
2.28519419417034e-06	2.80752429569499e-05	0.00133749151621655	0.0559294749896921	0.802129605115179	0.140573067941761	
1.95775682832952e-06	9.75615486117546e-05	0.00267886392676423	0.0890446538229118	0.818898357180987	0.0892786057638971	
8.15514344897327e-06	0.000152990491102739	0.00513839278432908	0.135112785633899	0.806121250672799	0.0534664252744206	
2.41241939585194e-05	0.000338716723282455	0.00954111871059443	0.193820946320408	0.765662143923637	0.030612950128119	
1.95274932459283e-06	3.67767789464982e-05	0.000715682627463271	0.0166758283155812	0.263813830086725	0.70222102453597	0.0165349049059898	
4.54042175329035e-06	0.000101510857769991	0.00143542190571879	0.0282715846785414	0.342459040531048	0.619218826923663	0.00850907468150563	
2.26940642378182e-06	0.000198410961622068	0.00309222835286158	0.0457243248272739	0.422995311730529	0.523869130463961	0.00411832425732864	
1.16713314168575e-05	0.000405578766735798	0.00571927659791064	0.0707211359058461	0.496424520040811	0.424937939316209	0.00177987804107077	
3.24967373275723e-07	2.33976508758521e-05	0.000874162234111695	0.0102439465077706	0.105484734332673	0.553379465701644	0.329240044299552	0.000753924305999678	
4.88951011020304e-06	6.87791088835227e-05	0.00170480919175746	0.0179278777700705	0.149659103355117	0.588514475557665	0.241795076067739	0.000324989438658162	
2.60444983276177e-06	0.00022886602905394	0.00316245320943097	0.0292375538225836	0.204184309101315	0.594536320029587	0.168527763109661	0.000120130248536136	
2.7320191670659e-05	0.000464443258401203	0.00561950323435293	0.0451625535142385	0.262680390509616	0.574472728431766	0.11153630869735	3.6752162604577e-05	
2.92968177796528e-06	7.25910040540285e-05	0.000971026749296714	0.0100006315091833	0.0671766266081512	0.32435516076466	0.527983343782532	0.0694292263752089	8.46352513634414e-06	
6.51401294464652e-07	1.27023252420607e-05	0.000194443286397699	0.00207210751769206	0.0170970040751665	0.0970177545936819	0.3815488629139	0.461321419637925	0.0407337514461109	1.3028025889293e-06	
2.61123962399455e-06	4.21062389369121e-05	0.000383852224727199	0.00401086406245563	0.0269623547375557	0.134770973068654	0.427982827182613	0.383226506432299	0.0226179048131348	
9.15009654985806e-06	0.000120258411798134	0.000915009654985806	0.00765046108316882	0.0409610607837646	0.178134733210962	0.456514002752218	0.30379660381095	0.0118987201956029	
1.63200612067576e-06	2.48064930342715e-05	0.000262752985428797	0.00181152679395009	0.0127417245865639	0.0608885163562917	0.225429331850166	0.465115216368107	0.227807164767991	0.00591732779234615	
1.95897834055598e-06	6.75847527491812e-05	0.000552431892036786	0.0035823183920967	0.0201706204835346	0.0863514387553174	0.273902066101806	0.450065478851033	0.162577244964691	0.00272885682839448	
1.53733332199414e-05	0.000169433757615524	0.00112388878603657	0.00658011371033108	0.0312415569326864	0.118267706645401	0.315510515687015	0.414801968571673	0.110992849110407	0.00129659346561378	
6.21748093851239e-06	4.12317156975032e-05	0.000330508197257764	0.00225825452403547	0.0113243234399031	0.0465888936156288	0.153496187702477	0.350382211459799	0.363311626689355	0.0717228966916457	0.000537648483261887	
2.71570288116444e-05	8.57245969716968e-05	0.000699538886738503	0.00414684558022628	0.0187324604039068	0.0669077207432912	0.192135324456148	0.371571302415111	0.302582633439987	0.042931009040673	0.000180283408135133	
3.7352580178624e-05	0.000234928070070819	0.00140694718672817	0.00752588959756854	0.029016401714549	0.0914941621849031	0.23200736042422	0.374098541348979	0.23955684112506	0.0245662022058992	5.53735618437496e-05	
6.56133966808807e-05	0.000507847690310017	0.00282924966487958	0.0125390481726997	0.0429839922996118	0.121692182623079	0.267344081245132	0.359093262225908	0.179760694819626	0.0131656561110021	1.83717510706466e-05	
6.55559306811589e-07	0.000164217606356303	0.00100071128184789	0.00544933673787133	0.0199480141469698	0.06052451300138	0.155894625397023	0.293045499093689	0.32979549827424	0.127504318496934	0.00666998816715451	2.62223722724636e-06	
1.08749167080243e-05	0.000334486074504384	0.00206425691694134	0.00912504374682403	0.0304234033480244	0.0837625630003697	0.189791353188954	0.308475580539304	0.286615020698591	0.0862034874869254	0.00319294145406204	9.88628791638573e-07	
1.08841957849138e-05	4.58455519425156e-05	0.000768160363123157	0.00374185458120748	0.0147955799610742	0.0439391685595822	0.110117057876546	0.220883539434926	0.311980300265278	0.237115833239608	0.0551495603939287	0.00145221557699925	
1.32431781906044e-06	3.60876605693971e-05	0.000172161316477858	0.00160441103779173	0.00670601435626732	0.0228550769213451	0.0621608297910591	0.139338099332444	0.245494422469965	0.300637692137823	0.187078432391754	0.0333274511550203	0.000587997111662837	
3.64552021904937e-06	7.82129792450592e-05	0.000483197134488543	0.00297474449874428	0.0110177563347542	0.0344495032481585	0.0843381160349201	0.169387108512555	0.262075454314672	0.27609811354271	0.139968091755755	0.0189099761980671	0.000216079925710926	
8.30215321324878e-06	8.63423934177873e-06	0.000166043064264975	0.00109754465479149	0.00526024427591442	0.0179927585298813	0.0493802110540181	0.109168997634551	0.195306493911035	0.270515699869855	0.242155212407269	0.0987531162132086	0.0100967466518246	8.99953408316167e-05	
8.97324477516206e-06	2.02728863438847e-05	0.000356271051813842	0.00223400560661627	0.00935510619170507	0.0277037300449161	0.0686768950579024	0.135243415881646	0.217155846982913	0.265286670244887	0.202141614419672	0.0667217247241143	0.00507586546115	1.96082015457245e-05	
1.56125379974296e-05	8.40419598585039e-05	0.000735782375836309	0.00410244349506926	0.0154235266331628	0.0407816101575837	0.0916303176885737	0.16025174054885	0.231151597411773	0.250268651917137	0.160793528835527	0.0424205944656542	0.0023362336114026	4.31836157375712e-06	
1.99963073485763e-06	3.66598968057232e-05	0.000219626109045196	0.0016306988642764	0.0077848957225899	0.0239455780499201	0.0571254508334128	0.11512407375438	0.183431459657117	0.238381645522793	0.225074769525894	0.12078202891866	0.0253903112558548	0.00106980244314883	9.99815367428815e-07	
1.53556399596481e-05	0.000101814569297666	0.000471685201369189	0.00315491637518769	0.0127722204455673	0.0352355187969724	0.0769274165604568	0.138687466659901	0.202566595073777	0.235036763404973	0.193536143504464	0.0863694660443404	0.0146936783500832	0.000430959373650122	
1.00593231819115e-06	2.81661049093521e-05	0.000189450586592666	0.00112496764251043	0.00605638317705616	0.0205280608173267	0.0494375497098221	0.0993961723604671	0.161150022063449	0.213183883086522	0.2225611841567	0.159232044443431	0.0591558618358667	0.00779161642593589	0.000163631657092426	
8.08589920252819e-06	7.44576551566138e-05	0.000431921782401714	0.00248068649284229	0.0101852007829846	0.0312344809694993	0.0674151738636785	0.122723061321438	0.180854612163214	0.217033620495059	0.201403577336572	0.124327438488206	0.0377961881723509	0.00396040604690495	7.10885304888937e-05	
1.45444705643593e-05	0.000153224306178018	0.000968391144785131	0.00440122444147542	0.0171442101168631	0.0452377006206768	0.087802939336028	0.145088873480018	0.194494748769639	0.211975849413993	0.175506435082616	0.0922934600618986	0.0229660572646248	0.00193542931556427	1.69121750748364e-05	
3.26991625948829e-05	0.000404992753388706	0.00183047187275938	0.0079918797079556	0.0267502993165534	0.0625667820788152	0.109729193028947	0.164705341374148	0.201233371539126	0.199225097969757	0.146084190125194	0.0651575094819056	0.0133552236060705	0.000922048261920292	1.0899720864961e-05	
3.40911337824727e-07	8.52278344561816e-05	0.000831482752954508	0.00356456894829534	0.0136371353356647	0.0392617360432603	0.0820744045813029	0.131816777883309	0.179371182219156	0.200618140437744	0.180014822824969	0.117047816906066	0.0438657436605832	0.00747209470244236	0.00033682040177083	1.70455668912363e-06	
1.57333538550992e-05	0.000249681485091792	0.00172246021770173	0.00646333016956109	0.0218652575054083	0.0556327972021992	0.10313931713824	0.15327296513865	0.187804256556277	0.19332734781828	0.155506759356643	0.0888322260130484	0.0280744598072664	0.00396035878887378	0.000132365390041813	6.84058863265184e-07	
7.46045699940419e-05	0.000727136707545616	0.00334620405415673	0.0115987759349723	0.0334125333614791	0.0743298739045247	0.12537349557478	0.169163971562251	0.190924783810052	0.179473841815621	0.128206062635522	0.0640643538333169	0.0173790830101328	0.00185170605524382	7.35731704088709e-05	
3.45766879820423e-06	1.14103070340739e-05	0.000180490311266261	0.00151307586609417	0.00575632701525039	0.0190953217049627	0.0486711833041621	0.0958960237500354	0.146317133232969	0.180014536039628	0.186262543557983	0.158651675136803	0.101926198134104	0.0445354656546301	0.0102564829561132	0.000878247874743873	3.04274854241972e-05	
1.27760754520486e-05	6.11179825679083e-05	0.000521056698841659	0.00301515380668348	0.0103448228234574	0.0294574864003856	0.0674866835310863	0.117145907615853	0.161645323714675	0.186131190267531	0.176408251549185	0.134293127369185	0.077908162807256	0.0295068642055111	0.00563183217899765	0.000423336986600314	6.9059867308371e-06	
6.05713644893972e-05	0.000134987612290657	0.0011152053507705	0.0055171859997771	0.0169540979816237	0.043514468249183	0.0888422700901371	0.13815774444699	0.173309557053726	0.183732677455061	0.15926253844551	0.110961201791251	0.0566459939484015	0.0185967933865761	0.0030046858007569	0.00018794429095853	2.07673249677933e-06	
0.000118793433849251	0.000310530204272604	0.00243700214001856	0.00984700308828193	0.0265256706705611	0.0600605012874499	0.111634913737558	0.15640927047285	0.179160297150312	0.174088651163082	0.138995959286503	0.0878776163645944	0.0396968058112914	0.0112440416582869	0.00152277898828982	7.01645427998501e-05	
1.32401874531803e-05	0.000148777895855473	0.000784655319593735	0.00439957492029756	0.0156492047176878	0.0391658681904496	0.0809724569258375	0.131963903067891	0.170177523039668	0.179450880646679	0.160019163429209	0.116566958763785	0.0669883799933799	0.026596052333583	0.0063580773854114	0.000717060678385394	2.82225048344106e-05	
3.67144934134199e-05	0.000341969281507854	0.0017434139443744	0.00755584274448181	0.0247602543580104	0.0548448095846507	0.102261402997161	0.150922792567308	0.179383168537707	0.172271046670765	0.141431921189018	0.0945709404434971	0.0487124401990835	0.0173467239832358	0.00351619948347953	0.000287771695992805	1.25878263131725e-05	
5.6110936933411e-06	8.97774990934577e-05	0.000685605510655116	0.00353288486666989	0.0128757065594387	0.0363693558534579	0.0732005748565489	0.124810011874477	0.167342803456714	0.180147669958274	0.15951392498108	0.121648511271635	0.0730571412740128	0.0338836413473078	0.0108781572046092	0.00184289358490672	0.000111871180510988	3.85762691417201e-06	
4.10316550451225e-05	0.000199897806630084	0.00117624077796018	0.00638410468753343	0.0203639753291037	0.0503830147184404	0.0946147881591762	0.145099505270463	0.177388612207724	0.175344394111502	0.143627275459528	0.0998619302342627	0.0551935379000981	0.0228139509029945	0.00647318195575104	0.000991773679210312	4.27851445769654e-05	
5.62658137707063e-06	6.68156538527137e-05	0.000455401430206654	0.00253793986239492	0.010910292951476	0.0311156983378727	0.0677985472870207	0.116805016097298	0.162402479915742	0.180262304190572	0.163878050881879	0.124452595172745	0.0799948657444934	0.0402581897529403	0.0149223971346634	0.0036414531349729	0.000477907755714936	1.44181147787435e-05	
1.87158457884933e-05	0.00017409267874957	0.0010922285098832	0.00471392123453956	0.0177034244700855	0.0442753348105903	0.0881696432512602	0.137396908354153	0.17532121511746	0.177265897433634	0.147592453629726	0.104596505786904	0.0614504780486082	0.0285398991816232	0.00946350851482701	0.00202095821599145	0.000201283624517758	3.53129165820628e-06	
8.36909703826167e-05	0.000455690241278231	0.00240717926676781	0.00878719726741889	0.0270070052179192	0.0601163588186523	0.109597226566351	0.155727973139454	0.178903988725833	0.1682787817148	0.130613589569552	0.0866371762382895	0.0455367534570399	0.0190272839655902	0.00571793731546318	0.000990461357112917	0.000110287677072008	1.41849102343418e-06	
2.48107911346081e-06	4.25327848021853e-06	0.000153118025287867	0.00109380144916287	0.00451131070801846	0.0152309902376626	0.0404639192614324	0.0785807376815308	0.130927253697074	0.168148048117339	0.177504551894074	0.154513455069252	0.111111938137482	0.0692947674395937	0.0323954499844578	0.0122370366274621	0.00331755721457046	0.00047494943029107	3.43806677150998e-05	
7.11798233672683e-06	4.23519949035246e-05	0.000301446551960381	0.00209588989904922	0.00794793907718918	0.0245904935786902	0.0558864824176939	0.0989274980114137	0.149627106700335	0.176568313945729	0.169805874826722	0.137861081897725	0.0920529506706029	0.052154524278548	0.0223287546911952	0.00777461620728988	0.00181615319321585	0.000191117825741115	2.02862496596715e-05	
1.96308963181719e-05	0.000137773199614806	0.000796657465130174	0.0039522348169294	0.0132672735825957	0.036627326350445	0.0747455300449083	0.121307517633899	0.164565089984459	0.17736550516007	0.157822055561861	0.117802510327636	0.0734684510080644	0.0376538437651916	0.0147602924789396	0.00473104601267942	0.000896239648271446	7.70958837222749e-05	3.92617926363437e-06	
6.07279928898237e-06	3.2507337370435e-05	0.000320786691853304	0.00159393120161408	0.00696228577307449	0.0207807619434101	0.0516402273656054	0.0952907942078355	0.141586958199136	0.174971636455086	0.172427847999977	0.141955612838326	0.0970594076948797	0.0564598866601319	0.0262852186636412	0.00946535075059799	0.00271597017612547	0.000412950351650801	2.75062085442143e-05	4.28668185104638e-06	
2.87432516234548e-05	9.19784051950553e-05	0.00067798144766824	0.00349661655999327	0.0112996907944707	0.0317056029938971	0.0698967614259815	0.114558025798505	0.158617837630809	0.178805301117897	0.159365521463664	0.124283304985301	0.0784547053062198	0.0425723485607895	0.0183525661615759	0.00592434345023932	0.0016239937167252	0.000233898210085863	1.07787193587955e-05	
3.22794684647526e-06	2.43889317289242e-05	0.00019080752470276	0.00142352455929559	0.00625432634542618	0.0181851765507595	0.0463848788623281	0.0899427936086653	0.133696537130355	0.170846618725678	0.175491992898517	0.144136434553378	0.104804978211359	0.0615085271595861	0.0305345838638524	0.0121209404085146	0.00349801839929703	0.000827430374979825	0.000115130104190951	9.68384053942578e-06	
8.24029266653363e-06	9.38676816796439e-05	0.00050659886219472	0.00280205778021563	0.0101882261981833	0.0282233606564719	0.0638697919111137	0.110597267160678	0.150902688234259	0.176289238571878	0.165282715484549	0.127499540514115	0.0853364708546222	0.0466937975317099	0.0213466572894525	0.00787986943077133	0.00197910333434486	0.000443900983210225	5.55324071005527e-05	1.07482078259134e-06	
3.05186628804376e-05	0.000308418016638775	0.00108359205380189	0.00525064618780611	0.0167640810417707	0.0422191591857046	0.0838114291315358	0.129998014491697	0.163860804737645	0.173135605908557	0.151791571176164	0.109644938695187	0.0670254464611097	0.0342236285541227	0.0144834393168702	0.00504455545258998	0.00109436334658322	0.000212912553977641	1.68750253574184e-05	
0.000146834326936096	0.000709877877425848	0.00228754305443266	0.0092898613219448	0.0263272876413012	0.0596268836146824	0.105275210757276	0.148648856246336	0.170022718235644	0.165715577978852	0.133688188911115	0.0897650757947363	0.0513466422633493	0.0242005120981125	0.00946206118954382	0.00280700074631851	0.000590552657969263	8.07410167580481e-05	8.57426726634139e-06	
1.96865401693114e-05	0.000259504393140923	0.00130861801561823	0.00460056546902108	0.0156848034585314	0.0385970727188579	0.0783968140735138	0.126222936823745	0.16232876736845	0.171530972117774	0.154244400163649	0.113999385064073	0.0706979451189371	0.0374058580700676	0.0166723519008428	0.00593602876668837	0.00173062584942947	0.000315700516896957	4.545801093641e-05	2.50555965791236e-06	
5.80040796202666e-05	0.00047405803343971	0.00222742826739308	0.0086096672749934	0.0242335315855487	0.054787001500587	0.0985765011151463	0.145301651648265	0.169876404763925	0.166557998529847	0.138436761410244	0.0943880336867644	0.0543097210182795	0.0263263331002429	0.011321537022178	0.00336602686734646	0.000958141463356997	0.000171147839867206	2.00507929551539e-05	
7.15589108733765e-07	0.000114852051951769	0.00101220079430391	0.00402196858563813	0.0141185731153172	0.0365648144835236	0.0724340763533579	0.119498014240223	0.160167090056889	0.17249239686572	0.155775161902036	0.120224694980142	0.0751347096497191	0.0402815843142867	0.0184350066191993	0.00710866220616122	0.00199148448960607	0.000528820351354252	8.76596658198862e-05	7.51368564170453e-06	
6.78037232094999e-06	0.000314752020372521	0.00209656249397796	0.00686137992710029	0.0217671363204561	0.0510183762364366	0.0915079048435411	0.140134593959188	0.170643414509854	0.168260292069891	0.14087972119109	0.100776316944579	0.0580453399928485	0.0291327618312144	0.0124962261875108	0.00461208062505041	0.00112090260316336	0.000269073722631384	5.49567019698052e-05	1.42744680441053e-06	
6.63135647605439e-05	0.000781858319999315	0.00387791744032492	0.0115524647254618	0.0320119820767982	0.067555696263908	0.11256656313194	0.15894862338744	0.173705887218453	0.157725031160245	0.123523988397265	0.0819760444029925	0.0435758555875952	0.0204117430627455	0.00819649921421991	0.00277447398369114	0.000617143981723126	0.00011373132880975	1.78262270861677e-05	3.56524541723354e-07	
4.27893828130739e-06	1.49762839845759e-05	0.00017971540781491	0.00166201094409781	0.00665731480933408	0.018874753337037	0.0471706590349425	0.087117757094658	0.133474704699772	0.170727854533214	0.169520837359695	0.143361548176923	0.104103359180498	0.0640624810567837	0.0320021794058979	0.0136890367182825	0.00533726234955075	0.00165487938029563	0.000317711167387073	6.2757761459175e-05	3.92236009119844e-06	
1.60295399486414e-05	4.38140758596197e-05	0.000521138154330273	0.00300714169436512	0.0104569594384959	0.0294056567177843	0.0640714960227149	0.107673625743014	0.152949951857948	0.174751907248095	0.160642349973302	0.125746753929107	0.0856561620935577	0.0483924686809505	0.0234647530008189	0.0088062730357847	0.00331668992137333	0.00085562122125859	0.000185230239406522	3.5264987887011e-05	7.12423997717393e-07	
1.06482929189207e-06	4.01085699946013e-05	6.85040177783899e-05	0.00116456830223263	0.00573907494020096	0.0173499735389921	0.0426329253025801	0.0839351689333924	0.127464325556648	0.166265640123904	0.17434698456317	0.14605021096043	0.107332662964137	0.0672390005796221	0.0361009074830169	0.0161247099671216	0.00562939752313608	0.00194189368531384	0.000472429262502782	8.80258881297445e-05	1.24230084054075e-05	
1.35062080574483e-05	9.88085747360691e-05	0.00026514818975938	0.0024144124035328	0.00970563219538791	0.0260147338512846	0.0590494970536918	0.104085592394725	0.146371041836901	0.173954628382017	0.168049927475217	0.128642722055389	0.0879108419663475	0.0519096889626912	0.0252989048242398	0.0110210657748778	0.00378280453566901	0.00109151486695852	0.000277232691705518	4.22957568114828e-05	
2.34488747027145e-05	0.000215658590068904	0.000613934174034706	0.00446630005890642	0.0152907980220519	0.0389638581783635	0.0774068671095425	0.123799044564942	0.160629765717319	0.175808648655562	0.153882884950583	0.111076964180778	0.0710856189472592	0.0390405999501178	0.0176307114885985	0.00701050296415093	0.00229870029282671	0.000618908177759524	0.000125060665081144	1.17244373513572e-05	
7.79051999950424e-06	5.48877545419617e-05	0.000428832714518165	0.00156589451990035	0.00816092381402612	0.0230801237276222	0.0549989465092273	0.0988025616646217	0.142873179187272	0.170076258567359	0.169499051858305	0.136198828234969	0.0929221355231777	0.0547482334110615	0.0284839116909147	0.0118575255537909	0.00455887065789171	0.00135023876173226	0.000289311583617953	3.3640881816041e-05	8.85286363580027e-06	
2.56755663572702e-05	0.000193797767984327	0.000763232588976389	0.00343911901152587	0.0136699529046803	0.0342191989926737	0.0728401748752273	0.120920662499956	0.158238163739769	0.171776221611792	0.157932518984092	0.118306678812734	0.074222786537562	0.0419493030666474	0.0199407703373347	0.00777653112546911	0.00286124290844374	0.00075197754618964	0.0001396328745731	3.13030877506445e-05	1.05516026125768e-06	
5.23655523230273e-05	0.000475155884165992	0.00174352687969489	0.00630811609829541	0.0207012626072703	0.0501486267924658	0.093703059905489	0.139387259777422	0.170242519282121	0.168502155422365	0.141256253114696	0.0983695686554565	0.0574555542981575	0.0307719666463062	0.0137767090675347	0.00478881218760785	0.00180573293849473	0.000422790331842965	6.67748653783569e-05	2.17896929129375e-05	
1.33475426120298e-05	0.000171761798349541	0.00101616949412111	0.00347036107912775	0.0111030479464806	0.0313108762099723	0.0685143412320344	0.113443574668612	0.155165534115968	0.173497330140226	0.15861903514127	0.125277576198662	0.0791484689314871	0.0435927229197679	0.0224881505434206	0.00878514179656519	0.00299125454958015	0.0011257598439883	0.000222341959826707	3.51251121369205e-05	8.07877579149171e-06	
8.84911136941585e-05	0.000425180410817351	0.00193622787413673	0.00631671427911649	0.0180116434562584	0.0450095418804467	0.0885482274806862	0.133536616106863	0.165989586252923	0.17169497148365	0.144610697271195	0.105414774772488	0.0614646583767063	0.0327752047194321	0.0160454484719065	0.00563557949163794	0.00174161793485714	0.000641648712842105	9.62473069263158e-05	1.65700491777906e-05	3.52554237825333e-07	
1.30248944455514e-05	0.00018762888485078	0.000886396870645901	0.00329424222220188	0.0106314820851378	0.0279039002166357	0.0606477808044034	0.108524124568682	0.15041007296053	0.171206253075811	0.163534942271556	0.130543588689322	0.0851592240542342	0.0475197432758102	0.0239672138765113	0.0106747810585649	0.00350088041245968	0.00102051808101766	0.000330198675403437	3.06261031557559e-05	1.33769186197555e-05	
0.00011927547864548	0.000362737779174782	0.00183789480183432	0.00601569384650789	0.0171381322301989	0.0405652394770963	0.0816328392054289	0.129071854354818	0.164318810725251	0.170669879152892	0.150333410043837	0.109671346942899	0.0667953204721625	0.0354090306972985	0.016387398335195	0.00687377567229273	0.00209363546045948	0.00053954613575514	0.000123485201421202	3.08713003553006e-05	9.82268647668655e-06	
0.000174179028003922	0.000808863574714392	0.00305356513279311	0.0101661674936374	0.0257175159617381	0.0580576900566555	0.102919829283525	0.146262370390827	0.170604327630401	0.16496085703091	0.133812950648808	0.0904490314314292	0.0508231273301264	0.0248143784261926	0.0112981559452524	0.00437970887920527	0.00133069973708429	0.000278616352642089	6.79893992610884e-05	1.99762667932064e-05	
6.29068632436247e-06	0.000378140144608899	0.00160097966955025	0.00561338909677277	0.0165350690035867	0.037548757187546	0.0778804441084752	0.123193655633152	0.158970885655243	0.171922010866811	0.15220804837398	0.115185961424812	0.0723554741028171	0.037479559637978	0.0179218158555351	0.00761557476078792	0.0026742406530012	0.00072692375303744	0.00013629820369452	4.47337694176886e-05	1.74741286787846e-06	
3.2612663602479e-05	0.000703802320969627	0.00294180252646448	0.00928619295545426	0.024838926755815	0.0545364390407949	0.0980589153028086	0.141120255514959	0.168617991038882	0.166497466557116	0.136307608253879	0.0948348203655915	0.0556575431863554	0.027156529914404	0.0124668043412014	0.00487927528349347	0.00151771621582289	0.000436588883710606	9.6084621796551e-05	1.2624256878379e-05	
3.53148245983292e-07	0.000182930791419345	0.00123213423023571	0.00556596950494266	0.0155830195022587	0.0365038747425549	0.0723307642975599	0.1190918298447	0.156340847386279	0.170642645052111	0.155278577462361	0.117117378001407	0.0770258702279078	0.04184983289025	0.0187306298187078	0.00816937837433149	0.00320234829457649	0.000809062631547722	0.000301588602069731	3.28427868764461e-05	8.12240965761571e-06	
1.2441476184704e-05	0.000485217571203457	0.00225297360167583	0.0095706944227706	0.0241940500595236	0.051254616232003	0.0937173744503978	0.138278831965778	0.164862356394261	0.166349646004455	0.140909670972721	0.0970488463019134	0.0597020230906689	0.0308075833285641	0.012875150497428	0.00514010701802343	0.00188932702633434	0.000467088563048602	0.000155340716934733	2.666030611008e-05	
5.75781623553975e-05	0.000877977568835408	0.00434625718698848	0.0159466475740818	0.0359212631146782	0.0671053812693589	0.114432842583808	0.153407894073347	0.168718678463157	0.157515970787487	0.123191160571905	0.0778642721780531	0.0456044079838381	0.0214330239013747	0.00858844452773211	0.00345933890971279	0.00111615804168444	0.000320792618837214	7.90358626120673e-05	1.28746201540019e-05	
