# <P(U)> as a function of N_tot.
# number_of_species: 1
# species_total_upper_bound: 103
# species_total_lower_bound: 0
# volume: 729
# Bin widths for each
10	10	10	10	10	10	10	10	10	10	10	10	10	10	10	10	10	10	10	10	10	10	10	10	10	10	10	10	10	10	10	10	10	10	10	10	10	10	10	10	10	10	10	10	10	10	10	10	10	10	10	10	10	10	10	10	10	10	10	10	10	10	10	10	10	10	10	10	10	10	10	10	10	10	10	10	10	10	10	10	10	10	10	10	10	10	10	10	10	10	10	10	10	10	10	10	10	10	10	10	10	10	10	10	
# Bin lower bound for each
0	0	0	0	-10	-10	-10	-10	-10	-20	-20	-20	-20	-20	-20	-20	-30	-30	-40	-40	-40	-40	-40	-50	-50	-60	-60	-60	-60	-60	-60	-70	-70	-80	-80	-80	-80	-100	-100	-100	-110	-110	-110	-110	-120	-120	-130	-140	-140	-150	-150	-150	-160	-160	-160	-160	-170	-170	-170	-180	-180	-200	-200	-200	-200	-210	-210	-220	-220	-220	-230	-230	-250	-250	-250	-260	-260	-270	-270	-270	-270	-280	-280	-290	-290	-290	-310	-310	-320	-320	-320	-330	-330	-330	-340	-340	-350	-350	-350	-360	-360	-360	-360	-360	
# Bin upper bound for each
0	0	0	0	0	0	0	0	0	0	0	0	0	0	0	0	0	0	0	0	0	0	0	0	0	0	0	0	0	0	0	0	0	0	-10	-10	-10	-10	-10	-10	-10	-10	-10	-10	-10	-20	-20	-20	-20	-20	-20	-20	-20	-30	-30	-30	-30	-30	-30	-30	-40	-40	-40	-40	-50	-50	-50	-50	-60	-60	-60	-70	-70	-70	-70	-80	-80	-80	-90	-90	-90	-90	-100	-100	-100	-100	-110	-110	-120	-130	-130	-130	-140	-150	-150	-150	-150	-160	-160	-160	-170	-170	-180	-180	
# Normalized histogram for each
1	
1	
1	
1	
1.67732776192144e-05	0.999983226722381	
0.00010234029359545	0.999897659706405	
0.000455976696021149	0.999544023303979	
0.00146013645467274	0.998539863545327	
0.00386831558502715	0.996131684414973	
4.71159645041785e-06	0.00934646118721461	0.990648827216335	
6.05587147018392e-06	0.0201202965223822	0.979873647606148	
1.55135804534282e-05	0.0404364847036097	0.959548001715937	
4.99082093608917e-05	0.0739686873196729	0.925981404470966	
0.000204139518244212	0.124552055240288	0.875243805241467	
0.000518435038946508	0.192948611051341	0.806532953909713	
0.00107697326033099	0.279233286695943	0.719689740043726	
2.7021951282124e-06	0.00251574366436575	0.37940103142788	0.618080522712626	
2.1653179667935e-05	0.00524818942201574	0.486473190995255	0.508256966403062	
6.77100789838071e-07	6.29703734549406e-05	0.00996421522325706	0.591549105042031	0.398423032260467	
2.03599088961943e-06	0.000240925588604966	0.0185431263590239	0.684212383710987	0.297001528350494	
1.0180451903473e-05	0.000602682752685603	0.0326846801844969	0.756558247116217	0.210144209494697	
1.49345425787203e-05	0.00130609363279354	0.0553114361259797	0.801524002185874	0.141843533512774	
4.82203302345546e-05	0.00261748102428131	0.0879532031882467	0.819507228974578	0.0898738664826597	
6.80596665484697e-07	0.000103450693153674	0.00516164511103594	0.133989065533972	0.806881376765383	0.0538637812997899	
1.90845548016399e-05	0.00024469125620674	0.00938210345873476	0.192657217540069	0.76713503344909	0.0305618697410976	
4.07828402121523e-06	3.87436982015447e-05	0.000581155473023171	0.0166006551083566	0.262534775867706	0.703798309823159	0.0164422817455327	
6.76995359196813e-06	0.0001062882713939	0.00131472498756021	0.0279240275807909	0.34179870896985	0.620274657017226	0.00857482321958683	
4.0592158406839e-06	0.000222580335264167	0.00287324827923075	0.0454463040163235	0.422004873765153	0.525220584554142	0.00422834983404573	
1.48993245865268e-05	0.000425985234769335	0.00556286600698778	0.0703911817670193	0.496311401301795	0.425446150116113	0.00184751624872932	
1.02076022138248e-05	0.00087104872224638	0.0100837499736304	0.104614993062233	0.554220401185987	0.329449000437566	0.000750599016123248	
6.62844491215602e-05	0.00176849643635668	0.0175305284305619	0.148460765756224	0.589529790418139	0.24231817902268	0.000325955486917363	
2.728425487041e-06	0.000247604612948971	0.00327615690356448	0.0284615704680682	0.202831832813	0.596136413089076	0.168921596647311	0.000122097040545085	
3.47749007040213e-05	0.000473211393893937	0.00569149208189148	0.0438641051429351	0.261149958236026	0.577459727596611	0.111283091556859	4.36390910795561e-05	
6.13987871692908e-06	8.52760932906816e-05	0.000974194089752747	0.0099063532053919	0.0649783364612604	0.323707367922681	0.531174551976461	0.0691616404937281	6.13987871692908e-06	
9.58613242694169e-06	0.00021637270335097	0.00209730883026589	0.0166572745393007	0.094105692587797	0.380928937315595	0.465319769412432	0.0406650584788314	
3.15639887824329e-05	0.000402097770141427	0.00402029152774509	0.0264609152047165	0.132883706600373	0.426969507128315	0.38676178863518	0.0224701291447463	
9.3766137600428e-05	0.000795633255815397	0.00721447694007999	0.040199473668607	0.177089761082502	0.456412190425236	0.306325698057869	0.0118690004322895	
3.44449879098092e-06	7.57789734015803e-06	0.000230781418995722	0.00174567198726913	0.0120164784822161	0.0594692716262857	0.224861703373542	0.466961745396427	0.22893378984424	0.00576953547489305	
2.76513687773187e-06	6.01417270906681e-05	0.000584135165420857	0.00344466926543448	0.0192847558695215	0.0846836994489773	0.273334471648015	0.452896930214167	0.163038691869046	0.00266973965545012	
9.68772316362288e-06	0.00019652238417635	0.00113415559036985	0.00607351044336557	0.0304069950897083	0.117171627703567	0.315053061043728	0.417800360936886	0.110854540220659	0.00129953886437741	
9.01336265680651e-06	3.05067659153451e-05	0.000341814445369662	0.00229979414866363	0.0109054754791469	0.0455299614574746	0.153055911275231	0.350662100820701	0.364740973290633	0.071878100510087	0.000546348444120272	
1.66718187217578e-05	0.00010142023055736	0.000745369228685253	0.00407487035924296	0.0181451907012931	0.0649527110808548	0.192940179430449	0.372411613311058	0.303008915949721	0.0434099426558902	0.000193115233527027	
3.55619272612156e-05	0.000273338735027383	0.00147268216422916	0.00740734026070379	0.0281239061220904	0.0903851705368735	0.232853921364909	0.373398841657381	0.241067331976867	0.0249282137174207	5.36915372375216e-05	
5.51239836079415e-05	0.000539377713024541	0.00280783430428299	0.0123917319606764	0.0415767413073316	0.121316025798024	0.268058163478198	0.358973661202415	0.181074610660699	0.0131948674686857	1.18621230548735e-05	
1.39277317853124e-06	0.000172703874137873	0.00115669812477019	0.0054039599327012	0.0198066273718927	0.0580480005348249	0.155224570747306	0.294131410934941	0.330505771652052	0.12880227077739	0.00674520050362678	1.39277317853124e-06	
1.40012391096612e-05	0.000353531287518945	0.00231580494873796	0.00900979736706699	0.0302062732551831	0.0808221527605193	0.189436065091761	0.310072841446468	0.2873376293802	0.0870310022436986	0.00340090097973671	
1.62023747045708e-05	5.0016026261936e-05	0.000832661169600118	0.00422881979789299	0.0152548880098905	0.0433364211772082	0.107939515830777	0.22122722421621	0.312228213969969	0.237590918216753	0.0556579749144972	0.00163714429623577	
2.82945862553388e-06	4.17345147266248e-05	0.000193817915849071	0.00182217135484382	0.00747967387659882	0.0234074038443854	0.0613773238697374	0.138033016952701	0.246155826774884	0.300977295009259	0.186384928039794	0.0334491525064052	0.000674825882189831	
7.79528172856829e-06	7.29921834584122e-05	0.000527244509641346	0.003486616918596	0.0124079625259547	0.0355436500343701	0.0835944752712404	0.166887769202968	0.263179341086095	0.275021082693766	0.139796330548292	0.0192302513624026	0.000244488381486915	
1.77551774097327e-05	1.20735206386182e-05	0.000142751626374251	0.00128902587994659	0.00618590380955087	0.0194390784352717	0.0511214170051987	0.108359847731599	0.192231044572597	0.270743018664242	0.241070566177097	0.0987976193858129	0.010506093576887	8.38044373739382e-05	
1.91432746485614e-05	1.63072339598856e-05	0.000331816760575064	0.00250351491792853	0.0105245469956757	0.0293048084360866	0.0694269850689548	0.134704133600205	0.213224174127226	0.265793733342692	0.201858032057186	0.0671177389382005	0.00515592197201253	1.91432746485614e-05	
2.69106947349934e-05	6.01949750651168e-05	0.000718090643717982	0.00447850614484469	0.0169820647301353	0.0434204059549118	0.0919680074330172	0.159528014741395	0.226312569135699	0.249719916321903	0.161322533174513	0.0431151820225228	0.00234406314665337	3.54088088618334e-06	
4.26937174060151e-06	5.76365184981204e-05	0.000160101440272557	0.00173763429842482	0.00884827293239663	0.0263669283079982	0.0597768968640753	0.116135450087842	0.180864818171015	0.233781546209901	0.224942523582942	0.120763449054654	0.0255294198848835	0.00102963015144173	1.42312391353384e-06	
2.4998178704123e-05	0.000128562061906918	0.000372829979530063	0.0034747468398731	0.0140989727891254	0.0384700543246135	0.0802241550972715	0.138507051629096	0.199061211254609	0.230353217122752	0.193548041499834	0.0863879917320309	0.014911770713848	0.000436396776806261	
3.36541697516322e-05	0.000189036187541083	0.00101606950803332	0.00668357490344117	0.0220191356177115	0.0535394877978573	0.103699237697253	0.161415422775137	0.207090575543586	0.218800794524825	0.158682274563606	0.0586549216001054	0.00798821101594062	0.000187604095211226	
9.46414308637178e-05	0.000470339232171203	0.0025029790541306	0.0109425569533489	0.0332786516177232	0.0723583927590702	0.128000384301568	0.178799889298205	0.209966316254379	0.198222175060836	0.123654765267742	0.0375927235079277	0.00404878909157132	6.73961704635566e-05	
2.87129217479565e-06	0.0001981191600609	0.000890100574186653	0.00437010669003898	0.0182894133304046	0.0487021400458402	0.0931490250886332	0.148913108238383	0.190537513073352	0.205539296863616	0.172576862696962	0.0919423645521753	0.0228174410900574	0.00205440955106629	1.72277530487739e-05	
2.93909970358104e-05	0.000399287447535278	0.00169965985297333	0.00774703670648788	0.0288519231389585	0.065876694014631	0.115563249784048	0.1677953526382	0.195576296519317	0.192671605787876	0.144933458065857	0.0650236382470062	0.0128488836797528	0.000967752341423026	1.57707788972641e-05	
7.59964496752944e-05	0.0008244897842131	0.00336678611014323	0.0137094727423677	0.0430168583067704	0.0859541354256733	0.137508406211061	0.180031287594942	0.194637661833006	0.174522261941121	0.114934592866945	0.043568907988374	0.0074670096544169	0.00037854835309958	3.58473819223087e-06	
8.6203985928636e-06	0.000222693630315643	0.0017082756544858	0.00611042586924148	0.0222003998428214	0.0593442606463719	0.108187439073537	0.158221669239616	0.186223597335435	0.18827094200124	0.150662298040224	0.0867592832713263	0.0278036589281827	0.0041198321608394	0.000155167174671545	1.4367330988106e-06	
7.6087877191295e-05	0.000606549587043814	0.00319210179122348	0.0112717729767444	0.035242325532651	0.0779168574845348	0.130563208209451	0.172510598467045	0.18794423476412	0.174300099201364	0.124466846502039	0.0624681471740532	0.0174707815373484	0.00188999415702528	8.03947381643871e-05	
7.18986861234098e-06	2.30075795594911e-05	0.000161053056916438	0.00139627248451662	0.00560090764901362	0.0190545897964261	0.0513773631300662	0.100054211609337	0.151326602657663	0.183073467515455	0.181838248087854	0.153129821705638	0.0988441567218801	0.0427869081120412	0.0103325601827952	0.00095265759113518	4.09822510903436e-05	
2.43326415229371e-05	0.000109496886853217	0.000452300865955772	0.00271380519573463	0.00995348171473556	0.0299205610820869	0.0710584699062478	0.122770342803979	0.165220067272597	0.187114434981751	0.171878623058756	0.129366635654476	0.0748028340370715	0.0284291132899163	0.00572604308308881	0.000448722536320046	1.07349889071781e-05	
9.15859684572201e-05	0.000192473636835877	0.000915144169193629	0.00528765864764731	0.0164754571069996	0.0444921772703661	0.09324453310475	0.14394309076885	0.175779947538412	0.183905340177476	0.154413227303494	0.105973551689546	0.0542482294571957	0.0178707120952151	0.00297511294410251	0.000187465029185872	4.29309227143219e-06	
0.000176500180073058	0.000300836339314808	0.00200795751419147	0.00924160659467555	0.0256218237113343	0.0616964597065095	0.117786359037095	0.160870267365617	0.18153865282486	0.173273871113423	0.133791423949145	0.0835446095272939	0.037649560678904	0.0109058532318827	0.00151632948224708	7.788874343305e-05	
2.72072995752797e-05	0.000169687631561613	0.000755360553997898	0.00378324660409942	0.0148866887570846	0.0383243453780526	0.0847084952644979	0.139347912627337	0.173210260875044	0.180655037216722	0.15837798671711	0.111044445271801	0.0624257169123438	0.0251424087338296	0.00635218846926005	0.000759656443404521	2.93552442785913e-05	
6.23273460872755e-05	0.000323815637143086	0.00172152428330716	0.00676287525360782	0.0232803383730127	0.0544232356346213	0.106429316491099	0.157723289508373	0.181836091975103	0.173373901032771	0.137965520798707	0.09037680104538	0.0452195641957337	0.0166191928107197	0.00356698685251201	0.000295159386068477	2.00593757522266e-05	
1.14550571571555e-05	0.000124573746584066	0.000711645425888286	0.00335561580597424	0.0120213665453624	0.0345584755609935	0.0733238208629524	0.129675542665434	0.173504023230856	0.18254779085643	0.159409291340048	0.117845332386382	0.0689973889629092	0.031497827476816	0.0105393685256554	0.00176479474327427	0.000106675219776011	5.01158750625554e-06	
7.67259392473974e-05	0.000221573039508839	0.00124410751957229	0.00604557377378325	0.0190516960734963	0.0483947069140827	0.0942940281404931	0.149409783919677	0.183559997533297	0.177254846282808	0.142504449387411	0.0970081186082632	0.0521392195752968	0.0213219233973959	0.00637685773576734	0.00104332936079405	5.30627991056767e-05	
0.000123421593004666	0.000428727638858314	0.00260917578194075	0.0103002897881263	0.0295439536050293	0.0656278081119022	0.117157405836903	0.166847949649764	0.185160538291369	0.165938527385519	0.123301058466469	0.077420705235313	0.0373382798205695	0.0140123205063894	0.00360520969039946	0.000575245670319994	9.38292812316176e-06	
2.16542707996489e-05	0.000251911350302582	0.00103796138032984	0.00472351827043008	0.0170909941331362	0.0416404409386982	0.0865506767681434	0.138628476232272	0.181062907100291	0.180638483392618	0.148914254862106	0.103075772624382	0.0587025627107682	0.0260450351087911	0.00919584699958424	0.00215171270845845	0.000266347530835682	1.44361805330993e-06	
0.000107584879381358	0.000603347634368426	0.00234942114973344	0.00821643170032087	0.0258160095023618	0.0575557296944444	0.108433927618638	0.158263172968863	0.18564497862114	0.170671780340753	0.1296441412037	0.0855190752352692	0.0429568977173106	0.0171874114060326	0.00581757966006086	0.00108384496728111	0.000128665700341219	
5.10287393860222e-06	4.37389194737333e-06	0.000172768731921247	0.00119042759167678	0.00404657903331156	0.0147640722683587	0.0383065456750956	0.0765912218904544	0.130937558318559	0.170290193151068	0.183835407530092	0.155857807688719	0.110429107959317	0.0678259424279183	0.0306201595595782	0.0112737064943548	0.00334456937575814	0.000462174582439115	4.22809554912755e-05	
1.46076566032086e-05	5.84306264128343e-05	0.000252712459235508	0.00218238389651936	0.00737102352197905	0.0236578302517264	0.0543222229931819	0.0974586329424568	0.149564874428932	0.178855417066856	0.174720719865317	0.140204288077596	0.0904579135153691	0.0506184516614383	0.0209846290933393	0.0070949388121784	0.0019398967969061	0.000214002169237006	2.70241647159359e-05	
1.67762961147557e-05	0.000145880835780484	0.000668863632053521	0.0043684016274466	0.0127193500717004	0.0355103130456855	0.0736092815222957	0.119164948919825	0.166021143968338	0.181326231854248	0.161360251265152	0.117881197564957	0.0716588547479106	0.0364366563528916	0.0138295032319899	0.00432026095163904	0.000870179185430589	8.97167140049979e-05	2.18821253670727e-06	
9.52311883606977e-06	3.80924753442791e-05	0.00021829918562683	0.00148633908602966	0.00728884864760724	0.019633008301962	0.0503846241188368	0.093462085899997	0.139919522320359	0.177819337645109	0.175825343070356	0.144243750819538	0.0965805410450085	0.0557688489992301	0.0256728632868385	0.00882280332781725	0.00242033727956727	0.000385320039059438	2.05113328776887e-05	
4.57141171829781e-05	8.18430162469447e-05	0.000561841246668215	0.00343445738448891	0.0117787584193238	0.0298402586534243	0.0685291482796377	0.113324559172132	0.156343018090256	0.183514899484242	0.162360323095583	0.12592690902522	0.0775193455507998	0.0419766194410343	0.0175896125728569	0.00551002576949025	0.00140312846772915	0.000247741022152914	1.17971915310911e-05	
6.64094897685113e-06	1.7709197271603e-05	0.000188898104230432	0.00154217592906876	0.00624249203824006	0.0182360458904332	0.0447371217241674	0.0879468251836591	0.132959177348756	0.169103648980098	0.179489355296673	0.146070624278719	0.106463266697559	0.0610037573013545	0.0303351170430363	0.0114194807073053	0.00334703828433297	0.000760019716239629	0.00011879919836367	1.1806131514402e-05	
6.65300582803311e-06	0.000115318767685907	0.000566244718252595	0.00288075152353833	0.0104607428302774	0.0284733864982421	0.061547696138004	0.108816563323309	0.149486387950076	0.174600745728031	0.169790622514363	0.13025846188419	0.0864609852953787	0.0457261090560715	0.020886742185675	0.00763986835919135	0.00173199918389795	0.000474581082399695	7.613995558749e-05	
3.68661148055054e-05	0.000345066834579531	0.00125123593649885	0.00561987054095125	0.0176109430425899	0.0422035909070465	0.0804787286204184	0.128874352170198	0.162077449808628	0.172551113024872	0.15579546384577	0.111647554043881	0.0675844363060448	0.033695628932232	0.0141661732751635	0.00482356246115233	0.000929026093098737	0.000275758538745181	3.31795033249549e-05	
0.000135906099115003	0.000862199983632814	0.00262605656031893	0.00987072845669126	0.0271213042309176	0.0593683142967371	0.102080093994412	0.147092778563663	0.168630241883629	0.166758244970013	0.136367156902861	0.0912638682675334	0.0518854413879374	0.0236973473467622	0.00902752609981645	0.00256614096823597	0.000503437109087296	0.000125676607783766	1.75362708535488e-05	
2.69931131084394e-05	0.000257528889926462	0.00153787790358352	0.00471795844519668	0.0164424536010272	0.038849655655422	0.0778598109022995	0.121496731644683	0.161596095482666	0.171631697210225	0.158473648885257	0.114908952959029	0.0714288840901132	0.0372242325201354	0.0159120754056262	0.00569189914789308	0.00163563674565192	0.000234913038403175	6.78475545698611e-05	5.10680518267772e-06	
0.000109074567737488	0.000602818777695851	0.00245199628273873	0.00900301482105226	0.0256485210215779	0.0545860038423334	0.0994789144317288	0.140218992645465	0.168214071200969	0.166311083575842	0.141362821279139	0.0954809679422574	0.0551815509821801	0.0260688216892596	0.0107133040431761	0.00343439455616104	0.00094167710146698	0.000162884687821315	2.90865513966635e-05	
1.4464746519782e-06	0.000164898110325515	0.00125843294722103	0.00435822812641031	0.0153709628892463	0.0382035652707222	0.072783711538239	0.118873456611546	0.155613189534467	0.169726442713818	0.156390669659905	0.122404301237025	0.0761409792054804	0.0411008539986345	0.0181510871703484	0.00666969462027147	0.00216754226598933	0.0004975872802805	0.000108485598898365	1.4464746519782e-05	
1.15125555210978e-05	0.000439635713961924	0.00261550870744941	0.00748603922759387	0.0233337914371051	0.0529764632997718	0.0917334814615477	0.137333994345896	0.167931488782094	0.16526489310952	0.140692782419176	0.102933758914136	0.0592867827947736	0.0297657122997985	0.0124709757682292	0.00413084882791392	0.00126422250316056	0.000270545054745799	5.46846387252147e-05	2.87813888027446e-06	
5.68154848806084e-05	0.00102627464461555	0.00459845835856468	0.0116665923510535	0.0333816145090926	0.0700498969410255	0.111455440118636	0.153483796079875	0.171825129129371	0.158107425855792	0.124265534000831	0.0833864330375572	0.0443513181911676	0.0210454624564714	0.0079930037843428	0.00247327155068876	0.000697607852331521	0.000112911786408298	2.22946839404919e-05	7.19183352919093e-07	
8.68420538435208e-06	3.03947188452323e-05	0.000206249877878362	0.00216960397852396	0.00755453500060428	0.0179951209239416	0.0490179972919753	0.0904134333078355	0.133178079039295	0.165427599417869	0.168083518897916	0.142424586722284	0.105382832339112	0.0647197643106659	0.0325751780804867	0.0136913734722131	0.00525104952240489	0.00147342018021174	0.000356052420758435	3.98026080116137e-05	7.2368378202934e-07	
3.24152844549262e-05	6.98729464917298e-05	0.000682161652862558	0.0036528423882429	0.0106747133408345	0.028391467144588	0.0656726459660259	0.108698533532531	0.15361675337155	0.169869056657595	0.159682733602548	0.124157742858913	0.0873735983991172	0.0500412754622059	0.0241342597861744	0.00913174580077998	0.00314284191281873	0.000757797316590719	0.000186567970529464	2.95339258367105e-05	1.44067930910783e-06	
2.14852618265624e-06	8.09278195467183e-05	6.37396100854684e-05	0.00154192562375296	0.00666759292017652	0.0172970681211711	0.0428545032392613	0.0854010510590086	0.128731094760031	0.165712243591304	0.170174732472682	0.144711116331234	0.105825657126733	0.0688996538008144	0.0368486563833429	0.0169740730183785	0.00576807662503778	0.0018377060615653	0.000525672739356559	7.01851886334371e-05	1.21749817017187e-05	
2.72402605315865e-05	0.000157706771498659	0.000229391667634413	0.00302797001277425	0.0107921611132378	0.0252029757834084	0.0593185347033751	0.105677157034367	0.146715326374164	0.173104687188619	0.165217198066802	0.127138181239489	0.0873552144310298	0.052960801265095	0.0260775315162646	0.011530515543436	0.00405664827232232	0.00105448482215694	0.000329750522224468	2.6523411570229e-05	
4.71152610613783e-05	0.000364786339429763	0.000768121528818835	0.00554246798303851	0.0168765437386674	0.0376986336574292	0.0782941420025414	0.126556588284005	0.160306106423381	0.174615582301795	0.151646178666781	0.109200325523622	0.0712839622506817	0.0388122671006982	0.0176767893091189	0.00717865250353364	0.00229365657257892	0.00068031581502263	0.000149198326694365	8.56641110206879e-06	
4.25377451592046e-06	0.000108471250155972	0.000613252492711866	0.00187591456152092	0.0102912984788502	0.0249746191453883	0.0537825980920403	0.101707748675658	0.144399338679855	0.169456906428304	0.16705281486439	0.13329982304298	0.0909698038726363	0.0551466417868122	0.0281848009800696	0.0115645949839491	0.00487978833218009	0.00138105879283551	0.00027507741869619	2.90674591921231e-05	2.12688725796023e-06	
1.61712066743492e-05	0.000305846734927908	0.00106167487296814	0.00443161372471403	0.0163575270990754	0.0360723373229341	0.0723668529636549	0.12325131250435	0.159627387274385	0.170069768210361	0.155297019365372	0.115326015042035	0.0723176362476895	0.0420739642869447	0.0199840959697838	0.00736000832465596	0.0031892431945586	0.000754421946155507	0.000129369653394793	7.73405536599308e-06	
8.76065470825618e-05	0.000492699220792328	0.00217474492477751	0.00782151252353112	0.0240069973101286	0.0510718135396269	0.0936661167311685	0.141479667571701	0.170410853680246	0.167638982530554	0.139010564648726	0.0961113906733369	0.0553231840564495	0.0304022752471556	0.0132517167378966	0.00457025834820308	0.00199742927348241	0.000419810573619636	6.2375861522784e-05	
2.64742130714337e-05	0.000245234815819596	0.00128887616268822	0.00412997723914366	0.0133646007723503	0.0342436979180818	0.0699225768605624	0.114920378804188	0.155466332812906	0.171676911490435	0.15795212208235	0.123546792126569	0.0770239361720657	0.0412935021830775	0.0216893474036809	0.00854350723407872	0.00312813728133519	0.00123871449581603	0.000246628195454935	5.22517363251981e-05	
0.000168498358014963	0.000513885033780075	0.00228975984439421	0.00721816202550408	0.0212811328682965	0.0492826234844761	0.0893838343654149	0.135999149817414	0.163790891440213	0.169017137191922	0.143592063377756	0.103568459624368	0.0593037312248432	0.0309309848903817	0.0156332916398945	0.00541012570257173	0.00176608652425642	0.000741113109941333	0.00010207784344475	6.99163311265409e-06	
5.5620987467201e-06	0.000292010184202805	0.00107418032046032	0.00399428216248837	0.0118736902995607	0.0326648154148005	0.0647317052143285	0.109901509136442	0.150118264124602	0.167210593573273	0.160312200602653	0.130229589531018	0.0833278871116438	0.0453304095234255	0.0235985944576467	0.0104720414153873	0.0034179096798595	0.0010199498576798	0.000385870600553707	3.75441665403607e-05	1.39052468668002e-06	
0.000113048950885056	0.000446681220570222	0.00232577536759865	0.00746054143554245	0.0188840000579031	0.0461777391450604	0.08560149279761	0.130989957255089	0.162037059376204	0.165694606531058	0.147354482218572	0.109480326380593	0.0646495241259558	0.0328345163262675	0.0163431559544744	0.00670573289152333	0.00217481365879483	0.000526642673635261	0.000155097646031327	4.48059866312722e-05	
0.000192981781421005	0.000936064655077687	0.00395990374261038	0.0121647199085775	0.0289307847834209	0.0638110399314331	0.106000565896754	0.148119354767818	0.167095438762279	0.160176252115245	0.130994797046349	0.0893004307408303	0.0480064501241676	0.0228652506428148	0.0114539151264752	0.00433281871524954	0.00128219567940575	0.000273333626354306	8.24121486495396e-05	2.12898050677977e-05	
7.5083376676919e-06	0.000394529015629629	0.00165319943919543	0.0069206396011571	0.0192390914092331	0.0418016461006472	0.0829384630296279	0.124966724412609	0.158909188703638	0.169442021299106	0.147527231375568	0.112493327818118	0.070361997436244	0.0355478833996115	0.0166514452184858	0.00764348774571035	0.00265385607745328	0.000676432966243879	0.000118768250379854	5.18757875222349e-05	6.82576151608354e-07	
4.02401038331086e-05	0.000788433220865653	0.00317078377491732	0.0114636553428286	0.0285288695463576	0.0590356425014613	0.101147252180639	0.142443147212623	0.168084959817869	0.162293113008534	0.131924793292043	0.0932601918293492	0.0539176469224164	0.0252905642412797	0.011849005489705	0.00476197296547058	0.00151821137512711	0.000376483683319931	9.07107425390414e-05	1.43227488219539e-05	
0.000125771117073087	0.00119482561219433	0.00608212717237137	0.0188889078760744	0.0413622925887319	0.0772405543498693	0.120906372289342	0.157424426254721	0.169180608007656	0.149656692698098	0.113260992156394	0.0749582186982006	0.0400950118764846	0.0174767169637212	0.00795433961619303	0.00304106358618568	0.000789487175105521	0.000290503938891642	5.53666330593482e-05	1.57213896341359e-05	
0.000434306366835434	0.00234621341705262	0.0106795524589344	0.0290348191771607	0.0570688156383173	0.0969832148124502	0.138862953050386	0.163393042466805	0.16578035743277	0.134835686282838	0.0946438516535496	0.0575072321600439	0.0290183785575959	0.0120667297347101	0.0048643683137199	0.00172626505429857	0.000532950084223924	0.000177421686136242	4.38416521726621e-05	
0.000763603473374944	0.00451764693071558	0.0179358341687373	0.0438854213668774	0.0725852061014776	0.116079978276094	0.154144454448875	0.166321956186039	0.154312556104778	0.116779607839935	0.0754014192679888	0.0446170378854853	0.0200095416405497	0.0078313593298801	0.00326675282727249	0.00102698542007379	0.000405621809386334	9.32385702784022e-05	2.17783521818166e-05	
