# <P(U)> as a function of N_tot.
# number_of_species: 1
# species_total_upper_bound: 103
# species_total_lower_bound: 0
# volume: 729
# Bin widths for each
10	10	10	10	10	10	10	10	10	10	10	10	10	10	10	10	10	10	10	10	10	10	10	10	10	10	10	10	10	10	10	10	10	10	10	10	10	10	10	10	10	10	10	10	10	10	10	10	10	10	10	10	10	10	10	10	10	10	10	10	10	10	10	10	10	10	10	10	10	10	10	10	10	10	10	10	10	10	10	10	10	10	10	10	10	10	10	10	10	10	10	10	10	10	10	10	10	10	10	10	10	10	10	10	
# Bin lower bound for each
0	0	0	0	-10	-10	-10	-10	-10	-20	-20	-20	-20	-20	-20	-20	-30	-30	-40	-40	-40	-40	-40	-50	-50	-60	-60	-60	-60	-60	-60	-70	-70	-80	-90	-90	-90	-100	-100	-100	-110	-110	-110	-110	-120	-120	-130	-140	-140	-150	-150	-150	-160	-160	-160	-160	-170	-170	-180	-180	-180	-200	-200	-200	-200	-210	-210	-220	-220	-230	-230	-230	-250	-250	-250	-260	-260	-270	-270	-270	-270	-280	-280	-290	-290	-290	-310	-310	-320	-320	-320	-330	-330	-330	-340	-340	-350	-350	-350	-360	-360	-360	-360	-360	
# Bin upper bound for each
0	0	0	0	0	0	0	0	0	0	0	0	0	0	0	0	0	0	0	0	0	0	0	0	0	0	0	0	0	0	0	0	0	0	-10	-10	-10	-10	-10	-10	-10	-10	-10	-10	-10	-10	-20	-20	-20	-20	-20	-20	-20	-30	-30	-30	-30	-30	-30	-30	-40	-40	-40	-40	-50	-50	-50	-50	-60	-60	-60	-60	-70	-70	-70	-70	-80	-80	-80	-90	-90	-90	-100	-100	-100	-100	-110	-110	-120	-130	-130	-130	-140	-140	-140	-140	-150	-150	-160	-160	-170	-170	-180	-180	
# Normalized histogram for each
1	
1	
1	
1	
1.75479960188546e-05	0.999982452003981	
0.000112790486257833	0.999887209513742	
0.000467447430212264	0.999532552569788	
0.00146275762277537	0.998537242377225	
0.00388991902792089	0.996110080972079	
3.14517121862804e-06	0.00946786398841858	0.990528990840363	
4.03860366624441e-06	0.0204878363988579	0.979508124997476	
1.21074875842199e-05	0.040752457932086	0.95923543458033	
4.70155639427341e-05	0.073986825791216	0.925966158644841	
0.000202385552537185	0.124469801344252	0.875327813103211	
0.000490833966246895	0.193357737943835	0.806151428089918	
0.00108076335174418	0.27970164489856	0.719217591749696	
1.56854028056256e-05	0.0025455167981701	0.380181448739655	0.617257349059369	
3.85626533257822e-05	0.0053055036529146	0.486819868017077	0.507836065676683	
4.48323136970788e-07	9.50445050378071e-05	0.0102087661519618	0.592058224622445	0.397637516397419	
1.34589803925087e-06	0.000253028831379164	0.0191346324240297	0.684639938627049	0.295971054219503	
8.96077822566734e-06	0.000587827051603778	0.0335554262216565	0.757388721695702	0.208459064252812	
2.644618023027e-05	0.0013128959643129	0.0561828928176657	0.802096957972089	0.140380807065702	
8.02541950750825e-05	0.0026008636068746	0.0892278694573606	0.818850589554491	0.0892404231861992	
4.92917227546724e-06	0.000137120610572089	0.00511782514164649	0.135476059458365	0.805843488921909	0.053420576695232	
1.65750410344259e-05	0.000309998064751966	0.00946658830106725	0.194191836837088	0.765423747643656	0.0305912541124021	
2.68242981645921e-06	2.77184414367452e-05	0.00072380897880791	0.0166346414351357	0.26441783672765	0.701705757120286	0.0164875548668665	
4.45120632142517e-06	0.000102822866024921	0.00147290417175959	0.0282273248873177	0.343270799819459	0.618411435683184	0.00851026136593278	
2.66834950575496e-06	0.00021213378570752	0.00314464989253222	0.0460241370001792	0.423455503715454	0.523060543516111	0.00410036374051013	
1.29045406628751e-05	0.000407605491282538	0.00579013390018382	0.0714106131392253	0.496588083947152	0.424041871229594	0.00174878775189997	
1.42662319626902e-05	0.000884060561937961	0.0103920583453222	0.106396666338246	0.553444648580354	0.328143842850322	0.000724457091855364	
7.20239029887236e-05	0.00175228340376913	0.0179661612914915	0.150540246375431	0.588372210583577	0.240979900857532	0.000317173585211211	
1.78646795188149e-06	0.000247425811335586	0.00323975963073707	0.0290010741138561	0.205394686597694	0.593777285506609	0.168225434390848	0.000112547480968534	
2.54448155518713e-05	0.000475416290574437	0.00568580027516113	0.0446007440599748	0.263487314643447	0.57406405486795	0.111625959425786	3.52656215543479e-05	
4.01935542936764e-06	7.45813729671552e-05	0.00102582882458416	0.0100090882092208	0.0663046269479918	0.325356996916261	0.527656961411955	0.0695625378210181	5.35914057249019e-06	
8.93951834769094e-07	1.11743979346137e-05	0.000198010331401354	0.00216425739197598	0.0169354705337831	0.096218717831702	0.3825246719532	0.461305518319978	0.04064128528819	
1.34345161379886e-06	3.71688279817685e-05	0.000397661677684463	0.00411454447586131	0.02692187470612	0.1347652139178	0.428069809328391	0.383092840567223	0.0225995430473244	
8.98345472226527e-07	0.000122624156958921	0.000906430581476566	0.00779269779882901	0.0410350736530994	0.178350323292077	0.456038790557491	0.303799327588414	0.0119538340261823	
2.24615222892424e-06	6.73845668677272e-06	0.000254264432314224	0.00184498944083837	0.0129499660606398	0.0606991193735571	0.225462471513174	0.46537533877591	0.227505122350158	0.00589974344449241	
2.69874211629959e-06	6.74685529074898e-05	0.000571683538302797	0.00365994410005496	0.0204915488890628	0.08608042791255	0.273915577949118	0.450460990132499	0.162081953601426	0.00266770658196215	
2.11961004586926e-05	0.000179941363468476	0.00120547184098054	0.006587928414906	0.0316214250183436	0.117437671062678	0.315846700781865	0.415416059157865	0.110436644179258	0.00124696208017628	
5.8686611687845e-06	5.14636440954949e-05	0.000327290719028366	0.00240885969204878	0.0113102643786713	0.0470066216555403	0.15312059286118	0.350672819431227	0.363062917464955	0.0714911274871838	0.000542174004900784	
1.08270562722716e-05	9.74435064504443e-05	0.000707818803799755	0.00424646169545385	0.0189983258664239	0.0668827867399237	0.19206927150603	0.371545323185374	0.302249005151423	0.0430055186408074	0.000187217848041363	
2.30594458950795e-05	0.00025455819684176	0.00146766590932212	0.00773938304678581	0.0293867769902902	0.0919746346095154	0.231962200594572	0.373048933500627	0.239418540246646	0.0246668249177659	5.74225417387274e-05	
4.0761460311019e-05	0.000515406020377107	0.00284514992970913	0.0128797156480529	0.0432266228496065	0.122605943564399	0.266970354642821	0.357928647516631	0.179912027710547	0.013056348642734	1.90220148118089e-05	
9.0270957305448e-07	0.000129538823733318	0.00104127549251834	0.00559093174071292	0.0207108657345889	0.0608516523196025	0.15679072303426	0.292126747645733	0.328311860881622	0.127769512970131	0.00667373187359177	2.2567739326362e-06	
1.36056951625858e-05	0.000325629637557887	0.00219278453703674	0.00934257734497558	0.0317221317947409	0.0842473714930754	0.190617603320515	0.307499141707397	0.284635678033016	0.0861181545779309	0.00328441481224821	9.07046344172386e-07	
1.40978234324926e-05	4.86602292669905e-05	0.000747639410419929	0.00388781588788319	0.0154161973076795	0.0457133294011017	0.111183166653099	0.221661896903072	0.309903811915026	0.234926584447554	0.0549492228233756	0.00154757719808943	
1.82373176553193e-06	3.78424341347875e-05	0.00016823925537032	0.00166917049840309	0.00689142640900376	0.0238042588696055	0.0640380612819467	0.140211233731743	0.246067008464395	0.298945655073052	0.184342350927026	0.0331996689926846	0.000623260330870536	
5.00649023188242e-06	9.14822306007606e-05	0.00049245658462698	0.00313178720778027	0.0115731848742097	0.0362692909171344	0.0860274319253869	0.170222033290429	0.261985537615126	0.27361971064307	0.137451368774429	0.0189054173865393	0.000225292060434709	
1.13930978790153e-05	1.18488217941759e-05	0.000176820879082318	0.00114842426620474	0.00556119893670496	0.0186591599823361	0.0518098847428646	0.110869881252019	0.195427175090495	0.269980873267281	0.239553098899837	0.0966522065468386	0.0100400535749035	9.79806417595318e-05	
1.23019612059932e-05	2.36926660263572e-05	0.000353567477624099	0.00235833152600817	0.00989168806600412	0.0286722265456275	0.0712725513174034	0.13727804072587	0.216434782291737	0.264225167807863	0.199364216419747	0.0650814754334391	0.00501008760818891	2.18701532550989e-05	
2.13513787312102e-05	9.72169159250848e-05	0.000696872659014393	0.00430389281062735	0.0162670248852591	0.0423216126378356	0.0944171596033732	0.161700805401263	0.229597735481857	0.248786264976061	0.158247787747307	0.0412422323002749	0.00229550035593203	4.54284653855537e-06	
2.73372805328947e-06	5.01183476436403e-05	0.000261982271773574	0.00169035517961732	0.00829732026307576	0.0251616886238185	0.0587815318445147	0.118212324101686	0.183729761869505	0.235986796093503	0.22374060565745	0.118418720569709	0.0245989962661831	0.00106615394078289	9.11242684429824e-07	
1.59703225777013e-05	0.000120918156659739	0.000478197087469457	0.00334372925283987	0.0134835152048878	0.0366829183711184	0.0791644327227347	0.140965018149131	0.202038725750776	0.232111299459519	0.192045866766443	0.0847239301594979	0.0143961050664708	0.00042937352987477	
2.14889265732523e-05	0.000208488308880916	0.00114165637560449	0.00643707653669829	0.0214912126292708	0.0512341730626704	0.102625626779409	0.162988935946082	0.210890496545084	0.220079984527973	0.157299399727411	0.0577238288877926	0.00770126551489068	0.000156366231660687	
6.36823031919036e-05	0.000445776122343326	0.00250422639746004	0.0106688474419414	0.0324862212570612	0.0700670267694746	0.126262306948701	0.181855583197035	0.213493776085692	0.198806987643801	0.122576063700629	0.0367566007394478	0.00394234689903835	7.05544941838357e-05	
1.8340076368078e-06	0.000161851173948288	0.000955517978776864	0.00451807781327601	0.0180645167206476	0.0470523829261225	0.0913024021832027	0.147922344448642	0.194319986648424	0.207814614840056	0.172873559845503	0.0906682940427764	0.0223886482263312	0.00193533655874143	2.06325859140877e-05	
2.89896819739857e-05	0.000443588149570193	0.00175318552890294	0.00823352983429406	0.0283698549641609	0.0644679910196407	0.113761033910105	0.166718740725027	0.199638135144376	0.195241366711654	0.143721640153378	0.0637943260290072	0.0128870640216419	0.000925829208439034	1.47249178280562e-05	
4.59448395445396e-07	8.08629175983897e-05	0.000890870438768623	0.00352902312541609	0.0141647940315816	0.0416784017444337	0.0842734030377809	0.135556114040605	0.180440087240061	0.198236361389243	0.17637488783716	0.114353489487591	0.0427227279472811	0.00735209322391723	0.000344126848188602	2.29724197722698e-06	
1.97783718444298e-05	0.000242860007764161	0.00171887850192172	0.00662483464361214	0.0227304088327449	0.0585329415682501	0.105946298500707	0.156880665583609	0.187082239390053	0.190308873773511	0.152227688616673	0.0864034272698671	0.0272081402258966	0.00393865576985703	0.000133389019415922	9.19924271833943e-07	
7.7393889752404e-05	0.000714511446464159	0.00331503827772797	0.0121047728996081	0.0348723968242707	0.077243248074136	0.128227854982278	0.171919469815001	0.188929541155583	0.17640647270898	0.125288269205432	0.062031663314467	0.0169626215153171	0.00184916115158423	5.75847393991102e-05	
4.61593568709126e-06	1.4770994198692e-05	0.000177251930384304	0.00156572538506135	0.00598086786976414	0.0198632944486911	0.050682973844262	0.099176147798568	0.149305209360379	0.181871558819945	0.183434053050026	0.154721548295612	0.0995468074342414	0.0428760418166846	0.00984486763342824	0.000907031362513432	2.72340205538384e-05	
1.56289359636526e-05	7.40076085337668e-05	0.000558504623406998	0.00305637633006842	0.0108271752261139	0.0305803115858222	0.0700530280603755	0.120678829043344	0.164246326740374	0.186882542110789	0.173145167073325	0.129933457506762	0.0756569209525193	0.0284690262069676	0.00538232974112966	0.000433473135697777	6.8951188074938e-06	
5.88603441766656e-05	0.00013887362454182	0.00114225855417842	0.00560920686146068	0.0177440945370703	0.0454544409439912	0.0917614371856662	0.141441866902966	0.175285185265233	0.183229032496888	0.155615713688571	0.10681864898036	0.054744258702249	0.0178480198322572	0.00291680596181711	0.000188537039940882	2.7590786332812e-06	
0.000117622464052783	0.000317948223142679	0.00253669384388834	0.00993220627120708	0.027552143278864	0.0626900165636321	0.115263122830474	0.158612514386927	0.180253209921639	0.172793372709291	0.134740208274465	0.0845985788817136	0.0381271379376096	0.0108736454463795	0.00152357847968371	6.80004870305152e-05	
1.74610767327017e-05	0.000141067119919458	0.000726472692484247	0.00451552634348052	0.0159902107689812	0.0407013103619084	0.0846232703769617	0.13573184197358	0.171415390284933	0.179800842634803	0.158133484417597	0.112189256015686	0.0638652666559143	0.0251793321505751	0.00623268538953594	0.000711309125847954	2.52726110604893e-05	
4.73556033402712e-05	0.000318156092344346	0.00171537627245196	0.00765275745241566	0.025265823553022	0.056886952979564	0.106020920142361	0.154487311227002	0.180108071923506	0.17199279275303	0.138308706120781	0.0909673554378255	0.0460848180234507	0.0163188328636853	0.00354109569831814	0.000268041910168719	1.56319467336817e-05	
7.35071501783238e-06	9.50998755432064e-05	0.000691886051053472	0.00363355031725227	0.0133406289179885	0.0372589367466379	0.0755998068599629	0.128405046449628	0.170464918942287	0.180296959698327	0.158066100385958	0.118292759683533	0.0696884537265598	0.0319751509078822	0.01020325186444	0.00186662219484081	0.000109341885890257	4.13477719753071e-06	
5.3604636938543e-05	0.000219916459235048	0.00124344431325817	0.00656954606035699	0.0209749904588328	0.051383480700269	0.0974294056711873	0.148486676956924	0.179931981671796	0.174364888138119	0.14155472689812	0.0965721896394607	0.0525421655448636	0.0213937480499595	0.00617690354876441	0.0010578898007786	4.44414511370826e-05	
7.33254752865651e-06	8.6157433461714e-05	0.000490364115978904	0.00263375941544931	0.0112458364878564	0.0318305888218979	0.0692769924823056	0.119991640895817	0.165402107740787	0.182171643938825	0.161964517802509	0.122083708362587	0.0769798336611593	0.0378639005853206	0.0139277157464625	0.00349487546584591	0.000533442832709761	1.55816634983951e-05	
2.29141795234309e-05	0.00018560485413979	0.0012208674850084	0.00480052061015877	0.0181164086148149	0.0450767739584933	0.0900976373189493	0.140410759582137	0.178215031243484	0.177951518178964	0.145340057881217	0.102062963582494	0.0588051171945712	0.0265029983203906	0.00895073680544258	0.00200774040984302	0.00022868351164384	3.66626872374894e-06	
8.08419319751889e-05	0.000494697504189082	0.00261909486433254	0.00872128274098245	0.0273328409324749	0.0612993135785049	0.112006496751624	0.158378531322574	0.181974270217832	0.167756195431696	0.127569487315166	0.0843282402916189	0.0432440029985008	0.017624919158068	0.00546785430814005	0.000971940500338066	0.000128152835347032	1.83731663579975e-06	
3.20992398441444e-06	3.20992398441444e-06	0.000159120517513116	0.00119179891935616	0.00476031726888662	0.0152063270353096	0.0406321349158564	0.0801380450737526	0.133646560772803	0.170850038312736	0.179816273122343	0.152818519610572	0.107925898446259	0.0671236375592288	0.0307166797280002	0.0113232361353065	0.00314526694415695	0.000495245414738228	4.44803752126001e-05	
9.19495417694586e-06	4.64345185935766e-05	0.000319064909940021	0.00231804794800805	0.00829154992906093	0.0248272957731715	0.0561627801127853	0.100750492159922	0.152032590595585	0.179037711265566	0.170984770397397	0.136128078355722	0.0889749740932166	0.0498738912034632	0.0211171317627739	0.00713758317985422	0.00175899473404974	0.000203208487310503	2.62056194042957e-05	
2.47981135064762e-05	0.000160728513467901	0.000788488164641105	0.00429971734742846	0.0137771889501443	0.0372137023353853	0.0754418312029152	0.122945372970515	0.167273837760639	0.179385879311255	0.157448274120184	0.115847142591449	0.0706498253799507	0.0358153642682146	0.0137390733312362	0.00426665319608649	0.000837625167329863	7.94458080855627e-05	5.05146756613404e-06	
6.42680307403172e-06	3.90198758066212e-05	0.000342456792373405	0.00165719707837532	0.0074119401738083	0.0212355345286881	0.0524248098469641	0.0962574430413101	0.143080375894531	0.177869579048989	0.173802330817852	0.140362297251578	0.0947521939498994	0.0541522427017913	0.0248767775274895	0.00885246217711627	0.00247753258503923	0.000365868717857377	2.80024991082811e-05	5.50868834917005e-06	
3.41887607683046e-05	0.000101180251462956	0.000709185780801994	0.00352883452362582	0.0120164253894978	0.0318925696734604	0.0709814114783682	0.115491943926736	0.159720188093625	0.18174930028543	0.160376704702433	0.12257918163195	0.075718402885901	0.0408149122134266	0.0170966904355556	0.00546465759956091	0.00147658485696624	0.00023562524313291	1.20122672969719e-05	
4.14169950497487e-06	2.71511411992797e-05	0.000195580254401591	0.00148733031111986	0.00636579213914638	0.0188746450218383	0.0465839952766218	0.0905624013757805	0.134901135331872	0.171466819694794	0.178151522695823	0.144360777001235	0.102956667238835	0.0593022340787319	0.0293936413868067	0.0111604995994056	0.00331105865981047	0.000774957996264187	0.000107223998295461	1.24250985149246e-05	
4.12928895479438e-06	0.000111031991895582	0.000553783529826313	0.00294601826430386	0.0105218870666999	0.0291904024313253	0.0643347807255803	0.111426568395707	0.151426072881032	0.176250899267372	0.167410091615158	0.127599157992101	0.0835488210421224	0.0445701685483989	0.0205000844210186	0.00729691239300554	0.00181963999941272	0.000429446051298615	5.87276651348534e-05	1.37642965159813e-06	
2.94021036286331e-05	0.000311019127446634	0.00118297526318328	0.00551013798315351	0.0173440252858091	0.0429950636624455	0.0838226409980177	0.131360789078956	0.163638326560896	0.173484815421403	0.152755872955348	0.109498487399591	0.0656539785869992	0.0327135155498079	0.0137261883158797	0.0047369545392943	0.000979457577128839	0.000234757421159867	2.15921698522774e-05	
0.000151088774925654	0.000750879259071603	0.00253062286461578	0.00986687298728983	0.0273589362619907	0.0605729048985172	0.104972007495099	0.148955273614468	0.169725643781967	0.166410819964716	0.133842287967902	0.0897549486138404	0.0498063461850084	0.023142600872298	0.00881381617836692	0.00267669056242911	0.000563730021248285	9.35746189116587e-05	1.09550773359991e-05	
2.5138294901451e-05	0.000291604220856832	0.0014374534084557	0.00479090194830927	0.0163202381099293	0.039757356036413	0.0792733844417722	0.125419523862412	0.16275949004912	0.171203214776564	0.15563346903442	0.113379194724432	0.0704333887747001	0.0358906292206626	0.0159125406726185	0.00545683823324407	0.00166324100266146	0.000299831299188216	4.93624699883038e-05	3.19941935109377e-06	
7.39275373231386e-05	0.000527075960544599	0.0022967734280701	0.00890598653332329	0.0250929228073298	0.0556989232591092	0.0996132494575225	0.144446193758599	0.17052162266381	0.166539575190466	0.138911668001469	0.0937551766388982	0.0536198253576016	0.0250783198369943	0.0106378075465413	0.00317203896255023	0.000923181530893268	0.000163827073450659	2.19044555031522e-05	
9.10075859373258e-07	0.000131050923749749	0.00110392201741976	0.00433833162163232	0.0146212787566908	0.0375328935543422	0.0736842919541558	0.119919330875825	0.159125853935555	0.171942907301038	0.155485550498062	0.121070576837932	0.0747154079028257	0.0398008025959004	0.0173342148934824	0.00666812582162786	0.00194255692183222	0.000485070433045947	8.73672824998328e-05	9.55579652341921e-06	
8.14949801355986e-06	0.000306964425177421	0.00227914294445891	0.00732141846540425	0.0224944255169838	0.0518901176017838	0.0925977656792946	0.139960837134546	0.169601919659532	0.166894928069361	0.140934702147166	0.101403298282946	0.0579986191128366	0.028811191977272	0.0118136028704343	0.00425539621274717	0.00111693397774734	0.000252634438420356	5.61409863156346e-05	1.81099955856886e-06	
5.45770526497159e-05	0.000766333987205515	0.00412981400050247	0.0118166084736963	0.0327453294897857	0.0683209978669845	0.112846851828715	0.157662279904504	0.17381708748882	0.157757000409102	0.123310310236716	0.0821420726379976	0.0435921804164004	0.01996663131938	0.00768138187293109	0.0026377405280623	0.000626508480416987	0.000107349905211838	1.84930508978376e-05	4.51050021898479e-07	
5.41318136728842e-06	1.89461347855095e-05	0.000147960290705883	0.00171688069032498	0.00690812162155457	0.0189722984954513	0.047902595214477	0.0891384064766911	0.133655507844376	0.170147567835057	0.169246273137403	0.142837616738639	0.103464842063667	0.0640131251604219	0.031742444439332	0.0130331363386414	0.00511274980140391	0.00157523577788093	0.000307198042593618	4.91697307528698e-05	4.51098447274035e-06	
2.0225855385134e-05	4.94409798303275e-05	0.000573964829484803	0.00306039665149727	0.0104482274285072	0.0299068486993651	0.0649762346199225	0.108794426653183	0.15347873476038	0.174579246025058	0.160165402550705	0.124730602842856	0.0850614079442665	0.0485083431653464	0.0230341030394966	0.00848137535816619	0.00316512163604697	0.000779819090960166	0.00015551435473903	2.96645878981965e-05	8.98926906005955e-07	
1.33912609523776e-06	5.04404162539554e-05	6.69563047618878e-05	0.00129716681092031	0.00583814339987153	0.0172711556256464	0.0436590817076715	0.0850586113173117	0.129056938302443	0.166650671549418	0.17327800659475	0.144973344695074	0.10631366707629	0.0669005078412529	0.0359381270178956	0.0159164063926309	0.00527392493841136	0.00190200543060269	0.00047137238552369	7.0973683047601e-05	1.11593841269813e-05	
1.69539997831673e-05	0.00010573941970028	0.000286433364757721	0.00257611565126336	0.00986499708435819	0.0258700190375571	0.0603607008069658	0.105805451067857	0.147414135798861	0.174197886193153	0.166643986973974	0.127231291372779	0.0874438231447974	0.0515107129201525	0.0249433491020403	0.0107640052307551	0.00359023253303018	0.00105293261811249	0.000285541048979659	3.56926311224574e-05	
2.9372052225289e-05	0.00024165188421715	0.000609247568127585	0.00463855909612405	0.0157928184442247	0.0389353254111865	0.0783953424825793	0.125275362989612	0.161785713967835	0.176096578867966	0.152898443014213	0.109405109134975	0.0706237644824244	0.0384907393479582	0.0171973365779067	0.00668570213000782	0.00214861012338932	0.00061191775469352	0.00013039411063651	8.01055969780609e-06	
9.72470681114045e-06	6.80729476779831e-05	0.00044777854544024	0.00156037341106026	0.00864924264425387	0.02356959508531	0.0550794132819162	0.101306691172928	0.144213865752191	0.170308790383503	0.168641003165392	0.134693819816212	0.0913101346032032	0.0546055548409369	0.0280235108048123	0.0115211253784348	0.0044353503701356	0.00125669733927601	0.000260356923261897	3.75727308612245e-05	1.32609638333733e-06	
3.19496648348859e-05	0.000217520320862168	0.000806181953778901	0.00358098846135666	0.014341022844448	0.0345336486867375	0.0729095728198512	0.123675401909277	0.159980287494464	0.171788533484124	0.156972642333569	0.116234631335881	0.072487662177374	0.0418982652644995	0.0194696005504096	0.00742020024124185	0.00276649084138786	0.000725651291729326	0.000121671326357511	3.80769978169188e-05	
6.45477557443141e-05	0.000471896430509107	0.00181300689614266	0.00664929110863387	0.0211642496148941	0.0497379710023569	0.094112372409149	0.142362255961509	0.172244377803248	0.167960238582462	0.140298036178145	0.0965699845957653	0.0560427166580312	0.030329594797102	0.0131917295135018	0.00468407362631036	0.00179207248887423	0.000413890677036176	7.06536245309384e-05	2.70402760550505e-05	
1.65453486235576e-05	0.000205510646061031	0.00105280665715164	0.00355289591495343	0.0113688315239398	0.0314239710752474	0.0679743878003307	0.114512970247109	0.158005466931508	0.174900009491805	0.157937979325281	0.124626967699125	0.0772180128339657	0.0423086334499926	0.0221024087415172	0.00846425203268316	0.00296945467401745	0.00108676816222105	0.000222926802506882	3.91863520031628e-05	1.00142899563638e-05	
0.000109289617486339	0.000483497267759563	0.00189945355191257	0.00633224043715847	0.0183554098360656	0.0457543169398907	0.087503825136612	0.134835409836066	0.16831650273224	0.172486120218579	0.143910382513661	0.104530710382514	0.0600026229508197	0.0318037158469945	0.0158378142076503	0.00538754098360656	0.00170404371584699	0.000644808743169399	8.39344262295082e-05	1.79234972677596e-05	4.37158469945355e-07	
3.48773841961853e-06	0.000204032697547684	0.000953024523160763	0.00325318801089918	0.0103782016348774	0.0284974386920981	0.0608335694822888	0.108336130790191	0.151425395095368	0.173292643051771	0.163484250681199	0.130265286103542	0.08388621253406	0.0464361852861035	0.0236106811989101	0.0103590190735695	0.00338223433242507	0.00101929155313351	0.000329591280653951	3.35694822888283e-05	1.6566757493188e-05	
7.5092281034381e-05	0.000352456255490852	0.00193981158348352	0.00609940308147469	0.0168085172877189	0.0415633605228159	0.0821032089145389	0.129620996669896	0.165134002826595	0.172254313682595	0.149599884019321	0.109241038409051	0.065646279763455	0.0341800096534817	0.0160476111105324	0.0065208747860087	0.002092166442692	0.000548217057493776	0.000124575055820042	3.60269325193851e-05	1.21536639824432e-05	
0.000142893874586954	0.000828697607027078	0.00318362340645099	0.0102896619539195	0.0252922158018909	0.0589878075475763	0.103228880372202	0.147592433660759	0.171344088450005	0.165696522944674	0.132981209238328	0.0896096608420402	0.0496128401221677	0.0242094363813885	0.0110736237886595	0.00421819243157598	0.00132860900413828	0.000286656404946473	6.81894781463581e-05	2.47566895181045e-05	
4.76857664056377e-06	0.000335100885741436	0.0015510879290852	0.00583457027321343	0.0165196500038149	0.0372066024845151	0.0787088255082436	0.123374348872535	0.159757721626102	0.172985753227026	0.153400775457263	0.114132847343122	0.0710613290976813	0.0366521470733078	0.0175323222794837	0.00752177939003836	0.00254035082851852	0.000704015314934142	0.000132219625033814	4.1616668863102e-05	2.16753483661989e-06	
2.87177398616588e-05	0.000651370554134898	0.00290397266419259	0.00956518296028554	0.0247507757053142	0.0540245954388397	0.09856406949519	0.141311730631081	0.169529955866055	0.167711600792087	0.136958817455687	0.0940266665970479	0.0547290502999916	0.0262393118881435	0.012352544195949	0.00472537355905477	0.00144154351760115	0.000388994839944288	8.18020468786645e-05	1.39237526601982e-05	
0.000140209130681482	0.00107741953858051	0.00547735732077877	0.015763449670399	0.0362317919822285	0.0719246551184	0.119606713388438	0.15684625849744	0.171832861953157	0.156039617842488	0.117477725369747	0.0765795982570252	0.040754412753773	0.0179292425858945	0.00813212957952596	0.00308547718205937	0.000762825301613939	0.000288743178497177	3.94338180041668e-05	1.00775312677315e-05	
0.000370945925357731	0.00212587343413347	0.00949400767769745	0.0242938668948867	0.0509070290278435	0.0934165488692553	0.138927197887728	0.165380058388655	0.168119759008797	0.14110562199462	0.0971211504976195	0.0588920816734607	0.0298620301958815	0.0125485707321015	0.00494815368289688	0.00184280636490216	0.000455733565439498	0.000155444006816573	3.31201719069403e-05	
0.000670716627091731	0.00410836055354473	0.015879083418832	0.0363554072546232	0.0664628856122877	0.114348336414825	0.153895399175939	0.169417445445653	0.159100089414136	0.123311428860901	0.0773576065503708	0.0451291417083542	0.0209178642011194	0.00817823011331837	0.00336198921455809	0.00109190543249498	0.000322085557073074	7.60971371106713e-05	1.59273077673498e-05	
