# <P(U)> as a function of N_tot.
# number_of_species: 1
# species_total_upper_bound: 103
# species_total_lower_bound: 0
# volume: 729
# Bin widths for each
10	10	10	10	10	10	10	10	10	10	10	10	10	10	10	10	10	10	10	10	10	10	10	10	10	10	10	10	10	10	10	10	10	10	10	10	10	10	10	10	10	10	10	10	10	10	10	10	10	10	10	10	10	10	10	10	10	10	10	10	10	10	10	10	10	10	10	10	10	10	10	10	10	10	10	10	10	10	10	10	10	10	10	10	10	10	10	10	10	10	10	10	10	10	10	10	10	10	10	10	10	10	10	10	
# Bin lower bound for each
0	0	0	0	-10	-10	-10	-10	-10	-20	-20	-20	-20	-20	-20	-30	-30	-30	-40	-40	-40	-50	-50	-50	-50	-60	-60	-60	-60	-70	-70	-70	-70	-80	-90	-90	-90	-100	-100	-100	-110	-110	-110	-110	-120	-120	-130	-140	-140	-150	-150	-150	-160	-160	-170	-170	-170	-170	-180	-180	-180	-200	-200	-200	-200	-210	-210	-220	-220	-230	-230	-230	-250	-250	-250	-260	-260	-270	-270	-270	-270	-280	-280	-290	-290	-290	-310	-310	-320	-320	-320	-330	-330	-330	-340	-340	-350	-350	-350	-360	-360	-370	-370	-370	
# Bin upper bound for each
0	0	0	0	0	0	0	0	0	0	0	0	0	0	0	0	0	0	0	0	0	0	0	0	0	0	0	0	0	0	0	0	0	0	0	-10	-10	-10	-10	-10	-10	-10	-10	-10	-10	-10	-20	-20	-20	-20	-20	-20	-20	-30	-30	-30	-30	-30	-30	-30	-40	-40	-40	-40	-50	-50	-50	-50	-60	-60	-60	-60	-70	-70	-70	-70	-80	-80	-80	-90	-90	-90	-100	-100	-100	-100	-110	-110	-120	-130	-130	-130	-130	-140	-140	-140	-150	-150	-160	-160	-170	-170	-180	-180	
# Normalized histogram for each
1	
1	
1	
1	
1.35395339885823e-05	0.999986460466011	
0.000104693094133309	0.999895306905867	
0.000432426078231335	0.999567573921769	
0.00141549486003673	0.998584505139963	
0.00387491127848231	0.996125088721518	
2.25202473109216e-06	0.00947684178625454	0.990520906189014	
2.89466972300905e-06	0.0205753123911484	0.979421792939129	
8.67648845159387e-06	0.0407438257144124	0.959247497797136	
4.20677419095865e-05	0.0737759009641862	0.926182031293904	
0.000182368088153138	0.12425463465379	0.875562997258057	
0.000455655807671564	0.193127517570486	0.806416826621843	
3.20676859059955e-07	0.00103546557790459	0.279529528566536	0.7194346851787	
1.31684091790878e-05	0.00247084321499323	0.379846938120039	0.617669050255788	
3.31034943791552e-05	0.00517314413132895	0.486686288789743	0.508107463584549	
1.92760184484347e-06	9.79864271128765e-05	0.0101051314046178	0.591817779942403	0.397977174624021	
5.45990199797084e-06	0.000263038808019889	0.0190576273385643	0.683860112172081	0.296813761779337	
1.79896501687654e-05	0.00059205223680419	0.0334103140446805	0.756813339068605	0.209166304999741	
2.24796823813562e-06	2.76178954970948e-05	0.00132565898386055	0.0559744091295771	0.802215404812515	0.140454661210313	
1.92595288926638e-06	9.59766523151077e-05	0.00265909895578044	0.0890579875525665	0.818938600942882	0.0892464099435664	
8.02363441754031e-06	0.000150523381673056	0.00512004159452082	0.135149456238296	0.806101171611098	0.0534707835399954	
2.37346390378362e-05	0.000336133806914221	0.00953330643407576	0.193867418306335	0.765634872727809	0.0306045340858283	
1.92153292210394e-06	3.61888700329575e-05	0.000719293823840907	0.0167016439034404	0.263930873493638	0.70209578393259	0.0165142944435353	
4.46708904057138e-06	9.98713478356315e-05	0.00143967898221843	0.0282932656718247	0.34260147949989	0.619083340565763	0.00847789684342725	
2.23240909470709e-06	0.000195176337994391	0.00311580526504118	0.0457755484869688	0.423088404037982	0.523707227839034	0.00411560562388499	
1.14824734396036e-05	0.000399653867217315	0.00577472726733399	0.0708554729774341	0.4965780634362	0.424595075358516	0.00178552461985836	
3.1979226294599e-07	2.30250429321113e-05	0.000877829761786743	0.0103126608954823	0.105704454386431	0.553360217202905	0.328971580061592	0.000749912856608347	
4.81164958103363e-06	6.76838707732064e-05	0.00171262647420924	0.0180273263203006	0.149904055707354	0.588347981063914	0.241615059051771	0.00032045586209684	
2.56249771777547e-06	0.000226140423593685	0.0031733331112502	0.0293562941670505	0.204454646032581	0.59430215819964	0.168366670360934	0.000118195207232394	
2.68750119977732e-05	0.000464873719437672	0.00564599210386552	0.0453995738390955	0.262875050390648	0.574089289027956	0.11146219261705	3.61532899493854e-05	
2.88180470137619e-06	7.23653180567799e-05	0.000975650991677028	0.010081513446981	0.067599133281226	0.324512342609436	0.527346885713709	0.0694009016206309	8.32521358175344e-06	
6.40771386225594e-07	1.24950420313991e-05	0.000197677972650596	0.0020754585199847	0.0172630219163037	0.097515793412742	0.381453128534255	0.460780626148983	0.040699876138891	1.28154277245119e-06	
2.5679149301142e-06	4.17286176143557e-05	0.000383582292685808	0.00404221908936601	0.0271252063961625	0.135277758518416	0.427838380570128	0.382691868183791	0.0225966884169061	
8.99599549686168e-06	0.00012273108142147	0.000928515249497509	0.0077005721453136	0.0410978841418591	0.178564084901635	0.456352393705887	0.303331474160931	0.0118933486179581	
1.60469289226958e-06	2.43913319624977e-05	0.000264132450067574	0.00182261018703979	0.0127874767199179	0.0610617739366422	0.225919256346801	0.464756290476372	0.227450454304605	0.0059120095536996	
1.92643645536977e-06	6.64620577102569e-05	0.000554492626403931	0.00360050973508609	0.0201906594159879	0.0864276451337091	0.274491187998044	0.449677787449202	0.162266311217736	0.00272301792966516	
1.51148049836406e-05	0.000166584446415444	0.00112814331665131	0.0066106368349727	0.0312825008506098	0.118442506176167	0.315883666169915	0.41443090829687	0.110746819298326	0.00129311980508977	
6.11055669422742e-06	4.05226391301397e-05	0.000325467546029376	0.00228277533766454	0.0113894344615458	0.0466293365254024	0.153803355210198	0.350671341135335	0.362737439348705	0.0715771314666976	0.000537085772597884	
2.66929780101318e-05	8.42597619115002e-05	0.000704630299038538	0.00417761185965797	0.0188018261856185	0.0669884403325109	0.192339308272379	0.371842188541187	0.302028473367483	0.0428245415883029	0.000182026813900417	
3.670789435468e-05	0.000232483330912974	0.00142033791226749	0.0075834001749743	0.0290993782519894	0.0916045503621041	0.232184515772964	0.374291400789349	0.239031504067331	0.0244596936050018	5.60278387518801e-05	
6.44662197008767e-05	0.000507671480144404	0.00284843991748324	0.0126083032490975	0.0431317689530686	0.121872421351212	0.267550283651367	0.359009798865395	0.179282168643631	0.0131059824651882	1.86952037132543e-05	
6.4402946048364e-07	0.000161329379851152	0.00100532998781496	0.00544816722096136	0.0200686020181307	0.0607348762561795	0.156118859501109	0.293262679007989	0.329398205991535	0.127153312501127	0.00664477395853996	3.2201473024182e-06	
1.06785334296343e-05	0.000328445800941782	0.00207163548534905	0.00912755734696044	0.0305118059276863	0.0839481579853426	0.190206037448646	0.308541661812788	0.286147806435078	0.0859188327909933	0.00318640965701845	9.7077576633039e-07	
1.06828130371755e-05	4.59684682205735e-05	0.000769809981891013	0.00374351666551206	0.0147817760273791	0.0440766391481719	0.110348602849916	0.221292853457055	0.312004827336606	0.2366045617554	0.0548643379860761	0.00145642351073493	
1.29923027102593e-06	3.54040248854566e-05	0.000180268200104848	0.00160487419228478	0.00672514069039797	0.022910951406839	0.0623650018546512	0.139576308016316	0.245984241636043	0.300370020781188	0.186541858276064	0.0331157555706122	0.000588876120342503	
3.57365746623137e-06	7.66711965482367e-05	0.000487316927213369	0.00296743520877794	0.0110406523029461	0.0345731867180797	0.0845553346746461	0.169619103343351	0.262529324296095	0.275637824760183	0.139542877229597	0.0187470821898983	0.000219617495197492	
8.13495433687432e-06	8.46035251034929e-06	0.000162699086737486	0.00109886963182498	0.00522524386966111	0.0179675109447676	0.0494800462586043	0.109388778578908	0.19560562782649	0.270742669267249	0.241722033165883	0.0985061620652111	0.00999362870376336	9.01352940525674e-05	
8.788776407018e-06	1.98561244751147e-05	0.000354155138179096	0.00224081247355229	0.00927346115035318	0.0276286579212916	0.068663780475896	0.135560691383744	0.217460694638846	0.265362781159467	0.201838156310016	0.066551544546076	0.0050164382669835	2.01816347124117e-05	
1.52871976550089e-05	8.22906597173885e-05	0.000731833930292981	0.00410054682631271	0.0152683326025836	0.0406307692908171	0.0914886738128353	0.160546800291953	0.23145988183972	0.250468048455863	0.16055655807769	0.0423344786805392	0.00231226996020124	4.22837381947056e-06	
1.95752050013344e-06	3.58878758357797e-05	0.000216632268681434	0.00163877091202838	0.00776711509111279	0.0237336310504512	0.057081297783891	0.115123411879931	0.183702858828189	0.238504297736258	0.225276352956606	0.120518664631715	0.0253397766208107	0.00105836608373881	9.78760250066719e-07	
1.50396638438961e-05	9.97195102693113e-05	0.000472768563440735	0.00316552228992614	0.0127261712056481	0.0349717957260545	0.0768317574926134	0.13867289352343	0.202731726072794	0.235408338316584	0.193664770470209	0.086154714329759	0.0146610566540868	0.000423726181341074	
9.85437532622088e-07	2.75922509134185e-05	0.000187233131198197	0.00114080818359884	0.00603350553306751	0.0204281200512559	0.0492623507349557	0.099069976904629	0.161126263125617	0.213614279384023	0.22293487604674	0.159234880021338	0.0589932178904213	0.0077849565077145	0.000160954796994941	
7.92208628142221e-06	7.29492111747629e-05	0.000437035093191792	0.00247829265837158	0.0101884631317658	0.0310268509211901	0.0672123003592996	0.122319322793658	0.180893248236923	0.217697610665769	0.20165307533739	0.124287961234591	0.0377015387002167	0.00395378122828647	6.9648341890837e-05	
1.42491304716661e-05	0.000150112932643366	0.000964301620291822	0.00435460054716661	0.0171009448167628	0.0449410947573804	0.087758406324228	0.144704559191551	0.194629867237869	0.212503578851374	0.175884307664574	0.092134877629793	0.0229013350441127	0.00194119549541907	1.65687563624024e-05	
3.20512927521677e-05	0.000401976629933437	0.00183126396610042	0.00792334666244213	0.0266743545253588	0.0622272510107008	0.109707902546709	0.164301270132636	0.201455729652688	0.199733974270157	0.146325169045529	0.0651175431081541	0.0133333377849018	0.000924145607687503	1.06837642507226e-05	
3.34256549924224e-07	8.3564137481056e-05	0.000819597060414197	0.00360027729923382	0.0136032388122661	0.0391872351434663	0.0817932462795575	0.131865545971306	0.179006415720219	0.200777881842984	0.180423663491898	0.117200374099931	0.0438440973970105	0.00744857295851141	0.000344284246421951	1.67128274962112e-06	
1.54352574835833e-05	0.000244950825282952	0.00169888497042135	0.00648482143755935	0.0217647196990796	0.0554246541327902	0.102942094296001	0.1534875293186	0.18763166106859	0.19343666007872	0.155863552323845	0.088887956808123	0.0280089524493405	0.00397625654740134	0.000131199688610458	6.71098151460142e-07	
7.32086155407384e-05	0.00071353097635328	0.00330450870609001	0.0115740459601664	0.0332637008068467	0.0742180172812817	0.12508653460777	0.169420255238296	0.190729360230921	0.179689028693729	0.128615392296969	0.0640315613474704	0.0173342482723441	0.00187441045135642	7.219651486506e-05	
3.39260669578428e-06	1.11956020960881e-05	0.000177094069519939	0.0014846046900752	0.0056978829455697	0.0190189531365667	0.0485753426702393	0.095785500406095	0.146104982178637	0.180194572779217	0.186143847880944	0.158883235298309	0.102260629545669	0.0445361051382385	0.0101974972061884	0.000895308907017471	2.98549389229017e-05	
1.25367802024588e-05	5.99732458333842e-05	0.000511297333121902	0.00297121690798274	0.0102720278004795	0.0293113309452461	0.0673733344718085	0.116858377754195	0.161483555132693	0.186272157911928	0.176433157276279	0.134760899883306	0.0781431063295154	0.0294898953551568	0.0056151222031121	0.000425234031191509	6.77663794727505e-06	
5.94379075954513e-05	0.000132461622641292	0.00109433679012882	0.00544145552906701	0.0168528544970211	0.0432212085322946	0.088709548682873	0.13773767096465	0.173549180113503	0.183873374840239	0.159317707164034	0.111338069572241	0.0568110917249186	0.0186536532745702	0.00301808712510389	0.000187823788001626	2.03787111755833e-06	
0.000116603006652849	0.000304804350724115	0.00239274824763069	0.00975408016763557	0.026348870058905	0.0597771109661718	0.111501113695091	0.155902993117354	0.179448276849632	0.174393434227892	0.139153073495011	0.0881566462520487	0.039843451939957	0.0113040137005123	0.00153084064289852	7.19392818823135e-05	
1.29940162555143e-05	0.000146011708976437	0.000770066437037323	0.00432837520427107	0.0155473404497229	0.0388965618174936	0.0806005150417706	0.132119737808108	0.169671076995359	0.179931220620273	0.160194335771535	0.116784746939824	0.0671958194830228	0.0266462820187093	0.00640263053600659	0.000722877641162034	2.94075104730061e-05	
3.60320912099199e-05	0.000335613192412397	0.00171203907663134	0.00746276083373455	0.024596878110985	0.054536800604241	0.1018994402672	0.151089078535889	0.179029048385608	0.172844225720119	0.141663083475374	0.0948024909499398	0.0488481913091282	0.0173177093610343	0.00352839963638473	0.000285854590265364	1.23538598434011e-05	
5.50695287218569e-06	8.8111245954971e-05	0.0006732249886247	0.00347523144690368	0.0127286331949482	0.0361744850482788	0.0728136192451482	0.124378660832968	0.16751703197268	0.180001294133925	0.160138059308506	0.121779723261851	0.0733804912064288	0.0340202339215906	0.0108807063217754	0.0018296850917837	0.00011151579566176	3.78603009962766e-06	
4.02753872633391e-05	0.000196213425129088	0.0011566265060241	0.00630327022375215	0.0201731497418244	0.0501332185886403	0.094225817555938	0.144854733218589	0.177661617900172	0.17521239242685	0.14421239242685	0.100002409638554	0.055457487091222	0.022918760757315	0.00642925989672978	0.000980378657487091	4.19965576592083e-05	
5.52290712023541e-06	6.55845220527955e-05	0.000447010295044054	0.00249773474512647	0.0107579327068286	0.0308858225248315	0.0674360766648545	0.116269966603671	0.162281651004047	0.180582494110337	0.163940249048593	0.125122151172323	0.0801118388691848	0.0404646145614898	0.0150267947290755	0.00361784934544921	0.000472553740475143	1.41524494956032e-05	
1.83750110943463e-05	0.000170922273009674	0.00107233791160025	0.00464922450519215	0.0175356544554895	0.0439523331410313	0.0877032345566699	0.136894179351203	0.17536001153812	0.177580267595633	0.147883822778912	0.105171629537588	0.0616086386127629	0.028692753172983	0.00950404111564747	0.00199906252773587	0.000200044932102601	3.46698322534836e-06	
8.21837189177519e-05	0.000460368120378254	0.00236382662717669	0.00867142705411415	0.0267570687574762	0.0598558650794065	0.109204054164643	0.155266635673654	0.179044544620362	0.168737800854223	0.131037064508996	0.0869364451710971	0.0456332064012759	0.0191407970776027	0.00570933081210399	0.000988990515789895	0.000108997898395154	1.39294438843647e-06	
2.43590185264255e-06	4.17583174738723e-06	0.00015032994290594	0.00110659541305762	0.0044309054699568	0.015081016355689	0.0400754572796753	0.0783347757352161	0.130628020735789	0.167901494912967	0.177844150303496	0.154944236986803	0.111413626922144	0.0694134591929022	0.0324865790507569	0.0123541982246451	0.00332639797277288	0.000468389127665268	3.37546399580468e-05	
6.99285539963819e-06	4.16074896278472e-05	0.000296147426174677	0.00211848554332039	0.00782780233435499	0.024333738219661	0.0555120833044878	0.0985576536452706	0.149381377047071	0.176588479550443	0.170372180742935	0.138032672018998	0.0922161827261087	0.0523565573054011	0.0224407722629789	0.00790577267206096	0.00180275812202673	0.000188807095790231	1.99296378889688e-05	
1.92921465880436e-05	0.000135395792417906	0.000782910385172968	0.00395699464835854	0.0131221673428856	0.0362790570419667	0.0743456191568911	0.120905636498777	0.164620588368379	0.177300790171248	0.158601789399211	0.118016725238793	0.0735472750544477	0.0377729707204845	0.0148577590032064	0.00477042170177077	0.000884983378938799	7.57655211457711e-05	3.85842931760871e-06	
5.96637980078609e-06	3.19376801100902e-05	0.000315165238888583	0.0015659992159475	0.0069817172574728	0.0206075248683975	0.0511897838731562	0.0947085581400899	0.141167002831223	0.175199233214907	0.172459611995793	0.142768449362457	0.0972639235124148	0.0565777757967837	0.0263787689533461	0.00960832822388945	0.00273260194876003	0.000406415753488841	2.7024190862384e-05	4.21156221231959e-06	
2.82282237778326e-05	9.03303160890643e-05	0.000665833228359626	0.00343678624495112	0.011262708434558	0.0314712938371083	0.0693987353050042	0.113986979026077	0.15827282789993	0.178935181999709	0.159783390724841	0.125090550849087	0.0786526527649722	0.0426535518338995	0.0184273844821691	0.0059780320905505	0.00162523998400871	0.000229707170992113	1.05855839166872e-05	
3.16950959938807e-06	2.39474058620432e-05	0.000187353234097162	0.0014072622621283	0.00617420469960797	0.0181169168701022	0.045984301771122	0.089404470276339	0.132985931603392	0.170675626752915	0.175917995630303	0.144871240433364	0.105553121685221	0.0615163074790566	0.0305501986930351	0.0121850035709808	0.00350547761692321	0.000814916134776	0.000113045842378175	9.50852879816422e-06	
8.09200966819242e-06	9.21785449159311e-05	0.000497482681340178	0.00275867164383899	0.0100562570585193	0.0280212221749211	0.0633051989402986	0.110018963448744	0.150230270449036	0.176291467151718	0.165905900482354	0.128363197540029	0.0859631778377447	0.0466933585710215	0.0213657201360865	0.00795127906526734	0.00198606063378027	0.000435913042560453	5.45331086334707e-05	1.05547952193814e-06	
2.99830190289876e-05	0.000303004862892945	0.00106739547743196	0.00517683279140496	0.0166091815764578	0.041886630324896	0.0831450282157846	0.129574615035673	0.163471652642844	0.173327952851173	0.152533141818269	0.110369256752705	0.0674409810726019	0.0341453675530117	0.0145167195896348	0.00508053438911186	0.00109596753085958	0.000209175650402231	1.65788458160284e-05	
0.00014430880820938	0.000697668131172844	0.00227277595021732	0.00916483822842153	0.0261202454022195	0.0591578334578041	0.10459649887871	0.148117718066936	0.169810737769126	0.166003934609501	0.134504938275506	0.0905012852612955	0.0517454167908741	0.0241761143290922	0.00948751412804299	0.00281841071410389	0.00059198211834797	7.93522886990754e-05	8.4267917202558e-06	
1.93491372395606e-05	0.000255056809066935	0.00128618992268788	0.00453473416396248	0.0154958445089259	0.0383313444765601	0.0778630390669635	0.125403869264564	0.161836183871685	0.171541359308553	0.154866624637995	0.114718572075888	0.0714408845159057	0.0376397007708696	0.0166729756580817	0.00597958701201476	0.00175549445137104	0.000312048813299823	4.46789168986218e-05	2.46261746685317e-06	
5.70469940459841e-05	0.000466235926647426	0.0021970135546475	0.00849542426765041	0.0240358001580413	0.0545186149271559	0.0979472237833848	0.144434537517906	0.169545779156296	0.166845906913391	0.139151704155697	0.0949110559891597	0.0550753513320121	0.0264201532240003	0.0113382661376086	0.00338337974564083	0.000988462421525169	0.000168323846629509	1.97199485591056e-05	
7.04136095424524e-07	0.000113013843315636	0.000996000506977989	0.00398998718472306	0.0139394302130716	0.0363165232576152	0.0721239561182385	0.118876128378093	0.159511470376994	0.172326395245673	0.156083735864468	0.121019518652565	0.0756471010716951	0.0408423580109564	0.0184451970876931	0.00712268867326677	0.00201382923291414	0.000538312044952048	8.62566716895041e-05	7.3934290019575e-06	
6.67423079490089e-06	0.000309824819005399	0.00206444496745434	0.00682422535013366	0.0215749779574746	0.050774386409861	0.0911647235287712	0.139474562398789	0.17005904937877	0.168163216557713	0.141366531191491	0.101481327961163	0.0584444826944221	0.0296237490208201	0.0125861941779631	0.00462875469391626	0.00111986567232337	0.000277507490945879	5.40963969691967e-05	1.40510121997913e-06	
6.52807722504774e-05	0.000769681363146758	0.00383506988376864	0.0115122290891823	0.0317250514261567	0.0672886824550203	0.112156227417152	0.158366239873145	0.173201821824906	0.157727471026393	0.124198424066002	0.0826398421188033	0.0439051800292781	0.0207845555520068	0.00828434058172187	0.00279373627480538	0.000614902757972239	0.000113363921703786	1.75485946909886e-05	3.50971893819771e-07	
4.21242708113205e-06	1.47434947839622e-05	0.000176921937407546	0.00163617688542971	0.00661807398004854	0.018787775817439	0.0468980038010134	0.0868686712671051	0.132938231075496	0.170337562844147	0.16919739924752	0.143651837285175	0.1046728453611	0.0644115204264099	0.0323914580403649	0.0139417294961867	0.00539050252148864	0.00166952526648867	0.000327165169967922	6.17822638566034e-05	3.86139149103771e-06	
1.57826124011351e-05	4.31391405631026e-05	0.000513110265396903	0.00298642099101478	0.0104105618645087	0.0293426822514703	0.0637273830780233	0.107275117939955	0.152475116957926	0.174516762712631	0.160472342023941	0.126082731051308	0.0862870492442058	0.0487097012912632	0.0237430113715476	0.00896382239440468	0.00334451093016054	0.000857521940461673	0.000197808742094226	3.47217472824972e-05	7.01449440050448e-07	
1.04912272357854e-06	3.95169559214585e-05	6.7493561883553e-05	0.0011473905520204	0.00570652820111823	0.0172556208498454	0.0424649907747142	0.08356332434818	0.127122899831161	0.165785520148052	0.174000151073672	0.14603298721609	0.107867301362601	0.0678607548368055	0.0363919690354925	0.0163631671196545	0.0057729726402782	0.00198424077786155	0.000472454933184871	8.74268936315453e-05	1.22397651084163e-05	
1.33039386310317e-05	9.73288141954426e-05	0.00026992991275067	0.00237895428941738	0.00969472012189209	0.0259185231787871	0.0587526437201734	0.103692298104854	0.145987269531145	0.173579988355553	0.167745511058549	0.128885406524602	0.0885037515356421	0.0523166883555877	0.0256198847668852	0.0112386772103881	0.00388580039120582	0.00109827514435649	0.000279032607603481	4.20124377822054e-05	
2.41381542008259e-05	0.000212345791302918	0.000635288232299999	0.00443092552329944	0.0152430694636607	0.0388246468045806	0.0770878191527508	0.123452665604355	0.160258802992431	0.175591778334782	0.153738352903313	0.111383588503942	0.0716437908096602	0.0393423927207723	0.0178069612337745	0.00722080638926447	0.00234769786727164	0.000618846301177697	0.000124538882543392	1.15443346177863e-05	
7.66977036707521e-06	5.57801481241833e-05	0.000424626377595346	0.00157474330673085	0.00810973628540471	0.0229618979753201	0.054721719813527	0.0985248242576708	0.142492131512855	0.169684953723395	0.169286474290232	0.136464389256186	0.0933857294858046	0.0551669151207431	0.0287501342209814	0.0120390990948276	0.00463184404986187	0.00138787981051484	0.00028761638876532	3.31194629487339e-05	8.71564814440365e-06	
2.52807724141752e-05	0.000205016674920435	0.000763617851688444	0.00344234079173838	0.0135833936493314	0.0340729402230942	0.0725288044965144	0.120620106179244	0.157862839688735	0.171380434067399	0.157774530141261	0.118856685725368	0.0747140329065616	0.0422632178613852	0.0201664375235925	0.00790941864612806	0.0028899732300862	0.000768466219000752	0.00014060265205692	3.0821763628241e-05	1.03893585263734e-06	
5.15709765466274e-05	0.000482136713620483	0.00175860491163365	0.00627781458122636	0.0206522724802732	0.0499878514008269	0.0933358530427914	0.138896907195086	0.169812150122074	0.168215180418812	0.141257750356324	0.0991280697710318	0.0578269859498509	0.031088992123139	0.013947007187402	0.00489197437926196	0.00187109194101388	0.000428835167391083	6.74922176281366e-05	2.14590640663819e-05	
1.31452228876319e-05	0.000169158262948736	0.00105230968484674	0.00349178631125674	0.0111173992937556	0.0313382113641144	0.06831987447004	0.113062753910358	0.154696788137751	0.173156832195003	0.158285088059156	0.125539300065311	0.0797164367866987	0.0439638520207667	0.0226727420658202	0.00890796406787916	0.00304865392917631	0.0011730381792621	0.000232116962042131	3.45926918095575e-05	7.95631911619824e-06	
8.71814447320004e-05	0.000430002504295683	0.00196835556691732	0.00637779158633064	0.0180531584517548	0.0450036869762384	0.0882342214610151	0.133164273113416	0.165818760543832	0.17135495595253	0.144188036830166	0.10563404008193	0.0618880583302912	0.0331782707716739	0.0163150869400459	0.00571715769039333	0.00180580211618195	0.000663412587402872	0.000101074902059809	1.63248123601754e-05	3.47336433195221e-07	
1.28354207659069e-05	0.000184899439681848	0.000907152035212069	0.00339965198664561	0.0106582558813979	0.027969422558703	0.0606057347272369	0.108193577571733	0.150024560751087	0.171182190818997	0.163222148524551	0.13020250824936	0.0853954419686344	0.0479472346259412	0.0243342232558398	0.0107640613769007	0.00354535135750185	0.00106291160072267	0.000342393521512165	3.2262003546739e-05	1.31823240298503e-05	
0.000117566633482908	0.000367222837526025	0.00187311309875563	0.00614873493115609	0.0171726815254755	0.0405867681520289	0.0815718797210351	0.128797013254255	0.164145150531972	0.170482683645133	0.150045799119426	0.109534066142296	0.0670444474489251	0.035726425210159	0.0166329123641025	0.00689943246436607	0.00211343312896334	0.00056604876179859	0.000134510060073092	3.04290110191056e-05	9.6819580515336e-06	
0.000171656150280988	0.000820633829109913	0.00314058224246483	0.0104178359374757	0.0257781256184543	0.0580076903336864	0.10260616863818	0.145993728506284	0.170338508000662	0.16455400658234	0.13367938568512	0.090556735811514	0.051149733553044	0.0251571240928905	0.0115009620688262	0.00438845683193205	0.00134699997202385	0.000302211532184837	6.9767690858671e-05	1.96869226680408e-05	
6.19368051894785e-06	0.000372309017861198	0.00165853000562937	0.00582205968781097	0.0168055198080785	0.037607339924327	0.0777891863843633	0.122877804188855	0.158707213710882	0.171689168078596	0.151709387004557	0.115098885550419	0.0725641286799065	0.037725019854187	0.0181598712815551	0.00780300517378779	0.00267188495720167	0.000749435342792689	0.00013694915814118	4.43880437191262e-05	1.72046681081885e-06	
3.20873548909754e-05	0.000697986225209068	0.00306589500603449	0.00954857576997576	0.0253334842244072	0.0545716200111926	0.0978402104930481	0.140862452895418	0.168311977416023	0.16606724267494	0.135936526381671	0.0949119805902555	0.0558471786244392	0.0272752867332934	0.0126469031562226	0.00498872112224316	0.00151569623694683	0.000439217234152814	9.45369380658847e-05	1.24209115707002e-05	
3.47269730650652e-07	0.000179885720477037	0.00136615912037966	0.00579940450186588	0.0159164135649113	0.0369036597367834	0.0722334930542581	0.11896731705657	0.156052598862483	0.170139248216596	0.154834723917091	0.116867029725594	0.0771227035920886	0.0420144283627691	0.0189084895641973	0.00825078153052883	0.00328100441518736	0.000822681991911393	0.000299346507820862	3.22960849505106e-05	7.98720380496499e-06	
1.22259338604923e-05	0.000483099043687453	0.0024808166364919	0.00998649208964614	0.0246443388511884	0.0515937902036736	0.0934456069949109	0.138053498590699	0.164541857580446	0.165828375134966	0.140468993809136	0.0967686158181927	0.0599336236585094	0.0310070641445846	0.0129762568871305	0.00516563171225601	0.00194322485902625	0.000487640104835636	0.000152649517058147	2.6198429701055e-05	
5.65694328299474e-05	0.000881920971448248	0.00490010751705867	0.0166394945995517	0.0364960682487369	0.067284948314512	0.114003569847438	0.152880473356148	0.168632425177263	0.156662544008208	0.122621097236179	0.0779221098641631	0.0456831549580824	0.0216471191752809	0.00861717602580409	0.00350273711727792	0.00115563269924035	0.00032255117601175	7.76512090398656e-05	1.2649065725951e-05	
