# <P(U)> as a function of N_tot.
# number_of_species: 1
# species_total_upper_bound: 103
# species_total_lower_bound: 0
# volume: 729
# Bin widths for each
10	10	10	10	10	10	10	10	10	10	10	10	10	10	10	10	10	10	10	10	10	10	10	10	10	10	10	10	10	10	10	10	10	10	10	10	10	10	10	10	10	10	10	10	10	10	10	10	10	10	10	10	10	10	10	10	10	10	10	10	10	10	10	10	10	10	10	10	10	10	10	10	10	10	10	10	10	10	10	10	10	10	10	10	10	10	10	10	10	10	10	10	10	10	10	10	10	10	10	10	10	10	10	10	
# Bin lower bound for each
0	0	0	0	-10	-10	-10	-10	-10	-20	-20	-20	-20	-20	-20	-20	-30	-30	-40	-40	-40	-40	-40	-50	-50	-60	-60	-60	-60	-60	-60	-70	-70	-80	-80	-80	-80	-100	-100	-100	-110	-110	-110	-110	-120	-120	-130	-140	-140	-150	-150	-150	-160	-160	-160	-160	-170	-170	-170	-180	-180	-200	-200	-200	-200	-210	-210	-220	-220	-220	-230	-230	-250	-250	-250	-260	-260	-270	-270	-270	-270	-280	-280	-290	-290	-290	-310	-310	-320	-320	-320	-330	-330	-330	-340	-340	-350	-350	-350	-360	-360	-360	-360	-360	
# Bin upper bound for each
0	0	0	0	0	0	0	0	0	0	0	0	0	0	0	0	0	0	0	0	0	0	0	0	0	0	0	0	0	0	0	0	0	0	-10	-10	-10	-10	-10	-10	-10	-10	-10	-10	-10	-10	-20	-20	-20	-20	-20	-20	-20	-30	-30	-30	-30	-30	-30	-30	-40	-40	-40	-40	-50	-50	-50	-50	-60	-60	-60	-70	-70	-70	-70	-80	-80	-80	-90	-90	-90	-90	-100	-100	-100	-100	-110	-110	-120	-130	-130	-130	-140	-150	-150	-150	-150	-160	-160	-160	-170	-170	-180	-180	
# Normalized histogram for each
1	
1	
1	
1	
1.54944240931143e-05	0.999984505575907	
0.00010577280479599	0.999894227195204	
0.000462323888346989	0.999537676111653	
0.00146641760274783	0.998533582397252	
0.00388577307013665	0.996114226929863	
4.17171245220409e-06	0.00937502979794609	0.990620798489602	
5.35906637918253e-06	0.0203239615171398	0.979670679416481	
1.3706932668567e-05	0.0405379553904897	0.959448337676842	
4.40438700753448e-05	0.0740847654038972	0.925871190726028	
0.000212789353399726	0.124705854381945	0.875081356264655	
0.00052266038287691	0.193166022685003	0.80631131693212	
0.00108377832217569	0.27944309005164	0.719473131626184	
2.38203705854154e-06	0.00249935238367471	0.379375132128618	0.618123133450649	
1.90825469236847e-05	0.00529481044173115	0.486403387152079	0.508282719859266	
5.96230392963527e-07	5.5449426545608e-05	0.0100625803420455	0.591873737482143	0.398007636518873	
1.79035321878653e-06	0.000221407014723268	0.0187205300400383	0.684549908184719	0.296506364407301	
1.19302770747199e-05	0.000552371828559532	0.0330444814415592	0.756976080390979	0.209415136061827	
2.3240417350223e-05	0.00125021527181456	0.0558175233938637	0.801475587729298	0.141433433187674	
6.67108228780002e-05	0.00253858506344676	0.0886646399283335	0.819033789031788	0.089696275153554	
6.55833880855255e-06	0.000127589500457295	0.00510715729400556	0.134781613279801	0.806252958705122	0.0537241228818056	
2.20841992925894e-05	0.000276947796534094	0.00932490393373308	0.19389688230793	0.76589555009353	0.0305836316689805	
3.57210046651632e-06	3.69117048206687e-05	0.000632857132651141	0.0164060620926317	0.264213983106346	0.702226728360811	0.016479885502273	
5.93095537608485e-06	0.000118026011984088	0.00135166473020974	0.0276489277722323	0.343726739534384	0.618580259763984	0.00856845123182978	
3.55539964469706e-06	0.00022932327708296	0.00295572223795816	0.0454344520595838	0.423694012825512	0.523475711287327	0.00420722291289152	
1.30417823136833e-05	0.000423265116907722	0.00560381673687493	0.0705252162861035	0.496798242441991	0.424836651676521	0.0017997659592883	
8.93113913107161e-06	0.000880610318323661	0.0101100494963731	0.105453532176215	0.55404678845168	0.328765353372428	0.000734735045849491	
6.27321837610872e-05	0.00181564863285661	0.0176235614912814	0.149768607859327	0.588954236573222	0.241459759992639	0.000315453266912895	
2.38533685727098e-06	0.000251056704227771	0.00326254448653239	0.0284218849885981	0.204243872069614	0.595354437203622	0.168346341370328	0.000117477840220596	
3.33893797922704e-05	0.000463873883542613	0.00569885164383072	0.0439124005771593	0.262314718754099	0.576396093442564	0.111139531833196	4.1140485815476e-05	
5.36147671748949e-06	8.1017870397619e-05	0.000990681753465003	0.00987226579580399	0.0650859444717814	0.324418786137842	0.530429954689565	0.0691088391688043	7.14863562331933e-06	
8.36090441097428e-06	0.000211411440106064	0.00211291998614479	0.0165754929947565	0.094187977019457	0.382040777325227	0.464412407582146	0.0404506527477515	
3.23230001490449e-05	0.000392066020326378	0.00401463633332675	0.0264180668810759	0.133326389874042	0.427884094510058	0.385496071259047	0.022436352121975	
9.37586771852683e-05	0.000791539601621785	0.00732519716367981	0.0401425372300081	0.177367977565231	0.456877018666391	0.305547508603561	0.011854462492322	
3.00167253193479e-06	7.20401407664351e-06	0.000233530122984527	0.00179139816705869	0.012336874106252	0.0594103034210662	0.224894911444657	0.467101669049995	0.228432682690795	0.00578842531058306	
3.61709874920725e-06	7.41505243587487e-05	0.000582352898622368	0.00348688319423579	0.0196107037186187	0.0846702532210264	0.273254930708445	0.452682922712245	0.162923170411168	0.00271101551253084	
2.83979507555365e-05	0.000203015137316176	0.00110812429118413	0.00622579754436273	0.0306667657573885	0.11659956895536	0.315248068184084	0.417399726533776	0.111181602478235	0.00133893316753764	
7.87915079724884e-06	5.45479670578766e-05	0.000339409572804566	0.00226980151813053	0.0110447511521743	0.0455493707588956	0.152484599290634	0.351202843282478	0.364571943919841	0.0718948266708042	0.000580026716382088	
1.457712666612e-05	0.000105076788051615	0.000733715375528041	0.00408098808623585	0.018335595824868	0.0649070860020104	0.192042103600854	0.373194486201839	0.302996510600304	0.043384565859762	0.00020529453388119	
3.10706204741986e-05	0.000300958559103022	0.00150662047907241	0.00751360710408414	0.0283345781889118	0.0901779067174681	0.232017116865742	0.374751891957096	0.240235600595094	0.0250739907226783	5.66581902764798e-05	
5.48831020417124e-05	0.00055858801633565	0.0028502624326996	0.012496272522653	0.0417849448333353	0.120830637455034	0.267465480053346	0.360153892218125	0.180567844966213	0.0132213392818485	1.58551183676058e-05	
1.21603685078073e-06	0.000168421103833131	0.00114064256603232	0.00554816813168706	0.0199642849976926	0.058552174365092	0.154691439769391	0.29373430932451	0.330888491244839	0.128508950335231	0.00680068608799121	1.21603685078073e-06	
1.77125196975435e-05	0.000362190488987699	0.002297130571809	0.00934365952872482	0.0305840245287859	0.0816534942525927	0.189084201653983	0.309471311825855	0.286868304362166	0.0869135018262219	0.00340385766463482	6.10776541294602e-07	
1.41246320686875e-05	5.21997272103667e-05	0.000815543973357259	0.00412070787743013	0.0156218430679683	0.0439945442073349	0.108607980662765	0.220440676238254	0.31187433253437	0.237411114611563	0.0554158445209631	0.00163108794671452	
2.46658395388475e-06	3.63821133198e-05	0.000191776902414539	0.00177039063290078	0.00731403806925674	0.0237143547786364	0.0619642887975157	0.138185432848485	0.245137746380905	0.301475757179609	0.18627087038348	0.0332890170416285	0.000647478287894746	
6.79053843413888e-06	6.35841326105731e-05	0.000532131284566156	0.00331563472088726	0.0121927204193343	0.0359546663654137	0.0839045102138958	0.16727318521317	0.262339488647763	0.27585698138343	0.139329502235013	0.0189999265387206	0.000230878306760722	
1.54517281830869e-05	1.60697973104104e-05	0.000155135350958193	0.00123922860028357	0.00586547601829979	0.019460524542907	0.0517237329891924	0.108335156637259	0.19256623537803	0.270446035766424	0.241437579344624	0.0984441963927013	0.0102111200525112	8.40574013159928e-05	
1.6688113983527e-05	3.09039147843092e-05	0.000323254948643874	0.00249147360991101	0.010249592377364	0.0293698444544161	0.0702705575931537	0.134464169383121	0.21326049898697	0.265446703726641	0.202353271302996	0.0666158606307613	0.00508616629520161	2.10146620533303e-05	
2.89698744125125e-05	7.08837352646583e-05	0.000692811464673704	0.00439664072732876	0.0166059018414362	0.0433666692349179	0.0929187148470606	0.159329994606672	0.226152400030819	0.24999214115109	0.16128022189691	0.0428069959164805	0.00235457277139995	3.08190153324601e-06	
3.712873584699e-06	5.50742915063685e-05	0.000191831801876115	0.00164418418575754	0.00871473311555267	0.0257890011070551	0.0598366706910091	0.11668819101992	0.180853453498424	0.233456208821911	0.225615857435555	0.12073646085177	0.0253539760853812	0.00105940659616745	1.237624528233e-06	
2.17386308513407e-05	0.00011738860659724	0.000390053147846913	0.00346575886144231	0.0139338412719708	0.0377171456308147	0.0802304543311738	0.139393690952444	0.19895629727764	0.230195952018494	0.193944611210798	0.0863539160901271	0.0148394105228638	0.000439741446935692	
2.92831789320612e-05	0.000181929537194933	0.00102864954078368	0.00667158042562789	0.0217499253901984	0.0528305930715999	0.104139706931453	0.162177721482078	0.207258863924806	0.218443169137772	0.158788349282282	0.0586367621028313	0.00788029036452573	0.000183175629915446	
8.23338913741526e-05	0.000430381704910343	0.00246627429161666	0.0109335665295267	0.032935427774465	0.0718194792007126	0.127867028270464	0.180163395349882	0.210045607985888	0.197868924444932	0.123808341670679	0.0374874939808936	0.00400691604687543	8.482885777943e-05	
2.49962349421118e-06	0.000188096667939392	0.000847997270411144	0.00431872449212337	0.0182485013194888	0.0478727891611326	0.0924442005922858	0.149102541429697	0.191578643466828	0.205902110994531	0.172837091413106	0.0919555241991675	0.0226672107513806	0.00200719766585158	2.68709525627702e-05	
2.56258808896556e-05	0.000468766113835163	0.00165943204297648	0.00782214388619609	0.0289072436865017	0.0649422323892384	0.115210210350981	0.167302001006285	0.196742388019588	0.193696033301145	0.144664972858442	0.0647097243967761	0.0128604420776964	0.000969408323411117	1.93756660385201e-05	
6.93332267308946e-05	0.000911325926129507	0.00337421703423687	0.0139584650248225	0.0426468052998069	0.0846271371498672	0.137748881299017	0.179917224872015	0.195390402282625	0.175532366749034	0.114767727444215	0.0433357652014661	0.00735244515179604	0.0003647802199175	3.12311832121147e-06	
7.5072163116796e-06	0.000201443637696736	0.00167661164294178	0.00620471428160319	0.0224340647447359	0.0585569128324602	0.106690055816153	0.158142639612327	0.186545566926208	0.189013564288672	0.151836577910516	0.0869673473626524	0.0276127927970762	0.00395692859761446	0.000152021130311512	1.25120271861327e-06	
6.70040246249184e-05	0.000610550691675658	0.00312977677640507	0.0114257517131426	0.0349209947404972	0.076676399992736	0.128952689522762	0.173110220368096	0.188222445847285	0.175551170723124	0.125918096033675	0.0622317099364464	0.0173026934991693	0.00180785625319756	7.26398771634629e-05	
6.27415156216963e-06	2.00772849989428e-05	0.000173166583115882	0.00141105668633195	0.00559905285408017	0.0191656507769596	0.0506907527162371	0.0984389283498166	0.149967280299603	0.183696491682671	0.182629885917102	0.154509138615458	0.0998474753755237	0.0427050126079076	0.0101942414582132	0.000909751976514596	3.57626639043669e-05	
2.12354006620448e-05	0.000100555867840859	0.000485915932796203	0.00273749297358066	0.0100899381675098	0.0297614140278558	0.0702866779089376	0.120655174567485	0.16435575541815	0.187584785459996	0.173008556617326	0.130324776716008	0.0758928236837174	0.0286003372681282	0.00564486915245769	0.000440322278433577	9.36855911560802e-06	
8.00273093193052e-05	0.000177560592552208	0.00104535672798342	0.00526367122780649	0.0168201148641974	0.0442557272669298	0.0919863903557089	0.142465491348923	0.174978461399953	0.18382523035986	0.155637486292197	0.107270981222342	0.0550287785706872	0.0180173984372167	0.00295788437804401	0.00018568836615495	3.75128012434243e-06	
0.000160021002756612	0.000269410360109764	0.00227592371498759	0.00939435800948875	0.026302202164034	0.0613155476656311	0.11597397158377	0.159234024465711	0.180864988529745	0.173525900274411	0.134738309403109	0.0851680533069965	0.0381068765275442	0.0110820795229374	0.0015164490339357	7.18844348320717e-05	
2.37923801771906e-05	0.000164668315436872	0.000716901981654823	0.0040835237767273	0.015185173590458	0.0388147637980152	0.0839739536048587	0.137313965501049	0.172693860939799	0.179892934289203	0.158906176627117	0.111760949190746	0.0638587483955796	0.0254102620292396	0.00644836114328648	0.000720032557993927	3.19318786588611e-05	
6.46133019341961e-05	0.000321811882448957	0.0016799458502891	0.0071739584555288	0.0238843384256561	0.0551226743132014	0.105399978294949	0.155298384855646	0.1813645200204	0.172780987880928	0.138944319016573	0.0909291079161332	0.0465491791915057	0.0165548061945964	0.00362399073081408	0.000286055006621295	2.13286627743948e-05	
1.00423095052342e-05	0.000121763002750965	0.000709865753151245	0.00345455446980058	0.0125102070661456	0.035426129712746	0.0741009465504353	0.127785250232385	0.171672653347635	0.181600731582247	0.158976663555643	0.118859520015264	0.0699547280134617	0.0324379149905948	0.0104314489985621	0.00183209384036117	0.0001098377602135	5.64879909669426e-06	
6.70371880969521e-05	0.000224292648025316	0.00122734440637317	0.00627267595538957	0.0201274458392774	0.0494859751310828	0.0952297715284917	0.147822638395769	0.181365666559532	0.176492626849083	0.142180237311646	0.0973993956628819	0.0528509913672391	0.0218478581618403	0.00629585703912403	0.00106194424134891	4.82417147987412e-05	
0.000107436287454269	0.000439169385558678	0.00262684864237601	0.0107279216858576	0.0308348427817579	0.0670050595580285	0.117632053961917	0.164743180151806	0.183359815435767	0.165291670671967	0.123523457865184	0.0777003105599818	0.037827625702027	0.0141193899880689	0.00352466416735935	0.000528385483912515	8.16767097605553e-06	
1.88182278373026e-05	0.000241500590578717	0.00112344820188697	0.00495609393808427	0.0176113521586703	0.0437272887512789	0.0876527961691106	0.138252501726572	0.178443218192961	0.179033483272791	0.148268189855846	0.103539771383623	0.0592473085229636	0.0264458828540226	0.00915945876267643	0.00204115044608609	0.00023648239648877	1.25454852248684e-06	
9.90873237018772e-05	0.000626080414727784	0.00246077372683834	0.00872662690971883	0.0267624132118115	0.0597193619786161	0.10961645632174	0.157018064818257	0.183201732324115	0.169217165963694	0.129154961845069	0.0858948248016202	0.0431452714834887	0.017530251612378	0.00571172152549037	0.00100349582602538	0.000111709912708486	
4.42437044368851e-06	3.79231752316158e-06	0.000204153093330198	0.00131656623345759	0.00419935960398092	0.0153664706038507	0.0396726977156343	0.078250679772916	0.131139604056768	0.169012847107663	0.181773363520181	0.155442038851029	0.110139645772261	0.0677762987739437	0.0305983139356292	0.0113775846224053	0.00324559174690578	0.000439908832686743	3.66590693905619e-05	
1.26664289600165e-05	5.76322517680752e-05	0.000347693474952453	0.00234645596484306	0.00770308877203404	0.0246666037567362	0.0558019527833528	0.0992174046867054	0.149601292482411	0.177357238262495	0.173043052558714	0.13950868188707	0.0903084718776778	0.0500716603218413	0.0208609751756992	0.00703810125163318	0.0018385321635464	0.000195063005984254	2.34328935760306e-05	
3.41126817684772e-05	0.000164246245551927	0.000835128986998646	0.00445675870141865	0.0132085567240202	0.037180927978653	0.0756360277929916	0.120760156893067	0.164783204431616	0.17924066433816	0.159442674585863	0.117937648334891	0.0715778820952009	0.0358928583837285	0.0137038223259922	0.00423755313523973	0.000824389809404866	8.14914064469178e-05	1.89514898713762e-06	
8.86353636107515e-06	5.38143279065277e-05	0.000313389321338014	0.00165558197030082	0.00750361663939019	0.0202278561954536	0.0520840389868978	0.095564749715892	0.141417722640954	0.176108970848462	0.174035536449711	0.142605436513338	0.0965220116428881	0.0551818449450936	0.0251908034479156	0.00872931709617887	0.00240138524411129	0.000377333405085771	1.77270727221503e-05	
4.52826337910493e-05	0.000121816662733668	0.000673499454695044	0.00368575127716161	0.0121057700279987	0.0308374736117046	0.0704419202387862	0.115105266178975	0.157144132710006	0.18071342470646	0.160845190792956	0.125059792210111	0.0769524149675049	0.0416249449911667	0.0174816477776431	0.00556657503842646	0.00136421906590218	0.00022067311678455	1.02045371923491e-05	
5.73920296499979e-06	3.31598393533321e-05	0.000205973617521659	0.00162291906065827	0.00657521353023476	0.0184266676529593	0.0458657970286233	0.09013864638985	0.134556888892857	0.169465272082859	0.17698299027779	0.144563508106943	0.105386433289418	0.0605976933505594	0.0300281476020972	0.0113451288833679	0.00335870911296154	0.00072824108733664	0.000102667964151663	1.0203027493333e-05	
5.73917002673816e-06	0.000121160256120028	0.000622381105121827	0.00311126784005061	0.0107539292589902	0.0287239082982659	0.0631570154020193	0.111450855805904	0.150703590361	0.173687690946969	0.167319762959524	0.128884541290459	0.0858292877498691	0.045183847934951	0.0207177661109662	0.00748770382821771	0.00175172222927219	0.000422147839744518	6.56816125282256e-05	
3.81967565860758e-05	0.000377511277592382	0.00130569246263402	0.00583137150547423	0.0177137458667926	0.042661957430988	0.0826565080270484	0.131198219521853	0.162919352641369	0.170767512894588	0.153834254087371	0.110644544802886	0.0671772724205412	0.0330522900865411	0.013811947181525	0.00480706181635763	0.000930727635480713	0.000243186016931349	2.86475674395568e-05	
0.000187744564070353	0.000892101686992011	0.00275694702138209	0.0103240609779224	0.0279688999239572	0.0596303196130698	0.104283285126661	0.149129035326849	0.168621079178435	0.164400606578746	0.135329809867678	0.0904279883043957	0.0508233355152864	0.0232859960825648	0.00872193203016765	0.00260826340688342	0.000485111793067689	0.00010836263429564	1.51203675761358e-05	
3.46216358785901e-05	0.000375802120354878	0.00159889009330216	0.00499936422086841	0.0167896049482501	0.0400956312531396	0.0783991207363455	0.124871427834033	0.163151626398557	0.169449616707017	0.155346021218656	0.114359040212715	0.0708553810205451	0.0365019054489419	0.0157282944374991	0.00543370838007254	0.00170464345380404	0.000242351451150131	5.85420388492524e-05	4.40639002091147e-06	
9.60260889703681e-05	0.000615696688104125	0.0025167622011188	0.00920218638224534	0.026141062952319	0.0555168870977966	0.0992068747148245	0.144550644975231	0.169543788210381	0.164235993214156	0.138698702141507	0.0947733564632776	0.0543018118804984	0.0256245304606679	0.0105666355157197	0.00328497091288174	0.000945197973786761	0.000153767266651897	2.51048598615341e-05	
1.24734549287298e-06	0.000151552477384067	0.00125420589308378	0.00448607806511767	0.0151995285034037	0.0389040822499618	0.0732952685067092	0.119568667928565	0.160275788088474	0.170955560198453	0.153270072127753	0.120001496814591	0.0751631683822864	0.0405929880473118	0.0177721785824542	0.00646312067132134	0.00203442049887583	0.00050455125186712	9.35509119654735e-05	1.24734549287298e-05	
9.93342124411134e-06	0.00038181587907053	0.00259386462236857	0.00745875767667211	0.0229797283705961	0.0534759524288457	0.0923969593797572	0.13881024930404	0.1712906742558	0.165447339208952	0.138304886498246	0.1012172166057	0.0584581840215953	0.0293948559778087	0.012174649412314	0.00408946535843509	0.00117835209508271	0.000287448377251472	4.71837509095289e-05	2.48335531102784e-06	
4.89650098518839e-05	0.000903683346380339	0.00453143274717878	0.0116834232368103	0.0330055156914262	0.0696003525480709	0.112582334044256	0.156172969207207	0.174824299289016	0.157155988265752	0.121870810470083	0.0822438618641289	0.0439364892831709	0.02048782785638	0.00771849705931026	0.00241725998002971	0.00067621298415703	0.000120243188750196	1.92141177899798e-05	6.1981025128967e-07	
7.47833153437914e-06	2.6174160370327e-05	0.000177610373941504	0.00194935175329483	0.00746711403707757	0.0180838520387178	0.0481218170351407	0.0899774154387662	0.133841569053667	0.168717391358539	0.170022983405582	0.141691947581881	0.103382324714141	0.0640643734778479	0.0321175643572748	0.0133812278921824	0.00515444001007082	0.0014321004888336	0.000336524919047061	4.6116377795338e-05	6.23194294531595e-07	
2.79206383774759e-05	6.82504493671632e-05	0.000611151751151416	0.00340693834068267	0.0109126263951788	0.0290393252884667	0.0653516666449506	0.108866291785562	0.153239631670939	0.173995213782123	0.160712435418012	0.122835917853759	0.0854588694871475	0.0489572882483274	0.0236252032777589	0.00889675630432503	0.00308119755961211	0.000721593387400098	0.000165041995742413	2.54388038550336e-05	1.24091726122115e-06	
1.85052564180856e-06	6.97031325081223e-05	8.51241795231936e-05	0.00149707524422312	0.00651508394292732	0.0176089851655696	0.0431678284883488	0.0851759942411642	0.128968683554564	0.165876800638555	0.173286922150237	0.145222467108449	0.104452303010003	0.0674942217336835	0.0360883342246699	0.0165511013403357	0.00561141058784414	0.0017943930306737	0.000460164042929728	6.10673461796823e-05	1.04863119702485e-05	
2.34811264267102e-05	0.000135943363523059	0.00030092917288968	0.00305131058671302	0.0106147049936323	0.0256111117633646	0.0593145612026291	0.105695347214799	0.146747771301244	0.174218217522976	0.167372233320831	0.126811677040587	0.0863178565933458	0.0519303648658085	0.025409050491219	0.0112381906926994	0.00388550849924088	0.00101463183138574	0.000284245214639123	2.28632020470599e-05	
4.07123426252059e-05	0.000315212228507276	0.000745776094452635	0.00540425505665801	0.0166784896954593	0.0382535638721139	0.0776908699487395	0.126226150894746	0.160261052475742	0.176214739101738	0.153317747497116	0.109060346795137	0.0700024057293369	0.0383948233639498	0.0173699826664117	0.00702226224917187	0.00224102940541474	0.000624255920253157	0.000128922418313152	7.4022441136738e-06	
1.34663482079351e-05	9.42644374555458e-05	0.000558241343892583	0.00186631344027246	0.00993571655050921	0.0248576545783748	0.054257141143244	0.101112687626017	0.1439264933262	0.169754337082283	0.16865989023702	0.134774273398698	0.0909045835776659	0.0536854334511435	0.0278122937965431	0.0114653712855833	0.00473464560856264	0.00131970212437764	0.000240557947532659	2.50963762056972e-05	1.83632021017297e-06	
4.43533344593815e-05	0.000298321742733648	0.00102437975203448	0.00418501051720849	0.0159702383049978	0.0358751641984745	0.0722242407377478	0.122526390234003	0.159340872995138	0.171265844165471	0.156848580146475	0.116586688895991	0.07197270264917	0.0409411656056296	0.0196503499052783	0.00730979406686053	0.00304640573944299	0.000771018923684316	0.000111794706034605	6.68337916511228e-06	
8.95825754627273e-05	0.000637973206335909	0.00219416781116477	0.00750980414706796	0.02325031005861	0.0511068593014859	0.0935242087830873	0.14043400336661	0.171255251627165	0.168103518718824	0.14072393616152	0.0964786179103412	0.05504970319719	0.0296185416562002	0.0129900787297675	0.00459655458151318	0.00198594885198114	0.000397068712861818	5.38706028120455e-05	
2.29200091680037e-05	0.000284690640192046	0.00138485108025622	0.00412137954328866	0.012733271409098	0.0335681629009494	0.0693263929937151	0.114099424587138	0.155033957803057	0.173248730352124	0.158576305535785	0.125111282676092	0.0771234182177883	0.0412119859584786	0.0212860537775794	0.00833021701629733	0.00308455070750449	0.00118942784419219	0.000217740087096035	4.52368602000072e-05	
0.000151353432665582	0.000669587586112535	0.002372010996735	0.00708818395859454	0.020329793075641	0.0484791098965166	0.0882844572738341	0.134974569596244	0.164089521317526	0.171318766675364	0.144588539639161	0.105050785130797	0.0591053316971018	0.0303142763217241	0.0153829574823991	0.00523016921919186	0.00175509440519009	0.000721047753218833	8.83904046767e-05	6.05413730662329e-06	
4.82902825464432e-06	0.000282498152896693	0.00125554734620752	0.00394109068432159	0.0115136106161357	0.0314405957089255	0.0635409574031418	0.109274873117283	0.149607520728604	0.169017799798147	0.162131001878492	0.130940308381744	0.0836749870823494	0.0454133889637388	0.0229523712943244	0.0102816047826696	0.00331452426828149	0.00103280841796205	0.000345879148738899	3.25959407188491e-05	1.20725706366108e-06	
0.000103823775644623	0.000476509120588615	0.00254998394632371	0.00727546608173272	0.0183227959202657	0.0444989902687715	0.0845959724776974	0.130904377102356	0.161547994490738	0.167569173340695	0.148837083692166	0.11007360685597	0.0650735018319195	0.0328905319318124	0.0158958401473938	0.00659431009701222	0.00209748032299397	0.000518518740791641	0.000135030922081157	3.90089330456675e-05	
0.000196974141905201	0.00109862477324025	0.00413166733522125	0.0121016362624007	0.028045765055949	0.061486466259946	0.105560777598831	0.147656965640286	0.16730109503254	0.161424799583301	0.132503128236752	0.0901195615080197	0.0483933735264358	0.0229208451328228	0.0112808108868626	0.00418674825028289	0.00123393223850036	0.000266423991330743	7.18446718195262e-05	1.85598735533776e-05	
6.55795954454375e-06	0.000460845702539302	0.00202283243042154	0.00726323828465241	0.0188541336905633	0.0401204041372378	0.0809097201480191	0.124737756140486	0.15847368857204	0.169790342033361	0.149317584691576	0.113508740865806	0.0714012749865711	0.0354147700749575	0.0167192197697441	0.0076185604563386	0.00254150741258091	0.000676066011228419	0.000116850915520961	4.53095386713932e-05	5.96178140413068e-07	
3.93952001126941e-05	0.0008571440509368	0.00363689324676736	0.0117928934640379	0.0278518095827034	0.0561888964031585	0.0998960802372785	0.142450656019616	0.167808033158821	0.163372491764314	0.133802812697909	0.0941049858207124	0.0543600040827753	0.0252403853328089	0.0120817915981976	0.00460983531015662	0.00142658376165665	0.000374851298041999	9.19221335962863e-05	1.25348363994936e-05	
0.000191847442913395	0.00133513829802541	0.00662533153636228	0.0191116024537288	0.0396224921942072	0.0739727768478506	0.120810531465379	0.157168019990504	0.168933064427168	0.151753725437532	0.114695394222514	0.0761112763130758	0.0401512717087372	0.0174017621187632	0.00803181310222111	0.00300241248159464	0.000736814085439259	0.000280576885260841	5.03599537647663e-05	1.37890349594003e-05	
0.000506072264709533	0.00265507198877966	0.0113812037531283	0.0287310478949201	0.0545479629988878	0.094471040014652	0.139341575884934	0.163988500110251	0.165786864050916	0.13626598194286	0.0954139008411644	0.0585826843759828	0.0288690128337516	0.0121626034285191	0.00492456510920919	0.0017013667565949	0.000471129179765303	0.000160858684139816	3.8557886835012e-05	
0.000909626561095584	0.00487634238919776	0.0185831426277647	0.0426666458660593	0.0692864231635564	0.114443141739739	0.155129129770589	0.167143280583793	0.155171731014546	0.118157250191706	0.0760060193757658	0.045135117945444	0.0197963780542392	0.00803183452956826	0.00321009373473705	0.000985828786200557	0.000357610442224913	9.1202663117763e-05	1.92005606563712e-05	
