# <P(U)> as a function of N_tot.
# number_of_species: 1
# species_total_upper_bound: 103
# species_total_lower_bound: 0
# volume: 729
# Bin widths for each
10	10	10	10	10	10	10	10	10	10	10	10	10	10	10	10	10	10	10	10	10	10	10	10	10	10	10	10	10	10	10	10	10	10	10	10	10	10	10	10	10	10	10	10	10	10	10	10	10	10	10	10	10	10	10	10	10	10	10	10	10	10	10	10	10	10	10	10	10	10	10	10	10	10	10	10	10	10	10	10	10	10	10	10	10	10	10	10	10	10	10	10	10	10	10	10	10	10	10	10	10	10	10	10	
# Bin lower bound for each
0	0	0	0	-10	-10	-10	-10	-10	-20	-20	-20	-20	-20	-20	-30	-30	-30	-40	-40	-40	-50	-50	-50	-50	-60	-60	-60	-60	-70	-70	-70	-70	-80	-90	-90	-90	-100	-100	-100	-110	-110	-110	-110	-130	-130	-140	-140	-140	-150	-150	-150	-160	-160	-170	-170	-170	-170	-180	-180	-180	-200	-200	-210	-220	-220	-220	-220	-230	-230	-230	-230	-250	-260	-260	-260	-260	-270	-270	-270	-270	-280	-280	-290	-290	-290	-310	-310	-320	-320	-320	-330	-330	-330	-340	-340	-350	-350	-350	-360	-360	-370	-370	-370	
# Bin upper bound for each
0	0	0	0	0	0	0	0	0	0	0	0	0	0	0	0	0	0	0	0	0	0	0	0	0	0	0	0	0	0	0	0	0	0	0	0	-10	-10	-10	-10	-10	-10	-10	-10	-10	-10	-20	-20	-20	-20	-20	-20	-20	-30	-30	-30	-30	-30	-30	-30	-40	-40	-40	-40	-50	-50	-50	-50	-60	-60	-60	-60	-70	-70	-70	-70	-80	-80	-80	-90	-90	-90	-100	-100	-100	-100	-110	-110	-120	-120	-130	-130	-130	-140	-140	-140	-150	-150	-160	-160	-170	-170	-180	-180	
# Normalized histogram for each
1	
1	
1	
1	
1.4273340820418e-05	0.99998572665918	
9.93889395540523e-05	0.999900611060446	
0.000427383370819125	0.999572616629181	
0.00141284839891913	0.998587151601081	
0.00387784856264461	0.996122151437355	
2.48843499834519e-06	0.00939633055375144	0.99060118101125	
3.16373098795409e-06	0.0205958887315812	0.979400947537431	
9.94012879695977e-06	0.0406408943224243	0.959349165548779	
3.97335504230043e-05	0.0737617242193599	0.926198542230217	
0.000158509272227934	0.124052020846453	0.875789469881319	
0.000433561305094086	0.192536916536399	0.807029522158507	
2.25849005936893e-07	0.00102625788297724	0.279066033054809	0.719907483213208	
9.27474229789205e-06	0.00240623009323604	0.379641442987028	0.617943052177438	
2.69229490086133e-05	0.00506128817035032	0.486916238633255	0.507995550247386	
1.35695858539781e-06	9.04639056931876e-05	0.0100469213662854	0.591935414199169	0.397925843570267	
4.29499858717152e-06	0.000256569652444193	0.0188647640576434	0.684334105679571	0.296540265611755	
1.30989376309894e-05	0.000591033099660331	0.0331920304256703	0.757113174821132	0.209090662715907	
1.57958312093582e-06	2.59502941296599e-05	0.00128555500571019	0.05543366439139	0.803094358202967	0.140158892522682	
1.35348919362949e-06	7.94046993595966e-05	0.00257298295708966	0.0881453069905235	0.820294307201893	0.0889066446619401	
5.64334467946592e-06	0.000140406415625112	0.00501670768625803	0.134073228492028	0.807361494827197	0.0534025192342117	
1.67024603401208e-05	0.000350751667142536	0.00940619367857018	0.192690416511962	0.767061845373588	0.0304740903083974	
1.35415817966835e-06	2.73088566233118e-05	0.000761488283033504	0.0165288547410319	0.262697433441433	0.703589218824514	0.0163943416951849	
3.15523319088958e-06	8.36136795585739e-05	0.00149512978488296	0.0281214665614021	0.341426656717165	0.620467141288863	0.00840283673493765	
2.4805468748943e-06	0.000188521562491966	0.00314285289049107	0.0456720545648151	0.421920728035998	0.52498316610689	0.00409019629243934	
1.24123378638367e-05	0.00037665803444988	0.00586381408574669	0.0709911251784274	0.4955009788821	0.425510062456627	0.00174494902478518	
2.2572115086186e-07	3.06980765172129e-05	0.000861803353990581	0.0104824902460248	0.106030704848152	0.552728347980755	0.329147936513669	0.000717793259740714	
3.62209587144457e-06	8.73830628986003e-05	0.00168291629426993	0.0181009713555603	0.149709372082515	0.588069450066239	0.242032068225798	0.000314216816847817	
4.97392757599709e-06	0.000241009399818768	0.00310282645695382	0.029324242199525	0.203603429658716	0.594708102799326	0.16888903258013	0.000126382977953744	
2.8930071045926e-05	0.000486160803279585	0.00567481424860243	0.0454570521794514	0.262599836997131	0.574151840381949	0.111560908422312	4.04568962282872e-05	
2.03715176305299e-06	7.44692144493816e-05	0.000989603056451965	0.0101074416474854	0.0679530450099628	0.32403705533787	0.527341632387816	0.0694847567855828	9.95940861937019e-06	
4.52857223401035e-07	9.51000169142173e-06	0.000205370750812369	0.00210850323215522	0.0171700816252502	0.0981278203098766	0.380844773450249	0.46077520552359	0.0407551122485878	3.17000056380724e-06	
1.8138771578903e-06	3.87716242499051e-05	0.000423993785656857	0.0040807701359637	0.0272893283711701	0.135911321359628	0.427145397218691	0.382669582776511	0.0224385673816819	4.53469289472574e-07	
7.48217881046961e-06	0.000106564364876385	0.000942981262810397	0.0076395312981807	0.0413487874335673	0.179142633001397	0.45607530246141	0.302913061616876	0.0118236563820718	
1.13230406893467e-06	2.24196205649065e-05	0.000258391788530892	0.00186920755699736	0.0129854895233566	0.0616625620644168	0.226287344803574	0.464036777236159	0.227067955228697	0.00580871987363487	
3.17061438353745e-06	6.52240673184846e-05	0.00059381077954537	0.00367949799209521	0.0205107044471037	0.0875288865617586	0.274519040445263	0.448494275229258	0.161972874035114	0.00263251582815995	
1.49734527488877e-05	0.000159489958825274	0.00118812078857462	0.00684536348169983	0.0315626771716781	0.119628812643765	0.315568239128763	0.413446523561295	0.1103604722627	0.00122532754995064	
4.31343116195209e-06	3.83668350721001e-05	0.000341215107179683	0.00231722062473921	0.0117052900373816	0.0472579518103471	0.155557311197713	0.349501208441793	0.361779049710251	0.0709881798364801	0.000509892967881283	
1.88412153174086e-05	7.78618898056767e-05	0.000760458690521915	0.00424540251645996	0.0190965932358675	0.0677800235901096	0.194402070626863	0.369170459880016	0.301556829191444	0.0427193911972026	0.00017206796639272	
3.24714177724925e-05	0.000210950679095424	0.00148619181343331	0.0076366870706762	0.0296697929299959	0.0933176320025577	0.233159085196144	0.371474608827275	0.238674457687585	0.0242895287852306	4.85935902329608e-05	
6.92572826303416e-05	0.000480486590314108	0.00293401097989064	0.012750152195717	0.0439931342190242	0.123341997684309	0.267655554695201	0.356876419348532	0.178857500075502	0.0130255918148337	1.58951140463079e-05	
4.53057367029928e-07	6.79586050544892e-07	0.000163780238181319	0.000981548785670339	0.00550464700941363	0.0205128518783305	0.0617582884580011	0.15698052668825	0.293004431807164	0.327031758415314	0.127491928783006	0.00656570736299772	3.39793025272446e-06	
9.09270903399286e-07	2.09132307781836e-05	0.000352797110518923	0.00208609477012381	0.00923250943539051	0.0312309550367811	0.084958181494564	0.190812090302421	0.307821616506358	0.284630889432885	0.0857269700433881	0.0031253914127092	6.81953177549465e-07	
1.13673255774829e-05	9.32120697353596e-06	5.82007069567123e-05	0.000821857639252012	0.00386057111262473	0.015113086701775	0.0449943754473043	0.11130112227332	0.222170286174695	0.310060856114212	0.235456643656168	0.0547168490137254	0.00142546262741635	
5.69318644001408e-06	2.8693659657671e-05	0.00021406381014453	0.0016963418316666	0.00690970651851629	0.0236401596460569	0.0637010630773176	0.140085862360614	0.247000715519672	0.297936971416105	0.185295911335681	0.032910261262603	0.000574556375526221	
1.34267073594514e-05	7.69191031778741e-05	0.000505435882124433	0.00306629584680081	0.0112966398868333	0.0356096760590657	0.0856621653819887	0.169440723021364	0.263419481970322	0.273572348447179	0.138590245792946	0.0185475170035594	0.000199124897279999	
5.69125790914112e-06	2.3675632902027e-05	0.000168916534743308	0.00113688567993003	0.00538916593932391	0.0184023409737332	0.0509260587219438	0.110662184687238	0.195747401030163	0.270600646253718	0.239348127872093	0.0976927185135709	0.00981468808947204	8.14988132589008e-05	
7.05328850475517e-06	3.3673764474315e-05	0.000394301579959378	0.00225682479608602	0.00943479723957041	0.0282820942260188	0.070210936556125	0.136426753987895	0.217222856386173	0.265060306754343	0.199738209233756	0.0660231033877855	0.00488997666271607	1.91121365935301e-05	
1.54203018705506e-05	9.09344272072178e-05	0.000843581219977182	0.00422334855936964	0.0154701910824848	0.0414679129596526	0.0929402002961151	0.160997022294355	0.232200039412477	0.248908616796655	0.158604381043823	0.041974288460784	0.00225907422403567	4.98892119341345e-06	
2.49528561152532e-06	4.87714914979948e-05	0.000241815860171453	0.00170428007267179	0.00785901545557223	0.0243387890106714	0.0582644653408231	0.116583373276807	0.183726972200023	0.23857720629184	0.223080121579389	0.119442970587615	0.0251286603287924	0.00100038268607515	6.80532439506904e-07	
1.3383853220416e-05	0.000112968794979104	0.000593199596125216	0.00330717281526177	0.0130590112236086	0.0358914111276985	0.0783983021107698	0.1401774880413	0.20197232627475	0.234590818177632	0.19109374890122	0.0857898186079568	0.0145983811889262	0.000401969286552154	
6.82380835834638e-07	3.4573962348955e-05	0.000211992979665961	0.00133405453405672	0.00622081115974717	0.0209302124569986	0.0505271164496544	0.100673691853192	0.163013957872537	0.212574595598371	0.221261076178267	0.156744925133724	0.0586033211020359	0.00770976614353835	0.000159222195028082	
5.47445380347943e-06	8.91879765483523e-05	0.000500912523018367	0.00278946231511458	0.0106122286980449	0.0318396514232782	0.0684496050295632	0.124129818460269	0.18168047027383	0.215700322924344	0.199899908736293	0.122667911192498	0.0376977731974848	0.00387545708837981	6.18157075309552e-05	
1.32636852646403e-05	0.0001648813288932	0.00107435850643586	0.00486068328103325	0.0177577877270663	0.0457981331134306	0.0895753836978331	0.146501062695611	0.194747489161511	0.209852997204107	0.173671493275998	0.0911265488211099	0.0229662997199533	0.00187383856997349	1.57792117803479e-05	
3.76481736847989e-05	0.000360871518490878	0.00211426633924999	0.00863566461996809	0.0274882171546658	0.0634093956526919	0.111703967819076	0.165779600704388	0.201184723748491	0.196372873939911	0.144275606669328	0.0643111153248498	0.0134286903417054	0.000886339015835419	1.10189776638436e-05	
1.83416952357676e-06	9.4230459273756e-05	0.00079625884442276	0.00395424022164105	0.01458921366172	0.0402572697882245	0.0831768366399206	0.133994796002519	0.180331420676639	0.199692914167515	0.176898543142075	0.115096201045156	0.0433155181975983	0.00744695753691209	0.000352389819717185	1.37562714268257e-06	
2.06417047295879e-05	0.000277286900200798	0.00173642607230789	0.00713354380227082	0.022946236386509	0.0565977195503319	0.104317900601018	0.155541667001139	0.188282850986387	0.191761895642421	0.152542197951655	0.0871173974021268	0.0275637857345179	0.00403728809283263	0.000122703467003662	4.58704549546399e-07	
8.72039179638921e-05	0.000715808413682502	0.00335999687078289	0.0124032042262838	0.0348079385476981	0.0756757440806602	0.126517468969556	0.171639399144297	0.190645021381066	0.176949174381376	0.125586296790137	0.0625774394950916	0.0170441093063147	0.00193367210176398	5.75223733271056e-05	
2.30364745716483e-06	9.21458982865931e-06	0.000207558635890551	0.0014045338546334	0.00604707457505767	0.0199687072529419	0.0500891281201177	0.0973265710530111	0.147649749754777	0.181766768595388	0.185505818783112	0.155870546070415	0.0997682069928601	0.0433938071506139	0.010063944646116	0.000903490532700045	2.25757450802153e-05	
1.12525823528277e-05	4.4780684873498e-05	0.000497410068902547	0.00289535833274391	0.0106162373385484	0.0307349360072531	0.069082358798463	0.11851862738704	0.163085283551297	0.1871309038166	0.174626758732693	0.132118865849928	0.0761685003017529	0.0285046282560151	0.00557002826464971	0.000389477136130526	4.59289075625621e-06	
2.98830515284951e-06	4.66635343098808e-05	0.000105969898112586	0.00106452624329585	0.00542354398279472	0.0174431969164369	0.0448448058199312	0.0895907677001912	0.13864425652347	0.175222490812111	0.184154305044351	0.1581817956128	0.108482373137251	0.0555316746554024	0.0181470577147465	0.00293911305264106	0.000173091829238129	1.37921776285362e-06	
2.07191573472664e-06	1.63451130183991e-05	0.000109811533940512	0.000296744375784738	0.00226897794238509	0.009551071111371	0.0272544400003131	0.0613851078984651	0.111766271329797	0.157049831415123	0.181412107262617	0.174387622283316	0.137359034910859	0.0856226083761568	0.0390802443755545	0.0109127801748052	0.00145724740009107	6.7682580667737e-05	
1.38334207144408e-06	1.42945347382555e-05	0.000163695478454217	0.000737782438103512	0.00412166770186765	0.0153652415015533	0.0400908671295329	0.0815159676869737	0.13244762551639	0.170790409381641	0.181430615481166	0.15980598166334	0.115195735986399	0.0653340932492446	0.0260840675421378	0.00622457820747457	0.000650862444614442	2.51307142979009e-05	
2.54131073877058e-06	4.71297627917454e-05	0.000307267571142261	0.00165370020619271	0.0072977203287532	0.024403282911418	0.0563032014739602	0.102453173461785	0.151564465545025	0.179543141637644	0.173595550395925	0.141136312442604	0.0935105320003003	0.0475037975268426	0.0169579355315671	0.00344185885329129	0.000267761740566828	1.06272994530406e-05	
8.32942505912157e-06	0.000122627646703734	0.000676303040217009	0.00341275054505675	0.0127271301174194	0.036139524348182	0.0749118411338013	0.124259982642404	0.167690530392337	0.180155052247476	0.1607560526577	0.121019836294405	0.0725617864025375	0.0330904920307069	0.0105776757063295	0.00178411657308018	0.000103423694484093	2.54510210139826e-06	
2.31304094799521e-07	4.25599534431118e-05	0.000234542352126714	0.00128905772031773	0.00620612016756594	0.0201405727505735	0.0508554434990018	0.0961947469452246	0.144153569265052	0.177959125328192	0.175108071055693	0.143885487819179	0.0995213624366314	0.0548477521752415	0.0223715007449148	0.00620149408566995	0.000943952010876844	4.4410386201508e-05	
1.08801182275315e-05	8.88928808377043e-05	0.00051877329676379	0.00270590855237481	0.0107530291869589	0.0306907300929718	0.0688665185427308	0.117363835320382	0.161552162296177	0.180869464971344	0.164199966387379	0.124958852318831	0.0789401190701619	0.0399244780899883	0.0146210269627849	0.00348186932468727	0.00043821412350462	1.52784638939804e-05	
2.25115510946068e-05	0.000215368241399949	0.00120425194463829	0.00488593489891501	0.0173886647145825	0.0440358430308995	0.0897783865437551	0.137899960059403	0.174399075030536	0.177323720050064	0.148162442424387	0.105015225467109	0.0604244843056196	0.0280052978730762	0.009138761433025	0.00190443080703447	0.00019239253461267	3.24908984870613e-06	
7.13626216070212e-05	0.000539287563935795	0.00241354430014886	0.0089565901405216	0.0266412705615006	0.0606600879782574	0.110923781000899	0.155151404983575	0.178675732896448	0.169052006847092	0.130646364039561	0.0863431933076273	0.0449080096290724	0.0185280145942372	0.00539543260625592	0.00100256347554098	9.04236475737174e-05	9.29806144716888e-07	
1.62621684579445e-06	3.48475038384525e-06	0.000158207667426575	0.00111488780613823	0.00451739808092473	0.0154497569851241	0.0399022504285662	0.0790833898443687	0.132087140132732	0.167852294905597	0.177788712150093	0.155156187673787	0.110907756566489	0.0684442146057969	0.0319614335705519	0.0119294621473636	0.00313093206153883	0.000483218719893209	2.76456863785057e-05	
2.56187450960482e-06	4.65795365382694e-06	3.63320384998501e-05	0.000334673970027466	0.0021827170821833	0.00810646964143772	0.0245187693406969	0.0553113364577334	0.100044693065308	0.15083175913908	0.175919497518592	0.170191146115115	0.137918747122258	0.0916955440385064	0.0515244201371721	0.0220393406107649	0.00744690340405582	0.0016768633153777	0.000200059109431867	1.35080655960981e-05	
1.33082981675174e-05	1.54096084044938e-05	0.000116972936525021	0.000856634139940724	0.0041638629740264	0.0135863715555439	0.0359779334407648	0.0740609127811495	0.122338982433513	0.16605370668791	0.176858643926443	0.158027635498321	0.118090366613262	0.0727707082956459	0.0370183154869833	0.0146148461770863	0.00448046038306419	0.000866673733295167	8.56867618855944e-05	2.56826806741564e-06	
2.68468972807361e-05	3.0582117771969e-05	0.000292047552158269	0.00171166479010746	0.0073212656140971	0.0213829700559046	0.0505625125334156	0.0944543881720508	0.142370963889989	0.17582990179405	0.171898582227027	0.142277116475147	0.0975462169336688	0.0560609905477911	0.025759481215226	0.00945454341715246	0.00255162249807344	0.000431651418018097	3.38504357017977e-05	2.80141536842464e-06	
3.32852884416367e-05	8.93077105370675e-05	0.000683520430252202	0.00342111820285696	0.0118762846773519	0.0322972779431754	0.0685892593062268	0.114806585517759	0.158657140198338	0.17888029696103	0.160323983058257	0.124181316686314	0.0786318058745721	0.0421583962491699	0.017853337987023	0.00580781402618615	0.00145963021919769	0.000239794718843622	9.84494446865311e-06	
2.10282928671096e-06	1.91591112789221e-05	0.000186684511120229	0.00146403647894788	0.00637811487429287	0.018914482138568	0.0468075780359948	0.0885935997353239	0.133733867794655	0.171345072416768	0.175623629072129	0.144398950641456	0.104322061856826	0.0617741150126123	0.0301914883078019	0.0119277150096216	0.00345962147203658	0.00074580345368682	0.000105608759732595	6.30848786013288e-06	
5.36369964681204e-06	8.60523986814627e-05	0.000464309825947946	0.00293207807214642	0.0103985811848413	0.0290948057233007	0.0644560450644052	0.109521149883923	0.150958528107535	0.176702187573241	0.164638993863228	0.127564868700131	0.0853397262414341	0.0465536480736739	0.0210210385288538	0.0078097798900908	0.00200205919425571	0.000404376312503134	4.57080491641374e-05	6.99612997410266e-07	
2.84746614024331e-05	0.000251370576478856	0.00107713575714942	0.00530305558790723	0.0172572786019221	0.0430858970837045	0.084657969135801	0.129730323950621	0.163752176152658	0.173443597180635	0.150750925834944	0.109089228619089	0.0675211243476793	0.0336586835697236	0.0142291617409781	0.00488597181802077	0.00106523241508774	0.000197222040041442	1.5170926157034e-05	
0.000111938834020023	0.000625185355149175	0.00246079644248167	0.00934062220806085	0.0268841314626388	0.0605482262455692	0.105663059929311	0.148058616004048	0.169693930894723	0.165445596681594	0.133255285800512	0.0898107095737662	0.0518374341575546	0.023673205489276	0.00914368417642396	0.0027752470260151	0.000582221279851033	8.38380063925899e-05	6.27043261108013e-06	
1.4395461436068e-05	0.000232184861872065	0.00115070817543795	0.00462256841501094	0.0156571539754808	0.0390871605718527	0.0794884874619014	0.126592062574749	0.161602985711576	0.171254446049874	0.153085051868937	0.113611071317206	0.0715205995570377	0.0380151630645894	0.0162643173892763	0.00580485373166349	0.00165919302293777	0.000300447211262452	3.55242838664259e-05	1.62529403310445e-06	
4.24802130417504e-05	0.000427123453534539	0.00207967338055214	0.00837858365862808	0.0244388897761502	0.0552488829793161	0.100004921205008	0.144617037397444	0.16948328275944	0.165446733991227	0.137720618549043	0.0943650345598586	0.0552426154069001	0.0269377941116389	0.0111725281622921	0.00332877734982897	0.000893941532370387	0.000157849971958417	1.32315417671026e-05	
4.63628462985874e-07	0.000125875127700665	0.000903611874359468	0.00411841163670352	0.0140537377842593	0.0363456897273146	0.0735075973637158	0.120442561185628	0.159126561066012	0.171738182516153	0.154676423264042	0.119964328426058	0.0754819591733412	0.0410350598161852	0.0188022205021606	0.00709513818330432	0.00200102044624703	0.000506282281580574	7.0007897910867e-05	4.86809886135168e-06	
6.47129518350744e-06	0.000297448460756217	0.0018660441897014	0.00686997319034853	0.0216545715078118	0.0509706942775261	0.0934036701488398	0.140729869649626	0.168581861884071	0.167276971433854	0.140431496718129	0.100617084219284	0.058734399556254	0.0300358232411944	0.0125600905981326	0.00451950633262457	0.00115997966164371	0.000242904687066654	4.02144772117962e-05	9.24470740501063e-07	
5.58195064725255e-05	0.000725422925025176	0.00360358739512507	0.0115338785192238	0.0321559569331748	0.067730743308233	0.114798120220455	0.157817890936065	0.171516505274482	0.157301675830753	0.123407010468695	0.0820000083037282	0.0444927598409559	0.021126299245145	0.00826290157175736	0.00271393517832948	0.00063131400502191	0.000113484285886292	1.24555923533735e-05	2.30659117655064e-07	
2.76518721469605e-06	9.67815525143617e-06	0.000148628812789913	0.00160380858452371	0.00638136079471481	0.0187599517935696	0.0472741014869794	0.0880702910589976	0.135281254104575	0.168718358769215	0.167992727557625	0.143490403648204	0.104054916618084	0.0643187154783659	0.0324704413008362	0.0141902494890164	0.00524233409452792	0.00161302587523936	0.00031523134247535	5.76080669728343e-05	4.14778082204407e-06	
1.03565364243989e-05	3.88945479049647e-05	0.000479392563822731	0.00297416711583349	0.010138128578471	0.0291163665035551	0.0635971887296949	0.109070668861946	0.15399686358048	0.17268327732365	0.159435426074813	0.126674249185631	0.0860156379097103	0.0489850364158835	0.023501052454246	0.00897888693469997	0.00325356345403838	0.000831284656998418	0.00018848896292406	2.96887377499435e-05	1.38087152325319e-06	
1.37853709643327e-06	2.59624486494932e-05	7.55897841210907e-05	0.00106652820027387	0.00548726691235261	0.016866401374861	0.0421871410059645	0.0833268235748224	0.129098850300062	0.167426317192196	0.171467039178024	0.145213259688818	0.108305456249828	0.068188877962706	0.0367568536269311	0.0163161353172014	0.00564579867844244	0.00198463390649842	0.000462039683487883	8.47800314306458e-05	1.28663462333771e-05	
1.70301922294455e-05	8.30797215517543e-05	0.000328636682481732	0.00231725683186874	0.00925683002763494	0.0258041932936024	0.0578697438843199	0.104181510550434	0.148231713716025	0.173347565050732	0.164688402715257	0.129595160111423	0.0894363558702612	0.0523397643021395	0.026123394329038	0.0112051760737766	0.00376275193177613	0.00112238172301359	0.000249699440120924	3.84330013826675e-05	9.20550931321377e-07	
2.02463753811438e-05	0.000220179332269938	0.000819518058041297	0.0043315739693272	0.0148143648953619	0.0383974809827867	0.0767963424002584	0.123838795598346	0.162818359873341	0.174887960469872	0.151591974796944	0.112088995703857	0.0719530873076623	0.0390819465141378	0.0180268664799859	0.00728708463007917	0.00226276252129033	0.000646503577511523	0.000107213760541057	8.7427530054939e-06	
5.05538402994993e-06	4.57282464527289e-05	0.00044717169646739	0.00183740230470362	0.00786456901931984	0.0225391999073486	0.0536858804962365	0.0981659066739342	0.143174450272945	0.172708693146462	0.168438961752803	0.135565637727504	0.0931773915872895	0.0552847605907998	0.0286688530436629	0.0120821380413972	0.00468863889759538	0.00128590586507272	0.000298267657767046	2.9642933630161e-05	5.74475457948856e-06	
1.96950293410135e-05	0.000210691011555028	0.000851008477107048	0.00370793279139941	0.0134432315970562	0.033978734864599	0.071883421915163	0.119856162162459	0.158275668119519	0.174129708715096	0.156423419313587	0.118535679148735	0.0745791218032219	0.0422114861411117	0.0200978613946279	0.0080268695163084	0.00286929096062277	0.000735815456659027	0.000139239277201584	2.42752687226445e-05	6.87035907244656e-07	
4.99627800207552e-05	0.000472125352489705	0.00196665419889037	0.00661342192788492	0.0207244694777835	0.0488684117886492	0.0927611724110112	0.138711116122668	0.169950229737113	0.170073990751844	0.140610847698779	0.0990477735851824	0.0583116063996362	0.0308245142150985	0.0137755176877409	0.00495662863994896	0.0017988892678115	0.000408182161545711	5.91302625933708e-05	1.53555333091312e-05	
8.71435313585998e-06	0.000123835544562221	0.000992518957157947	0.00359306539296458	0.0115332170502282	0.0310944172643261	0.0665079431328833	0.11243120820837	0.155854829884361	0.173725674915184	0.15941647774102	0.124051568789957	0.0802679067344062	0.0446273490341516	0.0223183756812675	0.00897784765567848	0.00310506161735642	0.00110580554792413	0.000233911584173084	2.47671089124441e-05	5.50380198054314e-06	
5.77382346270225e-05	0.000350339965485878	0.00190237131619712	0.006367308105482	0.0182579339465395	0.0443079992068469	0.0862682835826045	0.132742041669983	0.167316432669627	0.172479979094618	0.144823134675467	0.105336853141995	0.0624598880292307	0.0331948842543924	0.0157894518916288	0.00567122883065583	0.00193963663097631	0.00061878825158044	0.000102824664853701	1.26518044003436e-05	2.30032807278974e-07	
8.49188875442123e-06	0.000131050499426338	0.000812008173328171	0.0033435090641732	0.0106869272421857	0.028143955416207	0.0600248009053731	0.107014782083216	0.150050985759103	0.172177864216535	0.164448638876463	0.129935537383934	0.0855197460512143	0.0481889440657649	0.0242103748388549	0.0103591862383664	0.00339790305430287	0.00117050358506887	0.000321085199119873	4.49840593477449e-05	8.72139926129748e-06	
7.80214315693529e-05	0.000299694087145809	0.00168824609428156	0.00599778281449464	0.0174924049578489	0.0409736432130419	0.0798510341396542	0.127604739756073	0.163326622725302	0.172076267326208	0.151460939832396	0.110177505641064	0.0671613072444965	0.0358480941085329	0.016585979502852	0.00654232651188898	0.00205288154946892	0.000605583993857419	0.000142962799610903	2.75369758480069e-05	6.42529436453494e-06	
0.000116929965842207	0.0007107687904043	0.0028986685834911	0.0100272614519577	0.0264574148645324	0.0577882134134981	0.100803738450869	0.14560652308402	0.170386946296984	0.166137265672004	0.134268910895001	0.0904801318988393	0.0516740856317882	0.0254360580312623	0.0113955028597302	0.00409645412750145	0.00131747220845787	0.000314263641006167	6.5012142108732e-05	1.83779907021151e-05	
4.13029426281475e-06	0.00027328780372291	0.00152155451426248	0.00545795440751732	0.0162093398344165	0.0386834182223535	0.0772619728625899	0.121322804754336	0.158647585625016	0.172221109337379	0.152926669149432	0.115061967034286	0.0726989155453491	0.0385172886086714	0.018151495981109	0.00763393110164356	0.00250387616643526	0.00072807909421729	0.000136529171465265	3.69431875729542e-05	1.14730396189299e-06	
2.62287598812251e-05	0.000573121411088876	0.00286399651755693	0.00912944905339485	0.0251368151935383	0.0555792023419982	0.0965064212145572	0.140452478318709	0.168085857314626	0.166538360481634	0.136844873450835	0.0951123856345542	0.0560823803934038	0.0277541693374753	0.0124724655540457	0.00486888611058321	0.00143452910403016	0.000439446766431053	8.67389690808936e-05	1.21940725763591e-05	
2.31110420861321e-07	0.00013473737536215	0.00117473426923809	0.00547431253894211	0.01506354612132	0.0372725642348304	0.0736109801485393	0.117730883932649	0.155000674842429	0.170908698441576	0.156199675705857	0.11713831681356	0.0764996292988849	0.0420436077630915	0.0194282975297069	0.00809626026361379	0.00311883512952352	0.000776068793252315	0.000295359117860768	2.72710296616359e-05	5.31553967981038e-06	
8.14933303530058e-06	0.000366952824675249	0.00215305378792641	0.00934588796296943	0.0235301513680402	0.0527594805847961	0.0952589508781488	0.13635533886091	0.164693596719777	0.166576092650931	0.140810229974178	0.0968853249139081	0.0591150289999837	0.0311036758148751	0.0133297476267978	0.00516528011586023	0.00190298568278605	0.00047964645864912	0.000142729747161122	1.76956945909384e-05	
3.76058306322147e-05	0.000728058224103189	0.00433728365844469	0.0154585657323058	0.0350659188167197	0.0700475164852516	0.115624148175381	0.151338475599772	0.168345654109044	0.157464722344006	0.122546190354175	0.0785721276327877	0.04494177052455	0.0218653379584612	0.00864700527953161	0.00347561962613264	0.00110855448559311	0.000324905033598824	6.21313723488765e-05	8.40875715999833e-06	
