# <P(U)> as a function of N_tot.
# number_of_species: 1
# species_total_upper_bound: 103
# species_total_lower_bound: 0
# volume: 729
# Bin widths for each
10	10	10	10	10	10	10	10	10	10	10	10	10	10	10	10	10	10	10	10	10	10	10	10	10	10	10	10	10	10	10	10	10	10	10	10	10	10	10	10	10	10	10	10	10	10	10	10	10	10	10	10	10	10	10	10	10	10	10	10	10	10	10	10	10	10	10	10	10	10	10	10	10	10	10	10	10	10	10	10	10	10	10	10	10	10	10	10	10	10	10	10	10	10	10	10	10	10	10	10	10	10	10	10	
# Bin lower bound for each
0	0	0	0	-10	-10	-10	-10	-10	-10	-20	-20	-20	-20	-20	-20	-20	-30	-40	-40	-40	-40	-40	-40	-50	-50	-50	-50	-50	-60	-60	-60	-70	-70	-70	-70	-70	-80	-80	-90	-110	-110	-110	-110	-110	-120	-120	-120	-120	-130	-150	-150	-150	-150	-150	-150	-160	-160	-170	-170	-180	-180	-190	-190	-200	-200	-200	-200	-200	-220	-220	-230	-230	-240	-240	-240	-240	-240	-250	-270	-270	-280	-280	-280	-280	-290	-290	-290	-290	-300	-310	-310	-320	-330	-340	-340	-340	-350	-350	-350	-360	-360	-360	-360	
# Bin upper bound for each
0	0	0	0	0	0	0	0	0	0	0	0	0	0	0	0	0	0	0	0	0	0	0	0	0	0	0	0	0	0	0	0	0	0	-10	-10	-10	-10	-10	-10	-10	-10	-10	-10	-10	-20	-20	-20	-20	-20	-30	-30	-30	-30	-30	-30	-40	-40	-40	-40	-40	-40	-50	-50	-50	-60	-60	-60	-60	-60	-70	-70	-70	-80	-80	-80	-90	-80	-90	-90	-90	-90	-100	-100	-100	-100	-130	-130	-140	-140	-140	-150	-150	-160	-160	-170	-170	-170	-170	-170	-170	-170	-180	-180	
# Normalized histogram for each
1	
1	
1	
1	
3.97365466954094e-05	0.999960263453305	
0.000170029755207161	0.999829970244793	
0.000776502532400194	0.9992234974676	
0.00176436680784943	0.998235633192151	
0.00426778871440379	0.995732211285596	
0.00957048314369784	0.990429516856302	
1.50637951725558e-05	0.02094369655491	0.979041239649917	
4.54416932584724e-05	0.0411348305529749	0.958819727753767	
0.000136952949053503	0.0727828839247672	0.927080163126179	
0.000289166894956321	0.124701955174058	0.875008877930985	
0.000439456084698846	0.197391550320247	0.802168993595054	
0.00111651687152983	0.283913568458651	0.714969914669819	
0.00236624628215587	0.37954185013098	0.618091903586864	
2.53753006973133e-05	0.00532881314643579	0.486825143877955	0.507820667674912	
5.04889858277417e-06	5.04889858277417e-05	0.0101634328471244	0.589569985307705	0.40021104396076	
1.51562610514404e-05	0.000197031393668725	0.0190008992714891	0.686103729450636	0.294683183623155	
7.07267170173533e-05	0.000586021369572356	0.0317765035742252	0.761458991133901	0.206107757205284	
7.07106419516137e-05	0.00146977120056569	0.0555583615334108	0.802772867316531	0.140128289307541	
0.000101431194149449	0.00226191562953271	0.0893963829636166	0.819351043219832	0.0888892269928694	
0.000137306055197034	0.00431242721507722	0.132820724060598	0.81077191430068	0.0519576283684481	
2.54179989934472e-05	0.000294848788323988	0.00830151847125987	0.192109236392474	0.76931640833507	0.0299525700138782	
3.56346531730113e-05	0.000488703814944155	0.0152312688990928	0.262296500677058	0.705657764790926	0.0162901271648052	
9.07326662802127e-05	0.000856919625979787	0.0261814149255236	0.344542178088061	0.619668825768077	0.00865992892607808	
0.000115852675693101	0.00225660863958736	0.0444723162475822	0.425385839780787	0.52370446486138	0.00406491779497099	
0.000468391151940046	0.00464865627140497	0.0695384584390991	0.499541681776059	0.423893992505742	0.00190881985575567	
5.06904032928486e-06	0.00124191488067479	0.00926620572193272	0.105577971978345	0.558375068432044	0.324859587582879	0.000674182363794886	
6.63647919463773e-05	0.00225640292617683	0.0178521290335755	0.148769443607794	0.591606385313982	0.239112345382797	0.000336928943727761	
0.000289315135242136	0.00384230802418065	0.0300786226569281	0.204758980189527	0.595816604658481	0.165046671099448	0.000167498236192816	
2.03929725816484e-05	0.00031609107501555	0.00559277273051706	0.0472046332833706	0.263961538853711	0.574016293985093	0.108786312236803	0.000101964862908242	
9.19624793084422e-05	0.000766353994237018	0.00984509431263156	0.0699579016205832	0.327595896429812	0.523823391167515	0.0678938548627715	2.55451331412339e-05	
0.000127439186020431	0.00181983157637176	0.0173368268662194	0.098795954570479	0.382103460228779	0.460432681524377	0.039383806047754	
0.000208479523242924	0.00356957622723251	0.0284955914208134	0.139655856240657	0.425918581118874	0.381161586885113	0.0209903285840681	
0.000354682841574997	0.00665158836229053	0.0423666084095816	0.187678626503547	0.45412254549193	0.298062095198931	0.0107638531921456	
7.17819878483349e-05	0.00125105750249955	0.0103776245289307	0.0620093829312687	0.235106519342682	0.464214115415182	0.222206270669367	0.00476324762222165	
0.00029204111119081	0.00226459949379541	0.0173124020125219	0.0881503038252262	0.280615643156503	0.451341852052998	0.157943005871563	0.00208015247620121	
5.10128603420922e-05	0.000566242749797224	0.00390248381617006	0.0270572211254457	0.120558692846467	0.323140963836983	0.413387815068179	0.110197980910988	0.00113758678562866	
6.70227464890392e-05	0	0.000149512280629395	0.00119609824503516	0.00826957579757068	0.0414303685219938	0.158235548864738	0.356963147800623	0.360969045802314	0.0721525643933926	0.000567115547214947	
0.000109717295102951	3.65724317009838e-05	0.000710550101619114	0.00286832357197716	0.0150312694291043	0.0606057439616303	0.19666041452239	0.377218509830147	0.301612844238013	0.0449475185605091	0.000198536057805341	
0.000137752723265375	0.000211927266562116	0.00157355995422371	0.00518691984910779	0.0235875047683635	0.0849669393464163	0.234942567710762	0.386364599669393	0.238275123977451	0.0247001229178146	5.2981816640529e-05	
8.50471214207122e-05	0.00037739660130441	0.00257267542297654	0.00919040455852571	0.03792038526346	0.116445455560221	0.270210651088869	0.369391541000686	0.179300593735216	0.0144526951964323	5.31544508879451e-05	
0.00023448658097248	0.000634179616721025	0.00502547376947837	0.0163660975037838	0.0514165121186928	0.150332544605743	0.298853147449425	0.338465391912345	0.131456374837458	0.00720513312442711	1.06584809532945e-05	
2.1703743895822e-05	0.000596852957135106	0.00139989148128052	0.0079761258817146	0.0272381985892566	0.0743353228431905	0.180629408572979	0.316771568095496	0.295268583830711	0.0925501899077591	0.00321215409658166	
4.42035351777258e-05	0.000751460098021339	0.00258038136599975	0.0121338704062857	0.0411700675761544	0.100242566899288	0.210535912609611	0.322470314563407	0.248805123189727	0.0595642636519856	0.00170183610434244	
0.000242238509162812	0.00153229940679733	0.00566162096996806	0.0185903972148205	0.055912027986998	0.130166581225952	0.240627341404195	0.314003075865721	0.196641334903189	0.0359527015227225	0.00067038099047383	
0.00091674070385314	0.00318029799731768	0.0107915093965922	0.0289791922495798	0.0744710349549835	0.16038435202843	0.260529785584535	0.292253541052441	0.146927503918784	0.0212038729465291	0.000362169166954327	
8.01759288954048e-05	0.00223919915700738	0.00652288450084757	0.0166365052457965	0.0442857470105832	0.0977573647317543	0.190011224630045	0.272890227699638	0.252914967700554	0.104789939066294	0.0118030421038164	6.87222247674898e-05	
2.87927212000806e-05	4.6068353920129e-05	0.000172756327200484	0.00363364141545017	0.0102559672914687	0.0241340589099076	0.0603783363565691	0.124666724252109	0.213584405862198	0.274377357404048	0.212041116005874	0.0706803720019579	0.0060004030980968	
0.000135737259877836	0.000212458319808788	0.000472129599575083	0.00549440821505503	0.0169081412847827	0.0359467673876479	0.0820797308861282	0.151825075983357	0.226274012216353	0.258709315707162	0.173230251704093	0.0455073917790433	0.00320457965711588	
0.000223731232275347	0.000302339503074793	0.00122145159242216	0.00965672372820888	0.0256928109712959	0.0504906970134904	0.101066049087842	0.179166389522122	0.240148267292308	0.229572431474752	0.133144270364077	0.0278152342828809	0.00149960393525097	
0.000184446261581688	0.000424226401637883	0.00298802943762335	0.0130772399461417	0.0372028109610265	0.0689521607879544	0.124907008343119	0.205430097940965	0.234425050261606	0.200683680809596	0.0945225608518958	0.0165817189161938	0.00062096908065835	
0.000131154912688301	0.000568337954982638	0.00542731519648255	0.0208598765894726	0.0525181743236154	0.0909215818531565	0.149079417422369	0.213176696894751	0.224999375452797	0.168209298258762	0.0653151465187739	0.00857503310100177	0.000218591521147168	
0.000421531308279897	0.00121988605881	0.00904376261400506	0.0331221418899931	0.0716028408655443	0.113902868967632	0.167737526505378	0.220371458498327	0.200297626650998	0.135247681577804	0.0426896252203459	0.00427918146284138	6.38683800424086e-05	
7.13243637542551e-05	0.000966120927216729	0.00257416112822175	0.015017020586805	0.0481893337656022	0.0899724428594586	0.138174744691198	0.179413195007295	0.217208623763981	0.17730588426001	0.10047657643054	0.0280369589884908	0.00259361322742746	
0.000531084643234176	0.00204661886904878	0.00543390263016431	0.0247796322562678	0.0636589141262038	0.110109390483222	0.155219201948174	0.189726750474414	0.207550469232712	0.14979177596	0.0742352704969527	0.0157900531732307	0.00112693570637496	
5.80641415216676e-05	0.0011419281165928	0.00370320191482636	0.0106579957548661	0.0379416906987697	0.0831155928026271	0.130134644292617	0.172205340610706	0.195205192224566	0.18906329636583	0.120747608079948	0.0476964664744098	0.00797414210230902	0.000354836420410191	
0.000317174685576319	0.00198072354666028	0.00593569768721398	0.0189398597958431	0.0558939471418677	0.10284227355993	0.150049518088667	0.176349125180434	0.193696638595628	0.164710756105613	0.0927574131491563	0.0317045226520982	0.00462168827554065	0.000200661535772773	
8.48530736394136e-05	0.000639661632050964	0.00478440792136078	0.0112528229964884	0.030142422620524	0.0750558072138167	0.126692166103155	0.166142318185972	0.172454081432842	0.186683289166221	0.139863973995797	0.0643577927757399	0.0192747020351683	0.00251948357113951	5.2217276085793e-05	
6.53479451338653e-05	0.00172518575153404	0.00743659615623387	0.0180491024459736	0.0436262881713685	0.0974599253726467	0.14993432531514	0.172211439811275	0.171224685839754	0.168133728034922	0.112751344533971	0.0445019506361622	0.0118606520417965	0.00101289314957491	6.53479451338653e-06	
8.48702464501387e-05	0.000391708829769871	0.00242206626407704	0.0117969642565693	0.0284772319242696	0.0614395299494043	0.124733148359719	0.163192426962624	0.177398400522278	0.164883303411131	0.141726783091236	0.0873575975191774	0.0293912191937327	0.00641749632772972	0.000287253141831239	
0.000294336956948314	0.000915714977172534	0.00559894300328349	0.0192365553418887	0.0431367162460919	0.0839579817641903	0.146991876299988	0.173488743246602	0.169531546380964	0.148705571471554	0.120808968774119	0.0646625590309119	0.0188244836021611	0.0036497782661591	0.000196224637965543	
6.58531606224441e-06	0.000296339222800998	0.00295680691194774	0.0109184540312012	0.0280139345287877	0.0616385583426077	0.109447952954502	0.161590485535353	0.173075276747908	0.16322364391879	0.133253870519516	0.0981804771720019	0.0441018616688508	0.0114650352643675	0.0017648647046815	6.58531606224441e-05	
0.00012710390409676	0.000689036953787696	0.00502394905140349	0.0184099970565412	0.0413087688314468	0.0820288458965508	0.130054052607637	0.17343662197961	0.176834978994407	0.148464049664178	0.115095929999197	0.0710510823900886	0.0298292793877606	0.00664285140884643	0.0010034518744481	
0.00013425251555651	0.00339658864357971	0.00826324233250321	0.0273472374188611	0.053318386553268	0.102354117860283	0.149329073053506	0.18565109113732	0.169614628154095	0.130359192605371	0.093829083122445	0.0534392138172689	0.0186006860303545	0.00398058708625053	0.000382619669336054	
0.000456527348634719	0.00590177384032129	0.0174803660158395	0.0407235627658941	0.0715755486598607	0.118716959660185	0.164760058488431	0.188023104253644	0.154676758788151	0.115144136931739	0.0726937098470964	0.0361185912492308	0.0116579882361504	0.00193197080871504	0.000138943106106219	
0.00165627371407833	0.00948893068065591	0.023438582599228	0.0507506021313801	0.0935299745950048	0.142096407007819	0.173862549077832	0.184512850968359	0.138988419281402	0.0924675838859745	0.0563924906793362	0.0241314461051173	0.00756870896433403	0.0010161998086377	9.89805008413343e-05	
3.30913254399492e-05	0	0.00211784482815675	0.0135277338398512	0.0328795409571335	0.0688961395659742	0.119433211777865	0.161684216099592	0.177435687009007	0.171154953440505	0.119108916788553	0.0723641104720808	0.040338325711298	0.0152948106183445	0.00504973626213624	0.000661826508798983	1.98547952639695e-05	
0.000140157911246671	0.000233596518744452	0.00397781500490553	0.0213774185582423	0.0469729228263844	0.0865308247291949	0.134665055963052	0.17894828173075	0.174156216003364	0.154607524477578	0.101808037055082	0.055409094246184	0.0280182338768346	0.00977768285601778	0.0030567773024274	0.000320360939992391	
4.03331518341501e-05	0.000376442750452067	0.00093438468415781	0.00731374486592588	0.0291205356242564	0.0623752193115131	0.107138295655447	0.151410651985399	0.186103884754741	0.169190849752287	0.135600056466413	0.0816477436962645	0.0424439201134706	0.0182843621648147	0.00633902702993392	0.00139149373827818	0.000289054254811409	
1.34700997460886e-05	0.000606154488573988	0.00202725001178634	0.013523980145073	0.0409356331283633	0.0824639506455545	0.133091320541229	0.166120005118638	0.18254005670912	0.155168814025068	0.112118375236569	0.0644881025343993	0.0307791779198125	0.0114967301332866	0.00399388457471528	0.000572479239208766	6.06154488573988e-05	
6.10952338929204e-05	0.000454820074536185	0.000868909993143757	0.00400513199964701	0.021240776316772	0.0578911282932028	0.102762183407892	0.149466095539369	0.176694204777647	0.178893633197792	0.144422344563542	0.086069607836482	0.0476814358737637	0.0203922314015925	0.00596696784354189	0.00279680404043147	0.000332629606750344	
0.000130145008938907	0.00115075586851244	0.001849429074395	0.00954168407641567	0.030748470796145	0.0765252652560774	0.125220047811166	0.161749696899124	0.178230164873177	0.163845716516772	0.125596783363358	0.0705728435314506	0.0359611208910138	0.0139529149057134	0.00354816392791336	0.00123980245357591	0.000136994746251481	
0.000431238349609103	0.00130762596333083	0.0046810227304343	0.017166068497343	0.0449878975043819	0.0931335726010628	0.141174915838967	0.168363798236096	0.176654703280194	0.151009932392956	0.106321119550399	0.0565826447430654	0.0277174971482625	0.0081517958990624	0.00148846785187658	0.000813788498455889	1.39109145035195e-05	
0.000419477998734456	0.0039174979203845	0.0102096679014013	0.0245714570106149	0.0640166084848312	0.113045765760642	0.153514727943634	0.176642896246738	0.165174794349134	0.135178562541326	0.0829926555801239	0.0444362286794975	0.0192817683486075	0.00488443025645036	0.00100248131900946	0.00071097965887196	
0.00238013305804084	0.00833763477861895	0.0173061481991282	0.0400751319109888	0.0838566758430833	0.13153102775866	0.166358396421198	0.171211860518468	0.15136069052535	0.115371931635696	0.0638621243404451	0.0313718742830925	0.0131552534985088	0.00283895388850654	0.00042297545308557	0.000451651754989677	0.000107536132140399	
3.58114883254548e-05	0.00390345222747457	0.0123191519839565	0.0307262569832402	0.0568185073771666	0.105364560951153	0.152664374731414	0.171365133934966	0.161072912190231	0.136513393496634	0.0916344363271738	0.0456739722102851	0.0219166308551783	0.00772811918063315	0.00147543331900874	0.000379601776249821	0.000408250966910185	
0.000233312830084629	7.07008576014027e-05	0.000424205145608416	0.00583282075211572	0.022228349629881	0.0464928839586824	0.0750701706011694	0.128237215517424	0.169229572754718	0.161445408332803	0.149610084770328	0.116507943241352	0.0686363925594417	0.0361776288346378	0.01411189117724	0.00404408905480023	0.000940321406098656	0.000431275231368556	0.000275733344645471	
0.000482793385730615	0.000447293872073953	0.00179627539102714	0.0111752468991175	0.0323258571357572	0.0643038190376792	0.0928454280176362	0.148522865236746	0.175829091141451	0.158107733924045	0.127599451887509	0.0957137887210945	0.0550384459732902	0.0249490581979027	0.00731999971600389	0.00233586799860842	0.000532492704849944	0.000504093093924613	0.000170397665551982	
0.00023949662164614	0.000609627764190175	0.00164744645799012	0.00423836445579836	0.0183106053458549	0.0404821865315809	0.0820094492303449	0.114290690838891	0.162487571576831	0.180435303253525	0.149257197599228	0.112149736190843	0.0737359295734783	0.0368099049996734	0.0157269448214299	0.00574066144612415	0.00133537510251181	5.80597870657309e-05	0.000384646089310467	5.08023136825146e-05	
0.000320286510842426	0.000960859532527279	0.00195811525946847	0.00934654272549262	0.0271879572271923	0.0571274667520764	0.108184048275912	0.135998020047024	0.168623568719655	0.166774642043428	0.134185489565211	0.0928248542332414	0.0577025266238162	0.0238103903855813	0.0100235119415914	0.00405453605770981	0.000626014543919288	0.000101909344358954	0.000189260210952343	
0.000335382080389626	0.00121029185531909	0.00393709398718257	0.0159452306480894	0.0420467056001517	0.0773566059333465	0.125571425446751	0.152496773770205	0.173582099346005	0.153430010863463	0.115334981080076	0.0697157272322958	0.0435923795358604	0.0169149223153029	0.00608791385055083	0.00193209241963589	0.000364545739553942	0.000102072807075104	4.3745488746473e-05	
0.000463338352832156	0.00377186377852427	0.00632022471910112	0.0228194138769837	0.0578955751187305	0.098343565388625	0.14373624464265	0.170595389783389	0.166990038225414	0.135164485115255	0.0936377852426735	0.0545942893548013	0.0315287269778756	0.0100631298505734	0.00262799721996988	0.00126694080852543	0.000137553573497046	1.44793235260049e-05	2.89586470520097e-05	
0.000113863605633402	0.000918025320419303	0.00447626299646311	0.00943644631686818	0.0352977177463546	0.0770358456863485	0.12398323358407	0.158747215679019	0.172802254499392	0.157153125200151	0.11985567787986	0.074481031034949	0.0378098335456415	0.0195489577921847	0.00617710060561205	0.00162967285562806	0.000512386225350308	1.42329507041752e-05	0	7.11647535208762e-06	
0.000610175744804637	0.00342691726442604	0.00757753134245759	0.0152118232193156	0.050261453211582	0.0948042825823205	0.148364941855928	0.170139701865293	0.176809064657344	0.138701460874254	0.0979899675755447	0.0537664162108086	0.0274295282490085	0.0108412620704824	0.00281674151962141	0.00106426002000809	0.000184471736801402	
0.00130430491123676	0.00523132023858204	0.0083264005414628	0.0246196364866961	0.0676052961829693	0.110943470720117	0.171040200792453	0.176948349525515	0.164906442561232	0.120461371423737	0.0787941172323355	0.0383747655776308	0.0230192191091245	0.0058446960617042	0.00202343518662136	0.000535822558129697	2.11508904524881e-05	
0.00158730158730159	0.00859903381642512	0.016735679779158	0.0425396825396825	0.0836024844720497	0.133057280883368	0.180462387853692	0.171794340924776	0.149068322981366	0.100110420979986	0.0619047619047619	0.028543823326432	0.0161007591442374	0.00407867494824017	0.00141476880607315	0.000400276052449966	
0.000138163530354528	0.00212771836745973	0.0110599906048799	0.0262234380612893	0.0594793998176241	0.107111276907348	0.149789991433861	0.178638536571886	0.171163889579707	0.127366050457321	0.0839343446903755	0.0489927878637155	0.0191080162480312	0.0105695100721214	0.00290834231396281	0.00100168559507033	0.000386857884992677	
0.000165021040182623	0.000288786820319591	0.00347919359718364	0.0186129981572651	0.0368409472207707	0.0746857724359856	0.131989328639402	0.166348084380759	0.180202975879425	0.152128771418356	0.111148546439671	0.06756924007811	0.0356720481861437	0.0122940674936054	0.00644957232047086	0.0015745757584092	0.000446931983827938	0.00010313815011414	
0.000712499663915253	0.00118974000483962	0.00781733121823999	0.0290982174065012	0.0472467937515124	0.10007259430538	0.155499690802033	0.178003925469846	0.167309708816175	0.138695453445541	0.0848009033958003	0.0519116500416745	0.0224235743285027	0.0110437447906864	0.00354233323474847	0.000517570510579948	0.000114268814024144	
6.02562900871708e-05	0.000709685194360011	0.00336096195819553	0.015887575152984	0.0338171690255888	0.0664492976794633	0.123190637511549	0.172989113696924	0.178686680681833	0.153847698879233	0.117653753966872	0.0699776382212343	0.0398494931776489	0.0145485464843802	0.00684913163990841	0.00191481099610343	0.000167378583575474	4.01708600581138e-05	
2.00926942963538e-05	0.000200926942963538	0.00142658129504112	0.00615506201944973	0.021921129477322	0.0483832078656201	0.0876845179092882	0.137989926862593	0.183955313847885	0.176025397165591	0.140889972406033	0.0972218501352908	0.0552415141854422	0.0276944303051411	0.00982532751091703	0.00368366062099821	0.00151364963699199	0.000167439119136282	
2.62762023004815e-05	0.000124811960927287	0.000768578917289084	0.00327138718640995	0.0106484309822701	0.031978138199686	0.0654211746776238	0.107784981836575	0.153925993076221	0.182317429661891	0.165257605318303	0.129147534306867	0.0813445532717156	0.0383172720046772	0.0183802035091868	0.00681867449697495	0.002837829848452	0.00154372688515329	8.53976574765649e-05	
0.000375719304721539	0.000184563868986019	0.00184563868986019	0.00678272218523621	0.0169732843799643	0.0429045079725	0.0818408927618006	0.133044183271922	0.164657337402527	0.18033208313284	0.154124013736825	0.10903769717024	0.0605105827604163	0.0278032285493939	0.0119109611163477	0.00445589912266247	0.00226749896182824	0.000949185611928099	
0.000163682194650866	0.000484499296166563	0.00205584836481488	0.0107244573935247	0.0270926768586113	0.0495826104036403	0.103741774969719	0.157966412413658	0.175971453825253	0.170936589517792	0.137885880773889	0.0885651618816905	0.0424264248535044	0.0202965921367074	0.00785019805545553	0.00241594919304678	0.00131600484499296	0.000523783022882771	
0.000228401386070126	0.000567740588231455	0.00148787188639968	0.00475074883025862	0.0182460078700592	0.0378558983026514	0.0700474422307637	0.126260286219566	0.167287700911648	0.178407585536319	0.156742082629096	0.113535066138516	0.0677177480928484	0.0337185703378383	0.0144545448612951	0.00521407735628659	0.00205561247463113	0.00106369788369801	0.000358916463824483	
0.000595064928195499	0.00097855121525482	0.00385469836819973	0.0105458728941313	0.0257530877257941	0.0505408479014044	0.0919970378990241	0.141420486101928	0.170248075956732	0.176535928697998	0.145585940599296	0.0932003914204861	0.0518301552458279	0.0210851339557272	0.0101954457697495	0.00337203459310783	0.00105128137314538	0.00097855121525482	0.000231414138742694	
0.00124796454979846	0.00155495048183444	0.00631990603561037	0.0166906916526521	0.0359840901203919	0.0710872640879848	0.113057579883078	0.152985771869411	0.17816529190358	0.157203491631297	0.126418141533862	0.0747977897012893	0.0388871092602974	0.0153092549584902	0.00625316996342863	0.00235578334801527	0.000947652224980647	0.000660687114599183	7.34096793999092e-05	
6.65371410321241e-06	0.00208261251430549	0.00234876107843398	0.0101602214356054	0.0258896015755995	0.0551859047720438	0.0894591861176909	0.128982247890773	0.170953876453837	0.175172331195273	0.138583557341708	0.101761903494531	0.0570356372927368	0.0253839193037554	0.0106060202805206	0.00323370505416123	0.00184973252069305	0.000658717696218029	0.00057887312697948	6.65371410321241e-05	
0.000177294083150925	0.00271396327284878	0.00535973651371642	0.0172248020784322	0.0375590696152037	0.0739998227059168	0.106451458925734	0.144024166547334	0.180008046423774	0.159448751781465	0.118562008605582	0.0809893009839822	0.0436825344871087	0.0183908516253094	0.00602799882713145	0.00261167822487709	0.00139107665241495	0.000906927425348963	0.000340950159905625	0.000129561060764137	
0.000798174001932421	0.0046980241692689	0.00905997507456626	0.0259476565891364	0.057153459454161	0.0921260834862	0.119705095710865	0.154544690742582	0.177824765798944	0.140373601445115	0.103818632461877	0.060339153935558	0.0334812989231653	0.0129738282945682	0.00365479674569056	0.00182739837284528	0.000798174001932421	0.0005181129486228	0.000357077842969767	
0.00172180982931935	0.00677292829126449	0.0139173674170709	0.0389300487965192	0.0670076945609385	0.110645928741364	0.135008466160364	0.160785602526274	0.167579964134916	0.128206960112596	0.0855689474097836	0.046688909687145	0.0238695711193193	0.00882338232037094	0.00201473183347741	0.000971643721109674	0.000878766012474191	0.000514399617058063	9.28777086354836e-05	
