# <P(U)> as a function of N_tot.
# number_of_species: 1
# species_total_upper_bound: 103
# species_total_lower_bound: 0
# volume: 729
# Bin widths for each
10	10	10	10	10	10	10	10	10	10	10	10	10	10	10	10	10	10	10	10	10	10	10	10	10	10	10	10	10	10	10	10	10	10	10	10	10	10	10	10	10	10	10	10	10	10	10	10	10	10	10	10	10	10	10	10	10	10	10	10	10	10	10	10	10	10	10	10	10	10	10	10	10	10	10	10	10	10	10	10	10	10	10	10	10	10	10	10	10	10	10	10	10	10	10	10	10	10	10	10	10	10	10	10	
# Bin lower bound for each
0	0	0	0	-10	-10	-10	-10	-10	-20	-20	-20	-20	-20	-20	-20	-20	-30	-40	-40	-40	-40	-40	-50	-50	-60	-60	-60	-60	-60	-60	-70	-70	-70	-70	-80	-80	-100	-100	-100	-110	-110	-110	-110	-120	-120	-130	-140	-140	-150	-150	-150	-160	-160	-160	-160	-170	-170	-170	-170	-180	-200	-200	-200	-200	-210	-210	-220	-220	-220	-230	-230	-250	-250	-250	-260	-260	-270	-270	-270	-270	-280	-280	-290	-290	-290	-310	-310	-320	-320	-320	-330	-330	-330	-340	-340	-350	-350	-350	-360	-360	-360	-360	-360	
# Bin upper bound for each
0	0	0	0	0	0	0	0	0	0	0	0	0	0	0	0	0	0	0	0	0	0	0	0	0	0	0	0	0	0	0	0	0	0	-10	-10	-10	-10	-10	-10	-10	-10	-10	-10	-10	-20	-20	-20	-20	-20	-20	-20	-20	-30	-30	-30	-30	-30	-30	-30	-40	-40	-40	-40	-50	-50	-50	-50	-60	-60	-60	-70	-70	-70	-70	-80	-80	-80	-90	-90	-90	-90	-100	-100	-100	-100	-110	-110	-120	-130	-130	-140	-140	-150	-150	-150	-150	-160	-160	-160	-170	-170	-180	-180	
# Normalized histogram for each
1	
1	
1	
1	
1.868428270665e-05	0.999981315717293	
0.000103565971523861	0.999896434028476	
0.000450387558494084	0.999549612441506	
0.00144212768607536	0.998557872313925	
0.00377783003959082	0.996222169960409	
5.23532016226501e-06	0.00921191977694544	0.990782844902892	
6.72981727798333e-06	0.0199793319833818	0.98001393819934	
1.72365985446315e-05	0.0402796825468199	0.959703080854636	
5.54133612097486e-05	0.0740187716505244	0.925925814988266	
0.000196771010168497	0.12494510238452	0.874858126605311	
0.00050680605450367	0.193633500850524	0.805859693094973	
0.00103334695166391	0.280183682845543	0.718782970202793	
0.00248827624663015	0.380051219517679	0.617460504235691	
1.05212371171209e-05	0.00522229119477666	0.486614731836211	0.508152455731895	
7.52043113127589e-07	5.4899147258314e-05	0.0100382714740271	0.591120175737435	0.398785901598167	
2.2630271155909e-06	0.00025119600983059	0.0185681374834233	0.683815886148615	0.297362517331016	
1.13075355678531e-05	0.000616637606300257	0.0327865762968424	0.756174102878974	0.210411375682316	
1.65708070585612e-05	0.00139194779291914	0.0557020147088509	0.800848274677698	0.142041192013474	
5.34481590496767e-05	0.00273037285736869	0.0887856728822108	0.818221305490105	0.0902092006112663	
7.55113629498967e-07	0.000114777271683843	0.00530316301997125	0.134864804455775	0.805558995517646	0.0541575046212954	
2.11590792475529e-05	0.000269022579004601	0.00964778445548243	0.193710614829945	0.765532464450858	0.0308189546054625	
4.51828663558588e-06	4.29237230380658e-05	0.000622770507938253	0.0169669193643976	0.263862668183807	0.701882694736271	0.0166175051979123	
7.49863524838479e-06	0.000116228846349964	0.00134000611888636	0.0285345567106787	0.343081309201725	0.618302218996143	0.00861818149096864	
4.49186186925837e-06	0.000242560540939952	0.0029399235934296	0.0463455334797181	0.422860881797404	0.52333110487075	0.00427550385588909	
1.64949814019085e-05	0.000452862216670578	0.00574475215915558	0.0714832512208161	0.496573917385635	0.423845295068975	0.00188342696734519	
1.12978009960141e-05	0.000899304959282725	0.0102809989063729	0.105887510055043	0.554681356820708	0.327455464068474	0.000784067389123381	
7.33424419101396e-05	0.00186758589193861	0.0177541636957937	0.149829535530633	0.589686086787548	0.240455842179163	0.00033344347301414	
3.01757890591642e-06	0.000273845285711915	0.00334951258556722	0.0288669142087229	0.204219178826252	0.595841323630811	0.16731946956998	0.000126738314048489	
3.84288189015537e-05	0.00051916580829746	0.00573267557260824	0.0444071375126306	0.262373137803484	0.576703545774375	0.110178437815766	4.74708939372133e-05	
8.58295425285383e-05	0.00104425943409722	0.00993966333738389	0.0656317430775462	0.324973987625488	0.529751229846998	0.0685665111194431	6.77601651541092e-06	
0.000222902431449946	0.00219577785014761	0.0166557230388175	0.0947471341925529	0.382210421406492	0.463782132896696	0.0401859081838439	
2.80053952015404e-05	0.000381478896799362	0.00419324025450092	0.0265581974819365	0.133831728447578	0.427469054038302	0.385292928864782	0.0222453666208993	
8.2068989624352e-05	0.000782694993639653	0.00746219887139941	0.0402639581873696	0.178315397206311	0.456566507037416	0.304776871134969	0.0117503035792718	
3.7914404440535e-06	8.34116897691771e-06	0.000212320664866996	0.00177363583972823	0.0122410446176711	0.0596803057417574	0.226146531590282	0.466447268646304	0.227833722587886	0.00565303770208378	
3.04234796246351e-06	5.47622633243432e-05	0.000564355547036981	0.00350250309178612	0.0194938445694849	0.0847065731448903	0.274208343030817	0.452483848935254	0.162386083083481	0.00259664398596261	
1.06655858872968e-05	0.000179791304957288	0.00109169889832116	0.00624317688188549	0.0306795578048091	0.11724145286611	0.315807998122857	0.417248385496936	0.11024635217917	0.00125092085906723	
9.93386339409546e-06	3.36223068723231e-05	0.000326289205329136	0.00229777901738808	0.0113139062625367	0.0458463078504266	0.15321914484719	0.350996251876927	0.364150215297386	0.0713159694495493	0.000490580023000715	
1.8355317650244e-05	0.00010707268629309	0.000738801535422321	0.00407870454286464	0.0185878183404804	0.0653250459074143	0.19309182324135	0.372528819760723	0.302351851554428	0.0429850947172631	0.000186612396110814	
3.91341079840486e-05	0.00028698345854969	0.00143491729274845	0.00747691663130529	0.0288709963313692	0.0907965018711475	0.232564795723793	0.373287211357179	0.240476024220176	0.0247151075305534	5.14114751947306e-05	
5.53317097575165e-05	0.000537178682229222	0.00273277166524623	0.0125503076673611	0.0426569057432009	0.121969532208819	0.267743995548871	0.357875508264021	0.18083324943919	0.0130321546398328	1.30644314705247e-05	
1.53282780672268e-06	0.000181640095096637	0.00118104382507982	0.00533424076739491	0.0201582184862099	0.0592169702432138	0.155801216758713	0.293068246092439	0.329727355918018	0.128693923410726	0.00663407874749574	1.53282780672268e-06	
1.54167652697279e-05	0.00037616907258136	0.00237880688111901	0.00900878678536548	0.030990781545207	0.0820441705741743	0.18989986040119	0.308660599141749	0.286576082892864	0.0867239296718002	0.0033253962686803	
1.24116542330335e-05	4.57679749843109e-05	0.000843216759456711	0.00426960905616351	0.0154672483595284	0.0444197590432476	0.109237296090096	0.220648958856142	0.310789373451937	0.236981920098424	0.0556600634080386	0.00162437524774825	
3.11348739387873e-06	4.12537079688931e-05	0.000186030871784254	0.0017995957136619	0.00771444339018302	0.0238314108845963	0.0626021126568711	0.139400171086132	0.245366936164946	0.298981967459386	0.185853403002803	0.0335400429505586	0.000679518623714032	
8.56812594833576e-06	7.39974513719906e-05	0.000555370345560309	0.00351916300314372	0.012638764694336	0.0359495197175946	0.0848119841598719	0.167928258302514	0.262059247812012	0.273475886177899	0.139465722822683	0.0192642628140218	0.000249254573042495	
1.9506135850093e-05	1.32641723780632e-05	0.000133421969214636	0.00132875797410834	0.00625210666267181	0.0197542538981062	0.0517201290838046	0.109594053905597	0.192950014356516	0.269243193138834	0.239664088735753	0.0987158720647167	0.0105270713955782	8.42665068724018e-05	
2.1032853316881e-05	1.79168750477134e-05	0.000329514701964468	0.00247953970769008	0.010563166332478	0.0296080255136301	0.0703299665188135	0.135843409628061	0.213726507471337	0.264405557035645	0.200554488332998	0.0668307229225383	0.00526911925316233	2.1032853316881e-05	
2.9592664757161e-05	6.6194118535755e-05	0.000722684023543301	0.00438127189273126	0.0170438173914533	0.0436367204474411	0.0930767182046286	0.160586152813406	0.226700059652582	0.248231059526424	0.160444419524306	0.0426983214729048	0.0023790944956086	3.89377167857382e-06	
4.69007221147848e-06	5.8625902643481e-05	0.000173532671824704	0.00165872220545956	0.00873447781517676	0.0263222486082211	0.0601306341446637	0.117740354475658	0.181757495126233	0.233663305969368	0.223199754865559	0.120167466845098	0.0253521853391469	0.00103494260133292	1.56335740382616e-06	
2.74825152312025e-05	0.000138983005597796	0.000391036931003968	0.00337014158206632	0.0140231497004013	0.038566606231307	0.0809430742883795	0.140279395101988	0.199874051558769	0.22972477438818	0.191697610670126	0.0856229540248929	0.0149143684086132	0.000426371593444085	
3.69766040372158e-05	0.000198257536539965	0.00098578052890705	0.00665421525418662	0.0217658452615662	0.0539614530703956	0.103986864651468	0.162934652113095	0.207715679810932	0.218158030138292	0.157339383859634	0.0580784438986243	0.0080152689772586	0.000169148295063859	
0.000103961483845409	0.000449712176331278	0.00240765345541982	0.0109506096317164	0.033497650234189	0.0729337064395476	0.128890975119339	0.180028211366298	0.209887997252897	0.197427583344425	0.12217207043233	0.0371134621458123	0.00407655030593817	5.98566119109932e-05	
3.15337048003759e-06	0.000217582563122594	0.000811992898609679	0.00420896124823017	0.0183336959709385	0.0489844570369039	0.0934958580478745	0.150254161660691	0.191538876327963	0.205233175980146	0.171766455075507	0.0904914843230187	0.0225875927485092	0.00205757423822453	1.49785097801785e-05	
3.22531922793724e-05	0.000433451437705712	0.00165671275464289	0.00736316779841283	0.0290144997765876	0.0664108962296805	0.116231851679369	0.168798261788935	0.196419580991699	0.191904920735813	0.14386025085117	0.0641673327081983	0.0127510242355207	0.000938489229007105	1.73065909791755e-05	
7.54435254130729e-05	0.000822020078979941	0.00333916186958486	0.0133197115856893	0.0433650955814456	0.0870028880724572	0.138349279946561	0.181062889251262	0.195118961079785	0.173038370105503	0.113793198294662	0.0429800192538164	0.00735260024754907	0.000376431757008979	3.92935028193088e-06	
0.000218843013200642	0.00168540608367833	0.00616302859837348	0.0217662205575459	0.059845692059541	0.109231002970125	0.158795009434653	0.18730915196758	0.188304179193068	0.14967523854282	0.0855117266005257	0.0272404447078957	0.00409189202380193	0.000160589837024932	1.57441016691109e-06	
7.00646720540364e-05	0.000629794804980102	0.00318203825216197	0.0113292212980858	0.034786716053076	0.0789054166289446	0.131572007195406	0.173225848353283	0.18868416184152	0.173855643158263	0.123506697474129	0.0612947793946885	0.0170131194130312	0.00185868191819753	8.5809542178539e-05	
7.87782439699193e-06	2.52090380703742e-05	0.000156768705500139	0.00144321742952892	0.00558222636770848	0.0189642866708787	0.0508371763986683	0.100798338724391	0.152382332875894	0.183675414728065	0.182136087840893	0.152737622756199	0.098122241776733	0.0419060868797986	0.0102167504604588	0.000967396835950609	4.0964686864358e-05	
2.66267578554809e-05	0.000108073311295776	0.000404883347390695	0.00271279674151135	0.0100351551517686	0.0300326334411717	0.0704630158249087	0.123536409350378	0.16598807591132	0.187746052778933	0.172202291310827	0.128893869658888	0.0740035914797507	0.027683213630394	0.00569577676126214	0.000455787443290879	1.17470990538886e-05	
9.61959582055934e-05	0.000181442782956892	0.000882187324031784	0.00529155978226866	0.0165582181067384	0.0448789338672339	0.0925358193080148	0.145449070887818	0.176640805856222	0.183979071513483	0.154076205968842	0.105452668460239	0.0534763498717387	0.017320747043734	0.00297347181380216	0.000202558968904461	4.69248576612651e-06	
0.000182921967364845	0.000293144178469303	0.00204575550681111	0.0093368375136996	0.0258670423081313	0.0623091631398165	0.117131814820432	0.162388585669236	0.182211385876235	0.17346552702633	0.132682527199871	0.0829363509725351	0.0369940136050168	0.0105320840440451	0.00153763893079765	8.52072412084107e-05	
2.73882130521268e-05	0.000163546757939843	0.000797388260003349	0.0038625205607228	0.0150689948212802	0.0386541588610259	0.0852446393441853	0.139181421088298	0.174913648876849	0.181595590341195	0.157795233198896	0.10945425464152	0.061445847242633	0.0247503368750205	0.00623042720917239	0.000782520372917909	3.20833352896343e-05	
6.10733404689963e-05	0.000293621829177867	0.00180009756074644	0.00685900592959497	0.0233229691352563	0.0548360298257139	0.107216598167956	0.15794192238518	0.183332772189393	0.173748172693483	0.136867704965654	0.0888233437967103	0.0448184360057096	0.0162055759959848	0.00353912178102389	0.000311630634700776	2.19237632452807e-05	
3.13120614843639e-06	0.000115071825955037	0.000610585198945097	0.00330968489889727	0.0121365550313395	0.0349035549366205	0.0739669172414387	0.130694196231124	0.17350561229562	0.183615494147384	0.158904015223924	0.116978730499435	0.0677350342045132	0.0313206723012721	0.0103306318852288	0.00174956143543883	0.000115071825955037	5.47961075976369e-06	
7.12261304408741e-05	0.000202720525100949	0.00115840300057685	0.00588515686576849	0.0189461506972725	0.0485981366931195	0.0955283296063543	0.150482811412774	0.183688276883364	0.178242217371192	0.142174400702556	0.0959220300856044	0.0506848275036181	0.0210625842875156	0.00628903250651015	0.00100734098766379	5.63547405686037e-05	
8.97379886882904e-05	0.000364462182128758	0.00258036076245803	0.0101333081437225	0.0295001830182664	0.0658196660015035	0.118512396043657	0.167893479433076	0.184872064327969	0.166666273078997	0.122773376155672	0.0764607022391203	0.0363690750296175	0.0138975806165944	0.00350293026020081	0.000554171438917162	1.02332794118226e-05	
7.09051116282807e-06	0.000195382974264596	0.000962733848997323	0.00458047021118694	0.0170700117072218	0.0414125243637842	0.0867492527389069	0.139638951171589	0.182300193334604	0.180546473573665	0.149230049271174	0.102433463431083	0.0577340932260408	0.0256030479743985	0.00922633069198662	0.00205782390636744	0.000250531394419925	1.57566914729513e-06	
0.000104653015790713	0.000539121596497612	0.00232852960134336	0.00794570094132216	0.0255947977937241	0.0573133826629594	0.109027828981116	0.159759964037418	0.186457582626331	0.170451220991492	0.129514449648025	0.0849600138268833	0.0420134288847081	0.0170687483102898	0.00577890781892808	0.00102353820746826	0.000118131055703153	
5.56980718918885e-06	4.77412044787615e-06	0.000163115781969102	0.00108213396818526	0.00404447570609241	0.0142364271755667	0.0377601099957351	0.0766174720077404	0.131515083037868	0.171408429187063	0.184565109454668	0.156069975874778	0.110198635238101	0.067486170964436	0.0297881245345233	0.0112494191486788	0.00333870156654806	0.000420122599413101	4.61498309961361e-05	
1.59052176271165e-05	5.56682616949077e-05	0.000261640829966066	0.00207404037857599	0.00747545228474475	0.0229973541670477	0.0539107351471113	0.097615092142902	0.150983459368929	0.179764745926077	0.174841285809603	0.140141667773405	0.0899901308124624	0.0500839397860271	0.0204891013472515	0.00709929388786344	0.00196906594223702	0.000201996263864379	2.94246526101655e-05	
1.82408088133244e-05	9.75486732190824e-05	0.000705046914567189	0.00433496786841874	0.0127669800120389	0.0349382865853127	0.0733756361482074	0.119273476515752	0.167007293944289	0.182536566873581	0.16134709166165	0.117817384125262	0.071153429787558	0.0358082938578438	0.0136116087679603	0.00424693613892834	0.000879524216259857	7.93078644057581e-05	2.37923593217274e-06	
1.0368206930269e-05	4.14728277210761e-05	0.000184235061607088	0.00148903402606248	0.00744118235841615	0.0198000850192968	0.0498662900083185	0.0924652645128976	0.140592885974448	0.178813286936937	0.176991672734726	0.144108505678188	0.0965742646748012	0.055189965489822	0.0251628406653837	0.00856254381564371	0.00229296884034796	0.000393194308970971	1.99388594812866e-05	
4.98173230902489e-05	8.03505211133047e-05	0.000562453647793133	0.00351453179349595	0.0120445431148844	0.0301185893341111	0.0673666804066058	0.112767135351256	0.15712705104749	0.18401876345369	0.163224048589567	0.125826505547802	0.0773912114207017	0.041568538592757	0.017350891529207	0.00538348491459141	0.00134747823907012	0.000251497131084644	6.42804168906437e-06	
7.22259226861623e-06	1.92602460496433e-05	0.000201430073269186	0.0015857602580873	0.00635427617587815	0.0188140503494932	0.0445585792358497	0.0864062788402122	0.132403758958021	0.170071182659358	0.179946873821313	0.147101734224655	0.106395204198734	0.0608816377629224	0.0298012182105626	0.0113868179665995	0.00324454894911283	0.000693368857787158	0.000113956455793723	1.28401640330955e-05	
7.239108560085e-06	9.8934483654495e-05	0.00055017225056646	0.00296079540107477	0.0107830543729444	0.0291478684444845	0.0614745098922418	0.107926260831516	0.14923824469313	0.174882384594534	0.170389311214907	0.130835626387999	0.0858936317561997	0.0453819715631729	0.0206547854127136	0.00760669440585821	0.00166660365961068	0.000422281332671625	7.9630194160935e-05	
3.99971202073451e-05	0.000324776616083642	0.0012639089985521	0.00580118231487333	0.0181994896367462	0.0428401155116832	0.0804246094281212	0.128549944404003	0.16152197041813	0.172573974673823	0.15616315625275	0.112066331224152	0.0670487724883808	0.0334055947971746	0.0139157980625395	0.00476285707429065	0.000847938948395715	0.000213584621907223	3.59974081866106e-05	
0.00014749999405242	0.000790631688549798	0.0026518278500607	0.0101521232465542	0.0280289639235633	0.060147484133838	0.102034310401842	0.145866391967753	0.1690207189911	0.166217426093383	0.136399429983894	0.0913048753506099	0.0518248366199663	0.0235048377619017	0.00884365555737948	0.00249560473808045	0.00045518815368865	9.5161286485432e-05	1.90322572970864e-05	
2.92634006602456e-05	0.000269697827706588	0.00146633364389447	0.00471219840902009	0.0168454370449343	0.0399864597454242	0.0787944744372332	0.121971435757345	0.16034049943925	0.171579227098225	0.157093843771404	0.11505499146616	0.0716241503727525	0.0370087110025641	0.01578404559396	0.00558930952610691	0.00160553252271077	0.000181116723005304	5.7735898599944e-05	5.53631904383025e-06	
0.000118214488367694	0.00063047727129437	0.00243994703990921	0.00910172750772335	0.0260993947418196	0.0556806002143623	0.100725048861989	0.140417533572915	0.166977176722779	0.165419897862682	0.140639776811046	0.0955275518567556	0.0553306853287939	0.0258133156799697	0.0105518252317004	0.00344634638421285	0.000940987327406847	0.000108757329298279	3.07357669756005e-05	
1.56436012195752e-06	0.000172079613415327	0.00128981492055397	0.00430277251544415	0.0154996800883551	0.0386451702727775	0.0739441742446878	0.11985736164408	0.155117256612941	0.169119844064583	0.155274474805198	0.121851920799576	0.0763571997328073	0.0413280478819346	0.0179831017819626	0.00647801526502607	0.00220887649220401	0.000493555618477596	5.94456846343856e-05	1.56436012195752e-05	
1.24263737356165e-05	0.000469095608519522	0.00266623381464821	0.00729350473444839	0.0235930238337848	0.0538512438800109	0.0925485249894376	0.138159529786018	0.16746169570296	0.165416780575093	0.139248390784601	0.10238322315282	0.059517670303452	0.0296765104257276	0.0121731863707533	0.00397721624375575	0.00125972363744812	0.000253187364863186	3.57258244898974e-05	3.10659343390412e-06	
6.12118868835324e-05	0.00105067491916544	0.00458546767818664	0.0115543247747751	0.0335828557127349	0.0709709212543943	0.112161097288933	0.154804861928453	0.171168581410647	0.158044442929213	0.122483435985926	0.0831234178858034	0.0443793928245722	0.0211661406835121	0.0077119229133139	0.00234852188789857	0.000688052601931351	9.45297493644424e-05	1.93708502795989e-05	7.74834011183954e-07	
9.34698096409435e-06	3.27144333743302e-05	0.000221990797897241	0.00215759477254511	0.00765128283419157	0.0177584849166989	0.0496161117026538	0.0909375567147543	0.134068421458487	0.166433121961744	0.16736003090735	0.141914433062764	0.10419235463692	0.0647052546390235	0.0327533791283473	0.0135196290494821	0.00495234208080932	0.0013444074286689	0.000339606975028761	3.11566032136478e-05	7.78915080341196e-07	
3.48899416174977e-05	7.52072074866061e-05	0.000724935453608008	0.00353628941594238	0.0107437760220815	0.0282554253859215	0.0664823960861239	0.108896935112462	0.15468959581941	0.170631973142498	0.159357094675795	0.123606534498399	0.0864270373787575	0.0497553827426595	0.0241709762205665	0.00883878520976608	0.00295711638509192	0.000659032230552734	0.000137233770362158	1.7832636826721e-05	1.55066407188879e-06	
2.31367226061204e-06	8.7148321816387e-05	6.86389437314906e-05	0.00160800222112537	0.00651607230997038	0.0173918743830207	0.0431931762092794	0.0858596063672261	0.129218595755183	0.166362290227048	0.170532298864758	0.144487290227048	0.105005244323791	0.0682880367719645	0.0365768447680158	0.016919114017769	0.00563841929911155	0.00171057502467917	0.000482786278381046	4.39597729516288e-05	7.71224086870681e-06	
2.93002785068578e-05	0.000142646092730755	0.000246739187426171	0.00297629144832819	0.0107254440534314	0.0251450363786089	0.0590300374118293	0.10665070058508	0.147718125152284	0.17390717671769	0.16536460341302	0.126173167730215	0.0865946599471361	0.0524228246085329	0.026178256725956	0.0114440719368101	0.00393009261972248	0.00100931748856518	0.000307652924322007	3.85529980353392e-06	
5.06676615952944e-05	0.000353905939324708	0.000795328748677651	0.00535311521672708	0.0168285728762189	0.0376875279247908	0.0780880788204568	0.127742387183845	0.160979605498516	0.175278633754182	0.151692837281572	0.107954362255356	0.0706130633514662	0.0387047196159084	0.0178012384404801	0.00712341260519297	0.00219866943649883	0.000604173479931768	0.000148932217416471	7.67691842352945e-07	
4.56685997170069e-06	0.000116454929278368	0.000615764952850976	0.0018457725718957	0.00999913990803866	0.024926682868871	0.0539635397122726	0.10157990520721	0.146006319011914	0.170179469985455	0.167906696006205	0.132551588391955	0.0900242271921499	0.0544932954689899	0.0279324378735787	0.0114894585454703	0.00478226353369924	0.00130079394860608	0.000258027588401089	2.35954431871202e-05	
1.73463546635675e-05	0.000327318170608186	0.00103625614381486	0.00435318083122223	0.0159503502078169	0.0357847754816065	0.0728086840376582	0.12378886620455	0.161503612189811	0.170675308670839	0.155384119940238	0.114494991051544	0.0713282103765894	0.0417330667525437	0.0197386432284734	0.00727189355070075	0.00300242773546357	0.000674245263879535	0.000121424482644972	5.27932533239009e-06	
9.36905065283545e-05	0.000484192537738536	0.00209267115381733	0.00755070530213315	0.0235852733514218	0.0505973706696248	0.0939865685289841	0.142482273756165	0.172428757738836	0.167740484792157	0.138747395403919	0.0954189089927896	0.0546388043592319	0.0301900792996447	0.0132081128483413	0.00453462051597236	0.00178011962403874	0.000380758218531233	5.921240012592e-05	
2.30715187310962e-05	0.000242623067946367	0.00119227654861988	0.00403230608016385	0.0129728917097335	0.0341510574198004	0.0693187501488485	0.115351639715163	0.156657100669223	0.173120489890209	0.157835236609588	0.123130462740241	0.0767261961466098	0.0405694050822835	0.0214632106027769	0.00863246921812856	0.00310200290552287	0.00117292624258734	0.000253042463502346	5.28412203196075e-05	
0.000160954280042563	0.000527572362361736	0.00208495405351432	0.00692103404183023	0.0209136241836786	0.0494360638928879	0.0889861072611245	0.13575301267664	0.165630150909541	0.170232996223536	0.143437089231264	0.103173183824691	0.0588690279255676	0.0303257237726491	0.0154925946128006	0.00544189401458723	0.00178018414361891	0.000720568466672032	0.000105812535953907	7.45158703900757e-06	
5.92519295761191e-06	0.00025848654277582	0.00101765189046985	0.00365658470396625	0.0115785676882934	0.0327640951082348	0.0646401519219474	0.10969087527691	0.150385100509789	0.168488786942652	0.161576308708478	0.129991326998808	0.082979364774876	0.0445270844273338	0.0231252874644396	0.0104253770089182	0.00343735256453461	0.00103246487286388	0.000377731051047759	3.99950524638804e-05	1.48129823940298e-06	
0.000120547107457456	0.000424120006115561	0.00225731809147467	0.00686015947500265	0.0186010067153559	0.0462195251032001	0.0855531642145621	0.130849474885039	0.162719483940773	0.166836461677781	0.147586411694834	0.10942884192452	0.0645000529231203	0.0321647614343342	0.0161356713591833	0.00675651836432276	0.00222424114125769	0.000549077373601948	0.000165384751084924	4.77778169800891e-05	
0.000179459175967413	0.000889238529079345	0.00389170041597905	0.0115469161222461	0.0286079901085032	0.063956320369056	0.106008366460032	0.148097036872635	0.168098311399027	0.161269340388643	0.130886535654143	0.0891575160799084	0.047757382913875	0.0221481922601089	0.0115190816378104	0.00427625579305207	0.00130822076848082	0.000291529600142981	8.78983719024064e-05	2.27070794081217e-05	
8.00677227356666e-06	0.000414896381448454	0.00169670783360763	0.00670603572330633	0.0186201128663735	0.0416577803625903	0.0834451248583347	0.12503739526596	0.159150612481684	0.170330250240749	0.148249755975418	0.112233110623749	0.0697091430788369	0.0352647366463416	0.0163068835677013	0.00767048783807686	0.00263932329672297	0.000676936201310636	0.000126652579600054	5.53195175264606e-05	7.2788838850606e-07	
4.27919188549173e-05	0.000838431494852277	0.00322607550960461	0.0111411299242438	0.0279663321885891	0.0593008960917923	0.102031890858848	0.142729181550155	0.168612490163298	0.162810921368036	0.131938365131114	0.0929360695985175	0.0532650596729682	0.0248758853031517	0.0115900824288403	0.00481517880131857	0.00144404593966339	0.000323477895072764	9.6463139113627e-05	1.52310219653095e-05	
0.000133393747168101	0.00126724059809696	0.00608681468056185	0.0185286814680562	0.0410541005890349	0.0777903035795197	0.121496329859538	0.157918622564567	0.169596375169914	0.149746805618487	0.112971454463072	0.0744431354780245	0.0398854553692796	0.0170823742637064	0.00780933393747168	0.00309777979157227	0.000740915269596738	0.000275487086542818	5.87222473946534e-05	1.66742183960127e-05	
0.000460392117564105	0.0024835032209294	0.0107023013070343	0.0288522075947271	0.0569259603786834	0.0974499069412463	0.139692699154084	0.163942437914235	0.165982977110379	0.134821547222507	0.0943832887827712	0.0566057191738794	0.0286329040939316	0.0118467460661527	0.00476730954543903	0.00171085777441803	0.000528652147613041	0.000164114540330422	4.64749140758718e-05	
0.000807417300894636	0.00469338292017363	0.0176401250417382	0.0438811873208138	0.0728949580315713	0.11712084489528	0.155167326801073	0.166358188161334	0.154194396149728	0.116877612232444	0.0746861003327538	0.0434645254516356	0.0197306306202577	0.00768197833070431	0.0032627718736687	0.00100747256796122	0.000412344129601271	9.5709893956316e-05	2.30279444105422e-05	
