# <P(U)> as a function of N_tot.
# number_of_species: 1
# species_total_upper_bound: 103
# species_total_lower_bound: 0
# volume: 729
# Bin widths for each
10	10	10	10	10	10	10	10	10	10	10	10	10	10	10	10	10	10	10	10	10	10	10	10	10	10	10	10	10	10	10	10	10	10	10	10	10	10	10	10	10	10	10	10	10	10	10	10	10	10	10	10	10	10	10	10	10	10	10	10	10	10	10	10	10	10	10	10	10	10	10	10	10	10	10	10	10	10	10	10	10	10	10	10	10	10	10	10	10	10	10	10	10	10	10	10	10	10	10	10	10	10	10	10	
# Bin lower bound for each
0	0	0	0	-10	-10	-10	-10	-10	-20	-20	-20	-20	-20	-20	-30	-30	-30	-40	-40	-40	-50	-50	-50	-50	-60	-60	-60	-70	-70	-70	-70	-70	-80	-90	-90	-90	-100	-100	-110	-110	-110	-110	-120	-130	-130	-140	-140	-140	-150	-150	-150	-160	-160	-170	-170	-170	-170	-180	-180	-180	-200	-200	-210	-220	-220	-220	-220	-230	-230	-230	-230	-250	-260	-260	-260	-260	-270	-270	-270	-270	-280	-280	-290	-290	-290	-310	-310	-320	-320	-320	-330	-330	-340	-340	-340	-350	-350	-350	-360	-360	-370	-370	-370	
# Bin upper bound for each
0	0	0	0	0	0	0	0	0	0	0	0	0	0	0	0	0	0	0	0	0	0	0	0	0	0	0	0	0	0	0	0	0	0	0	0	-10	-10	-10	-10	-10	-10	-10	-10	-10	-10	-20	-20	-20	-20	-20	-20	-20	-30	-30	-30	-30	-30	-30	-30	-40	-40	-40	-40	-50	-50	-50	-50	-60	-60	-60	-60	-70	-70	-70	-70	-80	-80	-80	-90	-90	-90	-100	-100	-100	-100	-110	-110	-120	-120	-120	-120	-130	-140	-140	-140	-150	-150	-160	-160	-170	-170	-180	-180	
# Normalized histogram for each
1	
1	
1	
1	
1.21207713658897e-05	0.999987879228634	
9.99775601836426e-05	0.999900022439816	
0.000433517039240272	0.99956648296076	
0.00142426291915518	0.998575737080845	
0.00393491665094424	0.996065083349056	
2.38214083363202e-06	0.00954762046119713	0.990449997397969	
3.11093730528049e-06	0.0206875500838032	0.979309338978892	
1.1157007259005e-05	0.0408765310706191	0.959112311922122	
4.3331842011007e-05	0.0741490092457718	0.925807658912217	
0.000157138213473725	0.124594889463316	0.87524797232321	
0.000446995176763119	0.193402044304218	0.806150960519019	
1.27694327507857e-06	0.00104837042883951	0.279904141692545	0.719046210935341	
9.67537474734493e-06	0.00243381313455854	0.380386262866423	0.617170248624271	
2.75827954231557e-05	0.00505623693584735	0.487503806334435	0.507412373934295	
1.09552283553445e-06	8.9832872513825e-05	0.00998386477450397	0.592403060379558	0.397522146450588	
4.92536970372259e-06	0.000250464170489301	0.0186970682375312	0.684963138168295	0.296084404053981	
1.43930531473508e-05	0.000566612598585582	0.0331187796731465	0.757304884401009	0.208995330274111	
1.27405367842958e-06	2.60270965736328e-05	0.00125130271988619	0.0553849334780173	0.803326881768183	0.140009580883662	
1.09129302763791e-06	7.42079258793776e-05	0.00248923939604206	0.08801605655808	0.820717834365363	0.0887015704616079	
4.55433218096584e-06	0.000137723005152407	0.00491886092873035	0.133787151281616	0.807796251566007	0.0533554588863128	
1.42106036974169e-05	0.000352167909578293	0.00923197334819495	0.192637486224368	0.767321587236983	0.0304425746771779	
1.09248544809383e-06	2.45809225821112e-05	0.000782219580835183	0.0163426718989436	0.262899704009276	0.703690998502567	0.0162587326003484	
2.91197853289426e-06	7.62574378301683e-05	0.00152169078209555	0.027870000542356	0.341668447220207	0.62051204958517	0.00834864245380783	
5.64666314994914e-06	0.000179053866980645	0.00317342469027142	0.0455379703488253	0.421756374536245	0.525284664682927	0.00406286521160051	
5.47226963842526e-07	1.91529437344884e-05	0.000358068843340959	0.00583836447723591	0.0707573584697783	0.495115816938718	0.426157740726053	0.00175295037417556	
3.1018580859784e-06	3.1018580859784e-05	0.000847172181952806	0.0104554512966314	0.105385446008876	0.552669550299913	0.329876403727631	0.00073185604605055	
5.48860574594817e-06	8.78176919351708e-05	0.00166780433266879	0.0180447061574289	0.14916182586886	0.588128255543629	0.242586311527042	0.000317790272690399	
1.00546258682855e-05	0.000249171910154057	0.00310815907295618	0.0291470807125037	0.202868164294049	0.595342258550499	0.169154638134929	0.000120472699040003	
3.48978088013005e-05	0.000516889534549105	0.00574973374433573	0.0451946722191334	0.261661029726538	0.574962411771122	0.111838707078207	4.16581173125471e-05	
3.10951643726971e-06	8.39569438062823e-05	0.00107534394910051	0.0101946410959546	0.0678061154311034	0.322838593415727	0.528182644947365	0.069804985762073	1.06089384330378e-05	
3.6622028076644e-07	1.080349828261e-05	0.000225408582811744	0.002180292441543	0.0171753649476653	0.0977478551393706	0.37974241530332	0.461931768034609	0.0409826129597301	3.11287238651474e-06	
1.46703902562202e-06	4.60283494288909e-05	0.000443779305250661	0.00418821303827266	0.0274451827114585	0.135149319816525	0.425951296871668	0.384191847627459	0.0225824984811562	3.66759756405505e-07	
8.9892191744081e-06	0.000118694383792695	0.000984227772871417	0.00771660257414547	0.0417899626745605	0.178128716078998	0.455035008422348	0.304319007942434	0.0118987909316757	
9.17593497271811e-07	2.60596553225194e-05	0.000260229515826286	0.00195594229878459	0.0131503994468012	0.0618746141519344	0.225229747059847	0.463494460304538	0.228176139779587	0.00583149019386181	
2.57058410831854e-06	6.15104054490507e-05	0.000604087265454857	0.00387331941178426	0.0208220985036814	0.0875526258241247	0.273134109392676	0.448615033547041	0.162682353105348	0.00265229196033295	
3.6811139345255e-07	1.21476759839341e-05	0.000157551676397691	0.0012420078415089	0.0070309276149437	0.032168150339638	0.119387359570105	0.314746100688037	0.41351130782984	0.110555262906998	0.00118881574515501	
4.41859728683398e-06	3.14825056686921e-05	0.000350173834981593	0.00240095530073341	0.0120207939188318	0.0480106370365352	0.155407221608119	0.348530485007331	0.361886431739668	0.070860676472516	0.000496723978328253	
2.00681211451717e-05	6.57276995305164e-05	0.000780999723833195	0.00445125655896161	0.0195154193132652	0.0687544877105772	0.194450336002946	0.367540458436896	0.301678541839271	0.0425740587314738	0.000168645862100709	
3.6051606034671e-05	0.000209320039119671	0.00152943420499127	0.00793963048207435	0.0303633615621087	0.0946106343776711	0.232925379981169	0.369664891125069	0.238494801303229	0.024171866099185	5.46292193484555e-05	
1.84006148749467e-07	6.60582074010585e-05	0.000490744398714827	0.00298660380035259	0.0132592990727378	0.04485922701593	0.12491625420155	0.266706792274171	0.355246318910993	0.178441066786688	0.0130088667042898	1.85846210236961e-05	
3.66887251511851e-07	8.25496315901664e-06	0.000145103907972937	0.00102416576259533	0.00565446632030064	0.0212170897549303	0.0630154536579209	0.158094651774469	0.291835694680832	0.325436513279667	0.127028657196328	0.00653426194942606	5.31986514692183e-06	
2.02203986690566e-06	2.29777257602916e-05	0.00035459226393282	0.00215034748755113	0.00951038878128165	0.0321614631921649	0.086225662222652	0.191259971643648	0.306722124480083	0.283006354168371	0.0854984631577902	0.00308508137147979	5.51465418246998e-07	
9.17488935542182e-06	1.10098672265062e-05	5.96367808102418e-05	0.000860421123751458	0.003941165471515	0.0156385989063165	0.0464120952933368	0.112651860474889	0.221713953740575	0.308589146069193	0.234248320582378	0.0544777405256881	0.00138687627496556	
4.58878435026301e-06	2.6798500605536e-05	0.000218426135072519	0.00177842926278793	0.00709884938985688	0.0243868191024118	0.065513707065957	0.141402471996485	0.245986557431573	0.296141786828574	0.184181505877499	0.0327057344753166	0.000554325149511772	
1.08028692420707e-05	6.75637076326116e-05	0.000512495440822981	0.00321431134821273	0.0117375920807278	0.0367039383965466	0.087928214750787	0.170157641327164	0.26145305549086	0.271863908749079	0.137791146481048	0.0183555396381075	0.00020378971976991	
5.30418688735498e-06	2.12167475494199e-05	0.000168087853430318	0.00117698078000446	0.00564182581818454	0.0190186193421016	0.0522297795707962	0.113050878675138	0.195933737170955	0.267793214993875	0.237978746306045	0.0971631928205453	0.00973830422218763	8.01115122986718e-05	
7.31305678643443e-06	3.76622424501373e-05	0.000403863561030841	0.00235992342498239	0.00973879772249472	0.0289648240140308	0.0716661282428608	0.138843136577369	0.216786061460026	0.262269435316835	0.198284941922445	0.0657771064391648	0.00484106076619993	1.9745253323373e-05	
1.45860807583887e-05	0.000113042125877512	0.000872065303342163	0.00445385975957398	0.0159721230824546	0.0425904441844476	0.0943801471772014	0.163516346711869	0.230956914358374	0.245972008217069	0.157118162387202	0.0418130060800254	0.00222200707753104	5.2874542749159e-06	
2.00462704369449e-06	4.82932878708218e-05	0.000275545099096915	0.0017460301550579	0.00821751296857018	0.0251033977517197	0.0597151060493266	0.118175133330478	0.185492149607139	0.236694151318361	0.220109689547055	0.11845869693775	0.0250013440113134	0.000960398592751815	5.46716466462134e-07	
1.11070344855213e-05	0.000109431602062267	0.000630369727686468	0.00337398932814277	0.0136250538281487	0.0371288133772395	0.0797332126733084	0.141645825803462	0.203189357640138	0.231940189529708	0.188593439748435	0.0851388788996388	0.01450287371757	0.000377457089975173	
5.46434849574682e-07	3.16932212753316e-05	0.000221123969127888	0.00140433756340693	0.00644774908003139	0.0218442795465975	0.0519273394651824	0.102156541562836	0.164615137738922	0.212584649588635	0.218068851883916	0.154812642972402	0.0580976817865797	0.00763169125410987	0.000155733932128784	
4.37844266456696e-06	7.86295328511817e-05	0.000545845852182681	0.00281679811420474	0.011004850767167	0.03303753912549	0.0703818239169147	0.12530811009813	0.182882806786075	0.215185497284362	0.196694056866119	0.120874936900256	0.0372676620447948	0.00385412415548507	6.29401133031501e-05	
1.26014807287747e-05	0.000172585496937566	0.00110180772806808	0.00503730494871106	0.0182984457991138	0.0473795586084824	0.091306859387747	0.147834727745009	0.195666478618483	0.208512135865147	0.170231211603151	0.0898772305305753	0.0227173650413374	0.0018363462134468	1.5340933061117e-05	
4.73674315440027e-05	0.000365040128810152	0.00214653105803845	0.0089123925637156	0.0284714840746672	0.0648928325577755	0.113375319044341	0.167113578688094	0.201095413003768	0.194452085008263	0.141334905663828	0.063731324612849	0.0132127701132356	0.00083999464510272	8.96140596778429e-06	
2.19082326208837e-06	0.000111001711945811	0.0007958165499536	0.00403202764526847	0.0150073219139105	0.041525959521254	0.0848463858627636	0.135478684841493	0.181294093741311	0.198915615512708	0.174903827423009	0.112578556988699	0.0428294993621966	0.00733451114426151	0.000343411546332352	1.09541163104418e-06	
2.79385512564679e-05	0.000322115061545159	0.00170753851502765	0.00736445602727679	0.023520060245012	0.0580453532163298	0.10642195904391	0.156412609672509	0.188520213633137	0.190689194756171	0.150338622545425	0.0853323701533005	0.0272590783857142	0.00391632750848017	0.000121797475085386	3.65209820345985e-07	
9.68747298246037e-05	0.000742645334485594	0.00332901783829341	0.0126874823043683	0.0358964741802342	0.0774904619517187	0.128764063057772	0.172138718032939	0.189938078769391	0.175486196904651	0.123435952917419	0.0613350471021387	0.0167392221836551	0.00186785446052382	5.19102325852594e-05	
1.82593540388322e-06	7.30374161553287e-06	0.000248327214928117	0.00147699914820113	0.00608876419778897	0.0203655705272115	0.0516920486903935	0.0990953403041461	0.149628650387235	0.181704675033711	0.18432763124139	0.154290263473349	0.0979336802001956	0.0424080801293493	0.00983978329798627	0.000872431935975401	1.86245411196088e-05	
8.91137222037933e-06	4.4738725841088e-05	0.000573783252148914	0.00291238193341132	0.0106063515896433	0.0314729661702487	0.0710094511467663	0.120898768266494	0.165315229789735	0.185750279344239	0.172780595468804	0.130361008781885	0.0745516306719975	0.0278354895216812	0.00549176952936315	0.00038300714073712	3.6372947838283e-06	
2.36157621042589e-06	3.68769208243427e-05	0.00011281067897496	0.00116244047465502	0.00546759390626141	0.0174616761595975	0.0458910572195383	0.0922213676142158	0.141044412528852	0.177100231470801	0.182293700876944	0.155883830796334	0.106296180168646	0.0542940903553591	0.0176912940311343	0.00286604522091456	0.000172940042486573	1.08995825096579e-06	
1.63363546513686e-06	1.2887568669413e-05	9.07575258409365e-05	0.000334895270353056	0.00233065326359525	0.00961866410367414	0.0274242015833558	0.0630127686763106	0.114336694084515	0.159232082422355	0.182423534515541	0.172484133315545	0.135030499066559	0.0835232434561555	0.0381689850676643	0.0105304142082722	0.00137461348638682	6.93387497424755e-05	
1.09067647936177e-06	1.98139560417387e-05	0.000147241324713838	0.000827096330182672	0.00422818915165911	0.0154770628009699	0.040327581044988	0.083660157570031	0.135041017615698	0.17258155669709	0.181631081225768	0.157676917268372	0.112785400495494	0.0636129785411221	0.025366226439343	0.00596945415096017	0.000624230505021384	2.29042060665971e-05	
2.00197649679593e-06	6.27892628540541e-05	0.000298658493749283	0.00174117355862242	0.00756146522839822	0.0243019926946058	0.0569256556928022	0.104624201711872	0.153649330156864	0.180967937436414	0.173457977603343	0.13887474361051	0.0915265434783796	0.0460112438279975	0.0164145692929565	0.00330671917911684	0.000263168910396992	9.82788462063455e-06	
7.64126516063395e-06	0.000116074456487725	0.000680072599296421	0.00352189549951314	0.0130407286710457	0.0361491880609962	0.0758832210916384	0.126209321179113	0.169241651735877	0.18148095723948	0.160324841098072	0.118597711404697	0.070838348671657	0.0319131981387334	0.0101730710171907	0.00171036985178857	0.00010970673552053	2.00128373254699e-06	
1.81520389368496e-07	3.55779963162252e-05	0.000238880832408941	0.00130386095683391	0.00647809965578289	0.0208387222198927	0.0508585642136546	0.0975327204115866	0.146249162510304	0.17893227165688	0.175814658969476	0.142761611269367	0.0972640702353212	0.0533622749442142	0.0214573437068605	0.00595459485284414	0.000870571787411307	4.6832260457072e-05	
8.53404995142855e-06	8.46141973907596e-05	0.000559797361707536	0.00274324312055707	0.0111979445649904	0.0312816508847268	0.0691913533732194	0.118886760420166	0.163551617384041	0.181729325356115	0.163834330485624	0.123322832215131	0.0772553042751959	0.0386772222575286	0.0139488138578445	0.00330049842483227	0.000409452822137689	1.67049488410942e-05	
1.76169081636026e-05	0.000203411723126133	0.00127005194626879	0.00496578869081672	0.0180070227897409	0.0446979099808684	0.0903465881497415	0.139241317860966	0.176494358775418	0.177464378430076	0.147595364682712	0.103149539944432	0.0589637916235779	0.0269596812538299	0.00865117323159841	0.0017896599282901	0.000177985257735366	4.35882263841714e-06	
5.62435206557051e-05	0.000514356067932013	0.00245784185265431	0.00907334989674778	0.0273263680873538	0.0611160238516071	0.111926238981259	0.156885676517024	0.180747443731986	0.168584147382699	0.129536085298561	0.0841533699121839	0.0436427948602857	0.0178348203999241	0.00512251471675219	0.000940355379221031	8.16438203066687e-05	7.25722847170388e-07	
1.26845028898016e-06	3.2617293145204e-06	0.000128294686371136	0.00104900838898659	0.00459015918145091	0.0154932142439719	0.0404862151164845	0.0796722686867644	0.133219716428878	0.170013472754141	0.17943660874379	0.154048576209852	0.109578339942865	0.0663129502432253	0.0310574617041267	0.0114780254577973	0.00297234144144879	0.000435803277856754	2.30133123857828e-05	
1.99529038912153e-06	3.62780070749369e-06	3.89988576055572e-05	0.000306004989677093	0.00212625399466205	0.00816490966232068	0.0244999892979879	0.0558971533010628	0.101018105990551	0.151938098110968	0.177821005038652	0.171497204235385	0.136460086392446	0.0900719429158303	0.0498178662654803	0.0214433858118891	0.00709724791410529	0.00160149262232309	0.000183748105834556	1.08834021224811e-05	
1.03524575917023e-05	1.19870561588132e-05	0.000109881348122455	0.000806946825963746	0.00410756457708667	0.0135025106525881	0.0362069031276954	0.0747810682246934	0.123298496405427	0.167150235409437	0.178646911998117	0.158611818983102	0.116657848915507	0.0710563629564367	0.0357962556432245	0.0141087650989232	0.00422380269741456	0.000829649583840286	8.04585739144586e-05	2.17946475614786e-06	
2.08506975827514e-05	2.9190976615852e-05	0.000258548650026118	0.00170812540806175	0.00734089603243861	0.0211921050918673	0.0509279195010773	0.0951009382269981	0.143150736220001	0.176711112497129	0.173120803683792	0.142227140972292	0.0966087156278517	0.0546106966254324	0.024980042256205	0.00914910478889757	0.00243173526939011	0.00039870159986496	3.04601495121934e-05	2.17572496515667e-06	
2.63575645392234e-05	8.96157194333596e-05	0.000632581548941362	0.00337794911608544	0.0120268658110941	0.032122963673641	0.0690780869207039	0.115324160779689	0.159405278820315	0.179369407083859	0.161890160939289	0.123684962027838	0.0777642677586818	0.040725527410322	0.0172827459565224	0.00561416124685459	0.00135877789607376	0.000215768476607298	1.03612495085223e-05	
1.62942259237876e-06	1.70184137426226e-05	0.000179236485161663	0.00139985505380806	0.00626965604156404	0.019040889273674	0.0461543001639018	0.089096465257361	0.134407448706229	0.171899738369046	0.17609622573224	0.145939234486403	0.103710937535361	0.0609418533306031	0.0291257477918156	0.0115663657485232	0.00333977317351232	0.000710428250277138	9.74032616333079e-05	5.79350255068002e-06	
4.15047455262847e-06	7.09189782253473e-05	0.000463048595741072	0.00277233654574049	0.0101932045904249	0.0290258926452689	0.0637608532653859	0.109730787588637	0.151799456287834	0.177494863787741	0.166083404688412	0.128372373358645	0.0844334647349516	0.0455796092598892	0.0203295657250202	0.00751596804856416	0.00193700842817017	0.000390685974193071	4.16852009416164e-05	7.2182166132669e-07	
2.20250876580435e-05	0.000231443953914851	0.00102362497558284	0.00501558184685054	0.0169196001255069	0.0426160171492387	0.0838942810235094	0.130551360157483	0.16459853500671	0.175047453231893	0.151905043708967	0.109045306327447	0.0666560392609825	0.0328632361208549	0.0136929247836035	0.00465830603967621	0.00106984155296366	0.000173853765694229	1.55258814638668e-05	
9.01698192274746e-05	0.000560777242287202	0.00230759296337722	0.00901267101505531	0.0264039503721122	0.0595325575016709	0.105336849836536	0.149233026654163	0.171060409647596	0.167418949995806	0.13329685826436	0.0894998323236529	0.0511124566731324	0.0230854495549257	0.00876102177852604	0.00265641724413371	0.000555029365364335	7.09503557666383e-05	5.02939230750854e-06	
1.11559769315989e-05	0.000198648363427181	0.0010799705410235	0.00435766853757198	0.0151962399319557	0.0383853774651785	0.0781758682184031	0.126902116558727	0.162327381499684	0.172762538373412	0.15498764835425	0.11337117608648	0.0711922266592221	0.037611296614215	0.0159699609126957	0.00554362085944567	0.00161167879639244	0.000285197152202973	2.89695529997972e-05	1.25954578259988e-06	
3.32798157917223e-05	0.000388024663041865	0.00191583804422618	0.00787814190693344	0.0236331664845271	0.0540109823392113	0.0988403333378306	0.145334754471413	0.170503649536556	0.167210746682137	0.139428396677415	0.0939804008868621	0.0551261260045782	0.0266636085214318	0.0107927342067036	0.00322022693236552	0.000880745827655527	0.000148589880237636	1.02537810817739e-05	
3.59162698367803e-07	0.000111340436494019	0.00085750094235313	0.00383567803721895	0.0131631333138308	0.0350853469341064	0.0722292348739079	0.11972634675686	0.159895462105013	0.173128811726375	0.156548784081622	0.120918587334092	0.0756369705560216	0.0407904668163298	0.0186545513905253	0.00684797558842972	0.00196857074975393	0.000525993771759648	7.1114214276825e-05	3.77120833286193e-06	
5.02138752414749e-06	0.000267747556198293	0.00175389892807723	0.00649875146785917	0.020742275850641	0.049553921452587	0.0917289139384392	0.140373784913887	0.169567952644012	0.169391307404323	0.142667303665541	0.100645104828638	0.0587626081660673	0.0298478447846076	0.0123958331091642	0.00435174963074868	0.00112568748175264	0.000280301025008662	3.92744238495822e-05	7.17341074878213e-07	
5.39556287551594e-05	0.000646392017578421	0.00341031839557112	0.0110229019237243	0.0311940613674472	0.0663510830023995	0.11260934081279	0.158026894640252	0.172523929590235	0.159482979598319	0.125518359433398	0.0820182918544209	0.0444323706525835	0.0211507857266031	0.00815626267105816	0.00262464556888054	0.000635457488162924	0.000130855843824805	1.09345294154974e-05	1.79254580581925e-07	
2.15156753349139e-06	1.61367565011854e-05	0.000157602321828244	0.00146432100383535	0.00604769774205538	0.0179064207974821	0.0457615105725339	0.0864101794963145	0.133324750969505	0.169210387266019	0.169834521148026	0.146020971687344	0.105669219083185	0.0641683501188472	0.0325370800252235	0.0143950625828241	0.00515103197247284	0.00154016375939092	0.000315025346362031	6.40091341213689e-05	3.4066485946947e-06	
8.06198050613114e-06	5.69713289099934e-05	0.000442333997103062	0.00273247392621138	0.00984314073261904	0.0280651873828214	0.0620974944260363	0.107005592327144	0.1525599027546	0.173962311136909	0.161807711015621	0.128815936923065	0.0869439808805653	0.0488504063686063	0.0234356398659561	0.00916718845596054	0.00317462876819208	0.000806556360857831	0.000189725274577619	3.36811630033923e-05	1.07493073415082e-06	
1.07574538397656e-06	2.02598713982252e-05	0.000100582193401808	0.000997036680048939	0.00519226438666018	0.0161575163764306	0.0408053531958961	0.0814231681131856	0.126957139435248	0.166624354014897	0.173239291671866	0.148032605125425	0.110541264875766	0.0686409821698788	0.0367327604630582	0.0163663902718193	0.00574394247774283	0.00187520349516847	0.000447689370631577	8.65975034101129e-05	1.45225626836835e-05	
1.32904900616769e-05	6.82484624788811e-05	0.000340164705092108	0.00223028791332302	0.00889223585734706	0.0250364096567264	0.0565034408899168	0.102077429317492	0.146215685615972	0.173361511566947	0.16664191163225	0.132422132545339	0.0912665136584032	0.0526673384949526	0.0259870388985704	0.0112062179378152	0.00372582724769576	0.00106719043170924	0.000233661183381643	3.7895856797484e-05	5.5676377285403e-06	
1.60127583901456e-05	0.000189994077078582	0.000806395315782391	0.00419606237275255	0.0142553131771688	0.0373316771223382	0.07514319724048	0.122046005914285	0.161193062049619	0.17536795159757	0.154205022320706	0.11442663170008	0.0733294374951872	0.0392855934832032	0.0179225946857793	0.00723560776874266	0.00229396257836356	0.000639430823804243	0.0001070515869903	7.91641987827425e-06	1.07951180158285e-06	
3.95745163859185e-06	4.2092894701386e-05	0.000398263542174652	0.00177221879742758	0.0074812025544271	0.0218892046655477	0.0525299538615104	0.0961378330038155	0.141435543995799	0.170936007467351	0.170012302278071	0.138335060521128	0.0957057512385475	0.056332525233701	0.0285175763918582	0.0121155583073835	0.00461007139062872	0.00140129764839229	0.000305083544502353	3.25590339356875e-05	5.57640912710669e-06	3.59768330781077e-07	
1.54335444139722e-05	0.000179818738404652	0.000782265350005868	0.00353464059043716	0.0128708582019777	0.0330617029516474	0.0705122752310635	0.117553359685213	0.156668062864057	0.173697902365962	0.158325374290371	0.120983913580765	0.0769023009979043	0.0427796315977056	0.0201585419822916	0.00813168330797566	0.00283851595343951	0.000828565983247785	0.000151284627220681	2.33297764397254e-05	5.38379456301355e-07	
1.61941542342045e-06	6.00983057136035e-05	0.000397116648832105	0.00180276923636106	0.00644815234596615	0.0198023917326324	0.0477677168095861	0.0908846524581556	0.136952342943244	0.1681284289997	0.17020847814356	0.143034507403517	0.101530689451722	0.0603586717266801	0.031294303382365	0.0139300315372157	0.00504933729022497	0.00179827086018489	0.000477187744767894	5.95585005724634e-05	1.36750635755505e-05	
7.93258170919732e-06	0.000118447867794151	0.000832740793517783	0.00331581915444448	0.0112379442786615	0.0298119040647991	0.0652474677035753	0.110597496477213	0.153880727143708	0.172517606725675	0.160640909333476	0.126315907133987	0.0828826785588086	0.046321589747066	0.0226273287535895	0.00906856346714397	0.00316185495490688	0.0011352606141549	0.00024915518004797	2.43386029714009e-05	4.32686275047127e-06	
4.7577396937499e-05	0.000298670275071524	0.00165236480466584	0.00603002803086561	0.017857262382108	0.0427418691042696	0.0849674420455748	0.131029055679122	0.165744093302351	0.172264005709288	0.146360917067894	0.107333883880398	0.0647749073552304	0.0344834822312895	0.0159623071238559	0.00574492545454052	0.00194940695588779	0.000643289823230976	0.000103476315772812	1.08541589971481e-05	1.80902649952468e-07	
6.6748147513406e-06	0.000110224643596462	0.000672352285898552	0.00300204303451511	0.0101376004040969	0.0273337272075371	0.0586723432658786	0.106160583414889	0.148830870116223	0.171299739772425	0.164514519977089	0.131238403636872	0.0876219168444362	0.0498657370032788	0.0250489561581931	0.0104201074284374	0.00352394138791047	0.00114626413324373	0.000338791948730207	4.83473068475481e-05	6.85521515002548e-06	
6.13781340758403e-05	0.000259773926279806	0.00146134116277626	0.00545796031073222	0.0166634413058956	0.0399073406804163	0.0783313162793586	0.12608242144682	0.162872113964031	0.171702802742231	0.152254779912453	0.112007151635763	0.0691856132542109	0.0372554442404925	0.0169945221820577	0.00660085727200912	0.0021182677213115	0.000601686237866987	0.000153806383037106	2.29265383165639e-05	5.0546698650692e-06	
0.000100875100536139	0.000592053681462103	0.00259852812743092	0.00949165999740039	0.0255665953731592	0.0561722454996237	0.0988199963374023	0.144321174750203	0.170680670107146	0.166521651177156	0.135554622330312	0.0923419347735815	0.053376125105372	0.0265153275014991	0.0114663172073578	0.00418125483924793	0.00129203287371287	0.000326488228616964	6.5984608773639e-05	1.44623800051811e-05	
3.2541237431173e-06	0.000237912602552354	0.00128881378692685	0.00497248186413563	0.0155171082844025	0.037430196785902	0.0756162542034692	0.119790441662329	0.157796256781458	0.172876046991716	0.153932888759768	0.116536679488517	0.0741341816231316	0.0398131192891258	0.0189469547096481	0.00770124540739189	0.00250043252728086	0.000715545654181016	0.000155113231755258	3.41682993027317e-05	9.03923261977028e-07	
2.06673636765282e-05	0.000476618413206953	0.00244400640108137	0.0086266301156484	0.0241519899679892	0.0536136794742078	0.0948343737417156	0.138569415963871	0.168653483185015	0.16779488112912	0.137531152878121	0.0969099934498961	0.0574913482608504	0.0290371020875306	0.012901329836077	0.00497322035416247	0.00143112428826766	0.0004322017105688	9.4997355846498e-05	1.17840231488977e-05	
1.82078918829946e-07	0.000113617245349886	0.00100161613248353	0.00481362037710729	0.0143099463886831	0.0358442380397821	0.071470163455887	0.115836059054748	0.154169680072773	0.171806390387398	0.157659950867825	0.118289572485982	0.0784601731497686	0.0431170162946066	0.0203718998332885	0.00849125037963455	0.00312829790441731	0.000797141506637505	0.000284589350131206	3.0407179444601e-05	4.18781513308877e-06	
6.42326646590594e-06	0.000321530367093349	0.00186788588828545	0.0085060564979507	0.022716524183323	0.0511517742621915	0.0926570869458855	0.134002552055528	0.164326425997272	0.168238562318807	0.142564032166984	0.0986353128066536	0.0612425423582307	0.0319107878026207	0.0139146303841425	0.0053962779189571	0.00189082612566368	0.000492572776985473	0.000141862427947008	1.63334490133037e-05	
2.97096481621077e-05	0.000647891768305341	0.00380449575253524	0.0143313068646818	0.0340976340232676	0.0683595015053196	0.11289278784451	0.149555047272479	0.16910233497536	0.160020409236564	0.123893108007488	0.0805177598187158	0.0462315341158104	0.0224617857343865	0.0090655023929184	0.00350463129127173	0.00110350121744971	0.000313888891451833	6.05264881811883e-05	6.64315114183774e-06	
