# <P(U)> as a function of N_tot.
# number_of_species: 1
# species_total_upper_bound: 103
# species_total_lower_bound: 0
# volume: 729
# Bin widths for each
10	10	10	10	10	10	10	10	10	10	10	10	10	10	10	10	10	10	10	10	10	10	10	10	10	10	10	10	10	10	10	10	10	10	10	10	10	10	10	10	10	10	10	10	10	10	10	10	10	10	10	10	10	10	10	10	10	10	10	10	10	10	10	10	10	10	10	10	10	10	10	10	10	10	10	10	10	10	10	10	10	10	10	10	10	10	10	10	10	10	10	10	10	10	10	10	10	10	10	10	10	10	10	10	
# Bin lower bound for each
0	0	0	0	-10	-10	-10	-10	-10	-20	-20	-20	-20	-20	-20	-30	-30	-30	-40	-40	-40	-50	-50	-50	-50	-60	-60	-60	-70	-70	-70	-70	-70	-80	-90	-90	-90	-100	-100	-100	-110	-110	-110	-120	-130	-130	-140	-140	-140	-150	-150	-150	-160	-160	-170	-170	-170	-170	-180	-180	-180	-200	-200	-210	-220	-220	-220	-220	-230	-230	-230	-230	-250	-260	-260	-260	-260	-270	-270	-270	-270	-280	-280	-290	-290	-290	-310	-310	-320	-320	-320	-330	-330	-340	-340	-340	-350	-350	-350	-360	-360	-370	-370	-370	
# Bin upper bound for each
0	0	0	0	0	0	0	0	0	0	0	0	0	0	0	0	0	0	0	0	0	0	0	0	0	0	0	0	0	0	0	0	0	0	0	0	-10	-10	-10	-10	-10	-10	-10	-10	-10	-10	-20	-20	-20	-20	-20	-20	-20	-30	-30	-30	-30	-30	-30	-30	-40	-40	-40	-40	-50	-50	-50	-50	-60	-60	-60	-60	-70	-70	-70	-70	-80	-80	-80	-90	-90	-90	-100	-100	-100	-100	-110	-110	-120	-120	-120	-120	-130	-140	-140	-140	-150	-150	-160	-160	-170	-170	-180	-180	
# Normalized histogram for each
1	
1	
1	
1	
1.2342729885243e-05	0.999987657270115	
9.67359503860506e-05	0.999903264049614	
0.000428696735332854	0.999571303264667	
0.00141918009465629	0.998580819905344	
0.00390355568818726	0.996096444311813	
2.46296599079722e-06	0.00951064844400229	0.990486888590007	
3.21662777069909e-06	0.0206371269232123	0.979359656449017	
1.07831376698321e-05	0.0407468287643413	0.959242388097989	
3.93279682169512e-05	0.0740377363199648	0.925922935711818	
0.000155968370748728	0.124431188078194	0.875412843551058	
0.000449792630282936	0.193234997837063	0.806315209532654	
1.32191376099006e-06	0.00103600269897021	0.279784369427307	0.719178305959961	
1.00172845409674e-05	0.00242834097702545	0.380211326902741	0.617350314835693	
2.78032956551393e-05	0.00503769237941928	0.487349405907879	0.507585098417047	
1.13418998703054e-06	9.22474522784837e-05	0.00997028611265645	0.592323915586776	0.397612416658302	
5.09984456807055e-06	0.000251214565760512	0.0187279514358801	0.684793151248735	0.296222582905057	
1.49047829637199e-05	0.000562419721706949	0.0331578593863908	0.75718146403457	0.209083352074368	
1.31969248902676e-06	2.62053222821027e-05	0.00125333080957855	0.0553752394770549	0.803255719075929	0.140088185622667	
1.13027513534103e-06	7.25259878510493e-05	0.0024980964282929	0.0879602715825095	0.820756636316268	0.0887113394099436	
4.71641160312717e-06	0.000139039814060189	0.00494430861179027	0.133711212230976	0.807862258142413	0.0533384647891575	
1.47163924763764e-05	0.000353004747734619	0.00928359092051412	0.192582108036433	0.767344211891902	0.0304223680109399	
1.13148347100658e-06	2.54583780976482e-05	0.000781666497887049	0.0163689827944738	0.262856245213589	0.703699366350398	0.0162671492820832	
3.01563834655565e-06	7.80296422171275e-05	0.00152346279720058	0.0279858777656231	0.341591721771175	0.620456846592216	0.0083610457932222	
5.84667711650183e-06	0.000180115375685782	0.00317512287923575	0.0456778250813773	0.421831530073515	0.525061027049935	0.00406853286313476	
5.66371253713744e-07	1.94454130441719e-05	0.000359834536526132	0.00586194247593725	0.0710029434314055	0.495251637804073	0.42575033335668	0.00175329661107985	
3.20928623963778e-06	3.07713915918211e-05	0.00085461404746119	0.0105145656287709	0.105806580471531	0.552597369744511	0.32946343754578	0.000729451884115317	
5.67790601854253e-06	8.40330090744294e-05	0.0016891770405164	0.0181293646536723	0.149574403091203	0.587975936277239	0.242225337920577	0.000316070101698867	
1.00199813552724e-05	0.000241046721282497	0.00314173679550787	0.0292591017824034	0.203441920312412	0.594820501486833	0.168963731637675	0.000121941282531146	
3.34458904070762e-05	0.000507735070756009	0.00580975901952522	0.0453843726439071	0.262138307260026	0.574337554066132	0.111746310086865	4.25159623818765e-05	
3.21546388457166e-06	7.67928433609466e-05	0.00105996821230233	0.0102972393729391	0.0680450792905022	0.323152039805173	0.527698100474167	0.0696565941314758	1.09704061944209e-05	
3.78618719401692e-07	1.11692522223499e-05	0.000217895073015673	0.00217970796759554	0.0173352473771661	0.0979568030116847	0.37982821690082	0.461605316866953	0.0408620466727082	3.21825911491438e-06	
1.5161542444359e-06	4.75693394191765e-05	0.000435325787433659	0.0042145297609707	0.0276057574441278	0.135503442807251	0.425891707166937	0.383795874089455	0.022503898411601	3.79038561108976e-07	
8.72003199872612e-06	0.000122459579808197	0.000973420963336057	0.00778149116338497	0.0419666705211736	0.178430621719325	0.455016767105006	0.303853306313872	0.0118465426020955	
9.47880955251678e-07	2.55927857917953e-05	0.000262373448413664	0.00193178138680292	0.013242276097248	0.0621698056692381	0.225599838026102	0.463340704055641	0.227611620565529	0.00581506008427799	
2.65426140720977e-06	6.19959628683996e-05	0.000611048893959792	0.0038428017473382	0.0209263865245423	0.0880130331818698	0.27343063476472	0.448176588769782	0.16229784718545	0.00263700870806291	
1.25409242661184e-05	0.000158851707370833	0.00125067217453926	0.00704628931152226	0.0322807190889969	0.119834991838899	0.314991724890124	0.413064032819219	0.110167839369762	0.00119233787530141	
3.61039573547657e-06	3.24935616192891e-05	0.000353438740420337	0.00240984414301652	0.0120275583406697	0.048236027150936	0.155795606756457	0.348630073342339	0.361366789413788	0.0706453734393827	0.000499184715636681	
1.57648866590121e-05	6.70482528991722e-05	0.000783305934720074	0.00444341877711964	0.0195222479588745	0.0689286429946447	0.194889517584971	0.367660709248955	0.301083123688831	0.0424373654405194	0.000168855231805564	
2.71356104981035e-05	0.000208735465370027	0.00153230807532997	0.00792113139176459	0.0303721487684228	0.0948196032204467	0.233343479142014	0.369587204743684	0.238017066211649	0.0241165366307971	5.46507400241526e-05	
1.89809651289301e-07	6.22575656228907e-05	0.000487241374859636	0.00298855295955004	0.0132445378476648	0.0449283240794801	0.125146248336318	0.267090461002089	0.35503781387873	0.178045059292739	0.0129505226978177	1.87911554776408e-05	
3.78422213989437e-07	8.51449981476233e-06	0.000145881763492928	0.0010101981002448	0.00566195316570995	0.0211982663721533	0.06315658619266	0.158390131354135	0.292044883901957	0.325153800248321	0.126726787865211	0.00649713099198464	5.48712210284683e-06	
7.58818178627696e-07	2.37130680821155e-05	0.000349815180347368	0.00213076144558657	0.00950647414184778	0.0321697172738319	0.0863669777505025	0.191516602467487	0.306898890323266	0.282600204311795	0.0853736847546788	0.00306183135076275	5.69113633970772e-07	
9.46877340562426e-06	9.65814887373675e-06	6.02213988597703e-05	0.000836850193589072	0.00391950406352411	0.0156081367063629	0.0464621348485896	0.112758698725408	0.222046334495783	0.308617057237788	0.233865257460683	0.0544301076694224	0.00137657027770966	
4.73571669957674e-06	2.63305848496467e-05	0.000215759252832716	0.00175354117951928	0.00706966731779614	0.0243629892753065	0.0655644822762961	0.141548488435001	0.24626010980801	0.296111105217775	0.183864579718403	0.0326669737936804	0.000551237423830733	
1.11484531804647e-05	6.78355032506244e-05	0.000515096328304184	0.00317787602693315	0.0116832010194599	0.0367214931217823	0.0880655997659959	0.170460227042973	0.261645126217496	0.27148939933268	0.13758967418929	0.0183773747622451	0.000195948236409185	
5.47398065986006e-06	2.18959226394402e-05	0.000170637190224603	0.00117577329414718	0.00558478157873377	0.018987917603378	0.052243105143843	0.113223438452638	0.19634073830786	0.267982687120479	0.237406541218131	0.0970544321311339	0.00972386598940313	7.87120667297118e-05	
7.54392023209625e-06	3.88511891952957e-05	0.000412086642678258	0.00234615919218193	0.00962679660817803	0.0289684650932438	0.0718211381776491	0.139091406475286	0.217311297793799	0.262112376876149	0.197798005123453	0.0656085312685121	0.00483791604484332	1.94255945976478e-05	
1.50394795738488e-05	0.000116179979707982	0.000868905932379116	0.00442499087761567	0.0157916415460359	0.0426177492554048	0.0946592364117832	0.163812643427287	0.231459094589491	0.245705993589798	0.156629224002333	0.0416787217495126	0.00221512734773326	5.4518113455202e-06	
2.06681680524987e-06	4.97914957628377e-05	0.000277329236777164	0.0017421386743888	0.00811188017573204	0.0249154765872871	0.0598029684750312	0.118353821750955	0.185891758173415	0.237105975468012	0.219861583399628	0.118030083082278	0.0248927416024294	0.000961821384188551	5.6367731052269e-07	
1.14478810816634e-05	0.000112789779181634	0.000630571810399818	0.00335591818856237	0.0134700272891211	0.036919604158546	0.079811248838087	0.141920883130834	0.203613138939555	0.232183296715753	0.188349735394427	0.0848177262744072	0.0144235794821692	0.00038003211787489	
5.63127429542904e-07	3.26613909134884e-05	0.000226001808389885	0.0013926141332596	0.00638173544986655	0.0216102028178521	0.0517273840046657	0.102309742235927	0.164937959312542	0.213112572364221	0.218085550694514	0.154556705148918	0.0578667869506856	0.00760184488054284	0.000157675680272013	
4.51120866182138e-06	8.10137888852089e-05	0.000552247127017967	0.00280691162279078	0.0109148693572768	0.0327697956535256	0.0701150846923036	0.125488103378858	0.183256009963756	0.215724682439105	0.196645277272042	0.120598517090526	0.0371278111878727	0.00385088049394727	6.42847234309546e-05	
1.29876950060054e-05	0.000177874953343117	0.00111148317406466	0.00498821601962535	0.0180828242251005	0.0470800179418419	0.0910484476786942	0.148120520539287	0.196016504536941	0.20902979847803	0.170260023065393	0.0895923200183108	0.0226303997518409	0.0018327708155576	1.58111069638327e-05	
4.88225932110959e-05	0.000373049853145787	0.00214593205063751	0.00880635168742381	0.0281804385022887	0.0646213204682973	0.113189621485409	0.167562155968015	0.201535329178323	0.194781222943754	0.141282028516542	0.0634855825374214	0.0131387441961907	0.000840163312516812	9.23670682372084e-06	
2.25817275059178e-06	0.000102370498026827	0.000804285861335773	0.00402274657411671	0.0148949074629034	0.0410592260376351	0.0844599890365713	0.135390252710231	0.181838984379278	0.19933286049705	0.175156863029215	0.112657603992148	0.0426431460411127	0.00729145163059832	0.000341924990652106	1.12908637529589e-06	
2.87929054281025e-05	0.000314463692616727	0.00170405071014032	0.00732845309268737	0.023367418738611	0.0574269794040395	0.105833122718562	0.156569797672442	0.189393521671554	0.191058617274351	0.150565441851598	0.0852495827381075	0.027129315336701	0.00391018947049094	0.000119876344821577	3.76377848733366e-07	
9.43826854304218e-05	0.000747337551102761	0.00331658119162191	0.0126193983358128	0.035590373116797	0.0767355723066507	0.128137776867652	0.172488784756047	0.190934665516994	0.175910486782939	0.123554470772169	0.0612473924663778	0.0166916061766591	0.00187992977626782	5.12416974791911e-05	
1.881999390985e-06	7.52799756393999e-06	0.000248612119549118	0.00146381912630813	0.00608977362934925	0.0202649930422483	0.051364468378458	0.098330515980245	0.149121350944331	0.182177541047348	0.185352097620061	0.154499540603949	0.0979706776966887	0.0423965530804754	0.0098101100254484	0.000881528514737373	1.90081938489485e-05	
9.18948722661276e-06	4.5009733354838e-05	0.000582313425278216	0.00289150028693705	0.0105797253656103	0.0312395680565922	0.0705540698175981	0.120031581829571	0.164856212655987	0.186616168246383	0.173804897809151	0.13049465696957	0.074614697928427	0.0277933228060568	0.00549381303706927	0.000389521734074994	3.75081111290317e-06	
2.43512453601512e-06	3.80254062162361e-05	0.000114263535920709	0.00117897490997532	0.00542470819715368	0.0174338058224202	0.0456216835476992	0.0917693539951777	0.140326299195135	0.176568070347376	0.18329482090221	0.156680595579013	0.106455215437341	0.0543512303747694	0.0176790041314697	0.00288618452699392	0.000174205062961081	1.12390363200698e-06	
1.68495024903565e-06	1.32923852979479e-05	9.15489635309368e-05	0.000335305099558094	0.00234975673062738	0.00956190544658296	0.0273596604937578	0.062707295684805	0.113717853957499	0.158727555526599	0.182361042152962	0.173230858403521	0.135721244826267	0.0836581542980085	0.0381525157056085	0.0105520945429329	0.00138970952206573	6.85213101274496e-05	
1.12463358032161e-06	2.04308433758426e-05	0.00014882651046256	0.000819295563264294	0.00424774103287473	0.0153746782376467	0.0401503560121318	0.0832050782454442	0.134428389050492	0.17218721175407	0.181840878968621	0.15840688905546	0.113459783384326	0.063705993790898	0.0253533645569103	0.00599542161669451	0.000630919438560424	2.36173051867538e-05	
2.06445684703388e-06	6.47488738387899e-05	0.000293528228069181	0.00173620820835549	0.00757505520545287	0.0241156711417835	0.0566102219140968	0.104091978684295	0.153109128315002	0.180804942985332	0.173802680715984	0.139585059187978	0.0920708341419123	0.0461338541269806	0.0164135580012905	0.00331758215318345	0.000262749053258858	1.01346063399845e-05	
7.88331048737441e-06	0.000118249657310616	0.000679653982732922	0.00351351640507528	0.0130793505878979	0.0359407633034149	0.0754284532325421	0.125531583826525	0.168864452294804	0.181543443328664	0.1608612028693	0.119235634215144	0.0711986817603282	0.0319855938131779	0.0101951851367313	0.00170673672051656	0.000107550878792037	2.06467655621711e-06	
1.87388948624322e-07	3.6728233930367e-05	0.000244917355851988	0.00128473863176835	0.0064203201577665	0.020826969916953	0.0505918305164402	0.0968317400900292	0.145703152669149	0.178723521473087	0.175962157926159	0.143382715318334	0.0979289023842246	0.0536528289922185	0.0215115017462776	0.00597714529426998	0.000873232500589338	4.74094040019533e-05	
8.81311691818427e-06	8.73811166781675e-05	0.00055503885271969	0.00268406288440191	0.0110923389637275	0.0312481248687408	0.0686892457472023	0.118200774054184	0.163119730881162	0.181691405898413	0.164079985598992	0.123992491974438	0.0778179472563079	0.0389659776184333	0.0140098556898983	0.00332535777504425	0.000414216495154661	1.72512075845309e-05	
1.82042672679205e-05	0.000209630582868734	0.00122738049414639	0.0048648558362787	0.0177953281093968	0.0445169403844028	0.089759236366646	0.138603725193636	0.176193472700449	0.177628794721738	0.148018334136886	0.103895319082332	0.0593817568093812	0.0271746545552613	0.00872003169419233	0.00180710195384336	0.000180728962670179	4.50414860237207e-06	
5.81457616710267e-05	0.000519935649522858	0.00240517129647605	0.00893831653764872	0.02704153051649	0.0607756382013153	0.111170194707648	0.156360330410477	0.180609738964919	0.16892825544521	0.130124400043591	0.0849299503003791	0.0440124026785314	0.0179289642608014	0.00515996743087078	0.000953965625351102	8.2341901205099e-05	7.50267892529376e-07	
1.31126315103279e-06	3.37181953122717e-06	0.000132624901561602	0.00103833309231068	0.00449744528473517	0.0153627590775001	0.0401922761355352	0.0791521522324068	0.132648129651706	0.169419320226197	0.17948420152691	0.154517938454553	0.110253628265139	0.0670160371229837	0.0313105288436682	0.0115095186465367	0.00299305180388598	0.000443581591663663	2.37900600258806e-05	
2.06440609194977e-06	3.75346562172686e-06	4.03497554335637e-05	0.000310599280197898	0.00208692688568013	0.00803860964877133	0.0243048159403679	0.0555833833326233	0.100134955856429	0.151468853085414	0.17767010753116	0.171645607535007	0.137085009803114	0.0907612384860096	0.0503279684423624	0.0216066371781896	0.00710662413489655	0.00162224784171035	0.000188986994053947	1.12603968651806e-05	
1.07216578617403e-05	1.24145512083308e-05	0.000113800052743033	0.000806945828541505	0.00405410336656295	0.0134186250621198	0.0360465899296923	0.0744472421074491	0.122438323192902	0.166773883245284	0.178475350156179	0.158798286490974	0.117277819974712	0.0716827472724667	0.0362830307004327	0.0141881391377756	0.00424558841398842	0.000841367993255513	8.27636747222056e-05	2.25719112878743e-06	
2.15950396757214e-05	3.02330555460099e-05	0.000261581654506781	0.00167427281520636	0.00727339714573666	0.0210619238701616	0.0506328567214185	0.0947534006084543	0.14251505596777	0.176613435832781	0.173020209013694	0.142595802637862	0.0970710178230435	0.0551127946478854	0.0252928616000197	0.0091793941258112	0.00245225759239344	0.000404108916366543	3.15475362219234e-05	2.2533954444231e-06	
2.72979663391601e-05	8.99891580008174e-05	0.000635948484784019	0.0033412710799132	0.0118962654687691	0.032032939797065	0.0687752494422272	0.114877184566822	0.159006512165198	0.179513685788359	0.16171635304441	0.124185602826639	0.0780674771840773	0.0411653332394534	0.0174464126801125	0.00561829799627279	0.00137167574308359	0.000221772443776073	1.07309246988422e-05	
1.68776149754703e-06	1.76277311966023e-05	0.000183403416066777	0.00142090765187931	0.00624865565108494	0.0188883015062146	0.0461413365233276	0.088718870880057	0.134038830141245	0.171619652819959	0.17639789314857	0.145761833974151	0.104125320416832	0.0612137968126437	0.0294274344131194	0.0116309270667624	0.00335095668885198	0.00070567183502994	0.000100890631742256	6.00092976905609e-06	
4.3014774639985e-06	7.34991584065831e-05	0.000469796147372358	0.00280699457639798	0.0101129605386198	0.0288466429773705	0.0637125490929493	0.109428464559566	0.15115317000187	0.17734954179914	0.16633607630447	0.128516925378717	0.0848771273611371	0.0458746960912661	0.0205202917523845	0.00754778380400224	0.00194071441930054	0.000384514681129605	4.32017953992893e-05	7.48083037217131e-07	
2.28356741147152e-05	0.000238277156951086	0.00102423613734198	0.00505716592812603	0.016790397336986	0.0424258748402907	0.0838190905486888	0.130233721252788	0.163978296376353	0.17500511930891	0.152053582224711	0.109370150928832	0.0671331383441291	0.0330643715191975	0.0138444081985311	0.00468561827962021	0.00106560239946782	0.000172016266487076	1.60972784743074e-05	
9.34975438269737e-05	0.000567876516192117	0.00233538984471399	0.00902437548017601	0.0261688822666636	0.0593485903196517	0.105072986752963	0.148780108490676	0.170646799990687	0.167479244755896	0.133649337648127	0.0898703233767141	0.0515441529113217	0.0232484808977254	0.00886941540753847	0.00266151374758457	0.000561171513049147	7.26375340488441e-05	5.2150024445324e-06	
1.15716049984108e-05	0.000204369475375158	0.00109127700686625	0.00438619821076857	0.0151444313610652	0.0381079082028308	0.0779103099827676	0.126418291497315	0.162049876230486	0.172587688969442	0.15507593119225	0.113758955629054	0.0716131171981486	0.0380114159482473	0.0161067409638363	0.00558628563237795	0.00161199923179474	0.00029227634560502	3.00488452378086e-05	1.30647153207864e-06	
3.45353373038393e-05	0.000391089360278612	0.00193845914898955	0.00788768436269795	0.023529578676352	0.0537257841948375	0.0984852614381037	0.144900754774464	0.170492186426604	0.167117617278272	0.139516602350046	0.0943001385893752	0.0555197549596478	0.0269616444943579	0.0109094330380344	0.00324781512655241	0.000878317632511156	0.000152702194132652	1.06406174395613e-05	
3.73015534045408e-07	0.000115634815554076	0.000870245240927936	0.00388085361620842	0.0132028848275372	0.0350371626051181	0.0720574622969886	0.119306220947918	0.159467870959752	0.173053656232987	0.156604790228187	0.121062564589971	0.0758452485374527	0.0411443594362765	0.0188473558887123	0.00693230719246688	0.00197306566733318	0.000520170162226321	7.38570757409907e-05	3.91666310747678e-06	
5.21501118619899e-06	0.000278071846464111	0.00178018131848893	0.00649734518680543	0.0208255884208872	0.0494332772843798	0.0915981327279947	0.140022491598244	0.169325825703896	0.169066565147782	0.142670599778437	0.100996700387922	0.0590154878382214	0.0301565471857937	0.0124921867957407	0.00440761570433569	0.00111675739544461	0.000269876828885798	4.07888374920564e-05	7.45001598028428e-07	
5.08124785024129e-05	0.000670426914160042	0.00343123824612448	0.0110261217087287	0.031120130377747	0.0661937693850536	0.1126821618048	0.157693642074668	0.172369514299711	0.159191214243277	0.125651814284672	0.0823082117432291	0.0447058608936742	0.0213371461925261	0.0081748529974523	0.00263871248252274	0.000616822541234419	0.000126007501634189	1.13537039877186e-05	1.86126294880633e-07	
2.23405817971546e-06	1.47075496831268e-05	0.000151915956220651	0.00149719132343931	0.00608911174032946	0.0180059504139617	0.0457825542769089	0.0862577310048738	0.133377182930827	0.168943947666442	0.169369349578163	0.145943201677182	0.105831990260996	0.064374386448501	0.0327162926698131	0.0145239845693602	0.00518860012238915	0.0015530427779322	0.000307369171225852	6.57185447866298e-05	3.53725878454948e-06	
8.37219738366971e-06	4.72564030100468e-05	0.000445028803149732	0.00276729030854896	0.00993017029235527	0.0281151411561781	0.0620865413578179	0.106892867315741	0.152656786605526	0.173709514146502	0.161253544927909	0.128751372342688	0.0871860170163982	0.0490580998870125	0.023618154868163	0.00924290591157136	0.00319259793563938	0.000811917097385214	0.000190327953855425	3.49771801806646e-05	1.1162929844893e-06	
1.11692220916044e-06	2.10353682725216e-05	9.7916847003065e-05	0.000997597686481797	0.00527112821243116	0.0162618289042714	0.041001283529772	0.0814710982416852	0.126763038437947	0.166575916737172	0.172883176452301	0.147518803850775	0.110598754073276	0.068917637225528	0.0369405266846677	0.0164772087369378	0.00577225397694114	0.00188275853724144	0.000446024268858068	8.58168564038269e-05	1.50784498236659e-05	
1.38035982996205e-05	7.0883342619673e-05	0.000336322807219133	0.00225632871665149	0.00898688863350159	0.0252180548827338	0.0567350274327863	0.101962144191269	0.145991892064815	0.173416470789254	0.166322540473922	0.132104726034948	0.0913223679289435	0.0527722755101222	0.0261134234210875	0.0112876127068465	0.00375289992148737	0.00105597526992097	0.000236153451990805	3.84262331043491e-05	5.78258847686806e-06	
1.64436189415541e-05	0.000192465085338645	0.000823302102914632	0.0042228334597748	0.0143502341347106	0.0376200103893774	0.075304487239378	0.12177415436821	0.160966959537486	0.175257959272146	0.154040271917662	0.114290439156741	0.073306400678673	0.039402835029393	0.0180603256583988	0.00731404696148082	0.00230490954140989	0.000635508500229837	0.000107070382426256	8.22180947077707e-06	1.12115583692415e-06	
4.10894916053235e-06	3.7167312861179e-05	0.000404544721896048	0.00180606992647035	0.0075470189853996	0.0220243410412862	0.052798689319926	0.0963344998390973	0.140970201340377	0.17094498546646	0.169777110052787	0.138186575054532	0.0955676205094088	0.0563010081680306	0.0286838270080108	0.0121972288126239	0.0046685133280303	0.00140395321998735	0.000306490253292436	2.98832666220534e-05	5.78988290802285e-06	3.73540832775668e-07	
1.60135944244388e-05	0.0001850873588127	0.000787645400178794	0.0035937485161822	0.0130313417697666	0.0333071591753148	0.0708186317053901	0.11776211135146	0.156324336362199	0.173581405014154	0.15784413819583	0.121007657291204	0.0767654475790331	0.0427181251730539	0.0202108320049188	0.00816432629225517	0.00287425399460044	0.000832520705484489	0.000150639510341523	2.40203916366582e-05	5.58613758992052e-07	
1.67961337539583e-06	6.2332318598023e-05	0.000405906565720659	0.00182592636276364	0.00653015017983061	0.0201079580828221	0.0480871443138742	0.0914232222598787	0.13700345029912	0.168013778801637	0.169894759158372	0.142441291913819	0.101472162461164	0.0601508740708006	0.0311764236029722	0.0139641189793325	0.00508176357911427	0.00180054553842433	0.000482608909863735	5.97195866807406e-05	1.41834018366759e-05	
8.22468339642039e-06	0.000122809477078368	0.00085723631945418	0.00336912939857003	0.0113162297303612	0.0302124398336371	0.0655396981167344	0.111030235057713	0.153889994859573	0.17243235665218	0.160056451236039	0.12597242861816	0.0827500350483667	0.0461475769895789	0.022531333239871	0.00913631478106454	0.00319099023318847	0.00115089490163092	0.000255899808402262	2.52348240571989e-05	4.48619094350203e-06	
4.9314333876791e-05	0.000309574012283582	0.00168981283991498	0.00612810288882618	0.0179528551217998	0.0431635426442421	0.0854484276134019	0.131377323094203	0.165636159594685	0.17198027051631	0.145681105016093	0.106991478745616	0.0647414700734184	0.0343636528983422	0.015949718130143	0.00579640305373856	0.00196526058312794	0.000657024433096106	0.000107066481534782	1.12504183749333e-05	1.87506972915555e-07	
6.91572368282099e-06	0.00011420289649199	0.000692320014085647	0.00305992736247196	0.0102846156736092	0.0275929898486522	0.0590881300574734	0.106653356079211	0.149070853832068	0.171075565122099	0.164282642262511	0.130536714362108	0.087198490802181	0.0498289106034305	0.0249966028843801	0.0104133976632704	0.0035401028798008	0.00116090702145949	0.000346160007042823	5.00922688377304e-05	7.10263513370804e-06	
6.35476127685097e-05	0.000268955925805545	0.00150850818427836	0.0055675184974952	0.0168556304773603	0.0402873174478008	0.0787741815020749	0.126671699388392	0.163030466033894	0.171456505677512	0.151902344514411	0.111158792587881	0.0688428110548175	0.0372117998945483	0.0168748816659343	0.00661250291805031	0.00211370574352669	0.000612299939498935	0.000157560698717217	2.37369024164727e-05	5.23333281623021e-06	
0.000104387961037474	0.000612671276698437	0.0026661957360324	0.00964821631280769	0.0259076701579887	0.0566521695859128	0.0992441413659932	0.144600336286378	0.170479758089319	0.166323882543714	0.135084569214456	0.091660674024459	0.0531895947277719	0.0264995760875991	0.0114439511479308	0.00417888579508082	0.00129100594824303	0.000329439425424717	6.79082972340558e-05	1.49660159193511e-05	
3.36475453274495e-06	0.000246000942505131	0.00132646100913101	0.00508563954543662	0.0157754646959673	0.0377643224982629	0.0761686960809769	0.120127344743216	0.157704362572489	0.172518068264514	0.153751523719744	0.115981967158874	0.0737569148042283	0.03973831182414	0.0189714207096529	0.00767388350434698	0.00249403083199351	0.000717066577089424	0.000158891186268512	3.5329922593822e-05	9.34654036873597e-07	
2.13805936978262e-05	0.000488002673699507	0.00251353260296725	0.00877467067321488	0.0245188522447185	0.0541660461918349	0.0953265022961632	0.138975922075613	0.168303532411667	0.167348345010763	0.137255346930141	0.0961772248664557	0.0572471022731322	0.0289980866244131	0.012932821049307	0.00497642695770281	0.00142706085479614	0.000438864818008011	9.80881623154658e-05	1.21906893891114e-05	
1.88362192618801e-07	0.000117538008194132	0.00102902265827651	0.00495091187079258	0.0145438216164829	0.0363834760396698	0.0720766046433918	0.116279937109631	0.154214387443324	0.171645236386075	0.15722347347041	0.117911342059903	0.0776845238420387	0.0429224695564315	0.0202988516875651	0.00845294175596133	0.00315431327759445	0.000788484138302303	0.000286687257165816	3.14564861673398e-05	4.33233043023243e-06	
6.6422409326769e-06	0.00033249160325857	0.00192833743191229	0.00868881025319084	0.0230054963594826	0.0518616683107794	0.0933221566559239	0.134591158683895	0.164404192886122	0.167752831207753	0.142050964586228	0.0979616670582426	0.060579135089137	0.0317645245882475	0.013824780720649	0.00536579200372876	0.00190651292599063	0.000494372503703524	0.000141574621022199	1.68902698002356e-05	
3.06949469444515e-05	0.000669378625602293	0.0039218990906479	0.0145591280957332	0.0345985434580393	0.0692049036416981	0.113662244624238	0.149841101220305	0.16875452678973	0.159266165798851	0.123576521835451	0.0797435656432412	0.0457911412857904	0.0223762350188164	0.0090090622541187	0.00349636417400184	0.0011132161193084	0.000317054017196415	6.1389893888903e-05	6.8634663975171e-06	
