# <P(U)> as a function of N_tot.
# number_of_species: 1
# species_total_upper_bound: 103
# species_total_lower_bound: 0
# volume: 729
# Bin widths for each
10	10	10	10	10	10	10	10	10	10	10	10	10	10	10	10	10	10	10	10	10	10	10	10	10	10	10	10	10	10	10	10	10	10	10	10	10	10	10	10	10	10	10	10	10	10	10	10	10	10	10	10	10	10	10	10	10	10	10	10	10	10	10	10	10	10	10	10	10	10	10	10	10	10	10	10	10	10	10	10	10	10	10	10	10	10	10	10	10	10	10	10	10	10	10	10	10	10	10	10	10	10	10	10	
# Bin lower bound for each
0	0	0	0	-10	-10	-10	-10	-10	-20	-20	-20	-20	-20	-20	-30	-30	-30	-40	-40	-40	-50	-50	-50	-50	-60	-60	-60	-60	-70	-70	-70	-70	-80	-90	-90	-90	-100	-100	-100	-110	-110	-110	-110	-120	-120	-130	-140	-140	-150	-150	-150	-160	-160	-170	-170	-170	-170	-180	-180	-180	-200	-200	-200	-200	-210	-210	-220	-220	-230	-230	-230	-250	-250	-250	-260	-260	-270	-270	-270	-270	-280	-280	-290	-290	-290	-310	-310	-320	-320	-320	-330	-330	-330	-340	-340	-350	-350	-350	-360	-360	-370	-370	-370	
# Bin upper bound for each
0	0	0	0	0	0	0	0	0	0	0	0	0	0	0	0	0	0	0	0	0	0	0	0	0	0	0	0	0	0	0	0	0	0	0	-10	-10	-10	-10	-10	-10	-10	-10	-10	-10	-10	-20	-20	-20	-20	-20	-20	-20	-30	-30	-30	-30	-30	-30	-30	-40	-40	-40	-40	-50	-50	-50	-50	-60	-60	-60	-60	-70	-70	-70	-70	-80	-80	-80	-90	-90	-90	-100	-100	-100	-100	-110	-110	-120	-130	-130	-130	-140	-140	-140	-140	-150	-150	-160	-160	-170	-170	-180	-180	
# Normalized histogram for each
1	
1	
1	
1	
1.3953372480295e-05	0.99998604662752	
0.000104556568599931	0.9998954434314	
0.000438603351155893	0.999561396648844	
0.00142756171992583	0.998572438280074	
0.00389993799400653	0.996100062005993	
2.31953134863186e-06	0.00950974716776938	0.990487933300882	
2.98102873314228e-06	0.0206323623129073	0.979364656658359	
8.93585545095456e-06	0.0407796037444544	0.959211460400095	
4.33151497877558e-05	0.0738605966380831	0.926096088212129	
0.000182456720241292	0.124318142379044	0.875499400900715	
0.000451916900107549	0.193232932296972	0.80631515080292	
3.30104362494203e-07	0.00103487717641932	0.279626453903402	0.719338338815817	
1.35586987485321e-05	0.00248851727030986	0.379836363041104	0.617661560989838	
3.34361245876349e-05	0.00517366094114414	0.486649220292748	0.50814368264152	
1.98597110014855e-06	9.59886031738466e-05	0.0100698664633032	0.591755174778697	0.398076984183726	
5.62669835270131e-06	0.000262137946784673	0.019014599627314	0.683737186849413	0.296980448878136	
1.85412413493521e-05	0.000579413792167253	0.0333431116308545	0.756708452885712	0.209350480449916	
2.31770888516878e-06	2.8474709160645e-05	0.00130487010235002	0.0559117469432731	0.802173282511496	0.140579308024835	
1.9856957100037e-06	9.72990897901815e-05	0.00263667295359992	0.089036609940856	0.818926724849757	0.0893007074702866	
8.2714381615703e-06	0.000145577311643637	0.00507767045862478	0.135187723597652	0.80608308031004	0.0534976768838779	
2.44752538646095e-05	0.000325454727064537	0.00949342177940387	0.19387179332831	0.765654074699798	0.0306307802115588	
1.98074909950194e-06	3.66438583407859e-05	0.000699534556974102	0.0166003280780758	0.263943400754731	0.702181167895887	0.0165369441068918	
4.60498443515261e-06	9.93360928154349e-05	0.00141307236667254	0.0281930304218429	0.342599329514266	0.619175352544451	0.00851527407551648	
2.30201745521178e-06	0.00019600034332946	0.00305609260161187	0.0455812610517392	0.423139747915934	0.523912864035285	0.00411173203464471	
1.18393907712607e-05	0.000398921694598311	0.00566251750832128	0.0705071896344818	0.496535827147526	0.425105493904851	0.00177821071945018	
3.29720041307327e-07	2.37398429741275e-05	0.000868482588803499	0.0101533989520178	0.105159591094394	0.553614127316778	0.329423622990192	0.000756707494800315	
4.96216350328743e-06	6.94702890460241e-05	0.00170235289252781	0.0177552826365629	0.149234420874168	0.588910557002853	0.242001405946326	0.000321548195013026	
2.64283621253821e-06	0.000229596395964257	0.00315587679229719	0.0290150380684039	0.203856162317715	0.59492852944995	0.168695869346106	0.000116284793351681	
2.77295902787979e-05	0.000467111550529751	0.00557760901607821	0.0449001487164336	0.262358236596127	0.574956218608206	0.111675973135309	3.69727870383972e-05	
2.97419980806497e-06	7.36940619109432e-05	0.000971902403946565	0.0099288703592569	0.0668348962202547	0.324058566620754	0.528606845153905	0.0695136588473852	8.59213277885437e-06	
6.6126566910332e-07	1.28946805475147e-05	0.000194742739550928	0.00208166432633725	0.0169948583287899	0.0966786939870782	0.381440851604379	0.461798186346649	0.0407961241896602	1.32253133820664e-06	
9.94234434514252e-07	4.27520806841128e-05	0.000384768726157015	0.00399085702014021	0.0268675285353568	0.134404587795375	0.427974840566223	0.383689650384089	0.0226440206575403	
7.9636327438033e-06	0.000121113581312008	0.000922454126157215	0.00763380562099744	0.0408700268772605	0.177806019179082	0.456420015263629	0.30428244350798	0.0119361582108372	
1.6572732419314e-06	2.22074614418808e-05	0.000255882988554208	0.00181935456499229	0.0127255383154944	0.0607105592170246	0.224966887680626	0.465377904702811	0.228176694495599	0.00594331330021439	
1.98979368492546e-06	6.33417656367937e-05	0.000544540205107933	0.00360683268620821	0.0201413549433771	0.0861355155621764	0.273476249159312	0.45043125461798	0.162857980465532	0.00274094080098482	
1.56113660044901e-05	0.000167406988643894	0.00111903600147079	0.00658234978959532	0.0311679261496027	0.118043185024249	0.315164581995711	0.415285918846805	0.111150933011628	0.00130305082628967	
6.31367885106995e-06	4.18696597492007e-05	0.000323991414725958	0.00226362001755203	0.0113420256076168	0.0464776484138211	0.15324561307317	0.350265955414129	0.363635336530713	0.0718579727973485	0.000539653392323032	
2.75803860257162e-05	8.70609775751524e-05	0.000683860655914747	0.00415167883138914	0.0187410384513779	0.0667541707026519	0.191887378982749	0.371580572110248	0.302845930314666	0.0430609576375239	0.000179770949878464	
3.79348027190602e-05	0.000235595090571005	0.00139027724351082	0.00754436708110993	0.0290397570042953	0.0912531662249813	0.231774656623483	0.374317007170343	0.239627826309183	0.0247245068142885	5.49056355144292e-05	
6.66536914147379e-05	0.000509900739322745	0.00280645367701754	0.0125712194692766	0.0429459731838869	0.121383037435379	0.267087340331082	0.359529011685725	0.179834992121534	0.0132474211686792	1.79964966819792e-05	
6.65872502728413e-07	0.000165802253179375	0.000978499642759402	0.00545149817983751	0.0200171262407702	0.0604116157462866	0.155506865478439	0.292946612340349	0.330278088333314	0.127520910061267	0.00671965236128378	2.66349001091365e-06	
1.10457219249547e-05	0.000335723002749381	0.0020304045211144	0.00913949809578448	0.0304694565705644	0.083627160693832	0.18944584617259	0.308494628766675	0.286983922114941	0.0862503522915856	0.00321095789169971	1.00415653863225e-06	
1.10588663455574e-05	4.32301138962698e-05	0.000762056426357501	0.00370974698319153	0.0148275939492586	0.0439291682961739	0.110093360290158	0.220702465892613	0.31188717543484	0.237430509267498	0.0551431938877311	0.00146044059193755	
1.34565459535998e-06	3.66690877235595e-05	0.000169888892664198	0.00159594635009694	0.00666334514257379	0.0229275994093922	0.0621477118321054	0.139240600013928	0.245281209851134	0.300694256847111	0.187331267529254	0.0333167257128689	0.000593433676553752	
3.7049686323883e-06	7.94884179312398e-05	0.000484340444852216	0.00297475299647759	0.0109983677929098	0.0345683677861735	0.0842482921778681	0.169214674639759	0.261850005355364	0.276301067098329	0.14014448030405	0.0189131912376818	0.000219266779971344	
8.43606491990631e-06	8.77350751670257e-06	0.000163322216849386	0.00108589027649034	0.00527928942687737	0.0179570077885126	0.0495362357670931	0.108968988013027	0.195254072341619	0.270322564752703	0.242325289939115	0.0989415438066292	0.0100571391549155	9.14469437317844e-05	
9.11860262480665e-06	2.06012874116002e-05	0.000342454187464961	0.00223540854717019	0.00940431884038393	0.0277306837601065	0.0689683820897135	0.134998885504124	0.217055501894643	0.265028132577728	0.202349222216969	0.0667660706928112	0.00507129396348506	1.99258353653182e-05	
1.58694035872956e-05	7.86717241668057e-05	0.000725940802397563	0.00411760376057594	0.0154733437913828	0.0408910636349578	0.0918575103134241	0.159947718756352	0.231109163263749	0.250052166443707	0.160984632339684	0.0424084487354111	0.00233347762110212	4.38940950286899e-06	
2.03280197019167e-06	3.72680361201806e-05	0.0002195426127807	0.0016177715679442	0.00780087756061053	0.0239768992384107	0.0573036711387181	0.115323227371272	0.18304128180361	0.23833214019151	0.22499763686771	0.120929356404732	0.0253507345699319	0.0010665434336939	1.01640098509583e-06	
1.56225059178732e-05	0.000100527429384575	0.000463241262434326	0.00315744429387971	0.0128077378951051	0.0352790145594963	0.0771385003073558	0.138659588992246	0.201944662367081	0.235134336569909	0.193681035975914	0.0864912870567539	0.0147014573081064	0.00042554347641511	
1.02316479194456e-06	2.86486141744476e-05	0.000189285486509743	0.0011183191175954	0.00606668510636992	0.0205512880109983	0.0494338658678705	0.0997070679200663	0.160953371310937	0.212608527942119	0.222763438502169	0.159394068168013	0.0592132749492766	0.00781663795552576	0.000154497883583628	
8.22387583044013e-06	7.57281899386362e-05	0.000431068158112237	0.00247847057839889	0.0102212496727583	0.0312822530130225	0.0675605105930374	0.123049056789975	0.180461304608249	0.216419173692369	0.20166554045256	0.124424842684109	0.0378829413514295	0.00397213202610258	6.7504314108196e-05	
1.47952814750689e-05	0.000155866569958284	0.000958596609059116	0.0044055531164368	0.0171924611503435	0.0452178209509443	0.0880229787925123	0.145231515188217	0.193968204596034	0.211629297685192	0.175877704267785	0.0923652218672884	0.0229966844806443	0.00194678378106837	1.65156630419374e-05	
3.32774087991015e-05	0.000412154573563872	0.00179455359742655	0.00796127341551005	0.0268087658241012	0.0625528625504361	0.109921520777582	0.164690242786428	0.200728983236505	0.199043274497026	0.146499632561945	0.0652569986550381	0.0133577598757643	0.000927607770274955	1.10924695997005e-05	
3.46944786859674e-07	8.63892519280589e-05	0.000835443046758096	0.00349442789325064	0.013586010908638	0.039395580547916	0.0821253004975535	0.131968776356962	0.179264289701673	0.20018401951495	0.180003629042471	0.117322155234894	0.043930148912172	0.00746347625492531	0.000338271167188183	1.73472393429837e-06	
1.60079455089535e-05	0.000247775156573367	0.00173547009245981	0.00636211434336278	0.0218010817891176	0.0558085700276276	0.103387664068392	0.153294870184262	0.187777724804625	0.192768375816449	0.155478562750972	0.0890664688177401	0.0281538001644642	0.00396997048622046	0.000130847554594924	6.95997630824065e-07	
7.59337046269871e-05	0.000724694480564471	0.00334983112624031	0.011538773779147	0.0333698888218588	0.0743940350400804	0.125495318704606	0.169295419203039	0.190895933732621	0.179022631743228	0.12822963192099	0.0642252172683742	0.0174623025898642	0.00184760350428798	7.27843804719507e-05	
3.5197399334558e-06	1.16151417804041e-05	0.000183730424526393	0.0015127842233993	0.00570268264018508	0.018939016633939	0.0486206315187783	0.0961040350650571	0.146428572685621	0.180183230621456	0.186105897007482	0.158396392407358	0.101991856025742	0.0446391017060531	0.0102776406056909	0.000868319841583545	3.0973711414411e-05	
1.3006314741568e-05	6.22193975475012e-05	0.000525173897943315	0.00299813130894145	0.0102292907832332	0.0293278336541558	0.06743528128089	0.117407300128095	0.161691692691014	0.186234257086332	0.176244001276728	0.134190015930978	0.0780305064869874	0.0295679231938447	0.00561450970411689	0.000421826424050855	7.03044040084759e-06	
6.16635341591314e-05	0.000133193233783724	0.00110289635381761	0.0055010919730992	0.0168031368768371	0.0434985140850083	0.0887218453112106	0.138328572908496	0.17331540510123	0.183811948067324	0.159140191868729	0.110979209875186	0.0568146661959096	0.0185994837176557	0.00299720012318612	0.000188866596053111	2.11417831402736e-06	
0.000118492129292952	0.000298883132097148	0.00243633966140255	0.00976304403804199	0.0261782715853752	0.0600125495544696	0.111659201073008	0.156532347290173	0.179269748924021	0.174224460171081	0.138967922942623	0.0878712871287129	0.0398264426328314	0.0112500318337064	0.00152271228837659	6.82656147866859e-05	
1.34792401965131e-05	0.000141177305216111	0.000771154425979462	0.00437685117854673	0.0155937073231293	0.0387109589769966	0.0810219392370041	0.132111097316567	0.170152350885905	0.179514747352926	0.160279871592501	0.11661742014437	0.0669276200273132	0.0266402993810191	0.00637639004664527	0.000722203501055283	2.87320646294096e-05	
3.74031658752038e-05	0.000338765816641132	0.00174904328045001	0.00749167601448963	0.0245086916051978	0.0543478686785533	0.102386713825528	0.151059631689245	0.179346043047838	0.172193132849989	0.141786140096586	0.0947026786722517	0.0487723034187562	0.01743735593102	0.00354475146308717	0.000284976501906315	1.28239425857842e-05	
5.71401837985437e-06	9.14242940776699e-05	0.000674968421120298	0.00354376277395593	0.0128511844624412	0.0361108105299359	0.0725466058552261	0.124940940263152	0.167550732447875	0.180093717043953	0.159418612914896	0.122092502100795	0.0732401448360809	0.0339323410226164	0.0109269887730253	0.00186669837946867	0.000108923475365974	3.92838763614988e-06	
4.17965813968775e-05	0.000202195427954125	0.0011767345224044	0.00638987565338417	0.0203502910756797	0.0501494674329611	0.0939565715657499	0.145305279372637	0.17764904589479	0.175255209211538	0.143630915466593	0.100214627231652	0.0553161679179444	0.0227909256406666	0.00652062393365132	0.00100669031090941	4.35827600890517e-05	
5.73352784326542e-06	6.80856431387768e-05	0.000458323881971029	0.00254926981731189	0.0108954946296553	0.0311000884038324	0.0674270041277817	0.116228284711225	0.162486387350691	0.180532666237369	0.163866017487977	0.124621094437295	0.0803801185621889	0.0402862750452142	0.0149007221736664	0.00369275027655313	0.000486991521187356	1.46921650983676e-05	
1.90831861287561e-05	0.00017570933643081	0.00109746323246129	0.00470166498998673	0.0176083798951073	0.0442362656869191	0.0877117243494974	0.136818883280753	0.175579354729066	0.177564366146572	0.147698819794953	0.104716643490797	0.0618216017346256	0.0285174812786743	0.00947390176263829	0.00204982223832091	0.000205234265913037	3.60060115636907e-06	
8.53693871888765e-05	0.000450359690890471	0.00239685406573515	0.00878870606415654	0.0269333181887076	0.059926054194368	0.108833669686307	0.155303193357683	0.179531459523516	0.168605263167414	0.130785901173359	0.0866745259557302	0.0457836746963328	0.01906197130214	0.00571830200288881	0.00100743111576704	0.000112499489049748	1.44693876591316e-06	
2.53154943483159e-06	4.33979903113987e-06	0.00015514781536325	0.00109796915487839	0.00451953904101291	0.0151838718602006	0.0403409635438799	0.0782404284828243	0.130178781637587	0.167954562304144	0.178125966283378	0.154886342471624	0.111188906027077	0.0694566752437973	0.0325947839232145	0.0122190658220936	0.00333043410648059	0.000484610891810618	3.50800421683806e-05	
7.2641107166699e-06	4.32214587641859e-05	0.000298918155990966	0.00210513928569094	0.00791170618706102	0.0244978501864334	0.0557564082168715	0.0985198648003713	0.14897819386604	0.176686054578169	0.170329594495547	0.138160116981239	0.0921136455593402	0.0524105588207733	0.0223723713907358	0.0077824050163043	0.00181094280166581	0.000195041372742587	2.07027155425092e-05	
2.00417889519456e-05	0.000136648561035993	0.000785273730753506	0.00395916430841617	0.0132224791620054	0.0365474775404425	0.0747380173787818	0.120696390218732	0.16402163638656	0.177542920402031	0.158420138572573	0.118033383061263	0.0735639329423605	0.0379088616045238	0.0147139526561929	0.00472913340033364	0.000877830356095218	7.87095711567319e-05	4.00835779038912e-06	
5.10908629100772e-06	3.32090608915502e-05	0.000317493219512622	0.00158454661968254	0.00691733790328938	0.020715885171096	0.0515656430004058	0.0951249828480674	0.140832328546363	0.174801913425803	0.172815573662806	0.142278199966718	0.0973065626943277	0.0566302072537347	0.0264632423137446	0.00946421741935672	0.00270453132161844	0.000406537294870185	2.80999746005424e-05	4.37921682086376e-06	
2.71730149928946e-05	9.4003943759203e-05	0.000682262998064841	0.00346896584645778	0.0112540346419221	0.0316198421761913	0.0697255892688623	0.114194228304734	0.158001167705239	0.178852417480327	0.159884918609476	0.124595985003433	0.0787279356954272	0.0426263820599349	0.0184695717312515	0.00592628768878819	0.00160210627586485	0.000236111468113936	1.10160871592816e-05	
3.29883968812037e-06	2.16257268443446e-05	0.000194998079342226	0.00143023027367174	0.00618789017942756	0.018175873606057	0.046203915209557	0.0896888534406165	0.133281920305898	0.170508226573107	0.175525761738738	0.144399010054863	0.105309958977096	0.061762342791962	0.0306198299851332	0.0122276991106328	0.00350959889041694	0.000822510695571344	0.000116559002313586	9.89651906436109e-06	
8.42626033041199e-06	9.34215819241329e-05	0.000518031830747937	0.0028132718729232	0.0101954086406537	0.0281224606731776	0.0636948345558738	0.110262379092323	0.150249380669866	0.176126059785416	0.165451453383363	0.127791198734449	0.0859346664409894	0.046954053434214	0.021366798043056	0.00792324922460087	0.00199445918429404	0.000442561846919029	5.67856674440808e-05	1.09907743440156e-06	
3.12350829511935e-05	0.000304266455101038	0.00110719182272878	0.00522801794290153	0.0167409020471473	0.0419681923963519	0.0838507639182611	0.12958260007445	0.16322939890104	0.173166197466725	0.15206304048177	0.109861871113759	0.0674810081508868	0.034431350616011	0.0145287232310746	0.00508801127696736	0.00110461952177986	0.00021533833658117	1.72711635141894e-05	
0.000150424647682417	0.000708203633249337	0.00231346520194783	0.00933987003456839	0.0262723418116471	0.0594052919464254	0.105073263391362	0.148189505776343	0.169725484167897	0.165917288403577	0.133805469088833	0.0901669493991249	0.0516732454575233	0.0242882736484199	0.00946138094218533	0.00281744267119039	0.000600600600600601	8.27152563898451e-05	8.78392103254992e-06	
2.01709765319857e-05	0.000265890145194357	0.00130377857402198	0.00457991190784431	0.0156710150402136	0.0384876902031401	0.0779556898657346	0.125989386398894	0.16177379900172	0.171462469147575	0.154787306221096	0.114164426465788	0.0711672394001518	0.0375924655901478	0.0167507124022166	0.00591119635895536	0.00174423935247498	0.000323469114567479	4.65766185374942e-05	2.56721519497999e-06	
5.94587492081343e-05	0.000474201876400676	0.00223447447641433	0.0085910552019432	0.0241255710058585	0.0545790944505901	0.0983466063368345	0.1451534879897	0.169405684109613	0.166510923893535	0.138875451537816	0.0946788823810513	0.0546132281769874	0.0264385897559182	0.0113889196785704	0.00336015338889178	0.000968223335870729	0.000175440013095606	2.05536417015773e-05	
7.33895937959373e-07	0.000117790298042479	0.00100653827891128	0.00403826239862145	0.0140706198705261	0.0363682132055767	0.072292419368688	0.119272033941219	0.1599401434473	0.172144832895564	0.155981508757947	0.120597816953143	0.0754610150808276	0.0404798651979941	0.0184919759487623	0.00711035079491939	0.00199949948297031	0.000528772023299728	8.99022524000232e-05	7.70590734857342e-06	
6.95660579148416e-06	0.000322932963583633	0.00208332036597605	0.00688594132212856	0.0216368746972503	0.0507323292144125	0.0911959760063005	0.140041600502633	0.170367275833447	0.168130910140058	0.141289762036484	0.101120855647867	0.0582191015946371	0.0293473568742432	0.0125306777161976	0.00462870581136541	0.00112843468680812	0.000273138311602483	5.63851206257137e-05	1.46454858768088e-06	
6.80278577734994e-05	0.000800241681765681	0.00392476850412593	0.0115625413744699	0.0318026577679402	0.0674006116655341	0.112206465279825	0.158749589455536	0.173609653226166	0.157717467871467	0.123861173429343	0.0822251985425946	0.0437792181477843	0.0205199083891515	0.00822149577898115	0.00279645699212998	0.000619931284548825	0.000115939951151609	1.82870585412633e-05	3.65741170825266e-07	
4.39044040141797e-06	1.53665414049629e-05	0.000184398496859555	0.00168958781447901	0.00675176559731393	0.0188174275604774	0.0469023430682812	0.0869998693843981	0.133338772601164	0.170746422431345	0.169520391949249	0.143065061570439	0.104440528008997	0.0642043369502025	0.032130340467677	0.0137665917486795	0.00535084923922815	0.00168190454377653	0.000322697369504221	6.29296457536575e-05	4.02457036796647e-06	
1.64443632377124e-05	4.49479261830806e-05	0.000533528229490225	0.00304513064133017	0.0105170838662525	0.0293451489128449	0.0638651562214508	0.107684999086424	0.152833181070711	0.174782020829527	0.160514525854193	0.125527133199342	0.085951032340581	0.0484487484012425	0.0235508861684634	0.00888543760277727	0.00336305499725927	0.0008748401242463	0.000179791704732322	3.61775991229673e-05	7.30860588342774e-07	
1.09218396746748e-06	4.11389294412751e-05	7.02638352404079e-05	0.00118465554337973	0.00579512813138245	0.017345701709996	0.0426676229344071	0.0838830052534049	0.127330447540584	0.166187804673819	0.174324939292774	0.145802554982361	0.107277949897881	0.0675122597650348	0.0361076019644749	0.0162506052519486	0.00566297387131889	0.00197357642921374	0.000479832823040713	8.81028400423767e-05	1.27421462871206e-05	
1.38437802263458e-05	0.000101278181655898	0.000267767854378004	0.00245727099017638	0.00968773167839441	0.0260583661060543	0.0591446365370148	0.104308512285444	0.145889763435298	0.174096101336471	0.167948369985956	0.12832965683819	0.0879764947184157	0.0520602641611853	0.0253031514637065	0.0111110908716663	0.00381614731239401	0.00111114551816723	0.000283068874628176	3.53380705777775e-05	
2.40311531130356e-05	0.000221013786963828	0.0006073327786749	0.00452441073609971	0.0152980136067302	0.0390305978477554	0.0775244999426529	0.124054638103578	0.160052213141764	0.175995426798741	0.153784451479827	0.110637608390514	0.0712323430192231	0.039139466253525	0.0176949390755652	0.00707790280854999	0.00233466293576946	0.000630635715026935	0.00012816614993619	7.64627599051134e-06	
7.98518240515872e-06	5.62592396727092e-05	0.000424666518819805	0.00155311797780337	0.00826901934337845	0.0230256364281118	0.0550476697241446	0.0991218840094182	0.143047283531686	0.169550829860081	0.169673511298852	0.136042100785343	0.092507249275254	0.054891958667244	0.0285339604363249	0.0119262328849411	0.00462632431527968	0.00136691804262853	0.00029399989764448	3.2303692457233e-05	1.08888850979437e-06	
2.63048938993906e-05	0.000198187556776231	0.000762841923082328	0.00345747201321443	0.0137844850853053	0.0341315006869901	0.0729978822758706	0.121270965991376	0.158351857864208	0.171389716371986	0.158127725754545	0.11797636811573	0.073925039700571	0.0420651287552488	0.0198832567188284	0.00779273473244139	0.00292092424586932	0.000763202264094649	0.000143055381891207	3.13496680718765e-05	
5.36430082999055e-05	0.000473066529570978	0.00176589903161769	0.00639323853281692	0.0207285224555393	0.0500672877734983	0.0938842650295829	0.13991932667584	0.170448318741715	0.168202512796918	0.141168956755095	0.0979046104905563	0.0573080138334158	0.0308036874707934	0.0136962480855926	0.00481923026243312	0.00184006319074374	0.000432384248108634	6.84038360871278e-05	2.23212517757996e-05	
1.36761635625974e-05	0.000175990631108162	0.00100519802185091	0.00348058362668104	0.0111331169380365	0.0313281318324584	0.0684466793375122	0.113847223576842	0.155722196809351	0.173535399849634	0.158493779325024	0.125041523351869	0.0786753699852118	0.0434556498211122	0.0224274686464953	0.00878045690622866	0.00301343467130601	0.00115203683062827	0.000227816093029583	3.59899041120985e-05	8.27767794578265e-06	
9.05871636184628e-05	0.000435251471409825	0.00191857116253286	0.00627613854711182	0.018020349269456	0.0451896411593425	0.0884423049994009	0.133957482499715	0.166482244194121	0.171565952507785	0.144459458093873	0.105003515215034	0.0612051629630592	0.0327272294186686	0.0160407851561203	0.00565574279308737	0.00175688570715011	0.000656847162492439	9.85270743738659e-05	1.69625366138157e-05	3.60905034336505e-07	
1.33359284329203e-05	0.000192109455533689	0.000907563994434953	0.00323450329073045	0.0106254910865538	0.0280249129560347	0.060726051195548	0.108718453320646	0.151008844964426	0.171462194445045	0.163070291155756	0.130442680737873	0.084589073189017	0.0473537192823108	0.0240417955205698	0.0106395478759831	0.00353474189572025	0.00103155208581129	0.000338083807299438	3.1357453342272e-05	1.36963589311073e-05	
0.000122127050926262	0.000371409913699279	0.00187141745684066	0.00599607900327085	0.0171272413007824	0.0407437393722526	0.0817489743123708	0.129348710805299	0.164822667930083	0.170711706165189	0.149787031975017	0.109647103110432	0.0662808649181425	0.0353051344367393	0.0163862174594269	0.00689263523595305	0.0021221371084481	0.000546698151499325	0.000126437417429542	3.16093543573854e-05	1.00575218409863e-05	
0.000178487738395155	0.000828872636249531	0.00307164109958503	0.0101734419582655	0.0257043891104523	0.058389193052266	0.102965518108245	0.146632525350107	0.171035067274076	0.164830373800729	0.133260310180804	0.0902372234921467	0.0504143465355602	0.0248313434524269	0.0113319961716714	0.0043975500133776	0.00134206977541789	0.000285508555380579	6.96712701180282e-05	2.04704247254e-05	
6.44327821108824e-06	0.000387312612466526	0.00163909838492072	0.00566543134704964	0.0166039699900738	0.0375750507676629	0.078439753021987	0.123431017010612	0.159423169097751	0.171893418155511	0.151994785240168	0.114646681049495	0.0720609075930096	0.0370656738290863	0.0179903486851596	0.00760092052968042	0.00266322166058314	0.000725584718548659	0.000139604361240245	4.58188672788497e-05	1.78979950308007e-06	
3.3384810557354e-05	0.000720465750415156	0.00300894066765313	0.00934128537982222	0.0249258893103272	0.0546125244014247	0.0987264233237056	0.14153221203447	0.168803653518795	0.166351844313346	0.136030179868744	0.0942356278390551	0.0553767852796678	0.0269207214852436	0.0124930986776025	0.00484582320122282	0.00149657285175924	0.00043328458433039	9.83595493840323e-05	1.29231524738145e-05	
3.61398844824732e-07	0.000187204601619211	0.00126092056959349	0.00565480772497259	0.0156507383739799	0.0365565773505562	0.0724452896358762	0.119761433394554	0.156787106445693	0.170476894687654	0.155207070696119	0.116772664947854	0.0766653439468946	0.0415294254553445	0.018543374727957	0.00819508020524563	0.00317416605409562	0.000780982903666247	0.000308634613480321	3.36100925687001e-05	8.31217343096884e-06	
1.27245982480773e-05	0.000496259331675015	0.00230424296275183	0.00965178955114161	0.024341429328672	0.0513873811249854	0.0941013125241313	0.139104217368131	0.165102752948653	0.16638212041251	0.140496288416471	0.0963695630518386	0.0591773801724583	0.0306132020251743	0.0128020365174156	0.00512074189497626	0.00188978461981445	0.000460630456580399	0.000158875698125994	2.726699624588e-05	
5.88131506204787e-05	0.000896809222194257	0.0044394796241657	0.0160399169602149	0.0361090826865409	0.0669962151363132	0.114958887415922	0.153938124912557	0.16897931420944	0.157451571388754	0.122826698832468	0.0774602070588201	0.0451056682361132	0.0212191272055388	0.00853265572790772	0.00344988443763852	0.00112073755343869	0.000322924379804368	8.07310949510919e-05	1.31507665983679e-05	
