# <P(U)> as a function of N_tot.
# number_of_species: 1
# species_total_upper_bound: 103
# species_total_lower_bound: 0
# volume: 729
# Bin widths for each
10	10	10	10	10	10	10	10	10	10	10	10	10	10	10	10	10	10	10	10	10	10	10	10	10	10	10	10	10	10	10	10	10	10	10	10	10	10	10	10	10	10	10	10	10	10	10	10	10	10	10	10	10	10	10	10	10	10	10	10	10	10	10	10	10	10	10	10	10	10	10	10	10	10	10	10	10	10	10	10	10	10	10	10	10	10	10	10	10	10	10	10	10	10	10	10	10	10	10	10	10	10	10	10	
# Bin lower bound for each
0	0	0	0	-10	-10	-10	-10	-10	-20	-20	-20	-20	-20	-20	-20	-30	-30	-40	-40	-40	-40	-40	-50	-50	-60	-60	-60	-60	-60	-60	-70	-70	-80	-80	-80	-80	-100	-100	-100	-110	-110	-110	-110	-120	-120	-130	-140	-140	-150	-150	-150	-160	-160	-160	-160	-170	-170	-180	-180	-180	-200	-200	-200	-200	-210	-210	-220	-220	-230	-230	-230	-250	-250	-250	-260	-260	-270	-270	-270	-270	-280	-280	-290	-290	-290	-310	-310	-320	-320	-320	-330	-330	-330	-340	-340	-350	-350	-350	-360	-360	-360	-360	-360	
# Bin upper bound for each
0	0	0	0	0	0	0	0	0	0	0	0	0	0	0	0	0	0	0	0	0	0	0	0	0	0	0	0	0	0	0	0	0	0	-10	-10	-10	-10	-10	-10	-10	-10	-10	-10	-10	-10	-20	-20	-20	-20	-20	-20	-20	-30	-30	-30	-30	-30	-30	-30	-40	-40	-40	-40	-50	-50	-50	-50	-60	-60	-60	-70	-70	-70	-70	-80	-80	-80	-90	-90	-90	-90	-100	-100	-100	-100	-110	-110	-120	-130	-130	-130	-140	-140	-140	-140	-150	-150	-160	-160	-170	-170	-180	-180	
# Normalized histogram for each
1	
1	
1	
1	
1.70075258301799e-05	0.99998299247417	
0.000109344764041021	0.999890655235959	
0.000467590978303678	0.999532409021696	
0.00146587416851886	0.998534125831481	
0.00392358419416137	0.996076415805839	
3.49620661582183e-06	0.00947222263843729	0.990524281154947	
4.48862806080794e-06	0.0205175188659531	0.979477992505986	
1.14731642687753e-05	0.0407955791403906	0.959192947695341	
3.83469572934419e-05	0.074055444720122	0.925906208322585	
0.000208027782160075	0.124656915903525	0.875135056314315	
0.000517819854295522	0.193571288850142	0.805910891295562	
0.00107950462069726	0.279776584292313	0.71914391108699	
1.74301660397617e-05	0.00252189602358152	0.380111582942939	0.61734909086744	
4.23641593231304e-05	0.0052805678591596	0.486935142465684	0.507741925515834	
4.98377531944754e-07	9.56884861333927e-05	0.0101997945687813	0.592197600710886	0.397506417856668	
1.49497389775575e-06	0.000257135510413988	0.0190723786629352	0.684887906857146	0.295781083995607	
9.96016928303714e-06	0.000585159945378432	0.0333944555721669	0.757758722867254	0.208251701445918	
2.29162639714483e-05	0.00128829257891664	0.0560845669922105	0.802387077618382	0.140217146546519	
7.02115009426267e-05	0.00258139305593317	0.0890829581250641	0.819367220092639	0.0888982172254207	
5.47699116013627e-06	0.000134933145854266	0.00515285286511366	0.13531205406089	0.806103061040569	0.0532916218964132	
1.84326379247042e-05	0.000310863947703119	0.0095087502721305	0.194404050397821	0.765255872414262	0.0305020303301584	
2.98410219555319e-06	3.0835722687383e-05	0.000717179227664617	0.0166289094847202	0.264725673971915	0.701466437553931	0.0164279799368862	
4.95444879775345e-06	0.00010751153891125	0.00144868082846311	0.0281645550805891	0.343585078785645	0.618200266747523	0.00848895257007077	
2.97202580709076e-06	0.000221415922628261	0.00310329028023727	0.0460124082077446	0.423759860314787	0.522769432714574	0.00413062053422164	
1.18943661343607e-05	0.000431170772370577	0.00569294099105841	0.0710197733925012	0.497333679591547	0.423740758325313	0.00176978256107509	
1.19124198889762e-05	0.00091179647233539	0.0103255862895989	0.106037412940065	0.554222853580476	0.327763780684408	0.000726657613227551	
6.82075261279633e-05	0.00181372275681876	0.0178111258921744	0.150227325229416	0.588911746431303	0.240857702173082	0.000310169991078256	
1.98675529582041e-06	0.000232947058434943	0.00331589458872427	0.0287697067499514	0.205019239241596	0.594731224293249	0.167817246327359	0.000111754985389898	
2.77898669212748e-05	0.000439675394504455	0.00567012534718724	0.0442097082907594	0.263365065060545	0.575016016392051	0.111234897323885	3.67223241459702e-05	
4.46731045574012e-06	7.39588064339198e-05	0.000959479012327295	0.00987225973935725	0.0655190642473699	0.325502138104421	0.528697257815932	0.0693654185497621	5.95641394098683e-06	
8.45035416925562e-06	0.00020628805766124	0.00207729588666584	0.0166561451472598	0.0950247297129365	0.382888529886914	0.462688206785137	0.0404503541692556	
3.13799716085971e-05	0.000395985356013249	0.0040201230294125	0.026484696037656	0.133956615944014	0.428571713197021	0.38407889821433	0.022460588249944	
0.000122471035600081	0.000896787909659366	0.00755571307385803	0.0402709759141963	0.177470028338298	0.457278853551135	0.304427502895565	0.0119776672816879	
2.4976958755548e-06	5.99447010133152e-06	0.000236781569002595	0.00185928480976299	0.0126613199323624	0.0596759489371055	0.224428964280451	0.466956732414348	0.228277913624681	0.00589456226630933	
3.00441197899115e-06	6.15904455693185e-05	0.000585359600573442	0.00368290835091332	0.0200389271645411	0.0849597634125714	0.272843170195432	0.452142471218985	0.162991352801589	0.00269145239784624	
2.35997680193016e-05	0.000184279039640078	0.00117546929645075	0.00654014847768943	0.031054281977058	0.116241410563156	0.315212561102059	0.417187660836185	0.111088125048643	0.00129246389109962	
6.54481233002367e-06	5.53791812540465e-05	0.000339323346956612	0.00239137373597019	0.011251035842413	0.0461384096911553	0.151969031961843	0.350601065495447	0.364762529036312	0.0719209426946301	0.000564364201688964	
1.20876840601725e-05	9.56941654763656e-05	0.000740874302188072	0.00426644881973838	0.0187978596740757	0.0655308608647126	0.191157657648583	0.372725248955926	0.303110261839383	0.0433726250219089	0.000190381023947717	
2.57668153731894e-05	0.000279898347387194	0.00151165316856044	0.00771438243006331	0.0290816403861991	0.090144950967266	0.231317290543579	0.374307453682886	0.240575155737663	0.0249857272052099	5.60807158122357e-05	
4.55665286507143e-05	0.000538191332841215	0.00289043680074365	0.0128006504875112	0.0427069758305006	0.120242980982556	0.266795063018509	0.359377642225793	0.181318837101685	0.0132679605535624	1.56951376463572e-05	
1.00929612193105e-06	0.00013978751288745	0.00108146079464912	0.0056323770084362	0.0206083128656491	0.0599769173976914	0.154300181824696	0.292551546014567	0.329843019127675	0.129064750888054	0.00679962797344946	1.00929612193105e-06	
1.47098059624423e-05	0.000329702547434052	0.00221509388406847	0.00938789961216836	0.0316189815336139	0.0831641705647652	0.187947190782125	0.308084712250834	0.286643901973853	0.087217990194139	0.00337513961634797	5.0723468836008e-07	
1.2742820822177e-05	4.4854729294063e-05	0.000755904131171539	0.00399105148150583	0.0156186206253259	0.0452686161143673	0.109852800030991	0.219212198039746	0.3109074978248	0.236880373966111	0.0558497448122702	0.0016055954235943	
2.04639588756282e-06	3.58119280323494e-05	0.000163200072033135	0.00170004338359282	0.00713373606404401	0.0239510174680353	0.0634428769051946	0.138727223613771	0.243789700080219	0.300386871142544	0.186263976883912	0.0337716713324493	0.000631824730285022	
5.62997356983317e-06	7.01187617333767e-05	0.000464728727400774	0.00317530509338591	0.0119345203364882	0.0364034091025413	0.0854343371064393	0.167732778934481	0.260488640760599	0.275521693823612	0.139346452195383	0.0191925798995613	0.000229805284805008	
1.28330563104244e-05	1.33463785628414e-05	0.000157589931492012	0.00115292177892853	0.00562652520874249	0.0190396356643981	0.052168427190885	0.110211827560682	0.192859276811078	0.268468564658584	0.241727555241174	0.0981949536316009	0.0102746582043782	9.1884683182639e-05	
1.38522985837307e-05	2.6678500976074e-05	0.000343229176019106	0.00237951706782752	0.00994543733502297	0.0291436970758824	0.0715004348082611	0.13670576948236	0.213680940519769	0.263290126132874	0.201629440751923	0.0661698650940032	0.00514946373647798	2.15480200191367e-05	
2.40509101478466e-05	0.000106949791934041	0.000684683356974866	0.00428413233527173	0.0162998647008374	0.0428781673001779	0.0946387962672987	0.161092996170276	0.227102510096265	0.248132728273841	0.160211811760179	0.0421781322984278	0.00236159468792153	3.58205044755162e-06	
3.08408447924206e-06	5.65415487861043e-05	0.000249296828738733	0.00161760230936246	0.00836609316402395	0.0251147279426278	0.0593742803802882	0.11820576189223	0.182829154056188	0.233964302750181	0.224029952628462	0.119901494341733	0.0251774376603724	0.00110924238436739	1.02802815974735e-06	
1.80404559802565e-05	0.000132983932654462	0.000469567297086106	0.003425624869851	0.0135942567435224	0.0366747006830632	0.0798362338950272	0.140638755847685	0.200981503893646	0.230301883835958	0.192785467021016	0.0859045278451861	0.0147823496302222	0.000454104049103029	
2.42717067812567e-05	0.000231872262654984	0.00113302392932079	0.00652185925405299	0.0214809769207054	0.0514477556675726	0.1036985433361	0.16294629600844	0.209270139448702	0.21828165611536	0.158426077934901	0.0584638281852355	0.0079105107335168	0.00016318849665696	
7.08689725809497e-05	0.000482115930258723	0.00245558403534137	0.0108915782313277	0.0326649061503405	0.0703770281070484	0.127436379578355	0.181503198156372	0.211656135468369	0.197721847041996	0.123533930460467	0.0371446528842896	0.00398831955181841	7.3455431434269e-05	
2.07249375920317e-06	0.000175643846092468	0.00100619572009314	0.00444601723693059	0.0184581475429032	0.0474404183950401	0.0911788448127036	0.14885116489693	0.194017539514684	0.206286184445727	0.172163610947327	0.0915078531969771	0.0225021009905484	0.00194192665237337	2.22793079114341e-05	
2.43784784717287e-05	0.000461635017868906	0.00179155882215641	0.0080065147593533	0.0289854922118542	0.0647092996115004	0.113681513332953	0.167768539314187	0.199031085153507	0.194049057797742	0.143406140264429	0.0642258795703163	0.0129060702411395	0.00093675600255196	1.60794219707147e-05	
5.17770129737661e-07	6.83456571253713e-05	0.00092318414132225	0.00350116161728607	0.0141791350028659	0.0425446537904139	0.0841925297161222	0.135811105030189	0.18094668054981	0.19724919085473	0.17581454302385	0.114000556085119	0.0430562106785947	0.00736528009551823	0.000344317136275545	2.58885064868831e-06	
1.19214593524885e-05	0.000237910862730097	0.00173016657906986	0.00641115351004046	0.0228228564438598	0.0590599462808675	0.106223312776591	0.156923724429765	0.187279906535759	0.189671973271051	0.151767952421974	0.0862833761987546	0.0275261313205763	0.0039128302892146	0.000135800971754435	1.03664863934683e-06	
7.573843678979e-05	0.000661414430869742	0.00324015257663718	0.0118696655629259	0.0351519722859572	0.0773901572195071	0.127980839213005	0.171713561382112	0.189230409293625	0.176278617846154	0.125477320747611	0.0618798591265076	0.0171609810098839	0.00182706009844959	6.2250769964211e-05	
5.19645996361439e-06	1.6628671883566e-05	0.000170963532802913	0.00147163746169559	0.00584134064509893	0.0195693485769754	0.0508426839299995	0.099144818583788	0.149092672108053	0.181682790415857	0.183673034581921	0.155030666908475	0.0997283810377019	0.0427959656763426	0.00999383180202319	0.000909380493632518	3.06591137853249e-05	
1.76001474271173e-05	8.33418745813494e-05	0.000517133743520299	0.00293715401474892	0.0105264411156009	0.0303509365866688	0.070358142294086	0.120951836678914	0.163831489976716	0.186144853354536	0.173668937085685	0.13035083305639	0.0758659531359839	0.0284672031605724	0.00548606948331144	0.000434309520333864	7.76477092372821e-06	
6.63390828932754e-05	0.000154963951446011	0.00107127253390938	0.00537709363295104	0.0173445605320809	0.0451105763674273	0.0921408399460788	0.142176574944247	0.174543309833059	0.182023559703361	0.156460208729705	0.107484344235574	0.0548619032786537	0.0180115792796094	0.00298266735977188	0.000187096944722441	3.10964451062229e-06	
0.000132501198204195	0.000321936505011754	0.00241711170161558	0.00951317196481679	0.0270659576472342	0.0623547533252107	0.115806047230466	0.158887052045021	0.180023581072618	0.172252592831064	0.135177618891358	0.0852520990570676	0.0381520637579203	0.0110395236581925	0.00153308026984697	7.09088443514636e-05	
1.96807472054634e-05	0.000150713090441838	0.000742171335406027	0.00434219433080539	0.0154659598170934	0.040043069761516	0.0849022255299689	0.136408812624267	0.172064111587765	0.179268300893765	0.15788879445583	0.112203047304748	0.0640271677177739	0.0253664114902417	0.00637397252256942	0.000706435241796106	2.69315488074762e-05	
5.3419773095624e-05	0.000329854132901135	0.001727585089141	0.0074497244732577	0.0245072285251216	0.0558827876823339	0.106722333873582	0.154987876823339	0.180566094003242	0.171590016207455	0.138426191247974	0.0910490761750405	0.0463367260940032	0.0164812965964344	0.00359727714748784	0.000274878444084279	1.76337115072934e-05	
8.28779363393852e-06	0.00010722333013908	0.00068477894900417	0.00353267203646629	0.0130973038771335	0.0365704073968558	0.0748444743725881	0.128905752246769	0.171474450286188	0.180800290072777	0.157421978192743	0.118183419232861	0.0698396829918935	0.0322369273005102	0.0103074253451089	0.0018704514257595	0.000109813265649685	4.66188391909041e-06	
6.03965731913549e-05	0.000224551361865294	0.00120276936355433	0.00643300935992021	0.0206385931005433	0.0506303956853101	0.0966143849151041	0.148906976888245	0.180716354979052	0.175353449005676	0.140927402286604	0.0965157887998943	0.0527576972077167	0.0216606889545508	0.00624510890999155	0.00106442507624422	4.8007532536718e-05	
8.26701636145876e-06	9.71374422471404e-05	0.000476903506351652	0.00260979372760801	0.0110478339900444	0.0312152204038231	0.0685376991446738	0.119350398521857	0.166094175783636	0.182940805062721	0.163025562647967	0.121596960218084	0.076838300260101	0.038077877360879	0.0140451441095958	0.00348713083896782	0.000539939506107775	1.08504589744146e-05	
2.58021767748414e-05	0.000208997631876216	0.00118948034932019	0.00485132527720569	0.017816403063028	0.0444870811081106	0.0891408442781867	0.139667698925752	0.179883487690556	0.178437017660558	0.145911309661728	0.101725597978348	0.0587623934305594	0.0266376512588108	0.00901631265220059	0.00201153770136664	0.000224994981476617	2.06417414198731e-06	
9.10624295042272e-05	0.000545339776690088	0.00265633246065172	0.00861678239183749	0.026976209940292	0.0606392996471331	0.111102372797169	0.157836025538872	0.18416496786945	0.168543622008134	0.127624512350342	0.0840340656270373	0.0429581837184515	0.0176469675176175	0.00547409377360638	0.000974264515661703	0.000115897637550835	
3.62059102527897e-06	3.62059102527897e-06	0.00017844341481732	0.00127237913174089	0.00461832246638798	0.0151635524411576	0.0398399491875911	0.0793980095024998	0.132491390751769	0.170920861121369	0.182189692073906	0.153551334291238	0.108313601112246	0.0667616295969868	0.0304119301577647	0.0112977956807384	0.00307284732588319	0.000477400788047498	3.36197738061618e-05	
1.03511364253903e-05	5.17556821269515e-05	0.000334341706540107	0.00236109421863153	0.00817946800334342	0.0245979230444762	0.0555711110133504	0.0998020345158644	0.150988921696241	0.17931014851293	0.172780651655794	0.137204313318548	0.0891610662705632	0.0496963235351201	0.0209569108068452	0.00699012242806607	0.00177107944238428	0.000209610512614154	2.27725001358587e-05	
2.78937434333479e-05	0.000149799733253165	0.000823898532892406	0.00437105290616648	0.0136844639080788	0.0369421638726434	0.0752216777776745	0.12138633971067	0.166475026318263	0.180440493863893	0.158929252168739	0.116419703727121	0.0708025856467061	0.0356864288673384	0.0135770213407799	0.00412672437572253	0.000849726073108468	8.36812303000437e-05	2.06620321728503e-06	
7.23286572856398e-06	4.39138276377099e-05	0.000325478957785379	0.00168732424782071	0.00732327655017103	0.0209716941799713	0.0520900657105851	0.095889717396437	0.141920708159551	0.17755083800499	0.1750069358016	0.141146791526594	0.0953100548716192	0.0543074556896563	0.0249694023948018	0.00866084007668904	0.00237134669243633	0.000393674548940411	2.32484969846699e-05	
3.84990169744247e-05	0.00011289576599257	0.000688820249650517	0.00353774750575794	0.0120049299552007	0.0313314364763619	0.0701883902572515	0.115146397714615	0.158379233005936	0.181928145226616	0.161443026397319	0.123550629068735	0.0762930857326285	0.0411382806651173	0.0172101011015401	0.00533367462191624	0.00140937617545563	0.000255446180195169	9.88488273667661e-06	
4.67035105472095e-06	3.06167458031707e-05	0.000204976518512753	0.00153291300173841	0.0064134298539218	0.0185054876624893	0.0459199294258063	0.0893583456578708	0.134340572377468	0.170896447938559	0.178328533250305	0.145417088295581	0.104117692846579	0.0598137048857061	0.0296650320437975	0.0112788977971511	0.00327962429620404	0.000764380789289328	0.000119353415842869	8.3028463195039e-06	
4.66405583185768e-06	0.000112455568390346	0.000593371547497449	0.00302904514857868	0.010428310611608	0.0287331750663721	0.063358089105232	0.110478526946064	0.150992070586857	0.175176236531891	0.16828224378398	0.128787018999809	0.0845365301808462	0.0450853548128651	0.0206762777310508	0.00746508047310109	0.00177337767295744	0.000421837938570239	6.63332384975314e-05	
3.32274554310795e-05	0.00034473485009745	0.00122837749296772	0.00559830706114579	0.0172621822754369	0.0424278263325508	0.0822633919624862	0.130460854423249	0.163774493566853	0.172372616838636	0.154055982032253	0.110725303434161	0.0665224041310034	0.0330135536867419	0.0138755777164224	0.00482680708035541	0.000960481133554642	0.000229477114070893	2.4401412582199e-05	
0.000170644417246737	0.000797028003212858	0.00260503395875457	0.00989995391054108	0.0275031370733503	0.0595404664418216	0.10347238189705	0.147936336743816	0.16944990632601	0.16601020979468	0.135446815135902	0.0907730346763891	0.0507257285382424	0.0234391191242384	0.00892351727529842	0.00268236526566397	0.000511417709694149	0.000100530698982217	1.23730091055036e-05	
2.84062737579744e-05	0.000317633788384623	0.00147815919082405	0.00480427560903051	0.0162742124747959	0.0396814985290715	0.0783217780054871	0.123747025088421	0.161922474630615	0.171053283971837	0.155931333256206	0.114550623078703	0.0716204797871285	0.0365717862691303	0.0161399282715764	0.00553664099428156	0.00168475027270023	0.000276315572009388	5.57795921065679e-05	3.61534393283311e-06	
8.35744697535224e-05	0.000578830586811433	0.00243552513398999	0.00894659539793571	0.025091428922235	0.0553262989768318	0.0985740235071252	0.142969607267058	0.169686611215178	0.166953932410953	0.139108157229372	0.09467542926066	0.054649448950186	0.0256264087070153	0.010847656638934	0.00330273923062994	0.000949240891027662	0.000169728398450055	2.47628058528955e-05	
1.02804401262027e-06	0.000148038337817319	0.00114935320610946	0.00435787856949732	0.0146722441481165	0.037673186864476	0.0733900059729357	0.118990440218727	0.158059710852341	0.171625265620872	0.155556937703617	0.121204332999904	0.0753659065651919	0.0405866635962419	0.0178165167607156	0.00673214621664383	0.00206277031132257	0.000500657434146071	9.61221151799951e-05	1.07944621325128e-05	
8.18958479316948e-06	0.000347033655610557	0.00233454351510287	0.0073235362012918	0.0224225713146485	0.0520458350586912	0.0926723178214067	0.138614352963939	0.168678830588713	0.167215454155984	0.140728801387725	0.101758662149428	0.0584224505182728	0.0294410454823947	0.0121932680589302	0.00430106756356269	0.00116752768207622	0.000261043015282277	6.14218859487711e-05	2.04739619829237e-06	
5.45922545325602e-05	0.000839292137439827	0.00425258356569055	0.0118766215047564	0.0325007589343796	0.0680841945218968	0.11288504758965	0.155782824868558	0.17286050658551	0.158599683160841	0.123640231940551	0.0827552251675396	0.0439692140501075	0.0205919943264872	0.00783628446136067	0.00269185733564287	0.000650004974527866	0.000107653885106264	2.091852743771e-05	5.10207986285609e-07	
6.1398473019976e-06	2.14894655569916e-05	0.000162194299561103	0.00180562676072913	0.00712938602550288	0.0185029414985116	0.0473847832071083	0.0888645682715204	0.133811320445794	0.16847894492864	0.168829939532737	0.143606935162189	0.104135903473414	0.0645543545332028	0.0320382348757653	0.0134708249805827	0.00518049616106047	0.00165008396241185	0.000309550634809046	5.11653941833133e-05	5.11653941833133e-06	
2.29477800317597e-05	5.60945734109682e-05	0.000594092527488891	0.00319025137508197	0.0105814763479781	0.0295052356635019	0.0644455255398593	0.108536880142215	0.153400300054973	0.173272057661142	0.159999061690772	0.12515872214522	0.0857094484679552	0.0490745925239192	0.0234215242017487	0.00882265649621056	0.00319025137508197	0.000828669834480212	0.000156044904215966	3.31467933792085e-05	1.01990133474488e-06	
1.52234188957135e-06	5.73415445071875e-05	7.40873052924723e-05	0.00137924175195164	0.00609596437314021	0.0174201582423649	0.0431786904612087	0.0841738352054756	0.128900239921082	0.166100186334647	0.172495544612737	0.145430843052641	0.106453816206649	0.0677102151170579	0.0364235520498841	0.016279924167076	0.00540279136608872	0.00185674965798052	0.00048156748440107	7.10426215133296e-05	1.26861824130946e-05	
1.9270021171668e-05	0.000120184079412771	0.000296149799059319	0.00275865566247037	0.0101547940516487	0.025831463380621	0.0595509577961181	0.104944028195084	0.146914641412797	0.174099570227817	0.166470670267118	0.127502630611443	0.0875254503733567	0.052232913703267	0.0255064085498041	0.0110097744646864	0.00369426590093688	0.00102536796866086	0.000303756386363924	3.90471481636431e-05	
3.33909073523742e-05	0.000263079876109615	0.000662758918660762	0.00489530938699353	0.0160291532976557	0.0387835388897827	0.0775438053289864	0.124670517751315	0.160982623574183	0.176285777598344	0.153456009503255	0.109388106563539	0.0708484224819967	0.0390648319880845	0.0173445526782037	0.00684159454736601	0.00213195884216523	0.000629368011308387	0.000136093243602859	9.10661109610207e-06	
1.10754459377278e-05	7.75281215640946e-05	0.00049487106167211	0.00166433746682401	0.00920470243297341	0.0239083637740287	0.055011739972694	0.100452784367109	0.142926616108934	0.169764435333492	0.169008284433561	0.135157190783618	0.0914575085482306	0.0548808483388845	0.0283108535342755	0.0116070673427387	0.00452079566003617	0.00124145680374713	0.000260776408897409	3.72537726996299e-05	1.51028808241743e-06	
3.64034580293063e-05	0.000247842721103633	0.000874181670210601	0.0037196355265835	0.0149378847296968	0.0347508407702772	0.0725171844268999	0.121840877991566	0.158781411696182	0.171664745096005	0.158078775088465	0.116735417672333	0.0726887294893941	0.0421791409182847	0.0197202020242317	0.00747467715618181	0.00288883879950372	0.000710615447832349	0.000112701116638674	3.98942005800617e-05	
7.35371936716276e-05	0.000537616510491223	0.0019402887924845	0.00687771510001804	0.02197221784698	0.0498507642154103	0.0934344701620352	0.140437158741461	0.17126762718829	0.168699291012016	0.141371279850262	0.0964097452681549	0.0561694972689379	0.0305934600591179	0.0132188074354053	0.00475010521284297	0.0019040170685789	0.000396504598310533	6.50903538579947e-05	3.08061216732494e-05	
1.88424955794514e-05	0.000234043629302659	0.00116922643621964	0.00375213589604496	0.0117651550687801	0.0321983539592546	0.067884553021295	0.113731319896981	0.155870577839837	0.174075403700468	0.158852154837712	0.125937786046438	0.0774010049992116	0.0420460371752521	0.0220710084404463	0.00847614787987215	0.00309016927503002	0.00114393782373143	0.000228093367540727	4.26435426271794e-05	1.14046683770364e-05	
0.000124430977141532	0.000550482642874137	0.00206754511618369	0.00654258077810174	0.0189095267342443	0.0467128819906567	0.0874914018194795	0.134572599502475	0.165663918898875	0.171887956375495	0.145118373677174	0.105186482216822	0.0597816186578775	0.0316870949149539	0.015802236373066	0.00531718451521194	0.00178583338393526	0.000693329404632615	9.25766469932996e-05	1.14476498970209e-05	4.97723908566127e-07	
3.97364677459091e-06	0.000232458336313568	0.00105152627772612	0.00349531904409953	0.0106603008845338	0.0293836277805593	0.0615105619531269	0.108071271328549	0.150076194676903	0.171119634583443	0.163939751567604	0.131515290592789	0.0839879916394472	0.0460669837636793	0.0235721693727201	0.0104983747784692	0.00338554705195146	0.00104655921925788	0.000335773152452932	3.82463502054375e-05	8.44399939600569e-06	
8.56569641587496e-05	0.000393130806601429	0.00213597770740373	0.00644803840600807	0.0171452563866427	0.042489320111463	0.0828629627209009	0.129005824673563	0.163957331939056	0.170269705557899	0.150164085074695	0.110241007999271	0.0655226263118389	0.0337126996104341	0.0161327217525118	0.00658023730444961	0.00213152156475964	0.000537212752093892	0.000132198898441538	4.10955377177816e-05	1.13879200904696e-05	
0.000162929280273523	0.000913691556549089	0.00347351359221426	0.010932604228931	0.0259686492370304	0.0599559942375529	0.103795360823976	0.146224324400616	0.169388014842907	0.164391681989778	0.133840708648276	0.0906084888631151	0.0492942785080432	0.0240006220035745	0.01109850486386	0.00420545728900534	0.00137771810857429	0.00027435507985268	6.48745766438648e-05	2.82278692267198e-05	
5.44430745686995e-06	0.000382586333105497	0.00170753279329103	0.00626144851244197	0.0175153269628337	0.0379789938820832	0.0795319281410808	0.123504609596136	0.157696345236404	0.171902028202502	0.152498021489176	0.114629398567355	0.0718915850309261	0.0362269167550542	0.0173713002837474	0.00744929741212269	0.00254694601573207	0.000731022010345174	0.000123734260383408	4.3059522613426e-05	2.47468520766816e-06	
3.27996270781794e-05	0.000722088759766586	0.00313137045787285	0.0103612034083782	0.0260657642462198	0.054510495383701	0.0990971157200661	0.141665068098983	0.167965896339263	0.165705206891102	0.136189518233114	0.094631893761014	0.0549503085649766	0.0261661509836409	0.0122591091024929	0.00461431117304387	0.00140939003626844	0.000420928547503302	8.84596003017566e-05	1.29210652126161e-05	
0.000160218538085949	0.00116859396216439	0.00579240083473858	0.0169556274758771	0.0375452116687161	0.0723752197998069	0.120107827076132	0.156745801272936	0.17043297057186	0.154276933737618	0.116996082656744	0.0766285213030574	0.0407430735523254	0.0178964107042005	0.00805348495347654	0.00296854910097373	0.000775057177990779	0.000323941856692529	4.25580491790803e-05	1.15157074249276e-05	
0.000423512186563168	0.00234091319311047	0.0101466461364092	0.0258700402437413	0.052461059566989	0.0926609371517999	0.138368994067804	0.164601540575997	0.167310001845303	0.139847757452554	0.0971214280024241	0.0591243179689162	0.0298813056679039	0.0125394899904911	0.00485576889141652	0.00176060066128403	0.000486534833373164	0.000166883968752868	3.22675951667176e-05	
0.00076469606105866	0.00444189545757425	0.0167653053967063	0.038679698782388	0.0673628629090632	0.11342117249697	0.153828499253715	0.168864663425284	0.157469885048427	0.122032073854709	0.0771167730229757	0.0455221143946972	0.0209897971588212	0.0080489809012619	0.00322120649467058	0.00101085152134667	0.000361666936529722	8.17155421447909e-05	1.61413416582303e-05	
