# <P(U)> as a function of N_tot.
# number_of_species: 1
# species_total_upper_bound: 103
# species_total_lower_bound: 0
# volume: 729
# Bin widths for each
10	10	10	10	10	10	10	10	10	10	10	10	10	10	10	10	10	10	10	10	10	10	10	10	10	10	10	10	10	10	10	10	10	10	10	10	10	10	10	10	10	10	10	10	10	10	10	10	10	10	10	10	10	10	10	10	10	10	10	10	10	10	10	10	10	10	10	10	10	10	10	10	10	10	10	10	10	10	10	10	10	10	10	10	10	10	10	10	10	10	10	10	10	10	10	10	10	10	10	10	10	10	10	10	
# Bin lower bound for each
0	0	0	0	-10	-10	-10	-10	-10	-20	-20	-20	-20	-20	-20	-30	-30	-30	-40	-40	-40	-50	-50	-50	-50	-60	-60	-60	-60	-70	-70	-70	-70	-80	-90	-90	-90	-100	-100	-100	-110	-110	-110	-110	-120	-120	-130	-140	-140	-150	-150	-150	-160	-160	-170	-170	-170	-170	-180	-180	-180	-200	-200	-210	-220	-220	-220	-220	-230	-230	-230	-230	-250	-250	-250	-260	-260	-270	-270	-270	-270	-280	-280	-290	-290	-290	-310	-310	-320	-320	-320	-330	-330	-330	-340	-340	-350	-350	-350	-360	-360	-370	-370	-370	
# Bin upper bound for each
0	0	0	0	0	0	0	0	0	0	0	0	0	0	0	0	0	0	0	0	0	0	0	0	0	0	0	0	0	0	0	0	0	0	0	-10	-10	-10	-10	-10	-10	-10	-10	-10	-10	-10	-20	-20	-20	-20	-20	-20	-20	-30	-30	-30	-30	-30	-30	-30	-40	-40	-40	-40	-50	-50	-50	-50	-60	-60	-60	-60	-70	-70	-70	-70	-80	-80	-80	-90	-90	-90	-100	-100	-100	-100	-110	-110	-120	-130	-130	-130	-130	-140	-140	-140	-150	-150	-160	-160	-170	-170	-180	-180	
# Normalized histogram for each
1	
1	
1	
1	
1.27795954892896e-05	0.999987220404511	
0.000102127016132105	0.999897872983868	
0.000435287996773569	0.999564712003226	
0.00141026428991748	0.998589735710082	
0.00386465857524662	0.996135341424753	
2.12400164337041e-06	0.00945423474344791	0.990543641254909	
2.73011121563055e-06	0.0205665344787262	0.979430735410058	
8.49081778705029e-06	0.0406928507314233	0.95929865845079	
4.09086942187227e-05	0.0738104963830654	0.926148594922716	
0.000175139467679041	0.12444477304137	0.875380087490951	
0.000461683032951756	0.193390091585804	0.806148225381244	
3.02838963866769e-07	0.00103904048502688	0.279819871384292	0.719140785291717	
1.24362641462505e-05	0.00244751744868524	0.379978524695084	0.617561521592084	
3.12727904255468e-05	0.00514361497669114	0.48683385161152	0.507991260621363	
1.82177347218486e-06	9.2606818169397e-05	0.0100549750508123	0.592023243400474	0.397827352957072	
5.15993209529363e-06	0.000251319045582537	0.0189894606869327	0.68416025292166	0.29659380741373	
1.70021866026413e-05	0.000575038239739332	0.0333412879277796	0.757000802138875	0.209065869507003	
2.12433038071642e-06	2.60989161059446e-05	0.00129128939570691	0.0557700454849482	0.80266913008064	0.140241311792219	
1.82042259290072e-06	9.07177258795523e-05	0.00263961275970604	0.0888196319226879	0.819371905660847	0.0890763115082869	
7.58352724412497e-06	0.000144087017638374	0.00508217661792279	0.134907916262085	0.806470811458649	0.0533874251164602	
2.24280415985617e-05	0.000324903521535921	0.00947281675896008	0.193667654611796	0.765955505796285	0.0305566912698242	
1.81558058635991e-06	3.41934343764449e-05	0.00070958941250233	0.0166449402189832	0.263664967283238	0.702464166491161	0.0164803275791533	
4.22427139616092e-06	9.53478400847751e-05	0.00141482918404275	0.0282757640575454	0.342277322813691	0.619460433814568	0.00847207801867188	
2.11127059582167e-06	0.000199967486432824	0.00305923109334561	0.0457816964300526	0.422614241605965	0.524213106828181	0.0041296452854272	
1.08584870688992e-05	0.000404177018675693	0.00571639019249383	0.070982231594035	0.496033183536483	0.425060603930953	0.00179255524029078	
3.02359431588457e-07	2.17698790743689e-05	0.000880773024217176	0.0102699404533335	0.105971235942554	0.552567606057106	0.329537311456217	0.000751060828065728	
4.55050008479098e-06	6.7650767927226e-05	0.00170219039838415	0.0179863066351448	0.150115537197153	0.587625491416088	0.242175187579198	0.00032308550602016	
2.42445254346286e-06	0.000217594615775791	0.00315663721158864	0.0293210260040719	0.20473895616408	0.593859346597917	0.168578852591467	0.00012516236255627	
2.54395053106482e-05	0.000449734111741816	0.00563303331878638	0.0453695406140188	0.263497550387634	0.573571200784021	0.111417159128043	3.63421504437831e-05	
2.727069436642e-06	6.84797436312323e-05	0.000952353248818421	0.0100744005143859	0.0676843483788784	0.325044557284518	0.526714372201345	0.0694505803506769	8.18120830992599e-06	
6.0628438011363e-07	1.18225454122158e-05	0.000189767010975566	0.00202013955453861	0.0172184763952271	0.0975705578604467	0.381713614297641	0.460486324952664	0.0407874785299544	1.21256876022726e-06	
2.43024365319086e-06	3.94914593643515e-05	0.00038306715583421	0.00398468824986307	0.0271543274589281	0.135451452693333	0.42775751393365	0.382631534659376	0.0225954941459987	
8.51227607013751e-06	0.000117651815683686	0.000922669924030976	0.0076212231715099	0.041164455045606	0.178717668171414	0.456208139742388	0.303345902114297	0.0118937777389996	
1.51810353648291e-06	2.30751737545403e-05	0.000256255876958316	0.00180836493265845	0.0128146155721596	0.0611865557965292	0.225987928647919	0.464438576468241	0.22758375908547	0.0058993503427726	
1.82280289971485e-06	6.44057024565915e-05	0.000549575074264028	0.0035729974839244	0.0202239981723363	0.0866019733664192	0.2746641941358	0.449285066322684	0.162333965440872	0.00270200149834398	
1.46129175146472e-05	0.000160437656879564	0.00111636601096273	0.00660625645974674	0.0311803127468784	0.118581999016672	0.315882871377404	0.414264034108985	0.110923003624308	0.00127010608064808	
5.78834343399263e-06	4.02137543835277e-05	0.000312265895781181	0.00226628877923532	0.0113357089913385	0.0464444491157391	0.154177706408519	0.350435450983546	0.36288587306041	0.0715640317213406	0.000532222946272901	
2.52854976399187e-05	8.07308057178126e-05	0.000684536303577075	0.00412031753710723	0.0186244445568244	0.0669276658073659	0.193014866044745	0.371238934548337	0.30215590855058	0.0429487886418763	0.000178521706228823	
3.6285786857288e-05	0.000221983637244585	0.00138983711340772	0.00750658404077913	0.0290130784343201	0.0915045215444572	0.232492184072003	0.373979919628507	0.239313912001173	0.0244883322899899	5.33614512607176e-05	
6.684485857734e-05	0.000491721767890843	0.00281786180084933	0.0124957153666563	0.0429189776216233	0.121693964702862	0.26779698575472	0.359020683142246	0.179554141741013	0.0131254000390081	1.77032045547293e-05	
6.09509692118369e-07	0.000162434332949545	0.000975825017081509	0.00542158871139289	0.0199309669322707	0.0604892656200573	0.155909531695418	0.293355491042341	0.329745048190884	0.127312251205763	0.00669394019368999	3.04754846059185e-06	
1.01019593821642e-05	0.000327548379967141	0.00203110607577755	0.0091514568402969	0.0304099589401269	0.0836849376418292	0.190027039577946	0.308691695240416	0.286529833075835	0.0859444092236399	0.00319099468483877	9.18359943833106e-07	
1.01058449451023e-05	5.51227906096489e-05	0.000789787094346025	0.00366229696055995	0.0148837659400564	0.0439224520332194	0.110095524733749	0.221289830426984	0.311982745341588	0.236950827714637	0.0549120990544298	0.00144544206487524	
1.2289960730503e-06	3.34901429906206e-05	0.000213538067692489	0.00163302853206558	0.00668973287463103	0.0231081986635282	0.0621365052083317	0.139179503786691	0.246125513067454	0.300403510135684	0.186685425243395	0.0332059376487277	0.000584387632735416	
7.37533834364652e-06	8.08214160157931e-05	0.000496913420903184	0.00296427140261726	0.0110605490693552	0.0347839394632229	0.0841292552629185	0.169015404623354	0.262799592389634	0.275994379992182	0.139714721912868	0.0187398128139128	0.000212962894672793	
7.69523424908673e-06	1.29279935384657e-05	0.000168063916000054	0.00114197276256447	0.00529586021022149	0.0180031544304234	0.0497370692361772	0.108825079322475	0.195087424017257	0.271055084333611	0.241980334674972	0.0985488635062442	0.0100502837386772	8.61866235897714e-05	
8.31928042538021e-06	2.55740842706132e-05	0.000372827011655928	0.00227732598607352	0.00938784577779572	0.0277756123683666	0.0689258545672695	0.134851530115949	0.216933864493712	0.265474708925325	0.202210278748275	0.0666756432729528	0.00506151183510077	1.91035328286509e-05	
1.57117273873585e-05	8.81089026036181e-05	0.000772955372840831	0.00417931948503735	0.0153528222421374	0.0408162950945831	0.0916612933585912	0.15972357218137	0.230995972560546	0.25070186750824	0.161028569773779	0.042319691754393	0.0023398150883723	4.00495011834628e-06	
1.85362194638955e-06	4.5104800695479e-05	0.000233865302236148	0.00168061723139319	0.00790137248347651	0.0239494134213351	0.0571873264160281	0.115125060783353	0.182932096267238	0.238147477869299	0.225370152855844	0.121058813570737	0.0253071914970654	0.0010587270683795	9.26810973194773e-07	
1.42371311809267e-05	0.000110492518078062	0.000510060699699287	0.00323028126381156	0.0129879776712263	0.0353220129570274	0.0768758658342278	0.138462290791547	0.201853117374623	0.235168313840844	0.193807590743141	0.0865125466266046	0.0147218126467817	0.00042339990120669	
9.3246469067038e-07	2.61090113387706e-05	0.000203277302566143	0.00118640590809628	0.00608557539287846	0.0206851750547046	0.049811331310921	0.0991402675552019	0.160861970360056	0.21261096329819	0.222723232046946	0.159477881937537	0.0592258056494927	0.00779633727869505	0.0001647354286851	
7.49436751441495e-06	7.21332873262439e-05	0.000469022500277135	0.00254683589364868	0.0103222421898542	0.0313951545791366	0.0677590748203303	0.12216787070967	0.180291062498341	0.216790193620107	0.201680924180421	0.124529845537963	0.0379233732148182	0.00397451290514473	7.02596954476401e-05	
1.34844258017902e-05	0.000149583049010557	0.000988126179103279	0.00440627132420825	0.017318079416369	0.0453700753622607	0.0884349410950106	0.144456458475495	0.193892872195239	0.211742488861237	0.1758704667242	0.0922340996668406	0.0231662435274756	0.00193924858507606	1.75611126720989e-05	
3.03121775384238e-05	0.000391848045054	0.00190366789978289	0.00797210269260547	0.0269863633091299	0.0628384070445501	0.110120036223052	0.16390646925019	0.200854171902885	0.199125746279496	0.146176055653158	0.0652277012886465	0.0135091271229576	0.000942835022184725	1.51560887692119e-05	
3.15944386205363e-07	9.4151427089198e-05	0.000807553851140907	0.00367380132279596	0.0137764390160986	0.0395957302011871	0.0826162975488403	0.132301395779109	0.178664970677202	0.199942877254974	0.17960680089248	0.117151862460562	0.0439080551285041	0.00750968211571526	0.00034817071359831	1.89566631723218e-06	
1.4586920605928e-05	0.000248928971209858	0.00165561548877283	0.00655142999387984	0.0220281527567694	0.0560042619176727	0.103608043101179	0.153858716160722	0.186896822905271	0.192525471617341	0.15547881566889	0.0888540071222225	0.028121680286411	0.00402472165935735	0.000128111215756411	6.34213939388174e-07	
6.90954733867799e-05	0.000688089022990006	0.00326181580356762	0.0115806560694801	0.0335915444971664	0.074906498222304	0.125830180520681	0.169720134675675	0.190170165911923	0.178537290222003	0.128416006969409	0.0639187258922072	0.0173365955736867	0.00190474249677289	6.84586487472704e-05	
3.19987917256244e-06	1.05596012694561e-05	0.00016703369280776	0.00143098596596992	0.00569642490299566	0.019074799735562	0.04892263268139	0.0966085120625845	0.147159883242809	0.180257513476291	0.185261164538427	0.157846199727498	0.102028467405071	0.0443714445342544	0.0102367334609445	0.000896286156234741	2.81589367185495e-05	
1.1820425375578e-05	5.65463592291166e-05	0.000485276382310893	0.00291293617768975	0.0103316907201674	0.0295146437499501	0.067964890141925	0.117700767528972	0.162204669068023	0.185921873377687	0.175427571940866	0.133952894007524	0.0780333367942687	0.0293890916642041	0.00566453952255066	0.000421062720135456	6.38941912193408e-06	
2.24212948489958e-06	5.60532371224895e-05	0.000128121684851404	0.00105444146632706	0.00540096962491096	0.016975802938599	0.0434226811256259	0.0892630184443978	0.138675708641039	0.174269193909608	0.183176854048901	0.15841317449661	0.110535382084489	0.0567508596965054	0.0186493924469704	0.00303231997622062	0.000191862223064978	1.92182527277107e-06	
2.89280796512174e-06	1.38211936111372e-05	0.000116033741712105	0.000295709258656889	0.00233996022067625	0.00966872848875855	0.0265665840823563	0.0600392650467799	0.111610638333434	0.157156614051847	0.180133223449487	0.173736903615496	0.138100402293161	0.0874309422454104	0.0398429655267289	0.0113025221428379	0.0015662948015598	7.64986995221081e-05	
1.93286701842699e-06	1.67515141597006e-05	0.00014657574889738	0.00076348247227866	0.00429805195997548	0.0154252452405566	0.0390864368466305	0.0807055737764066	0.132154950217399	0.17085223650432	0.180649939420726	0.159544320157516	0.115883753511778	0.0666323690152397	0.0266484375830529	0.0064316150038158	0.000729335154953117	2.89930052764048e-05	
3.55459387633956e-06	4.03931122311313e-05	0.000333808679478069	0.00168746265656774	0.00738935437911424	0.0243428282998668	0.0547462391588926	0.102163552034569	0.151650931125866	0.179919646789701	0.17295199650228	0.141071490315186	0.0941014099781328	0.0483919178875889	0.0173502958553112	0.00355136242736107	0.000292122987655542	1.16332163225658e-05	
1.03649263847299e-05	9.36082414120917e-05	0.000669185559714122	0.00342722768990084	0.0126691790816351	0.0357858800551284	0.0732858598111316	0.124571839466725	0.168184858462072	0.18077014642078	0.160118678407105	0.12100468527063	0.0728605739254082	0.0337115991623844	0.0108802575684207	0.00184139395303717	0.000111099054686323	3.56294344475089e-06	
3.23983073828291e-07	5.28092410340114e-05	0.000209293065693076	0.00116212728582208	0.00632674146571886	0.0200078987073399	0.0499329193045639	0.0947203394305868	0.145005428336402	0.178139825262969	0.175892678662896	0.143936932158916	0.0993707924723181	0.0550097340714532	0.02279642102378	0.00641778070946461	0.000974865069149327	4.30897488191627e-05	
1.39728932370222e-05	7.47387312677931e-05	0.000464030035871341	0.00252909367590102	0.010849789123045	0.0306539281539826	0.0673369972642375	0.116518981850511	0.162465754225907	0.181138088904645	0.164606206499215	0.124740567240974	0.0794248497182837	0.0401022035902537	0.0149808912561209	0.00362352866246592	0.000463055182854805	1.33229912259979e-05	
3.03550463306135e-05	0.000204325365623269	0.00110681679685065	0.00467859391508616	0.0175324872435366	0.0436401118762976	0.0875681070952146	0.137310888877356	0.175636256459015	0.178154419711066	0.148177669065368	0.104858406764802	0.0611898982322592	0.0282713192792733	0.00944172500221135	0.00199918987930116	0.000196165406932244	3.26398347641005e-06	
9.01263768442724e-05	0.00048569923812077	0.00238097501008596	0.00871636770381916	0.0266505334989911	0.0595161819451632	0.108764183843389	0.1555663197402	0.179681188593212	0.169430378357085	0.131277097314529	0.0866560197373488	0.0452191889871467	0.0188259253275111	0.00564453304868692	0.000991390145286997	0.000102580203462754	1.31092911773487e-06	
2.29197615166072e-06	4.91137746784439e-06	0.0001725530617036	0.00113616532089467	0.00443137217665373	0.0151640416445518	0.0400316554649061	0.0778525362189531	0.130248093321411	0.168244146538478	0.178442458137874	0.155690993155832	0.111622185412358	0.0689246342579056	0.0321115681602602	0.0121301200700821	0.00329062290345574	0.000467890560103309	3.17602409587271e-05	
6.57677962724128e-06	5.03123641483958e-05	0.000323248718678909	0.00215488184486561	0.00791877151017987	0.0245494741535849	0.0552738866991866	0.0980686628946643	0.149158073556019	0.176640462584372	0.171069601401117	0.1387963572533	0.0922705739752884	0.05182469462368	0.0221887391063866	0.00770305313840635	0.00179710503314368	0.000186780541413652	1.87438219376377e-05	
1.81313202073564e-05	0.000139446335412941	0.000811623824554752	0.00398229723827027	0.0132872907686856	0.0364119765611479	0.0740245761803902	0.120548554851364	0.164601729068627	0.177709684597443	0.158921351277846	0.118485540272135	0.0734440442733873	0.0373726068717704	0.0146296677847647	0.00462216801140625	0.000906566010367819	7.91184881775551e-05	3.62626404147127e-06	
5.60927629117291e-06	3.00261260292197e-05	0.00031114985544565	0.0016286698690135	0.00703040293741302	0.0207572918941998	0.0511635288815037	0.0944918886565255	0.140779966568713	0.175136453894718	0.172766369682984	0.143128273590141	0.097710953332801	0.0564560460409398	0.0260247322890401	0.00948132671922669	0.00265978683430264	0.000406177594966697	2.73864665980795e-05	3.95948914671029e-06	
2.6536549120811e-05	8.49169571865951e-05	0.000661755193700223	0.00347993671033035	0.0113699161776755	0.0316149812088062	0.0693287248193027	0.113431474337498	0.158110730385344	0.178843404506569	0.16040746871175	0.12531553615439	0.0789187019646998	0.0425659516172368	0.0181765410271635	0.00586955295865937	0.00156134420889571	0.000222243598886792	1.02829127843142e-05	
2.9793047560628e-06	2.25103026013634e-05	0.000179089319225553	0.00142311457181267	0.00618271943655388	0.0182730691705185	0.046189154734827	0.0894387287770053	0.132390041309716	0.170385776931508	0.175784608183356	0.145436747870376	0.105616022568565	0.0619255114224889	0.0304471704715147	0.0119539637829093	0.003452683178415	0.00077892267677953	0.000108248072803615	8.93791426818841e-06	
7.60769435591771e-06	8.66615617934974e-05	0.000475977051224591	0.00280326998549577	0.0101066565671768	0.0282804460755047	0.0637326325434011	0.109964591144313	0.149662863370771	0.175935870444273	0.16591554466957	0.128646111558569	0.0860056462322894	0.0468832433916425	0.0212853364998983	0.00777870209426595	0.00196344668246641	0.000413130880458314	5.12692445724889e-05	9.92307959467528e-07	
2.8159653974172e-05	0.000285240730256024	0.00104820170793271	0.00524365886003758	0.0167447241231829	0.042390880512625	0.0836510680956752	0.129318738460754	0.162440123465175	0.173182534521251	0.15246829305785	0.110667440118496	0.0675669363257217	0.0342739430770816	0.0144545160299658	0.00494649168809837	0.00107702394200039	0.000196454997725694	1.55706321974833e-05	
0.000135611966320719	0.000669151016297853	0.00223248312439412	0.00917706963328017	0.0260506957784754	0.0597765009209075	0.104936605530197	0.147578814969185	0.169145407043771	0.165797012313303	0.134676870669738	0.0908128337093733	0.0520429893232798	0.0241828141693718	0.0093516164220482	0.00276767195498343	0.000583362424464795	7.45700836702735e-05	7.91894693843613e-06	
1.81896592779168e-05	0.000239772781390722	0.00125045639508734	0.00454609193516809	0.0154569110122182	0.0381880321302141	0.0785403029934226	0.125408109809981	0.161389240188167	0.171102518242575	0.154512226096803	0.114897793958123	0.0719321651382943	0.0379442906958901	0.0166676808779719	0.00585640884533366	0.00170387499272414	0.000301617622935639	4.20015768780989e-05	2.31504754446214e-06	
5.66056473236453e-05	0.000440266145850574	0.00217915190837168	0.00851236386507332	0.0239743122910391	0.0543622761428713	0.0983206991293985	0.144493031877917	0.169122115925717	0.166512628686815	0.138899665662551	0.0951428382270184	0.05553709159522	0.0266460326392797	0.0113380118507729	0.00331325101790857	0.000968254493693932	0.000162865371246979	1.85375219305505e-05	
6.61825632771488e-07	0.000114164921653082	0.00095005069584347	0.00392561874078408	0.0140187905533656	0.0360135727200769	0.0723226505851862	0.119278186491874	0.159577742009779	0.171659699848839	0.155875820332872	0.120791450801206	0.075833635567039	0.0412489443881157	0.0186876394797521	0.00709477078331035	0.00198878602647832	0.000529791419033576	8.10736400145072e-05	6.94916914410062e-06	
6.26854582274004e-06	0.000297590964847975	0.00199702672973924	0.0068294157121431	0.021737007449012	0.0505630803766142	0.0916065491127368	0.13959820600817	0.169736714476976	0.167569117316165	0.141465572816418	0.10125582067472	0.0587728958636176	0.0299121809722581	0.0126519050110755	0.00458362669028039	0.00109402620780031	0.000270867164235241	5.08082135106298e-05	1.31969385741896e-06	
6.12843620759188e-05	0.000763089153590473	0.00376371649458721	0.0115557265953044	0.0319976856916171	0.067226309310742	0.112718416148495	0.158247754883639	0.172550404740378	0.157269511491147	0.124430977992983	0.0824992949003503	0.044190637858184	0.0209493672554359	0.0083119387209097	0.00273868611599482	0.000598016758966627	0.000110377748900176	1.64742908806233e-05	3.29485817612467e-07	
3.95510168566434e-06	1.38428558998252e-05	0.000168091821640734	0.00161994373208669	0.00654404533073879	0.0190055819668457	0.0470940549548196	0.0867287881304762	0.133822183901681	0.169974779634918	0.168306385907182	0.143443957527481	0.105057718117266	0.0642766646363811	0.032554112382896	0.0140310528217014	0.00534663829540391	0.0016311498535294	0.000315089767624592	5.8337749863549e-05	3.62550987852564e-06	
1.48051542993181e-05	4.04674217514695e-05	0.000507652290752174	0.00299787924389748	0.010347157838079	0.029509304545972	0.0640977640268967	0.107535099730809	0.152760240067222	0.173743091750502	0.159965086156128	0.126167879921645	0.0863403698393345	0.0486102566160945	0.023940921512284	0.00902588006772207	0.00332918569677333	0.000842577781345637	0.00019115099217564	3.25713394584998e-05	6.58006857747471e-07	
1.97046082182009e-06	3.71103454776118e-05	6.89661287637033e-05	0.00113498543336837	0.00570284202848432	0.0171745365229839	0.0426023481981614	0.0838946683599493	0.127558109710661	0.166135134859981	0.173182816399357	0.14563380364949	0.108216066283675	0.0676281858656875	0.0362623905039552	0.0164832331846621	0.0057557160605365	0.00196816195086131	0.000465357164086512	8.2102534242504e-05	1.14943547939506e-05	
2.43459493604253e-05	9.14618097594357e-05	0.000276688424488077	0.00240827499078802	0.00960842501447597	0.0258886271516555	0.059030044217508	0.104595462441438	0.146483655313997	0.17333164447018	0.166509185660894	0.128586092540928	0.0887969153024162	0.0522220613781123	0.0255915407695952	0.0112823735326631	0.00385258198662947	0.00111300468495026	0.00026813444228036	3.94799178817708e-05	
2.76146740432913e-05	0.000199548894574736	0.000665710892115057	0.00446700227262192	0.0151834682781363	0.0387742898179766	0.077568961895366	0.124147027099529	0.160735155222412	0.175145412627336	0.152951104603399	0.111037289343596	0.0719211035612738	0.0390875848699201	0.0177568929020754	0.00722682594635324	0.00235546594666883	0.000619028943137112	0.000119663587520929	1.08486219455787e-05	
7.21302488690305e-06	5.73763343276379e-05	0.000408847365180368	0.00164161889130562	0.00811858737497697	0.022788896400635	0.0546983349059913	0.0986876229083048	0.143056578311483	0.17031459935909	0.168951009790698	0.135996010541508	0.0932673625705647	0.0552006237299339	0.0285376772354967	0.0119437856184087	0.00459535258249242	0.0014016218814323	0.000286225942103016	3.24586119910637e-05	8.19661918966255e-06	
2.3802886018413e-05	0.000197596560646004	0.000777669632245411	0.00341424684244935	0.0134724334864218	0.0338340091070494	0.0727367286682937	0.120812689220716	0.158295061227218	0.171825860694425	0.157273167463085	0.118610433163615	0.0749510492018697	0.0421144788390713	0.0199432317471807	0.00785919125618916	0.00288536627913612	0.000796581514287438	0.000146404052359828	2.90199569265583e-05	9.78200795277247e-07	
4.85655876631673e-05	0.000477181344556221	0.00180637910623673	0.00622324003525405	0.0205771417098216	0.0497103013804361	0.0937198502224239	0.139155402057877	0.17007864365766	0.168565939682192	0.140756436733055	0.0991419210330063	0.0580459815072672	0.0307407132166195	0.0137245046961945	0.00480245213845039	0.00186896026617853	0.000461536054570771	7.46410709722505e-05	2.02084995645394e-05	
1.23868316244939e-05	0.000159398964852039	0.00106461558119992	0.00346081556203293	0.0110715456875246	0.0310785605458551	0.0679698048161305	0.113706550743308	0.155344233310537	0.172929622586279	0.15861305298239	0.125184580089668	0.0797500076602775	0.0440915791058924	0.0222979267703553	0.00882072799365273	0.00297512137465146	0.00116696992672863	0.000262405248887304	3.25969253276154e-05	7.49729282535154e-06	
8.20917366981134e-05	0.00041209397705029	0.00194992404061415	0.00638058841132866	0.0179502903463715	0.0447455564985748	0.0879133817707286	0.133940027243991	0.16661253844984	0.171013440477767	0.144235835496009	0.105459754607848	0.0618968424116655	0.0332101957282862	0.0159980768947738	0.00563325925453508	0.00178377821494626	0.0006632750678238	0.000103350552974517	1.53717594613997e-05	3.27058711944675e-07	
1.20847658135693e-05	0.00017408595077385	0.000881534673806041	0.00337132304669358	0.0106969774367624	0.0280810763672279	0.0603320501707218	0.108443462566295	0.150879934258874	0.171096767619099	0.163083261423533	0.130158806887402	0.085138808233057	0.0480467425677057	0.0241822696235367	0.0105522868622918	0.00342194841699366	0.00106443923747087	0.000332494367519285	3.72341433174838e-05	1.24113811058279e-05	
0.000110813688619402	0.000346129815628837	0.00184961083210325	0.00616124108723873	0.0173557050960934	0.0405982244387857	0.0811416938784889	0.129329026374636	0.164524757570612	0.170483600714813	0.149846832667745	0.109646885662762	0.066823913463635	0.0357892362753173	0.0164515957660045	0.00672606497658409	0.00205037916207252	0.000593831001954558	0.000131020890661763	3.03108030635422e-05	9.12583318042131e-06	
0.000161812192369627	0.000788549557181564	0.00312229159924492	0.010417188947804	0.0260686930198062	0.058134530070696	0.102474652136344	0.146421476156957	0.17051000468181	0.164522953564133	0.133540965182053	0.0904032021232885	0.0509483757246549	0.0251658656366252	0.0113144815075036	0.00429404628805435	0.00131435778791989	0.000312229159924492	6.5766726073772e-05	1.85579375554703e-05	
5.84189495493952e-06	0.000351162796735809	0.00160976660980556	0.00585844699064518	0.0167733786145102	0.0381196627798592	0.0777432889608956	0.123190635312567	0.159178980083033	0.17129182472238	0.151512466603834	0.115042490049306	0.0724326818971359	0.0376672404705711	0.018036526123656	0.00765450513956936	0.00259834505606921	0.000739973360959006	0.000149292871070677	4.18669138437332e-05	1.62274859859431e-06	
3.02648663952592e-05	0.000658993058606449	0.00303690035699525	0.00965449238008767	0.0252832043008653	0.0550953994148793	0.0975033112367266	0.141681880457032	0.168418449202212	0.165531571462509	0.135906172405601	0.0949662693182595	0.0556470010120832	0.0272149488914272	0.0124863726744054	0.0048313140484303	0.00149794817222987	0.000438677848395799	0.000105113460706115	1.17154321530035e-05	
3.27095298888236e-07	0.000169435364824106	0.00132473596049735	0.00580201641167953	0.016041080552778	0.036869854995383	0.0728797764499889	0.118835030467292	0.156665237260211	0.169913251055782	0.154536501055046	0.116830263380406	0.0770175319809251	0.0417798825269944	0.0188822303189212	0.00808154354963164	0.00319735654663251	0.000823625962600578	0.000312376010438265	3.04198627966059e-05	7.52319187442942e-06	
1.15057208087536e-05	0.00045464033938589	0.00239746348166399	0.00993601175555932	0.0246547872838774	0.0517280770817547	0.0943774829756424	0.13814360125774	0.165179744014149	0.16536547922149	0.139946712075911	0.0967644269411384	0.0598613067540225	0.0306259276487402	0.0129156647101462	0.00505857233728856	0.00190929218449259	0.000482254069326899	0.00016239503084355	2.46551160187576e-05	
5.31903295355658e-05	0.000829240541206647	0.00476003893135672	0.0163386816595119	0.0362810907387377	0.0680234936069188	0.115420372094437	0.153005121468872	0.168818176952663	0.155940500834857	0.122136559728776	0.0782195181418669	0.0454489891524765	0.0212718369428974	0.00851144384984337	0.00338799272911321	0.00112756891121047	0.000332356965917883	8.19329299678281e-05	1.18934898340396e-05	
