# <P(U)> as a function of N_tot.
# number_of_species: 1
# species_total_upper_bound: 103
# species_total_lower_bound: 0
# volume: 729
# Bin widths for each
10	10	10	10	10	10	10	10	10	10	10	10	10	10	10	10	10	10	10	10	10	10	10	10	10	10	10	10	10	10	10	10	10	10	10	10	10	10	10	10	10	10	10	10	10	10	10	10	10	10	10	10	10	10	10	10	10	10	10	10	10	10	10	10	10	10	10	10	10	10	10	10	10	10	10	10	10	10	10	10	10	10	10	10	10	10	10	10	10	10	10	10	10	10	10	10	10	10	10	10	10	10	10	10	
# Bin lower bound for each
0	0	0	0	-10	-10	-10	-10	-10	-20	-20	-20	-20	-20	-20	-30	-30	-30	-40	-40	-40	-50	-50	-50	-50	-60	-60	-60	-60	-70	-70	-70	-70	-80	-90	-90	-90	-100	-100	-100	-110	-110	-110	-110	-130	-130	-140	-140	-140	-150	-150	-150	-160	-160	-170	-170	-170	-170	-180	-180	-180	-200	-200	-210	-220	-220	-220	-220	-230	-230	-230	-230	-250	-260	-260	-260	-260	-270	-270	-270	-270	-280	-280	-290	-290	-290	-310	-310	-320	-320	-320	-330	-330	-330	-340	-340	-350	-350	-350	-360	-360	-370	-370	-370	
# Bin upper bound for each
0	0	0	0	0	0	0	0	0	0	0	0	0	0	0	0	0	0	0	0	0	0	0	0	0	0	0	0	0	0	0	0	0	0	0	-10	-10	-10	-10	-10	-10	-10	-10	-10	-10	-10	-20	-20	-20	-20	-20	-20	-20	-30	-30	-30	-30	-30	-30	-30	-40	-40	-40	-40	-50	-50	-50	-50	-60	-60	-60	-60	-70	-70	-70	-70	-80	-80	-80	-90	-90	-90	-100	-100	-100	-100	-110	-110	-120	-130	-130	-130	-130	-140	-140	-140	-150	-150	-160	-160	-170	-170	-180	-180	
# Normalized histogram for each
1	
1	
1	
1	
1.53806661843855e-05	0.999984619333816	
0.000104375095942757	0.999895624904057	
0.000443696340805495	0.999556303659194	
0.0014258842551187	0.998574115744881	
0.00389995646412421	0.996100043535876	
2.90908167696393e-06	0.00945187083042646	0.990545220087897	
3.70018754664879e-06	0.0205447627545465	0.979451537057907	
9.51463218282049e-06	0.0407482623902976	0.95924222297752	
4.06851269706198e-05	0.0738823412546923	0.926076973618337	
0.000164658781017565	0.124404070005619	0.875431271213363	
0.000444671198279231	0.193070527282811	0.80648480151891	
2.64089156499234e-07	0.00102493001637353	0.279465747636402	0.719509058258068	
1.08407103044918e-05	0.00240425801948155	0.379982231811403	0.617602669458811	
2.88477010764162e-05	0.00506316852562311	0.486948135538674	0.507959848234627	
1.58819652343781e-06	8.44391151627769e-05	0.00993443395352408	0.592062723174699	0.397916815560091	
5.02561077702555e-06	0.000236468212350571	0.0188293765465325	0.684531831292891	0.296397298337449	
1.53416100437818e-05	0.000555736598310095	0.0332058568976937	0.757401004293535	0.208822060600418	
1.85020771224724e-06	2.51099618090697e-05	0.0012605200828153	0.0554969803288559	0.803283801510774	0.139931737908034	
1.58489028993191e-06	8.18859983131484e-05	0.00256989960512458	0.0883483884703458	0.820219554851864	0.0887786861840623	
6.60190636648239e-06	0.000135471118640219	0.00502114590609184	0.134284888104289	0.807350034395932	0.0532018585686803	
1.95279565128242e-05	0.000319836260723553	0.00937843306093593	0.192954682737999	0.76692301947597	0.0304045005078588	
1.58308839437898e-06	3.06063756246603e-05	0.000716083650390759	0.0164496076579263	0.262904808894846	0.703530023271399	0.0163672870614186	
3.68708256958052e-06	8.63830773444578e-05	0.00145508079978088	0.0280128731854286	0.341487579799001	0.620514664054105	0.0084397320017698	
1.84411291977608e-06	0.000189153296628461	0.00308730847240799	0.0455061207425031	0.422034989144761	0.525077169539575	0.00410341469120461	
9.49251436138319e-06	0.000391302536452574	0.00581891130352789	0.0706454013250495	0.495589408674365	0.425787786403661	0.00175769724258279	
2.64060564931173e-07	2.00686029347691e-05	0.000895693436246538	0.0104039862582882	0.10569710668839	0.552602977018809	0.329651096775556	0.000728807159210036	
3.97504730306291e-06	7.15508514551323e-05	0.00173285562098189	0.018134165796573	0.149607795332764	0.587861000545907	0.242270653020771	0.000318003784245032	
2.11658353784822e-06	0.000229913886798763	0.00318545822446157	0.0293765920676799	0.203917214068084	0.59447661651422	0.168689855955907	0.000122232699310735	
2.24841969160676e-05	0.00045841309712406	0.00579272268547016	0.0455114533176491	0.262697685688385	0.57407101250042	0.111407608599332	3.86199147028925e-05	
2.38300630543468e-06	6.48707272034997e-05	0.000956909420871216	0.0102908803407805	0.0679699592929567	0.324359461144023	0.526940680618374	0.0694061177596987	8.73768978659384e-06	
5.29599164928037e-07	1.03271837160967e-05	0.000190126100209165	0.00205590395825064	0.0175135795845877	0.0981853019814158	0.380923467359877	0.460328388554197	0.0407910516806697	1.32399791232009e-06	
2.12192304580834e-06	4.21732205354408e-05	0.000396003888423981	0.00404597676759505	0.0276916262285603	0.135939408487427	0.426976538162123	0.382376102902658	0.0225300484196315	
8.48957016510357e-06	0.000110629711214006	0.000906261615124806	0.0076668777562915	0.0417336657353785	0.179214560886269	0.455745595173255	0.302748153452164	0.0118657661001382	
1.3254172347184e-06	2.46527605657623e-05	0.000251564191149553	0.00182722019978279	0.0130118860766775	0.0619441697149054	0.225976216182973	0.463948253590489	0.22712482275858	0.00588988910764164	
3.71239443872706e-06	6.54972447403989e-05	0.000572239085626643	0.00362727453766768	0.0205054106823089	0.0875459508250929	0.274366367191343	0.448560134558388	0.162068821959131	0.00268459152126234	
1.75388432229378e-05	0.000156255148713446	0.00115650069251857	0.00669133442959961	0.0317110257672181	0.119554587789351	0.315480739692741	0.413447403135095	0.110547328834177	0.00123728566736361	
5.05347507533003e-06	4.20236348369549e-05	0.000317039067883863	0.00227326586678135	0.011418193946522	0.0472087662366159	0.155315630744172	0.349693825903528	0.36204957246271	0.0711510672540401	0.000525561407834323	
2.20813038930137e-05	8.00779815879171e-05	0.000707665883800198	0.00412255283284506	0.0188058218022813	0.067634767784495	0.194256413421602	0.369961605135207	0.30159762224263	0.0426318147426491	0.000179576869009449	
3.29973107191764e-05	0.000211023124196023	0.0014138283213789	0.00755026368576767	0.0293327464779362	0.0927213786915076	0.233238563637709	0.372365071601503	0.238876313838487	0.024205656271272	5.21570395238594e-05	
6.38686349915494e-05	0.000470498944437747	0.00279345442294289	0.0124551821812895	0.043495604906495	0.122593183673154	0.268484314794664	0.35748658825195	0.179143803691235	0.0129956705049055	1.78299939351409e-05	
5.31275526128794e-07	5.31275526128794e-07	0.00014981969836832	0.00096532763097602	0.00539855625875774	0.0199913667727004	0.0612040031610894	0.156408843081132	0.294221183283416	0.327732449645042	0.127346743613072	0.00657665973794835	3.98456644596596e-06	
1.06702945668194e-06	1.38713829368652e-05	0.000325710741652162	0.00204602898318762	0.00911669967789048	0.0306402843633502	0.0842251698910963	0.190397268404591	0.309231538723166	0.285162288511427	0.08570487299015	0.00313439902900319	8.00272092511454e-07	
2.13526361163825e-06	1.09432260096461e-05	6.16557367860546e-05	0.000792716615820702	0.0037623344837066	0.014948713637128	0.0443902621302991	0.110588772250114	0.221591518732935	0.311861656270602	0.235788352670814	0.0547737821657445	0.00142715681642872	
5.35373463143552e-06	3.3460841446472e-05	0.000230745962614871	0.00164091966453499	0.00677809573012894	0.0233551319561743	0.0630081028773647	0.139490217388395	0.24659301712392	0.299804588685953	0.185439983296348	0.0330483361931199	0.000572046545368886	
1.25718871205029e-05	8.47933663233917e-05	0.000501538050020061	0.00298221211715929	0.0110686104052427	0.0352823324862913	0.0851702554500468	0.169293834425572	0.263065400561723	0.275222147920289	0.1384916410325	0.0186144175471446	0.00021024475056841	
6.69109361910548e-06	2.08762120916091e-05	0.000169686134180515	0.00114096528392987	0.00528034344045328	0.0180335678784683	0.0505073187182006	0.109954473799016	0.19555015509955	0.270879557638419	0.240935843117943	0.0975548067478341	0.00987980119422639	8.59136420693144e-05	
8.29285883200166e-06	2.56811112216826e-05	0.000406885105918533	0.00224575967402109	0.00933989913743568	0.0277652939042672	0.0697244844784434	0.135940822159375	0.217123897451043	0.265541887497472	0.201088451097279	0.0657982170888534	0.00497009755612125	2.03308797171654e-05	
1.3620914460123e-05	8.38621007936987e-05	0.000845565003544109	0.00420619180063682	0.0153294044562291	0.0409076122750613	0.0928746058614801	0.160656282366364	0.23148023017743	0.249763503534227	0.159768786312423	0.0417684006535902	0.00229605885517015	5.87568859064131e-06	
2.4077239785231e-06	4.86895293434672e-05	0.00023033892727871	0.00169610778042627	0.00785399561794236	0.0239520381383478	0.0575940951907051	0.116499062325273	0.183351123738286	0.238341399208661	0.22410104950013	0.120272233324505	0.025010366589352	0.00104628983111154	8.02574659507701e-07	
1.49989085615645e-05	0.000114098840129044	0.000544781785968253	0.0032475315412316	0.0129542359194398	0.0352664515930314	0.0774763264994556	0.139931513912157	0.202271798971771	0.234958438292214	0.19232618340719	0.0859662444206069	0.0145009983648511	0.000426397543393048	
8.06089955877323e-07	3.78862279262342e-05	0.000213613838307491	0.00123681068896777	0.00612225321488827	0.020691523077415	0.0498690238170025	0.0997361667574413	0.162532186500197	0.212953919330279	0.221949345844566	0.158022113197063	0.058776049132795	0.00769305384224121	0.000165248440954851	
6.47698632303376e-06	8.79790642212085e-05	0.00049791832358322	0.00264611878738942	0.0103928643041679	0.0313877455958517	0.0675179945523147	0.123287545537937	0.181326470606492	0.216483012619058	0.200909099005324	0.123714756760827	0.0377727047382124	0.00390616250164961	6.31506166495791e-05	
1.16473717570196e-05	0.000154395393058166	0.0010046535313206	0.00457633362406618	0.0173757117085882	0.0453757225433526	0.0882115054363431	0.145682617245695	0.194448808446782	0.211308785368734	0.174987946324577	0.0918598414873965	0.023095112979506	0.00189174986862848	1.51686701951883e-05	
2.61603690574065e-05	0.000367880189869779	0.00194703996786635	0.00824405880305956	0.0270274762901218	0.0629162325907513	0.110119621012553	0.165350972688847	0.201128819924827	0.197930987311403	0.145417316474792	0.0650976258647569	0.0135039280066644	0.000908800320900527	1.30801845287032e-05	
2.72515132083997e-07	8.6114781738543e-05	0.000776123096175223	0.00368467710090772	0.0140135456371554	0.0397228957130917	0.0826148698971882	0.132679714872868	0.18038594138036	0.199645130795	0.178387587916788	0.116245144802278	0.0439179936563928	0.00749689128363075	0.000341461460501248	1.63509079250398e-06	
1.25677737691437e-05	0.000237421639247518	0.0016630443246256	0.00666146652259262	0.0222747397309677	0.056253355390687	0.103402451535522	0.154331169035191	0.188509776225324	0.191993781684109	0.15429565141367	0.0881394367178439	0.0279996338952859	0.00409736746121407	0.000127590225004132	5.46424946484507e-07	
5.9538099582273e-05	0.000664796383814965	0.00324441487355013	0.0117981466365775	0.0338398644616535	0.0750811103718387	0.125678068990116	0.170696005871499	0.191084375364396	0.17774811542709	0.12726282504167	0.0634898380536254	0.0173467134008739	0.0019422590181701	6.39280055422563e-05	
2.75377025570134e-06	9.08744184381441e-06	0.000153109626216994	0.00133254942673388	0.00572921901698663	0.019206170648389	0.0489625859004209	0.0967672114083194	0.147174975938932	0.181211300922375	0.185974772710688	0.157143899641597	0.101046295008654	0.0441200809057701	0.0102393439417743	0.000899932119563197	2.6711571480303e-05	
1.34685428438471e-05	5.08506209410553e-05	0.000441438363412621	0.00274620839903829	0.0102110795531852	0.0295755457439817	0.0679141652513244	0.118274146417354	0.162711816887189	0.186836725802732	0.175278791965162	0.133455118279919	0.0772335722946027	0.0291552722336094	0.00569252086318517	0.00040378141709411	5.49736442606004e-06	
1.92956216029369e-06	5.04442679048208e-05	0.000117703291777915	0.00099427581602562	0.00517232919653583	0.0167061491838228	0.0433966799402166	0.0889693546937702	0.139051691867667	0.174882558577372	0.18410944917616	0.158304311799603	0.109951689276541	0.0564474114372316	0.0186233070159431	0.00304484908894344	0.000174211897900802	1.65391042310888e-06	
2.4868377205756e-06	1.18815579983056e-05	0.000105828760775606	0.000281288977727329	0.00214779884467046	0.009285575733327	0.0262333747990497	0.0598114866481683	0.111408119359368	0.157621301036127	0.181373088105345	0.174994349352068	0.13753290224462	0.0865947288987675	0.0397777982865135	0.0111996118322633	0.00154543148568659	7.29472398035509e-05	
1.66244359813751e-06	1.44078445171917e-05	0.000140199410109597	0.000686589206030791	0.00406190385811598	0.0150129739869138	0.0388715332855843	0.0800347450712011	0.132181444635779	0.171442266797261	0.181804000670519	0.160499785960387	0.115397691142916	0.0661638698362077	0.0266115658971862	0.00634360769655971	0.000704321937744258	2.74303193692689e-05	
3.059621452508e-06	3.83843418587367e-05	0.000325988758394489	0.00159155945011371	0.00723461399815755	0.0235877343670033	0.0544392882096653	0.101493206527786	0.151894072567545	0.180671203065407	0.174060195548751	0.14177701701372	0.0938282984944437	0.0480190898126844	0.0172495894544306	0.00349297510914504	0.000280928878821189	1.27947806195789e-05	
8.93140984258111e-06	9.79664017108116e-05	0.000671530377539067	0.00323149572366888	0.0124660152877826	0.0348805047139702	0.0728563011515099	0.12375752227061	0.168398941516291	0.181733257304707	0.16167219437204	0.121620124252657	0.0725771945939293	0.0333733293030346	0.0107469979996433	0.00179800444393461	0.000106618704995812	3.07017213338726e-06	
2.7952051051626e-07	4.69594457667317e-05	0.000213274149523907	0.00118796216969411	0.00608152774730228	0.0197626591345206	0.0494239781079536	0.0941760504031385	0.144375418407264	0.178650223406768	0.177003568079317	0.144765908560455	0.0997169854831023	0.0546635900775809	0.0225830210856297	0.00634595415025066	0.000957637269028708	4.50028021931179e-05	
1.2052691001517e-05	8.32476564523381e-05	0.000486312067154231	0.00262608516263285	0.0105362942964424	0.0302536558895054	0.0670334235136229	0.115939599760964	0.161786915150177	0.181954991327668	0.16589295864974	0.125710408031241	0.0790552820497871	0.0398798318677635	0.0147208204350853	0.00355218030377266	0.000463047570569907	1.28935764202274e-05	
2.61534442258116e-05	0.000210633652958419	0.0011454083691584	0.00474952171537347	0.0170736995621688	0.0431250609895507	0.0875367027031131	0.136788981357094	0.175325940813912	0.178782976188836	0.149447248362387	0.105877297601167	0.0606290268922087	0.027910786945888	0.00924622680323077	0.00192691827779851	0.000193760463135314	3.65585779500593e-06	
7.75630206594041e-05	0.000472429307652734	0.00238781284691824	0.00883541521882361	0.0261421225303934	0.0592259943861296	0.108441000207587	0.154813532857388	0.179960874391906	0.17035349558201	0.131979825717303	0.087305500148921	0.0448537076816159	0.0185714076193399	0.00551092312968763	0.000969678781916478	9.7588382356923e-05	1.12818939140951e-06	
1.97067911009762e-06	4.22288380735204e-06	0.000164129417312416	0.00109513453403996	0.00433521251662761	0.0153510272164861	0.0394144267787139	0.0774778122646622	0.129764433464947	0.167687337682904	0.178848419585735	0.156843535116798	0.112299993665674	0.0691694291364906	0.0319041686901318	0.0119299282813567	0.0032031981306701	0.000477748921405094	2.78710331285235e-05	
3.10895356014751e-06	5.65264283663184e-06	4.32427177002336e-05	0.000321635377404352	0.00213330740654486	0.00792867947480165	0.0245022282718062	0.0546839494337182	0.0978093747950917	0.148509906821835	0.176245446796195	0.17184995172643	0.139800032107011	0.0926688613994587	0.0519424176579518	0.022023827020085	0.00753299447623742	0.00178877882565215	0.000190494063594493	1.61100320844007e-05	
1.61809679455025e-05	1.87358576211082e-05	0.000129163866933397	0.000836584430445542	0.00398250525100797	0.0133552599642826	0.0360125893608149	0.0735285893574083	0.120099402240979	0.164079840870116	0.177605426812772	0.159818001014575	0.119306534811649	0.0737000508423045	0.0373800230905251	0.0146219174901218	0.00450398662146215	0.000919760283218037	8.23242228806267e-05	3.12264293685136e-06	
3.26775563439213e-05	3.12567930246204e-05	0.00029097232779283	0.00162677400059956	0.00704243962111084	0.0209846742260747	0.0507880263750503	0.0939184226117324	0.140388749259427	0.174588795576311	0.172819376938454	0.1438508653159	0.098447247768336	0.0566989700886698	0.0259891709419803	0.00943273182950272	0.0025985761110014	0.000435321881033804	3.15409456884806e-05	3.40983196632223e-06	
4.05538629553599e-05	7.91085918213711e-05	0.000633154325155161	0.0033374115668756	0.0114216242336177	0.0317422510706791	0.068848464493665	0.11358023210518	0.157512917262123	0.178441566452931	0.160894880960133	0.125686416969107	0.0792782326283815	0.0428320190454649	0.018022479406063	0.00589116257072651	0.00150249206343767	0.000244751130653123	1.02812610309363e-05	
2.56290362172454e-06	1.99336948356353e-05	0.000167727803688417	0.00134039859416193	0.00604617441071727	0.0182609730718564	0.0459169812868168	0.0885787902069744	0.132716546846176	0.170291561611349	0.17589378416137	0.145705342401076	0.105679337472328	0.0624385971007295	0.0305893937935587	0.0119616407367266	0.00349750914244675	0.000765453881688395	0.000119602169013812	7.68871086517361e-06	
6.54590515211118e-06	7.5704816107025e-05	0.000471305170952005	0.00271370459240783	0.0099765286609611	0.0281732911701147	0.0632619042265771	0.109299255161375	0.149846868510126	0.176086840823794	0.166157556521756	0.129208483379235	0.0861828180235522	0.0469998835967301	0.0212838682998036	0.00777198164755879	0.0020258153422925	0.000404423096571739	5.23672412168895e-05	8.53813715492763e-07	
2.42184009701037e-05	0.000260988885748411	0.00101460853946517	0.00513116685965408	0.0166274993389801	0.0417117793743561	0.0830625621130754	0.129653636976997	0.162939692192671	0.173371839641135	0.152719242060923	0.110772686658339	0.0679437266933506	0.0341573478058699	0.014451262320043	0.00483342298890398	0.00110321939477931	0.000203434568148871	1.7665186589958e-05	
0.000116671572928675	0.00062650647555617	0.00218411455502001	0.00895390450928533	0.0259152828121767	0.0588155308883022	0.104132927244345	0.148254652882199	0.170004959251531	0.166058564587651	0.135057139264129	0.0909288845601496	0.0521550318235199	0.0241385252088662	0.00924742861246842	0.00273000125755491	0.000583357864643375	8.88520737875311e-05	7.66455588582537e-06	
1.56463047553103e-05	0.000210229440257715	0.00117517972625794	0.00434512106968381	0.0152073547873568	0.03796334042348	0.077543370845586	0.124360243934425	0.162533529319895	0.171938949825714	0.154584922025929	0.11543672961507	0.0723081172744592	0.0380535200345243	0.0165515146049721	0.00577291749817294	0.00164769812986831	0.000309512355886865	4.011143582725e-05	1.99134787794858e-06	
4.87238066798914e-05	0.000400902900576651	0.00213871867215944	0.00820696961287084	0.02393963034872	0.0535765268644834	0.0977809867739084	0.143219783119224	0.170561816833819	0.166946852299621	0.139029250810211	0.0959015585349578	0.0557431691217577	0.0268069266447419	0.011275429695536	0.00333116973037784	0.000910650796192591	0.000164692165268873	1.62412688932971e-05	
5.6992088643215e-07	0.000114269137729646	0.000878248085991943	0.0040310504297346	0.0137889508867827	0.0359537440810154	0.0712814300682851	0.118460050968025	0.158575072401325	0.173063031255316	0.15632673450435	0.121226446950767	0.0764255359892217	0.041349755033755	0.0188766346399625	0.00710092928450137	0.00195596848223514	0.000508654391140694	7.69393196683402e-05	5.98416930753757e-06	
7.95776020881163e-06	0.000279090018751893	0.00189110487247973	0.00685163153978681	0.0213950067328335	0.0504536207524744	0.0907593920043836	0.138729054748822	0.168714747832789	0.168848324522009	0.142274521127569	0.101719785663413	0.0594097956617702	0.0300709548004904	0.0126505650862365	0.00454785995933585	0.00109532885159857	0.000256353561012432	4.3767681148464e-05	1.13682288697309e-06	
6.36571607201216e-05	0.000712164485556361	0.00360771274706225	0.0114690879122441	0.0318061298435568	0.066635406453813	0.112330164684485	0.156692385296333	0.172102249314407	0.159145743637836	0.125055913153445	0.0827531722011453	0.0447623513363741	0.0211634482856615	0.00820694260909104	0.00277562271764923	0.000603322108075081	0.00010003268113162	1.42091876607414e-05	2.84183753214829e-07	
3.40842955756028e-06	1.1929503451461e-05	0.000159628117612406	0.0015363496230703	0.0063126955763981	0.0186977924453863	0.0467784233911431	0.0866363146014566	0.13358175104092	0.168211963417326	0.168318476840999	0.14530334028937	0.10539460667149	0.0648453723325843	0.0328586811138634	0.0141654332412205	0.00521603336625308	0.00161474350289418	0.000298805657879451	5.11264433634042e-05	3.12439376109692e-06	
1.27643967503548e-05	3.57403109009934e-05	0.000477955744985507	0.00289524883624158	0.0101508156024044	0.0289519210558936	0.0635669794700279	0.107248163416048	0.152427320234037	0.172268582196049	0.160603058179269	0.12791315444835	0.0867162057632102	0.0495740804457668	0.0238603450188076	0.0089762074481106	0.00328016631158006	0.000826281949639633	0.00018636019255518	2.80816728507805e-05	5.6730652223799e-07	
1.69761273209549e-06	3.19717064544651e-05	7.15826702033599e-05	0.00110571175950486	0.00543122900088417	0.0168154199823165	0.0420232714412025	0.0836105393457118	0.127126861184792	0.16586949602122	0.171805481874447	0.14665732979664	0.109312961980548	0.068462175066313	0.0369233598585323	0.0165537046861185	0.00564541114058355	0.00200035366931919	0.000464014146772767	7.75243147656941e-05	9.9027409372237e-06	
2.10134025753345e-05	8.20658560036711e-05	0.000318892582325684	0.00230721480979179	0.00903178759879849	0.0255923365824597	0.0579509887941771	0.104358520452004	0.146059049932956	0.172349088273897	0.165531658962699	0.130814962224149	0.0900552084557932	0.0529793313308129	0.0260285066683477	0.0113583120217676	0.00371908829093453	0.0011489219840514	0.000258408058696681	3.46437177593352e-05	
2.38514531497832e-05	0.000232835614081216	0.000731728509130847	0.00425634860375297	0.0145760773332258	0.0383199149979641	0.0766037688703327	0.124087752903489	0.160803941623001	0.174411479590823	0.152372168988681	0.112858261603874	0.0727651046425718	0.0394934632821076	0.018090475376498	0.00732438373807924	0.00224856735110872	0.00067607511844802	0.000114430185944793	9.37021373741481e-06	
6.23976996804387e-06	5.30380447283729e-05	0.000437918401393624	0.00163879049433443	0.00766981179435647	0.0219895166192019	0.0537422878570389	0.0980693300841149	0.143668150881041	0.170732302239709	0.168294537563557	0.136072649074486	0.0945052869287313	0.0557134879151255	0.0289020472401639	0.012185987121682	0.00464040347487117	0.00132963825500862	0.00030745048387998	3.40351089166029e-05	7.09064769095894e-06	
2.06150864026279e-05	0.000204174074919178	0.000836464190747723	0.00332976005169021	0.0129152104320244	0.032904219484589	0.0720576341336129	0.120111400538138	0.159294467023769	0.172356242248163	0.156539670203801	0.119151245828975	0.0757700440767491	0.0424752675442857	0.0201799104006217	0.00804609646279005	0.00286747379907238	0.000767558970443049	0.000143176011042909	2.85222428310331e-05	8.47195331614845e-07	
4.30084525756828e-05	0.000465736269339302	0.00191642269273092	0.0060752268766611	0.0198469861119482	0.0484527001810033	0.093027282921202	0.139179596790098	0.17095237408073	0.168712539142643	0.140275746430086	0.0997366015230085	0.0589289367376787	0.0311808451670242	0.0139180445641136	0.00491965766403551	0.00184455330487419	0.00043772418509593	6.70592319765581e-05	1.89576731748076e-05	
1.0768221956858e-05	0.000146504493465673	0.000999177647891611	0.00349145428238018	0.0108634357088976	0.0299418912738297	0.0663260130204806	0.11278352303351	0.156137518128868	0.174259585559474	0.158565468805878	0.124629984057364	0.080714907923201	0.0449836804762501	0.0226010810161348	0.00910708203288162	0.00302048625889866	0.001129529808422	0.000250502847627959	3.06044202984384e-05	6.80098228854187e-06	
7.13369945411568e-05	0.000389369253073246	0.00186499345888076	0.00628135026435899	0.017338015995971	0.0432546608494332	0.0862342053215124	0.13345162200715	0.167614084480623	0.17273812700884	0.144205602881446	0.105594099322128	0.0624113438895033	0.0338299354471252	0.0162401083867579	0.00586355989792273	0.00185106711333288	0.000649422440344794	0.000101179163572318	1.56316123496559e-05	2.84211133630107e-07	
1.05005707202086e-05	0.000151264978212735	0.000852816622006131	0.00326596129319353	0.0104435270792691	0.027065362930942	0.0589178509134645	0.107211394651747	0.150655945110963	0.172263281661065	0.164944951467497	0.129849206128474	0.0853875193054412	0.0484842568064983	0.0246669758186046	0.0107330022720965	0.00355628788364687	0.00115591417684891	0.000333464070168787	3.97318892116001e-05	1.07843699288629e-05	
9.64182328012559e-05	0.00031647867001824	0.00180273737034584	0.00590958692160404	0.0168034293129577	0.039672699801265	0.0792716680127408	0.128393638211567	0.164409251159287	0.172003888490612	0.151525790175776	0.109718277267076	0.0672471800502736	0.0362135539080011	0.0168374592774758	0.00687093341924009	0.00211496229479931	0.000622464767643402	0.000132433278582902	2.92090528780275e-05	7.94032505422108e-06	
0.000144591633740586	0.000754489939518655	0.00300347218769983	0.00995068828742431	0.0254603425486591	0.0568634296510569	0.100912461270605	0.146483824059537	0.170983157773334	0.165845467620422	0.134039285177596	0.0905208963317756	0.0516356893058153	0.0256074908124658	0.0116207358606284	0.0043797913733052	0.00138370500579645	0.00032526015841448	6.39157516535005e-05	2.13052505511668e-05	
5.10929636473564e-06	0.000327562666939162	0.00156117388922478	0.00557679698210895	0.0160482998816346	0.0372893479686289	0.0759170477350205	0.121982747609275	0.159521599550382	0.172472814285593	0.152814796522272	0.11527679613056	0.0729051175280089	0.0384968450094948	0.0184096463515366	0.00776868512258054	0.00265796950885469	0.000772923000065285	0.000154130440336192	3.91712721296399e-05	1.41924899020434e-06	
2.84788073531141e-05	0.000623970669106731	0.00291822338947361	0.00926330166774744	0.0246293269631937	0.0538417483937241	0.0956184500523013	0.141373925886182	0.169311920687661	0.166646019531336	0.136940629945523	0.094966285363915	0.0561331532333556	0.0278220860555513	0.0127960977199012	0.00496328654550073	0.00153073589522989	0.000480437480047036	0.000101384554177086	1.05371587206522e-05	
2.8622884339504e-07	0.000158284550397457	0.00126083805515515	0.0056212482554352	0.0153965357150626	0.0360571060890034	0.0713849010850363	0.11676476683226	0.156742635618088	0.1715953365307	0.156357944052565	0.117680985359967	0.0768023544039742	0.0421048353210972	0.0194060293533403	0.00822335467073951	0.00322551283621871	0.000854679326377591	0.000326873339157136	2.89091131828991e-05	6.58326339808593e-06	
1.00767647942022e-05	0.000422072491094299	0.00226266555764672	0.009587034025204	0.0237699365192609	0.050891692916639	0.0927759097375233	0.136425287842786	0.166487444207113	0.166775639680227	0.14129985083509	0.0973078627268244	0.0596961941786818	0.0311248231887663	0.0132875099652006	0.00526467774362234	0.00192293463029933	0.000507868945627793	0.000158924976182847	2.15930674161476e-05	
4.65637540219081e-05	0.000789559307328007	0.00446520371642385	0.0158371714688551	0.0350619283467698	0.0674864972343733	0.113378981237121	0.152398539459889	0.170566212356748	0.156965547160262	0.123223600014461	0.078814504175554	0.0453476013159322	0.0218545967246303	0.00868717689165251	0.00354347275948086	0.00109786341780847	0.000351397274140487	7.31716134629984e-05	1.0411771085644e-05	
