# <P(U)> as a function of N_tot.
# number_of_species: 1
# species_total_upper_bound: 103
# species_total_lower_bound: 0
# volume: 729
# Bin widths for each
10	10	10	10	10	10	10	10	10	10	10	10	10	10	10	10	10	10	10	10	10	10	10	10	10	10	10	10	10	10	10	10	10	10	10	10	10	10	10	10	10	10	10	10	10	10	10	10	10	10	10	10	10	10	10	10	10	10	10	10	10	10	10	10	10	10	10	10	10	10	10	10	10	10	10	10	10	10	10	10	10	10	10	10	10	10	10	10	10	10	10	10	10	10	10	10	10	10	10	10	10	10	10	10	
# Bin lower bound for each
0	0	0	0	-10	-10	-10	-10	-10	-20	-20	-20	-20	-20	-20	-20	-30	-30	-40	-40	-40	-40	-40	-50	-50	-60	-60	-60	-60	-60	-60	-70	-70	-80	-80	-80	-80	-100	-100	-100	-110	-110	-110	-110	-120	-120	-130	-140	-140	-150	-150	-150	-160	-160	-160	-160	-170	-170	-180	-180	-180	-200	-200	-200	-200	-210	-210	-220	-220	-220	-230	-230	-250	-250	-250	-260	-260	-270	-270	-270	-270	-280	-280	-290	-290	-290	-310	-310	-320	-320	-320	-330	-330	-330	-340	-340	-350	-350	-350	-360	-360	-360	-360	-360	
# Bin upper bound for each
0	0	0	0	0	0	0	0	0	0	0	0	0	0	0	0	0	0	0	0	0	0	0	0	0	0	0	0	0	0	0	0	0	0	-10	-10	-10	-10	-10	-10	-10	-10	-10	-10	-10	-10	-20	-20	-20	-20	-20	-20	-20	-30	-30	-30	-30	-30	-30	-30	-40	-40	-40	-40	-50	-50	-50	-50	-60	-60	-60	-70	-70	-70	-70	-80	-80	-80	-90	-90	-90	-90	-100	-100	-100	-100	-110	-110	-120	-130	-130	-130	-140	-140	-150	-150	-150	-160	-160	-160	-170	-170	-180	-180	
# Normalized histogram for each
1	
1	
1	
1	
1.44824528373353e-05	0.999985517547163	
9.99982123224613e-05	0.999900001787678	
0.000446884683083348	0.999553115316917	
0.00144356353970945	0.998556436460291	
0.00387100807525217	0.996128991924748	
3.90087541216928e-06	0.00938829258125942	0.990607806543328	
5.00857858209366e-06	0.0203671065497182	0.9796278848717	
1.27975215095734e-05	0.0407311724811	0.95925602999739	
4.16803053888189e-05	0.0741325911645533	0.925825728530058	
0.000218790068707856	0.124662027650844	0.875119182280448	
0.000529656321747378	0.19329242347685	0.806177920201402	
0.0010985846567672	0.279380620189878	0.719520795153355	
5.0046932901521e-06	0.0025201411101077	0.37960932252023	0.617865531676372	
2.6724406231018e-05	0.00532094063228832	0.486399782641496	0.508252552319985	
5.56939550338146e-07	6.62758064902394e-05	0.0101986770457921	0.59163242880781	0.398102061400358	
1.67265663593067e-06	0.000229711511334479	0.0189311278054633	0.684226959433616	0.29661052859295	
1.11466068614053e-05	0.000555658352041055	0.0332269203931631	0.756860736523195	0.209345538124739	
2.45101725571853e-05	0.00122049518347257	0.0558558980109438	0.801664240716633	0.141234855916394	
7.29423438101183e-05	0.00251623245555668	0.0887251738505595	0.819188736365767	0.0894969149843063	
6.1310233123801e-06	0.000133210415605349	0.0050826183259631	0.134946609934264	0.806112518769292	0.0537189115315631	
2.06434622991796e-05	0.0002834291580536	0.00933809806760455	0.194107686342118	0.765596275249883	0.0306538677200412	
3.33831669831576e-06	3.44959392159296e-05	0.0006459642811241	0.0163877966720321	0.264361299339625	0.702019069577753	0.0165480358735512	
5.54176579500232e-06	0.000116377081695049	0.00134609491160606	0.0278235435269682	0.343480306503983	0.618615123811361	0.00861301239859261	
3.32409972299169e-06	0.000233240997229917	0.00292354570637119	0.0457268698060942	0.423654293628809	0.523263157894737	0.00419556786703601	
1.21991590343368e-05	0.000416989436082783	0.00552621904255455	0.0708344169328763	0.497016473855261	0.424383235472049	0.00181046610214134	
1.00189134822292e-05	0.000882777599045309	0.0100951685459551	0.105894906050422	0.553982462448556	0.328407738608774	0.000726927833766188	
6.76058478499664e-05	0.00179909776923051	0.0175562888524103	0.150303444098903	0.588535724382692	0.241428863562459	0.000308975486454805	
2.22898595627398e-06	0.000249089180613618	0.00326825065838673	0.0283944948504852	0.205037173913286	0.5948717720104	0.16806442661008	0.000112563790791836	
3.11716707403216e-05	0.000456998958532215	0.00567380071171604	0.0440255318248842	0.26340674076247	0.575205830438357	0.111160961044874	3.8964588425402e-05	
5.00598771753102e-06	7.62022574779723e-05	0.000970605396343515	0.00988070731269124	0.0650628223647507	0.325369733909504	0.529377638920331	0.0692506092008942	6.67465029004137e-06	
7.79821777302953e-06	0.000206652770985283	0.00206597069429761	0.0166419537432002	0.094442544402495	0.382957106460155	0.463239758433494	0.0404382152775998	
3.01469496311465e-05	0.000396376559965074	0.00400061187142214	0.0263897464641536	0.133653709805463	0.4284825030454	0.384602501303576	0.0224444040003886	
9.29556942922404e-05	0.000841081041126175	0.00742973585463521	0.040226296717936	0.177456900196383	0.457174583673284	0.304869478445758	0.0119089683765848	
2.79791969075153e-06	6.71500725780368e-06	0.000224393159198273	0.00178227484300873	0.0124748047331848	0.0596801865876683	0.224836909261226	0.467229645414042	0.22794260011796	0.00581967295676319	
3.36601358523083e-06	6.9003278497232e-05	0.000566051284582985	0.00351019116713155	0.0197820618404016	0.0849918430270785	0.273367427310937	0.452678337009768	0.162318712118322	0.00271300694969605	
2.64156245609105e-05	0.000193901924968386	0.00109933960938598	0.0063611072080933	0.0308377125193199	0.116596318673598	0.315783054657861	0.417122945061121	0.11066123366587	0.0013179710552199	
7.32304014321613e-06	6.19641858272134e-05	0.000329536806444726	0.0022712690659575	0.0111270778422268	0.0458185722437626	0.152462879227859	0.351699142471999	0.364076770246375	0.0715782109136957	0.000567253955709127	
1.35337608122061e-05	0.000106578366396123	0.000716725416346415	0.00406915075086997	0.0184594858411486	0.0651165623345286	0.19187320219495	0.373690820106432	0.302581057358898	0.0431738248043385	0.000199059065279531	
2.88416187952347e-05	0.000296333495072607	0.00148845373860897	0.00742982721042732	0.0285430232124134	0.0900780307168895	0.23212696193698	0.375099390480456	0.239968489117661	0.0248863583667274	5.42901059675006e-05	
5.09313648926706e-05	0.000539872467862309	0.00285215643398956	0.0123978260229848	0.0419793286567022	0.120590192656376	0.267768821402944	0.360150960565542	0.18050924574044	0.0131459511828527	1.47135054134382e-05	
1.12804049214151e-06	0.000156233608161599	0.00109701937860761	0.00560466918520507	0.0200108743103442	0.0589536522002994	0.154753619035909	0.293685342129041	0.330516992237953	0.128504680804022	0.00671466102947231	1.12804049214151e-06	
1.64515018235639e-05	0.000348318004126491	0.00227484559698245	0.00922588876402136	0.0307047426275998	0.0822075873191824	0.188855298830185	0.309176477529234	0.286821155723676	0.0870295792329856	0.00333908757701714	5.67293166329789e-07	
1.42575901707033e-05	4.84758065803911e-05	0.00079329231709793	0.00406113198422312	0.015479750800136	0.0441511943298134	0.109105923629503	0.220436031325637	0.311742779386034	0.236981679566934	0.0555812192178628	0.00160426404600753	
2.29179605765242e-06	3.95334819945043e-05	0.000178187143482476	0.00176296411734913	0.00722316822470602	0.0237355588200917	0.0621002248251933	0.138152904049374	0.245206135596406	0.301468582913744	0.185955186219889	0.033551321335017	0.000623941476695872	
6.30997704889257e-06	7.05570160921624e-05	0.000503650895357062	0.00326053723144594	0.0120606606775424	0.0358854131113292	0.0838974548420756	0.16743810916375	0.2623350012706	0.276214082606778	0.138941679176674	0.019161105760378	0.000225438270928616	
1.43785669629993e-05	1.49537096415193e-05	0.000164490806056713	0.00119514648596451	0.0057819093471613	0.0191493754813225	0.0516351593921662	0.108331574355308	0.192716508147759	0.27086804559041	0.241626066386419	0.0981342946651491	0.0102829759492586	8.51211164209561e-05	
1.55238613247718e-05	2.93228491690135e-05	0.000329450834781269	0.00243839614364286	0.0101181078367902	0.0289910985029248	0.0704501574809488	0.13454300627049	0.213815891604351	0.265670188091703	0.202081577316304	0.066388655392127	0.00510792533367677	2.06984817663624e-05	
2.69458176937705e-05	6.93711476797071e-05	0.000673645442344263	0.00430674430884264	0.0164833873300765	0.0426993746850349	0.0931241726344009	0.159377058560142	0.227415821552182	0.250371938281465	0.160644085307019	0.0424431027593091	0.00236148559746044	2.86657635040112e-06	
3.45532154070484e-06	5.12539361871218e-05	0.000202712197054684	0.00164703660106931	0.00850469808552151	0.0255250361081101	0.0592835275607964	0.11673746236579	0.181199365142256	0.234617484387705	0.225976301101326	0.120028656133311	0.025163379120183	0.00105848016530258	1.15177384690161e-06	
2.02287232843586e-05	0.000109235105735537	0.000425381152493941	0.00344119481243061	0.0136850202836298	0.0373948178634654	0.0796202548472356	0.139578768625597	0.199437294714581	0.231301001668581	0.193860524686845	0.0859223690955969	0.0147704357787163	0.000433472641807685	
2.72408812598966e-05	0.000175616745143588	0.00109659036901541	0.00661026065466213	0.0214194469753348	0.0522068591379826	0.103359438211885	0.16223103976705	0.207635213301896	0.219590482615681	0.158977783032756	0.0585847029121082	0.00791144742973591	0.000173877965488701	
7.66712591976469e-05	0.000413560125369126	0.00242966573654361	0.0108757019486117	0.0325306859289652	0.0711381499922167	0.12729055386853	0.180495761008715	0.210553217985683	0.198680789667502	0.124012276694958	0.037396987516525	0.00402349857925833	8.24796879247413e-05	
2.32939238964212e-06	0.000184021998781728	0.000860710487972765	0.00425696459207098	0.0182799067777166	0.0473524708447425	0.0919230648281549	0.148242531676825	0.192564463022643	0.206237996349842	0.173404628269739	0.0920558401943645	0.0226323764577629	0.00197765413880616	2.50409681886528e-05	
2.50739682062083e-05	0.000454247005410146	0.00169511687384762	0.00777642883716265	0.0288263167040444	0.0644710034135584	0.114461498630262	0.16651447351081	0.1979852191873	0.194364071685892	0.144881470104249	0.0646488536531605	0.0129247559369909	0.000953393907375595	1.80765817300572e-05	
5.82753639150788e-07	6.8764929419793e-05	0.000909095677075229	0.00341843284725852	0.01391673965656	0.0423492897107269	0.084030743750987	0.136818899399822	0.179519589554957	0.196614667559445	0.176249758885682	0.115160277647144	0.0432047720530003	0.00737766107164898	0.000357810734438584	2.91376819575394e-06	
8.16668436114945e-06	0.00022575048912606	0.00169167033195239	0.00633384705666862	0.0224017985372302	0.0584845433831773	0.105972646274067	0.157332924221336	0.186471654021917	0.189664244272529	0.152348913422646	0.0873526059306462	0.0276197265094074	0.00394392521183796	0.000146416983903465	1.16666919444992e-06	
7.24629635365199e-05	0.000653919808043272	0.00320940803018199	0.0116197868303239	0.0349306546970318	0.0763444071156293	0.128067769233511	0.17199084395393	0.188693557049098	0.176397059639941	0.126337423789708	0.0625016435652012	0.0173139732553227	0.00179813337743445	6.89566911073334e-05	
5.86011552631749e-06	1.8752369684216e-05	0.00017756150044742	0.00143455628084252	0.00567259182947533	0.0192967744166108	0.050693515371962	0.0980045720621336	0.149197369276938	0.182210330094447	0.183304413663211	0.155375689076334	0.100526765784661	0.0429775012584598	0.0101684724612661	0.000900699756394998	3.45746816052732e-05	
1.98393711152761e-05	9.39452573399838e-05	0.000512906094421402	0.0028562859296846	0.0102686250849008	0.029927691327394	0.0704023424462178	0.119872981343989	0.163729661727052	0.186553691173347	0.173867580366958	0.130768880662682	0.0763337308987702	0.0287215742657682	0.00561220798196251	0.000449303404669488	8.75266372732768e-06	
7.47177798545688e-05	0.000165780074052325	0.0010939149956833	0.00540419692104374	0.0169790317392957	0.0443666004519258	0.0920178645541771	0.142056011483189	0.174535480146377	0.1827853737611	0.156391318027474	0.10770217726443	0.0551417215326718	0.0181167266841125	0.00298053893701116	0.000185043251671081	3.50239593068291e-06	
0.000149394659841198	0.000279531414312242	0.00237164022497902	0.00952916172088642	0.0265012120808925	0.0611245916448702	0.115722504087928	0.159178259342127	0.180475751962847	0.172478469078223	0.135601331013048	0.0854893433754556	0.038403181172538	0.0110808820354089	0.00154763530429241	6.71108823505382e-05	
2.22131031588202e-05	0.000162506386267158	0.000720756741969086	0.00415560395673823	0.0153217801814694	0.0391768993080034	0.0835785543010998	0.136780690032513	0.172861199671246	0.179545005500666	0.157955038340985	0.112628616790066	0.0642993344252827	0.0256976375780235	0.00634885561599858	0.000715495743852524	2.98123226605218e-05	
6.0357598259826e-05	0.000350425667566757	0.00166891689168917	0.00714915241524152	0.024095573619862	0.0552477122712271	0.105088438531353	0.155106721609661	0.181489438006301	0.172074238673867	0.138668945019502	0.0915654065406541	0.0468925798829883	0.0166821369636964	0.00356578626612661	0.000274246174617462	1.99238673867387e-05	
9.37922981281988e-06	0.00011782657452355	0.000705200841551395	0.00348672868291579	0.0126027538591134	0.0359517602762652	0.0742623968504546	0.127260321109657	0.171913075642902	0.181431821499188	0.157803196793241	0.118928047824693	0.0706080144346347	0.0326174440778077	0.0103576007226697	0.00182836361163658	0.000110792152163935	5.27581676971118e-06	
6.26178107291815e-05	0.000218869730959943	0.00120670958620161	0.00626704799157761	0.0203835604253095	0.0499379966631144	0.0955618017309436	0.147596032020525	0.180908707328449	0.176052023111239	0.141381068002357	0.0978090203589815	0.0533802206136662	0.0218852174564411	0.00622432742911752	0.0010756218328994	4.91579074883294e-05	
0.000100231352718819	0.000442541937442741	0.0025843276850133	0.0108367090588628	0.0309685572488076	0.0676626107160797	0.117804077598996	0.164766862459724	0.183033000733271	0.164715867560973	0.122817403679722	0.0779073100308138	0.0382069021302386	0.0140962795411397	0.00349402978688235	0.000555668551914858	7.61992739967633e-06	
1.75669123692143e-05	0.000225442042071584	0.00112603908286664	0.00485783683383341	0.0176728994071753	0.044055473967007	0.0883035984063297	0.1383142556665	0.178260828830348	0.178578204380485	0.147836693298106	0.103196241149204	0.059549490676654	0.0266583750840284	0.00908794933234022	0.00201668153998581	0.000240081135712596	2.34225498256191e-06	
9.23964218455744e-05	0.000601459510357815	0.00257768361581921	0.00863524011299435	0.026885593220339	0.0602383474576271	0.11008356873823	0.156638418079096	0.182760122410546	0.168802377589454	0.129211393596987	0.0856508945386064	0.0434563323917137	0.0176435969868173	0.0056055790960452	0.000992820150659134	0.000124176082862524	
4.12737552572446e-06	3.53775045062096e-06	0.000192217774483739	0.00129658554015258	0.00431369704945716	0.0152365015657494	0.0397513433133274	0.0785551591309634	0.131444528367747	0.168907536764597	0.181480701866104	0.154997101992756	0.109908472499592	0.0679696201576304	0.0308792548082451	0.0113838913250232	0.00316687627838087	0.000470520809932588	3.83256298817271e-05	
1.18209527569713e-05	5.37853350442192e-05	0.000354628582709138	0.002322226169107	0.00779591834322255	0.0244746916356711	0.0555561137672135	0.099189023536108	0.14969877257137	0.177362757260872	0.172662155397063	0.139379080814535	0.0901560424868684	0.0504943817966784	0.0213096315349921	0.00710084632111264	0.00184584177300106	0.000206275625609148	2.60060960653368e-05	
3.18743536589397e-05	0.000162913363145692	0.000854114624897884	0.00438390415972121	0.0132396620846299	0.0367894970463099	0.0751957321420982	0.120607241853151	0.164884850946078	0.179011092275073	0.159380622281826	0.118099792698648	0.071869584311207	0.0363397145002337	0.0139468005232116	0.00428769083293589	0.000828733195132432	8.38177448068414e-05	2.36106323399553e-06	
8.28817265921284e-06	5.03210482880779e-05	0.000318502635046893	0.00167361886482819	0.00741436245599868	0.0204119932226428	0.0518549522423651	0.0953240497906052	0.141277231087278	0.176040195269348	0.174019065165166	0.142340485236988	0.0968342732515804	0.0553661773882074	0.0253393118685448	0.00888965718933857	0.00243672276180857	0.000378887892992587	2.19044563136339e-05	
4.2382265349991e-05	0.000126549862735184	0.000691248778525205	0.00366457361948725	0.0120670069584517	0.0309360690389195	0.0701319043545688	0.114969356428285	0.157048379654364	0.180839753848578	0.160619234743429	0.124665941193711	0.0772527218666821	0.0421273748245762	0.0175564057212477	0.00561475475890162	0.00139980862317928	0.00023519172602671	1.13417329809835e-05	
5.36971694432081e-06	3.10250312338536e-05	0.00023567091033408	0.0015918227563831	0.00646812237704243	0.0185249268226908	0.0457004676426823	0.0898109024346297	0.134257839488421	0.169360275788662	0.177546707587887	0.144531301273339	0.105301939183779	0.0606718351186648	0.0301831789440273	0.0114935808017107	0.00343542557393325	0.00072073534097106	0.000119327043207129	9.54616345657033e-06	
5.36875919027181e-06	0.000123481461376252	0.000680042830767762	0.00310552892717278	0.0104678873634322	0.0287431436471174	0.0634062390947079	0.110721113838573	0.150881222168203	0.173869652492148	0.167239831420961	0.128622346565336	0.0858697240756041	0.0455270779335049	0.0208641912709941	0.00759560119663677	0.00180449961673025	0.000405043054466062	6.80042830767762e-05	
3.81374844396084e-05	0.000365285593148124	0.00135030530843988	0.0057772329944063	0.0173603020965486	0.042656776345702	0.0827648961140883	0.130425429597906	0.163731371477571	0.171270675432726	0.153012354757264	0.110655911101524	0.0672494948273057	0.0333101131670261	0.0139106474493472	0.00491854369632075	0.000946286332657783	0.000229420804832019	2.68154187465997e-05	
0.00019545528089463	0.000867443527595806	0.00278892837361129	0.0101843420833525	0.0277198104260925	0.0598719088835901	0.104660102676025	0.148269659789711	0.169258368261369	0.16458515650004	0.134639754068836	0.0903174642541226	0.0510398102843727	0.0235502946001198	0.00880257363231496	0.00265193252718364	0.000481256960510947	0.000101565886144642	1.41719841132058e-05	
3.24825465371538e-05	0.000359670378929576	0.0016188120010607	0.00503420412150362	0.0167480009945565	0.0398188773205088	0.0786680029789448	0.125008194460604	0.162625345717649	0.170194960244316	0.154935250472916	0.113756830931889	0.0709460157794305	0.0367159082385778	0.0159642857353783	0.00556396492593684	0.00171744082418261	0.000232693151557066	5.4925033235551e-05	4.13414228654685e-06	
9.53935513959256e-05	0.000615347291411989	0.00255854926429196	0.00936976660377759	0.0258675513535285	0.0554501515697539	0.0993323629100451	0.144212673445497	0.169627988703519	0.165192777412691	0.138292384768123	0.093969714313979	0.0545180034718542	0.0256590987782559	0.0107777047604915	0.00336291711124772	0.00092979270156893	0.00014426802525927	2.3553963307636e-05	
1.17025378708754e-06	0.000168516545340605	0.00125334180597075	0.00455053185108989	0.0152179802472863	0.0387078993886009	0.0734942783366715	0.119697653231568	0.159870710361603	0.171012696668463	0.154227746600266	0.119603447801708	0.0744521310614026	0.0406990862073303	0.0176813644691056	0.00664704151065721	0.0021082121974382	0.000506719889808903	8.77690340315653e-05	1.17025378708754e-05	
9.31572506034843e-06	0.000394171616615993	0.00253911731176122	0.00748402062035742	0.0229521998502497	0.0530862414892118	0.0925633731308871	0.139012160514601	0.170462048318337	0.166313057269584	0.139214195301847	0.100725694982201	0.0580352204275219	0.0293602542261369	0.0120935578267811	0.00422409908205174	0.00120638639531512	0.000278307286177909	4.4249694036655e-05	2.32893126508711e-06	
6.21582386097932e-05	0.000949220204564506	0.00447539317990511	0.0118919747904774	0.0329276007558907	0.0690345663707663	0.113051893996386	0.156097345610844	0.174571122676545	0.157774456217073	0.122183926808964	0.0817996610923701	0.0435584023125188	0.0204854965078107	0.00772853463985691	0.00261413153031841	0.000662827572465178	0.000112698114862616	1.80084616533046e-05	5.80918117848535e-07	
7.00171016770846e-06	2.45059855869796e-05	0.000177376657581948	0.0019814839774615	0.00748307774173842	0.0185154390626577	0.0478531881412035	0.0894165066484155	0.133824853387106	0.168636189389258	0.169597174109776	0.142852391696672	0.103171366272879	0.0639594554303222	0.0319709755774515	0.0134456174253895	0.0051188336084422	0.00159172211145906	0.000329080377882298	4.31772127008689e-05	5.83475847309039e-07	
2.6149275171147e-05	6.39204504183593e-05	0.000646177644229233	0.00341160876732898	0.0110280209821784	0.0296335208139514	0.0649821109903079	0.10836666397426	0.152807647675126	0.173274975899085	0.161188199819977	0.124143393327519	0.0851414588622508	0.0488578868247749	0.0234326560283667	0.00889830779323942	0.00314488616058328	0.000764721025005099	0.000162706601064915	2.38248951559339e-05	1.16219000760653e-06	
1.73379336650658e-06	6.53062168050812e-05	7.97544948593027e-05	0.00150955609110506	0.00646242580809219	0.0178632730551173	0.043606636961007	0.0843721645254319	0.128659026417232	0.165505025111107	0.172728008275974	0.146163404245482	0.10510024215314	0.0672763840005548	0.0362368592911097	0.0164837514665002	0.00550479393865839	0.00184360027971866	0.000464656622223763	6.35724234385746e-05	9.82482907687062e-06	
2.19925989117136e-05	0.000127325572646763	0.000281852517631698	0.00300951353528713	0.0106843518028722	0.0261306800227334	0.0599315682922284	0.105105523962094	0.146592825551233	0.174126980636095	0.166631555675422	0.127370136597189	0.0864285987126227	0.0518625995020413	0.0252868587276471	0.0112173829501798	0.00382381844762347	0.00104638470611522	0.000296321332705194	2.37288567205331e-05	
3.81186703514715e-05	0.000295130917418211	0.00070404029027945	0.00526499695339415	0.0167335187286846	0.0391784848983647	0.0781507824434645	0.125571563471918	0.159984059465126	0.176433420833008	0.152765191878413	0.109242333671203	0.0699910767658041	0.0384565403841322	0.0171926754397364	0.00695896756158909	0.0022495791063482	0.000643974506695313	0.000138613346732624	6.93066733663118e-06	
1.26141653636807e-05	8.82991575457651e-05	0.000541262368332482	0.00178834462587819	0.00977368467224098	0.0248992156856	0.0552901802736242	0.10116961981479	0.143214926456549	0.169555023849373	0.169044150152144	0.134335127411671	0.0910914750603617	0.0535912815475975	0.0280051672208299	0.0114123794272137	0.0046110508115782	0.00130499274398806	0.000239669141909934	2.98152999505181e-05	1.72011345868373e-06	
4.14900026144385e-05	0.000279062894297114	0.000973594170938811	0.00404214929580667	0.0157764314050902	0.0360207108999352	0.0729490866515863	0.122505200459232	0.158399736282723	0.171112727768747	0.157143669080286	0.116451070214725	0.0722750161981517	0.0410864697122981	0.0197145715162607	0.00736419128596274	0.00297761813283621	0.000754208677662465	0.000112534527639162	2.04608232071204e-05	
8.37550797738839e-05	0.000596471987038336	0.00208199282762243	0.00735686511527359	0.0231622409463871	0.0513990210842095	0.0941373141896385	0.140076975445614	0.170468185236809	0.168192084352684	0.140565924019429	0.0964711381692837	0.0554266217784712	0.0298332198678367	0.0130844675638647	0.00467613664980813	0.00192976231100638	0.000387650200304801	5.82890082210138e-05	1.18841667246727e-05	
2.14215450007469e-05	0.000266078137904015	0.00131798874241438	0.00400526519027124	0.0125366773492529	0.0334362131218238	0.0695715409137416	0.114667839214393	0.155404853107392	0.172739392811944	0.157861566084057	0.125504322360429	0.0771271453254525	0.0412731162428865	0.0214914468844336	0.00831325063489513	0.00304636918905359	0.00116352812846162	0.000208578201323062	4.34068148699346e-05	
0.000141402954869267	0.000625566672341639	0.00226697217246409	0.00706562284890755	0.0200464141059063	0.0481477061329855	0.0888084086115531	0.135469121271133	0.1646009580333	0.170867371381286	0.144059067973532	0.104918164453899	0.0590481771179476	0.0305995994337094	0.0155469720819662	0.00519740700917479	0.00179638313865917	0.00070644916252686	8.25793256436521e-05	5.65611819477069e-06	
4.51097633316267e-06	0.000263892115490016	0.00119371711216317	0.00377794267902373	0.0114601353743998	0.0306323486623827	0.0632754650252727	0.109356779884654	0.150369448961686	0.169704621269705	0.162043291839869	0.130845943391758	0.083575986268588	0.0453505366934092	0.0230708245839188	0.0103447964760253	0.00330880114037482	0.00103808842866906	0.000351292281945043	3.0449090248848e-05	1.12774408329067e-06	
9.70179051310695e-05	0.000445272928751845	0.00241759646832393	0.00702118018636411	0.0181788000735766	0.0440713648007824	0.0844470764523524	0.130633207266136	0.162800531187051	0.168346814896567	0.148725644580232	0.109735662660332	0.0649307752011019	0.0328453276625527	0.0159440234727251	0.00658151522900712	0.00208392217032979	0.000524345325419364	0.000133469719197656	3.64518140665868e-05	
0.000184217230750279	0.00102747300433666	0.00390887686281976	0.0117417487198582	0.0274226105653341	0.0613980911959282	0.105461284985176	0.147082060657303	0.168181932713117	0.162624059666225	0.13246506731768	0.0901505373935782	0.0482391576401157	0.0230501110062796	0.011190776819985	0.00420899976762872	0.00129679971555516	0.000281645188654682	6.71916951064848e-05	1.73578545691753e-05	
6.1435078759771e-06	0.000431721053466391	0.00189666843152893	0.00689915934472228	0.0184076250985754	0.0395507867041086	0.0810401293934459	0.124684726345819	0.158033362598771	0.170734785881996	0.150660594646882	0.11329019473803	0.0712741858735063	0.0353704088448641	0.0168064035458093	0.00751239313088799	0.00255737477855447	0.000684163377097449	0.000116168148927567	4.24460544158418e-05	5.58500715997918e-07	
3.69783945325763e-05	0.000814084958421717	0.00344011124893967	0.0112442333314284	0.0271617513415874	0.0557236391670673	0.100316781579829	0.142806077455169	0.167727834534011	0.164150455002336	0.134618164459729	0.0939968377869888	0.0541447737762673	0.0252131020054616	0.0121053817010734	0.00456234949513286	0.00145560407569141	0.000375386732376153	9.46871011515968e-05	1.17658528058197e-05	
0.000180331675033305	0.00131134939938281	0.00628230472897276	0.018316062818539	0.0388107576860741	0.0735905388986694	0.120982266633906	0.157635806657395	0.169370326873702	0.152872232754093	0.115230249736828	0.0759196351890214	0.0400110903980146	0.0173805922543037	0.00801236173632353	0.00295913007999964	0.000787824005301751	0.000286276534115372	4.79006011807216e-05	1.29613391430188e-05	
0.000477030959309259	0.00260833713822313	0.0109643294421237	0.0276615488059461	0.0534939110405408	0.0937462377022554	0.139825156795533	0.164791480681382	0.166273684019236	0.138106709554021	0.0954612775797721	0.0583147631995602	0.0288978540421559	0.0120853521965004	0.00489013522691908	0.00170481778553142	0.000503154083271433	0.000157874531771398	3.63452159473721e-05	
0.000857324469035657	0.00482725703673375	0.0180756345671416	0.041303698710394	0.0683642746786164	0.113860719835864	0.155879232615428	0.167402216376028	0.155865094678933	0.120402625810669	0.0757386223542266	0.0447460034881117	0.0199441042542747	0.00798510653217907	0.00328226333659825	0.000985696932407091	0.000374938075838153	8.70896888070522e-05	1.80965587131537e-05	
