# <P(U)> as a function of N_tot.
# number_of_species: 1
# species_total_upper_bound: 103
# species_total_lower_bound: 0
# volume: 729
# Bin widths for each
10	10	10	10	10	10	10	10	10	10	10	10	10	10	10	10	10	10	10	10	10	10	10	10	10	10	10	10	10	10	10	10	10	10	10	10	10	10	10	10	10	10	10	10	10	10	10	10	10	10	10	10	10	10	10	10	10	10	10	10	10	10	10	10	10	10	10	10	10	10	10	10	10	10	10	10	10	10	10	10	10	10	10	10	10	10	10	10	10	10	10	10	10	10	10	10	10	10	10	10	10	10	10	10	
# Bin lower bound for each
0	0	0	0	-10	-10	-10	-10	-10	-20	-20	-20	-20	-20	-20	-20	-30	-30	-40	-40	-40	-50	-50	-50	-50	-60	-60	-60	-60	-70	-70	-70	-70	-80	-90	-90	-90	-100	-100	-100	-110	-110	-110	-110	-120	-120	-130	-140	-140	-150	-150	-150	-160	-160	-170	-170	-170	-170	-180	-180	-180	-200	-200	-200	-200	-210	-210	-220	-220	-230	-230	-230	-250	-250	-250	-260	-260	-270	-270	-270	-270	-280	-280	-290	-290	-290	-310	-310	-320	-320	-320	-330	-330	-330	-340	-340	-350	-350	-350	-360	-360	-370	-370	-370	
# Bin upper bound for each
0	0	0	0	0	0	0	0	0	0	0	0	0	0	0	0	0	0	0	0	0	0	0	0	0	0	0	0	0	0	0	0	0	0	-10	-10	-10	-10	-10	-10	-10	-10	-10	-10	-10	-10	-20	-20	-20	-20	-20	-20	-20	-30	-30	-30	-30	-30	-30	-30	-40	-40	-40	-40	-50	-50	-50	-50	-60	-60	-60	-60	-70	-70	-70	-70	-80	-80	-80	-90	-90	-90	-100	-100	-100	-100	-110	-110	-120	-130	-130	-130	-140	-140	-140	-140	-150	-150	-160	-160	-170	-170	-180	-180	
# Normalized histogram for each
1	
1	
1	
1	
1.55503570401849e-05	0.99998444964296	
0.000106705928053828	0.999893294071946	
0.000446545186139046	0.999553454813861	
0.00142546411411058	0.998574535885889	
0.00389459718299306	0.996105402817007	
2.78517063745792e-06	0.00950538950412424	0.990491825325238	
3.57755726774796e-06	0.0205518739841228	0.979444548458609	
1.07250448068539e-05	0.0406872449822679	0.959302029972925	
4.44394009251331e-05	0.07383249361382	0.926123066985255	
0.000193992731421626	0.124290627294738	0.875515379973841	
0.000491929504363201	0.193493063873204	0.806015006622433	
0.00108215291391062	0.280226903541437	0.718690943544653	
1.38836164202721e-05	0.00258274932892548	0.380685192171068	0.616718174883586	
3.45293451807353e-05	0.00539530940674616	0.487500377044574	0.507069784203499	
2.37971719440862e-06	9.24123510495346e-05	0.0103597021863255	0.592525784235801	0.397019721509629	
5.95211169018544e-06	0.000259908877138098	0.0193717427068775	0.68450633582449	0.295856060479804	
1.58681420865179e-05	0.000582360814575206	0.033713851380568	0.75726582390964	0.20842209575313	
2.77717936174864e-06	2.93587532527713e-05	0.0013060677798395	0.0563311159539829	0.802021231139481	0.140309449194082	
2.3806500761808e-06	8.25292026409345e-05	0.00259094083291011	0.0895461687404774	0.818603986795328	0.0891739937785678	
9.12364241192611e-06	0.000139631396912956	0.00505330785589246	0.135771302812502	0.80563190545685	0.0533947288354305	
1.98241046839602e-05	0.000310445479350816	0.00945728738053003	0.19407798485597	0.765607319376635	0.0305271388028302	
2.37438983127982e-06	3.20542627222775e-05	0.000703215121697372	0.0165657221212007	0.263845363904922	0.702405454764906	0.0164458154347211	
3.94305129870309e-06	0.000100942113246799	0.00142462443422143	0.0282393447910518	0.342629471075156	0.619101638850411	0.00850003568461425	
2.3658289135049e-06	0.000202278372104669	0.00307676050201312	0.0460007830893704	0.422789004731264	0.523813842386112	0.00411496509022286	
1.41966024375566e-05	0.000394744417777617	0.00568376752590288	0.0713809114061025	0.496054527572562	0.424728825175939	0.00174302729927779	
3.95274415310085e-07	2.3321190503295e-05	0.000878299750819009	0.0101296974411515	0.106148967859447	0.553247416486422	0.328853293110209	0.000718608887033734	
5.95099002653745e-06	7.41890089975002e-05	0.00173491195906988	0.0177232384970338	0.150088729261296	0.588444605606071	0.241619319928794	0.000309054748711511	
3.17186681014078e-06	0.000252559894757459	0.00319525932786556	0.028834251720936	0.204886736601043	0.594076776622073	0.168643004011619	0.000108239954896054	
2.89522268426803e-05	0.000502896214198886	0.00554653277253267	0.0442925444049822	0.263312967623082	0.57442447534004	0.111857126709619	3.45047087029204e-05	
3.57034330040948e-06	7.61673237420689e-05	0.00102984568976256	0.00977321972765421	0.0660358795699403	0.32514045333839	0.528193017519278	0.0697430860301988	4.76045773387931e-06	
7.94393488515453e-07	1.3107492560505e-05	0.000211308667945111	0.00217584376504383	0.016719996949529	0.095849135143809	0.382540581591361	0.461598621568419	0.0408906104278444	
1.19441348922818e-06	3.503612901736e-05	0.00040729499982681	0.00412032840000748	0.026523145941801	0.134039072450335	0.428621252676979	0.3834636637519	0.022789011236644	
4.39412417715031e-06	0.000119839750285918	0.000969503579813074	0.00777120834020747	0.0405869271610003	0.17785417339933	0.456487984267438	0.304170862722368	0.0120351066553804	
1.99576419008297e-06	1.2772890816531e-05	0.000259449344710786	0.00192032430369783	0.0129628875674269	0.060327959937828	0.22496892595156	0.465377083677603	0.228165741031235	0.00600285953093155	
2.39543717127615e-06	6.1882126924634e-05	0.000558136860907344	0.00383269947404185	0.0203855695670886	0.0857215176531742	0.273517004809239	0.450487910627836	0.162696894954491	0.00273598848912591	
1.87924679788341e-05	0.000173930288740273	0.00117832772624732	0.00684805529943599	0.0312838614283395	0.117488910444694	0.315339611883557	0.415163602428147	0.111211826300019	0.00129308173284148	
6.40967347921483e-06	4.56689235394057e-05	0.000331700602549367	0.00236637132760763	0.0116479791301032	0.0467381371966572	0.152913977775258	0.350181293608314	0.363240202113029	0.0719958561460957	0.000532403503367282	
3.00467647847109e-05	9.25440355369097e-05	0.000713911131284732	0.00429909110539644	0.0192687899446699	0.0667951599870038	0.191590190973231	0.371223372056268	0.302583340711483	0.0432240739486938	0.00017947934164734	
3.69200936807247e-05	0.000246401494782228	0.00145392934136158	0.00790130135304117	0.0298442774657406	0.0914783608120494	0.231417153717613	0.373214793078927	0.239534758662979	0.0248167238393045	5.5380140521087e-05	
6.19126340368324e-05	0.000525855359221927	0.00291753237146294	0.0130764307446884	0.0437963540695094	0.121783357240723	0.266485243887534	0.358255446703675	0.179882333832923	0.0131986478923975	1.6885263828227e-05	
8.02326747567947e-07	0.000166883963494133	0.00103700732123157	0.00573703740848461	0.0208693210309899	0.0616339384214221	0.155649784374687	0.292184133988567	0.328386721492328	0.127586801725003	0.00674556213017751	2.00581686891987e-06	
1.33090007158629e-05	0.000354906685756344	0.00214799205492988	0.00954618324074167	0.0317173652211613	0.0849146509916214	0.189573406196751	0.307786370373358	0.284414151904095	0.0862342585777518	0.00329659914701404	8.06606103991692e-07	
1.25246756311022e-05	5.17147897026157e-05	0.000815315981405301	0.00390123444819107	0.0155132248454011	0.0456940569202065	0.111285379178494	0.220680744402076	0.310437418236089	0.235099070184242	0.0549930225436081	0.00151629379495247	
1.62041528813212e-06	3.36236172287415e-05	0.000182296719914863	0.00174599747296236	0.00697345719247657	0.0238452211725082	0.0641218584704981	0.140091788423996	0.244659617590094	0.299519587377451	0.185166475390145	0.033054041254963	0.00060441490247328	
4.45073121467738e-06	8.61823407932983e-05	0.0005061695226874	0.00322192478749781	0.0115468152185875	0.0360298830185992	0.0863575377583852	0.169796205063799	0.260775624882663	0.274436537428222	0.138255491393095	0.0187634735772226	0.00021970427723362	
1.01284982313616e-05	1.05336381606161e-05	0.000161245691843277	0.00116801841604062	0.005624962777769	0.0186647965407532	0.0515094906054128	0.110900168254613	0.195482851844784	0.268929049059609	0.240254055146837	0.0972141363044675	0.00997859645753749	9.19667639407637e-05	
1.09391592324276e-05	2.10680103735642e-05	0.000348027325209455	0.00242079542273165	0.00983349384186108	0.0285852385364701	0.070928698154969	0.137065639412089	0.21694662135964	0.262874073665919	0.200396888903114	0.0655292101886519	0.00501904831745602	2.02577022822733e-05	
1.90062635748194e-05	9.26049863539071e-05	0.000703231752268317	0.00434839047276665	0.0160801077614706	0.0421235415220135	0.0941420673719473	0.16166404285872	0.230004905233557	0.247723595548329	0.159221940183649	0.0415913661419186	0.00228115601756502	4.04388586698284e-06	
2.43220630298156e-06	4.45904488879953e-05	0.000247274307469792	0.0016401177836439	0.00824315252852167	0.0249264662961065	0.0588298006888008	0.117660006745319	0.183826557747064	0.236217497616438	0.223345045757908	0.119222293927267	0.0247509420745747	0.00104301113626193	8.10735434327187e-07	
1.8669013009867e-05	0.000111608229950292	0.000495946389088205	0.00326098955509307	0.0134615759244408	0.036484121598587	0.0790287730075293	0.140380019935259	0.202135897427572	0.232418254073903	0.191986853768056	0.0853640619876168	0.0144347996896074	0.000418429400286366	
1.22158889624557e-06	3.21685076011333e-05	0.000204412541971758	0.00117883328487697	0.00636244216794567	0.0216037996301029	0.0510705597890397	0.102162293785614	0.162362601788895	0.211167928567996	0.220059466947469	0.15769816818673	0.0582551312841587	0.00769071649446335	0.000150255434238205	
9.79457111409573e-06	7.5499819004488e-05	0.000452590806897174	0.00263922880811905	0.0106348636942592	0.0326175542384578	0.0700630158219053	0.125564769254188	0.181663991524431	0.213551442107759	0.198799185581412	0.122828410949188	0.0371406055575213	0.00389375012498281	6.52971407606382e-05	
1.75745703324087e-05	0.000170841172068531	0.000984993360490813	0.00462579039586515	0.0180212913876022	0.0468991714203155	0.0910064384234057	0.14739015587009	0.194176523071528	0.208304842775033	0.17310870035235	0.0907808299856502	0.0225530782677359	0.00194055953344829	1.92094140842607e-05	
3.90210401448461e-05	0.000447304344397236	0.00177894868281398	0.00833653716610312	0.0283009335475794	0.0645112265586236	0.113129388840147	0.166390233403325	0.199701879253293	0.195555380303165	0.143926025965832	0.0638527978496532	0.0130880676123724	0.000929111503238336	1.31439293119482e-05	
4.10035201522051e-07	9.14378499394173e-05	0.000890596457705894	0.00358657790771338	0.0141921383950812	0.0414369273602139	0.0843897548604548	0.134783081127515	0.18017766825282	0.198533304084156	0.176905177309472	0.114398591119048	0.0428564692278832	0.00741589665472781	0.00033991918206178	2.05017600761025e-06	
1.88661756539386e-05	0.000262485922141754	0.00179761843241767	0.00661833644625232	0.0227571193154367	0.0580237434921947	0.106045132813775	0.156357942208803	0.187430123376586	0.190136189180166	0.152553947009014	0.0866232252465522	0.0272788494585818	0.00395861581330033	0.000136984840617728	8.20268506692981e-07	
7.93559422387422e-05	0.000735995526462945	0.00344314331765402	0.0120793723890661	0.0348187559619749	0.0771138284924838	0.128133120621032	0.171529308246439	0.189363425545212	0.175685832702872	0.125717081674945	0.0622886582678201	0.0170467254366633	0.00189015163974869	7.52442353869938e-05	
4.1247625167981e-06	1.36117163054337e-05	0.000190151552024392	0.00157318442390679	0.00598668031688076	0.0198434075158123	0.0506821944726532	0.0992805589218201	0.149111402411006	0.181492025596626	0.18395079653289	0.154451319965253	0.0994203883711395	0.0431433660207014	0.00991592909038262	0.0009090976587023	3.17606713793453e-05	
1.39515282873391e-05	6.89369633021462e-05	0.000565036895637234	0.00307877402176192	0.010773862550364	0.0306088323842875	0.0699775831767548	0.12090107176461	0.164133164875468	0.186845432249122	0.172727306300469	0.130121390606272	0.0757600813127896	0.028571909254336	0.0054094999238821	0.000434959411311161	8.20678134549359e-06	
5.24801374979602e-05	0.000129970340522292	0.00113119296372556	0.00561332470691073	0.0177075363937454	0.0454781391527246	0.0916500001230003	0.141629131068323	0.175165168932743	0.18317412991622	0.155227226695334	0.107267761041534	0.0548466636982589	0.0178621067987198	0.00286754751297448	0.00019516051132054	2.46000644521689e-06	
0.000107006507307601	0.000315689695888326	0.00254191703182808	0.0100368823961586	0.027426874786807	0.0623733141350266	0.114825772086799	0.159302760357902	0.180424040959303	0.172336234945291	0.134617876072525	0.084934877725591	0.0383128394689197	0.0108810448426963	0.00149030135656372	7.25676313925114e-05	
1.55884133784686e-05	0.000141526384620307	0.000767524248187232	0.00445951689045612	0.0160868323851749	0.0405315156696372	0.0839477082571005	0.134809829561211	0.172397186209341	0.179999409281177	0.157597628592104	0.112157813815272	0.0646320231955591	0.0255001829587465	0.00623044269453109	0.000692453731127764	3.28177123757234e-05	
4.22999683776935e-05	0.0003400424642401	0.00175770742384979	0.00774705440268749	0.0253134509792648	0.0565205606593867	0.105441500786451	0.153422395985199	0.180870557989971	0.172112000459961	0.138122127811613	0.0911145425648565	0.0467821223085105	0.0166279943654799	0.00350021971342798	0.000270637661756311	1.47844549669609e-05	
6.57108476288651e-06	8.58347947152051e-05	0.000673946880993548	0.00367980746721645	0.0132813943841867	0.0371693409612676	0.0752192072807619	0.12783634713398	0.169759046535601	0.181545108443433	0.157801725731136	0.118000665322332	0.0700954039369012	0.0325087990931903	0.0103519226583323	0.0018719377718273	0.000108422898587627	4.51762077448448e-06	
4.79198092709677e-05	0.00021379607213201	0.0012188833537641	0.00662194424182056	0.0210445781193236	0.051403620362069	0.0967476374919673	0.147992753869525	0.179560030619529	0.175307454724996	0.14136671391751	0.0960767601621737	0.0532131051258223	0.0218690445813959	0.00624145276478869	0.00102925197177728	4.50528121350978e-05	
6.55700620210824e-06	7.70448228747718e-05	0.000465547440349685	0.00259247632715855	0.011257150210357	0.0317756618683042	0.0691124846217714	0.119238747972451	0.164641507980286	0.182083144477894	0.163141182998666	0.121920563509113	0.0767534459116656	0.0385998660731483	0.0143123052876518	0.00349939224748764	0.000508167980663389	1.47532639547435e-05	
2.17574520299497e-05	0.000186785673087304	0.00117079722998899	0.00476323992270768	0.0179667291611845	0.0448872656096376	0.0898775712279454	0.139734156777631	0.177285876909473	0.178356918274494	0.146580364843734	0.101802297012209	0.0589257483845092	0.0271565842770799	0.0091044673796269	0.00195776016473265	0.000218395556225156	3.28414370263392e-06	
9.21803112731583e-05	0.00048147751870355	0.00251726323240138	0.00879375478391124	0.0271903111908544	0.0608299520168558	0.111626653278574	0.157977300598349	0.180991514473132	0.168411782619073	0.129010049300006	0.0841384021530687	0.0434054040707484	0.0180405922584999	0.00544563419231117	0.000930856536160196	0.000115225389091448	1.64607698702068e-06	
2.87743405229449e-06	2.87743405229449e-06	0.00016689117503308	0.00115343999296262	0.00464130112635101	0.0152582106553027	0.0403942413501249	0.079435677633664	0.133186556792532	0.170180082154853	0.178754424568683	0.154385435579801	0.109156282897806	0.0670092731478265	0.0309681784568157	0.011662651275957	0.00313147037291134	0.000470254936546413	3.98730147246522e-05	
8.2399981872004e-06	4.1611990845362e-05	0.000322595929028896	0.00221779551208499	0.00813329021067615	0.0247611945525372	0.0559355796941725	0.100154705965965	0.151838858595451	0.178451580740652	0.170059966586807	0.137537929741655	0.089995200201056	0.0499895970022887	0.0212146993327661	0.0073908663740094	0.00173410761849632	0.000188695958486889	2.34839948335211e-05	
2.26696150905445e-05	0.000144673361759657	0.000783132157673356	0.00413246474359635	0.0136108369003629	0.0369250934091185	0.0750154050338911	0.122664050730477	0.166780770395956	0.178683142668131	0.157070343815626	0.117354414701451	0.0713268525712496	0.036080135028471	0.0139648950705952	0.00453474736774856	0.000825586164115648	7.62523416681951e-05	4.5339230181089e-06	
5.77047839738977e-06	3.75081095830335e-05	0.000332214684878296	0.00159141550659442	0.00707625522331339	0.0211599321061999	0.0520451811971435	0.0956996746274538	0.142857260622008	0.177285995625977	0.173501386151346	0.140643869979581	0.0958991683091921	0.0547399946087245	0.0250912766029359	0.00898381051067909	0.00264370346006128	0.00037549327285872	2.5142798731484e-05	4.9461243406198e-06	
3.07154882434393e-05	0.000106258986355682	0.000690683411311933	0.00346254868819961	0.0116154354460055	0.0318868275383445	0.0702185116436605	0.115129536345554	0.15986789019462	0.181067803195075	0.160044711789102	0.123132996403797	0.0768812821474941	0.0410450239248749	0.0174061351282247	0.00558689826698234	0.00158392301536439	0.000232026458487603	1.0791928301749e-05	
3.7245011341106e-06	2.44161741013917e-05	0.000202778395079355	0.0014558661099779	0.00621039872439974	0.0186564400142193	0.0467259358947141	0.0899082158770517	0.134618368991293	0.171761163467941	0.177389712348501	0.144095569043767	0.103526233523738	0.0601796616580403	0.0295179129882045	0.0113584869586593	0.00341122920538596	0.000828494585609935	0.000114218034779392	1.11735034023318e-05	
9.50136034694011e-06	0.000105341169063901	0.000534141692547546	0.00283966743586375	0.01030897597643	0.0288696768628656	0.0640069467337215	0.110520236658231	0.151704915838602	0.177367677033064	0.166627835020031	0.127340123088058	0.0842869807403295	0.0451599657290063	0.0205159156047864	0.00735322670328408	0.0019296023556764	0.000457717707148245	6.03129830718807e-05	1.23930787134001e-06	
3.51984946639082e-05	0.000342874748020188	0.0011454004263573	0.00535141348872572	0.0170720981118699	0.0425756850455261	0.0834523180486286	0.130496969616659	0.164325207588299	0.174019287118676	0.152720885047514	0.109303334829614	0.0660733718832768	0.0331292372776076	0.0138996784928087	0.00471784058477537	0.00108535593546004	0.000234380564467906	1.94626970494551e-05	
0.000169233581871995	0.000786874391623802	0.002448739930396	0.0095936088176049	0.0268480224788314	0.0600717451564608	0.104730881546375	0.148955610566764	0.170619156088538	0.167022427773084	0.133662824117309	0.0893582135521923	0.0500758462914375	0.0233534107772557	0.0089199685744356	0.00266614949542863	0.000617229049211973	9.01755582237639e-05	9.88225295602892e-06	
2.26843879855232e-05	0.000294484600393883	0.00140725694193828	0.00470185496427209	0.0160753946567955	0.0392538898569852	0.0785156161389109	0.125177402225132	0.162644999639112	0.17234113195096	0.155845045007888	0.113367909839869	0.0704882298959612	0.0362871843518967	0.0161075652433932	0.00541744429436087	0.00166173453079406	0.000339440932947011	4.78434364785581e-05	2.88710392543023e-06	
6.6847953916176e-05	0.000519515888768306	0.00229057402585613	0.00883011954229784	0.0247770703265234	0.055054241750261	0.0987426807680087	0.144434495194788	0.170491992687989	0.167152896125707	0.139376333348464	0.0940699262609298	0.0537416285316971	0.025352705485246	0.0108000709743708	0.00314432968420531	0.000952377022460087	0.000182387627351542	1.98068011603484e-05	
8.23361736568706e-07	0.000125562664826728	0.0010839557261927	0.00425225168850908	0.0143339044719246	0.0371611969374237	0.072574396908112	0.119171319346613	0.159129064422292	0.172673364988848	0.156512420823477	0.120997123997454	0.0750609493525495	0.040035552759785	0.0175981220765512	0.00678120726237986	0.00189002686629346	0.000515836127960294	9.42749188371168e-05	8.64529823397141e-06	
7.38567589192294e-06	0.000313891225406725	0.00219518700121043	0.00720554746322549	0.0220905565927415	0.0513226514576452	0.0913870709640359	0.139687339720575	0.169207065629937	0.168462343310834	0.141837802351107	0.101406560942084	0.0583156555813142	0.0289280512073528	0.0118880659787046	0.00433826395585007	0.00108815624807665	0.000263832755472581	5.29306772254478e-05	1.64126130931621e-06	
6.2279027250762e-05	0.000793647867004776	0.00407927628492491	0.0118026951249043	0.0323113426907572	0.0680033712620804	0.111974413153331	0.157901917907228	0.17303858964226	0.158573466102386	0.124200769555717	0.082395972513643	0.0437182382082652	0.0200579440791698	0.00767834849131105	0.00267799817178277	0.000602713480828098	0.000108168836803955	1.84378699097651e-05	4.09730442439224e-07	
4.91499717182871e-06	1.72024901014005e-05	0.000166290737646871	0.00170796151721048	0.00694693891928223	0.0189788519959189	0.0475865930345479	0.0879313473195039	0.133036685948474	0.170096583790257	0.168822780356558	0.143881217625016	0.104523149022305	0.0640661689685919	0.0318917783156059	0.0133188231694605	0.00509111790381924	0.00158262908932884	0.000293671081016765	5.07883041088967e-05	4.50541407417632e-06	
1.8397767083451e-05	5.02872300280995e-05	0.0005552037266517	0.00301927799802858	0.010562771341512	0.0297356976780791	0.0643807372925601	0.108366118835675	0.152584129922578	0.174445174449672	0.160087557017746	0.125971146577463	0.0857622133576783	0.0484629892119582	0.02321389366663	0.00867556927801847	0.00313538835028858	0.000787833270440226	0.000149635172278735	3.51601770928176e-05	8.17678537042269e-07	
1.22053377196605e-06	4.59734387440545e-05	7.6893627633861e-05	0.00125674294053437	0.0059171477264914	0.0173962678518321	0.0430758915694071	0.0846749372747352	0.128267521474275	0.165784288556967	0.173842659364078	0.14524351886396	0.107268237927599	0.0673303386859164	0.0359605865234357	0.0160011977504749	0.00543137528524891	0.0018861315222782	0.000452411184808748	7.24183371366522e-05	1.42395606729372e-05	
1.54722245068636e-05	0.000113191537181791	0.00027768571351792	0.00255983882828029	0.00997347734988481	0.0259623927225171	0.0595135044018479	0.105748582866384	0.146582633486617	0.173553163784897	0.166872012944552	0.127564826584865	0.0884701797302458	0.0518604535641898	0.0250202156828096	0.010872902190297	0.00367913212221103	0.00105211126646672	0.000270763928870112	3.74590698587223e-05	
2.6849438114486e-05	0.000246933468719591	0.000617537076633178	0.0046217646427072	0.0157785197986129	0.0389300580273311	0.0778584888159886	0.125152146815982	0.160863119937254	0.175441551214083	0.153226488842024	0.11008839160475	0.0715643296264836	0.0385073827818621	0.0174199968106122	0.00674937920844602	0.00218009301296258	0.000598823831886718	0.000120822471515187	7.32257403122346e-06	
8.90418249688657e-06	6.27340130462463e-05	0.000471921672334988	0.00163229854590652	0.00850511322679884	0.0234993518159878	0.0549804937692983	0.100181362008039	0.143698125548164	0.16991163408343	0.16882937117449	0.135409141114698	0.0920259403120268	0.0550938197283496	0.0279971781836196	0.0116782400802348	0.00447718485366178	0.00125548973206101	0.000245674489800461	3.48072588514657e-05	1.2142067041209e-06	
2.92921060984159e-05	0.000220693950056558	0.000829407990485282	0.00355477764282008	0.0142082765046412	0.0346172504824169	0.0726119209241539	0.122189412388314	0.159207010523891	0.171317490717813	0.157553410945377	0.117200124070126	0.0734268834924537	0.0422380132087335	0.0195510764046468	0.00760992865967749	0.0027614832077986	0.000717857230274876	0.000120779779940043	3.49097702816737e-05	
5.96476465400562e-05	0.000521616667393914	0.00183106265284709	0.00658806254436043	0.0212269560925267	0.0500711968720614	0.0936472053876637	0.140597909610197	0.171376095224866	0.16765792515061	0.140751632403964	0.0976544063397842	0.0569422854976555	0.0307273450031885	0.0133502641910358	0.00476820884522557	0.00173298430786512	0.000403922653415548	6.64530827224787e-05	2.48198260770704e-05	
1.51874430221093e-05	0.000195438411521354	0.0010795074632294	0.00361221342194274	0.0114245541786051	0.0319088177894517	0.0684909716646277	0.113329898839639	0.156443052883876	0.17397815486156	0.157843095328782	0.124683711507326	0.0785914206134368	0.0429908551609529	0.0225129862629578	0.00861887391504704	0.00297194279769487	0.00105392861182374	0.00020902717633061	3.71692684488465e-05	9.19239972390827e-06	
0.000100303196502387	0.00048145534321146	0.00196995477930689	0.00644427976888539	0.0185047361163325	0.0461515067746785	0.088100710828693	0.133889120032033	0.166715146544976	0.171642440769959	0.143830370443777	0.104756257214307	0.0611560625458636	0.032348984510378	0.0160216301837193	0.00549862123226088	0.00167506338158987	0.000617065264882687	7.70328549138335e-05	1.88570009424488e-05	4.0121278600955e-07	
1.48198051876528e-05	0.000198264961294274	0.000984916242065897	0.00338091825916154	0.0108581107792454	0.0288157093139271	0.0611897740139923	0.108519825895327	0.150878433939116	0.171550860570066	0.162762315558512	0.130088650472491	0.0841059992574076	0.0473997450192437	0.0239916624577085	0.0104788038734965	0.00344260069156421	0.000978107142385084	0.000314420191143444	3.08412162013315e-05	1.52203404629947e-05	
0.000135726267264182	0.000380432743243427	0.00199557532368719	0.00617993630446116	0.0173597887779925	0.0420052837437456	0.0821151900846373	0.129366693253047	0.164542550583982	0.170852225232152	0.149199893654478	0.109211342564316	0.0659537844076067	0.0349363403887041	0.0163554144002376	0.00663461929979617	0.00209417646490558	0.000522146934063381	0.000114568937367118	3.3133177008609e-05	1.11774573041091e-05	
0.000196444043393371	0.000849660415327427	0.0032700746247799	0.0104734221590478	0.0262376573648549	0.0595628720757987	0.10288437351519	0.147086279661254	0.170647586573129	0.164844102486295	0.132527859518552	0.0894646899817531	0.0499926133845472	0.0248381931939326	0.0112088894922401	0.00425588833034541	0.00129724938411598	0.000276698622096761	6.26864122210554e-05	2.27587611248418e-05	
7.16586183422177e-06	0.00042238774478385	0.0016445652909539	0.00597951359722283	0.017049973924225	0.0383409437440036	0.0791899391299847	0.122894928560339	0.159335724607968	0.172030446950727	0.15222718966842	0.11390097575152	0.0713473014558643	0.0368440748275217	0.0178549390702692	0.00753251509807278	0.00256458232978092	0.000671202391805439	0.000121421547746536	3.82179297825161e-05	1.99051717617271e-06	
3.7137742288827e-05	0.000778295265816385	0.00307923796547468	0.00974686036328699	0.0255978877010579	0.0555664484058924	0.0990539459649843	0.141214068735172	0.168713967904205	0.166399447965431	0.135779978444136	0.0937859771878423	0.0546272229234911	0.026539908497395	0.0124387476833836	0.00475602699634333	0.00142800609058974	0.000368981439514797	7.50741457021449e-05	1.27785779918545e-05	
4.01335322886307e-07	0.000207891697255107	0.00134928935554377	0.0058707331031809	0.0160939477830638	0.0374530136670731	0.0734712535548276	0.11988447964066	0.15663475515736	0.170297814889701	0.154790619348697	0.116404902391236	0.0764110347949698	0.0407568060450732	0.0180580828532694	0.00817118717396522	0.00308024860315241	0.000752503730411826	0.000265683983750735	3.61201790597677e-05	9.23071242638507e-06	
1.41294540580801e-05	0.000542571035830277	0.00242784390586554	0.00997176127681821	0.0249651305258781	0.0525341175853167	0.0948607138603889	0.138828345299635	0.16476235267521	0.166397332359074	0.139970812584903	0.0960423399183318	0.0587918509382967	0.0298684547827193	0.0125517995878236	0.00502968194598915	0.0018170477918691	0.000451335132483817	0.000142101937955549	3.02774015530288e-05	
6.5137960987621e-05	0.000961695237686801	0.0045280997476612	0.0164993241430818	0.0368332917286522	0.0685065241129808	0.115699988307534	0.153282973462957	0.16800374806255	0.157518559261586	0.122208524819384	0.0770444520056626	0.0447352141885853	0.0209416521657158	0.00828829980616399	0.00341670857478546	0.00107781073336039	0.000303842290072692	6.95883806824274e-05	1.45650099102755e-05	
