# <P(U)> as a function of N_tot.
# number_of_species: 1
# species_total_upper_bound: 103
# species_total_lower_bound: 0
# volume: 729
# Bin widths for each
10	10	10	10	10	10	10	10	10	10	10	10	10	10	10	10	10	10	10	10	10	10	10	10	10	10	10	10	10	10	10	10	10	10	10	10	10	10	10	10	10	10	10	10	10	10	10	10	10	10	10	10	10	10	10	10	10	10	10	10	10	10	10	10	10	10	10	10	10	10	10	10	10	10	10	10	10	10	10	10	10	10	10	10	10	10	10	10	10	10	10	10	10	10	10	10	10	10	10	10	10	10	10	10	
# Bin lower bound for each
0	0	0	0	-10	-10	-10	-10	-10	-20	-20	-20	-20	-20	-20	-20	-30	-30	-40	-40	-40	-40	-40	-50	-50	-60	-60	-60	-60	-60	-60	-70	-70	-80	-80	-80	-80	-100	-100	-100	-110	-110	-110	-110	-120	-120	-130	-140	-140	-150	-150	-150	-160	-160	-160	-160	-170	-170	-170	-180	-180	-200	-200	-200	-200	-210	-210	-220	-220	-220	-230	-230	-250	-250	-250	-260	-260	-270	-270	-270	-270	-280	-280	-290	-290	-290	-310	-310	-320	-320	-320	-330	-330	-330	-340	-340	-350	-350	-350	-360	-360	-360	-360	-360	
# Bin upper bound for each
0	0	0	0	0	0	0	0	0	0	0	0	0	0	0	0	0	0	0	0	0	0	0	0	0	0	0	0	0	0	0	0	0	0	-10	-10	-10	-10	-10	-10	-10	-10	-10	-10	-10	-20	-20	-20	-20	-20	-20	-20	-20	-30	-30	-30	-30	-30	-30	-30	-40	-40	-40	-40	-50	-50	-50	-50	-60	-60	-60	-70	-70	-70	-70	-80	-80	-80	-90	-90	-90	-90	-100	-100	-100	-100	-110	-110	-120	-130	-130	-130	-140	-150	-150	-150	-150	-160	-160	-160	-170	-170	-180	-180	
# Normalized histogram for each
1	
1	
1	
1	
1.61484937976865e-05	0.999983851506202	
9.85502736066807e-05	0.999901449726393	
0.000446188268102079	0.999553811731898	
0.00143946149343156	0.998560538506568	
0.00383586992559892	0.996164130074401	
4.53781981095443e-06	0.00933753665099822	0.990657925529191	
5.83158763677503e-06	0.0201740534523323	0.979820114960031	
1.49316229051095e-05	0.0404841741027231	0.959500894274372	
4.80091762403884e-05	0.0740599933046662	0.925891997519093	
0.00020479226870301	0.12464007434737	0.875155133383926	
0.000509598626411824	0.193116538350853	0.806373863022735	
0.00106162407107894	0.27944484639485	0.719493529534071	
2.59668429382521e-06	0.00247918432952962	0.37940868305261	0.618109535933566	
2.07999396801749e-05	0.00524548478809411	0.486386439479326	0.5083472757929	
6.50463194841046e-07	6.04930771202173e-05	0.00996964938732872	0.591509113639823	0.398460093432533	
1.95467117544151e-06	0.000235863655169942	0.0185817557508055	0.684114713135716	0.297065712787133	
1.30256925272253e-05	0.000586807448351501	0.0327778526755098	0.756773197293001	0.209849116890611	
2.54135070835264e-05	0.00128826932061876	0.0555115706394495	0.801467727778332	0.141707018754517	
7.04182190189177e-05	0.00260612612424643	0.0880592869242496	0.819446382394402	0.0898177863380831	
6.53487992158144e-07	0.000134618526384578	0.00514360398627675	0.13410749877471	0.806813265806241	0.0538003594183957	
2.15921530190083e-05	0.000273500604907438	0.00935594533390302	0.19269557092597	0.767103111690973	0.0305502792912278	
3.91633916280418e-06	3.98161148218425e-05	0.000608338016622249	0.0165347839453592	0.262431276406733	0.703912357551322	0.0164695116259792	
6.50155744808669e-06	0.000117678189810369	0.00134517223600914	0.0278734770914373	0.341920807129348	0.620121150021488	0.00861521377445967	
3.89983152727802e-06	0.000228790116266977	0.00292357370161609	0.0455500322386073	0.422109314877597	0.524953072027288	0.00423131720709665	
1.4311251505934e-05	0.000433891125202634	0.00561456417035073	0.0706507456162035	0.495998053669795	0.425435777608356	0.00185265655858636	
9.80551095863905e-06	0.000885764489930394	0.0101473964407303	0.105027481578713	0.553972800820002	0.329214147129731	0.000742604029934264	
6.89301127434054e-05	0.00180399952208455	0.0176139414763648	0.149120123522762	0.588763603850108	0.242307727656468	0.000321673859469225	
2.61936615268154e-06	0.000257352724500962	0.00330302071853143	0.0284410776858162	0.203350562214203	0.595743399033585	0.168779512889573	0.000122455367637862	
3.3380720866485e-05	0.00046733009213079	0.00572970255814136	0.0438740486494553	0.261446314637512	0.577266550946834	0.111139473815115	4.31985799448629e-05	
5.88511471396381e-06	8.17377043606084e-05	0.000965158813090064	0.0100432752101967	0.0649775515568744	0.324047494183545	0.530803998216156	0.069069014086349	5.88511471396381e-06	
9.17832368407423e-06	0.000207167877440533	0.00205594450523263	0.016766830587157	0.0940116027123258	0.381724515237001	0.464775888281444	0.0404488724757151	
3.02240455936298e-05	0.000387656236961774	0.00401059944138079	0.0265156866081853	0.13284913536233	0.427842390800852	0.385984715831552	0.022379591673144	
8.97995028012823e-05	0.000786405939972994	0.00723018055642677	0.0400393533115217	0.177284687534046	0.456715649214089	0.3060776435554	0.0117762803857417	
3.29761793271013e-06	7.91428303850431e-06	0.000222918972251205	0.00172399465522085	0.0120211364119015	0.0591777323732429	0.225241814323006	0.467116153975015	0.228773563128938	0.00571147425945394	
3.97087495582402e-06	7.14757492048323e-05	0.000575776868594482	0.00338583271233261	0.0192792597230182	0.0842493921252255	0.273814991641308	0.452960353460816	0.162995813374172	0.00266313347037264	
3.11574392032181e-05	0.000191585104887873	0.00112498243250768	0.00607570064462753	0.0302903342994349	0.116587159953012	0.315869478172557	0.417608461034639	0.110905899230212	0.00131524168891882	
8.64000935779475e-06	5.98154494001175e-05	0.000328984971700646	0.00230555326632231	0.010909673354477	0.0454783507950138	0.152337986532219	0.351688922444618	0.364519336340943	0.0718037946921099	0.000558942143838876	
1.59859004358156e-05	0.000113899540605186	0.000730022786568913	0.00409705306586258	0.0181573185783472	0.0648401443260378	0.192274413966881	0.373565848255172	0.302569134023791	0.0434383540384048	0.000197825517893218	
3.407945055907e-05	0.000314065524760057	0.0014460378629378	0.00751017538888997	0.0281957336537247	0.0902537448972705	0.23210979196166	0.374682843936831	0.240444556409175	0.0249528400544469	5.61308597443507e-05	
5.8876226783197e-05	0.000586086075705461	0.0027805636194428	0.0126035268197939	0.0416154566152459	0.121082305619803	0.267629917419401	0.359804664736686	0.180668392364556	0.0131581676380129	1.20428645692903e-05	
1.33465553208045e-06	0.000181513152362941	0.0011911800623818	0.00545406983184675	0.0201753203506941	0.058232355520202	0.154864085353891	0.293818409437616	0.330954532289989	0.128451919701785	0.00667394498816828	1.33465553208045e-06	
1.34135733289873e-05	0.000364849194548456	0.00233060836591155	0.0091634826196977	0.0306352601260742	0.0812701580856685	0.189245399312018	0.309714713415652	0.287062541456325	0.0868508752691936	0.00334869858158169	
1.55272374749201e-05	4.79319069877969e-05	0.000847922185586943	0.00418762843725781	0.0153861421430828	0.0438293408080104	0.108207967768155	0.221155118452569	0.312143379861038	0.237182603013094	0.0553924070458553	0.0016040311408874	
2.71248781923439e-06	4.00091953337072e-05	0.00018851790343679	0.00182075744866108	0.00738542620982043	0.023521338124491	0.0618053912051651	0.138121235999325	0.246243034839872	0.301432668253924	0.185582313494423	0.0332015290293837	0.000655065808345104	
7.46760079563892e-06	6.99238983591644e-05	0.000513906709299878	0.00343645411159311	0.0123357976415959	0.0358227598894795	0.0841075877612812	0.166923959457716	0.263384995553383	0.27520484986728	0.13892113534687	0.019034235555284	0.000236926607061635	
1.70071960848074e-05	1.49663325546305e-05	0.000142860447112382	0.00125309020752861	0.0061464006650494	0.0194235785045368	0.0517222847331163	0.108655574346618	0.192005121206885	0.2710566094726	0.240946389236214	0.0982138362383892	0.0103220074477913	8.0273965520291e-05	
1.83455943055275e-05	2.51402588631303e-05	0.000349245758260783	0.00250315442302087	0.0106519956269539	0.0293033498375735	0.0701895643464926	0.134712378451944	0.212811611809942	0.265853481212413	0.201823280287387	0.0666767227702119	0.0050633840283256	1.83455943055275e-05	
2.57690187225484e-05	7.3916395809415e-05	0.000733060769449336	0.0044953375029414	0.017061124790542	0.0433834992835535	0.0928308555517656	0.159558373269661	0.225968525178027	0.249598715346603	0.16106586086493	0.0429040599088997	0.00229751145873668	3.39066035823005e-06	
4.08472815453344e-06	5.51438300862014e-05	0.000196066951417605	0.00174145576988275	0.0088631793073118	0.026331519260174	0.0598249285512967	0.11694780942837	0.180874485834844	0.233395920445834	0.224929640557538	0.1203320067044	0.0254805342279796	0.00102186282665911	1.36157605151115e-06	
2.3901144864839e-05	0.000122920173590601	0.000392661665636641	0.00353668655014289	0.0141679157860233	0.0384904036903368	0.0803105783052722	0.139475472303695	0.198608270479013	0.229971352770655	0.19350025437647	0.0860734857771116	0.0148931448102078	0.000432952166980227	
3.21629443191002e-05	0.00018065994255835	0.00105727125474489	0.00679527738486521	0.0222074865753923	0.0535779906919071	0.104065601457324	0.162140245492226	0.206626387711292	0.218413080327296	0.15848188165542	0.0582991003271724	0.00794150997496081	0.000181344260522586	
9.04357358180323e-05	0.000450808440668676	0.00255206906001644	0.0111372978898328	0.0335811181145519	0.0724582077281447	0.127911756645656	0.179563579062757	0.209408742121129	0.197800767333516	0.123622225267196	0.0373492737736366	0.00400863250205536	6.50863250205536e-05	
2.74255687205904e-06	0.000190607702608103	0.000868019250006685	0.00439494738747461	0.0185911073964702	0.0488737347385281	0.0932215649989407	0.148887241831123	0.190836020467702	0.205082232139613	0.172457461228816	0.0919593031985755	0.022579470727662	0.00203909103437589	1.64553412323542e-05	
2.81103406287666e-05	0.000411370838469755	0.00169416223643128	0.00782701581995121	0.0293471956164323	0.066150487680129	0.115920874190456	0.167500606771987	0.19582691709095	0.19210263976667	0.144718889737532	0.0647634823364218	0.0127312418325748	0.000961922143955111	1.50835974105577e-05	
7.26092546660008e-05	0.00080829170288567	0.00344140467398102	0.0138567227607409	0.0432997755278042	0.0861364958088705	0.137941144034156	0.179866138674087	0.194482518636946	0.174062878244555	0.114887705677701	0.0434175943183943	0.00735682448219669	0.00036647123817274	3.42496484273589e-06	
8.23250797867232e-06	0.000212673122782368	0.00166365265402336	0.00623063645519183	0.0223814450246838	0.0594997653735226	0.108518862047864	0.158461371700479	0.185891402243084	0.188188271969134	0.150391455754386	0.0867232971743288	0.0276132038451301	0.00406480081446946	0.000149557228279214	1.37208466311205e-06	
7.26644547423839e-05	0.000609421700622446	0.00319449395376895	0.0115152595354959	0.0351867339384134	0.077878472127012	0.130737064356028	0.172869423345855	0.187716279579917	0.17454756094217	0.124156818119499	0.0622521867887795	0.0172920836875154	0.00189475993309386	7.67775370862925e-05	
6.86934910169522e-06	2.19819171254247e-05	0.00015799502933899	0.00140066028183566	0.00564248335213245	0.019401789602828	0.0513944091741531	0.0996007534302095	0.151487694934954	0.183311328518378	0.181920285325284	0.153275099571215	0.0985806550886077	0.0426085116730849	0.0101934271320055	0.000956900329866144	3.91552898796627e-05	
2.32377101560412e-05	0.000104569695702186	0.000439466106774544	0.00272017901238365	0.0100564608010585	0.030229527064756	0.0710739034363789	0.122125785725075	0.165639081454325	0.18704511328042	0.171963839389149	0.129312389321862	0.0747755339718236	0.0283588913971947	0.00566863435394723	0.000453135348042804	1.02519309511947e-05	
8.7553096164764e-05	0.000183998303658762	0.000976080220524361	0.00528807020663899	0.016728797444544	0.0446493430097745	0.0931072457027162	0.143392819278097	0.176250538656744	0.183691867822185	0.154163902132055	0.106069207986484	0.0544026211208164	0.0178587795919205	0.00296038906407108	0.000184682312222549	4.10405138272331e-06	
0.000168896972846564	0.000287877026592726	0.00210266474292787	0.00928523074608699	0.0260279124470915	0.0619195448671047	0.117661016253769	0.160388531416888	0.181664763441669	0.172811006338765	0.133539383081583	0.0837380250678665	0.0378616412409483	0.0109509514985333	0.00151802137538207	7.45334819444349e-05	
2.6040720834564e-05	0.000162411864152412	0.000729140183367792	0.00373821400401438	0.0151502172686984	0.0386752674142181	0.0849119378202409	0.139289759897701	0.173000158300171	0.180491662514999	0.158006870638608	0.110662784314989	0.0627547108006631	0.025204676639349	0.00642589050699228	0.000742160543785074	2.80965672162401e-05	
5.96910883263442e-05	0.000321096888927921	0.00167478099545524	0.00671559048894549	0.0236623707379191	0.0546948756229828	0.106909483610337	0.157446566184381	0.181334665290799	0.17320981623378	0.137555025577974	0.090174709640591	0.0456163413616704	0.0166428359716337	0.00366173952181263	0.000301199859485806	1.92109249785935e-05	
1.09692046435386e-05	0.000123403552239809	0.000720539630022439	0.00334492184098904	0.0119173552699144	0.0350267271526893	0.0737007148493551	0.130203773543512	0.173415584086152	0.18181045351491	0.159172757431808	0.117410253052695	0.0690086375630815	0.031662609203574	0.0105249518554752	0.00182225912140784	0.000119290100498482	4.79902703154812e-06	
7.33177515980872e-05	0.000222694105321293	0.00125393911611682	0.00600588871735733	0.0191468965692089	0.0489419974359343	0.095093123822719	0.150186275053943	0.182988774161454	0.176732782833505	0.141941111456001	0.0964875315283462	0.0520782156514899	0.0213615037950502	0.00636768098692546	0.00106550564238342	5.27613726453524e-05	
0.000117683007399577	0.000422557699083862	0.00263100665081043	0.0103099949348132	0.0296685055496829	0.0662754911028894	0.117925255461593	0.167645293780832	0.184823571837562	0.165524935033474	0.122389639490839	0.0769873975951374	0.0371410324171952	0.0139388984319944	0.00362133324524313	0.000568457100070472	8.94666138125441e-06	
2.06407295259444e-05	0.000253880973169116	0.00105267720582316	0.0048588277304073	0.0170967162663397	0.0421201606949596	0.0875875596947099	0.139050402597429	0.181442332897814	0.179910790766989	0.14830088954664	0.102317472308741	0.0585164682060523	0.0259158119684582	0.00914728330158101	0.0021507640166034	0.00025594504612171	1.37604863506296e-06	
0.000102482358146759	0.000609354561953702	0.00237856013671701	0.00843194375103434	0.0259633514777887	0.0582847638508716	0.109417228530812	0.158383022273987	0.185808132252098	0.170063241309254	0.129031520942062	0.0847563724291989	0.0427462225210522	0.0171159387072404	0.00570577453465739	0.00107952700237025	0.000122563360756597	
4.8547156974458e-06	4.16118488352497e-06	0.000169915049410603	0.00127817729005609	0.00414384661317695	0.0151598900614954	0.0383626569720306	0.0771601577643895	0.13143171807695	0.170840219516373	0.183669152512281	0.155656749407205	0.109608383955303	0.0672038293997421	0.0302941194828757	0.0112150867919137	0.00328040074984552	0.000476455669163609	4.0224787207408e-05	
1.39109338549006e-05	6.12081089615627e-05	0.000293520704338403	0.00231199720668448	0.00747990913378006	0.0242328467752369	0.0545468582851435	0.0981291185058544	0.150092716374143	0.17929454872235	0.174335300803078	0.139537795311737	0.0897234367240307	0.0500098072083677	0.0207613732317464	0.00706397221151853	0.00187171615017688	0.000214228381365469	2.57352276315661e-05	
1.941490412851e-05	0.000156012622461241	0.000735686188583898	0.00442174441526816	0.0129996650929038	0.0362448524501956	0.0740969816064585	0.119967466167796	0.166102825492601	0.181487750235579	0.160407324688616	0.117394991370769	0.0711063929812348	0.0359577892248669	0.0136646255593053	0.00430802854822974	0.000836921045825414	8.94472368777783e-05	2.08016829948322e-06	
9.04679489454569e-06	4.17544379748262e-05	0.000294368787722525	0.00154700192696731	0.00732720795728243	0.0199029487680005	0.0512403503754072	0.093843099348422	0.14060389443643	0.177603893740523	0.176043669574863	0.143217722253654	0.0962335409224808	0.0550796709471925	0.0253894819178927	0.00880253143239295	0.00242871647553573	0.000371614497975954	1.94854043882522e-05	
4.35169561714063e-05	0.000100369753750179	0.000652052456181233	0.00360278283915852	0.0117488762798898	0.030235861902449	0.069009469851172	0.11373437249953	0.156819668541171	0.183329917486236	0.16265164255453	0.125160381040083	0.0767463635266141	0.0415228969378101	0.0174074843549524	0.00559894773192432	0.00138622561997625	0.000237939486163012	1.12301822377823e-05	
6.32759654681964e-06	1.68735907915191e-05	0.000220059746572728	0.00155096422025379	0.00634939160159202	0.0181292671729213	0.0449582765314366	0.0883578551135065	0.133140365074198	0.169692781126326	0.179595469722099	0.146308796554413	0.105751714954431	0.0603041042900401	0.0300371008077529	0.0113235855536752	0.00338667028511447	0.000745953326241738	0.000113193671559774	1.12490605276794e-05	
6.34127025507407e-06	0.000110619936671848	0.000620035313829465	0.00290782470474341	0.0104250482993418	0.028428619139081	0.0618788197345967	0.109597582989613	0.149775871325762	0.174525144545733	0.169676186557353	0.130387085228081	0.0859714191903748	0.0451315249909461	0.0207415904187634	0.00752779237835682	0.00176287313091059	0.000453048530445848	7.25723151414033e-05	
4.01017599747851e-05	0.000357398141529664	0.00132335807916791	0.00571274194728518	0.0175828628998216	0.0422588125376394	0.0810400285918513	0.129672910346535	0.16238539339123	0.171850815824577	0.155798151660635	0.111480782110957	0.0672218063521188	0.0331894829264998	0.0140454655462563	0.00480376872119005	0.000938521891339708	0.000265937987201207	3.16592841906198e-05	
0.000136694244963061	0.000888512592259898	0.00283919526145215	0.0100100637650756	0.0274525283902091	0.059512210771367	0.102448152082111	0.147843892382574	0.168715569265275	0.165817790755982	0.136496875211405	0.0907865986636045	0.0513105560735833	0.0234535243054224	0.00902182016756204	0.00261532356434428	0.000513998257845796	0.000119956174151258	1.67380708118034e-05	
2.57621236902223e-05	0.000290346096724938	0.00156731190342406	0.00509463402814477	0.0165845411939839	0.0395838511868332	0.0781344323316045	0.122340844036799	0.162238714623208	0.17083212355793	0.157238773806465	0.1149415443488	0.0708451438744981	0.036731218193351	0.0158938377696407	0.00567114857991515	0.0016738417662512	0.000242303217410739	6.47534460321804e-05	4.87391529274476e-06	
0.00010404311546705	0.000604837311248448	0.00247137080272732	0.00932850573277566	0.0258893952320508	0.0556401772894688	0.0994839461472834	0.141433436682828	0.168637243273613	0.165376532034875	0.140211970507245	0.0950621137399338	0.0548820497880989	0.0256507896872464	0.0106845343376962	0.00343411643118242	0.000915579416110036	0.000161613639358817	2.77448307912132e-05	
1.37859727727038e-06	0.000157160089608823	0.00126279510597967	0.00436601757711529	0.015554023780803	0.0386041702567637	0.0735771152851973	0.119310012062726	0.157109081509564	0.169834223677408	0.154993623987593	0.121357918318111	0.0758021712907117	0.0408871273479235	0.0177914871618129	0.00665311046010684	0.00213337928657591	0.000488023436153714	0.000103394795795278	1.37859727727038e-05	
1.09780781501938e-05	0.000419225359360527	0.00260043226182716	0.00736491817901129	0.0233613503036125	0.053633400802772	0.0925431404164808	0.138244879755738	0.168510068956053	0.165008062026142	0.139567052042952	0.102092010017496	0.0590682356170023	0.0296058183814196	0.0121987032145185	0.00421420974990566	0.00123709218154997	0.000265532265257813	5.21458712134207e-05	2.74451953754846e-06	
5.41733354728372e-05	0.000979234469053311	0.00453067376543083	0.0116726394483372	0.0334873501832979	0.0701489835299345	0.112555047651963	0.154465322893652	0.172357609845009	0.157424284191946	0.123292339890364	0.0826438233482961	0.0442822444492903	0.0209307939068027	0.00782221819922347	0.00252351739924102	0.000686424162130507	0.000121375700996104	2.12578911349108e-05	6.857384237068e-07	
8.28065342636187e-06	2.89822869922666e-05	0.000196665518876095	0.00207637384666024	0.00757679788512111	0.0180359532170684	0.0489952462148788	0.0905751672864506	0.133565559658313	0.167002838193962	0.168305660999709	0.141957311851478	0.10438660714717	0.0641177895347722	0.0325512486190285	0.0135595699856676	0.0051685078469542	0.00149189772564953	0.000347787443907199	5.10640294625649e-05	6.90054452196823e-07	
3.08910842152738e-05	6.65874481973679e-05	0.00065832332805439	0.00354423706229908	0.0108084471326552	0.0286291703821776	0.0659428542400759	0.109468391899397	0.153567130788045	0.171151708860455	0.159476938432696	0.123603465567768	0.0864298212916455	0.0494772198847968	0.0241122074013665	0.00898999197518279	0.00308361667322244	0.000746877769471508	0.000182600631139174	2.8145210062805e-05	1.37293707623439e-06	
2.04608185555071e-06	7.70690832257435e-05	6.34285375220721e-05	0.00155843234664446	0.0066047522297177	0.0175205989290808	0.0430134147946723	0.0857403781295674	0.1298327600894	0.165566897669308	0.171141106671113	0.144346982745392	0.105202708739566	0.0681447561991165	0.0363479621365732	0.0168617605715934	0.00556670670166831	0.0018223769060105	0.000506746272891393	6.75207012331735e-05	1.15944638481207e-05	
2.59437730165644e-05	0.000150200791148531	0.000260803191903358	0.00306409613943003	0.0107728103796939	0.0253620863162983	0.0595867020412288	0.106054047706502	0.147297819494151	0.173668299303751	0.166055850115996	0.126439025988833	0.0865730050945377	0.0523169837496399	0.0256816043629233	0.0113565452725666	0.00393662618982922	0.00105823284672829	0.000314056199674201	2.52610421477075e-05	
4.4844816550727e-05	0.000347207594809416	0.000770515484371581	0.00543573533948206	0.0167529363162837	0.0378191286244464	0.0781808224539355	0.126339399160994	0.161353688350268	0.175540957586316	0.152312701546874	0.108764307874614	0.0703356974252281	0.0384551096591658	0.0174351211013887	0.00704403353305131	0.00224495869520609	0.000672672248260904	0.000142008585743969	8.15360300922308e-06	
4.0480640133856e-06	0.000103225632341333	0.00058359589526309	0.0018634588008285	0.0100499935905653	0.0247329964444504	0.0536908223642043	0.101663079632166	0.14392351857724	0.170511203017157	0.168401486988848	0.133505151161457	0.0907872809828699	0.05430140535289	0.0279080279856159	0.0115093206673908	0.00482461762662007	0.00134328257510845	0.000263798838205628	2.76617707581349e-05	2.0240320066928e-06	
1.54110047975128e-05	0.000291469003779046	0.00101176596714106	0.00428827959582965	0.0161158907560773	0.0354908740049851	0.0724451234220471	0.123233764841468	0.159241242529013	0.17119013159658	0.156659564203586	0.115052531425049	0.0721134517970572	0.041576880812629	0.0197615984562193	0.00742475409396693	0.0032088392163169	0.000747768754522795	0.000123288038380102	7.37048055533221e-06	
8.3540569639753e-05	0.000469832163653971	0.00210589067947889	0.00757144890759009	0.0236032183837373	0.0503415472649152	0.0937258358902317	0.141410124716046	0.170841133237852	0.168469917709197	0.140314740766929	0.0957849438507123	0.0550605869627255	0.0300311639740984	0.0130563885478577	0.00464418734741315	0.00201566686426796	0.000410351278070467	5.94808855835041e-05	
2.52679399048596e-05	0.000234060917013436	0.00123014970589448	0.00398103042658932	0.0130661847139603	0.0336761793810951	0.0689967696933669	0.114602741438491	0.15542110351743	0.172503560784689	0.159093599098865	0.124719891587239	0.0768437949253997	0.0409945727124868	0.0215109962084791	0.00842286828354884	0.00315450281338562	0.00123613421797721	0.000236720700161316	4.98709340227491e-05	
0.000161010370136785	0.000491048224276088	0.00218800399252271	0.0069782295272976	0.0209153138900506	0.0486718982788593	0.0885269755838797	0.135606808667569	0.163951982832687	0.170198650719736	0.144342790409928	0.104523790117304	0.05933065116335	0.0306260430599186	0.0155057663091479	0.00534808304126542	0.00179716969156827	0.000731561640248049	9.75415520330733e-05	6.68092822144337e-06	
5.32568919411005e-06	0.000279598682690778	0.0010285237256125	0.00384647902044599	0.0115640683738607	0.0322217510466644	0.0639069389070221	0.109026843470672	0.150133841226559	0.168266481510206	0.161248554574667	0.130922748881106	0.0836532630164837	0.0454148146027735	0.0232606132664249	0.0104130537967837	0.00336849841527461	0.00102253232526913	0.000378789643931078	3.59484020602429e-05	1.33142229852751e-06	
0.000108377301035135	0.000428222506529072	0.00222966471763748	0.00719387377480783	0.0184115852691458	0.0454986413187139	0.0849261712678558	0.130495522167123	0.162057106907599	0.166559390760967	0.148225123444389	0.110322144918955	0.064939150110492	0.0328759899341277	0.0162024065047527	0.00666256066485509	0.00213384332342959	0.000538582319168508	0.000148688370322594	4.29544180931939e-05	
0.000185160902188259	0.000898129215952304	0.00380074051182163	0.0117646361127017	0.028294035512675	0.0626535731771041	0.105328219114536	0.147598278596652	0.167802561809806	0.160849473411619	0.132222675423481	0.0901463430062882	0.048206410257255	0.0228795617287571	0.0114338504440238	0.00430021369281345	0.00126186166437906	0.000274776143104997	7.90722713971214e-05	2.04270034442564e-05	
7.20292674558019e-06	0.000378481059904122	0.00158595350707229	0.00664240808246958	0.0186352811138606	0.0408405946474397	0.0815286182101775	0.124437107645121	0.159041932165455	0.170488037575704	0.148764665322557	0.113322336865168	0.0711492007697964	0.0353591673940531	0.0167160285419246	0.00765802075359639	0.00259305362840887	0.000675765491039887	0.000125723812286491	4.97656756967358e-05	6.54811522325471e-07	
3.86041018493982e-05	0.000756378673523802	0.00304187236437038	0.0110695626286122	0.0276941900826717	0.0576607877199698	0.100049400164231	0.14217040112279	0.168570372333291	0.163452384457596	0.133157324801173	0.0942718710230414	0.0542786758138759	0.0250848145203767	0.0120032584479188	0.00473521839125584	0.00147480755200921	0.000375572109517874	0.000100763248895039	1.37404430311417e-05	
0.000120715739364222	0.00114679952396011	0.00583765570034155	0.0182077386661698	0.0402298322707287	0.0755582118849894	0.120071484711745	0.157220441373483	0.169529510405828	0.150941910798941	0.115000767594647	0.0761755679216292	0.040405001305567	0.0173489511508015	0.00805515134735823	0.00299689944247698	0.000778747731659408	0.000304413603614124	5.51093592749708e-05	1.50894674205277e-05	
0.000417558258926954	0.00225573665114325	0.0102677180704593	0.0280672914233929	0.0557038524030346	0.0954377479252162	0.138577970442934	0.163526088499958	0.166351522144748	0.136514547690224	0.095735439302243	0.0585872436610507	0.0291579483268362	0.0120532077233788	0.00493693487210796	0.00167813634660233	0.000513056598902362	0.000175848667402992	4.21509914374213e-05	
0.000735539953192912	0.00435161694233026	0.0172766666011105	0.042550527399191	0.070961249762359	0.114586242387293	0.154460767924689	0.167126215247048	0.15517270766548	0.118176752479661	0.076490910640418	0.0454579424548154	0.0199579129545499	0.00792311575248622	0.00326535161038672	0.00099514228961394	0.000390714627542759	9.96453412525157e-05	2.0977966579477e-05	
