# <P(U)> as a function of N_tot.
# number_of_species: 1
# species_total_upper_bound: 103
# species_total_lower_bound: 0
# volume: 729
# Bin widths for each
10	10	10	10	10	10	10	10	10	10	10	10	10	10	10	10	10	10	10	10	10	10	10	10	10	10	10	10	10	10	10	10	10	10	10	10	10	10	10	10	10	10	10	10	10	10	10	10	10	10	10	10	10	10	10	10	10	10	10	10	10	10	10	10	10	10	10	10	10	10	10	10	10	10	10	10	10	10	10	10	10	10	10	10	10	10	10	10	10	10	10	10	10	10	10	10	10	10	10	10	10	10	10	10	
# Bin lower bound for each
0	0	0	0	-10	-10	-10	-10	-10	-20	-20	-20	-20	-20	-20	-30	-30	-30	-40	-40	-40	-50	-50	-50	-50	-60	-60	-60	-70	-70	-70	-70	-70	-80	-90	-90	-90	-100	-100	-100	-110	-110	-110	-120	-130	-130	-140	-140	-140	-150	-150	-150	-160	-160	-170	-170	-170	-170	-180	-180	-180	-200	-200	-210	-220	-220	-220	-220	-230	-230	-230	-230	-250	-260	-260	-260	-260	-270	-270	-270	-270	-280	-280	-290	-290	-290	-310	-310	-320	-320	-320	-330	-330	-340	-340	-340	-350	-350	-350	-360	-360	-370	-370	-370	
# Bin upper bound for each
0	0	0	0	0	0	0	0	0	0	0	0	0	0	0	0	0	0	0	0	0	0	0	0	0	0	0	0	0	0	0	0	0	0	0	0	-10	-10	-10	-10	-10	-10	-10	-10	-10	-10	-20	-20	-20	-20	-20	-20	-20	-30	-30	-30	-30	-30	-30	-30	-40	-40	-40	-40	-50	-50	-50	-50	-60	-60	-60	-60	-70	-70	-70	-70	-80	-80	-80	-90	-90	-90	-100	-100	-100	-100	-110	-110	-120	-120	-120	-120	-130	-140	-140	-140	-150	-150	-160	-160	-170	-170	-180	-180	
# Normalized histogram for each
1	
1	
1	
1	
1.2889847392263e-05	0.999987110152608	
9.97879455758561e-05	0.999900212054424	
0.000434926249884167	0.999565073750116	
0.00141982574371753	0.998580174256282	
0.00391490549198592	0.996085094508014	
2.6115461679176e-06	0.00948493479370995	0.990512453660122	
3.41089371233847e-06	0.0206441332327187	0.979352455873569	
1.12330363599346e-05	0.0407201579846328	0.959268608979007	
3.90894601384729e-05	0.0739478370198035	0.926013073520058	
0.000158985731180991	0.12424123408213	0.875599780186689	
0.000451830062161228	0.192984982315857	0.806563187621982	
1.40232196470917e-06	0.00104673318080077	0.279500997752078	0.719450866745157	
1.04285261905416e-05	0.00243566251123323	0.379930862882328	0.617623046080248	
2.70815316592132e-05	0.00505461743123849	0.487028849052959	0.507889451984143	
1.20301716705497e-06	8.94242760844197e-05	0.00998885204091862	0.592078933966388	0.397841586699442	
5.41015486067348e-06	0.00024646261031957	0.0187185346896124	0.684633256622681	0.296396335922527	
1.58144955666364e-05	0.000561114317383314	0.033109548211891	0.757092951399253	0.209220571575906	
1.40017782258347e-06	2.68034040323121e-05	0.00124555818588961	0.0553682317654342	0.803048187119764	0.140309819347057	
1.19932382122959e-06	7.49577388268494e-05	0.00249559298467524	0.0879642057807808	0.820592749807658	0.0888712943642374	
5.00447600333738e-06	0.000137523000571711	0.00493861709913346	0.133781454132576	0.807749851467152	0.0533875498245631	
1.56133244110524e-05	0.000345294674475197	0.0093197534776178	0.19266682186578	0.76715969408293	0.0304928225747853	
1.20087928381161e-06	2.70197838857612e-05	0.000778570069004525	0.0164006085255624	0.262855062476745	0.703589167988801	0.0163483702767166	
2.80064638918662e-06	8.04185606037874e-05	0.00151695011208587	0.0280442726181203	0.341499818158031	0.620460002168501	0.00839573773626953	
4.40277991523848e-06	0.000185917388238934	0.00317300343436846	0.0457182665134766	0.421855759726691	0.524970066099735	0.00409258405757395	
6.00858386290655e-07	1.30185983696309e-05	0.000368326190796171	0.00585957098310647	0.0709834068950903	0.495452603589488	0.425563359815833	0.00175911306893027	
3.40457165882347e-06	3.10416827716257e-05	0.000862157705366767	0.0104994987268905	0.105853940671534	0.552719191330118	0.329299182942856	0.000731582368804831	
6.02296435850611e-06	8.53253284121699e-05	0.00168542619298863	0.018129323484582	0.149587748166208	0.587954553120136	0.242232383632313	0.000319217111000824	
1.06272269554599e-05	0.000239413377072059	0.00312219907402766	0.0292776092348597	0.203685442102667	0.594713054846517	0.168825731524165	0.000125922613736393	
3.54735792981803e-05	0.000501640502730764	0.00573529615127698	0.0454374463512217	0.262387243620718	0.574402625926697	0.111455380750753	4.48931173039118e-05	
1.80609194814108e-06	7.36484161075307e-05	0.00103188053303794	0.0101835491111519	0.0681055199186857	0.323770076467926	0.527474371053564	0.0693475091483574	1.16392592213536e-05	
4.01550627904717e-07	9.23566444180849e-06	0.000208204000568596	0.00216415710909247	0.0172634645948796	0.098074725359448	0.380321248533336	0.461328265229008	0.0406268847782597	3.41318033719009e-06	
1.60810064619514e-06	4.10065664779762e-05	0.000424940595757067	0.00419915281237707	0.0274999281380024	0.135651330009791	0.426544676151646	0.383243953089292	0.0223930025108481	4.02025161548786e-07	
9.24721628635815e-06	0.000115590203579477	0.000960102282253185	0.00774574979847099	0.0417200224345508	0.178776834517044	0.45549355006664	0.30338709450454	0.0117918089766347	
1.00492332033097e-06	2.69319449848699e-05	0.000263088925262647	0.00189809916744113	0.0131916284259846	0.0620367303493274	0.225844859133869	0.463755631590287	0.227215172573472	0.00576685296605128	
2.81565277691744e-06	6.35533055361365e-05	0.000607778763703179	0.00379147758217483	0.0208342216047451	0.0879527469106255	0.273717248930253	0.448354291175503	0.162072392846311	0.00260347322837116	
1.32974865332727e-05	0.000159972792536645	0.00124674010102866	0.00701059608199633	0.0321428456298818	0.119800481288422	0.315312418401787	0.413039676476182	0.11008445112811	0.00118952061352185	
3.82789848977317e-06	3.44510864079585e-05	0.000357001901256739	0.00240573346665165	0.0119726591343026	0.0480205836175212	0.155701584286598	0.34911683330449	0.36123575845477	0.0706591782227228	0.000492388626789769	
1.67206697293024e-05	7.05088482560946e-05	0.000800376154632754	0.00441204081616208	0.0194795802346373	0.0686520481007334	0.194843748363187	0.368195593962509	0.300917461133508	0.0424449164732038	0.000167005243440864	
2.87829617748178e-05	0.000214563896866824	0.0015478389933451	0.00790625691269121	0.0302450557211974	0.0945518281508235	0.23332938154674	0.370043820549706	0.237923182501892	0.0241551445921142	5.41441728491328e-05	
2.01222264277675e-07	6.60009026830776e-05	0.000494201881065971	0.00302276085397924	0.0131899182011373	0.0447759782470683	0.12483265853447	0.267298021643064	0.355320085261898	0.178021135984195	0.0129593174862751	1.97197818992122e-05	
4.01318572301153e-07	9.02966787677594e-06	0.000152902376046739	0.00101954983293108	0.00569009537737189	0.0210274879142912	0.0627650207521834	0.158227070864031	0.29216614107311	0.325610224955112	0.126806635882857	0.00651962086631838	5.81911929836671e-06	
8.04599573924296e-07	2.51437366851342e-05	0.000341954818917826	0.00215351075960838	0.00951237846271999	0.0318595281787869	0.08602456804569	0.191667687502376	0.306986116835502	0.282961578157696	0.0853776699882549	0.00308845546450841	6.03449680443222e-07	
1.00419250370296e-05	8.23437853036427e-06	6.38666432355082e-05	0.000848743504129742	0.00397037632114076	0.015578841663947	0.0460394145557703	0.112264905982477	0.222453342705797	0.308959104260287	0.233955564481711	0.0544503301282856	0.0013972334496523	
5.02108554664458e-06	2.53062711550887e-05	0.000223940415380348	0.00176902885979382	0.00707952977734699	0.024225331858607	0.0650021701131733	0.141052134332918	0.246813669322955	0.296570016125718	0.183922564417013	0.032751938490497	0.000559348929896206	
1.18226711542053e-05	6.99341056409771e-05	0.000526810211261114	0.00319071852183748	0.0116128688372824	0.0365116146722956	0.0871461113831884	0.170101386418596	0.26240017858245	0.272222814469026	0.137621302609885	0.0183844540290461	0.000199983488337235	
5.00428867539481e-06	2.32198994538319e-05	0.000167743756399234	0.00118741761689768	0.00557878101533014	0.0188523564694944	0.0520125747765835	0.112165325684111	0.196115470958612	0.269025955243644	0.238113863581089	0.0969721050940656	0.00970131402612038	7.88675895242223e-05	
6.20035838071441e-06	3.84022196482957e-05	0.000396022890123049	0.00235653620779281	0.00963795707391887	0.0288444672102048	0.0713927264995917	0.137815165716578	0.217331161741149	0.263434426509852	0.198398267419857	0.0655101864887791	0.00481927855430044	1.92011098241478e-05	
1.35641580687192e-05	0.000116093235235214	0.000862121929014771	0.00441134346602537	0.0158205956580332	0.0423064095434225	0.094073420393951	0.162539705083288	0.231584660692586	0.24715950572208	0.157186849468963	0.0416900382429468	0.00223110452939154	4.5878769938315e-06	
2.19357108187325e-06	4.62644082722357e-05	0.00027140456749359	0.00173930245237259	0.00808610125444348	0.0248844685994288	0.059282255565389	0.117737734248465	0.184836281825227	0.237673825552072	0.221038580129357	0.118492123285076	0.02493272716323	0.000976139131433594	5.98246658692703e-07	
1.21536435726851e-05	0.00011157443279842	0.000616448741211272	0.00336416838893094	0.0134188179445957	0.0367350850386456	0.0792222305681669	0.141229721595889	0.202821996341554	0.233160479299855	0.18938484831157	0.085068332366687	0.0144648282520809	0.000389315074443059	
5.98139666010773e-07	3.46921006286249e-05	0.000226096793752072	0.0013675466563893	0.00638613783410836	0.0216002189988697	0.0516591297745751	0.101608776383691	0.163859364604208	0.212701256551872	0.219341204984258	0.155351027235093	0.0580687944355466	0.00763345841762949	0.000161697089711579	
4.7904162931639e-06	8.403188580925e-05	0.000562075511731231	0.00282215399871018	0.0109273387660646	0.0328185432224292	0.069978800411896	0.124633657903997	0.182204481713883	0.21539468140039	0.197943793646431	0.121336055088191	0.0373602570697063	0.00386506754586774	6.42714185999489e-05	
1.25942721250375e-05	0.00017192180996083	0.00112348903718589	0.00497453758030848	0.01820032249333	0.04711437238344	0.090796905567348	0.147114492328889	0.195087874034889	0.208951368917416	0.171638738701638	0.0901861833238243	0.0227514526393396	0.00185975418379721	1.59927265079842e-05	
4.42722345779374e-05	0.000357182779422906	0.0021801571443968	0.00876109460195255	0.0282474886024037	0.0647722824560553	0.112789427229468	0.166494452348452	0.200876750506126	0.194976724022916	0.142456832568018	0.0639527452992302	0.0132253785276056	0.000855395663564672	9.81601581139788e-06	
2.40051947241383e-06	0.000104222553760634	0.000788570646687943	0.00407748236718426	0.0148646167030545	0.0412385240165972	0.0845242910565846	0.134994412790928	0.180917550557941	0.198997062964426	0.175306936421042	0.11352696723571	0.0429538952229262	0.00735559175005471	0.000346274933895695	1.20025973620692e-06	
3.05930309075593e-05	0.000300931447816187	0.00169941287374736	0.00734952577802777	0.0234202648636641	0.0577512442665561	0.105757108530677	0.156202017180486	0.188603636091698	0.190738749712815	0.150819243376359	0.0859182278277009	0.027319376646	0.00396669638656314	0.000122572078080613	3.99908900752409e-07	
0.000100331152883049	0.000736362573155629	0.00330732333306098	0.0126899883527747	0.0356019388544706	0.0769848345757574	0.127978293224904	0.17223634735326	0.190185410368434	0.175799204720411	0.123862913600659	0.061712670803274	0.0168364085532608	0.00191390185250159	5.40706811944574e-05	
2.00206252481306e-06	8.00825009925225e-06	0.000259867715720735	0.00146010419934617	0.00610508946316495	0.020396812796543	0.0515150708259649	0.0988097938496239	0.14851520035941	0.182022519599692	0.184647023363469	0.154301561468625	0.0983601306065509	0.0427528439798681	0.00993043032932527	0.000893320298571588	2.02208315006119e-05	
9.77204608496934e-06	4.78630828651559e-05	0.000600083401421893	0.00291246859234474	0.0106730686199059	0.0313908034676006	0.0707095283232784	0.120426906790435	0.163929862236087	0.186527220233799	0.173337151743722	0.130486929090643	0.0749699409868131	0.0280214418634055	0.00555969593381174	0.000393274997542031	3.98859023876299e-06	
2.59203829517255e-06	4.04756749169252e-05	0.000116442335721598	0.00119552781675805	0.00551984524335052	0.0176479924264629	0.0457470832590615	0.091661253294381	0.140234655232986	0.175639106919187	0.183255113593087	0.156628699287269	0.106703449683951	0.0546605047934764	0.0178465824373853	0.00292960143622848	0.000169878202114385	1.19632536700271e-06	
1.79344102747432e-06	1.41482569945196e-05	9.74436291594381e-05	0.000336369828264073	0.00240639931641999	0.0097611016988669	0.0276805666317145	0.062708661881766	0.113718508670092	0.158563900104538	0.181488858945066	0.173176060511497	0.135765877034509	0.0837965392964849	0.0383371932169669	0.0106616083658843	0.00141641986925416	6.8549301494574e-05	
1.19580392403058e-06	2.17237712865555e-05	0.000151468497043873	0.000820122191230971	0.00431824727032842	0.0156761922414248	0.0406981900511107	0.0831360755110318	0.13469216519234	0.171774443477836	0.180981336490256	0.158259467528443	0.113438544148583	0.0638148736085078	0.0254616550524211	0.00608983078377972	0.000640353001318374	2.41153791346166e-05	
2.1941622120187e-06	6.88169057405866e-05	0.000295015082870515	0.0017357817789988	0.0076366818442851	0.0244772757601126	0.0573103201621765	0.104112398552411	0.153290555148971	0.180035397820559	0.173178840377292	0.139485484918825	0.0919475643103958	0.0462323940922781	0.016546177240833	0.00337103103482873	0.000264296811902253	9.77399530808331e-06	
8.37338936858663e-06	0.000125002741288186	0.000681833134299197	0.00354573166476936	0.0131930724158624	0.0364946200973307	0.0761878749334615	0.125814561324112	0.16905115542805	0.180239199822963	0.160223609369424	0.1191004986154	0.0711367274800683	0.0320509421059872	0.0103018606867375	0.00173309223288389	0.000109651527445777	2.19303054891555e-06	
1.98979078145849e-07	3.89998993165865e-05	0.000241162642712769	0.00129774154766723	0.00645428435781691	0.0209719968784162	0.0513206838353774	0.0976000337468517	0.145793960348245	0.178694752961505	0.174784217138705	0.142783406895899	0.0977954312015909	0.0536974889238296	0.0215725157362604	0.00601752528128677	0.000890630353780821	4.49692716609619e-05	
9.35450902262298e-06	9.27489617987726e-05	0.000561071509250515	0.0027265408319343	0.0110980302787544	0.0315117583192933	0.0694560353003345	0.119064986968373	0.16300649939345	0.181522854359251	0.163033169695769	0.123488873607646	0.0775472875406896	0.0390801532149159	0.0140094719379657	0.00335588035383928	0.000419957745483713	1.53254722285525e-05	
1.93410214890712e-05	0.000221325091266691	0.00121808556986326	0.00489387661265736	0.0177734017885859	0.0448243127407284	0.0906768898919634	0.139574980055818	0.17568207508025	0.177293959798989	0.146930350588914	0.10355581689197	0.0593386527124187	0.0272574810373248	0.00873476421001797	0.00182064811563618	0.00018124730446975	2.79148763759791e-06	
6.1790825696851e-05	0.000532796377702203	0.00242319699353748	0.00899275771657784	0.0269992023003728	0.0612925125863925	0.112344292102375	0.157008295518012	0.180322173378679	0.168210772891607	0.128978382379967	0.0847283774964988	0.0438914187691826	0.0180128229916088	0.0051675069554544	0.000949186812801305	8.3716602557024e-05	7.97300976733562e-07	
1.39274851557879e-06	2.98446110481169e-06	0.000139871743778841	0.00106147333294469	0.00454195187337608	0.0154187208878254	0.0402197916328842	0.0799011864824604	0.13359641689579	0.1695438529751	0.179145063313353	0.153821910839026	0.109396814545388	0.0668897319217761	0.0312880954024775	0.0115574251104201	0.00299759273367286	0.000451250519047527	2.44725810594558e-05	
2.19225039485419e-06	3.9859098088258e-06	3.28837559228129e-05	0.000323456580986214	0.00213525188458798	0.00804316740322958	0.0244388088108536	0.055788188752759	0.10095073913715	0.152168285112129	0.177548366524336	0.171162939010598	0.136567633415875	0.0900749849282785	0.050239603003383	0.0215819079553777	0.0071126567583592	0.0016314328847524	0.000181558191792015	1.19577294264774e-05	
1.13872895074518e-05	1.31852825875757e-05	0.000104882929673898	0.000834069012168617	0.00408983492625531	0.0134362025107575	0.0361072970350495	0.074769742013964	0.123426231640243	0.167294665694152	0.17815474367511	0.158330871081699	0.116566688262561	0.0712728452501318	0.0362477402723081	0.0141889622803027	0.00421849131998863	0.000853447382032176	7.63148174008172e-05	2.39732410683195e-06	
2.29530014342632e-05	2.83419669883946e-05	0.000268649912439289	0.00170071761062049	0.00732919274493547	0.0211952007070323	0.0506989887506342	0.0951719259643953	0.14331035771155	0.177129908798744	0.172725327619167	0.142008024369301	0.0962353485004106	0.054848891409949	0.0252602770566987	0.00919636951378358	0.0024198451251218	0.000418343400054049	2.89407409388536e-05	2.39509580183616e-06	
2.90051803252061e-05	9.021611259771e-05	0.000651916432274804	0.00338120388301351	0.0118981250051259	0.0321669450163799	0.0689655172413793	0.115486425875661	0.159588302470821	0.180055157851192	0.161274203572758	0.123404239997264	0.0773148084247847	0.0410229266947077	0.0173895057657298	0.00565921073503728	0.00138764783390314	0.000226240406536607	8.40150050799073e-06	
1.79260764459522e-06	1.85236123274839e-05	0.000185236123274839	0.001433886937049	0.00628010211489858	0.0189014541832392	0.0465239445574341	0.0891244685167307	0.134552333088808	0.17231480819397	0.176650329371737	0.145020165840109	0.103316941596245	0.0605096702219388	0.0293776524368808	0.0115896067795624	0.00338484159025013	0.000710270984514061	9.8593420452737e-05	5.37782293378565e-06	
4.5675865786036e-06	7.50672924657461e-05	0.000475624776337201	0.00284679798279489	0.0101174028623278	0.0289509524609561	0.0640655651236565	0.109888983815253	0.151704444579486	0.177851693244063	0.16625260501378	0.127787369709593	0.0841057519419194	0.0454842257404554	0.020482646944225	0.00751864468982314	0.00195810450717528	0.000388443449902115	4.05125070450058e-05	5.95772162426556e-07	
2.42409117444038e-05	0.000233070405542506	0.00102288699721468	0.0051547702736481	0.0168367040784738	0.0425787640870495	0.0841886864883145	0.130509094911912	0.164448358314057	0.175448764846068	0.151705586576416	0.10886096724417	0.0664467234433857	0.0328011327261449	0.0138127496863584	0.00467591291869717	0.0010596457568271	0.000179025094112359	1.29152398638217e-05	
9.52760851886802e-05	0.000570272833546354	0.00236193763883722	0.0092042233002608	0.0262226669318056	0.05973197769828	0.1054552081822	0.149042633478435	0.17085472927162	0.167313107656837	0.133406483755032	0.0893954554493374	0.0511421072460823	0.0230716377326506	0.00885355986639209	0.00263175476805413	0.000565726464336106	7.59045989884921e-05	5.33704211637835e-06	
1.22717261014072e-05	0.000205056584533191	0.00109099603662833	0.00444335450404017	0.0154576245421854	0.0382814516422736	0.0784107877181398	0.126651140953838	0.162474882547705	0.172664769695329	0.154980816521069	0.113205881561217	0.071078431372549	0.0376126425697469	0.0159502749658371	0.00557947882375109	0.00157276025164164	0.00029412556430147	3.18669016504284e-05	1.3855174630621e-06	
3.6630595100648e-05	0.000380562182613219	0.00196775596816346	0.00802071430452459	0.0239100764431019	0.0540469580468804	0.0988841924725909	0.145014981913396	0.170695009111118	0.16706640216077	0.139405946789012	0.093888175307296	0.0549179741974088	0.0266284626060035	0.0108800787577595	0.00323774860046376	0.00085458188353728	0.0001524624769054	1.12861833553348e-05	
3.95783011172559e-07	0.000120515926902044	0.000865379553928799	0.0039475397534351	0.0134538518987888	0.035479968036564	0.072440362426419	0.11954586274166	0.15950371976663	0.173106781860631	0.156586007408266	0.120903398469982	0.0753545127376825	0.0406368227806369	0.0185976458034929	0.00692481745498067	0.00196268795240472	0.000496905570527147	6.86683524384389e-05	4.15572161731187e-06	
5.52913528470999e-06	0.00028218336863752	0.0018157285336753	0.00660080018435717	0.0210798282729568	0.0498593723681069	0.0920083655816858	0.140091898177814	0.169549748690928	0.169041463182969	0.142360423397484	0.100850835185758	0.0585813858106196	0.0297528693743764	0.0123331311907802	0.00439921699545604	0.00109792829224955	0.000250588309867749	3.79140705237256e-05	7.89876469244284e-07	
5.30514336607599e-05	0.000683949338050243	0.00351756643410154	0.011136265072573	0.0314324814009365	0.0665505583121045	0.11309204857618	0.157681679959436	0.172825004619814	0.159048000897733	0.12509843604768	0.0821648377069869	0.0442003245801097	0.0210296671900154	0.00811174170223315	0.00263048335378147	0.000610190095711492	0.000122471897038409	1.10441646282623e-05	1.97217225504684e-07	
2.36715618141412e-06	8.67957266518509e-06	0.000154062414807035	0.00150866753962126	0.00622384538998306	0.018197513144621	0.0461954474063267	0.0866748044235837	0.133796204422874	0.168935848883906	0.169631398275211	0.145579316104908	0.105329770500263	0.0642811124213759	0.0322102886865321	0.0142246360201477	0.0051286411300488	0.00154614751249365	0.000303390517251242	6.43077429284168e-05	3.55073427212117e-06	
8.86840528139154e-06	4.74952371736747e-05	0.000462733680015719	0.00281621136602411	0.0100165681518224	0.0283907214408281	0.06252560752025	0.107542223955612	0.152890124597153	0.173614996512746	0.161131829238659	0.128438945857992	0.086854205190855	0.0488686575382529	0.0231741283786407	0.00899492786340606	0.00320563289571366	0.000795003264558522	0.000188207267638421	3.17291833400897e-05	1.18245403751887e-06	
1.18181819972452e-06	2.22575760948118e-05	0.000102030304576217	0.00101537880326332	0.00538081826334573	0.0164601669160631	0.0413577278993595	0.0820733345768687	0.127427380718597	0.166600714645465	0.172965790499482	0.146961850711543	0.109971334999566	0.0687524707386738	0.0366442429794582	0.0161901214574261	0.00563136372168733	0.00190469699855602	0.000435500006598485	8.74545467796143e-05	1.41818183966942e-05	
1.45980592077554e-05	7.49630067425279e-05	0.000340292596397002	0.00226960366466522	0.0091383850640549	0.0255107002787637	0.0571717207186112	0.102629879820491	0.146613240400247	0.172934330236112	0.166518483214303	0.131465583990427	0.0907588958896008	0.0527066873117418	0.0258324493945455	0.0110045693898031	0.00366707192720224	0.0010707873699959	0.000232977134112962	3.86651297935144e-05	6.11540318162728e-06	
1.73804089610229e-05	0.000199677198404478	0.000826161939590439	0.00427696313694261	0.0145890757809531	0.0380800810243065	0.0759632499152705	0.122371706906264	0.161175839967514	0.175111570375251	0.153523522408482	0.113730681082926	0.0728963977522391	0.0392980921841091	0.0178123516246337	0.00716053098729413	0.00222469234701093	0.000632607385251775	9.95423422313127e-05	8.69020448051143e-06	1.1850278837061e-06	
4.34234494917187e-06	3.92784838584182e-05	0.000416272977172885	0.00181016570585705	0.00762871055843148	0.022355576074232	0.0532487944564835	0.0971309534782874	0.141805787832631	0.170902459681821	0.169497908470079	0.137649176819694	0.0948676048631895	0.0558644651504119	0.0286107239735141	0.0119714502662351	0.00456637047268596	0.0013058615538055	0.000291924008173872	2.56593110632883e-05	6.1187587920149e-06	3.94758631742897e-07	
1.69203572556361e-05	0.000195567850140724	0.000800962492880169	0.00363669631992067	0.0131496753160516	0.0337997908565144	0.0714527012071494	0.118474177272222	0.156979991677545	0.173432481380229	0.157433890098345	0.120248060307301	0.0761136693860566	0.0424321242819915	0.0200887925259241	0.00800509971697751	0.0028011061191685	0.000780107168820897	0.000136346599745998	2.1248820739636e-05	5.90245020545445e-07	
1.77396318750436e-06	6.58337449584952e-05	0.000422991666709373	0.00185339731690039	0.00652838163703688	0.0202795529455082	0.0486063942305987	0.0921021976250181	0.137792787696422	0.168507974752956	0.169504350743271	0.141975201571495	0.100628653132247	0.0595574632011047	0.0310346975373055	0.0138672673437424	0.00501755632234567	0.00172784014462925	0.00045433168302195	5.81465711459763e-05	1.32061703958658e-05	
8.68406941018787e-06	0.000129668945511214	0.000883604062486616	0.00340099736537176	0.0113402104584222	0.0304674654300026	0.0663056330597786	0.111519437809136	0.154773998080426	0.172614431857588	0.159557538768942	0.125306779554306	0.0817719606793232	0.0457859665043601	0.0225189761719004	0.00909360222896378	0.00314264630041867	0.00110465310201867	0.00024512759562394	2.38811908780167e-05	4.73676513282975e-06	
5.20594253391632e-05	0.000325618839098568	0.00174171438615702	0.00619863461785512	0.0180012783261173	0.0436483641166852	0.0862937430311135	0.131923928313182	0.166267709359552	0.171757702370129	0.145149991518075	0.106205186583554	0.0639748974597574	0.0340326121618339	0.0160095599315824	0.00573821551770723	0.00193965896919567	0.000624317214903881	0.000102931183180095	1.167873039928e-05	1.97944583038643e-07	
7.300756437294e-06	0.000120561140086125	0.000725537335673785	0.00311544982130905	0.010358984113554	0.027770498945534	0.0596726340813517	0.107370251745867	0.149639263704901	0.171448201725031	0.164032803679897	0.129840993471151	0.086333418048417	0.0492546519630747	0.024818033578744	0.010450736863374	0.00349627306249763	0.00115608464773258	0.000332085759026103	4.87374821624762e-05	7.49807417884249e-06	
6.71134315689739e-05	0.000283455552156019	0.00157144126094294	0.00570997127939914	0.0169427857995875	0.040531972641407	0.0793857147086981	0.127609873570138	0.163421008478006	0.171504426525597	0.151522389238164	0.110280790754138	0.0679720887081651	0.0368129015702569	0.0168559331234394	0.00663297835591832	0.00210657218148261	0.000610140049940289	0.000148439119234907	2.44766632780963e-05	5.52698848215079e-06	
0.000110249901753112	0.000646285714398617	0.00275229593444596	0.00974901550591763	0.0259454768792323	0.0572493360802287	0.100002983465083	0.145674696797952	0.170662896304435	0.166019162539375	0.134413400381607	0.0906872619278835	0.0524216548984446	0.0263238434775427	0.0114863405706401	0.0041740849900291	0.00127498676704808	0.000324031969310221	6.61894571456854e-05	1.58064375273278e-05	
3.55566863459756e-06	0.000259958884618355	0.00139204427044495	0.00521972155558922	0.0159104319169459	0.0378115728717496	0.0769148411435899	0.120825768483699	0.158712800545361	0.172754333520533	0.153119338708846	0.115106475484949	0.0728540700257332	0.0391443559982846	0.0188659827008819	0.00770612161690475	0.00250022766156119	0.000711528801212246	0.000150720842677663	3.51616120532426e-05	9.87685731832657e-07	
2.25813985135497e-05	0.000515410516949618	0.00261211317717702	0.00896243822056203	0.0246487849721981	0.0543304486587144	0.0960693906568077	0.139755879235473	0.168751187256643	0.167467414942904	0.136653908176507	0.0952669586798043	0.0565353043328752	0.0285527918432819	0.0128914034794766	0.00498850824706348	0.00143589963004142	0.000429244654200546	9.80508093351502e-05	1.22811114722814e-05	
1.98978167518525e-07	0.00012416237653156	0.00108502794747852	0.00510160123700747	0.0148143225280893	0.0365419425084421	0.0723926348629249	0.117277135000916	0.154942309265001	0.171771484717382	0.157079533762317	0.117086513916434	0.0767980114917851	0.0422333150339745	0.0200388922726232	0.00842553152540444	0.00317310483741792	0.00078536682719562	0.000293293818922306	3.104059413289e-05	4.57649785292608e-06	
7.01645499024312e-06	0.000351223689797313	0.00197964265796145	0.00891951805373963	0.0232745835533493	0.0517347282847734	0.0938428803229333	0.135775220046052	0.165034238295651	0.167438877655879	0.141727779989632	0.0971887270025664	0.0597711753604553	0.031238861377703	0.0137845274738316	0.00537841345523522	0.00189644754879143	0.000497967834164683	0.000140329099804862	1.78418426894754e-05	
3.23926064378796e-05	0.000703985900162365	0.00402010353562281	0.0149392286535742	0.0347047544700791	0.0687604496335209	0.114286749009611	0.151244700992099	0.169166866186344	0.158788154365859	0.122976216583807	0.0791057628660012	0.0451798393246242	0.0220660044625342	0.00899689554088611	0.00352737376440314	0.00111804791289004	0.000312256678208628	6.29744460562505e-05	7.2430672780352e-06	
