# <P(U)> as a function of N_tot.
# number_of_species: 1
# species_total_upper_bound: 103
# species_total_lower_bound: 0
# volume: 729
# Bin widths for each
10	10	10	10	10	10	10	10	10	10	10	10	10	10	10	10	10	10	10	10	10	10	10	10	10	10	10	10	10	10	10	10	10	10	10	10	10	10	10	10	10	10	10	10	10	10	10	10	10	10	10	10	10	10	10	10	10	10	10	10	10	10	10	10	10	10	10	10	10	10	10	10	10	10	10	10	10	10	10	10	10	10	10	10	10	10	10	10	10	10	10	10	10	10	10	10	10	10	10	10	10	10	10	10	
# Bin lower bound for each
0	0	0	0	-10	-10	-10	-10	-10	-20	-20	-20	-20	-20	-20	-30	-30	-30	-40	-40	-40	-50	-50	-50	-50	-60	-60	-60	-60	-70	-70	-70	-70	-80	-90	-90	-90	-100	-100	-100	-110	-110	-110	-110	-130	-130	-140	-140	-140	-150	-150	-150	-160	-160	-170	-170	-170	-170	-180	-180	-180	-200	-200	-210	-220	-220	-220	-220	-230	-230	-230	-230	-250	-260	-260	-260	-260	-270	-270	-270	-270	-280	-280	-290	-290	-290	-310	-310	-320	-320	-320	-330	-330	-330	-340	-340	-350	-350	-350	-360	-360	-370	-370	-370	
# Bin upper bound for each
0	0	0	0	0	0	0	0	0	0	0	0	0	0	0	0	0	0	0	0	0	0	0	0	0	0	0	0	0	0	0	0	0	0	0	0	-10	-10	-10	-10	-10	-10	-10	-10	-10	-10	-20	-20	-20	-20	-20	-20	-20	-30	-30	-30	-30	-30	-30	-30	-40	-40	-40	-40	-50	-50	-50	-50	-60	-60	-60	-60	-70	-70	-70	-70	-80	-80	-80	-90	-90	-90	-100	-100	-100	-100	-110	-110	-120	-120	-130	-130	-130	-140	-140	-140	-150	-150	-160	-160	-170	-170	-180	-180	
# Normalized histogram for each
1	
1	
1	
1	
1.36083134266748e-05	0.999986391686573	
0.000102298095352206	0.999897701904648	
0.000433618458534992	0.999566381541465	
0.00141710884751745	0.998582891152483	
0.00388470097117524	0.996115299028825	
2.3692293112435e-06	0.00943190188806038	0.990565728882628	
3.0126328302093e-06	0.0206096363795212	0.979387350987649	
1.05415041607747e-05	0.0407048350867727	0.959284623409067	
3.95628987735931e-05	0.0738768329555507	0.926083604145676	
0.000157644579220165	0.124194894294256	0.875647461126524	
0.000438995543764843	0.192795007157349	0.806765997298886	
1.50550714513691e-06	0.00103320804646253	0.279373304691418	0.719591981754974	
1.1196607255746e-05	0.00241136162802115	0.379738102743513	0.61783933902121	
2.86388513796497e-05	0.00504280646962419	0.486900955439455	0.508027599239542	
1.29124394567995e-06	9.27543567646764e-05	0.0100008995666155	0.591923226078307	0.397981828754367	
4.08714041499963e-06	0.000250391128582083	0.0187946076420491	0.684386284675353	0.296564629413601	
1.24661050901256e-05	0.000574730431224068	0.0331207217616928	0.757174888277906	0.209117193424087	
1.50305420614689e-06	2.53371994750476e-05	0.00127373107869476	0.0553847561101301	0.803177843091448	0.140136829466046	
1.28734093293597e-06	7.93860241977184e-05	0.0025480768199246	0.0880616293015961	0.820447050594644	0.0888625699187044	
5.36948384869997e-06	0.000139606580066199	0.00497020902971064	0.134068923983358	0.807431838161179	0.053384052761837	
1.67565721209309e-05	0.0003443690398699	0.00934630034222076	0.192735381502033	0.767058083005184	0.0304991095385713	
1.2884558436519e-06	2.89902564821677e-05	0.000752672955333316	0.0164009691764856	0.262768758467571	0.703666752062657	0.0163805686256278	
3.00253091909831e-06	8.36419327463099e-05	0.00148046220960969	0.0278881505760677	0.341544969441742	0.620620781846183	0.00837899146273226	
4.71974072318871e-06	0.00018299721985818	0.0031111672712583	0.0454716983965539	0.422029775986088	0.525113633121252	0.00408600826426601	
1.39546726469953e-05	0.000369262106966645	0.00582596848648479	0.0706896485097054	0.495531284443889	0.425820395204917	0.00174948657539023	
2.14685658332498e-07	3.32762770415372e-05	0.000862177603863311	0.0104354404802261	0.105506837416189	0.552914110923357	0.329523593202451	0.000724349411213848	
3.44551202677507e-06	8.74298676794175e-05	0.0016857167590997	0.0180221813450504	0.149146094447514	0.588274233470479	0.24246305011368	0.000317848484470001	
4.73321960697496e-06	0.000243975956104982	0.00308691976913076	0.0292076224629136	0.202951420600564	0.595099955916514	0.169278220584815	0.000127151490351009	
2.7536451377511e-05	0.00049952843827016	0.0056654097423965	0.0452912237887403	0.261794851716209	0.574804706323746	0.111874148091036	4.25954482245873e-05	
1.93908473046184e-06	7.08843195913271e-05	0.0010150031294673	0.0100511379734195	0.0677449414127094	0.323358537843932	0.528058017415135	0.0696887661280679	1.07726929470102e-05	
4.31220818478674e-07	9.05563718805216e-06	0.00019857718690943	0.00214381429906673	0.0170278320696767	0.0977918259937753	0.380273156827465	0.461696918603836	0.0408551540051251	3.23415613859006e-06	
1.72702623352849e-06	3.69151857416714e-05	0.000413406904650882	0.00413622782930073	0.0271404331381794	0.135461893166157	0.426834533616566	0.38345703158731	0.0225173997893028	4.31756558382122e-07	
7.12468149435229e-06	0.000102552233630828	0.000940673856693725	0.00768537233801389	0.0411964196964195	0.178615549163973	0.455964286778362	0.30362456296556	0.0118634582858534	
1.07866859503847e-06	2.13576381817617e-05	0.000251329782643963	0.00188529697040824	0.0130270806222796	0.0613894028145484	0.225660274620395	0.464346335460755	0.227603172493778	0.00581467092841437	
3.0212810404256e-06	6.25836786945304e-05	0.000591092054980409	0.00373581400648626	0.0205911093194435	0.087159426094718	0.273814168772212	0.448978763847178	0.162417162948045	0.00264685799720143	
1.42713039755312e-05	0.00015871419875818	0.00120679011344605	0.00691898764559163	0.0316786188837462	0.119176848485242	0.31521266945822	0.413907601956034	0.110493624943645	0.00123187301134244	
4.11103783366481e-06	3.6566599678387e-05	0.000349870956686105	0.00236060119817279	0.0118069006582853	0.047410219261121	0.155077434643153	0.349216652559316	0.362152574028973	0.0710746512541695	0.000510417802611331	
1.79566189720117e-05	7.4638958377639e-05	0.000775163443092987	0.00432105482804807	0.0191949766466598	0.0679415721906924	0.194118406810881	0.368730949487598	0.301893168501667	0.042758387634077	0.000173724879934041	
3.09361762886107e-05	0.000216336897123152	0.00151781967021603	0.0077379381363009	0.0297610342634378	0.0934984272307579	0.2327116532033	0.371201448591863	0.238958164770834	0.0243156182259509	5.06228339268176e-05	
6.59808408944493e-05	0.000493450157640127	0.00296762352586903	0.0128461452262104	0.0440764997012474	0.12351873012192	0.26721764634875	0.356739153290584	0.17901813586169	0.0130408427895055	1.57921356894911e-05	
4.31671197775339e-07	6.47506796663009e-07	0.000156049137995785	0.00100536221961877	0.00558496195681734	0.0205790610115438	0.0618138046722364	0.157163065521644	0.29248486344945	0.327054387980892	0.127593804309633	0.00656032302819072	3.23753398331505e-06	
8.66221789592562e-07	2.14389892924159e-05	0.000343240384126053	0.00213307115687168	0.00931426634804142	0.0312506835031309	0.0850584320735942	0.191051279247167	0.307442252783008	0.284386677075765	0.0858891387698135	0.00310800378105811	6.49666342194421e-07	
1.08252077519746e-05	8.87667035661915e-06	6.53842548219264e-05	0.000807343994142264	0.00392673585995126	0.0152315003153383	0.0451389512841836	0.111346571407725	0.222106633059448	0.309858798155125	0.23527051869416	0.0548149549812085	0.00141290611578772	
5.41988851939702e-06	2.7316238137761e-05	0.00022156504267295	0.00169360676454118	0.00703653286696277	0.0238607340133342	0.0638590776954027	0.140159401089311	0.246779014451808	0.297526731432167	0.185272168373823	0.0329921621908143	0.000566269952506601	
1.27788026088684e-05	7.32073776575848e-05	0.000515700491723993	0.00308532276548017	0.0114877103656232	0.0359080021511706	0.085793848457696	0.169420065449128	0.262931227733207	0.273318661535219	0.138718234116761	0.0185383605575976	0.000196880196126463	
5.41175793163478e-06	2.51105568027854e-05	0.000168846847467005	0.00114426209706486	0.00543362143367858	0.0186376613759156	0.0512703452333561	0.110819814220844	0.195643924511605	0.270022909053676	0.239232604066482	0.0977185976793083	0.00979723008911434	7.96610767536639e-05	
6.70532103995636e-06	3.37429058784901e-05	0.000397128046108383	0.00226445180539687	0.00948305435592796	0.028522488997866	0.0705261340969036	0.136477292538449	0.217360119432583	0.264474949569497	0.199563548490502	0.0660121552329407	0.00485854584514515	1.96833617624525e-05	
1.46644736090154e-05	0.000100279121002826	0.000843207232518384	0.00421754574075755	0.015588551100407	0.0419155943090628	0.0930950385125738	0.161137980404381	0.23222854495858	0.248290240986902	0.158389254218786	0.0419431980240916	0.00223115652880696	4.7443885205638e-06	
2.37321324011352e-06	4.89744914096153e-05	0.000240773270542426	0.00170310411976874	0.00788338289034072	0.0246898318168501	0.0587549346654395	0.116655512564438	0.183862538311213	0.238394663635858	0.222319811627278	0.119389022723733	0.0250680357086609	0.000986393721254455	6.47239974576414e-07	
1.31575598377781e-05	0.000119280829349037	0.000590796006486461	0.00327299693407286	0.0131370685560635	0.0363851826032038	0.0787324653945391	0.14023240996023	0.202095373758822	0.234212330229731	0.190544977500573	0.0856925988510215	0.0145785763002581	0.000392785515813014	
6.4827762359575e-07	3.76001021685535e-05	0.000223439687599335	0.00131016907728701	0.00619342832329259	0.0210889032806521	0.0511713620334481	0.100943092677553	0.162946525523662	0.212543005116855	0.220845496642246	0.156303840807218	0.0585364441151194	0.00769375883683436	0.000162285498440136	
5.19671965732831e-06	8.83442341745812e-05	0.000525951335318769	0.00272069927059709	0.010581603872249	0.0322688141821944	0.0693487081171462	0.124075146298485	0.181444116425575	0.215512294789119	0.199605568978009	0.122232043060019	0.0376495843273864	0.00387480409449542	6.7124295573824e-05	
1.36756886414723e-05	0.000173008315035768	0.00108754285863137	0.00481253995526096	0.0176359944125044	0.0463890212439884	0.0903218453930838	0.146289275546675	0.194517134226884	0.209633545813014	0.173384939159466	0.0909116366000501	0.02294324697751	0.00186966200426985	1.693180498468e-05	
4.74882112693882e-05	0.000364003674454806	0.00209732338578748	0.00857053295496702	0.0273584377511239	0.0640450414792099	0.112315936891217	0.16569421120883	0.200764908738768	0.19600476014859	0.144177041279672	0.0643108011936532	0.0133655352781862	0.000873303848527419	1.06739557440368e-05	
2.61068601649127e-06	0.00011117171286892	0.000796041677861796	0.00397846793196465	0.0145952577323625	0.0402422020440366	0.0838463150058099	0.134552146603943	0.180079682488367	0.199303033856464	0.176460836555174	0.115009421313162	0.0432586321789242	0.00741391317249912	0.000348961697537666	1.30534300824563e-06	
3.06917996953023e-05	0.000321719715955012	0.00172592397009966	0.00715293070771154	0.0230403993329649	0.0566596743055871	0.105072832076022	0.155842510580508	0.18787517187952	0.191517047771024	0.152151440740556	0.0869209181158021	0.0275655895731467	0.00400016456028773	0.000122549526442944	4.3534467652911e-07	
9.95092187871659e-05	0.000769668891803365	0.00335014369916792	0.0124251225861922	0.0349547953187023	0.0757930731981957	0.127408897782647	0.171891264356278	0.190134184689983	0.176721825906876	0.125146808831007	0.062365438877117	0.0169698133547482	0.0019124973540586	5.6955934437391e-05	
2.18513418253475e-06	8.74053673013899e-06	0.000240801786915329	0.00149900204921884	0.00608822085937831	0.0200398655880262	0.0503332548141784	0.0975253792409631	0.148248024966469	0.181771042514408	0.185136367668929	0.15551447017707	0.0993844914034636	0.0432671864081158	0.0100170921195758	0.00090180487713209	2.20698552436009e-05	
1.06777168687879e-05	4.33646052426282e-05	0.000559817441549306	0.00296470077550732	0.0106426329419333	0.0308304910267954	0.0692778986950523	0.118760835703496	0.163595697185179	0.186944595288381	0.17416402193421	0.131888543812198	0.0758921995137934	0.0284506676405907	0.00557747271952296	0.000392024747896926	4.35825178317872e-06	
2.83521326147013e-06	4.42729455444951e-05	0.00011035522386953	0.00115698510400762	0.00557206643210002	0.0174779992903243	0.0449804402998958	0.0898352588429756	0.138890554879587	0.175454773659473	0.184007521602689	0.157699141562852	0.108252149909502	0.0553069412781534	0.0180904053548019	0.00294447801870063	0.000172511822294067	1.30855996683237e-06	
1.96502474293656e-06	1.55018618609439e-05	0.000104146311375637	0.00033470921454686	0.00234056280491999	0.00978080148992543	0.0273555461185849	0.0616336560704527	0.111962961466956	0.157257873472057	0.181665009131907	0.174170623098429	0.136792140774373	0.085320500993975	0.0389022498441626	0.0108443165480192	0.0014471315551315	7.0304218580619e-05	
1.31179482829262e-06	1.35552132256904e-05	0.00016113213140861	0.000798664417958821	0.00423425507325718	0.0156575830705007	0.0402038878975121	0.0817213196830879	0.132703351154795	0.171006448346111	0.181458829537947	0.15935421215133	0.114778112091119	0.0650879798928089	0.0259442408490286	0.00619451381166911	0.000655241516732162	2.53613666803239e-05	
2.41007410977888e-06	4.4695919854081e-05	0.00030870858369804	0.00170633246972344	0.00750825724254657	0.0245704864515493	0.0566297304551206	0.102505929330054	0.151627621640275	0.179635311967661	0.17380030345024	0.140595616951585	0.0931866109428319	0.0472812720809347	0.0168900184589767	0.003429316360569	0.000266641835600081	1.07357846708332e-05	
7.89769328123488e-06	0.000116271595529291	0.000688415597680974	0.0034962649395289	0.0130024550857086	0.0365544733521957	0.0752880519089054	0.124287754209745	0.16776916271069	0.180098778204911	0.160760398684332	0.120283843096528	0.0723659053948485	0.0329085910010611	0.0104918661437516	0.00177127709868585	0.000106180098558825	2.4131840581551e-06	
2.19247520584602e-07	4.09992863493205e-05	0.000224728708599217	0.00133609439044256	0.00637067520562677	0.0207127517646685	0.051243626748636	0.0964862296113509	0.144287670286809	0.177784744976765	0.174867875962908	0.143813218652264	0.0988690116650643	0.0546169691003507	0.0222042926472055	0.0061680904966066	0.000928074754634619	4.47264941992587e-05	
1.03137667280519e-05	9.21655750166337e-05	0.000529074288964533	0.00274850911210318	0.0110157611910952	0.0313347594127385	0.0692872265535166	0.117485652892156	0.161587977746841	0.180821616601741	0.163827601219746	0.124553655286705	0.0785847580960874	0.0397391626450291	0.0144934755550562	0.00343623985520349	0.000437567039483732	1.44831617883282e-05	
2.13340605975296e-05	0.000218399197663371	0.00120724390329732	0.00491695112080797	0.0177022117042615	0.0447949290917409	0.0903486469366928	0.137787899848682	0.174510196361333	0.176948657493754	0.147786096350776	0.104604858007531	0.0601490744976599	0.0278673417320618	0.00907159446810008	0.00186903965935883	0.00019244642291586	3.07914276665376e-06	
6.75924706831419e-05	0.000533474125293983	0.00241747663876514	0.00899376167731487	0.026992733919487	0.0614334095271477	0.111646689091808	0.15510204261364	0.17882633931068	0.168379449599135	0.130191685201388	0.0859498811737576	0.0445722805699608	0.0184707985114685	0.00535455663522479	0.000977779030305646	8.91692202823208e-05	8.80683657109341e-07	
1.53952262482449e-06	3.29897705319535e-06	0.000150653285429254	0.00109130160919702	0.00452069822189535	0.0156477079587162	0.0403262556346528	0.079918818772675	0.132798781753754	0.167677546546367	0.177788031487196	0.154244331917559	0.110501875578421	0.0680350236998511	0.0318276508820145	0.0118655407331295	0.00310939583853839	0.00046537569630409	2.61718846220164e-05	
2.42434607672482e-06	4.4079019576815e-06	3.43816352699157e-05	0.00032882948604304	0.0021395956102586	0.00806756255804656	0.024812300514887	0.0559470752027745	0.100839132295684	0.151515899522756	0.17588278154482	0.169838666380447	0.136908112435	0.0912107316544223	0.0512107845492457	0.0219672201963015	0.0074054956840028	0.00168095341156184	0.000190862154767609	1.27829156772763e-05	
1.25994082256894e-05	1.45887884718509e-05	0.000110742167036323	0.000852338914355412	0.00409723913809438	0.0135397219553751	0.0364885493483453	0.0746930496801298	0.123034547577355	0.166699454600353	0.17668326988684	0.157457678145685	0.117189748414132	0.0722841312442778	0.0369496434809557	0.0144981611495258	0.00443764420243757	0.000873337928064894	8.11225055934741e-05	2.43146474530849e-06	
2.54270416366701e-05	2.89647169948155e-05	0.000276823096774878	0.00173721970555928	0.0073298422373674	0.0214349960997129	0.0510457810568098	0.0951674470188894	0.142972275238218	0.176381860215834	0.171608872843566	0.141378110279954	0.0967651496525118	0.0557175024719507	0.0257087290370625	0.00941950285048192	0.00253739765062979	0.000429385346594899	3.20601829331928e-05	2.65325651860906e-06	
3.14957975290438e-05	8.89423578108912e-05	0.000674941632963945	0.00342217366250434	0.011858167769685	0.0324238145491953	0.0693226939642075	0.115574272635608	0.159376054942866	0.179072905673635	0.159978467520957	0.1230088334622	0.0780439246602779	0.0418860836927625	0.0177496563187446	0.00579123432030516	0.00145324271415701	0.000233778666166283	9.31565842408337e-06	
1.98652430203469e-06	1.80994436407605e-05	0.00018165661117495	0.00146936580873832	0.00636658966309872	0.0188874316139009	0.0472011417658788	0.0893878547435772	0.134666040985086	0.171882911608939	0.17546571855012	0.144004912453874	0.103180292972604	0.0611072533299665	0.0300274184498665	0.0118438786136532	0.00345434503631587	0.000746050237875249	0.000101092014481321	5.95957290610406e-06	
5.06421535157434e-06	8.12476289013449e-05	0.000464586712687907	0.00289651099782437	0.0103708524901958	0.0290564860378482	0.064736085022451	0.110304335122469	0.151668625930852	0.177191390569682	0.164538998971964	0.127188208921342	0.0842808737136618	0.0460359193785723	0.020970475404317	0.00776520360017271	0.00198803480040716	0.000413284009343698	4.31559221264596e-05	6.60549828466219e-07	
2.68637023818856e-05	0.00024001176718242	0.00105561138703901	0.00527387324384051	0.0171914483587159	0.0430752861865081	0.084754981014849	0.130682663928037	0.164447915684967	0.173964272156609	0.150422200515959	0.108535963451272	0.0667785400414494	0.0332616674344107	0.0141611346523264	0.00485506371982127	0.00106860284966632	0.00018958727664593	1.43126283182177e-05	
0.000105538678611952	0.000594476166870226	0.00242651376841836	0.00935878464985901	0.0267074165664195	0.0605581813715036	0.105846974171051	0.149309203366903	0.17042525956603	0.165611863773652	0.132705473078222	0.0890601933941546	0.0514056569607576	0.0234063769009552	0.00907676428045612	0.0027389695658857	0.000574112894855887	8.23289277138877e-05	5.91191768158236e-06	
1.35806649882133e-05	0.000221014370533987	0.00110134812194736	0.00456310343603967	0.0156499640550464	0.0389346713062891	0.0796232197829109	0.127060920672707	0.162738422811662	0.171940199513111	0.152923106712923	0.1126963008459	0.070899613914837	0.0377958668341323	0.0161349252209158	0.00572512646446663	0.0016456699363943	0.000296146113936522	3.52659203726184e-05	1.53330088576602e-06	
4.00630938997919e-05	0.000406760811288598	0.0020066574791557	0.00826963556814612	0.0243820048841947	0.0549389804052065	0.0999747142768009	0.145313438978763	0.170586902433231	0.165989060367201	0.137542512306266	0.0935976767784018	0.0547644979689325	0.0267820688100057	0.0110267645548892	0.00331604198524671	0.000894961354439067	0.000154779275339633	1.24786685917385e-05	
4.36915039030713e-07	0.000120807008291992	0.00088868518938847	0.00402901203242172	0.013870304829069	0.0361767836892625	0.0733875268183912	0.120529785699727	0.159921608703697	0.172796402616335	0.155128432268011	0.119449294808204	0.0749339875990404	0.0404902274120932	0.018650592271104	0.00701925855954792	0.00201876593784141	0.00051468591597818	6.88141186473373e-05	4.58760790982248e-06	
6.09719450660195e-06	0.000281341975090347	0.00182001256022068	0.00671061582535545	0.0215196124971583	0.0507942031358742	0.0933767918130356	0.140913133269864	0.16956232595776	0.168208966534241	0.140612193169574	0.0999785291650589	0.0582602178092083	0.0296249615658989	0.0123794824178686	0.00449101926800567	0.00116260433824099	0.000257388710957268	3.96317642929127e-05	8.71027786657422e-07	
5.2584278256879e-05	0.00070119614022706	0.00351684522143631	0.011381236886524	0.0320459890798534	0.0675299469637577	0.114605478847214	0.158247170444333	0.172651351459409	0.158159602410707	0.123212786410484	0.0814526124390935	0.0439506785544799	0.0208933417004626	0.0081210116345975	0.00269613935789816	0.000642527730601616	0.000127549468333835	1.17336819250887e-05	2.17290406020161e-07	
2.60460981208608e-06	9.11613434230129e-06	0.000139997777399627	0.00155451795618004	0.00629642716990043	0.0185936582960295	0.046969145792166	0.0877506068740862	0.135207248802748	0.169257964028602	0.169043734871558	0.144356157818518	0.104060673517369	0.063608695576678	0.0319869960514115	0.0140197464151887	0.00514497258214071	0.00160335439015666	0.000323188667516348	6.72857534788905e-05	3.90691471812913e-06	
9.75340572672301e-06	3.6629457062582e-05	0.000452991510418913	0.00287617097763587	0.0100522934266597	0.0290135643864577	0.0632213591782691	0.10874267112838	0.154009527560199	0.173494448036347	0.1605035618354	0.127417408702162	0.085766464886764	0.0483112194726529	0.0230039492623499	0.00882358104744208	0.00320258495595687	0.000824271155082836	0.000203087581465321	3.31615794708582e-05	1.3004540968964e-06	
1.29837108527593e-06	2.44526554393634e-05	7.11940145092969e-05	0.00103328698869876	0.0053800169870217	0.0166418713855242	0.0419908356640898	0.0829775976888995	0.128773093423209	0.167565175523541	0.172430388375251	0.146354769079293	0.108697463307492	0.0678515745454349	0.0362316943201675	0.0159504887826148	0.00553127721845635	0.00193803523995521	0.000450967556952507	9.24007422354704e-05	1.2118130129242e-05	
1.60327866153098e-05	7.82139995692814e-05	0.000316539206013075	0.00230070487929695	0.009123305561947	0.0256630748891463	0.0575494708963758	0.103733862675283	0.1479533714567	0.173465651487951	0.165903809346768	0.130770990709217	0.0896447264481614	0.0519512117970111	0.0255863775045271	0.0108849621561238	0.00368104114316368	0.00109217942334833	0.000242658392015499	4.09486036526154e-05	8.66637114341068e-07	
1.90629560622691e-05	0.000207309647177177	0.000794145419594076	0.00426901903544475	0.0146457658683404	0.0381882999807421	0.0762401265260384	0.123380433998522	0.162520582035373	0.175369014421343	0.152922816907022	0.113055677045796	0.0719661251270774	0.03872032975448	0.0176609622936895	0.00706087560056435	0.00223426510029823	0.000632543542066204	0.00010397976033965	8.66498002830416e-06	
4.7587549193629e-06	4.30451013160553e-05	0.000430234706118764	0.00177739496238204	0.00768755226518897	0.0223384608196566	0.0532863745166078	0.0976773382466757	0.142997773335312	0.17235561396807	0.169223920617046	0.136887964632933	0.0939135957195432	0.0552402760250899	0.0282096828549415	0.0117898153127216	0.00453141621844242	0.00127988876626683	0.000291581892331872	2.79036083908097e-05	5.40767604473057e-06	
1.85463700225101e-05	0.000198403028147783	0.000817981180178847	0.00365902628106894	0.0131784898337857	0.0337065179276545	0.0715529738241709	0.119296505993281	0.15821412258633	0.174242283739621	0.157128512973617	0.119503319584579	0.0750440044977104	0.0420672646648951	0.0198437533022243	0.00785675991465219	0.00277462321755366	0.000739913901712003	0.000133490733068997	2.28594793300706e-05	6.46966396134074e-07	
4.70505458834549e-05	0.000446116873124318	0.00189281324494449	0.00649211201914828	0.0203683539755013	0.0485550842107649	0.0924599341939842	0.138492418495181	0.169826571256217	0.170125061645927	0.141426171110749	0.0997288118765938	0.0586951243332258	0.0307043660964126	0.0136437949934334	0.0048682207015927	0.00173525866469256	0.000421080802837709	5.71944709133741e-05	1.4460488872438e-05	
8.20316918647876e-06	0.00011657135159733	0.000938183507485176	0.00347274691323378	0.0112888560378347	0.0307476368396557	0.0662539752989623	0.112107316449772	0.155669382923074	0.173671669448548	0.159560491464818	0.124918939736065	0.0808491402646947	0.0448922751187517	0.0222020932760781	0.0088984957114695	0.0030546011575967	0.00108432944272849	0.000235517304801272	2.43936346861079e-05	5.18094895988132e-06	
5.43125342293387e-05	0.000329553743550928	0.00180875885905594	0.00618751759477267	0.0178861345293343	0.0438946977334362	0.0861764646694801	0.132605675205419	0.1670281371385	0.172325881264145	0.145051468158682	0.106126691884128	0.0630869296994569	0.0334149752423562	0.0157776830013236	0.00563746794532654	0.00187886746897748	0.000612152029222307	0.000103648222692642	1.27666913128724e-05	2.16384598523262e-07	
7.98170162544118e-06	0.000124039957692667	0.000764301861052381	0.00318922910352763	0.0103153786033877	0.0276158247373643	0.059803870176113	0.106967097915848	0.150322406815251	0.172120649675997	0.164392636729245	0.130036588551694	0.0862353829695943	0.0485492394409098	0.0243504458858966	0.0103149471600566	0.00338402576752151	0.00113383307414375	0.000318836621686542	4.5085828100465e-05	8.19742329099364e-06	
7.33569341289252e-05	0.000293643492204315	0.00159896540832196	0.00577836885247316	0.0169478250963565	0.040472746604437	0.0794613098268949	0.127644517475348	0.163753821033245	0.171919095068861	0.151738386734305	0.110417720273613	0.0679477232596715	0.0360059565830513	0.0166289381885843	0.00652790411471989	0.00202680893884448	0.000588150007163089	0.000141967243108332	2.67537053881963e-05	6.04115928120561e-06	
0.000110070451576462	0.000674046360636212	0.00276668243117731	0.00978113280010795	0.0259149957690994	0.0570783409679842	0.100279155100079	0.146123173809028	0.1707703050249	0.166226060487714	0.134702877898999	0.0907036745582207	0.0521128444864543	0.025638846522217	0.0113623413304166	0.00408190539087877	0.00128170445283633	0.000307289021002264	6.72532621616496e-05	1.72998745110353e-05	
3.88773516748039e-06	0.000257238476914953	0.00144494157058021	0.0052415309469119	0.0158148746907361	0.0379812287186997	0.0765670002559426	0.121115261628378	0.159341201677342	0.172873975824767	0.153118665556502	0.115368109124406	0.072920520654133	0.0387240021209755	0.0183034571684977	0.00758216350302217	0.00246827986077588	0.000704328021175197	0.000133046936842662	3.52056017944058e-05	1.07992643541122e-06	
2.46890105099385e-05	0.00053947653666892	0.00272033913171349	0.00883563377881116	0.0244888995826474	0.0546976365036983	0.0959295834769014	0.140400771943062	0.169450857932287	0.167252669715832	0.13684468814856	0.0953149570573645	0.0562482796199365	0.0279161240679086	0.0125641075063471	0.00484900829225898	0.00140684045853123	0.000419929748936586	8.40292638408434e-05	1.14782241844451e-05	
2.1758164098333e-07	0.000126850096693281	0.00111923996121825	0.00523588460862285	0.0145908072627011	0.0363091539207341	0.0726851054052502	0.117176416935162	0.155286929261598	0.172462824000822	0.156997556123008	0.117154006026141	0.0768343872988023	0.0421412122256513	0.0195658114837849	0.00816301042477158	0.00308247910781083	0.000753920386007238	0.000283508878201279	2.56746336360329e-05	5.00437774261658e-06	
7.67504306247375e-06	0.000345596224755961	0.00205976227102331	0.00905041077926905	0.0228369809889183	0.0515208097828292	0.0940363818969856	0.136009218823153	0.165402660169925	0.168069847277607	0.141830190768677	0.0970259208132914	0.0595938586498284	0.0311698848853184	0.0134133438298684	0.00514754173852883	0.00186306188167934	0.000465326896530552	0.000134861470954896	1.66658077928002e-05	
3.54717824174086e-05	0.000686742520466227	0.00417399327886836	0.0150371715637923	0.0341749693036889	0.0686583888892683	0.114642156913505	0.151150552599696	0.169251957392441	0.159430239452157	0.123325472991983	0.0787907603277416	0.0451892882267392	0.0219361027615333	0.00863176081707598	0.00342203555594528	0.00108949045996326	0.000306908030481057	5.86055535591968e-05	7.93157867718453e-06	
