# <P(U)> as a function of N_tot.
# number_of_species: 1
# species_total_upper_bound: 103
# species_total_lower_bound: 0
# volume: 729
# Bin widths for each
10	10	10	10	10	10	10	10	10	10	10	10	10	10	10	10	10	10	10	10	10	10	10	10	10	10	10	10	10	10	10	10	10	10	10	10	10	10	10	10	10	10	10	10	10	10	10	10	10	10	10	10	10	10	10	10	10	10	10	10	10	10	10	10	10	10	10	10	10	10	10	10	10	10	10	10	10	10	10	10	10	10	10	10	10	10	10	10	10	10	10	10	10	10	10	10	10	10	10	10	10	10	10	10	
# Bin lower bound for each
0	0	0	0	-10	-10	-10	-10	-10	-20	-20	-20	-20	-20	-20	-30	-30	-30	-40	-40	-40	-50	-50	-50	-50	-60	-60	-60	-60	-70	-70	-70	-70	-80	-90	-90	-90	-100	-100	-100	-110	-110	-110	-110	-130	-130	-140	-140	-140	-150	-150	-150	-160	-160	-170	-170	-170	-170	-180	-180	-180	-200	-200	-210	-220	-220	-220	-220	-230	-230	-230	-230	-250	-260	-260	-260	-260	-270	-270	-270	-270	-280	-280	-290	-290	-290	-310	-310	-320	-320	-320	-330	-330	-330	-340	-340	-350	-350	-350	-360	-360	-370	-370	-370	
# Bin upper bound for each
0	0	0	0	0	0	0	0	0	0	0	0	0	0	0	0	0	0	0	0	0	0	0	0	0	0	0	0	0	0	0	0	0	0	0	0	-10	-10	-10	-10	-10	-10	-10	-10	-10	-10	-20	-20	-20	-20	-20	-20	-20	-30	-30	-30	-30	-30	-30	-30	-40	-40	-40	-40	-50	-50	-50	-50	-60	-60	-60	-60	-70	-70	-70	-70	-80	-80	-80	-90	-90	-90	-100	-100	-100	-100	-110	-110	-120	-120	-130	-130	-130	-140	-140	-140	-150	-150	-160	-160	-170	-170	-180	-180	
# Normalized histogram for each
1	
1	
1	
1	
1.4485615783527e-05	0.999985514384216	
9.85556984766697e-05	0.999901444301523	
0.000427466346227955	0.999572533653772	
0.00140731939458591	0.998592680605414	
0.00385940138509398	0.996140598614906	
2.52460920197103e-06	0.00937387396691844	0.99062360142388	
3.20935591436155e-06	0.0205476720019916	0.979449118642094	
1.00823776079559e-05	0.0405941728440325	0.95939574477836	
4.03080266106263e-05	0.0737515504848872	0.926208141488502	
0.000160792436433734	0.124041057501162	0.875798150062404	
0.000435369710229378	0.192458617536188	0.807106012753583	
2.29067838211218e-07	0.00102164255842203	0.278884366326203	0.720093762047537	
9.40860492648323e-06	0.00239758790907065	0.379512143181527	0.618080860304476	
2.7319587983881e-05	0.00504585902771193	0.486808656590254	0.50811816479405	
1.3770469228739e-06	9.06555890891982e-05	0.0100001147539102	0.591821947832872	0.398085904777205	
4.35939094260816e-06	0.000256286299099648	0.0188254561815819	0.684198377985351	0.296715520143025	
1.32976436804668e-05	0.000594496380404317	0.0331468988404684	0.757029810795165	0.209215496340282	
1.60385658772637e-06	2.47452159249212e-05	0.00129522875577388	0.0553385512134321	0.803018228975731	0.14032164198255	
1.37416496575581e-06	7.87854580366664e-05	0.00257816250325219	0.0880938224872019	0.820246167911965	0.0890016874745779	
5.72901616063795e-06	0.000138413030441013	0.00500532683922616	0.134036749576225	0.807357019224974	0.0534567623129734	
1.69591858857405e-05	0.000341704677778906	0.00935092841229706	0.192573618336272	0.767193234109873	0.0305235552778934	
1.37548806901649e-06	2.77390093918325e-05	0.000748494757556473	0.0164494618173682	0.262497455347072	0.703854897012623	0.0164205765679189	
3.2052558870248e-06	8.40234936098645e-05	0.00148517820993785	0.0279937891298783	0.341136757737144	0.620880044214215	0.00841700195932713	
2.52027157530033e-06	0.000190165946136298	0.00313086464331627	0.0455021285984609	0.421778216559605	0.525304557636205	0.00409154634470121	
1.26112397330178e-05	0.000379942258865644	0.00587798419192564	0.0707878058025002	0.495342210576061	0.425859553438294	0.00173989249262071	
2.29393364659291e-07	3.11974975936636e-05	0.000859078150649046	0.010470889523238	0.105697121847332	0.552647612336225	0.329579999100778	0.000713872150819714	
3.68218338746143e-06	8.8832674222507e-05	0.00168943176545965	0.0180730766115076	0.149321281547106	0.588162056573066	0.242346811965623	0.000314826679627952	
5.05629146302644e-06	0.000241552833074581	0.00311099823834209	0.0292786855480848	0.203116514192665	0.595012887797445	0.16910858730664	0.000125717792285248	
2.94054809059645e-05	0.000491393153577016	0.00565687938928492	0.0453251028617506	0.262261281481669	0.574514177806673	0.111680638098936	4.11217272044347e-05	
2.07078304590098e-06	7.56986246779357e-05	0.000988913947920266	0.0100980584798336	0.0678133129261499	0.3237616372255	0.527688210019737	0.0695619741649107	1.01238282244048e-05	
4.60208423793052e-07	9.66437689965408e-06	0.000208704520190149	0.00207530988709477	0.0172037414024438	0.0980232437468605	0.380689700558486	0.461023913120013	0.040762040720622	3.22145896655136e-06	
1.84319098753335e-06	3.93982073585253e-05	0.000427159511360853	0.00405571136919369	0.0273444294966775	0.135744104265628	0.426965054711668	0.382988130541237	0.0224337079081418	4.60797746883337e-07	
7.60273541812626e-06	0.000108281383227859	0.000948959611735214	0.0075995100152216	0.0414141732958296	0.178976685635876	0.455888813911071	0.303230033661687	0.0118259397499345	
1.15033709478225e-06	2.27766744766886e-05	0.000259746116001833	0.0018849423635102	0.0129452034624226	0.0617296192476243	0.226107268473954	0.463899431089286	0.227338129165371	0.00581173307025891	
3.22110912450484e-06	6.62628162755282e-05	0.000597515742595648	0.00369024066056665	0.0204528925444898	0.0875405428351144	0.274395932751524	0.448510225525955	0.162107378433616	0.00263578758073768	
1.52116388397392e-05	0.000161796522204498	0.00119987563332852	0.0068648282248732	0.03154571224235	0.119646223376463	0.315573975467314	0.413325810486489	0.110442720919668	0.00122384548846992	
4.38152876611999e-06	3.89725453407515e-05	0.000344757131860494	0.00233627725945061	0.011736040103441	0.0472160458040405	0.155630056918365	0.349521006663152	0.361598344796796	0.0710619395967056	0.00051217765208171	
1.91332808205457e-05	7.90688592945444e-05	0.000765331232821829	0.00425335137855288	0.0191229073550406	0.0677225932465051	0.194543280518563	0.369223218766475	0.301365309425492	0.0427317622374044	0.000174043699030265	
3.29743434243279e-05	0.000214217937351053	0.00147254655320111	0.00763690405503718	0.0296861326744614	0.093258360898424	0.233339828279765	0.371443757414904	0.23860419373695	0.0242617378862524	4.93462202294138e-05	
7.03202291010008e-05	0.000487169324886606	0.00293408273947323	0.0127355698855118	0.0440285329517135	0.123186746781005	0.267861741668379	0.356851415200375	0.178815811953102	0.01301247019748	1.61390689740002e-05	
4.59899309645146e-07	6.89848964467719e-07	0.00016625360043672	0.00098924341504671	0.00553672778881792	0.020491503590204	0.0617798839122163	0.156822215344173	0.293366780277126	0.326832503291729	0.127447526638518	0.00656276314863624	3.4492448223386e-06	
9.23133021160517e-07	2.12320594866919e-05	0.00035748326244441	0.00209643509105553	0.00931187356770142	0.0312342057709661	0.0849383924100003	0.190664124973748	0.308130955650382	0.284418206952576	0.0857013618519895	0.00312411292686248	6.92349765870387e-07	
1.15397992674997e-05	9.46263539934976e-06	5.83913842935485e-05	0.000829942363318579	0.0038829116575283	0.0152046087188723	0.0450130642067507	0.111239741406946	0.222022737558885	0.310419677111801	0.235165184148655	0.0547131886750256	0.00142955033325786	
5.78025994985046e-06	2.91325101472463e-05	0.000215950511726413	0.00170217095003196	0.00693746799181053	0.0237473887675677	0.0637275971574994	0.140034427228261	0.246849700524732	0.298244303842832	0.18499999421974	0.0329308345654921	0.000575251470209118	
1.3630594261566e-05	7.80871332272765e-05	0.000507335338955915	0.00305417722267632	0.0113496644794568	0.0357477351265959	0.0857433687158917	0.169339110241012	0.263392982970074	0.273671837205423	0.138351224835959	0.0185537800872266	0.000197066049239251	
5.77685933416844e-06	2.40317348301407e-05	0.000171457185038119	0.00113365087573721	0.00539396909749975	0.0185007386292345	0.0511351413054454	0.110663366000317	0.195697811101783	0.270448060142189	0.239430484856425	0.097507608701429	0.00980679640568434	8.11071050517248e-05	
7.15820935776546e-06	3.4174676933848e-05	0.0003937015146771	0.00222666493022362	0.00944675816243686	0.028417398420391	0.0705127494635961	0.136289766162082	0.217153979086945	0.265017923232592	0.199804557793535	0.0658044949860207	0.00487127692294903	1.93964382597516e-05	
1.17325611007627e-05	8.6268831623255e-05	0.000843594148166603	0.00421958109235665	0.0154975629630192	0.0416632446696789	0.0931705682033331	0.160863534901034	0.232127111027066	0.248888799936138	0.158534276447206	0.0418378527848844	0.00225081132960514	5.0611047885643e-06	
2.07094076626189e-06	4.37198606210843e-05	0.000232175470350916	0.001712437909169	0.00788683275151403	0.0243770437596687	0.0584214691207775	0.116715920541224	0.183560596071978	0.238646469931896	0.223082889864379	0.119299534199401	0.0250165042473845	0.001001645017282	6.90313588753963e-07	
1.28859099937595e-05	0.000106078651912913	0.000581016477397193	0.00333031741678003	0.0130953060311581	0.0359420244500938	0.0785775888253389	0.140346658591496	0.201774711953891	0.234653571514039	0.19113072019351	0.0855419629658947	0.0145081540197596	0.00039900299873534	
6.92054772905687e-07	3.41413687966805e-05	0.000208308486644612	0.00130729146601884	0.00626009679078054	0.0209978645496557	0.0505723638999316	0.100880824246462	0.163061022852341	0.212420676105217	0.221266520212498	0.156805078390198	0.058379664478005	0.00764628250091063	0.000159172597768308	
5.55067301910357e-06	8.71918220084185e-05	0.000498172903464545	0.00277626162172163	0.0106806512789676	0.0319230769230769	0.0684906794948888	0.124352190203062	0.181701975114483	0.215552060687358	0.199805726444331	0.122677968453675	0.0375338822332208	0.00385332346547019	6.12886812526019e-05	
1.34491818027933e-05	0.000164172770972028	0.00107709395644784	0.00484216921389532	0.0178264267147127	0.0458359709961438	0.0895710870417133	0.146657994263228	0.194691978954349	0.209911815106214	0.173611545890695	0.0910451637437884	0.0228752031869923	0.00185992909034836	1.59998886964265e-05	
3.81728340233539e-05	0.000363572967954139	0.00209322131934159	0.00859028422235303	0.0275873209397314	0.0635684756633054	0.111743756006693	0.165846532638122	0.200933418896344	0.19643670560063	0.144280045220843	0.0642513969744305	0.0133751558627072	0.00088076831673397	1.11725367873231e-05	
1.85934129580749e-06	9.55236590721097e-05	0.000801840933816979	0.00393064749933703	0.0145942022484549	0.0404378841718691	0.0833098785176123	0.134067339298875	0.180368656247073	0.199367870442958	0.176894012200533	0.115119954241611	0.0432519972230738	0.00741226407573655	0.000344675392710313	1.39450597185562e-06	
2.04560442613009e-05	0.000281038153544463	0.00172807082998307	0.00709080879712183	0.023002356861736	0.0568466496370098	0.104384869314934	0.155557988585062	0.188269295454318	0.191543424811369	0.152528401938954	0.0871271740648973	0.0274847875604935	0.0040126390458929	0.000121573990325686	4.64910096847747e-07	
8.27703202884977e-05	0.000723016234407412	0.0033448535629825	0.0124223095623968	0.0348668225546558	0.0758581824989969	0.12663975582056	0.171674271044121	0.190517925370082	0.176781083228005	0.125555348046865	0.0625669011514867	0.0169921638656491	0.00191747356071156	5.71231787906533e-05	
2.33407198931555e-06	9.33628795726221e-06	0.000202364041473658	0.00141164673913805	0.00601046877968648	0.0200120998291926	0.0501227955273579	0.097598520011633	0.147774532380347	0.18173714708248	0.18523241988648	0.155800238915609	0.0998373618637845	0.0433112732409383	0.0100283403020943	0.000886247134343115	2.28739054952924e-05	
1.14009459062344e-05	4.53711112595044e-05	0.000494196104180448	0.00289560758781811	0.0105456422909014	0.030747653092018	0.0691416181292723	0.118795064274578	0.163258753308892	0.187064859050571	0.174396314097456	0.132005270494422	0.076250689582723	0.0284018503037189	0.00555365669052877	0.000387399488446537	4.65344730866712e-06	
1.63036085941445e-06	4.26222910389777e-05	0.000106672181944545	0.00104063604569482	0.00542001822277623	0.0173540268049958	0.0448761484727711	0.0897152644631641	0.138978015282537	0.175184836339719	0.183976906637152	0.158043455172529	0.108461386533406	0.0556174316319819	0.0180725501266092	0.00293814317735904	0.000168858803296496	1.39745216521238e-06	
2.09890751863655e-06	1.00281137001524e-05	9.8881865322433e-05	0.000289182813678814	0.00225562594669475	0.00953860182441706	0.0271724567362688	0.0614697716505226	0.111913515681754	0.157382382469924	0.181359369115042	0.174068930455031	0.137228206052083	0.085654783351932	0.039173310291993	0.0108532175669231	0.0014648042360618	6.48329211312179e-05	
1.40117315557739e-06	1.28440872594594e-05	0.000149224941068992	0.000710628318737001	0.00412318553914574	0.0153449478133058	0.0400840610481803	0.0816514974103985	0.132657469677445	0.171030698302666	0.181251789414884	0.159428050459048	0.115147709338772	0.0654186728741751	0.0261521963622743	0.00615605425902928	0.000655515507950957	2.40534725040786e-05	
2.57407123999564e-06	4.23551722217464e-05	0.000307484509941297	0.00162564299129543	0.00729187580995492	0.0243736465650423	0.0562806636236464	0.10256363455115	0.151871607198601	0.179680468836656	0.173418221522699	0.140779700218983	0.0935230283433324	0.0475650924114976	0.0169933163070221	0.00340292217927423	0.000267001389530457	1.0764297912709e-05	
8.43778411601203e-06	0.000119535274976837	0.000680413535799526	0.00337605117797326	0.012709177941851	0.0360434011488981	0.0749432266039583	0.124454034350688	0.167998859961613	0.180232240632478	0.160466965723611	0.120826959095263	0.0725323641757	0.0331553351523008	0.0105732466460394	0.00177310657882308	0.000104066004097482	2.5782118132259e-06	
2.34388385774219e-07	4.31274629824563e-05	0.000236732269631961	0.00127671353731217	0.0061512887962586	0.0201187270929301	0.0507603207651937	0.0962668258632583	0.144347852990667	0.178294322902347	0.175095155824915	0.143538275506203	0.0994711494851776	0.0548147710623161	0.0223939351536404	0.00621433927203186	0.000931225056680971	4.500257006865e-05	
1.1027862481147e-05	9.00999828246908e-05	0.000519248078101668	0.00271379271184993	0.0106655854668728	0.0306781056103195	0.0687467561659829	0.117449081777935	0.161708821257589	0.181177221973509	0.164092951271864	0.124705649925902	0.0789442440658368	0.0399154655681977	0.0146438281981036	0.00348785480387768	0.000434779344203521	1.54859345479937e-05	
2.28143392591032e-05	0.00021356103141511	0.00120821918323725	0.00489543976638117	0.017304323528969	0.0439444158023874	0.0897866553520088	0.13794184554363	0.174634594252856	0.177461455526621	0.148065532190327	0.104820599325636	0.0604060199750124	0.0280451733325305	0.00914290525792904	0.0019088781178029	0.000194274682763085	3.29279123327262e-06	
7.23185540435141e-05	0.00052012823233902	0.00242985630279755	0.00896844296268622	0.0265639947355862	0.0605030685916751	0.110909807455972	0.155204097328995	0.178965335856081	0.169254626561828	0.13059411694452	0.0861676749255084	0.0447804966989054	0.0185679654246642	0.005402690674228	0.00100280157838189	9.16349104981335e-05	9.42261290469239e-07	
1.64770278454709e-06	3.53079168117234e-06	0.000158650239540677	0.00110254854897408	0.00453141804361658	0.0154561582773879	0.0398374517664433	0.0789468542882289	0.132123637026141	0.167848893414579	0.177941779128266	0.155345889299324	0.110887808152786	0.0683092851111929	0.031909647511651	0.0119465513463026	0.00313863841845013	0.000481599985311907	2.80109473373005e-05	
2.59492041968827e-06	4.71803712670595e-06	3.68006895883064e-05	0.000332857519289105	0.00216675855043971	0.0081020492558358	0.0245441727405497	0.0552375991701916	0.0998806100705087	0.150784456237965	0.175990805489247	0.170393326242124	0.138112516221201	0.0915556335604361	0.0514395792831933	0.022050926020942	0.00746299112702348	0.00168717007651005	0.000200752479741338	1.36823076674473e-05	
1.34825624343169e-05	1.56113880818406e-05	0.000118504627712153	0.000855078301755359	0.0041225891345212	0.0135715000391467	0.035933394249285	0.0740341695439322	0.122025468796975	0.166034917944415	0.177056321394012	0.158269198518432	0.118256737792308	0.0726092755771897	0.0369895283066398	0.0146553088299194	0.00448425295841718	0.000865249357626861	8.68087791823559e-05	2.6018980136401e-06	
2.72071118917318e-05	3.09924491984075e-05	0.000295966060665708	0.00170174570293241	0.00725909403629571	0.0213192562947794	0.0504507390397924	0.0944115172672893	0.142065601788193	0.175783020680244	0.17221510368512	0.142506120417258	0.097772423628454	0.0559146368583972	0.0257379278495783	0.00947091394130267	0.00256882452974281	0.0004317650365427	3.43046193417488e-05	2.83900298000679e-06	
3.37255071473137e-05	9.04888607262432e-05	0.000692560414377231	0.00343145160045344	0.0117982274158448	0.0322316096828306	0.0684283414911852	0.11471612504373	0.158459295331654	0.178949915959361	0.160559064406931	0.124355444995004	0.0788231603032731	0.0420545198948429	0.017825830555927	0.00583332521862798	0.00146753456805107	0.000239403600031635	9.97515000131814e-06	
2.13097391901021e-06	1.94155401509819e-05	0.000189183129032128	0.00147321330267572	0.00635432745160854	0.0187833512216755	0.0467268122216563	0.0884856139134602	0.133680966211988	0.171181845238729	0.175638422028019	0.144627542459063	0.10452474427721	0.0619426763280289	0.030128419591606	0.0119029099869513	0.00347727588606487	0.000748682170212252	0.00010607514619073	6.39292175703062e-06	
5.43608639595744e-06	8.7213733917752e-05	0.000468921539546938	0.00293288678641026	0.0103715801403219	0.0289223431423179	0.0643500272395199	0.109448745386713	0.150816417453619	0.176703297222751	0.164841756706772	0.127682560916666	0.0854366063694388	0.0466992910634285	0.02096816698712	0.00780243843927596	0.00200757034118533	0.000407706479696808	4.63249101568547e-05	7.09054747298797e-07	
2.88492666019844e-05	0.000254677542051944	0.00107971927298902	0.00530495448318785	0.0172324709373198	0.0429835154817697	0.084394509464333	0.129695661519595	0.163635168391041	0.173564518428888	0.15096892153638	0.109224978640902	0.0676028174855878	0.0336997269014918	0.0141649899015743	0.00488616717866233	0.00106316641510264	0.000199816641628499	1.53705108944999e-05	
0.000111307815055829	0.000633489721205692	0.00246171470042078	0.00933667837242089	0.0268004745054509	0.0604488505291357	0.105435092365484	0.14809822479331	0.169673585714195	0.165540841849479	0.13349360403645	0.0898639997345556	0.0519287432312259	0.0236287900840503	0.00910253191157406	0.00276904663797451	0.000581718644435539	8.49516305182967e-05	6.35372305815516e-06	
1.45871404005205e-05	0.00022704178204036	0.0011629715322544	0.00462035908363584	0.0156472961205971	0.0389747216620682	0.0794469779797705	0.126430274998182	0.161669277058969	0.17117256375345	0.153241674330797	0.113717817415587	0.0716033314205357	0.0380656134280745	0.0162185473607981	0.0057906241860905	0.00165493460608486	0.000303741907372129	3.59972980851555e-05	1.64693520651038e-06	
4.30494843236361e-05	0.000424613766142969	0.00208495945114966	0.00837582999641019	0.0243831808722908	0.055095576912491	0.0999472585006265	0.144325395761202	0.169482996865151	0.165524326252046	0.137926548640507	0.0946053585551558	0.0552614232865247	0.0269875570523289	0.0111392305010537	0.00331645699450613	0.00090286295537768	0.000159965296940287	1.34088557729358e-05	
4.70059887980028e-07	0.000126681139810618	0.000902044925033674	0.00411067372038535	0.0140639568184185	0.036268880836763	0.0732614188710713	0.120361654676614	0.158887293035569	0.171897140555192	0.154746065422465	0.120137436110048	0.0756817572342804	0.0410670171433191	0.0188578625859828	0.00704643275076461	0.00199563925441921	0.000511660188066261	7.09790430849842e-05	4.9356288237903e-06	
6.56115240080768e-06	0.000293845896807601	0.00187063141484456	0.00683953272409909	0.0215533856366532	0.0509042322479235	0.0931280598695784	0.140691493911133	0.168555536523006	0.167419285523309	0.140609713832995	0.100720953485413	0.0588200282926265	0.0300634346273722	0.0125948350139647	0.00448525064656642	0.00115523147628507	0.000246277541901745	4.07728756335906e-05	9.37307485829668e-07	
5.66106237087163e-05	0.000715586355061832	0.00360038888223493	0.0115331279755667	0.0320926093661107	0.0676461864089589	0.11453498817259	0.157803751085427	0.171389598990927	0.157508065844238	0.123506836317633	0.0821513721292332	0.0445378233823397	0.0211789232565799	0.0082770813995269	0.00271169566128694	0.000627395424738749	0.00011509267299458	1.26321226457466e-05	2.33928197143456e-07	
2.80474356930732e-06	9.81660249257561e-06	0.000150754966850268	0.00158538130255096	0.00636676790232761	0.0187221307823879	0.0471545175303485	0.0878146513259659	0.135005163065454	0.168820086451546	0.16794430527203	0.143867217829942	0.104101329775672	0.0644445929919742	0.0325174957566567	0.0142193487104958	0.00528226705552878	0.00161483111002869	0.000313897551131644	5.84321576939024e-05	4.20711535396098e-06	
1.0505910975712e-05	3.94555323310072e-05	0.000479536469869164	0.00294165507319935	0.0101461418909659	0.0291263541243755	0.0635726681021632	0.108783338465665	0.1536386755735	0.172758032761166	0.159626110970903	0.126936151843566	0.0859605309267171	0.049054666457171	0.0235432795671938	0.00904278777382781	0.00328508162976096	0.000834869725536578	0.000188639468186117	3.0116944797041e-05	1.40078813009493e-06	
1.39806433332836e-06	2.63302116110175e-05	7.61945061663958e-05	0.00107464545088507	0.00546223735031391	0.0168804617713289	0.042250436196072	0.0833940714615924	0.128761958110264	0.167154202767795	0.171583969607945	0.145326923363706	0.108493753448559	0.068095985504869	0.0368038105641469	0.0163662071073863	0.00568056839703536	0.00200249414677066	0.000465322412276123	8.59809564996943e-05	1.3048600444398e-05	
1.72763304700539e-05	8.42804770228307e-05	0.000325215247902502	0.00231572867476304	0.00923349824446801	0.0258467911667523	0.0578950845804782	0.104199385663027	0.147804843769443	0.173060504277409	0.164826231633101	0.129806642842451	0.0895574621257311	0.0524163866461436	0.0261598662905407	0.0112361517954426	0.0037884191153725	0.0011351016046676	0.000251207183591595	3.89884755202568e-05	9.33855701083996e-07	
2.05396369479126e-05	0.000221501312086013	0.00080874820482406	0.00432896189173791	0.014708247294428	0.038408654282666	0.076837147987384	0.123739175552977	0.162435384752914	0.174840858659523	0.151781615111011	0.112269655557291	0.0720439436196302	0.0391501818574787	0.0180723130595446	0.00728456896754947	0.00227686543666918	0.000654000712818764	0.00010876671383781	8.86938868205319e-06	
5.12830315171525e-06	4.63878330541516e-05	0.000450125153907371	0.00182987180640749	0.00785842526593748	0.0224587043388708	0.0537042899188283	0.0982669132603467	0.143006229955911	0.172444554884266	0.168441681169663	0.135705391105378	0.0933297559533772	0.0552868376505099	0.0287219942199361	0.0121221431272113	0.00469332980257431	0.0012900013473451	0.000302336781262486	3.00705048441485e-05	5.82761721785824e-06	
1.99786321559802e-05	0.000213724902133741	0.00086140427946947	0.00369604694885633	0.0133466555188997	0.0339464837491251	0.0720011318127426	0.120116415024954	0.15808232079225	0.173754860789588	0.156597397341773	0.118638460864763	0.0746476036443813	0.0421379552427532	0.0201187148907482	0.00803233936540895	0.00288389232074811	0.000738047841390104	0.000141244283149255	2.46248256806267e-05	6.96929028696982e-07	
5.06650131589589e-05	0.000478063908568709	0.00197942163795804	0.00661341107546484	0.0206106667980548	0.048970756526258	0.0929740176797655	0.138992258943769	0.169536522037421	0.16993533470981	0.140690698926181	0.0990752008240269	0.0583286774200446	0.0307518037209501	0.0137832076624093	0.00493867674141228	0.0018097635663707	0.000405320105271671	5.99613458486762e-05	1.55713572552764e-05	
8.83812600097591e-06	0.000125594422119131	0.000997545326794361	0.0036127002940305	0.0115432903040641	0.0309985640371071	0.0666590069574658	0.112755183444608	0.155953384932484	0.173127259245959	0.159401649566443	0.124150784011551	0.0803053060852358	0.0446355598743498	0.0222916144325667	0.00898581573809749	0.00307008587402321	0.00111383645838615	0.000233280009973127	2.51188844238263e-05	5.58197431640584e-06	
5.85813237138599e-05	0.000355455601658202	0.00191451234432188	0.00638116323370774	0.0182509997334666	0.0442531721436703	0.0866049018797837	0.132976103954543	0.167292156497556	0.172066184292643	0.144834270867904	0.105300046071527	0.0624397557602245	0.033197172599251	0.0157649110474107	0.00565624852671472	0.00191311199395422	0.000625723222616965	0.000102458968567269	1.28365450369016e-05	2.33391727943665e-07	
8.61285941811522e-06	0.000132917371020102	0.000800530365916168	0.00337018861231006	0.0106901879977709	0.0281526440780074	0.0601172931784757	0.107386527904966	0.150129588617245	0.172058859815703	0.164042848277265	0.129934528301623	0.0855668960791005	0.0481395990876887	0.0241676835272313	0.0103689516194736	0.00339509607062731	0.00115924432168145	0.000325659197998465	4.32970770748495e-05	8.8456394023886e-06	
7.91250077379603e-05	0.000299045985127291	0.00166744317777202	0.00602653294230065	0.0174261193512308	0.041043305116735	0.0800849802583106	0.127956773542832	0.163378479580395	0.171808318272431	0.151267466263657	0.110180875113277	0.0671338455358834	0.0357444895250126	0.0165569078691682	0.00651594438722103	0.00204514872941528	0.00060670263286136	0.000144054058205287	2.79264733192801e-05	6.51617710783203e-06	
0.000118576541040762	0.000707964849160856	0.00286773520670291	0.0100431301784053	0.0263836298212779	0.0579161372655085	0.10116000005591	0.145959102508371	0.170389830279463	0.16570966778534	0.13411542599263	0.0905016230309655	0.0515754372772031	0.0254033349593928	0.0113586542005216	0.00408658090950304	0.00130806930833768	0.000310535420839559	6.59276249794413e-05	1.86367844464852e-05	
4.18995778850304e-06	0.000277235540339284	0.00150838480386109	0.00543623745514999	0.0161744009407852	0.0386113921227862	0.0775323755710563	0.121681262462215	0.158860620123064	0.172207963433773	0.152474891677952	0.115067414093063	0.0727216057035568	0.0383788494655243	0.0181085320110447	0.00759709179685409	0.00246136742531284	0.000719508862459049	0.000138035831587906	3.74768446638327e-05	1.16387716347307e-06	
2.6607663006946e-05	0.000571597953543954	0.00282204608260512	0.00912782881469863	0.0250749215774143	0.0555582007618194	0.0969149114945104	0.140770875345433	0.16828273209351	0.166379117185749	0.136445963104041	0.0951394334901785	0.056014732242886	0.0276929755769662	0.012427879229218	0.00481225259541415	0.00139713570841736	0.000440426842930764	8.79920083650758e-05	1.2370229292703e-05	
2.34461091181918e-07	0.000136690816159058	0.00117535345009496	0.00546411572999461	0.0149879252538041	0.0370919790860707	0.0736067149656515	0.118239431666315	0.155311716020726	0.170988956882605	0.155942181894915	0.116941923987714	0.0765787437574734	0.041926801247333	0.0194225223324189	0.00802349300133643	0.00306979906684486	0.000760591779794143	0.000297765585801036	2.76664087594664e-05	5.39260509718412e-06	
8.26560847985305e-06	0.000372188541835669	0.00213630555167859	0.00926763638785352	0.0233841148702311	0.0525458900678795	0.0954136972468203	0.136812823879012	0.16497564125181	0.166553427830493	0.140636494361792	0.096777522645996	0.0592082066628834	0.0309844599475772	0.0133040872489292	0.00513010894308137	0.00186731903571995	0.00045956783147983	0.000144293908034006	1.79481784133952e-05	
3.81444004849314e-05	0.000735878931094391	0.00430960648957082	0.0153937532739623	0.0349165786699829	0.0699416674978671	0.115781760011069	0.15186257212194	0.168523856716364	0.157315089095606	0.12243357484346	0.0784436042146483	0.0450248447984898	0.0217482313199645	0.00861257917036166	0.00346853430496519	0.0010625940135088	0.000315579760533718	6.30211834098867e-05	8.52918271712752e-06	
