# <P(U)> as a function of N_tot.
# number_of_species: 1
# species_total_upper_bound: 103
# species_total_lower_bound: 0
# volume: 729
# Bin widths for each
10	10	10	10	10	10	10	10	10	10	10	10	10	10	10	10	10	10	10	10	10	10	10	10	10	10	10	10	10	10	10	10	10	10	10	10	10	10	10	10	10	10	10	10	10	10	10	10	10	10	10	10	10	10	10	10	10	10	10	10	10	10	10	10	10	10	10	10	10	10	10	10	10	10	10	10	10	10	10	10	10	10	10	10	10	10	10	10	10	10	10	10	10	10	10	10	10	10	10	10	10	10	10	10	
# Bin lower bound for each
0	0	0	0	-10	-10	-10	-10	-10	-20	-20	-20	-20	-20	-20	-30	-30	-30	-40	-40	-40	-50	-50	-50	-50	-60	-60	-60	-60	-70	-70	-70	-70	-80	-90	-90	-90	-100	-100	-100	-110	-110	-110	-110	-130	-130	-140	-140	-140	-150	-150	-150	-160	-160	-170	-170	-170	-170	-180	-180	-180	-200	-200	-210	-220	-220	-220	-220	-230	-230	-230	-230	-250	-250	-250	-260	-260	-270	-270	-270	-270	-280	-280	-290	-290	-290	-310	-310	-320	-320	-320	-330	-330	-330	-340	-340	-350	-350	-350	-360	-360	-370	-370	-370	
# Bin upper bound for each
0	0	0	0	0	0	0	0	0	0	0	0	0	0	0	0	0	0	0	0	0	0	0	0	0	0	0	0	0	0	0	0	0	0	0	-10	-10	-10	-10	-10	-10	-10	-10	-10	-10	-10	-20	-20	-20	-20	-20	-20	-20	-30	-30	-30	-30	-30	-30	-30	-40	-40	-40	-40	-50	-50	-50	-50	-60	-60	-60	-60	-70	-70	-70	-70	-80	-80	-80	-90	-90	-90	-100	-100	-100	-100	-110	-110	-120	-130	-130	-130	-130	-140	-140	-140	-150	-150	-160	-160	-170	-170	-180	-180	
# Normalized histogram for each
1	
1	
1	
1	
1.26032566815265e-05	0.999987396743318	
0.000100722707979614	0.99989927729202	
0.00043284789887039	0.99956715210113	
0.00140609162340269	0.998593908376597	
0.00386508484102401	0.996134915158976	
2.09476100273217e-06	0.00944797062546571	0.990549934613532	
2.69214834933915e-06	0.0205629282198468	0.979434379631804	
8.3730304688598e-06	0.0406872463794119	0.959304380590119	
4.03424265162701e-05	0.0737925735868272	0.926167083986656	
0.00017269149858874	0.124452608283993	0.875374700217418	
0.000455306651268843	0.193353657426081	0.80619103592265	
2.98621830390564e-07	0.00102875220569549	0.279792230875287	0.719178718297187	
1.22630575391633e-05	0.00243885295547164	0.379990578382622	0.617558305604367	
3.08373446830729e-05	0.0051184004339982	0.486849519146997	0.508001243074322	
1.79609582650193e-06	9.16008871515986e-05	0.0100386789236237	0.591973427360945	0.397894496732453	
5.08672415861842e-06	0.000248651045635995	0.0189821584646232	0.684125500855318	0.296638602910265	
1.67581080814181e-05	0.000577855476878898	0.0333387597683311	0.757042445295251	0.209024181351458	
2.09371842597838e-06	2.57228263763058e-05	0.00128853413987355	0.0557030796205225	0.802805223767652	0.140175345927149	
1.79379865865716e-06	8.93909664897483e-05	0.0026488426859504	0.0887066323014706	0.819475989556504	0.0890773506909264	
7.47237165305001e-06	0.000142273956274072	0.00511379226448131	0.13476631502682	0.806577360865934	0.0533927855148374	
2.20993485171785e-05	0.000322232392568049	0.00950779673974881	0.193436493490398	0.766139617113855	0.030571760914913	
1.78912960633781e-06	3.36952742526955e-05	0.000704618876629375	0.0166776698137456	0.263306800541271	0.70279933181973	0.0164760945447649	
4.16246208443019e-06	9.39527156199958e-05	0.0014193995707907	0.0282708478400092	0.34193644871817	0.619810822044637	0.00846436664868879	
2.08026432432866e-06	0.0001970307495757	0.00307344194888672	0.0457571968973155	0.422429469381035	0.524408187088275	0.00413259367058777	
1.06986771085755e-05	0.0003982285368192	0.00576688414699745	0.0709393616812614	0.495990076382611	0.425104208086892	0.00179054248831021	
2.97749224288833e-07	2.1437944148796e-05	0.000871809728717704	0.0103176061200567	0.105916247311697	0.552700570576839	0.329424680016352	0.000747350552964972	
4.48065075776766e-06	6.66123412654792e-05	0.00169219243618358	0.0180689709558244	0.150029811263042	0.587808209030124	0.24200532420794	0.000324399114862378	
2.38657076629804e-06	0.000214194726275249	0.00315683648112073	0.0294329806180622	0.204620401003553	0.594012093947358	0.168431933510138	0.000129173142725881	
2.50428038161655e-05	0.000449577954223543	0.00568173518010099	0.045489656874831	0.263328957799	0.573675481634234	0.111312281676687	3.72660771073892e-05	
2.68452452149096e-06	6.74113935396619e-05	0.00094614575357437	0.0101519768987717	0.0678239154744644	0.325023437390475	0.52662168397837	0.069354691012719	8.05357356447288e-06	
5.96671883567835e-07	1.16351017295728e-05	0.000186758299556732	0.00202420936500388	0.0173115396938954	0.0977420145910142	0.381773046302335	0.460292679492328	0.040656327138487	1.19334376713567e-06	
2.39157495973186e-06	3.88630930956427e-05	0.0003781677905076	0.00401694909173962	0.027274716628262	0.135587053926428	0.427851564508549	0.382401476080065	0.022448817306393	
8.37450048347786e-06	0.000116345738859746	0.000921494142485546	0.00765758342423156	0.0412474057741583	0.178922997365322	0.456349860310341	0.302979258455928	0.0117966802881905	
1.49345255465514e-06	2.27004788307581e-05	0.000258367291955339	0.00184471259551002	0.0128708728065289	0.0612545539102023	0.22620250559522	0.464515716646649	0.227165483802462	0.005863593420087	
1.79306531987538e-06	6.33549746355968e-05	0.000552264118521618	0.00360585435826939	0.0203013843958491	0.0867523851504307	0.274754985095145	0.449286882980075	0.161999865520101	0.00268123034165365	
1.43752860082945e-05	0.000157828660966067	0.00112546510039939	0.00665246308546347	0.0313123677773172	0.118756034625272	0.315729497847301	0.414340366042699	0.110657058385224	0.00125454318934887	
5.69332059627645e-06	3.95535957214995e-05	0.000307738960651364	0.00227463140243866	0.0113962299430308	0.0466049231042141	0.154472373011982	0.350153899445171	0.362812847966765	0.0714074248092138	0.00052468444021474	
2.48701210365866e-05	7.94046033095839e-05	0.000678085348262597	0.00412364585187356	0.0187391867410493	0.0671097743171354	0.193380472700098	0.370932761380477	0.301893305382913	0.0428611066664509	0.000177386887393485	
3.5687862557944e-05	0.000219225441427371	0.00137323296346912	0.00753283808176839	0.0291506858517418	0.0918521610800167	0.232746342968756	0.373572747908436	0.239076290153719	0.0243862062512539	5.45814368533262e-05	
6.5727197914497e-05	0.000494004419028594	0.00278395199933733	0.0125010729439842	0.0431656619509153	0.121866028162454	0.268172069602401	0.358543965492921	0.179326305225102	0.0130611046851187	2.01083208231566e-05	
5.99271046698796e-07	5.99271046698796e-07	0.000159705733945229	0.00098040743239923	0.00538415071906533	0.0199602203879201	0.0607025614043078	0.155928228902363	0.293792031373038	0.329300938338605	0.127138348912383	0.00664771372102974	4.49453285024097e-06	
1.20405948655893e-06	9.9334907641112e-06	0.000322085912654515	0.00204539605279199	0.00912827598247491	0.03047354154532	0.0838940487854802	0.190044535150259	0.309011632719714	0.286087544155119	0.0858133196070552	0.00316757949426491	9.030446149192e-07	
2.40967847358917e-06	1.23496021771445e-05	5.42177656557563e-05	0.000780735825442891	0.00368048265859826	0.0148848851411695	0.0440004277179291	0.110194295387424	0.221296738349581	0.312212401109055	0.236638558771305	0.0548108477700685	0.00143165022312117	
6.04481809480028e-06	3.44554631403616e-05	0.00021005742879431	0.00161729108126381	0.00669735620813397	0.023144701762276	0.0622761339398704	0.139133578088018	0.246302762572542	0.300429877238812	0.186413727298308	0.0331561294908843	0.000577884609862907	
1.4203038785477e-05	8.5218232712862e-05	0.000489249357312495	0.00295423206737922	0.0110520795213032	0.034818296294125	0.0843878082323835	0.168892867082826	0.262926351804436	0.276049053065273	0.139417028718242	0.0187032867342711	0.000210325850950893	
7.56564712006077e-06	2.36048190145896e-05	0.000166444236641337	0.00112607091734984	0.0052662956473319	0.017949043853517	0.0499123898063497	0.109088763198271	0.195002738764257	0.270967585741479	0.24206953737581	0.0983046897933368	0.0100302323258918	8.5037873629483e-05	
9.39014065521978e-06	2.87762374918026e-05	0.000369244563184288	0.00224787850975439	0.00934591612181133	0.0276951596854	0.0690923520333441	0.13510413211625	0.216784119151798	0.265525916030939	0.20217548355438	0.0665512588089364	0.00505159276474517	1.87802813104396e-05	
1.54437208102321e-05	9.235950680629e-05	0.000772488858566708	0.00414739608268508	0.0152680863382726	0.0407608243070842	0.0919476742513505	0.159964546062109	0.230921478369858	0.250526222075255	0.160962937189782	0.0422912667575726	0.00232533984513279	3.93663471633367e-06	
1.82149417774565e-06	5.25197487916663e-05	0.000234972748929189	0.00166757791972614	0.00785701513570587	0.0238989143591118	0.0572735450132195	0.115374351965498	0.183083237123023	0.237962731621959	0.225129697975015	0.121102647572146	0.025308447270324	0.00105160930528516	9.10747088872826e-07	
1.39914250813936e-05	0.000125922825732542	0.000520724342159692	0.00320069056807619	0.0129213852240818	0.0351777884301864	0.0769577045303018	0.138757220791988	0.202029486624198	0.234951614002132	0.193631589961213	0.0866020546711893	0.0146873463984855	0.000422480205175124	
9.16360144198432e-07	2.56580840375561e-05	0.000217788260937827	0.00118424275968577	0.00603117701573268	0.0205780888515014	0.0496230399820149	0.0992842616367047	0.161118716900308	0.212713458459256	0.22245100680489	0.159505923046519	0.0593330975233229	0.00776951220927711	0.000163112105667321	
7.36569122408581e-06	7.3043104638851e-05	0.000493501312013749	0.00253563920389154	0.0102472110117084	0.0312781008792794	0.0675013427041294	0.122420857182316	0.180437031012629	0.21674313686375	0.201575644114352	0.124644682124388	0.0380035907744717	0.00396857305077723	7.02809704298188e-05	
1.32561598754538e-05	0.000147050889781196	0.000998219666900448	0.0044149178041017	0.017209578346217	0.0452531387041333	0.0881818251882452	0.144508173347412	0.193932069887708	0.211975553174927	0.175777913079668	0.0924675725042582	0.0231714591795054	0.00193200823115043	1.726383611687e-05	
2.98065276916614e-05	0.000385621952010869	0.0019284202447178	0.00797666148881743	0.026875552468648	0.0627334262510436	0.109905671654396	0.16393248697284	0.200896617611125	0.199169080943662	0.146242002303175	0.0654669332280997	0.0135014255903323	0.000941389499594973	1.49032638458307e-05	
3.10799924413458e-07	9.75911762658259e-05	0.000796580206271694	0.00370908629795021	0.0137358026594528	0.0395570603797229	0.0824396799506698	0.132195950649945	0.178830857708335	0.199870769391429	0.179585790724736	0.117267919480442	0.0440732940813749	0.00748468377972491	0.000352757914209275	1.86479954648075e-06	
1.43547105138581e-05	0.00024933508044723	0.00165016759124525	0.00660628742561685	0.0219820547395041	0.0559281365744605	0.103493718097826	0.153793871974082	0.187124885669412	0.192378397658559	0.155502082525231	0.0889392898724709	0.0281801690922487	0.00402493600451612	0.000131688866018437	6.24117848428612e-07	
6.79867372600844e-05	0.000681120584347573	0.00325741063268708	0.0116388907948151	0.0335691564537742	0.0748881743493246	0.125603147315981	0.169685183810133	0.190406726739372	0.178414116929042	0.128466736157258	0.0639441894680711	0.0174011584062781	0.0019083281873326	6.76734343234019e-05	
3.1475660815761e-06	1.03869680692011e-05	0.000165561975890903	0.00142521792173766	0.00572227513630535	0.0191331099400766	0.0488473927765876	0.096511930219719	0.146879597413708	0.180368756251853	0.185421544082607	0.15777206459561	0.102073679485864	0.0444433183152464	0.0102966329226599	0.000897685846465504	2.76985815178697e-05	
1.16290545327226e-05	5.6259480036685e-05	0.000481505717408946	0.00291983558402683	0.010404546520304	0.0296927478072946	0.0679007922214826	0.117458793859608	0.161928926990281	0.186166705325416	0.175401972413368	0.133974879985014	0.0780523282310071	0.0294306226321516	0.00569666522717829	0.000415502975466467	6.28597542309329e-06	
2.2062614961983e-06	5.51565374049574e-05	0.000129223887634472	0.00105585371603776	0.00542929436193026	0.0171297294366973	0.0436278755466801	0.0890954580009758	0.138249388235205	0.17405669713829	0.183332450828735	0.158384991370366	0.110626994302802	0.0568109183468924	0.0187620477636703	0.00306103023586826	0.000188792948031826	1.89108128245568e-06	
2.84492952951504e-06	1.35924410854607e-05	0.000114113284461659	0.000311045628560311	0.0023249396321759	0.00977012021091675	0.0267391765446308	0.0602761541483972	0.111439682910477	0.156621273181829	0.180029353350679	0.173948790636262	0.137947471853374	0.0875688275381592	0.0398890730366114	0.0113629646441641	0.00156534344779539	7.52325808916199e-05	
1.90128406388061e-06	1.64777952202986e-05	0.00014576511156418	0.000762414909616124	0.00429848638775674	0.0155284207110676	0.0392985909583803	0.080957309201391	0.131992843566784	0.170399098537849	0.180482241689963	0.159610578998036	0.115854744432565	0.0667534497214936	0.0266889581660467	0.00644883866400571	0.000731360603239408	2.85192609582091e-05	
3.49715379369654e-06	3.97403840192789e-05	0.000350033302441808	0.00168658189777819	0.00746546958032565	0.0243576761730964	0.0549628586370956	0.10241510261762	0.151499245727511	0.179589974613843	0.172766073793124	0.141008420192566	0.0941274839727031	0.0484397130426351	0.0174012014312897	0.00358235717703387	0.000293125072526201	1.14452305975523e-05	
1.02017003684089e-05	9.27717127252185e-05	0.000690208790550165	0.00343159696142355	0.0127655151922447	0.0357359187842634	0.0735526656405456	0.124720569050847	0.167913293198144	0.180435242794093	0.160053839473694	0.121020858651616	0.0729211166271138	0.0337628461723858	0.0109164570004706	0.00186276672664416	0.000110624688369934	3.50683450164056e-06	
3.1884613410222e-07	5.19719198586619e-05	0.000206293448764136	0.00118929608020128	0.00638298075859235	0.0201185533695819	0.0497935630704755	0.0951000044957305	0.145181166779166	0.177625992847006	0.175701118735431	0.143946594547922	0.0993381073102172	0.0550188135161427	0.0228842247367845	0.00643144537097588	0.000987147631180474	4.24065358355953e-05	
1.37496822384483e-05	7.35448119730954e-05	0.000458855674701704	0.00256511513760074	0.0108977423341525	0.0307279817225154	0.0672704802316342	0.116930495356285	0.162505575815908	0.180629575566495	0.164420299007625	0.124867899128494	0.0793574101993864	0.0401541882971019	0.0150338386075089	0.00361520714855572	0.000464931115690786	1.31101621343344e-05	
2.98640319525875e-05	0.00020102025808946	0.001116529452679	0.00469507538901916	0.0175642253302223	0.0437813130797395	0.0876441902897582	0.137615064830639	0.17547141819471	0.177734983369267	0.147968571478115	0.105106621016443	0.0610189607702223	0.0283396818485129	0.00951795599005046	0.00199575224285302	0.000195561241495976	3.21118623146102e-06	
8.86523965321761e-05	0.000477755824220673	0.00239716080223004	0.0087575672879749	0.0267639973268885	0.0595366929045523	0.108861919218002	0.155691661162159	0.179578162883788	0.169187134893164	0.130947004242098	0.0868561377922587	0.0451849982092216	0.0188961777277456	0.00567085202690004	0.00100161089463808	0.000101224918222194	1.28948940410438e-06	
2.25427733021427e-06	4.83059427903058e-06	0.000169714879003275	0.00111812155578628	0.00443287535005707	0.0152402029107229	0.0400665591483727	0.0777770764470528	0.130429910009249	0.168500145561908	0.178256013767838	0.155418574214674	0.111522964001123	0.0689287158863432	0.0321215197178418	0.0121946742376034	0.00330412648685692	0.000480483110954242	3.12378430043978e-05	
6.46864212528531e-06	4.94851122584326e-05	0.000320844649414151	0.0021233317776249	0.00792732092453714	0.0246060677803728	0.0553136822454209	0.0980982515583767	0.149496141293256	0.176741415060745	0.170856244455161	0.138584512324219	0.0920872658634554	0.0518303184609548	0.022208789008742	0.00772614615444077	0.00181607127667385	0.000189207782164595	1.84356300570631e-05	
1.78392283333652e-05	0.000137199883363882	0.000825794097031779	0.00393533377034037	0.0133284983618723	0.0364559226724591	0.0740467446165263	0.120558802475306	0.165064758020598	0.177815265384469	0.158505111587617	0.118337656372999	0.0733146875556462	0.0373485327883395	0.0147030919923596	0.00461290009740219	0.000909476295395565	7.88169542728682e-05	3.56784566667305e-06	
5.51581644141586e-06	2.95258409511085e-05	0.000306614502184588	0.00164079316142588	0.00700768255892352	0.0208663335978762	0.0512867101918661	0.094567699508703	0.140843777153229	0.175336124120146	0.172818965064117	0.142632523979201	0.0976331956109675	0.0564313446327537	0.0259811177380221	0.00951478336144237	0.0026602458237158	0.000406223657920745	2.69301626257363e-05	3.89351748805826e-06	
2.60954886119288e-05	8.48103379887685e-05	0.00066315160435064	0.00345536888582702	0.0113903545854993	0.0317148258909	0.0694570572639402	0.113512765913029	0.158318393666103	0.179157272290766	0.160242609757625	0.124682613619757	0.078856652261957	0.0425646776685247	0.0181513694912424	0.00592334972130018	0.00156311976785453	0.000225399782885535	1.01120018371224e-05	
2.92836725629884e-06	2.21254414920357e-05	0.00018351101472806	0.00140561628302344	0.00613232640882935	0.0183273491606161	0.0462721071391967	0.0896217037566071	0.132514475082035	0.17059138376741	0.176201159308059	0.145028689864758	0.105097473957867	0.0617970088355348	0.030451765724112	0.0119581503781661	0.00349224064020616	0.000784802424688088	0.000106397343645524	8.78510176889651e-06	
7.47890136889909e-06	8.51944416805026e-05	0.000479625196483746	0.0027769485952347	0.0100672515817876	0.0283004879495389	0.0639585889979508	0.110191206242737	0.14968435784527	0.176271852211706	0.166035187255432	0.128210806167037	0.0856698396718648	0.0467785770447154	0.0212579642170338	0.00777968327177872	0.00198125852350879	0.000412315084163654	5.04012918338851e-05	9.75508874204229e-07	
2.76787764027034e-05	0.000285254213279626	0.00104072199274165	0.00519905110641838	0.0167404496010186	0.0423179184257614	0.0838979532358932	0.129809553736716	0.16254214907789	0.173506526492659	0.152346590381788	0.110219492696873	0.0672545421686158	0.0341598433055623	0.0144242244651076	0.00493431175094311	0.00108110044302324	0.000197333394118097	1.53047351873772e-05	
0.000133291043425638	0.000665806598912008	0.00223351682742669	0.00907741193548324	0.026057588216942	0.0597234681097125	0.105055395238753	0.148175209941501	0.16942751010385	0.165906810426408	0.134524715272819	0.090411541771986	0.0517574634876591	0.024091950712799	0.00933264320355131	0.0027644108373726	0.000576621594186824	7.68612586177038e-05	7.78341859419785e-06	
1.78889189205891e-05	0.000235808476680493	0.0012353111647345	0.00451776516012697	0.0153490176869368	0.0382351247947247	0.0784939741989749	0.125575332026466	0.161946431469666	0.17137226547546	0.154275337783446	0.114735948172875	0.0717391184145604	0.0377879018217099	0.0165976642275939	0.00584252091946441	0.00169912204438468	0.000299558078652047	4.16323931242802e-05	2.27677149898407e-06	
5.56792873051225e-05	0.000433061123484286	0.0021903775772021	0.00847595045520259	0.0239222313392985	0.0543784758853332	0.0985451751129866	0.144536266427018	0.169765821383451	0.166457299522005	0.138647937587101	0.0950152385417888	0.0552986493702705	0.026546972479454	0.0112735904348845	0.00331926698706678	0.000957293009807369	0.000162479323773428	1.82341525677594e-05	
6.51129628514269e-07	0.000112319860918711	0.000935673276175004	0.00401974876163284	0.0139771486056873	0.0359462622717587	0.0723691514315899	0.119601117989572	0.159644613448757	0.171918081381437	0.155835830686763	0.120577161302715	0.0757654435739203	0.0410791171333367	0.0185930065422249	0.00703773458979647	0.00197780624661209	0.000521229267625672	8.10656387500264e-05	6.83686109939982e-06	
6.16745550586606e-06	0.000292791835067957	0.00199273733423746	0.00693124617982937	0.0216821767352542	0.0505143820193353	0.0917704395156016	0.139828875831917	0.169696239832219	0.167703827100903	0.141511617376254	0.101083297329459	0.0587183962538226	0.0297683601092873	0.0125637560712919	0.00453567662018245	0.00108222613981881	0.000266498998437686	4.99888498896512e-05	1.29841168544549e-06	
6.02891741063832e-05	0.000750697458227868	0.00375964586268784	0.0116315968430514	0.0319056143807184	0.0670619821330115	0.113056787539978	0.158322612556809	0.17255604381143	0.157344696221976	0.124447227686604	0.0824165975448044	0.0442114127406583	0.0207991167960129	0.00824276181465228	0.00271690245892314	0.000590898733311487	0.000108585340460421	1.62067672328987e-05	3.24135344657974e-07	
3.89156920718033e-06	1.36204922251312e-05	0.000165391691305164	0.00159748915954753	0.00656475295507929	0.0191092262944251	0.0469900495818347	0.0866438426132665	0.13427470392455	0.169971095369714	0.168239995667386	0.143404325284595	0.105051937855531	0.0642319712516811	0.0325218438644061	0.0139344121411771	0.00529123693202953	0.00161921708762095	0.0003100283468387	5.74006458059099e-05	3.56727177324864e-06	
1.45638844792683e-05	3.980795091e-05	0.000499379416700245	0.00300113112836122	0.0104287122127881	0.0294941315636595	0.0639024413925015	0.107342625091631	0.153273556678593	0.173659758530795	0.159928280959987	0.126117737678549	0.0864560728970964	0.0486851239629301	0.0238355769806478	0.00897620746738904	0.00329273245982391	0.000831435982827562	0.00018803593072122	3.20405458543903e-05	6.47283754634147e-07	
1.93765466924719e-06	3.64924962708221e-05	6.78179134236517e-05	0.00111738085926588	0.00569799649736624	0.0172286564916114	0.0426606969679257	0.0837292876826199	0.127423400474144	0.166524948757108	0.172978953517925	0.145612164854367	0.108292612982222	0.0676231791293924	0.0363132632139168	0.0164529487390228	0.00573513487852681	0.00195251002171142	0.000458578271721835	8.0735611218633e-05	1.13029855706086e-05	
2.39355241669548e-05	8.99199421407221e-05	0.000272023997627149	0.00239549313487118	0.00954186436385361	0.026016944410392	0.0591065127590899	0.104458832353971	0.14641036679897	0.173544841425535	0.166155233518532	0.128843632778601	0.0887891503503482	0.0522088769096263	0.0256233020737544	0.0112872169098656	0.00382483207127352	0.00110459209500204	0.000263614218865786	3.88143635139808e-05	
2.7142820675462e-05	0.00019613919226197	0.000654335855569174	0.00445562326540412	0.0150723436953205	0.0388950157703019	0.0776998786005032	0.124009408218652	0.160609886255425	0.175265716904904	0.152701631574339	0.111274255260779	0.0719384917833189	0.0391273453901312	0.0177520509793873	0.00723485422528089	0.0023410682832586	0.000616529783914066	0.000117618889593669	1.06632509796458e-05	
7.08934638804246e-06	5.63925280867014e-05	0.000401837042994952	0.00161347078931494	0.00806252030131011	0.0226923533020887	0.0548354498254732	0.0986466437745227	0.143211241898811	0.170227774254587	0.169100890421906	0.135804163895377	0.0933502575366197	0.0551850834996107	0.0285172180889184	0.0119681056750862	0.00460871963826288	0.00138886740602105	0.000281962640433507	3.19020587461911e-05	8.05607544095735e-06	
2.34129094292446e-05	0.0001943592207414	0.000764928616284224	0.00335830924155644	0.0134088618824364	0.0336863657968824	0.0728885564754655	0.120844288757506	0.158513094230867	0.171795269822556	0.157200367678895	0.118485999400886	0.0750675606763188	0.0420576034545908	0.0200064914696828	0.00784781480581076	0.00288973032818485	0.0007934731223007	0.000144005429229189	2.85445060164763e-05	9.62174360105942e-07	
4.7772686655742e-05	0.000469390693047022	0.00177688744594713	0.00612291944338728	0.0204528017077613	0.0495556659207929	0.094008952409106	0.139259305333836	0.170304177352733	0.168474066645142	0.140620666592496	0.0990731778166728	0.0581746280864282	0.0307075776137832	0.0137322427480901	0.00479682661111783	0.0018689059766196	0.000460733897478532	7.34224513031203e-05	1.98785676017181e-05	
1.21871822913827e-05	0.000156829793170688	0.001047456246412	0.00340503458914763	0.0109575597412469	0.0309378036773219	0.0679554077414265	0.113904933563821	0.155539234709095	0.17309839866839	0.158595010310998	0.124998476602214	0.0797875581697418	0.0440913012382819	0.0222348726599808	0.00882736856284256	0.00297142747183318	0.00116836592335545	0.000271325163644994	3.20715323457439e-05	7.37645243952111e-06	
8.07889377735277e-05	0.000405554030257549	0.00191897867332977	0.00628351252276816	0.017756507291443	0.0446997789730535	0.0879163889211651	0.134261236662986	0.166873252456418	0.17118467803999	0.144089806399449	0.105304678902597	0.0618846482028002	0.033184941328241	0.0159379515208437	0.00564460399097353	0.00178669081107909	0.000666267335423117	0.000104285322066227	1.51278090651626e-05	3.21868277982182e-07	
1.18969569191898e-05	0.000171380487511571	0.000867834776348464	0.00332021559858253	0.0105908639730884	0.0277986867688797	0.0602751283826344	0.10850957174492	0.151184599292806	0.171239331725422	0.163403417127567	0.130068786918749	0.0849892879156821	0.0480402335790644	0.0241492148490742	0.0105117652865446	0.00340928200578835	0.00107201228023186	0.000337616345004034	3.66554888861522e-05	1.22184962953841e-05	
0.000109103954890007	0.000340789412038787	0.00182107336470821	0.00607837386331328	0.0171925370327703	0.0402750831596762	0.08090443327876	0.129512491440153	0.164787404526017	0.17065591372316	0.150283638193316	0.109470094926859	0.0667793218483237	0.0358284552099385	0.0164284884545553	0.00670668428588573	0.00204987077599225	0.000608094101519305	0.000129320275943156	2.98431406022667e-05	8.98503157917706e-06	
0.000159413000916063	0.000776857722774056	0.00308080859919274	0.0102749216727267	0.0258358116655676	0.0578034107325685	0.102347957845686	0.146803336318451	0.170865718442641	0.16460017808068	0.133743658762519	0.0903284741770184	0.0509098408820895	0.0251846881406991	0.0112910592721273	0.00427881173484967	0.001313473317407	0.000318505251327266	6.47916019819815e-05	1.82827787770938e-05	
5.75789583454622e-06	0.000346113516276612	0.0015866201855194	0.00579948063779572	0.016583059886595	0.0378495282683896	0.0774382609619141	0.12319242056183	0.159622627507004	0.171341225062713	0.151658817801623	0.115250362907379	0.0723866670164055	0.0377378890658198	0.0180458853116717	0.0076317710455891	0.00257761803526519	0.000747886692287171	0.000155143304430829	4.12649201475813e-05	1.59941550959617e-06	
2.98478433970312e-05	0.000649912719128905	0.00299505456538812	0.00955516122168186	0.0250831005682965	0.0548397957123733	0.0973835637233805	0.141850752438456	0.168827104922872	0.16560803105973	0.136004747411823	0.0948644699295816	0.0556225794763019	0.0273213678785212	0.012496938991329	0.00482508040463405	0.00148468950058781	0.000438410258928437	0.0001078373696925	1.1554003895625e-05	
3.2281828107013e-07	0.000167219869594327	0.00130741403833403	0.00572615066962196	0.0158791084275586	0.0367409170234347	0.0726170038718825	0.118684786671995	0.156796712935135	0.170292453993553	0.154656750549921	0.117048743623532	0.0768794964551325	0.0418466109568398	0.0189368431858549	0.00807691339237464	0.00317362652120044	0.000818344342512779	0.000313133732638026	3.00221001395221e-05	7.42482046461298e-06	
1.13527959179238e-05	0.000448597621556819	0.00236559830369767	0.00981627608183225	0.024470789418286	0.0515751031239326	0.0941818218383031	0.138136603976528	0.165391098953889	0.165629183302567	0.140079878272079	0.0968769755892182	0.0597218694746348	0.0306982845276637	0.0129616492822925	0.00506334697939403	0.00190662098301589	0.000479087987736385	0.000161534067632173	2.43274198241225e-05	
5.24851216090048e-05	0.000818246305829826	0.00469692939218969	0.0161800872100605	0.0360683623598875	0.0678886898148873	0.115085527928605	0.153229497551129	0.16905033877353	0.156133456950464	0.122160913514951	0.0783465947913896	0.0453807225082281	0.0214165375728272	0.00856029073497426	0.00338773530286197	0.00112305120461504	0.000327950511420241	8.08466469505166e-05	1.17358035895911e-05	
