# <P(U)> as a function of N_tot.
# number_of_species: 1
# species_total_upper_bound: 103
# species_total_lower_bound: 0
# volume: 729
# Bin widths for each
10	10	10	10	10	10	10	10	10	10	10	10	10	10	10	10	10	10	10	10	10	10	10	10	10	10	10	10	10	10	10	10	10	10	10	10	10	10	10	10	10	10	10	10	10	10	10	10	10	10	10	10	10	10	10	10	10	10	10	10	10	10	10	10	10	10	10	10	10	10	10	10	10	10	10	10	10	10	10	10	10	10	10	10	10	10	10	10	10	10	10	10	10	10	10	10	10	10	10	10	10	10	10	10	
# Bin lower bound for each
0	0	0	0	-10	-10	-10	-10	-10	-20	-20	-20	-20	-20	-20	-30	-30	-30	-40	-40	-40	-50	-50	-50	-50	-60	-60	-60	-60	-70	-70	-70	-70	-80	-90	-90	-90	-100	-100	-100	-110	-110	-110	-110	-130	-130	-140	-140	-140	-150	-150	-150	-160	-160	-170	-170	-170	-170	-180	-180	-180	-200	-200	-210	-220	-220	-220	-220	-230	-230	-230	-230	-250	-260	-260	-260	-260	-270	-270	-270	-270	-280	-280	-290	-290	-290	-310	-310	-320	-320	-320	-330	-330	-330	-340	-340	-350	-350	-350	-360	-360	-370	-370	-370	
# Bin upper bound for each
0	0	0	0	0	0	0	0	0	0	0	0	0	0	0	0	0	0	0	0	0	0	0	0	0	0	0	0	0	0	0	0	0	0	0	-10	-10	-10	-10	-10	-10	-10	-10	-10	-10	-10	-20	-20	-20	-20	-20	-20	-20	-30	-30	-30	-30	-30	-30	-30	-40	-40	-40	-40	-50	-50	-50	-50	-60	-60	-60	-60	-70	-70	-70	-70	-80	-80	-80	-90	-90	-90	-100	-100	-100	-100	-110	-110	-120	-130	-130	-130	-130	-140	-140	-140	-150	-150	-160	-160	-170	-170	-180	-180	
# Normalized histogram for each
1	
1	
1	
1	
1.60195448618454e-05	0.999983980455138	
0.000104404148969951	0.99989559585103	
0.000441751267841398	0.999558248732159	
0.00143072168600513	0.998569278313995	
0.00389849556267457	0.996101504437325	
2.7866097826723e-06	0.00945800693055186	0.990539206459665	
3.54374487264414e-06	0.0206134576749034	0.979382998580224	
9.11382483684355e-06	0.040796771073125	0.959194115102038	
3.89704611496134e-05	0.0740051587780584	0.925955870760792	
0.00016047797123445	0.124567608053058	0.875271913975708	
0.000434577375400693	0.193067010211429	0.80649841241317	
2.53020303361223e-07	0.00100904496980456	0.279330872626543	0.719659829383349	
1.03878625173997e-05	0.00238768820399938	0.379872477586286	0.617729446347197	
2.81353202445796e-05	0.00507677774034851	0.487048754454442	0.507846332484965	
1.52073445391186e-06	8.3893850707471e-05	0.00998488896864296	0.592005448284637	0.397924248161559	
4.81214646552907e-06	0.000237314802010565	0.0189375692379232	0.684367514262949	0.296452789550652	
1.46791777129588e-05	0.000557555663821521	0.0334260061880327	0.75715603586275	0.208845723107683	
1.77027361601905e-06	2.55425193168464e-05	0.00125638847491181	0.0557213852340466	0.802916449913522	0.140078463584587	
1.51681963371334e-06	8.16554569482347e-05	0.0025606443449804	0.0885314531511296	0.81990522405322	0.0889195061740879	
6.32003387538157e-06	0.00013929354661341	0.00501229246588762	0.13440714922232	0.807160851182162	0.0532740935491414	
1.87030165691035e-05	0.000332610402769462	0.00936869484031794	0.192941077157273	0.766887117943497	0.0304517966395734	
1.51674563012944e-06	3.05877035409438e-05	0.000727279529647068	0.016450623104384	0.26284317001859	0.703532854479885	0.0164139684183225	
3.53272896751959e-06	8.73088730544126e-05	0.00145018524116679	0.028029680979434	0.341466264204725	0.620515011322396	0.0084480166502563	
2.27174801165255e-06	0.000195622745447859	0.00309184904385912	0.0456230104851267	0.421877488668395	0.525115814975716	0.00409394233344364	
1.08632082085433e-05	0.000393601822997917	0.00581206902431969	0.0707609172084586	0.495353199530608	0.425927446400804	0.00174190280460246	
2.52932115549508e-07	2.73166684793468e-05	0.000897150213854104	0.0104228266175641	0.105684649296975	0.552605074324102	0.329640861689131	0.000721868257778295	
3.80667955523771e-06	8.24780570301504e-05	0.00173127786172211	0.0181248702556718	0.149446432659077	0.587980231659291	0.242312664416834	0.000318238410817873	
2.0274141877938e-06	0.000240248581253565	0.00317264977712382	0.0293726698992096	0.203681125255423	0.594536676302797	0.168868142810042	0.000126459959963638	
2.15413740102055e-05	0.000461745687606994	0.00572721777948982	0.0454730802517553	0.262832639996756	0.573960280240605	0.111481679061404	4.18156083727519e-05	
2.28350646118153e-06	6.21621203321639e-05	0.000965415787199525	0.0102308701149137	0.0679449735836361	0.324462164454583	0.526939921198729	0.0693833289312403	8.88030290459485e-06	
5.07443562761254e-07	9.89514947384446e-06	0.000183948291500955	0.00206250436084312	0.0174388054778533	0.0981768821398895	0.381207588818481	0.460254356085834	0.0406642436236545	1.26860890690314e-06	
2.03229107285662e-06	4.03917850730253e-05	0.000396550795591148	0.0040597554544152	0.0276767559756979	0.135911751824743	0.427156337039216	0.382349907683178	0.0224065171510124	
8.12792954710668e-06	0.000107187070902469	0.000921758010201568	0.00766539955631665	0.0418463912754804	0.179082417713603	0.455849086700116	0.30271381407666	0.0118058176671725	
1.26856513358879e-06	2.35953114847515e-05	0.000249146192236838	0.00185667192952055	0.013040595860266	0.0621706012059995	0.225962910707476	0.463870376999798	0.227000850699779	0.00582398252830613	
3.55230232325647e-06	6.39414418186164e-05	0.000572428145804756	0.00363476648433206	0.0205784873586247	0.0879187212929568	0.274269710076309	0.448298269572044	0.162027613568374	0.00263250975741327	
1.67768473406028e-05	0.000154041961945535	0.00115556890924819	0.00671073893624112	0.0318282213516903	0.119913533145585	0.315503357530123	0.413190109895976	0.110315142909507	0.00121250851234357	
4.83353557863781e-06	4.01946642855144e-05	0.000317486968533683	0.00226209465080249	0.0114501369925742	0.0475016980973678	0.155592273466179	0.349711895839852	0.361726538908689	0.0708794745183636	0.000513372357773216	
2.11119646336438e-05	8.01237211999736e-05	0.000714500104288018	0.00412013979681642	0.0188534931398833	0.0679080332297236	0.194414740729813	0.369831511260562	0.301424930432261	0.0424523454629625	0.000179070157856449	
3.48455274875256e-05	0.000218229653899978	0.0014220536071734	0.00754138605843163	0.0293849535486227	0.0933493877106692	0.233283430468421	0.372105468509563	0.23847109016649	0.0241387940598804	5.03606893615333e-05	
6.73933963626894e-05	0.000477603012713701	0.00283204853545249	0.0124883778180612	0.0436276873434693	0.12320555545383	0.268364064722075	0.357158297678412	0.178767977506373	0.012993955448133	1.70390851181139e-05	
5.0770905428019e-07	7.61563581420286e-07	0.000150789589121217	0.000967947311985183	0.00543807168039512	0.0201339641110624	0.0614241645139803	0.156944292131728	0.29371324186447	0.327377398417572	0.127290783252912	0.00655427003623012	3.80781790710143e-06	
1.01879654149138e-06	1.78289394760992e-05	0.000328052486360225	0.00206866637749825	0.00918113973278495	0.0308145201939483	0.0845771777858546	0.190854212507205	0.308612320153757	0.284795149305907	0.0856357073924641	0.00311344223079766	7.64097406118535e-07	
1.27363711276656e-05	1.04438243246858e-05	5.90967620323682e-05	0.000792711738985905	0.00383721389334308	0.0150676364988735	0.0445635436660116	0.110821712456044	0.222158993215335	0.311017597843987	0.235535494355877	0.0547123936353806	0.00141042573867768	
6.38336118181038e-06	3.21721403563243e-05	0.000225460316941543	0.00164639651601253	0.00688254002622795	0.0235987756202584	0.0632049784089191	0.139847187439996	0.246978627485426	0.29895246489662	0.185129474991523	0.0329281856546979	0.000567353141839307	
1.50474351264265e-05	8.62039503852909e-05	0.000507532133925233	0.00298117744394575	0.0112019228071679	0.0356096277060517	0.085315641630285	0.169498134883168	0.263375257017843	0.274401966470234	0.138281848151486	0.0185190569389844	0.000206583431396703	
6.37587084831982e-06	2.44833440575481e-05	0.000182094871428014	0.00114893192686723	0.0053141608346576	0.01829823926501	0.0509534094714327	0.110240337176453	0.195872873296399	0.27075390592224	0.240086732246324	0.097225144496361	0.00980608936471588	8.72219132050151e-05	
7.89656820240484e-06	2.85295367312691e-05	0.000415461378649106	0.00223600244131321	0.00943003080171055	0.028136236689188	0.070440190373523	0.135984508461555	0.21733418989871	0.265201657973649	0.20038662616831	0.0654757962542756	0.00490147630163464	2.13971525484518e-05	
1.29540818438891e-05	9.01705696976594e-05	0.000855477404906244	0.00419788452223441	0.0154417735611254	0.0412778007931454	0.0932086828924585	0.1606824311916	0.231992365727767	0.249257870811228	0.159169089630308	0.0415422164637236	0.00226569431465668	5.58803530520706e-06	
2.28815207567173e-06	4.83054327086254e-05	0.00024356107649928	0.00170187666606073	0.00780997151250666	0.0241514451587151	0.0580028754444418	0.116726264553601	0.183577932552904	0.238728753554581	0.22355652561904	0.119567640953346	0.0248584841500977	0.0010233124560643	7.62717358557244e-07	
1.42466269202736e-05	0.000116771459935814	0.000570373884915239	0.00329783972799119	0.0129934325593938	0.035580441925279	0.0779140394148198	0.140364637327943	0.202316348894805	0.234711652087194	0.191739754830815	0.0855291159077582	0.0144397195958537	0.000411625756375048	
7.65027824061961e-07	3.69763448296615e-05	0.000218287939132346	0.00131457281101314	0.00624160700724685	0.0207294489300576	0.0502488125493124	0.100107970926903	0.163204150734962	0.21291412868686	0.221423788183176	0.157331542148188	0.058408854330032	0.00766098863015648	0.000158105750306139	
6.14513739118946e-06	9.29452030417406e-05	0.00050748592955573	0.00280986407212138	0.0105852552037151	0.0314945972720199	0.0680294874417716	0.123481670975518	0.182019225574423	0.216268124634652	0.200101036300607	0.123090686609003	0.0375721381519063	0.00388116635731874	6.01711369553968e-05	
1.23249155871667e-05	0.000159196826334236	0.00105814535697321	0.0048200690708811	0.0176279672876199	0.0454311794687448	0.088751973912262	0.146104941520843	0.194941905996842	0.210625361081511	0.174160814471505	0.0914667933394102	0.0229356408314183	0.00188930685188276	1.43790681850278e-05	
3.32987095588463e-05	0.000361123214518031	0.00205342042279552	0.0085699004446023	0.0274412342308669	0.0630153556095677	0.110669680931249	0.165641204081338	0.201392402318623	0.197194183618893	0.144636171587992	0.0646568013001468	0.0134211868589353	0.00090164645340349	1.23902175102684e-05	
2.57907109596337e-07	8.71726030435618e-05	0.000772431793241028	0.00387041199371222	0.0144636886132722	0.0402476939880563	0.0825514234538146	0.132935898477445	0.180651550730973	0.19973151869891	0.177756027611535	0.11556688627457	0.0435746957018491	0.00744603616115584	0.000342758548653531	1.54744265757802e-06	
1.18828383140939e-05	0.000243339862866879	0.0017007958143477	0.00694112751086311	0.0229028792375558	0.0565814262454183	0.103341428301666	0.154490847502111	0.188813392682083	0.19218863540843	0.153395043151494	0.0874551067660106	0.0277668349466009	0.00403835676878761	0.000128386318306623	5.16645144091039e-07	
5.85889145107372e-05	0.000667550685244019	0.00330379259524263	0.0121986786385077	0.0344868349931365	0.0754111917788865	0.125746068904193	0.171016893569089	0.191060264920406	0.177619293899883	0.12638199194532	0.0628926072974308	0.01717303302626	0.00192176824454909	6.14405873409058e-05	
2.59928758725808e-06	8.57764903795168e-06	0.000169213621930501	0.00132589659826035	0.00583877970725783	0.0195869316137833	0.0497277506181106	0.0971462941437011	0.147107200858389	0.181506952574438	0.185914564536152	0.156515842137987	0.100403721348053	0.0437046814209162	0.0101356620177542	0.000879858848286862	2.54730183551292e-05	
1.26999398178362e-05	5.00222119355589e-05	0.000445534623405315	0.00273748498685686	0.0103556346004418	0.0300454657845479	0.0686024830714986	0.118444822390046	0.162632319117867	0.187139574412058	0.175407162662384	0.132660979512664	0.0766599469298025	0.0288153858993346	0.00559393471608896	0.000391365492345565	5.18364890523927e-06	
1.8180132387724e-06	4.752806038505e-05	0.000111158523742084	0.000997310119555148	0.00521821742763074	0.0168934984470271	0.044061109138711	0.0893628824547957	0.138876213296585	0.174708994516612	0.184244214237797	0.158822415687688	0.109181823919185	0.0558909212834031	0.0184273821881971	0.00298335972482552	0.000169594663559769	1.55829706180492e-06	
2.34169979304578e-06	1.11881212334409e-05	0.000110320079139045	0.000272157553725098	0.00214837946568655	0.00929472685633047	0.0265876594502417	0.0606164602761853	0.111645741410775	0.157487116748305	0.1810823440519	0.174806068228806	0.137926377999262	0.0859651003470399	0.0394175724274737	0.011043196035138	0.00151429919950294	6.89500494619034e-05	
1.56435359605783e-06	1.35577311658345e-05	0.000159564066797899	0.000683883247076614	0.00399953069392118	0.0150235304853407	0.0393786908967657	0.0808676947946134	0.132372211865622	0.170923881161272	0.18138497438371	0.160385613161428	0.115839601611284	0.0656478379329675	0.0263755230807337	0.00623160254989636	0.000684926149473986	2.58118343349542e-05	
2.87568692971534e-06	4.33967300302496e-05	0.000330703996917264	0.00156437368976514	0.0070752355514378	0.023764415361083	0.0551420811555451	0.102038522179258	0.151899796427508	0.179645731055824	0.173949518100227	0.141927437007424	0.0941144361313854	0.0475761488434641	0.0171686352486541	0.0034667713068141	0.000277895927844309	1.20255998879005e-05	
8.38874272669791e-06	0.000109315803657282	0.000685517569697345	0.00318798438435541	0.0123817842646061	0.0352694202015605	0.0736431995084197	0.124308846243783	0.168095986091465	0.180523646292857	0.161508463717115	0.121799301427449	0.0727823047860923	0.0331318636955138	0.010673364378672	0.00177788916163954	0.000109840100077701	2.88363031230241e-06	
2.62509634103572e-07	4.41016185294e-05	0.000224708246792657	0.00122355740455675	0.00601199564024	0.0196018568881478	0.0499293324064993	0.094942384385507	0.144612619783146	0.178215428006208	0.175920043765606	0.144625220245583	0.100010132871876	0.0549233156856857	0.0224506114374398	0.00627581782251409	0.000942672096065926	4.5939185968125e-05	
1.13149527627036e-05	8.42042996294221e-05	0.000513383089303133	0.00269348503439614	0.0103721277452904	0.0300827754579201	0.0675671088532664	0.116411654822367	0.162109591369691	0.181335538082579	0.164912278855169	0.125756226973742	0.0794162326417441	0.0401196648353109	0.0146297076453031	0.00350289886458396	0.000465755032325241	1.60514446168586e-05	
2.45555965108874e-05	0.000210702860383743	0.00118315728994932	0.00482293038567601	0.016827448615434	0.0430567862691441	0.0884371128532969	0.137082013580037	0.175363396424494	0.17790424056669	0.148824605447012	0.105903799094031	0.0609192664794456	0.0281438820655428	0.00916821481341443	0.00191190402511113	0.000212287092416704	3.69654141024111e-06	
7.54916293027249e-05	0.000468577867496562	0.00241334819149869	0.00891542897919689	0.0259516382080883	0.0592439764964096	0.109375716011616	0.154809227355094	0.179924895099746	0.169574860280887	0.131409735983257	0.0873620920240312	0.0452515367844221	0.018641664545396	0.00549261201832036	0.000985894190402604	0.000102244803195971	1.05953163933649e-06	
1.85135179095805e-06	3.96718240919582e-06	0.000168473012977183	0.00105130333843689	0.00438902613870698	0.0153942546206435	0.039238607772874	0.077842730839104	0.130586949927017	0.167498672977484	0.178875229732921	0.155981677964761	0.111669308369353	0.0693566631870069	0.0322121987685337	0.0120086611526358	0.00320178068304831	0.000487169999849247	3.14729804462869e-05	
2.92145508647905e-06	5.31173652087101e-06	4.14315448627939e-05	0.000341544658292006	0.00209229301557109	0.00804515613451123	0.0244472673373088	0.0545658757579516	0.0983717668455748	0.149364703032763	0.17585406747552	0.171563777887613	0.139102959248092	0.0922566301759221	0.0522130420660318	0.0221852643398959	0.00757825449432667	0.00175446657284369	0.000197862185402445	1.54040359105259e-05	
1.5192253976106e-05	1.75910309197017e-05	0.000129000893411146	0.000879018484442066	0.00397370727245202	0.0133625202296856	0.0358955647147374	0.0735318418982108	0.120587050016098	0.164855412387071	0.177365300678694	0.159315303770451	0.118811688547066	0.0734241634665205	0.0375973636908328	0.0147095667489003	0.00454914720814347	0.000895543392275725	8.20914776252748e-05	2.93183848661696e-06	
3.06861257618831e-05	2.93519463809317e-05	0.000299389853085503	0.00172322608843688	0.00706874919615692	0.0209343418306329	0.0505667327174406	0.0939267620907338	0.140893612002491	0.17511851515441	0.172589444719878	0.14330660883088	0.0982641792582069	0.0564704764781507	0.0261701953932387	0.00951083113505044	0.00262059514006482	0.000443481226228259	2.9618782257122e-05	3.20203051428346e-06	
3.80845100642341e-05	7.42916147027665e-05	0.000679084362553808	0.00343833393678508	0.011515736680479	0.0317246650842821	0.0687350310442397	0.113789274651004	0.157687304716311	0.178590336726073	0.160869506912875	0.125205777044696	0.0790843625538078	0.0426602834882193	0.0182062732161296	0.0059170455002615	0.00152284400101916	0.000252108728594226	9.65522790360864e-06	
2.40793784737848e-06	1.97986000784453e-05	0.000164542419570863	0.00141452971101	0.00629809521414326	0.018515704303092	0.0460127492282559	0.0885529845319424	0.132877769329186	0.170398256867037	0.176070823338162	0.145205340913165	0.104999467578187	0.0622786369359472	0.03061452179157	0.0121525947670695	0.00351585680582229	0.000780974508499753	0.000117721405871837	7.22381354213543e-06	
6.14759246914577e-06	7.88495555825218e-05	0.000469355320687825	0.00282762524917796	0.0102926735131246	0.0285491521400839	0.0636099411381385	0.109430887963602	0.149704033515605	0.176213788675707	0.16598072008087	0.128573421766006	0.0856161838846476	0.0468892914819493	0.0213019424788483	0.0079440259032818	0.00203485310728725	0.000426322173403804	4.9982599640446e-05	8.01859887279883e-07	
3.26722032660955e-05	0.000258699576680724	0.00103586952650211	0.00523156959674735	0.0169949017972658	0.0421618714852275	0.0834793539794877	0.129521986919871	0.162972431355567	0.173483239829237	0.152414489211612	0.11013478355067	0.0675476378130941	0.0340007835972685	0.0144703045825979	0.00495947977282642	0.00107871831767076	0.000204335172885499	1.68717115226559e-05	
0.000121527018974205	0.000625757545068935	0.00226104216880956	0.00923365488245459	0.0264689045405266	0.0593313029082268	0.104419692494001	0.148079340086966	0.169878782128706	0.16596060179327	0.134641809771838	0.0904387551795562	0.051851528095661	0.0239650748403892	0.00927123231595319	0.00278952479737502	0.000567126088546292	8.7147664922292e-05	7.19567875505163e-06	
1.65357100660602e-05	0.000232566760929104	0.00115856652462847	0.00443610428272224	0.0156318468174492	0.0385780782891194	0.0781568337422365	0.124677920373088	0.161983549102124	0.171859635291579	0.154275507866331	0.114823170583719	0.0720004822026419	0.0378451729461915	0.0164815689508439	0.00583710565331924	0.00166743966666142	0.00029604255118269	4.0005750159823e-05	1.86693500745841e-06	
4.75268546754276e-05	0.000441625941759311	0.00210773590341475	0.00823309305571242	0.0242894267967621	0.0544097044497151	0.0984996733196253	0.143155425364014	0.169975256665041	0.166684155481168	0.138962114955713	0.0953685080118796	0.05545796530059	0.0266999461451315	0.011250514317999	0.00334557016338825	0.000899539176413009	0.00015699882330984	1.52192736881987e-05	
5.33586182038795e-07	0.000135797683328873	0.000923104094927116	0.00405312063876669	0.0139519446948594	0.0363308159626575	0.0721613948796536	0.118975311767736	0.158165349286849	0.172597521545543	0.156052614799066	0.121004273224939	0.076113934523106	0.0410754642933465	0.0188145155717789	0.00707962146329074	0.00198093870081903	0.000505572907481759	7.25677207572762e-05	5.60265491140735e-06	
7.44811589268329e-06	0.00030324471848782	0.00191655982167083	0.00689349726281741	0.0217232280134279	0.0509581469087659	0.0915687328094825	0.13952183095969	0.168251341990881	0.16820532327483	0.14175759574819	0.101315922475754	0.0591696946804492	0.0298602946261844	0.012611788239425	0.00452739044619534	0.00111801539631957	0.000247915857570744	4.09646374097581e-05	1.06401655609761e-06	
6.42977805575202e-05	0.000733844916941615	0.003618211469555	0.0115767888200507	0.0322017632470698	0.067207387974402	0.113180301073029	0.157126505617554	0.171810311982396	0.158138265734756	0.124534173207593	0.0825394860109816	0.0445325896754769	0.0210134180434451	0.00824154072361041	0.00276055347104395	0.000608437675523642	9.85722173009917e-05	1.32846654044463e-05	2.65693308088926e-07	
3.18402891098251e-06	1.11441011884388e-05	0.000157344095351052	0.00160793460004617	0.00634125891196425	0.0188359190301448	0.0472172913996726	0.0870815987009162	0.133994550003847	0.168676850252467	0.168102398369777	0.144485129258307	0.105009804155688	0.064632602864034	0.0325458168493503	0.0140681010716911	0.00527726258421093	0.00160342389242228	0.000295053345751046	5.04137910905564e-05	2.91869316840064e-06	
1.19299536746643e-05	3.92362920855627e-05	0.000516699549153795	0.00298089775817613	0.0101486790359961	0.0291403699558168	0.0637377658325066	0.108053832192741	0.152632887753982	0.172700395385176	0.159972725474799	0.127539423194693	0.0864049429244505	0.0492574531722807	0.0235894950660363	0.00896999961293928	0.00326827708669471	0.000824757464041794	0.000183456176508171	2.62458980842615e-05	5.30220163318415e-07	
1.58618286679289e-06	2.98731106579328e-05	8.08953262064375e-05	0.00114310911933541	0.00551542219165002	0.0167651598105675	0.0420616041701805	0.0837657884677103	0.127715214613186	0.166080219612305	0.172114852329019	0.146047523096144	0.109013325522264	0.0683663321054516	0.0367682475798815	0.0163662348195691	0.00561032879984646	0.00199700422929225	0.000463958488536921	8.40676919400233e-05	9.2527333896252e-06	
1.96094694658036e-05	7.65829280488816e-05	0.000325146203169473	0.0023401516871961	0.00913774777823386	0.0255577635347076	0.0579168330600816	0.104486408120228	0.146691021274419	0.172437724697358	0.165693922150936	0.130422051431399	0.0897663213721753	0.0528483151888326	0.0258667451752093	0.0112465607242996	0.00373136404794568	0.00113098940108175	0.0002668477804333	3.78939747785124e-05	
2.22682609681126e-05	0.000225863789819428	0.000813321722025829	0.00428982141649999	0.0145430301005916	0.0382571374415624	0.0766765150701782	0.123990207267141	0.161142149708988	0.174800811731132	0.152683126622899	0.112659108712855	0.072379535998367	0.0392501958414023	0.0179911642721659	0.00725415110870755	0.00224246689915792	0.000651611731662153	0.000117438566772308	1.00737371046224e-05	
5.8241565363847e-06	4.95053305592699e-05	0.000460108366374391	0.00173453971029057	0.00776651274126899	0.0219779841588237	0.0535287637883597	0.0981425970602305	0.143283516498644	0.171250321983199	0.168931513478554	0.13647507750761	0.0940572159843447	0.0552985131722566	0.0287183864121369	0.012095978922907	0.00458255225658269	0.00129878690761379	0.000301532467951917	3.41507360542557e-05	6.61835970043716e-06	
2.26758565409299e-05	0.000205137399870273	0.000869065385568663	0.00354639849390125	0.0131129732266689	0.0330136740688397	0.0716285483760395	0.120214471415237	0.159020508466532	0.173040779627589	0.156664065095529	0.119311655917608	0.0752619588775978	0.0422269273159696	0.020116912497561	0.00797188193788925	0.00284713835963908	0.000746721229347832	0.000149766122270328	2.79493115504485e-05	7.91018251427788e-07	
5.67669805220608e-05	0.000480803123398478	0.00200691078580551	0.00638034457821209	0.0200825735138999	0.0483073802619361	0.0926643067444717	0.139142206038792	0.170577647592169	0.169248244118083	0.140766533779126	0.0996495497058282	0.0586614134766924	0.0310090291182926	0.0137827588382888	0.00487219112359809	0.00180518998060153	0.000421131785733428	6.73282792238396e-05	1.76901753254794e-05	
1.00404020494046e-05	0.000139508744265411	0.00101857236580144	0.00359921991360498	0.0111924060740205	0.0300390333840726	0.0660130012637695	0.112429779938167	0.156061403928281	0.174074149426019	0.15912293389003	0.124999042198489	0.0806381679542602	0.0448285456028456	0.0224305223994764	0.0090366260655707	0.00299917378059978	0.00109096894899978	0.000242026533611963	2.85358795088341e-05	6.34130655751869e-06	
6.65367741593436e-05	0.000388617174970509	0.00188026031518815	0.00637639667581216	0.0176651159091813	0.0433175606717298	0.086019059737299	0.132639336222779	0.167462457089082	0.172645433218021	0.144736039869047	0.105998648057577	0.0627614086709876	0.0336986228743356	0.0160303259241587	0.0057566238551566	0.00180444550479144	0.000625339642397975	0.000112926955346137	1.45797712301351e-05	2.65086749638819e-07	
9.79110026033742e-06	0.000142103265940573	0.000830920400471878	0.0032816063332012	0.0106344580043832	0.0275688274654652	0.0588283704804149	0.10702095983479	0.149669669447163	0.172260119366743	0.164808562819964	0.130154948130985	0.0858367236120586	0.0487596792964803	0.0246116505625119	0.0106267838987738	0.00347425284643162	0.00110480658342997	0.000319666192283449	4.60446336567219e-05	1.00557245916979e-05	
8.98954595125392e-05	0.000299034602084358	0.00175058187480154	0.00592490397710733	0.0171642160018677	0.0400558303683255	0.0790826221236427	0.127888982280283	0.163614495484207	0.172442229608339	0.151705462286079	0.109975989980358	0.0674445972961032	0.0362474356659178	0.0167771367291431	0.00671889240333131	0.00206204320217145	0.000587757666165808	0.000131141611524175	2.93482235467407e-05	7.40315548926794e-06	
0.000134990453867609	0.000726667669149802	0.00293929115955739	0.0100147534753412	0.0260794131071222	0.0570699327461116	0.100544019485302	0.145726305661351	0.171020175105692	0.165931114557036	0.134096175261634	0.0906178452075869	0.0518957406931508	0.0255800279899656	0.0116250914633257	0.00427752658237852	0.00132470985671652	0.000309761984513492	6.65670018089782e-05	1.98905383891369e-05	
4.7729266870506e-06	0.000305997633158688	0.00152362426354404	0.00548674438935839	0.0162006389888184	0.0379651846817691	0.0760589732214948	0.12139355670807	0.158753640350959	0.172495426608165	0.153157648972986	0.115384707171667	0.0729093719332289	0.0386466525476424	0.0183839877855503	0.00779843188145323	0.0026057528085359	0.000739008148711668	0.000143983288392693	4.05698768399301e-05	1.32581296862517e-06	
2.6593184379589e-05	0.000583188533444386	0.00284919377442916	0.00929990250938607	0.0250744476196707	0.0545782560296057	0.0954344289193434	0.140553755196973	0.168844382535511	0.166517744834141	0.137381720164176	0.0950732934754686	0.0561874096164146	0.0279108766655976	0.0126979796094099	0.00494101365772763	0.00147937884703654	0.000457668703172726	9.46717363913368e-05	1.40943877211822e-05	
2.67378177823066e-07	0.000147860132336155	0.00119223929491305	0.00546922062737081	0.0152964381750798	0.0366864250227472	0.0721228570641716	0.116641858428068	0.155929338364678	0.17162711118467	0.156422918480939	0.117838375773826	0.0766078586189757	0.0421414746066934	0.0193632602597686	0.00815690607084826	0.0031831372069836	0.000829139729429327	0.000310158686274756	2.70051959601296e-05	6.14969808993051e-06	
9.4144710102884e-06	0.00039433184288808	0.00214058172285357	0.00932651295256371	0.0236749737269013	0.0515321244614586	0.093458260673791	0.136209911501283	0.165764087881666	0.166854014639771	0.141303678287621	0.0975998209636599	0.0594868144953803	0.0311532915277024	0.0132515404091959	0.0052489710655648	0.00193615320948731	0.000486862643674915	0.000148479657076549	2.0173866450618e-05	
4.34955275251045e-05	0.00073753285803438	0.00428849691884167	0.0155195284112245	0.0349809403138702	0.0684233276509984	0.114099304882035	0.151876386251091	0.170012670436279	0.157322782741191	0.122915389041829	0.079179960718946	0.045112696641659	0.0218428595742841	0.00862751348766591	0.00351611360707599	0.00109468246914114	0.000328242645608708	6.8350114682307e-05	9.72570801803579e-06	
