# <P(U)> as a function of N_tot.
# number_of_species: 1
# species_total_upper_bound: 103
# species_total_lower_bound: 0
# volume: 729
# Bin widths for each
10	10	10	10	10	10	10	10	10	10	10	10	10	10	10	10	10	10	10	10	10	10	10	10	10	10	10	10	10	10	10	10	10	10	10	10	10	10	10	10	10	10	10	10	10	10	10	10	10	10	10	10	10	10	10	10	10	10	10	10	10	10	10	10	10	10	10	10	10	10	10	10	10	10	10	10	10	10	10	10	10	10	10	10	10	10	10	10	10	10	10	10	10	10	10	10	10	10	10	10	10	10	10	10	
# Bin lower bound for each
0	0	0	0	-10	-10	-10	-10	-10	-20	-20	-20	-20	-20	-20	-20	-30	-30	-40	-40	-40	-50	-50	-50	-50	-60	-60	-60	-60	-70	-70	-70	-70	-80	-90	-90	-90	-100	-100	-100	-110	-110	-110	-110	-120	-120	-130	-140	-140	-150	-150	-150	-160	-160	-170	-170	-170	-170	-180	-180	-180	-200	-200	-200	-200	-210	-210	-220	-220	-230	-230	-230	-250	-250	-250	-260	-260	-270	-270	-270	-270	-280	-280	-290	-290	-290	-310	-310	-320	-320	-320	-330	-330	-330	-340	-340	-350	-350	-350	-360	-360	-370	-370	-370	
# Bin upper bound for each
0	0	0	0	0	0	0	0	0	0	0	0	0	0	0	0	0	0	0	0	0	0	0	0	0	0	0	0	0	0	0	0	0	0	-10	-10	-10	-10	-10	-10	-10	-10	-10	-10	-10	-10	-20	-20	-20	-20	-20	-20	-20	-30	-30	-30	-30	-30	-30	-30	-40	-40	-40	-40	-50	-50	-50	-50	-60	-60	-60	-60	-70	-70	-70	-70	-80	-80	-80	-90	-90	-90	-100	-100	-100	-100	-110	-110	-120	-130	-130	-130	-140	-140	-140	-140	-150	-150	-160	-160	-170	-170	-180	-180	
# Normalized histogram for each
1	
1	
1	
1	
1.61709375909615e-05	0.999983829062409	
0.000105574236561106	0.999894425763439	
0.000449081211414224	0.999550918788586	
0.00143281881671835	0.998567181183282	
0.0038969784525869	0.996103021547413	
2.89764123724313e-06	0.00948273792325225	0.990514364435511	
3.72082870296873e-06	0.0205240911255755	0.979472188045722	
1.1151711601869e-05	0.0406802048445513	0.959308643443847	
4.61891288111702e-05	0.0737215612090499	0.926232249662139	
0.00019712722128974	0.124162106209507	0.875640766569203	
0.000496003569579216	0.193338075209783	0.806165921220638	
0.00108204833231565	0.280092410550877	0.718825541116807	
1.44317161289684e-05	0.00260183225067973	0.380542088244584	0.616841647788608	
3.58838501638902e-05	0.00543949673518832	0.487123678432857	0.50740094098179	
2.47246701935035e-06	9.51899802449885e-05	0.01040249290608	0.592195822684555	0.3973040219621	
3.2974325365912e-06	0.000259672812256557	0.0193798353756806	0.684382947327637	0.295974247051889	
1.48290274917812e-05	0.000584098916204049	0.0337891748923145	0.757084464904841	0.208527432259149	
2.8853200685552e-06	2.67922577794412e-05	0.00132518628862928	0.0564681868731127	0.801842812708928	0.140334136551482	
2.4734261280369e-06	7.6676209969144e-05	0.00261028904045495	0.0896353139293054	0.81861211937579	0.0890631280183528	
9.47698575815062e-06	0.000133089843473159	0.00510644715220698	0.136027297015326	0.805446135285208	0.0532775537180275	
2.06025419416248e-05	0.000299973010670056	0.00950683695354333	0.194492116437326	0.765135966475544	0.0305445045809752	
2.46677663008711e-06	3.3301484506176e-05	0.000702620210136479	0.0166186741568969	0.264533425645597	0.701675845816593	0.0164336659096403	
4.09356413939568e-06	0.000104795241968529	0.00142742581540727	0.0283336041908272	0.343289972937447	0.618365202412419	0.00847490583779088	
2.45539468628036e-06	0.000202979294065843	0.00307865570414786	0.046175334005293	0.42341808128093	0.523037536027802	0.00408495829307509	
1.47355882876632e-05	0.000396223596179389	0.0056781133535129	0.0715609285876553	0.496652770188268	0.423957610624359	0.00173961806173802	
4.10294283574894e-07	2.13353027458945e-05	0.000873106235447375	0.0101662717584187	0.106475059236237	0.553558790042158	0.328185370957319	0.000719656173390364	
6.17666242810365e-06	7.20610616612092e-05	0.00172987725736423	0.0178007293402995	0.150450731646253	0.588551103234265	0.241080487676323	0.000308833121405182	
3.29103259438681e-06	0.00025464364699068	0.00318407403506924	0.0289010254857564	0.205232906376705	0.594132582539098	0.168183695566321	0.000107781317466168	
3.00250647595404e-05	0.000499320939973726	0.00557520209336397	0.0444210550560975	0.26347899191462	0.574499177806788	0.111462500339324	3.37267850723604e-05	
3.70209641493097e-06	7.89780568518606e-05	0.00103905506045729	0.00981261221979758	0.0663201778651655	0.325177752045922	0.528082663699505	0.0694801228273322	4.93612855324129e-06	
8.23849453046348e-07	1.02981181630794e-05	0.000210493535253342	0.00218855607201762	0.0167315585419183	0.0961654751057411	0.382801236433259	0.461147671719061	0.0407438866251337	
1.2385802897287e-06	3.50931082089799e-05	0.000406254335031014	0.00414594108981854	0.0265407113084032	0.134457386232272	0.428754797434322	0.38291163803069	0.0227469398809642	
4.55751501079717e-06	0.000120152668466471	0.000957906791360277	0.00780909481122773	0.0405971007575419	0.17818599301623	0.456753325742999	0.303569445756456	0.0120024229407076	
2.07106829430543e-06	1.32548370835548e-05	0.000252256118246402	0.00188964271172428	0.0129876692735894	0.0601388527027234	0.225545136241086	0.465737695886817	0.227470401327472	0.0059630198329642	
2.4862046718272e-06	6.42269540222026e-05	0.000563539725614165	0.00375251158467785	0.0204204420720527	0.0855142527898324	0.274138871934354	0.450656917429414	0.162183418092194	0.00270333321316677	
1.95152576097048e-05	0.000180619937451523	0.00118710896821587	0.00672778125638398	0.0314237169340949	0.117273411250421	0.31599105121634	0.415222814415713	0.110710886856349	0.00126309390741962	
6.65365046294852e-06	4.74072595485082e-05	0.000343078851995783	0.00237327394950295	0.0114351300268849	0.0468221541609227	0.152762824391451	0.350987131424151	0.362968276642152	0.0717246885779693	0.000529381064958342	
3.11811805361251e-05	9.60380360512652e-05	0.000728808126397696	0.00426974298808006	0.0190828824881085	0.0667160853732408	0.191337285998361	0.372033474452427	0.302402988071743	0.0431198309397966	0.000181682345257155	
3.83229063092417e-05	0.000252847870975106	0.00148417951282422	0.00783328536027489	0.029569871197545	0.0915600880260496	0.23127415748965	0.373727481647702	0.239490255359688	0.024713692482837	5.58181461460694e-05	
6.42611305285436e-05	0.000532449367236504	0.00293473072082628	0.0130212245333974	0.0434517907991414	0.121837434361845	0.266436661892983	0.358619253636179	0.179948273962725	0.0131363938322668	1.7525762871421e-05	
8.32810744591102e-07	0.000173224634874949	0.00103101970180378	0.00573098713890367	0.0207769624560588	0.0610850024942682	0.155679810918649	0.292287006570044	0.328642110409052	0.127868512508401	0.00672244833033938	2.08202686147776e-06	
1.25594375381493e-05	0.000365898280278083	0.00219036590665324	0.00949367883508705	0.0315857294646917	0.0842880599101916	0.189489676560992	0.307866561837228	0.285019689011581	0.0864068370228774	0.00328010643704666	8.37295835876619e-07	
1.30034211581602e-05	4.90774282420885e-05	0.000823829650149246	0.00392451639857248	0.0154711349218201	0.0455333667786918	0.110776564311565	0.22069867801348	0.310525052978455	0.235535581554941	0.0551298915934141	0.00151930294951149	
1.68288405938561e-06	3.49198442322515e-05	0.000186379409576957	0.0017724976355479	0.00693895169786173	0.0238662410091919	0.0639575879559354	0.139494259682473	0.24487730092323	0.299575660784426	0.185428580083404	0.0332651484808606	0.000600789609200664	
4.62435132962713e-06	8.44995106595502e-05	0.000514143788739452	0.00324797621569993	0.0116016566948836	0.0361695741224663	0.0860427828169194	0.169246213917448	0.260958871860065	0.274583472063873	0.138398427384231	0.0189299923656163	0.000217764908067896	
1.05235287159737e-05	1.09444698646127e-05	0.000163746106820552	0.00118579121571592	0.00567765421284216	0.018725146056055	0.0515316154163803	0.110661218565694	0.194906696289698	0.269136721264137	0.240540926213647	0.0972811832150559	0.0100760682749705	9.17651704032911e-05	
1.13738469762628e-05	2.19051867690987e-05	0.000349640481122152	0.00241968063080198	0.00994032100366196	0.028684420820543	0.070785768537159	0.136825272856483	0.216280861564696	0.263343312830921	0.200624550575074	0.0656047706126754	0.00508705837353146	2.10626795856718e-05	
1.97616160460959e-05	9.6285320735233e-05	0.000709315878080079	0.00434629415039347	0.0162179798751066	0.0422658921234403	0.0939942346536335	0.161253525556395	0.229379804805689	0.248435468653031	0.159278204871617	0.0416713618023939	0.00232766609428057	4.2045991587438e-06	
2.52965280093698e-06	4.6376968017178e-05	0.000256759759295104	0.00165397132301263	0.00833014667348549	0.0251143930077024	0.0588751392890074	0.117567300358747	0.18323497902707	0.235966856489002	0.223900834237333	0.119193445500949	0.0247927054931832	0.001063719002794	8.43217600312328e-07	
1.94285883229961e-05	0.000116149169322259	0.000505988017629332	0.00331848735769087	0.0136502727393676	0.0366963797359824	0.0791013855539999	0.140390556861354	0.201337193709361	0.232131083840694	0.192451993436516	0.0853759748610961	0.0144751430218635	0.000429963106800217	
1.27040535670653e-06	3.34540077266054e-05	0.000212581163022227	0.00119164022459073	0.00645747042813931	0.0218276813704794	0.0512672081698922	0.102378579949362	0.162466212510867	0.210382091349768	0.219636570904922	0.158032074347509	0.0582366519567842	0.00772237069496678	0.000154142516613726	
1.01857671728851e-05	7.8515288624323e-05	0.00046812088298718	0.00257869672260209	0.0107391938559452	0.0329764212222157	0.0702898572252527	0.125791678143338	0.181660186679648	0.212771763695294	0.198550735094085	0.123029637611624	0.0370698264048189	0.00391812510583649	6.70563005548272e-05	
1.82649798320641e-05	0.000177552594646577	0.00100160052195366	0.00460362445162584	0.0181944685145729	0.0473874282568583	0.0916362533514114	0.147467199494357	0.194117232286368	0.207314742132466	0.172689862341519	0.0908835662755412	0.0225487547531424	0.00193948599798151	1.99640477234189e-05	
4.05151306954145e-05	0.000464431340287436	0.00181337195491476	0.00833758742205635	0.0285951527697636	0.0650745499728549	0.11389144418529	0.16646003950012	0.199342546047578	0.194691409043745	0.143528049051455	0.0638057866694985	0.0130126070292472	0.000928862680574871	1.36472019184554e-05	
4.25679000573815e-07	9.49264171279608e-05	0.000919040962238867	0.00360933224586538	0.014244070717201	0.0418676581014376	0.0851004687577154	0.135695823407918	0.180122663660805	0.197767483913591	0.175852677606049	0.114234365235988	0.042735191904607	0.00741234843699185	0.0003413945584602	2.12839500286908e-06	
1.82998736457562e-05	0.000261730750980001	0.00181381538321425	0.00668839102829543	0.0228761187925658	0.0587128039108958	0.10695382431185	0.157016320508243	0.187024708659628	0.189335599680476	0.151699143268008	0.0864077475706918	0.0271021128693649	0.00395277270748333	0.000135759527744098	8.511569137561e-07	
7.46196741806547e-05	0.000728288020003189	0.00346832245591683	0.0121600221044795	0.0349991855795561	0.0778880159097673	0.129036178176432	0.171866591961713	0.188492708165439	0.175164781560498	0.125061721130501	0.0621607469813144	0.0169625443347464	0.00186335986382549	7.2914081627954e-05	
4.27388417431977e-06	1.41038177752552e-05	0.00018164007740859	0.00158133714449831	0.00603686139622667	0.0199432257226283	0.0509297407632815	0.100191384533326	0.149973587395803	0.181571695261801	0.18309960885412	0.153789311186635	0.0988395549689887	0.0430226276523725	0.00988207498786217	0.000907345610208087	3.16267428899663e-05	
1.44456912114539e-05	7.13787095154193e-05	0.000561682464163002	0.00310115000448241	0.0108363927749451	0.030768047660584	0.0704121228240647	0.121766130207512	0.164882269740993	0.186585221293119	0.172033736637205	0.129371786630343	0.0752454811541088	0.0285191934375774	0.00538951744168508	0.000432945863072692	8.4974654185023e-06	
5.43145943739416e-05	0.000134089154860668	0.00113636315416731	0.0056805427725309	0.0177553560342878	0.0456420812503899	0.0922779498447154	0.142563504581309	0.175686920494042	0.182726601124227	0.154451611424905	0.106422234018673	0.0544962087988794	0.0179004778411307	0.00286806518260524	0.000201133732291002	2.54599661127851e-06	
0.000108957446817531	0.000319665038523029	0.0025390900738918	0.0101122685661158	0.0274882256004212	0.0628544561687933	0.11579251280038	0.159826159877459	0.18058234151673	0.172070517937915	0.133773035278895	0.0840316290325384	0.0380464989682959	0.0108885373798235	0.00149106358154575	7.50407318548755e-05	
1.61005419527161e-05	0.000141938988267366	0.000757572868722536	0.00450433846050855	0.0161479961816294	0.0406237858390649	0.0846401253469561	0.135870355046609	0.172869824152423	0.180005753825256	0.157198488752289	0.111316181171772	0.0637234028580157	0.0252426838925518	0.00621565659069329	0.000691899605494352	3.38958777951918e-05	
4.36389087900202e-05	0.000335553551084427	0.00175996142828877	0.00782068560538818	0.0254770728375756	0.0567166000290644	0.106191259592616	0.15436946225425	0.181070966610303	0.171970771252043	0.137602800346908	0.0904003297915204	0.0460386250947452	0.0164400056095063	0.00348009705632258	0.000266917597453521	1.52524341402012e-05	
6.77848627081154e-06	8.76966661286243e-05	0.000688016356487371	0.00368241266661837	0.013437925376492	0.0374524076124095	0.0753848167838709	0.128600170563661	0.17032048259433	0.181404578613283	0.157720123927675	0.117574538988794	0.0694595724723978	0.032031313217328	0.0101965379728683	0.00183612246860608	0.00011184502346839	4.66020931118293e-06	
4.94060088685897e-05	0.000203113592015313	0.0012279715708535	0.00664109659381462	0.0211765977671018	0.0514971076371133	0.0971503711995906	0.14874122357148	0.179789310819958	0.175137967335449	0.141341723627854	0.0958675040633275	0.0524835387201648	0.0214814792919148	0.00614154694858777	0.00102359115809796	4.64500938080758e-05	
6.75478280840227e-06	7.93686979987267e-05	0.00046059175274793	0.00258623746776702	0.0113328368567969	0.0319615213797319	0.0693416450935791	0.11974836745343	0.16532288706172	0.182154961472408	0.16246899132517	0.121969846649543	0.0766325887873983	0.0379682119921037	0.0139942212833074	0.00344536140621068	0.000510408275959897	1.51982613189051e-05	
2.23994265746797e-05	0.000174123844316378	0.00115631756808158	0.00476262524660501	0.0180408362677991	0.04508920043345	0.0900127296363855	0.140470185095337	0.17796133098238	0.178329864944137	0.145948324100262	0.101700581370777	0.0586167635617962	0.0266603891921499	0.00888581025910642	0.0019500180040674	0.000215119021254943	3.38104552070637e-06	
9.48845775708955e-05	0.00046213872379396	0.00250554587648146	0.0087522550971868	0.0273322650346519	0.0610201023990972	0.111569437508128	0.158618633043639	0.181617129716113	0.168454436129336	0.128419921864245	0.0839398109848384	0.0431208045873305	0.0176900434308738	0.00535250679547248	0.000930207733686101	0.000118182130099464	1.69436745662313e-06	
2.96078107096527e-06	2.96078107096527e-06	0.00016284295890309	0.00113820883742393	0.00458582691020078	0.0152827059508739	0.0405508575479403	0.0796192097167759	0.13303466101806	0.170881479510761	0.179345506655201	0.154350169885388	0.108532505780925	0.0668100248663313	0.0307185265799891	0.0114002760293896	0.00306906106441771	0.000471187159007901	4.10279662690902e-05	
8.48015664545355e-06	4.28247910595405e-05	0.000308677701894509	0.00221332088446338	0.00803918849988997	0.0249113081616844	0.0559868421889489	0.100357565804956	0.151653609345472	0.179135676994225	0.170407899774725	0.137452315019163	0.0895385819566859	0.0498052320022455	0.0210252763789053	0.00720177303115143	0.00169645533692298	0.000190803524522705	2.41684464395426e-05	
2.28869903989075e-05	0.000148765437592899	0.00077052867676322	0.00412432043651424	0.0134850995096674	0.0370345411306767	0.0750638186773947	0.122920939434666	0.16670332823462	0.179557764008851	0.157266683026626	0.117114425203832	0.07092720707937	0.0358215306395346	0.0137754252212091	0.00436505766885831	0.000819269489649782	7.37469690631465e-05	4.66216471088857e-06	
5.93134636054706e-06	3.68590809548281e-05	0.000336392072162454	0.00159722684137589	0.00708668789806219	0.0208990989013876	0.0521585652242621	0.0959251226835445	0.142964512331057	0.17753324625552	0.173905380620851	0.14085634236748	0.0956200820135735	0.0544391678998924	0.0248714062925654	0.00886439713583758	0.00250345183174804	0.000365201468770826	2.58437234280979e-05	5.08401116618319e-06	
3.15485252556603e-05	9.89088899907188e-05	0.000698757201270638	0.00346735345816602	0.0116895812700669	0.0315779421238041	0.0703894494910242	0.115364856562925	0.15981502332246	0.181601838000028	0.160287824869873	0.12319102248344	0.0764749042139877	0.0409342115192192	0.0171896829501111	0.00544297326944615	0.00151219755515983	0.000220839676789622	1.10846169817185e-05	
3.82461505249497e-06	2.50724764552448e-05	0.000199304939957793	0.00147417662412278	0.00625324561082927	0.0186033525725636	0.0463751573404137	0.0899719443238038	0.135107076472753	0.171655097914395	0.177790205415825	0.144429788141824	0.103375520253886	0.0598089052336882	0.0295375020504186	0.0111725504827939	0.00331296654991675	0.000793395144778678	9.94399913648691e-05	1.14738451574849e-05	
9.75848181782696e-06	0.000108191863632429	0.00053586793634415	0.00287875213625895	0.0103728418905319	0.0288337680807697	0.0638208953704065	0.110818168086879	0.15186913112175	0.176995524675382	0.166961259675747	0.127542508795362	0.0841227803696683	0.0449895711529095	0.0205377856901623	0.00727728174518992	0.0018341702999333	0.000436161709075049	5.43080727252979e-05	1.27284545449917e-06	
3.61508912683264e-05	0.00034747386077909	0.00113556329042861	0.00541838064421739	0.0171827312721371	0.0425517255458359	0.0833614034371417	0.130812638011344	0.16420968197423	0.173634857284787	0.153016090123747	0.109441081702715	0.0660672423589775	0.033049144797504	0.0138283538670396	0.00465113114012256	0.00100797190948157	0.000228388571895191	1.99893163483687e-05	
0.000173797068453633	0.000783989695652156	0.00245261069837244	0.00971825846034403	0.0270277698960643	0.0601092595779734	0.104872364870665	0.148974111002623	0.170251354538831	0.166585970136505	0.13397216794294	0.0895414336862697	0.0500429841168085	0.023361539765911	0.00883278142544888	0.00261921908029636	0.000581437881079673	8.88014218376228e-05	1.01487339242997e-05	
2.33040182906884e-05	0.000302528528355482	0.00142578220996666	0.00477690004016765	0.0162335791412935	0.0394240433064928	0.0788201217910367	0.12531163828096	0.162527308072342	0.171904845032515	0.155364076559208	0.113565141934183	0.0706510041065917	0.0361644467117606	0.0160929076127025	0.00540865079055704	0.00164695852901647	0.000308036750860554	4.57606177344427e-05	2.96596596426943e-06	
6.86497692181215e-05	0.000533518885466759	0.00227603648438599	0.00890285803397231	0.0250457241364113	0.0553516308981593	0.099208239328351	0.144511578080213	0.17044466404837	0.166590106635975	0.138869584084102	0.0941993487594733	0.0537853991263681	0.0252109920993438	0.0107788612952601	0.00312017438736437	0.000919144132309294	0.000163149142894918	2.03406723609249e-05	
8.449367797178e-07	0.000128852858906964	0.001098840282023	0.00428382947316924	0.0145667100823349	0.0374509778242118	0.0730971706869463	0.119730498964741	0.159114269672557	0.172288101473527	0.155652141217664	0.12090073640465	0.075014332240126	0.0399917027208232	0.0174749824781235	0.00675780436418296	0.00187406977741408	0.000484148774778299	8.11139308529088e-05	8.87183618703689e-06	
7.56690086224835e-06	0.000321593286645555	0.00224190457213169	0.00726422482775842	0.0224842051454085	0.0516890794066373	0.0918512464997829	0.140220137961418	0.169247190052384	0.167981415691482	0.140973885363974	0.101249757754077	0.0581339770243667	0.0288605802719965	0.0117774608087083	0.00430178314018819	0.00108627065711387	0.000253911562266556	5.21275392732664e-05	1.68153352494408e-06	
6.37661728004551e-05	0.000812599188911063	0.00414018657478744	0.0119053961704218	0.0327590322476443	0.0683032198980664	0.112280483901349	0.157971883312938	0.173404975187827	0.158311689891677	0.123385446797407	0.0821367037671125	0.0435531350513003	0.0199567145150687	0.00759195019190681	0.00269412080081923	0.000607876213078022	0.000103200516506	1.72000860843333e-05	4.19514294739836e-07	
5.03249313064688e-06	1.76137259572641e-05	0.000170266017586886	0.00174879136289979	0.00704423225962297	0.0191477976132563	0.0482049935751838	0.0883961612142399	0.133300258670147	0.170041652268145	0.168960924368338	0.143433183588704	0.103715909052784	0.0639445352157094	0.0317499991612511	0.0131184514683137	0.0050622687150032	0.00159446157355995	0.000292723350432627	4.65505614584836e-05	4.19374427553906e-06	
1.88175471536369e-05	5.14346288866076e-05	0.000567871756325309	0.00308147788833668	0.0107218202004278	0.0301561647329895	0.0650832049209977	0.108731550963145	0.15282608195669	0.174452461648793	0.160012294130807	0.125230358139739	0.0849754431009645	0.0482816443190871	0.0231209111038164	0.00858038333434391	0.00313040351093613	0.000796191328456104	0.000151376712658146	2.92717400167685e-05	8.36335429050529e-07	
1.2468361532611e-06	4.69641617728348e-05	7.85506776554493e-05	0.00128382562580785	0.00599021649231741	0.0175774804766239	0.043699113499495	0.0853729494740429	0.128561275762752	0.16601789625492	0.17363024658263	0.14487862050048	0.10653425266719	0.0666957595102428	0.0358619170521468	0.0159142010481736	0.00542249043053252	0.00188812554808839	0.000460498152604433	7.39789450934919e-05	1.03903012771758e-05	
1.57919190256885e-05	0.000115530354977405	0.000283423388829461	0.00261273144511851	0.0100764910688386	0.0262864803718914	0.0602985337618761	0.106320341570897	0.146661214298835	0.173839938095677	0.16666043301442	0.127038092602151	0.0876962665409962	0.0513320483698168	0.0249977766640319	0.0107509722419621	0.00365458252399748	0.00105016261520828	0.000270956084335497	3.82330671148247e-05	
2.73907451652222e-05	0.000251911853261968	0.000620856890411704	0.00469834281841637	0.0160024203458455	0.0393522005766167	0.0785906880596687	0.125524314888987	0.160819365090827	0.175596257096174	0.153029603170354	0.109396561133446	0.0709183743343738	0.0382474405216194	0.0173370966557145	0.00670160231709104	0.00216843399224676	0.000588070998471513	0.000121598308081971	7.47020322687879e-06	
9.0802079532716e-06	6.39741923980499e-05	0.000477949127722205	0.00165218511077028	0.00862991218613436	0.0237765245256417	0.0555543632050162	0.100994200223538	0.144183796616549	0.169674004025009	0.168718518506289	0.134987196906786	0.0913704180032458	0.0546005286331976	0.0277994693856661	0.0115714868262692	0.00440802822458821	0.0012481158568497	0.000243927404562887	3.50826216376403e-05	1.23821017544613e-06	
2.98377155264027e-05	0.000224804706020842	0.000837908449714048	0.00359564908884609	0.0143265995467937	0.0349726637477479	0.0732205276943048	0.123148017958217	0.159628916915451	0.171187966163213	0.157125001226207	0.116717785894363	0.0726711867399557	0.0417826113968629	0.0194505119007524	0.00747046474898715	0.00274833971506208	0.000708747927709346	0.000116898447130838	3.5560017134206e-05	
6.07356844157533e-05	0.000529908655976371	0.00183756017010883	0.00667684906530227	0.0214152392761774	0.0505390190086387	0.0943677639444444	0.141600152939791	0.171614586836335	0.167327625809486	0.140186519694463	0.0971183974910048	0.0561584964942466	0.0303715108062642	0.0132403792026342	0.0047092574634577	0.0017499214308512	0.000404768688757336	6.6034770975517e-05	2.52725666696423e-05	
1.54596478780413e-05	0.000198941258220058	0.00109682133366314	0.00360779361532816	0.0115487637977357	0.0321267756219254	0.069004951969315	0.11414915793739	0.157356432759482	0.174002812028582	0.157227466749552	0.124235357679295	0.0779878210521348	0.0424070346279839	0.0222110388395175	0.00853779395706774	0.00296906605826172	0.00105776538112914	0.000212773574742515	3.66149555006241e-05	9.35715529460393e-06	
0.000102061478568722	0.000489895097129868	0.00200407919317543	0.00645314316694319	0.0186980711197042	0.0464334820437117	0.088604060250565	0.13473707330137	0.167440020510275	0.171562079506708	0.143230221301945	0.10420517786458	0.0604220282963408	0.0319003357414399	0.015831368309666	0.00548682508785452	0.00168197316681255	0.000622575019269207	7.83832155407789e-05	1.67380824852705e-05	4.0824591427489e-07	
1.50599589880684e-05	0.00020147782970524	0.00100087673382866	0.00343122849376803	0.0108500899120254	0.0291308449939475	0.061449924008261	0.108973049185826	0.151588255836955	0.172211038054481	0.162557197317211	0.129517682426982	0.0836776094228128	0.0467575094246851	0.0235757552569433	0.0103091524662107	0.00340477180905926	0.00098215354157322	0.000319515346098209	3.13409957319262e-05	1.54669849066649e-05	
0.000137816476284014	0.000386291476172545	0.00202630754395231	0.00622971007061473	0.0174151384913717	0.0423976175584676	0.0823104851180499	0.130044843049327	0.164961863343614	0.171121043805778	0.148713706132306	0.1087834088419	0.0657023836980944	0.0343929123418303	0.0160981804577047	0.00653331166101687	0.00206400440364176	0.000519649184106193	0.0001163333196868	3.36434339163916e-05	1.13495921645658e-05	
0.000199410361394803	0.00086249034359378	0.0033194529671208	0.0105699650707623	0.0263776945730389	0.0599929314701164	0.10312758129012	0.14757866373982	0.170983441644503	0.164901425621962	0.13188928347642	0.089204522886392	0.0497395100827877	0.0244383072167907	0.0110016155481718	0.00418396983877753	0.00127468615159889	0.000268312315535283	6.36329811767967e-05	2.31024199176905e-05	
7.27325329791528e-06	0.00042871787494934	0.00166921163187156	0.00606468104157836	0.0171382091876544	0.0386185505941642	0.0797205131199388	0.123163655068387	0.15960992734424	0.172282359006975	0.152039278800366	0.113367795084978	0.0710055393905256	0.0365945658292054	0.0176230927408487	0.00734881431828807	0.00248947297602534	0.000664290467876263	0.000123241236436898	3.87906842555482e-05	2.0203481383098e-06	
3.76700621029454e-05	0.000789451086436995	0.00312337471909475	0.0098529490392919	0.0257444495391291	0.0558699678062738	0.0994837986328603	0.141342933663426	0.168828712202346	0.166654785070018	0.135500833602019	0.0932937568150408	0.0544218982146821	0.0263419048251704	0.0122520864353752	0.00462734182219407	0.00137718506612919	0.000367789423542736	7.61502330683197e-05	1.29617417988629e-05	
4.07088551530083e-07	0.000210871869692583	0.00136863171024414	0.00595489133178205	0.0162969759834038	0.0375364140709344	0.0738938996966376	0.120218541418003	0.156607779950726	0.170370222612304	0.154730287551069	0.116136664511811	0.0760547257281593	0.0405566040347361	0.0179868005608052	0.00800824598569979	0.00303199553179606	0.000721360913311307	0.000268678444009855	3.66379696377075e-05	9.36303668519191e-06	
1.43283953589099e-05	0.000550210381782141	0.00246202770538527	0.0101121626788695	0.0252249353379987	0.0527006568955198	0.0952744133340866	0.139115209305106	0.16457513032699	0.166591340245351	0.139760396478981	0.0956567767988072	0.0584807315833041	0.0297056292580921	0.0125009108765621	0.00488925787918461	0.00178408991354656	0.000426986181695516	0.00014410271903818	3.07037043405213e-05	
6.6003786403548e-05	0.000974478262616357	0.00458828805856217	0.0167186361075968	0.0371150359905119	0.0685377578554755	0.116203560596805	0.153491190339341	0.167869766740159	0.157642869500265	0.122011483838911	0.0765176566278051	0.0445533757452073	0.0208207099383664	0.008116005959199	0.00333216630986359	0.00105729046667547	0.000298451903737782	7.05133618721134e-05	1.47586106243958e-05	
