# <P(U)> as a function of N_tot.
# number_of_species: 1
# species_total_upper_bound: 103
# species_total_lower_bound: 0
# volume: 729
# Bin widths for each
10	10	10	10	10	10	10	10	10	10	10	10	10	10	10	10	10	10	10	10	10	10	10	10	10	10	10	10	10	10	10	10	10	10	10	10	10	10	10	10	10	10	10	10	10	10	10	10	10	10	10	10	10	10	10	10	10	10	10	10	10	10	10	10	10	10	10	10	10	10	10	10	10	10	10	10	10	10	10	10	10	10	10	10	10	10	10	10	10	10	10	10	10	10	10	10	10	10	10	10	10	10	10	10	
# Bin lower bound for each
0	0	0	0	-10	-10	-10	-10	-10	-20	-20	-20	-20	-20	-20	-30	-30	-30	-40	-40	-40	-50	-50	-50	-50	-60	-60	-60	-60	-70	-70	-70	-70	-80	-90	-90	-90	-100	-100	-100	-110	-110	-110	-110	-130	-130	-140	-140	-140	-150	-150	-150	-160	-160	-170	-170	-170	-170	-180	-180	-180	-200	-200	-210	-220	-220	-220	-220	-230	-230	-230	-230	-250	-260	-260	-260	-260	-270	-270	-270	-270	-280	-280	-290	-290	-290	-310	-310	-320	-320	-320	-330	-330	-330	-340	-340	-350	-350	-350	-360	-360	-370	-370	-370	
# Bin upper bound for each
0	0	0	0	0	0	0	0	0	0	0	0	0	0	0	0	0	0	0	0	0	0	0	0	0	0	0	0	0	0	0	0	0	0	0	-10	-10	-10	-10	-10	-10	-10	-10	-10	-10	-10	-20	-20	-20	-20	-20	-20	-20	-30	-30	-30	-30	-30	-30	-30	-40	-40	-40	-40	-50	-50	-50	-50	-60	-60	-60	-60	-70	-70	-70	-70	-80	-80	-80	-90	-90	-90	-100	-100	-100	-100	-110	-110	-120	-130	-130	-130	-130	-140	-140	-140	-150	-150	-160	-160	-170	-170	-180	-180	
# Normalized histogram for each
1	
1	
1	
1	
1.61309443490101e-05	0.999983869055651	
0.000104113455971804	0.999895886544028	
0.000442832591864072	0.999557167408136	
0.00143285690883774	0.998567143091162	
0.00390171579446434	0.996098284205536	
2.80634223139414e-06	0.00945507722160894	0.99054211643616	
3.56851276877592e-06	0.0205750250496852	0.979421406437546	
9.17663882661378e-06	0.0407667081739636	0.95922411518721	
3.92382680126582e-05	0.0739824803681263	0.925978281363861	
0.000161573450169117	0.124558348913024	0.875280077636807	
0.000437537061325776	0.193083295895077	0.806479167043597	
2.54759999521051e-07	0.00101394479809378	0.279358351274806	0.7196274491671	
1.04588688401727e-05	0.00239508096439954	0.379868157029967	0.617726303136793	
2.83317499883865e-05	0.00508184812854753	0.487020485131447	0.507869334990018	
1.53138692353811e-06	8.44815119485188e-05	0.00999638337454891	0.591960167605194	0.397957436121385	
4.8459943011107e-06	0.000238984034744249	0.018935085100761	0.684330655963991	0.296490428906203	
1.47824896822045e-05	0.000561224866900247	0.0333859980767471	0.757112735089374	0.208925259477296	
1.78251757689654e-06	2.41913099721673e-05	0.00126202244444275	0.0557258284250439	0.802892007445831	0.140094167857134	
1.52720175404212e-06	8.11962265899061e-05	0.00257129868655558	0.0885810106715768	0.819835245474774	0.0889297217387497	
6.36314304650999e-06	0.000137189364082755	0.00502891921251778	0.134447358481153	0.807100554967884	0.0532796148313156	
1.88304460830891e-05	0.000327497082553185	0.00938010680425446	0.193029630470308	0.766805791430926	0.0304381437658755	
1.52698409951457e-06	3.07941793402105e-05	0.000723535965819988	0.0164797213966611	0.262965494740303	0.703391482584492	0.0164074441492841	
3.55574790458506e-06	8.78777696418879e-05	0.00145226903702981	0.0280675500668354	0.341639052474458	0.620311651144557	0.00843804375957353	
2.28660511803202e-06	0.00019690210738609	0.00309199825404996	0.0456408922231544	0.42199449893622	0.524980652780029	0.00409276909404197	
1.09358270409941e-05	0.000396232989066716	0.00581073898215426	0.0707881170794729	0.495395762494182	0.425855855626737	0.00174235700134536	
2.54622804323903e-07	2.49530348237425e-05	0.000901619350110939	0.010421456758173	0.105701819381786	0.552582664566538	0.329643339653071	0.000723892632692855	
3.83204504236837e-06	7.76627795253322e-05	0.00173617187386236	0.0181186753693261	0.149411691671612	0.587977750635545	0.242355389477562	0.000318826147525048	
2.0411120795054e-06	0.000232431638053677	0.00317826664679984	0.0293560393444764	0.203626698970667	0.594604524329035	0.168873704148969	0.000126293809919396	
2.16842819568916e-05	0.000458176122289146	0.00573408947700063	0.045446173234453	0.262773445173206	0.574062537469164	0.111462566551612	4.13276903178405e-05	
2.29849596639497e-06	6.25701679740852e-05	0.000960515925512386	0.0102183469012699	0.0678367883984182	0.324432194879768	0.52708956268305	0.0693887839526162	8.93859542486932e-06	
5.1088882905813e-07	9.96233216663354e-06	0.000184430867289985	0.00205453942605727	0.0174156892937626	0.0979910318574947	0.38121809179957	0.460453117520268	0.0406713487924887	1.27722207264533e-06	
2.04620117636106e-06	4.0668248380176e-05	0.000393382176155413	0.00404380507478354	0.0276027423188166	0.135736289684793	0.427266756085658	0.382505082252172	0.0224092279580652	
8.18429183752442e-06	0.000107930348607353	0.000910246707804669	0.00764438433536773	0.0416636721536376	0.178927289984038	0.456056107412692	0.302871484367107	0.0118107003989075	
1.27772928085307e-06	2.37657646238672e-05	0.000250946030759544	0.00183711916001055	0.0129975733365498	0.0619292383302429	0.225729787856052	0.464148705200256	0.227244919237288	0.00583666735493684	
3.57890684335559e-06	6.44203231804007e-05	0.000571602550124508	0.00361341773077366	0.0204833620455395	0.0876545864074652	0.274068595884922	0.448709024392551	0.162187110873767	0.00264430088483359	
1.69065475216154e-05	0.000155232845425741	0.00115733002579785	0.00667116995614288	0.0317156585113068	0.119557980876645	0.315311465994913	0.413746252702166	0.110448169520415	0.00121983301966564	
4.87188606350837e-06	4.05135788439117e-05	0.000320005989855708	0.00226388852919555	0.0114273933845428	0.0472919108485877	0.155204956400466	0.349710135599974	0.362207292598041	0.071012611261698	0.000516419922731887	
2.12852113172699e-05	7.94989820283575e-05	0.000719594011521198	0.00412420202896789	0.0188192041844161	0.0676682512608923	0.194074453617601	0.369985697876685	0.301773006813063	0.0425547792864633	0.000180026727044861	
3.51347455962315e-05	0.000216707007509603	0.00143000979156633	0.00754063448734303	0.0293072505292011	0.0930411661247709	0.232984396582543	0.372369317980732	0.238845487647188	0.0241791164201336	5.07786834164514e-05	
6.79744959691124e-05	0.000472999888932239	0.00283594727333776	0.0124816565051208	0.043515733274234	0.122827349140867	0.268155795492701	0.357487365080245	0.179141012707127	0.0129969801368262	1.71860046412473e-05	
5.12263721560079e-07	7.68395582340118e-07	0.000152142325303343	0.000960494477925147	0.00542589733876435	0.0200592228088496	0.0612751934499912	0.156538572561772	0.293662350076417	0.327775271954406	0.127572108162436	0.00657362420691971	3.84197791170059e-06	
1.02850713218271e-06	1.79988748131974e-05	0.000330150789430649	0.00205084322157232	0.00916708406914448	0.0307137942348061	0.0843342421908025	0.19048903457121	0.308751670038456	0.285198342457906	0.0858191493628913	0.0031258903014863	7.71380349137031e-07	
1.28568383337435e-05	1.05426074336696e-05	5.96557298685697e-05	0.000793524061958647	0.00383056641315553	0.01504790072258	0.0444746323008521	0.110621779844129	0.221861716475344	0.311200800415327	0.23585587072809	0.0548138445520819	0.00141630931084518	
6.44453970906254e-06	3.24804801336752e-05	0.000227621142524089	0.00164928660234329	0.00687915946704172	0.0235403568676753	0.0630211538149226	0.139594659074827	0.24671811815316	0.299337527096067	0.185446527978454	0.0329821231046286	0.000564541678513879	
1.51934669122343e-05	8.70405392599185e-05	0.000500869375327046	0.00297173912147769	0.011188829557113	0.0355249008046872	0.0850772343151918	0.169330673704075	0.263196169804246	0.274846211212882	0.13850956724886	0.0185460727720712	0.000205498077897677	
6.43928437399467e-06	2.47268519961395e-05	0.000183905961721288	0.00113228376432322	0.00528098590080051	0.0182535682006502	0.05082475642119	0.109914720693465	0.195873242944669	0.270676348946366	0.240493620085828	0.0974343572911631	0.00981424210009275	8.68015533614481e-05	
7.97598354168661e-06	2.83018770834041e-05	0.000418610491042713	0.00221423594708887	0.00939648048148183	0.0280772630952785	0.0701938009626755	0.135734001463464	0.217278141585543	0.265346049623997	0.20073363611196	0.0656315383768308	0.0049191235268873	2.08404731250521e-05	
1.30879605903543e-05	8.72530706023618e-05	0.000853796958511935	0.00413759193329965	0.0153850259873006	0.0411908914979838	0.0930466744903587	0.16043555706338	0.231915068887582	0.249522995161817	0.159477313046823	0.0416558990389588	0.00227319911586977	5.6457869213293e-06	
2.31200568034107e-06	4.88090088072003e-05	0.000239934811715395	0.00168956237328924	0.00773391589026091	0.0240898147415537	0.0578003988980467	0.11652457251015	0.183389318122734	0.238724862076017	0.223869198021745	0.119923991528811	0.0249313848091979	0.00103115453343212	7.70668560113689e-07	
1.43981558019297e-05	0.000115185246415438	0.000556900097624639	0.00326529604793763	0.0128763221556507	0.0354775701158049	0.0777420709227444	0.1400891708642	0.202223383787728	0.2348444626364	0.192117935294174	0.0857726423212707	0.0144889156054669	0.00041574674878072	
7.73708557912988e-07	3.73959136324611e-05	0.000216638396215637	0.00126604510359829	0.00617006784650344	0.0206002482572859	0.0501141349074348	0.0998816483809246	0.162843471795357	0.212951159131476	0.221711861132725	0.157770780586827	0.0585772170167397	0.00769865805408687	0.000159899768635351	
6.21696911357936e-06	9.40316578428879e-05	0.000505387780858056	0.00269635131263532	0.0104258572034726	0.0313602054915524	0.0678387898462388	0.123246231869116	0.181656988054612	0.216532112458754	0.200444150635089	0.123543610225049	0.0376813088377842	0.00390788316864409	6.08744892371313e-05	
1.24760226439811e-05	0.000161148625818089	0.00103524996231202	0.00465199694337445	0.0174557750988985	0.0452975791317728	0.0885477909642406	0.145716045724623	0.194767348169404	0.211021266420265	0.174613893090883	0.0917484106066986	0.0230523109232777	0.00190415295603762	1.45553597513113e-05	
3.31884366260269e-05	0.000360630256251316	0.00201221229937329	0.00835773685176058	0.0272168699697959	0.0628962686266834	0.110514096723125	0.165330940978416	0.201377764374644	0.197619631247723	0.145008380733564	0.0648758151419759	0.0134734599650764	0.000910460733898251	1.25436610870023e-05	
2.61244485128919e-07	8.51657021520276e-05	0.000766752563853377	0.00382226806192121	0.0141568386491361	0.0399667488019328	0.0825287003191363	0.132855621667827	0.180357183909848	0.199824600452684	0.178165342679616	0.115899025871564	0.0437378129447687	0.00748935689967585	0.000342752764489142	1.56746691077351e-06	
1.20427738382781e-05	0.000239808279040495	0.00170169630323495	0.00686411928838726	0.0225356950434561	0.0563766749273114	0.103381715613561	0.154382339219806	0.188513131074074	0.192272570907067	0.153938065584946	0.0877075218641795	0.0278753562435761	0.00407307555165067	0.000125663727008119	5.23598862533831e-07	
5.70139957536396e-05	0.000667090024048346	0.00330523532986538	0.0120622697928553	0.0341025143172127	0.0752760777944149	0.125767094411761	0.170840730483282	0.190885222418954	0.177845832579058	0.126822510176473	0.0631289438511982	0.0172410848633621	0.00193689943177802	6.14805299831874e-05	
2.634256877452e-06	8.6930476955916e-06	0.000153050324579961	0.00131818214147698	0.00584699656519246	0.0194289615996472	0.0493464803825573	0.0970844835157424	0.14711560726075	0.181307471253013	0.185834441696915	0.156797818413824	0.100754530197409	0.0439193843636307	0.0101653338643995	0.000890378824578776	2.55522917112844e-05	
1.28751056941075e-05	4.86100929267322e-05	0.00043749083634059	0.00273004792166891	0.0103489574054718	0.0298037676237863	0.0681510875260195	0.118396056118644	0.162696141724959	0.187043754864294	0.175336079672205	0.133031109933959	0.0769671190821153	0.0289547989197524	0.00564008456579626	0.00039676346118576	5.25514518126835e-06	
1.84402984799399e-06	4.82082088832713e-05	0.000112749253563061	0.000978389550778523	0.00518909999225507	0.016856276840513	0.0436819059049524	0.0889870849418103	0.138963981882143	0.174889371380762	0.184119794501314	0.158714595285501	0.109580419985701	0.0561783693191368	0.0185130059425179	0.00301130074177418	0.000172021641534296	1.58059701256627e-06	
2.37535897612527e-06	1.13489373303763e-05	0.000111905800653013	0.000271846638378781	0.00213544771953662	0.00929187645705179	0.0264343143301976	0.0602512443581925	0.111304306974503	0.157672897761119	0.18130692778724	0.174800291694082	0.137837858524147	0.0862582580014627	0.0396014569924102	0.0111092900025627	0.00152841153674905	6.99411254081329e-05	
1.58684148723016e-06	1.37526262226614e-05	0.00014784073189361	0.000673349737747997	0.00401127080613663	0.0150144296785905	0.0390685663627689	0.0805515120483585	0.132083924872577	0.171222576734365	0.181707102914076	0.16032679413588	0.115788120693048	0.0658978243345316	0.0265021041518121	0.00627119755753358	0.000691862888432349	2.61828845392976e-05	
2.91800176300361e-06	4.29742077824168e-05	0.000323898195693401	0.001544153478404	0.00712098539327899	0.0237225585145567	0.054659213205921	0.101848341898553	0.151677996913815	0.180047605872399	0.174308426950346	0.141714081984708	0.0942037078252584	0.047755486307542	0.0172347795038495	0.00349868411384133	0.000281985079461167	1.2202552827106e-05	
8.51463972563702e-06	0.000109625986467577	0.000682235508016666	0.00315254535841711	0.0124079587401845	0.0352261288749261	0.0731891822566616	0.123957987703264	0.168061958904624	0.18102443355694	0.161846271904908	0.121607947138988	0.0728552487299217	0.0332172060646586	0.0107409519313997	0.00179738722958369	0.00011148856390756	2.92690740568773e-06	
2.66498452843232e-07	4.4771740077663e-05	0.000225457691105374	0.00121310095734239	0.00597409581738673	0.0196467989405088	0.0499593989607093	0.0943175334395596	0.144336361555253	0.178316779781935	0.17648673490626	0.144881084392865	0.0998241909706593	0.0549581104406898	0.0224964668967614	0.00632107680298862	0.000951132978197495	4.66372292475656e-05	
1.14865122968457e-05	8.54810217439678e-05	0.000518762950708704	0.00268116567263814	0.0103720534758587	0.0301985750847932	0.0675540487151	0.115870059230334	0.161859917441361	0.181417975216381	0.165381735537212	0.125883626671254	0.0793141002815264	0.0401632580664033	0.0146728173823521	0.00352822917248227	0.000470412747784773	1.62948197699439e-05	
2.49269546417876e-05	0.000213889352732758	0.0011964938228058	0.00481224240471672	0.0168935064211031	0.0432260196665631	0.0882856446740345	0.136534043653262	0.175304035137893	0.178079504119782	0.149118939366121	0.106037120792002	0.0608182849129473	0.0281007188344049	0.00920715934301125	0.00192875661937961	0.000214961479814125	3.75244478478523e-06	
7.66441377722749e-05	0.000475731507786507	0.00242840899678471	0.00891411661311438	0.0260684192805455	0.0594438486221804	0.109133453310543	0.154343275377815	0.179931122468189	0.169772950481971	0.131708513469468	0.087375123840791	0.0451156976875522	0.0185909096287627	0.00552590786998142	0.000991533108653957	0.00010326789089317	1.07570719680386e-06	
1.87925819772696e-06	4.02698185227205e-06	0.000171012495993153	0.00106661325993846	0.00441384057554698	0.0154238774251156	0.0393691169150957	0.0780190148713755	0.130326287546908	0.167194648731742	0.178801752757274	0.156222465511585	0.111877609819822	0.0693228817941224	0.0320708834714946	0.011977854821398	0.00321406844902673	0.000490217924149918	3.19473893613583e-05	
2.96475898800378e-06	5.39047088727959e-06	4.20456729207808e-05	0.000346607278052078	0.00211198649363614	0.00807223015370119	0.0245659929745993	0.0547844337216	0.0984246079308381	0.149102580930508	0.175580573928826	0.171508612220575	0.139252034431094	0.092405069091013	0.0521398687043006	0.0221127896737984	0.00755366685434489	0.00177265635128189	0.000200255993462437	1.56323655731108e-05	
1.54200377709767e-05	1.78547805769204e-05	0.000130935057564083	0.000892197974889145	0.00401272667117365	0.0134216549812538	0.0360690915081852	0.0738046292035496	0.120586859584866	0.16442115748214	0.1769757734975	0.159454011631037	0.118865496421063	0.0735922655254757	0.0375299371917514	0.0146860980784739	0.00453457321258091	0.000903019054026672	8.3322309358962e-05	2.97579676282007e-06	
3.11468851896019e-05	2.9792672790054e-05	0.000303885262458551	0.00173880872101952	0.00713019912609965	0.0210051885293876	0.0507905485724841	0.0941326581049748	0.140924217461594	0.17463571009346	0.172225753707224	0.143460115600987	0.0983296331736536	0.0565695145663148	0.026105423268565	0.00951307126434416	0.0025946709575338	0.000446348406890991	3.00635152699636e-05	3.25010975891498e-06	
3.86416638773916e-05	7.5378457000264e-05	0.000682215854511414	0.00346441565368361	0.0115848796801994	0.0318080761077504	0.0689647571697975	0.114014678389786	0.15776384500883	0.178112218657393	0.160369163952226	0.125337230154648	0.0791740480408404	0.0427719679219765	0.0181493364246664	0.0059295905344251	0.0014996775325937	0.000250082317629035	9.79647816609929e-06	
2.44187522994325e-06	2.00776407795334e-05	0.000166861474046122	0.00140977596608724	0.00632418552608303	0.0186138722389174	0.0461660930973071	0.0888823591336444	0.133111773854136	0.170327037636352	0.175529045834541	0.144918240590912	0.105064394963008	0.0623728189984405	0.0306154176746185	0.0120653055111496	0.00352118408157817	0.000765663544322206	0.000116124733157301	7.32562568982975e-06	
6.23241713188499e-06	7.99375240828727e-05	0.000475831499286524	0.00284089831350792	0.0103561094759296	0.028657195921723	0.0637695501441314	0.109742026706178	0.149908871222546	0.175939509785166	0.165489914052258	0.128421664749069	0.0856968194620503	0.0470257550573355	0.0212585038622018	0.00783198053751617	0.00202716141581007	0.000420552669073283	5.06722610288041e-05	8.12923973724129e-07	
2.93019780463069e-05	0.000262089914747523	0.00104917360282471	0.00527299947527754	0.0170998747069124	0.0422808551185401	0.0836020704560636	0.129758654800451	0.163126553615294	0.173148644050966	0.151809749853354	0.110132027116268	0.0676718330394996	0.034129478929436	0.0144184724010638	0.00491133709809488	0.001074948490921	0.000204842531712608	1.70928205270124e-05	
0.000119626139958803	0.000634045545424989	0.00226965622201747	0.00927737170299017	0.0266296428714162	0.0594212471146607	0.104603743137024	0.148242440870122	0.169932037230463	0.165552856391384	0.134181103714513	0.090411438311257	0.0519609505714511	0.0240926505804163	0.00924118682092588	0.00276490304071825	0.000569506837862564	8.83019136941956e-05	7.29098369952074e-06	
1.67554570767078e-05	0.000227009418458622	0.0011739629926003	0.00447235579294255	0.0157152674914135	0.0387264555425025	0.0783198708640708	0.124764106135551	0.162114992701917	0.171759379745409	0.153938870147099	0.114563275767528	0.0719338797233836	0.0379370573147434	0.0165603370765565	0.00578036244215651	0.00165554725890181	0.000298084986380786	4.05373961533254e-05	1.89174515382185e-06	
4.81578799277956e-05	0.000443972364952318	0.00212841596287623	0.00830939868664263	0.0243803325382774	0.0545782993017649	0.0986151633471999	0.143210712909775	0.170087409257568	0.166451218773132	0.138614070325655	0.0952332897567648	0.055448387739112	0.0267928258827502	0.0112654267545701	0.00333155131140941	0.000886862530355697	0.000159083333694067	1.5421343572384e-05	
5.40512784478635e-07	0.000125398965999043	0.000909953272669782	0.00408249306116713	0.0140579267551126	0.0364883965417992	0.0722327772357636	0.119092803342531	0.158172958685905	0.172663025412209	0.155803350638751	0.120735421694562	0.0760293390339415	0.0411165372588975	0.0188593018196363	0.00708314978420027	0.0019707096122091	0.000496731248935865	7.35097386890943e-05	5.67538423702567e-06	
7.54163047357399e-06	0.000300587843161021	0.00190884054165067	0.00692321677474092	0.021845410042489	0.0511282144516494	0.0916157269929769	0.139552215690632	0.168269936502165	0.168102673912019	0.141594112141352	0.101172858210614	0.0591535866513141	0.029855429637261	0.0126467756162926	0.00453440532223636	0.00109649920206856	0.000249412493518911	4.1478967604657e-05	1.07737578193914e-06	
6.50731629402421e-05	0.000730325250188833	0.00362608100102961	0.0116416426294828	0.0323814276890611	0.0673604039483814	0.113342660486688	0.157132327890223	0.171667037296872	0.158021840381985	0.124367721452444	0.0823810108981414	0.0445444623141684	0.0210151359639204	0.00825326690134236	0.00276130706707994	0.000594800976957916	9.97609233505365e-05	1.34448683760831e-05	2.68897367521662e-07	
3.22174722332373e-06	1.12761152816331e-05	0.000159208008619248	0.00159369095980414	0.00634200940911277	0.0189205160057744	0.0474066679965323	0.0872661246434935	0.134217720844731	0.168554028835175	0.167848197714331	0.144338302788932	0.104979559356263	0.0644792434907953	0.0325766970486379	0.0140838679867597	0.00526728823119902	0.0016046985961505	0.000293715955193014	5.10109977026258e-05	2.95326828804675e-06	
1.20679635526047e-05	3.40584749151287e-05	0.000507122646177231	0.00297756887387932	0.0101456710471587	0.0292632025532593	0.0640031151436584	0.108165425498963	0.152852021826387	0.172502957321513	0.159702870646717	0.127323451727207	0.0864101053372312	0.0491697106987324	0.023635508883228	0.00897561493649167	0.00328436332508332	0.000825716883965994	0.000182360338128248	2.65495198157302e-05	5.36353935671318e-07	
1.60428836976494e-06	3.0214097630573e-05	7.59363161688738e-05	0.00111872375651608	0.00551741508501659	0.0167661503710184	0.0422475973107849	0.0839671163665221	0.127743600493693	0.166177269586757	0.171918215517961	0.145809491825616	0.10889187524198	0.0684132732402561	0.0366956900258184	0.0164404798319561	0.00561260286162264	0.0020120449970802	0.000466313152811676	8.50272835975418e-05	9.35834882362881e-06	
1.98373870408248e-05	7.74730385783563e-05	0.000319542775035989	0.00232874839491412	0.00909839075899451	0.0255602051293049	0.0581018301329909	0.104570641203325	0.146709004297207	0.172711797615761	0.165443539847681	0.130136207788587	0.08969715816027	0.0528883503604239	0.0258585701533108	0.011298732283739	0.00372808839968582	0.00114359855562377	0.000269949307433927	3.83344100924047e-05	
2.25237484773008e-05	0.000222019806419107	0.000766075588091051	0.00427629453233324	0.0145522184953761	0.0382721389007392	0.0768756986719301	0.124139907872506	0.161265480719805	0.174919430674718	0.152398363596045	0.1123374636704	0.0723481570881298	0.0392891934004344	0.0179940617745979	0.00728938217089787	0.00224379437211968	0.000658819642961047	0.000118785959231479	1.01893147873503e-05	
5.89038055339054e-06	5.00682347038196e-05	0.000444455987210377	0.00168357785998726	0.00777289262934004	0.0219842389481066	0.0536953704018551	0.0983133966263649	0.143524477074773	0.171231756219639	0.168902646199915	0.1360889426044	0.0938873111296331	0.0553363768751156	0.0287372925079982	0.0121001803795172	0.00459128389679732	0.00130364831429357	0.000304961065923265	3.45390496085173e-05	6.69361426521653e-06	
2.29286436614165e-05	0.00020742424149514	0.000844360633438441	0.00348035481809454	0.0130949216520248	0.0330569720806438	0.0717954487708781	0.120524415406236	0.159214368687791	0.173068601701999	0.156535716561439	0.118940206096513	0.0751816895051065	0.0421916370704978	0.0201212178735709	0.00796717044807102	0.00282822153442216	0.000743847858318045	0.000151435693019588	2.82608863733738e-05	7.99836406793597e-07	
5.74259959203504e-05	0.000486384830562596	0.00193405412306631	0.00633689187539681	0.0200136273223807	0.0484368243263997	0.0927256220637621	0.139431653582888	0.1708108203397	0.169382382078388	0.140627983981619	0.0993175922001074	0.0585240343818786	0.0309304426956671	0.0138081474934621	0.00486491669624773	0.00180210788127723	0.000423082686222489	6.810990213809e-05	1.78955429147138e-05	
1.01580566889066e-05	0.000141143524519544	0.00103050811936144	0.00351869737358098	0.0110369959097783	0.0300322946007523	0.0661027519512157	0.112643225257848	0.156213268934818	0.174208266359216	0.159309337686684	0.124935275803268	0.08037909867563	0.0446467976859947	0.0223487939847196	0.00907515438241288	0.00300250770341575	0.00108824865211944	0.000242189456846036	2.88702663789976e-05	6.41561475088836e-06	
6.73190625860765e-05	0.000393186238052543	0.00188010609055138	0.00628990699509429	0.0174989332208309	0.0432644327644828	0.0861456028180671	0.132917331922941	0.167527644398719	0.17277558104263	0.144954570360892	0.105903077178489	0.0624382964468677	0.0336024039610429	0.0159905570934043	0.00578273429648763	0.00181251882452871	0.000626523227892728	0.000114254663990712	1.47511890128853e-05	2.68203436597915e-07	
9.90596296133676e-06	0.000143770327303725	0.000840668208070201	0.00328315739986142	0.0105107621594357	0.0273329613688863	0.0587940320053631	0.107058293111554	0.14986811682825	0.172374196947678	0.16493776377973	0.130372646262882	0.0857650241330676	0.0485617077237596	0.024544031202177	0.0106146409061654	0.00349974994136741	0.00111187741022788	0.000319935830778309	4.65847987911512e-05	1.01736916900215e-05	
9.09826068015386e-05	0.000302650965566294	0.00176586535965692	0.00588630706415719	0.0169538059897596	0.0398610856151682	0.0791166017033014	0.127978007898361	0.163889645590635	0.172406687970868	0.151838999319771	0.110081729140498	0.0674215903866707	0.0361289255649886	0.0167092233350049	0.00672682579346199	0.00207654420229394	0.000594865690940648	0.000132459971666946	2.97031451616788e-05	7.49268526600906e-06	
0.00013661788862287	0.000734086297413654	0.00295030222346285	0.00995914883566129	0.0258368852195012	0.0568322364536251	0.100718787241124	0.145690497407213	0.171265151433817	0.166045220789539	0.134268275662154	0.0906375143596406	0.0518487701705979	0.025501379599111	0.0115548135662369	0.00428561459261566	0.00133370194217494	0.000313496451692559	6.73695285743427e-05	2.01303372234092e-05	
4.83138597164138e-06	0.000309745522848564	0.00154067530429008	0.00548818605345284	0.0161650122301168	0.0378096213830701	0.075737074901782	0.121700465342992	0.158788599754297	0.172744594954047	0.153057233940272	0.115514680837301	0.0729657382263821	0.0385829115488645	0.0182714965137524	0.0077728947973757	0.00261002206601337	0.00074805959460914	0.000145746810144515	4.10667807589517e-05	1.34205165878927e-06	
2.69306589393629e-05	0.000590589350540229	0.00288265773286941	0.00927330309918023	0.0249663366763258	0.0542992103930799	0.0953084099061736	0.140768439422176	0.168893742392089	0.16677025993472	0.137356863547737	0.0951969169781646	0.0561749307882065	0.0278603052859497	0.012632364188687	0.00494069868901552	0.00148441792073768	0.000463476640346436	9.5873145824132e-05	1.42732492378624e-05	
2.70801186975763e-07	0.000149753056397597	0.00120750249272493	0.00551892819056604	0.0152864562035948	0.036580095137873	0.0718397636880522	0.116510856690387	0.156067869276685	0.171660330821562	0.156568039069029	0.117870549450192	0.0767862181693515	0.042133685880372	0.0193371003583783	0.00812430641045986	0.00318055994103033	0.000830005638080713	0.000314129376891885	2.7350919884552e-05	6.22842730044254e-06	
9.53748900804392e-06	0.000399484539594068	0.00216855250074324	0.00940069416569997	0.023745077633798	0.0514329532235214	0.0933921823655098	0.136204608024189	0.165864018841718	0.166784522780837	0.141210154755297	0.0975726000475785	0.0596338312720095	0.0312112965289808	0.0132205947632645	0.00517803903231002	0.001916217791559	0.000484776941294575	0.00015041982664115	2.04374764458084e-05	
4.4074607085828e-05	0.000747352033194476	0.00434559200546854	0.0155783204399139	0.0350568329739382	0.0684289756869685	0.113927110455072	0.151827713729678	0.170136743521649	0.157129533080183	0.122899988693905	0.0791831798159105	0.0451657958053567	0.021913292381362	0.00862329269070549	0.00348572653430962	0.00109474753873433	0.000332612718070069	6.92600968491584e-05	9.85519164652056e-06	
