# <P(U)> as a function of N_tot.
# number_of_species: 1
# species_total_upper_bound: 103
# species_total_lower_bound: 0
# volume: 729
# Bin widths for each
10	10	10	10	10	10	10	10	10	10	10	10	10	10	10	10	10	10	10	10	10	10	10	10	10	10	10	10	10	10	10	10	10	10	10	10	10	10	10	10	10	10	10	10	10	10	10	10	10	10	10	10	10	10	10	10	10	10	10	10	10	10	10	10	10	10	10	10	10	10	10	10	10	10	10	10	10	10	10	10	10	10	10	10	10	10	10	10	10	10	10	10	10	10	10	10	10	10	10	10	10	10	10	10	
# Bin lower bound for each
0	0	0	0	-10	-10	-10	-10	-10	-20	-20	-20	-20	-20	-20	-30	-30	-30	-40	-40	-40	-50	-50	-50	-50	-60	-60	-60	-60	-70	-70	-70	-70	-80	-90	-90	-90	-100	-100	-100	-110	-110	-110	-110	-130	-130	-140	-140	-140	-150	-150	-150	-160	-160	-170	-170	-170	-170	-180	-180	-180	-200	-200	-210	-220	-220	-220	-220	-230	-230	-230	-230	-250	-260	-260	-260	-260	-270	-270	-270	-270	-280	-280	-290	-290	-290	-310	-310	-320	-320	-320	-330	-330	-330	-340	-340	-350	-350	-350	-360	-360	-370	-370	-370	
# Bin upper bound for each
0	0	0	0	0	0	0	0	0	0	0	0	0	0	0	0	0	0	0	0	0	0	0	0	0	0	0	0	0	0	0	0	0	0	0	0	-10	-10	-10	-10	-10	-10	-10	-10	-10	-10	-20	-20	-20	-20	-20	-20	-20	-30	-30	-30	-30	-30	-30	-30	-40	-40	-40	-40	-50	-50	-50	-50	-60	-60	-60	-60	-70	-70	-70	-70	-80	-80	-80	-90	-90	-90	-100	-100	-100	-100	-110	-110	-120	-120	-130	-130	-130	-140	-140	-140	-150	-150	-160	-160	-170	-170	-180	-180	
# Normalized histogram for each
1	
1	
1	
1	
1.34904246892759e-05	0.999986509575311	
0.00010184668407566	0.999898153315924	
0.000433921804977636	0.999566078195022	
0.00141095588408415	0.998589044115916	
0.00387515775030481	0.996124842249695	
2.34947751891757e-06	0.00942866687228155	0.9905689836502	
2.98738746351386e-06	0.0206372993675914	0.979359713244945	
1.04523990282255e-05	0.0407408916408325	0.959248655960139	
3.92307197003455e-05	0.0739149401241141	0.926045829156186	
0.000158235777706456	0.124240889447145	0.875600874775148	
0.000441048256696487	0.192893639303182	0.806665312440121	
1.49257868554992e-06	0.00102966606750294	0.279515850119513	0.719452991234299	
1.11001698539452e-05	0.00241450040803797	0.379937894549667	0.617636504872441	
2.88204925230036e-05	0.00502949617295882	0.487117773555042	0.507823909779476	
1.28033596015594e-06	9.43180823981546e-05	0.00998171253470244	0.592071306177408	0.397851382869532	
5.75897167801717e-06	0.000252328277596086	0.0187913112901227	0.684536969078801	0.296413632381802	
1.68361003499778e-05	0.000573706103065065	0.033106592974274	0.757259236305963	0.209043628516347	
1.49029805322365e-06	2.85285627331385e-05	0.00126994684106844	0.0554033204266425	0.80318059410519	0.140116119766313	
1.27646239509872e-06	7.97788996936703e-05	0.00254250034730414	0.088076330749277	0.820481519909303	0.0888185936320269	
5.32326483923953e-06	0.000140747122349493	0.0049945000027681	0.134063231017344	0.807458575417674	0.0533376231750251	
1.66098736755223e-05	0.000346039034906714	0.00939075409252381	0.192724364257085	0.767043540441422	0.0304786923003866	
1.2771905894043e-06	2.87367882615967e-05	0.000761205591284962	0.0164993866292194	0.262741732266368	0.703594716773408	0.0163729447608684	
2.9764150993538e-06	8.31270217033811e-05	0.00149203436909035	0.0280376176348343	0.341447324362276	0.620542366611426	0.00839455358557034	
4.67798853297429e-06	0.000184780547052484	0.00312595951923887	0.0456792822094395	0.421877166227645	0.525034255634212	0.00409387787387973	
1.38302256816227e-05	0.00036873509394234	0.00583763187386153	0.070976292652682	0.495336341513805	0.42570987888765	0.00175728975237726	
2.12747398631183e-07	3.29758467878334e-05	0.000867371144219334	0.0104624915698843	0.105810556951415	0.552679021617263	0.329419135777517	0.00072823434551454	
3.4133282360965e-06	8.68265370057047e-05	0.00169471746922191	0.0180742130091752	0.149431456849024	0.58803538853382	0.242354838083442	0.000319146190075023	
4.68880907020277e-06	0.000244457454705572	0.00310441785984425	0.0292466597030748	0.203277349663461	0.594816990453798	0.169178625083466	0.000126810972580484	
2.72725258279342e-05	0.000501771861912384	0.00569697496552582	0.0453893664421797	0.262054456415947	0.574513441093901	0.111774529506316	4.21871883900858e-05	
1.92022161917781e-06	7.06214839942061e-05	0.00102497162872558	0.0101001523589176	0.0679732850234022	0.323519151757035	0.527727466786033	0.0695717628423888	1.06678978843212e-05	
4.27014928655413e-07	9.18082096609138e-06	0.000198988956753423	0.00215364979267358	0.0170936211015405	0.0980236254549577	0.38029351725151	0.46142891578561	0.0407948712090949	3.2026119649156e-06	
1.70996877597015e-06	4.06117584292911e-05	0.000414026189881773	0.00416420146168131	0.0272357414253616	0.135793750406118	0.426630583475546	0.38324461445334	0.0224743333686727	4.27492193992538e-07	
7.05578388262254e-06	0.000105622946606531	0.000949751272927556	0.0077203104373859	0.0413398377682855	0.178959267601081	0.455628740901781	0.303449380309745	0.0118400329783062	
1.06828795744624e-06	2.11521015574356e-05	0.000250620354816889	0.00190475742812665	0.0130882367394484	0.0615985519143079	0.2258595765392	0.46397690275973	0.227506876569582	0.00579225730527354	
2.99241529594453e-06	6.19857454159938e-05	0.000591643252798176	0.00376061105120343	0.0206512991891623	0.0874629555017158	0.273979987153989	0.448570533900325	0.162282528890167	0.00263546289992829	
1.41307531434503e-05	0.000157151103140795	0.00121460246337566	0.00697952154126266	0.0317813484335418	0.119489434478695	0.315294570536438	0.413488531823312	0.11035732820858	0.00122338065851022	
4.06913590399923e-06	3.61938930408353e-05	0.000348018202315724	0.00237273456212671	0.0118865884707245	0.0475838327662243	0.155330054038125	0.349202535028835	0.361739756914104	0.0709901449811706	0.000506072007428957	
1.77702643102012e-05	7.38643516508361e-05	0.000778037837388807	0.00435007506330924	0.0193207733961587	0.0681260549756312	0.194416326034251	0.368515031074412	0.301489019689453	0.0427411253587238	0.000171921954711946	
3.06076867245473e-05	0.000217678443348704	0.00151240499577378	0.00778034554151954	0.0299516548377589	0.0937858048398244	0.23288832325313	0.370841662155779	0.238605325437834	0.0243361075027574	5.00853055492592e-05	
6.52493648883541e-05	0.000494611579088113	0.00296873913624816	0.0129580960021393	0.044286562374649	0.123919668404867	0.2672	0.356291482818559	0.178743254445782	0.0130567188126755	1.56170611044257e-05	
4.26722561632606e-07	6.4008384244891e-07	0.000154260206030187	0.00101111910978846	0.0055986000086198	0.0207353027148516	0.0620608224735997	0.157603577300579	0.29231924992415	0.326591899184234	0.127364309693046	0.006556592159485	3.20041921224455e-06	
8.55996921835069e-07	2.1185923815418e-05	0.000340044777198981	0.00213742431382217	0.00935433436181364	0.0314767188097192	0.0853270571639024	0.191397059736173	0.307230991197356	0.283872975192781	0.0857381496856137	0.00310256084319121	6.41997691376302e-07	
1.06944322646744e-05	8.76943445703298e-06	6.45943708786332e-05	0.000812135186179371	0.00393362607559253	0.0152874770337067	0.0454468454633149	0.111560467389468	0.222362057865434	0.309619641822075	0.234794335373118	0.0546906849356088	0.00140867061790291	
5.35060136478859e-06	2.69670308785345e-05	0.00022322708893898	0.00172225156729815	0.00703133226549598	0.0239255350387341	0.0642859772295528	0.140343491485695	0.246886806101911	0.2972815520682	0.184757763294532	0.0329462208916585	0.000563525335739534	
1.26120063735522e-05	7.2251833123062e-05	0.000518374838234986	0.00310918021531046	0.0115010809985802	0.0360228828823437	0.0862866448258068	0.16968535395489	0.262783337273695	0.272994573417054	0.138307537148772	0.0185084399974177	0.000197730608398912	
5.34030449561785e-06	2.47790128596668e-05	0.000167471948982576	0.00115051520053591	0.00546035454067934	0.0186415077089432	0.0514354631678131	0.111379526682404	0.195845627604333	0.269726604179408	0.23884362328125	0.0974671790226004	0.00977190277826137	8.01045674342678e-05	
6.61506912747238e-06	3.41422922708252e-05	0.000396263979668265	0.00227793106244412	0.00950500077887104	0.0285517053008043	0.0707430429744765	0.137179462557642	0.217395924690639	0.264023413076925	0.199178237702907	0.0658481052094736	0.00483988331871616	2.02719860358025e-05	
1.44635090982917e-05	0.000102520755667303	0.000849093063535005	0.00425610025083553	0.0156737644919575	0.0419214176280824	0.0933566337628925	0.161792428650765	0.232125282915809	0.247876469721175	0.157952366985169	0.0418556937411504	0.00221887245460851	4.89206925383395e-06	
2.33997346895536e-06	4.82885434048061e-05	0.000243357240771357	0.00172136957370789	0.00790911032506911	0.0247590465501558	0.0588107659201159	0.116985059056676	0.184395440200063	0.238181857632611	0.221883304246754	0.119077208062783	0.0250015528914839	0.00098066160835311	6.38174582442371e-07	
1.2971208382888e-05	0.000117591446487492	0.000595825014571345	0.00330404321071005	0.0131755580756085	0.0365313883041804	0.0788215678448422	0.140501152204797	0.202557114250616	0.233790295537288	0.190172374600843	0.0854915333095315	0.0145398740261759	0.000388710965965888	
6.38904559797953e-07	3.70564644682813e-05	0.000222764723182886	0.00133552349816432	0.00628192260012007	0.0211779824118093	0.0513361943479521	0.101014005426855	0.163298255343319	0.212819108868698	0.22027640289066	0.155961501314972	0.0583816078970307	0.00769581839095294	0.000161216917255683	
5.11961118259605e-06	8.70333901041329e-05	0.000528386537470434	0.00275605735329754	0.0107072401541344	0.032360848968057	0.0694784566761436	0.124056498322474	0.181904478294555	0.215688792488506	0.199014218866791	0.121954471297753	0.0375096845978204	0.00388194517920346	6.67682625063569e-05	
1.34641507369378e-05	0.000171614492726367	0.00109935859350489	0.00486119956606966	0.0178459837934368	0.0465545451980854	0.090388477080596	0.146445720665462	0.19489294076714	0.20950389520018	0.172824129125907	0.0906885352970192	0.022807843915016	0.00188519481984966	1.70973342691274e-05	
4.67401730930117e-05	0.00036427318387627	0.00210952551863368	0.00861219849908299	0.0276549597541381	0.0641382377067985	0.112445278620745	0.165919681515033	0.200929357588482	0.19575341942959	0.143690655524496	0.0641588205353165	0.0132900750887313	0.000876271043262104	1.05058187227412e-05	
2.56919759034958e-06	0.000109404997389053	0.000794738454614803	0.00401330073592524	0.0146814655302535	0.0405288778879654	0.0839108497000141	0.134746706021064	0.180230923761417	0.199428610455906	0.176146541892158	0.114548316865134	0.0431496735299212	0.007357967798962	0.000348768572889955	1.28459879517479e-06	
3.01840197664656e-05	0.000316397029892455	0.00172048912668854	0.00718208413592142	0.0231969543681842	0.0568711887323268	0.105112102593128	0.156063798314233	0.188050938637386	0.1915250979054	0.151793294694934	0.0865960260704302	0.0274563262922507	0.00396309757401828	0.000121592363314556	4.2814212434703e-07	
9.78250656135884e-05	0.000765223704043136	0.00333656413484241	0.0124883564573768	0.0351769067628441	0.0759440011567385	0.127470136538906	0.172118268788098	0.1902109717676	0.176630664468177	0.124714515995471	0.0622008666099453	0.016886837422893	0.00190286914910642	5.59919783446197e-05	
2.14712993142067e-06	8.58851972568268e-06	0.000236613718442558	0.00148624333852939	0.00606564205626339	0.0201420111736642	0.0506754870764249	0.0976259184348282	0.148265119015412	0.181961317307156	0.185096771146009	0.155463801536486	0.0989165582366051	0.0431555939176103	0.00997964520825013	0.000896856172354414	2.16860123073488e-05	
1.04877802377687e-05	4.25932299452238e-05	0.000556708497927272	0.00295134697344066	0.0106155599276044	0.0310010222375187	0.0696594082665968	0.118905101427537	0.163526753685278	0.187004826947345	0.174159864592055	0.131739147929926	0.0755297827274393	0.0283356278028058	0.00556815516092964	0.000389332086785739	4.28072662766069e-06	
2.78313471742191e-06	4.34597190489729e-05	0.00010875634126541	0.00114986281286716	0.00556220177641066	0.0174834382075585	0.0452676861788674	0.090283605709451	0.13886536307491	0.175300878271682	0.184085307789009	0.157679567851968	0.107965074656518	0.0550805910179251	0.0179996026539973	0.00294905236403745	0.000171483916050381	1.28452371573319e-06	
1.92822462359984e-06	1.52115498083987e-05	0.000102195905050792	0.000331440388078773	0.00233872222124621	0.00976945717905879	0.0273752192284273	0.0619630697850201	0.112174681725101	0.157381051036678	0.181584340759283	0.174154034295832	0.136723980644053	0.0850008548462498	0.0387851670678088	0.0107931302070099	0.00143567035586028	6.98445808103942e-05	
1.28688452334762e-06	1.32978067412588e-05	0.00015871575787954	0.000807520038400634	0.00422655773618138	0.0156322152666114	0.0402979309256153	0.0820985140129928	0.132935385742563	0.171005934039018	0.18129886541826	0.159303649625956	0.114663126876304	0.0648478269775179	0.0258704540536112	0.00616803752040516	0.000645801549966616	2.48797674513874e-05	
2.36399404961207e-06	4.38413441928056e-05	0.000309468311949216	0.00173667599226501	0.00754006647551268	0.0245139735688273	0.05673370810519	0.102850289116472	0.151704375237205	0.179578014167631	0.173564443122518	0.14064346198762	0.0931598476900125	0.047080875674974	0.0168524837625845	0.00341167323069014	0.000263907699356693	1.05305189482719e-05	
7.74493019021118e-06	0.000114022583355887	0.00069553775847091	0.00355750460070367	0.0130639761352884	0.036441187366642	0.0754780020317534	0.124626253334085	0.167854796327698	0.179942480985121	0.160685787751909	0.120249722365766	0.0722522386075304	0.0327012466325689	0.010463615823925	0.00175508723588175	0.000108429022662957	2.36650644700897e-06	
2.15004058201599e-07	4.02057588836989e-05	0.000220809167773042	0.00133926027853776	0.00645678687185221	0.0207769171643115	0.0511563455760227	0.0967073203506716	0.144642690130776	0.177815881274759	0.174755513510318	0.143641201227673	0.0988506958068834	0.0544362324838881	0.0220549012862618	0.00614245093876147	0.000918497336637229	4.40758319313277e-05	
1.01131924443694e-05	9.31704750725944e-05	0.000532771584941672	0.00277101472975721	0.0110466185895539	0.0313319612385003	0.069306138169878	0.117665487870086	0.161961916299346	0.18082667817132	0.163589064411353	0.124510612934773	0.0785173199179325	0.0395645302368316	0.0144074260956945	0.00342084113788477	0.000430133440346689	1.42015042835825e-05	
2.09146741666257e-05	0.000219496271150773	0.00121606971443061	0.00494772193919134	0.0177306845437539	0.0447106142187011	0.090374247610768	0.138056686097908	0.174827270665207	0.177004552930512	0.147499122446146	0.104551809313369	0.0600938961062483	0.0276649391577035	0.00903212062721599	0.00185817177286578	0.000188663297894819	3.01861276631711e-06	
6.62281085899367e-05	0.00055139754252729	0.00242023827449674	0.00902708535487264	0.0270277558335746	0.0613503113152557	0.111714091313677	0.155634113645709	0.179142934927755	0.168204510673512	0.12983362722506	0.08584823969139	0.0444422967649187	0.0183346154692466	0.00533837386047744	0.000975947763064735	8.73693289215777e-05	8.62906952311879e-07	
1.50750111016689e-06	3.23035952178619e-06	0.000147735108796355	0.0011065058148625	0.00454123941572703	0.0156381704449669	0.0403340536317209	0.0798534105920474	0.132973657925601	0.16819491386354	0.178115347954946	0.153919093707561	0.110151167904182	0.0679357528869723	0.0316870272638037	0.0118054565510184	0.0030972687094886	0.000468832845261902	2.56275188728371e-05	
2.37226127826927e-06	4.31320232412594e-06	3.36429781281823e-05	0.000327803376633571	0.00219822356449079	0.00809803736354645	0.0247778377312901	0.0559499979080969	0.100894213105838	0.151689502916372	0.176268933340752	0.170067411039124	0.136740159321067	0.0908558816767833	0.0510450242251009	0.0218273916814717	0.00734689317879992	0.00167093458036639	0.000188918261796716	1.25082867399652e-05	
1.23235569331034e-05	1.42693817120145e-05	0.000108317579359383	0.000858108727499779	0.0041504442534173	0.0135198067666273	0.03640530059966	0.0746630263888432	0.123166600652759	0.166909822696446	0.176908119018751	0.157596889101825	0.117079628338819	0.0720962673027063	0.0368115455729459	0.0143623488958958	0.00437443030574529	0.000879080394561376	8.129223520784e-05	2.37823028533575e-06	
2.48548100865574e-05	2.83128706203393e-05	0.000272322267035325	0.00173292058499146	0.00734427218740267	0.021389833431708	0.0509888864418308	0.0950398228089783	0.143137122258217	0.176655886883382	0.171848750483858	0.141422572619812	0.0966242629198004	0.0555701682627417	0.0256445446609599	0.00930585702519046	0.00250061002349104	0.000435067240906435	3.13386735873985e-05	2.59354540033643e-06	
3.07810429527778e-05	8.69239311553795e-05	0.000660058280219777	0.00338483088526496	0.0118986072445136	0.0323719026304569	0.0691754083744813	0.115371034041449	0.159468346357833	0.179450662431889	0.160296182998936	0.123096425518872	0.0778567463267052	0.0418010898656884	0.0176728707809649	0.00570446427003732	0.00142828374659051	0.000236277019848787	9.10425214096244e-06	
1.94150085350535e-06	1.76892299986043e-05	0.000178833800839548	0.00144016218866686	0.00629973882499074	0.0189104340354591	0.0470011469955598	0.089178527259427	0.134657969030473	0.17198720594082	0.175916587945998	0.144119765578872	0.103181062859542	0.0610988161374962	0.0299752631219032	0.011782968679924	0.00340798116485305	0.000733240155673853	0.000104841046089289	5.82450256051604e-06	
4.94875563539548e-06	7.93952534548231e-05	0.000457652314629834	0.00284768612323736	0.0102798564344474	0.0290085297182458	0.0644568966611606	0.110172855731079	0.151838796221647	0.177406004303696	0.165058428666807	0.127143860111158	0.084256007305224	0.0459578026061868	0.0209145171316238	0.00771059160652315	0.00195604945571219	0.000406443451967916	4.30326576990911e-05	6.45489865486367e-07	
2.62579268807132e-05	0.000234599510655553	0.00103675765397046	0.00519885429347237	0.0170401031721297	0.0429134159927132	0.0845552595918916	0.130776959142666	0.164500100727129	0.174285698297281	0.150868147326771	0.108347093634906	0.0668014573579877	0.03321670796192	0.0141360195049046	0.00481380977552486	0.0010494561595931	0.000185312090527001	1.39898790757898e-05	
0.000103197959164011	0.000584931171029207	0.00238383003595871	0.00924392507656882	0.0265503512905633	0.0603204917532627	0.105546462097766	0.149553112157126	0.170629689539003	0.166081699811696	0.133024524502557	0.0888369568591851	0.051408855541056	0.0233250939112134	0.00904395226773233	0.0027133355528745	0.000563306702407703	8.05029722939172e-05	5.78079854238235e-06	
1.32805680655889e-05	0.000216130535131922	0.00108836397324608	0.00450853865555669	0.0155127745141615	0.0386980759241508	0.0792830635271689	0.126829210823663	0.162915298893107	0.172102881561966	0.153476884849978	0.113055762320672	0.0707702193971265	0.0377892138225009	0.0160662743187015	0.00572713787692983	0.00161615945249787	0.000294742929971779	3.4486636428384e-05	1.49941897514713e-06	
3.91893836602113e-05	0.000399389073914176	0.00198238319422173	0.00820064621794608	0.0241858459082	0.0546852514288064	0.0996453253703932	0.145186601428121	0.170917322821156	0.166097242780587	0.138133154818196	0.0937527839452873	0.0546841806806189	0.0267382954374135	0.0109653180379096	0.00333859284843003	0.000883795553910886	0.000152474541891095	1.22065293367871e-05	
4.27645484459256e-07	0.000118243976452984	0.000880308229759379	0.00399228442016939	0.0137996921380157	0.0359707584570636	0.0730514707690413	0.120267808708188	0.159897929575769	0.173026645948668	0.15536574273147	0.119920774397549	0.0750026032918866	0.0404734377629352	0.0186260990756229	0.00699456954381559	0.0020272534190791	0.000509753417475433	6.97062139668588e-05	4.49027758682219e-06	
5.9698844912635e-06	0.000277599628843753	0.00182443934256221	0.00666964023770374	0.0214858274942177	0.0505114058907409	0.0929911850391283	0.140670093948925	0.169655375625132	0.168549241312965	0.140964963600761	0.100265702501893	0.0582402742053231	0.0296287499403012	0.0123435890263289	0.00445758482353021	0.00115965006242793	0.000258410714407549	3.94438796744196e-05	8.52840641609071e-07	
5.14763611828247e-05	0.000691740192423743	0.00353293753258486	0.0113475596695047	0.0319610770641542	0.0672944939224923	0.114189671672282	0.158024345766293	0.172777428338843	0.158350859049002	0.123691314555239	0.081698941139759	0.0439269912045617	0.0209106763887503	0.00809731669895284	0.00267762163045205	0.000638136708877992	0.000125712931648964	1.14864607598039e-05	2.12712236292664e-07	
2.55048634586508e-06	8.92670221052777e-06	0.000137088641090248	0.00155027061722832	0.00628822408573035	0.0185282206000657	0.0468617859568096	0.0875084617698037	0.134792140676325	0.169248573587376	0.169156756078925	0.144596422730359	0.104421799431879	0.0637732107541257	0.0319675833185441	0.0140557302520624	0.00512754025783292	0.00158704012871454	0.000317960631117846	6.58875639348478e-05	3.82572951879762e-06	
9.55415026979859e-06	3.58811421243547e-05	0.000447983490428334	0.00288131940692081	0.0100611571774492	0.0289633003856692	0.063079260169066	0.108434934644304	0.153642838262036	0.173750927548755	0.160620764990196	0.127558734138784	0.0860087961876817	0.0484274399442038	0.0229866486057841	0.00884990323768921	0.00319342164906757	0.00081401360298684	0.000199363268963131	3.24841109173152e-05	1.27388670263981e-06	
1.27231211342917e-06	2.39618781362494e-05	7.54905187301307e-05	0.00102378714727267	0.00542110986330279	0.0166759828186972	0.0419078404961678	0.0827127984420114	0.128394952822667	0.167275750748968	0.17258086815793	0.146494228792253	0.108968443266755	0.068107927691958	0.0362958838158506	0.0160268915888294	0.00554643260647556	0.00192076718724024	0.000443188719511161	9.05462120723759e-05	1.18749130586722e-05	
1.57072641426933e-05	7.66259777771929e-05	0.000313083981222602	0.00230238775886208	0.00915224074736012	0.025739748463023	0.057518515468259	0.10344506999921	0.147488238655322	0.173350673586919	0.165943424981682	0.131018959941382	0.0899523178403106	0.0521213721526339	0.0256174865151015	0.0109252512525482	0.00366446227242509	0.00107531081279573	0.000238156086055431	4.01172016617436e-05	8.49041305010447e-07	
1.86818272525401e-05	0.000203164871371374	0.000783787570640659	0.00432760282435261	0.0146645975127695	0.0383658920784807	0.0763613320142831	0.123067598493565	0.162096907733003	0.175077380977654	0.153035796928538	0.113283416057031	0.0721621667522917	0.0388055518993899	0.0177023050827308	0.00707828959379763	0.0022312045957295	0.000623930571536538	0.000101900875922946	8.4917396602455e-06	
4.66232279464714e-06	4.21728289152174e-05	0.000421516365388781	0.00177358997583645	0.00774454200943569	0.0224308588125742	0.0535325784043751	0.0977945517791212	0.142574678755363	0.171746620557707	0.169132752860017	0.136980527173077	0.0942571203205644	0.0553358377070866	0.028275928130718	0.0118079682487341	0.00454534087725418	0.00127556913186278	0.000290547479611874	2.73381654777037e-05	5.2980940848263e-06	
1.81659335515498e-05	0.000194333242644487	0.000802469553050441	0.00364902909422121	0.0132522597576411	0.0338528508686696	0.0718390853156732	0.119239497978089	0.157733533637394	0.173776165281268	0.157217494385459	0.11966597495298	0.075337506146845	0.0420851872443039	0.01979896648512	0.00787514342638234	0.00276713638982911	0.000741212335260331	0.000130963706999545	2.23905692612126e-05	6.33695356449413e-07	
4.6109432065049e-05	0.000437193559992919	0.00186700897632196	0.00652659974876705	0.0203638711025632	0.0487313243580689	0.0926613454689974	0.138350716377711	0.169313200009391	0.169709571916226	0.141647117748049	0.099956999781932	0.0589050109742563	0.0306775781041959	0.013679484031225	0.00489796384555202	0.00172508499047036	0.000432751825711423	5.68965010343953e-05	1.41712474695334e-05	
8.04023672995955e-06	0.000114255995636267	0.000919549179694848	0.00343889388347454	0.0113536606034113	0.0306595385031068	0.0663886578496302	0.112187538944897	0.155440838774422	0.173320420995259	0.159545591210244	0.124961994012563	0.0810396618530334	0.0450807610041748	0.022161854620248	0.00894666762867394	0.0030637533644688	0.00109601121739975	0.00024289978331562	2.43322953669829e-05	5.07804425050077e-06	
5.32431099491433e-05	0.000323064766743208	0.00177971989033192	0.00614607915404971	0.0179726254050242	0.0438663831276615	0.0864173856784519	0.132515736945097	0.166886603842625	0.172040367186547	0.144984594498566	0.106079366173655	0.0633264216281573	0.0335183407665099	0.0157813850632925	0.00568640656735731	0.00188323637501392	0.000620462536259937	0.000105849848066225	1.2515312697209e-05	2.12123944020491e-07	
7.82522425083524e-06	0.000121608214708926	0.000750164065343583	0.00315589179110712	0.0102984180991938	0.0277277304163717	0.0598564092499226	0.107394858066294	0.150124177849159	0.171899239028665	0.16409135716671	0.129993259732517	0.086222550646649	0.0486974279756843	0.0244121617520381	0.0103290845185552	0.00341581613176324	0.00112894721759347	0.000317238820979807	4.77973156942909e-05	8.03671679815511e-06	
7.19062342705113e-05	0.00028783642600637	0.00160075966821618	0.00573177282705705	0.0169315917925378	0.0407281140686662	0.0796186008738722	0.127764900452163	0.163595565500235	0.171611207221078	0.151471328446529	0.11041350314484	0.0680340835550442	0.0361815251735267	0.0165910946243745	0.00656313578857875	0.00204509789822307	0.000585401342531692	0.000140428645751822	2.62246266163041e-05	5.92168988110093e-06	
0.000107894576188409	0.000660721795637074	0.00274336268178858	0.00967511226123291	0.0259207710413501	0.0574558755697851	0.100295745604515	0.146164294823095	0.170481273401888	0.165957968173432	0.134653278977643	0.090737218838181	0.0522620977588452	0.0257832001573692	0.0113253269481224	0.00410296152593879	0.00128540807466898	0.000304606102127198	6.5923798024745e-05	1.6957890167137e-05	
3.81069887582266e-06	0.000252141242283599	0.00141863850927154	0.00519821667760831	0.0156683235444242	0.0379765781744762	0.076993265436559	0.121166039983123	0.159220737484553	0.172595867127705	0.152948750545936	0.115362980711724	0.0729803878148246	0.038904271645246	0.0183912795966926	0.00757693959809406	0.00246319341223315	0.000712177278792635	0.000130833994736578	3.45079953755052e-05	1.05852746550629e-06	
2.41977131462992e-05	0.0005287412583108	0.0026753331271575	0.00875447790356108	0.0242959898233758	0.0546692140773805	0.0963565673124131	0.140355014413559	0.169398213487084	0.167007946401641	0.136747008027061	0.0953999086005677	0.0563114746617043	0.0281120116386755	0.0125516085217553	0.00489515491736799	0.00140283058056045	0.000419002506585917	8.40552140871444e-05	1.12498140066128e-05	
2.13202159993723e-07	0.000124296859276341	0.00109671191100771	0.00515842626104814	0.0144427407222948	0.0361111158489369	0.0728530968892952	0.117583336460298	0.155505391456222	0.172281629819648	0.156661799972028	0.117080179362713	0.0768634295187771	0.042186311397958	0.0196898590819003	0.00815519582191991	0.00313364534758775	0.000758360083097674	0.000283558872791652	2.57974613592405e-05	4.90364967985564e-06	
7.52038669398644e-06	0.000338632269420647	0.0020182569204747	0.00895269805690397	0.022630347639544	0.0514121567265776	0.0943548539583878	0.136377055858854	0.165549710185784	0.167889195052187	0.141504670375005	0.097067350004813	0.059614535059613	0.0311410618270328	0.013444947331509	0.00517595985918398	0.00190007941528349	0.000467768052365957	0.000136871037830553	1.63299825355134e-05	
3.47258619670713e-05	0.000672301315225845	0.00408622021718115	0.0149258656769149	0.0338827352935975	0.0687427555596968	0.115000407651423	0.15154905383889	0.169429421734593	0.159099017020849	0.122969453751407	0.0789223939534725	0.0451755424675723	0.0218755675305857	0.0087092893190582	0.00343354656306713	0.00112136494637766	0.000304983657276017	5.75888518335902e-05	7.76478901127059e-06	
