# <P(U)> as a function of N_tot.
# number_of_species: 1
# species_total_upper_bound: 103
# species_total_lower_bound: 0
# volume: 729
# Bin widths for each
10	10	10	10	10	10	10	10	10	10	10	10	10	10	10	10	10	10	10	10	10	10	10	10	10	10	10	10	10	10	10	10	10	10	10	10	10	10	10	10	10	10	10	10	10	10	10	10	10	10	10	10	10	10	10	10	10	10	10	10	10	10	10	10	10	10	10	10	10	10	10	10	10	10	10	10	10	10	10	10	10	10	10	10	10	10	10	10	10	10	10	10	10	10	10	10	10	10	10	10	10	10	10	10	
# Bin lower bound for each
0	0	0	0	-10	-10	-10	-10	-10	-20	-20	-20	-20	-20	-20	-20	-20	-30	-40	-40	-40	-40	-40	-50	-50	-60	-60	-60	-60	-60	-60	-60	-70	-70	-70	-80	-80	-100	-100	-100	-110	-110	-110	-110	-120	-120	-130	-140	-140	-150	-150	-150	-160	-160	-160	-160	-170	-170	-170	-170	-180	-190	-200	-200	-200	-200	-210	-220	-220	-220	-230	-230	-250	-250	-250	-260	-260	-270	-270	-270	-270	-280	-280	-290	-290	-290	-310	-310	-320	-320	-320	-330	-330	-330	-340	-340	-350	-350	-350	-360	-360	-360	-360	-360	
# Bin upper bound for each
0	0	0	0	0	0	0	0	0	0	0	0	0	0	0	0	0	0	0	0	0	0	0	0	0	0	0	0	0	0	0	0	0	0	-10	-10	-10	-10	-10	-10	-10	-10	-10	-10	-10	-20	-20	-20	-20	-20	-20	-20	-20	-30	-30	-30	-30	-30	-30	-30	-40	-40	-40	-50	-50	-50	-50	-50	-60	-60	-60	-70	-70	-70	-70	-80	-80	-80	-90	-90	-90	-90	-100	-100	-100	-100	-110	-110	-120	-130	-130	-140	-140	-150	-150	-150	-150	-160	-160	-160	-170	-170	-180	-180	
# Normalized histogram for each
1	
1	
1	
1	
2.10263022219755e-05	0.999978973697778	
0.000110621710904092	0.999889378289096	
0.000452847659850577	0.999547152340149	
0.0014474662588441	0.998552533741156	
0.0037588821601818	0.996241117839818	
5.88990092345232e-06	0.00918487978291508	0.990809230316161	
7.57292728980078e-06	0.0199378346813144	0.980054592391396	
1.94038954585605e-05	0.0400715750648132	0.959909021039728	
5.89528293147155e-05	0.0734931235735521	0.926447923597133	
0.000170704285518474	0.124032220223665	0.875797075490817	
0.000465367439036865	0.192524605779277	0.807010026781687	
0.000963332019189305	0.279377213415029	0.719659454565782	
0.00232956290198421	0.379286324229053	0.618384112868963	
1.18067239292777e-05	0.00508701133867166	0.485936083456671	0.508965098480728	
8.44133315662809e-07	4.89597323084429e-05	0.00988564525972716	0.59040794430746	0.399656606567188	
2.5428663698294e-06	0.000211905530819117	0.0181035133089388	0.683025773645902	0.29865626464797	
1.27142133038138e-05	0.000568749141790602	0.0323119016903123	0.755714191265844	0.211392443688749	
1.86339928072788e-05	0.00132047249029762	0.0551032577301425	0.800650156949039	0.142907478837713	
5.671338325804e-05	0.0026612966710937	0.0881884644978453	0.818578119299564	0.0905154061482386	
8.49486315624942e-07	0.000123175515765617	0.00521329751899027	0.133988627077206	0.806397821237498	0.0542762291642244	
2.38213534612427e-05	0.000268840989062596	0.00942730063228678	0.19256586604232	0.76666558903401	0.031048581948859	
5.09502648989189e-06	4.8402751653973e-05	0.000619894889603514	0.0167583912963361	0.262625687934723	0.703180740120531	0.0167617879806627	
8.45107083518553e-06	0.000124230741277227	0.0012845627669482	0.0281412207740843	0.341716513899476	0.620079575282984	0.00864544546439479	
5.06457758468607e-06	0.000253228879234303	0.00279227044169025	0.045820077504919	0.421560244416514	0.525257470462961	0.00431164371709607	
1.8595844673981e-05	0.000452217131844539	0.00557537233952631	0.0709194799925617	0.495357800956841	0.425747637482461	0.00192889625209203	
1.27320846836416e-05	0.000916710097222199	0.0102085854993439	0.105131369649766	0.554190298830516	0.328749216976792	0.000791086861676934	
7.06857626099568e-05	0.00192384503296256	0.0175581731051745	0.148898281484333	0.589604423736449	0.241603936600832	0.000340654277638346	
0.000271624031596665	0.00329938315880075	0.0288727857336268	0.203426876688631	0.596433746230156	0.167563167441785	0.000132416715403374	
1.95171458125964e-05	0.000526114365383032	0.005636212282055	0.0440960209631117	0.261753776779858	0.57735196457044	0.110569722457701	4.66714356388174e-05	
8.05291528248355e-05	0.00102399175381475	0.0098533776045883	0.0651938591011082	0.324815609431913	0.530063228100097	0.0689634711286034	5.93372705025104e-06	
0.00019222950501753	0.00217746695949061	0.0164585881508372	0.0941295150542921	0.3822083937949	0.464442645009943	0.0403911615255197	
3.15179290165128e-05	0.000336475188149259	0.00409051608479175	0.0262595458862714	0.133378764582366	0.427382265627995	0.386169592013186	0.0223513226882238	
9.22465887980184e-05	0.00073882684546561	0.00735410305139758	0.039848818090581	0.177942815656296	0.456638551386902	0.305511306613141	0.011873331767419	
4.26260730048227e-06	9.377736061061e-06	0.000226770708385657	0.00171527317771407	0.0122208951304827	0.0592954251140887	0.225893463803218	0.466319860936699	0.228624090039907	0.00569058074614383	
3.42135335053134e-06	6.15843603095641e-05	0.000578208716239796	0.00340937861380448	0.0194538151511212	0.084230298136731	0.273473905337995	0.453486701199526	0.16265455963761	0.00264812749331125	
1.19984230643972e-05	0.000202259131656982	0.00112099552630226	0.00615347697159802	0.0304048610754015	0.116542397284928	0.3154565399976	0.418211892151317	0.11063488798615	0.0012606914519806	
1.11838443346516e-05	3.78530115942054e-05	0.00035444183583665	0.00231677636870898	0.0110427558368914	0.0453590917341927	0.152245672927612	0.350988608824397	0.365634283128483	0.0715292874772774	0.000480045010671968	
1.89410408446327e-05	0.00011795102707794	0.000744727287754875	0.0041764995062415	0.018353007622047	0.0648575676776304	0.191852941758882	0.372597824018789	0.304165565359936	0.0429367567255762	0.000178217975219953	
3.54264917577243e-05	0.000275635387090586	0.00148532047150068	0.00769532525839737	0.0283800761410355	0.0898571361915312	0.231556190736232	0.374006978154815	0.242085635335247	0.0245782087328894	4.40670995035107e-05	
4.50084347537822e-05	0.000530580202001317	0.00280610279753388	0.0128706812459373	0.0421928109412043	0.120907370044636	0.266877513872552	0.358765695609687	0.182024496706162	0.0129650258495558	1.4714295977198e-05	
1.72376494396471e-06	0.000173238376868453	0.00120060228347142	0.00550398146607932	0.0207041407419601	0.0592414917117072	0.154984567994339	0.292090245989876	0.330188898781384	0.129315122331289	0.006594262793137	1.72376494396471e-06	
1.73049750938146e-05	0.000353021491913818	0.0023802993241542	0.00918721127730617	0.0314007425564813	0.0818793549051385	0.188864767676383	0.307524116645915	0.288173693496012	0.08689693243359	0.0033225552180124	
1.39429662963647e-05	5.14146882178449e-05	0.00080433486822154	0.00427874778219692	0.0157459661255634	0.044557363106214	0.109301527103384	0.218940299704061	0.310325986552009	0.238661754094875	0.0557317791573568	0.00158688385160501	
3.49749098740291e-06	4.63417555830886e-05	0.000205477595509921	0.00180208223125935	0.00778978680169314	0.024127441576599	0.0630090488835572	0.13874634184302	0.243811845477351	0.298662996632791	0.187499617461923	0.0336073908979546	0.000688131351771523	
9.63694137498127e-06	8.32281300566565e-05	0.000560694770908001	0.003554279196209	0.0128223885422024	0.0365616794910994	0.0848357470951192	0.166953876722494	0.260214062750506	0.273955465065649	0.140764174407613	0.019422817298485	0.000261949588283582	
2.19480568507348e-05	1.49246786584996e-05	0.000150124708859026	0.00137658212567809	0.00615862475231618	0.0200693031843119	0.0524576117178042	0.109503245239686	0.191476603810358	0.267943633878318	0.240295227702311	0.0997793781325364	0.0106658777071831	8.69143051289097e-05	
2.36809699725301e-05	2.01726781247478e-05	0.000363985279207407	0.00256982377850049	0.0106029350369599	0.0299774767663372	0.0713709352053579	0.135758615487705	0.212147285108354	0.26330344268679	0.201215447710664	0.0673267517778269	0.00529752069015117	2.1926824048639e-05	
3.32941105346947e-05	7.44736683012907e-05	0.000803439456850395	0.00442899286191793	0.0171087920108153	0.0443048233528396	0.0947033450943319	0.16058187591285	0.224796577365437	0.247196504468858	0.160614293862581	0.0429809443786837	0.00236826265198104	4.38080401772298e-06	
5.26673372974283e-06	6.58341716217853e-05	0.000194869148000485	0.00179507841288735	0.00875770040360736	0.0262581787985878	0.0611792567936476	0.119542566619793	0.181539044930505	0.232251546225244	0.221919092436444	0.120063973259037	0.025415501401829	0.00101033508715567	1.75557790991428e-06	
3.08437166502314e-05	0.000155981081345456	0.000433574531197538	0.00357170238809679	0.0143529032309234	0.0389397516463935	0.0824998920469917	0.141084447452441	0.199706896566918	0.228035528436585	0.189987600825907	0.0856864886014842	0.0150772899476802	0.000437099527386136	
3.79487215693473e-05	0.000221514630555958	0.00103255823804968	0.00692078778015864	0.0222026497032939	0.0543743403100146	0.106141691701056	0.163833456298958	0.207475368632116	0.216085315786315	0.155078774485751	0.0583280675804954	0.00810161079085136	0.000165915340814821	
9.645718937909e-05	0.000490250301981797	0.00250877185219927	0.0114801753927976	0.0341396505417974	0.0738339962921502	0.131130451711673	0.180592636511259	0.209064321016606	0.195122274973784	0.120352909423159	0.0370227470830549	0.0041228811496989	4.24765604605167e-05	
3.5384608579883e-06	0.000193730731974859	0.000860730603705653	0.00436734531397205	0.0193111501324711	0.0502390672617178	0.0944945972125775	0.151596509308364	0.191023809418498	0.203952460778373	0.170063736526205	0.0892771366774737	0.0225382264349565	0.00206646114106517	1.1499997788462e-05	
3.61493054484057e-05	0.000444371949902353	0.0018154004858114	0.00769892037013362	0.0302772475389817	0.0676697364186619	0.117100825703038	0.168935402954544	0.195527184718542	0.190788098943294	0.142621353659235	0.0634296873966769	0.0127042766391726	0.000931946728267434	1.93971882893884e-05	
8.44700865906377e-05	0.000871097767965952	0.0035943781637787	0.0137791828750978	0.0449037700935418	0.0877916967664675	0.139154788793987	0.180687674494521	0.194498533652091	0.171148713986926	0.113331579405841	0.042533328288592	0.00724155013167655	0.000374836009245955	4.39948367659571e-06	
0.00022456414740919	0.00182029055958744	0.00643222169677147	0.0225013275704009	0.0617049438457535	0.110309431782256	0.15906803236894	0.186464858352862	0.186570535598701	0.148269579131562	0.0853114792788937	0.0270683458781031	0.00408794812656259	0.00016468037476674	1.76128743066032e-06	
7.83924095008077e-05	0.000679107277810368	0.00343517300059719	0.0117077742369071	0.0358843456523922	0.0811863502079601	0.132135250688356	0.173160905264975	0.18753314061132	0.172230766114044	0.122131850747899	0.0609205911316165	0.0169442110288431	0.00188494108237897	8.72005453997749e-05	
2.82029768242038e-05	0.000164811145816441	0.00156614655676907	0.00588384603994952	0.0196777457360624	0.0524945533001008	0.103260792926693	0.15252258000832	0.182309330249808	0.18035451141868	0.151426189284279	0.0975690796663588	0.0414715960769659	0.0102729343082162	0.00096595195622898	3.17283489272293e-05	
1.31245996997092e-05	0.000107621717537615	0.000428736923523833	0.00284103834833038	0.0104226821081957	0.0310895517686711	0.0730908957276803	0.125727540310021	0.165207211180059	0.185563465314308	0.17058042229712	0.127560609401413	0.0740437416658792	0.0272519188164761	0.00561907861810215	0.000449736283043367	2.62491993994183e-06	
4.19596924704206e-05	0.000194063577675695	0.000937973958765861	0.00548185898920849	0.017043502585329	0.0463960557889078	0.0958315668011417	0.147402651328068	0.175519141924289	0.181112019266492	0.152436066103999	0.103647433684017	0.0536131228938201	0.017174626624299	0.00296602576150286	0.000201931020013899	
0.000116173946463901	0.000322317189813379	0.00221778684264545	0.00966427476448571	0.0266789537356912	0.0643472640162119	0.120250516449969	0.163301261753877	0.179806697034944	0.170982718033603	0.131323727873449	0.0815593513475741	0.0374106312263339	0.0103814086746125	0.00155306223167531	8.38548786506352e-05	
0.000120671352446043	0.000829834155589095	0.00408271409109113	0.0155604834549083	0.0395443519686045	0.0876030297253765	0.142425424229758	0.175120365301914	0.177730539121128	0.15605516604553	0.10865755743694	0.0602744661167084	0.0249824676766917	0.00618659288808519	0.00079922910243249	2.71073327958503e-05	
1.04890428835777e-05	0.000249988855391936	0.00187841276306738	0.00708797072857766	0.0242226963658089	0.0563305307193473	0.110144565233543	0.160165936658418	0.182059191417166	0.170277373998187	0.135175791988294	0.0882993852546783	0.0439386006393072	0.016195956299151	0.00362221614246218	0.000331278937739664	9.61495597661293e-06	
3.49233650408385e-06	4.54003745530901e-05	0.000522104307360536	0.0033945510819695	0.0123253286070379	0.0359570966460473	0.0760307849462835	0.134119691102836	0.175275130635212	0.180963273716239	0.154894727881505	0.115957795113348	0.0673261362098545	0.0307657384327267	0.0104796287646296	0.0018116495614935	0.000123977945894977	3.49233650408385e-06	
7.92776153990234e-05	0.000169009421839676	0.00112208317180156	0.00598241082357246	0.0189909092097067	0.0497680476362638	0.0977684658039055	0.153997203503896	0.184577454665836	0.17547098308599	0.138347279514577	0.0949998475430473	0.0503987838291088	0.0207576674957421	0.00649205263685189	0.00101754126138527	6.09827810761718e-05	
9.98634323762504e-05	0.000285574376795242	0.00253162561024003	0.0102920654998997	0.0297680627983311	0.0675471000622832	0.121254354790247	0.171200086898706	0.184596678752478	0.163974003971761	0.118658781543486	0.0757744452980529	0.0360393111525554	0.0137548738172972	0.00361698344106612	0.000594800619153281	1.13879352709759e-05	
7.87762718866742e-06	0.00021707239364328	0.000875291909851936	0.00451738154674584	0.0173841726215693	0.042291479208316	0.0886977056848459	0.142212177761283	0.185278290309818	0.179154748108494	0.146108102052034	0.0990655383570421	0.0570383973055014	0.0255357661780204	0.00923345435702807	0.00211295467038257	0.000267839324414692	1.75058381970387e-06	
0.000116213755834899	0.000590753258827403	0.00207511986744589	0.00778544123369706	0.0259561662842765	0.0588869187331292	0.111897999538667	0.16245274414133	0.188439724679048	0.168165706729305	0.126052306755013	0.0820970948321856	0.0414337255841062	0.0170887045511772	0.00580188371933321	0.00103095687941414	0.000128539457211328	
6.18357078245138e-06	5.30020352781547e-06	0.000181090287200362	0.00108654172320217	0.00375166073043872	0.0139015504862053	0.0382807199796472	0.0783113904907282	0.134634003279059	0.173909394787427	0.18578891762777	0.153462092944369	0.10660829375848	0.0654530967322478	0.0295592350746269	0.011267349332881	0.00331527730664858	0.000426666383989145	5.12353007688829e-05	
1.76315689716123e-05	6.1710491400643e-05	0.000259184063882701	0.00188922261530826	0.00702353549984176	0.0225234477827861	0.0550660346336909	0.0996121936404694	0.153781662991954	0.182565199338111	0.174880480001834	0.13748656694839	0.0864061484807318	0.0488077092272171	0.0202269359242336	0.00721219328783801	0.0019509331067089	0.000196591994033477	3.26184025974827e-05	
2.015438257049e-05	0.000101648190355515	0.000623909582182124	0.00399144402646008	0.0120873718772756	0.0346620329112305	0.0751241466152467	0.121488865579907	0.16940109061498	0.185100478359889	0.160216826105358	0.115563477104183	0.0676626436766501	0.0350379559600453	0.0136366305026941	0.00434546013769825	0.000849989177972837	8.32463627911542e-05	2.62883250919434e-06	
1.14557429401781e-05	4.58229717607124e-05	0.000177123410075062	0.00124426992550242	0.00709815456793344	0.0189178376492111	0.0496580020126859	0.0947953916189785	0.143844476833844	0.180807753246822	0.178759818893516	0.142261821886109	0.094604168832977	0.0520090729484086	0.0244668232872342	0.00853981575640508	0.00233697155979633	0.000399188580915437	2.20302748849579e-05	
5.50741502369521e-05	8.88292745757292e-05	0.000466353691522578	0.00322539095984473	0.0118489369356565	0.0292701342654485	0.0669017681467104	0.115474503777465	0.160415898663564	0.184929225275482	0.164174265270863	0.123960364377684	0.0757740360913343	0.0393131720489805	0.0169957051045743	0.0054576706299328	0.00139373131809319	0.000247833676066284	7.10634196605833e-06	
7.9855195911414e-06	2.12947189097104e-05	0.000222707268597388	0.00143828080636002	0.00619498864281658	0.0182824034639409	0.0431111584327087	0.0860297771152754	0.134595045428734	0.173736513344691	0.181200312322544	0.1474960959682	0.104551746166951	0.0595018810335037	0.0282980195911414	0.0112143313458262	0.00324478279386712	0.000720471323111868	0.000118008233957978	1.41964792731403e-05	
7.99696470761764e-06	0.000109291851004108	0.000572227252411751	0.00279182923459274	0.010559547620592	0.0281484272191799	0.0598164074613458	0.107823963704443	0.151738851120508	0.178263894504042	0.171717934615039	0.130920086331677	0.0843191073254862	0.0443014073769334	0.019364205763679	0.00737586711532601	0.00164648617813505	0.000434501749113892	8.79666117837941e-05	
4.41131449231505e-05	0.000325555009532851	0.00124046163523899	0.00550267369771379	0.0177617166718573	0.0416286926010787	0.0789378260512824	0.129067121679052	0.164545559614945	0.175619723516453	0.156951040584976	0.111041608400554	0.0657762281320112	0.0325387379582143	0.0132683517299852	0.00465923036678315	0.000832856176149081	0.000218801198818826	3.97018304308354e-05	
0.000142652852969542	0.000826161307995386	0.00252311763871896	0.0100338341061092	0.0272414438919199	0.0582084902077131	0.100554508267739	0.146379330564293	0.171891436803036	0.168869471764362	0.137376447751423	0.0904392832700585	0.0510784730718673	0.022787699298288	0.00856179669080388	0.00248461012012595	0.00047521778627277	0.000105020505253651	2.10041010507302e-05	
3.23118989004348e-05	0.000272467904241504	0.00147936099290099	0.00461710836450267	0.0169261952564386	0.0392528441020742	0.0769844090721333	0.12099583525822	0.160833786718762	0.174921774639351	0.158316951782787	0.115571802715771	0.0706835887865485	0.0365884223846356	0.0152774151179515	0.00536901498486144	0.00161035517763248	0.000196491277097239	6.3750503235993e-05	6.11306195413632e-06	
0.00013055500674099	0.00062492329893354	0.00243354532565206	0.00914929487240859	0.0257898360316152	0.0547330106593811	0.0992191940230177	0.140207373572707	0.166965057387629	0.16860134680545	0.14137888716653	0.0959405226203957	0.054609418586333	0.0256470958909117	0.0100718835867116	0.00339704127540056	0.000947829348939589	0.000119240239490104	3.39443017526574e-05	
1.72813349485621e-06	0.000187502484191899	0.00129782825463701	0.00431428526990853	0.0152499140253586	0.0381580516331726	0.0725625973155174	0.118536132679177	0.15464807425444	0.169959337018866	0.158002381367956	0.122562683722192	0.0765649544896044	0.0408885025550454	0.0179440741438395	0.00631200758996231	0.00221719527390052	0.000509799380982582	6.5669072804536e-05	1.72813349485621e-05	
1.37183267413915e-05	0.0004870005993194	0.00262877436181915	0.00705636431760327	0.0228478731877876	0.0527666864153412	0.0909482193183192	0.137400188455514	0.167255554421888	0.167155239157592	0.14152769001383	0.10306921838976	0.0598024732428324	0.029545846219272	0.0119898175719762	0.00393801717020071	0.00125779908310134	0.000266649976035798	3.94401893815007e-05	3.42958168534788e-06	
6.76884480666808e-05	0.00109586740604158	0.00437233101878826	0.011046926087642	0.0326618182316693	0.0695014702959099	0.110557512903646	0.154566142752367	0.171896099089033	0.159728457937199	0.124079779832612	0.0838994029707517	0.044700937013757	0.0209842757164694	0.00759652886783788	0.00242735915661907	0.000694877612431369	0.000100247448402553	2.14203949578104e-05	8.56815798312416e-07	
1.03376090833125e-05	3.61816317915938e-05	0.000245518215728672	0.00219501899535669	0.0074146501150059	0.0170613623245837	0.048544550787812	0.0891170820375427	0.133648056098759	0.166279580637658	0.168114506249946	0.143760822184509	0.105378141125593	0.0653087068512504	0.032780558403184	0.0133889266977369	0.00491984045623315	0.00140419190048328	0.000356647513374282	3.4458696944375e-05	8.61467423609376e-07	
3.86857504906643e-05	8.33892843909874e-05	0.000756521342928546	0.0034705416606847	0.0104485913658563	0.0273491062302112	0.0654029894628612	0.107648688682011	0.154191085255657	0.169907816154997	0.160430666968129	0.12538395607362	0.0874934126763748	0.0506319102421814	0.0242439299908272	0.00876275232780757	0.00292120400371727	0.000665394908439425	0.000147865535208761	1.97727169174506e-05	1.71936668847397e-06	
2.56856352228828e-06	9.6749226006192e-05	7.62007178278857e-05	0.00162846927313077	0.00630325488369544	0.0166948067070331	0.042473766404559	0.0847035192745007	0.128403346667032	0.165640668237486	0.170787213348311	0.145726595249185	0.106549152031563	0.0691345995780706	0.0370934820132058	0.0168078235020138	0.00556094002575413	0.00176203457628976	0.000497445135483164	4.88027069234774e-05	8.56187840762761e-06	
3.26252509139363e-05	0.000158833458396795	0.000274738955064727	0.00290278877210575	0.0104452316478671	0.0242843479500181	0.058171680938783	0.10452529401361	0.147666178432649	0.173551739355153	0.165713952102697	0.127928760188952	0.0879928773925899	0.0532572878800627	0.026244438682558	0.0116102965291884	0.00387381926641265	0.00102082692991238	0.000339989456892599	4.29279617288636e-06	
5.64586081413313e-05	0.000394354823532632	0.000847734555576656	0.00530454286491508	0.0163781289617262	0.0366570344859444	0.075941105117374	0.126242303237473	0.160883936499464	0.175397220525613	0.152179901077675	0.109922343750802	0.0723260433294154	0.0393413846730277	0.0178768483778415	0.00731310062121578	0.00212318583949673	0.000647563126711936	0.000165954090597247	8.55433456686838e-07	
5.09401427852202e-06	0.000129897364102312	0.000672409884764907	0.00192468839490157	0.00995455290261179	0.0244809836201971	0.0531229279035669	0.099179609000444	0.144467093941264	0.170398173626081	0.167733155156034	0.134236615265233	0.0916515048991682	0.0557370062308285	0.0283889415742032	0.0115625634098652	0.00478073240039292	0.00127774858152927	0.000269982756761667	2.63190737723638e-05	
1.93540298035229e-05	0.000365202127596911	0.00113599740151113	0.00448508603707727	0.01599400193372	0.0351957239374848	0.0709720687690753	0.120971942547142	0.161523683862862	0.1711409537161	0.155698962371559	0.116522198651445	0.0721787504533471	0.0426975141852416	0.0199119307495984	0.00737977571203896	0.00297631319195916	0.000692537675143451	0.000132112290397961	5.89035689672437e-06	
0.000104648660957594	0.000530778008376916	0.00225287637309508	0.00784613800395656	0.0233374885828311	0.0492836589860131	0.09189491934937	0.139438898995624	0.172311973564911	0.168957356089254	0.140266042011833	0.0973517191263427	0.0554118845716898	0.0308169376787922	0.0133757732489558	0.004528356856957	0.00181418918636085	0.000410222750953768	6.61379537251993e-05	
2.58401163638789e-05	0.000269237341468802	0.00128367029678624	0.00431363232848623	0.0133209967616499	0.033561309843834	0.0675010523595777	0.113102189324698	0.154254658514527	0.173107940834469	0.158502440223892	0.125250378224284	0.0788740377682475	0.0412816697716484	0.0219574304921709	0.00867227647257405	0.00314499222712629	0.00123365716834002	0.000283407727861897	5.91822019946903e-05	
0.000138657445111281	0.000565488496026128	0.00223438955224504	0.0073062450143878	0.0214117165541119	0.0479721348652475	0.0867686550645467	0.133514590354955	0.164207167587569	0.169887111122248	0.144760878553619	0.105280259272717	0.0611763330117483	0.0307067770914513	0.0157676903094316	0.00553042737398669	0.0018576756501656	0.000786839236715823	0.00011861058557712	8.35285813923379e-06	
3.32687918770918e-06	0.000256169697453607	0.00108705777458397	0.00389827068819823	0.0121331283975754	0.0328005336314217	0.0628106473441523	0.106689688670646	0.148290649473355	0.167652254626026	0.161735399990685	0.131762713668816	0.0850732911485052	0.0462527696269238	0.0237555808398374	0.010661816076811	0.00354978009328569	0.00111616796747643	0.00042417709643292	4.49128690340739e-05	1.66343959385459e-06	
0.000101062900057904	0.000444842437140119	0.00242219606368288	0.0070777165417601	0.0191572182519598	0.0458659889377544	0.0828972579647092	0.127287065854077	0.161047044779977	0.166331309037923	0.148827546101664	0.111684445177104	0.0664182065642839	0.0334741862986873	0.0169205802998586	0.00688635973919145	0.00231864801034486	0.000598093556080383	0.00018638649600843	5.38449877357686e-05	
0.000186441015034603	0.000889116485031687	0.00414727680110307	0.0120018296078275	0.0290292803542545	0.0628024487577228	0.102153103704293	0.144459470209212	0.167883919338159	0.161684134118209	0.13221899610214	0.0916477739771432	0.0497350051706308	0.0231128854771564	0.0120034868612945	0.00420859517938111	0.0013838066449235	0.000327307559727415	9.94352080184552e-05	2.56874287381009e-05	
9.07802729515225e-06	0.000432444209332707	0.00168768780168967	0.00708416239105336	0.0193766366238982	0.0414824583628025	0.0820447348679601	0.122029318727063	0.156054590304502	0.170425107512728	0.148142676879172	0.113509177472958	0.0718781695725982	0.0368576160935268	0.0172490771359979	0.00808769704477201	0.00270525213395537	0.000736970761324633	0.000143597886305136	6.27209158574156e-05	8.25275208650205e-07	
4.83733041672372e-05	0.000900235389417397	0.00305571702764903	0.0114095406913775	0.0290616972798625	0.0588694912850163	0.100724697687346	0.139918552473967	0.166423023725056	0.163380424881588	0.132222277792308	0.0942680914107869	0.0547044678075661	0.0259280910336391	0.0120195362557915	0.00504804125013016	0.00152580879754624	0.000365669384043861	0.000109044906004111	1.72176167374912e-05	
0.000108455503254076	0.00125052481782351	0.00579990452629183	0.0192796089686128	0.0421464658706142	0.0778398292976109	0.118965827478516	0.154586065604077	0.16742818314848	0.150988958079483	0.113901284129591	0.0761234387953551	0.0410364402274608	0.0180274408855885	0.00806514560562128	0.00324544877161818	0.000809308111403521	0.000312220388155673	6.65522406331829e-05	1.88975498094223e-05	
0.00031670938944368	0.00239016617345777	0.0104365640990113	0.0297385168103406	0.0580460680199395	0.0977056714074103	0.138235400851816	0.159567922617339	0.164805999003685	0.136079467664301	0.0949666300471435	0.0579561687401235	0.029604905036669	0.0125908477584563	0.00493621274953236	0.00179386177614584	0.000589706285031852	0.000186396671912166	5.27848982406134e-05	
0.000659919008451221	0.00453100718705838	0.0169990551531814	0.0455876308580093	0.0745552915515629	0.117432833181317	0.152691830923182	0.162272119158775	0.153109397541433	0.117918356719793	0.0757351219376401	0.044846654800133	0.0204992459238129	0.00809096729716497	0.00344124018923137	0.0010250851099019	0.000469148376975868	0.000108894823975201	2.62002584000485e-05	
