# <P(U)> as a function of N_tot.
# number_of_species: 1
# species_total_upper_bound: 103
# species_total_lower_bound: 0
# volume: 729
# Bin widths for each
10	10	10	10	10	10	10	10	10	10	10	10	10	10	10	10	10	10	10	10	10	10	10	10	10	10	10	10	10	10	10	10	10	10	10	10	10	10	10	10	10	10	10	10	10	10	10	10	10	10	10	10	10	10	10	10	10	10	10	10	10	10	10	10	10	10	10	10	10	10	10	10	10	10	10	10	10	10	10	10	10	10	10	10	10	10	10	10	10	10	10	10	10	10	10	10	10	10	10	10	10	10	10	10	
# Bin lower bound for each
0	0	0	0	-10	-10	-10	-10	-10	-10	-20	-20	-20	-20	-20	-20	-20	-30	-40	-40	-40	-40	-40	-40	-50	-50	-50	-50	-50	-60	-60	-60	-70	-70	-70	-70	-80	-100	-100	-100	-110	-110	-110	-110	-110	-120	-130	-130	-130	-130	-150	-150	-150	-150	-160	-160	-170	-170	-170	-170	-180	-190	-200	-200	-200	-200	-210	-220	-220	-220	-230	-230	-240	-240	-240	-240	-250	-250	-260	-270	-270	-280	-280	-280	-280	-290	-290	-290	-300	-300	-310	-320	-320	-330	-340	-340	-340	-350	-350	-350	-360	-360	-360	-360	
# Bin upper bound for each
0	0	0	0	0	0	0	0	0	0	0	0	0	0	0	0	0	0	0	0	0	0	0	0	0	0	0	0	0	0	0	0	0	0	-10	-10	-10	-10	-10	-10	-10	-10	-10	-10	-10	-20	-20	-20	-20	-20	-20	-30	-30	-30	-30	-30	-30	-40	-40	-40	-40	-40	-50	-50	-50	-50	-60	-60	-60	-60	-70	-70	-70	-70	-80	-80	-80	-80	-90	-90	-90	-90	-100	-100	-100	-100	-110	-110	-120	-130	-140	-140	-150	-150	-150	-160	-160	-160	-160	-160	-170	-170	-180	-180	
# Normalized histogram for each
1	
1	
1	
1	
2.43528237099092e-05	0.99997564717629	
0.000126546624266744	0.999873453375733	
0.00052358912161789	0.999476410878382	
0.00157351588842342	0.998426484111577	
0.00399044908906552	0.996009550910934	
0.00942914608718116	0.990570853912819	
6.16187238762285e-06	0.0201657543672271	0.979828083760385	
1.84938980410852e-05	0.0406146549757833	0.959366851126176	
5.74476815757078e-05	0.0728867459991793	0.927055806319245	
0.000173809557889829	0.123672657302762	0.876153533139348	
0.000392088791774304	0.194870171640953	0.804737739567273	
0.00100340748992497	0.282332246649848	0.716664345860227	
0.00246242502886453	0.381101654218308	0.616435920752828	
2.45550421732849e-05	0.00553716201007575	0.485864480722246	0.508573802225505	
2.05112637604941e-06	5.94826649054328e-05	0.0103520348199214	0.590960275835475	0.398626155553322	
6.18767209463013e-06	0.000210380851217424	0.019004403559974	0.685891076345561	0.294887951571153	
3.09431471243502e-05	0.000604422807162307	0.0327234095222378	0.759443848502352	0.207197376021124	
4.33233552081894e-05	0.0012811335040136	0.0558334897787827	0.802569281265537	0.140272772096458	
5.99816745642538e-05	0.00235169530963988	0.0890562400590716	0.81992053462287	0.0886115483338539	
0.000105613677592505	0.00452482128509066	0.134609809232706	0.808692212751505	0.052067543053105	
1.44361150352138e-05	0.000220666329823983	0.00906381793996638	0.193753286794048	0.766753627073903	0.0301941657472236	
3.69907605300365e-05	0.000476769802387137	0.0165266497879196	0.264151020944991	0.70249975339493	0.0163088153092428	
9.02127380386111e-05	0.00116046385749668	0.0282693916380993	0.343417340528483	0.618553889809241	0.00850870142864173	
0.00017063618515054	0.00270139695527482	0.046191009734486	0.422232044653228	0.524482180853798	0.00422273161806277	
0.000393781144274402	0.00552118274537616	0.0705548603107778	0.498357870777934	0.423215769388567	0.00195653563307019	
2.07185182115775e-06	0.000942692578626777	0.009915882816061	0.104102266605892	0.55825011395185	0.326007955910993	0.000779016284755314	
5.41509854437986e-05	0.00187029172802043	0.017336646262853	0.147523946190582	0.592328471546781	0.240501188197584	0.000385305088734721	
0.000246868504142827	0.00312630954406084	0.0289769686207311	0.203535820827404	0.596816018654131	0.167134126355184	0.000163887494346919	
3.95080211679819e-05	0.000440826341453271	0.00517347140347047	0.0451701444122142	0.263765946165123	0.575750392481	0.1095786157637	8.10954118711207e-05	
9.13598498376286e-05	0.000791093245184921	0.00914013770421003	0.0658247718080114	0.328131358853185	0.527366427746817	0.0686403162711893	1.45345215650773e-05	
0.00017217345126869	0.00179018901740819	0.0160142053469191	0.0942742992747971	0.384927977563517	0.462777344463068	0.0400438108830216	
0.000305077358901721	0.00362979796407558	0.0267658686922143	0.13409083834013	0.429304029304029	0.383737508949974	0.0221668793906754	
8.29667241211231e-06	0.000678252969690182	0.00698372400289554	0.0406142856253928	0.178747658782754	0.459739360036173	0.301538410482016	0.0116900114286662	
1.0307429388955e-05	1.0307429388955e-05	0.000119566180911878	0.00160589749879918	0.0113464182713616	0.0596738317044159	0.228266269761919	0.469128218237141	0.224433967515106	0.00540521597156799	
8.31573170123239e-06	5.40522560580105e-05	0.000480233505746171	0.00311632045503684	0.0179661383405126	0.084028389908028	0.273001313885609	0.45870407637168	0.16012357177308	0.00251758777254811	
2.09283830731238e-06	0.000127663136746055	0.000996191034280692	0.00560462098698255	0.0282700598551756	0.116998032731991	0.315397011426897	0.421125109874011	0.110390942195806	0.00108827591980244	
2.73993967917414e-05	2.52917508846844e-05	0.000259240446568015	0.00184208252276784	0.0102136520655984	0.0417630036483351	0.152970832288292	0.351633320195674	0.369864457291717	0.0709538994610749	0.000446820932296091	
4.66310151360036e-05	0.000122936312631282	0.000784248890923697	0.00338710737215153	0.0165815650640435	0.0615169069223742	0.191721299140082	0.376026147281942	0.306649794717554	0.0429662412646331	0.00019712201852947	
8.79209483453706e-05	0.000313084352644491	0.00164262064469644	0.00571271722907481	0.0252569007222384	0.0858966221200528	0.230820366780464	0.381488994870563	0.244130740594603	0.0246028546430838	4.71770942341013e-05	
0.000105696844194223	0.000560840397765267	0.00298755365732652	0.010964429776311	0.0390668478612567	0.115893354041286	0.267175737181561	0.366878060355055	0.183017321339977	0.0133285877607369	2.15707845294333e-05	
0.000253991760335097	0.00122690935077123	0.0055490742215583	0.0188836416391509	0.054711547154216	0.151609403722056	0.295911163153114	0.335251903861966	0.130020104093572	0.00657795609816997	4.30494509042537e-06	
8.67690251933865e-06	0.000501091120491807	0.00258571695076292	0.00912810145034426	0.0296576528110995	0.0769662945721636	0.184720408508571	0.311804492032434	0.293539612229226	0.0878276073007458	0.0032603461216415	
1.97947504321854e-05	3.95895008643708e-05	0.00095674627088896	0.00433724976136329	0.01487465524143	0.0436100346188191	0.101390911130368	0.217256183660093	0.316454276325918	0.243169711392539	0.0561115192251015	0.001779328122182	
8.88221735674094e-05	0.000346406476912897	0.00196741114451812	0.00795846675163988	0.0222788216850455	0.0601725814832415	0.128974237128557	0.243936776376855	0.306336573862299	0.19295728985784	0.0342986823230551	0.000683930736469052	
0.0001517068131976	0.000903547931544531	0.00378597738229894	0.0136736920307072	0.034412905787838	0.0808128808008335	0.159566564710764	0.262401474233267	0.279624659496289	0.144284334263653	0.020096690783588	0.000285565766019012	
0.000291429926916604	0.00202645460809452	0.0065063425544172	0.0208699974019813	0.0495656790430255	0.105529261597894	0.184579064487343	0.275037558314225	0.24219408329474	0.101964328073287	0.0113725445899084	6.3256108167945e-05	
2.94367393150297e-05	1.81149165015568e-05	0.000529861307670535	0.00332861590716105	0.011136144919332	0.0301432210585904	0.0675527879988678	0.130117180866119	0.208278516841211	0.271821115199547	0.202724030568922	0.0684879705632607	0.00581715256156241	1.58505519388622e-05	
5.68776448104837e-05	0.000131956135960322	0.00094189379806161	0.00538062519907176	0.0181143923192428	0.0439959958138053	0.0910042316967739	0.154638940710743	0.220537379988169	0.254673067297629	0.163359421213086	0.0443759384811394	0.00278927970150612	
0.000114049794140122	0.000296529464764316	0.00241785563577058	0.0100774398102211	0.0275886452024954	0.0601430184418517	0.115185730089757	0.178656721524618	0.229970004904141	0.225654360693879	0.122402801062944	0.0262953205369464	0.00119752283847128	
0.000132513879686536	0.000420388859695218	0.00435011080902008	0.0152253878315703	0.0401379972126391	0.082160890127716	0.137988073750828	0.197859215426443	0.225518060727912	0.191944070003884	0.0879983550001142	0.0157668669606342	0.000498069409856291	
3.440737877707e-05	0.000155980117122717	0.00100469546029044	0.00751457152491209	0.0232593880532993	0.0562239507469842	0.104814051055962	0.161632102543164	0.204788130830617	0.213389975524885	0.157498629439412	0.0612336650969256	0.00827841533376304	0.00017203689388535	
0.000148807793808201	0.000434797772533336	0.00286920027436437	0.0117744166850739	0.0352093190880872	0.0762407431089203	0.127704988548775	0.178904170105909	0.207021867770324	0.192624713719381	0.124098724670705	0.0387458293128103	0.00417126847018613	5.1152679121569e-05	
4.68253578042653e-06	0.00022242044957026	0.000884999262500615	0.00503606723184874	0.0198141501548749	0.0519714646269541	0.0957719043170639	0.150986024971963	0.188355001767657	0.200517888457315	0.168664938810964	0.0908341703366041	0.0246418445444946	0.00228039492506772	1.40476073412796e-05	
7.00800313958541e-05	0.000476544213491808	0.00176134478908247	0.00870160389831855	0.0300993734845193	0.0694586551174775	0.116503380193514	0.164828233843049	0.194210455006284	0.191834741941964	0.142192383702188	0.0646791969762802	0.0142192383702188	0.000964768432216258	
0.00011890190592761	0.000888267179576849	0.00327563093780964	0.0148580754211109	0.0462738240951215	0.0915894387130617	0.134116687066503	0.177226787899983	0.194747333449904	0.173855569155447	0.111982281284607	0.0427767092148977	0.00796642769714985	0.00032406597890074	
0.000300723134234415	0.00171342250901004	0.00640843330240625	0.022945874498212	0.064387387345384	0.115216590592261	0.152904892229221	0.181149554976385	0.188371572572185	0.148629495111501	0.0851442771688199	0.0281654023862031	0.00452483413603875	0.000137540038138221	
0.000100038619560109	0.000902674055565637	0.00374795851421712	0.0126281308598203	0.0354950981076416	0.0840231345123932	0.135652368123508	0.166757399368128	0.181314181753886	0.176258741746814	0.122933504562226	0.0610468227269132	0.0168204469632463	0.00226366457748805	5.58355085916889e-05	
3.95176062558695e-05	0.000197588031279348	0.00205724009037909	0.00626470287409226	0.0208583224078775	0.0514147303039601	0.10440086659786	0.158423758914707	0.173605493412183	0.175102513319758	0.1548741480469	0.0980315582954429	0.0429323923493914	0.0106558062986415	0.00112276493068147	1.85965205909974e-05	
4.64892481991227e-06	0.000220823928945833	0.000683391948527104	0.00341463528022557	0.0116548545235201	0.0324959844911868	0.0714028363090326	0.128031389540384	0.168848949459214	0.176928780796221	0.165411069554889	0.13034422963829	0.0760889525275042	0.0281469153221589	0.00589251220923881	0.000430025545841885	
3.47066363716294e-05	0.00028690819400547	0.00133273483667057	0.00632123537115277	0.0183343591072528	0.0481473597504824	0.0949712397673267	0.151038653937815	0.176980707737729	0.172022286288102	0.145823403379038	0.108134310055207	0.0551742967278583	0.0180775299981027	0.00318838299467369	0.000131885218212192	
9.68775444771726e-05	0.000452095207560139	0.00296168493115928	0.0108110726420121	0.0291439946302161	0.0662849998962026	0.119509984153602	0.166691654922187	0.177608831541483	0.162200688753209	0.127163310167298	0.0855428717733435	0.0392861508936953	0.0105665721726173	0.00163307860690091	4.61321640367489e-05	
0.000251806538653459	0.00121976011384428	0.00517936018037665	0.0169888558280508	0.0409174074553217	0.0865521447448668	0.142236042063243	0.177415032619342	0.176842114990113	0.148602820233233	0.106340904470606	0.0639773420318246	0.0259707257572677	0.00665785728806668	0.000838585078267941	9.24060692306271e-06	
2.08367096520269e-05	0.000428310142847221	0.00268793554511148	0.00856157247702174	0.0242539300349594	0.0557659805987081	0.109128794017549	0.159317481999398	0.185280022225824	0.168876901349756	0.13054430115991	0.085805570347047	0.047641979024379	0.0170583196351261	0.00425531914893617	0.000372745583775149	
9.20270099274137e-06	5.98175564528189e-05	0.000897263346792284	0.00441729647651586	0.0152672809469579	0.0374826011434356	0.0738309693895158	0.131209810079258	0.174543028378829	0.18427948602915	0.154476538864157	0.111359584037915	0.0670761868608437	0.0317907305794251	0.0110340384902969	0.00209821582634503	0.00016794929311753	
0.000112268932207895	0.000256614702189473	0.00168403398311842	0.00789548449772254	0.0213631739572737	0.0499848780621924	0.0959761898215611	0.151324773400053	0.183371825538662	0.179758598883726	0.136578592834951	0.0914373172765848	0.0503950033451559	0.0216083326459725	0.00700191544545563	0.00117309578143759	7.79008917360901e-05	
0.000124588166892771	0.00031377760550772	0.00311008979576769	0.0127103002113384	0.0327343872569377	0.0673768192179555	0.119911496257741	0.169250717535554	0.184353571988889	0.167407274103196	0.114092767426193	0.073673136022592	0.0359229214540823	0.014346096698875	0.00397297821091392	0.000680620541358657	1.84575062063365e-05	
2.06290957350491e-05	0.000336941897005801	0.00102457842150744	0.00525354304719249	0.0203861308297252	0.044721587431838	0.0875155004733231	0.138671073652748	0.183885467260479	0.179532728060384	0.148708274788724	0.096560212892268	0.0555174808665137	0.0259055599997249	0.00909743121915664	0.00255800787114608	0.000304852192529058	
0.000177361732708959	0.000886808663544793	0.00273874156092145	0.00872066909137815	0.0273666850170797	0.0638847747621165	0.110535517262825	0.157388958886629	0.188834963756015	0.169223823596481	0.127649772769676	0.0784975388180338	0.0397082975346719	0.0176670712971131	0.00531854858214267	0.00121619473857572	0.00018427193008723	
1.38176257634238e-05	0.000340834768831121	0.00152915058448557	0.00426043461038901	0.0163071013384673	0.0395276214339011	0.0815608390062364	0.134685004191346	0.169406394797203	0.184815350461048	0.154013559696749	0.107491916688928	0.0628632884106967	0.0276882190922741	0.011510082260932	0.00333925955949409	0.000601066720708936	4.60587525447461e-05	
0.000119324348821787	0.00035797304646536	0.00234518239415127	0.00806816173956543	0.0257052183750318	0.0556464511332371	0.100328830368965	0.151748445915092	0.17857118271082	0.177049797263342	0.140093669613825	0.0857620810166435	0.0467246613597927	0.0184723270772189	0.00653989219504024	0.00218455346304502	0.000266185085833217	1.60628931106251e-05	
0.000222700447446103	0.00085217007951315	0.00401088050757522	0.0143687237673644	0.0384794558837231	0.0760340231744813	0.121024058465685	0.165907288440256	0.181269074406946	0.162841748607554	0.116951821712385	0.0673418883634471	0.0331482798662888	0.0121894408173561	0.00412904809193438	0.0010930501553222	0.000136347212722104	
0.000270187963813131	0.00158678185527542	0.00765456239853641	0.0227919575575924	0.0538567042105818	0.0951038735337151	0.140358067743908	0.17605264543783	0.175750401274921	0.145354255345944	0.0969631330813105	0.0500351473325808	0.023765092173021	0.00774386181030515	0.00218211126706706	0.000503740271516006	2.74767420826913e-05	
2.32043327130042e-06	0.000522097486042594	0.00423943158666586	0.0132566352789393	0.0326368939608404	0.0725506666604788	0.112942448614005	0.156130352659449	0.17736695795839	0.162026573601823	0.129055537249915	0.0779595966158801	0.03825698334393	0.0159506583069191	0.00512119622976002	0.00149899989326007	0.000473368387345285	9.28173308520167e-06	
7.92875315692635e-05	0.00182594521231569	0.00821325547608665	0.0211557790116576	0.0463412302160119	0.0909264748063868	0.131076281601328	0.167259379831584	0.173893880634953	0.147458484815272	0.111126139466768	0.0594913005253965	0.0260762699413972	0.0111468941441494	0.00279371949470523	0.000827855109032016	0.000270510401824546	3.73117795620063e-05	
3.05635686963227e-05	0.000446698311715486	0.00348659787512666	0.0135819797198966	0.0310431816204804	0.0634593727885495	0.110842308442833	0.151127443028332	0.168560432403966	0.165654542334069	0.132053425118081	0.0885120949445506	0.0436118614859067	0.0175905093066067	0.00779135897381643	0.00139651998504736	0.000578356761484261	0.000232753330841227	
7.71410137731774e-05	0.000189346124715981	0.00138620064143922	0.00715307582260372	0.0220880436103865	0.047259390165222	0.0837915042030165	0.130097150925225	0.162295342552853	0.165175273733719	0.153082835423154	0.111616034110354	0.0658223232068221	0.0326446744649219	0.0116366050473599	0.00446716597941036	0.000804136628423425	0.000308564055092709	0.000105192291508878	
0.000173385755188686	0.00107077419082742	0.00263827513976298	0.0135240889047175	0.0330440446679194	0.0639254534974718	0.105167832724921	0.142572294830761	0.170874004789196	0.158708885317038	0.131393599722583	0.092398206160349	0.0518868587655871	0.0224019081805274	0.00701978003439598	0.00251877955172753	0.000431121337225922	0.000194473211900823	5.62332178990333e-05	
8.74783077439581e-05	0.000425570145781418	0.00221532903665105	0.00553241189515843	0.0214936566405493	0.0445099086915609	0.084667180503213	0.123391699490734	0.155687744998369	0.172894964559464	0.148242631725782	0.111939134012039	0.0709709146448144	0.0376322222800157	0.0138783153096496	0.00460797896737768	0.00149658834599799	0.000179685172663265	0.0001300353223221	1.65499501137218e-05	
0.00020617579448776	0.000691992321729033	0.00345048226177216	0.0119439770599806	0.0319240704315473	0.0610090764746309	0.106630803137664	0.143668981207195	0.158321681636135	0.160933241699647	0.133765433561628	0.0932151574756499	0.0556105884304571	0.0266772519373415	0.00804322582174088	0.00286513259236439	0.000786785790459037	0.000191956774178259	6.3985591392753e-05	
0.000267617569797714	0.00132400271373606	0.00590167167080222	0.0204117085034309	0.0458823280850554	0.0812594927942796	0.12408534652954	0.153037342041077	0.159608057636373	0.150138151701602	0.116944182956517	0.0728882274092037	0.0425394559851261	0.019036060293769	0.00463635702061829	0.00142494618304572	0.000476547076043298	0.000124418694730516	1.40851352525113e-05	
0.000509662645218945	0.00274612749478701	0.00901567619898719	0.0292299672326482	0.061124609025916	0.103028652815013	0.141690869824248	0.165954535299374	0.154597669049747	0.132561159517426	0.0968545204051236	0.0566097892463509	0.0301678395889187	0.0117850759606792	0.00273681858802502	0.00103328865058088	0.000272285522788204	7.21440274054215e-05	9.30890676198987e-06	
3.68135989434497e-05	0.0010837003188978	0.00406790268325119	0.013377141516076	0.040943624574918	0.0806240825360888	0.1231184799665	0.159681286267147	0.163850426347493	0.145901496012627	0.115567090483224	0.0799867471043804	0.0409827390237954	0.0211885270418893	0.00713723649516131	0.00167041705205903	0.000641937131576404	0.000101237397094487	3.68135989434497e-05	2.30084993396561e-06	
0.000228010253552008	0.00240216863085601	0.00853771727189186	0.0207926926168437	0.0568851035604147	0.102627645437146	0.143526696776304	0.170544760255279	0.159243282334272	0.129581221167643	0.0962295395344445	0.0601440379924964	0.0302654822416863	0.0131025286106806	0.00464542102438788	0.00079918745436916	0.000377713955379084	6.44877484793559e-05	2.30313387426271e-06	
0.000791615284123538	0.00403815311120822	0.0123043554855965	0.0336848318732683	0.0750982083412457	0.120714467112503	0.164230428684843	0.171309208133046	0.149205753624614	0.111297448299057	0.078337882451994	0.0458725041811472	0.0223688515401036	0.00778803013629053	0.00236569423058884	0.00045758108908875	0.000100667839599525	2.97427707907688e-05	4.5758108908875e-06	
4.49946793791634e-06	0.00126884995849241	0.00758610294332695	0.0195636865940603	0.0500768284150399	0.0934989437499016	0.140180923605784	0.174421874613327	0.169557949772439	0.133226995907734	0.0943425939882609	0.0609700402927354	0.0337527587362794	0.0149134864802237	0.00492691739201839	0.00117661086576512	0.000465694931574341	4.27449454102052e-05	2.24973396895817e-05	
8.30891186939289e-05	0.00238039096798823	0.0110216593121568	0.0281986503632342	0.0650475516780634	0.114737090308889	0.156694849597467	0.178154298739066	0.163928094227552	0.118067392012216	0.0776501498972614	0.045737191363223	0.0235658705830835	0.0101031877028104	0.00359753427426146	0.000590606438283873	0.000437902112035571	4.49130371318535e-06	
5.39140475297257e-05	0.000404355356472943	0.00456696910949718	0.0173558304672775	0.0404108250421765	0.0820526875029484	0.13542534813873	0.166257444069792	0.178536368394687	0.150186565068639	0.102252483977419	0.062043836613479	0.0347273858650846	0.0163853776117425	0.00680889491927495	0.00192742719918769	0.000440298054826094	0.000163988561236249	
2.22435760552352e-06	0.000329204925617482	0.00144583244359029	0.00864830237027546	0.0271238166417539	0.0564319524521318	0.106586767741476	0.153689764396042	0.173072816570574	0.169509395686526	0.131539611360239	0.0821344045839562	0.0476279450494697	0.0251419140152324	0.0115488646878781	0.00420403587443946	0.000825236671649228	0.000135685813936935	2.22435760552352e-06	
7.35572743686334e-05	0.000345496288701157	0.00392305463299378	0.0145465082584758	0.037503064886432	0.0733232284956423	0.129333749414885	0.170450036778637	0.174718587700332	0.152040657111651	0.113093194837617	0.0663731805719635	0.0359338430332345	0.017963578004146	0.00728439917080891	0.00245636716224952	0.000579542161692263	5.79542161692263e-05	
6.69041018904869e-06	0.000245315040265119	0.00160569844537169	0.00680860743572188	0.0218664906345408	0.0542101636251319	0.0913174086703256	0.146821051598674	0.18025303131335	0.16991188729781	0.136798817135479	0.0945176548774205	0.0507668325145015	0.0258071422358905	0.0125155273269804	0.00442905154515023	0.00170605459820742	0.000383583517505458	2.89917774858777e-05	
8.85359256652368e-06	9.51761200901296e-05	0.000768049155145929	0.00327804264775539	0.0115517249011718	0.0348278197585625	0.0712758469567989	0.112458332779984	0.160891910915152	0.179099324028208	0.158729420930778	0.121834287307932	0.0758597945081165	0.0366428062346999	0.0191149063511246	0.00889343373307304	0.00311867798155797	0.00129483791285409	0.000236833601154508	1.99205832746783e-05	
0.000126984975672352	0.000198274786576129	0.00162407100465166	0.00592373772478568	0.0190522019640343	0.0490518455149798	0.0884751109447682	0.13507414140334	0.167203568055036	0.176424459534121	0.146320109073411	0.102733073125524	0.0571788839580103	0.0275178670088578	0.0137589335044289	0.00598611630932649	0.0022010729116541	0.0010515247108307	9.80234899926928e-05	
5.56450823102058e-05	0.000436257445312013	0.00251960932700612	0.00985363117549123	0.0313504393735699	0.0636802321957995	0.109805553824375	0.152374041791683	0.172194820110578	0.16837979326739	0.13103971723395	0.0832005270702196	0.0403604911012384	0.0198385847452346	0.00923040625361693	0.00380612363001807	0.0013243529589829	0.000500805740791852	4.89676724329811e-05	
7.81046021463145e-05	0.000194145725335125	0.00111801159072296	0.00463048712724579	0.0166139646565517	0.0425915553304159	0.0837973118627501	0.130722556832256	0.164825257689398	0.175019024049523	0.153540258459286	0.111261121537456	0.0627782476451463	0.0290638382386743	0.0140499021460913	0.00594933912348784	0.00255290471015382	0.000970728626675623	0.000194145725335125	4.9094321349112e-05	
0.000201741251154408	0.000331752279676138	0.00249934994485739	0.00888558132862305	0.0261411830106968	0.0598140393978248	0.103284795882685	0.148248437626088	0.169236252454519	0.169998386069991	0.136932995005783	0.0919715948318375	0.0463444485290821	0.0199320356140555	0.0101318939468658	0.00369186489612567	0.0016968680791543	0.000542459808659631	9.63874866626617e-05	1.79325556581696e-05	
0.000421908560908254	0.000699420608992293	0.00419426745844088	0.0146381964875548	0.0376897460426331	0.0806183780661697	0.122017309531975	0.16098631843041	0.175599696767323	0.154019186686642	0.118610454307528	0.0708603324729708	0.0344137501579337	0.0154346335036009	0.00585257116040648	0.00264651733660632	0.00100626319874375	0.000245925310903742	4.28677147446889e-05	2.25619551287836e-06	
2.26665880891613e-06	0.000709464207190748	0.00135319530892293	0.00764770682128302	0.0220659235047985	0.05686140288047	0.100417518552602	0.140507912905902	0.174355928899446	0.171699404775397	0.135426063856312	0.0948710044471846	0.0535860809015862	0.0239631169278613	0.0109638286587273	0.00330932186101755	0.0014189284143815	0.000568931361037948	0.000244799151362942	2.71999057069935e-05	
5.96301554282936e-05	0.000921973941622078	0.00325213693835847	0.0128892874425773	0.0354753555448017	0.0764458592590724	0.117198483559278	0.156985558035049	0.179034954738419	0.156650711777644	0.116813181016511	0.0766843798807856	0.0391540774412242	0.0170037681671296	0.00721295533930705	0.00235997807445054	0.001139853355687	0.000529790996305224	0.000135314583471897	5.27497528788751e-05	
0.000265231006900659	0.00169840907927615	0.00753349123109066	0.0212603591320897	0.0534719669438408	0.100973909644637	0.13357405761562	0.162060798391863	0.175001279623279	0.141314615159115	0.0972769616624866	0.0579297091299958	0.0284844141884629	0.0119423750738692	0.0043623520871819	0.00142154513347634	0.000886429944115362	0.000423438975929123	0.000118655976771348	
0.000562281416015921	0.00332935925582871	0.0137560631901654	0.0325049987051196	0.0723546525870778	0.123333278893915	0.14429867642221	0.170366602817007	0.163595894645728	0.122836324779345	0.0766592551287764	0.0431813462556957	0.0206947558508764	0.00766895856615906	0.00304938510677514	0.000886584805336307	0.000620609363735415	0.000270641677418452	3.03305328141368e-05	
