# <P(U)> as a function of N_tot.
# number_of_species: 1
# species_total_upper_bound: 103
# species_total_lower_bound: 0
# volume: 729
# Bin widths for each
10	10	10	10	10	10	10	10	10	10	10	10	10	10	10	10	10	10	10	10	10	10	10	10	10	10	10	10	10	10	10	10	10	10	10	10	10	10	10	10	10	10	10	10	10	10	10	10	10	10	10	10	10	10	10	10	10	10	10	10	10	10	10	10	10	10	10	10	10	10	10	10	10	10	10	10	10	10	10	10	10	10	10	10	10	10	10	10	10	10	10	10	10	10	10	10	10	10	10	10	10	10	10	10	
# Bin lower bound for each
0	0	0	0	-10	-10	-10	-10	-10	-10	-20	-20	-20	-20	-20	-20	-20	-30	-40	-40	-40	-40	-40	-50	-50	-50	-50	-50	-50	-60	-60	-60	-70	-70	-70	-80	-80	-100	-100	-100	-110	-110	-110	-110	-110	-120	-130	-140	-140	-150	-150	-150	-160	-160	-160	-160	-170	-170	-170	-170	-180	-190	-200	-200	-200	-200	-210	-220	-220	-220	-230	-230	-240	-240	-240	-260	-260	-270	-270	-270	-270	-280	-280	-290	-290	-290	-310	-310	-320	-320	-320	-330	-330	-330	-340	-340	-350	-350	-350	-360	-360	-360	-360	-360	
# Bin upper bound for each
0	0	0	0	0	0	0	0	0	0	0	0	0	0	0	0	0	0	0	0	0	0	0	0	0	0	0	0	0	0	0	0	0	0	-10	-10	-10	-10	-10	-10	-10	-10	-10	-10	-10	-20	-20	-20	-20	-20	-20	-30	-30	-30	-30	-30	-30	-30	-30	-30	-40	-40	-50	-50	-50	-50	-50	-60	-60	-60	-70	-70	-70	-70	-70	-80	-80	-80	-90	-90	-90	-90	-100	-100	-100	-100	-110	-110	-120	-130	-140	-140	-140	-150	-150	-150	-150	-160	-160	-160	-170	-170	-180	-180	
# Normalized histogram for each
1	
1	
1	
1	
1.9598416909053e-05	0.999980401583091	
0.000118207145274264	0.999881792854726	
0.000504036355654556	0.999495963644345	
0.00153888647752831	0.998461113522472	
0.00384611813640837	0.996153881863592	
0.0093329631896781	0.990667036810322	
3.49131941615829e-06	0.0198004361821724	0.980196072498411	
1.05058692789705e-05	0.0398277504365772	0.960161743694144	
4.31049547397975e-05	0.0728287335298298	0.92712816151543	
0.000180493644294771	0.123286474854324	0.876533031501381	
0.000481279505979375	0.193124445627622	0.806394274866398	
0.000989837282395919	0.279578958155502	0.719431204562102	
0.00241203360067677	0.378892025956744	0.618695940442579	
1.63599755535222e-05	0.00522584361966796	0.485323349073967	0.509434447330812	
1.16965904438856e-06	6.31615883969823e-05	0.0099081817650155	0.589345575764665	0.400681911222879	
3.52603506759409e-06	0.000242121074641461	0.0183271549363316	0.682301889719727	0.299125308234232	
1.76638082699595e-05	0.00061941087666658	0.0320150636956926	0.755775476510668	0.211572385108703	
2.47494705381124e-05	0.00142368382904951	0.0546303313011268	0.800705477764958	0.143215757634328	
4.24339650886339e-05	0.00267923340684625	0.0882485027293291	0.818766892548949	0.0902629373497867	
1.18304693738724e-06	9.58268019283665e-05	0.00518647777350566	0.134209576764958	0.806627428943243	0.0538795066694271	
2.24950303742107e-05	0.00023205399754449	0.00947040778754273	0.19306300621218	0.76644593911424	0.0307660978581179	
4.59875291254351e-05	0.000502325318139368	0.0167724772892356	0.26334463761827	0.702795570103861	0.016539002141368	
0.000123040434602251	0.0011542364579354	0.0280965761948398	0.341447752344213	0.620526894295377	0.00865150027303258	
0.000240221519395251	0.00273149444736747	0.0453034349333649	0.421634467217965	0.525738271037839	0.00435211084406811	
0.000479247862765965	0.0051507398976195	0.0696671341682583	0.497158577009728	0.425570927509062	0.00197337355256574	
1.17800754160428e-06	0.000942406033283425	0.00951830093616259	0.104181808971941	0.556164454564838	0.328375492259901	0.000816359226331767	
5.43339601424967e-05	0.00197137781473537	0.0163887760212422	0.148312812420271	0.59138617744054	0.241503822275979	0.000382700067090629	
0.000240128539394617	0.0033723934576744	0.0274311543237851	0.203468915713706	0.596950132129552	0.168381898545692	0.000155377290196517	
2.7105828224474e-05	0.000539759535948221	0.00562740564225492	0.0424689402563976	0.261940117332881	0.578385341168096	0.110946511951313	6.48182848846117e-05	
0.000111959647386037	0.00103827841417998	0.00963324376561542	0.0632265591854052	0.326198557488333	0.530507236128789	0.0692759157120634	8.24965822844482e-06	
0.000267774098187785	0.00226423142317194	0.0158768713084793	0.0918607337721195	0.38405914726983	0.465300149882405	0.0403710922458071	
4.39548951497555e-05	0.000439548951497555	0.00401890298085467	0.0255936286785495	0.131464339512362	0.429724438446515	0.386446686276094	0.0222685002589775	
0.000122770025519478	0.000806944730841618	0.00719456188384048	0.0391731736766762	0.175787605471967	0.459119369415007	0.305930984174586	0.011864590621562	
5.95512456334049e-06	1.07192242140129e-05	0.000237013957620952	0.00187824628727759	0.0119114401515937	0.0582756579519374	0.223723310620488	0.470136836852216	0.228225384790374	0.00559543503971473	
4.7927897271345e-06	7.90810304977192e-05	0.000620666269663918	0.00338610594222052	0.0190237806244286	0.0820154160081573	0.270319331597545	0.459538670024815	0.16234856282209	0.002663592890855	
1.0794939332441e-05	0.000206303285019983	0.00116945176101444	0.00631503950947796	0.0297292629215424	0.114102508743901	0.313685344310587	0.422795793332086	0.110757276988548	0.00122822420849106	
1.56193867828749e-05	2.76342996927787e-05	0.00038327572182593	0.00229965433095558	0.0110344960164556	0.0446233865473826	0.14913390500289	0.350026853330354	0.370523093263358	0.0714550900577797	0.00047699204252318	
2.6464223377292e-05	0.000115480247464547	0.000846855148073344	0.00414766555476831	0.018105137547801	0.0637318644887413	0.188391588707475	0.373659196137186	0.307890789367637	0.0428912885791238	0.000193669998352001	
4.9619202873557e-05	0.000292874319400019	0.00166405863295465	0.00730491484255585	0.0276778334077621	0.0879554831034512	0.227979663388169	0.377268111916717	0.245196316560833	0.0245675565447123	4.35680805719037e-05	
6.31173667434595e-05	0.000511007911519162	0.00294466791768524	0.0122289898065453	0.0414511168132527	0.118046468947469	0.263541709655258	0.363449218437068	0.184637718452848	0.0131077777588965	1.82069327144595e-05	
0.000191209216768322	0.00108795623971343	0.00557532190918772	0.0200273501791074	0.0585184916255204	0.151730564430245	0.290228966986155	0.33487268854681	0.13099162552038	0.00677340497628038	2.42036983251041e-06	
4.86444021238146e-06	0.000397667987362184	0.00230696077072191	0.00897489219184379	0.0310241835645159	0.0807411947551606	0.184521594466213	0.307726920055357	0.292165575815949	0.0886422617701211	0.00349388418254298	
1.10626947495222e-05	2.21253894990443e-05	0.000861661002157225	0.00406984247951865	0.0152714355075626	0.0446551819505989	0.106729191378473	0.215380833266752	0.311992575702635	0.242270556637924	0.0570281914337867	0.00170734255634292	
4.93777173175061e-06	4.93777173175061e-05	0.000224668613794653	0.00178623892396078	0.00767700059993927	0.0234914490138035	0.0629405418216921	0.13567885720211	0.240533674368768	0.300672030732691	0.191784288504127	0.0344557711441558	0.000701163585908587	
1.35835673411525e-05	8.39711435634884e-05	0.000638427665034169	0.00366385857283632	0.0126833472873616	0.0359013684826661	0.0846009271402145	0.163570848182642	0.257933420762112	0.276930657123593	0.143588185754049	0.020130846799588	0.000260557518998471	
3.10518118111156e-05	2.11152320315586e-05	0.00016395356636269	0.00163456737373712	0.00649479695841293	0.0204134610846274	0.0510988615163718	0.109321008662213	0.187682118876272	0.267831813450651	0.242281140619993	0.101597802028553	0.0113401216734194	8.81871455435682e-05	
3.35735708849993e-05	2.85997085316661e-05	0.000386717797971659	0.00284877966287161	0.0113031021979498	0.0296628716096911	0.0698877399266853	0.135346255427727	0.209126042645896	0.263245395446926	0.203725671595764	0.0686753609780603	0.00570377665368489	2.61127773549995e-05	
4.7396261432789e-05	9.85343329786929e-05	0.000735889322245934	0.00480448418523956	0.0181864444197762	0.043587098737638	0.0938870048182042	0.159616888535219	0.221678551071343	0.24767914227734	0.162944604995815	0.0441309084740774	0.00260305256869028	
7.49066475904404e-06	8.61426447290065e-05	0.000229713719277351	0.00189513818403814	0.00938954827546171	0.0274370565682518	0.0599927340551837	0.118632154677233	0.181174211638745	0.23062882882208	0.222052017672975	0.121578482815791	0.0258103338714128	0.00108614639006139	
4.38515712017962e-05	0.000179164990910196	0.000447286026258321	0.00389903113085685	0.0153756137653841	0.0405276221047	0.081043968091091	0.141288509510153	0.199068592627674	0.225379535348752	0.189942454209563	0.0870015172643636	0.0153555673328347	0.000447286026258321	
4.76536233683337e-05	0.000255824714924739	0.00101201247521698	0.00734492821232448	0.0238418601968095	0.0562011785493485	0.104503142004036	0.164578058516141	0.206303821945998	0.213236170103371	0.155189040669859	0.0592986640682902	0.00802587340940356	0.000161771510908291	
0.000124864257417126	0.000529727152678717	0.00245566372920348	0.0119201221903966	0.0361072117306817	0.0757446765574294	0.129590180372095	0.18226145566499	0.206587283269072	0.191940327497506	0.120814367209385	0.037845221293518	0.00404232267698878	3.657639863734e-05	
2.52414980324252e-06	0.000205718208964266	0.000878404131528398	0.0044639589270344	0.0198120518056506	0.0529314213739957	0.0955163527045003	0.150344672655633	0.192208959217312	0.20063078503583	0.168302736430802	0.089372572083408	0.0231237363475048	0.00219222410411613	1.38828239178339e-05	
3.76102450307464e-05	0.000445054566197165	0.00182660423365992	0.00774269577699632	0.0310409888987093	0.0700691401671149	0.118003397458801	0.165799750518708	0.197280779284277	0.18883602560004	0.141679046705656	0.0632428806940344	0.0129705198362701	0.00100043251781785	2.50734966871642e-05	
9.36043282641389e-05	0.000801253049941029	0.00342092618362673	0.0135476664440964	0.0459821902164756	0.0907899581276638	0.139651417481544	0.178270067207908	0.194710731424221	0.170248800304526	0.112232837646413	0.0423827917802919	0.00744716035669489	0.000414355159782588	6.2402885509426e-06	
0.000261886204208885	0.00153265783320343	0.00634637568199532	0.0217752143413874	0.0634837100545596	0.112722057677319	0.159230553390491	0.183068433359314	0.186968043647701	0.14815900233827	0.08458924395947	0.0274556508183944	0.00424505066250974	0.00015962587685113	2.49415432579891e-06	
6.85060328903692e-05	0.000746092976387839	0.0032260113670192	0.0113670192028638	0.0351211747165407	0.0828213026359876	0.134513463926591	0.173223109202353	0.184342261122577	0.172927910478807	0.121791270836733	0.0608831797760226	0.0169122711742806	0.00197920156841448	7.72249825309616e-05	
3.98068868402164e-05	0.000150519790864568	0.00160844702138749	0.00575955893969381	0.0190575470747536	0.0514790124408961	0.105060326093041	0.155615072380116	0.181457205730699	0.177629524767969	0.152306124911523	0.0974062081327958	0.0412610821750981	0.0101918069963092	0.000957853214592707	1.99034434201082e-05	
1.85862781225877e-05	0.000149929310188874	0.000459700612232001	0.00292424109128712	0.0106251556600793	0.0302064192048295	0.0725496780237087	0.127566300351776	0.167358282727028	0.184878947570588	0.168068278551311	0.128116454184205	0.0744244139436737	0.0267902612858978	0.00540860693367301	0.000454744271399311	
5.94351432572687e-05	0.000236502340877882	0.000908862398975734	0.00554108887658912	0.0172448591696663	0.0454096876807045	0.0957153452872265	0.149885525437622	0.177444858426727	0.178816819650249	0.150447682834264	0.104228191326679	0.0538816720591677	0.0170752213649528	0.00292346610896691	0.000180781894074192	
0.000164433421772963	0.000377084162712434	0.00224519619503535	0.00978440676624985	0.0271896226438422	0.0645271364599586	0.12008461521343	0.165316169616165	0.180709857845452	0.167682527279876	0.130435266394507	0.0817481374515045	0.0377541609073758	0.0103716689868676	0.00154419055484535	6.55261004057673e-05	
0.00017111164290736	0.00086175791174359	0.00416495658352046	0.0154521253181995	0.0393606376264583	0.0880840579746085	0.143217965234578	0.177203465382751	0.177911470803766	0.153108962158288	0.107441992533085	0.0608066302041808	0.0251558913862647	0.00625549448164952	0.00077620209028991	2.7278667709869e-05	
1.11505510230631e-05	0.000319649129327808	0.00187329257187459	0.00738909847794978	0.0234855383547981	0.0558692164260006	0.111011169135275	0.161541749521456	0.18478321470386	0.169250497128733	0.133205721471625	0.0867339416578392	0.0442491033098552	0.0162389191399208	0.00369826608931591	0.000338233381032913	1.23895011367367e-06	
4.93182370209812e-06	3.20568540636378e-05	0.000593051800177299	0.00343378225258582	0.0130545373394537	0.0356385910272865	0.0749797486989233	0.134778111086863	0.178905603661386	0.181592214623104	0.153013529225371	0.113735252305936	0.0671356831007362	0.0303701703575202	0.0107550745383505	0.00185313275606337	0.000124528548477978	
9.96274425635494e-05	0.000162355832325784	0.00126071763737825	0.00604898472256217	0.0195331285845892	0.0491642979524716	0.0982092889675522	0.155297043524893	0.18711386678704	0.175291410269498	0.13649451618577	0.0925452843625504	0.0505111133797195	0.0204482250940618	0.00678081593645491	0.000993814488782073	4.5508831788288e-05	
0.000125953138023647	0.000212391566079091	0.0025894483376038	0.00996758558947921	0.0305448708054209	0.066279751798228	0.122401753465255	0.173770876423919	0.187130552897231	0.162712931806254	0.116548637051215	0.0736146698360757	0.0360213626400766	0.0136473929552681	0.0038156391813046	0.000606303831074615	9.87867749205075e-06	
1.10965759665426e-05	0.000276181446278393	0.00078415803496901	0.00470864706846957	0.0170800963182794	0.0420473922430002	0.086465752884185	0.142132342696789	0.187132657099774	0.182410447549568	0.145700508346475	0.0980653736278776	0.0560562029243176	0.0252595057585065	0.00921632281665621	0.00236973544529943	0.000283579163589422	
0.000132519227672987	0.000691081579827353	0.00231351324573028	0.00784340438180399	0.0248479744374125	0.0588955079697311	0.109398957185143	0.162674163704594	0.191719406016621	0.170346655437623	0.125261632587345	0.0811513072340636	0.0404443728868137	0.0171655747247439	0.00582713052524677	0.00115304113050048	0.000133757725127875	
7.44616423259831e-06	0.000212215680629052	0.00121620682465772	0.00409042621844067	0.0141092401934017	0.0378426476574367	0.0767178300884604	0.132907826415019	0.174875649057316	0.188641124668646	0.154852913435859	0.105989942714176	0.0642728076010445	0.0290152199596914	0.0112486721007119	0.00342523554699522	0.000510062249932985	6.45334233491854e-05	
6.92466826511092e-05	0.000305427332407571	0.00204772332982566	0.00752439399878571	0.0226337728436769	0.0539035962522706	0.0971543323074108	0.151793674562849	0.183365215660137	0.178590904200924	0.139734859398321	0.086137927026362	0.048004026199977	0.0194039097171644	0.00692714136091989	0.0021144969166678	0.000249782676705787	3.9569532943491e-05	
0.000139331921929735	0.000725019204377735	0.00402582942566889	0.0127309919816328	0.0349797105595101	0.0740308725014272	0.118608456337938	0.168111978476301	0.185603683294842	0.163738435758736	0.117417353359317	0.0671629184735633	0.0341609813899407	0.0131576189284265	0.00431682352810621	0.000971624375934788	0.00011467140477403	3.69907757335579e-06	
1.6124871001032e-05	1.73652456934191e-05	0.000222027069937287	0.0014400750178614	0.00744224815432246	0.0203012125902993	0.049698092799873	0.0932538501230452	0.139987447408113	0.180112328332143	0.17885334801937	0.146362973326983	0.0961550865285385	0.0512584841628959	0.0236911566245932	0.00841098078907676	0.00230089505437803	0.00044529451456696	3.10093673096769e-05	
7.79957605530151e-05	4.4029864828315e-05	0.000557292289112672	0.00360290093909412	0.0128755904719373	0.0304183466156759	0.0664460980104791	0.112502594617035	0.157141329576118	0.183942937295182	0.165319562468943	0.127734411855356	0.0766371247240271	0.0388192448249184	0.0165791311020675	0.00552511903788455	0.00143159960498921	0.000334626972695194	1.00639691036149e-05	
1.13398684575259e-05	1.76397953783736e-05	0.000152458231484515	0.00164680089710959	0.00712899730363128	0.0199543885290931	0.0444119648212081	0.084817176120757	0.131382455963511	0.168877101025628	0.18116447849205	0.149236448857193	0.108838797469949	0.0592092331728952	0.0277826777209384	0.0111685104452788	0.00328604188191417	0.000732051508202505	0.000161278129173702	2.01597661467127e-05	
1.13856169296533e-05	9.23500039849659e-05	0.000509822624738921	0.00325881657897633	0.0117638724254274	0.029440675242988	0.0603589505497355	0.105919129228017	0.148655674907745	0.172771676633298	0.172299806064992	0.134045398249904	0.0878172633784162	0.0443077608160198	0.0191291015103653	0.0073728194962244	0.00166483020882487	0.000455424677186133	0.000125241786226187	
6.29003607964695e-05	0.00026795553699296	0.00128316736024798	0.00597930829731239	0.0194148253634383	0.0432641261630277	0.0808974120275554	0.127070050873812	0.162485470016656	0.16971901150825	0.157778007014648	0.112794184987445	0.0678204270179694	0.0325849029070031	0.0128505437107187	0.00453511601342545	0.000901991173821373	0.000233989342162867	5.66103247168226e-05	
0.000204211773873672	0.000917073732978698	0.00270236071316264	0.0109221978198201	0.0290682305363002	0.0595697019886218	0.102688454267212	0.143206325303092	0.169602263117474	0.164230115348331	0.137013571939548	0.0935916340825692	0.0525124938767789	0.0224645479590725	0.00823988243415423	0.00236534864462265	0.000536212510539457	0.000135305960603414	3.00679912452032e-05	
4.65594457160906e-05	0.000387575926501511	0.0015603706131879	0.00525240882213411	0.0181795760070368	0.0407080559166359	0.079080589367081	0.122777258353331	0.15812342783223	0.173148286801152	0.153941886261566	0.11521449433296	0.0726302185903058	0.0377169261202266	0.0143843519994765	0.00508127140004253	0.00143201754661922	0.000237830682171382	8.80854378412524e-05	8.80854378412524e-06	
0.000189270149069169	0.000844144864848496	0.00260561905218557	0.0104477122286182	0.0269861378542822	0.0563570795868359	0.100391410668275	0.143203056586727	0.162580534448429	0.166030298365463	0.138545749118632	0.0959322059562054	0.0562296376864626	0.0263072889196208	0.00913543919507191	0.00308257982783987	0.000933732735407902	0.000148892517267747	4.9210238757984e-05	
2.50080338308682e-06	0.000231324312935531	0.001613018182091	0.0045339565335364	0.0172180312925527	0.0399765924803343	0.0752516746004654	0.119354592662893	0.155686264212378	0.165530676729899	0.155692516220836	0.120383673255033	0.0763620313025559	0.0417271548484951	0.0184671825824046	0.00550551864786563	0.00178682401721553	0.000566431966269164	8.50273150249518e-05	2.50080338308682e-05	
1.98543435719701e-05	0.000656434234348263	0.0031915857291942	0.00724807630024235	0.0249705597311722	0.0544294420060829	0.0935164400169258	0.139098290168749	0.166836049035265	0.163453365249191	0.137818925904831	0.101904900176083	0.0599439859331976	0.0299701316218889	0.0120875725459101	0.00346954653920178	0.00104855751989467	0.000292851567686559	3.84677906706921e-05	4.96358589299253e-06	
9.78514787959561e-05	0.00140955674518732	0.00485665377669549	0.0113309535193089	0.0353231452190263	0.0718960643887503	0.112728619451883	0.155398057338489	0.169341273753756	0.155794417758929	0.121785455058921	0.0839652391911275	0.0445100365890213	0.0209290688255098	0.00773398270382215	0.00216140291770814	0.000590824751717355	0.000126339884015032	1.98180210219658e-05	1.23862631387286e-06	
1.49196947430456e-05	5.22189316006594e-05	0.000343152979090048	0.00290934047489388	0.00837119205874381	0.0179359596969313	0.0513859153108394	0.0903138855112358	0.134956098798219	0.16700360310628	0.16562850457413	0.14034956844783	0.103432027114059	0.0647825578821991	0.0327039708767559	0.0133966425713597	0.00493841895994808	0.00113265349257621	0.000313313589603957	3.48126210671063e-05	1.2433078952538e-06	
5.55883595504508e-05	0.000119823797253194	0.00099317869063472	0.00442853931085258	0.0116500848648956	0.028923241122539	0.0678857399798894	0.108489948389296	0.15585123072628	0.169648261566702	0.157434881325029	0.122982451372538	0.0859816039588794	0.049548993109514	0.023949935888092	0.00862607810535106	0.00279547683694822	0.000515118798500844	0.00010129434406971	1.60588594256858e-05	2.47059375779781e-06	
3.69226679335244e-06	0.000139075382549609	0.000109537248202789	0.00204920807031061	0.00762945395066393	0.0180871842650358	0.0447035048227158	0.0861258152217391	0.129681025071722	0.166531078424977	0.17000673223312	0.14295718570502	0.103889310764558	0.0677198652568771	0.0363048286234368	0.0163616649169425	0.00565409121622037	0.00155567507559916	0.000449225793191214	2.95381343468195e-05	1.23075559778415e-05	
4.67252946152787e-05	0.000227478407995436	0.000386098487084145	0.00349333057900018	0.0119813492297704	0.0261550984674103	0.059470233528104	0.105698764484841	0.148994668397962	0.172942611501308	0.16448287394991	0.125357817387712	0.0871205414232033	0.051567510673041	0.025389049558323	0.0115780361604596	0.0039113990045053	0.000869336402447422	0.000324617836274568	2.45922603238309e-06	
8.13018145086784e-05	0.000562953473188879	0.00112097956368026	0.00639327905000062	0.0191884600697225	0.038390470441863	0.0761255989849592	0.125789921038692	0.160673326845613	0.174604269577107	0.152157577698666	0.107389842200569	0.0710947412508161	0.0386577809532022	0.017556264551177	0.007376291898151	0.00219022160903682	0.000524766257283288	0.000121952721763018	
7.33375298697648e-06	0.0001870107011679	0.00089471786441113	0.00237246909128689	0.0114993246835791	0.0277741448538444	0.0549016971526704	0.100202289353224	0.143934680706729	0.167631258899815	0.166951664456355	0.13472715383158	0.0894070049563947	0.054242881676007	0.0277998129892988	0.0116252207765222	0.00446625556906867	0.00114162088163934	0.000212678836622318	2.07789667964334e-05	
2.79777783454428e-05	0.000527928513127052	0.00154242708443572	0.00549459238201588	0.0176162689564654	0.0380753234778568	0.0722361908376425	0.12282609621193	0.160201975231151	0.168808183135238	0.154044431144863	0.116458110575479	0.0713360362300065	0.0414557689570736	0.0189774486942284	0.00699079531092435	0.00258368700894437	0.000660518853981542	0.000127724640272674	8.51497601817826e-06	
0.000151068172836492	0.000680411050455561	0.00287392092004143	0.00916198254618758	0.0252561814074961	0.053479341729501	0.0920101856204853	0.140302450567472	0.170152312974581	0.165912735772097	0.139055231732534	0.0975852054708432	0.054867960374214	0.0296492438735813	0.0125797488884404	0.00410663721038721	0.0017088831711264	0.00039881997628834	6.76785414307485e-05	
3.70693232217786e-05	0.000328840770515778	0.00164300806795883	0.00524949448205187	0.0150908019051241	0.0366830847895001	0.0713321399402825	0.11274814025597	0.15361049229257	0.170248639496049	0.157067505629156	0.12359868989837	0.0779520035969201	0.0405598185277261	0.0208867699585421	0.00854866424879016	0.00286629573427752	0.00122926658941898	0.00025948526255245	5.97892310028687e-05	
0.000198784778354972	0.000748436665493118	0.00289076177680062	0.00862558288247509	0.0234829488165121	0.0517978047454477	0.0895190126863009	0.132541547216175	0.161473114957477	0.168271314877484	0.143303467716633	0.104285368721814	0.0591384715606042	0.0303817386243614	0.0149938807818229	0.00544143393280117	0.00189803538369055	0.000890939006603008	0.000108972378495798	8.38249065352292e-06	
4.75420182299869e-06	0.000366073540370899	0.00148093386786409	0.00475539037345444	0.0140201411760231	0.0357385236539369	0.0665707110265391	0.10895798592994	0.147374313760681	0.165102732358643	0.160252257948728	0.130118938244107	0.0834160366358793	0.0431990548646776	0.0233811645655076	0.0102583789835754	0.00336954054205032	0.00112199163022769	0.000468288879565371	4.04107154954889e-05	2.37710091149934e-06	
0.000143843498273878	0.000620177705672622	0.00326595483785772	0.00834881812522402	0.0214928125412666	0.0485153464506027	0.086571384104586	0.12979989247109	0.158967109358788	0.16394975381539	0.146252287347432	0.11006031994567	0.0638181723858213	0.0316384953498463	0.017023052689166	0.00653308872078326	0.00211049067139542	0.000657907147842819	0.000169782489765889	6.1310343526571e-05	
0.000264559907533373	0.00118640420756077	0.00522182466380315	0.0138123788168646	0.0312956733284811	0.0653662861315345	0.104963261447507	0.14644625494874	0.163219353086356	0.158311472846159	0.131770822922411	0.0906970154114965	0.0478888707289742	0.0220443073174919	0.0119122507698693	0.00377791547957656	0.00133690939940198	0.000348043256132793	0.00010347231939083	3.29230107152642e-05	
1.2833495890948e-05	0.000597340899651396	0.00216186071690241	0.00877344446362987	0.0218017761558313	0.0438590555480369	0.0857195857814199	0.124209573321262	0.15728265891368	0.165813433636826	0.142486804832861	0.112839095961882	0.0709738990027207	0.0358054535357448	0.0166683777994521	0.00762076319633382	0.00241853063472137	0.000735009310117928	0.000144668499134322	7.46676124564245e-05	1.16668144463163e-06	
6.84085731015172e-05	0.0011327995918675	0.00389696973210507	0.0132990903978712	0.0310621300574516	0.0620802003559565	0.102758952537204	0.140707159131095	0.167204466268196	0.159347915567588	0.127518218130591	0.0933881374896373	0.0544891676763695	0.0246665082061301	0.0118230884731554	0.00460308534259361	0.00143773950247256	0.00035595647359603	0.000135657678862331	2.43488141547773e-05	
0.000153671706012056	0.0016508066600386	0.00706191339900858	0.0221380391024641	0.0445647947434963	0.0810466905866767	0.119394766314231	0.154742751235777	0.168658189887005	0.144917075487733	0.110311837145245	0.0750604791297525	0.0411188231541351	0.0171809624039843	0.00784889880252487	0.00288600120609006	0.000816089893291299	0.00032713446507112	9.42985468710345e-05	2.67761305930098e-05	
0.000446822845214283	0.00293925652867521	0.0119478567048444	0.0331091073899146	0.060602675584506	0.100648009485677	0.137236284342234	0.160436164258594	0.164476187484073	0.130593285323149	0.0917348246045792	0.0575889485816284	0.0293052951997961	0.011867568224845	0.00469280347590938	0.00150919070375762	0.000556201354199029	0.000235047434201263	7.44704742023805e-05	
0.000885513459804589	0.00510952766482051	0.0192064419379175	0.0493012493789906	0.076731466318288	0.117660588440944	0.152387666292528	0.165558816494011	0.150533838114339	0.112513110199275	0.0735999687195245	0.0439479180083537	0.0205956630540784	0.0073394115590557	0.00321774890978343	0.000803862218705724	0.000433556590060169	0.000136852080151618	3.68005593685024e-05	
