# <P(U)> as a function of N_tot.
# number_of_species: 1
# species_total_upper_bound: 103
# species_total_lower_bound: 0
# volume: 729
# Bin widths for each
10	10	10	10	10	10	10	10	10	10	10	10	10	10	10	10	10	10	10	10	10	10	10	10	10	10	10	10	10	10	10	10	10	10	10	10	10	10	10	10	10	10	10	10	10	10	10	10	10	10	10	10	10	10	10	10	10	10	10	10	10	10	10	10	10	10	10	10	10	10	10	10	10	10	10	10	10	10	10	10	10	10	10	10	10	10	10	10	10	10	10	10	10	10	10	10	10	10	10	10	10	10	10	10	
# Bin lower bound for each
0	0	0	0	-10	-10	-10	-10	-10	-20	-20	-20	-20	-20	-20	-30	-30	-30	-40	-40	-40	-50	-50	-50	-50	-60	-60	-60	-60	-70	-70	-70	-70	-80	-90	-90	-90	-100	-100	-100	-110	-110	-110	-110	-130	-130	-140	-140	-140	-150	-150	-150	-160	-160	-170	-170	-170	-170	-180	-180	-180	-200	-200	-210	-220	-220	-220	-220	-230	-230	-230	-230	-250	-260	-260	-260	-260	-270	-270	-270	-270	-280	-280	-290	-290	-290	-310	-310	-320	-320	-320	-330	-330	-330	-340	-340	-350	-350	-350	-360	-360	-370	-370	-370	
# Bin upper bound for each
0	0	0	0	0	0	0	0	0	0	0	0	0	0	0	0	0	0	0	0	0	0	0	0	0	0	0	0	0	0	0	0	0	0	0	-10	-10	-10	-10	-10	-10	-10	-10	-10	-10	-10	-20	-20	-20	-20	-20	-20	-20	-30	-30	-30	-30	-30	-30	-30	-40	-40	-40	-40	-50	-50	-50	-50	-60	-60	-60	-60	-70	-70	-70	-70	-80	-80	-80	-90	-90	-90	-100	-100	-100	-100	-110	-110	-120	-130	-130	-130	-130	-140	-140	-140	-150	-150	-160	-160	-170	-170	-180	-180	
# Normalized histogram for each
1	
1	
1	
1	
1.55574608643429e-05	0.999984442539136	
0.000103387012958746	0.999896612987041	
0.000438033459530452	0.99956196654047	
0.00143164965343166	0.998568350346568	
0.00390875400702738	0.996091245992973	
2.70788360925436e-06	0.00947808497486468	0.990519207141526	
3.44256341140329e-06	0.0206391512409089	0.97935740619568	
1.0817880973806e-05	0.0407671844497878	0.959221997669238	
3.98178798994426e-05	0.0739273013997214	0.926032880720379	
0.00016008321376273	0.12434801746407	0.875491899322167	
0.000435301634520748	0.192813538913753	0.806751159451726	
2.459083312759e-07	0.00102174911645137	0.279137678172881	0.719840326802336	
1.00956998474564e-05	0.00240031419787818	0.379732266964777	0.617857323137497	
2.83269651031496e-05	0.00507348261069193	0.486844464763226	0.508053725660979	
1.47761778460766e-06	8.39779440918684e-05	0.00998253948317855	0.59187384099355	0.398058163961395	
4.67765307865892e-06	0.000238806499278903	0.0188566043291433	0.684195638162362	0.296704273356137	
1.42767930482849e-05	0.000574763995995606	0.0332422818549099	0.757025474475679	0.209143202880368	
1.72157888458904e-06	2.48399239062133e-05	0.00127323055507392	0.0554569746694261	0.802975380192251	0.140267853080458	
1.47483706737498e-06	7.93953954603532e-05	0.00256941197754511	0.0881819830954175	0.820152222849847	0.0890155118446623	
6.14656861660409e-06	0.000138420725245924	0.00501412481468096	0.134087640233963	0.807328922555694	0.0534247451017995	
1.8194804891452e-05	0.000337587393458968	0.00936934101613068	0.192580207740414	0.767144854005131	0.0305498150399732	
1.47567243318463e-06	2.97593940692233e-05	0.000731195690642982	0.0164793259521838	0.262470969219195	0.703838691294984	0.0164485827764924	
3.43783534242068e-06	8.96292785702534e-05	0.00145837886418831	0.0280375116947792	0.341050209585176	0.620927331527651	0.00843350121429256	
2.21127069933647e-06	0.000196803092240946	0.00309897303674788	0.0456121264119578	0.421490553697269	0.525517572476854	0.00408176001423076	
1.05750048202348e-05	0.000389307735591433	0.00582215497940087	0.0707285834018659	0.495092705902722	0.42621228904095	0.00174438393464942	
2.46162389882332e-07	2.78163500567035e-05	0.00088249216772816	0.0104520550744038	0.105655113199006	0.552397510904378	0.329859817903834	0.000724948238203467	
3.95254183024426e-06	8.86851573161055e-05	0.00172726077981674	0.018145872508787	0.14928552865741	0.587927504454021	0.24250276924962	0.000318426651199053	
5.42705629312814e-06	0.0002402705831594	0.00318074835652701	0.0294062578399379	0.20352151815486	0.594408207879938	0.169112254465789	0.000125315663495868	
3.0095182180692e-05	0.00046992886929687	0.00573041870538913	0.0454760404114159	0.262649288754639	0.573932638595098	0.11167088698149	4.07025004902801e-05	
2.22282979569971e-06	7.55762130537903e-05	0.000981255864257218	0.0102064934785879	0.0679514128923634	0.324264434747967	0.527019607581628	0.0694903520542529	8.64433809438777e-06	
4.94005734418565e-07	9.8801146883713e-06	0.000209211428526262	0.00207581209602681	0.0174154311583249	0.0982379803464759	0.380921399735608	0.460397042288867	0.0407315138114123	1.23501433604641e-06	
1.97875607478115e-06	4.08118440423612e-05	0.000428648034699467	0.00407450610248373	0.0276627625809311	0.13589700970382	0.427009377325038	0.382445811764892	0.0224390938880182	
7.91419626266921e-06	0.000109809473144535	0.000952176737852389	0.0076582214772985	0.0417919026395576	0.179057701168358	0.455690764652331	0.302895581825741	0.011835927829455	
1.23534937409789e-06	2.29774983582207e-05	0.000257940949311639	0.00188810798337121	0.0130334300364823	0.0620592582270562	0.225947871221252	0.463767449927584	0.227184703014598	0.00583702579261251	
3.45796412362222e-06	6.71833029732317e-05	0.000582419957392942	0.0036582790453549	0.0205701935842416	0.0878510605452468	0.274198524190312	0.448236129550156	0.162205193121121	0.00262755873907808	
1.63321827393079e-05	0.000158125223794209	0.00116898835243168	0.00674123215430646	0.0317423395257877	0.119759194338375	0.31546650281693	0.413192840268036	0.110534480578436	0.00121996455916346	
4.70618891088138e-06	4.06218411255024e-05	0.000330424000374514	0.00225451218246538	0.0115031641689601	0.0475057570313559	0.155434521183671	0.349629214237361	0.361712478113125	0.0710691495198325	0.000515451532818113	
2.05610490990421e-05	8.02624085312004e-05	0.000749858983407233	0.00412682550531255	0.0189186424059499	0.067948074185256	0.194263764569547	0.369719371406616	0.301363792091626	0.0426319728277066	0.000176874566948386	
3.5436493343391e-05	0.000221044420016117	0.00144199269066568	0.0075296353163562	0.0294521865059816	0.0933513704258426	0.233180551659469	0.371895837525413	0.23860159171807	0.0242405439080455	4.98093367973538e-05	
7.50765260233079e-05	0.000484404648104181	0.00288016349338261	0.0124939232613838	0.0436766981789854	0.123191906998272	0.268143865454937	0.357110292124497	0.178918511492655	0.0130085567417481	1.66010800117546e-05	
4.94722302477173e-07	7.4208345371576e-07	0.000169937110900909	0.0010013179402138	0.00547830741648098	0.0201312399324011	0.0613487812021356	0.156974891853705	0.293604576379187	0.327257071560592	0.127466438039	0.00656249134235971	3.7104172685788e-06	
9.92717917714605e-07	2.10952557514353e-05	0.00035886752725383	0.00210605106243153	0.00923277299370468	0.0308725345230065	0.0844966746431551	0.190888735679424	0.30848411477606	0.284677746391346	0.0857537037064613	0.00310596618504957	7.44538438285953e-07	
1.24117031438348e-05	1.01775965779445e-05	6.20585157191738e-05	0.000821654748121861	0.00388312544558014	0.0151055391941727	0.0446250374833435	0.110813175072534	0.222101221907351	0.310900752049917	0.235436852233213	0.054818769275375	0.001409224774951	
6.21876315268407e-06	3.13425662895277e-05	0.000228850484018774	0.00169001107437342	0.00693367216471663	0.0236827913391037	0.0632806413385564	0.139740831801859	0.247020714948812	0.29861729532558	0.185221382993225	0.0329793447513142	0.00056690244899868	
1.46613683629042e-05	8.39922458756204e-05	0.000514638879314822	0.00301651441622531	0.0112850291773655	0.035746901046449	0.0852598329945895	0.169192936401221	0.263447394637567	0.274322899491847	0.138377225080085	0.0185344545883995	0.000203519672698619	
6.20927954474556e-06	2.58306029061415e-05	0.000183297932160889	0.00115691296477699	0.00534991525575277	0.0184122524484431	0.0511674439028849	0.110172737189511	0.195596527969576	0.270703476600454	0.240076577802769	0.0972770570598018	0.00978483107779184	8.69299136264378e-05	
7.69059400659605e-06	3.67163842895553e-05	0.00041330740693513	0.00223920327430761	0.00947009822625132	0.0283748187128526	0.0706715972470651	0.135931249066585	0.216964805360989	0.265183093196603	0.200304497905926	0.0655176588442575	0.00486442475101082	2.0839028921099e-05	
1.2610518210701e-05	9.09935431674111e-05	0.000859987888957216	0.0042153747932555	0.0155124209895399	0.041550421178945	0.0935107015082922	0.160329139470601	0.23173162443503	0.249242194398309	0.159145976144361	0.0415390469860491	0.00225406831389706	5.43983138500827e-06	
2.22714173084547e-06	4.7017436540071e-05	0.000245480510777634	0.00171465167255869	0.00789323775430865	0.0243020756466011	0.0583125095581499	0.116969731164196	0.183019331095303	0.238439525925662	0.223607751839	0.119559402076785	0.024870244248159	0.00101607154965017	7.42380576948489e-07	
1.38641864297343e-05	0.000114131963287634	0.000594426993174859	0.00332369112177113	0.0131358214926579	0.0358238198606451	0.0785440821710524	0.140348149527231	0.20152956636786	0.234402047542276	0.191725853538735	0.085595753993876	0.0144380647180223	0.000410726522980879	
7.44404312780827e-07	3.59795417844066e-05	0.000216373520248294	0.00132876169831378	0.00631775940257088	0.0210500170220453	0.050613289899823	0.100871995211991	0.162843654250995	0.212192945627716	0.221180883300232	0.15713779519353	0.0584297833187926	0.00762220389333381	0.000157813714309535	
5.97393274446951e-06	9.03557327601013e-05	0.000502308178264144	0.00281347340878079	0.0107692583412281	0.031907770443669	0.0683582189117785	0.124152759434209	0.181487827863119	0.215658225333756	0.199787477342616	0.122976641425141	0.0375708097715618	0.00385816489746989	6.07349829021067e-05	
1.44756808561616e-05	0.000156986263078029	0.0010642121236323	0.0048695691238719	0.0179421072598035	0.0459448127146394	0.089066118920214	0.146565519926523	0.194470040332242	0.209895375768709	0.173803010941618	0.0913882177941059	0.0229287297340468	0.00187509983228177	1.57235843782446e-05	
3.68505282410416e-05	0.000364995708292221	0.00206187479443923	0.0086678960203435	0.0278454624214858	0.0636423663754723	0.110993540378152	0.16591411370218	0.200802288643419	0.196474231704089	0.144306417908053	0.0645641309492295	0.013416099118395	0.000897698922661019	1.20328255480952e-05	
1.50244861563133e-06	9.34022222717474e-05	0.000783777361154341	0.00393366088382541	0.0146741652207685	0.0407802115497732	0.0833390718523514	0.133297491586914	0.18059382278268	0.199004828118626	0.1769528889708	0.115260846364362	0.0435201770084796	0.00742159534501354	0.000341055835748311	1.50244861563133e-06	
1.52812731254512e-05	0.000243247806636281	0.00172177360969224	0.00707046971627436	0.0231085416304467	0.0573183019048483	0.10413411045705	0.154746689099242	0.188419600712859	0.191407465377896	0.152697244911712	0.0872525623688879	0.0277159707341074	0.00402223149675812	0.000126007875116426	5.0102534837545e-07	
6.28107404356201e-05	0.000653985429415677	0.0033279642712409	0.012395322760527	0.0349172443370465	0.0762864079316398	0.126262904152569	0.171297702558985	0.190587132189726	0.17676751307908	0.125643339008912	0.0627014497472621	0.0171247202723675	0.00191145645293679	6.00470678564528e-05	
2.51651019425697e-06	8.30448364104801e-06	0.00016961278709292	0.00131940629484893	0.00590826263407652	0.0199048406835144	0.0503052904342163	0.0979727748828124	0.147515562728169	0.181544065225931	0.185228487801343	0.155757636916399	0.0998075624654452	0.0435545001871025	0.010092715785087	0.000883798380223048	2.46617999037183e-05	
1.2288949826475e-05	4.84034146226465e-05	0.00044365616822519	0.00274043581130393	0.0104323152230996	0.0304640558249371	0.0693736297193956	0.119192279931242	0.163005646396253	0.187135877162667	0.174452426967273	0.131855415740189	0.0762381367745068	0.028638770583364	0.0055714085794927	0.000390236855714186	5.01589788835715e-06	
1.75804437153304e-06	4.59603028557924e-05	0.000111761392190315	0.000990783577956836	0.00523972567475627	0.0171175757472254	0.0445440725399246	0.0902158049695896	0.139453604832311	0.174934958636983	0.18394493604109	0.158025836722382	0.108351037258737	0.0555896141770707	0.0183032511012264	0.00295778408050638	0.000170028005646839	1.50689517559975e-06	
2.26268347220344e-06	1.08105988116386e-05	0.000106597532468251	0.000288115028793904	0.00213647601630942	0.00932426717967567	0.0269432805591745	0.0611967885984888	0.112397544435332	0.157978548755046	0.181200720639545	0.17426710425289	0.137087443665467	0.0853976967893527	0.039146435343317	0.010966472561946	0.0014808006279198	6.86347319901709e-05	
1.51064285658536e-06	1.30922380904064e-05	0.000160883464226341	0.000713526975927151	0.00398432053424388	0.0150691660420578	0.0398147549019731	0.0815764766722753	0.133215536760361	0.171339378758196	0.18129174567119	0.159683762024402	0.114951612850435	0.0650862992497896	0.0262056251808051	0.00619993005723574	0.000666445273563574	2.5932702371382e-05	
2.77396637599702e-06	4.18616744014096e-05	0.000328841104936374	0.00160511781665646	0.00705747481805933	0.0239125988761401	0.0558641523099196	0.102633477587991	0.152621360398503	0.179776221610661	0.173622807652415	0.141114695692106	0.0934622403914218	0.0471892029158926	0.0170553539946755	0.00342937897701668	0.000270839989801891	1.16002230268966e-05	
9.09667261403753e-06	0.00011219229557313	0.000702717959434399	0.00326646352449064	0.0123858778200633	0.0355017863590846	0.0744135615216813	0.124716644965206	0.168923694330575	0.180327384193672	0.160952734952524	0.121075701751438	0.0722098925809307	0.0329016541035722	0.0106155642552314	0.00177612532789083	0.000106127847163771	2.77953885428925e-06	
2.5276052406356e-07	4.39803311870595e-05	0.000223945824320314	0.0012693633518472	0.00606878018276608	0.0195452130442629	0.0501732167871408	0.0957269822364959	0.144859836706591	0.179040642375706	0.175589450180142	0.144039628806005	0.0994056589037169	0.0544989603959645	0.0222371126255398	0.00629601189389922	0.000936730502179554	4.4233091711123e-05	
1.08898281154595e-05	8.86381358235078e-05	0.000508023144177019	0.00274145091511278	0.0104600597826238	0.0300475682887192	0.0679573392249836	0.117198102941292	0.162419253823912	0.181669684162062	0.16454631583186	0.125124631550263	0.0788534986358591	0.0398025750138212	0.0145472908513541	0.00355261648380619	0.000456613025399384	1.54483608149542e-05	
2.36215252545854e-05	0.000210815763024795	0.00118082226783406	0.00489067170728003	0.0170268017953375	0.0430973458295435	0.0890343545875415	0.137727715948365	0.175636708053442	0.177951363533496	0.148391437628887	0.105270470274088	0.060400240075975	0.0278551121679556	0.00914864213059046	0.00194585489220838	0.00020446589064453	3.55592853294834e-06	
7.3328753681078e-05	0.000498788293268166	0.00241883041656334	0.00899881299079979	0.0261872765446269	0.0593777036795248	0.110150736419286	0.155225513925079	0.180152197902085	0.169436269929253	0.131064962655805	0.0866748414647622	0.044801322361858	0.0183795465736885	0.00544720609810063	0.00101336263767601	9.82808990308892e-05	1.01845491223719e-06	
1.77836898666757e-06	3.81079068571622e-06	0.00016691263203437	0.00106905381369959	0.00446040347127464	0.0153943241067316	0.03937308936482	0.0781572845423406	0.131593461801015	0.167625249892599	0.178917892957938	0.155772166543748	0.111438952022399	0.0686468212543548	0.0318363615993228	0.0118363158698346	0.00318023185358637	0.000495656841855489	3.02322727733487e-05	
2.80370925636965e-06	5.09765319339936e-06	3.9761694908515e-05	0.000338739054701387	0.00212546649898786	0.0080762119543026	0.024502634722053	0.0548374944626742	0.0989370373561124	0.150205409935428	0.176057393457774	0.171352259560266	0.138656676625782	0.0918727095606995	0.051577035480176	0.0219882172844088	0.00749711855153243	0.00171306635564185	0.000200082887840925	1.47831942608581e-05	
1.45694981676939e-05	1.68699452468035e-05	0.000123712931809892	0.000854999497735721	0.00403421736106514	0.0133029742480286	0.0359761806597324	0.0737495216987115	0.121361108079349	0.165615064145411	0.177386707454445	0.159013036633597	0.118413979765779	0.0729259616443902	0.0371591216688568	0.0145643860630737	0.00451552201106106	0.000888483782998316	8.07712529998469e-05	2.81165754113391e-06	
2.94243547175044e-05	2.81450349471782e-05	0.000292452499496588	0.00168409654565752	0.00711736761023323	0.0208889890738416	0.0505674166977328	0.0939780627363064	0.141724323476516	0.175782630266096	0.172599938541478	0.142986244497965	0.0978234421019531	0.056081029043885	0.0259387200712735	0.00941528178169329	0.00258473766396722	0.000444691552165415	2.9936082625635e-05	3.07036744878307e-06	
3.65091212383071e-05	7.40466684269891e-05	0.000662049205553809	0.00340229015032759	0.0115250554128757	0.0317912171909625	0.0685391903562442	0.114306716212801	0.158479667633301	0.178968740736132	0.160732434677597	0.124708987594355	0.0787951681463574	0.0423490379975107	0.0180231647803192	0.00584994391221973	0.00149378869291947	0.000251964357841838	1.00271530161548e-05	
2.30781598295909e-06	1.89753758598858e-05	0.00016872699075412	0.00138725382975652	0.00628033656162599	0.0185127869673016	0.0461301644113749	0.088348324307636	0.133478435126395	0.171105579760556	0.176063281339949	0.145056235064905	0.104635350971373	0.062031016533963	0.0303947057675655	0.0119924375434478	0.00350121327014704	0.000771066962306442	0.000114877951151741	6.92344794887726e-06	
5.89492828563439e-06	7.56088627940064e-05	0.000468262346863219	0.00281367490085628	0.0102802423276868	0.0284917262118499	0.0638038844501788	0.10890316145004	0.150376288650546	0.176922432226907	0.165945306855366	0.128300807425764	0.085337032272682	0.0467567770530433	0.0211576665208313	0.0078543511875333	0.00203759477699102	0.000418283607050232	5.02350410427974e-05	7.68903689430573e-07	
3.13169898006725e-05	0.000248225648665986	0.00103063700040738	0.00518886583467864	0.0170454268338857	0.0422745991746176	0.0837929700545403	0.129074000250023	0.163444396556261	0.174087295852373	0.15216001236251	0.109753471116109	0.0674978674926822	0.033830563277133	0.0143090406758925	0.00492318481464834	0.00109378437328414	0.000197656411037031	1.6685281451178e-05	
0.000116565907028464	0.000609925995986656	0.00230192103682307	0.00912153785196641	0.0265412390240162	0.0595669678804688	0.104550671659914	0.147739362721916	0.170154782141899	0.166309896598883	0.134483058321298	0.0902864300412838	0.0518171244519996	0.0237784225258503	0.00915758125742916	0.00279630363373765	0.000577461368371273	8.38456524239829e-05	6.90192870563274e-06	
1.58543770354974e-05	0.000224007004566061	0.00112387075920986	0.00445405708394023	0.0155232251280625	0.0387700890299985	0.0783579570561184	0.124905896600822	0.161708508583867	0.172137108652603	0.154370489174018	0.114525882526226	0.0719637845113988	0.0378060406199368	0.016312619674975	0.00578454617612883	0.00167647251362454	0.000299443153363992	3.83573637955583e-05	1.79001031045939e-06	
4.55597423878117e-05	0.000436144949600175	0.00204788482497124	0.00818795594936009	0.0241781457594374	0.0548329416389938	0.0989265817549101	0.143115436613345	0.169777100240136	0.166770669149758	0.138756802607041	0.0952562070029931	0.0554154920528964	0.0267151579310553	0.0111539463695284	0.0033000098798093	0.000915034151890038	0.000154340026178935	1.45893557084566e-05	
5.11534593549958e-07	0.000133766296213314	0.000905160463286651	0.00401887153422525	0.0139237158691331	0.0361736803174788	0.0728860065619658	0.119198046756308	0.158139640759486	0.172166430849219	0.156223943706641	0.120885599380429	0.0759252893495428	0.0410460473210422	0.0188098943067223	0.00700086244732473	0.00197401199650929	0.000513069197330608	7.00802393163442e-05	5.37111323227456e-06	
7.14254374552953e-06	0.000305598835969442	0.00186216319079877	0.00685327072383559	0.021635020096057	0.0508850121882407	0.0923314079076122	0.139724991658529	0.168184202121744	0.167732436229839	0.141836123517029	0.101182550153412	0.0590667960487448	0.0298826173953592	0.0126017429847466	0.00448245638201589	0.00114178663589251	0.000244377032436332	3.92839906004124e-05	1.0203633922185e-06	
6.16826412812861e-05	0.00073687816505867	0.00354904585620094	0.0114836765301118	0.0320441321456281	0.0673230345412596	0.113735653688163	0.157022594198569	0.171707395901622	0.157925403766413	0.124613463944202	0.0825594115985796	0.0445570421695161	0.0209812739657452	0.00824202433252755	0.00272040839006267	0.000621414377866841	0.000102464552872219	1.27443473721665e-05	2.54886947443331e-07	
3.05344599191956e-06	1.06870609717185e-05	0.000150891122767358	0.00159669779994127	0.0062786483208846	0.018653247110804	0.0470462235743333	0.0874341537094534	0.134297679431937	0.168718412737348	0.16804996251895	0.144390336250562	0.104939050673463	0.0646462862717577	0.0324772149315545	0.014081729553235	0.00528297047368617	0.00158346620064295	0.000305853506857276	5.06363126993328e-05	2.7989921592596e-06	
1.14439433692648e-05	4.29783650979055e-05	0.000497430071784042	0.00296703305087138	0.0101136485300509	0.0290164998775498	0.0635634761206863	0.10842144533953	0.152888794624704	0.172648670175634	0.159898082783452	0.127687959776319	0.0863689664669571	0.0491207109689689	0.0235185751731024	0.00897866365767249	0.00324117907202843	0.000804127754080338	0.000184628953024138	2.51766754123825e-05	5.08619705300657e-07	
1.52125728872398e-06	2.86503456043017e-05	8.16408078281872e-05	0.00111026427788705	0.00551607892891317	0.0167672978363158	0.042116261581205	0.0835051086355184	0.128248328011468	0.166086307011018	0.171885086252753	0.145943846336787	0.10915781675239	0.068452521306476	0.0366894297465636	0.0162860734473161	0.00561698899573186	0.00196039355940231	0.000455363015091379	8.21478935910952e-05	8.87400085088991e-06	
1.88081623357908e-05	7.34534988519396e-05	0.000326347032961559	0.00234339536129717	0.00915093346942987	0.0256406085508006	0.057957860566451	0.104451892024882	0.147227498956655	0.172225071687057	0.165272405731711	0.130453159796689	0.0899182658264332	0.0528621193952312	0.0257806531108955	0.0111357029245676	0.00374358679789003	0.00112111897382666	0.00026077262914218	3.63455028921362e-05	
2.2368635106556e-05	0.000218094192288921	0.00081848869367171	0.00434129453391899	0.0145810456320156	0.0381845310720677	0.0766479075158614	0.124060263136489	0.161927820481536	0.174617953879941	0.152097822108346	0.112789521311209	0.0724466711403937	0.039164429803156	0.0178725394501383	0.00721210549861721	0.00223711769969091	0.000636997722466244	0.000113368309744591	9.65918334146738e-06	
5.58481235665119e-06	5.05171663169813e-05	0.000456431482602675	0.00177393948855812	0.00780782152970549	0.0222041985096167	0.0534786399966491	0.0981271839472184	0.143391834242769	0.171981250261788	0.168506481555523	0.13591757832382	0.0940330087795789	0.0554721641528665	0.0286099782826956	0.0120271472651555	0.00454426027256423	0.00127689118881616	0.000295995054902513	3.27473088185456e-05	6.34637767801272e-06	
2.17516117691395e-05	0.000225862666393507	0.000876387613721726	0.0036717226517744	0.0131883057264912	0.0333626727166498	0.0717408624261141	0.120096212943221	0.159067007610535	0.173606695449613	0.156195289005572	0.118846759895086	0.0751153973589496	0.0422613582616921	0.0200312110336315	0.00796033113035033	0.00281986883272252	0.000740060651587235	0.000144673510836602	2.68101261340557e-05	7.58777154737425e-07	
5.51650002872123e-05	0.000502052112705638	0.00203933365740662	0.00660740056192385	0.0202850309771721	0.0487352411482316	0.0927533686709866	0.138876369920297	0.170682788342775	0.169273550330851	0.140379236602433	0.0994159342331976	0.0585391751212934	0.0309462999088259	0.0137651858744197	0.00486413594275594	0.0017883076010538	0.000409941745253596	6.45278673084364e-05	1.69543808222166e-05	
9.61728276329842e-06	0.000136160477017225	0.00102272209596023	0.00368493781667434	0.0114670911769023	0.0304311073541843	0.0665364115387146	0.112397942913834	0.155849332611193	0.174109768628424	0.158889153223561	0.124418280936015	0.0805050085796286	0.0447909759517314	0.0224075095793198	0.00899722111145418	0.00298312926134207	0.00109383937113094	0.000236382686866335	2.73333299588482e-05	6.07407332418848e-06	
6.37764176659152e-05	0.000381133970115031	0.00190465349332152	0.00646250759727047	0.0179331155618525	0.0436563553835427	0.0863418355005458	0.132390441769844	0.16735440174163	0.173141285854543	0.14453641912947	0.105372108717703	0.0626802763678644	0.0335763782312538	0.0159446125951056	0.00570481326468179	0.00180733728628548	0.000625313800302061	0.000109004315452899	1.39749122375511e-05	2.54089313410021e-07	
9.38410115147994e-06	0.000143551385182098	0.000826561774396571	0.00336026908529615	0.0107453030671554	0.0278134613155647	0.0593584977727977	0.10709744932522	0.149487463221298	0.172018436461646	0.165000143297761	0.130063134710801	0.0856180026625485	0.0485475059975819	0.0244493878649369	0.0105312441111595	0.00342113893060305	0.00112685301124393	0.000327175418524571	4.53987596247273e-05	9.63772550692534e-06	
8.61491870810679e-05	0.000290120056493596	0.00174756159793566	0.0060661696703172	0.0173129460437506	0.0406160477692175	0.0794561553847549	0.127717943507417	0.163194432127363	0.172055889538499	0.151907621719933	0.11006014733538	0.067277447511074	0.0360377252357827	0.0166455432238343	0.00666186596098658	0.00207442174891971	0.000609632188579557	0.000144679958303793	3.04055954403769e-05	7.09463893608795e-06	
0.000129189391139791	0.000703561870804517	0.00294952831912673	0.0101409864891755	0.0262414364438958	0.0575055229099238	0.100749958375127	0.145450756760488	0.170538118230882	0.165893645404817	0.134306966176238	0.090658464874699	0.0518255044731509	0.025431274289636	0.0114988710522362	0.0042294931511856	0.00134392500213201	0.000314470836192928	6.80211332523848e-05	2.03048158962343e-05	
4.56864039546151e-06	0.000292900612020144	0.00148607719530151	0.00547779983415835	0.0162945635971241	0.0384430784209662	0.076680060397426	0.121279889377987	0.158525984015343	0.172118196818551	0.15291924699669	0.115399287748962	0.0730203256273061	0.0386052651550051	0.0182392815254589	0.00772506328201481	0.00255691574132663	0.000748495584789778	0.000142135478969914	3.95948834273331e-05	1.26906677651709e-06	
2.54381466376875e-05	0.000557858555764488	0.00276487215805026	0.00924981888039594	0.0251931772855666	0.0552592859410486	0.0959918638631794	0.140685669979731	0.168320654961049	0.166298067921887	0.137071418105448	0.095056757592778	0.0562328038128729	0.0278099994301855	0.0125855230489959	0.00488107157683948	0.00144590425488616	0.000461447980007652	9.48842869585745e-05	1.34822177179744e-05	
2.55770240569815e-07	0.000141440943035108	0.00114047950270081	0.00535224805416395	0.0152352101497816	0.0368692801781389	0.0731098771049571	0.117247635979609	0.155691949299177	0.17112972947949	0.155975086955488	0.117604179694963	0.0766223698187024	0.0421813723045334	0.0193410898216489	0.00806801646853425	0.00313983547323505	0.000801072393464661	0.000312807004216884	3.01808883872382e-05	5.88271553310575e-06	
9.01027995712137e-06	0.000377402011918283	0.00204868022567919	0.00914285979077615	0.0235575056661789	0.0519571357813148	0.0947214690772341	0.136670500755319	0.165270159085503	0.166577936862137	0.140777386359775	0.0973040727495152	0.0594052906304416	0.0311935892115542	0.0132590131117594	0.0051600586131583	0.00192382348913051	0.000469564304051125	0.000154976815262487	1.95651793354635e-05	
4.16016371923804e-05	0.000705419065436016	0.00410848466682515	0.0152352430465835	0.0348823267976558	0.0691855898130252	0.11497323025085	0.152346228979545	0.169319696954037	0.157270209093446	0.122461266550217	0.0789506051617038	0.0451098696654298	0.0218204463002966	0.0086061125983194	0.00350383975359428	0.00108138417173983	0.000320410124959949	6.87331397091503e-05	9.30222943432109e-06	
