# <P(U)> as a function of N_tot.
# number_of_species: 1
# species_total_upper_bound: 103
# species_total_lower_bound: 0
# volume: 729
# Bin widths for each
10	10	10	10	10	10	10	10	10	10	10	10	10	10	10	10	10	10	10	10	10	10	10	10	10	10	10	10	10	10	10	10	10	10	10	10	10	10	10	10	10	10	10	10	10	10	10	10	10	10	10	10	10	10	10	10	10	10	10	10	10	10	10	10	10	10	10	10	10	10	10	10	10	10	10	10	10	10	10	10	10	10	10	10	10	10	10	10	10	10	10	10	10	10	10	10	10	10	10	10	10	10	10	10	
# Bin lower bound for each
0	0	0	0	-10	-10	-10	-10	-10	-20	-20	-20	-20	-20	-20	-30	-30	-30	-40	-40	-40	-50	-50	-50	-50	-60	-60	-60	-70	-70	-70	-70	-70	-80	-90	-90	-90	-100	-100	-110	-110	-110	-110	-120	-130	-130	-140	-140	-140	-150	-150	-150	-160	-160	-170	-170	-170	-170	-180	-180	-180	-200	-200	-210	-220	-220	-220	-220	-230	-230	-230	-230	-250	-260	-260	-260	-260	-270	-270	-270	-270	-280	-280	-290	-290	-290	-310	-310	-320	-320	-320	-330	-330	-340	-340	-340	-350	-350	-350	-360	-360	-370	-370	-370	
# Bin upper bound for each
0	0	0	0	0	0	0	0	0	0	0	0	0	0	0	0	0	0	0	0	0	0	0	0	0	0	0	0	0	0	0	0	0	0	0	0	-10	-10	-10	-10	-10	-10	-10	-10	-10	-10	-20	-20	-20	-20	-20	-20	-20	-30	-30	-30	-30	-30	-30	-30	-40	-40	-40	-40	-50	-50	-50	-50	-60	-60	-60	-60	-70	-70	-70	-70	-80	-80	-80	-90	-90	-90	-100	-100	-100	-100	-110	-110	-120	-120	-120	-120	-130	-140	-140	-140	-150	-150	-160	-160	-170	-170	-180	-180	
# Normalized histogram for each
1	
1	
1	
1	
1.20651981370603e-05	0.999987934801863	
0.000101345721170847	0.999898654278829	
0.000434261891919072	0.999565738108081	
0.00142571707063202	0.998574282929368	
0.0039323873193466	0.996067612680653	
2.37100890806285e-06	0.0095434932402536	0.990454135750838	
3.09642353974032e-06	0.0206799199665586	0.979316983609902	
1.11054713926698e-05	0.0408601242210695	0.959128770307538	
4.3133776221969e-05	0.0741143834945784	0.9258424827292	
0.000156440747430233	0.12453629416245	0.87530726509012	
0.0004455808473711	0.193329527406041	0.806224891746588	
1.27128170985211e-06	0.00104608323553545	0.279863769451972	0.719088876030782	
9.63289754468347e-06	0.00242948946188272	0.380329332409302	0.61723154523127	
2.74662760513536e-05	0.0050476103339408	0.487409258972605	0.507515664417403	
1.09098089728815e-06	9.00059240262723e-05	0.00997611115495238	0.592349896484096	0.397582895456028	
4.90563555779075e-06	0.000249642342829796	0.0186781165411854	0.684959902788472	0.296107432691955	
1.43358300663368e-05	0.000564904291095018	0.0331179450476784	0.75730092976024	0.209001885070921	
1.26907602563098e-06	2.59254102378901e-05	0.00125439100304868	0.0553935368496167	0.803294303806648	0.140030573854423	
1.08706897035907e-06	7.39206899844169e-05	0.00249065618925436	0.0880332005357801	0.820692683971476	0.0887084515445348	
4.53697288087978e-06	0.00013774249666351	0.00490918613602716	0.133816744769142	0.807777714461801	0.0533540751634853	
1.41558383577485e-05	0.000352081107872207	0.00922488799646612	0.192667856483029	0.767304695709365	0.0304363228649094	
1.08824743554492e-06	2.44855672997607e-05	0.000780092036713116	0.0163387656226988	0.262893555616336	0.703719013061146	0.0162429998483709	
2.90058165726546e-06	7.59589821496392e-05	0.00151772935216415	0.0278412330372625	0.341712449024543	0.620505299453331	0.00834442956889199	
5.62491233755571e-06	0.000178364155736041	0.00317009172417535	0.0455046335669003	0.421812176193302	0.525267015495908	0.00406209395164063	
5.45115384573453e-07	1.90790384600708e-05	0.000356687166639229	0.00583546019185881	0.0707459831355836	0.49512394288499	0.426167028441577	0.00175127402550631	
3.0894205519159e-06	3.08942055191589e-05	0.00084541084750075	0.0104593241438216	0.10532797833771	0.552734773245618	0.329868336165302	0.000730193633976357	
5.46616353668069e-06	8.7458616586891e-05	0.00166554002962661	0.0180290471930339	0.149080864601307	0.588237727096319	0.242577405430816	0.000316490868773812	
1.00129440057966e-05	0.000248138957816377	0.00310492290943383	0.0291167309012196	0.202736264516493	0.595508557426054	0.169155399070435	0.000119973274542181	
3.47527875920539e-05	0.000515105453785889	0.00574530901050626	0.0451480559727305	0.261551662839008	0.575116603790201	0.111847025143187	4.14850029894675e-05	
3.09689962092127e-06	8.36162897648743e-05	0.00107626370355311	0.01019736176943	0.0677311985857735	0.322799502528619	0.5282982846273	0.0698001097031148	1.05658928243196e-05	
3.64775657499003e-07	1.07608818962206e-05	0.000224519417190637	0.00217989932921404	0.0171783800386006	0.0976850971999456	0.379736748703496	0.461991106039919	0.0409900230209917	3.10059308874153e-06	
1.46123178551748e-06	4.58461472706108e-05	0.000443666500877744	0.00419775361184533	0.0274466819353211	0.135107317428678	0.425953266519728	0.38423601231307	0.0225676290034783	3.65307946379369e-07	
8.95383730402517e-06	0.000118775392808497	0.000983277521080805	0.00772551701101176	0.0417875586978855	0.178098036843761	0.455039128269019	0.304355731205073	0.0118830212220563	
9.14026485928288e-07	2.59583522003634e-05	0.000260680353786748	0.00195400582161749	0.01314881941597	0.061843032037908	0.225203512567224	0.463520380322765	0.22821705789133	0.00582563921071254	
2.56060166823199e-06	6.12715399184083e-05	0.000607959996085937	0.00386687431926862	0.0208347012738079	0.087502709208015	0.273158401562699	0.448589245655894	0.162726236016143	0.00265003982650095	
3.66713758825196e-07	1.21015540412315e-05	0.000156953488777184	0.00124315964241741	0.00701505084944658	0.032189400322158	0.119357444151786	0.314772605382074	0.413495066324767	0.110572265988491	0.00118558558228186	
4.40165142625427e-06	3.13617664120617e-05	0.000350298092672736	0.00240421868944864	0.0120108229272486	0.0480519116097041	0.155405622266047	0.348538165710805	0.361835004463091	0.070873373841976	0.000494818981168085	
1.99899683369905e-05	6.54717311587671e-05	0.000781259312986969	0.00444932680572227	0.0195043404823451	0.0687942839694208	0.194479834431712	0.367544177371539	0.301618912343989	0.0425744144910765	0.000167989091712691	
3.59095438590191e-05	0.00020941126852479	0.00153091912492839	0.00793765810046941	0.0303551069142544	0.0946482138024927	0.232938065747077	0.369692418267771	0.238425813538961	0.0241720697399984	5.44139516639218e-05	
1.8327276779267e-07	6.68945602443246e-05	0.000490987744916563	0.00298203120475454	0.0132625338413166	0.0448492288248477	0.124957022535953	0.266705679329837	0.355270778183503	0.178386899076085	0.0130092508762271	1.85105495470597e-05	
3.65421747856071e-07	8.22198932676159e-06	0.000146716831764212	0.00102756595497127	0.00564996835447664	0.0212333787917988	0.0630072967414612	0.158124385177909	0.29184681958836	0.325417019298653	0.126997029852033	0.00653593338215368	5.29861534391302e-06	
2.01392759088123e-06	2.28855408054685e-05	0.000359760701461965	0.00215709953416024	0.00950409047002141	0.0321640713853112	0.0862623774158892	0.191249887403139	0.30673050939186	0.282972022517907	0.0854860998717677	0.00308863258710603	5.49252979331244e-07	
9.13763730670699e-06	1.09651647680484e-05	5.93946424935954e-05	0.000866065263929688	0.00394910409121263	0.0156518589426584	0.0464020187599349	0.112709832134293	0.22175382693388	0.308537806243346	0.234174982830379	0.054485355474194	0.001389651881604	
4.56945581985085e-06	2.6685621987929e-05	0.0002175060970249	0.00178153943504345	0.00711811549793086	0.0243899273840359	0.0655225236702381	0.141495758356941	0.24594035836597	0.296099274900473	0.184123115030932	0.032725345912375	0.000555280271228275	
1.07552030117485e-05	6.81770495998973e-05	0.000510598705693349	0.00322236819726574	0.0117705670926882	0.0367286537019682	0.0879354512819382	0.170243561598238	0.261437839392736	0.271807678011826	0.137687197498522	0.0183742617419017	0.000202890524611459	
5.2804203651611e-06	2.11216814606444e-05	0.000170976369754699	0.00118681999793517	0.00566024646453096	0.0190652308536054	0.0522242678287476	0.113078017118394	0.19599882519751	0.267750815870467	0.237918989975759	0.0970836238323215	0.0097560318332873	7.97525558600193e-05	
7.27930511753348e-06	3.91262650067425e-05	0.000411826687024457	0.00238597423489954	0.00979776270557213	0.029019495798931	0.071638553383694	0.138844373916066	0.216893265368888	0.262190015341136	0.198178535876965	0.0657121071222541	0.00486202987062855	1.96541238173404e-05	
1.45207428812058e-05	0.000119614619483933	0.000880138527887087	0.00449761859816748	0.0160358008915736	0.0426368943035126	0.0943418110270521	0.163548579145309	0.231009409441387	0.245882098828176	0.157006439949468	0.0417859787706739	0.00223583138513366	5.2637692944371e-06	
1.9957302258967e-06	4.8078955442057e-05	0.000280853671789827	0.00175352114848106	0.00826722174576683	0.0251567237874896	0.0597363785515607	0.118156482304132	0.185559004943424	0.236686891880589	0.220017101593736	0.118373109748652	0.0249916224688017	0.000970469179847406	5.44290061608192e-07	
1.10572588366531e-05	0.000108941189521779	0.000640233413296046	0.00339403466323759	0.0136841735097806	0.0372281591041663	0.0797532889907043	0.141635147436764	0.203201420839634	0.2318616544777	0.18850650511226	0.0850970265399589	0.0144931660702393	0.000385191393899801	
5.43971875928719e-07	3.15503688038657e-05	0.000224116412882632	0.0014136015815801	0.00645785278706711	0.0219304075020249	0.0520290966929955	0.102136340748335	0.164601356557064	0.212566983336872	0.217996003982599	0.154734069375635	0.0580911192783451	0.00762829894010706	0.000158658463812543	
4.35844822535792e-06	7.82704660470527e-05	0.000555702148733135	0.00283644178466106	0.0110357725086157	0.0331539892422602	0.0705160602461034	0.12525798835459	0.182815837220676	0.215163513541245	0.196590349632901	0.120809465532574	0.0372638243167633	0.00385341303724457	6.5013519361589e-05	
1.25425857140312e-05	0.000171778891300862	0.00112028921384891	0.00506302376656394	0.0183481669101867	0.0474916828114588	0.0914370858447286	0.147741843774642	0.195591444720462	0.208458319897013	0.170146355615388	0.089848903650765	0.022716076940947	0.00183721614219875	1.52692347822989e-05	
4.71557525375348e-05	0.000363408811061465	0.0021748087415477	0.00894338888183879	0.0285081103342651	0.0650010186734959	0.113455830262596	0.167034232709451	0.201024973067511	0.194388210552074	0.14124495192207	0.0637531208824061	0.0132136244803536	0.0008382435702039	8.92135858818226e-06	
2.18110476227867e-06	0.000110509307955452	0.000792286304897725	0.00406903269276104	0.015045078891468	0.0415894873658598	0.0849445790367842	0.135542210829585	0.181254167954882	0.198790977278523	0.174837903020448	0.112499384292301	0.0428463489851229	0.00733287421078087	0.000341888171487181	1.09055238113933e-06	
2.78137417335923e-05	0.000321766816133715	0.00170354623389212	0.00743608565759866	0.023578236056135	0.0581785307727239	0.106500089622057	0.156426664979663	0.188432646570238	0.190545945574506	0.150272556490073	0.0852783864684874	0.0272552854289806	0.00392082863862823	0.00012125337082553	3.63578323314933e-07	
9.64304188118644e-05	0.000747426717885168	0.00333467304902613	0.0128143290507917	0.0359840114726726	0.0776215746505171	0.128842683960583	0.172099368453534	0.189859486324256	0.175271929232445	0.123354701465069	0.0613159186061765	0.016730495719672	0.00187529872961111	5.16721489482443e-05	
1.81753048134932e-06	7.27012192539728e-06	0.000247184145463508	0.00148292311973291	0.00610762942952626	0.0205090139515457	0.0518137954562101	0.0992100830775008	0.149791956373452	0.18163727144327	0.184197808385395	0.154062062486334	0.0978140379147764	0.0423928079591841	0.00982756906570391	0.000878230728587992	1.85388109097631e-05	
8.86880717439441e-06	4.45250319367556e-05	0.000571766568651264	0.00292471541083754	0.0106617541921404	0.0316710534079568	0.0711158877983675	0.120966728941379	0.165493751834848	0.185650016597339	0.172583910680614	0.130167663894652	0.0744391565438584	0.0278245250391766	0.00548381877081229	0.000388236558960735	3.61992129567119e-06	
2.34997489142212e-06	3.66957617660531e-05	0.000112256492890241	0.00116468370964867	0.00547742993730629	0.0175667853825777	0.0461287417475209	0.0923088214080543	0.141151784155168	0.17720112205878	0.182083827581258	0.155695417223581	0.106136435203781	0.0542157284181017	0.0176839225925501	0.00285865407176534	0.000174259676563917	1.08460379604098e-06	
1.62532208465978e-06	1.28219853345382e-05	9.02956713699876e-05	0.000336261080181834	0.0023373937490835	0.00964249415425824	0.027579909863249	0.0632532013427328	0.11442411949079	0.159363191583577	0.182472382165955	0.172219489273235	0.134855140460335	0.0833631309048854	0.0380937572462276	0.0105118608782085	0.00137177183945285	7.11529890395502e-05	
1.08471242465768e-06	1.97056090479479e-05	0.000146436177328787	0.000826370082185045	0.00427449009476771	0.0155486294658514	0.0405508892834028	0.0838898510689841	0.135129135014155	0.17264825307064	0.181594780363813	0.157407139577179	0.112611770576091	0.0634576654819197	0.0252931435327637	0.00595470964056246	0.000623167287965839	2.27789609178113e-05	
1.9905658038529e-06	6.2431382029932e-05	0.000296956225829329	0.00174084027573318	0.00765698280531163	0.0243963744920212	0.0571690498866554	0.104903541705158	0.153646345583577	0.181039245452507	0.17334842302853	0.138592963132731	0.0913300544492132	0.0458939422920497	0.0163514123154859	0.00329619601065278	0.000263478528219075	9.77186849164152e-06	
7.59718014379291e-06	0.000115404784089045	0.000676149032797569	0.00353033725872396	0.0131527085665622	0.0362928148583479	0.0761667957282865	0.126412193691193	0.169125530197254	0.181519425175644	0.160106049399398	0.118407479098258	0.0706950171723404	0.0318381540154624	0.0101360853937519	0.00170719490945518	0.000109073800635884	1.98973765670767e-06	
1.80413287149937e-07	3.53610042813877e-05	0.000237423885889318	0.00129608905488515	0.00648694015276315	0.0209881993473008	0.051038558108143	0.0978974815928833	0.146458063202022	0.1787641292921	0.175746717064517	0.142489512124585	0.0970832764279757	0.0532349094659063	0.0213977375091312	0.00593198888148994	0.000866885844755449	4.65466280846838e-05	
8.48119637560584e-06	8.40901598091983e-05	0.0005563303920424	0.0027287798211045	0.0112170137851922	0.031499885142947	0.0694265321777493	0.119200508294339	0.163675541186043	0.181570865538571	0.16362681941963	0.12309518194061	0.077111217897995	0.0385786164498037	0.0139042898793523	0.0032923282526155	0.000406916975042365	1.66014907777816e-05	
1.75067310673728e-05	0.000202139575210902	0.00126210897272307	0.00494447839506953	0.0180656830891836	0.0448654201633504	0.0905911968936923	0.139521607818181	0.176561158230889	0.177310698995041	0.147367511044582	0.102974411656523	0.0588520349138362	0.0268934071094654	0.00860681434165848	0.00178261837889114	0.000176872128309539	4.3315623259479e-06	
5.58853794473044e-05	0.000511080808816477	0.00244525576394593	0.00905883973299047	0.0274000607167606	0.0612860704069249	0.11224957040368	0.157038637348596	0.180679414782728	0.168441598336274	0.12938132361096	0.0839717486787615	0.0435866299097109	0.0177821869138796	0.0050945833005833	0.000935268866363275	8.11239379073774e-05	7.21101670287799e-07	
1.26011262886677e-06	3.24028961708598e-06	0.000127451391605382	0.00104679356240861	0.00457546895541523	0.0154995653511511	0.0406740954506514	0.0799253437272223	0.133517753816836	0.170135726731255	0.179288464802984	0.153855611614566	0.109346633402093	0.0661497924684508	0.0310079514907042	0.0114351620747862	0.0029537040020637	0.000433118712150492	2.28620434094399e-05	
1.98188163806481e-06	3.60342116011784e-06	3.87367774712668e-05	0.000307371824958052	0.00212764002399158	0.00815760499333277	0.0246124475499529	0.0561946323078057	0.101327302167224	0.152212113224538	0.17786270641072	0.171203403935765	0.136176528719897	0.0898556307329305	0.0496870338636909	0.0213868450984734	0.00705820119738082	0.00159289232383009	0.000182513281759969	1.08102634803535e-05	
1.0282488831323e-05	1.19060396994266e-05	0.000109138697244744	0.000813218590379018	0.00412760749034213	0.0135274258330394	0.0363559941949037	0.0750789451609615	0.123541938573855	0.167342454682636	0.178676282898327	0.158252554161206	0.116373781096636	0.0709029919336581	0.0356957501752082	0.014075284053754	0.00419832215037509	0.000824042262833042	7.99147816188787e-05	2.16473449080484e-06	
2.07038815637156e-05	2.89854341892018e-05	0.000257088198895529	0.0017146414609811	0.0073561791364645	0.0212301202229394	0.0511855762718394	0.0954996242695581	0.143362677634803	0.176822130613047	0.172955725739462	0.141886580896186	0.0963522641224777	0.0544582298289283	0.024915951242539	0.00911042802304576	0.00241479272534015	0.000395894222248787	3.02456704582975e-05	2.16040503273554e-06	
2.61580153390602e-05	9.18236538453906e-05	0.000631580770358964	0.00338953758762484	0.012055237069191	0.0322466993094645	0.0694567467294363	0.115682650236306	0.159570568372181	0.179366232780359	0.161621897975081	0.123323496716898	0.0775458874729084	0.0405974202063272	0.0172392145090754	0.00558194007324966	0.001348490790755	0.00021413492556872	1.02828060298375e-05	
1.61673645579034e-06	1.72451888617636e-05	0.000181074483048518	0.0014011715950183	0.00627491345969027	0.0190974299279474	0.0463326129874236	0.0895221106674068	0.134708457507675	0.172115787072216	0.176034396966284	0.145550651454973	0.103336944044751	0.0607461777655624	0.0290285030637156	0.0115219418082658	0.00332167486711325	0.000704897094724589	9.66449125794671e-05	5.74839628725455e-06	
4.11753669620313e-06	7.32205438585687e-05	0.000467071880017129	0.00276949098653315	0.0101758653629949	0.0291007801120829	0.0640174912958855	0.110187967340415	0.152052216094055	0.17768352398125	0.165878367249901	0.127999714994851	0.0840910197598796	0.0454040771490319	0.0202539839852886	0.00748389148035112	0.00192754424382692	0.000387585519446947	4.13543902966488e-05	7.1609333847011e-07	
2.18468699165736e-05	0.000237271333110328	0.00102089348683923	0.00498950275807779	0.016928638094781	0.042678218527435	0.084217176510532	0.131110945568345	0.164739008696487	0.175198287205399	0.151612979476119	0.108645558531346	0.0663500183728594	0.0327291181528865	0.0136304770281954	0.00463977376670838	0.00106243835422157	0.000172447014177544	1.54002525641421e-05	
8.94285639465003e-05	0.000577544630108674	0.00229735211285671	0.0089902428448687	0.0264247154897933	0.0596139358205757	0.105748207999438	0.14983257084497	0.171075417673258	0.167424166982725	0.132990963261428	0.0890911581693795	0.0508657914187414	0.0229959673418286	0.00871946312933348	0.00263725191367329	0.000550466658555151	7.03670971292184e-05	4.98804739143827e-06	
1.10586459615519e-05	0.000200660914624934	0.00108802807041076	0.00436120890977269	0.0151398214171369	0.038438426440295	0.0783603167267549	0.127352258719519	0.162883688193986	0.172751924427354	0.154854754495384	0.112999741548742	0.0708011971162619	0.0374194257245152	0.0159009059706521	0.00552629077139942	0.00159761761092937	0.000282708933049352	2.87168064485462e-05	1.2485568021107e-06	
3.316541410764e-05	0.000390139387459765	0.00192198924014113	0.00788106525883644	0.0235745469354801	0.0541188234765485	0.0991685109727594	0.145863096023503	0.170949700548406	0.167035468448993	0.139155658483249	0.0936092030101358	0.054811730999249	0.0265166401224481	0.0107343607241615	0.0032054551043712	0.000872999287478523	0.000147282968026401	1.01635946458897e-05	
3.56055235560803e-07	0.000116252034410602	0.000858805228172657	0.00385910467062576	0.0131172529056778	0.0350103772298404	0.0723263901375548	0.120134460699157	0.160372262869884	0.173434505241667	0.156409724153327	0.120567423865599	0.0753222388895634	0.0405692895950335	0.0185424665299177	0.00680439357918473	0.00195901590605554	0.000521442892478796	7.0498936641039e-05	3.73857997338843e-06	
4.9764427640656e-06	0.000277258953997941	0.00176130527828179	0.00654668818622702	0.020672498702126	0.0494544663484942	0.0918850391957073	0.140824088257923	0.170029408999435	0.169474891091439	0.142479999587666	0.100367563617156	0.0584979069614925	0.0296667080777797	0.0123026551632638	0.00431990777940638	0.00111721140053273	0.000277792144294091	3.89228916189417e-05	7.10920394866515e-07	
5.34738932813873e-05	0.000647193997422239	0.00341913139565973	0.0110557718494594	0.031125536626508	0.0662509560012898	0.11275334589348	0.158515628677996	0.172920180887436	0.159458794456836	0.125303721942861	0.0817683336842002	0.0442190013528362	0.0210409999085081	0.00809196799027877	0.00260476486143422	0.000630494509154961	0.000129687515267152	1.08369019606798e-05	1.77654130502948e-07	
2.13189160610318e-06	1.59891870457738e-05	0.000158470609387003	0.00147669025249414	0.00605226261209308	0.0179334721905399	0.0456690266706746	0.0862371473584797	0.133445577426395	0.169774431655464	0.170190861149189	0.145937751607624	0.105478535049364	0.0639421802571203	0.0323701091741691	0.0142978863715987	0.00510694634242017	0.00153158646135129	0.000312144462660274	6.34237752815696e-05	3.3754950429967e-06	
7.98531553708168e-06	5.64295631287105e-05	0.000443096286579843	0.00273878577776264	0.00987890002810831	0.0280625282147816	0.061955401480371	0.106833762056052	0.152767426442822	0.174549415261961	0.161955330499788	0.128820352404396	0.0867081051307604	0.0486348304557805	0.0233107331158488	0.00909758126566896	0.00314816628763036	0.000808823738178184	0.000187921092305989	3.33608737993634e-05	1.06470873827756e-06	
1.0653734453538e-06	2.00645332208299e-05	0.000101210477308611	0.00100251641207793	0.00519493848178602	0.0161546126763815	0.0408022048968825	0.0812514160588711	0.126839811159006	0.166901581511367	0.173638470493062	0.148240855367032	0.110510122113104	0.0684170397249348	0.036547813605103	0.0162678973860707	0.00569992549488372	0.0018608522845513	0.000447456847048596	8.57625623509809e-05	1.43825415122763e-05	
1.31640484145238e-05	6.75991675340411e-05	0.000346178894792747	0.00222810414043122	0.00891579652010159	0.0250670165694454	0.0564725224504841	0.10184241531114	0.14618800289111	0.173630774414284	0.167020643184732	0.132587761953445	0.0911140716383957	0.0524642476008077	0.0258755381916618	0.011132871322672	0.00369696289392748	0.00106184060792287	0.00023143820253102	3.7535327236007e-05	5.51466893040861e-06	
1.5858577129259e-05	0.000191193856850504	0.00081359846260895	0.00420519573315182	0.0142588208880625	0.0373227158080613	0.0750417178580942	0.121884390972728	0.161187647059348	0.17568292111427	0.154539339516991	0.114464715111353	0.0732090721752355	0.0391227534053622	0.01785034314219	0.00718054990061661	0.0022757949111786	0.000638441369147584	0.000106020824628192	7.84019543468984e-06	1.06911755927589e-06	
3.91968494285099e-06	4.16911943921424e-05	0.000415486603942205	0.00177793345657773	0.00749033975829085	0.0218650716162073	0.0524933115921475	0.0959562035784585	0.141329051136922	0.170982714902072	0.170413469747872	0.138604691934144	0.0955963052337059	0.0562344727026014	0.02842181368811	0.0120633649141161	0.00457837018074736	0.00139077548472249	0.00030288474558394	3.22483170298195e-05	5.52319241947185e-06	3.56334994804636e-07	
1.52876332646101e-05	0.000178118703850457	0.000796023508824697	0.00356966236728646	0.0129157391872881	0.0330319536422075	0.0703499552570082	0.11734485096513	0.156633890692	0.173899494832602	0.158723496843459	0.121102409011029	0.0767627618851572	0.0426855607592763	0.020095238399975	0.00808342497025133	0.00281719083694815	0.000821443643206549	0.000149854358628678	2.31092130744106e-05	5.33289532486398e-07	
1.60441535104608e-06	5.95416363610434e-05	0.000395220981474351	0.00182279410716068	0.00652872260015117	0.0198419829147592	0.047668249689813	0.0905289579144027	0.136725602190562	0.168219918994852	0.170493019010539	0.143400326587658	0.101573753191004	0.0602607709750567	0.0312591808211754	0.013879975470272	0.00501076740968924	0.00178428813873558	0.000472767723441578	5.9006831244028e-05	1.35483962977224e-05	
7.85868231687529e-06	0.000121095150246396	0.00083641384749834	0.00338727068498954	0.0113350776035948	0.0298167337423063	0.0651063252926511	0.110169974368193	0.153676711312913	0.172665609673895	0.16095813769233	0.126628555629558	0.0828746274046898	0.046257454362042	0.022581209211876	0.00903873490932063	0.00313829334067763	0.00112468460339463	0.000246834067316401	2.41118661995037e-05	4.28655399102288e-06	
4.71282499453008e-05	0.00029728428387549	0.00167170891155784	0.006098718093682	0.0179831008488998	0.0427216689779818	0.0846991416745079	0.130587900726761	0.165633220004526	0.172430977273253	0.146701819920986	0.107657050413071	0.064717659672034	0.0344482419818809	0.01590981624104	0.00571183637645043	0.00193207905289062	0.000637216946028477	0.000102499463759361	1.07516920027302e-05	1.7919486671217e-07	
6.61233472067264e-06	0.000109192878765702	0.000670705194775255	0.00306401294016034	0.0102755681559253	0.0274756804583885	0.0585507942575626	0.105806112406473	0.148401521694802	0.17123266250304	0.164686451129574	0.131543999815569	0.0878647037682981	0.0498650458225861	0.025038945757946	0.010381365511456	0.00350042703172473	0.00113589187796204	0.000335620665011438	4.78947487875748e-05	6.79104646988001e-06	
6.08126719299438e-05	0.000257380690903497	0.0014877641326861	0.00553520517122344	0.0167433383295117	0.040092900299413	0.0781775515387395	0.125636655016867	0.162515069022383	0.171639473863071	0.152561465513849	0.112303118974627	0.0693187549857448	0.0372262982611153	0.0169840849660343	0.00657814249482198	0.0021057281959742	0.000596143045713243	0.000152389401424447	2.2715321573832e-05	5.00810239423067e-06	
9.99757764785306e-05	0.000594658785183232	0.00265043308503029	0.00953550322574172	0.0256568659349921	0.0562761495780951	0.0985524654241481	0.143851167244066	0.170374489908538	0.166632923349038	0.135807775607057	0.0926266610670676	0.0535042405496016	0.0264993141446732	0.0114923767574595	0.00416028231152595	0.00128140995228396	0.000323577513118685	6.5396341244917e-05	1.43334446564202e-05	
3.22491584313364e-06	0.000235777180531326	0.00128279985760205	0.00500471106456084	0.015589243185708	0.0375484118095702	0.0756086894282421	0.119513052040646	0.157264812710325	0.172656977705619	0.154082179097135	0.116838163510758	0.0743715758784178	0.0399171124963518	0.0189999500138044	0.00770199484335957	0.00248372268518676	0.000709123161506831	0.000153720988522704	3.38616163529033e-05	8.95809956426012e-07	
2.04774000455892e-05	0.000472237585261876	0.00243465508963084	0.00867756770879269	0.0242626654066479	0.0537150943406394	0.0948511373848528	0.138222091055094	0.168048501979392	0.167689069720697	0.137783802843592	0.097191309032168	0.0576631011441657	0.0291179647332468	0.0129341725235324	0.00496415287420967	0.00141797013999895	0.000428229137795479	9.41241896832344e-05	1.16757105523096e-05	
1.80486714914375e-07	0.00011262371010657	0.000992857418743978	0.00480058564329255	0.0144120446726278	0.0360327287389357	0.0716146016640153	0.115735481558409	0.15372775456117	0.171242907323321	0.157686008705957	0.118556308425806	0.0786905833222334	0.0432211536205455	0.0204130474568158	0.00852962166013846	0.00312476649531258	0.000790351324610049	0.000282100735411169	3.01412813907007e-05	4.15119444303063e-06	
6.36684757002896e-06	0.000318706198362592	0.00185147927336442	0.00847572939515312	0.0228537083976537	0.0513508085714504	0.0927620585364327	0.133810762009785	0.163894662507963	0.167807181294711	0.14261156445087	0.0989479057255423	0.0614660921708513	0.0319472039170302	0.0139424866287106	0.00542546367931753	0.00188094868211713	0.000490065352961657	0.000140616376332354	1.61899838209308e-05	
2.94586865707363e-05	0.000642418935092267	0.00377235863993087	0.0143163727537523	0.034277103043741	0.0685918985684359	0.112981198953906	0.149213553703826	0.168687392285959	0.159624546295058	0.124069741336264	0.0807660209969076	0.046415362723344	0.0225152192540512	0.00909065791859559	0.00353119995110956	0.00109765627787482	0.000311237427682126	6.00152123925558e-05	6.58703550650003e-06	
