# <P(U)> as a function of N_tot.
# number_of_species: 1
# species_total_upper_bound: 103
# species_total_lower_bound: 0
# volume: 729
# Bin widths for each
10	10	10	10	10	10	10	10	10	10	10	10	10	10	10	10	10	10	10	10	10	10	10	10	10	10	10	10	10	10	10	10	10	10	10	10	10	10	10	10	10	10	10	10	10	10	10	10	10	10	10	10	10	10	10	10	10	10	10	10	10	10	10	10	10	10	10	10	10	10	10	10	10	10	10	10	10	10	10	10	10	10	10	10	10	10	10	10	10	10	10	10	10	10	10	10	10	10	10	10	10	10	10	10	
# Bin lower bound for each
0	0	0	0	-10	-10	-10	-10	-10	-10	-20	-20	-20	-20	-20	-20	-20	-30	-40	-40	-40	-40	-40	-40	-50	-50	-50	-50	-50	-60	-60	-60	-70	-70	-70	-70	-80	-100	-100	-100	-110	-110	-110	-110	-110	-120	-130	-140	-140	-150	-150	-150	-150	-150	-160	-160	-170	-170	-170	-170	-180	-190	-200	-200	-200	-200	-210	-220	-220	-220	-230	-230	-240	-240	-240	-240	-250	-250	-260	-270	-270	-280	-280	-280	-280	-290	-290	-290	-320	-320	-320	-320	-320	-330	-340	-340	-350	-350	-350	-360	-360	-360	-360	-360	
# Bin upper bound for each
0	0	0	0	0	0	0	0	0	0	0	0	0	0	0	0	0	0	0	0	0	0	0	0	0	0	0	0	0	0	0	0	0	0	-10	-10	-10	-10	-10	-10	-10	-10	-10	-10	-10	-20	-20	-20	-20	-20	-20	-30	-30	-30	-30	-30	-30	-30	-30	-30	-40	-40	-50	-50	-50	-50	-60	-60	-60	-60	-70	-70	-70	-70	-80	-80	-80	-80	-90	-90	-90	-90	-100	-100	-100	-100	-110	-110	-120	-130	-140	-140	-140	-150	-150	-150	-150	-160	-160	-160	-170	-170	-180	-180	
# Normalized histogram for each
1	
1	
1	
1	
2.20316204595796e-05	0.99997796837954	
0.000116016010209409	0.999883983989791	
0.00051029494362782	0.999489705056372	
0.00154782063772265	0.998452179362277	
0.00401637392029965	0.9959836260797	
0.00947191823515977	0.99052808176484	
5.16352007490546e-06	0.0199673321296594	0.980027504350266	
1.55119459219094e-05	0.0402414348205268	0.959743053233551	
4.97831001824808e-05	0.0732824401272387	0.926667776772579	
0.000196644727954844	0.124154641414064	0.875648713857981	
0.000513360155406569	0.194606136785751	0.804880503058842	
0.00105147453539993	0.281621349875169	0.717327175589431	
0.0025622829224355	0.380350599458202	0.617087117619363	
2.38780310175623e-05	0.00551582516505689	0.485703028928235	0.508757267875691	
1.70689243163896e-06	7.68101594237531e-05	0.0102038029563377	0.590451643737412	0.399266036254395	
5.14358312287506e-06	0.000265751794681878	0.0188855226994896	0.684701783623174	0.296141798299531	
2.57165928600452e-05	0.000653201458645147	0.0327526526665535	0.758089154284127	0.208479274997814	
3.60216953525152e-05	0.00133280272804306	0.0560291741425979	0.801520458607641	0.141081542826365	
4.98636487123143e-05	0.00258087367990289	0.0894123998858294	0.81882301155805	0.0891338512275055	
8.79176952462385e-05	0.00498372660699756	0.134579581029085	0.807929141785384	0.0524196328832867	
1.20313157962583e-05	0.000192501052740132	0.00947380180985365	0.19311980612394	0.767027319680655	0.0301745400170157	
3.59736261929111e-05	0.000457378961595585	0.0169298736983115	0.262455011554386	0.703649267422798	0.0164724947367159	
0.000136394712658964	0.00107581329609758	0.0288253175865638	0.340040543328338	0.62124893228514	0.00867299879120186	
0.000254419905540207	0.0026551876047988	0.0462685649692818	0.419009094230986	0.527528575282679	0.00428415800671395	
0.000431815923040807	0.00526918239424794	0.0704699596629094	0.495195191078546	0.426673543735071	0.00196030720618525	
1.72171269091642e-06	0.000996871648040605	0.00965192134527743	0.103915691172951	0.555720648672473	0.328921157610745	0.000791987837821551	
6.56906420223037e-05	0.00215223287678337	0.0167009813836178	0.14827587995208	0.589806886799465	0.242602455792791	0.000395872553239672	
0.000271566785663336	0.00354583720774343	0.0283512286678274	0.204053220214882	0.595570023839439	0.168034526794876	0.000173596489569601	
3.78368338137465e-05	0.000445442725352742	0.00559469183618715	0.0442450175769292	0.264584379579117	0.574712268077407	0.110309849271813	7.05140993801639e-05	
9.44261124254463e-05	0.00086700339590637	0.00967266758918117	0.0645514072924428	0.32874193515158	0.526566357521297	0.069494185068313	1.20178688541477e-05	
0.0001750027451411	0.00188900021961129	0.0163576095311299	0.0941377511804107	0.385851885911936	0.4614101789832	0.0401785714285714	
0.000316048568420221	0.00378742985525319	0.0270101290130868	0.134865138297014	0.430028736372553	0.381967024454258	0.0220254934394157	
8.57003777672652e-06	0.000671890961695359	0.00697086872758935	0.0407556716510006	0.180342732950767	0.457962250697601	0.301516211083458	0.0117718038901115	
8.52222852867133e-06	8.52222852867133e-06	0.000131242319341539	0.00166694790020811	0.0114470573597113	0.0595345840555922	0.229864956766735	0.467214134627349	0.224622081775896	0.00550195073811021	
6.86375952132141e-06	4.46144368885892e-05	0.0005370891825434	0.003069816445911	0.0179744702464604	0.0835268055548406	0.276513416075954	0.45678319614394	0.159029876229256	0.00251385192468397	
1.71920854515415e-06	0.000104871721254403	0.00106419008945042	0.00563040798537985	0.0284563398393915	0.116342280667672	0.319528661785261	0.419512673145791	0.108255123671267	0.00110373188598897	
2.24478519132477e-05	2.07210940737671e-05	0.000246926371045725	0.0019305152645393	0.0100687249620113	0.0423107473407929	0.152503798867247	0.355361583091587	0.367612929962702	0.0694899157342174	0.000431689459870148	
3.80682113131803e-05	0.000100361648007475	0.000783859078403212	0.00358187260992196	0.0168763302244294	0.0620581059334498	0.191332560433285	0.378024259832846	0.304770639026838	0.0422557145576301	0.000178228443875344	
7.15779623674498e-05	0.000258378986106892	0.00161661446712826	0.00636869284674285	0.0256737930384321	0.0867734400368714	0.229779225631195	0.382242031277824	0.242799431566231	0.0243784064999773	3.84076871239975e-05	
8.60148612615396e-05	0.000472204034272534	0.00285428906961762	0.0113644941185144	0.03911745241535	0.11729618427543	0.267153382051683	0.366611137344669	0.181768711304284	0.0132585764716002	1.75540533186816e-05	
0.000218674447978224	0.00115809987649267	0.0052639313117318	0.0189704457110068	0.0552459125372184	0.152318124088128	0.295532393558026	0.335509581439613	0.128909461780955	0.00686987645768387	3.49879116765158e-06	
7.03760721354739e-06	0.000416978227402683	0.00239806465801627	0.00875654277545634	0.0297690785133055	0.0773767319111502	0.184802287222344	0.312712557730372	0.292870024191775	0.0874581042445569	0.00343259291840774	
1.60656334679276e-05	3.21312669358553e-05	0.000855048714570816	0.00396464132580748	0.0145536788515571	0.0430469723421194	0.102338085190699	0.217619715745392	0.31723556859847	0.242259042274037	0.0562779140381505	0.00180113601879322	
7.18834912374024e-06	7.18834912374024e-05	0.000323475710568311	0.00180966689190161	0.00744173843035209	0.0222802881090329	0.0605528559311069	0.130614100665641	0.243048866397343	0.306394395963023	0.192376396336817	0.0343764825970068	0.000702661126845609	
1.97961001682669e-05	0.000122375891949286	0.000806241170489414	0.00368207463129763	0.0124967381425859	0.0345729891211431	0.0814429557377197	0.160094661351714	0.261387706621796	0.281194604662881	0.144007630496792	0.0198536888233018	0.000318537248162112	
4.54226670009775e-05	3.08874135606647e-05	0.000238014775085122	0.00186596316040016	0.00663716010218283	0.0193991126227775	0.0489801702804941	0.106212730701726	0.184797578426777	0.273649765800729	0.245213359351437	0.101832168696151	0.0109886516008765	0.000109014400802346	
4.92414087419914e-05	4.01226293453264e-05	0.000512475402092578	0.00316421645064278	0.0111376771550867	0.0286439098408043	0.0675282089440636	0.130615572321951	0.207375633527199	0.270922583386678	0.205953103941319	0.0683999642543848	0.00563540566713902	2.18850705519962e-05	
6.97485747429398e-05	0.000117471283777583	0.000851666807387475	0.00502556835910971	0.0182649491386051	0.0425686564589016	0.090917267177422	0.155113488273062	0.219862191500218	0.255008131215424	0.165078357017257	0.0444114872231624	0.00271101697092953	
0.000119856319931553	0.00027474756415079	0.00219798051320632	0.00977843176303115	0.0271760375869419	0.0586687466348033	0.114636116212688	0.17882747328126	0.229948959647143	0.227218079496087	0.123842925526815	0.0261378974619963	0.00117274799194566	
0.000177755064630631	0.000401800510675488	0.00411799233060961	0.0150647417274459	0.0394282952733817	0.0797935078665874	0.137643523327575	0.197676593176057	0.226608081559949	0.194912131598	0.088307234816292	0.0153887743973455	0.000479568351451389	
2.79111828945385e-05	0.000187935298156559	0.000980612892361453	0.00733691961021103	0.022920663392995	0.0544714645369814	0.102752228707954	0.162461691901477	0.204715501312756	0.214785856101105	0.16030136634544	0.0608631254198307	0.0080384206736271	0.000156302624209416	
0.000120455169973538	0.000504406024264188	0.00254085124162931	0.0118497773461468	0.0344332396041542	0.074062990525448	0.1262878351571	0.179764284289258	0.20746520915911	0.194612266100527	0.125836128269699	0.0383649716365717	0.00410676845128529	5.08170248325861e-05	
3.79188612207598e-06	0.000180114590798609	0.000828527117673602	0.00468487530382488	0.0201178518206741	0.0510482669184479	0.0928594992435187	0.149570948085287	0.189859738132344	0.201332089594685	0.170767591507692	0.0927210954000629	0.0237277274088905	0.00227702761630663	2.08553736714179e-05	
5.68625518396931e-05	0.00041509662842976	0.00180254289331827	0.00819010288331046	0.0305768895425976	0.0685345383139874	0.114608368651296	0.165253948156516	0.195150382495432	0.190538829541233	0.144127614729675	0.0658809525614684	0.0137512604532324	0.0010747022297702	3.79083678931287e-05	
9.64294627933535e-05	0.000809251177952065	0.0033788127453279	0.0140068521641797	0.0467096754675884	0.0902163801514132	0.134556916072333	0.177224117197722	0.195231846680936	0.173081431845168	0.112773311349937	0.0437600683703799	0.00772381089236959	0.000421642552998389	9.45386890130917e-06	
0.000255431707967766	0.00157989241594878	0.00654283589742619	0.0219709110586793	0.0644198767494707	0.113421138771317	0.153885305486862	0.182800174828813	0.188818902703224	0.147947937341656	0.0853690609762789	0.0283396749773423	0.00445775632571895	0.000187316585843029	3.78417345137432e-06	
8.11809372056011e-05	0.000804257656967118	0.00343980622299082	0.0121563733643457	0.0349889839356141	0.0834521155185857	0.134928381422026	0.167542350962183	0.18456580470132	0.175498082808332	0.122098017485996	0.061014082060712	0.0171197381065207	0.00221831630736236	9.25085098389408e-05	
3.21339190527677e-05	0.000168230517393901	0.00174468278151203	0.00586349511186384	0.0200288827225368	0.0500154998903666	0.104212189718658	0.156416576565678	0.175685586614143	0.178076728237776	0.154696466781089	0.0981218669428923	0.0430651222223062	0.0107213875804293	0.00112468716684687	2.64632274552204e-05	
3.77164926679138e-06	0.000179153340172591	0.000577062337819082	0.0030210910626999	0.0110151016836642	0.0312009685595317	0.0703280580532255	0.126891482107296	0.166156236799228	0.180754405286344	0.167464999094804	0.131689019974655	0.0757045440830366	0.0286230462856798	0.00587057208376079	0.000520487598817211	
2.81538400899421e-05	0.000243999947446165	0.00114492283032431	0.00568895262084097	0.0177162731072643	0.0463750053961527	0.0937691798035613	0.150288952245456	0.175372146842922	0.176744177316639	0.148284398831053	0.107861115229914	0.0547047882174302	0.0184839344803833	0.00307815318316701	0.000215846107356223	
7.84770958990112e-05	0.000390516977211746	0.00245521200026906	0.0100114352339739	0.0278892650806819	0.0641382093768919	0.118104292323445	0.167060920648445	0.177578720001196	0.167044104127895	0.128560431100847	0.084712288018416	0.0392198629266725	0.0111269310971098	0.0015658049134136	6.35290776325329e-05	
0.000203438673505192	0.00103399105616401	0.0044121928822594	0.015851418844767	0.0399766325486946	0.0857204715297842	0.140824355901961	0.178721807879236	0.176788207276012	0.152700321769058	0.107208448117539	0.0628494852441637	0.0260756119957894	0.00687585388250577	0.000746563939468596	1.11984590920289e-05	
1.6811180555815e-05	0.00034556315586953	0.00224522655867662	0.0076360117902413	0.0233712767904841	0.0549295985116501	0.108019306706914	0.159605348196907	0.186286559647937	0.168703932695505	0.134024335117809	0.0866728432189301	0.0466304790439295	0.0169045760033473	0.00427937940593024	0.000328751975313715	
7.44432574880612e-06	4.83881173672398e-05	0.000759321226378224	0.00385429965644437	0.0135207566412691	0.0361161463703329	0.0740133476760676	0.131072243459229	0.175836835268238	0.182841945797864	0.154855003145228	0.113306360059703	0.0676800875452708	0.0323362899713766	0.0114735670603474	0.00214024365278176	0.000137720026352913	
9.10870401731026e-05	0.000217493544903122	0.00145925156195685	0.00682966909379549	0.0192695562945792	0.0484954837558347	0.0964388685130691	0.150027790841849	0.185834292225814	0.177471014802573	0.138229230760651	0.0936672200049447	0.050932526810262	0.0224018351250216	0.00734273078946439	0.00122874558274328	6.32032523650099e-05	
0.000100926656225119	0.000265399725629016	0.00267455638996565	0.0110271716986704	0.0298948493763106	0.0656883011053338	0.121268984490937	0.168799832536511	0.186219025796106	0.165465514856778	0.117415081432859	0.0748408536152302	0.0361896823053144	0.0151894617618804	0.00424078857360731	0.000704617581423514	1.49520972185361e-05	
1.67625546878347e-05	0.000283100923616763	0.000880965374149533	0.00464695266068306	0.0180514088927215	0.0409453335841508	0.0863010815572786	0.139032353593054	0.184153425800552	0.181301928997543	0.147607331568919	0.100096664065367	0.0568865230922816	0.0264811113946259	0.0101432080922164	0.0028570843212376	0.000314763526916007	
0.000144146707651757	0.000773150522859421	0.00240369315097215	0.00768657638465081	0.0246079022348356	0.0594165240799883	0.109244484048388	0.158407871533459	0.190099554830038	0.170063162466444	0.127657821924527	0.0832213232293355	0.0406400113819738	0.0180220825267982	0.0061477634795892	0.00130668054468735	0.000157250953801916	
1.12674998356823e-05	0.00029295499572774	0.0012826170646285	0.00395489244232448	0.0144393010394269	0.0358156261443555	0.077278147623027	0.133390296804725	0.170813419592304	0.187371010600839	0.154721551910311	0.109078787992601	0.0667599365264176	0.0285649900000939	0.0118646773269735	0.00369198411282523	0.000629102074158928	3.9436249424888e-05	
0.000105245946621511	0.000449174665045378	0.00230413447424951	0.00718491524882209	0.0229304606201617	0.0509240030295798	0.0969371550141236	0.1510429685371	0.180075814669406	0.179154912636467	0.141546401246413	0.0883765248916061	0.0497982472791104	0.019367133570262	0.0072055885597656	0.00229285812282578	0.000289426353209156	1.50351352316444e-05	
0.000199685355598562	0.000961102412460366	0.00397691114748163	0.0129552872763104	0.0347900411127886	0.0712335516186644	0.118217462950902	0.166992943828696	0.183617216236845	0.164607916871173	0.11858324173312	0.0695688849159175	0.0350643751994521	0.0134274405002958	0.0045237131025319	0.00111039987459013	0.000169825863172608	
0.000285387592023417	0.00169167250271775	0.00707085310236966	0.0207638248696511	0.0486191558910946	0.0902256627281927	0.139160247010471	0.17875026520393	0.179657121828583	0.147121058787966	0.0976607605203817	0.0522597252393407	0.025014597950842	0.00889207655146646	0.00225869258686954	0.000525713985306294	4.3183648793017e-05	
5.72388002747462e-06	0.000610547202930627	0.00406586277951614	0.0120697550179348	0.0300732656643517	0.0664351675188888	0.10931656872472	0.1564374570709	0.180660917347172	0.166368388918568	0.130517820346486	0.0785831488971991	0.0400786079523773	0.0170705182019385	0.00571815614744715	0.00155307944745478	0.000419751202014806	1.52636800732657e-05	
0.00010348237350238	0.00191059122929394	0.00772476754792767	0.0194987620441985	0.0429777627877385	0.0838935434664295	0.128904543259465	0.167306085530098	0.179375196424876	0.151588262799237	0.111768628743571	0.0598932981748775	0.0288849965889144	0.0118544807867727	0.00324819672382471	0.000804862905018512	0.000231877170255333	3.06614440007052e-05	
2.50799181237134e-05	0.000488093791176885	0.00353048078203043	0.0124203471446513	0.0288071798017915	0.0589686751822635	0.10393310992914	0.148818446472702	0.170483637282649	0.1719131926157	0.135871421047453	0.0897996114541915	0.0451978709078737	0.0193829182606884	0.00795998016757244	0.00163791157592559	0.000571050443432245	0.000190993222634433	
6.34948732700052e-05	0.000155851052571831	0.00134301277401405	0.00694980249246239	0.0206820119024026	0.0433843152270327	0.0790684340047756	0.123880421836849	0.161355865675634	0.169360067881792	0.157669314851836	0.114446622938581	0.0692959957824011	0.0336118770046582	0.0129433337117371	0.00444464112890037	0.000927409967155834	0.000330942975831542	8.65839180954617e-05	
0.000142965056635414	0.000882905822734922	0.00282645780888663	0.0125828569441412	0.0308398810685286	0.0601399898378892	0.100386585240983	0.13849836459567	0.170717665264708	0.164135476778804	0.135979088462527	0.0943569373793732	0.0542552389931396	0.0230521494023481	0.00794615240461429	0.00243620184347645	0.000579588067440867	0.000195127982705092	4.63670453952694e-05	
7.19161574225249e-05	0.000349862387460932	0.00185038329368226	0.00566971435679744	0.0197827743309854	0.0418027242617904	0.0799688233739174	0.119649049151778	0.153894745844412	0.173170219713579	0.15371203993096	0.116469188785744	0.0722252025314487	0.0396141406602292	0.0149643917836762	0.00494472174278117	0.00143249210865948	0.000281833589899084	0.000132170235263019	1.36057595123696e-05	
0.000169377023520044	0.000586005564132566	0.00297091192978836	0.0117162175579727	0.0297110661602229	0.0577147340488701	0.101396484355988	0.139868431043109	0.157617974990606	0.163939437006349	0.139035173961884	0.096977106845752	0.0570158104690575	0.0277194259871079	0.00919892455324376	0.00315975757670151	0.000907237850118856	0.000219995444342126	7.59276312331231e-05	
0.000220114189062642	0.00128593026241859	0.00529625632104234	0.0195689237381568	0.0428817195165983	0.0772774577969659	0.119946786429381	0.150092776199864	0.160723905366345	0.154603186249428	0.121597642847351	0.0755609532875213	0.043329671199603	0.0197330439668439	0.00530397962592173	0.00179373755823855	0.000627518521450514	0.000117780399410712	3.86165243969547e-05	
0.000542806944860021	0.00272746104449099	0.00842022080542577	0.0278500241673763	0.0581167859691118	0.0979373336095319	0.137953521915591	0.1628094766804	0.158376872971667	0.136334691309718	0.101863573242495	0.0583891484644126	0.0312852440905011	0.0125766259273751	0.00328177626380034	0.00115466353641602	0.00031264145587344	5.94594179882002e-05	7.67218296621938e-06	
3.04846100351526e-05	0.00121366853702451	0.00422021320174143	0.0126701660458603	0.0396871516895142	0.0765735298320488	0.117664878871307	0.155583923178783	0.162793533452096	0.15031770679521	0.119413933372074	0.0841279972563851	0.0430919015728153	0.0222137542749902	0.00738108620476131	0.00225776643072849	0.000611597488830248	0.000114317287631822	3.04846100351526e-05	1.90528812719704e-06	
0.00022134109808082	0.00255687130541637	0.00853117284068402	0.0191536374356489	0.0552551337777964	0.0971668339445655	0.138914436400688	0.167192669793428	0.159796824136865	0.133703380031217	0.101236838791172	0.0637824903926515	0.0321574269478971	0.0138662565495976	0.00495536923893008	0.00112006228080553	0.00033391976003572	5.34271616057152e-05	1.90811291448983e-06	
0.000772782925465181	0.00422290914037819	0.0120546578593346	0.0313836782199918	0.0722788215910637	0.114602385235123	0.160209803951207	0.169171440663875	0.15163739286848	0.115892876037305	0.0835588070801276	0.0489536254666929	0.0235009144912859	0.00855540607947761	0.00260365494203183	0.000487476759828892	8.50250162492253e-05	2.45627824719984e-05	3.77888961107668e-06	
5.58247549293259e-06	2.23299019717303e-05	3.16340277932847e-05	0.00136584567060417	0.00743771818175052	0.0189673908998206	0.046894654965798	0.0911785722260679	0.13474235014775	0.17008686331867	0.16933136830196	0.138076948842195	0.0977286768044422	0.0655512880631787	0.0354226678278216	0.015509977744531	0.00564574354851916	0.00140864464938332	0.000537778472485839	3.53556781219064e-05	1.86082516431086e-05	
7.07128036696223e-05	0.000100486615741042	0.000111651795267825	0.00252333057305284	0.0113996482968449	0.0274775068154117	0.0619983810489686	0.111523395703267	0.151863189333532	0.175501735254985	0.164358886087256	0.121806526047433	0.0812713417754496	0.0495008234319901	0.0246434120788634	0.0106031988239344	0.00412739469840059	0.000692241130660513	0.00042241595876327	3.72172650892749e-06	
8.1978972393581e-05	0.0003521369495997	0.000571989648291577	0.00468211721875157	0.0175602685183978	0.039715085807763	0.0795550032325799	0.131445829599253	0.163223860352547	0.176765296065196	0.15191448847916	0.1041412423168	0.0658142095643377	0.0371402008112192	0.0169826893947157	0.00699057055501627	0.00242024284407413	0.000463926457409129	0.000178863212495086	
3.69789663639322e-05	0.000593512410141112	0.0017990267136053	0.0090542999142088	0.0272368576753543	0.0550191551045765	0.105073883974795	0.149236014554921	0.170443451764636	0.167523962370204	0.133377584829749	0.0849406857379523	0.051073499393545	0.0269964943939887	0.0118591545129131	0.00437461172085318	0.00116483744046386	0.000164556400319498	3.14321214093424e-05	
0.000206690497588918	0.000808307481642377	0.00458594541525413	0.0144572621259963	0.0377339339660769	0.0727698187582699	0.126806465721673	0.166529795727043	0.170899823390352	0.153004486291068	0.115008498301262	0.0683001367479096	0.0394908031955827	0.0188291352401762	0.0071880311438289	0.00255410400592021	0.000669898666292655	0.000143945167963711	1.29181560993074e-05	
6.82944116713304e-05	0.000557430062830859	0.0021355847109116	0.00748100677037573	0.0216308705507114	0.0532087298716065	0.0905583898761841	0.144948428490214	0.176557666324579	0.169023131501813	0.13704658048035	0.0966568962589429	0.0525331689345333	0.0282258957642698	0.012630774569376	0.00440591245025583	0.00180334162710513	0.00042453282930827	0.000103364514962014	
9.14332528111154e-06	0.000235897792252678	0.00143550206913451	0.00374693470019951	0.0126415615336648	0.033808359559438	0.0697160266034192	0.112627480812732	0.159507138194047	0.176127874890052	0.15779185037131	0.12215482575565	0.0777511808604601	0.0385866613513469	0.0200439976812527	0.0088946268334653	0.00312701724614015	0.00140807209329118	0.000294415074051791	9.14332528111154e-05	
0.000160846905176127	0.000671119845734876	0.00232211164254271	0.0064948871021119	0.020266710052192	0.0483446634879374	0.0879740130563315	0.134192539291941	0.164468733765093	0.175169674996811	0.145956549149822	0.102185853976894	0.0587960146943816	0.0290707670918325	0.0144651285758393	0.00606965965164628	0.00220193866741112	0.00102978995612762	0.000146056385159932	1.29417050141712e-05	
7.42583447814948e-06	0.000165224817138826	0.0011324397579178	0.00382430475624698	0.0109326848104556	0.0319366576319014	0.062343593361304	0.108898006163443	0.149903464151784	0.169238480674266	0.169193925667397	0.130592581591356	0.0823599301971559	0.0421768833772695	0.0216295993762299	0.0100861396799465	0.00378717558385624	0.00127353061300264	0.000454832361786656	5.94066758251959e-05	3.71291723907474e-06	
0.000144879081689513	0.000481072848174152	0.00276570452097032	0.00644897655930755	0.0172833314759092	0.0431331030127419	0.0820275641740035	0.129391879341729	0.161924662877521	0.172211077677477	0.154149485493518	0.110546454177347	0.0631096994687767	0.0309353987889595	0.0154983468925294	0.00641925777331996	0.00247037408521862	0.000828411159404138	0.000167168171180207	6.31524202236339e-05	
0.000334526477770716	0.000862334920475622	0.0046610689236053	0.0104725372346555	0.0271393897493653	0.0595234112780027	0.101394975412304	0.146714020748076	0.166194612636924	0.166380460680129	0.138949289502931	0.0911714745555444	0.047482316558689	0.0213892512925731	0.0112939855856258	0.00387121473998	0.00155368964120177	0.000464620108014883	9.47825020350361e-05	5.20374520976669e-05	
2.05292055943952e-05	0.000707324447297797	0.00167406340165204	0.00716469275244391	0.0164420273896928	0.0399852936236287	0.078686578751899	0.11935120245156	0.158660898581992	0.171863044070606	0.150447350052816	0.120663205318184	0.0711822209614387	0.0363740197304329	0.0162908577848614	0.00662346824131895	0.00268932593286577	0.000914482794659421	0.000203425764526279	5.41224511124963e-05	1.86629141767229e-06	
0.000110613662099635	0.00103864353903725	0.00289845290857687	0.0115731887481533	0.0244568681710125	0.0587039828417587	0.0974937568899188	0.135713589357091	0.172199224579481	0.166031106811552	0.134418097145043	0.0976606147869843	0.0540075892221047	0.0258461007746706	0.0116031856734685	0.00403458645488837	0.00151109511275094	0.000472451573713694	0.000202479245877298	2.43725018185636e-05	
0.00022113729385143	0.00137448266264553	0.00555321497404496	0.0169246284035603	0.0375094602915581	0.077396146492019	0.111983163063972	0.154106004830706	0.175584917674017	0.153480720068781	0.116428785212778	0.0782082541401286	0.0406759175767928	0.0181427898757247	0.00803338410594764	0.00267080473005046	0.00110949918122011	0.000440368231721382	0.000112475002907193	4.38461875739904e-05	
0.000633446352484977	0.00206399540992066	0.0106761702873228	0.0239900959026225	0.0552157279530826	0.0995781516844089	0.127811760538025	0.160188763162303	0.171429066523419	0.140091763079512	0.0980147521761481	0.0602139854942711	0.0296795608618721	0.0126111659841234	0.00505794397561713	0.0015075638115372	0.000787475860688011	0.000350417131161902	9.81938114794342e-05	
0.00104753024599694	0.0036567630931688	0.0179020233065887	0.0351843538119741	0.0739103575032711	0.118606899886038	0.14176000429756	0.167990468625894	0.160239512226942	0.12150199721426	0.0782980895043609	0.0451090313990476	0.0216029131317317	0.00787374382705391	0.00364525177178422	0.000913231496510151	0.00051033524804979	0.000222552213435247	2.49411963332604e-05	
