# <P(U)> as a function of N_tot.
# number_of_species: 1
# species_total_upper_bound: 103
# species_total_lower_bound: 0
# volume: 729
# Bin widths for each
10	10	10	10	10	10	10	10	10	10	10	10	10	10	10	10	10	10	10	10	10	10	10	10	10	10	10	10	10	10	10	10	10	10	10	10	10	10	10	10	10	10	10	10	10	10	10	10	10	10	10	10	10	10	10	10	10	10	10	10	10	10	10	10	10	10	10	10	10	10	10	10	10	10	10	10	10	10	10	10	10	10	10	10	10	10	10	10	10	10	10	10	10	10	10	10	10	10	10	10	10	10	10	10	
# Bin lower bound for each
0	0	0	0	-10	-10	-10	-10	-10	-20	-20	-20	-20	-20	-20	-30	-30	-30	-40	-40	-40	-50	-50	-50	-50	-60	-60	-60	-60	-70	-70	-70	-70	-80	-90	-90	-90	-100	-100	-100	-110	-110	-110	-110	-130	-130	-140	-140	-140	-150	-150	-150	-160	-160	-170	-170	-170	-170	-180	-180	-180	-200	-200	-210	-220	-220	-220	-220	-230	-230	-230	-230	-250	-260	-260	-260	-260	-270	-270	-270	-270	-280	-280	-290	-290	-290	-310	-310	-320	-320	-320	-330	-330	-330	-340	-340	-350	-350	-350	-360	-360	-370	-370	-370	
# Bin upper bound for each
0	0	0	0	0	0	0	0	0	0	0	0	0	0	0	0	0	0	0	0	0	0	0	0	0	0	0	0	0	0	0	0	0	0	0	-10	-10	-10	-10	-10	-10	-10	-10	-10	-10	-10	-20	-20	-20	-20	-20	-20	-20	-30	-30	-30	-30	-30	-30	-30	-40	-40	-40	-40	-50	-50	-50	-50	-60	-60	-60	-60	-70	-70	-70	-70	-80	-80	-80	-90	-90	-90	-100	-100	-100	-100	-110	-110	-120	-130	-130	-130	-130	-140	-140	-140	-150	-150	-160	-160	-170	-170	-180	-180	
# Normalized histogram for each
1	
1	
1	
1	
1.52396887740248e-05	0.999984760311226	
0.000103415909050839	0.999896584090949	
0.000444588404734774	0.999555411595265	
0.00143286277205474	0.998567137227945	
0.00391231154308986	0.99608768845691	
2.88227857222401e-06	0.00947352561625081	0.990523592105177	
3.66555670118748e-06	0.0205988577078017	0.979397476735497	
9.42628488118168e-06	0.0407951280770274	0.959195445638091	
4.0308596331656e-05	0.0739424555525746	0.926017235851094	
0.00016523086889703	0.12447304838384	0.875361720747262	
0.000446324446197748	0.193018700339861	0.806534975213941	
2.61705909031549e-07	0.00102798081067593	0.279353261889365	0.71961849559405	
1.07422445579396e-05	0.00240914484659158	0.379857557837162	0.617722555071689	
2.85801337130733e-05	0.00507126941417019	0.486901383855318	0.507998766596798	
1.57338710121521e-06	8.36517475479418e-05	0.0099438064796801	0.591926583660008	0.398044384725663	
4.97851639163421e-06	0.000236348515013371	0.0188428984607999	0.684388787542599	0.296526986965196	
1.51976480329527e-05	0.000559692693075637	0.0332118394918745	0.757241679287702	0.208971590879315	
1.83288584734575e-06	2.48748793568351e-05	0.00126128730380921	0.055474646737437	0.803195715027098	0.140041643166452	
1.570342716829e-06	8.11343737028315e-05	0.00257562377938569	0.0883215705939717	0.820198376160941	0.0888217247492817	
6.54057655967243e-06	0.000134212631004478	0.00503859855850925	0.134223095926974	0.807366154295341	0.0532313980116124	
1.93482920033771e-05	0.000317939501028466	0.00939490308466682	0.192893058591073	0.766967602330894	0.0304071482003343	
1.5686311418772e-06	3.03268687429591e-05	0.000710851345794016	0.0164923263871732	0.26285107598946	0.703540478918774	0.0163733718589142	
3.65362201818773e-06	8.55991444261125e-05	0.00144892210321273	0.0280692121277285	0.341413753381558	0.620536904975033	0.00844195464602405	
1.82726069345587e-06	0.000187424739700188	0.00308728746021466	0.0456397513776893	0.421840881616739	0.525140366250913	0.00410246129405036	
9.40631519099e-06	0.000389316934293753	0.00584393459893562	0.0707731154970088	0.495359551172445	0.425874055710469	0.00175061977165647	
2.61626690108418e-07	2.11917618987819e-05	0.000896594667001549	0.0104310561346226	0.105783257984847	0.552489116329691	0.329649367909917	0.000729153585332161	
3.93751220628784e-06	7.21877237819437e-05	0.00174431790738551	0.0181658438141158	0.149630713855213	0.587827784766133	0.242236800934083	0.00031841348708181	
2.09650253585085e-06	0.000231139404577556	0.0031879941685782	0.0294464263672931	0.203935973860806	0.5943736685571	0.168700317803578	0.000122383335530293	
2.22760925113018e-05	0.000457839219026404	0.0057860184760532	0.045607023520933	0.262744414597392	0.573929633754832	0.111413745659438	3.90486798139291e-05	
2.36095236621204e-06	6.42703699691056e-05	0.000958022004600709	0.0103029337981087	0.0680835703685788	0.324291760197544	0.526915250466878	0.0693731750166119	8.65682534277749e-06	
5.2472972483698e-07	1.02322296343211e-05	0.000188902700941313	0.00206717275099528	0.0175341061202901	0.0983238558399532	0.380844111719156	0.460285568410851	0.0407442136741418	1.31182431209245e-06	
2.10165770878853e-06	4.1770446962172e-05	0.000394060820397849	0.00406145352223383	0.0277129839625127	0.136147225325816	0.426926806355098	0.382205631969787	0.0225079659394843	
8.40593301259445e-06	0.000110853241603589	0.000905476596700409	0.00767409146968545	0.0417761736455612	0.179425953580862	0.455567682865162	0.302675844894775	0.0118555177726379	
1.31208766005173e-06	2.44048304769622e-05	0.00025769401643416	0.00182695085785603	0.013037427825338	0.0620412777529502	0.226206274350707	0.463638770720816	0.22709691945435	0.0058689681034114	
3.67435069630258e-06	6.48260444276241e-05	0.000582647038985123	0.00363498265312791	0.0205401452995738	0.0877261726887087	0.274573466936224	0.448170265212009	0.162033091727278	0.00267072804896965	
1.73548249174265e-05	0.000155404568578774	0.00116566574028715	0.00671947266575633	0.0317982464790084	0.119759861813521	0.315620367938065	0.413110833959816	0.110420073537126	0.00123271847292266	
4.99880949405471e-06	4.15690473716128e-05	0.00032360714093091	0.00228866546256747	0.011512784455281	0.04731583662312	0.155498493122033	0.349779328870361	0.36166070975202	0.0710488686247091	0.000525138092112273	
2.18391627233383e-05	7.91998551774077e-05	0.000718850512773016	0.00417022759038782	0.0189253447956486	0.0677132449522591	0.194441959399155	0.369958837125103	0.301251252462826	0.0425397946381961	0.000179449505750804	
3.60491879328369e-05	0.000212874401734782	0.00143880992420987	0.00761348323831171	0.0294511340100932	0.0929598041029239	0.233326921665115	0.372259702559992	0.23849169145158	0.0241579554374148	5.15740206922339e-05	
6.91914258406035e-05	0.000471448802685785	0.00285868453682128	0.0125649524644381	0.0436058572252028	0.122820305657728	0.268542973268695	0.357173243491468	0.178894826138784	0.0129808902752898	1.76267130468458e-05	
5.25077573648037e-07	7.87616360472055e-07	0.000154372806652523	0.000969030662167452	0.0054752463992149	0.0201501144275302	0.0613862940576183	0.156561592518275	0.294205952751945	0.327327321020089	0.127209756151349	0.00655506842942209	3.93808180236028e-06	
1.05422956903095e-06	1.84490174580417e-05	0.000331555199460234	0.00207103398836131	0.00920052500632538	0.0308132854010289	0.0844414164628489	0.190568071603272	0.309181812431475	0.284669657164544	0.0855820928565404	0.00312025596693936	7.90672176773214e-07	
1.31831369749025e-05	1.081017231942e-05	6.11697555635475e-05	0.00080153472807407	0.00381678181697376	0.0150799267228514	0.0445890605274731	0.110786337207769	0.221769630481944	0.311587133680173	0.235383856035926	0.0546789062425845	0.00142166949137348	
6.60835803978126e-06	3.30417901989063e-05	0.00023049952842757	0.00166107687687942	0.00689331043845663	0.0235529810567452	0.0632404004347771	0.139687207910575	0.246738643140207	0.29938505263425	0.1850514711791	0.0329503305236357	0.000569376128707553	
1.55804455373643e-05	8.37118853448217e-05	0.000510193572511658	0.0030014804064014	0.011222938218516	0.0355569533943981	0.0854407866487729	0.169415691040293	0.263183829715765	0.274735805818002	0.138078925783736	0.0185465398471215	0.000207563223599463	
6.60304326340358e-06	2.53556861314698e-05	0.000167453177159915	0.00115157074513759	0.00531386509665667	0.0182793367269454	0.050890446796243	0.110175738675847	0.19571816415324	0.270727679138583	0.240505021878524	0.0971246916048644	0.00982929020190257	8.4783075502102e-05	
8.18119175684231e-06	2.90300352662147e-05	0.000411434772545715	0.00224534127313595	0.00943449755210825	0.0280986989529922	0.0702706311842222	0.136005187403393	0.217149941979516	0.265300478019117	0.200605988790712	0.0654780362711817	0.0049424954587788	2.00571152748392e-05	
1.34285903113511e-05	8.84707126394895e-05	0.000847844329461774	0.00419840926499006	0.0154868509086811	0.041249469768162	0.0933073749028073	0.160667027044391	0.231506263910769	0.249441331147194	0.159349708665417	0.0415585906510154	0.00227943737892875	5.79272523234753e-06	
2.37217220599627e-06	5.00791910154768e-05	0.000230891428050304	0.00169610312728733	0.0078358119457848	0.0242407006236968	0.0579347710629783	0.116896692691153	0.183378400212336	0.238225657361865	0.223695839025448	0.119877458855332	0.0248972651753786	0.00103716640339948	7.90724068665424e-07	
1.47703435766545e-05	0.000117371480207344	0.000557316713883411	0.00325395944116405	0.0130010674210795	0.0356587744676676	0.0779056496827937	0.140323275344789	0.202217608834353	0.234586816782592	0.19188258842886	0.085623417957731	0.0144361645532327	0.000421218548069951	
7.9373016666746e-07	3.83636247222606e-05	0.000220921563055776	0.00126758707616793	0.00616119813039505	0.0207385817946874	0.0502910079367725	0.1000838179056	0.162956771867663	0.212830277736768	0.22152797290311	0.157576604221269	0.0584825678335029	0.00766081899195211	0.000162714684166829	
6.37818999192893e-06	8.95604178033354e-05	0.00051424156809927	0.00268681253410006	0.0104567767338512	0.0314497918185362	0.0679835325764725	0.123513649193704	0.181711709532976	0.216247216518024	0.200420801084718	0.123389274488861	0.0375861421066045	0.00388192588383775	6.21873524213071e-05	
1.14646947391715e-05	0.00015597317261431	0.00103848804672263	0.00463973529886193	0.017525518944075	0.0454532487078889	0.0886506187602399	0.145884774485455	0.194788363068219	0.210943451059751	0.17445985957082	0.0915642509488368	0.0229917787473888	0.00187754372914525	1.49307652417118e-05	
2.92299333825683e-05	0.000365776414071773	0.00202651932634926	0.00831336848433946	0.0272522200000322	0.0631331699675038	0.110521059764755	0.165424796744697	0.201315400635121	0.197433987279348	0.145025521217982	0.0648150978773705	0.0134272660036567	0.000903714454121608	1.28718972693879e-05	
2.68136411718097e-07	8.68761973966636e-05	0.000777327457570765	0.00381450859310165	0.0141345428073078	0.0399410636167044	0.0828195616237805	0.133000486667587	0.18047779227204	0.199717116085637	0.177957578138302	0.115829567133984	0.0436577024195289	0.00744427119852954	0.000339728833646829	1.60881847030858e-06	
1.23628795404019e-05	0.000242688700543107	0.00169640207954384	0.00678856465893503	0.0225200601158456	0.0565397482702719	0.103568679558462	0.154517987452215	0.188472367351678	0.192044702022352	0.153817872208677	0.0877737571543446	0.0278043848446147	0.00407276253380979	0.000127122652665437	5.37516501756604e-07	
5.85266285371525e-05	0.000666987798951052	0.00328045798570224	0.0119844734518358	0.0340681616759006	0.075417089883416	0.125879719956825	0.170867008620406	0.190885003535871	0.177657985486475	0.126815606597488	0.0631828668554263	0.0172302933829308	0.00194270647628161	6.31116639525055e-05	
2.70634895934117e-06	8.93095156582585e-06	0.000156156334953985	0.00134207844893728	0.00582054470685505	0.0193390283936601	0.0493083248647164	0.0972594157263232	0.147202650056901	0.181266111233649	0.185793291772834	0.156855384890183	0.1006556130354	0.0438758705986309	0.0101931927204626	0.000894448331062255	2.62515849056093e-05	
1.32302382765914e-05	4.99508996157021e-05	0.000445778028462293	0.00274702947400083	0.010333896113469	0.0297307754512659	0.0682942199789018	0.118638516679685	0.16273544086529	0.186797464222331	0.175134334169358	0.13312724762173	0.0769368056318694	0.0289607215825957	0.00564796171979057	0.000401227226102342	5.40009725575158e-06	
1.89514231706597e-06	4.9544434860439e-05	0.000115874415957748	0.00099819853186032	0.00518862892950991	0.016791502398438	0.0436164296926566	0.0892436053837203	0.139280777246596	0.174854493680242	0.183861292909406	0.158396536329607	0.109644812426935	0.0562464702974345	0.0185098550107834	0.00302410566880385	0.00017435309317007	1.62440770034226e-06	
2.44138704420999e-06	1.16644047667811e-05	0.000115016456305004	0.000278860653494208	0.00216306892117005	0.00930005704707727	0.0263222213149907	0.0601652710522839	0.111654123814673	0.15799816027923	0.181278684602362	0.17462590490689	0.137439511245164	0.0862853997730595	0.039625339318891	0.0111308260650076	0.00153156347240107	7.18852851906276e-05	
1.6310397742641e-06	1.41356780436222e-05	0.000148968299382787	0.000685580385115675	0.00404959991953537	0.0150177987215367	0.038937268851082	0.0804654443835825	0.13241243015412	0.171705809355916	0.181659501418325	0.160164028233299	0.115318317799945	0.0658861235213605	0.0265136388905124	0.00629554168869703	0.000697269503497901	2.69121562753576e-05	
3.0019417104791e-06	4.42104142816012e-05	0.000330759395736424	0.00157929424350387	0.00721885110232664	0.023636197413145	0.0545501931476587	0.101788202096174	0.152126943927822	0.180685507034777	0.173880650984705	0.14157675623824	0.0937484563879273	0.0478359411564844	0.0172087673072173	0.00349289563203836	0.000280818001825726	1.25535744256399e-05	
8.75988018673875e-06	0.000112783457404261	0.000681354430774773	0.00320803237213723	0.0125266286670364	0.0349809390482062	0.0730732780402396	0.123996925282054	0.168512446421014	0.181591768778583	0.161490854958831	0.121474901027041	0.0724472203531436	0.0332604438302795	0.0107297582437316	0.0017946804532581	0.000106213547264207	3.01120881419144e-06	
2.74121304159517e-07	4.60523790987988e-05	0.000225327712019123	0.00120887495134347	0.00605780670062116	0.0197542776629514	0.049621986721564	0.0944668614755402	0.144604744491532	0.178760533111112	0.176625950515622	0.144576509997204	0.0996365151506845	0.054555621953827	0.0225434619327745	0.00631630309044358	0.000953942138475118	4.49558938821607e-05	
1.18224856528638e-05	8.16576334628033e-05	0.000518814661091952	0.00267078199143997	0.0104898440724119	0.0302336700542212	0.067272692780063	0.116279645226451	0.162110473155122	0.181934857004287	0.165314091825521	0.125652401875431	0.0789282889261526	0.039767542437912	0.0147068972106357	0.00354674569585913	0.000467125654051525	1.26473102332961e-05	
2.56514927513846e-05	0.000212383327081357	0.00119762130673669	0.00478358966437918	0.0170416933295086	0.0432178004810344	0.0879777245746817	0.137120744058783	0.17552654515766	0.178588174937664	0.148869679383923	0.105749795891348	0.060461120060019	0.0278357311502902	0.00923922637304442	0.00194592775657009	0.000203005361989453	3.58569253513979e-06	
7.88396354787212e-05	0.000472207921972551	0.00245481728153745	0.00886544785200722	0.0262013154877283	0.0593424553096835	0.108812251845332	0.154995127157267	0.180223257249858	0.17017466160507	0.131378645192041	0.0870926238466937	0.0447676346975172	0.0185007578287066	0.00554367121050376	0.000994209297931663	0.000100970059472748	1.10652119970135e-06	
1.93275450097107e-06	4.14161678779515e-06	0.00016787353379863	0.00107902922711356	0.00444202205880323	0.0153803081031561	0.0394886594249117	0.0777997191431602	0.130153620849893	0.167839020325399	0.179128791581142	0.156437149308599	0.111667928479248	0.0688778482588919	0.0318893448348793	0.011909081019412	0.00320643971711101	0.000494785152248594	3.23046109448022e-05	
3.04866557136427e-06	5.5430283115714e-06	4.24041665835212e-05	0.000330641638785234	0.00212658281173437	0.00808672400375152	0.0245960795269358	0.0547928348598833	0.0981698029120854	0.148858856761497	0.176196795242751	0.171979659303308	0.139257223120193	0.0922138189913019	0.0518109627796735	0.0220033280341983	0.00751523778482851	0.00179566402153356	0.000198717564969835	1.60747821035571e-05	
1.58633900509827e-05	1.83681358485063e-05	0.000127185425496475	0.000888071537766418	0.00405212209021593	0.0134738625601452	0.0361715906722153	0.073680158990131	0.120435413877238	0.164313829063345	0.177504377043281	0.15980584323798	0.118679308768085	0.0734277362747584	0.0372884289928222	0.0146068425758917	0.00451160379151721	0.000914788826273336	8.15433909638234e-05	3.06135597475105e-06	
3.2041244604533e-05	3.06481470130316e-05	0.000292271874697001	0.00172966996960818	0.00711928593160894	0.0210552769979527	0.0507895519909594	0.094100956110739	0.140730718693475	0.174829289821137	0.172710667003982	0.14370665376844	0.098015560342858	0.0564460854514918	0.0259196951679574	0.00942709140169022	0.00258391741271686	0.00044634846831706	3.09267665313319e-05	3.34343421960345e-06	
3.97432696731984e-05	7.75273640808165e-05	0.000656603596150165	0.003463541987365	0.0115445801935217	0.0318472335885486	0.0688893603348734	0.113847954565046	0.157889095006566	0.178412295560061	0.160711986682086	0.125465304125575	0.0788766760744397	0.0426716769308792	0.0179600395417545	0.00589347908104604	0.00148925308402175	0.000253573255802238	1.00757585086982e-05	
2.51090780197642e-06	2.06452419273617e-05	0.000166556884197769	0.00137820939352928	0.00624741760107311	0.0184733066786521	0.0461083579472045	0.0886261177375828	0.132972376387311	0.170493429651757	0.175869004266032	0.145349198922765	0.105291849788568	0.0621703561666919	0.0305145045379079	0.0119139785306223	0.00350634325058218	0.00076917475667211	0.000119128625715992	7.53272340592926e-06	
6.41064054841636e-06	8.22234331209925e-05	0.000477174635603861	0.00277943076299165	0.0102584184949767	0.0284548823299055	0.0635375308163672	0.10936246179746	0.15007086545041	0.176130955450229	0.165933019955209	0.128868926092283	0.0857816173488657	0.0468113334550426	0.0212189414917561	0.0077295601603775	0.0020330092243543	0.000410280995098647	5.21212948936461e-05	8.36170506315178e-07	
3.01295318791371e-05	0.000263912381089478	0.00102970464968421	0.00519260163765165	0.0169827338253932	0.0420594316175402	0.0833246152974887	0.129543875154379	0.163261890075751	0.173473290588455	0.152363647827061	0.110409669571098	0.0675158173067937	0.0340221000116333	0.0143904781751993	0.00482016714636787	0.00109331143920683	0.000205048203066349	1.75755602628299e-05	
0.000120571631773125	0.000636751566875583	0.0022144619282571	0.00914010756989821	0.0264421367293417	0.059161777125839	0.104273903187092	0.148140029781749	0.170186302618127	0.165984909098991	0.134650453393786	0.0906220829443926	0.0518060741432191	0.0240251477974841	0.00919928212650576	0.00272314086322621	0.000574798862070498	9.05676312397209e-05	7.50100013335111e-06	
1.72513146475626e-05	0.00022037163227209	0.00117420238407603	0.0044099368685358	0.0154858373662919	0.0384954738950046	0.0779163973467478	0.124404516616772	0.162269204539099	0.171927993012661	0.154571779242161	0.115059869018002	0.0719513379368374	0.0377917872055903	0.0165582013445452	0.00575693064609791	0.00163970963254978	0.000305515217468125	4.17370515666837e-05	1.94772907311191e-06	
4.96141109221005e-05	0.000430360602605187	0.00212922580524678	0.00828109682862701	0.0241874365364445	0.0541858561318999	0.0982574019096973	0.143054763107951	0.170224620918926	0.166766127164311	0.139086470427063	0.095488767281668	0.0554646737774651	0.0267233308126763	0.0112763397273287	0.0033146685791327	0.00089946480868325	0.000163893804619074	1.58876647334816e-05	
5.57257512876131e-07	0.00011813859272974	0.000907215230962342	0.00406491492767494	0.0138748761843464	0.0363471212773457	0.0717850769224339	0.118811481176538	0.158378714992038	0.172843169625007	0.15608114226645	0.121071160391251	0.0760637001062969	0.0411459443494785	0.0188461704567143	0.00710614780419643	0.00196210370283686	0.000510726510550974	7.57870217511539e-05	5.85120388519938e-06	
7.77921477161753e-06	0.000284774826460999	0.00191452032111487	0.00687738151630787	0.0216289953560866	0.0509257960150972	0.0912424100563021	0.139055964504554	0.168551135140241	0.168490846225761	0.141958167272566	0.101460686487921	0.0591189761442044	0.0298905214435444	0.0126478919022542	0.00454917366680234	0.00109381316270922	0.000257269745661351	4.27856812438964e-05	1.11131639594536e-06	
6.21687398368681e-05	0.000712997735004081	0.00361605585417212	0.0115778176385482	0.0322150638742171	0.067022619707435	0.11286096377644	0.156847289984144	0.171967615637325	0.158646020354156	0.124779321789005	0.0824532339817662	0.0445022712405467	0.0210302414839234	0.00822764416278552	0.00276095814239805	0.000600594433066887	0.000102966975354813	1.38769508564438e-05	2.77539017128875e-07	
3.32824573991479e-06	1.16488600897018e-05	0.00015947844170425	0.00156344343632497	0.00635362111749734	0.0187444026533884	0.0471401632449065	0.0868991095001169	0.134054249850853	0.168400636471527	0.168152404810092	0.144877704997056	0.105260486539603	0.0644248527875306	0.0326326174184296	0.0141145354753553	0.00524670205516401	0.00160587856950889	0.000298987408969012	5.26972242153175e-05	3.05089192825523e-06	
1.24639376736642e-05	3.48990254862598e-05	0.000513514232154965	0.00293290302280956	0.0102093498366947	0.0289886262414082	0.0638546915369309	0.107626655764876	0.152659139556217	0.172448825841676	0.160378194645714	0.12758225090959	0.0865819894438757	0.0492170431329797	0.0236812046035692	0.00893775121758822	0.00330682115301949	0.000820404075319852	0.000185297206748474	2.74206628820612e-05	5.53952785496187e-07	
1.6575409827008e-06	3.1217021840865e-05	7.79044261869375e-05	0.00112381278627114	0.00548977573470504	0.0168544292257626	0.0420051273267732	0.0839312452000376	0.127356332635324	0.166070136084115	0.171888381190225	0.146301197297103	0.109149349967678	0.0684152803178059	0.0366670165919852	0.0164417015210701	0.0056168538767121	0.00202717262184308	0.00045637628390362	8.53633606090911e-05	9.66898906575465e-06	
2.05066131056102e-05	8.00866376692073e-05	0.000323394831003339	0.00234107929075939	0.00915287735493511	0.0256246757738198	0.0579117838758164	0.104537725517321	0.146152294302044	0.172547076532897	0.165394148188546	0.130675897967961	0.0899910546828237	0.0530204024173417	0.0258136691540634	0.011270323716286	0.00369922673441608	0.00115474401096051	0.000252175917920341	3.68564803114345e-05	
2.3273926635596e-05	0.000229414419693732	0.000752246557329084	0.00430013501648154	0.0145957997766257	0.0383404692854821	0.0765997568982949	0.124067761483258	0.160852756671928	0.174654749307947	0.152348075980504	0.112768270101677	0.0727653774850804	0.0394202132390407	0.0179652547982386	0.00728307661361043	0.00223956129756574	0.000671619025770055	0.000111659433739824	1.05286810970553e-05	
6.09168034295053e-06	5.17792829150795e-05	0.000459644971331722	0.0016771503562387	0.00777907579794782	0.0220001035585658	0.0538424242894124	0.09811758770566	0.143439689457212	0.170683899107375	0.168668383597542	0.136140471933552	0.0942848131916999	0.0556787890182509	0.0288291541175744	0.0120703877049954	0.00460558723383164	0.00131691053232149	0.000307906751880045	3.32273473251847e-05	6.92236402608015e-06	
2.37087485006284e-05	0.000211448954650953	0.000866472052761339	0.0034228816439977	0.0130494605846191	0.0330265623444975	0.0721035421697309	0.120108519904184	0.158959715252417	0.172523324859753	0.156624127841983	0.119259967254359	0.0755754954094625	0.042452719655352	0.020050433470357	0.00798405889914767	0.00282850883274939	0.000756198803921206	0.000144182272858473	2.78439953321334e-05	8.27049366300991e-07	
5.93752235201002e-05	0.000465059890269064	0.00195220211657483	0.00620540126742628	0.0199705112261978	0.0485835695224492	0.0929189108429928	0.139040479818085	0.170633345843555	0.169032976446815	0.140539497089095	0.0996075988134897	0.0587820236125598	0.0311827627374353	0.0138015635843745	0.00488837596060136	0.00181550102056344	0.000432748722120916	6.95932852421639e-05	1.85029766318452e-05	
1.05067923647693e-05	0.00014598911496311	0.001011417012377	0.0035159045186949	0.0110066944857036	0.030066292329931	0.0663434814201202	0.112823595380108	0.155914162824314	0.174134876246576	0.158783346623504	0.124899494236195	0.0805259921453432	0.0448363539439734	0.0225417700295407	0.00903750040091708	0.00300715457261134	0.00110984906716273	0.000249121576859398	2.9861409878818e-05	6.63586886195955e-06	
6.96494965395855e-05	0.000404300065570422	0.00188997099972556	0.00629648097999894	0.0174928456647628	0.0433283690724047	0.0863354070014116	0.133236157023819	0.167196252579598	0.172770432207037	0.144414484986371	0.105820616750454	0.062435640119109	0.0337320003918131	0.0161567407809457	0.00580366223157542	0.0018430755219758	0.000641274846625426	0.000117099950357391	1.52618418712239e-05	2.77488034022253e-07	
1.02508635659928e-05	0.00014877604689022	0.00085553153221043	0.00330133216898299	0.0104766596148113	0.0272670200351743	0.0589050637049613	0.107203531173153	0.150279599230022	0.172027775961559	0.164943598086358	0.130006161600154	0.0856210305608718	0.0485187225096774	0.0246835253661775	0.01069913105923	0.00352768231853478	0.00113590650325867	0.000330798137778256	4.73756126968858e-05	1.05279139326413e-05	
9.40963402612225e-05	0.000313008708339537	0.00181024753426075	0.00594495142691565	0.0169600350702595	0.0398340251259369	0.0792805947331511	0.128277112615054	0.164058906523035	0.171929511878002	0.15162628918905	0.109801019450821	0.0673165218228786	0.0361684191648784	0.0168905698308314	0.00680925398760917	0.00209502734052192	0.000614947259001284	0.000136993201262662	3.07196875558697e-05	7.74911037445362e-06	
0.000141255755339481	0.000759006858258314	0.00300938587603406	0.0100499723455088	0.0257293611881912	0.0570009987808713	0.100944581953731	0.146082317415836	0.17080762492462	0.165716312375586	0.134106660028479	0.0905338385238579	0.0517426214681552	0.0255584111974464	0.011690925746928	0.00434451640439996	0.00136954253948986	0.000322196329959014	6.96565709041451e-05	2.0813716405621e-05	
4.99369823026109e-06	0.000320151542095628	0.00159104774169708	0.00558267719375244	0.0162295192483485	0.0376105930765703	0.0759805057118198	0.121940839657066	0.159018771589075	0.172331693643272	0.152845173438075	0.115325576640367	0.0728608314563039	0.038531652972374	0.0183640478141057	0.00786784898945581	0.00263695009325731	0.000762648690832652	0.00015064322994621	4.24464349572193e-05	1.38713839729475e-06	
2.7837806915301e-05	0.00061048310565255	0.00296890210751685	0.00942365439696768	0.0249398912154181	0.0540857966776691	0.095623145132128	0.140926392106089	0.168825163818534	0.166489015062202	0.137173298977768	0.0950775241165881	0.0561594349147899	0.0278199907188752	0.0127563966408675	0.00499883498778059	0.00150880913480931	0.000471572449145198	9.91025926184714e-05	1.47540376651095e-05	
2.79800110800844e-07	0.000154729461272867	0.00124762869406096	0.00566315424260908	0.0155689175652914	0.0364557160364636	0.071685068187287	0.116684480607054	0.15618414204892	0.171423734883799	0.156352301915512	0.117768426236297	0.0767122367780458	0.0421233470808454	0.0193207572510199	0.00821185345189397	0.00324176408373858	0.000847234735504955	0.000319531726534564	2.82598111908852e-05	6.43540254841941e-06	
9.84475939548677e-06	0.00041235477925096	0.00223841700769382	0.00963605049630245	0.0240296512901838	0.0511021770700927	0.0932948468872699	0.136302662782393	0.165878570237155	0.166659681575477	0.14124023153749	0.0972892876922787	0.05959342268812	0.0311789155631863	0.013266797761358	0.00523656816187935	0.00195545049478354	0.000498707383091373	0.00015526591960882	2.10959129903288e-05	
4.54881157353281e-05	0.000771320223338172	0.00448495869057514	0.0159050185540656	0.035455302134325	0.0675543724250477	0.113948012451877	0.151829159068833	0.170196469105093	0.15696564319348	0.12305128629655	0.0788744149408965	0.0453089886211902	0.021874980575727	0.00865630366396884	0.00353761923678288	0.00111573024247708	0.000343279879617538	7.14813247269442e-05	1.01712556923715e-05	
