# <P(U)> as a function of N_tot.
# number_of_species: 1
# species_total_upper_bound: 103
# species_total_lower_bound: 0
# volume: 729
# Bin widths for each
10	10	10	10	10	10	10	10	10	10	10	10	10	10	10	10	10	10	10	10	10	10	10	10	10	10	10	10	10	10	10	10	10	10	10	10	10	10	10	10	10	10	10	10	10	10	10	10	10	10	10	10	10	10	10	10	10	10	10	10	10	10	10	10	10	10	10	10	10	10	10	10	10	10	10	10	10	10	10	10	10	10	10	10	10	10	10	10	10	10	10	10	10	10	10	10	10	10	10	10	10	10	10	10	
# Bin lower bound for each
0	0	0	0	-10	-10	-10	-10	-10	-20	-20	-20	-20	-20	-20	-30	-30	-30	-40	-40	-40	-50	-50	-50	-50	-60	-60	-60	-70	-70	-70	-70	-70	-80	-90	-90	-90	-100	-100	-110	-110	-110	-110	-120	-130	-130	-140	-140	-140	-150	-150	-150	-160	-160	-170	-170	-170	-170	-180	-180	-180	-200	-200	-210	-220	-220	-220	-220	-230	-230	-230	-230	-250	-260	-260	-260	-260	-270	-270	-270	-270	-280	-280	-290	-290	-290	-310	-310	-320	-320	-320	-330	-330	-340	-340	-340	-350	-350	-350	-360	-360	-370	-370	-370	
# Bin upper bound for each
0	0	0	0	0	0	0	0	0	0	0	0	0	0	0	0	0	0	0	0	0	0	0	0	0	0	0	0	0	0	0	0	0	0	0	0	-10	-10	-10	-10	-10	-10	-10	-10	-10	-10	-20	-20	-20	-20	-20	-20	-20	-30	-30	-30	-30	-30	-30	-30	-40	-40	-40	-40	-50	-50	-50	-50	-60	-60	-60	-60	-60	-60	-70	-70	-80	-80	-80	-90	-90	-90	-100	-100	-100	-100	-110	-110	-110	-120	-120	-120	-130	-140	-140	-140	-150	-150	-160	-160	-170	-170	-180	-180	
# Normalized histogram for each
1	
1	
1	
1	
1.14444410534989e-05	0.999988555558947	
0.000100482332550705	0.999899517667449	
0.00042995422955983	0.99957004577044	
0.00142310156068018	0.99857689843932	
0.00393507898993058	0.996064921010069	
2.25033876253525e-06	0.00955251494398041	0.990445234717257	
2.9382204581377e-06	0.0206650229915751	0.979332038787967	
1.07127374275227e-05	0.0408618362703225	0.95912745099225	
4.50858185235345e-05	0.0740702993283768	0.9258846148531	
0.000155236119490715	0.12455186146929	0.875292902411219	
0.00044306234470803	0.193455420089061	0.806101517566231	
1.20718461094854e-06	0.00104818115219218	0.280038029764344	0.718912581898853	
9.14738596186921e-06	0.00243786465493212	0.380473782815168	0.617079205143938	
2.64173695758924e-05	0.00505486870394658	0.487557418929755	0.507361294996723	
1.03526259694587e-06	8.88600395711873e-05	0.0099404189121081	0.592456110473562	0.397513575312162	
4.6558218206643e-06	0.000243999550971851	0.0186077678765883	0.684994855316888	0.296148721433731	
1.60200426236489e-05	0.000561218267396216	0.0330324665973498	0.7572939426324	0.209096352460231	
1.20454084365697e-06	3.16622164618402e-05	0.0012556477908807	0.0553868529185078	0.803233090870733	0.140091541662573	
1.03197275179146e-06	7.56780017980405e-05	0.00250236192763566	0.0880157520320833	0.820718125758607	0.0886870503071237	
4.30777724380486e-06	0.000148187537186887	0.00491258916883506	0.133730119823409	0.807911904921498	0.0532928907718279	
1.34485378766862e-05	0.000359144928168428	0.00922673148632034	0.192527199236813	0.767463400580046	0.030410075230776	
1.03388488794583e-06	2.34347241267722e-05	0.000773690524479465	0.0163441692510917	0.262719627305176	0.703893300322538	0.0162447439877009	
2.75556676152705e-06	7.25058504126806e-05	0.00151521727299469	0.0277795574146446	0.341436421841449	0.620844174766311	0.00834936728742697	
5.51636541852578e-06	0.000171179714393628	0.00315156851817151	0.0454246834252699	0.421652699631662	0.525526894781018	0.00406745756406612	
5.17777814981073e-07	1.95029643642871e-05	0.000346220765617344	0.00580618782459276	0.0707355258232193	0.495023378531309	0.426309429890381	0.00175923642270069	
2.93575953711707e-06	3.29841218581976e-05	0.00082805688120449	0.0104065767921301	0.105212268366414	0.552611833010544	0.330172268642721	0.000733076425591879	
5.19383927560485e-06	9.43547468401548e-05	0.00165493032118356	0.0179502547924421	0.148795704487166	0.58820558739379	0.242973341408022	0.000320633011280673	
9.51356617238789e-06	0.000253406808046332	0.00308585491846182	0.028990430736222	0.202538980540087	0.595468636539913	0.169531057296231	0.000122119594867379	
3.5260827277776e-05	0.000513010467453133	0.00571571096285047	0.0449596289454748	0.261355498796379	0.575355931260054	0.112022438331147	4.25204093643769e-05	
2.94312463578833e-06	8.50043644807099e-05	0.00107320174219128	0.0101333512459978	0.0674238691562962	0.322539279460764	0.528820288308489	0.0699116750984302	1.0387498714547e-05	
3.46860247058148e-07	1.10995279058607e-05	0.000227887182317203	0.00219389106264279	0.0170558120683433	0.0972308238745989	0.379538991514237	0.462673068088146	0.0410651315094612	2.94831209999426e-06	
1.38977414606631e-06	4.51676597471549e-05	0.000455845919909748	0.00424315418970869	0.0272934270110596	0.134563144475187	0.425918697170125	0.384914279599279	0.0225645467573008	3.47443536516576e-07	
8.51609333082138e-06	0.000115227956700706	0.000987693028552202	0.00776650331988602	0.0416078940361625	0.177501802283425	0.455141391480987	0.304985460074121	0.0118855117268343	
8.69224179174223e-07	2.46859666885479e-05	0.000256768822528066	0.00196948814517295	0.0131916938328197	0.0615224704881007	0.224745386853436	0.463766390091123	0.228677583195185	0.00584466338076748	
2.43696782715075e-06	5.93575735041717e-05	0.000593575735041717	0.00389967073083273	0.0208458227934475	0.0871303032771647	0.272847617794321	0.448794083877648	0.163156040442526	0.00267109080768773	
3.49087598471066e-07	1.15198907495452e-05	0.00015237673673262	0.00121814117486479	0.00707146748222839	0.0321544586951699	0.118921228557949	0.314709975405033	0.413739494426904	0.110828679850193	0.00119230869257793	
4.18956452793471e-06	3.17708643368382e-05	0.000339354726762711	0.00235156765649202	0.0120469182348876	0.0480237562273949	0.155080920566031	0.34835845006362	0.362168127573636	0.0710923713441467	0.000502573178163501	
1.90332140061406e-05	6.39096910664904e-05	0.000764122426521753	0.00438183002082653	0.0195134097723505	0.0686220703911116	0.194242155914851	0.367450165719924	0.30201991293265	0.0427531386904904	0.000170251226201716	
3.41937062994402e-05	0.000206034526222647	0.00150173175421215	0.00785042137636995	0.030343250729364	0.0944808741167426	0.23272201615862	0.369703050340288	0.238798551791864	0.0243035256676975	5.63498323199959e-05	
1.74569576886988e-07	6.37178955637506e-05	0.000486001702053375	0.00291758133851223	0.0131690051716237	0.0448060750212757	0.124785301241626	0.266396840290658	0.355435005564405	0.178815981844764	0.0131058109847906	1.85043751500207e-05	
3.48233671758423e-07	7.83525761456452e-06	0.000143298155928591	0.0010117929332941	0.00558183752461577	0.0211492755869043	0.063010967619492	0.157870690390666	0.291636646022214	0.325633828811809	0.127376215988453	0.00657203997026084	5.22350507637635e-06	
1.91906701242439e-06	2.54712530739964e-05	0.000355725239848484	0.0021217902731914	0.00945506870957747	0.0321691458686325	0.0861254595293192	0.191153729131019	0.306521757335023	0.283218701063791	0.0857290849609348	0.00312162418666451	5.23381912479379e-07	
8.70858935134595e-06	1.04503072216151e-05	6.35727022648254e-05	0.000857273535746495	0.00392234864384622	0.0156087530379914	0.0464364626546079	0.112391486622388	0.22170065512976	0.308397797214575	0.234559758165957	0.0546462240079088	0.00139650938838184	
4.35657105096874e-06	2.73592662000837e-05	0.000212252141603197	0.00177451852048059	0.00711584889181031	0.0242776021014705	0.0654705497539583	0.141147499903284	0.245951787048019	0.296068212052785	0.184531105743041	0.0328602213347209	0.000558686671576232	
1.02586001844462e-05	6.93759571795596e-05	0.000508409270157975	0.00322224370539248	0.0117643540420276	0.0366331135094984	0.0878565645999702	0.169854425247145	0.261286198948685	0.272113716756919	0.138020076254436	0.0184585253488272	0.00020273775957736	
5.03930396438568e-06	2.01572158575427e-05	0.000172205180300214	0.00118493150803951	0.00569319709604027	0.0191123422458927	0.0521036226861124	0.112943139448141	0.19561935044067	0.267601289575261	0.238325192540509	0.0973442346800381	0.00979466921574355	8.06288634301708e-05	
6.94447458539317e-06	3.76737746257579e-05	0.000404689256463787	0.00237205890650567	0.00984778579768141	0.0290400565974679	0.0714319072565419	0.138775775936528	0.216545905147158	0.262080477779851	0.198596000850698	0.0659513279137496	0.00488925733184606	2.01389762976402e-05	
1.38509502704138e-05	0.000119118172325559	0.000867069486927906	0.00447333752670853	0.0161325480537078	0.042694342250402	0.0941582405276381	0.163456449236181	0.230839244659203	0.245684000611519	0.157436133701145	0.0418612075916366	0.00225874371534774	5.71351698654571e-06	
1.90402370405656e-06	4.58696619613625e-05	0.000277468181600242	0.00173750817648361	0.00823542179923662	0.0252238136590852	0.0597711121177434	0.118073702680467	0.185477526548581	0.236433008916543	0.220009419724543	0.118692856570414	0.0250405081043038	0.000979360556141091	5.19279192015425e-07	
1.05478410298566e-05	0.000103922171458095	0.000639095417153279	0.00337530912955412	0.013662739526772	0.0373051199912021	0.0797548197581466	0.141624478184471	0.203175626394779	0.231655315921672	0.188559604120505	0.0852443658101935	0.0145015522617857	0.000387503471277191	
5.18749509349422e-07	3.00874715422665e-05	0.000213724797851962	0.00139751117818734	0.00643768141102633	0.0219612604783078	0.0522373839254744	0.10214783046851	0.164648846352966	0.212460432381174	0.21773179197868	0.154749895299057	0.0581941845413338	0.00762890320099572	0.000159947765382739	
4.15653943153089e-06	7.49908989105364e-05	0.000537579099811328	0.00283025697458657	0.0110382100278592	0.0332743104734056	0.0707023893520544	0.125261991876044	0.182556424156837	0.215077015479992	0.196467842066742	0.120872166668918	0.0373854743494756	0.00385328524217211	6.39067937597874e-05	
1.19633194223624e-05	0.000171647626494765	0.00109264984057577	0.0050838906101813	0.0183284988808228	0.0477730020823111	0.0915098576018226	0.147689952372118	0.195388400434841	0.208277056607307	0.170092221588417	0.0899541059325928	0.022776426365769	0.00183576269628946	1.45640410359194e-05	
4.54904232241459e-05	0.000359582696554222	0.00215871157231224	0.00893973630139246	0.0283997406698621	0.0651172836869606	0.113425335109891	0.167040660451494	0.200942485173074	0.194280916211849	0.141274329129115	0.0639044951135993	0.0132689661207469	0.000833759589016598	8.50775090833263e-06	
2.07958538612962e-06	0.000109004933989627	0.000781057611273848	0.00408985125938824	0.0149860121887965	0.0413984795804644	0.0850099846093351	0.135505783760206	0.18135717554872	0.198773183261209	0.174761077301481	0.112499503932236	0.0430207294804277	0.00736519824254239	0.000339838911850015	1.03979269306481e-06	
2.91450507540241e-05	0.000312788848270866	0.00169370911018772	0.00742088506579842	0.023414925596849	0.0579925791149342	0.106494454113199	0.156318091859649	0.188740225999051	0.190469499010456	0.150310568272975	0.0853550977469488	0.0274103997868248	0.00391792753707667	0.000119355922135527	3.46964889928858e-07	
0.000101610923955948	0.000730035407498886	0.00329775214056004	0.0128503948496289	0.0358047368059952	0.0773399823353317	0.128688932486055	0.172206893736685	0.190164062561064	0.17510306561026	0.123371815214021	0.0616102639191768	0.0168015833934748	0.00187936785846727	4.95027578246925e-05	
1.73550850399167e-06	7.28913571676501e-06	0.000249739673724401	0.00145262061784103	0.00605883373828532	0.0205588337382853	0.0515366192294342	0.0989836862200625	0.149443769524471	0.181922249219021	0.184286011801458	0.154132245748004	0.0979824713641097	0.0426414439430753	0.00984397778549115	0.000880770565775772	1.7702186740715e-05	
8.81994954988857e-06	4.60020898092228e-05	0.000564649711380121	0.0028898305289929	0.0105851500411771	0.0316094886054899	0.0706616311095877	0.120700836650038	0.165306261507008	0.185972613883707	0.17271588382985	0.130347959115556	0.07467263287254	0.0280372360975978	0.00548618156021795	0.000391363643752899	3.45880374505434e-06	
2.24715682803788e-06	3.82016660766439e-05	0.000112876416054518	0.00116489152801133	0.00544624386007611	0.0175176246238605	0.0459462327971502	0.0918601411076201	0.140758965118595	0.177168955770422	0.182355912304186	0.155930212297548	0.106251797725462	0.0545092831777148	0.0178773425745641	0.00288050933710948	0.000177525389414992	1.03714930524825e-06	
1.55512127354065e-06	1.22681789357096e-05	8.79507475813544e-05	0.000333659908800777	0.00233458261408974	0.0096028738641135	0.0275743736749071	0.0630161058726563	0.113770944459708	0.159179794482084	0.182532705064339	0.17251392265518	0.135112046487759	0.0835046558603017	0.0383463531542179	0.0106135299006623	0.00138941446228226	7.32634911090261e-05	
1.03825197129441e-06	1.97267874545938e-05	0.00014120226809604	0.000814854755470896	0.004264793014087	0.0155364024984495	0.0404444133737929	0.0834356588331709	0.134577874435191	0.172645729046691	0.181675406441038	0.157920374379817	0.11284431896208	0.0635742447062993	0.0254622643860193	0.00599054083237353	0.000628661568618765	2.24954593780455e-05	
1.90604910675608e-06	6.04737398416246e-05	0.000287813415120168	0.00173519779591412	0.00766768900209665	0.0243920569735406	0.0569891355200915	0.104352029942299	0.153126440366655	0.180903467276602	0.173825613834451	0.138996551783889	0.0914784009980766	0.0460712862365927	0.0165301242397463	0.00330127705290153	0.000270832250350886	9.70352272530367e-06	
7.27989497538182e-06	0.000111278394623694	0.000666803713578425	0.00353282903305315	0.0131031176323563	0.0363051829038946	0.0759443843756814	0.125949116307415	0.168564754839137	0.181493674984582	0.160649255700071	0.118725727183509	0.0708531378253983	0.0320096982067539	0.0102443722078569	0.00171892186835385	0.000117864966268087	2.59996249120779e-06	
1.7292675946493e-07	3.89085208796093e-05	0.000232932344999261	0.00130698044803594	0.00649582079254063	0.0208981988813368	0.051044866712377	0.0976451698529863	0.145923208413924	0.178331412405247	0.175935339226101	0.142996077156462	0.0972436339175087	0.0534106777086167	0.0215466742293303	0.00601197171955776	0.000885385008460442	5.25697348773387e-05	
8.13288792793915e-06	8.2713200628828e-05	0.000547153013364757	0.00275722204774005	0.0111816826599043	0.031471853718763	0.0693607290528387	0.11874172110943	0.163230348476944	0.181293492564897	0.16394898429747	0.123569368775421	0.0772622622752533	0.0387390216827983	0.0139904706779108	0.00337601369093815	0.000419276328710565	1.95535390607899e-05	
1.67953327674865e-05	0.000198946776802494	0.00124683702328526	0.0049994684363753	0.0181180085098661	0.0448676060278969	0.0906137637925177	0.138927875992959	0.176198450881616	0.177068864673597	0.147629243548601	0.103268267867897	0.0590329974613075	0.0270706134659784	0.00871348789887617	0.00183917551192001	0.000181978296274518	7.61850146154025e-06	
5.36423687501017e-05	0.000514793700101782	0.00240456243919811	0.00912197132590438	0.0275334166001328	0.0612490296787653	0.112130546837229	0.156672055129128	0.180339068221672	0.168333560015601	0.129603423698229	0.0841494760178813	0.0437602331470386	0.0179224345191065	0.00515814635507026	0.000970407754679258	8.21939521170913e-05	1.03823939516326e-06	
1.2092594028988e-06	3.10952417888263e-06	0.000124726469841848	0.00104272710798531	0.00453403175549742	0.0156255317502285	0.0408254611985799	0.0799698790757872	0.13342208145675	0.169883325470268	0.178867950082463	0.153734529901271	0.109549746081438	0.0662014242657247	0.0311645150774781	0.0115568921135039	0.00301140141590456	0.000456409048922662	2.43579394012473e-05	6.9100537308503e-07	
1.90249373690414e-06	3.80498747380828e-06	3.71851048576719e-05	0.000301631734287347	0.00211211395591576	0.00821012524462178	0.0248244300950296	0.0564383414751418	0.10128686405904	0.152221291153318	0.17736655087398	0.170752271966668	0.136118065302233	0.0900970877144737	0.0497562646092062	0.0214793272436238	0.00715372235871174	0.00162818873083778	0.000199588888398853	1.10690544692605e-05	1.72953976082195e-07	
9.87256595783375e-06	1.835950862334e-05	0.000105826978951516	0.000796560190176797	0.00410871946757425	0.0136416345158762	0.0366731184751216	0.0753966130170648	0.123443100678522	0.16716436523298	0.178081517950317	0.157926934351766	0.116350095045098	0.0712203444139896	0.0357424992314121	0.0141418445244065	0.00423671641920301	0.000852677933516062	8.69478615935534e-05	2.25163785003226e-06	
1.98793101153363e-05	3.26712140156397e-05	0.000249960716754576	0.00169959458307814	0.00728516213478898	0.021413819992674	0.0516881077991028	0.0956718593153324	0.143265866412073	0.176579960030486	0.17247600610485	0.141489693269159	0.096419321375669	0.0547083800281042	0.0249666848692002	0.00915295296779949	0.00243737628370645	0.000407958016279945	3.26712140156397e-05	2.07436279464379e-06	
2.51080338089199e-05	0.000100778452943389	0.000625103462415178	0.00335460647572555	0.0119886532466246	0.0326058121808249	0.0700422369076322	0.11575652064296	0.159304413957712	0.179134046424581	0.161194442847535	0.123023824580384	0.0775685864904233	0.0407406419760611	0.017343244484371	0.00561415635967449	0.00135219748975073	0.000215755931902856	9.87005466971334e-06	
1.5515708534312e-06	1.65500891032662e-05	0.000194808340486362	0.00139451740371167	0.00619559481451229	0.0190712193433304	0.0467574496519568	0.0900467936529719	0.13491908471801	0.171856987232123	0.1757426378394	0.145246340318448	0.102948105299252	0.0606640068144992	0.0291684976639377	0.011649711157846	0.00331346575588308	0.000705619944788213	0.000101541692518998	5.51669636775539e-06	
5.49453096709068e-06	7.02269739231277e-05	0.000488841551978349	0.00273576130933299	0.010093796794731	0.029294091851044	0.0643795910454942	0.110845980913716	0.1521586724389	0.177367752220005	0.165643109952605	0.127622500997172	0.0836966448848578	0.0453635344806715	0.0203161999549105	0.00756871640716741	0.00191656108295832	0.000389596586385273	4.22392068095096e-05	6.86816370886335e-07	
2.24929194521686e-05	0.000227504719649797	0.00102282687921045	0.00494569505267378	0.016848570283076	0.0428891897483798	0.0846293518862717	0.131552500791974	0.164800126372433	0.174953018129121	0.151428686713982	0.108330020921849	0.0659535323756386	0.0328085843969537	0.0136571512459961	0.00468779913651228	0.00105235956734612	0.000175650813737164	1.49380457430433e-05	
8.81787047402718e-05	0.000565984244379419	0.00227316498150212	0.00890775806839421	0.0263558629354315	0.0598080609349028	0.106235174314432	0.150094510140807	0.170982438937529	0.167202033305234	0.13292939739596	0.0887325558683013	0.0506085954072224	0.0231098270894209	0.00879411690821537	0.00268808338287689	0.000545819346783776	7.36531429129015e-05	4.78489095489847e-06	
1.1456965159369e-05	0.000198359396789074	0.00107866471978059	0.00432697084168167	0.0150281182994923	0.0384230701554437	0.0786359918679487	0.127979259815071	0.16321609665985	0.172602429116013	0.154552750005087	0.112912666632581	0.0702860872600086	0.0372300067835494	0.0159935813635191	0.00557851603573274	0.00162979604379023	0.00028232014146445	3.2660900678201e-05	1.19699635993407e-06	
3.46743243972646e-05	0.000391666137157279	0.00192280231399018	0.00784425454985211	0.0233327457487229	0.0541257663367311	0.0995118948305536	0.146480743964105	0.171222155492652	0.166965924875258	0.138754860383747	0.0934081888797563	0.0545090628093787	0.0264115866219282	0.0107678296059289	0.00326177782605992	0.000892479531900037	0.000150653961174322	1.09318067065268e-05	
3.41007595603184e-07	0.000114408048324868	0.000859339140920025	0.00386310454679068	0.0129683483569913	0.0347583927084392	0.072407165797211	0.120316857437683	0.161015943469125	0.173705859124306	0.156299467414337	0.120252577505911	0.0751972899444362	0.0403620000231885	0.0184745980031959	0.00684078287159768	0.00197699153550946	0.000511340889606975	7.12705874810656e-05	3.92158734943662e-06	
4.76583089878805e-06	0.000279141524071871	0.00175093223056545	0.00659029309179195	0.0205255826398482	0.0491726517559704	0.0920401092328442	0.141105700001838	0.170565853910943	0.169665452287565	0.142120481566787	0.100231721506629	0.0583732585143271	0.0295117270077595	0.0122725251891184	0.00433877840860736	0.00113477837865071	0.000275056526158625	4.05095626396984e-05	6.8083298554115e-07	
5.12093748883517e-05	0.000643945129410003	0.003389686329819	0.0110518677811369	0.0309125986971382	0.0659323253649731	0.113020111163474	0.158755527124806	0.1735507831972	0.159838239622446	0.124914126471844	0.0814472347788214	0.0440325766481848	0.0209597759717447	0.00807372788937414	0.00263158342449509	0.000645136045105081	0.000125726671237515	2.36481830879763e-05	1.70130813582564e-07	
2.04278372180554e-06	1.53208779135416e-05	0.00015474086692677	0.00147097451167681	0.00602536081944226	0.0180134370908581	0.0453761845804897	0.0859651055089281	0.13355805089153	0.170068383887407	0.170934183721499	0.146140236762038	0.105181231515999	0.0636201157679582	0.0321835468411159	0.0142589708421563	0.00507819010043176	0.00156187838729715	0.000321397972230739	6.45179192136917e-05	6.12835116541663e-06	
7.656432398551e-06	5.4105455616427e-05	0.000425527498417245	0.00272739136330605	0.00981452547728924	0.0280851551814226	0.0616659273955829	0.106509481810954	0.152855738691747	0.17486168654872	0.162616498999304	0.129046615933444	0.086480765085171	0.0483808261835015	0.0231741492980498	0.00909924454832238	0.00313505385279335	0.000832849702020158	0.000187327379351214	3.38584454958144e-05	5.61471709227073e-06	
1.02105239870735e-06	1.9229820175655e-05	9.6999977877198e-05	0.000981231355157761	0.00520362337461221	0.0160443068670879	0.0406045310901947	0.0810441622179981	0.126616453578704	0.166916370703284	0.174114790114171	0.14876750466706	0.110743513339199	0.0682277423340237	0.0363753320547488	0.0161704068383283	0.00567534958281501	0.00184299957966676	0.000454878843624123	8.5087699892279e-05	1.42947335819029e-05	1.70175399784558e-07	
1.26175305923965e-05	6.47927246636576e-05	0.000331806953145994	0.00220653328913787	0.00887728530760176	0.0248515905590862	0.0562509974669455	0.101746573146894	0.145928050066361	0.173854737439419	0.167476746232133	0.133092611310491	0.0911558612862788	0.0523944662920965	0.0257482877669972	0.0110287447807755	0.00365141104913744	0.00104640250331807	0.00023717547370302	3.80230989473569e-05	5.28572227519312e-06	
1.51994163424125e-05	0.000183246895903467	0.000795322268613649	0.0041590043391772	0.0142377543938268	0.0371104850697329	0.0746204244633411	0.121810684267477	0.161119278188257	0.175763659664233	0.155093136558388	0.115031061458925	0.0732391561557295	0.0389733528614524	0.0177356695120885	0.00711469308792026	0.00224473177982774	0.000633422867573121	0.000109299173698247	9.39289773969309e-06	1.02467975342106e-06	
3.75931498445865e-06	3.99854411983329e-05	0.000409081821490637	0.00174141722757355	0.00744002611015135	0.0218450376187815	0.0522843819258971	0.0954701963216812	0.141228578312512	0.171001498599655	0.170810115291355	0.139002551207851	0.0960315304000424	0.0561935568758725	0.0282539861554682	0.0120127201548838	0.00451271588293493	0.00137283348114276	0.000308605584633287	3.17832994140595e-05	5.29721656900992e-06	3.41755907678059e-07	
1.46674129992165e-05	0.000170892416572267	0.000777202337644529	0.0035356992893809	0.0128740659330914	0.0329709800117271	0.0700496884198046	0.116877280484257	0.156546663351149	0.174135620358233	0.158978383985368	0.121655446095722	0.0770827129529289	0.0426397045505478	0.0199393246645511	0.00799698055953793	0.00276975333845669	0.000811483151747349	0.00015076736152683	2.21716708127691e-05	5.11653941833133e-07	
1.53910138368635e-06	5.71177624612489e-05	0.000379131974181403	0.00179801243867536	0.00651416110082003	0.019794553906855	0.0474404059944237	0.0901983525458789	0.136161392223229	0.168112965937292	0.170648549961283	0.143840482060234	0.102161616590008	0.0605904882166398	0.0312581230350806	0.0137751283952577	0.00497728286357679	0.00175679872384554	0.000462756482695028	5.81438300503731e-05	1.29968561289069e-05	
7.53998031722411e-06	0.000116184242160862	0.000803179266973395	0.00337654027660418	0.0113620648853006	0.0297328842018391	0.0648568543304934	0.109775087528033	0.153220625479067	0.172635389343163	0.161155083857433	0.127009940264506	0.0834487321608778	0.0463916138968006	0.0225887528512693	0.00900102286687531	0.00314142998125801	0.00111111891765639	0.000238708922315754	2.31340305187558e-05	4.1127165366677e-06	
4.52179444747712e-05	0.000286265694108343	0.00161116866035392	0.00602739726027397	0.0178435510700577	0.0426872869663144	0.084461274613047	0.130296108763771	0.165331763027023	0.172513335425165	0.146886624170969	0.108109915710657	0.0650906293117158	0.0344997442521201	0.0159266884732926	0.00569299078877804	0.00195331204250143	0.000627377488168974	9.88605249923706e-05	1.03158808687691e-05	1.71931347812818e-07	
6.34467607084843e-06	0.000104772894034821	0.000655902323540412	0.0029759960326912	0.0102116703971647	0.0273013126105924	0.0585359814296476	0.105578496418087	0.148207860504923	0.171098937335349	0.164774667114567	0.131669004765538	0.0883768792458958	0.0499788996651211	0.0251031395686409	0.0104078409221661	0.0034844275070173	0.0011473575024337	0.000328036900636028	4.59560320807399e-05	6.51615380249298e-06	
6.1317565043423e-05	0.000250422996731963	0.00146200311946671	0.00544867539460086	0.0166484918197731	0.039995369407413	0.0779694920209016	0.12547514671988	0.16231343443804	0.171478263438466	0.152564800385562	0.112684508761284	0.069756716978559	0.0373300305437047	0.0170495464818918	0.00662057944583692	0.00211245023100577	0.000604587756170445	0.000147540023451822	2.18132514300132e-05	4.80922078771945e-06	
9.75625535991807e-05	0.000575395377840671	0.00261113183574527	0.00944377987960746	0.0254652030333523	0.0562094521767978	0.0983898565228224	0.143780017261861	0.170160277896696	0.1665434086257	0.135972604021986	0.0929946645155873	0.053824245619493	0.0265387352589348	0.0115381915240682	0.00415303314580216	0.0012961882121034	0.000329682279887178	6.2804818454499e-05	1.37654396612601e-05	
3.09818883323241e-06	0.000230642946473969	0.00125442223425543	0.00492852994726538	0.0154231282550346	0.0374213017005958	0.0753334942096572	0.119416074023305	0.157471815948306	0.172566364065416	0.153967592256318	0.117023928000845	0.0748501767516729	0.0400778265034908	0.01894112167517	0.00772103081561887	0.00246736316246592	0.000711206458828685	0.000157491265689314	3.25309827489403e-05	8.60608009231226e-07	
1.96836594202023e-05	0.000472062498726605	0.00241573753463202	0.00858345681664119	0.0240770867355272	0.0534924164385492	0.0947027473899295	0.138103144447326	0.168049069636298	0.167805786512411	0.13771775911552	0.0975734537190548	0.0580156868405758	0.0292290255932465	0.0128625807763857	0.00496080016492835	0.0013908059353485	0.000426133960079467	9.13390862569035e-05	1.12231391430978e-05	
1.73500835666775e-07	0.000108264521456068	0.000995374294220288	0.00470221964824094	0.0142624626951516	0.0358912503702074	0.0714335905598889	0.115608985330678	0.153653901574017	0.171270655925114	0.157772637911911	0.118686369652899	0.07896821135039	0.0434968330024962	0.0204791711379278	0.00848297635825563	0.00310687946428494	0.000773466725402483	0.000273610817846504	2.89746395563514e-05	3.99051922033582e-06	
6.11777200532001e-06	0.00030781132861053	0.00187588369031698	0.00829709718710087	0.0226659956927389	0.0513223389396013	0.0925613660600342	0.134012068091851	0.163834109095956	0.167600034748945	0.142698954752434	0.0991114023559016	0.0616987794345675	0.0321319369198276	0.0139819057279301	0.00540041953932478	0.00186434732024981	0.000475787868528031	0.000138086853834366	1.55566202420995e-05	
2.83155883117472e-05	0.000624701675051716	0.00378039484944725	0.0140083019194451	0.034153348080889	0.0687185912414433	0.113028969484941	0.149710846840103	0.168197056796849	0.159323373515674	0.124022804425111	0.0810348169177374	0.0464875128255545	0.0227963349428078	0.00908103780676247	0.0035457799748642	0.00109357967777916	0.000299160346076286	5.8741655255426e-05	6.33143589579441e-06	
