# <P(U)> as a function of N_tot.
# number_of_species: 1
# species_total_upper_bound: 103
# species_total_lower_bound: 0
# volume: 729
# Bin widths for each
10	10	10	10	10	10	10	10	10	10	10	10	10	10	10	10	10	10	10	10	10	10	10	10	10	10	10	10	10	10	10	10	10	10	10	10	10	10	10	10	10	10	10	10	10	10	10	10	10	10	10	10	10	10	10	10	10	10	10	10	10	10	10	10	10	10	10	10	10	10	10	10	10	10	10	10	10	10	10	10	10	10	10	10	10	10	10	10	10	10	10	10	10	10	10	10	10	10	10	10	10	10	10	10	
# Bin lower bound for each
0	0	0	0	-10	-10	-10	-10	-10	-20	-20	-20	-20	-20	-20	-20	-30	-30	-40	-40	-40	-40	-40	-50	-50	-60	-60	-60	-60	-60	-60	-70	-70	-80	-80	-80	-80	-100	-100	-100	-110	-110	-110	-110	-120	-120	-130	-140	-140	-150	-150	-150	-160	-160	-160	-160	-170	-170	-180	-180	-180	-200	-200	-200	-200	-210	-210	-220	-220	-230	-230	-230	-250	-250	-250	-260	-260	-270	-270	-270	-270	-280	-280	-290	-290	-290	-310	-310	-320	-320	-320	-330	-330	-330	-340	-340	-350	-350	-350	-360	-360	-360	-360	-360	
# Bin upper bound for each
0	0	0	0	0	0	0	0	0	0	0	0	0	0	0	0	0	0	0	0	0	0	0	0	0	0	0	0	0	0	0	0	0	0	-10	-10	-10	-10	-10	-10	-10	-10	-10	-10	-10	-10	-20	-20	-20	-20	-20	-20	-20	-30	-30	-30	-30	-30	-30	-30	-40	-40	-40	-40	-50	-50	-50	-50	-60	-60	-60	-70	-70	-70	-70	-80	-80	-80	-90	-90	-90	-90	-100	-100	-100	-100	-110	-110	-120	-130	-130	-130	-140	-140	-140	-140	-150	-160	-160	-160	-170	-170	-180	-180	
# Normalized histogram for each
1	
1	
1	
1	
1.75886025855246e-05	0.999982411397415	
0.000109486172570964	0.999890513827429	
0.000461844148875721	0.999538155851124	
0.00147047149002762	0.998529528509972	
0.00392831155110042	0.9960716884489	
3.6180441163625e-06	0.00947565754075339	0.99052072441513	
4.64386220732058e-06	0.0204567290079369	0.979538627129856	
1.18652662901078e-05	0.0407969125545351	0.959191222179175	
3.96701299892272e-05	0.0740888621215689	0.925871467748442	
0.000211556546594171	0.124744755224958	0.875043688228448	
0.000526878506746202	0.193548254573727	0.805924866919527	
0.0010973523739818	0.279708695348254	0.719193952277764	
8.24355161055813e-06	0.00254983355754076	0.379988057154604	0.617453865736245	
3.5061341880051e-05	0.00531282451076538	0.486915932183115	0.50773618196424	
5.15507230762172e-07	8.81517364603315e-05	0.0102080741835525	0.592122430905277	0.397580827667479	
1.54678243473867e-06	0.000249031971992926	0.0189934571103011	0.684578579125655	0.296177385009616	
1.03091295589548e-05	0.000570610321088149	0.0332268400249893	0.757404016849241	0.208788223675122	
2.26926242782198e-05	0.00125428323283251	0.055885744699725	0.802192004356984	0.14064527508618	
6.80389925280815e-05	0.00253290613093176	0.0888584087947614	0.81931420819107	0.0892264378907088	
5.66935789367892e-06	0.00012936443921031	0.00511943017799207	0.135123476037943	0.8061316682601	0.0534903917268606	
1.90830836200094e-05	0.000291919603484468	0.0094610834033906	0.194281264022198	0.765282713305035	0.0306639365822713	
3.08871404479459e-06	3.19167117962108e-05	0.000692386731708121	0.0165869092062211	0.264407821447618	0.701759949262724	0.0165179279258873	
5.12662244783918e-06	0.00011124770711811	0.00140982117315577	0.0280692832264091	0.343396551423612	0.618458301590996	0.0085496682562614	
3.07405710983299e-06	0.000228504911830919	0.00305458808147071	0.0459576661348548	0.423649643563078	0.522951935067716	0.00415458818393928	
1.23007282031096e-05	0.00042335006232369	0.00559631880207308	0.0710054410221085	0.497361493800433	0.423818515056091	0.0017825805287673	
1.23302725144354e-05	0.000913981450132525	0.01015963079054	0.105957114284672	0.554286336670898	0.327946716782374	0.000723889748868312	
6.74971738778724e-05	0.00182551516831528	0.0175946068212335	0.150373398487857	0.589131306219736	0.240704711714933	0.000302964414047244	
2.05510032229111e-06	0.000237877862305196	0.00336522677775169	0.0285155445219503	0.205193546779478	0.594972608081579	0.16760216545921	0.00011097541740372	
2.87423723646196e-05	0.000441913975106026	0.00571459953406561	0.0440446061088833	0.263533166388054	0.57521442579669	0.110984564832784	3.79809920532473e-05	
4.61787590022925e-06	7.64515010149065e-05	0.000957439603314198	0.00991047477921422	0.0651248776262886	0.32545711840439	0.529207551971628	0.0692553110703826	6.15716786697234e-06	
8.73526245609888e-06	0.00020759094307435	0.00206203577860734	0.0166149830304681	0.094438463929789	0.383074658232856	0.463171362726635	0.0404221700961136	
3.24582653684734e-05	0.000401349027333981	0.00403718995916441	0.0264323626422883	0.133340099765373	0.428769048622481	0.384533069820305	0.0224544218976854	
0.000126649742125617	0.000897403887061514	0.00756124807376081	0.0402012128392856	0.17698086658406	0.457487300132491	0.304816463846151	0.0119288548950642	
2.58131530405055e-06	6.19515672972132e-06	0.000244708690823992	0.00187300238461908	0.01274550244528	0.0595710783238177	0.224172778791087	0.467349717113656	0.228205309559075	0.00582912621960695	
3.10412797284923e-06	6.36346234434092e-05	0.00060220082673275	0.00368356519444775	0.0201509640904129	0.0849977495072197	0.272637111919334	0.45255599070831	0.162648545457367	0.00265713354475894	
2.43782887997324e-05	0.000188802066448991	0.00119038665522097	0.00655568493914505	0.0312285879524571	0.116286512322706	0.31514177012311	0.417237006242398	0.110871938774187	0.00127493263552643	
6.75743812005992e-06	5.71783225543532e-05	0.00034774816171693	0.00240616777367364	0.0113062335807249	0.0463835750590236	0.151913966377067	0.350772375177123	0.364459306187838	0.0718045374637567	0.000542154458401731	
1.2479798326459e-05	9.87984034178008e-05	0.000762307681107873	0.00425613122091947	0.0188845348259172	0.0657508574661433	0.191071432285654	0.372857374624826	0.302921104794946	0.0431972619322472	0.000187716966493821	
2.65899485823386e-05	0.000288839833619914	0.00155420856321474	0.00768762336954085	0.0292067123457653	0.0905492023536797	0.231326296207856	0.374039763964676	0.240455511887792	0.0248089433988628	5.63081264096583e-05	
4.69851213782302e-05	0.000553902375358914	0.00294596711041504	0.0128097102584182	0.0428671365178804	0.120918820151397	0.266363873662229	0.359099451840251	0.181198120595145	0.0131798486034978	1.61837640302793e-05	
1.04005782721519e-06	0.000144048009069304	0.00109830106553924	0.00570471718227533	0.0206071857595282	0.060175145738103	0.154867730645824	0.292046677795285	0.329635927757583	0.128953129794017	0.00676505613712122	1.04005782721519e-06	
1.51560603859256e-05	0.000332910705718434	0.00226347922522219	0.00943386365608077	0.031628084911567	0.083479580605678	0.188361086344599	0.307433368209693	0.286395711148484	0.0873124960150014	0.00334374049479834	5.22622771928468e-07	
1.31210108846658e-05	4.61859583140236e-05	0.000761018631310616	0.00407643566164797	0.0157037506672034	0.0454679765984147	0.11023276148469	0.21935968417202	0.310234755878344	0.236658949762798	0.0558566681764577	0.00158869199791533	
2.10717514207628e-06	3.6875564986335e-05	0.000168047217580584	0.00171049942158042	0.00727449538423285	0.0241018692750685	0.0637647001805849	0.139082514871389	0.243563633528528	0.299935309723138	0.185994028265647	0.0337342936432848	0.000631625748837366	
5.7979570107842e-06	7.06296581313712e-05	0.000473851213881363	0.00320732440096562	0.0121303802405625	0.0365171145149218	0.0858308472396454	0.167980518864444	0.260191227163956	0.274882196055281	0.139286429618073	0.0191944002277016	0.000229282845426466	
1.32095789525966e-05	1.37379621107005e-05	0.00015587303164064	0.00117195384467437	0.00569914074330829	0.0193023651486923	0.0523939455744212	0.110552551403756	0.192775839785772	0.268399622523072	0.240883541181655	0.0982332980725639	0.0103103405640807	9.45805853005919e-05	
1.42556040363423e-05	2.69272520686465e-05	0.000337382628860101	0.00242186873017415	0.0100322493442422	0.0294124790389822	0.0717864700590076	0.136889701751644	0.213418008101407	0.263113043772096	0.201070543064596	0.0663102061677135	0.00514468910111553	2.21753840565324e-05	
2.47403708634232e-05	7.84322395457457e-05	0.000693256775045283	0.00434798858152926	0.0163644393489808	0.0432851211936018	0.094885638951661	0.161378807187762	0.226843934055857	0.247720069546762	0.159763840000337	0.0422365505816882	0.00237349643028032	3.68473608604175e-06	
3.16938124170018e-06	4.80689488324528e-05	0.000219743766091213	0.00163857010195899	0.00848179243299664	0.0252288029141404	0.0599208499857906	0.118467773203304	0.183104134246538	0.233607696102823	0.22345405506483	0.119525290077618	0.0251960526413095	0.00110294467211166	1.05646041390006e-06	
1.8530970546346e-05	0.000109067998072779	0.00047227502078116	0.00346952714257729	0.0137298608059384	0.0370487046851588	0.0804620035685355	0.140788783997713	0.20107161955388	0.2297882704251	0.192170400216018	0.0855866111090521	0.0148321888252953	0.000452155681330841	
2.49255151361517e-05	0.000192509829668576	0.00112854247254746	0.0066153377831565	0.0217281549073036	0.0518625723768017	0.104384875409547	0.16309507015737	0.209179695993568	0.217557851059971	0.15790366871763	0.0582339583096895	0.0079294957939519	0.000163341673658185	
7.27439550835281e-05	0.000451862085956806	0.00244993145076933	0.011021505661816	0.0329402681862543	0.0708457095402901	0.128145114101814	0.181443601133744	0.211303667251096	0.196970984188544	0.123208613733846	0.0370686203816881	0.00400197948514271	7.53988439551897e-05	
2.12611248835953e-06	0.000180188033388471	0.000984921610232554	0.00444782732564815	0.0185540521577916	0.047763648579119	0.0917587627726208	0.149181340386357	0.193760603986036	0.206062290843684	0.171544854595167	0.091363837377908	0.0224326128646814	0.00194007764562807	2.2855709249865e-05	
2.50021677411393e-05	0.000473445304034339	0.00179643235025164	0.00803154741607916	0.0290328363576204	0.0651322428487151	0.114215221851682	0.167877853239403	0.198668288793124	0.193781694902271	0.143075702840193	0.0640566176748303	0.0128718606985606	0.000944762764005603	1.64907914888365e-05	
5.30799931420649e-07	6.47575916333192e-05	0.000944823877928755	0.00352344994477027	0.0141394485731832	0.0426789684858773	0.0846249022664626	0.136468131568317	0.180930587823768	0.196924651357335	0.175276506954275	0.11381942929453	0.0429040276567996	0.00734574025093036	0.00035138955460047	2.65399965710324e-06	
7.43316391029021e-06	0.000225649618705238	0.001763783607856	0.00642225361849074	0.0228421126963218	0.0591265713841241	0.106633514755627	0.157606967210721	0.187086895278932	0.189337551122912	0.151342933795464	0.0861365652730015	0.0274220035456192	0.0039055966945782	0.000139106353178288	1.06188055861289e-06	
6.59210149284518e-05	0.000636350442494813	0.00328541832465994	0.0118742886245314	0.0351268633983665	0.077449749845697	0.128363101456163	0.17258015384051	0.188940261206705	0.175818257888327	0.125101074459381	0.0617589534294611	0.0171080982371976	0.00182771330100014	6.37945305759211e-05	
5.32692114079212e-06	1.70461476505348e-05	0.000165134555364556	0.00141003602596768	0.00589210747383017	0.0196462178593554	0.0508316122938948	0.0992075139418844	0.149314664960631	0.182561045184543	0.183260469930329	0.154480180390858	0.0995857253428806	0.042722972933381	0.00995122138311377	0.000917295820444404	3.14288347306735e-05	
1.80408487264222e-05	8.54287248515875e-05	0.000505143764339822	0.00288706640942539	0.0105109168359323	0.0303664626989534	0.070438902012722	0.121072135803019	0.163883600444017	0.186886213183403	0.173412882863953	0.129814518850564	0.0758203810651742	0.0283628672639249	0.00548707107882153	0.000440408954203836	7.95919796753921e-06	
6.80051280116841e-05	0.000158855728714793	0.00105301690405592	0.0054117205775548	0.0173901863287379	0.0450624292388048	0.0922686138801654	0.142463836413665	0.174746083196836	0.182367439144708	0.156145618105515	0.107061854382957	0.0547111880655251	0.0179358212230191	0.00296300467907158	0.000189139262282496	3.18774037554769e-06	
0.000135810603625082	0.000303982327645203	0.00235016005491841	0.00960329510477045	0.0270332067536067	0.062077647590582	0.116102681304503	0.159285148155575	0.180313510290306	0.17238397477318	0.134920407559133	0.0849299036911837	0.0379511060606543	0.0110022504241429	0.0015342354128271	7.26798933462353e-05	
2.0165355918532e-05	0.000154424172955074	0.000731790152938305	0.00426656477855255	0.0154785026692563	0.0399629594251812	0.0845368866813131	0.136922766686832	0.172465798495028	0.179519427728426	0.157858120801095	0.111990426762611	0.0637034206811645	0.0253467910550726	0.00630485772810732	0.000709502127975717	2.75946975727279e-05	
5.46982911297959e-05	0.000337748671442235	0.00171529592572078	0.00731151526480611	0.0244363287993938	0.0558411136784495	0.10654483640166	0.155610265647827	0.180913270283374	0.171761662020852	0.138241168482951	0.0907481823439227	0.0461568608916246	0.0164753377088426	0.0035575131289175	0.00027614671249994	1.80557465865346e-05	
8.48738376925774e-06	0.000109805527514772	0.000701270083934921	0.00351855103384291	0.0129671310149691	0.0365419003570536	0.0747743814686463	0.128920707147597	0.172227052368749	0.180928212116695	0.15727069078286	0.117971982085255	0.0697392410475341	0.0320854934167077	0.0102787522060567	0.00184176227792893	0.000109805527514772	4.77415337020748e-06	
6.18018242630793e-05	0.000229776013285808	0.00121226655285271	0.00642210751615827	0.0205794792588852	0.0504973726301377	0.09658832801239	0.148817736384054	0.181320213739232	0.175215038655192	0.140951473418877	0.0964816274269101	0.0526958272675987	0.0216211305191142	0.00621293211096016	0.00104482058455018	4.80680855379505e-05	
8.45798285566875e-06	9.93812985541078e-05	0.000487919885986391	0.00265210624918063	0.0110498259770027	0.0312601760106232	0.0683616464309427	0.119254915145287	0.166095224199981	0.183243784439849	0.162972114030525	0.121762178438064	0.0766806011934214	0.0380138753208747	0.0140095913525583	0.00351006288510253	0.000527038056693859	1.11011024980652e-05	
2.63881903348503e-05	0.000213744341712287	0.0012164955744366	0.00493089724597013	0.0178795822432812	0.0446409015894663	0.088878591630616	0.139588776997098	0.179770602183781	0.178430082114771	0.146003218303693	0.101919107530292	0.0586535584210785	0.0266130177165032	0.00899626184895717	0.00201605774158256	0.000220605271199349	2.11105522678802e-06	
9.31817929129952e-05	0.000558031873467596	0.00270968418254949	0.00870720321731318	0.0270783113553133	0.0609001255306994	0.111083815434399	0.157633415414492	0.183803733730909	0.168504448107007	0.127684998949058	0.0840992153140041	0.0429202750345329	0.0176261832367013	0.00551043238999122	0.000975232173555325	0.000111712263094557	
3.70506222652009e-06	3.70506222652009e-06	0.000182606638307062	0.00129888895769719	0.00470542902768052	0.0152521533027719	0.0400453711334368	0.0796133185342562	0.132480851444471	0.170548777938154	0.18165073225262	0.15355842115654	0.108463579502961	0.0668843126077445	0.0304000355685974	0.0112909124880181	0.00310166637820111	0.000481128794843824	3.4404149246258e-05	
1.05909764880322e-05	5.2954882440161e-05	0.00034208854056344	0.00238402880745605	0.00827314128362635	0.0246685024359246	0.0558515145096378	0.100122325778437	0.150975958483372	0.178762444397373	0.172313598813811	0.137324189790299	0.0891384240626986	0.0497860622749417	0.0209923744969286	0.00698051260326202	0.00178457953823343	0.000213408176233849	2.33001482736708e-05	
2.85448773046024e-05	0.000153296563302494	0.000841016662807822	0.0044075404993662	0.013766559993403	0.0369703735890109	0.0755656907490281	0.121751830836714	0.166441479301264	0.179940563222146	0.158412439646086	0.116468385491167	0.0707299770900929	0.0358264640614709	0.0136100917770666	0.00414799355942991	0.00085106023074833	8.45774142358589e-05	2.11443535589647e-06	
7.40977147735494e-06	4.49878982553693e-05	0.000333439716480973	0.00168889862744569	0.00740342024466007	0.0211046169756806	0.0522621767685669	0.0962185289804102	0.142279785561213	0.177547122177076	0.174533462263357	0.14052366972108	0.0951329974589777	0.0543003931942308	0.0251286521572756	0.00867843020815636	0.00240182449744548	0.000386366655604936	2.38171226057838e-05	
3.94389857571966e-05	0.000115652160936644	0.000697110721221798	0.00357295892589521	0.0120859172975128	0.0313955644997964	0.0704193749880084	0.115629243688163	0.158824526359099	0.181652237682778	0.160721328390314	0.123099200774283	0.0760985889370447	0.0412499813464257	0.0173169125030112	0.005399410333867	0.00142033644652606	0.000252089733285864	1.01262260727937e-05	
4.78879039943301e-06	3.13931815073942e-05	0.000210174689752893	0.00155316435288277	0.00650583780154082	0.0187119324418734	0.0460851904528546	0.0897914162528354	0.134758158103511	0.171127424923739	0.17799082574177	0.144370324610818	0.103805013225043	0.0597417564963932	0.029698481793817	0.0113834868672744	0.00333619064493833	0.000764078112620644	0.000121848111274462	8.51340515454757e-06	
4.78171472289963e-06	0.000115292454985469	0.000608340373080009	0.00305445310466111	0.0105606826163418	0.028993661571484	0.0636324030241689	0.11101335161011	0.151188256108641	0.175372575272159	0.167670826758476	0.127944340840625	0.0842596577354862	0.044993810335942	0.0207510479924768	0.00754076411801272	0.00180536295871255	0.000422384800522801	6.80066093923503e-05	
3.40638249630354e-05	0.000353412183991493	0.00125503905098184	0.00564980471847845	0.01745079107911	0.0426612150353465	0.0827314503844422	0.130639026711361	0.163927899656488	0.172587562658809	0.153470837640101	0.1099729299041	0.0661806894305274	0.0329753793060134	0.0139773454274105	0.00489294910758101	0.000979867214952316	0.000234721043885916	2.50156214572291e-05	
0.000174846876923118	0.000816656410039697	0.00265862335816934	0.00996996965270973	0.0276759891922444	0.05980978138858	0.104119994611969	0.148086852941099	0.169263398104153	0.166154715715354	0.13502668924005	0.0900392745175203	0.0504071396688474	0.0235050195844349	0.00893937673163117	0.00271197542635434	0.000524012392470491	0.00010300646827797	1.26777191726732e-05	
2.91098165181801e-05	0.000325500675612378	0.00151476899772785	0.00488621501992435	0.0164269340959047	0.0398931510952965	0.0789214760053075	0.124323792194017	0.162155439010436	0.170609458996706	0.15580844047069	0.114070785546923	0.0709512082426298	0.0363174070880815	0.0161617701308936	0.00554674322019142	0.00171377428883395	0.000283159124313207	5.7161094253881e-05	3.70488573867747e-06	
8.56281591901479e-05	0.000593054287724358	0.00248215947874651	0.00909772762951127	0.0252275356902925	0.0557370602372957	0.0990479945832261	0.143608994339556	0.169696511603937	0.166298870818293	0.138915831219498	0.0942152892778216	0.0542285246426742	0.0253808206666205	0.0109165331589761	0.00330196981765959	0.000966223919750558	0.000173899162799745	2.53713064267105e-05	
1.05267146965569e-06	0.00015158469163042	0.00117688670307506	0.00441490414373597	0.0148395097077363	0.0379309110661036	0.0738512196251647	0.119246624082597	0.158804965240788	0.171527026287312	0.155075876559533	0.120636676758277	0.0748744162936701	0.0402788947791706	0.0177054077838739	0.00679762601530163	0.00206428875199481	0.000512651005722322	9.84247824128072e-05	1.10530504313848e-05	
8.38265565674702e-06	0.000355215033454655	0.00237648287868778	0.00743489165155606	0.0225881134990619	0.052342873668664	0.0931045846315535	0.139039441966613	0.16927201350865	0.166967831035001	0.139890281515773	0.10113412091876	0.0580776579698361	0.0293487252862284	0.0122171967037302	0.0043427395461735	0.00116728480020202	0.000267197149058811	6.28699174256026e-05	2.09566391418675e-06	
5.5852186926308e-05	0.000858662126110062	0.00430270632554726	0.0120337973588701	0.032724683691318	0.0682404107797853	0.113374197646796	0.15636941993589	0.173259225659017	0.158231333494452	0.122689507253216	0.0822097213080269	0.0438303951777117	0.0204899228561242	0.00786524067855709	0.00269656446412437	0.000636297344515602	0.000110138424686458	2.14013052708283e-05	5.21983055386056e-07	
6.27957286345383e-06	2.19785050220884e-05	0.000165885383142905	0.00184671771959405	0.00720842634950637	0.0187115572398765	0.0475766605022193	0.0889192750442448	0.134540371897237	0.168586122771929	0.169139248481652	0.143147049804339	0.10324036425709	0.0642583458139844	0.0319541298134234	0.0134497984780409	0.00522460462239358	0.0016353054331911	0.000310315559002343	5.23297738621152e-05	5.23297738621152e-06	
2.34521209316433e-05	5.73274067217948e-05	0.000607149353008099	0.00324056195451018	0.0106983364107728	0.0298180688689772	0.0647632925318545	0.108494201853968	0.153941806428278	0.173227267207733	0.160225932521473	0.124486463696377	0.085083773581759	0.0489221665798938	0.0233338180104993	0.00885343623081682	0.00321710983357854	0.000811964542477784	0.000158953264092249	3.38752857901515e-05	1.04231648585081e-06	
1.55557606611406e-06	5.85933651569628e-05	7.57047018842174e-05	0.00140935191589934	0.00620363735166286	0.0176153433726756	0.0435960563035572	0.0841976286798448	0.128843180302674	0.166624493271096	0.17242471789628	0.145712884214325	0.105743912771591	0.0671931081757967	0.0361972180077634	0.0162282880470572	0.00544710885817606	0.00187135800753521	0.000472895124098673	7.00009229751326e-05	1.29631338842838e-05	
1.96881398645456e-05	0.000122791819681508	0.000302575623181438	0.00281851265429284	0.0103290199036732	0.0260702058343212	0.0600503809136955	0.104944520894297	0.146847099833376	0.174664887135148	0.16623939949101	0.127394181429317	0.0869505972759904	0.0518544155316627	0.0252738723876947	0.0110253583241455	0.00373349304905041	0.00102896436239441	0.000294285880080576	3.57495171224644e-05	
3.41424048668446e-05	0.000269000765617564	0.000677675005690401	0.00500341424048668	0.0162921348314607	0.0392611790510481	0.0780604010180644	0.124636331657252	0.160563453142136	0.176706085625013	0.153173691725123	0.109320359219484	0.0704238831295135	0.0387169698098372	0.0170727543609163	0.00686107145074182	0.00215976576241025	0.000624909470896186	0.000133465764479484	9.3115649636849e-06	
1.13180484803462e-05	7.92263393624235e-05	0.000505710984371833	0.00170079401254657	0.00939243686844003	0.02419232862674	0.0555957975057079	0.100796996395716	0.142803933330521	0.169529446989862	0.169388485840607	0.134884386134773	0.0913623740738492	0.0543055399789484	0.0279771869299176	0.0113849278577301	0.00456220245107774	0.001254245554322	0.00024230912882923	2.88095779499722e-05	1.54337024731994e-06	
3.7184435308506e-05	0.000253159785593527	0.000892935823230288	0.00379943428720748	0.0151951902696992	0.035099560052099	0.0731596124057464	0.122246632643757	0.158276822330221	0.171392740477601	0.158318081772139	0.116618029764867	0.0725682270715933	0.0415156579582078	0.0194515346729578	0.00740072137804498	0.0029309485036321	0.000709560525818478	0.000103912668533359	3.00531737424912e-05	
7.5085130303141e-05	0.000548933182351342	0.00198113130968761	0.00701284970392107	0.0222835417453031	0.0503060226391814	0.0941481287567932	0.140767370031698	0.170741556981497	0.168558507551129	0.141360441094701	0.0962373217742819	0.0558897182075353	0.0300259348098723	0.0129628389484835	0.00472072390182924	0.00193597876511342	0.000367815672093089	5.52991838043403e-05	2.08006104218161e-05	
1.92277624602226e-05	0.000238829049505922	0.00119313326003171	0.00382885469832906	0.0119804139939655	0.032453427070362	0.0684776520270869	0.114622763950374	0.156074277858371	0.173443525278689	0.158590078778167	0.125849753252148	0.0772232479839944	0.0415911681827083	0.021656532455198	0.00825528801417187	0.00309971770608746	0.00115417174136231	0.000200373524585477	3.89615186693984e-05	8.60189373220483e-06	
0.000126981676036221	0.000561766934784243	0.00210992752901785	0.00667212518564721	0.0191620428405699	0.0470157274424671	0.0881867423003391	0.135447798340908	0.165605946399511	0.171266789517206	0.144971931970329	0.104854865023558	0.0595985956842484	0.0311491130583892	0.0155146211781055	0.00519050298965658	0.00179399711903973	0.000690272390932899	7.46652255092981e-05	5.07926704144885e-06	5.07926704144885e-07	
4.05418417145145e-06	0.00023716977402991	0.00107283848637034	0.00356616175181298	0.0108251785107968	0.029647742072803	0.0618384711671489	0.10883305376355	0.150704161113279	0.170820516199	0.163141891378271	0.131451854029099	0.0836489684635149	0.0459029935082376	0.0232451717200383	0.0103113106670653	0.0033472358065546	0.00103533728278441	0.000337510832273333	2.73657431572973e-05	1.01354604286286e-06	
8.73150422619946e-05	0.000400740714196669	0.00217732423305344	0.00656225537277719	0.0173272411323499	0.0427838659971504	0.0832379849707091	0.129806175747515	0.164281485526649	0.169635462222112	0.149487894753577	0.110206219960219	0.0653858441623333	0.0334608402129679	0.0159140496968957	0.00641992680677787	0.00213089080017423	0.000539031590380406	0.000122644828148351	3.28062297516165e-05	
0.000165975689858532	0.000930775525194504	0.00353846045187764	0.0110911110685101	0.0263058856291286	0.0601795564362749	0.104233742201917	0.146737139910948	0.169622614667004	0.163512287750389	0.133374835663888	0.0906519868147701	0.0489673688766826	0.0238349162402924	0.011003835097855	0.00413072628742146	0.00136967780536752	0.000272926590314486	6.0538245541106e-05	1.56390467647857e-05	
5.54084154301355e-06	0.000389370046613589	0.00173780939303607	0.00637247148733313	0.0177795530857954	0.0383627719923557	0.0799704622774471	0.123679642645943	0.15824794560707	0.171782206645182	0.151473007538567	0.114279856824655	0.0717750539224625	0.0361021086428061	0.0172949813072155	0.0073506818761088	0.00252007547633607	0.000725850242134775	0.000111824256595364	3.82821779335482e-05	5.03712867546687e-07	
3.33762842283909e-05	0.000734783954300787	0.00318642374125895	0.0105322404791621	0.0264239030833618	0.0549510177743885	0.0995169541409855	0.141765261558814	0.168347954842899	0.165310712978115	0.135182042345402	0.0944604470803843	0.0548534174280842	0.0260329959968687	0.0122010546905816	0.00455636849845154	0.00139674692483054	0.000415180747750135	8.84977233328546e-05	1.06197267999426e-05	
0.000162849126899673	0.00118778081932449	0.00588750484094475	0.017229946529507	0.0379809965246979	0.0727925419171108	0.120535325792401	0.156883250916408	0.170471992749143	0.153860363998333	0.115997433090637	0.0764067747272404	0.0407051570756164	0.017784651368009	0.00803609550897731	0.00293535551236661	0.00076742651051471	0.000319591411540609	4.32567993327257e-05	1.1704780995914e-05	
0.000430776299918768	0.00238106471490814	0.0103206821855538	0.0262999187678977	0.0529572792989423	0.0931533235417197	0.138901253764164	0.164717062023582	0.166997612268509	0.139158693886259	0.0962420921779229	0.0589240438817458	0.0296466403551238	0.0125612317740599	0.00487290047836682	0.00173797723860084	0.000494879915978108	0.000169746375325134	3.28210514223823e-05	
0.000776728477038349	0.00451178823799452	0.0170291057990261	0.0392796099552408	0.0678448756414671	0.113833759611759	0.154176503861099	0.168575184857279	0.157273683045595	0.121210630728116	0.0765128785270441	0.045391991703966	0.0207631408522289	0.00812183365304215	0.00324115062384208	0.000990380043611562	0.000367357729575525	8.30013280212483e-05	1.63953240535799e-05	
