# <P(U)> as a function of N_tot.
# number_of_species: 1
# species_total_upper_bound: 103
# species_total_lower_bound: 0
# volume: 729
# Bin widths for each
10	10	10	10	10	10	10	10	10	10	10	10	10	10	10	10	10	10	10	10	10	10	10	10	10	10	10	10	10	10	10	10	10	10	10	10	10	10	10	10	10	10	10	10	10	10	10	10	10	10	10	10	10	10	10	10	10	10	10	10	10	10	10	10	10	10	10	10	10	10	10	10	10	10	10	10	10	10	10	10	10	10	10	10	10	10	10	10	10	10	10	10	10	10	10	10	10	10	10	10	10	10	10	10	
# Bin lower bound for each
0	0	0	0	-10	-10	-10	-10	-10	-20	-20	-20	-20	-20	-20	-20	-30	-30	-40	-40	-40	-50	-50	-50	-50	-60	-60	-60	-60	-60	-60	-70	-70	-80	-90	-90	-90	-100	-100	-100	-110	-110	-110	-110	-120	-120	-130	-140	-140	-150	-150	-150	-160	-160	-160	-160	-170	-170	-180	-180	-180	-200	-200	-200	-200	-210	-210	-220	-220	-230	-230	-230	-250	-250	-250	-260	-260	-270	-270	-270	-270	-280	-280	-290	-290	-290	-310	-310	-320	-320	-320	-330	-330	-330	-340	-340	-350	-350	-350	-360	-360	-370	-370	-370	
# Bin upper bound for each
0	0	0	0	0	0	0	0	0	0	0	0	0	0	0	0	0	0	0	0	0	0	0	0	0	0	0	0	0	0	0	0	0	0	-10	-10	-10	-10	-10	-10	-10	-10	-10	-10	-10	-10	-20	-20	-20	-20	-20	-20	-20	-30	-30	-30	-30	-30	-30	-30	-40	-40	-40	-40	-50	-50	-50	-50	-60	-60	-60	-60	-70	-70	-70	-70	-80	-80	-80	-90	-90	-90	-100	-100	-100	-100	-110	-110	-120	-130	-130	-130	-140	-140	-140	-140	-150	-150	-160	-160	-170	-170	-180	-180	
# Normalized histogram for each
1	
1	
1	
1	
1.66255787513167e-05	0.999983374421249	
0.000107699717801097	0.999892300282199	
0.000457969937178657	0.999542030062821	
0.00145079941267814	0.998549200587322	
0.0038977818333774	0.996102218166623	
2.98022239270987e-06	0.00947199825614416	0.990525021521463	
3.82690158739878e-06	0.020452662928209	0.979543510170204	
1.14672177726586e-05	0.0405765377326677	0.95941199504956	
4.66485359356997e-05	0.0736601586304668	0.926293192833597	
0.000199312245532331	0.124064239608941	0.875736448145527	
0.000496198913104224	0.193175486757586	0.80632831432931	
0.00108921205756054	0.279585743687906	0.719325044254533	
1.48412243416433e-05	0.00257262023087857	0.380012517512645	0.617400021032135	
3.6916684559236e-05	0.00536522482260897	0.486631916892481	0.507965941600351	
2.54519200504287e-06	9.50205015216006e-05	0.0102609415683303	0.591899671924751	0.397741820813392	
3.39573131106215e-06	0.000258924512468489	0.0191981914335037	0.684386300091812	0.296153188230905	
1.52671949964313e-05	0.000584394297363398	0.0335840121933997	0.757208342504253	0.208607983809988	
2.96999540923567e-06	2.75785288000455e-05	0.00130594940994677	0.056269533023379	0.801850391996966	0.140543577045499	
2.54704606332806e-06	7.89584279631697e-05	0.00256614890880302	0.0893380651789088	0.818788285286139	0.0892259951521223	
9.76138920695928e-06	0.00013623504067104	0.00506191691614797	0.135562353632213	0.805790371195923	0.0534393618258381	
2.12240864516469e-05	0.000305202363174682	0.00940396822499569	0.194134596364569	0.765511623583186	0.0306233853776232	
2.54131758845903e-06	3.43077874441969e-05	0.000704792077865971	0.0165198349837779	0.264380045574295	0.701898364238579	0.0164601140204491	
4.2199167410427e-06	0.000108029868570693	0.00143941360036966	0.0281046454953444	0.343255201574873	0.618586201294248	0.00850228824985283	
2.53064932665748e-06	0.000203717270795927	0.00310173252470652	0.0459443603003543	0.423332924211692	0.523318879107929	0.00409585593519513	
1.51906105148562e-05	0.000397909603208595	0.00571504524481146	0.0712262409357416	0.496600889916599	0.424296537595706	0.00174818609341804	
2.1993741088834e-05	0.000871713468924747	0.0102118631701694	0.106199316586791	0.553450077802859	0.328528546818542	0.000716488411624707	
7.43020910731345e-05	0.00172465767965184	0.0177951385203269	0.150290202738563	0.588353253370131	0.241453348901391	0.000309096698864239	
1.69648162434723e-06	0.000257441086494691	0.00318472012930583	0.0288728448851715	0.20501683545952	0.593993352336755	0.168564958917577	0.000108150703552136	
2.41804318370595e-05	0.000495910961710923	0.00559798207933048	0.0444555118233827	0.263180244332658	0.574395552836789	0.111816680086099	3.39374481923642e-05	
3.82044908105465e-06	7.42865099093959e-05	0.0010438315878126	0.00985973008951737	0.0663030448130187	0.324865944686689	0.528202979610688	0.0696412683211758	5.09393210807286e-06	
8.49969358604622e-07	1.06246169825578e-05	0.00019676790651697	0.00218229632821737	0.0167839199396862	0.0960554622005877	0.382348091351307	0.461634933060663	0.0407870546266807	
1.27819866019216e-06	3.62156287054447e-05	0.000405188975280916	0.00411366935471845	0.026713073799356	0.1343642431594	0.428170135058731	0.38346684118339	0.0227293546417571	
4.70214678648877e-06	0.000120973412779666	0.00093358987106286	0.00777606838118338	0.0407517963269394	0.177902731391575	0.456519462399283	0.304013880737314	0.0119767953330766	
2.13616788570647e-06	1.36714744685214e-05	0.000254631211976212	0.00186316562991319	0.0128793834165015	0.0602882117711395	0.225187555540365	0.465767909631554	0.227812905871898	0.00593042928429831	
2.56601830511925e-06	6.62888062155806e-05	0.000571794412324073	0.00367624889180084	0.0203972795073929	0.0857062944001355	0.273746681817579	0.450830598741881	0.162307072844555	0.00269517455981025	
2.0142376603301e-05	0.000186424123881616	0.00118025755671258	0.00660155679143083	0.0313732515238565	0.117342629111563	0.315703896778463	0.415572371344855	0.110750072105423	0.00126939828721229	
5.57921476414728e-06	4.89254217779069e-05	0.000351919700507751	0.00236687457109786	0.0112725888457763	0.0467533905531877	0.152842159293448	0.350558372105299	0.363450220743778	0.0718109315700726	0.000539037980289922	
1.02934093444428e-05	9.2640684099985e-05	0.000744127717192009	0.00424560246252663	0.0190076381386256	0.066556327037055	0.191527752103823	0.371607517448401	0.302819236151826	0.0432040123709625	0.000184852476143952	
2.1922085469483e-05	0.000243292164229948	0.00149843901856113	0.00779050739311586	0.0294288952859349	0.0914877401811624	0.231630044604996	0.37323210201421	0.239826755346517	0.0247827027008439	5.75992049590336e-05	
3.8760541252198e-05	0.000515515198654234	0.00291134732072065	0.0128999388014121	0.0433235183029429	0.122080631400604	0.266589834660451	0.358250762613649	0.180191726863941	0.0131798760437891	1.80882525843591e-05	
8.59366406335937e-07	0.000123748762512375	0.00101405235947641	0.00570060705642944	0.0206329577329227	0.060898570701793	0.156147305714443	0.292545941728083	0.32831620902541	0.12785911203388	0.00675848710262897	2.14841601583984e-06	
1.29582859815966e-05	0.000326980749602289	0.00215409907300742	0.00946343625236003	0.0315201667645017	0.0841010037920264	0.18991016020329	0.308032711897132	0.284847746618859	0.0863207581806739	0.00330911429683373	8.63885732106443e-07	
1.34235860200713e-05	5.06632117531723e-05	0.00076730949766343	0.00386122956583793	0.0153782333521552	0.0454518292450575	0.11077836014009	0.220954824003797	0.310548600309695	0.235441904451781	0.0552060130737067	0.00154760956244306	
1.73728890853956e-06	3.60487448521958e-05	0.000192404746620756	0.00171296686382	0.00682971702169613	0.0237344067462403	0.0639044352117191	0.139703218935754	0.245258287085255	0.299496881132087	0.185172847216733	0.0333442203438268	0.000612828662487329	
4.77300250929759e-06	8.72157731244378e-05	0.000527633731936897	0.00318793176689176	0.0115393844302055	0.0360439793129393	0.0859891114795483	0.169491922561072	0.261590477252521	0.274277985740872	0.138089471233765	0.0189501216898685	0.000219992024746716	
1.08628161025172e-05	1.12973287466179e-05	0.000169025418555167	0.00119577879656509	0.00557957686289692	0.0186158252112057	0.0514628085419972	0.110757272981265	0.195015357849406	0.269665933643836	0.240219446265777	0.0971127069312153	0.0100898181086621	9.42892437698491e-05	
1.17425766257489e-05	2.26153327607015e-05	0.000360975503680428	0.00242288497711285	0.00985680580170267	0.0286192686984224	0.0707546780033271	0.137038478683962	0.216396986071999	0.263801332999902	0.20018527176454	0.0654170245615561	0.00509018951213943	2.17455122699053e-05	
2.03893409731182e-05	9.93438102732779e-05	0.000729678117378399	0.00433729002232416	0.0162177685731713	0.0421530102909776	0.0939449730730554	0.161627173525439	0.22940915160386	0.248644108825288	0.158964412357502	0.0415265803257609	0.00232178197634316	4.33815765385493e-06	
2.6105900325062e-06	4.78608172626136e-05	0.000264974888299379	0.00169557822611277	0.00830646238509597	0.0251103953259996	0.0586895447174493	0.117741961449417	0.183761172781466	0.235938600662829	0.223650118281483	0.118965457977985	0.0247510040981913	0.0010733876016988	8.70196677502066e-07	
1.52464855761712e-05	0.000119793815241345	0.000514024370853773	0.00337295822332268	0.0136059637281752	0.0366373048395395	0.0790804713864849	0.140540361585652	0.201940137070261	0.231996187507378	0.191988102513884	0.0852592185696967	0.0144994077829388	0.000430822120995238	
2.05239368054885e-05	0.000209606163119883	0.00119999528386133	0.00649997445424887	0.0216872510108039	0.0512334231000839	0.102420994851985	0.162682330069445	0.210806595083251	0.219654158564442	0.15749064741667	0.0581814307280015	0.00775586471494217	0.000157204622339912	
6.08457293739544e-05	0.000442991928967207	0.00258791332416416	0.0107718827944911	0.0327975990888024	0.0701179181480486	0.125916516157386	0.18163632113588	0.213169729818697	0.198648174234154	0.12267987354594	0.0371307780461605	0.00397029327641558	6.91627715185956e-05	
1.75194553551719e-06	0.000169500730561288	0.000980651513505748	0.00461900440439108	0.0182294312834403	0.0472955216768221	0.0913810411461928	0.147547539042106	0.194174693497129	0.207656352379317	0.172867531894168	0.0905703283496323	0.0225269536820639	0.0019591130950921	2.0585360042327e-05	
2.77023170569762e-05	0.000458627249054384	0.00176547306323428	0.00832740445119072	0.0285637272016526	0.0648805854247117	0.113745274116626	0.166504556811296	0.199449207581816	0.195009801343606	0.143638712537013	0.063693343265127	0.0129875497872198	0.000933963832206626	1.40710181876704e-05	
4.38724645005953e-07	7.72155375210478e-05	0.000905527667292288	0.00359534846582379	0.0142822420935238	0.041855208582858	0.0847023735880744	0.135527746262724	0.180106996166424	0.197902106492511	0.176198398304066	0.114373321329827	0.0427146701624246	0.00740742690628052	0.000348786092779733	2.19362322502977e-06	
1.88697212503341e-05	0.000233896777358792	0.00180359428695053	0.00666145043209468	0.0229135463973533	0.0587493412053715	0.106481837015635	0.156867064569114	0.187003764728805	0.189585844725013	0.151888091143387	0.0864821266439148	0.0272175981653365	0.00395254835585486	0.000139548171107122	8.7766145350391e-07	
7.38623223896923e-05	0.000701252406021186	0.00348032228593336	0.0121666193302974	0.0350925169553599	0.0777616374925148	0.128491423617126	0.171837175786172	0.18867206975417	0.175471377910417	0.125143877648822	0.0620786440284511	0.017078024112531	0.00187601505736201	7.51812924323654e-05	
4.40610933495948e-06	1.40995498718703e-05	0.000176684984331875	0.00154257887816931	0.00611920464439173	0.0199715717825708	0.0508976125937179	0.0998706366299256	0.149555687934663	0.181474425178976	0.183315738270056	0.154152141192892	0.0990264260813473	0.0429384166910471	0.00998953108422014	0.000918233185405556	3.26052090787002e-05	
1.48947010348751e-05	7.05307901945555e-05	0.000564246321556444	0.0030560421888026	0.0109887847282002	0.0307825281652225	0.0706333007840308	0.121380861448177	0.164498830546929	0.186407183451461	0.172285254552631	0.129686847672331	0.0752699336002989	0.0284475647382848	0.00546066024705052	0.000443774474950837	8.76158884404416e-06	
5.60291281429933e-05	0.000132193724212375	0.00113546530002285	0.00565412693924254	0.0178789823359419	0.0456120875840327	0.0924769514551377	0.142142834005829	0.175168940953178	0.182621690451323	0.155043103033189	0.106591914471536	0.05449182893957	0.0178654127814698	0.00291832966663544	0.000207482865154522	2.62636538170281e-06	
0.000111971111453245	0.000311857040883452	0.0025280977507803	0.0100061059246714	0.0276284343639341	0.0628341637857433	0.115941712038294	0.159209361484737	0.180119091774322	0.172329226559548	0.134331654933027	0.0842451397539435	0.0379175297773175	0.0108808802328999	0.00152735594216692	7.74175262782202e-05	
1.66131257683571e-05	0.000134216568707516	0.000744530346934528	0.0045117752086696	0.0161291591834736	0.0409054503293771	0.0848126301725841	0.136023901916105	0.171993067954679	0.179623738932598	0.157618779477369	0.111667310789613	0.0638337498273109	0.0250508449086016	0.00619013809879389	0.000709118157796715	3.49750016175938e-05	
4.50314761274155e-05	0.000324401507636333	0.00173655362308829	0.00781492850269467	0.0254939362712801	0.057126143657404	0.106374402185294	0.154601801521364	0.180250943365705	0.171759668323504	0.137885505504551	0.090518076202876	0.0459504679994526	0.0163285006835603	0.00350852034876222	0.000265379669993604	1.57391567047277e-05	
6.98979926170245e-06	9.04305279482755e-05	0.000675389353662	0.00364474345252397	0.0135003604115244	0.037648369410891	0.075932373692143	0.128808020794653	0.1704785828182	0.180448657740111	0.157593324741705	0.117684628994561	0.0693956007950897	0.0319508092876958	0.0101924379109237	0.00183263799392761	0.000111836788187239	4.80548699242044e-06	
5.09338747705799e-05	0.000208959486238276	0.001211965020182	0.00661443840396744	0.0211815265883533	0.0517618767347991	0.097716856413489	0.148988984352417	0.179896704360636	0.174377561930368	0.141171722905791	0.0959385241191487	0.0522834047858688	0.0213608834807078	0.00616561084081815	0.00102303081804156	4.70158844036122e-05	
6.96271855864763e-06	8.18119430641097e-05	0.000469113162888884	0.00258839062417726	0.0112896129729372	0.0319832476991479	0.0697803653947666	0.120393672107306	0.165603909218335	0.181984574967373	0.161847522555944	0.121724421691827	0.0765511740231415	0.0378027749044476	0.0139219557580159	0.003444369836981	0.00051088947424077	1.52309468470417e-05	
2.30755331863175e-05	0.000176331904536955	0.0011724983183161	0.00476531529668387	0.0180302637794676	0.0452197726842287	0.090552746097296	0.141049414295075	0.178225404420488	0.1780151122973	0.145251338272078	0.101352531015911	0.0585687509388041	0.0265015967833578	0.00892370053182573	0.00195140641020896	0.000217258321886272	3.48309934887812e-06	
9.76735809969071e-05	0.000474414536270692	0.00253122829324574	0.00871431480456781	0.027393951127454	0.0612879918616977	0.112221712052179	0.159219274137039	0.181828527923961	0.167949722524182	0.127573905979585	0.0835314057626541	0.0431067524275591	0.0176113315307325	0.00539690139285143	0.000937491960461386	0.000121655933473826	1.74417108923048e-06	
3.04710166219396e-06	3.04710166219396e-06	0.000167590591420668	0.00115354562925914	0.00463551222867192	0.0151989430910235	0.0406265711617946	0.0801022084957547	0.133957553873846	0.171429068914557	0.179404639865231	0.153406768483392	0.107812115711509	0.0664938524723965	0.030650795620009	0.0113461006892979	0.00309063168593958	0.000475783159539714	4.22241230332591e-05	
8.7245227576995e-06	4.40588399263825e-05	0.000315391497690837	0.0022356589566605	0.00809112240549052	0.024897606819785	0.0560882119046986	0.100845013651697	0.152409560506528	0.179439876914433	0.170486335434344	0.136479018177107	0.0888618816439967	0.0496626008936529	0.0209973089209554	0.00719293278758535	0.00172571060147296	0.000194120631358814	2.48648898594436e-05	
2.35322007662782e-05	0.000152959304980808	0.000784842473704945	0.00416476375413557	0.0135153273067658	0.0371473220355528	0.0753352902827699	0.123546668711934	0.167279084928584	0.17951670089004	0.157248702242706	0.116036846197022	0.0705460516453366	0.0357393120230372	0.0137358327435757	0.00431859462210772	0.000827984841776455	7.53901987512246e-05	4.79359645239e-06	
6.09925580365973e-06	3.70311959507912e-05	0.000332845102428288	0.00161891675474282	0.00716880387494434	0.0208411570811053	0.0522845633934865	0.096229265797726	0.143632681903769	0.178032048975281	0.174008282789381	0.140410532194922	0.0948329718798168	0.0540359211313945	0.0247804050080118	0.00884566355982194	0.00249677392934099	0.000374232909667408	2.65753288588031e-05	5.22793354599405e-06	
3.24248247964028e-05	9.59599544650298e-05	0.000693190173350124	0.0034856686656133	0.0117925582398052	0.031512986142331	0.0707141611478738	0.115606769251802	0.160388081335482	0.182189394277982	0.160178196320922	0.122629372860071	0.07581143124053	0.0405735338063852	0.0171067241199508	0.00546621201804222	0.00148496934101364	0.000226973773574819	1.13925060095469e-05	
3.93243723284005e-06	2.57793107486181e-05	0.000195311049231056	0.00145587565109145	0.00629583200977691	0.0185903785495162	0.046350763788545	0.0902520561185009	0.135407795925733	0.172142439867573	0.178357001507871	0.144351905943092	0.102723999271188	0.0591674506053113	0.0292984051345396	0.0111545766796859	0.00333470677344836	0.000777748697161698	0.000102243368053841	1.17973116985201e-05	
3.92254114418782e-06	0.000105472772988161	0.00053956732627828	0.00286476254897184	0.0103681479198982	0.0287927595120533	0.0639234738373043	0.111070239200917	0.15215929352419	0.177343751021495	0.167614541470195	0.127375371061496	0.0832690109225337	0.0445404546922527	0.020419877520832	0.00729200398704515	0.00184054347243391	0.000419711902428097	5.5787251828449e-05	1.30751371472927e-06	
2.79494656193187e-05	0.000303513728209789	0.00114592809039207	0.00535756319090315	0.0171072565110245	0.0425879982374368	0.0834221675072614	0.130879486708064	0.164460332939275	0.174098531473937	0.153423350992446	0.10918677099387	0.0655227183300893	0.0327869067234623	0.0137694789215175	0.0046876494368401	0.000983471821479776	0.00022839953935787	2.05253888141871e-05	
0.000145047937474785	0.000720028384231118	0.00244583827502392	0.00966479595359682	0.0269459114504055	0.0600772054560607	0.10484012807646	0.148818749573867	0.17045130319492	0.167039202462167	0.134324812707936	0.0894971830735137	0.049695421045066	0.0231694537729183	0.00883359310231916	0.00265515895125998	0.000575414722018234	9.03292544753151e-05	1.04226062856133e-05	
2.39333243692155e-05	0.000291986557304429	0.00138160554313198	0.00470181036017042	0.0160710097382521	0.0393516070792163	0.0786649208394418	0.125221764007848	0.162702220272744	0.172195047020279	0.156022647016972	0.113734638613329	0.0703818148509324	0.0358016423482334	0.0159800631056491	0.0054598440156463	0.00167141634367558	0.000291986557304429	4.69963460340958e-05	3.04605946517288e-06	
7.04989980003525e-05	0.00051394639900257	0.0022403014920112	0.00879192133704396	0.0247534166991238	0.0552324835012762	0.0989005202564945	0.144341911436722	0.170747702798854	0.167150078005836	0.139567562627698	0.0941875316864709	0.0534721844462674	0.0250193110681251	0.0107367362880537	0.00317419562601587	0.000922144301004611	0.000156664440000783	2.08885920001044e-05	
8.68384968950895e-07	0.000132428707765012	0.001087652173611	0.00425031023053016	0.0144143220996159	0.0370748278643895	0.0731306059677152	0.119518428431619	0.158900989350995	0.17231015584905	0.156215508834514	0.121630340676107	0.0750215142376058	0.0397381645641619	0.0173160304733653	0.00677296856533251	0.00190697339181617	0.000485427197643551	8.3364957019286e-05	9.1180421739844e-06	
7.77897343480572e-06	0.000330606370979243	0.00224596249670474	0.00721629435635477	0.0223247894275108	0.0513312848703288	0.0918623294568116	0.139711659384683	0.16930071350473	0.167900930451656	0.141718202365672	0.101784842238097	0.0580371921363222	0.028789980682216	0.0117043298630469	0.00432640572532445	0.00110072474102501	0.000250655810677073	5.3588483661995e-05	1.72866076329016e-06	
6.55214211941107e-05	0.000800051037738614	0.00408991608085343	0.0117184199681704	0.0325076772138912	0.0678163951838307	0.111979126254606	0.157600571070913	0.173947303534881	0.158542441500578	0.123973856952944	0.0824332759158774	0.0435307942058373	0.0199745501006099	0.00759919167257222	0.00268077446319851	0.000617280757565569	0.000104748061514269	1.76735412431483e-05	4.31061981540202e-07	
5.17191443584757e-06	1.81017005254665e-05	0.00017498310507951	0.00174250417201098	0.00689760988594205	0.0189701511578192	0.0477272883997407	0.0883548312576717	0.132886307528928	0.169889631345939	0.169629742645538	0.143698194657068	0.104082192064214	0.0642153516212228	0.0316611671976499	0.0130763236653013	0.00504865047512654	0.00156881404554043	0.000300833023018467	4.78402085315901e-05	4.30992869653964e-06	
1.93337337564414e-05	5.2845538934273e-05	0.000574426711830269	0.0031217535438734	0.0105592261007124	0.0299316273246667	0.0646807914629106	0.108364718427798	0.152428016212839	0.174674269550057	0.16077030750948	0.125362077869405	0.0853103150195614	0.0484808411291244	0.0230105802783886	0.00857601465582947	0.00313034631443182	0.000766045495282999	0.000155529147107373	3.00746969544643e-05	8.59277055841838e-07	
1.28027039310702e-06	4.82235181403646e-05	8.06570347657425e-05	0.00128709850187026	0.00596563327508103	0.0174671557299568	0.0435001739033951	0.0850193427518559	0.128193474461806	0.165957610247284	0.173794145323492	0.145356779351799	0.106686638884799	0.0670319704854999	0.0359380434481096	0.0158676712521685	0.00536860051509545	0.00188925234342827	0.000459617071125422	7.59627099910168e-05	1.06689199425585e-05	
1.6217547300824e-05	0.000118644161832344	0.000288928408490996	0.0025811506861943	0.00998147358609661	0.0260842177231332	0.0600595525407989	0.105720056966269	0.146586142276542	0.173684383483538	0.167097071836479	0.127439620577678	0.0879678175577142	0.051623013723886	0.0250411733651539	0.0107283343170556	0.00363955903635334	0.00102725358823903	0.000276125081674556	3.9263535570416e-05	
2.81081311286905e-05	0.000258509630229017	0.000625618858000703	0.0046254910937683	0.0159931007314502	0.0392329887248065	0.0782632582008667	0.125073517668729	0.160835578079917	0.17543306751275	0.15344484311617	0.109680482948798	0.0711472163367865	0.0384412763646817	0.0173422910256274	0.00670336339341801	0.0021506979121195	0.000588141349829115	0.000124783066980399	7.66585394418832e-06	
9.31454673933707e-06	6.56252156635111e-05	0.000490283869279651	0.00163724328368257	0.00864855664747447	0.0237745337751816	0.0552183266247427	0.100855371762613	0.143747589331796	0.169527290986864	0.168670352686845	0.135283630065155	0.0916547165265886	0.054875805337828	0.0279902129517079	0.011605925237214	0.00442567986664956	0.00123290727749771	0.000249375819521342	3.59880214928932e-05	1.27016546445505e-06	
3.06030520046466e-05	0.000230570939761036	0.000859400775472953	0.00360990247687688	0.0143603773482078	0.0348241770818355	0.072958933638749	0.122978993310508	0.159104428932377	0.171185507736074	0.157382273622307	0.116818557019984	0.0729580951989681	0.0420427243759178	0.0195557694508597	0.0074931363223432	0.00274085964392301	0.000712673813806839	0.000116543129551942	3.64721304712912e-05	
6.23433831703828e-05	0.0005439355578624	0.00188620114987977	0.00665191346068957	0.0213888013710523	0.0503006499193092	0.0937966660097599	0.141445002466539	0.171128402683025	0.167685290601756	0.140707760579651	0.0972259704960985	0.0562646941052867	0.0305829859467972	0.0133172161043419	0.00475483359965255	0.00175900391173349	0.000404604372656108	6.77827387490068e-05	2.59415419903606e-05	
1.58780366222736e-05	0.000204325260744521	0.0011198194249393	0.00367451194884932	0.0115763422268445	0.0321617988645532	0.0683658115786821	0.113901931396018	0.157101472771465	0.173822298863926	0.157655950524038	0.124658883364539	0.0779014082564955	0.0424821048259621	0.0223892851666128	0.00863096643341274	0.00300262029388574	0.00107218531507248	0.000215189180538708	3.76058762106481e-05	9.61039058716562e-06	
0.000104838374870996	0.000503224199380783	0.0020242193420092	0.00650962437248991	0.0187341982359476	0.046468141924321	0.0879820416057381	0.134305925926237	0.167325820475606	0.171672419497757	0.143530444854386	0.104540214532863	0.0604816778165773	0.0319140593712297	0.0159400458688858	0.00553211136519274	0.00169670425891221	0.000636159258717206	8.05158719009252e-05	1.71934934788434e-05	4.19353499483986e-07	
1.54751304197985e-05	0.000207032150210817	0.0010213586077067	0.00342878700490562	0.0108957465558424	0.0292216469470286	0.0617369871928657	0.108414581253427	0.150863282241702	0.172248657741559	0.162664951297255	0.129791591817922	0.0838409106403233	0.0468331818582955	0.0236125395400038	0.0103909227067425	0.00344635336916593	0.000992917827475718	0.000324977738815768	3.22050011439049e-05	1.58933771879011e-05	
0.00014154216853426	0.000396734372391617	0.00204278653234592	0.00627781147499012	0.0174496515773001	0.0425300912405796	0.0825698729159477	0.129592262805507	0.164345028185625	0.171198583246153	0.148797869873624	0.109012864101617	0.065675149899401	0.0344064033677045	0.016174106858509	0.00660127696014048	0.00209440779381136	0.000527869028533652	0.000119478242262743	3.4552941142187e-05	1.1656413879292e-05	
0.000204708461033412	0.000885405701380284	0.00336146271684742	0.0106747973094984	0.0263553822098362	0.0602496111787463	0.103353640523621	0.147197033558041	0.170349893360206	0.164925119142821	0.132098120260396	0.0893032339776102	0.0497021325462321	0.024396089236246	0.011014729855564	0.00425810241913808	0.00130688877257306	0.000274608911142381	6.53236349232635e-05	2.37162241441148e-05	
7.46503873525655e-06	0.000440022561005955	0.00170368772913522	0.00607405318425375	0.0173134984489308	0.0387136908810405	0.0799464176108558	0.123356032580747	0.159077901826446	0.171567326354905	0.152189744695675	0.113599641678141	0.0710368938803271	0.0365936198802276	0.0175623330734394	0.00742190740034173	0.00254557820872248	0.000681806871153431	0.00012649093412518	3.98135399213683e-05	2.0736218709046e-06	
3.86685704354247e-05	0.000810376814824116	0.00315627008790655	0.00985092226619444	0.0259345528208514	0.0560394901736094	0.0997532695731572	0.141083734502427	0.168501829896543	0.166255726482649	0.135588639589797	0.0933970713339493	0.054462394607356	0.0262730067599314	0.012289121159026	0.00468430230672575	0.00141161071643298	0.00037753830059533	7.81687230307511e-05	1.33053145584257e-05	
4.1791274316253e-07	0.00021647880095819	0.00140502264251242	0.00601083898490666	0.0163449852978297	0.0379673727163158	0.0741026159666071	0.120350929688688	0.156336142264184	0.17008923272892	0.154392848008479	0.116152160358134	0.0759242976140526	0.0405149687986346	0.0179639792648413	0.00807407419790007	0.00309004682294374	0.000740541380884002	0.00027582241048727	3.76121468846277e-05	9.61199309273818e-06	
1.47096339276446e-05	0.000564849942821552	0.00252753538402441	0.0101874721830316	0.0254211893537553	0.0532329043583805	0.0956092583276491	0.13910942832899	0.163965767739924	0.16625584760483	0.139400258805502	0.0958383083416653	0.0583964061422388	0.0295983051139513	0.0124914211313558	0.0049386545223929	0.00182987846059898	0.000438347091043808	0.000147936889786597	3.15206441306669e-05	
6.77439212453773e-05	0.00100016957018796	0.00470420521443055	0.016923357220429	0.0376344832548387	0.0689591041308223	0.116409723651086	0.153380653093478	0.167471809482213	0.156810767664859	0.12198365982958	0.0763743285041595	0.0445388932158039	0.0207443668404866	0.00813558209490292	0.00338214682590275	0.00108516504901757	0.000306320339544315	7.23723879143161e-05	1.51477090983452e-05	
