# <P(U)> as a function of N_tot.
# number_of_species: 1
# species_total_upper_bound: 103
# species_total_lower_bound: 0
# volume: 729
# Bin widths for each
10	10	10	10	10	10	10	10	10	10	10	10	10	10	10	10	10	10	10	10	10	10	10	10	10	10	10	10	10	10	10	10	10	10	10	10	10	10	10	10	10	10	10	10	10	10	10	10	10	10	10	10	10	10	10	10	10	10	10	10	10	10	10	10	10	10	10	10	10	10	10	10	10	10	10	10	10	10	10	10	10	10	10	10	10	10	10	10	10	10	10	10	10	10	10	10	10	10	10	10	10	10	10	10	
# Bin lower bound for each
0	0	0	0	-10	-10	-10	-10	-10	-20	-20	-20	-20	-20	-20	-30	-30	-30	-40	-40	-40	-50	-50	-50	-50	-60	-60	-60	-70	-70	-70	-70	-70	-80	-90	-90	-90	-100	-100	-100	-110	-110	-110	-120	-130	-130	-140	-140	-140	-150	-150	-150	-160	-160	-170	-170	-170	-170	-180	-180	-180	-200	-200	-210	-220	-220	-220	-220	-230	-230	-230	-230	-250	-260	-260	-260	-260	-270	-270	-270	-270	-280	-280	-290	-290	-290	-310	-310	-320	-320	-320	-330	-330	-340	-340	-340	-350	-350	-350	-360	-360	-370	-370	-370	
# Bin upper bound for each
0	0	0	0	0	0	0	0	0	0	0	0	0	0	0	0	0	0	0	0	0	0	0	0	0	0	0	0	0	0	0	0	0	0	0	0	-10	-10	-10	-10	-10	-10	-10	-10	-10	-10	-20	-20	-20	-20	-20	-20	-20	-30	-30	-30	-30	-30	-30	-30	-40	-40	-40	-40	-50	-50	-50	-50	-60	-60	-60	-60	-70	-70	-70	-70	-80	-80	-80	-90	-90	-90	-100	-100	-100	-100	-110	-110	-120	-120	-120	-120	-130	-140	-140	-140	-150	-150	-160	-160	-170	-170	-180	-180	
# Normalized histogram for each
1	
1	
1	
1	
1.27661492785729e-05	0.999987233850721	
9.90215236058528e-05	0.999900978476394	
0.000432180313767697	0.999567819686232	
0.00141226911284493	0.998587730887155	
0.00390498027393419	0.996095019726066	
2.58738185616386e-06	0.00947539041601916	0.990522022202125	
3.37961416734259e-06	0.0206373157116275	0.979359304674205	
1.11300852564531e-05	0.0407231931896598	0.959265676725084	
3.87264825987019e-05	0.0739501051970145	0.926011168320387	
0.000157898249176546	0.124219446390863	0.87562265535996	
0.000449990016777773	0.192949759061637	0.806600250921585	
1.38924777789818e-06	0.00104590511278906	0.279462670713744	0.719490034925689	
1.03302850383899e-05	0.00243377542317913	0.37987577037604	0.617680123915742	
2.68306023092603e-05	0.00505468672986234	0.486957346099665	0.507961136568163	
1.19199551173957e-06	8.86049997059744e-05	0.009996074361448	0.592030596140795	0.397883532502539	
5.36099341193476e-06	0.000244620143833468	0.0187370690853351	0.684680663492429	0.29633228628499	
1.56713103338009e-05	0.000558414412527209	0.0331317288688746	0.757109369281336	0.209184816126929	
1.38779572439963e-06	2.75576579559355e-05	0.00124128414720944	0.0553912890044945	0.803041056945224	0.140297424449392	
1.18866112380777e-06	7.60743119236975e-05	0.00249698080074553	0.0879583477293403	0.820607461305118	0.0888599471917485	
4.96045032952272e-06	0.000139091027239817	0.00493664016794101	0.133733344047906	0.807790883287548	0.0533950810190352	
1.54751895016314e-05	0.000349382162979141	0.0093115008830778	0.192616707728825	0.767207121126689	0.0304998129089269	
1.19004243889678e-06	2.67759548751774e-05	0.0007874114137367	0.0163956113614938	0.262794096675478	0.703652061738608	0.0163428528133694	
2.77538290867662e-06	7.98913794426198e-05	0.00153875158122485	0.0280517862661763	0.341543180299381	0.620385306409212	0.00839830868165545	
4.36313499976003e-06	0.000187813129307852	0.00319619471164239	0.0457758308499823	0.42189611534225	0.52484408733727	0.00409559549454747	
5.95424283466417e-07	1.29008594751057e-05	0.000372140177166511	0.0058917232849002	0.0710871097787721	0.495427141502978	0.425442955971947	0.00176543300047793	
3.37345094109359e-06	3.07579350511475e-05	0.000872731602289978	0.0105469951481838	0.10597835038249	0.552655005109786	0.32918035064046	0.000732435730798615	
5.96721730158853e-06	8.47344856825572e-05	0.001705430704794	0.0181846969121043	0.149786900724798	0.587733509644714	0.242180110906701	0.000318649403904828	
1.05288063174427e-05	0.000240573291517418	0.00314354398428705	0.0293257054449225	0.203838882246029	0.594489977668998	0.168826032135903	0.000124756422025548	
3.51461184984148e-05	0.000500782547192103	0.00576416199938127	0.0454862257000332	0.262526215628784	0.574168436879358	0.111474552423116	4.4478703636412e-05	
1.78910897800728e-06	7.29558883254079e-05	0.00103251467019664	0.0102289323969269	0.0681803588833336	0.323845423369779	0.527262542001818	0.0693639538672286	1.15298134138247e-05	
3.97735611615948e-07	9.14791906716681e-06	0.000206225914622869	0.00216308512377333	0.01732397116735	0.0980776244683766	0.380430731757956	0.461150577531995	0.0406348576285491	3.38075269873556e-06	
1.5929118608018e-06	4.10174804156465e-05	0.000421922529129878	0.00421683592350758	0.0275583707617842	0.135660139511203	0.426569053027837	0.38315702785744	0.0223736417688569	3.98227965200451e-07	
9.16126981572703e-06	0.000117104927209728	0.000958348485940837	0.0077574047954866	0.0418299596625307	0.178777599819005	0.455423451815106	0.303345775399919	0.0117811938249855	
9.9557110239389e-07	2.66813055441563e-05	0.000264423684795817	0.00189636383583988	0.0132024675030659	0.0621481278384977	0.225891499077205	0.46365199772293	0.227145918666221	0.00577152479479786	
2.78860742323312e-06	6.29428532672619e-05	0.000609709094465471	0.00380186784908933	0.0209059906657342	0.0880948971073576	0.273720940469805	0.448179009474692	0.162019485593556	0.00260236828461005	
1.31699225309239e-05	0.00015843815893263	0.00124236269208382	0.00701717417761317	0.032250147114021	0.119907355581323	0.315202939526709	0.412968063536495	0.110047473579838	0.00119287571045247	
3.79084057101232e-06	3.41175651391109e-05	0.000353545762728096	0.00241296978241174	0.0119788566864741	0.0481604347575388	0.155831479978077	0.34888462496915	0.36123318837026	0.0706153791209679	0.000491612166682861	
1.6556532479628e-05	6.98167032273469e-05	0.000793915653842402	0.00441441040691768	0.0194916266833056	0.0688231118022743	0.194933022841831	0.367901511372044	0.300983996615286	0.0424054686825209	0.000166562706270956	
2.85027486217028e-05	0.000212475035179966	0.00154094230485583	0.00789984572638159	0.0303010129438356	0.0947788146842972	0.233425153376679	0.369705165973698	0.237948918290792	0.0241049538973024	5.42150183573647e-05	
1.99266857378334e-07	6.53595292200934e-05	0.000490993536580214	0.0030019552064046	0.0131840930847227	0.044846600387853	0.125033576465468	0.267374276561674	0.355072616828166	0.177978979737749	0.0129318212432817	1.95281520230767e-05	
3.97388205756486e-07	8.94123462952094e-06	0.000151404906393221	0.0010173138067366	0.00566715320229325	0.0210208426140037	0.0628630389627214	0.158339727971878	0.292265712829003	0.32537172686237	0.126780547529418	0.00650743056336534	5.76212898346905e-06	
7.96651831681808e-07	2.48953697400565e-05	0.000338577028464768	0.00214458673088743	0.00949091159674122	0.0318720481560099	0.0860937651239371	0.191834358557853	0.30706207949231	0.282655654813948	0.0854022713340373	0.00307945765536603	5.97488873761356e-07	
9.94356826140289e-06	8.15372597435037e-06	6.32410941425224e-05	0.000840828132184228	0.0039656938940127	0.0155738154823744	0.0460285786106687	0.112412238066525	0.222580809390547	0.308952632022745	0.233738089593936	0.0544326836338412	0.00139329278478777	
4.97222811707489e-06	2.50600297100574e-05	0.00022176137402154	0.00175201429933251	0.00707925950396655	0.0242338442861243	0.0650287882063522	0.141280491940317	0.24688564491887	0.29651961931826	0.18368444887923	0.0327264099100882	0.00055768510561112	
1.17058475271695e-05	6.94414683815138e-05	0.000522993459010487	0.00316831659595541	0.0116012885162064	0.0365730357587849	0.0872355470479837	0.170328414496522	0.262481211122698	0.272064332163542	0.137382207429205	0.0183617130694399	0.000199793024743384	
4.95360159529749e-06	2.29847114021803e-05	0.000166639157665807	0.00117974975593605	0.00555120409175418	0.018855785400468	0.052102972299658	0.112222457133018	0.196319156984192	0.269064183419582	0.237955169112986	0.0967951584686872	0.00968092266972178	7.86631933333241e-05	
6.13752612160815e-06	3.80130650112505e-05	0.000393395625923722	0.00235067250457592	0.00962245305039998	0.0288663692276319	0.0715009914084534	0.13794842300226	0.217469577173946	0.263411138026033	0.19819299351897	0.0653775222015108	0.00480291116722878	1.94025019328258e-05	
1.34247029142858e-05	0.000114899663178152	0.000857206765497487	0.00440428966639416	0.0157953475112674	0.0423247321130147	0.0941890976013412	0.162703056034907	0.231681943517932	0.247090146287803	0.15698985783437	0.0416076950397105	0.00222376255333111	4.5407083386555e-06	
2.17121575844712e-06	4.57929141781573e-05	0.000268638604295138	0.00173223540873926	0.00808383103520014	0.0248673288479963	0.0592791247868754	0.117905897929963	0.185012058142789	0.237688318424976	0.22096383820416	0.118325534721095	0.0248525251041887	0.000972112510032004	5.92149752303759e-07	
1.20262590408881e-05	0.000110405001031104	0.000614324970023071	0.003352566147382	0.0133891693482596	0.0367013824677647	0.0792717764992703	0.141448127196024	0.202993000717238	0.233115033730699	0.189225102785084	0.0849601970256104	0.0144206675007502	0.000386220351821308	
5.9178192441564e-07	3.43233516161071e-05	0.000223693567429112	0.00136543816026835	0.00636343103324138	0.021560390852235	0.0516355372936037	0.101662808577287	0.164198574397344	0.21281760196156	0.219223049511435	0.15519599324185	0.0579591216772678	0.00759946621270418	0.000159978380233695	
4.74038211035096e-06	8.31542028524064e-05	0.000558970057178884	0.00282032983973756	0.0108896452870825	0.0327815199363683	0.0699364374013778	0.12482196408647	0.182504118700748	0.215431800418852	0.197802121834536	0.121180955593878	0.0372732295018471	0.0038474126303136	6.36001266472087e-05	
1.36473624395313e-05	0.000171482075870632	0.00111928150790301	0.00496665098868218	0.0181327955613239	0.0470974433545454	0.0908131098541473	0.147337320472903	0.195380980956589	0.209010740276452	0.171396433726628	0.0899938725320525	0.0227020907363682	0.00184832756518	1.58230289153986e-05	
5.03216125580556e-05	0.000357798552282868	0.00216699920535438	0.00876903627970337	0.0281668292213246	0.0647603492636898	0.112846414278025	0.166689747248805	0.201110324588269	0.195060834669134	0.142181537000352	0.0637767004197892	0.0132034797989434	0.000849920149110466	9.70771265883749e-06	
2.37394030766662e-06	0.000106629485486026	0.000791313435888873	0.00405726181416123	0.0148404900050189	0.0411233722929909	0.0844614330646758	0.135071268655462	0.181135602042143	0.19917339398487	0.175393831751333	0.113310544825235	0.0428502160384594	0.00733784949099752	0.000343232202816799	1.18697015383331e-06	
3.0259477990383e-05	0.000309516882712088	0.00169294857253385	0.00734138446407201	0.0233450883823975	0.0576278902993058	0.105659570588341	0.156250648947138	0.188937016182096	0.19085166981886	0.150906192256066	0.0857023570946708	0.0272707117721434	0.00395311402661291	0.000121235686327482	3.95548731900432e-07	
9.92112409306371e-05	0.000735074104460129	0.00331040781364762	0.0126695329012001	0.0355522788782437	0.0769003952805549	0.127897745488908	0.172333687998668	0.19051607865689	0.175822715651276	0.123879195165145	0.0615315641256113	0.0167950174966251	0.00190362806200841	5.34671358308823e-05	
1.97889665034143e-06	7.91558660136572e-06	0.000256860785214317	0.00145844683130163	0.00612052944984101	0.0203541393867518	0.0513907586713767	0.0987241855405584	0.148581892976916	0.182132106786804	0.184887720372405	0.154306445207023	0.0983808469717241	0.0426068322198412	0.00988181831314496	0.000887535147678131	1.99868561684484e-05	
9.66000908040853e-06	4.73143301897561e-05	0.000593597700838982	0.00291298559534932	0.010667212884323	0.0313530380432843	0.0705667606184693	0.120287221641417	0.164116851412697	0.186702741214862	0.173496917372817	0.130453691197898	0.0749449133053614	0.0279178205284656	0.00553163662830986	0.000393694655787262	3.94286084914634e-06	
2.56124074382372e-06	3.99947593074011e-05	0.000117620055697135	0.00118605148290914	0.00550390933995841	0.0176264587989948	0.0456551013512515	0.0915062361286649	0.140234432335467	0.175960588415508	0.183410055628179	0.156672672447847	0.106607902609806	0.0546281127694598	0.0177590522621174	0.00291745022573397	0.000170618037242411	1.18211111253402e-06	
1.77183386576941e-06	1.39778004966253e-05	9.62696400401379e-05	0.000339207750080077	0.00237917914086926	0.00973465212896667	0.0276427738807276	0.0626376739522507	0.113535964191631	0.158615945756684	0.18180747922574	0.173356422297309	0.135770313632313	0.0837004474667993	0.0382859830419749	0.010604819427489	0.0014093954050048	6.77234277582975e-05	
1.18180097407976e-06	2.14693843624489e-05	0.000149694790050102	0.000823321345275563	0.00428718000030333	0.0156255755124535	0.040615348009857	0.0830455483822425	0.134481663077603	0.17189098201161	0.18129910259943	0.15838673924763	0.113463332753594	0.0637550110823386	0.0254402356353569	0.00605259368874947	0.000637187691858002	2.38329863106084e-05	
2.16888560094595e-06	6.80241393023957e-05	0.000291813699036364	0.00173274242373755	0.00759957797429634	0.0243999630106419	0.0571668951554785	0.103956461396104	0.153135350883298	0.180327852690867	0.173361786483466	0.139510805880992	0.0920743202170305	0.0462295994127446	0.0165148808226938	0.00335605471033646	0.000262040814877924	9.66139949512287e-06	
8.27678352368293e-06	0.000123560554032124	0.000674557857180159	0.00355290786067809	0.0131423498379623	0.0363786313156046	0.075993879121518	0.125573388958574	0.168898409379566	0.180595475161274	0.160432245166211	0.119149816679098	0.0713054753879003	0.0320492823338953	0.0102809475340604	0.00173024188899848	0.000108386450905372	2.16772901810743e-06	
1.96696792091687e-07	3.85525712499707e-05	0.000239379995975584	0.00129288801441866	0.00646621034322213	0.0209128029351882	0.0511840458445147	0.0974192004000026	0.14560932437209	0.178570002519686	0.175162033899905	0.142898449183482	0.0979296285754805	0.053763330879213	0.021570950401527	0.00601184075349034	0.000886709138749327	4.44534750127214e-05	
9.24816546896365e-06	9.16945767773843e-05	0.000559218856655206	0.00271443494987986	0.0110787119233843	0.0314870518796503	0.0693710794911305	0.118840697201485	0.162801163065031	0.181429919861695	0.163356643301603	0.12358638347341	0.0777448013995819	0.0391122626935498	0.014029860555374	0.00335432929254092	0.000417348062971743	1.51512498108553e-05	
1.91184539990287e-05	0.000218778184937339	0.00121155811063948	0.00490043424513248	0.0177677450788705	0.0447486140106338	0.0905520936481006	0.139382793233723	0.175484150210342	0.177297841073219	0.147192188948666	0.103650796904466	0.0595011620866472	0.0273001668232935	0.00876512131743098	0.00182433412592793	0.000180344179475374	2.75936449470517e-06	
6.10778948065269e-05	0.000526649073605956	0.00240272557150192	0.00896150634638732	0.0269721953720294	0.0611781807692899	0.112194379021043	0.156886453829249	0.180094280626525	0.168275510955995	0.129305252738358	0.084803898582323	0.0440529241928753	0.01806073349429	0.00518669542187684	0.000953012184448938	8.37358235250772e-05	7.88101868471315e-07	
1.37641187906373e-06	2.94945402656514e-06	0.000138231078711686	0.00105079215453094	0.00451050172769185	0.0153477789726344	0.0401528839663157	0.0797811583764396	0.133491699351533	0.169507875730457	0.178962842188283	0.153912932510396	0.109635532033332	0.0670062864663122	0.031425252871441	0.0115966633416488	0.00299900485421144	0.000451266466064467	2.49720440915849e-05	
2.16669273263681e-06	3.93944133206693e-06	3.25003909895522e-05	0.000319685664097232	0.00212158612938465	0.00799568709962965	0.024352050538305	0.0556903063348974	0.100803606637328	0.152211149328069	0.177577212065248	0.170992632850765	0.13663321949661	0.090262252548917	0.0503295145702207	0.0216901700302273	0.00715363151490035	0.00162639835394383	0.000190471988405436	1.18183239962008e-05	
1.12522511905178e-05	1.30289224311259e-05	0.000103639155702138	0.000824178047726522	0.00406226008769254	0.0133953115225224	0.0360010841642726	0.0746588840570011	0.123305129664428	0.167355718996149	0.178225196238274	0.158202900988283	0.116675777041973	0.0713967182513291	0.0363341113179288	0.0142599581929516	0.00423913758009086	0.000852209971745005	8.11346533211019e-05	2.36889498747743e-06	
2.26748919344226e-05	2.79985622146784e-05	0.000265394822119416	0.00168011090585405	0.00729973781909735	0.0211249151909748	0.0505445030245348	0.0950318523079787	0.143162760965824	0.177105891153815	0.172894079270239	0.142039663709664	0.0963958949375642	0.0549574313409202	0.0253211504096564	0.00923203295785684	0.00244652225323753	0.000414457589966577	3.05618108681349e-05	2.36607568011367e-06	
2.86551524335536e-05	8.91274051553979e-05	0.000648594553702918	0.00334178363897512	0.0118778571163194	0.0320471319947227	0.0687852112536886	0.115331652758049	0.159548924423913	0.179921156830242	0.16149213900239	0.123567143567452	0.0774627818975323	0.0410774574461105	0.0174660070843442	0.00568439175585336	0.00139777857353465	0.000223510188981718	8.69535660052662e-06	
1.77096746772117e-06	1.82999971664521e-05	0.000182999971664521	0.00141854494164465	0.00622258935908294	0.0188385680508024	0.0463796702379865	0.0889098475236365	0.13447349530733	0.172304902352789	0.176695524253596	0.14516148074919	0.103454409787704	0.0606764938307364	0.0294175406063163	0.0116417498103097	0.00338254786334743	0.000716454727774752	9.74032107246641e-05	5.70645072932376e-06	
4.51347045256568e-06	7.41779056986882e-05	0.000469989640604122	0.00281758298947557	0.0100432567083417	0.0288581488844762	0.0638426470758501	0.109723840366792	0.151753080983238	0.17787233825439	0.166296463970633	0.127979258444654	0.084222732309796	0.045588013949371	0.0205135269690653	0.00755790439174412	0.00195276280319483	0.000389139648149467	4.00325205358e-05	5.88713537291176e-07	
2.39556137820966e-05	0.000230327335790158	0.00101084835860847	0.00509763679833615	0.0167434031737654	0.0424562201340258	0.0839000210495229	0.130453240212757	0.164608643813797	0.175536527205723	0.151834018228259	0.108962109287866	0.0664962676368298	0.0328472700025448	0.0138646060126234	0.00468842778914033	0.00105601058131242	0.000177703528465553	1.2763236851117e-05	
9.41668519396222e-05	0.000563633543248569	0.00233502534104225	0.0091142572130441	0.0260975029373415	0.0595044635478553	0.105171870134143	0.149059484145389	0.171207840308648	0.16746871296576	0.133472525746429	0.0895216128554554	0.0511341635385168	0.0231058494025875	0.00886946247138363	0.0026386255234368	0.000560507672644764	7.50208944913173e-05	5.27490664392075e-06	
1.21308598901335e-05	0.000203876709766438	0.00107847257603897	0.00440076291369167	0.0153085582042571	0.0381562501712017	0.0781209767611856	0.126393972762698	0.16258189308721	0.173114805675364	0.155102435328821	0.113341558838975	0.0711322318512553	0.0375833605299386	0.0159732119308181	0.00557999989043094	0.00159070791785138	0.000291923273485149	3.150110390825e-05	1.36961321340217e-06	
3.62175488315338e-05	0.000377445589984849	0.00194556756912315	0.0079508287064599	0.0237154467454225	0.0538919084318565	0.0986150996638424	0.144801675639157	0.170960925963304	0.167502835246762	0.13944519805224	0.0940203652255932	0.0549723660102415	0.0266259672777383	0.0108860163260879	0.00323373768432041	0.000856496087232218	0.00015074331135287	1.11589204507969e-05	
3.91235005673886e-07	0.000119131059227698	0.000866194302561983	0.003910980734219	0.0133534375961582	0.0352297341734192	0.0722589537554355	0.119280706617368	0.159287615827569	0.173553217839456	0.156891497035319	0.121008400402424	0.0754835126721996	0.0406784640974394	0.0186057675473301	0.00693385800555828	0.00196908578355667	0.000497064074708672	6.78792734844192e-05	4.1079675595758e-06	
5.46708318030382e-06	0.00027901649516622	0.00179691308958343	0.00654937039703325	0.0209285801731152	0.0496254950395007	0.091796622162657	0.13989875352456	0.169432327370503	0.169394838800124	0.142612574564669	0.101085196485993	0.0586549686706846	0.029789745743534	0.0123493598924234	0.00440334499579328	0.00111118465639675	0.000247971272820923	3.74885703792262e-05	7.81011882900545e-07	
5.24611494959439e-05	0.000676339280490459	0.00348915399863172	0.0110550658748218	0.0312241350931156	0.0662863200824401	0.112891128098036	0.157502607455646	0.172671290528676	0.159480529307645	0.125429927896148	0.0823673200972618	0.0442869613176056	0.0210665644226816	0.00813440351478	0.00263709912075894	0.000616467262292486	0.000121109196420004	1.09212801924642e-05	1.95022860579717e-07	
2.34054865971407e-06	8.58201175228491e-06	0.000152330708603057	0.00149170967912443	0.00618255928463471	0.01804972612655	0.0459254656180228	0.0864278799914882	0.133580768335809	0.168828065831052	0.169597131111489	0.146077932858631	0.105674796757482	0.0643531903531166	0.032311664338796	0.0142594026178647	0.00515232778291723	0.00155197880711207	0.0003050515086494	6.35849052555655e-05	3.5108229895711e-06	
8.77301918386357e-06	4.6984391629136e-05	0.000457756645415815	0.00279021001243234	0.00994743401861011	0.0281785477066061	0.0622484702291493	0.107264976177354	0.152798505389461	0.173629162139626	0.161167575778903	0.12892945966195	0.0871511725725007	0.048895935031309	0.0232500604850934	0.00900872096593671	0.00320234695809207	0.000801464041441403	0.00018988712633518	3.13879130800452e-05	1.16973589118181e-06	
1.16967933825781e-06	2.20289608705221e-05	0.000100982316202925	0.00100494949811984	0.00533451756868113	0.0163310629207556	0.0410900553667715	0.0817463546456057	0.127125624145769	0.166441860796072	0.173070433605979	0.147157357546216	0.110559455678023	0.0689843732789874	0.0367131152830107	0.0162546438706561	0.00562674245668921	0.00189799967287968	0.000436680286282917	8.65562710310782e-05	1.40361520590938e-05	
1.44563268505173e-05	7.42351919350887e-05	0.000336988700231653	0.00225088916177919	0.00905688877184908	0.0253337360266903	0.0569030328201598	0.102243934496429	0.146494164918558	0.17283593670942	0.166615613692564	0.131752618646396	0.0912735359745694	0.0528941370998967	0.0258608058894294	0.0110504943868427	0.00366799990466639	0.00106507964850027	0.000231105873840026	3.82897305770458e-05	6.05602881575724e-06	
1.72157917327421e-05	0.000197785970929571	0.000818337009296136	0.00424623590408143	0.0144763288732695	0.0378559609483241	0.075654405501541	0.122069549450992	0.16107251252351	0.174929464162395	0.153872007631291	0.114039165143656	0.0733455330693839	0.0394351185718092	0.0178075845735551	0.00718211529650484	0.00224137870320484	0.000630919640205604	9.85995344693408e-05	8.60789586637103e-06	1.17380398177787e-06	
4.30059854557667e-06	3.89008686622617e-05	0.000412271015119145	0.00179549989277826	0.00756631669568593	0.0221996896922668	0.0529700813223637	0.0967892708667485	0.141547163784581	0.170918297033349	0.169453356783324	0.13794248027638	0.0952349954560267	0.0562215293045717	0.0286861651895088	0.0119761895406707	0.00458248323206401	0.00133396747613705	0.000295177445628217	2.54126277693167e-05	6.05993431422167e-06	3.90963504143333e-07	
1.67585169803725e-05	0.000193697277656863	0.000793301425896469	0.00360736821326343	0.0130441670715018	0.0335969292161165	0.0711584168969501	0.118183010410352	0.1567940489337	0.173454937809338	0.1575010245105	0.120631702554251	0.0764597593905668	0.0426381491270274	0.0201460758081259	0.00801290951433623	0.00281582058565561	0.000792327093513889	0.000137965465373299	2.10455794637236e-05	5.84599429547877e-07	
1.75738036291467e-06	6.52183379126109e-05	0.000419037584312764	0.00183607195027629	0.00647516557940147	0.0201233720067663	0.0483879061769772	0.0917582961533482	0.137495877478565	0.168383985266123	0.169589157666113	0.142150397001987	0.101087447442123	0.0598565704253583	0.0311796376633168	0.0139086892500457	0.00501439196884985	0.00173883023686168	0.000457114158842582	5.7993551976184e-05	1.30827204794758e-05	
8.60106426441548e-06	0.000128429527766386	0.000875158288904275	0.00336848953191835	0.01124569604699	0.0303027222759354	0.0660448357841805	0.111293471049404	0.154453025092041	0.172574881060965	0.159588446894097	0.125636332146517	0.0822294975062778	0.0460336778580848	0.0225906952904873	0.00910500843881692	0.00314329803117729	0.00110562771544395	0.000243761980402866	2.36529267271426e-05	4.69148959877208e-06	
5.15509181943771e-05	0.000322438252584602	0.00172470163190998	0.00614396779772909	0.0178644512708575	0.0433990127313127	0.0860324061224458	0.13165261659132	0.16604825165943	0.171895850680315	0.145184830622892	0.106574564972974	0.0643488746610968	0.0342460786020175	0.0160811423213045	0.00575214161723267	0.00193992181509411	0.000623511295727429	0.000101925769813978	1.15646546519705e-05	1.96011095796111e-07	
7.2297142035356e-06	0.000119387983198926	0.000718477273686498	0.00308728336259088	0.0102808489951088	0.0275856584354742	0.0595021110765474	0.107144559894079	0.149412204695484	0.171265676755961	0.164132684404608	0.129979123711743	0.0867313641415555	0.0495411280855248	0.0249534562723437	0.0104866027533878	0.00351305490987477	0.00115460489807275	0.000328854297420282	4.82632272506296e-05	7.42511188471224e-06	
6.64584302518775e-05	0.000280689134828518	0.00155649552969324	0.00566968596437046	0.016813982853725	0.0402685311514119	0.0792313496143456	0.127330833975113	0.163257674971364	0.171482101181005	0.151615526253035	0.110497499990227	0.0683626597445651	0.0370763763736371	0.0169167979546441	0.00666265309872204	0.00212236951669084	0.000611613024288602	0.000146990410439447	2.42377804448024e-05	5.47304719721344e-06	
0.000109180793806984	0.000640018595954558	0.00273323747077017	0.00969576321777322	0.0257621670548324	0.0569485455181186	0.0997628741863536	0.145357791135576	0.17058364178212	0.16618216874146	0.134576089914884	0.0910231277401591	0.0527263011640668	0.0264808427818092	0.0115377488681298	0.00418937271720668	0.00128805943661536	0.000321868110775068	6.55476091851963e-05	1.56531604024349e-05	
3.52067359091885e-06	0.000257400358091623	0.00137834371084473	0.00517460780674162	0.0157996095181802	0.0375794743164906	0.0766084881875533	0.120604976902425	0.158426790917757	0.172624298359092	0.153476723848926	0.115376776619911	0.0731318230165209	0.0394201998256093	0.0189914913143027	0.00774333037727147	0.00250085180741603	0.000716261482774713	0.000149237441659505	3.4815549954642e-05	9.77964886366348e-07	
2.23594517227075e-05	0.000510344678793727	0.00259251958658551	0.00888415548448911	0.0244898759736904	0.0540924171057651	0.0958016206679788	0.139530235764728	0.168684803320182	0.167504851902956	0.13686867646756	0.0955380145003006	0.0567722170082857	0.0287503322045733	0.0129757390142032	0.00501381284550501	0.00142865128375615	0.000430125242349978	9.70870930064931e-05	1.216040356849e-05	
1.97021779378558e-07	0.00012294159033222	0.00107435976295128	0.00506976442696905	0.0147267869432091	0.0363335744223174	0.0720940124884225	0.116907404295193	0.154836067043359	0.171795110746927	0.157295686937121	0.117315633422065	0.0770039922523156	0.0424800628735902	0.0201730599905705	0.00849971658417036	0.00316200253724647	0.00078138837701536	0.000292971385935915	3.0735397583055e-05	4.53150092570683e-06	
6.94873225343416e-06	0.00034783368308619	0.00196053517150464	0.00887551643970784	0.0231227999817348	0.0514920913500196	0.0935795699330341	0.135438534492514	0.164968065611915	0.167420571026963	0.142114280835992	0.0975333985852381	0.0599006529822966	0.0314195862923351	0.0138527940852391	0.00541028293252384	0.001903158496612	0.000495543877273476	0.000140165856312129	1.76696334444469e-05	
3.20757897119196e-05	0.00069710054783855	0.00399692231801572	0.0148704158018489	0.0345121551304728	0.0685120937680924	0.114027440140799	0.150945279499665	0.169077663655261	0.158892504664936	0.12351031864209	0.0793495268920632	0.0452760729351659	0.02219066885393	0.00906748706309686	0.00354666589100368	0.00111667578469136	0.000309401872190131	6.23585228560921e-05	7.17222627098823e-06	
