# <P(U)> as a function of N_tot.
# number_of_species: 1
# species_total_upper_bound: 103
# species_total_lower_bound: 0
# volume: 729
# Bin widths for each
10	10	10	10	10	10	10	10	10	10	10	10	10	10	10	10	10	10	10	10	10	10	10	10	10	10	10	10	10	10	10	10	10	10	10	10	10	10	10	10	10	10	10	10	10	10	10	10	10	10	10	10	10	10	10	10	10	10	10	10	10	10	10	10	10	10	10	10	10	10	10	10	10	10	10	10	10	10	10	10	10	10	10	10	10	10	10	10	10	10	10	10	10	10	10	10	10	10	10	10	10	10	10	10	
# Bin lower bound for each
0	0	0	0	-10	-10	-10	-10	-10	-20	-20	-20	-20	-20	-20	-30	-30	-30	-40	-40	-40	-50	-50	-50	-50	-60	-60	-60	-60	-70	-70	-70	-70	-80	-90	-90	-90	-100	-100	-100	-110	-110	-110	-110	-130	-130	-140	-140	-140	-150	-150	-150	-160	-160	-170	-170	-170	-170	-180	-180	-180	-200	-200	-210	-220	-220	-220	-220	-230	-230	-230	-230	-250	-250	-250	-260	-260	-270	-270	-270	-270	-280	-280	-290	-290	-290	-310	-310	-320	-320	-320	-330	-330	-330	-340	-340	-350	-350	-350	-360	-360	-370	-370	-370	
# Bin upper bound for each
0	0	0	0	0	0	0	0	0	0	0	0	0	0	0	0	0	0	0	0	0	0	0	0	0	0	0	0	0	0	0	0	0	0	0	-10	-10	-10	-10	-10	-10	-10	-10	-10	-10	-10	-20	-20	-20	-20	-20	-20	-20	-30	-30	-30	-30	-30	-30	-30	-40	-40	-40	-40	-50	-50	-50	-50	-60	-60	-60	-60	-70	-70	-70	-70	-80	-80	-80	-90	-90	-90	-100	-100	-100	-100	-110	-110	-120	-130	-130	-130	-130	-140	-140	-140	-150	-150	-160	-160	-170	-170	-180	-180	
# Normalized histogram for each
1	
1	
1	
1	
1.31398600867698e-05	0.999986860139913	
0.000102381960181608	0.999897618039818	
0.000434833811952494	0.999565166188047	
0.00141835690693693	0.998581643093063	
0.00388341365000662	0.996116586349993	
2.03735638456557e-06	0.00944605735158223	0.990551905292033	
2.61826255587809e-06	0.0205469608662842	0.97945042087116	
8.14408041697692e-06	0.0406290720402085	0.959362783879375	
4.18587980653096e-05	0.0737243894647219	0.926233751737213	
0.000172089121235042	0.124300960617753	0.875526950261012	
0.000452671298170052	0.193169195921542	0.806378132780288	
2.90537372112712e-07	0.00102472531144154	0.279627403252508	0.719347580898679	
1.19354079012983e-05	0.00241561011621885	0.379969823795535	0.617602630680344	
3.0012940530961e-05	0.00507597499077029	0.486779882471656	0.508114129597043	
1.74845705949737e-06	8.91713100343659e-05	0.00996562242011518	0.59185475450643	0.398088703306361	
4.94971814266776e-06	0.000247485907133388	0.0188709459988662	0.684094138980515	0.296782479395342	
1.63124771516085e-05	0.000575888702298748	0.0332078340671521	0.757050121542519	0.209149843210878	
2.03815662127207e-06	2.50402099184854e-05	0.00127850653200081	0.055488814014132	0.802979843213346	0.140225757873981	
1.74671472072943e-06	8.70446169163498e-05	0.00262094543845451	0.0884542156959785	0.819767279375375	0.0890687681585551	
7.27673450426664e-06	0.000139131163721578	0.00506897325567214	0.134562538730419	0.806834716543539	0.0533873635721431	
2.15255506832181e-05	0.00032782831918901	0.00945960686781421	0.193206652558704	0.766464937350467	0.0305194493531427	
1.74291584592275e-06	3.36963730211732e-05	0.000714305010854008	0.0166059212080034	0.263170706697183	0.703016435405941	0.0164571923891513	
4.05567984926776e-06	9.50187850399876e-05	0.00144961585469542	0.0281603233419729	0.341737667619075	0.620095198393719	0.00845812032564792	
2.02677602764059e-06	0.0002047043787917	0.00311689199107871	0.0456849793601816	0.422309476538765	0.524559748054367	0.00412217290078845	
1.04259100081785e-05	0.000412692271157067	0.00581910582762032	0.0708741778011524	0.495777216838076	0.425314572873636	0.00179180847835002	
2.90183610777884e-07	2.17637708083413e-05	0.00089666735730366	0.0104260069516386	0.10589931673367	0.552521782632743	0.329484337919976	0.000749834450250051	
4.36757766572191e-06	7.0172414495932e-05	0.00171441981971804	0.0181819346505559	0.150016684146683	0.587522762358935	0.242164711253617	0.00032494777832971	
2.32679416917015e-06	0.000210574872309899	0.00315542374266587	0.0295677369047297	0.20455923683478	0.59384033596581	0.168535227809146	0.000129137076388943	
2.44155101272048e-05	0.000444129755647249	0.00571235738726138	0.0456453775044791	0.263215766838854	0.573546201702342	0.11137105878441	4.06925168786747e-05	
2.61684656032965e-06	6.65842069239434e-05	0.000934795743495537	0.0101641228010493	0.0680531301264751	0.325093174275584	0.526265288926029	0.0694112734912862	9.01358259669103e-06	
5.81622418287139e-07	1.13416371565992e-05	0.00018495592901531	0.00201444924573751	0.0173335113097933	0.0980917840889626	0.381792077546554	0.459843479591015	0.0407263649733021	1.45405604571785e-06	
2.33134537570359e-06	4.63354893421089e-05	0.000372723841940612	0.00400437710094288	0.027277032313904	0.135922680930615	0.427783517096776	0.382104592896099	0.0224864089850051	
9.32534617433501e-06	0.000120063831994563	0.000904558578910496	0.00763163017542142	0.0412142416686774	0.179248307158252	0.456312501675648	0.302759020232504	0.0118003513324171	
1.45522660643193e-06	2.70672148796338e-05	0.000264560197049324	0.00182281684721663	0.0128350986687296	0.0612286594656233	0.226340707548639	0.464643377802148	0.226975477394364	0.00586077963474394	
1.7473317516098e-06	7.0766935940197e-05	0.000569921372983397	0.00357999153708988	0.0202923460753618	0.0867404603694966	0.274681425018937	0.449496433550284	0.161888248232938	0.00267865957521783	
1.40132319943106e-05	0.000165823245266009	0.00114908502353347	0.0066197924056457	0.0312582656173091	0.118754550651119	0.315740596391476	0.414462356079728	0.110587755821768	0.00124776153216008	
5.54994232441516e-06	3.85574940433053e-05	0.000313133587988055	0.00228365521538304	0.0113823475029203	0.0465485346837804	0.154390632398402	0.350377206211612	0.362797392929198	0.0713398349447153	0.000523155089633029	
2.42562323174258e-05	7.74445971580463e-05	0.000692909961742369	0.00411040852463366	0.0188050094087879	0.0670185086742332	0.193332107857821	0.371010178558017	0.301964082657057	0.0427891627829906	0.000175930745242052	
3.47947620725398e-05	0.000213739252731316	0.00140056227165937	0.00750251092453191	0.0292556698649583	0.0918222075375981	0.232688363198837	0.373633464958897	0.239061652517284	0.0243329420140904	5.40926973396627e-05	
6.64185091707283e-05	0.000484825857691176	0.0028123996041808	0.0124951649080879	0.0432641976146685	0.121748345828011	0.268167217813503	0.358513068061124	0.179387615493595	0.0130411426090244	1.96037009446643e-05	
5.84193875252993e-07	5.84193875252993e-07	0.000158316540193561	0.000964504088042691	0.00541372464196948	0.0200261660436726	0.0608081562812087	0.155684162591671	0.293986220619064	0.329143008031789	0.127183972290516	0.00662621903005707	4.38145406439744e-06	
1.17322696075556e-06	9.67912242623335e-06	0.000318531119845134	0.00202000351968088	0.00917492813984865	0.030611837860034	0.083953481551006	0.189871824954537	0.309170528538746	0.286003109051446	0.0857012964157916	0.0031627265794568	8.79920220566669e-07	
2.3486983220312e-06	1.20370789004099e-05	5.66623470190027e-05	0.000775951208141058	0.0036542810017903	0.0149629698350803	0.0441681527076675	0.11032305758245	0.2212365192056	0.312206889789093	0.23644169855514	0.0547276067762295	0.00143182521456827	
5.89097802606286e-06	3.35785747485583e-05	0.000216198893556507	0.00161118249012819	0.0066624015985758	0.0232319554924828	0.0625830996087802	0.139404104008752	0.246119760048683	0.300344150936283	0.186103359565858	0.0331049401152629	0.000579377688863283	
1.38356641030457e-05	8.3013984618274e-05	0.000496317652717766	0.00296112649388375	0.0110199592701599	0.0350321958847436	0.0846872168472466	0.16919545318865	0.262632991641493	0.275837219584942	0.139148806394314	0.0186807959215995	0.000211067471529441	
7.36609398723426e-06	2.29822132401709e-05	0.000162054067719154	0.00112082486109757	0.00524259641259437	0.0179004923202577	0.0501563232465971	0.109515255033326	0.195129597584393	0.270517149887343	0.24192757126033	0.0982242115259335	0.00998871809044915	8.48574027329387e-05	
9.14222081058469e-06	2.80164831292111e-05	0.000362444818587374	0.00223483062266486	0.00929409964017988	0.0276749769453835	0.0694410652633653	0.135404842604872	0.216801573405693	0.265249150584468	0.202053401776127	0.0664144003543643	0.00501111664559532	2.09386347597262e-05	
1.50295994700151e-05	8.98828987912666e-05	0.000776824003979602	0.00414581186949357	0.0152096599656264	0.0408094883334944	0.0923014855138237	0.160264450223145	0.230811916645252	0.250193321906908	0.16087211755858	0.0421939796729088	0.00231043254597879	5.59926254765267e-06	
2.65936857134584e-06	5.11189736492033e-05	0.000231660551103904	0.00166387826947204	0.007822975880709	0.023840352785925	0.0574385198309114	0.115711194937035	0.183285750334933	0.237749027705302	0.224801153102213	0.121096711779407	0.0252601601176268	0.00104394990695165	8.86456190448612e-07	
1.6569895517932e-05	0.000122794761427532	0.000531124329548	0.00319621448901253	0.0128765841633815	0.0350189947221924	0.0772012144549851	0.139109303019893	0.202274632407224	0.234680909675428	0.193310318932023	0.0866061096163685	0.0146335848702651	0.000421644662733092	
8.91306905489381e-07	4.18914245580009e-05	0.000218370191844898	0.00119702517407224	0.00600324911077281	0.0205487836037558	0.0494820912674503	0.099480249233179	0.161311100573883	0.212835473064111	0.222272036374829	0.159385877658026	0.0592930034784738	0.0077671454767363	0.000162812061402727	
7.16338364814415e-06	9.73026278872913e-05	0.000495765843315309	0.00253345001689365	0.0101988674690452	0.0312281740654471	0.0672265646919208	0.122766068961894	0.18047966016908	0.216791150355841	0.201526278275965	0.124594522638083	0.0379969746643059	0.00398970621769762	6.83506189760421e-05	
1.28949335805962e-05	0.000161336610845599	0.000985412831298583	0.00441696457461863	0.0171730527075912	0.0451088767223358	0.0880139193310948	0.145158567198948	0.194085543789845	0.21164904309097	0.175755545646116	0.0923502156002906	0.0231721956443313	0.0019396379162627	1.67934018724043e-05	
2.89985968908067e-05	0.000384835546238414	0.0019368646173318	0.00799334240546382	0.0268309517732189	0.0626460313456708	0.109809228501392	0.164624128342957	0.200969640583536	0.198898053318149	0.1460574746149	0.0653652539416192	0.0135042840895875	0.000936413024598966	1.44992984454033e-05	
3.02422799775844e-07	9.55656047291668e-05	0.00079537196341047	0.00375578875041621	0.0137339266062204	0.0394577075323539	0.0823095061465922	0.131996664881364	0.179530573281732	0.199984636921771	0.17934458325987	0.117103854106403	0.044033969338562	0.00750855327283466	0.000347181374142669	1.81453679865507e-06	
1.39717236611748e-05	0.000245112630316696	0.00167782177183325	0.00664993299647305	0.0220221700881191	0.0557483923405796	0.103140478999284	0.153716296253999	0.187849520891372	0.192365424965162	0.155382879900278	0.0888398123658259	0.0281429999842059	0.00407366864660165	0.000130908976042746	6.07466246138033e-07	
6.61786121094661e-05	0.000671240208538871	0.00331685984010393	0.0116940962273617	0.0335693297204487	0.074777257125256	0.125358759745716	0.169813403761202	0.190858812353138	0.178291890375282	0.128370039081978	0.0638114306016612	0.0174083296609795	0.001926194074117	6.61786121094661e-05	
3.06406907147064e-06	1.01114279358531e-05	0.000164234102230826	0.00139476424133343	0.00578741366219374	0.0191884261531777	0.0487784475832768	0.0963827438983661	0.146596095027813	0.180599295141551	0.185847739054073	0.157853791203303	0.101867733943206	0.0442938760902724	0.0102912887903484	0.000914011804019691	2.69638078289416e-05	
1.13195644598717e-05	5.47622172518117e-05	0.000476951378187566	0.0028650735450459	0.0104953777935232	0.0297025371427033	0.0677769629730928	0.117415700603027	0.161735772607694	0.186331962442297	0.175716352518159	0.13410685730037	0.0778896171142025	0.0293029871106873	0.00569098751574414	0.000420659490062799	6.11868349182253e-06	
2.1475752341624e-06	5.368938085406e-05	0.000125786549429512	0.00105476623643576	0.00537169925356421	0.0171861242096156	0.0437304609003249	0.0889402943405257	0.138183274070483	0.17382259187787	0.183533927086753	0.158647211680355	0.110736648984964	0.0567107124120645	0.0186443277936119	0.00306489665561177	0.000189600213530338	1.8407787721392e-06	
2.76863189285518e-06	1.32279079325303e-05	0.00011105290148008	0.000302703753618833	0.00230719324404598	0.00968005997471932	0.0267271417905604	0.0603650964114532	0.111318382516028	0.156369253050802	0.179867247176995	0.17448687253188	0.138108279962827	0.0875247600288307	0.0398975237048725	0.0112778682026626	0.00156612277405841	7.4445435341217e-05	
1.85073912351463e-06	1.60397390704601e-05	0.000141889999469455	0.000747390149379324	0.00427613274488055	0.0153784082903242	0.0393383854398652	0.0809550307407768	0.131906804180696	0.170100507472668	0.180200299326208	0.160236376400855	0.115864597458072	0.0669106969019861	0.0267610708129803	0.00641096032385467	0.000723330540773634	3.02287390174056e-05	
3.40411731083397e-06	3.8683151259477e-05	0.000341649591923701	0.00168318127760236	0.00740550247711427	0.02420513087129	0.0549715431266075	0.102476928594926	0.151403687773122	0.179374081855405	0.172488480931218	0.141652129538423	0.094138697974643	0.0485764445603907	0.0173919448062609	0.00354863756393938	0.000287802645370509	1.20691431929568e-05	
9.9304865938431e-06	9.65119165839126e-05	0.000689237835153923	0.00340863952333664	0.0126591981132075	0.0356237586891758	0.0736007323733863	0.124784632571996	0.167627234359484	0.180273709036743	0.160050273088381	0.121520605759682	0.0730089374379345	0.0338133068520357	0.0108909508440914	0.00183093346573982	0.000107994041708044	3.41360476663356e-06	
3.10433675845156e-07	5.06006891627604e-05	0.000212647067953932	0.00119423835097631	0.00632011920653152	0.0199223915810387	0.0498162232638997	0.0952959985099184	0.145173687641635	0.177527395771893	0.175530375935181	0.14382174898333	0.0996936019619408	0.0550839723093161	0.0229509825225841	0.00639648589078943	0.000967932201285195	4.12876788874057e-05	
1.3382672862118e-05	7.68725627196081e-05	0.000470883349776385	0.00258565688694131	0.0108539701410783	0.030536769671751	0.0674253293538036	0.117260535742629	0.162365122887172	0.180425817976976	0.164319304349991	0.124888348049086	0.0795301125700645	0.0401673145332715	0.0150181599758489	0.00359278082605326	0.000456878227013703	1.27602229615544e-05	
2.90628542035356e-05	0.00020531500227659	0.00112532621491324	0.00468130705342971	0.0174786505210532	0.0435495932606679	0.0879373217361087	0.138041994886813	0.175453700841979	0.177488100636226	0.147791488708769	0.105044717732497	0.0612273087078249	0.0282994073990277	0.00948011553890813	0.0019722115363281	0.000191252330887783	3.12503808640168e-06	
8.61706454526027e-05	0.000480048832121408	0.00240619776883831	0.0087991196180165	0.0266370699223085	0.0593869287591239	0.109129952226994	0.155903378578667	0.179646994900578	0.169013850599528	0.13067731380717	0.086942734435858	0.0453066452921686	0.0188585240942525	0.00564590069005453	0.000979525227944858	9.839120971679e-05	1.25339120658331e-06	
2.19163396957511e-06	4.69635850623238e-06	0.000164998728852298	0.0011161678716479	0.00440768900338263	0.0153354890662512	0.0399005749595174	0.0776467737269424	0.130477989106953	0.168678169196647	0.178447534161312	0.155487350514909	0.11127551844667	0.0690261380529023	0.0320942878504579	0.012122240576287	0.00331218510916216	0.000469635850623238	3.03697850069694e-05	
6.2897769424954e-06	4.81167936100898e-05	0.00031448884712477	0.00216934406746666	0.00793989992335907	0.0246813992111991	0.0551330397894434	0.0979714525893911	0.149454534819104	0.176851230736379	0.171166844824599	0.138610330392548	0.0918131319849939	0.0519350027030316	0.0222047995400915	0.00767667275831564	0.00182151940254667	0.00018397597556799	1.79258642861119e-05	
1.73585358232838e-05	0.00013665901839058	0.000821216549312444	0.0039653208015225	0.0134074174601622	0.0365138379091486	0.0736819348139638	0.120433521541943	0.1649404917831	0.178183792177297	0.158676585228833	0.118340713341139	0.0732571241009067	0.0373609344573248	0.0146922647208274	0.00457286955533743	0.00091779313043835	7.66931673646902e-05	3.47170716465676e-06	
5.36694260118029e-06	3.15702505951782e-05	0.000302758703207758	0.001630287740735	0.00706510638069492	0.0209951637533113	0.0513294390376883	0.0942056277760116	0.140657147394239	0.175305181719941	0.173033702189618	0.14283360047027	0.0976903520367074	0.0563364807820835	0.0259832633473495	0.00948686030385103	0.00265789939760805	0.000420200035421821	2.62033079939979e-05	3.78843007142138e-06	
2.53900547155679e-05	8.72783130847647e-05	0.000652524406190095	0.00343527440301634	0.0113956913077148	0.0318616622868822	0.0694849627400947	0.113301532289802	0.158092445189219	0.179255373170329	0.160448642266824	0.124774980640083	0.078855162432875	0.0424588363737924	0.0181672189003567	0.00588890581559203	0.00155958411090376	0.000244696652321286	9.83864620228257e-06	
2.84891446862364e-06	2.15251315407119e-05	0.000181697433887774	0.00138014078702212	0.00607166982474111	0.0184166493093915	0.0463084715953731	0.0895898132948076	0.132467242231802	0.17033089825007	0.176536467054837	0.145027156485807	0.105093605833057	0.061807832488894	0.0304159605051822	0.0119610091234903	0.00348137348065809	0.000784717663079778	0.000112373848484599	8.54674340587092e-06	
7.27401301921826e-06	8.31767575675827e-05	0.000493051578128751	0.00274388421542337	0.0100352916136006	0.0283651718991594	0.0639240264128901	0.110220272927294	0.149608104642054	0.176138960214628	0.166188110404337	0.128296195280051	0.0857182344642104	0.0467763313736721	0.0211825584348348	0.00775504666279352	0.00199402835157266	0.000419362663629714	4.99693068276733e-05	9.48784306854556e-07	
2.69185226988067e-05	0.000287236471621385	0.00105805628631427	0.00513922101595572	0.0166685826321058	0.0422028598871892	0.0841799208722108	0.129942992902694	0.162417815375037	0.173265980022656	0.152563419247757	0.110070789380928	0.0675088047320863	0.0340908838997782	0.0143694241051254	0.00490803840924832	0.00107737428495695	0.000206797592027304	1.48843596099284e-05	
0.000129655819006786	0.000656165702029476	0.00223474895825808	0.00899956497475813	0.0260317969066204	0.0595296869237848	0.10531585703285	0.148264425944918	0.169377503800556	0.165865439973299	0.134617125735544	0.0902893469920954	0.0518945049592562	0.0240752874431652	0.00930177975482747	0.00274548562728968	0.000584239846230091	7.98124627949315e-05	7.57114271572473e-06	
1.73959249255138e-05	0.000229309919472682	0.00120949121663936	0.00448024139218006	0.0152407279720147	0.0382324475117502	0.0781915196447436	0.125749131785201	0.16251273065415	0.171238210307244	0.15448719976215	0.114672671950811	0.0715472251918296	0.037806089206303	0.0165507992636779	0.00581688100554772	0.00167348797783443	0.00030174022507164	4.04850616448321e-05	2.21402680870176e-06	
5.4133007648899e-05	0.000421034503935881	0.00217513389213792	0.00835990915784868	0.0239049462373761	0.0543352941511659	0.0982482432097898	0.144479731145727	0.170324918341466	0.166388404013314	0.138933472116436	0.0948828162839685	0.0551944577930321	0.0265482831605826	0.0113248784539866	0.00330717854332192	0.000936089494840903	0.000163348724835274	1.77277685867739e-05	
6.33130784243274e-07	0.000109215060281965	0.000911391763918193	0.00402386269925813	0.0139007029334532	0.0359447340138434	0.0721993855465739	0.119130204928607	0.159717370417914	0.172391065891504	0.155898642092751	0.120696253923432	0.0757946187048993	0.0410037655453393	0.0186178438414577	0.00709707952597498	0.00196302199654627	0.000511886239060687	8.16738711673824e-05	6.64787323455438e-06	
5.99637503349291e-06	0.000284670014747927	0.0019488218858852	0.00688762572268154	0.0215951556864098	0.050551966321833	0.091656170380369	0.13934597221911	0.169617566980298	0.168204631663196	0.141609130396225	0.10122354454565	0.0588149711179863	0.0298527953049015	0.0124999171553449	0.00451968878182379	0.00107145753887939	0.000260053317242008	4.86021976398899e-05	1.26239474389324e-06	
5.86388781436823e-05	0.00073014861172456	0.00369015090683764	0.0115966263098775	0.0318960818195203	0.0669933419652284	0.112982300831947	0.157856490488364	0.172501392673356	0.157931523031365	0.124578296616253	0.0825178273223754	0.0441607499723357	0.0209274589787945	0.00817192666861499	0.00270180207360945	0.000583551416365354	0.000105613033215772	1.57631392859361e-05	3.15262785718722e-07	
3.78469381511645e-06	1.32464283529076e-05	0.000160849487142449	0.00156465550139939	0.00644596434944583	0.0190430023219097	0.0468564017780492	0.0865250392188897	0.134183796085743	0.169614838018259	0.168578778086371	0.143883966333887	0.105162448520279	0.0643177174763914	0.0324218949583463	0.0140172443265863	0.00524463945429761	0.00159997931034048	0.000302460114058056	5.58242337729676e-05	3.46930266385674e-06	
1.41699346734523e-05	3.87311547741029e-05	0.000485871315580819	0.0029441975377062	0.0102924107719214	0.0292687872866087	0.0636330830817907	0.107132263429792	0.153055132381827	0.173444408827177	0.160510407344686	0.126756993177649	0.08653390172615	0.0488066081018018	0.0238064349137114	0.00897019842316967	0.00327797822112529	0.000813669137693349	0.000182949601006128	3.1173856281595e-05	6.29774874375657e-07	
1.88543588763808e-06	3.55090425505171e-05	6.59902560673327e-05	0.00108852498579638	0.00559440251793678	0.0170861342530909	0.0423547460192164	0.0834399652074231	0.12741492913275	0.166205258606386	0.172698071324783	0.146499625426737	0.108539830461605	0.0678998883821954	0.0364303922209429	0.0164356588718557	0.00570187236353215	0.00196996626326718	0.000447791023314043	7.85598286515865e-05	1.09983760112221e-05	
2.33006504974846e-05	8.75348761932531e-05	0.000264808744167359	0.00234580873251703	0.00934954344894339	0.0258558502108237	0.0586704082053556	0.104092507360959	0.146627844844117	0.173106515145265	0.165904410025955	0.129794699227961	0.0891876480102976	0.0524466155332842	0.0257711491975287	0.0112551588112512	0.00380083989398834	0.00112032046581149	0.000257251776438445	3.77848386445697e-05	
2.64434919890385e-05	0.000191085709968409	0.000637477039021465	0.00436034294690682	0.0148713162090736	0.0386663665540195	0.077222551891418	0.123786393249354	0.16108840153813	0.174832721302909	0.152547783232622	0.11196804115111	0.0722845445659411	0.0394033214914759	0.0178292096701332	0.0072184437060554	0.00231002790732815	0.000630551362548145	0.000114588465285834	1.03885147099794e-05	
6.90604049388235e-06	5.49344130195187e-05	0.000391446931630513	0.00157175203422131	0.00788889562053442	0.0223962893216605	0.0544629188003454	0.0981596343816598	0.143354019017352	0.170409688295862	0.168744390804042	0.135955452271883	0.093918697696553	0.0555895451336429	0.0287310119201398	0.0120384842245631	0.00462893059649041	0.00136519864126792	0.00029287889912692	3.10771822224706e-05	7.84777328850267e-06	
2.28101904682151e-05	0.000189355827722443	0.000745237044749219	0.00327591831327078	0.0131408569882299	0.0332072627646451	0.0724076687235417	0.12038624839235	0.158876413763106	0.172126634678239	0.157061909981614	0.118781723350511	0.0754620469677445	0.0424535140816992	0.0201448353354223	0.00786982817989679	0.0029000188730891	0.000777108817732205	0.000141860636610543	2.78096842694677e-05	9.37405087734867e-07	
4.65825450514174e-05	0.000457696952719967	0.00173262056828829	0.00598570072184187	0.0200917707400966	0.0489507516203066	0.0935164913151691	0.139088914198391	0.170617168700406	0.16895426563243	0.140421987836641	0.0992896005562394	0.0587302723703294	0.0310843134686395	0.0138212599609269	0.00481238332870113	0.00185298486254867	0.000453632703822864	7.22185765562243e-05	1.93833408938784e-05	
1.18959852615004e-05	0.000153082547180886	0.00102242862800158	0.00332367567161446	0.0107245437654863	0.030461548575534	0.0672624050864729	0.1133487041985	0.155848676806429	0.173840102305473	0.158813594606736	0.124756014907548	0.0799591779874184	0.0446916513662383	0.0224280018970966	0.00892198894612527	0.00297743989005605	0.00114764952549106	0.000267346616140035	3.28704855909879e-05	7.20020160564496e-06	
7.88524858481779e-05	0.000395833195891251	0.00187298215389178	0.00613510038298432	0.0174053510993325	0.0441567637683195	0.0872887593739427	0.133794447591214	0.167313351296621	0.171984497161468	0.144288739582283	0.105099682422399	0.0621681166413616	0.0336753520637832	0.0160680003732142	0.00572010383395866	0.00177967861486027	0.000650297393249913	0.000108068745544913	1.57076665036211e-05	3.14153330072422e-07	
1.16179174663143e-05	0.000167360811068798	0.000847479979502226	0.00324579494187273	0.0103534484491022	0.0272816961908303	0.0596096505330426	0.107988856847161	0.150787694804216	0.172149277051536	0.164122866071159	0.130074517950624	0.085018036031872	0.0483412125840258	0.0245348437044703	0.0105456150839504	0.00346841936034886	0.00106633642474604	0.000329697657827839	4.36456899410187e-05	1.19319152356742e-05	
0.000106622813330737	0.000333039493403654	0.00177966019309391	0.00595488412452165	0.0168426413481389	0.0397135484040917	0.0802208095744778	0.129042141412583	0.164733814578537	0.171616630775546	0.150888528671031	0.109578774032077	0.0669741794041729	0.0360140503780249	0.0166193606331639	0.00674828329430625	0.00206001547285179	0.000604927667397033	0.000127006586467495	3.23004405090173e-05	8.78070227429597e-06	
0.000155928564010872	0.000759877227433262	0.00301346852580367	0.0100625690815306	0.0253623927285208	0.0570651483344978	0.101607695655052	0.146627754594167	0.171132697090411	0.165889481473208	0.134031424782351	0.090363897109737	0.0512295924177932	0.0252729769523778	0.0114116492128117	0.00428034889094632	0.0013318244551834	0.000314367044545057	6.33753922136742e-05	2.35304674060672e-05	
5.63395093955522e-06	0.000338663050922153	0.00155246648112188	0.00567996153889492	0.0162483145096772	0.0372645165005903	0.0764837009799319	0.122536867948954	0.159731586057349	0.172191068560175	0.152770213676979	0.115584259492268	0.0723962695732846	0.0379246277523415	0.0180837305268746	0.00765873030777648	0.00258723547035352	0.000762461360486473	0.000157437629033126	4.06896456745655e-05	1.56498637209867e-06	
2.92323307063003e-05	0.000636510426669441	0.00293329150700209	0.00936723319761779	0.0246425404592745	0.0540901845691642	0.0964330584341718	0.141627499010658	0.168793135368637	0.166491953722392	0.136916378874895	0.0953464329798526	0.055655528729566	0.0274972504321199	0.0126007061650985	0.00488997170750444	0.00148456234328878	0.000447600418556684	0.000105613581906633	1.13157409185678e-05	
3.16386611784136e-07	0.000163888264904182	0.00128136577772575	0.005612065719827	0.0155630574336616	0.0361481195561729	0.0717254776646871	0.117913493572606	0.157023624588302	0.170417535411572	0.155800790333756	0.117781560355492	0.0772046610075648	0.0417665130082355	0.0190445757097343	0.00818650357991451	0.00319803587191404	0.000818492164685559	0.000313222745666294	2.94239548959246e-05	7.27689207103512e-06	
1.11384196873796e-05	0.000440126697932741	0.00232092842228741	0.00963091414283337	0.0240137963648654	0.050869480952825	0.0932043865006172	0.137630132544012	0.165806833706895	0.166006052299018	0.141119958552349	0.0975569626738827	0.0598998751542273	0.0306526127391061	0.0130039458647344	0.0052162810598811	0.00194317687460399	0.000489453985119708	0.000160075002935769	2.38680421872419e-05	
5.15444114332548e-05	0.00080358057576068	0.00461274459584059	0.0158900855445139	0.0354331011166889	0.0670195804733122	0.114236822559164	0.153218484274152	0.169559023153365	0.156740152136052	0.123260936379469	0.0787739473414609	0.0453171421985452	0.0214325504558959	0.00859126882491548	0.00350213861284704	0.00113973978076017	0.000326234504661408	7.93976027046409e-05	1.15254584571253e-05	
