# <P(U)> as a function of N_tot.
# number_of_species: 1
# species_total_upper_bound: 103
# species_total_lower_bound: 0
# volume: 729
# Bin widths for each
10	10	10	10	10	10	10	10	10	10	10	10	10	10	10	10	10	10	10	10	10	10	10	10	10	10	10	10	10	10	10	10	10	10	10	10	10	10	10	10	10	10	10	10	10	10	10	10	10	10	10	10	10	10	10	10	10	10	10	10	10	10	10	10	10	10	10	10	10	10	10	10	10	10	10	10	10	10	10	10	10	10	10	10	10	10	10	10	10	10	10	10	10	10	10	10	10	10	10	10	10	10	10	10	
# Bin lower bound for each
0	0	0	0	-10	-10	-10	-10	-10	-20	-20	-20	-20	-20	-20	-30	-30	-30	-40	-40	-40	-50	-50	-50	-50	-60	-60	-60	-60	-70	-70	-70	-70	-80	-90	-90	-90	-100	-100	-100	-110	-110	-110	-120	-130	-130	-140	-140	-140	-150	-150	-150	-160	-160	-170	-170	-170	-170	-180	-180	-180	-200	-200	-210	-220	-220	-220	-220	-230	-230	-230	-230	-250	-260	-260	-260	-260	-270	-270	-270	-270	-280	-280	-290	-290	-290	-310	-310	-320	-320	-320	-330	-330	-340	-340	-340	-350	-350	-350	-360	-360	-370	-370	-370	
# Bin upper bound for each
0	0	0	0	0	0	0	0	0	0	0	0	0	0	0	0	0	0	0	0	0	0	0	0	0	0	0	0	0	0	0	0	0	0	0	0	-10	-10	-10	-10	-10	-10	-10	-10	-10	-10	-20	-20	-20	-20	-20	-20	-20	-30	-30	-30	-30	-30	-30	-30	-40	-40	-40	-40	-50	-50	-50	-50	-60	-60	-60	-60	-70	-70	-70	-70	-80	-80	-80	-90	-90	-90	-100	-100	-100	-100	-110	-110	-120	-120	-120	-120	-130	-140	-140	-140	-150	-150	-160	-160	-170	-170	-180	-180	
# Normalized histogram for each
1	
1	
1	
1	
1.3039225453709e-05	0.999986960774546	
0.000100948549277575	0.999899051450722	
0.000438578345846335	0.999561421654154	
0.00142390875579659	0.998576091244203	
0.00390828079578821	0.996091719204212	
2.23582552674525e-06	0.00945510289573959	0.990542661278734	
2.84235218448977e-06	0.0206460341675096	0.979351123480306	
1.01494321189741e-05	0.0407272352297344	0.959262615338147	
3.83428581862002e-05	0.0739718940763327	0.925989763065481	
0.000159294057438799	0.124268439504683	0.875572266437878	
0.000448799598089912	0.193000471939876	0.806550728462034	
1.4195057118882e-06	0.00103806424845081	0.279431524463964	0.719528991781873	
1.0556281525472e-05	0.00242936578875622	0.379792678690948	0.61776739923877	
2.7414980560748e-05	0.00505308860217106	0.486961333708343	0.507958162708925	
1.21758781243303e-06	9.05073607241888e-05	0.0100020780165332	0.592057958803322	0.397848238231608	
5.47460795724128e-06	0.000248587753910289	0.0187535737024165	0.684687116017081	0.296305247918635	
1.60017792358077e-05	0.000563505694101481	0.0331323928473262	0.757147680825676	0.209140418853661	
1.41667368257443e-06	2.71191819235676e-05	0.00125112524366787	0.0554239173374954	0.803029941195899	0.140266480367331	
1.21353553262378e-06	7.58459707889862e-05	0.00250898471369966	0.08803189009575	0.820538522573076	0.0888435431111532	
5.06334241359406e-06	0.000139140649525565	0.0049695693120943	0.133875988617606	0.80763491275861	0.0533753253197501	
1.57998523321494e-05	0.00034617881584158	0.00937174317947721	0.192716673199298	0.767063789878169	0.0304858150748822	
1.21501835588981e-06	2.73379130075208e-05	0.00077396669270181	0.0164582336427648	0.262861728683566	0.703518915912022	0.0163586021375818	
2.83315528301501e-06	8.09472938004289e-05	0.00150764334703299	0.028112995136889	0.341495383879387	0.620399284668765	0.00840091251884301	
4.45383979700208e-06	0.000185846587893087	0.00315291368175047	0.0458206989370304	0.42177478227809	0.524967213665676	0.00409409100976241	
1.31705800850293e-05	0.000367965745144818	0.00584510344173599	0.071087902072482	0.495280474594761	0.42564802293383	0.0017573606319609	
2.02597707809534e-07	3.14026447104777e-05	0.000864079223807662	0.0104832157928965	0.105932263482371	0.552618474074584	0.329337768872483	0.000732593311439274	
3.24992073240214e-06	8.57166593171063e-05	0.00168792758039136	0.0181302921658426	0.149685864693206	0.587800163186645	0.242286871721769	0.000319914072095835	
5.88450382878285e-06	0.000241061743054967	0.00312061325458109	0.0292946833710821	0.203662271686324	0.594624444878229	0.168925842671094	0.000125197891805483	
2.88000850210961e-05	0.000502581765368141	0.00572513239419366	0.0454696553583065	0.262358633667178	0.574284241830663	0.111588566041739	4.23888575310498e-05	
1.82781569931213e-06	7.1690993539687e-05	0.00102987260124576	0.0101612336537427	0.0681082716784019	0.323753683556361	0.5274588690695	0.0694037868279477	1.07638035626159e-05	
4.06447228517638e-07	9.34828625590568e-06	0.00020302039064456	0.00216920885859864	0.0172563267575591	0.0981435929284685	0.380357177695477	0.46120501848522	0.0406524453491057	3.45480144239992e-06	
1.62720061085111e-06	4.14936155767033e-05	0.000415749756072458	0.00421038158057725	0.0274899271197186	0.135837283193316	0.426471584297433	0.383137604829857	0.0223939416066857	4.06800152712777e-07	
6.71077612362795e-06	0.000116523476328449	0.000956387276043099	0.00777677274302364	0.0417255723681963	0.17898209320902	0.455426008202602	0.303225199005016	0.0117847329436474	
1.01639919444265e-06	2.05312637277416e-05	0.000263044111521759	0.00189924353473554	0.0132237600793767	0.062109715414324	0.225942898286697	0.463673181311183	0.227093868734483	0.0057727408647565	
2.84765667349358e-06	6.40722751536056e-05	0.000603906618828747	0.00378901060813132	0.020886748083883	0.0880117111914738	0.273768627488471	0.448278316945408	0.161981423921903	0.00261333521007468	
1.34488494407418e-05	0.000160571111504614	0.00124259218014612	0.00700216383836684	0.0322063265425474	0.119870613917562	0.315287286782247	0.412984619610501	0.110034003174336	0.00119837399334853	
3.87052877534432e-06	3.48347589780989e-05	0.000355477511209255	0.00240746889826417	0.0119801014078539	0.0480456885365123	0.155723595354551	0.34916243794422	0.361164540252481	0.070627575684116	0.000494409123040036	
1.69050619865851e-05	7.12864059675276e-05	0.000798000395945066	0.00441670203830239	0.0194791122683497	0.0686877109568428	0.19483470922886	0.368295309843308	0.300807450936622	0.0424245769457319	0.000168235918083365	
2.90936908398616e-05	0.000216066431272259	0.00153830347160975	0.00792447033715112	0.0302208170444269	0.0945878614204435	0.233312072559258	0.370135834983841	0.237840312258718	0.0241406425636628	5.45252387768036e-05	
2.03349367430955e-07	6.66985925173533e-05	0.000496579155266393	0.00302319504559601	0.0132055079209662	0.0447517053386326	0.124875829792512	0.26731067411332	0.355376404762849	0.177923782623593	0.0129494910673707	1.99282380082336e-05	
4.05557434638336e-07	9.12504227936256e-06	0.000154517382597206	0.00101612415248635	0.00568774024208534	0.0210184196075664	0.0627529157551763	0.158309952947226	0.292119572931799	0.325691211813726	0.126721084363246	0.00651304962157436	5.88058280225587e-06	
8.12952115697719e-07	2.54047536155537e-05	0.000344894935084757	0.00215615224885928	0.00950097137615924	0.0318230105689872	0.0860465102099672	0.191728659346439	0.306994904212901	0.283014645942078	0.0852770510324593	0.00308637270724639	6.09714086773289e-07	
1.01454368665696e-05	8.31925823058711e-06	6.4524978471383e-05	0.000852419605529182	0.00396828617599005	0.0155353016563034	0.0459975845743908	0.11233778460994	0.222474618146047	0.309065921802219	0.233883161902505	0.0544024702921318	0.00139946156137462	
5.07326813845558e-06	2.55692714178161e-05	0.000222006213738816	0.00176285921275054	0.00707923836040091	0.0241960391980989	0.0650025670736781	0.141039492348497	0.246837223177124	0.296686952974863	0.183849555277315	0.0327396256739837	0.000553797949993811	
1.19459169868105e-05	7.06631360745231e-05	0.000519951098680158	0.0031782213379994	0.0115853122723442	0.0365026728483075	0.087148096569983	0.17012970026277	0.262469411365953	0.272291789753481	0.137537999152042	0.0183592546233736	0.000194981662005059	
5.05632851087687e-06	2.34613642904687e-05	0.000169488131684593	0.00115446092560341	0.00555811855229629	0.0187676756603919	0.0520290136175017	0.11218698545537	0.196236716266553	0.269122680485141	0.238095632970417	0.0968875466471587	0.00968388036403138	7.92832310505493e-05	
6.263663879673e-06	3.8794305319265e-05	0.000399460112584307	0.00234200412997709	0.00961512816264513	0.0287483987246372	0.0714189017170521	0.137920625234887	0.217422280054474	0.263519411296417	0.198333259246986	0.0654128562711399	0.0048032199273415	1.93971526596325e-05	
1.36988343500689e-05	0.000117245905760884	0.000868062900212453	0.00439631855914049	0.0157967705400927	0.0422169871186637	0.094137583839888	0.162644245703905	0.231621502818535	0.247214201017501	0.157152826210544	0.0415975177712158	0.00221840535092586	4.63342926546447e-06	
2.2153278534178e-06	4.67232783629936e-05	0.000274096473500147	0.00174668531569932	0.00804989723899662	0.0248277834335769	0.0591778515549084	0.117852018113326	0.185066474940111	0.237588877443028	0.221105831246394	0.118434447945334	0.0248521520399645	0.000974341468621391	6.04180323659399e-07	
1.22735035581088e-05	0.000112473581786604	0.00061447999781089	0.00337501227350356	0.013348944156766	0.0366583394633783	0.0791763714533599	0.141372250131588	0.203054854915116	0.233070412083888	0.189353600844739	0.0850241928863578	0.014438670308745	0.000388124399403146	
6.04069252109913e-07	3.5036016622375e-05	0.000225116474619628	0.00136157209425574	0.00637333332259432	0.0214883541488886	0.0515375777386788	0.101526523271365	0.164001580245164	0.213001664412146	0.219332712887093	0.155287881283478	0.0580430008710679	0.00762375667446184	0.000161286490313347	
4.83646696088507e-06	8.48396912721923e-05	0.000553775467021341	0.00281099490155775	0.0108893053624327	0.0327134594845132	0.0698637728472684	0.124531971061806	0.182447050762751	0.215624004997683	0.197961429175987	0.121283074380831	0.0373103198113778	0.00385627632347903	6.48892650585414e-05	
1.27173300873862e-05	0.000173399786429599	0.00111932691007233	0.00494724326637558	0.0181668069610224	0.0469945719205389	0.090637218982331	0.147050891525212	0.195359991279545	0.209116508911215	0.171722310032359	0.0901277183293062	0.0226968006831023	0.0018583450918171	1.61489905871571e-05	
4.47047614616636e-05	0.000358447227647366	0.00217172090068969	0.00872491299259944	0.0281613700289974	0.064648749025244	0.112627476841012	0.166551937931181	0.201085455882368	0.195223063611234	0.142476097618207	0.0638634825818315	0.0132006485224672	0.000852020159622295	9.91191543720144e-06	
2.42441090855607e-06	0.000105259840279809	0.000791166093158797	0.00406715133334519	0.0148089079321876	0.0411337676800166	0.0844204122468309	0.134902304321755	0.180895803667972	0.199213036219083	0.175496236506133	0.113561629333432	0.0429114669787153	0.00734616708716727	0.000343054143560684	1.21220545427803e-06	
3.08984793101359e-05	0.000303734071127088	0.00171213926530283	0.00733283518791526	0.0233420845366238	0.0576022376153644	0.105668356322071	0.156114869640729	0.188607145020902	0.190963103580588	0.151011975685118	0.0859472504392431	0.027284568935921	0.00395823656522003	0.000120160752872751	4.03901690328574e-07	
9.76970795854974e-05	0.000742740530513347	0.00332250979145213	0.0126419616440861	0.0354654557892397	0.0768368315158238	0.127962744846985	0.172152772341734	0.190308247433732	0.175967003873295	0.123962828182796	0.0617566905812127	0.0168182589571332	0.00190964415810907	5.4613274302452e-05	
2.02221197634821e-06	8.08884790539283e-06	0.000252372054648256	0.00146205925889975	0.00612265120078947	0.0202839994499583	0.0512280893332363	0.0987181198281929	0.148546838473796	0.181976429097204	0.184807121421696	0.154515599343186	0.0984301568427609	0.0428069920001294	0.00992360083153357	0.000895435463126987	2.04243409611169e-05	
9.87273043053567e-06	4.83562306801747e-05	0.000580476252456597	0.00291930594302105	0.0106726230797036	0.0312244240873668	0.0703272870583011	0.120368127924796	0.163988671747026	0.186571434443257	0.173553534175565	0.130637580931204	0.0750575338402947	0.0280901344021135	0.00555149676637856	0.000395110701515928	4.02968589001456e-06	
2.6189575863848e-06	4.08960300027781e-05	0.000115838508628559	0.00117268862387277	0.00553345446347934	0.0176036256042993	0.0455231236830924	0.0912180912755069	0.140258474997114	0.175590025961928	0.183491823916603	0.15689751837652	0.106836547029326	0.054722312934407	0.0178953371877674	0.00292759166502646	0.000168822035183882	1.20874965525453e-06	
1.81272861780853e-06	1.43004146516006e-05	9.84915882342633e-05	0.00033515338000371	0.00236077690325931	0.00979356847914687	0.0276227615067481	0.0622839454078649	0.113213764410941	0.158644167616167	0.181586665246025	0.173434623237449	0.136062000152672	0.0839635754339823	0.0383895638393673	0.0107120176455032	0.0014161438790902	6.66681302771803e-05	
1.20902854153678e-06	1.97474661784341e-05	0.000153143615261325	0.000803802475365036	0.00426766924686791	0.0157040717260212	0.0405842670727928	0.0825980088911959	0.134243275080995	0.171797716628696	0.181158620111545	0.158624947659139	0.113748226254377	0.0639688941136833	0.0255375038638537	0.00612090849628687	0.000644613717396027	2.33745518030444e-05	
2.21886434085306e-06	6.79779348061348e-05	0.000293696952752915	0.0017135684159588	0.00756289824832763	0.0245501202120185	0.0571726706110006	0.103581428589583	0.152960640775747	0.180159278150984	0.173310249075591	0.13980721296317	0.092209950557651	0.0463514709356003	0.0165922641110191	0.00339002128294333	0.00026444828644167	9.88403206380002e-06	
7.25912265033794e-06	0.000119775523730576	0.000677719756327384	0.00351603671260952	0.0131214691173734	0.036570854985515	0.0760034174336299	0.125331978834818	0.16892240542321	0.180412790009511	0.16026065896299	0.119366391512311	0.0713358015694626	0.032170818447931	0.0103305381006143	0.00174218943608111	0.000107676985980013	2.21806525426993e-06	
2.01263572963781e-07	3.84413424360822e-05	0.000227025310303145	0.00128446412265485	0.0064426482341436	0.0208863285478894	0.051384602813383	0.0973423346453706	0.145296399857586	0.178676567224348	0.175017997995012	0.142905187347203	0.0980654746630294	0.0537892999831542	0.0216708539553022	0.00603388191745416	0.000892805209667334	4.54855674898146e-05	
9.4637096936577e-06	8.98045643270497e-05	0.000558358871925804	0.00269252608560832	0.0110449546346001	0.0314038104519626	0.0695131626106952	0.118720023196157	0.162643918861777	0.181621677130442	0.163280202322032	0.123640548170282	0.077797130281052	0.0391300233169698	0.0140570319390134	0.00336102642992626	0.000420833048079672	1.55043754555669e-05	
1.95691005113386e-05	0.000219294971709536	0.00120561798614185	0.0048319538798667	0.0176969226479858	0.0447504980033465	0.0907286040129971	0.139244035560082	0.175384331081744	0.177483066675759	0.147105366896425	0.103707154261404	0.059528396782275	0.027317052110699	0.00876594831255848	0.00182739084981139	0.000181972460425025	2.82440625936845e-06	
6.25283142326142e-05	0.000532700896413981	0.00238212706802314	0.0088937450305118	0.0269222716576902	0.0612793615818776	0.112408562425647	0.156759088893882	0.18012975230316	0.168354460507722	0.129125002975138	0.0848854138386051	0.0439973423449409	0.0180466800087298	0.0051862194049967	0.000951438897533036	8.24970339391587e-05	8.06816957840183e-07	
1.40943191839792e-06	3.02021125370983e-06	0.000141547234090534	0.00106029549746906	0.00448561775400983	0.0153855601686486	0.0401998171765454	0.0799365352941887	0.133591393606011	0.169327137202157	0.179023626105901	0.153880367418766	0.10950621559476	0.0670289577855006	0.0313536184144294	0.0115849263269802	0.00301296274670092	0.000453031688056474	2.39603426127646e-05	
2.2187068045519e-06	4.03401237191254e-06	3.32806020682785e-05	0.00032655330150632	0.00214710308495045	0.00798855470009841	0.0244200955939912	0.055768204035505	0.10091687050195	0.152237575897422	0.177473550493632	0.170927760318348	0.136594886122856	0.090167841135752	0.0503872349326108	0.0216196842054095	0.00715129543230796	0.00163922092732666	0.000182337359210447	1.16986358785464e-05	
1.15276129812248e-05	1.33477623993129e-05	0.000104557472127951	0.000838077687617463	0.00408279738359588	0.0133439198616525	0.0359890054885594	0.0747314925690378	0.123340605167323	0.167383771830923	0.17815885414718	0.158119615770503	0.116660050086467	0.0714006191339365	0.0364169428406344	0.0142169848658621	0.00425652053361118	0.000852436644137936	7.6648514383933e-05	2.22462706655215e-06	
2.32406194291983e-05	2.70803739435875e-05	0.000266357707892898	0.00170040497284586	0.00728724779128226	0.0210946008403404	0.0506453515830803	0.0951949918283961	0.143439688470612	0.177135757350149	0.172610707701113	0.141829820867368	0.0962517326892246	0.0550200445290268	0.0253918924189706	0.00919075556870503	0.00243783993195147	0.00042075625783992	2.93033897150761e-05	2.42510811435112e-06	
2.93786913312599e-05	8.65151806789517e-05	0.000638226742713578	0.00334552380180527	0.0118007111669419	0.0320531653007264	0.0688373129641073	0.115479531156609	0.159747545866216	0.1801079920171	0.161166030128354	0.123259008621126	0.0774448643008378	0.0412166830444429	0.0174870075270233	0.00566015945537985	0.0014026805523194	0.000229153792383828	8.50968990284771e-06	
1.81510237782445e-06	1.8756057904186e-05	0.00017949345736264	0.00141799831316486	0.00624798574055572	0.018745570646003	0.0464726712135653	0.0889517138398329	0.134703184375276	0.172477078282139	0.176634066083441	0.144939151717954	0.103134520464069	0.0606474107161224	0.0295651942421726	0.0116479153145835	0.00339101459786003	0.000719183897702443	9.98306307803448e-05	5.44530713347335e-06	
4.62411847715314e-06	7.59963819288646e-05	0.00046884540385744	0.00283760035593649	0.0100884191767421	0.0288321828995676	0.0639525637821751	0.109791852343453	0.151922798934684	0.177909138484507	0.16616347545528	0.127784498386685	0.0839868586573852	0.0455889830176233	0.0206275893806918	0.00756505782862253	0.00196464720690176	0.000393251119187458	4.10139204060539e-05	6.03145888324322e-07	
2.45323668385139e-05	0.000235872674603088	0.00101427260929069	0.0051330961334979	0.0167608347600312	0.0425300752741492	0.0840569376125825	0.130510180731153	0.16471413156829	0.175363993965842	0.151669548214345	0.10884588887803	0.0663747315012884	0.0328912681263023	0.0139072378927743	0.0047053883936166	0.00106776121239761	0.000181177561651648	1.30705233156017e-05	
9.63967225114346e-05	0.000576780389466758	0.00232012111588206	0.00916228848219161	0.0261097122697828	0.0596477719757528	0.105305019629333	0.149138929276405	0.171042384558925	0.167386908845099	0.133480661657504	0.0893599617613001	0.0510442644950072	0.0231236137971309	0.00890109736268967	0.00265030988946376	0.000571580566260747	7.67973888887778e-05	5.39981640624219e-06	
1.24167452226072e-05	0.000207479807268082	0.0010896695283259	0.00441475373688957	0.0153555084386804	0.0381410370025016	0.0783256299445432	0.126496192765564	0.162701018593675	0.172841293768777	0.155035881389642	0.113311812310081	0.071009964037501	0.0375570494368706	0.0159601238229877	0.00562418477558836	0.00158493744664054	0.000297401075089866	3.22434835619316e-05	1.4018905896492e-06	
3.7054262261656e-05	0.000384162567664087	0.0019632750199392	0.00801373531399381	0.0237992516240783	0.0539165554037332	0.0988699852063362	0.144890177175456	0.170934316212662	0.167191034550996	0.139436590943778	0.0939617976564882	0.0548252861490367	0.0265875347859405	0.0109041680637125	0.00325737009276384	0.000862062404184688	0.000154225848332298	1.14167186427805e-05	
4.00298382414252e-07	0.00012189085744514	0.000858439881087362	0.00395855070369453	0.0134476238588244	0.0353387414979125	0.0723076981582071	0.119514486097937	0.159503694053548	0.173275759751319	0.15683790697586	0.120932342968449	0.0753749845134563	0.0404961858569378	0.0185498270410764	0.00693576992290053	0.00196946804147812	0.000502574619121093	6.94517693488727e-05	4.20313301534964e-06	
5.59051624823649e-06	0.000285315989954641	0.00181791608714976	0.00660639291505889	0.0210970110304879	0.0496990904629387	0.0919048925402946	0.140083362583713	0.169605880584177	0.169053617443369	0.142640624444692	0.100901231151475	0.0585784275554949	0.0296171574540949	0.0122937448911666	0.00441191562633149	0.00110532492679419	0.000253370182821861	3.83349685593359e-05	7.98645178319499e-07	
5.36477904888251e-05	0.000689443909739288	0.00353477114730088	0.0111541534358717	0.0314423916464208	0.0663192390549533	0.113045267965728	0.157625185822784	0.172903238930506	0.159134104718094	0.125303289507011	0.0822079595770879	0.0441850382095917	0.0209354020772265	0.00808466219641633	0.00263472475891401	0.000612262887734918	0.000123848616704685	1.11683132616141e-05	1.99434165385967e-07	
2.3942442368546e-06	8.77889553513354e-06	0.00015582539574862	0.0015201455700496	0.006258753955491	0.0181898715487967	0.0460939900479248	0.0863767502922973	0.133803935339444	0.168971991332836	0.16978104636454	0.145719689865563	0.105458477819322	0.0643235661469826	0.032142728879773	0.0141509810415761	0.00511689897486443	0.00154887650089186	0.00030666278267046	6.50436351012167e-05	3.5913663552819e-06	
8.96975220162568e-06	4.48487610081284e-05	0.000468021737098158	0.00284301279226193	0.0100497103667014	0.0284002287486139	0.0623640957961562	0.107344811825562	0.152873280722747	0.173660980441754	0.161327172508866	0.128505055252677	0.0869159021946193	0.0489391673398964	0.0230973112470128	0.00893925504414015	0.0031974176681395	0.000797111978984469	0.000190358074501167	3.20917800991496e-05	1.19596696021676e-06	
1.19496751381233e-06	2.25052215101322e-05	9.79873361326111e-05	0.00101990477303882	0.00540862212876691	0.0164712330491369	0.041352049976728	0.0818399392797174	0.127278379831179	0.166658335087612	0.173043245675164	0.147049913992213	0.110058300473386	0.0688205690554798	0.0367346955033572	0.0161258874376451	0.00558468067580193	0.00189223105812183	0.000437557271307615	8.84275960221125e-05	1.4339610165748e-05	
1.47587404651556e-05	7.33948174483414e-05	0.000335462181924213	0.00227583766821474	0.00917155998690062	0.0254699960789617	0.0571225083157525	0.10239614134725	0.146512808791742	0.173055805191008	0.166569937083888	0.131576365113688	0.0908268843620774	0.0527620982780539	0.0258993956495222	0.0109446032671065	0.0036525888226873	0.00106203098617505	0.00023254988354556	3.90907179887905e-05	6.18271560026789e-06	
1.75684821430354e-05	0.0002008396935897	0.000815936210438473	0.00430128349740565	0.0146363424017313	0.037930951872341	0.0759447551093339	0.122204365368529	0.161171658045466	0.175197495692727	0.153604832929724	0.113796249528346	0.0729890576306107	0.0393050866745059	0.0178250219106922	0.00710724959422796	0.00222041657266863	0.00062028720475467	0.000100619488637385	8.7842410715177e-06	1.19785105520696e-06	
4.38951870723087e-06	3.97051919426793e-05	0.00041081904628129	0.00179291886832621	0.00766230395062669	0.0223550206816164	0.0530415473931347	0.0971179018739055	0.141746138570322	0.171010660744275	0.169608209517315	0.137676057110831	0.0949079787283924	0.055909100250422	0.0286254481548957	0.0119366975535816	0.00455811613030406	0.00127854708526979	0.000285917286702811	2.59380650881824e-05	6.1852309056435e-06	3.99047155202807e-07	
1.71069076300587e-05	0.000197724025398586	0.000782740482840479	0.00362208931436907	0.0131629697512079	0.0337670464864301	0.0711959657933458	0.118498156730703	0.156994069671661	0.173628946001648	0.157579086129103	0.120159118111063	0.0761323032322706	0.0424559631397859	0.0201097666717258	0.00799250637878791	0.00279578589233111	0.000754892028558988	0.000131683405245336	2.14830933028645e-05	5.96752591746235e-07	
1.79363868105377e-06	6.65639243857734e-05	0.000427085299277582	0.00183927682082725	0.00653123631727714	0.0203209297904053	0.0485057694381108	0.0918219442923727	0.137812235126899	0.168580113768509	0.169755943570533	0.142040439377703	0.100568324380751	0.0596239377424028	0.0310150021932215	0.0138678164023474	0.00498571765376914	0.00172288959974554	0.000442032288286364	5.75957309805045e-05	1.33526435145114e-05	
8.78169718672343e-06	0.000131126705719939	0.000892140600560312	0.00340510308415201	0.0113455535971927	0.0304525308352332	0.0661128076862204	0.111277874653647	0.154750868240413	0.172789671766105	0.15982469337407	0.125446544312344	0.0817112973141379	0.045835868882076	0.0224526042821551	0.00906790068139983	0.00312987671095902	0.00109471838793586	0.000241895840688836	2.33513311556055e-05	4.79001664730369e-06	
5.26506815460562e-05	0.000329317000544724	0.00174127615242432	0.00621398157866763	0.0180087352085117	0.0436299982363023	0.0861475256081504	0.131805876336562	0.166246028426964	0.17186283516513	0.145353317103043	0.106308132208063	0.063949958229792	0.0340151429766293	0.0159719746227719	0.00569988671094796	0.00192965748829824	0.000619796616222776	0.000101898087098641	1.18113696244004e-05	2.00192705498313e-07	
7.38176998085528e-06	0.000121499943738942	0.000733588330259591	0.00311111678598533	0.0103897414944054	0.0278171028827208	0.0595385635634238	0.10712624103514	0.149609923333336	0.171429637367557	0.164157795907228	0.13009092744558	0.0864457136655316	0.0492206446958591	0.0247494786874335	0.010470741456898	0.00344808461024654	0.00114816449296817	0.000326792952125431	4.92783023046285e-05	7.58127727763515e-06	
6.78459083729035e-05	0.000280762332590221	0.00158460105408596	0.00569526491432658	0.0170103660566122	0.0405866196694068	0.0792464155410232	0.127327613524164	0.163488085859396	0.171438628586754	0.151718217584223	0.110519188818356	0.0679979630263745	0.036718006064626	0.0168351639755787	0.00663752485355261	0.00207069703289888	0.000596644900102886	0.000150059185577716	2.47438018771766e-05	5.58731010129793e-06	
0.000101724683044674	0.000646921019677031	0.00273737324884655	0.00972400035014075	0.0260039466778797	0.0571410927349391	0.0997413515033469	0.145524253842455	0.170808533361899	0.166132595426346	0.134742036995808	0.0908347459540956	0.0523486410661546	0.026224583318511	0.0114916915515752	0.00414213316460493	0.00126426393897958	0.000307172569429594	6.69504299017008e-05	1.59881623645853e-05	
3.59485288963262e-06	0.000241454285753658	0.00138142207986605	0.00521792896930175	0.0159287931539622	0.0379117180021645	0.0767067712449315	0.120619497004189	0.158597719784812	0.172891853444239	0.153385582522944	0.115309300144054	0.0729371685620529	0.0390249241136541	0.0187797112094903	0.00770836316561947	0.00247365821616609	0.000697800888687577	0.000146190684178393	3.55491007974782e-05	9.98570247120173e-07	
2.2834663018462e-05	0.000508972620437825	0.00257891479265525	0.00894177361234354	0.0246428077822134	0.0543196572396899	0.095737128961764	0.139653393851867	0.16868105784581	0.167644284023147	0.137068069329242	0.0954937595269619	0.0565650657698386	0.0283754739694857	0.0128368863935454	0.00499117660608804	0.00140873846498985	0.000423442786149375	9.41429089357645e-05	1.24188518170583e-05	
2.01212425591645e-07	0.000125556553569186	0.00107749253904326	0.00501200030906229	0.0147661750644685	0.0365168358460741	0.0723447203469224	0.117010659429458	0.154845839088009	0.171879879401321	0.157443692714822	0.117368012697309	0.0769118399830016	0.0421839838128628	0.0198930676685436	0.00837063811703802	0.00314837082323247	0.000773661776399875	0.000291355592256702	3.13891383922966e-05	4.62788578860783e-06	
7.09645213889095e-06	0.000349753712559625	0.00195436291905057	0.00878662428259938	0.0231455855404313	0.0517665907954555	0.0937145304115415	0.135667741677788	0.164948919737504	0.167629959355577	0.142095708025195	0.0974129985105561	0.0598107234285515	0.0311820134540622	0.0136399892782746	0.0053557938071087	0.00189434720953309	0.000478909141487441	0.000140306996574644	1.80452640103227e-05	
3.27663132992767e-05	0.000701728250036684	0.00392402041443077	0.014768245494174	0.0346122167876273	0.0687646876016951	0.113974669808162	0.151113148999417	0.169194658968822	0.159118712353083	0.123502543866665	0.0792830812057108	0.0452274847092234	0.0219184249050031	0.00886725633819557	0.00351149049481814	0.00111405465217541	0.000301205861384656	6.22763470160166e-05	7.32662906070784e-06	
