# <P(U)> as a function of N_tot.
# number_of_species: 1
# species_total_upper_bound: 103
# species_total_lower_bound: 0
# volume: 729
# Bin widths for each
10	10	10	10	10	10	10	10	10	10	10	10	10	10	10	10	10	10	10	10	10	10	10	10	10	10	10	10	10	10	10	10	10	10	10	10	10	10	10	10	10	10	10	10	10	10	10	10	10	10	10	10	10	10	10	10	10	10	10	10	10	10	10	10	10	10	10	10	10	10	10	10	10	10	10	10	10	10	10	10	10	10	10	10	10	10	10	10	10	10	10	10	10	10	10	10	10	10	10	10	10	10	10	10	
# Bin lower bound for each
0	0	0	0	-10	-10	-10	-10	-10	-20	-20	-20	-20	-20	-20	-30	-30	-30	-40	-40	-40	-50	-50	-50	-50	-60	-60	-60	-60	-70	-70	-70	-70	-80	-90	-90	-90	-100	-100	-100	-110	-110	-110	-110	-130	-130	-140	-140	-140	-150	-150	-150	-160	-160	-170	-170	-170	-170	-180	-180	-180	-200	-200	-210	-220	-220	-220	-220	-230	-230	-230	-230	-250	-250	-250	-260	-260	-270	-270	-270	-270	-280	-280	-290	-290	-290	-310	-310	-320	-320	-320	-330	-330	-330	-340	-340	-350	-350	-350	-360	-360	-370	-370	-370	
# Bin upper bound for each
0	0	0	0	0	0	0	0	0	0	0	0	0	0	0	0	0	0	0	0	0	0	0	0	0	0	0	0	0	0	0	0	0	0	0	-10	-10	-10	-10	-10	-10	-10	-10	-10	-10	-10	-20	-20	-20	-20	-20	-20	-20	-30	-30	-30	-30	-30	-30	-30	-40	-40	-40	-40	-50	-50	-50	-50	-60	-60	-60	-60	-70	-70	-70	-70	-80	-80	-80	-90	-90	-90	-100	-100	-100	-100	-110	-110	-120	-130	-130	-130	-130	-140	-140	-140	-150	-150	-160	-160	-170	-170	-180	-180	
# Normalized histogram for each
1	
1	
1	
1	
1.38749942305509e-05	0.999986125005769	
0.00010182337586752	0.999898176624132	
0.000434584420856766	0.999565415579143	
0.00141503027559278	0.998584969724407	
0.00387597118157247	0.996124028818428	
1.97389774025367e-06	0.00941831207492465	0.990579714027335	
2.53669326812341e-06	0.0205164932977745	0.979480970008957	
7.88814831071078e-06	0.040612976736442	0.959379135115247	
4.08251753370893e-05	0.0737916451982555	0.926167529626407	
0.000166998786794648	0.124407900591508	0.875425100621697	
0.000444699881056855	0.193359730117834	0.806195570001109	
2.8135267614225e-07	0.00101596451354966	0.279806924539524	0.71917682959425	
1.15514824214612e-05	0.0023942560394531	0.380023486135967	0.617570706342158	
3.07401263560203e-05	0.00504109870287948	0.486729572057958	0.508198589112806	
1.692426813118e-06	8.91344788242147e-05	0.0099021072124179	0.591862247740258	0.398144818141687	
4.78970652622871e-06	0.000246529012379419	0.0187928361768224	0.684247331429096	0.296708513675176	
1.57811203693684e-05	0.00056417505320492	0.0331578247303683	0.757098967914728	0.20916325118133	
1.97164937201559e-06	2.42231208561916e-05	0.00126213726228598	0.0554732000742467	0.80302603112333	0.140212436769909	
1.68971103969892e-06	8.47671704915623e-05	0.00258216008716656	0.0883975146603554	0.819879056116149	0.0890548122547983	
7.03894422593997e-06	0.000138807980135536	0.00503059265939478	0.134419620747316	0.80705521826499	0.0533487214039371	
2.08179660172024e-05	0.000326617007378	0.00937455515663831	0.192988452780633	0.766778577300202	0.0305109797891309	
1.68639372571593e-06	3.2603612030508e-05	0.000716155202187365	0.0164940548999856	0.262880113145776	0.70340522242409	0.0164701643222046	
3.9251925587321e-06	9.1961654233152e-05	0.00144054566905468	0.0280065292774506	0.341419416918253	0.620562289441456	0.00847533184699375	
1.96230523770104e-06	0.000198192829007805	0.00310801116719878	0.0455058584622872	0.421847129133421	0.52519726073402	0.00414158536882788	
1.00995535436247e-05	0.000401457253359083	0.00582211207474567	0.0705877435184712	0.495402458792419	0.425990471632318	0.00178565717514365	
2.81131599669727e-07	2.10848699752295e-05	0.000895685276547749	0.0104263276369512	0.105501098802857	0.552369897215476	0.330038377274671	0.000747247791922133	
4.23191217258753e-06	7.16603794558156e-05	0.00174072654032434	0.018147567905968	0.149541669805335	0.587567431993877	0.242603957627838	0.000322753835029343	
2.25420945437987e-06	0.000216685883802265	0.00318463440667516	0.0294470198787461	0.204080062757191	0.594036601598911	0.16890425132632	0.000128489938899653	
2.39462117374751e-05	0.00045610490356438	0.00576174026417461	0.0454794904922271	0.262879822133174	0.573808704138074	0.11155018759744	4.00042596084879e-05	
2.53703292871417e-06	6.76542114323778e-05	0.000939829753814781	0.0102267797356468	0.0678244745311493	0.324654237648385	0.526782470004519	0.0694927146280526	9.30245407195195e-06	
5.63931981907934e-07	1.09966736472047e-05	0.000183841826101987	0.00201464700536609	0.0174207048191089	0.0979265066923218	0.381388891160282	0.460243218224477	0.0408092198367586	1.40982995476984e-06	
2.25979189011536e-06	4.49133638160428e-05	0.000373148135855299	0.00400915328705091	0.0274813291756929	0.135638923672422	0.427486244223054	0.382438987737522	0.0225250406126974	
9.03590813418098e-06	0.000116902061485966	0.000897943370834235	0.00759355129826234	0.0414832894997665	0.178773748201995	0.456185728573744	0.303089772312057	0.01185002877372	
1.41041296609565e-06	2.6233681169379e-05	0.000264311389846324	0.00180955983550071	0.0127989335021316	0.0615227777462786	0.225833349553082	0.464474095086093	0.227388188806906	0.00588113998602563	
1.69324496852258e-06	6.97052512041794e-05	0.000580218609213736	0.00354904145402332	0.0202297620539287	0.0871075763681702	0.274312175673037	0.449247239728494	0.162216818889389	0.00268576872757156	
1.35839304366922e-05	0.000163007165240307	0.00115689807552496	0.00657660332121439	0.0313406745044059	0.11903824640514	0.315492161364642	0.41429403040027	0.110679318211211	0.00124547662191422	
5.38187672839679e-06	3.73898804288619e-05	0.000313281876926676	0.00227738362612159	0.01131298813976	0.0466832485121235	0.154817332022421	0.350174925156506	0.362494890757816	0.0713520718950749	0.000531106256091789	
2.35319133855477e-05	7.51320126165078e-05	0.000687528794698232	0.00407215508381472	0.0186724315129177	0.0671895665733423	0.193761207782542	0.370748130559592	0.301858028847858	0.0427291349186661	0.000183152000567034	
3.37648231829843e-05	0.000207412485266904	0.00138974877269124	0.00745010892702202	0.0290732151886092	0.092039503140696	0.233003100121497	0.373268417859832	0.239154823915028	0.0243248595922458	5.50451739285627e-05	
6.44566460907044e-05	0.000478455720981661	0.00279577153043646	0.0123969722981236	0.0430820271870751	0.122013307599893	0.268458523567991	0.358119138030074	0.179518574162198	0.0130537486082901	1.9024648846155e-05	
5.66758160325682e-07	5.66758160325682e-07	0.00015359146144826	0.000963205493473496	0.00539440416997984	0.0199002959044355	0.06054224020231	0.156012652309171	0.294315245624485	0.328717182577174	0.127372662193433	0.00662313586156592	4.25068620244261e-06	
1.13828902638156e-06	1.22366070336017e-05	0.000311322048715355	0.00202985390629491	0.00908639215309077	0.0304805344039321	0.0836887166531115	0.190156588729914	0.309420821469042	0.28587189809126	0.0857692244210804	0.00317041951072923	8.53716769786167e-07	
2.27964067163913e-06	1.16831584421506e-05	5.89857023786626e-05	0.000765104400418884	0.00368902851688003	0.0148740854722774	0.0440896753649206	0.110054497659806	0.221633789973855	0.312277432269738	0.236278201648465	0.054819944006326	0.00144529218581921	
5.72115600534013e-06	3.40408782317738e-05	0.00023027652921494	0.00159648858329016	0.00669947368225329	0.0232058669310604	0.0625788625598111	0.138963732733909	0.246490857449675	0.300264574859467	0.186240505384037	0.0331086158607036	0.00058098339234229	
1.34392575582242e-05	8.06355453493449e-05	0.000507546429060593	0.00292260960643849	0.0110273397389982	0.0349532213757396	0.0846361549769431	0.168899727983708	0.263066890044284	0.275649466418584	0.139355664804329	0.018671417873126	0.000215885945882111	
7.15276474385091e-06	2.23166260008148e-05	0.000159935819672506	0.0011378618154518	0.00521922937829313	0.0180135227309141	0.0499949644536203	0.109468772745792	0.194936014227707	0.270943009059406	0.24176402056334	0.0983141791830513	0.00993118468095236	8.78359510544892e-05	
8.87440738281989e-06	2.74820357661519e-05	0.000361560533048436	0.00222890760911728	0.00926574012128166	0.0278118201953457	0.0692945218283226	0.13522192173288	0.216752533714876	0.265613016866241	0.201934563555214	0.0664532801097907	0.00500487949270452	2.08977980305114e-05	
1.4584579695291e-05	8.83653946244099e-05	0.000779274111169958	0.00415889299036503	0.0152011356526056	0.0410304262929659	0.0922320240765673	0.159912195110791	0.231096096937696	0.250342594636764	0.160697188664979	0.0421345647675447	0.00230722331336485	5.4334708668731e-06	
2.57996900597234e-06	4.95927375592461e-05	0.000231050557645967	0.00167353989520739	0.00782848595378874	0.0238231471379257	0.0576221744322778	0.115636217490241	0.182809723845851	0.238028227154231	0.224860352010971	0.121177417588623	0.0252103104734702	0.00104632076353323	8.59989668657447e-07	
1.60755597237185e-05	0.000119131380095414	0.000532789979414672	0.00319874932145349	0.0129606329636816	0.0350564898039327	0.0773693724417254	0.139142294252212	0.201787602241278	0.234917321386896	0.193220190099235	0.0866400903216806	0.0146072295810967	0.000432030667574936	
8.64632800536995e-07	4.06377416252388e-05	0.000221057786003958	0.00118800546793783	0.00596740737837282	0.0206814401669779	0.0496126300948128	0.0996639172304313	0.161497843749901	0.212286374453444	0.222467425679767	0.159092147087874	0.0593498364835269	0.00776152043948709	0.000168891607038226	
6.94763480799777e-06	9.4372039475303e-05	0.000506887856200171	0.00251243843744219	0.0101571526045091	0.0314154676930639	0.0674742713161397	0.122988478795095	0.180560923085919	0.2163484794667	0.201398037814239	0.124403190932873	0.0380860655630928	0.00398012629063172	6.71604698106451e-05	
1.25052202023868e-05	0.000156460662067072	0.000985295024318291	0.00439282211993146	0.0170992891218544	0.0454134342126539	0.0881903026961255	0.145390633997215	0.194174661283024	0.211232944915377	0.175482846909349	0.0922425756798478	0.0232800669116527	0.00192987537821021	1.62858681705503e-05	
2.81090596377621e-05	0.000373909053723147	0.00191405127970886	0.00793202526653098	0.0267440134291032	0.0630761442217289	0.110221186091052	0.16482596246445	0.200872025014721	0.198349236912232	0.145824238149323	0.0653392163252734	0.0135579364319472	0.000927891770750708	1.4054529818881e-05	
2.92886404300978e-07	9.25521037591091e-05	0.000778784949036301	0.0037111636288977	0.0136438202579568	0.0394137234267826	0.0826824177069748	0.13247779262061	0.179812921738117	0.199863046317349	0.178747986772078	0.116870461908219	0.0440284416129489	0.00752805924974804	0.000346777502692358	1.75731842580587e-06	
1.35176156571604e-05	0.000243023220618948	0.00167236414575869	0.00659042535528555	0.0218521072934295	0.05583833166763	0.103484988247021	0.154238639399089	0.187898383969048	0.192299543310294	0.154846344381241	0.0886708569316129	0.0281295704601308	0.00409319279323014	0.000128123487533085	5.87722419876537e-07	
6.4022564265968e-05	0.000674449686230428	0.003253644418088	0.0116583024284319	0.0334188934422602	0.0747261338927194	0.125725564475443	0.170418919995397	0.190648280094293	0.178132606367442	0.128039817904485	0.0637561477888613	0.0174825855674848	0.00193660881033094	6.4022564265968e-05	
2.96366106979274e-06	9.78008153031603e-06	0.000158852233340891	0.00137484237027685	0.00572016223080696	0.0190871627538931	0.0485074261937256	0.0963492141111758	0.147048267666013	0.180934471971916	0.185855631178307	0.15771418749009	0.101554292048053	0.0444086829342023	0.0103399171063999	0.000908065751784494	2.60802174141761e-05	
1.09551563996619e-05	5.29992701497155e-05	0.000463669592482986	0.00282731860703706	0.0103478854327509	0.0295362859947208	0.0674520822939505	0.117531063049886	0.162196716117848	0.186678529818011	0.175715675200339	0.133957283772601	0.0776661371674407	0.0294181479567893	0.00572421726147738	0.000415111601954755	5.92170616197939e-06	
2.0792429179501e-06	5.19810729487526e-05	0.000121784228051363	0.00103249262611351	0.00530533682250097	0.0169499882671292	0.0434873656289264	0.0885701046453257	0.138359358523856	0.174224219615578	0.183804776912087	0.15866791817288	0.110682853077725	0.0567930351302943	0.0186986315611253	0.00306242778343794	0.000183864480887302	1.7822082153858e-06	
2.68072318763007e-06	1.28078996742326e-05	0.000107526785637162	0.000293092401847554	0.00224555245683812	0.00952431162751768	0.0264006555261768	0.0600121585689466	0.110793097912223	0.156821710760095	0.180522282320065	0.17484540418306	0.138120390086924	0.0874335739133465	0.0399222232845829	0.0113058011147638	0.00156315947652029	7.35709585938475e-05	
1.79290136562309e-06	1.55384785020668e-05	0.000137455771364437	0.000724033334817457	0.00418971167456689	0.0152309959178624	0.0389573561398356	0.0803766646715659	0.131495270774423	0.170619067924367	0.181038215393791	0.160392358534853	0.116015958017422	0.066836374741486	0.0267916239234001	0.00642456322681607	0.000723734517923187	2.92840556385104e-05	
3.29944602301274e-06	3.74937048069629e-05	0.000331144400855096	0.00164222427054498	0.00734006760264951	0.024014867903679	0.0547216122413047	0.101754315450436	0.151193214659259	0.179902294404769	0.173201719431307	0.141707307343097	0.0943368608410648	0.0485459491351402	0.0174390719798146	0.00352710779860062	0.000289751350748209	1.16980358997724e-05	
9.63044375881035e-06	9.35958752809381e-05	0.000671121549442096	0.00333664781106032	0.0125800681113135	0.0354117436038806	0.073188964956019	0.123987750075539	0.167622989795341	0.180900362225066	0.160763405276761	0.121626485646425	0.0731561612569655	0.0337854024141115	0.0109290489094124	0.00181955196768023	0.000113759616900947	3.31046504209106e-06	
3.01253001609595e-07	4.9104239262364e-05	0.000206358306102572	0.00117579046528225	0.00621545192920916	0.0198643216731351	0.0495531062347622	0.0947844369084332	0.144512571137131	0.177656125121217	0.17629054526492	0.144314647915073	0.0998379560104342	0.0551651484017474	0.0229256546754918	0.00644018666840992	0.000962503340142655	4.57904562446584e-05	
1.29878092797595e-05	7.46043928395489e-05	0.000456989661401771	0.00255920251226517	0.0107125263191914	0.030439800446841	0.0671720434686875	0.116825948555589	0.161852871076058	0.18082050938188	0.165015855698794	0.125214261097856	0.0794980785593318	0.0402350249803899	0.0150235728738428	0.00360940281146805	0.000463030502927241	1.3289851356033e-05	
2.81993530522616e-05	0.000199214784465977	0.00109643936168793	0.00463560977917178	0.0172455720951331	0.0434521708650349	0.0876921043024329	0.137778703606	0.175072499627041	0.177708381090302	0.148579965481566	0.105334893091098	0.0612138214429093	0.028291531582669	0.00950014979011191	0.00197061930630804	0.000196182595965734	3.94184505031614e-06	
8.36070069360373e-05	0.00046576703500367	0.00235802162107602	0.00875532576634183	0.0264322792364582	0.0593661433577425	0.108785181068455	0.155464037130024	0.179594235433683	0.169314829937267	0.131230166137764	0.0872592650244832	0.0452520644850204	0.0188450193633828	0.00570595020427472	0.000985650605405938	0.000101240484762547	1.21610191906963e-06	
2.12634886459046e-06	4.55646185269384e-06	0.00016008369309131	0.0010978035423757	0.00434261190974074	0.0152632359141538	0.0397211080829203	0.0776545642989671	0.130021676607854	0.168384047766301	0.178447753178284	0.155695820327166	0.111899108999073	0.069167394688016	0.0321242711179856	0.012187927927709	0.00332105316236678	0.000474783325050698	3.00726482277794e-05	
6.10304999923712e-06	4.6688332494164e-05	0.000305152499961856	0.00213271082223341	0.00789154880151356	0.0245220548969347	0.0549124975206359	0.0979664637402542	0.149020002746373	0.176832211897896	0.171162478448605	0.138751621122656	0.0923714926534536	0.0520886162859889	0.0222254771822218	0.00772951282403381	0.00182755832227156	0.000190415159976198	1.73936924978258e-05	
1.68439157020207e-05	0.000132607554526818	0.00079748284523749	0.00392616362363465	0.0133164935010048	0.036202168638834	0.0735907614491157	0.120355290245168	0.164550968770155	0.178229147079234	0.158725117708345	0.118708874048548	0.0736370056540431	0.0374602560152685	0.0147136197452342	0.00460727032402181	0.000942340520274868	8.42195785101036e-05	3.36878314040414e-06	
5.21009716831219e-06	3.06476304018364e-05	0.000293910775553611	0.0016105329776165	0.00702259803027679	0.0208679715406104	0.0509397329671963	0.0940667719923565	0.140535322160229	0.175070910954842	0.173344836410611	0.142749306980458	0.0981419874068887	0.0566723722338598	0.0259977719172698	0.0095026042823934	0.00265623012692716	0.000455117311467271	3.24864882259466e-05	3.67771564822037e-06	
2.46558505559586e-05	8.47544862861077e-05	0.000633655359288136	0.0033957270178194	0.0113302879248588	0.0317570437142066	0.0692299299835484	0.113369450045089	0.157673856107223	0.179023048905496	0.160724401217259	0.124970952326064	0.0792429790924551	0.0427236578433651	0.0180847581846637	0.00591031557639523	0.0015514693962337	0.000257961836441717	1.10951327501814e-05	
2.76770299717633e-06	2.09115337564434e-05	0.000176517946708801	0.00134202843107528	0.00603759032706254	0.0183037424879928	0.0460905580119774	0.0892076804373217	0.132468415895964	0.170065200932162	0.17649026967883	0.145436334527956	0.105265585704383	0.0621902863465521	0.0305394499159541	0.0119558619026913	0.00349591640798894	0.000778954632427515	0.000123624067207209	8.30310899152898e-06	
7.06751566991137e-06	8.08155052689866e-05	0.000479054649103993	0.00269272347023623	0.00998701420816476	0.0282009239393964	0.0636273071597621	0.109832880909903	0.149641123845614	0.175929823871364	0.166324455509374	0.128785192386995	0.0859495944782422	0.0470352386331302	0.0212320462055737	0.00772940387656307	0.00198750831969508	0.000422207240454706	5.46964256193141e-05	9.2184986998844e-07	
2.6138549070667e-05	0.000278913694201117	0.00102832127167424	0.00507333861844545	0.0166364177026245	0.041895173962807	0.0837076271056139	0.129599231465155	0.162519965238805	0.173269059153689	0.152913894699164	0.110390473021635	0.0678089315114662	0.0342811683746927	0.0143669766186066	0.00488052838000653	0.00109166881412786	0.000214951127063485	1.72206911524394e-05	
0.00012591931053816	0.000647366187754577	0.00217953765247802	0.00893414358784251	0.0259868657887037	0.059090470420451	0.104878837130572	0.148052922875188	0.16944174240463	0.166128011838253	0.134887461531038	0.0906349427618608	0.0521266117135596	0.0242126596394909	0.00922856805846823	0.00275950177619757	0.000588848941251442	8.73163102271909e-05	8.27207149520756e-06	
1.68851139914046e-05	0.000222576502613969	0.00118840502292231	0.00441438280149829	0.0151806384844904	0.038159129612284	0.0777829661128042	0.125340964176849	0.162149591671893	0.171361802863531	0.154697423362305	0.115107357089768	0.0719149284976823	0.0379746213666688	0.0166870976545963	0.00578330504309235	0.00166855626442334	0.000305160060135566	4.20592839422259e-05	2.14901450799694e-06	
5.253144744413e-05	0.000410728334694748	0.00214365169745696	0.00827078455870358	0.0238729316510572	0.0541528566816161	0.0980083208583946	0.144047065719298	0.170043680973755	0.16641901110011	0.138957352144712	0.0954803601506884	0.055507307861623	0.0267646188720607	0.0114312730458686	0.00331593241936807	0.000940343629394632	0.000163738371273224	1.75104824813767e-05	
6.14415729042663e-07	0.000105986713259859	0.000887216312737606	0.00399953918820322	0.0138126800046081	0.0359795706770093	0.0719247340731923	0.118759494643063	0.159229829883645	0.172078184401521	0.156156215199109	0.120965861526055	0.0762496063899236	0.0412487999692792	0.018844437617603	0.00718221266464421	0.00196244383856227	0.000526247071925041	7.98740447755463e-05	6.45136515494797e-06	
5.82093754471016e-06	0.000276341350806767	0.00191079934033459	0.00687299541463304	0.0214884504939985	0.0506231620006746	0.0914803226269952	0.138964467465401	0.169048604522133	0.167982147490916	0.141937741090213	0.101576279250594	0.0592209931193455	0.0300075457732487	0.012649816380057	0.00455258589023121	0.00108912805112866	0.000264393110583414	4.71802306255455e-05	1.22546053572846e-06	
5.69628161436296e-05	0.000709278936498098	0.00364776399509017	0.0115505891057695	0.0317846389047459	0.067031147022866	0.112812101107161	0.157536486827502	0.172010248406879	0.15797258924787	0.12480828643599	0.0827838157001771	0.0444264028165356	0.0211001296057193	0.00828104595980508	0.00276484034486391	0.00060515335860114	0.00010290057109817	1.53125849848467e-05	3.06251699696933e-07	
3.67662378089283e-06	1.28681832331249e-05	0.000156256510687945	0.00151997754808411	0.00640651693820576	0.0189278719946664	0.046891046930877	0.0867612743668241	0.134003132483461	0.169117647058824	0.168226678562587	0.143893556839378	0.105294522075675	0.0646993869842616	0.0326701725316986	0.014087596787121	0.00534489182147295	0.00161158675729136	0.000313432177321114	5.45365860832437e-05	3.37023846581843e-06	
1.37604663636102e-05	3.7611941393868e-05	0.000471831102201124	0.00286462330876224	0.0102576632037179	0.0291137831558437	0.063625644372061	0.107410225188503	0.15293932735171	0.172824118611551	0.160209440413817	0.126915839152991	0.0867710545837948	0.0491765431139874	0.0239392362268434	0.00904735374000302	0.00334440490264011	0.000815231185008553	0.000191423376524889	3.02730259999425e-05	6.11576282827121e-07	
1.83073064460026e-06	3.44787604733049e-05	6.40755725610091e-05	0.00105694182548255	0.00544672878945987	0.0170160310980112	0.0421470808999872	0.0836564572921053	0.127518017440761	0.166029572402346	0.172276330483496	0.146237543403572	0.108719159816683	0.0682929657226199	0.0366744167597288	0.0165302772336439	0.00573354325711391	0.00201258322196389	0.000460428757116965	8.08572701365115e-05	1.06792620935015e-05	
2.26345378577939e-05	8.50324530333339e-05	0.000257238464032496	0.00228394721870469	0.00915964690120942	0.0257712565838977	0.0584488000636214	0.10457554124074	0.1466846519481	0.17267888931711	0.165506799537521	0.129980668881181	0.0893678846495011	0.0526846397132143	0.0259049227061119	0.0113383741060887	0.00379648491744511	0.00115069096514893	0.000264579395229618	3.73164002520386e-05	
2.56847822863064e-05	0.000189578154970357	0.000619186715830601	0.00424074101819981	0.0146345162500585	0.0384112861379536	0.0772891791541084	0.124410969970514	0.161013925127025	0.174479172240621	0.152298528109089	0.112170642355001	0.0724479034643573	0.0394591641009913	0.0179622244122236	0.00726176064901776	0.00229725915853596	0.000658325431695449	0.000119862317336097	1.00904501839061e-05	
6.71193766928575e-06	5.33904132784093e-05	0.000385631327908054	0.00154740672084624	0.00769950777089838	0.0220767833465843	0.0540420814084818	0.0985101939078793	0.143922859090191	0.170539963181971	0.168461093032948	0.135706532118757	0.0940797048699989	0.0556050476211978	0.0288122127977126	0.0121510478860142	0.00468249178855444	0.00137228616529306	0.000303867723573118	3.35596883464287e-05	7.62720189691562e-06	
2.21696427134306e-05	0.000184038403895054	0.000734331453165415	0.00320609476884503	0.0128541410614886	0.0329267785292173	0.0723623212041092	0.120771406384432	0.159436174357862	0.172254479558526	0.156584490178696	0.118732406642268	0.0754760930772709	0.0424241927289038	0.0201619234260541	0.00799898930724726	0.00291758571983463	0.00078170767595028	0.000142736055826197	2.70287424862374e-05	9.11081207401259e-07	
4.53105965368108e-05	0.000445199418321416	0.0017093346519021	0.00590254146831877	0.0197773151434096	0.0486906453992715	0.0934748483615506	0.139580661072481	0.171361635122585	0.168923681750534	0.139951356489785	0.0991979720315021	0.0587298314628268	0.0310535717218088	0.0138416269970873	0.00490327556080226	0.00187050657246928	0.000451585475551436	7.02466295302234e-05	1.88540737267266e-05	
1.15667638173364e-05	0.00014884598701783	0.000994132911247917	0.00326426250466095	0.0105784142879972	0.0300032721766062	0.0669599957385607	0.11321152719331	0.15643743674426	0.174548858162559	0.158654298346409	0.124478772705481	0.0800121755408603	0.0447746383483879	0.0224797010904719	0.00894415231601616	0.00305119053960475	0.00114510961791631	0.000262687294062141	3.19607947584297e-05	7.00093599470364e-06	
7.66138275444108e-05	0.000384595309585489	0.00181980732995927	0.00602166370436708	0.017206366822733	0.0436137185757398	0.0869731769190314	0.133856871329366	0.167686912557373	0.17259874408265	0.144170435548083	0.105063502485066	0.0622507189032563	0.0338193580249627	0.0161200376903403	0.00575610980012948	0.00182163873619539	0.00063916077640636	0.000105000624204292	1.52617186343448e-05	3.05234372686896e-07	
1.12809039601766e-05	0.000162505994885787	0.000822896210500448	0.00316078733392299	0.0101439717745685	0.0269872760550008	0.0591033998510311	0.108022582540393	0.15091044517191	0.172424958359744	0.164535338041434	0.129938330042053	0.0850442958414015	0.0485429492978247	0.0245823092864096	0.0106281359769674	0.00350744646372625	0.00109699168780312	0.000320133761032038	4.23796121747174e-05	1.15857932563976e-05	
0.000103548547822983	0.000323436934670612	0.00173169718506318	0.00579628224166769	0.0165184298141852	0.0394121000741895	0.0797031445866647	0.129496900243765	0.164993646992037	0.171748362410172	0.151193366558205	0.109490102586155	0.0668628201020623	0.0362849339299354	0.0166892849180931	0.00679278473718769	0.00208650323863311	0.000609413659393498	0.000123344593730318	3.13691188993155e-05	8.52752746777508e-06	
0.000151468651627282	0.000738143006521685	0.00294220998553276	0.00982870023134779	0.0249569746742586	0.0565404742827868	0.101306622837267	0.147446656062845	0.171351274089078	0.165785944013895	0.134229568570346	0.0903094501505086	0.0512576621956493	0.0256369073941388	0.0114384737079983	0.00433041865386731	0.00135011293100374	0.000314518407403129	6.15627115265815e-05	2.28574423984832e-05	
5.47645625817475e-06	0.000329195870630282	0.00150906794669704	0.00552848259262741	0.0159541340703426	0.0366998631190183	0.0756897976966633	0.122587126615973	0.160585518363318	0.172569221646484	0.152884403874045	0.115584564547187	0.0724017942087692	0.0380656304602931	0.0183677300423482	0.00765000089753033	0.00262626502336469	0.000764269895585276	0.000156383250927879	3.95521840868177e-05	1.52123784949299e-06	
2.84084313780594e-05	0.000618570683231939	0.00285061808193603	0.00913682355859285	0.024299594706379	0.0533290405037029	0.0955265579122674	0.141991754834626	0.169995442432299	0.166660353681916	0.137169041774446	0.0952895155171129	0.055682969237029	0.027647207603929	0.0127666879678991	0.00492993197860753	0.00149587191890706	0.000467059049215622	0.000103553314378088	1.09968121463456e-05	
3.0744899728584e-07	0.000159258580594065	0.00124516843900765	0.00545353031385623	0.0152058125077631	0.0356262674584913	0.0709020430600768	0.117047370511706	0.157505198962544	0.171945156018068	0.156052195001371	0.117970947299552	0.077112820254248	0.0418345850606843	0.0192807415177896	0.00827560465994296	0.00319900681675917	0.000820581373755908	0.000327740631106706	2.85927567475831e-05	7.07132693757433e-06	
1.08272984034375e-05	0.000427832962627259	0.00225609963589342	0.00936190090237798	0.0235651509480073	0.0503818942822584	0.0922006329329295	0.13696594350625	0.166812783636549	0.167021905171427	0.141628178198771	0.097609641863904	0.0599105355800493	0.0307761316846967	0.0131854839957062	0.0052775345932184	0.00192447495336528	0.000495580915494483	0.000164265584349295	2.32013537216518e-05	
5.01011981966058e-05	0.000781080791760749	0.00448359045724656	0.0154451724850443	0.0349858845319863	0.066481489318798	0.113042306572032	0.153019328482127	0.170669887250521	0.157665047661488	0.123561068692788	0.0788683104008843	0.0455080697159729	0.0216085534259262	0.00870547217111831	0.00357398920054669	0.00112836611590617	0.000333593071222121	7.74857040431978e-05	1.12027523917876e-05	
