# <P(U)> as a function of N_tot.
# number_of_species: 1
# species_total_upper_bound: 103
# species_total_lower_bound: 0
# volume: 729
# Bin widths for each
10	10	10	10	10	10	10	10	10	10	10	10	10	10	10	10	10	10	10	10	10	10	10	10	10	10	10	10	10	10	10	10	10	10	10	10	10	10	10	10	10	10	10	10	10	10	10	10	10	10	10	10	10	10	10	10	10	10	10	10	10	10	10	10	10	10	10	10	10	10	10	10	10	10	10	10	10	10	10	10	10	10	10	10	10	10	10	10	10	10	10	10	10	10	10	10	10	10	10	10	10	10	10	10	
# Bin lower bound for each
0	0	0	0	-10	-10	-10	-10	-10	-20	-20	-20	-20	-20	-20	-30	-30	-30	-40	-40	-40	-50	-50	-50	-50	-60	-60	-60	-60	-70	-70	-70	-70	-80	-90	-90	-90	-100	-100	-100	-110	-110	-110	-110	-130	-130	-140	-140	-140	-150	-150	-150	-160	-160	-170	-170	-170	-170	-180	-180	-180	-200	-200	-210	-220	-220	-220	-220	-230	-230	-230	-230	-250	-260	-260	-260	-260	-270	-270	-270	-270	-280	-280	-290	-290	-290	-310	-310	-320	-320	-320	-330	-330	-330	-340	-340	-350	-350	-350	-360	-360	-370	-370	-370	
# Bin upper bound for each
0	0	0	0	0	0	0	0	0	0	0	0	0	0	0	0	0	0	0	0	0	0	0	0	0	0	0	0	0	0	0	0	0	0	0	-10	-10	-10	-10	-10	-10	-10	-10	-10	-10	-10	-20	-20	-20	-20	-20	-20	-20	-30	-30	-30	-30	-30	-30	-30	-40	-40	-40	-40	-50	-50	-50	-50	-60	-60	-60	-60	-70	-70	-70	-70	-80	-80	-80	-90	-90	-90	-100	-100	-100	-100	-110	-110	-120	-130	-130	-130	-130	-140	-140	-140	-150	-150	-160	-160	-170	-170	-180	-180	
# Normalized histogram for each
1	
1	
1	
1	
1.50972235164765e-05	0.999984902776484	
0.000102462141802911	0.999897537858197	
0.000440968557613467	0.999559031442387	
0.0014313406856377	0.998568659314362	
0.00390898288998088	0.996091017110019	
2.85541699860889e-06	0.0094794652686545	0.990517679314347	
3.63069127065118e-06	0.0206246604331155	0.979371708875614	
9.33671460723813e-06	0.0407884751744539	0.959202188110939	
3.99247340986784e-05	0.0739880505789346	0.925972024686967	
0.000163641163714297	0.124529110232941	0.875307248603345	
0.000442535346441401	0.193080997449265	0.806476467204294	
2.59170152721196e-07	0.00102424044355417	0.279391644717114	0.719583855669179	
1.063999850521e-05	0.00240541819865344	0.379911786627027	0.617672155175814	
2.83102397098122e-05	0.00508051925654713	0.486928071472706	0.507963099031037	
1.55837315193177e-06	8.28535059110392e-05	0.00997177007035276	0.591938431793513	0.398005386257071	
4.93040090387223e-06	0.000234064295541724	0.0188883658627345	0.684341202426172	0.296531437014647	
1.50444121421894e-05	0.000556643249261008	0.0332912089793352	0.757141167425631	0.20899593593363	
1.81439327077824e-06	2.46239086748475e-05	0.00126100332319088	0.0555911954233744	0.803031280917585	0.140090082033904	
1.55461961696764e-06	8.21357364297901e-05	0.00258170497724426	0.0884441237321753	0.820012618329224	0.0888778626053093	
6.47579812916782e-06	0.000136509824562858	0.0050293638590369	0.13436063667975	0.807262115441204	0.0532048983973177	
1.91570732444808e-05	0.000316868346638438	0.00936496114350123	0.192997934401521	0.766910194488303	0.0303908845467915	
1.55294453813876e-06	3.08000666730855e-05	0.000707366237122207	0.016469494475141	0.262977957505226	0.703440393329793	0.0163724354415073	
3.61667390001447e-06	8.83501767003534e-05	0.00144331121995577	0.0280509227685122	0.341582449831566	0.620400624134582	0.00843072519478372	
2.32584042305487e-06	0.000197696435959664	0.00308380597425708	0.0456164497906614	0.421923733625114	0.52508121705544	0.00409477127814493	
1.11234762777641e-05	0.000397340920061526	0.00581576729480679	0.0708324861383378	0.495363579876131	0.425836938115704	0.00174276417868131	
2.5901018738869e-07	2.53829983640917e-05	0.000894103166865759	0.0104132455737749	0.105820166118774	0.552474686934387	0.329648481734084	0.000723674463564001	
3.89880065094376e-06	7.90156931924601e-05	0.00173392660949639	0.0181307226271054	0.149668199068603	0.587760573092505	0.242307341415634	0.000316322692813237	
2.07621095652855e-06	0.000236428522674689	0.00317556465801042	0.0294121234629226	0.203955804735474	0.59432654594019	0.168770257655184	0.000121198814587354	
2.20595982869295e-05	0.000465587286197076	0.0057585932516315	0.0455779848323393	0.262895392346825	0.573791432467265	0.111450281039282	3.86691781735587e-05	
2.33802731283507e-06	6.36462990716213e-05	0.000970800896451628	0.0102660181498462	0.0680259437901865	0.324487796666441	0.526774439334556	0.069400444069321	8.57276681372858e-06	
5.19643026026841e-07	1.01330390075234e-05	0.000187331310882676	0.00207363549536011	0.0174875467548813	0.0982470881803037	0.381118147077683	0.460163386160243	0.0407109132310468	1.2991075650671e-06	
2.0812531641552e-06	4.13649066375846e-05	0.000393877161316372	0.00407717494858004	0.027691593662376	0.136080656885124	0.427094742286225	0.382162047411988	0.0224564614845891	
8.32491086491922e-06	0.000109784762031122	0.000906114516953551	0.00768675441643025	0.0417450053786729	0.179309214505637	0.455753228829687	0.302649272806028	0.0118322998736955	
1.29953266206407e-06	2.41713075143917e-05	0.000255228214829383	0.00183416039923723	0.0130382111984888	0.0620420284457303	0.226105687872527	0.463739270083692	0.227108927087641	0.00585101585767726	
3.63864889689161e-06	6.54956801440489e-05	0.000577505560635225	0.00364410687023694	0.0205609653023639	0.0877366616228062	0.274497073746576	0.448164847428853	0.162093231541264	0.00265647359822351	
1.7188690674927e-05	0.000157823432560693	0.0011581531429	0.00671947588036046	0.0317977755750789	0.119741888370392	0.315545556020287	0.413211175565807	0.110422492808096	0.00122847051384289	
4.9519633492161e-06	4.11794846934813e-05	0.000324483914198634	0.00227894565923924	0.011509665971828	0.0473587530643531	0.155450209051042	0.349746746169135	0.361750305327635	0.0710129788353086	0.000521780559217402	
2.16337776772256e-05	7.94976167657085e-05	0.000727207707463367	0.00415290337025585	0.0189381568490585	0.0677927004506342	0.194337006818289	0.369893027485584	0.301359304987524	0.0425176712776153	0.000180889659132465	
3.57084118853233e-05	0.000212165308574111	0.00144944874813345	0.00759416269117358	0.0294604823867607	0.0930683717042374	0.23318739800622	0.372215362905633	0.238583017235695	0.024142796114612	5.1086487076813e-05	
6.85447225645838e-05	0.000474339905199782	0.00287158081070945	0.0125736562562958	0.0436390106520584	0.122874885552467	0.268424000452447	0.357118265187803	0.178956196794765	0.0129820577021463	1.74619635430689e-05	
5.20374211502976e-07	7.80561317254464e-07	0.000153250205287626	0.000975441459462329	0.00549150905399091	0.0201668423796921	0.0614122227576295	0.156606618951821	0.294013510996027	0.327267244420808	0.127342334419528	0.0065658216136388	3.90280658627232e-06	
1.04445378070074e-06	1.82779411622629e-05	0.000334225209824237	0.00207794079670412	0.00924446041298225	0.0308641314465972	0.0844738551024048	0.190590620335045	0.309009484423669	0.284593288392228	0.085666621319965	0.00312526682530179	7.83340335525555e-07	
1.30551063873675e-05	1.07051872376413e-05	6.0575693637385e-05	0.000799755817290131	0.00386927243108797	0.0151564563114781	0.0446722241384217	0.110862919033013	0.221798685559669	0.311324599815296	0.235280171721647	0.0547257004652057	0.00142587871962827	
6.54344230607658e-06	3.2978949222626e-05	0.000228235267635951	0.00165706132959083	0.00695332353212922	0.0236684160341557	0.0633101599505211	0.139797504017019	0.246710546118312	0.299204395936889	0.184930242978952	0.0329302660118688	0.000570326431397635	
1.54245018996973e-05	8.83640956287746e-05	0.000505087079156191	0.00299601341983952	0.0113035455701223	0.0357048461432079	0.0854987983267291	0.169491746976471	0.263029847979769	0.274642667884592	0.137994652665053	0.0185203824335315	0.000208622923999296	
6.53542316995734e-06	2.50960249726362e-05	0.000179070594856831	0.00113977780084056	0.00532140296190606	0.018381531207822	0.0510881871703369	0.110261215635765	0.195745596366514	0.270530182283409	0.240401620052979	0.0970272451335278	0.00980444183957	8.80975043310249e-05	
8.09213971314148e-06	2.87140441434052e-05	0.000416614676844316	0.00222820982552825	0.00947615664085361	0.0282601012091745	0.0705201261956136	0.136048446335279	0.217126987599187	0.26503375988481	0.200542538812251	0.0653625617939282	0.00492654686471352	2.11439779601439e-05	
1.32790886899919e-05	8.85272579332791e-05	0.000856631407648495	0.00417353946297803	0.0154948738812042	0.0414049796582587	0.0935165500406835	0.160685305126119	0.231477949552482	0.24918965012205	0.15933474369406	0.0414877786818552	0.00227046379170057	5.72823433685923e-06	
2.34562711253042e-06	4.95187945978644e-05	0.000236647713130847	0.00169093652289971	0.00777836013038559	0.0242501355902784	0.0581361073588317	0.117105694218316	0.183395462045538	0.238155430113734	0.223478841270631	0.119845647310986	0.0248433186245138	0.00103077280333976	7.81875704176806e-07	
1.46026742711831e-05	0.000116039108047795	0.000559334576994425	0.0032548317902305	0.0129361440699844	0.0357097968820161	0.0781986245323885	0.140568210916855	0.202048598743023	0.234447760758129	0.191721118126769	0.0855844485691205	0.0144224877011584	0.000418001551012617	
7.84368067330155e-07	3.79111232542908e-05	0.000218315778740226	0.00127093772509729	0.00616905484955167	0.020696074368551	0.0504406187618227	0.100349435973996	0.163169997398513	0.212685846208953	0.221339517639784	0.157393649494671	0.0584087525018073	0.0076577854413443	0.000161318365847569	
6.30124520481804e-06	8.84799847509866e-05	0.000508037894638454	0.00269982101838099	0.0104697814596887	0.0314812835951544	0.0682191184505448	0.123787174393	0.181868639516526	0.216083875874921	0.200066110564274	0.123228463984839	0.0375401934114705	0.00389128146585867	6.14371407469759e-05	
1.13241186609625e-05	0.000154060684108443	0.00103628853327645	0.0046673803494939	0.017546590189363	0.0455018888893278	0.0889140828583129	0.146174357191671	0.194854109799181	0.210673903568546	0.174166525115183	0.0914485786255944	0.0229542518773677	0.0018819105104939	1.47476894189279e-05	
2.88537108916406e-05	0.000361068455561447	0.00201499492942356	0.00834798740072272	0.0273432588334048	0.0632086861846579	0.110857545523347	0.165764569072475	0.201305458354433	0.197035373855414	0.144715125194663	0.0646984906332648	0.0134045340562467	0.000901347574183817	1.27062213100802e-05	
2.64592333331305e-07	8.57279159993428e-05	0.000769963689994097	0.00381515685430408	0.0141816198818913	0.0401074350710258	0.0828832838236979	0.133243936403645	0.180745668821948	0.199627242320803	0.177550451804639	0.115578958453447	0.0436360384283321	0.00743425078960967	0.000338413594330739	1.58755399998783e-06	
1.21966998911842e-05	0.000239426521776943	0.00169772759572288	0.00680522824798118	0.0226018106266134	0.0566136340014297	0.103728425098475	0.154755175112793	0.188658023625538	0.191996737647925	0.153392326472778	0.0875296167690836	0.027783552060818	0.00405964504421569	0.000125944183658968	5.30291299616705e-07	
5.77305918130572e-05	0.000658181954587573	0.00329277205009313	0.0120217971559835	0.034187950055855	0.0755493917137712	0.12615384697243	0.171152049874975	0.190909214254721	0.177479003490173	0.126368274884878	0.0629606641838078	0.0172095692313504	0.00193730032065752	6.22532649044027e-05	
2.66779852465406e-06	8.8037351313584e-06	0.000153931974872539	0.00132589586675307	0.00583420859356596	0.0193810227219068	0.0494014927399865	0.0974365390756452	0.147503647547533	0.18141510171382	0.185710790898218	0.156632320539194	0.100379921187896	0.0437452263080149	0.0101571093229154	0.000885442330332682	2.58776456891444e-05	
1.30370638403731e-05	4.92215675605924e-05	0.000439269232662368	0.00272793909296624	0.0103559517522213	0.0297912872504167	0.068315544836192	0.118811285840285	0.16292445287567	0.186996726100601	0.175099208064887	0.132824000968468	0.0767531857661869	0.0288643254051135	0.00563280976662325	0.000396433165758285	5.32125054709107e-06	
1.86744053402397e-06	4.88202311037694e-05	0.000114180649794608	0.000983607606992338	0.00518134715025907	0.0168283069837474	0.0436343487407848	0.0891854918011357	0.139433247804557	0.174954901311103	0.184059474246128	0.158436589456004	0.109416008660656	0.0560675010390973	0.0184607167877035	0.00301885101185931	0.000173138415225936	1.60066331487769e-06	
2.40593399560676e-06	1.14950179790101e-05	0.00011334622379303	0.000275345779497219	0.00213967730009295	0.00928423196304699	0.0264083335137784	0.06019165670209	0.111535892124335	0.158138833619239	0.181470244878635	0.174708233720983	0.137427217155058	0.0860995559447822	0.039502762947868	0.0110918903717462	0.00152803541320981	7.08413898706436e-05	
1.60753440659475e-06	1.39319648571545e-05	0.000149768622214411	0.000682130433198372	0.00402499823171215	0.0150309825464631	0.0390220939528842	0.0804723686269298	0.132472623689056	0.171618229868847	0.181751858845619	0.160232063666936	0.115448030556014	0.0656801049398461	0.0264096469211429	0.00626938418571952	0.000693651096445634	2.65243177088134e-05	
2.9575950772712e-06	4.35573093198123e-05	0.000328293053577104	0.00156295456219796	0.00714447421756822	0.0236957140145374	0.0546692628973999	0.101882159732719	0.152136270924313	0.180450672960429	0.173971388762967	0.141731182570193	0.0938845537714984	0.0476119032984714	0.0171037723318594	0.00348969331890027	0.000278820554102749	1.23681248685887e-05	
8.62981000664226e-06	0.000111108803835519	0.000682564035212861	0.00317900626119684	0.0124587488339643	0.0351249448164102	0.0732093751019733	0.124016572471392	0.168540728792849	0.181374604680539	0.161569190715295	0.121526872284475	0.0725357105583298	0.0330945123307849	0.0106696813469623	0.00178960685012744	0.000105175809455953	2.96649718978328e-06	
2.70083693534953e-07	4.5374060513872e-05	0.00022849080473057	0.00121969796000385	0.00600288017250786	0.019677487659876	0.0498571797428587	0.0943974918947884	0.144547172277745	0.178767856583398	0.176567754815862	0.144751355550058	0.0996773580197031	0.0545836443797204	0.0223858869386445	0.00629538081260621	0.000950424517549498	4.42937257397322e-05	
1.16403878144089e-05	8.66261418746709e-05	0.000522463918181609	0.00268513969142144	0.0104259975880034	0.0302338770477269	0.0674370979159645	0.116077405871899	0.162143834587382	0.181901904015528	0.165268060535431	0.125786572135889	0.0790187423779147	0.039801463711091	0.0145932564255617	0.00353001528139284	0.000463449859029489	1.24525078944839e-05	
2.52617717139868e-05	0.000216762299223241	0.00120903382687048	0.00479702030611835	0.0169487473964077	0.0432571170288245	0.0882016117553617	0.136927494912333	0.17552639556349	0.178456217818404	0.14885621216846	0.105883493795383	0.0605231305474036	0.027865092360297	0.00917138129194676	0.00193130319232738	0.000200192750034497	3.53121540087987e-06	
7.76771850660297e-05	0.000482143650462479	0.00244942056908214	0.00887100708606714	0.0261030773520311	0.0594571155163311	0.109052226596069	0.15478828061142	0.180119764591795	0.1699713085008	0.131411263627917	0.0872205767680894	0.0449309368059305	0.0184691816449629	0.00550417807862621	0.000991269902053158	9.94813071898275e-05	1.09020610618989e-06	
1.90517300739996e-06	4.08251358728564e-06	0.000173370743673397	0.00108132176548572	0.00443578709637209	0.0153325601959824	0.0393774765548049	0.0779931560742223	0.130318188387317	0.167670738202829	0.178957799601383	0.156294950175643	0.1117068254456	0.0691153220273109	0.0319372316257631	0.0118828362147261	0.003190076117105	0.000494528479206534	3.1843605980828e-05	
3.0053946834568e-06	5.46435396992146e-06	4.18023078698992e-05	0.00035135796026595	0.00213546953144531	0.00808615100468978	0.0245114526028767	0.0546957242796274	0.0983848735753405	0.149171672242585	0.176019682603	0.171646013685475	0.139150593497146	0.0922973100351495	0.0519834921866569	0.02202380545807	0.00749982582371721	0.00177345608093801	0.000203000749982582	1.58466265127722e-05	
1.56372895035654e-05	1.81063352146547e-05	0.000125372654440867	0.000900378669310557	0.00405252702713454	0.0134431308816441	0.036044500982543	0.0736571203300401	0.120607670556877	0.164584941070737	0.177295588391425	0.15959198196609	0.118609115222956	0.0735122696483228	0.0374266179039283	0.0146164762712362	0.00450408805385153	0.000906962791206795	8.4496231001722e-05	3.01772253577579e-06	
3.15765339674267e-05	3.02036411862343e-05	0.00028803290549418	0.00174384841067067	0.00714975102589413	0.0210016900310136	0.050714933915806	0.0940406843046779	0.141026292269653	0.174963927242174	0.172483659143672	0.143506834946711	0.0980028528711993	0.0565107380808881	0.0260182402534909	0.0094449531774917	0.00256483829382377	0.000443169789768928	3.04782197424728e-05	3.29494267486192e-06	
3.91732675001745e-05	7.6415458433439e-05	0.000650772803048673	0.00348393799478664	0.0115751488101396	0.0317565541428351	0.06886191450793	0.113864550427444	0.158079582975739	0.178451889020478	0.160529291534905	0.125323834643569	0.0788944090091894	0.0427584490806834	0.0180312895094817	0.00588950766099454	0.00147175621206641	0.000251591689860276	9.93125091553719e-06	
2.47529109423268e-06	2.03523934414687e-05	0.000167494697376411	0.00137296146026773	0.00628283886185015	0.0185374550047086	0.046034638673508	0.0887972175527842	0.132989414555152	0.17068122211172	0.175837528493351	0.145078736259384	0.105066755850488	0.0622208421710393	0.0305563684289272	0.0119782086373358	0.00349236070161851	0.000758264171866611	0.000117438810804151	7.42587328269805e-06	
6.31811025871563e-06	8.10366315791787e-05	0.000474957071187796	0.00279068183123009	0.0103015414266128	0.0285474197524455	0.0635310709553999	0.109615092482026	0.150012265374915	0.176284341332885	0.165771555263274	0.128662546709377	0.0856408857551062	0.046827910334478	0.0212118190416306	0.00777182501911228	0.00201218076717791	0.0004043590565578	5.13689834078184e-05	8.24101338093343e-07	
2.96981186241852e-05	0.000265633172138545	0.00103613436088824	0.0052125697837042	0.0171047414146314	0.0421402554148195	0.0833848925670559	0.1297219321156	0.16333745257238	0.173504383497305	0.152063991746123	0.110206968388553	0.0674955741553773	0.0339831721660433	0.014376914222484	0.0048383184925235	0.00107793171302598	0.000202112196192371	1.73239025307747e-05	
0.000119663179639625	0.000642949990374918	0.00223307375277149	0.00918011006274239	0.0265466055225242	0.0592083555020555	0.104415297499916	0.148255833853836	0.170293300751359	0.165849333377511	0.134457601309121	0.0904801505620199	0.0517503546767355	0.0239613879504929	0.00920393316715577	0.00273774020603426	0.000567647074125726	8.92681843535874e-05	7.39337723173884e-06	
1.70003347969159e-05	0.000223197943946606	0.00118947503788744	0.00445244252310195	0.0156021943593438	0.038606115130106	0.0779956166556119	0.124546097915896	0.162274228013426	0.172050243118498	0.154291748229429	0.114857278076396	0.0719004482330208	0.0377341624743932	0.0165114380720304	0.00576283929720616	0.00164108070579906	0.000301344644222752	4.1129842250603e-05	1.91939263836147e-06	
4.88687569133505e-05	0.000434053397078692	0.00214391080188963	0.00830164871654995	0.0243050684313596	0.054320917832127	0.0983319006734279	0.143055049556489	0.170307343299448	0.166863743198526	0.13876118799399	0.0953693009214506	0.0554468210461812	0.0266614759627488	0.0112411868079614	0.00333762627975057	0.000892815716192223	0.000161431623960956	1.56489839553988e-05	
5.48551618021566e-07	0.000116292943020572	0.000901544584218444	0.00409438927691297	0.0139104462055999	0.0364871851485135	0.0719019518837948	0.118771573506603	0.158184458709834	0.172914441032758	0.156248071498218	0.12083248193551	0.0761123598279194	0.0410845962591522	0.0187810360220134	0.00710319490176126	0.00197176879097852	0.000503296109534787	7.4603020050933e-05	5.75979198922645e-06	
7.65399147454692e-06	0.000282377614043106	0.0019009234540714	0.00692822906865685	0.021649314885756	0.0510302545881579	0.0913115715776681	0.139044595981326	0.168459431931687	0.168525584286574	0.141991382699027	0.101290462962609	0.0592107313334183	0.0298071030134311	0.0126001101081345	0.0045672460555975	0.00109670763556722	0.000253128432336802	4.20969531100081e-05	1.0934273535067e-06	
6.11458347266303e-05	0.000712458163555827	0.00362234476259993	0.0116193464329185	0.0322036549376763	0.0672028210067607	0.112930897290557	0.156795117505097	0.171960103434731	0.158525490033365	0.124731224475367	0.0824095717252925	0.0445089812039342	0.0210093266506031	0.00820719047719137	0.00278677601216147	0.000598355668396311	0.000101272788765982	1.36486238229086e-05	2.72972476458171e-07	
3.27222989378342e-06	1.1452804628242e-05	0.000157339720726086	0.00156467126087744	0.00636475982923323	0.0188123223451853	0.0472220949688375	0.0870421332321124	0.133782937720739	0.168324869165341	0.168246608333715	0.144839257160184	0.105231641154181	0.0645071040110994	0.0326194963820045	0.0140744061448114	0.00523529514422899	0.00160775562114559	0.000297772920334291	5.18103066515708e-05	2.99954406930147e-06	
1.22561002015175e-05	3.43170805642491e-05	0.000506040759431546	0.00294500469953353	0.0101834574785498	0.0291409209124748	0.0639310869445025	0.107914145201015	0.152428573490709	0.172327850135675	0.160272749977462	0.127585458382233	0.0865501284030765	0.0492534537009473	0.0236668018469126	0.00893061168017244	0.0032827283495309	0.000821703429066186	0.000185203291934043	2.69634204433386e-05	5.4471556451189e-07	
1.63038693429649e-06	3.07056205959173e-05	7.66281859119352e-05	0.00111627158768167	0.00550065378516065	0.0168418970312828	0.042070232721431	0.0839440038172793	0.127506312314747	0.165830187592321	0.171808273018074	0.146321792729996	0.109120438856686	0.0684876639489928	0.0367323458985443	0.0164302243303729	0.0056164112574957	0.00201216920807759	0.000456236610447302	8.64105075177142e-05	9.51059045006288e-06	
2.01683951980686e-05	7.87657596248897e-05	0.000320241410239603	0.00233299274183064	0.0091452770387999	0.0256103188050934	0.057967510895703	0.104537698137449	0.146409739481569	0.17226752994666	0.165552271983346	0.130565284686437	0.0898632828096864	0.052996001479379	0.0258874979661264	0.0112662290851698	0.00372597473990265	0.00115504944391101	0.000259191132883287	3.89740609908624e-05	
2.28978855165695e-05	0.000225707728663328	0.000762172475051527	0.00428790165685283	0.0145968568290627	0.0383073446875952	0.0766866541582424	0.124147428581086	0.160796584725856	0.174573479178326	0.152626401098444	0.112710207359435	0.0725538584163768	0.0394028994720129	0.0179911957630189	0.00726353639850608	0.0022548965356317	0.000665129055481304	0.000114489427582847	1.03585672574957e-05	
5.98963303424192e-06	5.09118807910563e-05	0.000451945038038254	0.0016986054773016	0.00773642783186447	0.0220456611506684	0.0538247482380269	0.098195949755691	0.143467774276868	0.170640561304847	0.168757366227672	0.136342016758449	0.0941058471614448	0.0554784314675717	0.0288498842775672	0.0120898020235703	0.00459649884168665	0.00131281865868702	0.000307104821028404	3.48487740174075e-05	6.8064011752749e-06	
2.33209777347033e-05	0.000207990580494388	0.00085311390643461	0.00346235167112432	0.0130320877671438	0.0330883997931484	0.0719726049016899	0.12042735962873	0.15901842547063	0.172458087999811	0.156652159753036	0.119191076634631	0.0754127202917183	0.0423281169368058	0.0201487824144642	0.00796275802560264	0.00283295644644704	0.000749525377426975	0.000148603439518807	2.87444609288203e-05	8.13522479117556e-07	
5.83996010356558e-05	0.000466110304079932	0.00195190480484755	0.00631557731944201	0.0199933071340953	0.0485637500909947	0.0927885456380659	0.139287122860809	0.170690625533066	0.168875620258088	0.140643894987196	0.099616681316365	0.0586416198473896	0.0310550064484025	0.0138431500799124	0.00487297136083565	0.00182261080441512	0.000426452900585952	6.84497649348152e-05	1.81989454390183e-05	
1.03328369946019e-05	0.000143572050872363	0.00102159127865051	0.00352322549839623	0.0110398205784431	0.0300451708126722	0.0663474182591019	0.11269998118336	0.156122097152596	0.174085190434186	0.158850509952697	0.124922095847396	0.0805605074619398	0.0447411841866263	0.0224431938690384	0.00906516104542206	0.00299570697814551	0.00110235055726621	0.000244997003477272	2.93670104057107e-05	6.52600231238015e-06	
6.84992069374687e-05	0.000400079033347925	0.0018770420132108	0.00631366196214477	0.0175254265781289	0.0432661186002364	0.0863076362151759	0.133014543664287	0.16741861148014	0.172649385581217	0.144617108536584	0.105951353009435	0.0625122125080098	0.0336407519520909	0.0160716605408545	0.0057752199888873	0.00182464421348174	0.000635596226921771	0.000115165997321162	1.50097863807202e-05	2.72905206922186e-07	
1.00813345725201e-05	0.000146315585552521	0.000855551096154407	0.00328488025962979	0.0105407164668246	0.0273185094120157	0.0588145058960821	0.107243874839959	0.15005766795844	0.172301996458454	0.164809112654554	0.130133681221117	0.0857079644450402	0.0485299098210999	0.0245823807153334	0.0106693215997498	0.00348786929358999	0.00112311516507913	0.000325599859842203	4.65921138351604e-05	1.03538030744801e-05	
9.25837678870478e-05	0.000307977180824268	0.00179694201260773	0.00593135185916375	0.0170392255640121	0.0397772543466718	0.0792783912208804	0.128222527809169	0.163870273802878	0.172166596321157	0.151678353098152	0.109915449235503	0.0673421650986426	0.0361702996718722	0.0167867986439201	0.00677822103013057	0.00206788568627718	0.000605062153661824	0.000134791073835555	3.02258771631244e-05	7.62454559069805e-06	
0.000138997589798178	0.000746873100389029	0.00299322707618433	0.010016291937539	0.0258658402909501	0.0568172446581506	0.100971781577713	0.145917976675713	0.171039128504228	0.165866725069321	0.134120658646497	0.0906023975309222	0.0517426037716682	0.0254838017288132	0.0116015198526243	0.00432094079248834	0.00134792161737486	0.000317045583017061	6.85430157943862e-05	2.04809808150557e-05	
4.91698087540289e-06	0.000315233107234163	0.00156797056804514	0.00555099824272567	0.0162538997804568	0.0377798957217623	0.0758709270666958	0.122009963442247	0.158929933842022	0.172443436281255	0.152789717391061	0.115304294190614	0.0728797637008258	0.0386157824705807	0.0182925346845197	0.00782291657276599	0.00262539462186095	0.000750932245915696	0.000148328923074654	4.17943374409245e-05	1.36582802094525e-06	
2.74164818567319e-05	0.00060124344711813	0.00293274106421461	0.00937863011355084	0.0250183621887235	0.0542404935405398	0.0955184744592168	0.140912765963863	0.168875384139181	0.166523324160692	0.137124904830537	0.0950770691013234	0.0561681463798866	0.0278718696203722	0.0126680596067215	0.00498102642373105	0.00150351986502318	0.000464435202653038	9.76026754099655e-05	1.45307353840679e-05	
2.75600457607e-07	0.000152407053056671	0.00122890244046961	0.00560213050177749	0.0154691780850233	0.036599465169752	0.0716958054437154	0.116552535923831	0.156333532776198	0.171454076282348	0.156340422787638	0.117725491471406	0.0767979967153938	0.0421092695182311	0.0193559713386548	0.00816438795614976	0.00322507655491711	0.00084416420165024	0.000314735722587194	2.7835646218307e-05	6.338810524961e-06	
9.70322546303792e-06	0.000406426529394674	0.00220623623528159	0.00953272592990168	0.0239209458815075	0.0515027801127127	0.0931315579942379	0.136208888819888	0.166079020850291	0.166585251984448	0.141164741916381	0.0973333318547466	0.0595949929138731	0.0312399502307704	0.0132554376875495	0.00521451336383658	0.00194646702788541	0.000493201088535556	0.000153033727302769	2.07926259922241e-05	
4.4827317377407e-05	0.000760115381616902	0.0044198064350867	0.0157572197039726	0.0352938555947833	0.0682614240051677	0.113841339139538	0.151795877000523	0.17036663733865	0.156749156355456	0.122890053347292	0.0790308389669113	0.0451333125438528	0.0219436679325975	0.00866420162826181	0.00351685618505608	0.00111205158761095	0.000338293109400929	7.04429273073539e-05	1.00234995378053e-05	
