# <P(U)> as a function of N_tot.
# number_of_species: 1
# species_total_upper_bound: 103
# species_total_lower_bound: 0
# volume: 729
# Bin widths for each
10	10	10	10	10	10	10	10	10	10	10	10	10	10	10	10	10	10	10	10	10	10	10	10	10	10	10	10	10	10	10	10	10	10	10	10	10	10	10	10	10	10	10	10	10	10	10	10	10	10	10	10	10	10	10	10	10	10	10	10	10	10	10	10	10	10	10	10	10	10	10	10	10	10	10	10	10	10	10	10	10	10	10	10	10	10	10	10	10	10	10	10	10	10	10	10	10	10	10	10	10	10	10	10	
# Bin lower bound for each
0	0	0	0	-10	-10	-10	-10	-10	-20	-20	-20	-20	-20	-20	-20	-30	-30	-40	-40	-40	-40	-40	-50	-50	-60	-60	-60	-60	-60	-60	-70	-70	-80	-80	-80	-80	-100	-100	-100	-110	-110	-110	-110	-120	-120	-130	-140	-140	-150	-150	-150	-160	-160	-160	-160	-170	-170	-180	-180	-180	-200	-200	-200	-200	-210	-210	-220	-220	-220	-230	-230	-250	-250	-250	-260	-260	-270	-270	-270	-270	-280	-280	-290	-290	-290	-310	-310	-320	-320	-320	-330	-330	-330	-340	-340	-350	-350	-350	-360	-360	-360	-360	-360	
# Bin upper bound for each
0	0	0	0	0	0	0	0	0	0	0	0	0	0	0	0	0	0	0	0	0	0	0	0	0	0	0	0	0	0	0	0	0	0	-10	-10	-10	-10	-10	-10	-10	-10	-10	-10	-10	-10	-20	-20	-20	-20	-20	-20	-20	-30	-30	-30	-30	-30	-30	-30	-40	-40	-40	-40	-50	-50	-50	-50	-60	-60	-60	-70	-70	-70	-70	-80	-80	-80	-90	-90	-90	-90	-100	-100	-100	-100	-110	-110	-120	-130	-130	-130	-140	-140	-150	-150	-150	-160	-160	-160	-170	-170	-180	-180	
# Normalized histogram for each
1	
1	
1	
1	
1.47665773288738e-05	0.999985233422671	
0.000100738349496052	0.999899261650504	
0.000447714664105913	0.999552285335894	
0.00145253285416445	0.998547467145836	
0.00387568701227102	0.996124312987729	
3.97232763077328e-06	0.00942463104169752	0.990571396630672	
5.09938705367615e-06	0.0204003812075122	0.979594519405434	
1.30321287302344e-05	0.0406908388101326	0.959296129061137	
4.24422516576529e-05	0.0740747447664459	0.925882812981896	
0.000220522502625066	0.124658543522378	0.875120933974997	
0.000529333423624749	0.193094399674951	0.806376266901424	
0.0010898184502646	0.279154056690909	0.719756124858827	
5.10069335424995e-06	0.00251520856735126	0.37914870561405	0.618330985125245	
2.72463169223469e-05	0.0053045173258194	0.48601242204999	0.508655814307268	
5.68104994892736e-07	6.76044943922356e-05	0.0100884084993052	0.591379688428497	0.398463730472811	
1.70619639344206e-06	0.00023431763803271	0.0187630417386824	0.684123899432235	0.296877034994657	
1.13713572567738e-05	0.000566293591387334	0.0330275385844366	0.756624526311899	0.20977027015502	
2.50028128164419e-05	0.00123309326844725	0.0557665010040902	0.801410613239444	0.141564789675202	
7.44494999380535e-05	0.00253810279941486	0.0885301168118337	0.819130338910037	0.0897269919787768	
6.25938908362544e-06	0.000135999453726044	0.00511733509354942	0.134741885555606	0.806203623617244	0.0537948968907907	
2.10766403607409e-05	0.000281401630762325	0.00932384998444886	0.194021297660265	0.765672191024997	0.0306801830591661	
3.40788846662626e-06	3.52148474884714e-05	0.000625347533625919	0.0163760400449614	0.264228360334223	0.702186330845764	0.0165452985054705	
5.66006552091847e-06	0.000118861375939288	0.00132898338431166	0.0278339382056687	0.343420513435864	0.618714780242296	0.00857726329039985	
3.39559150355094e-06	0.000238257337165824	0.00290209887170154	0.0456995682505403	0.423511754688887	0.523446276366061	0.00419864889414074	
1.24602757912134e-05	0.000424215753073582	0.00552046855167984	0.0707188616292037	0.496974135299338	0.424540286620326	0.00180957187058758	
8.52898347594741e-06	0.000893837468279289	0.0100522599247516	0.105770198480817	0.553828404812849	0.328712140553099	0.000734629776728271	
5.99224774349071e-05	0.00182278469454374	0.0175150548090927	0.150085831815297	0.588512918144754	0.241688467034648	0.000315021024229226	
2.27739204450024e-06	0.000245958340806026	0.00325382388357972	0.0283774435704952	0.204474506019432	0.595077986443824	0.168453565399583	0.000114438950236137	
3.18658175943698e-05	0.000461485322661319	0.00566414907739923	0.0439930373188556	0.262731958968208	0.575741918743303	0.111335752479986	3.98322719929622e-05	
5.11725915051224e-06	7.78960559577974e-05	0.000971142069897211	0.0097881795862298	0.0651603351008725	0.324825416175315	0.529894459372942	0.069270631367434	6.82301220068298e-06	
7.97469515303725e-06	0.000209620558308408	0.00207683846628384	0.0164677454910219	0.094377669030784	0.382493151730537	0.463926181664695	0.0404408183632166	
3.08387101195514e-05	0.000395192359309807	0.00397476708207551	0.0261820648914991	0.133479074793009	0.428176644131565	0.38532397207155	0.0224374459608714	
9.51417526142489e-05	0.000804692895604852	0.00731617151880053	0.0399262937988784	0.177406699469556	0.457308577372884	0.305270910409138	0.0118715127825237	
2.86311941441191e-06	6.87148659458859e-06	0.000229622177035835	0.0017487933383228	0.012287935902773	0.0591692258182366	0.224879133413921	0.467657916782862	0.228245589221386	0.00577204873945442	
3.4469802729319e-06	7.06630955951039e-05	0.000569326241745919	0.00343376684855233	0.0195369096902658	0.0844464207131343	0.273329449735559	0.453203221317964	0.162712980293614	0.00269381508329628	
2.70677453835096e-05	0.000198688769304486	0.00108328572481663	0.00616165548634403	0.0304656112933545	0.116089528583539	0.315631219822343	0.418016982418635	0.111015766097822	0.00131019405845712	
7.51009240879859e-06	6.35469357667573e-05	0.00033506566131563	0.00224436223139866	0.0109358499460429	0.0452783471326467	0.152082837474668	0.351758863642141	0.364911923947027	0.0718149698094285	0.000566723127156263	
1.38906895338285e-05	0.000109389180078899	0.000727524864334266	0.00401325171781527	0.0182541023836423	0.0645465615913174	0.191393444520586	0.373928101790973	0.303486678828737	0.0433244818772804	0.000202572555701665	
2.96259462875785e-05	0.000302068471951781	0.0015126659633893	0.00739486855374263	0.0283084630291426	0.0896730922052393	0.231539550057393	0.375412439644396	0.240762513767351	0.0250095267748846	5.51855862219599e-05	
5.23475856421042e-05	0.000549068009401626	0.00288900508760368	0.0123796223645172	0.0416808926077648	0.120284282288427	0.267022126161171	0.360580057780102	0.181326801905685	0.0132206735738337	1.51226358521634e-05	
1.16008540548755e-06	0.000160671828660026	0.00110846160494336	0.0056751378036451	0.0199273670527624	0.0586109949414476	0.154164909620646	0.293003930949396	0.33130879095319	0.129252655580504	0.00678475949399395	1.16008540548755e-06	
1.69103013474012e-05	0.000345786506862375	0.00228813870645525	0.00938055233709111	0.030619890829427	0.081933908711196	0.188359181797985	0.308924965494239	0.287252373419105	0.0874985640821701	0.0033791447002824	5.83113839565557e-07	
1.4652023239281e-05	4.98168790135555e-05	0.000785934526555034	0.00410373866885783	0.0156149542065666	0.04404222361449	0.108911419142224	0.219929799226256	0.311415860170468	0.237656989102997	0.0558617177211532	0.00161289471818005	
2.35520355729945e-06	4.06272613634156e-05	0.000183117076580032	0.00174697223862687	0.00730230862940695	0.0238005095482896	0.0619630503889913	0.138218653565454	0.244764529692346	0.300973817790854	0.186661657933768	0.0337100285156271	0.000632372155134903	
6.48698886950655e-06	7.25363300863005e-05	0.000515420751995339	0.00326885266397044	0.0121465917950206	0.0360151724772395	0.0838030503001117	0.167236931960922	0.262103246914847	0.27585507359194	0.139486183303434	0.0192592802273041	0.000231172694258779	
1.47733094754234e-05	1.53642418544404e-05	0.000165461066124742	0.00121613883601686	0.005791728246745	0.0193187613348217	0.0516758546802731	0.108319677870942	0.192281123078805	0.270475659199842	0.241703161665507	0.0985633842933719	0.0103714541841263	8.74579920945066e-05	
1.59570790034981e-05	3.01411492288298e-05	0.000333325650295295	0.00243966007875705	0.0101215161116263	0.0291488553159827	0.0703695363995747	0.134642877616887	0.213315414124615	0.265279346398044	0.202470510431497	0.0666651300590589	0.00514645348009118	2.12761053379975e-05	
2.76870258596822e-05	7.06902787906778e-05	0.000676270333764151	0.00432447780501972	0.0164625877590357	0.0429714423055399	0.0930337086594413	0.159699354244303	0.226865133551609	0.249826514274135	0.160946448579302	0.0427334517002779	0.00235928805463887	2.94542828294491e-06	
3.54904424238553e-06	5.2644156262052e-05	0.000206436073432091	0.00162309623351765	0.00852302974808884	0.0255826939138623	0.0594512231189474	0.116768879140847	0.181598087301756	0.234039948041992	0.225526382411883	0.12028420746293	0.0252839826901282	0.00105465764736223	1.18301474746184e-06	
2.07762111195469e-05	0.000112191540045553	0.000405432919847158	0.0033841479883582	0.0136392857969666	0.0375224308879337	0.0798394176962269	0.139528878636653	0.199677197039805	0.230687769756841	0.193788031596462	0.0861090846060741	0.0148532101323801	0.000432145191286576	
2.7980920584194e-05	0.000178601620750174	0.00101505254459682	0.00652907991589054	0.0213732559551734	0.0523898087533845	0.103866963224736	0.162303032179249	0.20798992210588	0.218804250242303	0.158761362039773	0.0586670603840173	0.00791562383164773	0.000178006282014341	
7.87261160172458e-05	0.000424047488547438	0.00241009268807341	0.0107568502158109	0.032467365937476	0.0714684030944135	0.127782625265477	0.180601885013351	0.210817206904757	0.197783859834115	0.123817095376093	0.0374974876230021	0.00400966422715109	8.4690215715522e-05	
2.38952194626563e-06	0.000188772233754984	0.000866201705521289	0.00424976478143341	0.0180827073283651	0.0473179109604385	0.0923030511208351	0.148854074881644	0.192624740512851	0.206419450708643	0.172513329052107	0.0919237145118655	0.0226580444749772	0.00197016084469601	2.56873609223555e-05	
2.45030951592641e-05	0.000465558808026019	0.00169429938479302	0.00772624424924309	0.0286620473351988	0.0644688386369586	0.114862740832555	0.166991581692722	0.197796753399655	0.194518119740052	0.144362674494908	0.064571632109334	0.0128784682338289	0.000958011257080498	1.85267304862729e-05	
5.97532906137141e-07	6.69236854873598e-05	0.000931553800667803	0.00338442638036077	0.0137540124334647	0.0422204800818381	0.0841338282499217	0.137495906899593	0.179891464122929	0.196279401606646	0.176177797111287	0.114645651036003	0.0432769182598886	0.00738012892369983	0.000357922210776147	2.98766453068571e-06	
8.37594595839668e-06	0.000208202085251575	0.00172424830372137	0.00630349761554767	0.0221316423495007	0.058342651573212	0.106091526354615	0.15791709369034	0.186683083520745	0.189654749490413	0.152312389280464	0.0869219774651157	0.027598741932917	0.00395524133792574	0.000145382490563599	1.19656370834238e-06	
7.37188650171621e-05	0.000638297489782745	0.00323224259380126	0.0115588782985446	0.0346023166902507	0.076284641123979	0.128258838322542	0.172695731078375	0.188879119640923	0.176527913378536	0.125990934377624	0.0621018507031161	0.0172825787937796	0.0018034151612735	6.95234824552098e-05	
6.00949259450228e-06	1.92303763024073e-05	0.000175477183759466	0.00141583645526474	0.0056783695525452	0.0191949202960997	0.0503853887600854	0.0978327365907187	0.149412812478591	0.183175343773024	0.183406108288653	0.155453554434585	0.100109733334776	0.0426764116598579	0.0101277978695147	0.000896015345840289	3.4254107788663e-05	
2.03464400312617e-05	9.63463777950922e-05	0.000485920861923074	0.00281139927255493	0.0102564010498763	0.0298679755411854	0.0701509346795496	0.119602358750824	0.163849881571751	0.187348822958444	0.174028487409743	0.130966443932991	0.0759957487908829	0.0284927955649548	0.00558270408975413	0.000434456337138118	8.97637060202722e-06	
7.66592383066214e-05	0.000170087684992816	0.00106903703419781	0.00541106420390878	0.0169692410795298	0.0442958639346432	0.091648514996763	0.14181899196695	0.174450673673002	0.183586897738373	0.156677708391851	0.107753542944445	0.0549640749655483	0.0179610199751217	0.00296335868079033	0.000179670089781144	3.59340179562288e-06	
0.000153261659560355	0.000286766933318007	0.00233065484636117	0.00949384139573478	0.0264771490457666	0.0612537761637409	0.11534915520497	0.158922762110365	0.180361434098085	0.1734670541313	0.135805994686131	0.0854960589003715	0.0380058981791796	0.0110198725294041	0.00150747210458192	6.8848011130628e-05	
2.27849163853529e-05	0.000163092033074105	0.000739310576398424	0.00409468931567302	0.0151855471677749	0.0391037133417678	0.0835942605994831	0.136476852323762	0.172716861437728	0.179659065698508	0.158945777895033	0.112657021052064	0.0641521312890866	0.0253680063797766	0.00637737817564772	0.000712928041636437	3.05797562013947e-05	
6.19352169656795e-05	0.000349362728709318	0.00169870862066063	0.00708105936881399	0.0240110208607432	0.0552402004055253	0.104975983567324	0.154672681398028	0.181352929716156	0.172281525025436	0.139321767282331	0.0918517306984609	0.0467021601560527	0.0165036307266023	0.00359645177351193	0.00027840781995252	2.0444634726535e-05	
9.62019471274099e-06	0.000120853696078809	0.000703476738369185	0.00348611805902951	0.0124425193365914	0.0356692769461654	0.0742546754146304	0.127298625274176	0.171339275406934	0.181409815484665	0.158332772155308	0.119360762111825	0.0707469119174972	0.032497017739639	0.0103723736868434	0.00183745719013353	0.000113037287874707	5.4113595259168e-06	
6.42148978563027e-05	0.000224452072880908	0.00120567971769451	0.006305662913796	0.0200722567635691	0.049644117435245	0.0953711261012555	0.147649854766306	0.180504477038673	0.176146866072929	0.141934728857095	0.098212785366205	0.0534832081042802	0.0218126605372446	0.00625045010442423	0.00106704755503277	5.04116955133591e-05	
0.000102838276286155	0.000452247858287653	0.00256734854658243	0.010860563926618	0.0308196090341321	0.0671930863811451	0.117586247335075	0.164912903196707	0.182334669429067	0.16493274917985	0.123348197774243	0.078463199232622	0.0382738805813069	0.0140798229497746	0.00350792786887218	0.000556890314859529	7.81811457146208e-06	
1.80306015369285e-05	0.000231392719723915	0.00112510953590434	0.00487727771573915	0.0177174700902372	0.0438474178375539	0.087734502998489	0.138142054695229	0.17844826239093	0.177980067771021	0.148049870239771	0.103816597529327	0.0599367246090064	0.0267171443373694	0.00908501909440703	0.0020254375726483	0.000245216180902227	2.4040802049238e-06	
9.48310436971785e-05	0.000605831444766051	0.00254956583086491	0.00863385311214949	0.0269984585425254	0.0598691935616366	0.109705625111744	0.156692293195842	0.182755125708515	0.168360739706302	0.129545245884212	0.0860401455445114	0.0436718096904038	0.0177128685122278	0.00563912499335579	0.000998444046060102	0.000126844071187309	
4.23451724386161e-06	3.62958620902424e-06	0.000195392724252472	0.00131632993180612	0.00426839338181251	0.0152618050779121	0.0398165607129959	0.0783663958390424	0.131458168111544	0.168991114168029	0.181087315140637	0.154702038194136	0.110301915030177	0.0681376169709772	0.0309924317078231	0.0114168634204857	0.00318738162255812	0.000453093345093193	3.93205172644293e-05	
1.21295337164649e-05	5.51893784099152e-05	0.000337201037317723	0.00231613446315897	0.00778534121591298	0.0245392596617801	0.0557624988780181	0.0992559744018321	0.149854324300065	0.17738412049964	0.172176305198476	0.139120899914365	0.0905712282608432	0.0503333195865285	0.0213091648330855	0.00712246219830817	0.00183641140467278	0.000201350259693317	2.66849741762227e-05	
3.27059246782555e-05	0.000167163615022195	0.000812197129510011	0.00440984884411811	0.0132568014695862	0.0368577601165785	0.075467104199259	0.120865955979037	0.164981403047829	0.179073416927254	0.158553477518008	0.118008427226592	0.0721062676059324	0.0362296852297016	0.0139375692351114	0.00432808403242247	0.000829761422392778	7.994781588018e-05	2.42266108727818e-06	
8.50531278287759e-06	5.16393990388997e-05	0.000326847019799153	0.00165306829158642	0.00744032611799299	0.0203999927097319	0.0519638159693323	0.0956519626009247	0.141525974617717	0.176096425946064	0.174036317685583	0.141558780824165	0.0966519443752544	0.0556198854212864	0.0253233537663348	0.00884431024950943	0.00244345485805241	0.000386384209279296	1.70106255657552e-05	
4.34801513109266e-05	0.000120642109975388	0.000709155143916239	0.00369642525792609	0.0120654357905335	0.0309799140072838	0.070315978220731	0.115275679469224	0.157271994067103	0.180743927017035	0.160428285614378	0.124115622908283	0.0772048264192748	0.0421879947015455	0.0175849654210318	0.00560893951910953	0.00140300037539905	0.000233935461982732	9.7983439573919e-06	
5.51021870058023e-06	3.1836819158908e-05	0.000222245487590069	0.00159673893012369	0.00655471126760132	0.0185357634622296	0.0458113460301017	0.0901453412019256	0.134320764524477	0.169392082060626	0.177419246214327	0.144182219258949	0.104889461951634	0.0607819979930559	0.0303031416205798	0.0115108468655121	0.00344082545525121	0.000733471333699457	0.000112653360100751	9.79594435658707e-06	
5.51085638708255e-06	0.000116340301505076	0.000636810071396206	0.00312465557147581	0.0106163586710264	0.0288413730604847	0.0633344355046108	0.111202958717562	0.150916639112385	0.173675863673659	0.167321233941977	0.128253548379196	0.0855829873740157	0.0455355940090868	0.0209455404925481	0.0075902861971417	0.00181674565560821	0.000415151181160219	6.79672287740181e-05	
3.66965519308197e-05	0.000362684254916268	0.00130456242114064	0.00582618922821647	0.0175128177997848	0.042679313113941	0.0827825282823384	0.130727184989153	0.163637264369911	0.170997369468836	0.153271100058653	0.110147758666349	0.067210346470495	0.0333700094982909	0.0139917836420227	0.00492284244151946	0.000956556786996699	0.000235469541556093	2.75224139481147e-05	
0.000180549269653969	0.000857911965872553	0.0027882138890858	0.01026949704911	0.0278003464364845	0.0598623826808416	0.104392618321873	0.148768962974676	0.169418225418793	0.16468880394591	0.134520717422823	0.0898050855518779	0.0510081980274084	0.0235435035888711	0.00883600855246138	0.00265007552169954	0.000490148856208259	0.00010420964557209	1.45408807775009e-05	
3.33257996828596e-05	0.000361736407466676	0.00155177041796006	0.0050558267737051	0.0168016563528366	0.04005034013523	0.0787955207701532	0.124910550524033	0.163155238240083	0.17018092273686	0.154929824954722	0.113492525629055	0.0705270869070204	0.0366692862764963	0.0159164019285337	0.00553329459461588	0.00173536527803109	0.000238733910455394	5.63508976455626e-05	4.24146541418213e-06	
9.2362859264357e-05	0.000592208921165583	0.00249077880604403	0.00935762536899868	0.0260523631007359	0.0555795014820315	0.0995635402140645	0.144394540328763	0.170096769714641	0.164851404458772	0.138090926103676	0.0939444977694068	0.0541542157910305	0.0255108632003429	0.0107605749437069	0.00334498433453465	0.000950794139486028	0.000147901310586715	2.41471527488515e-05	
1.19910762410614e-06	0.000154085329697639	0.00120570271603872	0.0044522866083061	0.015273633362052	0.0389386218775987	0.0736557853645317	0.120114610706712	0.160123436138825	0.171278134812073	0.153741185809521	0.119251852771168	0.0745575142978595	0.0403775510265261	0.0175489400787934	0.00658489951777887	0.00212122138704376	0.0005174149398018	8.99330718079605e-05	1.19910762410614e-05	
9.54367513807014e-06	0.000368624452207959	0.00249805696738986	0.00743511941225277	0.0229787838136884	0.0533843363238837	0.0927937498471521	0.13938298947273	0.17082343425571	0.166126753128387	0.138627249697734	0.10049310976479	0.0580368779536929	0.0291630853031578	0.012143133653802	0.00419981354044699	0.00120488898618135	0.000282731375965328	4.53324569058332e-05	2.38591878451753e-06	
4.70216263768706e-05	0.00091543368819781	0.00444860298152824	0.0117357646490222	0.0330020391910376	0.0693938019544331	0.113074512016704	0.156694510612007	0.174656771887972	0.157538519044949	0.121865770517797	0.0816015684986054	0.0435741673898474	0.0203823870082222	0.00768892872830904	0.00257071397875575	0.000674968662169256	0.000115470829330543	1.84515242744682e-05	5.95210460466716e-07	
7.17532120026381e-06	2.51136242009233e-05	0.00017878508657324	0.00192119225137064	0.00746352993514108	0.0182564089072046	0.0481165080821024	0.089564153051993	0.134002711075527	0.16908883585795	0.169755542786141	0.142375115029368	0.10307528287209	0.0637401720522435	0.031977416872409	0.0134220362485268	0.0051052410339877	0.00154388994492343	0.000336044209545689	4.42478140682935e-05	5.97943433355318e-07	
2.67905461520739e-05	6.54880017050694e-05	0.000602489615686639	0.00339346917926269	0.0109960308317512	0.0294803169857421	0.0653546443197791	0.108602920645807	0.153040697220987	0.173709305904577	0.161126679395153	0.123530017616272	0.0850331934866824	0.0486540131940463	0.0234893555206683	0.00885338248505534	0.00310532197176038	0.000745967873967745	0.00016431534973272	2.44091642718895e-05	1.19069094009217e-06	
1.77563964458797e-06	6.68824266128135e-05	8.16794236510466e-05	0.00150041549967683	0.00648996290096903	0.0179014070168544	0.0435866263557009	0.0846713764521773	0.128918540755665	0.165754777062524	0.173066861118937	0.145779422940791	0.104824886418251	0.0670197427453283	0.0359537434034987	0.016470833343198	0.00555005764910046	0.00181884687593961	0.000466993226526636	6.51067869682255e-05	1.00619579859985e-05	
2.25332469163548e-05	0.000130455640042054	0.000288781348638547	0.00301530422551748	0.010605450555237	0.0261302647004234	0.0598981141451272	0.105418237817074	0.146873482341347	0.174179033762513	0.166868774078702	0.127162228111174	0.0861967852172413	0.0515584408653478	0.0252034366759429	0.0112150341823426	0.00385911502451677	0.00104661002124648	0.000303605853188781	2.43121874623828e-05	
3.90465310411048e-05	0.00030231480851522	0.000721177596047071	0.00529967916766995	0.016799474173382	0.0390453478128914	0.0782326830113868	0.125989548545191	0.159844665800149	0.176437666650299	0.152906215556966	0.109123221977754	0.0699471274472857	0.0381342620885989	0.0171834317286195	0.00698459614350428	0.00222151097059619	0.000638943235218078	0.000141987385604017	7.09936928020087e-06	
1.29180000587182e-05	9.04260004110273e-05	0.00055429963888318	0.00182965855377118	0.00981356977187986	0.0249622735680103	0.0552902146149555	0.101327030915123	0.143739761016999	0.169516455770529	0.168975661313526	0.134297877337718	0.090820586594639	0.0534241507882916	0.0276979536713543	0.011418924870086	0.00467103138486832	0.00128886409676756	0.000236047091982032	3.0533454684243e-05	1.76154546255248e-06	
4.25200033317044e-05	0.000285990707340642	0.000994269119003005	0.00412152799418	0.0158751053535014	0.0361612242033178	0.0730476183264709	0.122513526312019	0.159049858489934	0.171218151498189	0.156851632564265	0.116425011314398	0.0718081311060618	0.0407941571690764	0.0195353204348224	0.00738217153734276	0.00300319365997627	0.000757205538783776	0.000112415899219438	2.096876876632e-05	
8.58549353245491e-05	0.000611426363730235	0.00212026884196775	0.00740208766717058	0.0232336217208346	0.0516318818821722	0.0941776431428011	0.140234755238021	0.170985324607069	0.168316860401035	0.140503341961368	0.0962665865353937	0.0548955296263338	0.0295079932104989	0.0129501728120624	0.00467793377335921	0.00193405644845977	0.000392728319018376	5.97503941785713e-05	1.21821192014563e-05	
2.19624742229908e-05	0.000272797048243464	0.00134028888745041	0.00406825936988506	0.0125810299706859	0.0336933252573077	0.0698100361571681	0.114557421466816	0.155370634091308	0.172967777582556	0.158088779256327	0.12503698943027	0.0771720887006538	0.0409420976705906	0.0212579411683112	0.00831568629264188	0.00308746150787412	0.0011576535754908	0.0002132671839022	4.4502908293955e-05	
0.000144992425595687	0.000641446490835319	0.00229841993054283	0.00709476936924815	0.0201255286423837	0.0483659933605068	0.088875717132537	0.135447284233872	0.164494486808009	0.171289991810828	0.14417524828503	0.104764567099015	0.058989878368754	0.0301050673112837	0.0153280192642736	0.00521624750323043	0.00183328422923186	0.000718582461252224	8.46755765478811e-05	5.79969702382748e-06	
4.62054896742282e-06	0.000270302114594235	0.00120365300601364	0.00382408183916331	0.0115496397126943	0.0309443940034516	0.063650949869354	0.109789441583555	0.150080051010861	0.16974972796518	0.161837615427089	0.130757492797719	0.0833818490974913	0.0452288211362392	0.0226978692338437	0.0102553084331949	0.00332795039378629	0.00105637300767704	0.000357514976354341	3.1188705530104e-05	1.1551372418557e-06	
9.9317864241091e-05	0.00045582881044755	0.00245022337908079	0.0070751061208509	0.0182842465792746	0.0443382502373869	0.0849701644543086	0.13117019407744	0.162300890645865	0.168013103068979	0.14857091352916	0.109882299719499	0.0647724702362158	0.0326508913921839	0.0156537584061377	0.00652282990466633	0.00209371243287433	0.000521849356041339	0.000136633824794102	3.73159605530111e-05	
0.000188511674545194	0.00105142529723535	0.0039604641168887	0.0118642028362699	0.0276779830969775	0.0616851453946426	0.106150408250967	0.147617246812778	0.167753616960321	0.162216301389486	0.132224036670964	0.0901251969631858	0.0480206274172755	0.022598481592895	0.0110998424294514	0.00413465119610371	0.00127488898438619	0.000270448359833835	6.87580575848732e-05	1.77624982094256e-05	
6.27649680183958e-06	0.000441066547983818	0.00193772573991338	0.00700970574641812	0.0186109541986911	0.0397855720456244	0.0814158635603713	0.125355905898195	0.158347455451137	0.170264240515357	0.15007617384755	0.113248543567447	0.0710727674215581	0.035162076265142	0.0164489863457665	0.00745933115367717	0.00252714584866796	0.000674438110888581	0.000111835761196414	4.3364886994528e-05	5.70590618349053e-07	
3.77235980539196e-05	0.000830490726853715	0.00350943775834949	0.0113805236492666	0.0274124812525149	0.0558955124922266	0.100548821194718	0.143177630134982	0.167688252185682	0.163901603138603	0.134131968577386	0.0940180661740498	0.0540516287449245	0.0250444681201302	0.0119006520466767	0.00453826315982002	0.00145978893075319	0.000372663423199327	8.80217287924791e-05	1.20029630171562e-05	
0.000183917981776027	0.00133742857372755	0.00640551845904319	0.0185918089827841	0.0389992332919135	0.0738120335236501	0.121460584652274	0.15773725707021	0.168618304667034	0.152746757583456	0.115026329008579	0.0758632937641459	0.0399257201251102	0.0173003599045006	0.00788835718711241	0.00296682694352454	0.000785099884706415	0.000289670821297243	4.82784702162071e-05	1.32191049401519e-05	
0.000485749329058739	0.00265600793853189	0.0111363816416824	0.028044506204002	0.0536764574070123	0.0941330155144866	0.14011959842409	0.164802603616404	0.16555204543838	0.137574618903629	0.0953745676686403	0.0583118938614585	0.0288078265782372	0.0120633532779695	0.00485807156359818	0.00170590538181343	0.00049962788131756	0.000160759896998011	3.70094726901897e-05	
0.00087304910094947	0.00491579625706113	0.0183213615419567	0.0418147903501583	0.0684617922960903	0.114107402316114	0.155878425033243	0.167560927712571	0.155285834317625	0.119705628114485	0.0758107234156261	0.0447149719282464	0.0198434385695355	0.00796858866084288	0.00327335823865223	0.000992258311963019	0.000364538311939983	8.86870458748142e-05	1.84284770648965e-05	
