# <P(U)> as a function of N_tot.
# number_of_species: 1
# species_total_upper_bound: 103
# species_total_lower_bound: 0
# volume: 729
# Bin widths for each
10	10	10	10	10	10	10	10	10	10	10	10	10	10	10	10	10	10	10	10	10	10	10	10	10	10	10	10	10	10	10	10	10	10	10	10	10	10	10	10	10	10	10	10	10	10	10	10	10	10	10	10	10	10	10	10	10	10	10	10	10	10	10	10	10	10	10	10	10	10	10	10	10	10	10	10	10	10	10	10	10	10	10	10	10	10	10	10	10	10	10	10	10	10	10	10	10	10	10	10	10	10	10	10	
# Bin lower bound for each
0	0	0	0	-10	-10	-10	-10	-10	-10	-20	-20	-20	-20	-20	-20	-20	-30	-40	-40	-40	-40	-40	-40	-50	-50	-50	-50	-50	-60	-60	-60	-70	-70	-70	-70	-80	-100	-100	-100	-110	-110	-110	-110	-110	-120	-130	-140	-140	-150	-150	-150	-150	-150	-160	-160	-170	-170	-170	-170	-180	-190	-200	-200	-200	-200	-210	-220	-220	-220	-230	-230	-240	-240	-240	-250	-250	-250	-260	-270	-270	-280	-280	-290	-290	-290	-310	-310	-320	-320	-320	-330	-330	-330	-340	-340	-350	-350	-350	-360	-360	-360	-360	-360	
# Bin upper bound for each
0	0	0	0	0	0	0	0	0	0	0	0	0	0	0	0	0	0	0	0	0	0	0	0	0	0	0	0	0	0	0	0	0	0	-10	-10	-10	-10	-10	-10	-10	-10	-10	-10	-10	-20	-20	-20	-20	-20	-20	-30	-30	-30	-30	-30	-30	-30	-30	-30	-40	-40	-50	-50	-50	-50	-60	-60	-60	-60	-70	-70	-70	-70	-80	-80	-80	-80	-90	-90	-90	-90	-100	-100	-100	-100	-110	-110	-120	-130	-140	-140	-140	-150	-150	-150	-150	-160	-160	-160	-170	-170	-180	-180	
# Normalized histogram for each
1	
1	
1	
1	
2.04458130906677e-05	0.999979554186909	
0.000107581148618611	0.999892418851381	
0.000477712566221119	0.999522287433779	
0.00149752606789948	0.998502473932101	
0.00391906006050813	0.996080939939492	
0.0093852561882643	0.990614743811736	
4.77700160348021e-06	0.0197608632997298	0.980234359698667	
1.43751138029843e-05	0.0399276772052223	0.960057947680975	
4.61918778750462e-05	0.0728796335231979	0.927074174598927	
0.00019848831300813	0.123407329776423	0.876394181910569	
0.000498782337721562	0.193967742241955	0.805533475420323	
0.00104263738210999	0.281119719769449	0.717837642848441	
0.00259568830848173	0.380113228988774	0.617291082702745	
2.21524595559381e-05	0.00550330388111091	0.485520203043115	0.508954340616218	
1.58206570318865e-06	7.27750223466781e-05	0.0101536976830648	0.590607275920169	0.399164669308716	
4.77279127151932e-06	0.000252957937390524	0.0187157055060511	0.684026899451606	0.296999664313681	
2.38627794729189e-05	0.000660203565417424	0.0324708794547832	0.757356894911501	0.209488159288826	
3.34216620115066e-05	0.00140370980448328	0.0556820804188848	0.800946947090326	0.141933841024294	
4.62116781691252e-05	0.00268665135838431	0.0892873362473249	0.818622350198471	0.0893574505176505	
8.1367094827765e-05	0.0052394027336153	0.134364195925583	0.807380155044201	0.0529348792017728	
1.11272190854062e-05	0.000211417162622717	0.00972995828882446	0.192483404547535	0.76736005137596	0.0302040414059718	
3.32615833464004e-05	0.000451407202558291	0.0171138765741836	0.26161660798373	0.704314027360028	0.0164708192961532	
0.000126083927766518	0.00104492055136502	0.0287959930527756	0.339411629351078	0.621973591721329	0.00864778139568604	
0.000236455438396265	0.00258524612646583	0.0465517703418673	0.418986425881466	0.527353953298475	0.00428614891332962	
0.000419223534734647	0.00507814168489894	0.0713470996850287	0.494783435449858	0.426418359776056	0.00195373986942373	
1.5891606530179e-06	0.000963031355728845	0.00955880132790264	0.105642632730671	0.554715595863733	0.328347606644598	0.000770742916713679	
6.53612484317286e-05	0.0020724298283231	0.0163945141188267	0.149925950488057	0.588735865630027	0.242424870433281	0.000381008253053247	
0.000266377456856365	0.00353584362374818	0.0280330561739318	0.20543410011987	0.59371571183033	0.168853181625029	0.000161729170234222	
3.65063719491387e-05	0.000446012631204694	0.00562198128016736	0.0440171611692832	0.265214030509804	0.573761124523235	0.110838106938274	6.50765760832472e-05	
0.00012207960224246	0.000895778899571294	0.00969660840668679	0.0644929098703737	0.329475406509221	0.525433778950306	0.0698723396159407	1.10981456584054e-05	
0.000201267509877163	0.00196513159250144	0.0162915748152539	0.0941345576314459	0.386180053597379	0.460759967099894	0.0404674477536486	
0.000361394220862591	0.0038279256288735	0.0268319358366752	0.134812724880724	0.429944998335685	0.382156952876096	0.0220640682210845	
4.43174713717049e-05	0.000715410609286093	0.00688187019729189	0.0408401326358607	0.180443332990401	0.457696599425456	0.301631041223162	0.0117472954471712	
7.87972389447474e-06	7.87972389447474e-06	0.0001560185331106	0.00168941280297538	0.011296372175119	0.0598937813219025	0.229623034008888	0.46701389983295	0.224844769439279	0.00546695243798657	
6.3410937752653e-06	4.12171095392244e-05	0.000558016252223346	0.00313567087186869	0.0180784583532814	0.083658050177075	0.275713927895423	0.456668135686725	0.159648132706411	0.00249204985367926	
1.58610571394583e-06	9.67524485506959e-05	0.00116578769975019	0.005709980570205	0.0284230143939094	0.116661247472144	0.318848487251675	0.419160157024466	0.108827471350966	0.00110551568262025	
2.06825561730271e-05	1.90915903135635e-05	0.000240235844779007	0.00205075499284861	0.0102855942814323	0.0425217445258842	0.152731131542648	0.354834706602031	0.36696900321216	0.0699102217965505	0.000416833055179469	
3.49995784141691e-05	9.22716158191731e-05	0.000749309156048802	0.00368927374283901	0.0171132029546008	0.0623326582657073	0.192295638257085	0.377526134344291	0.303906112040014	0.0420917657128221	0.000168634332359178	
6.57187142854853e-05	0.000237228529615898	0.00162213021602222	0.00657507721948929	0.0259973616340558	0.0868977721355857	0.231062190741355	0.381101221246059	0.242266430079295	0.024139605783888	3.52637003483092e-05	
7.89292681001725e-05	0.000439748779415247	0.00294615574194317	0.0117443529330277	0.0394501368375781	0.117733473580441	0.267724855793006	0.365601980641389	0.181100789453761	0.013163468957441	1.61080138979944e-05	
0.000200678131542107	0.0011237975366358	0.00552266218003879	0.0192089107512105	0.055456197582872	0.152966504411708	0.295923183622096	0.334487098804279	0.128244564030773	0.00686319209874006	3.21085010467371e-06	
6.45489240501222e-06	0.000411499390819529	0.00239476508225954	0.00891259268822063	0.0300023398984968	0.0779057101591938	0.185639478121949	0.312534594188983	0.291969306986614	0.0867779597698831	0.00344529882117527	
1.47009339993401e-05	2.94018679986802e-05	0.00084938729773965	0.00416036432181325	0.0149704511226613	0.0434673949618266	0.103274061345364	0.218207596789316	0.316498041508904	0.241056115098513	0.0557296073543872	0.00174287739747732	
6.57773568026942e-06	6.57773568026942e-05	0.000295998105612124	0.00182038834951456	0.00782914989344068	0.022826387244455	0.0611022311679427	0.132118754439972	0.243422264319731	0.304795827084484	0.191237798300313	0.0337684505485832	0.000710395453469098	
1.81102751115428e-05	0.000111954427962265	0.000750753222805776	0.00374718055944286	0.0128747592156604	0.035081249279705	0.0817152076919278	0.161015163239434	0.262332274156637	0.279690149656728	0.142983914782924	0.0193747015920578	0.00030458189960322	
4.14835169393793e-05	2.82087915187779e-05	0.000217373628762348	0.00180370331652421	0.00672198908485702	0.0199850991207154	0.0494549895544504	0.106269155013947	0.185316826212273	0.27361532168808	0.244336255432267	0.101392352762553	0.0107160220957805	0.000101219781332086	
4.49356671032638e-05	3.82785312361136e-05	0.000492628054169115	0.00312552528962702	0.0116533163354464	0.0295144118670104	0.0678212359305594	0.13102574813725	0.20802717442861	0.269971823672442	0.204836742064278	0.0679610357837696	0.0054671728308971	1.99714076014506e-05	
6.35560974549128e-05	0.000132129781551003	0.000913200768694273	0.00509452296967538	0.0187574113936012	0.0434790607746819	0.0909370677558175	0.155220715273701	0.22123041259615	0.253677472875763	0.163862671998689	0.0440627733539389	0.00256900436028279	
0.000109204420594946	0.00026209060942787	0.00217568807185315	0.00967383159670303	0.0278958492239766	0.0598389822820028	0.115032576518697	0.178749155765825	0.230453248747509	0.225901944510714	0.122950737045836	0.025857926728874	0.00109876447798607	
0.000163652314752328	0.000398164394655149	0.00423471453637468	0.0154271831556215	0.0402567822918073	0.0807750708597652	0.137607976784991	0.198093534889999	0.226455999460116	0.193131664192199	0.0877007693345931	0.0153107706843029	0.000443717100823323	
2.53568983441945e-05	0.000204545646643169	0.000960181217300167	0.00750057053021274	0.023441607289263	0.055531607373786	0.104632705327484	0.162003533061169	0.205877729036184	0.213381680486176	0.158047856919475	0.06031898978117	0.00793163780206405	0.000141998630727489	
0.00012787462149112	0.000523433450636986	0.00248247265188095	0.0121787789508143	0.0353939902337889	0.0751016176992116	0.128837943639687	0.179484818724937	0.207872984695965	0.192360940611616	0.123699088850697	0.0378883978503424	0.00400162315519546	4.60348637368033e-05	
3.43210355342841e-06	0.000180185436554992	0.000895779027444816	0.00455611746717622	0.0204759297997539	0.0522983939471422	0.094055081829929	0.150435962953874	0.189719820226416	0.201443885964927	0.169245606478439	0.0910005096673777	0.0234755883054504	0.00219483022241747	1.88765695438563e-05	
5.13750533016178e-05	0.00043155044773359	0.00182038938865399	0.00811040841454873	0.0312719949446948	0.0696183347290223	0.115910682757333	0.165961972185546	0.195389602716713	0.189993509618266	0.142082847410954	0.0648010672311072	0.0135133515201022	0.00100866354648843	3.42500355344119e-05	
8.69815854866961e-05	0.000876637940003172	0.00334111619545956	0.0140466732954594	0.046910362917874	0.0904915482892769	0.137204070738201	0.17763174725539	0.194030334401558	0.172452079115721	0.111327901816551	0.0435402528605856	0.0076492629589771	0.000402503023036476	8.52760642026432e-06	
0.000250406697953309	0.00167448832712995	0.00641518111899428	0.0221482169169314	0.0645691556865317	0.113837951094039	0.156584248226286	0.182766227461268	0.187501809912358	0.147458883049851	0.0840582919537684	0.0282107845224812	0.00435230689299798	0.000168641245560391	3.40689384970488e-06	
7.30031102720469e-05	0.000791149985738927	0.00346170562429544	0.0117535007537996	0.0355423282219838	0.0833440857294199	0.135699200021731	0.169553967973705	0.184573933475491	0.17440273269317	0.121139323889334	0.0602903826042077	0.0171625219009331	0.00212897442514295	8.31895907751233e-05	
2.88978528895303e-05	0.000151288759245188	0.00171007294158044	0.0058934621157648	0.019953117483371	0.0513803824375849	0.104015271665315	0.156662060008941	0.177152337581318	0.178211358896034	0.154311134682693	0.0968061073062271	0.0420684743123586	0.0105732144101693	0.00105902131471632	2.37982317913779e-05	
3.39656030338077e-06	0.000161336614410586	0.000540053088237542	0.00298387822652	0.0110490106668976	0.030935871243192	0.0716878017631545	0.12678000988399	0.166985094195109	0.181602191460708	0.168095769414314	0.130694545633637	0.0745358175775392	0.0277312165969523	0.0057215058310449	0.000492501243990211	
2.54171375897437e-05	0.000220281859111112	0.00105057502037607	0.00579510737046156	0.0174819072342257	0.0462879965026019	0.0947601723620824	0.150276284285601	0.176011983333136	0.176920222383009	0.149183347369242	0.107407740026739	0.0536047431767694	0.0176801609074257	0.00309919631010941	0.000194864721521368	
7.08578523997193e-05	0.000352602170274793	0.00232312530367651	0.0101546050855693	0.0275164660152243	0.0645380068023538	0.118464206661988	0.167123306159909	0.177991551044647	0.166888800410301	0.129737353560438	0.0842854154294661	0.0381788857096583	0.0106742293365006	0.00164322733898397	5.73611186092966e-05	
0.000183635236400884	0.000948501266914658	0.00440556094668176	0.0156763841716535	0.0396365707046202	0.0863456251010836	0.141260984419645	0.179472276133484	0.176033748450051	0.152993422826028	0.107921923014718	0.062360167664025	0.0252557415494097	0.00668162704188905	0.000813723111758046	1.01083616367459e-05	
1.51348260756237e-05	0.000311104758221153	0.0020667445829935	0.00774398600869412	0.0230217521083654	0.0553430140165306	0.108624328392093	0.159763224054284	0.186255896275992	0.168112603106003	0.134296356711034	0.0876810923981132	0.0458181634729381	0.0164801439490125	0.00409985621915228	0.00036659912049844	
6.69731805898328e-06	4.35325673833913e-05	0.000683126442016295	0.00362659772893945	0.013503467536425	0.0356766133002039	0.074197912445961	0.13134780177278	0.176037330850861	0.182737997568874	0.1547633000365	0.114395215435979	0.0681184219779189	0.0315125557970311	0.0111460115796629	0.0020610996326521	0.000142318008753395	
8.21286402681751e-05	0.00019610307982401	0.00134255185417976	0.00655688246385921	0.0192817934213283	0.0481642572805364	0.0966620574062435	0.150980934422795	0.185622459668971	0.17718835114184	0.138138696836371	0.0942987638801592	0.0513672742509952	0.0216702283679028	0.00718877016551435	0.00120175989943432	5.69872197779175e-05	
9.10313855988348e-05	0.000241064595196914	0.00263148135036632	0.0106776443774633	0.0305292295036092	0.0647469158903712	0.121415639192046	0.16952404071463	0.186027693770419	0.164399310858696	0.118173910404887	0.0752526120950368	0.036640132703531	0.0148768884798096	0.00404246782714826	0.000716450719990829	1.34861311998274e-05	
1.51353605747401e-05	0.000304388918225329	0.000874487499873872	0.0048164080762284	0.0178294547570438	0.0415953342728468	0.085011956934854	0.139532889138529	0.184484910045507	0.180623711392218	0.147065253584558	0.100959581860439	0.0575732299195808	0.0263927054288857	0.00984807461396422	0.0027613624515248	0.000311115745147435	
0.000181194085960506	0.000819606893503599	0.00245374047249321	0.00788448284329082	0.024921807131596	0.0596484157371297	0.107754598858308	0.158775127978907	0.19027241768793	0.169074403033223	0.127406536872996	0.0841333249792135	0.0410971894595844	0.0179145068726747	0.00621309440550559	0.00129037283646641	0.000159179851217641	
1.0187881514938e-05	0.000290354623175732	0.00141102158981891	0.00417363546061959	0.0147282807100953	0.0372587806803807	0.0773413025206517	0.131731005968401	0.171361865061509	0.186983283384414	0.154195284708839	0.108635078574036	0.0667357178636012	0.0289250936011614	0.0119894385628295	0.00360311409578307	0.000589199147613913	3.73555655547726e-05	
9.50151006142048e-05	0.000417387763412399	0.0023651973260036	0.00756557738640605	0.0232820930469307	0.0531830058705759	0.0973718144490821	0.149916861786963	0.179727849604669	0.178621602361804	0.140841222980081	0.0877328718314161	0.0495486782720825	0.0195595371407241	0.00724829481828362	0.00222776476975805	0.000281651905392107	1.35735858020293e-05	
0.000180506633197026	0.000894098276583397	0.00405380784647152	0.0133608648123406	0.0357808008421394	0.0739841019204556	0.118839156780976	0.166040797873058	0.182412918201817	0.163478278472813	0.117966989216837	0.0686853043982887	0.0349828603047357	0.0135312495782555	0.00459701472394294	0.00105604815309662	0.000155201964991835	
2.37328763059439e-05	0.000257671228464534	0.00166638695776735	0.00720801357520525	0.0220698797590774	0.050281488865043	0.0936346730542008	0.138689843515585	0.177048952447792	0.177193044911078	0.146330134480648	0.0968521729991066	0.0523242114328046	0.0245075851967879	0.00898458888725019	0.00241397256140458	0.000474657526118878	3.8989725359765e-05	
2.58903698180425e-05	0.000552327889451573	0.00382141858514307	0.012696637358768	0.0319124698377192	0.0682815353334507	0.111394179154455	0.15554588981749	0.178905907491983	0.164415930517152	0.12947773946003	0.0782890262804514	0.0400109775168028	0.0167717815681279	0.00595651108280431	0.00154824411511894	0.000379725423997956	1.38081972362893e-05	
0.000102204853171469	0.00179464793026511	0.00745402513892931	0.0204097894926482	0.0460389556396292	0.0863319197882454	0.130446306074086	0.165197688438033	0.177046522263335	0.150254992447235	0.110632422843997	0.0597482642497817	0.0284666500367245	0.0115855264069624	0.00347496500782993	0.000777796255491346	0.000209606563283859	2.77165703515847e-05	
2.26882822003445e-05	0.00049565170345368	0.00344861889445237	0.0122324746109396	0.0296082082714496	0.0618081164711693	0.106704736440697	0.149617004343933	0.168193471708585	0.170134192462953	0.134494391631165	0.0890846674334143	0.0449681753210828	0.0190162709888426	0.00768958241343984	0.00177841227401162	0.000530556752992672	0.000172779995218008	
5.73316794012488e-05	0.000145935183930451	0.00125955962320925	0.00658619383667073	0.0205664369924843	0.0444789592736597	0.0817462882080897	0.12719119941348	0.161270539508476	0.166602385692793	0.156350439021678	0.113127564723991	0.068730259660388	0.0333114430557438	0.0126946236783311	0.00450140549480714	0.00100243572771274	0.000298819662333782	7.81795628198847e-05	
0.000173873430574947	0.000806772717867755	0.00274720020308417	0.0118686003710459	0.0307408225256507	0.0613512399783701	0.103181709906091	0.142256285959199	0.169750891536015	0.161613614985108	0.135085745682288	0.0929075288934173	0.0536190885207022	0.0228678335892171	0.00768694436571842	0.00246552524555275	0.00065898030187905	0.000175612164880697	4.17296233379873e-05	
6.46828268842807e-05	0.000424808836023789	0.00174119177234442	0.00553475215988196	0.0188069689627322	0.0421032757481356	0.0820492918104548	0.122624654296513	0.155952043802511	0.172453157396044	0.150546657296398	0.115303257567017	0.0716773131103349	0.0393306551146634	0.0146305561674201	0.00486170112338337	0.00146148225068267	0.000302435920296772	0.000118876546706246	1.22372915727017e-05	
0.000213672968267813	0.000740849717846597	0.00287232514720666	0.01102867771461	0.028637432001205	0.0575148082372681	0.104501844242915	0.14244105603486	0.159604950207193	0.1624580097589	0.136938101393078	0.0956922128462991	0.0563115842274321	0.0276794064795452	0.00897776750279351	0.00313328639533703	0.000982545370477401	0.000203164461631691	6.83052931347926e-05	
3.47234881827289e-06	0.000243064417279102	0.00153825052649489	0.00505226753058705	0.0186065811427153	0.0419876419105558	0.077072254370385	0.122553079192123	0.153292047105884	0.162221192092073	0.152923978131147	0.120318622727565	0.0743030561878124	0.0425362730238429	0.0195180727075119	0.00523282966913724	0.00180735755991104	0.000637176008153075	0.000118059859821278	3.47234881827289e-05	
1.89551572674935e-05	0.000527298011259363	0.00297079010265079	0.00807834338818266	0.0267060933937831	0.0574875456000772	0.0969280582853854	0.141005691716769	0.165347560040461	0.15903376947427	0.134297289240191	0.101466956852892	0.0577305162523242	0.0308055769519073	0.0125276357576979	0.00339469634699656	0.00122863883015662	0.000384272733695549	5.3419079572027e-05	6.89278446090671e-06	
6.33875325289398e-05	0.00123177394292724	0.00457246822485785	0.0123931191976852	0.0383443176503441	0.0753009622912709	0.116549114202062	0.158218707545344	0.165753258033513	0.150523118461019	0.11777746179188	0.083824015651581	0.043177188711537	0.0216082958861491	0.00748144201496974	0.00229223023037085	0.000707541917147355	0.000152472713380423	2.74108248773794e-05	1.71317655483621e-06	
2.06421781626397e-05	7.2247623569239e-05	0.000268348316114316	0.00271960697292778	0.00866799464679513	0.0185968823430248	0.0543336532870949	0.0951742027818775	0.138574382368828	0.169725149397764	0.161958529864071	0.133599617431631	0.100594494731084	0.0639185046806139	0.0318130369116549	0.0134621405250682	0.00492143931027602	0.00112499870986386	0.000404242655685028	4.81650823794927e-05	1.72018151355331e-06	
7.64804057200545e-05	0.000108772132579633	0.000883773577209519	0.00434748617404221	0.0122487618672096	0.0305003858011577	0.0714700893631052	0.112849387986798	0.159716580612047	0.171688313454093	0.152260590836628	0.115961290717318	0.0839720863514768	0.0490800256974163	0.0230766877525978	0.00846553113092426	0.002649621167057	0.00049967198403769	0.000118969520008974	2.2094339430238e-05	3.39912914311353e-06	
5.02988590542138e-06	0.000189459035770872	0.000114010747189551	0.00154920485886978	0.00776111395206519	0.0187966836285597	0.045968127289646	0.0899444197607451	0.132703479842732	0.170236488468987	0.172169641285304	0.138315155884547	0.0984147476254747	0.0657959375288171	0.0351555492216252	0.0150544485149262	0.00567035804404503	0.00158944394611316	0.000514724990988121	3.52092013379497e-05	1.67662863514046e-05	
6.38239265823295e-05	0.000295605554697105	0.000314080901865674	0.00288887246635807	0.0117570391072712	0.0267657393162106	0.0612474554408218	0.110798336546924	0.149735970493191	0.176402614765497	0.165510557821118	0.122431086955061	0.0816727915241826	0.0499220676264889	0.0241304829791665	0.010668673201341	0.00415191438188207	0.000854904700800151	0.000384623136509301	3.35915403064892e-06	
9.91350050743681e-05	0.00060321130206268	0.00104343793476581	0.00558012460766062	0.0182290791534207	0.0388457997002426	0.0787820844563033	0.13068682075719	0.162087413550915	0.177455019591765	0.151925235403631	0.103668331238616	0.0666069616297123	0.0374192637797657	0.0168512706083193	0.00697137518734836	0.00241116495392743	0.000572966724243381	0.00016130441503626	
1.0025782971876e-05	0.000198844695608874	0.000807075529236019	0.00221736900061324	0.0102613888717151	0.0272049620941855	0.0552604447771519	0.10320708087632	0.147607931731102	0.169151668373835	0.168957836569712	0.134181737367931	0.0845858599698892	0.052045510370837	0.0267955759561673	0.0116015018622892	0.00442972510974055	0.00119975202896783	0.000247302646639608	2.8406385086982e-05	
3.82687866465229e-05	0.000444250697157461	0.00126952540049117	0.00521287428537201	0.0162575788836163	0.0372322016864888	0.0734760703613239	0.124732950423619	0.165976719266837	0.169520741682362	0.154807225146919	0.1153754001584	0.0669171331021677	0.0396597738481095	0.0185387313398069	0.00692665038302064	0.00274204175623781	0.000707140622816183	0.000153075146586091	1.16470220228548e-05	
0.000207915077502424	0.000783424012029135	0.00254654386924969	0.00866590043030104	0.0236258060867555	0.0529451586558373	0.0911882263513233	0.143670981874795	0.175518581786307	0.168007025866299	0.138022345049209	0.0958239009193173	0.0513916171967392	0.0285326019158127	0.0123451656417839	0.00424812086352953	0.00193444188108256	0.000449096567405236	9.31459547210861e-05	
5.09383333963216e-05	0.000451872312386724	0.00192908398088005	0.00507411527509165	0.0145749360395281	0.0356683355817404	0.0697345784195643	0.112866201429888	0.158221036217155	0.174570598065329	0.156548287075302	0.122465612517027	0.0762185353093025	0.0380903711761333	0.019925104218187	0.00868416425805031	0.00316474935875211	0.0013720486576106	0.000307273172422972	8.21586022521316e-05	
0.000246911125251882	0.00101250132569732	0.00315681673560293	0.00840492098843992	0.0230505620956623	0.0505736955138403	0.0881671571746739	0.132940926927564	0.163783275002651	0.171949570474069	0.144509293138191	0.102239434192385	0.0572634955986849	0.0290410568459009	0.0144003871036165	0.00588775320818751	0.00217414359953335	0.00105392936684696	0.000132569731678863	1.15998515219005e-05	
6.59770960511059e-06	0.000402460285911746	0.00184570926202969	0.00492848907501761	0.0142197136264146	0.035710103237661	0.0640736568300315	0.108758294558044	0.14841217871216	0.167891916321249	0.165526637427817	0.12840132547986	0.0816103689604154	0.0407754947869847	0.0220528443550821	0.00997903577772976	0.00354297005794438	0.0012766568085889	0.000526167341007569	5.608053164344e-05	3.29885480255529e-06	
0.000200915317487373	0.000764136945197877	0.00369881805800524	0.00860312802093472	0.0210022380648891	0.0479347716893849	0.0823901017916047	0.127834841021638	0.160775072008379	0.170125868505865	0.150923634064039	0.108548617389715	0.0623562096831302	0.0295131426614033	0.0156516326016393	0.00631236403220574	0.00226606128575922	0.000798720729355539	0.000214090092404578	8.5636036961831e-05	
0.0003705716685607	0.00135876278472257	0.00559151473228256	0.0140948992868554	0.0310044962695785	0.0634303407612366	0.100727967455573	0.144046972017722	0.165592832320437	0.163927730289705	0.135606172900506	0.0899879770080867	0.0465767412750959	0.0202447419997694	0.0115799528962235	0.0037600671969959	0.00144769998517713	0.000459508869015268	0.000144934697037074	4.61155854208871e-05	
1.81311408937993e-05	0.000843922194329568	0.00225979946958171	0.00942324840816824	0.0219996670463218	0.0442910806324801	0.0813676154747639	0.118065044643814	0.155723424280235	0.170602497811901	0.147041904363177	0.116931024195183	0.0698592858638088	0.0353870421680889	0.0155120151774132	0.00702334466804353	0.0025251734408455	0.000835680766650568	0.000182959694473793	0.000105490274291196	1.64828553579994e-06	
9.73163771916803e-05	0.00148778596994738	0.00413677074570736	0.0141257195638907	0.0318241047718013	0.0622890791231629	0.0979893446814126	0.133953519059165	0.16883071898659	0.16405561878371	0.13033301994161	0.095165520312732	0.0534910188529863	0.0246441354512016	0.0111897339469213	0.00425882857472743	0.00149933198080063	0.000415656390717007	0.000178138453164432	3.46380325597506e-05	
0.000211256125595925	0.00203770672326778	0.00764181607076914	0.0223715246703905	0.046586134279051	0.0802174441002984	0.111050857832945	0.149328138983243	0.172220318514354	0.150371112138744	0.111939131620883	0.0762800956807271	0.040611079136212	0.0170668334536551	0.0077000362628625	0.00281453042919926	0.00103132911708247	0.00038425326781621	9.81426095288157e-05	3.825898337564e-05	
0.000620090946672179	0.00368554054594674	0.0132236061288989	0.0329631679312966	0.0643427702729734	0.0993662403819227	0.126908613263279	0.154284295029938	0.167627918761418	0.135981610636227	0.0938637666857806	0.0585152489031725	0.0291726119830909	0.0118800757444425	0.00484737761538359	0.00161857072370614	0.000710104148608463	0.000303377828748216	8.50124684953793e-05	
0.00114977846940697	0.00620153502033588	0.0211222234336746	0.0483881625681029	0.0821794249125276	0.11679172159502	0.138839054142011	0.160798831719348	0.154266900587114	0.118708019044032	0.0751849392236352	0.0434933441703258	0.0205721139073635	0.00739426498428966	0.00328578933283113	0.000892069502126099	0.000518721895680732	0.000191629744901162	2.14757472734061e-05	
