# <P(U)> as a function of N_tot.
# number_of_species: 1
# species_total_upper_bound: 103
# species_total_lower_bound: 0
# volume: 729
# Bin widths for each
10	10	10	10	10	10	10	10	10	10	10	10	10	10	10	10	10	10	10	10	10	10	10	10	10	10	10	10	10	10	10	10	10	10	10	10	10	10	10	10	10	10	10	10	10	10	10	10	10	10	10	10	10	10	10	10	10	10	10	10	10	10	10	10	10	10	10	10	10	10	10	10	10	10	10	10	10	10	10	10	10	10	10	10	10	10	10	10	10	10	10	10	10	10	10	10	10	10	10	10	10	10	10	10	
# Bin lower bound for each
0	0	0	0	-10	-10	-10	-10	-10	-20	-20	-20	-20	-20	-20	-20	-20	-30	-40	-40	-40	-40	-40	-50	-50	-60	-60	-60	-60	-60	-60	-70	-70	-70	-70	-80	-80	-100	-100	-100	-110	-110	-110	-110	-120	-120	-130	-140	-140	-150	-150	-150	-160	-160	-160	-160	-170	-170	-170	-170	-180	-200	-200	-200	-200	-210	-210	-220	-220	-220	-230	-230	-250	-250	-250	-260	-260	-270	-270	-270	-270	-280	-280	-290	-290	-290	-310	-310	-320	-320	-320	-330	-330	-330	-340	-340	-350	-350	-350	-360	-360	-360	-360	-360	
# Bin upper bound for each
0	0	0	0	0	0	0	0	0	0	0	0	0	0	0	0	0	0	0	0	0	0	0	0	0	0	0	0	0	0	0	0	0	0	-10	-10	-10	-10	-10	-10	-10	-10	-10	-10	-10	-20	-20	-20	-20	-20	-20	-20	-20	-30	-30	-30	-30	-30	-30	-30	-40	-40	-40	-50	-50	-50	-50	-50	-60	-60	-60	-70	-70	-70	-70	-80	-80	-80	-90	-90	-90	-90	-100	-100	-100	-100	-110	-110	-120	-130	-130	-140	-140	-150	-150	-150	-150	-160	-160	-160	-170	-170	-180	-180	
# Normalized histogram for each
1	
1	
1	
1	
1.97366655140454e-05	0.999980263334486	
0.000109378579077146	0.999890621420923	
0.000464576074332172	0.999535423925668	
0.00147143420858709	0.998528565791413	
0.00380697513129477	0.996193024868705	
5.52651939808309e-06	0.00923007689756991	0.990764396583032	
7.10562591879691e-06	0.0200307594650885	0.979962134908993	
1.82035040953927e-05	0.0403999072412748	0.95958188925463	
5.69134417692492e-05	0.0740040740538733	0.925939012504357	
0.000170465172623609	0.124865738946794	0.874963795880583	
0.000476003147128245	0.193442171518489	0.806081825334382	
0.000991621312679421	0.279921206732927	0.719087171954393	
0.00239238039875113	0.379662634082693	0.617944985518556	
1.10838764432791e-05	0.00512154262225516	0.486316162825312	0.50855121067599	
7.92448912799714e-07	5.30940771575808e-05	0.00993334712194442	0.590578891855289	0.399433874496696	
2.3850599842586e-06	0.000249636278352401	0.0183546266188595	0.683318890470095	0.298074461572709	
1.19129307715767e-05	0.000592469757039748	0.0325596281894887	0.755857190962692	0.210978798160008	
1.74563412936895e-05	0.00135365992031974	0.055452448529581	0.800473225543071	0.142703209665735	
5.62805530079578e-05	0.00267689334518131	0.0887393711004909	0.818071130692164	0.0904563243091562	
7.94765989102169e-07	0.00012080443034353	0.00525499271994354	0.134758931580186	0.805675741834574	0.0541887346689641	
2.2271785783601e-05	0.000278397322295012	0.00959198088444443	0.193406596902949	0.765832853429378	0.0308678996751501	
4.75673652991313e-06	4.51889970341748e-05	0.000629474800791838	0.0170021619367528	0.263724572270287	0.7019413034568	0.0166525418018042	
7.89127091285433e-06	0.000122314699149242	0.00134940732609809	0.028500903155956	0.34292464704318	0.618479936049141	0.00861490045556307	
4.72957474028723e-06	0.00025539703597551	0.00300327996008239	0.0464389061124236	0.422421967928754	0.523599395560348	0.00427632382767637	
1.73587960570284e-05	0.00047657785538387	0.00585543752450944	0.0716208144589303	0.496030753474324	0.424097480686367	0.00190157720442902	
1.18862250537852e-05	0.000912862084130701	0.0104265966171804	0.105975205334538	0.554447231103874	0.327443312611681	0.00078290602354265	
6.67683559325671e-05	0.00187746257991338	0.0178963039740684	0.149892574484473	0.589229946243525	0.240699128275524	0.000337816086563584	
3.17114763039957e-06	0.000263998040230764	0.00332970501191955	0.0291959634461813	0.204181475265445	0.59560098400711	0.167296271602452	0.000128431479031183	
4.03917844694381e-05	0.000521133219233142	0.00576018526365143	0.04476676912452	0.262248808640357	0.576260085076186	0.110355899140922	4.67277506607225e-05	
8.70479737210081e-05	0.00103428819684871	0.00999864679968125	0.0659712852475051	0.325212812512117	0.528913775816648	0.0687766040369685	5.5394165095187e-06	
0.000227123826162918	0.00222914888125633	0.0167888979332526	0.0950147908435744	0.382354225813496	0.46301336139292	0.0403724513093371	
2.94238570223216e-05	0.000383305380669162	0.00424578304438311	0.0266508573078125	0.134405793159828	0.427131818084221	0.384782140195931	0.0223708789701332	
8.61423997677346e-05	0.000796817197851545	0.00755979319443137	0.0402627981284766	0.178990347265537	0.45635930313989	0.304101813935607	0.0118429847384382	
3.97723747448602e-06	8.74992244386925e-06	0.000222725298571217	0.00180884760339624	0.0124320488977484	0.0596784483046628	0.226558560049127	0.466303253221165	0.227262531082111	0.00572085838330069	
3.18810708532889e-06	5.738592753592e-05	0.000583423596615187	0.00354597210565706	0.0197495263668411	0.0848642225043697	0.274427475744483	0.452256900857043	0.1618976569804	0.00261424780996969	
1.1167667369432e-05	0.000188254964227568	0.00110799214115293	0.00634084199425822	0.030978311592278	0.117509386823269	0.31583439625596	0.416878652924054	0.109893037677317	0.00125795796011388	
1.03930075844971e-05	3.51763333629134e-05	0.000339771401800868	0.00233362993378055	0.0113419691231739	0.046175333235799	0.153243297909167	0.350907909158718	0.364161392215318	0.0709682525596779	0.000482875121618175	
1.75881244983387e-05	0.000109526048012382	0.000742698529952576	0.00417797902855992	0.0187329515111397	0.0656804525584326	0.193110411849919	0.372329403186968	0.302235930299862	0.042687977077877	0.000175081784778917	
3.28821000273483e-05	0.000289522880728603	0.00143879237680641	0.00764949926977678	0.0290148442631562	0.0909222145853768	0.232527775349493	0.373309679608045	0.240276722921791	0.0244915505032966	4.65161415021024e-05	
4.975715299201e-05	0.00052405517586746	0.00273182820620648	0.0128317277288588	0.0427470121632163	0.122085595143702	0.26746957590855	0.357965799180131	0.18068266813905	0.0128983381110901	1.36430903365189e-05	
1.59958410813189e-06	0.000187151340651431	0.00113250554855738	0.00536100613840401	0.0205026693059804	0.0595157259112631	0.155873872793074	0.292883050406894	0.329393557675005	0.128534581008938	0.00661268070301722	1.59958410813189e-06	
1.60762658049788e-05	0.000363323607192521	0.00229810219682172	0.00904289951530059	0.0313736365317064	0.0823780012378725	0.19005441815975	0.308187642174476	0.286380991423312	0.0865602417870377	0.00334466710072584	
1.2940628396915e-05	4.77185672136239e-05	0.000810406853356799	0.00422511517159273	0.0156492636782442	0.0447308996324862	0.109735720016564	0.22065793389927	0.310409279724623	0.236588656245147	0.0555152958227652	0.00161676976033956	
3.24304427809429e-06	4.29703366847493e-05	0.000192150373477087	0.00179016044150805	0.00760412807106159	0.0240382549503044	0.0632199051571701	0.139736291854527	0.245569798825856	0.298181706149379	0.185454297803891	0.0334803783659759	0.000686714625886466	
8.93152927268121e-06	7.71359346277014e-05	0.000541575456807124	0.0034426985560153	0.0124887137948282	0.0364138448447213	0.0854154622634769	0.168309797400438	0.261804233869658	0.272863091023651	0.139160533683233	0.0192174031659835	0.000256578477287933	
2.03317490834448e-05	1.38255893767424e-05	0.000139069163730762	0.0013191238805339	0.00596045556130266	0.0195632089680905	0.0522037989466527	0.110416036382445	0.193387464582093	0.269090699119391	0.238889105760879	0.098418677883286	0.0104903692570942	8.78331560404813e-05	
2.19215452253657e-05	1.86739088956819e-05	0.000343437541864062	0.00246414406514758	0.0101886470753005	0.029508023691507	0.0709705967125801	0.136687329752814	0.213909626400036	0.264125391238689	0.199861975455988	0.0666098330308972	0.00526847803582955	2.19215452253657e-05	
3.08502657993953e-05	6.90071734986475e-05	0.000750960417485281	0.00436856000701438	0.0166055614910745	0.043622275840345	0.0941606941634544	0.161461360853935	0.226652031733558	0.247480020393649	0.159873384014366	0.0425546942738659	0.00236654012645362	4.05924549992044e-06	
4.88333310273149e-06	6.10416637841437e-05	0.000180683324801065	0.00170021380860101	0.0086443134806852	0.0256969126754236	0.0603433471504531	0.11892299716197	0.182513760825739	0.233586100080656	0.222428497829765	0.119628638795314	0.0252655515846823	0.00102143050732134	1.6277777009105e-06	
2.8609870895914e-05	0.000144684204245051	0.000402173042308277	0.00341438373520665	0.0139697912460334	0.0381018086342956	0.0815683767740163	0.141422678962917	0.200522497985048	0.229589309390414	0.190397055962542	0.085149515185302	0.0148673237672824	0.000421791239494047	
3.85090918327132e-05	0.000205654937234277	0.00096354663819725	0.00667845973464778	0.0215560786601458	0.0534473420942883	0.105015112770188	0.164033163702149	0.208359586428741	0.218031923217787	0.15581925634847	0.0577021870706134	0.00799432359599538	0.000154855709710272	
0.000108305648385713	0.000461940000311789	0.00238436525915819	0.0110914829915005	0.0332367060970337	0.0727075509549358	0.130085750176612	0.180996789393923	0.210265570372826	0.196934950150684	0.120901923491905	0.0367385887281717	0.00404669286241162	3.93838721402591e-05	
3.2844120163498e-06	0.000208560163038212	0.000816997489067014	0.0041547812006825	0.0185257259782211	0.0490510512581761	0.0934275631140824	0.151222540262786	0.192176694797656	0.205338975953177	0.171122792669849	0.0895076173725689	0.0223766990673912	0.00205604192223498	1.06743390531369e-05	
3.36011316205498e-05	0.000426980233519669	0.00170136461571369	0.00737339954122162	0.0292526534649733	0.0664745119025862	0.116316463653	0.16935544014614	0.196616611907749	0.192055053405311	0.143461260763631	0.0633209227690283	0.0126520553648304	0.000941651225171018	1.80298755037096e-05	
7.85488107219127e-05	0.000849309015930681	0.00338905389593919	0.0132952044314621	0.0435921353003265	0.0868545292389766	0.138733564070465	0.181352839621329	0.19521506828019	0.172916206419729	0.113568488835432	0.0425112709361218	0.00726903785889033	0.000370652200594025	4.09108389176628e-06	
0.000227917985598535	0.00173234066032268	0.00618330017044658	0.0216448299920393	0.0601728077446204	0.109044818678125	0.158778490773011	0.187749490258966	0.188062672526946	0.14974867532919	0.0853290504428414	0.0270910860292014	0.00407710842583278	0.000155771285121301	1.63969773811896e-06	
7.29925810012614e-05	0.000650372098134835	0.003255961197472	0.0113236917515103	0.0346706558342396	0.0793421154070116	0.131140603394401	0.173610803558101	0.188942526133804	0.173392645956457	0.123731446352093	0.061047222099201	0.0168785091798422	0.00185680003805456	8.36544186756029e-05	
8.20710127645046e-06	2.62627240846415e-05	0.000163321315401364	0.00147809893988873	0.00563253360602795	0.019031447149961	0.0508175503936536	0.10141104692246	0.15198238427782	0.183611731887133	0.182232118162561	0.152497790237981	0.098352260276727	0.0415968721095615	0.0101603913802457	0.000968437950621154	2.95455645952217e-05	
2.77396810426204e-05	0.000112590470114165	0.000421806326442198	0.00272664747189522	0.0100646089806401	0.0301505856744128	0.0709483136313609	0.123895206012005	0.165473724403005	0.187406837505028	0.172380089109646	0.128685196229688	0.0742330182159958	0.0274353604241234	0.00559933620575011	0.00043649203993535	2.44761891552533e-06	
0.000100305156011215	0.000185116019630453	0.000895407002441574	0.00535776321133073	0.0165821548157076	0.045048431896061	0.0932055081393964	0.145847774285672	0.175938505599963	0.183854458034117	0.154050778873614	0.104983616824518	0.0535825250477469	0.0172606417246615	0.00291129599154501	0.000195717377582858	
0.000190786480576469	0.000302486257666111	0.00212148043786313	0.00936484408504837	0.0260284940424068	0.0625657357264807	0.117258675485242	0.16265362795984	0.18153170561483	0.173484429703335	0.132719718353496	0.0826219606653719	0.0371267229894448	0.0104475981286618	0.00149775540520929	8.3978664527249e-05	
2.85532710219379e-05	0.000170503818388143	0.000819886782201359	0.00392811428487517	0.0151267071796792	0.0387998162800962	0.0854762563235298	0.139067482800733	0.175345637345721	0.18086702415362	0.157716847816776	0.109685351111416	0.0611064474101775	0.0248845835994906	0.00617648042591691	0.000775017356309743	2.52900400480021e-05	
6.12463384897306e-05	0.000306231692448653	0.00185127265808292	0.00696330037735911	0.023639453421343	0.0550196274099413	0.107567352598437	0.157838347230808	0.183295591978526	0.172967009455618	0.136601383513956	0.0890570758711475	0.0446199991343851	0.0163209242807434	0.0035694366071815	0.000312764635220891	8.98279631182716e-06	
3.26377680988663e-06	0.00011341624414356	0.000629092980105648	0.00334210745332391	0.012133906234956	0.0353752608981587	0.0742394992060863	0.131123049281398	0.173318787768017	0.183053002103504	0.158196077919408	0.116941939042441	0.0678579995985555	0.0313551038125809	0.0104432698474348	0.00175428003531407	0.000116680020953447	3.26377680988663e-06	
7.4108881420089e-05	0.000204410211389476	0.00118899963597066	0.00591079408073633	0.0187226723499763	0.049025875400982	0.0954392091360778	0.150566444312876	0.183474859579957	0.178000574954618	0.141869644920732	0.095880604891349	0.0509535207012166	0.0212423743182594	0.00639046585168614	0.00099843394089043	5.7006831861607e-05	
9.34646867457236e-05	0.000378777941022143	0.00261209203484101	0.0101868309896107	0.0293569301605625	0.0664099393955294	0.118597668957918	0.16790111108196	0.184676382621471	0.166209728198132	0.12216572436772	0.0766213663553363	0.0365455123832511	0.0140721744149439	0.00359511097701753	0.000566527180186798	1.06582537517053e-05	
7.38878038328067e-06	0.00020360194833929	0.000944121937863641	0.00465985749505567	0.0172019017078755	0.041649734044955	0.0871079738896921	0.139177530226269	0.182279570104338	0.180200859889841	0.149109693012595	0.102055476605069	0.0578640021082653	0.0258229664639678	0.0093517330384389	0.00210169753124428	0.000260249264611108	1.64195119628459e-06	
0.000108994525502242	0.000561486949557003	0.00228062787452418	0.00796733467099342	0.0256508707176299	0.0576721411644248	0.109695558473086	0.159580371076816	0.186396327214777	0.169858885118119	0.129221267143931	0.0845913118151717	0.0421965699753111	0.0171872806691603	0.00587249291948442	0.00103627370837359	0.000122205983138877	
5.80086300267586e-06	4.97216828800788e-06	0.000169882416506936	0.00112702481194845	0.00411695534247052	0.0141913969886891	0.0378340571981666	0.0768258009127244	0.131990350678742	0.171472681664384	0.184737597962074	0.155366999884811	0.109651227255438	0.0672270300327251	0.0300691877217276	0.0113672054011007	0.00335952837326399	0.000434236030486021	4.80642934507428e-05	
1.65632018656791e-05	5.79712065298767e-05	0.000243479067425482	0.00214741912188529	0.00752714708785785	0.0228240921709057	0.054180717782916	0.0980574676851932	0.151136732544042	0.180104116286928	0.174535567819686	0.139510192994428	0.0894404619145736	0.0501757355717949	0.0206104202415577	0.00718428880923829	0.00200663190602702	0.000210352663694124	3.06419234515063e-05	
1.89764749465152e-05	9.57074388606854e-05	0.000671602200281017	0.00445122097114998	0.0129130786690396	0.0348498837072111	0.073530540161234	0.119758883259201	0.166999580042359	0.183034701372164	0.160698565295988	0.117482531329748	0.07051245558061	0.0359620701519026	0.0137579443362235	0.0043027094280903	0.000874567975795919	8.25064128109357e-05	2.47519238432807e-06	
1.07864392885265e-05	4.31457571541059e-05	0.000172583028616423	0.00144704231686078	0.00757954791543764	0.0200362258414875	0.0499271085621925	0.0927061267804885	0.141457513460232	0.178533824199294	0.177031190233792	0.143594887891558	0.0962606733891075	0.0545204722469066	0.025297519035991	0.00864408650060529	0.00231327636433937	0.000403246884171066	2.07431524779355e-05	
5.18649203246075e-05	8.3653097297754e-05	0.000543745132435401	0.00349251681218123	0.0122384481346614	0.0305350535756262	0.0671801293778803	0.11294339278559	0.157898567273403	0.183225379011271	0.163318451447324	0.125409377344901	0.0772937888411787	0.0411230261006029	0.0175203046980416	0.00550939298803008	0.00136438201692637	0.00026183419454197	6.69224778382032e-06	
7.51687538523986e-06	2.00450010273063e-05	0.000209637302410578	0.00162280987483567	0.00641356512036188	0.0189249865949056	0.0447538056269659	0.0862386056697285	0.132485763873229	0.170669820413495	0.17932090877353	0.147343285676343	0.105904422094268	0.0607530572802609	0.0296448861026337	0.0115150178818113	0.00332496454540443	0.000714938369973925	0.000118599589411562	1.33633340182042e-05	
7.53739174421107e-06	0.000103011020504218	0.000566979356758989	0.00296889485924758	0.0107876825619092	0.0290960071085979	0.0614975792410182	0.10798737403134	0.149538502253261	0.175055085771331	0.170181743264712	0.130501563171299	0.0855770333998578	0.0454529846815075	0.0206641782107404	0.00777858828002583	0.00171768782970855	0.000434656257249505	8.29113091863218e-05	
4.1622234930878e-05	0.000337972547638729	0.0013086030662268	0.00590869247078743	0.0183279349294628	0.042893377985667	0.0804549476766885	0.128481179674031	0.162157729956605	0.172490866000544	0.155809506684947	0.111195465507238	0.0669277213241531	0.033603295149095	0.0140957860816911	0.00485232014824175	0.000854920705480233	0.000220597845133653	3.74600114377902e-05	
0.00014613702864616	0.000821504765553273	0.00270642474520968	0.0103839853631794	0.0282729740619159	0.0599714991512494	0.101797237762469	0.145501291289903	0.169646100700797	0.166149545241382	0.136247597408173	0.0908741140958659	0.051749846432275	0.0236444758551906	0.00896141982443741	0.00255038012140107	0.000456575010402975	9.90759516245153e-05	1.98151903249031e-05	
3.04988876148963e-05	0.000276138577053791	0.00152082290944551	0.00479656829813734	0.0172071426746206	0.0403005706589161	0.0785601887304137	0.121592470566513	0.160073823793913	0.172308823493046	0.15644610475626	0.115049222731728	0.07111269009256	0.0372984909644985	0.0158800289162426	0.00564146991449596	0.00165023710824385	0.000188763385508412	6.01734809699306e-05	5.77005981903444e-06	
0.000123197821205466	0.000624202294107695	0.00249845181404685	0.0092431218656421	0.0264021144031394	0.0560221558961656	0.100417722745767	0.140221296139637	0.166669404396027	0.166202895313062	0.140011859843588	0.0953288314111736	0.055039858601754	0.0260563391849561	0.0105137020616745	0.00350374603508345	0.000975726743947291	0.000113341995509029	3.20314335134212e-05	
1.62991081942951e-06	0.000179290190137247	0.00128844450275903	0.00440157416786941	0.0156055811406279	0.0390795567620518	0.074123454335196	0.119440679803205	0.15462393475141	0.169433304456747	0.155491047307347	0.121288998672438	0.0762627122856973	0.0413198691833576	0.0181327578661534	0.00647156090854489	0.00226720594982646	0.000510162086481438	6.19366111383216e-05	1.62991081942951e-05	
1.29389121609601e-05	0.000488443934076243	0.00269452845751993	0.00727328599847968	0.023638583836064	0.0544089343188471	0.0925415258212166	0.137974089828398	0.16698151352925	0.165707030681395	0.139411926442284	0.101824386614695	0.0595828818192111	0.0296179786184477	0.0122458716783386	0.00398437626356564	0.00130763881026703	0.000263630335279561	3.71993724627602e-05	3.23472804024002e-06	
6.37211369464025e-05	0.00106309441133365	0.00460163400353451	0.0114520595236079	0.033654439467743	0.0713676733799708	0.112478292467113	0.154397121417803	0.171342104265525	0.158082461603982	0.122238918773296	0.0828552231570678	0.0444257314016956	0.0210239422089618	0.00771187076385511	0.00240607786722935	0.000716257843144372	9.84047937653304e-05	2.01649167551906e-05	8.06596670207626e-07	
9.71782670523564e-06	3.40123934683247e-05	0.000230798384249346	0.00216950481194386	0.00777669082086482	0.0175163826361872	0.0499585372727243	0.0913670066826255	0.134552218741801	0.165875203669451	0.167017858126209	0.142156418138647	0.104048770532958	0.064434859787957	0.0326024987771735	0.0134826747346223	0.00499577274538322	0.00138479030549608	0.000353081036956895	3.23927556841188e-05	8.0981889210297e-07	
3.62976992098394e-05	7.82417071856539e-05	0.000713854751126842	0.00342892265202283	0.010631999406331	0.0280436024095219	0.0670160387433575	0.109747303484256	0.154704827110026	0.169628021178498	0.159256558590939	0.12391711864024	0.0864586996712235	0.0496431532859904	0.0240694076538135	0.00880824167492103	0.00297641133520683	0.000678363667454999	0.000142770950225368	1.85521573739179e-05	1.61323107599286e-06	
2.40615783914193e-06	9.06319452743461e-05	7.13826825612107e-05	0.00156079438499007	0.00648299127126141	0.0172938584425261	0.043009269322049	0.0863313391631864	0.130389693303101	0.165964736954815	0.170096912017235	0.144213872141585	0.10510899493985	0.0682602917386175	0.0364196050532523	0.0168447089792196	0.00558228618680928	0.00173965211769962	0.000482835673054481	4.57169989436967e-05	8.02052613047311e-06	
3.04963440501231e-05	0.000148469043401915	0.000256811318316827	0.00286585380534184	0.0105485248998636	0.0250527466371762	0.0587439839942346	0.107174585951939	0.148785242337593	0.173437523825269	0.164794217893168	0.125992435301605	0.086991623938346	0.0523678404816496	0.0260502981017631	0.0114874912824595	0.00393483091783563	0.0010152072427212	0.000317804006417073	4.01267684870041e-06	
5.27007539401799e-05	0.000368106781309438	0.000791309805374519	0.00526049343875613	0.016621498394224	0.0372945668716673	0.077761559431279	0.128677674203939	0.161455147665916	0.174888250446759	0.151167321699775	0.107989434297331	0.071185144136562	0.0386695774517429	0.0177162367828905	0.00715612358805897	0.00217190985935287	0.000617237618117561	0.000154908276733256	7.98496271820907e-07	
4.75167357903182e-06	0.000121167676265311	0.0006272209124322	0.00182622654554123	0.00987318575163161	0.024874219240635	0.0534903814247576	0.101226486145308	0.146985894656981	0.170454410463819	0.167427594393976	0.132635048502708	0.0900695565817411	0.0548343131020271	0.027784619307792	0.0114800433669409	0.00472078770076811	0.00128611964872461	0.000253422590881697	2.45503134916644e-05	
1.806331427261e-05	0.000340846886709249	0.00106023801165319	0.00432184428009446	0.0157771269748896	0.0357598647293369	0.0718260204398181	0.123267198042251	0.162968792090467	0.170703817406595	0.15530209322398	0.114629792373983	0.0712880478190904	0.042051395626636	0.019571993695118	0.00734627137852146	0.0029427495034552	0.000695044918750427	0.000123301753947816	5.49753043079434e-06	
9.76244457860213e-05	0.0004951511890267	0.00210165906888147	0.00751552033439106	0.0230721710192851	0.0500805596926626	0.0930103239803908	0.142497327042674	0.173301354168212	0.16804369201596	0.138878974584061	0.0956211921584921	0.0548953973588292	0.0304806949610947	0.0131652422609197	0.00448838151945811	0.00179628980246279	0.00039674574767439	6.16986497367654e-05	
2.40597862404411e-05	0.00025068745018266	0.00119522809065417	0.00401643205788008	0.0128812991042774	0.0335672824160993	0.0680752248619861	0.113999923940031	0.15714921025692	0.174094284869421	0.157992855019609	0.123755779199461	0.0770060622900105	0.041066174501749	0.0216592404713545	0.00863591101604477	0.00309983181433296	0.00121152665552673	0.000263881526508064	5.5104671711978e-05	
0.000128949365623497	0.000531333530641399	0.002077949114716	0.00680945866900951	0.0207554102415315	0.0483195023486651	0.0876063346764264	0.134944734321583	0.166245250818168	0.171205917377636	0.143781649883829	0.103849293924543	0.059231259811998	0.0307451020603157	0.0156603566925886	0.00544073106522274	0.00179752308465526	0.000751168894927241	0.000110306083846606	7.76803407370466e-06	
3.09504097060485e-06	0.000238318154736573	0.0010229110407849	0.00362816177779153	0.0114292125442011	0.0323965675995636	0.0634135206864801	0.108000680909014	0.150094011869482	0.168993879556481	0.162409179891519	0.130785598774364	0.0836891340849125	0.0448912479978954	0.0235656419501853	0.0105022477735049	0.00343007915567282	0.00106856289510132	0.000394617723752118	4.17830531031655e-05	1.54752048530242e-06	
9.39343799060502e-05	0.000413465262373352	0.00226751433461736	0.00668320014413538	0.018348002239026	0.0454665497363293	0.0836108375635886	0.129015021031292	0.163145539002401	0.167849187583107	0.148303906977246	0.1105099481898	0.0654037368944216	0.0325490325913801	0.0165409203567351	0.00676096549143465	0.0022474955323423	0.000567456049104582	0.000173239635072634	5.00470056876497e-05	
0.000172934717528432	0.000843152822794179	0.00395367194207225	0.0112822609715549	0.0280108126471386	0.0630673699857579	0.103665524272733	0.146509524091343	0.169054062467094	0.162646254733608	0.131534146152126	0.0903726089853805	0.0485900440330221	0.0225491499682184	0.011760329390678	0.00425035105747658	0.00131584105070523	0.000305902300339183	9.22318493484973e-05	2.38265610816951e-05	
8.41511293081553e-06	0.000400865379613394	0.00160040147738783	0.00668465970813328	0.0181950041769561	0.0408347180019156	0.0828506118552111	0.122930264724153	0.157920304290484	0.171388310031121	0.149316233823858	0.112997371424725	0.0707588595838956	0.035991438005098	0.0167766751429804	0.00782758504619132	0.00263928541921033	0.000686979219261122	0.000133111786360173	5.81407802492709e-05	7.65010266437776e-07	
4.49724258050255e-05	0.000836944466676576	0.00295903316906964	0.0107811862811234	0.0274164103619518	0.0582217597938891	0.101274091690392	0.141068590571798	0.168090920524577	0.164243110262479	0.13282567849289	0.093668416017806	0.0543213546609346	0.0255161348105632	0.0118742449015371	0.00493553317097525	0.00146427169443142	0.000339961049305786	0.0001013785191876	1.60071346085684e-05	
0.000100716613968479	0.00116205608389389	0.00555696287524569	0.0180786322073419	0.0399822067315322	0.0768910307277233	0.120587544101669	0.156750149548912	0.169729621671774	0.151396908915557	0.113866999133227	0.0751887673507258	0.0407322403037369	0.017604043314248	0.00801612686630938	0.00321148657722217	0.000775212725696776	0.000289941767485015	6.18033767533847e-05	1.75491069793561e-05	
0.000294133417079653	0.00228106592724794	0.00996683339333451	0.0280966350830697	0.0551729948756444	0.0965125274792613	0.139622988364879	0.162976722097539	0.167299104578217	0.13662650417838	0.0949438159215031	0.0571645232204545	0.0293421062710164	0.0122325798717762	0.00490988334239734	0.00177782203396322	0.000557627936546843	0.000173109771510421	4.90222361799422e-05	
0.000612874159294054	0.00429772301281637	0.0161955418347445	0.0432494496678998	0.0711025271554199	0.116423278572596	0.155348391585527	0.166005254293351	0.155247259745345	0.118801777791296	0.0752040696060801	0.0443390882166198	0.0203092505218175	0.00786471145108983	0.00340730658535565	0.00103032814620775	0.00043570334153287	0.000101131840181277	2.43324728255704e-05	
