# <P(U)> as a function of N_tot.
# number_of_species: 1
# species_total_upper_bound: 103
# species_total_lower_bound: 0
# volume: 729
# Bin widths for each
10	10	10	10	10	10	10	10	10	10	10	10	10	10	10	10	10	10	10	10	10	10	10	10	10	10	10	10	10	10	10	10	10	10	10	10	10	10	10	10	10	10	10	10	10	10	10	10	10	10	10	10	10	10	10	10	10	10	10	10	10	10	10	10	10	10	10	10	10	10	10	10	10	10	10	10	10	10	10	10	10	10	10	10	10	10	10	10	10	10	10	10	10	10	10	10	10	10	10	10	10	10	10	10	
# Bin lower bound for each
0	0	0	0	-10	-10	-10	-10	-10	-20	-20	-20	-20	-20	-20	-20	-30	-30	-40	-40	-40	-40	-40	-50	-50	-60	-60	-60	-60	-60	-60	-70	-70	-80	-80	-80	-80	-100	-100	-100	-110	-110	-110	-110	-120	-120	-130	-140	-140	-150	-150	-150	-160	-160	-160	-160	-170	-170	-180	-180	-180	-200	-200	-200	-200	-210	-210	-220	-220	-230	-230	-230	-250	-250	-250	-260	-260	-270	-270	-270	-270	-280	-280	-290	-290	-290	-310	-310	-320	-320	-320	-330	-330	-330	-340	-340	-350	-350	-350	-360	-360	-360	-360	-360	
# Bin upper bound for each
0	0	0	0	0	0	0	0	0	0	0	0	0	0	0	0	0	0	0	0	0	0	0	0	0	0	0	0	0	0	0	0	0	0	-10	-10	-10	-10	-10	-10	-10	-10	-10	-10	-10	-10	-20	-20	-20	-20	-20	-20	-20	-30	-30	-30	-30	-30	-30	-30	-40	-40	-40	-40	-50	-50	-50	-50	-60	-60	-60	-70	-70	-70	-70	-80	-80	-80	-90	-90	-90	-90	-100	-100	-100	-100	-110	-110	-120	-130	-130	-130	-140	-140	-140	-140	-150	-150	-160	-160	-170	-170	-180	-180	
# Normalized histogram for each
1	
1	
1	
1	
1.90370568514856e-05	0.999980962943149	
0.000116474597771126	0.999883525402229	
0.000483023226223218	0.999516976773777	
0.00150261380478147	0.998497386195219	
0.00393277343730938	0.996067226562691	
3.40986864698848e-06	0.0094891773204765	0.990507412810877	
4.37698696970979e-06	0.0205314732111376	0.979464149801893	
1.3134397478974e-05	0.0407117675931606	0.95927509800936	
4.80943231695616e-05	0.0740030751218754	0.925948830554955	
0.000210210909994776	0.124494862697807	0.875294926392198	
0.000510389624853941	0.193278836892744	0.806210773482402	
0.00108699076082084	0.279478748434089	0.71943426080509	
1.70005328452723e-05	0.0025646518120868	0.379902650091633	0.617515697563435	
4.18000663940589e-05	0.00534068755276651	0.48690467106021	0.507712841320629	
4.85987994152592e-07	9.67116108363659e-05	0.0102198415290349	0.592011620944916	0.397671339927218	
1.45840129078237e-06	0.000256678627177697	0.0190938758326864	0.684634332613693	0.296013654525152	
9.72180094418131e-06	0.000584280236745297	0.0334196629257177	0.757502313788625	0.208484021247968	
2.23648385842085e-05	0.00128306106573318	0.0560929599377674	0.80222092570984	0.140380688448075	
6.85081595161478e-05	0.00256298256345872	0.0889877263502302	0.819309972212896	0.0890708107138987	
5.34454067316919e-06	0.000132641782161381	0.0051302731789085	0.135332029589321	0.806065567796713	0.0533341431122232	
1.79843001919946e-05	0.000309621600602717	0.00949230806620167	0.194272243419933	0.765405497363113	0.0305023452499575	
2.91158675655058e-06	3.0086396484356e-05	0.000718191399949144	0.0166426299004431	0.264362857470064	0.701805960212196	0.0164373630341063	
4.83530936309305e-06	0.000111695646287449	0.00145446105641839	0.0282396572732723	0.343231533953542	0.618466046457652	0.00849177030346402	
2.90119684040323e-06	0.000221941558290847	0.00309557702871024	0.0461246779671507	0.42322852920925	0.523207157059192	0.00411921598056585	
1.1615795933697e-05	0.000426396509066129	0.0056704443816331	0.0712977554410324	0.496835663591062	0.424000267163306	0.00175785711796615	
1.16338930205367e-05	0.000906958910059343	0.0103265342923539	0.106375470324363	0.553700111200627	0.327954112047963	0.000725179331613456	
6.76171990913027e-05	0.00180328746065798	0.01787526329359	0.150528046543983	0.588431621499351	0.240982346560036	0.000311817443291547	
1.94099567255015e-06	0.000243594956905044	0.00332201409356958	0.0288242709862878	0.205466037913468	0.594181477272396	0.167850027028365	0.000110636753335358	
2.71475137725155e-05	0.000445994869119897	0.00574121438585537	0.0443992739979174	0.263597026183777	0.574420061237035	0.111333408312181	3.58735003422526e-05	
4.3638606396256e-06	7.22461372560238e-05	0.000996899719452248	0.010031060990286	0.0657178017391439	0.325721467382081	0.52806156340641	0.0693887782838779	5.81848085283413e-06	
8.25223489938099e-06	0.000202907893408309	0.00213781426452199	0.0169195086716426	0.0952705956366065	0.382997386468665	0.462013991906985	0.0404495429232717	
3.93953159455703e-05	0.000401248588334512	0.00407911746710491	0.0268267510731576	0.134169259786331	0.428559755885222	0.383497837148518	0.0224266347353851	
0.000133229092548834	0.000926747423993535	0.00767116522261947	0.040805191737649	0.177683199762628	0.456893800308623	0.303973155069879	0.0119135113820591	
2.43894110932797e-06	5.85345866238714e-06	0.000263893428029287	0.00188871599506358	0.0128302935997307	0.0604101323369446	0.224598184452238	0.466146521826084	0.228015140946407	0.00583882501573117	
2.93361235246375e-06	6.01390532255068e-05	0.000593078630589754	0.00372813236458934	0.0202976638666967	0.085855588042596	0.273109042371141	0.451076635733354	0.162605732278537	0.00267105404691824	
2.30340104515597e-05	0.000182311742297451	0.00120904050604251	0.00660046920769375	0.0313909454775171	0.117173521081756	0.315154271510213	0.41618683228937	0.110797020869304	0.001282553305356	
6.38018960941952e-06	5.59493550364481e-05	0.000334223778770361	0.00241858264578611	0.0112919540410403	0.046582255122188	0.152975352345971	0.350177688280622	0.3638288401257	0.0717712437001762	0.000557530415100044	
1.17719421644481e-05	0.000105947479480033	0.000731822404556526	0.00431147381772913	0.0188836667245454	0.0661215276449347	0.192223553105684	0.371916364274902	0.302272573434847	0.0432339290917064	0.0001873700794508	
2.50701349313988e-05	0.000275279912972222	0.00151748052025937	0.00779632039239185	0.0291295305051927	0.0911441960425563	0.232298887131795	0.373204351585539	0.239717680786396	0.0248366385766455	5.45644113212797e-05	
4.43246911677143e-05	0.000531896294012571	0.00291016222344471	0.0129354223724446	0.0427447621758695	0.121450146296106	0.267531030977542	0.358095732467984	0.180587656755502	0.0131535983523035	1.52673936244349e-05	
9.82076610814333e-07	0.000136017610597785	0.00107340973562007	0.0056665820443987	0.0207434221736203	0.0601399164547427	0.155656687622545	0.292734449921704	0.328491368283148	0.128627975139713	0.006728206860689	9.82076610814333e-07	
1.43142157932198e-05	0.000321823058523424	0.0022201842288932	0.00949427382008906	0.0316896993915965	0.083470141039449	0.189220605757869	0.308105103857039	0.28529762216196	0.0868423728428724	0.0033233660322672	4.93593648042062e-07	
1.23862079079497e-05	4.60766934175728e-05	0.00074564971605857	0.00398340446319661	0.0156754892799848	0.0453721659117686	0.110284317970802	0.220413560618597	0.310848237244435	0.235494016470684	0.0555471879839911	0.00157750743915647	
1.98739988473081e-06	3.47794979827891e-05	0.000161476240634378	0.00169773635153129	0.00708706798895006	0.0239630741101417	0.0636241230598009	0.13923723592424	0.245006657789614	0.299871812707435	0.18512033706302	0.0335676809030745	0.000626030963690204	
5.46436686368193e-06	6.80562054840386e-05	0.000465961465284877	0.00315641700471227	0.011819922286768	0.036473158533205	0.0856196741051602	0.16860602014265	0.26138103427549	0.274813441547668	0.138318524899133	0.0190433185199315	0.00022900664765067	
1.24409056979348e-05	1.29385419258522e-05	0.000152774321970639	0.00116397113709878	0.00560487683503359	0.018940034834536	0.0520512565314755	0.110550883304305	0.193863150037323	0.269546155760139	0.24059019656631	0.0972610102015427	0.0101577506842498	9.2560338392635e-05	
1.34278120822458e-05	2.58609714176587e-05	0.00034365252403081	0.00240258370997517	0.00988684830352028	0.0290244644789611	0.0713504201413203	0.136823934527978	0.214770394359921	0.264301117193965	0.2005339295945	0.0654173165064613	0.00508466484181043	2.13850340569101e-05	
2.33030080216887e-05	0.00010610305780088	0.000679257893398159	0.00427982053708971	0.0162089774094691	0.0428086173532047	0.0945700520648696	0.161320774829975	0.228163222201123	0.248762585483614	0.159161528022859	0.0415889279971759	0.00232335948063049	3.47066076918767e-06	
2.98613685962917e-06	5.47458424265348e-05	0.00025183087516206	0.00160554625152728	0.00833331259627181	0.0248989068250646	0.059272328216256	0.118314723894321	0.183001415926561	0.235026389984497	0.224318103205867	0.119053295077602	0.0247779682822497	0.00108745150638162	9.95378953209724e-07	
1.74625428455962e-05	0.000128723887261823	0.000468495078057567	0.00336927290960889	0.0134955520408723	0.0363605067131004	0.079710022002804	0.140895279625204	0.201065215113581	0.231363724810282	0.192907214025914	0.0852366673485374	0.014539812103039	0.000442051798891378	
2.34819541182601e-05	0.000224327604236145	0.00112263725327086	0.00644354813325959	0.0214395237260166	0.0511152179550016	0.103466486005505	0.163099657912894	0.209573942425246	0.219268492163772	0.158192429118223	0.058083362935584	0.00778651606240604	0.000160376750467266	
6.95030233815171e-05	0.000466020271881827	0.00243560594885878	0.0107524677323464	0.0325909177049202	0.0701705524190302	0.12720303333195	0.181657902118742	0.212306735342987	0.198357128535091	0.123141856670765	0.0368431026749664	0.00393117100593876	7.40032191400326e-05	
2.00332953368498e-06	0.000172286339896909	0.000978125644821694	0.0044599123743662	0.0182353070803676	0.0472004471431519	0.090991227419972	0.148898970088287	0.194146170936096	0.206841270191058	0.172586839326961	0.091099407214791	0.0224478082573237	0.00191868886088679	2.15357924871136e-05	
2.40922008526631e-05	0.000466284470669251	0.00177077676267074	0.0080809257026641	0.0287455090631848	0.0642057152723473	0.113245390107943	0.167719361998368	0.199417671428557	0.194795984231655	0.143641716850386	0.064059656304678	0.0128782851974506	0.0009330708621896	1.55595463840116e-05	
5.01078069466457e-07	7.11530858642369e-05	0.000906951305734287	0.0034985270810148	0.0141133649045922	0.0422453909586475	0.083617402842215	0.135489505671452	0.181005934267577	0.19783213584026	0.176537821122144	0.114158612254265	0.0428647234525081	0.00731624089227974	0.000339229853028791	2.50539034733229e-06	
1.15340716476472e-05	0.000236197728088774	0.0017291077843951	0.0064199645753556	0.0227632426186956	0.0589486342656206	0.105543274833859	0.15662868112404	0.187295270228254	0.190238965905284	0.152384644239082	0.0863510810935503	0.027426517933977	0.00388848658938504	0.000133394046011919	1.00296275196932e-06	
7.33178696237538e-05	0.000678441382614324	0.00324808205977013	0.0118820144737509	0.0350519678064248	0.0773383002005193	0.127197464607807	0.171687852685317	0.189380559415345	0.176704602805463	0.125936999862906	0.0618556752801772	0.017076535318875	0.0018274227915126	6.0763439893659e-05	
5.02864820884579e-06	1.60916742683065e-05	0.000165945390891911	0.00151513170532524	0.00588552986363312	0.0196861520079895	0.0508064443132526	0.0992464067794224	0.148238514818923	0.181664945192763	0.183930351210848	0.15525146761098	0.100036407413032	0.0427364696676969	0.00989135102679968	0.000894093651532782	2.96690244321902e-05	
1.70273800270836e-05	8.06296524811898e-05	0.000541871329097188	0.00300833740654973	0.0105975408456799	0.0303913693218696	0.0703987011113871	0.120686563994904	0.163137825623603	0.186338632521094	0.173896625774245	0.130575966153575	0.0760297558474026	0.028427210955216	0.00543974711335828	0.00042468289008726	7.51207942371333e-06	
6.41490503184148e-05	0.000149848172228172	0.00110506762462582	0.00545868325053261	0.0175041709411818	0.0452025280739799	0.0921110199548651	0.141737326678538	0.173811851837745	0.182359712792674	0.15680383370762	0.107610533073596	0.0550223444172535	0.0179381793597424	0.00293331555870064	0.000184428519665443	3.0069867336757e-06	
0.000128170915916374	0.000311415272265566	0.00250534087205288	0.009609314020246	0.0271016400369893	0.0624587887948579	0.115754859104616	0.15835366461176	0.179138381031105	0.172841984786713	0.135511704858429	0.0853002478805487	0.0383841853111124	0.0110131860836425	0.00151852495302486	6.85914667208723e-05	
1.90384863000556e-05	0.000145794724034636	0.000717951338631043	0.00447254124212095	0.0155023379762189	0.0401687010291304	0.0848991235783136	0.136294018358111	0.171132444236023	0.178704751655472	0.158421248553952	0.112653729514213	0.0643535907837694	0.025482512899827	0.00631576732364475	0.000690395634775699	2.60526654632339e-05	
5.1668853814265e-05	0.000319042631319151	0.00167346889635328	0.00751004281993555	0.0246580826139825	0.0561635424567487	0.106474458530478	0.154740692583362	0.17981965061822	0.17155815204087	0.138796587247124	0.0913931728890013	0.0464728733501082	0.0165265086302035	0.00355913124089525	0.000265868859432626	1.70557381522817e-05	
8.01957980409169e-06	0.000103753313715436	0.000671138584854923	0.00345393277687474	0.0131871965403533	0.0366770470102756	0.0752737809361556	0.128732299910231	0.171008016071238	0.180109236701406	0.157783728974291	0.118539915202968	0.0699151979558091	0.0322226716528404	0.0103688154629528	0.00183447888018597	0.000106259432404215	4.51101363980158e-06	
5.8417456134482e-05	0.000217193106141023	0.0011713448896709	0.00635002741126788	0.0207651588305724	0.0508416607333837	0.0970159165099714	0.148523636102188	0.180378625002871	0.174504924541623	0.141426664123593	0.0969485117528932	0.0527869120932123	0.021635928433124	0.00629061136613964	0.00103803325900503	4.643438820946e-05	
7.99790055110533e-06	9.39753314754877e-05	0.000469876657377438	0.00256182752027593	0.0110426013171542	0.0315157271216306	0.0685665012934105	0.119582109696205	0.165617525399583	0.182624561052724	0.16221691805901	0.12222141687807	0.0770502743029955	0.0382224666025168	0.0141487859436898	0.00352257532397746	0.000524362354881844	1.04972444733258e-05	
2.49746756788616e-05	0.000202294872998779	0.00116881482177072	0.00474418939195656	0.0178943551239044	0.0447481254008435	0.0894657816973589	0.139813229385403	0.178932062888231	0.178145360604347	0.145514947842887	0.102202866293578	0.0589402346021135	0.026813810795853	0.00915321863630279	0.00201595582079771	0.000217779171919673	1.99797405430893e-06	
8.81133578348545e-05	0.000530682723323556	0.00263088463308046	0.00851795835342168	0.027051301499379	0.0610535453861393	0.111532486543939	0.157933181037405	0.183103062089378	0.168055703662762	0.127401401903549	0.0844291180603847	0.0431570215081703	0.0178244311306496	0.00561722656197198	0.000961737275004293	0.000112144273607997	
3.50180868418538e-06	3.50180868418538e-06	0.000172589142291994	0.00127315758589311	0.00469042260327459	0.0150802889692526	0.0399966582739985	0.0798847604787873	0.133078735166714	0.170856747510089	0.181058516723888	0.153123588333374	0.108027296098435	0.0669355722230532	0.0306453283120732	0.0114774280916093	0.00318764641937561	0.000471743655598116	3.25167949245785e-05	
1.00140747821063e-05	5.00703739105313e-05	0.000333969393983243	0.00236882938970723	0.00826962295506334	0.0246050824433742	0.0557748916101581	0.100284950497925	0.151564023234656	0.178908455834676	0.171841022557204	0.136924447310695	0.0890060980708386	0.0497043594772453	0.0211802688678938	0.00711950646633844	0.00182456442529976	0.000207792051728705	2.20309645206338e-05	
2.69962475215945e-05	0.000158477971561953	0.000835383881640452	0.00435239501709262	0.0137220926291246	0.0369878586876424	0.0752305429545293	0.122364991266214	0.166642336715197	0.179832503282044	0.158157016174752	0.116402820008019	0.0705631917163514	0.0357985240051633	0.0137495888071558	0.00421391426591704	0.000875378322413185	8.39883256227384e-05	1.99972203863663e-06	
6.99779919215407e-06	4.2486637952364e-05	0.000323898134036845	0.00174245199884636	0.00737767971972815	0.0210768713239686	0.0522825571357808	0.0958353597793494	0.143072003854788	0.177541163304141	0.174064756634039	0.140632770993523	0.0951615716857048	0.0540944872837493	0.0250461229943183	0.00885371550647321	0.00242973584807578	0.000391876754760628	2.34926115736601e-05	
3.72398244695841e-05	0.000109203269052699	0.000705040460566045	0.00354533193767865	0.0120873424856073	0.0314842586255485	0.07038578445187	0.115324187769234	0.159238495913684	0.18168454849229	0.160584162003301	0.123123414791256	0.0763033938564354	0.0409426707999517	0.017241032247675	0.00549891299971818	0.0014437980595032	0.000251620435605298	9.56157655300133e-06	
4.51258107604e-06	2.95824759429289e-05	0.00019855356734576	0.0015528292880551	0.0064344392165357	0.0188640930915392	0.0462870482906343	0.0897592487856143	0.134713581465125	0.171598416384881	0.177532460499874	0.144588613053192	0.103530643433894	0.0596538148357621	0.0296110556230771	0.0113310910819364	0.00341301548717825	0.000773656955592191	0.000115321516387689	8.02236635740444e-06	
4.5034496424261e-06	0.000108583174711829	0.000576941937524143	0.00302781930959115	0.0105315671804602	0.0291518303020113	0.063778354219332	0.1107443301569	0.151347432133014	0.17608488101886	0.167623399524035	0.127924990542756	0.0838572346417356	0.0448828802862993	0.0205467388019223	0.00747422525654651	0.00185041741974352	0.000419821583332833	6.40490615811712e-05	
3.20768079165562e-05	0.000332796882134271	0.00119536229501541	0.00560391858304711	0.0173916442922578	0.0428591261776323	0.0829070208614528	0.130564135823229	0.163809241228121	0.173113520324417	0.153342177844849	0.110015431951809	0.0661002771135484	0.0327900156925759	0.0138010466060983	0.00487367000282176	0.00101643385085587	0.000228547256405463	2.3556405813721e-05	
0.000164671209801071	0.000783058864733795	0.00257205484795027	0.00998773174612177	0.0276478483791079	0.0599268879728327	0.104094591918872	0.148189661434003	0.169721292733671	0.166221407655271	0.134745824266467	0.090121916394785	0.0503754603082685	0.0232007307222748	0.00885941058651805	0.00270886627603273	0.000569135540823038	9.75092360151358e-05	1.1939906450833e-05	
2.74033347367162e-05	0.000306419106601463	0.00149123965212712	0.00476519078949007	0.016410611567695	0.040043247444639	0.0788722780392167	0.124046924473918	0.162009511448366	0.171320666349452	0.155952377986652	0.113900715227037	0.0710364190318651	0.0363771794993162	0.0159268181489795	0.00545874427955387	0.00169252960182955	0.000304426136802429	5.38101845739155e-05	3.48769714830934e-06	
8.05948095947623e-05	0.000566153662461972	0.00238799435836333	0.00886343906012522	0.0253545300999226	0.0556646459922738	0.0989460487399599	0.143087626955481	0.169855053717436	0.167128262659479	0.139281263448015	0.0941332451102084	0.0542139394195681	0.0254072649753365	0.0106459773488785	0.0032322498638097	0.000953705246871354	0.000174124588630659	2.38799435836333e-05	
9.90823488263448e-07	0.000142678582309937	0.00115084148161799	0.00435714628963851	0.0146072152757239	0.0376740814942411	0.0737782031713287	0.119240652695065	0.158014548261278	0.171872700979875	0.155552847304688	0.121423932251453	0.0751524753495501	0.0402001859775687	0.0175876123284203	0.00661126972543786	0.00203465603314899	0.000492934685411065	9.46236431291593e-05	1.04036466267662e-05	
8.87485566033364e-06	0.000334286229872567	0.00237994045957947	0.00734936658182962	0.0225870007030858	0.0520530006380035	0.0929384745700872	0.138917622603666	0.168520196706245	0.167275251676115	0.140691114593122	0.101691054441323	0.0584093694809491	0.0291662270326131	0.0119815481889871	0.00421851472387859	0.00115570342599011	0.000259343004296416	6.1137894548965e-05	1.97219014674081e-06	
5.94321236030995e-05	0.000817314493186426	0.00424423950458168	0.0119620656052057	0.0328472997186552	0.0682870188453861	0.113147957499646	0.156082509469846	0.172907203369851	0.158235327633089	0.12363600820458	0.0824495465476321	0.0437852663345017	0.0204402299482891	0.00769228502271191	0.00263073102494381	0.000641965169828521	0.000112970152303412	2.01381575845213e-05	4.91174575232227e-07	
5.89858561747869e-06	2.06450496611754e-05	0.000160244909274838	0.00177252497805235	0.00712008438909823	0.0188046909485221	0.0479176518123896	0.0893679960440152	0.134217400237713	0.168328429314791	0.168527998128182	0.143245677074066	0.104026964401053	0.064307855048157	0.0318253271503048	0.0133303119467004	0.00505557942298069	0.00160146599514546	0.000309184196116175	4.91548801456557e-05	4.91548801456557e-06	
2.20437818900045e-05	5.38848001755665e-05	0.000618695478379459	0.00314246357387508	0.0105962010236153	0.0297057106131502	0.0648052897238747	0.109150520821087	0.153721578217216	0.172884972606927	0.159876691982725	0.124900558050585	0.0855528972387469	0.0488446119118719	0.0233100746941303	0.00871513163566821	0.0031067036610313	0.000802883522615941	0.000156265920509143	3.1841018285562e-05	9.79723639555754e-07	
1.46111818400543e-06	5.50354515975379e-05	7.11077516215977e-05	0.00139341970814651	0.00601737172112904	0.0175304959716972	0.0434327120983508	0.0844399680112526	0.129637223836487	0.166547504361438	0.171903963624002	0.145274597681108	0.106096174695186	0.0675674622617525	0.0361884881420519	0.0161546096817587	0.00534136104132919	0.00179425312995867	0.00046999301585508	7.06207122269292e-05	1.21759848667119e-05	
1.84852594649393e-05	0.000115289644557648	0.000286521521706559	0.00271149569098873	0.0100039305499073	0.0258997943271657	0.0599423454486372	0.105438947079621	0.147912235879694	0.17405428439669	0.165650788153089	0.127417434129237	0.0874187378264837	0.0519751986192484	0.0252917265816085	0.0109306257941365	0.00361484113378852	0.000985556201999132	0.000292845426260354	3.89163357156617e-05	
3.2045135087238e-05	0.000252476821899451	0.000650127816391087	0.0048140532483328	0.0159293453324561	0.0389562025543857	0.077943479179159	0.124872608449719	0.162068756236056	0.175716585056771	0.152614955852971	0.109606985839449	0.0707415778344772	0.0388634658755726	0.0172946623001124	0.00678045926504968	0.00211303678635848	0.000604487775509263	0.000135949057945858	8.73958229651946e-06	
1.06281682207142e-05	7.43971775449994e-05	0.00047488588004373	0.00161596466810405	0.00902428101649733	0.0237307672426329	0.0552519817910492	0.100820253037361	0.143686554062835	0.170256008417509	0.168188346600025	0.134804304021651	0.0913954833183653	0.0548027001344463	0.0283057105630948	0.0115619977284706	0.0044923334674737	0.00121354357138337	0.000252177445964219	3.62323916615257e-05	1.44929566646103e-06	
3.49497848194413e-05	0.000237945795277566	0.000853157760934854	0.00369941078492908	0.0147646084115993	0.0344528276051594	0.072967011712008	0.122256741119284	0.159365273606545	0.171888308147944	0.157426278695329	0.116608281375451	0.0725212822645162	0.0420781046300805	0.0196877404293844	0.00745627327093121	0.00285870089256005	0.000692771762105911	0.000112030817092456	3.83011340487028e-05	
7.05857328110625e-05	0.000516038938524119	0.00190199934088187	0.00683203123323291	0.0216803124467924	0.0496298779868377	0.093855178107358	0.141028386433994	0.171632070913861	0.168883519709874	0.140753674392784	0.0965183587290943	0.0558252068328897	0.0305202216201238	0.0132500866821415	0.00476119845035701	0.00185287548629039	0.000391083114223454	6.77241490484519e-05	2.956969888031e-05	
1.80927051165218e-05	0.000224730442499955	0.00112269996486206	0.00368138936739333	0.0116578917046852	0.0317503168604014	0.0678228857483762	0.114098788074431	0.156680921813803	0.174536993392354	0.158841095579952	0.125500049040753	0.0771968114940099	0.041900800554589	0.0220411999462932	0.0084921444331127	0.00304243120248879	0.00111651035521694	0.000222349823405676	4.09466484216019e-05	1.09508478336842e-05	
0.000119339318438832	0.000527957144773391	0.00199726283339229	0.00644718733933944	0.0187649144313219	0.0461585389430451	0.0875415957194419	0.135073491539081	0.166642560124342	0.172235277943659	0.144707038680737	0.104923606128695	0.0597035515858525	0.0314965102796502	0.0158119823358714	0.00531250909962303	0.00175428798105083	0.000682143544196362	8.87884529184908e-05	1.09792172963725e-05	4.77357273755327e-07	
3.80512798072322e-06	0.000222599986872308	0.00100883455588924	0.00339750364578825	0.0106243929631768	0.0291520367423158	0.0610513758867137	0.108129846187214	0.151123987241406	0.172261948815321	0.163805051878164	0.130720891008768	0.0840062860714242	0.0459611895971606	0.0234343563102816	0.010359460927519	0.00334898826403403	0.00101787173484346	0.000324862801354245	3.6624356814461e-05	8.08589695903685e-06	
8.19239338641815e-05	0.000375997708024047	0.002062778357875	0.00627499449499577	0.0169871407836758	0.0421268968587144	0.0824850891337136	0.129447865834168	0.164772234889651	0.171259852773693	0.150072808120414	0.109545558941429	0.0655685071138861	0.0336082283830915	0.0160485671598677	0.00648998562779542	0.00209971516042648	0.000515221040718089	0.000126437516426222	3.93045463047807e-05	1.08916212651802e-05	
0.000155740750821899	0.000873378982572657	0.00340499459167757	0.0106050457163009	0.0257914257379342	0.05930172285247	0.103514581168624	0.147070866775385	0.17065683306627	0.165245197007316	0.133413965069574	0.0899031235724751	0.0492140772597202	0.0239107023245135	0.0110523861707894	0.0041874853549256	0.00134628174874614	0.000263197135127587	6.20122746433702e-05	2.69824401120008e-05	
5.19965984770669e-06	0.000365394278388843	0.00165254643887114	0.00619043139686971	0.0170771010289181	0.0377641840811941	0.0789762153377675	0.123605368506984	0.158989999163327	0.172408903141209	0.153192851129484	0.114138678709709	0.0712216317194377	0.0361948321998863	0.0172529440710406	0.00753099824487845	0.00256957735746669	0.000701481383090612	0.000118174087447879	4.1124582431862e-05	2.36348174895759e-06	
3.1295995629941e-05	0.000706530810433516	0.00305278211917515	0.0100967520446717	0.025443644447142	0.0541420724397979	0.0988706887395111	0.141680765670759	0.169063339301701	0.16673890035355	0.136761604175834	0.0939064799781497	0.0545384883844438	0.026127888715233	0.0122134993854604	0.00470672807004234	0.00142017434714656	0.000401631943917576	8.44043518504469e-05	1.23287255511889e-05	
0.000152733111297573	0.00116458997364399	0.0057007633791819	0.0165419505354727	0.0368163164782799	0.0718929073606859	0.119511273135487	0.157084573096635	0.171173725322863	0.155326233152822	0.117721431987468	0.0761441380554593	0.0406188936586167	0.0178010441217321	0.00809437760779855	0.00310859610587841	0.000786098232209695	0.00030880725940478	4.05697326884178e-05	1.0977692374513e-05	
0.000403337521961488	0.00228509912739848	0.00999748874376207	0.0252273215075412	0.051454343873087	0.0925189052459326	0.138466731616812	0.165405836774107	0.167518557127238	0.140633710469922	0.0975063657704731	0.0587926859542029	0.0299391680587413	0.0124511253356945	0.00488230467060049	0.00183518572492477	0.000492167809536339	0.000158934190201491	3.07304778637324e-05	
0.00072888540152162	0.00437090843353104	0.0166653204403314	0.0377885732308663	0.0666540698345296	0.11301666243567	0.153838572076958	0.169549514204611	0.158140246013247	0.123181152062034	0.0771565584300693	0.0450182894463548	0.0211203680198165	0.0080071619241036	0.00325834852645912	0.00106351880485872	0.000348576461809482	7.78888093974291e-05	1.53854438315909e-05	
