# <P(U)> as a function of N_tot.
# number_of_species: 1
# species_total_upper_bound: 103
# species_total_lower_bound: 0
# volume: 729
# Bin widths for each
10	10	10	10	10	10	10	10	10	10	10	10	10	10	10	10	10	10	10	10	10	10	10	10	10	10	10	10	10	10	10	10	10	10	10	10	10	10	10	10	10	10	10	10	10	10	10	10	10	10	10	10	10	10	10	10	10	10	10	10	10	10	10	10	10	10	10	10	10	10	10	10	10	10	10	10	10	10	10	10	10	10	10	10	10	10	10	10	10	10	10	10	10	10	10	10	10	10	10	10	10	10	10	10	
# Bin lower bound for each
0	0	0	0	-10	-10	-10	-10	-10	-20	-20	-20	-20	-20	-20	-30	-30	-30	-40	-40	-40	-50	-50	-50	-50	-60	-60	-60	-70	-70	-70	-70	-70	-80	-90	-90	-90	-100	-100	-100	-110	-110	-110	-120	-130	-130	-140	-140	-140	-150	-150	-150	-160	-160	-170	-170	-170	-170	-180	-180	-180	-200	-200	-210	-220	-220	-220	-220	-230	-230	-230	-230	-250	-260	-260	-260	-260	-270	-270	-270	-270	-280	-280	-290	-290	-290	-310	-310	-320	-320	-320	-330	-330	-340	-340	-340	-350	-350	-350	-360	-360	-370	-370	-370	
# Bin upper bound for each
0	0	0	0	0	0	0	0	0	0	0	0	0	0	0	0	0	0	0	0	0	0	0	0	0	0	0	0	0	0	0	0	0	0	0	0	-10	-10	-10	-10	-10	-10	-10	-10	-10	-10	-20	-20	-20	-20	-20	-20	-20	-30	-30	-30	-30	-30	-30	-30	-40	-40	-40	-40	-50	-50	-50	-50	-60	-60	-60	-60	-70	-70	-70	-70	-80	-80	-80	-90	-90	-90	-100	-100	-100	-100	-110	-110	-120	-120	-120	-120	-130	-140	-140	-140	-150	-150	-160	-160	-170	-170	-180	-180	
# Normalized histogram for each
1	
1	
1	
1	
1.23918424501151e-05	0.99998760815755	
9.65058487776604e-05	0.999903494151222	
0.000431281984245716	0.999568718015754	
0.00141857779544495	0.998581422204555	
0.00390781514708426	0.996092184852916	
2.5108866249705e-06	0.00950331958526334	0.990494169528112	
3.27970817542503e-06	0.0206455700402902	0.979351150251534	
1.09943481335262e-05	0.0407236441364827	0.959265361515384	
4.00909679482348e-05	0.0739834482125885	0.925976460819463	
0.000158796844105438	0.12432752234526	0.875513680810635	
0.000452484763808927	0.193140847445379	0.806406667790812	
1.34726093191578e-06	0.00104104776867607	0.279712155777238	0.719245449193154	
1.00165099050762e-05	0.00243516765807642	0.380171625192216	0.617383190639803	
2.6019110747743e-05	0.00505136943398219	0.48729110990588	0.50763150154939	
1.15571886291133e-06	8.70641543393198e-05	0.00999465672645714	0.592292048615699	0.397625074784641	
5.19656487815018e-06	0.000248087856590207	0.0187869292920739	0.684696308899214	0.296263477387244	
1.51863937601223e-05	0.000564587828778216	0.0332084140310744	0.757078637645917	0.20913317410047	
1.34454039767663e-06	2.66987307538646e-05	0.00124946218384093	0.0554225314238299	0.803173883647316	0.140126079473862	
1.15162794125776e-06	7.38961262307064e-05	0.00250056813645102	0.088012781534644	0.820633372335133	0.0887782302396	
4.80546793051755e-06	0.000139935226136671	0.00495097749945362	0.133792300371732	0.80774380012944	0.0533681813053073	
1.49935815937255e-05	0.00035734702798379	0.00931120639510856	0.192679057003675	0.767203693188262	0.0304337028033769	
1.15281947942131e-06	2.59384382869794e-05	0.000790257753143306	0.016397127865549	0.262870701112144	0.703622984991635	0.0162918370197618	
3.07281200901025e-06	7.95090107331403e-05	0.00153621395375456	0.0280213568116656	0.34153306816246	0.620452214220321	0.00837456502905632	
5.95612754874226e-06	0.000183102888837141	0.00319056303465851	0.045702327347233	0.421794316086694	0.525051856736303	0.00407187777872563	
5.76874264485313e-07	1.98060164139957e-05	0.000364584535154718	0.00587354146956796	0.0710434117113167	0.495290975379006	0.425654367707348	0.00175273630692788	
3.26799961322263e-06	3.13343492326641e-05	0.000860252839363017	0.0105417978111708	0.105905871230435	0.552645263063396	0.329278258440714	0.00073395426607553	
5.78041587394686e-06	8.4008710701361e-05	0.00170580072440172	0.0181952077269517	0.1496802081258	0.587823592497637	0.242187093564509	0.00031830823412534	
1.01993157991058e-05	0.000240549900922307	0.00316198033764354	0.0293549779492717	0.203675140630283	0.594560647152361	0.168872573404764	0.000123931308955172	
3.40386840990883e-05	0.000503849448246392	0.00583792278641822	0.0455197207058662	0.26237190781632	0.574056638062634	0.111632652982731	4.32695136852818e-05	
1.73252140963332e-06	7.39209134776883e-05	0.00105895558604365	0.0103341052037051	0.0681612423025518	0.323429984286031	0.527380479604277	0.0695484144445315	1.11651379731925e-05	
3.85216025294825e-07	8.85996858178098e-06	0.000208979693722443	0.00218937527976314	0.0174190834478067	0.0980615544391139	0.380036795834736	0.461286174673895	0.0407855171101402	3.27433621500601e-06	
1.54272003912338e-06	3.9725041007427e-05	0.000430418890915423	0.00424190158757462	0.0277113015427586	0.135645587839972	0.426048943564601	0.383413561203368	0.0224666319297538	3.85680009780845e-07	
8.87474246365552e-06	0.000114599935291552	0.000970240866298339	0.00783716931214379	0.0420309732370565	0.178654739527273	0.454980457238307	0.303557864960761	0.0118450801804042	
9.64391390916629e-07	2.58456892765657e-05	0.000257685379652923	0.00192068189414956	0.0133203667696187	0.0622962120442069	0.225681086953964	0.463270671681245	0.227410240717878	0.00581624447861819	
2.7001354889415e-06	6.17173826043771e-05	0.000595765608952878	0.00384480006943206	0.0210130329754047	0.0881787103960038	0.27349537360714	0.447971378563817	0.16219848888846	0.00263803237269584	
1.27541456770789e-05	0.000155948417597011	0.00122575069741987	0.00706656968362762	0.0324202653326088	0.120015351353524	0.314966139675674	0.412862710511039	0.110074847510661	0.0011996626721713	
3.6719822152373e-06	3.30478399371357e-05	0.000344779803788597	0.00238157035991417	0.0120466140748624	0.0483719880324302	0.156020398440992	0.348498748723745	0.361188539472939	0.0706091258034635	0.000501515465712673	
1.60353287271369e-05	6.81984462732447e-05	0.000775684877583789	0.00441860244961864	0.0195648398176918	0.0690653200081684	0.195149564215792	0.367460183602582	0.30088149872751	0.0424304457956624	0.000169626730390677	
2.75983829277561e-05	0.000211330274866384	0.00152119198766835	0.00788483870289144	0.0304363844728796	0.0950557786478452	0.233584800277451	0.36924764299195	0.237877603294668	0.0240978271966817	5.50037701707028e-05	
1.92946642535473e-07	6.32864987516352e-05	0.000490856258610244	0.00297485133461193	0.0132262993991642	0.0450568999648837	0.125294918943115	0.267366162561405	0.354706933344653	0.177853005529851	0.0129474915007004	1.91017176110119e-05	
3.84710970494977e-07	8.65599683613698e-06	0.000148113723640566	0.00101448282919525	0.00563216860804646	0.0211702599953681	0.0632172455156166	0.158551701692036	0.292257999487565	0.324843211043975	0.126644927932094	0.00650527015558481	5.57830907217716e-06	
7.71228993891288e-07	2.41009060591027e-05	0.000348402697990389	0.00213630431307887	0.00949074399882619	0.0321128184621424	0.0864056043668528	0.191873482968468	0.306889369321706	0.282292948634028	0.0853586610076454	0.00306621367246329	5.78421745418466e-07	
9.62459646473172e-06	7.89216910108002e-06	6.12124335156938e-05	0.000836569924714482	0.00393973231687328	0.0155814517086835	0.0463942123066635	0.112781983833373	0.222440208638152	0.308513552298036	0.233617829988433	0.0544336377336539	0.00138209205233548	
4.81260949889762e-06	2.4255551874444e-05	0.000216182418690481	0.00175217486635865	0.00708262114733765	0.0242919352022557	0.0654593818645859	0.141655310512452	0.246677230023676	0.295985301905582	0.183596047269065	0.0327012965362494	0.000553450092373227	
1.13297213925495e-05	6.72102116507174e-05	0.000520399067352697	0.00317366619414687	0.0116400405411997	0.0366416631877381	0.0878291524101006	0.170547256267928	0.262142100822231	0.271495841992249	0.137346371858355	0.0183881378201078	0.000196829905548529	
5.56307956738424e-06	2.2252318269537e-05	0.000168810690320625	0.00118301764455375	0.00557113644124045	0.0189390248113349	0.0522010612053851	0.112982693067636	0.196492190587269	0.268423193054207	0.237378523443585	0.0968280854949414	0.00972483857477738	7.96095869125676e-05	
7.6672034986983e-06	3.94860980182962e-05	0.000404636664643803	0.00236034859707427	0.00962502391209091	0.0289272087200639	0.0717866845976999	0.138787500771512	0.21750572069221	0.262561658692136	0.197714176620933	0.0654125549690571	0.004847589412052	1.97430490091481e-05	
1.52859241669124e-05	0.000115981949616448	0.000873017343982782	0.00443731271160257	0.0157792773693995	0.0425204731069959	0.0946263671109584	0.163554802808712	0.231711872558193	0.246076246571893	0.156495189806276	0.0415599438471576	0.00222868774353582	5.54114751050573e-06	
2.10025269858605e-06	5.05969968295731e-05	0.000279715473038961	0.00173824550617522	0.00815680868511771	0.024894104304277	0.0597439791960424	0.118294632995161	0.185725537068028	0.237398436075468	0.220031828374987	0.117924606656083	0.0247923375144273	0.0009664981054766	5.72796190523469e-07	
1.16292569991446e-05	0.000114576777975179	0.000627598590839081	0.00335875819362179	0.0135029018809084	0.0368565470143217	0.0797578293019529	0.141901719052021	0.203614945006006	0.232485052115276	0.188339629972294	0.0846840588242135	0.0143642294730746	0.0003805245404966	
5.71912572868811e-07	3.3170929226391e-05	0.000226858653904628	0.0013844097013911	0.00640484890355781	0.0216093352907994	0.0517233918152067	0.102207830360055	0.1649571246676	0.213110256927911	0.218451157808408	0.154426879738415	0.0577381963440679	0.00756659397657865	0.000159372970306109	
4.57978821151065e-06	8.22453632983787e-05	0.000559688284348364	0.00280912759423534	0.0109166885001709	0.0327636140406384	0.0701052988722081	0.125408149771287	0.18323102913375	0.215738175034544	0.196969439645738	0.120418470514846	0.0370989560563596	0.00382927541834934	6.52619820140267e-05	
1.31856313308946e-05	0.000179057051551423	0.00112440948914469	0.00497174739617223	0.0180744430169565	0.047086271674837	0.0910464021476145	0.147997819211236	0.196002307676579	0.209105576585682	0.170507220661923	0.0894564825436573	0.0225934837374347	0.00182554110295704	1.60520729245673e-05	
4.95634967716749e-05	0.000374309651294966	0.00215955235933727	0.00875475063246084	0.0280986753724917	0.0646889747053938	0.113182167857594	0.167480796537062	0.201520776482025	0.194909120831595	0.141447139286821	0.063363390372817	0.0131216965642354	0.00083970897233247	9.37687776761418e-06	
2.2923135288906e-06	0.000103918213309707	0.000807467440551714	0.00403504488922968	0.0148652711826007	0.0410603019817432	0.0844983061713283	0.135310874009482	0.181900809301291	0.199282276634104	0.175268000105446	0.112686885636096	0.0425445749916999	0.00729318651829285	0.000339644454530624	1.1461567644453e-06	
2.9220907578471e-05	0.000310352776568728	0.00170703576429003	0.00733654865176069	0.0233316532903028	0.0575101838682637	0.10586352843032	0.156553208694385	0.189405148265548	0.190993963495256	0.15068820966937	0.0851818103861037	0.0270474832108697	0.00392285909582873	0.000118411520906222	3.81972648084589e-07	
9.57755525733228e-05	0.00074039663695904	0.00331983681833997	0.0126465786525661	0.0355453471433651	0.0767515838332397	0.128137175060887	0.172517386799414	0.190972054949551	0.175832062061029	0.123646811878463	0.0612250476966075	0.0166305357695881	0.0018877915801628	5.16155672550841e-05	
1.9099690260323e-06	7.63987610412922e-06	0.000252306908338867	0.00145291343810277	0.00611705779967366	0.0202632433909819	0.0514049063666335	0.0983884254349047	0.148988470853968	0.182254401380373	0.185313407772466	0.154427298652498	0.0980694606075573	0.0423873696040271	0.00976853658364222	0.000883360674539941	1.92906871629263e-05	
9.32518578529578e-06	4.56743793565508e-05	0.000590912282925375	0.00289042697361372	0.0106368017124847	0.0312968459747645	0.0705848052377856	0.120091074712437	0.164662608117441	0.186598870662908	0.173794439030127	0.130414626306501	0.0746941672104773	0.0278293993419464	0.00546646196932318	0.000389754703842567	3.80619827971256e-06	
2.47093937702296e-06	3.85846687335124e-05	0.000115944078460308	0.00119308357458255	0.00544690074825746	0.0175164892437158	0.0456650504822418	0.0917419875514074	0.140287393058219	0.176419939568426	0.183219394517214	0.156785665206341	0.106434003014926	0.0543758720752869	0.0177037104195902	0.00287826422971221	0.000174106189950233	1.14043355862598e-06	
1.70895702352854e-06	1.34817720745029e-05	9.28533316117174e-05	0.000334765692497869	0.00236709536170075	0.00961098441621079	0.0274707246167664	0.0627405594365759	0.113727102349436	0.158642860262382	0.182237100697444	0.173286153460543	0.135786509493256	0.0835463516615809	0.0381192358303727	0.0105689497699554	0.00138520460962674	6.83582809411416e-05	
1.14045892066968e-06	2.07183370588325e-05	0.000150920730501954	0.000813717439897815	0.00428660492982376	0.0154689947234767	0.040289562519958	0.0832498897556377	0.134347391390295	0.172101523653118	0.181735360308988	0.158401760868574	0.1135336359351	0.0636159390538753	0.0253187582683272	0.00601478034761188	0.00062535164150054	2.39496373340632e-05	
2.09217156948054e-06	6.56181083155261e-05	0.000293664809388905	0.001724900360329	0.00759363181013733	0.0242332428944623	0.0567398831617277	0.104147349741664	0.15306935834049	0.180735093990808	0.173690562118951	0.13959596363045	0.0920005820040911	0.0460998593490113	0.016411754580667	0.00332940575670517	0.000256766510799885	1.02706604319954e-05	
7.98628336816557e-06	0.000119223801710472	0.000674460645401983	0.00352461305981707	0.0130925608340874	0.0360755631708359	0.0755589875446305	0.125631463066197	0.168849045363421	0.181313922354691	0.160838803145151	0.119180447600759	0.0711406713459949	0.0319500773623664	0.0102173086719438	0.00171571987692757	0.000107054227054219	2.09164564404336e-06	
1.8982727047178e-07	3.72061450124688e-05	0.000239941669876329	0.00128759837561008	0.00644558496886928	0.0208156991708535	0.0507091282429379	0.0970002165929156	0.145840685185329	0.178628030995756	0.175655335940168	0.143419248523191	0.0979018961276566	0.0536339868263671	0.021485030126537	0.00597557264718115	0.000880798534989057	4.38500994789811e-05	
8.92751484769185e-06	8.85153599792426e-05	0.000555785286049922	0.00268794175765292	0.0111043088935333	0.0312499109622854	0.0687868817957145	0.118393662756099	0.163283106881537	0.181608255709858	0.163777349299276	0.123985896046118	0.0777643527371286	0.0389412499242586	0.0139970136513099	0.00333509161054837	0.000416174149601975	1.5575664202356e-05	
1.84435997571529e-05	0.000212386607512782	0.00122887613639669	0.00485713150305641	0.0178414257320921	0.0445758989305945	0.0898401053985177	0.138821552848424	0.176140180484884	0.177574217901054	0.147701100360373	0.103893748133061	0.0593887714984398	0.0271856759018397	0.00872078044187443	0.00181602908536668	0.000181013473905254	2.66196285154785e-06	
5.89060761617561e-05	0.000522553901434933	0.0024212297498487	0.0088986178924356	0.0270652517807212	0.060901662006436	0.111344265160951	0.156549168046684	0.180668735980116	0.168701301539254	0.129786997528795	0.0849357211196335	0.0439901075795968	0.0179617927589231	0.00515618186015888	0.00095332833581784	8.34186046290675e-05	7.60078402087175e-07	
1.32758728270004e-06	3.4137958698001e-06	0.000133327694248304	0.00104575946811543	0.00451379676118013	0.0152913399774652	0.0402313946702681	0.079322581520023	0.132851280069141	0.16957253396395	0.179548783427462	0.154225814631264	0.109924227007563	0.0670154680987414	0.0313153184796546	0.0115448886656856	0.00298688173074899	0.000447776224922113	2.40862264147007e-05	
2.09007858695487e-06	3.80014288537249e-06	4.08515360177543e-05	0.000308381595147978	0.00210147901561099	0.00803692218827428	0.0242680924802773	0.0556874838493927	0.100293181023606	0.151627411190661	0.177771444206302	0.1716383936036	0.136826234666423	0.0904823521364403	0.0503665237812942	0.0216051423533525	0.00711519753142718	0.00162228099776552	0.000191337194278505	1.14004286561175e-05	
1.08561564977811e-05	1.25702864711149e-05	0.00011522762598522	0.00080468879303728	0.00403239553282492	0.0133656427787418	0.0360075855965087	0.074496660017747	0.122683329533679	0.166882932731636	0.178523970298318	0.158798143482964	0.116994132152184	0.0715470232514113	0.0363801231773799	0.014173188455068	0.00423999571848424	0.000845446994625441	8.38019098074327e-05	2.2855066311118e-06	
2.18738676707089e-05	3.06234147389925e-05	0.000264959110133022	0.00168181511256007	0.00726117302895054	0.0209981521337007	0.0505408076022152	0.0948279715411471	0.142694270853642	0.176807043004975	0.173054628557951	0.142579765911574	0.0967559152168889	0.0550443516442967	0.0253670292339486	0.00918150840289382	0.00244606902822014	0.000407804976399999	3.19548675537313e-05	2.28249053955223e-06	
2.76489506174487e-05	9.11461958285552e-05	0.00064412520817753	0.00335353168626945	0.0118678830170993	0.0319179485927828	0.0687288080327638	0.115019062521333	0.159118376026491	0.179778243975103	0.161808142215524	0.124041201131433	0.0777555230208977	0.0411181845813434	0.0174888193364176	0.00562513133251543	0.00138130343636413	0.00022405184121036	1.08688978289281e-05	
1.7095942619938e-06	1.76658073739359e-05	0.000183306495869335	0.0014333998112228	0.00627155157266526	0.0188775297958536	0.0460766046394209	0.0886751347302745	0.134156800566522	0.171855823457419	0.176685427247551	0.145626848380074	0.103913508207097	0.0609648912023709	0.0294422524702212	0.0116408172848338	0.00335783308547382	0.000710621348235423	0.000102195745883629	6.07855737597796e-06	
4.35583786435163e-06	7.15872483793442e-05	0.000472513716154666	0.00283432475990811	0.0101093315303952	0.0288517443236804	0.063580839616156	0.109473568586455	0.151276544570637	0.177685800157946	0.166455881990883	0.128432826351683	0.084635444778392	0.045690466585989	0.0205165644938611	0.00753503135256341	0.00193929477091134	0.000389374028222042	4.37477628984881e-05	7.57537019887241e-07	
2.31236310620873e-05	0.000224602482037488	0.00103165511369624	0.00508492437814491	0.016822252059709	0.042482280096164	0.0836334351025817	0.130282328162991	0.164098743211698	0.175293234177182	0.15218723014533	0.109286639772494	0.0668801748601399	0.0329128875956503	0.0138470747090403	0.00466282334228205	0.001056105510475	0.000174185384803756	1.63002645191763e-05	
9.09283158510126e-05	0.000565189282758576	0.00234451682447383	0.00904680148330116	0.0261824501181785	0.0594093922913539	0.104874493456651	0.148754574477176	0.170778280356899	0.167628991342757	0.133744233739348	0.0899077303971662	0.0513680844252434	0.0231593665880696	0.0088809799280459	0.00262579093014574	0.000559341196054466	7.35727036968774e-05	5.28214282951941e-06	
1.17186097192637e-05	0.000196948247217303	0.0010849164482028	0.00438578419235153	0.0151672831537425	0.038114589102071	0.0779153349348767	0.126112842651203	0.162089352509011	0.172828513267545	0.155298418176698	0.113868974602749	0.0715455145131201	0.0378429819703519	0.016044855813848	0.00558146040338479	0.00158900567596532	0.000289752075800504	3.04305833032493e-05	1.32306883927171e-06	
3.49796191721591e-05	0.000367191461796394	0.00194845932740054	0.0079095536714041	0.0235395819916601	0.0537570569018192	0.0983689287198556	0.144690642138832	0.170599195204048	0.167275185987581	0.139707842657513	0.0944381649200177	0.0553946703161439	0.0268218047441439	0.0108909516990074	0.00323722194511641	0.000856338893138965	0.000151452297064321	1.0777504285476e-05	
3.77903741492678e-07	0.000116205400508999	0.000852550840807482	0.0038867399812522	0.013241369198162	0.0350896850606904	0.0720819265079257	0.119109968666111	0.159276412590014	0.173068387539531	0.15680945696555	0.12128688316898	0.075921617473362	0.0410560293313768	0.0187440255780368	0.00690619087577869	0.00196963430065984	0.000504123591151233	7.44470370740576e-05	3.96798928567312e-06	
5.2832212252658e-06	0.000275859622547807	0.00176799224574073	0.0065140230842804	0.0208879698599777	0.0494668003321637	0.0916129429108322	0.139794788366422	0.169179687448406	0.169087042390492	0.142768487170358	0.101281992498958	0.0590420727435409	0.0300956810232543	0.0123959464862522	0.00441148972309694	0.00111325018675244	0.000256613602370053	4.13223374404718e-05	7.54745889323685e-07	
5.14662120547442e-05	0.000672265612407391	0.00341939250640641	0.0110416704763603	0.0312277368572167	0.0662179743012048	0.112642759825663	0.157374815980014	0.17229775522481	0.159221943986286	0.125706317204174	0.082601573659555	0.0446958601370811	0.0213111592509762	0.00812544031418143	0.00264080109327054	0.000617406023733653	0.000121973037360511	1.14997763199245e-05	1.88520923277451e-07	
2.26240078429894e-06	8.29546954242944e-06	0.000151580852548029	0.00148847118267001	0.00608378424237854	0.0179879715691635	0.045824927885975	0.086329254727475	0.133287645406384	0.16867008540563	0.169408193661507	0.145947286061726	0.105926170321072	0.064603608529251	0.0327267585452763	0.014480119153108	0.00514865858486831	0.0015537037386173	0.000304104372089516	6.35357553590619e-05	3.58213457513999e-06	
8.48081789761655e-06	4.54194914072353e-05	0.000446467946654525	0.00276625433558257	0.00989372215935947	0.0280954419938441	0.0621268911281599	0.107015671797624	0.152564637024763	0.173453456894453	0.161107647586962	0.12887903187506	0.0873258511160379	0.0492503710828987	0.0236219047841613	0.00917963729238015	0.00318369903876525	0.000809823877912407	0.000190158783526558	3.43001968303603e-05	1.13077571968221e-06	
1.13128485300085e-06	2.13058647315159e-05	9.76675923090731e-05	0.000997981787822246	0.00527122177255744	0.0161962281454621	0.0409253608421586	0.0815677119235915	0.126946375589588	0.166418223943116	0.172706470798521	0.147361542046841	0.110711872306599	0.0690811553585947	0.0370620230691607	0.0164946987991788	0.00570978320057077	0.00188151525801591	0.000447046064410834	8.54120064015639e-05	1.52723455155114e-05	
1.39802115772777e-05	7.17902756671017e-05	0.000326456832507241	0.00222436501501172	0.00893486657210502	0.0251443551306243	0.0567169626819033	0.102117510857335	0.146206375127617	0.173097501018288	0.166300851130395	0.131958839234368	0.0914028122140197	0.0529882135481097	0.0261664219499901	0.0112848645695342	0.00370456714620052	0.00105909548786782	0.000235774379033008	3.85400427265493e-05	5.85657512021093e-06	
1.66539743195716e-05	0.000191331454966896	0.000798823018214906	0.0041954767805748	0.0142841894737798	0.0374962339308073	0.0753518530574426	0.121995282383275	0.161111304566368	0.17508077177545	0.153958422596112	0.114214848380704	0.0733681376163318	0.039528018797795	0.0180928398508409	0.00730503873563027	0.00226096626359002	0.000634175772100959	0.000106169086287269	8.3269871597858e-06	1.1354982490617e-06	
4.16220727148962e-06	3.76490566830197e-05	0.000399004324344164	0.00175058654014061	0.00748327029165911	0.0219505351936382	0.0527018684716015	0.0965422084709621	0.141266828324275	0.171009393912621	0.169511377677363	0.138241282020381	0.0954513317833526	0.0563748271974515	0.0287597170985556	0.0121670778107622	0.00464350978506551	0.00136633913248627	0.000303273557099903	2.95138333796537e-05	5.8649284280081e-06	3.78382479226329e-07	
1.62146762805871e-05	0.000187411490963995	0.000771894008054923	0.00353291400169349	0.0128999062376917	0.0332770407537034	0.0708051548341323	0.117950645919171	0.15659172783779	0.173534933294519	0.157652657877684	0.120993348777498	0.0767670650512073	0.0428099506074565	0.0202349732844354	0.00813920186461235	0.00286113619253382	0.000810356728534455	0.000141218517839066	2.1682415956599e-05	5.6562824234606e-07	
1.70014728942684e-06	6.30943549631739e-05	0.000405390675901111	0.0017997003584855	0.00642258974369146	0.0199608626093974	0.0480523962725971	0.0914205089523145	0.137266680758999	0.168238075025233	0.169689622999895	0.142236400191248	0.101519950567273	0.0602069381499639	0.0312651419367965	0.0140481281472796	0.00507569527995664	0.00178685480118761	0.000470562988662473	5.64826710598473e-05	1.32233678066532e-05	
8.32504455317878e-06	0.000124308051623601	0.00084707328328594	0.00332017913225412	0.0111460994233582	0.030093144004161	0.0655451570283148	0.111044931211481	0.154256453375872	0.172614690260095	0.159838774159894	0.125742040547886	0.082750753653039	0.0462191337147844	0.0226469592680167	0.00919198442005753	0.00318622159717115	0.00114639647608432	0.00024994054215339	2.28938725212416e-05	4.54093339264297e-06	
4.99115635414057e-05	0.000312184494393964	0.00167801537959357	0.00606472941480115	0.0177392908382865	0.0430833580044484	0.0854922456787593	0.131467817479295	0.165896738099034	0.172089567534331	0.145477405054163	0.106791009086561	0.0648055157022158	0.0344661170701343	0.0160555821244487	0.00581858759764068	0.00195528075728937	0.000641828547137012	0.000103428905437514	1.11968906803914e-05	1.89777808142227e-07	
6.99965077418029e-06	0.000115588827649302	0.000695613943152998	0.00301439014691321	0.0101725735521412	0.0273493381924783	0.0590717555010634	0.106697379368586	0.149252985918594	0.171336316571881	0.164323234035405	0.130291499510592	0.0870512514429685	0.0499321033874904	0.0250886401721687	0.0105009895992757	0.00354674196525222	0.00116080695001001	0.000337875034667189	4.67273984114198e-05	7.18883052483381e-06	
6.43158589666711e-05	0.000271639921988646	0.00151236850717216	0.00553173136400695	0.0166617799224805	0.0399757113050255	0.0787734965695056	0.126898973027064	0.163307802459514	0.17172296511243	0.151821746705231	0.110909293830785	0.0686916073478977	0.0372950641361529	0.0169795759314923	0.00665385393868429	0.00212620663172172	0.000616108096042494	0.000157006361595109	2.34563720937271e-05	5.29660015019645e-06	
0.000105681137659341	0.000619503586529935	0.00264733143763847	0.00951452206557761	0.0255826004150731	0.0565094845980158	0.0992957621106228	0.144941301514346	0.170739620237294	0.166558018376397	0.134986062589748	0.091416078002528	0.0530987111067845	0.0265833515465999	0.0114912138823348	0.00419826842024123	0.00129677195260485	0.000331816045123952	6.87495572945174e-05	1.51514175855686e-05	
3.40762782343263e-06	0.000249135456424297	0.00133408629287387	0.00501205259029882	0.0154948623384619	0.037288724708539	0.0760171721724782	0.120339619333896	0.158290370403465	0.172804593179406	0.15380157799672	0.115892665024316	0.0735843152192042	0.0397717495158802	0.0190054762472249	0.00769612743922259	0.00249665531863497	0.000722606411224575	0.000158076068475902	3.57800921460426e-05	9.46563284286841e-07	
2.16540503331305e-05	0.000494244201463206	0.0025107301517835	0.00861356333733743	0.0241051368725929	0.0536452504309916	0.095274972248625	0.139406116775355	0.168710505101618	0.167649266687485	0.13737120588747	0.0961192902638071	0.0571180662401199	0.0289987623000704	0.0129888211914894	0.00498954907149712	0.00143410596504504	0.000438589493150862	9.78231221189666e-05	1.23466076460832e-05	
1.90876303565856e-07	0.000119106813425094	0.00104084848334461	0.0049116290433566	0.0143063698285644	0.0358425614072928	0.0714566438792173	0.116288906555551	0.154767660591392	0.172027650341335	0.157734832730323	0.117947812509842	0.077608968895752	0.0428587925737665	0.0203065664311571	0.00849991267409112	0.00316587437094328	0.000790418773066208	0.000288986723598705	3.18763426954979e-05	4.39015498201468e-06	
6.73828111839295e-06	0.000337299100554984	0.00190115788697515	0.00860671021136448	0.0225618829298739	0.0509448706567687	0.0927021912697675	0.134971813770082	0.165046495102328	0.168138788568718	0.142617645093963	0.0980633602498786	0.0604887795105428	0.0317567488217153	0.0138914478313612	0.00539986596596244	0.00190404572174018	0.000499402892031752	0.000143621648980604	1.71344862724849e-05	
3.11458439933692e-05	0.00067689011262608	0.00388104299499983	0.0144392906563048	0.0338644312333619	0.0678832375195605	0.113305485208723	0.150596733091144	0.169403599647065	0.159708149900111	0.124096649616413	0.0798503993535593	0.0457337061290959	0.0224310047010879	0.00906924417548536	0.00352392977753549	0.00111660752502936	0.000319196537820244	6.22916879867385e-05	6.96428809789622e-06	
