# <P(U)> as a function of N_tot.
# number_of_species: 1
# species_total_upper_bound: 445
# species_total_lower_bound: 421
# volume: 729
# Bin widths for each
10	10	10	10	10	10	10	10	10	10	10	10	10	10	10	10	10	10	10	10	10	10	10	10	10	
# Bin lower bound for each
-2000	-2010	-2010	-2020	-2030	-2030	-2040	-2050	-2060	-2070	-2080	-2090	-2100	-2100	-2110	-2120	-2130	-2140	-2150	-2160	-2160	-2170	-2180	-2190	-2200	
# Bin upper bound for each
-1840	-1850	-1860	-1860	-1870	-1880	-1890	-1900	-1910	-1920	-1920	-1940	-1940	-1950	-1950	-1960	-1980	-1990	-2000	-2010	-2020	-2030	-2040	-2050	-2060	
# Normalized histogram for each
1.32494849072376e-05	0.000178030435132882	0.000521907871001187	0.00205367016062183	0.0107252295930139	0.0302475079927137	0.0714768591654378	0.134943110214546	0.188444225684111	0.208397340782691	0.172600735300724	0.107923450872509	0.0517992419771704	0.0164360621738932	0.00370224112752812	0.000529065638709695	8.07152528831717e-06	
2.72835125279069e-06	3.31949402422867e-05	0.000525510766301406	0.00180207600246825	0.00921364218067415	0.0254261116250348	0.0634496272844826	0.12375255612408	0.181581325102605	0.210938233007563	0.179358931432137	0.120419117193448	0.056416392479997	0.0207927648975178	0.0050983790410482	0.00107512196866913	0.00011428760247801	
9.87004941098582e-05	0.000319030366345865	0.00168717106162251	0.00652395081374761	0.0243454638771376	0.0564006511195673	0.112685746737569	0.175600023080731	0.210608936494584	0.189643584923424	0.124942374096131	0.0628515635676736	0.0267215643876469	0.00621479049681273	0.00123436356402929	0.000122084918868194	
2.89018390648757e-05	0.000274794448910022	0.00157235083624672	0.00578611791708229	0.018957941922738	0.0503439772804308	0.100414068023126	0.164255658102441	0.209957485546054	0.198205180662218	0.137123186598747	0.0735606278871575	0.0296396682129403	0.00832085459863063	0.00126108862181505	0.000295676405930718	2.4210964661676e-06	
1.36872303615619e-06	0.000169569576146017	0.00126698129046858	0.0046793598999433	0.0147968085028725	0.0430790367596425	0.0919054936284422	0.157270839264466	0.207026659074816	0.203301451211411	0.146684070740473	0.0831575284633559	0.0330481218686659	0.0116739908557135	0.0016468779731706	0.000291690087038619	1.52080337350688e-07	
0.000143625752325369	0.00096176059334914	0.00401513769834033	0.013072223235455	0.0387278861936896	0.0820171438993252	0.147142683445802	0.201976715909782	0.209600583622105	0.158140008511156	0.0896472429934951	0.0373244574138245	0.0142306523192899	0.00276901331387926	0.00022356982187367	7.29527630859019e-06	
2.99581697473136e-05	0.000653520486446553	0.00258489589381589	0.0110420563287715	0.0335105292157013	0.0759682048076377	0.139404011553353	0.200978087915183	0.208219471698486	0.165506688393031	0.0990500480566104	0.0445958241399843	0.0140624266488112	0.00381472508900974	0.000523032582134801	5.65190212758598e-05	
1.8381622739002e-05	0.00049022853186135	0.00199440606718172	0.00875432571768164	0.0285274996086116	0.0707748554978577	0.131208334663924	0.19244873591294	0.211078822111846	0.175918204894341	0.10786040247965	0.0498799352904569	0.0156854437019965	0.00455038628668633	0.000706602040204348	0.000103435572022859	
4.65365487992313e-05	0.000280948691568332	0.00182954668370491	0.00721190731931871	0.023185106040444	0.0646842306502288	0.124152909037398	0.185618414135036	0.211836571187084	0.181588128903725	0.117158434309259	0.0573311415038097	0.0191920814917857	0.00472581797417599	0.00107977370659838	7.84518170635689e-05	
0.00010586833397424	0.00043787396129555	0.0018215999886061	0.0060601313147138	0.0202944374023804	0.0556357876113477	0.115199939232526	0.179025726479902	0.211635388824798	0.190948653066779	0.122602493681923	0.0647086563583509	0.024051734642366	0.00611741731904665	0.00128846035159681	6.58314303935485e-05	
1.4845475362497e-05	0.000252053823627771	0.00136769927855779	0.00532840825376504	0.0168984609392397	0.047585495172427	0.108987817930621	0.171385745310705	0.208568712601973	0.198063703052182	0.13390155853547	0.0706144989213086	0.0276079549399916	0.00739049267024608	0.00170323894750369	0.000315266815493887	1.40473315258036e-05	
3.52162389120871e-05	0.000136222815064483	0.000863118000972608	0.0041486330176571	0.0148883052953378	0.0421568793802198	0.0999035075053809	0.165784766671608	0.211330888899489	0.204601385791016	0.144222183733363	0.071361226088574	0.0300152806462116	0.00853193424551929	0.0017814614675119	0.000238990203162482	
1.15844801432357e-05	0.000129360028266132	0.000646800141330658	0.00376189903095824	0.0134658318976086	0.03778953960058	0.0922848649410511	0.156849838750472	0.207112967345281	0.208883944747178	0.153724764336277	0.0819030790904638	0.0319031756277984	0.00852472932540354	0.00221456645404855	0.000752669418195228	4.03847849437799e-05	
5.2927333565315e-05	0.000455635306344886	0.00245060129231454	0.0117737017886644	0.0337829252805765	0.0836601979712394	0.151626455316756	0.205394051395071	0.205934830672803	0.160393161328266	0.0922944212782345	0.0369322659983139	0.0118923773626836	0.00257683791398585	0.000735558440076971	4.4051321104051e-05	
1.70299530419712e-05	0.000347377974186229	0.00159949287114592	0.0103902554278015	0.0300963911876111	0.0780089240260727	0.147517917412003	0.203904422612669	0.210390685310111	0.161427751581595	0.10075333568005	0.0403418093448809	0.0116187267977224	0.00280961157322541	0.000697236038621288	7.39066894151567e-05	5.12551984758357e-06	
3.23377332756951e-05	0.00018313545321417	0.00158739733188568	0.0076863273382862	0.0286562582729305	0.0691916907105253	0.140806868333484	0.198378924510661	0.218028370077711	0.170994561228901	0.103248517993519	0.0439587082332204	0.0133494519340645	0.00337267478293506	0.000507518104104044	9.55052226277005e-06	7.70743901907759e-06	
1.67072356992029e-05	7.45006326586906e-05	0.00119201012253905	0.00672704911688621	0.02315929735504	0.0641477724310835	0.128245082191076	0.194187859567842	0.223855648119703	0.181503487550211	0.109805919885054	0.0476839850234975	0.014573483025619	0.00381896721324331	0.000968167260569117	4.00632692787009e-05	
1.56618106932579e-06	0.000122684183763853	0.000635869514146269	0.00611280471357855	0.0206793327790212	0.0551918728428031	0.121284017887876	0.186968433794568	0.220140496883126	0.193916535078453	0.118751851139014	0.055435152968905	0.0157209775336546	0.00425722818666512	0.000622818005235221	0.000158358308120718	
1.86212149745487e-05	0.000108389524899024	0.00037980251674504	0.00471538351270599	0.0179840532131082	0.0517782206269658	0.113945322491336	0.185297602149661	0.216742861399135	0.196242484758711	0.127339246213218	0.0606538646399289	0.0192943894630625	0.00465003358845569	0.000834968252585187	1.47564345081329e-05	
6.72217294594276e-06	0.00016982331652908	0.000456577062459954	0.00357814189941011	0.0163645993390335	0.0459872696196347	0.109321283425563	0.178018706745913	0.219977448878759	0.196694495283334	0.137251558217379	0.0639570530984441	0.022258883616897	0.00497776906647062	0.000975422674313905	4.24558291322701e-06	
0.000242488165235286	0.000532484936769401	0.00264211431312446	0.0134442291348912	0.041963698479654	0.097779423015924	0.174474738490731	0.220084236821042	0.203572965095127	0.143046117610822	0.0697263857501026	0.0254817443323469	0.00576655577792959	0.00114020655117189	0.000102611525128697	
6.48628514989005e-05	0.000531875382290984	0.00264924764423455	0.0128341369811016	0.038682960688847	0.0936665779319164	0.169933207256536	0.215694748668001	0.206526517888464	0.150266968388512	0.0753116349028248	0.0260133798734659	0.00614384483526435	0.00151974549594136	0.000160291211101393	
0.000122690030414118	0.000503227886160998	0.00227527667595666	0.012424940443838	0.0368875978629167	0.0869088111317984	0.1627048688608	0.217496899321175	0.210367867715934	0.154244677529402	0.0778933525493507	0.0278154019173615	0.0087868828998647	0.00149775797069606	6.97472043296752e-05	
5.66639831231848e-05	0.000246026687106735	0.0015981777731996	0.0110713819548929	0.035000419096233	0.0817675759274744	0.15064273793125	0.21894510491074	0.223237989996363	0.155178391072363	0.0828838382914922	0.0297717636311729	0.00808267365655218	0.0014908239649183	2.64311231181629e-05	
8.88072426112374e-06	0.000374621572402914	0.00164855240569758	0.0103126957384123	0.0338335658029045	0.0803674734955691	0.144472528476314	0.212302956664965	0.22610323968821	0.162094785238714	0.0836404734839697	0.0341240923537327	0.0090010671368255	0.00163115343571661	8.39137823040876e-05	
