# <P(U)> as a function of N_tot.
# number_of_species: 1
# species_total_upper_bound: 445
# species_total_lower_bound: 421
# volume: 729
# Bin widths for each
10	10	10	10	10	10	10	10	10	10	10	10	10	10	10	10	10	10	10	10	10	10	10	10	10	
# Bin lower bound for each
-2000	-2010	-2010	-2020	-2030	-2030	-2040	-2050	-2060	-2070	-2080	-2090	-2100	-2100	-2110	-2120	-2130	-2140	-2150	-2160	-2160	-2170	-2180	-2190	-2200	
# Bin upper bound for each
-1840	-1850	-1860	-1860	-1870	-1880	-1890	-1900	-1910	-1920	-1920	-1940	-1940	-1950	-1950	-1960	-1980	-1990	-2000	-2010	-2020	-2030	-2040	-2050	-2060	
# Normalized histogram for each
2.36953774354649e-05	0.000154410536475063	0.000726224260082546	0.0022436397766229	0.0113508669578768	0.0309000741196614	0.0734465564432353	0.134140833605982	0.188375646724316	0.207388192645502	0.173792704245365	0.105898157007394	0.0510637987621899	0.0163832703865198	0.00349220389533778	0.000612824953784249	6.90030222021781e-06	
7.28406960969093e-06	3.70707114064628e-05	0.000547605947442836	0.00186888414557213	0.00939150703498044	0.0258579268237164	0.0646519710562291	0.12490800610301	0.182808425067085	0.209675325604415	0.17943277909368	0.117986318956401	0.0559380125676215	0.0205967474027739	0.00511927013622511	0.00106867706987894	0.000104188209952901	
0.000128329114540835	0.000317630843909194	0.00186370353655497	0.0068122565899606	0.0242513364141875	0.0579565549274016	0.113651390638124	0.176734595978908	0.209865264852401	0.188473778583682	0.123574162567843	0.0619737122043072	0.0266647054677453	0.00638570885289796	0.00119925837497298	0.000147611052563214	
9.00634588956109e-05	0.000317112005055023	0.00158829712026326	0.00603737985456381	0.0195625392316948	0.0503486016312043	0.10244633729769	0.165298249510451	0.210600169334943	0.196674351386691	0.135329666147401	0.0721459137517908	0.0296452151408796	0.00831790133111446	0.00130403025506597	0.000292087136591988	2.08540570525293e-06	
3.54281843803433e-06	0.000277783208641433	0.00130953066709565	0.00471194852258566	0.0160187879598234	0.0439854030631733	0.0926122919266647	0.15918985452269	0.20647834530959	0.201634131565318	0.145347669238797	0.0822726419230104	0.0328151589590465	0.0114938215214673	0.00157760392890692	0.000271353649253889	1.31215497704975e-07	
0.000130716718067545	0.00110397515938364	0.00394905521586475	0.0137590772052635	0.0402474293793463	0.0840769669438183	0.147824807212429	0.202217718161436	0.207197097958273	0.157433987730911	0.0883936221210818	0.0369557447516454	0.013971018497395	0.00252344641352371	0.00020906839722891	6.26813433290923e-06	
2.56743384854496e-05	0.000700221262507803	0.00254811192370539	0.0116167117710093	0.034684178506529	0.0782225628998133	0.140905798602284	0.200549933743002	0.206184392304951	0.164332176708796	0.0984142390410608	0.0438511084233931	0.0137925457866756	0.00356396873924308	0.000555703852063932	5.26720964804585e-05	
1.56685054144645e-05	0.000448809731363475	0.00193160803613742	0.00886478889809377	0.0296468040033297	0.0736460917502531	0.134263157328658	0.194120167610517	0.207799303973121	0.173236174436143	0.106712613452262	0.0486758054773643	0.0155371820936602	0.0043590313198817	0.000621030506978394	0.000121762876822576	
3.95083189704132e-05	0.000238518128378812	0.00185555625110366	0.0072966259228229	0.0237144680398388	0.0658144526502808	0.12730941807583	0.187445217244367	0.211861625316183	0.178082413018632	0.115622964103622	0.0560964739759637	0.0187242737109643	0.00482028186249156	0.00101159982931338	6.66035512372844e-05	
8.95669618136814e-05	0.000374735315570246	0.00175438784395588	0.00637465070223711	0.0203536569561264	0.0574034524382028	0.118053807653544	0.180634873117487	0.211176269922959	0.188662563098519	0.120736933934124	0.0640165467263744	0.0232037339114173	0.0058850447540269	0.00122408181145365	5.56948521890755e-05	
1.24962074682173e-05	0.000215929090337906	0.00141569937510901	0.00533346196812849	0.0171695203256861	0.0493363707627443	0.111345508312128	0.17403212842124	0.208232501480062	0.195057467773893	0.132685940207932	0.0695924543330801	0.0265958261592114	0.00702784020656097	0.00162692559166855	0.000308105416393788	1.18243683570228e-05	
2.9612312907388e-05	0.000114545810382669	0.000931307240937354	0.00420037198449069	0.0154246499891915	0.0435292923653266	0.101206944033536	0.169152126796693	0.212060502800921	0.201745995809589	0.141998039664886	0.0707591600978929	0.02911926789748	0.0078935658097312	0.00162719659426097	0.000207420791774023	
9.70175589654533e-06	0.000108336274178089	0.000632500585810886	0.00374595574894389	0.0137471186121854	0.0391779810026145	0.0924159622450779	0.158837551778069	0.208631679170478	0.207264405322114	0.152431967447375	0.0804515412788828	0.0313366715458414	0.00829041990681733	0.00216497377763602	0.000719412149050771	3.38213990282344e-05	
4.44531878250726e-05	0.000391933541103668	0.00245679792091612	0.0120821555654494	0.0343334610327083	0.0845953828047615	0.152569276910918	0.206668806494031	0.206562643446088	0.159556710602154	0.0898418253417684	0.036387419195632	0.01150205526967	0.0023387622824365	0.000631318099143034	3.69983053947809e-05	
1.43273470524405e-05	0.000357070872656453	0.00191332678355649	0.010267143818327	0.0294827591243292	0.0779847237096311	0.148021108216121	0.203797609391729	0.209649426509682	0.163456668608045	0.0991303578540082	0.040664071144876	0.0119063036014917	0.00270202637372481	0.00058658662640914	6.21779041984552e-05	4.31211416141412e-06	
2.6955725151605e-05	0.000159639346364168	0.00170365769636932	0.00765863828335886	0.028287030706761	0.0689379402390177	0.141048695028652	0.198357125368843	0.217138841118906	0.171902664971482	0.103928287156407	0.0433217609937808	0.0137242351103488	0.00331052618273831	0.000479616373940993	7.96101727275381e-06	6.42468060608202e-06	
1.38641550476559e-05	6.18228138349554e-05	0.00110347356501751	0.00713975690760305	0.0230908917028408	0.0633781456777506	0.12841998996122	0.194406011497629	0.222355016305944	0.181253313957469	0.111576880700926	0.0477771515329511	0.0148595447916897	0.00364287747425653	0.000888013277899348	3.32456779203994e-05	
1.2991729753544e-06	0.00011620380501781	0.000576977153610171	0.00627688205414838	0.0200901221857748	0.0546865211092512	0.121215436946516	0.18748754959232	0.220019129600299	0.193235956950604	0.119535606289383	0.0556519509824923	0.0162522208640251	0.00414724884243688	0.000575533628081999	0.000131360823063612	
1.54650877103908e-05	0.000107526128703378	0.00040369714806275	0.00469832282582751	0.0173903452332806	0.0524069512359523	0.113258861641155	0.182680619093723	0.218785325324169	0.196695927779791	0.127447350130169	0.0619958892046101	0.0188223248170305	0.00454308836050812	0.000736050636782281	1.22553525252154e-05	
5.57990564379556e-06	0.000140966037316941	0.000534202545582323	0.00330477253734903	0.0157804136795205	0.0452622856673809	0.109146478543574	0.178523941686462	0.220965144532038	0.198718354409469	0.136398297189005	0.0635179748584136	0.0220650026702785	0.00472955739160556	0.000884561884163802	2.24664621973874e-05	
0.000199846701714315	0.00057334024621463	0.00262435253598623	0.0135728369178137	0.0414868943938997	0.0977334793150658	0.172342526475685	0.22218499254614	0.204534875359993	0.143950903793245	0.0695748898223155	0.024446942811239	0.00562481860236561	0.00102456003886895	0.000124740439453145	
5.33712888493633e-05	0.000507685246260245	0.00260042465999199	0.0127123098903724	0.0387452161412909	0.0938346218234761	0.168316668087464	0.215735961559804	0.206504483261375	0.150396490187067	0.0767348995442677	0.026046651185581	0.00617264544516992	0.00146997689534972	0.000168594783680317	
0.000101093010482854	0.000464670523883633	0.00215823899846753	0.0121051063583335	0.0374657545565925	0.0853275629423098	0.162128324996014	0.217221633546919	0.212280433499931	0.153497751164393	0.0794988585720694	0.0280105059310629	0.00829200902184398	0.00137301876682309	7.50381108738709e-05	
4.66957463308034e-05	0.000229450664079155	0.0017186421652743	0.010576661137771	0.0340602950992143	0.0805024223604894	0.148987328892911	0.219070333938737	0.223414679412069	0.155783424830142	0.0854123383588698	0.0305246960823015	0.008212782222079	0.00143682662272194	2.34224670093806e-05	
7.38086419074322e-06	0.000313912672928753	0.00189417075915502	0.00976473269447184	0.0317976667130105	0.0779369550681608	0.142502194300798	0.213538945129902	0.224507059947228	0.165180727991204	0.0871131768158319	0.0348299968563544	0.00892903811222197	0.00161430043943255	6.97416351084513e-05	
