# <P(U)> as a function of N_tot.
# number_of_species: 1
# species_total_upper_bound: 445
# species_total_lower_bound: 421
# volume: 729
# Bin widths for each
10	10	10	10	10	10	10	10	10	10	10	10	10	10	10	10	10	10	10	10	10	10	10	10	10	
# Bin lower bound for each
-2000	-2010	-2010	-2020	-2030	-2030	-2040	-2050	-2060	-2070	-2080	-2090	-2100	-2100	-2110	-2120	-2130	-2140	-2150	-2160	-2160	-2170	-2180	-2190	-2200	
# Bin upper bound for each
-1840	-1850	-1860	-1860	-1870	-1880	-1890	-1900	-1910	-1920	-1920	-1940	-1940	-1950	-1950	-1960	-1980	-1990	-2000	-2010	-2020	-2030	-2040	-2050	-2060	
# Normalized histogram for each
2.59635249565111e-05	0.000166765717989898	0.000500439810700225	0.00208663999746642	0.0109309293201522	0.0302696183675676	0.0717219551846734	0.13376279666537	0.187480331203278	0.207771396583714	0.17411853119489	0.108404278903038	0.0518400293073987	0.0168312116948846	0.00358596223533967	0.000495589481862195	7.56080671810488e-06	
7.97259704501385e-06	4.05748242469455e-05	0.000493589177768983	0.00178685831271373	0.00923525710201792	0.0253128532501146	0.0640151137661125	0.123336503389777	0.181913451764364	0.210056719333263	0.179603391770571	0.120421522595194	0.0567488033986042	0.0208595883292569	0.00505064022801628	0.00100981483643363	0.000107345324498937	
0.000140681506923173	0.000315926389151328	0.00163404783828225	0.00663202616647464	0.0241223794855799	0.0574600403820196	0.111993619772307	0.175323006882254	0.209826253340115	0.189224196476507	0.125562172585216	0.0634005133946648	0.0267690485259792	0.00629024865777702	0.00119100820937293	0.000114830387376884	
7.40003325024574e-05	0.000317816456932519	0.00150353276731872	0.00575791026482994	0.0191000704072528	0.0502793049158749	0.100485322411892	0.162876727993313	0.210395064819443	0.197775940681105	0.137141579603398	0.0741968112272905	0.0300739347445392	0.00848194947958803	0.00125914631277303	0.00027860626148324	2.2813204625035e-06	
1.29291489818654e-06	0.00022080113316808	0.00129880484383384	0.00452922454555837	0.0150235274597167	0.0427033988577815	0.0922052315646497	0.15684523018554	0.206355538667852	0.203099691639797	0.14644372982963	0.0839241116417649	0.033625556043192	0.0118288784035087	0.00159775549973675	0.000297083112161086	1.43657210909616e-07	
0.00014247145943717	0.000974487565455449	0.00386136393538023	0.0129085168233255	0.0387097681330801	0.0827208232296486	0.147183921758634	0.201030242257437	0.2089588578868	0.158614207517931	0.0896059394385821	0.0380715878193072	0.0143134317586818	0.00267080183023457	0.000226691748147763	6.88683791841307e-06	
2.82159532708907e-05	0.000670056168654607	0.00248911249627848	0.0108666326426873	0.033444049437259	0.0766327837670421	0.139699220846993	0.200016202356672	0.207269156777872	0.165857591174981	0.0999711586415793	0.0448840186149661	0.013911773950072	0.00369745342295147	0.000504687411597891	5.78863371227552e-05	
1.72962197499377e-05	0.000481948902862671	0.00193219295545491	0.00853040763378919	0.0285296747431218	0.0709869105726808	0.132653943684681	0.192848599445935	0.209255969394486	0.175217741817276	0.109006346833179	0.0498535684446594	0.0154610615188426	0.0044049660671621	0.000684959617724228	0.000134412148395702	
4.37646790947513e-05	0.000264214464670002	0.00180987647567179	0.00706193367433312	0.0230582195907559	0.0642307285710167	0.124976251008177	0.186069968780703	0.210947527480448	0.180517620827847	0.118202040528163	0.0575316277429624	0.0193438403062345	0.00480893982282698	0.00105966707794622	7.37789691495976e-05	
9.96280997704682e-05	0.000412064203385479	0.00174818275516521	0.00600627880409944	0.0202498208108953	0.0560134791308915	0.115391081989458	0.179483521378269	0.21033144883829	0.190691608141984	0.12301613126367	0.0652294506619759	0.0240546015598276	0.00595966655413209	0.00125108470279776	6.19511053879144e-05	
1.39703869857283e-05	0.00023719614032758	0.00130555519669854	0.00533188081367139	0.0168021694058139	0.0482445532765965	0.108995607289718	0.171455254653115	0.208057968994153	0.197172483805618	0.134486456085365	0.071039868480073	0.0274418959587726	0.00730125472101438	0.00175621284139945	0.000344452659766397	1.32192909112268e-05	
3.31567535258063e-05	0.00012825635113846	0.000857855641222224	0.00411505453758461	0.0148331258273175	0.0423271579884642	0.0996692010985737	0.166048268094658	0.210908300627461	0.203907101407971	0.144594190725785	0.0722637878968505	0.0300175625294926	0.00835700901366345	0.00171013491935147	0.000229836586940248	
1.08826164712028e-05	0.000121522550595098	0.000619855696505592	0.00371656467236674	0.013281628813299	0.037717032624875	0.0917551181549854	0.156786913532775	0.206223163770077	0.208796297975712	0.154326988767931	0.0825503895372107	0.0324778085312458	0.0085931860310735	0.00224635341659744	0.000738355298080911	3.79380101982208e-05	
4.98291880194538e-05	0.000431904545845638	0.0024962566209373	0.011712954165194	0.0337298725672679	0.0831720332598998	0.150768731286973	0.20381855614202	0.205786190072664	0.161478911730534	0.0929365423743082	0.0381033896846772	0.0122339941529626	0.00253664611805865	0.000702715350299192	4.14727403391727e-05	
1.60465330764226e-05	0.000359722765761746	0.00192947875875237	0.0103696435737841	0.0297984119229168	0.0770503107107337	0.146771406386707	0.202211866582581	0.209514908631352	0.162226087238301	0.101728788041189	0.0418802049967969	0.0125544647375099	0.00285721763710282	0.00065697310663373	6.96388377200089e-05	4.82953908125341e-06	
3.04052931046624e-05	0.000180068652946265	0.001758780788707	0.00771979364100864	0.0284639230169487	0.0680564983909613	0.139207404901932	0.197561779065688	0.217553810673329	0.17169853262165	0.10500743669358	0.0443208347623559	0.0143512983454007	0.00355836453551819	0.000514841957855113	8.97980159049616e-06	7.24685742390918e-06	
1.56998848461507e-05	7.00086701813048e-05	0.00123692664180745	0.00693694605839973	0.0231691851631603	0.0635427206682896	0.127289379636673	0.193452218842297	0.222705429789154	0.181424184615266	0.111557454209203	0.0484291784602706	0.0153251702476288	0.00386040944018056	0.000947439989593219	3.76476830494431e-05	
1.47334570288903e-06	0.000131782587869519	0.000650236570208361	0.00647109803216674	0.0205372931627264	0.0551142612333606	0.120346805933851	0.186590065786523	0.219367751343773	0.192856859881222	0.120288690631126	0.0563829755886262	0.0162203902532616	0.00430544355399796	0.000585900474515539	0.000148971621069891	
1.7499329329949e-05	0.00012166986524691	0.000425761984357911	0.00489667554014734	0.0180619492767081	0.0517461771807095	0.113186487546173	0.183964010813265	0.217560411894591	0.196209909407953	0.127358137807218	0.0618839018551765	0.0191657277285953	0.00458680534059721	0.000801007036876535	1.38673930539219e-05	
6.32884618139073e-06	0.000159886640371976	0.000474163817853142	0.00344772223160446	0.0165960667220274	0.0464996983805149	0.109050349968539	0.177668366461512	0.221001976265494	0.197648700404746	0.136190440977347	0.0639216795292138	0.0216639735760679	0.00471099323912679	0.00095565577339	3.99716600929941e-06	
0.000227572656672918	0.000559235355873579	0.00275639714528086	0.0138025385373493	0.0423479067127801	0.098139340765274	0.173735397144949	0.220586192687907	0.203884381819514	0.143294363656796	0.0694126437577964	0.0245717142270867	0.00551594351159361	0.00107007215694126	9.62998641856993e-05	
6.09227882941452e-05	0.000526439655560915	0.00266240930432852	0.013067687721471	0.039385497705798	0.0935642167916557	0.169297919111228	0.21594658156393	0.206049215598237	0.149655076871206	0.0768419963312798	0.0255231431485231	0.00584090973579539	0.00142742927531926	0.000150554397373477	
0.000115082483124061	0.000500329146071026	0.00229181934728063	0.0124268743190812	0.0379916259273546	0.0865608404987292	0.162203590573473	0.216194562954355	0.210389592340218	0.154827464409174	0.0790272598030276	0.0277218278420289	0.0082788202808216	0.00140488763271773	6.54224425418077e-05	
5.30239759850516e-05	0.000252414454369735	0.00161985705549222	0.0109102336273651	0.0359807487391983	0.0824109476722813	0.149476621169949	0.217077108380668	0.221873999447738	0.155999925461503	0.0849001946471195	0.0301909710163832	0.00783416539753582	0.00139505572599649	2.47332284147525e-05	
8.3440074190146e-06	0.000354875744106662	0.00179651588307355	0.00991165909859518	0.0334589588926514	0.0808595621814164	0.143329442868922	0.210065495349663	0.224809186173196	0.1636218986261	0.0866591581952287	0.0346165622076405	0.00889692562492359	0.00153257279124758	7.88423558164032e-05	
