# <P(U)> as a function of N_tot.
# number_of_species: 1
# species_total_upper_bound: 445
# species_total_lower_bound: 421
# volume: 729
# Bin widths for each
10	10	10	10	10	10	10	10	10	10	10	10	10	10	10	10	10	10	10	10	10	10	10	10	10	
# Bin lower bound for each
-2000	-2010	-2010	-2020	-2030	-2030	-2040	-2050	-2060	-2070	-2080	-2090	-2100	-2100	-2110	-2120	-2130	-2140	-2150	-2160	-2160	-2170	-2180	-2190	-2200	
# Bin upper bound for each
-1840	-1850	-1860	-1860	-1870	-1880	-1890	-1900	-1910	-1920	-1920	-1940	-1940	-1950	-1950	-1960	-1980	-1990	-2000	-2010	-2020	-2030	-2040	-2050	-2060	
# Normalized histogram for each
2.4474175038762e-05	0.000159485558219625	0.000670753764249147	0.00230958217742163	0.0112987315115762	0.0310729236284713	0.0728956579855064	0.133646073844772	0.188223887601679	0.208099069308981	0.173534944953277	0.106885042648267	0.0509282032593684	0.01616559603357	0.00344547974089648	0.000632966713777212	7.12709492887025e-06	
7.53194148434661e-06	3.83322021971211e-05	0.000551983711638544	0.00187504993273707	0.00952252601949535	0.0261082646648918	0.0644536477596106	0.123714425362629	0.183106070448939	0.210540763808806	0.179504860926735	0.118596471124016	0.0556625270578273	0.0202611915908025	0.00484357637025518	0.00110504341491771	0.000107733663017172	
0.000132941697440083	0.000312041831960885	0.00178708732568948	0.0068664049312327	0.0245518346426628	0.0580277687537883	0.112602562495082	0.175788604075736	0.210978608803602	0.189150391881082	0.123921771976511	0.0621935002172281	0.0262171824647067	0.00611855727081088	0.00119782493886369	0.000152916693603669	
9.32597494565359e-05	0.000317838943516848	0.00154344210533277	0.00607254582785438	0.0196860399062652	0.0508581449029768	0.101498188857876	0.163410110895425	0.211017121059388	0.197765464011791	0.135886338094529	0.072794700470874	0.0293029960672998	0.00817649117413215	0.00127270540864708	0.000302453109308389	2.159415327503e-06	
3.66692828615513e-06	0.000270130383746761	0.00129564799444148	0.00459126583858372	0.0156496350523576	0.0436819436784261	0.0926506472603768	0.157699238813594	0.206816249272896	0.202855016038737	0.145543235732831	0.0826512054483492	0.0330114539900322	0.0114106659535623	0.00158900225733389	0.000280859544287734	1.35812158746486e-07	
0.000135495430717775	0.00109019000899197	0.00386155209542127	0.0134543849421126	0.0399163312331316	0.0839845619132226	0.14744000943189	0.201498760846233	0.208998791640649	0.15702851075632	0.0884534746456375	0.0373290588427824	0.0140099026720484	0.0025757667843442	0.000216711473106052	6.49728339106215e-06	
2.66068478894735e-05	0.000720853569624086	0.00257400681025587	0.011391982506409	0.034415957745034	0.0780196440826645	0.140631043114614	0.199992292243034	0.207360743324013	0.164280279278642	0.0985100713776697	0.0440114294241016	0.0138494129212728	0.00360481644292228	0.000556275129070642	5.45851827835591e-05	
1.62962424869834e-05	0.000454085129637299	0.00198662244216319	0.00875840171425423	0.0293554711803023	0.0726753030307006	0.134006073526713	0.19450338789214	0.208236839092421	0.173348103069038	0.107049602585744	0.0487091925860935	0.015668284736235	0.00445978439518775	0.000645911238234078	0.000126641138648845	
4.11515539438481e-05	0.000248438604383975	0.00180900006728835	0.00718831451576577	0.0237950519149097	0.0653875948084534	0.12681101593733	0.187562665753176	0.211222445837048	0.179060003970569	0.115848714653457	0.0561127852873185	0.018993249476847	0.00479651946829968	0.00105367441669063	6.93737345202035e-05	
9.35730163954191e-05	0.000391496073080386	0.00179327300927604	0.00635778992564092	0.0204387805184057	0.056959811298613	0.11745105984379	0.180526126523306	0.210593836181762	0.189623969350571	0.121283077676653	0.0639334487447159	0.0231993943070401	0.00601734639513801	0.00127883122407073	5.81859115403503e-05	
1.30763874750143e-05	0.000225954351315569	0.00141098439044912	0.00541699896626236	0.0171334421438751	0.0492333018750134	0.110581384623518	0.173610415890988	0.208893462031233	0.195596322638629	0.132561526512165	0.0694756902926524	0.0266171976148669	0.00719552826918123	0.00169993037175185	0.000322410284733416	1.23733558903361e-05	
3.10364174268355e-05	0.000120054505591987	0.00097595425344931	0.00421615623281094	0.0152244913448602	0.0435642673211777	0.10088754278617	0.168288060840407	0.212136593530289	0.202206491774573	0.142684568284139	0.0706620223019231	0.029036120323676	0.00804703766565511	0.00170220642123726	0.000217395996612516	
1.01742768844668e-05	0.000113612758543213	0.000663306329106769	0.00376744994467737	0.0136226502012952	0.0389424687035004	0.092517949826684	0.158818625144312	0.2083112537394	0.207683557379389	0.152661350606995	0.0799952520041206	0.0314190148756407	0.00841723579027989	0.00226617886661382	0.000754450892863451	3.54686596944608e-05	
4.66749599276625e-05	0.000411522395138614	0.00250841671288261	0.0118651516921702	0.0341456322529191	0.0844450042862688	0.152329529855595	0.205937170865432	0.206299264188101	0.159939432716596	0.0904586814990606	0.0367397163611969	0.0117599156023954	0.00241216772719327	0.000662871402947828	3.88474821758185e-05	
1.50994954129785e-05	0.000376314608981708	0.00198404437785681	0.0103428611638046	0.0296577545437753	0.0780809567509404	0.147986049825403	0.203356632490009	0.209763656247526	0.162144099029234	0.099953821931504	0.0406267316775686	0.0122037640256721	0.00281994071615587	0.000618199729675053	6.55288781514699e-05	4.544508328178e-06	
2.84430453806578e-05	0.000168447672902031	0.00175447904278099	0.0076747589341374	0.0282421755834877	0.068234718494906	0.140143453162557	0.198056588396711	0.217771892670979	0.172211439409682	0.104373449817183	0.0434752685509816	0.0139111545371079	0.00343247134694768	0.000506079885166731	8.40027765128237e-06	6.779171437877e-06	
1.46470326681139e-05	6.53138089384264e-05	0.00116174882580867	0.00707451677869903	0.0227232271298915	0.0629154320687813	0.127790876243783	0.194338921873774	0.223134091342184	0.1816248491393	0.112026633685933	0.0476698140349959	0.0147323740523333	0.0037699668573521	0.000922464139057135	3.51229865000691e-05	
1.37178309243806e-06	0.000122698376601404	0.000605413604795998	0.00626706726797508	0.0200928117956275	0.054450186288144	0.120330526563513	0.187553690066035	0.220524801533471	0.193088682423679	0.120213315319281	0.0560905340260127	0.0157099648152879	0.00422829275192492	0.000581940871880946	0.000138702512679848	
1.63638353680836e-05	0.000113774968549789	0.000398135202021582	0.00461707158668533	0.0176697003056178	0.0515155150000023	0.112855043125653	0.183393207989442	0.218515401842537	0.197078931886153	0.12786886207587	0.0621158840508026	0.0186515304277028	0.00442811560092558	0.000749494535019302	1.29675676501795e-05	
5.91223903493589e-06	0.000149361828251012	0.000442951171906907	0.00322839368355052	0.015936907074383	0.0455385544108804	0.108400280364598	0.177962440167752	0.22065222887522	0.199864174087434	0.137002603718954	0.0636713915310288	0.0217430369771655	0.00447712080182408	0.000920909022310145	3.7340457062753e-06	
0.000212449937711783	0.000522072898644978	0.00257322830600652	0.0132426096279588	0.0415823172330941	0.0972483787346432	0.172600023612426	0.221868293726816	0.204503876785844	0.144430523532041	0.0697857040843152	0.0247815966672748	0.00556006089715767	0.000998963436174267	8.99005198911476e-05	
5.68116109858402e-05	0.00049091457821737	0.00248274522420586	0.0124899937631747	0.0385671457986724	0.0932228728837869	0.168895471772178	0.216310753597459	0.205307044966624	0.150661435017712	0.0776759475048263	0.0262905457852555	0.00603417132794261	0.0013737514481124	0.0001403947208472	
0.000107974497028078	0.000469426679273763	0.00215026678764899	0.0117967306149203	0.0371177837972102	0.0856821364384191	0.162115994823585	0.21797792867704	0.210929690633189	0.153761885543217	0.0793429680296897	0.0286278715411984	0.00850374698538067	0.00135421327936835	6.13816728318673e-05	
4.99911357570782e-05	0.000237976972134334	0.00152720523996544	0.0104355298022236	0.0347994205500303	0.0810282841221445	0.149132342348242	0.218164191333486	0.223097981028923	0.155172645106059	0.0855584712614856	0.0312514873560758	0.00814056932396971	0.0013805858705565	2.33185489473911e-05	
7.87738924029011e-06	0.00033503018728091	0.00169605013234818	0.00935737383919033	0.0320744783038213	0.0786949577474525	0.1419666304146	0.213144790433313	0.225493643027265	0.163899532742208	0.0869993336371755	0.0353918237522577	0.00922474432647116	0.00163930077720894	7.44332901684556e-05	
