# <P(U)> as a function of N_tot.
# number_of_species: 1
# species_total_upper_bound: 445
# species_total_lower_bound: 421
# volume: 729
# Bin widths for each
10	10	10	10	10	10	10	10	10	10	10	10	10	10	10	10	10	10	10	10	10	10	10	10	10	
# Bin lower bound for each
-2000	-2010	-2010	-2020	-2030	-2030	-2040	-2050	-2060	-2070	-2080	-2090	-2100	-2100	-2110	-2120	-2130	-2140	-2150	-2160	-2160	-2170	-2180	-2190	-2200	
# Bin upper bound for each
-1840	-1850	-1860	-1860	-1870	-1880	-1890	-1900	-1910	-1920	-1920	-1940	-1940	-1950	-1950	-1960	-1980	-1990	-2000	-2010	-2020	-2030	-2040	-2050	-2060	
# Normalized histogram for each
2.24712358920457e-05	0.000146433438285529	0.000689570617896018	0.00223601143958763	0.0111569686204007	0.0304860590057614	0.0732515372115641	0.133047866325285	0.187552713259745	0.205532294808293	0.17414467006361	0.107281878071815	0.0526078795265187	0.0174685461344968	0.00374541176255608	0.000623144656852498	6.54382144109024e-06	
6.93356002772929e-06	3.52868679982651e-05	0.000521255137798934	0.00185943222315069	0.00924392127982623	0.02545668945538	0.064591435641891	0.124528966742313	0.182636285622558	0.208522979613229	0.17900136677802	0.119228879168973	0.0570722374189625	0.0207086865992485	0.00539232868442261	0.00109240714508313	0.000100908061117846	
0.000122171648809968	0.000302390334821016	0.00185080745537293	0.00682821686323485	0.0239063249812991	0.0577240575325519	0.113663664799694	0.176041531910925	0.210199112500491	0.187893670231061	0.123624437157695	0.0629327868643028	0.0269852985955718	0.00654269489819877	0.00123560808674609	0.000147226139225819	
8.55432734452015e-05	0.000301196504040775	0.00152838965840008	0.00596562200296789	0.0191655309383775	0.0499443968722606	0.10280927328699	0.165736564104285	0.210639850067772	0.196353380624362	0.134937519366391	0.0726226490610109	0.0299566106195227	0.00833384605652318	0.00134021921608937	0.000277427606064684	1.98074149800756e-06	
3.36797860659989e-06	0.00026407447074711	0.00125912503907479	0.00469284159847757	0.0157971918043858	0.0435344914689102	0.0920060653552506	0.159851499586238	0.206504489764962	0.202362125558741	0.144728651942862	0.0826798831136788	0.0330846517722179	0.0114082167201926	0.0015652368724302	0.000257962213275873	1.24739948392589e-07	
0.000124449379872843	0.0010622332683652	0.00390330942106671	0.013601782622366	0.0398241745344742	0.0836149399429174	0.14832899045196	0.203243740140246	0.207739831422685	0.15713207460846	0.0880053549287611	0.0369685523503589	0.0137435131848586	0.00250204172821275	0.000199044412763658	5.96760263126519e-06	
2.43987929891955e-05	0.000670086438383678	0.00259369230833082	0.0113458160408984	0.0340754297488949	0.0778359226447587	0.141605060762427	0.200918400752187	0.207681142487316	0.164239091570054	0.0975520338846412	0.0435968700624672	0.0137728671084525	0.00350852127845148	0.000530610864027916	5.00552557201021e-05	
2.10460836136957e-05	0.000430499530684938	0.00196623351222084	0.00889455382806837	0.0291407602399909	0.0726212128391696	0.13501251674865	0.194659260125561	0.2097751370894	0.172881100465686	0.105460412694796	0.048591122232629	0.0155321357313602	0.00430033240209664	0.000598112052877844	0.000115564423196162	
5.09369606207755e-05	0.000278565472921099	0.00182610909198072	0.00714463911989062	0.0236393226222601	0.0647042937952431	0.127095973363399	0.18865932395348	0.212592200979717	0.178178885524707	0.115222961619699	0.0561213524182227	0.0187226991863805	0.00472532402766296	0.000974026468927946	6.33853948871994e-05	
8.53579368335957e-05	0.000430362213661761	0.00175972595636615	0.00632159093924863	0.0204263201517202	0.0568732660472921	0.117109941022642	0.180729291067247	0.211405453517308	0.189087606588969	0.121155447903333	0.0640729336999769	0.0234382176956572	0.00583725801216293	0.00121414966652989	5.3077581050487e-05	
1.19099790000177e-05	0.000205799314548692	0.00153625922671196	0.00529737936920141	0.0170819834289931	0.0495077336744283	0.110529087370325	0.173742261395097	0.209035114972278	0.195841675654645	0.133110151425778	0.0690813359359412	0.0262789204385229	0.00685553758955856	0.00157544689955072	0.00029813366787141	1.12696575484038e-05	
2.82669385774843e-05	0.000109341657861087	0.00102313469042049	0.0042157569166629	0.0152289416447041	0.0435704021511654	0.100061236467846	0.16847943400338	0.212959903090656	0.202214611848678	0.142575483004889	0.0708121502608781	0.0291565762261684	0.00777687723308815	0.00158988680889905	0.000197997056126833	
9.26696743124296e-06	0.000108372035793147	0.000662845587095851	0.00377821984644635	0.01379581163962	0.039012645806723	0.0924228125966918	0.158823079691286	0.209339764608731	0.206781309350422	0.152919635313942	0.0799106046541799	0.0311395847265961	0.00839844665032591	0.00216113402969445	0.000704160816893476	3.23056781283609e-05	
4.23329616271423e-05	0.000383100155843145	0.0024681957192173	0.0121273417555768	0.0339900814659721	0.0845500992195222	0.152342261731818	0.207647252314706	0.207800282026923	0.159300775166486	0.0891960760236886	0.0356304179946114	0.0115382299510699	0.00231201075520163	0.000636309112656425	3.52336450809756e-05	
1.36129045048141e-05	0.00034560917747659	0.00195404653498715	0.0106755569065666	0.0296577610076193	0.0776717968373126	0.146701513940011	0.203304763855756	0.211083151056983	0.164412167029017	0.0987610935259405	0.0403569752919175	0.0117193891374309	0.00271015747355066	0.000569230870895478	5.9077362268465e-05	4.09708776358482e-06	
2.55869113800639e-05	0.000151532848224938	0.00173487213637055	0.00786910213406773	0.0284946716251361	0.069389449893337	0.140773618276956	0.198598314525186	0.217120189146934	0.17169957678188	0.103947158918185	0.0431059911951858	0.013381822077103	0.00321692437635881	0.000477533962647617	7.55675621069244e-06	6.09843483669916e-06	
1.31658865431071e-05	5.87091063197733e-05	0.0010680489593643	0.00739103314458199	0.0231448224680959	0.0636232062990975	0.12852014494835	0.193476464432828	0.222499183513516	0.181293317278117	0.112011466681104	0.047780211376965	0.0147499576474925	0.00349540853141387	0.000843288467664112	3.15712585472465e-05	
1.22785093343957e-06	0.000109824444602094	0.000547485088432553	0.00625781049621549	0.0202198398882383	0.0544450932348142	0.121442779417944	0.186862950007367	0.219930885635235	0.193628817934264	0.119919289265309	0.0558400683230831	0.0160546966662483	0.00407114441164112	0.000543937963513727	0.000124149372158889	
1.46111672048217e-05	0.000101588964433524	0.000381406600525864	0.00463366978072911	0.0174417362477558	0.0522590449672455	0.112602751999559	0.182571634348649	0.219538576582848	0.197110848447047	0.127380293532836	0.062054454166078	0.0186900261553677	0.00451236952468908	0.000695408854229485	1.1578660803821e-05	
5.25727731695129e-06	0.000132815426954559	0.000503315128396547	0.0033245361559563	0.0158567784843435	0.0444722772699125	0.108623788681801	0.177472123978774	0.221828187750101	0.199106650234447	0.137047535194705	0.063982586790731	0.0218936546876375	0.00486671695206304	0.000862608528189244	2.11674586708828e-05	
0.000190095124423778	0.000543795583369682	0.00261562656039274	0.0134068532517796	0.0410969188668519	0.098060947379199	0.171106199901013	0.221996929380416	0.206251425713433	0.144041320778179	0.0695621882817405	0.0243298426286875	0.00570353999670044	0.000976690906425709	0.000117625647387132	
5.04222831679505e-05	0.000527154609777806	0.00260814440057783	0.0125355321685187	0.0381354088342327	0.0937475954442017	0.166654487037536	0.215212112730963	0.207525960914028	0.151679207079896	0.0775117584073631	0.026141260029372	0.00612292289548787	0.00138875400736276	0.000159279157514101	
9.51111336476717e-05	0.000549515430485738	0.00219105795657862	0.011992967659273	0.0370485180242602	0.0855145743454596	0.161700693526854	0.2166805317875	0.212601118613389	0.153490599616166	0.0798911110591276	0.0285869889369923	0.00829483947159672	0.00129177448379798	7.05979548724986e-05	
4.39971324552649e-05	0.000236713006564428	0.00192561251598937	0.0106310004076412	0.0336616016080741	0.079935058545705	0.149418478795631	0.219462897625842	0.222497434671989	0.155639082947948	0.0852210399066642	0.0309561293768713	0.00895194051250334	0.00139694409693426	2.20688491868262e-05	
6.90930646919775e-06	0.000303022440863387	0.00180163691340693	0.00951820418946503	0.0319167657000594	0.0769086183586759	0.14215728852869	0.214401984014403	0.224929651979643	0.164630019329137	0.0862786249746894	0.035608732460937	0.00980331883601029	0.00166993707172875	6.52858958211951e-05	
