# <P(U)> as a function of N_tot.
# number_of_species: 1
# species_total_upper_bound: 445
# species_total_lower_bound: 421
# volume: 729
# Bin widths for each
10	10	10	10	10	10	10	10	10	10	10	10	10	10	10	10	10	10	10	10	10	10	10	10	10	
# Bin lower bound for each
-2000	-2010	-2010	-2020	-2030	-2030	-2040	-2050	-2060	-2070	-2080	-2090	-2100	-2100	-2110	-2120	-2130	-2140	-2150	-2160	-2160	-2170	-2180	-2190	-2200	
# Bin upper bound for each
-1840	-1850	-1860	-1860	-1870	-1880	-1890	-1900	-1910	-1920	-1920	-1940	-1940	-1950	-1950	-1960	-1980	-1990	-2000	-2010	-2020	-2030	-2040	-2050	-2060	
# Normalized histogram for each
2.1233599815011e-05	0.000139068411975237	0.000723342411280595	0.00239718008461006	0.0108922533644464	0.0299529092423443	0.0721679890415958	0.133124287376473	0.18886423691284	0.20733886876947	0.174628974926969	0.106506219986394	0.0519413518639659	0.0170358804669665	0.00367119607351072	0.000588824056408575	6.18341093514057e-06	
6.55026303399996e-06	3.33361600837498e-05	0.000523553166788997	0.00194039845483974	0.00909375356389869	0.0250008334040021	0.0638420216918979	0.123537025069377	0.183314608548678	0.210913556997523	0.180184284632323	0.118092118922365	0.0567732351573671	0.0204191583496846	0.00519611312070322	0.00103412277649274	9.53297209412494e-05	
0.000115535325600247	0.000309775426304825	0.00189806359275452	0.00693141576753401	0.0234608260764051	0.0565203504626281	0.113166675483322	0.176067156403513	0.211831614945744	0.189744896828127	0.123652708552699	0.062036956994233	0.0265963492479237	0.00635913469788568	0.00116931133087194	0.000139228864454308	
8.09496151320252e-05	0.000285022306246335	0.00157178145618869	0.00603724806921696	0.0187858166902409	0.0488532684549307	0.101612619424112	0.165052633650626	0.212039140720421	0.19836861338581	0.135754847546453	0.0720690557619842	0.0297554853029003	0.0081784883953865	0.00129062505052029	0.000262529793792863	1.8743760377893e-06	
3.1907784140295e-06	0.000259280290384471	0.00124499446636299	0.00473286980383212	0.0156342233438531	0.0426425081409166	0.0912490538455675	0.158565024223326	0.206520651131515	0.20515641609405	0.146164595713603	0.082164316815934	0.0327531040660562	0.0111525977958812	0.00151266532220658	0.000244389991119	1.18176978297389e-07	
0.000117858757170575	0.00107650611069987	0.00386508433730117	0.0133282830286804	0.0391545394401203	0.0827960712648694	0.147686677498055	0.203173897476068	0.210438871395844	0.158117118637143	0.0875101860696601	0.0364052867129146	0.0135867245591394	0.00252118837891461	0.000216054764643362	5.65156877541219e-06	
2.31464302835485e-05	0.000710977206493123	0.00260993898171456	0.011238069148648	0.0337214854472189	0.0767484324259058	0.141209451093144	0.2001906120465	0.208583817877205	0.166848179223048	0.097304848747623	0.0430974600730043	0.0135485362746322	0.00348317982318513	0.00063437922586406	4.74859755301666e-05	
1.99435418631663e-05	0.000424785499444805	0.00197142508429431	0.00883164521800441	0.0289307944766659	0.0717944816816777	0.134392005004277	0.194340619931265	0.210108437933429	0.17428923963515	0.106456835129486	0.0484366532204999	0.0151049042244243	0.00417679866266012	0.000601530660866878	0.00011990009599173	
4.82194400580653e-05	0.00026971621957666	0.00183281971412726	0.00695646590224224	0.023365625527588	0.0639304399104008	0.126132675849444	0.188327696909675	0.212428157844233	0.179030724320924	0.117238654242325	0.056246593975961	0.0185459662334052	0.00462990798143564	0.000956332186488264	6.00037421171437e-05	
8.07905347789968e-05	0.000407334041568844	0.0017287242232606	0.00622751315019926	0.0203514859239098	0.056237820283448	0.116402857593821	0.180316503260061	0.210683479470811	0.190002551724962	0.123298070096476	0.0643496005699054	0.0230178150978791	0.00569241171581102	0.00115280485052362	5.02374625830533e-05	
1.12448781393765e-05	0.000216191850679626	0.00150354902863599	0.00526175658055105	0.017252182231835	0.0489860747298327	0.10956247509199	0.173860446467609	0.208875666954278	0.196081172059694	0.134298546919919	0.0695064054695087	0.0259172676832359	0.00685151634158893	0.0015233787062151	0.000281484691488909	1.06403147985498e-05	
2.66110865899356e-05	0.000157973086756618	0.00100033493681258	0.00422196984697778	0.0151420711481269	0.0435327136740222	0.0988127705636869	0.168547727770036	0.212330585658003	0.2029068741396	0.143549031108481	0.0713836349800798	0.0289377422742875	0.00763254347193153	0.00163101768899405	0.000186398565614049	
8.7219148285635e-06	0.000110841000946328	0.00073990910795647	0.0037557534353442	0.0136353813196936	0.039235291580881	0.0914910694860418	0.158513776022196	0.209026866889528	0.206880185602348	0.153593283544121	0.0805691727796791	0.031278482503112	0.00834784159258288	0.00211833506398736	0.00066468259256011	3.040556419402e-05	
3.98375567948087e-05	0.000439079158586262	0.00252498352989209	0.0118155471632752	0.0337996925579856	0.0839779408808183	0.151908398363196	0.207539443202098	0.208537856504378	0.159314224915175	0.0897677482810775	0.0359730663474713	0.0114916505058566	0.00223770773213573	0.000599666576970304	3.3156724288847e-05	
2.52604030241307e-05	0.000369573384146148	0.00205866062872521	0.0104019353201781	0.0292591372663988	0.0773665171242512	0.146916246085104	0.203142792329747	0.212433518787829	0.163952583610379	0.0988199409852279	0.0405835128211478	0.011469591763267	0.00259510199541007	0.000546147334349308	5.56226608462384e-05	3.85749996920222e-06	
3.90189924945967e-05	0.000173209309631463	0.00175760551448418	0.00776728072389235	0.0277736438211299	0.0685072208897681	0.140252392852221	0.199670814769089	0.217648315317481	0.172291112699106	0.10366445867526	0.0432989507642845	0.0134400419404145	0.00322281870700564	0.000480233753779652	7.12846978266671e-06	5.75280017548542e-06	
1.2389081376164e-05	6.83927859643339e-05	0.00111678719262278	0.00717947265748703	0.0225966730765414	0.0628659914785876	0.128347596157918	0.194014278542705	0.223189174572397	0.182151353867435	0.111624485426458	0.0476259043555333	0.0148148129419378	0.00352633710108896	0.000836642250484217	2.97085114632504e-05	
1.152226389441e-06	0.000192421807036647	0.000599925873435613	0.00625057211240865	0.0199464470779219	0.0545817322187463	0.121566925469516	0.187558899572588	0.220183933739301	0.194227857889518	0.118342227880934	0.0554384765518729	0.0162082405951121	0.00420383396929829	0.000580850125432645	0.000116502890487923	
1.37157952651004e-05	0.000107785447696497	0.000531810552260027	0.00490857257907156	0.0173073927101325	0.0524294037666162	0.113664477487722	0.182974014002533	0.220308020531252	0.196827096614579	0.126360904497176	0.0607550208868271	0.0185762331664492	0.00452090727139004	0.000686307340434837	2.83373505948773e-05	
4.92577185872834e-06	0.000124440552220506	0.000582666960657471	0.00354746311731102	0.0165499453174511	0.0439906425889753	0.1095953128429	0.177289676995103	0.22056478640881	0.198690211337649	0.137164209808327	0.0641970661325056	0.0218526683489474	0.00489984674368241	0.000903490259350962	4.26468142505691e-05	
0.000178491457218433	0.000598236349753044	0.00291024843819975	0.0139340612605879	0.0406294240267544	0.0987104153309341	0.171933023819266	0.221319096974989	0.206271944944729	0.143525689560183	0.0689868837775752	0.0241062700762616	0.00571391750086185	0.00105947889515721	0.000122817587530084	
4.72703570440149e-05	0.000528391936272824	0.00296780137539903	0.0129119304035296	0.0388422466448083	0.0942355936463978	0.168063084816878	0.215535085548338	0.206828533319968	0.150332815690547	0.0762442367397907	0.0257848789509762	0.0059032257939186	0.00154658247621815	0.000228322299913968	
8.9390517285414e-05	0.000537133005190706	0.00253848005051157	0.0123624847351539	0.0368073024811859	0.0864620892051537	0.163277769908019	0.217482915747529	0.211119074488236	0.151893709803889	0.0797679374777182	0.0282962457035942	0.00797668842757472	0.00129280541935606	9.59730296039276e-05	
4.14746806350211e-05	0.000223141732234427	0.00219617046915284	0.011183985525999	0.0338595052481372	0.0806229364524413	0.150425619002983	0.220640663234471	0.220889246304348	0.154398707898065	0.0846295496101446	0.0309427618930634	0.00860460490861458	0.00132082944591019	2.08035938009531e-05	
6.50506665038187e-06	0.000285293637381034	0.002059450998926	0.00986659303108227	0.0323973560222978	0.0775565907609468	0.14361408227449	0.214218084350801	0.224122380217163	0.16345307523707	0.0855748155680848	0.035666351148808	0.00954572066181752	0.00157223478245862	6.14662420229961e-05	
