# <P(N_2)> as a function of N_tot.
# number_of_species: 2
# species_total_upper_bound: 100
# species_total_lower_bound: 0
# volume: 512
# Bin widths for each species index 
1	1	1	1	1	1	1	1	1	1	1	1	1	1	1	1	1	1	1	1	1	1	1	1	1	1	1	1	1	1	1	1	1	1	1	1	1	1	1	1	1	1	1	1	1	1	1	1	1	1	1	1	1	1	1	1	1	1	1	1	1	1	1	1	1	1	1	1	1	1	1	1	1	1	1	1	1	1	1	1	1	1	1	1	1	1	1	1	1	1	1	1	1	1	1	1	1	1	1	1	1	
# Bin lower bound for each species index 
0	0	0	0	0	1	1	2	3	4	5	5	6	7	8	9	8	9	10	12	13	14	15	15	16	17	17	18	18	20	20	21	22	23	23	24	25	26	27	28	30	30	31	32	34	34	35	35	36	36	37	38	39	41	41	42	43	44	46	47	47	48	49	50	51	52	52	53	53	55	56	57	57	58	59	62	62	63	63	64	65	66	66	66	67	69	70	71	72	73	74	75	76	77	78	79	79	80	81	82	83	
# Bin upper bound for each species index 
0	1	2	3	4	5	6	7	8	9	10	11	12	13	14	15	16	17	18	19	20	21	22	23	24	25	26	27	28	29	30	31	32	33	34	35	36	37	38	39	40	41	42	43	44	45	46	47	48	49	50	51	52	53	54	55	56	57	58	59	60	61	62	63	64	65	66	67	68	69	70	71	72	73	74	75	76	77	78	79	80	81	82	83	84	85	86	87	88	89	90	91	92	93	94	95	96	97	98	99	100	
# Normalized histogram for each species index 
1	
0.0499675955123827	0.950032404487617	
0.00240325225164522	0.0955660869413312	0.902030660807024	
0.000107552431810508	0.00720601293130401	0.135783694551094	0.856902740085792	
2.26112473368975e-05	0.000399465369618523	0.0134310809181171	0.171489980705069	0.814656861759859	
2.63928181371446e-05	0.00110347115830538	0.0214561043446349	0.203033665924735	0.774380365754187	
1.26217366499891e-06	7.06817252399392e-05	0.0022100660874131	0.0310116069490233	0.231973635716485	0.734732747348173	
8.88797469720575e-06	0.000194265732667497	0.00344853418251583	0.0412821030471786	0.258645142531371	0.696421066531569	
1.01710904553216e-05	0.00038904420991605	0.0053207516944401	0.0515610716769458	0.28151162746347	0.661207333864773	
1.14386374295094e-05	0.000714279359487142	0.00808076186409119	0.0626278108862783	0.301000118199253	0.62756559105346	
2.79239554536754e-05	0.00101541656195183	0.010603487448182	0.0747943146826696	0.318009428142778	0.595549429208965	
8.87011240966741e-06	8.87011240966741e-05	0.00142935525687212	0.0136523701573938	0.088016858282214	0.329994791976857	0.566809053090157	
2.78450347873082e-05	0.000175929992519811	0.00199218567069196	0.0180220659243855	0.100271235952496	0.341495303681746	0.538015433743373	
2.40108175051497e-05	0.000284338628350457	0.00281684801152519	0.0221619845572532	0.112058485296534	0.35077908784168	0.511875244847152	
3.02847141690821e-05	0.000334393718950281	0.00383227820547926	0.0260536872270432	0.122409552808339	0.360644256819424	0.486695546506595	
3.13855857303551e-05	0.000508446488831753	0.00486602121163426	0.0303008998875141	0.13474585208099	0.367378324361241	0.462169070384059	
1.25464060192638e-06	2.50928120385275e-06	5.26949052809078e-05	0.000745256517544267	0.0062932772592627	0.0361976360061778	0.146031383580017	0.372432534838233	0.438243452971679	
6.25071883266576e-06	2.5002875330663e-06	0.000120013801587183	0.00108262450181771	0.00762337668831916	0.0415535286557954	0.158546982903034	0.374993124209284	0.416071598233797	
3.74577195990026e-06	2.49718130660018e-06	0.000189785779301613	0.0013746983092834	0.00942685943241566	0.0480919661931595	0.168906846397129	0.377190496227383	0.394813104708061	
2.4920193081656e-06	0.000215559670156324	0.00174192149640775	0.0115791677153915	0.0536768498882329	0.180429673969114	0.376526673328665	0.375827661912724	
1.50044825891735e-05	0.000310092640176253	0.0024344773000934	0.0135177884392962	0.0610682441379362	0.18982796110338	0.377083903816265	0.355742528080264	
3.26574497295084e-05	0.000422034734965955	0.00291656147199687	0.0160398320402239	0.0663863150212964	0.198272169698157	0.377595482218647	0.338334947364983	
4.04199634199331e-05	0.000608825699012742	0.00374137286405756	0.0183607683835046	0.0723946807328139	0.20825375653035	0.376422277462839	0.320177898364002	
5.0606006933023e-06	6.8318109359581e-05	0.000674325042382531	0.00445585891045267	0.0212760304648162	0.0798550137901369	0.216593709673338	0.370496697958048	0.306574985450773	
2.14621804817881e-05	0.00011867323325224	0.000850912332042657	0.00529863361659203	0.0241449530420116	0.0865329867401599	0.22394522851541	0.368538463383626	0.290548686956423	
2.39340830159968e-05	0.000165019203952399	0.00108711124435817	0.00618129186102612	0.0275065598282793	0.0947903059405654	0.231709636743604	0.363525969109917	0.275010171985282	
2.52878707992105e-06	1.77015095594474e-05	0.000198509785773803	0.00131749806863887	0.00724371059043385	0.0306666009182026	0.100952973411068	0.239103140374235	0.358248208038255	0.262249128516753	
1.01574403250381e-05	2.79329608938547e-05	0.000227272727272727	0.00153377348908075	0.00790502793296089	0.0334852717115287	0.107921533773489	0.244335957338751	0.354055358049771	0.250497714575927	
1.27355601035656e-06	1.65562281346352e-05	5.4762908445332e-05	0.000303106330464861	0.00191797535159698	0.00939629624441068	0.0371750999423079	0.114343679277843	0.248729309490667	0.350955103329967	0.237106837340153	
1.53385211620464e-05	4.60155634861391e-05	0.000320830734306136	0.00228927428343542	0.0114757702494044	0.0413385927418118	0.120596566216396	0.255414497970202	0.34516657633982	0.223336537379976	
2.56753582033411e-06	7.70260746100234e-06	4.36481089456799e-05	0.00048398050213298	0.00295138242547406	0.0125552501614338	0.0455147074870628	0.127974971660823	0.260835963987743	0.337085359012115	0.212544466510988	
1.28405968309407e-06	7.70435809856442e-06	7.96117003518323e-05	0.0006497341996456	0.00346310896530471	0.0140527491717815	0.0494722514702483	0.135316777523819	0.2631474870952	0.331323351909397	0.20248593954647	
5.14361619364686e-06	1.54308485809406e-05	0.000114445460308643	0.000853840288145379	0.00382427863997644	0.0161008045901631	0.0539565338713556	0.141625614179921	0.266427745694472	0.325509893102796	0.191566269708087	
1.28220580428923e-06	2.82085276943632e-05	0.000226950427359195	0.000964218764825505	0.00436334635199627	0.0178752311175962	0.0586724553984711	0.146608693868235	0.269547868589292	0.318466584434534	0.183245160314192	
6.41299426550053e-06	1.28259885310011e-06	2.94997736213024e-05	0.000233432991264219	0.00108123083316339	0.00506626546974542	0.0196237624524316	0.0629486691113001	0.153805406667205	0.271349178559565	0.3115573700054	0.174297488543186	
8.97859502944979e-06	2.56531286555708e-06	3.33490672522421e-05	0.000262944568719601	0.00134165862868635	0.00585276130276849	0.0220847784595809	0.0673394627208734	0.158805692942311	0.273929238409916	0.304421829786361	0.165916740205635	
1.53076454034968e-05	1.53076454034968e-05	3.31665650409097e-05	0.000294672174017313	0.00152183508053097	0.00661800536277844	0.0243825278535364	0.0713425570401137	0.164508713877146	0.275147272305153	0.298037304731848	0.158083329719028	
6.39440975121909e-06	5.11552780097528e-06	6.01074516614595e-05	0.000335067070963881	0.001809617959595	0.00764259853465706	0.0266557364889319	0.0770603107938915	0.171748730389944	0.276617050309937	0.289111726963819	0.148947544099047	
1.28003276883888e-06	5.12013107535553e-06	9.47224248940773e-05	0.000437771206942898	0.00210949400304648	0.00832149303022157	0.0294215531917617	0.0816097692100918	0.177837512640324	0.276512678724575	0.282998604764282	0.140650000640016	
3.85230766069901e-06	1.02728204285307e-05	9.37394864103427e-05	0.000518777431640801	0.00238457844197269	0.0095062112040516	0.0323799299907288	0.086892651594727	0.180526841595677	0.276995045932348	0.275983173120138	0.134704926074216	
1.80052729727992e-05	0.000126036910809594	0.000658478554433798	0.00255160439843097	0.0108468908751849	0.0348967912031381	0.0912288598803935	0.184322551604398	0.27754356633014	0.269235418944119	0.128571796025979	
5.16575620213604e-06	1.93715857580102e-05	0.000164012759417819	0.000723205868299046	0.00296901837717769	0.0117805070189712	0.0377500548861597	0.0952462128549843	0.19027804682758	0.27617811527385	0.262807846783671	0.122078442007929	
1.03502391552135e-05	3.36382772544438e-05	0.000213473682576278	0.00081378755357866	0.00344792341858049	0.0132405434393068	0.0402999499307181	0.101246039416298	0.193285541104034	0.275890799801793	0.256477632486296	0.115040320650409	
2.58934200935529e-06	4.53134851637176e-05	0.000208442031753101	0.000928279110353872	0.00377267130763066	0.0144821898583242	0.0431824566900182	0.106121592911417	0.198958566643837	0.27574032524725	0.247530738726329	0.109026834645914	
5.5560795785649e-05	0.000220951071612697	0.00111896858489237	0.00435312374422911	0.015604830946588	0.0467343819249102	0.110438064571982	0.204459852156599	0.273180803874267	0.239930897875381	0.103902564453753	
2.57875518329792e-06	6.06007468075011e-05	0.000290109958121016	0.00135384647123141	0.00499247003486477	0.0173459967404534	0.0503850081488664	0.114786840096549	0.204852443628412	0.27270722876653	0.234452684999897	0.0987701916530852	
1.6714990131727e-05	6.68599605269079e-05	0.000345871718879581	0.00141691685578178	0.00565738127535375	0.019019087232962	0.0532282431902487	0.118811435624787	0.209472256330803	0.270956418877653	0.227537303357784	0.0934715105850889	
8.96040142598388e-06	1.15205161191221e-05	7.93635554872858e-05	0.000357135999692786	0.00169607598420409	0.00626844082614901	0.0208598145196905	0.0569113496284634	0.123964593613794	0.213210191816593	0.268170734048885	0.219784566348572	0.0886772527409228	
2.55853283493114e-06	1.7909729844518e-05	7.29181857955374e-05	0.000401689655084188	0.0018651704366648	0.00680569734091682	0.0230191199158754	0.0603967261013844	0.128389736189679	0.215501382886997	0.265625599656133	0.213443043221295	0.0844584481474943	
1.27383829132427e-06	5.09535316529708e-06	2.03814126611883e-05	6.75134294401863e-05	0.000500618448490438	0.00215915590379464	0.00786722528721869	0.0248220129447447	0.0639696113137222	0.133923714920086	0.217637819749334	0.262650169611569	0.206635678427166	0.0797397293603166	
6.37507092266401e-06	2.55002836906561e-06	2.29502553215905e-05	9.6901078024493e-05	0.000594156609992286	0.00222744978037881	0.00855917022076871	0.027034125754649	0.067263373305028	0.137835408418919	0.221849918080339	0.259011481502732	0.200167026858174	0.0753291130363825	
2.55079265881873e-06	1.4029359623503e-05	2.16817375999592e-05	0.000130090425599755	0.000614741030775313	0.00269363704771258	0.00963434387235833	0.0292295330774038	0.0711352302728073	0.141488642595687	0.222688025303863	0.25698470799801	0.193591133444718	0.0717716530411825	
1.27427169001557e-06	3.82281507004671e-06	4.07766940804983e-05	0.000142718429281744	0.000769660100769405	0.00310540010856795	0.0107421103468313	0.0314502995812743	0.07447098610789	0.144670613510848	0.224761137771707	0.25365779688619	0.187949977190537	0.0682334261852638	
5.09642434867697e-06	3.05785460920618e-05	0.000160537366983324	0.000931371549720716	0.00355220777102785	0.0119931605985241	0.0336070962612631	0.0774898581155461	0.14906658988054	0.225070840298447	0.251899692175969	0.181486219268561	0.0647067517429771	
3.82709686637309e-06	8.92989268820387e-06	4.97522592628501e-05	0.0001658408642095	0.000936363033305948	0.00397890504207255	0.0130657087017977	0.0353891647233519	0.0820389241265289	0.152703716366197	0.228532537977558	0.247698639084354	0.175009312602375	0.0604183782294319	
2.56005898375899e-06	1.40803244106744e-05	8.44819464640465e-05	0.000259845986851537	0.00114050627726463	0.00449162348700514	0.0138972801933357	0.0372565383906445	0.0852614844246011	0.157374505908616	0.228613267249677	0.243442408913101	0.170283603334221	0.0578778135048231	
2.55232912794571e-06	2.80756204074028e-05	9.5712342297964e-05	0.000285860862329919	0.00134380128586341	0.00483793986202109	0.015089369804415	0.0398903519406635	0.0882161516491875	0.160567025439064	0.228226718291777	0.24060423839775	0.165283729667508	0.0555284725075868	
1.2718277436504e-06	1.9077416154756e-05	0.00012718277436504	0.000334490696580055	0.00155671715822809	0.00530860900199677	0.0162628613580577	0.0420097422005164	0.0921095806783929	0.163488369135284	0.229606878044438	0.237326872448396	0.159399442939448	0.0524489043203988	
6.36322564634465e-06	8.78125139195561e-05	0.000423790828046553	0.00184915337282775	0.00584780436899073	0.0174988705274478	0.0439482542490439	0.0951824018631525	0.167768989456135	0.230314406979186	0.231441970563718	0.154866913135607	0.050763268916279	
8.95585021724334e-06	0.000121543681519731	0.00046314539694887	0.00178221419323142	0.0061488308777245	0.018500227734477	0.0458629089625031	0.0988789834342359	0.171751457244771	0.230045086308808	0.22857632687318	0.149810903619699	0.0480494158226844	
2.56357341625639e-06	2.30721607463075e-05	0.00012048795056405	0.000464006788342406	0.00205983123996201	0.00681525992711761	0.0196164637811939	0.0491296027358456	0.10277237647101	0.17403843565623	0.230501140149277	0.224666447053877	0.144457362006047	0.0453329505063698	
5.13145504973663e-06	3.33544578232881e-05	0.000173186607928611	0.000578571556857805	0.00228478036089523	0.00738416381657101	0.0214032990124515	0.0520329542043294	0.10603253855647	0.176958227390168	0.229517155737095	0.221214461466621	0.139290781597576	0.0430913937801633	
1.28552053940442e-05	5.01353010367723e-05	0.000181258396056023	0.000757171597709202	0.00250933609291742	0.00818876583600615	0.0226444443016088	0.0549829989908664	0.110066268583806	0.178999736468289	0.228970490876018	0.216774757518688	0.13498865528124	0.0408731255503635	
1.16585596497251e-05	7.12467534149864e-05	0.000208558678178415	0.000874391973729379	0.00297940968826307	0.00893952446030584	0.0241280368928643	0.0583549772334238	0.112840608058656	0.180636427817323	0.22924743997461	0.212764827420932	0.130118593459548	0.0388242990291011	
2.20131975593838e-05	5.56804408855003e-05	0.00022142686956792	0.00106051816477267	0.00339132731811919	0.00979328312597764	0.0264728124061202	0.0608056312349145	0.115599069748169	0.183851636228026	0.228578568986771	0.20756243978743	0.124970217438596	0.0376153750530907	
1.68359325423035e-05	5.69831562970273e-05	0.000318587646569743	0.00123290829079023	0.00357439798590444	0.0108604715615198	0.0279515332354259	0.0630648131600009	0.120076461035177	0.186663869311721	0.22542536631104	0.203628013955693	0.121626661900803	0.0355030965165161	
3.89800733864848e-06	2.98847229296384e-05	8.31574898911676e-05	0.000350820660478363	0.00126165504194256	0.00405912497531262	0.0113756847499558	0.0294247580636778	0.0663986570065383	0.123164038543497	0.187522738376142	0.224957901520743	0.199570179724125	0.11741317838321	0.0343843227342183	
7.79696697984484e-06	2.59898899328161e-05	0.000115655010201032	0.000375553909529193	0.00145673333073434	0.00419216924616324	0.0125037360466778	0.0318571075851494	0.0691032188478682	0.126028874767715	0.188917910932647	0.223578028147051	0.195139890582563	0.114007251179291	0.0326900835574961	
2.597102412838e-06	5.19420482567599e-06	1.8179716889866e-05	9.73913404814249e-05	0.000431119000531107	0.00146216865842779	0.00458907996348474	0.0135841441703491	0.0337960936982609	0.0721851630136257	0.128735769501967	0.19119608253072	0.221976940327676	0.191342818817046	0.109400342038388	0.0311769159149137	
1.29993201355569e-06	2.72985722846695e-05	0.000105294493098011	0.000426377700446267	0.00167041263741906	0.00505673553273164	0.014262854052733	0.0352437567515219	0.0746862939068287	0.132867351037541	0.192825415230783	0.219752206959576	0.187525592411517	0.106565826607268	0.0289832841742377	
5.20699768418778e-06	2.73367378419858e-05	9.63294571574739e-05	0.000499871777682027	0.00179901769988688	0.00552462454292323	0.0150065673258292	0.0372326369407847	0.0779031941025544	0.135703471895881	0.192907548454368	0.220343219252353	0.18465445712493	0.101800709974134	0.0264958077159895	
2.33308101494209e-05	2.98115907464822e-05	0.000124430987463578	0.000535312477317268	0.00203107663911903	0.0059363950269082	0.0163237901678781	0.0394912846462531	0.0812443617208806	0.137983595848153	0.194459710283184	0.219496261885752	0.179498180196808	0.0975020479266687	0.0253204097927187	
3.88970860896241e-06	2.33382516537744e-05	4.01936556259449e-05	0.000180223165548592	0.000583456291344361	0.00216527112565574	0.00673438217165025	0.0175970417469459	0.0416354409503336	0.0834160976887351	0.141064172412631	0.197533665428011	0.216602313598681	0.174857960807296	0.0932051976879572	0.0243573553093226	
6.47884075398157e-06	1.29576815079631e-05	4.40561171270747e-05	0.000199548295222632	0.000745066686707881	0.00258635322898944	0.00725630164445936	0.0192745512430952	0.0435922321290896	0.0858161330909383	0.144147727935336	0.199487394119545	0.213631999253638	0.170914410626335	0.0893160028662392	0.0229687862410155	
1.55482507570055e-05	1.29568756308379e-05	5.70102527756867e-05	0.000270798700684512	0.000852562416509133	0.00292177545475394	0.00798532245128539	0.0203902351802496	0.0461122246825889	0.0883036987992863	0.147064425472699	0.199132925882784	0.211923953505547	0.167371736648911	0.0863148183899527	0.0212700070355835	
5.97397942353696e-05	0.000305192427071997	0.00102466734025449	0.00302854782949743	0.00862460811993673	0.0214569756599299	0.0477502772705667	0.0919798027547837	0.150631293782126	0.198924423965528	0.209741222795667	0.162707823055924	0.0829318213104833	0.0208336038939956	
7.79966305455604e-06	5.58975852243183e-05	0.00029638719607313	0.00105295451236507	0.00324725971838017	0.00909180723392749	0.0223434347636182	0.0500985357432559	0.0955445724744691	0.152380717153019	0.199709072568065	0.207772624222634	0.158922034568107	0.0796774579338173	0.0197994446639905	
1.430832887824e-05	8.06469445864438e-05	0.000313482478150531	0.0011472678246007	0.00334164517165442	0.00976608483798419	0.0238038562247084	0.0521785731474291	0.0983177307510702	0.154695148045677	0.20038554442541	0.206661697774274	0.154479222355333	0.075953812714381	0.0188609789758619	
1.29739042889133e-06	1.29739042889133e-05	9.0817330022393e-05	0.000329537168938397	0.0011676513860022	0.00370275228405585	0.0105581633103176	0.0257207652527706	0.0540350139728949	0.100918811901741	0.157461681573683	0.200581749868315	0.204054864046457	0.15016256302074	0.0734076478571002	0.0177937097322446	
1.30000806004997e-06	4.42002740416991e-05	0.000120900749584647	0.000421202611456191	0.00134550834215172	0.00406642521183631	0.0117897730965932	0.0266722653680453	0.056581550805615	0.103778343425729	0.159932191579588	0.200766744753817	0.200163541013954	0.146590208859295	0.0703616362421447	0.0173642076580875	
7.79585260641339e-06	2.59861753547113e-05	0.000154617743360532	0.00053011797723611	0.00148510992152175	0.00451639727664882	0.0118341042565355	0.0282261836702874	0.0593199417909672	0.106617379554077	0.162093966010083	0.200244270048334	0.19746374928538	0.143576217452315	0.0676952861077907	0.0162088768775012	
1.0395267034919e-05	3.50840262428516e-05	0.000163725455799974	0.000569140870161815	0.00166064390882831	0.00467007371543736	0.0124990092011107	0.0299396684689461	0.0619324021772887	0.110671911078886	0.16346817294086	0.200648144899627	0.194495446223335	0.138208973454386	0.0653784331993643	0.0156487751126912	
3.89540070039305e-06	1.16862021011791e-05	5.19386760052406e-05	0.000190874634319259	0.000632353380363804	0.00172696097717425	0.00523671700822839	0.014014353253114	0.0314021235127685	0.0655063566447096	0.112719911600373	0.165646720916614	0.200623523805443	0.190713624423643	0.133779746253598	0.0631548330885723	0.0145843802222716	
1.30022949050507e-06	2.08036718480812e-05	1.6902983376566e-05	7.67135399397994e-05	0.000211937406952327	0.000631911532385466	0.00191393781002347	0.00576261710191849	0.014864223535454	0.0333430850545121	0.0678966837646845	0.115885553800246	0.167814119192037	0.200399170453585	0.186867682145899	0.130134768786691	0.0605711908151789	0.013587398175778	
3.89916245990361e-06	9.0980457397751e-06	3.11932996792289e-05	0.000101378223957494	0.00022615142267441	0.0007200453342622	0.00218613041918596	0.00616327612828764	0.0157188235966914	0.0353368096532865	0.0707438042308512	0.119149306728915	0.169764334620923	0.197717430295972	0.183313924169088	0.12703211350202	0.0584406469490353	0.0133416342169702	
1.43310898663561e-05	2.21480479752776e-05	7.55639283862411e-05	0.00022799461151021	0.000816872122382296	0.00240892592389931	0.00683202138719739	0.0167686779699881	0.03738720780862	0.0733986309900699	0.121082075454491	0.17055951180491	0.197058999794153	0.180265568123487	0.12363952358246	0.0565009732112846	0.0129409741493195	
2.603858136601e-06	1.95289360245075e-05	7.5511885961429e-05	0.000289028253162711	0.00093478507103976	0.00249449609486376	0.00716842145006256	0.0179536018518639	0.0387870708028085	0.0752176499919931	0.123396837093521	0.171171124254808	0.195928607417611	0.177916418757673	0.12148300136312	0.0549947857740815	0.0121665271432682	
1.30325932123648e-06	1.43358525336013e-05	9.12281524865536e-05	0.000308872459133046	0.000963108638393759	0.00282416294911945	0.00752632258014067	0.0187317462241319	0.0408728188326185	0.0763866353363126	0.124569435701747	0.171125768434277	0.196575816459383	0.176822314927402	0.118601811269805	0.0528171905117508	0.0117671284114442	
9.11292212357122e-06	1.43203061941834e-05	8.59218371651001e-05	0.000335876272554482	0.00102976019996355	0.00296169969016065	0.00805321946520166	0.0201057098966334	0.0422462051188585	0.0782474548910355	0.125884604368995	0.173996927643398	0.195762491212539	0.173908402114198	0.115671622360507	0.0507433540760799	0.0109433176243914	
1.04037973860459e-05	2.73099681383705e-05	0.000120944144612784	0.000407048572729046	0.00115872293387086	0.0033318161128812	0.00884582872748553	0.0214123154951557	0.0435567982313544	0.0806970544248651	0.130381689316601	0.174459977891931	0.194733077573314	0.170939592951427	0.111282918265167	0.048390662591846	0.0102438390012355	
6.51043362092089e-06	2.47396477594994e-05	0.000121094065349129	0.000481772087948146	0.00118099265883505	0.00354167588978096	0.00952867064757981	0.0217695879416353	0.0455899624738606	0.0834207901583077	0.133044617303691	0.174923632613627	0.193647639707395	0.16803168758252	0.108722939382655	0.0464402251047529	0.00952346230068308	
1.30414993550979e-06	7.04240965175284e-05	0.00012389424387343	0.00048514377600964	0.00130414993550979	0.00390332075698079	0.00990110631039029	0.0230469376603289	0.047705804640948	0.0859017479521586	0.13388533652937	0.175474677972777	0.192024340654396	0.167199846631968	0.105793946918489	0.0442654571110731	0.00891256065927388	
1.30444934627521e-05	5.21779738510084e-05	0.000116095991818494	0.000430468284270819	0.00149750784952394	0.00415988896527165	0.0108843253453204	0.0243945072246927	0.0501182483332398	0.08731723034097	0.135521851483224	0.177016385188239	0.192368449544552	0.163493158815403	0.102009243328068	0.0422185030921972	0.00838891374589588	
1.0434805293055e-05	6.1304481096698e-05	0.000143478572779506	0.000568696888471497	0.00175696034121813	0.00425087880625827	0.0113661116654601	0.0259748390757371	0.0520357652951419	0.0901971526025057	0.137234646162274	0.17925821577873	0.190795197380864	0.158918171561243	0.0989141280741915	0.0402666092752376	0.00824740923349833	
1.04452960262177e-05	4.9615156124534e-05	0.000163207750409651	0.000552295027386261	0.00170127759027021	0.00471082850782418	0.0120147017541569	0.0274580719289198	0.0536143988405721	0.0932112104139601	0.140128868839723	0.179695650187036	0.188771306771816	0.156608934645088	0.0939306301777659	0.0393121772566736	0.00806637985624661	
1.30603545102628e-05	6.66078080023404e-05	0.000181538927692653	0.000643875477355957	0.00178665649700395	0.00502954252190221	0.0127181732220939	0.0291729138695741	0.0552335452593525	0.0963906404275438	0.142573360011284	0.179732680663884	0.187271117287208	0.15229026376692	0.0916967490165553	0.0376934891520695	0.00750578573704805	
2.59973560688878e-06	3.11968272826654e-05	5.19947121377756e-05	0.000243075279244101	0.000644734430508417	0.00206808967528002	0.0055257380324421	0.0133717400940324	0.0296967798374905	0.0573215703962907	0.0979099425588418	0.144265828165276	0.18114957708801	0.185171368071867	0.148949251861086	0.0903330131325644	0.036229915417602	0.00703358468443759	
9.08291141047234e-06	1.68682640480201e-05	4.54145570523617e-05	0.00023875081421813	0.000711062207562692	0.00217860117974044	0.00604402876428288	0.014131712595922	0.0306340650699773	0.0595475672070566	0.0992671388050522	0.146913496946844	0.180932892855382	0.182745582461158	0.146923877417028	0.0878992263954596	0.0349160090206286	0.00684462252717737	
6.48714572075433e-06	1.55691497298104e-05	8.17380360815045e-05	0.000325654715181867	0.000812190644238442	0.00248457681104891	0.00662207835174602	0.0153226381924217	0.0323838314380056	0.0611698918592808	0.102426841214134	0.148137864820857	0.179800325654715	0.181519419270715	0.143957548118403	0.084950470642422	0.033402313316164	0.00658056061913319	
7.74089670547436e-06	2.19325406655107e-05	7.2248369251094e-05	0.000294154074808026	0.00100502642226075	0.00260481174139212	0.00685585418214846	0.0163474836925109	0.0335167925852531	0.0636856473453885	0.104084097101808	0.149756677813558	0.180080350507803	0.180290644868302	0.141057200066056	0.0826921290562299	0.0314848072000661	0.00614240153579391	
3.84998408673244e-06	2.56665605782163e-05	7.44330256768272e-05	0.000304148742851863	0.000909879572497767	0.00288748806504933	0.00739710275864193	0.0168372637393099	0.0349347556030102	0.0657256450006673	0.107405572723633	0.1508744597189	0.180765736168291	0.178448045748078	0.136786084617517	0.0800604190836011	0.0306189234417831	0.00594052544582816	
