# <P(N_2)> as a function of N_tot.
# number_of_species: 2
# species_total_upper_bound: 100
# species_total_lower_bound: 0
# volume: 512
# Bin widths for each species index 
1	1	1	1	1	1	1	1	1	1	1	1	1	1	1	1	1	1	1	1	1	1	1	1	1	1	1	1	1	1	1	1	1	1	1	1	1	1	1	1	1	1	1	1	1	1	1	1	1	1	1	1	1	1	1	1	1	1	1	1	1	1	1	1	1	1	1	1	1	1	1	1	1	1	1	1	1	1	1	1	1	1	1	1	1	1	1	1	1	1	1	1	1	1	1	1	1	1	1	1	1	
# Bin lower bound for each species index 
0	0	0	0	0	1	1	2	3	4	5	5	6	7	8	9	8	9	10	12	13	14	15	15	16	17	17	18	18	20	20	21	22	23	23	24	25	26	27	28	30	30	31	32	34	34	35	35	36	36	37	38	41	41	41	42	43	44	46	47	47	48	49	50	51	52	52	53	53	55	56	57	57	58	59	62	62	63	63	64	65	66	66	66	67	69	70	71	72	73	74	75	76	77	78	79	79	80	81	82	84	
# Bin upper bound for each species index 
0	1	2	3	4	5	6	7	8	9	10	11	12	13	14	15	16	17	18	19	20	21	22	23	24	25	26	27	28	29	30	31	32	33	34	35	36	37	38	39	40	41	42	43	44	45	46	47	48	49	50	51	52	53	54	55	56	57	58	59	60	61	62	63	64	65	66	67	68	69	70	71	72	73	74	75	76	77	78	79	80	81	82	83	84	85	86	87	88	89	90	91	92	93	94	95	96	97	98	99	100	
# Normalized histogram for each species index 
1	
0.0494663777590069	0.950533622240993	
0.00235868167226258	0.0955612292252593	0.902080089102478	
0.000103310054134468	0.00709297314528936	0.135530984161093	0.857272732639483	
2.21993650981582e-05	0.000399588571766847	0.0132974196937968	0.170840393964733	0.815440398404606	
2.51948152034407e-05	0.00110264367713882	0.0213918801556743	0.202862723826292	0.774617557525691	
1.4889571493022e-06	7.14699431665056e-05	0.00220216762381795	0.0310909142345792	0.232103107304675	0.734530851936612	
1.04986246801669e-05	0.000169477798408408	0.00345254771624917	0.0415175611994829	0.25874310465329	0.696106810007889	
1.19979063653392e-05	0.000382433265395189	0.00526258167949693	0.0516029952773241	0.280882985918957	0.661857005952461	
1.34811870035366e-05	0.000708511272519199	0.00798086270609365	0.0620194518549364	0.300655934643205	0.628621758336242	
3.14295977011494e-05	0.000992277298850575	0.0105169420498084	0.0741888170498084	0.317762212643678	0.596508321360153	
7.47376335374667e-06	9.11799129157094e-05	0.00144393107994386	0.0136515761419537	0.0877345080096322	0.330129580109027	0.566941750983174	
3.13418334375574e-05	0.000173126318036031	0.00199393759393222	0.018075283083917	0.100029700118353	0.341440918405268	0.538255692647057	
2.83153555663518e-05	0.000298056374382651	0.00272870610747317	0.021920556053972	0.112094531559699	0.351023972674192	0.511905861874715	
3.57504085228974e-05	0.000357504085228974	0.00372995928922229	0.0258698893673816	0.122096582707825	0.360869092431192	0.487041221710627	
3.70517479532614e-05	0.000537991380281356	0.00474114166809933	0.0303172222452766	0.134269606302947	0.368073546237617	0.462023440417825	
1.48403622235612e-06	2.96807244471223e-06	4.89731953377518e-05	0.00077169883562518	0.00629528165523464	0.0362446166586034	0.146017291990063	0.373181684618558	0.437436000937911	
7.39603395075425e-06	2.9584135803017e-06	0.000134607817903727	0.00106207047532831	0.00763418624396853	0.0414547702939776	0.158742555891829	0.375626813877326	0.415334640952136	
4.43098737168599e-06	2.95399158112399e-06	0.000215641385422052	0.00133963518203973	0.00937006129532531	0.0480614430248874	0.16948674396278	0.377062255372572	0.394456834798021	
2.948208815734e-06	0.000216693347956449	0.00178956275115054	0.0115997275855054	0.0537753287989882	0.181071614940343	0.376185548470027	0.375358575897214	
1.33216891901893e-05	0.000318240352876745	0.00245859174943383	0.0135984842878077	0.0611006675646472	0.190372859278557	0.377218431297088	0.354919403780399	
2.52758412022974e-05	0.00044307062813439	0.00286955138355494	0.0160471855350821	0.0664576205917818	0.198809359197953	0.377436702602966	0.337911234219326	
3.58540739191491e-05	0.000596073978905853	0.00374226896531118	0.0183752128835639	0.072628402402223	0.20843018913024	0.375877677851146	0.320314320714691	
5.98046779219071e-06	7.17656135062885e-05	0.000702704965582408	0.00443900221875355	0.021137963411498	0.0799080204053561	0.216400236826525	0.370279168236539	0.307055157854447	
2.53278843618193e-05	0.000128129297359792	0.000838799935041426	0.00537249123580707	0.0242596435919708	0.0865662391220461	0.223952133278307	0.368313624762924	0.290543610892182	
2.82208953450376e-05	0.000173781302914179	0.0010783352642367	0.00622196476844013	0.0276282565427918	0.0947241778807593	0.231184089356267	0.363222232124291	0.275738941864956	
2.98010185988157e-06	2.0860713019171e-05	0.00018923646810248	0.00126505323951973	0.00722823706114275	0.0309319672546408	0.100506915326366	0.238962447736464	0.358418340738886	0.262473961359999	
1.1964996403023e-05	2.69212419068017e-05	0.000213874310704035	0.00153301516413732	0.00783707264398004	0.0335169461739681	0.107438189576394	0.244225019704853	0.354373280966532	0.250823715221121	
1.498697631758e-06	1.9483069212854e-05	4.34622313209821e-05	0.000317723897932696	0.00191533557338673	0.00935487061743345	0.0370463067594261	0.114350629303136	0.248636934503916	0.350827131222967	0.237486624123637	
1.50369834608219e-05	3.90961569981369e-05	0.000308258160946849	0.00228411778769885	0.0113890112732265	0.0412584752198031	0.120640214607828	0.255140016871495	0.345247636562125	0.223678136376418	
3.01529963032427e-06	6.03059926064853e-06	4.5229494454864e-05	0.000435710796581856	0.00299117723328167	0.0125089705164002	0.0452973386965463	0.127242629100054	0.260392230175913	0.3373140313953	0.213763636692578	
1.50580185454556e-06	9.03481112727338e-06	8.58307057090972e-05	0.000599309138109134	0.00341967601167298	0.013930172956401	0.0489069384337854	0.134919846167283	0.263120804459583	0.331899809967806	0.203107071546669	
6.02503099125316e-06	1.80750929737595e-05	0.00011899436207725	0.000790785317601977	0.00376564436953323	0.0160130261170031	0.0536107257601706	0.141312583126599	0.266219006864017	0.325955682884544	0.192189451074489	
1.50068806547802e-06	3.30151374405165e-05	0.000226603897887181	0.000922923160268983	0.00436700227054104	0.0177756501355872	0.0585253338655774	0.146555695786518	0.269262456836459	0.318498531576728	0.183831286644927	
7.51142111580658e-06	1.50228422316132e-06	3.00456844632263e-05	0.000238863191482649	0.00109816976713092	0.00502213615802828	0.0195462200275519	0.0626873160640754	0.153353173500307	0.271495809378159	0.311630834684137	0.174888417839325	
1.05299577297411e-05	3.0085593513546e-06	3.91112715676098e-05	0.000263248943243528	0.00132827895362306	0.00576891255622245	0.0219519533071589	0.0674729605728297	0.158426222603306	0.273423890969809	0.305113046617627	0.166198835687531	
1.79277065234442e-05	1.79277065234442e-05	3.28674619596477e-05	0.000286843304375107	0.00150742132351293	0.00654361288105714	0.0242950302903541	0.0713179105258047	0.164056442396038	0.274945283145715	0.298367831718595	0.158610901539542	
7.4929154484435e-06	5.9943323587548e-06	6.59376559463028e-05	0.000326691113552136	0.00180729120616457	0.00760231201399077	0.0266223285883197	0.0769986977312951	0.17185601014241	0.276666911435238	0.288675057732914	0.149365275132362	
1.5011115731199e-06	4.50333471935969e-06	9.45700291065534e-05	0.000439825690924129	0.0020445139625893	0.00820807808181959	0.0294247890562962	0.0819291685493108	0.177426884608052	0.276194021673049	0.283102137132547	0.141130006770013	
4.51239102575673e-06	1.05289123934324e-05	8.87436901732156e-05	0.00049636301283324	0.00235546811544501	0.00936020311776137	0.0324305543021136	0.086863527245817	0.180411409731122	0.276875800949407	0.276122231648106	0.134980656883803	
1.95710625280393e-05	0.000124953706909789	0.000644339597076987	0.00249004134010592	0.0108544123713203	0.0347988546412022	0.0913607308135841	0.184186280384075	0.277261737368385	0.269315885982001	0.128943192732813	
6.05089712113442e-06	1.81526913634033e-05	0.000160348773710062	0.00068375137468819	0.00285602344117545	0.0117266386207585	0.0378695396326198	0.0950278265631358	0.190008758673583	0.275830145266913	0.263089981378364	0.122722782686568	
1.21217447433296e-05	3.18195799512403e-05	0.000198493570172023	0.000766700355015599	0.00339863418241105	0.0131263343389331	0.0401760077336731	0.101095351159369	0.19289635453679	0.275968186480921	0.257238575634384	0.115091420683636	
3.03124455323244e-06	3.33436900855569e-05	0.000200062140513341	0.000883607787267257	0.00367538402079434	0.014371130426875	0.0428345167817277	0.105985950181496	0.19890723633856	0.275978144726771	0.247720883001538	0.109406709659819	
5.88808116493421e-05	0.000230993953393573	0.00110363777732485	0.00418506692030709	0.0153739308980834	0.0465037630877702	0.110371326554491	0.204230359852345	0.273175261000521	0.240493391006333	0.104273388137781	
3.01290124312305e-06	6.92967285918302e-05	0.000299783673690744	0.00135279265816225	0.00489747097069652	0.0172187306044482	0.0502566991859141	0.114740318041855	0.204865232927395	0.272881478490898	0.234432339276783	0.0989828445403217	
1.95120779762673e-05	7.80483119050692e-05	0.000345213687272422	0.00141687704689203	0.00563298681884086	0.0189417249277303	0.0532169412866564	0.118714484265761	0.209420131061127	0.27105428260093	0.227524337564953	0.0936354603499566	
1.04666010759666e-05	1.34570585262428e-05	8.97137235082851e-05	0.000342407378056621	0.00165372297000272	0.00621417058167388	0.0207732126783434	0.0568171963265221	0.123920071053269	0.212926551374564	0.268238052374872	0.219967583441239	0.0890333944383472	
2.98591246499018e-06	2.09013872549312e-05	7.31548553922593e-05	0.000398619314076189	0.00184678685959642	0.00673621852101784	0.0230213851050743	0.0605274315778159	0.127800039414045	0.215438063217739	0.265080350904433	0.214155613814025	0.0848984491170657	
1.48826576854788e-06	5.95306307419154e-06	2.38122522967661e-05	6.3995428047559e-05	0.000532799145140143	0.00218477414822829	0.00776577078028286	0.0248183199563045	0.0639061321014461	0.13365668387598	0.217883596781179	0.262635748441414	0.206739462706292	0.0797814630545464	
7.44941104956242e-06	2.97976441982497e-06	2.38381153585997e-05	0.000104291754693874	0.000610851706064119	0.00219459649520109	0.00862939775981311	0.027136714571346	0.0673829027077119	0.137885618762981	0.221514197087578	0.259162030649857	0.199961561038984	0.075383570174942	
2.97985765219995e-06	2.97985765219995e-06	2.53287900436996e-05	0.000146013024957798	0.00062577010696199	0.00268336181580606	0.00965026900664955	0.0295154900450405	0.0713526914819279	0.141254192287234	0.222175206690376	0.256912897270897	0.193723525827171	0.0719292939376286	
4.76498924154773e-05	0.000144438736384416	0.00076388733778562	0.00310319924355796	0.0108150365191754	0.0317750329454334	0.0741804590769322	0.14436130530924	0.224380365266207	0.254445958321235	0.187761422944912	0.0682212444067216	
5.96545702111921e-06	3.57927421267153e-05	0.000162558703825498	0.000942542209336835	0.00360164467650072	0.0120696109179794	0.0339374849931472	0.0772616166090254	0.148942548174794	0.225316803051928	0.25182132859676	0.181281290686281	0.0646208131812738	
4.49153570097152e-06	1.04802499689335e-05	5.24012498446677e-05	0.000164689642368956	0.00094471967577101	0.00402890752377145	0.0130988152825999	0.0355864373587973	0.0821412048993671	0.152574473404869	0.228746427357645	0.247458165087892	0.174648874196577	0.0605399125348281	
3.00515985947873e-06	1.20206394379149e-05	8.41444760654043e-05	0.000270464387353085	0.00111942204765583	0.00443862111245008	0.0138883462905809	0.0374818563473484	0.0852684058528493	0.15750042823528	0.228306502264388	0.243754526522038	0.170407589831741	0.0574646668329522	
2.99783556272371e-06	2.54816022831516e-05	0.000103425326913968	0.000292288967365562	0.00131305197647299	0.00475156936691709	0.0150296485937153	0.0400855582269601	0.0883162356778406	0.160229814074238	0.228469544988518	0.24078765131575	0.165417568515532	0.0551751635319299	
1.49407598870479e-06	1.94229878531622e-05	0.000131478687006021	0.000319732261582824	0.00150154636864831	0.00520685482063618	0.0161330325260343	0.0419745708266722	0.0921785121991305	0.163504205823908	0.230063797044718	0.237592445951801	0.159450777666552	0.0519221287594687	
7.49428560722449e-06	8.99314272866939e-05	0.000410686851275902	0.00176115711769776	0.00573462734664818	0.0170255180424926	0.0439494885150073	0.0953303106381384	0.167764079889085	0.23070558698992	0.231891182972983	0.154689549218721	0.0506403867051373	
7.5373967941944e-06	0.00013416566293666	0.000432646575986758	0.00176676580855917	0.00592891631831331	0.0183234116066866	0.0455319065543695	0.0987308531277935	0.171944603148521	0.230366965700322	0.228913755598401	0.149850985665379	0.0480674868359365	
3.02163642764012e-06	2.41730914211209e-05	0.000126908729960885	0.000456267100573658	0.00196255285975226	0.00670803286936106	0.0194684035032853	0.0488009391246017	0.102507504989477	0.174268348509502	0.230978420983452	0.225163281678459	0.144384364240142	0.0451477806835848	
6.05328708621999e-06	3.4806400745765e-05	0.000183111934358155	0.000597762099764224	0.00230176241453515	0.00739409017581772	0.0214437695029343	0.0521036685946386	0.105950683870109	0.177438491036595	0.229912923465265	0.220917738855142	0.138670213892899	0.0430449244701104	
1.51671649080339e-05	5.4601793668922e-05	0.000200206576786047	0.000765941827855712	0.00256173415296693	0.00819330248331991	0.0228902852792048	0.0551599453375377	0.11044122799434	0.179419977279587	0.228933187121864	0.216247370392784	0.134030719575805	0.041086333019373	
1.37650038542011e-05	7.34133538890724e-05	0.000204945612940327	0.000926843592849539	0.00304053640690575	0.00909102032326347	0.0242172301141578	0.0584783247072643	0.112866913824958	0.180948622887837	0.22910319470445	0.212202828861237	0.129695395759155	0.039136964847239	
2.60159217441074e-05	5.96835851776581e-05	0.000211188070628636	0.0011477612534165	0.00342185888351907	0.00986156468935459	0.0265500133140305	0.0610930359968536	0.11555201194896	0.18362037566991	0.228187179965904	0.207209164950126	0.125242177624471	0.0378179681259048	
1.98926713868405e-05	5.35571921953399e-05	0.000342766030050175	0.00127619137974039	0.00363270783633534	0.0109256672078493	0.0279002367227895	0.0633795812439653	0.119842633667275	0.185829685068408	0.225714491199023	0.203537223013679	0.121828840394977	0.0357165263723265	
4.61041246286697e-06	3.53464955486468e-05	9.06714451030504e-05	0.000373443409492225	0.00127247383975128	0.00412170874180307	0.0114061604331329	0.0294774404834171	0.0663177096700328	0.122746084607216	0.187822056520583	0.225035769116691	0.199352698090213	0.117381101304593	0.0345627254299594	
9.21711372228529e-06	3.07237124076176e-05	0.000127503406491613	0.000374829291372935	0.00150546190797326	0.00416613540247295	0.0126489523982162	0.0318159403837084	0.0692051621981587	0.126042493966631	0.188599044799781	0.223376751059584	0.19532753781705	0.113846716326427	0.0329235302160031	
3.07198898999146e-06	6.14397797998292e-06	1.99679284349445e-05	9.83036476797267e-05	0.000443902409053766	0.00150373861060082	0.00462795141342213	0.0137410067522318	0.0337227591376313	0.0724559323179386	0.128671794840287	0.191205202720553	0.221336806728885	0.191364946148033	0.109473399647336	0.0313250717309429	
1.53812788302845e-06	2.76863018945121e-05	8.92114172156501e-05	0.000453747725493393	0.00169347879921432	0.00510966082742051	0.0143015130563985	0.0353108018106841	0.0749222091823158	0.132598928540117	0.192341353644825	0.219516997082171	0.187891549679223	0.106564575991977	0.0291767478131667	
6.16048051748036e-06	2.46419220699215e-05	8.93269675034653e-05	0.00051594024333898	0.00182196211304482	0.00549976898198059	0.0151963653164947	0.0372339442476513	0.0780070845525951	0.135411982134607	0.192433389804405	0.219970737717542	0.184976128137995	0.102076081934391	0.0267364854458648	
1.98983348155042e-05	2.29596170948125e-05	0.000111736803194754	0.000564806580532388	0.00207554938537105	0.00594960210983575	0.0166319466234822	0.0395272767904292	0.0813551072137586	0.13756024986186	0.193871006748597	0.218797497707865	0.179945233660023	0.0979120524213977	0.0256550761417435	
4.5875277354281e-06	1.37625832062843e-05	4.28169255306623e-05	0.000166680174387221	0.000599436957429272	0.00214390462835673	0.00685988314037682	0.0178026659652846	0.0417893193179264	0.0837392021065927	0.14069947564558	0.197200996411024	0.215818713137303	0.175124283772232	0.0933883021101098	0.0246059695969245	
7.63195652837561e-06	1.37375217510761e-05	4.42653478645786e-05	0.000189272521903715	0.000732667826724059	0.00263913056751229	0.00720304057148091	0.0193958543212138	0.0434594132551821	0.0860243612052386	0.144344720212474	0.199572610434411	0.213055224837439	0.170815398235492	0.0894266874255884	0.0230759837591965	
1.83111056855983e-05	1.52592547379986e-05	6.25629444257942e-05	0.000280770287179174	0.000846888637958922	0.00291756950590533	0.00806756797997986	0.0203390606402783	0.046035645619068	0.0884792626728111	0.147315897091586	0.199290444654683	0.211810663167211	0.167148350474563	0.0861278115176855	0.0212439344462416	
6.87855678707198e-05	0.000324056453079836	0.00103942635893532	0.0030663077588592	0.00864711016543693	0.0213647973806456	0.0476806270798081	0.0922643750372588	0.150776436204443	0.198690934215011	0.209607968120182	0.162664110900678	0.0828820235796927	0.0209230411780981	
9.17890137729415e-06	6.42523096410591e-05	0.000283016125799903	0.00108769981320936	0.00323097328480754	0.00899379353285205	0.0224515927688615	0.0500999735341677	0.0956426225345089	0.152331517440678	0.19971300635027	0.20792353363226	0.158599177264473	0.0796483868845738	0.0199212756225207	
1.68374133447215e-05	7.959504490232e-05	0.000303073440204988	0.00116178152078579	0.00329554099374414	0.00978253715328322	0.0238203478609597	0.0519602575818107	0.0982891657367822	0.155037371404256	0.200509102152587	0.206660880719172	0.154458776654773	0.0758464244222089	0.0187783079011858	
1.52799127211385e-06	1.22239301769108e-05	6.57036247008957e-05	0.000343798036225617	0.00122239301769108	0.00360605940218869	0.0105935634895653	0.0254777264712264	0.0542757779767562	0.101081206624148	0.157703979194871	0.200422031189358	0.203922659193771	0.150412404844344	0.0731846699691651	0.0176742750445409	
1.53132556134567e-06	4.1345790156333e-05	0.000110255440416888	0.000439490436106207	0.00135981709847495	0.00403504285414583	0.0117192345209784	0.0264888695601574	0.0567524566290318	0.104003038149914	0.160257813971508	0.200880818462886	0.199880862871327	0.146560106825271	0.0701791191509106	0.0172901969131539	
9.18760163784312e-06	2.45002710342483e-05	0.000171501897239738	0.000516036958658855	0.00150829793554591	0.00446976819681068	0.0118091306385077	0.0280466852664558	0.0595938467569297	0.106985027271864	0.162086136827889	0.200464280136099	0.197358870782508	0.143476649710437	0.067562559910819	0.0159175198375632	
7.66955860156336e-06	3.98817047281295e-05	0.000176399847835957	0.000572149071676627	0.00167196377514081	0.00465235424770834	0.0124737701095827	0.0299434906922237	0.0619915082647163	0.110757629676897	0.163929145549815	0.200683204280227	0.194950976181419	0.137525923108073	0.0652894184633886	0.0153345154679658	
4.5947365760942e-06	1.07210520108865e-05	5.20736811957342e-05	0.000196042093913352	0.000608036806903132	0.00175518937206798	0.00518286285783426	0.0140874623423048	0.031541335016028	0.0653861646355378	0.112832946099145	0.165729085142	0.200713409432382	0.190837788951496	0.133584308055645	0.0632128542350453	0.0142651254899138	
1.53277141933101e-06	2.45243427092961e-05	1.99260284513031e-05	7.81713423858813e-05	0.000220719084383665	0.000634567367603037	0.00192209535984108	0.00582299862203849	0.0147958425108022	0.033618275540187	0.0680044695614588	0.115963354500907	0.1678507325881	0.200641311561848	0.18677432853116	0.129965221416495	0.0603436780076424	0.0133182508625671	
4.60155870131743e-06	1.0736970303074e-05	3.68124696105394e-05	9.81665856281051e-05	0.000239281052468506	0.000708640040002884	0.00224402679334246	0.00612774233725437	0.0157066537004968	0.0354427389704473	0.0715112899242737	0.119080669925593	0.170058271071688	0.197716706572406	0.182833731879445	0.126900252012032	0.0581192202505395	0.0131604578857678	
1.69400169400169e-05	2.61800261800262e-05	6.31400631400631e-05	0.000234080234080234	0.00085008085008085	0.00238546238546239	0.00679140679140679	0.0167336567336567	0.0376114576114576	0.074038654038654	0.120948640948641	0.170869330869331	0.197141757141757	0.18007854007854	0.123408023408023	0.0561007161007161	0.0127019327019327	
3.08024974664946e-06	2.31018730998709e-05	7.85463685395612e-05	0.000297244100551673	0.000962578045827956	0.00252118441763258	0.00717236153507326	0.0180733653884657	0.0389867210433422	0.0754784397918983	0.123508774091403	0.171366614405096	0.195796075145773	0.177540975022255	0.121309475772296	0.0548669486121935	0.0120145141368062	
1.54259331532613e-06	1.69685264685874e-05	9.56407855502199e-05	0.000317774222957182	0.000948694888925568	0.00280751983389355	0.00751551463226889	0.0188134680737174	0.0409543099285934	0.0764354987744096	0.124100089624672	0.171542547037527	0.196362873481124	0.177156044111998	0.118947827951482	0.0522738596764565	0.0117098258566406	
1.07850266852375e-05	1.69478990768017e-05	7.0873032502989e-05	0.000354365162514945	0.00102765897129334	0.00292274223169935	0.00790080240598538	0.0201741627737856	0.042289630350914	0.0785134535504308	0.125848935671938	0.174068789981635	0.195757478645647	0.174309142004906	0.115512257953187	0.0502736315341855	0.0109483428036139	
1.22993287641327e-05	3.07483219103317e-05	0.000115306207163744	0.000412027513598445	0.00114844982335089	0.00326854661906826	0.00888319019989484	0.0214823151026533	0.0437210389243007	0.0812739644733889	0.130277565101885	0.174138508890877	0.194509272156472	0.171166683578244	0.111070625820596	0.0482963892245581	0.010193068713275	
7.68542627985404e-06	2.61304493515037e-05	0.000127578076245577	0.000487256026142746	0.00112053515160272	0.00355681528231645	0.00954529943957872	0.0220740813609968	0.0456837108927084	0.0841338985708181	0.132753442302431	0.17418711246238	0.193243895465906	0.168129459468599	0.10889173078874	0.0465859799379632	0.00944538889794061	
1.54025059877242e-06	8.31735323337107e-05	0.000134001802093201	0.000492880191607174	0.00127070674398725	0.00395228303645003	0.00995926037166247	0.0231545872513458	0.0478817703640382	0.0859829494258716	0.133887823548891	0.175212747113955	0.191684187017228	0.167275835778481	0.105804434381474	0.0443992637602138	0.00882255542976842	
1.53916008034416e-05	6.00272431334221e-05	0.000129289446748909	0.000461748024103247	0.00152069015938003	0.00419421121893783	0.0110727176179959	0.0244680277972311	0.0499257355261234	0.0875966784925466	0.135167499095743	0.176694038063429	0.19248735964784	0.163509592815201	0.102110958050192	0.0421037239978144	0.00848231120277665	
1.22845784009471e-05	6.75651812052093e-05	0.000152021657711721	0.000571232895644042	0.00176590814513615	0.00427349771122949	0.0114185156236804	0.025733120605384	0.0521081104322175	0.0902809022408607	0.136979191459761	0.179146006821012	0.190777966994409	0.158910235050052	0.0992163974552496	0.0403041661612075	0.00828287698683861	
1.22713125856116e-05	5.06191644156478e-05	0.000161060977686152	0.000519996870815291	0.00167656808200918	0.00468917532177683	0.0119476567161661	0.0275444950124784	0.0534170236851672	0.0932343651973304	0.140083168821049	0.179757856324404	0.188562523104581	0.156330386684399	0.0941869258367885	0.039686958815941	0.00813894807240688	
1.53093639724738e-05	6.27683922871424e-05	0.000171464876491706	0.000636869541254909	0.00183253086750511	0.00500463108260167	0.0126914627331807	0.0292653801697808	0.0551672930748092	0.0962928375140655	0.142583761357634	0.179202229043394	0.187251892620121	0.152211820359923	0.0921623711142921	0.0378768974042973	0.00757048048438828	
3.03936586670557e-06	3.64723904004668e-05	5.47085856007003e-05	0.000232511488802976	0.000677778588275342	0.0020728475210932	0.0054556617307365	0.0133230602767039	0.0298876042502492	0.0570960074889975	0.0976639433948501	0.143610037201838	0.180842269068981	0.185408916283707	0.149404588226712	0.0906658034867605	0.0364906265956671	0.00707412405475722	
1.0617434130197e-05	1.82013156517664e-05	4.3986512825102e-05	0.000222966116734138	0.000723502297157713	0.00215533912843	0.00593969600769309	0.014019563380773	0.0306768007547479	0.0595001008656242	0.0990227410271306	0.146258188696073	0.181101573958771	0.182958108155251	0.147368468950831	0.0879608914397696	0.0351346063131263	0.00688464764528063	
4.54847307758785e-06	1.21292615402343e-05	8.18725153965814e-05	0.000348716269281735	0.000829338257813519	0.00243798156958709	0.0065649628086518	0.015222223232994	0.0322623195393306	0.0608525051473554	0.102302740303413	0.147858730490841	0.180114985399401	0.18131881460727	0.144486795782656	0.0852823540470797	0.0334479548548885	0.00657102743942192	
3.01506325602711e-06	1.65828479081491e-05	6.783892326061e-05	0.000325626831650928	0.00101306125402511	0.00257034142576311	0.00669042536512416	0.0162240553806819	0.0334400665725967	0.0633675844519218	0.103745311576637	0.149275781805902	0.180219376002509	0.180712338844869	0.141515008984889	0.0827288131504999	0.0318978617171388	0.00618690980136763	
1.79737044703599e-05	8.3877287528346e-05	0.000314539828231298	0.000969082232693569	0.00282336941055236	0.00717600150979118	0.0165837379913187	0.0344795564089737	0.0655605848643435	0.10682072128476	0.150207746067503	0.18123185779205	0.179437482962426	0.137245709526962	0.0803334721302734	0.0307694842445502	0.00594480275357152	
