# <P(N_1)> as a function of N_tot.
# number_of_species: 2
# species_total_upper_bound: 100
# species_total_lower_bound: 0
# volume: 512
# Bin widths for each species index 
1	1	1	1	1	1	1	1	1	1	1	1	1	1	1	1	1	1	1	1	1	1	1	1	1	1	1	1	1	1	1	1	1	1	1	1	1	1	1	1	1	1	1	1	1	1	1	1	1	1	1	1	1	1	1	1	1	1	1	1	1	1	1	1	1	1	1	1	1	1	1	1	1	1	1	1	1	1	1	1	1	1	1	1	1	1	1	1	1	1	1	1	1	1	1	1	1	1	1	1	1	
# Bin lower bound for each species index 
0	0	0	0	0	0	0	0	0	0	0	0	0	0	0	0	0	0	0	0	0	0	0	0	0	0	0	0	0	0	0	0	0	0	0	0	0	0	0	0	0	0	0	0	0	0	0	0	0	0	0	0	0	0	0	0	0	0	0	0	0	0	0	0	0	0	0	0	0	0	0	0	0	0	0	0	0	0	0	0	0	0	0	0	0	0	0	0	0	0	0	0	0	0	0	0	0	0	0	0	0	
# Bin upper bound for each species index 
0	1	2	3	4	4	4	5	5	5	5	5	6	6	6	6	6	6	6	7	7	7	7	7	7	7	8	8	8	9	9	10	10	10	11	11	11	11	10	10	10	10	11	11	10	11	11	12	12	13	13	13	11	12	11	12	12	13	11	11	12	13	13	13	13	13	12	13	13	13	13	14	15	15	15	13	14	14	14	14	14	15	16	16	16	16	15	15	16	16	16	15	15	15	15	16	15	15	15	16	16	
# Normalized histogram for each species index 
1	
0.950478719425537	0.0495212805744633	
0.90077479125039	0.0969787280478948	0.00224648070171478	
0.857023446001152	0.136225521388311	0.00668325871929937	6.77738912379654e-05	
0.817141367349561	0.169618904397373	0.0128694390496414	0.000324947668311557	4.53415351132405e-05	
0.77716770223941	0.200748488265611	0.0210318391317839	0.000998993438429461	5.29769247651987e-05	
0.735841457761837	0.230731236559548	0.0313604206718896	0.00202129195510604	4.55930516189333e-05	
0.696007224803116	0.259480640742073	0.0409456532553708	0.00339427985397326	0.000164547952334668	7.653393131845e-06	
0.6619417982113	0.280569745501404	0.0520886066240201	0.00498182152883244	0.000410357893445012	7.67024099897219e-06	
0.629487070923242	0.300421089906929	0.0613274724597963	0.00797915335524746	0.000777515184640611	7.69817014495654e-06	
0.59522092426831	0.316814309459809	0.0762793244811934	0.0104783317971284	0.00118397050486508	2.31394886944315e-05	
0.566602604011585	0.329476684158221	0.0885263398053372	0.0137122439588401	0.00156225227280637	0.00011987579321039	
0.539198889888059	0.340502806288567	0.0998519333932835	0.0182486278644299	0.001941920679711	0.000244193618406772	1.16282675431796e-05	
0.513758262914989	0.351310227577078	0.109883669025374	0.0219930364441615	0.00269769861078226	0.000322171200999895	3.49342266144465e-05	
0.487385969943343	0.363214310626787	0.119928229850492	0.0254489509622315	0.00361563442176976	0.000387527805120017	1.93763902560009e-05	
0.463218758799455	0.367033238315288	0.134411318847903	0.0300984767540087	0.0046866140274408	0.000528449482929539	2.31437729750163e-05	
0.439647651587067	0.371998908519314	0.145082379889084	0.0362494571420885	0.00616840317144318	0.000818610514341057	3.45891766622982e-05	
0.412985051164966	0.378701264842441	0.157988367590282	0.0412655325642294	0.00779072397756333	0.00110036308147671	0.000168696779041726	
0.394479281984884	0.376383339781577	0.169421535090575	0.0482775528340988	0.00969917986002842	0.00146330438646558	0.000275806062370476	
0.376823221093971	0.375856694248974	0.17968612709255	0.0540605588282486	0.0115906816115403	0.00175350127214798	0.000225395588358891	3.82026420947273e-06	
0.355282596766705	0.375501245198599	0.19030241633762	0.0619798082125548	0.0141710891362658	0.00241365152090744	0.000330006408263974	1.91864190851148e-05	
0.335597048404313	0.378308556224185	0.198807295453491	0.0669639404111814	0.0167806258991693	0.00301270052441873	0.000491159135559921	3.86739476818836e-05	
0.320926854466294	0.374924749391198	0.207683912487911	0.073227095656632	0.01885246219992	0.00370912678222571	0.000644727796701013	3.10712191181211e-05	
0.309329223680319	0.368086364980775	0.215803483864942	0.0799358645059855	0.0216924298323448	0.00440153177975996	0.000692725602826943	5.83757530472143e-05	
0.290625266239651	0.368828080828422	0.22302943932834	0.0872568989954536	0.024238457785041	0.00516214478789897	0.000774515347021601	8.51966881723761e-05	
0.278408454890396	0.361162470229939	0.229741883436459	0.0957003732596335	0.0278690233103922	0.00605244162752008	0.000953413955355523	0.000111939290304899	
0.264010717484634	0.358367822837199	0.236923587732032	0.101175216975013	0.0309054266917874	0.00733159341507861	0.00113120424993051	0.000146709083608735	7.72153071624919e-06	
0.251211110123063	0.354831101849239	0.243567487734248	0.107262021210376	0.0334471306452424	0.00795292425583904	0.00151557914841463	0.000193313666889622	1.93313666889622e-05	
0.237193768249488	0.351525472494061	0.247430977569897	0.115533108604621	0.0367614182014705	0.00912134184036485	0.00207232532008289	0.000326595360013064	3.49923600013997e-05	
0.223158354591339	0.346103739068704	0.25333302128921	0.12142416937755	0.0421883654348725	0.0110151575432766	0.00246904912354607	0.00029254136534906	7.80110307597494e-06	7.80110307597494e-06	
0.21371032233652	0.338221239179706	0.258384143368169	0.127518558828463	0.0460703655591835	0.0123504468552392	0.00325340261442498	0.000444709709885429	3.51086613067444e-05	1.17028871022481e-05	
0.202275339450256	0.333212553328268	0.260288703173397	0.13500866888746	0.0502639627530049	0.014528665770557	0.0036467769271229	0.000685718738433366	7.40264547172384e-05	1.16883875869324e-05	3.89612919564413e-06	
0.191845843359466	0.32710160676861	0.263894279282776	0.141527594504386	0.0545175813087014	0.0161724753551191	0.00395094310331445	0.000826670806489172	0.000139719009547466	7.76216719708143e-06	1.55243343941629e-05	
0.182154646782399	0.318330808963455	0.270608567323003	0.14604450658278	0.0592139500563129	0.0178764223853354	0.00452444755136122	0.000998097013476251	0.000198065944308517	4.6603751602004e-05	3.88364596683366e-06	
0.173229880712529	0.31174130089982	0.272319149516576	0.153889020954222	0.0625080375827627	0.0198630590747719	0.00487126228045221	0.00129380726168811	0.000214335540339897	5.0661127716703e-05	3.89700982436177e-06	1.55880392974471e-05	
0.165368862032985	0.30510348694149	0.273485072651103	0.159256202208344	0.0679790067122456	0.021370948902836	0.00581286695426017	0.00131986731245425	0.000221924592359565	5.84012085156749e-05	3.89341390104499e-06	1.9467069505225e-05	
0.158170035786827	0.297707708675887	0.27514459812361	0.163872714962762	0.0726453235322565	0.0241106489989361	0.00631008801624915	0.00161717767675791	0.000305638843215011	4.64261533997485e-05	3.48196150498114e-05	3.48196150498114e-05	
0.147966156469869	0.289032780566058	0.276304467174657	0.172461053852953	0.077347184313298	0.0272243399304596	0.00725774737276554	0.00196628885367307	0.000338746792612984	7.78728258880422e-05	1.16809238832063e-05	1.16809238832063e-05	
0.138652337285595	0.282152522243638	0.2758873118782	0.178171056986547	0.0830130638786675	0.0306290520413527	0.00860541635029107	0.00227790432801822	0.000521776375990499	8.1770924595526e-05	7.78770710433581e-06	
0.134768898943839	0.273359200084399	0.276821124773861	0.180778112508645	0.0876343644867482	0.0335681659223138	0.00973715160963869	0.00261402665603864	0.0006173635450734	9.37767410238076e-05	7.81472841865063e-06	
0.130180428385524	0.268547936426056	0.276090210284848	0.184070561293676	0.0910934733929681	0.0353275418049091	0.0113134107881872	0.00246589368129399	0.000801122352876811	8.98820200788617e-05	1.95395695823612e-05	
0.124229288598166	0.263329003787049	0.274048543081594	0.189231166473663	0.095435197646396	0.038379080466965	0.0118032299458546	0.00276986635786047	0.000622046258333073	0.000129103940408751	2.3473443710682e-05	
0.115969499849222	0.258150801079333	0.275507846308691	0.191326960206467	0.100883909094825	0.0404906341665916	0.0135934801423967	0.0031330406551188	0.000712766749039527	0.000164484634393737	5.09119106456805e-05	1.5665203275594e-05	
0.10993318064836	0.248168173840499	0.275328784265577	0.198726575842719	0.105423464689632	0.0432082733218426	0.0147254425109595	0.00356527282600996	0.000700461990099088	0.000188888626543574	2.36110783179468e-05	7.87035943931559e-06	
0.103153863659549	0.240502703423814	0.273653977446618	0.204298796996021	0.110412693928479	0.0467664853920945	0.0160243582801673	0.00411987663912235	0.000851441172085285	0.000172642449639413	4.31606124098532e-05	
0.0983600766187276	0.234036456697858	0.273225051811844	0.205665546693462	0.114284368523519	0.0502574891666143	0.0175296740563964	0.00505557997864724	0.00125996985492684	0.000251208943038372	6.67273754945676e-05	7.85027946994913e-06	
0.0934166179488286	0.226112238051705	0.270385962984906	0.210551302826158	0.118904221384319	0.0538041111316009	0.0191431676665267	0.00576374529660335	0.00140856675390102	0.000380587674452366	9.808960681762e-05	3.13886741816384e-05	
0.0889943207597353	0.220528184989909	0.265367586088208	0.212521707839855	0.124845502761394	0.0578953955911573	0.0211054961903719	0.00651626327893988	0.00173662718838494	0.00031681712220536	0.000121250997387237	2.34679349781748e-05	2.73792574745373e-05	
0.0853840183758104	0.216978025854703	0.264077799292876	0.212815246278193	0.128042709648084	0.0604622174836742	0.0231187136932713	0.00674589797662258	0.00181092670842512	0.00045077179971621	5.87963217021143e-05	4.70370573616915e-05	7.83950956028191e-06	
0.0803654141074445	0.207376787563153	0.26447371493963	0.217045392621656	0.131285177140989	0.0641654405754455	0.024576317366901	0.00782752205018022	0.00214857890188935	0.000634453552550659	4.67082369975945e-05	3.50311777481959e-05	1.55694123325315e-05	3.89235308313288e-06	
0.0762393175715961	0.201096592923975	0.258576143843063	0.22183989119803	0.13675846508166	0.0666567944726105	0.0271147603589841	0.0087407886584078	0.0023225635490018	0.000526084025361147	9.35260489530928e-05	1.16907561191366e-05	3.89691870637887e-06	1.94845935318943e-05	
0.0720669232003821	0.195179619270562	0.256614616158492	0.222604978528676	0.14073601428029	0.0702075104616433	0.0291086171058143	0.0100212560235186	0.00264623791871039	0.000634157607738289	0.000152667572233292	1.56582125367479e-05	3.91455313418697e-06	7.82910626837393e-06	
0.0675828172613782	0.188506831809692	0.256227268259117	0.225451685835054	0.143595792784823	0.0725371080310626	0.0313614469674629	0.010750024574855	0.00313771748746682	0.000695959893836626	0.000114027327238769	3.93197680133687e-05	
0.0634487820469819	0.181728139785413	0.254146327989046	0.225521571165313	0.148028743138779	0.0770942754432418	0.0338296167976103	0.01153829458955	0.00357513505408082	0.000903648926472968	0.0001696808027875	7.89213036220932e-06	7.89213036220932e-06	
0.0600313827426615	0.174796329170101	0.249306568186141	0.228784948963418	0.152234039180879	0.0812662461167818	0.0353650225068154	0.0128621695302099	0.0040615291954606	0.0010619412920814	0.000210010777911621	1.98123375388322e-05	
0.0572758938510707	0.169505524101361	0.245055440511673	0.229207314396977	0.157260333002167	0.0834779694289168	0.0379884211324308	0.0139289547498494	0.00463633498118733	0.00129274744742229	0.000311216978083143	5.58594576046667e-05	3.98996125747619e-06	
0.0551071139290004	0.165265480546323	0.241803360452636	0.229633590162037	0.159850930289162	0.0869320607610695	0.0394061152098188	0.0149468719700265	0.00510731343343136	0.00142446163729296	0.000371078241647747	0.000131672924455652	1.99504430993412e-05	
0.052820314400935	0.158524764757737	0.239147344026103	0.230667054914459	0.163000251297373	0.0910135261807985	0.0414760330116993	0.0162306191887483	0.00520943442135788	0.00139210766696317	0.000303152385928943	0.000207420053530329	3.98884718327556e-06	3.98884718327556e-06	
0.0506735601547824	0.154140106934699	0.232599026990575	0.230379248888104	0.168707149853085	0.0938608885534914	0.0444918996162554	0.0170758337213596	0.00586856344631589	0.00164175270146594	0.000445561246608115	0.000116407893257976	
0.0481025024119877	0.149623972129936	0.229342687943291	0.229835177477888	0.172330969114447	0.0974241182620771	0.0456965699314955	0.0190859878653808	0.00609556719050868	0.00186500135232782	0.000444047941030433	0.000153398379628695	
0.0451250687635505	0.145289292301718	0.225690062453483	0.231369122738893	0.173458078503705	0.101766009772514	0.047450894735139	0.0203176067048507	0.00683590589910365	0.00211953532019545	0.000428760961718927	0.000129437271462318	2.02245736659871e-05	
0.043344738782962	0.140158064217115	0.220870763762106	0.231728106977475	0.175873645350969	0.104470694442765	0.0506071487584987	0.022049192550589	0.00764527842596735	0.00240602594639036	0.000660951851269713	0.00015717757438731	2.41811652903553e-05	4.03019421505922e-06	
0.0403348492775788	0.134358272628486	0.216971867831126	0.228687567915644	0.180846782307723	0.108926630981607	0.0550408500020123	0.0227673360969131	0.00849197086167344	0.0025838129351632	0.000804926148025919	0.000156960598865054	1.60985229605184e-05	1.20738922203888e-05	
0.0394378397632839	0.129890263795958	0.208259966726979	0.229223589033666	0.1836371216813	0.112719442049489	0.0584180338154278	0.0242302072075354	0.00969855938343716	0.00318562864556137	0.000991714127271329	0.000222629702040502	8.09562552874554e-05	4.04781276437277e-06	
0.0384290864462683	0.124342458508779	0.2048945713213	0.22559678324445	0.185665898273335	0.116704278914668	0.0624215290085304	0.0265721448670383	0.0102945866622528	0.00362127224942774	0.0011384601720609	0.000222040104479962	8.47789489832582e-05	1.21112784261797e-05	
0.0368330630529375	0.121509770234903	0.203340505129975	0.223948716301922	0.185164817520592	0.121377306080506	0.0637112441996757	0.027957964708338	0.0110105810760906	0.00354040558115637	0.00121224771599685	0.000325139288065381	6.42250445561247e-05	4.01406528475779e-06	
0.0349991096433717	0.117895358813721	0.199452025966037	0.22602512424522	0.184866365564243	0.12395787803733	0.0666917585352824	0.0293858158094961	0.0114087060689945	0.00379615689702621	0.00114532239004096	0.000303530668738769	7.28473604973046e-05	
0.0340371926100852	0.113388448498645	0.19363488700851	0.223090850909562	0.18854328268733	0.126261255605018	0.0690586810435966	0.0328908727828028	0.0129092625072404	0.00422072530045326	0.00138935583306667	0.00039695880944762	0.000174175804145384	4.05060009640428e-06	
0.0327361747434987	0.109496999419242	0.190452184293734	0.219461831322191	0.191436245724979	0.128875750145189	0.0723285151964896	0.0346236368329354	0.0138615538491321	0.00473882041685487	0.0014155965670775	0.000463799445053881	8.46938117054914e-05	2.41982319158547e-05	
0.0295599082150735	0.107419819253058	0.188259917490352	0.219251444725391	0.191074762774679	0.131120171310355	0.0752023422093713	0.0362945667033645	0.0147759213779031	0.00483121010118119	0.00160905912384916	0.00048392755604486	9.27527815752648e-05	2.4196377802243e-05	
0.026795876688112	0.101456236226701	0.184330123263454	0.221494821643351	0.192014917541835	0.134072214463881	0.0779094453548163	0.0383553571572719	0.0157610933072868	0.00554564461055368	0.00165885002542763	0.000488371905296212	8.47587604233095e-05	3.22890515898322e-05	
0.0249695076542832	0.0960498826598181	0.179154104088591	0.221014157304275	0.194627711604803	0.136593632634659	0.0813773281861985	0.040261972522673	0.0171119421309621	0.00613067228074695	0.00204892461648076	0.0005071994139029	0.000108685588693478	3.62285295644928e-05	8.05078434766507e-06	
0.0243140243902439	0.0917843388960205	0.174233793324775	0.215685173299101	0.200144415917843	0.140292041078306	0.0839537869062901	0.0419086970474968	0.0174863607188703	0.00718068035943517	0.00217025032092426	0.000561617458279846	0.000188543003851091	6.8196405648267e-05	2.00577663671374e-05	8.02310654685494e-06	
0.022729550821736	0.0893104153385376	0.170032596798056	0.213414805281243	0.200656747296631	0.146044079852132	0.0852007329267755	0.042740697082326	0.0190528886055547	0.00704860651695394	0.00265024397480464	0.000821936482352422	0.000216510097790394	4.8113355064532e-05	1.60377850215107e-05	1.60377850215107e-05	
0.0210541553407428	0.0866372862818265	0.16720682611423	0.211172856384604	0.198506586460361	0.149297122545156	0.0877832821321152	0.0456588872983449	0.0204590417062069	0.00788927669567176	0.00283885287825905	0.000997217441654738	0.000353851350264584	6.83576472102038e-05	2.81472664983192e-05	4.82524568542615e-05	
0.0209660436426131	0.0828677126155311	0.162278065330789	0.209119845729939	0.197513282797517	0.151647793058654	0.0931106960306926	0.0472048637025622	0.0217244843208527	0.00879871871936485	0.00312655066827499	0.0010650443566769	0.000516385142631224	6.05138839020966e-05	
0.0199732823342632	0.0806483703442031	0.157053585567588	0.206988821621007	0.199229329337865	0.152660194332444	0.0966180632534646	0.050385944396396	0.0223729997279508	0.00905883165028281	0.00339452409665461	0.00117346586594878	0.000353257890441329	7.30878394016542e-05	1.62417420892565e-05	
0.0189355252514523	0.0766408745884025	0.152909983740369	0.204789646128329	0.200973943736774	0.154294912124456	0.0993675902246117	0.0527294119569569	0.0246345668319865	0.00972309602987196	0.00330095024879687	0.0012092590020345	0.000359509433037283	9.80480271919862e-05	3.26826757306621e-05	
0.0175891344016321	0.0746928607134003	0.150824389074254	0.202230341256843	0.198076899630579	0.158899622451343	0.100458829314682	0.0547912915902967	0.0262455244837662	0.0109444406061911	0.00354790072380426	0.00120701777201588	0.000410467323143448	6.5024526438566e-05	1.62561316096415e-05	
0.0175462779025549	0.0720621741492407	0.146986564610682	0.200651093399064	0.197492925541835	0.160762500912179	0.103631690329276	0.0563362009551532	0.0265464481760466	0.0120488766003681	0.0039771022695024	0.00128515944896255	0.00053514525950491	0.000121623922614752	1.62165230153003e-05	
0.0164672971676249	0.0691138561124167	0.143944507241545	0.197753941986322	0.19918517374015	0.161595010205658	0.106419399695863	0.0585707199258362	0.0284416651080336	0.0120882159208269	0.0042164412747721	0.00148408974473656	0.000528579909084256	0.000170771970627221	2.03299965032406e-05	
0.0158628195476416	0.0669249779057969	0.137970115544499	0.193717063271251	0.199968904454846	0.164012634610978	0.109992307944093	0.0614750744656476	0.0298762724624399	0.0133056201106347	0.00438201695525515	0.00182481751824818	0.000470524696409283	0.000167752283067657	4.09151909921115e-05	8.18303819842231e-06	
0.0146552361852001	0.0636142459087808	0.135821901481962	0.190842737726342	0.199933422651094	0.164774828830458	0.112347221423111	0.0644567370523495	0.0313488899665469	0.0142524843214453	0.00527687135776695	0.00186991936743299	0.000563030666677626	0.000160278802922828	6.5755406327314e-05	1.23291386863714e-05	4.10971289545712e-06	
0.0139952360150667	0.0597599874718735	0.131685445119388	0.187571604012297	0.201146488415604	0.16529296858902	0.116115951107338	0.0673386797662515	0.033166566386707	0.0148483025212855	0.00621048900904168	0.00198636742027743	0.000597558663776406	0.00016896486355057	6.1816413494111e-05	3.29687538635258e-05	2.06054711647037e-05	
0.0138150332040457	0.0580760674501112	0.127568868416047	0.183924776089779	0.1967184644266	0.169340632985718	0.118339549615859	0.0702908558621887	0.0358049603453552	0.0157667529503221	0.00666561913346951	0.00267947965166765	0.000669869912916911	0.000231559969897204	7.44299903241013e-05	1.24049983873502e-05	2.06749973122504e-05	
0.0128715625661744	0.0561324691393907	0.125136500844956	0.181206688229994	0.196789583168979	0.169904625873502	0.120668822999406	0.0728405877736764	0.03709916500928	0.0167454876868972	0.00689251414833853	0.00273624507455126	0.000747381052229479	0.00018684526305737	3.32169356546435e-05	4.15211695683044e-06	4.15211695683044e-06	
0.0117716939359577	0.0563620730476392	0.122693117671248	0.177775839366638	0.195300460649562	0.170922171408159	0.121538378463698	0.0751494307301856	0.039506203607937	0.0178943039788658	0.00726073429783133	0.00264593120578865	0.000851516322114087	0.000228455598615974	7.47672868197735e-05	2.49224289399245e-05	
0.0116393749609871	0.0538607186700235	0.119793595638876	0.178905973658476	0.195418322548428	0.171282328707268	0.122332036370446	0.0755831131270677	0.0415596845675288	0.0183766463452696	0.00735731674330538	0.00260086140529743	0.000936310105907076	0.000249682694908554	8.32275649695179e-05	2.08068912423795e-05	
0.0110454417347768	0.0523674132528722	0.116696231701454	0.175044347552181	0.194528258094464	0.172180407500124	0.126038230076759	0.0774465757058307	0.0426275302972529	0.0200848820438005	0.00776289394718082	0.00279348132429251	0.000944975878247318	0.000339859745685439	6.21694656741657e-05	1.65785241797775e-05	2.07231552247219e-05	
0.0102041235672926	0.0492822592907661	0.113054949390342	0.171341330604562	0.193660539261013	0.172730373603252	0.129961821865509	0.0807370969001327	0.0433644429649904	0.0219698931094426	0.00879042300057945	0.00322603181648194	0.00114657691311906	0.0003123291949715	0.000172602976168461	2.05479733533882e-05	2.46575680240658e-05	
0.0098397885870014	0.0466017012139731	0.111470806837889	0.171009166735486	0.192204145676769	0.172177719051945	0.130696176397721	0.0831076059129573	0.0453712114955818	0.0225039227021224	0.00972004294326534	0.00359649847221075	0.00111487323478405	0.00041291601288298	0.000140391444380213	2.0645800644149e-05	1.23874803864894e-05	
0.0090879102754412	0.0451550387596899	0.107644730331519	0.169008741547089	0.191019297377536	0.173688767936665	0.13116856341745	0.0857413821540492	0.0477238990598714	0.0233671449777338	0.0106341745010721	0.00387184562097971	0.00120402441035791	0.000515421408543625	0.000103084281708725	6.5973940293584e-05	
0.00846120751469956	0.0426297351006945	0.102808793099916	0.166085513511299	0.193677654627031	0.175722685460245	0.132629939972547	0.0860584704267481	0.0497346909508103	0.0245395505111553	0.0113130237036734	0.00436786789862941	0.00140542090922128	0.000381061645940464	0.000163897482124931	2.04871852656164e-05	
0.00818266610730738	0.0406974612962744	0.100094086404718	0.159535514563028	0.192095112801861	0.180682554099683	0.135187093463235	0.0890114410697339	0.0510999148742053	0.0254033292739055	0.011575478883508	0.00421555969191794	0.00152737669997027	0.000484687539457231	0.000162920181330162	4.48030498657945e-05	
0.00786356292068235	0.0393624708719339	0.0954426248142705	0.157157587911954	0.189411592767308	0.181669819669868	0.140228802481265	0.0920243904419347	0.0521747602770313	0.0265867184138093	0.0114969593140797	0.00455899905003938	0.00140058296728725	0.000418145059798803	0.00015020744866559	5.27755900716936e-05	
0.00740773634110305	0.0367399501037487	0.0926189072882437	0.153471341950798	0.188108060101569	0.181495595727331	0.142882517742235	0.0960179884867226	0.0541269367092696	0.027903146370411	0.0119734855518865	0.00480796402302656	0.00169954059923945	0.000573241722308792	0.000141291973808505	2.8258394761701e-05	4.03691353738586e-06	
0.00711470624495429	0.0357564694513046	0.0899857228644945	0.150912106135987	0.186783906208367	0.181112821185837	0.144958659937721	0.0973788133672167	0.0560387510886813	0.0290553626750341	0.0129050988065269	0.00516999335854699	0.00192482829656673	0.000628353038961865	0.000254522749959237	1.98845898405654e-05	
0.00695465989968478	0.0347257191570349	0.0870125493150413	0.147713169841994	0.184829801153823	0.18088459784699	0.145742550702801	0.0993041375071866	0.0593802660534089	0.0300826708431633	0.0141511865347634	0.00589599730378065	0.00229178644356773	0.000725600206181479	0.000285482048333697	1.98251422453956e-05	
0.00644394716517813	0.0333643582787096	0.0840406360773907	0.143980830544389	0.179982969285304	0.181424639087471	0.147917698081074	0.101609996633463	0.0621343842208448	0.032809869893261	0.0155771629997822	0.0069905142879775	0.00248727647186962	0.000784205002277363	0.000384181238489415	6.73307325187635e-05	
0.00655233431814526	0.0314512047270972	0.0822729930043041	0.140992894444641	0.180754185450679	0.179118063647885	0.149687488965006	0.102538146748747	0.063702814364914	0.0345351177654578	0.017310717971052	0.00703885495015125	0.00258562174590283	0.00108290076156173	0.000325654939165303	4.70826418070318e-05	3.92355348391932e-06	
0.00646371487748642	0.0308491930126226	0.0814295204970886	0.137633358083552	0.178897182383055	0.182273633201766	0.148942905154559	0.104599632654656	0.0653405760287624	0.0345109226620814	0.0171519012075501	0.00774942358044472	0.00267302356481301	0.00110594396029544	0.000277462972370941	9.37903005197546e-05	7.81585837664621e-06	
