# <P(N_2)> as a function of N_tot.
# number_of_species: 2
# species_total_upper_bound: 100
# species_total_lower_bound: 0
# volume: 512
# Bin widths for each species index 
1	1	1	1	1	1	1	1	1	1	1	1	1	1	1	1	1	1	1	1	1	1	1	1	1	1	1	1	1	1	1	1	1	1	1	1	1	1	1	1	1	1	1	1	1	1	1	1	1	1	1	1	1	1	1	1	1	1	1	1	1	1	1	1	1	1	1	1	1	1	1	1	1	1	1	1	1	1	1	1	1	1	1	1	1	1	1	1	1	1	1	1	1	1	1	1	1	1	1	1	1	
# Bin lower bound for each species index 
0	0	0	0	0	1	2	2	3	4	5	6	6	7	8	9	10	11	12	12	13	14	15	16	17	18	19	20	20	20	21	21	22	23	23	24	25	26	28	29	30	31	31	32	34	34	35	35	36	38	40	41	42	43	43	44	45	46	47	48	49	50	51	51	52	53	54	55	56	56	57	57	57	58	59	62	62	63	64	66	66	67	68	68	69	70	71	72	72	73	74	76	77	78	79	79	82	82	83	83	84	
# Bin upper bound for each species index 
0	1	2	3	4	5	6	7	8	9	10	11	12	13	14	15	16	17	18	19	20	21	22	23	24	25	26	27	28	29	30	31	32	33	34	35	36	37	38	39	40	41	42	43	44	45	46	47	48	49	50	51	52	53	54	55	56	57	58	59	60	61	62	63	64	65	66	67	68	69	70	71	72	73	74	75	76	77	78	79	80	81	82	83	84	85	86	87	88	89	90	91	92	93	94	95	96	97	98	99	100	
# Normalized histogram for each species index 
1	
0.0499815202037334	0.950018479796267	
0.00237133232237907	0.0966394251809031	0.900989242496718	
8.19399277904386e-05	0.00671395283332907	0.135989552659207	0.857214554579674	
6.177478970832e-05	0.00034490924253812	0.0131065512164486	0.17088451203064	0.815602252720665	
7.21798308929676e-05	0.00107238605898123	0.0208084141060012	0.201531243555372	0.776515776448752	
5.66484704912967e-05	0.00209599340817798	0.0314399011226697	0.230791018642497	0.735616438356164	
1.03759733960042e-05	0.000181579534430074	0.00350707900784942	0.0411459225018547	0.258761212536251	0.696393830446219	
1.04307916970898e-05	0.000443308647126317	0.00511630332742255	0.0514446646500469	0.280374465421926	0.662610827161782	
5.23395791897833e-06	0.000795561603684706	0.00795038207892809	0.0612948811891552	0.299659792735266	0.630294148435047	
1.57159396298372e-05	0.00126775246347354	0.0103882360953224	0.0760703864549555	0.316665706248134	0.595592202798485	
0.000115679273954811	0.00162476798418349	0.0134608609692872	0.0879951204378986	0.330343199373229	0.566460371961447	
1.5823869780101e-05	0.000300653525821918	0.00193051211317232	0.0178967967212942	0.0986776519487096	0.34007078544415	0.541107776377072	
4.21927576131557e-05	0.00034281615560689	0.00241553537335316	0.0221353754628018	0.109115745282322	0.352657616320159	0.513290718648144	
2.10677116251633e-05	0.000405553448784393	0.00347090549024565	0.0258658829477942	0.119896346858804	0.362053891206337	0.488286352336409	
2.10486434149319e-05	0.000515691763665832	0.00476751773348208	0.0297154223410301	0.133864109958113	0.367004146582753	0.464112062977541	
4.18512918970667e-05	0.000826563014967068	0.00609459438251035	0.0358717885672733	0.145019957834823	0.371974282381129	0.4401709625274	
0.000187707260099693	0.00100631947775669	0.00806098400317017	0.0410818195090412	0.158805556134899	0.378068492293574	0.412789121321459	
0.000270638811687433	0.00145208131655373	0.00999281766230522	0.0482465727758174	0.168998324121205	0.375464509883521	0.39557505542891	
5.20819770318481e-06	0.000223952501236947	0.00176557902137965	0.0117184448321658	0.0539621364026978	0.179891148668003	0.37591208562277	0.376521444754043	
2.61243939140612e-05	0.00039709078749373	0.00233029593713426	0.0140601488045477	0.0622074067881625	0.191627654238422	0.374106545728139	0.355244733322187	
5.25541307546773e-05	0.000536052133697709	0.00280639058229977	0.0165965944923271	0.0677580407820055	0.199621610258566	0.37792200966996	0.334706747950389	
4.22078949867573e-05	0.000675326319788116	0.00358239508700102	0.0184870580041997	0.0731937658939105	0.207942470639133	0.375513089723433	0.320563686437548	
7.95203333492374e-05	0.000630861311237283	0.00430470071197205	0.0213644628931618	0.079456717082558	0.214863940709639	0.369218209096066	0.310081587862016	
8.92833696594102e-05	0.000614479661773588	0.00492634122003099	0.0238123998844568	0.0863580263123342	0.221816653974423	0.371660408077519	0.290722407499803	
7.84834896898856e-05	0.000701119174562978	0.00581301046969752	0.0272965577141422	0.0947818943821518	0.229433401526765	0.362923353023969	0.278972180219021	
0.000151886535520499	0.00107891814886975	0.0067877568977437	0.0307334548425617	0.100554123981313	0.237356755284604	0.360395323989693	0.262941780319695	
0.000178406514986147	0.00144824112165225	0.00725694735958358	0.0329474855175888	0.106209596171606	0.244112585005457	0.356125640164554	0.251721098144572	
1.5860260531213e-05	0.000327778717645069	0.00188208424970394	0.00843765860260531	0.0363781509050922	0.114320757908983	0.248810480460159	0.3535569277618	0.23627030113348	
1.06016994524222e-05	5.30084972621111e-06	0.000328652683025089	0.00225286113363972	0.0106600087994105	0.042184162121188	0.120456509178421	0.255013278628564	0.346537750001325	0.222550874905247	
1.59019591213638e-05	3.18039182427275e-05	0.000434653549317276	0.00333941141548639	0.0122816130947333	0.0465344330421508	0.127146764481384	0.258523450089051	0.338239971164447	0.213451997286066	
5.28200631727956e-06	1.05640126345591e-05	8.45121010764729e-05	0.00071307085283274	0.00350725219467362	0.0141927509745302	0.0504590063489716	0.136090892764708	0.262124845501315	0.331657176661983	0.201154646580957	
2.10641614357332e-05	5.26604035893331e-06	0.000157981210767999	0.00084256645742933	0.00377575093735518	0.0164616421620255	0.0549405990647512	0.143731305556726	0.264602729915322	0.326168007751611	0.189293086742217	
5.27958016778506e-06	4.22366413422805e-05	0.000200624046375832	0.00104535687322144	0.004593234745973	0.0181195191358383	0.0603772787987899	0.147532588208586	0.270298665850092	0.316959595372976	0.180825620746638	
2.12074459342675e-05	5.30186148356688e-06	5.30186148356688e-05	0.000249187489727643	0.00136788026276026	0.0050102591019707	0.0201947903909062	0.0636965638635725	0.154549262245975	0.270861499472465	0.311219269085376	0.172771760164994	
2.65480147394578e-05	5.30960294789156e-06	6.90248383225902e-05	0.000265480147394578	0.00149730803130542	0.00612197219891896	0.0216472512185539	0.0681859210568234	0.160004884834712	0.274097632979006	0.304070341619854	0.164008325457422	
4.76730266015488e-05	4.76730266015488e-05	6.35640354687318e-05	0.000370790206900935	0.00171093195470003	0.00637229455574036	0.0239901263864905	0.0730403737565286	0.165218819192101	0.27706503660229	0.295774051041921	0.156298666214656	
1.60394356257251e-05	1.60394356257251e-05	0.000101583092296259	0.000379599976475494	0.00199423649613182	0.007469030523046	0.0274007025272804	0.0780372007976946	0.173648276562642	0.276338089917076	0.286897385037345	0.147701816198761	
1.07052627071468e-05	0.000112405258425042	0.000604847342953796	0.00230698411339014	0.00855350490301032	0.0309649723804222	0.084207596454417	0.178569134586563	0.274493641073952	0.281532351303901	0.138643857320259	
1.07835313908599e-05	0.000102443548213169	0.000771022494446481	0.00268509931632411	0.0100933853818448	0.0338656803329954	0.0885813186102185	0.179734509457157	0.274392348006125	0.273783078482541	0.135980330838743	
2.70118419915291e-05	0.000102644999567811	0.000842769470135708	0.00247968709482237	0.0115394588987812	0.0354179272192929	0.0906247298815801	0.18265407554672	0.276109646469012	0.268616561500562	0.131585487077535	
3.24217420201987e-05	0.000140494215420861	0.000572784109023511	0.0027072154586866	0.0122554184836351	0.038495415025316	0.0938933648904956	0.18927272629025	0.27406638892041	0.263875154678728	0.124688616186014	
2.16712898751734e-05	4.33425797503467e-05	0.000140863384188627	0.000650138696255201	0.00338072122052705	0.0141946948682386	0.0405849081137309	0.0996554264909847	0.189780903259362	0.27527955963939	0.259058599167822	0.117209171289875	
1.08705695634923e-05	2.71764239087307e-05	0.000152187973888892	0.000755504584662713	0.00369599365158738	0.0149198567258932	0.0429822320540485	0.104716196605121	0.198610741209786	0.273965529423914	0.249148019110461	0.111015691667165	
4.33468069658319e-05	0.000151713824380412	0.000926537998894656	0.00429675224048809	0.0156373606129239	0.0463106448921206	0.10955905460614	0.204602347229597	0.273881381462738	0.240022106871553	0.104568753454199	
1.08504589744146e-05	4.88270653848658e-05	0.000238710097437122	0.00139970920769949	0.00511599140643649	0.0171491504090623	0.0498307328399991	0.113886417395456	0.205876608580543	0.273838458366789	0.234131203749919	0.0984733404222999	
1.63148993098798e-05	0.000103327695629238	0.000331736285967555	0.00143571113926942	0.00562320196213856	0.0190394874946297	0.0538935507203028	0.118272143397088	0.210141341411021	0.271730086305817	0.226195202331943	0.093217896356883	
3.78517509138494e-05	5.40739298769277e-06	5.94813228646205e-05	0.000237925291458482	0.00166006964722168	0.0066565007678498	0.0216890532736357	0.0582214002984881	0.124321372180045	0.212840395388575	0.26431877663141	0.220827114831397	0.0891246512231523	
5.41195826297788e-06	1.62358747889336e-05	2.70597913148894e-05	0.000411308827986319	0.00181300601809759	0.0068244793696151	0.0236935532753171	0.0611388924968611	0.128149759709053	0.212484305321037	0.262155258258648	0.218134389747586	0.0851463393514309	
2.68692969917135e-05	4.29908751867416e-05	0.000569629096224326	0.00217103919693045	0.00796943348774223	0.025026063218082	0.0640349085906516	0.131917500510517	0.215814193437443	0.263722149973668	0.208253173263975	0.0804520490525886	
9.1441111923921e-05	0.000554025560480227	0.00249580446662937	0.00890206119024054	0.0277604458023151	0.0671769439304617	0.137124015663325	0.220733465295409	0.258417961185937	0.201116657343259	0.0756271784500194	
0.000129662445433721	0.000723948653671608	0.00283096339196957	0.0101947097722263	0.0293145178718071	0.0706282145481264	0.141137571854605	0.222727665643774	0.256531745688724	0.193315900937892	0.0724650991917708	
0.000125284613959974	0.000724471898116373	0.00317569260602891	0.0113082981991699	0.0310542427906875	0.0724580841258947	0.144284298024861	0.224461003802116	0.256435816147553	0.187894237997189	0.0680785697944243	
0.000185669584591609	0.000786365299446814	0.0037625395230476	0.011424140322519	0.033693568733242	0.0779757646583407	0.14885239814112	0.224518214732335	0.25394138301997	0.181115218898979	0.0637447370864073	
2.19903462380015e-05	0.000236396222058516	0.000978570407591067	0.00421115130457729	0.0127653959911599	0.035629858492122	0.0820129962946267	0.152008268370185	0.229887079572068	0.247814709342599	0.174130556685615	0.0603030269711597	
7.19930443643291e-05	0.000287972177457316	0.00129587479855792	0.00472938922208747	0.0133851683252756	0.038987002486529	0.084054648258599	0.157011291832112	0.228721901945474	0.244543757926157	0.169814977875984	0.0570960221074025	
0.00012767776352968	0.000288662769719275	0.00150437712680622	0.00513486657673711	0.0148716838476527	0.0406181824237681	0.0878423013084195	0.158325977983913	0.228898473973165	0.242609955534831	0.165448176706025	0.0543296639854336	
0.00019537573545009	0.000273526029630126	0.00145694477007067	0.00517466590749238	0.0168525527235378	0.0423797881010595	0.091234886291322	0.161821348427504	0.230124705540856	0.23905058556899	0.158829308593183	0.0526063123109042	
7.3345632831762e-05	0.000411863938209125	0.00167002363986166	0.00607076160976738	0.0177947789193367	0.0450567864457271	0.0933859165101019	0.167735820314484	0.228482930214451	0.232680557201131	0.155678926671293	0.0509582889028058	
0.0001131810670711	0.000430088054870181	0.00178826085972339	0.00633248070262806	0.0195633474432397	0.0452554496683795	0.0960397944631822	0.171310863118817	0.22924259229916	0.230810150078095	0.149902664282319	0.0492111279625144	
8.49627296825792e-05	0.000396492738518703	0.00208441896821261	0.00714819765729433	0.0206459433128668	0.0470920089720643	0.10139452160319	0.17264993089698	0.230277318349684	0.22610281623128	0.146617350522238	0.0455060380179894	
0.000123831341712587	0.000675443682068659	0.00239219637399317	0.0078632901987493	0.022193953653306	0.0511310867325975	0.104699399417993	0.174866740590225	0.230714675702602	0.221871992164853	0.140199593608051	0.0432677965338482	
0.000135116115411682	0.000810696692470091	0.00254468684025334	0.00838282899366643	0.0223335679099226	0.0552512315270936	0.109016185784659	0.179400422237861	0.229629838142153	0.217964813511612	0.134130893736805	0.0403997185080929	
2.25875124937178e-05	0.00020893449056689	0.000926088012242432	0.00293637662418332	0.0094867552473615	0.0242251071495124	0.0589025857054927	0.111062798931611	0.183907526723851	0.228771973414498	0.208623912270101	0.130629231629294	0.0402961222887926	
3.9487118737766e-05	0.000152307457988526	0.00102102407021938	0.00315332848205875	0.00968562612467776	0.0260614983669256	0.0608834960766727	0.115979308749781	0.186672533324308	0.223824271039583	0.206951989304632	0.125743909111935	0.0398312207724809	
1.12061140558289e-05	0.000280152851395721	0.0010869930634154	0.00314331499266	0.0102984188173067	0.0273261091251387	0.062793460111837	0.120829924806975	0.184290148705134	0.223231395049139	0.204758116028105	0.123754720575546	0.0381960397592927	
7.30534076604927e-05	0.000247257687466283	0.000972172271174249	0.00349532458190973	0.0109973475993526	0.028805520589822	0.0657930228376191	0.123117469879518	0.184566624707786	0.224459404783312	0.201234040640173	0.120577459090092	0.0356613019241144	
0.000134911801409828	0.000337279503524571	0.00134349668903954	0.00410918861794102	0.0126760880074651	0.0321371153608329	0.0692828313490056	0.125507324586552	0.186538050749323	0.223346487233971	0.195110571463905	0.115265270329522	0.034211384307509	
5.5948124898594e-05	0.000391636874290158	0.00142108237242429	0.00447584999188752	0.013690506162686	0.0349004403117429	0.0719604782445716	0.128048473455412	0.19100130359131	0.219529252477103	0.191336992340702	0.110408029674885	0.0327800063780862	
3.34954139195775e-05	7.81559658123475e-05	0.000480100932847278	0.00158544959219334	0.0047730964835398	0.0147826426765069	0.0359517442736799	0.0743598189014621	0.131184788616025	0.191152744670042	0.219495447414991	0.189036951024122	0.107916641079892	0.0291689229549654	
3.35259211246829e-05	8.94024563324877e-05	0.000458187588704	0.00166512074919258	0.00569940659119609	0.0157851211962049	0.0382866019243879	0.0767408334543992	0.134550696780394	0.193198708134506	0.221841020082027	0.183995842785781	0.100968899120503	0.0266866332152476	
1.11207490936589e-05	3.89226218278063e-05	0.000111207490936589	0.000494873334667823	0.00197949333867129	0.00632214585974511	0.0169313404950957	0.0408854340428371	0.0807978025399791	0.136418229131914	0.195430484197416	0.22118613909833	0.178443539956851	0.0955550365872645	0.0253942305553702	
1.10428905870401e-05	2.76072264676002e-05	6.62573435222404e-05	0.000198772030566721	0.000552144529352003	0.00211471354741817	0.0074153010291974	0.017635496267503	0.0420734131366226	0.0836112460797738	0.14096801978886	0.200687972083573	0.214971951057909	0.173494854012986	0.0917940280047705	0.0243771809708909	
2.21053096953888e-05	2.21053096953888e-05	6.07896016623193e-05	0.000243158406649277	0.000856580750696317	0.00274105840222822	0.00710133073964366	0.019098987576816	0.0426466687298289	0.0852657058225386	0.145861886025023	0.201384897652416	0.213017816879614	0.169426146160308	0.0899243998408418	0.0223263627923427	
6.62668566316557e-05	3.86556663684658e-05	7.73113327369316e-05	0.000320289807053002	0.000944302707001093	0.00298200854842451	0.00785814474890384	0.0206145146504976	0.0459560650740532	0.0878698518935754	0.149442806180489	0.19882818108523	0.210408314281612	0.165976386910087	0.0872624057077852	0.021354494549551	
8.28637719588996e-05	0.000370124848083085	0.000955695503259308	0.0031101535741907	0.00894928737156115	0.022141199867418	0.0482267152800795	0.0935752955474533	0.152088167053364	0.197027952712407	0.207562700254116	0.160877251132472	0.0840238647663242	0.021008728317313	
2.22301262671172e-05	6.11328472345723e-05	0.000344566957140317	0.00113373643962298	0.00327338609283301	0.00912546683265161	0.0226580561977592	0.0509570069357994	0.0958174017428419	0.153065534412235	0.198776231548995	0.205895429486039	0.157178107771652	0.0811899786590788	0.0205017339498488	
5.60688974612003e-06	5.04620077150803e-05	0.000358840943751682	0.00115501928770073	0.00315107203731946	0.00939154032475105	0.0247039562214049	0.0525589844801292	0.0983448461469454	0.154284785143985	0.201186417870279	0.204853323764242	0.15368484794115	0.0772068718040728	0.0190634251368081	
5.57985894116597e-06	3.90590125881618e-05	0.00031805195964646	0.00115503080082136	0.00337023480046424	0.0106686902955093	0.0259686635121864	0.0548221140969556	0.100364922774752	0.158797205606642	0.198369565217391	0.201566824390679	0.15241942683689	0.0743627801089188	0.0177718507276136	
8.92936869363336e-05	0.000407402446647022	0.00121662648450755	0.00373359228502545	0.0116695687114921	0.0263248950799179	0.0561880525046879	0.103296053219037	0.15980779533887	0.197099071345656	0.201312617197964	0.14801544780784	0.0727464505759443	0.0180931333154746	
1.68443748210285e-05	0.000129140206961219	0.00045479812016777	0.00138685352693135	0.00402019079061881	0.011785447583113	0.028371541990219	0.0586464983352143	0.105097669300004	0.160863779540822	0.198965755385989	0.197820337898159	0.145192896165659	0.0702185838372609	0.0170296629440598	
3.95069532237674e-05	8.4657756908073e-05	0.000389425681777136	0.00172701824092469	0.0042554632472458	0.0133194870868701	0.0297374480765758	0.060947941123352	0.10958664439227	0.162452591656131	0.1986127415568	0.194927307206068	0.139815107458913	0.0676359039190898	0.0164687556438505	
2.83082427941368e-05	9.62480255000651e-05	0.000566164855882736	0.00184003578161889	0.00505585216303283	0.0141427980999507	0.0310937738850799	0.0640558917945727	0.110555011408222	0.162670486392228	0.200071336771841	0.192501712648689	0.136983586880828	0.0650580035894852	0.015280789460275	
5.69612321853746e-06	2.27844928741499e-05	0.000176579819774661	0.000529739459323984	0.00201642761936226	0.00613472470636485	0.0148611854771642	0.0324963829617562	0.0664338850978024	0.114514861185477	0.164259105252965	0.202121236286583	0.188820788571298	0.133819022773101	0.0596725868373985	0.0141149933355358	
5.73818937172565e-06	5.16437043455308e-05	0.000235265764240751	0.000740226428952608	0.00256497064916136	0.00693747095041631	0.0159177373171669	0.0346644019945946	0.0683246208491373	0.116892655691423	0.170171744007896	0.197146972244378	0.185590258849723	0.129132213621314	0.0579499744650573	0.0136741052728222	
5.75834528189979e-06	2.8791726409499e-05	0.000195783739584593	0.000771618267774572	0.00275824739003	0.00726127340047564	0.0162558087308031	0.0362890919665325	0.0710291890522339	0.119405047765474	0.170717662572483	0.197568826621982	0.18252802874566	0.126447504045238	0.055855949234428	0.0128814183956098	
3.4559823053706e-05	8.63995576342649e-05	0.000236158790866991	0.000921595281432159	0.00288574522498445	0.00696380434532175	0.0174239107895768	0.0384593230882658	0.0730537059650255	0.120792341543211	0.170610326475128	0.196224915328434	0.181041633066839	0.123148169481372	0.0563497914890676	0.0117676197497869	
2.87612528401737e-05	8.05315079524864e-05	0.000287612528401737	0.0010756708562225	0.0027150622681124	0.00712703845379505	0.0177687020046593	0.0405993845091892	0.0744283700998015	0.121280450976445	0.171428571428571	0.197112370214847	0.181420230665248	0.119232649774224	0.0535361960366994	0.0118783974229917	
2.85585364321249e-05	2.28468291456999e-05	5.14053655778249e-05	0.000285585364321249	0.000959566824119398	0.00284443022863964	0.00731098532662398	0.0197053901381662	0.0426607417223082	0.0762684273956328	0.124886479817682	0.172716316634205	0.19732806333141	0.176194746371638	0.11555926181895	0.0522449865489293	0.0109322077462174	
3.39414509970301e-05	2.82845424975251e-05	0.000118795078489605	0.000248903973978221	0.00102390043841041	0.00332060528920945	0.00841747984726347	0.0218356668080894	0.0428623957007495	0.0799943430915005	0.129051053599208	0.173271107339839	0.195819544618866	0.171687172959977	0.112832696931127	0.0490001414227125	0.0104539669070853	
1.70563085599927e-05	2.84271809333212e-05	0.000102337851359956	0.00037523878831984	0.000921040662239607	0.00362162285090512	0.00901710179204949	0.0217354225416174	0.045210588556354	0.0820465296097517	0.129969071227145	0.173201127990539	0.193168379878104	0.170961066132994	0.112275993814245	0.0471948057854999	0.0101541890293823	
8.49415602065779e-05	0.000107592642928332	0.000554951526682975	0.00107592642928332	0.00355055721663495	0.0102099755368307	0.0231833831657153	0.0470406360424028	0.0852586753646824	0.131257361601885	0.173818746036061	0.190914650720304	0.169299855033071	0.108170245537737	0.0458967563649542	0.00957574522062155	
2.80645034547404e-05	0.000213290226256027	0.000415354651130158	0.00111135433680772	0.0043668367375576	0.0111247691694591	0.0240625052620944	0.0491690100527051	0.0855349936293577	0.132419553100847	0.175128114458271	0.193785396354982	0.167096053569524	0.103389630727264	0.04345507714932	0.00869999607096952	
6.12547193976991e-05	0.000183764158193097	0.000501174976890265	0.00143113298956442	0.00437692813150831	0.0118221608437559	0.0252647874461237	0.0507022018287318	0.0886801278553052	0.135189165710722	0.178512958157458	0.192061388366058	0.160181091224983	0.101242913942688	0.0415195625299313	0.00826938711868937	
4.98518292851802e-05	0.000160633672141136	0.000404353726424239	0.00139031212784225	0.00470822832137813	0.0114936161963054	0.0263660785997175	0.0523333425651536	0.0910072839061678	0.140692940427064	0.180602099315922	0.188351289223696	0.158041377018307	0.0959758495582574	0.0401805744038552	0.00824216910848312	
5.50058031122283e-06	5.50058031122283e-06	0.000165017409336685	0.000577560932678398	0.0017106804767903	0.0048185083526312	0.0116612302597924	0.027645916644206	0.0534656406250859	0.0951435376432214	0.141997480734217	0.181920692633073	0.187668799058301	0.153790724921479	0.0941259302856451	0.0377724849971672	0.00752479386575284	
0.000255301581783417	0.000613810185989918	0.00180883886667825	0.00508430384147401	0.0125749608899704	0.0286698244394229	0.0550962541282809	0.0960748739787937	0.146217191030767	0.180911046410568	0.187179515035634	0.151464453328698	0.0904419433339127	0.0361767773335651	0.00743090561446202	
2.16003715263903e-05	0.00024300417967189	0.000680411703081293	0.00204663520212548	0.00585910077653336	0.013781037033837	0.0293765052758907	0.058504606279228	0.0986542968539059	0.146245315419425	0.181108315063019	0.18608180060697	0.147481936689311	0.087837910812066	0.0350520028944498	0.00702552083895843	
6.97544642857143e-05	0.000343406593406593	0.000702910370879121	0.0023448231456044	0.00691105769230769	0.0150347699175824	0.0317597441620879	0.0610834478021978	0.101390796703297	0.148314088255494	0.181189903846154	0.181307949862637	0.143463470123626	0.08544921875	0.0340670072115385	0.0065676510989011	
5.30760207845697e-06	3.71532145491988e-05	0.000339686533021246	0.000918215159573056	0.00249988057895323	0.00689988270199407	0.0164482588411382	0.0340004989145954	0.0630118518754412	0.102219108429003	0.149233847639975	0.180373549034282	0.179954248470084	0.141389211768015	0.0840777245248369	0.0319411493081541	0.00665042540430659	
1.05797714769361e-05	8.46381718154888e-05	0.000280363944138807	0.0010262378332628	0.00273487092678798	0.00755924672027084	0.0166472704189589	0.0336383834109183	0.0649227676682184	0.103977994075328	0.150100507829031	0.182426999576809	0.178586542530681	0.137976089716462	0.0814483707151926	0.0316969953449006	0.00688214134574693	
