# <P(N_2)> as a function of N_tot.
# number_of_species: 2
# species_total_upper_bound: 100
# species_total_lower_bound: 0
# volume: 512
# Bin widths for each species index 
1	1	1	1	1	1	1	1	1	1	1	1	1	1	1	1	1	1	1	1	1	1	1	1	1	1	1	1	1	1	1	1	1	1	1	1	1	1	1	1	1	1	1	1	1	1	1	1	1	1	1	1	1	1	1	1	1	1	1	1	1	1	1	1	1	1	1	1	1	1	1	1	1	1	1	1	1	1	1	1	1	1	1	1	1	1	1	1	1	1	1	1	1	1	1	1	1	1	1	1	1	
# Bin lower bound for each species index 
0	0	0	0	0	1	1	2	3	4	5	6	6	7	8	9	10	11	12	12	13	14	15	15	16	17	17	18	18	20	20	21	22	23	23	24	25	26	27	28	30	31	31	32	34	34	35	35	36	36	37	38	41	41	42	43	44	44	46	47	47	48	49	50	51	52	52	53	53	56	56	57	57	58	59	62	62	63	64	65	65	66	66	66	67	69	70	72	72	73	74	76	77	78	79	79	80	80	81	83	84	
# Bin upper bound for each species index 
0	1	2	3	4	5	6	7	8	9	10	11	12	13	14	15	16	17	18	19	20	21	22	23	24	25	26	27	28	29	30	31	32	33	34	35	36	37	38	39	40	41	42	43	44	45	46	47	48	49	50	51	52	53	54	55	56	57	58	59	60	61	62	63	64	65	66	67	68	69	70	71	72	73	74	75	76	77	78	79	80	81	82	83	84	85	86	87	88	89	90	91	92	93	94	95	96	97	98	99	100	
# Normalized histogram for each species index 
1	
0.0493233728622922	0.950676627137708	
0.00231421845156132	0.0955603429129836	0.902125438635455	
6.65824768237495e-05	0.00697784357112895	0.135601872299248	0.857353701652799	
2.66310993539739e-05	0.000366177616117141	0.0131823941802171	0.169648979917932	0.81677581718638	
3.11488358122615e-05	0.0010256866649609	0.0210543880922451	0.202714398549354	0.775174377857628	
2.23779228364465e-06	7.6084937643918e-05	0.0020498177318185	0.0310046120898966	0.231613739149505	0.735253508298853	
9.00614894819438e-06	0.000182374516200936	0.00339531815346928	0.0414282851616941	0.258843475382818	0.69614154063687	
1.57842162347429e-05	0.000419409174237453	0.00499006721821228	0.0518579149952309	0.281166498677508	0.661550325718576	
2.03331932602242e-05	0.000736513444759232	0.00791413066561838	0.0619959062504236	0.300834112772408	0.62849900367353	
2.71100668714983e-05	0.00110021688053497	0.0104599674679198	0.0751716970901862	0.316979938550515	0.596261069943973	
8.35465275127747e-05	0.00144512912454529	0.0137987251251504	0.0881890048253765	0.328990419245507	0.567493175151908	
6.76728873088523e-06	0.000187228321554491	0.00196251373195672	0.0182446104184666	0.0998919489565969	0.340315671461667	0.539391259821028	
2.93194945319143e-05	0.000275152179453349	0.00273798972013415	0.0220663026538653	0.110818667947703	0.350239404949582	0.51383316305473	
3.38575230287586e-05	0.000334060893883751	0.00381461426124013	0.025801689716116	0.120289007816573	0.361699918516228	0.48802685127293	
2.92347686855148e-05	0.000494742239293328	0.00465282587771771	0.0300915722908365	0.134219071863559	0.367647455675593	0.462865097284315	
3.59854618734031e-05	0.000762441973442729	0.00621423944726331	0.0362036237360107	0.145941289718954	0.372867861384001	0.437974558278455	
0.000138922187890018	0.00100158416107804	0.00753316767235874	0.0411075235327464	0.158774616675592	0.376981041602714	0.414463144167621	
0.000210231567835465	0.00128151796138001	0.0092882095874541	0.0482884019269736	0.169967749582892	0.376486717390624	0.394477171982842	
2.23593096339557e-06	0.00021241344152258	0.00170601532507082	0.011412191637171	0.0544985813018037	0.180441864676986	0.375500010061689	0.376226687624793	
1.12472781586856e-05	0.000348665622919254	0.0024181648041174	0.0137689179218629	0.061686821789127	0.189804567294715	0.377242707264842	0.354718908024258	
2.71503040834057e-05	0.000502280625543006	0.00293223284100782	0.0162924449753837	0.0669209745149146	0.198219845062265	0.378113234868231	0.336991836808572	
2.04290091930541e-05	0.000599250936329588	0.00378390648053569	0.0184996027692657	0.0734286687095676	0.207377142208603	0.376243332198388	0.320047667688117	
4.54481413982575e-06	7.72618403770378e-05	0.00069535656339334	0.0043243906540442	0.0216583117833396	0.0802068799396449	0.216655834859633	0.369627461584958	0.306749957960469	
2.94444733855935e-05	0.000131367650489571	0.000792735821919825	0.00529774024991563	0.0247197678869513	0.0873685474135295	0.224862913326795	0.368194079848882	0.288603403328132	
2.71499355189031e-05	0.00013348718296794	0.00107468494762325	0.0062919975565058	0.0278603588316478	0.0954320233489445	0.230792551867689	0.362716351048666	0.275671395280436	
4.54222337291881e-06	2.04400051781346e-05	0.000206671163467806	0.00127863587947665	0.00727664184341593	0.0310960612110022	0.101530047943168	0.238639331566408	0.357754597297831	0.262193030866679	
9.12668986367007e-06	2.05350521932577e-05	0.000198505504534824	0.00151959386230107	0.00785807997261993	0.0340425531914894	0.107724602133364	0.244403627859221	0.354384804061377	0.249838571673036	
2.2919536383618e-06	1.37517218301708e-05	4.12551654905125e-05	0.00027961834388014	0.00191148933439374	0.00936492256634633	0.0376292948346241	0.114448704931597	0.249201827145441	0.35007529067702	0.237031553325739	
1.61122517562354e-05	2.76210030106893e-05	0.000255494277848876	0.00228103449863276	0.0115524845092208	0.0418987598169648	0.120630127148684	0.254753114268089	0.34498632760351	0.223598924622283	
4.6065648155186e-06	9.21312963103719e-06	3.22459537086302e-05	0.000419197398212192	0.00302651308379572	0.012582831793589	0.0457132459467988	0.127818353936194	0.25964441926189	0.337532217162679	0.213217155768686	
2.30229077932543e-06	1.38137446759526e-05	8.28824680557154e-05	0.000570968113272706	0.00345113387820882	0.0143179463566248	0.0494324853228963	0.135761482675262	0.262279267871532	0.331953493726258	0.202134223552435	
9.20869669315702e-06	1.38130450397355e-05	0.00012201523118433	0.000725184864586115	0.00389297652703213	0.0160806866004254	0.0540527474146584	0.141519250780437	0.265019384306539	0.325937215105946	0.192627517427458	
2.29789971965623e-06	3.9064295234156e-05	0.000199917275610092	0.000926053587021462	0.00442805275977756	0.017466335769107	0.0590422353968473	0.146068293579668	0.268799117606508	0.31838089985753	0.184647731972977	
9.19882806930397e-06	2.29970701732599e-06	3.21958982425639e-05	0.000243768943836555	0.00117055087181893	0.00501566100478799	0.0194647201946472	0.0620276976713167	0.15304090258901	0.271494211637437	0.312548581310741	0.174950211343075	
1.14951777729243e-05	2.29903555458485e-06	4.13826399825273e-05	0.000305771728759785	0.0013817203683055	0.0057360937086892	0.0216982975641718	0.0667387031140437	0.15926798707942	0.273670295311117	0.305840699826423	0.16530525444576	
2.06144951968226e-05	2.51954941294499e-05	4.81004887925861e-05	0.000322960424750221	0.00151860114616593	0.00628284003609827	0.0240502443962931	0.0714246448580577	0.165126687525482	0.274878259953365	0.298868951363534	0.157432899818134	
9.21312963103719e-06	9.21312963103719e-06	8.06148842715754e-05	0.000315549689863024	0.00183571607898416	0.00741196278816942	0.0267526251661242	0.077116198294189	0.173206837063499	0.276948979991386	0.288640441493172	0.14767264829108	
2.30845587386597e-06	6.92536762159791e-06	0.000108497426071701	0.000424755880791339	0.0021099286687135	0.00824118746970152	0.0298391006255915	0.0830674761651931	0.178859161107135	0.27603130266165	0.281703178743738	0.139606177427918	
6.94168062715771e-06	1.61972547967013e-05	0.000111066890034523	0.000511370472867284	0.00252214396120063	0.00963968049757967	0.0334195644326796	0.0887123645215331	0.180573938154253	0.276070638542062	0.274011273289338	0.134404820303028	
1.6205654384324e-05	0.000127330141591117	0.000692212951558984	0.00263457638419439	0.011144860029448	0.0352866548751239	0.0921499810162334	0.183732764129016	0.276186022391584	0.268307759267319	0.129721633159547	
1.62333897636882e-05	0.000132186173790033	0.000667888035991744	0.00290345771201967	0.0119663273115187	0.0383177570093458	0.0949189490039656	0.189476125321769	0.274842883977644	0.262482317200436	0.124275874863755	
9.28785380918104e-06	3.01855248798384e-05	0.00017646922237444	0.000736062414377598	0.00335291522511436	0.0133930851928391	0.0403812663988669	0.100766247939257	0.192880860055263	0.275582232335663	0.256604825040054	0.116086562797502	
4.65470252959809e-06	3.25829177071866e-05	0.000197824857507919	0.000863447319240446	0.00362135856802731	0.0144481966518725	0.0432002941771999	0.105761823526263	0.199623900035608	0.274664686866524	0.248063061909871	0.109518168467649	
5.3277492344256e-05	0.000220059207508883	0.00108408114857008	0.00403287452918912	0.0155825083043396	0.0465900088486966	0.110606390519386	0.20416398348861	0.271953801464899	0.241094551334022	0.104618463662434	
4.6311626302225e-06	7.17830207684488e-05	0.000354283941212022	0.00134766832539475	0.00503175819773675	0.0172672898667846	0.0500235031503484	0.115063551129193	0.204519088494571	0.272601810321472	0.23457764954603	0.099136982843858	
1.85009597372864e-05	9.48174186535927e-05	0.000395458014384496	0.00143613699960685	0.00572835965865729	0.0192016835873361	0.0533359543026294	0.118461645197845	0.20934298466733	0.269966004486483	0.227679748386948	0.0943387063203904	
1.61080991522538e-05	1.38069421305032e-05	0.00012886479321803	0.000379690908588838	0.00170515735311715	0.00641562577664049	0.0211154168315829	0.0570986091806961	0.123657274877809	0.21153616038144	0.267240268406955	0.220987012269769	0.0897060041789011	
4.59157904403324e-06	3.21410533082327e-05	8.95357913586482e-05	0.000440791588227191	0.00186877267092153	0.0066853390881124	0.0228913173240277	0.0606914918040314	0.127058175306488	0.214043344506176	0.265071858212039	0.215570044538317	0.0855525965379494	
2.28376721104064e-06	9.13506884416258e-06	2.51214393214471e-05	7.079678354226e-05	0.000543536596227673	0.00223124056518671	0.00760494481276535	0.0243586610729595	0.0640459676664238	0.13274853667616	0.217458030068079	0.263761410271928	0.207448278382088	0.0796920568292633	
1.14337460153395e-05	4.57349840613581e-06	2.2867492030679e-05	0.000118910958559531	0.000651723522874352	0.00228903595227097	0.00854100827345862	0.0269996478406227	0.0669583034150313	0.137465641593224	0.222379499750744	0.259591769532268	0.199244458063306	0.0757211263611875	
4.58505272810637e-06	4.58505272810637e-06	2.98028427326914e-05	0.000153599266391564	0.000701513067400275	0.00261118752865658	0.00980742778541953	0.0292618065107749	0.0710499770747364	0.141240256762953	0.222966529115085	0.25707015130674	0.193571756075195	0.0715268225584594	
4.58317196748698e-05	0.00015124467492707	0.000783722406440273	0.00316926341551725	0.0109148240405702	0.031937833855433	0.0736538651034995	0.143806186823839	0.224534177859155	0.255172682461805	0.187822970399584	0.0680073972395555	
4.59133660695633e-06	3.44350245521725e-05	0.00018824480088521	0.000961885019157352	0.00370520864181376	0.0119237011682656	0.033856516139696	0.0771528203432942	0.149043968935017	0.226008544477426	0.252091927741544	0.180887183972562	0.06414097239918	
2.30601246630339e-06	6.68743615227984e-05	0.000209847134433609	0.0010169514976398	0.00409778415262113	0.0129597900606251	0.0356371166542526	0.0821747542367214	0.152542724645969	0.228774884757027	0.247248350624583	0.17518084902767	0.0600877668344675	
9.25062962097858e-06	9.48189536150304e-05	0.000272893573818868	0.00124420968402162	0.0044703667643379	0.0140308924776193	0.0379553333348751	0.0845507547357442	0.157050251732759	0.227970203721991	0.244910419215408	0.170255525516705	0.0571850796594843	
3.4510366914221e-05	0.000124237320891196	0.000308292611100375	0.0014057222789726	0.00498789836466875	0.0153985257171254	0.04015396225026	0.0876793388733976	0.159007665902837	0.229206353588618	0.241340198595658	0.165392083781968	0.0549612103475884	
2.28982288220006e-06	2.06084059398006e-05	0.000148838487343004	0.000302256620450408	0.00151128310225204	0.00541543111640315	0.0165531296154242	0.0419701636078449	0.0914120192803087	0.162994172400765	0.230262299211156	0.238061435947929	0.159362513309595	0.0519835590717058	
2.292237338254e-06	0.000116904104250954	0.000449278518297785	0.00172834695304352	0.00577185361772358	0.0175379078749814	0.0442539340523318	0.0943301509438287	0.168387754868139	0.230163551134084	0.23198129534332	0.154913983793882	0.0503627465587787	
9.19584623625508e-06	0.000163226270693528	0.000445998542458372	0.00175410766956566	0.00596120732265236	0.0190629892477568	0.0454435731380136	0.0985196986521188	0.171849675501576	0.229857073559873	0.229109911053177	0.149745160111178	0.0480781830847006	
4.60241995241098e-06	3.22169396668768e-05	0.000144976228500946	0.000409615375764577	0.00202046235910842	0.00668271377090074	0.0200826594623453	0.0484496748390304	0.102180626573452	0.174293643597804	0.230942529582054	0.22522632400116	0.144419335686704	0.0451106191635562	
2.29527838283866e-06	5.27914028052892e-05	0.00020657505445548	0.000587591266006698	0.00225396337194757	0.00740686334142036	0.0219199085561092	0.0520569137227809	0.105688388416189	0.176943010533032	0.23016133511753	0.220649701499046	0.138995173029561	0.0430754894107332	
1.37790393253782e-05	6.43021835184318e-05	0.000197499563663755	0.000730289084245046	0.00241362838849542	0.00842128953436033	0.0229558795160801	0.0552883952930802	0.109731676174204	0.180383700315081	0.228569000835928	0.216411295137836	0.133987378399978	0.0408318865342042	
1.38465479402106e-05	6.46172237209828e-05	0.000198467187143019	0.000881563552193409	0.00307393364272675	0.00941334484135318	0.0241460718497373	0.0582801202803464	0.112637051977633	0.181595168477872	0.229529609688891	0.210520607124972	0.129846003309325	0.0397995942961454	
2.99789225114035e-05	5.76517740603914e-05	0.000207546386617409	0.0011345869135085	0.00348908536613489	0.00998989940918462	0.0268887874217665	0.0614637093612645	0.116468113956803	0.1842066424068	0.22692660698555	0.205173439597083	0.125530972839096	0.0384329786596193	
1.61134756997277e-05	5.06423521991441e-05	0.000319967588894593	0.00129137998107818	0.00363013588263865	0.0110469385547133	0.027931559162928	0.063494000032227	0.120383776952666	0.185019531834473	0.224039464203914	0.203773315623856	0.122379546014332	0.0366236283403811	
6.92891853439515e-06	2.07867556031855e-05	8.77663014356719e-05	0.000378780879880268	0.00133959091664973	0.00399105707581161	0.0113010661295985	0.0293047061214686	0.0664875926165444	0.121817316753201	0.186621182165888	0.225656399549158	0.199917776833392	0.118373644241607	0.034695404741228	
1.38223050536651e-05	2.07334575804976e-05	0.000149741638081372	0.000440010044208339	0.00153197214344788	0.0041190469059922	0.0122649920176188	0.0322451339726917	0.0684388397557138	0.125273854418876	0.189174370681969	0.223674844095918	0.195463519481387	0.11413768398064	0.0330514351008222	
4.58947175180137e-06	6.88420762770205e-06	1.37684152554041e-05	0.000110147322043233	0.000534673459084859	0.00148928358345954	0.00452062967552435	0.0135894258570838	0.0341823856074166	0.0719927486346321	0.128328514387994	0.192383771627886	0.219936665289825	0.191050530083987	0.110342374592684	0.0315136077837441	
2.98540367250581e-05	0.000117119682536766	0.000484553980691328	0.00168790130714752	0.00491902666654419	0.0145067653840148	0.0356893526726252	0.0749772650028017	0.131952545860393	0.191424083481073	0.219195227028467	0.188509870203834	0.107318372633493	0.029188062059653	
4.60076832831083e-06	3.22053782981758e-05	0.000108118055715304	0.000492282211129259	0.00180120080053369	0.00562443928135999	0.0151641324101125	0.0376227830047618	0.0776816728393642	0.134441351705735	0.191670308941593	0.220190471808792	0.18596075544616	0.102413102988199	0.0267925743599181	
2.73991369271868e-05	3.19656597483846e-05	0.000116446331940544	0.000586798182523917	0.00202068634838003	0.00599812772564331	0.016644975683266	0.039870310751878	0.0811082950887047	0.137114414229285	0.193896842249469	0.21883234011462	0.180804621321095	0.0976505240084937	0.0252962531680252	
6.83777826908481e-06	2.05133348072544e-05	5.9260744998735e-05	0.000186899272688318	0.000601724487679463	0.00211059422572418	0.00671925677908734	0.0175502975573177	0.0419907963504498	0.0838676297297482	0.140504947132578	0.19791949199866	0.215857263657892	0.175557677799329	0.0926245444330228	0.0244222647177479	
1.13931809533358e-05	1.59504533346701e-05	4.78513600040104e-05	0.000177733622872039	0.000754228579110831	0.00253612208021255	0.0070501003739242	0.0192704262644722	0.0435925889636535	0.0861347266434094	0.144768593101657	0.199535613944342	0.213494539248369	0.170344005705705	0.0893225386741527	0.0229435878038277	
2.73585335826e-05	1.595914458985e-05	5.92768227622999e-05	0.00029410423601295	0.000807076740686699	0.00279741005882085	0.00806848752906844	0.0203068715516848	0.0461880443208244	0.0887191646527746	0.147827276457982	0.199097168391774	0.211636496283799	0.166586110984451	0.0863549313756783	0.0212142629155077	
7.30348490346847e-05	0.000372021262270425	0.00100879385229158	0.00301496986171308	0.00897872175320155	0.0213284582571603	0.0477077327928754	0.0925032009804928	0.151303101470511	0.198207450924005	0.208827174441455	0.162552750560885	0.0832140811188939	0.0209085078752108	
9.17456443755333e-06	6.65155921722616e-05	0.000282117856454765	0.00108259860363129	0.00323174032312816	0.00938787306072644	0.022367588098755	0.0502009229611824	0.0962251254621687	0.15197895354918	0.199698156830004	0.207879574667193	0.158178665467857	0.0795641164435718	0.0198468765195372	
1.84036236735013e-05	7.59149476531929e-05	0.000310561149490335	0.00115942829143058	0.00336556267929155	0.00989884908338452	0.0241064465593275	0.0521995780969273	0.0987423423672121	0.154873394571391	0.20103658410341	0.206157392390562	0.153532230496185	0.0760276698481931	0.0184956417918688	
1.14541239427844e-05	6.64339188681493e-05	0.000355077842226315	0.00125537198412917	0.00358055914451439	0.0106019371214412	0.0257305440250708	0.0542742208904894	0.100750474200731	0.158332646085897	0.200229540643813	0.203253429364708	0.150816449954642	0.0731964336439692	0.0175454270555571	
2.2955470977398e-05	0.000123959543277949	0.000459109419547961	0.00131534848700491	0.00378994825836842	0.0117417234049391	0.0267270548589845	0.0566380335425342	0.103501627542892	0.160562041751411	0.199870990253107	0.200132682622249	0.147061929269603	0.0707441704581453	0.0173084251169581	
2.29308360124193e-06	1.14654180062097e-05	0.000188032855301839	0.000511357643076951	0.00141941874916876	0.00418946373946901	0.0117497603727637	0.0281705320412572	0.0591959531660605	0.106708645383793	0.161825202823245	0.200864951134388	0.197801391443129	0.143696083871826	0.0675611221433911	0.0161043261315221	
6.89688467719131e-06	2.9886500267829e-05	0.000167824193811655	0.00052416323546654	0.00158398451419494	0.00437492384689836	0.0125661238818426	0.0299347784605694	0.0616489531678541	0.110662813607094	0.163968835277105	0.201549959883121	0.194703652360229	0.137595148271526	0.0651640653916626	0.0155179905236805	
6.8910230642542e-06	1.37820461285084e-05	6.43162152663725e-05	0.000165384553542101	0.000548984837452251	0.0016699245892376	0.00495694259088685	0.0141794284585471	0.0316964090878812	0.0646722514580256	0.113012778253769	0.166558324470712	0.200806709100055	0.1904265313576	0.13374786665411	0.0629242286073931	0.0145492466963287	
2.2991148407863e-06	3.67858374525808e-05	1.83929187262904e-05	5.97769858604437e-05	0.000170134498218186	0.000574778710196574	0.00183929187262904	0.0058052649729854	0.0150638004368318	0.0336406483503851	0.0681756523738361	0.116132888837797	0.16844924703989	0.200317277848028	0.185738590642603	0.130260949534429	0.0599517185883435	0.0137625014369468	
6.93043918193096e-06	1.38608783638619e-05	2.54116103337469e-05	0.000103956587728964	0.00019174215070009	0.000644530843919579	0.00231938697955289	0.00644761858558977	0.0160023840710786	0.0356478690054589	0.0713835235738889	0.119388365640731	0.170089148549344	0.196787510424536	0.182931252353462	0.126591402097151	0.0579985353671862	0.0134265708417942	
1.16193680922857e-05	1.62671153291999e-05	4.64774723691427e-05	0.000167318900528914	0.000824975134552283	0.00247957315089376	0.0069065523940546	0.0167876630197343	0.0375816841576888	0.0742221994999024	0.120915792115562	0.17029113488692	0.196715901802396	0.179654021695684	0.123957742682122	0.0565305496425882	0.0128905269615817	
4.64065117617304e-06	2.55235814689517e-05	6.2648790878336e-05	0.000229712233220565	0.000863161118768186	0.00255003782130709	0.00710019629954475	0.0182795249829456	0.0394060894624734	0.0756449344972086	0.123241773285627	0.171328200773132	0.194956076236618	0.176370268276044	0.122237072305986	0.055541633602027	0.0121585060815734	
1.62790697674419e-05	0.0001	0.000269767441860465	0.000923255813953488	0.00266744186046512	0.00739069767441861	0.0189558139534884	0.041293023255814	0.0767767441860465	0.123453488372093	0.171083720930233	0.195288372093023	0.177132558139535	0.119374418604651	0.0535186046511628	0.0117558139534884	
1.15764054335017e-05	2.0837529780303e-05	7.40889947744106e-05	0.000333400476484848	0.000965472213154038	0.002820012363601	0.00774693051609931	0.0202494483842811	0.0425965414331127	0.0784232009687136	0.125729024132175	0.172865831776307	0.194786913105186	0.174500420223517	0.116576717996448	0.0514061859680074	0.0108933975129251	
1.38364895903477e-05	3.68973055742604e-05	0.000138364895903477	0.0003436061581603	0.00109538875923586	0.00316394395299283	0.00884151684823216	0.0217901650231992	0.0433727827025431	0.0809157911243531	0.129922331171766	0.173484212565377	0.194524901069099	0.171429493861211	0.11198332241788	0.048699831194827	0.0102436144600541	
9.22005269260114e-06	2.76601580778034e-05	0.000124470711350115	0.000437952502898554	0.00104186595426393	0.00355894033934404	0.00948282419434027	0.0222387670945539	0.0454410296954847	0.08336080140698	0.131782213135348	0.173839483492648	0.192980312882488	0.169595954240878	0.109557276119833	0.0469323732185129	0.00958885480030518	
5.30751266880198e-05	0.00013614923802579	0.000461522840765389	0.00117919085815557	0.00397601927319383	0.0100265837156281	0.0230484506678236	0.0477491531055872	0.0854832605665654	0.132715508090495	0.174305638886068	0.192752706831461	0.167085114042294	0.10688638230706	0.0452107774813776	0.00893046696881029	
3.45583898554999e-05	0.000135929666764966	0.000414700678265998	0.00149522633441463	0.00423916248894131	0.0111439287820702	0.0242023923621351	0.0498355020642878	0.086902831023297	0.133865378944264	0.176975818342672	0.192964833382483	0.163864365231495	0.102864199351224	0.0426012791212032	0.00845989383662636	
3.68526034061019e-05	0.000147410413624407	0.000571215352794579	0.00168370331811628	0.00432787761250409	0.0114634629470106	0.0255135179955869	0.0517387518944541	0.0897107531290164	0.136543502195033	0.179465268724577	0.190792837696528	0.15889921273626	0.100107793864963	0.0406346018306531	0.00836323768547224	
4.82682057328838e-05	0.000176983421020574	0.000533248749049001	0.00161123867708341	0.00466592655417876	0.0117590543109254	0.0270600755282495	0.0526307321367415	0.0932909492517279	0.139943319335554	0.180201301402766	0.188443672153153	0.156317733508938	0.0949021879288113	0.0402120123474667	0.00820329648860296	
6.87832022249073e-06	6.19048820024166e-05	0.000197178513044734	0.000671782608396595	0.00179294880466258	0.00502117376241823	0.0122709232769235	0.0286550820468964	0.0543341442108618	0.0965762014705849	0.142415620206671	0.179822218349983	0.18753740086621	0.15248318823899	0.0925363347265753	0.0380531602442262	0.00756385947133231	
4.08206770336068e-05	6.5766646331922e-05	0.000249459692983152	0.000700754955743583	0.00208639015949546	0.00538152592226382	0.0130966338816155	0.0293840840180246	0.0563846940603647	0.0975659537411017	0.143629819958136	0.181075987690298	0.185316802471012	0.149993309944597	0.0910527879388506	0.0368293219458763	0.00714588629627194	
2.25292203988573e-06	2.02762983589716e-05	4.73113628376004e-05	0.00024782142438743	0.00072318797480332	0.00227094541620482	0.00599727847017582	0.013880252687736	0.0306149576000072	0.0594793947750232	0.0988717366424252	0.145996106950715	0.180499607991565	0.18335856606018	0.147194661475934	0.0883325673398398	0.0354654987518812	0.00699757585588508	
2.24362138440414e-06	8.97448553761656e-06	5.38469132256993e-05	0.000370197528426683	0.00076956213485062	0.00251734319330144	0.00659624687014817	0.0151511752088812	0.0322363520511187	0.0613226596785339	0.102008489863319	0.147616825365486	0.180526263831926	0.180795498398054	0.144040492878746	0.0857085805056225	0.0336947059509814	0.00658054152045734	
6.66505224290116e-06	4.66553657003081e-05	0.000319922507659256	0.00100420120459711	0.00255938006127405	0.00681168339224499	0.0164582356718039	0.0337962582396708	0.0636090369221677	0.102677351485973	0.148919483947222	0.180074159814623	0.1802985499068	0.141994494666847	0.0829154715857714	0.0321455469675123	0.00636290320788964	
8.83349307233306e-06	7.95014376509975e-05	0.000300338764459324	0.0010291019429268	0.00290621922079758	0.00731854901042794	0.0163795045293736	0.0345124574336053	0.0656041446749495	0.105458657044048	0.1504365953951	0.180766393858956	0.179478912243663	0.137597113214464	0.0808264616118475	0.0312021059047484	0.00609511021990981	
