# <P(N_2)> as a function of N_tot.
# number_of_species: 2
# species_total_upper_bound: 100
# species_total_lower_bound: 0
# volume: 512
# Bin widths for each species index 
1	1	1	1	1	1	1	1	1	1	1	1	1	1	1	1	1	1	1	1	1	1	1	1	1	1	1	1	1	1	1	1	1	1	1	1	1	1	1	1	1	1	1	1	1	1	1	1	1	1	1	1	1	1	1	1	1	1	1	1	1	1	1	1	1	1	1	1	1	1	1	1	1	1	1	1	1	1	1	1	1	1	1	1	1	1	1	1	1	1	1	1	1	1	1	1	1	1	1	1	1	
# Bin lower bound for each species index 
0	0	0	0	0	1	2	3	4	5	5	6	7	8	8	9	10	11	12	13	13	14	15	16	17	18	19	20	20	21	22	22	23	24	25	24	25	26	28	30	30	31	31	32	34	35	36	37	37	38	40	41	42	43	43	44	45	46	47	48	49	50	51	51	52	53	54	55	56	56	57	57	57	58	59	62	62	63	65	66	66	67	68	68	69	70	71	72	72	73	74	76	77	78	79	79	82	83	83	83	84	
# Bin upper bound for each species index 
0	1	2	3	4	5	6	7	8	9	10	11	12	13	14	15	16	17	18	19	20	21	22	23	24	25	26	27	28	29	30	31	32	33	34	35	36	37	38	39	40	41	42	43	44	45	46	47	48	49	50	51	52	53	54	55	56	57	58	59	60	61	62	63	64	65	66	67	68	69	70	71	72	73	74	75	76	77	78	79	80	81	82	83	84	85	86	87	88	89	90	91	92	93	94	95	96	97	98	99	100	
# Normalized histogram for each species index 
1	
0.0499256621574494	0.950074337842551	
0.00236824333700288	0.0952940414627603	0.902337715200237	
0.000138762974338101	0.00717867120575774	0.137467853244278	0.855214712575626	
9.30466256641203e-05	0.000362881840090069	0.0131102695560745	0.172443311343314	0.813990490634857	
8.40689365279529e-05	0.00103685021717809	0.0205688664705058	0.203138573630377	0.775171640745411	
2.84357494241761e-05	0.00229381712021687	0.032303011345864	0.232955137865992	0.732419597918503	
0.000153218547105127	0.00378258288165782	0.0418478156780878	0.2590446823588	0.69517170053435	
0.000442592824223298	0.00508981747856792	0.0509751474507616	0.280459526810541	0.663032915435906	
0.000844983868489783	0.0074608234751882	0.0606467967429713	0.302072130895683	0.628975265017668	
1.92174648320394e-05	0.00136444000307479	0.0102909524175571	0.0769179029902375	0.320662618187409	0.59074486893689	
0.0001728342903232	0.00150749908781902	0.0137595298907303	0.0890960766616097	0.330612793578246	0.564851266491272	
0.000229953338635035	0.00206958004771532	0.0178501279115446	0.0979697036476348	0.340235127288754	0.541645507765716	
0.0004193351631595	0.00238258615431534	0.0219102622750839	0.105977432143946	0.354700365965233	0.514610018298262	
9.51148987977477e-06	0.000370948105311216	0.00381410744178968	0.0249771724242885	0.11697230254147	0.362730178055091	0.49112577994217	
2.82068881220794e-05	0.000620551538685747	0.00468234342826518	0.0290436924697011	0.132459546621285	0.366642534106829	0.466523124947112	
4.62817261232575e-05	0.000703482237073514	0.00607216246737138	0.0347020382472185	0.142954995649518	0.368541385119499	0.446979654553196	
0.000110153388593617	0.00100055994639202	0.00804119736733401	0.0404262936138573	0.15668401582537	0.379781345523642	0.413956434334811	
0.0001381966261597	0.00153858910457799	0.010300255203103	0.0471066233036364	0.170378013838089	0.374973512313319	0.395564809611115	
0.000203652790506077	0.00182361816953169	0.0112194173678803	0.0535143991779833	0.180445629333407	0.374276801170078	0.378516481990613	
2.79503973614825e-05	0.000437889558663226	0.00220808139155712	0.0134441411308731	0.062990878853661	0.190090652455442	0.373165755173153	0.357634651039289	
5.62382251216152e-05	0.000524890101135075	0.00284003036864157	0.0161591166849441	0.0680763715097152	0.198399085191538	0.379195605920011	0.334748661998894	
6.60938532716457e-05	0.000689264469832877	0.00380511755263903	0.0177131526768011	0.0732414314040223	0.20838447738646	0.376196770843169	0.319903691813804	
6.66171796189497e-05	0.000609071356516112	0.00408268143664706	0.0211081291992615	0.0788366737090542	0.215202040389044	0.367117760140086	0.312977026589771	
6.58507445837763e-05	0.000583249452027733	0.00478828985616316	0.023245312838073	0.0847969445254513	0.220505921863388	0.371191239969521	0.294823190750793	
4.65272091118886e-05	0.000763046229434974	0.00552743244249237	0.0268741159830269	0.0931195563165339	0.228634705575821	0.364466239857068	0.280568376386511	
0.000139980216129454	0.00105451762817522	0.00677504246066556	0.0311782601392337	0.0986673883424476	0.237275798353833	0.359609175236567	0.265299837622949	
0.000187571511638812	0.00133175773263557	0.00736218183182338	0.0329375574437754	0.10520886087821	0.245043422804944	0.354416371241536	0.253512276555437	
1.8981995577195e-05	0.000322693924812316	0.0019076905555081	0.0087791729544527	0.0367491434374496	0.114508888319429	0.248208574167402	0.352638022835341	0.236866831810028	
9.55648359629591e-06	0.000382259343851836	0.0023413384810925	0.0112670941600329	0.0427079251918464	0.120574153534465	0.252893225408779	0.347053258283082	0.222771189113254	
3.827348317402e-05	0.000593238989197309	0.00347331859804231	0.0121231257953708	0.0469998373376965	0.126130263799983	0.257599678502741	0.33930399670848	0.213738266785314	
1.90414532437116e-05	0.000142810899327837	0.00100919702191671	0.00367500047603633	0.0150046651560447	0.0514309652112649	0.136574823390521	0.260496601100596	0.332206714016414	0.199440181274635	
9.47014536673138e-06	0.000217813343434822	0.000937544391306407	0.00387328945499313	0.0173966570386855	0.0568208722003883	0.142364695298073	0.264396988493773	0.325763530470193	0.188219139163786	
6.6038358852442e-05	0.000311323691732941	0.00108491589543298	0.00460381701714167	0.0189813111444448	0.0593684846083454	0.146774969575185	0.268096868838385	0.319304899102822	0.181407371767658	
7.57726441811345e-05	0.000340976898815105	0.00136390759526042	0.00510518190170394	0.020572272895178	0.0634880042432681	0.153600621335682	0.27083037346442	0.311340323359759	0.173282565661732	
9.52371882172551e-06	9.52371882172551e-06	9.52371882172551e-05	0.000361901315225569	0.00147617641736745	0.00618089351529985	0.0215331282559214	0.0686945838611061	0.160550851896649	0.275444995761945	0.302063789868668	0.163579394481957	
4.75154187533855e-05	5.70185025040626e-05	7.60246700054168e-05	0.000418135685029792	0.0017010519913712	0.00683271721673683	0.0244894468254949	0.0737249237377529	0.168090545381976	0.276549240228454	0.292476408594589	0.155536971747332	
9.5037159529376e-06	2.85111478588128e-05	9.5037159529376e-05	0.000361141206211629	0.00230940297656384	0.00746992073900895	0.0285776738704834	0.0792895021953584	0.175875767425063	0.272918211020509	0.285719716409116	0.147345612134345	
1.91971741759613e-05	0.000134380219231729	0.000691098270334607	0.00240924535908314	0.00860033403083066	0.0322800483768789	0.0842467988712062	0.180367049970244	0.273300570156073	0.279664433395404	0.138286844176537	
0.000136173523976267	0.000943487987549849	0.0027040171189573	0.0103880945433324	0.0335473202995818	0.0889213111565023	0.179262717634471	0.274156210485361	0.272716661803327	0.137224005446941	
1.94872894154788e-05	5.84618682464363e-05	0.00104256998372811	0.00249437304518128	0.0118482719646111	0.0364314875622375	0.0908692305443774	0.182176925100603	0.275384630374838	0.267414329003907	0.132260233262854	
5.83646232563569e-05	0.000165366432559678	0.000710102916285675	0.0027042275442112	0.0128013073675609	0.03892920371199	0.0934903990194743	0.189626660959903	0.275218380965351	0.262621349779187	0.12367463668022	
3.9194936014267e-05	6.85911380249672e-05	0.000146981010053501	0.000685911380249672	0.00332177082720912	0.0146687048033394	0.0406353499127913	0.0986830501499206	0.190624571305387	0.275403217904247	0.257491132145727	0.118231524487036	
1.95238141723367e-05	3.90476283446734e-05	0.000205000048809535	0.000722381124376458	0.00360214371479612	0.0147795273284589	0.0433819150909322	0.104540262985777	0.199904333310556	0.272132683841115	0.248948154511465	0.111725026601197	
3.89173201533342e-05	0.000175127940690004	0.000904827693565021	0.0040863186161001	0.0150610028993404	0.0452413846782511	0.111546768889494	0.204442412095503	0.272158549162305	0.242124107333969	0.104220583370629	
4.88119179178788e-05	0.000224534822422243	0.00136673370170061	0.00473475603803425	0.0166643887771638	0.049544096686647	0.114434660366675	0.205761758791026	0.274332741082063	0.234785325184997	0.0981021926313529	
6.81895669962496e-05	0.000340947834981248	0.00123715357264624	0.00540645852613122	0.0194827334274999	0.0535775169256247	0.118474501972627	0.21122205445424	0.26982611660416	0.226223759193415	0.0941405679216794	
5.82360306321521e-05	0.000213532112317891	0.00149472478622524	0.00633802133379922	0.0218579234972678	0.0587601549078415	0.125653942093974	0.213037106057518	0.262314493977424	0.220821322152015	0.0894505430509856	
1.94259627992812e-05	4.85649069982031e-05	0.000242824534991015	0.00169005876353747	0.00677966101694915	0.0244184352386965	0.0618716915157107	0.127210917391093	0.210286047302219	0.26082268952455	0.220037880627459	0.0865718032149968	
4.83905309409055e-05	6.77467433172677e-05	0.000387124247527244	0.00224532063565801	0.00747149797727581	0.0254534192749163	0.063701294930608	0.130402802779552	0.215047519501384	0.265489808954184	0.209414861699863	0.080270212724774	
9.74174630544271e-05	0.000516312554188464	0.00246466181527701	0.00854351150987326	0.0268287693251892	0.0658834302637091	0.136433157007725	0.22267683704981	0.259588313801132	0.201137835968476	0.0758297532415661	
0.000117372040023866	0.000782480266825771	0.00310057805729712	0.00975166032531617	0.0282475376324103	0.0698559258208707	0.140230244818513	0.224180596445583	0.258150021029157	0.192685765705846	0.0728978178581559	
0.000108280505571524	0.000866244044572194	0.00334685199039257	0.0116647635547506	0.0308304130409103	0.072429814545025	0.143570106705516	0.226414537150057	0.253750442965705	0.188526203882348	0.0684923416151514	
0.000294927251278018	0.000835627211954385	0.0043747542272906	0.0119347227683838	0.0342017302398742	0.0767302398741644	0.149331498230436	0.223407392843099	0.251592607156901	0.184290208415258	0.0630062917813606	
1.97369070292994e-05	0.00033552741949809	0.00119408287527262	0.00483554222217836	0.0135197813150701	0.0344211658590982	0.0821450070559443	0.150780101250333	0.22917509597071	0.248704765476202	0.175609130293192	0.0592600633554716	
8.9830220882532e-05	0.000409226561798201	0.00150715148369581	0.0051702282685724	0.0138039106089491	0.038127938196808	0.0841609358312789	0.155206659413708	0.2291868368783	0.244807314176207	0.170447853556778	0.0570821148030223	
0.000201053520447143	0.000311632956693072	0.00156821745948772	0.00517712815151393	0.0156419638907877	0.039517069443886	0.0864530137922715	0.156892114680928	0.230166070207889	0.24296312678435	0.167367003096224	0.0537416060155213	
0.000323340103266746	0.000242505077450059	0.00153586549051704	0.0049814584659533	0.0164499277536957	0.0407105398769287	0.0889690502894904	0.161730677902735	0.231359948265583	0.23955459900775	0.160892014509887	0.0532500732567421	
0.000132037336095961	0.000426582162771565	0.00171648536924749	0.00559635170683649	0.0165554506028012	0.0434199701392486	0.0916237545324355	0.169099200666281	0.227429233066212	0.234041256589171	0.157906497252608	0.0520531805762922	
0.000182252642663319	0.000445506459843668	0.00158964804989672	0.00591308573974323	0.0179518853023369	0.0430318739621725	0.0944473694868576	0.172380624519056	0.229587704021708	0.233050504232311	0.15112794135515	0.0502916042282613	
0.000111939918792677	0.000437583318916829	0.00184192048195223	0.00689956954013046	0.0193350768823715	0.0455493705923657	0.102048500513906	0.172295887734438	0.231328930363194	0.228052143649445	0.147373991268686	0.0447250857358014	
0.000121241513094083	0.00069713870029098	0.00257638215324927	0.0075573876495312	0.0213182993857097	0.0505071936631102	0.105510426770126	0.174799951503395	0.2310358066602	0.223589557064339	0.138791222114452	0.0434953928225024	
0.000172111811932411	0.000809937938505462	0.00242981381551639	0.00843347878468812	0.0224757777935266	0.0560375811203467	0.110536280157533	0.178419203628522	0.228331629088921	0.217812560112581	0.133437275368775	0.0411043503791522	
1.01447658080813e-05	0.000253619145202033	0.000963752751767725	0.00289125825530318	0.00964767228348534	0.0246213466162134	0.0603613565580839	0.111186633256571	0.181692755622736	0.228541284124456	0.20805900195794	0.130725452202936	0.041045722459497	
5.07125107764085e-05	0.000141995030173944	0.00089254018966479	0.00347887823926163	0.0107206247781328	0.0272934732998631	0.0616664131041128	0.116070794665044	0.186297479588214	0.224189867640347	0.205517521172473	0.123819666311679	0.0398600334702571	
1.01648742605054e-05	0.000172802862428592	0.000945333306227002	0.00368984935656346	0.0112728455549005	0.0285328020492387	0.0645062920571672	0.121663380023989	0.186871048405131	0.222021183597959	0.20354144219236	0.119935351399703	0.0368375043200716	
6.16928518548984e-05	0.000195360697540512	0.000935674919799293	0.00396890680266513	0.0116188204326725	0.0298696224397466	0.0676359299169203	0.123097803734474	0.186970469688245	0.225024677140742	0.197622768775191	0.117524882783581	0.0354733898165666	
0.000175297490152406	0.00028872527789808	0.00138175668708367	0.00415558167831879	0.0135803996782775	0.0330693559363979	0.0707376930850296	0.127925921342985	0.184670750067026	0.222679370578894	0.192703499762833	0.114108354472148	0.0345232939429561	
5.16523589632339e-05	0.000402888399913224	0.00139461369200731	0.0047933389117881	0.0138428322021467	0.0354541791923637	0.0734186630303406	0.12809785022882	0.191464964204915	0.219036993419489	0.190917449199905	0.108459623350998	0.0326649518083491	
6.21240202524306e-05	7.24780236278357e-05	0.000569470185647281	0.00163593253331401	0.00495956761681904	0.0148890568538325	0.0375539702425943	0.0751597105020656	0.132914341330075	0.191300566363985	0.21878009132231	0.186020024642528	0.107060394901689	0.0290222714612605	
4.16250416250416e-05	4.16250416250416e-05	0.000541125541125541	0.00202922077922078	0.00568181818181818	0.0161192973692974	0.0397519147519148	0.0769855144855145	0.136207542457542	0.192567848817849	0.220945720945721	0.18048618048618	0.101315351315351	0.0272852147852148	
2.07359177198785e-05	0	6.22077531596355e-05	0.000590973655016537	0.00227058299032669	0.00592010450902531	0.0172108117074991	0.0405905589366621	0.0819483468289598	0.13819452364413	0.194658427595359	0.219655576406673	0.17750982364102	0.0953022778405615	0.0260650485738873	
2.06436696187114e-05	4.12873392374228e-05	1.03218348093557e-05	0.000134183852521624	0.000495448070849074	0.00234305650172375	0.00747300840197353	0.0181767510992754	0.0423917755620239	0.0834623562684503	0.14114076918313	0.202462789785512	0.215344439627588	0.170516711050556	0.091926260812122	0.0240601969406082	
4.13650465356774e-05	3.1023784901758e-05	4.13650465356774e-05	0.000196483971044467	0.000827300930713547	0.00311271975180972	0.00794208893485005	0.0193381592554292	0.0420062047569804	0.0854188210961737	0.147807652533609	0.202326783867632	0.210620475698035	0.168779731127198	0.0897104446742503	0.021799379524302	
0.000124072044500507	3.10180111251267e-05	7.23753592919622e-05	0.00027916210012614	0.00100291569304576	0.00328790917926343	0.00841622035195103	0.0206579954093344	0.0451105275129759	0.0904278417667859	0.150912963460783	0.197140139374263	0.209537004487272	0.164416137637255	0.0869021278355632	0.0216815897764635	
7.20846892120114e-05	0.000391316884293776	0.000947398772500721	0.00330559789100795	0.00931952053383861	0.0222535733410224	0.048070189891667	0.0937924784775714	0.151697079540306	0.196574947481155	0.206121019895374	0.16159327758784	0.0844008732545207	0.0214606417596902	
4.1424591708868e-05	5.1780739636085e-05	0.000403889769161463	0.00117024471577552	0.00334503578049109	0.00978655979122006	0.0234152504634376	0.0512007953521608	0.0945309182796367	0.15331241391452	0.196735742173341	0.207205807727758	0.157796625967005	0.0806951046488748	0.0203084060852725	
1.04022552089293e-05	2.08045104178586e-05	0.00029126314585002	0.00116505258340008	0.00329751490123059	0.00953886802658816	0.0259432244910697	0.053113915096793	0.0999240635369748	0.153350046290036	0.197403597099851	0.207400164355632	0.152278614003516	0.0772263426710911	0.0190361270323406	
6.21510477630802e-05	0.000269321206973348	0.00118086990749852	0.00351153419861403	0.010814282310776	0.0260102134888491	0.0567646236236133	0.101378717409544	0.155833393757963	0.197443520235345	0.203151058121588	0.151835009685205	0.0741772755052362	0.0175680295010307	
3.08622924510833e-05	0.000462934386766249	0.00113161738987305	0.00397094829537271	0.0117070962697776	0.0265415715079316	0.0566734563710059	0.103831039236261	0.158241260827521	0.197055737300167	0.201839392630085	0.149106022262	0.0721869020430838	0.0172211591877045	
1.03144887623645e-05	7.22014213365515e-05	0.000484780971831131	0.00137182700539448	0.00410516652742107	0.011799775144145	0.0288393105795711	0.0585553527039432	0.104815834803148	0.159802374395313	0.201524481439077	0.198749883962001	0.145465235015626	0.0680137388990315	0.0163897226433972	
2.08879466104085e-05	9.39957597468381e-05	0.000386427012292557	0.00183813930171594	0.0039478219093672	0.0131280744446417	0.0302666346384819	0.0630084909502971	0.110016814797021	0.163855497185349	0.199626105755674	0.194759214195449	0.138612413706671	0.0647735224388766	0.0156659599578063	
3.16459034378e-05	9.49377103133999e-05	0.000632918068755999	0.0017088787856412	0.0051582822603614	0.0142512051814893	0.0317513897825926	0.0669205371364677	0.11147796917689	0.164453211531767	0.201478918553993	0.189928163799196	0.134959229527738	0.0625639510965306	0.0145887614848258	
1.0580667005248e-05	1.0580667005248e-05	0.000169290672083968	0.000560775351278145	0.00205264939901811	0.00638014220416455	0.014421449128153	0.0339956830878619	0.0679384628406975	0.116313272388691	0.166518537328593	0.202630353817505	0.186283223294396	0.131030980192991	0.0580878618588116	0.0135961571017437	
1.06696257095301e-05	6.40177542571807e-05	0.000234731765609662	0.000864239682471939	0.00284879006444454	0.00710597072254705	0.0164525628440954	0.0367141820664931	0.0691285049720456	0.118880969655584	0.172698561734454	0.195979685032649	0.182194528615936	0.126765823054927	0.0569758012888908	0.0130809611198839	
1.06242828609069e-05	1.06242828609069e-05	0.000233734222939952	0.000871191194594365	0.00280481067527942	0.00781947218562747	0.0164676384344057	0.0376099613276104	0.072000764948366	0.119831286388169	0.172474607963962	0.197271684161319	0.18006034592665	0.124962815009987	0.0543432068335387	0.0132272321618291	
6.41683778234086e-05	4.27789185489391e-05	0.000267368240930869	0.000823494182067077	0.00315494524298426	0.00743283709787817	0.0170901779603012	0.0386935318275154	0.0718044147843943	0.123267453798768	0.171308179329227	0.197264288158795	0.179243668720055	0.12186644421629	0.0561794147843942	0.0114968343600274	
3.21615797767986e-05	2.14410531845324e-05	0.000343056850952519	0.00115781687196475	0.00286238060013508	0.0071720322902261	0.0184500262652902	0.0404807084123972	0.0745934240289883	0.122792911587817	0.172214539178164	0.196828868234008	0.178989911984477	0.118729832009348	0.0538492050729532	0.0114816839803171	
5.3386862560861e-05	1.06773725121722e-05	4.27094900486888e-05	0.000309643802852994	0.00114247885880243	0.00294695481335953	0.00773041769881268	0.0204471683608098	0.0425706842060306	0.0788523960023917	0.126569573759289	0.172161954386265	0.197296489279918	0.173582044930384	0.114610916545656	0.0518386435465961	0.0098338600837106	
6.30265341708859e-05	5.25221118090716e-05	0.000199584024874472	0.000325637093216244	0.00113447761507595	0.0035189814912078	0.00884472362864766	0.0225004726990063	0.043446290888464	0.0809050610306939	0.130107775373432	0.173606588373705	0.195077627681254	0.17177881888275	0.111283850501061	0.0473014138952499	0.00985314817538184	
3.15069787958033e-05	5.25116313263388e-05	0.000147032567713749	0.000367581419284372	0.00101872564773097	0.00389636304441434	0.00918953548210929	0.0223594526187551	0.0459791843893422	0.0824432611823519	0.128979068863753	0.174401629961036	0.194450570801433	0.169423527311299	0.111198630496655	0.0460001890418728	0.0100612285621265	
9.44257341600831e-05	9.44257341600831e-05	0.000608521397920535	0.00116458405464102	0.00406030656888357	0.0104602729952892	0.0241834796932213	0.0480836821839623	0.0852874214430351	0.130769150063475	0.173365647917913	0.192177352512249	0.169210915614869	0.105284693588493	0.0455236956134001	0.00963142488432848	
3.12291805463025e-05	0.000187375083277815	0.000520486342438374	0.00130121585609594	0.00451782145236509	0.0110967688207861	0.0252852265156562	0.0499146402398401	0.0845478014656895	0.133400649566955	0.177017405063291	0.194307961359094	0.166680546302465	0.101109676882079	0.0423051299133911	0.00777606595602931	
8.28063057001791e-05	0.000165612611400358	0.000662450445601433	0.00154226744366584	0.0047613625777603	0.0123381395493267	0.0264566146712072	0.0515055221455114	0.0895860719793812	0.13734460879196	0.178002504890747	0.192431503659004	0.15831530571053	0.0990984463466893	0.040243864570287	0.00746291830122864	
5.15947951170686e-05	0.000154784385351206	0.000536585869217513	0.00147561114034816	0.00475704010979372	0.0122589233198155	0.0269015261740396	0.0523377601667544	0.0918284163493587	0.144300322983417	0.182191540517393	0.186721563528671	0.155527350400892	0.0949344230154062	0.0386238636246375	0.00739869361978764	
1.0270631130283e-05	1.0270631130283e-05	0.000195141991475376	0.000760026703640939	0.00203358496379603	0.00456016022184563	0.0125712525034663	0.0269193241924716	0.0535510707132953	0.0978277615159452	0.143983977815437	0.183341036306681	0.186442766908026	0.152703743645047	0.0925075745904586	0.0355671956041699	0.00701484106198326	
0.000222690096364078	0.00085027127702648	0.00196372175884687	0.00486881528868734	0.0129868815288687	0.0279779739250142	0.0559660701271358	0.0983682889302778	0.147643533889384	0.181259616163252	0.187110292331363	0.152036602154021	0.0877095311361244	0.0342335411774233	0.00680217021621184	
0.00028192555151686	0.000684676339398089	0.00212451040607348	0.00596071166064219	0.0142372403516014	0.0301962403213951	0.0598588358488476	0.101030035140006	0.145443378273609	0.179999395873818	0.187470422989015	0.146520736631191	0.0854435796490027	0.03309604599414	0.00765226496974335	
7.04728729776802e-05	0.000312094151758298	0.000795336709319534	0.00254709098047901	0.00717816549044086	0.0154637618419595	0.0324275891230154	0.0621671415195965	0.102618570608785	0.147157426330679	0.180098460671103	0.181457580364244	0.141539731599029	0.085231906089863	0.033645763070201	0.00728890857654864	
9.97625650950737e-06	3.99050260380295e-05	0.000239430156228177	0.000917815598874678	0.0025738741794529	0.0073026197649594	0.016909754783615	0.0344180849578004	0.0643269019733035	0.103004848460664	0.147588738801652	0.179073804345657	0.178096131207726	0.142211536543028	0.0838205071928809	0.0321634509866518	0.0073026197649594	
1.98275007435313e-05	6.93962526023595e-05	0.000208188757807078	0.0012392187964707	0.00262714384851789	0.00745514027956776	0.0180727669277288	0.0346683850500644	0.0641617924060672	0.103678001387925	0.149737285615148	0.179726380489739	0.17765440666204	0.135858035094676	0.0836323981362149	0.0332110637454149	0.00798056904927134	
