# <P(N_1)> as a function of N_tot.
# number_of_species: 2
# species_total_upper_bound: 100
# species_total_lower_bound: 0
# volume: 512
# Bin widths for each species index 
1	1	1	1	1	1	1	1	1	1	1	1	1	1	1	1	1	1	1	1	1	1	1	1	1	1	1	1	1	1	1	1	1	1	1	1	1	1	1	1	1	1	1	1	1	1	1	1	1	1	1	1	1	1	1	1	1	1	1	1	1	1	1	1	1	1	1	1	1	1	1	1	1	1	1	1	1	1	1	1	1	1	1	1	1	1	1	1	1	1	1	1	1	1	1	1	1	1	1	1	1	
# Bin lower bound for each species index 
0	0	0	0	0	0	0	0	0	0	0	0	0	0	0	0	0	0	0	0	0	0	0	0	0	0	0	0	0	0	0	0	0	0	0	0	0	0	0	0	0	0	0	0	0	0	0	0	0	0	0	0	0	0	0	0	0	0	0	0	0	0	0	0	0	0	0	0	0	0	0	0	0	0	0	0	0	0	0	0	0	0	0	0	0	0	0	0	0	0	0	0	0	0	0	0	0	0	0	0	0	
# Bin upper bound for each species index 
0	1	2	3	4	4	4	5	5	5	5	5	6	6	6	6	6	6	6	6	7	7	7	7	7	7	7	7	8	8	8	9	9	9	9	11	11	11	10	10	10	10	11	11	10	11	11	12	12	11	10	10	10	10	11	11	11	11	11	11	11	11	11	12	12	12	12	12	12	13	13	14	15	15	15	13	14	14	14	13	14	14	14	15	15	15	15	15	16	16	16	15	15	15	15	16	14	15	15	16	16	
# Normalized histogram for each species index 
1	
0.949991862488576	0.0500081375114238	
0.901660754089097	0.0959846796220136	0.00235456628888959	
0.856665386818402	0.136329017517136	0.00690488629282509	0.000100709371636464	
0.814133683629372	0.172165426034865	0.0132566743452574	0.000368064677848218	7.61513126582519e-05	
0.775910221906261	0.202279997968821	0.0206101152693851	0.00111080079215965	8.8864063372772e-05	
0.736065927921517	0.230525339297514	0.0312738270726376	0.00207136684796421	6.35388603670005e-05	
0.697403275515142	0.257571126563256	0.0414406153689412	0.00342579149792415	0.000152823412546802	6.36764218945009e-06	
0.661071943088083	0.281346813366141	0.0521373841426878	0.00505501230286727	0.000382472557593993	6.37454262656654e-06	
0.628409656069475	0.300987030873408	0.0618552099672265	0.00796383437264879	0.000777892548809569	6.37616843286532e-06	
0.592984047105105	0.318483133868928	0.0766352036580537	0.0105437267699539	0.00133472979704444	1.91588009145134e-05	
0.564713721871957	0.332135168383823	0.087882515761956	0.0135962888923061	0.00153134450766313	0.000140960582295351	
0.540198700557362	0.340677172525703	0.098830758179241	0.017984388729612	0.00198187450693656	0.000307864001077524	1.92415000673453e-05	
0.512955884796809	0.353285949863858	0.108479169596175	0.0225881089649354	0.00228182085469211	0.000357932683088959	5.11332404412799e-05	
0.489147741023322	0.361264313645569	0.119935294042721	0.0257422715866971	0.00348367703065891	0.000401227884701117	2.54747863302297e-05	
0.466779571047609	0.364622170544595	0.133918076918216	0.0293909482704144	0.00470785991431063	0.000556096204643403	2.52771002110638e-05	
0.44140537023598	0.370999224243638	0.145085208077876	0.0356472560746728	0.00598708741022497	0.000832061259728235	4.37926978804334e-05	
0.412749922142635	0.378473995639988	0.158330738087823	0.0412893179694799	0.0079850513858611	0.000959202740579259	0.000211772033634382	
0.394442920894518	0.375751040861609	0.169448530328339	0.0486524893420757	0.0100595846525891	0.00137742763830371	0.00026800628256588	
0.37523539307505	0.376402942727296	0.180273432595978	0.0542345644914254	0.0118387023878274	0.00183920455972079	0.000175760162703693	
0.355110749206229	0.37366889490661	0.191742256392776	0.0626432101804685	0.0141837256424338	0.00231029977086371	0.000321927017251501	1.89368833677353e-05	
0.334461257699034	0.378323574886574	0.199142017083618	0.0681380376650698	0.0165703495298203	0.00287684079791144	0.000449902415532406	3.80199224393582e-05	
0.319675368522978	0.374963370663405	0.208780848271732	0.0736536329931583	0.0183911121303622	0.00374574781179528	0.000745327370714368	4.45922358547058e-05	
0.311436270650511	0.367801524665399	0.214010023618872	0.0803041649864624	0.0214426074210624	0.00423091447920067	0.000691284060141713	8.32101183503914e-05	
0.292004737745517	0.37183068260272	0.220450845890259	0.0860331515508516	0.0241447672614184	0.00477574882348098	0.000665057860033823	9.50082657191176e-05	
0.279291845493562	0.36386013632921	0.228850037869225	0.0945910123706135	0.0269123958596314	0.00565513759151729	0.000751072961373391	8.83615248674577e-05	
0.262821081444122	0.360124440839912	0.238446136884924	0.10019895327766	0.0306286670130397	0.00653251048623167	0.00108347167133425	0.000164738382775968	
0.251845247572043	0.354765164782678	0.245241203629995	0.106384333704824	0.0331157459003343	0.0071071485432256	0.00138831396274479	0.000152841904155389	
0.235740367462858	0.35268964007187	0.24916119808605	0.115043050984989	0.0364758083732073	0.00866815643897193	0.00186114205859056	0.000347756647625917	1.28798758379969e-05	
0.222498124725175	0.344791909159101	0.255878016605882	0.120845296293422	0.0422777476009415	0.0110123897467732	0.0023279273686661	0.000362122035125837	6.46646491296138e-06	
0.214353347082247	0.337094828592552	0.259063257973721	0.126613227492639	0.0466619972242759	0.0122378302657691	0.0034566844364891	0.000479914912383102	3.89120199229542e-05	
0.201318336927032	0.33147497037627	0.261660094407428	0.136262683165304	0.0506225839662775	0.0142323406955587	0.00348362115296205	0.000828816928585766	0.000103602116073221	1.29502645091526e-05	
0.189965934922178	0.326438750474915	0.263820826705991	0.143041129234791	0.0549935282791662	0.0168071555981995	0.00381863726809667	0.000920851820131238	0.000186746173313328	6.43952321770096e-06	
0.181093116369796	0.316956265078795	0.270853652276577	0.147015040295673	0.0597120271033314	0.0184025460705303	0.00471613366870284	0.000981725784097326	0.000224577793747754	4.49155587495508e-05	
0.17333101641792	0.310550331769415	0.270950385830775	0.154615488579538	0.0635156617046062	0.0201764717239781	0.00512939328995553	0.00142876450485587	0.000250999169771977	5.14870091839953e-05	
0.164149704530532	0.304301365983031	0.273479844991181	0.160474038597711	0.0685180178440385	0.0210433483964827	0.00603169698608268	0.00161574807204563	0.00029611319248645	7.72469197790738e-05	6.43724331492282e-06	6.43724331492282e-06	
0.157525064304454	0.294825495994201	0.276441798856952	0.165844553204318	0.0728484467507809	0.0239963053002264	0.00640799491978781	0.0016292599695957	0.00033354928511408	7.69729119494031e-05	3.84864559747016e-05	3.20720466455846e-05	
0.148092667682533	0.286913401689093	0.274813399106382	0.174242619902374	0.0781851287481598	0.0276737519047496	0.00759962808956843	0.00200805805935071	0.000329295694620212	0.000116222009865957	1.93703349776595e-05	6.45677832588652e-06	
0.138886189134027	0.281964557618168	0.274033757734798	0.178144944439045	0.0840962840574076	0.0313279554216477	0.00848802928694075	0.00237794408267729	0.000544270580231315	0.000123108821718988	1.29588233388408e-05	
0.136802613745736	0.273421898632236	0.275242092306081	0.179184317525584	0.0877948811963518	0.0337914372327818	0.0101812991468661	0.00266481591818295	0.000798790029529041	0.000104759348134956	1.30949185168695e-05	
0.132601512255047	0.267962134500043	0.27516209771191	0.182968408190615	0.0903739907898281	0.0362034646538302	0.011456875767788	0.00237152072945613	0.000794886449485295	7.22624044986631e-05	3.28465474993923e-05	
0.124469282568771	0.264170566822673	0.273274222108125	0.188872871370551	0.0944660571232976	0.0387909187253566	0.0126450627645359	0.00258035637881211	0.000579263676876189	0.000111903210305627	3.94952506961038e-05	
0.117276274885905	0.259130894900456	0.274872676764336	0.189893511475627	0.0998677161187909	0.0406243799193068	0.0144057146636682	0.0031880415371387	0.000555592301078114	0.000112441299027713	4.62993584231761e-05	2.64567762418149e-05	
0.111308556841163	0.250372973510592	0.272333653814276	0.198998773331565	0.104638132811723	0.0431455757053344	0.0147796969797434	0.00362032954281736	0.000603388257136227	0.000159135364519444	2.65225607532407e-05	1.32612803766204e-05	
0.104338569766212	0.241649476356712	0.272730879086004	0.204313445467047	0.110295673331218	0.0461692055432138	0.0153919390669629	0.00411906273140802	0.000786787263302655	0.000165291441870306	3.96699460488734e-05	
0.0973017116602706	0.234573147250588	0.274363604976961	0.205717927948265	0.114106258382355	0.0503671637430783	0.0170369288379566	0.00490658238941931	0.0013478162720597	0.000219103137822513	4.64764231744725e-05	1.32789780498493e-05	
0.0934212016818482	0.22491720695928	0.272454072351456	0.210330972260167	0.11868224130923	0.05383380088357	0.0191240263071972	0.00549732463534413	0.00137266530288593	0.000286527223417937	5.99708142037542e-05	1.99902714012514e-05	
0.0896411044366883	0.220582683736117	0.263333576173414	0.213383579153724	0.12522600684809	0.0580763091839911	0.0214251180533939	0.00640435522647045	0.0016358590909392	0.00019206442768112	4.63603790954428e-05	6.62291129934897e-06	4.63603790954428e-05	
0.0853147317721309	0.219033383158944	0.261650888556718	0.21240325527321	0.127752864972596	0.0611061285500747	0.0237701378508553	0.00676299618003654	0.00178043514366384	0.000365387809333998	3.3217073575818e-05	1.99302441454908e-05	6.64341471516359e-06	
0.0801510340684802	0.209361735835605	0.264362428955238	0.215923268356118	0.131422083451604	0.0636613879555611	0.024859890817155	0.00751209658787107	0.00215857256962552	0.000501686591105625	5.28091148532237e-05	3.30056967832648e-05	
0.0752736413599266	0.201640198723997	0.259198902135689	0.221862278728219	0.136606253340107	0.0665382306174827	0.0275389761623572	0.00833954620728787	0.00238178495318902	0.000541014864713295	7.91729070312139e-05	
0.0722533402190177	0.194010778744422	0.257842397277506	0.223221970629908	0.140315682146215	0.0697175545227029	0.0291317416809015	0.00995113812418067	0.00276089460930362	0.000715051841258491	7.94502045842768e-05	
0.0679100940581171	0.188096207635463	0.256179865287949	0.226580596925254	0.142909593393903	0.072222481825889	0.0306940541117883	0.0113283622939767	0.00317754888151614	0.000761009606077396	0.000140185980066889	
0.0626365914786967	0.181640768588137	0.254456140350877	0.2250559732665	0.149186299081036	0.0772130325814536	0.0333366750208855	0.01156223893066	0.00387635756056809	0.000808688387635756	0.000227234753550543	
0.0593937435628168	0.173078606000633	0.248237978875942	0.230580743313744	0.15284986301001	0.0821132136437991	0.0352673492605233	0.0128979273111591	0.00424096774845003	0.00102321761549905	0.000289462878068811	2.69267793552383e-05	
0.0568318486658377	0.169625809432565	0.243852389397368	0.22981429765375	0.156749631381182	0.0846566239272683	0.0385402015342697	0.0133586100522521	0.00474278220573347	0.0013997322842136	0.000339740845682913	8.83326198775574e-05	
0.05376	0.166100425531915	0.242110638297872	0.230331914893617	0.158747234042553	0.0874076595744681	0.0397821276595745	0.0146382978723404	0.00512	0.00154553191489362	0.000299574468085106	0.000156595744680851	
0.0523098664983604	0.159906974191512	0.238519270611802	0.231178738526131	0.162637377714968	0.0911323628280943	0.0414637158185036	0.0159982437605477	0.00492570283879643	0.00139264300316946	0.00029499334549895	0.000240110862615425	
0.0508948662027902	0.156381763422993	0.233136012739294	0.229161906740056	0.168311004950324	0.0928860733201786	0.0443175130681622	0.0170457299131097	0.00566344722539551	0.00164780004846471	0.000463876484231661	9.00058850001731e-05	
0.0498720961670445	0.150572967576898	0.231426214393167	0.229291017615373	0.172264625751305	0.0954252715790058	0.0445687665079134	0.018225429639027	0.00603123765156084	0.0016984519823361	0.00049913690909469	0.000124784227273673	
0.0455884902062749	0.147699774657653	0.226992546368521	0.230431617264691	0.172515167273358	0.101979545848501	0.0459282371294852	0.0196845207141619	0.00671173513607211	0.00195527821112844	0.000422950251343387	9.01369388108858e-05	
0.0434941043005947	0.14106363230087	0.221987692942349	0.230932654955481	0.174423321530475	0.104747499054625	0.0510846024270343	0.0215614149678573	0.00748049090721579	0.00238578156691533	0.00071504692495445	0.000123758121626732	
0.0401643681241282	0.133665917664763	0.218110728593319	0.229799281233036	0.179554309509576	0.109883389336687	0.0550550756904217	0.0222089371731706	0.00817030516673882	0.00244628144605468	0.000790231366000811	0.000151174696104503	
0.0402395902978336	0.129892956348523	0.208566249198723	0.230085262715311	0.182856473280443	0.111475658425293	0.0592427678331415	0.024482875083574	0.00929825407875601	0.00272950972215521	0.000902943872733163	0.00022056644219436	6.89270131857376e-06	
0.0398782743106351	0.124458306881228	0.205525959866405	0.2251994258743	0.186508046040465	0.11558420050236	0.061877225427144	0.0268845400093847	0.00992989041927738	0.00306384388197301	0.000897071406883988	0.000158712633525629	3.45027464186149e-05	
0.0375018059482776	0.122178420810028	0.203463292811294	0.223841269186051	0.185107978507496	0.121187729183436	0.0631497113922657	0.0284204660378527	0.0106155359710498	0.00328854581604783	0.000976932020666928	0.000254552709610397	1.37596059248863e-05	
0.035608842055771	0.118885132098433	0.199139856320051	0.22504096745421	0.186438216930449	0.122881619614595	0.0661079881349955	0.0296486824728439	0.01140174379611	0.00354014119078734	0.000968007356855912	0.000269659192267004	6.91433826325651e-05	
0.0337284699011121	0.115253932335458	0.194751811330939	0.222861176275198	0.185610385656058	0.12603541696942	0.0698651276408755	0.0325658964617631	0.0133557543925208	0.0041658881576671	0.00132865535925595	0.000318323679821739	0.000159161839910869	
0.0325954789144973	0.109807660421157	0.191710882661803	0.220092024539877	0.190660752777317	0.127431879732493	0.072065163322832	0.0353520698612723	0.0137276847399547	0.00468413198474548	0.00144392859116786	0.00037307245896203	5.52699939203007e-05	
0.0298766370641695	0.107958118801617	0.188230415701994	0.218950205604893	0.191499360724282	0.130999689001002	0.0739970282317979	0.0363523273091676	0.0150177960537683	0.0048308511005909	0.00167939458861744	0.000483776218943295	8.29330661045648e-05	4.14665330522824e-05	
0.0274917420900649	0.101165455968201	0.183086692473357	0.221865976026093	0.193190080813257	0.133947800314389	0.0764990616798355	0.0386961850879805	0.0159272057448739	0.00571301945196563	0.00174506775987314	0.000533215148850125	9.69482088818409e-05	4.15492323779318e-05	
0.0251847777510399	0.0953143800061879	0.178899240262642	0.220268830141978	0.196307882704803	0.135838289387741	0.0806421671422187	0.0413077108185225	0.0173467633813469	0.00609852521571728	0.00208326171404998	0.000543160644917323	0.000103131768022276	4.81281584103957e-05	1.37509024029702e-05	
0.0241475044168105	0.0911602398379252	0.174394095457677	0.215792740741751	0.200526606593497	0.140369306748341	0.0828382185417363	0.0420875995061358	0.0181447349572644	0.00747617650870743	0.00219646791587937	0.000545706314504192	0.000204639867939072	6.8213289313024e-05	3.4106644656512e-05	1.36426578626048e-05	
0.0218067471032573	0.089845165259596	0.170981303619647	0.212899477048228	0.201155279078511	0.145783914960522	0.0852719007417028	0.041952353282975	0.0190450148682367	0.00729398092764125	0.00278907611853574	0.000820316505451687	0.000232423009877978	6.83597087876406e-05	2.73438835150562e-05	2.73438835150562e-05	
0.0213628194001189	0.0870914172857055	0.167506099269454	0.210142897170076	0.198333891436421	0.148876846011385	0.0882326811500113	0.0452405196509236	0.0206247565417655	0.00811185752653268	0.00309576365587136	0.000902076826876422	0.000280190529560101	6.83391535512441e-05	4.78374074858709e-05	8.20069842614929e-05	
0.0207928819125091	0.0836756800948352	0.1622212684203	0.207901567641588	0.196544511891866	0.152260851200087	0.0929820617109844	0.0479830495772614	0.0217807481894796	0.0092791301326466	0.00323611366593769	0.00091973756821387	0.000340643543782915	8.17544505078995e-05	
0.0200252792675845	0.0804153998565231	0.1576469784443	0.206941550234004	0.197642879103611	0.154080552044546	0.0955897926416835	0.050749837734431	0.022532709322584	0.00944898028900352	0.00339562053769685	0.00110682198613056	0.000334779489632084	6.14901103405869e-05	2.73289379291497e-05	
0.0187304102228499	0.0764233802913925	0.152853649295629	0.206378948093549	0.200123996831192	0.154596493645162	0.0990528019839493	0.0527950952364551	0.0246409258430062	0.00954775600179106	0.00319636275961837	0.00128130058898495	0.000316880790824235	5.51097027520408e-05	6.8887128440051e-06	
0.0176565778466518	0.0740273454106611	0.152388266432617	0.202334096737476	0.197952522662132	0.15786009133422	0.100796774503216	0.0557467875313704	0.0255488967210192	0.0106556590189114	0.00339417710061849	0.0012616739121491	0.000322275401472867	4.79984640491504e-05	6.85692343559292e-06	
0.0177580542275692	0.0727881311174062	0.149136103928172	0.201546027587058	0.197149383029364	0.158903376705329	0.102851302874624	0.0562715631065963	0.0265856385423168	0.0114820327450563	0.00373817673002133	0.00128264045598897	0.000425260472039124	8.23084784591853e-05	
0.0167571654409238	0.0700391779503746	0.146504914427108	0.198721561619355	0.198914014708915	0.159873530826861	0.104357687813595	0.0583957660320297	0.0287442435906248	0.0118083717093958	0.00393841501134099	0.00132655165303457	0.000501752697779916	9.62265447797099e-05	2.06199738813664e-05	
0.01634622707478	0.0674619384229803	0.140344925469236	0.195123133269176	0.199145648275719	0.161994502793606	0.108884842526499	0.061210077750161	0.0297361479399323	0.0136114707450307	0.00405713217527365	0.00156469602664137	0.000401559157279644	7.61577712082084e-05	4.15406024772046e-05	
0.0150945755388687	0.064379441368723	0.137830910189707	0.192832681527379	0.199918032217506	0.163129780006808	0.110038274786571	0.0642752450350447	0.0308768468800144	0.0142748977139324	0.00500837043880549	0.0016601949166082	0.000555713779617808	0.000104196333678339	2.08392667356678e-05	
0.013848070087049	0.0582752540095726	0.13381336244297	0.189233632826714	0.201913118929661	0.164658381616145	0.115178996277325	0.0666092870937946	0.0328393092059227	0.0147297562067904	0.00627676547149215	0.00191731743499314	0.000517815657625885	0.000174937722170907	6.99750888683629e-06	6.99750888683629e-06	
0.0136830344515472	0.0579425241839679	0.1276093228489	0.185622560389206	0.19703569610228	0.171451603778922	0.116535611246252	0.0683868869152005	0.0349606833738757	0.0161650732590372	0.00691576624992929	0.0026093228488997	0.000806132262261696	0.00021921140465011	4.94993494371217e-05	7.07133563387453e-06	
0.0132914400005674	0.0558183739618279	0.125871497166526	0.181831722142234	0.19763392508848	0.171072322739427	0.11902718574681	0.0715000035462754	0.0364415254658033	0.0162348485385799	0.00749682608356443	0.00270226181441632	0.00085110608328073	0.000184406318044158	3.54627534700304e-05	7.09255069400609e-06	
0.0115829841125285	0.0566413614986731	0.12333601326209	0.18086673164901	0.196633250563852	0.170564421455557	0.120973881366906	0.0723153872971377	0.0385553998192827	0.0174100504443227	0.00703659169981003	0.00281036776686043	0.000882242033140995	0.000241905073603176	0.000106722826589636	4.26891306358546e-05	
0.0116202213172427	0.0532682316652808	0.119258295843017	0.182462349772215	0.196314222155889	0.171787381932155	0.121440196726438	0.0745684171623917	0.0403829342657939	0.0178318870244416	0.00699345429734974	0.00271493855852398	0.000980789322189292	0.000262965253050752	7.81788590150885e-05	3.55358450068584e-05	
0.0105416263618327	0.0510700492130849	0.115520126527759	0.176581067436754	0.197798473476477	0.172048097494157	0.124854373045068	0.077590041587528	0.0426325117031117	0.0199535405884388	0.00725133976798537	0.00287370524398252	0.000932012511561898	0.00024006382873564	4.94249059161612e-05	2.82428033806636e-05	3.53035042258295e-05	
0.0104592265069682	0.0483293222141378	0.112539877987351	0.171902110035261	0.196080763418593	0.172587731572172	0.128735937762355	0.0807983992835955	0.0428723344713718	0.0221147926344658	0.00862623831644932	0.00350506520400739	0.00101444002910393	0.000216880282084289	0.000139922762635025	3.49806906587564e-05	4.19768287905076e-05	
0.0105311226640438	0.0471547000140509	0.111781649571449	0.170106786567374	0.193838696079809	0.173071518898412	0.129415484052269	0.0816987494730926	0.0457566390333005	0.0218209919910074	0.00939300266966418	0.00392019109175214	0.0010257130813545	0.000302093578755093	0.000126457777153295	3.51271603203597e-05	2.10762961922158e-05	
0.00995600833526279	0.0464964533035846	0.106639443754517	0.168634714825963	0.190707725553755	0.172893557010251	0.131610151059098	0.0851628112568145	0.048004939414988	0.0235814968391954	0.0105804514232391	0.00387295038834747	0.00106646459968988	0.000561297157731518	0.000126291860489591	0.00010524321707466	
0.00867349780030072	0.0435832822854597	0.102487887731804	0.166077295762098	0.192557220025617	0.175258951940747	0.132754636075068	0.0858509216461547	0.0501963022776633	0.0248788773180375	0.0111307568079301	0.00468480258395055	0.00116946037756864	0.00045943086261625	0.00020187113660411	3.48053683800189e-05	
0.0081294625560414	0.0414083688492832	0.101158188963303	0.15924752310843	0.191267227541927	0.176433552886478	0.136464271876903	0.0889674544750097	0.0517518126971827	0.0261318979354624	0.0122114905629047	0.00444179996679028	0.00149443737200421	0.000622682238335086	0.000193723363037582	7.61056069076216e-05	
0.00805186367814662	0.0398930104294097	0.0963182594151513	0.156793630388356	0.187757020326636	0.179345760158134	0.141616040141823	0.091404203556643	0.0528243726112228	0.027120612079869	0.0121641889043245	0.00467906584558392	0.00133391389689468	0.000469980025848901	0.000179698245177521	4.83802967785634e-05	
0.00750711526034291	0.0376043227784576	0.0940245562414926	0.153600252987034	0.186749804072541	0.181669439441229	0.142284582915126	0.0956607223879776	0.0536497504502894	0.0276429582983872	0.0122987446893347	0.00485350125806052	0.00168428868020514	0.000598094347664682	0.000158116896509054	6.87464767430669e-06	6.87464767430669e-06	
0.00750888494757371	0.035852377360542	0.0894814452395029	0.151774611134895	0.187314401429746	0.180478258210507	0.146494607873117	0.0965961986694664	0.0555385671280724	0.0280784729442304	0.0130335215651098	0.00516448195489233	0.00184834091017199	0.0006591509863481	0.000176679645825264	
0.00726326813283335	0.0347015303537043	0.0867335562987737	0.146947738252086	0.187162595858248	0.180243910678693	0.145549136853485	0.0993412384716733	0.0592277287929462	0.0295598121685078	0.0141008749704402	0.00610114523158001	0.00206074119117597	0.000729705077531165	0.000270261139826357	6.75652849565893e-06	
0.00681660503431878	0.0337933868153926	0.085254713359064	0.142401034615151	0.181131745037417	0.180855578232667	0.148416082338122	0.101568762166495	0.0624339052006924	0.0317995972006116	0.0149399505594062	0.00711971494197129	0.00226322064380544	0.000713992226914813	0.000404146543536686	8.75650844329487e-05	
0.00700914265076679	0.03202268608003	0.0835679746386747	0.141232886790308	0.179054167028939	0.180044007784964	0.149024538687391	0.103090577117289	0.0630755957436848	0.03490526287629	0.0161584815307754	0.00702920699041593	0.00250135434292632	0.00088283094456223	0.000347781887251787	4.68167925146637e-05	6.68811321638053e-06	
0.00729883178661258	0.0327246525716039	0.0806140625938207	0.137763782049144	0.177833968256086	0.181203173057036	0.150773582765683	0.103824881410663	0.0650289885046735	0.0340589911066337	0.0171862803311828	0.00750565425954219	0.00278209584553697	0.00104745574999833	0.000253524321655647	8.6732004776932e-05	1.33433853502972e-05	
