# <P(N_2)> as a function of N_tot.
# number_of_species: 2
# species_total_upper_bound: 100
# species_total_lower_bound: 0
# volume: 512
# Bin widths for each species index 
1	1	1	1	1	1	1	1	1	1	1	1	1	1	1	1	1	1	1	1	1	1	1	1	1	1	1	1	1	1	1	1	1	1	1	1	1	1	1	1	1	1	1	1	1	1	1	1	1	1	1	1	1	1	1	1	1	1	1	1	1	1	1	1	1	1	1	1	1	1	1	1	1	1	1	1	1	1	1	1	1	1	1	1	1	1	1	1	1	1	1	1	1	1	1	1	1	1	1	1	1	
# Bin lower bound for each species index 
0	0	0	0	0	1	1	2	3	4	5	5	6	7	8	9	8	9	10	12	13	14	15	15	16	17	17	18	18	20	20	21	22	23	23	24	25	26	27	28	30	30	31	32	34	34	35	35	36	36	37	38	41	41	41	42	43	44	46	47	47	48	49	50	51	52	52	53	53	55	56	57	57	58	59	62	62	63	63	64	65	66	66	66	67	69	70	71	72	73	74	75	76	77	78	79	79	80	81	82	84	
# Bin upper bound for each species index 
0	1	2	3	4	5	6	7	8	9	10	11	12	13	14	15	16	17	18	19	20	21	22	23	24	25	26	27	28	29	30	31	32	33	34	35	36	37	38	39	40	41	42	43	44	45	46	47	48	49	50	51	52	53	54	55	56	57	58	59	60	61	62	63	64	65	66	67	68	69	70	71	72	73	74	75	76	77	78	79	80	81	82	83	84	85	86	87	88	89	90	91	92	93	94	95	96	97	98	99	100	
# Normalized histogram for each species index 
1	
0.0496324354028351	0.950367564597165	
0.00234480917692843	0.0954796743398639	0.902175516483208	
0.000102772029114049	0.00712083456518985	0.135654854922499	0.857121538483197	
2.11757331744683e-05	0.000413632654674614	0.0133096541579258	0.171098512334159	0.815157025120066	
2.82546136252223e-05	0.00112170816092133	0.0214282989733686	0.202887904058634	0.774533834193451	
1.41903752360924e-06	7.52089887512895e-05	0.00220660334921236	0.0309023801516384	0.23202824452287	0.734786143950005	
9.99921434744413e-06	0.000181414317446486	0.00344972894986822	0.0414724557356208	0.258452550156773	0.696433851625944	
1.14317559891684e-05	0.00039439558162631	0.00531576653496331	0.0515129214566915	0.281159751645101	0.661605733025629	
1.28500569685859e-05	0.000723886542563672	0.00800558549142901	0.0622670927174444	0.300702755337771	0.628287829853823	
3.13785450624433e-05	0.000998408251986832	0.010568864496032	0.0744284825906127	0.317777657334878	0.596195208781429	
9.97792028782024e-06	9.26521169583308e-05	0.00141971551523842	0.0136640491255778	0.0876759855690764	0.33026916152685	0.566868458226011	
3.12887553901992e-05	0.000172088154646096	0.00195981386034975	0.0179839232685941	0.100068550818628	0.341522453948641	0.538261881193751	
2.69974949166559e-05	0.000287025998587605	0.00273811435286294	0.0220171675649254	0.112080810606889	0.351002956936154	0.511846927045664	
3.40671975471618e-05	0.000346349841729478	0.00373603599767207	0.0258612613379892	0.122261494130506	0.360447983647745	0.487312807846811	
3.52865621713939e-05	0.00053212135754462	0.00474110249334848	0.0302434067058583	0.134523666697248	0.3676563371137	0.462268079070129	
1.41183712482193e-06	2.82367424964386e-06	5.36498107432334e-05	0.000779334092901707	0.00624596744021223	0.0362446826684286	0.146041844028705	0.372917010801966	0.437713275645668	
7.03794154285754e-06	2.81517661714302e-06	0.00013090571269715	0.00105850640804577	0.00762349827922329	0.0415731206936595	0.158592974726752	0.375440399192044	0.415570741869418	
4.2183176224437e-06	2.8122117482958e-06	0.000209509775248037	0.00132877005106977	0.00943637652140656	0.0482406803302661	0.169238903012441	0.377242738869266	0.394295990910932	
2.80716331935834e-06	0.000216151575590592	0.00176289856455704	0.0116132346521854	0.0538091100871203	0.180904832952729	0.376519201698895	0.375171763305603	
1.26929325751422e-05	0.000306040707645094	0.00241588816680206	0.0136209269789692	0.0611333942594097	0.19045886361585	0.377184594728766	0.354867598609983	
2.40847442979368e-05	0.000429275148369109	0.00287033482044823	0.016016354958128	0.0664087237777346	0.198792645935841	0.377424944144644	0.338033636470537	
3.41687108572502e-05	0.000600799832573317	0.00371299991315453	0.0183343607674862	0.072470412031942	0.208466152332655	0.375878598570324	0.320502507841007	
5.70309136067205e-06	6.84370963280646e-05	0.000715737965764343	0.00442132157736101	0.0211941132690975	0.0797919512271627	0.21630827490041	0.370603985890552	0.306890474981964	
2.41670884060526e-05	0.000123678628901563	0.000865750402310942	0.00534092653773762	0.0241542940651317	0.0864115569859945	0.223859739905265	0.368796877043541	0.290423009342712	
2.69287733943719e-05	0.000172911071269125	0.00111116622848356	0.00625031003522	0.0275566390056196	0.0946546384812172	0.231277061645632	0.363627730967381	0.275322613791784	
2.84379327897896e-06	1.99065529528528e-05	0.000200487426168017	0.00133089525456216	0.00725309475803585	0.0308821731130721	0.100486857409361	0.238823181465293	0.358480049368251	0.262520510859025	
1.14145804142922e-05	2.56828059321574e-05	0.000219730672975125	0.00155238293634374	0.00785465814758482	0.033439013323669	0.107297055894347	0.244132192255778	0.354459819250119	0.251008050132837	
1.42916963814854e-06	1.8579205295931e-05	5.2879276611496e-05	0.00031298815075453	0.00192366233294793	0.00930532351398514	0.0369840518960079	0.114137774811457	0.248755550537582	0.350988342263262	0.237519418842458	
1.43263807407598e-05	4.29791422222795e-05	0.000302286633630033	0.00228075981392897	0.0113608199274226	0.0411854793535364	0.120447613439864	0.255323324923748	0.345164058549053	0.223878351835854	
2.87440571661809e-06	5.74881143323618e-06	4.88648971825075e-05	0.000448407291792422	0.00297500991669972	0.0124749208101225	0.0453394385710754	0.127307429189015	0.260330614145525	0.33736468735089	0.213702004610547	
1.43617082390248e-06	8.61702494341487e-06	8.76064202580512e-05	0.000610372600158553	0.00340659719429668	0.0139667612624516	0.0490452336362696	0.134658248790744	0.263161069430242	0.331840194400083	0.203213863069729	
5.74704386431229e-06	1.72411315929369e-05	0.000123561443082714	0.000806022901969799	0.00374707259953162	0.0159882760305168	0.0535897472737461	0.141209178029051	0.266379793393773	0.325864570911337	0.192268789241534	
1.43158593953554e-06	3.14948906697818e-05	0.000224758992507079	0.000943415134153918	0.00438637931873688	0.0178074975018825	0.0584573802549941	0.146547157872434	0.269451673953439	0.318556503265448	0.183592307229795	
7.16638335564467e-06	1.43327667112893e-06	3.29653634359655e-05	0.000235057374065145	0.00110218976009815	0.00506663303244078	0.0195513270708698	0.0626270241449788	0.153624326718284	0.271591596412222	0.311564249493337	0.174596030970242	
1.0045823305449e-05	2.87023523012829e-06	3.73130579916677e-05	0.000262626523556738	0.0013246135587042	0.00583662334046587	0.0220261851560045	0.0674720546722407	0.158666603521492	0.273833357012774	0.304529087681381	0.165998619416854	
1.71026902531768e-05	1.71026902531768e-05	3.13549321308242e-05	0.000285044837552947	0.00150646196646733	0.00660876455866508	0.0243670579382137	0.0714165588247031	0.164395334386099	0.274907217905377	0.298175427994824	0.158272571275462	
7.1453069623871e-06	5.71624556990968e-06	6.28787012690065e-05	0.00031582256773751	0.00182634045958614	0.00761546816051218	0.0267291642848977	0.077023550931748	0.17183891619984	0.276734880530468	0.288686120955756	0.149153995655653	
1.4310840031999e-06	4.29325200959971e-06	9.01582922015939e-05	0.00043934278898237	0.00207507180463986	0.00825449253045705	0.029408776265758	0.0819309902671977	0.177693407425322	0.276197781533578	0.282743559764215	0.141160694991635	
4.30177218674853e-06	1.00374684357466e-05	8.89032918594697e-05	0.000503307345849579	0.00240325672833018	0.00939076868367205	0.0324353622880839	0.0869373819701256	0.180351798929432	0.27656523565825	0.276284186542049	0.135025459321725	
1.86646451420236e-05	0.000129216774060163	0.000653262579970826	0.00249675522322916	0.0108556447629877	0.0349344727381322	0.0912169922929373	0.184043451293891	0.277299197133111	0.269549062173369	0.128803280383171	
5.77137283645661e-06	1.73141185093698e-05	0.000161598439420785	0.00068823621074745	0.00286548661330071	0.0118241000986905	0.0379135910058926	0.0949679400238935	0.189970508284806	0.276147204635567	0.262976931822773	0.122461317373564	
1.15744759656007e-05	3.03829994097017e-05	0.000196766091415211	0.000781277127678044	0.00342170445733069	0.013193455791289	0.0401750060765999	0.100926536801046	0.193309663529984	0.276025209208653	0.256837621676679	0.11509080176395	
2.8929493039564e-06	3.18224423435204e-05	0.000199613501972991	0.000914171980050222	0.00368417093858847	0.0143519214969277	0.0428648298367219	0.106074325653517	0.199208489070438	0.275965666477661	0.247231447516114	0.109470648136362	
5.62024440857736e-05	0.000236338482822227	0.00110675582199677	0.00420941895319345	0.015412439474291	0.0465197717316117	0.110603527784183	0.204362174314042	0.27301129813235	0.240268330643302	0.104213742218123	
2.87592263192936e-06	6.75841818503399e-05	0.00029190614714083	0.00133730402384715	0.00489913420349166	0.0171908275323577	0.0503933543179821	0.114750750975297	0.20503315219814	0.272743874644284	0.234461030529357	0.0988282053236204	
1.86343861761523e-05	7.45375447046091e-05	0.000349753094383166	0.00143198090692124	0.00566628681187154	0.0190959455875924	0.0533058117783655	0.118658037512453	0.20944906720563	0.271117418134125	0.227408315236478	0.0934242118013001	
9.99132182333059e-06	1.2845985201425e-05	8.84945647209281e-05	0.000353978258883712	0.00168853338814287	0.00627169544167352	0.0209218278980543	0.0567949552388782	0.12371111948479	0.213014981273408	0.268208470357175	0.219954667945556	0.0889684388416918	
2.85463078205465e-06	1.99824154743825e-05	7.56477157244482e-05	0.000408212201833815	0.00188976557772018	0.00675976569190541	0.0230126060495336	0.0604111239252315	0.127609132534798	0.21533621841351	0.265564874339153	0.21415440126974	0.0847554152345936	
1.42279690570129e-06	5.69118762280516e-06	2.27647504912206e-05	6.26030638508567e-05	0.000537817230355087	0.00218541604715718	0.00784245654422551	0.0248889862714327	0.0639518753174616	0.133523798412443	0.217744838448525	0.262975552080769	0.20676796032104	0.0794888175277196	
7.12068130678743e-06	2.84827252271497e-06	2.27861801817198e-05	9.96895382950241e-05	0.000600985502292859	0.00221880429519496	0.00864023469765587	0.0270771027371899	0.0673730382523	0.137926172776211	0.221710957304395	0.259299609786664	0.199891765644137	0.0751288843316529	
2.84895820720758e-06	2.84895820720758e-06	2.42161447612644e-05	0.000139598952153171	0.000618223930964045	0.00268656758939675	0.00968645790450577	0.0294610768207336	0.0712082859100498	0.141235678643212	0.222529276606777	0.257075743827376	0.19357673882603	0.0717524369276265	
4.554019206576e-05	0.000138043707199335	0.000755682562091206	0.00309104053646346	0.0107916023885831	0.0317400907388327	0.0741622027790902	0.144464874280607	0.224599957875322	0.254441591857414	0.187649784537966	0.0681195885443647	
5.696666737875e-06	3.418000042725e-05	0.000155234168607094	0.000938525845064906	0.00358320337812338	0.012076933484295	0.0338552904231911	0.0773721276338183	0.149027650196179	0.225331652816646	0.251964993982896	0.181045765596405	0.0646087458076093	
4.28569591844606e-06	9.99995714304082e-06	4.99997857152041e-05	0.000157142183676356	0.000942853102058134	0.00403855412048234	0.0131028009879958	0.0354655622904473	0.0820810767953852	0.152606488829334	0.228650448640934	0.247607510253527	0.174767822423618	0.0605154549337646	
2.8666766044789e-06	1.14667064179156e-05	8.02669449254091e-05	0.000270900939123256	0.00111513719914229	0.00446484881147588	0.0139205815913495	0.0374287630863787	0.0851603618892545	0.157346145466638	0.228441158596016	0.243752078340538	0.170350823882856	0.0576545998692795	
2.86007647844503e-06	2.43106500667828e-05	9.86726385063537e-05	0.000287437686083726	0.00131134506536705	0.00479205813963465	0.0151040638826682	0.0400239102393598	0.0882133388246802	0.160247225010797	0.228394267262707	0.240818439485072	0.165406802977912	0.0552752680606679	
1.42619579386336e-06	1.85405453202237e-05	0.000128357621447703	0.000312336878856077	0.00150748895411358	0.00526266247935582	0.0161830436729676	0.0418688299204468	0.0920438241443538	0.163444890368329	0.230126674710411	0.237641300348277	0.159415887250665	0.0520447369096619	
7.14704326819995e-06	9.00527451793193e-05	0.000400234423019197	0.00176674909589903	0.00578767563858832	0.0170757157763833	0.0438899927100159	0.0954216040823911	0.167755399591189	0.230717991966723	0.231631384096399	0.154809245415172	0.0506468074157721	
1.00638334579332e-05	0.000129392144459141	0.000426994076715165	0.00174535625970441	0.00597360400253033	0.0183233653459083	0.0457918799240899	0.0988742883432055	0.171747944102594	0.230205877278739	0.228758122951291	0.150001437690494	0.0480116740468112	
2.88198972570663e-06	2.3055917805653e-05	0.000123925558205385	0.000442385422895967	0.00196983997752048	0.00665739626638231	0.0194764865663254	0.0488425208764131	0.102603157219745	0.174289769656971	0.23076091733733	0.225234702038287	0.144485672908576	0.0450872882638173	
5.77259719249736e-06	3.31924338568598e-05	0.000183279960861791	0.000575816569951611	0.00226574439805521	0.00731532379219227	0.0213456212685571	0.0519519315831781	0.10590118179496	0.17727934608019	0.230025009777337	0.221216026461586	0.138985379454461	0.0429163738276216	
1.44579706792355e-05	5.20486944452477e-05	0.000190845212965908	0.000733019113437238	0.00252436168059451	0.00811670473932279	0.0227467252696412	0.0549475175664344	0.110285400341208	0.179258595263569	0.229332330914033	0.216486423965532	0.134246595147905	0.0410649741202325	
1.31045950534522e-05	6.98911736184117e-05	0.000195112859684733	0.000891112463634749	0.0029761991432507	0.00896499908267835	0.024112454898352	0.0584217408144069	0.112714078120859	0.180965721291472	0.229461459385948	0.212221636560073	0.129789365475508	0.0392031241354607	
2.4752295047357e-05	5.67846768733483e-05	0.000203842429801763	0.00110366115564098	0.00340416857768945	0.00975386026601437	0.0264398191626444	0.0610639118818296	0.11546945639592	0.183874607785325	0.228475331425951	0.207252422448876	0.125010738127998	0.037866643370389	
1.89376006060032e-05	5.09858477853933e-05	0.000329222902842825	0.00125133837850437	0.00357046608348568	0.0108031727764708	0.0278659509224797	0.0631641817135615	0.119944935284392	0.186195945896732	0.225771160947754	0.203608341284698	0.12170613214075	0.0357192282199384	
4.38478537937163e-06	3.36166879085158e-05	8.62341124609754e-05	0.000355167615729102	0.00125258702337383	0.0040646960466775	0.0113185926592846	0.0293049822854671	0.0663637267167896	0.122790068168797	0.18761765840768	0.2252508097237	0.199519427522421	0.117518094547666	0.0345199536966664	
8.75968675360169e-06	2.9198955845339e-05	0.000121175666758157	0.000364986948066737	0.00149206664369682	0.00417399073809121	0.0125146724753123	0.0316516681363474	0.0691372876505936	0.125815380841981	0.188673433038035	0.223665461723089	0.195510368549221	0.114019002680464	0.0328225462657455	
2.91841710892846e-06	5.83683421785692e-06	1.8969711208035e-05	9.33893474857107e-05	0.000433384940675876	0.00149277035121691	0.00460818061499804	0.0135297817169923	0.0335997361750934	0.0724073876810695	0.128414730418516	0.191239495522419	0.221844935743751	0.191570735864282	0.109488795467115	0.0312489511938515	
1.45970271694467e-06	2.6274648905004e-05	9.1961271167514e-05	0.000430612301498677	0.00168741634078804	0.00503159526530827	0.0141751730842497	0.0352416026951951	0.0747980866216786	0.132580418671933	0.192415092742212	0.219911512821299	0.188002411428888	0.106603549121186	0.0290028332829736	
5.84324615697004e-06	2.62946077063652e-05	8.91095038937932e-05	0.000498136734881696	0.00180702387404299	0.00545320947599229	0.0151047913157676	0.0372039482814283	0.0779036185762639	0.135436220237791	0.192736552864578	0.220192505744641	0.184992790895054	0.10197925355452	0.026570701087282	
2.46956981546503e-05	2.1790321901162e-05	0.000114762362012787	0.000549116111909283	0.00204829025870923	0.00592260949273583	0.0164313554016029	0.0394027127498079	0.0812328673594052	0.137755509682893	0.194037005777341	0.219153983488747	0.179892181487233	0.097806586197429	0.0256065336101188	
4.35547657624697e-06	1.30664297287409e-05	4.06511147116384e-05	0.000178574539626126	0.000599603941996667	0.00213418352236102	0.00677131425053863	0.0176759757719356	0.041648518847599	0.0835162633495357	0.140886600811861	0.197438108677852	0.216233441929883	0.174958042242315	0.0933799659692097	0.0245213331242705	
7.25292546748731e-06	1.30552658414772e-05	4.49681378984213e-05	0.000207433668370137	0.000744150152964198	0.00261395433848243	0.00718764913827992	0.0193217934453862	0.0434464741353425	0.085752788387196	0.144408647227859	0.199564244237913	0.213357857891981	0.170762877206521	0.0895112543644479	0.0230555994760487	
1.73987933936782e-05	1.44989944947318e-05	5.94458774284003e-05	0.00027838069429885	0.000855440675189176	0.00290994819509267	0.00805564134127298	0.0203145411865687	0.0459067163692198	0.0883916700376829	0.147412726927388	0.198962451953957	0.211830309568031	0.167376392447184	0.0863342627188805	0.0212801742199179	
6.53380299277216e-05	0.000312170587432448	0.00102362913553431	0.00305927175683799	0.00862607190667987	0.0214381335973958	0.0476328757735297	0.0921266221980875	0.150641909845134	0.198559369037905	0.209717652593339	0.162880448828707	0.0831085221118413	0.0208079845976484	
8.71264815132127e-06	6.09885370592489e-05	0.000290421605044042	0.00108617680286472	0.00321206295178711	0.00897983602796179	0.0223711762365426	0.0499539681756005	0.0955603249236917	0.152244813796188	0.199510930017106	0.208021735152921	0.159002924545563	0.0798528724148847	0.0198430561646342	
1.597474247989e-05	7.98737123994499e-05	0.000310781353699678	0.00117486969693009	0.00327336995906109	0.00974604516204924	0.023748633070331	0.0519774552816129	0.0982054555197818	0.154606462219008	0.200282607716962	0.20703411478869	0.154655838695764	0.0761181956673594	0.0187703224138707	
1.44732462043912e-06	1.44732462043912e-05	7.67082048832733e-05	0.000343015935044071	0.00121141070730754	0.00359949633103209	0.0104974454720449	0.0255192277075825	0.0541950704123428	0.100907472537015	0.157292345100082	0.200434197386132	0.204441839260128	0.150557943641179	0.0733040973760005	0.017603809358401	
1.45022536502172e-06	4.06063102206083e-05	0.000114567803836716	0.000424916031951365	0.00135596071629531	0.00404032786695052	0.0116409590050294	0.0264869160667568	0.0566690063635889	0.103672260669308	0.160014966325767	0.201005586268106	0.200245668176835	0.146833867983085	0.0701952583431465	0.0172576818437585	
8.69899309154965e-06	2.31973149107991e-05	0.000163831036557518	0.000514690424583355	0.00150202614047424	0.0044698326168746	0.011745090505774	0.0281122460075246	0.0593807766750999	0.106693150267857	0.162128933575939	0.200440748983305	0.197514987640181	0.14366967023567	0.0676535191051636	0.0159786004769948	
7.25813709750001e-06	3.7742312907e-05	0.0001698404080815	0.000566134693605001	0.001666468277586	0.004633594723044	0.0124360921028565	0.0299659448207385	0.0619090061868361	0.110766430244948	0.163983091443818	0.200612006120061	0.194667591837209	0.137704280268609	0.0654364608162211	0.0154380576063825	
4.35010200989213e-06	1.01502380230816e-05	4.93011561121108e-05	0.000198654658451741	0.00062496465542117	0.00176324134800961	0.00520707210584088	0.014047929423945	0.0314773381435795	0.065319681746537	0.112866296714658	0.16590129038526	0.200461400819849	0.190519967693242	0.133735186090114	0.0634070868961877	0.0144060878227594	
1.45124611247448e-06	2.32199377995916e-05	1.88661994621682e-05	7.40135517361983e-05	0.00022058940909612	0.000647255766163616	0.00189968116122909	0.00584271684882224	0.0147998078550147	0.0335644200893097	0.0680242590300161	0.115931344448911	0.167838064153786	0.200488199192236	0.186598322649743	0.130075189061087	0.0605488903046601	0.0134037090948143	
4.35451563271112e-06	1.01605364763259e-05	3.4836125061689e-05	9.57993439196447e-05	0.000235143844166401	0.000708334542921009	0.00222660899352629	0.0061848637036607	0.0156689987517055	0.0354617238075885	0.0714430864806805	0.119027781809737	0.169839173222632	0.197499056521613	0.182841756901907	0.127169274537696	0.0583272853949546	0.0132217609661219	
1.60230032060573e-05	2.4762823136634e-05	7.13751960997097e-05	0.000231605228160282	0.000825912983439498	0.00238742747770253	0.00683599582236607	0.0167280153471238	0.0376846469039916	0.0740699739116375	0.120988240572283	0.170253148884289	0.196960581955476	0.180072336576292	0.123757306853621	0.0563208562692913	0.0127717901918827	
2.91407981373202e-06	2.18555986029901e-05	7.86801549707645e-05	0.00028849390155947	0.000948532979369772	0.002511936799437	0.00718320674084943	0.0181008067629964	0.0390763532622395	0.0755285776522133	0.123347170355649	0.170966148591844	0.195798479724561	0.177704958161099	0.121435533997841	0.0549610023268927	0.0120453489100613	
1.45961110121819e-06	1.60557221134001e-05	9.04958882755279e-05	0.000324033664470439	0.000947287604690606	0.00282726670305964	0.00750094144916029	0.018858175427739	0.0409727432222959	0.0764865409260357	0.123956013159854	0.171257630117032	0.196469492668373	0.177123807132828	0.118704332417671	0.0527240721982035	0.0117396520870979	
1.02024605419839e-05	1.60324379945461e-05	7.72472012464492e-05	0.000357086118969435	0.00103482099782979	0.00295142608535961	0.00788504450459038	0.0201644345140495	0.0423227213168753	0.0783228320864469	0.125736581213772	0.173973814656272	0.195780845317581	0.174204098765648	0.115655092703929	0.0505459045137143	0.0109618151051801	
1.16366513790159e-05	3.05462098699168e-05	0.000125094002324421	0.000432010682445966	0.00116511971932397	0.00330189982879577	0.00886858293223251	0.0213488915362271	0.0436519884855335	0.0810332764591997	0.130123944883001	0.17436067510033	0.194535719428699	0.171194051343815	0.111249296346237	0.0483182856885188	0.0102489807020683	
7.2800231795938e-06	2.62080834465377e-05	0.00012958441259677	0.000492129566940541	0.00114587564846806	0.00353663526064667	0.00949315022619032	0.0218808376685871	0.0456268172757862	0.0837916107924888	0.132644934341471	0.174398779285713	0.193446231932802	0.1682529837175	0.108941178868714	0.0467013486970943	0.00948441419837481	
1.45913616220925e-06	7.87933527592994e-05	0.000126944846112205	0.000490269750502308	0.00128112155041972	0.00388859787228765	0.0099075345414008	0.0231594091665852	0.0477648222699198	0.0859153963670428	0.133818836572372	0.175033596610135	0.191886619283652	0.167265155682533	0.105993109959042	0.0444730110879757	0.00891532195109851	
1.4579618568019e-05	5.68605124152742e-05	0.00012246879597136	0.000454884099322194	0.00150753255993317	0.0041420696351742	0.0109901164765727	0.0243567107797326	0.0499060343583291	0.0875564413483814	0.135258037379226	0.176637910798978	0.192628836444381	0.163466683384629	0.102147723611255	0.0422881836565392	0.00846492654059184	
1.16432733898808e-05	6.40380036443446e-05	0.000146996326547246	0.000570520396104161	0.00176250050939321	0.00421195414878939	0.0113754781019136	0.025718535509073	0.0521138362839329	0.0902935851385258	0.136987477659469	0.179060446053804	0.191018087825211	0.158955423727827	0.0990114860891991	0.0404138019362764	0.00828418901690021	
1.16373792621902e-05	4.80041894565344e-05	0.000173106016525079	0.000525136739206331	0.00166123588967764	0.00467095310136157	0.012056324915629	0.0274322122657977	0.0535843128127546	0.0932663214244152	0.140060223437682	0.179617130222274	0.188698650064006	0.156458745490516	0.0941013033864774	0.03953217735366	0.00810252531129989	
1.4530427441584e-05	6.53869234871282e-05	0.000180177300275642	0.000626261422732272	0.00180177300275642	0.00502026268106729	0.0127460909517575	0.0291175235501903	0.0551269886706257	0.0962902365698892	0.142419984568686	0.179228463363707	0.18749337049248	0.152428542990449	0.092005213517366	0.0378067191602575	0.00762847440683163	
2.88563229253386e-06	3.46275875104063e-05	5.33841974118764e-05	0.000236621847987776	0.000662252611136521	0.00204591329540651	0.00543797405528006	0.013356149065993	0.0297306695099764	0.0570806923786123	0.0976858671830025	0.143742001387989	0.180940687271043	0.185485558131784	0.149347342116236	0.0904963143261544	0.0365840462047443	0.00707701319743929	
1.00745806815598e-05	1.72707097398168e-05	4.17375485378905e-05	0.000220201549182664	0.000702342196085881	0.00213149342705572	0.00597710479578825	0.0140857030186322	0.030691490433466	0.0594544182793192	0.0989640452607733	0.146300182205988	0.181045971750876	0.183037860274201	0.147310518725767	0.0880604705117023	0.035088325288061	0.00686078944414221	
4.31204238450194e-06	1.14987796920052e-05	7.90541103825357e-05	0.000336339305991152	0.00082072540051687	0.00248373641347312	0.00655717911936596	0.0153034384225974	0.0323288191040726	0.060896099901398	0.102119225097237	0.147766505779574	0.180053641807263	0.181505362743379	0.144693456906886	0.0851700238312209	0.0332731563862785	0.00659742484828798	
2.85775114988762e-06	1.57176313243819e-05	6.71571520223591e-05	0.000314352626487638	0.00101735940935999	0.00260769792427245	0.00676286809620905	0.0163449077017822	0.0335128477347321	0.0633377676105342	0.103622056694925	0.149493249277346	0.180198356507314	0.180861354774088	0.14138723814069	0.082670454139524	0.0316167298467817	0.00616702698145748	
1.70538361183195e-05	8.24268745718777e-05	0.000315495968188911	0.000942224445537153	0.00289488868108474	0.00722940536115761	0.0168534535439293	0.0345794950359125	0.0654398326450216	0.106882075565548	0.15059816330185	0.181168585696948	0.179498730910362	0.137027573210697	0.0801047105537665	0.0304823109084863	0.00588357346082023	
