# <P(N_2)> as a function of N_tot.
# number_of_species: 2
# species_total_upper_bound: 100
# species_total_lower_bound: 0
# volume: 512
# Bin widths for each species index 
1	1	1	1	1	1	1	1	1	1	1	1	1	1	1	1	1	1	1	1	1	1	1	1	1	1	1	1	1	1	1	1	1	1	1	1	1	1	1	1	1	1	1	1	1	1	1	1	1	1	1	1	1	1	1	1	1	1	1	1	1	1	1	1	1	1	1	1	1	1	1	1	1	1	1	1	1	1	1	1	1	1	1	1	1	1	1	1	1	1	1	1	1	1	1	1	1	1	1	1	1	
# Bin lower bound for each species index 
0	0	0	0	0	1	2	2	3	4	5	6	6	7	8	9	10	11	12	12	13	14	15	16	17	18	18	19	20	20	21	21	22	23	23	24	25	26	28	29	30	31	31	32	34	34	35	35	36	36	37	38	41	41	42	43	44	44	47	48	48	48	49	50	51	52	54	54	55	56	57	57	57	58	59	62	62	63	64	65	66	66	66	67	68	69	71	72	72	73	74	76	77	78	79	79	81	82	83	83	84	
# Bin upper bound for each species index 
0	1	2	3	4	5	6	7	8	9	10	11	12	13	14	15	16	17	18	19	20	21	22	23	24	25	26	27	28	29	30	31	32	33	34	35	36	37	38	39	40	41	42	43	44	45	46	47	48	49	50	51	52	53	54	55	56	57	58	59	60	61	62	63	64	65	66	67	68	69	70	71	72	73	74	75	76	77	78	79	80	81	82	83	84	85	86	87	88	89	90	91	92	93	94	95	96	97	98	99	100	
# Normalized histogram for each species index 
1	
0.0493277361617266	0.950672263838273	
0.00226004434399803	0.0969391216175205	0.900800834038481	
7.86497974767715e-05	0.00680678247253513	0.136521748456498	0.85659281927349	
4.29813281946768e-05	0.000336687070858301	0.0129302162318986	0.16980131881042	0.816888796558628	
5.01808302059923e-05	0.00103229136423756	0.0209684183360754	0.2013398281665	0.776609281302981	
4.32049426454386e-05	0.00205943559943258	0.0312695772396362	0.231286859216694	0.735340923001591	
7.24910835967176e-06	0.000163104938092615	0.00335996172470786	0.0411024443993389	0.258967147040914	0.696400092788587	
7.25305172151183e-06	0.000420676999847686	0.00498284653267862	0.0520442726277081	0.280845415708659	0.661699535079385	
1.09165141387052e-05	0.000807822046264187	0.00803819324413328	0.061514557171604	0.300702659626728	0.628925851397132	
2.91691885860965e-05	0.00115582909772407	0.0105483078224471	0.0763685818669739	0.317163879793774	0.594734232230495	
0.000113354224638821	0.00157233279337719	0.0137670534117793	0.0887673276558712	0.329381780685171	0.566398151229162	
1.09803232607168e-05	0.000230586788475053	0.00196913797142188	0.0183444600609042	0.0999978039353479	0.340569366362146	0.538877664558445	
3.29962824188475e-05	0.000315297809780098	0.00280101775199994	0.0219571928229419	0.10973463656428	0.351516729115186	0.513642129653392	
2.56616113292348e-05	0.000384924169938522	0.00378692064329994	0.0253096806595767	0.119638097961368	0.36337208236644	0.487482632588047	
2.91984656206316e-05	0.000536521805779106	0.00479219816998617	0.0299211276447423	0.134506381689642	0.367042961892353	0.463171610331877	
3.27485890816204e-05	0.00080052106643961	0.00613490235462355	0.0363909599339206	0.145531091146601	0.371933003664203	0.43917677324513	
0.000159834353488203	0.00108251448498828	0.00769021196214832	0.0414261583449879	0.158392211707866	0.378040939390087	0.413208129756434	
0.000268476829361207	0.00142945771308534	0.00970507457488145	0.0484854641565292	0.169470556436369	0.37602356791194	0.394617402377834	
3.62267650585606e-06	0.000253587355409924	0.00172077134028163	0.0117700759675263	0.0541191643209836	0.179739094838048	0.375950499748224	0.37644318375302	
1.82040602335945e-05	0.000334954708298139	0.00241385838697463	0.0141336323653628	0.0616972009436985	0.190785832872164	0.37593204788396	0.354684268779309	
4.0374677002584e-05	0.000469814423302795	0.002973044397463	0.0167665022316185	0.0667320002349072	0.199377495889124	0.37816390650693	0.335476861639652	
2.95318464048668e-05	0.000649700620907071	0.00373947005101626	0.0187822543134953	0.073331266104085	0.207771305381441	0.375117204515419	0.320579267167231	
6.65053296632244e-05	0.000690916480390165	0.00438935175777281	0.0216807374702112	0.0800169958064695	0.216049952892058	0.368343463080305	0.30876207718313	
8.08404466802136e-05	0.000764309677703837	0.00515174119298452	0.0245240518701702	0.0871900963103685	0.223149029363455	0.368819839715442	0.290320091423196	
0.000106145455876432	0.000933347974085868	0.00609787343069434	0.027912594707368	0.0954979685955858	0.229643863694594	0.361699791369276	0.278108414772519	
7.32311027139447e-06	0.000139139095156495	0.00114606675747323	0.00727184849949471	0.0309547871171844	0.100982029087394	0.237411573443473	0.358656648651815	0.263430584237737	
1.83447192891054e-05	0.000190785080606697	0.00150059803784882	0.00793592556446701	0.0334240785447501	0.107279918402689	0.244226916839719	0.354893270423176	0.250530162387455	
3.3229460501248e-05	0.000310141631344981	0.00202330492829821	0.0092525586684586	0.0368256265599386	0.115494528215504	0.247751473172749	0.35084772045901	0.237461416904196	
7.40628274965653e-06	7.40628274965653e-06	0.00027773560311212	0.00243296388326217	0.0110316581556134	0.0420232483215512	0.12130380201525	0.253987357475346	0.34565862220922	0.223269799771146	
1.11063394985858e-05	3.33190184957574e-05	0.00042204090094626	0.00315790253076456	0.0122576966932725	0.045958032845148	0.127652564083579	0.258525966621748	0.337662337662338	0.21431903330421	
3.69956567099023e-06	1.10986970129707e-05	7.02917477488143e-05	0.000665921820778241	0.00354788347847963	0.0145651900466885	0.0502401018120473	0.134582799979282	0.260016574054206	0.333460351754704	0.202836087043381	
1.47551929057033e-05	7.37759645285163e-06	0.000132796736151329	0.000796780416907976	0.0039728356898606	0.0161311146441601	0.0544060850415543	0.141214573704033	0.263874492329144	0.327130004315894	0.192319184332936	
3.68878461924365e-06	4.42654154309238e-05	0.000188128015581426	0.00099966063181503	0.0045040060200965	0.0178537175571393	0.0591939267850029	0.145747569090936	0.270332580821271	0.318515485517832	0.182616971360276	
1.47987554246688e-05	3.6996888561672e-06	4.80959551301736e-05	0.000247879153363202	0.00129489109965852	0.00479109706873652	0.0197748369362137	0.0625802370020681	0.153514889397802	0.271612657375515	0.312338832304203	0.173778085263029	
1.84675617278251e-05	3.69351234556502e-06	5.54026851834752e-05	0.000269626401226246	0.00128903580860219	0.00566215442575117	0.0213595818944025	0.0675728083621119	0.15895030379139	0.273153705516261	0.305431309904153	0.166233910136845	
3.29955565983781e-05	3.29955565983781e-05	5.13264213752548e-05	0.000326289393028406	0.0016057837544544	0.00625449106187033	0.0238924491501811	0.0723409247554663	0.163331671334927	0.274893314366999	0.298646448944875	0.158591309703627	
1.10692937790569e-05	1.10692937790569e-05	7.74850564533983e-05	0.000346837871743783	0.00200723193860232	0.00726145671906132	0.0271160799940964	0.0770016972917128	0.171507637812708	0.276507268836248	0.289760903254372	0.148391262637444	
7.39237624238123e-06	8.50123267873842e-05	0.000524858713209067	0.00225837094204747	0.00850123267873842	0.0304455015542471	0.0824508684193991	0.177860572391692	0.276622718989906	0.282296367755933	0.138947103851798	
7.40823054413453e-06	0.000114827573434085	0.000603770789346965	0.00264103418898396	0.0096529243990073	0.0333555580249657	0.0874837944956847	0.18106085861392	0.276949290661925	0.273537800496351	0.134592732525836	
1.85363683547119e-05	0.000103803662786387	0.000804478386594498	0.00251353154889894	0.0112182101282717	0.0350596871061022	0.0911952250315118	0.184221843256469	0.27616223029584	0.268892266627122	0.129810187588048	
2.22511487155524e-05	0.000133506892293315	0.000645283312751021	0.00275172539115665	0.0117374809474539	0.0382868098898939	0.095453719464934	0.189538993283862	0.274186071522609	0.263064205689619	0.124179952456712	
1.48479752929691e-05	4.82559197021496e-05	0.000159615734399418	0.000705278826416033	0.00312549879917	0.013481961566016	0.0405312605559824	0.101237207541287	0.191323585637554	0.275452213647516	0.257935314795636	0.115984959001028	
7.46686578308755e-06	2.24005973492626e-05	0.000190405077468733	0.000724285980959492	0.00355422811274967	0.0145753220085869	0.0433563561694979	0.105667351129363	0.198906104162778	0.27509053574762	0.248026880716819	0.109878663431025	
4.08896092068531e-05	0.000189579097231773	0.000903288639751391	0.00404807131147846	0.0159172096930677	0.0468297542534487	0.11068073764855	0.204083756788604	0.273242954906196	0.240683674265939	0.103380083786527	
7.43701775587989e-06	6.32146509249791e-05	0.000290043692479316	0.00130891512503486	0.00501254996746305	0.0174472436552942	0.050277958538626	0.114191689132658	0.205626103932323	0.273024077344985	0.234117318955099	0.0986334479873571	
2.96993681459427e-05	9.28105254560709e-05	0.000367529680806041	0.00140700756591404	0.00569114142096627	0.0192080663483884	0.0537075948709191	0.118556165217585	0.210171291105782	0.270293949496224	0.226513368428087	0.0939613759717262	
2.58748470611718e-05	2.21784403381473e-05	0.000114588608413761	0.000306801758011037	0.00174840037999061	0.00649828301907716	0.0210029830002255	0.0577600514539816	0.124750030495355	0.212158960274717	0.26539830630644	0.220982283122577	0.0892312582938126	
7.39196641090463e-06	4.43517984654278e-05	5.54397480817847e-05	0.000436126018243373	0.00185538356913706	0.00675256131636138	0.0228966159577771	0.060614124569418	0.127674043849145	0.212629913809672	0.263996688399048	0.217194453068405	0.0858429059298355	
3.66840549086934e-06	1.46736219634774e-05	3.3015649417824e-05	4.40208658904321e-05	0.000627297338938657	0.00215702242863117	0.00781003529006082	0.0245159538954798	0.0642007644957043	0.131072128188761	0.216564318153471	0.264414999376371	0.207804165841275	0.0807379364485433	
1.83365789078e-05	3.66731578156e-06	1.100194734468e-05	8.80155787574401e-05	0.00056109931457868	0.00233608015285372	0.00894825050700641	0.0271234675204178	0.0666021219089112	0.136673524547178	0.221535211732477	0.25856776649467	0.20113760135544	0.0763938550456764	
7.3591098420735e-06	3.67955492103675e-06	1.4718219684147e-05	0.00014718219684147	0.000680717660391799	0.00270447286696201	0.0101224555877721	0.029131036309848	0.0702500625524337	0.140673064186156	0.221950752836937	0.256634237522629	0.195836951562339	0.0718433098332426	
3.6932395250494e-05	0.000118183664801581	0.000720181707384632	0.00317249275201743	0.0109098295569959	0.0312965117352686	0.0724650527209942	0.143460196111019	0.225003231584584	0.256783557697635	0.18843646704707	0.0675973630269791	
7.41446487953348e-06	1.85361621988337e-05	0.000189068854428104	0.000897150250423551	0.00362196609365211	0.0115183711903553	0.0335615752772083	0.0766915174814546	0.148018669622567	0.225496120381252	0.25445331296827	0.181828629473239	0.0636976677800721	
3.72012737716139e-06	5.20817832802595e-05	0.000204607005743877	0.00108255706675397	0.0040660992232374	0.0127525966489093	0.0349543168358085	0.0807751257403053	0.152156929853278	0.2288733966251	0.249654028153924	0.175147317044136	0.0602772238921461	
7.49060864940581e-06	9.36326081175726e-05	0.000295879041651529	0.00128089407904839	0.00455054475451403	0.0136516342635421	0.03775641289733	0.0833667289635619	0.157152969464534	0.229542211452392	0.244976610574492	0.170081759993408	0.0572432312987592	
2.24687123180971e-05	0.000123577917749534	0.000355754611703203	0.00142301844681281	0.0049543510661404	0.0150390581115796	0.039204158209693	0.0868265939678997	0.159621477093148	0.229854927014133	0.242276380140654	0.165380957017353	0.0549172776908155	
3.74041518608566e-06	3.74041518608566e-06	0.000194501589676454	0.000288011969328595	0.00139891527959604	0.00516925378717038	0.0161473723583318	0.0416457826818777	0.0906788853562746	0.162928745090705	0.23081728071816	0.239599775575089	0.15860482513559	0.0525191696278287	
0.000109044693283599	0.000447459258646492	0.0016883126649771	0.00581321020056703	0.0170485737706151	0.0444939950215457	0.0939514036684139	0.168372526753551	0.230464079173968	0.232840501455183	0.153907184165206	0.0508637091740428	
0.000143619514112507	0.000449755846826009	0.00184437691807641	0.0060169017491345	0.0189728937064417	0.0458561990717644	0.0973551332637912	0.172332078552315	0.230082241069134	0.229144934766505	0.149719564001391	0.0480823015405083	
1.89350188024737e-05	0.000121184120335831	0.000408996406133431	0.00210557409083507	0.00674465369744112	0.0202566831148863	0.0475837022506163	0.1016507549392	0.173884064666876	0.231529835909127	0.225463055884814	0.145046031030709	0.0451865288702232	
3.7773479995165e-06	2.2664087997099e-05	0.000147316571981143	0.000649703855916838	0.0023570651516983	0.00766801643901849	0.021969055965188	0.0506920101535114	0.104681645110601	0.176353046053427	0.231441889278375	0.220842650791732	0.139724102502115	0.0434470566904388	
1.13240878447241e-05	1.50987837929655e-05	0.000154762533877896	0.00082665841266486	0.00261208959618303	0.00858365858630087	0.0227349936962578	0.0550577151010486	0.10918685499883	0.180913627407312	0.228221891726621	0.216716618476382	0.13427725896679	0.0406874476260937	
3.79730011961495e-06	7.59460023922991e-05	0.000224040707057282	0.0010404602327745	0.00318973210047656	0.00974387210693197	0.024131842260153	0.0588429626535533	0.113262070667755	0.183512122880632	0.229011372913858	0.207864208547723	0.129510717879588	0.0395868537469859	
1.13823482543272e-05	7.96764377802903e-05	0.000223852849001768	0.00114961717368705	0.00358923381619784	0.0102744663575727	0.0266840184242277	0.0624587389875781	0.117264745832163	0.185748541162365	0.224968319130692	0.204578739291107	0.124526684018424	0.0384419841709477	
3.77572210685294e-06	6.0411553709647e-05	0.000317160656975647	0.00118935246365867	0.00359826316783085	0.0109458183877667	0.0278610534264678	0.0638814423258448	0.121329054181612	0.184723428355673	0.223696431942609	0.203530300169908	0.122031338493487	0.0368321691523504	
6.85588920883039e-05	0.000319941496412085	0.00112741289211877	0.00384691561162149	0.0112398494751436	0.0293660587778235	0.0666735225558755	0.1238097414568	0.185147096911803	0.225821564056858	0.199765376235964	0.117932720873897	0.0348812407635937	
3.81927204674789e-06	0.000164228698010159	0.000412481381048772	0.00140549211320322	0.00420119925142268	0.0128289348050262	0.0327349807126762	0.0693427032807547	0.1260130619104	0.188744605278234	0.223297559485162	0.193908261085437	0.113191765649467	0.0337509070771111	
2.28206298493838e-05	8.36756427810741e-05	0.000498250418378214	0.00143009280389472	0.00474288757036361	0.0137760535524114	0.0347139814392211	0.0722082762817587	0.128807241746539	0.191419443176632	0.220150616157006	0.190445762969725	0.109177696637761	0.0325232009736802	
2.2839480325691e-05	0.000102777661465609	0.00049866198711092	0.00163302284328691	0.00491810143013213	0.0148494687917534	0.0360863789145918	0.0753207995340746	0.1312623000118	0.191577560971896	0.219403661168696	0.18814021918288	0.106713665241737	0.0294705427802499	
3.04381572739586e-05	9.51192414811207e-05	0.000479400977064849	0.00171214634666017	0.00565769248329706	0.0159343753329173	0.0386108025020165	0.0781918212671405	0.133798529837004	0.191783219443895	0.221388132162479	0.184215532591657	0.10137047803126	0.0267323116258542	
7.59116995111287e-06	3.41602647800079e-05	0.00010627637931558	0.000493426046822336	0.00206859381167826	0.00624753286976589	0.0172888895636596	0.0402635654207026	0.0816885798439256	0.136128655148331	0.194762851850727	0.220629763459144	0.179071903561777	0.0960282998815778	0.0251799107278414	
7.5810700680401e-06	1.89526751701003e-05	6.44390955783409e-05	0.000181945681632962	0.000545837044898888	0.00214923336428937	0.00725508405511438	0.0177321228891458	0.041779277144969	0.084123344010007	0.140208100373368	0.200284290127552	0.215400943843223	0.174106855182609	0.0917044140780471	0.0244375793643273	
1.51734131454865e-05	1.51734131454865e-05	4.55202394364594e-05	0.000204841077464067	0.000789017483565297	0.00260982706102367	0.00719978453753333	0.0191412606830312	0.0428800655491448	0.0854870096616708	0.146021341405589	0.20064562872934	0.213072654095494	0.170029474355035	0.0891931158224559	0.0226501124729249	
4.56946152703788e-05	2.66551922410543e-05	6.47340382997034e-05	0.000335093845316112	0.000982434228313145	0.00287114499282214	0.00804606017219254	0.020463571871918	0.0457212704626199	0.0879469028570558	0.149147224242517	0.198741113349301	0.210724526203958	0.167070937082323	0.0867778822830553	0.0210347545627977	
5.7381344942217e-05	0.000489654143506918	0.00107876928491368	0.0032171807397603	0.00884437796709371	0.0216327670432158	0.0471521638505178	0.0930572398042914	0.151616815029322	0.197728463824887	0.209158827737377	0.161834519852033	0.0830728857843456	0.0210589535937936	
1.54029211639988e-05	6.93131452379944e-05	0.000338864265607973	0.00116677127817291	0.00343870214986272	0.00901841034152127	0.0222187137790682	0.0502058215340539	0.0963529733413942	0.152392651266313	0.199540992949313	0.206996006792688	0.157283078735882	0.0809076941441945	0.0200546033555264	
3.09844535504311e-05	9.29533606512932e-05	0.000340828989054742	0.0011967745183854	0.00335794015352797	0.00946187750296289	0.0244351146812087	0.0525496332215311	0.0989294871298326	0.154368420644941	0.201464790041597	0.205086098050303	0.153148407786393	0.0767058878207859	0.0188308016452745	
1.54034549949554e-05	6.16138199798215e-05	0.000396638966120101	0.00123227639959643	0.00349273342010613	0.0108209271339561	0.0262205312651628	0.0544473625434185	0.10036506188338	0.15905222541416	0.198227062330081	0.202416802088708	0.15102317449804	0.0746720989517949	0.0175560878305004	
1.53659988859651e-05	0.000115244991644738	0.000537809961008778	0.00124848740948466	0.00386839021954171	0.0119509056335593	0.0266638495668709	0.0562088239248603	0.103651345485277	0.1606399938536	0.197906382651787	0.200418723469643	0.147187061828938	0.0722086702648714	0.0173789447400265	
1.92312869961884e-05	0.000169235325566458	0.000553861065490225	0.00143080775251641	0.00420011307996754	0.0120195543726177	0.0285046135857504	0.0583900335778271	0.106137472931964	0.161735123637944	0.199355367259888	0.197759170439204	0.144315423876797	0.0690980141773048	0.016311977630167	
7.7254080946826e-06	3.8627040473413e-05	0.000173821682130359	0.000471249893775639	0.00183092171843978	0.00431850312492757	0.0132683884026174	0.0297621346847647	0.0613590537920166	0.109693069536398	0.163492811507768	0.200315969191073	0.194220622204368	0.138477940097186	0.0667900156825784	0.0157791460333892	
3.86823252719367e-06	1.1604697581581e-05	6.18917204350988e-05	0.000170202231196522	0.000564761948970276	0.00185675161305296	0.00524532330687462	0.0142776462578719	0.0311237989138003	0.0643596527874484	0.111996936359838	0.164720945705488	0.200037908678767	0.191338253725108	0.135887140447787	0.0636401615373903	0.0147031518358632	
1.93676838574229e-05	3.09882941718766e-05	5.81030515722686e-05	0.000158815007630867	0.000588777589265655	0.00196775667991416	0.00619765883437531	0.014812404614157	0.0327894887706169	0.0668301299184233	0.115942702644076	0.165547214539708	0.201141143932879	0.18791301585826	0.131804835723306	0.0601637731346984	0.0140338237230886	
1.94260760103502e-05	1.16556456062101e-05	6.99338736372608e-05	0.000217572051315922	0.000668257014756047	0.00259920897018486	0.00659709541311493	0.015529205162674	0.0353438026932312	0.0701436752581726	0.118405818498287	0.169344875012627	0.197023148112174	0.184186397084535	0.127722564552851	0.0582510315246361	0.013866333056188	
3.90062761098261e-06	3.90062761098261e-06	3.12050208878609e-05	0.000175528242494217	0.000776224894585539	0.00266022803069014	0.00675588702222188	0.0164216422422368	0.0366541976604036	0.0729300344425418	0.120498188158475	0.170110270742562	0.197087011300118	0.181422090814412	0.125518295893809	0.0560169131213212	0.0129344811580183	
2.33638491162624e-05	7.00915473487872e-05	0.000214168616899072	0.000848886517890867	0.00258949327705242	0.00707924628222751	0.0176825398061579	0.039114977395476	0.0748344087193885	0.121340150385309	0.170996117707072	0.195937026638682	0.178484231348834	0.122594010287882	0.0563808618923939	0.0118104257282706	
1.94883907656209e-05	7.79535630624837e-05	0.000233860689187451	0.000919852044137307	0.00258416061552133	0.00714054637652351	0.0183775524919805	0.0413738535954132	0.075451253688178	0.121907679595265	0.171123661634764	0.196337741607325	0.17871633867705	0.120126440679287	0.0538230376164919	0.0117865787350475	
1.93988678820704e-05	1.55190943056563e-05	5.81966036462112e-05	0.000318141433265955	0.000903987243304481	0.00277015833355965	0.00759659666261877	0.0200623091636372	0.0424524824731229	0.0772230132649459	0.125219692178764	0.172130034491187	0.19518364908224	0.175179536522249	0.117176921554858	0.0526640465262447	0.0110263165041688	
2.30815393848e-05	1.9234616154e-05	0.0001615707756936	0.0003000600120024	0.0011079138904704	0.00324680320679521	0.00874020958037761	0.0218351362580208	0.0432124886515765	0.0803853078307969	0.129560527490113	0.172407558434764	0.194211919306938	0.171530459938141	0.113391909151061	0.0496060750611661	0.0102597442565436	
1.1585650785314e-05	1.93094179755234e-05	0.000131304042233559	0.000393912126700677	0.00109291305741462	0.00351045218795015	0.00965470898776169	0.0224259580367729	0.0451647286447492	0.0829764309244191	0.130153200922218	0.171838372447778	0.192819986019981	0.171027376892806	0.111859458332207	0.0470338803047799	0.00988642200346797	
6.17898988962779e-05	9.65467170254343e-05	0.000490457322489206	0.0012010411597964	0.00380780251948313	0.0105158684184103	0.023113284055889	0.0473889905847642	0.085378192799932	0.130936657629894	0.173648925241946	0.191683851982297	0.169593963126878	0.107746136200385	0.0452417915981185	0.00909470074379591	
1.92334323213983e-05	0.000153867458571187	0.000361588527642289	0.00138480712714068	0.00428905540767183	0.0112015509839824	0.0242918250219261	0.0494991614223508	0.0858118816451509	0.132429874905756	0.175570463602653	0.194230739640873	0.166199935375667	0.102902709605945	0.0430675016540752	0.00858580418827222	
4.21467242416463e-05	0.000153260815424168	0.00046361396665811	0.0014598092669152	0.00417252569992299	0.0115788546052959	0.0251884150149621	0.0510358515362481	0.0887801588548352	0.134961474062523	0.180648523140467	0.19204729628764	0.160042606506688	0.100247899368949	0.040920637718253	0.00825692643097708	
4.95799056456257e-05	0.000141112039145242	0.000392825406269188	0.00136535432470262	0.0044812607025854	0.0114910965930977	0.0266358508483885	0.0520360178945321	0.0920470017505521	0.139842030792935	0.181569242152073	0.189795692650351	0.15712634866878	0.0956968455738493	0.0394198388271683	0.00790990186992521	
3.7916992120849e-06	2.65418944845943e-05	0.000132709472422972	0.000542212987328141	0.00165318085646902	0.00475099911274238	0.0119628110141279	0.0280547824702162	0.0538990042997869	0.0961650754168973	0.142704391546027	0.181660309250988	0.187981071837533	0.153669985667377	0.0925288358725079	0.0367756906580115	0.00748860594386769	
1.86537234697418e-05	0.000238767660412695	0.000596919151031737	0.00189521830452577	0.0051148509754032	0.012930761109225	0.0290886163787154	0.0559723626433072	0.0975850889596072	0.144808855295606	0.181079155210172	0.186481273527009	0.151139929041236	0.0898811011666039	0.0359979555519077	0.00717049130176875	
1.85772777600262e-05	0.000267512799744377	0.000709652010432999	0.0022701433422752	0.00582954976109621	0.0139961210644037	0.0298759780936741	0.0593432560766276	0.0991395004941556	0.146021118649358	0.180838652627199	0.185070556500933	0.147845407325392	0.0869528062835784	0.0348881276333291	0.00693304006004176	
6.30774368298022e-05	0.000367333308597084	0.00077548142926051	0.00247857222366517	0.00677896924047345	0.0154094467737746	0.0324180920930578	0.0621609587770398	0.101510148046455	0.147823828429372	0.181355051760603	0.180483098957367	0.144135653593559	0.0842751660420764	0.03339764758265	0.00656747430522059	
3.67499788687622e-06	4.40999746425146e-05	0.000352799797140117	0.00105839939142035	0.00250634855884958	0.00693472101253542	0.017040965201445	0.0342142303268176	0.0637942883182842	0.102198016236141	0.149120389255776	0.179005472071854	0.181034070905409	0.141516818627829	0.0828859023406062	0.0316049818271354	0.00668482115622784	
7.31783172645945e-06	9.87907283072026e-05	0.000270759773879	0.00107572126378954	0.00258685351530342	0.00754102559411646	0.0169663928577962	0.0343608788715903	0.0655055706994018	0.104012001244031	0.148559301878853	0.181687126104535	0.179714970454254	0.138241159144545	0.0819377618411665	0.0305921955324637	0.00684217266423959	
