# <P(N_2)> as a function of N_tot.
# number_of_species: 2
# species_total_upper_bound: 100
# species_total_lower_bound: 0
# volume: 512
# Bin widths for each species index 
1	1	1	1	1	1	1	1	1	1	1	1	1	1	1	1	1	1	1	1	1	1	1	1	1	1	1	1	1	1	1	1	1	1	1	1	1	1	1	1	1	1	1	1	1	1	1	1	1	1	1	1	1	1	1	1	1	1	1	1	1	1	1	1	1	1	1	1	1	1	1	1	1	1	1	1	1	1	1	1	1	1	1	1	1	1	1	1	1	1	1	1	1	1	1	1	1	1	1	1	1	
# Bin lower bound for each species index 
0	0	0	0	0	1	2	3	4	5	5	6	7	8	8	9	10	11	12	13	13	14	15	16	17	18	19	20	20	21	22	22	23	24	25	24	25	26	28	30	30	31	31	32	34	34	35	35	36	38	40	41	42	43	43	44	45	46	47	48	49	50	51	51	52	53	54	55	56	56	57	57	57	58	59	62	62	63	64	66	66	67	68	68	69	70	71	72	72	73	74	76	77	78	79	79	82	83	83	83	84	
# Bin upper bound for each species index 
0	1	2	3	4	5	6	7	8	9	10	11	12	13	14	15	16	17	18	19	20	21	22	23	24	25	26	27	28	29	30	31	32	33	34	35	36	37	38	39	40	41	42	43	44	45	46	47	48	49	50	51	52	53	54	55	56	57	58	59	60	61	62	63	64	65	66	67	68	69	70	71	72	73	74	75	76	77	78	79	80	81	82	83	84	85	86	87	88	89	90	91	92	93	94	95	96	97	98	99	100	
# Normalized histogram for each species index 
1	
0.0503264310468687	0.949673568953131	
0.0025556569705147	0.0960117464978769	0.901432596531608	
0.00012747480380831	0.00716249053897941	0.137354101103454	0.855355933553758	
8.02484491987192e-05	0.000425316780753212	0.0132008698931893	0.173136029146237	0.813157535730622	
7.24083832817088e-05	0.00105394424554487	0.0206122531075265	0.20169757431916	0.776563819944487	
4.04992750629764e-05	0.00218696085340072	0.0319863274447387	0.23145335698491	0.734332855441888	
0.000179562520404832	0.00372184133202742	0.0413238654913484	0.25907606921319	0.69569866144303	
0.000416952810752477	0.00507701363680958	0.0506720298243893	0.28080545472383	0.663028549004219	
0.000808367831859491	0.00774889972156219	0.0607990593537957	0.300680172125191	0.629963500967592	
1.63154760448023e-05	0.00128892260753938	0.0106947945473679	0.0766990528866156	0.317833631090771	0.593467283391661	
0.000146516568581964	0.00148958511391663	0.0134144058346154	0.0877390051524993	0.331249542135723	0.565960945194664	
0.000211406176312751	0.00204088270209617	0.0177499878034898	0.0984014440668044	0.340981900378905	0.540614378872392	
0.000356125356125356	0.00242003367003367	0.0219988344988345	0.107218013468013	0.354247604247604	0.513759388759389	
8.08512014488535e-06	0.000388085766954497	0.00367064454577795	0.0259208951845024	0.118915947090974	0.362399340254196	0.48869700203745	
2.40961919984578e-05	0.00063453305595939	0.0048031742716926	0.0301202399980723	0.133163589047478	0.365458911976611	0.465795455458189	
4.76939953259885e-05	0.000850542916646794	0.00641484237134545	0.0355399755170824	0.14375765091175	0.368865359851195	0.444523934436654	
0.00017357412798725	0.0011203420988268	0.00849724253828493	0.0406873535468295	0.156358730384151	0.378375819546025	0.414786937757896	
0.000276697340543275	0.00156531638364482	0.0102378016001012	0.0467855674667173	0.168911867944218	0.375470385478924	0.396752363785852	
0.00021422620700599	0.0019359701670171	0.0116237553060658	0.0530804935137065	0.178291744356726	0.376165350894593	0.378688459554886	
2.39263069745185e-05	0.000398771782908641	0.00227299916257926	0.0136619212824501	0.0620090122422937	0.18948040036687	0.374542409379112	0.357610559476811	
4.79133726222989e-05	0.000487119288326705	0.0028109178605082	0.0162106910705445	0.067541884273234	0.198545030584703	0.379162474246562	0.335193969303499	
5.60094095808096e-05	0.000688115603421375	0.00372862640923675	0.0179150097216332	0.0727242176685683	0.208971107146001	0.375223037470295	0.320693876571264	
5.64297691216303e-05	0.000652973042693151	0.00419192570617825	0.0213465755191539	0.0793321939894235	0.215118341287244	0.36751902489359	0.311782535792596	
7.9738457858225e-05	0.000645881508651623	0.00476835977992186	0.023674348138107	0.0853839406745873	0.221106769795072	0.371166573638466	0.293174388007336	
4.74815019981799e-05	0.000807185533969058	0.00550785423178887	0.0269536659676334	0.0943615716377161	0.228259407272583	0.36383492264472	0.280227911209591	
0.000174841847601488	0.00112057729599135	0.00648504307467336	0.0307165336808977	0.100255904886035	0.236568967161522	0.359903995930953	0.264774136122326	
0.000175412018912605	0.0014591090664094	0.00693674802063483	0.0331528715744823	0.105430596640063	0.244277182882976	0.355392723590525	0.253175356205998	
1.61402262859725e-05	0.000371225204577368	0.00195296738060268	0.00870765208128218	0.036452701066869	0.114482625046403	0.248761237632552	0.352897977629646	0.236357473731782	
8.13199860129624e-06	0.000357807938457035	0.00242333558318628	0.0114091940376186	0.0421969407421262	0.120337315301982	0.254718592188402	0.345227736620829	0.223320945588797	
3.25701071556525e-05	0.00054554929485718	0.00355014167996613	0.0123522131387812	0.0465019704914829	0.12616031006742	0.258158811842491	0.338093997329251	0.214604436048595	
1.62649230669139e-05	0.000121986923001854	0.000992160307081748	0.00354575322858723	0.0148824046062262	0.0508522819687063	0.136015419147067	0.261417975992974	0.332625809179923	0.199529943723366	
8.11214225452657e-06	0.000186579271854111	0.00102212992407035	0.00389382828217276	0.0171734051528328	0.055876435849179	0.143187422934649	0.265031799597638	0.326083782205205	0.187536504640145	
5.66535554152706e-05	0.000275174412017028	0.00101167063241555	0.00472652519464543	0.018962754333997	0.0599151815341783	0.147752472523026	0.269209601968306	0.317664578578481	0.180425387267518	
6.51545384208169e-05	0.00030948405749888	0.00137638962413976	0.00521236307366535	0.020735431852425	0.0642260862483202	0.154139349269048	0.270244736734943	0.311137353911308	0.172553650690231	
8.18370787436372e-06	8.18370787436372e-06	8.18370787436372e-05	0.000310980899225821	0.00162855786699838	0.00616233202939588	0.0214822331702048	0.0686858601895347	0.160220632764293	0.274203316038431	0.303190009329427	0.164017873217998	
4.0885414537218e-05	4.90624974446616e-05	6.54166632595488e-05	0.000376145813742406	0.00166812491311849	0.00654984340886232	0.0241469258256809	0.073144006607083	0.166706189234053	0.276475350183575	0.293818943030263	0.15695910640838	
8.19504199959025e-06	2.45851259987707e-05	8.19504199959025e-05	0.000311411595984429	0.00224544150788773	0.00743290309362835	0.0278385576726081	0.0785822577340709	0.174849416103258	0.274025814382299	0.286687154271666	0.147912313050604	
1.65016501650165e-05	0.000115511551155116	0.000610561056105611	0.00231848184818482	0.00863861386138614	0.0316419141914191	0.0843234323432343	0.178803630363036	0.274620462046205	0.280577557755776	0.138333333333333	
0.000116815606565037	0.000842741161647768	0.00255325540063581	0.0102547414620308	0.0338014301567832	0.0882875666474755	0.178702846128814	0.275401136448972	0.273089856233364	0.136949610753711	
1.6728282507235e-05	5.01848475217049e-05	0.000903327255390689	0.00237541611602737	0.0115592432124994	0.036735308385888	0.0904414593753659	0.18192007226618	0.275297345221566	0.268053998895933	0.13264691614112	
5.0223074154369e-05	0.000142298710104045	0.000611047402211489	0.00261997036838625	0.0130914813295722	0.0391154042538944	0.0943775268484184	0.188554161400219	0.274151020783982	0.263227502155407	0.12405936367365	
3.36884659114836e-05	5.89548153450962e-05	0.000134753863645934	0.000589548153450962	0.00353728892070577	0.0148481913504864	0.0413947024887354	0.0995494167684339	0.189362866888449	0.274628374110414	0.257506211310902	0.11835600286352	
1.68563000421407e-05	3.37126000842815e-05	0.000202275600505689	0.0006826801517067	0.00380952380952381	0.0153560893383902	0.0435313948588285	0.10417193426043	0.199570164348925	0.271849978929625	0.249818794774547	0.110956595027391	
5.047573379098e-05	0.000210315557462417	0.000967451564327116	0.0042988499945318	0.0155717638745173	0.0450748302753451	0.110701696825918	0.203980852871649	0.273241972255172	0.242224633840614	0.103677157206673	
1.68896095122281e-05	5.91136332927983e-05	0.000270233752195649	0.00152850966085664	0.004813538710985	0.0171007296311309	0.0497567896230239	0.114131536278881	0.206163018511012	0.275190852587488	0.233152614511553	0.0978161734900689	
2.53493992192385e-05	7.60481976577155e-05	0.000346441789329593	0.00135196795835939	0.00541632163317729	0.0195105875990739	0.0535210315515522	0.118576039747858	0.211692832879861	0.271365318641948	0.224815371875687	0.0933026887262772	
5.88616163399847e-05	8.40880233428353e-06	5.88616163399847e-05	0.000210220058357088	0.00161449004818244	0.00629819294837836	0.0217451628364572	0.0585757170606191	0.125543418850853	0.214256283477544	0.263035745818723	0.219772457808834	0.0888221790570369	
8.43355204344966e-06	2.5300656130349e-05	4.21677602172483e-05	0.000337342081737986	0.00181321368934168	0.00685647781132457	0.0243560983014826	0.0614384266365308	0.127380370064264	0.212213470069324	0.261355777826505	0.218800074215258	0.0853728473358409	
4.20496690691044e-05	6.72794705105671e-05	0.000445726492132507	0.00226227219591782	0.00788851791736399	0.0253307206472285	0.0635202300957892	0.130799700606356	0.216723994382164	0.265543660171394	0.208011302951046	0.0793645454010277	
0.000101567525476521	0.000507837627382605	0.0026576835833023	0.00862477570504791	0.0268561465280834	0.0664420895825575	0.137767884348444	0.222779903172292	0.259014117886041	0.200240376476961	0.0750076175644107	
0.000102256459199673	0.000741359329197628	0.00305065103279024	0.00971436362396891	0.0287170222919081	0.070318358442975	0.141437725816347	0.224717090462881	0.257055695684777	0.191995023518986	0.0721504533369691	
9.46147031248656e-05	0.00081712698153293	0.00335452129260887	0.0114913857613473	0.0313604734175691	0.0728189160595556	0.143779943403205	0.226542004627519	0.25398026853373	0.187517740256836	0.0682430049629712	
0.000259042750688622	0.000794397768778441	0.00419649256115568	0.0119505055651018	0.0341245650240478	0.077574669072886	0.149424493355553	0.2250908808317	0.252316273929074	0.181744393883137	0.0625242852578771	
1.74012911758052e-05	0.000295821949988689	0.00113108392642734	0.00466354603511581	0.0135643064715402	0.0348895888074895	0.0820383872483338	0.152026380357423	0.230949936485287	0.247629074077297	0.173682287225712	0.0591121861242104	
7.9415501905972e-05	0.000379429620217422	0.00156183820415078	0.00503847239870112	0.0135182832133277	0.0383929831992094	0.0843304390794861	0.156466186644077	0.22969610334604	0.243284978116617	0.170213892418467	0.0570379782578004	
0.000178065848750868	0.000302711942876476	0.00163820580850799	0.00503926351964957	0.0153136629925747	0.0395306184226927	0.0867091650492352	0.157650599191581	0.230141206218059	0.242935237450809	0.166954539788814	0.0536067237664488	
0.000286951765201718	0.000251082794551503	0.00152443125263413	0.00490508173641687	0.0163383161311728	0.0407112816879938	0.0897172628388497	0.160917169579526	0.231139646869984	0.240420743025727	0.160836464395563	0.0529515679223795	
0.000117558756770932	0.000415977139343299	0.00170008048253348	0.00570612119403525	0.0166119566298617	0.0437861154065272	0.0913521969923044	0.168090936219853	0.229112973965257	0.234050441749636	0.157130842896286	0.0519247985675918	
0.000162440212977168	0.000451222813825467	0.00162440212977168	0.0060824835303673	0.0179676924465301	0.0437776373973468	0.0947567909033481	0.171933940980056	0.2301958307012	0.232063893150438	0.150654273080047	0.0503293926540926	
9.95006874592952e-05	0.000443230335045951	0.0019900137491859	0.00681127433244084	0.0195835443953976	0.0457703162312758	0.102377161878573	0.172271872060207	0.23123055213836	0.227440480497865	0.147125334684131	0.0448567190100586	
0.000107994276303356	0.000764959457148771	0.00272685547665974	0.00764959457148771	0.0215988552606712	0.0507663093856026	0.10491643942871	0.175445701377827	0.231566726963471	0.222243221109281	0.139546604029986	0.0426667386628509	
0.000162380131888752	0.000893090725388134	0.00252591316271391	0.00839866126602376	0.0224265004375242	0.0552994560265582	0.109579525669593	0.179087243236416	0.229055218265961	0.217634482323118	0.13381024979477	0.0411272789600455	
9.04805421594086e-06	0.000244297463830403	0.000959093746889731	0.00294061762018078	0.00949140887252196	0.0245292749794157	0.0592557070601967	0.111227730476561	0.181332054541671	0.229196261343998	0.208295256105175	0.131097257534767	0.0414219922005773	
4.52006002639715e-05	0.00012656168073912	0.000913052125332224	0.00339908513985066	0.0105588602216637	0.0271565206385941	0.0613733750384205	0.115089768392124	0.186461516208935	0.224384819830407	0.205020882677322	0.124970619609828	0.0404997378365185	
9.04061042201569e-06	0.00018985281886233	0.00105775141937584	0.0037428127147145	0.0110295447148591	0.028206704516689	0.0635012476042382	0.121451560409359	0.186191371641413	0.221549199001917	0.204200267602068	0.121767981774129	0.0371026651719524	
5.47285464098074e-05	0.000237157034442499	0.00109457092819615	0.00396781961471103	0.0115750875656743	0.0296355078809107	0.0672157764156451	0.122272694103911	0.185839900758902	0.225572825452423	0.198856173380035	0.118158931698774	0.035518826619965	
0.000191681042744873	0.00028295772976624	0.00156083134806539	0.00439040864572779	0.0133629069799283	0.0326496709475433	0.0704473470430917	0.126564254223829	0.184187226740418	0.223591372527543	0.193798661883768	0.11452485920571	0.0344478216818642	
7.29201797482431e-05	0.000382830943678276	0.00154955381965017	0.00499503231275465	0.0135266933432991	0.0355394726048	0.072883719658369	0.127428014110055	0.190704500086593	0.219899917053296	0.190977950760649	0.108888058409064	0.033151336718045	
5.47510197377426e-05	0.000109502039475485	0.000538385027421136	0.00184328433117067	0.00506446932574119	0.0149652787283163	0.0372489437615776	0.0750453977205326	0.131758328998878	0.190944181335377	0.218547820453156	0.186846980025003	0.107512752425014	0.0295199248085996	
5.49631746729691e-05	0.000128247407570261	0.00054047121761753	0.00194203217177824	0.00581693598622256	0.0161591733538529	0.0392711883038364	0.076224762742296	0.135255212341065	0.192645927228757	0.222463449488842	0.181909787109303	0.10014290425415	0.0274449452200359	
1.82456780550107e-05	6.38598731925375e-05	0.000127719746385075	0.000647721570952881	0.00218948136660129	0.00603019659718104	0.0173333941522602	0.0408976873603065	0.0806915111982849	0.137490306983533	0.197126305706336	0.22069972175341	0.177110796879989	0.0941112074077453	0.0254618437257675	
1.81386152981081e-05	4.53465382452704e-05	9.06930764905407e-05	0.00019952476827919	0.00053508915129419	0.00237615860405217	0.00744590157987339	0.0180479222216176	0.0421269340298562	0.0829841649888448	0.141889318169451	0.202127659574468	0.215477680433876	0.171727340334839	0.0908381854129256	0.0240699425005895	
3.63240101707228e-05	3.63240101707228e-05	9.08100254268071e-05	0.000181620050853614	0.000826371231383945	0.00299673083908464	0.00765528514347984	0.0193062114057392	0.0425717399200872	0.0853705049037414	0.146912459135489	0.201216854340719	0.212813294587722	0.168479840174355	0.0896567381038867	0.0218488921176898	
0.000108882053515529	6.35145312173921e-05	9.07350445962744e-05	0.000244984620409941	0.000898276941503117	0.00321202057870811	0.00830225658055911	0.0206331491411928	0.0452404932357024	0.0896099300432806	0.149730970592772	0.198364954496375	0.210133289780512	0.165292030741033	0.0865884530582247	0.0214860585603978	
9.04240889773036e-05	0.000361696355909214	0.000985622569852609	0.00325526720318293	0.00938602043584411	0.0221629442083371	0.0481146577448232	0.0934352111402478	0.151424179401393	0.196500587756578	0.207812641287639	0.161388914006691	0.0838954697531422	0.0211863640473822	
3.61915619373343e-05	5.42873429060015e-05	0.00038001140034201	0.00124860888683803	0.00322104901242275	0.00952742868000326	0.023271174325706	0.0507858092885644	0.0942880667372402	0.153696515657374	0.198031179030609	0.206581435538304	0.158256652461479	0.0802909801579762	0.0203306099182975	
9.07638687191403e-06	4.53819343595701e-05	0.000353979088004647	0.00127069416206796	0.00318581179204182	0.00967542840546035	0.0252958902120244	0.0527519604995643	0.0993319779262271	0.153390938135347	0.199154080743538	0.207685884403137	0.152310848097589	0.0766591635201859	0.0188788846935812	
9.0235605165086e-06	5.41413630990516e-05	0.000351918860143836	0.00121818066972866	0.00362747132763646	0.0109185082249754	0.0258434773192806	0.0561265464126835	0.100946571498182	0.156919717382085	0.198148365382012	0.203382030481587	0.15127096849875	0.0738578428276229	0.0173252361916965	
8.10336289560168e-05	0.000495205510286769	0.00126952685364426	0.00383559177058479	0.0118129023544771	0.0271102507540629	0.0567865664250664	0.103470940440283	0.158933957592401	0.197343897717553	0.201800747310134	0.148372574618467	0.0714446495295548	0.0172421554945302	
2.70931734234031e-05	0.000117403751501413	0.00052380135285246	0.00138175184459356	0.00410913130254947	0.0120835553468378	0.0290980682567349	0.0588012173865925	0.105175699229651	0.160626394169549	0.200661073431531	0.198592961193545	0.144433707520162	0.0680851448130119	0.0162829972274653	
5.46433157564001e-05	0.000100179412220067	0.000409824868173001	0.001775907762083	0.00412557033960821	0.0133602907024398	0.0304272196570221	0.0623753449359307	0.110060745152683	0.163010118120634	0.199530067484495	0.194384488584101	0.139376884055991	0.0654171561797036	0.0155915594291595	
2.76699163446196e-05	8.30097490338588e-05	0.000599514854133424	0.00170631150791821	0.00511893452375462	0.014111657335756	0.0319034135453464	0.0661311000636408	0.111168500567233	0.163547652207598	0.200948155800076	0.191180675330425	0.136117541804632	0.0628476033240793	0.0145082594700289	
9.28582704218551e-06	9.28582704218551e-06	0.000148573232674968	0.000529292141404574	0.00203359612223863	0.00627721908051741	0.0145508909751047	0.0334661206600366	0.0675822492130262	0.116007837238024	0.166476307212302	0.202486744481897	0.187805851928202	0.131283022722419	0.0578042733376048	0.0135294500004643	
9.39408172851104e-06	5.63644903710662e-05	0.000216063879755754	0.000939408172851104	0.00273367778299671	0.00700798496946923	0.0160169093471113	0.0360450915922969	0.0685674025364021	0.118196336308126	0.172372005636449	0.196918741193048	0.183400657585721	0.1266228276186	0.0576045091592297	0.0132926256458431	
9.3513877459415e-06	3.7405550983766e-05	0.000215081918156654	0.000869679060372559	0.0027493079973068	0.0076400837884342	0.0162901174534301	0.0372933343308147	0.0716596842971497	0.119370464576943	0.172561158075858	0.197192713398668	0.18027605296626	0.125486272162789	0.0549581057828982	0.0133911872521882	
5.62888745039543e-05	0.000121959228091901	0.000243918456183802	0.000881859033895284	0.00301145478596155	0.00742074995543797	0.01727130299363	0.0386235493887966	0.0718058409088777	0.123000572270224	0.171099415533853	0.196945390410252	0.179561509667614	0.122334487255261	0.0561481523176944	0.0114735489197227	
4.68757324333193e-05	7.50011718933108e-05	0.000328130127033235	0.00108751699245301	0.00295317114329911	0.00730323911311114	0.0182534102095345	0.0409600150002344	0.0750011718933108	0.12252378943421	0.171302676604322	0.196324942577228	0.179721558149346	0.118567477616838	0.0541133455210238	0.0114376787137299	
4.6600493965236e-05	2.79602963791416e-05	6.52406915513304e-05	0.000270282864998369	0.00111841185516566	0.00314087329325691	0.00775432219581528	0.0204855771471178	0.0432266182021529	0.0789412367771098	0.12607297637355	0.170986532457244	0.196943007595881	0.173838482687916	0.115065939698961	0.0514749056339997	0.0105410317349364	
5.50787166659017e-05	4.58989305549181e-05	0.000174415936108689	0.000284573369440492	0.00115665304998394	0.00384633038050213	0.00897783081654197	0.0226924312663515	0.0437783999632809	0.0813237251572038	0.129517602239868	0.172029191719833	0.194299352825079	0.171478404553174	0.112066828842888	0.0479276632854454	0.0103456189470785	
2.7485867683033e-05	4.58097794717216e-05	0.000128267382520821	0.00033899236809074	0.0011360825308987	0.00413204210834929	0.00957424390958982	0.0224193060734606	0.0460571522808689	0.0823110117547894	0.128514755329968	0.173023537064693	0.193445536753186	0.170687238311635	0.111143686954291	0.0466618413698956	0.0103530101606091	
8.21730198584798e-05	8.21730198584798e-05	0.000620862816708514	0.00116868294909838	0.00420908468386213	0.0106916229171422	0.0238575667655786	0.0482903446701666	0.0844282127368181	0.130499885870806	0.172307692307692	0.192001826067108	0.169860762383018	0.106067107966218	0.0461173248116868	0.00971467701438028	
2.71296798697775e-05	0.00021703743895822	0.000524507144149032	0.0013293543136191	0.00479291011032736	0.0108970880810273	0.025366250678242	0.0495749683487068	0.0845812986073431	0.132763610056068	0.176089708808103	0.194357026587086	0.166531018267318	0.101446916259721	0.0431361909929463	0.00836498462651474	
7.18229564124433e-05	0.00021546886923733	0.000655384477263545	0.00170579521479553	0.00474031512322126	0.0122458140683216	0.0265655160030525	0.051191812182969	0.0888719306908471	0.136670108183328	0.177456569556044	0.192584279750415	0.158459397584953	0.0998428872828478	0.0407325941554069	0.00799030390088432	
4.47659635425993e-05	0.000152204276044838	0.000555097947928231	0.00140565125523762	0.00468251978655589	0.012418078286717	0.0270117824016044	0.0518479389750385	0.0910808294237725	0.143045159904022	0.180854492712101	0.18721125953515	0.156286931919923	0.0958170683665795	0.0397163628549941	0.00786985639078895	
8.90400591225993e-06	8.90400591225993e-06	0.000186984124157458	0.000676704449331754	0.0019321692829604	0.00469241111576098	0.0126525924013214	0.0269791379141476	0.0532014353257531	0.0962523039115298	0.142953814921333	0.182763625355047	0.186289611696302	0.153042053619924	0.0936167181615009	0.0370139525772645	0.00772867713184162	
0.00019305358114393	0.000807314975692799	0.00197441162533565	0.00500184278418365	0.0132768212850348	0.0280541954053248	0.0554502536022043	0.0970884009898384	0.147010302041103	0.180785903578511	0.187305849523509	0.151327682128503	0.0888134224889872	0.035583285069938	0.00732726092069008	
0.00026195840100592	0.000785875203017761	0.00213059499484815	0.00605997100993696	0.0142854648015229	0.0298457938212745	0.059202598627338	0.100172892544664	0.145290861144584	0.18054172997328	0.187282792825833	0.146373622535408	0.0861406541974468	0.0339498087703673	0.00767538114947346	
6.10069635091205e-05	0.000374757061556026	0.000819236367122476	0.00252743134537785	0.00719010641357492	0.0153650395237971	0.0320983780862987	0.0620179360472717	0.102108226353265	0.148020324034129	0.179944396510402	0.181016376012062	0.142093933293243	0.0851482904977297	0.0339373022720736	0.00727725921858795	
8.63901031497832e-06	3.45560412599133e-05	0.000293726350709263	0.00105395925842735	0.00266081517701332	0.00736043678836153	0.016742401990428	0.0342968709504639	0.0636781450317052	0.102700554624462	0.147303764880695	0.179734609603124	0.17932857611832	0.141774798279109	0.0837811220346597	0.0319816161860497	0.00726540767489676	
1.7223561832587e-05	6.02824664140544e-05	0.000232518084739924	0.00128315535652773	0.00283327592146056	0.00749224939717534	0.017723045125732	0.0342318291422666	0.0642697209782983	0.103212194281777	0.149423010678608	0.181372717878057	0.178487771271099	0.136238374095763	0.082423355149845	0.0331984154323114	0.00750086117809163	
