# <P(N_1)> as a function of N_tot.
# number_of_species: 2
# species_total_upper_bound: 100
# species_total_lower_bound: 0
# volume: 512
# Bin widths for each species index 
1	1	1	1	1	1	1	1	1	1	1	1	1	1	1	1	1	1	1	1	1	1	1	1	1	1	1	1	1	1	1	1	1	1	1	1	1	1	1	1	1	1	1	1	1	1	1	1	1	1	1	1	1	1	1	1	1	1	1	1	1	1	1	1	1	1	1	1	1	1	1	1	1	1	1	1	1	1	1	1	1	1	1	1	1	1	1	1	1	1	1	1	1	1	1	1	1	1	1	1	1	
# Bin lower bound for each species index 
0	0	0	0	0	0	0	0	0	0	0	0	0	0	0	0	0	0	0	0	0	0	0	0	0	0	0	0	0	0	0	0	0	0	0	0	0	0	0	0	0	0	0	0	0	0	0	0	0	0	0	0	0	0	0	0	0	0	0	0	0	0	0	0	0	0	0	0	0	0	0	0	0	0	0	0	0	0	0	0	0	0	0	0	0	0	0	0	0	0	0	0	0	0	0	0	0	0	0	0	0	
# Bin upper bound for each species index 
0	1	2	3	4	4	5	5	5	5	5	5	6	6	6	6	6	6	6	7	7	7	7	8	8	8	9	9	10	9	10	10	10	10	11	11	11	11	11	11	10	10	11	11	10	11	11	12	12	13	13	13	11	12	12	12	12	13	12	12	13	13	13	13	13	13	14	14	15	13	14	14	15	15	15	13	14	14	15	15	15	15	16	17	17	16	16	16	16	16	16	16	16	16	15	16	16	17	17	16	16	
# Normalized histogram for each species index 
1	
0.950220505577494	0.049779494422506	
0.902067977344747	0.0955954341902755	0.00233658846497724	
0.857235247190402	0.135689445515874	0.00700172719597865	7.35800977453509e-05	
0.816238323186318	0.170192948211492	0.0131543275859398	0.000391163576087125	2.32374401635916e-05	
0.774523535250913	0.203226226298173	0.0211118902989815	0.00111115212099903	2.71960309335426e-05	
0.735025089213689	0.23160010391173	0.0311735189160366	0.00212120561045211	7.81291200903173e-05	1.95322800225793e-06	
0.696170785296854	0.258825565864971	0.0414177555809521	0.00340295959133012	0.000175065551230278	7.86811466203497e-06	
0.661587176713541	0.281195791129905	0.0517317337004622	0.00506834497000688	0.000403186153997443	1.37673320877176e-05	
0.628507429812072	0.30106078365048	0.0617826829133988	0.00788409650495976	0.000747307725588603	1.76993935007827e-05	
0.596205786264404	0.317505435188571	0.0747107457511175	0.0105027893427058	0.00105165493137706	2.35885218252798e-05	
0.566727655310228	0.329852470236169	0.0881060378757126	0.0138195167581496	0.00141979993371652	7.45198860237954e-05	
0.538393508459553	0.341205907960687	0.100122363498027	0.0181701950756536	0.0019295782381225	0.00017256390747437	5.88286048208081e-06	
0.512153032822689	0.351473269987523	0.111513306733577	0.0218478407775434	0.00271677919656201	0.000270306798215975	2.54636838899107e-05	
0.487805021289091	0.361440806538443	0.12108843537415	0.0255841041452552	0.00372143101845055	0.000330837370919591	2.93642636910879e-05	
0.462711105050938	0.368044490328613	0.134135224107369	0.0299530553012447	0.00464382414243138	0.00048697820285564	2.53228665484933e-05	
0.437601230258272	0.373394690320682	0.145748182971682	0.0362275198172544	0.00624679620241569	0.000748446097262909	3.313433243091e-05	
0.41456888835386	0.376664226674614	0.158556120140808	0.0415646497575865	0.00751025670399143	0.00101547679839388	0.000120381570746502	
0.394281787101697	0.377061528933722	0.169455494271886	0.048288554837883	0.00948376112182119	0.00124249889825293	0.000186374834737939	
0.375631618516986	0.375975475425887	0.180544304117152	0.0542108872479597	0.0117183326242499	0.00172122723890673	0.000194269440057193	3.88538880114386e-06	
0.354227576179234	0.377513250261878	0.189943872047029	0.0615609512046403	0.0139538156063851	0.00244094057316177	0.000343959600381482	1.56345272900674e-05	
0.33732672547737	0.377296004054285	0.198730678798093	0.0668328452084205	0.0163841042171242	0.00292089233555494	0.000481249914062515	2.74999950892866e-05	
0.320483224546041	0.375553711220501	0.207822828180476	0.0731007236934189	0.0186137653545822	0.00379293418155222	0.000609156269282556	2.36565541468954e-05	
0.306238289865842	0.37014498826022	0.216816345568529	0.0801862553659096	0.0214162048492802	0.0044231696615623	0.000693714276679342	7.70793640754824e-05	3.95278790130679e-06	
0.288756101168466	0.368407040378642	0.224692599714046	0.0873854952423212	0.0244993344179855	0.00531873983138589	0.000792782132820589	0.000122269881181285	2.56372331509146e-05	
0.274813656276592	0.36318706861231	0.231464117999307	0.0952303098112137	0.0278235210690535	0.00625807620788553	0.00105581644552302	0.000139856282895774	2.75772952188849e-05	
0.262137360553677	0.357699570205101	0.239136617893373	0.101059080997377	0.0311305027968271	0.00735747242676105	0.00126410264513479	0.000191590557153241	1.9751603830231e-05	3.9503207660462e-06	
0.250259747741734	0.354029715538974	0.244701245398541	0.107337898536473	0.0338794492354576	0.0079821523999102	0.00154557356075912	0.000220512423193139	2.78123777000356e-05	1.58927872571632e-05	
0.237734849224358	0.350384783184686	0.248207565775712	0.114426929045702	0.037472284255465	0.00940691792952182	0.00195828045843286	0.000326712100898259	5.37879678308109e-05	2.58979104370571e-05	1.9921469566967e-06	
0.224217797318847	0.345452477083263	0.254364308765739	0.120095079762021	0.0416462929071376	0.0115257268193185	0.00235903187886311	0.000279411559256206	3.99159370366009e-05	1.99579685183005e-05	
0.21366111037774	0.337257537391944	0.260293535263834	0.127412625456524	0.0452883549944597	0.0125226511778612	0.00306215923228008	0.000450023401216863	4.00020801081656e-05	8.00041602163312e-06	4.00020801081656e-06	
0.202712318362615	0.332100097939278	0.262521236833163	0.135336091623194	0.0490016189962223	0.0141312386320481	0.00347784373688313	0.000621614598948652	8.39479522695929e-05	1.19925646099418e-05	1.99876076832364e-06	
0.192680204507813	0.326358384740325	0.265404094956914	0.141171199283103	0.0536692990246674	0.0159601705831993	0.00383052095084932	0.000776105550354848	0.000130017682404807	1.20016322219822e-05	8.00108814798813e-06	
0.184257134927148	0.318235821497531	0.269419002378143	0.145905341536029	0.0590681913935596	0.017501612384712	0.00441483913092963	0.000946464834039188	0.000215650215350701	3.3944941305203e-05	1.99676125324723e-06	
0.175151724537338	0.311864569250094	0.271344781654461	0.153563804186978	0.0622455031822711	0.0193732114078479	0.00497261070049906	0.00117425505698532	0.000259614213279067	3.79436157869406e-05	1.99703240983898e-06	9.9851620491949e-06	
0.165496086861881	0.30545243225648	0.273867746116318	0.158929922975383	0.0672113174464652	0.0216495689457193	0.00563955195117714	0.00138592388601874	0.000303545289156843	4.59311950697855e-05	3.99401696259004e-06	1.39790593690651e-05	
0.158103842494095	0.298347030276303	0.27441760677954	0.164891725616164	0.0719273257488622	0.0240585462368667	0.00633694678355254	0.00151768882214236	0.000307908072555061	4.37030812658796e-05	2.38380443268434e-05	2.38380443268434e-05	
0.148380844899676	0.288676382328369	0.276511533775849	0.172838152282928	0.0774753901584561	0.0264671692650645	0.00738743876202079	0.00185832467643816	0.000313043963734754	7.37746920903561e-05	7.9756423881466e-06	9.96955298518325e-06	
0.140138757577999	0.282374269683808	0.27580017469623	0.178302088559396	0.0829027557630767	0.0296303995426717	0.0082091237804744	0.00209675452781048	0.000439738795155678	9.79418225574009e-05	5.99643811575924e-06	1.99881270525308e-06	
0.134228820218413	0.274996391860036	0.276563928222069	0.18027069067817	0.0880947417373595	0.0331668243557466	0.00958161612598021	0.00246556230856813	0.000507144117128241	0.000104235154508571	1.40316554146154e-05	6.01356660626373e-06	
0.129237508917907	0.268166478288403	0.277286791878091	0.183849169131616	0.0917622586152995	0.0351425662730763	0.0110521928031487	0.00265933995462889	0.000681368187320139	0.000148297781946148	1.40281685624734e-05	
0.12356245683355	0.262508231741596	0.27547422862558	0.189546892818709	0.0951509018776402	0.0382253971313384	0.0117934756420758	0.00287508633289966	0.000686647713583578	0.000160619348206685	1.60619348206685e-05	
0.11609614951225	0.256517417340073	0.275353336982068	0.192995235182383	0.101055181739158	0.0403902804159557	0.0132662341843469	0.00334221370850906	0.000750539261453269	0.000197192620971636	2.81703744245195e-05	8.04867840700557e-06	
0.109397652552814	0.24801438875032	0.275630465597861	0.19911159145305	0.105516158106879	0.043049302036726	0.0145036828829119	0.00366171112406063	0.00085695331923225	0.000225832404127087	2.82290505158859e-05	4.03272150226941e-06	
0.104660217557099	0.240950507767029	0.272690964556657	0.203761088588287	0.110512583791595	0.0465700638221009	0.0154076185124232	0.00406213623409465	0.00109581343073897	0.000232810179424397	5.61955605507165e-05	
0.0993439080468986	0.234679661550366	0.272617933180051	0.204629327089802	0.114855180680868	0.0500538223921197	0.0170948737428913	0.00493923181314309	0.00136109513032636	0.000344784038904469	7.61732178974989e-05	4.00911673144731e-06	
0.0938333086862857	0.228248314341784	0.270212910523223	0.209461268830011	0.118385764931115	0.0531896610298203	0.019146759179693	0.00562951890295325	0.00139488966782441	0.000375700942050128	9.59236447787561e-05	2.59793204609131e-05	
0.0893678269461304	0.220704915001859	0.267849013242255	0.211909878710406	0.123643419328802	0.0570623704054186	0.020989600625036	0.00630602511674695	0.00166994359964295	0.00035386900087672	0.000115305629499156	1.39161966636913e-05	1.39161966636913e-05	
0.0852612986930605	0.214807487595671	0.265641942588228	0.214714318847245	0.127084155167595	0.0605180578875275	0.0228283256782982	0.00674581384884064	0.00187130422371601	0.00041430358342865	8.12748656486825e-05	2.77523931483306e-05	3.96462759261866e-06	
0.079824855525532	0.207546202244532	0.263399144001105	0.217514447446796	0.133115717638705	0.0637403601506874	0.0243762450444764	0.00765270901954597	0.00220508471233309	0.000528589179700598	6.50874736198497e-05	2.16958245399499e-05	7.88939074179996e-06	1.97234768544999e-06	
0.0757708451682131	0.199751073029098	0.259140472132803	0.221876380735972	0.137949330934798	0.0671353279050685	0.0269105440888721	0.0084698289465379	0.00221115003471565	0.000646973426749984	0.000104541437858991	1.97247995960361e-05	3.94495991920722e-06	9.86239979801805e-06	
0.0716540834623285	0.193429452012818	0.256871338959696	0.223036061308772	0.141117720670656	0.0714247587642562	0.0293120456751537	0.00973443804575819	0.0025779259162609	0.000664250849588698	0.000144316404821354	2.57001816805151e-05	3.95387410469463e-06	3.95387410469463e-06	
0.0683606974848143	0.187226465414963	0.25455274072524	0.224661098422111	0.144414416370718	0.0737657507555822	0.0320986728205574	0.0108831478019516	0.00310918878796912	0.000752127573470625	0.000136212080234838	3.94817623869094e-05	
0.0647250148424725	0.181549573858313	0.251416691815042	0.225195319049056	0.149399101759203	0.0770329256337884	0.0339631275505877	0.0118937022550696	0.00370026292379944	0.000915203622943997	0.000171600679301999	3.35311672199309e-05	3.94484320234481e-06	
0.061078809965178	0.175505235157173	0.246945664246386	0.228090007549377	0.152430227548508	0.0820708218544591	0.0357350366204086	0.0128537041355568	0.00407113015363576	0.000972328172615918	0.000183793739945692	6.12645799818973e-05	1.97627677360959e-06	
0.0578933203516146	0.170935198268049	0.244600515310908	0.227797501019144	0.156686970391391	0.0846641573954239	0.0376826048926831	0.0138326545635887	0.00439914035691811	0.00117547879982427	0.000243407226226238	8.11357420754127e-05	7.9156821536988e-06	
0.0550505626595448	0.166119281463505	0.242022270383379	0.228826025904759	0.158819063951636	0.0875967101821514	0.0398070319659848	0.0151471646757579	0.00485763395859801	0.00131962444786205	0.000298931320529108	0.000106199284924815	2.94998013680041e-05	
0.0519598923942284	0.160346294937638	0.238779163609685	0.229736365859623	0.162619711420885	0.0912673025189533	0.0418566886769381	0.0162073856688677	0.00528442161897775	0.00149082905355833	0.000303252629004647	0.000129126925898753	1.76082171680117e-05	1.95646857422353e-06	
0.0505066935283155	0.155041752487414	0.232875208958412	0.230447077913806	0.167368584021369	0.0945148539299859	0.0440924296792476	0.0172516848956139	0.00563624284446047	0.00173437931757563	0.000429185390450919	9.99472827077483e-05	1.9597506413284e-06	
0.0481678667167534	0.149811879610818	0.22949900777066	0.230399782869932	0.171351811679002	0.098426397037276	0.0453259016109714	0.018743202393151	0.00595927631177832	0.0017228798841973	0.000436620244625342	0.000147506839400454	7.86703143469086e-06	
0.0449805741547691	0.14453261849372	0.225755088705455	0.231049468003448	0.174236251343277	0.102031939474813	0.0484288092960641	0.019648248524856	0.00677641186728231	0.00198194793794751	0.000417252197462634	0.000129899269021386	2.75543903984758e-05	3.93634148549655e-06	
0.043048401682853	0.138843235166909	0.22121063185625	0.229866708606928	0.176986592222703	0.105886053552471	0.0519226988558172	0.021672630047576	0.00744898360397908	0.00228639955962726	0.000583887075846341	0.000196594975032438	4.52168442574608e-05	1.96594975032438e-06	
0.0409649844668528	0.134266240899623	0.216733668539569	0.228557760076859	0.179914794092285	0.109901446216724	0.055220436818087	0.0226303583451784	0.00835325014863785	0.00245104794604151	0.000734330027207617	0.000204746173805877	5.5123969870813e-05	1.18122792580314e-05	
0.0393713901628033	0.129869872370631	0.21130720470466	0.229558382951556	0.181452996028559	0.112465326726823	0.0585901485275136	0.0239634698850602	0.00925942448810451	0.00298006745302379	0.000898184002807569	0.000210171091164685	6.1465130434955e-05	1.18964768583784e-05	
0.0381493071609573	0.125687332445663	0.206260256657029	0.227506791469636	0.183902480647536	0.116057236859077	0.0611698591700219	0.0266043048690224	0.00985631254452406	0.00336547333914089	0.00114100658608845	0.000218279520816921	5.55620598443072e-05	2.57966706419998e-05	
0.0361621874603376	0.122419961289504	0.204168120954436	0.224988894529763	0.185270973473791	0.119937095443584	0.0632912647544105	0.0276248572153827	0.0109131076278716	0.00352400368067014	0.00128704467572027	0.000345062825231628	5.35442315014596e-05	1.38818377966747e-05	
0.0347936785781774	0.118436154236327	0.200041771509841	0.225456751568918	0.187082657861498	0.121787820621202	0.0661879519030901	0.0292877957572081	0.0111947646374332	0.00395238047878107	0.00128894944652749	0.000362019751956796	9.74668562960606e-05	2.38694341949536e-05	5.9673585487384e-06	
0.0331160002778687	0.114285430746177	0.195748608175295	0.223327081286532	0.188934869550547	0.125293002669525	0.0685581589210753	0.0321513987714232	0.012460428513303	0.00407871624639019	0.00146675002729068	0.0003949705756845	0.000146873480405291	2.58020979090377e-05	1.1908660573402e-05	
0.0316192075005543	0.110370276519591	0.19096837287384	0.220215941845364	0.191532577365304	0.128682176681131	0.0722340122264103	0.0340403376516423	0.013742833613126	0.0045492698995914	0.00143129770992366	0.000483038231288208	9.70035792341072e-05	2.37559785879446e-05	5.93899464698616e-06	3.95932976465744e-06	
0.0293221931866398	0.107454566363049	0.188392464142818	0.219201684504384	0.191340743354971	0.13212930395232	0.0749739274568663	0.0354130564951364	0.0144658003576796	0.00507968482954703	0.00162978178371884	0.000465935181476796	0.000101117847894964	2.97405434985189e-05	
0.0265992731028182	0.102607693988203	0.185601080415483	0.220553712935195	0.19174991559254	0.134704375285496	0.0776449325733352	0.0374391769776171	0.01507219320371	0.00558678079879248	0.00181724295445969	0.00049651446843161	9.53307779388691e-05	2.78048102321702e-05	3.97211574745288e-06	
0.0252627758678162	0.0977650490837115	0.18073693615863	0.21874155557002	0.193956105729688	0.137698696821048	0.0808554786968605	0.0396653983995771	0.0165959553522646	0.00592909933312426	0.00209865658364744	0.000530581410715378	0.000112428031266827	2.76139024164137e-05	2.36690592140689e-05	
0.0246631516127952	0.0928108153887667	0.175425085824695	0.216175813094199	0.19763610329295	0.14066977729895	0.0835517932092626	0.0418083947679927	0.0175864303426488	0.00667886496717685	0.00216260505277505	0.000579058183529931	0.000175293123585591	5.31788127731569e-05	1.77262709243856e-05	5.90875697479521e-06	
0.0232567290269397	0.0892298188214046	0.17040703702465	0.212808612524912	0.1998591335929	0.14498615928528	0.0859678564893967	0.0433360942624483	0.0194143813584165	0.00715349519854097	0.00259107623115469	0.000727940930544598	0.000184936344516736	4.91851980097701e-05	1.77066712835173e-05	9.83703960195403e-06	
0.0213848426029173	0.0861962158622277	0.166944941011739	0.211329207399934	0.199041870947568	0.147943621421028	0.0884637092888566	0.0461974744882407	0.0203327099201362	0.00812403759358573	0.00283387513249989	0.000814173702189419	0.000293023868662376	5.7031491216167e-05	1.96660314538507e-05	2.35992377446209e-05	
0.0209308144380064	0.0829982446013117	0.162806825368368	0.209302233946771	0.198147276176817	0.151115988313103	0.0924056842607131	0.0477582711588587	0.0214095595348095	0.00873365026390085	0.00298082852453913	0.000987042360075417	0.000348715564338022	7.48654883889538e-05	
0.0199247139208073	0.0794635866857518	0.157752805434516	0.208317846438541	0.199895611738934	0.152078670789476	0.0960431313315039	0.0503179097041542	0.0224790630362749	0.009179445002412	0.00312769373116859	0.00105772196344829	0.000276787055855628	7.31508647618445e-05	1.18623023938126e-05	
0.0185917165619279	0.0760690781335049	0.153270325102677	0.205809292889307	0.201345934979465	0.155069523479638	0.0987342273244594	0.0523034291652234	0.0241397397199268	0.00988272551833342	0.00327774753822554	0.00112227225493592	0.000292938789648177	6.92760651195012e-05	2.17724776089861e-05	
0.0175466962167832	0.0734855400947628	0.150429548013353	0.203347654886712	0.200228329859749	0.15811547023529	0.100737241231088	0.0543673508018164	0.0258438641772534	0.0106711675385134	0.00359846281555561	0.00120277387259667	0.000341114557310203	6.90116156407926e-05	1.38023231281585e-05	1.97176044687979e-06	
0.017312639036514	0.0705702917247838	0.146711922269945	0.200250117551298	0.199872768007081	0.160436777158301	0.103565656845042	0.0565727968516009	0.0269676506731047	0.0118776202085498	0.00395920673618328	0.00128417384157641	0.000442546062327871	0.000124466080029714	4.93913015990928e-05	1.97565206396371e-06	
0.0161102063510215	0.0678024582309728	0.143814792761744	0.197456988844505	0.200392749125581	0.161648205617574	0.106588406014267	0.0593678158653296	0.0283599569395537	0.0118869702717303	0.0043809666518137	0.00146689432445967	0.000500794567759082	0.000193219951340118	1.77446894087864e-05	1.18297929391909e-05	
0.0154774992055989	0.0654349666746271	0.137611980950163	0.195104910286951	0.200753546186776	0.163579522017246	0.110326030106321	0.0620106538562499	0.0301911891543033	0.0126709442616609	0.0044881195095042	0.00160261787234714	0.000524995509906823	0.000181577394403864	3.35523446181052e-05	7.89466932190712e-06	
0.0145306585472493	0.0634480476766308	0.133810861165052	0.190539119337317	0.200305659827397	0.166088302603229	0.112761297793814	0.0648522709816171	0.0317456878724737	0.0142825068832545	0.00510680368840029	0.0017035808679006	0.000563264888115111	0.000181190103869196	6.30226448240683e-05	1.18167459045128e-05	5.90837295225641e-06	
0.0136637322972409	0.0604218714289092	0.130208374380354	0.186004082372505	0.199945620906791	0.168037308786558	0.116091482973039	0.0681117845011703	0.0337642942145373	0.0149798639734567	0.00592062228597098	0.00193676263131763	0.00059304735709726	0.000200966214032958	6.89589950113093e-05	1.77323130029081e-05	3.152411200517e-05	1.97025700032312e-06	
0.0132326673200341	0.0579178653852234	0.126861306945718	0.182724226233758	0.197342006259682	0.169795849008884	0.119485236002656	0.0714271600644937	0.0356236761404951	0.0158902658784104	0.00628734469349689	0.00232959754671051	0.00071132749517878	0.000215374158262464	0.000112626853403307	2.56868262147893e-05	1.18554582529797e-05	5.92772912648984e-06	
0.0128365548855574	0.0563831224030952	0.124248238275695	0.17957869564872	0.197078755233533	0.17049995630447	0.120897585623376	0.073960642244838	0.0374212487387881	0.0166460105981521	0.00681650260981481	0.00245688045697579	0.000893772195342851	0.000194643722541332	5.95848130228567e-05	1.7875443906857e-05	9.93080217047612e-06	
0.0121168019256812	0.0556746328377031	0.121923460515802	0.176824807025405	0.195143761859536	0.171485165790606	0.123245978415398	0.0752467080804456	0.0392532036856016	0.0180750722229603	0.00712216536034152	0.00256770716638148	0.000941823091915985	0.000263710465736476	8.32769891799398e-05	2.77589963933133e-05	3.96557091333047e-06	
0.0116925774447305	0.0531967645577052	0.11957172835931	0.17673940725872	0.195891829278452	0.170963531852604	0.123633882491084	0.0764272084987881	0.0414327820598771	0.0188489505440668	0.00746976194348687	0.00279074749189751	0.000910414426994284	0.000309421896756227	9.91736848577651e-05	1.9834736971553e-05	1.9834736971553e-06	
0.0109682964660785	0.0509864748713186	0.116444541044666	0.173993025024946	0.194953516632253	0.173350853100702	0.125506080874144	0.0786393858860491	0.0424327448403956	0.02050998330353	0.00785228069828787	0.00287693022061075	0.00103537873324178	0.00034380896867189	7.3108803683103e-05	1.97591361305684e-05	1.38313952913979e-05	
0.0102082675923004	0.0485997159987378	0.11167955190912	0.171722152098454	0.194089223729883	0.173518854528242	0.130396023982329	0.0808792205743137	0.0434955822025876	0.0216215683180814	0.00890265067844746	0.00319106973808772	0.00114192174187441	0.000380640580624803	0.00012622278321237	3.5500157778479e-05	1.18333859261597e-05	
0.00946758655571098	0.0469131558358425	0.10917360139722	0.169444510301335	0.192793412203545	0.173915534586722	0.13245137785786	0.0836435192868489	0.0453365418810308	0.0221239637418305	0.00954859053083288	0.0035542963718122	0.00104514884974355	0.000442558303105021	0.000112615282486545	2.56841872337735e-05	7.90282684116108e-06	
0.00888085056702489	0.0450513201558502	0.106352538898244	0.167697291221849	0.192236379430779	0.174399483929183	0.133470002394347	0.0853060311819169	0.0476277166438775	0.023086649635802	0.0101057272383681	0.00396353468933843	0.00119123708586207	0.000453145004422616	0.000124664346194868	5.14487777947075e-05	1.97879914595029e-06	
0.00841859197864552	0.0426082630138717	0.102788165007562	0.163945366023163	0.192871442730277	0.176790431551556	0.134375654000608	0.0867802044628014	0.0495776883620468	0.0242942716456926	0.011164900947289	0.00430801306224309	0.0015083968742226	0.000402765657514936	0.000122409170421206	3.35638047929113e-05	9.87170729203274e-06	
0.00822974761319595	0.0404299398178782	0.0999444654504206	0.15891940006932	0.191350001575448	0.179642452027602	0.136510618520969	0.0897414689479157	0.0515545735261682	0.0253529004001638	0.0115421274852696	0.00435414500425371	0.00170148407221855	0.000545498944449696	0.000131943788007688	3.93862053754293e-05	9.84655134385733e-06	
0.00803019620858479	0.040076354616921	0.0947264646908993	0.156416988902265	0.188671315762083	0.17980844574757	0.140018813714766	0.0931239603851509	0.0529435215424889	0.0271325974120341	0.0119225534806354	0.0047328864912422	0.0016516006386451	0.000536131955232	0.000164963678532923	4.32047729490989e-05	
0.0075235257122369	0.0380662971518361	0.0924335666801855	0.152829453035762	0.187633596460808	0.17935575892586	0.142033977339297	0.0960993262134134	0.0548590416517274	0.028916592704923	0.0124686764668426	0.00498433578435694	0.00187304442210898	0.00067202326023366	0.000188088142805922	5.68182931392891e-05	5.87775446268508e-06	
0.00704741872766151	0.0368941684162323	0.0909373144522534	0.150004074774044	0.185551627387138	0.180454279094857	0.143402940822639	0.0973599344931563	0.0569013089726524	0.0297419697845803	0.0131052494731899	0.00539228431832911	0.00215186876899136	0.000710174904824921	0.000254188285606734	5.62706891801167e-05	3.49266346635207e-05	
0.00691118356914369	0.0352779241738916	0.0880249265928058	0.147852996422787	0.183771846000297	0.180416640122316	0.145810529323302	0.0986716241860537	0.0594303872000247	0.0306987824347829	0.0138976565682306	0.00594207347090064	0.00220848994500011	0.00077412977967224	0.000243242773662599	4.82624550917855e-05	1.73744838330428e-05	1.93049820367142e-06	
0.00663937488205867	0.0334144641323562	0.0855686023807782	0.144358264365736	0.181879975198623	0.180695747950228	0.147604780041823	0.101525823856306	0.0609848149332019	0.032089670072363	0.01501946754062	0.006481477915606	0.00248013771696391	0.000808740559879536	0.000371635542992263	6.35439011333921e-05	1.15534365697077e-05	1.92557276161794e-06	
0.00640871217770028	0.0318542820980502	0.0826632099388572	0.141540385211017	0.180956259392243	0.180868311671427	0.149339053759	0.10282044516842	0.0631579349875152	0.0335080816307802	0.0162014996998306	0.00666108389830184	0.00255048390365518	0.00105919646373686	0.000334583720494496	6.30929301503906e-05	1.33833488197798e-05	
0.0064644966194049	0.0309683431755722	0.0797040671744691	0.136709173727403	0.179866678077958	0.181774265635847	0.150743160357173	0.105917705569661	0.0655863977405643	0.0344982360045265	0.0163618900902443	0.00715868351734041	0.0027976682927757	0.0010079974134406	0.000317614279329396	0.00010079974134406	2.28225829458249e-05	
