# <P(N_2)> as a function of N_tot.
# number_of_species: 2
# species_total_upper_bound: 100
# species_total_lower_bound: 0
# volume: 512
# Bin widths for each species index 
1	1	1	1	1	1	1	1	1	1	1	1	1	1	1	1	1	1	1	1	1	1	1	1	1	1	1	1	1	1	1	1	1	1	1	1	1	1	1	1	1	1	1	1	1	1	1	1	1	1	1	1	1	1	1	1	1	1	1	1	1	1	1	1	1	1	1	1	1	1	1	1	1	1	1	1	1	1	1	1	1	1	1	1	1	1	1	1	1	1	1	1	1	1	1	1	1	1	1	1	1	
# Bin lower bound for each species index 
0	0	0	0	0	1	1	2	3	4	5	6	6	7	8	9	10	11	12	12	13	14	15	16	17	18	18	19	20	20	20	21	22	23	23	24	25	26	28	29	30	31	31	32	34	34	35	35	36	36	37	38	41	41	42	43	44	44	47	48	48	48	49	50	51	52	53	54	55	56	56	57	57	58	59	62	62	63	64	65	65	66	66	66	67	69	70	72	72	73	74	76	77	78	79	79	81	82	83	83	84	
# Bin upper bound for each species index 
0	1	2	3	4	5	6	7	8	9	10	11	12	13	14	15	16	17	18	19	20	21	22	23	24	25	26	27	28	29	30	31	32	33	34	35	36	37	38	39	40	41	42	43	44	45	46	47	48	49	50	51	52	53	54	55	56	57	58	59	60	61	62	63	64	65	66	67	68	69	70	71	72	73	74	75	76	77	78	79	80	81	82	83	84	85	86	87	88	89	90	91	92	93	94	95	96	97	98	99	100	
# Normalized histogram for each species index 
1	
0.0494106514718285	0.950589348528171	
0.00240177507110907	0.0962421366946382	0.901356088234253	
6.79912143526497e-05	0.00695875298200598	0.136334209336081	0.856639046467561	
3.54597354703734e-05	0.000366417266527192	0.0131407869697292	0.169423661099488	0.817033674928785	
4.14034589632574e-05	0.00108831949274848	0.0209590224051861	0.201714694679064	0.776196559964038	
2.98332025644621e-06	7.45830064111552e-05	0.00201970781361408	0.0311339301962726	0.231836800448691	0.734931995214754	
1.20429330563459e-05	0.000147525929940237	0.00334793538966415	0.0411356485872134	0.258558761986482	0.696798085173644	
1.20535660475152e-05	0.000382700722008606	0.00484252015958921	0.0517700661740776	0.281004785265721	0.661987874112556	
1.50976668065717e-05	0.000727707540076757	0.00790513833992095	0.0616377345045097	0.300198987248511	0.629515334700175	
2.41897199737542e-05	0.00106132396384846	0.010501362183606	0.0759708392925716	0.316842999646225	0.595599285193775	
9.38478212168732e-05	0.00152578393204207	0.013822875860524	0.0889223242775231	0.329293840555579	0.566341327553115	
9.07924363847662e-06	0.000217901847323439	0.00195506379681863	0.0184611287315691	0.100134978088759	0.339866353533642	0.53935549475825	
3.93516066050158e-05	0.000305731712854354	0.00276066655567496	0.0219037096456842	0.109981686367695	0.351367468329524	0.513641385781962	
4.53516110403962e-05	0.000377930092003302	0.00377023059782494	0.0253394568086374	0.119800815724311	0.363429670233319	0.487236544932865	
3.91991315884694e-05	0.000524665299722591	0.0047430949222048	0.0298908454951152	0.134320347364612	0.36746472078157	0.463017127005186	
4.52495512752832e-05	0.000793375465693299	0.00608757296490143	0.036060875729649	0.145803104119217	0.372458106457111	0.438751715712153	
0.000153409757462181	0.00105582009547501	0.00749902990888664	0.040999509690383	0.158517399975334	0.377754983561092	0.414019847011367	
0.000237698357775143	0.00136902218718595	0.00938758071213225	0.0485055091859884	0.169563176612889	0.376700746794081	0.394236266149949	
3.00272347018746e-06	0.000231209707204434	0.00170254420759629	0.0115875098714534	0.0544393765144986	0.179478787260045	0.375763817782729	0.376793751933003	
1.51145531986929e-05	0.000359726366128891	0.00243042015434982	0.0139205034959962	0.061736903995381	0.190271064397065	0.377002300434997	0.354263966602883	
3.65213421593244e-05	0.000450429886631667	0.00293692459864567	0.0165685155596135	0.0670957924370387	0.198764361256943	0.377877196986989	0.336270257931979	
2.44266604785793e-05	0.000607613179404661	0.00376475904626104	0.0187138752591516	0.0735059280451649	0.206826640937251	0.375804171462943	0.320752585409345	
5.81368664228998e-05	0.000706821902299466	0.00435108547649282	0.0217125896914156	0.0800758839098573	0.215797928491654	0.368676468338357	0.308621085323501	
8.22345878676571e-05	0.000758385643668394	0.00513813887899028	0.0245394101648042	0.0869341422780199	0.22380904519552	0.368922635527169	0.28981600772396	
0.000103208259089157	0.000986549535411057	0.00611357158251652	0.0277660572320152	0.095112481824722	0.229875148361872	0.362886310031539	0.277156673172834	
6.08030255585518e-06	0.000139846958784669	0.00121302035989311	0.00727508200808072	0.0308940172863002	0.100866139099082	0.237907038254224	0.358373032642104	0.263325743088976	
1.52336383107723e-05	0.00019803729804004	0.00155383110769878	0.00790321155562868	0.0334012753601994	0.107071150231094	0.244292717406869	0.355230165041237	0.250334378360921	
3.66702216409313e-05	0.000305585180341094	0.00195268930237959	0.00923478414990787	0.0370338680055372	0.11430719255839	0.249433903453418	0.350332018298441	0.237363288829945	
2.14475897505033e-05	2.45115311434323e-05	0.000260435018398968	0.00237149063812707	0.0111558106116546	0.0413938482184713	0.120783633650656	0.254944435422839	0.346341807173912	0.222702580145047	
6.13975305913196e-06	1.22795061182639e-05	3.99083948843577e-05	0.000383734566195748	0.00310671504792077	0.0121751303162587	0.0456552037477053	0.127642396222824	0.260261062300074	0.337640370104314	0.213077060040645	
3.07006502397721e-06	1.84203901438632e-05	9.82420807672707e-05	0.000614013004795442	0.00351215438742993	0.014413955287573	0.0498087349490062	0.135429778402707	0.262186623112678	0.332632335152859	0.201282673167018	
1.22777723209901e-05	1.84166584814851e-05	0.000116638837049406	0.000758152440821137	0.00397185934584029	0.0161299233867007	0.0545041007759552	0.141719256458108	0.264463215794126	0.325824452411354	0.192481706119242	
3.07181913128955e-06	5.22209252319223e-05	0.000165878233089636	0.000958407568962339	0.00445413774036985	0.0177336118449346	0.059304540148676	0.146071143331081	0.269499907845426	0.318830251274805	0.182926829268293	
1.23097376179427e-05	3.07743440448567e-06	4.00066472583137e-05	0.000218497842718482	0.00121558658977184	0.00485003662146941	0.0197263545327531	0.0625580865743847	0.153413182498015	0.271783619432152	0.312405753571363	0.173773488518092	
1.53445307489052e-05	3.06890614978103e-06	4.60335922467155e-05	0.000282339365779855	0.0012950783952076	0.00558847809875126	0.0216848908543528	0.0674821773275351	0.159402054325777	0.273461020288539	0.305288645967918	0.165450868346995	
2.74613786222321e-05	2.74613786222321e-05	4.8820228661746e-05	0.000305126429135912	0.00155614478859315	0.00622457915437261	0.0243063713449668	0.0720434011832803	0.165274781605758	0.274137788992869	0.298105470001495	0.157942593513622	
9.22055569215638e-06	9.22055569215638e-06	8.91320383575117e-05	0.00034730759773789	0.00188714039832801	0.007370297516597	0.0270899926235554	0.0770930661421195	0.172701008114089	0.276721170395869	0.28905520039341	0.147627243668552	
6.16046154177871e-06	0.000104727846210238	0.000480516000258739	0.00217464292424788	0.00839670908144438	0.0302109034008828	0.0826703136598994	0.178764273019335	0.276265897841066	0.281930442228732	0.138995413536382	
9.26577962269745e-06	0.000123543728302633	0.000574478336607242	0.00256044376907206	0.00961787924835996	0.0334463758447302	0.0877500216201525	0.180488121270524	0.276796634668841	0.274353557441656	0.134279678292131	
1.54310986016338e-05	0.000117276349372417	0.000762296270920712	0.00254921748898991	0.0110517528184902	0.03494526589326	0.0911206372426479	0.183630073359443	0.277096237589539	0.269223291082985	0.12948852080575	
2.16001382408847e-05	0.000135772297514133	0.00070354735984596	0.00278333209903972	0.0117720753412822	0.0382569305586413	0.0946888345799699	0.189621442148658	0.275096274901874	0.262793453306673	0.124126737268261	
1.23436217420553e-05	4.01167706616798e-05	0.000163552988082233	0.00074061730452332	0.00319699803119233	0.0135532966727768	0.0404068457726181	0.100480166885766	0.192332142173835	0.275972523098002	0.257049750967431	0.116051645713369	
6.19594041983692e-06	2.78817318892662e-05	0.000179682272175271	0.000817864135418474	0.00358125356266574	0.014591439688716	0.0430803737391261	0.10563768618801	0.199580534833577	0.275096656670549	0.248004907184813	0.109395524052641	
4.32395036104985e-05	0.000206931910135957	0.00104083662262414	0.00405833626744251	0.015887429040886	0.0466338046439227	0.110795050929958	0.204124430937247	0.272869064605995	0.240170734268542	0.104170141269635	
6.17747261063081e-06	6.17747261063081e-05	0.000336672257279379	0.00132815661128562	0.00509950364007574	0.0175224010600543	0.0497811630327684	0.115098669681273	0.205153865399049	0.27263657619758	0.234228140240983	0.0987468996809335	
2.47107300167415e-05	0.000105020602571151	0.000404638204024142	0.00144866654723147	0.00577304430016124	0.0190118179066305	0.0538663025952444	0.118691813952914	0.21033155622	0.269590975641398	0.226872301124956	0.0938791521748531	
2.15884138067158e-05	1.85043546914707e-05	0.00012644642372505	0.000354666798253189	0.00176716587303545	0.00653512126520441	0.021024030988626	0.0577890997014631	0.124398608472527	0.212254200488515	0.265358614393921	0.221170215390689	0.0891817374355432	
6.16234070349282e-06	3.69740442209569e-05	8.3191599497153e-05	0.000431363849244497	0.00194421849195198	0.00670462668540018	0.0230101801868422	0.0610102541349306	0.128071926840691	0.212745569277034	0.264198032980847	0.216039340383051	0.085718159185585	
3.05407856922527e-06	1.22163142769011e-05	2.74867071230274e-05	6.41356499537307e-05	0.000635248342398857	0.00217755801985762	0.00774208917298606	0.024701387467894	0.0642822457250535	0.131737679083532	0.217022823129148	0.264217499259386	0.206935201614997	0.0804413754348244	
1.52773449196717e-05	3.05546898393434e-06	2.74992208554091e-05	0.000109996883421636	0.000623315672722606	0.00240159862137239	0.00883336083255419	0.0271356200463209	0.0669117152791782	0.136903343294162	0.221610109935774	0.258715725276673	0.200292102834864	0.0764172792881979	
6.1422797685589e-06	3.07113988427945e-06	3.07113988427945e-05	0.000156628134098252	0.000703291033499994	0.00272717221724015	0.0100211294424038	0.0291911846000762	0.0702953208112723	0.141229438718475	0.221548960112035	0.257149613650603	0.19482697197892	0.0721103644828815	
3.07773749361369e-05	0.000150809137187071	0.000781745323377878	0.00327779043069858	0.0109105794148605	0.0311528589103578	0.0732716965104612	0.143382556614981	0.224560960746536	0.256501720455259	0.188348301396677	0.0676302036846673	
6.17377319409417e-06	1.54344329852354e-05	0.000182126309225778	0.0010032381440403	0.00368574259687422	0.0116128673780911	0.0339125361551593	0.0770641238952805	0.14846381088498	0.225126639522644	0.253254350194937	0.181468802380607	0.0642041543319823	
3.0970970908967e-06	4.33593592725538e-05	0.000201311310908286	0.00109637237017743	0.00412223622798351	0.0130170990730388	0.0352697416711317	0.0815310809178557	0.151838281978302	0.227896792336543	0.248489390893915	0.175747871520024	0.060743365243757	
6.22031742279809e-06	7.77539677849761e-05	0.000289244760160111	0.00134358856332439	0.0045563825121996	0.0137966640437662	0.0379750378661823	0.0836881506063254	0.156185950169037	0.227890659260342	0.245438174710055	0.17119868626896	0.0575534869544393	
1.8628912071535e-05	0.000105563835072032	0.00033842523596622	0.00144374068554396	0.00493666169895678	0.0153005464480874	0.0396485345255837	0.0866492796820666	0.159028812717337	0.229405737704918	0.242259687034277	0.165753849975161	0.0551105315449578	
3.10366232153942e-06	3.10366232153942e-06	0.000170701427684668	0.000288640595903166	0.00137492240844196	0.00529484792054624	0.016340782122905	0.0415518311607697	0.0905834885164494	0.162790192427064	0.230648665425202	0.239584109248914	0.159186840471757	0.0521787709497207	
0.000112041679504776	0.000410819491517511	0.00167128838594624	0.00590397405612666	0.0174131443563672	0.0442875860931378	0.0934396484381079	0.168059406988289	0.230183406004812	0.232884855388427	0.154791804773598	0.0508420243441671	
0.000153259581069627	0.000422245784579584	0.00180783750731111	0.00618042718762413	0.0189041001629556	0.0454711793793925	0.0979954272345403	0.171441171778968	0.230120824849321	0.229445231593993	0.14986910380678	0.0481891911334641	
2.1961404400438e-05	0.000103532335030636	0.00039844262269366	0.00205809732666962	0.00678607395973533	0.019978603317427	0.0478695869059832	0.101223250225104	0.174175898299874	0.232223027473717	0.225120081821918	0.144844874051346	0.0451965702561013	
3.13458988593227e-06	2.50767190874582e-05	0.000134787365095088	0.000611245027756793	0.00232273110547581	0.00744778556897508	0.0217885342971152	0.0511627761181866	0.104679629240708	0.176988348729394	0.231213619166136	0.221107701373891	0.139191463884823	0.04332316681347	
9.39046492191828e-06	2.81713947657549e-05	0.000137726818854801	0.000776278433545245	0.00252290490902205	0.00854845323391961	0.0227092743361724	0.0549530007230658	0.109639938273344	0.180869744861068	0.228225859462302	0.216397003815659	0.134302429313275	0.0408798239600843	
3.1448222074765e-06	7.23309107719595e-05	0.000201268621278496	0.000956025951072856	0.0031448222074765	0.00952566646644632	0.0241742483088719	0.058474824125818	0.113134978913967	0.182138667790416	0.229241814813999	0.208919973709286	0.129950343257344	0.0400618901010431	
2.51468734577894e-05	7.54406203733682e-05	0.000207461706026763	0.00109388899541384	0.0034922720514505	0.0101561935177647	0.0267216964080835	0.0621190641591043	0.116448884264658	0.18474150585765	0.226369011507838	0.205101043280913	0.124869943513835	0.0385784472434312	
1.25373770553463e-05	5.32838524852216e-05	0.000307165737855983	0.00121612557436859	0.00360763024767588	0.0111143847595645	0.0280273064072265	0.0636679350313121	0.120292998501783	0.184333920500492	0.224249794700451	0.204265215674229	0.12230838186343	0.0365433197720705	
3.15976731473494e-06	6.63551136094338e-05	0.000376012310453458	0.00116911390645193	0.00396550797999235	0.0114636358178584	0.0293921555616644	0.0662887584958244	0.122589492509772	0.185598412532901	0.225834889518736	0.200382963798546	0.118229013615437	0.0346405290714392	
3.15460398678852e-06	0.000167194011299791	0.000400634706322142	0.00144165402196235	0.00424294236223056	0.0125269324315372	0.0326722334911687	0.0687798307239501	0.125528001842289	0.188575917122244	0.223219778105156	0.194891434303795	0.114067325558286	0.0334829667157733	
1.88693486300853e-05	7.23325030819936e-05	0.000509472413012303	0.001474954084585	0.00470161270032958	0.0137054368883186	0.0345403426673711	0.0723325030819936	0.128365033839032	0.191828943064885	0.220293355473369	0.190813143130299	0.10941391803155	0.0319300827735427	
2.83205890682526e-05	0.000110135624154316	0.000494036942635074	0.00172126246892602	0.00504735831838636	0.0145221687277762	0.0359828817772743	0.0751345227980742	0.131737940149155	0.192296799773435	0.219494005475314	0.18770571761226	0.106545202806885	0.0291796469366563	
6.29043570702925e-06	4.08878320956901e-05	0.00012266349628707	0.000500089638708825	0.00179906461221036	0.00570542518627553	0.0153643892144189	0.0381640734345464	0.0783001984632466	0.134134105798838	0.192292329128177	0.219979681892666	0.184998568925877	0.101744652343345	0.0268475795976008	
3.74724811466579e-05	4.37178946711009e-05	0.000134276390775524	0.000555841803675426	0.00210158165097507	0.00608927818633191	0.0170218745608694	0.0399362967820507	0.0817618311552454	0.136640279794526	0.19444782737677	0.218592596062267	0.180295720330382	0.0967758052680063	0.0255656002623074	
9.3362835989506e-06	2.80088507968518e-05	8.09144578575719e-05	0.000220958711841831	0.000619306812063723	0.00215668151135759	0.0072200593165218	0.0177482751216051	0.0417892053889029	0.0838802839475052	0.139944666959204	0.198508061880888	0.215683711608424	0.175098886803786	0.0922487061466979	0.02476293619895	
1.55789932854539e-05	2.18105905996355e-05	4.67369798563617e-05	0.000211874308682173	0.000782065462929786	0.00257364969075698	0.00732524264282042	0.0193366464659054	0.0429699792799389	0.0855006309492281	0.145274112386858	0.200196295315397	0.212556668588076	0.171004377697113	0.0895729797940457	0.0226113508545078	
3.74273675149164e-05	2.18326310503679e-05	5.61410512723745e-05	0.000330608413048428	0.000901375767650902	0.0028288851946691	0.00815916611825177	0.0202263731945194	0.0455802957385823	0.0882381378637082	0.148430701669572	0.198296430988613	0.211336749620268	0.16803328540551	0.0865726200092945	0.0209499689664744	
7.20517519540122e-05	0.000463637360399731	0.00103691869116426	0.0030637658004793	0.00902526510345692	0.0213743088514011	0.0472784800213023	0.0929530253904109	0.151233494666604	0.197424933038861	0.209307206741538	0.162789969143054	0.0829127703898626	0.0210641730495121	
1.26373921477564e-05	6.95056568126601e-05	0.000341209587989422	0.00110577181292868	0.00326044717412115	0.0092442523560838	0.0223681841015288	0.0502367931353686	0.0964043459991596	0.152135245370765	0.199449641571965	0.207869304090408	0.157187042881831	0.0804685945008388	0.0198470243680514	
2.54054551863649e-05	9.52704569488684e-05	0.000355676372609108	0.00115277252908131	0.00334081735700698	0.00972711365447946	0.0241510608365381	0.0524590892779452	0.0985191795308248	0.15503996595669	0.201493840764958	0.205361821317082	0.153356854550593	0.07646724442906	0.0184538875109958	
1.26539030964101e-05	7.9086894352563e-05	0.000392270995988713	0.00124008250344819	0.00356523719741354	0.0108950105660091	0.0257253849950017	0.0541998304376985	0.100203095144697	0.158711579586724	0.198988953142597	0.202709200652941	0.151384969693902	0.0742436129424121	0.017649031343718	
2.84684901261787e-05	0.000126526622783016	0.000525085484549518	0.00130955054580422	0.003859061994882	0.0119789080119821	0.0265073274730419	0.0562410838270508	0.103226745197524	0.159879040548619	0.198779650723258	0.200566839270068	0.147890643039929	0.0717026371311354	0.0173784316392473	
3.15540030986031e-06	1.57770015493016e-05	0.000173547017042317	0.000564816655464996	0.00144201794160616	0.0042219256145931	0.0117475553536099	0.028326028581616	0.0583749057324157	0.10594887620418	0.161521786461439	0.200399473679228	0.197900396633819	0.144170240157518	0.0687845713546449	0.0164049262109638	
9.48559612228831e-06	3.1618653740961e-05	0.000145445807208421	0.000512222190603569	0.0017864539363643	0.00436337421625262	0.0129004107263121	0.0298985989774527	0.0610081923931843	0.109568120808552	0.163506382225258	0.200765803793606	0.19443891118004	0.13831263892446	0.0668070534892765	0.0159452870815666	
9.50540223693799e-06	1.9010804473876e-05	5.06954785970026e-05	0.000161591838027946	0.00057032413421628	0.00185355343620291	0.00506954785970026	0.0142105763442223	0.0311903932068059	0.0641329488926206	0.11213839865657	0.16503596210513	0.200415069231013	0.191090269636577	0.135623079116631	0.0636164887044137	0.0148125851525617	
3.17935707041322e-06	5.08697131266115e-05	2.54348565633058e-05	5.7228427267438e-05	0.000165326567661487	0.000600898486308099	0.00192669038467041	0.0060598545762076	0.0149080053031676	0.0331066451742129	0.0670431025438036	0.115750852862534	0.166474315563907	0.200983057206172	0.187477148371056	0.131049919085363	0.0604745508363299	0.0138429206845792	
9.56269782831132e-06	1.91253956566226e-05	1.91253956566226e-05	0.000111564807996965	0.000207191786280079	0.000691701809581186	0.00248630143536094	0.00665882525444745	0.0157816389826565	0.0351492896509297	0.0702412031148894	0.118472263394949	0.169393629330707	0.196994762829156	0.184311437942872	0.127340071847736	0.0584918350498376	0.0136204692734581	
1.60490458842222e-05	6.41961835368887e-06	4.49373284758221e-05	0.000202217978141199	0.000850599431863776	0.00258389638735977	0.00683047392832496	0.0166171821085236	0.0368293504951131	0.0732992023624196	0.120014765122213	0.170126305991109	0.19771140605691	0.181062125856618	0.125054165529859	0.0560272191818196	0.0127236835770113	
6.41342200958165e-06	3.20671100479083e-05	8.33744861245615e-05	0.000266157013397639	0.000846571705264778	0.00261346946890452	0.0070964514536021	0.0179094809617568	0.0388877843550983	0.0744983100633005	0.122114761773439	0.171603932710376	0.196010210167839	0.177398459496033	0.123009434143776	0.0557711177953221	0.0118520038737069	
1.92365648624906e-05	9.61828243124531e-05	0.000282136284649862	0.000945797772405789	0.00264182157444871	0.007188063070284	0.0185953460337409	0.0410668598872737	0.0754009220726757	0.122899206812309	0.171163748052298	0.195696780440261	0.178451200041038	0.120622879970247	0.0533718492109802	0.0115579693882131	
1.59480476400079e-05	1.91376571680095e-05	6.37921905600316e-05	0.000369994705248184	0.000963262077456478	0.00277496028936138	0.00769652779106782	0.0199797140834019	0.0424664612558131	0.0774182024636544	0.125759924470046	0.172168743102469	0.194799022703641	0.176040929069463	0.117352113754234	0.0514962458295855	0.0106150205091893	
1.90144192679449e-05	4.75360481698621e-05	0.000171129773411504	0.000364443035968943	0.00112818887656473	0.0033433687212803	0.00876247821264459	0.0216605926160672	0.0430486452226272	0.0802852162890192	0.129744889874822	0.172932974172081	0.194910473775947	0.171744572967834	0.112768182538425	0.0489399461258121	0.0101283473300586	
1.27289217012204e-05	3.50045346783561e-05	0.00016229375169056	0.000458241181243934	0.00111696287928209	0.00361501376314659	0.00952441566293815	0.0223551687377683	0.0451144807395503	0.083243965695556	0.13016595331668	0.172976499228309	0.192897261690719	0.170971694060367	0.110385208992983	0.0471702015942974	0.00979490524908909	
7.00853448358251e-05	0.000136984992179113	0.000506525901313463	0.00120737934967171	0.00395982198322412	0.0102420174385081	0.0230835640309268	0.0477567911106297	0.0854722637247812	0.131355864709799	0.174015539832369	0.192234543792191	0.168520211657741	0.107007578774335	0.045488574495943	0.00894225286155277	
2.85841326303754e-05	0.000165152766308836	0.000431938004192339	0.00144826271993902	0.00437972432192085	0.011065235342692	0.0239884393063584	0.0495299498189672	0.0858349742742806	0.132693895699676	0.17614812932732	0.194149780854983	0.165308391030934	0.103026742044083	0.0434129454360668	0.00838785491964683	
3.79493439507165e-05	0.000154959821132092	0.000528128369980804	0.00159071000060086	0.00429460075708941	0.0113310416146181	0.0249327189756207	0.0507762222060586	0.0886844543674951	0.135602493271898	0.180426993368352	0.19118563237838	0.160386577317045	0.100511999898802	0.0412003377491612	0.00835518055981607	
4.40833805655268e-05	0.000154291831979344	0.000469173121733107	0.0015397695068959	0.00446501668870836	0.0112223691668241	0.026273694817054	0.051886138925625	0.0930001889287738	0.139800995024876	0.181336985956294	0.189338119528938	0.157182442219283	0.0953366080987468	0.0399584356697525	0.0079916871339505	
3.13247879311857e-06	2.192735155183e-05	0.00015349146086281	0.0006578205465549	0.00166647871793908	0.00471438058364345	0.0118501672743676	0.02800436041048	0.0544080241576765	0.0962861331428786	0.142248994474307	0.181191970830357	0.18805523186608	0.153607362578155	0.0924676414940671	0.0371793907955243	0.00748349183676027	
1.54531799553712e-05	0.000241069607303791	0.000695393097991705	0.00185747223063562	0.00512736510919217	0.0128106861830027	0.0288696307926245	0.0559683271623635	0.0976857317698836	0.144011274640095	0.181383245044165	0.18674858912467	0.150529425945271	0.090583450262395	0.0362717039912473	0.00720118185920299	
1.54021501401596e-05	0.000258756122354681	0.000683855466223085	0.00218402488987463	0.00585281705326064	0.0138157286757231	0.0296398977297231	0.059076487077596	0.0985583587468811	0.145987739888488	0.181455811231248	0.184545482549364	0.148258016819148	0.0873055478544805	0.0353879801620306	0.00697409358346425	
5.22321565735705e-05	0.000356407656619658	0.000758902510215995	0.00247334623774849	0.00665191876363413	0.0149937014164132	0.0318124558331029	0.0616831044335883	0.10160076197499	0.147724828709251	0.181506744093158	0.181257873229484	0.144265216456202	0.0845546440532153	0.0337511905859219	0.00655667188988232	
3.04632856481369e-06	3.96022713425779e-05	0.00031377184217581	0.00101442741208296	0.00252845270879536	0.00665927424268272	0.0162186532790681	0.0334943825701265	0.0636743596617357	0.102536373163064	0.149736187946287	0.179550605610119	0.181430190334609	0.141663417249531	0.0825189481636731	0.032096117758877	0.0065221894572661	
6.07175601255639e-06	8.19687061695113e-05	0.000273229020565038	0.0010018397420718	0.00262603447543064	0.00697948353643357	0.0160992610672933	0.0343691749090755	0.0653412023291256	0.105302464525765	0.149778077317741	0.181594078823537	0.180252220744762	0.137661888194685	0.0812036649119292	0.0309750632980564	0.00645427664134744	
