# <P(N_1)> as a function of N_tot.
# number_of_species: 2
# species_total_upper_bound: 100
# species_total_lower_bound: 0
# volume: 512
# Bin widths for each species index 
1	1	1	1	1	1	1	1	1	1	1	1	1	1	1	1	1	1	1	1	1	1	1	1	1	1	1	1	1	1	1	1	1	1	1	1	1	1	1	1	1	1	1	1	1	1	1	1	1	1	1	1	1	1	1	1	1	1	1	1	1	1	1	1	1	1	1	1	1	1	1	1	1	1	1	1	1	1	1	1	1	1	1	1	1	1	1	1	1	1	1	1	1	1	1	1	1	1	1	1	1	
# Bin lower bound for each species index 
0	0	0	0	0	0	0	0	0	0	0	0	0	0	0	0	0	0	0	0	0	0	0	0	0	0	0	0	0	0	0	0	0	0	0	0	0	0	0	0	0	0	0	0	0	0	0	0	0	0	0	0	0	0	0	0	0	0	0	0	0	0	0	0	0	0	0	0	0	0	0	0	0	0	0	0	0	0	0	0	0	0	0	0	0	0	0	0	0	0	0	0	0	0	0	0	0	0	0	0	0	
# Bin upper bound for each species index 
0	1	2	3	4	4	4	5	5	5	5	5	6	6	6	6	6	6	6	7	7	7	7	7	7	7	8	8	8	9	9	10	10	10	11	11	11	11	10	10	10	10	11	11	10	11	11	12	12	13	13	13	11	12	12	12	12	13	11	11	12	13	13	13	13	13	13	13	13	13	13	14	15	15	15	13	14	14	14	14	14	15	16	16	16	16	15	15	16	16	16	15	15	15	15	16	15	15	15	16	16	
# Normalized histogram for each species index 
1	
0.950537115111012	0.0494628848889875	
0.900941105437936	0.0966897239686561	0.00236917059340832	
0.856693374189158	0.13635631363859	0.00687798158200152	7.2330590250494e-05	
0.817006312170932	0.169572504354641	0.0130556900088575	0.00032598065848093	3.95128070885976e-05	
0.777168790249754	0.20085492620741	0.0209216328629152	0.00100850971267361	4.61409672465048e-05	
0.735720276196759	0.231144068498918	0.03111025660575	0.00198562000072928	3.97786978443261e-05	
0.696425470526161	0.259039846118911	0.0410917275556684	0.00328600243110749	0.000150274501422599	6.67886672989327e-06	
0.661593832395962	0.281468782686864	0.0516473344227562	0.0048890359275634	0.000394330990739905	6.68357611423568e-06	
0.628933290320846	0.300670725970133	0.0615649824589701	0.00805139992203987	0.000769520276355229	1.00810516553087e-05	
0.595321511345874	0.316916401660109	0.0760793402684202	0.0105542230367057	0.00110157386945507	2.69498194362098e-05	
0.566653496374793	0.329041168981599	0.0887238662573745	0.0139132314155362	0.00156355003528963	0.000104686935408161	
0.539328424531394	0.340248233540927	0.099844220443279	0.0183928010245632	0.00195991633184763	0.000216266629721117	1.01374982681774e-05	
0.513545188342458	0.352016157631475	0.109384868432163	0.021963435928439	0.00275936139528443	0.000300591388225599	3.03968819553976e-05	
0.487447006723733	0.363253719655442	0.119761428995761	0.0253220100991008	0.0038040396403208	0.00038141657440661	3.03783112359247e-05	
0.462754640755293	0.367324646166566	0.134502078802932	0.0300308879530261	0.00478612025127131	0.000564654636385941	3.697143452527e-05	
0.438501812323802	0.372489595918915	0.145737682910458	0.0363303799167674	0.00607799704658343	0.000812189555645053	5.03423278292388e-05	
0.413059783955371	0.37809149416358	0.15890598107433	0.0411228159468528	0.00757763476001366	0.00107151706725779	0.00017077303259421	
0.393952482354989	0.376153454672077	0.170162186775952	0.0484819264199713	0.00958254650648881	0.00141294012080303	0.000254463149718082	
0.376294203305145	0.375736443429121	0.180113021522183	0.0542530025516679	0.0116294604090684	0.00172003794103109	0.000250490962286081	3.33987949714774e-06	
0.354454182196703	0.376119002048286	0.191061414996138	0.061680265941372	0.0139686377220375	0.00235384976998758	0.000345858097444679	1.67892280312951e-05	
0.335310879776908	0.378054310893314	0.199567489271839	0.0670763899229738	0.0165626565228574	0.00294432185837473	0.000446724695753408	3.72270579794507e-05	
0.320639953190751	0.375127143581248	0.207481315421538	0.0734966440898221	0.0188563711265857	0.00370459826030161	0.000666759650155294	2.72146795981753e-05	
0.308704781740273	0.368690783071854	0.215907267357495	0.079946053911945	0.0216364784813152	0.00435324444747939	0.000696519111596702	6.48718780408693e-05	
0.290709602907707	0.368551920921227	0.223237881721526	0.087071571724583	0.024515099018309	0.00506471007846734	0.000774482828900438	7.47307992798668e-05	
0.277288383576676	0.361975594639355	0.230198162316308	0.0956198372298595	0.0277515299919055	0.00607932588912258	0.00098894883544501	9.82175213284428e-05	
0.26356023394989	0.358002396526733	0.237595597994521	0.101343209105444	0.0308968644876151	0.00723370887970862	0.00122881399082802	0.000132386037685892	6.78902757363549e-06	
0.250978015505248	0.355132836466274	0.243531819125864	0.107191861276715	0.0335708716509991	0.00782752879570456	0.00154916294129864	0.000200880469311252	1.70237685856994e-05	
0.237739255925613	0.350769620097327	0.248162726517268	0.114764189496507	0.0369643351788713	0.0092299695298153	0.00201082700390196	0.000328298286351341	3.07779643454382e-05	
0.223093559454485	0.346081210305695	0.254088106361028	0.120859196397051	0.0419761380033658	0.0111563917041688	0.00244378103996079	0.000287906882688228	6.85492577829114e-06	6.85492577829114e-06	
0.213536593730709	0.337670622127718	0.259091844433775	0.127824267782427	0.0458296179436175	0.0123568145963372	0.00322381507647987	0.000414980451334111	4.11550860827217e-05	1.02887715206804e-05	
0.202234425948172	0.333070190492535	0.260737944053544	0.135026600308907	0.0500463360219667	0.0145529431954694	0.00357302213832161	0.000645272009610434	9.95366397803329e-05	1.02968937703793e-05	3.43229792345976e-06	
0.192075649015458	0.327119568386285	0.263941527728712	0.141320565103908	0.0544867727408363	0.0161649351584767	0.0039683492421722	0.000778578459786594	0.00012347499802783	6.85972211265722e-06	1.37194442253144e-05	
0.182483833503989	0.318615694386223	0.270518221238756	0.145948583327034	0.0589759272112537	0.0178089157967798	0.00447370410330065	0.000948342805307971	0.000182109306816386	4.12322958829553e-05	3.43602465691294e-06	
0.174051898961193	0.312076648226579	0.271817705243699	0.153410266668506	0.0624905155407176	0.0197897554044173	0.0048491453639963	0.00122090857671031	0.00023107591706099	4.48356256984011e-05	3.44889428449239e-06	1.37955771379696e-05	
0.166549078857253	0.305372673051972	0.272897788087265	0.159239132305214	0.0674036267522018	0.0212793783103836	0.00568551398491893	0.00124929877513655	0.000251236392796055	5.16239163279564e-05	3.44159442186376e-06	1.72079721093188e-05	
0.158612186066528	0.298807624915892	0.27401059509456	0.164230796818056	0.0722631900729907	0.0238475016821677	0.00627098440109708	0.00153700598066105	0.000310816764978123	4.78179638427882e-05	3.0740119613221e-05	3.0740119613221e-05	
0.148215888033609	0.289920343242584	0.276134257906372	0.171913515520519	0.0769579851000265	0.0271011747394911	0.00733653518889687	0.00199399738029999	0.000333478872222585	7.21964568729308e-05	1.03137795532758e-05	1.03137795532758e-05	
0.139125606547087	0.282248302357903	0.276230251654533	0.178386058814806	0.082552481195747	0.0302144081445436	0.00841837350540245	0.00223133455878549	0.000506964729739517	7.93210121361149e-05	6.8974793161839e-06	
0.13490757197491	0.274068285396165	0.276388495079496	0.18090374068977	0.0876216294718497	0.0331848767972116	0.00960933339787965	0.00260029460784653	0.000598206073347672	0.000110650834376448	6.915677148528e-06	
0.129880108539152	0.269513512016835	0.276335280761989	0.184132379000997	0.0909499944622882	0.0346868423967217	0.01107888470484	0.00251965887695204	0.000771818584560859	0.000114215306235464	1.73053494296157e-05	
0.124079551673259	0.263391960321144	0.274527393512008	0.189402808276588	0.0953975851869298	0.0380509701508046	0.0116584348741679	0.00269813451187664	0.000630372889809433	0.00013854349226581	2.42451111465167e-05	
0.115935951200915	0.257872664887533	0.276224309430562	0.191096246490833	0.100824870897307	0.0405711711087235	0.0134162825356115	0.00314005476033688	0.000689702977160087	0.000169826361210273	4.50559733823173e-05	1.38633764253284e-05	
0.109732203448816	0.2477753223477	0.275338008317528	0.199206528737232	0.10547947589135	0.0433137865631906	0.0145643738363292	0.0035915015051593	0.000762150028711131	0.000198367815691938	3.13212340566218e-05	6.96027423480485e-06	
0.103511361510156	0.240334573778785	0.273123219891478	0.204195338974242	0.110912455042515	0.0467211353887307	0.0159144300534292	0.00411633853766034	0.000907812034399839	0.000214825748598435	4.85090400060983e-05	
0.098633079814972	0.234084648568112	0.272573240241853	0.205238994473415	0.114810900712046	0.0502659344086208	0.0175603333275584	0.00510039673602328	0.0013166785052234	0.000339564456610246	6.92988686959685e-05	6.92988686959685e-06	
0.0939650278973819	0.226557200016614	0.269777374738678	0.210358720181645	0.118626175082031	0.0535345913691177	0.0193170333245649	0.00585291226515665	0.00148832186517881	0.00038765592767448	0.000107297622838472	2.76897091196057e-05	
0.0893229346400718	0.22096763061633	0.265321968389813	0.212236869349161	0.124877493270757	0.057495341293395	0.0209779832976741	0.006515287459452	0.00178066119124853	0.000345089378148941	0.00011387949478915	2.07053626889364e-05	2.41562564704258e-05	
0.0858121675050198	0.216684951734321	0.263888026385698	0.21294513789701	0.128140374119384	0.0605615240776391	0.0228942847088534	0.00669992478972172	0.00184920684206532	0.000414001531805668	6.21002297708502e-05	4.14001531805668e-05	6.90002553009446e-06	
0.0807034227035458	0.207411182792756	0.264115316991743	0.217177141840721	0.131394052171771	0.0641098439498943	0.0245534339916947	0.00771014770371688	0.00213790697197118	0.000595193300996778	4.44684650170006e-05	3.07858603963851e-05	1.36826046206156e-05	3.42065115515389e-06	
0.0764648691579827	0.200621003190601	0.258404425760335	0.2215550412861	0.137209525244088	0.066612348857272	0.0271885740890356	0.008900817505854	0.00236556342174812	0.000564859572486888	8.21613923617292e-05	1.02701740452162e-05	3.42339134840538e-06	1.71169567420269e-05	
0.0722277025238794	0.19542106475196	0.256632788091056	0.221725366998807	0.140925479736441	0.0701688658525268	0.0291296173450975	0.0101910696670459	0.00270157867058957	0.000711484459048398	0.000140922042613451	1.37484919622879e-05	3.43712299057197e-06	6.87424598114394e-06	
0.0674144143523462	0.188643237545385	0.256825838632559	0.224689452761683	0.143271993220666	0.0729157337044514	0.0311236195029866	0.0109199638986682	0.00325532046821498	0.000761297167698953	0.000144680909698444	3.44478356424866e-05	
0.0638782665219105	0.181690881053309	0.253939880092109	0.225501517865169	0.148066191368568	0.0766642924812082	0.0338563456445222	0.011589713092365	0.00361659901390627	0.000992317320259178	0.000179792685203754	1.72877581926686e-05	6.91510327706744e-06	
0.0606071121228104	0.175537156816478	0.249486439219388	0.228302057019127	0.151656580518002	0.0809482830413902	0.0350539932820698	0.0129569996946395	0.00409807622907587	0.00109305166143853	0.000208200316464481	4.85800738417122e-05	3.47000527440802e-06	
0.0573325518271197	0.170546286798825	0.245078953060783	0.229106919818858	0.156590818697536	0.0834467215116563	0.037910029097151	0.0137356694786935	0.00452157166481757	0.00132576946962243	0.000310509165253676	8.72216756330549e-05	6.97773405064439e-06	
0.0550666936276731	0.1654999058689	0.242352719691529	0.229237119727787	0.15956267388106	0.0867679563789509	0.0394932260471213	0.0151551071351374	0.00497500296338649	0.00139802115509319	0.000352120041557138	0.000118535459534086	2.0918022270721e-05	
0.0526431311340048	0.158796907607995	0.239677800346309	0.230469607388852	0.162775627380003	0.0907162043988893	0.0416058419591188	0.0161970825044334	0.00525037714222007	0.00139011312524606	0.000285687409198438	0.000184651618140454	3.4839927951029e-06	3.4839927951029e-06	
0.0507018477788829	0.154339968900158	0.23281453567376	0.230156339744757	0.168545031730244	0.0939719541067201	0.0444433548604009	0.0170208593082387	0.00576467786447754	0.00169157922754718	0.000430774834344312	0.000119075970469159	
0.0479077951786029	0.149889143058244	0.229062115080063	0.230142530353686	0.171969030441668	0.0978884392046454	0.0459792363188457	0.0187999296146402	0.00598979412282245	0.00178426887207461	0.000429350695055428	0.000158367059651592	
0.0451545933120783	0.144894378007746	0.225232763825483	0.231757565486341	0.174008833903547	0.101695812899194	0.04780264593418	0.0201393228752908	0.00669780776550258	0.00208666546621614	0.000391911788071053	0.000112983578543006	2.47151578062826e-05	
0.0433890489100736	0.13976019150834	0.220819833382104	0.231357727848034	0.176517664811048	0.104776074149547	0.0508632330076892	0.0218373095757695	0.00757289973664078	0.0023057152829437	0.000624023860980176	0.000148073458537669	2.46789097562781e-05	3.52555853661116e-06	
0.0406707929958208	0.134444268105592	0.216709869685588	0.228101359572555	0.181015359114074	0.109315981590224	0.0550600433793578	0.0225890070359202	0.00858417535135516	0.00255338658766686	0.000775890952053466	0.000148124636301116	2.11606623287309e-05	1.05803311643654e-05	
0.0395677071876131	0.129318847881467	0.20862101998964	0.229490572866033	0.182936781079029	0.113239144781193	0.058698721997119	0.0239847292493064	0.00964356421591933	0.00320032925782165	0.00100764247142056	0.000209334175400751	7.80568111663816e-05	3.54803687119917e-06	
0.0382904139139814	0.124195482639456	0.204459172739723	0.22584319096244	0.185952612419548	0.116907814906012	0.0625376978917565	0.0266244686814785	0.010189961894084	0.00355158490807036	0.00112472768817014	0.00021288221227195	8.16048480375808e-05	2.83842949695933e-05	
0.0369042568236459	0.121711921934663	0.203351718285957	0.223925187385094	0.184998585772875	0.121121482110027	0.0638205345778532	0.0280405883184839	0.0109885447602885	0.00358153019374912	0.00117734408145948	0.000304058831848395	6.01046528072408e-05	1.41422712487626e-05	
0.0349330639951748	0.117583237268597	0.199748030821612	0.225847897699086	0.185557811936772	0.12362906996249	0.0664506251048385	0.029526076668582	0.0113493199330462	0.00386519292059402	0.0011242250877074	0.000310500262319187	7.1379370648089e-05	3.56896853240445e-06	
0.0337311308440293	0.113284672577005	0.193939697378256	0.22351523301016	0.189076005907955	0.125808678113031	0.0690429614159064	0.0326368002632115	0.0127850713281812	0.0041842051619502	0.00143764997872135	0.000396963053826044	0.000157354724039153	3.57624372816256e-06	
0.0323312879063237	0.108956404609694	0.190381504208448	0.220360907399885	0.19184252350103	0.12879775929529	0.0723418357529238	0.0346047764640482	0.0136979467333747	0.00467526173626107	0.00141825775231091	0.000491757713112826	7.83961571629143e-05	2.13807701353403e-05	
0.0293158446859679	0.106758772274119	0.187559320340543	0.219772495343576	0.191880338830649	0.131318285294265	0.0754304961856575	0.0361238573029137	0.0146436497798457	0.00488478473406647	0.00169486687266733	0.000495971569054229	9.99079419677583e-05	2.14088447073768e-05	
0.0268341166939683	0.10154780641178	0.184087964796951	0.22073282584412	0.192210647280721	0.133845818924137	0.0784466975728311	0.03846853888074	0.0157778467753736	0.00567088860576082	0.00175943869266211	0.000467518192167821	0.000117771758332352	3.21195704542778e-05	
0.0252774944287862	0.0961589724087192	0.179494379027357	0.219582238934876	0.194702815284496	0.136328578993947	0.0819492673009735	0.0402229196359074	0.0172521031998493	0.00625895214975991	0.00210053419676781	0.000501142676386228	0.000117288711494649	4.62046439221345e-05	7.10840675725146e-06	
0.0245280140220905	0.0918390156151873	0.174470712210076	0.215422880276468	0.199314507115714	0.140291866690794	0.0839622340255676	0.0419314436153718	0.0178859711681409	0.00725231602215434	0.00219272568575899	0.00058543646949876	0.000209337889093496	8.87024953786e-05	1.774049907572e-05	7.096199630288e-06	
0.022590254375862	0.0895967524065464	0.1703529127387	0.212885154061625	0.200429410342817	0.145828889931607	0.0852422187148971	0.0427810718195908	0.0192239332281136	0.00732628076611355	0.00263760326465612	0.000796257589330148	0.000223947446999104	5.33208207140724e-05	1.77736069046908e-05	1.42188855237526e-05	
0.0210591646959369	0.086762046420049	0.167421072719036	0.210887702289613	0.198670961252421	0.148751752255193	0.0881281812572007	0.0455782531308743	0.0203636130164471	0.00809336800390936	0.0028820808052705	0.00094166996607848	0.000328157715451591	6.42047704144418e-05	2.49685218278385e-05	4.28031802762945e-05	
0.0211340003080549	0.0833288557908952	0.162122856600435	0.209212274913942	0.197463203556243	0.151251383560613	0.0929143786424808	0.0472219535696759	0.0215316060765624	0.00907329199666154	0.00313786174065358	0.00108177425305637	0.000465664413567312	6.08945771588023e-05	
0.0199710574844551	0.0810643050728796	0.157343351341208	0.207314300561889	0.19948682971191	0.152356000158787	0.0959938794879845	0.0499709492206813	0.0222121176033288	0.00932151092922797	0.00339948249916096	0.0011295520405917	0.000350052868809568	7.21758492390861e-05	1.44351698478172e-05	
0.0187741619325916	0.076777319999274	0.153028295551482	0.205107356117393	0.20150643410712	0.154669038241647	0.0988620070058261	0.0522569286894023	0.0240739060202915	0.00979000671542915	0.0034266838484854	0.00123055701762346	0.000362996170390402	0.000105268889413217	2.90396936312322e-05	
0.0176243631327541	0.0744569678429501	0.150942509284069	0.202611472108017	0.198518164954493	0.159013411728121	0.100669320807524	0.0540844479640136	0.0259411532856745	0.0108371391688272	0.00351474783853856	0.001290910471562	0.000397759529052718	8.31679015292046e-05	1.44639828746443e-05	
0.0172681678903856	0.0719814129617853	0.147171474822224	0.200685089899983	0.198618257501301	0.1603095912586	0.103576487252125	0.0559273284384575	0.0266556339249581	0.0120143666531769	0.00385182401572527	0.00124299011389258	0.000534774816442158	0.000137307047464878	2.52934034803723e-05	
0.0163166035444795	0.0687176559021654	0.144088438520917	0.198036225389575	0.200294891439475	0.161709647575819	0.105897106016364	0.058309722744225	0.0283760733181069	0.0118932319523548	0.0042029257856544	0.00141663534649744	0.00053123825493654	0.000191534881031542	1.80693283992021e-05	
0.0157989332096475	0.066732374768089	0.138534177875696	0.194229041048237	0.200617462894249	0.163613172541744	0.109429354128015	0.061344068877551	0.0298838995825603	0.0131247101113173	0.00426136363636364	0.00176469735621521	0.000456574675324675	0.00016668599257885	3.62360853432282e-05	7.24721706864564e-06	
0.0146446022778878	0.0636101069916986	0.136084721440119	0.191426132132023	0.199832882236472	0.164719986921219	0.112066992425206	0.0643330729687017	0.0313127826924125	0.0142558718279414	0.00512978874134893	0.0018055984450782	0.000544949228896841	0.00015985177380974	5.81279177489964e-05	1.08989845779368e-05	3.63299485931227e-06	
0.013886914590008	0.0601328915763653	0.131830922258792	0.187987272150722	0.20060577564432	0.165534937800473	0.115826344315295	0.0671747600771252	0.0331099034476726	0.0150314004643551	0.00613065363264919	0.00193177552039481	0.000564953218228671	0.000149439238370165	5.46728920866456e-05	2.91588757795443e-05	1.82242973622152e-05	
0.0136671761084014	0.0582920783029009	0.127618810831365	0.184214375031992	0.196927261957865	0.169384501758671	0.118116138090398	0.0702517714678503	0.0354915137732082	0.0158170689793859	0.00669464939927313	0.00257402139655286	0.000650817909923876	0.000204751701998523	6.58130470709538e-05	1.09688411784923e-05	1.82814019641538e-05	
0.0127746344330957	0.0561282974502168	0.125266367844809	0.180759056506723	0.197001983981189	0.17045337644206	0.120405613931957	0.0732272760673084	0.0367550885443457	0.016713204497024	0.00688147549415828	0.00264163421265339	0.0007899184363289	0.000165331765743258	2.93923139099126e-05	3.67403923873907e-06	3.67403923873907e-06	
0.011796443449377	0.0560899965131857	0.122754216292599	0.17745682773302	0.195478152355435	0.171136517957094	0.121998128131251	0.0749481565763154	0.0393386063753647	0.0179405773430475	0.0072489034886495	0.00266466021911875	0.000833165109834652	0.000227560514580389	6.60659558459195e-05	2.20219852819732e-05	
0.0116581693692367	0.0534906407023615	0.120064051830447	0.178428521470247	0.195836631020964	0.171154589460897	0.122482560600762	0.0756437393016878	0.0414349082475935	0.018689146159651	0.00722607719349911	0.00264305829084685	0.000916603780530452	0.000239274079254937	7.36227936169038e-05	1.84056984042259e-05	
0.0108467588109282	0.0522346450685213	0.117135457933504	0.175312527511225	0.194827156146374	0.171860785867301	0.125729964492179	0.0774789447427884	0.0425543621797693	0.0202079114945564	0.00765545675969129	0.00282448572350852	0.000928045309152801	0.000315462041846407	5.5022449159257e-05	1.46726531091352e-05	1.8340816386419e-05	
0.0101039176820381	0.0493026001282574	0.112917565440448	0.171533405235236	0.194466711362444	0.172185623506092	0.129572815250976	0.0807839736489244	0.0435018655628753	0.0218657086223984	0.00888692940010494	0.00329388445169941	0.00107852853728211	0.000309712586719524	0.000156678132105171	1.82183874540897e-05	2.18620649449076e-05	
0.00973679872520468	0.0467131893693793	0.111050057695478	0.17065406524168	0.192878729600528	0.172401413997106	0.130069417733575	0.0833891972086378	0.0454383940509552	0.0228071139439896	0.00967086103632068	0.00360459365899225	0.00105866622708207	0.000373646903676026	0.000124548967892009	1.83160246900013e-05	1.09896148140008e-05	
0.00896336567965774	0.0448608203770846	0.106966496442149	0.16892186657966	0.191746371578249	0.174068928098777	0.131147420786943	0.0858980045971618	0.0478376109422715	0.0232827547777122	0.0105507429145419	0.00394828009692899	0.0011841174292554	0.000472913772055562	9.16499558247213e-05	5.86559717278216e-05	
0.00848297372106374	0.0427951398410905	0.102340496327092	0.165436269831693	0.19427472402912	0.175915667540559	0.132670783834085	0.0865190190464699	0.0497935931609681	0.0242276654636932	0.011192406275938	0.00439871439070676	0.00142601713414433	0.000361988964821254	0.000146258167604547	1.82822709505684e-05	
0.00819334545812391	0.0407152411533373	0.0996869179827167	0.159690052447616	0.191745423134538	0.180639941101218	0.135427107289818	0.0890807634973339	0.0514744741570659	0.0252980475199458	0.01156107286173	0.00429713269356232	0.00153078518345731	0.000473814461546312	0.000145789065091173	4.00919929000725e-05	
0.00777693750818051	0.0393246171521647	0.0951702273090851	0.15660767004552	0.189177004406568	0.1814364247175	0.140199386280013	0.0929196783060165	0.0523588953040241	0.0269302366166868	0.0114999781853085	0.00454836317098355	0.00146522011023691	0.00040357179214962	0.00013452393071654	4.72651648463519e-05	
0.00743248135544131	0.0366410831945551	0.092140322930997	0.153627543262617	0.187549779161538	0.181207008905945	0.14290058648903	0.0964231409745855	0.0544819346897401	0.028480921004996	0.011957859677069	0.00473535587575121	0.00165809861704438	0.000593729635797553	0.000141191803634784	2.53421186011151e-05	3.62030265730215e-06	
0.00712376288862161	0.0356866258132903	0.0899392909785895	0.150980231201082	0.186531234274008	0.180931442704746	0.14477013730018	0.0978446691340488	0.0561620905888525	0.0292302695680416	0.0129269885684306	0.0051072668805699	0.00184518307285439	0.000638854487506647	0.000264107441762525	1.78450974163868e-05	
0.00690319873103488	0.0348325236330528	0.0867363269719106	0.147716360687688	0.184963759095791	0.181158286328039	0.146087476082426	0.0991521264412784	0.059443618542255	0.0300170001493737	0.0139806667757332	0.00579356555015755	0.00223704894478152	0.000693520738048326	0.000266738745403202	1.77825830268802e-05	
0.00654074925826555	0.0334383828059566	0.0841070085033289	0.143846798120466	0.180695739818009	0.181291966554519	0.147921014153287	0.101546640546257	0.0623553795267095	0.0323772411737149	0.0154167199011967	0.00682821572051162	0.00246298425677498	0.000759479295316781	0.000351347898300754	6.03324673849779e-05	
0.00660708439960717	0.0316098124179394	0.0824002337295707	0.141392310156324	0.181520579818296	0.178852401888141	0.149333483521009	0.102341167732647	0.0638461890463904	0.0342463101352041	0.0169559539440105	0.00694500667044483	0.00250625684204598	0.00105952712002225	0.00033792227083766	4.22402838547075e-05	3.52002365455896e-06	
0.00680937604095443	0.0305720647276425	0.0814740791388348	0.137551499850979	0.180108346920528	0.181791405880187	0.148842020372026	0.104496923157839	0.0655726783428882	0.0344185557250302	0.0168551342064202	0.00743351040516138	0.00261224776030435	0.00110100106944371	0.000259471589614124	9.46720664808289e-05	7.01274566524659e-06	
