# <P(N_1)> as a function of N_tot.
# number_of_species: 2
# species_total_upper_bound: 100
# species_total_lower_bound: 0
# volume: 512
# Bin widths for each species index 
1	1	1	1	1	1	1	1	1	1	1	1	1	1	1	1	1	1	1	1	1	1	1	1	1	1	1	1	1	1	1	1	1	1	1	1	1	1	1	1	1	1	1	1	1	1	1	1	1	1	1	1	1	1	1	1	1	1	1	1	1	1	1	1	1	1	1	1	1	1	1	1	1	1	1	1	1	1	1	1	1	1	1	1	1	1	1	1	1	1	1	1	1	1	1	1	1	1	1	1	1	
# Bin lower bound for each species index 
0	0	0	0	0	0	0	0	0	0	0	0	0	0	0	0	0	0	0	0	0	0	0	0	0	0	0	0	0	0	0	0	0	0	0	0	0	0	0	0	0	0	0	0	0	0	0	0	0	0	0	0	0	0	0	0	0	0	0	0	0	0	0	0	0	0	0	0	0	0	0	0	0	0	0	0	0	0	0	0	0	0	0	0	0	0	0	0	0	0	0	0	0	0	0	0	0	0	0	0	0	
# Bin upper bound for each species index 
0	1	2	3	4	4	4	5	5	5	5	5	6	6	6	6	6	6	6	7	7	7	7	7	7	7	7	7	8	9	9	10	10	10	11	11	11	11	10	10	10	10	11	11	10	11	11	12	12	11	10	11	11	12	11	12	12	13	11	11	12	13	13	13	13	13	12	12	13	13	13	14	15	15	15	13	14	14	14	13	14	14	14	15	15	15	15	15	16	16	16	15	15	15	15	16	15	15	15	16	16	
# Normalized histogram for each species index 
1	
0.950362474030367	0.049637525969633	
0.90118664610404	0.096570524306716	0.00224282958924408	
0.857154953429297	0.136159832264828	0.00661263658723439	7.25777186403774e-05	
0.816894284269095	0.169719777440567	0.0129934243803743	0.000343955488113303	4.85584218512898e-05	
0.777111829326153	0.200856451161602	0.0209287142283626	0.00104623295309389	5.67723307880405e-05	
0.73597960818112	0.2306804184063	0.0311934661620206	0.00209772299486546	4.87842556945455e-05	
0.696043974007928	0.259430299562712	0.0408476030896236	0.00349830397646001	0.000171645755854346	8.17360742163554e-06	
0.662160945137177	0.280479118395952	0.0519522519055845	0.00497375983494486	0.000425737467353305	8.18725898756355e-06	
0.629394192167192	0.300602808173865	0.0612382427751365	0.00794293251589203	0.00081360612423519	8.21824367914333e-06	
0.595552332408968	0.316606850743132	0.0760685486363206	0.0105031542426727	0.00124439096951242	2.47229993942865e-05	
0.565923945212737	0.33036272346837	0.0881704051095042	0.013763043847195	0.0016515652616634	0.000128317100530239	
0.539342112906304	0.340142066435975	0.0998863136581277	0.0183516310255836	0.00200403296074087	0.000261395603574896	1.24474096940427e-05	
0.513190613181896	0.351515830811446	0.109950143425865	0.0222465762523299	0.00272737462171688	0.000332100410559133	3.73612961879024e-05	
0.48788971754407	0.362115872772673	0.120353308018171	0.0255912277577861	0.0036274944200357	0.000401674610437742	2.07048768266878e-05	
0.463825173556717	0.366423165080883	0.134191085533367	0.0302590571046947	0.00472437049618258	0.000552413304091156	2.47349240637831e-05	
0.439615270984473	0.371590125726291	0.145196631979779	0.0365607458228014	0.00613449102189541	0.000865804418474871	3.6930046285658e-05	
0.412412752929411	0.378649212470952	0.158354201589403	0.041435954604883	0.00785684717878938	0.00111069670602604	0.000180334520535594	
0.394567864787069	0.375997408582839	0.169368793104862	0.0484824628303852	0.00977931950697468	0.00150892644803635	0.000295224739833198	
0.376546570021815	0.375781214827427	0.179883027532323	0.0542706410565994	0.0115171631925544	0.00176400047476579	0.000233290085989907	4.09280852613872e-06	
0.355221905830241	0.375097074812322	0.190788473470327	0.0621114439390391	0.0140280808155517	0.00239143029720301	0.000341045901491151	2.05449338247682e-05	
0.335307213559771	0.378190485649022	0.199303969278644	0.0670622703346906	0.0166310788889992	0.00296702751017976	0.00049657364187109	4.13811368225908e-05	
0.321551351889989	0.374713512256693	0.207620573971966	0.0729588786288447	0.0187213512256693	0.00374925264066963	0.000651863415930379	3.32159702384907e-05	
0.310230624385529	0.368120011331256	0.215114728966356	0.0796603955941411	0.0217543450367433	0.00437419806368832	0.000683208078518938	6.24885437669761e-05	
0.290680862522526	0.369376721834414	0.222884603434348	0.0869482362201462	0.0241605733579137	0.00509973693477225	0.000758124987053877	9.11407088261491e-05	
0.278482319041604	0.361850741832413	0.229513949091389	0.0955424004491451	0.0274853656321469	0.00606841205756322	0.000949479437577919	0.000107332458160982	
0.263886420467462	0.359147740188886	0.237095207588502	0.100588976833578	0.0308251875426233	0.00719998346731695	0.00111182293496456	0.000144660976668251	
0.25153986670367	0.354767891242125	0.243967906154082	0.107047142496179	0.0331252562992664	0.00791162179962472	0.00147048468003496	0.000169830625018122	
0.236659852309233	0.35240101798156	0.247586465851725	0.115457465893446	0.0367558095873837	0.00886561809003296	0.00195669406316492	0.000304560056739956	1.25161667153406e-05	
0.222868866186568	0.346600234466588	0.253617484508458	0.121353207167979	0.0420658181209178	0.0108357059119076	0.00234885278847764	0.000297270139005192	4.18690336627031e-06	8.37380673254061e-06	
0.213991114758629	0.338191882691366	0.258501065642756	0.127517031441695	0.0457661113041876	0.012322933720789	0.00321995787675391	0.000452217751221616	2.51232084012009e-05	1.25616042006004e-05	
0.2018867450297	0.332911636324031	0.260885228596084	0.135151098786015	0.0503606766142478	0.0144019303110783	0.00359419901306144	0.000716326376729028	7.95918196365586e-05	8.37808627753249e-06	4.18904313876624e-06	
0.191336237683314	0.327278195237479	0.263851702720426	0.141981780285785	0.0543792891721767	0.0162356783940588	0.00390124096219472	0.000864621926310821	0.000150369030662751	4.17691751840976e-06	1.67076700736391e-05	
0.181460291456488	0.318817624466631	0.270564733514153	0.145912128418052	0.0594698283607976	0.017920353057702	0.00461382224246806	0.00100300483531914	0.000196421780249999	3.76126813244679e-05	4.17918681382977e-06	
0.173198027393587	0.311510920982616	0.272461023425749	0.153748496872237	0.0625594442512434	0.0199313693860535	0.00502369390243392	0.00127373056408666	0.000230444674423574	4.18990317133771e-05	4.18990317133771e-06	1.67596126853508e-05	
0.164719136888308	0.305314033941465	0.273571392672262	0.159630430048081	0.0678033539394549	0.0213139334237992	0.00595148347322042	0.00137374143505721	0.000234541220619524	6.28235412373725e-05	4.1882360824915e-06	2.09411804124575e-05	
0.157942091648651	0.297277032853055	0.275933169213851	0.16427360467199	0.0723000470698008	0.023968109168614	0.00621071441960436	0.00164119482315501	0.000329072058449862	4.99856291316247e-05	3.74892218487185e-05	3.74892218487185e-05	
0.147839542412399	0.288508311387691	0.276397671805022	0.173067245919788	0.0773772581646175	0.0270308804535619	0.00735109113172417	0.00197091433651475	0.000348055084958988	8.38686951708405e-05	1.25803042756261e-05	1.25803042756261e-05	
0.139380067241827	0.281925195563046	0.275729221688424	0.178027349481433	0.0832138575177537	0.0303720099605101	0.00846391830369495	0.0022637522951933	0.000528208868878436	8.80348114797394e-05	8.38426775997518e-06	
0.135307612973838	0.274075477257898	0.276037128243986	0.180543453095073	0.0875165751089221	0.0334322577929322	0.0097451116583528	0.0026057123613479	0.000627223169371303	0.000101029235334975	8.41910294458126e-06	
0.130335507136478	0.269340950069932	0.276751259626241	0.183260873228519	0.0902381072746575	0.0353706418617192	0.011353487353184	0.00245184773267277	0.000779367406433783	9.68943262052812e-05	2.10639839576698e-05	
0.124013614336385	0.263649131390155	0.274522043162676	0.18995120264189	0.0942670484979102	0.0381606306120125	0.0119230882780901	0.00277094764722505	0.00059467826218985	0.00012230971350004	2.53054579655255e-05	
0.116097462031896	0.258897255816705	0.275369116739772	0.191302620792238	0.100348199420231	0.0402626708247762	0.0136364020520102	0.0031904194450783	0.000701469705805296	0.000135223075817888	4.22572111930901e-05	1.6902884477236e-05	
0.11040652825297	0.248919395626581	0.275270416728648	0.198542193509999	0.105030069915209	0.0427821578086151	0.0146418173704231	0.00351488620184032	0.000718277833266039	0.000144505599591984	2.12508234694094e-05	8.50032938776378e-06	
0.103955022641317	0.240404999745603	0.274231297593406	0.203949934704815	0.110501500941268	0.0462323830198599	0.0155521259094686	0.00410002883164018	0.000864949205433916	0.000173837830503875	3.3919576683683e-05	
0.0982671945336939	0.233551488228961	0.274044371349367	0.20610127247603	0.114349053484685	0.0498435897218525	0.0172941445756576	0.0049890216092032	0.00126738951669648	0.000233131850897346	5.08651311048754e-05	8.47752185081257e-06	
0.0932021906027543	0.226073082164532	0.270989749536571	0.210866676259724	0.119018799570005	0.0534065227143837	0.0189900203993533	0.00567542174181698	0.00135431391303612	0.000304720630433127	9.31090815212331e-05	2.53933858694272e-05	
0.0888651460956009	0.220847392492304	0.26458950071158	0.213110807991655	0.124980468502557	0.057728771901671	0.0211784777678771	0.00657947524673032	0.00173988690735102	0.000257604614923331	8.44605294830593e-05	8.44605294830593e-06	2.95611853190708e-05	
0.084987729542185	0.217648303291868	0.263379030210713	0.212388931200812	0.128611322670729	0.0606668359143607	0.0232461707709232	0.00674452060590674	0.00182787509520183	0.00044004400440044	4.23119235000423e-05	1.26935770500127e-05	4.23119235000423e-06	
0.0799590039987903	0.207911892200679	0.264810645519003	0.216287509660943	0.131145199771498	0.064232669108505	0.0249126314728317	0.00788836990490272	0.00217161194932625	0.000613259854161766	4.62045095601331e-05	2.10020498000605e-05	
0.0756668458359929	0.201288339436289	0.258495145631068	0.221772432559546	0.137001545335439	0.0665586051667954	0.0273709140995062	0.00887728020962811	0.00234319884435785	0.000533308697550979	9.23841838277287e-05	
0.0719625892363937	0.19502764061716	0.25681527802961	0.222360437021138	0.140796370245118	0.0699891630227155	0.0293779069031967	0.0102171190507314	0.00265231856496494	0.000653592015213935	0.000139151848400386	8.43344535759917e-06	
0.0674920922590944	0.188485821113562	0.256591901287681	0.225502940790393	0.143262435372479	0.0723870579816312	0.0313980716545069	0.0108612344968051	0.00316733076164142	0.000685972705061378	0.000122797583004815	4.23439941395912e-05	
0.0631245574836666	0.182043270148007	0.254172902525576	0.225347335574709	0.148303917037992	0.0768271949870054	0.0338835021431569	0.0116379145874582	0.00359524647364828	0.000886092586076051	0.000161107742922918	8.47935489067992e-06	8.47935489067992e-06	
0.0599039590225163	0.174231138619144	0.249885817948992	0.228859246611888	0.15194963184292	0.0815153132002988	0.0352747839078007	0.0130018141073525	0.0040849429089745	0.00105858499626507	0.000213424394408281	2.13424394408281e-05	
0.0572544729383997	0.169080086486859	0.244743166762859	0.22952182414913	0.15711922954336	0.0835580211393179	0.0383074762893347	0.0139378224951976	0.00475936151334775	0.00131797703446553	0.000335954930353959	6.02996028840439e-05	4.30711449171742e-06	
0.0549478515170076	0.165300770365514	0.241478963759177	0.229276477540351	0.159732226813551	0.0873195938543293	0.0397864025742113	0.0149500944625126	0.00518034144531958	0.00147516800524504	0.000388202106643432	0.000142340772435925	2.15667837024129e-05	
0.0526545215991437	0.158261364960574	0.239120583170406	0.230190894220519	0.163039115404037	0.0914073863072348	0.0416920228399777	0.0164178524723887	0.00523092460476739	0.00144152542738639	0.000310747996322815	0.000224429108455367	4.31594439337244e-06	4.31594439337244e-06	
0.0506799483682543	0.153739172762081	0.232964348888049	0.229717807302328	0.16869847147433	0.0938759012738438	0.0447040518751277	0.0172714273917711	0.00604978030431438	0.00170367376385865	0.000473725612909675	0.000121690983132761	
0.048031898847077	0.149215426520289	0.22985445276601	0.230156127717807	0.17229574638318	0.0970212877585551	0.045496080411677	0.0191978943962785	0.0062389877712342	0.00187563122204588	0.000463442679573108	0.000153023526274139	
0.0446578232155908	0.145028512908492	0.226212619204965	0.231070536077692	0.173563303908654	0.102125666869445	0.0472793477261885	0.0203507328452075	0.00698927319436482	0.00215761533176071	0.000428897165339857	0.000113789043865676	2.1882508435707e-05	
0.042924507706414	0.139283063354146	0.220835698380125	0.231834257520849	0.176051172335502	0.105003711304196	0.0507706414006899	0.0222416277343579	0.00772824520805135	0.00246692573025368	0.000672400995502773	0.000157184648299349	2.61974413832249e-05	4.36624023053748e-06	
0.0397228919872803	0.133945731558165	0.216645700108327	0.22880193591222	0.181116119788937	0.109672572247266	0.0552687213893839	0.0227356116993396	0.00853076842436314	0.00255966733060768	0.000808086102666247	0.000161617220533249	1.74721319495405e-05	1.31040989621554e-05	
0.0396464380872248	0.129684651521526	0.20806601458421	0.228995757958211	0.183652362922451	0.112755924835226	0.0587969779834525	0.0242295961295751	0.00975932548029729	0.00312894404711822	0.000950953582947693	0.00024102510166877	8.76454915159164e-05	4.38227457579582e-06	
0.0388146401118099	0.124602550663871	0.204830538085255	0.224991264849755	0.186329489867226	0.116614255765199	0.0623078266946192	0.026301537386443	0.0102550663871419	0.00350716282320056	0.0011049965059399	0.000235849056603774	9.17190775681342e-05	1.31027253668763e-05	
0.0371455822422613	0.122080117922483	0.203515997572184	0.223467441255528	0.184743778721928	0.121343102401804	0.0637345009971386	0.027859186681696	0.0110682389664441	0.00345530217636348	0.0011748894476719	0.00033816006242955	6.93661666522154e-05	4.33538541576346e-06	
0.0351398654812254	0.118094564690786	0.199211742677194	0.225748866279958	0.184799640352141	0.123890831161916	0.0669625905121054	0.0293305050346336	0.0114354052367173	0.00381471151789728	0.00118718710854469	0.000305526094110766	7.85638527713399e-05	
0.0343161475664307	0.114032978132638	0.193588022580095	0.22245591328264	0.188428357171279	0.125970170137781	0.0693450285749267	0.0326982863789206	0.012947262097885	0.00423704727215486	0.00139485869950196	0.000419769389191813	0.000166158716555093	
0.0331780558563966	0.110155668932761	0.190843413320807	0.219576270817838	0.190691180500281	0.1280625981358	0.0719974250905785	0.0346003453510271	0.0140924096715686	0.00481490663778593	0.0014396875312621	0.000452348952420719	8.69901831578306e-05	8.69901831578306e-06	
0.0296934325573322	0.108064481135146	0.188952290034931	0.219609034301708	0.191108893276345	0.130172918791087	0.074417999175544	0.035928923217114	0.0148445466576989	0.00489900414397605	0.00167494738669155	0.000512030548263218	9.54633225575492e-05	2.60354516066043e-05	
0.0266258972524017	0.101932210005855	0.185032420358684	0.222440526532648	0.191668293106066	0.133450436970052	0.0770411814455793	0.03818012274196	0.0156788758050875	0.00561663739075749	0.00170017131828335	0.000507449092446815	9.10806063366079e-05	3.46973738425173e-05	
0.0248938117273292	0.0963205331859935	0.179458180813592	0.221903273706748	0.194631017335451	0.136011637544029	0.0807030872297811	0.0402479453000898	0.0169555908557221	0.00618136611644451	0.00201585054216451	0.00051799157400373	0.000112231507700808	3.88493680502797e-05	8.63319290006216e-06	
0.0241384049754321	0.0918419063326805	0.174341992234478	0.215587740095523	0.200241384049754	0.140496684190633	0.0836984159708621	0.0420360443940487	0.0173693433666632	0.00726299694189602	0.00212177438752019	0.000566951860632924	0.000193279043397588	7.30165275057554e-05	2.14754492663987e-05	8.59017970655946e-06	
0.022458283158438	0.0894288663340788	0.169546705659728	0.213400997763633	0.201178393256494	0.146004644761741	0.0850937553758816	0.0431188714949252	0.0189747118527438	0.00702735248580767	0.00261912953724411	0.000834336831240323	0.000227937381730604	5.16084637880612e-05	1.72028212626871e-05	1.72028212626871e-05	
0.02106833626548	0.0863172237745352	0.16670978647073	0.210812722066991	0.198536513850081	0.149724895650074	0.087748801269447	0.0461640622305012	0.0205379626754976	0.00802028355583152	0.00287177895063645	0.00100037945427576	0.0003320224912898	7.33036669081376e-05	3.01838628445272e-05	5.17437648763324e-05	
0.0209381067488854	0.0831556779803938	0.161731955909761	0.208213515067913	0.197545545355087	0.152235862886103	0.0932398714827483	0.047411276826679	0.0219456612454757	0.00884312852157594	0.00311347312251084	0.00107241851997596	0.000488642309505174	6.48640233856426e-05	
0.0200969839302412	0.080566246982843	0.157031334942484	0.206632309130841	0.199082349359602	0.152764911822906	0.0971187509513558	0.0501054645878183	0.022467218996673	0.00906343096962185	0.00344445169286972	0.00119599017113532	0.000343575358253419	6.95848826842368e-05	1.73962206710592e-05	
0.0188305209354432	0.0768143467301498	0.153046667133455	0.2043831396163	0.200624037249685	0.154696471082481	0.099793446296037	0.0528856252625683	0.0244626102786725	0.00960562246184008	0.00321646127993278	0.00119468561826075	0.000376347850441115	6.12659291415768e-05	8.75227559165383e-06	
0.0175317125426209	0.0746382396871639	0.151484273278726	0.20176275142505	0.197743434317043	0.158760848454762	0.100918390008753	0.0550729181635684	0.0261364477597642	0.0108343022369699	0.00349676233773586	0.00116703898694049	0.000396270700789493	4.79008539415871e-05	8.70924617119765e-06	
0.0175754648425432	0.0722208442663255	0.147113472492374	0.200618774721617	0.196911348119525	0.160716072912723	0.103786187660187	0.0566252844753687	0.026617756484733	0.0119403504649513	0.00396851298252027	0.00125321462605903	0.000548281398900826	0.000104434552171586	
0.0166573470564594	0.0694121655861744	0.144140877557796	0.197970363639541	0.198516434550125	0.161588935292781	0.105872228144058	0.0588446013245496	0.0284786901287854	0.0120659828402677	0.00425498453527181	0.00152899854963566	0.000484910968598738	0.000170374124102259	1.310570185402e-05	
0.0160885109672432	0.0672133451629055	0.137865757780725	0.193830760987008	0.19975140329764	0.163204174316359	0.110063335060919	0.0615738015969922	0.0301478403710503	0.0133785433814422	0.00436581487890793	0.00189741652684932	0.000426040284963852	0.000162510211790335	3.0745175203577e-05	
0.0148504155735356	0.0641945369165987	0.136100884058291	0.191097687338786	0.19951938975727	0.163742586917701	0.112088008994907	0.0648206530126326	0.0314601291915607	0.0142331180140656	0.00523380145064927	0.00187834828810159	0.000568795608368791	0.000163142926431359	4.85019511012148e-05	
0.014133932043984	0.0601244563872291	0.132424954919917	0.188125375667362	0.200584273238341	0.164506947636389	0.115780680974437	0.0675626701552169	0.0330631474737475	0.0147349998232154	0.00616978396916876	0.00195347028250186	0.00060106777923134	0.000172365024926634	5.74550083088781e-05	4.41961602375986e-06	
0.0137965639584194	0.0583123520765894	0.128449696049307	0.184151047286646	0.196175860675574	0.169137792460957	0.117685978303826	0.070386010719313	0.0357325233902159	0.0157681360207104	0.00672288311330767	0.00263764370495691	0.000719357374079156	0.000248666746595264	7.10476418843611e-05	4.44047761777257e-06	
0.0128405189709751	0.0560702661732578	0.125890588077935	0.181608631682197	0.196250390119934	0.16954835257925	0.120562664407686	0.0724330108341879	0.0373400508270543	0.0166480895269517	0.00702661732578358	0.00274644433545856	0.000793615408622765	0.000200633108921486	3.56681082527085e-05	4.45851353158857e-06	
0.0119611574336098	0.05639658991145	0.123212399673787	0.178922693666915	0.195099668884502	0.170081063134768	0.12100199204075	0.0749221232391385	0.0394308200344931	0.0177902162723436	0.00725958474640475	0.00267833666825614	0.000891293400418017	0.000245105685114955	8.02164060376215e-05	2.67388020125405e-05	
0.0118560842781894	0.0537452013213106	0.119783947861798	0.179582180162486	0.195857512722078	0.170855280778502	0.121761449870547	0.0753816623515758	0.0415320060708865	0.0183421123114008	0.00732523881796268	0.00264708508168914	0.000950807963574681	0.000267833229175966	8.92777430586555e-05	2.23194357646639e-05	
0.0111115561073509	0.0523182079111432	0.11666021422119	0.175292918774836	0.195139751069103	0.172044446224429	0.125729237587942	0.0770599988430098	0.0426706894326743	0.020069330414158	0.00769843494822469	0.00278122649863609	0.000965641840326449	0.000351547029427601	6.67494359672661e-05	1.7799849591271e-05	2.22498119890887e-05	
0.0102628053724398	0.0493354954700885	0.113446081714668	0.171519723622519	0.194442485987239	0.172568477456199	0.129450594000071	0.0802913596784997	0.0431311030422674	0.0218696020023266	0.00876899213875278	0.00322117248915994	0.00114569746536468	0.0003216765960447	0.000176261148517644	2.20326435647055e-05	2.64391722776466e-05	
0.00995825668600538	0.0467931937172775	0.111862353190887	0.171125477571813	0.192647162869676	0.1722663435687	0.130434590349512	0.0826818310457054	0.0450597849158059	0.0223264822414037	0.00960007782651762	0.00356852271119287	0.00107011461723504	0.000420086316683175	0.000150346681760294	2.21098061412198e-05	1.32658836847319e-05	
0.00914736488754616	0.0452509672973976	0.107842617621597	0.169387466652533	0.191127365240897	0.173548170527022	0.131115174643558	0.0854092683874843	0.0474240737796152	0.0234492323457183	0.0105342661790428	0.00385152205791417	0.00121022596773909	0.000521192205084716	0.000110422077348457	7.06701295030123e-05	
0.0084485272162015	0.0430286477087102	0.103020216746	0.166169005673335	0.193999964870989	0.17550454042471	0.132313421038765	0.085978255142009	0.0494528656490963	0.0244717474926668	0.0113027593838371	0.00434282402121792	0.0013788136932886	0.000390810250645496	0.000175645056469886	2.19556320587357e-05	
0.00825470156246595	0.0411078907799255	0.100119854431345	0.159759419468718	0.192128832617839	0.180313364858681	0.134938656322866	0.0890888884046286	0.0508400706051559	0.0253437643008128	0.0116062672971736	0.00427117609884722	0.00152977837826059	0.000475059382422803	0.000174333718320295	4.7941772538081e-05	
0.00798021219813838	0.039601640304628	0.0956497211916075	0.157056998416108	0.189285946755191	0.181136496777973	0.140189633101174	0.0917225368309141	0.0525157846774718	0.0266527804899217	0.0114864718262492	0.00467790579096965	0.00140163596519777	0.000429603593048233	0.000156219488381176	5.64125930265356e-05	
0.0074568644100672	0.0369481166029457	0.0929780475084159	0.153512269343667	0.188219016297344	0.180835427433502	0.142538178714747	0.0960987237123978	0.0541592493135805	0.0280257412683566	0.011905121098616	0.00482756539842501	0.0017284408256861	0.000581894043560157	0.000150861418700781	3.01722837401563e-05	4.31032624859376e-06	
0.00718106917196749	0.0358288610994259	0.0902222732120625	0.150938425518715	0.186775784924854	0.181145656727897	0.144989610820044	0.0967957134540943	0.056114319221895	0.0290642089563654	0.0129386719696101	0.00517971794120022	0.00190362070357481	0.000637373003429067	0.000263447508084014	2.12457667809689e-05	
0.00702653480443023	0.0346201901696279	0.0874144977870015	0.147756294868808	0.184727134114059	0.18104233286038	0.14587154020457	0.0990025624192626	0.0592575337244023	0.0299527752483005	0.0141674255098367	0.00593380063954596	0.00220664534846784	0.000715783232036594	0.000283772050570721	2.11770186993075e-05	
0.00648232553428542	0.0333611870758635	0.0842997737938485	0.144054492049023	0.179981599648874	0.181116850670178	0.148489989533745	0.101695702083122	0.0619703568655255	0.0325129140079003	0.0153997434079476	0.00696343563253317	0.00243931260339647	0.000768088051588507	0.000396704817853405	6.75242243154732e-05	
0.00652434516375605	0.0315440810990305	0.0824147595557431	0.141029443091587	0.180325883104786	0.179068630931745	0.149542000994106	0.103032024426614	0.0638441842688932	0.0345264002071751	0.017175484835701	0.00697545225574431	0.00260639653148769	0.00101499095697357	0.000321622648917552	5.01230102209172e-05	4.17691751840976e-06	
0.00666219744254896	0.0309125961334272	0.0809165518131587	0.13818646657867	0.178834198725022	0.182215263927116	0.148758541145315	0.104359159064128	0.0656975945303359	0.0345809686002307	0.0170968641869413	0.00770316579294723	0.00263989573661002	0.00108260708441421	0.000245668530693993	9.99329616382344e-05	8.3277468031862e-06	
