# <P(N_2)> as a function of N_tot.
# number_of_species: 2
# species_total_upper_bound: 100
# species_total_lower_bound: 0
# volume: 512
# Bin widths for each species index 
1	1	1	1	1	1	1	1	1	1	1	1	1	1	1	1	1	1	1	1	1	1	1	1	1	1	1	1	1	1	1	1	1	1	1	1	1	1	1	1	1	1	1	1	1	1	1	1	1	1	1	1	1	1	1	1	1	1	1	1	1	1	1	1	1	1	1	1	1	1	1	1	1	1	1	1	1	1	1	1	1	1	1	1	1	1	1	1	1	1	1	1	1	1	1	1	1	1	1	1	1	
# Bin lower bound for each species index 
0	0	0	0	1	2	3	4	4	5	6	7	7	8	9	10	11	12	13	13	13	14	16	17	18	19	20	20	21	22	22	22	24	24	25	24	25	26	28	31	32	33	33	34	35	37	37	37	39	39	40	41	42	44	44	45	45	46	48	48	49	50	51	52	53	54	54	55	56	56	57	57	57	58	59	62	63	65	66	67	67	68	69	70	72	72	73	74	74	75	76	77	78	79	80	81	82	83	83	84	86	
# Bin upper bound for each species index 
0	1	2	3	4	5	6	7	8	9	10	11	12	13	14	15	16	17	18	19	20	21	22	23	24	25	26	27	28	29	30	31	32	33	34	35	36	37	38	39	40	41	42	43	44	45	46	47	48	49	50	51	52	53	54	55	56	57	58	59	60	61	62	63	64	65	66	67	68	69	70	71	72	73	74	75	76	77	78	79	80	81	82	83	84	85	86	87	88	89	90	91	92	93	94	95	96	97	98	99	100	
# Normalized histogram for each species index 
1	
0.0536945545360769	0.946305445463923	
0.00225891464529662	0.100736836443823	0.89700424891088	
0.000214753570278106	0.00601309996778696	0.134596800171803	0.859175346290132	
0.000323921610970145	0.0106894131620148	0.172218323165794	0.816768342061221	
0.00106609808102345	0.019136460554371	0.199893390191898	0.779904051172708	
0.00162619254119688	0.0320901994796184	0.238833477883781	0.727450130095403	
0.0042042374287769	0.0434253471261824	0.25551806162527	0.696852353819771	
0.000167588402882521	0.00463661247974973	0.0479861460253617	0.270711133456231	0.676498519635775	
0.000446827524575514	0.00686997319034853	0.0571380697050938	0.289432529043789	0.646112600536193	
0.00111919418019026	0.008505875769446	0.0732512590934527	0.322887520984891	0.59423614997202	
0.00126139556218107	0.0129579725933146	0.0899031018863597	0.330084284158018	0.565793245800126	
0.000115360212262791	0.00224952413912442	0.0205917978889081	0.0921728095979697	0.342331429889831	0.542539078271904	
0.000508072710850175	0.00310488878852885	0.025347183019081	0.101162921982613	0.352715366376877	0.51716156712205	
0.000616730208566943	0.00313971742543171	0.0288181206548553	0.112469163489572	0.368131868131868	0.486824400089706	
0.00043956043956044	0.00527472527472527	0.0284065934065934	0.134395604395604	0.363736263736264	0.467747252747253	
0.000438476294875308	0.00761852562345848	0.0354069608111811	0.147328035078104	0.366675801589477	0.442532200602905	
0.000443041479758542	0.00764246552583486	0.0418674198371823	0.156282881984826	0.382289416846652	0.411474774325746	
0.001349148350104	0.00961268199449098	0.0459272584181236	0.171791556579909	0.380516049243915	0.390803305413458	
0.000113147770988912	0.00203665987780041	0.0123331070377914	0.0565173116089613	0.183808553971487	0.370049785019235	0.375141434713736	
5.7332874670336e-05	0.000229331498681344	0.00343997248022016	0.0154798761609907	0.0681687879830295	0.19286779039101	0.379256965944272	0.340499942667125	
0.000118413262285376	0.00059206631142688	0.00408525754884547	0.0184724689165187	0.0706335109532268	0.193783303730018	0.38656009473061	0.325754884547069	
0.000637127135823921	0.00596582681726035	0.0202143064002317	0.0762814943527367	0.20642919200695	0.372024326672459	0.318447726614538	
0.00077542499254399	0.00548762302415747	0.0224276767074262	0.0808231434536236	0.218848792126454	0.363256784968685	0.30838055472711	
0.000833730347784659	0.00506193425440686	0.0220343020485946	0.0822415435921868	0.224511672224869	0.373630300142925	0.291686517389233	
0.000819960173363008	0.00685252430596228	0.0247159423685135	0.0883214243879583	0.233337237905587	0.365526531568467	0.280426379290149	
0.00110240789091964	0.00841311285175515	0.0290687554395126	0.0958514650420656	0.237481868291268	0.351087902523934	0.276994487960545	
0.000117612466921494	0.00223463687150838	0.00711555424875037	0.0312849162011173	0.104969126727433	0.241928844457513	0.352543369597177	0.25980593942958	
0.000355050594709746	0.00301793005503284	0.00840286407479733	0.0401798923013196	0.115568968578022	0.242499556186757	0.355642345700929	0.234333392508432	
0.000835970621603869	0.00388129217173225	0.0108079058935929	0.0433510479488864	0.116259628590195	0.261419955812981	0.344240759539022	0.219203439421986	
0.000242998602758034	0.00115424336310066	0.00400947694550756	0.0102666909665269	0.0436182491950671	0.12605552518073	0.258793511937306	0.340380292813316	0.215479010995687	
0.000120496445354862	6.0248222677431e-05	0.00247017712977467	0.00397638269671045	0.0126521267622605	0.0507290034943969	0.138209422822027	0.260453066634534	0.33654657187613	0.194782503916134	
0.000426153658833557	0.00158285644709607	0.00395714111774017	0.0147327407768172	0.0521733836600511	0.147083891391696	0.261719225617923	0.33270424936077	0.185620357969073	
0.000372809742761277	0.000559214614141916	0.00173977879955263	0.00391450229899341	0.0157201441531005	0.0595874238846775	0.149558841804399	0.272896731701255	0.31719895613272	0.178451596868398	
0.000435540069686411	0.00037332005973121	0.00186660029865605	0.00416874066699851	0.0184793429566949	0.0615355898456944	0.156732205077153	0.271963663514186	0.307117969138875	0.177327028372325	
6.3047727129437e-05	6.3047727129437e-05	0.000504381817035496	0.000126095454258874	0.00107181136120043	0.00397200680915453	0.0177794590505012	0.063047727129437	0.161654372359876	0.275770758464157	0.309312149297018	0.166635142803102	
0.000320738982615947	0.000384886779139137	0.000128295593046379	0.000192443389569568	0.000962216947847841	0.00590159728013343	0.0222592853935467	0.0699210982102765	0.165373019436782	0.27775995894541	0.296940150105844	0.159856308935788	
6.38162093171666e-05	0.0001914486279515	0.000319081046585833	0	0.001531589023612	0.00536056158264199	0.0246330567964263	0.08085513720485	0.17364390555201	0.274218251435865	0.286790044671347	0.152393107849394	
0.000127445357802842	0	0.000509781431211368	0.00127445357802842	0.00694577200025489	0.0282291467533295	0.082329701140636	0.176065761804626	0.274581023386223	0.290193079717071	0.139743834830816	
0.000315179021684317	0.00075642965204236	0.00901412002017146	0.0293746848209783	0.0833963691376702	0.179841149773071	0.279122541603631	0.283030761472516	0.135148764498235	
0.000379722802354281	0.00132902980823998	0.00974621859375989	0.0306942598569711	0.0835390165179419	0.178912727042592	0.284349091829631	0.277324219986077	0.133725713562433	
0.000431193790809412	0.00172477516323765	0.0125662190464457	0.0338795121350253	0.0846371812245904	0.193606012073426	0.280953554268819	0.269680916594801	0.122520635702846	
0.000185036698945291	0.000493431197187442	0.00357737617960896	0.0133226423240609	0.0386726700795658	0.0976376981434651	0.195830506383766	0.276444828224264	0.257817800530439	0.116018010238697	
0.000554494485860391	0.000308052492144661	0.00394307189945167	0.0139239726449387	0.0441747273735444	0.103752079354322	0.201835992853182	0.27348900252603	0.248290308668597	0.109728297701928	
6.05510142294883e-05	0.00036330608537693	0.00435967302452316	0.0160460187708144	0.0486830154405086	0.108204662428096	0.197880714501968	0.270844686648501	0.249227974568574	0.104329397517408	
0.000602881774883945	0.00602881774883945	0.0186893350214023	0.0506420690902514	0.111774281063483	0.20654729607524	0.277325616446615	0.22342798577199	0.104961717007295	
0.000302700084756024	0.000605400169512047	0.00599346167816927	0.0193122654074343	0.0520644145780361	0.118840053275215	0.21304031965129	0.266073374500545	0.220849981837995	0.102918028817048	
6.02591141910214e-05	0	0.00114492316962941	0.00668876167520337	0.0210304308526665	0.0570653811388973	0.126483880686954	0.203916842422416	0.261163000903887	0.230370593552275	0.0920759264838807	
0.000176128691363823	0.00199612516879	0.0068690189631891	0.0243644689719955	0.0516644161333881	0.123407503082252	0.204250572418247	0.264545294428462	0.230317618740093	0.0924088534022192	
0.000170726155246984	5.69087184156613e-05	0.00210562258137947	0.00586159799681311	0.0198611427270658	0.0562258137946733	0.12263828818575	0.211586615069429	0.277771454586843	0.223139084907808	0.0805827452765764	
0.00016755096341804	0.000279251605696733	0.00262496509354929	0.00865679977659872	0.0213348226752304	0.0586986875174532	0.127506283161128	0.223289583915108	0.270203853672159	0.21111421390673	0.0761239877129293	
0.000221557549573502	0.000387725711753628	0.00304641630663565	0.00880691259554669	0.0231527639304309	0.06580259222333	0.135150105239836	0.224714744654924	0.265924448875595	0.200454192976626	0.0723385399357483	
0.000168785866996737	0.00050635760099021	0.00354450320693147	0.00990210419714189	0.0252053561381794	0.0693709913356588	0.142230223922584	0.229998874760887	0.257398447170024	0.194160009001913	0.0675143467986947	
0.000497567448031844	0.00420168067226891	0.0105594869526758	0.0308491817779743	0.0775652366209642	0.155683325961964	0.226614329942503	0.257795223352499	0.177576293675365	0.0586576735957541	
0.000111377178816061	0.00111377178816061	0.00417664420560227	0.0127526869744389	0.0328562677507379	0.0833101297544133	0.155705295984853	0.234616027176032	0.250988472461993	0.166397505151195	0.0579718215737595	
0.000235211101964013	0.00111725273432906	0.00352816652946019	0.0144066799952958	0.0352816652946019	0.0846759967070446	0.162589674232624	0.228860402210984	0.245442784899447	0.166117840762084	0.0577443255321651	
0.000299832094027345	0.000419764931638283	0.00149916047013672	0.00473734708563205	0.0167306308467258	0.0420364595826337	0.0796354041736627	0.162089230031183	0.229971216118973	0.243163828256177	0.165087550971456	0.0543295754377549	
0.000241911097671606	0.000302388872089507	0.00139098881161173	0.00399153311158149	0.0183247656486241	0.037435742364681	0.084064106440883	0.169337768370124	0.233383731478682	0.235984275778651	0.158088902328394	0.0574538856970064	
0.000785213819763228	0.00181203189176129	0.00610050736892969	0.0147378593863252	0.0412539260690988	0.0928968349842957	0.173834259482967	0.230188451316743	0.233812515100266	0.15541193525006	0.0491664653297898	
0.00030235230090101	0.000362822761081212	0.00139082058414465	0.0062284573985608	0.017355022071718	0.0385196831347887	0.099111084235351	0.173066457035738	0.241277136119006	0.237104674366572	0.142407933724376	0.0428735562677632	
6.04741170778907e-05	0.000241896468311563	0.00229801644895985	0.0084059022738268	0.0176584421867441	0.0425133043057571	0.113268021286889	0.178701015965167	0.237360909530721	0.224540396710208	0.135220125786164	0.0397314949201742	
0.000240847784200385	0.000361271676300578	0.00282996146435453	0.00547928709055877	0.0200505780346821	0.0538294797687861	0.115968208092486	0.183345375722543	0.23145472061657	0.210561175337187	0.134995183044316	0.0408839113680154	
0.000179931625982127	0.00053979487794638	0.0026989743897319	0.00683740178732082	0.022671384873748	0.060996821207941	0.121333893120614	0.184190007797037	0.220596173454087	0.20980027589516	0.13111017813231	0.0390451628381215	
0.000121758188238159	0.000547911847071716	0.00340922927066845	0.00888834774138561	0.0277608669183003	0.0678193108486546	0.117679288932181	0.183550468769025	0.217703640569828	0.202179471569463	0.130403019603068	0.0399366857421162	
0.000243828101188662	0.000365742151782993	0.0019506248095093	0.0131667174641877	0.0307223407497714	0.0654678451691557	0.11850045717769	0.183968302346845	0.219871990246876	0.202560195062481	0.124900944833892	0.0382810118866199	
0.000246320586242995	0.000677381612168237	0.00301742718147669	0.0180429829422994	0.0319600960650286	0.0722950920623191	0.123960835026787	0.18178459264733	0.218671100437219	0.198349652072172	0.114662232896114	0.0363322864708418	
0.000127469725940089	0.000191204588910134	0.000254939451880178	0.0024219247928617	0.0161249203314213	0.0351816443594646	0.0727852135117909	0.120841300191205	0.18610579987253	0.224346717654557	0.188336520076482	0.115360101975781	0.0379222434671765	
0.000128221566867547	0.000448775484036415	0.000769329401205283	0.00416720092319528	0.0163482497756123	0.0369278112578536	0.075586613668419	0.126875240415438	0.189383254263367	0.214835235286575	0.184190280805231	0.110911655340428	0.0394281318117707	
0.000125572926477052	0.000313932316192629	0.00100458341181641	0.00596471400765995	0.0126200791109437	0.0388020342814089	0.0843222201293401	0.127519306837446	0.198656369686696	0.212783323915364	0.178313555597413	0.103283732027375	0.0362905757518679	
0.000371517027863777	0.000247678018575851	0.00123839009287926	0.00117647058823529	0.00501547987616099	0.0141795665634675	0.0396284829721362	0.0775232198142415	0.133250773993808	0.191764705882353	0.220990712074303	0.174551083591331	0.109721362229102	0.0303405572755418	
0.000251161622504081	0.000125580811252041	0.00163255054627653	0.00219766419691071	0.00533718447821173	0.0150696973502449	0.0385533090543765	0.077232198920005	0.135564485746578	0.188182845661183	0.226736154715559	0.171166645736531	0.108878563355519	0.0290719578048474	
0.000124378109452736	0	0.000186567164179104	0.000621890547263682	0.00261194029850746	0.0056592039800995	0.0125	0.0375	0.0822139303482587	0.133768656716418	0.194651741293532	0.224751243781095	0.18047263681592	0.0986940298507463	0.0262437810945274	
0.000120076849183477	0.000240153698366955	0	0.000120076849183477	0.000540345821325648	0.00288184438040346	0.00630403458213257	0.0139289145052834	0.0367435158501441	0.0856147934678194	0.14469260326609	0.198787223823247	0.217819404418828	0.177773775216138	0.0921589817483189	0.0222742555235351	
0.000238820228073318	0.000179115171054988	5.97050570183295e-05	0.000119410114036659	0.00113439608334826	0.00226879216669652	0.00644814615797958	0.0173144665353155	0.0373156606364559	0.0857961669353394	0.142575676159771	0.196429637590304	0.221147531195892	0.177144904173383	0.0905128664397875	0.0213147053555436	
0.00071360608943863	0.000178401522359657	0.000118934348239772	0.000237868696479543	0.000832540437678402	0.00416270218839201	0.00666032350142721	0.0189105613701237	0.0418054234062797	0.0919362511893435	0.142304947668887	0.195706470028544	0.217352521408183	0.173882017126546	0.0848001902949572	0.0203972407231208	
5.81395348837209e-05	0.000232558139534884	0.000581395348837209	0.00325581395348837	0.00918604651162791	0.0218023255813953	0.047093023255814	0.0962790697674419	0.148720930232558	0.199709302325581	0.210232558139535	0.163953488372093	0.0817441860465116	0.0171511627906977	
0.000114090131203651	0.000399315459212778	0.00102681118083286	0.00262407301768397	0.00878494010268112	0.0244152880775813	0.0528237307472904	0.0948088990302339	0.149229891614375	0.201426126640046	0.211009697661152	0.159098687963491	0.0766115231032516	0.0176269252709641	
0.000114240018278403	0.000685440109670418	0.00359856057576969	0.0104529616724739	0.0264465642314503	0.0539212886274062	0.0976752156280345	0.156965785114526	0.196949791511967	0.208716513394642	0.148283543725367	0.0780830524932884	0.0181070428971269	
0.000115673799884326	0.00092539039907461	0.00335454019664546	0.0105841526894158	0.0240601503759399	0.0536148062463852	0.0995373048004627	0.162116830537883	0.197455176402545	0.204626951995373	0.146385193753615	0.0775014459224986	0.0197223828802776	
0.000691961711451966	0.000980279091223619	0.00392111636489448	0.0106100795755968	0.0245646407565448	0.0551839464882943	0.103102295006343	0.159843155345404	0.198477684234806	0.197497405143582	0.151193633952255	0.0749625187406297	0.0189712835889747	
5.66797029983563e-05	0.000680156435980275	0.00107691435696877	0.00459105594286686	0.0126395737686335	0.0273762965482061	0.060137164881256	0.103213739160007	0.157512894632432	0.201949781783143	0.19344782633339	0.149861134727654	0.0711330272629371	0.0163237544635266	
0.000114659175600527	0.000229318351201055	0.00223585392421029	0.00412773032161899	0.0135297827208622	0.0276328613197271	0.0598520896634753	0.109040875996102	0.164306598635556	0.198876340079115	0.196927134093906	0.14355328785186	0.0639798199850943	0.0155936478816717	
0.000343367288542978	0.000743962458509786	0.00188852008698638	0.00532219297241616	0.0133340963717523	0.0294151310518485	0.0659837472816756	0.111823280302163	0.156689939338446	0.212086528556713	0.197436190912212	0.128075998626531	0.062836213803365	0.0140208309488383	
0.000231147067321583	0.000520080901473563	0.00248483097370702	0.00635654435134354	0.0153712799768853	0.0342097659635943	0.0686506789945103	0.113262062987576	0.163420976596359	0.207049985553308	0.181681594914765	0.1285177694308	0.0636810170470962	0.0145622652412598	
0.000762418626473521	0.00322561726584951	0.00973549938420034	0.0174183332355874	0.0380622837370242	0.0708462846753856	0.114890622250894	0.170781772330069	0.18831740073896	0.184622602779896	0.131722479619964	0.0565362735323441	0.0130784118233535	
5.87199060481503e-05	0.000939518496770405	0.00458015267175573	0.0093364650616559	0.0186729301233118	0.0374633000587199	0.0726365237815619	0.113505578391075	0.160657662947739	0.196241926012918	0.184732824427481	0.129947152084557	0.0568408690546095	0.0143863769817968	
0.000175479644361254	0.00175479644361254	0.00409452503509593	0.0072531586335985	0.0154422087037904	0.0390149742629855	0.0707182966775854	0.122894244267665	0.164482919981282	0.195601310248011	0.181796911558259	0.126228357510529	0.0582592419279364	0.0122835751052878	
0.000708382526564345	0.00188902007083825	0.0038370720188902	0.00625737898465171	0.0156434474616293	0.0377213695395514	0.0717827626918536	0.123789846517119	0.168122786304604	0.195572609208973	0.185123966942149	0.122786304604486	0.0543683589138135	0.012396694214876	
5.82139946443125e-05	0.000523925951798812	0.00128070788217487	0.003725695657236	0.00780067528233787	0.0178134823611596	0.0385376644545349	0.0794621026894866	0.124112236581674	0.170858074281057	0.200954709512167	0.175515193852602	0.117766911165444	0.0505879613459076	0.0110024449877751	
0.000231682594845062	0.000231682594845062	0.00121633362293658	0.00295395308427454	0.00880393860411237	0.0199826238053866	0.0429192006950478	0.0806255430060817	0.129800173761946	0.175789168838691	0.201216333622937	0.167622357370403	0.109238343469447	0.0480162177816392	0.0113524471474081	
0.00017728400898239	0.000413662687625576	0.000768230705590356	0.00242288145609266	0.0086278217704763	0.0210377023992436	0.0463893156837253	0.0833234842217232	0.126403498404444	0.18029783713509	0.196667060631131	0.162214868218887	0.112398061694835	0.04822125044321	0.0106370405389434	
0.000236127508854782	0.000354191263282172	0.000413223140495868	0.00301062573789847	0.0122786304604486	0.0240850059031877	0.0472255017709563	0.0837072018890201	0.13211334120425	0.177449822904368	0.191676505312869	0.166587957497048	0.105667060212515	0.0461038961038961	0.00909090909090909	
0.000235321802565008	0.000647134957053771	0.000647134957053771	0.00405930109424638	0.0126485468878692	0.024296976114837	0.0495352394399341	0.0826567831509589	0.136192493234498	0.181491940228262	0.194434639369338	0.161783739263443	0.102659136368985	0.0415342981527239	0.00717731497823273	
0.000116563702063178	0.000349691106189533	0.00128220072269495	0.00507052103974822	0.0140459260986129	0.023953840773983	0.0484905000582819	0.0901620235458678	0.143839608345961	0.181897657069589	0.192038699149085	0.156661615572911	0.0992539923067957	0.0371838209581536	0.00565333955006411	
0.000288433804441881	0.000634554369772137	0.00109604845687915	0.0050764349581771	0.011191231612345	0.0244591866166715	0.050764349581771	0.0913758292471878	0.14779348139602	0.182520911450822	0.18719353908278	0.160946062878569	0.0910873954427459	0.0375540813383329	0.00801845976348428	
0.000793111262179923	0.00118966689326988	0.00215273056877408	0.00413550872422388	0.0107636528438704	0.0240199410831634	0.0525719465216406	0.0959664627237707	0.147858599592114	0.180829367777022	0.193689100385225	0.1512576478586	0.0903013822796284	0.0364831180602765	0.00798776342624065	
0.0005008068554894	0.0015024205664682	0.00228145345278504	0.00517500417339046	0.0124645261810695	0.0268766345779311	0.0565911746703022	0.10127427522119	0.155806577263369	0.182850147459796	0.180346113182349	0.145957375772077	0.0847476489900395	0.0350008346780925	0.00862500695565077	
0.000336813742000674	0.00123498372066914	0.00297518805433928	0.00690468171101381	0.0150443471426968	0.0322218479847311	0.0634332547434602	0.108285618053217	0.144942180307623	0.175985180195352	0.173908162119681	0.14516672280229	0.0843718423711687	0.0352531716627372	0.00993600538901987	
5.74085768413801e-05	0.000574085768413801	0.000861128652620702	0.00390378322521385	0.00625753487571043	0.0134336069808829	0.0342155117974625	0.0671106263275733	0.109535564613353	0.141569550490843	0.172110913370458	0.175498019404099	0.140076927492967	0.0882369826052012	0.0390378322521385	0.00752052356622079	
5.57196188778069e-05	0.000222878475511228	0.00156014932857859	0.00328745751379061	0.00607343845768095	0.0153786148102747	0.0383350977879311	0.0726583830166602	0.105142920822422	0.135788711205215	0.163314202930852	0.171950743856912	0.150331531732323	0.0912130161029698	0.0388365743578314	0.00585055998216972	
0.00016551724137931	0.00176551724137931	0.00308965517241379	0.00651034482758621	0.0180965517241379	0.0374068965517241	0.0708413793103448	0.103558620689655	0.134289655172414	0.167227586206897	0.177048275862069	0.144220689655172	0.0930206896551724	0.0356965517241379	0.00706206896551724	
