# <P(N_1)> as a function of N_tot.
# number_of_species: 2
# species_total_upper_bound: 100
# species_total_lower_bound: 0
# volume: 512
# Bin widths for each species index 
1	1	1	1	1	1	1	1	1	1	1	1	1	1	1	1	1	1	1	1	1	1	1	1	1	1	1	1	1	1	1	1	1	1	1	1	1	1	1	1	1	1	1	1	1	1	1	1	1	1	1	1	1	1	1	1	1	1	1	1	1	1	1	1	1	1	1	1	1	1	1	1	1	1	1	1	1	1	1	1	1	1	1	1	1	1	1	1	1	1	1	1	1	1	1	1	1	1	1	1	1	
# Bin lower bound for each species index 
0	0	0	0	0	0	0	0	0	0	0	0	0	0	0	0	0	0	0	0	0	0	0	0	0	0	0	0	0	0	0	0	0	0	0	0	0	0	0	0	0	0	0	0	0	0	0	0	0	0	0	0	0	0	0	0	0	0	0	0	0	0	0	0	0	0	0	0	0	0	0	0	0	0	0	0	0	0	0	0	0	0	0	0	0	0	0	0	0	0	0	0	0	0	0	0	0	0	0	0	0	
# Bin upper bound for each species index 
0	1	2	3	4	4	5	5	5	5	5	6	6	6	6	6	6	6	6	7	7	7	7	8	8	8	9	9	10	9	10	10	10	10	11	11	11	11	11	11	10	10	11	11	10	11	11	12	12	13	13	13	11	12	12	12	12	13	12	12	13	13	13	13	13	13	14	14	15	13	14	14	15	15	15	13	14	14	15	15	15	15	16	17	17	16	16	16	16	16	16	16	16	16	15	16	17	17	17	16	16	
# Normalized histogram for each species index 
1	
0.950359490702955	0.0496405092970454	
0.902302523106273	0.0953463286130274	0.00235114828069953	
0.857801068232861	0.135201838510523	0.00692615154270224	7.09417139144704e-05	
0.816210226964852	0.170233915615488	0.0131429222728997	0.000390513328836513	2.24218179236276e-05	
0.774823253338132	0.202893172293321	0.0211477474640696	0.00110771237713952	2.81145273385664e-05	
0.734631847944604	0.231924778302766	0.0312268722093643	0.00213929120913266	7.53271552511502e-05	1.88317888127875e-06	
0.696168898238432	0.258689863641963	0.0415195534961291	0.00344543309548853	0.000168670817105874	7.58071088116288e-06	
0.661355812098441	0.281264980001402	0.0518049895128148	0.00516496238065735	0.000395993080541961	1.32629261425537e-05	
0.628499522792346	0.300879425532882	0.061868457331576	0.00800837764547259	0.000727173567240831	1.7043130482207e-05	
0.596005807119589	0.317608556983781	0.0747732895212533	0.0105410198801099	0.00104861285932499	2.27136359420575e-05	
0.566385192267359	0.330205560079889	0.0881249799239282	0.0137537624920404	0.00143414009224601	9.06966066242534e-05	5.66853791401584e-06	
0.538440329723248	0.341114373931846	0.100282323170329	0.0180516868573371	0.00191866448865514	0.000168071987687311	2.45498408981465e-05	
0.511987509004303	0.35157325448518	0.11168730270676	0.0217875851873084	0.00266829089839375	0.000269657666763467	2.64000512915282e-05	
0.488220701502574	0.361211100625555	0.121013997276267	0.0254686007809542	0.00372959319179716	0.000322101230200663	3.39053926527014e-05	
0.463068096651378	0.367966243966784	0.133928036094373	0.0299075156638786	0.00463171148484576	0.000474038432712774	2.43577060287196e-05	
0.437793792697247	0.373621776955773	0.145466072922489	0.0361311089185428	0.00622380954167401	0.000731550850287181	3.18881139868771e-05	
0.414501404494382	0.376865811020798	0.158536038728186	0.0414587317714559	0.00752487748027731	0.000993605068132919	0.00011953143676787	
0.394004674397593	0.377356799904421	0.169573853241837	0.0482112588765018	0.00945333442850636	0.00121900224759373	0.000181076903547614	
0.37548120793221	0.375876810769354	0.180865138619607	0.0541472053085422	0.0117243991781911	0.00171490097799739	0.000186605111860434	3.73210223720869e-06	
0.35377736715697	0.377545176113136	0.190206318177294	0.0617076692824965	0.013952344200388	0.00246372484399852	0.000332377513252849	1.50227124634056e-05	
0.33723204617225	0.377135740594804	0.198720965172381	0.0670548371063727	0.0164207056991509	0.00294057061432602	0.000468677064494122	2.64575762214424e-05	
0.320395902830751	0.375515656605907	0.207951453326199	0.0730666909551839	0.0186736951563384	0.003779900492981	0.000593930147742496	2.27704848974759e-05	
0.306395878461003	0.369974306943591	0.216751644564806	0.0802950802836696	0.0213836214847962	0.00443305066533796	0.000688444590670245	7.41694448512142e-05	3.80356127442124e-06	
0.289209313095615	0.368101489738475	0.224722939770836	0.0872965109106404	0.0244063537374424	0.00532957782834888	0.000791465083483433	0.00011767586373135	2.46739714275411e-05	
0.274972892639688	0.363242419417211	0.231493065823495	0.0950141413222326	0.0278314869998408	0.00622331915409871	0.00105965135764276	0.000136484611360069	2.65386744311246e-05	
0.262392328481577	0.357896418525302	0.239152968205877	0.100732423082263	0.0310466746166238	0.00731091749732307	0.00125525638611686	0.000190190361532858	1.90190361532858e-05	3.80380723065716e-06	
0.250483133383082	0.354055450318581	0.244700839982397	0.107284312037196	0.0337638482291487	0.00792338748254023	0.00153071962956585	0.000216214147676176	2.67875935174024e-05	1.53071962956585e-05	
0.237530944750427	0.350511427968297	0.248448444606498	0.114577136387188	0.037281467692721	0.00932852290391295	0.00191329712717573	0.000330077337887889	5.18144658312384e-05	2.49477057705962e-05	1.91905429004587e-06	
0.224020352705766	0.345296903376646	0.254695778277223	0.1202847221821	0.0416163530370173	0.0113992870390164	0.00232838959793392	0.000300437367475344	3.85176112147877e-05	1.92588056073938e-05	
0.213424903048375	0.337252599539576	0.260444509679712	0.127680654481405	0.0452582544072432	0.0124337561608702	0.00298773233626377	0.000461582435919225	4.44200670549882e-05	7.72522905304142e-06	3.86261452652071e-06	
0.202649725733872	0.331897759306596	0.2626617435945	0.135554512204311	0.0490606940604332	0.0140446670260432	0.00341794139070992	0.000614417954915633	8.50138050826663e-05	1.15927916021818e-05	1.93213193369696e-06	
0.192616536960841	0.326127454109673	0.265605806487806	0.141281659925059	0.0538245324883594	0.0158548687562749	0.00377413969539926	0.000769916760004565	0.000125740174372605	1.1606785326702e-05	7.73785688446799e-06	
0.184124263028043	0.318217444854999	0.269396793037811	0.146228363816077	0.0589732006687285	0.0175077896053653	0.00436681222707424	0.000932436032571554	0.000218147560415291	3.2818659531504e-05	1.93050938420612e-06	
0.175007342938412	0.311636238560475	0.271534133069503	0.153716686247836	0.0623492765273312	0.0192829427405392	0.00499899517684887	0.00116134368043532	0.000262799901063567	3.86470442740539e-05	1.9323522137027e-06	9.66176106851348e-06	
0.165449119284829	0.305322974026301	0.273697688497417	0.159045148861849	0.0674418739591856	0.0216392694328879	0.00565932269937701	0.00137904890111272	0.000297859089440895	5.0287898217294e-05	3.86829986286877e-06	1.35390495200407e-05	
0.157911146952232	0.298244533534009	0.274421308102553	0.164861031184983	0.0720624661984653	0.0242043046555179	0.00637634075411344	0.00151276904096987	0.000317566020050926	4.23421360067901e-05	2.30957105491583e-05	2.30957105491583e-05	
0.148211970937163	0.288634699606095	0.276446621860493	0.172738811174626	0.0776644637071925	0.0265630161677005	0.00744923566128387	0.00186230891532097	0.000332279184061418	7.92060845727798e-05	7.72742288514925e-06	9.65927860643656e-06	
0.139946344345333	0.282472808980058	0.27573389119718	0.178297546754995	0.0829861211997947	0.0296248946741436	0.00823623984271339	0.00212491888698415	0.000464886538629166	0.000104599471191562	5.81108173286457e-06	1.93702724428819e-06	
0.134216033561781	0.27485994874017	0.276729242003525	0.180375141119983	0.0880452672098369	0.0330779409792998	0.00956798339787771	0.00247555053795617	0.000532418247566713	0.000101042879100252	1.36019260327262e-05	5.82939687116839e-06	
0.129365444895944	0.268379516538698	0.277013725730254	0.183753383821012	0.0917367722477122	0.0351392686476959	0.0110750299758444	0.00265847359307864	0.000720974929117088	0.000143806320093435	1.3603300549379e-05	
0.123586294455782	0.262672721324755	0.27560053276837	0.189452120947767	0.0949091022385618	0.0381778387051548	0.0118042465689405	0.00290140669543408	0.000724378047450657	0.000155780225258206	1.55780225258206e-05	
0.116026042245529	0.256819125724614	0.275726856699405	0.192978966928532	0.100585151084411	0.0402995755168575	0.0132102585700943	0.00335764800851696	0.000754593367767749	0.000206684488329151	2.72979512887558e-05	7.79941465393022e-06	
0.109432466058709	0.248023875606217	0.276128104815161	0.19912224333821	0.105295642272167	0.042819446587511	0.0144085689675714	0.00364657696386822	0.000869162693584017	0.000222661903524894	2.73444442925309e-05	3.90634918464727e-06	
0.104713181669751	0.240878026403769	0.272842836927957	0.204102458442831	0.110353916248115	0.04639708283444	0.0152680806730007	0.00403909250649209	0.00111959445800743	0.00023130510503973	5.44247305975835e-05	
0.0997060958896132	0.234933046547112	0.272591209277586	0.204558425574705	0.114653662930422	0.0498821665818991	0.0170149902743752	0.00489193103153742	0.00135498724603695	0.00033583494779999	7.37672139676278e-05	3.88248494566462e-06	
0.0938153766955606	0.228643532146223	0.27039559371958	0.209246066996054	0.118265897967359	0.0530716039921272	0.0190762061244356	0.00561042117832392	0.00137986557438598	0.000377382590470219	9.28941761157461e-05	2.51588393646812e-05	
0.0892870896683457	0.220779995994886	0.268123141858065	0.211801223100267	0.123469199131198	0.0570382180322566	0.0210345518123142	0.00631575704360953	0.0016578862239475	0.000354298565861023	0.000111681069673583	1.34787497881911e-05	1.34787497881911e-05	
0.0851745621298251	0.214638513364238	0.265482747425225	0.214805650383935	0.127283485517673	0.0605689190461279	0.0228785605468262	0.00676616762498295	0.00186924505937206	0.000422645337165318	7.87657219262638e-05	2.68956123650657e-05	3.84223033786652e-06	
0.0798761491561706	0.207580130349191	0.262988092735231	0.217507310640087	0.133330784962061	0.0637105559909023	0.0244528965424973	0.00771774239788995	0.00219605894382753	0.000544714359435026	6.49834674413715e-05	2.10240629957378e-05	7.64511381663195e-06	1.91127845415799e-06	
0.0758197504990783	0.199526162412709	0.259340987142518	0.221690211945755	0.138103196395928	0.0670849236276302	0.0269196350035566	0.00848433161747271	0.00224298422071118	0.000652052531340589	0.000103257585608187	1.91217751126273e-05	3.82435502252545e-06	9.56088755631363e-06	
0.0717533014676594	0.19345566381714	0.256938061096302	0.222801191898765	0.141162637497319	0.0713703005790973	0.0293091429972118	0.00970715752060545	0.00265228115329228	0.000677911572754849	0.000139795324325152	2.4895057756534e-05	3.83000888562061e-06	3.83000888562061e-06	
0.0686670745229993	0.187366650097503	0.254596031048063	0.224601384162429	0.144147898902612	0.0737448858639544	0.0319810346805338	0.0108304974572707	0.00311818911788323	0.000776201582992391	0.000131916032577525	3.82365311818912e-05	
0.0649379199602382	0.181604427324776	0.25153551322367	0.22540359194441	0.148967244296187	0.0770385096967206	0.0338644466321937	0.0118482551637785	0.00368561406191755	0.000908022136623878	0.000170134674020053	3.24976343633809e-05	3.82325110157422e-06	
0.0610757167360941	0.175659688189169	0.247105488850772	0.228195448419505	0.152268132810586	0.0818388568978192	0.0357774595687332	0.0128147206567018	0.00406035591766724	0.00096100833129135	0.000179949767213918	6.12594952217594e-05	1.91435922567998e-06	
0.0577068194789723	0.171111349454725	0.244835498216892	0.227929487744244	0.156572601805708	0.0846162391165283	0.0375793396945541	0.0137803042200865	0.0043802023281915	0.00115298723286895	0.000235577125652625	9.19325368400489e-05	7.66104473667074e-06	
0.0549908906940396	0.166088252707567	0.242280886448741	0.229006238494385	0.158833171199744	0.0875083525767818	0.0396773573303737	0.0150565310011479	0.00483545185774634	0.00129262669740542	0.00029317306539092	0.00010660838741488	3.04595392613942e-05	
0.0520255968589463	0.160232395527182	0.23881369132553	0.23009506917481	0.162612441043658	0.0912660288296278	0.0416072129022722	0.0161771087373821	0.00524709079229366	0.00147236892221458	0.000305085452350769	0.000126961026754668	1.70544662804778e-05	1.89494069783086e-06	
0.0505521216091758	0.154890287786861	0.23273801046325	0.230571301070062	0.167649376667521	0.0945509442561313	0.0439931257773853	0.0171741627975428	0.00563800191794609	0.0017204546101917	0.000423467304716059	9.68467826929102e-05	1.8989565233904e-06	
0.0482941443278536	0.149681164502346	0.229325242699944	0.23053921886256	0.171462221900359	0.0984711904589478	0.0453382934201349	0.0186555928663178	0.00591741912860524	0.00173425166087948	0.000430704258636002	0.000142932829193363	7.62308422364604e-06	
0.0451569246018509	0.144460223211307	0.225531103761806	0.231043717773987	0.174331652735816	0.102118696567959	0.0485117657710893	0.0195705422071424	0.00675161785309227	0.00195571990888556	0.000411730507133803	0.00012580654384644	2.66862365734872e-05	3.81231951049817e-06	
0.0430630304531296	0.138693668378087	0.221219077737876	0.229599641839952	0.177022508834932	0.106021089530486	0.0521656299711376	0.0216705880111639	0.00744134652937198	0.00228993817928959	0.000577247311418257	0.000190510663834408	4.38174526819139e-05	1.90510663834408e-06	
0.040870852990122	0.134097467136903	0.216696056428342	0.22855119925495	0.179859616177346	0.110118093406006	0.0553309974198079	0.022727446220553	0.00829211132994397	0.00245423594253347	0.00073665246797661	0.000200384738698301	5.34359303195469e-05	1.14505564970458e-05	
0.0392692800055358	0.129732784370711	0.21133523240571	0.22957632233486	0.181326813441127	0.112725707058475	0.0585867672329285	0.0240440246494981	0.009233951108497	0.00297354753639568	0.000916859841538941	0.000207590907518251	5.95862790098683e-05	1.15328281954584e-05	
0.038141663541877	0.125551164825444	0.206518792004384	0.227280856096224	0.183883777053468	0.116011422308114	0.061292028421164	0.0266289768957859	0.00988202717124809	0.00337092695683944	0.0011422308113877	0.000217293066812811	5.3842529829723e-05	2.49983174209428e-05	
0.0362170873808787	0.122220664140012	0.204205669412947	0.224995821991882	0.185219263786947	0.119892505133667	0.0634404119996235	0.0276612951248888	0.0108973977252427	0.00355562897751175	0.00129086043916148	0.000336161572698302	5.37858516317283e-05	1.34464629079321e-05	
0.0348531510553594	0.118407494506045	0.199843222452702	0.225470765995066	0.186942780047264	0.121920544214543	0.0663049612197062	0.0292811922797651	0.0112190321008769	0.00398684917576227	0.0012885034292681	0.000358238621590233	9.43746906339861e-05	2.31121691348537e-05	5.77804228371343e-06	
0.0330797952725021	0.114326694942954	0.195650502013051	0.223456372354866	0.18872883604496	0.125430200766767	0.0686340861285969	0.0320838444470935	0.0124686121675197	0.00409147366113831	0.00148046744317505	0.000390305053200694	0.000142278689344095	2.49949048847735e-05	1.15361099468185e-05	
0.0314942202408585	0.110289237332679	0.191192437397133	0.220367464540708	0.191098441977971	0.128767969430388	0.0724205930535467	0.0339918128071636	0.0137636149487245	0.00455781869242781	0.00144254194305796	0.000485323286693702	9.59136930224707e-05	2.3019286325393e-05	5.75482158134824e-06	3.83654772089883e-06	
0.0291786612075902	0.107266243280977	0.18859931287844	0.219258607743464	0.19133013137503	0.132135511586775	0.0749669209925431	0.0354449486579237	0.0144779470082942	0.00509868010439331	0.00163426620295243	0.000480101704745133	9.98611545869877e-05	2.8806102284708e-05	
0.0265865829649573	0.102299166896	0.185380554748346	0.220636884818416	0.191729388421991	0.134922819043807	0.0778391256738058	0.0374983401427573	0.0151225022756883	0.00553093300335051	0.00181862619630001	0.000508060651664765	9.62236082698418e-05	2.69426103155557e-05	3.84894433079367e-06	
0.0252675062394217	0.0976792220086635	0.180362794878415	0.218745995773449	0.194050316991308	0.137741568413705	0.0810101647589814	0.0398060759057919	0.0166002084588389	0.00594585807586754	0.00208841332224103	0.000543140461095652	0.000109010585501592	2.67745297723209e-05	2.29495969477036e-05	
0.0245674482742814	0.092706162775818	0.175092965913453	0.216047626050701	0.197861258759423	0.140865084352123	0.0836110691987265	0.0418313186739728	0.017634397101488	0.00677452686223091	0.00216777219865579	0.000593988681746212	0.000171893830730415	5.15681492191245e-05	1.71893830730415e-05	5.7297943576805e-06	
0.0231663030044097	0.0892358515037307	0.170182492332575	0.212717625158308	0.199799349985504	0.145183255260387	0.0860887742801776	0.0433667241405618	0.0194355860048522	0.00720776050170133	0.00261684239437264	0.000738132657887911	0.00018691731388376	4.76829882356531e-05	1.71658757648351e-05	9.53659764713063e-06	
0.0213735770179216	0.0860550140271847	0.166708942115692	0.211229757847499	0.199247052002617	0.147862356223741	0.088667827493282	0.0462410768605807	0.0203723163831033	0.00816647245388956	0.00286265183402341	0.000831523117677686	0.000284167303977007	5.53077303042497e-05	1.90716311393965e-05	2.28859573672758e-05	
0.020943689929359	0.0827784428389485	0.162370966446495	0.209327897255061	0.198150407514639	0.151373234453823	0.0925044843821114	0.047880579661367	0.0214695769573515	0.00878326952570727	0.00299277526839362	0.00100014151141844	0.00035186622963861	7.26680256862348e-05	
0.0199791088222983	0.0794517601969301	0.15760166207752	0.207976666397846	0.199890935763469	0.152284780546627	0.0960091706125647	0.0504844525858593	0.022575144874941	0.00915909169460478	0.00313943709028906	0.00107720135024597	0.000284181461383964	7.48856553646931e-05	1.15208700561066e-05	
0.0186148992253726	0.0759073369465951	0.153237419754249	0.205871326095274	0.201039758056298	0.15526579392103	0.0987058780552987	0.0522839877643856	0.024275120596938	0.00991500054794942	0.00331269070081769	0.00115550035472515	0.000311465985799458	8.26730703047945e-05	2.11489249616916e-05	
0.0175388853659985	0.0732552592708958	0.150137073429594	0.203295892778117	0.200200006513622	0.158288679899537	0.101001373607953	0.0544098179442625	0.0258475850746097	0.0106976663990973	0.00362080757419303	0.00125291436694298	0.000365912299825856	7.27993057245159e-05	1.34103984229371e-05	1.91577120327674e-06	
0.0172661234699778	0.0704131996411136	0.146424873054511	0.200173295241682	0.199940826015036	0.160551701348129	0.103790785380952	0.0566590906034402	0.0269241631588149	0.0119001189243399	0.00400385015148924	0.00132180849530931	0.000453411053623542	0.000126801396352346	4.80308319516464e-05	1.92123327806586e-06	
0.0161169940271188	0.0676894562241337	0.143516075742197	0.197417827314084	0.200437845004403	0.161810782652742	0.106698337839056	0.0594352528545307	0.0283141048640704	0.0118786083359396	0.00443792942675306	0.00151384622469008	0.000508452787760294	0.000193787666278452	1.91868976513319e-05	1.15121385907991e-05	
0.0154499777200719	0.0653128409213134	0.13740569444231	0.19492056053226	0.200907330864615	0.163763233509012	0.110498839907193	0.0621379511685438	0.0300894270217114	0.0126054455217345	0.00450592338777831	0.00162105683686483	0.000543553418048278	0.000190147662144097	4.03343525760206e-05	7.68273382400393e-06	
0.014515328654554	0.0633340422392998	0.133693917395211	0.190634394201532	0.200241028028609	0.166288264157523	0.112823342549111	0.0647882574516555	0.0316842647782944	0.014316068599106	0.00513094642778452	0.00171095412995204	0.000578620545627679	0.000182016396803409	6.13107862916746e-05	1.1495772429689e-05	5.74788621484449e-06	
0.0136205306735118	0.0604421831956583	0.130005616911312	0.186339595007275	0.199898780574305	0.168051085137423	0.116170378365115	0.0681237407479119	0.0335768606258351	0.0149452015666007	0.00595430939787861	0.00193428788875065	0.000615368099394409	0.000205122699798136	6.70962102143436e-05	1.72533111979741e-05	3.06725532408428e-05	1.91703457755268e-06	
0.0131832284099149	0.0577780855274926	0.126708251346886	0.182849493078517	0.197517613862586	0.169947086283403	0.119524218940841	0.071501799374114	0.0355508623724041	0.0158087181647346	0.00622231454713668	0.00233120408999371	0.000707824344156506	0.000217348236113275	0.000109635835915546	2.50046643316157e-05	1.15406143068996e-05	5.77030715344978e-06	
0.0128150107097842	0.056044648587623	0.123920322298776	0.179379219152342	0.197131556359756	0.170763062456987	0.121161682943992	0.0742222840837915	0.0375519057229684	0.0166252967422151	0.00675451009503484	0.00245706420457621	0.000891193232344321	0.000195250578019038	5.99283952335661e-05	1.73985663581321e-05	9.66587019896227e-06	
0.0120696145715692	0.0554715779109837	0.121620865066265	0.176735296672748	0.19494589716117	0.171690846436742	0.123591926562998	0.0754157858666589	0.0393169818241489	0.0181005608162241	0.00712555140493634	0.00258689755692623	0.000942094035656715	0.000272203399646715	8.30123842894236e-05	2.70272879081844e-05	3.86104112974063e-06	
0.0117119328361238	0.0530419136447883	0.119297438642807	0.176581545781868	0.195852120420315	0.171135303746852	0.123864319384022	0.0765314898312979	0.041453671188452	0.0188376583091912	0.00751419057208733	0.00281782146453275	0.000929610510590022	0.000309225949468615	0.0001004984335773	1.93266218417884e-05	1.93266218417884e-06	
0.0109922722630129	0.0509259794569386	0.116112620685668	0.173825904299397	0.194943246420381	0.173633192653832	0.125595960763909	0.0786745293018057	0.0425256788267715	0.0204601954096086	0.00788768765296487	0.0029060916151163	0.00106184116706173	0.000346880962016535	7.32304253146018e-05	2.11982810121216e-05	1.34898151895319e-05	
0.0102884300860095	0.0487194781705182	0.11133131938966	0.171609166650632	0.193963941428874	0.17354870985742	0.130365011256278	0.0810221084835774	0.0436185565026649	0.0216332185257163	0.0089338284812684	0.00321525466125339	0.00115256585403398	0.000417540551461392	0.000128918050451213	3.6558850127956e-05	1.53932000538762e-05	
0.00949141436527973	0.0469926188594885	0.109192699801499	0.169238181502823	0.192686311164216	0.174092774961938	0.132266954460483	0.0835109560793232	0.0454605022259053	0.022222436354526	0.00958970109271715	0.00356915723949199	0.00103297423345989	0.000468307348378269	0.000146466495789088	2.89078610110043e-05	9.63595367033475e-06	
0.00883307306395292	0.0450089083549367	0.106531571094077	0.167679754774125	0.192142502794116	0.174457053621927	0.133584787656861	0.0850260494582601	0.0475993768977305	0.0231462803998819	0.0101746346416293	0.00396484529575159	0.00117555539684164	0.000461342758366422	0.000144772832123354	6.75606549908986e-05	1.93030442831139e-06	
0.0084058551926679	0.0425688540133045	0.102849357516708	0.164049070769515	0.192897225797997	0.176503688401384	0.134528370243041	0.0867641504343603	0.0495236296644595	0.0243099182153841	0.0111750468276665	0.00433589504436102	0.00149154789526019	0.000412391795330337	0.000131040383562911	4.43224826756905e-05	9.63532232080228e-06	
0.00823294330124695	0.0404499779045862	0.0999865506177109	0.158944799892405	0.191221396045882	0.179457029223586	0.136616903952197	0.0897342786327742	0.0516379426287778	0.0253847484004842	0.0115568620669779	0.00433070109708533	0.00169077948777067	0.000566795396468576	0.000140257843871885	3.84268065402425e-05	9.60670163506062e-06	
0.00804445721950752	0.0400651528216921	0.0945903995400977	0.15655839800709	0.188613586279582	0.179683817188847	0.139961674810769	0.0932317715818722	0.0529596627383348	0.0272013030564338	0.0119632078183386	0.00471974705375108	0.00165373191530133	0.000536552649228706	0.000170547092076267	4.59902270767462e-05	
0.00751388060386363	0.0379919393077288	0.0923652854892244	0.152635020419401	0.187701708499671	0.179356138821334	0.14201999112865	0.09608972299974	0.0549908992184035	0.0289791064409061	0.0125040150507044	0.00501690145153643	0.00188707383104667	0.00067108704629927	0.000196928677404059	6.8829440646079e-05	1.14715734410132e-05	
0.00703991813607982	0.0368728740489478	0.0910944561829052	0.149829923915824	0.185349769283975	0.180743028775547	0.143271335310448	0.097258885172587	0.0569219545010944	0.0298424309036299	0.013151287177495	0.00540832472688339	0.00215082290294767	0.000708729308988924	0.000250139756113738	6.06399408760576e-05	4.35849575046664e-05	1.8949981523768e-06	
0.00687943998415049	0.0353330754643999	0.0881119276960669	0.147549458946951	0.18354481730615	0.180674924762022	0.145847523986528	0.0985575063445192	0.0595130050850496	0.0307989848769305	0.0139683198581092	0.00593601705708652	0.00221893072445447	0.000758512033359435	0.000237742577620121	4.71711463531987e-05	2.07553043954074e-05	1.88684585412795e-06	
0.00658400108446801	0.0334095222315942	0.0857388691408603	0.144381100132546	0.181733115435595	0.180659943969153	0.147640152428003	0.101442944933124	0.0609090703699241	0.0322026750210869	0.0150959452946138	0.00648421496565851	0.002468294372816	0.000811468249186649	0.000363372093023256	6.21309796361007e-05	1.12965417520183e-05	1.88275695866972e-06	
0.00638439917642373	0.0318060519017618	0.0826979790216198	0.141784527462828	0.18121857123355	0.18076227556892	0.149165670857481	0.10276750800855	0.0630267737091414	0.0335227708367228	0.0162321572499584	0.0066536884211235	0.00253019686165826	0.001039755694813	0.000332871427476105	6.17121185770307e-05	1.30904493951277e-05	
0.00641780028593792	0.030941903290517	0.0795680812970947	0.13687279109242	0.18051271754428	0.181724886080327	0.150381405483389	0.105837930092084	0.0653771573160506	0.034546803277317	0.0164442188670686	0.00716332111869026	0.00279430875717401	0.000985351724086644	0.000310478750797112	9.85351724086644e-05	2.23098503566787e-05	
