# <P(N_1)> as a function of N_tot.
# number_of_species: 2
# species_total_upper_bound: 100
# species_total_lower_bound: 0
# volume: 512
# Bin widths for each species index 
1	1	1	1	1	1	1	1	1	1	1	1	1	1	1	1	1	1	1	1	1	1	1	1	1	1	1	1	1	1	1	1	1	1	1	1	1	1	1	1	1	1	1	1	1	1	1	1	1	1	1	1	1	1	1	1	1	1	1	1	1	1	1	1	1	1	1	1	1	1	1	1	1	1	1	1	1	1	1	1	1	1	1	1	1	1	1	1	1	1	1	1	1	1	1	1	1	1	1	1	1	
# Bin lower bound for each species index 
0	0	0	0	0	0	0	0	0	0	0	0	0	0	0	0	0	0	0	0	0	0	0	0	0	0	0	0	0	0	0	0	0	0	0	0	0	0	0	0	0	0	0	0	0	0	0	0	0	0	0	0	0	0	0	0	0	0	0	0	0	0	0	0	0	0	0	0	0	0	0	0	0	0	0	0	0	0	0	0	0	0	0	0	0	0	0	0	0	0	0	0	0	0	0	0	0	0	0	0	0	
# Bin upper bound for each species index 
0	1	2	3	4	4	5	5	5	5	5	6	6	6	6	6	8	8	8	7	7	7	7	8	8	8	9	9	10	9	10	10	10	10	11	11	11	11	11	11	10	11	11	11	10	11	11	12	12	13	13	13	11	12	13	13	13	13	12	12	13	13	13	13	13	13	14	14	15	14	14	14	15	15	15	13	14	14	15	15	15	15	16	17	17	16	16	16	16	16	16	16	16	16	16	16	17	17	17	17	16	
# Normalized histogram for each species index 
1	
0.950223122621622	0.0497768773783776	
0.902217164944279	0.0954274490318348	0.00235538602388603	
0.85730178855796	0.135460643748848	0.00712755336382564	0.0001100143293664	
0.815286009515498	0.170970147916227	0.0133164585582269	0.000406704138593741	2.0679871453919e-05	
0.774699865625888	0.202773845886414	0.0213770725206321	0.0011216237469683	2.75922200976213e-05	
0.734792158927916	0.232021175606477	0.0308889458622338	0.00222288434487967	7.34494203732062e-05	1.38583812024917e-06	
0.696543434701188	0.258449683960416	0.0413535669316482	0.00346088792272822	0.000182665720337388	9.76076368215049e-06	
0.661678538402637	0.281139072958524	0.0514568970206522	0.005308458245754	0.000405875288889757	1.1158083543361e-05	
0.628414264829466	0.300629511066267	0.0622361649020753	0.00798978734316227	0.000717729021756248	1.25428372734102e-05	
0.596148467277001	0.317831463785601	0.0744604611875768	0.0105173366285243	0.00101165701626583	3.06141050314282e-05	
0.567011583483433	0.330161913239834	0.0876420160621711	0.013673537691108	0.00140957147638378	9.1656864474216e-05	9.72118259575018e-06	
0.538059961012457	0.341761699380273	0.100023691790587	0.0179766656644993	0.00197293039739861	0.000174571088533866	3.04806662519449e-05	
0.511861344165763	0.350860857149182	0.112178458371151	0.0220222810085671	0.00276437252341	0.000286398955128063	2.62878267991942e-05	
0.486988760256577	0.360629392467962	0.122357610110518	0.0258884427137887	0.00375579329042314	0.000346837423067038	3.31637376637805e-05	
0.462062585737182	0.367576431518844	0.134746547832756	0.0303073205464087	0.00474217678285229	0.000530573982081444	3.43635998757412e-05	
0.437670235569592	0.372781008138309	0.146097695452089	0.0363687111663534	0.00625050701153993	0.000775469853609441	5.22479688602106e-05	2.74989309790582e-06	1.37494654895291e-06	
0.415581494540881	0.375315265646022	0.158722452399859	0.0415800929030772	0.00761437679919138	0.00104917115478772	0.000127546297248703	2.74293112362802e-06	6.85732780907005e-06	
0.394518704854603	0.37715656615479	0.169038341389629	0.0482857080223165	0.00945244593513312	0.00133723543016233	0.000204147622022733	2.74023653721789e-06	4.11035480582684e-06	
0.375294894781542	0.376620126286767	0.180644508358258	0.0538120578287812	0.0116562932084963	0.00175603431652108	0.000213349963689477	2.73525594473689e-06	
0.35510113218022	0.377320117464213	0.190137293513496	0.0611314106836368	0.0136029275357937	0.00239243325990675	0.000302317815726298	1.23675470069849e-05	
0.33797842564632	0.377611915579576	0.198661539905378	0.0663681883173881	0.0160620731916021	0.00287483231294958	0.000419562661131384	2.34623856553734e-05	
0.32043952934911	0.37606165504463	0.208230010928598	0.0724713054959198	0.0183941617987252	0.00375427851837058	0.000615773794664403	3.32850699818596e-05	
0.306846441323164	0.370449714500063	0.216367273788188	0.0797927173203295	0.0213089929007072	0.0044443518248378	0.000716875755428667	6.807541088373e-05	5.55717639867184e-06	
0.29026722609637	0.368781438466198	0.22382732528564	0.0865258666932798	0.0242359473781237	0.00534895744536343	0.000863539903721538	0.000126135042116629	2.3563689186623e-05	
0.275048673104791	0.363639254859014	0.231329992588414	0.0947590681312846	0.0276289007621766	0.00628602086306264	0.00110758968572661	0.000174227591013175	2.62724145178597e-05	
0.262235291340922	0.358415489682384	0.239027424323833	0.100581307365402	0.0308938416406002	0.00727779605788361	0.00134254650667178	0.0002040892828136	1.94370745536762e-05	2.77672493623945e-06	
0.250623835750421	0.354510078204133	0.244231522131366	0.107459974893311	0.0334523648634528	0.00790679594336087	0.00155767363254228	0.000215956541184306	3.0651896168095e-05	1.11461440611255e-05	
0.237273746573822	0.351157604893762	0.248729015313254	0.114192441254048	0.0369922519153785	0.00933149207528306	0.00194225729114451	0.000308582934107071	5.30595090319851e-05	1.8151937300416e-05	1.39630286926277e-06	
0.223770641045393	0.345228924774857	0.255266880488522	0.120421854647824	0.0412442751299038	0.0114119245367582	0.00229555035784815	0.000303925825291671	4.20173952016135e-05	1.40057984005378e-05	
0.213594674639347	0.337255045211615	0.260256208518554	0.127488886765838	0.0453408714124345	0.0125420785541275	0.00299958975165926	0.000466446743583547	4.77686424151826e-05	5.61984028413913e-06	2.80992014206956e-06	
0.203025201588842	0.331712104597335	0.263112225627863	0.13484794662301	0.0491128406089717	0.0140153913765046	0.00345259941843567	0.000624809573486732	8.70521203509604e-05	8.42439874364133e-06	1.40406645727356e-06	
0.192187886209918	0.325764555198526	0.266319124553401	0.141307889355774	0.0536859874615194	0.0159834730242905	0.00378626160034155	0.000818765027076826	0.000123587173898389	1.68527964406894e-05	5.61759881356313e-06	
0.183568363482205	0.318638760596644	0.269421642548036	0.146463494657431	0.0585339099605306	0.0178011027925191	0.00437087519640256	0.000944411254024241	0.000225259573182078	3.07808112422716e-05	1.39912778373962e-06	
0.174707376069896	0.311340376569917	0.271719719708504	0.153637892855592	0.0625921781136769	0.0195806272243551	0.00504502283706201	0.00110088504995301	0.000235303674799116	3.22141935736886e-05	1.4006171118995e-06	7.00308555949751e-06	
0.166165419856101	0.304527758235536	0.273788669112639	0.158447713838056	0.0675295772989851	0.0220487867771745	0.0058369794016991	0.00134117389854167	0.000264871334194749	3.64373263971612e-05	2.8028712613201e-06	9.81004941462034e-06	
0.158432568813085	0.298315977271747	0.274797272943609	0.164164731128327	0.0713354309976523	0.0244413611902413	0.00662281147323112	0.0015363697975304	0.000289460976346307	3.06160648058594e-05	1.66996717122869e-05	1.66996717122869e-05	
0.149425095004009	0.288867970574905	0.276639124219921	0.171548303873374	0.0768845657706655	0.0267740473451173	0.00761844995293379	0.00184778440191054	0.000319352926820765	6.27549419516787e-05	5.57821706237144e-06	6.9727713279643e-06	
0.141249123669444	0.283021950858455	0.276318545807998	0.177493596851634	0.0816879732534138	0.0293483452365324	0.00826055018196952	0.00207945210836054	0.000441307499155092	9.2171819443785e-05	5.58617087538091e-06	1.39654271884523e-06	
0.135224670293773	0.276469181019106	0.276693018915701	0.179937689125535	0.086853300839532	0.0324299142560957	0.00938999976217223	0.00238807055930095	0.000506433241046834	9.23331323455553e-05	1.11918948297643e-05	4.19696056116161e-06	
0.128748200471658	0.269787809700928	0.277467664506299	0.184012626107025	0.0910435303805197	0.0348240243335443	0.0108209770388586	0.00248853063259373	0.000655392423215456	0.000133039060268095	1.82053450893182e-05	
0.122367998919339	0.262866622764804	0.276431172573719	0.190026115979715	0.0950081331014414	0.0377992221490525	0.011770483314478	0.00285080683743365	0.000692298600206001	0.000160410651267244	2.11066646404269e-05	5.62844390411383e-06	
0.115196130278736	0.256783646761012	0.276049048434977	0.1933619613733	0.100927238240292	0.0401145121598657	0.0131618471431896	0.00338882660292344	0.00077704679908898	0.000196024510115006	3.24357103067995e-05	1.12819861936694e-05	
0.109409745772869	0.247524920012014	0.275800267637192	0.199269849640918	0.105986020257513	0.0428642537956397	0.0143548293848152	0.00365357199764795	0.000902464715744766	0.000198824257687519	3.24323257220775e-05	2.82020223670239e-06	
0.104127739324945	0.240283102827232	0.273134615844254	0.204490334771624	0.110496709365479	0.046435837196191	0.015413469879552	0.00423192049050911	0.00109945575534157	0.000231982352469768	5.48321924019453e-05	
0.0988802173604903	0.234430193572653	0.272744751589014	0.205091860349253	0.114731758798342	0.0503446078795985	0.0171819762570714	0.0049049258366793	0.00132762799470633	0.000293313161621166	6.59603760583483e-05	2.8068245131212e-06	
0.0933470767500829	0.227545387540576	0.271069315211417	0.209456104748332	0.11881668622353	0.0532594694612236	0.0189913693394069	0.00566426436590309	0.0014083738806085	0.000351044532306586	7.27263572906075e-05	1.81815893226519e-05	
0.0888236555009006	0.22008891412855	0.268203873360002	0.212930408130882	0.123814455087787	0.056895020641774	0.0208728282988561	0.00623011332793279	0.00168001492109358	0.000352148943692358	8.62973696004989e-05	1.25270375226531e-05	9.74325140650793e-06	
0.0846450255426864	0.214134130066616	0.265634197558868	0.215383780428917	0.127778836934544	0.0603352903767181	0.022979372419465	0.00672974293105632	0.00188282510043821	0.000400778735348267	7.37544200467297e-05	1.94822996349852e-05	2.78318566214074e-06	
0.0795623302268634	0.206783853751406	0.262972088915019	0.217853166255999	0.133598545722792	0.0639366152557673	0.024738519904102	0.00776363280887098	0.0021714322162336	0.000529685253257495	6.10108668673554e-05	2.21857697699474e-05	5.54644244248686e-06	1.38661061062171e-06	
0.0750775089444073	0.200059120519816	0.259365606290645	0.221960081158873	0.1379159600423	0.067225304692726	0.0269539609360471	0.00852390217635679	0.00218856947771323	0.000600919837571229	9.71463940646329e-05	2.22048900719161e-05	2.77561125898951e-06	6.93902814747378e-06	
0.0716914952805515	0.193847720609761	0.257027142898767	0.222670834599391	0.141340648027516	0.0711323485135437	0.029294850716138	0.00958041793099047	0.00263895074652337	0.000610482822539581	0.000135971174111088	2.35868363253929e-05	2.77492192063446e-06	2.77492192063446e-06	
0.0680612666468877	0.187787152747932	0.254333112437717	0.224731251369044	0.144619620521665	0.0742431090272367	0.0315247620288754	0.0107305359999778	0.00304447765580766	0.000745869298189673	0.000134478293539774	4.43639731265233e-05	
0.0645217263354863	0.181052564364173	0.251991621240073	0.225445000159635	0.149135263668581	0.0774618853875593	0.0337149306003806	0.0120031704916622	0.00355500400475851	0.000928659773207124	0.000151306300866333	3.33151488146054e-05	5.55252480243423e-06	
0.0604954168029678	0.17462920300396	0.247602608629078	0.228850825114667	0.152640993339226	0.0821217035433646	0.0354392143488519	0.0130417533773673	0.00402569652762794	0.000931255524544638	0.0001586892822094	4.87203936607808e-05	9.74407873215616e-06	4.17603374235264e-06	
0.0576334128771579	0.170406344132292	0.243588525570452	0.228569272984346	0.157408752801265	0.0851123579807418	0.0374028289286173	0.0139085264646216	0.00447503870077178	0.00113308035789132	0.000269647976662177	7.82398274252949e-05	1.11771182036136e-05	2.79427955090339e-06	
0.0552713868871611	0.165514424290078	0.240626964841621	0.228454879917245	0.160286464323704	0.0882382053737852	0.0400057437853497	0.0150523423351833	0.00480135843311766	0.00132999301544548	0.00029555400343233	9.61944633812772e-05	2.37000851808944e-05	2.78824531539934e-06	
0.0520677517474546	0.159434030461595	0.237548169690769	0.229952233461044	0.163525326274933	0.0922230625079935	0.041820744802122	0.016170558240145	0.00526182624990964	0.00152363581767529	0.000323911629122575	0.000129286615915878	1.80723226549076e-05	1.39017866576212e-06	
0.0505928490200013	0.154997825941535	0.231548375588111	0.230668996811381	0.167697950810534	0.095455102905434	0.0438462996410016	0.0171165295337481	0.00578494659620487	0.00178384284344549	0.000406939148661003	9.33730238366e-05	6.96813610720895e-06	
0.0479534999761725	0.149967342339186	0.228850310177697	0.230291171779296	0.171719026381223	0.0988588039727414	0.0457753881776465	0.0182896916724367	0.00598350017239881	0.00173800426652015	0.000431697833942102	0.000131751936332979	9.81131440777505e-06	
0.0451095606197034	0.144422796250539	0.225109532525436	0.230823906535991	0.174287002608553	0.102667691170955	0.0489149291532809	0.0194131388460842	0.00667379324585715	0.00198205057249094	0.000441079999831434	0.00012923363052386	2.24754140041495e-05	2.80942675051869e-06	
0.0429736807665408	0.138955927280505	0.221150233387417	0.230146590095142	0.177222457540658	0.105941141621202	0.0519320425374426	0.021334860635979	0.0072865845506958	0.00226280957078386	0.000574145711989936	0.000181531364820347	3.23660572935503e-05	5.62887952931309e-06	
0.0410627031524322	0.134139479788757	0.216568072369859	0.229363943395827	0.179342438322745	0.11027237408956	0.0548908176863362	0.0227079470058592	0.0081268023719038	0.00252561218949847	0.000747389425144719	0.000187552440649524	5.07660741607733e-05	1.41016872668815e-05	
0.0391429456060765	0.129772499382178	0.212214132932625	0.229547242808407	0.180970790500024	0.11269930093767	0.0584246810758913	0.024158980579077	0.00892220552602949	0.00296980766554086	0.00089335677743912	0.000203100189465491	6.81734901702349e-05	1.2782529406919e-05	
0.0378882631280816	0.12501508403761	0.207306494867168	0.228603026461306	0.183942917742661	0.115395372146278	0.0609778431458843	0.0264116174773243	0.0096949546201165	0.00337314572812957	0.00109030973030451	0.000220049489840102	5.67869651200264e-05	2.41344601760112e-05	
0.0356423100466264	0.121765583924034	0.203568491720719	0.22577818428165	0.186497222723251	0.119856783130973	0.0631679560066865	0.0277855496394724	0.0107625687573054	0.00352077170089205	0.00124838980439053	0.000325234658936781	6.2490502153792e-05	1.84631029090749e-05	
0.0344610877003473	0.117482924076447	0.19958701417519	0.225121451749204	0.187690514294183	0.123030728824501	0.066344220407314	0.0292567252703718	0.0112552175443447	0.004048629152125	0.0012398125175462	0.000354842892952877	8.97795271326557e-05	3.27766527627156e-05	4.27521557774551e-06	
0.032821517340341	0.114120825776621	0.195287743463741	0.223585198429533	0.188639734876848	0.125922108685687	0.0692787978350554	0.0317040255329084	0.0124717779935257	0.00416390259457397	0.00147195736163743	0.000368701118630653	0.000126696523390456	2.84711288517878e-05	8.54133865553635e-06	
0.0311149045129628	0.10956150645471	0.191541662221274	0.22177886838081	0.191272804865038	0.128419929584978	0.0725118247448345	0.0336982111739393	0.0134869661083253	0.00457484263309506	0.00148369429922828	0.000429602759699847	9.67317472171841e-05	1.9915359721185e-05	5.69010277748142e-06	2.84505138874071e-06	
0.028903534914554	0.106488429623918	0.188042261355214	0.219795180088739	0.192635701370919	0.132572454439021	0.0748578508846177	0.0352481439173551	0.0141786363073807	0.00501878487934574	0.00168999898998377	0.000445260676653973	9.53113908492529e-05	2.70286033751613e-05	1.42255807237691e-06	
0.026597691230978	0.101760126673302	0.184812588728981	0.220268582714277	0.192780931794913	0.135652639478042	0.077927718186077	0.0372530005880854	0.0150438785724762	0.00546933626094472	0.0017955826672875	0.000514040716011728	9.11318720907218e-05	2.7054774526933e-05	5.69574200567011e-06	
0.0256176777553873	0.0976757161691588	0.179721675047759	0.219181961982743	0.194249688098755	0.137793084501517	0.0811594654416253	0.0394786965431004	0.0163661416152024	0.00598595488513113	0.00204629874828826	0.000545207624976457	0.000123202762007667	2.97385977259886e-05	2.54902266222759e-05	
0.0245215454855427	0.0932489349992289	0.174829904061505	0.216382973003946	0.197560295809181	0.141035671689726	0.0833791968670373	0.0416478614388369	0.0176229154493377	0.00678827459263986	0.00213919782911035	0.000591391992439237	0.000179681299138237	4.24444013712371e-05	2.54666408227423e-05	4.24444013712371e-06	
0.0230964653694473	0.0894210040908242	0.170682992242711	0.213418808738408	0.199669565512598	0.144458998398751	0.0857177614195103	0.0434105478762229	0.0193154234823495	0.00719006206962888	0.00260273740077064	0.000741214346741203	0.000205107023430295	4.80940606664139e-05	1.414531196071e-05	7.07265598035499e-06	
0.0213156860027325	0.0863404795781839	0.167227221167745	0.211862728735938	0.19899920513466	0.147482879279473	0.0883262285761161	0.0458773078674696	0.0203638276867721	0.0080490723270885	0.00291356334454442	0.000875483354501455	0.00027579847193503	5.94027478013912e-05	1.41435113812836e-05	1.69722136575403e-05	
0.0207932518622831	0.0832013419205671	0.162761704261788	0.209767175648222	0.198593476837986	0.150665718406356	0.0920785318210281	0.0475849113272716	0.0213911092095533	0.00867176498256013	0.00306437308565227	0.00104270854879338	0.00032017952721101	6.37525607278559e-05	
0.0198790794398216	0.0800319583861015	0.159041135089345	0.207874002362881	0.199626585524098	0.152068653866313	0.0955068435710663	0.0499845591130981	0.0222674588266626	0.00901946118387688	0.0032199207273366	0.00109786122467482	0.000314484118552013	5.94969954017322e-05	8.49957077167603e-06	
0.018772107017442	0.0762202507008376	0.154784889955393	0.206971970745431	0.200394933854246	0.154583740000935	0.0981215144041783	0.051942017817353	0.0236719499221606	0.00966936330373218	0.00326231228955394	0.00118140184519669	0.000320140068362654	8.78260364534713e-05	1.55820387256159e-05	
0.0176123173321855	0.0733733656037652	0.150669987792745	0.204486342692229	0.200513692588855	0.157280251765818	0.100837572943642	0.054066144977032	0.0254743541797501	0.0104883607702566	0.0035648007677164	0.00119250065270006	0.000340109653610313	8.46746025585842e-05	1.4112433759764e-05	1.4112433759764e-06	
0.0172118329407307	0.070252783331401	0.146738192934283	0.200493180590629	0.201046029245835	0.159992421307438	0.10363437898553	0.0566111367190483	0.0264547272094858	0.0116267889814859	0.00401557590993798	0.00134182448539829	0.000419938748328022	0.000115942684723562	4.38319905662245e-05	1.41393517955563e-06	
0.0159559881602271	0.067660287852359	0.143595412229343	0.197526030255313	0.200550996118432	0.162232877138326	0.106651249706691	0.0593741430441334	0.0280516110063524	0.0117210359518606	0.00447383969942582	0.00149552050615877	0.000517353974720332	0.000161143041306333	2.40301026509444e-05	8.48121270033331e-06	
0.015500168387807	0.0653967301634918	0.137720000792413	0.194516217585347	0.200769206822678	0.163873881777609	0.110823232423284	0.061904451947214	0.0299687845796389	0.012460697719831	0.00462854215779777	0.00165274755130168	0.000570254506142617	0.000165557759847857	3.82056368879669e-05	1.13201887075458e-05	
0.0144353672857694	0.0633728875115349	0.133855352391127	0.190490322015384	0.200380986296646	0.165967862053567	0.112812077378656	0.0653739134612803	0.0314794167065883	0.0140227263413304	0.00517638280643889	0.00174948455210793	0.000624614032335788	0.000193602086945708	4.80472332565991e-05	1.27183852738056e-05	4.23946175793521e-06	
0.0134295943125711	0.0605561871150551	0.130240765563229	0.18660179513718	0.200276000927544	0.167876998603028	0.11597836107482	0.0680217859748545	0.0335174282143079	0.0148081850111136	0.00582260153497237	0.00189750637686569	0.000641928386808513	0.000216332694232825	7.21108980776083e-05	1.83812093139002e-05	2.26230268478771e-05	1.41393917799232e-06	
0.0132469897060528	0.0583215296449281	0.127232452085507	0.182852562743319	0.197415628366172	0.169858610189905	0.119032069278462	0.0713805085057237	0.0354676098308468	0.0156897170790183	0.00621708043188777	0.00220948083561632	0.000702566842803143	0.000231832921971258	9.32986149396528e-05	3.39267690689646e-05	9.89530764511469e-06	4.24084613362058e-06	
0.0128584549443821	0.0563422004512932	0.123661994988151	0.180042464650588	0.196780283702419	0.17031358075087	0.120968976426166	0.0740367497817238	0.0377589549954077	0.0168384529033575	0.00683601501286979	0.00240387341111905	0.0008206619723101	0.000228197888673447	6.9451531335397e-05	2.40954292388112e-05	1.55911600957014e-05	
0.012111763830526	0.0549181896130216	0.121374159397388	0.177743606459796	0.195712838101177	0.171032957999986	0.123315783133384	0.0754469632012699	0.0391882028642493	0.0181350491429219	0.00717125263075844	0.00251844188238295	0.00093679802152793	0.000291952182200838	7.79483981604178e-05	2.12586540437503e-05	2.83448720583337e-06	
0.0117547421149173	0.052778593488219	0.118497901141569	0.176989304972145	0.196515284995042	0.171114771168395	0.124247595782139	0.0764228472692142	0.0410422935224079	0.0189145518486836	0.00749034979082347	0.00285143997718848	0.000946224111833192	0.000323446922785559	9.36293723852934e-05	1.56048953975489e-05	1.41862685432263e-06	
0.0110350631374488	0.0505977975209714	0.115545852394519	0.174050529793537	0.195603542440861	0.174053363292866	0.125807370215105	0.0783533401998467	0.0423735657180583	0.0202156009639565	0.00792954787267954	0.00295108955132955	0.00102147650816544	0.000349937167152376	8.64217295396555e-05	1.55842463104297e-05	9.91724765209162e-06	
0.0102535381778119	0.0484730713801828	0.111217653622752	0.171055888147334	0.194322226983635	0.174417634388528	0.130082749588798	0.0809987087613302	0.0437309867580858	0.0214900017395658	0.00891138538736453	0.00330658927720334	0.00115122483817088	0.000424284338392217	0.000123042458133743	2.96999036874552e-05	1.13142490237925e-05	
0.00945810772763479	0.0467387567363374	0.108955703231886	0.168236887044585	0.193276466784852	0.174317806567902	0.1328888895177	0.0836869217785487	0.045568696139366	0.021969408645432	0.00956704928261279	0.00354696725103671	0.00113751961301696	0.000490944410095628	0.000127334285039212	2.54668570078424e-05	7.07412694662288e-06	
0.00885966690146934	0.0444556570199148	0.106046712030353	0.167510208246818	0.191763386941098	0.174968145734505	0.133809174878855	0.0858966745422411	0.0477410046247149	0.0231094015083119	0.0099538378897807	0.00391888961487165	0.00126566670020991	0.000494644656632986	0.000128976113907168	7.65352763844735e-05	1.41731993304581e-06	
0.00847520051222338	0.0423136744945052	0.102053709794856	0.163793909414654	0.192688634477053	0.176470588235294	0.135183910292914	0.0873782832017361	0.0499856928756187	0.0244014380784824	0.0109399922373226	0.00416181499329973	0.00151712180320763	0.000447628842029515	0.000118989945349618	5.52453317694655e-05	1.41654696844783e-05	
0.00834908654913377	0.0404502992521877	0.0989221831199992	0.1590949901239	0.191227308653217	0.179101692015559	0.136909466492663	0.0900004665873939	0.0519665244753366	0.0258206636003863	0.0113889741157108	0.00422897847052652	0.0017631347886147	0.000558490971533927	0.000144217921763191	6.22116525252982e-05	1.13112095500542e-05	
0.0081091277494945	0.0395833951514792	0.0941048803130047	0.156523545295392	0.188811692743327	0.179777059038802	0.139947804290109	0.0931708964408291	0.0534801143388426	0.0273681295312701	0.0120457072773028	0.00467133234706897	0.001660258774291	0.000515739959673374	0.000172384315288087	4.66285442992366e-05	1.13038895270877e-05	
0.00758938276972943	0.0378551523382245	0.0921567907752859	0.152379164207929	0.187520999268731	0.179594216483755	0.142261398897168	0.0961208880255464	0.0550583179691625	0.0290107544490215	0.0127604968109346	0.00501582533125905	0.00180134903537477	0.000621154839784403	0.000176464443120569	6.35271995234048e-05	1.41171554496455e-05	
0.00701895144944714	0.0365156600886206	0.0907610456610565	0.149291582448133	0.185452367493446	0.181014325449871	0.143828189982986	0.0976341196223456	0.0569960178251069	0.0296846661719924	0.0133393741575224	0.00543674177019527	0.00205210351129919	0.000656448696710883	0.000230037577479882	5.189872174851e-05	3.36640357287633e-05	2.80533631073027e-06	
0.00679903654657088	0.0350126589719151	0.0880585797599204	0.147567643975687	0.183025361330025	0.180976413305286	0.146341634092032	0.0989891016678493	0.0594642784665919	0.0306376510994202	0.0140291359289474	0.00596910063217884	0.00213851952308775	0.000698377776191616	0.00022532830053477	4.05870851894927e-05	1.67946559404797e-05	9.79688263194651e-06	
0.00655320458136966	0.0332247192582544	0.0849860852783644	0.144741074300418	0.181815766288615	0.179899869942803	0.147861048568672	0.102143846057029	0.0609227068678591	0.0322947403750682	0.0152726306515446	0.00655879843931363	0.00247248521123806	0.000825094046736683	0.000328639154208679	8.39078691596627e-05	1.1187715887955e-05	4.19539345798313e-06	
0.00616421890480895	0.031564524892411	0.0824999270465526	0.141374053863267	0.180957899607719	0.180153327302515	0.149525385715298	0.10388292986603	0.063425032342695	0.0333765495659617	0.0162929365777468	0.00676174237844914	0.00260964903138666	0.00101301072624115	0.000314047221029491	6.67002947319273e-05	1.52854842094e-05	2.77917894716364e-06	
0.00594379308248067	0.0305315555850373	0.0799005544407776	0.136990541892616	0.179444232544513	0.180986495525226	0.150656705527272	0.10719833280819	0.0656042188355085	0.0345378462490948	0.0167382519913987	0.00724421374991017	0.00288137841826835	0.000931438395162048	0.000313704029231135	8.01534524026688e-05	1.6583472910897e-05	
