# <P(N_2)> as a function of N_tot.
# number_of_species: 2
# species_total_upper_bound: 100
# species_total_lower_bound: 0
# volume: 512
# Bin widths for each species index 
1	1	1	1	1	1	1	1	1	1	1	1	1	1	1	1	1	1	1	1	1	1	1	1	1	1	1	1	1	1	1	1	1	1	1	1	1	1	1	1	1	1	1	1	1	1	1	1	1	1	1	1	1	1	1	1	1	1	1	1	1	1	1	1	1	1	1	1	1	1	1	1	1	1	1	1	1	1	1	1	1	1	1	1	1	1	1	1	1	1	1	1	1	1	1	1	1	1	1	1	1	
# Bin lower bound for each species index 
0	0	0	0	0	1	1	2	3	4	5	5	6	7	8	9	10	11	12	12	13	14	15	15	16	17	17	18	18	20	20	21	22	23	23	24	25	26	27	28	30	31	31	32	34	34	35	35	36	36	37	38	41	41	42	43	44	44	46	47	47	48	49	50	51	52	52	53	53	56	56	57	57	58	59	62	62	63	63	64	65	66	66	66	67	69	70	71	72	73	74	75	76	77	78	79	79	80	81	83	84	
# Bin upper bound for each species index 
0	1	2	3	4	5	6	7	8	9	10	11	12	13	14	15	16	17	18	19	20	21	22	23	24	25	26	27	28	29	30	31	32	33	34	35	36	37	38	39	40	41	42	43	44	45	46	47	48	49	50	51	52	53	54	55	56	57	58	59	60	61	62	63	64	65	66	67	68	69	70	71	72	73	74	75	76	77	78	79	80	81	82	83	84	85	86	87	88	89	90	91	92	93	94	95	96	97	98	99	100	
# Normalized histogram for each species index 
1	
0.0495932030798112	0.950406796920189	
0.00234779314395743	0.095597409954921	0.902054796901122	
9.92742529612465e-05	0.00699448069986607	0.135810661358107	0.857095583689066	
2.61694243424496e-05	0.00040998764803171	0.0133027907074119	0.170615923571324	0.81564512864889	
2.97023129365803e-05	0.00115664300964801	0.021287822401135	0.202405537908887	0.775120294367393	
1.75749086544123e-06	7.90870889448552e-05	0.00223552838084124	0.0311954628615818	0.23184292249641	0.734645241681356	
7.08146338440839e-06	0.000171725487071903	0.00351948730205097	0.0414460348230962	0.258655761213055	0.696199909711342	
1.23817761481002e-05	0.000387372710919135	0.00516850712924982	0.0517310607467626	0.280558665739802	0.662142011897118	
1.5900891509984e-05	0.000708473055055953	0.00793277809775868	0.0617537623276078	0.300682324922351	0.628906760705717	
2.11870765895163e-05	0.0010381667528863	0.0104928996809579	0.0745590881082236	0.317308252542891	0.596580405838452	
5.28441608083043e-06	9.33580174280042e-05	0.00142679234182422	0.0137060138416472	0.0879238762248836	0.32983915998922	0.567005515168916	
2.28974826859804e-05	0.000170850447733854	0.00190753644222437	0.0180326482876206	0.10026983802673	0.340939994504604	0.538656234808401	
2.81537971554107e-05	0.000274499522265255	0.00264821654493082	0.0218667023281431	0.111673796029259	0.351382263459715	0.512126368318532	
3.51508675234105e-05	0.000312842720958353	0.00368205337307725	0.0256724360957228	0.121525336745311	0.361118922415005	0.487653257782402	
2.62244639282499e-05	0.000486026731470231	0.00462599543694328	0.0301441471367256	0.134430098691399	0.367833072545609	0.462454434993925	
4.02694904333697e-05	0.000726601675210802	0.00620675406896938	0.0361725074936269	0.14566875367678	0.373522284785836	0.437662828809144	
0.000127126318282506	0.00102571782833419	0.00751438442998649	0.0413752629599186	0.158812117750317	0.376104083367002	0.41504130734616	
0.000191294367250404	0.00122950106950942	0.00940472670991079	0.0481053162443699	0.169325078691547	0.377536824165696	0.394207258751717	
3.47663440929374e-06	0.000213813016171565	0.00171398076378181	0.0116884448840456	0.0541155528978617	0.181165680751092	0.376102310397397	0.374996740655241	
1.57379250769847e-05	0.000326999109932904	0.00244462436195829	0.013858117359456	0.0616192226514207	0.190568786098866	0.377390197371067	0.353776315122222	
2.46473666049309e-05	0.000452455229819088	0.00292599452124251	0.016337683006697	0.0671605529460645	0.198925374816025	0.377319493250143	0.336853798863404	
2.12428106362753e-05	0.000596568932035398	0.00375997748262073	0.0186334853964528	0.0731956445157259	0.208356567657467	0.375468448230385	0.319968064974677	
3.54860344711339e-06	7.45206723893812e-05	0.000686654767016441	0.0044251084985504	0.021405175992988	0.080272958577152	0.216702566704873	0.369507205439299	0.306922260744284	
2.29940763721715e-05	0.000122045482283064	0.000808330223237106	0.00527979369007169	0.0243666458540796	0.0870555731450413	0.224365584589016	0.368136931493571	0.289842101446327	
2.47105773626401e-05	0.000141203299215086	0.00104490441419164	0.00618646954686096	0.0276476059863139	0.0952116196194924	0.231296299238032	0.3629683757561	0.275478811562432	
3.54091348486082e-06	1.77045674243041e-05	0.000191209328182485	0.00124463108992858	0.00727303629790413	0.0310856794835932	0.100978000304519	0.238854089578029	0.35804477839193	0.262307330045005	
1.42413119096531e-05	2.84826238193062e-05	0.000224300662577037	0.00151135922641194	0.00792529007772196	0.0337287670940247	0.107632275085181	0.244345309089873	0.354224151128802	0.250365823699679	
1.7850671988547e-06	2.32058735851111e-05	5.17669487667863e-05	0.000328452364589265	0.00187432055879744	0.00925021822446506	0.0372365017681091	0.114663791518432	0.248927620880288	0.350572917317472	0.237069419478296	
1.7930144158359e-05	4.30323459800617e-05	0.000308398479523775	0.00226816323603242	0.0113820555117263	0.0416463458366205	0.120486982715341	0.255447177795309	0.345350713619738	0.223049200315571	
3.59536341933443e-06	7.19072683866885e-06	5.0335087870682e-05	0.000465599562803808	0.0029715678660799	0.0124938878821871	0.0452871976299364	0.127556303391147	0.26091192797768	0.337167788420054	0.213084606091984	
1.79572545512662e-06	1.07743527307597e-05	8.4399096390951e-05	0.000633891085659696	0.00343342707020209	0.0140389816081799	0.0490340792776874	0.135354601905624	0.262955261296011	0.331742320580091	0.202710468001968	
7.19486574380522e-06	1.79871643595131e-05	0.000120514001208737	0.000811221112614039	0.0037934929634213	0.0159492186375802	0.053819394480099	0.141375514432901	0.265918640458169	0.325992171986071	0.192194649897833	
1.79432705558107e-06	3.05035599448783e-05	0.000208141938447405	0.000947404685346808	0.00437636368856224	0.017561078892972	0.0590548920532843	0.146266364262747	0.269215448438218	0.317813002411576	0.184525005741847	
8.97435667324188e-06	1.79487133464838e-06	3.58974266929675e-05	0.000256666600854718	0.00113974329750172	0.00498794743898784	0.0193505078588441	0.0627558813446458	0.153098935102837	0.27112428945531	0.311675817519021	0.175563544727296	
1.25691527852345e-05	3.59118651006699e-06	4.66854246308709e-05	0.000283703734295292	0.00132873900872479	0.00565970993986558	0.0218092756756369	0.0673886148614071	0.158509585774592	0.273427554096736	0.305344224204956	0.16618574693986	
2.14351167945926e-05	2.14351167945926e-05	3.92977141234198e-05	0.000307236674055828	0.00147902305882689	0.00644661137597373	0.0243860178733149	0.0716826030805835	0.164084032802874	0.274380212529183	0.298893054843533	0.158259039813943	
8.95664090139634e-06	7.16531272111707e-06	7.344445539145e-05	0.000326021728810827	0.00182715474388485	0.00758269218712214	0.0267122858243244	0.0773011849635913	0.172207543282967	0.27658823634784	0.28890540891544	0.148459905597005	
1.79438179061359e-06	5.38314537184077e-06	9.68966166931338e-05	0.000452184211234624	0.00209224916785544	0.00829722139979724	0.0294834872015719	0.082611543258059	0.178261064606716	0.275893377834002	0.282514646641366	0.140290151535542	
5.39792611678593e-06	1.25951609391672e-05	9.35640526909561e-05	0.000539792611678593	0.00244885914831522	0.00959571332693979	0.0329399444733333	0.0878404516984575	0.180636199572124	0.276465581923425	0.275170079655396	0.134251820450583	
1.2610045161976e-05	0.000135107626735457	0.00069715535395496	0.0025994707383902	0.0110319880817059	0.0350667341604322	0.0916768297625889	0.184081439274526	0.276959826197549	0.26865160787083	0.129087230888125	
1.44621264026003e-05	0.000153660093027628	0.000708644193727414	0.00286350102771486	0.0117450544047118	0.0382378622084752	0.0947160813422299	0.189719597446712	0.275846983471597	0.262784067798449	0.123210085886953	
7.24278166272539e-06	2.53497358195389e-05	0.000217283449881762	0.000771356247080254	0.00335340790984185	0.0132705867015286	0.040163035015228	0.100835817003879	0.19302918478871	0.276038705425206	0.256834469846489	0.115453561094674	
3.6257237851106e-06	2.53800664957742e-05	0.000224794874676857	0.000877425155996766	0.00366923247053193	0.0143125446417241	0.0427672249072721	0.105441486256694	0.198840130961143	0.276329099696527	0.248021261244276	0.109487794000877	
5.04751878398062e-05	0.000237954456959086	0.00112848098527567	0.00410110901198425	0.0152615335804214	0.0461505458531028	0.110358590155896	0.203901732020017	0.272854443979752	0.241275003244834	0.104680131523918	
3.60386334150209e-06	7.20772668300418e-05	0.000322545769064437	0.00133883523136803	0.00494089664119937	0.0170606890586709	0.0497513334294364	0.114801066743549	0.20463096439383	0.273014271298832	0.234770073518812	0.0992936427850656	
2.33570557173581e-05	8.62414364948606e-05	0.000366526105103157	0.00143735727491434	0.00562006694491508	0.0189515556697456	0.0529216981657524	0.118892803691133	0.209647542029225	0.270683122011869	0.227630678234997	0.0937390513801325	
1.25268432355047e-05	1.25268432355047e-05	0.000105583392984968	0.000372226198997853	0.00169291338582677	0.00634216177523264	0.0209520400858984	0.0569685039370079	0.124078382247674	0.212501789549034	0.268031496062992	0.219942734430923	0.0889871152469578	
3.57322156296284e-06	2.50125509407399e-05	8.57573175111083e-05	0.000421640144429616	0.00187951454211846	0.00686415862245162	0.0229686682067252	0.0608716159358535	0.127846294301248	0.215313398330234	0.265056215708239	0.213764406782689	0.0848997443359972	
1.78070922086849e-06	7.12283688347395e-06	2.84913475338958e-05	6.9447659613871e-05	0.000521747801714467	0.00220273730621432	0.00775676936610313	0.0247073404395503	0.0639862244334674	0.133594147877217	0.217974835017291	0.262556671070954	0.206667331464776	0.0799253526694612	
8.92181633905757e-06	3.56872653562303e-06	2.85498122849842e-05	0.000110630522604314	0.000642370776412145	0.00222510099496096	0.00854531568954934	0.0270402409604157	0.0672936919189756	0.138455883402567	0.221582230596834	0.258830813812399	0.199443635533096	0.0757890454370262	
3.5748054858965e-06	3.5748054858965e-06	2.8598443887172e-05	0.000141204816692912	0.000657764209404956	0.002659655281507	0.00972883312986732	0.029356302650182	0.0714085269835255	0.141376407356235	0.222444058762653	0.256703207136742	0.193541756409179	0.0719465352091529	
3.92766666250096e-05	0.000130327121073895	0.000764109696159278	0.00307607711794962	0.0108457158975879	0.0319747772388146	0.0740240194669442	0.144345320452967	0.224260839913663	0.254393184427159	0.187483597528426	0.0686627544726304	
3.57334924664864e-06	3.39468178431621e-05	0.000160800716099189	0.000929070804128648	0.00365553627932156	0.0119725066508963	0.0338288973180227	0.0769913828682917	0.148699568875413	0.22544617732031	0.251592373758038	0.18181558301873	0.0648705822236595	
3.58230983756016e-06	5.73169574009626e-05	0.000171950872202888	0.000970805965978803	0.00409278898941248	0.0129070623447293	0.0356744325173429	0.0817518928029604	0.152230256547119	0.228275529778846	0.246991307525179	0.175690803673301	0.06118226971569	
7.17064338597781e-06	8.60477206317337e-05	0.000231253249197784	0.00115626624598892	0.0043633365003675	0.0137873545703888	0.0375311474822078	0.0848466378645824	0.156793288277791	0.227836437624366	0.244509976157611	0.171005503468799	0.057845580194683	
2.85343848254142e-05	0.000101653745940538	0.000279993651099376	0.00130188130765952	0.00478307625636005	0.0150447543991996	0.0397519648599051	0.0879929092053709	0.159220083926759	0.228827932309306	0.241878846568829	0.165761591647986	0.0550267777367596	
1.77558394516997e-06	1.59802555065297e-05	0.000118964124326388	0.000296522518843385	0.00146130558687488	0.0052734843171548	0.0162110814194018	0.0418221042445334	0.0916769502570158	0.162842354779428	0.230121006045863	0.238263834018413	0.159846944663926	0.0520476921847673	
1.77931510602939e-06	9.07450704074987e-05	0.000403904529068671	0.00174550811901483	0.00570448422993022	0.0171009974840484	0.0441732768222856	0.0946862533673538	0.167794752443889	0.230595679111197	0.232150800513866	0.154674082852029	0.0508777361418043	
7.14318879090815e-06	0.000133934789829528	0.000426805530256762	0.00174650965937704	0.00594491887123331	0.0185222885348248	0.0453913931718258	0.0984992160350302	0.171818691582109	0.230553561415351	0.228803480161579	0.149767667784576	0.0483843892752163	
3.57498440413054e-06	2.50248908289138e-05	0.000117974485336308	0.000427210636293599	0.00196802891447386	0.0067316956329778	0.01949975243233	0.0487020125374703	0.102407215748521	0.174328751990819	0.230926117584812	0.22522044247582	0.144450819833298	0.0451913778526141	
1.78651183564091e-06	4.1089772219741e-05	0.000187583742742296	0.00056811076373381	0.00227780259044216	0.00736042876284055	0.0216632425189817	0.0523590888789638	0.106150960250112	0.177066547565878	0.229386333184457	0.221064761054042	0.138824475212148	0.0430477891916034	
1.07229789865355e-05	5.00405686038324e-05	0.00020016227441533	0.000730949734248837	0.00244841353525894	0.00824060935115254	0.0228774756677735	0.0554663959710194	0.110271541571202	0.179404374260561	0.228571020076991	0.216513030206632	0.134321396274837	0.0408938675283176	
1.07976396359756e-05	6.83850510278453e-05	0.000197956726659552	0.000901602909603961	0.00299274578577123	0.00914380116506532	0.0241345241930114	0.0585591989591075	0.113099876367026	0.180982837151799	0.229403052492725	0.211658931357605	0.129614866190251	0.0392314240107113	
2.34097150317382e-05	5.40224193040112e-05	0.000210687435285644	0.00112906856345383	0.00336919821726016	0.00981227209291856	0.0264889929320668	0.0614108855174898	0.116319272498087	0.183611398730473	0.227637869715932	0.20672939269797	0.12524737766173	0.0379561518029982	
1.26075468775609e-05	5.04301875102436e-05	0.000353011312571705	0.00129137301588731	0.00354452175071998	0.0108334849240756	0.0277510117556369	0.0636807192785601	0.120191346540039	0.185300320772014	0.225304067014515	0.203954086916428	0.121862747040378	0.0358702719447861	
5.42080831479718e-06	2.16832332591887e-05	8.85398691416873e-05	0.000379456582035803	0.00127931076229213	0.00399332879190059	0.0112915437197225	0.0295289498268052	0.0664374267061542	0.122524723403256	0.187182318046052	0.225464066365149	0.199588741342517	0.117712852555821	0.0345016379875791	
1.08200517198472e-05	2.34434453930023e-05	0.000140660672358014	0.000402145255587655	0.00150218384710546	0.00414948983456141	0.0125873268340889	0.0320886667171602	0.0690499633921584	0.125386366013496	0.189046140307217	0.22331144076202	0.195366853853561	0.114066788572583	0.0328677104409892	
3.60196162830277e-06	5.40294244245416e-06	2.3412750583968e-05	0.000108058848849083	0.000475458934935966	0.00148761015248905	0.00461411284585585	0.0137793042090723	0.0342366452770179	0.0725993375992566	0.128926813542655	0.191098472227975	0.220488678134112	0.190967000628542	0.109856227701606	0.0313298622429775	
3.06877485481987e-05	0.000102894215720431	0.00046934203661951	0.00168421584679232	0.00509597142068029	0.0145694599136772	0.0356447225195725	0.0752589955719384	0.13228044269785	0.191552926437856	0.21905636978376	0.188072574720155	0.107147176636875	0.0290342204499546	
5.42817439638701e-06	2.89502634473974e-05	9.77071391349661e-05	0.000506629610329454	0.00181662903132418	0.00558378206241677	0.0152730733599676	0.0376480082218748	0.0779558218979793	0.134948034277112	0.191824445602455	0.220155897168664	0.185281686063343	0.102373559724393	0.0265003474031614	
2.33847858583206e-05	2.51836155397299e-05	0.000111527440247375	0.00054504539346701	0.00208484360075335	0.0059937004984557	0.0166589616795313	0.0398782552071622	0.0812675273467082	0.137682423815066	0.193552274889957	0.218865406166748	0.180404628748536	0.0974444026716218	0.0254624341403483	
5.3989752744929e-06	1.61969258234787e-05	4.85907774704361e-05	0.000172767208783773	0.000601085913893543	0.00216498908507165	0.00676671567736444	0.0175970600779972	0.0419878307097313	0.0836157297344964	0.140844867644121	0.197528709051022	0.216315343347833	0.175041977032759	0.0927507958989384	0.0245419419394199	
8.99952302527966e-06	1.61991414455034e-05	5.2197233546622e-05	0.000197989506556153	0.000745160506493156	0.00261526139114627	0.00719961842022373	0.0192931774615945	0.0435612912515637	0.0860732381183797	0.14512990811487	0.199929803720403	0.213087106383362	0.170150382029752	0.0889242870127883	0.0230153801848502	
2.16083451428942e-05	1.80069542857452e-05	6.84264262858316e-05	0.00027910779142905	0.000840924765144299	0.00288111268571922	0.0080977273422996	0.020310043738892	0.0463571031132223	0.0885708060452947	0.147874909289968	0.199486441663771	0.21147547182722	0.166627351483143	0.0859057768110044	0.0211851817171792	
7.22375024605899e-05	0.000343128136687802	0.00100590722176371	0.0029635435384457	0.00870100717137806	0.0214418966678646	0.0477544069391345	0.0925362406520157	0.151417028907643	0.198595341764654	0.209391236507389	0.162295996778207	0.0827101343798139	0.0207718938325426	
1.08697424414529e-05	7.06533258694435e-05	0.000284424927218016	0.00106161151178189	0.00315403693176157	0.00910884416593749	0.0226199340206634	0.0504301700571205	0.0960577255788591	0.152493428334882	0.199809417182527	0.207954477518655	0.157759818547766	0.079193320180945	0.019991267973572	
1.99411193131553e-05	7.79516482241527e-05	0.000306368105811205	0.00115295926210607	0.00329753600278451	0.00991798761475208	0.0242266471364553	0.0521949733876699	0.0989351442286775	0.155121967137035	0.201002857018549	0.206158542775514	0.15324568909257	0.0757345583223355	0.0186068771482024	
1.80739005646287e-06	1.26517303952401e-05	6.86808221455889e-05	0.000365092791405499	0.00125252130912877	0.00358405448196586	0.0106943269640908	0.0258348334670802	0.0545054619327506	0.101141547559662	0.158340020676542	0.200229900015182	0.203320537011734	0.150087477678733	0.0730438617418902	0.0175172244272381	
1.81369046107639e-06	4.53422615269097e-05	0.000121517260892118	0.000455236305730174	0.00134213094119653	0.00401188329990097	0.0118397713299067	0.0268516872762359	0.0567721388126131	0.104071372347024	0.160789100445805	0.200153438213007	0.200008342976121	0.146285017828577	0.0700737446541474	0.0171774623568545	
1.08775854660955e-05	1.81293091101591e-05	0.000186731883834639	0.000520311171461567	0.0015264878270754	0.00449425572840845	0.0118565681580441	0.0282799092809372	0.0598611657508344	0.106836018586168	0.162309891532344	0.200151198437979	0.197350220180459	0.143270491104854	0.0673793902388174	0.015948353224207	
7.26465689933547e-06	3.81394487215112e-05	0.000179800258258553	0.000566643238148166	0.00167631957952166	0.00456765302545717	0.0125696726000752	0.0301410614753428	0.062399770436842	0.110818708670913	0.163961490053777	0.200784219712283	0.194903479952271	0.137018693778366	0.0651240167740928	0.0152430663390306	
5.43889133638999e-06	1.087778267278e-05	5.80148409214932e-05	0.00018492230543726	0.000600091010781696	0.00172775448119322	0.0051071189648702	0.0143006582871481	0.0318120754265451	0.0651978034130856	0.113143443507142	0.166359369306161	0.200366943868828	0.190363009737428	0.133325356292707	0.0630965783934603	0.0143405434902816	
1.81533669049599e-06	2.90453870479358e-05	1.63380302144639e-05	6.89827942388475e-05	0.000216025066169022	0.000635367841673595	0.00190428818833029	0.0058798755405165	0.0149692663498299	0.0338469525942977	0.0683583184173169	0.11639031191115	0.168321648616169	0.199844970246632	0.185948567880885	0.129694914515795	0.060379913662587	0.0134933976204567	
5.46109877307314e-06	1.27425638038373e-05	3.27665926384389e-05	0.000107401609203772	0.000222084683438308	0.000706302107984126	0.00229912258346379	0.00617104161357265	0.0159282047547967	0.0358703171078021	0.071653256635235	0.119863836603925	0.170085921287363	0.196881712600575	0.182688316889358	0.126522736374559	0.0577729639203408	0.0131758109731678	
2.01324716635461e-05	2.74533704502902e-05	5.67369655972664e-05	0.000201324716635461	0.000891319427286088	0.00244518019477251	0.00685053103969574	0.0167923115920942	0.0378490467274667	0.0743235947077223	0.121219442110908	0.170470788698729	0.19705663264279	0.179689630495936	0.123538336801609	0.0558639484169471	0.0127035896196976	
3.6581328524108e-06	2.56069299668756e-05	7.86498563268322e-05	0.000272530897504605	0.000941969209495781	0.00261373592304752	0.00723029958278995	0.0181461680143838	0.0394621081453815	0.0756373839228719	0.123718053068533	0.17143473799538	0.195335148986606	0.176830483952686	0.121261616858139	0.0550183181002584	0.0119895304237764	
1.83224681097443e-06	1.83224681097443e-05	0.000100773574603593	0.000311481957865652	0.000919787899109162	0.00286013727193108	0.00760015977192192	0.0188922968679573	0.0415718478941987	0.0767564834053406	0.124072425051944	0.171210638757883	0.195819545676081	0.176474683845813	0.119057565530307	0.0526752635687038	0.0116567542114193	
1.28025283164492e-05	2.01182587829917e-05	7.31573046654242e-05	0.000345668264544129	0.00106260985026529	0.0029793312324994	0.00794488328666507	0.0204803874410855	0.0426964319353582	0.0788928373511935	0.12580861683313	0.173865650267847	0.194660614118994	0.173487061216204	0.115954327894697	0.050738248650705	0.0109772535650469	
1.46117120177678e-05	3.47028160421986e-05	0.000122373088148806	0.000416433792506384	0.00117441635342809	0.00322736189192447	0.008984376426925	0.0217330951624274	0.0437620774932147	0.0810529930265604	0.130544688094742	0.173669329651182	0.193521166891322	0.171311364624315	0.111553115399649	0.0485547190350425	0.010323174540553	
9.14118561177385e-06	2.74235568353215e-05	0.000146258969788382	0.000469856940445176	0.00107134695369989	0.00357237533708122	0.00962201197495315	0.0221911421911422	0.0455157913981443	0.0834736505324741	0.132556332556333	0.173951277480689	0.192425613602084	0.169077197312491	0.109533342474519	0.0468266374148727	0.00953060011883541	
1.82934079704379e-06	7.31736318817514e-05	0.00015000594535759	0.000464652562449121	0.00117260745090507	0.00400808568632293	0.0100869851548994	0.0231686011945595	0.0475829834719059	0.0851228859680414	0.13370651885593	0.174639848530582	0.191581373652005	0.167809089994421	0.106573736154177	0.0449853195401037	0.00887230286566236	
9.12900192621941e-06	5.11224107868287e-05	0.000140586629663779	0.000427237290147068	0.00148254991281803	0.00433079851379849	0.0111483371522991	0.0244200801526369	0.0496855058836417	0.0872221360038707	0.134930300070293	0.176133137364092	0.192516044220885	0.163812636364466	0.102812645493468	0.0424918523657808	0.00838590116942515	
1.09219987257668e-05	5.64303267497952e-05	0.000134704650951124	0.000578865932465641	0.00174205879675981	0.00435423682533904	0.0115026849913534	0.0255010466915446	0.0518885956129972	0.0900445981614636	0.136788932374625	0.179024301447165	0.190972968053154	0.15884408846819	0.0998543733503231	0.0404623646127241	0.0082388277054701	
5.44663298226758e-06	4.35730638581406e-05	0.000163398989468027	0.000541032209571913	0.00170116503479491	0.00474946396053733	0.0119680682063693	0.0273493597482929	0.0531518757296219	0.0933534737717389	0.13978601994557	0.179925889480555	0.188424452477219	0.156253006995292	0.0944682179887763	0.0400454612299587	0.00807009453539313	
1.26906314133012e-05	6.52661044112635e-05	0.000188546523854761	0.000659912833491664	0.00188727818589237	0.0050418065657701	0.0125854804673053	0.0290796754099074	0.0550283907554189	0.0960952740088617	0.142098812882079	0.179425585763287	0.187378985764737	0.152200555487066	0.0925618396339297	0.0381208438182121	0.00756905516436181	
1.79809869044472e-06	4.13562698802286e-05	5.75391580942312e-05	0.000237349027138704	0.000708450884035221	0.00214872793508145	0.00542666184776218	0.0131458995258414	0.029781908609836	0.0570195075726926	0.0974497566273422	0.143218560693922	0.180726899376599	0.185092682996999	0.149819380986545	0.0912265370597131	0.0368394459698315	0.00705753735999554	
1.79199587124151e-06	1.97119545836566e-05	4.47998967810378e-05	0.000229375471518914	0.000741886290693986	0.00218265097117216	0.00591358637509699	0.0139005119732204	0.0307918650555429	0.0595175588715444	0.0987999003650296	0.145818288034664	0.180557919994552	0.183219033863346	0.14774647559212	0.0883418124604641	0.0353381585808826	0.00683467225291513	
1.78816343098494e-06	1.07289805859096e-05	6.07975566534879e-05	0.000359420849627973	0.000802885380512237	0.00241580879526065	0.00646778712987252	0.015083158540358	0.032172636450281	0.0608208027780907	0.101637421253753	0.147416193250398	0.180366680793158	0.181632700502295	0.144864484034383	0.0858461499947249	0.0334940892257789	0.00654646632083586	
1.24323767507451e-05	5.86097761106553e-05	0.000323241795519371	0.00100524646298881	0.00250068378072129	0.00663178496961172	0.0161993869062208	0.0334040202754304	0.0630303740724559	0.102769578329302	0.148961186119784	0.180505678044067	0.181223203787968	0.142087857830444	0.0830536048564416	0.0318730618812672	0.00636004873491686	
2.1183411270634e-05	9.35600664453e-05	0.000303628894879087	0.000956784075723634	0.00281739369899432	0.00715646244092917	0.016489520389916	0.0344495225788685	0.0652431414292801	0.105761711337185	0.149976786511816	0.181817218935851	0.18035732884245	0.137183771388626	0.0803398525281519	0.030740660322235	0.00629147314737829	
