# <P(N_1)> as a function of N_tot.
# number_of_species: 2
# species_total_upper_bound: 100
# species_total_lower_bound: 0
# volume: 512
# Bin widths for each species index 
1	1	1	1	1	1	1	1	1	1	1	1	1	1	1	1	1	1	1	1	1	1	1	1	1	1	1	1	1	1	1	1	1	1	1	1	1	1	1	1	1	1	1	1	1	1	1	1	1	1	1	1	1	1	1	1	1	1	1	1	1	1	1	1	1	1	1	1	1	1	1	1	1	1	1	1	1	1	1	1	1	1	1	1	1	1	1	1	1	1	1	1	1	1	1	1	1	1	1	1	1	
# Bin lower bound for each species index 
0	0	0	0	0	0	0	0	0	0	0	0	0	0	0	0	0	0	0	0	0	0	0	0	0	0	0	0	0	0	0	0	0	0	0	0	0	0	0	0	0	0	0	0	0	0	0	0	0	0	0	0	0	0	0	0	0	0	0	0	0	0	0	0	0	0	0	0	0	0	0	0	0	0	0	0	0	0	0	0	0	0	0	0	0	0	0	0	0	0	0	0	0	0	0	0	0	0	0	0	0	
# Bin upper bound for each species index 
0	1	2	3	4	4	4	5	5	5	5	5	6	6	6	6	6	6	6	7	7	7	7	7	7	7	7	7	8	9	9	10	10	10	11	11	11	11	10	10	10	10	11	11	10	11	11	12	12	11	10	10	10	10	11	11	11	11	11	11	11	11	11	12	12	12	12	12	12	13	13	14	15	15	15	13	14	14	14	13	14	14	14	15	15	15	15	15	16	16	16	15	15	15	15	16	14	15	15	16	16	
# Normalized histogram for each species index 
1	
0.950224989387293	0.0497750106127069	
0.902225908713882	0.0954391028190299	0.00233498846708859	
0.857199858636296	0.136016963644447	0.00669197532975364	9.1202389502605e-05	
0.815317852626739	0.17119783883205	0.0130704678698701	0.000344867226117945	6.89734452235889e-05	
0.776279037690088	0.201858642053357	0.0206841457947793	0.00109771376682491	8.04606949505167e-05	
0.735405178269229	0.231254964714551	0.0311927978540921	0.00208374106351381	6.33180986150605e-05	
0.696763892584837	0.258269602341752	0.0412467748840115	0.00351147157848457	0.00019668868808645	1.15699228286147e-05	
0.662084984129191	0.28072797201177	0.0517828595259609	0.00496976437061236	0.000422835430133685	1.15845323324297e-05	
0.629946108374956	0.300174611185558	0.0611951294501198	0.00787200594026093	0.000806344013040729	5.80103606504122e-06	
0.594024133976751	0.317699995925281	0.076476648951342	0.010512774243121	0.00126898382336677	1.74630801380748e-05	
0.564934799014819	0.331761567397752	0.0879525896111342	0.013660323050552	0.00156201552655134	0.000128705399191496	
0.540518348650757	0.340691952634264	0.0987079406227456	0.0178178683073025	0.00193544981613227	0.000310844970469728	1.75949983284752e-05	
0.513619451009758	0.353374441298294	0.107996162216554	0.0222895654412281	0.00232841129806005	0.00034516649895865	4.68022371469356e-05	
0.489617652032444	0.361361688232173	0.119666691934948	0.0255112453569533	0.00340538680879103	0.000414011067507129	2.33245671835002e-05	
0.465854196664964	0.365820521157508	0.133581448279065	0.0294718751451531	0.00469715267778345	0.000551581587625993	2.32244879000418e-05	
0.441377680696679	0.37130638756491	0.144638030303904	0.03580794079846	0.00599392538715571	0.000829928130529252	4.61071183627362e-05	
0.41284166948584	0.377956548414287	0.158628677587858	0.0413644417176507	0.00802747690666911	0.000974765052952678	0.00020642083474292	
0.39515215326337	0.375502122935717	0.169245470879731	0.0483926343858364	0.0100539031117317	0.00139621648222113	0.000257498941393241	
0.376236430817249	0.376070043375485	0.180071374475019	0.0539783811075666	0.0116528584214996	0.00179583687145709	0.000189337433731898	5.7374979918757e-06	
0.354968465150539	0.374297946782064	0.191326765491207	0.0626208452260381	0.0140525734278612	0.00239964091704263	0.000304990332381917	2.87726728662186e-05	
0.334219226782933	0.378253342365972	0.199534471677465	0.0680516713277401	0.0165714186454515	0.0028371751000249	0.000492163027555339	4.05310728574985e-05	
0.319802003234025	0.374960738009097	0.208553879084701	0.0737601935761566	0.0185781924361047	0.00361791975430719	0.000686357766894289	4.0716138714068e-05	
0.310149936942407	0.368758466065673	0.214302396188519	0.0803166892428418	0.0215563548040544	0.0041980008407679	0.000642253257975618	7.59026577607548e-05	
0.290458877861845	0.371691646099336	0.221601188377483	0.0864926102110295	0.0243166540468993	0.00472229768393552	0.00063002502759972	8.67006918715211e-05	
0.278786135481087	0.363261901337552	0.229213289227672	0.0950208543074932	0.0272572990076226	0.00568387746296563	0.000696102401840932	8.05407737667194e-05	
0.26311024484759	0.359630710323273	0.237847001972159	0.100643546657133	0.0308625601162536	0.00668919464403105	0.00106104466767389	0.00015569677188693	
0.252184371982213	0.35488888760387	0.245106486327075	0.106069980859639	0.0330416982299503	0.00719353738152926	0.00135890778509596	0.000156129830628047	
0.235928073907848	0.353073179261504	0.249013493428147	0.114866085740099	0.0364118555649462	0.00849240812520036	0.00185935359776178	0.000338064290502142	1.74860839914901e-05	
0.222478645462088	0.345674756657591	0.255874688883955	0.12026314866965	0.0423935778637283	0.0107269306722444	0.00222601339113568	0.000344710735110249	5.8425548323771e-06	1.16851096647542e-05	
0.213380549621002	0.33773888612485	0.259082794345752	0.12703912903509	0.0465685270274225	0.0122274576370394	0.00344756943428254	0.000462407445345196	3.51195528110275e-05	1.75597764055138e-05	
0.201005641402992	0.331622224558207	0.262459558265298	0.135621430323417	0.0505857481574921	0.0142611864466169	0.00356821659249915	0.000765034981370522	9.3439387037621e-05	1.16799233797026e-05	5.83996168985131e-06	
0.188750210730085	0.326436888519425	0.264758372524285	0.143645252614506	0.0548363281227292	0.0167363287040536	0.00376116869451986	0.000871986559780492	0.000174397311956098	5.81324373186995e-06	2.32529749274798e-05	
0.179869990298651	0.316798438489378	0.271370562503994	0.147710307248128	0.0599566634328835	0.0183744720897404	0.00462992546807559	0.00101660847793379	0.000220749269494194	4.64735304198303e-05	5.80919130247878e-06	
0.172171119871514	0.310270112425172	0.271227916484158	0.155362826690028	0.063898379325449	0.0203416557161629	0.0050343115783326	0.00136662286465177	0.000239451014746678	5.84026865235801e-05	5.84026865235801e-06	2.3361074609432e-05	
0.163695034548877	0.303270159357426	0.273853924308146	0.16069612187394	0.0689223790204721	0.0216062012603617	0.00606212952029089	0.00151407092165414	0.000268908349019654	7.59958377664239e-05	5.8458336743403e-06	2.92291683717015e-05	
0.156707754592495	0.294718850082545	0.276704721125183	0.166006498620356	0.0732815699360055	0.0240052268975213	0.00639361571802755	0.00168590779426091	0.000320847504098098	7.00030918032213e-05	5.2502318852416e-05	5.2502318852416e-05	
0.147899456122299	0.286967514331912	0.275155078641776	0.173846832279877	0.0785124209907394	0.027593708657945	0.00752609143025136	0.00201087755402029	0.000341026017933265	0.000111715419667794	1.76392767896516e-05	1.76392767896516e-05	
0.138338060325044	0.281583561837289	0.274581337601356	0.178138938250974	0.0845033128170125	0.0311804926270698	0.00858507996657762	0.00237134148494228	0.000582537982653313	0.000123568662987066	1.17684440940063e-05	
0.136340712348924	0.273921479046641	0.274324941705579	0.179712948184715	0.0880972582339015	0.0337425314908539	0.0102764312541162	0.00268777330145187	0.000789125494686753	9.4932390338256e-05	1.1866548792282e-05	
0.132199661087493	0.268121413919196	0.275696405743675	0.182994916312394	0.0901269435443113	0.0358355382465737	0.0115943752415495	0.00252103338585486	0.000808633350179861	7.13500014864584e-05	2.97291672860243e-05	
0.124619898004725	0.263497711949633	0.274280409647301	0.18950650710813	0.0938784982772677	0.0383047599778633	0.0124072432117205	0.00280278731545341	0.000559367319856945	0.000107112891036436	3.57042970121454e-05	
0.116660007990412	0.259318668344256	0.275484344160142	0.190308942701594	0.0995044752267428	0.0401786512900937	0.0143171477808719	0.0033810174059785	0.000644003315424476	0.000137148854210768	4.17409556293642e-05	2.3851974645351e-05	
0.110651078749297	0.249488446672809	0.273522478430997	0.199619476121528	0.104608168100611	0.0428268855676148	0.0147662410702533	0.00367959410786296	0.000646172623819837	0.000149576996254592	2.99153992509184e-05	1.19661597003674e-05	
0.104305455326204	0.240900334583798	0.273613206815728	0.204424140131567	0.11001306129265	0.0462333975463855	0.0153872762731778	0.00416887833912841	0.000757435692516893	0.000149101514274979	4.77124845679933e-05	
0.0973980940082027	0.234285133503127	0.274425751216654	0.205904509093518	0.114311678683742	0.0501608255312025	0.0169315206083868	0.00499814662027239	0.00129736580932908	0.000221209838457031	5.38077985436023e-05	1.19572885652449e-05	
0.0932215586097719	0.225162505097023	0.271491448993788	0.210698951812142	0.118766640282075	0.0541663668417644	0.0190568707874601	0.00569667314288456	0.00133721906406659	0.000281835408121657	0.000101940466767408	1.79894941354249e-05	
0.0896654630099376	0.219797666298606	0.263338207645707	0.213363573965203	0.125130561938584	0.0581515413769435	0.0218627831328897	0.00666686561819213	0.0016950669969262	0.000214867647497687	6.56540034020711e-05	5.96854576382464e-06	4.17798203467725e-05	
0.0849906551013562	0.217897877030718	0.261189917093976	0.212937892365937	0.128690036900369	0.0612450280346959	0.0237695883452341	0.00693679014712225	0.00185699908947141	0.000431303014328845	2.99515982172809e-05	1.79709589303685e-05	5.99031964345617e-06	
0.0800278440495243	0.208223513942848	0.263810470076571	0.216362543803807	0.132068848577157	0.0636843389120592	0.0250834429048245	0.00785939944906859	0.0022072953789587	0.000594958323169462	4.7596665853557e-05	2.97479161584731e-05	
0.0751786065412598	0.200909269664595	0.258706882682763	0.222038170258659	0.137200807974879	0.0664374623868627	0.0277011446310784	0.00868155898633712	0.00245490892407062	0.000589893163793668	0.000101294785701943	
0.0718139512626957	0.193346173631133	0.256660406024572	0.22413896232848	0.141002021748753	0.0700912777691378	0.0291119857400916	0.0101027622590949	0.00283523345814741	0.00075366965343159	0.00014355612446316	
0.0677372368215141	0.187773109749491	0.25571499079101	0.225999446256816	0.144063511935573	0.0723357128239699	0.0309193340636323	0.0113336784196651	0.00322013699124845	0.000764406351193557	0.000138435795885447	
0.0631522498855173	0.180876575642911	0.253693572099974	0.224735484803933	0.149508327107083	0.078077173362898	0.0336398255043262	0.0114663420982864	0.0038381817743607	0.000807404015328625	0.00020486370538189	
0.0598045760757419	0.173083692419737	0.247884930509195	0.230175396006555	0.152297141469928	0.0827031619833708	0.0354615524670753	0.013030284639194	0.00427262244340596	0.00100139588517327	0.000260969836742125	2.42762638829884e-05	
0.0575062273931857	0.169587064158981	0.243336536284128	0.229137467791984	0.156428444651174	0.0846435850199827	0.0392555281502653	0.0135625585252554	0.00480442619238514	0.00134646339149647	0.000312134695301455	7.95637458611551e-05	
0.0542504595672997	0.165856147750118	0.241452663031115	0.229402470289512	0.158570699587465	0.0879787031287465	0.0402820728790739	0.0150012603517919	0.00525044112312715	0.00153701438030654	0.000276662588455178	0.000141405322988202	
0.0526807420833514	0.159465026940422	0.238269626916915	0.229887475023662	0.16226732569145	0.0914860843906392	0.0423437857633326	0.0165849071777202	0.00507877985561666	0.00144754505020012	0.000272187958157288	0.000216513148534206	
0.0515992456506263	0.15634640122894	0.231893741647829	0.22777854100838	0.168067541745245	0.0937503902883763	0.044742659456219	0.0177097253618754	0.0059074048633054	0.00167355655746918	0.000449612209469333	8.11799822652962e-05	
0.0496492951489479	0.150480850451443	0.230445310691336	0.228480612685442	0.172004930516015	0.096232660288698	0.0451817971355454	0.019071336057214	0.00610057501830173	0.00175821700527465	0.000469275001407825	0.00012514000037542	
0.0454670673678938	0.147583270723767	0.225444527923867	0.229989982469321	0.172796143250689	0.101972201352367	0.0469321312296519	0.0203981968444778	0.00699348860505885	0.00193463561232156	0.000394440270473328	9.39143501126972e-05	
0.0431520866898487	0.140460446512438	0.221421151178487	0.229999315737417	0.175320514814285	0.105133835540599	0.0514441050778504	0.0222820779188465	0.0076699614946783	0.00233271334996299	0.00067182144478934	0.000111970240798223	
0.0398433944502285	0.133781787123682	0.217701663933966	0.229073022325019	0.179647512827067	0.10999794268187	0.0556286353746501	0.0225868593480172	0.00835395846711096	0.00242514167440759	0.000822927251984065	0.000137154541997344	
0.040346308422331	0.130335165454295	0.208611385859699	0.228649948041216	0.183095241076235	0.111423420265178	0.0593769954050907	0.0246585118503587	0.00952160358578207	0.0028671232362184	0.000895193499517973	0.000212843209675602	6.26009440222359e-06	
0.0395864013786621	0.125282782390725	0.205715180949397	0.224302052326492	0.186332445558515	0.116089613034623	0.0618705937646875	0.0265517781607395	0.00996396678677738	0.00320225599248003	0.000902396992010027	0.00016919943600188	3.1333228889237e-05	
0.0375003895901512	0.12262427925822	0.203914601838866	0.223531245130123	0.184372759856631	0.121520959950132	0.063313074645473	0.0281128253077762	0.0105407511298114	0.00327255726975222	0.00104098488390213	0.000243104254324451	1.24668848371513e-05	
0.0353031033424946	0.119532213534004	0.200205345236679	0.224389755276058	0.185643362903882	0.123100713073855	0.0661674940994547	0.0296435882828005	0.0112126011857435	0.00351841533578329	0.000970381453819234	0.000250421020340447	6.26052550851118e-05	
0.0342079542891512	0.115028945192091	0.195242212364985	0.222339172493296	0.186057439290279	0.125924115981255	0.0698067814450041	0.0326040648572789	0.0129376237375636	0.00410370147607949	0.00131569054958274	0.000288198882289552	0.000144099441144776	
0.0328158675620803	0.109798531938154	0.191860065594253	0.219572075589567	0.190154615024207	0.12804622833047	0.0723285959706388	0.0353896610963611	0.0136935811338435	0.00444791503982508	0.00146181477432454	0.000381071372794003	4.99765734811807e-05	
0.0297333349955743	0.10803735055415	0.189115230698266	0.219827210053233	0.190823183274532	0.130602271452258	0.074021667310785	0.036066473015596	0.0148666674977871	0.00465635246157107	0.00161445152282049	0.000511139092167105	8.72676498821887e-05	3.74004213780809e-05	
0.0271254505319083	0.101031390693788	0.18366112517616	0.2219423069728	0.193569709289999	0.133762767668957	0.0765124777072447	0.0383435391541848	0.0160258408889665	0.00571193395108689	0.00167741291795019	0.000498858860356934	9.97717720713867e-05	3.741441452677e-05	
0.0252312920108143	0.0951893742093906	0.178212664632785	0.220961381055138	0.19595331993948	0.136022025448322	0.0810390157997867	0.0411798992980629	0.0172259840761961	0.00623806334796736	0.00204008234739688	0.00052707294689585	0.000124017163975494	4.3406007391423e-05	1.24017163975494e-05	
0.0243174587515722	0.0912397957925371	0.173335881816164	0.214621303672282	0.200723851333021	0.141372974572718	0.0838163119342985	0.0423459195501517	0.0178373245862826	0.00732483290995635	0.00212716107233581	0.000598071373961082	0.000221964633635041	7.39882112116803e-05	3.08284213382001e-05	1.233136853528e-05	
0.0223982586003253	0.0899207836298536	0.169353591946027	0.212202165618488	0.200619631560396	0.146244179359219	0.086018712625766	0.042848573672461	0.019201157635011	0.0071115398648189	0.0027704085734251	0.000921408208572188	0.00027209369917568	6.80234247939199e-05	2.47357908341527e-05	2.47357908341527e-05	
0.0216488785769528	0.0873750966744006	0.16677494199536	0.209491105955143	0.197939675174014	0.149215777262181	0.0881979891724671	0.0459211136890951	0.0207455529775715	0.00812374323279196	0.00303789636504254	0.000989945862335654	0.000334106728538283	8.66202629543697e-05	4.33101314771848e-05	7.4245939675174e-05	
0.0210246018114644	0.0843640722114446	0.162284224443648	0.206761482286943	0.196252270508718	0.151682338840218	0.0933225419812428	0.0484622323271015	0.0220563703987446	0.00917470869527611	0.00321269260710005	0.000945273017089053	0.000364517045805583	9.26738252048092e-05	
0.0204771161860517	0.0817594047537715	0.15805948735785	0.206454297585849	0.197436168164513	0.152587743542286	0.0953859722127335	0.0508232459055084	0.0227751243719295	0.0094094118962294	0.00334142811892503	0.00109931742946046	0.000310541646740244	5.5897496413244e-05	2.48433317392195e-05	
0.0189588588381831	0.0775692101622989	0.153986743194777	0.206206538271358	0.200172751569473	0.153742637716174	0.0978487422308737	0.0523825320623157	0.0248486858988402	0.0095576683545413	0.00312955741798995	0.00120175004850814	0.000337992201142914	5.00729186878392e-05	6.2591148359799e-06	
0.017577371545191	0.0748951579785712	0.152957353874488	0.202989086474446	0.198142087382869	0.157704799711296	0.0998145820629923	0.0548911758483804	0.0255229656914596	0.0106335320250376	0.00330392364265359	0.00118219490038452	0.000335992234846128	4.35545489615351e-05	6.22207842307644e-06	
0.0179268361001662	0.0733008409429018	0.148861210185929	0.201770275064891	0.197425507148948	0.158926381704668	0.102382152838727	0.0560898333675686	0.0263922864808002	0.0115030531642733	0.00372230832913173	0.00120134700254586	0.000398374135559249	9.95935338898122e-05	
0.0168495052725067	0.0708629898802897	0.14560999712295	0.197847216141501	0.199367049022428	0.16041429518532	0.104687089551305	0.0580476089213565	0.0286454098545213	0.011758377844214	0.00400285203207285	0.00128841799782345	0.000462829766208424	0.000137598038602504	1.87633689003415e-05	
0.0164460842956266	0.0677236151162937	0.140383574064047	0.194859654204078	0.19865635743159	0.162571935877901	0.10892697485235	0.0609235496341817	0.0297754719119517	0.0133734621148204	0.00416189192932969	0.0016685345858886	0.000390374129528655	9.44453539182229e-05	4.40744984951707e-05	
0.0153870418270141	0.0647088511765819	0.137089142640843	0.19242319096587	0.200006308750237	0.163339852375244	0.110491451643429	0.0640464324017412	0.0308497886568671	0.0141126742792253	0.00505961768973566	0.00178537631695161	0.000567787521292032	0.00010094000378525	3.15437511828907e-05	
0.0139757474069555	0.058845586739882	0.133726103315029	0.189095230831808	0.202073164531218	0.164823571283303	0.115009151921904	0.0666120093552979	0.0323685682326622	0.0146430750457596	0.00618390278625178	0.001938427903193	0.000514795607077486	0.000158887533048607	2.54220052877771e-05	6.35550132194428e-06	
0.0137735038074404	0.0577755823427145	0.128676730027778	0.185637577864882	0.19719141128696	0.171107076642781	0.116551940928541	0.0684120375419396	0.034629424104594	0.0158648695462506	0.00686429859057346	0.00246986444614092	0.000782658343971927	0.000198872202156801	5.77370909487487e-05	6.41523232763875e-06	
0.0131677178530055	0.0561204788261037	0.126328999871283	0.182166301969365	0.197187540223967	0.171637276354743	0.118754022396705	0.0711031020723388	0.0362530570214957	0.0162054318445102	0.00734328742437894	0.0026773072467499	0.000810915175698288	0.000205946711288454	3.2179173638821e-05	6.43583472776419e-06	
0.0116127037697812	0.0566272277004528	0.123572564906834	0.181120822357192	0.196462730498966	0.170712542106517	0.120841679494529	0.07218812193661	0.0382066327023528	0.0174673614107857	0.00712348883492957	0.00278885231964241	0.00088238514501388	0.000257630699274125	9.66115122277971e-05	3.86446048911188e-05	
0.01167965835713	0.0530536904118752	0.118976872218363	0.182597566309074	0.197402948213321	0.171638239304366	0.121343675233465	0.0742134238892748	0.0401005891281418	0.0178667901520414	0.00701679915618327	0.00268837951171825	0.00104833937897147	0.000250829667361272	9.00414190527643e-05	3.21576496617015e-05	
0.0106870911692559	0.0508610997547016	0.115060302534751	0.176436017988553	0.198429834423549	0.172660721586263	0.125261907195421	0.0769687755519215	0.0423970257563369	0.0198857829108749	0.00728229762878168	0.00277877146361406	0.000964585036794767	0.00022357931316435	4.471586263287e-05	2.55519215044971e-05	3.19399018806214e-05	
0.0102955050559414	0.0476341233307795	0.112452748950504	0.171794368498034	0.196513711510577	0.173484958811648	0.129725896424433	0.0803188693939835	0.0426573293738484	0.0218510380984341	0.00840862897557825	0.00341283962186497	0.00105107862194728	0.000202617565676584	0.000126635978547865	3.16589946369663e-05	3.79907935643596e-05	
0.0103956713314725	0.0467582672609472	0.11141489219657	0.170641606846519	0.19360745690724	0.17318489035269	0.130794712513591	0.0821734900843734	0.0453594613325534	0.0214653127920802	0.00904773107320206	0.00373862675407084	0.00097280594111027	0.000279761185678771	0.000114447757777679	3.1791043827133e-05	1.90746262962798e-05	
0.00974761545149356	0.0462884811869753	0.107020694644523	0.168723861984934	0.190928879214606	0.173711899579253	0.13163088521802	0.0854375955881886	0.047564048052698	0.0232584704620598	0.0102108810295919	0.00368074020954835	0.00107883764762624	0.000507688304765289	0.00011422986857219	9.51915571434918e-05	
0.00847212256253383	0.0436320606266601	0.102892858491635	0.166635195186122	0.192888704256203	0.17547238692297	0.133004771076451	0.0856024270805796	0.0495235217845588	0.0245288719362514	0.0111723755932374	0.00443747875675063	0.00110779611516044	0.000415423543185166	0.000182534587157118	3.14714805443307e-05	
0.00814966427876095	0.0420961984873824	0.101795921423758	0.159935601427751	0.191517110550882	0.177014951451464	0.135673813743354	0.0885355564985148	0.0508886004542845	0.0256907870104585	0.0120996929835509	0.00441180141277488	0.00138531812395477	0.00056161545565734	0.000174724808426728	6.8641889024786e-05	
0.0080850640714916	0.0406676858446127	0.0963620318928123	0.157462992654461	0.1883490560175	0.180065127956548	0.140509837552979	0.0910921361721168	0.0520526492412096	0.0268590675764694	0.0117578333768348	0.00472923424935059	0.00137340442720957	0.000428800477273575	0.000161576991436419	4.35014976944206e-05	
0.00743671375142954	0.0377337495750008	0.0944209192346923	0.153945538280839	0.187543659011529	0.181714215065064	0.142002287268569	0.0950329181219671	0.0530708125985225	0.0277254041356288	0.0119617964330974	0.00488362748431366	0.00176181497851822	0.000593453466448243	0.000160726980496399	6.1818069421692e-06	6.1818069421692e-06	
0.007376269035533	0.0360393889105818	0.0897659605622804	0.151448408824678	0.18750610113237	0.180764349863335	0.147134908238969	0.0958365872705974	0.055087124170246	0.0282787485357282	0.0128794904334244	0.00514325458805154	0.00184864310816087	0.000658922295978134	0.00023184303006638	
0.0071205269068504	0.0347042219321941	0.086666464321486	0.146805475460588	0.18618994142107	0.181194038910978	0.146823686526846	0.0994870549670683	0.0588156736576927	0.0295201384041036	0.013755425380156	0.00593073724466568	0.00195465444501776	0.000734513005736486	0.000273165993868941	2.42814216772392e-05	
0.00671562849457491	0.0335841871429867	0.0846858282709221	0.142116239006256	0.181007646507692	0.181110405899598	0.149122011666213	0.102269773627104	0.06221778946414	0.032000483573609	0.0148638438057243	0.00699368331973283	0.00213981321969354	0.00070722640311905	0.000386858887176232	7.85807114576722e-05	
0.00691475006746829	0.0317250892080722	0.0837146541125671	0.140352034543764	0.178578068307895	0.180125341089688	0.149683648685118	0.103619298929503	0.0639419472847762	0.0345197757054185	0.0160844403130529	0.00692674443011784	0.00251281897508171	0.000869591292092716	0.000383819604785751	4.19802692734415e-05	5.99718132477735e-06	
0.00697845469386291	0.031854522839938	0.0812717889839681	0.137709368590376	0.177002792577842	0.181362084327479	0.150787243839286	0.104736618648679	0.0656465086797146	0.0341866542286326	0.0166896889893499	0.00745086079567539	0.00291815414790497	0.00104048938880218	0.000257132435163757	9.56771851772121e-05	1.19596481471515e-05	
