# <P(N_2)> as a function of N_tot.
# number_of_species: 2
# species_total_upper_bound: 100
# species_total_lower_bound: 0
# volume: 512
# Bin widths for each species index 
1	1	1	1	1	1	1	1	1	1	1	1	1	1	1	1	1	1	1	1	1	1	1	1	1	1	1	1	1	1	1	1	1	1	1	1	1	1	1	1	1	1	1	1	1	1	1	1	1	1	1	1	1	1	1	1	1	1	1	1	1	1	1	1	1	1	1	1	1	1	1	1	1	1	1	1	1	1	1	1	1	1	1	1	1	1	1	1	1	1	1	1	1	1	1	1	1	1	1	1	1	
# Bin lower bound for each species index 
0	0	0	0	0	1	1	2	3	4	5	5	6	7	8	9	10	11	12	12	13	14	15	15	16	17	17	18	18	20	20	21	22	23	23	24	25	26	27	28	30	31	31	32	34	34	35	35	36	36	37	38	41	41	41	42	43	44	46	47	47	48	49	50	51	52	52	53	53	55	56	57	57	58	59	62	62	63	63	64	65	66	66	66	67	69	70	71	72	73	74	75	76	77	78	79	79	80	81	82	84	
# Bin upper bound for each species index 
0	1	2	3	4	5	6	7	8	9	10	11	12	13	14	15	16	17	18	19	20	21	22	23	24	25	26	27	28	29	30	31	32	33	34	35	36	37	38	39	40	41	42	43	44	45	46	47	48	49	50	51	52	53	54	55	56	57	58	59	60	61	62	63	64	65	66	67	68	69	70	71	72	73	74	75	76	77	78	79	80	81	82	83	84	85	86	87	88	89	90	91	92	93	94	95	96	97	98	99	100	
# Normalized histogram for each species index 
1	
0.0494294916138055	0.950570508386195	
0.00234916503488269	0.0957722578102944	0.901878577154823	
0.00010589742775148	0.00710723022252075	0.135653092129249	0.857133780220478	
2.27755154099137e-05	0.000405404174296464	0.0133024193670836	0.170775369646615	0.815494031296595	
2.58750721077377e-05	0.00111871635289337	0.0213728095609914	0.202906227216618	0.774576371797389	
1.52947996151828e-06	7.34150381528776e-05	0.00220245114458633	0.0311784490155502	0.232119996879861	0.734424158441888	
1.07896647342891e-05	0.000171093255072298	0.00347427204444109	0.0414230642956121	0.258557360169799	0.696363420570342	
1.23308363389747e-05	0.000383797281050587	0.00529455285304726	0.051508986096982	0.280956564628996	0.661843768303585	
1.38579864345711e-05	0.000700598203081092	0.00796064331852582	0.0617742841965062	0.300665953236995	0.628884663058458	
3.23099291489411e-05	0.00100314637167189	0.0104299528428891	0.0740574347454824	0.317868160103392	0.596608996007416	
4.61028493097635e-06	9.37424602631858e-05	0.0014430191833956	0.0136126346395295	0.0876000239734816	0.330239319890767	0.567006649567632	
1.99545037314922e-05	0.000173450686281432	0.00196014625116273	0.018017381907712	0.100231472243285	0.341487562204328	0.538110032203499	
2.45340072007311e-05	0.000291341335508682	0.00267727353577978	0.0218552002895013	0.112215482185244	0.351041775280761	0.511894393366005	
3.21651758362946e-05	0.000335436833721358	0.00369133684597476	0.0257842176203897	0.122157211126087	0.360634419801495	0.487365212596496	
2.74213008665131e-05	0.000522528122067444	0.00469361266498483	0.0303370991919857	0.13433390613384	0.36791311713161	0.462172315454645	
4.57686850656781e-05	0.000746029566570552	0.0062840404595176	0.0363464384334905	0.145889209269684	0.373426701450867	0.437261812134804	
0.000121636374141323	0.00105671600035275	0.00763116202269127	0.0415084126757266	0.158925525089023	0.375711952902396	0.41504459493567	
0.000210993521436335	0.00132667868874357	0.00941729357547496	0.0479623186821861	0.16942476183537	0.376981669368598	0.394676284328191	
3.02920150248395e-06	0.000219617108930086	0.00178571428571429	0.0116215315642797	0.0537334908518115	0.180911486732097	0.376188961589725	0.37553616866594	
1.3689795322349e-05	0.000322470734259778	0.00249306383703668	0.0136243885224756	0.0610990776120129	0.190310971306189	0.377353123707075	0.354783214485629	
2.59806948154759e-05	0.000443200088028707	0.00290066816233961	0.0160514845674673	0.0665869925358992	0.198818031213512	0.377471986697884	0.337701656040053	
3.6850792675905e-05	0.000591148132509309	0.00376952900080611	0.018430002687037	0.0727419292925416	0.208147096080765	0.375868872596062	0.320414571417604	
6.15018442865555e-06	7.38022131438666e-05	0.000710346301509717	0.00448502199459706	0.0212058359100044	0.0799093462815216	0.216506479988069	0.370314904818208	0.306788112308518	
2.60504858415609e-05	0.000131784810727897	0.000848939362130868	0.00540164485832367	0.0243250242499376	0.0866132682786299	0.224055631578705	0.368333948839911	0.290263707535793	
2.90297493815899e-05	0.000175706377835939	0.00105882191165483	0.00622764518312424	0.0276714626868408	0.0947149049428496	0.231364046808179	0.363113272554205	0.275645109785929	
3.06635594259782e-06	2.14644915981847e-05	0.000187047712498467	0.0012572059364651	0.00722126824481786	0.0309855267999509	0.100619403900405	0.239050042928983	0.358266895621244	0.262388078008095	
1.23174894493004e-05	2.7714351260926e-05	0.000215556065362758	0.00151967026080744	0.00784932015156671	0.033529745967177	0.107553238498929	0.24435127632286	0.354300266519678	0.250640894372909	
1.54303604686509e-06	2.00594686092462e-05	4.47480453590876e-05	0.000317865425654209	0.00189021915740974	0.00938011612889289	0.037023606908481	0.114420751983187	0.248819191665136	0.350786099714075	0.237295798467148	
1.5485533414684e-05	4.02623868781784e-05	0.000305065008269275	0.00226553353856827	0.0114453577467929	0.0411961645430838	0.120671019133925	0.255309989407895	0.345370754641014	0.223380368060158	
3.10435121387893e-06	6.20870242775787e-06	4.6565268208184e-05	0.000447026574798566	0.00297241628728908	0.0124965658114696	0.0452660972251757	0.127252012783718	0.260667714902593	0.337343637709796	0.21349865038331	
1.55091178103607e-06	9.30547068621643e-06	8.8401971519056e-05	0.00061571197707132	0.00341510774184143	0.0139457987350764	0.0488785356911328	0.134966546832883	0.2629788052396	0.332186692556554	0.202913542871854	
6.20628448366816e-06	1.86188534510045e-05	0.000122574118552446	0.000806816982876861	0.00379359139064216	0.0160432453902822	0.0536874639259714	0.141382263680203	0.266082034668305	0.325868724670601	0.192188460034631	
1.54573600992981e-06	3.40061922184558e-05	0.000233406137499401	0.000944444702067113	0.00441153057233967	0.0178037873623715	0.0586034893444688	0.146605331861793	0.26910645638474	0.318386066117312	0.18386993558918	
7.73683616011537e-06	1.54736723202307e-06	3.09473446404615e-05	0.000246031389891669	0.00111100967259257	0.00504905927809129	0.0194859955528666	0.06277204650148	0.15346169260312	0.271282875751053	0.31158869741079	0.174962360292081	
1.08439539534732e-05	3.09827255813521e-06	4.02775432557577e-05	0.000268000576278696	0.00135084683534695	0.00573490250510828	0.0219187292125276	0.0674881219975803	0.15835425958257	0.273433397209386	0.305320818377714	0.166076703933722	
1.84560868174324e-05	1.84560868174324e-05	3.38361591652927e-05	0.000292221374609346	0.00150724709009031	0.00649961857420577	0.0243205084036715	0.0713804537736546	0.164125366045722	0.274789600610281	0.298550274380491	0.158463961414474	
7.71473978182716e-06	6.17179182546173e-06	6.48038141673481e-05	0.000327104966749472	0.00182530743238031	0.0075434725586706	0.0267223156562929	0.0769884741787659	0.171921433090062	0.276565706438722	0.288719507491012	0.14930798784157	
1.54536336901577e-06	4.63609010704732e-06	9.27218021409464e-05	0.000443519286907527	0.00206151473426704	0.00822442384990195	0.0294283546361674	0.0818872595607768	0.177573068643495	0.276054440060764	0.283158475468129	0.141070040503974	
4.64763203147996e-06	1.08444747401199e-05	8.36573765666393e-05	0.000508141102108476	0.00237958760011774	0.00943469302390432	0.0323986428914468	0.0869417032022185	0.180541913894871	0.276786627213435	0.2759547010798	0.134954840508761	
1.08570728401017e-05	0.000128733863675491	0.000660730432840474	0.00253279999255515	0.0108787869857819	0.0347023068177764	0.091354512897427	0.184036690702158	0.277280334273763	0.269356222110894	0.129058024850289	
1.55859863279728e-05	0.000165211455076512	0.000696693588860384	0.0028662628857142	0.0116988413377764	0.0378910913619347	0.0950838681924308	0.189815493093849	0.275892219787345	0.263217695705437	0.122657036605247	
6.24173944794935e-06	2.96482623777594e-05	0.000204416966920341	0.000778656996131682	0.00340018756427041	0.0131544658865533	0.0403419224869587	0.101198882104465	0.193088209822313	0.275756927940679	0.256963050462903	0.11507738976698	
3.12110836800365e-06	3.43321920480401e-05	0.000205993152288241	0.000883273668145032	0.00366418122403628	0.0144413684187529	0.0429729805648582	0.105995961285772	0.19890355463032	0.275907540285706	0.247767627239785	0.10922006622992	
6.06393250687634e-05	0.000237892736808226	0.00108684328777091	0.00415612604894371	0.0154117176943996	0.0465865501976997	0.110414881823285	0.204265898775863	0.272901840481259	0.240576415656141	0.104301193972762	
3.10466926734462e-06	7.14073931489263e-05	0.00030891459210079	0.00133811245422553	0.00488054008826575	0.0171998677410892	0.050138856332982	0.114778070479097	0.204794851216487	0.272855410895216	0.234514297778143	0.0991165663599771	
2.01043259870064e-05	8.04173039480257e-05	0.000349505974851035	0.00140730281909045	0.00565550154880634	0.0188423929096682	0.0531496519631874	0.118677382787913	0.209473158405077	0.271116114854468	0.227548493954011	0.0936799731529924	
1.07792969742513e-05	1.38590961097517e-05	9.23939740650115e-05	0.000344937503176043	0.00166463143273796	0.00627817053771753	0.0207424471775951	0.0567606980672721	0.123954215706052	0.212860317250109	0.268292081990413	0.219903817872998	0.0890816500947808	
3.07331547737041e-06	2.15132083415929e-05	7.5296229195575e-05	0.000401067669796839	0.00186550249476384	0.00673517086865725	0.0229438366963088	0.0605765847167095	0.127791530864539	0.215345678841606	0.264967430539229	0.214256188504878	0.0850171260504976	
1.53084968280795e-06	6.12339873123178e-06	2.44935949249271e-05	6.58265363607417e-05	0.000534266539299973	0.00219830014451221	0.00773538344722855	0.0246558649913048	0.0638670487667475	0.133633992211037	0.21793788424327	0.262546844000294	0.206961692017537	0.0798307492590688	
7.6616845286072e-06	3.06467381144288e-06	2.4517390491543e-05	0.000107263583400501	0.000608337751571411	0.00220350047042743	0.00863012145302315	0.0269997762788118	0.0673446746695515	0.138161624767468	0.221525349449431	0.259059941955078	0.199913269731136	0.0754108961412692	
3.06641706031796e-06	3.06641706031796e-06	2.60645450127026e-05	0.00015025443595558	0.00063014870589534	0.00269231417895917	0.00965461411441109	0.0294299377364016	0.0713754567044909	0.141272900385909	0.222154249977385	0.256757233294543	0.19375156195619	0.072099131130726	
4.89881647655687e-05	0.00014849537444563	0.00076544007446201	0.00309390878097545	0.0108355696940842	0.0317627013298756	0.074106846249114	0.144502839017236	0.224166780206944	0.254263883934791	0.187946155883402	0.0683583912899043	
6.13182817391091e-06	3.67909690434655e-05	0.000167092317739072	0.000956565195130102	0.00361471270852048	0.0120873662878219	0.0339090098017273	0.0772732986476253	0.148951304086557	0.225238911355226	0.251694684011565	0.181422400181502	0.0646417326093688	
4.61431267505549e-06	1.07667295751295e-05	5.38336478756473e-05	0.000169191464752035	0.000955162723736486	0.00404675221602366	0.0130923431633574	0.0356332605810035	0.0819901838188359	0.152519953057059	0.2286884123842	0.247122591521047	0.175011651139505	0.0607012832403549	
3.0854293683509e-06	1.23417174734036e-05	8.63920223138252e-05	0.000269975069730704	0.00112772443413225	0.00446924444005628	0.0138366080023696	0.0374355145262015	0.0851516797077481	0.157467973243157	0.228101165058129	0.243915533285612	0.170588761632069	0.0575340014316392	
3.07683313872364e-06	2.61530816791509e-05	0.000106150743285965	0.000298452814456193	0.00131073091709627	0.00477678344786845	0.0150041768009858	0.0400219070519477	0.088320495247062	0.160024553128447	0.228579472292348	0.240911419512353	0.165479778283404	0.0551368498459276	
1.53330961814457e-06	1.53330961814457e-05	0.000131864627160433	0.000311261852483348	0.00148884363921838	0.00521938594016413	0.0161626166848619	0.0419482845331992	0.0921626412178158	0.163361873336359	0.230062375035266	0.237811721845369	0.159392134734983	0.0519301301473204	
1.53856568752346e-06	8.61596785013139e-05	0.0004000270787561	0.00176165771221437	0.0057311571860249	0.0170811562628855	0.0439429746013576	0.0953495313528916	0.167791358184246	0.230812547310895	0.232046476992289	0.154387373914542	0.0506080411597093	
6.1865492047191e-06	0.000125277621395562	0.000436151718932697	0.00175079342493551	0.00596228679604803	0.0183307452935827	0.0455268155975279	0.0989786007263009	0.171894816290421	0.230424211678968	0.228732190471477	0.149726863852612	0.0481050599785945	
3.09732251954798e-06	2.16812576368358e-05	0.000114600933223275	0.000455306410373553	0.00196215381613364	0.0066623407395477	0.0193567170859151	0.0488494221170509	0.102598808460027	0.174292532820004	0.231001410830408	0.225183090477437	0.144327486104637	0.0451713516250877	
1.55006076238189e-06	3.56513975347834e-05	0.000186007291485826	0.000595223332754644	0.00226463877383993	0.00731938691996726	0.0213892884601076	0.0520944421021304	0.105926502318891	0.177522258872548	0.229829059299125	0.220972012102874	0.13868548647107	0.0431784925969098	
9.31351624044394e-06	5.27765920291823e-05	0.000198688346462804	0.000738872288408553	0.00252241064845357	0.00815087896309519	0.0228320850634483	0.0552462260856067	0.110421048546703	0.179351934494936	0.228791183204626	0.216447669680624	0.134046334743296	0.0411905778260701	
9.3893627908942e-06	7.19851147301888e-05	0.000200306406205743	0.000902943721724325	0.00300929077448159	0.00905447551801897	0.0241494410981799	0.0584253099663391	0.112713040729491	0.180806264582854	0.229224078707898	0.212395210799019	0.129814200159306	0.0392240630589605	
2.34883669947731e-05	5.95038630534251e-05	0.000216092976351912	0.00113683696254702	0.00339172019404523	0.00981500562154917	0.026496443861237	0.061061924730745	0.115575292743347	0.183589774104545	0.228263082237471	0.207215939519021	0.125305740243715	0.0378491545753773	
2.03493195500609e-05	5.47866295578562e-05	0.00035063442917028	0.00127261513801535	0.00361748288309159	0.0108524486492748	0.0278081278312948	0.0634147410470821	0.119851230820766	0.185764242175687	0.225780396404745	0.203643467398825	0.121862682791676	0.0357067944812645	
4.71721847640133e-06	3.61653416524102e-05	9.27719633692261e-05	0.000382094696588508	0.00127207658246956	0.00410869729294556	0.0113527724665392	0.0294904775083023	0.0662218853778807	0.122751459192915	0.187778315890108	0.225294354432927	0.199280466941733	0.117405278252994	0.0345284668410989	
9.43376943553041e-06	3.14458981184347e-05	0.000130500477191504	0.000382067662138981	0.00149210786571973	0.00418230444975181	0.0126947090704121	0.0318373995500092	0.0691165117694135	0.125909376066212	0.188796455418364	0.223482853337903	0.195192551095654	0.11386245249704	0.0328798310726353	
3.14463925484628e-06	6.28927850969256e-06	2.04401551565008e-05	0.000100628456155081	0.000451255733070441	0.00148584204791487	0.0046273366635063	0.0137593690595799	0.0338441799802831	0.0723833063680517	0.128780839084092	0.191484945825727	0.221272541167259	0.191003816019736	0.109474326378964	0.0313017391427399	
1.57536134850931e-06	2.83565042731677e-05	9.13709582135402e-05	0.000455279429719192	0.00168248592020795	0.00510574613051869	0.0143672954984049	0.0354062463077468	0.0749052813989209	0.132842345713048	0.192457169863337	0.219312354771376	0.18770903075893	0.10656846914261	0.0290669922413454	
6.31185619066855e-06	2.52474247626742e-05	9.1521914764694e-05	0.000515994243587154	0.00183517218743688	0.00549289284992931	0.0152399767723692	0.0372888684104221	0.0781644491011917	0.135641789537467	0.192516347707534	0.219723603817411	0.184894781357302	0.101908074126439	0.0266549686931933	
2.03944282422042e-05	2.35320325871587e-05	0.000114522558590839	0.000571043990781718	0.00208650688939474	0.00594889783803373	0.0166622478738809	0.0396687317332597	0.0815322177058151	0.137750243556537	0.193966700605087	0.218617289141222	0.179769040944168	0.0977693201909546	0.0254993105114452	
4.70262186844572e-06	1.41078656053372e-05	4.38911374388267e-05	0.000170861927886861	0.000605070680406683	0.00213499032827436	0.00685172006232542	0.017876233262585	0.0419097660915883	0.0839856914891949	0.140815309228739	0.197309473275	0.215612077586991	0.175030018402927	0.0931573716732869	0.0244787143658828	
7.82558339724226e-06	1.40860501150361e-05	4.53883837040051e-05	0.000194074468251608	0.000746560656096912	0.00257148670433381	0.00724179487580799	0.019509179409325	0.0436432786064201	0.0863130546382233	0.144483746263284	0.199510118479333	0.212873084688464	0.170557025026216	0.0893540763463916	0.0229352198206376	
1.87653934868447e-05	1.56378279057039e-05	6.4115094413386e-05	0.000286172250674381	0.000852261620860862	0.00289456194534579	0.00808475702724891	0.0204667891629853	0.0461722506743813	0.088652410180226	0.147438132843348	0.199261894522851	0.211642362875797	0.166894718323625	0.086075296141366	0.0211798741154854	
7.05047355680723e-05	0.00032275501171162	0.00105757103352108	0.00305833875175283	0.00866738215916836	0.0214647750507242	0.047741106610994	0.0923847051726974	0.150877000571872	0.198768517285411	0.209496204495069	0.16234107057524	0.0828524649238941	0.0208976036223766	
9.41789557123461e-06	6.59252689986423e-05	0.000282536867137038	0.00110817237888194	0.00325231327059968	0.00905530659174207	0.0225746956842494	0.0502193584843467	0.0957611621683135	0.152197901378937	0.199574625050033	0.207961261056217	0.158526727202807	0.079488608270482	0.0199219884316849	
1.72754970631655e-05	8.16659861167824e-05	0.000301535948738889	0.00117630430002827	0.00328705594120049	0.00985645632440242	0.0240364984137953	0.0521782831296919	0.0983478342808682	0.154768037189434	0.200449162923642	0.206784558846625	0.154256054276471	0.0757671891195778	0.0186920878223451	
1.56716476386745e-06	1.25373181109396e-05	6.58209200824329e-05	0.000347910577578574	0.00122395568058048	0.00360761328642287	0.0106755263714651	0.0255792632758445	0.0543383038575761	0.10104138098559	0.157727297659439	0.200286791151788	0.204071494056528	0.150403936717887	0.0730251765019315	0.0175914244744121	
1.57144495935458e-06	4.24290139025736e-05	0.00011000114715482	0.000432147363822508	0.001356156999923	0.00404961366025674	0.0117874086401187	0.0264867047899214	0.0567511632621312	0.103966798510899	0.160367529547094	0.200805522686165	0.200090515229659	0.146507385005586	0.0699858727098154	0.0172591799885913	
9.43240502747188e-06	2.35810125686797e-05	0.00017449949300823	0.000514066073997217	0.00150289653437719	0.00449139686058119	0.0118706817270734	0.028034679809151	0.0596442411237139	0.106847140016192	0.162176055839838	0.200578520841685	0.197454822710087	0.143278232367298	0.0674904300390659	0.0159093231463359	
7.87328421453755e-06	4.09410779155952e-05	0.000176361566405641	0.000563727149760888	0.00167386022401068	0.00462949111814808	0.0124917527347853	0.0299011587899707	0.0619233803473378	0.11062909115531	0.164076093717277	0.200869525508654	0.195000779455137	0.137453370474239	0.065222286433229	0.015340306963605	
4.71767839900866e-06	1.10079162643535e-05	5.34670218554315e-05	0.000188707135960346	0.000589709799876082	0.00173138797243618	0.00514226945491944	0.0140932779373052	0.0315140917053778	0.0652816611260155	0.112906624564008	0.165982079112322	0.200748223794083	0.190798640050574	0.133489855418883	0.0631382625733992	0.014326016738323	
1.57339329010698e-06	2.51742926417116e-05	2.04541127713907e-05	7.86696645053488e-05	0.000220275060614976	0.000630930709332897	0.00190065909444923	0.00580582124049474	0.0148276583659681	0.0334943963597973	0.0680492597971267	0.115970099233915	0.168090325361998	0.200602924308769	0.186679967084612	0.129836414299628	0.060375820721275	0.0133895768988104	
4.72271373428123e-06	1.10196653799895e-05	3.77817098742499e-05	0.000100751226331333	0.000232987210891208	0.000698961632673623	0.00226690259245499	0.00611748852380563	0.015673112646168	0.0354628574307178	0.0714955889853722	0.119161938705473	0.170296334544447	0.197549541267073	0.182680864193644	0.126820606144565	0.0581397545448249	0.0132487862625703	
1.73803403070632e-05	2.68605259290977e-05	6.16212065432241e-05	0.000214884207432782	0.000859536829731126	0.00239848696237472	0.0067625324103846	0.0167198873753948	0.0376110564244848	0.0741318915024356	0.1209987691559	0.170847165187494	0.196898715276845	0.180082446014293	0.123455717262944	0.0561732598724283	0.0127397894450773	
3.15962754310522e-06	2.21173928017365e-05	7.267143349142e-05	0.000274887596250154	0.000954207518017776	0.00252454240694107	0.00715023713004711	0.018107825449536	0.0391130293560995	0.0755782908310768	0.123629906506621	0.171288148553049	0.195563566966726	0.177507875371651	0.121249127152891	0.0549538220434575	0.0120065846637998	
1.58248129902725e-06	1.58248129902725e-05	9.17839153435804e-05	0.000318078741104477	0.000941576372921213	0.00281048678707239	0.00756267812805122	0.018877419416096	0.0411334364056153	0.0764718262941928	0.124144075427389	0.171324172876587	0.196298892737835	0.177014775627889	0.118858587888638	0.0524181105489786	0.0117166915379978	
1.10617021747306e-05	1.73826748460053e-05	7.11109425518399e-05	0.000347653496920106	0.00104296049076032	0.00290922767195416	0.00790121583909332	0.0201844459825478	0.0424200475969242	0.0785128015499025	0.125945380475148	0.174051142989883	0.195608820285265	0.174177562443309	0.115575824807921	0.0502627944388082	0.0109605666119903	
1.26139990161081e-05	3.15349975402702e-05	0.000115102741021986	0.000411531717900526	0.00113683666132674	0.00324179774713978	0.00889129255647918	0.0214863705740631	0.0436996228414294	0.0812814561600464	0.130504433820654	0.174051111924013	0.194230356850032	0.171260264641699	0.111115140583019	0.0483273837304641	0.0102031484541544	
7.88402286997354e-06	2.680567775791e-05	0.000130874779641561	0.000490386222512354	0.00111480083381426	0.00352415822287817	0.00952389962692804	0.02205318877189	0.0456705676811827	0.084042106989344	0.132896243105422	0.173984616694576	0.193168021141796	0.16818355266685	0.109024998659716	0.0466891834359833	0.00946871146683822	
1.5793721364009e-06	8.52860953656483e-05	0.000137405375866878	0.000495922850829881	0.00126823582552992	0.00392000164254702	0.00996267943641685	0.0231346430540003	0.0478186501738099	0.0858578280790255	0.133842312327157	0.175038655133038	0.191577840145429	0.16734079534022	0.106141704426822	0.044541452990778	0.00883500773102661	
1.57713283559021e-05	6.15081805880182e-05	0.000132479158189578	0.000458945655156751	0.00151247038933101	0.00419359620983437	0.0110730496386789	0.024396667833745	0.0497711580255559	0.0875356037737634	0.135243872050367	0.176542672483133	0.19227614965098	0.163783667843208	0.10239692648353	0.0421346808356281	0.00847078045995502	
1.25859977628389e-05	6.92229876956139e-05	0.000155751722315131	0.000567943149048105	0.00176203968679745	0.0042697997410431	0.0113651559798435	0.0256455436915046	0.0519959032577282	0.0903643174377426	0.13703634364179	0.179070429670231	0.190641681363441	0.159035094481512	0.0993066688482396	0.0403979063192722	0.00830361202403296	
1.25715004085738e-05	5.18574391853668e-05	0.000165000942862531	0.000523288704506883	0.00167358099189138	0.00468131246464266	0.0118816393236533	0.027410585203344	0.0533440191086806	0.0933292475957005	0.140049657426614	0.179654598026274	0.188580363316362	0.156381607894902	0.0943412533785907	0.0398249418568106	0.00809447482557043	
1.5679854992701e-05	6.42874054700742e-05	0.000175614375918252	0.000630330170706581	0.0018251351211504	0.00499403381517528	0.0126175793126265	0.0291911860399115	0.0551617298643222	0.096272741669685	0.142572217492133	0.179220742566573	0.187203356743357	0.152251391979127	0.0922806505885434	0.0379734728213234	0.00754985017898554	
3.11286469155402e-06	3.73543762986482e-05	5.60315644479724e-05	0.000238134148903883	0.000661483746955229	0.00206382929050032	0.00544906964256531	0.0133059401240477	0.0298912832006475	0.0570868255784092	0.0976023159713305	0.143594891789041	0.180785842691383	0.185318173682285	0.1494517467062	0.0908629639141161	0.0365139028319287	0.00707709787624806	
1.08759996208937e-05	1.8644570778675e-05	4.50577127151312e-05	0.0002237348493441	0.000714708546515874	0.00217209249571563	0.00593052722185019	0.0140176097971005	0.0307324675001826	0.0592757516481024	0.0988752662677764	0.146178096047506	0.181147542257143	0.183004230763853	0.147467678859698	0.0881111340715548	0.0352397924859272	0.00683478890461593	
4.65662078342988e-06	1.24176554224797e-05	8.38191741017378e-05	0.000347694351829431	0.000802490981677749	0.00244472591130069	0.00658290958084204	0.0152287021687435	0.0321182657502437	0.0606835298427304	0.102178677643874	0.147833740011548	0.180149136041624	0.181473168551046	0.144518226013746	0.0855716157232353	0.0334376416388822	0.00652858233836869	
3.08422081787368e-06	1.69632144983052e-05	6.93949684021577e-05	0.000322301075467799	0.00102396131153406	0.00258920337660495	0.00668350651233226	0.0161921592938368	0.03337589558062	0.0631093263753312	0.103663745909552	0.14928554024754	0.180187890732225	0.1808910930787	0.141764667783155	0.082768149868458	0.0319047222504942	0.00614839420043117	
1.83866059704374e-05	8.58041611953745e-05	0.000320233387318451	0.000986747853746807	0.00284226283959678	0.00716771189414218	0.0165862508024987	0.0342956167863584	0.065372045310726	0.106881340506153	0.150062284627725	0.181383867898365	0.179634075896845	0.137423025240213	0.0803295492676768	0.0306688587586896	0.00594193816277969	
