# <P(N_1)> as a function of N_tot.
# number_of_species: 2
# species_total_upper_bound: 100
# species_total_lower_bound: 0
# volume: 512
# Bin widths for each species index 
1	1	1	1	1	1	1	1	1	1	1	1	1	1	1	1	1	1	1	1	1	1	1	1	1	1	1	1	1	1	1	1	1	1	1	1	1	1	1	1	1	1	1	1	1	1	1	1	1	1	1	1	1	1	1	1	1	1	1	1	1	1	1	1	1	1	1	1	1	1	1	1	1	1	1	1	1	1	1	1	1	1	1	1	1	1	1	1	1	1	1	1	1	1	1	1	1	1	1	1	1	
# Bin lower bound for each species index 
0	0	0	0	0	0	0	0	0	0	0	0	0	0	0	0	0	0	0	0	0	0	0	0	0	0	0	0	0	0	0	0	0	0	0	0	0	0	0	0	0	0	0	0	0	0	0	0	0	0	0	0	0	0	0	0	0	0	0	0	0	0	0	0	0	0	0	0	0	0	0	0	0	0	0	0	0	0	0	0	0	0	0	0	0	0	0	0	0	0	0	0	0	0	0	0	0	0	0	0	0	
# Bin upper bound for each species index 
0	1	2	3	4	4	5	5	5	5	5	5	6	6	6	6	6	6	6	7	7	7	7	8	8	8	9	9	10	9	10	10	10	10	11	11	11	11	11	11	10	10	11	11	10	11	11	12	12	13	13	13	11	12	12	12	12	13	12	12	13	13	13	13	13	13	14	14	15	13	14	14	15	15	15	13	14	14	15	15	15	15	16	17	17	16	16	15	16	16	16	16	16	16	15	16	16	17	17	16	16	
# Normalized histogram for each species index 
1	
0.950351375999142	0.0496486240008583	
0.902085770182285	0.0955976275011128	0.00231660231660232	
0.857535909702094	0.135399207324274	0.00699444132521459	7.04416484174455e-05	
0.817009225363638	0.169423088476893	0.0131533424074615	0.000389483126886559	2.48606251204187e-05	
0.774852198751163	0.20297761392321	0.0210596020991099	0.00108152318320712	2.9062043310748e-05	
0.735175809043399	0.231540938525866	0.0310933448122384	0.0021146817842732	7.31362277169586e-05	2.08960650619882e-06	
0.695923017207102	0.259185781577735	0.041289470196307	0.00341028386773737	0.000183031891729273	8.41525938985162e-06	
0.661358902701758	0.281369053510769	0.05177123193335	0.00507119255158064	0.000414877463729812	1.47418388127344e-05	
0.628324344821775	0.300834246229039	0.0621197438274206	0.00795272604702115	0.000749978933176034	1.8960141569057e-05	
0.595972370648135	0.317469852852834	0.074895188471048	0.0105370102208367	0.00110028392384012	2.52938833066694e-05	
0.566740020848031	0.329327282490813	0.088439872384783	0.0139365925052383	0.00147831488949491	7.79168816400451e-05	
0.538890969770172	0.340353852693245	0.100255457403425	0.0183049748961547	0.00200746592147736	0.00018096652960907	6.31278591659547e-06	
0.513139158304175	0.350878114144338	0.110943557905968	0.0219623047293409	0.00276812830001638	0.000281433377998631	2.73032381640463e-05	
0.488423593618808	0.361202770780856	0.120583543240974	0.0256905961376994	0.00373215785054576	0.000335852225020991	3.14861460957179e-05	
0.463157740903739	0.367683532781615	0.134036760837432	0.03000492705454	0.00459510467903163	0.000494793188973419	2.7140554669428e-05	
0.437504566624706	0.373475791148159	0.145668543418946	0.0363263252605847	0.00623983599815456	0.000749448351735526	3.54891977144957e-05	
0.414279004227337	0.377078856249766	0.158581244258595	0.0413755263387606	0.00757553714611122	0.0009809749061631	0.000128856873267187	
0.394366635736927	0.37690690148359	0.169640280900159	0.0482420906013032	0.00937648550972834	0.00127247855157482	0.000195127216717836	
0.376074940168669	0.375580929528759	0.18067712668467	0.0542789001413535	0.0114701798157216	0.00171658318993879	0.000199264795930017	2.07567495760434e-06	
0.354547410506702	0.37758160773558	0.189667093496657	0.0615972075709753	0.0138556117002943	0.00241475759468419	0.000325866941843195	1.0444453264205e-05	
0.337099431722654	0.377931756279633	0.198514576818319	0.0667746898012711	0.0162434009213491	0.00293385789703756	0.000477067150879317	2.52194088570564e-05	
0.320024049110816	0.376123874016412	0.207982617133937	0.0729426407611333	0.0185051579013986	0.00380566630803958	0.000597008628145898	1.89861401177141e-05	
0.306104632113422	0.369945483409327	0.217408950529206	0.0800457440489402	0.021375407711804	0.00436301834623848	0.000680664683860848	7.18714262461765e-05	4.22773095565744e-06	
0.288697584121517	0.367986711719783	0.224992253421669	0.0875458207473393	0.024519237863167	0.00531193942702723	0.000796790914054085	0.000122258923320468	2.74028621235532e-05	
0.275274527585315	0.363058128941173	0.230941925764459	0.0953645393891064	0.0277946687258427	0.00629956382779509	0.00109832074753141	0.000143076265961946	2.5248752816814e-05	
0.26213993941377	0.357830295225932	0.238832184587454	0.101280332696509	0.0310636366515025	0.0073273450776327	0.00129827635342671	0.000204768790703075	1.8999166147708e-05	4.22203692171288e-06	
0.250250934239314	0.353814094334297	0.244705977221749	0.10751869009144	0.0339891222925097	0.00791954825470727	0.00154910777758208	0.000224938937566712	1.90985890386831e-05	8.48826179497028e-06	
0.237510296781444	0.350179967518577	0.248742568756958	0.114521494996882	0.0374451636523083	0.00930807757227968	0.00191993733596988	0.000319280044784348	3.83136053741217e-05	1.27712017913739e-05	2.12853363189565e-06	
0.223821863697443	0.345268334575969	0.25474961065263	0.120388984193244	0.0416542937163928	0.0114358105582034	0.00235637942195001	0.000273451102456574	3.63177245450137e-05	1.49543571655939e-05	
0.213530881522427	0.337356459534852	0.260034997347389	0.127609826639057	0.0454666027758287	0.0124651310047405	0.00304836308250475	0.00043639724128489	3.85056389369021e-05	8.55680865264491e-06	4.27840432632245e-06	
0.202673105961766	0.332296715189521	0.262143190188773	0.135507522254495	0.0491010510195788	0.0141269522143276	0.00345634440247591	0.000598871554884439	8.12754253057453e-05	1.28329618903808e-05	2.13882698173014e-06	
0.192640553744535	0.326409387646842	0.2651569598809	0.14128314381786	0.0537231448445802	0.0160681742344516	0.00381383847976933	0.000757206293796042	0.000126201048966007	1.28340049795939e-05	8.55600331972929e-06	
0.184382390453057	0.318528393226046	0.269244819873229	0.14574000132454	0.0590573974496194	0.0174668384296082	0.00439020951233425	0.000937859842294274	0.000213635499383662	3.63180348952225e-05	2.13635499383662e-06	
0.174998343142642	0.312098479325627	0.271692538583398	0.153238995794789	0.0619899818921525	0.0194760910138471	0.00500264028237125	0.00120790246134178	0.000252269894581114	3.20682069382773e-05	2.13788046255182e-06	8.55152185020727e-06	
0.16552065805096	0.30530310148369	0.274143056041957	0.158971325583183	0.0669432747089423	0.0216104481819036	0.00573146669172226	0.00140937705534154	0.000309635868218974	4.48438153972308e-05	2.13541978082051e-06	1.06770989041026e-05	
0.157742965094288	0.298904335482445	0.274725765116388	0.164931935348143	0.0713754457246558	0.0240128181698408	0.00635383418830299	0.00153639535723848	0.000327254336119954	4.67506194457077e-05	2.33753097228538e-05	1.91252534096077e-05	
0.148048894455314	0.288429492855512	0.27683743596418	0.173097808113373	0.0774382685098457	0.0264677831284685	0.00737172033122601	0.00188186898180647	0.000330713936712021	7.89446171506114e-05	8.5345532054715e-06	8.5345532054715e-06	
0.140047800656725	0.282088007935422	0.275625513066083	0.178544859077849	0.0831081543302777	0.0297364550554111	0.00818126624709263	0.00210357093993706	0.000451070597893009	0.00010475099192776	6.41332603639349e-06	2.1377753454645e-06	
0.13418298577426	0.274781291048172	0.276195709097777	0.18034366709879	0.0883549824431872	0.033400870543188	0.009583272521227	0.00251118227319946	0.000512968002815958	0.000111608101031087	1.50241674464925e-05	6.43892890563964e-06	
0.129247783998384	0.268433739081117	0.276966902839662	0.183579030587912	0.0919012284146619	0.0352347479365298	0.0111326421442045	0.00265103828752379	0.000691762016679628	0.000146086388615574	1.50383047104267e-05	
0.123661486062253	0.26230787755769	0.275312427429967	0.189494869567461	0.0952570376805112	0.0383341790877893	0.0119208373829203	0.0028468955077537	0.000685921198620417	0.000163416962680726	1.50515623521722e-05	
0.1156517260921	0.2564584352368	0.275536919042499	0.192993494698147	0.10110044970404	0.0406048056058938	0.0133639887692503	0.00331837192915922	0.000749865864511305	0.00018531167916084	2.80122305708246e-05	8.61914786794604e-06	
0.109471535329166	0.247434716087001	0.275300550929113	0.199404832552509	0.105833202056975	0.0432866708818966	0.0145252795107456	0.00363401733711122	0.000850239210701793	0.000224428624144636	3.02115455579317e-05	4.31593507970453e-06	
0.104800079049006	0.240787998298728	0.272414044946234	0.203705851774521	0.110563353052623	0.0467677978407592	0.0155928460649491	0.0040061520748216	0.00107403540879936	0.00023413971911826	5.37017704399679e-05	
0.0992371323726534	0.234522280152788	0.272916590708757	0.204642404459248	0.114753992883906	0.049999249357128	0.0171682748296577	0.0049714005065767	0.0013683147209646	0.000347440415041167	6.86302054402306e-05	4.28938784001441e-06	
0.0941159876216041	0.227856947460206	0.270065738856879	0.209402622715382	0.118376959770213	0.0533668724033579	0.0191745456410607	0.00572970985997367	0.00141693309853135	0.000388962027047821	8.76233137854981e-05	1.7097231958146e-05	
0.0894809890093541	0.220990412143909	0.267399376396148	0.211604472774187	0.123628294696392	0.0570829197582951	0.0211693741219279	0.00642520260748877	0.00170247677426348	0.000369826415383079	0.000119024593456623	1.27526350132096e-05	1.48780741820779e-05	
0.0853170351921898	0.214952596932855	0.265276855550582	0.214398907045863	0.127168353546903	0.0606470746717637	0.0229622196812359	0.00682247768799469	0.00190715405519503	0.000426404855499668	8.69781048531661e-05	2.96998406815689e-05	4.24283438308127e-06	
0.0796758960923717	0.207348327188599	0.263360834979559	0.217720074793209	0.132984016648884	0.0639481940820401	0.0243331467024435	0.00772229323586271	0.00225013469116109	0.000553554262050897	6.97224833880901e-05	2.324082779603e-05	8.45121010764729e-06	2.11280252691182e-06	
0.0759235054503001	0.199497481060366	0.259044706419806	0.222172167726271	0.13785431180708	0.0671167341344873	0.0268263898582541	0.00849798442529684	0.00223341750948568	0.000685253099501288	0.000112093871214717	2.11497870216447e-05	4.22995740432894e-06	1.05748935108223e-05	
0.0715906632676866	0.193665511522457	0.256993429675471	0.223034734917733	0.141225923302383	0.0712237600580258	0.0291232073703008	0.00972399546991182	0.00253014756719843	0.000697752346695962	0.000154820429510046	2.75707614195973e-05	4.24165560301497e-06	4.24165560301497e-06	
0.0680498452930954	0.187163565464333	0.255079896579494	0.224498792014581	0.144350019073454	0.073981689484169	0.0320349256135294	0.0108082905946679	0.00308354172847879	0.000760818886957996	0.00014622981392786	4.23854533124232e-05	
0.0642493557658426	0.181060577114935	0.251788360057907	0.225498936536037	0.149549354492233	0.0773080988830444	0.0339310807425993	0.0118551821049369	0.0036297871798464	0.00090426277111963	0.000184673382834291	3.60856035423327e-05	4.24536512262737e-06	
0.060615166898974	0.175242857081964	0.247083370630384	0.228539276991343	0.152551331398149	0.0821153182184371	0.0357241808502023	0.0128792044432509	0.00402381896224686	0.000961198279646893	0.000196075924007792	6.60690613504516e-05	2.13126004356296e-06	
0.0577199005867432	0.170253742943281	0.244608709762826	0.228041968792436	0.156926046444097	0.0847340012127734	0.0377924107714776	0.0139703809987445	0.00440697942555536	0.00119569209220494	0.00025408456959355	8.75417424650047e-05	8.54065780146387e-06	
0.0550042787948026	0.16554370422592	0.241536374002765	0.229192634951914	0.159018276718048	0.0876441571623627	0.0399403729240413	0.0153229693774194	0.00498591076748626	0.00135689820290618	0.000307903348077303	0.00011466745376672	3.18520704907555e-05	
0.0517533625842231	0.160114805515399	0.238155925841386	0.229944964366329	0.162938446321236	0.091316036419894	0.0419276843609188	0.0164134689357241	0.00542325023037189	0.0015534251439296	0.00029800400720282	0.000139491237414086	1.90215323746481e-05	2.11350359718312e-06	
0.0501984160560472	0.155047975225492	0.232373123720238	0.230054744216743	0.168095205861946	0.0944380045013792	0.0442057434890765	0.0175105342426345	0.00577691097084257	0.00173878462762087	0.000450560980149933	0.000107880798064069	2.11530976596213e-06	
0.0480517055533394	0.149691056772562	0.229405199412668	0.229961127473031	0.171648093294065	0.0984226071752913	0.0453993770210743	0.019043718861663	0.00601760297400294	0.00174204937999168	0.000449834919072152	0.000159139711935903	8.48745130324815e-06	
0.0448984702095106	0.144352889498155	0.225597942454073	0.230771516060784	0.174509433601915	0.102043328148442	0.0485420411212097	0.0198539600756301	0.00684363202692465	0.00199473305590982	0.000422289232048994	0.000135811612317264	2.97087901944016e-05	4.24411288491451e-06	
0.0429691887435814	0.138810654561715	0.220887823630511	0.229970776035077	0.177096379746245	0.105693693006381	0.0521072407194309	0.0218321455137293	0.00750625698016204	0.00230782435104361	0.00057430706991076	0.000192848499490329	4.87419284426106e-05	2.11921428011351e-06	
0.0406925543405603	0.134442885911879	0.216538883501223	0.228570943529956	0.180135005230869	0.10983976351803	0.0552625938744719	0.0226953936520804	0.00837363472193633	0.00244036490882584	0.000744841811302497	0.000190985079821153	5.94175803888032e-05	1.27323386547435e-05	
0.0393173203885155	0.129972352672219	0.210959366547161	0.229556147150445	0.18168182925318	0.112542144013948	0.0585294356441144	0.0240429195919989	0.00920224426221803	0.00301684905926442	0.000912319085202484	0.000194428657502169	5.98242023083596e-05	1.28194719232199e-05	
0.038155327147947	0.12564413296657	0.20591522985742	0.227012655035405	0.18385601343943	0.116464369909186	0.0614392244115441	0.0268446621654837	0.00985087961152183	0.00338977979255232	0.00113705097707303	0.000209456758934506	5.34328466669659e-05	2.77850802668223e-05	
0.0362806024755522	0.122268857279628	0.204025764207071	0.22485767284415	0.184939820830199	0.119992905012651	0.0636540039663544	0.0278627846543117	0.0109779969910415	0.00351330096423443	0.00123521165287561	0.00032910483484921	4.701497640703e-05	1.49593106749641e-05	
0.0347244714325855	0.118089800155723	0.20013169945926	0.226046892729289	0.18682447722393	0.121429475368555	0.0663259068279949	0.0294886671971824	0.0112759618457658	0.0039145197581363	0.00126980586126942	0.000358205369648637	9.43774626619163e-05	1.93044809990283e-05	6.43482699967611e-06	
0.0329022840901308	0.114127457023492	0.19571647489898	0.223747517293336	0.189075234572974	0.125136976919389	0.0684028491199233	0.0322858879528799	0.0124691801931375	0.00407292308745976	0.001478922676529	0.000408790493801794	0.000143397712485446	1.92623792890898e-05	1.28415861927265e-05	
0.0312724635517208	0.110083935027676	0.191425189040453	0.22013587449207	0.191969113616245	0.128620031355652	0.0718812324690976	0.0341563303221953	0.0137602252487655	0.00460096199993601	0.00145259857299788	0.000516195087614517	0.000102385802502053	1.27982253127566e-05	6.39911265637832e-06	4.26607510425221e-06	
0.0289541521881667	0.107324928506289	0.188423037740564	0.219271586402206	0.191329772352063	0.132039647774671	0.0751159169882727	0.0355813362436275	0.0145550304021802	0.00514071286545086	0.00166587288535591	0.000461318645175483	0.000108922457888656	2.77645480892652e-05	
0.0265053847421251	0.102281213423232	0.185796605889943	0.220172080652374	0.191698103518003	0.134675257147381	0.0778920655027721	0.0376322113069956	0.0151966773584058	0.00567468154808394	0.0018723025469734	0.000468610580328199	0.000100569393951714	2.99568407515743e-05	4.27954867879633e-06	
0.025215709610235	0.0976091299358184	0.180428868959068	0.218612657797424	0.194002635270115	0.13757810175543	0.081038806477664	0.0399540952947677	0.0166468313002083	0.00607599778977345	0.00211884218132359	0.000552556637055298	0.00011051132741106	2.9753049687593e-05	2.55026140179368e-05	
0.024535423309289	0.0927327765913636	0.175208141396044	0.215624296819608	0.198030458059668	0.1408738329859	0.0838764185669343	0.041857542551701	0.0174834527059443	0.00676326861597116	0.00217163333149357	0.000585895209669818	0.000174070315916395	5.73158357285692e-05	1.91052785761897e-05	6.36842619206324e-06	
0.0229357116313638	0.0892881032011467	0.170177841482189	0.212991452991453	0.199813133726177	0.145076179858789	0.0861729574773053	0.0434740139087965	0.0193257949779689	0.00714338801295323	0.00259913999044434	0.000747465095291182	0.000178372352285396	4.67165684556989e-05	1.91113234591495e-05	1.06174019217497e-05	
0.0213587115915109	0.0860787955811907	0.166727590354788	0.211572383717223	0.199052565808209	0.147959552338407	0.0886333399924341	0.0461284413028602	0.0203662222071094	0.00806742977128114	0.00284145247739802	0.000807593075101905	0.000297534290827018	6.16321030998823e-05	2.1252449344787e-05	2.55029392137444e-05	
0.0209069092580143	0.0830617229318605	0.162608821451974	0.209226527329822	0.198218859832013	0.151286284454808	0.0923439906730548	0.0477069841458952	0.0213515560510259	0.00886102341097278	0.00298700525066165	0.000995668416887217	0.000363801921554945	8.08448714566544e-05	
0.0198571736979016	0.0792641089600954	0.157981023467375	0.208269476168185	0.19991193589275	0.152094408142937	0.0960262140342552	0.050297002614136	0.0224007729121646	0.00931940552452649	0.00316774288700648	0.00103881446901832	0.000282147139733371	7.6949219927283e-05	1.28248699878805e-05	
0.0185158595623485	0.0757457241008343	0.153400896219036	0.206018940181344	0.201254963814781	0.155070323834669	0.098663386387843	0.0523330197352489	0.0242527757716549	0.00990941372873837	0.00331313875965171	0.00113152475103241	0.000293596384264091	7.28633362407233e-05	2.35734323131752e-05	
0.0175113062268591	0.0731029240315507	0.150813749396788	0.203347668077365	0.20034762110154	0.158095002199323	0.100701220944385	0.0542891063062909	0.0259157082886707	0.0106442947861105	0.00358938004723206	0.00121710090834163	0.000345912889739199	6.19226777928195e-05	1.49468532603357e-05	2.13526475147654e-06	
0.0172704548956496	0.0705584755773939	0.146741084421921	0.200371518087966	0.199868599017275	0.160536047526922	0.103517865397456	0.0566693489017104	0.0267959561026554	0.0119052714478933	0.00385000599222723	0.00130544950264514	0.000438716636134842	0.000124124706808882	4.49417041894229e-05	2.14008115187728e-06	
0.0159698987717929	0.0675888018300179	0.143404132505265	0.197577791792712	0.200726876249319	0.161851824138705	0.106964115829868	0.0593280670436446	0.0282690724845272	0.0118609100918216	0.00431208645551624	0.00143023591410033	0.000498124017915362	0.000190270547615739	1.49650992506761e-05	1.28272279291509e-05	
0.0154949686370516	0.0651161693899339	0.137578943306594	0.194718247962373	0.200896512988934	0.163801197923143	0.111045846070735	0.0619327122197593	0.0300616969005775	0.0126159228595806	0.00440753396759519	0.0015906567139862	0.000527360581725884	0.000173643118373157	3.00123908299284e-05	8.57496880855096e-06	
0.014534335976978	0.0629978245602014	0.133605406053547	0.190451617876291	0.200515168125525	0.166207026499255	0.113122869525	0.0650062522482399	0.0317965364257695	0.014279535449391	0.00499323386834307	0.00168510937152058	0.00054814231144761	0.00017343565323147	6.42354271227667e-05	1.28470854245534e-05	6.42354271227668e-06	
0.0137622636417956	0.0599512988056	0.130208232943338	0.185786275857786	0.200210310346969	0.168053387131662	0.116191112567435	0.068308029700447	0.0337417466038734	0.0150729554172048	0.00593237944098567	0.00189322145336871	0.000573963065048433	0.00019274879050134	6.85329032893652e-05	1.71332258223413e-05	3.42664516446826e-05	2.14165322779266e-06	
0.0132689054496446	0.0578238823102039	0.126715575111291	0.182630695386943	0.196877626428616	0.170088323234234	0.11952977389338	0.071559230734508	0.0356990088624165	0.0159579384510224	0.00647431446854519	0.00232576635291032	0.000687842174613035	0.000210651665975242	0.000107475339783287	2.36445747523231e-05	1.28970407739944e-05	6.4485203869972e-06	
0.0128250023778026	0.0565138820436997	0.124287740049977	0.179361970722766	0.196626978980225	0.170391170138258	0.121103646252151	0.0740642266089077	0.0374849766110693	0.0167526998867301	0.00699290117852542	0.00248372286062618	0.000860332200634657	0.000181577650385204	4.32327739012391e-05	1.51314708654337e-05	1.08081934753098e-05	
0.0121431637806249	0.0556894249417003	0.122145687763859	0.176702556126268	0.194538704312128	0.17119078077372	0.123168224561161	0.0755426024640117	0.039542403996954	0.0182632838100498	0.00722463235056186	0.00261027325893695	0.000908202514059881	0.000237297568994268	6.47175188166186e-05	2.37297568994268e-05	4.31450125444124e-06	
0.0116948577626158	0.0533214649143465	0.11961249035871	0.17713183235282	0.195167796254966	0.170704305686687	0.123723946911871	0.0765599445180219	0.0413738271114155	0.0190643681687274	0.00752506735399792	0.00281082762777815	0.000924699634657224	0.000274385171966045	9.50625792638267e-05	1.51235921556088e-05	
0.0108694483566813	0.0511842430627977	0.116553600034404	0.174218657607001	0.194811477965446	0.172952167976519	0.125711459688431	0.0784600002150237	0.0424650317697526	0.0205455151430445	0.00784191457108146	0.00293077311773623	0.00101921236816359	0.000337587218990894	6.88075860363605e-05	1.93521335727264e-05	1.07511853181813e-05	
0.0101921906997866	0.0486496097063587	0.111981286469535	0.171476432433359	0.19419143667475	0.17334864232651	0.130317804416188	0.0808413377089635	0.0432900340168113	0.0218046046938059	0.00895833154823618	0.00326244355522805	0.00112889543900537	0.000372728285364203	0.000137095461283385	3.42738653208462e-05	1.28526994953173e-05	
0.00947087384881743	0.0470736713992466	0.109609294312762	0.169922904515593	0.192453727710234	0.173567691035239	0.132032980925403	0.0836029603980338	0.0452116376040832	0.022256553544721	0.00955872584605759	0.00358050457044659	0.00106493762508196	0.000437117254560804	0.000119992971840221	2.78555113200513e-05	8.57092656001577e-06	
0.0088926952400577	0.0451846795796415	0.106995672779724	0.167703396524487	0.192299436774504	0.174134126657051	0.132905333470705	0.0853638642763926	0.0476187409849578	0.0230613366302631	0.0100539185383612	0.003936568445635	0.00121488426402912	0.000448605673466584	0.000128786317741603	5.58074043546947e-05	2.14643862902672e-06	
0.00849754722107529	0.0427187872382758	0.103065920171834	0.164392881057872	0.192872072550056	0.176645009188561	0.133814975108519	0.0866933801711062	0.049616091427789	0.0242197210699379	0.011120405451951	0.00427230659629591	0.00148899618979567	0.000406478844915484	0.000128361740499627	3.63691598082276e-05	1.06968117083022e-05	
0.00835305880040676	0.0405262213411039	0.100010254394435	0.159312699212975	0.1914260444528	0.179342949676559	0.136216812079677	0.0895785443887099	0.0515454226946839	0.0253283542551464	0.0116173743623048	0.0042662553515121	0.00171120207138768	0.000570400690462559	0.000140997923485127	4.27266434803415e-05	1.06816608700854e-05	
0.00817368495011476	0.0401807195568027	0.0948948002674173	0.156502965861718	0.188959244418517	0.180095725156384	0.139650994936957	0.0929338823619586	0.0526679980752771	0.0269503787701361	0.0119060292370518	0.00471173868054284	0.00161812986769659	0.000540796034730177	0.000166071223263598	4.68406014333224e-05	
0.00757815369005139	0.0381561099660151	0.0926402754457207	0.152615948935556	0.187910615995636	0.179661678953748	0.142072338465392	0.0959941922049031	0.0545775656932525	0.0286696200946314	0.0123564237058233	0.00499266596050445	0.00182342689628968	0.00069201067309713	0.000195291355597963	5.731376740375e-05	6.36819637819445e-06	
0.00717423994220284	0.0368750892579618	0.0914127540176584	0.149997479775196	0.18555575157304	0.180572007023026	0.143543604089485	0.0971588665708981	0.0565454438535917	0.0295433352655057	0.0130274620496148	0.00538488033132555	0.00211488864806741	0.00072666481850181	0.000268823979098936	6.09054327646026e-05	3.78033720607878e-05	
0.00700940428408114	0.0353870609734727	0.0884061115329734	0.147716936890328	0.183635961581789	0.1803711646459	0.145893657323576	0.098615642653894	0.0592357245971679	0.0307099525196305	0.0138122814776492	0.00591627099692087	0.00223216148332346	0.000732232411819191	0.000254508131743422	5.00671734577224e-05	1.87751900466459e-05	2.0861322274051e-06	
0.00674486803519062	0.0335995507580957	0.0858613589567605	0.14435431875377	0.181302385557705	0.180297830743953	0.147810985628419	0.10186976144423	0.0610324244504066	0.0320438426821406	0.0149539319065743	0.00645161290322581	0.00245419188452819	0.000757055801668019	0.000384767371726878	6.6554356190595e-05	1.24789417857366e-05	2.07982363095609e-06	
0.0064998193921255	0.0321378812116208	0.0828855978120646	0.141943340729656	0.180706950823056	0.180430362763816	0.149124309819908	0.102766912637391	0.0632540378760514	0.0334671551679653	0.0161907219154755	0.00663398524175654	0.00255947159296145	0.000988699107281077	0.000336446669074772	6.19226998297126e-05	1.23845399659425e-05	
0.00651097508674802	0.0313072634410698	0.0801200826542945	0.13713677151669	0.180011121804277	0.180961194752642	0.150513716549942	0.105700232490853	0.0656555811142735	0.0343832015611566	0.0162928276674375	0.00717171696444511	0.00285227083850607	0.00097880085609165	0.000287279077259604	9.6443690222867e-05	2.05199340899717e-05	
