# <P(N_2)> as a function of N_tot.
# number_of_species: 2
# species_total_upper_bound: 100
# species_total_lower_bound: 0
# volume: 512
# Bin widths for each species index 
1	1	1	1	1	1	1	1	1	1	1	1	1	1	1	1	1	1	1	1	1	1	1	1	1	1	1	1	1	1	1	1	1	1	1	1	1	1	1	1	1	1	1	1	1	1	1	1	1	1	1	1	1	1	1	1	1	1	1	1	1	1	1	1	1	1	1	1	1	1	1	1	1	1	1	1	1	1	1	1	1	1	1	1	1	1	1	1	1	1	1	1	1	1	1	1	1	1	1	1	1	
# Bin lower bound for each species index 
0	0	0	0	0	1	1	2	3	4	5	6	6	7	8	9	10	11	12	12	13	14	15	15	16	17	17	18	18	20	20	21	22	23	23	24	25	26	28	29	30	31	31	32	34	34	35	35	36	36	37	38	41	41	42	43	44	44	46	47	47	48	49	50	51	52	52	53	53	56	56	57	57	58	59	62	62	63	64	65	65	66	66	66	67	69	70	72	72	73	74	76	77	78	79	79	80	80	81	83	84	
# Bin upper bound for each species index 
0	1	2	3	4	5	6	7	8	9	10	11	12	13	14	15	16	17	18	19	20	21	22	23	24	25	26	27	28	29	30	31	32	33	34	35	36	37	38	39	40	41	42	43	44	45	46	47	48	49	50	51	52	53	54	55	56	57	58	59	60	61	62	63	64	65	66	67	68	69	70	71	72	73	74	75	76	77	78	79	80	81	82	83	84	85	86	87	88	89	90	91	92	93	94	95	96	97	98	99	100	
# Normalized histogram for each species index 
1	
0.0489508760216131	0.951049123978387	
0.00225319887091359	0.0957907957074821	0.901956005421604	
6.46994709574029e-05	0.00693777403958612	0.135844004598639	0.857153521890817	
2.98325647304503e-05	0.000348046588521921	0.0133078099168417	0.169163072256958	0.817151238672948	
3.49047971657305e-05	0.00103717111578171	0.0210101946939722	0.202565003951722	0.775352725441359	
2.51490711190582e-06	8.04770275809863e-05	0.00201192568952466	0.0310414984822536	0.232130956243131	0.734732627650398	
1.01534181482196e-05	0.000164993044908568	0.00334555127983836	0.0415376336443664	0.259089847597194	0.695851821015545	
1.01524131016891e-05	0.000383253594588764	0.00499752534930646	0.0517316209596568	0.280907118110636	0.66197032957271	
1.78045920586432e-05	0.000750336379614251	0.00788489076882772	0.0615581052861834	0.300490643686873	0.629298219286443	
2.79403397545314e-05	0.00106681297244574	0.0104877875314964	0.0755684589124604	0.317041575225555	0.595807425018288	
8.37533691696234e-05	0.00144157314207109	0.013849761683595	0.0884359439004705	0.32973193845904	0.566457029445654	
7.61396197587389e-06	0.000190349049396847	0.00193648432919726	0.0183953321337113	0.100123599982742	0.339986244108697	0.53936037643428	
3.2999865462087e-05	0.000281768082022435	0.00274660418692139	0.0220185256167802	0.110706933271734	0.350087957333712	0.514125211643368	
3.8005376493928e-05	0.0003521831555104	0.00383094195058794	0.0255902868392449	0.119772677174731	0.361709836551544	0.488706068951888	
3.28488548383836e-05	0.00051042066748873	0.00472770826173968	0.0297155794537993	0.133879298146314	0.367795993450444	0.463338151165376	
4.04118982731491e-05	0.000740042887127042	0.0062284838213491	0.0358958686411247	0.145492936757905	0.373102850806849	0.438499405187372	
0.000130848552865332	0.00103169051297665	0.00758166711121624	0.0408146832206861	0.158626190847647	0.377691831527456	0.414123088227153	
0.000218886646908163	0.00132086769685961	0.00928129701660016	0.0482632476740149	0.170316454740783	0.376749206221413	0.393850040003422	
2.51673629637087e-06	0.00023153973926612	0.00168117984597574	0.011556853072935	0.0544672069260583	0.18060351336387	0.375816680928172	0.375640509387426	
1.26455183018586e-05	0.000354074512452042	0.00247346337984355	0.0138038477783089	0.0617885315265417	0.190031790833011	0.377230985566405	0.354304660885136	
3.05133877488748e-05	0.000467871945482747	0.00287588679533145	0.0162483789762758	0.0670684262720268	0.19884811961248	0.378012561344623	0.336448241666031	
2.29379426704353e-05	0.000591289188837887	0.00371594671261052	0.0186485473910639	0.0738933079826589	0.207550151262989	0.375871323238939	0.31970649628023	
5.10361616723529e-06	7.91060505921471e-05	0.000694091798744	0.00432021108556468	0.0218230627310981	0.0800706340477545	0.215788546974959	0.36984375279104	0.30737549090408	
3.305020325875e-05	0.000119489196397019	0.00078049326157202	0.00521176282157212	0.0248181603239937	0.0871177934667375	0.224487149826741	0.368497054718425	0.288935046181303	
3.04286638013008e-05	0.000142000431072737	0.00106753895502897	0.00615419725381309	0.0279461919795114	0.0950845029350982	0.230570664232374	0.36250681475283	0.27649766079647	
5.08013919581397e-06	2.28606263811628e-05	0.000208285707028373	0.00124463410297442	0.00726713911961188	0.0309634483984861	0.101173512154233	0.238355050928395	0.358002489268206	0.262757499555488	
1.02064249445026e-05	2.29644561251308e-05	0.000196473680181674	0.00155647980403664	0.00777984741394708	0.0336301701921359	0.10723125207318	0.244658212344671	0.354941185476257	0.249973208134521	
2.56387247298319e-06	1.53832348378992e-05	3.58942146217647e-05	0.000284589844501135	0.00193315984462933	0.00926583511736126	0.0372479392874998	0.114389734254618	0.249421205789224	0.350435217352289	0.236968477187945	
1.80236779632214e-05	2.31733002384275e-05	0.000239457435797084	0.00229415672360432	0.0113034208940774	0.0417557122185088	0.120820437820886	0.255138035625087	0.345310496475084	0.223097085828754	
5.15885401216974e-06	1.03177080243395e-05	3.35325510791033e-05	0.000350802072827542	0.00301019131610104	0.0122883902569883	0.0456687551427326	0.127547506596885	0.259993345078324	0.337866246392026	0.213225754031	
2.58013912110141e-06	1.54808347266085e-05	8.51445909963465e-05	0.000559890189279006	0.00340578363985386	0.0143791153218982	0.0496521972464755	0.135194129667472	0.262539476128553	0.332943732326047	0.201222469915578	
1.03262581254744e-05	1.54893871882115e-05	0.000105844145786112	0.000707348681594994	0.00389041774877247	0.0161347783210537	0.0542748127074933	0.141183182656017	0.265056975129207	0.325994805892163	0.192626019072599	
2.57992611091618e-06	4.38587438855751e-05	0.000157375492765887	0.000910713917153413	0.0043678149057811	0.0176389548203339	0.0587861963633362	0.145706486966213	0.269321066644651	0.318858227900353	0.184206724319415	
1.03139568464046e-05	2.57848921160114e-06	3.60988489624159e-05	0.000211436115351293	0.00116805561285532	0.00492749288336978	0.019542369734725	0.0620075085605842	0.15327829118363	0.27130605635546	0.313082738561822	0.174427059697182	
1.28730944601925e-05	2.57461889203851e-06	4.63431400566931e-05	0.000285782697016274	0.00128730944601925	0.00561524380353598	0.0218147458722423	0.0670302028542225	0.159634095163063	0.273038333500684	0.30559438939051	0.165638106419297	
2.30474932009895e-05	2.30474932009895e-05	4.86558189798667e-05	0.000294495746457088	0.00151345205353164	0.00622538399684505	0.0242536453451746	0.0717366030043688	0.164774211391608	0.274119201634835	0.298772336862161	0.158215919159637	
7.73108204224263e-06	7.73108204224263e-06	8.24648751172547e-05	0.000335013555163847	0.00190957726443393	0.0074888414715857	0.0270098236282483	0.0766511014214883	0.17235416602241	0.276667078991042	0.289371823813794	0.148114646792632	
5.16179651165792e-06	0.000116140421512303	0.000459399889537555	0.00215763094187301	0.00834404406109502	0.0299745523431975	0.082312588073153	0.178675586251039	0.275928994327186	0.282378659068502	0.139647242826393	
1.55056388840075e-05	0.000111123745335387	0.000522023175761585	0.0025635989621559	0.00960832756178997	0.0334094832487415	0.0880125905787738	0.179999793258148	0.276703294431408	0.274834864945885	0.134219394453116	
1.54966682163335e-05	0.000113642233586446	0.000718012294023452	0.00271191693785836	0.0109742238752002	0.0350663773955266	0.0912702102381321	0.183594193914975	0.276731752673175	0.269215868588254	0.129588305181053	
1.80964592984778e-05	0.000144771674387823	0.000672154202514891	0.00284372931833223	0.0117265056254136	0.0381628474520185	0.0944764435804103	0.189674160324289	0.275022232792852	0.262990672567836	0.124268386002647	
1.03489136227924e-05	3.36339692740755e-05	0.00019145490202166	0.000701138897944188	0.003290954532048	0.0133578602586194	0.0401744826836803	0.100506061876155	0.192280227883078	0.275819245874664	0.257136869557118	0.116497720651775	
5.18427505689742e-06	2.85135128129358e-05	0.000194410314633653	0.000842444696745831	0.00356159696408853	0.0144407981709878	0.0431253920608012	0.105502589545391	0.19932759952512	0.275080226656505	0.248194576211435	0.109696668066421	
3.61293119688669e-05	0.000214195206672568	0.00109420201962854	0.00404132161023182	0.0157472186881447	0.0465939091141351	0.110640856574373	0.203918998082566	0.272420173575537	0.240636701703497	0.104656294113245	
5.15703161260379e-06	5.15703161260379e-05	0.000353256665463359	0.0013640348615337	0.00506162652777062	0.0174952297457583	0.0499432726522614	0.114669176422051	0.20452529524006	0.272665153937394	0.23484864112217	0.099017585477799	
2.06241911450035e-05	9.02308362593905e-05	0.00040732777511382	0.00147462966686775	0.00578508561617349	0.0191083130958458	0.0534192330894523	0.118627769442167	0.20928140162003	0.26980051251115	0.227835439578854	0.0941494325769411	
1.80134277236946e-05	1.54400809060239e-05	0.000133814034518874	0.000393722063103611	0.00175244918283372	0.00653887426370114	0.021073137089905	0.057367620606332	0.123584980918633	0.211907390394726	0.266827758177453	0.220849770586131	0.0895370291740329	
5.14144104309556e-06	3.59900873016689e-05	9.51166592972678e-05	0.00043959320918467	0.0019049039064669	0.00675071208958447	0.0230028072268095	0.0605378975619287	0.127140124834189	0.213907083877469	0.265236660531214	0.215225863505023	0.0857181050704892	
2.55530314838901e-06	1.0221212593556e-05	2.81083346322791e-05	7.66590944516703e-05	0.000574943208387527	0.00229977283355011	0.00767613065776058	0.0246356776536184	0.0638340279499058	0.132372368995996	0.21762239263255	0.263835050071165	0.206823681527458	0.0802084105247826	
1.27741328918593e-05	5.10965315674372e-06	2.55482657837186e-05	0.000125186502340221	0.000648925950906452	0.00240664663682629	0.00866341692725898	0.027124593782574	0.0668930243015104	0.137219735524353	0.221710405297688	0.25895977681035	0.200060804872565	0.0761440513417949	
5.11401700922057e-06	5.11401700922057e-06	3.32411105599337e-05	0.000135521450744345	0.000685278279235557	0.00269252995535463	0.00989562291284181	0.0292700763522739	0.0708137935266773	0.140850256467953	0.2224622969096	0.257416603167622	0.194089730542444	0.0716448212906756	
3.83410100555689e-05	0.000138027636200048	0.000812829413178061	0.00323086911401594	0.010983421347252	0.0315163102656776	0.0733795811116848	0.143334031991739	0.224642533982915	0.256123059305874	0.187807047588862	0.0679939472325459	
5.12686425601509e-06	3.33246176640981e-05	0.000187130545344551	0.00103562657971505	0.00378362582093914	0.0117815340603227	0.0336014683339229	0.0770695869285469	0.148453481397173	0.22610240398665	0.251954616997606	0.181583278219543	0.0644087956483176	
2.56954472806508e-06	6.93777076577572e-05	0.000210702667701337	0.00106893060687507	0.00416009291473737	0.0127372332170186	0.035575346760061	0.0816781182710047	0.15230719421133	0.228257797283477	0.247477991849404	0.175941866620072	0.0605127783459327	
1.03083484737202e-05	8.24667877897612e-05	0.000283479583027304	0.00129369773345188	0.00444547527929182	0.0137899931707191	0.0378754493795663	0.0841779736363988	0.156741015630033	0.227742342829899	0.245377349981316	0.170590281804476	0.0575901658355561	
3.85001373171564e-05	0.000130900466878332	0.000331101180927545	0.00147327192133652	0.00486128400524629	0.0151767541304231	0.0397526751178746	0.0872438778364976	0.158602599015936	0.229045016927227	0.24220179718641	0.16592532513366	0.0552168969402658	
2.55775408729103e-06	2.30197867856193e-05	0.000166254015673917	0.000324834769085961	0.00150907491150171	0.00540197663235866	0.0161598903235047	0.0415635039184793	0.0909204845409343	0.162708968508932	0.230617339526509	0.239134660637188	0.159238096212478	0.0522293384624829	
2.5610358877959e-06	0.000130612830277591	0.000460986459803261	0.00175430958314019	0.00574696453221399	0.0171743066635593	0.0441266483467233	0.0937134252062274	0.168557137991175	0.230567499942377	0.232649622119155	0.154691689694648	0.0504242355948134	
1.0284732828353e-05	0.000167126908460735	0.000455099427654618	0.00177925877930506	0.00593943320837383	0.0186050816864905	0.0452939633760664	0.0982371967932203	0.172055866668724	0.230923106195009	0.229411250469241	0.149357461316549	0.0477648704380782	
5.14944991001336e-06	3.60461493700935e-05	0.000139035147570361	0.000427404342531109	0.00199541184013018	0.00660159478463713	0.0197455656799462	0.0482168742324101	0.102353041136381	0.174579225574228	0.231387956981495	0.225229214889119	0.14439315020173	0.0448903295905415	
2.56950511331518e-06	5.9098617606249e-05	0.00021326892440516	0.00059098617606249	0.002217482912791	0.00725628244000206	0.0216095380029806	0.0518320571457937	0.105745413433373	0.177172516573308	0.230577110848451	0.220645973585487	0.139025643661031	0.0430520581735958	
1.54073313218206e-05	6.67651023945561e-05	0.000210566861398215	0.000734416126340117	0.00240354368620402	0.0083379341336586	0.0228182576876164	0.0554432817615715	0.109926173204083	0.180486614880914	0.228323810746614	0.216110932785517	0.134125954933556	0.0409963407588111	
1.54834713942866e-05	7.22561998400041e-05	0.000209026863822869	0.000913524812262909	0.00313282237877732	0.00937524192924054	0.0240458310753271	0.0584681685633919	0.112920956878532	0.181249516141519	0.229436659699105	0.210015225413538	0.129968258883642	0.040177027689608	
3.35046365262393e-05	6.44319933196909e-05	0.0002293778962181	0.00112884852296099	0.00351025499605676	0.00993541336989634	0.0270176234388128	0.0616485312082803	0.116315211620439	0.184105400431952	0.226803193765045	0.204818997644366	0.125585686819276	0.0388035236568507	
1.80105541847523e-05	5.66045988663643e-05	0.000339627593198186	0.00126588466555687	0.00358924615538992	0.0111999917666038	0.0279806823941687	0.0631835970164231	0.119762466519666	0.18463133682052	0.224352327606835	0.204067297722179	0.122981209846113	0.0365717167402955	
7.75229855652201e-06	2.3256895669566e-05	8.26911846029014e-05	0.000392783126863782	0.00128171336134497	0.00397176096045811	0.01143464037087	0.0290917923831083	0.0660185745073414	0.121739512432103	0.185923376281067	0.225731429368808	0.201032606167729	0.118641177109013	0.034626933552465	
1.54536814532642e-05	2.06049086043523e-05	0.00015968804168373	0.000419825012813678	0.00150415832811772	0.00418022083310797	0.012314008504676	0.0320818426969765	0.0681275546867152	0.124963619458245	0.18871005545296	0.224212312978259	0.196091763960469	0.114164071735989	0.0330348197199278	
5.13311449155218e-06	7.69967173732826e-06	1.53993434746565e-05	9.49626180937153e-05	0.000515878006400994	0.00146037107284659	0.00457617156921877	0.0135077907845196	0.0340043169492874	0.0718148382940607	0.127758086580242	0.192835712104141	0.221019077220008	0.190882562040105	0.110025742569175	0.0314762580621979	
2.57024479011381e-05	0.00010795028118478	0.000480635775751283	0.00168094009273443	0.00490916754911738	0.0143933708246373	0.0357392538065325	0.074863520001645	0.131781590878715	0.19263984701903	0.219647979273546	0.187812927303196	0.107012141836388	0.0289049729096199	
5.15032511427284e-06	3.60522757999099e-05	0.000105581664842593	0.000473829910513101	0.00182321509045258	0.00563703083757162	0.0152913152642761	0.0378368634520054	0.0779192686538338	0.134387433206721	0.192390394643662	0.219975535955707	0.185355050537565	0.101955835962145	0.0268074422197901	
3.0686612965094e-05	3.58010484592763e-05	0.000112517580872011	0.000519115202659506	0.00210459020585603	0.0060503771896177	0.0169441247922261	0.039887482419128	0.081457614115842	0.136793248945148	0.19427694668201	0.218491241529216	0.180490985807441	0.0973890806802199	0.0254161871883391	
7.65618619844835e-06	2.2968558595345e-05	6.63536137198857e-05	0.000191404654961209	0.000581870151082074	0.00213352388730094	0.00690587995100041	0.0177291751735402	0.0421422008983258	0.0837995100040833	0.140023989383422	0.197940485912617	0.215945283789302	0.175569109840751	0.0923233973050225	0.0246171906900776	
1.27493778303619e-05	1.78491289625066e-05	5.35473868875199e-05	0.000183591040757211	0.000752213291991351	0.00247082942352413	0.00707590469585084	0.0193331565419608	0.0435238260372894	0.0859894537146587	0.144475949573661	0.199741952592713	0.21365662355677	0.170329137938069	0.089380788217535	0.0230024274815389	
3.06101365467174e-05	1.78559129855852e-05	6.37711178056613e-05	0.000318855589028307	0.000831575376185824	0.00270899708438449	0.00807597435890895	0.0202103426549702	0.0461141707076298	0.0885627775637902	0.147676052924926	0.198960785864239	0.211401255525767	0.167197667507595	0.0867440252839728	0.0210852823912639	
7.67575561417559e-05	0.000414490803165482	0.0010259926670948	0.0029858689339143	0.0089166694384673	0.0212669602216758	0.0476075949043217	0.0928177954718159	0.151685723862133	0.197832366614557	0.208335358879954	0.16269787458327	0.0834303463556792	0.0209061997078096	
1.03077375031567e-05	7.47310968978864e-05	0.000314385993846281	0.00106427389720093	0.00318509088847543	0.00932334857160528	0.0224657138881301	0.0501883739028702	0.096848924645285	0.152196321168485	0.199431528276701	0.20755917929794	0.157801153435827	0.0799416582057321	0.019595008993501	
2.07051126099312e-05	8.54085895159662e-05	0.000326105523606417	0.00116725072338487	0.00326881965329289	0.0098271640724886	0.0242793326742206	0.052373582346821	0.0989833789708524	0.155171878316053	0.20093794160123	0.205697529362438	0.153386062353447	0.0761119939541071	0.0183628467459327	
1.28933769301385e-05	7.47815861948034e-05	0.000366171904815934	0.00127644431608371	0.00356372938349029	0.010608670538118	0.0260678294773541	0.054260487472795	0.100805578190595	0.158797408946972	0.199911809301798	0.20291596612652	0.150733891014863	0.0734870911510176	0.0171172472124519	
2.58571650204272e-05	0.000129285825102136	0.000493871851890159	0.00132388684904587	0.00381651755701505	0.0118115529813311	0.0268242229921911	0.0566271913947355	0.103863060454052	0.160570409060351	0.199467342400579	0.199953457102963	0.147210011894296	0.0707245177638724	0.0171588147075555	
2.57865543748179e-06	1.28932771874089e-05	0.00017276991431128	0.00056214688537103	0.00145436166673973	0.00422641626203265	0.0117354608959796	0.0281640746881761	0.0588449170833344	0.10693684099237	0.161911196264044	0.200730275219895	0.197664253904729	0.143695574253673	0.0677773795187713	0.0161088605179487	
7.74721358551374e-06	2.84064498135504e-05	0.000178185912466816	0.000537140141928953	0.00166823332541396	0.00431003315807415	0.0125298267723042	0.0299868813849952	0.0616006776229483	0.110583726719623	0.163729611916247	0.201448212459585	0.194385336074125	0.137869412967803	0.0655646685742028	0.0155718993068826	
7.73923923278342e-06	1.54784784655668e-05	5.93341674513395e-05	0.000170263263121235	0.000575283449636901	0.00172069085608885	0.00489377894153005	0.0140518787003238	0.0316431694764405	0.0648135488281502	0.11296967508094	0.165867375237014	0.20091838972229	0.190816102777097	0.133948172894604	0.0630361035510209	0.0144930153365924	
2.58474072465791e-06	4.13558515945266e-05	2.06779257972633e-05	5.16948144931582e-05	0.000157669184204132	0.000573812440874056	0.00186359806247835	0.00585443774135016	0.0151439959057707	0.0337644680862063	0.0680613927616921	0.116212527721344	0.16739556355102	0.200736134158383	0.186189213360008	0.130265763041309	0.0599297984419183	0.0137353122108321	
7.78432237473728e-06	1.55686447494746e-05	1.55686447494746e-05	9.08170943719349e-05	0.00019201328524352	0.000651288305353019	0.0023586496795454	0.00654661511715405	0.0162458807960767	0.035672954669296	0.0712265497288461	0.118791354212616	0.169449129453281	0.197073094787099	0.183165105477568	0.126848127870469	0.058133319494538	0.0135161784166688	
1.30700160761198e-05	5.22800643044791e-06	3.65960450131354e-05	0.000177752218635229	0.000818183006365098	0.00249637307053888	0.00689312647854557	0.016912600802499	0.0375240161545399	0.0738638888525833	0.12045849616395	0.169823946883455	0.197150736495406	0.179921841303865	0.124531113173269	0.0565435035485094	0.0128295277803192	
5.22576616264152e-06	2.61288308132076e-05	7.05478431956605e-05	0.000256062541969434	0.00085963853375453	0.00250314199190529	0.0070234297225902	0.01827973003692	0.0391775689213235	0.075081195341752	0.122444926956853	0.171467839328594	0.195320848977971	0.176599541700308	0.123166082687298	0.0556178292689937	0.0121002615495964	
1.82977833542451e-05	0.000112400669176077	0.000274466750313676	0.000870451693851945	0.00255123379339189	0.00724069427017984	0.0189068381430364	0.0411203471350899	0.076288686741949	0.12284347553325	0.171648891677123	0.195373274780427	0.17814460476788	0.119667503136763	0.0532700752823087	0.0116687578419072	
1.30137503285972e-05	2.3424750591475e-05	8.06852520373026e-05	0.000346165758740685	0.000936990023658998	0.00272768206887397	0.00762085219242652	0.0201947377599171	0.0425289360738556	0.0780356524704002	0.125814335426812	0.172911097866005	0.195227076929484	0.17453781665708	0.116756765198108	0.0514719852996676	0.0107727825220128	
1.5544726063065e-05	4.14526028348399e-05	0.00015544726063065	0.000341983973387429	0.00107517688602866	0.00315817017847936	0.00872836368441097	0.0216589849812038	0.0433646041405969	0.0807859413497486	0.130008316428444	0.173769311083649	0.194762463631818	0.17120702207092	0.111929800017099	0.0489684778863318	0.0100289390983541	
1.03784232580465e-05	3.11352697741396e-05	0.000140108713983628	0.000451461411725024	0.00104043693161916	0.00346120415655851	0.00946771661715294	0.0222279880129211	0.0454548992644292	0.0836215507958953	0.131515379525966	0.174053941854884	0.192527535254207	0.169700193298133	0.109679176991036	0.0471206361973457	0.00949625728111257	
5.97022673882854e-05	0.000153149294604732	0.000488001142130333	0.00116549208944957	0.00390920063855469	0.0101571727082766	0.0231255434853145	0.0481407935210061	0.0853716466144921	0.132507884592921	0.174172279977677	0.191953172656362	0.167625796571013	0.106898207634103	0.0453503614582928	0.00892159534841465	
3.88037075649121e-05	0.000152627916421988	0.000421666955538712	0.00145125866292771	0.00428134240132864	0.0110228398622727	0.0244049451444921	0.0500800649832756	0.0862839241413386	0.1333269522792	0.175897206391747	0.193216594534886	0.165068385067299	0.103168710759751	0.042702186718267	0.00848249047368979	
3.87305669380388e-05	0.000154922267752155	0.000573212390682975	0.00171447309645719	0.00429909293012231	0.0114461735490884	0.0254718028562502	0.0515116540275917	0.0889357098409207	0.135507925565014	0.179663353912175	0.191094035234488	0.160063105003731	0.100229543160053	0.0407677947589797	0.00852847083975615	
4.37759597879184e-05	0.000177678895609786	0.000527886573913133	0.00164288602027599	0.00464797690689368	0.0116392551906701	0.0268320882935358	0.052211844744696	0.0923209241362617	0.139328579779112	0.180629910310784	0.189567931276893	0.15717887114675	0.0944762463917021	0.0404155111100811	0.00835863326303429	
7.69220907424264e-06	4.871732413687e-05	0.000184613017781823	0.000679478468224766	0.00177433622645864	0.004871732413687	0.0121690747554519	0.0285150190382175	0.0542121254855707	0.0958551813438289	0.141877668235023	0.180743836617479	0.188274509301163	0.152713426750939	0.0924398405148652	0.0378995141087935	0.00773323418930527	
2.53533624897002e-05	3.29593712366103e-05	0.000253533624897002	0.000720035494707486	0.00202573366292705	0.00524814603536794	0.0130569816821956	0.0291335488369145	0.0562515053558978	0.0971591557330291	0.143591303796666	0.18146415668378	0.186093680674399	0.149838372314128	0.09107688407175	0.036782658300057	0.00724599099955632	
2.52450027517053e-06	1.26225013758526e-05	3.02940033020464e-05	0.000260023528342565	0.000696762075947066	0.00219379073912319	0.00595277164885211	0.0138898005139883	0.030200596791865	0.0592020559530241	0.0984226922280735	0.146075159422192	0.181140468244311	0.183778571031864	0.147478781575187	0.0880293245951964	0.0355979783801796	0.00703578226690027	
2.51541319434837e-06	1.00616527773935e-05	5.78545034700125e-05	0.000342096194431378	0.000742046892332769	0.00245001245129531	0.00668093744418927	0.0152031573466415	0.0320413332696095	0.0613308045046019	0.101657908836395	0.147793102233938	0.18090600152434	0.181233005239606	0.143874088477144	0.0851744061738301	0.0339304085785652	0.00657025926363794	
7.47978587866291e-06	3.98921913528689e-05	0.000284231863389191	0.000987331735983505	0.00255559350854316	0.00674676686255395	0.0163956906460291	0.0335169205222885	0.0633787190118704	0.102550357658428	0.149206768707568	0.180078338290769	0.181093095908308	0.141677117589714	0.082664100269023	0.0322802625903496	0.00653733285795139	
9.92299753909661e-06	7.69032309279987e-05	0.000267920933555608	0.00106176073668334	0.00277595856156228	0.0071792887195364	0.0163183694530444	0.0343286099865047	0.0653379772961816	0.105191216162578	0.150633583392871	0.181613181709931	0.17997588711598	0.137453361911566	0.0804928752877669	0.0310986742875288	0.00618450821624196	
