# <P(N_1)> as a function of N_tot.
# number_of_species: 2
# species_total_upper_bound: 100
# species_total_lower_bound: 0
# volume: 512
# Bin widths for each species index 
1	1	1	1	1	1	1	1	1	1	1	1	1	1	1	1	1	1	1	1	1	1	1	1	1	1	1	1	1	1	1	1	1	1	1	1	1	1	1	1	1	1	1	1	1	1	1	1	1	1	1	1	1	1	1	1	1	1	1	1	1	1	1	1	1	1	1	1	1	1	1	1	1	1	1	1	1	1	1	1	1	1	1	1	1	1	1	1	1	1	1	1	1	1	1	1	1	1	1	1	1	
# Bin lower bound for each species index 
0	0	0	0	0	0	0	0	0	0	0	0	0	0	0	0	0	0	0	0	0	0	0	0	0	0	0	0	0	0	0	0	0	0	0	0	0	0	0	0	0	0	0	0	0	0	0	0	0	0	0	0	0	0	0	0	0	0	0	0	0	0	0	0	0	0	0	0	0	0	0	0	0	0	0	0	0	0	0	0	0	0	0	0	0	0	0	0	0	0	0	0	0	0	0	0	0	0	0	0	0	
# Bin upper bound for each species index 
0	1	2	3	4	4	4	4	4	4	5	5	5	5	6	6	6	6	6	6	7	7	7	7	7	7	7	7	7	8	8	9	9	9	9	11	11	11	10	9	10	10	11	11	10	10	10	10	11	11	10	10	10	10	10	11	11	11	11	11	11	11	11	12	12	12	12	12	12	13	13	14	15	15	15	13	14	14	13	12	13	13	14	15	15	15	15	15	16	16	16	15	15	15	15	15	14	14	15	15	15	
# Normalized histogram for each species index 
1	
0.949371857944086	0.0506281420559138	
0.903435014991527	0.0943705731543041	0.00219441185416938	
0.855157223150539	0.137724875762245	0.00699854603849743	0.000119355048718561	
0.814786560446387	0.171830556130734	0.0129905513355638	0.000283350951950217	0.000108981135365468	
0.774863543698897	0.203719941252548	0.0204520046471865	0.000865867292137048	9.8643109230803e-05	
0.731834604576475	0.233027788929033	0.0329073553682145	0.00219679735938267	3.34537668941523e-05	
0.692903488806604	0.26043188277791	0.0426334205251894	0.00385003000758682	0.000181177882709968	
0.661626855592817	0.280859781849813	0.0519852124846917	0.00510466859713177	0.000423481475546806	
0.629459740794546	0.301346358426465	0.0609350156140973	0.00745816222646732	0.000800722938424406	
0.592721783185993	0.31893091183568	0.0766820297578884	0.0103157629890552	0.00132663914271664	2.28730886675282e-05	
0.567115285493385	0.328892961456961	0.0881163736326671	0.0140427237844339	0.00162648187389038	0.000206173758662161	
0.542031874792333	0.3400130615612	0.0975836111779466	0.0177591402284627	0.00233733200426219	0.000274980235795552	
0.515269212860436	0.353809637377489	0.106140619853952	0.0218959036035115	0.00239628405619343	0.000488342248418566	
0.488813135617294	0.364649735810465	0.117561502187376	0.0250894835520709	0.00349980114766206	0.000374978694392364	1.13629907391625e-05	
0.465538783642319	0.365999167032497	0.134276612748905	0.0292101441934286	0.0043561949143957	0.000585328515629397	3.37689528247729e-05	
0.446303315955046	0.36885692370969	0.143165219711202	0.0349714870107493	0.00596938605364666	0.000678086683933792	5.5580875732278e-05	
0.415341254490191	0.378314451505941	0.156982591876209	0.0402321083172147	0.00801326333241227	0.00101685548494059	9.94749930920144e-05	
0.39676239396062	0.374681742881603	0.169474000200127	0.0473855664142846	0.0100841644152408	0.00146759614422468	0.000144535983900915	
0.37845816652875	0.374577863261244	0.179589828461521	0.0539999552702793	0.0113501666182095	0.00178918882651578	0.000234831033480196	
0.357268717522811	0.373991313228808	0.189649947812034	0.0628051312555415	0.0136025409366898	0.00222219728173646	0.000426482306595886	3.36696557838857e-05	
0.332855843565257	0.381389267849022	0.197862664847658	0.0681787175989086	0.0162232833105957	0.00294452023647112	0.000522964984083674	2.2737608003638e-05	
0.320103755394362	0.375263979432559	0.208417500688642	0.0739716279496832	0.0178128730144156	0.00383344045542191	0.000585345698282986	1.14773666329997e-05	
0.314776989210086	0.366949397034216	0.213536437597369	0.0791414228838497	0.0210028273036755	0.00398130517569673	0.000600080780105014	1.15400150020195e-05	
0.296402779203888	0.371815495544831	0.219244503770636	0.0837297920160637	0.0232969389967028	0.00495145520302107	0.000536217498944678	2.28177659125395e-05	
0.281628559515895	0.366493503566559	0.22745968605267	0.0914909680981733	0.0265153649384163	0.00562310544167859	0.00074373739308775	4.50749935204697e-05	
0.266167161282315	0.360580449329166	0.236456370386252	0.098035454350549	0.0310535877500818	0.00662371221268097	0.000970424617190057	0.000112840071766286	
0.253815542541886	0.355031994030796	0.244352997038008	0.105806407850408	0.0323444954439596	0.00717887263436362	0.00132272141452054	0.000146969046057838	
0.236500177440958	0.35242063810058	0.247719025105034	0.115176353416597	0.0374801094410037	0.00856295719666182	0.00190033542064955	0.000240403878515907	
0.221106573970178	0.346478188948142	0.254201996599072	0.120941154695941	0.0433444769627633	0.0112670190984071	0.00227885293879487	0.000370169005286476	1.15677814152024e-05	
0.213057580302026	0.338448482312047	0.257884885897302	0.127611341680326	0.0467687371394692	0.0121484788244458	0.00337134819051605	0.000662644299515223	4.65013543519455e-05	
0.199638955748935	0.332947602295871	0.260183299389002	0.136305776708017	0.0511826513608591	0.0147889279763007	0.00365673023514164	0.00109933345676727	0.000173578966857989	2.31438622477319e-05	
0.189246988648186	0.326231706471227	0.263369014866021	0.142186669132777	0.0564238318729337	0.0174901162925115	0.00381476429380621	0.000959471019351259	0.000265877511386493	1.15598917994128e-05	
0.183237080840567	0.321079872278129	0.26563382554668	0.14649975216424	0.0583970213599843	0.018881626724764	0.00476075203744049	0.0010605065071296	0.000368871828566818	8.06907124989914e-05	
0.173199856658999	0.313072930514294	0.271087888841365	0.152080178482666	0.0628619649276937	0.0203336146207821	0.00535216803264476	0.00151432832025154	0.000404591535945068	9.24780653588727e-05	
0.163752541388324	0.303189079291316	0.277513796108045	0.159279697937845	0.0668951495788556	0.0210281731048504	0.00618065640429858	0.00162648852744699	0.000395004356665699	0.0001161777519605	1.161777519605e-05	1.161777519605e-05	
0.155993164618765	0.293363402810876	0.277402555130605	0.167013473140904	0.0731083547423363	0.0238192111412064	0.00683538123525104	0.0017553445008893	0.000488241516803646	9.29983841530753e-05	6.97487881148065e-05	5.81239900956721e-05	
0.147848803983999	0.286554004408523	0.270739302333718	0.176900738252685	0.0802281235786012	0.0274191479187805	0.00751081720956813	0.00220426157237326	0.000431522106760902	0.000116627596421865	3.49882789265596e-05	1.16627596421865e-05	
0.141002942935197	0.278312560822615	0.270961085251322	0.180562557891405	0.0858961882540539	0.031715696045211	0.00823083867790688	0.00249739122278371	0.000633141436762068	0.000164147779901277	2.34496828430395e-05	
0.139779713722791	0.273102760699789	0.272544923683149	0.178282336743656	0.0894556934982315	0.0329479905998528	0.0103852636076625	0.00249246326583901	0.000854558834001946	0.000154295345028129	
0.13338554831666	0.269286909466339	0.274947488340632	0.179939952769174	0.0908422039469781	0.036194477078809	0.0118195734985226	0.00245647762469294	0.00103243262487095	7.12022499910997e-05	2.37340833303666e-05	
0.124758598628011	0.263260784569269	0.273912064737035	0.18931791523998	0.0944279231780861	0.0380318235133822	0.0126298828240702	0.00266578202196604	0.000758266886248119	0.000165870881366776	7.10875205857612e-05	
0.118365592424984	0.259023988346129	0.275036119834267	0.189697787436268	0.0989026734647578	0.04035869085004	0.0145553976763902	0.00320003820941146	0.000573141171834888	0.000155225734038615	8.35830875592544e-05	4.7761764319574e-05	
0.112043353219404	0.249281011575119	0.271480521949944	0.200948351674471	0.103890856368693	0.0430917690680484	0.01510469897559	0.00344639079694816	0.000451596035462173	0.000190145699141968	4.75364247854919e-05	2.37682123927459e-05	
0.105377589242458	0.24346264282929	0.27163265547271	0.203499982275579	0.109808694419171	0.0456462914603741	0.0154793274173156	0.00417114700634534	0.000697160547802763	0.000177244207068499	4.72651218849331e-05	
0.0987635367337057	0.235294117647059	0.274950694993918	0.204601013262161	0.112651605512713	0.0498482468675083	0.0173837051383493	0.00492459581704595	0.00127543488786802	0.000248001228196559	5.90479114753711e-05	
0.0949974018612122	0.225329491237186	0.269745854787661	0.210909820964618	0.118073598186027	0.0535098493079503	0.0201355756058387	0.00563323728092966	0.00126364022863621	0.000318862487599792	8.26680523406869e-05	
0.0904144436985479	0.222320366510028	0.261668374377274	0.210707934376803	0.126288143777456	0.0586628037074986	0.0215642629167697	0.00654818688242707	0.00154282820431285	0.000211991661661308	7.0663887220436e-05	
0.0890092423618061	0.22176958850886	0.260045917466298	0.207723553305469	0.126743980691117	0.061376346618002	0.0245599576146465	0.00679343027020663	0.00167186672161064	0.000223700476835227	5.8868546535586e-05	2.35474186142344e-05	
0.0815958605026867	0.211130752391098	0.265754322707531	0.21251214572529	0.129886093583545	0.0633216656325728	0.0253684691118109	0.00751571627585722	0.00239987825007902	0.00037461514147575	8.19470621978202e-05	5.85336158555859e-05	
0.0767275765099013	0.203896974902634	0.26109261198508	0.219969643130287	0.13458212239231	0.0650672439962819	0.0266975726270459	0.00878937274235489	0.00260033651413712	0.000458882914259492	0.000117662285707562	
0.0738707819607198	0.194920134930243	0.25941161951552	0.221718127431506	0.139137997907876	0.0692281472949307	0.0280556175879456	0.00975540955089856	0.00310292544751472	0.000705210328980619	9.40280438640825e-05	
0.0689242082789705	0.19007235203416	0.253742142094651	0.226212786146365	0.142877475981497	0.0721741193215514	0.0305301862175305	0.0113035227137943	0.00321432807496145	0.000865852212074487	8.30269244454987e-05	
0.0627367424242424	0.186067708333333	0.25172821969697	0.223319128787879	0.148023200757576	0.0777698863636364	0.0337121212121212	0.0115175189393939	0.00420217803030303	0.000793087121212121	0.000130208333333333	
0.0592609256781557	0.176089607729377	0.250091762672129	0.228696259635081	0.150017168499947	0.0815799756088897	0.0350474205808873	0.0131191020282511	0.00478349929549949	0.00112483275512983	0.000189445516653445	
0.0573392290685379	0.171344804383351	0.24484523695088	0.229236758627319	0.153597519946169	0.0845549360761319	0.0384504469864462	0.0138782082091704	0.00496251081418821	0.00146592329135826	0.000264346823031818	6.00788234163222e-05	
0.0545216474097065	0.169020744171385	0.242552830348808	0.229798377808222	0.156387531673961	0.0858258265539942	0.0392575259756792	0.0156157175591955	0.00511632982141342	0.00144275651362132	0.000266728094955202	0.000193984069058329	
0.0537399168907358	0.161170862869714	0.239855780982645	0.231777071620631	0.161366414079687	0.0884135908090931	0.0401368858469812	0.0165729650452212	0.00486433634808115	0.00163774138352481	0.000195551209973112	0.000268882913713029	
0.0517938103686182	0.158128819239109	0.233688152966686	0.228156416321703	0.169266213286024	0.0910826926867731	0.043724127735068	0.016225606150207	0.00551941651882515	0.00183569879755569	0.000492805046323674	8.6240883106643e-05	
0.050094657389423	0.150763405699112	0.233508715855727	0.230251026479483	0.172055171735549	0.0937722813660168	0.04309984510609	0.0180094903252772	0.00601135888673076	0.00167187077422369	0.000540899368131193	0.000221277014235488	
0.0447889214857541	0.147419322758689	0.226057878772811	0.233056536223957	0.172057580428621	0.102108298940878	0.045708816070807	0.0192432002386754	0.00692407140370941	0.00201382328079161	0.00048480930833872	0.000136741086967331	
0.0435637442809447	0.139643872882404	0.223543959441078	0.230295536045505	0.173908742426116	0.106096203783851	0.0508099418820329	0.0213057994311859	0.00720910102633857	0.00267095338197106	0.000803759119574626	0.000148386298998392	
0.0404927611745878	0.132544319972211	0.217834679370278	0.22887590407781	0.178135893904996	0.1108588584118	0.0568188866971851	0.0224670313992581	0.00828712146587765	0.00254320344386964	0.000930440284342551	0.000210899797784312	
0.0406711745554721	0.129526671675432	0.207500626095667	0.229727022289006	0.182331580265465	0.111207112446782	0.0603556223390934	0.024931129476584	0.00920360631104433	0.00315552216378663	0.00106436263461057	0.000313047833708991	1.25219133483596e-05	
0.0392291552180646	0.123982115202078	0.2049258130589	0.225583254233901	0.186753759304591	0.115864015586751	0.0606734275865514	0.02717689963531	0.0109032322525853	0.00369685767097967	0.000974171953839237	0.000174851376330119	6.24469201178998e-05	
0.036399183104204	0.119047619047619	0.20287905957362	0.222990137477585	0.1874252839211	0.121886830045826	0.0643180912532377	0.0284543733811516	0.011655708308428	0.00381052002390915	0.000933950986252241	0.000186790197250448	1.24526798166966e-05	
0.0353949940104659	0.116196961099552	0.19779332955047	0.224966899943257	0.188247903663073	0.123775297900511	0.0675367253010529	0.0293171931151882	0.0117142677006494	0.00383330180946977	0.000958325452367442	0.000189143181388311	7.56572725553244e-05	
0.0341556456604393	0.113064787095633	0.193363396364647	0.223211691740245	0.184875011052585	0.127932092917504	0.0714691727613778	0.0328293354554297	0.0133388912046686	0.003941036037743	0.00132631020500966	0.000290525092525926	0.000202104412191949	
0.0323084480608633	0.106598984771574	0.191759771258707	0.220982227204595	0.193044551649431	0.12763411469814	0.0728168180272323	0.0351425224521671	0.0133894270131375	0.00458490257082037	0.00122180095980653	0.00046604778879218	5.03835447342898e-05	
0.0282527881040892	0.107151408228845	0.184210194694726	0.220754835864155	0.193069119778212	0.133198916262365	0.0744628567828114	0.0378804108121731	0.0141515972528511	0.00454917774557369	0.00151219204839015	0.000642681620565812	8.82112028227585e-05	7.56096024195073e-05	
0.0271068305664681	0.101241921176023	0.179597009251045	0.221391458623749	0.194132556076543	0.137713851222912	0.0759852997085287	0.0395513876568242	0.0152832340641237	0.00538588265112153	0.00201495374477253	0.000494233937397035	5.06906602458497e-05	5.06906602458497e-05	
0.025112481674334	0.0939537940447905	0.177999090035893	0.220501996865679	0.194719680501491	0.138049138061776	0.083173247055255	0.0414665588190688	0.0164678226581063	0.00562408371669784	0.00230018704817754	0.000543450786107881	6.31919518730094e-05	0	2.52767807492038e-05	
0.0230611935777037	0.0904271432899122	0.168837725941634	0.217383621124912	0.202994042209431	0.141712107442189	0.0838760981520751	0.0434590528122791	0.0182520448348985	0.00698020801777239	0.00224679390083813	0.000555387256386953	0.00012622437645158	1.2622437645158e-05	5.04897505806321e-05	2.52448752903161e-05	
0.0219019662423767	0.0887213098160285	0.167611407748564	0.210744742768935	0.203165726143179	0.14786041450515	0.0859376976997242	0.0430321127615963	0.0191689652554597	0.00769289166687755	0.00287218159273224	0.000948958676012855	0.000202444517549409	5.06111293873523e-05	3.79583470405142e-05	5.06111293873523e-05	
0.0215780876039965	0.0865149615671972	0.162620775240917	0.209309982398156	0.198166369081538	0.151945700211475	0.0912383340298092	0.0454862034469222	0.0202991047119756	0.00820575162405501	0.00305183046511922	0.00105104534690828	0.000265927135964746	7.5979181704213e-05	3.79895908521065e-05	0.000151958363408426	
0.0212160511703454	0.0846627466287254	0.159491822062175	0.205650898377004	0.196648241648934	0.153208849044963	0.0947356492615303	0.0485010261769557	0.0222988882033719	0.00897747447148739	0.0032736933556616	0.000881378980370431	0.000365142720439179	8.81378980370431e-05	
0.02017792920689	0.0806738595494984	0.156350558394851	0.206713357309609	0.197211180516121	0.153347214335289	0.0960565335352388	0.0513975645151114	0.0236607987885671	0.00946431951542684	0.00333144046943025	0.00114833743453846	0.000353334595242602	6.30954634361789e-05	5.04763707489432e-05	
0.0191501187408418	0.077408923247941	0.151925117477641	0.206154312566318	0.197476125511596	0.153188317922288	0.100942347531706	0.0538502349552827	0.0261229851952908	0.00924662725481279	0.00322116113384872	0.00108635238239604	0.000202112071143449	1.26320044464656e-05	1.26320044464656e-05	
0.0170139721566598	0.0736220323366444	0.150550934632521	0.2034734756213	0.197945196834492	0.156722917113683	0.101679940425854	0.0573906019260624	0.0257481477741736	0.0109429628040238	0.00355930278054753	0.00112332605485365	0.000189324615986571	3.78649231973141e-05	
0.017139205933573	0.0713256574413972	0.149228861019582	0.200959695303006	0.198015460365586	0.158349724995928	0.104100630191563	0.0569302278963128	0.0264981144367741	0.0118145257276019	0.00399664231930541	0.00114010799704324	0.000501146372326697	
0.0163511404259604	0.067582196264035	0.145234378933588	0.198504607018781	0.200996928654146	0.1593071849353	0.105281707869694	0.0595262071396204	0.0295176476511757	0.0117567091284427	0.00406575701122803	0.00132168571572428	0.000516086803282816	3.77624490206938e-05	
0.0150090944936975	0.0645263867512942	0.137905595339549	0.194037064831656	0.201109146643941	0.163141225403528	0.110316844528676	0.0630254773019245	0.0312901461478777	0.0133682697566746	0.00382859105305333	0.00194609445553874	0.000394306719749679	0.000101756572838627	
0.0142092945503176	0.062250855129491	0.134673250520793	0.190404546974256	0.201913432605509	0.164467762261142	0.111436874726744	0.0663914821387239	0.0323920479386879	0.0144793354422241	0.00484787696422601	0.00168454080189286	0.000707249954993185	0.000115731810817067	2.57181801815704e-05	
0.0137837313143079	0.0579952112858345	0.129761211415259	0.185387950559762	0.202394357082767	0.166660195431308	0.116469293988222	0.0686209797450333	0.0347764188183524	0.0150132660324856	0.00625121335662978	0.00210962272697858	0.00059535365301236	0.00016825211932958	0	1.294247071766e-05	
0.0129610776098363	0.0570130785496123	0.127417965384917	0.181559506095492	0.193633017464171	0.172709948573368	0.118790299423082	0.069425953481087	0.0374083065758216	0.0173858563708983	0.00771399483123189	0.00280627561542277	0.000913671130602762	0.000247996449735035	0	1.30524447228966e-05	
0.0136161264781091	0.0542698043898703	0.125842084085098	0.181708440960008	0.196116353629885	0.169234563414286	0.119274152723874	0.0716891006087668	0.0383302397424748	0.0172765151023481	0.00838514557183837	0.00301138354901935	0.000947547409820745	0.000272582131592269	1.29801015043938e-05	1.29801015043938e-05	
0.0116163854919037	0.0562175692941514	0.122239315793591	0.180907929389064	0.196813642408281	0.168796120049021	0.12187426664233	0.0715757085864775	0.0397382076086673	0.0175093217908268	0.00790070663085708	0.00346796693697687	0.000925660347839691	0.000286824333133425	5.21498787515319e-05	7.82248181272979e-05	
0.0108089124751239	0.0536543489288641	0.117948517839258	0.179823363379769	0.197786189045408	0.170354183738505	0.123190385140672	0.0743486687217908	0.0411805257475839	0.0184570960315292	0.00764818355640535	0.00309569334425931	0.00128770437429274	0.000351192102079838	2.60142297836917e-05	3.90213446755375e-05	
0.00935099920995713	0.0521557809120462	0.112989081866573	0.173420885625105	0.196979704964319	0.172151636424862	0.127080338293766	0.0794834932846356	0.0429083938817008	0.0204893085182163	0.00792633174029607	0.00326378365776897	0.00133400681250081	0.000336739583738068	5.18060898058567e-05	1.29515224514642e-05	6.47576122573208e-05	
0.00984435449890831	0.047446979660108	0.110356363079202	0.171235587788404	0.196363589933477	0.172474112284375	0.131053767285078	0.0804402507692897	0.0431696012461855	0.0227914043846321	0.00892503734725929	0.00384325642564384	0.00132790255238193	0.000344743931868384	0.000242597581685159	6.38414688645156e-05	7.66097626374188e-05	
0.00941327348509137	0.0458865020840013	0.109124719461366	0.168130811157422	0.194947098428984	0.175825585123437	0.129579993587688	0.0825136261622315	0.0467842257133697	0.0223789676178262	0.00963129208079513	0.0039628085924976	0.00110291760179545	0.000436037191407502	0.000179544725873677	6.41231163834562e-05	3.84738698300737e-05	
0.00903838746950828	0.0460264475542432	0.104159712414944	0.167800744639877	0.193208370779304	0.173513929901143	0.130709975606625	0.0853768134548723	0.0483759147515727	0.0249069200154063	0.0107972782128643	0.00405700346642701	0.0011811529079471	0.000616253691102837	0.000115547567081782	0.000115547567081782	
0.00725164085898171	0.0417638437519913	0.100312241126617	0.166150512967565	0.194749251258523	0.178754858854266	0.132925508188364	0.0844198050086026	0.0500350474733958	0.025692984133053	0.0115210603453769	0.00442235391575862	0.00122347543490728	0.000548015038552221	0.000191168036704263	3.82336073408526e-05	
0.00706722731648006	0.0395916713106034	0.0989158518668626	0.156897512538629	0.191942347636658	0.180492932772684	0.137899589644865	0.0891255889356097	0.051674350271037	0.0267490754344192	0.0123739804448047	0.00480014185115761	0.00160849080500532	0.000645929378387963	0.000139318101220933	7.59916915750545e-05	
0.00703325616991133	0.0382654674711902	0.0945568163131064	0.156755594348096	0.185660253247821	0.182257472834681	0.145838867595158	0.0920142183092356	0.052205482397885	0.0264126598611058	0.0120299039884634	0.00480690169886026	0.00145472025097087	0.000493339911198816	0.000177096378379062	3.79492239383705e-05	
0.00653043762740016	0.0359740292422679	0.0923069179857564	0.152917935425422	0.187646274253215	0.182801922641367	0.144915318217279	0.0973022623751164	0.053766011525782	0.0261972468983567	0.0123436595616176	0.00450461786244558	0.00196290610765785	0.000603971110048569	0.000213906434808868	1.25827314593452e-05	
0.00647458724506313	0.0342281544936126	0.0871081007047339	0.152650845431681	0.186779390890754	0.183828473242523	0.147172348532012	0.0982145080558807	0.0564409691959061	0.027131010782678	0.0124137759294768	0.0047936847872102	0.00184276713897951	0.000747067759045745	0.000174315810444007	
0.00771486073496161	0.033008671453773	0.0850001242328621	0.147948915447114	0.188722140780679	0.180497925311203	0.145451834919373	0.100429845702785	0.0594951176485204	0.029157452729396	0.0138395408353418	0.00585136780381146	0.00216165180013417	0.000608741024175715	0.000111809575869009	
0.00745265882001642	0.0341901609973374	0.0842312190509369	0.142595864334237	0.1821235722995	0.18138950406848	0.146850971707269	0.102520715654316	0.0615497548958618	0.031154353397865	0.0149550849777291	0.00699231094632593	0.00283673824868739	0.000883370244108791	0.000261278522905417	1.24418344240675e-05	
0.00698106018706292	0.0326438307338717	0.0844978675810872	0.142779887663926	0.176456128707152	0.179651684426582	0.148777699937318	0.102663372786156	0.0637882083993953	0.0340572496097735	0.016727505131325	0.00704251318166734	0.00265476936691125	0.000995538512591719	0.000258102577338594	2.45811978417708e-05	
0.00776128859322075	0.0321660940127202	0.0856787776884275	0.136888661451861	0.174781294928967	0.179399078880035	0.150729829178546	0.103540707166703	0.0647708165801594	0.0350293637449131	0.0179228501108756	0.0071764505202622	0.00253429831615372	0.00137680629675659	0.000219314277359456	2.43682530399396e-05	
