# <P(N_1)> as a function of N_tot.
# number_of_species: 2
# species_total_upper_bound: 100
# species_total_lower_bound: 0
# volume: 512
# Bin widths for each species index 
1	1	1	1	1	1	1	1	1	1	1	1	1	1	1	1	1	1	1	1	1	1	1	1	1	1	1	1	1	1	1	1	1	1	1	1	1	1	1	1	1	1	1	1	1	1	1	1	1	1	1	1	1	1	1	1	1	1	1	1	1	1	1	1	1	1	1	1	1	1	1	1	1	1	1	1	1	1	1	1	1	1	1	1	1	1	1	1	1	1	1	1	1	1	1	1	1	1	1	1	1	
# Bin lower bound for each species index 
0	0	0	0	0	0	0	0	0	0	0	0	0	0	0	0	0	0	0	0	0	0	0	0	0	0	0	0	0	0	0	0	0	0	0	0	0	0	0	0	0	0	0	0	0	0	0	0	0	0	0	0	0	0	0	0	0	0	0	0	0	0	0	0	0	0	0	0	0	0	0	0	0	0	0	0	0	0	0	0	0	0	0	0	0	0	0	0	0	0	0	0	0	0	0	0	0	0	0	0	0	
# Bin upper bound for each species index 
0	1	2	3	4	4	5	5	5	5	5	6	6	6	6	6	8	8	8	7	7	7	7	8	8	8	9	9	10	9	10	10	10	10	11	11	11	11	11	11	10	11	11	11	10	11	11	12	12	13	13	13	11	12	13	13	13	13	12	12	13	13	13	13	13	13	14	14	15	14	14	14	15	15	15	13	14	14	15	15	15	15	16	17	17	16	16	16	16	16	16	16	16	16	16	16	17	17	17	17	16	
# Normalized histogram for each species index 
1	
0.950612975815566	0.0493870241844341	
0.902228163094221	0.0954282973400034	0.00234353956577539	
0.857321243740229	0.135475237362444	0.00709958034810752	0.000103938549219956	
0.815359898102448	0.170902748628581	0.0133045781528174	0.000411063989926037	2.17111262284879e-05	
0.774496486848126	0.202973580402811	0.0213859137959997	0.00111940082369365	2.4618129369718e-05	
0.734726405202715	0.232045500486446	0.0309623771706457	0.00219445902731222	6.98038656799115e-05	1.45424720166482e-06	
0.69622760276379	0.258598782058789	0.0415417496193934	0.0034562009602998	0.000165417496193934	1.02471015341375e-05	
0.66187725441514	0.280905982105214	0.0515250972033541	0.00528762823815993	0.00039232679064974	1.17112474820818e-05	
0.628485955290289	0.300701979608816	0.0621005581037631	0.00797019547522163	0.000728152145782493	1.31593761285993e-05	
0.596474145142242	0.317604310675813	0.0743229532392113	0.0105577104717247	0.00100876354203011	3.2116928979251e-05	
0.567033633437515	0.330133064328031	0.0876798875775528	0.0136198511918645	0.00142860474879881	9.47543966040024e-05	1.02043196342772e-05	
0.538187192003584	0.341601843178552	0.100006109019822	0.0180201539472995	0.00198106785666494	0.000171634366436463	3.19996276406965e-05	
0.511734531555757	0.351017573832031	0.11220696357828	0.0219959817128712	0.00272534586178894	0.000292001342334529	2.76021169370948e-05	
0.486908957884529	0.360819489365161	0.122232416079713	0.0259120760435962	0.00374382319980025	0.000348397661090369	3.48397661090369e-05	
0.461856021539857	0.367958595864787	0.134537439079703	0.0303409803292802	0.00473639964292833	0.000534451926771419	3.61116166737445e-05	
0.437357789040613	0.372988085359824	0.146179133044406	0.0363626375850375	0.00627535222058709	0.000784961127799767	4.77048199215328e-05	2.89120120736562e-06	1.44560060368281e-06	
0.415444651956376	0.375422229139287	0.158654400405801	0.0416133476285998	0.00765344354522607	0.00107070392658689	0.000131136012542943	2.88211016577898e-06	7.20527541444744e-06	
0.394241041219747	0.37708366327368	0.169414169918079	0.048300387289978	0.00940581942784745	0.00133607843701859	0.00021164173517428	2.87947939012627e-06	4.3192190851894e-06	
0.375259192626643	0.376203278867556	0.181036080763201	0.053917814203253	0.0115891256209487	0.00177321525309989	0.000218418734579565	2.87393071815218e-06	
0.354922485488134	0.377071757404624	0.190378643846117	0.0612349485859141	0.013633430488127	0.00243247886197523	0.00031326285640868	1.29924686989775e-05	
0.3379017150281	0.377404780271087	0.198707204046005	0.0665900114257875	0.0160802009082631	0.00285209695099671	0.000439341828241995	2.46495415185278e-05	
0.320289633369028	0.375930418059835	0.20841364540309	0.0725991972435295	0.0184094932144496	0.00372240069348835	0.000600246217501839	3.49657990777771e-05	
0.306827940449617	0.370583183767257	0.216350548862545	0.07982089978757	0.0212182138675819	0.00441772748016032	0.00070567000013122	6.99838016659061e-05	5.83198347215884e-06	
0.290264416964879	0.368585538503114	0.224079538668747	0.0865373858186261	0.0241998404693514	0.00532785872965367	0.00085431713472494	0.00012640406585216	2.46996450515714e-05	
0.275496211172299	0.363316212533468	0.231268363107693	0.0948025074466067	0.0275882841019834	0.00622372690900297	0.00110051941620341	0.000176662327337916	2.75129854050853e-05	
0.262625177008823	0.358273120075524	0.238993500599107	0.100453868777459	0.0308805054282706	0.0072372099778512	0.0013114992193457	0.00020188083221379	2.03333212301659e-05	2.90476017573799e-06	
0.250951861247554	0.354485805501197	0.244217069535049	0.107294761521055	0.033458305344557	0.00778682970827074	0.00154600043422067	0.000221481683319078	2.62280940772592e-05	1.16569307010041e-05	
0.237594344854156	0.35091032204211	0.248797522663195	0.114175514993024	0.0369280206405819	0.00929293165142167	0.00192046137771214	0.000315212505764303	4.52388318458027e-05	1.89711230321108e-05	1.45931715631622e-06	
0.223973000531036	0.345221916148918	0.255194428067978	0.120413593945893	0.0411779937358189	0.0113624228132054	0.00229238014011753	0.000307211122798137	4.24243931483142e-05	1.46291010856256e-05	
0.213864226739555	0.337406071557962	0.260390249483329	0.127155972184127	0.0452205952456037	0.0124660992212905	0.00298634874862307	0.000451765920715081	4.98702639750414e-05	5.86708987941664e-06	2.93354493970832e-06	
0.203165469312176	0.332050523281025	0.263228520866783	0.134637922345799	0.0488986487278353	0.0138950742437915	0.00340894441384322	0.000615280040315492	8.93621010934405e-05	8.78971486164989e-06	1.46495247694165e-06	
0.192095183910001	0.326002545588917	0.266292648878826	0.141390161357491	0.0535218867858127	0.0159935128540509	0.00374213301581902	0.000812359596694254	0.000126106363385751	1.75962367515001e-05	5.86541225050003e-06	
0.183708684357403	0.31863488529074	0.269323491509674	0.146338683802193	0.0585921633602464	0.0178412275395733	0.00435109127940785	0.000946778760596471	0.000229389298477849	3.21437233535839e-05	1.46107833425381e-06	
0.174705625052116	0.311717797962745	0.271534465531543	0.153323668345605	0.0626931961314692	0.0195913494946362	0.00503681424059383	0.00111474076425574	0.000239917959761077	3.36470309421022e-05	1.46291438878705e-06	7.31457194393527e-06	
0.166052460437893	0.305074964407286	0.273615692432081	0.158406618194175	0.0674005894036243	0.0219986407391567	0.00579297051224214	0.00133875475301879	0.000268043894751027	3.80827391449546e-05	2.92944147268882e-06	1.02530451544109e-05	
0.158331296412692	0.298253195055521	0.275253451125544	0.16411469609144	0.0712747631352283	0.0243106478571595	0.00660544265195428	0.00149859161487068	0.000290988663081686	3.20087529389855e-05	1.74593197849012e-05	1.74593197849012e-05	
0.148983740727282	0.288590780331257	0.276992859113059	0.171982562984432	0.0769502443779927	0.0266473440950133	0.00763270768480858	0.0018242609189313	0.000318151104261619	6.42139843463819e-05	5.83763494058017e-06	7.29704367572522e-06	
0.141065954451564	0.282859912025647	0.276062292508146	0.17775994316313	0.0819880625030151	0.0293978770961154	0.00825654946985877	0.00207729405040179	0.000434170536924231	9.20967805596853e-05	4.38556097903263e-06	1.46185365967754e-06	
0.134850620108933	0.276240730594678	0.276678747535239	0.180439540477746	0.0869221911980569	0.0324835707023799	0.00940198235626745	0.00238052685087794	0.000498079464183692	8.93613156329565e-05	1.02545772037819e-05	4.39481880162081e-06	
0.128916560113552	0.269414172932772	0.27715931352423	0.184197097845085	0.0912275505296374	0.0349660398606403	0.0108478890752754	0.00248542470702781	0.00063931868570155	0.000127570471688153	1.90622543901838e-05	
0.122704628012008	0.262942907731423	0.275945473775384	0.190012461958619	0.095017278814965	0.0379205911033989	0.0117666814953172	0.00282971897252182	0.000676127542106984	0.000160561878190983	1.76765370485486e-05	5.89217901618287e-06	
0.115184976924927	0.257109587039587	0.275956320444647	0.193077920985402	0.100962113195518	0.0401463462869574	0.0131676237619379	0.00338562305647674	0.00077039896925931	0.000196289392550744	3.09930619816964e-05	1.1806880754932e-05	
0.109599530247682	0.247680745466241	0.275781789425852	0.198948368554921	0.105995243462712	0.0427985081232923	0.0143950168485285	0.00367952977556934	0.000886687006863341	0.000199172622173962	3.24577606505716e-05	2.95070551368832e-06	
0.104415965923696	0.240440641868322	0.273026108030698	0.204158190430727	0.110493886094077	0.0464700914331877	0.0154077773289759	0.00418462894282672	0.00110747989571476	0.000237946608893622	5.72834428817978e-05	
0.0990206507309954	0.234548582112077	0.272773093975918	0.20502158260732	0.114610531374635	0.05025685207489	0.0171693817088502	0.00488355941590695	0.00134946241285638	0.000294508083587548	6.88650742717152e-05	2.93042869241341e-06	
0.0935760656048955	0.227556392899132	0.271243820331384	0.209459548272614	0.118557627007251	0.0531338313580301	0.0189804368304598	0.00561701754770303	0.001423970907179	0.000356357847540182	7.59451150495469e-05	1.89862787623867e-05	
0.0890526536288469	0.21989683403255	0.268216968561437	0.213106383721539	0.123770067322631	0.0567340086931729	0.0208237566842586	0.00626676519705107	0.00166415491769416	0.000354942132794907	9.01902140708371e-05	1.30921278489925e-05	1.01827661047719e-05	
0.084780655460279	0.214090273355607	0.265410236950839	0.215365312537255	0.127743805810224	0.0604298786604674	0.0230306678181274	0.00676483159887296	0.00187693909179991	0.000407082064836542	7.70548194154883e-05	2.03541032418271e-05	2.90772903454673e-06	
0.0796182543512251	0.206664898789004	0.262802259985248	0.217873532987583	0.133637060512134	0.06390298119239	0.0248575192039334	0.00781199055779438	0.00220260167832452	0.000534710539014307	6.37595222672886e-05	2.31852808244686e-05	5.79632020611715e-06	1.44908005152929e-06	
0.0752398664233428	0.199841297933392	0.259234168235796	0.221728837064911	0.137901070876285	0.0673729440538949	0.0270765454592931	0.00862996886886335	0.00223546512471313	0.000604924696304592	0.0001015461120895	2.32105399061714e-05	2.90131748827142e-06	7.25329372067856e-06	
0.0719606073707393	0.19364077148735	0.256935638780964	0.222503358645284	0.141273470619471	0.0711713619995764	0.0293776277953649	0.00963488696671532	0.00270722768858467	0.000622401221009015	0.00014218023230509	2.46639178488421e-05	2.90163739398142e-06	2.90163739398142e-06	
0.0681464597914138	0.187914587837162	0.254503828526108	0.224471538703564	0.144413947695417	0.0741042002867951	0.0316518556860971	0.0107627908730141	0.00308833956075982	0.000755410756411204	0.000140642693612067	4.63975896452179e-05	
0.0646444922851954	0.18125148696404	0.251962792532974	0.225348312259547	0.148938670349502	0.0772786091881321	0.0338041327445439	0.0120625424328763	0.00357886857268861	0.000931347232941258	0.000158125932072581	3.48167189884583e-05	5.80278649807638e-06	
0.0605279784313212	0.174581684674534	0.247582694978469	0.228749406773986	0.152720396202189	0.0820253245637787	0.0355062146793959	0.0131077473133776	0.0040310253565907	0.000941882775628092	0.000160134629550371	5.0951927584209e-05	1.01903855168418e-05	4.36730807864648e-06	
0.0575882174957209	0.170241751238429	0.243687996339893	0.228394186510518	0.157462072433284	0.0852889715888577	0.0374663990773724	0.0139344250313901	0.00444211871083547	0.00112112703231682	0.000276262071848603	8.18554286958822e-05	1.16936326708403e-05	2.92340816771008e-06	
0.0552170057350891	0.165229491076481	0.240713298055437	0.228369437751238	0.160366625632289	0.0883833816605504	0.0401091592231084	0.0151209736232577	0.00475638998605609	0.00132000396730474	0.000285879312256055	0.000100641186457489	2.47956546344537e-05	2.91713583934749e-06	
0.0518981119233018	0.159181940085343	0.237666126606727	0.230081532567941	0.163513085060895	0.0922760763142509	0.042035958102208	0.016147986119393	0.00524158713629581	0.00149801186192694	0.00031123741597317	0.000127985479465602	1.89069458301458e-05	1.45438044847276e-06	
0.0506157028289364	0.154526677538589	0.231714895019823	0.230886372852479	0.167739272242465	0.0954405024811905	0.044041496124325	0.0170342990673291	0.00574130853990472	0.00176060960560594	0.000404050423158945	8.75199472546451e-05	7.29332893788709e-06	
0.0479112198757618	0.14974310219867	0.228860582692923	0.230464176621273	0.171842768568972	0.0988036866521712	0.0457838537311068	0.0183422976141222	0.00592434792559794	0.0017532431330088	0.000432808974257402	0.00013057626680986	7.33574532639665e-06	
0.0450151599365959	0.144256133819157	0.2251331457089	0.230950091312518	0.174503956875789	0.102575865851471	0.0488941039462888	0.0194344211433327	0.00667419517058237	0.00195858734681994	0.00045141615275805	0.000126455339209095	2.35265747365759e-05	2.94082184207199e-06	
0.0428625903061908	0.138786278906447	0.221042759530459	0.229988354237306	0.177393969821132	0.105967606817851	0.052157116208811	0.0213878627890645	0.00732902739477958	0.0022717334813469	0.000585968843536013	0.000186980007861994	3.38625211088651e-05	5.88913410588958e-06	
0.0409809820739558	0.134041777760727	0.216322453370005	0.22914173659383	0.17938586072014	0.110451227555557	0.0551783972649835	0.0228277084203273	0.00812566674880373	0.00253346101465335	0.000748086624594786	0.000194768115279116	5.31185768943044e-05	1.47551602484179e-05	
0.0391272673208445	0.129608980077312	0.21211715730003	0.229390425215581	0.180982753493904	0.112824858757062	0.0585280999107939	0.0242060660124888	0.0090202200416295	0.00300327088908712	0.000906928337793637	0.000199226880761225	7.13648528099911e-05	1.33809099018733e-05	
0.0378315596614061	0.124957616280107	0.207080906803405	0.228399174335394	0.183802578119888	0.115560327648462	0.0612184501537711	0.0264935428030956	0.00981517723830655	0.00342490199694242	0.00112428393820602	0.000208200729297412	5.79987745899933e-05	2.52815171289714e-05	
0.0356471678825817	0.121635154056415	0.203502966257427	0.225803091692842	0.1860714609878	0.11994780220189	0.0633545566683877	0.0279023121481894	0.0108666054617229	0.00359938636339964	0.00126179397939764	0.000336279999226258	5.20787609421197e-05	1.93435397785016e-05	
0.0344768375079324	0.117276494083392	0.199428123483519	0.225055059912651	0.18789204524245	0.12285788943223	0.0663944156183508	0.029385195416029	0.0113763111724962	0.00411213557803576	0.00125573929597969	0.000362835492179626	8.80958602411438e-05	3.43424539923103e-05	4.47945052073612e-06	
0.0327920949253491	0.113843578469623	0.195342654191775	0.223438015197246	0.188710830089533	0.126085224534616	0.0692081945175926	0.0317133977766605	0.0126265753379694	0.00421333436776859	0.00149794182196872	0.000365533611934598	0.000123833835879884	2.98394785252733e-05	8.95184355758199e-06	
0.0312953844270871	0.109403242826928	0.191336639944117	0.221485706097727	0.191294847090396	0.128553325442445	0.0725553792626845	0.0336910105064249	0.0136662631666147	0.00465244018024661	0.00150603533585782	0.000435839760228428	9.55265227897924e-05	1.94038249416766e-05	5.97040767436202e-06	2.98520383718101e-06	
0.0290360237417997	0.106560084659754	0.187997267690137	0.219687876944417	0.19228256986597	0.132673971759156	0.0748889064931221	0.0352584558861996	0.0142923123143771	0.00507450327413827	0.00169050462534621	0.000440936219696845	8.8187243939369e-05	2.69045828967567e-05	1.49469904981981e-06	
0.0266625561393768	0.102021391702821	0.184871962562275	0.220118736372031	0.192493897812491	0.135472304075259	0.0780271863490586	0.0372282075955959	0.0151944843109055	0.00547887393501675	0.00180334419330653	0.000505834304844486	9.12896230636498e-05	2.3944819164236e-05	5.986204791059e-06	
0.0256467107926002	0.0977179114782981	0.179934703935621	0.218857884336087	0.193946275088688	0.13770207852194	0.0813552058284327	0.0395184043237066	0.0165680579033833	0.00597009595009643	0.00207137925287493	0.000555046308421228	0.000114580605223685	2.23208971214971e-05	1.93447775052975e-05	
0.0246241753273408	0.093313681981237	0.174919837950707	0.215909564120716	0.19724772006639	0.14090971284437	0.0838028043332124	0.0417273954918886	0.0177427318750483	0.0068338518831389	0.00213418442922836	0.000597869087491151	0.000176981147789669	4.16426230093339e-05	1.33851288244288e-05	4.46170960814292e-06	
0.0230323757680925	0.0894627215137217	0.170720075591	0.2132414989838	0.199513888063515	0.144359794145263	0.0859936769792125	0.0435168237517382	0.0193434517513104	0.00720253871661695	0.0026222113933228	0.000726493694807279	0.00019759439961016	4.60558375031199e-05	1.337104959768e-05	7.42836088759999e-06	
0.0212231759338034	0.0861874154614118	0.167213801151878	0.211764059574557	0.199238614480282	0.147318001689658	0.0885407618903385	0.0460186872038829	0.0203085630630029	0.00805482925989111	0.00290716233933028	0.000850768141182969	0.000280619858086529	6.08752073097761e-05	1.48476115389698e-05	1.78171338467637e-05	
0.0208103437506506	0.0829647564120487	0.162672551999833	0.209696225197277	0.198647840739077	0.150751183064993	0.0922909670645414	0.0476646549852321	0.0213992736531203	0.00863466417610789	0.00304131729936973	0.00104252490310913	0.000316772902085942	6.69238525533681e-05	
0.0198545803037563	0.0797367802305405	0.158823249293884	0.207964154015113	0.199566657638701	0.152266565077249	0.0956433616176527	0.0500456854755903	0.022429038700211	0.00900465188262851	0.00320988830124437	0.00108633215572943	0.000297625248145051	6.25013021104606e-05	8.92875744435152e-06	
0.0187719128473489	0.075927318202458	0.154553778128466	0.206851323889563	0.200381125361957	0.15484408846277	0.0983020567370607	0.0519193979410298	0.0238158688095043	0.00977378125488503	0.00329018378877318	0.00116273010815921	0.000312641898480709	7.74160891476042e-05	1.63764803966086e-05	
0.0176425166683991	0.073113760895713	0.150520469833539	0.204128120220364	0.200423206569354	0.157636279940009	0.100990451865821	0.0542090491959075	0.0255304931470234	0.010565314880537	0.00359799830717372	0.00121170723015013	0.000347474867469522	6.97919605601176e-05	1.18794826485307e-05	1.48493533106633e-06	
0.0172591386357615	0.0701633478114608	0.146695980161294	0.200049715845661	0.200877320941088	0.160108839001039	0.103882301456645	0.0567281614961195	0.0265354604967417	0.0117115051993248	0.00405020407312695	0.00134560252925644	0.000433153026563742	0.000117591371472631	4.01894560729245e-05	1.48849837307128e-06	
0.0159112294242359	0.0676394744991543	0.143585185449868	0.197479692227066	0.20038144072036	0.16212421687034	0.106873377164773	0.0594449010219395	0.028088448986398	0.0117618332976012	0.00448587388932562	0.00150968341313514	0.000513649681983849	0.000168238881345435	2.38214345267872e-05	8.9330379475452e-06	
0.015393105917098	0.0653535790462837	0.137690735796429	0.194648210849753	0.200608564652536	0.164100651820473	0.110803514162552	0.0619393523559507	0.0299196038363438	0.0124353027161672	0.00464478021568247	0.00167355279447519	0.000568291991706815	0.000174514863595006	3.87810807988903e-05	7.45790015363274e-06	
0.0143253159032308	0.063359396063629	0.133655778314359	0.190621885841368	0.20048441226284	0.165839700057647	0.112934194709301	0.0654165096398338	0.0314510471020915	0.0140631493649165	0.00517480996649929	0.00177111371622558	0.000634562189328928	0.000202583234151958	5.06458085379896e-05	1.04270782284096e-05	4.46874781217555e-06	
0.0133857434379299	0.0605011753517484	0.13007126641356	0.186749008366835	0.200547652799454	0.167736184586123	0.115822455553518	0.068031773998566	0.0335582674853137	0.0148510202530174	0.00582980429685346	0.00191693385981937	0.000651399764184342	0.000226573831020641	7.60214827766623e-05	1.93780250215022e-05	2.38498769495411e-05	1.49061730934632e-06	
0.0131763695822614	0.0582160030287764	0.127196682655188	0.182878768456606	0.19762914779892	0.1699990162439	0.118934621954455	0.0713670334387642	0.0353794466520991	0.0156998530328008	0.0061767958765714	0.00224922417416656	0.000706515744569219	0.000241467406371758	9.8375610003309e-05	3.57729490921124e-05	1.04337768185328e-05	4.47161863651405e-06	
0.0126407141382745	0.0562407823451808	0.123722242331958	0.180160465721542	0.197083556451685	0.170538206337858	0.120974521130679	0.0739491499564732	0.0375661502287025	0.0167106920308606	0.00682069062484107	0.0023977120771097	0.000842115969689808	0.000237826712576695	7.32925089072835e-05	2.54280132943637e-05	1.64534203669412e-05	
0.0119824729956631	0.0548931050273411	0.121527746600701	0.177682400864378	0.195975613041097	0.171139704231802	0.123289126732573	0.0754325632345943	0.0389389218617653	0.0180477862280127	0.00718619149808598	0.00254404946829366	0.000959256299515433	0.000294810438384618	8.08109831105045e-05	2.24474953084735e-05	2.99299937446313e-06	
0.0116686709230875	0.0525180158161322	0.11884140983695	0.177340706597852	0.19649609994692	0.171576844990509	0.123813565167323	0.0763381785357632	0.0408898298731171	0.0187865301972968	0.00747922520744804	0.00285344137325052	0.000964142303205511	0.00032238039687276	9.29655097958657e-05	1.64938807702342e-05	1.49944370638493e-06	
0.0109535600192814	0.050398052700441	0.11567929437337	0.174361753407924	0.195897617073003	0.173942592986249	0.125722677477014	0.0782901847599259	0.0422378974913249	0.0201661072871039	0.00788171292900321	0.00295807497582343	0.00105089505720043	0.000356286358424077	7.63470768051593e-05	1.64670165658187e-05	1.04790105418846e-05	
0.0102087896828063	0.04824724473173	0.111188755847619	0.171220082512464	0.194455269912515	0.174291529108564	0.130177373427881	0.081138749650972	0.0436736711178005	0.0214642901404623	0.0088783769861001	0.00328347645348707	0.00117810955970955	0.000428539218804361	0.000122439776801246	3.13565282051971e-05	1.19453440781703e-05	
0.00951693916596843	0.0465631034899924	0.108890691113192	0.168141553268423	0.193396092558656	0.174153116379381	0.132765184610996	0.0839736954908049	0.0457028152038032	0.0220344324412323	0.00951992627807325	0.00353226006395407	0.00114406393614749	0.000498847721505564	0.000132926488664656	2.68840089434136e-05	7.46778026205935e-06	
0.00889231483075265	0.0444885160266725	0.105890541157453	0.167117444114323	0.19173183855831	0.17512217390979	0.133859198778635	0.0859939680140098	0.0478248179552615	0.023240358925618	0.00994155110349421	0.00390956511326812	0.00127824219246975	0.000496927878102993	0.000130219052394459	8.08256187275952e-05	1.49677071717769e-06	
0.00852361986779936	0.0422201209495226	0.10202161052578	0.163510767858906	0.192476413047707	0.176522865803482	0.135273752277903	0.0876031227838139	0.0499058915763236	0.0245175634147144	0.0110670907779729	0.00416829997396683	0.00152458638674522	0.000465305560625873	0.000125677386149754	5.83502149980999e-05	1.49615935892564e-05	
0.0083182623941363	0.0403428259093713	0.0990769267529954	0.158971402799536	0.19089590822134	0.178972567654952	0.136919793730987	0.0903569385807581	0.052076504119556	0.0257627189517496	0.0114573983999665	0.00426516290801674	0.00176968418977585	0.000585414516786612	0.000150833842335326	6.57097927005381e-05	1.19472350364615e-05	
0.0081468947797205	0.0395706317872139	0.0941712399693223	0.156506921876352	0.188743856256547	0.179662903577173	0.139862487578224	0.0932133083853332	0.0534800371235791	0.0274547369866039	0.0120383053265174	0.0047001316036849	0.00167414211407443	0.000535665792292978	0.000177560527250319	4.92394739433657e-05	1.19368421680886e-05	
0.00759275314390926	0.0377939454608832	0.092033642287032	0.152401764938969	0.187550089528049	0.179215489991032	0.142468769458571	0.0961808317617511	0.05514391522096	0.0291956776275216	0.012675443692667	0.00502310449308653	0.00182333330354031	0.000637570795682394	0.000181737469797318	6.70343126301583e-05	1.4896513917813e-05	
0.00707612042270392	0.0365621737368718	0.0907872904891618	0.14938082097785	0.185453507596663	0.180838132081666	0.143647462800458	0.0976608135246326	0.0569757090169147	0.0298335743798597	0.013293050465974	0.00544646844656605	0.00205111369410456	0.00066694468351922	0.000233652461188552	5.4716082683395e-05	3.54915130919319e-05	2.95762609099432e-06	
0.00686961743490019	0.0351728543880124	0.0881040239492333	0.147493165055248	0.182925695703686	0.181060748015173	0.146218390685885	0.0989927216875416	0.0594230760718654	0.0306226180973697	0.0140048128634177	0.00596665225660146	0.00214675544840631	0.000708207982979402	0.000219839561383189	4.27875656383388e-05	1.7705199574485e-05	1.03280330851163e-05	
0.00658833588866612	0.0333397216652907	0.085341726618705	0.144801863427291	0.181628140110862	0.179910661634627	0.147682509729921	0.102217242599363	0.0608193772850572	0.0322163580610921	0.0151948932657153	0.00654410897511499	0.00246491331524944	0.00081230097888902	0.000342021464795377	7.96084443920274e-05	1.17938436136337e-05	4.42269135511263e-06	
0.00614187421687806	0.0316956467579668	0.0827240553076433	0.141611893927737	0.181071713818851	0.180318451268749	0.149352619199402	0.103560411216871	0.0632931055959787	0.0333750998365977	0.0161731624570428	0.00669436445304199	0.00258219574567863	0.00100386156968778	0.000316546130003737	6.59471104174452e-05	1.61204047687088e-05	2.93098268521979e-06	
0.00594092581126853	0.0305481298029646	0.0803671194959391	0.137225479841206	0.179659831736898	0.181358487817314	0.150364570054995	0.106636558983137	0.0654259387405762	0.0344626142695852	0.0166514914229523	0.00713843464326037	0.00285828750409732	0.000952762501365772	0.000310303383472339	8.158211020869e-05	1.7481880759005e-05	
