# <P(N_1)> as a function of N_tot.
# number_of_species: 2
# species_total_upper_bound: 100
# species_total_lower_bound: 0
# volume: 512
# Bin widths for each species index 
1	1	1	1	1	1	1	1	1	1	1	1	1	1	1	1	1	1	1	1	1	1	1	1	1	1	1	1	1	1	1	1	1	1	1	1	1	1	1	1	1	1	1	1	1	1	1	1	1	1	1	1	1	1	1	1	1	1	1	1	1	1	1	1	1	1	1	1	1	1	1	1	1	1	1	1	1	1	1	1	1	1	1	1	1	1	1	1	1	1	1	1	1	1	1	1	1	1	1	1	1	
# Bin lower bound for each species index 
0	0	0	0	0	0	0	0	0	0	0	0	0	0	0	0	0	0	0	0	0	0	0	0	0	0	0	0	0	0	0	0	0	0	0	0	0	0	0	0	0	0	0	0	0	0	0	0	0	0	0	0	0	0	0	0	0	0	0	0	0	0	0	0	0	0	0	0	0	0	0	0	0	0	0	0	0	0	0	0	0	0	0	0	0	0	0	0	0	0	0	0	0	0	0	0	0	0	0	0	0	
# Bin upper bound for each species index 
0	1	2	3	4	4	4	4	4	4	5	5	5	5	6	6	6	6	6	6	7	7	7	6	7	7	7	7	7	8	8	9	8	9	9	11	11	11	10	9	9	9	9	9	10	10	10	10	11	11	10	10	10	10	10	11	11	11	10	11	11	11	11	12	12	12	12	12	12	13	13	14	15	15	15	13	14	14	13	12	13	13	14	15	15	15	15	15	14	14	14	14	14	14	14	14	14	14	15	15	15	
# Normalized histogram for each species index 
1	
0.949803167138709	0.0501968328612907	
0.903833785908246	0.0942904101757896	0.00187580391596398	
0.857971829995252	0.135996764493837	0.00585556278464541	0.000175842726265628	
0.814970756113029	0.172098513142132	0.012349376365302	0.000405186385737439	0.000176167993798887	
0.773563987047726	0.205670139377728	0.019639588906096	0.000967900886949176	0.000158383781500774	
0.730037276829508	0.235254249380206	0.0324076551269017	0.00224731125260849	5.35074107763925e-05	
0.691296180338134	0.260416853027999	0.0441899991054656	0.00381071652205027	0.000286251006351194	
0.663455119530898	0.279025710419486	0.0513486693730266	0.00553901668921967	0.00063148398737032	
0.631426910359362	0.299989099233313	0.0606264307256277	0.00714000218015334	0.000817557501544275	
0.594320228500737	0.318263685484018	0.0762093619808249	0.00986046173158441	0.00130987683519202	3.63854676442229e-05	
0.566786673733073	0.327765492790438	0.0888905133500247	0.0142363712787149	0.00201027065553099	0.000310678192218425	
0.5401679431577	0.339042170342346	0.0992525606717726	0.0185660238073268	0.00256528559564455	0.000406016425209929	
0.510719670503438	0.355532673849888	0.10809767219505	0.0230022432243592	0.00205935351009451	0.00058838671716986	
0.487520737327189	0.366857142857143	0.116866359447005	0.0256774193548387	0.00270967741935484	0.000350230414746544	1.84331797235023e-05	
0.469743103542582	0.364614290663117	0.132659944937736	0.0279322478895838	0.00457636698452058	0.000419348369099495	5.46976133608037e-05	
0.448124686851335	0.370231193185885	0.140201130914036	0.0345358242072865	0.00628086751127335	0.000572614701882471	5.36826283014816e-05	
0.414028120639691	0.382741225716432	0.154556187614039	0.040284784086437	0.00747737111373475	0.000840757039104146	7.1553790562055e-05	
0.394515074464221	0.378369051943335	0.169360697420995	0.0470395931710861	0.00900835452233927	0.00152560842717036	0.000181620050853614	
0.376191523683825	0.37547660947353	0.182669746297111	0.0528119958938261	0.010998680158381	0.00161313975656255	0.000238304736764922	
0.354162459843965	0.374832491968793	0.191372189077559	0.0629463056447912	0.0137494263423589	0.00247820100963745	0.000403854979348325	5.50711335474989e-05	
0.332813341504633	0.381878284769811	0.196408342154623	0.0692331977640351	0.0163797426040448	0.00282281278437053	0.000427136145003436	3.71422734785596e-05	
0.319617762788083	0.376072700018737	0.207513584410718	0.0745924676784711	0.0179314221472737	0.00372868652801199	0.000524639310474049	1.8737118231216e-05	
0.310775458763772	0.365025110275163	0.217762416696901	0.0797609272661307	0.0218258893620272	0.0042582443812179	0.000591953254788138	
0.293858399346517	0.369825801181588	0.221994263026918	0.0849907866491898	0.0236317699131855	0.00492011929864554	0.000740867384738132	3.79931992173401e-05	
0.280392381388603	0.363887934653994	0.228558341921447	0.0935341043551281	0.0266804076491469	0.00595442574144051	0.000954234894461621	3.81693957784648e-05	
0.27140561634402	0.358558420690183	0.233874053102762	0.0975399801055934	0.031046751855536	0.00644655291146989	0.00110949575330936	1.91292371260234e-05	
0.25621919064542	0.355802667278077	0.244105621154801	0.106194352095991	0.0294814475142344	0.00662998203981811	0.00143299323627192	0.00013374603538538	
0.233210590917061	0.351062793461531	0.253083172599217	0.115475285911898	0.037621524733571	0.00728661328345705	0.00198725816821556	0.000272760925049194	
0.22072294877629	0.34216409789684	0.257602437528441	0.12195556259027	0.0441406327285678	0.0104861207288843	0.00257206734859427	0.000336347268662327	1.97851334507251e-05	
0.212590319707018	0.337503711768782	0.25847767989706	0.12804117588835	0.0464812431950906	0.0120558250024745	0.00391962783331684	0.000851232307235475	7.91844006730674e-05	
0.199028842216112	0.332338774157062	0.260711012305232	0.137015152401568	0.0504885040659919	0.0146258702392792	0.00407574250667915	0.00156009282552312	0.000117006961914234	3.9002320638078e-05	
0.190190014975592	0.326351206799308	0.261800571795321	0.141159538673979	0.0565377209872221	0.0180874029990081	0.00414259875138573	0.00140031507089095	0.000330629947293697	
0.183042558559258	0.325273147159852	0.266587746705739	0.142890411224747	0.0562983950784995	0.0188631644316792	0.00500688932445807	0.00143608453492208	0.000485163694230433	0.000116439286615304	
0.176758938869666	0.315936178392926	0.271318723567859	0.148539023452518	0.0594771241830065	0.0200499807766244	0.00526720492118416	0.00190311418685121	0.000595924644367551	0.000153787004998078	
0.166577509457033	0.308910626265714	0.277654655916855	0.154713232203584	0.0640594551220817	0.0195063237935119	0.00584616560314852	0.00202514233311681	0.000477627908753964	0.000191051163501586	1.91051163501586e-05	1.91051163501586e-05	
0.154979635748867	0.298470760009222	0.280892184738339	0.164009067855222	0.0698148005840313	0.0224390993621763	0.00689694920464151	0.00159455928686698	0.000537923614846692	0.000153692461384769	0.000115269346038577	9.60577883654807e-05	
0.147736482574968	0.289240091081008	0.27250974489599	0.175832657944502	0.078595963104473	0.0265138358226236	0.00735208984601135	0.00164023001813901	0.000347342827370615	0.000154374589942495	5.78904712284358e-05	1.92968237428119e-05	
0.14162252039751	0.277328796256912	0.274293337457948	0.180735470399443	0.0853795290205328	0.0298132322802676	0.00786899191833262	0.00218475696995476	0.000657360504234175	7.73365299099029e-05	3.86682649549515e-05	
0.137131792043187	0.272112036928373	0.275065524390721	0.180710401752533	0.0893870046551657	0.0326839572820092	0.0096819622110081	0.00226890427571099	0.000919297422055314	3.91190392363964e-05	
0.132860834834364	0.271144960451092	0.278095387266035	0.18141592920354	0.0890046205654319	0.0339494087242541	0.0101809068838593	0.00229070404886835	0.00099851202130159	5.87360012530347e-05	
0.122550724637681	0.266299516908213	0.27768115942029	0.1903961352657	0.0931207729468599	0.0356135265700483	0.0108985507246377	0.00257004830917874	0.000676328502415459	0.000193236714975845	
0.114545736795126	0.259285132145768	0.275973143943804	0.193095820235185	0.100205689447743	0.0401870609694571	0.0128264834866302	0.00310474638103	0.000601544611324562	0.000174641983932937	
0.110199159794616	0.245565582697993	0.271724754940096	0.203555313521083	0.106678854831181	0.0452388361599502	0.0129920647269333	0.00330636377781235	0.000466780768632332	0.000272288781702194	
0.105632293635177	0.243390675836272	0.268425256677512	0.20347172163884	0.111944514796704	0.0470689084143467	0.0150986771610591	0.0039938436361511	0.000642911414599934	0.000292232461181788	3.89643281575717e-05	
0.0979386488655717	0.230683397607815	0.275355793512519	0.203962179198559	0.114950179120255	0.0522874537517374	0.0178532975745356	0.00522678777675548	0.00129201495605192	0.000391519683652096	5.87279525478143e-05	
0.0926884981194494	0.220644703936357	0.267747080715988	0.210956422424827	0.121556426363153	0.0570860327274875	0.0218970915463836	0.0056318059193037	0.00131933914892779	0.000433215839946439	3.9383258176949e-05	
0.0890008894159502	0.2170767862437	0.260697697400929	0.209091807490859	0.131337088645123	0.059314161478407	0.0235991698784465	0.00758968277497776	0.00193695029153078	0.000296471983397569	5.92943966795138e-05	
0.0909271628498728	0.219127703562341	0.25773298346056	0.207617684478372	0.128498727735369	0.0611482188295165	0.0251272264631043	0.00733540076335878	0.00210718829516539	0.000258428753180662	7.95165394402036e-05	3.97582697201018e-05	
0.0813167259786477	0.212890470541716	0.265440885725583	0.210102807433768	0.130604982206406	0.0637208382759984	0.0255041518386714	0.00721629102412021	0.00262949782522736	0.000395413206801107	7.90826413602214e-05	9.88533017002768e-05	
0.0778416893895667	0.204605616702824	0.261867324801465	0.217283999761161	0.132197520052545	0.0668152777501343	0.0268694146448261	0.00957347292160102	0.00234858587265888	0.000417968672252851	0.000179129430965508	
0.0748949789957992	0.197639527905581	0.260532106421284	0.221024204840968	0.133646729345869	0.0697739547909582	0.0278055611122224	0.0109421884376875	0.00304060812162432	0.000540108021604321	0.00016003200640128	
0.0701102540285126	0.192076248939865	0.253624651669965	0.227515043818909	0.140462824603207	0.0705545010298453	0.0289568272686887	0.0116110011711966	0.00432131174023666	0.000646177456483987	0.000121158273090748	
0.0644979806706986	0.18272418573811	0.257208302356889	0.222286965781912	0.147400992585746	0.0769555345697121	0.0320681548755249	0.0112921698245896	0.00470172195543411	0.000843898812513814	2.00928288693765e-05	
0.0590910005432268	0.175059855541919	0.252680924692675	0.230106834597509	0.150272619358992	0.0814035370098384	0.0331971913164195	0.0123936180914633	0.0045268897249663	0.00112669255376939	0.000140836569221174	
0.0561609907120743	0.171351909184727	0.245448916408669	0.23077399380805	0.155232198142415	0.085015479876161	0.0368627450980392	0.0130030959752322	0.00445820433436532	0.00154798761609907	0.000123839009287926	2.0639834881321e-05	
0.0530204441459217	0.168548759497922	0.243125813357961	0.229587338902649	0.15820074723983	0.0870870240544058	0.0390831619159565	0.0152386549683053	0.00444985516980815	0.00134335250409303	0.000167919063011628	0.000146929180135175	
0.0549064674711103	0.161867671157079	0.23569346017153	0.232245844772181	0.163804294622146	0.0893826214645981	0.0396901402455894	0.0165570665474898	0.00408606269552448	0.00151099193428249	0.00017025261231352	8.51263061567601e-05	
0.0505627594470835	0.16153121924081	0.231351906534857	0.227029571618094	0.16966234433175	0.0924594513630333	0.0444430179312706	0.0156845123464715	0.00490007275217187	0.00173321350622673	0.000641930928232122	
0.0498314928251977	0.15316136416626	0.23179804574069	0.231331736577715	0.169990885775451	0.0953602238283982	0.0429428347357935	0.017656160579919	0.0058712562792768	0.0013353398757922	0.000593484389240976	0.000127175226265923	
0.0435955151618109	0.149685721566296	0.226959993204791	0.232056400237832	0.171940032277245	0.102098020895269	0.0456977830629406	0.0184320054361675	0.00719867493417141	0.00182621252017328	0.000382230527478128	0.000127410175826043	
0.0431592667339388	0.139484527413387	0.222124117053481	0.231163807601749	0.173814328960646	0.107866633030609	0.0509376051126808	0.0213588967373024	0.00704254961318533	0.00229145644130508	0.000567608476286579	0.00018920282542886	
0.0402643339758118	0.13034545570076	0.218033168830619	0.229047084489441	0.177726473640735	0.112596107004427	0.058077224493254	0.0221337343528266	0.00855696524262385	0.00216042191769216	0.000762501853303116	0.000296528498506767	
0.039717165638634	0.128908852543575	0.204388660835178	0.230350963914978	0.185239313116551	0.111908702099766	0.0602419996131445	0.0256184315158288	0.0092200563089686	0.00318081196673043	0.000881170882675321	0.000322379591222678	2.14919727481786e-05	
0.0379090012436211	0.124104807238732	0.204082507826236	0.22468802264248	0.188665894763926	0.117457866975428	0.0588790256872079	0.0274025472790428	0.0119644924739483	0.00381663021570393	0.000707577511900167	0.000257300913418243	6.43252283545607e-05	
0.0354403879430049	0.119608638995108	0.202003802525048	0.219734677746683	0.187584114844801	0.123133451539168	0.0658605883232573	0.0288180128602252	0.0126038751575484	0.00395206254940078	0.000961312512016406	0.000277712503471406	2.13625002670313e-05	
0.0347466707485076	0.116922875073801	0.197218516979729	0.223852528919114	0.187662635848768	0.123286173492817	0.0678751831361658	0.0305044718024972	0.012529793794144	0.00387045986311255	0.00113708425356979	0.000262404058516105	0.000131202029258053	
0.0343102532318045	0.111851425535683	0.191340534797237	0.222374712236586	0.186603506286524	0.12783336284753	0.0716973614308482	0.0332920134584735	0.0144545776518505	0.00420577297680184	0.0012174605985479	0.000464848592172835	0.000354170355941208	
0.033112144793986	0.105597319283085	0.188686316439232	0.217874385485329	0.197724917880999	0.126694737770331	0.0757037984171425	0.0342144132624942	0.0136901743788717	0.00515861643261833	0.000903860144176716	0.000551134234254095	8.81814774806552e-05	
0.0285676085212586	0.106070059720118	0.18279258400927	0.221766645868616	0.193355022729298	0.131473393350566	0.0766333897851858	0.0379712986897228	0.0136152954808806	0.00519208485604778	0.00149300294143863	0.000779926909706747	0.000155985381941349	0.000133701755949728	
0.0274321521954738	0.101523758001984	0.175570282210802	0.225340366062573	0.194346767649446	0.137791903345055	0.0748805337661167	0.0400324587503381	0.0147416824452259	0.00549995491840231	0.00198359029844018	0.000676223965377333	9.01631953836444e-05	9.01631953836444e-05	
0.0254722510256526	0.0940219106442451	0.177449168207024	0.222713132861458	0.197759343582345	0.136377981155043	0.0820296650286281	0.0405752671205085	0.015531310581128	0.00493665749966187	0.00234434876696272	0.000653712636941527	9.01672602677968e-05	0	4.50836301338984e-05	
0.0216851847711878	0.0886856989559813	0.171849500346516	0.216740068408933	0.202812367262078	0.145380161409313	0.0836779861840782	0.0434150812635532	0.0169680981869397	0.00570074445015761	0.00203438331358566	0.000693031678254454	0.00020120274529968	2.23558605888534e-05	8.94234423554135e-05	4.47117211777067e-05	
0.0208686724399607	0.0878939380412463	0.167998393000625	0.210583876439604	0.200205338809035	0.150187483260423	0.0884742433711276	0.0435452191768592	0.0193732702437282	0.00694134452281046	0.00225426301223105	0.00124988840282118	0.000223194357646639	4.46388715293277e-05	6.69583072939916e-05	8.92777430586555e-05	
0.0209000355745286	0.0828664176449662	0.165265919601565	0.210845784418356	0.194926182853077	0.15141408751334	0.0937833511205977	0.047002845962291	0.0199662041977944	0.00802650302383493	0.00324617573817147	0.0010894699395233	0.000266808964781217	6.67022411953042e-05	6.67022411953042e-05	0.000266808964781217	
0.0206296785557023	0.0836415675913694	0.158586525759577	0.206428885953325	0.194561867018934	0.153985028621753	0.0981065609863496	0.0481726111845002	0.0222148833113166	0.00889476001761339	0.00365477763099956	0.000726552179656539	0.000330250990752972	6.60501981505944e-05	
0.0202331063383971	0.0777239392352017	0.155862580757814	0.205321285140562	0.200323031255457	0.15121354985158	0.0972149467434957	0.0536930330015715	0.0242273441592457	0.00918892963156976	0.0035577090972586	0.00102584250043653	0.000240090797974507	8.73057447180024e-05	8.73057447180024e-05	
0.0192982838701236	0.0750561503739724	0.149785211190824	0.205870167251794	0.196820689504786	0.155214897839028	0.101288732855056	0.0562375978542925	0.0265596720382041	0.00920211954033014	0.00337992542358098	0.00117752240563466	6.54179114241479e-05	2.1805970474716e-05	2.1805970474716e-05	
0.0170379224166033	0.0744322503531457	0.148060415082038	0.201738563511898	0.196262088449419	0.157991959143757	0.102662175377594	0.0589807671411496	0.0269042703466261	0.0111268064761491	0.0034119308921004	0.00119526241443008	0.000130392263392372	6.5196131696186e-05	
0.0173406636389317	0.0732958125991438	0.151611290988505	0.196744822790586	0.196440600621482	0.15658749646885	0.104369934157631	0.0582585453834286	0.0274234555292379	0.0120819661444186	0.00423738021252092	0.00112996805667224	0.000478063408592103	
0.0154156524790036	0.0682191961055194	0.145253601736728	0.197925575071815	0.196434445102296	0.162401596386203	0.105058877705414	0.0608951165493498	0.0301734535008662	0.0116878275552047	0.00451724667236805	0.00153498673332895	0.000460496019998684	2.19283819046993e-05	
0.0143746262375689	0.0630357261511883	0.138939954373297	0.193093977718222	0.197922434605418	0.165762253870518	0.111874017143237	0.0632350661144211	0.0315178630755941	0.0134886708454229	0.00400894814946067	0.00234778178918691	0.000332233272054752	6.64466544109504e-05	
0.0141893099749732	0.0629469074007866	0.132619771183411	0.190583661065427	0.202225598855917	0.163344654987487	0.111927958526993	0.0671701823382195	0.0329147300679299	0.0144574544154451	0.00480425455845549	0.00189935645334287	0.000692706471219163	0.000178762960314623	4.46907400786557e-05	
0.0139806352366302	0.0607637317889784	0.129490543842186	0.183467559496878	0.201497602026966	0.165052936385847	0.116301692154556	0.0685684553434078	0.0355623925436612	0.0161071396253733	0.00592706542394353	0.00246584019545742	0.000656049226314361	0.00013573432268573	0	2.26223871142883e-05	
0.0139532769748205	0.0564266884828652	0.127602036178529	0.184983183346968	0.191482592491592	0.171643486955731	0.118125624943187	0.0688346513953277	0.0379510953549677	0.0175893100627216	0.00740841741659849	0.00284065084992273	0.000954458685574039	0.000181801654395055	0	2.27252067993819e-05	
0.0146619603584035	0.0573807584396778	0.123766856729116	0.182821974839352	0.195809575527197	0.168838808941986	0.117250429903159	0.0720200923160467	0.0377635985157028	0.0176260295049326	0.00814553353244638	0.00294144266449452	0.000769300389175491	0.000181011856276586	0	2.26264820345733e-05	
0.0123785468860218	0.0592076819805675	0.123944751632648	0.181263795025827	0.198716635947846	0.166040912917833	0.119484834004596	0.0701526839147154	0.0393428447903156	0.0164743896056614	0.00816893075750336	0.00336769290281475	0.00100120599813412	0.00034132022663663	4.55093635515507e-05	6.82640453273261e-05	
0.0117499715359217	0.0555846521689628	0.120095639303199	0.184014573608107	0.199180234544005	0.16948650802687	0.119708527837869	0.0705909142661961	0.039804167141068	0.0171923033132187	0.00765114425594899	0.00307412045997951	0.00143458954799044	0.000387111465330753	2.27712626665149e-05	2.27712626665149e-05	
0.00994369778423538	0.0533508899382492	0.118211950599346	0.177351979658554	0.202619869233563	0.168566109698511	0.123524337086814	0.0754858336360334	0.0388439883763167	0.0195014529604068	0.0076053396294951	0.00333726843443516	0.00136215038140211	0.000272430076280421	2.27025063567018e-05	
0.00998877665544332	0.0465768799102132	0.112435465768799	0.174096520763187	0.200852974186308	0.172884399551066	0.127901234567901	0.0784287317620651	0.0408978675645342	0.022020202020202	0.00886644219977553	0.00334455667789001	0.00123456790123457	0.000381593714927048	8.97867564534231e-05	
0.0088931454371323	0.0435080038308934	0.108701600766179	0.171774524558763	0.199069640169654	0.177384047065262	0.128562958909107	0.0797874766269896	0.0472704884389109	0.0215487754822821	0.00898435718520546	0.00323801705659689	0.000820905732658366	0.000342044055274319	0.00011401468509144	
0.00908530600132399	0.0430524801972288	0.102175451411875	0.168831465290935	0.197867920651951	0.176159061337229	0.130755358732623	0.0836624283790262	0.048576711484466	0.0236948432898852	0.0106832241422604	0.00356107471408679	0.00114137010066884	0.000593512452347798	0.000159791814093638	
0.00690732856236978	0.0387716278648428	0.0974952441344325	0.162650602409639	0.198478123018389	0.183485822991213	0.134183349941118	0.0835899990941208	0.0518162877072199	0.0250249116767823	0.0117311350665821	0.00378204547513362	0.00135881873358094	0.000566174472325392	0.00015852885225111	
0.00600288860805199	0.035159776132876	0.0967909369922369	0.155398086297166	0.196854125293374	0.18353944755371	0.138562917494133	0.0899756273695613	0.0512727929229103	0.0265165192272973	0.0126602274778841	0.00458115183246073	0.00200848528615274	0.000609315760967684	6.77017512186315e-05	
0.00724686304770852	0.0357422442908587	0.0892214095595965	0.156433827640967	0.186427788588427	0.186830392091078	0.149388266344584	0.0912791607953656	0.0526963251246952	0.0262586951173142	0.0112728980742132	0.00460757341922208	0.00178934890066877	0.000648638976492429	0.000156568028808517	
0.00678727996973541	0.0342924538798763	0.0877228119367114	0.146894541246634	0.189732291875292	0.1861717515633	0.150143534281327	0.0985824598882881	0.0538309188419343	0.0261477179161938	0.0118387965373745	0.00449518214389034	0.00222533769499522	0.000756614816298373	0.000378307408149187	
0.00684358771234927	0.0334257547751078	0.0836634099110994	0.143737347064519	0.184864888654168	0.186317225596338	0.153683654607869	0.102631810580055	0.0571912683742628	0.0269122436405246	0.0124108793240032	0.00490713845612182	0.00217850541325588	0.000924214417744917	0.000308071472581639	
0.00769044313699566	0.0325686961503713	0.0822370595623719	0.144443709922655	0.181177144619995	0.182322998611754	0.149357660695005	0.103677750600472	0.0638152530794826	0.0296379542099116	0.0140367113990437	0.00601573345673299	0.00207135144664066	0.000749212225380666	0.000198320883189	
0.00744416873449132	0.0342029374287439	0.0804998546934031	0.141931012898755	0.179017727404824	0.180359019068696	0.149419891355375	0.105269040752912	0.064471419310129	0.0318333221559028	0.0147094985804663	0.0067958777636197	0.00290613193839	0.000760065276194308	0.000357677777032616	2.23548610645385e-05	
0.00615071463339086	0.0329218106995885	0.080180538961901	0.142926678171601	0.176844108146378	0.175140492942166	0.150227886189654	0.105756891897872	0.0671932386388778	0.0348909243771848	0.0164609053497942	0.00696933492632417	0.00276560909774769	0.00130536749413691	0.000221248727819815	4.4249745563963e-05	
0.0073839194642778	0.0316422014280012	0.0878087720076278	0.130360548139607	0.177014501751741	0.173599716173666	0.148565346578562	0.112111401836002	0.0658122311410706	0.0356113353142046	0.0188256685440596	0.00682957115614883	0.00281608940529514	0.00133043593950951	0.000243913255576744	4.43478646503171e-05	
