# <P(N_2)> as a function of N_tot.
# number_of_species: 2
# species_total_upper_bound: 100
# species_total_lower_bound: 0
# volume: 512
# Bin widths for each species index 
1	1	1	1	1	1	1	1	1	1	1	1	1	1	1	1	1	1	1	1	1	1	1	1	1	1	1	1	1	1	1	1	1	1	1	1	1	1	1	1	1	1	1	1	1	1	1	1	1	1	1	1	1	1	1	1	1	1	1	1	1	1	1	1	1	1	1	1	1	1	1	1	1	1	1	1	1	1	1	1	1	1	1	1	1	1	1	1	1	1	1	1	1	1	1	1	1	1	1	1	1	
# Bin lower bound for each species index 
0	0	0	0	0	1	1	2	3	4	5	6	6	7	8	9	10	11	12	12	13	14	15	15	16	17	17	18	18	20	20	21	22	23	23	24	25	26	28	29	30	31	31	32	34	34	35	35	36	36	37	38	41	41	42	43	44	44	46	47	48	48	49	50	51	52	53	54	55	56	56	57	57	58	59	62	62	63	64	65	65	66	66	66	67	69	70	72	72	73	74	76	77	78	79	79	81	82	83	83	84	
# Bin upper bound for each species index 
0	1	2	3	4	5	6	7	8	9	10	11	12	13	14	15	16	17	18	19	20	21	22	23	24	25	26	27	28	29	30	31	32	33	34	35	36	37	38	39	40	41	42	43	44	45	46	47	48	49	50	51	52	53	54	55	56	57	58	59	60	61	62	63	64	65	66	67	68	69	70	71	72	73	74	75	76	77	78	79	80	81	82	83	84	85	86	87	88	89	90	91	92	93	94	95	96	97	98	99	100	
# Normalized histogram for each species index 
1	
0.0494534898806435	0.950546510119357	
0.00232500027161218	0.0961045380963245	0.901570461632063	
6.24590960810991e-05	0.0069302440521289	0.136090223522096	0.856917073329694	
3.25199726832229e-05	0.000360429697239054	0.0133033788251618	0.169366727731949	0.816936943772967	
3.7977224515926e-05	0.00103623569750598	0.0211506013964768	0.20220430661726	0.775570879064241	
2.73584337843827e-06	6.83960844609568e-05	0.00201358072653057	0.0309615395137859	0.232010461865079	0.734943285966765	
1.10496627090458e-05	0.000160220109281164	0.00330661156568196	0.0412041922420318	0.259103540864415	0.696214385555881	
1.10435003478703e-05	0.000383761637088492	0.00493644465549801	0.0514489072456406	0.281247584234299	0.661972258727126	
1.38489577274414e-05	0.000722915593372443	0.00781635174136795	0.0614367462704757	0.300555620184025	0.629454517253032	
2.2137362333278e-05	0.00104322319995573	0.0104986440865571	0.0758204659914771	0.317084509380707	0.59553101997897	
8.85318105861913e-05	0.0014829078273187	0.0138413952613348	0.0885622433960803	0.329678629527572	0.566346292177108	
8.29290541941369e-06	0.0002017940318724	0.00195436137717516	0.0183217923732913	0.100153418750259	0.340133515777253	0.53922682478473	
3.59173569245901e-05	0.000298390349835056	0.00277945085124136	0.0219593194489725	0.110459686911163	0.350630764045068	0.513836471036796	
4.1321061896196e-05	0.000366380082146271	0.003823575594128	0.0253821509541033	0.119439906779684	0.362162579095399	0.488784086432643	
3.56713624814097e-05	0.000513118829540278	0.00466471663218435	0.0295962550557296	0.133622179904401	0.367362898490278	0.464205159725385	
4.10945393576102e-05	0.000739701708436983	0.00611486745641239	0.0357577285130352	0.145332208256167	0.37277952505671	0.43923487446988	
0.000139287938210778	0.00103783169647246	0.00754339775172881	0.0404672427542961	0.15808907873319	0.378073893616789	0.414649267509313	
0.000220966140348963	0.00135034863546588	0.00925602610128433	0.0480178518817586	0.16977565116812	0.376864572307759	0.394514583765263	
2.7211846949688e-06	0.000231300699072348	0.00169257688027059	0.011510611259718	0.0544345786381559	0.180060791266086	0.37546090065771	0.376606519414292	
1.36785432898538e-05	0.000372056377484023	0.00250043771338528	0.01384542151799	0.0617586229536899	0.190183730193469	0.376969710233739	0.354356342466953	
3.29659461775985e-05	0.000480753381756645	0.00295319934507654	0.0163950638989923	0.0671598738503126	0.198696746261112	0.377732052789468	0.336549344527104	
2.47808955815663e-05	0.000633289553751139	0.00377770985976767	0.0186214663131259	0.0737424383850566	0.207055396315356	0.375934446270888	0.320210472406473	
5.51053752538291e-06	8.54133316434352e-05	0.000727390953350545	0.00429821926979867	0.0219980658013286	0.0798559545490865	0.21557222799298	0.369106824525198	0.308350393039089	
3.29316585755411e-05	0.000107027890370509	0.000776638281406511	0.00514008304266571	0.0247316755902314	0.0868627381027523	0.224097192301676	0.368653451923895	0.289598261208427	
1.91485985961342e-05	0.000114891591576805	0.00102855329602092	0.00609746089582615	0.0279186567531636	0.0950509079171249	0.229963727083231	0.362644366755844	0.277162287108616	
5.47489214462475e-06	2.46370146508114e-05	0.000169721656483367	0.00120721371788976	0.00721590784661542	0.0309276657249852	0.100858463088277	0.237897750914307	0.358334428311762	0.263358736832884	
1.09879846387975e-05	2.47229654372943e-05	0.000192289731178956	0.00154381184175105	0.0078234450628238	0.0336204859985606	0.107261959047781	0.244298609470544	0.355345929226391	0.249877758670893	
2.75983120872327e-06	1.65589872523396e-05	3.31179745046793e-05	0.000284262614498497	0.001884964715558	0.00926475336768403	0.0373046384483125	0.114378444614327	0.249372828357818	0.350277777011158	0.237179894077678	
1.93976207432614e-05	2.21687094208702e-05	0.000252169069662398	0.00228614815902724	0.0112561622084468	0.0417076556866896	0.121010671462497	0.254857025679679	0.345931626157969	0.222656975245865	
5.5578250007642e-06	1.11156500015284e-05	3.61258625049673e-05	0.000364037537550055	0.00305124592541955	0.012196646964177	0.0457408997562894	0.127899447830086	0.260139556985769	0.337874076358958	0.212681289304244	
2.78154058406789e-06	1.66892435044074e-05	8.90092986901725e-05	0.000586905063238325	0.00349639651417334	0.0144723556589052	0.0497728872113109	0.135469371065859	0.262980754520699	0.332549866068821	0.200562983814215	
1.11362915035664e-05	1.67044372553496e-05	0.000105794769283881	0.000726643020607707	0.00398400828540088	0.0162478493037034	0.0543367503187763	0.141943171504457	0.264865557120823	0.325756014989448	0.19200636995874	
2.78931469327301e-06	4.74183497856412e-05	0.000150622993436743	0.000934420422246458	0.00447685008270318	0.0178014063724683	0.0592059936794129	0.146235401424224	0.269319490894282	0.318796354923559	0.183029251543188	
1.11755255989383e-05	2.79388139973458e-06	3.91143395962841e-05	0.000215128867779563	0.00121813229028428	0.00488649856813578	0.0197443598519243	0.0624767758608647	0.153526576796815	0.271291471677027	0.313107494586855	0.173480477753719	
1.39550201789592e-05	2.79100403579184e-06	4.74470686084612e-05	0.000293055423758143	0.00130618988875058	0.00561550012001317	0.02174750344689	0.0675729987105561	0.159556118718148	0.273216967071734	0.30571820906853	0.164909264458796	
2.49693431952991e-05	2.49693431952991e-05	4.43899434583095e-05	0.000316278347140455	0.00151480682051481	0.00624511017029092	0.0243728533300781	0.071922805888326	0.165025163549198	0.274421404830736	0.298308743154238	0.157778505279629	
8.37520938023451e-06	8.37520938023451e-06	8.37520938023451e-05	0.000337800111669458	0.00187604690117253	0.00749581239530988	0.0271803461753211	0.0769235064209939	0.172359017308766	0.277197096594082	0.28891959798995	0.147610273590173	
5.59396746548522e-06	9.50974469132487e-05	0.000461502315902531	0.00218444429527198	0.00838535723076235	0.0301039359155087	0.0825865386766911	0.178822357969166	0.27628045915285	0.281843659797275	0.139231053232194	
8.40557457705951e-06	0.000112074327694127	0.000546362347508868	0.00256370024600315	0.00964119403988725	0.0334177626601962	0.0878718766285801	0.180627392086432	0.276711515076799	0.274007721921178	0.134491995091144	
1.40112538390836e-05	0.000106485529177035	0.000736991951935795	0.00260609321406954	0.0109427892483243	0.0348571973008721	0.091258098504719	0.183799627861098	0.276475665254332	0.269150581747259	0.130052458134374	
1.9621638743206e-05	0.000151366927447589	0.000664332626019975	0.00276384797154302	0.0115627514022464	0.0382509831842556	0.0946323605672336	0.189836551749269	0.274775822777359	0.262691696402793	0.12465066475309	
1.12253603340667e-05	3.64824210857169e-05	0.000162767724843968	0.000704391360962687	0.0032132593956266	0.0133497597772889	0.0401811773157918	0.100677450496161	0.192486866328409	0.275585402541422	0.257125297472049	0.116465919806026	
5.63017096014121e-06	2.53357693206354e-05	0.000166090043324166	0.000782593763459627	0.00351604176460818	0.0143681962902804	0.043101773785361	0.105850029136135	0.199690903614288	0.274890282043414	0.247902057545977	0.109701066072871	
3.92471279512439e-05	0.000199039006038451	0.00103163879186127	0.00404245417897812	0.0158754632562781	0.0469227448319943	0.110752591712128	0.203922470102099	0.272240506400085	0.240469956323553	0.104503888269033	
5.5999193611612e-06	5.5999193611612e-05	0.000338795121350253	0.00135238052572043	0.00511272637674018	0.0174941480842676	0.0498560820724182	0.11496914444432	0.204719052045651	0.27237447780752	0.234631021313293	0.0990905730957474	
2.24148655388253e-05	9.80650367323609e-05	0.000417476870660622	0.00147097555098541	0.00575781858528576	0.0191619081775033	0.053582736070562	0.118622270289656	0.209413683154668	0.269622813850145	0.227376396025844	0.0944534415224177	
1.95898994478447e-05	1.67913423838669e-05	0.000131532182006957	0.00038340231776496	0.00177988229268989	0.00662418457043548	0.0209108183820422	0.0573032544420097	0.124113207230352	0.211612892392682	0.266111992656586	0.221407842116605	0.0895846101749938	
5.59008988864541e-06	3.63355842761952e-05	9.22364831626493e-05	0.000427641876481374	0.0019453512812486	0.00681152452931443	0.0227852063861187	0.0608201779884621	0.127196905326238	0.213337395465319	0.264802558025133	0.215811010241045	0.0859280667233129	
2.77338658235571e-06	1.10935463294229e-05	2.77338658235571e-05	6.93346645588929e-05	0.000596278115206479	0.00226308345120226	0.00773497517819009	0.024489003522201	0.0640319494134287	0.131688715089996	0.21720054358377	0.263973708295199	0.207582438916161	0.0803283689713509	
1.38680098296454e-05	2.77360196592907e-06	2.49624176933617e-05	0.00011926488453495	0.000660117267891119	0.00242967532215387	0.00877012941626773	0.0271091856149908	0.0667689201258106	0.13695214427168	0.221494305795164	0.258940705937172	0.200495365311115	0.0762185820237309	
5.55691391228967e-06	2.77845695614484e-06	3.05630265175932e-05	0.000144479761719531	0.000705728066860788	0.00269232479050435	0.00988852830691947	0.0291237858143102	0.0706394896530263	0.141034475093912	0.22199315388206	0.257565738291582	0.194505879214919	0.0716675187267999	
2.7810841778559e-05	0.000150178545604218	0.000798171159044642	0.00321493330960141	0.0109074121455508	0.0312399185698553	0.0732454139921907	0.143078437698152	0.224881247705606	0.256791407562324	0.187606376469803	0.0680586920004895	
5.58183670336724e-06	3.07001018685198e-05	0.000178618774507752	0.00101868519836452	0.00376494885642121	0.0116995297302577	0.0334352018531698	0.0768981733439388	0.148239628249676	0.226335105566487	0.252346464604178	0.181853448877353	0.064193913007075	
2.79678816846733e-06	6.7122916043216e-05	0.000215352688971985	0.00105438913951218	0.00417560473552173	0.0127757283535588	0.0351752047948136	0.0815739205096867	0.152125698847444	0.228044513680489	0.248122655941916	0.176192061037105	0.0604749505667691	
1.1222462881704e-05	8.13628558923541e-05	0.000303006497806009	0.0013158337728798	0.00446373461119777	0.0137110440257219	0.0378449504528264	0.0839019381193397	0.156300851784933	0.227950666053172	0.245836466270888	0.170850774911062	0.0574281481813999	
4.19301276353085e-05	0.000142562433960049	0.00034382704660953	0.00145357775802403	0.00483035070358754	0.0152010689387205	0.0396659007430019	0.0869882427922111	0.158646830920953	0.229545086068575	0.242219165981808	0.165959445180551	0.0549620113043624	
2.79152604354222e-06	2.512373439188e-05	0.00017586614074316	0.00030148481270256	0.00144321896451133	0.0053290232171221	0.016196434104632	0.0415379075279083	0.0907218048890787	0.162849254802123	0.230753125811287	0.23951851758801	0.159178398054865	0.051967048826582	
2.79759406910057e-06	0.000128689327178626	0.000408448734088684	0.00167575884739124	0.00572947265351797	0.0170401454748916	0.0440956777171632	0.0935403552944468	0.168213736186879	0.23070079731431	0.232958455728074	0.154972723457826	0.0505329416701637	
5.61864040139567e-06	0.000157321931239079	0.000418588709903977	0.00174739716483405	0.0059641867860815	0.0184797082801904	0.04512891970401	0.0983205883840228	0.172037150450334	0.230802510408531	0.229684400968654	0.149413694874114	0.0478399136976834	
2.81406356406779e-05	0.000115376606126779	0.000402411089661693	0.00196421636771931	0.00658772280348268	0.0196703043128338	0.0480529494200215	0.101973221371124	0.174379076874588	0.231988586158184	0.225468400880239	0.144471209315676	0.0448983841647015	
2.8107099291139e-06	3.37285191493667e-05	0.000185506855321517	0.000587438375184804	0.00223170368371643	0.00729941368590879	0.0216621414236808	0.0513657239545564	0.105620857716242	0.176973539976727	0.230846417188053	0.221160710772327	0.138950256055675	0.0430797510835287	
1.68502879995057e-05	3.93173386655134e-05	0.00017692802399481	0.000738604290645001	0.00242082470926232	0.00844480266908562	0.0228096731886642	0.0554542978063733	0.109945320815442	0.180157662528049	0.228085498361309	0.216318380574988	0.134414747372057	0.0409770920334647	
1.69344664372987e-05	7.33826878949612e-05	0.000211680830466234	0.000917283598687014	0.00314981075733756	0.00954257183741783	0.0241711284281711	0.0586186555727095	0.112944423903564	0.181602395662519	0.229058415441975	0.209722077181653	0.130065169471673	0.0399060701594944	
3.66351979709737e-05	7.04523037903339e-05	0.000214175003522615	0.00110751021558405	0.00351697900521347	0.0100042271382274	0.0269325066929689	0.0618430322671551	0.116158940397351	0.183945329012259	0.226616880371988	0.205343102719459	0.125486825419191	0.0387234042553192	
1.40503903198431e-05	5.33914832154037e-05	0.000300678352844642	0.00125329481653	0.00361938054639158	0.0111250990552518	0.0279630868145517	0.0632211362831659	0.119928511614053	0.184349551230533	0.224887737381344	0.204205562830535	0.122614946243207	0.0364635729580568	
5.6455232412078e-06	6.49235172738897e-05	0.000372604533919715	0.00129000206061598	0.00400549873963694	0.0113926659007573	0.0289756480354991	0.0659114838411011	0.12232437482887	0.185777233298425	0.225984649822307	0.200797147881659	0.118369685798404	0.0347284362182898	
2.81694901885666e-06	0.000169016941131399	0.000428176250866212	0.00148734908195631	0.00429021335571869	0.0123495044986676	0.0319949069561739	0.0684293255660659	0.125371133033234	0.188667977486943	0.223660118199181	0.195735702575255	0.114275170847958	0.0331385882578297	
1.68533171541489e-05	9.8311016732535e-05	0.000516835059393899	0.00149713634052689	0.00464308887596801	0.0134995070404732	0.0340408917651883	0.0719805175653698	0.128068357054377	0.192372188656032	0.220899236825622	0.191080101007547	0.109720712445894	0.0315662630297208	
2.81223547410072e-05	0.00011811388991223	0.000492141207967626	0.00167890457803813	0.00503390149864028	0.0143930211564475	0.0356085255730633	0.0748982673817244	0.13151419194632	0.192320347367326	0.220012430080796	0.188116055333545	0.106803078835397	0.028982898796082	
5.62222578296522e-06	3.93555804807565e-05	0.000115255628550787	0.000503189207575387	0.00180473447633183	0.00563628134742263	0.0152277985331613	0.0377729239228518	0.0779774604968361	0.133719018022045	0.192448788550899	0.22020852835429	0.185519395273395	0.102023720170578	0.026997928209799	
3.34916745279069e-05	3.90736202825581e-05	0.000122802806602325	0.000535866792446511	0.00206531992922093	0.00601733752351395	0.016904922717961	0.0396373968037779	0.0815466455296987	0.136054345823867	0.1942098476687	0.218823437473835	0.180944353582772	0.097424490228804	0.0256406678239901	
8.34854623981477e-06	2.50456387194443e-05	7.2354067411728e-05	0.00019758226100895	0.000589963934280244	0.00210661650117993	0.00698773320272497	0.0177017008771539	0.0417510797453137	0.0836468676254508	0.139306625406296	0.198177790640723	0.21649171824213	0.175842646600472	0.0922263903112338	0.0248675363996616	
1.38952575485987e-05	1.94533605680381e-05	4.1685772645796e-05	0.000188975502660942	0.000753122959134048	0.0025067044617672	0.00714772048299915	0.0194061166923729	0.0429835897008351	0.0856809370961691	0.144421748857115	0.200275126099462	0.213319993886087	0.170794947684355	0.0896049578278933	0.0228410243583865	
3.33511205976521e-05	1.94548203486304e-05	5.00266808964781e-05	0.000302939345428673	0.000875466915688367	0.00273201262895767	0.00817102454642476	0.0202357924226254	0.0457160485592316	0.0881470117395945	0.147898323550338	0.198653170579865	0.211468338669513	0.167483769121309	0.0871075684809676	0.0211057008182142	
6.41064948240974e-05	0.000429234791430913	0.00102849115609095	0.00304923936250272	0.00891916449726572	0.0212833562816003	0.047121060934617	0.0928847365223063	0.151514306897301	0.197754600337813	0.2084408743011	0.163050688726734	0.0835056776056503	0.0209544620907636	
1.12226832874606e-05	6.17247580810334e-05	0.000322652144514493	0.00109982296217114	0.00321529876185747	0.00926432505379874	0.0224397552332775	0.0499914427039933	0.0967535582920198	0.152325480260703	0.199211045364892	0.20781323210473	0.157659060493069	0.0802113231263029	0.019620056057303	
2.25598046320919e-05	8.74192429493561e-05	0.000352496947376436	0.00119284966992186	0.00325707179375827	0.00977967530801183	0.0241530908342334	0.0524120661115075	0.098938843189618	0.154937918237628	0.201453415413423	0.20545496076004	0.153440511205173	0.0761308807065731	0.0183862407751549	
1.40627988344752e-05	8.15642332399564e-05	0.000374070448997041	0.00128252725370414	0.00356070066488913	0.010746790869306	0.0258699247359006	0.054240215104571	0.100453384634423	0.158788686759594	0.199804245840224	0.202473365059008	0.151360716415224	0.0737425045282212	0.0172072406538639	
2.82098587814469e-05	0.000124123378638367	0.000488030556919032	0.00135125223563131	0.00385910868130194	0.0119496961798209	0.0267175572519084	0.0564563903793098	0.103366564546978	0.160437929847723	0.199009269759596	0.200242040588345	0.147921215506395	0.0707164739933312	0.017332137235321	
2.81365183872148e-06	1.40682591936074e-05	0.000166005458484567	0.000582425930615346	0.00149123547452238	0.00429363270588897	0.0117554373821783	0.0283391013196027	0.0583607664387609	0.106567063391576	0.161326355476773	0.200658394530261	0.198137362482766	0.143577839678118	0.0684167581103514	0.0163107397090684	
8.45256140785863e-06	2.81752046928621e-05	0.000177503789565031	0.000540963930102952	0.00174686269095745	0.00436152168645505	0.0127436450825815	0.0298488118516181	0.0613965885462158	0.109762144921983	0.163235865908566	0.201199136711728	0.194775190041756	0.138151481170511	0.0662230011101031	0.0158006547917571	
8.45113273349071e-06	1.69022654669814e-05	4.78897521564474e-05	0.000177473787403305	0.000597213379833344	0.00178882309525553	0.005000253533982	0.014133110974641	0.03138468992794	0.0642849496594193	0.112349358559026	0.165529519806638	0.200925680738742	0.19118997582976	0.134460338834082	0.0633215205278014	0.0147838481951198	
2.82680717782879e-06	4.52289148452606e-05	2.26144574226303e-05	5.37093363787469e-05	0.000172435237847556	0.000607763543233189	0.00193353610963489	0.00601827248159748	0.0150131729214487	0.0333082689763566	0.0675889596218863	0.116023473806805	0.167067131016859	0.201305419554721	0.18639966530603	0.130431709992198	0.0601459763226631	0.0138598355928945	
8.51191810399862e-06	1.70238362079972e-05	1.70238362079972e-05	9.93057112133172e-05	0.000207123340530633	0.00069513997849322	0.00245710702602093	0.00664497073318825	0.0160449656260374	0.0352506901746929	0.0707936228709565	0.118897309382687	0.169588618998034	0.196968622232563	0.183707053826533	0.126785020159059	0.0582442182796279	0.0135736720698431	
1.42810627395648e-05	5.71242509582593e-06	3.99869756707815e-05	0.000185653815614343	0.000851151339278064	0.00257059129312167	0.00684634147734738	0.0167488303809616	0.0369251158194188	0.0738816499768647	0.120000913988015	0.17037022227046	0.197572790576784	0.180546907578674	0.124533723301553	0.0562102629429272	0.0126958647754731	
5.70523883556075e-06	2.85261941778038e-05	7.41681048622898e-05	0.000262440986435795	0.000875754161258576	0.0025873258119268	0.00695753875996634	0.0180057337650297	0.0387956240818131	0.0747528918429348	0.122328878492676	0.171750509905721	0.195646902768467	0.176808204133446	0.123407168632597	0.0556945415127441	0.0120180856071087	
1.71196233682859e-05	8.55981168414295e-05	0.00029103359726086	0.000904486767957772	0.00260503602254084	0.0071274698623297	0.0186489763891861	0.0407817961338184	0.0756344960410871	0.122804764961838	0.171595691561452	0.195466153077966	0.178218132534418	0.120587773735644	0.0535016762964548	0.0117297952778372	
1.41950283332766e-05	1.70340339999319e-05	6.24581246664168e-05	0.000374748747998501	0.000987973971996048	0.00273680146265572	0.00758582314130299	0.0198957517119204	0.0422557603424976	0.0773742604390238	0.125427270352832	0.172540569390977	0.195201512622219	0.175606695510964	0.117256612044198	0.0518033363994595	0.0108591966749566	
1.69250558526843e-05	4.23126396317108e-05	0.000157967187958387	0.000366709543474827	0.00112833705684562	0.00323550651050482	0.00870229955092185	0.0215512377857514	0.0429445083835443	0.0802388689549342	0.129420260420193	0.17378365265272	0.195033060275766	0.17154108275224	0.112543158892424	0.049192674835827	0.0101014375014104	
1.12909508674273e-05	3.10501148854251e-05	0.000146782361276555	0.000465751723281376	0.0010980449718573	0.00350584024433618	0.00945899408918722	0.0221076817984227	0.0450706531250529	0.0832199533683729	0.131248835620692	0.173714101833086	0.19263209001146	0.170538521901622	0.109982329661892	0.0470352785759853	0.00973279964772233	
6.21741157851602e-05	0.000161087481807006	0.00048608854159307	0.00120391696929447	0.00393957806384151	0.010075032853368	0.0230779013409826	0.0478458081928528	0.0855120179739716	0.131992821715723	0.174217524622363	0.192202800661307	0.167952069408922	0.10705534909353	0.0452655823877687	0.00895024657689101	
2.53380518416541e-05	0.000154843650143442	0.000411039507653499	0.00146679166772242	0.00425397737030437	0.0110051605165584	0.0242682229861176	0.0499047007716844	0.0860592854106313	0.132675670121088	0.176161397759553	0.193743190398568	0.165249143433081	0.103294791341143	0.0428747990551722	0.00845164795873839	
3.65271143579657e-05	0.000160157347569542	0.000533857825231807	0.00169148637257657	0.00423714526552402	0.0113852205675752	0.0251952795729137	0.051095813430739	0.0886625456588929	0.135456588929475	0.180087103118854	0.191146389435235	0.160221972464175	0.100643439168306	0.0409497049733071	0.00849676875526833	
4.48646769182453e-05	0.00016824253844342	0.000499119530715479	0.00158708794598293	0.00459302129950537	0.0112722500757091	0.0265935372432899	0.0519560999136355	0.0924885314669628	0.139509516919591	0.180616777145934	0.189477550837287	0.157374070459975	0.0949981493320771	0.0405492558071716	0.00827192480680148	
2.79415462851714e-06	3.63240101707228e-05	0.00015647265919696	0.0006845678839867	0.00174075833356618	0.0047752102601358	0.0119198636452541	0.028204196820252	0.053949537567409	0.0962111263237308	0.1418871720361	0.180697979826204	0.188574701723993	0.152616725809606	0.0929028472435665	0.0378803542988069	0.0077593674033921	
1.9329594437495e-05	0.000245761986419579	0.000715194994187315	0.00191086847867808	0.00513614937910581	0.0127602936993806	0.0288093798237693	0.0560447783861998	0.0973107011396177	0.143571943369811	0.181789312943373	0.1862516878878	0.149859584303265	0.0913986066123781	0.0369278094875172	0.00724859791406062	
1.65024671188343e-05	0.000242036184409569	0.00067110032949926	0.0021810760708726	0.00577036266921905	0.0137438046988025	0.02982270849492	0.0590210736505107	0.0986765021370695	0.14572228548168	0.18124384595497	0.183953000973646	0.147985873888146	0.0881534289376262	0.0358213552926162	0.00697504276889395	
4.65938523523043e-05	0.000328897781310384	0.00073727919310411	0.00249688232311466	0.00667936577544504	0.0150333694207288	0.0319167888613285	0.061312028065944	0.101426594126434	0.147527099806773	0.18084170423867	0.181195269353579	0.144328568883529	0.0853078620273807	0.0342355182195667	0.00658617807074043	
2.71521470560285e-06	3.80130058784398e-05	0.000304104047027519	0.000999199011661847	0.00256316268208909	0.00679075197871272	0.0162695665159723	0.0334595908171439	0.0632536417817239	0.102233264095358	0.149268928440516	0.179853106884427	0.181123827366649	0.14167175769424	0.0829742461885174	0.0325527091054725	0.00664141516990456	
5.41017220578131e-06	8.11525830867197e-05	0.000262393351980394	0.0010117022024811	0.00270508610289065	0.00709544084788219	0.0161953504980064	0.0343518884206084	0.0650843716355492	0.104694947440177	0.150500170420424	0.181651941981313	0.179909866531052	0.137415668940742	0.0810741355897358	0.0315034327542646	0.00645704052759999	
