# <P(N_2)> as a function of N_tot.
# number_of_species: 2
# species_total_upper_bound: 100
# species_total_lower_bound: 0
# volume: 512
# Bin widths for each species index 
1	1	1	1	1	1	1	1	1	1	1	1	1	1	1	1	1	1	1	1	1	1	1	1	1	1	1	1	1	1	1	1	1	1	1	1	1	1	1	1	1	1	1	1	1	1	1	1	1	1	1	1	1	1	1	1	1	1	1	1	1	1	1	1	1	1	1	1	1	1	1	1	1	1	1	1	1	1	1	1	1	1	1	1	1	1	1	1	1	1	1	1	1	1	1	1	1	1	1	1	1	
# Bin lower bound for each species index 
0	0	0	0	0	1	1	2	3	4	5	6	6	7	8	9	10	11	12	12	13	14	15	15	16	17	17	18	18	20	20	21	22	23	23	24	25	26	28	29	30	31	31	32	34	34	35	35	36	36	37	38	41	41	42	43	44	44	46	47	48	48	49	50	51	52	52	53	53	56	56	57	57	58	59	62	62	63	64	65	65	66	66	66	67	69	70	72	72	73	74	76	77	78	79	79	80	80	81	83	84	
# Bin upper bound for each species index 
0	1	2	3	4	5	6	7	8	9	10	11	12	13	14	15	16	17	18	19	20	21	22	23	24	25	26	27	28	29	30	31	32	33	34	35	36	37	38	39	40	41	42	43	44	45	46	47	48	49	50	51	52	53	54	55	56	57	58	59	60	61	62	63	64	65	66	67	68	69	70	71	72	73	74	75	76	77	78	79	80	81	82	83	84	85	86	87	88	89	90	91	92	93	94	95	96	97	98	99	100	
# Normalized histogram for each species index 
1	
0.0491729579735533	0.950827042026447	
0.00229389377427358	0.095964253705171	0.901741852520555	
6.75487845115833e-05	0.00701468146851057	0.136149771243443	0.856767998503535	
3.11005714730008e-05	0.000362840000518343	0.0133758374476798	0.169412587956304	0.816817634024025	
3.63248583979181e-05	0.00105601552628233	0.0210762017690206	0.202184161842812	0.775647296003487	
2.6165544164822e-06	8.37297413274304e-05	0.00203567933602315	0.0312024114165502	0.231892135160735	0.734783427790948	
1.05679200219813e-05	0.000171728700357196	0.00340815420708896	0.0414447403462051	0.25882685519836	0.696137953627967	
1.05794356929001e-05	0.00039408397956053	0.00508606370936174	0.0513975434550321	0.281264877331443	0.66184685208891	
1.85742412422453e-05	0.000764197353966662	0.00788874560188502	0.0613666396013437	0.30021546119841	0.629746382003152	
2.91903395897961e-05	0.00109596456823507	0.0105403662591518	0.0756268625426909	0.316595769523693	0.596111846766639	
8.75264236968509e-05	0.00146407836002005	0.0138265226282328	0.0882690721403393	0.329621859326471	0.56673094112124	
7.94697776435622e-06	0.000193376458932668	0.00193376458932668	0.0183018897913124	0.100028609119952	0.340127999321858	0.539406413740854	
3.4432069499808e-05	0.000293996901113745	0.00274926831852313	0.0220047410311081	0.110508402749268	0.350531710611699	0.513877448318788	
3.96789706745954e-05	0.000367691794917917	0.003825052773031	0.0255400307908812	0.119706163995831	0.361988604199622	0.488532777475042	
3.42704996902474e-05	0.000514057495353711	0.00467660511157684	0.0296571631934833	0.133765668867887	0.367653920676974	0.463698314155034	
3.95072653861045e-05	0.000726933683104323	0.00611835849946138	0.0357409060859625	0.145515793687793	0.373206699378682	0.438651801399611	
0.000133953547011129	0.00101121795292715	0.00753291711427288	0.0407533967730328	0.158553721938702	0.37798013810348	0.414034654570574	
0.000215249085191388	0.00130724444421111	0.0092320857636355	0.0483129196700914	0.170044152312353	0.376714773962211	0.394173574762307	
2.62481659094071e-06	0.000228359043411842	0.00168513225138393	0.011465198869229	0.054583061008612	0.180422018011491	0.375616503796797	0.375997102202484	
1.3195188506463e-05	0.000358909127375794	0.00248597351461763	0.0137731377630461	0.0618194581527792	0.190105719850314	0.376902086423207	0.354541519980154	
3.17954071534367e-05	0.00047693110730155	0.00292252784085339	0.0162924965488735	0.0668604420091518	0.198623258870256	0.377914910191223	0.336877638025187	
2.38905494295468e-05	0.000610536263199529	0.00372427120551712	0.0185337573463439	0.0736147463089101	0.207255825312303	0.376037248021066	0.320199724993231	
5.31431517077552e-06	8.23718851470205e-05	0.000717432548054695	0.0042541092942058	0.0217860350425942	0.0799910719505131	0.215498137332533	0.369708934958097	0.307956592673685	
3.44092852132714e-05	0.000121755932293114	0.000759651142785299	0.00512433662868411	0.0246793981021956	0.0868834451635103	0.224375008271463	0.368851656277709	0.289170339196146	
3.16795716921907e-05	0.000134638179691811	0.00101902622276547	0.00607191790766989	0.0279123426251277	0.0951337537916487	0.230307846237919	0.362625497303276	0.276763298160209	
5.2904874390602e-06	2.38071934757709e-05	0.000198393278964757	0.00120094064866666	0.00723209632919529	0.0308303155511233	0.100947790824708	0.238476657046797	0.358205678280168	0.262879030359462	
1.06245086164765e-05	2.39051443870721e-05	0.000196553409404815	0.00154852213085145	0.00782229446888081	0.0336212575168398	0.107490809800047	0.244661184420221	0.354951552240709	0.249673296360043	
2.66926475102433e-06	1.6015588506146e-05	3.73697065143406e-05	0.000280272798857555	0.0019085242969824	0.0092810335393116	0.0374017376913529	0.114228515755335	0.249365382305444	0.350399722396466	0.237078756656479	
1.87515737928005e-05	2.41091663050292e-05	0.000243770459306406	0.00227161922518497	0.0113393445521321	0.0417624336328228	0.120792280780708	0.254772275530268	0.345497747132349	0.223277667947131	
5.36845015528242e-06	1.07369003105648e-05	3.48949260093357e-05	0.000351633485170999	0.00306001658851098	0.012269592829898	0.0456935634966863	0.127642955117072	0.259999409470483	0.337925147699485	0.213006681036218	
2.68564522626561e-06	1.61138713575937e-05	8.59406472404995e-05	0.000566671142742044	0.0034832818584665	0.0144326574459514	0.0497784342688331	0.13531086343494	0.262817241842353	0.332622532563448	0.200883577279441	
1.07608455872462e-05	1.61412683808694e-05	0.000102228033078839	0.000707525597361441	0.00399496392426517	0.0162004530315992	0.0544444982486724	0.141480907569717	0.264934708569399	0.325768458885499	0.192339354026439	
2.6944591142774e-06	4.58058049427158e-05	0.000150889710399534	0.000940366230882813	0.00443238524298632	0.0177403188084024	0.0589332097474753	0.145983100352435	0.269437828050397	0.318886541715616	0.183446859877348	
1.07860902580033e-05	2.69652256450082e-06	3.77513159030115e-05	0.000213025282595565	0.00119455949607386	0.00490497454482699	0.019630684269566	0.0622033825179049	0.153405168694452	0.271658469238071	0.312920657520062	0.173817844507723	
1.34670703196544e-05	2.69341406393088e-06	4.57880390868249e-05	0.000288195304840604	0.00130091899287861	0.00560499466704015	0.0216765963865157	0.0673353515982719	0.159606330600416	0.273333046035833	0.305656708217068	0.165135909673666	
2.41031615313542e-05	2.41031615313542e-05	4.28500649446297e-05	0.000305306712730486	0.00152653356365243	0.00624539696567978	0.0243174118560773	0.0716988711686016	0.164951325004352	0.274508228551534	0.298694412083718	0.157661457705647	
8.08411794189136e-06	8.08411794189136e-06	8.62305913801745e-05	0.000334143541598176	0.00192671477615077	0.00746703027232699	0.0270791003993554	0.0768287622137549	0.17255280276369	0.277331055408544	0.288964101126926	0.147413890670389	
5.39744053369892e-06	0.000121442412008226	0.000469577326431806	0.00217516853508066	0.00837682770830072	0.0300745386537704	0.0824890836765206	0.179173435956669	0.276054794816298	0.281921812676429	0.139137920797958	
1.62247232332628e-05	0.000116277183171717	0.00053000762561992	0.00254457742708339	0.00960774027463048	0.0333391021238163	0.0880434606253008	0.180527087175438	0.276609898162821	0.274435785249563	0.134229839429322	
1.62300336773199e-05	0.000119020246967012	0.000724941504253621	0.00265090550062891	0.010952567726578	0.0349053924286893	0.0915482099625357	0.183718571216035	0.276635514018692	0.269161583510286	0.129567063851658	
1.89486734575103e-05	0.000151589387660082	0.000655082710959642	0.00278545499825402	0.0115722255758367	0.0382438369439579	0.0948164550280305	0.190093092125743	0.274747644273846	0.262417471759709	0.124498198522545	
1.08340601181996e-05	3.52106953841487e-05	0.000170636446861644	0.000698796877623874	0.00321229882504618	0.0133042258251491	0.0402404077940228	0.100689046223518	0.192529373845495	0.275558902076348	0.256899942037778	0.116650325292655	
5.43292242330072e-06	2.71646121165036e-05	0.000165704133910672	0.000806788979860157	0.00349608557939401	0.0143347658138789	0.0431917332652407	0.10580344773257	0.199695213052053	0.274756469252376	0.247844488028555	0.109872706627622	
3.78748938150298e-05	0.000197490517749798	0.00101991678344759	0.00401473874439316	0.0156856167385388	0.0467727885120036	0.11080300185587	0.204069927875381	0.272074299720267	0.240638137853792	0.104686206504742	
5.40525931731575e-06	5.40525931731575e-05	0.00034323396664955	0.00133239642171833	0.00508364638793546	0.017410340261074	0.0498689224615551	0.114721223750709	0.204383665306343	0.272481824815546	0.234947704116105	0.0993675846598741	
2.1628110054638e-05	9.46229814890413e-05	0.000410934091038122	0.00144367634614709	0.00577470538458835	0.0191625055084093	0.0534619845413083	0.118273319833788	0.209057311788131	0.269875557261773	0.227903506186991	0.0945202479662818	
1.88808510408743e-05	1.61835866064637e-05	0.000140257750589352	0.000380314285251898	0.00174513008906367	0.00660020607100279	0.0210710297616158	0.0571981895961116	0.123564381004785	0.211686707341414	0.26662458934149	0.221288968727916	0.0896651615931123	
5.38048069214504e-06	3.76633648450153e-05	9.95388928046832e-05	0.000425057974679458	0.00192352184744185	0.00679016663348704	0.0228455210188478	0.0605949735549374	0.127019697939814	0.213564729872967	0.265131256826485	0.215614693016674	0.0859477985763248	
2.67084029977512e-06	1.06833611991005e-05	2.93792432975263e-05	6.9441847794153e-05	0.0005902557062503	0.00229158097720705	0.00764127409765661	0.0245583765564322	0.063942587616916	0.131867398120797	0.217435779644992	0.263913742541678	0.207289257346146	0.0803575720993339	
1.3349352556401e-05	5.33974102256041e-06	2.6698705112802e-05	0.000114804431985049	0.00066212788679749	0.00242157255373114	0.00871979708984114	0.0270724869843813	0.0666880256307569	0.137028434120945	0.221524496061941	0.258945401148044	0.200496595915098	0.0762808703777867	
5.34286500450136e-06	5.34286500450136e-06	2.93857575247575e-05	0.000138914490117035	0.000697243883087428	0.00271150398978444	0.00989231455583428	0.0290678570569897	0.0707849470121363	0.140990193171284	0.222303255674791	0.257691722032105	0.194031485503472	0.0716504911428655	
2.67331788155598e-05	0.000144359165604023	0.000810015318111461	0.00323471463668273	0.0109311968176824	0.0313125723466652	0.0735536681931312	0.143332611537505	0.22484742038191	0.256368511523337	0.187471763079876	0.0679664338206792	
5.36672149667129e-06	2.95169682316921e-05	0.000182468530886824	0.00104114397035423	0.00377817193365659	0.0117853204066902	0.0335903098476656	0.076988303230498	0.14855353438861	0.226126810262245	0.252042708369671	0.181574971757628	0.0643013736123671	
2.69057330736033e-06	6.4573759376648e-05	0.000207174144666746	0.00107353874963677	0.00416769805310115	0.0128367252494161	0.0353729672718663	0.0816911867580744	0.152181516837608	0.227985729199178	0.247616152049679	0.176084570100197	0.0607154772538933	
1.07875447008884e-05	7.82096990814406e-05	0.000293960593099208	0.00130529290880749	0.00447413416469344	0.0138215416480132	0.0378130410627889	0.0841913926180832	0.156411307504355	0.227684615343125	0.245351916677005	0.170812679680041	0.0577511205562058	
4.02588374858088e-05	0.00013688004745175	0.000338174234880794	0.00144931814948912	0.00489279071577529	0.015182949577148	0.0397193690634989	0.0869832442718384	0.158340691754185	0.229096940596743	0.242374305199563	0.166030129713974	0.0554149478379662	
2.67229630421421e-06	2.40506667379279e-05	0.000173699259773924	0.000309986371288849	0.00149114133775153	0.00543545068277171	0.0160765345661527	0.0414446433820582	0.090556104860907	0.162590524037305	0.230808904091286	0.239472488709548	0.159362390101814	0.0522514096363005	
2.67715397115634e-06	0.000128503390615504	0.000433698943327328	0.00173211861933815	0.00578532973166886	0.0170775651820063	0.043870522125339	0.0934862166727795	0.168342118860282	0.230703743464398	0.233011450187535	0.154744853840779	0.0506812018279607	
5.37696561699336e-06	0.000155932002892808	0.000430157249359469	0.00174482534271435	0.00598725121452211	0.0185075156536912	0.0451638226999357	0.0981215570617034	0.171963425879873	0.231193390633864	0.229542662189447	0.149321023666714	0.0478630594396664	
2.69337779202275e-05	0.000123895378433047	0.000404006668803413	0.00197424592155268	0.00661224247941586	0.0196993651708544	0.0480283127873497	0.10226216800752	0.174794831946693	0.231498514602148	0.225201397324399	0.144394676808132	0.04497940912678	
2.68897439827475e-06	3.22676927792971e-05	0.000201673079870607	0.000580818470027347	0.00225604952015252	0.00732476626090043	0.0215870864693497	0.0515610840869184	0.105682071800994	0.177367440284601	0.230474684650527	0.220694884764002	0.139081822801965	0.0431526611435133	
1.6119325997249e-05	4.29848693259972e-05	0.000209551237964237	0.000752235213204952	0.00244207788858322	0.00831757221458047	0.0227013841127923	0.055375257909216	0.110041265474553	0.180171079779917	0.228080403198074	0.216501354023384	0.134351895632737	0.0409968191196699	
1.62003223864155e-05	7.56015044699389e-05	0.000210604191023401	0.000942318752143168	0.00314016248923354	0.00937188650054136	0.0241006796035241	0.0584021622030278	0.113016149021366	0.181430110459198	0.229248062036435	0.210023679471221	0.129910385216666	0.0401119982287648	
3.50394868062855e-05	6.7383628473626e-05	0.000231799681949274	0.00115630306460742	0.00350394868062855	0.00991617476617881	0.0268618096547263	0.0614754319290585	0.116225977736449	0.184086682299668	0.226794426026253	0.205204711463303	0.125624646235951	0.0388156653459475	
1.88191772793384e-05	5.91459857350636e-05	0.000354875914410382	0.00128239250889206	0.00360790512983888	0.0110952492331185	0.0279868050682733	0.0629743440844605	0.119902355354459	0.184629571379795	0.224370296885964	0.204209581111998	0.1230532233218	0.0364554348439756	
8.10390283960756e-06	2.43117085188227e-05	8.64416302891473e-05	0.000405195141980378	0.00129122185244414	0.0040087306046592	0.011418399101007	0.0288877123222544	0.0658198988632926	0.122217660025068	0.185625297143104	0.225612655054674	0.201236115313135	0.118665449280373	0.0346928080563599	
1.61718528900449e-05	2.15624705200598e-05	0.000167109146530464	0.000431249410401197	0.00150937293640419	0.00422354891311672	0.0123310378286592	0.0319097610608736	0.068105063137609	0.125143188280797	0.188623101491853	0.223802272145331	0.196078325674164	0.114450898211663	0.0331873374391871	
5.37029528568628e-06	8.05544292852943e-06	1.61108858570589e-05	9.93504627851962e-05	0.000518233495068726	0.00149025694177794	0.00461039850276167	0.0134660154288584	0.033859711776252	0.071811588560197	0.127708307041263	0.192605640421139	0.220772839194563	0.191316769552574	0.110155496899997	0.0315558550986926	
2.68716074595582e-05	0.000112860751330145	0.000481001773526092	0.00169022410920621	0.00494706293330467	0.014293008007739	0.0355672596334713	0.0748669855430752	0.131652066426614	0.192411458053421	0.219764067286505	0.188144246788843	0.107112914494545	0.0289299725909604	
5.37984387693069e-06	3.76589071385148e-05	0.000110286799477079	0.000489565792800693	0.00181838723040257	0.00560041747588485	0.015254547313037	0.037839131908392	0.078007736215495	0.133985011754959	0.192305209302826	0.220296536994496	0.185341001404139	0.102052948423437	0.026856180633638	
3.20604446249329e-05	3.74038520624217e-05	0.000117554963624754	0.000542355854905114	0.00211331764152683	0.00601133336717491	0.0169893639474957	0.0399045667431664	0.0816205486076416	0.136304980322902	0.194008437240344	0.218775130713104	0.180735413165622	0.0972794041032026	0.0255281290326028	
7.98973053302156e-06	2.39691915990647e-05	6.92443312861868e-05	0.000197080019814532	0.000604556276998631	0.00215722724391582	0.00696171853777278	0.01779579314055	0.0420472885517814	0.0836950905769118	0.139593908629442	0.197748493935795	0.216274015798361	0.17576341875243	0.092305356847998	0.0247548484348118	
1.32951496634998e-05	1.86132095288997e-05	5.05215687212991e-05	0.000186132095288997	0.000768459650550286	0.00246492074761286	0.00711290506997237	0.0194428268679021	0.0432570989451628	0.0859238932452663	0.144518276842242	0.199770259813815	0.213466922997152	0.170672495260279	0.0893513828285165	0.0229819957083257	
3.19030996519904e-05	1.8610141463661e-05	5.58304243909831e-05	0.000305738038331574	0.000845432140777744	0.00271708065369451	0.00806350843704056	0.0202159308128112	0.0458952674410258	0.0886480795663305	0.147825670829135	0.198692504632596	0.211350059419523	0.167310488941588	0.0868588473941814	0.0211650480274579	
6.93113385352381e-05	0.000413202210498535	0.00102100933303832	0.00302037486770865	0.00885052476680733	0.0213798821174081	0.0474889301794897	0.0929385075136157	0.151565236631576	0.19744667692119	0.208416529154748	0.16288164555781	0.0835468211420909	0.0209613482654838	
1.07334141917202e-05	5.90337780544613e-05	0.000311269011559887	0.0010894415404596	0.00316367383300954	0.00923073620487941	0.022521386327777	0.0501974948211277	0.096724161988687	0.152221280066976	0.199088733135123	0.207702298023978	0.157824122275054	0.0802456878508485	0.0196099477282729	
2.1555266355732e-05	8.35266571284613e-05	0.000339495445102778	0.00118553964956526	0.00324676199483213	0.00971873071814064	0.0242847019580265	0.0524547406766737	0.0989063396732761	0.155014697997246	0.201124107140451	0.205685740382983	0.1533818865708	0.0762113386089848	0.0183408372604334	
1.34408963464956e-05	7.79571988096742e-05	0.000376345097701876	0.00130914330414867	0.00356183753182132	0.0106398135478859	0.0260592098365856	0.0543254148532657	0.100658872738905	0.158788061258229	0.199624192538152	0.20258656609292	0.151067610396802	0.0736937464885658	0.0172177882198608	
2.69700982520679e-05	0.000132153481435133	0.000498946817663257	0.0013485049126034	0.00383514797144406	0.011842570142483	0.0268325507509824	0.0564996588282571	0.103611026454969	0.160331840088893	0.199104053336066	0.200083067902616	0.147637014841645	0.0708882062457354	0.0173282881269536	
2.68672756582483e-06	1.34336378291241e-05	0.00016120365394949	0.000569586243954863	0.00147770016120365	0.00423965609887157	0.0117275658248254	0.028328855454057	0.0586566362170876	0.106544868350349	0.161432025792585	0.200478237506717	0.198154218162278	0.143788285867813	0.0681273508866201	0.0162976894142934	
8.06445109313635e-06	2.68815036437878e-05	0.000169353472955863	0.000532253772146999	0.00169353472955863	0.00428491168081978	0.0125912963067502	0.0298761031497058	0.0615667077953672	0.110052875917667	0.163125028561598	0.201191925871566	0.194753805748878	0.138369851856033	0.0659914032951347	0.0157660018870816	
8.05611351601018e-06	1.61122270320204e-05	4.56513099240577e-05	0.000169178383836214	0.000582725544324737	0.00173474977711419	0.00492765610062623	0.0140310643737177	0.0314994038475998	0.0645858620578536	0.112586871757414	0.165488683845881	0.200777146417178	0.191066844259213	0.134421624756974	0.0633855011439681	0.0146728680838265	
2.69297886550186e-06	4.30876618480298e-05	2.15438309240149e-05	5.11665984445354e-05	0.000164271710795614	0.000589762371544908	0.00190124307904432	0.0059299394618351	0.0150779886679449	0.0336218411357908	0.067873839326109	0.116021608462417	0.166991619449771	0.200753495486567	0.186074067690717	0.130787211581963	0.0602877178619902	0.0138069026434281	
8.10749456797864e-06	1.62149891359573e-05	1.62149891359573e-05	9.45874366264175e-05	0.00019998486601014	0.00067832704552088	0.00237819840660707	0.00657247559644135	0.0161609391721708	0.0354270487638773	0.0709919249354103	0.118701827969775	0.169319619055855	0.196833753121385	0.183526652037143	0.127174159793313	0.0583604483984996	0.0135395159285243	
1.36058124030586e-05	5.44232496122343e-06	3.8096274728564e-05	0.000185039048681597	0.000832675719067186	0.00253340226944951	0.0068518871261803	0.016868486217312	0.0373125799341479	0.0737435032245775	0.12006040980707	0.170023674113581	0.196911480584506	0.180418514789518	0.124953059947209	0.0564695637976544	0.0127785790089526	
5.43986770241748e-06	2.71993385120874e-05	7.34382139826359e-05	0.000263833583567248	0.000870378832386796	0.00256217768783863	0.00701198946841613	0.0181283591183062	0.039039210566399	0.0748743390560742	0.122309985421155	0.171431990773984	0.195334769458407	0.176787540527014	0.123542115455752	0.055652566529582	0.0120846661009204	
1.90358608424184e-05	0.000108776347670962	0.000280099095252728	0.00089740486828544	0.00256984121372649	0.00718195835497529	0.0187258482515562	0.0409434172633503	0.0758225531440444	0.122794899477058	0.171567494364025	0.195435744451726	0.17842584308468	0.120129878959119	0.0534010284803672	0.0116961767833202	
1.35255402777064e-05	2.43459724998715e-05	7.03328094440732e-05	0.00035977937138699	0.000968428683883778	0.00276462043276319	0.00759053320384883	0.0200313251512832	0.0423160053128322	0.077723164651812	0.125784819474614	0.172604829699922	0.195403480392024	0.175044837166021	0.11684443735105	0.0516215770238942	0.0108339577624428	
1.6141355228185e-05	4.03533880704624e-05	0.000150652648796393	0.000349729363277341	0.00110837305900203	0.00320674923866608	0.00863831527295032	0.0215379483261415	0.0431539132025525	0.0804162317468175	0.129628533611682	0.173941934164792	0.19497950047886	0.171362007554154	0.112263125612026	0.0491208341852382	0.0100856567917442	
1.07704072290973e-05	2.96186198800177e-05	0.000140015293978265	0.000444279298200265	0.00107165551929518	0.00346537852596207	0.00945103234353291	0.0222031945027842	0.0452168621495579	0.0831960106411623	0.131372042176915	0.173947461953536	0.192806445011686	0.170075500554676	0.109895850162095	0.047053216582119	0.00962066625739119	
5.92276711679697e-05	0.000153453511662467	0.000471129202472486	0.00118993775710194	0.00386595162714566	0.010149469104693	0.023047640584954	0.0479609528116991	0.0852797699812625	0.132190777713166	0.17448741142771	0.192376860287308	0.167770455083888	0.106833257952661	0.0452337877711012	0.00892991751200706	
2.41453226485809e-05	0.000150237563146726	0.000410470485025876	0.00144871935891486	0.0042173830226188	0.0110263640095186	0.0243787274341839	0.0499513069326587	0.0860431986650319	0.132946829316714	0.176384264761511	0.19382523615467	0.165086936575603	0.102834929160306	0.0427747804787749	0.00849647075867287	
3.48338692390139e-05	0.000152733118971061	0.000538585209003215	0.00170953912111468	0.0042390139335477	0.0113933547695606	0.0253563772775991	0.0512888531618435	0.0886227224008574	0.135592175777063	0.180163451232583	0.191221864951768	0.160029474812433	0.100275991425509	0.0408520900321543	0.00852893890675241	
4.27523994784207e-05	0.000176353647848485	0.000502340693871444	0.00161390308031038	0.00461191509373464	0.0115137555845322	0.0267683461234262	0.052043030290075	0.092366559073128	0.139522455697826	0.180869370043394	0.189406489814241	0.156981466834826	0.0947954297684958	0.0404651461063252	0.00832068574848763	
7.98333080527858e-06	4.78999848316715e-05	0.000164988836642424	0.000670599787643401	0.00175633277716129	0.00484322068853567	0.0121107128316076	0.0284605743208181	0.054134966190594	0.0959622973897169	0.142007488364295	0.180910259378418	0.188143157088	0.152478957270552	0.0926279262233789	0.0378782435607784	0.00779439197622032	
2.63063745606835e-05	2.63063745606835e-05	0.000247279920870425	0.000715533388050592	0.00198876191678768	0.00522707662520782	0.0130295473199066	0.0290448681524507	0.0560983437506577	0.0971152429656754	0.143611760001684	0.181450849169771	0.186283330176568	0.149901614159143	0.091093713828735	0.0368710145842541	0.00726845129111686	
2.62123197903014e-06	1.04849279161206e-05	2.62123197903014e-05	0.000254259501965924	0.000684141546526868	0.00220445609436435	0.00586893840104849	0.0138899082568807	0.0300393184796855	0.0590930537352556	0.0984220183486239	0.145813892529489	0.181145478374836	0.184031454783748	0.147680209698558	0.0880943643512451	0.035735255570118	0.00700393184796854	
2.61241891704786e-06	1.04496756681914e-05	5.48607972580051e-05	0.000334389621382126	0.000739314553524545	0.00246351103877613	0.00667473033305729	0.0150841068270344	0.0320778918824307	0.0613291464966156	0.101586522008323	0.14782633684007	0.18099360741091	0.181011894343329	0.143967794099591	0.0852771907091934	0.0340110818810461	0.00655455906287309	
7.77270536783033e-06	4.14544286284284e-05	0.000295362803977552	0.00100008809066084	0.0025105838338092	0.00673375375033034	0.0163097267634973	0.0336376779301804	0.0636506842571626	0.102612665364307	0.149629760134312	0.179932947461694	0.180901944730883	0.141279283667473	0.0825564946135152	0.0323137271158599	0.00658607234834156	
1.03220478943022e-05	7.99958711808423e-05	0.000270953757225433	0.00105026837324525	0.00267857142857143	0.00712737407101569	0.0162623864574732	0.0345220891824938	0.0654598472336912	0.105173926507019	0.150761251032205	0.18153127580512	0.180068125516102	0.136991639141206	0.0804758464079273	0.0311958092485549	0.00634031791907514	
