# <P(N_1)> as a function of N_tot.
# number_of_species: 2
# species_total_upper_bound: 100
# species_total_lower_bound: 0
# volume: 512
# Bin widths for each species index 
1	1	1	1	1	1	1	1	1	1	1	1	1	1	1	1	1	1	1	1	1	1	1	1	1	1	1	1	1	1	1	1	1	1	1	1	1	1	1	1	1	1	1	1	1	1	1	1	1	1	1	1	1	1	1	1	1	1	1	1	1	1	1	1	1	1	1	1	1	1	1	1	1	1	1	1	1	1	1	1	1	1	1	1	1	1	1	1	1	1	1	1	1	1	1	1	1	1	1	1	1	
# Bin lower bound for each species index 
0	0	0	0	0	0	0	0	0	0	0	0	0	0	0	0	0	0	0	0	0	0	0	0	0	0	0	0	0	0	0	0	0	0	0	0	0	0	0	0	0	0	0	0	0	0	0	0	0	0	0	0	0	0	0	0	0	0	0	0	0	0	0	0	0	0	0	0	0	0	0	0	0	0	0	0	0	0	0	0	0	0	0	0	0	0	0	0	0	0	0	0	0	0	0	0	0	0	0	0	0	
# Bin upper bound for each species index 
0	1	2	3	4	4	4	5	5	5	5	5	6	6	6	6	6	6	6	7	7	7	7	7	7	7	7	7	8	9	9	10	10	10	11	11	11	11	10	10	10	10	11	11	10	11	11	12	12	11	10	10	11	12	11	11	11	11	11	11	11	11	11	13	13	13	12	12	13	13	13	14	15	15	15	13	14	14	14	13	14	14	14	15	15	15	15	15	16	16	16	15	15	15	15	16	15	15	15	16	16	
# Normalized histogram for each species index 
1	
0.949601405215511	0.0503985947844886	
0.900754373262956	0.0969194478828503	0.00232617885419343	
0.856875589044821	0.136367685880273	0.00667701353689472	7.97115380106813e-05	
0.816213290662651	0.170256024096386	0.0131447665662651	0.000329442771084337	5.64759036144578e-05	
0.776522604908387	0.201417495977313	0.0209510057898388	0.00104283159449423	6.60617299679601e-05	
0.736166614705855	0.230526504737881	0.0312095532314901	0.00204536651267371	5.1960812100256e-05	
0.696393504980624	0.259044766184057	0.0408625157501843	0.00352328649882319	0.000166417041105009	9.50954520600052e-06	
0.662597907495283	0.279986850380196	0.051902883387647	0.00508356678672841	0.00041926324014255	9.52871000323976e-06	
0.62987810413949	0.300195434758717	0.0612680801043593	0.00787950897614167	0.000774093665333505	4.7783559588488e-06	
0.594850526214849	0.317325534006185	0.0761297437249778	0.0104236089468511	0.00125620310215041	1.43840049864551e-05	
0.565789600640673	0.330332590384114	0.0884206057448307	0.0136818440578536	0.00166922356982275	0.000106135602705493	
0.539217299557638	0.33990746207978	0.100015487518028	0.0185559825378234	0.00201337734369706	0.000275871414881569	1.45195481516615e-05	
0.513412892449953	0.35162547505507	0.109491418750454	0.0225266878071216	0.00258042652078139	0.000324368812180775	3.87306044394955e-05	
0.488717661162458	0.361658416798793	0.120098418345644	0.0255423643605708	0.0035867589620635	0.000377044742642794	1.93356278278356e-05	
0.465137141231112	0.366058811330128	0.133818202863881	0.0297625650498454	0.00465899170930978	0.000544995924587998	1.92918911358583e-05	
0.439750944989159	0.372666308498187	0.144607325824587	0.0360774795172401	0.00604888999750561	0.000810675979047144	3.8375194274421e-05	
0.412942251829306	0.377571676740413	0.158748845467293	0.0414866074205945	0.00808292535856316	0.000985839327332156	0.000181853856498165	
0.39545148392829	0.375297955986109	0.169043149281323	0.0484611379410823	0.00999794595472502	0.0014808233377758	0.000267503570694984	
0.376367949066716	0.375919323816751	0.179688730438269	0.0543600169904882	0.0115878947544254	0.00184222709028345	0.000229085234024884	4.77260904218509e-06	
0.355280287946087	0.373951792004901	0.191692831980395	0.0621314519834584	0.0141005513861234	0.00243145964159902	0.000387693368050237	2.39316893858171e-05	
0.335390490149755	0.377327560437017	0.199251709208027	0.0677849242548432	0.0167015419033201	0.00294109138597726	0.000554468048176041	4.82146128848731e-05	
0.321216904572834	0.37525420774341	0.207326993472914	0.0730520423776413	0.0187629524897833	0.00368964381863609	0.0006585191067382	3.87364180434235e-05	
0.310098189001664	0.369751170191026	0.214415001800294	0.0790718268603848	0.0215208104241882	0.00441315284981656	0.000656863985364097	7.29848872626775e-05	
0.291322752343117	0.371133374474486	0.221882593435415	0.0859384039804065	0.0240482894280094	0.0048935472673275	0.000674972036872758	0.000106067034365719	
0.279104785379632	0.362818957373244	0.229040286576097	0.0951321386268708	0.0270607247843246	0.00597033534582388	0.000767272012314716	0.000105499901693273	
0.263791937132083	0.35996008386227	0.236958889256706	0.100658712224797	0.0305416024985967	0.00682700288336524	0.00110824853552872	0.000153523606653329	
0.251748251748252	0.355845529041405	0.243851680965083	0.106562852954606	0.0329079854853051	0.00747362603032706	0.0014322447312138	0.000177829043808425	
0.236118775838198	0.353311646189743	0.248438816114322	0.114767589338445	0.0366067365689777	0.00853931278863749	0.00188794330361033	0.000314657217268388	1.45226407970025e-05	
0.222110459974538	0.347872143988649	0.253923826739361	0.120591465251659	0.0421829596586878	0.0106757242679573	0.00232271106057514	0.000306131374092539	4.85922816019903e-06	9.71845632039807e-06	
0.213644689979544	0.338478880904139	0.258317177577268	0.127273345674873	0.0461398675470946	0.0122492213654408	0.00340121180317673	0.000451875282422052	2.91532440272291e-05	1.45766220136146e-05	
0.201995375150889	0.33201471807327	0.261459105959462	0.135725262632286	0.0502043368868075	0.0142187446976638	0.00353893066119829	0.000746568934006215	8.24134537539328e-05	9.69570044163915e-06	4.84785022081958e-06	
0.190498727465023	0.327222589789778	0.263383349350693	0.142770214471644	0.0547697122187505	0.0164584409876996	0.00380070218818064	0.000917577402483254	0.00015453935199718	4.82935474991186e-06	1.93174189996475e-05	
0.182033565581499	0.31827830131661	0.269917173954037	0.145895686566515	0.0599461364768227	0.0180302583418351	0.00459338842176009	0.00106373205556549	0.000198240973991751	3.86811656569271e-05	4.83514570711588e-06	
0.173307980733317	0.312423905820265	0.271348813294593	0.153236094470773	0.0629562619143477	0.0199845750124904	0.00506405250316503	0.0013484737508428	0.000257083125160677	4.85062500303164e-05	4.85062500303164e-06	1.94025000121266e-05	
0.164445457145766	0.305726987574478	0.273957792979071	0.159015654315481	0.067678613848906	0.0213846966824874	0.00598247918979585	0.00143501931943239	0.000271490141514236	7.27205736198847e-05	4.84803824132565e-06	2.42401912066282e-05	
0.157072765554676	0.296659197589291	0.276936970001352	0.164538623500551	0.0726641426336224	0.0237304178176129	0.00627788831153779	0.0016274218161448	0.000347698429562093	5.79497382603489e-05	4.34623036952616e-05	4.34623036952616e-05	
0.147547372010327	0.287997466997905	0.27650153441473	0.173500901164207	0.0775147352525695	0.0270495396755809	0.00743825807394418	0.00196794778118759	0.000360465682692776	9.25519996103074e-05	1.46134736226801e-05	1.46134736226801e-05	
0.138234778543882	0.281348603482529	0.275924194616493	0.178708464804643	0.0837667017256827	0.0306376845467648	0.00842390245802657	0.00227883604066846	0.000564839702387909	0.000102255463363328	9.73861555841222e-06	
0.135208257771068	0.274077813611991	0.275097291521669	0.180271141913286	0.0878564496681795	0.0340838912687599	0.00997912030819601	0.00260751080744611	0.000710693735112192	9.80267220844402e-05	9.80267220844402e-06	
0.130661147273407	0.269173664234725	0.276784134038662	0.182877426205974	0.0903817034079959	0.035259876895243	0.0114599516233702	0.00242374781223575	0.000855440404318499	9.83264832549999e-05	2.458162081375e-05	
0.123948224844788	0.263538297170485	0.27468502134322	0.189996504340034	0.0939544776450083	0.0383291730056275	0.0121117232618939	0.00264882403044671	0.000620356557316515	0.000137857012737003	2.95407884436436e-05	
0.116321081129105	0.2590139336535	0.275988015972123	0.190081094554375	0.0998455106785191	0.0406213136034511	0.0139780753493285	0.00325760230598757	0.000686070788685261	0.000138201309950988	4.93576106967814e-05	1.97430442787126e-05	
0.111114416169668	0.248851079018993	0.274566087124649	0.198635671827516	0.104476206057181	0.043081438295383	0.0147488238122859	0.00362399670816168	0.00071885023622906	0.000148727635081875	2.47879391803124e-05	9.91517567212497e-06	
0.10501445765267	0.240441885179052	0.273266935224773	0.203885030768851	0.109942416528681	0.0464424288856486	0.0156735783308207	0.0042755109606307	0.000879816128314757	0.000138398042656254	3.95422979017868e-05	
0.0991637565262061	0.234439598326525	0.273880851358093	0.204808029517962	0.113769615663882	0.0498486068371424	0.0174114485831279	0.00503820639852213	0.00135833996038587	0.000227213229737272	4.44547623399011e-05	9.87883607553358e-06	
0.0935618250380052	0.226678644054412	0.271727112988885	0.209911946457128	0.117865392588498	0.0537057511204122	0.0190864938500721	0.00567116147756214	0.00137213480484097	0.000310951412607846	9.37789974531599e-05	1.48072101241831e-05	
0.0890825917973261	0.220829504861954	0.264835224229679	0.212879387182523	0.123998250777569	0.0580928561952447	0.0216982198222279	0.00663820085593974	0.0016362108697468	0.000216196030837416	5.40490077093539e-05	4.91354615539581e-06	3.43948230877707e-05	
0.0852995715838609	0.217518334341661	0.263320987472148	0.212353731056973	0.127929682696612	0.060922644080135	0.0236784763928443	0.00674349628886364	0.00180023314494828	0.000388574913800312	2.45933489747033e-05	1.4756009384822e-05	4.91866979494066e-06	
0.0802399005290489	0.208313626057488	0.264392812736183	0.216168905575737	0.130940829412195	0.0641685154935758	0.0250481507667552	0.00793817197747275	0.00215520393982983	0.000570495160543189	3.90082161055172e-05	2.43801350659483e-05	
0.0751882993899441	0.201157791724077	0.259047377927952	0.22140210622666	0.136646688511181	0.0670525972413592	0.0275328519750135	0.00889036033711312	0.00241977496579694	0.000569645213276142	9.25064876260401e-05	
0.0718234740134581	0.194239092776664	0.256630215729043	0.22300947138821	0.140670365436509	0.0704669330952067	0.0293803340604002	0.0101935754612483	0.00274235969804765	0.000697789033488994	0.000146389307724964	
0.067477550057967	0.188648287516457	0.256337073352852	0.22472048102808	0.143463480772632	0.072724057298933	0.031218683067733	0.0111954962567055	0.00332573539525653	0.000736868994517695	0.000122811499086282	2.94747597807078e-05	
0.063275781614559	0.181540879730825	0.254114988825306	0.224206105557875	0.148360635606749	0.0780607608615566	0.0340594837537147	0.0115578259694968	0.00376746813370337	0.000879239629638726	0.000167006410098976	0	9.82390647641034e-06	
0.0602851424476786	0.173729337056164	0.248746015665538	0.229176447332658	0.151644387339082	0.0820884089842109	0.0358874255639841	0.012982135356181	0.00415606236564454	0.00106743099997529	0.000217439648143115	1.97672407402832e-05	
0.0575263996812114	0.169162183701933	0.2445108587368	0.228725841801156	0.157217573221757	0.0836371787208607	0.0387178720860729	0.0139270771069934	0.00479677226539151	0.00137975692368998	0.000333731819087468	6.47539350468221e-05	
0.0549624574742847	0.165481858192663	0.241795846592697	0.228842051625344	0.158882566579908	0.0873094773021336	0.0404300280257577	0.0150120146073646	0.00529541946216523	0.00147872090641595	0.000384667262817663	0.000124891968447293	
0.0525454855640411	0.158810601423023	0.239294710327456	0.229535259465915	0.162338053328249	0.090925968669403	0.0420785372364446	0.0170000100354251	0.00539404096460506	0.00151534918261463	0.000341204451714552	0.000220779351109416	
0.0505841506373704	0.154808788869459	0.233077371448846	0.229174586279429	0.167819762284903	0.0936820497224968	0.0446742188093971	0.017592944575382	0.00631034744925112	0.00170303352847259	0.00046123824729466	0.00011150814769761	
0.048636108703411	0.148942028246571	0.230071891092643	0.230051496456432	0.172615102228114	0.0962575842553408	0.0453831642278081	0.0191760566970887	0.00643450772446847	0.0018508132361189	0.000428287360424208	0.000152959771580074	
0.045184201113893	0.145148433907312	0.226099841602371	0.231081702519033	0.173542486331817	0.101987634765725	0.0469776710438915	0.0202851157324613	0.00705635889837004	0.00213581319298963	0.000413877676153492	8.68632159828317e-05	
0.0431481632154916	0.139192872543835	0.221609169683902	0.231215166185265	0.176213335503031	0.10481164313901	0.0508929661120378	0.0219529311256662	0.00767869492697612	0.00247650624466051	0.000671250152556853	0.000137301167568447	
0.0401641092301287	0.133846513186623	0.217459962831697	0.229468574504169	0.180042855256878	0.109468777609652	0.0552446913304425	0.0224533111271339	0.00836794589269937	0.00249819743883986	0.000832732479613287	0.000152329112124382	
0.039913887216741	0.130250686147473	0.207777698421606	0.229147748722082	0.183407984818031	0.11237004009754	0.0589321606758425	0.0243799165399802	0.00952444113415841	0.00305067798512412	0.000948873085674057	0.000229566069114691	6.12176184305843e-05	5.10146820254869e-06	
0.0393835965359144	0.125899133978604	0.204875191034131	0.224192562404483	0.186128374936322	0.116658176260825	0.0617524197656648	0.0264085583290881	0.010030565461029	0.00337238920020377	0.0010443199184921	0.000178298522669384	6.11309220580744e-05	1.52827305145186e-05	
0.0376556761733254	0.12348370648402	0.203964873587406	0.222565077951904	0.184444017279929	0.121354066549983	0.0633580526693848	0.0276296753437269	0.0107898384306425	0.00331333528929717	0.00106734923059802	0.000323745738190868	4.55267444330909e-05	5.05852715923232e-06	
0.0354823783058156	0.119459374253156	0.200171869358948	0.224909870284398	0.184861258714234	0.123415420444318	0.0662968255017517	0.0291313478523957	0.0113240550998927	0.00358484905497277	0.00101189356303487	0.000259329506104413	9.15280609780282e-05	
0.0341541390703191	0.114517418152754	0.194641429902308	0.222803704061945	0.187600861362398	0.125793527564106	0.0695097055993647	0.0324945401230954	0.0125997159336771	0.00409808942489297	0.00128797096210922	0.00033090163058142	0.000167996212449028	
0.0329002047394134	0.109900468265391	0.191441487097363	0.219958038555878	0.190762400924368	0.128529727757394	0.071922320650301	0.0345016318339381	0.0137033508341611	0.00455595872777767	0.00135310453872818	0.000375017737325414	8.61527234396221e-05	1.01356145223085e-05	
0.0294349779414741	0.107828752984984	0.189015258833529	0.220231108592707	0.190689885457563	0.130636054559437	0.0745891852511434	0.0359462905249524	0.0146871332011171	0.00482656736957138	0.0015279070708706	0.000475573724045817	8.0948718986522e-05	3.03557696199458e-05	
0.0269256503315018	0.101346282516575	0.184581618377567	0.22229881794773	0.19280833721944	0.133619553537033	0.0765444739563269	0.0383558727519718	0.0156221487804384	0.00563654427120294	0.0016777843109426	0.00046633279941607	8.61701911964478e-05	3.04130086575698e-05	
0.0251904309700362	0.0960842947487524	0.178919241104803	0.22170812034025	0.195153860141838	0.135923261875417	0.0807083830036571	0.0405360353989453	0.0168862263350373	0.00620794859879175	0.00202048774574182	0.00051017315579981	0.000106075606651446	3.53585355504819e-05	1.01024387287091e-05	
0.024036310813324	0.0918828443470437	0.174109947775561	0.215763838973807	0.200463435352779	0.140513397905996	0.0834183635001935	0.0419102383022785	0.0175522370054637	0.00733353774082805	0.00217643717736706	0.000562958346108802	0.000180950896963543	6.03169656545145e-05	2.51320690227144e-05	1.00528276090857e-05	
0.0223168500010055	0.0898606390894283	0.169560801978804	0.213254368853943	0.201656041989261	0.145730689565025	0.0850292597582802	0.0425674181028415	0.0189434311339916	0.0070535121764836	0.00281034448086553	0.000889858628109478	0.000231262694310938	5.53019486395721e-05	2.01097995052989e-05	2.01097995052989e-05	
0.0211277170495646	0.0871618936470967	0.166089008053685	0.209888777660961	0.198464719227732	0.14989612205784	0.0882082186819323	0.0461338793003707	0.0205693416703976	0.00798828920826396	0.00296291079576037	0.000996020946622332	0.000347098208671419	7.04257234985487e-05	3.52128617492744e-05	6.03649058558989e-05	
0.0208906325837243	0.0834058000323572	0.161174364989484	0.207581701989969	0.196757199482284	0.152200291215014	0.0939674000970717	0.0481212586960039	0.0223113169390066	0.00890329234751658	0.00312955023458987	0.00100610742598285	0.000475246723831095	7.58372431645365e-05	
0.02012635102724	0.0804543738071667	0.157239668915402	0.206335922270644	0.199354976985334	0.152254008430206	0.0965493309927435	0.0507700472540595	0.0228258539921005	0.00911401190026638	0.0033884120390688	0.00115328482052643	0.000357212112552434	5.61333319725253e-05	2.04121207172819e-05	
0.0188874528199873	0.0767186912663553	0.153473427290001	0.204708475152289	0.201212133695154	0.154220068691009	0.0987317394684943	0.0529703454632524	0.0248399870238874	0.00953126367769808	0.00308955062486161	0.00120492474369603	0.000360447572900522	4.63432593729242e-05	5.14925104143602e-06	
0.0175129464674456	0.0744210585625964	0.15165935039723	0.201918791970373	0.198025887812649	0.158502666127124	0.100590594538665	0.0550333714086679	0.0265588263918413	0.0108181757646227	0.00343190234957255	0.00113201555112766	0.00034831247727005	4.09779385023588e-05	5.12224231279485e-06	
0.0176676997156981	0.0727403119637323	0.147181312911405	0.200947673078401	0.197090387521451	0.159987705862767	0.103680557334221	0.0563839868862536	0.0265707040954845	0.0120380093742796	0.00396485925774146	0.00122941372333069	0.00043029480316574	8.7083472069257e-05	
0.0167453754304923	0.0701109484234188	0.14491348910107	0.19780474727269	0.198253284114578	0.160839124786043	0.105602070487307	0.0587119259243983	0.0284382668948877	0.0121981398610051	0.00429976696706605	0.00148996721041018	0.00045884803365573	0.000118578705326762	1.54667876513167e-05	
0.0162602890257303	0.0673270303331882	0.139417594493168	0.194138624536087	0.199316829425059	0.16225041985445	0.109566461404491	0.0612209989425888	0.0301103025025399	0.0135960274512243	0.00441624681221621	0.00185046961497792	0.000409487673902677	8.29342124359852e-05	3.62837179407435e-05	
0.0151978683509326	0.0646506723732256	0.137019742685442	0.191967879829842	0.199748606688932	0.16308361944039	0.110368935266222	0.0643026692360033	0.0313618349634077	0.0143252634695393	0.00534989897520867	0.00190103206303531	0.000566154357570626	0.000119463763524077	3.63585367247191e-05	
0.014204397368668	0.0604455750044307	0.13345357116794	0.188451955254845	0.201045652151249	0.164437401611743	0.114823656967713	0.0665443437829047	0.0326466571449422	0.0150175665391312	0.00619259599045047	0.00198079669728214	0.000552538026083965	0.000172016555290291	2.60631144379229e-05	5.21262288758458e-06	
0.0138199059092554	0.0584631845049222	0.128931592776936	0.185092333754661	0.195969937115495	0.169772430467779	0.117435109379179	0.0692201587060162	0.0346835057980668	0.0160069650227884	0.00686537261298494	0.0026853099907168	0.000734264450586625	0.000267482049856556	4.72027146805687e-05	5.24474607561875e-06	
0.0128328723824575	0.0558725141577769	0.126305807981035	0.182273146318978	0.196533649413934	0.170341103648097	0.120252864480443	0.0715764519952588	0.0365968655340445	0.0162781509284868	0.00722244172263927	0.00282892137495061	0.000832345581456605	0.000221256420387199	2.63400500460951e-05	5.26801000921902e-06	
0.0118856239293715	0.056292001581236	0.12322045065226	0.179596784820134	0.195767558308077	0.170367637369877	0.121059428119647	0.0741125312952958	0.0389458426670181	0.0175359072341547	0.00707339570430887	0.00287257873237581	0.000896033733034655	0.000263539333245487	7.90617999736461e-05	3.16247199894584e-05	
0.0117822575543513	0.0533654555806254	0.119641313286802	0.180497859688337	0.196413132868018	0.171288193492609	0.121765809839108	0.0750216139847753	0.0408557029289585	0.0180661282500053	0.00722223393711912	0.00268329713430192	0.00101216709191742	0.000279400290998039	7.90755540560488e-05	2.63585180186829e-05	
0.0110573419387311	0.0520308494072866	0.115732463705809	0.175942285813152	0.196353017044769	0.172403307241012	0.125363728353248	0.0767040837191257	0.0428924202943382	0.0198497375912925	0.00746593405441114	0.00281021113284015	0.000954213481673334	0.000330304666733077	6.29151746158242e-05	2.09717248719414e-05	2.62146560899268e-05	
0.0104799277461148	0.0491658621155024	0.113057605863361	0.171374588640776	0.19572913098093	0.172433481786	0.128977337610431	0.0802942061934868	0.043232946110644	0.0218837916679643	0.00850228907782865	0.00328568314179825	0.00106927445056941	0.000280295244324021	0.00017648219087068	2.59532633633353e-05	3.11439160360024e-05	
0.0099699080581847	0.0471735440810504	0.11218879830069	0.171383500452941	0.193192348941576	0.172737117212799	0.129384937369194	0.0821385062318433	0.0454502858213851	0.0220951904955279	0.00910567581919845	0.00362352794177365	0.000983975260050605	0.000374847718114516	0.000156186549214382	2.60310915357303e-05	1.56186549214382e-05	
0.00935209281589234	0.0456562535640598	0.108280023639436	0.169773662764777	0.191334280293212	0.173863907349998	0.130737488206202	0.084889423425852	0.0469937479911663	0.0233128389096828	0.0102437557672967	0.00368070171800641	0.00113531503696254	0.000549513214237576	0.000114049912388931	8.29453908283134e-05	
0.0084627392983321	0.0433612685892696	0.103278284446635	0.167072344096623	0.194334894421165	0.175796976419357	0.132091652288226	0.0854130720565278	0.0489637252485416	0.0239144277380659	0.0110970750143784	0.00430326185194314	0.00126324870594035	0.000415947744638896	0.000205406293648837	2.56757867061047e-05	
0.00819000819000819	0.0413010413010413	0.101128796780971	0.16001546436329	0.192689018775975	0.179386614169223	0.135211439559266	0.0883656101047405	0.0504117895422243	0.0250431119996337	0.0117050986616204	0.00425269990487382	0.00150574063617542	0.000534130968913578	0.00020347846434803	5.59565776957081e-05	
0.00807459386715371	0.0399530499805218	0.0962677770076446	0.157550706526963	0.18893841351432	0.181314094618455	0.140794406471817	0.0908037661200969	0.0519941110104879	0.0260248814866157	0.0115250155572532	0.00466970560111709	0.00140647687660948	0.000445215701948325	0.000172015157570944	6.57705014241843e-05	
0.00747736913346047	0.0372107299743877	0.0935727835840047	0.154035816900062	0.187709137385336	0.181776554472584	0.14268893439942	0.0952182073435212	0.0536448400617914	0.0273885061866927	0.0118400064408025	0.00492117564772836	0.00171083815974197	0.00059376147896927	0.000171083815974197	3.52231385829228e-05	5.03187694041754e-06	
0.00741263678079774	0.0358451449963459	0.0904182596461224	0.15125060280497	0.187294611296441	0.181418195015487	0.146075180344332	0.0962002157668922	0.0551895914846651	0.0283131901184729	0.0126129171783259	0.00511576341209985	0.00188920320369091	0.000641334771779281	0.000298295242688038	2.48579368906698e-05	
0.00713858444441149	0.0348772252460686	0.0876800094917466	0.147764743104889	0.186053064796002	0.181440669168137	0.146276714075964	0.0985114766092713	0.0583000875020392	0.0294046400798889	0.0137185400507215	0.00576920224835748	0.00207137595720804	0.00068716290704515	0.000281786228068875	2.47180901814802e-05	
0.00666883059399805	0.033993331169406	0.0849439837902171	0.143896249520493	0.181268258136859	0.180850226720568	0.148971642715926	0.100966882075796	0.0613276677781384	0.0317359615214376	0.0151130652030649	0.0067966990272163	0.00228195973127957	0.000713112416024866	0.000408195382965957	6.39342166091259e-05	
0.00666342175711852	0.0318422973959601	0.0834850328547092	0.141727914334388	0.180214164030178	0.179805305427111	0.149515697249939	0.102657580919932	0.0629885616938428	0.0339401314188367	0.0165782428814797	0.0068337795083962	0.00249209053297639	0.000880992942321733	0.000335848138233147	3.40715502555366e-05	4.86736432221952e-06	
0.00681085653448452	0.031263824677566	0.0807239634226377	0.138701318904624	0.179478952460124	0.18258540308506	0.149624941055221	0.1044914706297	0.0646909835149076	0.0334320202624197	0.0166698265929675	0.00753034744605034	0.00269809091837181	0.000943116465160597	0.000267378379298107	7.77828012503585e-05	9.72285015629482e-06	
