# <P(N_2)> as a function of N_tot.
# number_of_species: 2
# species_total_upper_bound: 100
# species_total_lower_bound: 0
# volume: 512
# Bin widths for each species index 
1	1	1	1	1	1	1	1	1	1	1	1	1	1	1	1	1	1	1	1	1	1	1	1	1	1	1	1	1	1	1	1	1	1	1	1	1	1	1	1	1	1	1	1	1	1	1	1	1	1	1	1	1	1	1	1	1	1	1	1	1	1	1	1	1	1	1	1	1	1	1	1	1	1	1	1	1	1	1	1	1	1	1	1	1	1	1	1	1	1	1	1	1	1	1	1	1	1	1	1	1	
# Bin lower bound for each species index 
0	0	0	0	0	1	2	3	4	5	6	6	7	8	9	10	11	12	12	13	13	14	15	17	18	19	19	20	21	21	22	22	24	24	25	24	25	26	28	31	31	33	33	34	35	35	36	37	37	38	40	41	42	44	44	45	45	46	48	48	49	50	51	52	53	53	54	55	56	56	57	57	57	58	59	62	63	65	66	67	67	68	69	70	71	72	73	74	74	75	76	77	78	79	80	81	82	83	83	84	85	
# Bin upper bound for each species index 
0	1	2	3	4	5	6	7	8	9	10	11	12	13	14	15	16	17	18	19	20	21	22	23	24	25	26	27	28	29	30	31	32	33	34	35	36	37	38	39	40	41	42	43	44	45	46	47	48	49	50	51	52	53	54	55	56	57	58	59	60	61	62	63	64	65	66	67	68	69	70	71	72	73	74	75	76	77	78	79	80	81	82	83	84	85	86	87	88	89	90	91	92	93	94	95	96	97	98	99	100	
# Normalized histogram for each species index 
1	
0.0498060424158337	0.950193957584166	
0.00195822454308094	0.0957543421500738	0.902287433306845	
0.00014061137827273	0.00621502291965466	0.137349194296803	0.85629517140527	
0.000281309778327895	0.000225047822662316	0.0118994036232699	0.171767750647012	0.815826488128727	
0.000253957504444256	0.000959395016789413	0.0191596828352944	0.203504613561331	0.776122351082141	
8.57731015553522e-05	0.00220150960658737	0.0313929551692589	0.237305580969808	0.72901418115279	
0.000231488179634827	0.00355913076188547	0.0445036025347956	0.263520356491797	0.688185422031887	
0.000813244263723497	0.00505373221028173	0.0503340110368864	0.276415916352019	0.66738309613709	
0.000923574232278919	0.0065804664049873	0.0585026552759178	0.296525051951051	0.637468252135765	
0.00148903270144894	0.00816104461371056	0.071101311494187	0.319225702995247	0.600022908195407	
2.88159525113103e-05	0.00181540500821255	0.0129383626775783	0.087024176584157	0.32855949053396	0.569633749243581	
0.000235065965386537	0.00220374342549878	0.0194810918814092	0.0965239620368466	0.342873093761937	0.538683042928922	
0.000702021236142393	0.00222306724778425	0.0235762131804487	0.105303185421359	0.356685289730014	0.511510223184251	
0.000383854489621165	0.00268698142734816	0.0274013051052647	0.119201582661588	0.370065255263236	0.480261021052942	
0.000263635831038725	0.00509695940008202	0.0284433768820669	0.13337043763548	0.362645732028824	0.470179858222509	
0.00046246784403272	0.00638783709570194	0.0337601526143885	0.146024221753331	0.365985490071393	0.447379830621152	
0.000721584021243434	0.00744674709923223	0.0430641343878081	0.156526005888126	0.379928418865093	0.412313109738498	
0.000116208128758607	0.0017431219313791	0.009674326719154	0.0467737718253392	0.168763254989687	0.376630545306644	0.396298771099038	
0.000205912634210913	0.00158846889248419	0.0107368730695691	0.0520076481835564	0.180644212384174	0.377790851595823	0.377026033240182	
8.8519075860848e-05	0.000236050868962261	0.00215396417928064	0.0134253931722286	0.0621698976129356	0.193001091735269	0.377120769525833	0.35180431382963	
5.98247135891837e-05	0.000508510065508061	0.00278184918189704	0.0163022344530526	0.0689180700547396	0.198259100834555	0.385241243157548	0.32792916753911	
3.01150394507017e-05	0.000511955670661929	0.00406553032584473	0.0180991387098717	0.0749262181533458	0.214961151599109	0.371348551466602	0.316057339035114	
0.000616579831673706	0.00453186176280174	0.0220735579739187	0.0832382772759503	0.22193791041095	0.3605450565712	0.307056756173506	
0.000640380569023877	0.00558045924435093	0.0239075412435581	0.0861769280029274	0.222181563138475	0.367395480742841	0.294117647058824	
0.00115635080031647	0.00684681394924229	0.0264134867019658	0.0934514028361025	0.224423346114053	0.36689793682673	0.28081066277159	
3.06739057084139e-05	0.00138032575687862	0.00788319376706236	0.031502101162541	0.0972056071899635	0.235974356614828	0.351430937701298	0.274592803901721	
0.000214921707092416	0.00181148295977894	0.00770647835431379	0.028983727356463	0.105649370586429	0.239944734418176	0.357660423702794	0.258028860914952	
0.000434985241572161	0.00254777070063694	0.00720832686033867	0.0366009010408575	0.11452540003107	0.251918595619077	0.351840919683082	0.234923100823365	
3.14603913672686e-05	0.000471905870509029	0.00283143522305417	0.0092178946706097	0.0428490530422198	0.121185427546719	0.260020134650475	0.341313785943497	0.222078902661549	
0.000126782884310618	0.000887480190174326	0.00408874801901743	0.0102694136291601	0.0457686212361331	0.127226624405705	0.25851030110935	0.338161648177496	0.214960380348653	
6.22645621244669e-05	3.11322810622334e-05	0.00171227545842284	0.00435851934871268	0.0133557485756981	0.0509012795367517	0.139130164067121	0.260172472837085	0.332804084555275	0.197472058777747	
0.000311225918894526	0.00143163922691482	0.00382807880240266	0.0160592574149575	0.0566431172388037	0.141172076810557	0.261585384830849	0.330739784009212	0.188229435747409	
0.000186933358257781	0.000623111194192604	0.0016512446646104	0.0043306227996386	0.0191606692214226	0.0577624077016544	0.145963797239617	0.268592080256722	0.323643954263638	0.178085179300246	
0.000248655705094334	0.000683803189009418	0.0022689833089858	0.00571908121716968	0.0219127840114382	0.0613868771951636	0.149908308208746	0.275417275355111	0.309079041432257	0.173375190377024	
3.11681835182646e-05	3.11681835182646e-05	0.000311681835182646	0.000654531853883556	0.00239995013090637	0.00629597307068944	0.0207268420396459	0.064206458047625	0.157523999501309	0.275713751402568	0.306071562149358	0.166032913601795	
0.00015949980860023	0.000191399770320276	0.000255199693760367	0.00086129896644124	0.0015311981625622	0.00749649100421079	0.0234783718259538	0.0727000127599847	0.162817404619114	0.276157968610438	0.297020543575348	0.157330611203267	
3.20564192979644e-05	9.61692578938932e-05	0.000256451354383715	0.00028850777368168	0.00179515948068601	0.00695624298765828	0.0283699310786985	0.079243468504568	0.17134156114762	0.27228722551691	0.28834749158519	0.150985734893412	
6.41190048730444e-05	9.61785073095666e-05	0.000352654526801744	0.00141061810720698	0.00730956655552706	0.029655039753783	0.0828096947935368	0.177962298025135	0.275134649910233	0.283886894075404	0.14131828674019	
0.000450725990792312	0.00148095682688902	0.00917549338398635	0.0308747303692734	0.0876340104954766	0.181256237725765	0.276101864073919	0.275329190946847	0.137696790187051	
6.44828475625484e-05	0.000419138509156564	0.00193448542687645	0.00835052875935001	0.0333698736136188	0.0874064998710343	0.179842661851947	0.280500386897085	0.275148310549394	0.132963631673975	
0.000567232849084549	0.00167018561119339	0.0105883465162449	0.0367755963823149	0.0909148205338291	0.189298206913938	0.274572211892982	0.269971323228185	0.125642076072228	
0.000125517760763148	0.000564829923434166	0.00254173465545375	0.0124262583155516	0.0393811974394377	0.0992531693234593	0.190128028115978	0.278241496171708	0.264309024726999	0.113028743567215	
0.000343546019550892	0.000281083106905275	0.00359161747712296	0.0126799712670602	0.0462850182704019	0.105187544895218	0.201973828039601	0.276554545738468	0.246384958930635	0.106717886255036	
0.00024947765615742	0.000654878847413229	0.00417875074063679	0.0160601241151339	0.0478997099822247	0.109084105154832	0.202794149748963	0.270215486325506	0.244020332428977	0.104842985000156	
6.23227696238821e-05	0.000186968308871646	0.00130877816210152	0.00604530865351656	0.0182605714997974	0.0519771898663177	0.110654077467203	0.204730298214453	0.275528964507183	0.228880371443707	0.102365149107226	
6.25410425591795e-05	0.000343975734075487	0.00125082085118359	0.00622283373463836	0.0221082585446699	0.0565058319522186	0.1204227774477	0.211513805935145	0.266612464429782	0.219581600425279	0.0953750899027487	
9.36855911560802e-05	0.00021859971269752	0.00190494035350696	0.00802573230903754	0.0230778839547811	0.0606458060083692	0.129723315220786	0.207232527637249	0.261538941977391	0.21685091499594	0.0906876522390856	
6.22045284896741e-05	3.1102264244837e-05	0.000186613585469022	0.00174172679771087	0.00752674794725056	0.0250995272455835	0.0591876088579249	0.124906693207265	0.204124160238865	0.259797213237124	0.222692211993033	0.0946441900970391	
0.00015252737866447	0.000122021902931576	0.000305054757328941	0.00219639425276837	0.00649766633110643	0.0251365120039047	0.0628107745340289	0.127604404990696	0.207254202129282	0.267349989323084	0.217992129587261	0.0825783228089442	
0.000121514065253053	0.000273406646819369	0.00246065982137432	0.00929582599185856	0.025274925572635	0.0653745671061425	0.127529011483079	0.213500212649614	0.26465763412115	0.209702898110456	0.081809344431618	
0.000151934121364976	0.000455802364094928	0.00294752195448054	0.0110911908596433	0.0262238293475949	0.0683095809656933	0.130906438968063	0.220091768209304	0.26214713300313	0.200856908444498	0.0768178917621319	
9.21517432038089e-05	0.00061434495469206	0.0041468284441714	0.0121025956074336	0.0269697435109814	0.0692059591460605	0.139548456458301	0.226662571033635	0.257195515281831	0.194255874673629	0.0692059591460605	
0.000725821085102522	0.00480856468880421	0.0110082864573883	0.0308776386620698	0.0758483033932136	0.149488900985907	0.223401681485514	0.260539527006593	0.179640718562874	0.0636605576725337	
6.0784730875604e-05	0.00109412515576087	0.00413336169954108	0.0124912621949366	0.0320639455368811	0.0827584110871349	0.150867702033249	0.231103546789047	0.250767407227305	0.175424733306993	0.0592347202382761	
0.000126012034149261	0.00116561131588067	0.00355983996471663	0.0130422455344485	0.0357874176983902	0.0852471411019752	0.155152317046278	0.228617332955297	0.248810761427716	0.171124342374697	0.0573669785464512	
0.000159555796662093	0.00022337811532693	0.00111689057663465	0.00456329578453585	0.0155088234355554	0.0383253023582347	0.0859048409228707	0.157449660146153	0.231100615885375	0.244311835848996	0.167054919105211	0.0542808820244439	
0.000129366106080207	0.00019404915912031	0.00155239327296248	0.00397800776196636	0.0169469598965071	0.03751617076326	0.0868369987063389	0.16271021992238	0.235025873221216	0.239230271668823	0.159573091849935	0.0563065976714101	
0.000683037892340218	0.00169133192389006	0.00494389331598634	0.0154171409985363	0.0439746300211417	0.0890226053016751	0.170726947471134	0.233664010408196	0.232297934623516	0.15641567734591	0.0511627906976744	
0.000192901234567901	0.000417952674897119	0.00106095679012346	0.00559413580246914	0.0181005658436214	0.0403163580246914	0.0957111625514403	0.174221965020576	0.233796296296296	0.233603395061728	0.147923096707819	0.0490612139917695	
0.000160642570281124	0.000224899598393574	0.00189558232931727	0.00729317269076305	0.0179598393574297	0.0436626506024096	0.104481927710843	0.175807228915663	0.23566265060241	0.225606425702811	0.144096385542169	0.04314859437751	
0.000223257000701665	0.000350832429674045	0.00223257000701665	0.00685717930726542	0.0209223703514703	0.0514447917331122	0.10933214262933	0.175767047266696	0.234834470880908	0.216495502966129	0.140938955157237	0.0406008802704599	
9.6696212731668e-05	0.000354552780016116	0.00225624496373892	0.00818694601128122	0.0227558420628525	0.059307010475423	0.116712328767123	0.17914585012087	0.225882352941176	0.217211925866237	0.129959709911362	0.0381305398871878	
9.93278813362911e-05	0.000595967288017747	0.00317849220276131	0.00860841638247856	0.027182730192365	0.0615832864285005	0.113730424130053	0.183889017647254	0.229314968711717	0.205708042247459	0.127669436810913	0.0384398900771447	
0.000294233032561789	0.000457695828429449	0.00362887406826206	0.0125212501634628	0.0283771413626259	0.060088923760952	0.117039361841245	0.185170655158886	0.22528442526481	0.204393879952923	0.124754805806199	0.0379887537596443	
3.29673952461016e-05	0.000329673952461016	0.00082418488115254	0.0041209244057627	0.0142089473510698	0.0294728513500148	0.0679787689974615	0.120495829624501	0.185804239607029	0.222463983120694	0.199518676029407	0.118352948933505	0.0363960043516962	
0.000169497271093935	0.000169497271093935	0.00135597816875148	0.00352554323875386	0.0137970778670463	0.0311874978812841	0.0690192887894505	0.12074985592732	0.188887758907082	0.22471948201634	0.194447269398963	0.115766636157158	0.0362046171056646	
0.000377009288137917	0.000479830003084621	0.00106248072111595	0.00394146073962368	0.0147376358090277	0.0335195530726257	0.0719745004626932	0.126949309387531	0.184049079754601	0.221372999280255	0.192480378380231	0.111766117147068	0.0372896459540049	
0.00013598041881969	0.000339951047049225	0.000917867827032907	0.00516725591514822	0.0141419635572478	0.0347090019037259	0.0774068534131085	0.126597769921131	0.193874082132173	0.216548816970356	0.188162904541746	0.106982594506391	0.0350149578460702	
0.000203942895989123	0.000135961930659415	0.000679809653297077	0.00112168592794018	0.00513256288239293	0.0138341264445955	0.035825968728756	0.0762066621346023	0.12899388171312	0.192182188987084	0.222025832766825	0.183990482664854	0.108837525492862	0.0308293677770224	
0.000137075494328501	6.85377471642507e-05	0.000890990713135259	0.00236455227716665	0.00575717076179706	0.0143243891573284	0.0359137795140674	0.074089304684555	0.13238065864775	0.194373050957815	0.227888009321134	0.178883520098694	0.103766149206676	0.0291628114183887	
6.78218996914104e-05	0	0.000101732849537116	0.000779951846451219	0.00278069788734782	0.00552748482484994	0.0138695784868934	0.0371664010308929	0.0800637525857099	0.135304689884364	0.197192173352776	0.224626131777951	0.1796263013327	0.0962053647122656	0.02668791752857	
6.6795805223432e-05	0.000133591610446864	0	0.000133591610446864	0.00066795805223432	0.00273862801416071	0.00587803085966201	0.0158306058379534	0.0410126244071872	0.0833611649188431	0.143878164451272	0.201756729677376	0.217620733417941	0.175873355153296	0.0886714314341059	0.0223765947498497	
0.0001339181090763	0.000100438581807225	3.3479527269075e-05	6.69590545381499e-05	0.0016070173089156	0.00220964879975895	0.00726505741738927	0.019217248652449	0.0427868358498778	0.0883859519903579	0.145635943620476	0.200107134487261	0.214838126485654	0.168703337908869	0.0881850748267434	0.0207238273795574	
0.000402077399899481	0.00010051934997487	6.70128999832468e-05	0.000335064499916234	0.00117272574970682	0.00378622884905344	0.00820908024794773	0.021176076394706	0.0473446138381638	0.0930809180767298	0.14675825096331	0.195577148601106	0.211157647847211	0.167297704808176	0.0838666443290333	0.0196682861450829	
3.32845160431367e-05	0.000133138064172547	0.000865397417121555	0.0036280122487019	0.00995207029689788	0.0236320063906271	0.0492943682598855	0.0953268539475436	0.152110238317135	0.194148582079617	0.208460923978165	0.161163626680868	0.0819464784982026	0.0193050193050193	
6.54728778603463e-05	0.000294627950371559	0.00114577536255606	0.00373195403803974	0.0093953579729597	0.024945166464792	0.0524437751661374	0.0965070219661505	0.151045929223819	0.198972075817593	0.2061413559433	0.159884767734966	0.0761449569515828	0.019281762529872	
6.54471677738146e-05	0.00124349618770248	0.00320691122091691	0.00971890441441147	0.0259498020223175	0.0531103766484505	0.102719329821002	0.154226250858994	0.196865080663634	0.210903498151118	0.148826859517654	0.0750679014365653	0.0180961418894597	
0.000163612565445026	0.000948952879581152	0.0031086387434555	0.0103730366492147	0.024770942408377	0.0550719895287958	0.102388743455497	0.160013089005236	0.198854712041885	0.20428664921466	0.148134816753927	0.0739856020942408	0.0178992146596859	
0.000587659157688541	0.000848841005550114	0.00372184133202742	0.011949069539667	0.0256937642833823	0.0552726085537055	0.106725432582436	0.159027097616716	0.197714658831211	0.197975840679073	0.149624551093699	0.0731309174012406	0.0177277179236043	
3.2563743527956e-05	0.000390764922335472	0.00133511348464619	0.00423328665863428	0.0122765313100394	0.0289166042528249	0.059168321990296	0.106906770002279	0.161320785437494	0.197987560649972	0.197629359471165	0.146211208440522	0.068058223973428	0.015532905662835	
6.52124294890606e-05	0.000260849717956242	0.00221722260262806	0.00378232091036552	0.014020672340148	0.0302259610681796	0.061364896149206	0.110730705272425	0.164237503668199	0.201278163617986	0.195278620104992	0.139000293455933	0.0628647820274544	0.0146727966350386	
0.000196399345335516	0.000752864157119476	0.00180032733224223	0.00527004909983633	0.0149590834697218	0.0314893617021277	0.0655646481178396	0.110212765957447	0.161996726677578	0.207004909983633	0.190932896890344	0.131882160392799	0.0640589198036007	0.0138788870703764	
0.00013262599469496	0.000663129973474801	0.00235411140583554	0.00596816976127321	0.0160145888594164	0.0344164456233422	0.0689655172413793	0.113494694960212	0.16657824933687	0.203149867374005	0.183554376657825	0.128912466843501	0.0622679045092838	0.0135278514588859	
3.38306437971515e-05	0.000879596738725938	0.0034168950235123	0.00849149159308502	0.0175581041307216	0.0368077404513008	0.070130924591495	0.119456003247742	0.171994993064718	0.189891403633411	0.185527250583579	0.127101728745898	0.0552792719645455	0.0134307655874691	
0.000101674235748661	0.000982850945570393	0.00362638107503559	0.00871009286246865	0.0175557513726022	0.0379583813461669	0.0760184369280824	0.117162610994374	0.165457872974988	0.195112858401681	0.181929099166271	0.124720395851691	0.0564630922524232	0.0142005015928964	
0.00044400423511732	0.00129785853341986	0.00420096314764848	0.00792376788824755	0.0163940025274087	0.0426927149151269	0.073670548857543	0.120017760169405	0.165681888042624	0.196864647016633	0.178489702517162	0.12254516889238	0.0584719423477578	0.0113050309095256	
0.000551002135133274	0.00172188167229148	0.00358151387836628	0.00757627935808251	0.0177009435911564	0.0416695364694538	0.0721124044355672	0.120669467594187	0.171292788759556	0.198050829946966	0.177904814381156	0.119877402024933	0.055788966182244	0.0115021695709071	
3.42817963661296e-05	0.000411381556393555	0.00157696263284196	0.00377099760027425	0.00798765855330819	0.0194720603359616	0.0404182379156668	0.0772026054165238	0.123551594103531	0.167912238601303	0.201576962632842	0.175145697634556	0.117826534110387	0.0532739115529654	0.00983887555707919	
0.000133891213389121	0.000468619246861925	0.0015397489539749	0.00297907949790795	0.00876987447698745	0.0217238493723849	0.0437824267782427	0.0790292887029289	0.128267782426778	0.171012552301255	0.203313807531381	0.169774058577406	0.11236820083682	0.0464937238493724	0.0103430962343096	
0.000170224355700814	0.000442583324822116	0.000987301263064719	0.00309808327375481	0.00912402546556361	0.0216525380451435	0.0475266401116672	0.0817076907363906	0.124570183501855	0.180505906785143	0.199128451298812	0.169168964695469	0.107581792802914	0.0453477683586968	0.00898784598100296	
0.000238687898523545	0.000750161966788284	0.00102294813652948	0.00337572885054728	0.0114229208579125	0.0246530500903604	0.0488628226548914	0.083029290414976	0.129709823711938	0.178572646366829	0.194735226923995	0.165785794660211	0.103488253145566	0.0447369318375558	0.00961571248337709	
0.000237933378653977	0.000849762066621346	0.000917743031951054	0.0039768864717879	0.0121346023113528	0.0260027192386132	0.0510197144799456	0.0827328348062542	0.133990482664854	0.182596872875595	0.196906866077498	0.161522773623385	0.0991842284160435	0.0405506458191706	0.00737593473827328	
0.000100996498788042	0.000605978992728252	0.0019189334769728	0.00501615943980609	0.0138028548343657	0.0259561001885268	0.0519122003770536	0.0906275249124697	0.138735523835174	0.18226501481282	0.194822246162133	0.158732830595206	0.0960140048478319	0.03369916509561	0.00579046593051441	
0.000231152791995509	0.000693458375986527	0.00165109137139649	0.00459003401248225	0.0113925304626358	0.0260212000132087	0.0530000330218274	0.0929894660370505	0.148532179770829	0.181917247300466	0.189446223954034	0.158735924446059	0.0874087772017303	0.0360928573787273	0.0072978238615725	
0.000493794647266024	0.000888830365078843	0.00187641965961089	0.00464166968430062	0.0125094643974059	0.0262369555914014	0.0531981433321263	0.0987918490963558	0.147809197748296	0.18428416235968	0.192184876715936	0.147973795964052	0.0878625275702011	0.0343681074497152	0.00688020541857326	
0.000290603810138844	0.00103325799160478	0.0022279625443978	0.00626412657410397	0.0140458508233775	0.0257991604778818	0.0572489505973523	0.101549886987407	0.154149176622538	0.188537294155634	0.183564740071036	0.141427187600904	0.0841782370035518	0.0324830481110752	0.0072005166289958	
0.00022767189227867	0.000878163013074872	0.0026019644831848	0.00692773043647954	0.014733623886034	0.0298575424445456	0.0631301632732713	0.105021791452547	0.148409549209653	0.184446757301763	0.177128732192806	0.143953685032199	0.0808560463149678	0.0331099980485266	0.0087165810186691	
3.3212660666246e-05	0.000464977249327444	0.000863529177322395	0.00308877744196088	0.0065761068119167	0.0155103125311369	0.0324819821315886	0.0652960908698396	0.105749111561327	0.147364575376133	0.180743299345711	0.176193164834435	0.139592812780232	0.0814042312929689	0.0366335647148693	0.00800425122056528	
6.60262124063253e-05	0.000264104849625301	0.00125449803572018	0.00267406160245617	0.00759301442672741	0.0168036710574098	0.0357531940180252	0.0684691822653593	0.106335215080387	0.145554785249744	0.170710772176554	0.171965270212274	0.145158627975306	0.0846456043049091	0.0358522333366346	0.006899739196461	
6.5880492786086e-05	9.88207391791291e-05	0.00128466960932868	0.00256933921865736	0.00770801765597207	0.0181171355161737	0.0348178404374465	0.0661769550036234	0.110778048619804	0.145299426839713	0.169181105474669	0.174188022926412	0.136471440806377	0.0885433823044996	0.0368271954674221	0.00787271888793728	
