# <P(N_2)> as a function of N_tot.
# number_of_species: 2
# species_total_upper_bound: 100
# species_total_lower_bound: 0
# volume: 512
# Bin widths for each species index 
1	1	1	1	1	1	1	1	1	1	1	1	1	1	1	1	1	1	1	1	1	1	1	1	1	1	1	1	1	1	1	1	1	1	1	1	1	1	1	1	1	1	1	1	1	1	1	1	1	1	1	1	1	1	1	1	1	1	1	1	1	1	1	1	1	1	1	1	1	1	1	1	1	1	1	1	1	1	1	1	1	1	1	1	1	1	1	1	1	1	1	1	1	1	1	1	1	1	1	1	1	
# Bin lower bound for each species index 
0	0	0	0	0	1	1	2	3	4	5	6	6	7	8	9	10	11	12	12	13	14	15	15	16	17	17	18	18	20	20	21	22	23	23	24	25	26	27	28	30	31	31	32	34	34	35	35	36	36	37	38	41	41	42	43	44	44	46	47	47	48	49	50	51	52	52	53	53	56	56	57	57	58	59	62	62	63	64	65	65	66	66	66	67	69	70	72	72	73	74	76	77	78	79	79	80	80	81	83	84	
# Bin upper bound for each species index 
0	1	2	3	4	5	6	7	8	9	10	11	12	13	14	15	16	17	18	19	20	21	22	23	24	25	26	27	28	29	30	31	32	33	34	35	36	37	38	39	40	41	42	43	44	45	46	47	48	49	50	51	52	53	54	55	56	57	58	59	60	61	62	63	64	65	66	67	68	69	70	71	72	73	74	75	76	77	78	79	80	81	82	83	84	85	86	87	88	89	90	91	92	93	94	95	96	97	98	99	100	
# Normalized histogram for each species index 
1	
0.0494200060580463	0.950579993941954	
0.00230848061753461	0.0954970721448331	0.902194447237632	
7.27816059475416e-05	0.00700415925471636	0.13556858489011	0.857354474249226	
2.5686196024205e-05	0.000391714489369126	0.0131277866847041	0.169742945393288	0.816711867236615	
3.00268740522768e-05	0.00104450626167563	0.0210295357201838	0.202975234263237	0.774920696880851	
2.1593468407676e-06	7.55771394268662e-05	0.00205785753925153	0.031034132795512	0.231579151938122	0.735251121240847	
8.69325208040389e-06	0.000182558293688482	0.00339906156343792	0.0413385869553406	0.258832887441945	0.696238212493507	
1.52411476148693e-05	0.000418042906007843	0.00507530215575146	0.0519004622422341	0.281107726608649	0.661483224939743	
1.96225065789904e-05	0.000752196085527965	0.00796891794957888	0.0620245630176799	0.300751978057677	0.628482722382957	
2.61633421053205e-05	0.00108141814035325	0.0105307451973915	0.0748969273334976	0.317391863636661	0.596072882349991	
8.06052802994159e-05	0.00147485877737039	0.0138619296904104	0.088332494602714	0.329168001010834	0.567082110638372	
6.53146533424774e-06	0.000187235339581768	0.00199862839227981	0.018331646038122	0.100120832108684	0.339988896508932	0.539366230147067	
2.8256753907583e-05	0.000278220346166971	0.00275829390067099	0.0220511360301869	0.110899064701446	0.350290283806489	0.513694744461133	
3.25977116406428e-05	0.0003346698395106	0.00377916136953852	0.0258217339809412	0.12038552226967	0.361039215047104	0.488607099781595	
2.80961406708926e-05	0.000505730532076067	0.00465315314341783	0.0302141574291599	0.134150426737152	0.367248977192418	0.463199458825106	
3.67234079322561e-05	0.000766871165644172	0.00624297934848354	0.0363302514473343	0.145647196059794	0.373157349001987	0.437818629568824	
0.000133369759052472	0.000991668692309512	0.00751172900985861	0.0411424195425417	0.158634723892332	0.37721915447875	0.414366934625156	
0.00020190607930613	0.00126943077521195	0.009246868844818	0.0481352684813871	0.169732130774997	0.37683406971774	0.39458032532654	
2.14653538456255e-06	0.000203920861533442	0.00169146988303529	0.0113895167504889	0.0543824739678921	0.18035404954633	0.375611494267677	0.376364928187659	
1.08047834937484e-05	0.000334948288306199	0.00241594958920213	0.0137566503442404	0.0616780260957131	0.189556960657622	0.377575320145735	0.354671340095687	
2.60999497575967e-05	0.000491549053768071	0.00294494433098216	0.016166743879018	0.0668811212538416	0.198455317973513	0.37810779714249	0.336926426416629	
1.9651169899648e-05	0.000602635876922539	0.00379267579063207	0.0184000454160371	0.0732006078761889	0.207618976916426	0.376348288601448	0.320017118352446	
4.3737357170193e-06	7.43535071893281e-05	0.000693237111147559	0.0043278114919906	0.0214969110491499	0.0801093433929255	0.216841069378383	0.369930566945492	0.306522333388005	
2.83335512837278e-05	0.000126411228804324	0.000782441916219868	0.00528529706638769	0.0245673684669369	0.0873414410880084	0.225007628263807	0.368318730656903	0.288542347761649	
2.61030155508715e-05	0.000137040831642075	0.00108545039665707	0.00629082674776003	0.0277366292740969	0.0953195117865991	0.231107398682233	0.362964606486164	0.275332432779297	
4.36478231739388e-06	1.96415204282724e-05	0.000200779986600118	0.0012854283924725	0.00724772103803253	0.0311099859672248	0.101387346059584	0.239070039479456	0.357881596550076	0.261793096223809	
8.77870636982934e-06	1.9752089332116e-05	0.00020629959969099	0.00152310555516539	0.00782841140529532	0.0340569913617529	0.108054902029637	0.244820563241801	0.353957440831519	0.249523755179437	
2.20455637712023e-06	1.32273382627214e-05	3.96820147881642e-05	0.00028218321627139	0.0019289868299802	0.00931425069333298	0.037625163688311	0.114877228255358	0.249099438719946	0.349898369951015	0.236919264736357	
1.55012323479717e-05	2.65735411679514e-05	0.00026794987344351	0.00234068608454372	0.011488627631611	0.0419286190394994	0.120681522752487	0.254598883468379	0.345010928368805	0.223640708007715	
4.43318415668646e-06	8.86636831337292e-06	3.10322890968052e-05	0.000427802271120243	0.00305224729187863	0.0125060125060125	0.0456440640772438	0.127866330631308	0.259536333269052	0.337482793703992	0.213440084407826	
2.21674440050364e-06	1.33004664030219e-05	7.98027984181312e-05	0.000576353544130947	0.00342930358757914	0.0141561297416163	0.0492627108123925	0.135314511695543	0.26223421234638	0.332620280551171	0.202311177711965	
8.86735107838073e-06	1.33010266175711e-05	0.000121926077327735	0.000704954410731268	0.00382847882809088	0.0159944845076292	0.0536807265907474	0.141272420542992	0.265324445291769	0.326362856439803	0.192687538933213	
2.2139518819698e-06	3.76371819934866e-05	0.000192613813731372	0.000903292367843677	0.0044057642451199	0.0173795222734629	0.0588490549746392	0.145640396651619	0.269061572215789	0.318680661794497	0.184847270529422	
8.86408913728036e-06	2.21602228432009e-06	3.10243119804813e-05	0.00023933040670657	0.00117227578840533	0.00500156229571045	0.0194300833889186	0.0619666311364427	0.152898889551233	0.271604555255408	0.312456926066849	0.175187641686925	
1.10752764388999e-05	2.21505528777998e-06	3.98709951800397e-05	0.000303462574425858	0.00137776438899915	0.0057325630847746	0.0215702083924015	0.0667883470371421	0.159145077261128	0.273661220584066	0.305748511482847	0.165619683867309	
1.98595269460681e-05	2.42727551563055e-05	4.63388962074923e-05	0.000319959045242209	0.00153801003126772	0.00629767665600872	0.0239572093392735	0.0712802554376488	0.164953230814042	0.274533687274236	0.299148467616835	0.157881032607137	
8.85986789936962e-06	8.85986789936962e-06	7.75238441194842e-05	0.000327815112276676	0.00186943212676699	0.00734704545555226	0.0264622104484422	0.0771561596016603	0.172822798212079	0.276740188803785	0.288940226901217	0.148238879758303	
2.21903174768721e-06	6.65709524306164e-06	0.000106513523888986	0.000441587317789756	0.00209476596981673	0.00812831329177827	0.0297705299269717	0.0829940063952495	0.178572141831633	0.275834522364511	0.282176515099402	0.139872228151968	
6.68010109219653e-06	1.55869025484586e-05	0.00010910831783921	0.000503234282278805	0.00251617141139403	0.00959039846803015	0.0334383593671718	0.0885380598759728	0.180407263496588	0.276324608379073	0.274451953372894	0.134098576025117	
1.56056670865334e-05	0.000140451003778801	0.000700025637881642	0.00265965154774777	0.01110008806055	0.0352933308067015	0.092133629097881	0.183756729943931	0.276746441350559	0.268297087313707	0.129156959570175	
1.56260812690164e-05	0.000145099326069438	0.000685315278512576	0.00287296665617487	0.0119718105493907	0.038388817083325	0.0953436510115655	0.189626960794162	0.274983313577502	0.262080635043943	0.123885804598086	
8.94124484481352e-06	2.90590457456439e-05	0.000183295519318677	0.000760005811809149	0.00334402557196026	0.013463279425078	0.0406088987739318	0.101132185128475	0.192797827277503	0.275557989561097	0.25632090127748	0.115793591362757	
4.48066815723561e-06	3.13646771006493e-05	0.000232994744176252	0.000869249622503708	0.00363830254367531	0.0146271411992956	0.0433930307687482	0.10588939022587	0.199669774756812	0.275036853495593	0.247458340987808	0.109149076310259	
5.5756651210923e-05	0.000243098999279624	0.00109060009768565	0.00407246580444581	0.0156832308526084	0.0469314884572581	0.11069479478207	0.204002435450525	0.272018859129706	0.240763910726911	0.104443359048301	
4.45516654526338e-06	7.12826647242141e-05	0.000360868490166334	0.00137219129594112	0.0050120623634213	0.0171858049483535	0.0502854647963877	0.115012351949247	0.204476551344681	0.272658420153391	0.234450911861213	0.0991096349659291	
1.77780148179753e-05	9.11123259421237e-05	0.000395560829699952	0.00142224118543803	0.00569563149730885	0.0192180340182314	0.0534940465872878	0.118557136317373	0.209182789103855	0.270063600848011	0.227587478944164	0.094274590327871	
1.54825809904871e-05	1.32707837061318e-05	0.000123860647923896	0.000378217335624755	0.00170529570623793	0.00640757673277729	0.0211425702411523	0.057241313719115	0.123637256398177	0.211244335034205	0.267494763569929	0.220991725666359	0.0896043315838017	
4.41266346160211e-06	3.08886442312147e-05	8.60469375012411e-05	0.000434647350967807	0.00191288961060451	0.00673813710586642	0.0229502626637926	0.0606432339527977	0.126974391107601	0.214078161507895	0.265269470325941	0.215353421248298	0.0855240368810412	
2.1944261575598e-06	8.77770463023919e-06	2.41386877331578e-05	6.80272108843537e-05	0.000561773096335308	0.00224489795918367	0.0076366030283081	0.0243712969058591	0.063798551678736	0.132933947772657	0.217555409260478	0.26348035988589	0.207621242045205	0.0796927803379416	
1.09836278043948e-05	4.39345112175791e-06	2.19672556087895e-05	0.000114229729165706	0.000696362002798628	0.00225603715102269	0.00851450827396683	0.0268373961772582	0.0670242935879778	0.137774233727206	0.222003281907988	0.259413518209757	0.199500025262344	0.0758287696359806	
4.40248388140589e-06	4.40248388140589e-06	2.86161452291383e-05	0.000156288177789909	0.000715403630728457	0.00255784313509682	0.00973609310372912	0.029166455714314	0.0712233842333845	0.141077595979652	0.222899960157521	0.257272353061597	0.193425330571508	0.0717318711216869	
4.39851418190935e-05	0.000147350225093963	0.00078073626728891	0.0031295428404285	0.0108599315151342	0.031926615189389	0.0738620493997128	0.143831413748436	0.224557344529018	0.255105025522379	0.187594430601343	0.0681615750199583	
4.40603362244257e-06	3.30452521683193e-05	0.000180647378520145	0.000931876111146604	0.0036944591924181	0.0119028998310286	0.0338956166574507	0.077224551300551	0.149177283371849	0.225533846048779	0.252014108119659	0.181079169815145	0.0643280908876616	
2.21204191377018e-06	6.41492154993353e-05	0.000201295814153087	0.000986570693541501	0.00401706811540665	0.0128762959800562	0.0357067805720783	0.0820534827493911	0.152515865870627	0.228353510842323	0.247239924702093	0.175463588684078	0.0605192547188384	
8.87085149085748e-06	9.09262277812892e-05	0.000261690118980296	0.00122195979286562	0.00439328920084717	0.0139427608307552	0.0379539381036337	0.0846900191832164	0.157047337081268	0.227705886918821	0.244882073117993	0.170362485169045	0.0574387634033022	
3.31095130252824e-05	0.000119194246891017	0.00029577831635919	0.00139059954706186	0.00500395106855435	0.0153583994419943	0.0401176932823005	0.0876320517744492	0.158972015839591	0.229047196507167	0.241706066987167	0.165481346100362	0.0548425973750778	
2.19758002487661e-06	1.97782202238895e-05	0.000142842701616979	0.000298870883383218	0.00157346729781165	0.00544560330164423	0.0165258017870721	0.0419847663752676	0.0913555992141454	0.16278354276271	0.230225076146148	0.238136364235704	0.159693745247733	0.0518123442465157	
2.20001672012707e-06	0.000112200852726481	0.000459803494506558	0.00175781335938153	0.00579484404081471	0.0176309339950984	0.0442709364591171	0.0945083182632188	0.168083477434429	0.230022748172886	0.231890562368274	0.155156179186962	0.0503099823558659	
8.82922296216016e-06	0.000156718707578343	0.000450290371070168	0.00174818614650771	0.00604139581185809	0.0191064384901146	0.045560997790487	0.0983685803271669	0.171651130913096	0.229703271889299	0.229363346805256	0.149695060711944	0.0481457528126593	
4.41807345488926e-06	3.09265141842248e-05	0.000139169313829012	0.000417507941487035	0.00199696920160995	0.00680825119398435	0.0199696920160995	0.0486694971790601	0.102072960065034	0.174213472473193	0.231067450727436	0.225412316705178	0.14421033564104	0.0449870329544099	
2.20488691135032e-06	5.07123989610573e-05	0.000198439822021529	0.000579885257685133	0.00228205795324758	0.00747236174256622	0.0218835025951519	0.0522249513822436	0.105717712738514	0.177140614457884	0.230018212365888	0.220658467427206	0.138782196861123	0.0429886801105971	
1.32462027552102e-05	6.18156128576475e-05	0.000194277640409749	0.000721918050158954	0.00242405510420346	0.00839588484634405	0.0228077534440127	0.0552852348993289	0.109819851642529	0.180550158954433	0.228629459554928	0.216334775697633	0.134009625574002	0.0407519427764041	
1.33204864641657e-05	6.21622701661065e-05	0.000199807296962485	0.000883592268789656	0.00302153034628825	0.00928881922767819	0.0241589222838418	0.0584391941993722	0.112702415892228	0.181813539830475	0.229627425993597	0.210474786539204	0.129714897188045	0.0395995861768872	
2.88395412294518e-05	5.54606562104843e-05	0.000206313641103002	0.0011336158129423	0.00343190540630477	0.00992302060917985	0.0270137764270027	0.0615968232136123	0.116511746566985	0.184151562881292	0.226918384098321	0.20529094660248	0.12551633870932	0.0382212658340173	
1.55145626333975e-05	4.8760053990678e-05	0.000321373083120378	0.0012566795733052	0.0035727821378624	0.011046368594979	0.0279217800079346	0.0636451686543777	0.120286620462822	0.185179603226142	0.224276301062304	0.203781563823586	0.122299080872982	0.0363484038839599	
6.67461687699126e-06	2.00238506309738e-05	8.4545147108556e-05	0.000367103928234519	0.00131044978018262	0.00393134934054785	0.0112422796931456	0.0293950127262695	0.0665770784756955	0.12191632700283	0.186588914796291	0.225762241247352	0.199929249061104	0.118216364380685	0.0346523859530463	
1.3321610316255e-05	1.99824154743825e-05	0.000144317445092763	0.000424071261734118	0.00150090142896473	0.00405643034129966	0.0123113882006057	0.0324114778994485	0.0686129539338715	0.125145427579286	0.188913755894813	0.223876322169824	0.195714437961261	0.113884226325278	0.0329709855327312	
4.42298803802885e-06	6.63448205704328e-06	1.32689641140866e-05	0.000106151712912692	0.000524124082506419	0.00147285501666361	0.00450923630477041	0.0137046284358324	0.0342118124741532	0.072048263645471	0.128624915133917	0.192054986587289	0.220191824991209	0.191046545314618	0.110223073401698	0.0312572564647499	
2.87725200301005e-05	0.000112876809348856	0.000467000132796246	0.00168429905714665	0.00500641848523748	0.0146075870922049	0.0356889911911823	0.0753198176264884	0.132045947501217	0.191304059138595	0.21932406710637	0.188426807135585	0.107002788721172	0.0289805674826258	
4.43577988773041e-06	3.10504592141129e-05	0.000104240827361665	0.000479064227874884	0.00184084865340812	0.00567114458646333	0.0152391218042978	0.0378505097820036	0.0780808154737746	0.134617048032843	0.191714406747708	0.220032425550979	0.185566415823314	0.102164882374207	0.0266035898766631	
2.64441829408576e-05	3.08515467643338e-05	0.000112387777498645	0.0005663462513167	0.0020802757246808	0.00603588475625074	0.0167832414397976	0.0401312512946631	0.0811527900816685	0.137295994147021	0.194054025465748	0.218770521787803	0.180276606153561	0.097532757731618	0.0251506216586673	
6.60446726165578e-06	1.98134017849674e-05	5.72387162676835e-05	0.000180522105151925	0.000585596097200146	0.00213984739277647	0.00672554916145281	0.0176427335449698	0.0419691879587353	0.0839824056992149	0.140785227127629	0.198109801469714	0.215514774193264	0.175216516451728	0.092654071213769	0.0244101109990798	
1.10125609269933e-05	1.54175852977907e-05	4.6252755893372e-05	0.000173998462646495	0.000751056655220945	0.00253509152539386	0.00711411435883769	0.0193534745730981	0.0436185513196352	0.0861666817171666	0.145138945481216	0.19963790699672	0.213115079059175	0.170152876370789	0.0891995409964606	0.0229699995815227	
2.6458817952308e-05	1.54343104721797e-05	5.73274388966673e-05	0.000297661701963465	0.000806993947545393	0.00279140529396849	0.00803686595301355	0.0204107731487096	0.0462456039776423	0.0888663498958184	0.148059135458123	0.198961491395372	0.211531634824214	0.166500931570882	0.086079354404842	0.0213125778605841	
8.16827530178466e-05	0.000368676209567037	0.000997854172001802	0.00298031666416467	0.00893653470854711	0.0214207500684369	0.047749088243865	0.0925885043667158	0.151320611428521	0.198118205981827	0.209076940738059	0.162550886147488	0.0829521471525834	0.0208578013652058	
8.86829473777561e-06	7.75975789555366e-05	0.000286002505293263	0.0010553270737953	0.00317706658980811	0.00934939972729994	0.0224013125076212	0.0504251238789921	0.0962076954627587	0.151949362037047	0.199725082863129	0.20821204092718	0.15795763172189	0.0792337793346562	0.0199337094968351	
1.77844172935674e-05	7.55837734976613e-05	0.000300112041828949	0.00113153355030322	0.0033279090860588	0.00991481264116381	0.0241801383627665	0.0524084547119814	0.0986746163011969	0.154962297035338	0.20100170730406	0.206236995144854	0.153383930000534	0.0758816624873286	0.0185024631417952	
1.10707888379879e-05	6.42105752603296e-05	0.000347622769512819	0.00122885756101665	0.00358472142574047	0.0105703891825108	0.0258148654124201	0.0542269378862321	0.100750820898992	0.158329993645367	0.200310424919017	0.203359320164999	0.150706648451529	0.0731026328550014	0.0175914834635627	
2.21912530956798e-05	0.000124271017335807	0.000452701563151868	0.00129153093016856	0.00376585565033686	0.0116681608777084	0.0268381014939152	0.056620982273627	0.103568797322847	0.160764533051652	0.20002085977791	0.199909903512432	0.146932724997115	0.0706680454831923	0.017351340795512	
2.2168181122907e-06	1.10840905614535e-05	0.000183995903320128	0.000496567257153118	0.00140324586508002	0.00419421986845401	0.0117336182683547	0.0282888159309417	0.0592910172313272	0.10692600482823	0.162018368554878	0.200881406881447	0.197505192896428	0.143401530047861	0.0675885674256313	0.0160741481322199	
6.67225653491925e-06	2.89131116513168e-05	0.000162358242349702	0.000507091496653863	0.00158577296979914	0.00438144845793031	0.0125238255160434	0.0299962412954853	0.0618384735656317	0.111057485938219	0.163846155556989	0.201050657995699	0.194752047826735	0.137559688894919	0.0652124112867892	0.0154907555885709	
6.66410468864192e-06	1.33282093772838e-05	6.21983104273246e-05	0.000159938512527406	0.000530907006861806	0.00168157574976731	0.00497364346595642	0.0142100925644141	0.0317522374731492	0.0648439599887154	0.113185375400124	0.166260526508698	0.200589551128122	0.190389028218041	0.133839657198455	0.0629602397300593	0.0145410764306167	
2.22390744986757e-06	3.55825191978811e-05	1.77912595989405e-05	5.78215936965567e-05	0.0001645691512902	0.000569320307166097	0.00188809742493756	0.00589780255704879	0.0151003315846008	0.0337900497932878	0.0683095412301322	0.11603237119684	0.168127403209988	0.200322911361721	0.185622883118096	0.13030540921009	0.0599654404782291	0.0137904500966288	
6.70447993349156e-06	1.34089598669831e-05	2.45830930894691e-05	0.000100567199002373	0.000194429918071255	0.000661508686771167	0.00235103763001104	0.00645864900259687	0.0160035936012444	0.0357147646057095	0.071518922277199	0.119261523883592	0.170074777299525	0.196785425354555	0.182766357813624	0.126652095596945	0.0579512897184565	0.0134603608798066	
1.12444452440494e-05	1.57422233416692e-05	4.49777809761978e-05	0.000170915567709551	0.000850080060450138	0.00247377795369088	0.00695356493892017	0.0167632189698289	0.0376306604537359	0.0742178363888239	0.121005973049314	0.170335354334959	0.196505676195959	0.179598528327006	0.124037475487109	0.0564651062375187	0.0129198675854128	
4.49106166452218e-06	2.4700839154872e-05	6.06293324710495e-05	0.000238026268219676	0.000873511493749565	0.00254643196378408	0.00711833273826766	0.018319040529586	0.039674038744389	0.0757013354171859	0.123284133752798	0.171109449418295	0.19466057678705	0.176433603021586	0.122136667497513	0.0556420084925976	0.0121730226416874	
1.57587382203432e-05	9.6803677639251e-05	0.000261144804794258	0.000895996830242369	0.00269699548399588	0.00746513941980828	0.019077078239884	0.041438727774551	0.0767608138712916	0.123593532613834	0.1710971233549	0.195176475355585	0.177029162670701	0.11925987960324	0.0534041125804258	0.0117312549808869	
1.1207621182404e-05	2.01737181283273e-05	7.17287755673858e-05	0.000322779490053236	0.000952647800504343	0.00283104511067526	0.00779377977024377	0.0204068366489213	0.0425799943961894	0.0784645558980106	0.125857102829924	0.173103950686467	0.194757074810871	0.174287475483329	0.116364247688428	0.0512659008125525	0.0109094984589521	
1.33927973535832e-05	3.5714126276222e-05	0.000133927973535832	0.000334819933839581	0.00109597725010156	0.00316070017544565	0.0089530850308704	0.0218190990218794	0.0432698961165352	0.0809259780090267	0.130302989718796	0.173496993316994	0.194369667992554	0.17119566430507	0.111937000281249	0.0486805862473828	0.0102745077030906	
8.92570245278303e-06	2.67771073583491e-05	0.000120496983112571	0.00042620229212039	0.00104653861258881	0.00356135527866043	0.00954603877325146	0.0222562390660145	0.0454452140383448	0.0835133349994645	0.131828162376379	0.17366069834696	0.192511781927238	0.169704380734764	0.109667874611732	0.0471187832482416	0.00955719590131743	
5.14007830797561e-05	0.000131854182682853	0.000449198147783956	0.00118892246080132	0.0039511558471743	0.0100455008671089	0.023125882752579	0.0477200400479145	0.0853543525289185	0.132781631594944	0.173967067741762	0.192480288917097	0.167407880857454	0.107119231938212	0.0452483328267749	0.00897725850571219	
3.34542145619505e-05	0.000131586577277005	0.000403680855714203	0.00147198544072582	0.00427544862101728	0.0111803985066039	0.024321213986538	0.0496705875006133	0.0868337593169988	0.133609442117518	0.176830057050587	0.192883619478382	0.164175442822287	0.103001066074304	0.0426719658142533	0.00850629162261862	
3.56550728254862e-05	0.000142620291301945	0.000563795839053001	0.00170475816946856	0.00427860873905835	0.0116146399729021	0.0254465797871392	0.0517778510687608	0.0896658228299431	0.136409623304156	0.179601287148129	0.190895031465602	0.158930258677553	0.0999768242026634	0.0406133563902804	0.00834328704116378	
4.6660134247872e-05	0.000171087158908864	0.000537702499427858	0.00161532940943823	0.00467490106940584	0.0118250111651036	0.0270228834629818	0.0527970528570445	0.0931247403141338	0.140107051679432	0.180125893486023	0.188589153074125	0.156244792395731	0.0948089489693665	0.0401943727878097	0.0081144195368204	
6.65133902540146e-06	5.98620512286132e-05	0.000197323057753577	0.000682870806607884	0.00178921019783299	0.00499072138205956	0.012287240292925	0.0287071792336327	0.054507723313165	0.0964688041114144	0.142351957821642	0.179814516325712	0.187638708132592	0.152446473349193	0.0925977247986307	0.0379325864618646	0.00752044732472059	
3.95005376462068e-05	6.36397550966666e-05	0.000252364546072988	0.000700037306063332	0.00208036164936689	0.00538085101713884	0.013118567447168	0.029531040839167	0.0565669643836819	0.097381992143782	0.143674427790823	0.180837850292962	0.185347495007571	0.150080098312449	0.0910026553139195	0.0367530558054818	0.00718909785160965	
2.17956094924238e-06	1.96160485431815e-05	4.57707799340901e-05	0.000246290387264389	0.000710536869453017	0.00225366602151663	0.00595020139143171	0.0138620076371816	0.030707834213876	0.0594213701591951	0.0986447490017611	0.146015326672595	0.180312897769873	0.183608393925128	0.147390629631567	0.0884226081498143	0.0354091471813918	0.00697677459852487	
2.17166112531136e-06	8.68664450124545e-06	5.86348503834068e-05	0.000364839069052309	0.000753566410483043	0.00249306697185744	0.0065366999871872	0.015058298242909	0.0321318980101069	0.0612712469895348	0.101794443587845	0.147475335358769	0.18047155449675	0.180988409844574	0.144211328687426	0.0859760639510768	0.0337606438540904	0.00664311138232746	
1.07534513202012e-05	5.37672566010061e-05	0.000329055610398157	0.000982865450666391	0.00255286934341577	0.0067015508627494	0.0163065335819531	0.0335830284729884	0.0634389107183951	0.102514802125742	0.148877232147658	0.180367638993735	0.180462269365353	0.141943406736392	0.0832209597670372	0.0322496005092835	0.00640475560631185	
1.06801093643199e-05	9.3984962406015e-05	0.000294771018455229	0.00100393028024607	0.00284731715652768	0.00718344155844156	0.0162978468899522	0.0344454887218045	0.0656292720437457	0.105284518113465	0.150668574846206	0.180803571428571	0.179701384142174	0.137502136021873	0.0806924982911825	0.0312927204374573	0.00624786397812714	
