# <P(N_2)> as a function of N_tot.
# number_of_species: 2
# species_total_upper_bound: 100
# species_total_lower_bound: 0
# volume: 512
# Bin widths for each species index 
1	1	1	1	1	1	1	1	1	1	1	1	1	1	1	1	1	1	1	1	1	1	1	1	1	1	1	1	1	1	1	1	1	1	1	1	1	1	1	1	1	1	1	1	1	1	1	1	1	1	1	1	1	1	1	1	1	1	1	1	1	1	1	1	1	1	1	1	1	1	1	1	1	1	1	1	1	1	1	1	1	1	1	1	1	1	1	1	1	1	1	1	1	1	1	1	1	1	1	1	1	
# Bin lower bound for each species index 
0	0	0	0	0	1	1	2	3	4	5	5	6	7	8	9	8	9	10	12	13	14	15	15	16	17	17	18	18	20	20	21	22	23	23	24	25	26	27	28	30	30	31	32	34	34	35	35	36	36	37	38	39	41	41	42	43	44	46	47	47	48	49	50	51	52	52	53	53	55	56	57	57	58	59	61	61	62	63	64	65	66	66	66	67	69	70	71	72	73	74	75	76	77	78	79	79	80	81	82	83	
# Bin upper bound for each species index 
0	1	2	3	4	5	6	7	8	9	10	11	12	13	14	15	16	17	18	19	20	21	22	23	24	25	26	27	28	29	30	31	32	33	34	35	36	37	38	39	40	41	42	43	44	45	46	47	48	49	50	51	52	53	54	55	56	57	58	59	60	61	62	63	64	65	66	67	68	69	70	71	72	73	74	75	76	77	78	79	80	81	82	83	84	85	86	87	88	89	90	91	92	93	94	95	96	97	98	99	100	
# Normalized histogram for each species index 
1	
0.0499968361053918	0.950003163894608	
0.00238960150922201	0.0955889445824913	0.902021453908287	
0.000105192600312153	0.00721058580046676	0.135550450860378	0.857133770738843	
2.20918801294584e-05	0.000397653842330252	0.0134416817321016	0.171339712977384	0.814798859568055	
2.57929806245586e-05	0.00110541345533823	0.0214757269628765	0.203254828507385	0.774138238093776	
1.23319007775263e-06	6.90586443541475e-05	0.00221234299948823	0.0310640580585889	0.232152964897244	0.734500342210247	
8.68452950320769e-06	0.000191059649070569	0.0034713305071393	0.041323472670406	0.258717096488845	0.696288356155036	
9.94128428966417e-06	0.000383982105688279	0.00530988847121688	0.0515082792258225	0.281576936220448	0.661210972692535	
1.11837085674663e-05	0.000707058908320928	0.00804357172857885	0.0625865184121122	0.301151176401878	0.627500490840543	
2.73168066653008e-05	0.00101320519267661	0.0105753291985621	0.0748033500338356	0.318001154755918	0.595579644012342	
8.67969447475449e-06	8.80369011010812e-05	0.00143214958833449	0.0136333201071322	0.0879662235889297	0.329890387858347	0.56698120226168	
2.72498801624588e-05	0.000179601482888933	0.00200162756102425	0.0180307502511324	0.100202763881027	0.341444714328359	0.538113292615406	
2.34987687881932e-05	0.000291879443895453	0.00282232580919247	0.0221383137530873	0.112017394036012	0.35076612170136	0.511940466487664	
2.96406442394025e-05	0.000339632381909821	0.00385822385849556	0.0260899420648908	0.122439326218755	0.36050680561542	0.486736429216289	
3.31627702458712e-05	0.000513408813436081	0.00487738372764277	0.0303009459987275	0.134656814457985	0.367362429774763	0.462255854457199	
1.22701042590759e-06	2.45402085181518e-06	5.64424795917491e-05	0.00075829244321089	0.00626020719298052	0.0361649052932003	0.14611117450665	0.37231177353314	0.438333523519949	
6.10991492554458e-06	2.44396597021783e-06	0.000117310366570456	0.00107901097585117	0.0076483915037967	0.0416317383196756	0.158552292317882	0.374815175073502	0.416147527561826	
3.66120211910379e-06	2.44080141273586e-06	0.000186721308074293	0.00136684879113208	0.00948739509130428	0.0480813470294837	0.168902237360615	0.377222197136208	0.394747151279651	
2.43677186210795e-06	0.000211999152003392	0.00174229188140719	0.011602689221427	0.0536918312096867	0.180462450563991	0.376437390802161	0.375848910397462	
1.46753626343254e-05	0.000308182615320834	0.00244833966615996	0.0135001106766932	0.061038502036818	0.189852720506496	0.377005174288276	0.355832294847602	
3.1936323883457e-05	0.000421313811231759	0.00291111875399204	0.0160480027514371	0.0663415712671351	0.198234903945364	0.377768633616666	0.33824251953029	
3.95244712058052e-05	0.000606453605064073	0.00373135710977304	0.0183504708970202	0.0723693067778292	0.208398950131234	0.376424888065462	0.320079048942412	
4.94609987659481e-06	6.67723483340299e-05	0.000671433058247745	0.00443417853936725	0.0212422624450056	0.0799388662055253	0.216675033818958	0.370482665156458	0.306483842328228	
2.09697652989857e-05	0.000119651013764801	0.000854826314835122	0.00527327921489199	0.0241843069677596	0.0865533230293663	0.224010134564217	0.368659575596621	0.290323933533245	
2.33791482607144e-05	0.000162423556337595	0.00109635900527877	0.00620408765950116	0.0275234099102979	0.0947384611598519	0.231884236301665	0.363522376305848	0.274845266952959	
2.46913580246914e-06	1.72839506172839e-05	0.000195061728395062	0.0013358024691358	0.00724444444444444	0.0307555555555556	0.101108641975309	0.239059259259259	0.358198765432099	0.262082716049383	
9.92171764775918e-06	2.72847235313377e-05	0.000230679935310401	0.00153290537657879	0.00798574249174017	0.0336135391759021	0.108011538957624	0.244247884193712	0.354057734474992	0.250282768952961	
1.24480449722969e-06	1.61824584639859e-05	5.35265933808766e-05	0.000304977101821273	0.00193691579768939	0.00940947719455921	0.0372171648581732	0.114449815084292	0.248836418996215	0.350841923521701	0.236932353589207	
1.49924475545444e-05	4.49773426636332e-05	0.000329833846199977	0.0022913457345862	0.0114529805610424	0.0412879511945857	0.120702945891007	0.255467558217548	0.345062424803505	0.223344989961307	
2.51032055538332e-06	7.53096166614996e-06	4.26754494415164e-05	0.000475705745245139	0.00293205440868772	0.0125327753727512	0.0455748696829842	0.128003755439551	0.26063026618184	0.337171195075755	0.212626661361523	
1.25519651356616e-06	7.53117908139698e-06	7.78221838411022e-05	0.000638895025405177	0.00346810796698331	0.0140494145763461	0.0495375856044022	0.135246169140241	0.263075382081819	0.331448446568795	0.202449390476573	
5.03075678932071e-06	1.50922703679621e-05	0.000111934338562386	0.00085145558659253	0.00381960209229175	0.0161575331181008	0.0539749895926219	0.141634668957338	0.26628047223714	0.325723894459753	0.191425326590442	
1.25530365795486e-06	2.76166804750069e-05	0.000225954658431875	0.000966583816625242	0.00436343551505109	0.017964650648992	0.0586615952398885	0.146560467977204	0.269494865808039	0.318568451708468	0.183165122643167	
6.27827578456473e-06	1.25565515691295e-06	3.26470340797366e-05	0.000229784893715069	0.00108237474525896	0.00509670428190965	0.0197112746532194	0.0629221355680647	0.153854170721386	0.271348335064045	0.311558180153868	0.174156858953512	
8.78897912240788e-06	2.51113689211654e-06	3.51559164896315e-05	0.000257391531441945	0.00137233631154169	0.00592251636005685	0.0221118159035322	0.0673411580358892	0.158765374435622	0.273923601171194	0.304271946080869	0.165987404137349	
1.49915110568641e-05	1.49915110568641e-05	3.37308998779441e-05	0.000292334465608849	0.00156661290544229	0.00664873515371921	0.0244211715116315	0.0713808306046701	0.164473117097444	0.275086732137927	0.297937542866352	0.158129209335214	
6.26181918370925e-06	5.0094553469674e-06	6.26181918370925e-05	0.000339390599757041	0.00183972247617378	0.00762940049343135	0.026657816628887	0.0771042843366855	0.171526255807837	0.276620871895703	0.289292289195857	0.1489160790993	
1.25348154499121e-06	5.01392617996485e-06	0.000101532005144288	0.000434958096111951	0.00209331418013533	0.00835821494200141	0.0295194903845431	0.0815464953909484	0.1775443795141	0.276612039940936	0.28312262308562	0.140660685052734	
3.77315301015859e-06	1.00617413604229e-05	9.93596959341761e-05	0.000511891091711515	0.00241356020883144	0.00954859255104133	0.0323384367323992	0.0868366010934597	0.18034790986189	0.277096583913036	0.276126883589426	0.1346663463679	
1.76363954734931e-05	0.000123454768314452	0.000646247919850141	0.00262278395541519	0.0109219677682275	0.0348419590004195	0.0912456712097182	0.184209631235568	0.277472150241934	0.26932413553318	0.1285743619719	
5.05975571499408e-06	1.89740839312278e-05	0.000160647243951062	0.000714690494742914	0.00302573391756646	0.0118183244112974	0.0377558971452858	0.095277729991196	0.190165858792337	0.276220919054028	0.262831540493225	0.122004624616723	
1.01357686206739e-05	3.29412480171903e-05	0.000214118112111737	0.000808327547498746	0.00348036955012391	0.0132677211244622	0.0403238884862736	0.10129940553717	0.193099061934614	0.275815802676857	0.256443814900593	0.115204413113657	
2.5363072381136e-06	4.69216839051015e-05	0.000211781654382485	0.000924483988292406	0.0037778296311702	0.0144835824832477	0.043225016105551	0.106087391002196	0.198797029476963	0.275644602484567	0.247457351993791	0.109341473188696	
5.82146576914851e-05	0.000222734342471769	0.0011199993925427	0.00437116147100847	0.0156154491577225	0.0466932176127181	0.110359804550614	0.204238533294355	0.273217840514618	0.240030423486324	0.104072621519934	
2.52526209063923e-06	5.9343659130022e-05	0.000285354616242233	0.00135354048058263	0.00503537260873463	0.0172904695346068	0.0504029686981138	0.11468225258429	0.204794967657706	0.272830578903708	0.234490787212578	0.0987718387822176	
1.63736208373218e-05	6.54944833492871e-05	0.000342586528288579	0.00142954305002771	0.00569298201420726	0.0189581339110283	0.053250793490856	0.118778024081818	0.20952189027155	0.271031286210892	0.227595848657363	0.0933170436797824	
8.78171296093016e-06	1.12907738069102e-05	7.77808862253814e-05	0.000356286640129166	0.0017475608792251	0.00626512493241217	0.0208603318734781	0.0569368632474022	0.124152094250362	0.213262644725766	0.268268785652186	0.21966702253513	0.0883854318909161	
2.50788101609307e-06	1.75551671126515e-05	7.14746089586526e-05	0.000401260962574892	0.00186962529749739	0.00682018242326511	0.0230524422999275	0.0604813125246086	0.128599122743221	0.215722909242294	0.265592123247305	0.213073332948792	0.0842961506534284	
1.24889940739723e-06	4.99559762958892e-06	1.99823905183557e-05	6.61916685920533e-05	0.000504555360588481	0.00214810698072324	0.00790428434941708	0.0248743294971307	0.0640410638125152	0.134174258934314	0.217848021431114	0.262416245683491	0.206368138078318	0.0796285773162401	
6.25022657071319e-06	2.50009062828528e-06	2.25008156545675e-05	0.000106253851702124	0.000601271796102609	0.00223008084043047	0.00858781130815992	0.0270484805074184	0.0674136937463983	0.138146257801845	0.221805540450841	0.258649376039881	0.200072252619157	0.0753077299052091	
2.5001437582661e-06	1.37507906704636e-05	2.12512219452619e-05	0.000128757403550704	0.000613785292654328	0.00270140533080652	0.00963555404435755	0.0291816779464819	0.0711965938041437	0.141629393690137	0.22260404973286	0.256923523102578	0.193652385012138	0.0716953724839178	
1.24936438586869e-06	3.74809315760607e-06	3.99796603477981e-05	0.000141178175603162	0.000760862910994032	0.0031121666851989	0.0107045540581229	0.0314490003210866	0.074518338795138	0.14477134757692	0.224685691154625	0.253824616726241	0.18780195575501	0.0681853107231696	
4.99887525306806e-06	2.99932515184084e-05	0.000159964008098178	0.000922292484191057	0.00356294833662426	0.0119323152290735	0.0336286835462021	0.0775025619235672	0.149075208078182	0.225200579869529	0.251963308255643	0.18134044839911	0.0646766977430078	
3.75411075127264e-06	8.7595917529695e-06	4.88034397665444e-05	0.000162678132555148	0.000929768096065191	0.00396434095334391	0.0130455348606724	0.0354237890490087	0.0820661123930704	0.152708465770018	0.228591557755743	0.247842637688269	0.174890254829038	0.0603135433299463	
2.51179917663223e-06	1.38148954714773e-05	8.28893728288636e-05	0.000254947616428171	0.0011303096294845	0.0044659789360521	0.0139216469364841	0.0372060253038649	0.0852404168581914	0.157379289211069	0.228691779634835	0.243405899211546	0.170391664845612	0.0578128257489557	
2.50461161613821e-06	2.75507277775204e-05	9.3922935605183e-05	0.00028051650100748	0.0013337056855936	0.00481762044364186	0.0151178357150103	0.0399047245741221	0.0883677070405885	0.160578164545469	0.228175127453424	0.240676896335378	0.165145323827497	0.0554783996032695	
1.24824933031423e-06	1.87237399547135e-05	0.000124824933031423	0.000328289573872644	0.00153909142427745	0.00528259116588984	0.0162659370233248	0.0421196771527932	0.0922081780303125	0.163340914367599	0.229805198209511	0.237277218700772	0.159346516510594	0.0523415909187365	
6.24646294036002e-06	8.62011885769683e-05	0.000416014431827977	0.00183521081187777	0.00583169780112012	0.0174788525997154	0.0440300679740097	0.0951948459184987	0.167872442229587	0.230197150863324	0.231526398177032	0.154799844588002	0.0507250269534876	
8.79306403109227e-06	0.000119334440421967	0.000455983177612356	0.00177243047826731	0.00615263251775571	0.0185345228255381	0.0458746712022128	0.0989182018937748	0.171675782143046	0.230017761989343	0.228638507088466	0.149856421825892	0.0479749573536394	
2.51657162414499e-06	2.2649144617305e-05	0.000118278866334815	0.000460532607218534	0.00205226415949024	0.00684381653186231	0.0195889935223446	0.0491322861039948	0.102725195411787	0.173912715229788	0.230551934488607	0.224749978609141	0.144515383802338	0.0453234549508514	
5.03483476301662e-06	3.2726425959608e-05	0.000169925673251811	0.000580264706437666	0.00228581498240955	0.00741505289723273	0.0214093761210374	0.0519909624716004	0.106055018156873	0.176907730359424	0.229281340273014	0.221314972969231	0.139407022335786	0.0431447577929802	
1.26083371368484e-05	4.91725148337086e-05	0.000177777553629562	0.000759021895638272	0.00251410242508756	0.00824711332121252	0.0226962676800407	0.0550543041080484	0.110044305696699	0.178784959766796	0.228855188204648	0.217000829628584	0.134984857387099	0.0408194914805466	
1.14329268292683e-05	6.98678861788618e-05	0.000205792682926829	0.000885416666666667	0.00297510162601626	0.00902311991869919	0.024239075203252	0.0583587398373984	0.112886178861789	0.180529725609756	0.229094258130081	0.212874745934959	0.130030487804878	0.0388160569105691	
2.1595446155566e-05	6.09753773804216e-05	0.000228657665176581	0.00105436590053646	0.00340191792968269	0.00987928145599039	0.0265268298012076	0.0608089654129875	0.115508960204674	0.183617186418243	0.228611933643546	0.207627511582146	0.124971576581898	0.0376802425803763	
1.90695823634332e-05	5.97513580720906e-05	0.000327996816651051	0.00122299588224152	0.00358126756785275	0.0109039871954111	0.0279979608259926	0.0629703035750382	0.119946401760504	0.186621289536012	0.22545840097738	0.203584318701031	0.121709702476376	0.0355965537450753	
3.82738493924026e-06	3.18948744936689e-05	8.80298536025261e-05	0.000352119414410104	0.00124900328517207	0.0040493732657162	0.0114234682486524	0.0293636972538513	0.0663081682773578	0.123054253181514	0.187479348068765	0.22508850827672	0.199623640480975	0.117486683889899	0.034397984243932	
7.65359814782925e-06	2.67875935174024e-05	0.000123733170056573	0.000373750709552328	0.00145035684901364	0.00417248659025825	0.0124536797862095	0.0317560543150349	0.0690265260955807	0.126089202686413	0.188954582272991	0.223551397100562	0.195372124319946	0.114061573197099	0.0325800917156178	
2.55035354275987e-06	5.10070708551973e-06	2.42283586562187e-05	0.000100738964939015	0.000423358688098138	0.00145625187291588	0.00456003213445464	0.0135347262514266	0.0336952710069433	0.0721482265479052	0.128837485096371	0.191131145555053	0.222052907084245	0.191407858914442	0.109443321580454	0.031176796883468	
1.27623296867103e-06	3.44582901541179e-05	0.000107203569368367	0.00041988064669277	0.00165144546146032	0.00504367269218792	0.0142402074644314	0.0351972290429784	0.0747132304519396	0.132882652930997	0.192975358493841	0.219679257130314	0.187629218588078	0.10644165828607	0.0289832507185192	
5.11451396773765e-06	3.19657122983603e-05	9.58971368950809e-05	0.000496107854870552	0.00179775165965978	0.00552495371364859	0.014972739640552	0.0372132036292591	0.0779809944660959	0.135818475670257	0.193062673254161	0.220246314992686	0.184580251838668	0.101690602592036	0.0264829533249455	
2.41968554276094e-05	3.18379676679071e-05	0.000122257795844763	0.000528510263287257	0.00201852715014531	0.00593969124812474	0.0163125011143289	0.0395134649132861	0.0812237495956578	0.138057068920285	0.1943758866874	0.219524060588926	0.179501188192953	0.0975120538545591	0.0253150048521063	
3.82195304348491e-06	2.29317182609094e-05	4.2041483478334e-05	0.000177083824348134	0.000578388893914049	0.00214921159478635	0.00671644548175081	0.0175567782974218	0.041618520674855	0.083392467440145	0.141064464881984	0.197349093369039	0.216618106629942	0.175016147751609	0.093365216914945	0.0243292790904771	
6.36601262252983e-06	1.27320252450597e-05	4.45620883577088e-05	0.000196073188773919	0.000743550274311484	0.00257441550455106	0.00722669752909586	0.0192699202083978	0.0435626243759716	0.0858622318476333	0.1439979323191	0.199415345400747	0.213623012371709	0.171203723862744	0.0893482603597306	0.0229125526310094	
1.52732965501441e-05	1.27277471251201e-05	5.72748620630405e-05	0.000282555986177667	0.000851486282670536	0.00290701744337744	0.00796884247503771	0.0203134844116917	0.0460273519285719	0.0884043859816593	0.146870565175611	0.199017417921941	0.212116815263114	0.167604065242432	0.0863501275956649	0.0212006083863126	
3.82479384361183e-06	6.88462891850129e-05	0.000304708576207742	0.00102631968136917	0.00302286206773455	0.00861088587325143	0.0214519937375375	0.0476926293672771	0.0919276450999291	0.150454640494877	0.198933902462657	0.209832015054389	0.162968091019894	0.0829202555982233	0.0207813798836243	
1.27619550804705e-06	1.27619550804705e-05	5.61526023540702e-05	0.000294801162358869	0.00104775651210663	0.00323132702637513	0.00911586451398008	0.022321935631251	0.050015378155872	0.0954249667232021	0.152234809763917	0.199756501897065	0.20788841967434	0.159077770078065	0.0797596668619246	0.0197606112466005	
1.27729091705656e-06	1.78820728387918e-05	8.30239096086764e-05	0.000309104401927687	0.00114317537076562	0.00333245200260056	0.00976105718814623	0.0237997616575149	0.0521236877432441	0.0982504946309076	0.154580301364019	0.200432490704515	0.206820222580715	0.15441042167205	0.0760754470198887	0.0188592003903401	
5.09799623258078e-06	1.2744990581452e-05	9.94109265353253e-05	0.00032627175888517	0.00117508813160987	0.00369477276956292	0.0105719696873144	0.0257346849820678	0.0540260150747749	0.100833267484215	0.15733308523085	0.200681347196484	0.204191317602616	0.150074813094713	0.0734621257114891	0.0177779873620673	
1.27756506319476e-06	4.47147772118165e-05	0.000125201376193086	0.000426706731107048	0.00134783114167047	0.00405754664070654	0.0118251422249307	0.0266602277387482	0.0565143681354832	0.103586252888894	0.159940925391478	0.20082300741371	0.200200833227934	0.146667024384884	0.070458990800254	0.0173199495617313	
7.66224810359359e-06	2.80949097131765e-05	0.000157076086123669	0.000528695119147958	0.00147881388399356	0.00453860496002861	0.0118483896508569	0.028191964855822	0.0592253467167267	0.106552499169923	0.16202462135724	0.200270732766327	0.197557019896304	0.143607130998902	0.0677828008070901	0.0162005465736981	
1.02165917449939e-05	3.44809971393543e-05	0.000162188393951778	0.000563189619942787	0.00164487127094401	0.0047009092766653	0.0125357580711075	0.0298490498569677	0.0618652942378423	0.110461789946874	0.163584235798937	0.20067429505517	0.194499642419289	0.1383173273396	0.0654244993870045	0.0156722517368206	
3.82841552090698e-06	1.14852465627209e-05	5.10455402787597e-05	0.000187592360524442	0.000621479452893899	0.00171768243038026	0.00522578718603802	0.0140030678369708	0.03132026737654	0.0654454871913978	0.112642193733139	0.165771668193779	0.200677884774902	0.190697205511897	0.133828645225838	0.0632007595576393	0.0145939199656974	
1.27735944256034e-06	2.04377510809654e-05	1.66056727532844e-05	7.536420711106e-05	0.000208209589137335	0.000624628767412006	0.00192370332049587	0.0057200155837852	0.0147828808287508	0.0333058701053183	0.0678533335888052	0.115782414592554	0.167906344005671	0.200352551206147	0.186870022289922	0.130245955560665	0.0607409962126293	0.0135693893583185	
3.82878686164551e-06	8.93383601050619e-06	3.06302948931641e-05	9.95484584027833e-05	0.00022206963797544	0.00071343061855328	0.0021785797242763	0.00614520291294104	0.0156342130183858	0.0353077961758077	0.0706883393019866	0.119140360773823	0.169653545839513	0.197736421207395	0.183358050279629	0.127179536920992	0.0585498086882831	0.0133497035242707	
1.40665861034917e-05	2.1739269432669e-05	7.41692721820472e-05	0.000223786597101004	0.000819698335667108	0.00240154988203249	0.00679160352687677	0.0167430738048197	0.0373288831770024	0.0734557126324337	0.121067270251089	0.170406460399363	0.197080543993248	0.180346421652312	0.123768054782959	0.056488852230513	0.0129681136068645	
2.55527703035925e-06	1.91645777276943e-05	7.41030338804181e-05	0.000288746304430595	0.000941619585687382	0.00247861871944847	0.00716499679312733	0.0178997155976665	0.0387098917329122	0.0751698620405931	0.123280617968197	0.171011915256793	0.195933532133886	0.178037649451765	0.121666960523525	0.0551160479063338	0.0122040030969958	
1.27898336170545e-06	1.40688169787599e-05	8.95288353193813e-05	0.000306956006809307	0.000961795488002497	0.0028176003458371	0.00752553810027485	0.0187000157314953	0.0407599207541909	0.0763501907603684	0.124519262128919	0.171043560894316	0.196510677592595	0.176980601659353	0.118740815300734	0.0528795670897117	0.0117986215117328	
8.95013623385939e-06	1.40644997960648e-05	8.43869987763885e-05	0.000337547995105554	0.00104077298490879	0.00296377368429801	0.00802571501999077	0.0200431908002828	0.0421909422064132	0.0781909473207767	0.125914352310606	0.17397530529554	0.195735643661833	0.174077592566784	0.115645988868588	0.0507830729909182	0.0109677526591494	
1.02177139397717e-05	2.68214990919007e-05	0.000118780924549846	0.000407431343348396	0.00115077003246679	0.00334502410103276	0.00883193648669015	0.0213167057068487	0.0435836588100961	0.0806381984126781	0.130332050158758	0.174364011167961	0.194731746692654	0.1711594806336	0.111281122518053	0.0484357957172452	0.0102662480809856	
6.39311793640382e-06	2.42938481583345e-05	0.000121469240791673	0.000483319715992129	0.00117377645312374	0.00352260798295851	0.00948994426479783	0.0216790629223454	0.0455969957460193	0.0834237959521335	0.132851547965646	0.174824924465312	0.193795862629796	0.16836020360802	0.108643367587659	0.0464792460212431	0.00952318847806713	
1.28043596283663e-06	6.91435419931778e-05	0.000126763160320826	0.000484004793952245	0.00129324032246499	0.00386819704372945	0.00986703952961904	0.0230273603556539	0.047738494002438	0.0859505444413714	0.133758181985803	0.175527283529496	0.192176792354261	0.167148110588693	0.10582034971267	0.044242903823894	0.00890031037767739	
1.28045563733399e-05	5.12182254933596e-05	0.000120362829909395	0.000428952638506886	0.0014955721844061	0.0041589199100608	0.0108480201594936	0.0244310935603325	0.0501285577459883	0.087338598566914	0.135455560506651	0.17709213646584	0.192385898598157	0.163555159467945	0.101975486957279	0.0421577214035843	0.00836393622306562	
1.02417042195821e-05	6.01700122900451e-05	0.000144664072101598	0.000564573945104465	0.00177053461696026	0.00425414789020893	0.0113554895534617	0.0260203297828759	0.0520342585006145	0.0901628430970914	0.13719402908644	0.17923878533388	0.190890004096682	0.159062628021303	0.0988017206063089	0.040221732896354	0.00821384678410488	
1.02553189852875e-05	4.87127651801154e-05	0.000161521274018278	0.000548659565712879	0.00172417550440145	0.00472001056297855	0.012043590233347	0.027432978285644	0.0535699406345222	0.0932131580870241	0.139983822234301	0.179779587556709	0.188873491666912	0.156583337926862	0.0940361474355934	0.0392445419269488	0.0080260690208606	
1.2827864173443e-05	6.54221072845592e-05	0.000178307312010857	0.000640110422254805	0.00179205262502999	0.00502210882390293	0.0126816265218657	0.0290602434985177	0.0552650044320271	0.0964424484287791	0.142494480811439	0.179656803321904	0.187321452165536	0.152418116536015	0.0918167206078355	0.0376497813490552	0.00748249317236929	
2.55339467438473e-06	3.06407360926167e-05	5.10678934876946e-05	0.000245125888740934	0.000640902063270567	0.00207590987027478	0.0055000121286247	0.0132980794641957	0.0296257617095488	0.0573249871372743	0.0979635400774445	0.144268075800074	0.181021638743168	0.185289637941402	0.149042923841174	0.0904361325773583	0.0361943695094035	0.006988641223791	
8.92188001855751e-06	1.65692057487497e-05	4.46094000927876e-05	0.000245988977654514	0.000721397727214793	0.0021782132788164	0.00603119089254488	0.0141016686464743	0.0306007739093639	0.0595318817009692	0.09929670094368	0.146939540242777	0.180884744604812	0.182736671985807	0.147072093888767	0.0878868909542333	0.0348858254268482	0.00681631633417794	
6.36974321017223e-06	1.52873837044133e-05	8.28066617322389e-05	0.000333774544213025	0.000811505284975942	0.00248674774925124	0.0066092455548747	0.0153778340579978	0.0323188030997718	0.0611610003554317	0.102374512873888	0.14814366573626	0.179815302925878	0.181502010927931	0.144054290595329	0.0849800181155497	0.0333723586267343	0.00655446576326722	
7.60227916329316e-06	2.15397909626639e-05	7.09546055240695e-05	0.00030029002695008	0.00100476789608191	0.00259997947384626	0.00686232399139929	0.0164259911788221	0.0335159147379051	0.0636500822946719	0.104049860814939	0.149709149469678	0.180168947983939	0.180198090054065	0.141094500131139	0.0827634791577181	0.0314544300381254	0.00610209607506997	
3.78105665409255e-06	2.5207044360617e-05	7.31004286457894e-05	0.000303744884545435	0.000921317471380552	0.00286225988714806	0.00740456928093125	0.0168395659851102	0.0349785551070102	0.0656404038672647	0.107199257904614	0.150972550789044	0.180759715109985	0.178407897871139	0.137149007661681	0.0801029455691688	0.0304879201541663	0.00586819992715164	
