# <P(N_1)> as a function of N_tot.
# number_of_species: 2
# species_total_upper_bound: 100
# species_total_lower_bound: 0
# volume: 512
# Bin widths for each species index 
1	1	1	1	1	1	1	1	1	1	1	1	1	1	1	1	1	1	1	1	1	1	1	1	1	1	1	1	1	1	1	1	1	1	1	1	1	1	1	1	1	1	1	1	1	1	1	1	1	1	1	1	1	1	1	1	1	1	1	1	1	1	1	1	1	1	1	1	1	1	1	1	1	1	1	1	1	1	1	1	1	1	1	1	1	1	1	1	1	1	1	1	1	1	1	1	1	1	1	1	1	
# Bin lower bound for each species index 
0	0	0	0	0	0	0	0	0	0	0	0	0	0	0	0	0	0	0	0	0	0	0	0	0	0	0	0	0	0	0	0	0	0	0	0	0	0	0	0	0	0	0	0	0	0	0	0	0	0	0	0	0	0	0	0	0	0	0	0	0	0	0	0	0	0	0	0	0	0	0	0	0	0	0	0	0	0	0	0	0	0	0	0	0	0	0	0	0	0	0	0	0	0	0	0	0	0	0	0	0	
# Bin upper bound for each species index 
0	1	2	3	4	4	5	5	5	5	5	6	6	6	6	6	8	8	8	7	7	7	7	8	8	8	9	9	10	9	10	10	10	10	11	11	11	11	11	11	10	11	11	11	10	11	11	12	12	13	13	13	13	12	13	13	13	13	12	12	13	13	13	13	13	13	14	14	15	14	14	14	15	15	15	13	14	14	15	15	15	15	16	17	17	16	16	16	16	16	16	16	16	16	16	16	17	17	17	17	16	
# Normalized histogram for each species index 
1	
0.950107735244131	0.0498922647558689	
0.902225080591789	0.0954132063790269	0.00236171302918383	
0.857104077601873	0.135629438753064	0.0071514822476622	0.000115001397400701	
0.814896576142571	0.171280047101678	0.0133848161465409	0.000414419658244604	2.41409509657051e-05	
0.774385644687219	0.202978163711766	0.0214833107409843	0.00112469634540794	2.81845146223946e-05	
0.734826060513707	0.231890996033988	0.0309837084704896	0.00222506611143401	7.2820345465113e-05	1.34852491602061e-06	
0.696612021857923	0.258381020262702	0.041327767029834	0.00348097613956488	0.000188711264976411	9.50344499881207e-06	
0.661439037942423	0.281336903553782	0.0515059999538099	0.00530234794977238	0.000404842349226792	1.08682509859541e-05	
0.628258522707984	0.30065248535133	0.0623181222544353	0.00803351371169789	0.00072513460480843	1.22213697439623e-05	
0.595906121015074	0.317951785493871	0.0745286179530062	0.0105568418725339	0.00102679292014752	2.98407453675634e-05	
0.56676197903128	0.33021672731999	0.0878024542933888	0.0136930292002426	0.0014256238627502	9.07092106403258e-05	9.47708170869075e-06	
0.537791130015765	0.34178454283157	0.100249047481267	0.0180092966909945	0.00195911943733116	0.000177118458447469	2.97450846247658e-05	
0.511778473140381	0.350867905264423	0.112182815840402	0.0220875913788842	0.00277799911136441	0.000279555574162583	2.56596903820728e-05	
0.486959513241504	0.36066942784291	0.122414095489929	0.0258205954966744	0.00375861743318538	0.000345371881872024	3.23786139255022e-05	
0.462099657501154	0.367440062701983	0.134830736855667	0.0303081952780253	0.00476170025445839	0.000526095405791344	3.35520029203663e-05	
0.437975111664662	0.372482176601958	0.146192127641299	0.0362816204260436	0.00624758417797629	0.000766352430853805	5.10006871671534e-05	2.68424669300807e-06	1.34212334650404e-06	
0.415697110398951	0.375324319080466	0.1586504044371	0.04156636581988	0.00758026855426281	0.00104772290873571	0.000124442184562479	2.67617601209632e-06	6.69044003024079e-06	
0.394449739785599	0.377231340160981	0.169148050163294	0.048216866278005	0.00941664650277994	0.00133148493991607	0.000199188008079814	2.67366453798408e-06	4.01049680697613e-06	
0.375159844413655	0.376821692388603	0.180650216373941	0.0537784683234423	0.0116275965540348	0.00175128075753571	0.000208231553487478	2.66963530112151e-06	
0.355113259101573	0.377306328747168	0.190106545513566	0.0611748041255367	0.013577410151267	0.00241045307664758	0.000299126898215031	1.20723860266156e-05	
0.338069410080314	0.377550484405157	0.198542137793839	0.0664240488001325	0.0160426799127761	0.00291734066754034	0.000431001391326366	2.28969489142132e-05	
0.320347269003617	0.376213047207049	0.20810438631377	0.0725528708671174	0.0183793391716514	0.00375243150527424	0.000618190770695864	3.24651608242904e-05	
0.30683844048877	0.37037037037037	0.216406567503861	0.0798301227342924	0.021307811102983	0.00447316372700425	0.000701725866319868	6.63794738410686e-05	5.41873255845458e-06	
0.290332961063053	0.368715234868295	0.223773198162265	0.0865474320110978	0.0242493976522635	0.00537989145572102	0.0008558610936093	0.000123038482651574	2.29852110447995e-05	
0.27512836255929	0.363441803350583	0.231387260226836	0.0947231349476767	0.0277384574902336	0.00628824731973579	0.00109706975771356	0.000170025571306161	2.56387766255322e-05	
0.262186217267025	0.358556971971226	0.238844710568026	0.100711218283051	0.0308153948277497	0.00733028977064904	0.00133167156617039	0.000201850522237425	1.89658208813688e-05	2.70940298305268e-06	
0.250421706742411	0.354479885948731	0.24443619168884	0.107514814149758	0.0333692464236548	0.00798386087486464	0.00154263047062472	0.000210853371205319	2.99275752678518e-05	1.08827546428552e-05	
0.23705793055099	0.351240024496332	0.248735970189765	0.114227103908911	0.0370513836471983	0.00937707574358506	0.00193815631005591	0.000301430362084698	5.18296550190883e-05	1.77311977696881e-05	1.36393828997601e-06	
0.223289954887877	0.345521088822705	0.255426867992292	0.120435408637001	0.0412359845830413	0.0114367992291521	0.00229803565171689	0.000301112473721093	4.10607918710582e-05	1.36869306236861e-05	
0.213060193321617	0.33730091168717	0.260557172671353	0.12760874340949	0.0454319529876977	0.0125260874340949	0.00299044376098418	0.00046957381370826	4.6682776801406e-05	5.4920913884007e-06	2.74604569420035e-06	
0.202732368725622	0.331635041647274	0.263032020417942	0.135137064632561	0.0492202548398567	0.014028411033267	0.00348170389316551	0.000638403907855663	8.51205210474217e-05	8.23746977878275e-06	1.37291162979712e-06	
0.191851693063674	0.325683560201942	0.266229144165313	0.141575081004873	0.0537586535739707	0.0160649358144597	0.00384618555681059	0.000847837259218341	0.000120923304394188	1.64895415082984e-05	5.49651383609945e-06	
0.183330912598691	0.318507932245008	0.26941817414491	0.146575939359227	0.0586484627421534	0.0179129796137604	0.0043778757642442	0.000957788782224317	0.000238419525188886	3.01449974376752e-05	1.37022715625796e-06	
0.17458915075379	0.311478535965	0.271321700550268	0.153782940993282	0.0627465129774721	0.0196373524008906	0.00506367666003125	0.00109889054583718	0.00024145410245611	3.15536611164234e-05	1.37189830940971e-06	6.85949154704857e-06	
0.166106822864689	0.304448870726186	0.27369566918379	0.158437397474457	0.0675807197756415	0.0221805218284174	0.00588762582758275	0.00134664512400529	0.000267681752478115	3.56909003304154e-05	2.74545387157041e-06	9.60908855049645e-06	
0.158396175966649	0.298281967892962	0.274821021270094	0.164038371293558	0.0713527627113095	0.0245318178345756	0.00668851152994074	0.0015415088779998	0.00028511093407253	3.00116772707926e-05	1.63700057840687e-05	1.63700057840687e-05	
0.149240001093524	0.288904836108149	0.276576724350037	0.171587522895651	0.0769635583258154	0.0268118319254217	0.00768610404877115	0.00183438584980453	0.000321222559392001	6.1510702862298e-05	5.46761803220427e-06	6.83452254025534e-06	
0.141001682568237	0.283016465620983	0.276283454563128	0.177638955630306	0.0817503638262889	0.029375806886619	0.00829647153529902	0.00209739181387427	0.000442204670940855	9.03576107804844e-05	5.47621883518087e-06	1.36905470879522e-06	
0.135029883403935	0.276183325142965	0.276840842390782	0.180115799906108	0.0869473903840505	0.0324503293076989	0.00940839919944873	0.00240494826341321	0.000512012387130781	9.1970053452446e-05	1.0981498919695e-05	4.11806209488564e-06	
0.12882779476958	0.269609264923193	0.277461081136809	0.184058558713358	0.0910134368878656	0.0348685521839238	0.0108182411766727	0.00252517268634661	0.000668064194645864	0.000131963297707825	1.78700298979346e-05	
0.122439678543363	0.262842866593286	0.276269578319493	0.190136711601911	0.0951084066793817	0.0376837334047804	0.0117583854800374	0.00286432833986347	0.000711248358259251	0.000158822448931677	2.0715971599784e-05	5.52425909327573e-06	
0.115279216817887	0.256632687644298	0.275860876445745	0.193385779716889	0.101199755981834	0.0400914653124857	0.0131083681354328	0.00341680765032916	0.000787110750217528	0.000195048533885187	3.18164275131865e-05	1.10665834828475e-05	
0.109347852871997	0.247563118046009	0.275709260359084	0.199231106810256	0.105990694094308	0.0429785543312886	0.014353411219417	0.00367141652718883	0.000916469736424965	0.000203506119719743	3.18410935615924e-05	2.7687907444863e-06	
0.10415220568246	0.240154225965327	0.273101120401407	0.20443496248539	0.110457309794646	0.046534124702788	0.0154722756195741	0.00429586104207405	0.00111363953130541	0.000230455764223054	5.38190108065814e-05	
0.0988881058432942	0.234330523545508	0.272807732330546	0.204933737825323	0.11484525979067	0.0503325496759843	0.0172000858903137	0.0049469517197333	0.00135304772968777	0.000294559729555628	6.46930247154883e-05	2.75289466874418e-06	
0.0933367724657207	0.227515071357424	0.270993570834694	0.209385538631244	0.118956022094596	0.0533143266389158	0.0189829131829445	0.00565947650185356	0.00141452612688752	0.000352602535994271	7.13437037809419e-05	1.78359259452355e-05	
0.0889029606116104	0.219905998466061	0.26828239763959	0.212842236275749	0.123864216367294	0.0569850181643498	0.0208364608040352	0.00622446278014177	0.00169088125073353	0.000358919910365552	8.46122982610808e-05	1.22824303927375e-05	9.55300141657364e-06	
0.0846303501945525	0.214011875071627	0.265707456300719	0.21524658782696	0.128009015449599	0.0603208343110985	0.0229997653363603	0.00669609967201663	0.00186912317658166	0.000414754339913011	7.23091447874657e-05	1.91005288117834e-05	2.72864697311191e-06	
0.0795506919490817	0.206809774163156	0.262906661989773	0.217814069019525	0.133717001730722	0.0638708633626591	0.024708679851699	0.00782156020616398	0.00218345657762895	0.000523431371349406	6.52589761682376e-05	2.17529920560792e-05	5.4382480140198e-06	1.35956200350495e-06	
0.0751780364154881	0.200056601565795	0.259266465477127	0.221872695459085	0.137998971375391	0.0671749015595364	0.0269088742002988	0.00855282313915549	0.00224909587162329	0.000612276553073492	9.52430193669877e-05	2.44910621229397e-05	2.72122912477108e-06	6.80307281192769e-06	
0.0716471025148857	0.193749719427073	0.256886449926065	0.222729331807924	0.141471331228413	0.0712104290147095	0.0292149535507269	0.00962450160045599	0.00266765337646561	0.000620321233895114	0.000137395711893435	2.31260109127564e-05	1.49638894141365e-05	2.72070716620664e-06	
0.0680559710625799	0.187945008023063	0.253906823682994	0.224713753433599	0.144789088634448	0.0744445048818298	0.0314585656395333	0.010685631918192	0.00306508199842258	0.000749272484973755	0.000137343958225679	4.35149174576409e-05	4.07952351165384e-06	1.35984117055128e-06	
0.0645806580758845	0.181196236687261	0.251768563619948	0.225206406183402	0.14929468525355	0.0775961969243674	0.033701775576596	0.0119874229423724	0.0035527872834999	0.000923261701116493	0.000153876950186082	3.26818301280175e-05	5.44697168800291e-06	
0.0604080986381697	0.174727040186073	0.247561822889723	0.228736160913547	0.152716903921148	0.0821411460558518	0.0354605475985406	0.0130900593352325	0.00400755101232977	0.000929544359467498	0.000159701453829218	4.77739391796805e-05	9.5547878359361e-06	4.09490907254404e-06	
0.057687803154104	0.170363531511589	0.24347529495242	0.228577338284708	0.15736685875844	0.0852057372748903	0.0374120074024051	0.013918548887516	0.00449568718126441	0.00113693490568235	0.000269850814963159	7.67088611062788e-05	1.09584087294684e-05	2.7396021823671e-06	
0.0553967763882324	0.165549596023902	0.240557724727927	0.228255375190922	0.160293944866894	0.0883282739550858	0.0400205471779052	0.0150387855306336	0.00479935079661299	0.00134021153756827	0.000297824786126283	9.56318120588983e-05	2.32248686428753e-05	2.73233748739709e-06	
0.0522365590518891	0.159528451363543	0.237515446037981	0.229763476370116	0.163426234354713	0.0922075675027622	0.0418701729002584	0.0161633335921865	0.00527515405166436	0.00153132054598934	0.000329697128229022	0.00013351371308448	1.77110027561045e-05	1.36238482739265e-06	
0.0507477677505285	0.155024488899139	0.231578056745467	0.230519077323238	0.167588952224471	0.0953422646056598	0.043884871469102	0.0171920396407658	0.00579027021715901	0.00181909738380225	0.000413493253782508	9.27971658653813e-05	6.82332101951333e-06	
0.0479119540510547	0.14990884561094	0.228910687903559	0.230169976528945	0.171935422362387	0.0987073772639417	0.0457157437141881	0.018354337481121	0.00605363911092577	0.00175449907611014	0.000438967712552968	0.000128946765562434	9.60241871209617e-06	
0.0451712924657704	0.14419738697556	0.224961722737931	0.230752103531404	0.174465973781793	0.102742493670851	0.0488643266912777	0.0194300055251201	0.00677583131066293	0.00204099584104147	0.000446682591473723	0.000126445533586408	2.19905275802448e-05	2.7488159475306e-06	
0.0429089607609661	0.138846024131214	0.221075236253261	0.230050451169738	0.177288025934517	0.106109891320059	0.0519530040126919	0.0213161354266324	0.00735637247141903	0.00230712579754833	0.000574028315977122	0.000177577104942563	3.16610342145655e-05	5.50626681992443e-06	
0.0409425479594963	0.134268650455239	0.216380055031642	0.229417641587804	0.179294413763982	0.110248194360499	0.0549736847189219	0.0227536795855792	0.00818436979938566	0.00253217308748486	0.000753442237475058	0.000187670593949831	4.96775101631906e-05	1.37993083786641e-05	
0.0390295593356103	0.129768487100471	0.211967525893622	0.229517338436036	0.180998086486366	0.112902866932927	0.0584011036078632	0.0242777042286426	0.00895568880928277	0.00300794330659606	0.000891396976203455	0.000203032696607963	6.67504755971386e-05	1.25157141744635e-05	
0.0377966264283043	0.125097143460907	0.207093870821093	0.228310419757068	0.184082513898987	0.115630956336534	0.060902520099486	0.0265106068842217	0.00977204131255935	0.0034172254298294	0.00108717261437209	0.00021965891697032	5.56098523975493e-05	2.36341872689584e-05	
0.0356440849849136	0.121700143422127	0.203614905328876	0.225456523341916	0.186530839930612	0.120040564395979	0.0631196468838726	0.0278233362129047	0.0108561229841262	0.00355564458577993	0.00125755191922733	0.000321343466085744	6.12082792544275e-05	1.80842643251718e-05	
0.0344667302251114	0.11738397908434	0.19962004519815	0.224890808360122	0.187619782775289	0.123261971996131	0.0663804210211879	0.0292643365936117	0.0113107044797537	0.00407592954225357	0.00124790445574476	0.000351758302961609	8.93354420219961e-05	3.21049244766548e-05	4.18759884478107e-06	
0.0327551346471295	0.113945281594528	0.195242872751172	0.223456047643832	0.188709706677309	0.126142292412904	0.069407563793255	0.0317267400729225	0.0124565513757743	0.00416381195309851	0.00146793906657494	0.000365589387302885	0.000124188761335713	2.79075868170141e-05	8.37227604510424e-06	
0.031133033229022	0.10946416319427	0.191412721522165	0.221690903715604	0.191241193500343	0.128514929910582	0.0726665216348433	0.0338258837179466	0.0134558852240463	0.00457129150838674	0.00147123628473094	0.000425333712647333	9.9012110157248e-05	1.9523514678894e-05	5.57814705111256e-06	2.78907352555628e-06	
0.0289879330858856	0.106422064417319	0.187837119674608	0.219706828804928	0.192661932519573	0.13263004607215	0.0748913057123608	0.0354391500295012	0.0141564109752985	0.00501032892139837	0.00168638298050407	0.00044356475417725	9.76400402276966e-05	2.78971543507705e-05	1.39485771753852e-06	
0.0265494139692309	0.101754601535381	0.184615749803819	0.220217433193609	0.192835819228288	0.135771474529933	0.0779587083585832	0.0373261246568571	0.0150522079829762	0.00545537816229017	0.00181380502503582	0.000527804695506958	8.9363757969432e-05	2.65298656471751e-05	5.5852348730895e-06	
0.0255488345341332	0.0976621218730811	0.179508695495125	0.219090633761139	0.194293398981381	0.137940088747121	0.081249183798788	0.0395277563983229	0.0164018238450232	0.0059822339045121	0.00206168952956246	0.000558490020811394	0.000120867243309929	2.9174851833431e-05	2.50070158572266e-05	
0.0244483908188017	0.0933309821705028	0.174789054874197	0.216362982514846	0.197433807592497	0.141103093399018	0.0833602930252384	0.0417252721771814	0.0176712102425539	0.00677023816631515	0.00215631252507946	0.000598435736193976	0.000179114176262234	4.16544595958684e-05	2.49926757575211e-05	4.16544595958684e-06	
0.0230663144399984	0.089411278283117	0.170685177066048	0.213361674260629	0.199619006920588	0.144506817916942	0.0856179968588189	0.0435214527130148	0.0193632171022327	0.00722582650246688	0.00260701382452674	0.000743671852020401	0.000202567332826453	4.71732144938314e-05	1.38744748511269e-05	6.93723742556344e-06	
0.0212466947273792	0.0864601050473212	0.167394543421502	0.21171918570291	0.198964232302745	0.147471345055201	0.0881900840434062	0.0458867564350502	0.0204462152720936	0.00806583631374355	0.00291890602065986	0.000876781656395928	0.000270525985755073	5.82671353934003e-05	1.38731274746191e-05	1.66477529695429e-05	
0.0207550737250693	0.0830745147325016	0.162854131968291	0.209729262304426	0.198668416530654	0.150749206861172	0.0919679574694075	0.0476314274830598	0.021389028686462	0.00871410021493298	0.0030502131256482	0.00103990857702136	0.000314196976479715	6.25613448742795e-05	
0.0198627593085384	0.0798669602703082	0.158875644576378	0.207943434467083	0.199663923058411	0.152209747622353	0.0955092831517785	0.0500373496104373	0.0222762257557906	0.00906267083795277	0.00322444681540668	0.00108918975688673	0.000311594515380111	5.84239716337707e-05	8.34628166196725e-06	
0.0188208512657391	0.076019485967849	0.154649345806356	0.206799773470754	0.200566044824405	0.154643779977208	0.0981533970342479	0.0520599829407337	0.0236853859415504	0.00971098040688994	0.00329497085592712	0.00117717286491315	0.000317252261465956	8.62703518021459e-05	1.53060301584452e-05	
0.017637315532324	0.0733500911413899	0.150548374298406	0.204360636907685	0.200495798062864	0.157286178415166	0.100872848744135	0.0541049693559619	0.0255695296438411	0.0105291194659697	0.00362484705725677	0.00118747381592491	0.000334323819670448	8.32341459760452e-05	1.38723576626742e-05	1.38723576626742e-06	
0.0172234349879596	0.070230484159859	0.146819535363276	0.200497735733174	0.200968792164067	0.159831253413075	0.103581001557682	0.0566240399967207	0.026540347581285	0.0117180497985852	0.00404358175191306	0.0013492501309648	0.000414085004147798	0.000113942853490334	4.30759568073212e-05	1.38954699378456e-06	
0.0160468879120574	0.0676402574946355	0.143642840774151	0.197612549738547	0.200636097859072	0.162100789566884	0.106438060318188	0.0593168197884766	0.0280869148559405	0.0117747546926106	0.00450962827163323	0.00148746901106227	0.000516655903002021	0.000158330034790942	2.36106192232106e-05	8.33315972583904e-06	
0.015548606768119	0.0654631366826489	0.137936210131332	0.194463206170523	0.200722673893406	0.163852407754847	0.110628865263012	0.0618872906677785	0.0299659509415607	0.012428601209089	0.00465846709749149	0.00166631922729484	0.000565631297338614	0.000163991383503579	3.75234521575985e-05	1.11180598985477e-05	
0.0145130143727987	0.0634427246817035	0.133799052919609	0.190543356485113	0.200402877058637	0.165729350468334	0.112841671537194	0.0654154617606921	0.0314485665378811	0.0140312833619549	0.00520186195282923	0.00174228362711521	0.000624723212909836	0.00019158178529235	5.55309522586521e-05	1.24944642581967e-05	4.16482141939891e-06	
0.0134663431742829	0.0605658893400366	0.130326577233807	0.1866765048371	0.20019843089519	0.167742195468327	0.115982024495377	0.0680806952307107	0.0334094818841486	0.0148211759670727	0.00583620279970986	0.00191066163085739	0.000646151024253591	0.000215383674751197	8.05951815198028e-05	1.80644372371972e-05	2.22331535227042e-05	1.38957209516901e-06	
0.0132580097292989	0.0583119124890813	0.127239120502491	0.182924983300768	0.197430054173558	0.169719744532998	0.119094339203408	0.0713296754724737	0.0354759732423451	0.0156674207359327	0.00622280733183075	0.00223582231739511	0.000716574109177565	0.000231914488822971	9.44322469458806e-05	3.33290283338402e-05	9.72096659737006e-06	4.16612854173003e-06	
0.0128895651459699	0.0563540864752141	0.123600057355015	0.180009828310825	0.196761112186131	0.17036249204756	0.12092024172633	0.0740102431602056	0.0377610384041942	0.0168612607244829	0.00688956236174588	0.00241670645786843	0.000824130312821491	0.000229698482458693	7.09977127599595e-05	2.36659042533198e-05	1.53132321639128e-05	
0.0121730611881398	0.0550028108806127	0.121368815366889	0.177512676793258	0.195800099076584	0.171018429357839	0.123233458941662	0.0755472868044462	0.0392215252227832	0.0181190477515738	0.00714408963647799	0.00252283492616568	0.000929538737274503	0.000303352462164434	7.93169281806088e-05	2.08728758370023e-05	2.78305011160031e-06	
0.0118252937866014	0.0529150205887433	0.11853432664501	0.176870956777569	0.196497127605632	0.170975722556236	0.124247076064123	0.0763469050020338	0.0411148010497752	0.018953345183237	0.00749441401483281	0.00284871313389091	0.000940284286247611	0.000321786177960294	9.75109630182708e-05	1.53231513314426e-05	1.39301375740387e-06	
0.0110692331228617	0.050873411031682	0.115692192150427	0.174054963700592	0.195600956857946	0.174006286334177	0.125595950043114	0.0782439987761119	0.0422714249951323	0.0202275319184445	0.00794553698089066	0.00294428527718283	0.00101527078523546	0.00034491391060054	8.90100414453006e-05	1.5298600873411e-05	9.73547328307975e-06	
0.010244425725138	0.0486589405581838	0.111360599067149	0.171192375105296	0.194494210969668	0.174385605069201	0.129894100226621	0.0807841384870946	0.0435880747224138	0.0214658327169377	0.00888997442362962	0.00331396486475609	0.00115045095179347	0.000416327244316092	0.000120734900851667	2.91429071021265e-05	1.11020598484291e-05	
0.00945544733195022	0.0468536926097812	0.109154939356824	0.16818309323246	0.19344298263886	0.174575136714465	0.132547068936307	0.0835228866540575	0.0454580802484051	0.0219326384433576	0.00955126549407455	0.00353138530843728	0.00114565193844308	0.000488811493735714	0.000124980211466518	2.49960422933036e-05	6.94334508147321e-06	
0.00885445643707578	0.0445337710025593	0.106189495938578	0.16763380438411	0.191775620340492	0.175111271837098	0.133586013130077	0.0857446867697786	0.0476438188494492	0.0231375876265717	0.0099351841548904	0.00388616891064871	0.00127267163680872	0.000492377879158785	0.00012657171469901	7.51084900411706e-05	1.39089796372538e-06	
0.00846616591516877	0.0423266597354653	0.102197227890116	0.163921985066412	0.192707783146061	0.176608029444633	0.135045840445228	0.0872719792286351	0.0499060395968042	0.0243866164803211	0.0109027426430116	0.00413092186831088	0.00149975258947088	0.00044339302691493	0.000116755530598289	5.4207924920634e-05	1.38994679283677e-05	
0.00830948422072388	0.0404731700952947	0.0988824458502544	0.159189009884775	0.191352695759346	0.179244471215902	0.136874012841047	0.0898831647934357	0.0518902098814438	0.0258236618357756	0.011362910859373	0.00420401331294014	0.00174878071122634	0.000548228873757464	0.00014156796233737	6.10685327729833e-05	1.11033695950879e-05	
0.00808393866916755	0.0395623269312942	0.0940980449826029	0.156538736868976	0.188954956354778	0.17993457378623	0.139925528431824	0.0931227560029522	0.0533440064815791	0.0273621970777401	0.0120558481268347	0.00464337441663013	0.00164120464143216	0.000506373367812966	0.000169253564036115	4.57817017474737e-05	1.10985943630239e-05	
0.00753960441339992	0.0378630115714488	0.0920585976169415	0.152418413383283	0.187453033449889	0.179627816953157	0.142401193470298	0.0962041322245299	0.0550621275604569	0.0289951723239118	0.0127277617717932	0.00499405205904129	0.00179547401900568	0.000610045226534749	0.000173308302992826	6.23909890774175e-05	1.38646642394261e-05	
0.00703082896519595	0.0364911187715277	0.0906799132758756	0.149323449833843	0.185354208504533	0.180918762982086	0.143938339312961	0.0978458179592816	0.0570722475910348	0.029610527084749	0.0133366596877546	0.00539475878646872	0.00204543230432284	0.000645055470635504	0.000226045079453467	5.09979752425505e-05	3.30797677248976e-05	2.75664731040814e-06	
0.00680797816386725	0.0349969404662867	0.0880458173767764	0.147602906900795	0.183013743837962	0.180894758915619	0.146346091703507	0.0991137665266386	0.059533713311378	0.0305953371331138	0.013981725302	0.00595543393813554	0.0021327356356611	0.000691660879908145	0.000221386484423879	3.98770686229348e-05	1.65008559819041e-05	9.62549932277737e-06	
0.0065561470577727	0.0331957334887057	0.08497981349816	0.144640614307269	0.181923118148064	0.179944318784577	0.147820434951093	0.102121162984359	0.0610280962026291	0.0323038996089123	0.0152546192597641	0.00653690873062769	0.00245563504343739	0.000819003069887346	0.000322929062791151	8.24499734785919e-05	1.09933297971456e-05	4.12249867392959e-06	
0.0061307901907357	0.0314730277994681	0.08258478810482	0.141343995893695	0.180833055757291	0.180351165546352	0.149567527425423	0.10382208558807	0.0634620740117838	0.0334128747959134	0.0162504846204671	0.00677786089890954	0.00258828283269536	0.00100882964839761	0.000309884073323759	6.55261476631738e-05	1.50164088394773e-05	2.73025615263224e-06	
0.00595078961617746	0.0304623431047515	0.0798939307374229	0.137119220711191	0.179050234978158	0.18111435151321	0.150763288852821	0.107218708142607	0.0655726803794935	0.0346502876328071	0.0167368502477347	0.00727258416262144	0.00285665043148314	0.000928241755408297	0.000314842232828545	7.87105582071363e-05	1.62849430773386e-05	
