# <P(N_2)> as a function of N_tot.
# number_of_species: 2
# species_total_upper_bound: 100
# species_total_lower_bound: 0
# volume: 512
# Bin widths for each species index 
1	1	1	1	1	1	1	1	1	1	1	1	1	1	1	1	1	1	1	1	1	1	1	1	1	1	1	1	1	1	1	1	1	1	1	1	1	1	1	1	1	1	1	1	1	1	1	1	1	1	1	1	1	1	1	1	1	1	1	1	1	1	1	1	1	1	1	1	1	1	1	1	1	1	1	1	1	1	1	1	1	1	1	1	1	1	1	1	1	1	1	1	1	1	1	1	1	1	1	1	1	
# Bin lower bound for each species index 
0	0	0	0	0	1	2	2	3	4	5	6	6	7	8	9	10	11	12	12	13	14	15	16	17	18	19	20	20	20	21	21	22	23	23	24	25	26	28	29	30	31	31	32	34	34	35	35	36	38	40	41	41	41	43	44	45	46	47	48	48	48	49	50	51	52	54	55	55	56	57	57	57	58	59	62	62	63	64	66	66	67	68	68	69	70	71	72	72	73	74	76	77	78	79	79	81	82	83	83	84	
# Bin upper bound for each species index 
0	1	2	3	4	5	6	7	8	9	10	11	12	13	14	15	16	17	18	19	20	21	22	23	24	25	26	27	28	29	30	31	32	33	34	35	36	37	38	39	40	41	42	43	44	45	46	47	48	49	50	51	52	53	54	55	56	57	58	59	60	61	62	63	64	65	66	67	68	69	70	71	72	73	74	75	76	77	78	79	80	81	82	83	84	85	86	87	88	89	90	91	92	93	94	95	96	97	98	99	100	
# Normalized histogram for each species index 
1	
0.0498582117747196	0.95014178822528	
0.00228492689542099	0.0964989164039437	0.901216156700635	
7.42458586096808e-05	0.00650743113696614	0.136035882586726	0.857382440417699	
5.25955924893494e-05	0.000341871351180771	0.0128859201598906	0.169927593401006	0.816792019495433	
6.14522932679013e-05	0.00101835228843951	0.0208674430139716	0.200874378344212	0.777178374060109	
5.26764000948175e-05	0.00205876930370578	0.0310176202558317	0.230261713914471	0.736609220125897	
8.82028665931643e-06	0.000180815876515987	0.00342227122381477	0.0408246968026461	0.259140022050717	0.696423373759647	
8.82328287886074e-06	0.000397047729548733	0.00497633154367746	0.0517794355745942	0.279746595315719	0.663091766553582	
4.41965509011677e-06	0.000799957571311135	0.00788908433585843	0.0610221778292422	0.300222750616542	0.630061609991956	
2.21697046551946e-05	0.00128584287000129	0.0105128739474933	0.0759534081486966	0.31723073785211	0.594994967477043	
0.000120326217745889	0.00170684968135835	0.0136726235571995	0.0884531396229778	0.330397967823878	0.56564909309684	
1.33937540460299e-05	0.000263410496238587	0.00202692144563252	0.0183583722124249	0.100060271893207	0.340058486059334	0.539219144139116	
4.0163868583822e-05	0.000348086861059791	0.00269097919511607	0.0223400362367348	0.110147178265099	0.351648057407556	0.51278549816585	
2.22964446089427e-05	0.000401336002960968	0.00359864615988334	0.0257969864125467	0.120472149511039	0.361822243825	0.487886341643961	
2.22230123737733e-05	0.000564464514293842	0.00469350021334092	0.0302321860332812	0.134453669463803	0.36585745270943	0.464176504053477	
3.97781264502442e-05	0.000853019822766348	0.00606837417957614	0.0363483679918676	0.145291816755431	0.372040396897306	0.439358246226603	
0.000189960373382576	0.00102932016274745	0.00793415885104898	0.0414113613974015	0.158329762372826	0.378189014989199	0.412916421853395	
0.000265524322027898	0.00147365998725483	0.00982882532039935	0.0480953055299865	0.168917722863414	0.376088649720314	0.395330312256603	
4.42047564317921e-06	0.000212182830872602	0.00181681548934665	0.011395986208116	0.054071258067368	0.179931040579966	0.375930510122889	0.376637786225798	
2.21897758388845e-05	0.000359474368589929	0.00242312352160618	0.0137976026166184	0.0622245694073998	0.191826174171989	0.374306014760639	0.355040851377319	
4.47381253830702e-05	0.000523436066981921	0.00288560908720803	0.0165038944538146	0.0673621953892888	0.199670727397181	0.37767478067134	0.335334618808803	
3.58853820896058e-05	0.000650422550374105	0.00359750955448298	0.0186693700321174	0.0727531265139146	0.207605906733892	0.375271383202053	0.321416396031077	
6.75119158531481e-05	0.000652615186580431	0.00430275943704064	0.0212617526993514	0.0792814931835469	0.21488592736618	0.368952620137454	0.310595320073993	
9.82967848015299e-05	0.000701481600629099	0.00494611548978607	0.0238548424570622	0.0862420245563241	0.222530516683645	0.370476113881293	0.291150608546459	
9.78547568531689e-05	0.000778390111332026	0.00597803605502996	0.0272614456705942	0.0950614483393603	0.229416029498761	0.362329476966325	0.279077318601745	
0.000146906941130382	0.00106841411731187	0.00709159870365754	0.0307925852060259	0.100715837458599	0.236373268278785	0.359708322945974	0.264103066348517	
0.000164855484118179	0.00139904383819211	0.00784622993330036	0.0331003078787555	0.106599120473714	0.243397983416429	0.355544268153039	0.251948190822451	
1.34637220010681e-05	0.000296201884023499	0.00187594526548216	0.00880527418869855	0.0367065940822454	0.114670520283097	0.248082541591681	0.353292553215361	0.23625690576741	
9.0073049242936e-06	4.5036524621468e-06	0.000306248367425982	0.00230136640815702	0.0108853280010088	0.042122661478459	0.121175273146522	0.253978976950307	0.347019933165797	0.222196701524937	
1.35024439423536e-05	2.70048878847071e-05	0.000436579020802765	0.00330359795122917	0.0124447525002025	0.0459353142918868	0.127980664500275	0.25822073795357	0.338020181652879	0.213617664797328	
4.50079439020987e-06	9.00158878041974e-06	8.55150934139876e-05	0.000724627896823789	0.00354662597948538	0.0143980412542814	0.050332383665717	0.135712453247998	0.261433142949731	0.332244141090903	0.201509566438476	
1.79583187421994e-05	4.48957968554984e-06	0.000161624868679794	0.000911384676166617	0.00386552810925841	0.0164587991272257	0.0547998096418213	0.142970665086335	0.264009733408758	0.326805484470544	0.189994522712784	
4.49347323013323e-06	4.04412590711991e-05	0.000202206295355995	0.00105147273585118	0.00466871868610843	0.0180727493315959	0.0598350895324541	0.146680446651239	0.270170077961761	0.317836841987014	0.18143746208632	
1.80271127776175e-05	4.50677819440438e-06	4.50677819440438e-05	0.000243366022497837	0.00132949956734929	0.00508364580328815	0.0201182578598212	0.0630948947216614	0.153604521199885	0.271533386212864	0.311260635996539	0.173664190943179	
2.25148147481043e-05	4.50296294962085e-06	6.75444442443128e-05	0.000252165925178768	0.00142743925502981	0.00605648516724004	0.0215601866027846	0.0679001783173328	0.159391379527729	0.273604531781913	0.305638610205515	0.164074460995335	
4.03612782865292e-05	4.03612782865292e-05	5.38150377153723e-05	0.000327374812768515	0.00170414286098679	0.0063322361045088	0.0239701147157221	0.0724215870054622	0.164391486461033	0.276035266788049	0.297301175858574	0.157382077798606	
1.35718357265004e-05	1.35718357265004e-05	8.5954959601169e-05	0.00035286772888901	0.00201315563276422	0.0074645096495752	0.0270079530957357	0.0770925508717643	0.172982094224732	0.276141617581861	0.288912715000498	0.147919437583128	
9.04122345835838e-06	9.4932846312763e-05	0.000542473407501503	0.00228742953496467	0.00839929659281494	0.030450840607751	0.0833646008977935	0.178446627397619	0.275133471061304	0.282126857406344	0.139144429024136	
9.08950434932783e-06	9.54397956679422e-05	0.000677168074024923	0.00259050873955843	0.00977121717552742	0.0338584037012462	0.0880045811101921	0.180272139760219	0.27538925802376	0.274243980475745	0.13508821363971	
2.27735444289078e-05	0.000104758304372976	0.000828957017212245	0.00241399570946423	0.0113457798344819	0.03549029163801	0.0907024727514541	0.18307652366399	0.276662127140144	0.26906487271866	0.130287447677782	
2.74056446492763e-05	0.000132460615804835	0.000607491789725624	0.00270402360539526	0.0120447808233569	0.0385323363768824	0.0942160386967702	0.189829765270654	0.274737020001553	0.263290595753039	0.12387808142217	
1.8326598308455e-05	4.58164957711374e-05	0.00014661278646764	0.00067350248783572	0.00326213449890499	0.0138686532699233	0.0409507839202426	0.100347289037945	0.190734071895245	0.275421282678616	0.258505832439912	0.116025693890828	
9.21340550500979e-06	2.30335137625245e-05	0.000156627893585166	0.000718645629390764	0.00360704825521133	0.0148612230795808	0.0430312104111482	0.104885408269031	0.198954278475181	0.274799032592422	0.248536220200392	0.11041805827479	
3.67538959129668e-05	0.000188363716553955	0.000877499264922082	0.0041210305792414	0.0156893193178477	0.0465488091737724	0.110404109085563	0.20453543075566	0.273058475448398	0.239934026756836	0.104606182005293	
9.1823148615766e-06	5.50938891694596e-05	0.000252513658693357	0.00128093292318994	0.00501813507185161	0.0174509893944263	0.0497911023368991	0.114654974519076	0.205458886185207	0.273486065837198	0.233703686699417	0.0988384371700106	
2.75434038138433e-05	0.000100992480650759	0.00033052084576612	0.00134503621957602	0.00564639778183788	0.0190462637372727	0.053493880773786	0.118937008235478	0.210486691945391	0.270696572682452	0.226301196301839	0.0935878955921373	
3.20489341440188e-05	9.1568383268625e-06	9.1568383268625e-05	0.000265548311479013	0.00166196615632554	0.00666159988279247	0.0215551974214343	0.0580314628964911	0.124780235880155	0.212978902644495	0.263982492125119	0.220968244084682	0.0889815764412863	
4.58104090411423e-06	1.37431227123427e-05	4.58104090411423e-05	0.000416874722274395	0.00180493011622101	0.00671122492452735	0.0234411863063525	0.0605338745069655	0.128140876169883	0.211863979733475	0.263716781727144	0.218323247408276	0.0849828898122231	
2.27113747649373e-05	4.08804745768871e-05	0.000599580293794344	0.00213941150285709	0.00791264296810414	0.0248099057932175	0.0637462866902259	0.130617658548107	0.216257710511733	0.265155300380643	0.208549469916513	0.0801484415454636	
9.06971892941038e-05	0.000539648276299918	0.00231731318646435	0.00879309250206336	0.027395086026284	0.0666397598338428	0.136780431174438	0.221908813045884	0.258899661699484	0.201402178546487	0.0752333185194591	
0.000136548597645902	0.0006508816487788	0.00263083631464438	0.0101364575652475	0.0293807065934766	0.0703634923669334	0.140981875449472	0.222833656498348	0.256465576098533	0.194622716224704	0.0717972526422154	
2.74653593155632e-05	0.00011443899714818	0.000691211542775008	0.00320429192014905	0.0109495232471379	0.0313883281378029	0.0727099612280678	0.143707915058799	0.225128972749786	0.256141940976943	0.188421520024536	0.0675144307575404	
9.14980053434835e-06	0	0.000155546609083922	0.0008326318486257	0.00365992021373934	0.0115744976759507	0.0341790798960583	0.077983749954251	0.148487537971672	0.224334809501153	0.253591296709732	0.1817928119167	0.0633989679024997	
1.83941028506261e-05	0.000202335131356887	0.00102087270820975	0.00406049820427571	0.0131425864867723	0.0357581359416171	0.0819135385195506	0.151755947043378	0.228422567724787	0.248812430734706	0.174449671435338	0.0604430219671573	
6.02303579536504e-05	0.000310417998684198	0.00133433408389626	0.0047211334426746	0.0140800044477803	0.038593760134916	0.0836090030485827	0.157349493601683	0.22849081255386	0.244081209054939	0.169673551459891	0.0576960498151391	
0.000115969458283466	0.000361824709844415	0.00152151929267908	0.00516296028277993	0.0150481969068626	0.0400326569994526	0.0872693367474742	0.159300286676501	0.228329947025151	0.241499438707822	0.165966211138635	0.0553916520545149	
0.000204584553866183	0.000316176128702283	0.00148323801552983	0.00525875296415121	0.0165759985121123	0.041860789510392	0.0910122285767425	0.162309945599107	0.229571767331566	0.239759148184312	0.159055191333054	0.0525921792904636	
0.000103069117213011	0.00046381102745855	0.001705325393888	0.0061419823939208	0.0174561604879854	0.0444274744786811	0.0938116365033334	0.168311868408847	0.229586458591982	0.233034589058745	0.154261673748764	0.0506959507891815	
0.000141380724152069	0.000447705626481552	0.00182852403236676	0.00629615491557214	0.0190345581616736	0.0451522906033658	0.0966714264843798	0.172753106841413	0.230247934663255	0.229720113293087	0.149227354342509	0.0484794503117445	
2.36065078420819e-05	0.000108589936073577	0.00039186803017856	0.00212458570578737	0.00697808371811941	0.0200891381736117	0.0470760979386797	0.102098146417004	0.173503111337734	0.23120213780535	0.226013427381661	0.145269727958604	0.0451214790893554	
4.70701203582978e-06	2.82420722149787e-05	0.000131796337003234	0.000658981685016169	0.00248530235491812	0.00766301559433087	0.0218593638943935	0.0506898126138509	0.104999317483255	0.176032836115962	0.231533215030431	0.221413139153397	0.139426403513314	0.0430738671398783	
1.40993345114111e-05	9.39955634094071e-06	0.000150392901455051	0.000831860736173253	0.00255667932473587	0.00840320336880099	0.0224790389893597	0.0553633868481408	0.109556528931834	0.180325788622777	0.229255179155544	0.216937060570741	0.134004774974621	0.0401126066849645	
4.71876179690449e-06	6.13439033597584e-05	0.000245375613439034	0.000915439788599472	0.0030436013590034	0.00960268025670064	0.0242780294450736	0.0588099282748207	0.112584937712344	0.183715553038883	0.228878822197055	0.207781238203096	0.130303888259721	0.039774443186108	
1.41041734249164e-05	8.46250405494986e-05	0.00019745842794883	0.00104841022458545	0.00333328631942192	0.0100797826076736	0.0263701029134521	0.0622464187152979	0.116712035091183	0.186118672515197	0.224317475541013	0.204999459340019	0.125376698965224	0.03910147012501	
4.66343956648666e-06	6.52881539308132e-05	0.000312450450954606	0.00110057173769085	0.00331570553177201	0.0110570152121399	0.0279386664428216	0.0637165747969072	0.12166447485007	0.184219853194922	0.223285486443381	0.203414570450582	0.122895622895623	0.0370090563996381	
8.45006947834904e-05	0.000286363465655162	0.00104217523566305	0.00373680850264769	0.0113653434483795	0.0292982686746535	0.0670043564802644	0.123802906823901	0.184751380178015	0.225649716453224	0.199506140383821	0.118324445112104	0.0351475945468885	
0.000164633056436212	0.00033867371609735	0.00131706445148969	0.00415816062541746	0.0128366746004121	0.0326914212066192	0.0698467501434659	0.125854915943065	0.188288474745289	0.222386332634035	0.193970667093145	0.113883740839346	0.0342624909451819	
9.37202731008758e-06	7.96622321357444e-05	0.000365509065093416	0.00139643206920305	0.00471412973697405	0.0141751913065075	0.0348170814569754	0.0722817606290505	0.128265565765859	0.190791045965108	0.219525681697836	0.190791045965108	0.109858904128847	0.0329286179539927	
2.80975171160708e-05	7.49267123095222e-05	0.000458926112895824	0.00158282679753866	0.00494516301242847	0.0147839769225726	0.0361427728503058	0.0745052495527812	0.130625357072613	0.190880482528027	0.219708535089116	0.18892770508846	0.108011538713696	0.0293244420301393	
2.8136914224617e-05	7.97212569697481e-05	0.000478327541818489	0.0016553884535483	0.0056320723306275	0.0157660509371937	0.0383412351167447	0.0766777807477854	0.133500279024399	0.191950028840337	0.222347275174332	0.185192479940725	0.10158832880798	0.0267628949133149	
9.33693739116632e-06	3.26792808690821e-05	0.000107374779998413	0.000518200025209731	0.00200277307040518	0.0063211066138196	0.0169325359588801	0.0404102650289678	0.08041437328142	0.136193237256248	0.194745171636252	0.221957675662806	0.179101133037352	0.0962451506281425	0.025008986802239	
9.28742250806845e-06	2.32185562701711e-05	5.57245350484107e-05	0.00020896700643154	0.00053867050546797	0.00217325686688802	0.00738350089391442	0.0173163992662936	0.0418677006663726	0.083586802572616	0.140797325222318	0.20050616452669	0.215844342798765	0.173633007499594	0.0918711834498131	0.0241844482110102	
1.85914209887847e-05	1.85914209887847e-05	5.1126407719158e-05	0.000223097051865417	0.000855205365484097	0.00270969960911537	0.0070554442652438	0.0188935315798525	0.0427230854322273	0.0854694101406906	0.145965894038196	0.201619312768123	0.212653321124967	0.169590942259694	0.0898523376387966	0.0223004094760473	
5.58368076235855e-05	3.25714711137582e-05	6.51429422275164e-05	0.000348980047647409	0.00100506253722454	0.00290816706372841	0.00804050029779631	0.0204455777248362	0.0460514070875521	0.0884361971411555	0.150154481834425	0.197820503275759	0.209974315068493	0.166779891304348	0.0867657459797499	0.0211156194163192	
7.00659554193681e-05	0.000481119560546328	0.00102296294912277	0.00310158629323069	0.00882363931914576	0.0218605780908428	0.0477522841501467	0.0940939070645167	0.152061807514807	0.196427570486351	0.208095887595523	0.16192242297416	0.0834111843949104	0.0208749836512771	
1.88019403602452e-05	7.52077614409807e-05	0.000352536381754597	0.00111401496634453	0.00337024780957395	0.00910483961944873	0.0225529274621141	0.050459707441808	0.096778287519272	0.151896175685331	0.198995036287745	0.2070563682172	0.157687173316286	0.0805710149287407	0.0199676606625804	
9.46378210588079e-06	5.67826926352848e-05	0.000373819393182291	0.00117824087218216	0.00320349024284065	0.00968618098536899	0.0246200291484489	0.0529309333181913	0.0992845380727954	0.154146082940586	0.201133761096285	0.204985520413378	0.153530937103704	0.0762591562091874	0.0186010637291087	
9.41765905248932e-06	3.76706362099573e-05	0.000348453384942105	0.00113482791582496	0.00350807799705227	0.0109150668418351	0.0262611422678665	0.0550320906732214	0.101235125984734	0.158569834296289	0.197921522647116	0.202451416651363	0.151205224917242	0.0739710030277774	0.017399125099474	
8.94058744365077e-05	0.000399973648794903	0.00123756552509482	0.00401385320496532	0.0119286258787656	0.0265817781416754	0.0567727302671824	0.103696697629333	0.160309438436997	0.197224653434597	0.200974994588592	0.147124424743782	0.072084662657519	0.0175611959682656	
1.41876170478406e-05	0.000132417759113179	0.00043981612848306	0.00151334581843634	0.00430357717117833	0.0120027240224732	0.0285833191457163	0.0587603806064733	0.105759226680287	0.161445623593061	0.198536783761799	0.197955091462838	0.144401566312922	0.0693916349809886	0.0167603049391824	
3.33020927986603e-05	0.000128450929366261	0.000413897439069064	0.00186967463855336	0.00437208904028126	0.0133921987468898	0.0303524788650647	0.0613091528423336	0.110091961350543	0.162566544717574	0.199284480749012	0.194522281478803	0.138270289300038	0.0672036232676965	0.0161895745419773	
5.25124836495221e-05	0.000143215864498697	0.000577637320144743	0.00188567554923284	0.00518918815700278	0.01428339555267	0.0314836208789635	0.0649006559286594	0.111235761956138	0.16268367434622	0.199767035527082	0.191995187946953	0.136503814315858	0.0643803049543141	0.0149183192186142	
4.79209496015373e-06	6.22972344819985e-05	0.000177307513525688	0.000570259300258294	0.00193121426894195	0.00611471316915616	0.014807573426875	0.0329600291359374	0.066926398213507	0.114813803150323	0.164124460290305	0.201387790700461	0.188631233916531	0.133239408272114	0.060255802028973	0.0139929172836489	
4.81354724737301e-06	7.70167559579681e-05	0.000269558645852888	0.000717218539858578	0.00263782389156041	0.00679191516604331	0.0159713497667836	0.0354614025713969	0.0696038931970137	0.117209875473533	0.169432049560282	0.196575642488219	0.184806519468392	0.128497643768622	0.0582487352404608	0.0136945419187762	
4.83360320951253e-06	3.86688256761002e-05	0.000217512144428064	0.000807211735988593	0.00271648500374604	0.00722140319501172	0.0166565966599802	0.0369867317591899	0.0720980254730889	0.120496894409938	0.170070328926698	0.196384464799285	0.181516301326824	0.126311719070981	0.05572661140247	0.0127462116634845	
2.90177491899212e-05	7.25443729748029e-05	0.000256323451177637	0.000865696184165982	0.00273250471538424	0.00730763650432848	0.0178846060840547	0.0395753736035208	0.0748512840354017	0.12085408908449	0.170285824829521	0.195052473763118	0.179121729457852	0.123030420273734	0.0561783624316874	0.0119021134593993	
2.42378410870187e-05	7.27135232610561e-05	0.000281158956609417	0.000974361211698152	0.00265161981491985	0.00731013287184484	0.0183092651571339	0.0414418606905846	0.0753069722573671	0.122081157987096	0.17086223695883	0.195730261914111	0.179922341957157	0.119574965218698	0.0535123055519199	0.0119444080876828	
2.414397535383e-05	1.9315180283064e-05	5.79455408491919e-05	0.000376646015519747	0.000946443833870134	0.00278621475583198	0.00749911874489959	0.0201891921908726	0.0427638091467036	0.0770047949935053	0.125379664012439	0.172088598731958	0.195797982529419	0.17562810551883	0.115702758690624	0.052537290369934	0.0111979757691063	
2.86769871957252e-05	2.3897489329771e-05	0.00018162091890626	0.000315446859152977	0.00112796149636519	0.00319270457445741	0.00862699364804734	0.0217992897666171	0.0432305581975558	0.0800613687525989	0.128907836942651	0.172721493879853	0.195314180292219	0.171426249958179	0.113097258002074	0.0494200079339665	0.0105244543008312	
1.43790411096785e-05	2.39650685161309e-05	0.000148583424800012	0.00042657821958713	0.00105446301470976	0.0035516231540906	0.00942306494054266	0.022081414130763	0.0453562886736293	0.0822912522706902	0.130082391905558	0.172006882767678	0.192890043472634	0.171134554273691	0.112228415861041	0.0472878731960295	0.00999822658492981	
7.64946334233739e-05	0.0001099610355461	0.000554586092319461	0.00116654315970645	0.00373389429397844	0.0104845456935912	0.0233930150837855	0.0470107331532522	0.0853345444983625	0.131135706260608	0.173231659216408	0.190758492099539	0.169555135897497	0.108431142877632	0.045691200726699	0.00933234527765161	
2.37298592819345e-05	0.000189838874255476	0.000408153579649273	0.00132412614793194	0.00432832633302485	0.0112432073277805	0.0241000450867326	0.0492821717567215	0.0857075057544909	0.131966493438694	0.175430103699485	0.194091265038798	0.166716499371159	0.10324387176384	0.0434446263733656	0.00850003559478892	
5.17746953529858e-05	0.000188271619465403	0.000498919791583317	0.00152029332718313	0.00419375032359185	0.0116493064544218	0.0250871932937649	0.0508003897222523	0.0885723833774987	0.134929562880368	0.180114751552064	0.192451249417535	0.15990849999294	0.100631180604258	0.0412832593582762	0.00811921358944549	
6.09284559323225e-05	0.000159351346284536	0.000417125582921285	0.0013732336606285	0.00461650223794905	0.0113936212593443	0.026269538115436	0.0524125325147048	0.0914723595716261	0.140515079792843	0.181468375787969	0.18953905279685	0.156979823307478	0.0956108077707215	0.0397487872893867	0.00796288050992431	
4.65527675620316e-06	3.25869372934221e-05	0.000158279409710907	0.000553977933988176	0.00168055490898934	0.00481821144267027	0.0118383687910246	0.0279642474745124	0.0541036264605931	0.0957357664913179	0.142423537079279	0.181285787440063	0.187728690470648	0.153759135980634	0.0934081281132163	0.037121176853964	0.00738326893533821	
2.29742458703793e-05	0.000284880648792703	0.000624899487674317	0.00183793966963034	0.00504973924230937	0.0127553013072346	0.0289107910032853	0.055786063822455	0.0960507271348818	0.145275346336756	0.181119764743722	0.186835757116273	0.151510556665977	0.0905782617685574	0.0361292990557585	0.00722769775082133	
2.28740827492818e-05	0.000279063809541237	0.000649623950079602	0.00199004519918751	0.00584204073416656	0.0138937178619137	0.029873552070562	0.0586216992698593	0.0983860047212107	0.146005270188665	0.181094113126064	0.185632331143521	0.147958716855454	0.0879782970702875	0.034873826559555	0.00689882335718338	
5.92168795437567e-05	0.000396297578485141	0.000687826831623636	0.00226846200098391	0.00688737860539694	0.015400943825957	0.0321046590018767	0.0614079040868757	0.101365632345171	0.148757356558497	0.180925787584498	0.180770912668768	0.144120219375763	0.0848076817958202	0.0335030883880254	0.00653663247271468	
4.50929817283238e-06	3.6074385382659e-05	0.000311141573925434	0.000892841038220811	0.00252971627495897	0.00689471690626071	0.0170586749878249	0.0342030266409336	0.063085081437925	0.102888656409516	0.149717717934381	0.179068739741347	0.18036290831695	0.141619018415974	0.0828944283111776	0.0317860428202955	0.00664670550675493	
9.00596645277496e-06	7.20477316221997e-05	0.000256670043904086	0.00100416525948441	0.00268377800292694	0.00756951480355736	0.0169447258808961	0.0339164696611505	0.0647754137115839	0.10430710345604	0.149210852189576	0.182978723404255	0.17929528312507	0.138228076100417	0.0805898908026568	0.0313002364066194	0.00685804345378813	
