# <P(N_1)> as a function of N_tot.
# number_of_species: 2
# species_total_upper_bound: 100
# species_total_lower_bound: 0
# volume: 512
# Bin widths for each species index 
1	1	1	1	1	1	1	1	1	1	1	1	1	1	1	1	1	1	1	1	1	1	1	1	1	1	1	1	1	1	1	1	1	1	1	1	1	1	1	1	1	1	1	1	1	1	1	1	1	1	1	1	1	1	1	1	1	1	1	1	1	1	1	1	1	1	1	1	1	1	1	1	1	1	1	1	1	1	1	1	1	1	1	1	1	1	1	1	1	1	1	1	1	1	1	1	1	1	1	1	1	
# Bin lower bound for each species index 
0	0	0	0	0	0	0	0	0	0	0	0	0	0	0	0	0	0	0	0	0	0	0	0	0	0	0	0	0	0	0	0	0	0	0	0	0	0	0	0	0	0	0	0	0	0	0	0	0	0	0	0	0	0	0	0	0	0	0	0	0	0	0	0	0	0	0	0	0	0	0	0	0	0	0	0	0	0	0	0	0	0	0	0	0	0	0	0	0	0	0	0	0	0	0	0	0	0	0	0	0	
# Bin upper bound for each species index 
0	1	2	3	4	4	5	5	5	5	5	6	6	6	6	6	8	8	8	7	7	7	7	8	8	8	9	9	10	9	10	10	10	10	11	11	11	11	11	11	10	11	11	11	10	11	11	12	12	13	13	13	13	12	13	13	13	13	12	12	13	13	13	13	13	13	14	14	15	14	14	14	15	15	15	13	14	14	15	15	15	15	16	17	17	16	16	16	16	16	16	16	16	16	16	16	17	17	17	17	16	
# Normalized histogram for each species index 
1	
0.950228923219765	0.049771076780235	
0.902150595266886	0.0954923910158951	0.00235701371721849	
0.857146037341519	0.135565321467576	0.00717602474419043	0.000112616446715397	
0.814972237623866	0.171247743403644	0.0133503787928556	0.000405990261489262	2.36499181450055e-05	
0.77459779402587	0.202785387227948	0.0214698173075028	0.00111941033877929	2.75910998994896e-05	
0.734789795260954	0.23184307388455	0.0310659949409335	0.00222588362034822	7.39320775441876e-05	1.32021567043192e-06	
0.696683925704626	0.258280882868899	0.0413392942577373	0.00348724709484674	0.000199347204354806	9.30286953655762e-06	
0.661348619227715	0.281252120146278	0.0516643896572779	0.00532115144396096	0.000403077221880043	1.06423028879219e-05	
0.628072561211713	0.30072744836873	0.0623846521301184	0.00808216826717727	0.000721194468358591	1.19755539026334e-05	
0.595683221804821	0.318058313859046	0.074611112440414	0.0105998612207786	0.00101824601142669	2.92446635135602e-05	
0.566636287295984	0.330152122377126	0.0879675139725206	0.013706535279205	0.00143937192972681	8.88828749232224e-05	9.28627051436652e-06	
0.537714849029304	0.34167686917993	0.10034503044854	0.0180769985000981	0.00197822757169584	0.000178875232537802	2.91500378950493e-05	
0.511847368553462	0.350682109182489	0.112206728802181	0.0221495145193987	0.0028084122606196	0.000280708816242977	2.51578656066819e-05	
0.486738454580678	0.360707158999695	0.122454242147343	0.0259293396402317	0.00379524708116407	0.000343820293067128	3.17372578215811e-05	
0.461987604110216	0.367362400888127	0.134999973692933	0.0302794336614701	0.00481682389523474	0.000520879918763778	3.2883833255289e-05	
0.437861653577782	0.37242643336765	0.146336492809988	0.0363030836124007	0.00625847227536226	0.000758642542622694	5.12773988947748e-05	2.62961019973204e-06	1.31480509986602e-06	
0.415752740467682	0.375059318901034	0.158783261189314	0.0416281039188491	0.00759544116220475	0.00104742103703859	0.000124536919297454	2.62182987994641e-06	6.55457469986602e-06	
0.394552538358347	0.377186478158799	0.169125199128029	0.0481837427685084	0.00940879936279031	0.00134149408904167	0.000195197870378134	2.62010564265951e-06	3.93015846398927e-06	
0.375275366413931	0.376824220732671	0.180572343531702	0.0537899837265644	0.0115889361568529	0.00174246110858201	0.000204072021725821	2.61630797084386e-06	
0.355397203537823	0.37726222121774	0.189966795132406	0.0611379532819208	0.0135302936929148	0.00239411431567356	0.000299592790325781	1.18260311970703e-05	
0.338094006697047	0.377624527340998	0.198477200222707	0.0664400893995087	0.0160262076717866	0.0028880685431416	0.000427471086330688	2.24290384803139e-05	
0.320365201132468	0.37615849251762	0.208212384217052	0.0724925574024837	0.0183886859257	0.00372759761571664	0.00062060323164546	3.44779573136367e-05	
0.306916321264511	0.370341055024854	0.216400814356689	0.0798021745395339	0.0213111248932585	0.00445957234321442	0.000695895148256212	6.77302529791351e-05	5.31217670424589e-06	
0.290351898737531	0.368695440194703	0.223966634472324	0.0864106752730226	0.0242318734590105	0.00533790148531183	0.000861165541189548	0.000121888045829905	2.25227910772651e-05	
0.274977203948673	0.363543497508953	0.231585415813191	0.0946954579693674	0.0276711025359781	0.00625206485972169	0.00108363838194288	0.000166510287957077	2.51086942157498e-05	
0.262264028302675	0.35831085983835	0.238958361798286	0.10082363756233	0.0307620471419418	0.00733699364993878	0.00132254251834912	0.000200304834775042	1.8571309184441e-05	2.65304416920585e-06	
0.250481131007478	0.354286893924764	0.244309335606358	0.107721403504099	0.0334480944548403	0.00796846177921914	0.00153562367231149	0.000209100534737992	2.93007118741135e-05	1.06548043178594e-05	
0.237031335399286	0.351266765821711	0.248599869307772	0.114268838456121	0.0371256796864456	0.00939968436089763	0.00193365699036379	0.000297999660574378	5.74618179582881e-05	1.73721775222731e-05	1.33632134786716e-06	
0.223129410470714	0.345446912050134	0.255573574129441	0.120376592665323	0.041323788407395	0.0114657148567389	0.00232050616543733	0.000299117268724003	4.82879895697943e-05	1.60959965232647e-05	
0.212742062973741	0.337387409830238	0.260482045495249	0.127797669624185	0.0455100609054074	0.0125392693774937	0.0030015068129761	0.000483418997693324	4.57834148233232e-05	8.07942614529232e-06	2.69314204843077e-06	
0.202735507441615	0.33143880201317	0.263122514522196	0.135189785427152	0.0492811647932406	0.0140224056730862	0.00347428035650778	0.000642586944573171	8.35228313700977e-05	8.08285464871914e-06	1.34714244145319e-06	
0.191670173848296	0.325641814238078	0.26624634443761	0.141785910842047	0.0537408138819645	0.0160844745162787	0.00383361930352769	0.000856561667044363	0.000118704608976227	1.61869921331218e-05	5.39566404437394e-06	
0.183268733241759	0.318339654321121	0.269493374734794	0.146707009771409	0.0586822657613236	0.0179149216121277	0.0043670648507785	0.000961938191098776	0.000234094049302359	2.95980981876546e-05	1.34536809943885e-06	
0.174547824143511	0.311221123889588	0.271401105632912	0.153817880232975	0.0628966720610925	0.0196622784223862	0.00508925037226924	0.00108786092613586	0.000236959805692959	3.09663382439663e-05	1.34636253234636e-06	6.7318126617318e-06	
0.165922398608066	0.304488232664121	0.273584499113881	0.158701472196336	0.0675753201070884	0.0221879864900534	0.00588905468080866	0.00134129852780366	0.00026260362743144	3.50138169908587e-05	2.69337053775836e-06	9.42679688215427e-06	
0.158312797248946	0.298167882322547	0.274960879930501	0.164143662013308	0.0713437626747017	0.0245040886998216	0.00669291180482398	0.0015286610562218	0.000283779460524537	2.94488119412255e-05	1.60629883315776e-05	1.60629883315776e-05	
0.149192185311777	0.288987589004491	0.276540374637141	0.171673364919755	0.0769905616337656	0.026738907639228	0.0076529106547833	0.00182704019488429	0.000324628287196768	6.03647641481593e-05	5.36575681316971e-06	6.70719601646214e-06	
0.14087544583387	0.283124650852993	0.276403570968158	0.177535881569335	0.0817527716900864	0.0293928064973572	0.0082855270508358	0.00209085342271497	0.000443148124274849	8.86296248549697e-05	5.37149241545271e-06	1.34287310386318e-06	
0.134919694505187	0.276162571499359	0.276947583294734	0.180168959314037	0.0868898990660649	0.0324386263505434	0.00945111113504896	0.00239004448849008	0.00051975051975052	9.69482834767809e-05	1.07720314974201e-05	4.03951181153254e-06	
0.128723442978997	0.26957086793043	0.27756139847092	0.184046441335593	0.0910154728056375	0.0348984095783907	0.0108513211271137	0.00252105485249133	0.000661945418488365	0.000130771294487518	1.88742074518067e-05	
0.122303317535545	0.26283683141503	0.276379146919431	0.190236966824645	0.095042654028436	0.037665538253216	0.0117454299255247	0.00289505754908598	0.000708192281651997	0.000161137440758294	2.031144211239e-05	5.41638456330399e-06	
0.114945537906431	0.256593101015993	0.276054312882354	0.193426567735109	0.101272364726469	0.0400564289686792	0.0131590727201205	0.00344949200363533	0.000789462975271632	0.000210252166953785	3.25551742380055e-05	1.08517247460018e-05	
0.109063953938285	0.247448671354115	0.275800086073825	0.199231037624037	0.106183060291049	0.0430016142236317	0.0143678121907146	0.00372398269291602	0.000923189293176409	0.000214505747532166	3.93713080913469e-05	2.71526262698944e-06	
0.104028468439668	0.23983874747535	0.273069988526471	0.204414396230939	0.110618635882751	0.0467488733048775	0.0155224519486712	0.00434829136532285	0.00112432455863488	0.000227574127530916	5.82481397846986e-05	
0.0987310221030321	0.234275649898352	0.272651823175743	0.205020762143691	0.114781132401921	0.0505076992949522	0.0173153034300792	0.0049904840174748	0.0013611639776807	0.000298726155975604	6.35299969721874e-05	2.70340412647606e-06	
0.0933317878000817	0.227454870653693	0.27087042725458	0.209550047646454	0.11882904290607	0.0533357235184783	0.0190801471311713	0.00568522609489125	0.00141928475057385	0.000355832074217944	7.00881358308072e-05	1.75220339577018e-05	
0.0888404838772414	0.219749960097162	0.268086715909228	0.213098592871676	0.123934862472688	0.0570013721211276	0.0208447062011023	0.00627446982875982	0.00170475655244842	0.000359460862357339	8.31588562169963e-05	1.20714468702091e-05	9.38890312127378e-06	
0.0845367818187668	0.213742371754309	0.265515235041131	0.215538830317785	0.128165252737588	0.060397205032229	0.022977241283154	0.0067407415351945	0.00187287508446037	0.000415598622893853	7.64165209837085e-05	1.8768970066174e-05	2.68128143802486e-06	
0.0795039619714866	0.206670487687895	0.262842171782961	0.217859666983304	0.13379051985929	0.063990081377064	0.0247417804622901	0.00782507738904008	0.0021616826388026	0.000517040285053528	6.94731132371665e-05	2.13763425345128e-05	5.34408563362819e-06	1.33602140840705e-06	
0.0751275621092052	0.200045474303675	0.259290467114722	0.221826328284348	0.138051961079346	0.0672096833517237	0.026956899722473	0.00853311933661016	0.00222422844150199	0.000607215702009563	9.36235663891397e-05	2.40746313572073e-05	2.6749590396897e-06	6.68739759922426e-06	
0.0716168411363004	0.193595733521718	0.257010896324364	0.222694967139768	0.141447509258665	0.0712930554663584	0.0292316913921178	0.00964132040331385	0.0026732387129921	0.000618136278980155	0.000136471646008606	2.27452743347676e-05	1.47175304519085e-05	2.67591462761972e-06	
0.0680164619184343	0.187838998584468	0.253948907043143	0.224723114920353	0.144678642052281	0.0745736678877528	0.0314628148489073	0.0107342304615064	0.00308125797742106	0.000753255858136367	0.000140482886508559	4.28138320787989e-05	4.01379675738739e-06	1.33793225246246e-06	
0.0645173384823656	0.181210138630195	0.251905780208273	0.225285783341613	0.149133578019488	0.077570242378553	0.0336860795359444	0.0120231867135686	0.00355111829428487	0.000923933492856923	0.000155327949523773	3.21368171428495e-05	5.35613619047491e-06	
0.0602846061276045	0.174685161011617	0.247709560613968	0.228775619448309	0.152760802864575	0.0821070029957834	0.035395321318896	0.0131006827380896	0.00401539615310828	0.000943141829480494	0.000162333088715704	4.69558521078482e-05	9.39117042156964e-06	4.02478732352985e-06	
0.057595302232974	0.17017962604719	0.243537810589631	0.228745552427839	0.157416120438167	0.0852345316031722	0.0373481632856368	0.0139306777810536	0.00452329699887321	0.00113486290775301	0.00026520521094584	7.53882833145536e-05	1.07697547592219e-05	2.69243868980548e-06	
0.05531310342605	0.165391443066123	0.24061844539993	0.228425714308734	0.160355898837931	0.0882804757850749	0.0399661074303148	0.0150529202128088	0.00483680808265275	0.00134281179418455	0.000296761406514786	9.39968255929185e-05	2.28278005011374e-05	2.6856235883691e-06	
0.0521820056508523	0.159305828947897	0.237611644505149	0.229787490459165	0.163566732280829	0.0921986100510184	0.0418685306444918	0.0161692041939501	0.00529064395613225	0.00152787262818195	0.000341461455027518	0.000131228323892928	1.74078388837558e-05	1.33906452951968e-06	
0.0506749915852345	0.154892029507331	0.231536797668808	0.23069330962448	0.1676449250583	0.0953275589938757	0.0438747882898649	0.0172184204915296	0.00579981842880572	0.00181705294127902	0.000422414521404347	9.11878966841131e-05	6.70499240324361e-06	
0.0479105181591537	0.149786402533522	0.228848460346338	0.230126002290951	0.172058486624891	0.0987790580149586	0.0457543292230982	0.0183545583181726	0.00604406711138063	0.00175864160097029	0.000443366349976417	0.000126676099993262	9.43332659524291e-06	
0.0451439509292556	0.144212805477263	0.224919277329618	0.230648157147331	0.174470308096025	0.102776967851319	0.0489708534465071	0.0194571332922971	0.00677773458169998	0.00203156553384953	0.000442759797410395	0.000124188723663891	2.15980388980681e-05	2.69975486225851e-06	
0.0429469825879287	0.138960033194168	0.221076404703949	0.229856100036627	0.177310380340835	0.106147003131551	0.0519699576558105	0.021318062574251	0.00734434489497749	0.00229358728133544	0.000566301161390425	0.000174350476895859	3.10857439426725e-05	5.40621633785608e-06	
0.0408357383846185	0.134353617061637	0.21655759250979	0.229242713710825	0.179197322602062	0.110324783545384	0.0550844816606371	0.0227240085091392	0.00815549503407721	0.00252970746446621	0.000746582117258106	0.000185629310461634	4.87785049388236e-05	1.35495847052288e-05	
0.0389837196886218	0.129936629266874	0.212177940539928	0.229347162654279	0.180895382989444	0.112910779851903	0.0584305195416989	0.0242299861952572	0.00891914735572951	0.00299990305274613	0.000884814373317931	0.000206183596251555	6.55418054309579e-05	1.22890885183046e-05	
0.0377583503781702	0.125133891230517	0.2072520266186	0.228293928945203	0.184011920242444	0.115645181757772	0.060889297024988	0.0264917018138254	0.00975615080962407	0.00339623207904256	0.00107385883736701	0.000219683955293633	5.45798646692255e-05	2.31964424844209e-05	
0.0356480426264278	0.121642001880738	0.203755744235974	0.225539825110449	0.186515188531045	0.120054702459836	0.0630156505266204	0.0278289210594917	0.0108162922705479	0.00354719793200681	0.00124336179917591	0.000315276153248777	6.00526006188148e-05	1.77428138191953e-05	
0.034435965235395	0.11728193042971	0.199662322688602	0.225090820955712	0.187619046314922	0.12319881470608	0.0663482512943612	0.0292817989738225	0.0113175303272841	0.00405048453818588	0.00124198427185078	0.000347810369404738	8.76372584326898e-05	3.14946397492479e-05	4.10799648903233e-06	
0.0327182379433546	0.113828695021286	0.195132167937468	0.223617746505866	0.188880371247485	0.126185815389249	0.0692967926517091	0.0317285184323281	0.0124625261803398	0.00416832076220722	0.00145925449343609	0.000364129170031896	0.000121832692228717	2.73781330851049e-05	8.21343992553148e-06	
0.0311159693710727	0.109308112944511	0.191326820285576	0.221792944183062	0.191340501242915	0.128663931387263	0.0725843191603176	0.0337741793819764	0.0134743748828568	0.00458996118712403	0.00147891148831031	0.00042547777323266	9.71347971045622e-05	1.9153340274139e-05	5.47238293546829e-06	2.73619146773415e-06	
0.0290444157153187	0.106354219164275	0.187621885750597	0.219668251637925	0.192862973026273	0.132704822841116	0.0749090650130377	0.0353879527576309	0.0141935271818919	0.00500964129982251	0.00167901045204549	0.000436871398207595	9.86042027302408e-05	2.73900563139558e-05	1.36950281569779e-06	
0.0266508114157806	0.101730087670211	0.18452988358186	0.220157564984584	0.192889550895904	0.135687207171621	0.0780020738009809	0.037348991079364	0.0150803186411666	0.00547527348936217	0.00180908961234186	0.000519821806730527	8.77799357011971e-05	2.60596684112929e-05	5.48624598132482e-06	
0.0255437870081063	0.0975798610352437	0.179442884611183	0.219021074136386	0.194386785238272	0.138088032862106	0.0812498634387222	0.0395262962396487	0.0163928157842987	0.00596909345161361	0.00207163458387047	0.000555804400550615	0.000118808311665611	2.86778683330784e-05	2.45810299997815e-05	
0.024438608494721	0.0932723153379411	0.174767119658365	0.216415861947468	0.197378465891787	0.141162155186188	0.0834518049336081	0.0416856152943763	0.0176485128570707	0.00675458829923946	0.00217004464364972	0.000603624752985006	0.000181633692640285	4.09700058587108e-05	2.45820035152265e-05	4.09700058587108e-06	
0.023082288926535	0.0894474529487969	0.170828595337129	0.213322449024166	0.199562352485076	0.144304917186879	0.085707109246703	0.0435504325284314	0.0193337546907869	0.00725271755081202	0.00259093881261834	0.000746703651476412	0.000203398252413136	4.64130240405814e-05	1.36508894237004e-05	6.8254447118502e-06	
0.0212725898477684	0.0865078953615604	0.167658077772108	0.211843178773252	0.198744273236539	0.147228642139702	0.0881846535018186	0.0459655480093102	0.0204076063970574	0.00803861591733269	0.00291966022795179	0.000867712105129597	0.000274229769073977	5.73017427915772e-05	1.36432720932327e-05	1.63719265118792e-05	
0.0208212286302147	0.0830402001462818	0.163026255528289	0.209829588565413	0.198535815110771	0.150589570246013	0.0919702241392274	0.0476796565796039	0.0213639750363996	0.00867710690190235	0.00305961324191862	0.00103217515533894	0.00031170322571825	6.2887492908068e-05	
0.0199237689756696	0.0798674576159883	0.158868902338919	0.208113979883328	0.199560563441943	0.152155592281677	0.0954857880854138	0.0500112184924535	0.0222823886085786	0.0090514080576138	0.0032260006348025	0.00107943787144155	0.00030645637921788	5.88286799391465e-05	8.20865301476463e-06	
0.0188806842605293	0.0761757305450374	0.154585602383084	0.206705983172754	0.200614115063752	0.154688274317505	0.098105086778319	0.0519615815310986	0.0237185858104649	0.00970592020063465	0.00328139502410737	0.00116498421590128	0.000312122680641001	8.48754657883425e-05	1.50585503818027e-05	
0.0176753822091566	0.073541654724763	0.150341060768595	0.204285710386317	0.20040015613186	0.157382007167872	0.100958900744356	0.0540429144250007	0.0255856991950475	0.0105566428374509	0.00363306829131148	0.00117098895339792	0.000328914146583797	8.18873393984556e-05	1.36478898997426e-05	1.36478898997426e-06	
0.0172115062461111	0.0702696049941539	0.146801047514205	0.200477261693937	0.200865635106768	0.159826599476243	0.103635530697226	0.0566491853047159	0.0265652884424722	0.0117510307621828	0.00404236552228703	0.00133742675263759	0.000411621117120567	0.000112135985394972	4.23928725273673e-05	1.36751201701185e-06	
0.0159964898755874	0.0674974507858141	0.143705969671869	0.197607155842416	0.200592401838168	0.162098584195145	0.106447803301813	0.0593932733550392	0.0281684750368372	0.0118097643787982	0.00449700518590811	0.00148578864349	0.000512576578940894	0.000155823279998032	2.32368049119872e-05	8.2012252630543e-06	
0.01547000004102	0.0653420860845203	0.13798572778324	0.194526294487872	0.200705270109701	0.1637872922851	0.110652750867914	0.0619606727822892	0.0300143159714009	0.0124810111697393	0.00464209387831561	0.0016640436671311	0.000556504332393064	0.000164079901442673	3.69179778246013e-05	1.09386600961782e-05	
0.0144833295538063	0.0632228345359515	0.13367913728426	0.190613840718893	0.200519388973435	0.165774151860484	0.112846202395036	0.0654714254098965	0.0315075941170524	0.0140653047619308	0.0052130150516247	0.00172810902523722	0.000616108435084575	0.000188520984571333	5.46437636438647e-05	1.22948468198696e-05	4.09828227328986e-06	
0.0134952046975507	0.0604474704181449	0.130086335951439	0.186704400194136	0.200274798515268	0.167929235964427	0.115974543540526	0.0680515964973443	0.0334556938662511	0.0148774002146436	0.00582272077873251	0.00191128519574267	0.000637095065247558	0.000211909302818394	7.92950939578506e-05	1.77730383008975e-05	2.18745086780277e-05	1.36715679237673e-06	
0.0132373038867326	0.0583788880992729	0.127077297326846	0.182866396982452	0.197485376920133	0.169821789755644	0.119208167058438	0.0711365003006615	0.0355026512873777	0.0157259607500137	0.00623872519542995	0.00223856119827256	0.000712020991636145	0.000230962663313836	9.29317225168097e-05	3.27994314765211e-05	9.56650084731865e-06	4.09992893456513e-06	
0.0128976984551274	0.0564077257337117	0.123548683362805	0.179978341626571	0.196729311455635	0.170411646173459	0.121051116502858	0.0738715027895437	0.0377033899466765	0.0169031267563159	0.00689915148524352	0.00242902770352703	0.000830694575811161	0.000230291565571411	6.9909939548464e-05	2.33033131828213e-05	1.50786144124138e-05	
0.0122393236386749	0.0549297009413389	0.121412446714081	0.177605119831677	0.19588534075592	0.170979310269251	0.123249372623366	0.075437245898765	0.0391356996482307	0.018136390036492	0.00714497057630982	0.00250950653677139	0.000931476225439164	0.000302729773267728	7.80796247794593e-05	2.05472696788051e-05	2.73963595717401e-06	
0.0118652059962058	0.0529890559375377	0.118604083736334	0.176752640063164	0.196550372295512	0.171007829720038	0.124302288603042	0.0763205798817866	0.0409730675176278	0.0189286771720894	0.00749799870601266	0.00284019256286256	0.000936221776271781	0.000319384588391398	9.59524514480596e-05	1.50782423704094e-05	1.37074930640085e-06	
0.0110570138397458	0.0509857277193232	0.115833101781195	0.173977554727291	0.195542701180026	0.173911853233814	0.125673269210501	0.078254585074537	0.0421803588122813	0.0201566706863205	0.00800326317417603	0.00293740427087083	0.00102658583557928	0.000344932840754636	9.03395535309762e-05	1.50565922551627e-05	9.5814677987399e-06	
0.0102345753744365	0.0486436113156963	0.111422961249356	0.171356033411994	0.194481527889559	0.174307526443874	0.129964076503793	0.0807656938126594	0.0434675670542323	0.0214201873924789	0.0088654105513143	0.00331633036498764	0.00116829932511926	0.00042359390735318	0.000122978876328343	2.869507114328e-05	1.09314556736305e-05	
0.00944355599294706	0.0467530514891814	0.109123713453889	0.168186602151419	0.193666024247892	0.174605322507894	0.132622572135427	0.0834119271196402	0.0454504449091729	0.0218203687757138	0.00952009950656771	0.00354970544415741	0.00119462555186506	0.000493432293161657	0.000125750058091059	2.59701206927188e-05	6.83424228755758e-06	
0.0088660660151016	0.0444877239612346	0.106112220471881	0.167572479884377	0.191935684752365	0.175156127891428	0.13365341318906	0.0857235533791099	0.047586330546321	0.023084892787391	0.00993771308052682	0.00386915230390433	0.00130842221525735	0.000503660434325006	0.00012728375106583	7.39066941672563e-05	1.36864248457882e-06	
0.00843244130460057	0.0423304450113185	0.102108452274297	0.163986021159751	0.192613920025167	0.176714698983046	0.135073621436045	0.087273373865587	0.0499162227039892	0.0243631215762442	0.0109149848516971	0.00413894037108213	0.00150320405413723	0.000444532591077889	0.000118997955150081	5.33439109293467e-05	1.36779258793197e-05	
0.00831184581430413	0.0403628477154033	0.0987929659331775	0.159285339684898	0.191336341585997	0.179290584096322	0.136940596114765	0.0898610777265477	0.0518227061162948	0.0258178004064419	0.0114093263116491	0.00424332976422	0.00175633153420886	0.000555852981666412	0.000140670410593711	6.14579463758932e-05	1.09258571334921e-05	
0.00808765516695377	0.0395551175405884	0.0939765055323656	0.156703949505732	0.189002699980071	0.179854435857046	0.140038602343987	0.0930469370650752	0.0533020838167726	0.0272932768039225	0.0120529949576712	0.00467377743318983	0.00167076623195805	0.00051460691948381	0.000167895626250686	4.77751782014147e-05	1.09200407317519e-05	
0.00754171884079321	0.0378586374436997	0.0919164886608232	0.152453479775535	0.187704092906774	0.179630402579652	0.142422407184616	0.0962254577000827	0.0549567466260732	0.0289310646795486	0.0127100264348908	0.00499371182422571	0.00179779081789934	0.000608357135647273	0.000170503681515491	6.54734137019486e-05	1.36402945212393e-05	
0.00702194442373008	0.036431675355402	0.0906276905137992	0.149186829278214	0.18551817177257	0.181027598316035	0.144034601278566	0.0978245395196225	0.057070416042411	0.0295344690832424	0.0133185093790887	0.00542068619541859	0.00203648590933435	0.000638605102061569	0.000222359313668996	5.01664305228833e-05	3.25403873661946e-05	2.71169894718288e-06	
0.00683344178992612	0.0349167093954075	0.0879621299341549	0.147433772706549	0.182911930991843	0.181028709655162	0.146685625149663	0.0990991112872873	0.0595284641058284	0.030575288943245	0.0139712835803934	0.00595000534391112	0.00213350578157068	0.000687267556777365	0.000217815111498338	3.92337778475267e-05	1.62346666955283e-05	9.47022223905817e-06	
0.00655873851476832	0.033199471405442	0.0848551166681771	0.144492431548493	0.18179297434531	0.180042714985006	0.148007828826258	0.102290080465942	0.0610061421389143	0.0323027001876051	0.0152464632993336	0.00652086582381895	0.00245090414286661	0.000819673239832873	0.000317860084753672	8.11557663200865e-05	1.08207688426782e-05	4.05778831600432e-06	
0.00615912368923713	0.0314677183686253	0.0824330554872254	0.141218947303333	0.180792190736581	0.180378177184358	0.149639015131658	0.103992676799245	0.0635147868703936	0.0333805147478886	0.0162486877249014	0.00679896281539969	0.00257279850309905	0.00101621508272878	0.00030513336478761	6.45215925542082e-05	1.47861982936727e-05	2.68839968975868e-06	
0.0059782020209852	0.0304645004150787	0.0797632781722102	0.136867673460767	0.178914271887879	0.181051826680266	0.151084618562103	0.107322896433532	0.0656586248798545	0.0347369363853534	0.0166699864046703	0.00728693631851304	0.0028701251652628	0.000925070616842969	0.000311476089197127	7.75348204868385e-05	1.60416869972769e-05	
