# <P(N_2)> as a function of N_tot.
# number_of_species: 2
# species_total_upper_bound: 100
# species_total_lower_bound: 0
# volume: 512
# Bin widths for each species index 
1	1	1	1	1	1	1	1	1	1	1	1	1	1	1	1	1	1	1	1	1	1	1	1	1	1	1	1	1	1	1	1	1	1	1	1	1	1	1	1	1	1	1	1	1	1	1	1	1	1	1	1	1	1	1	1	1	1	1	1	1	1	1	1	1	1	1	1	1	1	1	1	1	1	1	1	1	1	1	1	1	1	1	1	1	1	1	1	1	1	1	1	1	1	1	1	1	1	1	1	1	
# Bin lower bound for each species index 
0	0	0	0	0	1	2	2	3	4	5	6	6	7	8	9	10	11	12	12	13	14	15	16	17	18	18	19	20	20	21	21	22	23	23	24	25	26	28	29	30	31	31	32	34	34	35	35	36	36	37	38	41	41	42	43	44	44	47	48	48	48	49	50	51	52	53	54	55	56	57	57	57	58	59	62	62	63	64	65	66	66	66	67	68	69	71	72	72	73	74	76	77	78	79	79	81	82	83	83	84	
# Bin upper bound for each species index 
0	1	2	3	4	5	6	7	8	9	10	11	12	13	14	15	16	17	18	19	20	21	22	23	24	25	26	27	28	29	30	31	32	33	34	35	36	37	38	39	40	41	42	43	44	45	46	47	48	49	50	51	52	53	54	55	56	57	58	59	60	61	62	63	64	65	66	67	68	69	70	71	72	73	74	75	76	77	78	79	80	81	82	83	84	85	86	87	88	89	90	91	92	93	94	95	96	97	98	99	100	
# Normalized histogram for each species index 
1	
0.0492235218970817	0.950776478102918	
0.00239402944501764	0.0964191497643039	0.901186820790678	
6.810049156173e-05	0.00696482300063148	0.136374329829253	0.856592746678553	
3.71602162724587e-05	0.000362312108656472	0.0131578132451398	0.169627097229706	0.816815617200225	
4.34227013882858e-05	0.00106695780554074	0.0211127377392901	0.201710854434698	0.776066027319082	
5.30946365047488e-05	0.00202696582891659	0.0313039730404175	0.23114906163038	0.735466904863781	
6.30487208990748e-06	0.000145012058067872	0.00334473464369592	0.0410856989738821	0.258881200447646	0.696537049004618	
6.31345017425122e-06	0.000385120460629325	0.00483925955856356	0.0518586797312996	0.280964316379615	0.661946310419718	
9.50293323872635e-06	0.000744396437033564	0.00792544632109778	0.0616962102302244	0.300416228475856	0.629208215602549	
2.53940038408431e-05	0.00107924516323583	0.0105289888425096	0.0762137540273303	0.316660053644833	0.59549256431825	
9.85945505837752e-05	0.00155206905435104	0.0138414027142126	0.0888464119534761	0.329264452847951	0.566397068879425	
9.56032084436754e-06	0.000226260926650032	0.00193118481056224	0.0184227382670962	0.100055131183536	0.339955448904865	0.539399675586446	
3.50575262134685e-05	0.000305956592408452	0.00276635752302642	0.0219683207444944	0.109494215508175	0.351636549064601	0.513793543041081	
3.50532809871004e-05	0.00037602610513435	0.0038303676133177	0.0252734155916994	0.119601794727987	0.36362680365064	0.487256539030235	
3.49548129599736e-05	0.000549743876552311	0.00470618890852008	0.0299658078375046	0.134665005783433	0.367499014909817	0.462579283871214	
4.76496038729598e-05	0.000806866625582119	0.00597526032566916	0.0361978157421585	0.14585543745513	0.372156112808849	0.438960857438738	
0.000161546283010082	0.0010389643299472	0.00748497777946715	0.0411341182582143	0.158435725168594	0.377961285908413	0.413783382272354	
0.00024080123442317	0.00137827022334314	0.00944511157651935	0.048534122485449	0.169894776197432	0.376587783139478	0.393919135143356	
3.16357585305823e-06	0.000243595340685484	0.00174629387088814	0.011572360470487	0.0544799397655158	0.179830305791242	0.375687286854077	0.376437054331252	
1.59074061701647e-05	0.000372233304381854	0.0024051998129289	0.0139794285423407	0.0617557322338134	0.190834788860998	0.37629287443648	0.354343835402887	
3.84362838519562e-05	0.000464438429877805	0.00295318780929197	0.0165500232219215	0.0671962332441825	0.199212056181035	0.377703752342211	0.335881872487628	
2.5704380347716e-05	0.000636183413605971	0.00374641343567961	0.0188605890801366	0.073626984458489	0.206830296467897	0.375483162024348	0.320790666739496	
6.1221596401459e-05	0.000718548210396072	0.00435962210164074	0.0217078892082436	0.0800327374431284	0.215709461636614	0.368576565661773	0.308833954141802	
7.69778496237708e-05	0.000763363675435727	0.00513185664158472	0.0246040451859977	0.0868085625028065	0.223338401041767	0.368752766391471	0.290524026711314	
9.90899704967604e-05	0.00102925711290183	0.00615956042410507	0.0277579775417377	0.0952829977592881	0.229808820285954	0.362950579676327	0.276911717229189	
6.40600627148014e-06	0.000128120125429603	0.00125557722921011	0.00729644114321588	0.030966634316335	0.101118808995314	0.237963914966673	0.358566592036694	0.262697505180858	
1.60655474335288e-05	0.000199212788175757	0.00159048919591935	0.0079235279942164	0.0335159450558278	0.107224676680858	0.244083862157603	0.355244597959676	0.250201622620291	
2.90191526407429e-05	0.000309537628167924	0.00199909718191784	0.00929580189591797	0.0371154962275102	0.114661120784162	0.249061714064616	0.350180563616431	0.237347649448636	
6.4737279933709e-06	6.4737279933709e-06	0.000271896575721578	0.0024017530855406	0.0113419714443858	0.0418591252051363	0.120877449092221	0.254446641915447	0.345755338397947	0.223032876827614	
9.73273898740584e-06	3.89309559496233e-05	0.000402286544812775	0.00317936140255257	0.0123800439919802	0.0458444448770106	0.12778437441198	0.259675964676646	0.337155055509055	0.213529804891026	
3.24786047191413e-06	9.74358141574238e-06	9.41879536855097e-05	0.00061384562919177	0.00356615079816171	0.0145081927280404	0.049926111174264	0.135351337306549	0.2612546485003	0.332704331021939	0.20196820344598	
1.29928766553737e-05	6.49643832768685e-06	0.000116935889898363	0.000753586846011674	0.00392384874992285	0.0161144152718272	0.0545928194867164	0.141537901845313	0.263982771445555	0.326127700488207	0.192830530661565	
3.25493285073529e-06	3.90591942088235e-05	0.00017251144108897	0.000911381198205881	0.00439741428134338	0.0177719333650147	0.0595424866385006	0.146026052482537	0.26967769654912	0.318384511727523	0.183073698189606	
1.30424008451476e-05	3.26060021128689e-06	4.23878027467296e-05	0.000218460214156222	0.00119011907711972	0.00485503371460618	0.0198016250831453	0.0625350514522713	0.153329724935766	0.27168951260548	0.311925319212761	0.174396462900891	
1.62531856243824e-05	3.25063712487648e-06	4.87595568731471e-05	0.000240547147240859	0.00128725230145108	0.00571787070265772	0.021473708846934	0.0672946897591928	0.159655042388308	0.272933244916004	0.305108051178031	0.166221329380559	
2.90569095716689e-05	2.90569095716689e-05	4.51996371114849e-05	0.000313168914272431	0.00154647329831438	0.0062214071938451	0.0241236920355011	0.0723258764693918	0.164933475819808	0.273457804524484	0.29836603311842	0.158608755169708	
9.75968404649513e-06	9.75968404649513e-06	7.15710163409643e-05	0.00034158894162733	0.00192591098517504	0.00732952271891785	0.027154694245365	0.07731947024435	0.172128294300019	0.276231590795967	0.289696701552115	0.147781135832029	
6.52873623252747e-06	8.16092029065934e-05	0.000502712689904615	0.00217406916543165	0.00834698927328637	0.0302704855421136	0.0826244213907514	0.178221441675535	0.276227565630121	0.282514738622045	0.139029438071672	
9.82463034828315e-06	0.000104796057048354	0.000586202944114228	0.00254130438342257	0.00960521360383816	0.0332727481128523	0.087658626844165	0.180193545217861	0.27736896399273	0.274267655679455	0.134391118534165	
1.63843103843759e-05	0.000108136448536881	0.000753678277681292	0.00252318379919389	0.0110168103024544	0.0347019693941082	0.0908575548055182	0.184425074548612	0.277173378772487	0.2689812235803	0.129442605760724	
2.29430716839887e-05	0.00013110326676565	0.00063257326214426	0.00271711520371809	0.0117107993038417	0.0380527231787298	0.0951514734368394	0.190007964523456	0.2745695715873	0.26300626345857	0.123997469706951	
1.31014807948668e-05	4.25798125833172e-05	0.000160493139737119	0.000697653852326659	0.00314108002056932	0.0135109020697064	0.0402444736316322	0.100960011005244	0.191799128096453	0.275963040722678	0.257385140955556	0.116082395212719	
6.57228860233711e-06	2.9575298710517e-05	0.000187310225166608	0.00077224391077461	0.00352931897945503	0.014524757811165	0.0432752343020887	0.105948578413975	0.199294793432969	0.274928690668665	0.247995451976287	0.109507472692141	
4.58458727253079e-05	0.000206306427263886	0.000910368044116828	0.00404426091541109	0.0159085178356818	0.0467889878213714	0.111032154330306	0.204099275962681	0.272930304449342	0.240297867184507	0.103736111156593	
6.55134122333195e-06	6.55134122333195e-05	0.000334118402389929	0.00127423586793806	0.00513297584848058	0.0175837998434229	0.0499769065221878	0.114756568538494	0.204896472430318	0.272925599693397	0.234505259089167	0.0985419990107475	
2.61961832161054e-05	0.000101510209962408	0.000389668225339568	0.00145388816849385	0.0058646705175056	0.0190642723355207	0.0533845468715208	0.118360904816168	0.21016542889701	0.270112119664165	0.227137281098144	0.093939513012954	
2.28649822796387e-05	1.95985562396903e-05	0.000111058485358245	0.000346241160234529	0.00177693576573192	0.00649692139345735	0.0209606558983488	0.0575086968593314	0.124238514429437	0.212271962632086	0.265789086870601	0.221146842182626	0.0893106207842689	
6.52694649861955e-06	3.91616789917173e-05	6.52694649861955e-05	0.000427514995659581	0.00192544921709277	0.00665422195534263	0.0229846420948887	0.0605406922479456	0.128140277134148	0.212866569632729	0.264285854148854	0.216348695589742	0.0857151248931212	
3.23657065919235e-06	1.29462826367694e-05	2.91291359327311e-05	4.53119892286928e-05	0.000614948425246546	0.00216526577099968	0.00770303816887778	0.0246659049937049	0.0642977127155152	0.13156012415485	0.217147998666533	0.26432748916558	0.207001349649965	0.0804255443102706	
1.62069300833036e-05	3.24138601666072e-06	9.72415804998217e-06	8.75174224498396e-05	0.00058344948299893	0.00233379793199572	0.00882305273735049	0.0272081942238501	0.0669540695601439	0.137094421574665	0.221701079381544	0.258678811059609	0.200129655440666	0.0763767787105766	
6.51548568059135e-06	3.25774284029567e-06	1.30309713611827e-05	0.000140082942132714	0.0006776105107815	0.00269089558608423	0.0100436211766316	0.0292284687631328	0.070272770808018	0.141337173126228	0.221963050680705	0.256700362586778	0.194900980906369	0.0720221787132567	
3.26464519835984e-05	0.000150173679124553	0.000770456266812923	0.0032189401655828	0.0108973856721252	0.0312622424194939	0.0733043432839719	0.14363133014704	0.224421504870851	0.256434615685967	0.188425526913735	0.0674508344433127	
6.55247880273107e-06	1.63811970068277e-05	0.000190021885279201	0.000959938144600102	0.00366611189012804	0.0115487438898135	0.0340794422530043	0.0771849240567707	0.148249832911791	0.225110409267826	0.253535062314073	0.18140537565361	0.0640472040572949	
3.28582037077197e-06	4.60014851908076e-05	0.00020043504261709	0.00108432072235475	0.00408098890049879	0.0129494180812123	0.0354540018006296	0.0814784877340326	0.151509177296296	0.227901215096373	0.249009325158212	0.175567954051088	0.0607153888111245	
6.60493256363853e-06	8.25616570454816e-05	0.000297221965363734	0.00132759144529134	0.00456400840147422	0.0137514695974954	0.0381864176166761	0.0835854215928455	0.155846686305333	0.228444802578566	0.245511948323008	0.170938957213247	0.0574563083710915	
1.97939450322146e-05	0.000112165688515883	0.000339796056386351	0.00141196807896464	0.00493529029469885	0.0152842245557084	0.0396076840094615	0.0866183034609713	0.159014657416296	0.229520689621045	0.242281186185146	0.165678618910475	0.0551756217772983	
3.29741350884366e-06	3.29741350884366e-06	0.000174762915968714	0.000283577561760555	0.00137502143318781	0.00524948230607911	0.0163518735903557	0.0415737895195009	0.0904810266826701	0.162562485985993	0.230792566310986	0.239355949193453	0.159311236266273	0.0524816334067557	
0.000115871786213244	0.000420449052830913	0.00166524309900748	0.00584655927007396	0.0171721987168027	0.0443788941196724	0.0935780545458157	0.168398122214939	0.230134609909355	0.232730137920532	0.154745115176556	0.0508147441882023	
0.000159772058529831	0.00043604457640433	0.00176414981293355	0.0060247380403957	0.0187798740463605	0.0458812094744831	0.0978703716031795	0.17206452128297	0.23000186400735	0.229073188917145	0.149819590717243	0.0481246754630061	
2.33974423253047e-05	0.000110302228105008	0.000407783994812453	0.00204560495758378	0.00665824358742956	0.0200215256469393	0.0480249216185682	0.101528187233018	0.174237410504783	0.231912105836659	0.225217094839861	0.144502603801082	0.0453108183088329	
3.3394668207274e-06	2.33762677450918e-05	0.000140257606470551	0.00061780136183457	0.00228753477219827	0.00745035047704284	0.0218835260762267	0.0511005212907707	0.104662229628418	0.176828107624337	0.231264756269014	0.220985877394815	0.139459473900397	0.0432928478639101	
1.00156578117123e-05	2.00313156234246e-05	0.000143557761967876	0.000777882756709656	0.00254063853157102	0.00858008019203355	0.0228924552049704	0.0550493938857748	0.109618036196587	0.180779284948803	0.228136653635183	0.216338208732986	0.134480237437861	0.0406335237421168	
3.3608361760406e-06	7.39383958728932e-05	0.000201650170562436	0.000984724999579895	0.00322976356517502	0.00967920818699692	0.0240971953822111	0.0588011897360063	0.113176158228167	0.182560621082525	0.229168697171856	0.208741534893882	0.129472852845788	0.0398091045052009	
2.68849726445403e-05	7.72942963530535e-05	0.00020499791641462	0.00111908698632899	0.00352865265959592	0.0102364533344087	0.0267337446734148	0.0625344463712008	0.116321194768184	0.185563441814198	0.226421878990738	0.204608084311274	0.12416824615881	0.0384555927464344	
1.33902866860379e-05	5.69087184156613e-05	0.000297933878764344	0.00118838794338587	0.00354842597180006	0.0110436389443098	0.0281329923273657	0.0635904714719942	0.120452323884254	0.184906468847498	0.224384381569609	0.203723169213053	0.121931950563062	0.0367295563798021	
3.37626821074666e-06	6.75253642149332e-05	0.000341003089285413	0.0011141685095464	0.00383881695561895	0.011340884919898	0.0294748214798184	0.0662255009537958	0.123162888059827	0.185492175498422	0.226081671928018	0.200003376268211	0.117906038455695	0.0349477522494387	
3.3800341383448e-06	0.000148721502087171	0.000412364164878065	0.00141961433810481	0.00410674147808893	0.0126987882577614	0.0325564888205371	0.0687228541008264	0.125646009024691	0.188693785807237	0.223541937773572	0.194497304422775	0.113731388687026	0.033820621588278	
2.02296060284226e-05	7.41752221042162e-05	0.000495625347696354	0.00140595761897537	0.00461235017448035	0.0136482408671758	0.0344543906674084	0.072253409531516	0.128906421214114	0.191830610765522	0.21993627674101	0.190788786055058	0.109455655017785	0.0321178711711256	
2.02526176508314e-05	9.45122157038797e-05	0.000475936514794537	0.00164383746599248	0.00484712649109897	0.0145548812183975	0.0359990278743528	0.0753127341708916	0.131955930303992	0.191832794388675	0.219443863119308	0.18782952696636	0.106758298510082	0.0292312781426999	
3.03931865229857e-05	0.00011481870464239	0.000452520777120009	0.00172228056963586	0.00558559227877981	0.0155815736241173	0.0381502031277966	0.0785832722655419	0.134003559379844	0.192138971156866	0.22029656996005	0.184881753619322	0.101580783401268	0.0268777079484937	
6.72031719897179e-06	4.36820617933166e-05	0.000117605550982006	0.000500663631323398	0.0020496967456864	0.00615917071285765	0.0171838510777709	0.0401673358982544	0.081947547924262	0.13673157373028	0.194317971808269	0.219512440987215	0.179721442852103	0.0962215016548781	0.0253187950471262	
6.70785288337056e-06	1.67696322084264e-05	8.3848161042132e-05	0.000207943439384487	0.000570167495086498	0.00215322077556195	0.00730149786354886	0.0178797818606242	0.0418804794773241	0.0840057955848912	0.140321574467229	0.198810697683778	0.215855351860423	0.174370635703218	0.0919646630310104	0.0245708651117864	
1.34259274798527e-05	1.67824093498159e-05	5.03472280494477e-05	0.00021145835780768	0.000785416757571384	0.00261805585857128	0.00731377399464977	0.0191890068505795	0.0427112317952815	0.0854728108186124	0.145577331664043	0.200650486186399	0.212905001493634	0.17049585306665	0.0893864686789894	0.0226025489123321	
4.03954716676261e-05	2.35640251394485e-05	6.05932075014391e-05	0.000309698616118466	0.000908898112521586	0.00288490993492963	0.00814305383033229	0.0203323874060384	0.0455391617266371	0.0879948024493121	0.148894342277564	0.198836610415972	0.211211089903488	0.167402200879948	0.0863958150291352	0.0210224767136937	
5.74572788232749e-05	0.000439379191001514	0.00104099069868051	0.00309931321652607	0.00907825005407744	0.0215599989184512	0.0472400227125243	0.0928442028985507	0.151437107938568	0.197521225394765	0.209387843391737	0.162215417477828	0.0829243727017089	0.0211544181267575	
1.36209626615361e-05	6.81048133076805e-05	0.000337118825873019	0.00110329797558442	0.00334394633340711	0.0093167384604907	0.0223009211176	0.0502272998144144	0.0962423169257487	0.152187015817343	0.199649260211465	0.207610712887133	0.156964568470877	0.0806769618442783	0.0199581155398158	
2.73786015694783e-05	9.9247430689359e-05	0.000342232519618479	0.00118070219268375	0.00339494659461531	0.00978100541069614	0.0241376596086913	0.0525053131598671	0.0985937665768877	0.155003952785602	0.201954832152061	0.204853541593229	0.153114829277308	0.0764923904599263	0.0185182016365559	
1.36480109730008e-05	7.84760630947547e-05	0.000392380315473774	0.00125220500677283	0.00353824684475046	0.0108638167345087	0.0257810927279986	0.054206487582016	0.100299232640583	0.159265464049433	0.198916347928744	0.202655902935346	0.150875349303781	0.0742485916958677	0.0176127581606576	
2.38701735361616e-05	0.000129580942053449	0.000528553842586436	0.00132990966844329	0.0039317585838849	0.0119657769911987	0.0266016033936567	0.0561937985289153	0.103538582725496	0.160451896485287	0.198801035283527	0.200185505348624	0.147163029875227	0.0717435115753292	0.0174115865822345	
1.70194225650312e-05	0.000180405879189331	0.000565044829159036	0.00147728587864471	0.00421741291161473	0.0118557297588007	0.0282794725340559	0.0582030212878937	0.105911866622189	0.161905766861142	0.20008373555902	0.197942692200339	0.143994526553703	0.0689218536193504	0.0164441660823332	
6.82298116516049e-06	3.41149058258025e-05	0.000156928566798691	0.000487843153308975	0.00178420957468947	0.00434965049278982	0.0129397837797269	0.0299835907302978	0.0610725044093516	0.109375799568105	0.163424044867924	0.200592234765136	0.194536838981056	0.138745321993539	0.0667526362293477	0.0157576750009382	
3.41845280825898e-06	1.02553584247769e-05	5.46952449321437e-05	0.000150411923563395	0.000540115543704919	0.00184596451645985	0.00504563634499026	0.0141865791542748	0.0312002187809797	0.0643010973233514	0.11211499675247	0.164865142036714	0.19976412675623	0.191706833487164	0.135897172939528	0.0636379174785492	0.0146754179058558	
1.71432489885483e-05	2.74291983816773e-05	5.14297469656449e-05	0.000144003291503806	0.000586299115408352	0.00192004388671741	0.00606185284235068	0.0149763423163958	0.0330213262017418	0.0673969690735788	0.115638071727354	0.165860933964205	0.200843447850237	0.187848865116917	0.13151272029075	0.0602379482959611	0.0138551738325447	
1.71994482417004e-05	1.03196689450202e-05	6.19180136701215e-05	0.000202953489252065	0.000677658260722996	0.00257991723625506	0.00661834768340632	0.015809732823771	0.0353999043710678	0.0704042214325764	0.118098291406812	0.169273529705167	0.196950881815711	0.184257689013336	0.127533908712209	0.0584678043528364	0.0136357225660201	
3.45787444457892e-06	3.45787444457892e-06	3.45787444457892e-05	0.000193640968896419	0.000819516243365203	0.0026245267034354	0.00686733864693373	0.0165874237106451	0.0368021577136534	0.0733415169695188	0.11985338612355	0.170376389633292	0.197344352426563	0.181012811424817	0.125282249001539	0.0561455073566279	0.0127076885838275	
3.45373037417715e-05	7.25283378577201e-05	0.0002417611261924	0.000825441559428339	0.00263519627549716	0.00712849949230164	0.0180042964405855	0.0392689143543942	0.0748319760172963	0.121937404590698	0.17148116680827	0.195750530147612	0.177238535342023	0.122641965587031	0.0560851275462627	0.0118221190708084	
2.07505472956849e-05	7.26269155348972e-05	0.000245548142998938	0.000919940930108698	0.00269411272388976	0.00721427360979979	0.0187861621516934	0.0411690858346389	0.0753901967497726	0.123040370189764	0.171506731823385	0.195470155525352	0.178043154221526	0.120328965343128	0.0535606209947121	0.0115373042964008	
1.72157930799398e-05	1.37726344639519e-05	5.50905378558074e-05	0.00033742954436682	0.000967527571092618	0.00284404901680606	0.00771267529981304	0.0199531041796502	0.0422785446457162	0.0773987625287934	0.126009275869311	0.172161373958014	0.194700290258271	0.175687168380786	0.117246437191622	0.0517954350603069	0.0108218475300502	
2.05156260685222e-05	1.70963550571018e-05	0.000160705737536757	0.000345346372153457	0.00113177870478014	0.00338849757231758	0.00878752649935034	0.0217192094645422	0.0431067496409765	0.0804793817958011	0.129669014566095	0.172779183478082	0.195014702865349	0.171685016754428	0.112425630855502	0.0490938931819736	0.010175750529987	
1.03037546882084e-05	2.06075093764168e-05	0.000133948810946709	0.000429323112008683	0.00112654384591078	0.00360631414087293	0.00959623019961807	0.022496531069255	0.0454532965145832	0.0832371649562434	0.130232590089162	0.172948522441578	0.193033974913792	0.170485925071096	0.110401296899257	0.0469473409443735	0.00984008572723901	
5.84507792864191e-05	0.000103148434034857	0.000495112483367315	0.00124121948955278	0.00399872095941797	0.0103389113714272	0.0232977929673398	0.0479502687016707	0.0857919908679253	0.13146611745856	0.174179883992395	0.19171511777832	0.168413886529846	0.107006185467761	0.0450139766128117	0.00892921610628415	
1.71501876230526e-05	0.000154351688607473	0.000428754690576315	0.00147491613558252	0.00436300773130458	0.0110824512420166	0.0241783345109795	0.0499104760206077	0.0863889250948405	0.132811052952919	0.175573330772239	0.194205294605923	0.165252347860686	0.102760494199807	0.0430229606711897	0.00837615163509889	
4.10291477904094e-05	0.000157278399863236	0.000516283443029319	0.00157620309428156	0.00424309770065818	0.0114197794683306	0.0252295067954526	0.0512590819728182	0.0891734336268057	0.135379092230105	0.180610308573382	0.191336011624925	0.160140182921617	0.0999093939652962	0.040800068381913	0.00820924865373109	
4.7727652379053e-05	0.000136364721083009	0.000446594461546853	0.00150001193191309	0.00445912637941438	0.0112944080237002	0.0266456664996199	0.0522924614173067	0.0929871033065036	0.139995431781844	0.181607126420324	0.189154913732268	0.156853520425731	0.095046210594857	0.0397196341334533	0.00781369851805639	
3.39586248115296e-06	2.37710373680707e-05	0.000135834499246119	0.000604463521645227	0.00164359744087803	0.00467949849902878	0.0118787269590731	0.028328284817778	0.0546428231842323	0.0963983482524892	0.142548119371358	0.181063991632595	0.187954196606854	0.153737486246757	0.0922044580882653	0.0367703989459243	0.00738260503402654	
1.67325930834153e-05	0.00025098889625123	0.000625798981319733	0.0018773969439592	0.00507666874150821	0.0128941362300798	0.0291515236699262	0.0561010380900749	0.0977183436071455	0.143987310001406	0.181518516287506	0.186675501475815	0.150927989612406	0.0901552115334418	0.0358847191266925	0.00713812420938498	
1.66937104776404e-05	0.000253744399260135	0.000674425903296674	0.00223027971981276	0.00586616986184285	0.0139359095067342	0.0299685490494601	0.0593695119426805	0.0988467984802046	0.145816222280094	0.181360470629086	0.184772665050715	0.147963033447518	0.0867906007732527	0.0352070353973437	0.00692788984822078	
5.66196723386256e-05	0.000336387465070658	0.000742716878324324	0.00252124070354939	0.00676438555998521	0.0152673281176623	0.032323171767433	0.0620018717797561	0.101612328434066	0.147847286751996	0.181522669517634	0.180546812812033	0.143820628878031	0.0843832951983187	0.0337619775586263	0.00649127890517537	
3.30137601352244e-06	3.96165121622692e-05	0.000320233473311676	0.00101682381216491	0.00254205953041228	0.00683384834799144	0.0166884557483559	0.033915035786916	0.0638155983413887	0.102425190819534	0.149420278372025	0.179208594142038	0.181446927079207	0.141480469059504	0.0825806196022502	0.0318186620183292	0.0064442859783958	
6.58041930431807e-06	8.8835660608294e-05	0.000243475514259769	0.00105944750799521	0.00260913625416212	0.0073174262664017	0.0164872405669689	0.0344353342194965	0.065685745495703	0.104589184422831	0.149148493742021	0.181866338523091	0.18003698195649	0.137978231972941	0.0813043707145019	0.0305923693457747	0.00655080741744864	
