# <P(N_2)> as a function of N_tot.
# number_of_species: 2
# species_total_upper_bound: 100
# species_total_lower_bound: 0
# volume: 512
# Bin widths for each species index 
1	1	1	1	1	1	1	1	1	1	1	1	1	1	1	1	1	1	1	1	1	1	1	1	1	1	1	1	1	1	1	1	1	1	1	1	1	1	1	1	1	1	1	1	1	1	1	1	1	1	1	1	1	1	1	1	1	1	1	1	1	1	1	1	1	1	1	1	1	1	1	1	1	1	1	1	1	1	1	1	1	1	1	1	1	1	1	1	1	1	1	1	1	1	1	1	1	1	1	1	1	
# Bin lower bound for each species index 
0	0	0	0	0	1	1	2	3	4	5	6	6	7	8	9	10	11	12	12	13	14	15	15	16	17	17	18	18	20	20	21	22	23	23	24	25	26	27	28	30	31	31	32	34	34	35	35	36	36	37	38	41	41	42	43	44	44	46	47	47	48	49	50	51	52	52	53	53	56	56	57	57	58	59	62	62	63	63	64	65	66	66	66	67	69	70	71	72	73	74	75	76	77	79	79	80	80	81	83	84	
# Bin upper bound for each species index 
0	1	2	3	4	5	6	7	8	9	10	11	12	13	14	15	16	17	18	19	20	21	22	23	24	25	26	27	28	29	30	31	32	33	34	35	36	37	38	39	40	41	42	43	44	45	46	47	48	49	50	51	52	53	54	55	56	57	58	59	60	61	62	63	64	65	66	67	68	69	70	71	72	73	74	75	76	77	78	79	80	81	82	83	84	85	86	87	88	89	90	91	92	93	94	95	96	97	98	99	100	
# Normalized histogram for each species index 
1	
0.0497329859526092	0.950267014047391	
0.00230376929481842	0.0956094280407353	0.902086802664446	
7.42003409204853e-05	0.00699288077810087	0.135610147397975	0.857322771483004	
2.40822166877721e-05	0.000399363426738887	0.0131448766087422	0.169930141503092	0.81650153624474	
2.81907953026081e-05	0.00109138650385811	0.0211873962981459	0.203158979976481	0.774534046426213	
2.02688459729857e-06	7.09409609054499e-05	0.00211404063498241	0.0311815926448412	0.231626291125488	0.735005107749185	
8.15810405661724e-06	0.000177438763231425	0.00339173176153862	0.04139625950929	0.258742428259672	0.696283983602211	
1.42881928497801e-05	0.000402110570200953	0.00508863782492881	0.0516007878917771	0.281142647193901	0.661751528326342	
1.83681341445246e-05	0.000755134403719343	0.00791666581629009	0.0619536755656875	0.300772073905208	0.62858408217495	
2.44867475681599e-05	0.00108149801759373	0.0105293014543087	0.0747662025747815	0.317562507524573	0.596036003681174	
7.53657786405236e-05	0.00145028201059602	0.013802122055897	0.0882451791363082	0.329694727858247	0.566732323160311	
6.10780271797221e-06	0.00017509034458187	0.00198503588334097	0.0182236473761897	0.100066167862778	0.340699343411208	0.538844607319184	
2.64275448200996e-05	0.000274439888516419	0.00277285931804737	0.0219145333200518	0.111154253513339	0.3512728928607	0.512584593554525	
3.04512262708819e-05	0.000341053734233878	0.00375159107657265	0.0256115113755631	0.120883247968396	0.361242897251472	0.488139247367491	
2.62323663006915e-05	0.000496397085382317	0.00464111096089158	0.0299755231843671	0.134261286475601	0.367799972153334	0.462799477774123	
3.42932069191588e-05	0.000754450552221494	0.00627767411367189	0.0362741439306067	0.145772353623481	0.373622472136769	0.437264612436331	
0.000124581546659808	0.00101272741155715	0.00757938054839993	0.0415579927099701	0.158568196340518	0.377114369878593	0.414042751564302	
0.000190801748949084	0.00125929154306395	0.00946175830841195	0.0484716779909178	0.169602670421109	0.377020239044465	0.393993560943083	
2.00991693013328e-06	0.000196971859153061	0.00172852855991462	0.0115389330958951	0.054470758723542	0.180717660939073	0.375822307264041	0.375522829641451	
1.01102420796364e-05	0.000335660037043927	0.00244465653485607	0.0138570977943496	0.0616401239111269	0.189951228192208	0.377469932140055	0.354291191148281	
2.43995673143396e-05	0.000467658373524843	0.00291574829406359	0.0162216456694835	0.0668202483875953	0.198848340422763	0.377595503973063	0.337106455312192	
1.83698587357863e-05	0.00058987657496025	0.00375765665917585	0.0184453792661446	0.0729732432802036	0.207989663892818	0.375800364539641	0.320425445928321	
4.09463520894923e-06	6.9608798552137e-05	0.000681756762290048	0.00434645527429961	0.0212941504041405	0.080052165652562	0.217038186567959	0.370191874605891	0.306321707299097	
2.6553697704535e-05	0.000118470343604848	0.000790483154742695	0.00526784510615351	0.0244375722566966	0.0873351117502155	0.224897564004624	0.367987270565839	0.289139129120419	
2.44698205546493e-05	0.000140701468189233	0.00108075040783034	0.00626427406199021	0.0276855628058728	0.0951876019575856	0.231074632952692	0.363213703099511	0.275328303425775	
4.09100857679948e-06	1.84095385955977e-05	0.000198413915974775	0.00128253118882664	0.00731676883960587	0.0310180270292937	0.101004956256891	0.238644894319021	0.358165755394506	0.262346152508709	
8.22881029917897e-06	1.85148231731527e-05	0.000220120675503037	0.00156141675426921	0.00793051592583373	0.0339397280789637	0.10728928588327	0.244570528104473	0.354167995276663	0.250293665667552	
2.06222134234112e-06	1.23733280540467e-05	3.71199841621401e-05	0.000319644308062873	0.00192405251240426	0.00933980045946291	0.0372540285493923	0.114143951298581	0.248549227285663	0.350460081581476	0.237957658471399	
1.44706731136961e-05	3.51430632761191e-05	0.000268741072111499	0.00233804732737004	0.01141529384769	0.0414977560120479	0.120003224892865	0.254625964108596	0.345766397856687	0.224034961146243	
4.14200448164885e-06	8.2840089632977e-06	3.72780403348396e-05	0.000443194479536427	0.00300916625591789	0.0124653624875222	0.0452224049306421	0.127379063824147	0.260405750759022	0.33754437122301	0.213480981986423	
2.07059486119767e-06	1.2423569167186e-05	8.28237944479069e-05	0.000614966673775709	0.00343718746958814	0.0140945392201726	0.0489612860878802	0.135358927266214	0.262613546245701	0.332258004402085	0.202564224676107	
8.28636002991376e-06	1.24295400448706e-05	0.000128438580463663	0.00077063148278198	0.0038241551538052	0.0160092475777934	0.053708042533886	0.141375660060366	0.265432827658213	0.326144916007383	0.192585365045233	
2.06987911905945e-06	3.51879450240106e-05	0.000213197549263123	0.000929375724457692	0.00440884252359662	0.0175091074681239	0.0591095380029806	0.145943036926643	0.269369928796158	0.318324639841033	0.1841550753436	
8.29085994872103e-06	2.07271498718026e-06	3.10907248077039e-05	0.000254943943423172	0.00120010197757737	0.0049765886842198	0.0194607210146354	0.0621855950453821	0.153345672896557	0.271573335765319	0.311891787695949	0.175069798677193	
1.03589157115746e-05	2.07178314231493e-06	4.35074459886135e-05	0.000314911037631869	0.00139845362106258	0.00568082937622753	0.0216667081023295	0.0668999494484913	0.158882977400989	0.273982961655438	0.305449204020917	0.165668067192071	
1.85403778529006e-05	2.26604618202119e-05	4.53209236404238e-05	0.000319306507466622	0.00153473127782344	0.00636140964552858	0.0240489301171958	0.071539077966409	0.164764217894761	0.274547975287736	0.298541284271373	0.158256545268393	
8.27030670432413e-06	8.27030670432413e-06	7.65003370149982e-05	0.000322541961468641	0.00188976508193806	0.0074453436105678	0.0264505084171046	0.0774576250160237	0.172834937083642	0.27663762410629	0.288464162693473	0.148404451079068	
2.07250449733476e-06	6.21751349200428e-06	0.000101552720369403	0.000437298448937634	0.00212017210077346	0.008234060367911	0.0297694545997165	0.0830245301632305	0.178430202193539	0.27571563580293	0.282171487312127	0.139987316272476	
6.24143103530778e-06	1.45633390823848e-05	0.000108184804612001	0.000499314482824622	0.00249449193711134	0.00966797667369174	0.0332834712342846	0.0882683981783343	0.180437690753736	0.276310232410087	0.274941278536343	0.133968156218858	
1.45624301783482e-05	0.000145624301783482	0.000671952135372351	0.00265452298679604	0.0111673035996247	0.0351412243675225	0.0919617465762686	0.184017108775112	0.277141769418481	0.268227481802163	0.128856703606698	
1.66531013278767e-05	0.000162367737946798	0.000691103705106882	0.00288723144272062	0.0118195386674605	0.0382979697787844	0.0952723926967824	0.189426945966931	0.275690010845332	0.262311325566049	0.123424460491558	
8.34292770018855e-06	2.92002469506599e-05	0.00018980160517929	0.000757120688792111	0.00336428559510103	0.0132715122390749	0.0405257713036659	0.101001568470408	0.192775858904407	0.275587759256478	0.256626370325875	0.115862408436368	
4.17717051001163e-06	2.92401935700814e-05	0.00022974437805064	0.000858408539807391	0.00364458126998515	0.0144822501582103	0.0429559329397046	0.105605136248859	0.19931160229995	0.275561672789702	0.247917158354445	0.109400095657205	
5.61370242387196e-05	0.000234943842184271	0.00110610729240736	0.00399612446617848	0.0154272859204185	0.0465604637334032	0.11044231816802	0.203902146929305	0.272630497789865	0.241033669739649	0.104610305094331	
4.15479952053613e-06	7.27089916093824e-05	0.000353157959245571	0.00136277424273585	0.00492966963111612	0.0171551672202937	0.0499095292404403	0.114828271748817	0.204711127176336	0.272887232508813	0.234588290528511	0.0991979159525605	
1.65631469979296e-05	9.93788819875776e-05	0.000383022774327122	0.00140579710144928	0.00566045548654244	0.0191987577639752	0.0532298136645963	0.1185983436853	0.209289855072464	0.270182194616977	0.228051759834369	0.0938840579710145	
1.44177098909609e-05	1.23580370493951e-05	0.000119461024810819	0.000364562092957155	0.00170128976713339	0.00635203104338907	0.0210910498976343	0.0571868164460757	0.123615384932257	0.211740547131494	0.267629769687383	0.220834002727007	0.0893383095029186	
4.11004227178477e-06	2.87702959024934e-05	8.42558665715877e-05	0.000421279332857938	0.00189678450842867	0.00678567979071665	0.0229073206017924	0.0606827191217662	0.127333219622164	0.214513381270126	0.265204587629184	0.214907945328218	0.0852299465900007	
2.04629538683168e-06	8.18518154732672e-06	2.25092492551485e-05	6.75277477654454e-05	0.000546360868284059	0.00223864715319386	0.00768383917755296	0.0242588318108896	0.0639897030416135	0.133129931571882	0.21734521821694	0.263382771829879	0.20746979668009	0.0798546311757195	
1.02304092777536e-05	4.09216371110143e-06	2.04608185555071e-05	0.000108442338344188	0.000669068766765083	0.00223227530440583	0.00849123970053546	0.0269898657565695	0.0672813096560741	0.13776269133423	0.221737982849742	0.258913244083243	0.199740556820716	0.0760385399978312	
4.10230323815306e-06	4.10230323815306e-06	2.66649710479949e-05	0.000149734068192587	0.000685084640771561	0.00256188837222659	0.00972245867442276	0.0293991561562239	0.0714682758634835	0.141098719876275	0.222666866312091	0.256787773495429	0.193628712840824	0.0717964601225358	
4.09828507261137e-05	0.000141390835005092	0.000768428451114631	0.00309420522982158	0.0108338165894481	0.0322084223856527	0.0740662569747689	0.144306764834255	0.224411844863517	0.254675630982216	0.187109254132608	0.0683430018708671	
4.10113396354092e-06	3.48596386900978e-05	0.00017839932741403	0.000912502306887854	0.00366026206246027	0.0119219964320135	0.0340701704021162	0.0772407570693297	0.14931613591158	0.225322451657883	0.251321590419751	0.181518239793303	0.064498533844608	
2.05668216033894e-06	6.37571469705072e-05	0.000189214758751183	0.000976924026160997	0.00403109703426432	0.0128666035950804	0.0357636460861338	0.0820492781045617	0.152336390934145	0.22809633499239	0.247015754185348	0.175504915470363	0.0611040269836699	
8.24149220457856e-06	8.44752950969303e-05	0.000249305139188501	0.0011908956235616	0.00440713795639839	0.0139054577221752	0.0377893021310438	0.0846730909098401	0.156598653752248	0.227805146399807	0.244632213108505	0.170788442955482	0.0578676375144484	
3.07295817294199e-05	0.000110626494225912	0.000307295817294199	0.00133161520827486	0.00494951129721856	0.0152992344236872	0.0400385963546522	0.0876714966740349	0.158800235183732	0.228925140690268	0.241571387891316	0.16582706620586	0.0551370641777071	
2.03903944929623e-06	1.8351355043666e-05	0.000134576603653551	0.00030789495684373	0.00150888919247921	0.00537694702779415	0.0163673696595008	0.0420409153655896	0.0911899222514258	0.162776519237318	0.229920049263193	0.238231174058525	0.160156353544972	0.0519689984442129	
2.04116207439219e-06	0.000104099265794002	0.000442932170143106	0.00171661730456383	0.00574383007733963	0.0173743715772263	0.0441932000726654	0.0944608984787219	0.167879457132535	0.230190011777505	0.232329149631468	0.155128317653807	0.0504350736961567	
8.19000819000819e-06	0.000153562653562654	0.000448402948402948	0.00173832923832924	0.0059971334971335	0.0189434889434889	0.0453071253071253	0.0983353808353808	0.171310401310401	0.230186322686323	0.22950040950041	0.149911957411957	0.0481592956592957	
4.09748742071362e-06	2.86824119449953e-05	0.000133168341173193	0.000426138691754216	0.0020016226050186	0.00685099896743317	0.0197498893678396	0.0484077163883107	0.10197621818301	0.174241555078426	0.230975365905627	0.225724435775982	0.144596233589563	0.044883877206497	
2.0474727020702e-06	4.70918721476146e-05	0.000192462433994599	0.000581482247387937	0.00231159668063726	0.00747327536255623	0.021729827787071	0.0519525723423292	0.105764249898138	0.176973303003438	0.229738722008489	0.221333846566491	0.138984494489227	0.0429150278353914	
1.23046887016298e-05	5.74218806076055e-05	0.000190722674875261	0.000742382884998329	0.00245068383307459	0.0083405281582547	0.0225483420457365	0.0551988335155111	0.109868565416852	0.17999503710889	0.228496018407814	0.216950118842785	0.134324134211341	0.0408249063305573	
1.23839776097685e-05	5.77918955122529e-05	0.000194015649219706	0.000910222354317983	0.00300105057410056	0.00920542335659457	0.0239072687756581	0.0584668222919853	0.112522884558625	0.18152021581145	0.229578304922425	0.211165394212967	0.130033828898837	0.039424392720698	
2.68469681512352e-05	5.16287849062215e-05	0.000214775745209881	0.00113996357072937	0.00336826192728189	0.00983631610033332	0.0266404530116103	0.0612565207155337	0.116168896341791	0.183856298505243	0.227420667209113	0.206079392680277	0.125759459425971	0.0381805190138489	
1.44489281991475e-05	5.57315801967118e-05	0.000348838409379419	0.00127769807932462	0.00351728195019248	0.0109460951771542	0.0276882746947664	0.0633358446946632	0.119752716914535	0.185158886606876	0.225021415375724	0.204150970658355	0.122531039393971	0.0362007575366642	
6.20837799916394e-06	2.48335119966558e-05	9.9334047986623e-05	0.000370433220616782	0.0012913426238261	0.00392576435480466	0.0112226779631553	0.0292931968593885	0.0661647537964231	0.121330331237661	0.186969442363488	0.225862861068917	0.200226398851036	0.118495171951376	0.0347172497713247	
1.23837986889685e-05	2.68315638260984e-05	0.000150669550715784	0.000408665356735961	0.00146541617819461	0.00410935719828939	0.0124519095817578	0.0321648531281475	0.0683895282598286	0.1250557270941	0.188815778610703	0.223591549295775	0.19595916648779	0.11427975826825	0.0331184056271981	
4.11065893862786e-06	6.16598840794179e-06	2.46639536317672e-05	0.000100711143996383	0.000501500390512599	0.00142845398117318	0.00458544004603938	0.0137624861265261	0.0340506433181239	0.0719550293912114	0.128548526328771	0.191610145106261	0.220068236938381	0.191400501500391	0.110408188432606	0.0315451966950302	
3.0870740095123e-05	0.000104960516323418	0.000452770854728471	0.00163203312636217	0.00507926577031758	0.0144783771046127	0.0354828286653344	0.0750138403818093	0.131826292403534	0.19128951197476	0.219338666425189	0.188554364402332	0.107535136047352	0.02918108158725	
4.12274228325713e-06	2.88591959827999e-05	9.68844436565426e-05	0.000478238104857827	0.00183874305833268	0.0056069295052297	0.0150603775607383	0.0375396298601978	0.0775797029151911	0.134644640228895	0.191752866336572	0.220476011824025	0.185785196881558	0.102573828007437	0.0265339693350429	
2.45592635495504e-05	2.86524741411421e-05	0.000108470080677181	0.000538257192794312	0.00209163061230337	0.00599450691138608	0.0165938757383129	0.039671397053707	0.0808081634992039	0.137705837327625	0.193909711960771	0.218866016937705	0.180662035881084	0.0977438223219146	0.0252530627448252	
6.12750104167518e-06	1.83825031250255e-05	5.51475093750766e-05	0.000167485028472455	0.000571900097223016	0.00215483786632244	0.00670348613959264	0.0174817604718993	0.0416608795823495	0.0837711092410886	0.140877376449154	0.197842711133261	0.215996454219397	0.175397674817605	0.0927295157640177	0.0245651516760758	
1.02010421384649e-05	1.83618758492368e-05	4.48845854092454e-05	0.00017137750792621	0.000728354408686391	0.00255842136832699	0.00717949345705157	0.0193146531849694	0.0433972734654572	0.0861090368992096	0.145215915257903	0.199856777368376	0.212885548387623	0.170375765588212	0.0890612184940814	0.0230727171087798	
2.44889962776726e-05	2.04074968980605e-05	5.91817410043754e-05	0.000285704956572847	0.000791810879644746	0.00283256056945079	0.00808340952132175	0.0203197446613988	0.0462556324691439	0.0886624110233135	0.148186997975576	0.199203699471038	0.211317589629726	0.166614967674525	0.0860155586756351	0.0213258342584732	
7.77050031797705e-05	0.000349672514308967	0.000977447145261324	0.00297732854288805	0.00876635127978095	0.0213811450854653	0.0478826409067765	0.0925221203650499	0.151397974353259	0.198162072187948	0.209077580266201	0.162493430859929	0.0830359753716037	0.0208985561183488	
1.23271375770189e-05	7.39628254621136e-05	0.000271197026694416	0.00102931598768108	0.00314342008213983	0.00923097152225767	0.0223901908857254	0.0504303198275844	0.0961414004861001	0.152414783525192	0.199841390829842	0.208032773749771	0.157824342398573	0.0792943124641743	0.019869291251225	
2.26623292341987e-05	7.00471994511596e-05	0.000282249009553202	0.00110839392072717	0.00328191731546168	0.00990961851059052	0.024261053551084	0.052415907306953	0.0988201167315977	0.155294641183221	0.201095208565536	0.205831635375484	0.15330241642236	0.0757230828184521	0.0185810497602944	
2.05353145804841e-06	1.43747202063388e-05	5.95524122834038e-05	0.000336779159119939	0.00119104824566808	0.00357725179992032	0.0106845241762259	0.0259402093780675	0.0544473330786954	0.100904375254125	0.158004870976619	0.200194674782223	0.203209258962638	0.150657335419721	0.0732535741715027	0.017522783931527	
2.05876963808889e-06	4.32341623998666e-05	0.000119408639009155	0.000440576702551021	0.00128467225416746	0.00390136846417844	0.011883218351049	0.026959588410774	0.0566614579794823	0.103463468162157	0.160530503760343	0.199614186569822	0.200256522696906	0.146917918913299	0.0706302099739154	0.0172916061903085	
1.23383420147279e-05	1.43947323505158e-05	0.00018301873988513	0.000497646461260691	0.00144769879639474	0.00433692721817685	0.0119764173156292	0.0283966941468962	0.0592960153324463	0.106615613349264	0.161599378147562	0.200496001348992	0.197499840629749	0.14381982730434	0.067737497660856	0.016070690474183	
8.24229036764736e-06	2.88480162867658e-05	0.000183390960680154	0.000525446010937519	0.00158664089577212	0.00450235111332737	0.0127405203357909	0.0300926021322805	0.0617883297410684	0.110609476161236	0.16351261688598	0.200835768243279	0.194872471162287	0.13780697380188	0.0653696049058112	0.0155367173430153	
6.17052873203862e-06	1.23410574640772e-05	6.17052873203862e-05	0.000185115861961159	0.000553290742972796	0.0016886680296679	0.00504543565989691	0.0143423656161684	0.0317823366558202	0.0648892801461181	0.113009120041466	0.165978995520196	0.200334442657276	0.190364925069213	0.133865507155756	0.0633034542619842	0.0145768457079859	
2.05714332734705e-06	3.29142932375527e-05	1.64571466187764e-05	6.78857298024525e-05	0.000201600046080011	0.000588342991621255	0.00192342901106949	0.00593280135606888	0.0150788605894538	0.033846179164841	0.0683321299044868	0.11596322650588	0.167842324078246	0.199960502848115	0.185916385352317	0.130268601204252	0.0602763566345958	0.0137499459999877	
6.19074936957536e-06	1.23814987391507e-05	2.26994143551096e-05	0.000109369905529165	0.000218739811058329	0.000707809011254782	0.00235661192668502	0.00637234468441623	0.0159700697903812	0.0357391961105585	0.0715650627122911	0.119419555339109	0.169824636706191	0.197063933932323	0.18272203122614	0.126798928587642	0.0578154083624643	0.0132750302314928	
1.03712062127674e-05	1.45196886978743e-05	5.60045135489438e-05	0.000194978676800027	0.000912666146723529	0.00248701524982162	0.00693418847385626	0.016639563247764	0.0375230240777923	0.0739591457444867	0.120874334168561	0.170245424223819	0.196853790883295	0.179681147636195	0.124195194397889	0.0565292965833098	0.0128893350812273	
4.14124117139148e-06	2.89886881997403e-05	7.86835822564381e-05	0.000258827573211967	0.000962838572348519	0.00261105255856233	0.00721197149997826	0.0181179301248377	0.0393210849223621	0.0752960469782398	0.123048698925555	0.171211333748838	0.194847467734555	0.17684342174193	0.12218525014132	0.0558156485080143	0.0121566134586197	
2.07226828414114e-06	2.07226828414114e-05	9.53243410704923e-05	0.000312912510905312	0.000940809801000077	0.00284315208584164	0.00754512882255788	0.0189156648976403	0.0413438245368998	0.0763465081243278	0.123565213246768	0.17076526795465	0.195466705901613	0.177002795489915	0.119830985798745	0.0532883789266894	0.0117145326102499	
1.44389438943894e-05	2.06270627062706e-05	7.63201320132013e-05	0.000342409240924092	0.00104991749174917	0.0029042904290429	0.00792285478547855	0.0205672442244224	0.042516501650165	0.0785705445544554	0.125645627062706	0.172836221122112	0.194667904290429	0.174018151815182	0.116716171617162	0.0511922442244224	0.0109385313531353	
1.23430377038658e-05	3.70291131115975e-05	0.000131659068841236	0.000374405477017264	0.00114790250645952	0.00325239043496865	0.00894664516235209	0.0218348336981387	0.0434598357553116	0.081114329443905	0.130278705791353	0.173039102743446	0.193795977815447	0.171572338429636	0.112052153448645	0.0486809407040469	0.0102694073696164	
8.24032071328216e-06	2.6781042318167e-05	0.00011536448998595	0.000442917238338916	0.00106506145219172	0.00360720039223927	0.00959997363097372	0.0222344453646136	0.0455133513796357	0.0836433754001706	0.132065559991595	0.173530853820831	0.192450630178527	0.169610521241487	0.109546823562373	0.0470460510323062	0.00949284946170105	
2.0620937675278e-06	5.36144379557227e-05	0.000127849813586723	0.000459846910158699	0.00121457322907387	0.00395097165858326	0.0100362103665578	0.0231078227589165	0.0477230360618958	0.085273763568577	0.133068972912336	0.174203619386981	0.192075786070144	0.167788445676202	0.106872133689663	0.0451206737272757	0.00892061763832525	
1.02784007630685e-05	3.49465625944328e-05	0.000127452169462049	0.000411136030522739	0.00150475787171322	0.00429020447850478	0.0110883387431983	0.0242878610031308	0.0495501143986005	0.0867784819624345	0.134050902751939	0.176706265918673	0.192861856238064	0.164189229469408	0.102960796123809	0.0426697529278025	0.00847762494937888	
1.02616726526424e-05	4.10466906105695e-05	0.000137506413545408	0.000562339661364802	0.00172396100564392	0.00428937916880451	0.0114766546947152	0.0253258081067214	0.0516244227809133	0.0897403796818882	0.136242175474602	0.179579271421242	0.191343252950231	0.159238583889174	0.0997927142124166	0.0405295023088764	0.00834273986659826	
4.50121430485906e-05	0.000159588507172276	0.000550375749094131	0.00164498922777577	0.00469353891606668	0.011844331641286	0.0269909177771367	0.0528769920430807	0.0930339616619302	0.139942752738068	0.179993330018803	0.188721593757225	0.156376276963808	0.0946830429027103	0.0403329261780394	0.00811036977475514	
6.11940176728323e-06	5.50746159055491e-05	0.000187661654196686	0.000695572000881194	0.0018623379378432	0.0049628348332667	0.0123571119687339	0.0287713873091767	0.0548114816295559	0.0960888863504704	0.142108827441029	0.179467775230293	0.187580062173122	0.152593402468975	0.0926375437537226	0.0382442212449311	0.00756969998612936	
3.63679711319127e-05	5.85928423791927e-05	0.000262657569286036	0.000725338979797592	0.00211742409701358	0.00536225529911646	0.0130257949937467	0.0296297942583055	0.056780505151119	0.0974136311196688	0.143427196372901	0.180383116371446	0.185365528416518	0.150165373246508	0.0912634031126942	0.0368831840562815	0.00709983614208562	
2.00961399334416e-06	1.80865259400974e-05	5.0240349833604e-05	0.000253211363161364	0.000727480265590585	0.00221861384865195	0.00591429398241186	0.0138060481342744	0.0306747479944052	0.0595066799569139	0.0986258259513513	0.145795485603125	0.180386971270558	0.183757093937397	0.14785333033231	0.0881336312921014	0.0353249947750036	0.00695125480297744	
2.00419277127751e-06	1.20251566276651e-05	6.61383614521579e-05	0.00037879243377145	0.000751572289229067	0.00246716130144262	0.00643746718134337	0.0149592948448154	0.032000945978988	0.0610998208251662	0.101716791527876	0.147630843725073	0.180617852547529	0.181573852499429	0.14448826945971	0.0856471738877732	0.0334940695935898	0.00665592419341262	
1.39212890318141e-05	6.16514228551768e-05	0.000324167158883672	0.00100829907701854	0.00255753967070185	0.0066285223347195	0.0161825041216959	0.0333971723873221	0.0632503823382595	0.102860427144923	0.149226274643168	0.180656567765852	0.180598893854149	0.141859923989762	0.0828774111175414	0.0320686836625718	0.00642765802154618	
2.37228694392111e-05	9.29145719702436e-05	0.000284674433270534	0.00100822195116647	0.00283685980377233	0.00717023728800157	0.0163371494204701	0.0343685071000571	0.0657024638176818	0.105837605097254	0.150588821388539	0.181060847183206	0.179856911559166	0.137260522575276	0.0799342085754219	0.0312351114282947	0.00640122093701381	
