# <P(N_2)> as a function of N_tot.
# number_of_species: 2
# species_total_upper_bound: 100
# species_total_lower_bound: 0
# volume: 512
# Bin widths for each species index 
1	1	1	1	1	1	1	1	1	1	1	1	1	1	1	1	1	1	1	1	1	1	1	1	1	1	1	1	1	1	1	1	1	1	1	1	1	1	1	1	1	1	1	1	1	1	1	1	1	1	1	1	1	1	1	1	1	1	1	1	1	1	1	1	1	1	1	1	1	1	1	1	1	1	1	1	1	1	1	1	1	1	1	1	1	1	1	1	1	1	1	1	1	1	1	1	1	1	1	1	1	
# Bin lower bound for each species index 
0	0	0	0	0	1	1	2	3	4	5	5	6	7	8	9	8	9	10	12	13	14	15	15	16	17	17	18	18	20	20	21	22	23	23	24	25	26	27	28	30	30	31	32	34	34	35	35	36	36	37	38	39	41	41	42	43	44	46	47	47	48	49	50	51	52	52	53	53	55	56	57	57	58	59	61	61	62	63	64	65	66	66	66	67	69	70	71	72	73	74	75	76	77	78	79	79	80	81	82	83	
# Bin upper bound for each species index 
0	1	2	3	4	5	6	7	8	9	10	11	12	13	14	15	16	17	18	19	20	21	22	23	24	25	26	27	28	29	30	31	32	33	34	35	36	37	38	39	40	41	42	43	44	45	46	47	48	49	50	51	52	53	54	55	56	57	58	59	60	61	62	63	64	65	66	67	68	69	70	71	72	73	74	75	76	77	78	79	80	81	82	83	84	85	86	87	88	89	90	91	92	93	94	95	96	97	98	99	100	
# Normalized histogram for each species index 
1	
0.0501314052772359	0.949868594722764	
0.00242116839841762	0.0957246738750654	0.901854157726517	
0.000105822967581722	0.00720771990306616	0.135747351192331	0.856939105937021	
2.12150820375436e-05	0.000399550711707072	0.013472755709509	0.171186854192277	0.814919624304469	
2.47801352995387e-05	0.00114224623666445	0.0214336370276582	0.202821867407396	0.774577469192982	
1.18461095599289e-06	6.87074354475875e-05	0.00221877632057468	0.0309491458362702	0.23223587025667	0.734526315540082	
8.34604117459799e-06	0.000189574363823011	0.00347195312863276	0.0413272113134165	0.258517433091576	0.696485482061377	
9.55329964999098e-06	0.000378549498630893	0.00532118790504498	0.0515734881604763	0.28130168484381	0.661415536292388	
1.07444597387186e-05	0.00069838988301671	0.00802014228052352	0.0626831781156844	0.301031109986259	0.627556435274778	
2.74480039334183e-05	0.000994095098979889	0.0105650947314153	0.0748363860287273	0.3179827387857	0.595594237351244	
8.33807809682176e-06	8.9336551037376e-05	0.0014401052027225	0.0135505680613492	0.0880310462382165	0.329836502200061	0.567044103668516	
2.61690113704354e-05	0.0001879410816604	0.00199241336570361	0.0179269622892651	0.100072678481579	0.341400922338701	0.538392913431721	
2.25505369401532e-05	0.000301465072778891	0.00280576154350117	0.022006950312859	0.111924249185807	0.350700016141437	0.512239007206677	
2.84161545838809e-05	0.000336257829242591	0.00381013272712204	0.0260493257083319	0.122288921251732	0.360686250133201	0.486800696195787	
3.18033937754869e-05	0.000502964783041959	0.00483176004692767	0.0303416155652877	0.134756868944104	0.367351578272864	0.462183408994	
1.1765550233605e-06	2.353110046721e-06	5.4121531074583e-05	0.00075181865992736	0.00620868085827336	0.0361567124228915	0.146331677920415	0.37229612948694	0.438197329455408	
5.85847105622375e-06	2.3433884224895e-06	0.000120684503758209	0.00105569648433152	0.00761249729045714	0.0416232651602585	0.158609901987779	0.374788655656647	0.41618109705729	
3.50814415665969e-06	3.50814415665969e-06	0.000185931640302963	0.00135531302585619	0.00947783612990892	0.0480253241232855	0.168947545059188	0.37729271837905	0.394708315354095	
2.33509009945149e-06	0.000212493199050085	0.00174781493943944	0.0115493556318871	0.0537070722873842	0.180414898808871	0.376380330135038	0.375985699908231	
1.40593915563981e-05	0.000319851157908056	0.0024545354425545	0.0134852997345118	0.0608642776636103	0.189805300859263	0.37705882215104	0.355997853599556	
3.41067730170734e-05	0.000435155379873005	0.00293200638384703	0.0160337116048883	0.0664305850722887	0.198195634097835	0.377673706383024	0.338265094305227	
3.90165004327285e-05	0.000597070688440239	0.00375504258710138	0.0183992357495188	0.0726309890328164	0.208456885584704	0.376175815444859	0.319945944412128	
4.73501102665693e-06	6.86576598865255e-05	0.000673555318541948	0.00441303027684426	0.0213300409223328	0.0801625529285451	0.216694228376684	0.370286148553868	0.30636705095227	
2.00836661905656e-05	0.00011459503649911	0.00084587676426147	0.00526664611044362	0.0242681571109764	0.0868464981765213	0.224297928192624	0.368415953991865	0.289924260950619	
2.24131137949176e-05	0.00015571215899627	0.00108998511297389	0.00618837868253358	0.0275362797534086	0.0950646323423591	0.232179805076688	0.363324832078592	0.274437961680653	
2.36852327310968e-06	1.65796629117678e-05	0.000191850385121884	0.00132282024803176	0.00727373497171983	0.030891464789533	0.101222394861252	0.239346382317553	0.35798452880598	0.261747875434624	
9.52108921260592e-06	2.61829953346663e-05	0.000230886413405694	0.00154836713320004	0.00797986289631534	0.0337320289441112	0.108282157478816	0.244268304294011	0.353825097591164	0.250097591164429	
1.19453476454525e-06	1.55289519390883e-05	5.13649948754459e-05	0.000305800899723585	0.00193634085332785	0.0093735142973866	0.0372826245362219	0.114504518925014	0.248846676684832	0.350558922816331	0.237123512505584	
1.43898177649495e-05	4.31694532948486e-05	0.000329766657113427	0.00230356999387234	0.0114411042746153	0.0412652007439536	0.120722176987564	0.255456439023747	0.345164961273403	0.223259221774672	
2.40793849161917e-06	7.22381547485751e-06	4.09349543575259e-05	0.000487607544552882	0.00295454052921672	0.0125200761871739	0.0455305049687811	0.127855514058749	0.260650913933055	0.337194462704645	0.212755813365503	
1.20339115627839e-06	7.22034693767036e-06	7.58136428455387e-05	0.000637797312827548	0.00346335974776921	0.0140748629638321	0.0494521561761043	0.135121572591563	0.26292773034411	0.331791789262141	0.202446494220714	
4.81959067216421e-06	1.44587720164926e-05	0.000107235892455654	0.000851862651305025	0.00381470601701797	0.0160914083566883	0.0538372376034103	0.141669458012931	0.266324556055454	0.325775411894268	0.191508845153781	
1.20266173094292e-06	2.64585580807443e-05	0.000217681773300669	0.000962129384754338	0.00432717690793264	0.0178390814550764	0.0586117194575033	0.146734352468884	0.269497251316614	0.318441975780798	0.183340970235325	
6.01582643618832e-06	1.20316528723766e-06	3.12822974681793e-05	0.000223788743426206	0.00109006775023732	0.00505088787582372	0.0196813777686337	0.0628918558944872	0.153849948444367	0.271364305214157	0.311522353006289	0.174286914013386	
8.41523156914014e-06	2.40435187689718e-06	3.36609262765606e-05	0.000254861298951102	0.00136446969013915	0.00589787515402879	0.0221380699065308	0.067289393802783	0.158789408829982	0.273836443963574	0.304121660204971	0.166263336639317	
1.43534488945452e-05	1.43534488945452e-05	3.5883622236363e-05	0.000288265098632116	0.00157768325765876	0.0066623925285514	0.0243027812199475	0.0715005095474358	0.16438406958552	0.274979785559473	0.298042189570784	0.158197733111971	
5.99360841598519e-06	4.79488673278816e-06	6.59296925758371e-05	0.000330847184562383	0.00183644161865786	0.00759629930641963	0.0266487817391534	0.0770790029512528	0.171447168739256	0.276265790161372	0.289691473013179	0.149027477098422	
1.1999832002352e-06	4.79993280094079e-06	0.000104398538420462	0.000425994036083495	0.00211797034841512	0.00833388332563344	0.0294967870449814	0.0815076588927755	0.177557914189201	0.276725725839838	0.283106036515489	0.140617631353161	
3.6113816303462e-06	9.63035101425653e-06	0.000102322479526476	0.000511612397632378	0.00242444086783908	0.00954127026737466	0.0324049273690964	0.0867164957078729	0.180428237633726	0.277232526029033	0.275990210748194	0.13463471476706	
1.68692584273995e-05	0.000120494703052854	0.00065067139648541	0.00263401420873538	0.0109144102025275	0.0347783861421452	0.0911168895015375	0.184315927471828	0.277353502540028	0.269505682530196	0.128593152045036	
4.83480089685557e-06	1.81305033632084e-05	0.00015833972937202	0.000721594033855693	0.00305559416681272	0.0117763662845159	0.0377416645010788	0.0952008557597587	0.189939988033868	0.276464793584219	0.263165465017194	0.121752373585065	
9.68497207096179e-06	3.14761592306258e-05	0.000211858764052289	0.000822012004522882	0.00348053683800189	0.0132272506059161	0.0402773776001123	0.101036049887291	0.193326569994504	0.276055601424659	0.256537961458654	0.114983620290985	
2.42402205860073e-06	4.48444080841136e-05	0.000209677908068963	0.000917492349180378	0.00380207859891525	0.0144774717449929	0.0431791049298549	0.105973396357907	0.198903130018483	0.275875526467291	0.247360542980941	0.109254310214223	
5.56150663632825e-05	0.000224878311816751	0.00111592839681108	0.00438996317315388	0.015630251694446	0.0466017985428853	0.11017828255839	0.204286228984155	0.273444773030078	0.24025708668938	0.103815193552521	
2.41302551171222e-06	5.91191250369495e-05	0.000287150035893755	0.00136456592687326	0.00507579916388666	0.017231415179137	0.0502886581768386	0.114382235306183	0.205153015980261	0.272873370453709	0.23469689383291	0.0985853637937587	
1.56606317016963e-05	6.26425268067852e-05	0.000340919905506158	0.00143595946064784	0.00572817721088968	0.0189879136063182	0.0531570026514654	0.118743728218169	0.209780184964107	0.270993980294107	0.227442968195666	0.0933108623346147	
8.40429963969567e-06	1.08055281081801e-05	7.5638696757261e-05	0.000357783041804187	0.001739690025417	0.00630322472977175	0.020836660035274	0.0569367288304697	0.124231156659747	0.213245896600701	0.268246034671338	0.219660778454257	0.0883471984267151	
2.40035813343351e-06	1.68025069340346e-05	7.8011639336589e-05	0.000423663210551014	0.00189748310447919	0.00683862032215206	0.0231334515109654	0.0604542197695896	0.128449164615361	0.215777794046872	0.26550001260188	0.212999379507423	0.0844289968063235	
1.1957402947739e-06	4.78296117909559e-06	1.91318447163824e-05	6.45699759177905e-05	0.000514168326752776	0.00215831123206688	0.00792297519317185	0.0249228149639723	0.0640247183433736	0.134213477906307	0.218116182910001	0.262222259423031	0.206214979756117	0.0796004314230984	
5.98504934673186e-06	2.39401973869275e-06	2.15461776482347e-05	0.000113715937587905	0.000605686993889265	0.00225396958397922	0.00863283517772604	0.0270847423137004	0.067409610792241	0.138379128935918	0.221786776631973	0.258471538097832	0.200074214611899	0.0751578556765201	
2.39580638051155e-06	1.31769350928135e-05	2.03643542343482e-05	0.000128175641357368	0.000620513852552492	0.00268330314617294	0.00965869342303232	0.0291509741348743	0.0713782594945807	0.14167361450517	0.222662651295173	0.256925078342869	0.193500896031586	0.0715819030369242	
1.19720619961258e-06	3.59161859883775e-06	3.83105983876027e-05	0.00013887591915506	0.000751845493356703	0.00308759478880085	0.0107545032911198	0.0314601845134195	0.0745093250390888	0.144913430019706	0.224594685841121	0.253887927133242	0.187742284604647	0.0681162439331576	
4.78981111379873e-06	2.87388666827924e-05	0.000158063766755358	0.000900484489394161	0.00355523729921711	0.0120164386317426	0.0335466395882678	0.0776404432491205	0.149159507894806	0.22517500772357	0.251972803452496	0.181178197737772	0.0646636474890613	
3.59402816280468e-06	8.38606571321093e-06	4.67223661164609e-05	0.000158137239163406	0.000924863247228405	0.00393066880072072	0.0131062227003611	0.0354359196758666	0.082075623144583	0.152770157106951	0.228793436825371	0.247623748379692	0.174894994477177	0.0602275259428933	
2.40444726566257e-06	1.32244599611441e-05	7.93467597668648e-05	0.000251264739261739	0.00112528132033008	0.00444942966510858	0.0139049185373266	0.0370934079673765	0.085309788985708	0.157374680208514	0.228795179564122	0.243409410044819	0.170357493219459	0.0578341700809818	
2.39760431376968e-06	2.63736474514665e-05	9.11089639232479e-05	0.000278122100397283	0.00132227877904398	0.00478322060597051	0.0151109011875334	0.0399812507342663	0.0884188518831983	0.160896032684142	0.228127255246558	0.240426965376196	0.165129003100102	0.0554062380869036	
1.19568024640579e-06	1.79352036960868e-05	0.000120763704886984	0.000333594788747214	0.00153405775613862	0.0052502319619678	0.0162636427116115	0.0421118582784118	0.0922814057373521	0.163620471958907	0.229705719177755	0.237184699119023	0.159264608821251	0.0523098151000067	
5.9832660016466e-06	8.49623772233816e-05	0.00042241857971625	0.00183805931570583	0.00584804419000938	0.0174687434184074	0.0440643607957265	0.0954809588542764	0.167941900093818	0.230178636389745	0.231497348216508	0.154492714775316	0.050675869727546	
8.42626297644498e-06	0.000131208952061786	0.000468259471119586	0.00178396024729878	0.00616320949134262	0.0185112960073959	0.0460182296180736	0.0991181313919223	0.17165742185243	0.229945494116061	0.228596088287976	0.149620336665318	0.047977937636024	
2.41125380375288e-06	2.29069111356523e-05	0.000135030213010161	0.000471400118633687	0.00205077136009182	0.00680576386109249	0.0196601578888991	0.0492715602258863	0.102824301580336	0.173934587506812	0.230502601742854	0.224602263685071	0.144368998992096	0.0453472446602785	
4.82417102651123e-06	3.37691971855786e-05	0.000177288285224288	0.000596991164530765	0.00227339059624342	0.00738339375607544	0.0215350994623461	0.0519273769293669	0.106196888892105	0.176916824055246	0.22914932980204	0.22127748872953	0.139477638761249	0.0430496961978296	
1.20798040172596e-05	4.95271964707645e-05	0.000179989079857168	0.000764651594292534	0.00252588702000899	0.00825171412419005	0.0228537812202535	0.0550730344950884	0.110109829578125	0.178735196200177	0.228802359910513	0.21709823779819	0.134710350459274	0.0408333615195427	
1.09409057368031e-05	6.80767468067751e-05	0.000206661552806282	0.000884997708488076	0.00299416120330513	0.00907365782438874	0.024341083952001	0.0583806730115816	0.112865167924668	0.180796035988286	0.229086762598149	0.212692423179646	0.129756710726099	0.0388426466780371	
2.06692458643271e-05	6.32235755850005e-05	0.000235872570451732	0.00106385824301683	0.00344568486938252	0.00995892899262959	0.0265928085614448	0.0608089213328502	0.115724675918383	0.183581810090969	0.228560520767729	0.207456004902259	0.124824007450655	0.03766301347878	
1.8236638622769e-05	6.32203472255994e-05	0.00032218061566892	0.00121942323590916	0.00364368039682926	0.0109492778291105	0.0279057044205612	0.0631401060156592	0.120048144725964	0.186665369839031	0.225290570442056	0.203499003063755	0.121549627972572	0.0356854544570345	
3.66147469554838e-06	3.05122891295698e-05	8.66549011279783e-05	0.000352722062337827	0.00127907516031157	0.0041142770662312	0.0115055739849782	0.0294956196557726	0.06650214440368	0.122944997327123	0.187498016701207	0.225230733930398	0.199329461934089	0.117312428753805	0.0343141203551142	
7.31957253696384e-06	2.56185038793734e-05	0.000119553018103743	0.000373298199385156	0.00145293514858732	0.00420387449372957	0.0125067096081589	0.0318291611769873	0.0689662323720295	0.126036939442737	0.189178012004099	0.22370687551847	0.195193480700727	0.113838871809886	0.0325611184306836	
2.43946765936737e-06	4.87893531873475e-06	2.317494276399e-05	9.63589725450112e-05	0.000417148969751821	0.00147099899859853	0.00456668345833572	0.0135597809845935	0.0336683129007588	0.0721289600183448	0.128978314352242	0.191412829892261	0.22195618472137	0.19130183411376	0.109380850910714	0.0310312483609827	
1.22014012089148e-06	3.294378326407e-05	0.000102491770154885	0.000423388621949345	0.00165451000392885	0.00507822318315035	0.0142805199749139	0.0351961619272357	0.0746908775003721	0.132996493317293	0.193056670628055	0.219493446627411	0.187607524848154	0.106401099102221	0.0289844285717772	
4.88762733796599e-06	3.05476708622874e-05	9.40868262558453e-05	0.000507091336313971	0.0017962030467025	0.00557311707211572	0.0150221226232385	0.0371752935325693	0.078028526636958	0.135860155206606	0.193161476210085	0.219982331227173	0.184636232225838	0.101556342735092	0.0265715860228521	
2.31128931016529e-05	3.04117014495433e-05	0.000137460890551936	0.000523081264932145	0.00202176991236564	0.0059473123354727	0.0162933731686073	0.0395376448205223	0.0811493676799035	0.138025331730839	0.1944402543878	0.219431374170977	0.179360916341059	0.0976848179920492	0.0253937707103687	
3.65041219237672e-06	2.19024731542603e-05	4.01545341161439e-05	0.000175219785234083	0.000575548322331397	0.00214644236911751	0.00671675843397317	0.0175158945030876	0.0416025309524534	0.0834143522039364	0.141092081647553	0.197492166823837	0.216421987649439	0.174961822772488	0.0934262160435616	0.0243932710735254	
6.08003268625572e-06	1.21600653725114e-05	4.256022880379e-05	0.000189697019811179	0.000732035935425189	0.0025511817151529	0.00721213477243654	0.0192870796873404	0.0434029213341051	0.0857248128565939	0.144056646448531	0.199601393057089	0.213590332261626	0.171067799660491	0.0894895690959235	0.0230335958286112	
1.4581546081331e-05	1.21512884011092e-05	5.46807978049913e-05	0.0002782645043854	0.000842084286196865	0.00288957638178376	0.00791534926448251	0.0202683490530501	0.0458796196160679	0.0884395072409528	0.146777842854678	0.199199716145903	0.212022970795593	0.167439893651924	0.0866155988519463	0.0213498137207488	
3.65034112437807e-06	6.57061402388053e-05	0.000305411874072965	0.00101357805220231	0.00298476225936647	0.00854666535254386	0.0213958661103547	0.0474726863225368	0.0917866107921119	0.150294278333644	0.199106639848827	0.20994571942748	0.163203101329819	0.0831012324768416	0.0207740913388356	
1.2172928624033e-06	1.2172928624033e-05	5.59954716705519e-05	0.000286063822664776	0.00103956810449242	0.00320513210670789	0.00901527093895885	0.0222082909816858	0.0499029208942233	0.0951533484683413	0.15228698896524	0.200211808958058	0.208051174991935	0.159066092915964	0.0796389509370112	0.0198650022215595	
1.21816775388139e-06	1.70543485543394e-05	8.16172395100529e-05	0.000299669267454821	0.00114264135314074	0.00327808942569481	0.00965763395277164	0.0237347805166249	0.0519122188316553	0.0982099024856713	0.154760904124107	0.20086002643424	0.20687655697066	0.154210292299353	0.0760453402037995	0.0189120543790085	
4.86134827063612e-06	1.21533706765903e-05	9.47962912774043e-05	0.000324494997064961	0.00117887695562926	0.00363628850643582	0.0104992969275064	0.0256436121276055	0.0539901338936847	0.100781826335625	0.157741028685601	0.200845388464264	0.20383754832484	0.150222953585062	0.0734804944477326	0.0177062457387244	
1.21909889086383e-06	4.2668461180234e-05	0.000120690790195519	0.000419370018457157	0.00132637959325985	0.00400839715316027	0.0118313547358335	0.0266677882376463	0.0562894530878556	0.10348930484543	0.160237139116251	0.200913592708813	0.200224801835475	0.146799012042259	0.0704090564418405	0.0172197718334516	
7.31985828754355e-06	2.68394803876597e-05	0.000159816905944701	0.000524589843940621	0.00146275168112745	0.00454807194932706	0.0119045295283083	0.0281960941236178	0.0591176154829643	0.106584456524922	0.162161700549477	0.200439679487805	0.197520276007457	0.143646119011136	0.0675549721357395	0.0161451674295586	
9.76557731651701e-06	3.9062309266068e-05	0.000168456208709918	0.00057006557585168	0.00164427908066855	0.00472653942119423	0.012532897788585	0.0298399421877823	0.0618356355681857	0.110370554831275	0.163746759049028	0.200980463962578	0.194476589469778	0.138215877852159	0.0651730216161054	0.0156700895015161	
3.65752407565223e-06	1.09725722269567e-05	5.36436864428993e-05	0.0001914104266258	0.000620559918168995	0.00172757053839974	0.00522660190410703	0.0139254133306999	0.0313023102141236	0.0653136265936137	0.112548111681278	0.16619301729887	0.200778564958237	0.190780113310096	0.133750778747834	0.0629996330284177	0.0145740142667822	
1.21988559912851e-06	1.95181695860562e-05	1.58585127886707e-05	7.68527927450964e-05	0.000215919751045747	0.000634340511546827	0.00191278061943351	0.00571028448952057	0.0147252390670803	0.0333028768562084	0.0677487865188003	0.115748845073309	0.168307616111761	0.20046136073359	0.186965766350432	0.130055663379888	0.0605429222847481	0.0135541488919169	
3.6606526211493e-06	8.5415227826817e-06	3.05054385095775e-05	9.63971856902649e-05	0.000222079592349724	0.000719928348826029	0.00218174896220498	0.00609132596159243	0.015610242994121	0.0353252977940907	0.0707457725563313	0.119275044354908	0.169917732933427	0.197683783064845	0.183408458059903	0.127040508781906	0.0582983334268833	0.0133406383690084	
1.3454867481787e-05	2.07938861082163e-05	7.09438467221496e-05	0.000222616898335021	0.000817077407075792	0.00241086761878202	0.00674822762700172	0.0167268466194034	0.0373250255642482	0.0736091336533145	0.121112154882649	0.170341068658966	0.197090568382529	0.180499493607715	0.123564610273648	0.056452954444265	0.0129741617617559	
2.44730044406267e-06	1.835475333047e-05	7.341901332188e-05	0.000282663201289238	0.000937316070076001	0.00253295595960486	0.00713143349399861	0.0179117919500946	0.0388251978948322	0.075216555498044	0.123331705878538	0.170959843470664	0.195867243740111	0.178136552022877	0.121463191989496	0.0550985221976268	0.0122108055656507	
1.22567044173163e-06	1.34823748590479e-05	9.43766240133353e-05	0.000307643280874638	0.000974408001176644	0.00285826347011815	0.00752071383046526	0.0187012795999412	0.0407682502328774	0.076333529440604	0.124463156346522	0.171141589449429	0.196320537333922	0.176943913320586	0.118776045496887	0.0530359856841692	0.0117455998431142	
8.57927247769389e-06	1.83841553093441e-05	8.94695558388077e-05	0.000333366016276105	0.00106015295617217	0.00301990391214825	0.00805348563584665	0.0200031865869203	0.0421119717619374	0.0781216295715266	0.125879988234141	0.17389082262967	0.195609863712129	0.174235219139131	0.115861849200902	0.0507672320815766	0.0109348955779978	
9.78984866117701e-06	3.05932770661781e-05	0.000127268032595301	0.000405054988356199	0.00120415138532477	0.00336770793944489	0.00879985021531548	0.0212133783176879	0.0434338873163944	0.0805423086665859	0.13016582779901	0.174258082437868	0.194702957635654	0.17132357530168	0.111565115342773	0.0485882426365041	0.0102622088590788	
6.12309127937094e-06	2.57169833733579e-05	0.000118787970819796	0.000492296538861423	0.00120135050901258	0.00349873435703255	0.00946752373616334	0.0216341061082734	0.0453280201229272	0.0832568967438625	0.132720452716877	0.174690569582197	0.194126485921176	0.168650752344225	0.108780390432792	0.0465207983041486	0.00948099453697796	
1.22576358942803e-06	6.74169974185419e-05	0.000129930940479372	0.000527078343454055	0.001311567040688	0.00391876619540143	0.00986617113130625	0.0229830673017756	0.0475142740169989	0.0857703556430478	0.133788418495302	0.175693598327078	0.192341919398689	0.16728731163078	0.10571720653381	0.0442120669070798	0.00886962533310126	
1.22593940671888e-05	5.14894550821931e-05	0.000123819880078607	0.0004609532169263	0.00154713553127923	0.00423684658962046	0.0107858149003127	0.024347156617437	0.0500318131276044	0.0874425800630378	0.135495726988198	0.177357879909428	0.19227633654979	0.163596710069008	0.101813041788597	0.0420717885597786	0.0083486473597556	
9.80990849807848e-06	5.76332124262111e-05	0.000154506058844736	0.000588594509884709	0.00179521325514836	0.00430777606921871	0.011341480462341	0.0259447555002931	0.0518478188894693	0.0902879453391899	0.137435591819517	0.179344747161871	0.19073405092814	0.159094643544712	0.0987919097684616	0.0400906435545222	0.00817288001746164	
9.82680260410269e-06	4.66773123694878e-05	0.00016459894361872	0.000565041149735905	0.00175039921385579	0.00469598329443557	0.0120230929861196	0.0273467632968923	0.0535388772878025	0.0933386561847439	0.139982803095443	0.179932440732097	0.188777791426115	0.156685910821766	0.0939466895958727	0.0391966588871146	0.00799778896941408	
1.22996388826024e-05	6.27281583012723e-05	0.000184494583239036	0.000644501077448366	0.00179697724074821	0.00498258371134223	0.0126649381574157	0.0288709423491326	0.055372974249476	0.0965706146867528	0.142686880713182	0.179552588336006	0.187309970579264	0.152563490735912	0.0917134872920131	0.0375729368585738	0.00743759163230968	
2.45013365479087e-06	2.94016038574904e-05	4.90026730958174e-05	0.000257264033753041	0.000638259817073021	0.00210466480946536	0.00545644764921926	0.0132944252108953	0.0295633126787066	0.0574262326009884	0.0981670550128509	0.144328798135938	0.180886017332245	0.185350160851274	0.148949750208874	0.0902947755800079	0.0362387018211843	0.00696327984691565	
8.56536289607156e-06	1.59071025212757e-05	4.77213075638273e-05	0.000252066393798677	0.000745186571958225	0.00219885101774866	0.00599208315743749	0.0140851274709542	0.030675011777374	0.0597568660560787	0.0996017106253327	0.147033019473964	0.180951856542408	0.182545014041077	0.146825003517917	0.0876493585155003	0.0348218710423435	0.00679478002312648	
6.11692626901752e-06	1.59040082994456e-05	9.05305087814593e-05	0.000344994641572588	0.00083067858733258	0.00250793977029718	0.00658915297698568	0.0153155599923661	0.0324343898488385	0.0612928246008094	0.102607768007008	0.148395407901111	0.179654124521045	0.181370534032131	0.1438725526178	0.0848478842775421	0.03329687645277	0.0065267603290417	
7.29942991452368e-06	2.67645763532535e-05	7.29942991452368e-05	0.000307792628062415	0.00100975447150911	0.00263144448418578	0.00683713268660384	0.016420067592721	0.0335566958887178	0.0636802265743045	0.104140966590509	0.149938806445883	0.180006374835459	0.180261854882467	0.141050533953298	0.0824361117396731	0.0314398612135059	0.00617531770768703	
3.62924591528372e-06	2.41949727685581e-05	7.13751696672465e-05	0.000301227410968549	0.000930296702951061	0.00287315301626628	0.00742301764539364	0.0169183347084143	0.0350089158474652	0.0654897425412948	0.10742446934376	0.151120590163776	0.180638456941417	0.178482684867738	0.137099603444396	0.0797587277315519	0.0305376848798357	0.00589389536642076	
