# <P(N_2)> as a function of N_tot.
# number_of_species: 2
# species_total_upper_bound: 100
# species_total_lower_bound: 0
# volume: 512
# Bin widths for each species index 
1	1	1	1	1	1	1	1	1	1	1	1	1	1	1	1	1	1	1	1	1	1	1	1	1	1	1	1	1	1	1	1	1	1	1	1	1	1	1	1	1	1	1	1	1	1	1	1	1	1	1	1	1	1	1	1	1	1	1	1	1	1	1	1	1	1	1	1	1	1	1	1	1	1	1	1	1	1	1	1	1	1	1	1	1	1	1	1	1	1	1	1	1	1	1	1	1	1	1	1	1	
# Bin lower bound for each species index 
0	0	0	0	0	1	1	2	3	4	5	5	6	7	8	9	8	9	10	12	13	14	15	15	16	17	17	18	18	20	20	21	22	23	23	24	25	26	27	28	30	30	31	32	34	34	35	35	36	36	37	38	41	41	41	42	43	44	46	47	47	48	49	50	51	52	52	53	53	55	56	57	57	58	59	62	62	63	63	64	65	66	66	66	67	69	70	71	72	73	74	75	76	77	78	79	79	80	81	82	84	
# Bin upper bound for each species index 
0	1	2	3	4	5	6	7	8	9	10	11	12	13	14	15	16	17	18	19	20	21	22	23	24	25	26	27	28	29	30	31	32	33	34	35	36	37	38	39	40	41	42	43	44	45	46	47	48	49	50	51	52	53	54	55	56	57	58	59	60	61	62	63	64	65	66	67	68	69	70	71	72	73	74	75	76	77	78	79	80	81	82	83	84	85	86	87	88	89	90	91	92	93	94	95	96	97	98	99	100	
# Normalized histogram for each species index 
1	
0.0497768773783776	0.950223122621622	
0.00235538602388603	0.0954274490318348	0.902217164944279	
0.0001100143293664	0.00712755336382564	0.135460643748848	0.85730178855796	
2.0679871453919e-05	0.000406704138593741	0.0133164585582269	0.170970147916227	0.815286009515498	
2.75922200976213e-05	0.0011216237469683	0.0213770725206321	0.202773845886414	0.774699865625888	
1.38583812024917e-06	7.34494203732062e-05	0.00222288434487967	0.0308889458622338	0.232021175606477	0.734792158927916	
9.76076368215049e-06	0.000182665720337388	0.00346088792272822	0.0413535669316482	0.258449683960416	0.696543434701188	
1.1158083543361e-05	0.000405875288889757	0.005308458245754	0.0514568970206522	0.281139072958524	0.661678538402637	
1.25428372734102e-05	0.000717729021756248	0.00798978734316227	0.0622361649020753	0.300629511066267	0.628414264829466	
3.06141050314282e-05	0.00101165701626583	0.0105173366285243	0.0744604611875768	0.317831463785601	0.596148467277001	
9.72118259575018e-06	9.1656864474216e-05	0.00140957147638378	0.013673537691108	0.0876420160621711	0.330161913239834	0.567011583483433	
3.04806662519449e-05	0.000174571088533866	0.00197293039739861	0.0179766656644993	0.100023691790587	0.341761699380273	0.538059961012457	
2.62878267991942e-05	0.000286398955128063	0.00276437252341	0.0220222810085671	0.112178458371151	0.350860857149182	0.511861344165763	
3.31637376637805e-05	0.000346837423067038	0.00375579329042314	0.0258884427137887	0.122357610110518	0.360629392467962	0.486988760256577	
3.43635998757412e-05	0.000530573982081444	0.00474217678285229	0.0303073205464087	0.134746547832756	0.367576431518844	0.462062585737182	
1.37494654895291e-06	2.74989309790582e-06	5.22479688602106e-05	0.000775469853609441	0.00625050701153993	0.0363687111663534	0.146097695452089	0.372781008138309	0.437670235569592	
6.85732780907005e-06	2.74293112362802e-06	0.000127546297248703	0.00104917115478772	0.00761437679919138	0.0415800929030772	0.158722452399859	0.375315265646022	0.415581494540881	
4.11035480582684e-06	2.74023653721789e-06	0.000204147622022733	0.00133723543016233	0.00945244593513312	0.0482857080223165	0.169038341389629	0.37715656615479	0.394518704854603	
2.73525594473689e-06	0.000213349963689477	0.00175603431652108	0.0116562932084963	0.0538120578287812	0.180644508358258	0.376620126286767	0.375294894781542	
1.23675470069849e-05	0.000302317815726298	0.00239243325990675	0.0136029275357937	0.0611314106836368	0.190137293513496	0.377320117464213	0.35510113218022	
2.34623856553734e-05	0.000419562661131384	0.00287483231294958	0.0160620731916021	0.0663681883173881	0.198661539905378	0.377611915579576	0.33797842564632	
3.32850699818596e-05	0.000615773794664403	0.00375427851837058	0.0183941617987252	0.0724713054959198	0.208230010928598	0.37606165504463	0.32043952934911	
5.55717639867184e-06	6.807541088373e-05	0.000716875755428667	0.0044443518248378	0.0213089929007072	0.0797927173203295	0.216367273788188	0.370449714500063	0.306846441323164	
2.3563689186623e-05	0.000126135042116629	0.000863539903721538	0.00534895744536343	0.0242359473781237	0.0865258666932798	0.22382732528564	0.368781438466198	0.29026722609637	
2.62724145178597e-05	0.000174227591013175	0.00110758968572661	0.00628602086306264	0.0276289007621766	0.0947590681312846	0.231329992588414	0.363639254859014	0.275048673104791	
2.77672493623945e-06	1.94370745536762e-05	0.0002040892828136	0.00134254650667178	0.00727779605788361	0.0308938416406002	0.100581307365402	0.239027424323833	0.358415489682384	0.262235291340922	
1.11461440611255e-05	3.0651896168095e-05	0.000215956541184306	0.00155767363254228	0.00790679594336087	0.0334523648634528	0.107459974893311	0.244231522131366	0.354510078204133	0.250623835750421	
1.39630286926277e-06	1.8151937300416e-05	5.30595090319851e-05	0.000308582934107071	0.00194225729114451	0.00933149207528306	0.0369922519153785	0.114192441254048	0.248729015313254	0.351157604893762	0.237273746573822	
1.40057984005378e-05	4.20173952016135e-05	0.000303925825291671	0.00229555035784815	0.0114119245367582	0.0412442751299038	0.120421854647824	0.255266880488522	0.345228924774857	0.223770641045393	
2.80992014206956e-06	5.61984028413913e-06	4.77686424151826e-05	0.000466446743583547	0.00299958975165926	0.0125420785541275	0.0453408714124345	0.127488886765838	0.260256208518554	0.337255045211615	0.213594674639347	
1.40406645727356e-06	8.42439874364133e-06	8.70521203509604e-05	0.000624809573486732	0.00345259941843567	0.0140153913765046	0.0491128406089717	0.13484794662301	0.263112225627863	0.331712104597335	0.203025201588842	
5.61759881356313e-06	1.68527964406894e-05	0.000123587173898389	0.000818765027076826	0.00378626160034155	0.0159834730242905	0.0536859874615194	0.141307889355774	0.266319124553401	0.325764555198526	0.192187886209918	
1.39912778373962e-06	3.07808112422716e-05	0.000225259573182078	0.000944411254024241	0.00437087519640256	0.0178011027925191	0.0585339099605306	0.146463494657431	0.269421642548036	0.318638760596644	0.183568363482205	
7.00308555949751e-06	1.4006171118995e-06	3.22141935736886e-05	0.000235303674799116	0.00110088504995301	0.00504502283706201	0.0195806272243551	0.0625921781136769	0.153637892855592	0.271719719708504	0.311340376569917	0.174707376069896	
9.81004941462034e-06	2.8028712613201e-06	3.64373263971612e-05	0.000264871334194749	0.00134117389854167	0.0058369794016991	0.0220487867771745	0.0675295772989851	0.158447713838056	0.273788669112639	0.304527758235536	0.166165419856101	
1.66996717122869e-05	1.66996717122869e-05	3.06160648058594e-05	0.000289460976346307	0.0015363697975304	0.00662281147323112	0.0244413611902413	0.0713354309976523	0.164164731128327	0.274797272943609	0.298315977271747	0.158432568813085	
6.9727713279643e-06	5.57821706237144e-06	6.27549419516787e-05	0.000319352926820765	0.00184778440191054	0.00761844995293379	0.0267740473451173	0.0768845657706655	0.171548303873374	0.276639124219921	0.288867970574905	0.149425095004009	
1.39654271884523e-06	5.58617087538091e-06	9.2171819443785e-05	0.000441307499155092	0.00207945210836054	0.00826055018196952	0.0293483452365324	0.0816879732534138	0.177493596851634	0.276318545807998	0.283021950858455	0.141249123669444	
4.19696056116161e-06	1.11918948297643e-05	9.23331323455553e-05	0.000506433241046834	0.00238807055930095	0.00938999976217223	0.0324299142560957	0.086853300839532	0.179937689125535	0.276693018915701	0.276469181019106	0.135224670293773	
1.82053450893182e-05	0.000133039060268095	0.000655392423215456	0.00248853063259373	0.0108209770388586	0.0348240243335443	0.0910435303805197	0.184012626107025	0.277467664506299	0.269787809700928	0.128748200471658	
5.62844390411383e-06	2.11066646404269e-05	0.000160410651267244	0.000692298600206001	0.00285080683743365	0.011770483314478	0.0377992221490525	0.0950081331014414	0.190026115979715	0.276431172573719	0.262866622764804	0.122367998919339	
1.12819861936694e-05	3.24357103067995e-05	0.000196024510115006	0.00077704679908898	0.00338882660292344	0.0131618471431896	0.0401145121598657	0.100927238240292	0.1933619613733	0.276049048434977	0.256783646761012	0.115196130278736	
2.82020223670239e-06	3.24323257220775e-05	0.000198824257687519	0.000902464715744766	0.00365357199764795	0.0143548293848152	0.0428642537956397	0.105986020257513	0.199269849640918	0.275800267637192	0.247524920012014	0.109409745772869	
5.48321924019453e-05	0.000231982352469768	0.00109945575534157	0.00423192049050911	0.015413469879552	0.046435837196191	0.110496709365479	0.204490334771624	0.273134615844254	0.240283102827232	0.104127739324945	
2.8068245131212e-06	6.59603760583483e-05	0.000293313161621166	0.00132762799470633	0.0049049258366793	0.0171819762570714	0.0503446078795985	0.114731758798342	0.205091860349253	0.272744751589014	0.234430193572653	0.0988802173604903	
1.81815893226519e-05	7.27263572906075e-05	0.000351044532306586	0.0014083738806085	0.00566426436590309	0.0189913693394069	0.0532594694612236	0.11881668622353	0.209456104748332	0.271069315211417	0.227545387540576	0.0933470767500829	
9.74325140650793e-06	1.25270375226531e-05	8.62973696004989e-05	0.000352148943692358	0.00168001492109358	0.00623011332793279	0.0208728282988561	0.056895020641774	0.123814455087787	0.212930408130882	0.268203873360002	0.22008891412855	0.0888236555009006	
2.78318566214074e-06	1.94822996349852e-05	7.37544200467297e-05	0.000400778735348267	0.00188282510043821	0.00672974293105632	0.022979372419465	0.0603352903767181	0.127778836934544	0.215383780428917	0.265634197558868	0.214134130066616	0.0846450255426864	
1.38661061062171e-06	5.54644244248686e-06	2.21857697699474e-05	6.10108668673554e-05	0.000529685253257495	0.0021714322162336	0.00776363280887098	0.024738519904102	0.0639366152557673	0.133598545722792	0.217853166255999	0.262972088915019	0.206783853751406	0.0795623302268634	
6.93902814747378e-06	2.77561125898951e-06	2.22048900719161e-05	9.71463940646329e-05	0.000600919837571229	0.00218856947771323	0.00852390217635679	0.0269539609360471	0.067225304692726	0.1379159600423	0.221960081158873	0.259365606290645	0.200059120519816	0.0750775089444073	
2.77492192063446e-06	2.77492192063446e-06	2.35868363253929e-05	0.000135971174111088	0.000610482822539581	0.00263895074652337	0.00958041793099047	0.029294850716138	0.0711323485135437	0.141340648027516	0.222670834599391	0.257027142898767	0.193847720609761	0.0716914952805515	
4.43639731265233e-05	0.000134478293539774	0.000745869298189673	0.00304447765580766	0.0107305359999778	0.0315247620288754	0.0742431090272367	0.144619620521665	0.224731251369044	0.254333112437717	0.187787152747932	0.0680612666468877	
5.55252480243423e-06	3.33151488146054e-05	0.000151306300866333	0.000928659773207124	0.00355500400475851	0.0120031704916622	0.0337149306003806	0.0774618853875593	0.149135263668581	0.225445000159635	0.251991621240073	0.181052564364173	0.0645217263354863	
4.17603374235264e-06	9.74407873215616e-06	4.87203936607808e-05	0.0001586892822094	0.000931255524544638	0.00402569652762794	0.0130417533773673	0.0354392143488519	0.0821217035433646	0.152640993339226	0.228850825114667	0.247602608629078	0.17462920300396	0.0604954168029678	
2.79427955090339e-06	1.11771182036136e-05	7.82398274252949e-05	0.000269647976662177	0.00113308035789132	0.00447503870077178	0.0139085264646216	0.0374028289286173	0.0851123579807418	0.157408752801265	0.228569272984346	0.243588525570452	0.170406344132292	0.0576334128771579	
2.78824531539934e-06	2.37000851808944e-05	9.61944633812772e-05	0.00029555400343233	0.00132999301544548	0.00480135843311766	0.0150523423351833	0.0400057437853497	0.0882382053737852	0.160286464323704	0.228454879917245	0.240626964841621	0.165514424290078	0.0552713868871611	
1.39017866576212e-06	1.80723226549076e-05	0.000129286615915878	0.000323911629122575	0.00152363581767529	0.00526182624990964	0.016170558240145	0.041820744802122	0.0922230625079935	0.163525326274933	0.229952233461044	0.237548169690769	0.159434030461595	0.0520677517474546	
6.96813610720895e-06	9.33730238366e-05	0.000406939148661003	0.00178384284344549	0.00578494659620487	0.0171165295337481	0.0438462996410016	0.095455102905434	0.167697950810534	0.230668996811381	0.231548375588111	0.154997825941535	0.0505928490200013	
9.81131440777505e-06	0.000131751936332979	0.000431697833942102	0.00173800426652015	0.00598350017239881	0.0182896916724367	0.0457753881776465	0.0988588039727414	0.171719026381223	0.230291171779296	0.228850310177697	0.149967342339186	0.0479534999761725	
2.80942675051869e-06	2.24754140041495e-05	0.00012923363052386	0.000441079999831434	0.00198205057249094	0.00667379324585715	0.0194131388460842	0.0489149291532809	0.102667691170955	0.174287002608553	0.230823906535991	0.225109532525436	0.144422796250539	0.0451095606197034	
5.62887952931309e-06	3.23660572935503e-05	0.000181531364820347	0.000574145711989936	0.00226280957078386	0.0072865845506958	0.021334860635979	0.0519320425374426	0.105941141621202	0.177222457540658	0.230146590095142	0.221150233387417	0.138955927280505	0.0429736807665408	
1.41016872668815e-05	5.07660741607733e-05	0.000187552440649524	0.000747389425144719	0.00252561218949847	0.0081268023719038	0.0227079470058592	0.0548908176863362	0.11027237408956	0.179342438322745	0.229363943395827	0.216568072369859	0.134139479788757	0.0410627031524322	
1.2782529406919e-05	6.81734901702349e-05	0.000203100189465491	0.00089335677743912	0.00296980766554086	0.00892220552602949	0.024158980579077	0.0584246810758913	0.11269930093767	0.180970790500024	0.229547242808407	0.212214132932625	0.129772499382178	0.0391429456060765	
2.41344601760112e-05	5.67869651200264e-05	0.000220049489840102	0.00109030973030451	0.00337314572812957	0.0096949546201165	0.0264116174773243	0.0609778431458843	0.115395372146278	0.183942917742661	0.228603026461306	0.207306494867168	0.12501508403761	0.0378882631280816	
1.84631029090749e-05	6.2490502153792e-05	0.000325234658936781	0.00124838980439053	0.00352077170089205	0.0107625687573054	0.0277855496394724	0.0631679560066865	0.119856783130973	0.186497222723251	0.22577818428165	0.203568491720719	0.121765583924034	0.0356423100466264	
4.27521557774551e-06	3.27766527627156e-05	8.97795271326557e-05	0.000354842892952877	0.0012398125175462	0.004048629152125	0.0112552175443447	0.0292567252703718	0.066344220407314	0.123030728824501	0.187690514294183	0.225121451749204	0.19958701417519	0.117482924076447	0.0344610877003473	
8.54133865553635e-06	2.84711288517878e-05	0.000126696523390456	0.000368701118630653	0.00147195736163743	0.00416390259457397	0.0124717779935257	0.0317040255329084	0.0692787978350554	0.125922108685687	0.188639734876848	0.223585198429533	0.195287743463741	0.114120825776621	0.032821517340341	
2.84505138874071e-06	5.69010277748142e-06	1.9915359721185e-05	9.67317472171841e-05	0.000429602759699847	0.00148369429922828	0.00457484263309506	0.0134869661083253	0.0336982111739393	0.0725118247448345	0.128419929584978	0.191272804865038	0.22177886838081	0.191541662221274	0.10956150645471	0.0311149045129628	
1.42255807237691e-06	2.70286033751613e-05	9.53113908492529e-05	0.000445260676653973	0.00168999898998377	0.00501878487934574	0.0141786363073807	0.0352481439173551	0.0748578508846177	0.132572454439021	0.192635701370919	0.219795180088739	0.188042261355214	0.106488429623918	0.028903534914554	
5.69574200567011e-06	2.7054774526933e-05	9.11318720907218e-05	0.000514040716011728	0.0017955826672875	0.00546933626094472	0.0150438785724762	0.0372530005880854	0.077927718186077	0.135652639478042	0.192780931794913	0.220268582714277	0.184812588728981	0.101760126673302	0.026597691230978	
2.54902266222759e-05	2.97385977259886e-05	0.000123202762007667	0.000545207624976457	0.00204629874828826	0.00598595488513113	0.0163661416152024	0.0394786965431004	0.0811594654416253	0.137793084501517	0.194249688098755	0.219181961982743	0.179721675047759	0.0976757161691588	0.0256176777553873	
4.24444013712371e-06	2.54666408227423e-05	4.24444013712371e-05	0.000179681299138237	0.000591391992439237	0.00213919782911035	0.00678827459263986	0.0176229154493377	0.0416478614388369	0.0833791968670373	0.141035671689726	0.197560295809181	0.216382973003946	0.174829904061505	0.0932489349992289	0.0245215454855427	
7.07265598035499e-06	1.414531196071e-05	4.80940606664139e-05	0.000205107023430295	0.000741214346741203	0.00260273740077064	0.00719006206962888	0.0193154234823495	0.0434105478762229	0.0857177614195103	0.144458998398751	0.199669565512598	0.213418808738408	0.170682992242711	0.0894210040908242	0.0230964653694473	
1.69722136575403e-05	1.41435113812836e-05	5.94027478013912e-05	0.00027579847193503	0.000875483354501455	0.00291356334454442	0.0080490723270885	0.0203638276867721	0.0458773078674696	0.0883262285761161	0.147482879279473	0.19899920513466	0.211862728735938	0.167227221167745	0.0863404795781839	0.0213156860027325	
6.37525607278559e-05	0.00032017952721101	0.00104270854879338	0.00306437308565227	0.00867176498256013	0.0213911092095533	0.0475849113272716	0.0920785318210281	0.150665718406356	0.198593476837986	0.209767175648222	0.162761704261788	0.0832013419205671	0.0207932518622831	
8.49957077167603e-06	5.94969954017322e-05	0.000314484118552013	0.00109786122467482	0.0032199207273366	0.00901946118387688	0.0222674588266626	0.0499845591130981	0.0955068435710663	0.152068653866313	0.199626585524098	0.207874002362881	0.159041135089345	0.0800319583861015	0.0198790794398216	
1.55820387256159e-05	8.78260364534713e-05	0.000320140068362654	0.00118140184519669	0.00326231228955394	0.00966936330373218	0.0236719499221606	0.051942017817353	0.0981215144041783	0.154583740000935	0.200394933854246	0.206971970745431	0.154784889955393	0.0762202507008376	0.018772107017442	
1.4112433759764e-06	1.4112433759764e-05	8.46746025585842e-05	0.000340109653610313	0.00119250065270006	0.0035648007677164	0.0104883607702566	0.0254743541797501	0.054066144977032	0.100837572943642	0.157280251765818	0.200513692588855	0.204486342692229	0.150669987792745	0.0733733656037652	0.0176123173321855	
1.41393517955563e-06	4.38319905662245e-05	0.000115942684723562	0.000419938748328022	0.00134182448539829	0.00401557590993798	0.0116267889814859	0.0264547272094858	0.0566111367190483	0.10363437898553	0.159992421307438	0.201046029245835	0.200493180590629	0.146738192934283	0.070252783331401	0.0172118329407307	
8.48121270033331e-06	2.40301026509444e-05	0.000161143041306333	0.000517353974720332	0.00149552050615877	0.00447383969942582	0.0117210359518606	0.0280516110063524	0.0593741430441334	0.106651249706691	0.162232877138326	0.200550996118432	0.197526030255313	0.143595412229343	0.067660287852359	0.0159559881602271	
1.13201887075458e-05	3.82056368879669e-05	0.000165557759847857	0.000570254506142617	0.00165274755130168	0.00462854215779777	0.012460697719831	0.0299687845796389	0.061904451947214	0.110823232423284	0.163873881777609	0.200769206822678	0.194516217585347	0.137720000792413	0.0653967301634918	0.015500168387807	
4.23946175793521e-06	1.27183852738056e-05	4.80472332565991e-05	0.000193602086945708	0.000624614032335788	0.00174948455210793	0.00517638280643889	0.0140227263413304	0.0314794167065883	0.0653739134612803	0.112812077378656	0.165967862053567	0.200380986296646	0.190490322015384	0.133855352391127	0.0633728875115349	0.0144353672857694	
1.41393917799232e-06	2.26230268478771e-05	1.83812093139002e-05	7.21108980776083e-05	0.000216332694232825	0.000641928386808513	0.00189750637686569	0.00582260153497237	0.0148081850111136	0.0335174282143079	0.0680217859748545	0.11597836107482	0.167876998603028	0.200276000927544	0.18660179513718	0.130240765563229	0.0605561871150551	0.0134295943125711	
4.24084613362058e-06	9.89530764511469e-06	3.39267690689646e-05	9.32986149396528e-05	0.000231832921971258	0.000702566842803143	0.00220948083561632	0.00621708043188777	0.0156897170790183	0.0354676098308468	0.0713805085057237	0.119032069278462	0.169858610189905	0.197415628366172	0.182852562743319	0.127232452085507	0.0583215296449281	0.0132469897060528	
1.55911600957014e-05	2.40954292388112e-05	6.9451531335397e-05	0.000228197888673447	0.0008206619723101	0.00240387341111905	0.00683601501286979	0.0168384529033575	0.0377589549954077	0.0740367497817238	0.120968976426166	0.17031358075087	0.196780283702419	0.180042464650588	0.123661994988151	0.0563422004512932	0.0128584549443821	
2.83448720583337e-06	2.12586540437503e-05	7.79483981604178e-05	0.000291952182200838	0.00093679802152793	0.00251844188238295	0.00717125263075844	0.0181350491429219	0.0391882028642493	0.0754469632012699	0.123315783133384	0.171032957999986	0.195712838101177	0.177743606459796	0.121374159397388	0.0549181896130216	0.012111763830526	
1.41862685432263e-06	1.56048953975489e-05	9.36293723852934e-05	0.000323446922785559	0.000946224111833192	0.00285143997718848	0.00749034979082347	0.0189145518486836	0.0410422935224079	0.0764228472692142	0.124247595782139	0.171114771168395	0.196515284995042	0.176989304972145	0.118497901141569	0.052778593488219	0.0117547421149173	
9.91724765209162e-06	1.55842463104297e-05	8.64217295396555e-05	0.000349937167152376	0.00102147650816544	0.00295108955132955	0.00792954787267954	0.0202156009639565	0.0423735657180583	0.0783533401998467	0.125807370215105	0.174053363292866	0.195603542440861	0.174050529793537	0.115545852394519	0.0505977975209714	0.0110350631374488	
1.13142490237925e-05	2.96999036874552e-05	0.000123042458133743	0.000424284338392217	0.00115122483817088	0.00330658927720334	0.00891138538736453	0.0214900017395658	0.0437309867580858	0.0809987087613302	0.130082749588798	0.174417634388528	0.194322226983635	0.171055888147334	0.111217653622752	0.0484730713801828	0.0102535381778119	
7.07412694662288e-06	2.54668570078424e-05	0.000127334285039212	0.000490944410095628	0.00113751961301696	0.00354696725103671	0.00956704928261279	0.021969408645432	0.045568696139366	0.0836869217785487	0.1328888895177	0.174317806567902	0.193276466784852	0.168236887044585	0.108955703231886	0.0467387567363374	0.00945810772763479	
1.41731993304581e-06	7.65352763844735e-05	0.000128976113907168	0.000494644656632986	0.00126566670020991	0.00391888961487165	0.0099538378897807	0.0231094015083119	0.0477410046247149	0.0858966745422411	0.133809174878855	0.174968145734505	0.191763386941098	0.167510208246818	0.106046712030353	0.0444556570199148	0.00885966690146934	
1.41654696844783e-05	5.52453317694655e-05	0.000118989945349618	0.000447628842029515	0.00151712180320763	0.00416181499329973	0.0109399922373226	0.0244014380784824	0.0499856928756187	0.0873782832017361	0.135183910292914	0.176470588235294	0.192688634477053	0.163793909414654	0.102053709794856	0.0423136744945052	0.00847520051222338	
1.13112095500542e-05	6.22116525252982e-05	0.000144217921763191	0.000558490971533927	0.0017631347886147	0.00422897847052652	0.0113889741157108	0.0258206636003863	0.0519665244753366	0.0900004665873939	0.136909466492663	0.179101692015559	0.191227308653217	0.1590949901239	0.0989221831199992	0.0404502992521877	0.00834908654913377	
1.13038895270877e-05	4.66285442992366e-05	0.000172384315288087	0.000515739959673374	0.001660258774291	0.00467133234706897	0.0120457072773028	0.0273681295312701	0.0534801143388426	0.0931708964408291	0.139947804290109	0.179777059038802	0.188811692743327	0.156523545295392	0.0941048803130047	0.0395833951514792	0.0081091277494945	
1.41171554496455e-05	6.35271995234048e-05	0.000176464443120569	0.000621154839784403	0.00180134903537477	0.00501582533125905	0.0127604968109346	0.0290107544490215	0.0550583179691625	0.0961208880255464	0.142261398897168	0.179594216483755	0.187520999268731	0.152379164207929	0.0921567907752859	0.0378551523382245	0.00758938276972943	
2.80533631073027e-06	3.36640357287633e-05	5.189872174851e-05	0.000230037577479882	0.000656448696710883	0.00205210351129919	0.00543674177019527	0.0133393741575224	0.0296846661719924	0.0569960178251069	0.0976341196223456	0.143828189982986	0.181014325449871	0.185452367493446	0.149291582448133	0.0907610456610565	0.0365156600886206	0.00701895144944714	
9.79688263194651e-06	1.67946559404797e-05	4.05870851894927e-05	0.00022532830053477	0.000698377776191616	0.00213851952308775	0.00596910063217884	0.0140291359289474	0.0306376510994202	0.0594642784665919	0.0989891016678493	0.146341634092032	0.180976413305286	0.183025361330025	0.147567643975687	0.0880585797599204	0.0350126589719151	0.00679903654657088	
4.19539345798313e-06	1.1187715887955e-05	8.39078691596627e-05	0.000328639154208679	0.000825094046736683	0.00247248521123806	0.00655879843931363	0.0152726306515446	0.0322947403750682	0.0609227068678591	0.102143846057029	0.147861048568672	0.179899869942803	0.181815766288615	0.144741074300418	0.0849860852783644	0.0332247192582544	0.00655320458136966	
2.77917894716364e-06	1.52854842094e-05	6.67002947319273e-05	0.000314047221029491	0.00101301072624115	0.00260964903138666	0.00676174237844914	0.0162929365777468	0.0333765495659617	0.063425032342695	0.10388292986603	0.149525385715298	0.180153327302515	0.180957899607719	0.141374053863267	0.0824999270465526	0.031564524892411	0.00616421890480895	
1.6583472910897e-05	8.01534524026688e-05	0.000313704029231135	0.000931438395162048	0.00288137841826835	0.00724421374991017	0.0167382519913987	0.0345378462490948	0.0656042188355085	0.10719833280819	0.150656705527272	0.180986495525226	0.179444232544513	0.136990541892616	0.0799005544407776	0.0305315555850373	0.00594379308248067	
