# <P(N_2)> as a function of N_tot.
# number_of_species: 2
# species_total_upper_bound: 100
# species_total_lower_bound: 0
# volume: 512
# Bin widths for each species index 
1	1	1	1	1	1	1	1	1	1	1	1	1	1	1	1	1	1	1	1	1	1	1	1	1	1	1	1	1	1	1	1	1	1	1	1	1	1	1	1	1	1	1	1	1	1	1	1	1	1	1	1	1	1	1	1	1	1	1	1	1	1	1	1	1	1	1	1	1	1	1	1	1	1	1	1	1	1	1	1	1	1	1	1	1	1	1	1	1	1	1	1	1	1	1	1	1	1	1	1	1	
# Bin lower bound for each species index 
0	0	0	0	0	1	1	2	3	4	5	5	6	7	8	9	10	11	12	12	13	14	15	15	16	17	17	18	18	20	20	21	22	23	23	24	25	26	27	28	30	31	31	32	34	34	35	35	36	36	37	38	41	41	42	43	44	44	46	47	47	48	49	50	51	52	52	53	53	56	56	57	57	58	59	62	62	63	63	64	65	66	66	66	67	69	70	71	72	73	74	75	76	77	78	79	79	80	81	83	84	
# Bin upper bound for each species index 
0	1	2	3	4	5	6	7	8	9	10	11	12	13	14	15	16	17	18	19	20	21	22	23	24	25	26	27	28	29	30	31	32	33	34	35	36	37	38	39	40	41	42	43	44	45	46	47	48	49	50	51	52	53	54	55	56	57	58	59	60	61	62	63	64	65	66	67	68	69	70	71	72	73	74	75	76	77	78	79	80	81	82	83	84	85	86	87	88	89	90	91	92	93	94	95	96	97	98	99	100	
# Normalized histogram for each species index 
1	
0.0497479535991686	0.950252046400831	
0.00233317699805794	0.0958058688375259	0.901860954164416	
9.66993295513151e-05	0.00702851442686138	0.13578451996417	0.857090266279417	
2.54903493537347e-05	0.000401048163165426	0.0133144591457674	0.170742856754433	0.815516145587281	
2.89489816769975e-05	0.00113071316667802	0.0214256522035284	0.202530481574825	0.774884204073292	
1.71257802933646e-06	7.70660113201408e-05	0.00220580050178536	0.0312579741914491	0.232059460709179	0.734397986008237	
6.89831198305775e-06	0.000174182377572208	0.00348019839545263	0.0414864482661093	0.258619440822831	0.696232831826052	
1.20672386537789e-05	0.000386151636920923	0.00519925596854243	0.0516994981752611	0.280856360210522	0.6618466667701	
1.55000576946592e-05	0.000716447111219803	0.00794808514009469	0.0619227304901635	0.300597785558424	0.628799451642403	
2.40863944560002e-05	0.00104603770208915	0.0105102702665504	0.0745473908413206	0.317047489767584	0.596824725028	
5.14755465416154e-06	9.43718353262949e-05	0.00146190552178188	0.0136890636769669	0.087853315282575	0.329834712020055	0.567061484108641	
2.22820600278697e-05	0.000183398494075543	0.00195053725474736	0.0180398985994868	0.100120151723689	0.341224039257562	0.538459692610412	
2.74018585310549e-05	0.000303133059999794	0.00266483074214509	0.0218701083400982	0.111654010433258	0.351286688519649	0.512193827046319	
3.59151786096037e-05	0.00033178784048872	0.00368387117738507	0.025646858020458	0.121451452084876	0.360985170451727	0.487864945246455	
2.55086857074834e-05	0.000508473135102502	0.00463747906162048	0.0300560340796041	0.134158681030891	0.367575059307694	0.46303876469938	
3.91416741404573e-05	0.000730077313315487	0.00618268270227311	0.0361737141534592	0.145624045921693	0.373263513662997	0.437986824572122	
0.000130355362260938	0.00103776411773967	0.00747765759878651	0.0414546981257608	0.158762673673126	0.376080298903153	0.415056552219173	
0.000213045485211093	0.00125629202787176	0.00938921888394601	0.0480333027291803	0.16922743958216	0.377662011791899	0.394218689499732	
3.38001128923771e-06	0.000229840767668164	0.00177281592120518	0.0116982190720517	0.0538841399730275	0.181092554849133	0.37622567659376	0.375093372811865	
1.52888834528414e-05	0.000322765317337764	0.00245981147107938	0.0138432345841339	0.0614630102452507	0.190606510006574	0.377375510266485	0.353913869225686	
2.39312966660285e-05	0.000446147744988103	0.00292132757158876	0.0162903755162323	0.0670486557448787	0.19899556929136	0.377206807428275	0.337067185406012	
2.06180961593641e-05	0.000592770264581719	0.00377654794652353	0.0185648774168275	0.0730430419939073	0.20817919874642	0.37549333090498	0.320329614630601	
3.44274965529469e-06	7.22977427611885e-05	0.000695435430369528	0.00444114705533015	0.0213037348669635	0.0801334409766392	0.21648009832493	0.369548190748987	0.307322212104364	
2.22997950134228e-05	0.000120075819303046	0.000825092415496642	0.00524731330354309	0.0243427993104217	0.086759925552992	0.224171262425703	0.368118154606194	0.290393076771333	
2.39296604723031e-05	0.000138450178446897	0.00103581244615826	0.0061960728008642	0.0275891892631032	0.0948417907590488	0.231018651461077	0.363006112318989	0.27614999111184	
3.42675231262947e-06	1.71337615631473e-05	0.000185044624881991	0.00123363083254661	0.00723901426042975	0.0310052549246714	0.100616301403426	0.239010833677436	0.358306361937006	0.262382997825726	
1.37811756031848e-05	2.75623512063697e-05	0.000217053515750161	0.00150903872854874	0.0079000589145257	0.0337569896400012	0.107470775294486	0.244472887259648	0.354301966229229	0.250329886891001	
1.72737825438063e-06	2.24559173069482e-05	5.00939693770383e-05	0.000326474490077939	0.00187766016251175	0.00927947598253275	0.0372716405947709	0.114678914930076	0.248676828257144	0.35069406058261	0.237120667735338	
1.7354271840785e-05	4.51211067860409e-05	0.000310641465950051	0.00228729302861546	0.0114208462984206	0.0416537232722521	0.120462942555625	0.255026230981887	0.345245884000576	0.223529963018047	
3.48024612300582e-06	6.96049224601164e-06	5.04635687835844e-05	0.000459392488236768	0.00301563326558454	0.0124819027201604	0.0453215051368433	0.127340465517721	0.260412896400033	0.337141882673943	0.213765417490325	
1.73812081330149e-06	1.04287248798089e-05	9.38585239182805e-05	0.000634414096855044	0.00343452672708375	0.0139466814059312	0.0491088654590203	0.135003319810753	0.262769104554919	0.33187331185016	0.203123750725665	
6.95765916515048e-06	2.08729774954514e-05	0.000121759035390133	0.000805349048366168	0.00380062131896345	0.0159591307100639	0.0538470636938908	0.141264832859633	0.265793016597496	0.326140273366429	0.192240122733108	
1.73447299772437e-06	3.81584059499362e-05	0.000201198867736027	0.000940084364766609	0.0044055614142199	0.0176309180218682	0.0590622745185103	0.146302797358051	0.269217960814786	0.317816159738025	0.184383152023089	
8.67534432441624e-06	1.73506886488325e-06	3.47013772976649e-05	0.000248114847678304	0.00113473503763364	0.0050438451902156	0.0194553271819358	0.0627956123578545	0.153019193331783	0.270977850110871	0.311755438573357	0.175524771578184	
1.21522081430211e-05	3.47205946943459e-06	4.51367731026497e-05	0.00027602872782005	0.00134195098493647	0.00572369003536293	0.0219069592223976	0.0674273948964198	0.158407505203749	0.273532317061527	0.305218331779587	0.166105061047486	
2.07019335605946e-05	2.07019335605946e-05	3.795354486109e-05	0.000307078681148819	0.00146811212167216	0.00652283423271734	0.0244024041845508	0.0716856204369488	0.163973115088949	0.274333397739349	0.29875132837407	0.158476751728611	
8.65499626969661e-06	6.92399701575729e-06	7.27019686654515e-05	0.000349661849295743	0.00184351420544538	0.00768217468898271	0.0266660435069352	0.0773271986719774	0.172000740867681	0.276521937819045	0.288798184527982	0.148722262900705	
1.73413010831377e-06	5.2023903249413e-06	0.000104047806498826	0.000459544478703148	0.00210696808160123	0.00831515386936451	0.0295183627037169	0.0823867873158787	0.178086491473282	0.275763103954163	0.282918124781066	0.140334479015292	
5.21666550740766e-06	1.21722195172846e-05	9.04222021283995e-05	0.000528622104750643	0.00244835501147666	0.00958649231411282	0.0328858593586979	0.0873304583710093	0.180531404326355	0.276596299645267	0.275869444251235	0.134115253529944	
1.21931039287923e-05	0.00013064039923706	0.000684555692002195	0.00259190552086327	0.0110539196474451	0.0349436939879288	0.0916120154329858	0.18415419050854	0.277077835549865	0.268784783006297	0.128954267150907	
1.40001610018515e-05	0.000152251750895135	0.00070525811046827	0.00287878310600572	0.0117811354830581	0.0381801890721743	0.095001592518314	0.189863183426609	0.275684170367959	0.262504768804841	0.123234667198673	
7.01730994931748e-06	2.98235672845993e-05	0.000212273625966854	0.00077892140437424	0.00333673088090046	0.0132100859795902	0.0404705808052012	0.10116855753931	0.192890061559352	0.275769755043253	0.256768634027989	0.11535755825683	
3.51523502861401e-06	3.51523502861401e-05	0.00022321742431699	0.000873535904610582	0.0036365106371012	0.0143509470043167	0.0429245349344057	0.105555477439222	0.198670538112178	0.27628868516149	0.248145713522406	0.109292172274638	
5.2475625072154e-05	0.000237889500327098	0.00110898487652485	0.00409309875562801	0.0152511658334704	0.0462345240635725	0.110172574838987	0.204095197780631	0.2731636155006	0.241036288643925	0.104554184581262	
3.49709042076992e-06	7.51874440465533e-05	0.000321732318710833	0.00133413999552372	0.00493264603849597	0.0169906138093107	0.0498038132273948	0.114625881266786	0.204777375223814	0.272815017905103	0.235028955908684	0.0992911397717099	
2.26695683714182e-05	8.89344605340253e-05	0.000357481655087749	0.0014264389944477	0.00561333389135348	0.0188802628274881	0.0528968220752769	0.118619388409922	0.209390083982032	0.271133269161017	0.227956460478223	0.0936148544962473	
1.21582447663099e-05	1.56320289852555e-05	0.000102476634458897	0.00036127355877035	0.0017073649436118	0.00630839214160534	0.0209451819481329	0.0568849534773448	0.123901198629245	0.212692860157606	0.268278618337065	0.219973911880516	0.0888159780178935	
3.46573600102586e-06	2.4260152007181e-05	8.31776640246206e-05	0.000419354056124129	0.00190095619656268	0.0068621572820312	0.0230107541788112	0.0608929815380243	0.127698508693799	0.21544054703177	0.265073352302462	0.213745802127269	0.084844683041114	
1.72543200503826e-06	6.90172802015305e-06	2.76069120806122e-05	7.07427122065687e-05	0.000522805897526593	0.00222925815050943	0.00775581686264699	0.0247720272963343	0.0641463856513075	0.133693373478385	0.217744342739813	0.262747060295221	0.206577346803206	0.0797046060407375	
8.64434236436595e-06	3.45773694574638e-06	2.7661895565971e-05	0.000110647582263884	0.000636223598017334	0.00224234240931653	0.0085181349658462	0.0271380484186905	0.0673861064671783	0.1384149388067	0.22183802922825	0.258808152652171	0.199317788500604	0.0755498233960855	
3.46211836636483e-06	3.46211836636483e-06	2.76969469309186e-05	0.000152333208120052	0.000657802489609317	0.00263986525435318	0.00971816625438607	0.0294210818773683	0.0714823579103346	0.141346175484394	0.222678260147036	0.256570667894565	0.193348924406377	0.0719497438897938	
4.32025161145385e-05	0.000127879447699034	0.000748267579103807	0.0030708348454214	0.0108369191421708	0.0319750462266922	0.0740750341299877	0.14447785439024	0.224120828797069	0.254393695888849	0.187524841446766	0.0686055955898872	
5.18856095261979e-06	3.28608860332587e-05	0.000157386348896134	0.000904539126073383	0.00363026314651631	0.0119215835488027	0.0340092875241052	0.0770449415854513	0.148712804503671	0.225487940919586	0.251702280372539	0.181648059910584	0.0647428635667898	
3.47137245917232e-06	5.55419593467571e-05	0.000166625878040271	0.00094942036758363	0.00405282734608368	0.0129360694691057	0.0357603433881637	0.0818966190567934	0.152348123115696	0.228445814479442	0.246894423413713	0.175404978989518	0.0610857411640553	
6.95406665125182e-06	8.34487998150218e-05	0.000224268649502871	0.00113003583082842	0.00433238352372988	0.0137499282861877	0.0375171895835036	0.0851282069112991	0.156895913268881	0.228155972760921	0.244369379158315	0.170604117155161	0.0578022020052051	
2.76779736955457e-05	9.86027812903817e-05	0.000271590116887543	0.00126972704328316	0.00476407122234581	0.0150170306031895	0.0398977990821292	0.0882027826742804	0.159451076586683	0.228699636899583	0.241734232636829	0.16564056345435	0.0549252089254546	
1.72246001739685e-06	1.55021401565716e-05	0.000115404821165589	0.00028937328292267	0.00144514395459595	0.0052414458329386	0.0161704546433216	0.0419126196033175	0.0918691274878782	0.162862039564907	0.230346300586498	0.238319568007028	0.159487740390826	0.0519235572244279	
1.72662069251303e-06	8.80576553181644e-05	0.000400576000663022	0.00174043365805313	0.0056857619404454	0.0171228974076517	0.0441427846247881	0.0947206845705722	0.167955301243512	0.230918251416692	0.232154511832532	0.154415141772825	0.0506538712562547	
6.93729036375682e-06	0.00013007419432044	0.000431846325143862	0.00171697936502981	0.00591750868028457	0.0184427864320475	0.0453733476241515	0.0985494125849384	0.171930335730167	0.230723871563006	0.229079733746796	0.149446577661231	0.0482505888025196	
3.47279499222962e-06	2.43095649456073e-05	0.000114602234743577	0.000434099374028703	0.00193955600316024	0.00671464911747597	0.0194285515840286	0.0486833765985709	0.102306804073589	0.17438640053481	0.231013795678107	0.225377449405718	0.144398815776908	0.0451741172589229	
1.73546332532128e-06	3.99156564823894e-05	0.000192636429110662	0.000564025580729415	0.00224742500629105	0.00735489357271157	0.0215509835738396	0.0521628211691816	0.106022925470527	0.177307081558099	0.229541056723619	0.221028609112918	0.138942929288547	0.0430429613946183	
1.04208277610852e-05	5.90513573128159e-05	0.000197995727460618	0.000724247529395418	0.00244194730534762	0.00822724351737673	0.0227799294857321	0.0553224377789742	0.110377407645414	0.179486600552304	0.228773642252983	0.216685482050124	0.134081317192629	0.0408322767771853	
1.05025836355744e-05	7.35180854490205e-05	0.0002048003808937	0.000894470039629749	0.00300548935038019	0.00910924087325482	0.0240946772906135	0.0585081430031788	0.113086569296047	0.181075044460937	0.229421937796698	0.21191238044559	0.129505608379661	0.0390976180140315	
2.27939010534289e-05	5.26013101232975e-05	0.00020689848648497	0.00113794167566734	0.00339629125696091	0.00979261056795388	0.0264830062700762	0.0613752086518635	0.116180513669327	0.183510190627148	0.2278583551921	0.206824844650797	0.125194624847456	0.0379641188929879	
1.22753824220031e-05	4.91015296880124e-05	0.000343710707816087	0.00128540790218975	0.00356161452844118	0.0108707279477139	0.0277984803076562	0.0637425536653415	0.120242631701701	0.185403868849814	0.225439151806147	0.203643333502851	0.121752503739608	0.0358546384286108	
5.27867906335119e-06	2.11147162534047e-05	8.62184247014027e-05	0.000380064892561285	0.00127040209457985	0.00404874684159036	0.0113685151427707	0.0294831821285042	0.0663864274603923	0.122593802126956	0.187227708138315	0.225399596005096	0.199514713438109	0.117716302672419	0.0344979272386878	
1.05380740615845e-05	2.28324938000998e-05	0.000136994962800599	0.000393421431632488	0.00149465017106807	0.00418888443947984	0.0126421761825475	0.0320620903323709	0.0690999079674865	0.125355659999578	0.188835261800887	0.223340428969868	0.195432096163439	0.113964001939006	0.033021055071975	
3.5084333967775e-06	5.26265009516626e-06	2.28048170790538e-05	0.000105253001903325	0.000468375858469797	0.00151388901070949	0.00467147906780925	0.0137390251817807	0.0341142521335661	0.0725087930112007	0.128808623729289	0.190990343037075	0.220778696792415	0.191016656287551	0.109850803869802	0.0314022331178571	
2.98659020995729e-05	0.000100138612922097	0.000463799891428662	0.00171289732629904	0.00509652835240359	0.0144849625182929	0.0355140712319333	0.0750811210605558	0.132291891758944	0.191600302875384	0.219175314602142	0.188028692347829	0.107294131701601	0.0291262818181658	
5.28090916132121e-06	2.81648488603798e-05	9.50563649037818e-05	0.000521049703917026	0.00184479760035488	0.00554671492244105	0.0152371832334655	0.0375085374698108	0.077791312552369	0.135041648770252	0.19189767710409	0.220120615965245	0.185410960350934	0.102356341667782	0.0265946585364136	
2.27384829583816e-05	2.44875970321032e-05	0.000113692414791908	0.000575458530254426	0.00210593334476088	0.00599946127286529	0.0166533150959039	0.0397188823860715	0.0811623912488325	0.137707751024106	0.19374062037578	0.21866374681224	0.180316169859966	0.0976757772188387	0.025519574335599	
5.2471770187639e-06	1.57415310562917e-05	4.72245931688751e-05	0.000180153077644227	0.000608672534176613	0.00219681811185582	0.00683007541942435	0.0176672450221781	0.0418479857836484	0.0836032714399653	0.140827234947598	0.197568458169505	0.216272895182392	0.175040578168945	0.0927788349867771	0.0245095638546462	
8.74610579639416e-06	1.57429904335095e-05	5.07274136190861e-05	0.000204658875635623	0.000745168213852782	0.00265881616210382	0.00721728650318446	0.0193131508195976	0.0435503592025651	0.0859882137478288	0.145061161517834	0.200063671650198	0.213055137200162	0.170041788893495	0.0889286545165765	0.0230967161871177	
2.09956486518169e-05	1.74963738765141e-05	6.64862207307536e-05	0.000279941982024225	0.000843325220847979	0.00290964697566429	0.0080763261813989	0.0203342857192847	0.0462831578155427	0.0885264029029983	0.147867104542584	0.199486656390463	0.211662382971129	0.166458751423767	0.0859561855805384	0.021210854050498	
7.0203273578647e-05	0.000333465549498573	0.00101794746689038	0.0029731086360557	0.00869643051455489	0.0214190187688452	0.0477417361971589	0.0924489358938807	0.151496909300881	0.198727916682755	0.209226816246442	0.162199398357945	0.0828784746232717	0.0207696384882427	
1.05609073931632e-05	6.86458980555609e-05	0.000281624197151019	0.00107017194917387	0.00318411357903871	0.00908590066058476	0.0226214636361556	0.0503456056944413	0.0958983195836186	0.152603351679976	0.199713799409645	0.207903783093043	0.158130226549065	0.0791909640876344	0.0198914690750229	
1.93810059094449e-05	7.57621140096482e-05	0.000306572275294856	0.00117343181233548	0.00327715190832432	0.00984731291162614	0.0241504952727965	0.0521771917274819	0.0987479870182499	0.155134380847338	0.200707935288583	0.206398903387447	0.153723091235204	0.075705732901548	0.0185546702938513	
1.7578585064531e-06	1.23050095451717e-05	6.67986232452177e-05	0.000365634569342245	0.00124280596406234	0.00356845276809979	0.0105998867939122	0.0258370043278476	0.0544215415012815	0.101022370507353	0.158173866269156	0.200148011686243	0.203653181548111	0.150412920963166	0.0729845273294262	0.0174889342807019	
1.76380841512995e-06	4.40952103782487e-05	0.000118175163813707	0.000444479720612747	0.0013369667786685	0.00397209655087264	0.0117628383205016	0.0267728479332575	0.0567575909904666	0.103925355627872	0.160693529468829	0.200213420818231	0.200317485514723	0.146434902240919	0.0700161388469984	0.0171883130054413	
1.05817679665193e-05	1.76362799441988e-05	0.000181653683425248	0.000513215746376185	0.0014990837952569	0.00441965175401622	0.0118586346344793	0.0282021752587683	0.0597376074269902	0.106759457014213	0.162068594547215	0.200295231326266	0.19762333491472	0.143423519390208	0.06749051609046	0.0158991063696952	
7.06546506657434e-06	3.70936915995153e-05	0.000178402992931002	0.000563470839059304	0.0016656833894449	0.00451483217754101	0.012548265958236	0.0300052637714746	0.0622432145039867	0.11045264901949	0.164030070619323	0.200911798266841	0.19516050970265	0.137310248103806	0.0651329897162156	0.0152384417823342	
5.28406238716325e-06	1.05681247743265e-05	5.63633321297413e-05	0.000179658121163551	0.00059005363323323	0.00172084298408617	0.00507446124580578	0.0142229345921144	0.0316321588036883	0.0651507278795938	0.112823538736581	0.166361658843319	0.200496701864393	0.190840958528917	0.133390870901549	0.0630406256329866	0.014402592713278	
1.7630154616456e-06	2.82082473863296e-05	1.58671391548104e-05	6.69945875425327e-05	0.000209798839935826	0.000627633504345833	0.00190053066765396	0.00586378942543326	0.0148657463725957	0.0337705611678214	0.0681863859946052	0.116089279102978	0.168288640891381	0.200243296133707	0.186197351950777	0.129916609368664	0.0602492903862767	0.0134782532042806	
5.30063430923901e-06	1.23681467215577e-05	3.1803805855434e-05	0.0001042458080817	0.000217326006678799	0.000703217485025708	0.00227397211866353	0.00613636765199569	0.0159284060992632	0.035660900754457	0.071479053660088	0.119630015725215	0.170353552308426	0.19714295810732	0.182734067176705	0.126549110376875	0.057773380214499	0.0132639539198191	
1.95209211035354e-05	2.66194378684574e-05	6.21120216930672e-05	0.000205856986182737	0.000885539966424016	0.00242414347522085	0.00680037906079525	0.0167595980819808	0.0376931240217357	0.0741546553847574	0.121070527313318	0.170875495565202	0.197189697212767	0.179810753543047	0.123452079687949	0.0558262850977288	0.0127436122222262	
3.5464262662515e-06	2.48249838637605e-05	7.97945909906587e-05	0.000267755183101988	0.000936256534290396	0.00258889117436359	0.00719392568109116	0.0180743614659508	0.0392979494563329	0.0754821366508969	0.123917453382227	0.171716186598764	0.195512706845312	0.177009227801145	0.120982785646904	0.0548951321753069	0.0120170654031932	
1.77720275395339e-06	1.77720275395339e-05	9.77461514674363e-05	0.000305678873679983	0.000927699837563668	0.00284707881183333	0.00760998219242841	0.0189058828965561	0.0413857205313125	0.0766134335201766	0.124258462150913	0.171368552752709	0.195931272015099	0.176510000319896	0.118827330534831	0.0527384917235668	0.0116531184576724	
1.24223822934912e-05	1.95208864612005e-05	7.09850416770926e-05	0.000342502826091972	0.00105057861682097	0.00297427324627018	0.0079325784074151	0.0203709323352836	0.0426637846739746	0.0788075932699082	0.125931013187246	0.173817522302613	0.195008331869267	0.173604567177581	0.115650604526361	0.0507418824168277	0.0110009068339074	
1.4173616167844e-05	3.36623383986294e-05	0.000118704035405693	0.000416349974930416	0.00116755163182615	0.00327233363275097	0.0089470952059515	0.0215952759337313	0.0436777699232321	0.0810943449043192	0.130505342567444	0.173754360601599	0.19366829131742	0.171401540317737	0.11150738179647	0.0485162881425299	0.0103095340600855	
8.86678891012977e-06	2.66003667303893e-05	0.000141868622562076	0.000475259885582956	0.0011065752559842	0.00358218271969243	0.00959031888519636	0.0220765310284411	0.0455185475490422	0.0834524438643594	0.132546080701966	0.173945118123362	0.19279768470408	0.168949569251395	0.10943213537104	0.0468414724544336	0.00950874442722317	
1.77544208507918e-06	7.10176834031674e-05	0.000145586250976493	0.000486471131311697	0.00119664796534337	0.00402315176478943	0.0100170442440168	0.0231322349264967	0.047624458490164	0.0850969391378453	0.13373517505859	0.174893473474895	0.19170513457851	0.167571550316029	0.106526525104751	0.0448689723741212	0.00890384205667211	
8.8577411342869e-06	4.96033503520066e-05	0.000136409213468018	0.000434029315580058	0.0015005013481482	0.00431903457707829	0.0110898919001272	0.0244030768249604	0.0495980357073261	0.0871938321776934	0.135126612551773	0.176219445221957	0.192457456269332	0.163903641948845	0.102763969543543	0.0423187440431691	0.00847685826551256	
1.05931268262109e-05	5.47311552687565e-05	0.000141241691016146	0.000587918538854706	0.00177611426452803	0.00431846470281865	0.0114494045779963	0.0254552837633849	0.0518551213354402	0.090230488784527	0.136764329410934	0.178875539587398	0.190992311155445	0.158974585323223	0.0998914204500313	0.040345689038762	0.00827676309354614	
5.28317836010144e-06	4.75486052409129e-05	0.000163778529163145	0.000554733727810651	0.00168533389687236	0.00469674556213018	0.0119663989856298	0.0274038461538462	0.0532209777402085	0.093313257255565	0.139666103127642	0.179767187940265	0.188553113553114	0.156367990983376	0.094512538743308	0.0399971823048746	0.0080779797125951	
1.40727384669511e-05	6.33273231012797e-05	0.000184704692378733	0.000654382338713224	0.00186111966225428	0.0050257267250099	0.0125335326971283	0.029012709441928	0.055059589251946	0.0959795945292229	0.142009762962311	0.179520647345969	0.187535071902898	0.152435903074014	0.0924438189894015	0.0380931439377281	0.00757289238752804	
1.7453743217039e-06	4.01436093991898e-05	5.58519782945249e-05	0.000230389410464915	0.000696404354359858	0.00213284742112217	0.0054089150229604	0.0130763444182057	0.0296469282284625	0.0570685041967526	0.0971981506013687	0.14311022213379	0.181023243149842	0.18544602168104	0.149849112389889	0.0913092576399397	0.0366842774935727	0.00702164089621481	
1.7387977952044e-06	1.91267757472484e-05	4.34699448801099e-05	0.000222566117786163	0.000733772669576255	0.00214393768148702	0.00586148736763402	0.0137747561336092	0.0307297734346473	0.0595729512614978	0.0985098502895098	0.145801672723479	0.180668046112918	0.183422301820521	0.147863886908591	0.0884196066839387	0.0354245274816992	0.00678652779468276	
1.73569225482045e-06	1.04141535289227e-05	5.90135366638953e-05	0.000348874143218911	0.000794947052707767	0.00237963408135884	0.00640296872803264	0.0149946453893939	0.0321432848670199	0.0607908855328315	0.101478983370333	0.147481770892094	0.180319332661042	0.181798142462149	0.144935510354272	0.0859827229192955	0.0335353100553859	0.00654182410841828	
1.20632458748007e-05	5.68695876954892e-05	0.000323984317780363	0.00100124940760846	0.00248675197104821	0.00657102236008789	0.0161423463013226	0.0333221317478782	0.0630218430916376	0.102773684890785	0.149046572745681	0.180643660333463	0.180943518159493	0.142217052259704	0.0831760803067511	0.0319176252638835	0.00634354400930593	
2.05552310493617e-05	9.07856038013474e-05	0.000315180209423546	0.000957531179716098	0.00276467857613915	0.00711210994307914	0.0164527495190932	0.0343563557630873	0.0652268869273869	0.10574467319752	0.150313552920299	0.181675696693862	0.180036417017676	0.137356905615518	0.0805302564436367	0.0307883102401022	0.00625735491860985	
