# <P(N_1)> as a function of N_tot.
# number_of_species: 2
# species_total_upper_bound: 100
# species_total_lower_bound: 0
# volume: 512
# Bin widths for each species index 
1	1	1	1	1	1	1	1	1	1	1	1	1	1	1	1	1	1	1	1	1	1	1	1	1	1	1	1	1	1	1	1	1	1	1	1	1	1	1	1	1	1	1	1	1	1	1	1	1	1	1	1	1	1	1	1	1	1	1	1	1	1	1	1	1	1	1	1	1	1	1	1	1	1	1	1	1	1	1	1	1	1	1	1	1	1	1	1	1	1	1	1	1	1	1	1	1	1	1	1	1	
# Bin lower bound for each species index 
0	0	0	0	0	0	0	0	0	0	0	0	0	0	0	0	0	0	0	0	0	0	0	0	0	0	0	0	0	0	0	0	0	0	0	0	0	0	0	0	0	0	0	0	0	0	0	0	0	0	0	0	0	0	0	0	0	0	0	0	0	0	0	0	0	0	0	0	0	0	0	0	0	0	0	0	0	0	0	0	0	0	0	0	0	0	0	0	0	0	0	0	0	0	0	0	0	0	0	0	0	
# Bin upper bound for each species index 
0	1	2	3	4	4	5	5	5	5	5	6	6	6	6	6	6	6	6	7	7	7	7	8	8	8	9	9	10	9	10	10	10	10	11	11	11	11	11	11	10	10	11	11	10	11	11	12	12	13	13	13	11	12	13	13	13	13	12	12	13	13	13	13	13	13	14	14	15	14	14	14	15	15	15	13	14	14	15	15	15	15	16	17	17	16	16	16	16	16	16	16	16	16	16	16	17	17	17	17	16	
# Normalized histogram for each species index 
1	
0.950230642739233	0.0497693572607666	
0.901428419128119	0.0962102419099477	0.00236133896193375	
0.85707227273814	0.135712407258354	0.00711809567829905	9.72243252073986e-05	
0.815540750170319	0.170745788408087	0.0132832665385144	0.00040620632082623	2.39885622535175e-05	
0.774536834322136	0.202849806168913	0.0214601567650017	0.0011259364760113	2.72662679375955e-05	
0.734235251603578	0.232194481370107	0.0313084805699315	0.00218757662971232	7.25965695700992e-05	1.61325710155776e-06	
0.696080964475666	0.258758395205572	0.0415092438668077	0.00347427041133867	0.000170626002427764	6.50003818772435e-06	
0.662054036146437	0.280673235104495	0.0516472791109711	0.00523569562160082	0.000378386191015196	1.13678254811432e-05	
0.628750454403822	0.30063356875779	0.0618979149356045	0.00799426152887412	0.000709194536767761	1.46058371416701e-05	
0.596728521801746	0.317468967016001	0.0742910337624594	0.010457312820912	0.00102010697337991	3.405762550235e-05	
0.567274387046233	0.32991220857585	0.0876117624970056	0.0136542856587918	0.00144376752105764	9.87329807001301e-05	4.85572036230148e-06	
0.538188569849573	0.341446939985812	0.100113600188741	0.0180790741342227	0.00196820810649654	0.000182600587876937	2.10071472778777e-05	
0.512130754865295	0.351119619201958	0.111816651359636	0.0218952417999777	0.00271329903912735	0.000298608163140131	2.58255708661735e-05	
0.487294736943963	0.360971070448248	0.12194020559367	0.025708885297827	0.0037238451886759	0.000327388728151237	3.38677994639211e-05	
0.462117613070972	0.367961352036722	0.134489455269155	0.0302041536930633	0.00468012711456361	0.000523224087567811	2.40747279555741e-05	
0.437222098129993	0.373344239165543	0.146058875424436	0.0362977806417193	0.00627353177019976	0.000755266376023024	4.8208492086576e-05	
0.414849790492842	0.375799961893234	0.159002883625459	0.0415732010163939	0.00757492062424647	0.00107115237742991	0.000128089970395206	
0.39439611426416	0.377085154705413	0.169454331575759	0.0481481540676999	0.00942505110497017	0.00128981113137374	0.000201383150623409	
0.375170521176536	0.375976258665667	0.181193608347759	0.0539572879354772	0.0117047331094287	0.0017742179958676	0.000220181729702994	3.19103956091296e-06	
0.354327439444703	0.376999406870682	0.190588480466809	0.0614514034722111	0.0137974703836104	0.0024975553453776	0.000323816546704926	1.44274699026947e-05	
0.337591740827529	0.377121280004126	0.198806442567099	0.0668140751460923	0.0162579089698919	0.00295246721182018	0.000433522751080584	2.25625223610713e-05	
0.320290895187982	0.375782278981381	0.208110914725718	0.0729020018889719	0.0185041481239075	0.00379252414271296	0.000581595970625353	3.56409787012751e-05	
0.307219814120904	0.37003961331176	0.216219549599404	0.0800640044660317	0.0212071592825138	0.00447252303203307	0.000696194622910808	7.46502392864735e-05	6.49132515534552e-06	
0.290787410484797	0.368068734744023	0.223819530883756	0.0866426342930117	0.0243820824105656	0.00532645770356121	0.00082927854383214	0.00011638997106416	2.74809653901489e-05	
0.276187285259348	0.36307580294681	0.231017047166027	0.0946799891109475	0.027612446380276	0.00619838371667845	0.00106796476199527	0.000136918559230163	2.41620986876759e-05	
0.262413512906629	0.358490718438572	0.238989504428753	0.100459918290597	0.0309730010031937	0.00721782550890678	0.00126005011122365	0.000176083925799203	1.61544886054315e-05	3.23089772108629e-06	
0.250331746788788	0.354419126784052	0.244371660226399	0.10752975987697	0.0337083937615381	0.00786296667607562	0.0015200329637885	0.00021737931392493	2.5955738976111e-05	1.29778694880555e-05	
0.237203609273838	0.35063142786085	0.248557769675533	0.114755857105006	0.0372273416635105	0.00930764816894861	0.00191972275367242	0.000326726734536966	4.71396781172738e-05	2.11315798456744e-05	1.62550614197496e-06	
0.223595793542111	0.345302663556817	0.254946733760203	0.120654113015504	0.0413790627035126	0.0114595455680563	0.0023013757656971	0.000301953557910612	4.24367162468968e-05	1.63218139411142e-05	
0.213564726081769	0.337342278715544	0.260626187666437	0.127252372059375	0.0452021140257984	0.0125178610301375	0.00299361503976483	0.000443559144765593	4.74657387387535e-05	6.54699844672462e-06	3.27349922336231e-06	
0.20292921233683	0.33198066811416	0.262881929003061	0.135151529023988	0.0490278468098464	0.0138939754623695	0.00341708739895885	0.000614748737803123	9.1558322651529e-05	9.8098202840924e-06	1.63497004734873e-06	
0.192322788287935	0.32566331737185	0.265953306120313	0.141458644058927	0.0538978072585499	0.016017086636837	0.00374669649632363	0.000798074155480545	0.000116113248030981	1.96247743150954e-05	6.54159143836513e-06	
0.184030512493131	0.318046104651068	0.269232964320016	0.146489970762666	0.0589589682628979	0.0177005725169056	0.00437500101914858	0.000927832866155625	0.000200568440311321	3.58740299743827e-05	1.6306377261083e-06	
0.175235581252692	0.311937965778723	0.271199049844033	0.153101711063835	0.0627471645414323	0.0193865098735301	0.00498570850572312	0.00111427974784322	0.000249611715109829	3.26289823672979e-05	1.6314491183649e-06	8.15724559182448e-06	
0.165887026172401	0.305296219832486	0.273743646365525	0.158416197357933	0.0674906247141681	0.0218702225242059	0.00565783800028747	0.00130666004625577	0.000274398609713711	4.24664515033124e-05	3.26665011563941e-06	1.14332754047379e-05	
0.158657378498269	0.298662730818824	0.274514033622305	0.164019430545531	0.0715605258249467	0.0243352174582965	0.00644711339620958	0.00143052931206462	0.000298432418843412	3.56821370356254e-05	1.94629838376138e-05	1.94629838376138e-05	
0.149350892106842	0.288822535998791	0.276495418779024	0.171718173233056	0.0771338802299631	0.0267510146628329	0.0075256530495149	0.00178957753942028	0.00032995843824007	6.82672630841524e-05	6.50164410325261e-06	8.12705512906576e-06	
0.141077886393917	0.283237596042316	0.275803111421288	0.177464564187909	0.081982681067117	0.0295850191067882	0.00824951236613454	0.00206115799011881	0.000434356103679338	9.76081131863681e-05	4.8804056593184e-06	1.62680188643947e-06	
0.134857660936578	0.27609114657222	0.276696116128064	0.180209179230792	0.0869509208256285	0.0327156447410045	0.00947894347203606	0.00239215724642644	0.000507130813659593	8.47935765604464e-05	1.14145199215986e-05	4.89193710925652e-06	
0.129146176603123	0.269469642052468	0.277131782945736	0.183840768532487	0.0912420080588808	0.0348461694193557	0.0109927966406092	0.00252574727506645	0.000667763823854026	0.00012571592771824	1.14287207016581e-05	
0.12299189956178	0.263232273221338	0.275783771908972	0.189780758631205	0.0947870950395677	0.0379971375500642	0.0117104695827807	0.00284933447219276	0.000700037870901213	0.000150827831669582	1.63943295293024e-05	
0.115041878358112	0.257073492042373	0.275817321986179	0.193249855860917	0.101018911376228	0.0403260910630483	0.0131375998501939	0.00333285697624949	0.000765456555412648	0.000198755886705859	3.12096020447217e-05	6.57044253573089e-06	
0.108977005274593	0.247738109139832	0.276160385783763	0.199107250057154	0.10573692165741	0.0430832438335617	0.0144422204276581	0.00362494634125482	0.000881565897873222	0.000208878486996081	3.61836749127069e-05	3.28942499206426e-06	
0.104359334715793	0.240307220567857	0.273022705755554	0.204610601697608	0.110220046977425	0.046504047462269	0.0153970640747183	0.004168673198953	0.00111546815264715	0.000232593946660639	6.22434505148189e-05	
0.0989956606255768	0.234286948496927	0.272830803667851	0.205107437151067	0.114870702350331	0.0499993454940538	0.0172233239738983	0.0049431561585737	0.00135155477887517	0.000315799119034996	7.19956540805173e-05	3.27252973093261e-06	
0.0935736881583668	0.22719564295731	0.271054691321788	0.209757688419268	0.118735935818413	0.0531047190424942	0.0189511789453087	0.00572677167922252	0.00143332354955484	0.000360369174575221	8.47927469588755e-05	2.11981867397189e-05	
0.0888359339720411	0.21972879285531	0.268028225295557	0.212903131487383	0.124232884678486	0.0568241994223691	0.0208928263955895	0.00637408262916289	0.0017007299981482	0.000355740085572547	9.74630371431635e-05	1.46194555714745e-05	1.13706876667024e-05	
0.0849374991887226	0.213873817157544	0.264925881696284	0.215152390347746	0.127980633185789	0.0608506730357351	0.0230629940679396	0.006801749763107	0.00189838912758473	0.000410506366905074	7.95051856851724e-05	2.27157673386207e-05	3.24510961980296e-06	
0.0798666114922314	0.206847556914801	0.262616302752472	0.217663147141167	0.133503274904468	0.0641289659319415	0.02478161915415	0.0077411241360136	0.00221452079063242	0.00053342471599175	6.95068569322583e-05	2.58630165329333e-05	6.46575413323333e-06	1.61643853330833e-06	
0.0755993002432318	0.199768905489142	0.258808050763114	0.221451008125529	0.13826831237893	0.0674640614051129	0.027053269874047	0.00858836532999746	0.00221384657460647	0.000634377088629923	0.000113281622969629	2.58929423930581e-05	3.23661779913226e-06	8.09154449783066e-06	
0.0719821826280624	0.193707228183843	0.256481069042316	0.222331646082203	0.141340352298036	0.071433083620166	0.0295007086454748	0.00968455152864952	0.002693662684754	0.000652763717351691	0.000158736586353513	2.75359384490788e-05	3.23952217047985e-06	3.23952217047985e-06	
0.0684189243833401	0.187482410028306	0.254371209057825	0.224040436716539	0.144629195309341	0.0741399110392236	0.0319272139102305	0.0108710068742418	0.00313303679741205	0.000778002426202992	0.000156894460169834	5.17589971694298e-05	
0.0646198555687668	0.181123829209581	0.251638539618155	0.225538539294173	0.148882747627641	0.0773264346738634	0.0340035443644929	0.0120586148468051	0.00362536002514101	0.000960607012917167	0.000176570260384437	3.88778554974908e-05	6.47964258291513e-06	
0.0607859745183374	0.17500475525476	0.24683917809689	0.228605011469512	0.152545321235748	0.0820797614731698	0.0357904046274725	0.0130594740119231	0.00406919749182665	0.000968933961297916	0.000178830093528139	5.69004843044078e-05	1.13800968608816e-05	4.87718436894924e-06	
0.0574918402149423	0.170343053341028	0.243975127736096	0.228219650653598	0.15729065790203	0.0852465216980178	0.0376051153130064	0.0138496251878951	0.00446546478983459	0.00114774998614222	0.000257591616208056	9.12982943522223e-05	1.30426134788889e-05	3.26065336972222e-06	
0.0547831456474756	0.165158679861551	0.241157639870651	0.228726498643137	0.159983100147874	0.0884577259948975	0.0400656494255675	0.0150782430653732	0.00484408261427713	0.0013016136108809	0.000300622369554266	0.000112124018914835	2.7624758283365e-05	3.24997156274883e-06	
0.0517018093526171	0.158993842398466	0.237830268039633	0.230398679981393	0.163504662369258	0.0921403459862131	0.0419783422290874	0.0162295509764799	0.00527748107254754	0.00147497167568128	0.000314444511079306	0.000137772079596603	1.62084799525416e-05	1.62084799525416e-06	
0.0505220673248135	0.154120843828613	0.231875620976358	0.230909702923284	0.168248614948314	0.0951852074691158	0.0440338298976029	0.017121466634361	0.00571908045902247	0.00177410201330495	0.000396774419107615	9.10629814345347e-05	1.62612466847383e-06	
0.0480831921252457	0.149313459077978	0.228846974007363	0.230564347585954	0.17199390177146	0.0990390224533115	0.0454605616841046	0.0184760637993663	0.00591031420910126	0.00175659048238426	0.000424849791088285	0.000124186862010422	6.53615063212747e-06	
0.0450573568860178	0.144180268707477	0.225150941327236	0.231260607627836	0.174334164213035	0.102491166106655	0.0488691470853471	0.0194402936829684	0.00667758867035789	0.00195745001219315	0.000445172578023859	0.000109656480616171	2.29132944571104e-05	3.2733277795872e-06	
0.0430085873097735	0.138467709586843	0.220955000532102	0.229822277888291	0.177692641436839	0.105919431551201	0.0522147727923901	0.0215313080707614	0.00733482321929975	0.0022397406616076	0.000584493725287949	0.00018991952978544	3.76564584919407e-05	1.63723732573655e-06	
0.0409467366448476	0.13390206986024	0.216355761733467	0.228696951231498	0.179597559936836	0.110510486898748	0.0554370687791166	0.022836278576062	0.00827223347027565	0.00244235645627347	0.000732215517071924	0.000204758254214744	5.56942451464103e-05	9.82839620230771e-06	
0.0390525591366617	0.12955356008232	0.211918267382044	0.229138163508145	0.181114226631261	0.113139041501699	0.0586803360800889	0.0241332701794111	0.00908690320781216	0.00300201179349988	0.00089614755572866	0.000199694022547271	7.59167358444169e-05	9.90218293622829e-06	
0.0377350388531508	0.12519715599891	0.206692155875042	0.228005648364534	0.183865826568784	0.11594506882912	0.0613376053907198	0.0265291460564671	0.00987472852341511	0.00339067028910708	0.00114288545546132	0.000203142935002519	5.61533316267125e-05	2.47735286588437e-05	
0.0356816586131417	0.121726345351671	0.203589807128402	0.225687027629786	0.185581299302028	0.120127204394334	0.06360054516169	0.0278048981951844	0.0108982777846611	0.00361293520009912	0.00127369594845744	0.000346921075455334	4.95601536364763e-05	1.98240614545905e-05	
0.0344397424774518	0.117539037292994	0.199387546220188	0.225474892215102	0.187546551961528	0.122678207958913	0.0661755313766441	0.029542766426518	0.0113516284270123	0.00409408431358562	0.00127898663118903	0.000373245125833373	8.95788302000096e-05	2.32241411629655e-05	4.97660167777831e-06	
0.032935124169661	0.113716670423357	0.195602020657377	0.223573341642248	0.188675899285345	0.1255684756235	0.0690242107635804	0.0320186022460588	0.012652311690378	0.00417987032789276	0.00149162700043754	0.000389480383447581	0.000134246430039379	2.81751766749314e-05	9.94418000291696e-06	
0.0313000554906784	0.109430930669781	0.191101614198988	0.221424371174663	0.191403085944294	0.128506472532114	0.0723333416155241	0.0339553258627972	0.0138146942629264	0.00464465260350668	0.00148416859227603	0.000467115561408304	0.000102699165983386	2.15336960932906e-05	6.62575264408941e-06	3.31287632204471e-06	
0.0290972374297413	0.106765078669878	0.187676268970689	0.219346618621967	0.19251226002535	0.132386706748157	0.0748176756717299	0.0354976674430796	0.0145096321660595	0.00511470340360866	0.00169218211861201	0.000456225571194415	9.62221204700948e-05	2.98620373872708e-05	1.6590020770706e-06	
0.0266340083783797	0.102149099266019	0.184987379255451	0.219577691109977	0.192375375340444	0.135604458055757	0.0779328898763184	0.0373670418270916	0.0153143886458165	0.0055517982276121	0.00185447675007935	0.000521779300649565	9.63796160435503e-05	2.65874802878759e-05	6.64687007196899e-06	
0.0255354418592364	0.097672322130276	0.180108574334454	0.218586750496972	0.193706783254192	0.137862657429483	0.0813960783795743	0.039647133413025	0.0166427811936573	0.00595705898280906	0.00214969257084739	0.000574572207876262	0.000113923799837535	2.47660434429423e-05	2.14639043172167e-05	
0.024441360372685	0.0928593470752383	0.175089648025268	0.215831849513434	0.197263610575249	0.140931811393427	0.0839663289773112	0.04195676102056	0.017805838796926	0.0068269467194516	0.00218818741841741	0.000599028682417436	0.000173272759376944	4.62060691671851e-05	1.48519508037381e-05	4.95065026791269e-06	
0.022897150800312	0.0890937602543322	0.170376501976252	0.213021332308793	0.199603925131626	0.1447272739265	0.0862377999211808	0.0436292462210467	0.0194756047891751	0.00729654992736429	0.00263335372519791	0.000737075213001545	0.000199521478239792	4.78191972640823e-05	1.48404405302325e-05	8.24468918346247e-06	
0.0209688616691649	0.0859927806168302	0.166731802718564	0.211568492619838	0.199438345841104	0.147558717265011	0.0886790243773735	0.0463109083923268	0.020434581142206	0.00817581127364892	0.00291050966074836	0.000844295153712837	0.000286928431144597	6.26625309396247e-05	1.64901397209539e-05	1.97881676651446e-05	
0.0205992695224106	0.0826253523363373	0.162256672886313	0.209253046964945	0.199113038760305	0.151165521987111	0.0923650535286567	0.0478548837455503	0.021550412216973	0.00875051278997446	0.00302215252689666	0.00105039236703852	0.000327523919171067	6.61664483173872e-05	
0.0198100096520934	0.079208528337684	0.158024007509395	0.207770432752107	0.199874622291361	0.152592631903652	0.0958476096972029	0.0503451203858184	0.0226890533319624	0.00912471101764907	0.00323726570455307	0.00111612695653904	0.00028525087150775	6.46789766790828e-05	9.95061179678197e-06	
0.0186127879513153	0.0756727508718001	0.153745545561828	0.206098368600921	0.200762171591515	0.155353873680681	0.0986391452790009	0.0522051024997967	0.0241249217828043	0.00989561635150185	0.0032847072726639	0.00118508387705004	0.000315358454677181	8.63086297011232e-05	1.82575947444684e-05	
0.0175418835245437	0.0729536953907417	0.150374856302323	0.203848613048246	0.20000563195505	0.158060818488715	0.101264208263072	0.0544079987013374	0.0255806711302671	0.010710653339915	0.00356635271278023	0.00123406073897876	0.000366077078274236	6.95712094457825e-05	1.32516589420538e-05	1.65645736775673e-06	
0.0171855003573387	0.0700932404806622	0.146439077899845	0.2	0.200521880765204	0.160489969584656	0.104125184902023	0.0569248923828677	0.0265228447487826	0.01178054415211	0.0039855734871275	0.00133129456346502	0.000437116691874283	0.000116342845746007	4.48750976448884e-05	1.66204065351439e-06	
0.0158832545875906	0.0673932776294484	0.143547781099027	0.197408539119622	0.200294589984606	0.162179101400799	0.10684373098548	0.0598373437692223	0.0280974341411837	0.0118334735351131	0.00446207403318958	0.00148292475320608	0.000520353640979262	0.000181209414909711	2.49370754462905e-05	9.97483017851621e-06	
0.0152216711026426	0.0649839938440424	0.137354803678918	0.195283430547274	0.200879755627138	0.164145544425827	0.110467459701463	0.0620809002088628	0.0300086276678315	0.0124951281991492	0.00459698131560275	0.00167889752395927	0.000569625945629037	0.0001815474505075	4.33048964513303e-05	8.3278647021789e-06	
0.0143120023160087	0.0629764705490871	0.133142218243893	0.191000841882489	0.200927069017726	0.166166972251154	0.112953676497503	0.0651244355560584	0.0315755847422941	0.014110682590336	0.00508789852154787	0.00174865315439726	0.000608950575175448	0.000193000728744131	5.49053797289338e-05	1.16465957000769e-05	4.9913981571758e-06	
0.0134331417487248	0.0601600111984509	0.129832039901147	0.186290896425994	0.200678906084658	0.168373375016456	0.116017284275675	0.0679705974006929	0.0336370135464594	0.0148329481088449	0.00584752442578777	0.00191973443673625	0.000651576531913085	0.000224968879305029	8.16553710070107e-05	1.99972337160026e-05	2.66629782880035e-05	1.66643614300022e-06	
0.0132375239634753	0.0579565417782736	0.126637364986273	0.182501486236449	0.197585951224726	0.170658352648841	0.119344786816916	0.0712475034567522	0.0354726231906324	0.0158042042122279	0.00616370643991263	0.00229281195936062	0.000699700080824544	0.000237129860327172	0.000106875430006613	3.67384290647732e-05	1.16895001569733e-05	5.00978578155998e-06	
0.0127386611318146	0.0559229237173668	0.123503937206052	0.180025873308042	0.196940842073825	0.171020552668625	0.12099211216465	0.073930209184521	0.0376589186568028	0.0167639572402476	0.00683075467170933	0.00246148786622392	0.000880900565622058	0.000218127759106414	6.54383277319243e-05	2.68464934284818e-05	1.84569642320812e-05	
0.0120216893407688	0.0549309046279312	0.121137382591521	0.177127939613227	0.195529339963985	0.171509434594968	0.1239256767859	0.0752990332348572	0.0391819885919701	0.018163313895195	0.00721133693928125	0.00259380103349642	0.000972465804413653	0.000291739741324096	7.71265982810829e-05	2.34733125203296e-05	3.35333036004708e-06	
0.0116023974144476	0.0525307907839303	0.119007303782244	0.176631256425245	0.196006101043493	0.171363395082881	0.124297002560019	0.0764914968386113	0.0412357972679689	0.0189145786718808	0.00763806298588294	0.00287750206615735	0.000952448144489911	0.000335960544793619	9.74285579901496e-05	1.6798027239681e-05	1.6798027239681e-06	
0.0109729567438732	0.0504735882507846	0.115583376524045	0.173831292886699	0.19520859855785	0.173977218786534	0.125841799551488	0.0786825742670578	0.0426120400608528	0.020342405898761	0.00795547750476775	0.00298896498281597	0.00106173671948513	0.000362298785795875	7.54789137074739e-05	1.84504011284936e-05	1.17411643544959e-05	
0.0101678967036794	0.0484134531670663	0.111378065604951	0.171298838720047	0.193683949691263	0.17394419962764	0.130674131718882	0.0810501747947334	0.0437773744625564	0.0216233140009912	0.00893897587698737	0.00328326122771535	0.00117032105975167	0.000428615438192314	0.000120548091991588	3.34855811087746e-05	1.33942324435098e-05	
0.0094101488237314	0.0467542691557164	0.109121211359849	0.168528428933946	0.192904700886912	0.17392360325955	0.132884433389446	0.0837047645369044	0.0456336942957882	0.0221602472299691	0.00959272380090953	0.00356439955445006	0.00113732485783439	0.000505849936768758	0.000137349982831252	2.84749964406254e-05	8.37499895312513e-06	
0.00886779742813766	0.0447210464403133	0.106304648723285	0.167300080768677	0.1918071740012	0.174916131280938	0.133953676985619	0.0853500366978012	0.047658546230851	0.0231966968627569	0.0100005697375521	0.00395632458953761	0.00125174691587657	0.000479249823213789	0.000145785785383216	8.88120301759819e-05	1.6756986825657e-06	
0.00846014632139189	0.0421886656117967	0.10255543921507	0.163842157554753	0.192639773057997	0.176291518778581	0.135141554405532	0.0874198393609227	0.049493026818898	0.0244287143186889	0.0111146050426353	0.00426185306977195	0.00151539987488752	0.000443246100270631	0.000132137516684452	5.51966841846446e-05	1.67262679347408e-05	
0.0082211883202428	0.0402454683409208	0.0997598679273601	0.158894058398786	0.190908332916437	0.179095169009622	0.136803575299748	0.0903630330014842	0.0519552420497941	0.0255257058048593	0.0113979355312088	0.00427735254389914	0.0017743092033952	0.000576984007870996	0.000140077042373305	5.16950989711008e-05	1.00055030266647e-05	
0.00807485046881397	0.0398100779193114	0.0946048948372215	0.156532607284673	0.188432593637976	0.179633802535623	0.139955198892288	0.0932219185924597	0.0532970087105868	0.0274548244402358	0.0118876044721225	0.00466816891282423	0.00167754519220208	0.000535882491953441	0.000163094671464091	4.49342462196985e-05	4.99269402441095e-06	
0.00757075056543991	0.0380330994078242	0.0924896958746965	0.152502715107957	0.187362376408618	0.179308386445384	0.142289923711279	0.0960068815947232	0.0550992550474438	0.0291089464052635	0.0125725274250813	0.00493203096717625	0.00182335690301668	0.000645979813545981	0.000181007197111856	5.97821935415304e-05	1.32849318981179e-05	
0.00707283720776974	0.036532283308895	0.0912236189597509	0.149784997611085	0.185483631810468	0.181013888660066	0.143354696278235	0.0971629569830469	0.0569995222169135	0.029691747532827	0.0132032884656573	0.00539565382144093	0.00206599996704944	0.000677133960492281	0.00023724401535496	5.76634759543305e-05	3.95406692258266e-05	3.29505576881889e-06	
0.00687142404226345	0.0353640967683116	0.0883971003017644	0.147654303141011	0.183404434967877	0.181089867318929	0.145871971062155	0.0986935587997102	0.059198065553681	0.0306396847325598	0.013826625905745	0.00586280478289224	0.00211908606610563	0.000708004724412036	0.000221764820871519	4.59956665511299e-05	1.97124285219128e-05	1.14989166377825e-05	
0.00656037148656936	0.0335495528584593	0.0860062898237997	0.144949612542919	0.181709664619249	0.180155245181792	0.14759770050863	0.101809554104618	0.0605928437677291	0.0319623397619836	0.0150572085381571	0.0064701889242696	0.00238737837651712	0.000778849401679691	0.000332855639033636	6.23079521343753e-05	1.31174636072369e-05	4.91904885271384e-06	
0.00624120169578414	0.0320164696117761	0.0833570667165746	0.142227791656156	0.180967182833847	0.180449659459855	0.148898635398273	0.102931818736625	0.063071126915284	0.0331914755112171	0.0161571448333103	0.00660249159838233	0.00251926472622525	0.000986223788173452	0.000309212078800257	5.69601197789947e-05	1.30194559494845e-05	3.25486398737113e-06	
0.00612709229124791	0.0307260175840595	0.0809393904602353	0.137732636266759	0.179621313678341	0.181480948446073	0.149889796426591	0.106126930583877	0.0652279022834698	0.0343013675592375	0.0165167908848789	0.00715231702406691	0.0027684301933535	0.000970244226642583	0.000313712299947769	8.57049066867615e-05	1.94048845328517e-05	
