# <P(N_1)> as a function of N_tot.
# number_of_species: 2
# species_total_upper_bound: 100
# species_total_lower_bound: 0
# volume: 512
# Bin widths for each species index 
1	1	1	1	1	1	1	1	1	1	1	1	1	1	1	1	1	1	1	1	1	1	1	1	1	1	1	1	1	1	1	1	1	1	1	1	1	1	1	1	1	1	1	1	1	1	1	1	1	1	1	1	1	1	1	1	1	1	1	1	1	1	1	1	1	1	1	1	1	1	1	1	1	1	1	1	1	1	1	1	1	1	1	1	1	1	1	1	1	1	1	1	1	1	1	1	1	1	1	1	1	
# Bin lower bound for each species index 
0	0	0	0	0	0	0	0	0	0	0	0	0	0	0	0	0	0	0	0	0	0	0	0	0	0	0	0	0	0	0	0	0	0	0	0	0	0	0	0	0	0	0	0	0	0	0	0	0	0	0	0	0	0	0	0	0	0	0	0	0	0	0	0	0	0	0	0	0	0	0	0	0	0	0	0	0	0	0	0	0	0	0	0	0	0	0	0	0	0	0	0	0	0	0	0	0	0	0	0	0	
# Bin upper bound for each species index 
0	1	2	3	4	4	5	5	5	5	5	6	6	6	6	6	8	8	8	7	7	7	7	8	8	8	9	9	10	9	10	10	10	10	11	11	11	11	11	11	10	11	11	11	10	11	11	12	12	13	13	13	13	12	13	13	13	13	12	12	13	13	13	13	13	13	14	14	15	14	14	14	15	15	15	13	14	14	15	15	15	15	16	17	17	16	16	16	16	16	16	16	16	16	16	16	17	17	17	17	17	
# Normalized histogram for each species index 
1	
0.950181249158531	0.0498187508414686	
0.902158053550285	0.095463631386629	0.00237831506308646	
0.856911939326617	0.135793720713474	0.00718453543749441	0.000109804522414167	
0.814699932396115	0.171517598176363	0.0133591433933558	0.000400235523211736	2.30905109545232e-05	
0.774462635023017	0.202990430161482	0.0214150322309903	0.00110495252297493	2.69500615359738e-05	
0.734740903212163	0.231960191922591	0.0310101209380533	0.0022152849503753	7.2209521083246e-05	1.28945573362939e-06	
0.696443383478264	0.258561179282082	0.0413374404666867	0.0034528997218209	0.000196010472930434	9.08657821531815e-06	
0.661260818521855	0.281426530259358	0.0516064781770409	0.00529923930693855	0.000396532872575136	1.0400862231479e-05	
0.627953866513443	0.30083744341862	0.0623974645302023	0.00808323995184895	0.000716285817540813	1.16997683445868e-05	
0.595717058414961	0.317994456453299	0.0746301597502158	0.0106080374935899	0.00102172628900443	2.85615989302383e-05	
0.566866776869782	0.329949942221094	0.0879521911937692	0.0136985236582598	0.00143669971032817	8.67979085590511e-05	9.06843820766205e-06	
0.537894855347491	0.341688417058864	0.100193715441463	0.0180438751887658	0.00197468112005569	0.00017598730820942	2.84685351515238e-05	
0.512091792159721	0.350724008333463	0.111975733701412	0.022100218675848	0.00280323826362071	0.000280453067406959	2.45557985287199e-05	
0.486680330513659	0.360850755168471	0.122377044737053	0.0259101128816176	0.00381262632390029	0.000338154399750127	3.097597554963e-05	
0.461954003068174	0.367382359926312	0.135027889571418	0.030240126321465	0.00484745784470419	0.000516069399780478	3.20938681455521e-05	
0.438151696463392	0.372390648412324	0.14614293191568	0.0362281656027423	0.00627065415956814	0.000758174428867588	5.38804162647017e-05	2.56573410784294e-06	1.28286705392147e-06	
0.416060055467684	0.374931112921106	0.158550884375835	0.0416378438440205	0.00760794653211896	0.00108045627220849	0.000122750061694692	2.55729295197276e-06	6.3932323799319e-06	
0.39468664031964	0.377314468759863	0.168895686472936	0.0481274061467026	0.00939139901179483	0.00138507163656947	0.000192938945684492	2.55548272429791e-06	3.83322408644687e-06	
0.375641403565189	0.376630386928575	0.180488825764101	0.0537113674385841	0.0115602584373042	0.00174571514982141	0.000219490501293335	2.55221513131785e-06	
0.355511462037445	0.377162261869383	0.189947275652521	0.0611261695172315	0.0135179795661129	0.00240564442577088	0.000313835401658076	1.53715298771302e-05	
0.337880393952804	0.377795387417798	0.198509812800379	0.0664460887731684	0.0160017598205189	0.00290473299097449	0.000429663781658759	3.21604626990089e-05	
0.319935156758407	0.376469872862224	0.208362604648997	0.0724505492657266	0.0183998519938779	0.00372473448814334	0.000615829668758676	4.14003138661295e-05	
0.306398327546364	0.370583790523368	0.216633551980984	0.0798459227462249	0.021323006217266	0.00445460566306488	0.00068562304211851	6.99879853958404e-05	5.18429521450669e-06	
0.290458223533641	0.368696808029191	0.223885344553375	0.0864700056117448	0.0241550703536951	0.00532857153940247	0.000862450186066839	0.000121544703883483	2.19814890002043e-05	
0.274927845368563	0.363672238715119	0.23161443247384	0.0947360004539487	0.027550301901684	0.00621471258082737	0.00109102445390744	0.000168941138843824	2.45029132674248e-05	
0.262331081299666	0.358170404887271	0.239155105637676	0.100871784187799	0.0306528482122407	0.00727629877986446	0.00131990481157065	0.000201867794710805	1.81163405509697e-05	2.58804865013853e-06	
0.250425655431441	0.35391804298503	0.244576221218745	0.107893749131481	0.0334498285040436	0.00793907445431039	0.00153119070532176	0.000227275974072357	2.85718367405249e-05	1.03897588147363e-05	
0.236987698644806	0.351128590392098	0.248618165570014	0.11436756079355	0.0371763289775532	0.0094080681153511	0.00193450306719695	0.000304830786346186	5.60159137302821e-05	1.69350436858992e-05	1.30269566814609e-06	
0.223150256546413	0.345087950362226	0.255670113879664	0.120515996384939	0.0414162565281024	0.0114847517391924	0.00230715204053473	0.000304742871567228	4.70847355211169e-05	1.56949118403723e-05	
0.21242173040978	0.3372038496751	0.260748892371186	0.12804885257142	0.0454925779346417	0.0125664807155026	0.0029803851514033	0.000482063177860296	4.46598039434607e-05	7.88114187237542e-06	2.62704729079181e-06	
0.202403840467627	0.331357292013	0.263333022318184	0.135324443556664	0.0493291928894052	0.0140482476486598	0.00346803793683939	0.000645246921935636	8.14772080651923e-05	7.88489110308312e-06	1.31414851718052e-06	
0.191486923929906	0.325445197451424	0.266554813084235	0.141829727942939	0.0538095626911234	0.0160484429612577	0.0038362969264848	0.000852071442305413	0.000115892251812792	1.58034888835625e-05	5.26782962785418e-06	
0.183223770223624	0.318262985626494	0.269572552765708	0.146838656440484	0.0586437475445205	0.0178686635490564	0.00437683052297278	0.000953941446916312	0.00022863059471548	2.89073165732216e-05	1.31396893514644e-06	
0.174528407305694	0.311203194038916	0.271398654075962	0.15380843391392	0.0629697357713691	0.0196656355540598	0.00507580846809445	0.00107931591616305	0.000232690520293374	3.02366212810599e-05	1.31463570787217e-06	6.57317853936085e-06	
0.165898647813382	0.304573394459217	0.273713239645554	0.158702416366166	0.067463354716872	0.0221397215668637	0.00587455516716246	0.00133219708626272	0.000256444651353633	3.41926201804844e-05	2.63020155234496e-06	9.20570543320735e-06	
0.158031873864216	0.298193204251592	0.275141523617775	0.164355658983645	0.0713540509092811	0.0244165827766084	0.00665847376746983	0.00151132842630967	0.000277164036658866	2.87623056910144e-05	1.56885303769169e-05	1.56885303769169e-05	
0.148972901038822	0.289074360052445	0.276648054059081	0.171745511558547	0.0770137570877884	0.026698154850084	0.00765068549670514	0.00180624812531354	0.000319597202738581	5.89421070624433e-05	5.23929840555051e-06	6.54912300693814e-06	
0.140704644138191	0.283023147274138	0.276473318230445	0.177730319048518	0.0817116082478552	0.0294296561995259	0.00831838776666037	0.00207664715876911	0.000439189897845741	8.65269649487131e-05	5.24405848174019e-06	1.31101462043505e-06	
0.134793100954109	0.276005234121739	0.276961316158049	0.180318124132852	0.0869653272312417	0.0324318281945568	0.00950821612451423	0.00239349285568685	0.000514206432183273	9.46876294557434e-05	1.05208477173048e-05	3.94531789398931e-06	
0.128631585045981	0.269286376420769	0.277430449484362	0.184290431997977	0.0911490977657456	0.0349754031875783	0.0108710537126966	0.00255712043484215	0.000661006415185767	0.000129041093004393	1.84344418577704e-05	
0.12217023426321	0.262802218583947	0.276190954800452	0.190252566262607	0.0951613287170142	0.0377751739715774	0.0117806066986	0.00296631127356981	0.000714136463543334	0.000161341941763494	1.98371239873148e-05	5.28989972995062e-06	
0.114989961488137	0.256509140608032	0.276064373612752	0.193220163900558	0.101326725749975	0.0401778856086411	0.0132023647449582	0.00344726205548463	0.000814470289713042	0.000205272999846376	3.1784206427826e-05	1.0594735475942e-05	
0.109126208445702	0.247540038564244	0.275738319738664	0.198955717381077	0.106182868729169	0.0430859346528224	0.0144092448166873	0.00376895909672204	0.000938264078930803	0.000213362311734265	3.84317207471657e-05	2.65046349980453e-06	
0.104045608454276	0.24010413154739	0.273013455393065	0.204381299158724	0.110409056112836	0.0467150833409356	0.0155615580596839	0.00435644297422757	0.00113042753959471	0.000226085507918942	5.68519113480381e-05	
0.0986571052277352	0.234506430745111	0.272733271220931	0.204920780293653	0.114790053921659	0.0503796686576067	0.0172916177289559	0.00499626533784836	0.00136453733738384	0.000295605767479671	6.2024424426538e-05	2.63933720963992e-06	
0.093402643366698	0.227494647695942	0.270909536186315	0.209639150688755	0.118786916414522	0.0532452211100665	0.018998375216923	0.00566172385007755	0.0014272810822056	0.000348920190760593	6.84673581869844e-05	1.71168395467461e-05	
0.0886916826392367	0.219856417302292	0.267956358830887	0.213297393958304	0.124006576066579	0.0569126049142201	0.0208373210132596	0.00627715446152555	0.00170170143923562	0.000360529965939751	8.12831195936893e-05	1.17991625216646e-05	9.17712640573911e-06	
0.0844858921558736	0.213564181420075	0.265567897562363	0.215545425122223	0.128327460797713	0.0603362086700377	0.0230149235347379	0.00678497347203786	0.00186986426122017	0.000407517719158705	7.46897427396984e-05	1.8344849093961e-05	2.62069272770872e-06	
0.0795803456667689	0.206641917152196	0.262751110792137	0.217770064396584	0.134003614560022	0.0638941990878782	0.024718631947752	0.00787243343402775	0.0021661262225238	0.000506299382132068	6.78545563682154e-05	2.0878325036374e-05	5.21958125909349e-06	1.30489531477337e-06	
0.0751881663886033	0.200048862509521	0.259294002061632	0.221715596677872	0.138031363459988	0.0672695655809347	0.0269410109313534	0.0085587780714464	0.00223147503373995	0.000597063284788735	9.1453894825408e-05	2.35167158122478e-05	2.61296842358309e-06	6.53242105895771e-06	
0.071689473250889	0.193570856360992	0.256951423347791	0.222705608838439	0.141465728702057	0.0712359988133868	0.0292406067409563	0.0096654090483179	0.00268556187051018	0.000616829782423749	0.00013329796145598	2.22163269093299e-05	1.43752703530958e-05	2.6136855187447e-06	
0.0681749894838051	0.187816628912874	0.253798240594864	0.224717369096234	0.144610090844248	0.0745447989904453	0.0315133131108864	0.0107813859430479	0.003093459579927	0.000760301298782734	0.000142393198569275	4.18035078368514e-05	3.91907885970482e-06	1.30635961990161e-06	
0.0646439011895879	0.181314466501922	0.251884744708405	0.225109543231189	0.149082032296468	0.0775407952975799	0.0336947530327761	0.0120500821329207	0.00356105344455146	0.000922606874074616	0.000159430649627625	3.13634064841229e-05	5.22723441402049e-06	
0.0603455043096455	0.174821936017333	0.247753593987953	0.228564288816902	0.15275168382326	0.0820010152656176	0.0354309383880303	0.013147428080991	0.00401003752296123	0.000947232354526567	0.000163541497673786	4.97166152928309e-05	9.158323869732e-06	3.92499594417086e-06	
0.0578466317790456	0.170261473492536	0.243525477627624	0.228562020420934	0.157372119901818	0.0851759970718537	0.0372971320696301	0.0139624824698232	0.004499794688668	0.00114003544736224	0.000263690592542935	8.00255032095474e-05	1.04951479619079e-05	2.62378699047697e-06	
0.0554695427489461	0.165471059596414	0.240552394003745	0.22829077442909	0.160384390070403	0.0881981421233772	0.0399100875587125	0.0151449373908131	0.00483298986327451	0.00133508729718703	0.000291600849434582	9.28415260531629e-05	2.35372882951681e-05	2.61525425501867e-06	
0.0523015552282001	0.159348968178441	0.237501466581496	0.229830919448826	0.163442360088125	0.0921104433638817	0.041919461862363	0.0162327758150934	0.00527838975869846	0.00154740643210054	0.000337639651149148	0.000129059171674771	1.8250791954008e-05	1.30362799671486e-06	
0.0506286160267395	0.154783237428006	0.231554919232009	0.230619140780494	0.167743181672838	0.0951909862478416	0.0439685359178394	0.0173008077451655	0.00583523773601651	0.00185720046932487	0.000421557098799672	9.00539932420351e-05	6.52565168420544e-06	
0.0479060293710678	0.1497709360995	0.228741256815192	0.230178726239457	0.171923179325622	0.0988115957615637	0.0458573731295519	0.0183421623160046	0.0061105566128184	0.00177585182523205	0.000448553415235864	0.000124598170898851	9.18091785570483e-06	
0.0452136395048493	0.144335748125842	0.224621686886284	0.230724358923828	0.174330151272693	0.102675978989466	0.0491340643401625	0.0195232952589661	0.0067871698053714	0.00204561041172344	0.000459835352667439	0.000122184822280205	2.36486752800397e-05	2.62763058667108e-06	
0.0430167201033138	0.139071175509796	0.221184320924984	0.229658785747539	0.177162869113969	0.106121498891376	0.0520224828446006	0.0213847412289815	0.00731849732115381	0.00227379728091194	0.00057075073447992	0.00017753767086357	3.15622525979679e-05	5.26037543299465e-06	
0.0408806979573491	0.134667069124825	0.216524685931056	0.229181028403616	0.179155391467448	0.110187419843384	0.0550449404287234	0.0227213113457612	0.00816164055301969	0.00248856223580445	0.000743405244170398	0.000181897027828927	4.87694929686254e-05	1.31809440455744e-05	
0.0388963313823368	0.130038966769267	0.212416737104551	0.229179624579366	0.18090840948599	0.112914586755551	0.058406296349457	0.0241987358393272	0.00891770197066594	0.00297035229574343	0.000874492980133859	0.000202010536444296	6.37928009824091e-05	1.19611501842017e-05	
0.0377427400440392	0.125050799106467	0.207304181065281	0.22821481979266	0.184026901613087	0.115776807983362	0.0608951798620389	0.0264752990174855	0.00977733390352287	0.00337996669172313	0.0010651211342876	0.000215149156801237	5.3123248592898e-05	2.25773806519816e-05	
0.0355649424829308	0.121653250444993	0.203731303631678	0.225316808798916	0.186561196567573	0.120170824367047	0.0631279721580192	0.0278552642065832	0.0108246327143275	0.00355197789644271	0.00124731011397147	0.000318801307085359	5.84469062989825e-05	1.72684041337903e-05	
0.034408255315519	0.117341280842806	0.199634524748886	0.224889904246017	0.187558646648611	0.123225938879529	0.0664799748352562	0.0293926339809345	0.0112734853170118	0.00406261329466209	0.00126223582350558	0.000350547013286132	8.53042161608838e-05	3.06562026828176e-05	3.99863513254143e-06	
0.0327089221908165	0.113740600501307	0.195138925923951	0.22356141005813	0.188904591755106	0.126170604234441	0.069256306330329	0.0318703002506533	0.0124793344354968	0.00416377793184363	0.00146658844861607	0.000385312783318223	0.000118660338115301	2.66652445202923e-05	7.99957335608768e-06	
0.0310677747826296	0.109293136133486	0.19136464107548	0.221793836038299	0.191237991633138	0.128830479054849	0.0723501603781886	0.0339220532674223	0.0135261604421799	0.00457537774862619	0.00147313298724707	0.000438607016112475	9.99864018493485e-05	1.86641283452117e-05	5.33260809863192e-06	2.66630404931596e-06	
0.0289088632668697	0.106283920329106	0.187636649038551	0.219762354140916	0.19275423061419	0.132926311630552	0.0747308397692416	0.035453334436759	0.0142622219967912	0.00503482464875024	0.00167382558577222	0.000435141260735042	0.000108117920612081	2.80305720105395e-05	1.33478914335902e-06	
0.02653531176952	0.101734965150924	0.184514225804899	0.220280664780234	0.192914912623229	0.135603827781908	0.0779931960053277	0.0373631311213219	0.0151097358103012	0.00548545325195642	0.00182135234743165	0.000510834505667321	9.89574696842454e-05	2.80825251806642e-05	5.34905241536462e-06	
0.0254171457808417	0.0975234405083429	0.179426981667304	0.21919423544037	0.194424643279233	0.137950239634812	0.0812213447530169	0.0396473364360834	0.0164233455071637	0.00597721304114364	0.00206524302580754	0.000548954920408199	0.000125246996403812	3.06455416732732e-05	2.39834673964747e-05	
0.0244064379879688	0.093220700541832	0.174738150091727	0.216500810614787	0.197391366952515	0.141077637697854	0.0834093284696446	0.0417199965868851	0.0177055335125219	0.00679023209181279	0.00219319296898332	0.00059596185844106	0.000181321728742694	4.13306881692905e-05	2.39984640982977e-05	3.99974401638295e-06	
0.0230748619973952	0.0894174230538	0.170768642182341	0.213504459673646	0.199468918254202	0.144153235212959	0.0857289110291442	0.0436156215882597	0.0193543570964865	0.0072837114935741	0.00261675067018411	0.000749166518921787	0.000198622440070011	4.53232413582576e-05	1.33303651053699e-05	6.66518255268494e-06	
0.0212587073426816	0.0863965591672929	0.167370182647672	0.211994148026158	0.199063044625298	0.147064153195935	0.0882166402848174	0.0460549808398489	0.020384642032948	0.00803180744980786	0.00294464075382803	0.000867403226580113	0.000267815742768975	5.59614984890395e-05	1.33241663069142e-05	1.5988999568297e-05	
0.0208085818713841	0.0829753548859052	0.162801656356709	0.209925325117405	0.198712078535443	0.150613925250362	0.091843164057807	0.0477070245650195	0.0214613530116911	0.00869026610102067	0.00305427478327731	0.00104123003975363	0.00030435955008183	6.14058741393166e-05	
0.0198194200915195	0.0797681542146003	0.158852050635077	0.207930173630415	0.199666958901766	0.152276760894667	0.0955221207715007	0.0500216503442672	0.0223239105332934	0.0091118547662832	0.00326759825514262	0.00107182568532695	0.000302035666937519	5.74669631783775e-05	8.01864602488988e-06	
0.0189007090775571	0.0760616433317148	0.154592551274694	0.206563481903875	0.200554848841144	0.154805234412934	0.0981004319206625	0.0520552013065968	0.0237068129498616	0.00976202228223721	0.00331999716422482	0.00116373792621902	0.000315680632859411	8.2933047615608e-05	1.47139278027692e-05	
0.017755410810681	0.0735219167518325	0.150307264135084	0.204181887559738	0.20048217654546	0.157377141042643	0.100966220958002	0.0539346620094514	0.0256378098991619	0.0105401071088353	0.00367702977113291	0.00118876397898383	0.000329545120997761	8.53882094892985e-05	1.33419077327029e-05	1.33419077327029e-06	
0.0172593352147925	0.0704130074692414	0.146856755539097	0.200470320226845	0.200793849206084	0.159662888151219	0.103713765088549	0.0565547372262871	0.0265333869874506	0.011766027050766	0.00405347051675065	0.00134491798807756	0.000414437948612368	0.000118983798150002	4.27806914696638e-05	1.33689660842699e-06	
0.0160613060398901	0.0676132621338211	0.143686030992362	0.197690869958464	0.200654102099246	0.161866221691982	0.106453246262226	0.0593501463580167	0.0281587212945236	0.0117741049849901	0.00449027196806443	0.00148428805609032	0.00052638118280791	0.000158983149122186	2.40478712957928e-05	8.01595709859761e-06	
0.0155476068630739	0.0654039024012207	0.138109942264344	0.194608310139749	0.200785397328473	0.163573223803498	0.110562244542103	0.0619766411771072	0.0299220615410516	0.0124517143655024	0.00462980902204805	0.00165149897583013	0.000565197465029242	0.000165684363270983	3.60764339380367e-05	1.06893137594183e-05	
0.0144904900735805	0.0632428795694102	0.133720992321575	0.190740503422719	0.200654908745288	0.1657749442006	0.112630688068006	0.0654962141842608	0.0314065186514166	0.0140072512521492	0.00520883392603509	0.00173138329115005	0.000634084088894585	0.000190892683604054	5.33965548542808e-05	1.20142248422132e-05	4.00474161407106e-06	
0.0135320582972884	0.060453972695361	0.130208145425197	0.186819104428151	0.200440690513128	0.167908697691386	0.115843612325972	0.0679302110851436	0.0333631313880415	0.0148348880434971	0.00578322783752978	0.00191616190365474	0.000637384398914442	0.000211125230667677	7.75016669539573e-05	1.73710632827835e-05	2.13797701941951e-05	1.3362356371372e-06	
0.0132862724987914	0.0584801647396297	0.127074936767011	0.183124604376497	0.197658175951967	0.169754199284739	0.119125074450668	0.0709705162001982	0.0353757521854443	0.015658010357657	0.00620043855783381	0.00221415617680131	0.000715794759207177	0.000225689019227636	9.08097828844926e-05	3.20505116062915e-05	9.34806588516836e-06	4.00631395078644e-06	
0.0129100911536763	0.0565474039272377	0.123560749039607	0.180233974487679	0.19686784724732	0.170377063004457	0.121111244963793	0.0736430684388762	0.0375202452181129	0.0167998500849965	0.00686530404636657	0.00240533269084046	0.000825871046326413	0.000226211032138029	6.82648676866241e-05	2.27549558955414e-05	1.47237949912326e-05	
0.0121858125858121	0.0549691778486927	0.121565345500875	0.177848692715651	0.195946262103928	0.170875440006096	0.123362134542601	0.0753073859526926	0.0389638516526047	0.0180227031782043	0.00715373375169284	0.0024812801052405	0.000922458659814626	0.000296791047070793	7.62031066803387e-05	2.00534491264049e-05	2.67379321685399e-06	
0.0118699521938144	0.0529626726520261	0.118583149857812	0.176834732919388	0.196502952105532	0.170941222736162	0.124429843686882	0.0764711704891105	0.040885390889805	0.0188067982696676	0.00754144584952956	0.00282101974045013	0.0009283014224146	0.000311663157669455	9.36327083127118e-05	1.47137113062833e-05	1.33761011875303e-06	
0.0110024988680969	0.0509977442072605	0.115840099153377	0.173881686408749	0.195667649207534	0.173738779467879	0.12572471849336	0.0783156747544872	0.0422750784986491	0.0200871064549863	0.00804285605531434	0.00294628702391621	0.00102839574270874	0.000339237037205221	8.81482065178921e-05	1.4691367752982e-05	9.3490522064431e-06	
0.0102373016931076	0.0484562058392214	0.111454472736968	0.171163844820691	0.19455272630316	0.174331422477003	0.130155979202773	0.0807772297027063	0.0435528596187175	0.0214038128249567	0.00885881882415678	0.00331822423676843	0.00116117850953206	0.000414611385148647	0.000122650313291561	2.79962671643781e-05	1.06652446340488e-05	
0.00950191959319031	0.0465638081313914	0.108924574261177	0.168210522945742	0.193620120644898	0.174710993839693	0.132840117496712	0.0833629031612592	0.0455579893228465	0.0217971874424722	0.00952859913718355	0.00354170946510182	0.00119791152529621	0.000486901677876522	0.000122725902368877	2.53455667935724e-05	6.66988599830852e-06	
0.00887500467456981	0.0444324538018944	0.105955134814593	0.167448432817083	0.191963212471218	0.175265649124119	0.133720743870971	0.0857342814251294	0.0476632493335399	0.0230897036589861	0.00993412863347633	0.00389992680959275	0.00132624223353617	0.000494168808064835	0.000124209997702783	7.21219341500029e-05	1.3355913731482e-06	
0.00840262055977401	0.0422268079792172	0.102041552301004	0.163771629301652	0.192585765899331	0.176902476976606	0.13524599469744	0.087246475534096	0.049934886702863	0.0243677331890823	0.0109470478632821	0.00419529982168974	0.00151597112308751	0.000434088647580123	0.000116202191813756	5.20906377096147e-05	1.33565737716961e-05	
0.00828607994619186	0.0402973860613963	0.0988684543104564	0.159072983962986	0.191042919732187	0.179260378285106	0.137093319489837	0.0900325491206132	0.0519184497063373	0.025873815106582	0.0114168809695074	0.00428116354765397	0.00177625582354346	0.000571177680297973	0.00013745631091283	6.00537280687121e-05	1.06762183233266e-05	
0.00808289574346219	0.0394198045632179	0.0939266130744243	0.156697895429706	0.188833213838922	0.179771665538479	0.140152926144443	0.0931028359562023	0.0533759507816537	0.0273728986674037	0.0120682680252981	0.00472637114830792	0.00169962442706101	0.000547404568024363	0.000164221370407309	4.67296582459822e-05	1.06810647419388e-05	
0.00750483321406065	0.0378379244416436	0.0917683154780342	0.152326351430738	0.18736181280241	0.179687416553625	0.142643901605375	0.0963438471315809	0.055059921173216	0.0290099654999306	0.0127225681723508	0.00505751791760572	0.00178909028764299	0.000628851884686455	0.000180244170770003	6.40868162737789e-05	1.33514200570373e-05	
0.00701247192621972	0.0363472494332149	0.0905634932012339	0.149140132630361	0.185168814344043	0.181006196142145	0.144242153942541	0.0978932054814886	0.0571537036152127	0.0295776853931391	0.0133665705654046	0.00548467423795947	0.00207334490796048	0.000641117535560122	0.000241580520645843	5.30946199221633e-05	3.1856771953298e-05	2.65473099610816e-06	
0.00682963659604342	0.0349389690639716	0.0879640238692885	0.147315367344641	0.182736490737736	0.180847611415401	0.146700753034989	0.0991913318188742	0.0595579810449768	0.030628721297578	0.0140990403274411	0.00599646331851989	0.00217234368066548	0.000711310095437416	0.000237103365145805	4.6360993184934e-05	1.72197974686898e-05	9.2721986369868e-06	
0.00657151671877007	0.0333766314588026	0.0849808468689629	0.144315167982162	0.18161908507221	0.179827575477107	0.147931289714775	0.102259049904069	0.0610834594540199	0.0323888515933578	0.0153238289313572	0.00658608183742944	0.00247871837548611	0.000824915356799064	0.000327053118987751	8.3418406867321e-05	1.58892203556802e-05	6.62050848153342e-06	
0.00613705250384635	0.0314604552974358	0.0827008295484009	0.141256180813386	0.180627814022171	0.18011979294851	0.149646425229432	0.103935057534045	0.0635013180909463	0.0334701656069733	0.016314583495106	0.00682143322484144	0.00258222110498532	0.0010226227311792	0.000300074623820924	7.37025391840866e-05	2.23739851094549e-05	7.89670062686642e-06	
0.005962070969059	0.0305209352966117	0.079942263702556	0.136818798059055	0.178612182725174	0.181076313461508	0.150921791657288	0.107346067074607	0.0655814720400333	0.034917897205312	0.0167477138415314	0.0073636025774572	0.00285148214257672	0.000921268209441952	0.000310142848917248	7.58999377097063e-05	2.61723923136918e-05	3.92585884705377e-06	
