# <P(N_1)> as a function of N_tot.
# number_of_species: 2
# species_total_upper_bound: 100
# species_total_lower_bound: 0
# volume: 512
# Bin widths for each species index 
1	1	1	1	1	1	1	1	1	1	1	1	1	1	1	1	1	1	1	1	1	1	1	1	1	1	1	1	1	1	1	1	1	1	1	1	1	1	1	1	1	1	1	1	1	1	1	1	1	1	1	1	1	1	1	1	1	1	1	1	1	1	1	1	1	1	1	1	1	1	1	1	1	1	1	1	1	1	1	1	1	1	1	1	1	1	1	1	1	1	1	1	1	1	1	1	1	1	1	1	1	
# Bin lower bound for each species index 
0	0	0	0	0	0	0	0	0	0	0	0	0	0	0	0	0	0	0	0	0	0	0	0	0	0	0	0	0	0	0	0	0	0	0	0	0	0	0	0	0	0	0	0	0	0	0	0	0	0	0	0	0	0	0	0	0	0	0	0	0	0	0	0	0	0	0	0	0	0	0	0	0	0	0	0	0	0	0	0	0	0	0	0	0	0	0	0	0	0	0	0	0	0	0	0	0	0	0	0	0	
# Bin upper bound for each species index 
0	1	2	3	4	4	5	5	5	5	5	6	6	6	6	6	6	6	6	7	7	7	7	8	8	8	9	9	10	9	10	10	10	10	11	11	11	11	11	11	10	10	11	11	10	11	11	12	12	13	13	13	11	12	13	13	13	13	12	12	13	13	13	13	13	13	14	14	15	14	14	14	15	15	15	13	14	14	15	15	15	15	16	17	17	16	16	16	16	16	16	16	16	16	16	16	17	17	17	17	16	
# Normalized histogram for each species index 
1	
0.950350189522477	0.0496498104775228	
0.90162228750411	0.0960158323157695	0.00236188018012038	
0.857115465202405	0.135708067301998	0.00707595674635881	0.000100510749238051	
0.815514745695132	0.170725501542911	0.0133377601189026	0.000398720989945094	2.32716531096359e-05	
0.774450896002713	0.202925443801708	0.0214726455139203	0.00112457245248565	2.64422291732448e-05	
0.734194869870457	0.232230222576635	0.0313045789650616	0.00219371281594233	7.50521847221897e-05	1.56358718171228e-06	
0.696188270145914	0.258606725284422	0.041531940373767	0.00348712615423403	0.000174907818852227	1.10302228105008e-05	
0.661860448993483	0.280937629990042	0.0515264770020042	0.005275232248875	0.000387606670616263	1.26050949793907e-05	
0.628702936515688	0.300858177098265	0.0617641777220502	0.00795798586717157	0.000702545862382922	1.41769344427047e-05	
0.596545725059238	0.317894057356078	0.0740905763160174	0.0104320992513638	0.00100447922160732	3.30627956955389e-05	
0.566916505898501	0.33020444679242	0.0876559922894173	0.0136916301498878	0.0014307973629304	9.59105924601696e-05	4.71691438328703e-06	
0.538014064803606	0.341541727311123	0.10021054813168	0.0180810759464853	0.0019547533478095	0.000177419380162629	2.04110791337538e-05	
0.51197077107303	0.35112064622546	0.111964179498004	0.0219342506085436	0.00269469864731464	0.000290343185645433	2.51107620017672e-05	
0.487284136058176	0.360881236025877	0.122029959892503	0.0257531523112768	0.00369559695571869	0.000322992351666546	3.29264047815411e-05	
0.462175726214204	0.367957367569034	0.134380429256303	0.030274390909573	0.00467559365067483	0.000513098836248171	2.33935639626826e-05	
0.437294505195846	0.373466745180976	0.145878857835473	0.0362936039473746	0.0062775001835298	0.000741928984119596	4.68586726812376e-05	
0.414778527500436	0.375960149889202	0.158938264073899	0.0415214251923412	0.00761584045016558	0.00106130020167816	0.000124492692278963	
0.394280771983981	0.377105386155033	0.169624986219008	0.048018409852128	0.00944560817263274	0.00132297520353166	0.000201862413684408	
0.375107564976999	0.376188253826987	0.181214619844052	0.0538313288131494	0.0116457015097084	0.00179236199510356	0.000217068061690743	3.10097230986776e-06	
0.354473573142831	0.377163432711461	0.190635935915825	0.0612699406472271	0.0136179649988397	0.0025011953097137	0.000323940612964166	1.40166611378726e-05	
0.337662784873529	0.377188204357626	0.198945028800401	0.0666901452541948	0.0161172677185074	0.00292386676684197	0.000446093163035312	2.66090658652642e-05	
0.32023727688438	0.375842557883825	0.208218173924397	0.0728300349371493	0.0184595878957957	0.00378315371873786	0.000591461870372322	3.77528853429142e-05	
0.306829053780355	0.370216139623076	0.216517902879813	0.0799431319361148	0.0211931260254929	0.00449522500555598	0.000723460125368232	7.56559608228216e-05	6.3046634019018e-06	
0.290251534783182	0.368467353260904	0.223990373437726	0.0865322383014019	0.0243287483583947	0.00541179945080839	0.000856148244032097	0.000135098621994056	2.67055415569645e-05	
0.275670949271581	0.363361711663008	0.23116351151665	0.0947109124157935	0.0276152017587983	0.00619434219783974	0.00107652747025446	0.000177070748382467	2.97729576926271e-05	
0.262382479640285	0.358536930478257	0.238850108480332	0.100558123447474	0.031014369713549	0.00717385152344118	0.00126717605257366	0.000191805804483854	2.20105021538849e-05	3.14435745055498e-06	
0.25034965476525	0.354379445666964	0.24444419888805	0.107518445670122	0.0336663078035366	0.00785973397823458	0.00152174805282549	0.000219422177741435	2.84143827291067e-05	1.26286145462697e-05	
0.237067295451275	0.350686586613656	0.248849099601316	0.114593464498815	0.0371213810488494	0.00939223286538221	0.00190406606666445	0.000317871494517903	4.5862056422981e-05	2.05588528792673e-05	1.5814502214821e-06	
0.223242104995696	0.345380830932727	0.255082562863069	0.120820642145015	0.0413227209060794	0.0114927378347218	0.00229156013479392	0.000309670288485665	4.12893717980886e-05	1.58805276146495e-05	
0.21327437573843	0.33718245539169	0.260707427446809	0.127482795188704	0.0453009607943671	0.0125505157462637	0.00299193340360688	0.000452213457490343	4.77690271996841e-05	6.36920362662454e-06	3.18460181331227e-06	
0.202924778007503	0.331888133926056	0.262983318133273	0.135070437554812	0.0490556067529648	0.0139363061785458	0.00342677788972237	0.000612777281719978	9.07228702806202e-05	9.54977581901265e-06	1.59162930316877e-06	
0.192339975503976	0.325739778325319	0.265869457535713	0.14143666471824	0.0538179872168344	0.0160466475646525	0.00379704295723389	0.000810694154879216	0.000116268513371675	1.91126323350699e-05	6.37087744502331e-06	
0.184155480576037	0.318296518954194	0.268931182133573	0.146474040546074	0.0587575266069722	0.0177829480493511	0.0044040768261445	0.000941123444289618	0.000220600604985256	3.49152036667312e-05	1.58705471212415e-06	
0.175198826100213	0.311972761459498	0.271208646712064	0.15303098638073	0.0627350340481756	0.0194443032828539	0.00501035420266287	0.001111647525155	0.000246150523427178	3.17613578615713e-05	1.58806789307856e-06	7.94033946539282e-06	
0.166171592771126	0.305426423118918	0.273644745144223	0.158272660954642	0.0673221031819822	0.0218372883618696	0.00564686212152276	0.00135092395251741	0.000271774112800561	4.13223797240619e-05	3.1786445941586e-06	1.11252560795551e-05	
0.158737020809305	0.298695335932459	0.274717853970398	0.163959463745044	0.0713360460584756	0.0242883040944899	0.0064436425829477	0.00145313291353938	0.000296622136531383	3.47111010834597e-05	1.89333278637053e-05	1.89333278637053e-05	
0.149439774802913	0.288780472376193	0.276707757754987	0.171745989072248	0.0769133449832763	0.0266899665525394	0.00751500391406454	0.00179967896763583	0.000327358125044478	6.64204891394593e-05	6.3257608704247e-06	7.90720108803087e-06	
0.141138744388228	0.28314528452774	0.276052479472988	0.177551327426621	0.0818356730563671	0.0294892198547867	0.00820605398386343	0.00203805316040761	0.000441815720088363	9.50141333523362e-05	4.75070666761681e-06	1.5835688892056e-06	
0.135040578813337	0.276042236872377	0.276686420575799	0.180290517330287	0.0870108130835932	0.032513823769744	0.0094374499210637	0.00237364241457823	0.000504557679034676	8.40929465057794e-05	1.1106615576235e-05	4.75997810410072e-06	
0.129253980760189	0.269451080809749	0.277045659605292	0.183977519665527	0.0912366090150081	0.0347959105869795	0.0109177034222465	0.00251934782884955	0.00066875500374884	0.000122313860543137	1.11194418675579e-05	
0.122947522982635	0.263347484678243	0.275804392236977	0.189697714504597	0.0948065628192033	0.0379357124616956	0.0117594484167518	0.00285048518896834	0.000686287027579162	0.000148429519918284	1.59601634320735e-05	
0.115217745516816	0.256976770190701	0.275783299201605	0.192985370747245	0.101085293112207	0.0403686226649585	0.01321712571445	0.00337057472292598	0.000765168384967556	0.000193288882215186	3.03511467941202e-05	6.38971511455162e-06	
0.109141215825476	0.247804235931614	0.276009700021407	0.198848841333082	0.105864742850388	0.0430861787474959	0.0144621695970146	0.00364709302882849	0.000891405129253744	0.000206077529881242	3.51450050960257e-05	3.19500046327507e-06	
0.104457117035123	0.240508020964934	0.272879878054602	0.204296729559348	0.110228202100949	0.0466014721279026	0.0154563882904414	0.0041624368712986	0.00110902847832382	0.000240262984543612	6.04635325341539e-05	
0.0991888877945564	0.234498162050878	0.272871108456472	0.204763735373452	0.114651806337033	0.0501107217405394	0.017250034153765	0.00492608489831709	0.00135026512852935	0.000316120894796872	6.98960772415195e-05	3.17709442006907e-06	
0.0936744532134348	0.227583531888957	0.271095314615013	0.209461010535981	0.118618844445852	0.0531184446959922	0.0188856082134743	0.00568515542749487	0.0014169351455327	0.00035779591384401	8.23247235393298e-05	2.05811808848325e-05	
0.0890057144298815	0.219833676030931	0.268333795869968	0.212804170398496	0.124016058430992	0.0567516682855449	0.0207968034513643	0.00630416409117859	0.00168405383926431	0.000350056135127975	9.46097662508042e-05	1.41914649376206e-05	1.10378060625938e-05	
0.0850118231595387	0.214041694348498	0.264985185628328	0.215364124975992	0.127869595745552	0.0606208496931646	0.0229536173200628	0.0067569907776207	0.00188603796635359	0.000407749443477111	7.71417866037777e-05	2.20405104582222e-05	3.1486443511746e-06	
0.0798465315952373	0.207027121949996	0.262476755526148	0.217903810996165	0.133654548704424	0.0638725215040782	0.0246759884977093	0.00770634664291784	0.00220293327228882	0.000533094172653523	6.74207336002985e-05	2.50867845954599e-05	6.27169614886498e-06	1.56792403721624e-06	
0.0755226316780714	0.199965471781028	0.259087199447548	0.221566011676816	0.138053236235796	0.067282943059828	0.026996358842363	0.00856142884047963	0.00220195869169439	0.000616799547994224	0.000109862514909913	2.51114319794086e-05	3.13892899742608e-06	7.8473224935652e-06	
0.0720610639066451	0.193841780402381	0.256446419877181	0.222496898116882	0.141238554443938	0.0712710653201615	0.0294733866281353	0.00965745786935968	0.00268882222675944	0.000637652934617016	0.000153916225597211	2.66997534199243e-05	3.14114746116756e-06	3.14114746116756e-06	
0.0682502078790066	0.187867710506911	0.254213276016254	0.224225356532108	0.144619463750608	0.0740315976089992	0.0318376504181114	0.01087560206467	0.0031142628531982	0.000762484507130642	0.000152183121793564	5.0204741210248e-05	
0.0646188421854986	0.181182960465829	0.251684386713501	0.22544142954808	0.149046417878781	0.0771855379271867	0.0339721979930377	0.0120920656623997	0.00361316076915219	0.000947688535797638	0.000171306882921961	3.77189466984134e-05	6.28649111640224e-06	
0.060721963468087	0.174915341920851	0.246917688846268	0.22868012258269	0.15270156666735	0.0820493327508079	0.0356707427671954	0.0130878945650065	0.00405980243556601	0.000951072598541689	0.000173495830579744	5.52032188208277e-05	1.10406437641655e-05	4.73170447035666e-06	
0.0575488449085137	0.170234753077237	0.243923861129486	0.228221959873271	0.157482694991913	0.0851688088900424	0.0375408689377083	0.0138629968760781	0.00451971678973505	0.00113625933299362	0.000254787956284084	8.86218978379422e-05	1.2660271119706e-05	3.16506777992651e-06	
0.0548845064198174	0.16535113678512	0.240928999266081	0.228580222069651	0.160052715894474	0.0884632685432894	0.0400656581200628	0.0150555963288272	0.00485175627579567	0.00133210224358216	0.000295145876243914	0.000108904093373423	2.68314432949012e-05	3.15664038763544e-06	
0.051809882447769	0.159143397349211	0.237857895142843	0.230178508738096	0.163370365880729	0.0921746769163438	0.0419642730637414	0.016243523764694	0.00528174280195275	0.00150974406768187	0.000314857991174531	0.000133814646249175	1.57428995587265e-05	1.57428995587265e-06	
0.0505144640696525	0.154231810528111	0.231903722401064	0.230862789573612	0.167950325864101	0.0953030078062064	0.0440019207501035	0.017165124485457	0.00577646638845275	0.00179122583661619	0.000409107135523452	8.84555968699355e-05	1.57956422982028e-06	
0.0480707709454278	0.149415031522728	0.228687825765285	0.230400896702934	0.171958028968204	0.099116792064306	0.0455432371801487	0.0184643327199724	0.00599812975202544	0.00176863857696039	0.000441365820821353	0.000128599393836437	6.35058734994753e-06	
0.0449967328003002	0.144069992797852	0.225117213770253	0.231174649710086	0.174282448221642	0.102687053144859	0.0489459902476871	0.019429901475248	0.00671246575799828	0.00197621860189291	0.000464244434233893	0.000117650986757904	2.2258294792036e-05	3.17975639886228e-06	
0.0431112772268567	0.138463128931443	0.220957621929399	0.229746558620745	0.177571193409093	0.105976190665532	0.0522373935379208	0.021477705588116	0.00734797095801955	0.00228391478262253	0.000598016684029296	0.000190856388519988	3.65808077996644e-05	1.59046990433324e-06	
0.0410840469131635	0.133867469994618	0.216430434325711	0.228717594346983	0.179417693383053	0.110560556894789	0.0553694427549223	0.0228324316061995	0.00820311629254809	0.00250933836899375	0.000740382196435338	0.000203804131491878	5.41354724275301e-05	9.55331866368178e-06	
0.0391571773720028	0.129665636721244	0.211990682362907	0.229246278880985	0.180854886786217	0.113030895154123	0.058602611120202	0.0241555891384073	0.00908501702137217	0.0030208523841151	0.000901603313793247	0.000205347373960028	7.3796712516885e-05	9.62565815437631e-06	
0.0378022048609717	0.125200131681427	0.206898822093574	0.228134861052006	0.183751796568254	0.115889291248806	0.061202958014501	0.026466361015874	0.00982471917329758	0.00339802317271946	0.00112571561629317	0.000220004335851874	6.10231004552644e-05	2.40880659691833e-05	
0.0356579063586507	0.121672729024643	0.203547483117738	0.225733304426726	0.185707288479914	0.120021840547941	0.0636154136455247	0.0278595460056689	0.0108624607552654	0.00362296148194541	0.00126707296509527	0.000354908904038093	5.62072924947205e-05	2.08769943551819e-05	
0.0344347949564482	0.117383278308661	0.199207063812484	0.225381703408948	0.187614769202965	0.122816359593495	0.0663055369988479	0.0296052100780673	0.0113696141172978	0.00408570294422338	0.00127153788311533	0.000387270421253401	9.52039785581277e-05	3.71134153701176e-05	4.84088026566751e-06	
0.0328933676012913	0.11376832988879	0.19527089272548	0.223441929202141	0.188694800595656	0.125849237118458	0.0691231823381267	0.0320576424483843	0.0126794671364797	0.00417701239551419	0.00147784602328737	0.000390435303095571	0.000133909628747655	3.22673804211216e-05	9.68021412633647e-06	
0.0312944339806875	0.109354598700127	0.19096706095394	0.221215657223462	0.191509347174544	0.128773610028422	0.0724436288631841	0.0339606745653237	0.0137734244245068	0.00463686997558098	0.00147998947706501	0.000456747025092035	0.000103292613448375	2.09813121067013e-05	6.45578834052347e-06	3.22789417026173e-06	
0.0291022362822112	0.106591751940392	0.187619985670456	0.219288924685793	0.192473593044187	0.132559602654362	0.0749406035552148	0.0355570003703686	0.0144637823203187	0.00512046682613541	0.00170304850534447	0.000454469734094772	9.38051408451843e-05	2.91119402622986e-05	1.61733001457214e-06	
0.0266551742015761	0.101847651389465	0.184962800705102	0.219600593633347	0.192572778411448	0.135560322480299	0.0780115875155537	0.0374390812940689	0.0153285073620904	0.00552318799253422	0.00185834456656989	0.000513596536706761	9.39703442554956e-05	2.59228535877229e-05	6.48071339693073e-06	
0.0255029493371037	0.0975237806910612	0.179871720341972	0.218668023646228	0.193872013423791	0.137899827210554	0.0814252150206043	0.0397190279345622	0.0167169361033323	0.00595181541642579	0.00212242768367132	0.000570060242807015	0.0001111134371573	2.41550950341956e-05	2.09344156963028e-05	
0.0244101471272286	0.0928828148765731	0.174927048007481	0.215638525090174	0.197447605742163	0.141054468138529	0.0840577564103596	0.0419041395527757	0.0178271653422909	0.00684533533773594	0.00216803825533278	0.000603574124535852	0.000169000754870038	4.50668679653436e-05	1.44857789888604e-05	4.82859299628681e-06	
0.0228638219126766	0.0891079717100197	0.170264008733301	0.212925672079963	0.199578126230934	0.144785984272983	0.0864535753962703	0.043640783489044	0.0194923688115668	0.00726703291226344	0.00261098704635306	0.000742780797669405	0.000197753329249647	4.66247686848761e-05	1.44697557987546e-05	8.03875322153035e-06	
0.0209903294668347	0.0859368971991461	0.166551464725702	0.211470576888455	0.199461176410072	0.147654059823564	0.0887724724158329	0.0464220956251125	0.0204373601502019	0.00814343766878424	0.00292720094647771	0.000850351071217304	0.000282914534091201	6.42987577480003e-05	1.60746894370001e-05	1.92896273244001e-05	
0.0206921449143159	0.0827298997384271	0.162006005057399	0.209242244273357	0.198988842455079	0.151167569466717	0.0924740159586898	0.0479437593980115	0.0215108698630247	0.00871909837109192	0.00306699523108834	0.00106530943129238	0.000323944320256835	6.93015212489746e-05	
0.0198159131557306	0.0793444349839324	0.158058767551988	0.207691450156475	0.199702074652595	0.152547794883892	0.0958741216937799	0.0504308123312658	0.022656220968839	0.00911386596913791	0.0032781482097821	0.00112287481803773	0.000289200852415473	6.4625888807927e-05	9.69388332118905e-06	
0.0186240487456217	0.0756847576140778	0.153876007852599	0.206292428451764	0.200511324495386	0.155098529416521	0.0986895086304201	0.0522838190538718	0.0241431837954443	0.00989013476844859	0.00330533608023364	0.00118856263159086	0.000310481667027817	8.40887848200338e-05	1.77880121734687e-05	
0.0174844595140066	0.0729813514168079	0.150365705982078	0.203820134011464	0.200209897473157	0.157755711633164	0.101351416807944	0.0544732380721724	0.0256236376846694	0.0106950835553403	0.00358440300314846	0.00121579074836522	0.000356825704367482	6.78130297892952e-05	1.29167675789134e-05	1.61459594736417e-06	
0.0172791985406805	0.069894406697836	0.146567002660083	0.200016524266371	0.200696935234596	0.160358284975554	0.104080197772788	0.056890457074168	0.0265327877085379	0.0117516694369113	0.00401118466029672	0.00133328149249766	0.000429306920427557	0.000113401828037468	4.37407051001662e-05	1.62002611482097e-06	
0.015944898475019	0.0674332618262183	0.143361504112199	0.197481156470962	0.20033279973039	0.16221961541702	0.106967407013746	0.0597597490553932	0.02803197729055	0.011810015748848	0.00444921158544884	0.00148739120008814	0.000510379333363578	0.000176607451862317	2.4303777779218e-05	9.7215111116872e-06	
0.0152638429503929	0.0651987626630659	0.137247996468461	0.195151599741626	0.200961760056608	0.164195455091356	0.11047743937471	0.0620713383817892	0.0299418010198617	0.0124106971867788	0.00460430860715201	0.00168624485119173	0.000561540633794359	0.00017690152914331	4.21966950250097e-05	8.11474904327109e-06	
0.014297177036983	0.0630032176753309	0.133135571927606	0.190875418419368	0.200883442345256	0.16616334767914	0.112991465460646	0.0652742318509333	0.0315769851111597	0.0141058996117717	0.0050964086852919	0.00173932777332004	0.000599768197696566	0.000188035434953518	5.3492839254018e-05	1.13469659023675e-05	4.86298538672891e-06	
0.0133791205224413	0.0601395037845838	0.129673928566792	0.186408605221817	0.200652727107487	0.168300377809226	0.116155239344092	0.0680657076457682	0.0336052218168599	0.014906261765966	0.00581644443867416	0.00191338950703037	0.000637796502343456	0.000219090401568363	7.95217013099983e-05	1.94747023616322e-05	2.59662698155097e-05	1.62289186346935e-06	
0.0131571247439774	0.0578919990896973	0.126585714750154	0.182426281738678	0.197774635066159	0.170702883708833	0.119369940505218	0.0713433466627654	0.0354871744855164	0.0157482362885659	0.00615267076302871	0.00228388439156019	0.000689229168698592	0.00023082674989434	0.000104034591501674	3.57618908287005e-05	1.13787834454956e-05	4.87662147664098e-06	
0.0126936081356641	0.0559122826780819	0.123239833277008	0.179976588252004	0.196802353582699	0.171318812825197	0.121207223356892	0.0740669993942986	0.0375894062656629	0.0167506648838474	0.00682434495267856	0.00242607095686132	0.000870185612387002	0.000213873011674854	6.36721179795368e-05	2.61218945557074e-05	1.79588025070488e-05	
0.0119742003731837	0.0547891087832025	0.120914120414583	0.177170823762952	0.195408828748529	0.171507769762328	0.124053368855978	0.0756717224401576	0.0391891825710494	0.0182135178682495	0.00719594754532974	0.00256135247246424	0.000964792422706414	0.000284050560999858	7.50938264712268e-05	2.2854642839069e-05	3.26494897700986e-06	
0.0116531435683643	0.0523892624255221	0.118808091942894	0.176674740727778	0.196027954460333	0.17129712163265	0.124413049558162	0.0766425208080167	0.0412578525832362	0.0189770420805236	0.00761338713133134	0.00285399796867308	0.000951877832531652	0.000327105784375138	9.486067746879e-05	1.63552892187569e-05	1.63552892187569e-06	
0.0109445987906521	0.0503039712371302	0.115482922046086	0.17374734433731	0.195424088903416	0.174007190717437	0.125951952933486	0.07885929073378	0.0425919267854225	0.0202647491420167	0.00795554829220461	0.00294329138748161	0.00106226507599281	0.000357901617911423	7.35414283379637e-05	1.79767935937245e-05	1.1439777741461e-05	
0.0101641601597551	0.048277313529264	0.111236373009994	0.171069504582845	0.193871158257442	0.17406817655293	0.130675533251324	0.0812724941184916	0.0438592484068535	0.0216106686157491	0.00889975821371819	0.00324339492738254	0.00116488127673598	0.000422554972933641	0.000119098505884771	3.26297276396634e-05	1.30518910558654e-05	
0.00943174434209624	0.0466281146633666	0.108908320898081	0.168308555344764	0.192860151574025	0.173995030252765	0.132916248983683	0.0840579520853673	0.0457415927354181	0.0221957009400724	0.00959664068596879	0.00354772034886189	0.00113631539935935	0.00050448485402592	0.000135508876647739	2.77548301567658e-05	8.16318534022524e-06	
0.0088133011720563	0.0445502323848371	0.106120774746861	0.167254982710045	0.191706051157348	0.174974996568156	0.133868047248315	0.0856392053811307	0.0478251916929775	0.0232270442348296	0.010061838553004	0.00395969381418365	0.00126324528203217	0.000503337059334941	0.000142176377149805	8.82474065067754e-05	1.63421123160695e-06	
0.00842356051272428	0.0420460015828853	0.102442049265264	0.163957539510937	0.192380936839615	0.176441119116195	0.135197983045177	0.0874013756415173	0.0496895423503398	0.0244449702597074	0.0111536296211682	0.00425257626814403	0.00150945243592986	0.000455283491485872	0.000132179078173318	5.5482576023368e-05	1.63184047127553e-05	
0.00821843750356208	0.0402161186894141	0.0993865889820504	0.158995093688885	0.190873903082036	0.179133278076948	0.136896338911623	0.0903718733054663	0.0520283924462675	0.0255932598065158	0.0114393745715323	0.00430218186732931	0.00176027956040234	0.000574818394839987	0.000146554264973368	5.37365638235682e-05	9.77028433155786e-06	
0.00804757946313681	0.039715707502127	0.0943520535399101	0.156427570971452	0.188513776213197	0.179649563459076	0.1401957642435	0.0933727442945476	0.0533821144295198	0.0273686025647491	0.011854196795609	0.0046997083220138	0.00167718908964909	0.000530323611276046	0.000162675954379155	4.55492672261635e-05	4.88027863137466e-06	
0.00753330509561066	0.0378239426676858	0.0922854217076682	0.152318170974542	0.187380009964346	0.179286818988083	0.142478785193696	0.0963604172042383	0.0552177306932685	0.0290897229295177	0.0125479351571007	0.00497405862086313	0.00181273196721178	0.000641028761905689	0.000178514338758546	5.8422874502797e-05	1.29828610006216e-05	
0.00707866254348666	0.0363548511789718	0.0909032341193145	0.149642442984152	0.185649400850406	0.180970557917794	0.14350760211313	0.0973956320061848	0.0571205385903878	0.02972394021389	0.0131780698363613	0.00539234634712022	0.00207125370441953	0.00067484860198428	0.000238371343898982	5.63716015977322e-05	3.86548125241593e-05	3.22123437701327e-06	
0.00684999742904155	0.0352526609419992	0.088044079082682	0.147483031674208	0.183343081550802	0.181283101090086	0.145942063451255	0.09883246349239	0.0593184389140271	0.0307229535170712	0.0138622866104484	0.00588106746194981	0.00216121194981489	0.000718261517893871	0.000228172562731386	4.6598621966269e-05	1.92821883998355e-05	1.12479432332374e-05	
0.00655560474531468	0.033517474127256	0.085745770215387	0.144686864409498	0.18156635163834	0.180172463572845	0.147578901442971	0.102047363321977	0.0606974893974682	0.0321155659923392	0.0151450990959778	0.00651871242597476	0.00241564490982234	0.00078596680332865	0.000346466999018344	8.66167497545859e-05	1.28321110747535e-05	4.81204165303255e-06	
0.0061952499366775	0.0319639213112456	0.0831046023904839	0.142068598573611	0.180909581848507	0.180211839633988	0.148926544312206	0.103256289636298	0.0631727517328061	0.0333705568715661	0.0162424192220015	0.00662855103793137	0.00254405095111185	0.000992450684121904	0.000321789788431179	7.00928252028311e-05	1.75232063007078e-05	3.1860375092196e-06	
0.00603122361933603	0.0306803657379617	0.0807658133520014	0.137580953497175	0.179630049051207	0.181367510267176	0.149857217749663	0.106392178415252	0.0653123866571848	0.0343786081621081	0.0166112062288856	0.00717950017501319	0.00282555224183179	0.000966136136500782	0.000313598286929762	8.86944649902357e-05	1.90059567836219e-05	
