# <P(N_1)> as a function of N_tot.
# number_of_species: 2
# species_total_upper_bound: 100
# species_total_lower_bound: 0
# volume: 512
# Bin widths for each species index 
1	1	1	1	1	1	1	1	1	1	1	1	1	1	1	1	1	1	1	1	1	1	1	1	1	1	1	1	1	1	1	1	1	1	1	1	1	1	1	1	1	1	1	1	1	1	1	1	1	1	1	1	1	1	1	1	1	1	1	1	1	1	1	1	1	1	1	1	1	1	1	1	1	1	1	1	1	1	1	1	1	1	1	1	1	1	1	1	1	1	1	1	1	1	1	1	1	1	1	1	1	
# Bin lower bound for each species index 
0	0	0	0	0	0	0	0	0	0	0	0	0	0	0	0	0	0	0	0	0	0	0	0	0	0	0	0	0	0	0	0	0	0	0	0	0	0	0	0	0	0	0	0	0	0	0	0	0	0	0	0	0	0	0	0	0	0	0	0	0	0	0	0	0	0	0	0	0	0	0	0	0	0	0	0	0	0	0	0	0	0	0	0	0	0	0	0	0	0	0	0	0	0	0	0	0	0	0	0	0	
# Bin upper bound for each species index 
0	1	2	3	4	4	5	5	5	5	5	5	6	6	6	6	6	6	6	7	7	7	7	8	8	8	8	9	10	9	10	10	10	10	11	11	11	11	10	10	10	10	11	11	10	11	11	12	12	13	13	13	11	12	12	12	12	13	11	12	12	13	13	13	13	13	13	13	13	13	14	14	15	15	15	13	14	14	14	14	15	15	16	17	17	16	16	15	16	16	16	15	15	15	15	16	15	15	15	16	16	
# Normalized histogram for each species index 
1	
0.950582641458352	0.0494173585416479	
0.901569861826094	0.0960899362819122	0.00234020189199373	
0.856845078571003	0.136172722915621	0.00691697082620792	6.52276871680123e-05	
0.816872544468473	0.169450074161298	0.0132697772896593	0.000373637073855595	3.3967006714145e-05	
0.775673486496284	0.202162067246692	0.0210599057458764	0.00106489033895233	3.96501721950335e-05	
0.735091716922515	0.231810809576023	0.0310272752192982	0.00199595668859649	7.13861476608187e-05	2.85544590643275e-06	
0.696641421127865	0.258812883294139	0.0410960483238807	0.00329402406971919	0.000144095541107576	1.15276432886061e-05	
0.662296736247261	0.280867258678353	0.0516030446315304	0.0048321992849729	0.000389228462691731	1.15326951908661e-05	
0.62985323201832	0.300296080404335	0.0612892219793438	0.00780969894637012	0.000737309600638423	1.44570509929103e-05	
0.595627561297493	0.317065476603922	0.0757652057141534	0.0104564608367484	0.00106214257599963	2.31529716839156e-05	
0.566678055220977	0.329241174835542	0.088671476883165	0.0138226165107014	0.00149402390438247	9.26526452330214e-05	
0.539295573316049	0.339935645541197	0.10024422285625	0.0183456505761229	0.00196188503006488	0.000208341773104235	8.68090721267644e-06	
0.513926145850515	0.35080576318173	0.110254562711786	0.021896965330046	0.00278378229780683	0.000295161948416109	3.76186797000923e-05	
0.488409314150344	0.362671173513607	0.119480557000058	0.0252181198359045	0.00381059686831918	0.00036690356503149	4.33350667360028e-05	
0.464217441873856	0.367418266407177	0.133626795029768	0.0295121895044739	0.00467542637355044	0.000512454368529544	3.74264426454161e-05	
0.439397995043734	0.372710029674274	0.145277300475767	0.035776064287544	0.0060298354531299	0.000765602019347281	4.3173046203794e-05	
0.414700640817767	0.378030826979203	0.158086557749648	0.0405669501034549	0.00741259423579683	0.00105607227207636	0.000146357842054061	
0.394348309710564	0.377124329159213	0.169490505022705	0.0482001972386588	0.0092656300169717	0.00134454841521031	0.000226480436677217	
0.376652284481527	0.375777923822042	0.179789696259679	0.0543360859502243	0.0115352744520959	0.00167728662456782	0.000228591022087608	2.85738777609509e-06	
0.354405502784147	0.376865435780739	0.19042242028261	0.0616965768499204	0.0138029318300665	0.00244223398325489	0.00035053240700835	1.43660822544406e-05	
0.33641077489709	0.377927348884235	0.198728966563154	0.0671278977395826	0.016376110348812	0.00294070917888351	0.000453527839965335	3.46645482776053e-05	
0.320204576916171	0.37615624764696	0.207073310589694	0.0735162091874265	0.018624492467376	0.00376196792335895	0.000640026875336666	2.31683936773454e-05	
0.308260965472403	0.368913553300671	0.21606740659902	0.0798784452132723	0.0217713098195834	0.00428402256948476	0.000740125850419114	8.12687208303341e-05	2.90245431536908e-06	
0.289103543243306	0.368658728505635	0.224559698211021	0.0870015506028837	0.0246505357680113	0.00514071142586035	0.000763729778518364	0.000101252053970238	2.02504107940475e-05	
0.276721065466141	0.362702913293797	0.230062190669957	0.0953090053821624	0.0279872444194335	0.00608631660967058	0.00101294316263365	0.000112549240292628	5.77175591244246e-06	
0.263176897392349	0.358436449343177	0.238119995840699	0.100652201541252	0.0309521333749263	0.00725278153270251	0.00122757154575809	0.00016175060367636	2.0218825459545e-05	
0.25000795844246	0.355588997091551	0.244405214950296	0.106915163003371	0.0334370342502424	0.00788609298354773	0.00153091493148505	0.000191002619051064	2.60458116887815e-05	1.15759163061251e-05	
0.237356652542619	0.35062221369742	0.249399873290438	0.114076386103797	0.0370741715926462	0.00920678651763762	0.00191517434189495	0.000293524443901957	3.4874191354688e-05	1.7437095677344e-05	2.90618261289066e-06	
0.222477084274493	0.34631672520074	0.255044374171172	0.120965885078912	0.0413925766164877	0.0111627635854913	0.0023491351044141	0.000247737573046152	2.33164774631673e-05	2.04019177802713e-05	
0.212926912618183	0.337464329630722	0.260293658049309	0.128019020302537	0.0456230229779976	0.0121797698987356	0.00307269015191123	0.000365101016149148	3.79705056795114e-05	1.16832325167727e-05	5.84161625838637e-06	
0.20133834164807	0.332581696673716	0.262323141451788	0.135320886541809	0.049800796812749	0.0144027993597458	0.00351672488929911	0.000601698776740545	9.34677711441624e-05	1.75252070895304e-05	2.92086784825507e-06	
0.192598434396542	0.325730225493632	0.264735950461503	0.141546909685711	0.0543404603341512	0.0162226895665381	0.00395782217548779	0.000727304591657904	0.00011099427503213	1.75254118471784e-05	1.16836078981189e-05	
0.183194520804333	0.318992946295928	0.269631639898464	0.145671271655339	0.0591493443447542	0.0177834056640191	0.00443634704691941	0.000929965959736568	0.000157918747879795	4.9715161369565e-05	2.92442125703323e-06	
0.173524050662587	0.31308646750948	0.271593433322197	0.153344586476301	0.0624285689167092	0.0196607646276206	0.00487050094069242	0.00121909048816369	0.00021685744260604	4.10270837362779e-05	2.93050598116271e-06	1.17220239246508e-05	
0.165144863915716	0.305736025753585	0.273324553702078	0.159341527655838	0.0676587649985367	0.0215422885572139	0.00556628621597893	0.00133157740708224	0.000286801287679251	4.97512437810945e-05	2.92654375182909e-06	1.46327187591454e-05	
0.158078239452388	0.298203220187675	0.274431291128345	0.164981549493592	0.0719264422363933	0.0242546373435923	0.00617924761481042	0.00153245340847298	0.000314051172893894	4.65260996879843e-05	2.61709310744912e-05	2.61709310744912e-05	
0.147736256785959	0.289106742329743	0.277077952880409	0.172452666654954	0.076766984662415	0.0271467641150875	0.00742282893234245	0.00185351112985119	0.000330879553986074	8.78441293768337e-05	8.78441293768338e-06	8.78441293768338e-06	
0.139381879564397	0.282210135158897	0.276187768881803	0.178569753947507	0.0823525619234061	0.0302056103250612	0.00839614568558266	0.00213347087577807	0.000457172330523873	9.96401233193056e-05	5.86118372466503e-06	
0.134451068276346	0.274411560103203	0.276789095039758	0.180457836912844	0.0876723345925463	0.0334439914408742	0.00957764999750506	0.0025184258957583	0.000551822923546108	0.000117409132669385	8.80568495020385e-06	
0.129882053403028	0.269355884276818	0.276815177887873	0.183508009280851	0.0911834845431586	0.0349117233813509	0.0109322797044442	0.00254900752969198	0.000736249585676279	0.000111464080699994	1.4666326407894e-05	
0.12443037268958	0.262684386122954	0.2750056485902	0.189751550061181	0.0945647357780236	0.0382724997285742	0.0116786436341122	0.00276707561481603	0.000680765156561314	0.000143782295997864	2.05403279996948e-05	
0.116248410803891	0.257421876146937	0.276031252477384	0.192239144285794	0.100343236997953	0.0401431671173671	0.0134241193724841	0.00321215804757165	0.00071935897774685	0.000167361068292124	3.81700682069757e-05	1.17446363713771e-05	
0.109639796188849	0.248019320825847	0.27532765882249	0.199631844019674	0.105504668217831	0.0429888375106765	0.0143639737283892	0.00351662592407151	0.000804052661031426	0.000170824374871145	2.65072305834536e-05	5.89049568521191e-06	
0.104525321193015	0.240472814904178	0.272458561184444	0.204013701887092	0.110636574175994	0.0467325930557145	0.01585638261962	0.00402720417514229	0.0010332185638849	0.000202534320761529	4.10939201545131e-05	
0.0993245403325385	0.234721501203978	0.272524365528387	0.20455605318035	0.11486040597971	0.049822116244761	0.0174364208556605	0.00504175062251982	0.00130516522805196	0.000343155801532763	5.86591113731218e-05	5.86591113731218e-06	
0.0943962661319167	0.227673309996658	0.269802459146159	0.209402686649428	0.118413106064604	0.0535834696593901	0.0190739209719315	0.00571983089705477	0.00141896368742927	0.000392853582883311	9.96792672987505e-05	2.34539452467648e-05	
0.0892351606871773	0.221641629203275	0.266052599187626	0.21175949968056	0.124083441278698	0.0575168072398614	0.02091014061227	0.00654998798436209	0.00175545539267691	0.000337023990246819	0.000120156379131475	1.75838603607036e-05	2.05145037541542e-05	
0.0858072958596684	0.215790228665275	0.264585425260033	0.213457029020085	0.127386260176644	0.0608768966395485	0.0228548176035083	0.00677125568296589	0.00194091764712771	0.000409846863646876	7.90418951318975e-05	3.51297311697322e-05	5.85495519495537e-06	
0.0803174713805301	0.207195669471985	0.264190668687889	0.217240798499184	0.131736683452109	0.0640547588762466	0.0245595999372724	0.00775092494177368	0.00223902702514332	0.000612755774714967	6.09851718910631e-05	2.6136502239027e-05	1.16162232173453e-05	2.90405580433634e-06	
0.0764088813486449	0.200376495742635	0.258407969159886	0.221871032777789	0.136938706144492	0.0669471017671478	0.0270170556057485	0.00881976137839275	0.00242862994477481	0.00063620808361924	0.00010458215073193	2.61455376829824e-05	2.90505974255361e-06	1.4525298712768e-05	
0.0718204023574814	0.194565084324847	0.257160179317823	0.221789214114575	0.141212785430718	0.0706399127895114	0.0291828680358402	0.00996566378491189	0.00276322002576674	0.000714123318895412	0.000148654241892514	2.91478905671597e-05	2.91478905671597e-06	5.82957811343193e-06	
0.0676869794769364	0.188077466680684	0.256275478618402	0.224743315695413	0.143459952576188	0.0734689467474974	0.0311291773253437	0.0108718505799488	0.00329396923292568	0.000820572122741237	0.000143089089018934	2.92018549018234e-05	
0.0641263586279287	0.181460207997983	0.252772964367078	0.225827637871231	0.148545274892175	0.0770888492087926	0.0335570469798658	0.0116841268863928	0.00370314987641507	0.00104086952187439	0.000172989582508701	1.46601341109068e-05	5.86405364436274e-06	
0.0606180886940517	0.176103236277355	0.248044032424518	0.228053617474192	0.151993602126352	0.0814905634303893	0.0352500492483381	0.0129427572600871	0.00417214278783816	0.00109081393536854	0.000196993352209413	4.11627900139071e-05	2.94019928670765e-06	
0.0575034690443152	0.170895456290042	0.245357385373919	0.228035782823064	0.156163089368486	0.0839036343774911	0.0379528209973133	0.0138791296389242	0.00457323373977739	0.00136399870095362	0.000292285435918632	7.38094535148062e-05	5.90475628118449e-06	
0.0551051051051051	0.166089619030795	0.242053818524407	0.229040805511394	0.158785255844079	0.0869163280927987	0.0397426838603309	0.0153859742095036	0.0049196255078608	0.0014867808985456	0.000338573867985633	0.000117764823647177	1.76647235470765e-05	
0.052181029255053	0.159389700384455	0.23954819223908	0.230502028248288	0.162560126228282	0.0907942844022114	0.0414922490889073	0.0162936927071374	0.00532525566525955	0.00144538448404778	0.000297319415252192	0.0001648503688527	2.94375658665536e-06	2.94375658665536e-06	
0.0507677455353848	0.154910117235821	0.233169677520304	0.230317756016049	0.168056707772519	0.0933546686191209	0.0441782126187193	0.0172384779123698	0.00579241199932688	0.00168281082549252	0.000413321957138513	0.000118091987753861	
0.0480656297825391	0.149600787747209	0.229733898043682	0.230475376967885	0.17162271179604	0.0979908887069794	0.0453874079083176	0.018670439311433	0.00606826351567783	0.00179141308087459	0.000430057776037774	0.000157193531931048	5.93183139362447e-06	
0.0449529417012356	0.14473437709086	0.225517046552775	0.232148326568238	0.174126113267021	0.101625109654014	0.0478760575107424	0.0197808406559912	0.00663128001546307	0.00203398902716446	0.00042523454807678	0.000118946726734764	2.97366816836909e-05	
0.0430147768619589	0.139137150070543	0.221246008762159	0.231160614836266	0.176977797579268	0.105095418430237	0.0512393257592634	0.0216648102769733	0.00733942229152744	0.00227222098462909	0.000617806489938368	0.000196034751615059	3.56426821118289e-05	2.97022350931908e-06	
0.0408060931718852	0.134242047514635	0.216498087724347	0.228324822791833	0.180560953971866	0.109787468882869	0.0551726388810591	0.0226654363222592	0.00845317817543089	0.00249233754558159	0.000765503674714345	0.000172089973385396	4.15389590930265e-05	1.78024110398685e-05	
0.039916573556797	0.129862197392924	0.209543389199255	0.228877467411546	0.181905400372439	0.113129236499069	0.0586189944134078	0.024175791433892	0.00950465549348231	0.00322979515828678	0.000935567970204842	0.000205586592178771	7.74674115456238e-05	1.7877094972067e-05	
0.0387764394960759	0.125040550233182	0.205334476180272	0.226477144549305	0.184108475221947	0.1161239631789	0.0621482546286789	0.0269580926360777	0.0100832433043753	0.00348806409466582	0.00113689461106002	0.000211307637134192	7.44040975824621e-05	3.86901307428803e-05	
0.0365021561766373	0.122351523569548	0.204312946853882	0.224616325210201	0.184371651842025	0.12001282131187	0.0633853605548779	0.0280050691668225	0.0111949047156904	0.00362083344462944	0.00124354853549159	0.000314597004205509	5.34221327896147e-05	1.48394813304485e-05	
0.03472390183309	0.118402861758321	0.200699315315961	0.225808378048307	0.185942627478732	0.122365250418783	0.0657451948199308	0.029083395292312	0.0114571855992404	0.004040024007238	0.00126903932230314	0.000388176733880961	6.86774221481701e-05	5.97194975201479e-06	
0.0334346142389038	0.114134644027405	0.1952636282395	0.223211200476616	0.188927613941019	0.125600238308013	0.0683169496574322	0.0322103068215669	0.012499255287459	0.00428358653559726	0.00149240393208222	0.000449806374739351	0.000172773309502532	2.97885016383676e-06	
0.0318465854273967	0.109444436198477	0.190767815000074	0.220506731183115	0.19235598830392	0.128294717468422	0.072052602674662	0.0342897006219109	0.0136286049307586	0.00467843201282413	0.00149614830866965	0.00053433868166773	8.60878987131343e-05	1.78112893889243e-05	
0.0291493742034574	0.106686947247713	0.187649839131817	0.219505601421225	0.192242677749687	0.131926764128326	0.0753094818648232	0.0357148162121856	0.0144647679368767	0.00501171975960382	0.00169037850812956	0.000499092424192911	0.000118831529569741	2.97078823924352e-05	
0.0268698628307157	0.101881068501527	0.185093934689492	0.219806282893467	0.192194322658015	0.134144495269871	0.0784456324599342	0.0380814704214816	0.0153109536545329	0.00568149773066614	0.00181962283641502	0.000507594624840078	0.000115767195138965	4.15574546652695e-05	5.93677923789565e-06	
0.025470816593024	0.0971375176491742	0.180748177603014	0.218466563105193	0.194024483347138	0.136459435639099	0.0817713138649555	0.039920295002815	0.0170581663723909	0.00608988624941415	0.00208695037007997	0.000563004972719314	0.000126749810612202	4.12673801993214e-05	3.5372040170847e-05	
0.0247271080954747	0.0921526489550291	0.175444579351057	0.216070415371906	0.198563587562068	0.139472531478482	0.0838475627144256	0.0418017774354482	0.0177831740422692	0.00709386658356681	0.0021166945462777	0.000605609828518343	0.000208729601091274	7.64361919489171e-05	2.64586818284713e-05	8.81956060949043e-06	
0.0226645059014185	0.0895580333114708	0.170516142504625	0.213004002905857	0.200386467178231	0.145110484319256	0.0855227747990459	0.0430202086452178	0.0194615929859442	0.007191113019591	0.00252350714552519	0.000761757984488372	0.000199998235309688	4.41172577889019e-05	2.05880536348209e-05	1.47057525963006e-05	
0.0209507394378625	0.0868824782051131	0.167517677094486	0.211369224796169	0.198668776545055	0.148181700530607	0.0883089991411462	0.0456398461122157	0.0201771827240961	0.00820323070226008	0.00278539242561502	0.000894149205266068	0.000311775709730932	5.29430450486488e-05	2.05889619633634e-05	3.52953633657658e-05	
0.0210106351585831	0.0833048076582585	0.163154074056587	0.208943684415538	0.197508823286394	0.151152634001818	0.0929838643043473	0.0469404738016266	0.0213352376680556	0.00901804789952667	0.00309552756760585	0.00104462989412056	0.000439688853740011	6.78714337987937e-05	
0.019735160740076	0.08066126606955	0.157732700159878	0.20797548929291	0.199191099118589	0.151732807141626	0.0964975364480871	0.0500407124984399	0.0224453650157798	0.00922420402607977	0.00324511301432961	0.00111142149025575	0.000329860388819219	6.53777347209262e-05	1.18868608583502e-05	
0.0184360827727868	0.0765328819105454	0.153591229500121	0.205582475719604	0.201217527863116	0.154776512878388	0.0984442036060082	0.0524629710904309	0.0243147300569354	0.0097211150620557	0.00330207409663194	0.00116139857467435	0.000340358451189911	9.25536139200635e-05	2.38848035922745e-05	
0.0174857210851975	0.0741759876249405	0.151338648262732	0.20301939552594	0.199128391242266	0.158558424559733	0.100169562113279	0.0542241789623989	0.0258359114707282	0.0107805806758686	0.00354890528319848	0.00126427891480248	0.000368871965730604	8.62684435982865e-05	1.48738695859115e-05	
0.0174121643770301	0.0713651399111959	0.147706886789642	0.200649640909497	0.199454659236523	0.160014304020026	0.103108144351402	0.056134338588074	0.026507137109992	0.0118574366004112	0.00384122537771553	0.00129928181899455	0.00049468069255297	0.000125160175224245	2.98000417200584e-05	
0.0165262514175112	0.0687411312778678	0.14384696222147	0.197943940770295	0.200770057412916	0.161622998414762	0.10619905123227	0.0581402252581206	0.0281721081286477	0.0116814800301611	0.00418573998539444	0.00145758747009125	0.000531381175450783	0.00016327354552957	1.48430495935973e-05	2.96860991871946e-06	
0.0159464882943144	0.0665031586770717	0.138488294314381	0.194690449646971	0.201141583054627	0.163469342251951	0.109651430694909	0.0609171311780007	0.0297049424005946	0.0127298402081011	0.00431661092530658	0.00174507617985879	0.000511334076551468	0.000145670754366407	2.97287253808993e-05	8.91861761426979e-06	
0.0148097652168477	0.0634125866631738	0.135035290405356	0.191160579530672	0.200766833270324	0.165643130799251	0.112268439274009	0.0639960467601592	0.0311704626302738	0.0141221158168293	0.00498620235944119	0.00182182438446448	0.000574529585296806	0.000157772373164408	4.7629395672274e-05	1.78610233771028e-05	8.93051168855138e-06	
0.0138597466568629	0.0602960252984463	0.130736536288804	0.186916781741121	0.201272693579144	0.166759324019775	0.116204276585188	0.0670988683847133	0.0330936197940018	0.014890933328551	0.00605261742077796	0.00192488178715112	0.000600778321766109	0.000164392078095204	5.38010437402486e-05	2.3911574995666e-05	4.78231499913321e-05	2.98894687445825e-06	
0.0135120546959338	0.0583663188197193	0.126946143696773	0.183675182919515	0.196944344488425	0.169836272040302	0.118765743073048	0.0705199712126664	0.0351985126544321	0.0160009595777858	0.00667806165287274	0.00251289432649634	0.000695693894686338	0.000197912918315941	0.00010495382031906	1.79920834832674e-05	1.79920834832674e-05	8.99604174163368e-06	
0.0126809242796987	0.056160103838085	0.124874352898562	0.180756750230164	0.197253120425012	0.170403127216747	0.120225787463966	0.0735469459830659	0.0368353532456948	0.0166925758787751	0.00685210619255324	0.00259595212581312	0.000869342107249045	0.000190168585960729	4.22596857690508e-05	6.03709796700726e-06	1.50927449175181e-05	
0.01194612790554	0.055716451240571	0.123427248864606	0.177453039722985	0.195649487829355	0.171516139628657	0.122173568438595	0.0745969990024802	0.0387706699053411	0.0178950826193483	0.00697962467942246	0.00262790704682918	0.000883000876973567	0.000250133354228007	7.83550266256408e-05	3.01365487021695e-05	6.02730974043391e-06	
0.0116857614418061	0.0532936981218451	0.120712710976183	0.178596383437541	0.195679280060718	0.171139181032925	0.12284807305408	0.075523751008951	0.0408911296637633	0.0185948173045647	0.00714999939764116	0.00261122555929018	0.000897514667437686	0.000268049682556893	9.03538255809751e-05	1.8070765116195e-05	
0.0107167681319208	0.0516693830592973	0.117159412300465	0.176136091270792	0.195355567805954	0.172289199942476	0.125503331575668	0.0771355639710465	0.0423877091222856	0.0199175494942716	0.00760390201811994	0.00272637936819903	0.000949738746944058	0.000356526532764489	5.9920425674704e-05	1.79761277024112e-05	1.4980106418676e-05	
0.0101057292581097	0.0490288560826313	0.112377137721807	0.171788470065199	0.194853696060373	0.173645353179764	0.129633652435522	0.0803637586409044	0.042982082863409	0.0215713873357001	0.00868628495418796	0.00327335164426405	0.00111293955904978	0.000354117132424929	0.000160691807991144	4.46366133308734e-05	1.78546453323493e-05	
0.00980181727123131	0.0470117574109847	0.110094560110658	0.170825284395793	0.192795902792683	0.173189287162243	0.131042665331139	0.0833571820371563	0.0450591447854809	0.0220570699482483	0.00944706780186497	0.00356836230950848	0.0010940592878777	0.000459087548591734	0.000152035486871289	3.27919677565524e-05	1.19243519114736e-05	
0.00900865941715347	0.0455417881800896	0.106730823763996	0.168251191751913	0.192214583998734	0.173949512105573	0.131929996328479	0.0855792794863452	0.0478014154759097	0.023121628842038	0.0100474312783759	0.00389240950297154	0.00121787045798496	0.000495506117709568	0.00015223380724812	6.56694854795813e-05	
0.00843716275875601	0.043160933379711	0.102931601901483	0.165175744494885	0.194200416804164	0.175913951642393	0.132628155388874	0.0859680886169653	0.0498321783517506	0.024339341615904	0.0110503643320282	0.00427506696514839	0.00148051693229757	0.000416209579360762	0.000163510906177442	2.67563301017632e-05	
0.00837347539271985	0.0412088889943524	0.100570689573347	0.159962151772578	0.191207702529543	0.180467229841963	0.135476484267477	0.0886645152104789	0.0508874756774714	0.0250818660718523	0.011455317735276	0.00425644250391533	0.00166698305728252	0.000513146030088748	0.00016907123534716	3.85601063072469e-05	
0.00809094996923368	0.0404547498461684	0.0950590476641265	0.156999929000805	0.189316396080844	0.181030198324419	0.139764874331424	0.0927486155156908	0.0519595777914517	0.0264412836654518	0.0113273299569272	0.00456465660055853	0.00155310739811615	0.000476286268755621	0.000168623088938325	4.4374497089033e-05	
0.0075097520631916	0.0376490082822511	0.0928266683178096	0.152878148596971	0.188256835289643	0.180900403645488	0.142039574358929	0.0962586869285497	0.0543845217140043	0.0280812244404542	0.011897074823313	0.00478831462529374	0.0016924215485952	0.000657508720098833	0.000156268888633355	2.06392871779903e-05	2.94846959685575e-06	
0.0072736794634934	0.0366302497781528	0.0911304752622161	0.15021311880828	0.186264383701139	0.181734336131275	0.143736634613986	0.0975167658311634	0.0558793151103417	0.0288095896190047	0.0127871284968214	0.00513812717301174	0.00189988507586448	0.000730277418134738	0.000241486158187981	1.45473589269868e-05	
0.00697937188550238	0.0355574226445706	0.0879418240815854	0.148168965117627	0.184120407926759	0.181431799745046	0.145961293313246	0.0985427048325414	0.0589031173948314	0.0295428207208251	0.0138196778305713	0.00586974156912736	0.00219608297601113	0.000695329702167111	0.000254954224127941	1.44860354618148e-05	
0.00660946933587544	0.0337608689372274	0.0851778028136465	0.144452147788659	0.181260652280671	0.181188433428662	0.147595112228096	0.101510818384031	0.0613802466995985	0.0317994049166594	0.0149406361036485	0.00671635323684895	0.00246699598463183	0.000745298552734206	0.000346650489643817	4.91088193662074e-05	
0.00655396142607332	0.0321859607849871	0.0829777308411108	0.142149413148563	0.181198430483648	0.179569957098742	0.149250015025457	0.102270418165635	0.0635047380275724	0.0334395132324195	0.0162332179950602	0.00679150675286986	0.00252713883808853	0.0009931111855229	0.000314819107802648	3.72058945584948e-05	2.86199188911499e-06	
0.006387446189612	0.0312107372913467	0.0809912222472301	0.138449748006416	0.179976695223091	0.18125304486312	0.149885612861502	0.104899986039926	0.0653331471990108	0.0343503294862408	0.0161367061632303	0.00710824185686081	0.00268945102720505	0.000980054187879807	0.000264956510095413	7.6922857769636e-05	5.69798946441748e-06	
