# <P(N_1)> as a function of N_tot.
# number_of_species: 2
# species_total_upper_bound: 100
# species_total_lower_bound: 0
# volume: 512
# Bin widths for each species index 
1	1	1	1	1	1	1	1	1	1	1	1	1	1	1	1	1	1	1	1	1	1	1	1	1	1	1	1	1	1	1	1	1	1	1	1	1	1	1	1	1	1	1	1	1	1	1	1	1	1	1	1	1	1	1	1	1	1	1	1	1	1	1	1	1	1	1	1	1	1	1	1	1	1	1	1	1	1	1	1	1	1	1	1	1	1	1	1	1	1	1	1	1	1	1	1	1	1	1	1	1	
# Bin lower bound for each species index 
0	0	0	0	0	0	0	0	0	0	0	0	0	0	0	0	0	0	0	0	0	0	0	0	0	0	0	0	0	0	0	0	0	0	0	0	0	0	0	0	0	0	0	0	0	0	0	0	0	0	0	0	0	0	0	0	0	0	0	0	0	0	0	0	0	0	0	0	0	0	0	0	0	0	0	0	0	0	0	0	0	0	0	0	0	0	0	0	0	0	0	0	0	0	0	0	0	0	0	0	0	
# Bin upper bound for each species index 
0	1	2	3	4	4	5	5	5	5	5	6	6	6	6	6	8	8	8	7	7	7	7	8	8	8	9	9	10	9	10	10	10	10	11	11	11	11	11	11	10	11	11	11	10	11	11	12	12	13	13	13	13	12	13	13	13	13	12	12	13	13	13	13	13	13	14	14	15	14	14	14	15	15	15	14	15	15	15	15	15	15	16	17	17	16	16	16	16	16	16	16	16	16	16	16	17	17	17	17	17	
# Normalized histogram for each species index 
1	
0.949906544724685	0.0500934552753153	
0.901939574117521	0.0956558076783017	0.00240461820417764	
0.856896190687017	0.13579270445068	0.00720341264665586	0.000107692215647679	
0.814759368552373	0.171338947267406	0.0134842378004894	0.000395854325608176	2.15920541240823e-05	
0.774173068452806	0.203199352880534	0.02147303688893	0.00112933868279025	2.52030949400586e-05	
0.734425024551003	0.232247064423036	0.0310396973147529	0.00221712123676806	6.98875172459498e-05	1.20495719389569e-06	
0.696403968369476	0.25856862174356	0.0413440547227478	0.00348202590598166	0.000192839470237229	8.48978799786542e-06	
0.661159687012629	0.281485632459859	0.051657260108454	0.0053060038679735	0.000381691916275757	9.72463480957342e-06	
0.627520959626963	0.301044304220613	0.0626752713477007	0.00805199762232679	0.000696526968235696	1.09402141607701e-05	
0.595647602899978	0.317917023694494	0.0748172321379738	0.0105911165399598	0.00100028562226152	2.67391053338438e-05	
0.567086067080607	0.329776377754022	0.0879830799902441	0.013615851224286	0.00144276331037127	8.73666596692444e-05	8.49398080117654e-06	
0.538099335821981	0.341534154263829	0.10017816454162	0.0179715906336355	0.00200465409414845	0.000185436563727154	2.66640810588064e-05	
0.512034526441112	0.350836119187365	0.111966528614139	0.0220412173304924	0.0028082376584549	0.00029038217924566	2.29885891902814e-05	
0.486829762961085	0.360616651274529	0.122300490737555	0.0260712625777907	0.00381483560593714	0.000338023408121012	2.89734349818011e-05	
0.462112308292566	0.367475614514241	0.134738737657193	0.0302998289264384	0.00483327830967316	0.000507818361895615	3.24139379933371e-05	
0.438202435770022	0.372292306788579	0.146346404907505	0.0361481314534179	0.00619552095483911	0.000756457763642314	5.51458908518961e-05	2.39764742834331e-06	1.19882371417165e-06	
0.416221212685765	0.374774884516354	0.158549372542838	0.0416589040637823	0.0076061565800599	0.00106168522525879	0.000119424659759144	2.38849319518289e-06	5.97123298795722e-06	
0.394863814157604	0.377283676779241	0.168782198053807	0.0480752718946766	0.00944118488838008	0.00135828086243083	0.000189610761305094	2.38504102270559e-06	3.57756153405839e-06	
0.375893871311107	0.376461805530751	0.180404245338058	0.0537191952241137	0.0115634740905313	0.0017419030677973	0.000213124162088664	2.38127555406329e-06	
0.355818344786376	0.377141320585599	0.189833283537496	0.0609345682700926	0.0135070212130266	0.00243680908276068	0.000314311323573349	1.43412010755901e-05	
0.338205705030145	0.377629802933501	0.198325084735595	0.066403911335073	0.0160820660487717	0.00289990701580731	0.000421128408170611	3.23944929362008e-05	
0.320190402452511	0.376109967426082	0.208427250175171	0.0724947569377863	0.0184179519555808	0.00372290582025131	0.000598173400338402	3.85918322798969e-05	
0.306396729063373	0.370456998920475	0.216675401078559	0.0799802449338398	0.0213115625098111	0.00443281466221976	0.00067621253359931	6.52062085970764e-05	4.83008952570936e-06	
0.290085322402041	0.368514214174773	0.224271036291843	0.0866912235167385	0.0241881358362523	0.00526562486820876	0.000847078783146627	0.00011688000279548	2.04841242012698e-05	
0.274561381352558	0.363477051828385	0.232082095987934	0.0949379192390822	0.0274699699428806	0.00620025811355794	0.00108970588765926	0.000158765096215257	2.28525517279536e-05	
0.26187578626603	0.358135272769419	0.239154056227227	0.101256576866333	0.0307998966535552	0.00724994627433652	0.001318391562294	0.000190756288317264	1.69024559268462e-05	2.41463656097802e-06	
0.250075511018544	0.354057519381161	0.244271170075074	0.108157252151003	0.0336785207846353	0.00796959665592328	0.00152841579702638	0.000225623284322942	2.66866250274448e-05	9.70422728270719e-06	
0.23697828852463	0.350642457590495	0.248924165048603	0.114560140238966	0.0372327151213396	0.00936143793634466	0.00192828578558777	0.000303120682204138	5.23461419067387e-05	1.58255777857582e-05	1.21735213736602e-06	
0.223106439834289	0.345100354624234	0.255549484199602	0.120813056430605	0.0413398219422064	0.0114186314022754	0.0022859266376464	0.000327608737373923	4.40071438263478e-05	1.46690479421159e-05	
0.212623156943448	0.337080431429947	0.260654364888361	0.128018143240243	0.0456515653087887	0.0125060166403081	0.00293219123584248	0.000482559110421312	4.17481164232178e-05	7.3673146629208e-06	2.45577155430693e-06	
0.202441785371388	0.331622642992022	0.263076345081438	0.135092561443659	0.0495220298445891	0.014064084588317	0.00345862298431158	0.000635983921147816	7.73493958152749e-05	7.36660912526428e-06	1.22776818754405e-06	
0.191422308492815	0.325854361790328	0.266301820785144	0.141602271245569	0.0539150201858426	0.0161191518255825	0.00380714094171077	0.000848764862610801	0.000109478366336755	1.47611280454052e-05	4.92037601513508e-06	
0.183121944150024	0.318568637107798	0.269509234024836	0.146582544948091	0.0587570635346597	0.0178981770216048	0.00434282261362757	0.000970257314696205	0.000221071286892806	2.70198239535652e-05	1.22817381607115e-06	
0.174237111616831	0.311428680206475	0.271427009939318	0.153696510001339	0.0630267942783525	0.0197545935417155	0.00507957717678181	0.00108321737667349	0.000227205458826072	3.19315779971777e-05	1.22813761527607e-06	6.14068807638033e-06	
0.166189329833818	0.304195121711685	0.273963925366043	0.15867142816807	0.0672289952356342	0.022187876340093	0.00590113541921141	0.00136387798018387	0.000252888266352725	3.43731624168753e-05	2.45522588691966e-06	8.59329060421882e-06	
0.158120838507191	0.297911553917303	0.275052064491528	0.164495683291454	0.0714395709690351	0.0243835368655709	0.00666938803445545	0.00157782297095144	0.000287210223217341	3.29986213909286e-05	1.46660539515238e-05	1.46660539515238e-05	
0.148949412528638	0.289448793815317	0.276403131547028	0.171522034770463	0.0770880043126156	0.0267271903064162	0.00761078643976428	0.00184143786525527	0.000334472745984489	6.37090944732361e-05	4.90069957486431e-06	6.12587446858039e-06	
0.140582516171462	0.283007940948399	0.276707451142063	0.177556023440031	0.0815628159447176	0.0295515670857995	0.008351983273948	0.00213860832179982	0.000431893361602717	0.000103065461291557	4.90787910912178e-06	1.22696977728045e-06	
0.134599898044373	0.275994375201633	0.277226954703627	0.180383885100441	0.0867977313641614	0.0323573667866	0.00954541088856545	0.00245407687060255	0.000522091617228038	0.000104664593076376	9.8507852307177e-06	3.69404446151914e-06	
0.128556017876406	0.269456618893512	0.277387578979812	0.184350130990908	0.0911536446293728	0.0347184466019417	0.010914470642626	0.00265926953305594	0.000663276313761751	0.000123285560178764	1.7259978425027e-05	
0.121816024458475	0.263120385733216	0.27625778401365	0.190027059229647	0.0953543991972552	0.0376861945963201	0.0117627844652554	0.00305978394683672	0.000729992935153119	0.000162083177127218	1.85591424191471e-05	4.94910464510589e-06	
0.114862520815161	0.256502259931806	0.275989215764016	0.193237798350646	0.101340099912775	0.0402599912774562	0.013239929426691	0.00348901752438347	0.000823933470779478	0.000213107604472286	3.2213940210927e-05	9.91198160336214e-06	
0.109193184792952	0.247256585126194	0.275682643504326	0.199094068268693	0.10613991446873	0.0431887010388067	0.0144847342687101	0.00377905786573799	0.000923052873312234	0.00020967195643786	4.59045111727858e-05	2.48132492825869e-06	
0.103975334476632	0.240078999015608	0.273200388803933	0.204240934615313	0.110469846026213	0.0466329455612583	0.0156314039660478	0.00436104283653519	0.0011267884671343	0.000225357693426861	5.69585378990967e-05	
0.0986596843888509	0.23468559361512	0.272659760999497	0.20497672642709	0.114600877068333	0.0504085695186009	0.0172423380086422	0.0050538313354842	0.00136045679715602	0.000291614717646521	5.80758124126546e-05	2.47131116649594e-06	
0.0932870341816029	0.227657369829894	0.270977093021821	0.209637707081797	0.118709215833816	0.0531979720478123	0.0189929317724845	0.0056977561769894	0.00141857969334008	0.000344159769079897	6.414447309016e-05	1.603611827254e-05	
0.0883391357369053	0.219652937589741	0.268310762966897	0.213289962825279	0.124180041698629	0.0569274797899333	0.0208370213017053	0.00627323420074349	0.00174072107157609	0.00035281564091973	7.6218013020987e-05	1.10639051159497e-05	8.60525953462756e-06	
0.0843196829915217	0.213104377303019	0.265515495215129	0.215780119615637	0.128447921967144	0.060562483560839	0.0230898002227122	0.00681165084819925	0.00186822614385833	0.000406830824748097	7.3745768836513e-05	1.7207346061853e-05	2.45819229455043e-06	
0.0795750965633963	0.206231737455331	0.262429552195669	0.217930787864241	0.134167399413639	0.0641114820430047	0.0249056409678628	0.00790509477541203	0.00214068252012707	0.000510677695018872	6.61309245348179e-05	1.95943480103164e-05	4.89858700257911e-06	1.22464675064478e-06	
0.075132446393081	0.200012751145457	0.258555221655368	0.221927556328798	0.138374449647075	0.0674008383878138	0.0270238458680771	0.00859966675371776	0.00223267652673511	0.000602001194193815	0.000107894307717018	2.20692902148445e-05	2.45214335720495e-06	6.13035839301237e-06	
0.0715961289309411	0.193447940795414	0.256987112794943	0.222699344352401	0.141771524478819	0.0711654921283028	0.0291876055121511	0.00966908444898119	0.00270160182167956	0.000610988967845785	0.000126369204193004	2.08570531192336e-05	1.34957402536218e-05	2.45377095520396e-06	
0.0681242113550162	0.187684323730412	0.253847729131641	0.224761827682067	0.14487768568489	0.0744223347938211	0.0314526028196856	0.0107813670704774	0.00310614226450402	0.000759061216631657	0.000138568525814826	3.92406444785348e-05	3.67881041986263e-06	1.22627013995421e-06	
0.0646604520113438	0.181298652891924	0.251881132762546	0.225191546335883	0.149128431986797	0.0775528170093392	0.033615784227298	0.0119911868454964	0.00357160810643466	0.000914665172468333	0.00015939205418349	2.94262253877212e-05	4.90437089795353e-06	
0.0602309815796548	0.174888332717562	0.247766961213801	0.228683792870233	0.15275249571313	0.0820513638812957	0.0354364874302962	0.0131054858432031	0.00393029555773496	0.000931634705909068	0.000162023427114621	4.78705580111379e-05	8.59215143789654e-06	3.68235061624138e-06	
0.0578377553005731	0.170422445024025	0.243445858915725	0.228694885491859	0.157390509825362	0.0852672513366877	0.0371033959624767	0.0139173137688066	0.00445275230826444	0.00111688228528646	0.00025366896446418	8.12725808477469e-05	1.35454301412911e-05	2.46280548023475e-06	
0.0555145682316186	0.165275620998877	0.240555354369856	0.228068474064435	0.160636619752889	0.0884196829176973	0.0399562983740786	0.0150537370414245	0.00479858583502636	0.00131841422021446	0.000279886817699159	9.32956058997195e-05	2.70066227604451e-05	2.45514752367683e-06	
0.0524362261287776	0.159506574720521	0.237296930165393	0.229617754498896	0.1633822638577	0.0921305276297352	0.0421565328062951	0.0162333490384204	0.00524753868652442	0.00152482117616824	0.000324299848864033	0.000123601074472707	1.83565952187188e-05	1.22377301458126e-06	
0.050752409055846	0.154844436825801	0.231661177162028	0.230118401880717	0.167716815026141	0.095236987425157	0.0440278679090497	0.0174590736001763	0.00584540412141397	0.00182806626587161	0.000418753290641721	8.44853130242069e-05	6.1221241321889e-06	
0.0479903280652314	0.149852200131241	0.228758000952912	0.230099957279005	0.171449078913188	0.0988874074019356	0.0458752079108941	0.0185313088260098	0.0061902352363259	0.00177901549651768	0.000457988764501439	0.000120652954089089	8.61806814922062e-06	
0.045368035165312	0.144505913067917	0.224765609784359	0.230592391532122	0.173929496803714	0.102558508186092	0.0491424387429831	0.0196485934121742	0.00683263195004277	0.00204744753184576	0.000459782016483124	0.000124498615723312	2.21878721091052e-05	2.46531912323391e-06	
0.0431643411177677	0.139515672641953	0.221299701749433	0.229274421345814	0.176951728780625	0.106053413853178	0.051865268172756	0.0214188047044434	0.00740879561760307	0.0022723265640277	0.000572088728002634	0.00016644822905249	3.20566959656648e-05	4.93179937933305e-06	
0.0408109830501776	0.134867429762722	0.216909312768932	0.228955987768068	0.178845080302933	0.110171375499578	0.0549732982249865	0.0227175046067355	0.00824766205087417	0.00250715093789676	0.000759555579707639	0.000174142010957361	4.81669392009722e-05	1.23504972310185e-05	
0.0388365450496213	0.129893271623284	0.212580096021965	0.229082394605262	0.180797845287997	0.112970674876988	0.0583381311156181	0.0242865189985961	0.00907371507515006	0.00298063519735983	0.000879144382366876	0.000201444681673881	6.83917129139719e-05	1.11913712041045e-05	
0.0376780658675782	0.124933450758537	0.207526657013917	0.228445509232308	0.183629881728937	0.115785728857244	0.0607774941660571	0.0265363545445047	0.00991894675563119	0.00341329193597341	0.00104861701968862	0.000225147901024485	5.9707730658427e-05	2.11464879415262e-05	
0.0356339705624301	0.121672965946553	0.203581442408569	0.225311780130449	0.186567786432633	0.120019016067831	0.0631027303240323	0.0279267383585699	0.0109329944955453	0.00363147159225966	0.00121961691583772	0.000322327327757112	5.84918316779315e-05	1.8667605854659e-05	
0.0343602547184901	0.117442418426104	0.199576135636596	0.22509297024952	0.187412527991043	0.122944407789507	0.0664224948016635	0.029479316618682	0.0114475867722329	0.00408494281829814	0.00125834732885477	0.000357385636596289	8.62224088291747e-05	3.12400031989763e-05	3.74880038387716e-06	
0.0326418540273277	0.114010388429318	0.195255251053709	0.223612315210629	0.189006703260188	0.125940342733221	0.069011350320922	0.0318635962753558	0.0124871019080432	0.00420234201867319	0.00143908977571686	0.000373513752551511	0.000122422567725913	2.62334073698386e-05	7.49525924852531e-06	
0.0311492347305284	0.109450212821246	0.191457916113323	0.222029966131001	0.19113559218277	0.128747171857373	0.0720906204985527	0.033750313891037	0.0136013202787977	0.00457375158819495	0.00146669881577188	0.00041727206513442	9.86960872623329e-05	2.37370336453712e-05	4.99727024113078e-06	2.49863512056539e-06	
0.0289688905448812	0.106458078318156	0.187590727054261	0.219700445992631	0.193037163551887	0.132782521390017	0.0746734451211507	0.0351580229285474	0.014307523609352	0.00510009515009584	0.00166293860005576	0.000420110804224614	0.000105027701056154	3.37589039109065e-05	1.25032977447802e-06	
0.0264977867379585	0.10162097183178	0.184575410564804	0.220214251278808	0.193107895741897	0.135823540092287	0.0779356244404235	0.0371928198899317	0.0149888241223649	0.00559482591300972	0.00181443660428628	0.000502131869095098	9.51671372848565e-05	3.13049793700186e-05	5.00879669920298e-06	
0.0253626440478506	0.0974937793269207	0.179410943398108	0.219527428306431	0.194495140644556	0.138001705386928	0.0811729272318379	0.039506883879107	0.0163158655835964	0.00597259413287058	0.0020307568028483	0.000528570217561496	0.000125909415032338	3.11656967901826e-05	2.36859295605387e-05	
0.0243890883702374	0.0933560243367245	0.174902752842609	0.216588120885697	0.197466586874127	0.141002144424496	0.0833333333333333	0.0416629263913824	0.0176042290045881	0.00671753441053262	0.00215439856373429	0.000579742669060443	0.000175792938360263	4.11430281268701e-05	2.24416517055655e-05	3.74027528426092e-06	
0.0229561441554622	0.0893817706853317	0.171104846227859	0.21359720622766	0.199502465239869	0.144015873253269	0.085758690656018	0.0435430158184148	0.019345527421743	0.00724740638818679	0.00255622192642667	0.000734088110514535	0.000194427411273799	4.362153458066e-05	1.24632955944743e-05	6.23164779723714e-06	
0.0212157042061367	0.0863766223572257	0.167419416331408	0.212218092654866	0.199071034234432	0.146829169226016	0.088432407648518	0.0460807387869372	0.0202874859988562	0.00796398762541848	0.00290426394788024	0.00083726528227178	0.000280334357903498	5.60668715806995e-05	1.2459304795711e-05	1.49511657548532e-05	
0.0207376492671433	0.0829680698110947	0.162860936938376	0.209900055912776	0.19894963856384	0.150530172930229	0.091957795838492	0.0476606493869563	0.0214552797635688	0.00857412436598906	0.00301529613802468	0.00101841127840569	0.000300780781980111	6.73948640121411e-05	3.74415911178561e-06	
0.0197747133959227	0.0797970197422406	0.158953325281733	0.207808719957935	0.199945295746432	0.15228140467534	0.0954039684313992	0.0500606367924823	0.0222863630289171	0.00905617677217427	0.00322480325827527	0.0010453758044835	0.00029100664569254	5.74519558019606e-05	1.24895556091219e-05	1.24895556091219e-06	
0.018868938555027	0.076094428432517	0.154333594134719	0.206723426380268	0.200566680581629	0.154661054020882	0.0982904594187212	0.0521023674599861	0.0238083334791488	0.00971381005826786	0.00329209671815203	0.00113736067331752	0.000304962642076346	8.37397418816195e-05	1.74978565125772e-05	1.24984689375551e-06	
0.0177533313215302	0.0734586636805523	0.150143278623927	0.204033000221963	0.20070729012612	0.157483034763459	0.100852439228166	0.054079263380777	0.0257140861966197	0.0105158279858442	0.00365990218646422	0.00116593136093494	0.000319228265667748	9.7264862195642e-05	1.24698541276464e-05	4.98794165105857e-06	
0.017261714914667	0.0703976785926468	0.146658911965379	0.200236393313446	0.200875530790542	0.160077046709568	0.103540271289469	0.0565205155625598	0.0266749216712632	0.0118159133974972	0.00402494011994772	0.00132955604335128	0.000419004021187845	0.000122574310675847	4.37765395270883e-05	1.25075827220252e-06	
0.0161719065662094	0.0675847592790192	0.143569453009778	0.197510417044549	0.200317483747409	0.162129367747004	0.106599734054197	0.0592311089039305	0.0282645597821396	0.0119175242772491	0.00452458122292538	0.00146482847996838	0.000517881290099836	0.000161368807784731	2.75202617927449e-05	7.50552594347588e-06	
0.0156688403231839	0.0652572299201547	0.138257563911881	0.19449701721621	0.200787820184859	0.163610913398572	0.110482461681642	0.0618747818733809	0.0298841286381018	0.0125503333037286	0.00470465499405194	0.00164243871502	0.000562907404233814	0.000168872221270144	4.00289709677379e-05	1.00072427419345e-05	
0.0145953024142662	0.0631605120913228	0.133733003800951	0.190696041363145	0.200745696128828	0.165977364224079	0.112614109750277	0.0653858552639799	0.0313184877162556	0.013995546814673	0.00519163440897834	0.00171305193133798	0.000615998980415481	0.000187423624872864	5.49775966293735e-05	1.12454174923719e-05	3.74847249745729e-06	
0.0135678882059028	0.0607347741061024	0.130169701759036	0.186910757781123	0.20028733763798	0.168061258683899	0.115812822910988	0.0678419417922466	0.0332638954881239	0.0147757566057648	0.00571924436953271	0.00190808196499932	0.00061893877632678	0.000211314450907527	7.87740260779538e-05	1.62549577621174e-05	2.00061018610676e-05	1.25038136631673e-06	
0.0133096151249831	0.0584825513658388	0.127228269837539	0.18341067169366	0.197709101091571	0.169771035117283	0.119132743628336	0.0707195967737903	0.0352685424552596	0.0156135148784671	0.00611664758209284	0.00216389065289244	0.000705045827978819	0.000226264707205968	9.87564191672459e-05	3.12520313820398e-05	8.75056878697115e-06	3.75024376584478e-06	
0.0129033389581869	0.0565228883936345	0.123711701825133	0.180408722657136	0.197045260653711	0.170401744832087	0.121089693238776	0.0735790980941894	0.0373395068920116	0.0167004283156883	0.00676611006923957	0.00239901884513864	0.000804266370015146	0.000220484238508825	7.26595785994991e-05	2.12967730377842e-05	1.37802649068016e-05	
0.0121530082013398	0.0550741876917298	0.121523821448695	0.17799661929506	0.196005759719527	0.171061165717148	0.123275527452576	0.0752081637763726	0.0387967194640957	0.0179139798409817	0.00714956489075315	0.0025317723658674	0.000927815688975146	0.000285481750453891	7.51267764352345e-05	1.87816941088086e-05	2.50422588117448e-06	
0.0117379984481373	0.0528585987356957	0.118743818559927	0.176897302541771	0.196417177791065	0.171208810769275	0.124482451291192	0.0763546520154785	0.0408147404390593	0.0187050846692765	0.00755498896272145	0.00284800645815549	0.000963959932359847	0.000300845752622059	9.65213456329105e-05	1.37887636618444e-05	1.25352396925858e-06	
0.0109185987192487	0.050734946660433	0.115757702619536	0.174192448606378	0.195545823394705	0.173889119380105	0.125980649600846	0.0781561594007618	0.0421940981157239	0.0200172220808636	0.00809588211773937	0.00300947715818118	0.00105538515917891	0.00033466489014343	9.024671194879e-05	1.88013983226646e-05	8.77398588391014e-06	
0.0102318117466807	0.0484878223415002	0.111299430077821	0.171240773031277	0.194676053129315	0.17429003819092	0.130314777795441	0.0806265263537373	0.0435546720975965	0.0212772615696205	0.00882859900285524	0.00338974140078435	0.00120293260197702	0.000408070789016136	0.000130182092201467	3.12937721638141e-05	1.00140070924205e-05	
0.00949150588536015	0.0464776802383715	0.108612899426375	0.168417531030646	0.193960019145902	0.174792815775823	0.132823444207487	0.0834475655383783	0.0455128670988695	0.0216193323493075	0.00947646983643285	0.00352344746529805	0.00120037790602971	0.00048992459421463	0.000121541395495701	2.63130856227806e-05	6.26502038637634e-06	
0.00889068447982093	0.0443116432082749	0.105717089034822	0.167088658417543	0.192150953433691	0.175625522261842	0.133825754629153	0.085945792671145	0.047687995442991	0.0230021053582497	0.00984800768869807	0.00387697079348669	0.0013136532106086	0.000511910706712806	0.000132996409096954	6.90075707578537e-05	1.25468310468825e-06	
0.00834419752033035	0.0420647936348203	0.101898336305039	0.163550035698108	0.192237763202967	0.177290984125948	0.135480908099644	0.0874848330093944	0.0501103567175809	0.0244064640553302	0.0108098137800971	0.00415704156163225	0.00152328658491444	0.000450461189443398	0.000125476654441058	5.27001948652443e-05	1.25476654441058e-05	
0.00814941813179641	0.0400592913156547	0.0987042262006366	0.159126394425311	0.190863062665047	0.179316066390208	0.137281234624923	0.0902698984868414	0.0519853302942978	0.0260296908417258	0.011373791330716	0.00426360286365508	0.00177095779823883	0.000579860030323416	0.000158143644633659	5.89900896649363e-05	1.00408663259466e-05	
0.00798091018584407	0.0391665556111532	0.0938284984372603	0.156597074672051	0.188907942941773	0.179938848224411	0.140012924347308	0.0932350848254584	0.0535618646262626	0.0274742958870905	0.0120530853736117	0.00472216424984725	0.00173749493964028	0.000559468341635257	0.000165954654147986	4.77748246789657e-05	1.00578578271507e-05	
0.00745360683356338	0.0375762944099207	0.0916564647205589	0.152452933693851	0.187298923102281	0.179613806535872	0.142710651838301	0.0965282347508691	0.0553207605094724	0.0289676553222704	0.0126877399239792	0.00502149643361773	0.00180174965997008	0.000646717405883115	0.000186214350332103	6.41684585603869e-05	1.25820506981151e-05	
0.00699124622314865	0.0362151815644558	0.0903337659279154	0.148926948304112	0.185272409317987	0.180924332693628	0.14432332352897	0.0981154576566736	0.057434446888576	0.0295922253233185	0.0133123048939976	0.00547674762365274	0.00210451418292237	0.000647639186054086	0.000246779341687921	5.01074805457707e-05	3.00644883274624e-05	2.50537402728853e-06	
0.00680757253299001	0.0348811458642214	0.087731480612619	0.14694147189202	0.182667152117529	0.180941799696468	0.146901434707485	0.0994073245526783	0.0597254700302906	0.0306584740577812	0.0140868331462846	0.00599807070817021	0.00218953352926531	0.000744441399950204	0.00024773007931116	4.50418326020291e-05	1.62651062173994e-05	8.75813411706122e-06	
0.00653100224995654	0.0333778988982842	0.0848992772374186	0.143987213143048	0.181428541055141	0.179691359491527	0.148260754829777	0.102442434755638	0.0612340867790353	0.0323936210793038	0.0153444784765831	0.00663230657440052	0.00249884000295158	0.000832946667650528	0.00034018242282424	8.37949350339119e-05	1.50080480657753e-05	6.2533533607397e-06	
0.00610145203363076	0.0314314964293133	0.0826252290376872	0.141057361112666	0.180352951274215	0.180073068153406	0.14983573970621	0.104010787317438	0.0636354702720588	0.0335262660979442	0.0164546396535918	0.00687144159710016	0.0026197060107699	0.00100135961000464	0.000304761620436195	6.96597989568445e-05	2.11467246833278e-05	7.46354988823334e-06	
0.00586750062782133	0.0305102610128521	0.0799504175785024	0.13709267385084	0.178521459118625	0.180759348352387	0.151049482217502	0.107265284511308	0.0655433097750853	0.0349662460985389	0.0168911772237555	0.00737674599276799	0.00287746288431634	0.000921629341709233	0.000306797418448174	7.1751009153202e-05	2.47417272942076e-05	3.71125909413114e-06	
