# <P(N_2)> as a function of N_tot.
# number_of_species: 2
# species_total_upper_bound: 100
# species_total_lower_bound: 0
# volume: 512
# Bin widths for each species index 
1	1	1	1	1	1	1	1	1	1	1	1	1	1	1	1	1	1	1	1	1	1	1	1	1	1	1	1	1	1	1	1	1	1	1	1	1	1	1	1	1	1	1	1	1	1	1	1	1	1	1	1	1	1	1	1	1	1	1	1	1	1	1	1	1	1	1	1	1	1	1	1	1	1	1	1	1	1	1	1	1	1	1	1	1	1	1	1	1	1	1	1	1	1	1	1	1	1	1	1	1	
# Bin lower bound for each species index 
0	0	0	0	0	1	2	3	4	5	5	6	7	8	8	9	10	11	12	13	13	14	15	16	17	18	19	20	21	21	22	22	24	24	25	24	25	26	28	30	30	31	31	32	34	35	36	37	37	38	40	41	42	43	44	44	45	46	47	48	49	50	51	51	52	53	54	55	56	56	57	57	57	58	59	62	62	63	65	67	67	68	68	68	69	70	71	72	72	73	74	76	77	79	80	81	82	83	83	84	85	
# Bin upper bound for each species index 
0	1	2	3	4	5	6	7	8	9	10	11	12	13	14	15	16	17	18	19	20	21	22	23	24	25	26	27	28	29	30	31	32	33	34	35	36	37	38	39	40	41	42	43	44	45	46	47	48	49	50	51	52	53	54	55	56	57	58	59	60	61	62	63	64	65	66	67	68	69	70	71	72	73	74	75	76	77	78	79	80	81	82	83	84	85	86	87	88	89	90	91	92	93	94	95	96	97	98	99	100	
# Normalized histogram for each species index 
1	
0.0508545395729998	0.949145460427	
0.00183073188592506	0.0941945457750776	0.903974722338997	
0.000135274065256209	0.00641199069314431	0.138006601374385	0.855446133867215	
0.000135840034775049	0.000312432079982612	0.0124972831993045	0.17301945229298	0.814034992392958	
0.000123048316972465	0.000875010254026414	0.0201389078778267	0.205271936780509	0.773591096770665	
4.1663773349073e-05	0.00229150753419901	0.0330810360391639	0.234497604333032	0.730088188320256	
0.000225345764908031	0.00388721444466353	0.0434213120757162	0.261626433058224	0.690839694656489	
0.000511472614903744	0.00534204731121688	0.0517297719684592	0.278894650848902	0.663522057256518	
0.000894899075270956	0.00734385431611244	0.0604411994488558	0.298953110129405	0.632366937030356	
2.85070840103766e-05	0.00136834003249808	0.0102910573277459	0.0752016876193734	0.319279340916218	0.593831067020155	
0.000243281147142162	0.00173158934142362	0.0145682475171012	0.0883539883797476	0.328257820773348	0.566845072841238	
0.00033193344012931	0.00228023841480135	0.0184150899828261	0.098742982494119	0.33940915847657	0.540820597191555	
0.000487350390597004	0.00219307675768652	0.0219881029169354	0.107919443847201	0.35513509639504	0.512276929692539	
1.43434980923148e-05	0.000344243954215554	0.00298344760320147	0.025746579075705	0.118348202759689	0.365888292836857	0.48667489027224	
4.27246962986171e-05	0.000583904182747768	0.00435791902245895	0.0288818946978652	0.133998889157896	0.366136405713716	0.465998262529017	
7.02869111714017e-05	0.000548237907136933	0.00596033006733486	0.0348201357943124	0.142316937739854	0.368865709827516	0.447418361752674	
0.000126016886262759	0.000854114451336479	0.00770103193827973	0.0402833979753287	0.155812878925776	0.379660874557191	0.415561685265826	
0.000183349082549398	0.00156551908946025	0.00944952963908438	0.0467681198256773	0.169654316460516	0.376810572190175	0.395568593712537	
0.00019854213347704	0.00185778710610659	0.011288538446266	0.0533652891624358	0.180446436168704	0.373783929432453	0.379059477550557	
4.27216541824499e-05	0.000398735439036199	0.0023354504286406	0.0135712454786249	0.0628150721995956	0.189641422915895	0.375879354048589	0.355315997835436	
2.8744305034565e-05	0.00040242027048391	0.00306126848618118	0.0162980209545984	0.0686557725750586	0.197372770519841	0.382069302519438	0.332111700369364	
1.45192670673984e-05	0.000595289949763336	0.00387664430699538	0.0179022562941023	0.074193454714406	0.207915904405146	0.375468246362924	0.320033684699596	
1.46400023424004e-05	0.000644160103065616	0.00428952068632331	0.0206863233098117	0.078690012590402	0.214358914297426	0.368401018944163	0.312915410066466	
2.90351615806742e-05	0.000595220812403821	0.00486338956476293	0.0228942249063616	0.0830841148630992	0.220768851078656	0.371519410005517	0.296245753607619	
2.88367264548128e-05	0.000836265067189573	0.00602687582905589	0.026111655804833	0.0907924332429783	0.228790587692485	0.365361324182479	0.282052021454524	
5.77042369335968e-05	0.00100982414633794	0.00702549084666542	0.0303812807455387	0.0977076991878129	0.235967050880711	0.359511822155542	0.268339127800459	
0.00012947404764645	0.00122281044999425	0.00696282656232017	0.0309874554033836	0.107319599493613	0.243612613649442	0.353910116238923	0.255855104154678	
0.000247010447088909	0.00177266320852041	0.00831117504322683	0.0377635383520044	0.116429100736672	0.248216439271755	0.35078389491885	0.236476178021882	
1.46393593816335e-05	0.000395262703304103	0.00232765814167972	0.011184470567568	0.0438302419886106	0.121506682867558	0.254959082990528	0.343658961483845	0.222122999897524	
5.88789448893076e-05	0.00066238813000471	0.00365049458313707	0.0120996231747527	0.0467498822421102	0.128356099858691	0.256874116815827	0.337096679227508	0.214451837023081	
2.91694012980384e-05	8.75082038941151e-05	0.00123969955516663	0.00385036097134106	0.0150514110697878	0.0506818347553416	0.136104426456647	0.2602202289798	0.332662437103478	0.200072923503245	
0.000247031983376201	0.00108984698548324	0.00369094845750323	0.017684583751108	0.0565848554862897	0.141200575439208	0.264266097039976	0.325864248659488	0.189371812197567	
8.72181762679342e-05	0.000363409067783059	0.00116290901690579	0.004419054264242	0.019028098789121	0.058348959923248	0.145727036181007	0.265724710362973	0.321936824967657	0.183201779250796	
0.000116069874064187	0.000449770761998723	0.00166850443967268	0.00486042597643782	0.0199930358075561	0.0620248389530497	0.15076025767512	0.270196158087168	0.316537055307295	0.173393883117637	
1.44969556393157e-05	1.44969556393157e-05	0.000144969556393157	0.000405914757900841	0.00178312554363584	0.00572629747752972	0.0202667439837634	0.0657726877355755	0.157523919976805	0.277529718759061	0.304755001449696	0.166062626848362	
7.21511132916781e-05	8.65813359500137e-05	0.000115441781266685	0.000562778683675089	0.00173162671900027	0.00665233264549272	0.0230162051400453	0.0720789621783864	0.165312630773893	0.277507611942452	0.295545390265372	0.157318287421175	
1.44139988757081e-05	4.32419966271243e-05	0.000144139988757081	0.000461247964022659	0.00193147584934488	0.00726465543335688	0.0268821079031956	0.0795652737939086	0.175865200282514	0.271026420859939	0.288582671490552	0.148219150438906	
2.88817005545287e-05	0.000187731053604436	0.000664279112754159	0.00218056839186691	0.00775473659889094	0.0307156885397412	0.0858941774491682	0.179456446395564	0.272701016635859	0.279228280961183	0.141188193160813	
0.00010230179028133	0.000876872488125685	0.00235294117647059	0.00970405553525758	0.0331896236755572	0.0885933503836317	0.176645962732919	0.273715747168433	0.273554987212276	0.141264157837048	
2.92984486471441e-05	7.32461216178603e-05	0.00092290113238504	0.00238782356474225	0.0113384996264448	0.0348358554414544	0.0887596501765232	0.177240965090898	0.277778591623574	0.272167938707645	0.134465230066068	
5.82445104548896e-05	0.000145611276137224	0.000655250742617508	0.00276661424660726	0.0121876638126857	0.0370143863940824	0.0929436775583901	0.188450113576795	0.274113227328324	0.266191973906459	0.125473236647446	
5.83464612871229e-05	2.91732306435615e-05	0.000131279537896027	0.000612637843514791	0.00335492152400957	0.0141344302468055	0.0406091370558376	0.0981095746542972	0.189421786568645	0.274228368049478	0.261392146566311	0.117918198261275	
2.90486564996369e-05	4.35729847494553e-05	0.000203340595497458	0.00046477850399419	0.00357298474945534	0.0145824255628177	0.043921568627451	0.10238198983297	0.199694989106754	0.271517792302106	0.250108932461874	0.113478576615832	
4.33044156069114e-05	0.000216522078034557	0.000664001039305975	0.00415722389826349	0.0151854150728236	0.0447190265167372	0.108564169926527	0.203487448936877	0.271403207413716	0.245766993374424	0.105792687327685	
5.76485169919004e-05	0.000288242584959502	0.00132591589081371	0.00490012394431153	0.0171648459343383	0.0494912518375465	0.111549880379327	0.205891678436572	0.275804917418499	0.235292422102441	0.0982330729541983	
4.32033871455522e-05	0.000345627097164418	0.00129610161436657	0.00542922565129106	0.0201615806679244	0.0535433978023877	0.117801235616872	0.211610190238915	0.269805152723974	0.225190454931667	0.094773830268293	
8.66851595006935e-05	0.000216712898751734	0.00158922792417938	0.00663141470180305	0.0220613730929265	0.058411349976884	0.127297156726768	0.210919440591771	0.262598243180767	0.220902681460934	0.0892857142857143	
2.89197044406206e-05	7.22992611015515e-05	0.000260277339965586	0.00174964211865755	0.00717208670127391	0.0253336610899837	0.0606446202119814	0.126870743381003	0.20924852148011	0.260508697601111	0.219283658921006	0.0888268721893662	
7.22042513863216e-05	0.00010108595194085	0.000404343807763401	0.00255603049907579	0.00785582255083179	0.0257191543438078	0.0637130314232902	0.130155383548983	0.21352241219963	0.264108710720887	0.2106198012939	0.0811720194085028	
0.000145211645974007	0.000464677267116823	0.00265737312132433	0.00900312205038844	0.0272417047847237	0.0661439047411602	0.135685761998112	0.216931677920569	0.260117621433239	0.204065926087272	0.0775430189501198	
0.000116592581796983	0.000772425854405014	0.00308970341762005	0.0103767397799315	0.0283465714493915	0.0702470305326824	0.139255264883772	0.219500109305545	0.259054142680172	0.19460759309189	0.0746338264227939	
0.000103463056298683	0.000990289253144538	0.0036507678436821	0.0120164949672613	0.0300042863266181	0.0723945785358499	0.142054776298092	0.225874632336639	0.25321844007272	0.190445925772647	0.0692463455370472	
0.000162541558921315	0.000960472848171407	0.00452161063908386	0.0118507572958995	0.0327595123753232	0.0766014037680089	0.147572958995198	0.224469892870336	0.252545253047654	0.184898411525674	0.0636571850757296	
0.000237607294543942	0.00132169057590068	0.00501945409724079	0.0132466066708248	0.0337996376488758	0.0817963111467522	0.15151920163949	0.228786123733999	0.249873771124774	0.175220529270249	0.0591790667973507	
7.55458185389439e-05	0.000332401601571353	0.00166200800785677	0.0052428798066027	0.0135982473370099	0.0376067084686863	0.0860315781521493	0.154521417239556	0.228918939336708	0.244511596283146	0.170431366623857	0.0570673113243182	
0.000244472626705579	0.000336149861720171	0.00154323345607896	0.00495057069078797	0.0150961846990695	0.0393753724387672	0.0868336210979877	0.159121120906993	0.229315323849833	0.242211254908552	0.167402631136645	0.0535700643268599	
0.000340036167483269	0.000231842841465865	0.0017156370268474	0.00451320731386884	0.0162135427131795	0.0403561106044916	0.0895686177529792	0.163603765127745	0.231131856752036	0.237870755343978	0.160141578695188	0.0543130496607366	
0.000109153282395135	0.000545766411975674	0.00180882582254795	0.00534851083736161	0.0165133322937783	0.0442070793700296	0.0921877436457196	0.168563854670201	0.22827070014034	0.232340558241073	0.158552939341962	0.0515515359426166	
0.000279095729835334	0.000573696777994852	0.00148851055912178	0.00598505287313549	0.0181102118026483	0.0428256892113995	0.0947840109157441	0.171473315347164	0.231695971718299	0.231478897261761	0.151579991937234	0.0497255558656619	
0.000156860284544556	0.000454894825179213	0.00197643958526141	0.00702734074759612	0.018007560665715	0.045928691314646	0.102084673181597	0.174224718043639	0.232576743894213	0.225376856833618	0.148421201236059	0.0437640193879312	
0.000186816950524644	0.00057601893078432	0.00250646075287231	0.00694336332783261	0.0207366815082355	0.0512501167605941	0.107030544571411	0.175405548463431	0.230407572313728	0.223012734688794	0.139723510913224	0.0422206308185696	
0.000219034059796298	0.000750973919301594	0.00234679349781748	0.00780699970273949	0.0227326063488587	0.0576372483063974	0.111660434626156	0.178716147503794	0.230173506265939	0.217391304347826	0.130998013048172	0.0395669383732027	
1.58684820210099e-05	0.000301501158399188	0.000999714367323622	0.00326890729632803	0.00872766511155543	0.0252467548954267	0.0603954425719636	0.112063220032372	0.184502840458282	0.230378621981021	0.206512425021422	0.127931702053382	0.0396553365705037	
4.76750468804628e-05	0.000206591869815339	0.00098528430219623	0.00355973683374122	0.0110765025585608	0.0271906684041573	0.060134125798557	0.11742364046658	0.187219909099577	0.2266948479166	0.204239900835902	0.123144646092235	0.0380764707751963	
1.5886885376122e-05	0.000206529509889586	0.00100087377869569	0.00393994757327826	0.0120104853443482	0.0288188100722853	0.065755818571769	0.123139248550322	0.187036301533084	0.223401382159028	0.201207403288585	0.117547064897927	0.0359202478354119	
9.72652260605962e-05	0.000194530452121192	0.000972652260605962	0.00405271775252484	0.0113800314490898	0.0302170635628252	0.0687340930828213	0.123656524065038	0.187948838491092	0.22507173310422	0.196767552320586	0.115729408141099	0.0351775900919156	
0.000261147744336358	0.00034275641444147	0.00114252138147157	0.00381928576091924	0.0134164653652804	0.0331657635307175	0.0726317163935497	0.12755435137429	0.186867532806685	0.222840634589019	0.191388653130509	0.111852843246066	0.0347163282627146	
6.48981909629269e-05	0.000502960979962684	0.000973472864443904	0.0047051188448122	0.0134177009815851	0.0356291068386469	0.0747140423460696	0.127881885292447	0.196024985803521	0.21796057434899	0.189340472134339	0.105962521294719	0.0328222600795003	
9.74643036987703e-05	0.000113708354315232	0.000747226328357239	0.00151069670733094	0.00490570328617144	0.0145384253017332	0.0387583047708777	0.0763145497961372	0.13157680999334	0.192329559298907	0.220448010916002	0.183200402852455	0.106609704195838	0.028849433894836	
6.5050169943569e-05	6.5050169943569e-05	0.000617976614463905	0.00206534289570832	0.00585451529492121	0.0154494153615976	0.0406726187572165	0.0759948610365745	0.135743442129743	0.193247792359858	0.222601681546893	0.17779837699826	0.10198240392903	0.0278414727358475	
3.24764951366449e-05	0	8.11912378416121e-05	0.00060081516002793	0.00250069012552165	0.00569962489648117	0.0164655830342789	0.0414724842894955	0.0817920530016401	0.136011561632269	0.196222983615608	0.220742737443775	0.178799343974798	0.0935485442411055	0.0260299108520208	
3.23368203204579e-05	6.46736406409158e-05	1.61684101602289e-05	0.000161684101602289	0.000630567996248929	0.00252227198499572	0.00696858477905868	0.0185936716842633	0.0439134019951818	0.0818606606412391	0.142556872382739	0.202024284952061	0.216689032967388	0.170447379909134	0.0898640236705525	0.0236543840644149	
6.50089387290753e-05	4.87567040468064e-05	6.50089387290753e-05	0.000260035754916301	0.00121891760117016	0.00320169023240696	0.00770355923939542	0.0194376726799935	0.0425483503981798	0.0858605558264261	0.147895335608646	0.20107264748903	0.209426296115716	0.169153258573054	0.0897935966195352	0.022249309280026	
0.000195621342288444	4.89053355721109e-05	9.78106711442218e-05	0.000342337349004776	0.00122263338930277	0.00352118416119199	0.00841171771840308	0.0194643235577001	0.0450255122833901	0.0924473860098137	0.150498019333909	0.195181194268295	0.209673475376164	0.164582755978677	0.0875079471170305	0.0217791761081134	
0.000113296107469451	0.000404628955248038	0.0010520352836449	0.0036902160718621	0.00893420733187667	0.0214938901027758	0.0479242534595776	0.0956057295460063	0.153176337298697	0.19386582503844	0.208108764263171	0.159116290361738	0.085765153354374	0.0207493728251194	
6.44112011078727e-05	8.05140013848408e-05	0.000370364406370268	0.00128822402215745	0.00351041046037906	0.00969388576673483	0.0232202379993881	0.0533002689167646	0.0963430540571005	0.153137630633967	0.198467013413633	0.20724303956458	0.153910565047262	0.0796122445693306	0.0197581359398399	
1.61279917424682e-05	1.61279917424682e-05	0.000225791884394555	0.00120959938068512	0.00319334236500871	0.00948325914457132	0.026143474614541	0.0552706277014386	0.101783755886717	0.154248113024966	0.196777627249855	0.205841558609122	0.150199987097607	0.0763821688923295	0.0192084381652797	
4.84175529768726e-05	0.000209809396233114	0.00114588208711932	0.00351834218298607	0.0111198980003551	0.0257419989993706	0.0582785945998289	0.102144897596875	0.157131098594277	0.197511337776989	0.203837898032633	0.149013088878488	0.0733364535756363	0.016962282726231	
0.000513552984224294	0.00128388246056074	0.00426890918136445	0.0119561554139719	0.0268170948949624	0.0568920415335976	0.104299401389803	0.157612620564587	0.197926529826194	0.200430100624288	0.148753831586718	0.0718492721991302	0.017396607340598	
1.61530012276281e-05	0.000468437035601215	0.00148607611294178	0.00429669832654907	0.012292433934225	0.0294307682367384	0.059895328552045	0.105220649996769	0.160544679201396	0.200701040253279	0.197308909995477	0.145021645021645	0.0676326161400788	0.0156845641920269	
4.88726704027108e-05	0.000325817802684739	0.00202007037664538	0.00410530431382771	0.0137006386028933	0.0308549459142448	0.0625244363352014	0.110973543594422	0.163365046266128	0.199237586341718	0.193128502541379	0.140199400495243	0.0649354880750684	0.0145803466701421	
3.2931025966114e-05	0.000131724103864456	0.000642155006339222	0.00166301681128876	0.00497258492088321	0.0143908583471918	0.0321242158299442	0.0668005861722622	0.111866695206889	0.162975647506298	0.200072448257125	0.191543312531902	0.135824016597237	0.0626183458745657	0.0143414618082426	
1.67109506859845e-05	0	0.000167109506859845	0.000618305175381427	0.00210557978643405	0.00606607509901238	0.0153406527297338	0.0351932621446834	0.0689159606290002	0.115539513042897	0.165672365100851	0.20071522868936	0.185825771628148	0.130679634364399	0.0591233435270133	0.014020487625541	
1.68878981321985e-05	0	0.000236430573850779	0.000979498091667511	0.00285405478434154	0.00709291721552336	0.0172256560948424	0.0387070625189989	0.0683959874354038	0.118012632147803	0.171192623366096	0.193450873104333	0.183149255243692	0.12882088695241	0.0565069071503361	0.013358327422569	
1.68764977891788e-05	1.68764977891788e-05	0.000286900462416039	0.000826948391669761	0.00288588112194957	0.00761130050291963	0.017838458163162	0.0375333310831336	0.0712863266614912	0.117899213555203	0.169828197252506	0.19748877712897	0.182418064603234	0.124869207142134	0.0548823708104094	0.0143112701252236	
0.000101013502138119	6.73423347587461e-05	0.000286204922724671	0.000875450351863699	0.0032492676521095	0.00787905316677329	0.0167514057712381	0.038991211825314	0.070625273578235	0.121182531398364	0.168709384154349	0.196605946328159	0.181723290346476	0.12350584194754	0.0577965588066938	0.0116502239132631	
5.02739932632849e-05	1.67579977544283e-05	0.000418949943860708	0.00129036582709098	0.00294940760477938	0.00760813098051045	0.0176126556399041	0.0404035325859266	0.0722772443148493	0.122836123539959	0.169322809310744	0.199118529318117	0.181539389673722	0.119652103966618	0.0538434467849781	0.0110602785179227	
8.3162849491875e-05	1.6632569898375e-05	6.65302795935e-05	0.00043244681735775	0.001197545032683	0.00307702543119937	0.007850572992033	0.0201087770071354	0.0410990802188846	0.0781730785223625	0.126790080335313	0.171049348834888	0.19949104336111	0.173860253147714	0.114149327212548	0.0527917768574422	0.00976331853034612	
9.84348853233586e-05	8.20290711027988e-05	0.000311710470190636	0.000442956983955114	0.00129605932342422	0.00346162680053811	0.00912163270663123	0.022246284083079	0.0417527971913246	0.0796830396692588	0.130294976539686	0.174771138891623	0.198083800899039	0.17173606326082	0.109787708763986	0.0469862519276832	0.00984348853233586	
4.93323686114583e-05	8.22206143524304e-05	0.000230217720186805	0.00046043544037361	0.000953759126488193	0.00391370124317569	0.00958692363349339	0.0220351246464514	0.0474741827270933	0.0816121818062225	0.129990791291193	0.178040518318753	0.195849503387489	0.168239821087943	0.106705913306584	0.0455831085969874	0.00919226468460172	
0.000147822087904868	0.00011497273503712	0.000640562380921096	0.00116615202680507	0.00377767557979108	0.0110866565928651	0.0250147822087905	0.0486170422442678	0.0857860850141252	0.130625451678602	0.176269627488338	0.193893305301886	0.165429341041981	0.102539254976677	0.0458905459562447	0.00900072268576309	
1.63414713860836e-05	0.000163414713860836	0.000555610027126843	0.00112756152563977	0.00411805078929307	0.0113573226133281	0.0260809883321894	0.051802464293885	0.0841258946955584	0.132954211197176	0.181275942085825	0.194675948622414	0.163937640945191	0.0996339510409517	0.0409353858221394	0.00723927182403504	
9.73441277154956e-05	0.000486720638577478	0.00163862614987751	0.00423446955562406	0.0118597595600045	0.0277106283563444	0.0525982770089394	0.0894917014131123	0.138098869185716	0.180962733423106	0.193860830345409	0.157048526047666	0.0973441277154956	0.0378830897026137	0.00668429676979736	
0.000128967774177427	0.000499750124937531	0.00138640357240734	0.00430429946317164	0.011478131901791	0.027647466589286	0.053392658509455	0.0924537731134433	0.146249455917203	0.182247585884477	0.186052135222711	0.157888797536716	0.0914703938353404	0.0374328964549983	0.00736728409988554	
0.000273070436109549	0.000610392739538993	0.0018793671191069	0.00444944181190266	0.0121757288571199	0.0271785398763152	0.0537948759135812	0.0984981126013975	0.146028431451289	0.183680025700747	0.18790458597703	0.150172676893422	0.090322062484941	0.0361898642679303	0.00684282386956871	
0.000223196492626544	0.000813072937425269	0.00197688322040654	0.00505380629732961	0.0126903148664807	0.0275169390195297	0.0568991630131526	0.0993702670386608	0.149350338780391	0.184360302909526	0.185444400159426	0.151040255081706	0.085436428856118	0.0332722200079713	0.0065524113192507	
0.000142542644007666	0.000601846719143477	0.00212230158855858	0.00611349562077321	0.0140166933274205	0.0295221653811432	0.0610716039215065	0.100650944740968	0.147404931975483	0.180680720315494	0.186065664644673	0.14754747461949	0.0839576173205151	0.0326105893346426	0.00749140784618065	
1.59344774288127e-05	0.000254951638861004	0.000653313574581322	0.00272479564032698	0.00686775977181828	0.0150421466927992	0.0314068550121899	0.0624631515209459	0.101821310770113	0.147840081584524	0.182194814921045	0.181605239256179	0.142183342097296	0.0838631547078414	0.0339085679685135	0.00715458036553691	
3.16215532506957e-05	0.000158107766253478	0.001090943587149	0.00256134581330635	0.00681444472552492	0.0164273969137364	0.0342303313938781	0.0635751328105237	0.102896534277764	0.151214267644827	0.17954717935745	0.177381102959777	0.143071717682773	0.0831172527194536	0.0318903364533266	0.00599228434100683	
3.13204710598847e-05	0.000219243297419193	0.00145640190428464	0.00252129792032072	0.00643635680280631	0.018760962164871	0.03532949135555	0.0637841393134553	0.106254698070659	0.152374091706339	0.177461789025307	0.176318591831621	0.135273114507642	0.0866011024805813	0.0305687797544475	0.00660861939363568	
