# <P(N_2)> as a function of N_tot.
# number_of_species: 2
# species_total_upper_bound: 100
# species_total_lower_bound: 0
# volume: 512
# Bin widths for each species index 
1	1	1	1	1	1	1	1	1	1	1	1	1	1	1	1	1	1	1	1	1	1	1	1	1	1	1	1	1	1	1	1	1	1	1	1	1	1	1	1	1	1	1	1	1	1	1	1	1	1	1	1	1	1	1	1	1	1	1	1	1	1	1	1	1	1	1	1	1	1	1	1	1	1	1	1	1	1	1	1	1	1	1	1	1	1	1	1	1	1	1	1	1	1	1	1	1	1	1	1	1	
# Bin lower bound for each species index 
0	0	0	0	0	1	2	2	3	4	5	6	7	8	8	9	10	11	12	13	13	14	15	16	17	18	19	20	20	21	22	22	23	24	25	24	25	26	28	29	30	31	31	32	34	34	35	35	36	38	40	41	42	43	43	44	45	46	47	48	49	50	51	51	52	53	54	55	56	56	57	57	57	58	59	62	62	63	64	66	66	67	68	68	69	70	71	72	72	73	74	76	77	78	79	79	82	83	83	83	84	
# Bin upper bound for each species index 
0	1	2	3	4	5	6	7	8	9	10	11	12	13	14	15	16	17	18	19	20	21	22	23	24	25	26	27	28	29	30	31	32	33	34	35	36	37	38	39	40	41	42	43	44	45	46	47	48	49	50	51	52	53	54	55	56	57	58	59	60	61	62	63	64	65	66	67	68	69	70	71	72	73	74	75	76	77	78	79	80	81	82	83	84	85	86	87	88	89	90	91	92	93	94	95	96	97	98	99	100	
# Normalized histogram for each species index 
1	
0.0503582495548171	0.949641750445183	
0.00240728096910656	0.0962701222645334	0.90132259676636	
0.000113174982670081	0.00696026143420997	0.13734491490656	0.85558164867656	
7.13938943941514e-05	0.000406945198046663	0.0133149613045092	0.173015963674787	0.813190735928263	
8.56824608002742e-05	0.0010924513752035	0.0206708936680661	0.202531916716648	0.775619055779282	
4.30400631254259e-05	0.00213048312470858	0.0318353000251067	0.23180660664969	0.734184570137369	
7.200668222011e-06	0.000158414700884242	0.00357153143811746	0.0414254442812293	0.258395979146865	0.696441429764682	
7.20341730116767e-06	0.000381781116961887	0.00495595110320336	0.05151163712065	0.281055732839659	0.662087694402224	
7.18674763735671e-06	0.000740235006647742	0.00776168744834525	0.0614107585612131	0.301110352509972	0.628969779726185	
1.43814536773377e-05	0.00125118646992838	0.0107285644432939	0.0764733799292432	0.318844018753416	0.592688468950441	
0.000129549527504084	0.00151141115421432	0.0135379256241768	0.0877841992759621	0.332848722137855	0.564188192280288	
0.000201405522827158	0.00201405522827158	0.018040180401804	0.0993432741344957	0.341058673744632	0.539342410967969	
0.000343792750270379	0.00227762697054126	0.0225757239344215	0.107857813048367	0.354013422241958	0.512931621054441	
7.13551775316817e-06	0.000385317958671081	0.0034964036990524	0.0256807283936522	0.119034707158351	0.36162090421281	0.48977480305971	
2.11904812358289e-05	0.000600396968348485	0.00462658840315597	0.0295748483114718	0.133408206367033	0.364808261462284	0.46696050800647	
4.19017822224705e-05	0.000831052014078999	0.00611067657411029	0.0353162187831722	0.144624001340857	0.370153360522934	0.442922788982625	
0.000152914763920457	0.00102869932091943	0.00811143315887149	0.0407170312293652	0.157891444418959	0.378818524928582	0.413279952179383	
0.000278142840255613	0.00144634276932919	0.0101104922432915	0.0477501721008824	0.169715807552969	0.375715348617282	0.39498369387599	
0.00019574533531875	0.00185958068552813	0.0115349929741406	0.0542284487881266	0.179309718056808	0.376495179771118	0.37637633438896	
2.10896309314587e-05	0.000358523725834798	0.00227768014059754	0.0137715289982425	0.0622706502636204	0.190629173989455	0.374959578207381	0.355711775043937	
4.22669155718361e-05	0.000500158500933394	0.00290937268852805	0.0163009404388715	0.0680356450987989	0.198894015709204	0.379648480152161	0.333669120495932	
4.94259528617627e-05	0.000769632694561733	0.00380579837035573	0.018174628952311	0.0732775055427676	0.208040896445568	0.375446598788358	0.320435513253216	
9.24089594040333e-05	0.000675296241798705	0.00417972831765935	0.0211829768480015	0.0794006212725425	0.213713489575559	0.368981866518812	0.311773612266223	
9.84203533290684e-05	0.00069597249854127	0.00470308688408191	0.0237966354299212	0.0854007465886803	0.220342081028071	0.371789914725794	0.293173142491582	
9.08335021904848e-05	0.000768591172381026	0.00547795890133386	0.0268937038408597	0.0943760087759137	0.229082092524403	0.363746253118035	0.279564558164884	
0.00017524551897208	0.00110755167990354	0.00633687796603041	0.0304646810181064	0.100289505597342	0.238411013830376	0.359982335251688	0.263232789137582	
0.000154918667699458	0.00142947679740863	0.00700654883458911	0.0330610520385888	0.105802408281107	0.245771424547567	0.355017252306176	0.251756918526864	
1.42522215650364e-05	0.000384809982255984	0.0019169238004974	0.00855845904980439	0.0367778577485766	0.115471499119925	0.248444726321715	0.351837467665272	0.236594004090388	
7.1627593814241e-06	0.00040111452535975	0.00236371059586995	0.0111524163568773	0.0426327438382362	0.120986168711634	0.254714886362822	0.344979980087529	0.22276181676229	
4.31477739344298e-05	0.000510581991557419	0.00344463061909864	0.0124121763018043	0.0468656737884465	0.126919177028125	0.258577417893382	0.336473532436339	0.214753662167313	
1.43712230629388e-05	0.00011496978450351	0.000905387052965143	0.00352813526195147	0.014665833135729	0.0511399972694676	0.136735001832331	0.261024524492157	0.331299805269927	0.200571974677905	
7.15619834119322e-06	0.000207529751894604	0.000937461982696312	0.00387865950092673	0.0169601900686279	0.055517786730977	0.143252778394006	0.263798939451406	0.326501549316941	0.188937948604184	
4.99589622809835e-05	0.000249794811404917	0.00102772722406595	0.00470327944902402	0.0185205010170217	0.0599578917317917	0.146729472219248	0.270056739107162	0.317446383327981	0.18125825215002	
5.73632960949936e-05	0.00027247565645122	0.00149861611048171	0.00520571912062067	0.0203137772296396	0.0643974702786422	0.154242732787426	0.270274339963574	0.310471669702141	0.173265835854928	
7.18070974135084e-06	7.18070974135084e-06	7.18070974135084e-05	0.000323131938360788	0.00165874395025204	0.00611078398988956	0.0213913343194841	0.0689204520974853	0.160474501299708	0.273678390372104	0.30326291450647	0.164093579009349	
3.57676817534748e-05	4.29212181041698e-05	6.43818271562547e-05	0.000350523281184053	0.00165246689701054	0.00644533625197616	0.0242290276198039	0.0728659212681789	0.166434176735269	0.276527101172465	0.2938744268229	0.157477949224199	
7.19388232247297e-06	2.15816469674189e-05	7.91327055472027e-05	0.000366887998446121	0.00210780752048458	0.00754638255627414	0.0275813448243614	0.0786075521376621	0.174408483026035	0.274554518837181	0.286525139021776	0.148193975842943	
1.44579706792355e-05	0.000115663765433884	0.000600005783188272	0.002363878206055	0.0085229737154093	0.031655726802186	0.0842032212358673	0.178151114709539	0.274079750166267	0.280723187693375	0.139570019952	
7.30609620667485e-06	0.000116897539306798	0.000840201063767608	0.0026448068268163	0.0101627798234847	0.0337249400900111	0.0881918873107721	0.178729031503887	0.2741904845403	0.274132035770647	0.1372596294348	
3.65962554711402e-05	8.05117620365084e-05	0.000827075373647768	0.0024007143589068	0.01142535095809	0.036398635691596	0.0906342862998258	0.182154201982053	0.274398723522609	0.268345702867683	0.133298200928081	
4.39618411219062e-05	0.000124558549845401	0.00057150393458478	0.00267434533491596	0.0128515115546372	0.0389794991280902	0.0941003209214402	0.188178660922319	0.272658665611582	0.265009305256371	0.124807666945092	
2.9397066172796e-05	5.14448658023929e-05	0.000117588264691184	0.000551194990739924	0.00341740894258753	0.014441308757386	0.0412734809066055	0.0996119587265191	0.189736014345768	0.274730281917865	0.258561895522827	0.117478025693036	
1.47443694938995e-05	2.9488738987799e-05	0.000176932433926794	0.000641380072984629	0.00375244203619743	0.0152309336871982	0.0437023111799182	0.104390136016809	0.199071104721884	0.272726602528659	0.249201961001143	0.111061963212798	
4.40693651807946e-05	0.000183622354919977	0.000874042409419092	0.00422331416315948	0.0157180735811501	0.0459863825661591	0.109923686549295	0.20412929951744	0.273163960073155	0.241022703067962	0.104730846352158	
1.47686491116658e-05	5.16902718908301e-05	0.000243682710342485	0.00146209626205491	0.00499180339974303	0.0173605470307631	0.0501321794095494	0.114265038176958	0.206185110247966	0.273360310732377	0.234186468963684	0.0977463041455598	
2.22225514452066e-05	6.66676543356198e-05	0.000318523237381295	0.00142965080964162	0.00563712054993407	0.0194521400317042	0.0539489473918132	0.119046208091972	0.210751270389191	0.271433650868902	0.224418139527993	0.0934754588956873	
5.17150941584107e-05	7.38787059405867e-06	5.17150941584107e-05	0.000199472506039584	0.00170659810722755	0.00649393825217758	0.021912424181978	0.0590069224347466	0.125120976380978	0.213694156933147	0.2623728362774	0.220387567691364	0.0889942891760308	
7.40812078200123e-06	2.22243623460037e-05	3.70406039100061e-05	0.000340773555972057	0.00185203019550031	0.00703030662211917	0.02435790113122	0.0611244045722921	0.127204841947743	0.211842621882107	0.26215857823346	0.21907294776534	0.0849489210072081	
3.67787683526054e-05	5.88460293641687e-05	0.00047812398858387	0.00223614911583841	0.00776767587607026	0.0254509077000029	0.0633992408862212	0.130498425868715	0.217038867802395	0.264630594050666	0.208881336981787	0.0795230529320034	
8.841993574818e-05	0.00057472958236317	0.0025052315128651	0.00842936720799316	0.0277859648088656	0.0660717969878275	0.13689616552212	0.221631937280792	0.259085148398126	0.2018258716732	0.0751053670900999	
8.87922040444849e-05	0.000754733734378122	0.00290054533211984	0.00988553205028598	0.0293606221373763	0.0700792470421097	0.140513662900397	0.223378987324913	0.257253213167884	0.193337624956529	0.0724470391499626	
8.95422154236466e-05	0.000790956236242212	0.00318621049882476	0.0114390180203709	0.0311084580084319	0.0725142707905831	0.142581054359587	0.226340335037123	0.255426631347237	0.188247584225646	0.0682759392605305	
0.000231483210000075	0.000798990434516387	0.00397255057161418	0.0116114965016166	0.033848819062269	0.0771436465326055	0.148582352018758	0.225180892927815	0.254086425376534	0.181684451048768	0.0628588923155042	
1.50375939849624e-05	0.000278195488721805	0.00107518796992481	0.00444360902255639	0.013203007518797	0.0351203007518797	0.0819624060150376	0.15196992481203	0.231714285714286	0.247751879699248	0.173368421052632	0.0590977443609023	
7.58403106419124e-05	0.000341281397888606	0.00150163815070987	0.00494478825385269	0.0136664239776726	0.0381173401286252	0.0840917364397525	0.15697427496663	0.229318347287951	0.244220968329086	0.17014773692513	0.0565996238320592	
0.000174938201178931	0.000304240349876402	0.00159726183685111	0.00517208594789884	0.0149153831526906	0.0391100969766115	0.0862977752424415	0.158706978513025	0.230910819547442	0.242525194903974	0.166845407872219	0.0534398174557901	
0.000267881060809001	0.000283188549998087	0.00149248019593586	0.0048371665837511	0.0161417473498909	0.0409934560483717	0.0900003826872297	0.162297654127282	0.231227277945735	0.240166851632161	0.160016838238108	0.0522750755807279	
0.000100187273133627	0.000500936365668133	0.00169547692995368	0.00580315512843238	0.0170318364327165	0.0439051457724824	0.0919333831700795	0.168006350331774	0.229251601069692	0.233829388780567	0.156762255600854	0.0511802831446473	
0.000138426399452447	0.000499873109133835	0.00176878177078126	0.00601385802065629	0.0184491629048011	0.0445733006236878	0.095391169933786	0.171664116032084	0.229810894157637	0.231425868817915	0.150538709404536	0.0497258388255289	
0.000100136339477596	0.00046216772066583	0.00186407647335218	0.0067707571077544	0.0201274042349969	0.0463708279734716	0.102069741109048	0.172257612287499	0.230891290449304	0.226962864823645	0.147346772143611	0.0447763493371745	
0.000137848642190874	0.000750509274150316	0.00258083291212915	0.00773484047848795	0.0219255923662485	0.0515630504372865	0.105025348833647	0.174271316760863	0.230919450443413	0.221852073090413	0.140421816845104	0.0428173199160655	
0.000168749185018141	0.000851416342591527	0.00253123777527211	0.00841444799840455	0.0228808554049597	0.055702571890988	0.110085831971834	0.178690046099209	0.229253438264645	0.217732471178406	0.133166118231815	0.0405228156568562	
7.69787384724339e-06	0.000238634089264545	0.000977629978599911	0.002909796314258	0.00963004018290148	0.0249026218958324	0.0595430542084276	0.111295860083445	0.181284929102582	0.229373547026311	0.208812525980324	0.130109463766108	0.0409141994980986	
3.86201782707429e-05	0.000169928784391269	0.000973228492422721	0.00328271515301315	0.0103038635626342	0.0270495728608283	0.0619390419106175	0.115420264779942	0.185786229589236	0.224730817357453	0.205397556115119	0.124611867208379	0.0402962940076931	
1.54615664112931e-05	0.000278308195403276	0.00105138651596793	0.00349431400895225	0.0108308272711108	0.0284415514135737	0.0635702303000317	0.120577025658469	0.185631566333985	0.222832095119557	0.203992176447396	0.12165933530726	0.0376257218618818	
7.78852594357992e-05	0.000280386933968877	0.00104366247643971	0.00374628097886194	0.011308939670078	0.0296976494228702	0.0667398788105363	0.123370250946306	0.185966633954858	0.225423306385034	0.19824135084194	0.118370017290528	0.0357337570291447	
0.000178794922224209	0.000310947690824711	0.00140703830098182	0.00436881505608719	0.01346403501271	0.0324862599989117	0.0703130465877378	0.127037679086436	0.184757344195773	0.223338178934849	0.194241248765926	0.114428750223494	0.0336678612240456	
6.19861925756038e-05	0.000402910251741425	0.00147217207367059	0.0048349230208971	0.0136369623666328	0.035208157382943	0.072748545261543	0.127125932698491	0.191103431710586	0.221344945413409	0.190739262829205	0.108956229999768	0.0323645407985371	
4.65274977511709e-05	9.30549955023419e-05	0.000527311641179937	0.00179906324637861	0.00498619684233382	0.0150594001054623	0.0368342690530103	0.0746921430565464	0.132339712770247	0.191825118645119	0.218648221098669	0.186722603058408	0.107517292719998	0.0289090852693942	
4.66454170877711e-05	0.000108839306538133	0.000505325351784187	0.00185026821114825	0.00590841949778434	0.0160771204229184	0.038793438544663	0.0763663220088626	0.134610899479126	0.193663997512244	0.221682344709632	0.182624582134805	0.10059861618596	0.0271631812174454	
1.54796365381341e-05	5.41787278834693e-05	0.000108357455766939	0.000572746551910961	0.00216714911533877	0.00619185461525363	0.0171282178294454	0.0409591182799028	0.0809894583675175	0.136298199718271	0.197287967678519	0.219857277751118	0.177837804368353	0.0950914072537577	0.0254407826504234	
1.53827221265075e-05	3.84568053162688e-05	7.69136106325375e-05	0.000169209943391583	0.000546086635491016	0.00229202559684962	0.0074836943145459	0.0180285503322668	0.0424255476249077	0.0824513905980802	0.140836512429239	0.201090634998769	0.21588881368447	0.173224833866601	0.0913656780703913	0.024066268766921	
3.08406387096277e-05	3.08406387096277e-05	7.71015967740692e-05	0.000154203193548138	0.000786436287095506	0.00279878796289871	0.00760221744192322	0.0191674569580336	0.0425215306208992	0.0849505393256694	0.145344220078798	0.20150502316903	0.212877508693205	0.170425369509403	0.090077795511145	0.0216501283741586	
9.25062248980504e-05	5.39619645238628e-05	7.70885207483754e-05	0.000208139006020613	0.000847973728232129	0.00306812312578534	0.00827930712837551	0.0207522297854626	0.045505353797766	0.0883665713338627	0.14922024961263	0.197832270796556	0.210551876720038	0.167205001503226	0.0868710540313442	0.021068292720531	
7.67253615682664e-05	0.000314573982429892	0.000874669121878237	0.00329151801127863	0.00943721947289677	0.0222580273909541	0.0478229178655004	0.0925231135151724	0.151241032723367	0.196248129819312	0.208884796869605	0.16288794260943	0.0834311581693329	0.0207081750872751	
3.07718345398457e-05	4.61577518097685e-05	0.00032310426266838	0.00114625083660925	0.00325412150258868	0.00950080391417735	0.0228942448976452	0.0506119748594112	0.094307979905992	0.154405372762311	0.198809130003308	0.206748263314588	0.157774888644424	0.079960612051789	0.0201863234581388	
7.74719357912596e-06	3.87359678956298e-05	0.000309887743165038	0.0012240565855019	0.00309887743165038	0.0096684975867492	0.0252945870358463	0.0530682760170128	0.0989394091990177	0.15502909071189	0.199071886209221	0.206718366271818	0.152464769637199	0.0762168904314412	0.0188489219780135	
7.68609968871296e-06	4.61165981322778e-05	0.000322816186925944	0.00119903155143922	0.00348180315898697	0.0109988086545482	0.0260405057453595	0.0559548057338304	0.101010722109066	0.157557357518927	0.197409784404904	0.202167480112217	0.152215518235272	0.0740094539026171	0.0175781099880865	
6.90941753610171e-05	0.000422242182761771	0.00125137228709398	0.00375411686128193	0.0116999470277989	0.0266549974281612	0.05661116101246	0.103410949123656	0.159430971080249	0.196534543249115	0.200910507688646	0.14945070130588	0.0722341217746455	0.0175652748028897	
2.30953993964402e-05	0.000100080064051241	0.000508098786721685	0.00129334236620065	0.00399550409558416	0.0115707950976166	0.0290463139742563	0.0588855699944571	0.105222639650182	0.159750877625177	0.199028453532056	0.198728213339903	0.145631890127487	0.069563342982078	0.0166517829648334	
4.66113545259625e-05	8.54541499642646e-05	0.000388427954383021	0.00163139740840869	0.00400857648923278	0.013633821198844	0.030243000528262	0.0620630185513191	0.109358006276996	0.162122059600385	0.199170317889438	0.194454802523228	0.139647618159784	0.0670504334855971	0.0160964544296324	
2.34879624192601e-05	0.000109610491289881	0.000555881777255823	0.00165198669015463	0.00501076531610883	0.0145781953415541	0.0316069680955177	0.0648424349187708	0.110095909179879	0.162693286357408	0.200657662947739	0.19153650420826	0.137514190643962	0.0639812096300646	0.0151419064396164	
7.87773751378604e-06	7.87773751378604e-06	0.000189065700330865	0.000504175200882307	0.00189853474082244	0.00632582322357019	0.014652591775642	0.0333307074208287	0.067157712305026	0.115755475027572	0.165101622813928	0.202190011028833	0.188238537891917	0.13277138805735	0.058098314164172	0.013770285174098	
7.96952453816605e-06	5.57866717671624e-05	0.000239085736144982	0.000836800076507436	0.00266979072028563	0.0069733339708953	0.0161701652879389	0.0357991042254419	0.0688646615342929	0.117088254514736	0.171336808046032	0.196552383684789	0.184143833978865	0.127687722150497	0.057834839573471	0.0137394603037983	
7.97938127877564e-06	3.98969063938782e-05	0.000191505150690615	0.00080591750915634	0.00268905149094739	0.00756445345227931	0.0165811542972958	0.0372397724280459	0.0717505964587506	0.119036409916775	0.171221563479968	0.196707707284377	0.18117983131588	0.12571515204711	0.0559115246203809	0.0133574842606704	
4.80053766021794e-05	0.000104011649304722	0.000232025986910534	0.00086409677883923	0.00292832797273295	0.007312819035732	0.0174819579792937	0.0389483622165683	0.0725041204614917	0.121517609972317	0.170091050197622	0.196021954458899	0.180308194517786	0.123693853711616	0.0564703246763638	0.0114732850079209	
3.99952005759309e-05	7.99904011518618e-05	0.000295964484261889	0.00104787425508939	0.00281566212054553	0.00713514378274607	0.0181338239411271	0.0408271007479103	0.0743350797904252	0.121345438547374	0.170739511258649	0.196528416590009	0.182106147262329	0.119585649722033	0.0535135783705955	0.011470623525177	
3.97924426192977e-05	3.18339540954382e-05	5.57094196670168e-05	0.000262630121287365	0.000978894088434725	0.00298443319644733	0.00732976793047464	0.0202463948046987	0.0425779136026486	0.0778976856715373	0.124820934008213	0.171895393626842	0.197983319008054	0.175325502180626	0.115764174068061	0.051165122719893	0.0106404991564002	
4.71416449291304e-05	3.92847041076087e-05	0.000149281875608913	0.000243565165467174	0.00108425783337	0.0036141927779	0.00882334454256891	0.0222744272290141	0.0424431943178604	0.0807850655268865	0.128649549011597	0.173465539457557	0.19485998931456	0.17203557622804	0.113077092303341	0.0482101888808573	0.0101983091863352	
2.35811979248546e-05	3.93019965414243e-05	0.000110045590315988	0.000337997170256249	0.00105329350731017	0.00400880364722528	0.00947178116648326	0.0216789812922496	0.045723942776293	0.0822590787612011	0.129177802232353	0.173604779122779	0.193523030969973	0.170492060996699	0.111240371010847	0.0467772362836032	0.0104779122779437	
7.062368561474e-05	9.41649141529866e-05	0.000580683637276751	0.00110643774129759	0.00397846762296368	0.0105464703851345	0.0231881101101729	0.0476709877899495	0.0850230704039675	0.13144637308139	0.173726419536081	0.19132741140651	0.169049562133149	0.106170940707492	0.0461878903920399	0.00983238645280768	
2.33663057870551e-05	0.000202507983487811	0.000475114884336786	0.0012462029753096	0.00465768362021964	0.0107718669678324	0.0250019471921489	0.049778020095023	0.0852558610483683	0.13388114339123	0.175932705039333	0.193278292701924	0.165620375418646	0.101916037074539	0.0433678635407742	0.00859101176104058	
6.19501920455953e-05	0.000201338124148185	0.000658220790484451	0.00154875480113988	0.00453785156733986	0.0123280882170735	0.0264295006814521	0.0514418907198612	0.089061144839549	0.137142237640937	0.176736154132078	0.191697125511089	0.158538285218684	0.100429005079916	0.0412820592243836	0.0079063932598191	
3.86285325793044e-05	0.000185416956380661	0.000502170923530957	0.00129019298814877	0.00489037222453993	0.0124306617840201	0.0273876295987268	0.0525116271883064	0.0912019654197376	0.142029388587586	0.17970765926544	0.187448817194332	0.156978630695777	0.09606916052473	0.0395092631221125	0.00781841499405121	
7.68114049574081e-06	7.68114049574081e-06	0.000176666231402039	0.000599128958667783	0.00179738687600335	0.00487752421479541	0.0124741721650831	0.0280208005284625	0.0530843619660647	0.0957838219818879	0.142477475055496	0.181789552112698	0.186175483335766	0.154099040625552	0.0937406386100208	0.0374071542142577	0.00748143084285155	
0.000167069151440592	0.000698652815115202	0.0019137011892286	0.00508801506659984	0.0131908689114685	0.028196716331769	0.0554365820689236	0.0971279294056895	0.146679120912501	0.180328366823104	0.187687003538828	0.152199996962379	0.08856183836819	0.0354642244194347	0.00725991403532753	
0.000226546747921434	0.000732501151612635	0.0020389207312929	0.00605634972776632	0.0140081405798086	0.0294812834628426	0.0592419745814549	0.0999448736246725	0.145193810742847	0.181078815613602	0.188577512969801	0.146205719550229	0.0858687690204874	0.0339669090716869	0.00737787242397469	
5.26973515816734e-05	0.000323712302573136	0.000730234729060331	0.00225092973184576	0.0071141424635259	0.0149359350768629	0.0317238056521674	0.0621226493217098	0.102029600855203	0.148139783489167	0.181595073550446	0.182122047066263	0.141642952858455	0.0847674541156632	0.0334101209027809	0.00703886053269494	
7.45045447772314e-06	2.98018179108926e-05	0.000283117270153479	0.000923856355237669	0.0025108031589927	0.00712263448070332	0.0162345403069587	0.0343540455967814	0.0634480703322903	0.103315452242587	0.148569512740277	0.181165251080316	0.178781105647444	0.140992400536433	0.0833109819699002	0.0317910892564446	0.00715988675309194	
1.48380060687445e-05	5.19330212406057e-05	0.000229989094065539	0.00112026945819021	0.00272277411361461	0.00742642203740661	0.0170785449851249	0.0341941849854217	0.0649236955537915	0.104125707587414	0.151481203955812	0.181520747241986	0.177210306479015	0.136606102871896	0.0811713121990667	0.0327103843785472	0.00741158403133787	
