# <P(N_2)> as a function of N_tot.
# number_of_species: 2
# species_total_upper_bound: 100
# species_total_lower_bound: 0
# volume: 512
# Bin widths for each species index 
1	1	1	1	1	1	1	1	1	1	1	1	1	1	1	1	1	1	1	1	1	1	1	1	1	1	1	1	1	1	1	1	1	1	1	1	1	1	1	1	1	1	1	1	1	1	1	1	1	1	1	1	1	1	1	1	1	1	1	1	1	1	1	1	1	1	1	1	1	1	1	1	1	1	1	1	1	1	1	1	1	1	1	1	1	1	1	1	1	1	1	1	1	1	1	1	1	1	1	1	1	
# Bin lower bound for each species index 
0	0	0	0	0	1	1	2	3	4	5	5	6	7	8	9	8	9	10	12	13	14	14	15	16	17	17	18	18	20	20	21	22	23	23	24	25	26	27	28	30	30	31	32	34	34	35	35	36	36	37	38	39	41	41	42	43	44	46	47	47	48	49	50	51	52	52	53	53	55	56	57	57	58	59	61	61	62	63	64	65	66	66	66	67	69	70	71	72	73	74	75	76	77	78	79	79	80	81	82	83	
# Bin upper bound for each species index 
0	1	2	3	4	5	6	7	8	9	10	11	12	13	14	15	16	17	18	19	20	21	22	23	24	25	26	27	28	29	30	31	32	33	34	35	36	37	38	39	40	41	42	43	44	45	46	47	48	49	50	51	52	53	54	55	56	57	58	59	60	61	62	63	64	65	66	67	68	69	70	71	72	73	74	75	76	77	78	79	80	81	82	83	84	85	86	87	88	89	90	91	92	93	94	95	96	97	98	99	100	
# Normalized histogram for each species index 
1	
0.0501593876405714	0.949840612359429	
0.00243709709050748	0.0958954697518978	0.901667433157595	
0.000103472300465165	0.00726835426156418	0.13574990974916	0.85687826368881	
2.07654370836097e-05	0.000409540564704525	0.0136128976436997	0.171245637816168	0.814711158538344	
2.42553604346561e-05	0.00115617218071861	0.0214579088645257	0.202733232615837	0.774628430978484	
1.16017490796913e-06	6.72901446622093e-05	0.00224261809710432	0.0308687737763345	0.2322206095791	0.734599548227891	
8.17252909420358e-06	0.000189135673322997	0.00345230979022285	0.0412619318924775	0.258378009825715	0.696710440289167	
9.35695496614537e-06	0.00037076934053351	0.00532410737573671	0.0515591611022025	0.281341413063947	0.661395192162615	
1.05202497273502e-05	0.000693167565368741	0.00802461270869545	0.0627217288744619	0.300924729951034	0.627625240650713	
2.68772283267289e-05	0.00099212029779969	0.0105907965358758	0.0748717780922543	0.317893339472248	0.595625088373495	
8.16599841579631e-06	8.86594113715028e-05	0.00143488257877564	0.0136710479192453	0.0880399620631045	0.329923834566205	0.566833447462883	
2.56360060034865e-05	0.000184113134025039	0.00198329464626973	0.0179650138434432	0.100053835612607	0.34147159996644	0.538316506791211	
2.21035352859674e-05	0.00029781605437935	0.00279667888565609	0.0219906909216127	0.112087027435141	0.350847088906236	0.51195859426169	
2.78628174184403e-05	0.000340158562650125	0.00381488408487479	0.0260436076311613	0.122372333151064	0.360709712397677	0.486691441355155	
3.23262550379891e-05	0.000496438916654833	0.00484085669193887	0.0303324178076103	0.134794710962872	0.367278210141439	0.462225039224447	
1.15314450976367e-06	2.30628901952735e-06	5.3044647449129e-05	0.000751850220365916	0.0062189083411555	0.0361430083695229	0.146343263445088	0.372231588318185	0.438254877224704	
5.74611591294864e-06	2.29844636517946e-06	0.000118369987806742	0.00105268843525219	0.00762049892375249	0.041574297853366	0.158504309012323	0.374966241569011	0.41615554965621	
3.44063133291205e-06	3.44063133291205e-06	0.000185794091977251	0.00136478376205511	0.00948582058483851	0.0479658414121268	0.168847835785548	0.377348947682907	0.394794095417882	
2.28964724549712e-06	0.000214082017453981	0.00176417320265553	0.0115661530606287	0.0536338419021473	0.180360092822299	0.376531344698379	0.375928022649191	
1.37812705642397e-05	0.000326156736687006	0.00248522245841789	0.0135021998353138	0.0608167469999897	0.18991739276736	0.377168109680539	0.355770390251129	
3.91935805526064e-05	0.000440351405032225	0.00296833735067534	0.0160497712362923	0.0664469520650982	0.198328739615142	0.377506804120859	0.338219850626348	
1.15886403511822e-06	4.63545614047286e-05	0.00060376816229659	0.00379991517115263	0.018420143838204	0.0726375977212098	0.208519041294961	0.376168424663408	0.319803595723328	
1.04441914629179e-05	7.54302716766293e-05	0.000680032910807765	0.00442369531740478	0.0213444459530499	0.0801475648207138	0.216732058909882	0.370353350206505	0.306232977418498	
2.20122944457188e-05	0.000112378555854459	0.00085616239975717	0.00529569462691478	0.0242876705663184	0.0869138068062014	0.224370158743399	0.3683305644184	0.289811551588708	
2.19859058771798e-05	0.000152744188199354	0.00110623821150441	0.00619771115148289	0.0275356113817563	0.0950797856952754	0.2322243950983	0.363275437114523	0.274406091253081	
2.32204702377428e-06	1.62543291664199e-05	0.000197373997020814	0.00133285499164644	0.00725755797280651	0.0307938266057826	0.101185521107988	0.239276496588332	0.357981862490697	0.261955929869536	
9.32975070906105e-06	2.56568144499179e-05	0.000232077548887894	0.00154873861770414	0.00795827735482908	0.0337433758769966	0.108145805344081	0.244335675100761	0.353999897372742	0.250001166218839	
1.1704160946258e-06	1.52154092301354e-05	5.03278920689094e-05	0.000305478600697334	0.0019417203009842	0.0093949299915613	0.037298820103535	0.114378912847306	0.248961548320043	0.350512700770251	0.237139175348228	
1.41062790574655e-05	4.23188371723964e-05	0.000331497557850438	0.00230872767240518	0.0114660538272098	0.0413325731616286	0.120674515243598	0.255476468963247	0.345041936792115	0.223311801665716	
2.36049475970163e-06	7.0814842791049e-06	4.13086582947786e-05	0.000485081673118686	0.00293409498630913	0.0125342271740157	0.0456236427155132	0.127751156642432	0.260425125106222	0.337167170238882	0.213028750826173	
1.17995492572184e-06	7.07972955433102e-06	8.02369349490849e-05	0.000634815750038349	0.00346434766191931	0.0140886618131187	0.0494436512525222	0.135052920978419	0.262939975692929	0.331871762498673	0.202415367732953	
4.72590908768688e-06	1.41777272630606e-05	0.000107514431744877	0.000841211817608265	0.00381617158830716	0.0161070796481088	0.053851734054192	0.141660306380686	0.266244721750288	0.325968397845931	0.191383958846784	
1.18010670524829e-06	2.59623475154623e-05	0.000215959527060437	0.000949985897724872	0.00432863139485072	0.0178384929565331	0.0586619242111872	0.146762790291498	0.269677984283339	0.318502538999576	0.18303454998401	
5.90640939922366e-06	1.18128187984473e-06	3.0713328875963e-05	0.00022208099341081	0.00108087292005793	0.00501926670746027	0.019651805353097	0.0628831783097746	0.153876140232335	0.271334541390936	0.311534745043932	0.174359568028842	
8.26285316319725e-06	2.36081518948493e-06	3.3051412652789e-05	0.000251426817680145	0.00134684506560115	0.00584891963194891	0.0220759828368736	0.0672714288243731	0.158828563502978	0.273996210891621	0.30420756287146	0.16612938447646	
1.40970653434221e-05	1.40970653434221e-05	3.52426633585553e-05	0.000286640328649583	0.00155185194322172	0.00663031973318954	0.0242716222550371	0.0714263058287841	0.164538597177533	0.275211132922404	0.29801548562628	0.158004607390856	
5.88733986435569e-06	4.70987189148455e-06	6.47607385079126e-05	0.000326158628485305	0.00181801055011304	0.00758760361718161	0.0266755369253956	0.0770452618688772	0.171619489449887	0.276312876789751	0.289537019593067	0.149002684626978	
1.17861844702876e-06	4.71447378811505e-06	0.000102539804891502	0.000421945404036297	0.00210501254639337	0.00835640478943392	0.0295243920980705	0.0814177837022998	0.177616621348787	0.276625285372991	0.283157188806425	0.140666933034436	
3.54521927181196e-06	9.45391805816523e-06	0.000100447879368006	0.000510511575140922	0.00241902128313303	0.00953309462190237	0.0323926684865459	0.0867597877595396	0.180367757412463	0.27723851053521	0.276047316859881	0.134617884449487	
1.65672238776298e-05	0.000119520686545757	0.000653221970032259	0.00262117149206785	0.0109107002965533	0.034766319307206	0.091062929416526	0.18413759316105	0.277435914427922	0.269607901145742	0.128668160872477	
4.74846772881976e-06	1.78067539830741e-05	0.000161447902779872	0.000721767094780603	0.00303427087871582	0.0117417735764391	0.0376826527789814	0.0952079650797683	0.189778448366943	0.276536515123276	0.263240805482581	0.121871798494023	
9.51048352487051e-06	3.09090714558292e-05	0.000208041827106542	0.000814335151817037	0.00345587195084982	0.0132350266352979	0.0402840305904703	0.100981125256634	0.193173374925848	0.275995420702183	0.256760467773132	0.11505188563168	
2.38005419383399e-06	4.40310025859289e-05	0.000211824823251225	0.000910370729141503	0.0037949964120683	0.0144397887939908	0.0431908434555055	0.105792218888824	0.198847577759346	0.27591373255569	0.247475655020665	0.109376580504738	
5.46337755501977e-05	0.000231599700701925	0.00111286625414207	0.00438732971483545	0.0155991306103543	0.0465634167488153	0.110085870042876	0.204137914652541	0.273582194139934	0.240381486276233	0.103863558084017	
2.36996027946572e-06	5.806402684691e-05	0.000293875074653749	0.00136391214083252	0.00506934503777717	0.0171940618275238	0.0502028685999223	0.114300814318352	0.205107027406221	0.272930550683971	0.23478485500583	0.0986922559177908	
1.5376463129607e-05	6.15058525184281e-05	0.000335916579139107	0.0014323766807657	0.00572240989392606	0.018926060502834	0.0530878303573963	0.118661348776034	0.209623773431364	0.271251454849973	0.227464019076277	0.0934179275366433	
8.24986240408062e-06	1.06069659481037e-05	7.42487616367256e-05	0.000352386979831444	0.00173011400131291	0.00630289487671759	0.0208144028454954	0.0568509803782915	0.12403550269358	0.213328477700033	0.268517700079788	0.219636086783838	0.0883383480711232	
2.35576254855816e-06	1.64903378399071e-05	7.656228282814e-05	0.000415792089820514	0.00189285520776648	0.00682935562827009	0.0230758720444014	0.0603876171697398	0.128392592540242	0.215885613593692	0.265530953542007	0.213045741841405	0.0844481979594385	
1.173645554348e-06	4.69458221739202e-06	1.87783288695681e-05	6.33768599347922e-05	0.000509362170587034	0.00216772333888076	0.00791037103630555	0.0248941958532755	0.0640082812430315	0.134066705318727	0.218091511491164	0.262306260460116	0.206321020226607	0.0796365454447295	
5.87315626941812e-06	2.34926250776725e-06	2.11433625699052e-05	0.000111589969118944	0.000595538045718998	0.00227173684501093	0.00862061877225192	0.0270893459770641	0.0674085637666196	0.138222383538248	0.221799746514575	0.258463511842045	0.200198277755656	0.0751893211923447	
2.35068451933203e-06	1.29287648563262e-05	1.99808184143223e-05	0.000125761621784264	0.000610002632766662	0.00268800774785618	0.00967071611253197	0.0290885455844742	0.0712327929893185	0.141683983375959	0.222769670528058	0.256973305626598	0.19344723183391	0.0716747216789529	
1.17477890660978e-06	3.52433671982933e-06	3.75929250115128e-05	0.000136274353166734	0.000744809826790598	0.00310729020798286	0.0107339548696935	0.0314182870783719	0.0744950800259391	0.144931298929541	0.224560162777365	0.253852100034773	0.18777900999032	0.0681994398654173	
4.69954073738144e-06	2.81972444242886e-05	0.000155084844333587	0.000895262510471164	0.00358457469743769	0.012012026124747	0.0335688194871156	0.0775823682630615	0.149155198808196	0.224904746183679	0.252038719516135	0.181256586700065	0.0648137160795961	
3.52532653337015e-06	8.22576191119702e-06	4.5829244933812e-05	0.000155114367468287	0.000915409789831783	0.00393073908470772	0.0130907125272478	0.0354436329665035	0.0820425741934347	0.152740647602484	0.228700858417011	0.247719995064543	0.174911426170849	0.0602913094825408	
2.35805399236226e-06	1.29692969579924e-05	7.78157817479547e-05	0.000246416642201856	0.00112361272736062	0.00446261718054558	0.0138688945560786	0.0370980844348393	0.085244830850892	0.15731403501946	0.22881141109488	0.243473790819388	0.170337567219277	0.057925596322379	
2.35090280544986e-06	2.58599308599485e-05	9.05097580098197e-05	0.000275055628237634	0.00132826008507917	0.00478173630628502	0.0151139541362372	0.0398948206084842	0.0883304711091677	0.160799400989965	0.22803051942022	0.240472672518064	0.165456539447561	0.0553978491590233	
1.17225598319454e-06	1.75838397479181e-05	0.000124259134218621	0.000338781979143222	0.00153799984995123	0.00526929064445945	0.0162744298146898	0.0420429608372721	0.0921897272863681	0.163391383449621	0.229598056868482	0.237473272563583	0.159487771025583	0.0522533104508965	
7.03891581925941e-06	9.50253635600021e-05	0.000424681254428651	0.00183715702882671	0.00584581958789494	0.017460030689673	0.0440073017020098	0.0953292100928668	0.167719766683404	0.230321537674624	0.231736359754295	0.154559340406662	0.0506567308459369	
1.06227529926656e-05	0.000139276094792726	0.000474482967005729	0.00178344219687974	0.00615057398275337	0.0185012947955592	0.0459941598464658	0.0989651077973368	0.171529133490235	0.230028634220845	0.228757444779389	0.149615574372254	0.0480502527034906	
2.36408575484667e-06	2.24588146710434e-05	0.000139481059535954	0.000473999193846758	0.00204848030657464	0.00680502084532614	0.0196230938081048	0.0491812580009527	0.102680518633133	0.173904512212276	0.23062720377119	0.224577508324537	0.144481100907454	0.0454330000366433	
4.72849568820299e-06	3.3099469817421e-05	0.00017377221654146	0.000592244084947425	0.00227440642602564	0.00736226778653206	0.0215016520181811	0.0517971238924977	0.1060873471366	0.177036060690242	0.229193732378965	0.221229763516109	0.139666759266374	0.043047042621478	
1.18400924474418e-05	4.85443790345115e-05	0.000176417377466883	0.000755397898146789	0.00252549171903934	0.00820636807532193	0.0227400815545568	0.0549036926880325	0.110014586993895	0.178678835124345	0.228900955258659	0.217421985630864	0.134726043940951	0.0408897592672404	
1.07201562760559e-05	6.67031946065703e-05	0.000202491840769945	0.000887390713962408	0.00299568811492008	0.00904781189699121	0.0242323176977869	0.0581997284227077	0.112822498034638	0.180739452557353	0.22924220406413	0.212821306906163	0.129809181218286	0.0389225051814089	
2.02453739320565e-05	6.19270261451141e-05	0.000233417252393122	0.00107419572274794	0.00343814085540278	0.00991546960931192	0.0264607037291979	0.0607194491352844	0.115710648352146	0.183514787459301	0.228646489571251	0.207666327655895	0.124832975665061	0.0377052225919319	
1.78563350705563e-05	6.19019615779286e-05	0.000322604453608051	0.00123446796454446	0.00362721686399901	0.0109006973494056	0.0277939807484899	0.0631304774307829	0.119974334494392	0.186511800656637	0.225618364883493	0.203602694163835	0.121470695373305	0.0357329073208593	
3.58505605235138e-06	2.98754671029282e-05	8.4846326572316e-05	0.000354920549182786	0.00127866999200532	0.00407979378757587	0.0114972747598909	0.0294787208998013	0.0665063748271704	0.122778609643562	0.187531892061132	0.225228756451607	0.19942591302415	0.117326934406619	0.034393832747575	
7.16457262130218e-06	2.50760041745576e-05	0.000118215448251486	0.000372557776307714	0.00143649681057109	0.00422232146482075	0.0124997910332985	0.0318298079655718	0.0688861716583836	0.126017667836084	0.189167405015678	0.223726915149966	0.195221468880679	0.113782965989774	0.0326859743938175	
2.38685701055707e-06	4.77371402111414e-06	2.26751416002922e-05	9.42808519170042e-05	0.00041531311983693	0.00147388420401899	0.00454934946212177	0.0135501872489325	0.0336582641343705	0.0721976508553302	0.128998880564062	0.19135193967935	0.221861939416795	0.191157410832989	0.109503032501832	0.031158031415812	
1.19404268224972e-06	3.22391524207424e-05	0.000102687670673476	0.0004250791948809	0.00164061464541111	0.00508065161297256	0.0142604517541084	0.0352433638092827	0.0747721468051597	0.132803815205178	0.192860579994292	0.219462656912134	0.187635449216768	0.106599354500526	0.0290797154835097	
4.78060603742736e-06	2.9878787733921e-05	9.44169692391905e-05	0.000501963633929873	0.00178914180950719	0.00555864967001867	0.0150338108361997	0.0371572604259042	0.0780015632581742	0.135604280554646	0.193042066942826	0.219836168631097	0.184888743345994	0.101752809203623	0.0267044653250693	
2.26033598109883e-05	2.97412629091952e-05	0.000134430508349562	0.000521066926169099	0.00200931972214523	0.00596252838803545	0.0163196257835336	0.0395416038630332	0.0809557176388292	0.137813874418112	0.194297291284739	0.219507175377089	0.17962057286431	0.0978713583310631	0.0253930902718708	
3.56939741432851e-06	2.14163844859711e-05	3.92633715576136e-05	0.000171331075887769	0.00057705258198311	0.00216186503394497	0.00671284673721382	0.017471010544	0.0415454063045077	0.0832847498685272	0.140860319960784	0.197455495563239	0.216665992447155	0.175178886300415	0.0935360592424787	0.0243147351864058	
5.94433487053833e-06	1.18886697410767e-05	4.16103440937683e-05	0.000185463247960796	0.000734719789998538	0.00254774192551273	0.00720810046401478	0.019235867641062	0.0433781892842664	0.0856043664706225	0.143928991353371	0.199550132736998	0.213730938004154	0.171222999344934	0.0895573491595305	0.02305569722887	
1.42580977083672e-05	1.1881748090306e-05	5.34678664063772e-05	0.000272092031268008	0.000838851415175606	0.00287538303785406	0.00788353985791806	0.0201977835787112	0.0458065152377478	0.0882516839407481	0.146807314879394	0.199121463546203	0.2120678162654	0.167682358099253	0.0866773523187826	0.0214382380793392	
3.56796255066507e-06	6.42233259119712e-05	0.000298519533405644	0.00100259747673688	0.00295784095450134	0.00850959068333619	0.0212745713687656	0.0473349698388232	0.0916300355844798	0.150390810831383	0.199066145268406	0.21008639226656	0.163300888660539	0.0832917071035756	0.0207881391410249	
1.18924164438821e-06	1.18924164438821e-05	5.58943572862457e-05	0.000281850269720005	0.00103107250568458	0.00317289670722773	0.00896331427375391	0.0221091914108211	0.0497757090258684	0.0951167359598131	0.152275257114044	0.200199316899599	0.208230265724153	0.159209725142471	0.0797493554310287	0.0198163335204407	
1.18997045303365e-06	1.66595863424711e-05	8.21079612593219e-05	0.000304632435976615	0.00112690201902287	0.00325218924814097	0.009618531171871	0.0237446704198335	0.0518493925795823	0.0981261535276079	0.154573591937712	0.200859872649362	0.207214314868562	0.154272529413095	0.0761581089941537	0.0187991532170256	
4.74788719020036e-06	1.18697179755009e-05	9.85186591966575e-05	0.000325230272528725	0.00115729750261134	0.00360008546196942	0.0104774000569746	0.025627908080904	0.0539181939037129	0.100696752445162	0.157660715981388	0.200913968284114	0.204167457981198	0.150264694710854	0.0734628715221726	0.0176122875320482	
1.19066329470822e-06	4.16732153147876e-05	0.000123828982649654	0.000410778836674335	0.00130734829758962	0.0039851500473884	0.011817333199979	0.0266351379026228	0.0561695409278601	0.103354336633852	0.160247800844895	0.201193520886616	0.20033981530431	0.146813546890702	0.0704444031681169	0.0171145941981359	
7.14598776606894e-06	2.62019551422528e-05	0.000163166720658574	0.000518084113039999	0.00144706252262896	0.00451030927835052	0.0118730586733236	0.0281599557901557	0.0591390037540256	0.106469262724622	0.162352078053242	0.200484259770947	0.197616336680832	0.143624826114298	0.0675474493587667	0.016061798502201	
9.53039003121203e-06	3.81215601248481e-05	0.000171547020561816	0.000561101713087608	0.00161897500655214	0.00471516046794215	0.0124776631483643	0.0298551380715256	0.0618295966262419	0.110339281885111	0.16371899644993	0.201032856019633	0.194468799885635	0.138447975983417	0.0651223463820257	0.0155929093898168	
3.57017051134362e-06	1.07105115340309e-05	5.23625008330398e-05	0.000189219037101212	0.000610499157439759	0.00169821110656245	0.00518150746879671	0.0138641621523844	0.0313115854413207	0.0651972638213201	0.11252820434704	0.166305682759409	0.200874453763912	0.190883926616335	0.133808800708322	0.0629373458876396	0.0145424945495397	
1.19155426338115e-06	1.90648682140985e-05	1.5490205423955e-05	7.50679185930127e-05	0.000213288213145227	0.000621991325484963	0.00190767837567323	0.00566107430532386	0.0147264191411277	0.0332872599018159	0.0677279443305848	0.115960869357991	0.168365425861494	0.20050402745341	0.186846432486535	0.129996187026357	0.0605452552309232	0.0135253324436395	
3.57476927843282e-06	8.34112831634325e-06	2.97897439869402e-05	9.4135590998731e-05	0.00021925251574388	0.000711379086408131	0.00218895038816036	0.00609140685044953	0.0156586810292952	0.0353866410872065	0.0708709925346902	0.119379420053264	0.170051774575049	0.197670442020221	0.18318786008353	0.126837580357834	0.0582615896998981	0.0133481884856682	
1.31294371529651e-05	2.02909483273097e-05	6.92279413519978e-05	0.000219619676013234	0.000804476421918044	0.00241820360653703	0.00677120881534282	0.0167627104887493	0.0374021856932104	0.0736931435692017	0.121395969501511	0.170402190467551	0.197117014318248	0.180168104538966	0.123390450363566	0.0564076427647253	0.0129444314476279	
2.38701369071702e-06	1.79026026803777e-05	7.16104107215107e-05	0.000275700081277816	0.000920193777771412	0.00253858906007755	0.00714910600369748	0.0179360208720477	0.0388390997616567	0.0752637351751531	0.123418155864833	0.171098754336905	0.1956826083376	0.177893388807531	0.121643411185785	0.0550337941463263	0.0122155425622444	
1.19495728027723e-06	1.31445300830495e-05	9.20117105813467e-05	0.000302324191910139	0.000977475055266774	0.00284997311346119	0.00752345103662544	0.0186915217780964	0.0408352751389138	0.0764031785863655	0.124548007408735	0.171178825356993	0.196257393798172	0.176799904403418	0.118730955368346	0.0530692477743921	0.0117261157913605	
8.36599057511405e-06	1.79271226609587e-05	8.72453302833322e-05	0.000337029906026023	0.00105650509548583	0.00301534203157325	0.00804927807477044	0.020028181436823	0.0421693730646177	0.0781682305093335	0.125916524146042	0.173885918962235	0.195508419174372	0.174181118915385	0.115763797012385	0.0508819546778436	0.0109247885495882	
9.54640267681131e-06	2.98325083650353e-05	0.000125296535133148	0.000403335513095278	0.00120761993861663	0.00336510694357599	0.00879581676634702	0.0211810809391751	0.0434313589781531	0.0805871514966373	0.13014133449163	0.174162183835076	0.194672629986205	0.171289909929691	0.111677398414343	0.0486639809453803	0.0102564163758992	
5.97063403356929e-06	2.5076662940991e-05	0.000115830300251244	0.000500339132013107	0.00120009744074743	0.00349998567047832	0.00944793129472005	0.0216125010747141	0.0452657648621022	0.0833655747571146	0.132792871540615	0.17466731627165	0.194122030206632	0.16859518145951	0.108845852558775	0.0464969095998242	0.00944076653387977	
1.19527864933513e-06	6.57403257134319e-05	0.000126699536829523	0.00052472732705812	0.0013100253996713	0.0039336620349619	0.00988375915135216	0.0230115045569999	0.0475242790975646	0.0858735992828328	0.133757657253847	0.175634244733303	0.192300014940983	0.1673700881518	0.105716420140445	0.0441332735694009	0.00883310921858658	
1.19577318095994e-05	5.02224736003176e-05	0.000120773091276954	0.000457981128307658	0.00154135163025737	0.00424379901922684	0.0108384881122209	0.0243435504179825	0.0499809274177637	0.0875186391144582	0.135442836660971	0.177574708918913	0.192277935951997	0.163547093733072	0.101706487906548	0.0419919667957703	0.00835127989582424	
9.57211451599201e-06	5.62361727814531e-05	0.000150760803626874	0.000586292014104511	0.00180793312920799	0.00433856090437338	0.0113106498149591	0.0258506917647509	0.0518641094762737	0.0903787087456821	0.137641024168393	0.179474754146221	0.190815316819043	0.158898297479782	0.0985748318000002	0.0400700678782571	0.00817219276802818	
9.59268270163519e-06	4.55652428327672e-05	0.000160677435252389	0.000573162791422703	0.00176984995845169	0.00469681726778813	0.0119776634383292	0.0273019740541915	0.0535703365472817	0.0933559880523137	0.140221039391152	0.180114608576578	0.188688068741164	0.156419483218201	0.0939351462704249	0.0391657243854388	0.00799430194647523	
1.20026117683208e-05	6.1213320018436e-05	0.000181239437701644	0.000637338684897834	0.00182919803349209	0.0050026885850361	0.0126243470579198	0.0287906648486711	0.055330839990782	0.0966402289138116	0.143002717391304	0.179544668919957	0.187205936011676	0.152443971808265	0.0917503648793978	0.0375249654324781	0.00741761407282225	
2.38944058417043e-06	2.86732870100452e-05	4.77888116834087e-05	0.000250891261337896	0.000645148957726017	0.0021254073996196	0.00543717204927982	0.0132602005218538	0.0294713601651581	0.0574863562942644	0.0983529586053313	0.144479914362449	0.180823305647682	0.185149387825322	0.148967283779522	0.0903770059353704	0.0361390941152857	0.00695566154052013	
8.35754035199572e-06	1.55211463679921e-05	4.65634391039762e-05	0.000249532276223872	0.000756954369023612	0.00219803311257487	0.00596370200831695	0.0140203709076408	0.0306626216171363	0.0597540256480974	0.0998045529491969	0.147175091664309	0.180748525192611	0.182423615066019	0.146980480367541	0.0876586589490751	0.0347542345866062	0.00677915915980453	
5.97251686638763e-06	1.55285438526078e-05	8.83932496225369e-05	0.000341627964757372	0.000834957857920991	0.00251801311086903	0.00654587848556084	0.0153015882116851	0.0324391281080978	0.0613007186132294	0.102781042753665	0.148393154062267	0.179533857003612	0.181408032796285	0.143923322439463	0.0848109340060776	0.0332418343749403	0.0065160159012289	
7.1247991697234e-06	2.61242636223191e-05	7.1247991697234e-05	0.000318241029580979	0.0010140964151573	0.00265517515725025	0.00680655814014242	0.0164190996866276	0.0335316798257749	0.0636280189852148	0.104277373181543	0.149868963068604	0.17991899103344	0.1802657312597	0.141079335826221	0.0825087367849819	0.0314500510016874	0.00615345154958445	
3.54134401087901e-06	2.36089600725267e-05	7.31877762248329e-05	0.000319901408982737	0.000970328258980848	0.00287557133683376	0.00740495032674801	0.0168863086918747	0.0351183281078835	0.0653897367128773	0.10740896384996	0.151143381936312	0.180463349450383	0.178386941412005	0.137274298341707	0.0798761946133797	0.0305086786537227	0.00587272881804102	
