# <P(N_1)> as a function of N_tot.
# number_of_species: 2
# species_total_upper_bound: 100
# species_total_lower_bound: 0
# volume: 512
# Bin widths for each species index 
1	1	1	1	1	1	1	1	1	1	1	1	1	1	1	1	1	1	1	1	1	1	1	1	1	1	1	1	1	1	1	1	1	1	1	1	1	1	1	1	1	1	1	1	1	1	1	1	1	1	1	1	1	1	1	1	1	1	1	1	1	1	1	1	1	1	1	1	1	1	1	1	1	1	1	1	1	1	1	1	1	1	1	1	1	1	1	1	1	1	1	1	1	1	1	1	1	1	1	1	1	
# Bin lower bound for each species index 
0	0	0	0	0	0	0	0	0	0	0	0	0	0	0	0	0	0	0	0	0	0	0	0	0	0	0	0	0	0	0	0	0	0	0	0	0	0	0	0	0	0	0	0	0	0	0	0	0	0	0	0	0	0	0	0	0	0	0	0	0	0	0	0	0	0	0	0	0	0	0	0	0	0	0	0	0	0	0	0	0	0	0	0	0	0	0	0	0	0	0	0	0	0	0	0	0	0	0	0	0	
# Bin upper bound for each species index 
0	1	2	3	4	4	5	5	5	5	5	5	6	6	6	6	6	6	6	7	7	7	7	8	8	8	9	9	10	9	10	10	10	10	11	11	11	11	11	11	10	10	11	11	10	11	11	12	12	13	13	13	11	12	12	12	12	13	12	12	13	13	13	13	13	13	14	14	15	13	14	14	15	15	15	13	14	14	14	14	15	15	16	17	17	16	16	15	16	16	16	15	15	15	15	16	16	17	17	16	16	
# Normalized histogram for each species index 
1	
0.951036057198573	0.0489639428014269	
0.901947140560322	0.0957801267695611	0.00227273267011653	
0.857125217862079	0.135827211032963	0.00698583362223309	6.17374827253774e-05	
0.81696294028728	0.169320908113649	0.0133412118148747	0.000346463344890022	2.84764393060292e-05	
0.775251923956111	0.202660678908869	0.0210182680585187	0.00103579320329168	3.33358732093874e-05	
0.734874458666731	0.232070922155976	0.0309384709509471	0.00203217409038016	8.15748749385189e-05	2.3992610276035e-06	
0.695743574236468	0.259135167825824	0.041618385243423	0.00331660114907771	0.000176595101300272	9.67644390686423e-06	
0.661674733785092	0.281026137463698	0.0518901258470474	0.00500968054211036	0.000389641819941917	9.68054211035818e-06	
0.629028971726855	0.300535579143461	0.0618244619952264	0.00784448799798187	0.000749519725224613	1.6979411251043e-05	
0.595873042783274	0.317007956017874	0.0755300984511801	0.0104966153622592	0.00106564622967098	2.66411557417745e-05	
0.566566098772846	0.329748079847356	0.0883221788526543	0.0138309103412206	0.00145282671651477	7.99054694083121e-05	
0.53887511740726	0.340568202724817	0.099999515846349	0.018405101042867	0.00195598075005084	0.000188819923891046	7.26230476504023e-06	
0.514004639157785	0.350077238587333	0.110778051650581	0.0220747398342881	0.00275298663941928	0.000280867590301352	3.14765402923928e-05	
0.488648264286112	0.361572191814947	0.119805737421425	0.0257218939633968	0.00387460969716612	0.000341023699937842	3.6279117014664e-05	
0.4631256058918	0.367716637969702	0.134010002942042	0.0299123657392001	0.00470003231422935	0.000504005517534087	3.13496254925508e-05	
0.438017246577821	0.373088102273413	0.145778206597118	0.0361430380510161	0.00618705903636254	0.000747753723692939	3.85937405777001e-05	
0.41385647516712	0.377355858163808	0.158972767662772	0.0410974720905227	0.00755317895020434	0.00102713611838766	0.000137111847185238	
0.393778384707299	0.376607515080409	0.170364742737482	0.0484087734440552	0.00931150630984981	0.0013078903776293	0.000221187343275544	
0.375618240252492	0.375675974750779	0.180600727454678	0.0546529194411301	0.0115396828451561	0.00168392286671029	0.000226126784958239	2.40560409530041e-06	
0.354899363894743	0.376848862164305	0.189770596082829	0.061839001566095	0.0138217551864813	0.00244339823282612	0.000364938806287581	1.20840664333636e-05	
0.336630945237129	0.378145870737177	0.198447077459057	0.0670487426234965	0.0162945110796359	0.0029153739817449	0.000488325141942271	2.9153739817449e-05	
0.31951028203117	0.37620151904161	0.207577182221659	0.0738352633963588	0.0185203229059588	0.00373670594998563	0.0005968011458582	2.19233073988727e-05	
0.307087671333195	0.36961101414605	0.216123323284227	0.0802382492585224	0.0218330058219721	0.00433047320306111	0.0006957073635132	7.56734325224884e-05	4.88215693693474e-06	
0.28900914767801	0.36807470116611	0.224680708043917	0.0872439088544457	0.0247688725657337	0.005265516468743	0.0008012742452435	0.000124209685432883	3.16612923652447e-05	
0.276332244925766	0.362476216429277	0.230560732655633	0.09523890627205	0.0279295762996414	0.00621900836500421	0.00107543102399525	0.000138686806261831	2.91972223709118e-05	
0.262785911511165	0.357600259758649	0.238377387326024	0.101396202738696	0.0309854959949806	0.00735575948888091	0.00126461447568547	0.000207513958365376	2.19720661798633e-05	4.88268137330296e-06	
0.249868828182081	0.354543938881288	0.244614600036287	0.107531468977252	0.0337491602551844	0.00788256812353198	0.00157161000534495	0.000205952013180929	2.20662871265281e-05	9.80723872290137e-06	
0.236578198724997	0.349814863205849	0.249414514133013	0.114989424276339	0.0375672384295667	0.00933819142799387	0.00193765006927222	0.000298289641707301	4.43736657085242e-05	1.47912219028414e-05	2.46520365047357e-06	
0.223312521532654	0.344871944222061	0.254845002069613	0.120895163549028	0.0419202046314725	0.0115278703802388	0.00231251409691739	0.000267686519257319	2.97429465841465e-05	1.73500521740855e-05	
0.213285837254819	0.337905988524537	0.259673894438642	0.127587002413667	0.045621537950144	0.0124106657802496	0.00304127048702499	0.000424190255531218	3.47290267686377e-05	9.92257907675363e-06	4.96128953837681e-06	
0.201863815988457	0.332767263477834	0.262054808784082	0.135294000981739	0.0496050733081122	0.0142971891532752	0.00342616878963522	0.000585076580574466	8.92489699181389e-05	1.48748283196898e-05	2.47913805328164e-06	
0.192933032041943	0.326249516843576	0.264829185621265	0.141141141141141	0.054044143153054	0.016030882367516	0.0038949840930039	0.000730928948750731	0.000121408537250121	1.48663515000149e-05	9.91090100000991e-06	
0.184666636988232	0.318993703225551	0.268795105036925	0.145723584956991	0.0588696473707381	0.017445972883804	0.00436272982237457	0.000932397473375971	0.000165704590759125	4.2044448401569e-05	2.47320284715112e-06	
0.174663243449139	0.313147727666226	0.271240520606088	0.153191457786088	0.0618825717663704	0.0194658395539924	0.00496416009972842	0.00116498226555659	0.000232501768497494	3.46279229677119e-05	2.47342306912228e-06	9.89369227648912e-06	
0.165441367132997	0.305987380690728	0.27338955634855	0.159428056354724	0.0667020632941089	0.0217145961697556	0.00567004580982133	0.00131626063442281	0.000291404793361898	4.44515786484251e-05	2.46953214713473e-06	1.23476607356736e-05	
0.157846219650394	0.298861113910733	0.274377398285648	0.165100380775858	0.0713911716047896	0.0242256041651815	0.00625121373841264	0.00152900312437777	0.000317108365023685	5.16222919805998e-05	2.70402481803142e-05	2.21238394202571e-05	
0.148273969351274	0.288754716234726	0.276669287483867	0.172820642149664	0.0767034075568544	0.0269672200052416	0.00748663630474665	0.00188649389052896	0.000331310853644667	8.65364169967413e-05	9.889876228199e-06	9.889876228199e-06	
0.139960646973653	0.282203274468796	0.27559493608227	0.17860581385276	0.082604229831574	0.0299949261821377	0.00831363619488411	0.00214832873389682	0.000447980991745765	0.000116326555867685	7.42509931070328e-06	2.47503310356776e-06	
0.134486888005693	0.27484237590279	0.27630518702908	0.179883619738529	0.0882248663015424	0.0333768870883364	0.0096644707970833	0.00254628309610173	0.00052562026910766	0.000119008362816829	1.73553862441209e-05	7.4380226760518e-06	
0.129965161114348	0.269033065945919	0.276506688818081	0.183292212703175	0.0913473102148605	0.0352033921420336	0.0110814932367928	0.00270528286447549	0.000721574072926094	0.000126461435461274	1.73574519260573e-05	
0.124311305880746	0.262936524686224	0.274983550793907	0.189693486114387	0.0943774751399734	0.0381571923377736	0.011806184901491	0.00289754317140693	0.000677831435984656	0.000141525244875917	1.73802932303758e-05	
0.116169201237282	0.256909978815034	0.27561839213073	0.192666321872234	0.100782749669296	0.0402390022179565	0.0132828739942114	0.00338661070387794	0.000713625016162239	0.000188973871875715	3.23244780840039e-05	9.94599325661657e-06	
0.109553305360934	0.248066515841614	0.27489610014252	0.199308330924783	0.105688828647458	0.0432691828537827	0.0144936563780061	0.00362777440027109	0.00086707794731754	0.000196836660454269	2.74076362657843e-05	4.98320659377897e-06	
0.104730039758029	0.240611723038079	0.272326377951779	0.203894451485532	0.11064537971026	0.0466927421135001	0.0156899121751834	0.00404524925035157	0.00109626006661888	0.000215779696370685	5.20847542963722e-05	
0.0993610698365528	0.234809311540367	0.272620108964834	0.204229816740961	0.114772164437841	0.0500074294205052	0.0174021792966815	0.0050222882615156	0.00134720158494304	0.000351659237246161	7.18177315502724e-05	4.95294700346706e-06	
0.0942966343834651	0.227988669956832	0.269904882061177	0.209106089279751	0.118500377255804	0.0533229433374151	0.0191744900862122	0.00572191918067461	0.00146202085420609	0.000400756985416899	0.000101426150630203	1.97904684156493e-05	
0.0895337656253852	0.220880692324761	0.267178677975295	0.2115707980966	0.123676619246037	0.0572474666535171	0.0211519021672132	0.00646958751448507	0.00172341527157967	0.000396952587588451	0.000138070465248157	1.47932641337311e-05	1.72588081560196e-05	
0.0855005518940167	0.215287833010883	0.264906669682212	0.214176670001795	0.127191289662005	0.0607501333641443	0.023007465933758	0.00670385293315076	0.00189536876107783	0.000444956868683641	9.58746844124971e-05	3.44165533788451e-05	4.91665048269216e-06	
0.0798146027218626	0.207028588592402	0.263509801000735	0.217687955281942	0.132654780597755	0.0641466767928615	0.0245934666507122	0.00761906622482595	0.0022783938422316	0.000551893899618802	7.57022605671809e-05	2.68620924593222e-05	9.76803362157173e-06	2.44200840539293e-06	
0.0758621026369624	0.199481005180183	0.258955467998574	0.222049712184905	0.137528744891831	0.0672422968572252	0.0271044190236257	0.00860271752132371	0.00234841494197316	0.000664000898354157	0.000119617808894683	2.44117977336087e-05	4.88235954672174e-06	1.22058988668043e-05	
0.071428047339883	0.193673830260252	0.257070043754418	0.222555659092188	0.14111961415892	0.0713742409012089	0.0293611952855777	0.00986369850784963	0.00266586446158098	0.00069948370276345	0.000146744832747577	3.1794713761975e-05	4.89149442491923e-06	4.89149442491923e-06	
0.0677148708462707	0.187587931460561	0.255799500365795	0.224546671266629	0.143379357424413	0.0738979053043927	0.0319379298701489	0.0109713994895999	0.00318082500813557	0.000795206252033893	0.000151700885003389	3.67018270169489e-05	
0.0642440547493274	0.180910394124462	0.251868016416943	0.226187086385327	0.148722090214638	0.0772416197003319	0.0339286766294209	0.0119101388370677	0.00374585157983622	0.00101133083282603	0.000193920232507904	3.19109243367437e-05	4.90937297488365e-06	
0.0602808227614238	0.175575809828797	0.247178223919202	0.228537997290307	0.152531099889149	0.0817883975859096	0.0356792708461633	0.0129400172435029	0.00415568419756128	0.00105678039167385	0.000204458677176992	6.89740115777805e-05	2.4633575563493e-06	
0.0573549024450482	0.170634724623364	0.245109903679921	0.227836502840207	0.156730056804149	0.0842479624598666	0.0378883674981477	0.0140207458631761	0.0045146949864164	0.001286737466041	0.000279081254630773	8.64410965670536e-05	9.87898246480613e-06	
0.0549991028480274	0.165975572886838	0.24185496616631	0.229019548081201	0.158734450389954	0.0873998077882623	0.0398605850414042	0.0152220881273612	0.00497489203451946	0.00146985446474439	0.000319533579292258	0.000132729332936784	3.68692591491067e-05	
0.0519009801642173	0.159337257253338	0.239084201123334	0.230415682627476	0.16263873422988	0.0910537071254635	0.041874181666891	0.016250412990541	0.00539885708691768	0.00154917340708019	0.000313260973311633	0.000159077838009814	2.20261621859742e-05	2.44735135399714e-06	
0.0502125782618817	0.154502125782619	0.232620655010598	0.230721540855459	0.168322775892277	0.093882401950574	0.0442456841099281	0.0173934351911979	0.00574145092321453	0.0017667887817489	0.000463138806866217	0.000124973963757551	2.45046987759903e-06	
0.0477832572897323	0.14909793022026	0.229404892206658	0.230644546382497	0.172208625926974	0.0982155374909301	0.0453334645136694	0.0189514591762695	0.00596952516817729	0.00174879785520151	0.000459951053337105	0.000172174191088756	9.83852520507176e-06	
0.0448098517170832	0.144183779232513	0.22512759027335	0.231376005396582	0.174670037889326	0.102424276742257	0.0482122590064084	0.0199909892831556	0.00663001651964755	0.00197447948338557	0.000413606674823909	0.000147716669579968	3.44672229019925e-05	4.92388898599892e-06	
0.042869886392958	0.138753934961627	0.220529871304331	0.230624998464106	0.177276625652141	0.105735890044701	0.05203610457844	0.0217507230991156	0.00734034684183236	0.00221906032747728	0.000587326044592546	0.000216253941105205	5.65209164252241e-05	2.45743114892279e-06	
0.0407383472207547	0.133950752279691	0.21601472369724	0.228590805552348	0.180665072746171	0.109857652907021	0.0554620444610444	0.0228767725812912	0.00839634069927733	0.00242036745355229	0.000739624978192121	0.000203949744817096	6.88023235527554e-05	1.4743355047019e-05	
0.039841955797012	0.129687615755031	0.210013581923694	0.229371527349055	0.181555747623163	0.113162118780096	0.0584788245462403	0.0242252129892579	0.00938140511174219	0.00309667860229658	0.00090134584516607	0.000200024694406717	6.91443388072602e-05	1.48166440301272e-05	
0.0386296386785026	0.12542725076319	0.204527562455733	0.226950669657731	0.184073819060381	0.116616938996612	0.0617388149760493	0.0270873899019513	0.0100096987465666	0.00346736359440977	0.00115743311443287	0.000219640825553359	6.16968611104941e-05	3.2082367777457e-05	
0.0365963970492183	0.122679759343197	0.203629076981093	0.224189902963352	0.184953773880209	0.120022774158724	0.063311668305716	0.0281275648656842	0.0111652531406896	0.00359112004988625	0.00132602785644393	0.000335204067799952	5.42241874382276e-05	1.7253150548527e-05	
0.0345893581106166	0.118608703400276	0.200259389247227	0.225579541910669	0.186304841767609	0.121732264755239	0.0663942419547257	0.0292332671659745	0.0114596585368268	0.00398489206140199	0.00133902273616054	0.000391063941429512	9.40533530020345e-05	2.22757941320608e-05	7.42526471068694e-06	
0.0330599939257909	0.114244514075621	0.195846327449252	0.223533362469783	0.188865925415627	0.125034877318261	0.0683471978389643	0.0323266442957992	0.0123953371803324	0.0041778706193471	0.00154571336153149	0.000424700795820154	0.000160497393769244	2.22227160603569e-05	1.48151440402379e-05	
0.0315202739267758	0.110316039081794	0.190946838133283	0.220258183857605	0.192501451300267	0.127908750110692	0.071957435085061	0.0342531461237984	0.0136102447039839	0.00458512491021617	0.00148573790009151	0.000531323487449942	9.8393238416656e-05	1.47589857624984e-05	7.3794928812492e-06	4.9196619208328e-06	
0.0289728458013614	0.107346940784455	0.187766090966812	0.219369699714037	0.19206538270341	0.131725180018999	0.0751157880230149	0.0358955176130687	0.0145270286898358	0.00491453096622091	0.00167345070457197	0.000489730426779149	0.000113204018250457	2.46095691848818e-05	
0.0268913200027621	0.102282704126427	0.185654674413787	0.219890303933078	0.191869469572166	0.134209981158319	0.0778181136616981	0.0379497094829882	0.0153594223199929	0.00564510560219392	0.00181264858786043	0.000463643448323485	0.000113444673525959	3.45266397687702e-05	4.93237710982431e-06	
0.0253810339042413	0.0976005211892323	0.180824252933526	0.218914172771291	0.193951951643044	0.136461938245934	0.0811615074320899	0.0399758019284981	0.0168921152984225	0.00605196707298854	0.00206222431220411	0.000538823454495135	0.000120010678501189	3.4288765286054e-05	2.93903702451892e-05	
0.0245799489780958	0.0923623532631538	0.175837414108241	0.216012276534811	0.198059310520091	0.139916820612067	0.0835874654233743	0.0420759659462999	0.0177159389692011	0.00686645358668348	0.00211613836514872	0.000581571513747569	0.000195486223108426	6.35330225102386e-05	2.1992200099698e-05	7.33073336656599e-06	
0.0229308727848225	0.0892714093120494	0.170290244426643	0.213499638537739	0.199927707547723	0.144707020183271	0.0858326332037279	0.0435171254957895	0.0193309040464235	0.00715353353783631	0.00253512045485629	0.000744905335964518	0.000178288818116098	5.12885641155898e-05	1.70961880385299e-05	1.22115628846642e-05	
0.0209506590600911	0.0864975140180066	0.166789235148243	0.211641969728435	0.19907890396902	0.147944636509119	0.0886670983031799	0.0460719041278296	0.0201810430129857	0.00812372494166799	0.00279016357395033	0.000842912813496378	0.000310289644388522	6.35238642055241e-05	1.71025788245642e-05	2.93187065563958e-05	
0.0208378751099212	0.0830404142590148	0.16249721369661	0.208613902857829	0.198254977991265	0.151535712448591	0.0926497928949876	0.0477309080042229	0.0213694160642944	0.00894801431486331	0.00301288190727672	0.00103368793891933	0.000396818592665715	7.83839195389066e-05	
0.019708853208974	0.0795428216491745	0.157670825671792	0.207960937230408	0.199859011205158	0.151986906774857	0.0965797893055562	0.0500460924906213	0.0225927149216428	0.00935406427314361	0.0032387985388434	0.00107713467387714	0.000300710366620163	7.14803330490552e-05	9.85935628262831e-06	
0.0184073817534138	0.0759400356224025	0.153149119335048	0.205927171977043	0.201365525430437	0.155009400356224	0.0987829012467841	0.0522066099346923	0.0243493963981793	0.00996190381951316	0.00329754601226994	0.00118493963981793	0.000316643578072432	8.16346724717989e-05	1.9790223629527e-05	
0.0173836841496346	0.0732049536853558	0.150350898353941	0.203075499147062	0.200345605955056	0.15893689245107	0.100612195163978	0.054088316598686	0.0260632183200695	0.0106340293863525	0.00357421543263515	0.00128002205576465	0.000366775550594103	7.13858454176441e-05	1.23079043823524e-05	
0.0173021309355784	0.0705631828814513	0.147001490371803	0.199850469319068	0.199655536583199	0.160918207211031	0.103704215482101	0.0565847784675819	0.0267625373826702	0.0118588193491714	0.00382462962780185	0.00134232162420917	0.000483630585193008	0.000123375149283931	2.46750298567861e-05	
0.0161975106879943	0.0677287796857964	0.143547700327593	0.197638673187348	0.200641402717716	0.162034176969064	0.10669780973032	0.0591365429722592	0.0280262960346741	0.0119395417637836	0.00422351137222278	0.00144721718348893	0.000546398324378472	0.000179671521079407	1.23062685670827e-05	2.46125371341654e-06	
0.0156300429924732	0.0653658055853259	0.137694174458283	0.194296414008894	0.20148564248494	0.163896177488698	0.11058058317011	0.0616159749682792	0.0299838624240856	0.0126784680389766	0.00441257991795706	0.00163346760781995	0.000519851682126711	0.000169998891311578	2.95650245759267e-05	7.39125614398167e-06	
0.0145484517819578	0.0629301118259992	0.133795071782696	0.190606123980464	0.200541291965505	0.166240604278667	0.113174308314983	0.0647803461808161	0.0316606591459889	0.0142187557666047	0.00501679235302078	0.00169522801924047	0.000551133637605029	0.000162387589651482	5.65896145755164e-05	1.47625081501347e-05	7.38125407506735e-06	
0.0137024787685513	0.059854694577663	0.130378099692926	0.1861664111828	0.200270599310933	0.167522660843935	0.116355239226549	0.0682018700433255	0.0338421651888034	0.0151244806119783	0.0058679140194102	0.00188285859337648	0.000569293632290532	0.000150332950518279	4.92894919732062e-05	1.97157967892825e-05	3.9431593578565e-05	2.46447459866031e-06	
0.0134450660989256	0.0581621032826657	0.126838144278853	0.182945486953508	0.196751992870228	0.169609347922959	0.118943407436748	0.0713794127840768	0.0358023468832005	0.0162029014210031	0.00658513640639699	0.00236668812199832	0.000660989255830074	0.000183195524087736	8.66465316631183e-05	1.48536911422488e-05	1.48536911422488e-05	7.42684557112442e-06	
0.0129441605375194	0.0564854234785623	0.124343751013211	0.179691884086165	0.19699066972937	0.169989998827793	0.120433068214978	0.0739687694068881	0.0376029110643891	0.0169221828992426	0.00701827895040067	0.00253645689145611	0.000847979688392405	0.000172089995585518	3.49168106985108e-05	4.98811581407297e-06	1.24702895351824e-05	
0.0121319360506411	0.0554684676826457	0.122660153767554	0.176349204371285	0.195409402998093	0.171464530037009	0.122702520840862	0.075206539482374	0.0394586983339771	0.0182477476916175	0.00711019177331124	0.00256196184471222	0.000884724177891864	0.000246725897496604	6.72888811354376e-05	2.49218078279398e-05	4.98436156558797e-06	
0.011724870998972	0.053314602816564	0.119436986615831	0.177679578413662	0.195283103610033	0.171571367261186	0.123124869002825	0.0763177068258262	0.0411880071462078	0.0190207898755402	0.00736079366822033	0.00266984719491382	0.000915732636012496	0.000266984719491382	0.000107292924655415	1.74662900601838e-05	
0.0109432707199873	0.0515145347682777	0.116506492990747	0.174672868432548	0.195013105118939	0.172990052023351	0.125801695722966	0.0779605655057384	0.0424824272268774	0.020196278940471	0.00770918549700171	0.00278483777451253	0.000975437830110004	0.000337556093880307	7.69429331638934e-05	2.23382709185497e-05	1.24101505103054e-05	
0.0101882213979831	0.048981548520694	0.112033369328586	0.171119122869011	0.194799386186225	0.173451812900468	0.130064766743352	0.0808212848081091	0.0432659637296353	0.0217355312676836	0.00872040584852835	0.0031852091637158	0.00108479970742532	0.000345949792800785	0.000148264196914622	3.95371191772325e-05	1.48264196914622e-05	
0.00956036183966487	0.0471959404319721	0.109766109926851	0.169628416976196	0.192606917290258	0.173956051021569	0.131364713213874	0.083553012280589	0.0454896161512248	0.0222292013907779	0.0094738091587574	0.00353629524850511	0.00102132163470812	0.000445128073238406	0.000133538421971522	2.96752048825604e-05	9.89173496085346e-06	
0.00891386973369814	0.0453344558206331	0.107280898319983	0.167553514169339	0.192160746784198	0.17397892860238	0.132405630594382	0.0852661161526748	0.0480655664640412	0.0231488244834289	0.0100924813984871	0.00393448305745732	0.00118356381464103	0.000477882460723261	0.000146088420635608	5.6949723298627e-05	
0.00846963626753084	0.0426519915624738	0.103248546403924	0.164694781874139	0.193156612935894	0.176098780313097	0.133456668757935	0.0865019340114312	0.0499014469270707	0.0243245780001877	0.0111199482287617	0.00427804316575194	0.00149682110764762	0.000417430308898429	0.00014573010784028	3.70500274170203e-05	
0.00852245381511236	0.0406427011217652	0.100181407574692	0.15972998654869	0.191003665173448	0.179344217787815	0.136045808497773	0.0892722717905051	0.0515049424308615	0.0254562955832809	0.0114817420063431	0.00432169609912011	0.00172275492700505	0.000584946873495983	0.000148087816074932	3.70219540187331e-05	
0.00828613744950327	0.0404195226121999	0.0946410734582815	0.156855991457996	0.188851602363813	0.180393247093209	0.139555481201195	0.0929582593206745	0.0524550880525117	0.0268536788186842	0.0116714477614144	0.00467940422474918	0.00161392700916691	0.000541256009171829	0.000182058839448706	4.18243279814595e-05	
0.00760602693627469	0.0378657993686581	0.0923956899998283	0.152650336151561	0.187746962862672	0.180526020166641	0.142093631883994	0.0962416268705406	0.0544391382942976	0.028601702710061	0.0121608131409384	0.00492270108387723	0.00180278290814637	0.000686774441198618	0.000198674034775314	5.396084895132e-05	7.3582975842709e-06	
0.00716303543932395	0.0366493289200888	0.0909880090689751	0.149880575661684	0.185589059033208	0.181299482292462	0.143937244631967	0.0973969131536512	0.0563488888080602	0.0293795996556699	0.0130311958195419	0.00524012172795499	0.00205628099273755	0.000725033038712884	0.000252185404769699	3.87977545799537e-05	2.42485966124711e-05	
0.00697407285854939	0.0354495260526265	0.0880711982856812	0.147273596015367	0.183435008397846	0.180925307438368	0.146226278499585	0.0987229483194656	0.0593785594316493	0.0304590822216645	0.0139650379350953	0.00592675534276724	0.00219357516554374	0.000690167763856445	0.00026062279194579	3.13712619934748e-05	1.44790439969884e-05	2.41317399949806e-06	
0.00649765709479755	0.0338651928391205	0.0854427490087709	0.143924065841644	0.18108134086267	0.180675237294245	0.147677520124955	0.101715727502103	0.0613456686291001	0.032296047098402	0.0152396972245585	0.00663943289679202	0.00244623332932837	0.000735311786615403	0.000348432055749129	5.76715126757179e-05	9.61191877928631e-06	2.40297969482158e-06	
0.0063589977914858	0.0320996116061229	0.0830501294646257	0.141768524864824	0.180793541999848	0.179948690122611	0.149112786535679	0.102365109283375	0.0635495202193283	0.033851191836113	0.0164472431650293	0.00680641230675501	0.0025321757672683	0.000975744421597746	0.00028558373315056	4.75972888584266e-05	7.13959332876399e-06	
0.00602486648233022	0.0308061247680012	0.080683496837241	0.137589485246771	0.179730407939093	0.181536684216507	0.150716355441082	0.105201980985569	0.0653763115033521	0.0344541873413886	0.0164056285746752	0.00732453316162267	0.0027958221279497	0.00101321919624257	0.000255672133631302	7.57547062611265e-05	9.46933828264081e-06	
