# <P(N_2)> as a function of N_tot.
# number_of_species: 2
# species_total_upper_bound: 100
# species_total_lower_bound: 0
# volume: 512
# Bin widths for each species index 
1	1	1	1	1	1	1	1	1	1	1	1	1	1	1	1	1	1	1	1	1	1	1	1	1	1	1	1	1	1	1	1	1	1	1	1	1	1	1	1	1	1	1	1	1	1	1	1	1	1	1	1	1	1	1	1	1	1	1	1	1	1	1	1	1	1	1	1	1	1	1	1	1	1	1	1	1	1	1	1	1	1	1	1	1	1	1	1	1	1	1	1	1	1	1	1	1	1	1	1	1	
# Bin lower bound for each species index 
0	0	0	0	0	1	1	2	3	4	5	5	6	7	8	9	10	11	12	12	13	14	15	15	16	17	17	18	18	20	20	21	22	23	23	24	25	26	27	28	30	31	31	32	34	34	35	35	36	36	37	38	41	41	42	43	44	44	46	47	47	48	49	50	51	52	52	53	53	56	56	57	57	58	59	62	62	63	63	64	65	66	66	66	67	69	70	71	72	73	74	75	76	77	78	79	79	80	81	83	84	
# Bin upper bound for each species index 
0	1	2	3	4	5	6	7	8	9	10	11	12	13	14	15	16	17	18	19	20	21	22	23	24	25	26	27	28	29	30	31	32	33	34	35	36	37	38	39	40	41	42	43	44	45	46	47	48	49	50	51	52	53	54	55	56	57	58	59	60	61	62	63	64	65	66	67	68	69	70	71	72	73	74	75	76	77	78	79	80	81	82	83	84	85	86	87	88	89	90	91	92	93	94	95	96	97	98	99	100	
# Normalized histogram for each species index 
1	
0.0494885999475121	0.950511400052488	
0.00237133746659425	0.0953697081803077	0.902258954353098	
7.00431034482759e-05	0.00697557471264368	0.135554956896552	0.857399425287356	
2.15901505733085e-05	0.000403016144035091	0.0132077746132214	0.170639554235358	0.815728064856812	
3.06560945217559e-05	0.00115230849408247	0.0212735262984209	0.202705310176561	0.774838198936414	
1.81426630163629e-06	8.16419835736329e-05	0.00219707649128154	0.031071124681823	0.231892261609944	0.734756080967077	
7.30924692828898e-06	0.000168112679350647	0.0034499645501524	0.0413374460029383	0.258743686637966	0.696293480882665	
1.27843140119734e-05	0.000385355750932342	0.00515025221625215	0.0516778498975429	0.280635782199121	0.662137975622139	
1.64186837323682e-05	0.000707827698684316	0.0079448186282737	0.0617616153065916	0.300777515889637	0.628791803793081	
2.18943742405389e-05	0.00103450918286546	0.0105220713537656	0.0748696372467095	0.317656353200045	0.595895534642374	
5.46438134095918e-06	9.65374036902789e-05	0.00142984645088432	0.0137811697418991	0.0882643303400667	0.329882880093259	0.56653977158886	
2.36661830269776e-05	0.000167483756806303	0.00192606320327249	0.0181082709668728	0.100304565570801	0.341133464528943	0.538336485790278	
2.90880531729612e-05	0.000278154508466441	0.00267428288858912	0.0218178578830442	0.111676308144291	0.351670926854454	0.511853381667982	
3.63150402370646e-05	0.000314125098050609	0.00367689782400279	0.025571235582929	0.121341259696116	0.361151259405595	0.487908907353069	
2.52899766790286e-05	0.00047509027618461	0.00458651791343241	0.0300517180023086	0.134336743265189	0.367866194346245	0.462658446219961	
3.25702839585923e-05	0.000723784087968718	0.00621730531565129	0.0362398692845937	0.145657928783265	0.373635440811651	0.437493101432912	
0.000118817656303727	0.00100814981106192	0.00754492117528665	0.0414583607124019	0.158801597917451	0.376405333832608	0.414662818894888	
0.000194286886174869	0.00123947837568967	0.00946608884307556	0.0481903435819666	0.169653827541605	0.377330318288692	0.393925656482796	
3.59849438994725e-06	0.000212311169006888	0.0017326750487596	0.0117274932168381	0.054295882602719	0.181202185005794	0.375889727737914	0.374936126724578	
1.62968784234762e-05	0.000336802154085175	0.00245539634913708	0.0140008293300353	0.0618502751456307	0.190280541708239	0.377576943900712	0.353482914533737	
2.55433900092504e-05	0.00046160554802431	0.0029429634346372	0.0164663639166775	0.067155396862177	0.198778661051986	0.377330606272362	0.336838859524127	
2.20201668027635e-05	0.000576194364672312	0.00377462359277372	0.0186400711985393	0.0731766843133837	0.208222697286932	0.375498894404125	0.320088814672771	
3.68087545941927e-06	7.17770714586757e-05	0.000692004586370822	0.00443729536632993	0.0213380350382535	0.0804455331656081	0.216761234492012	0.369819397845584	0.306431041558924	
2.38740624839309e-05	0.000119370312419655	0.000822736922523158	0.00527433134260382	0.0244011283249223	0.0872596983787675	0.224665946771859	0.367811152492819	0.289621761391601	
2.56681040804952e-05	0.000143008008448473	0.00106155944732905	0.00619701369943383	0.0277527208190325	0.0952158320865969	0.231379623925606	0.363101000322685	0.275123573586788	
3.67880365305203e-06	1.83940182652601e-05	0.000194976593611757	0.00125999025117032	0.00730242525130827	0.031076693859157	0.100893029586778	0.238925421452944	0.358045083738768	0.262280306444344	
1.4800891013639e-05	2.9601782027278e-05	0.00022386347658129	0.00152264166302811	0.00790552591265994	0.0338292865230487	0.10734716229917	0.244451515981262	0.354170521065368	0.25050508040584	
1.85572137456994e-06	2.41243778694092e-05	5.38159198625282e-05	0.000335885568797159	0.0018891243593122	0.00931757702171565	0.0373315468922234	0.114555536173577	0.248531196532028	0.350712782579972	0.237246554853268	
1.86358553857622e-05	4.47260529258293e-05	0.000314945956019381	0.00231830040998882	0.0113827804696236	0.0415486395825568	0.120355944837868	0.254998136414461	0.345480805068953	0.223537085352218	
3.73707439393996e-06	7.47414878787992e-06	5.23190415151594e-05	0.000472739910833405	0.00298405390356106	0.0124126925994716	0.0451793608855371	0.127611747867065	0.26076744559754	0.337123349614521	0.213385079356775	
1.86810435978195e-06	1.12086261586917e-05	8.78009049097519e-05	0.000627683064886737	0.00339994993480316	0.0139752887155288	0.0489873006265622	0.135508554049863	0.262860964464919	0.331937859376576	0.202601522131432	
7.48264960622556e-06	1.87066240155639e-05	0.000121593056101165	0.000798772845464579	0.00376564341433302	0.0158351572291749	0.0538488878912023	0.141386534972034	0.265658379632228	0.325992854069626	0.192565987616215	
1.86707891769169e-06	3.17403416007588e-05	0.000212846996616853	0.000927938222092771	0.00432042061553858	0.0174198463020635	0.0590202316671521	0.146266962411967	0.269212242063048	0.317957938446142	0.184627965854861	
9.34073119243774e-06	1.86814623848755e-06	3.7362924769751e-05	0.000254067888434307	0.00113770105923892	0.00496179640942293	0.0192400381101833	0.0625474042108016	0.153522389732668	0.271320218946739	0.311631078480823	0.175336733359487	
1.30842344320975e-05	3.738352694885e-06	4.8598585033505e-05	0.000287853157506145	0.00135328367554837	0.0056692118617931	0.0216955298647651	0.0675071729642333	0.158965971644595	0.273342741520949	0.30523649753736	0.16587631660109	
2.23166547334555e-05	2.23166547334555e-05	4.0913867011335e-05	0.0003087137238128	0.00149149642468594	0.00633978966552914	0.0242470453678994	0.0719470351394326	0.164652278623434	0.274223333922245	0.298542908418028	0.158161851538454	
9.33046452650692e-06	7.46437162120553e-06	7.65098091173567e-05	0.000332164537143646	0.00182503886138475	0.00745317506377373	0.026612350922503	0.077508168821693	0.172660246063011	0.276465396106211	0.288893574855518	0.148156580123498	
1.86907153871314e-06	5.60721461613943e-06	0.00010092986309051	0.00045792252698472	0.002104574552591	0.00825195084341853	0.0295724498855194	0.0829456567450119	0.178268305219382	0.275846923040979	0.282427923928788	0.140015887108079	
5.62392793873668e-06	1.31224985237189e-05	9.74814176047691e-05	0.000538022439472476	0.00245765650922793	0.00959817034877726	0.0331136877032816	0.0880444665235689	0.180359368995285	0.276571653528546	0.275111306907121	0.134089439200652	
1.31296117761364e-05	0.000138798753062013	0.000707123377086201	0.00262779801405244	0.0110888949743597	0.0352154944424229	0.0916409388797815	0.183700149677574	0.276969160417597	0.268643110892701	0.129255400959587	
1.50384985563041e-05	0.000154144610202117	0.000706809432146295	0.00288927153512993	0.0118296589268527	0.0383293731953802	0.0945564394850818	0.189460644249278	0.275747789340712	0.262944387632339	0.123366443094321	
7.52952515049638e-06	2.63533380267373e-05	0.000212709085501523	0.000751070133762014	0.00335816821712139	0.0132293756894221	0.040181310965624	0.100581279341618	0.192827374341637	0.2760775691681	0.256986458149017	0.115760802045019	
3.76911885539399e-06	2.63838319877579e-05	0.000216724334185154	0.000872551015023708	0.00362400777946132	0.014335843566491	0.0428021137218541	0.105246990358594	0.198924670390556	0.276331064323782	0.248002367006641	0.109613514552568	
5.24729764171452e-05	0.000223010149772867	0.00109256233039984	0.00405728549796855	0.0152359035096925	0.0462661729209457	0.110211990824725	0.203893120043178	0.272911950345572	0.24112082277627	0.104934708625058	
3.74356574637342e-06	7.1127749181095e-05	0.000327562002807674	0.0013383247543285	0.00492091717360786	0.0170538137576041	0.0497725783809078	0.114671034160037	0.204499766027141	0.272872250818905	0.234998596162845	0.0994702854468882	
2.42475337460388e-05	8.95293553699894e-05	0.000369308590901206	0.00141381773688442	0.00562356263417746	0.0190324487957369	0.0530312214974904	0.118428685205461	0.209468848447319	0.270598746215986	0.228217787617717	0.0937017963692116	
1.29893264848656e-05	1.29893264848656e-05	0.000107625848017458	0.000354423051229904	0.00167376749847839	0.00631837952585247	0.0209796178911272	0.0569841752891053	0.123721479150275	0.212024776212461	0.268207324495643	0.220491961462524	0.0891104909223164	
3.70077734828201e-06	2.5905441437974e-05	7.58659356397811e-05	0.000414487063007585	0.00185779022883757	0.00678167449072678	0.0228911582877984	0.0605724732480057	0.127473275761574	0.215146541531049	0.265243964494742	0.21437863023128	0.0851345325085534	
1.84170881110329e-06	7.36683524441318e-06	2.02587969221362e-05	6.2618099577512e-05	0.000530412137597749	0.00221189228213506	0.00772412675376722	0.0245720789577401	0.0636973409408185	0.133359976720801	0.217688139763598	0.262824739306118	0.207348786498064	0.0799504211988051	
9.21385542723726e-06	3.68554217089491e-06	1.84277108544745e-05	9.95096386141624e-05	0.000637598795564819	0.00223896686881865	0.00852834458345081	0.0269818542331216	0.0670547542572619	0.13819124646879	0.221534254350322	0.259209709192295	0.199631077228693	0.0758613572746153	
3.69164433221846e-06	3.69164433221846e-06	2.399568815942e-05	0.000134745018125974	0.000662650157633213	0.00267090467436005	0.00963150006275795	0.0293061185313162	0.0712911895216367	0.141183245841363	0.222696598518912	0.25685538352493	0.193700578111502	0.071835707060639	
3.68731563421829e-05	0.000127212389380531	0.000763274336283186	0.00307706489675516	0.0107522123893805	0.031891592920354	0.073851401179941	0.14427912979351	0.224583333333333	0.254472713864307	0.187411504424779	0.0687536873156342	
3.69020030407251e-06	3.13667025846163e-05	0.000164213913531226	0.000913324575257945	0.00364776300057567	0.0118363174753126	0.0338372916881928	0.0768705625341344	0.148862680266285	0.225548732785216	0.251675350938049	0.181751590476331	0.0648571154442263	
1.84896199273728e-06	5.91667837675929e-05	0.000173802427317304	0.000970705046187071	0.00402334129619632	0.0128817182034006	0.0356498361819674	0.0816649532952201	0.152162176154307	0.228468837594574	0.247143353721221	0.175668029967976	0.0611322303658726	
7.40311634182409e-06	8.88373961018891e-05	0.000233198164767459	0.00115488614932456	0.00437709253710349	0.0137771995121346	0.0374727241432281	0.0848378624982186	0.156670300362938	0.228099268387028	0.244558246793988	0.170913896204607	0.0578090847342189	
2.94468952849999e-05	0.000104904564452812	0.000283426367118124	0.00128462080680812	0.00479616306954436	0.0150639273692328	0.0397827555300349	0.0878658546685292	0.159085011346257	0.228993781183802	0.241904404335319	0.165774977868818	0.0550307259947989	
1.83290840406832e-06	1.64961756366149e-05	0.000122804863072578	0.000295098253055	0.00144983054761804	0.00523478640201913	0.0161809153911152	0.0418196381472229	0.0915446102411924	0.162888736961148	0.230088657779505	0.238507206079391	0.159886432995284	0.051962953255337	
1.8366586037354e-06	9.36695887905052e-05	0.000409574868632993	0.00169523589124777	0.00565139852369381	0.0171433714072662	0.0441055197101018	0.0947348507806717	0.167787946744247	0.230640240822676	0.232412616375281	0.154727467413085	0.0505962712157027	
7.37465846113002e-06	0.000138274846146188	0.000418511867669129	0.00172198275067386	0.00596056770120834	0.018560171682049	0.0454832060590194	0.0984019115114731	0.171711547608951	0.230576071445691	0.229066110125775	0.149665006139403	0.0482892636034794	
3.69082000793526e-06	2.58357400555468e-05	0.000121797060261864	0.00042075348090462	0.00196167083421759	0.00671729241444218	0.0195041383319339	0.0487095970547256	0.102095463059505	0.174262066674663	0.231104385616874	0.225252590494293	0.14449744872067	0.045323269697445	
1.84480061394964e-06	4.24304141208418e-05	0.000188169662622864	0.000575577791552289	0.00228201835945571	0.00738842645886833	0.021650580005313	0.0522871838011748	0.105954278461584	0.177052894123203	0.229371439534815	0.221110422385549	0.138913486230408	0.0431812479707193	
1.10775093328016e-05	5.16950435530742e-05	0.000197548916434962	0.000732961867520373	0.00245182206566009	0.0082195119249388	0.0227698204335737	0.0553100040986785	0.110147367799157	0.179560887530048	0.228508708768587	0.216751778863374	0.13445326952688	0.0408335456522622	
1.11541993701595e-05	6.13480965358775e-05	0.000204493655119592	0.000920221448038162	0.00293727250080868	0.0091520205832159	0.0240112731774968	0.0585074937629435	0.112964154121291	0.181181378435958	0.229400982313158	0.211600739151612	0.129823726469287	0.039223742085166	
2.41981118027221e-05	5.58417964678202e-05	0.000217783006224499	0.00114289543437472	0.00335795336093159	0.00980768085296483	0.0265360216815082	0.0612212228608869	0.116240283527415	0.183853530690651	0.227404547755904	0.206512270304077	0.125560279357894	0.0380654912588975	
1.30252671575332e-05	5.21010686301327e-05	0.000342378450998015	0.00129136220104686	0.00356334094381086	0.0108630728093827	0.0277438190455456	0.0633995575130671	0.120172975547852	0.185314197355126	0.225059869710113	0.204102214853643	0.122082107562656	0.0359999776709706	
5.60022251550795e-06	2.24008900620318e-05	9.14703010866298e-05	0.000358414240992509	0.00128805117856683	0.00398735843104166	0.011271381182879	0.0293544996854542	0.0663701037721232	0.122245390550185	0.187170636913307	0.225479892401058	0.199657266382051	0.118043356922715	0.0346541769259632	
1.11809714773418e-05	2.42254382009071e-05	0.000143489133959219	0.00040065147793808	0.00147216124451667	0.00411087051316932	0.0125301420356077	0.0321024326066944	0.0688319239097621	0.125577217652518	0.188921148062151	0.223567251679941	0.195314800251945	0.114045909068886	0.0329465959532337	
3.72054952516487e-06	5.5808242877473e-06	2.41835719135716e-05	0.000111616485754946	0.000483671438271433	0.0014510143148143	0.00457627591595279	0.0137902168150236	0.0340839542000353	0.0724837458492619	0.129116090446559	0.191130209932007	0.220351405902652	0.191020453721015	0.110016649459125	0.0313512105738018	
3.16746381172595e-05	0.000106203198393164	0.0004695299297382	0.00163403868404921	0.00510147995088568	0.0144976681876704	0.0355799346757169	0.0751303784001327	0.132297510559765	0.191609202041337	0.219067386860987	0.188205110050735	0.107077045762399	0.0291928370600719	
5.60307795749131e-06	2.98830824399537e-05	9.89877105823466e-05	0.000502409323521721	0.0018041911023122	0.0055507825632214	0.0152067535766314	0.0375854469388517	0.0778790482238243	0.135015501849016	0.1918848754249	0.220253259123679	0.185321803444025	0.102319674274401	0.0265417802846364	
2.41391155799423e-05	2.59959706245532e-05	0.000105840737542824	0.000544058528071006	0.00208524821509809	0.00599392808400412	0.0166541328951155	0.039775691910611	0.0812652610273979	0.137670946717544	0.193903944888542	0.218704100864366	0.180399038149087	0.0974941741172975	0.0253534987791178	
5.5699342376431e-06	1.67098027129293e-05	5.01294081387879e-05	0.000167098027129293	0.000595982963427812	0.00216670441844317	0.00679717641467046	0.0176009921909522	0.0419954475070831	0.0837532444866934	0.140765234698462	0.197853347344812	0.215979769998849	0.175126159010483	0.0925890168323413	0.0245374169615637	
9.27955398751714e-06	1.67031971775309e-05	4.63977699375857e-05	0.000181879258155336	0.000740508408203868	0.00262611377846735	0.00722506073468085	0.0193757087259358	0.0435452350418229	0.0861402437553241	0.145158207115933	0.199900151999094	0.212900807135606	0.170031123624074	0.0890651591721895	0.0230374207294101	
2.22699376256164e-05	1.85582813546803e-05	5.38190159285729e-05	0.000278374220320205	0.000818420207741401	0.00286725446929811	0.00813223888962091	0.0204456585684513	0.0464049825273781	0.0886343517499531	0.147733198723933	0.199534929469252	0.211278609910493	0.16663666411181	0.0859099960470861	0.0212306738697543	
7.07020151934909e-05	0.000346067758578666	0.00099168879205607	0.00293971536857147	0.00873542003509053	0.0215771386894451	0.0478503796512158	0.0925042839839469	0.151560933043331	0.198488465338337	0.209101209934749	0.162248100813631	0.082736242411162	0.020849652164691	
1.12043353308173e-05	7.28281796503127e-05	0.000281975772492236	0.00105880968876224	0.00311107044352361	0.00912779851617252	0.0226570334281345	0.0505278175635426	0.0961275949707474	0.152575036367405	0.199866668409563	0.207747050925571	0.157622589433938	0.0792744072439763	0.0199381147211895	
2.0558826277918e-05	8.03663209045884e-05	0.000304644425754602	0.00113821138211382	0.00327819829922437	0.00988879543967854	0.0242463321184936	0.0523296888141295	0.0989421549387908	0.155265863003458	0.200977478740305	0.205814409868237	0.153166993738903	0.0759050556022802	0.0186412484814503	
1.86260668079764e-06	1.30382467655835e-05	7.07790538703104e-05	0.000357620482713147	0.00123863344273043	0.00357247961376988	0.0106857745277361	0.0259032711098528	0.0545538870738822	0.101113466273781	0.158364407821458	0.200105423538133	0.203197350628257	0.150010616858081	0.0732805346426217	0.0175308540796674	
1.8684289688701e-06	4.67107242217526e-05	0.000123316311945427	0.000446554523559955	0.00130416342027133	0.00399843799338202	0.0118589186654186	0.0269296667283248	0.0568469513778729	0.103899598100929	0.160830628782401	0.199863978371066	0.19995739981951	0.146439988864163	0.070280955664049	0.0171708622239163	
1.12003195824521e-05	1.86671993040868e-05	0.000188538712971277	0.000505881101140753	0.00151951002335267	0.00441479263541653	0.0118742054773296	0.0283405419834646	0.0595464990601065	0.106867849295967	0.162128359395855	0.200160911258001	0.197502702077099	0.143397691614134	0.0675173931629516	0.016005256683324	
7.47539194414387e-06	3.92458077067553e-05	0.000185015950617561	0.000558785547824754	0.00163524198778147	0.0045151367342629	0.0125511830742176	0.0300697640953187	0.0623559819020761	0.110826423267905	0.163759673624388	0.200856306147202	0.194831140240222	0.137201474894831	0.0652396143445296	0.0153675369891738	
5.59702536758464e-06	1.11940507351693e-05	5.97016039209028e-05	0.000180970486885237	0.000578359287983746	0.00171828678784848	0.00508209903376685	0.0142686833370958	0.0317873727376357	0.0650728825986616	0.113199838059399	0.166490982259295	0.200198134698013	0.190235429543712	0.13339763693589	0.0632911628566471	0.0144216686971431	
1.86852323134934e-06	2.98963717015894e-05	1.6816709082144e-05	7.10038827912747e-05	0.000207406078679776	0.000607270050188534	0.00191149926567037	0.00591948159691469	0.0149724766528022	0.0337698203601765	0.0683188149078258	0.116537925416027	0.168314704156717	0.199689077734303	0.185925535612184	0.129714751243502	0.0604373839179943	0.0135542675202081	
5.6246976725001e-06	1.31242945691669e-05	3.37481860350006e-05	0.000110619054225835	0.000217488310003337	0.000699337410614179	0.00231362564262171	0.00621154112966428	0.0159403932038653	0.0357862014916698	0.0717261447197213	0.119824809416494	0.170225850360543	0.196967537994833	0.182380822030816	0.126553822732028	0.0577956434841627	0.0131936658404611	
2.07296458434233e-05	2.82676988773955e-05	5.84199110132839e-05	0.000194104865624782	0.000874414151940766	0.00245552077581642	0.0068407831283297	0.0167815905668804	0.037729839948289	0.0743855073392369	0.121343808714366	0.170695441927782	0.196814795690495	0.179302013979319	0.123759754711754	0.0559266999722977	0.0127883069721337	
3.76653508904089e-06	2.63657456232862e-05	8.09805044143791e-05	0.000274957061499985	0.000941633772260222	0.00262150842197246	0.00719784855515714	0.0181452827914545	0.0394111399041793	0.0756904058818212	0.123691129056558	0.171345331003104	0.195087684936873	0.17673900925061	0.121453807213668	0.0552437701509627	0.0120453792147528	
1.88634044295046e-06	1.88634044295046e-05	9.80897030334241e-05	0.000316905194415678	0.000920534136159826	0.0028672374732847	0.00757554321888906	0.0188841541743771	0.0415523072773128	0.0767382155596678	0.123883522250329	0.171102396218265	0.195845523808446	0.176521852310861	0.119122398972322	0.0528571455519149	0.0116934244058499	
1.31777356508578e-05	2.07078703084908e-05	7.15362792475136e-05	0.00035579886257316	0.00105610138573303	0.00294616518479892	0.00794052699647401	0.0204631409321177	0.0426563303018266	0.0788348622644244	0.125572525550688	0.173627962402038	0.194785758256322	0.173725854152587	0.116086438415735	0.0508905325499483	0.0109525808595272	
1.50429099004912e-05	3.57269110136665e-05	0.000125984370416613	0.000417440749738629	0.00116582551728806	0.00324174708355584	0.00893360811715418	0.0217163208050965	0.0437579445367912	0.0810794039999097	0.130414507382308	0.173623385707731	0.193688747151249	0.171538062322776	0.111503689273653	0.0484889397004957	0.0102536234609223	
9.41493698582675e-06	2.82448109574803e-05	0.000144990029581732	0.000463214899702676	0.00106200489200126	0.00357014410502551	0.00960323572554329	0.0222926877950406	0.0455099224020894	0.083666779018248	0.132477578327568	0.173971088611504	0.192505333561802	0.169222194395853	0.109256577745725	0.0467225662858638	0.0094940224565077	
1.88519892619069e-06	7.16375591952463e-05	0.000145160317316683	0.000461873736916719	0.00118390492564775	0.00398531052996712	0.0101838445992821	0.0231936023889241	0.0476578288541007	0.0850356679636835	0.133626670286249	0.174580731758815	0.19179071275601	0.167697870479293	0.106551443308298	0.0450242059542123	0.00880764938316291	
9.40668288378796e-06	4.89147509956974e-05	0.000129812223796274	0.000428944739500731	0.00149378124194553	0.00434024348257976	0.0111864272854006	0.0244235114394671	0.049624014885135	0.0869459698948521	0.13470558023242	0.176260542539842	0.192744813625392	0.163975414693615	0.102854551987914	0.0424881052494935	0.0083399650447664	
1.12596762843068e-05	4.69153178512784e-05	0.000138869340839784	0.000589256392212057	0.00172648369692705	0.00433497536945813	0.0115805770584096	0.0254900304949566	0.0518226600985222	0.0898071780436312	0.136589256392212	0.179357260145437	0.19117992024396	0.158857142857143	0.0999183673469388	0.0403640628665259	0.00818578465869106	
5.61730429311843e-06	4.49384343449474e-05	0.000168519128793553	0.00054675095119686	0.00167770154887804	0.0047447496929207	0.0119817100572216	0.0273543994727224	0.0531752748734234	0.0932641031786453	0.13977725516043	0.179834252074658	0.188512987207526	0.156458776476228	0.0944811857754876	0.0399277989154858	0.00804397974774559	
1.3086289120994e-05	6.73009154793975e-05	0.000192555397066054	0.00066927021504512	0.0018825561635487	0.00507934964882008	0.0125217092189168	0.0290908207159696	0.0550409320429006	0.095993539112114	0.142019887420524	0.179325158764729	0.187569520910955	0.152548741753301	0.0924078958929616	0.0380156698964875	0.00756200564206008	
1.85232865496859e-06	4.26035590642777e-05	5.9274516958995e-05	0.000244507382455854	0.000713146532162909	0.0021468489111086	0.00540879967250829	0.0131607950935519	0.0298836181906083	0.0569924480560737	0.0972491067145061	0.143159072427903	0.180557587971719	0.185412541376391	0.149912662703918	0.091182730369484	0.0368317029753955	0.00704070121753562	
1.84504908753097e-06	2.02955399628407e-05	4.61262271882743e-05	0.000236166283203965	0.000754625076800168	0.00220483365959951	0.00594659320911233	0.0139522611999092	0.0308750514307433	0.0595452692018871	0.0985975781885677	0.14579393384761	0.180552813607606	0.183586074307507	0.14756518097164	0.0881767409421928	0.0352902538972049	0.00685435736017757	
1.84122389834971e-06	1.10473433900983e-05	6.26016125438902e-05	0.000364562331873243	0.000811979739172223	0.00245803390429686	0.00649583791337778	0.015105400862061	0.0322140533255265	0.0608266727058811	0.101646606532294	0.147482034257812	0.180393911440813	0.181865049335594	0.144552647035537	0.085740273274451	0.0334053251877588	0.00656212197371837	
1.28003979095122e-05	6.03447330019859e-05	0.000329153089101741	0.00102220320448819	0.00253813604262898	0.00671472301767552	0.0161943319838057	0.033493155444375	0.062950528290708	0.102907884679387	0.149029546975632	0.180703217288583	0.181385295634333	0.141782693130575	0.082747257971905	0.0317559585852269	0.00637276953066427	
2.18134225259943e-05	9.6342616156475e-05	0.000303570130153421	0.000981604013669745	0.00284846942485276	0.00717843379626263	0.0164982185704937	0.0344324874572821	0.0652275867083545	0.105971424416491	0.150281756707627	0.181822147895005	0.18060241401876	0.136750163600669	0.0797680506071403	0.0308896240820185	0.00632589253253836	
