# <P(U)> as a function of N_tot.
# number_of_species: 1
# species_total_upper_bound: 511
# species_total_lower_bound: 490
# volume: 729
# Bin widths for each
10	10	10	10	10	10	10	10	10	10	10	10	10	10	10	10	10	10	10	10	10	10	
# Bin lower bound for each
-2640	-2650	-2660	-2670	-2680	-2690	-2700	-2710	-2720	-2740	-2750	-2760	-2760	-2770	-2780	-2790	-2800	-2810	-2820	-2830	-2840	-2850	
# Bin upper bound for each
-2480	-2490	-2500	-2500	-2510	-2530	-2530	-2550	-2560	-2570	-2580	-2590	-2590	-2610	-2630	-2640	-2650	-2650	-2660	-2670	-2680	-2690	
# Normalized histogram for each
4.46813021169106e-06	3.25005778152426e-05	0.000493025654297535	0.00319009113880836	0.0147335020445227	0.047388786246203	0.110204501774743	0.18901785757114	0.225270273280773	0.199374703706678	0.126359750266343	0.0591025245131483	0.0192544177256473	0.00463840862626868	0.000828051511625788	9.75366953409681e-05	9.60053643294495e-06	
2.83464887586772e-06	6.42286529942898e-05	0.000546925854517358	0.00338396734243129	0.0146027568321511	0.0460138939472676	0.108028672136589	0.189648492383225	0.23036209110111	0.199960720466988	0.126331473693746	0.0572872013126445	0.0183388380834599	0.00449703712886947	0.000810218426465219	0.000117097661112268	3.55032755244818e-06	
3.70977549922589e-06	5.89854304376916e-05	0.000557817243131715	0.00343495113049739	0.0142573951994721	0.0462652262135705	0.110745653116056	0.18910516211201	0.2297660304789	0.200498582627774	0.123909469494544	0.0571391591666439	0.0185209351870862	0.00466382476398058	0.000939175164875722	0.000125222422039908	8.70047348214675e-06	
8.44611514651602e-07	5.73637803917922e-05	0.000588198627220098	0.00314654784588115	0.0141525199473158	0.0462643007213471	0.1103857061577	0.188524074883396	0.229552873134534	0.200255233223415	0.125860859815918	0.057097218205664	0.0188517359872842	0.00424951974063027	0.000846105290388258	0.000137245881000659	2.40749182977965e-05	5.57722810088124e-06	
8.61945300575862e-07	7.31819364876022e-05	0.000548252820540479	0.00319876242449837	0.0143753082366791	0.0470858543466619	0.110592732882171	0.187865225426466	0.230009575169614	0.199174705447745	0.125858103909272	0.0572503651572181	0.018455291561096	0.00453500702905966	0.00077835745993534	0.000178457433078098	1.4680874796905e-05	5.27593938013774e-06	
1.17332824937377e-06	5.09738225260487e-05	0.000482515621320874	0.00316011317132818	0.0143279139338041	0.0474927589505072	0.111756815015047	0.18844892358068	0.229914857678581	0.199449556310088	0.123771071439271	0.0578363972879732	0.0183297616827999	0.00410363571032164	0.000759962624288179	7.91059294281937e-05	3.44639137863396e-05	
3.58459469084712e-06	5.40941635103319e-05	0.000394450737399568	0.00292408813862322	0.0149526592682478	0.0493920887247806	0.114230950259721	0.190036422526888	0.226222933611258	0.19901195006989	0.124066711327856	0.0558286644564157	0.0178695851375563	0.00412905864003854	0.000784451871736946	8.8023251867906e-05	1.00202569736421e-05	2.62962544888398e-07	
1.70972993078658e-06	7.14803889463252e-05	0.00050913021770935	0.00325607123046746	0.0153344993600276	0.0497784586667045	0.115496401209985	0.190969385685282	0.230008319409065	0.196119393149279	0.121889696923972	0.0548753550801315	0.0169221477348363	0.00405490492656901	0.000620994427620854	9.18808864804706e-05	1.70972993078658e-07	
3.60061682187272e-06	0.000117754517884206	0.000546022950987522	0.00352066536447319	0.0163471078243515	0.0521064322382259	0.11806284546663	0.191602717969676	0.229239227721394	0.193969375394304	0.119775440938744	0.0536302037120364	0.0165664038359865	0.0037911283958027	0.000601480648792344	0.000110341483250938	9.25092063911891e-06	
3.02345124532666e-06	1.92787866255296e-05	0.000107349658955385	0.00061758619417295	0.00381601368141169	0.0167835000900385	0.0524848511723607	0.117054402692799	0.192881373855149	0.229537943565836	0.194333446304829	0.120216953263107	0.0523606154353617	0.0155584332961044	0.0035299993071429	0.000594097885858915	9.64419244172565e-05	4.68943458458829e-06	
2.27889406708065e-06	2.090697109589e-05	0.000151775713572717	0.000655876662146974	0.0040673537064638	0.0174847634032333	0.053906130505625	0.120442035645051	0.193020897184854	0.227728960247396	0.195283353103139	0.116921951847447	0.0506401947229436	0.0153166454870951	0.00374897920259375	0.000554592481387834	5.19902649477829e-05	1.31395693957803e-06	
9.75205778042908e-06	3.94201947814159e-05	0.000108528787071673	0.000543244997091368	0.00405510012597781	0.0174491665377479	0.0544817752781054	0.119854728376725	0.197400761888294	0.226613753333841	0.194146343525704	0.116228847109636	0.0497027334389883	0.0151334512715505	0.00358758890724498	0.000551153348657076	9.27053304376385e-05	9.45490366523595e-07	
2.17800098605274e-05	0.000151979826570246	0.000717813660381601	0.00422769606929669	0.0181013053192804	0.0575511057447211	0.123874861262352	0.196439725953364	0.226072755108342	0.190495751579101	0.113434146821211	0.0490271539229146	0.0154121775552399	0.00368877610481298	0.000695282848938925	6.79712171082113e-05	1.94329094190358e-05	2.84087085137314e-07	
1.83254830840779e-05	8.82057569552444e-05	0.000809979590145364	0.00428200946617367	0.0188730431088935	0.0581494829806437	0.127340137141153	0.19975668491984	0.22723163540452	0.186621844203045	0.111865544726946	0.0472928852549403	0.0141103176770504	0.00302801897389413	0.000476672187483297	4.95802368902064e-05	5.63288834281804e-06	
9.66448191593723e-06	6.38899891755795e-05	0.00067014213661978	0.00460357958355172	0.0195826899464404	0.0593225844706674	0.129750180705399	0.200583290302183	0.2272087305021	0.184977179942862	0.109490347896518	0.0460565236059422	0.0142288480649007	0.0029523252111015	0.00046749588769267	3.25272729303704e-05	
3.35627206564288e-07	0.000100614323983842	0.000715980094675333	0.00480704080364941	0.0207338472761422	0.0608055004627225	0.130437647405791	0.200403542043067	0.228044865732068	0.183521050524971	0.106310387557327	0.0469262683144047	0.0138966646254267	0.00288063461358824	0.00037630522399988	3.93153709769407e-05	
1.6063818445914e-06	0.000141611333955345	0.000907882471839637	0.00496232275255284	0.0213059823650996	0.0620468699700379	0.130065876167061	0.202947798428371	0.226697053831577	0.182513575192119	0.105916962410226	0.0449302572110937	0.0140199742783169	0.00306380889536646	0.000410383314768261	6.80349957709298e-05	
1.19359687617267e-05	9.68549245056007e-05	0.000890573390736698	0.00512294996134281	0.0214068818479898	0.0644595190614171	0.133947056586417	0.204836845929436	0.226277632362471	0.179343365833415	0.103131977427388	0.0441488095090894	0.0130554500407428	0.00272166895108777	0.000485527865738808	5.70058115032272e-05	5.94452795713174e-06	
5.33222235918009e-06	9.32531444486483e-05	0.00102354370561456	0.00563229823467937	0.0227573985563933	0.0664478871581875	0.139215004533536	0.208071713018011	0.223230768958706	0.175304227921808	0.0992352634686841	0.0424145620373766	0.0130211587577952	0.00309072482059468	0.00040640308920075	4.07003807922227e-05	9.75999181186634e-06	
1.01988852469239e-05	0.000123953074088113	0.00112625801537274	0.0056167987086638	0.0233574137558292	0.0685283646697134	0.142457737538564	0.209516547274271	0.222198305022577	0.171655484612951	0.100208570593886	0.0404202776162333	0.0116135126739492	0.00270209428480171	0.000429872163279921	2.72738806270798e-05	7.33722994492799e-06	
8.15738803642724e-07	0.000105299436077	0.00105521344683753	0.00621180951149509	0.0239564305332804	0.0703375415178214	0.144999141607735	0.210847029576325	0.222290490035453	0.169967613648626	0.0977506099272122	0.0387922652420899	0.011006224460376	0.0023215995482079	0.0003020514876912	5.31889352137892e-05	2.67534675431978e-06	
1.04776147639026e-05	0.000106153682647826	0.00106839667253218	0.00643825076875498	0.0259926941665511	0.0744356886092966	0.149566037511642	0.212126351629698	0.221111462869546	0.167130262855108	0.0925415148003892	0.0365709594303139	0.0102094476582754	0.00230829645365996	0.000294395928774594	8.19981192611926e-05	7.61122878599565e-06	
