# <P(U)> as a function of N_tot.
# number_of_species: 1
# species_total_upper_bound: 511
# species_total_lower_bound: 490
# volume: 729
# Bin widths for each
10	10	10	10	10	10	10	10	10	10	10	10	10	10	10	10	10	10	10	10	10	10	
# Bin lower bound for each
-2640	-2650	-2660	-2660	-2680	-2690	-2700	-2700	-2710	-2720	-2730	-2750	-2760	-2770	-2770	-2780	-2790	-2800	-2810	-2820	-2830	-2840	
# Bin upper bound for each
-2480	-2490	-2500	-2510	-2520	-2530	-2540	-2560	-2570	-2570	-2590	-2600	-2600	-2610	-2630	-2640	-2650	-2650	-2660	-2670	-2680	-2690	
# Normalized histogram for each
1.44710980127921e-05	4.63346894118509e-05	0.000332586143060822	0.00298385435362984	0.0147039037836396	0.04779559091687	0.112064386829344	0.191858315676065	0.22580246144998	0.200665235696254	0.123276407868554	0.0574727697076936	0.0176337462925738	0.00407002462419249	0.00103852208555653	0.000210295173938635	3.10936112231042e-05	
9.14775216067529e-06	0.00011769805874057	0.000629428748916959	0.0037514161750599	0.0144432364430143	0.0458324573341707	0.109113482054499	0.191446919658621	0.233336242952523	0.200466037215275	0.121785360449173	0.0562097896571755	0.0178105375991294	0.00408093903940224	0.000753240404398574	0.000207635859686615	6.43059805354401e-06	
1.19188428449747e-05	0.000113611309533608	0.000532232553984937	0.00384009374597177	0.014191473826536	0.0465020849879161	0.10962533364889	0.186813176681058	0.233926068632205	0.201545361181867	0.122253954829475	0.0559085931798492	0.0189148212924685	0.0046616168553487	0.000928028089969003	0.000231472923402499	1.57418679084572e-07	
4.26076831031685e-05	0.00046191819967979	0.00326696866611333	0.0135201905036853	0.0462382909263321	0.10987192773594	0.185685823807494	0.229029293362741	0.202291163398768	0.125949494799719	0.0571482472253198	0.0209653918424062	0.00442487934969063	0.000927275384264134	0.000176236810822959	2.90303920514251e-07	
2.79004635662022e-06	4.54507551642971e-05	0.000515753569245553	0.00316362006354736	0.0151649819661754	0.0492710261380993	0.111003501823183	0.187671095655254	0.225542419887306	0.19848423531557	0.125658490315817	0.0582391801439781	0.0195953955774975	0.00444116879001945	0.000892769833370781	0.000285867249684354	2.22528697314306e-05	
3.85699979277185e-06	6.60710911247011e-05	0.000541714479770607	0.00310780611113089	0.0138807488696024	0.0494331579653664	0.114453136767843	0.189095394331443	0.22646931151869	0.198173082979813	0.124313887664082	0.0570690590107275	0.0183800874740166	0.00392373273593199	0.000983466479704878	7.44012977777291e-05	3.10842231819837e-05	
1.18635584509967e-05	0.000101275396660825	0.000318941920827375	0.00312034489883706	0.0152433671600487	0.051137158721724	0.117051662041024	0.190411349880112	0.226150571642587	0.194424164172228	0.124850577565205	0.0542697565235944	0.0175082762061769	0.00435307855448358	0.000858710927725232	0.000159631278771133	2.92695515451231e-05	
6.17832341971093e-05	0.00052841465341057	0.00333837465933792	0.0161491499845268	0.051943402717452	0.117040645710912	0.19207870365746	0.229205033091288	0.194826171853437	0.119823771267358	0.05344551474177	0.0166172214125284	0.00406452766237453	0.000797376294845045	7.99090591021435e-05	
9.96251066401559e-05	0.000789244375846768	0.00413940378970529	0.0166550502012897	0.0548245608031622	0.1185923399038	0.192388650977959	0.231541933843089	0.192458185515408	0.116615464791388	0.0507064645127933	0.016409785827237	0.00405725357010117	0.000644996711709899	7.70400698703473e-05	
0.000129288678973027	0.000813431797675178	0.00449952343274312	0.0174494013088307	0.0520057685579847	0.119470220196856	0.194940860775193	0.22620641503776	0.192257381699153	0.121790162973314	0.0509657973462032	0.0152904668221739	0.00342223904435338	0.000632595908847798	0.000126332729576879	1.1369036139028e-07	
0.000111289142130252	0.000593679740269358	0.0049117489261894	0.0178134434255417	0.0553379581225221	0.12211339342687	0.19394809140383	0.226315704469446	0.190219756022816	0.119012048821865	0.0495340148575478	0.0150196523640122	0.00419003275998128	0.000756380749543269	0.000122805767434186	
4.6701351557419e-06	6.01702920790514e-05	0.000423696319926729	0.00456653486281839	0.0188323087350095	0.0554070023916281	0.122228582179229	0.200068387022628	0.22513092678787	0.189986467662958	0.114891529117086	0.0483443592517036	0.0148025009995104	0.00423324062776634	0.000870382339001772	0.000149241275629143	
4.54487879194577e-08	6.51281130885828e-05	0.000490619665590545	0.00431336266628405	0.0195076878215473	0.0610039991751954	0.128045824376703	0.198669195861415	0.222020783094433	0.186127171071556	0.112425984944544	0.0479612650888272	0.0147983298661211	0.00363097184006735	0.000866253897744863	7.28771314288504e-05	4.99936667114034e-07	
9.17518504639135e-06	4.93391078229966e-05	0.00064107107871931	0.00424667143176604	0.0213751002748778	0.0620755689829091	0.135622165699884	0.201626827773321	0.222090503845392	0.180309229822374	0.109248051307635	0.0463107120645228	0.0132061047003753	0.00272489502958637	0.000372112222947642	7.53579536530819e-05	1.71135191674113e-05	
1.9758008675047e-05	0.000645091116001337	0.00454791596952627	0.0216023816964505	0.0650158741775841	0.133707367347843	0.203283969855528	0.223153288722792	0.180101464455061	0.105343520853319	0.0452484697714493	0.0141744718480857	0.00295691299793525	0.000180721717573809	1.87914621755851e-05	
2.18628345013679e-05	0.000740494662901676	0.00518169802997986	0.0226349775651567	0.0667701278329558	0.135526083965751	0.196289615731121	0.224007358562586	0.182278815949217	0.104798145078286	0.0450337952670676	0.0132718863931951	0.0031341771195766	0.000280664710836742	3.02962968666754e-05	
0.000134797089536112	0.00109867293398004	0.00569314626703818	0.023166473558948	0.0643861924945456	0.131387050381573	0.200804004802996	0.224845023390304	0.182225574771952	0.104835776369455	0.0445080265477273	0.0135203700346001	0.00296398000271104	0.000294741352964634	0.000136170001668546	
4.56379055020186e-05	0.000919648538910285	0.00550451306312338	0.0230735406748392	0.066277827237485	0.130797476537027	0.204455668982902	0.223806610717727	0.179698827855275	0.106108107920671	0.0447903380079748	0.0117603065882903	0.0023341551512052	0.000336199237198204	7.12980415857517e-05	1.98435402844561e-05	
3.63398815071114e-05	0.00130830357473176	0.00619354146007357	0.0233226057942822	0.0663332638948375	0.135740470199624	0.205042998650336	0.222841105756337	0.180227110917459	0.100946401772825	0.0424197675568211	0.0125755437617652	0.00246174995683084	0.000456543788268247	6.15539249921328e-05	3.26991093088259e-05	
8.56606844482696e-05	0.00114223375766832	0.00638842000841862	0.0244873608607317	0.0693920702537213	0.141188300170194	0.203041066138402	0.223043349510337	0.173754675560101	0.101606353525776	0.0420826314962262	0.0107225813113448	0.00240931801998147	0.00055059757286054	8.06849239340882e-05	2.46962058547902e-05	
0.000148223239895156	0.00104629818064031	0.00622320387873078	0.0246567934791304	0.0704428261551842	0.14374461374007	0.206122680213452	0.21797610158351	0.169985452587377	0.103171199547137	0.0426885733732715	0.0107407193648011	0.00251136321726554	0.000432524102801529	0.000100388194936871	9.03914179631665e-06	
0.000101472065067816	0.00097452929587365	0.00667286378857599	0.0260250595785982	0.075292646370882	0.149545531404061	0.208132181720476	0.219267852396583	0.161648015758191	0.0948331499977835	0.0409881910832148	0.0125029249205852	0.00338608072612475	0.00047205552850673	0.000131866923267853	2.55784422083389e-05	
