# <P(U)> as a function of N_tot.
# number_of_species: 1
# species_total_upper_bound: 511
# species_total_lower_bound: 490
# volume: 729
# Bin widths for each
10	10	10	10	10	10	10	10	10	10	10	10	10	10	10	10	10	10	10	10	10	10	
# Bin lower bound for each
-2640	-2650	-2660	-2670	-2680	-2690	-2710	-2720	-2720	-2740	-2750	-2760	-2760	-2770	-2780	-2790	-2800	-2810	-2820	-2840	-2850	-2850	
# Bin upper bound for each
-2480	-2490	-2500	-2500	-2510	-2530	-2530	-2550	-2560	-2570	-2580	-2590	-2590	-2600	-2620	-2630	-2640	-2650	-2660	-2670	-2680	-2690	
# Normalized histogram for each
3.70289180804241e-06	5.59614966404493e-05	0.000435142052384959	0.00294823992350567	0.0140284357067038	0.0464328632059748	0.108564511589442	0.186755107603138	0.226693801778817	0.20067002069264	0.127895406008387	0.0605219104051909	0.019553571571395	0.00457573847865724	0.000781455879814458	7.97816389813208e-05	4.34907652048094e-06	
2.32408151138219e-06	5.45634567692765e-05	0.000541949738046128	0.00301772605264662	0.0138154500856632	0.0452506268836307	0.1078282638439	0.187935458876605	0.229371288770091	0.201021067884742	0.12812590473457	0.0588504619762174	0.018848059429136	0.00449048156361457	0.000756426535252479	8.83373526590344e-05	1.60873494495128e-06	
2.57754296770476e-06	6.61114376704273e-05	0.000534694147354754	0.00316615283834334	0.0137274446896736	0.0460580264091243	0.109577916038481	0.188780240514978	0.228767835803758	0.200781448811254	0.126644878725588	0.0579927106069093	0.0185990548619736	0.00440835078719305	0.000795476739680883	8.99537101216963e-05	7.12633492918372e-06	
2.06804561979027e-06	6.38489230601607e-05	0.000546634331836268	0.00308211226596264	0.0139889530975227	0.0464034937886726	0.110149757920647	0.188187535624746	0.229753587980526	0.201034161950292	0.126022922948296	0.0570791804888594	0.018607327823901	0.00419918410295175	0.0007574637998065	0.000108272194868374	1.09565120470916e-05	2.53820038435088e-06	
7.84679956811215e-07	6.90645435671086e-05	0.000540889107071569	0.00324443241932118	0.014252377141865	0.0473130118464181	0.111271957441907	0.189034233572398	0.229646942688653	0.198891831124573	0.125429019795334	0.056766273665058	0.0183158947161037	0.00433875915908943	0.000767782334583366	0.000106767303597212	7.56723747823609e-06	2.41122302518102e-06	
2.99172764463798e-06	7.47392575316878e-05	0.000446474900774023	0.00322523151141741	0.0145634700238677	0.0484531833757188	0.112973340131207	0.189052244444681	0.229650721444652	0.198938061050654	0.123682148334812	0.05626920985386	0.0177785842293904	0.00409190296717486	0.00072147907436099	6.04690656487805e-05	1.57486066044358e-05	
1.14206846120557e-06	1.27899048114016e-05	6.31008599242337e-05	0.000418366178375717	0.00321317806674935	0.0151522040159298	0.0493331362876135	0.11477199964505	0.191086664227793	0.227971229049184	0.197769026679947	0.122699090524508	0.0549445918703043	0.0175869835542362	0.00417260075606383	0.000733479272225644	6.48770603210811e-05	5.42009286284853e-06	1.19885639574065e-07	
6.26213617646339e-08	8.13138382513771e-06	9.98779409465028e-05	0.000539339002470262	0.00355137014412356	0.0156531455624286	0.0498441210276546	0.115609795298533	0.19251699024001	0.230135852786096	0.195940453121661	0.12096434755467	0.0536680036828374	0.0167484182282368	0.00395564426247178	0.000668345269841585	9.43547368388621e-05	1.74713599323329e-06	
8.68872501605531e-06	8.55921911828823e-05	0.000556828663560277	0.00368336876419607	0.0164464551701699	0.0511588517723187	0.117284846466338	0.193113843292609	0.230476210744101	0.195128369794826	0.118962663860606	0.0523756561886392	0.0162250249899686	0.00370766045939503	0.000682331085737723	9.36022554846775e-05	1.00055758515234e-05	
1.37256187803067e-06	1.06754812735718e-05	8.68884579341998e-05	0.000659701169313787	0.00383240440565596	0.0169994651988492	0.0531186706728874	0.118168514432706	0.193166860978063	0.229376216689736	0.194382384347889	0.118648008498306	0.0515913205411604	0.0156568195674662	0.00363112334167836	0.000586936715466896	7.47843918488001e-05	7.85254788723666e-06	
1.03206099655289e-06	1.57288575300478e-05	0.000137648423543254	0.000747832017958679	0.00401365422277148	0.0170036605127029	0.0544183293685868	0.121621105130419	0.195228746061262	0.227758481164242	0.192600805736528	0.116139231016248	0.0503648772621615	0.0155954799174753	0.00371574811151123	0.00056389271440187	6.15765401787173e-05	1.21708814818715e-05	
4.44921235954096e-06	2.91294000326179e-05	0.000103653707054929	0.000656610076639624	0.00410243877628826	0.0175351162019495	0.0549631939061616	0.122334316731485	0.197890662313234	0.227223410453949	0.190670006611918	0.115298904171629	0.0500668480291747	0.0150722645600759	0.00338625115796991	0.000570346504319632	8.93663125180928e-05	3.03187324223567e-06	
9.91583121684005e-06	0.000115329644481987	0.000722855168073201	0.00429309622119124	0.0183789669932086	0.0568653987543777	0.124811318679056	0.198155612910442	0.227503579527332	0.188348594164943	0.112590202932796	0.04885501410537	0.0151436723132836	0.0035414448143095	0.000583045334259854	6.7234322811483e-05	1.16736516529828e-05	3.04463119324893e-06	
8.94375670041835e-06	8.80409721109434e-05	0.000738909686197644	0.00441331077143018	0.0193226364317828	0.0580524264088214	0.128170883922851	0.201305012181144	0.227988058244259	0.184989895065594	0.109752140354124	0.0473739262035066	0.0142046556714714	0.00305801562474604	0.000474080764940858	4.89609790276952e-05	5.23491860644962e-06	4.86804268526735e-06	
1.23189665492997e-05	0.000118715309482147	0.000758160868513311	0.00463179417235229	0.019840664003948	0.0589388708784791	0.129219697443742	0.202179473757905	0.227626765093796	0.184670287786065	0.108312276206712	0.0461075127908327	0.0142064188849031	0.00293360069099917	0.0004033752418943	3.91529025980093e-05	9.15001229212651e-07	
2.53844485371134e-06	0.00013148840336853	0.000774721209137832	0.00492179832699521	0.0208064103642776	0.0600919514103594	0.130543901239404	0.203802714425051	0.228851124544446	0.182552057971052	0.105440426627033	0.0450956643495661	0.0135013406454489	0.00299702479670887	0.000434773282339553	4.86469395797471e-05	3.41702037792999e-06	
2.44961038977143e-06	0.000150462607402499	0.000928128808027243	0.0050094684431768	0.0209649236580442	0.0614806771510883	0.131432164775164	0.205288364791943	0.227286796093057	0.182363330370662	0.104691929034629	0.0437284752643874	0.0133090645224824	0.00287537455788939	0.000427086228315918	5.49885865783306e-05	6.3154967617184e-06	
1.53245031606107e-05	0.00010277641519639	0.00098105254955447	0.00518166644927208	0.0217938029717799	0.0636551759311042	0.134552577142206	0.205424350798871	0.22744495097248	0.179790555846894	0.102430591435073	0.0428203674202394	0.0127390453094678	0.00255603395808261	0.000454489795078784	5.21232755547736e-05	5.1152259859046e-06	
4.96246558563381e-06	0.000121590991022038	0.00105124133097936	0.00560475862528079	0.0228561760079673	0.066403414268254	0.138095322970233	0.208521597312496	0.225838570044948	0.175623825319228	0.0990593681259003	0.0411854161186459	0.0124381826024884	0.00274326972484662	0.000408530972471428	3.87562211733595e-05	5.01689848054021e-06	
7.90693481762881e-07	1.71033082362863e-05	0.00012305015253496	0.00110083691772682	0.00602637376963419	0.0237132046720752	0.0681168232467338	0.140937104916507	0.210203736377648	0.225743986533541	0.171982614000597	0.09823965994244	0.0392143976110985	0.0115978889493692	0.00259328607019814	0.000357253561833126	2.70477993338426e-05	4.84147701140964e-06	
2.04795097592233e-06	1.14003627790099e-05	0.00015186769291015	0.00126562756233746	0.00641973065361046	0.0248841702570031	0.0706143475269641	0.143720326779286	0.210714019796471	0.223469720829894	0.171061427199534	0.0955581110080927	0.0383659635583243	0.0111179942460254	0.0023031926020519	0.000287367129969263	4.55707472033571e-05	7.11409656853379e-06	
7.70288872528054e-06	0.000146865132998366	0.00126220100227677	0.00692406397007487	0.02635905161075	0.0740287596356729	0.148546649631623	0.211130684044121	0.221147150459554	0.169059755832444	0.0928682795515655	0.036099461986112	0.0100675003585716	0.00204950323837003	0.00025732136058933	4.16865829578032e-05	3.36271359355823e-06	
