# <P(U)> as a function of N_tot.
# number_of_species: 1
# species_total_upper_bound: 511
# species_total_lower_bound: 490
# volume: 729
# Bin widths for each
10	10	10	10	10	10	10	10	10	10	10	10	10	10	10	10	10	10	10	10	10	10	
# Bin lower bound for each
-2640	-2650	-2660	-2670	-2680	-2690	-2700	-2710	-2720	-2740	-2750	-2760	-2760	-2770	-2780	-2790	-2800	-2810	-2820	-2840	-2850	-2850	
# Bin upper bound for each
-2480	-2490	-2500	-2500	-2510	-2530	-2530	-2550	-2560	-2570	-2580	-2590	-2590	-2600	-2620	-2630	-2640	-2650	-2660	-2670	-2680	-2690	
# Normalized histogram for each
3.86283294980645e-06	5.65513456826241e-05	0.000428097057296172	0.00293567704086244	0.0140223116107688	0.0464827179447772	0.10837044012851	0.186780420763623	0.226744371841653	0.200334619143424	0.128212230188429	0.0605036681464996	0.0196241133100749	0.00462980520599184	0.000783348817433676	8.32276933334261e-05	4.53692869126113e-06	
2.42291900806213e-06	5.68839069991276e-05	0.000548083503878437	0.00303699805280175	0.013792139972515	0.0453584491902383	0.107780980000935	0.18783239109405	0.229296848154923	0.200797762158859	0.128253396042499	0.058966463890774	0.0189108099383378	0.00451135255552427	0.000761754466743998	9.15870014100858e-05	1.67715050352864e-06	
2.68586906926784e-06	6.88898954502972e-05	0.000553418029369793	0.00315979926661353	0.0137680493130324	0.0460843234151267	0.109668095979015	0.188648655982848	0.228689777299843	0.200590039787975	0.126633067106154	0.0582117631922694	0.0186248183656234	0.00440381972655855	0.000794775780904689	9.05951575593312e-05	7.42583258683043e-06	
2.15504258215176e-06	6.6041627517554e-05	0.000558506926647826	0.0030852960093994	0.0139557445884315	0.0466050799855475	0.110020233631907	0.187988770526623	0.229840604509902	0.200779573909218	0.125950536813824	0.0573025623972718	0.018673271835767	0.00426900694095188	0.00077572594992837	0.000112826906801042	1.14174222209546e-05	2.64497545797121e-06	
8.16637531662475e-07	7.1877327685596e-05	0.000554298510509348	0.00320632062902118	0.0142818398625378	0.0474802682022803	0.111169429243433	0.188875743706345	0.229456135604414	0.199021013604553	0.125313174707499	0.0568724594348531	0.0184149118410029	0.00438278783323812	0.000777422399018554	0.000111115603903289	7.87542753206484e-06	2.50942464182923e-06	
3.11024539206178e-06	7.71393629157381e-05	0.000446641792685284	0.00318848307068861	0.0145502226808718	0.0485745460069956	0.113124130312474	0.189053657244381	0.229607731332557	0.198956797309539	0.123370650704003	0.0563217879804029	0.0177996177472132	0.00410626602273175	0.000739981140171171	6.28645569169646e-05	1.63724900595914e-05	
3.52167839405228e-06	6.12018565187764e-05	0.000426899492916968	0.00319607219968796	0.0151429746719121	0.0492438058869477	0.114800442144593	0.191089191835349	0.228098175928494	0.197694143889122	0.122812401358198	0.0548479788406293	0.0175712685660182	0.00419514123827153	0.000743660541547389	6.7367250693294e-05	5.62813347068076e-06	1.24487236254871e-07	
3.25658179963579e-06	0.000101929060279618	0.000553040391406811	0.00354788011653974	0.0156792420851225	0.049797230819293	0.115572759985479	0.192397617691461	0.230024024050942	0.195914007767026	0.121127451759615	0.0537423391635107	0.0168189157117296	0.00394914494561003	0.000671479866399154	9.78664582341645e-05	1.81354555309059e-06	
6.54815418581695e-06	8.7639306811558e-05	0.000537449365436695	0.0036718734216146	0.016406043346093	0.0511616202623499	0.117207301594433	0.19290967544602	0.230626067955652	0.195402196255437	0.118955578000401	0.0523001204039832	0.0162579587936125	0.00368883013662267	0.000674278975054091	9.64358651973397e-05	1.03827170958143e-05	
1.42392242103853e-06	1.09780866928141e-05	8.30040219447562e-05	0.000610081337160923	0.00382386778374683	0.0170421493047946	0.0531964307372944	0.11801672765941	0.192874373194839	0.229374361034994	0.194762684827229	0.118610257916457	0.0514912723371291	0.0157561471699571	0.00367079128021165	0.000590708242997133	7.65947566255691e-05	8.14638609587349e-06	
1.06865071909892e-06	1.61292447873609e-05	0.000118575301561519	0.000711621894919004	0.0040097764660609	0.0170779819846284	0.0544704814185484	0.121660297219556	0.195280100959188	0.227474869426767	0.192913771305165	0.116168523638236	0.0501321510166877	0.0155677827597012	0.00375770647196762	0.000563403570257434	6.31562947503506e-05	1.26023764982026e-05	
4.6085896118739e-06	2.88324089706848e-05	9.37037333826993e-05	0.000630246970232124	0.00406530264244145	0.0175330855563214	0.0551102326761999	0.122410982761819	0.197823118654038	0.227046597092113	0.191029361809532	0.115231246962687	0.0498481808026557	0.0150968267868999	0.00337591955245974	0.000576044977587765	9.25675436999935e-05	3.14047934770355e-06	
1.02584837477407e-05	0.000118839118247895	0.000719298119129625	0.004263511863903	0.0183373391703511	0.0569634710335448	0.124844262597138	0.198016348219172	0.227406658844881	0.188544037072657	0.11268469065907	0.0488148834083658	0.0150585557278892	0.00353983318106122	0.000593201601509881	6.95792810716323e-05	1.20807982519977e-05	3.15082000823463e-06	
9.2567509594833e-06	8.91117835386039e-05	0.000734343382390061	0.00439156092296502	0.019347694405467	0.0581349327773692	0.128119821426585	0.201344649492806	0.228008782853812	0.185049982163444	0.109857757880199	0.0471823265349884	0.0141249978617097	0.00305419493920438	0.000489455892167205	5.06744095096705e-05	5.41811896904607e-06	5.03840391762293e-06	
1.27538711898797e-05	0.000116808913853931	0.000758929541287556	0.00461389210130243	0.0198949970216758	0.0590561737451757	0.1291585198512	0.202078656808641	0.227726407580252	0.184509698752236	0.108435279045481	0.0461290153695673	0.0141286999804476	0.00292283740573061	0.000415847564367421	4.0535143467315e-05	9.47304124031666e-07	
1.22691593840187e-06	0.000122943268904475	0.000781372426155296	0.00496006250199217	0.0208743985768178	0.0600550373097587	0.130806239684232	0.203872556931951	0.228808468820612	0.182366359565622	0.105482147322353	0.0450198336938725	0.0134025685982229	0.00294916615458132	0.000443740889598618	5.034130473412e-05	3.53603465324027e-06	
2.53352700208875e-06	0.000133610544355812	0.000926010405930938	0.00500798761969084	0.0209405845357271	0.0614874272905255	0.131439044531653	0.20525394154092	0.227506553583684	0.182402549565548	0.104718325014008	0.0435384697875365	0.013286560569052	0.00285435136123042	0.000438645938073798	5.68723375295183e-05	6.53184753143973e-06	
1.3677570828124e-05	0.000102364304392683	0.000980779771173771	0.00515353095158709	0.0217668041388223	0.0637491674823116	0.13457069986897	0.205631894838499	0.227645818355269	0.17953905121861	0.102315899372519	0.0427839703788938	0.0127247188354084	0.00252222103811223	0.000440191855107644	5.39186051108223e-05	5.2914143835181e-06	
5.1343031872487e-06	0.000124853363002535	0.00106137717173477	0.00555770955374523	0.0227471876713497	0.0664274018806111	0.138401324851715	0.208667521013466	0.225729101479828	0.175614100441031	0.0989687562758135	0.0411771991671516	0.012361146235408	0.00271669716915203	0.000395200550998025	4.00982508517851e-05	5.19062095529896e-06	
8.18558416874776e-07	1.77060482173221e-05	0.000125900581118547	0.00108528252871182	0.00594639243297398	0.0235877965734742	0.0681177113197335	0.140894874381129	0.210364796981016	0.225969102013964	0.171947870195374	0.0982281087822327	0.0392032938186221	0.0115679462548144	0.00255310888864525	0.000356277550944746	2.80009944603241e-05	5.01209615255632e-06	
2.1218569262605e-06	1.18117762626765e-05	0.000152166090485485	0.00125939048142363	0.00637538158352	0.0246940086668853	0.0704831307888878	0.143742849747761	0.210959090719347	0.223698783328511	0.171122359434152	0.0955430341183587	0.0383179366368476	0.0110339168745275	0.00226267251372814	0.000286759260939991	4.7215293102786e-05	7.37082833305183e-06	
7.97158395614965e-06	0.000145343033735209	0.00126526787359544	0.00693321039238032	0.026333259186363	0.0740851719911546	0.148613326747732	0.211318210133701	0.221515695088148	0.169032437259435	0.0925082977636125	0.0358953586397172	0.00999167112621546	0.00205120370408778	0.000256954752118857	4.31407109390668e-05	3.48001310775248e-06	
