# <P(U)> as a function of N_tot.
# number_of_species: 1
# species_total_upper_bound: 511
# species_total_lower_bound: 490
# volume: 729
# Bin widths for each
10	10	10	10	10	10	10	10	10	10	10	10	10	10	10	10	10	10	10	10	10	10	
# Bin lower bound for each
-2640	-2650	-2660	-2660	-2680	-2690	-2700	-2710	-2720	-2730	-2730	-2750	-2760	-2770	-2780	-2790	-2800	-2800	-2810	-2820	-2840	-2840	
# Bin upper bound for each
-2480	-2490	-2500	-2500	-2520	-2530	-2540	-2550	-2560	-2570	-2580	-2590	-2590	-2610	-2630	-2640	-2650	-2650	-2660	-2670	-2680	-2690	
# Normalized histogram for each
5.71840444846405e-06	2.49855793741966e-05	0.000447189966657586	0.00306166416827279	0.0149234695372854	0.0476186304256685	0.110041619335087	0.18973940693989	0.225690031318511	0.198784687816775	0.125649937159747	0.0593827575715903	0.0191065584577497	0.00449009296273192	0.000908161377525867	0.00011280201576352	1.22869629229126e-05	
3.63015251402888e-06	7.18033384643682e-05	0.000521439060746559	0.00332707072121157	0.014692718821595	0.046202927861771	0.108406849163299	0.189723900843283	0.23033652861634	0.200181489654649	0.126181091236425	0.0569818929969416	0.0180868844656339	0.00433415949254781	0.000808904009332727	0.000136157675854157	2.55188939105e-06	
4.72703344046159e-06	6.27268418618233e-05	0.000506577444059127	0.00343536709338995	0.0142287274130302	0.0460613733048903	0.110950048099795	0.188152948250757	0.230339839812431	0.201128485585134	0.123690428898906	0.0571427080692958	0.0186184647201873	0.00458829054951853	0.000956198594626201	0.000133025856159405	6.24325171381719e-08	
4.30105503296857e-05	0.000525340609361844	0.0031070586761116	0.0140953826902404	0.0463871008762564	0.110165085538299	0.188128431744529	0.229147520664564	0.200835728077945	0.125925695147569	0.0571059063384433	0.0192850200398837	0.00422536855999388	0.000858174320070659	0.000145458550587678	1.91928799858275e-05	5.24735829084255e-07	
1.09815699146077e-06	4.23144685903189e-05	0.000555702862098227	0.0031241326552391	0.014241794331845	0.0473355346067349	0.109987870678907	0.186921888978808	0.228429097051041	0.200198040214863	0.1271456792039	0.0578286283505523	0.0185778849248374	0.00455176331245241	0.000828940262562252	0.000218364975310066	1.12649652672427e-05	
1.49501588684382e-06	5.13878537673122e-05	0.000432749598630254	0.00321847727819566	0.0140836865839141	0.0475872845342632	0.111922409347788	0.187157792301017	0.229824342621832	0.198981112172749	0.12456837719219	0.0586273841599988	0.0186121958601382	0.00400039712575853	0.000836598505530811	7.80769835342223e-05	1.62328648068545e-05	
4.58849524284655e-06	5.97655934430226e-05	0.000347255194034885	0.00286049273706753	0.0148942201258842	0.0495925451656748	0.114393427503192	0.188892688029094	0.226003959215895	0.19790584797518	0.125296781746364	0.0567330852829419	0.0181199234235064	0.00405069348284859	0.000742698446218584	9.07069329860014e-05	1.13206504254013e-05	
2.19012420956556e-06	6.51255334956414e-05	0.000527583401090666	0.00328873431556783	0.0152636852167063	0.0498022944214286	0.114909535999672	0.188751807651868	0.229181596925914	0.196308174199711	0.123729814468358	0.0560360099171277	0.0174120043353596	0.00404670126251112	0.000597448363375807	7.70748511830311e-05	2.19012420956556e-07	
1.39978089754529e-06	0.000131833114656937	0.000590296353125457	0.00356059642319411	0.0164363760256971	0.0525945800676117	0.117365346742394	0.18989020844776	0.228942774446051	0.194351205184669	0.120605927006518	0.0541500953386395	0.01682214689243	0.00390863444610753	0.000568022339593267	7.11176182259102e-05	9.43977242782102e-06	
1.84007772713599e-05	0.000108257466280378	0.000644898403421492	0.00381885208295391	0.0168118688339796	0.0523105937859546	0.116713877435019	0.191627762501388	0.227416139095585	0.19415477618002	0.122571361399854	0.0535622162399505	0.0158173028624675	0.00371504741117344	0.000605052052639705	0.000103549472095692	4.39999456512671e-08	
0.000120410231488317	0.00063720459837683	0.00426217841730517	0.0172412730767509	0.0538155988175786	0.12008258519956	0.191330429836583	0.226293797139206	0.194794180878504	0.118945440140782	0.0520650226885579	0.015741248955038	0.00397613800648556	0.000626926536157549	6.58730351326644e-05	1.69244249236874e-06	
1.62540035789008e-05	8.37345865097775e-05	0.000481571500589396	0.00412860368962584	0.0174516711111633	0.0548370595585916	0.12018983461252	0.196804152221894	0.225551626863479	0.193868304283417	0.116940326927457	0.0498263572561604	0.015391578124725	0.00371858278140592	0.000599488959548341	0.000109638591145666	1.21492819062793e-06	
1.52171622033073e-05	0.000108813610299638	0.000575356978710492	0.00412573457144351	0.0181221315485739	0.0581043749951765	0.124489293069507	0.195839270315707	0.225606385382874	0.189864646176344	0.113617515799578	0.0494026260984971	0.0155327635312729	0.00373894831793893	0.000746260098974341	8.52422696488991e-05	2.50538149055025e-05	3.66258345294502e-07	
2.36574082541047e-05	0.000111504086948221	0.000721140657215896	0.0042155755574626	0.019115273166026	0.0584636887809455	0.12815824763379	0.199313140760575	0.226648865703659	0.186216713819257	0.111962132782573	0.0474380532729042	0.0140261368966919	0.00304096341346895	0.000479442257831617	5.8191986502532e-05	7.27181589508088e-06	
1.25089591955152e-05	7.76525694103867e-05	0.000641829152184847	0.00441457109403721	0.0197684349096915	0.0601863200809458	0.129949313939896	0.198480192643516	0.226357742268697	0.185458322807414	0.110539991844228	0.0461381438516794	0.0144661348603365	0.00304454552984807	0.000435569928884834	2.87255600362386e-05	
4.3461250891814e-07	0.000129514527657606	0.000808622649592735	0.00472713249124958	0.0208093425417525	0.0618867612066509	0.130677681115223	0.199181435154653	0.227784727280086	0.182704701253055	0.106833969650956	0.0471591861929447	0.013892614846073	0.00302388606879939	0.000345725558594202	3.42648502031062e-05	
2.08579601135858e-06	0.000171201786058361	0.00103522087414168	0.00514794612455508	0.0216660833741042	0.0627205170586651	0.131881349967142	0.203613960593775	0.224518859881465	0.180552321938793	0.10580000451864	0.0453473874852835	0.0139934915101705	0.0031046723075121	0.000380570133585068	6.43266500982016e-05	
5.11315407365531e-05	0.000902959960788928	0.00529324523492772	0.0219690247708356	0.0654757705382818	0.135638520993366	0.205216564387122	0.224117705378659	0.177366511282585	0.102965683085064	0.0449348416418664	0.0128397182252654	0.00272364486210159	0.000428054438896197	6.89378983392673e-05	7.68576116477251e-06	
6.95920087181651e-05	0.00105504457739724	0.00569183946882623	0.0232551663826465	0.0678015182405944	0.139339244335173	0.208019492826555	0.221866370421529	0.174083098401291	0.0990707814463054	0.0427097785313881	0.0131948983916893	0.00333914872484578	0.000448317665208391	4.3066612430362e-05	1.26419654028225e-05	
0.000118350416753747	0.00107442483897377	0.00562976791026704	0.0235991446853705	0.0694931525767951	0.143442651859464	0.208327776791306	0.220601196022756	0.171392293962287	0.100199293476733	0.0411941161588782	0.0118309648409258	0.00266434662486122	0.000389761087025487	3.33130626489856e-05	9.44568495445556e-06	
1.05227557938137e-06	0.000128252774429347	0.00100057139455719	0.00596176538847138	0.0232717343396536	0.0702817623921613	0.145089085605962	0.211471854860878	0.220862424554405	0.170029488239594	0.0985101427550046	0.0392323292944827	0.0112080903940393	0.00254821907931683	0.000339376709529804	6.03988347385597e-05	3.45110719678467e-06	
9.81864474246875e-05	0.00098168505634386	0.00631042368856009	0.0251122357663202	0.0742115686582616	0.149620366070654	0.21224906477521	0.220161663425004	0.166976419715028	0.0930076303922301	0.0373164478599553	0.0108902899353841	0.00260992943888594	0.00035637778075771	8.78968306868056e-05	9.81415929489338e-06	
