# <P(U)> as a function of N_tot.
# number_of_species: 1
# species_total_upper_bound: 511
# species_total_lower_bound: 490
# volume: 729
# Bin widths for each
10	10	10	10	10	10	10	10	10	10	10	10	10	10	10	10	10	10	10	10	10	10	
# Bin lower bound for each
-2640	-2650	-2660	-2670	-2680	-2690	-2700	-2710	-2720	-2740	-2750	-2760	-2760	-2770	-2780	-2790	-2800	-2810	-2820	-2830	-2840	-2850	
# Bin upper bound for each
-2480	-2490	-2500	-2500	-2510	-2530	-2530	-2550	-2560	-2570	-2580	-2590	-2590	-2610	-2620	-2640	-2650	-2650	-2660	-2670	-2680	-2690	
# Normalized histogram for each
3.83182056775204e-06	2.88495911603366e-05	0.000445924370703826	0.0030901624021502	0.0141849739839772	0.0470701378235698	0.110560544258121	0.188823098708501	0.225024868155689	0.199817059651348	0.126933559745357	0.0590758313212677	0.0194025283851253	0.00465584788408727	0.00079090215699836	8.36464242559831e-05	8.23331711975516e-06	
2.43143342690139e-06	5.50924296778597e-05	0.000547632232212966	0.003210725895422	0.0141436301890867	0.0455089528809266	0.108398159019718	0.189451412647775	0.230438019722657	0.200244046102626	0.126690157683874	0.0573516706746199	0.0184970515559579	0.00455042765844595	0.000806128512210099	0.000101416051179988	3.04531018319828e-06	
3.18962730312305e-06	5.23881239126154e-05	0.000541743152023643	0.00322362993380729	0.0137790635680324	0.0460095854679713	0.110660779200433	0.189810092840181	0.230110046836126	0.200408586442998	0.12425863582866	0.0569253145878255	0.0185028233678163	0.00466009363518056	0.000929222687705866	0.000117324121272422	7.48057875053199e-06	
7.26572466446313e-07	4.93468804070727e-05	0.000545872092621777	0.00303129035366966	0.0138545840267547	0.0461160768569556	0.110279156947759	0.188062246243816	0.229908448866862	0.200803114774131	0.126170251541189	0.0571915272042843	0.0187777609978902	0.00421302143959225	0.000844637489878275	0.000126429613892786	2.07103176592838e-05	4.79778017099673e-06	
7.41520187426643e-07	6.29574559131266e-05	0.000511786469359148	0.00304847321053209	0.0141718082420663	0.0466882877209316	0.110748599432816	0.187651520530798	0.230032574623034	0.199573125964103	0.126119248477901	0.0575582261684172	0.0183786914653981	0.00447906299212796	0.000790568159824008	0.000165903181933688	1.3885563509715e-05	4.53882114723243e-06	
1.00969043524552e-06	4.77840479354657e-05	0.000452574320475051	0.00305189986877251	0.0142627018787901	0.0476156686127643	0.112188705717502	0.187825721504173	0.230012087488135	0.200157028968329	0.123598942499229	0.0576058923000613	0.0181296429852916	0.00412530236793198	0.000818040436536613	7.73398975399603e-05	2.96574160979809e-05	
3.07491564194509e-06	5.7906953836244e-05	0.00039652758680751	0.003115506902871	0.0153048405476375	0.0488267279455801	0.113993136147185	0.189375322339311	0.226777325875986	0.199778943245997	0.124205975753067	0.0554558661572564	0.0176874252796983	0.00415722658660394	0.000773234433598699	8.21382388756646e-05	8.59551708404729e-06	2.25572962150412e-07	
3.48681516902897e-06	7.66394930081519e-05	0.000514363938023844	0.0033739632807721	0.0155787908022019	0.0494777781072185	0.11497639769529	0.190766757288836	0.229832142193637	0.196863899736383	0.122269946260136	0.0548858166942641	0.01673781638247	0.00393836947353664	0.00060146974659829	0.000100137340014251	2.22475243949828e-06	
3.08886247042062e-06	0.000120788003397397	0.00055730229653701	0.0035918957392278	0.0164936874377136	0.0516579835636177	0.117651665052194	0.191253296862484	0.229324523217666	0.195243468301384	0.119981235893145	0.0533400362235063	0.0164274263556868	0.00363958847911738	0.000573537873468822	0.000121637880168196	1.88379582161895e-05	
2.59610005960669e-06	1.65538171601225e-05	9.63029498301721e-05	0.000598474649341939	0.00381908100106513	0.0167857177715694	0.0525550257536069	0.116833909865737	0.193577200180378	0.229696469514668	0.194536685796058	0.119520331837395	0.0522193753293471	0.0156101966003616	0.00347351712442347	0.000547677036157481	9.63853657050802e-05	1.44993071356265e-05	
1.95363029741962e-06	2.33672957195866e-05	0.000141547261819349	0.000616138621908719	0.00398116414095514	0.0172483437585812	0.0535786746457074	0.12071643530267	0.194204474174773	0.227598082185085	0.194533077137502	0.116935814538461	0.0506304998579599	0.0154371935374473	0.00370223501524788	0.000554080059487984	7.53761022860279e-05	2.1542734090465e-05	
8.39950576237797e-06	4.90009948353684e-05	9.80485243287002e-05	0.00052745871434966	0.00396542761101472	0.0173095781582649	0.0538692355286971	0.119778313310255	0.197210431066998	0.22780283291015	0.193858179010302	0.116417213851713	0.0498961820506087	0.0151121476240826	0.00344969563047182	0.000536567873645979	0.000105563871589775	5.72376292948748e-06	
1.88214891815921e-05	0.000144224044741182	0.000671336800302299	0.00411366442277301	0.0177201047342224	0.0565902734179613	0.123757890580548	0.196523445324097	0.227010341525683	0.190389329108778	0.113921219196682	0.0491879687686964	0.015498075961578	0.00371032926190425	0.000659085296785337	6.65064918969427e-05	1.7138076484605e-05	2.45497684977289e-07	
1.5845031429643e-05	9.65786823449608e-05	0.000788024280809225	0.00414476203136624	0.0183936199554127	0.0577388209327389	0.1269327108641	0.200543926601792	0.22825095784092	0.186567702615211	0.111448589491673	0.0472994535300076	0.0142754027368474	0.00297843324001799	0.000468387314685341	5.16162130851988e-05	5.16863755859943e-06	
1.13777453568271e-05	9.38562766445741e-05	0.000650538642247546	0.00439397304111782	0.0191290324939152	0.0582785875020228	0.128593765277819	0.201717522431222	0.228096584992001	0.185928289130918	0.109559954158619	0.0457622404526314	0.0144237592496384	0.00288586359505102	0.000439052559005901	3.42257850921943e-05	1.37666669797909e-06	
2.89978586531278e-07	9.76473892285424e-05	0.000727736060330625	0.00478503524907203	0.0202395484105476	0.0599449649640622	0.129713238725886	0.201396583269308	0.229152341845316	0.183878060524621	0.106070362434086	0.0465887484538704	0.0140258582604968	0.00295187761859725	0.000390537360768594	3.71694552215792e-05	
1.72559026778244e-06	0.000124300599962753	0.000891206367593094	0.00486507226231705	0.0206695443624797	0.0609616820305594	0.130236165678465	0.204578411629368	0.228030083929108	0.182916699343459	0.105122331625936	0.0444357737568258	0.0137640168041583	0.00297570198086956	0.00036871855075424	5.85654878762526e-05	
1.43300235644221e-05	0.000103357022855126	0.000900792884005192	0.00502702179943891	0.021203366378264	0.0638801117974528	0.13434079158647	0.205703542903074	0.227189956045014	0.179404735774438	0.102705945606836	0.0436651541868202	0.0127428409825795	0.00261369723207128	0.000450255330436146	4.8991632009234e-05	5.10881467107812e-06	
4.57715251170665e-06	8.53378219556041e-05	0.000981613810115032	0.00552625695126068	0.0225580152632393	0.0659439226973403	0.13915074353525	0.208380476555738	0.224811405383392	0.175317664523574	0.0990537519353678	0.0421072422198402	0.0127164305116695	0.00291915723150409	0.000394058068074309	4.09684119117439e-05	8.37792725560482e-06	
8.78958779352073e-06	0.000106825050051706	0.00110489326345946	0.00560087261438008	0.0232492369845914	0.0682531829776939	0.142096701583869	0.208980485484583	0.223601970623246	0.17266521650546	0.0996245192120315	0.0399879374595816	0.0116178772758597	0.00266481133117658	0.000406851551477083	2.35051343786838e-05	6.32336036741319e-06	
7.00387898560185e-07	9.83451448410484e-05	0.00106125979554799	0.00635331359569009	0.0244471939220006	0.0701672754224603	0.144600500760728	0.210313635600332	0.22182969239652	0.171276590137536	0.0973926944603852	0.0387637695370533	0.011107077747354	0.00221792666805747	0.000315750296946663	5.19770917600978e-05	2.29703488765078e-06	
9.03016653048164e-06	9.33536937005768e-05	0.00118007367476625	0.00667296327906765	0.0263020389354518	0.0747845293436131	0.149737843652476	0.211990330670368	0.220727574428374	0.167096018306366	0.0922400870882212	0.0363259914821545	0.0102198939689359	0.00224448806519886	0.000298553135271721	7.0670347097116e-05	6.55976240660486e-06	
