# <P(U)> as a function of N_tot.
# number_of_species: 1
# species_total_upper_bound: 511
# species_total_lower_bound: 490
# volume: 729
# Bin widths for each
10	10	10	10	10	10	10	10	10	10	10	10	10	10	10	10	10	10	10	10	10	10	
# Bin lower bound for each
-2640	-2650	-2660	-2670	-2680	-2690	-2710	-2720	-2720	-2740	-2750	-2760	-2760	-2770	-2780	-2790	-2800	-2810	-2820	-2840	-2850	-2850	
# Bin upper bound for each
-2480	-2490	-2500	-2500	-2510	-2530	-2530	-2550	-2560	-2570	-2580	-2590	-2590	-2600	-2620	-2630	-2640	-2650	-2660	-2670	-2680	-2690	
# Normalized histogram for each
3.81270741788809e-06	5.58175147559768e-05	0.000426595972743806	0.00293392891149943	0.0140460695732021	0.0465244627906663	0.108526231378112	0.186678054561637	0.226633519268866	0.20032825486576	0.12819455714327	0.0605371116513697	0.0196403778696372	0.00461105704067957	0.00077352299416447	8.21477003715547e-05	4.47805584667267e-06	
2.39207687070899e-06	5.61598129344839e-05	0.000544042052174724	0.0030324008350135	0.0137833825371438	0.0453590655619709	0.107839946535806	0.187840431234063	0.229453062651281	0.200811047570438	0.12808430579439	0.0589579734869268	0.0188939647822016	0.00449418559413034	0.000755562512976035	9.0421160179796e-05	1.65580150010773e-06	
2.6523400237195e-06	6.80299084655246e-05	0.000548577084905847	0.00315913622039456	0.013733976697821	0.0460410395395956	0.109687760130208	0.188745072755777	0.228749928628535	0.200739405110184	0.126594484256402	0.0581052669331985	0.0185634207817243	0.00437640350270898	0.00078804876490455	8.94642129429228e-05	7.3331322084363e-06	
2.12824233183254e-06	6.57074387519236e-05	0.000559142548360441	0.00308695175312883	0.0139431322337539	0.0465396808216456	0.110067642504679	0.188131440468719	0.229871810602883	0.20091624984256	0.125933035250601	0.0571585377633505	0.0185967678393514	0.004236359533412	0.000766101855670719	0.000111423784018201	1.12754344124277e-05	2.61208237040584e-06	
8.07065697461144e-07	7.10348512664181e-05	0.00055311120297501	0.00321163788997137	0.0142402559952271	0.0474486013185506	0.11122072718802	0.189006895399411	0.229499345191984	0.199019894842542	0.125311728308776	0.0568088251137515	0.0183630383829075	0.00435571069689058	0.000768310206620712	0.000109813214414065	7.78311939818804e-06	2.48001159665186e-06	
3.07554806935193e-06	7.68332570708301e-05	0.000455308310843837	0.00321211805859482	0.01456656209738	0.0484752394800128	0.113010204968548	0.189181273383746	0.229664918092023	0.199081328899508	0.123362956373093	0.0562549280113345	0.0177536517828209	0.00408834268198841	0.000734905961840022	6.21632515396053e-05	1.61898415867052e-05	
1.1731379804092e-06	1.31378490955218e-05	6.48174937739347e-05	0.000427255556179969	0.00319999958000364	0.015136419273655	0.0492284441640263	0.114860769764597	0.191239745741074	0.22804832717929	0.197718866900506	0.12275575504144	0.0547674378235169	0.0175397285364547	0.0041835688330592	0.000742220418931267	6.66420149976098e-05	5.5675443379641e-06	1.23147080816435e-07	
6.42911413535283e-08	8.34820470475565e-06	0.00010254115590181	0.000549515672491012	0.0035491153090519	0.0156444070344294	0.0497561647561949	0.115521862011351	0.192577588373647	0.230254955296778	0.195904057031077	0.120995034380475	0.0536601125180481	0.0167734205531816	0.00393562722175518	0.000668595724506017	9.67967424218722e-05	1.79372284376344e-06	
8.34238876727078e-06	8.69334443265252e-05	0.000535012414337491	0.00366834331633862	0.0163738397647024	0.0511429759819431	0.117285084323491	0.193001960013876	0.230724765320773	0.195298213709179	0.118907813184062	0.0522774034126379	0.0162324282843034	0.00368217058599656	0.000669024419642228	9.54164710653515e-05	1.02729645586239e-05	
1.40880368129027e-06	1.0957361965591e-05	8.33398422619062e-05	0.000621183391897718	0.00382363055736714	0.0170097550869872	0.0531707714446036	0.118053851121397	0.19306882964353	0.22936461516419	0.194693288903307	0.118522893299413	0.0515144176361776	0.0157340561997664	0.00365836926022313	0.000584790894080804	7.57814987019679e-05	8.05989044874231e-06	
1.0582232257893e-06	1.59718616601111e-05	0.000120294240207291	0.000724206028142865	0.00401357375622671	0.0170355539614907	0.0545017057541489	0.121588691906691	0.195293494684262	0.227654145244055	0.192910204376018	0.116093843972924	0.0501279547594508	0.0155596789468949	0.00372667132598434	0.0005579315120979	6.25400392898899e-05	1.24794072302539e-05	
4.56508332600122e-06	2.8560223522919e-05	9.39382866681443e-05	0.000653044021746603	0.00408374840104716	0.0175055675917476	0.0551041186595913	0.122456374851334	0.197832112744179	0.2271893037088	0.190934382488118	0.115192464213359	0.0498471817807423	0.0150537416372945	0.00335548483111805	0.000570606963014741	9.16936819856921e-05	3.1108324049759e-06	
1.01573195941433e-05	0.000118011019669719	0.000725425040293645	0.00427966043310912	0.0183435545409956	0.0569710649635412	0.124886105533768	0.19810238999585	0.227419994641982	0.188477556840865	0.112587376922307	0.0488146079971139	0.0150614343709967	0.00352883893938303	0.000589846904841385	6.88931242037545e-05	1.19616633232892e-05	3.1197481610583e-06	
9.16072905534297e-06	8.81874113507629e-05	0.000742075893580332	0.00442206485599126	0.0193541732119618	0.0581358465195097	0.127984772992587	0.201401666069151	0.22794716316315	0.184987951099277	0.109964671605768	0.047254785598331	0.0141250358108403	0.00303756954875392	0.000484378680198955	5.01487549561881e-05	5.36191586900116e-06	4.98613966852346e-06	
1.26108087788439e-05	0.00011684746415931	0.000768054143088425	0.00463191353402551	0.0198497876891193	0.0590898943847419	0.129282183709754	0.202177438631774	0.227650295097609	0.18453962551849	0.108356945998194	0.0460794925063352	0.0140888680041601	0.00290384244880413	0.000411182929269886	4.00804536504133e-05	9.36678047450649e-07	
1.21352388732625e-06	0.000124650684426383	0.000786646634561119	0.00495014440918701	0.0208573733582263	0.0601128516850179	0.130778712459806	0.203957258456495	0.228840640444513	0.182312040497819	0.105437377672708	0.045017103047834	0.0133887312588777	0.00294306924754073	0.000438897362449082	4.97918185769093e-05	3.49743807526847e-06	
2.50652498054263e-06	0.000134015120982015	0.000933823607546306	0.0050184703991015	0.020948643265453	0.0614460729127157	0.131422201745288	0.205372988814191	0.227533185496666	0.182277786787826	0.104665731741142	0.0435950311581736	0.0132864420767002	0.00286519750986135	0.000435174408377461	5.62661990979626e-05	6.46223189772654e-06	
1.35257808205672e-05	0.000101893596627691	0.000975514836907382	0.00514705625924291	0.0217856109525417	0.0637881238761375	0.134535384214688	0.20565631320183	0.227645884636056	0.179544522564553	0.102309163943019	0.0427291144035081	0.0127338681692985	0.00253090845923901	0.000444562182929944	5.332023091265e-05	5.23269168784697e-06	
5.07724981447772e-06	0.000124403449445777	0.00105495102833213	0.00556020425234554	0.0227317075507077	0.0663936116972311	0.138318740102457	0.208637693987761	0.22581694156174	0.17558610955043	0.0989530710882547	0.0412371352514253	0.0124027126536006	0.00273333016673008	0.000399524796644542	3.96526713116067e-05	5.13294176856706e-06	
8.09117237596076e-07	1.75018282470782e-05	0.000124448455121027	0.00108736643162662	0.00599474961334932	0.0236580185332536	0.0681470933312812	0.140917943132614	0.210283710175226	0.225810336981832	0.171853429731893	0.0982445709836032	0.0392733090291527	0.0116152078165655	0.00258291072569482	0.000355961792712267	2.76780335045365e-05	4.95428708558828e-06	
2.09594291503703e-06	1.16675203051462e-05	0.000154794968422248	0.00126060125255434	0.00641963747301835	0.024798725219238	0.0704305416804519	0.143571520915917	0.210733783706949	0.223717622151946	0.171217919244784	0.0955862056638863	0.0384071357988564	0.0110576480520184	0.00229242420836315	0.000283756733389443	4.66386577885751e-05	7.28080919661289e-06	
7.87270179231638e-06	0.000144001957205187	0.00125848562429887	0.00694646554613218	0.0263533289047239	0.0740249729514889	0.148412319517919	0.211097253005746	0.221531862649389	0.169214451196754	0.0926876994890328	0.0359870654965247	0.00998518078553844	0.00204923034789695	0.000253767400390955	4.26055792926555e-05	3.43684587421952e-06	
