# <P(U)> as a function of N_tot.
# number_of_species: 1
# species_total_upper_bound: 511
# species_total_lower_bound: 490
# volume: 729
# Bin widths for each
10	10	10	10	10	10	10	10	10	10	10	10	10	10	10	10	10	10	10	10	10	10	
# Bin lower bound for each
-2640	-2650	-2660	-2670	-2680	-2690	-2700	-2710	-2720	-2740	-2750	-2760	-2760	-2770	-2780	-2790	-2800	-2810	-2820	-2830	-2840	-2850	
# Bin upper bound for each
-2480	-2490	-2500	-2500	-2510	-2530	-2530	-2550	-2560	-2570	-2580	-2590	-2590	-2610	-2620	-2630	-2640	-2650	-2660	-2670	-2680	-2690	
# Normalized histogram for each
2.82277444626494e-06	4.39703092593929e-05	0.000453430644216745	0.00304430297520339	0.0140603843870739	0.0465715815167609	0.109351560244017	0.188309351003591	0.225456369095345	0.199020902025784	0.127617088354781	0.0605609531519797	0.0199348194601315	0.00473003929047409	0.000762293970719725	7.41033167230983e-05	6.02747949412405e-06	
2.65189965594069e-06	4.79148049130679e-05	0.000542983062277251	0.00301843007267249	0.013681022575679	0.0453349074163902	0.108293877405525	0.189041750640369	0.229529628637443	0.200058318885656	0.127408699643162	0.0587209832454522	0.018823562600675	0.00462152544043329	0.000769852637328084	0.000101662027009633	2.22900535864782e-06	
2.6755376935251e-06	6.14229525102357e-05	0.000567966486003624	0.00317831435158155	0.0135438490396153	0.046030016487737	0.110592241621895	0.189944117434771	0.228432800891651	0.199827412856879	0.125774043396042	0.0578140702144349	0.0187368520755321	0.00454389910913484	0.000846055185024389	9.74591008199018e-05	6.80325867465427e-06	
1.92586082186374e-06	5.76878858055989e-05	0.000568309217092947	0.00307482587063364	0.0139673144044518	0.0460763168958254	0.110106576830096	0.188355282540601	0.229275208215564	0.20075981365142	0.12620763510161	0.0574289630516786	0.0189210593386519	0.0042568339424088	0.000802301306949392	0.000121267674582196	1.51650547365481e-05	3.51315707002085e-06	
1.08224155571058e-06	6.29102196635325e-05	0.000527577423002249	0.0031667439490834	0.014252744475859	0.0469243945917734	0.110782044441842	0.188823674804307	0.229717324333103	0.198624809237947	0.125813179107398	0.0573519672428353	0.0186661781185839	0.00440010936510983	0.000745292000579994	0.000126468907951539	1.01739469326315e-05	3.32559247281106e-06	
1.69924174402815e-06	4.5196326799924e-05	0.000450434826327421	0.00318816728632057	0.0142992856965801	0.0479798380587582	0.112625624547982	0.188877157697605	0.229401844132759	0.198936918453126	0.123838986509159	0.0572752159372759	0.0180804533156542	0.00413715876444804	0.000780665817220974	5.96136046899773e-05	2.17397835498859e-05	
4.35331040168614e-06	6.30728876416468e-05	0.000398665621029688	0.00318553815468488	0.0149922127382176	0.0487478731039214	0.114169304163423	0.190777771195278	0.227664638310173	0.19836793129317	0.123518136298575	0.0554454869124303	0.0176816565291692	0.00416206106544069	0.000735260618073773	7.95623036176031e-05	6.30990336500654e-06	1.65591386650724e-07	
4.13077067155235e-06	0.000111048382360053	0.000512607534212128	0.00347224226347143	0.0153901186831148	0.0491949459628863	0.114953765433942	0.191580776070414	0.230174118487939	0.196431851493083	0.121770949860335	0.054588875292714	0.0170107462235926	0.00405181652513989	0.000640054085442463	0.000109549416568917	2.40351411337457e-06	
8.72173577808249e-06	9.57411656626114e-05	0.000542907613978952	0.00349499358167163	0.0161188864407885	0.0510395676538762	0.117030488116095	0.192152399007011	0.23065684876604	0.195683088454502	0.119352130706282	0.0528744797303892	0.0163807106253452	0.0037598727402798	0.000675687112931023	0.000119647413310873	1.38291360585876e-05	
1.90198455138279e-06	1.4663826473246e-05	9.06871409567479e-05	0.000640205412261362	0.00372755762816954	0.0166278735137317	0.052444890730815	0.11725057204234	0.193528976726015	0.23024000000138	0.194567835512512	0.119125152489778	0.0518796864780742	0.0154778111678857	0.0036707007974646	0.000610442157410812	9.04197417681181e-05	1.06226484128249e-05	
1.42834382495481e-06	2.15581263189876e-05	0.000146750532381919	0.00073100749660037	0.00398207674706695	0.0167979324650215	0.0534366115422603	0.120776588907686	0.195810402481382	0.228288577645096	0.193252315898663	0.1166073476477	0.0502919088688845	0.0154381148290982	0.00377547303230239	0.000557778986946842	6.83760628036174e-05	1.57503859616638e-05	
6.1687726118731e-06	3.85932768529513e-05	8.63756325758049e-05	0.000595128492927583	0.00400258504039662	0.017034501663266	0.0541687826254486	0.121041789324778	0.197559172178398	0.227834760556912	0.192308568396963	0.11596948186864	0.0500704577214753	0.0152612187695313	0.00339616991503097	0.000523102519079813	9.89395939688235e-05	4.20365114271685e-06	
1.38292165115794e-05	0.000149321180023166	0.000717053465700867	0.00406605593124402	0.0174491470719052	0.0563110664594437	0.12424940316838	0.198031060574897	0.226955111711767	0.189485502381378	0.113455158537837	0.0493186624185948	0.0155245925601444	0.00358057742029606	0.00061678735120418	6.38978519438755e-05	1.2592317643463e-05	1.80381084933645e-07	
1.16814246020596e-05	8.61192553965121e-05	0.000759033969806888	0.00415882854570505	0.0187011547264949	0.0577121989401612	0.127461368839163	0.20093723647288	0.228242626827037	0.186009837087145	0.110877827937116	0.0471246729395083	0.0143026759359188	0.00305235624851816	0.000502719375300516	5.58510031619504e-05	3.81047208421426e-06	
8.39836189502926e-06	0.000103235379898278	0.000719219146526527	0.00441482287220723	0.0193674337596071	0.0583981396607961	0.128995785922314	0.201492371403264	0.227846721364695	0.18530508176766	0.109353140362488	0.0462825739827262	0.014320722749618	0.00290918914473426	0.000448183044291419	3.3964905376186e-05	1.01617190188966e-06	
2.13532295779623e-07	0.000111301573852171	0.000783915493620238	0.00503968247884278	0.020776709461941	0.0600349039036552	0.13106088733764	0.202727164443104	0.22859953601055	0.182957571512916	0.105178509646815	0.0455864845365442	0.0136621336650076	0.00300246479901954	0.000427282394500942	5.12135858197849e-05	2.56238754935548e-08	
1.26872592475083e-06	0.00011171195844498	0.000970985425662588	0.00503883258213937	0.0208039824768531	0.0612144666605996	0.131232652415676	0.205570200630252	0.227171728999869	0.181850916655762	0.104974365926666	0.0440535431046771	0.013541124610279	0.00294247017400495	0.000446864920997761	7.14886476454719e-05	3.39608454605021e-06	
1.77059719618118e-05	9.49147148615067e-05	0.000915128572926442	0.00511972342388196	0.0216853721679334	0.0641334008709112	0.134385646655528	0.20706557320905	0.226434572640071	0.178767266901665	0.102273835923465	0.0431890924483766	0.0127841195715213	0.00260115511416142	0.000469131791658042	5.61765290842127e-05	7.18349294323985e-06	
4.60102857231488e-06	0.000122593083193507	0.00105534705739916	0.00558721081708476	0.0226898614333663	0.0659108312041092	0.138448893479731	0.208408911523104	0.225164628366194	0.175540226163261	0.099598205149851	0.0415454569864286	0.0126043811941587	0.0028682888945891	0.000402141847943885	4.22500759159044e-05	6.17169509792886e-06	
1.54742209137551e-05	9.97518501566588e-05	0.00108782699915452	0.00560881487170068	0.0235999553758667	0.0680189275690995	0.140739215337241	0.209968257028827	0.225921839688702	0.171750339563642	0.0991419340612756	0.0394472058858185	0.0115708540538016	0.00261322461687997	0.000374325910958371	3.52194126483663e-05	6.8335533133698e-06	
1.7263582349536e-06	0.000112321998007183	0.00117136667623658	0.0062690546790183	0.0244843735401239	0.0702255917101547	0.144351178870899	0.211037927533813	0.222162375619912	0.171200576222721	0.0970099614522905	0.0384498593687709	0.0109659884032734	0.0022277979003118	0.000289919470737006	3.82973223557591e-05	1.68287314087416e-06	
6.54645229971001e-06	0.000122391707138536	0.00125514964759613	0.00682326377543746	0.0263977951479104	0.07416272374772	0.149203337181424	0.211537747474263	0.221192664847124	0.16802305304053	0.0926368556066404	0.0360812456634644	0.00999966676558214	0.00222239884216297	0.000278132937546245	5.22716393784946e-05	4.75552378212666e-06	
