# <P(U)> as a function of N_tot.
# number_of_species: 1
# species_total_upper_bound: 511
# species_total_lower_bound: 490
# volume: 729
# Bin widths for each
10	10	10	10	10	10	10	10	10	10	10	10	10	10	10	10	10	10	10	10	10	10	
# Bin lower bound for each
-2640	-2650	-2660	-2670	-2680	-2690	-2700	-2710	-2720	-2740	-2750	-2760	-2760	-2770	-2780	-2790	-2800	-2810	-2820	-2830	-2840	-2850	
# Bin upper bound for each
-2480	-2490	-2500	-2500	-2510	-2530	-2530	-2550	-2560	-2570	-2580	-2590	-2590	-2610	-2620	-2630	-2640	-2650	-2660	-2670	-2680	-2690	
# Normalized histogram for each
2.69777938855766e-06	4.20232633838157e-05	0.000451414432307458	0.00306222295158765	0.0140424955384057	0.0464379381054223	0.108854500467043	0.187924060606575	0.225816629358853	0.199438950834183	0.127818878425784	0.060572569313148	0.0199799471498724	0.00473986832168174	0.000739220921758297	7.08219534663348e-05	5.76057713917522e-06	
2.53476430294127e-06	4.93942193319004e-05	0.000546094337266231	0.0030160368853175	0.0137217865522392	0.045334171136094	0.10792760714835	0.188844256405355	0.229541657308144	0.200254127384715	0.127681753790116	0.0587582491998955	0.0188843477449547	0.00459203711710106	0.00074664387837768	9.71715790419911e-05	2.13054939748884e-06	
2.5555504262408e-06	6.31952313462672e-05	0.000583085817976692	0.00315736573878876	0.0135914175302378	0.0461342716204852	0.110298687059488	0.189557040770289	0.228480406542342	0.199965621121634	0.125948697131846	0.0579646963402303	0.0187898988725403	0.00453182734410458	0.000831646722592114	9.3088446200584e-05	6.4981594719873e-06	
1.84221526368634e-06	6.24796980412343e-05	0.000562123807708713	0.00305522989540537	0.0139254818289838	0.0461249525571737	0.109819818687239	0.188200593571011	0.229323140964743	0.200894487200686	0.126379483280574	0.0574503115743302	0.0190071358965314	0.0042602447704314	0.000789793013698078	0.00012501407370445	1.45063937087995e-05	3.360570766405e-06	
1.03593754583342e-06	6.12125849450963e-05	0.000538796569890835	0.00318558344686216	0.0142241858266951	0.0471157984661431	0.11072292159284	0.188861472007193	0.229443692059269	0.198729548841817	0.125856002114353	0.0574149385599701	0.0185834907070656	0.00437818243054787	0.000744541315835792	0.000125423936470237	9.99029649463647e-06	3.18330606189298e-06	
1.62695970178902e-06	4.32737735115018e-05	0.000448793479182415	0.00323289472330802	0.0143615674480318	0.0481175805789217	0.112528671967433	0.188928288476258	0.229354861543654	0.198993671751546	0.123865943569179	0.0570836296996277	0.0180498683192071	0.00413966058576361	0.000769073914703929	5.97781894554234e-05	2.0815020514641e-05	
4.16791636361138e-06	6.03868082551662e-05	0.000395355445894436	0.00324151246700759	0.015042744443841	0.0488549471692403	0.114094724539758	0.190749920007505	0.227600091520601	0.198285967550556	0.123562098580684	0.055462947012837	0.0176958631043657	0.00412926196410301	0.000737637754590172	7.61739909577743e-05	6.04118407858786e-06	1.58539361178411e-07	
3.95733499344981e-06	0.000106385874312961	0.000519826281329363	0.0034944010766196	0.0153704005306642	0.0492393820575603	0.114960342221417	0.191903668942246	0.230010031906106	0.196317075445754	0.121744076843374	0.0545694583762719	0.0169942036060161	0.00400106787797596	0.000649196885479149	0.000114222140374026	2.30259950609488e-06	
8.35354445321372e-06	9.16994166889287e-05	0.000536959408479047	0.00353317015911656	0.0160428564277221	0.0508806933387497	0.116780359011108	0.192130937222479	0.230832002024105	0.195828396503266	0.119334903401314	0.0530291326586502	0.0164394087027424	0.00372630311780201	0.000675615058764383	0.000115964670630972	1.32453339282826e-05	
1.82107507889932e-06	1.40400346218995e-05	8.68293552925531e-05	0.000634250305200414	0.00371763186157913	0.0165373851331601	0.0524058827827654	0.117241668369881	0.193369924003564	0.230009446672118	0.194563512770413	0.119238194328491	0.0520536100552581	0.015722270276076	0.00368825102442183	0.000612884676043441	9.22265097780892e-05	1.01707662569819e-05	
1.36647987844222e-06	2.06244080151669e-05	0.000140808980627226	0.000725133011530468	0.00398932926121782	0.0167625635298757	0.0534307338305123	0.120832694428759	0.195743970798399	0.227824687591205	0.193229725789386	0.116663986984579	0.0505318555122914	0.0156122993415089	0.00381883935278047	0.000583577186044754	7.16888993284851e-05	1.61146140619898e-05	
5.89480558590308e-06	3.68792753899227e-05	0.0001002729290904	0.000599249443470547	0.00401986142887826	0.0171008718274582	0.0542630693095769	0.120862603230487	0.197905462904529	0.22751828411321	0.191855236932015	0.115931724908414	0.0502296547265815	0.0154590010984954	0.0034500492728592	0.000560974029915542	9.68928051117795e-05	4.01695893111401e-06	
1.32016036324122e-05	0.000147419273854238	0.000729302503275781	0.00407007899913411	0.0175817235228166	0.0565515249857035	0.124313478687253	0.198053175911836	0.226638792751559	0.189016633126804	0.113310774334649	0.0495325439249947	0.0156903314103517	0.00365080098762099	0.000623947966461465	6.4076976140053e-05	1.20208390839232e-05	1.72194829987985e-07	
1.11462231765162e-05	9.84445947342864e-05	0.000771709378575724	0.00416998306222394	0.0188719090140136	0.0580685282386664	0.127579473054526	0.200869830691708	0.227953573619609	0.185588095484865	0.110731709943373	0.0473664388692608	0.0143236535733601	0.0030504662775686	0.000488109976189323	5.32921083756904e-05	3.63588977418463e-06	
8.0223832568269e-06	0.000119128516801554	0.000741313891981379	0.00442161789780898	0.019475157171009	0.0586832441052898	0.129152029929697	0.201863632666303	0.227869429892495	0.18460335885237	0.109051632597001	0.0463386642199227	0.0142942147841357	0.00290116622857738	0.000443971822159841	3.24443613665775e-05	9.70679824669448e-07	
2.03626893075445e-07	0.00011905249930549	0.000790292262177249	0.00505827121565996	0.0208911621831432	0.0602482536000603	0.131405789488873	0.203146113690743	0.228409544376926	0.182514152252333	0.105071778194731	0.0453759969358877	0.013522137057401	0.00296914481600099	0.000429245490603038	4.88378740352148e-05	2.44352271690534e-08	
1.96553568560733e-06	0.00011996292281991	0.000973384652736067	0.00508408233394101	0.0210828658875569	0.0617118056626422	0.131393051111199	0.205786362525384	0.22678698991051	0.181689975656677	0.104562281951698	0.0439288825311014	0.0134674712754189	0.00290338165888268	0.00043605123733958	6.82432358892919e-05	3.24191051879217e-06	
1.69084654987041e-05	9.06395980416378e-05	0.000930760722207457	0.00516924812106604	0.0217838235566575	0.0644381701290286	0.134929140892835	0.207039596206372	0.22649277359243	0.178508982547247	0.101764118865847	0.0429954529574462	0.012740897916028	0.00257605421087707	0.000462926037296935	5.36462446628751e-05	6.85993645832742e-06	
4.3851064423775e-06	0.000117982956637029	0.0010338722340336	0.00552298868255688	0.0228265942972781	0.0663570944231018	0.138708478843714	0.208948865700896	0.225437451689846	0.174876169658499	0.0991667943859427	0.0411447337452657	0.0125206016104072	0.0028555137895184	0.000430130941759738	4.24598710997554e-05	5.88206300155646e-06	
1.47198518610441e-05	9.61424776477518e-05	0.00106397375830557	0.00568178932118315	0.023742582072545	0.0682711833286053	0.140797718627937	0.210223616149774	0.22600738460465	0.171511034564433	0.0986185037251392	0.0393428525682993	0.0115617637879362	0.00264114157518405	0.000385043559083623	3.40496101717745e-05	6.50041724349023e-06	
1.63975653407148e-06	0.000109008701378374	0.00117060029871738	0.00632250881031479	0.0243928116823921	0.0700710716328964	0.143978074877338	0.211209418622751	0.222590910900574	0.171398162117095	0.0967892563383188	0.0382987277310788	0.0109666462658099	0.00231665794422203	0.000313875008909722	6.10592464563694e-05	9.57006521270432e-06	
6.20741989717223e-06	0.000116106780267892	0.00123492620715264	0.00673986484237603	0.0262973799201928	0.0741230235689427	0.148781591671245	0.211498918089166	0.221250585145157	0.168369377195094	0.093027613699169	0.0359425109987052	0.0100678168042993	0.00220378656982828	0.000279882093809885	5.58997534166334e-05	4.50924127988474e-06	
