# <P(U)> as a function of N_tot.
# number_of_species: 1
# species_total_upper_bound: 511
# species_total_lower_bound: 490
# volume: 729
# Bin widths for each
10	10	10	10	10	10	10	10	10	10	10	10	10	10	10	10	10	10	10	10	10	10	
# Bin lower bound for each
-2640	-2650	-2660	-2660	-2680	-2690	-2700	-2710	-2710	-2720	-2730	-2750	-2760	-2770	-2770	-2780	-2790	-2800	-2810	-2820	-2830	-2840	
# Bin upper bound for each
-2480	-2490	-2500	-2510	-2520	-2530	-2540	-2560	-2570	-2570	-2590	-2600	-2600	-2610	-2630	-2640	-2650	-2650	-2660	-2670	-2680	-2690	
# Normalized histogram for each
1.12075651591001e-05	3.58852555798415e-05	0.000315092187923682	0.00291861483615031	0.0143488755427075	0.0472493057097546	0.111601005067784	0.190562598723916	0.226666971849192	0.200192685932454	0.123904561356245	0.0585444442222809	0.0181330862407231	0.00441674533009349	0.000911969574354565	0.000162869248931773	2.40813567503042e-05	
7.12617614538641e-06	9.16877811973232e-05	0.000557570366226892	0.00351800266123873	0.0143803588756418	0.0449483383979749	0.109045223631049	0.190940280597772	0.23326285239382	0.201386637460163	0.122484856699301	0.0563823233013472	0.0179476803203026	0.00413895013362991	0.000732743770434398	0.000170357943594411	5.00949016160827e-06	
9.30471353262438e-06	9.15022017585628e-05	0.000516007811605464	0.00359277812376877	0.0140852120047377	0.0456584224212838	0.109354154918003	0.188659439724926	0.233088165250589	0.201958192763398	0.122712159670008	0.0556418006917019	0.0190793150986463	0.0044258659940775	0.000942444588411966	0.000185111131109418	1.22892442883718e-07	
3.3405328703182e-05	0.000442568081215427	0.0030008770124347	0.0133468819837359	0.045889047107046	0.10979566443654	0.18736933316591	0.228855214792412	0.20186267622624	0.126921830620417	0.0563551221749124	0.0206239211987205	0.00435198949742068	0.000944278300983973	0.000206664832291594	5.25241017345629e-07	
2.17798462230445e-06	3.5480072073024e-05	0.000499496182976563	0.00304960001663699	0.0143533226420049	0.0482448359633317	0.111406864248748	0.187816659643252	0.226506554117789	0.198344159087866	0.126974448446472	0.0576758957945365	0.0191924707493152	0.0046723039466065	0.000939115353231869	0.000269244566736329	1.73711838020895e-05	
2.99767306072104e-06	7.12169073301479e-05	0.000489915561758078	0.00305831829264178	0.0136016665785102	0.0486292102273794	0.11252046089241	0.188248990342916	0.227114406919609	0.198954230711774	0.125024571163357	0.0577839263777172	0.0188723917539371	0.00439428716593993	0.00108529954966437	0.000115561183376317	3.25486986178882e-05	
9.21475651820389e-06	0.000102251776962618	0.000345731260485121	0.00305613270330964	0.0147595316783227	0.0507542384944781	0.116052173453311	0.189838179980988	0.224461933823034	0.193836637167468	0.126630144684841	0.0562959183502839	0.0184447049322892	0.00437467897335943	0.000860245551558502	0.000155547936284121	2.27344765063023e-05	
4.4327065586734e-06	9.79450841204476e-05	0.000559868569186686	0.00330796932730185	0.0155860345700401	0.0516088144972767	0.1157367093583	0.190416999067944	0.228985092293649	0.193569575434125	0.121450432650777	0.0557150433524907	0.0179713094309148	0.00412170786651688	0.000776893882299336	9.11719084987946e-05	
0.00012652694351296	0.000669180250205746	0.00389107127238447	0.0164271105820496	0.0538791567552565	0.118369030656332	0.190515583559225	0.229592204494055	0.192931541018949	0.118071934262704	0.0534255632456155	0.0172867635962187	0.00419656853045043	0.000553854459277208	6.39103737649156e-05	
0.000112751274395964	0.000795479311976966	0.00423592599951705	0.0176378747037115	0.0512892999504008	0.117727391301961	0.19191789026574	0.225847450769614	0.192521232565705	0.123540034972501	0.0533167018965385	0.0163296676158021	0.00397395663007793	0.000641395409486749	0.000112858215218977	8.91173525102469e-08	
8.74220614704549e-05	0.000668420129466266	0.00485371312127842	0.0179019276915105	0.0544586950174692	0.120501433385639	0.193328972237446	0.2254388455355	0.190662716212978	0.118636878832142	0.0518351163472945	0.0162546249605248	0.00448182330313338	0.000786259243786405	0.000103151920361396	
3.67375533435486e-06	5.86381044671907e-05	0.000558357567991006	0.00463329763342361	0.0183364405257879	0.054290578854993	0.120314688557658	0.198100388079896	0.224157127828974	0.191368382284378	0.11715967812508	0.0506136821936132	0.0154882507802648	0.00400849301242862	0.000790123611040959	0.000118199084670548	
3.57207250128394e-08	6.69227783115545e-05	0.000522576346575334	0.00440534771402095	0.0187924412445422	0.0599677209668422	0.125460812980483	0.19692619589192	0.221538329097004	0.188199283424396	0.113875081588368	0.0498134619088923	0.01584417762452	0.00366226733194136	0.000863852153348001	6.11003001344617e-05	3.92927975141233e-07	
7.20882801559764e-06	7.55160072026086e-05	0.000781415754455444	0.0044711342271055	0.0208977916815496	0.0609065751437631	0.132201530844101	0.200009498691032	0.222800667848443	0.182215655199777	0.110352085521012	0.0473561517240619	0.0143570524035151	0.0030157107218878	0.00045797260334385	8.05869229880903e-05	1.34458777447789e-05	
4.49574316161884e-05	0.000603605610736908	0.00464348818531587	0.0209243647012541	0.0633881421401422	0.13308017790641	0.200807418520085	0.222298960245499	0.182173198805488	0.106827933765095	0.0461972396242936	0.0151212890937844	0.00355954791046916	0.000291252111970704	3.8423947838502e-05	
6.33091255474941e-05	0.000708148835438038	0.00527987361528526	0.0216347788063327	0.0642565775047329	0.133557253621121	0.198181543421679	0.224321567948726	0.18167260094949	0.106086698722277	0.0460381453689276	0.0142938215379687	0.0034839719203343	0.000390045104752157	3.16635173883931e-05	
0.000140409964497003	0.00100855515638892	0.00552146646968314	0.0224871600290822	0.0637206175939184	0.131134524155753	0.200964076776004	0.22449242711332	0.181720926069541	0.105859118491591	0.0450253326336061	0.0142546116093624	0.00324406305777652	0.000320118240271774	0.000106592639204192	
4.60441769989127e-05	0.0009120887836491	0.00543386762628253	0.0225506046209172	0.0663864837796203	0.132745433070613	0.203392755095623	0.223612961637556	0.178859472640929	0.104442491548452	0.0459227138048618	0.0125598676051185	0.00261581181104277	0.000445878219770025	5.78295043937152e-05	1.56960741729576e-05	
5.98821539326985e-05	0.00124065980290976	0.00597084705408181	0.0227492195023998	0.0675161407011493	0.137238796882392	0.204985916737583	0.22123034297351	0.17774684684717	0.10071775963871	0.0434584404560527	0.0136501316006424	0.00291407324014899	0.000438249716843984	5.67210084341517e-05	2.59716840391968e-05	
0.000134570720126975	0.00128578131890458	0.0061125848372165	0.024018891100333	0.0697522243998712	0.142222694065625	0.202855176812312	0.221214475674419	0.173321004412826	0.101057795019373	0.0431482103940882	0.0115869318704997	0.00271674259269927	0.000489328322829527	6.39993940063038e-05	1.9589064869822e-05	
0.000142863586851166	0.000959405127492161	0.00624282598695719	0.0248597162048543	0.0711447258585717	0.14386834195228	0.206175538242845	0.218777953367233	0.17059396010956	0.101393363046254	0.0418878121703877	0.0109090701939216	0.00259848274551719	0.000358722759321751	8.00140339179453e-05	7.20461403588758e-06	
9.3717474414443e-05	0.00104221030594609	0.00654332029489666	0.026413298849162	0.0765148536352361	0.147225309648028	0.206877678861405	0.219124480258584	0.164294488321515	0.0950115771046002	0.0407343716880679	0.0121290190713854	0.00341555756831969	0.000455172655382125	0.000104645922727669	2.02983403305089e-05	
