# <P(U)> as a function of N_tot.
# number_of_species: 1
# species_total_upper_bound: 511
# species_total_lower_bound: 490
# volume: 729
# Bin widths for each
10	10	10	10	10	10	10	10	10	10	10	10	10	10	10	10	10	10	10	10	10	10	
# Bin lower bound for each
-2640	-2650	-2660	-2670	-2680	-2690	-2700	-2710	-2720	-2740	-2750	-2760	-2760	-2770	-2780	-2790	-2800	-2810	-2820	-2830	-2840	-2850	
# Bin upper bound for each
-2480	-2490	-2500	-2500	-2510	-2530	-2530	-2550	-2560	-2570	-2580	-2590	-2590	-2610	-2620	-2640	-2650	-2650	-2660	-2670	-2680	-2690	
# Normalized histogram for each
4.34315706751584e-06	3.15915399840589e-05	0.000483171126158946	0.00316499245211637	0.0145232453616561	0.0469262284594277	0.109698237786789	0.188757541503131	0.22545577780142	0.200033736610986	0.126930240204385	0.059132192223075	0.0192894626302838	0.00465015506192203	0.000814943467217867	9.48086039667895e-05	9.33201041267489e-06	
2.75618036436118e-06	6.24506808301045e-05	0.000544024977215974	0.00337855863733133	0.0144992006292387	0.0457258372677296	0.10766750479792	0.189146479641	0.230391429392455	0.200508744504106	0.126896447376975	0.0574334706327311	0.0183291110901487	0.00450110177968954	0.000795574191064304	0.00011385617351689	3.45204768407613e-06	
3.60910883503306e-06	5.73848304770256e-05	0.000551029203437811	0.00339304578932218	0.0141470120501198	0.0462288980173163	0.110535032271153	0.189197241311608	0.229589127610026	0.200563394146499	0.124168461324408	0.057315011245166	0.0185248133995397	0.00465655393463139	0.000931122840881283	0.000129798534914274	8.46438166404922e-06	
8.2170250225593e-07	5.58078608556961e-05	0.000573616255872346	0.00309832096230789	0.0140240101878615	0.0461659833214357	0.110287286820576	0.188715334077651	0.229604778549104	0.200352909680138	0.125864144964457	0.0571170977880509	0.0188394245336232	0.00427226220084078	0.000860831839594762	0.000138521385462946	2.34219167791794e-05	5.42595288679742e-06	
8.38180194803757e-07	7.1164202345919e-05	0.00053313668003679	0.00315233487699763	0.0142457308694378	0.0470025496697979	0.110663937470838	0.188058170976309	0.230024487907557	0.199067769227822	0.126026861147184	0.0572103001341447	0.0184248500041054	0.00452046125948376	0.000792837350071954	0.000183743969639924	1.56956000994704e-05	5.130473934323e-06	
1.14078259643671e-06	4.9559916112653e-05	0.000474032294880286	0.00312999693574994	0.0142941814383669	0.0474990822269008	0.111810201586748	0.188442036245633	0.229923902038096	0.199721007778146	0.123800778452493	0.0575360520207664	0.0182918616670823	0.00410868040040659	0.000803954722001238	8.00235365725281e-05	3.35079574479991e-05	
3.47913669857196e-06	5.25027250438939e-05	0.000397843983017783	0.00298176791323866	0.0150380444941285	0.0490661976951592	0.114117067308064	0.190223108708044	0.226402973627539	0.199295756910704	0.124029732245505	0.0555782147206304	0.0177306880879397	0.00418024319165523	0.000803371619284922	8.90269438987864e-05	9.72546320373012e-06	2.55226244296785e-07	
1.66128535362256e-06	6.94550180642521e-05	0.000509934861865153	0.00328769035996047	0.0153947393086768	0.0496796819225978	0.115421248771322	0.1906671221601	0.230075967190199	0.196712140853448	0.121962878817998	0.0547224205815393	0.0167244520411406	0.00401827714249377	0.000646990903539014	0.000105172653167137	1.66128535362256e-07	
3.49794480144869e-06	0.000114396733686847	0.000545825413287156	0.00351771781390318	0.0163159942709638	0.052013085154393	0.117783142502634	0.191177325650085	0.229398425975284	0.194786899361725	0.119978657093989	0.0533864234182134	0.0164776696779347	0.00376053624781475	0.000603810319900924	0.000123616174539242	1.29762468440838e-05	
2.93682157590245e-06	1.87263997084755e-05	0.000104273814592927	0.000603340358175026	0.0038152908379025	0.0168249708948329	0.0526567779910729	0.116883440947977	0.192467006041595	0.229412447888066	0.194664241380362	0.120385444179946	0.0523164196828579	0.0155892882329884	0.00355634442031204	0.000580538369340808	0.000107596884811465	1.09148538841363e-05	
2.21651358667249e-06	2.0334681703557e-05	0.000147621136111779	0.000641863728758004	0.00408070135601842	0.0174652018516022	0.0537627018792088	0.120350856927782	0.193064044416163	0.227680754869179	0.195217450599487	0.116855621343705	0.0508112842427137	0.0154695808171439	0.00378106599380325	0.000555479604650389	7.36042259502235e-05	1.96158124322037e-05	
9.49765664067766e-06	3.83918433598584e-05	0.000105697605412528	0.000531980586395187	0.00406633223909235	0.0175194668910078	0.054431037321101	0.119654477619249	0.197247583051926	0.226595289453024	0.194184759795746	0.116298358307029	0.04991949256099	0.0151966189552587	0.0035462368781471	0.000550403672441266	9.90742395973183e-05	5.3013235819849e-06	
2.12393658057292e-05	0.000148207239220164	0.000700417558016449	0.00418362078154534	0.0181050356557502	0.0574586122594147	0.124031570668251	0.196510880095997	0.226033189609227	0.190434238174291	0.113350207855558	0.0490309110606174	0.0154327078845803	0.00376556146329468	0.000702376592688592	7.19961732203522e-05	1.89505273167267e-05	2.77035206161685e-07	
1.7854740185134e-05	8.593993762911e-05	0.000807376856548732	0.00422959029590786	0.018724740401631	0.058163819046438	0.127388662814497	0.200006770306647	0.227634615484203	0.186438623816713	0.111549894096355	0.0472377063228879	0.0141841350263211	0.00299192078936241	0.000474448542513606	5.80773190892828e-05	5.82420307146069e-06	
9.4204820211438e-06	6.22769538599991e-05	0.000657000334420588	0.00450291211955255	0.0194290265418623	0.0593575634437334	0.12969995040612	0.200820323048553	0.227152651415215	0.184899362667205	0.109661528278666	0.0460710565169097	0.0142669285882513	0.0029175898255193	0.000456019178170327	3.48375166155872e-05	1.55268332481456e-06	
3.27343437264264e-07	9.8131015623081e-05	0.000699205581996467	0.00475911529701022	0.0205611221689179	0.0608117687769564	0.130523383660597	0.200677796011826	0.228501137086351	0.183510531319251	0.106068334539965	0.0466233686446992	0.0138822292685152	0.00287818681275227	0.000367017461860692	3.83450102411358e-05	
1.56673221356393e-06	0.000138116002406659	0.000889436510803626	0.00492094131009279	0.0212374567122751	0.0621705608146923	0.130413347800109	0.203323324723196	0.226930582400839	0.182337591847537	0.105591569843164	0.044677923238258	0.013860893059217	0.00303834798278422	0.000401985305131434	6.63557172803546e-05	
1.16375550710865e-05	9.44334339625729e-05	0.000881507224517084	0.00506314670680911	0.0214379446684636	0.0646084255454384	0.134194529397725	0.204736474459082	0.226545043565295	0.179179508326432	0.103072694833941	0.0439897817431108	0.0129374915356553	0.00271074008067668	0.000475264419169234	5.5580597099754e-05	5.79590755084432e-06	
5.19639399461823e-06	9.08776954805639e-05	0.00102063097996828	0.00565808373446919	0.0227868059715092	0.0666150807260136	0.139584904022899	0.208327940978278	0.223238848836129	0.174709133326137	0.0990939442454419	0.0423951290239305	0.0129837758120923	0.00304399498033602	0.000396478284075454	3.96636149209468e-05	9.51137432432654e-06	
9.94336039778519e-06	0.000120847529728135	0.00115063984730807	0.00575009193641602	0.0236484249373344	0.0690648491684785	0.142749341265596	0.20956523238453	0.222069140310283	0.17111704768513	0.0998340556285529	0.0402373614996999	0.0115744152894187	0.00265576313730792	0.000419102062723669	2.65905555318431e-05	7.15340156276834e-06	
7.94748147982563e-07	0.000107890428665531	0.00107736193643592	0.00635031384368633	0.0245104774039328	0.070829578120271	0.145303406521578	0.211103825096569	0.221828904207517	0.169296597173327	0.0972743041375484	0.038651054032374	0.0109904509056825	0.00232530511307485	0.00029530955335969	5.18202733099817e-05	2.60650451923095e-06	
1.02143025792213e-05	0.000103485942067569	0.00110105569768312	0.00658257541987363	0.0263443141291151	0.0749613898006024	0.149874848342023	0.212338496344514	0.220498652485254	0.166478298920629	0.0923323848546282	0.0365071653807362	0.0102101856591246	0.00227964785425446	0.000289927484962797	7.99374304108247e-05	7.41995154161227e-06	
