# <P(U)> as a function of N_tot.
# number_of_species: 1
# species_total_upper_bound: 511
# species_total_lower_bound: 490
# volume: 729
# Bin widths for each
10	10	10	10	10	10	10	10	10	10	10	10	10	10	10	10	10	10	10	10	10	10	
# Bin lower bound for each
-2640	-2650	-2660	-2670	-2680	-2690	-2700	-2710	-2720	-2740	-2750	-2760	-2760	-2770	-2780	-2790	-2800	-2810	-2820	-2830	-2840	-2850	
# Bin upper bound for each
-2480	-2490	-2500	-2500	-2510	-2530	-2530	-2550	-2560	-2570	-2580	-2590	-2590	-2600	-2620	-2630	-2640	-2650	-2660	-2670	-2680	-2690	
# Normalized histogram for each
3.89239775727433e-06	5.69841704174447e-05	0.00043137356633526	0.0029534974773783	0.0140466213156711	0.0463250239564762	0.108166120970148	0.18688765803214	0.226694064485324	0.200371809558636	0.128343744897991	0.0605775328024496	0.0196388681308216	0.00462882676016066	0.000785545135749936	8.38646897454821e-05	4.57165279789363e-06	
2.44233928459472e-06	5.73398451466684e-05	0.000548727817708206	0.00304586437536262	0.013787222432609	0.0452507768752167	0.107627210085264	0.187922826021097	0.22935193663055	0.200924082957144	0.128247035368464	0.0589734527241881	0.0189033686123285	0.00450226035827915	0.000761441870913415	9.2321093176363e-05	1.69059326676461e-06	
2.7072636182945e-06	6.94386445544576e-05	0.000548924371157173	0.00316957222400873	0.013778874908584	0.046043229198705	0.109673696383386	0.188784593669571	0.228697881216141	0.200474191225832	0.126668940501381	0.0581685861732512	0.0186108636954448	0.00441526023154772	0.000794758577599694	9.09967314459505e-05	7.48498377225512e-06	
2.17229340600437e-06	6.6570281796908e-05	0.000552022799911082	0.00309159396062925	0.0139523969562612	0.046572338902037	0.110015359082069	0.187981271854364	0.229892900195691	0.200840915132287	0.125931906363249	0.0572751884711457	0.0186413873735242	0.00427889412340043	0.00077717717405877	0.000113730070901454	1.15088171387236e-05	2.66614812810674e-06	
8.23359120941001e-07	6.38286657804789e-05	0.000553100656445893	0.00321698408927501	0.0142602599646754	0.0474643432498973	0.111130280600388	0.188811596912549	0.229562489897184	0.199119709762643	0.125262273214397	0.056862124255065	0.0184104266145616	0.00438701406794727	0.000772357523570972	0.000111916838568717	7.94024868858893e-06	2.53007924208186e-06	
3.13798732215186e-06	7.63066673215953e-05	0.000448126552186877	0.00321047050333014	0.0145463016235477	0.0485566567753956	0.113020816173332	0.189006317314216	0.229694908467156	0.199097685222555	0.123346994049235	0.056310643414418	0.0177646387250004	0.00410368877797133	0.000733586896241464	6.32023257790354e-05	1.65185249916881e-05	
3.55371143092935e-06	6.06378872349181e-05	0.000423810666585521	0.00321359645365384	0.0151292437740091	0.0491662951660814	0.114728214877029	0.191038038943686	0.228350504839419	0.197834814534032	0.122816799283188	0.0547488650809323	0.0174935065014489	0.00416959772102304	0.000748735593605098	6.79800203401219e-05	5.67932673333639e-06	1.25619566860758e-07	
3.28685735620015e-06	0.000101479260650108	0.000540684754798161	0.00355778690671975	0.015689971044066	0.0497346425255763	0.115560702093332	0.192232134582887	0.23016373138769	0.196058823816727	0.121121070810103	0.0537143412019113	0.016801269981325	0.00394321849603727	0.000676249579109223	9.87762961176635e-05	1.83040559357254e-06	
6.61393644115409e-06	8.07115598462691e-05	0.000523982343993888	0.00365501724490118	0.0163484958092718	0.0511754490470478	0.117171525641679	0.192915947436427	0.230692944731275	0.195447127342099	0.118941629733389	0.0523002358956525	0.0162537047547322	0.00369937010037459	0.00067935274928172	9.74046525117572e-05	1.04870210764032e-05	
1.43859967060374e-06	1.10912446259698e-05	8.31190920793269e-05	0.000606113683893846	0.0038051646334931	0.0170392311969388	0.0531601397644271	0.117975177944585	0.192889733850351	0.229452044594776	0.194744708630606	0.118627959671308	0.0515126104042471	0.0157393405889059	0.00367528289679222	0.00059122858117964	7.73842661815461e-05	8.23035593862409e-06	
1.07953479402885e-06	1.62935191435105e-05	0.000117319173156486	0.000706962374393533	0.00399518969669689	0.0170348418460779	0.0543699432304746	0.121608793811331	0.195374158395647	0.227506164662369	0.192982962892103	0.116215519026519	0.0500999811311582	0.0155872181057475	0.00374810914455964	0.00055893319191622	6.37995337732363e-05	1.27307301385924e-05	
4.65580748579106e-06	2.9127814976895e-05	8.99660639030664e-05	0.000613538054476243	0.00405956749721597	0.0174474966862919	0.0549413850119968	0.122271528749639	0.197772292200503	0.22724313765816	0.191204343935448	0.115308517163652	0.0498638755062098	0.0151103522617798	0.00337200081401829	0.000571526162828142	9.35159558988115e-05	3.17265551663324e-06	
1.03728898300558e-05	0.000118408792386137	0.000715500679274489	0.00423724818211321	0.0182653156692813	0.0568084100478602	0.12472109852202	0.197875730093193	0.227554935621835	0.188838997329023	0.112638328002522	0.0488541398797659	0.0151192246266141	0.00356534263267417	0.000591190292426035	7.03552527603782e-05	1.22155274023514e-05	3.18595901923141e-06	
9.36304193942739e-06	8.8827866341579e-05	0.000737798667764683	0.00438699343018166	0.0192872402559111	0.0581249187491455	0.127978817823358	0.201413952952273	0.228195761215681	0.185155503456462	0.109803471879856	0.0470781817519941	0.0141299760569815	0.00305967814767646	0.000489598982075642	4.93391320675721e-05	5.48033271738977e-06	5.09625757406269e-06	
1.29043266766433e-05	0.000118186890919136	0.000766473553529773	0.00459631413068564	0.0199220024028693	0.0591425994744032	0.129278394525146	0.202136171822576	0.227804158749787	0.184408093455671	0.108263029194168	0.0460569253141023	0.0141274677056685	0.00291958234480568	0.000412456019057841	3.42816106066805e-05	9.58479327307003e-07	
1.24200623292229e-06	0.000121560563889428	0.000788654850117458	0.00496219705628854	0.0209226427372956	0.0601834724727439	0.130872648929174	0.204071999598125	0.22880556967568	0.182206078603976	0.105340529351846	0.0449410274103578	0.0133575700340405	0.0029313353414727	0.000439364481843312	5.05273612603721e-05	3.57952565590938e-06	
2.56481718643392e-06	0.000129971951814773	0.000927222780914999	0.00503029384814565	0.0209066427005397	0.0615253597238044	0.131573874259176	0.205427543298736	0.227418731356965	0.182298836543237	0.104599453247801	0.043507888119123	0.0132845183494643	0.00286121267923295	0.000441699068936676	5.75747361714007e-05	6.61251875112865e-06	
1.32118615928549e-05	9.60871306296093e-05	0.000975325742203823	0.00515213469718586	0.0217582909003978	0.0638243605483555	0.134489273380547	0.205588754390539	0.227624598988857	0.179722084877785	0.102408733796201	0.0426565840721074	0.0126499802650987	0.0025357201364325	0.000444879642714492	5.4619382703091e-05	5.36018664911653e-06	
3.41650662356206e-06	0.000113530705259035	0.00104939363742197	0.00551347155025335	0.0227441187873081	0.0663001855863512	0.138316687503501	0.208743898996274	0.225749313509566	0.175687980401676	0.0990634445755391	0.0411388598391627	0.0124012186279794	0.00273038145153834	0.000398222687616487	4.06177633465411e-05	5.25787058301434e-06	
1.1814646646139e-05	0.000120279223775548	0.00106292926483065	0.00593979925544518	0.0236007321969454	0.0680430557858604	0.140748752625483	0.210379287584203	0.226019370804968	0.172134587787393	0.0982895362851931	0.0391794946599551	0.0115342384729871	0.00254316166817531	0.000359530600326935	2.83538767595144e-05	5.07526105252383e-06	
7.62057960002663e-06	0.000148717253538474	0.00123655338100703	0.00636454317337271	0.0246972806886087	0.0705933615179257	0.143671463582107	0.211028275403701	0.223791873377841	0.171183437232603	0.0955535683070878	0.0381752548558874	0.0109420733140212	0.00226037470731306	0.000290335708497718	4.7804159942348e-05	7.46275694558821e-06	
8.07275889324885e-06	0.000144156408808015	0.00126559984953872	0.00695413415324903	0.0263401591548604	0.0743097520551002	0.148644563165041	0.211280155555686	0.221561567807348	0.168840170558518	0.0924688272315947	0.0358219462763243	0.00999308332718481	0.00206038325722433	0.000260216008730589	4.36882506425542e-05	3.52418125666969e-06	
