# <P(U)> as a function of N_tot.
# number_of_species: 1
# species_total_upper_bound: 511
# species_total_lower_bound: 490
# volume: 729
# Bin widths for each
10	10	10	10	10	10	10	10	10	10	10	10	10	10	10	10	10	10	10	10	10	10	
# Bin lower bound for each
-2640	-2650	-2660	-2670	-2680	-2690	-2710	-2720	-2720	-2740	-2750	-2760	-2760	-2770	-2780	-2790	-2800	-2810	-2820	-2840	-2850	-2850	
# Bin upper bound for each
-2480	-2490	-2500	-2500	-2510	-2530	-2530	-2550	-2560	-2570	-2580	-2590	-2590	-2600	-2620	-2630	-2640	-2650	-2660	-2670	-2680	-2690	
# Normalized histogram for each
3.11737017649233e-06	5.45873118159092e-05	0.000446143939493173	0.002942466776034	0.0138820680675351	0.0462124688364317	0.108813512697302	0.18613950392075	0.22626339946503	0.20160264667448	0.128981204385861	0.0600398189239399	0.0192075763412756	0.00454702973982882	0.000777281186427249	8.35129870121558e-05	3.66137660592298e-06	
1.95073353865564e-06	5.18985853074897e-05	0.000511772675571496	0.00299570493573826	0.0139899937937052	0.0457781014554418	0.108153598922849	0.187520281724564	0.228466512273713	0.201436390484774	0.128612065015809	0.0585930758390147	0.0186343968052098	0.00444373097232557	0.00072264937282409	8.63126204846486e-05	1.56378912948318e-06	
2.16343164230484e-06	6.01258151131692e-05	0.000517662299889134	0.00312059294886846	0.0138331444447028	0.0463046974300838	0.10965501149042	0.188559029596041	0.22810943748803	0.200856987494281	0.127143574763486	0.0581078076406922	0.0185175654303723	0.00437021717584562	0.000751787167051567	8.42139745689303e-05	5.98140891253001e-06	
1.73367069091403e-06	5.66811781649987e-05	0.000533970572801521	0.00312874031628742	0.0141710322167971	0.0466010042576422	0.110247650490732	0.188945309291498	0.229484687105955	0.200267459848793	0.125937825631658	0.0570757600163976	0.0185048414378528	0.00416974432051013	0.000761259860248726	0.000100986983517897	9.18499264663976e-06	2.12780780651353e-06	
1.73507877496178e-06	6.8544939991501e-05	0.000537767810175175	0.00325163090808349	0.0144500318808065	0.047645492372086	0.111443589991738	0.189297475479306	0.229593312753735	0.198233941406838	0.125197290250451	0.056832731820257	0.0183652011556115	0.00424934917821485	0.000730622748850228	9.29106698850503e-05	6.348629250321e-06	2.02292594500153e-06	
2.92487857738189e-06	6.95471128399695e-05	0.000471622019571705	0.0032425182598265	0.0145930316888298	0.0485626087800769	0.113007041852953	0.189273381285554	0.229552587424174	0.19830154378794	0.123563448084374	0.0564484223941501	0.0180297506981343	0.00409906548824179	0.000705836066964898	6.34469562441548e-05	1.32232215465608e-05	
9.61537695332266e-07	1.07681597151298e-05	5.61649573696154e-05	0.000443762927303235	0.00320627135071875	0.0151161083328929	0.0493163095120781	0.114645557815376	0.190967453011486	0.228181426757257	0.197440450403381	0.122727808068576	0.0551067771673578	0.0177442591285653	0.00421825790087821	0.000735871173073332	7.56321114278755e-05	6.0587499531848e-06	1.009348961951e-07	
5.28353945407004e-08	6.86067598110995e-06	8.81637811003398e-05	0.000513425304679529	0.00350316365662015	0.0155865549856049	0.0501394447583337	0.11539520949086	0.192077399689573	0.229621847993584	0.196124530150687	0.121278998653458	0.053927702920356	0.0168955228258837	0.00407800218214406	0.000664986275689256	9.60468219658123e-05	2.08699808435767e-06	
7.52617643568396e-06	8.11277161826275e-05	0.000552944110976306	0.00359728904655465	0.0163352126305349	0.0512529515483622	0.116990501182511	0.193050536732753	0.229644293409772	0.195570607955128	0.119599168504875	0.0523416412093639	0.0163647998295559	0.00382007437680159	0.00068229977591381	9.84471162665592e-05	1.05786780127397e-05	
1.15952375493442e-06	1.0083386848466e-05	7.99466650624397e-05	0.000619727322081729	0.0037273193472507	0.0168670767191399	0.0527092022750014	0.118098086033823	0.193063053166452	0.22923708385192	0.194569329739528	0.119068355003369	0.0516315340609709	0.0158513733494008	0.0037418909587016	0.000629884329486063	8.82605292644865e-05	6.63373794489691e-06	
8.7160757180417e-07	1.38802851449775e-05	0.000126995578908008	0.00070294758049983	0.00394081528078314	0.0168962645909529	0.0541034381463687	0.120990605824061	0.195094671109091	0.228792590299133	0.192990670631879	0.116218768998526	0.0501190451044355	0.0156159097121347	0.00375374683286469	0.00055760374610129	7.02992076982475e-05	1.08754638463854e-05	
3.76699099789587e-06	2.46628344142019e-05	9.9590476686754e-05	0.000670620920247988	0.00407796862662591	0.0176417292862615	0.0546831309043068	0.1219392099219	0.197645082795214	0.227191207989099	0.191206439519805	0.115229838951352	0.0502294101430798	0.0152875477403826	0.00342518091306879	0.00055889989775776	8.31451087845826e-05	2.56698001518666e-06	
1.09688852819693e-05	0.000124310561754784	0.000754476015321666	0.00424372450689361	0.0184263760153506	0.0566953821912027	0.124458273299428	0.197812377287549	0.227832412022907	0.1889413661687	0.112665487524083	0.048814531018931	0.0151571639353227	0.0034193006938066	0.00056324041293716	6.79899051159139e-05	1.00446141509227e-05	2.57494126367614e-06	
8.84527213005312e-06	0.000101463696642526	0.000801030556891186	0.00444612781401012	0.0191588620421504	0.0579803701526494	0.128068073673401	0.200580829450513	0.227540024230359	0.185690895024316	0.110173143893463	0.0474738380143899	0.0143868755505895	0.0030851505785374	0.000451145397007767	4.47767447314927e-05	4.42915720342972e-06	4.11875101543907e-06	
1.11995282448221e-05	0.000110097319568141	0.000797572482783343	0.00458334568878802	0.0196883167937086	0.0585253538610603	0.128659455846667	0.202104974413462	0.227827840975601	0.18497390472527	0.108929427708413	0.0461324634041103	0.0142746123448854	0.00293311596088248	0.000405743719449357	4.18016009322051e-05	7.73626173945807e-07	
2.16188900491313e-06	0.00012606209271438	0.000765682335755591	0.00493537357489675	0.0207737022482427	0.0602051507951207	0.129898538683882	0.203768909999965	0.228672639652483	0.182551865901019	0.106039810518649	0.0452957051750693	0.0135429436665657	0.00294711079755103	0.000429388776851876	4.20576309156044e-05	2.89626131289911e-06	
2.37451074487359e-06	0.000149975334834022	0.000908082959482026	0.00510476028496344	0.0210202301748216	0.0618312193384379	0.131326594470122	0.204980466751808	0.227079505148355	0.181852860866303	0.10507750878231	0.0440697218679163	0.0132182033856789	0.00286046904854217	0.000456325851791667	5.63495608436379e-05	5.35166304538755e-06	
1.36435210506433e-05	0.000102031371226793	0.000952850374632026	0.00534601284221689	0.0219212771965332	0.0638874754423997	0.13523706665847	0.205667803418946	0.226522140849888	0.179178530165313	0.102473687611482	0.042809461745418	0.0127802617626245	0.00259298221866173	0.000462963819329416	4.74726802408994e-05	4.33832156762651e-06	
4.42724773060205e-06	0.000137537093461693	0.00101741282190041	0.00564252210258541	0.0229679738337039	0.0664341226153294	0.13791780342109	0.208957807826381	0.225649493658293	0.175673256641159	0.09891466919646	0.04127830863254	0.0123660698565724	0.00260809266411105	0.000393373529527885	3.28734686647716e-05	4.25539048961112e-06	
6.73668968479526e-07	1.4571977995111e-05	0.000122638844677204	0.00113407506981439	0.00611825898069657	0.0238172036357645	0.0682971352341121	0.140740627829215	0.210576018785954	0.225541067077965	0.172595909681015	0.0975461498999684	0.0391193092409826	0.0114956608774457	0.00251865912762688	0.000334870480093196	2.30446607909881e-05	4.12492691469002e-06	
1.7405420925915e-06	1.10095158750278e-05	0.000152765839856809	0.00122436306754015	0.00635473483710186	0.0248236870002831	0.0705614720533238	0.143720892369198	0.210869531929141	0.223832956349835	0.171475109475661	0.095452043363015	0.0378814660251507	0.0110184351746866	0.00227458320253607	0.000296390571842031	4.2772451933534e-05	6.04623092733807e-06	
1.09474807312044e-05	0.00014914209472136	0.00127102736380489	0.00678024436827846	0.0262940829936545	0.0739674187068856	0.148229679097923	0.211862984669038	0.221126047038246	0.168680384028312	0.0932782227648941	0.0360841678103928	0.00995399881676175	0.00202456979853695	0.000248744550234225	3.54766388713488e-05	2.8617787144415e-06	
