# <P(U)> as a function of N_tot.
# number_of_species: 1
# species_total_upper_bound: 511
# species_total_lower_bound: 490
# volume: 729
# Bin widths for each
10	10	10	10	10	10	10	10	10	10	10	10	10	10	10	10	10	10	10	10	10	10	
# Bin lower bound for each
-2640	-2650	-2660	-2670	-2680	-2690	-2700	-2710	-2720	-2740	-2750	-2760	-2760	-2770	-2780	-2790	-2800	-2810	-2820	-2830	-2840	-2850	
# Bin upper bound for each
-2480	-2490	-2500	-2500	-2510	-2530	-2530	-2550	-2560	-2570	-2580	-2590	-2590	-2600	-2620	-2630	-2640	-2650	-2660	-2670	-2680	-2690	
# Normalized histogram for each
3.47577199786848e-06	5.15960563699334e-05	0.000432459930900147	0.0029195355840403	0.0139595761285101	0.0461903722333548	0.107995766482338	0.186780960358677	0.226619465318025	0.200433597767284	0.128468781967224	0.0608906949006272	0.0197080719625203	0.0046600352540438	0.000795462579445252	8.54506229948413e-05	4.6970816467258e-06	
2.50959831235521e-06	5.82769238744593e-05	0.000548084598868089	0.0029868751613022	0.0136603856044154	0.045142705939191	0.107366153397738	0.18766458274452	0.229239257842087	0.201118175388136	0.128578881592877	0.0591689264352109	0.0190342973000275	0.00456217851672269	0.000772108303757866	9.48635028276324e-05	1.73715013139773e-06	
2.78119202588953e-06	6.60635859548734e-05	0.000542116662908518	0.00312552209430665	0.013597949962807	0.0458680285611432	0.10945083918051	0.188722340317466	0.228630291492695	0.200621300487994	0.12697389709484	0.0583131367529724	0.018713408101411	0.00446559426048553	0.000805559254868239	9.34816181805454e-05	7.68937943118472e-06	
2.22938273015346e-06	6.79704891368446e-05	0.000541154405198633	0.00305237426178665	0.013840795635533	0.0464073206216738	0.109834574322141	0.187865014334486	0.229891936921961	0.200765465923183	0.126258008826301	0.0575177593792631	0.0187378317140001	0.00429920192892632	0.000787095387581783	0.000116718973259325	1.18112765534551e-05	2.73621628478128e-06	
8.44385002627046e-07	6.54586397987963e-05	0.000554726761098332	0.00318380322156535	0.0141186437025898	0.0472237969736633	0.110962294616723	0.188955484504679	0.229588610396319	0.198926645816875	0.125582509847999	0.057063969216444	0.0184866815068072	0.00439831601461519	0.000764359866892242	0.000113116823287151	8.1430165030673e-06	2.59468913762724e-06	
3.21660654756261e-06	7.82184567785346e-05	0.000451600643963949	0.00321951616090839	0.0144309454113864	0.0482962319030194	0.112925631193628	0.188932495302381	0.229715351707734	0.199107027725555	0.12361213959045	0.0564799304678135	0.0178281697036998	0.00411299599744651	0.00073354320048074	5.60535476098582e-05	1.69323805960772e-05	
3.64403238155648e-06	6.21790567208284e-05	0.00042861617341502	0.00317609455639629	0.0150811483469413	0.0490006153058845	0.114622987714896	0.190791633899612	0.228338316454396	0.197923930685053	0.122955245719697	0.0550100653767545	0.0176031306163543	0.00418222715103308	0.000747189348502162	6.79383227824698e-05	4.90842687301747e-06	1.28812307441066e-07	
3.36997717136432e-06	0.000104045522727871	0.000545371275648457	0.00355002206948273	0.0156293958211765	0.0494496425370707	0.115412997210241	0.191894928443664	0.230042757241196	0.196383674134158	0.121442219331628	0.0538797835846401	0.0168824623028115	0.00398675698523874	0.000689772443165949	0.000100924426106088	1.87669387387355e-06	
6.77923718779021e-06	8.25715771728428e-05	0.000533553056872094	0.00364960083503614	0.0162801524884891	0.0509510811582316	0.116949326409374	0.192653773768233	0.23071902669873	0.19569798236791	0.119030659249011	0.0525471784741246	0.0163415000700064	0.00375316898402198	0.000693057437710817	9.98390668623154e-05	1.07491210269155e-05	
1.47421650490678e-06	1.13658415344287e-05	8.51769536168364e-05	0.000612956491057172	0.00384167783889889	0.0170177235255704	0.0528349133245939	0.117749503204081	0.192792826281971	0.229528947711947	0.194815882560102	0.118737051088956	0.0518069398156962	0.015818791045522	0.00365808606917218	0.000598949762813273	7.9300144964623e-05	8.4341229974599e-06	
1.1059085879607e-06	1.6691581270542e-05	0.000119843295210661	0.000719401839085465	0.00403393939802931	0.0170506296043865	0.0541600730880041	0.121508820112504	0.195329928697988	0.227560970284741	0.192994199944513	0.116250072008597	0.0502075358683517	0.0156592305483914	0.00375269322781898	0.000556464640459255	6.53582012344344e-05	1.30417508255906e-05	
4.7695654635527e-06	2.98395113557722e-05	9.21642556298552e-05	0.000625965830813201	0.00407026260920261	0.0174301887142324	0.0549404197872267	0.122005025437457	0.197559573218622	0.227387388569334	0.19127985234773	0.115260767387344	0.0500056040742685	0.0152676895330106	0.00337362199153094	0.000567868956202101	9.57480357738681e-05	3.25017480341818e-06	
1.06291410716867e-05	0.000121333956016146	0.000727010142474955	0.00422942105778683	0.0181977926225066	0.0567811422849404	0.124594306398915	0.197487288875921	0.227628687514354	0.189016652374928	0.112687050725064	0.0489720410776163	0.0152557619080058	0.00360262192917966	0.000600384722751382	7.2093304660136e-05	1.25172990508808e-05	3.26466475773235e-06	
9.60085607467858e-06	9.04519122292452e-05	0.000743677479676326	0.00437330742922418	0.0192481179418008	0.058053470943618	0.127804656699813	0.201002288336411	0.228344457468977	0.185287186145127	0.109896544901435	0.0472339912137109	0.0142563578492236	0.00309292190703052	0.000501531379567396	5.05923084500556e-05	5.61952899510659e-06	5.22569863561443e-06	
1.323691224308e-05	0.000111394564778977	0.000749843713327297	0.00459828832403007	0.0198242178692324	0.0588809318408677	0.129221890055144	0.202115733781266	0.227747141377538	0.18439755485948	0.108440167242733	0.0463084149296062	0.014201696013219	0.002932616769033	0.0004207234082985	3.51651568131341e-05	9.83182389929192e-07	
1.14015421105144e-06	0.000117118992739812	0.000755680490031354	0.00497763233054473	0.0208530448246172	0.0598837348488206	0.130754338701672	0.20385546315377	0.228792259407468	0.182304346662496	0.105646457244884	0.0451761179548532	0.0134248192636692	0.00295162730126896	0.000450713740456419	5.18329132164533e-05	3.67201528143789e-06	
2.42634923043387e-06	0.000123541342848646	0.000913760507692317	0.00504358977212616	0.0208880813075571	0.0614096450275241	0.131338332827555	0.205328716176888	0.227315163001553	0.182401714503432	0.104630047119898	0.0437566709908586	0.0134189815671131	0.00291072429901171	0.000452734560241804	5.90847060918438e-05	6.78594037798328e-06	
1.35578409437558e-05	9.65605826332515e-05	0.000942136579113417	0.00515325141942593	0.0217136434361997	0.0637195494242829	0.134130514646925	0.205396134545047	0.22783619590924	0.179811402235313	0.102406250034561	0.0429146033625657	0.0127735484701596	0.00257666962306535	0.000454431634684626	5.60497018478543e-05	5.50055399133664e-06	
3.50636330942734e-06	0.000108707020560641	0.0010408662252628	0.00549386305917611	0.0226159685347153	0.0661237278841542	0.137983693751757	0.208476890260375	0.225830451493554	0.17606618530717	0.0992216475194456	0.0412838532994188	0.0125155995355142	0.00277926130520406	0.00040869624288455	4.16860409773848e-05	5.39615652165117e-06	
1.21315522215661e-05	0.000112113743129093	0.00104089765577689	0.00587128500347271	0.0235704078693327	0.0678330243006448	0.140218984796356	0.209932448793687	0.225989072096787	0.1727554314033	0.0987266767307702	0.0393952124639397	0.0115855014320142	0.00256746003962939	0.000355026307660538	2.91144159359441e-05	5.21139534180606e-06	
5.503425245168e-06	0.000125053176887798	0.00122484470528628	0.00635671097701683	0.0246516816637487	0.0702444589724281	0.14342436157537	0.210581101145047	0.223740932627055	0.171570479997631	0.0959599927790295	0.0384201330716973	0.0110527741416452	0.00228770404743337	0.000297482803450777	4.91171602458108e-05	7.66773078355637e-06	
7.32761720914444e-06	0.000126672084931328	0.00123163570157352	0.00687884121690577	0.0262344755257486	0.0741051795644683	0.147904029631202	0.210488267842481	0.222127384820702	0.169393609776086	0.0929628074189551	0.0360249535530722	0.0100923109574261	0.00210650617774421	0.000267469617225608	4.49060752780917e-05	3.62241899087393e-06	
