# <P(U)> as a function of N_tot.
# number_of_species: 1
# species_total_upper_bound: 511
# species_total_lower_bound: 490
# volume: 729
# Bin widths for each
10	10	10	10	10	10	10	10	10	10	10	10	10	10	10	10	10	10	10	10	10	10	
# Bin lower bound for each
-2640	-2650	-2660	-2660	-2680	-2690	-2700	-2700	-2710	-2720	-2730	-2750	-2760	-2770	-2770	-2780	-2790	-2800	-2810	-2820	-2830	-2840	
# Bin upper bound for each
-2480	-2490	-2500	-2510	-2520	-2530	-2540	-2560	-2570	-2570	-2590	-2600	-2600	-2610	-2630	-2640	-2650	-2650	-2660	-2670	-2680	-2690	
# Normalized histogram for each
1.32742108154489e-05	4.25024027048645e-05	0.000328157602897725	0.00294145294027405	0.0144122199185661	0.0472784596015805	0.110955430538849	0.190315497246432	0.227932699543432	0.200487801280702	0.123284700350271	0.0581348944414606	0.0182566307954836	0.00437922239091388	0.00101563292797827	0.000192901911787572	2.85218958522869e-05	
8.40341955110056e-06	0.000108121224818368	0.000588364171837699	0.00362472350097608	0.0143923328198442	0.0456106828429442	0.108435666633601	0.190753463701294	0.233981839503132	0.200899365577185	0.121930393602235	0.0564072881193723	0.0180208628202704	0.00422781445757164	0.000814029267654258	0.000190740983375228	5.90735433790237e-06	
1.0989964151359e-05	0.000104757167722011	0.000507632664885698	0.00365752227691653	0.0143707674252569	0.0462796099441923	0.109445963351953	0.186752398616699	0.2330292092304	0.202208103597291	0.1223328367874	0.0562803736430219	0.0191839777437052	0.00462986453915337	0.000992414498649136	0.000213433398131959	1.4515046992361e-07	
3.93647413766407e-05	0.000456119340856799	0.00311334254085913	0.0134871485157213	0.04625008440828	0.109049927221649	0.186256543279315	0.229103104283286	0.202340691892272	0.125991682527239	0.056878667737052	0.0213448708061773	0.00449162427443695	0.000977289535780972	0.000219270687290848	2.68208405606043e-07	
2.57649825919103e-06	4.19719877706926e-05	0.000522198018145072	0.00314511480242507	0.01499895994661	0.0485375494596761	0.109938079474458	0.187653869151331	0.226546754498384	0.198644691269746	0.126380709574685	0.0580977501414633	0.0195417003853756	0.0046284090058837	0.00099299074037693	0.000306125393973076	2.05496514382252e-05	
3.55118374717757e-06	6.08324079767992e-05	0.000500590830822552	0.0031425244482716	0.0136720364137121	0.0488486547475072	0.112742288178981	0.18796550056509	0.227376348674972	0.198992304332665	0.125171578384554	0.0573791024183456	0.0186176166240787	0.00416862743491169	0.00119714816830888	0.000122736474954226	3.85587111010109e-05	
1.09068114658887e-05	9.3107954251274e-05	0.000295705135573246	0.00309742917820945	0.0148154294829685	0.0507986007361003	0.115831937994903	0.189232589375793	0.22584422879231	0.195207269107697	0.125999991956753	0.0554689479392833	0.0177937470154974	0.00440698350083676	0.00089210558879969	0.000184110346443496	2.6909083114683e-05	
5.67672005457716e-05	0.000503596264109159	0.00329579487563762	0.0160033521840482	0.0517206321198943	0.116367867756743	0.190711709903686	0.228662862137147	0.194732919457108	0.121433106564153	0.0546653860199039	0.0168804190834905	0.00408816250767292	0.000783147949815695	9.42759760451234e-05	
9.15810775752124e-05	0.000726420184595325	0.0040769203038898	0.0167052945040469	0.0547567603853351	0.118991291996357	0.191154391960679	0.229565555264126	0.19215828162945	0.117960706034535	0.0522970734131072	0.0167791759183582	0.00404722513424324	0.000618502569481507	7.08196242206303e-05	
0.000119287185430398	0.00078841570799504	0.00450721364393652	0.0176661048882193	0.0517700720409844	0.118723036344326	0.193819732181597	0.225358773098361	0.191827367652378	0.122851157578708	0.0522900810922091	0.0158219787079717	0.00362751785437137	0.000711275542531168	0.00011788158546138	1.04895520075975e-07	
0.000103070052685689	0.00071356353357374	0.00517770703489459	0.0180614000363659	0.054820360428111	0.121431697502303	0.193816165627449	0.225906601576469	0.190358942147307	0.118698317007832	0.0502981645158697	0.0155150631805858	0.00423890692926845	0.000746584948766893	0.000113455478516655	
4.31992252688505e-06	6.89518069025517e-05	0.000592392854338932	0.00487084829880407	0.0189310691875035	0.05459313571406	0.121432709192874	0.199977331884789	0.224606650184736	0.190162050519887	0.115396859178414	0.0492172738634294	0.0149933450236976	0.00420098900765453	0.000814023662239991	0.000138049698141761	
4.1912096042574e-08	6.63678040834159e-05	0.000559589350312426	0.00454903412422087	0.0196618444075883	0.0607830172857429	0.127432596390853	0.197744747832836	0.22107526278727	0.185706357442575	0.113173556459921	0.0493101677634329	0.0152585595973555	0.00376752022536302	0.000843669537288993	6.72060460042674e-05	4.61033056468314e-07	
8.44734400907841e-06	6.33757843426201e-05	0.00070023926894863	0.00450624394335269	0.0214456738987733	0.0618373325192413	0.135001828705048	0.20149460016992	0.221455301386431	0.180283091616104	0.10996499838869	0.0467741653304646	0.0132202175998549	0.0027839588664037	0.000375389201540688	6.93800239569161e-05	1.57559529188938e-05	
3.59630218569694e-05	0.000676356098921709	0.00469873564437424	0.0213054745832579	0.0641732524551199	0.13377148350287	0.20351235139275	0.223144639175031	0.179898219704774	0.105561458878499	0.0456284650325215	0.0142691837129365	0.00311209902543712	0.000195098363705163	1.72194079452614e-05	
5.98484744304592e-05	0.000783414026174442	0.00542540610726971	0.0225638347730529	0.0657182992824798	0.134930534973368	0.197595602147125	0.224673760602889	0.181438746891474	0.104736666608168	0.0452917520267358	0.0133100878631113	0.00311495867335548	0.000326704224436287	3.03833259312234e-05	
0.000122478241920163	0.00107286449122495	0.00566454072353725	0.0228538453271744	0.0642312617073949	0.132367065731729	0.20149153175539	0.225430009131916	0.181273369959823	0.104358156733853	0.0442430454822983	0.0135901990295341	0.00290708583512624	0.000270820162833482	0.000123725686244592	
4.16214534925653e-05	0.000950111689334207	0.0055196984240057	0.0228522998454395	0.065840752850483	0.132222625401716	0.204795240301156	0.224274019327656	0.179557786338513	0.105342552213246	0.0442482976774515	0.0116336247073109	0.00228532383684105	0.000352925442409017	6.5023319745493e-05	1.80971711999536e-05	
3.8398085629013e-05	0.00132844556237026	0.00618825367615662	0.0229820503320535	0.0668298313052376	0.137203162844317	0.205791593387391	0.222126701441506	0.178616356310745	0.100729820027738	0.0424831911708141	0.0125294586928613	0.00260542486995828	0.000461128544756391	5.62841082833459e-05	2.98996401828502e-05	
0.000131460660314013	0.00132951214898925	0.0064427814765884	0.0247997012553367	0.0697915389575828	0.14227368529281	0.202849156522261	0.221464286218334	0.17340419923207	0.102132320679039	0.0417381759360156	0.0105656346115364	0.00245416164195157	0.000527135150126886	7.36938525547157e-05	2.25563644877517e-05	
0.000145705462447544	0.00101544841363846	0.00660668975148613	0.0252607732245741	0.071980187477925	0.144232950002181	0.205522525658272	0.217424641519664	0.170194862615677	0.102141880988035	0.0418050031172203	0.0106458846277851	0.00251130794117219	0.000411973375774281	9.18917208509969e-05	8.27410329672773e-06	
0.000108077714702607	0.00115731525541871	0.00702045103819547	0.0274093301045392	0.0777561063641341	0.14824378848958	0.206874761166117	0.218119101556013	0.162678272328838	0.0946855142846279	0.0400669401397316	0.0119991940068586	0.00326728068189057	0.000469777514610124	0.000120680718852248	2.34086358908438e-05	
