# <P(U)> as a function of N_tot.
# number_of_species: 1
# species_total_upper_bound: 511
# species_total_lower_bound: 490
# volume: 729
# Bin widths for each
10	10	10	10	10	10	10	10	10	10	10	10	10	10	10	10	10	10	10	10	10	10	
# Bin lower bound for each
-2640	-2650	-2660	-2670	-2680	-2690	-2700	-2710	-2720	-2740	-2750	-2760	-2760	-2770	-2780	-2790	-2800	-2810	-2820	-2830	-2840	-2850	
# Bin upper bound for each
-2480	-2490	-2500	-2500	-2510	-2530	-2530	-2550	-2560	-2570	-2580	-2590	-2590	-2610	-2620	-2630	-2640	-2650	-2660	-2670	-2680	-2690	
# Normalized histogram for each
3.59863232495384e-06	4.61945741993296e-05	0.0004483851103862	0.00303996564386279	0.0142217054021566	0.0471653822226321	0.110623950068937	0.188687200626881	0.225020968189585	0.199229704635732	0.126981536100329	0.0594633024375731	0.0194981454814893	0.00467698516747293	0.000802187193880145	8.31043412025498e-05	7.68417135639443e-06	
3.37887256541708e-06	5.33379169255124e-05	0.000530842208458499	0.00312452540732	0.0140676047741516	0.0458440883352238	0.108825857611459	0.189129585476658	0.229674372438126	0.200179138618516	0.127008356670286	0.057679347216189	0.0184146253589729	0.00454744048775474	0.000807561768624932	0.000107096789735421	2.84004903339043e-06	
2.9752166474172e-06	6.03688298609898e-05	0.000558543596197579	0.0031824882026485	0.0137739338777074	0.0463159722293952	0.110963854104178	0.189938908585447	0.229018530816912	0.200099677616751	0.124603779733192	0.0572136911970323	0.0185439696153361	0.00468219948313414	0.00091857287861664	0.000113855366118709	8.67865082435282e-06	
6.78471175443686e-07	4.9522788607592e-05	0.000567095365874777	0.00302557211689365	0.0139845413314491	0.0461975284831451	0.110274544314367	0.187784285730611	0.229415815347016	0.200660418234977	0.126597630000376	0.0573522506498156	0.0188073050912959	0.00428864433597852	0.000843474243871631	0.000126874109807969	1.93392321000436e-05	4.48015263784715e-06	
6.91977468811822e-07	5.8751119287507e-05	0.000501393480788747	0.00308971846148899	0.014300356146294	0.0468404124618758	0.110422103688962	0.187669551918807	0.229816007767023	0.199066013456305	0.126219011784075	0.0578405104213313	0.0186564547608067	0.00454436671020061	0.000798586642716508	0.000158875794653811	1.29578361498472e-05	4.23557176474333e-06	
9.42211345944002e-07	4.56944626707517e-05	0.000455060204015629	0.00316604198054431	0.0142427175899674	0.0476689975637314	0.111849602240184	0.188170338074017	0.229761409005817	0.199941590701853	0.123493745539758	0.0578618287537234	0.0182819999308896	0.00414543443575517	0.000814750779133518	7.21711590132846e-05	2.76753675814558e-05	
2.87384209892067e-06	6.06169860478905e-05	0.000404545981021424	0.00317087420728769	0.0151929102293228	0.0486809322745988	0.113887322099396	0.189985767657622	0.226826037743966	0.1991459729092	0.124055402638122	0.0556999309839608	0.0177875125202842	0.00421760184234805	0.000785368894832453	8.80849247192346e-05	8.03344277845007e-06	2.10822393357115e-07	
3.26275356538769e-06	7.9893519543037e-05	0.000507830564614122	0.00342937920411839	0.0155629609930231	0.049272555360469	0.115079570320183	0.191160490915	0.229981825913356	0.196410294358816	0.122132599886838	0.054843866366051	0.0168358523402094	0.0039719905020255	0.000627723026014319	9.78221855993087e-05	2.08179057454871e-06	
2.89577771267376e-06	0.000113594710918605	0.000537438760002268	0.00351306740573215	0.0163606055828385	0.0513471940933256	0.11731160920527	0.191726722413117	0.229647865682422	0.195042552739159	0.119729616564358	0.0536571839983807	0.0165704533074059	0.00369888621960214	0.000608618844423474	0.000114034297668157	1.76603976632514e-05	
2.43358639265632e-06	1.55175622134911e-05	9.25369846223442e-05	0.000577598762206222	0.00371724527224937	0.01659840567202	0.0522597612764323	0.116585906088034	0.19368617764482	0.230141224550101	0.194745808617877	0.119278070691998	0.0524261943050094	0.0156276475081557	0.00357035267318787	0.000570877428359838	9.0649713542325e-05	1.35916627780329e-05	
1.83075394488304e-06	2.18975764638713e-05	0.000143546503005694	0.000610333781354926	0.00392367955153675	0.0170691306159099	0.0534646344931361	0.120783881558466	0.19448255292865	0.227567421431174	0.193874187345229	0.116944361710798	0.0510156464863612	0.0156188271327081	0.00378226617925363	0.000592086717261632	8.35274615153392e-05	2.01877732300616e-05	
7.86657409967958e-06	4.58919807587956e-05	9.74332948564885e-05	0.000539105475297917	0.00398928463652304	0.0172713685107424	0.0538745704831474	0.120186581409274	0.197534170049902	0.227396671377931	0.193020663234785	0.116608962658081	0.0500614284646057	0.0152427566476065	0.00344636572502721	0.000548611826962696	0.000122907048658498	5.36060174105589e-06	
1.76368898709654e-05	0.000141604507401885	0.000683966257409027	0.00403339787193506	0.0176164705152391	0.0565501678155549	0.12363929751457	0.196648709391554	0.226911952789748	0.190325232574709	0.114154353415405	0.0493231071213423	0.0156273141571337	0.00361270875285761	0.00063166356754013	6.61273824261385e-05	1.60594289135623e-05	2.30046389621288e-07	
1.48443753484115e-05	9.61707372664428e-05	0.000779548810962796	0.00410811788493615	0.018501930836933	0.0578205071813637	0.127175488397751	0.200445687306356	0.228425423145492	0.186061986058009	0.111458400719585	0.0473553156804314	0.0142419128144371	0.00296387947177906	0.000481806793826909	6.41375612378412e-05	4.84222428339326e-06	
1.06600680538311e-05	0.000108383681244824	0.000727464288257171	0.00437486049645308	0.019167225078281	0.0581557221657413	0.128914294884623	0.201314458469789	0.228258064997237	0.185831481893942	0.109332085875947	0.0460858858542024	0.0143939208282003	0.00282821848238155	0.000457721752800468	3.82613525470501e-05	1.28983029832832e-06	
2.71376077913244e-07	0.000115220855160405	0.000769486868923004	0.00483781591343785	0.020360999764451	0.0600847586733138	0.130012154011851	0.201299637405196	0.229577985395071	0.18362384965648	0.105536512161429	0.0463598809677221	0.0139749344788241	0.00297141608254639	0.000431813615175554	4.32302092115798e-05	3.25651293495893e-08	
1.61453318183975e-06	0.000121682527751855	0.000952242972827227	0.00490150529451909	0.0207020771991378	0.0611574623171897	0.13031885057023	0.204556477922718	0.228203914845041	0.182885947185271	0.104913219629716	0.0441638482416872	0.0136944052147008	0.00295133947570976	0.000397006642434136	7.81281848127974e-05	2.77243071629047e-07	
2.14303627572268e-05	0.000108982683991452	0.000931713105015177	0.00501289021737695	0.0213708135687789	0.0640850208596335	0.134630534578185	0.206287316301002	0.226905150742862	0.179136283470123	0.102434957458327	0.0432623449866602	0.012675352066484	0.00263008015511953	0.000442973375339653	5.59306544137703e-05	8.22541393126422e-06	
5.84574167923474e-06	0.000113552718704244	0.000982268976153267	0.00548732938744685	0.0225191634854281	0.0664884246885562	0.139175374517093	0.208211566479927	0.225102045338249	0.175330749949332	0.0990826155028267	0.0416538269126212	0.0125775904262759	0.00283505456804638	0.000387424089546611	3.93258985693973e-05	7.84131954376014e-06	
1.39304409094525e-05	0.000112236894884367	0.00109165194363328	0.00557151431219025	0.0234171915418062	0.0681779414991845	0.141745639527146	0.209207547609183	0.22416814626534	0.172800827255896	0.0993052983228269	0.0398605121862003	0.0115008428874263	0.00260637673975736	0.000392416033788662	2.2006376016425e-05	5.92016381147981e-06	
1.24966467331266e-06	0.000110487019316483	0.00107108481446367	0.00631609962437857	0.0246353895038165	0.070920680728449	0.145105824381569	0.210490335093417	0.221554371799123	0.170785211523797	0.0969700019383688	0.0384400685815973	0.0110176491530328	0.00222932402027678	0.000301435781398658	4.86369490853288e-05	2.14942323809778e-06	
8.42187693595519e-06	0.000145498269667784	0.00125600606768831	0.00688258040224987	0.0265889895221785	0.0751839128773943	0.150519548160598	0.212048847154655	0.219969281287759	0.166421735072626	0.0918369106774837	0.0363467181824565	0.0101772007645051	0.002253226758824	0.000289095185976852	6.59098549582788e-05	6.11788404245351e-06	
