# <P(U)> as a function of N_tot.
# number_of_species: 1
# species_total_upper_bound: 511
# species_total_lower_bound: 490
# volume: 729
# Bin widths for each
10	10	10	10	10	10	10	10	10	10	10	10	10	10	10	10	10	10	10	10	10	10	
# Bin lower bound for each
-2640	-2650	-2660	-2660	-2680	-2690	-2700	-2710	-2720	-2730	-2730	-2750	-2760	-2770	-2780	-2790	-2800	-2800	-2810	-2820	-2840	-2840	
# Bin upper bound for each
-2480	-2490	-2500	-2500	-2520	-2530	-2540	-2550	-2560	-2570	-2590	-2600	-2590	-2610	-2630	-2640	-2650	-2650	-2660	-2670	-2680	-2690	
# Normalized histogram for each
5.86130081912917e-06	2.56099403552561e-05	0.000455741363377829	0.00307239482514832	0.0150440512988386	0.0479980181281687	0.110607562079706	0.190410200065001	0.225518309603045	0.197997887877039	0.124888415141683	0.0591853334880203	0.0191872755140132	0.00454961691124894	0.000925507654693763	0.00011562080880301	1.25940000385984e-05	
3.72866022685206e-06	7.3751791764294e-05	0.000534352082064489	0.00335858146997999	0.0147911059640013	0.0465012938174106	0.108609707197726	0.190172562210712	0.230712319004234	0.199682676247724	0.125261673036923	0.0569371954254507	0.0180383444711675	0.00438146187661808	0.000798773160033082	0.000139852446577944	2.62113738719303e-06	
4.86593705337526e-06	6.45700665969589e-05	0.00050846287903779	0.00346997316086837	0.014307186183853	0.0462834160997093	0.111000865503306	0.188153648554428	0.230700300427544	0.201053642466498	0.123138449708232	0.0568610451524163	0.0187216377267815	0.00463149987854897	0.000963437174541685	0.000136934813492626	6.42670931577865e-08	
4.4256608270731e-05	0.000510470142543708	0.00313433975386352	0.0141134104139588	0.0466225705755401	0.110513344900268	0.188077919487694	0.229133290608685	0.200494213434741	0.12582376112589	0.0569347721196949	0.0192941424228353	0.00425504958886151	0.000878497334770227	0.000149672627846941	1.97489165939283e-05	5.39937942095353e-07	
1.13098111152094e-06	4.35792560552181e-05	0.000563721117569865	0.00316540635239255	0.0143267853175302	0.047350539934031	0.110393935314447	0.187116182406093	0.228566421243765	0.199792464966036	0.126969822505284	0.0576144945079922	0.0184872452693067	0.00452826595422153	0.00084351125125548	0.000224891945699773	1.16016772085051e-05	
1.53985796605246e-06	5.29292007384539e-05	0.000429228574347923	0.00323846708797788	0.0141750759464327	0.047646558533163	0.111888011469518	0.187389634780497	0.229910306826996	0.19853658459248	0.124466227370398	0.0587417272041932	0.0186045730574314	0.00397228685727946	0.000849710026521821	8.04188544874495e-05	1.67197595722264e-05	
4.73052880554148e-06	6.16155943069273e-05	0.000350296571279845	0.00287973224111085	0.0150483600681269	0.0494537426427948	0.113868367099994	0.188754930297758	0.226318991064049	0.197816450002968	0.125542773386666	0.0569207910393922	0.0181016698401392	0.00403515020342187	0.000737213645475176	9.35147007118624e-05	1.1671072999e-05	
2.26234391625541e-06	6.72730586937709e-05	0.000543912724346126	0.00337053046019396	0.0153954494363827	0.0500354278532598	0.114536119818295	0.188442407072029	0.228996396819141	0.196307101820616	0.123780500479522	0.0563062741647175	0.0174968502064357	0.00403726131106576	0.000602389789893496	7.96164071008605e-05	2.26234391625541e-07	
1.44823148126492e-06	0.000136396251194881	0.000610565341054531	0.00363647304366918	0.0166313093019112	0.0528153185526346	0.117591942966906	0.189820007998582	0.228854670839794	0.194018856480767	0.120316220257761	0.0540100642674443	0.0169411855816681	0.00397065245797106	0.000561542705413714	7.35792106950157e-05	9.76651105178029e-06	
1.90475390593199e-05	0.000112062566000839	0.000667565687433382	0.00391257950218259	0.0169640789739208	0.0526345447425463	0.11705023378964	0.19157075617391	0.227437864326884	0.193672981410176	0.122054015924016	0.0535209886071759	0.0158866404887954	0.00379548860449321	0.000607599188328885	9.35069289545285e-05	4.5546482686083e-08	
0.000124749332381025	0.00066016689159294	0.00436671978589435	0.0172982027036742	0.0540577030867989	0.120423809098672	0.191327959748231	0.226041278841753	0.194339852469211	0.118760816479449	0.0520725996548078	0.0157813567583965	0.00403871853978916	0.000641883717110743	6.41828922382025e-05	
1.68298891859174e-05	8.67013351601266e-05	0.000498633764332149	0.00422548827502594	0.0174783386162382	0.0550763649707305	0.120280297715977	0.196473716794406	0.225477294713832	0.193579056724158	0.117041608832455	0.0499665392510171	0.0153627236033409	0.00371725796950289	0.000612884720551551	0.000106262824085776	
1.57782065551875e-05	0.000112825479309816	0.000593061643527075	0.0041539180415392	0.018216595009497	0.0584029275815764	0.124603535262248	0.195628042515187	0.225622476470263	0.19002530534989	0.113369750579377	0.0492112045050333	0.0155457470065758	0.00366238847904834	0.000741792714946146	7.09069890004471e-05	2.33644044347303e-05	3.79761991586174e-07	
2.45120492188923e-05	0.000115532252646831	0.000746568276929209	0.00424692508553348	0.0191807599191128	0.0586602553276351	0.128563970551097	0.198962666358122	0.226396000096673	0.186627389137881	0.111842827437923	0.0473162327147541	0.0138636713268143	0.00294037859194685	0.000454766350785044	5.06612500645816e-05	6.88327286183656e-06	
1.30015488140044e-05	8.07104456847198e-05	0.000649870352318833	0.00438569973331789	0.0198006475401578	0.060546349031386	0.129805212398353	0.198311417545091	0.226204232668623	0.185838637399508	0.110567989317049	0.0460293004308672	0.0143728250486471	0.00299885585470053	0.000366843561862175	2.84071236206259e-05	
4.50956655390135e-07	0.00013438508330626	0.000792033212127909	0.00478131303443944	0.0209423909997854	0.0621747649868703	0.13096508214658	0.19942612879479	0.227459263033466	0.182782581322975	0.106567515367994	0.0469138325822154	0.0137919230614553	0.00293053280591968	0.000311060881755007	2.6741729664635e-05	
2.17148285902141e-06	0.000178234948113375	0.00100513197127771	0.00512623235872043	0.0218120435056043	0.063368085057677	0.131809000418722	0.203270083481564	0.224271160254222	0.180821658640103	0.105710878571655	0.0452458836189382	0.0138754105140445	0.00308845080144734	0.000348605113770967	6.6969261282425e-05	
3.8050160395228e-05	0.000895333444615168	0.00530737493296568	0.0218384646744043	0.0656599629825523	0.135901407036837	0.20508628708303	0.224408831490941	0.177354954917506	0.102882257251704	0.0446884159146302	0.0126594994525756	0.00275648965421732	0.000442899176131937	7.17702883130475e-05	8.0015391822113e-06	
5.05370976507465e-05	0.00105662347884315	0.00565334012724908	0.0231656242999275	0.0679369921287035	0.139613164619662	0.208209243591389	0.221996632992062	0.174229363697307	0.0990681813777619	0.0424176528423546	0.0128446133298424	0.00323749011180688	0.000462486873633468	4.48793479407927e-05	1.31740838656895e-05	
0.000109366478786453	0.00107570407014806	0.00561731687741971	0.0233052465213649	0.0694061485772472	0.144135041875509	0.208912668891283	0.220608391502208	0.171375815737929	0.100124911193218	0.0407800599146967	0.0115264658321606	0.00259815027001522	0.00038012452594356	3.47380125727573e-05	9.84971949783108e-06	
1.09716315078256e-06	0.000133723732496226	0.000985605833129258	0.00601354193144638	0.0233113882727057	0.0705935877657159	0.145611978730581	0.212160493323232	0.220803144997716	0.16959381737035	0.0980367065044127	0.0389742662614502	0.0108836446019285	0.00248072307589057	0.000349706807322735	6.2975305256358e-05	3.59832321485465e-06	
0.000102079312221398	0.00100501256522187	0.00628878512561258	0.025148929006613	0.0744605954735356	0.14968402046063	0.212262360153907	0.219793145996733	0.166945571534561	0.0929582248925229	0.0374156539954328	0.0108383887230573	0.00262514042317448	0.000370507332782755	9.13817360571271e-05	1.02032679369766e-05	
