# <P(U)> as a function of N_tot.
# number_of_species: 1
# species_total_upper_bound: 511
# species_total_lower_bound: 490
# volume: 729
# Bin widths for each
10	10	10	10	10	10	10	10	10	10	10	10	10	10	10	10	10	10	10	10	10	10	
# Bin lower bound for each
-2640	-2650	-2660	-2660	-2680	-2690	-2700	-2700	-2710	-2720	-2730	-2750	-2760	-2770	-2770	-2780	-2790	-2800	-2810	-2820	-2830	-2840	
# Bin upper bound for each
-2480	-2490	-2500	-2510	-2520	-2530	-2540	-2560	-2570	-2570	-2590	-2600	-2600	-2610	-2630	-2640	-2650	-2650	-2660	-2670	-2680	-2690	
# Normalized histogram for each
1.60358806216772e-05	3.87972949000203e-05	0.000284931750514121	0.00283559038980465	0.0147923093723398	0.0481815223541556	0.112884393421735	0.190356518280565	0.226286703125584	0.202171950865761	0.122678251047056	0.0563786931178894	0.0174952461393492	0.00418782417919191	0.00114374224603061	0.000233034722148505	3.44558123529934e-05	
4.97512150289475e-06	6.92999247726451e-05	0.000606562793332724	0.00362899936009384	0.0143219677017625	0.0461152806510012	0.109969683669965	0.192133815290272	0.23316678318418	0.200658585477977	0.121296025181954	0.055493585698968	0.017400537710127	0.00408771561341125	0.000808633132354338	0.000230413455462348	7.13603286273793e-06	
1.31860010844366e-05	0.000111906854486408	0.000483229620873609	0.00364784500189107	0.0141872166347026	0.0469077061030436	0.110309830721104	0.186435102906289	0.233296956556505	0.201904944257798	0.122845786831325	0.0557314794777806	0.0184416176864778	0.00452807277239554	0.000942749319042561	0.000212195100470113	1.7415473130388e-07	
4.70655179884632e-05	0.000484074279353041	0.00314685282772864	0.0136502335897672	0.0461715691562295	0.110366098934334	0.185915974285947	0.228867724261088	0.202532963561496	0.125977864455403	0.057021774437617	0.020475745064047	0.00429583855224888	0.000889977370810148	0.000155923028933478	3.20677009355357e-07	
3.06580826672453e-06	4.99430056353512e-05	0.000526156981646489	0.00317175172174803	0.0151291209655199	0.0491876547615068	0.111081329366112	0.18819518438661	0.225990345077489	0.198840461865004	0.125202318621344	0.0575364935025633	0.0194898623610324	0.00439879203198409	0.000903103052892313	0.000269964197293267	2.44522933531497e-05	
4.2360445330098e-06	7.25641948110259e-05	0.000581440976522062	0.00290286857666823	0.0137182923607148	0.0490123637105935	0.114212157502954	0.189374977644839	0.227338609272491	0.197220457969553	0.125690108678104	0.0568542847552853	0.0179617813033477	0.00392636210575929	0.00101364284565039	8.17130483882364e-05	3.41390097867417e-05	
1.30366208494879e-05	0.000111289454433273	0.000336410252693251	0.00299942948425089	0.0148768732686682	0.0501785073285565	0.116679744813432	0.190724982844134	0.226747003458454	0.193587276137248	0.126020659822642	0.0548024558074283	0.017390927714882	0.00442049665851022	0.000903327089093953	0.000175415535368591	3.2163709354528e-05	
3.4508611303962e-05	0.000458424941147759	0.00336071208908432	0.0158285855131043	0.0512727691895674	0.115706871758747	0.192546907931803	0.229510800655749	0.195399402290774	0.120533158295618	0.0539284766240047	0.0165155703983576	0.00398051184527533	0.000835560142649313	8.77397128135644e-05	
3.99087973679446e-05	0.000725001462737642	0.00417310150065601	0.0166564580029848	0.0545499864455485	0.118399875821471	0.19215496826674	0.232036165392284	0.191879191457793	0.116780034892121	0.0513869635707384	0.016458693868289	0.00399228356383756	0.00068271117306445	8.46557843665509e-05	
7.4103301496304e-05	0.00073859278527667	0.00456293070987726	0.0173336984713754	0.0519600099143046	0.120781060749916	0.196201787473225	0.22509241373925	0.19098333138862	0.121610091435406	0.0510537384891502	0.0154320125366053	0.00340422001369815	0.00063353840724814	0.000138346083035439	1.24501514610726e-07	
9.00709042166713e-05	0.000508205346628918	0.00482506952621953	0.017745346127828	0.0554433643173903	0.123016961892115	0.195034725528023	0.226835617467993	0.18873860646907	0.117898930173127	0.0493560995164483	0.0153979405206324	0.00420324205146193	0.000771703455014657	0.000134116703830832	
5.10376421102462e-06	6.27738342090275e-05	0.000308518848176575	0.00451471092230197	0.0188072724941627	0.0549783644778011	0.122812642541724	0.200949916539894	0.226556685068161	0.189470589250536	0.113673033633066	0.0481529304729242	0.0147509387720886	0.00405184635450697	0.000807159077180257	9.75139490560502e-05	
4.95550538436721e-08	7.10123921579821e-05	0.000475579851737721	0.00426225495862116	0.019869520056578	0.0607917861903593	0.12842326002233	0.199610061192315	0.223153493830755	0.185143008328247	0.111966819521708	0.0475530048908608	0.0141885039064125	0.00357661123364011	0.000838421955981088	7.60670076500367e-05	5.45105592280393e-07	
1.00118286811212e-05	5.38381179568135e-05	0.000677761539638646	0.00431698764883884	0.0214367975340277	0.0620121135274627	0.135215414800369	0.202395987651685	0.222316680226805	0.18074477012007	0.109432526605699	0.0460955880324882	0.0122318044583851	0.00257571469978894	0.000383099679827608	8.22295046824439e-05	1.8674023593954e-05	
2.1559928261117e-05	0.000697496791764941	0.00467909309964562	0.0213849715281402	0.0644868491795944	0.133996597504837	0.203408798805398	0.22328987335811	0.181158535867479	0.105621107439573	0.0451987585013323	0.0133035549599118	0.00256509185167162	0.000167205951030756	2.0505233249481e-05	
2.39569287568903e-05	0.000787791207581137	0.00510054062551441	0.0223832297480768	0.0672826075082873	0.135552220391691	0.19585173473653	0.224526370388432	0.183730935062284	0.104380162809178	0.0443600455181646	0.0127564618730125	0.0029314843137991	0.000299260712783922	3.31981759083951e-05	
0.000147733346400541	0.00108697235891785	0.0055257939137623	0.0227119142818573	0.0638433004356842	0.130947869037385	0.200325690462803	0.22595505621077	0.183353182833571	0.105178042506327	0.0439877230103326	0.0135242091971394	0.00295684869700367	0.000306425693374336	0.000149238014671469	
5.01788827976754e-05	0.000923193053510957	0.00533042400762404	0.0230577623878379	0.0661137035774001	0.131217015993683	0.20397698639011	0.224762530896909	0.180461587671659	0.105915249047634	0.0436321866245138	0.0118669614167683	0.0022544092971434	0.000337600571763772	7.83922056255841e-05	2.18179750203618e-05	
3.99563230396364e-05	0.0012488899501916	0.00614593889104321	0.0228935309942217	0.0671361953166515	0.13652645436789	0.204438379194506	0.223663337917909	0.180210476085432	0.100425282471561	0.0415903054174807	0.0125050859152942	0.00257055660077959	0.000501977726102812	6.76795963372061e-05	3.59532315590007e-05	
9.34116004539238e-05	0.00112882573831843	0.00659381746897576	0.02430253881764	0.0686563746494687	0.140835450721362	0.201394308967719	0.223443051947015	0.174157053567284	0.102573473318708	0.0428391958981216	0.0108621092053965	0.00240536748914776	0.000599426571446755	8.85044244450873e-05	2.70896144977608e-05	
0.000162951374472761	0.00107453926371913	0.00628058660337874	0.0242108869133125	0.0711561097020699	0.143958988636363	0.205301553381609	0.217906481574516	0.169196705444694	0.103863269982156	0.0431029752286436	0.0106153602135654	0.00257378948454187	0.000475501662856379	0.000110363222105882	9.93731199510848e-06	
8.74796401551782e-05	0.000681518403338478	0.00606962773907201	0.0248519799726735	0.075968318243117	0.149879842923721	0.208403437574687	0.219360851135242	0.162342522093655	0.0951594262753495	0.0407936889843417	0.0122681333508482	0.00343721762686029	0.000521721225699205	0.000145928769735346	2.83060415054022e-05	
