# <P(U)> as a function of N_tot.
# number_of_species: 1
# species_total_upper_bound: 511
# species_total_lower_bound: 490
# volume: 729
# Bin widths for each
10	10	10	10	10	10	10	10	10	10	10	10	10	10	10	10	10	10	10	10	10	10	
# Bin lower bound for each
-2640	-2650	-2660	-2670	-2680	-2690	-2710	-2720	-2720	-2740	-2750	-2760	-2760	-2770	-2780	-2790	-2800	-2810	-2820	-2840	-2850	-2850	
# Bin upper bound for each
-2480	-2490	-2500	-2500	-2510	-2530	-2530	-2550	-2560	-2570	-2580	-2590	-2590	-2600	-2620	-2630	-2640	-2650	-2660	-2670	-2680	-2690	
# Normalized histogram for each
3.39685625980154e-06	5.78802222745824e-05	0.00045548675144261	0.00298151575821814	0.0140235563932608	0.0463942802310466	0.108508949712298	0.186130849175447	0.226802856252252	0.201501397100246	0.128322379314572	0.0600951236565081	0.0192967500399029	0.00457148857328501	0.000772646774577613	7.74535531266125e-05	3.98963528204236e-06	
2.13015886083697e-06	5.54016145858172e-05	0.000520417333730334	0.00299444094977297	0.0139076615007041	0.0454809256746078	0.107836191797685	0.187486141947014	0.229063459717067	0.201594373494548	0.128464833790173	0.058660804267442	0.0186618497062831	0.00445825639579324	0.000728059741100783	8.35774094222504e-05	1.47450120873256e-06	
2.36506039424922e-06	6.13517637247112e-05	0.000506778267458872	0.00311104762729787	0.0137494213211296	0.04614146615156	0.109291386459073	0.188401491592328	0.2285695025701	0.200981279868335	0.127226216130584	0.0582139577109085	0.0184914198390464	0.00439744824779651	0.000765790244896557	8.25382776505349e-05	6.53886771562746e-06	
1.89622694994872e-06	5.92811227117609e-05	0.000534304906815505	0.00309055864931504	0.0141395905459379	0.0464451546968161	0.109858747229091	0.1883173801323	0.229681823370823	0.200765574105167	0.126222553731499	0.0572486616133083	0.0185727856490841	0.00418406991332256	0.000762781321142736	0.000102463249490547	1.00462162064103e-05	2.32732001998314e-06	
1.8976390193293e-06	6.62366381508752e-05	0.000529423796632329	0.0032368095796782	0.0142476049303285	0.0474993563039379	0.111130573975755	0.188986624909669	0.229454485332169	0.198316196623036	0.125544095519511	0.0572273476775216	0.0185595917097019	0.00433495666489155	0.000755102921848142	0.00010053988850336	6.9434349370851e-06	2.21245470917195e-06	
3.19830317724244e-06	7.56844366614665e-05	0.000469699076168962	0.00322354006132953	0.0145486325752346	0.0483715770921226	0.112524706418707	0.188744194733833	0.229471891314924	0.198838785249383	0.12395185917553	0.0566728895024323	0.0181478975259351	0.00414580194992272	0.000731788078881843	6.33951460378e-05	1.44593597193365e-05	
1.05005643995351e-06	1.17594718441202e-05	6.09873940608355e-05	0.00044783746880658	0.0031544130562463	0.0150619834683175	0.0491002388344671	0.114349753970906	0.190665013332497	0.228064763327402	0.197891844035848	0.123094302024207	0.0552993572546517	0.0177370689653922	0.00423314589941909	0.000748142007799692	7.24741993155755e-05	5.75500546096065e-06	1.10226919111141e-07	
5.76935959237351e-08	7.49151343069701e-06	9.5875217706063e-05	0.000525199227092742	0.00351829394405959	0.0155482135198215	0.0497898300186853	0.115452486574657	0.192261473746099	0.229637064069136	0.196155070301002	0.1212919121546	0.0540954684663161	0.0168663419905709	0.00400142011632494	0.000658330084366557	9.38617112083247e-05	1.60965132627221e-06	
8.007592356661e-06	8.33782305542548e-05	0.000555676987622139	0.00364852991851111	0.0164687254485956	0.0512183481478287	0.11703578807918	0.192793019982291	0.22983000526969	0.195446674691053	0.119611914604258	0.0524012109843762	0.0163443825445665	0.0037834568455441	0.000669840408426115	9.18190534540387e-05	9.22121169269382e-06	
1.266726087514e-06	9.85231401399781e-06	8.26617762958685e-05	0.000626793876949418	0.00379227917696228	0.0169817845047131	0.0529874222458179	0.118287307166482	0.19277392053301	0.228910622774449	0.194747594673147	0.119182150049691	0.0515272748402063	0.0157413551911927	0.00366458399567764	0.000596366599296275	7.95165040377555e-05	7.24705197006311e-06	
9.52249650049683e-07	1.45125134354419e-05	0.000132385578225376	0.000726755217152783	0.00396881926293635	0.0170384228329998	0.054586876183399	0.121367981143695	0.194973762119207	0.228170963596462	0.192806882295412	0.116202853219049	0.0501380687642749	0.0155047918860963	0.00374781441547662	0.000548175522270042	5.87535174472096e-05	1.12296828100454e-05	
4.10800627863811e-06	2.68954926303633e-05	9.69648795021477e-05	0.000667408776293975	0.00409315600663361	0.017613810898622	0.0550174811740726	0.121963705064688	0.197654562832984	0.227177848077979	0.191239259551441	0.115277153883807	0.0499864935069191	0.0150861409799535	0.00343511541917312	0.000568765417772162	8.83306696298023e-05	2.79936161923816e-06	
1.19735523809622e-05	0.000120593822603605	0.000736758569066873	0.00429795963135999	0.0185556497306381	0.0569117098071087	0.124394309980333	0.197782920995935	0.227706826356397	0.188663121159399	0.112737319225755	0.0487693247216862	0.0151501616902773	0.00351073195638731	0.000568759369365132	6.81040198682643e-05	1.09646249906841e-05	2.81078644784515e-06	
8.24631645486415e-06	8.80857822486489e-05	0.000756881660520806	0.00442837711161842	0.0192837139803825	0.0581924018616425	0.128010233823692	0.200886508297443	0.227722887359388	0.185084343074554	0.110017729267694	0.0474899110965788	0.0143941628291211	0.00311319054855816	0.000465335572662589	4.8676291959012e-05	4.82669608423279e-06	4.48842939752861e-06	
1.13611860013795e-05	0.000112751121485342	0.000762020820426768	0.00464289675712231	0.0199205921451269	0.0587461134104191	0.128913661706338	0.201876596204089	0.227594765842258	0.184965174083144	0.108555400896719	0.0461638797945566	0.014311167593811	0.00296466196622232	0.000416974372486382	4.11382384922444e-05	8.43861302405014e-07	
2.34175140894769e-06	0.000121378444286534	0.000757801973906293	0.00492317756898529	0.0208309500988031	0.0602031025956965	0.130448846773809	0.203602583460539	0.228630050241421	0.182714920910249	0.105630034250204	0.0451717116003516	0.0135097994556065	0.00296652507586952	0.00043874605679211	4.48774922706358e-05	3.15224980078707e-06	
2.25562611713137e-06	0.000150228617361947	0.000932813341176606	0.00506121641948162	0.0209985806262767	0.0617883270469696	0.131754211093744	0.204966159409469	0.227003327129681	0.18213002708993	0.104861662632142	0.0437583322961698	0.0132404329556233	0.00285033061839812	0.000445645675116915	5.06340488055308e-05	5.81537353771586e-06	
1.41304395940987e-05	9.62465354587385e-05	0.000948931818679259	0.00528363801840349	0.0219029958375647	0.06407137109315	0.135229776860583	0.205655974264927	0.2267572029351	0.179388839855235	0.102196203630635	0.0426557499044515	0.0127216464814992	0.00256832594018376	0.00045618782590889	4.80619037990356e-05	4.71665482700767e-06	
4.5743239245409e-06	0.00011748012297366	0.0010370669704828	0.00566986474814076	0.0229725558014417	0.0666374547348905	0.138481479666288	0.20918701084456	0.225853419293753	0.175329624081614	0.0985385054573747	0.040797653602076	0.0122533092334571	0.00267195152628241	0.000407700208945416	3.57248844710032e-05	4.62449932407883e-06	
7.3040981187593e-07	1.57993260845778e-05	0.000123295985513164	0.00114054334904979	0.00609945007164337	0.0238741526368286	0.0684486755773854	0.140970164023356	0.210714460189926	0.226001013303151	0.17215517668824	0.0973448170611371	0.0388203741074778	0.0114016943541148	0.00251442734957737	0.000345767577136543	2.49856341031712e-05	4.47235546348646e-06	
1.89045369012281e-06	1.05236200171304e-05	0.000146304676887765	0.00123893305877408	0.00640928705583571	0.0248899258539121	0.0706455203256677	0.143857605042096	0.211260030805382	0.224044993387352	0.17099177151547	0.0950472924908079	0.0378039976367005	0.0110292809509457	0.00226891571665322	0.000300704010055876	4.64564114464811e-05	6.56698830586888e-06	
7.58480461605759e-06	0.000141394724075765	0.00124038806267569	0.0068148106935526	0.026239353384052	0.073974942893972	0.148625035589254	0.211858189133575	0.22142925026534	0.168888860187241	0.0926225739341036	0.0359486384963465	0.00994870037836026	0.00197679821893345	0.000241876353491636	3.84974252256635e-05	3.10545518337088e-06	
