# <P(U)> as a function of N_tot.
# number_of_species: 1
# species_total_upper_bound: 511
# species_total_lower_bound: 490
# volume: 729
# Bin widths for each
10	10	10	10	10	10	10	10	10	10	10	10	10	10	10	10	10	10	10	10	10	10	
# Bin lower bound for each
-2640	-2650	-2660	-2670	-2680	-2690	-2710	-2720	-2720	-2740	-2750	-2760	-2760	-2770	-2780	-2790	-2800	-2810	-2820	-2840	-2850	-2850	
# Bin upper bound for each
-2480	-2490	-2500	-2500	-2510	-2530	-2530	-2550	-2560	-2570	-2580	-2590	-2590	-2600	-2620	-2630	-2640	-2650	-2660	-2670	-2680	-2690	
# Normalized histogram for each
3.56492824084584e-06	5.38764646971972e-05	0.000433524549802092	0.00295326096382626	0.0139713197223153	0.0462837408602856	0.108339956277756	0.18642819376531	0.226743412222268	0.201375273076477	0.128193203277371	0.0603017035059916	0.0194789386829872	0.00460190761963279	0.000757127937550045	7.68091082995588e-05	4.18703718963331e-06	
2.23589060655314e-06	5.24929611349726e-05	0.000535319926521355	0.00300911418748996	0.0138196942089565	0.045304578952252	0.107586330336192	0.187623166679815	0.22933743140985	0.201448736601296	0.128439405370307	0.0588204244979321	0.0187331326370193	0.0044698603659094	0.000731543031968966	8.49852537661819e-05	1.54768898346907e-06	
2.4812785925914e-06	6.36423512905186e-05	0.000519390891208563	0.00315104046688227	0.0137460970014857	0.0460366957207787	0.109498555384019	0.188545105872475	0.228731004731398	0.200710619243195	0.126942750611055	0.0582432938090813	0.018527970046396	0.0044038080818159	0.00078409014678251	8.65941782719891e-05	6.86018527138879e-06	
1.990781775202e-06	6.19435877703407e-05	0.000530694715899126	0.00308287389367157	0.0140894598554314	0.0464154104148155	0.109837023686692	0.188113939248184	0.230016281017018	0.200896953915203	0.126006254180087	0.0572718192610632	0.0185860395684911	0.00420090427791267	0.000767848506142891	0.000107572550700892	1.05471679610933e-05	2.44337118031705e-06	
1.99076107661374e-06	6.77103406426751e-05	0.000526291787355538	0.00324499865697019	0.0142853345252131	0.0474839573478919	0.111371137670079	0.188963472570843	0.229625162043288	0.198587548594333	0.125297190278042	0.0569657597015055	0.0183507652701168	0.00433984691499906	0.000773855617952069	0.000105372726847859	7.28416725728715e-06	2.32102558701971e-06	
3.35426438093732e-06	7.54006862024543e-05	0.000460716460912841	0.00325291855139488	0.0145989347167924	0.0485618269176301	0.112937107197655	0.188939520325102	0.22957023493729	0.19887297877657	0.123618917917915	0.056325433736246	0.0178603061366227	0.00411232507614356	0.000732998413802589	6.18614332549915e-05	1.51644520828532e-05	
1.10017653487384e-06	1.23207615259075e-05	6.11145025960717e-05	0.000428439742129196	0.00321398947525539	0.0151611681276925	0.0493545119909715	0.114857582314714	0.190796714506952	0.227845317355237	0.197823779089803	0.122741407854518	0.0550428258456134	0.0176246639739471	0.00423252500942117	0.000727946088359256	6.89859313953071e-05	5.49176518927354e-06	1.15488144544767e-07	
6.0400354022179e-08	7.84298596977995e-06	9.67613671435308e-05	0.000532595221679069	0.00354681448880189	0.0156769904069168	0.0499461641074538	0.115708770959191	0.192287097064671	0.229955892611275	0.196118898543855	0.120929200737487	0.0537195403241929	0.0167541673005306	0.00396167734042093	0.000660885573622177	9.49553965582676e-05	1.68516987721879e-06	
8.37928912572905e-06	8.40360737793916e-05	0.000572610776453932	0.00370210863985229	0.0164985290699847	0.0514255137278815	0.117406026797849	0.193205262368903	0.229973279825012	0.195178550432098	0.119119691999548	0.0521911693953367	0.0161567315317916	0.00369978489575222	0.000673690642553913	9.49852917806577e-05	9.64924229670124e-06	
1.32386507036317e-06	1.02967283250469e-05	8.38057622887272e-05	0.000644596206879212	0.00380878682508935	0.0171046038836756	0.0533410903621095	0.118563377409024	0.193033255229397	0.228927911341171	0.194447305230472	0.118819883020821	0.051375159738505	0.0155498189203248	0.00361006897430077	0.000596030471939676	7.5112081463848e-05	7.57394914405054e-06	
9.95846983140777e-07	1.51769472655839e-05	0.000137241470721611	0.00074290184942302	0.00401554511757726	0.0170968864195127	0.0547554800607181	0.121978638382427	0.195219786748669	0.227765812628095	0.192422790503084	0.115922809143067	0.0502013103181153	0.0154207234297812	0.00368138312990113	0.000550831974530529	5.99422130032244e-05	1.1743817125507e-05	
4.29297902723367e-06	2.81065261242847e-05	0.000100013924830449	0.000640953066079216	0.0040831611637662	0.0176187724147985	0.0551516607517205	0.122385851516047	0.197885534207221	0.227282629719125	0.19070672489397	0.115117270184302	0.0499851823845086	0.0149980216918046	0.00335583716506982	0.00056683377236179	8.62282297132169e-05	2.9254095310235e-06	
9.564311919512e-06	0.000113441469286879	0.000712554600128338	0.00427377759430558	0.0184679528844001	0.0569449035860198	0.124926167951176	0.198265397861464	0.227729277735678	0.188303815128009	0.112444322216306	0.0486500499302513	0.0150464591128234	0.00346862643941224	0.000564641818493239	6.4850845179181e-05	1.12598170750666e-05	2.93669807152976e-06	
8.62223889406367e-06	8.63234424126802e-05	0.000735273979071261	0.00440003461378634	0.0193145373578116	0.0580455393607955	0.12834625829532	0.201193031346624	0.227927075118559	0.185063345740471	0.109764956014173	0.0473143085608623	0.0142331586252549	0.00304529393460565	0.00046530071202425	4.72008879271372e-05	5.04672928028959e-06	4.69304212813738e-06	
1.18847073106433e-05	0.000117331692005918	0.000758738075833931	0.00464463130312911	0.0198662843017841	0.0588867797399514	0.129096760714298	0.202179745360892	0.227655284897179	0.184677846926759	0.108396643111308	0.0461271914264481	0.0142253826134247	0.00291705859620321	0.000399781074216528	3.77727129850776e-05	8.82746272144838e-07	
2.44854048351883e-06	0.000126913571409216	0.00077461850793573	0.0048941573803765	0.0207731066294896	0.0599987574316833	0.130448164223487	0.203940837056994	0.228799431718093	0.182682494216115	0.105569473936121	0.045080114030671	0.0134494927194467	0.00297815832391205	0.000431611708608587	4.69240057691836e-05	3.29599940535948e-06	
2.36094801237001e-06	0.000157243238526097	0.000949247561767555	0.0050017943204894	0.0208782792220452	0.061506641376051	0.131472495037674	0.205137731614273	0.227178821670649	0.182476561703253	0.104918687192924	0.0437432903380681	0.0132150579225495	0.0028617414080708	0.00044096123180418	5.29983032106831e-05	6.08691063238819e-06	
1.47774903025345e-05	9.96561742392004e-05	0.000969632056155723	0.00518264028532469	0.0217576725591622	0.063692252096202	0.134636138969771	0.205305936360257	0.227286656845985	0.179836645958452	0.102529698941539	0.0428401952485095	0.0127378349335606	0.00259306742191446	0.000461999303019349	5.02627191873218e-05	4.93263641957873e-06	
4.78477165508269e-06	0.000117931062986883	0.00103353983515572	0.00563040496414957	0.0228483693178923	0.0663444162319807	0.13814636167465	0.208578594065848	0.225998323580461	0.175824960165172	0.0988450053989048	0.0410739669277808	0.0123505365701541	0.00273998009844063	0.000420619625013567	3.73684543153807e-05	4.83725543923351e-06	
7.64002759378151e-07	1.65259673797797e-05	0.000119290215460444	0.00110037260502729	0.00603357956094213	0.0237593780126594	0.0680679472436231	0.14067731788968	0.210250015583452	0.225818096872829	0.172294143989079	0.0981239039517241	0.0392310480307466	0.0115570227255589	0.00256165423664052	0.000358126293458508	2.61347713150357e-05	4.67804766511545e-06	
1.97874879566288e-06	1.10151338505191e-05	0.000149144853003232	0.00125643725252884	0.00643269576998924	0.0248581637609893	0.0703718750720893	0.143451574421887	0.21093561840866	0.223700897719466	0.171209352761771	0.0955712172517371	0.0382356062430634	0.0111533822352668	0.00231184015402604	0.00029829563928621	4.4030869003341e-05	6.87370458703281e-06	
7.44877378544541e-06	0.000142020116308293	0.00124806493504513	0.00687490907688164	0.0262937315510021	0.0736134372882935	0.1483080376374	0.211185506143867	0.221377331002876	0.169252215013712	0.0931234106390717	0.0361845112153729	0.010069098434098	0.00202613483428483	0.000250580198098326	4.03113607654472e-05	3.25177913857832e-06	
