# <P(U)> as a function of N_tot.
# number_of_species: 1
# species_total_upper_bound: 511
# species_total_lower_bound: 490
# volume: 729
# Bin widths for each
10	10	10	10	10	10	10	10	10	10	10	10	10	10	10	10	10	10	10	10	10	10	
# Bin lower bound for each
-2640	-2650	-2660	-2670	-2680	-2690	-2710	-2720	-2720	-2740	-2750	-2760	-2760	-2770	-2780	-2790	-2800	-2810	-2820	-2840	-2850	-2850	
# Bin upper bound for each
-2480	-2490	-2500	-2500	-2510	-2530	-2530	-2550	-2560	-2570	-2580	-2590	-2590	-2600	-2620	-2630	-2640	-2650	-2660	-2670	-2680	-2690	
# Normalized histogram for each
3.7632311577873e-06	5.68734002263714e-05	0.000438727081556066	0.00293337591332276	0.0140150454367991	0.0464574878222371	0.108420569661837	0.186673970962065	0.226665538748921	0.200506977737178	0.12819657795838	0.0605785894185685	0.0196243684302583	0.00457914731678287	0.000763485238664619	8.10816964680827e-05	4.41994557711031e-06	
2.36223747721362e-06	5.54592607167443e-05	0.000550281766135155	0.0030200802206799	0.0137438498775657	0.0452568960078044	0.107774334878592	0.187854495581575	0.229394099077785	0.200957038378015	0.128124858863582	0.0590056383991054	0.0189351268707014	0.00448352673175145	0.000751023478973062	8.92932229416781e-05	1.6351465984543e-06	
2.61861518973147e-06	6.71648997001692e-05	0.000543185282613819	0.00315256437147905	0.0136950059286802	0.0460282183133808	0.109615651078581	0.188762817903673	0.228821103117964	0.200688313967266	0.126619125729396	0.0581026658528148	0.0186340914892936	0.004386377161429	0.000785529733695026	8.83266643245755e-05	7.23989051840783e-06	
2.10130149869955e-06	6.48756663937977e-05	0.000552064516940982	0.00307245784972372	0.0139199378241994	0.0465030932884937	0.11011219455529	0.188100246981039	0.229696258998715	0.200987529072563	0.126074939583628	0.057157963642339	0.0186505000857095	0.0042255075065155	0.000756604107370464	0.000110013301044818	1.11327017957216e-05	2.57901673957134e-06	
7.97048514506962e-07	7.01531769448638e-05	0.00054624606655348	0.00319692609559973	0.0141908840903105	0.0473729915051053	0.111255345698705	0.189055909490811	0.229545954666262	0.198991077274218	0.12538804202054	0.0567671343737669	0.018374717592723	0.00436313069517181	0.000762104229634104	0.000108450228645951	7.68651644354487e-06	2.44923005065095e-06	
3.03615365810748e-06	7.58491069752874e-05	0.00044963729248747	0.00320093341215656	0.0145424483757529	0.0484585288503869	0.112998967987868	0.189240923625503	0.229748966984134	0.199004102320104	0.123426195021306	0.0561865476685896	0.0177614570441519	0.00409465083783787	0.000730405843496595	6.13670081903803e-05	1.59824674006846e-05	
1.1584260006399e-06	1.29730911784369e-05	6.40046365712669e-05	0.000422105474072944	0.00318737714004243	0.0151083839046551	0.0493044122276716	0.114958762626435	0.191149515912655	0.22797593607429	0.197767786058405	0.122709403788026	0.0547983243374301	0.0175509635278662	0.00417606493094216	0.00074140224062501	6.58062770087262e-05	5.49772339530206e-06	1.2160272934894e-07	
6.35180917945678e-08	8.24782421952462e-06	0.000101308180507746	0.000544232538209626	0.00352895719935013	0.0156140967225554	0.0497786362741913	0.115623922971356	0.192565877471314	0.230121835322233	0.196023983415172	0.120999039860524	0.0536215411699499	0.0167603410311756	0.00394030353771634	0.000670134923860228	9.5705884811465e-05	1.77215476106844e-06	
8.24014276473554e-06	8.58679704656235e-05	0.000546476165300232	0.00365768887326735	0.0164203913729999	0.0511308183123187	0.117296503241746	0.193076502606214	0.230566872728643	0.19527973366722	0.118885379566785	0.0523253201417803	0.0162504360606201	0.00369557142998538	0.000669803635345774	9.42470275145155e-05	1.01470570290651e-05	
1.39204193928803e-06	1.08269928611291e-05	8.50124115848192e-05	0.00063444599887374	0.00380904341150654	0.0169933156734453	0.0531705317663339	0.118126226322661	0.193114177741975	0.229238663538728	0.194590717573946	0.118692572746028	0.05155427637809	0.0156793385622764	0.0036352401887874	0.000581374794508095	7.48798614144914e-05	7.96399504041656e-06	
1.04544565773942e-06	1.5779008636031e-05	0.000121902731064156	0.000729143405435376	0.00399341090450115	0.0170030748063743	0.0545515741841944	0.121694364012191	0.195198819386067	0.227626838953432	0.192800589023548	0.116063957878875	0.0502731082364928	0.0155680640739014	0.00372082272228229	0.000562801385226171	6.23751181020024e-05	1.2328724017846e-05	
4.50842625647881e-06	2.95170788287747e-05	9.81519364438533e-05	0.000649809717092912	0.00408288889039378	0.017480776518475	0.055100259141781	0.122479626198511	0.197837256096598	0.22712568527962	0.190776058359542	0.115201883503096	0.0499997959656123	0.0150934742724829	0.00337433225609733	0.000572348459874602	9.05556753067253e-05	3.07222398640938e-06	
1.00424664134138e-05	0.000116640394595537	0.000723307006575814	0.00426784868585285	0.0183632780756674	0.0570312758851314	0.124901069936095	0.198091166894409	0.22729002927658	0.188389018809596	0.112630077026029	0.0488413280672647	0.0151359798122543	0.0035392258130135	0.00058671262717871	6.80929731353485e-05	1.18227359949286e-05	3.0835142138672e-06	
9.05251619274685e-06	8.91115839077117e-05	0.000746494013682755	0.0044148849990155	0.0193590227516381	0.0581351466524942	0.128214859065944	0.201439723284208	0.227819379566128	0.184902882524923	0.109822071499232	0.047293951867269	0.0141599670479673	0.00305477642598841	0.000478894021050835	4.95563632047614e-05	5.29857721312794e-06	4.92723994082981e-06	
1.24640260558197e-05	0.000120113217670381	0.000765329465220516	0.00463261834199285	0.0197865410712525	0.0589552536712281	0.129403277485239	0.202315052584859	0.227539596689421	0.184490467714074	0.108318101546701	0.0461522147472628	0.0141481199551939	0.00291330793720906	0.000407001831270625	3.96139397074912e-05	9.25775641680093e-07	
2.56748104275005e-06	0.000132992443186856	0.00078248520148512	0.00494411061143728	0.0208334728536355	0.0601199669815173	0.130718475961948	0.204027949740073	0.228812702122639	0.182271813369674	0.105311584487379	0.0451059743328274	0.0134873345975671	0.00296111432194858	0.000434795996227629	4.92033911929177e-05	3.45610621802521e-06	
2.47615902022258e-06	0.000152093305972903	0.000935468915010865	0.00501804992431202	0.0209429013858764	0.061440850820528	0.131532353651974	0.205405974335779	0.227305136999258	0.182315321432092	0.104609583531097	0.0436689199048117	0.0133059016285615	0.00287150269227763	0.000431496822613329	5.55845473360884e-05	6.38394347893614e-06	
1.54828430661227e-05	0.000103838348996168	0.000980458830539604	0.00518922491432847	0.0218027372835247	0.0637487939824907	0.134585988654163	0.205680300598695	0.22744451414814	0.17957697290846	0.102302589105443	0.042783184622653	0.012721533322978	0.0025545254632683	0.000452025056851313	5.26618375192185e-05	5.1680788836979e-06	
5.01578710586076e-06	0.00012289748199418	0.00105203765724584	0.00560288177723159	0.0228262052447369	0.0664650935634107	0.138241560282566	0.208621260195818	0.225877022754459	0.17551036229828	0.0988999727833183	0.0411734593180053	0.0124130155231184	0.00273721680655099	0.000407755065856337	3.91726554227371e-05	5.0708048803309e-06	
7.99260990991406e-07	1.7288630051291e-05	0.00012438345468267	0.00109480311281415	0.00603017825057139	0.0237047898788966	0.0681702456651619	0.141068519722533	0.210362649304259	0.225853295645104	0.171749511605423	0.0981787885355233	0.0391305085605463	0.011562198644023	0.00256499144637036	0.000354813472466227	2.73408740533753e-05	4.89393652945507e-06	
2.07041219193788e-06	1.1525398003996e-05	0.000152909407776689	0.00125660362159108	0.00642228514454234	0.0248118693732436	0.0705722251777072	0.143698413988522	0.2108210344641	0.223699460803826	0.171174807626735	0.0954647847532437	0.0382629959369759	0.0110362716598329	0.00227753411685429	0.00028194544198787	4.60705513534362e-05	7.19212151232393e-06	
7.78473796654325e-06	0.000144309657715789	0.00125075514831732	0.00691254288319674	0.0263638973525824	0.0740421028264666	0.148476154473146	0.211082427523725	0.221442512752875	0.169229517239975	0.0926874262723419	0.0359766384176253	0.0100362823773224	0.00204651006919666	0.000255610286847185	4.21295356353789e-05	3.39844506600093e-06	
