# <P(U)> as a function of N_tot.
# number_of_species: 1
# species_total_upper_bound: 511
# species_total_lower_bound: 490
# volume: 729
# Bin widths for each
10	10	10	10	10	10	10	10	10	10	10	10	10	10	10	10	10	10	10	10	10	10	
# Bin lower bound for each
-2630	-2640	-2650	-2660	-2670	-2690	-2700	-2700	-2710	-2720	-2730	-2750	-2760	-2770	-2770	-2780	-2790	-2800	-2810	-2820	-2830	-2840	
# Bin upper bound for each
-2480	-2490	-2500	-2510	-2520	-2540	-2540	-2560	-2570	-2580	-2590	-2600	-2600	-2610	-2640	-2640	-2650	-2660	-2680	-2690	-2690	-2690	
# Normalized histogram for each
6.29894080417591e-05	0.000357523968671692	0.00267138649913711	0.0129175141478652	0.0453454066563181	0.110184649823505	0.192461936124095	0.226361156901115	0.201010120311807	0.124236421494317	0.0584909620181611	0.0187532016729759	0.00533816898591413	0.00157269802743331	0.000227959727033404	7.90423360937986e-06	
7.67891080900451e-05	0.000497749271467396	0.00341285375802526	0.0135877758558404	0.0434575619027968	0.108480200281579	0.193716556709832	0.235890863845403	0.199810210767838	0.120492987697386	0.0553291904824852	0.0191172410176732	0.00500367081970465	0.000834087188350167	0.000289014396780767	3.24689674799345e-06	
8.40625657551513e-05	0.000405948972942297	0.0029455106928904	0.012829844043335	0.046550055897005	0.10717993138078	0.187516216853252	0.234453816782577	0.203370192694527	0.122387853795473	0.0563268003662903	0.0195958603127424	0.00489003268037272	0.00117315492170718	0.00029043796516737	2.80075183382227e-07	
5.93751441071782e-05	0.000537840842596612	0.00258072809457397	0.0133719514686448	0.0445883837050393	0.108609045458741	0.185543502388028	0.231385733032945	0.203881621174793	0.125806054416941	0.0565667117376178	0.0210269247761127	0.00475021064039219	0.00109750434043852	0.000193895088301711	5.17690726621943e-07	
4.72482855622096e-05	0.000510410050835298	0.00296041043653559	0.0150397399865776	0.0492264057489914	0.110782524819814	0.186879143063952	0.227851201006421	0.200044339462539	0.123789744807831	0.0583358430636945	0.019065205526828	0.00431883882356269	0.000897396008773396	0.000229692558298599	2.18563497838793e-05	
6.81596974451527e-06	7.93314348370505e-05	0.000617510726380316	0.00276107271425749	0.0135372822050638	0.0479267937424235	0.114969277117205	0.188364889592785	0.22866154802127	0.198696891445922	0.123611402447885	0.0582537138666387	0.0178264227399142	0.0036320245878244	0.00102086287676432	3.41605110864168e-05	
2.09906177611747e-05	0.000121324149762466	0.000340793620408262	0.0028817929974975	0.0142541693121058	0.0498842031094318	0.116023127284351	0.192285607584372	0.228953663900173	0.191353145991124	0.124722036404377	0.055990770935953	0.01805622665199	0.00387037815367823	0.00100633397969308	0.000216146631540745	1.9288675780539e-05	
5.34659288368487e-05	0.000442511570108009	0.00308429551752994	0.0145714908326184	0.0505865455420352	0.115678640604457	0.195003730463671	0.229674481603265	0.194816964253166	0.118699587097213	0.0552414432236391	0.0172015284774929	0.004093505428817	0.000777362201694546	7.44472554561575e-05	
5.14001373001769e-05	0.000604683577257619	0.00339716682768519	0.015582049217746	0.0530512447169483	0.116510000620543	0.191682864080714	0.23716987102876	0.1914815333214	0.117204919090735	0.052986221916677	0.0159546188838411	0.00362732883489959	0.000615175060978699	8.09226845153101e-05	
4.32969676015888e-05	0.000685734661829952	0.0040332759920946	0.0172502534427468	0.0506250790388934	0.120100286302195	0.19897352697417	0.225515046533476	0.192729753405031	0.119754588322385	0.0515241489434822	0.0149598996722348	0.0029907998329359	0.00065236489950718	0.000161945011415887	
0.000120180032596411	0.000564353479682407	0.00446200677474551	0.0162239409528362	0.0549585388983311	0.122947282842939	0.195123953629084	0.228892079421071	0.186355737984753	0.120217750388899	0.0492878262917163	0.0155375498190858	0.00417787145574405	0.000956392376337634	0.000174535652177986	
8.28097384252388e-06	0.000101851977792588	0.00032367806454039	0.00432602874097994	0.0181622958859962	0.0546194632488781	0.123293739343747	0.204033434331877	0.228106305301503	0.187627384980474	0.112369974709026	0.0474535005316625	0.0145309488395835	0.00407647939397673	0.000822856767955912	0.0001437769081644	
7.99761351212798e-08	0.000109847221589078	0.000342977655467608	0.00374964110709364	0.0195750388084196	0.0605294979977975	0.124845706041317	0.203584370423866	0.225248745774261	0.183784598675755	0.112272058017887	0.0465290357357365	0.0149719323753792	0.00375124062979607	0.000608618388272939	9.57314337401719e-05	8.79737486334078e-07	
1.62005449577432e-05	5.32076721651369e-05	0.000520760164511769	0.00345833986186177	0.0218805830830256	0.0628593056525846	0.133498565656163	0.202010908525767	0.22239599865599	0.182262047150098	0.111048223701572	0.0445686521519843	0.0125977105294568	0.00240046015900835	0.000280134423227643	0.000118684874702682	3.02171929236337e-05	
2.91064000579548e-05	0.000719476346030913	0.00412931933232176	0.0208546147008041	0.0659253511140918	0.134393884011641	0.202652423504894	0.223410124375034	0.178557645648607	0.107514042930973	0.0462153597053175	0.0130421263539465	0.00245263749740431	0.000103888078877215	
3.90350550752302e-05	0.00109731877044814	0.00520258723035687	0.023338462037652	0.0712645078753633	0.136138273458237	0.1967314810886	0.220748760278975	0.181035419975252	0.103500384683512	0.0454703153340949	0.0129220762508474	0.00231337939606223	0.000197507558541023	4.91006982078368e-07	
0.000224794235023795	0.00133801110664294	0.00529408835518159	0.0229845828480994	0.0658617816742484	0.132747272612388	0.198424431768966	0.222812304764408	0.185013020239432	0.10734318070452	0.0428949831801856	0.0125897743730388	0.00232606797138267	0.000140266246425868	5.43992005828247e-06	
2.34172597154981e-05	0.000967980692550114	0.00582403398958723	0.0226159453127851	0.0649822900917214	0.131122563676374	0.202566685088244	0.225182590026444	0.183207474983099	0.106816215208816	0.0436242957461013	0.0108974640561213	0.00192207252761379	0.000195049623595812	5.19217172312595e-05	
4.52336366499969e-05	0.00118803852201387	0.00711270255573325	0.0228412246908789	0.0654574562897208	0.131690562919497	0.201828676290068	0.225785909853296	0.182924007162648	0.103536311629601	0.0420875224979981	0.0128434437613146	0.00236394918492592	0.000294961005655188	
0.000107906826097732	0.00119866358158171	0.00755483301461011	0.0250226951601671	0.0703149337795967	0.140727441078553	0.196130058047774	0.222390420787496	0.175414657812547	0.104017775997965	0.0436217579461858	0.0107703547932398	0.00238432583050565	0.000344175343679853	
0.000225191260122633	0.00118901158335924	0.00723488010652105	0.0262907660728154	0.0714583722473374	0.144892433439592	0.202583778868497	0.219416295777195	0.168618129639326	0.103251252337165	0.0420503484755823	0.00966341669590578	0.00268919104007786	0.00038966261834164	4.72698381628649e-05	
2.03997073123539e-05	0.000419157076214138	0.00584526034032052	0.0261463398832007	0.0812068571908859	0.14982989664659	0.202226763759351	0.22198913343488	0.163503960541888	0.0936640303911863	0.0402123758370282	0.0114703264150163	0.00294469337291869	0.00040252212175342	7.05672278702027e-05	4.77160535846904e-05	
