# <P(U)> as a function of N_tot.
# number_of_species: 1
# species_total_upper_bound: 511
# species_total_lower_bound: 490
# volume: 729
# Bin widths for each
10	10	10	10	10	10	10	10	10	10	10	10	10	10	10	10	10	10	10	10	10	10	
# Bin lower bound for each
-2640	-2650	-2660	-2660	-2680	-2690	-2700	-2710	-2710	-2720	-2730	-2750	-2760	-2770	-2780	-2790	-2800	-2800	-2810	-2820	-2840	-2840	
# Bin upper bound for each
-2480	-2490	-2500	-2500	-2520	-2530	-2540	-2560	-2570	-2570	-2590	-2600	-2600	-2610	-2630	-2640	-2650	-2650	-2660	-2670	-2680	-2690	
# Normalized histogram for each
6.7081621610335e-06	2.93101545439836e-05	0.000451451964903106	0.00312504825756328	0.0148005677561698	0.0480448546984256	0.110496469191915	0.191683109274943	0.226994066551834	0.198591267049952	0.123271087992202	0.0584602999992998	0.0184732497966634	0.00447040744652611	0.000958889264398999	0.000128798813073114	1.441362542582e-05	
4.27562489951223e-06	7.15320512272356e-05	0.00058079707638696	0.00350303852998428	0.0147335811558902	0.0461405860179954	0.108916908860356	0.191093096525238	0.232383388257475	0.199915298177424	0.123514273263569	0.0561553377705571	0.0178138619823202	0.0042924310686717	0.000719098725364251	0.000159489275335766	3.00563730559771e-06	
5.59407610561109e-06	7.29129768633234e-05	0.000517198723115187	0.00357187036773556	0.0144432184387504	0.0461893364665789	0.11106676075973	0.188864706530546	0.231864110814215	0.20110137859145	0.121270418905529	0.0563373810519987	0.0189651529167091	0.00468809964801651	0.000891262981950766	0.000150522866683245	7.38840240363729e-08	
4.7928280336145e-05	0.000531560540911137	0.0032079721822618	0.0139220543777566	0.046215900084311	0.110345034436906	0.18870388670972	0.229247841834611	0.200903766658382	0.125442537525153	0.0561627611963585	0.0198179068669999	0.0043462240819083	0.000922927439142695	0.00015834973041843	2.27267037937598e-05	6.21351030505945e-07	
1.30194953187932e-06	3.74100498555324e-05	0.000564573615150669	0.00313423350613948	0.0144768388270581	0.0474530680529965	0.109846237975354	0.186756733155374	0.228184672763437	0.199843583363256	0.12718842623144	0.0577919227828012	0.0188755068192914	0.00471840159823965	0.000865953932594734	0.000247779895184033	1.33554822947621e-05	
1.77705781349503e-06	4.22182669892458e-05	0.000362572369627941	0.00309399435004973	0.0142300270320987	0.0481040296794312	0.111759786283667	0.187564656250668	0.228992037876694	0.198280809077388	0.124592025906264	0.0586786593043056	0.0191141705387074	0.0041789354632959	0.000892198688859406	9.2806581431403e-05	1.9295272708659e-05	
5.43976184680629e-06	6.03624538522057e-05	0.000335217447706377	0.00288262221556522	0.0148634141434459	0.0496925710191101	0.113787226571762	0.188100401243345	0.225531528528868	0.197275263196524	0.126265158124793	0.0575522917847929	0.0184993068556741	0.00428675286616904	0.000750015040731477	9.90078662001731e-05	1.34208796143213e-05	
2.60645007983974e-06	6.17937184928405e-05	0.00048155729095087	0.00331955397008325	0.0153118307874259	0.0503739015194332	0.114401347730696	0.18757624518096	0.229043103990957	0.196537741845465	0.123961650236544	0.0565589554298913	0.0175431605717751	0.00411096604652547	0.000642041635266763	7.3543595452758e-05	
8.62252519229028e-05	0.000615098465602005	0.00350104525069344	0.0166182427026971	0.0524363498618401	0.117224943660075	0.189296253287266	0.227388563185509	0.194492332604122	0.121938944958568	0.0547427633631665	0.0169878226546687	0.00401675080478204	0.000585523318784424	6.91406303023204e-05	
8.19442302643368e-05	0.000702981978462923	0.00383993644335797	0.0169764489594836	0.0520375045493954	0.11691270755977	0.191759817954898	0.226876006916236	0.193508087505017	0.122965400660152	0.0539310083328863	0.015877875593206	0.00381650581026163	0.000608755561494862	0.000104965457137215	5.24879773663444e-08	
7.0634384310806e-05	0.000653587432733727	0.00446173332275245	0.0174063168263283	0.0544524496746663	0.119723610963361	0.190839040699424	0.225320334492135	0.19465945060468	0.1195939084298	0.0520677013393425	0.0159035837799602	0.0041400249437383	0.000642496956885495	6.51261498809407e-05	
7.33968661213416e-06	6.72089134996992e-05	0.000527609341044297	0.00446329379273489	0.017889402440095	0.055400771232491	0.119543391918377	0.195511556525036	0.225092263054159	0.193389706524044	0.117750194446726	0.0502944852934825	0.0155592979930041	0.00374128222440458	0.000653640450531114	0.000108556163758355	
7.46832188555809e-06	9.94687779482723e-05	0.000583340194217661	0.00441320942000401	0.0187140240717181	0.0591864825438457	0.123952770627337	0.195040861516961	0.224567477773474	0.1891869085226	0.113660991191467	0.0500539783761218	0.0160017697289469	0.00371605368562633	0.000759483041284378	5.54804673783279e-05	2.31739184037063e-07	
2.76848884419456e-05	0.00012109912798991	0.000770484167323402	0.00441882453420359	0.0201323188925408	0.0595427998319507	0.12909457195601	0.198850560722168	0.224363007692984	0.185723827955063	0.111486836259775	0.0477627279153465	0.0140977464479859	0.00306730337789996	0.000480531311870698	5.17035979377387e-05	7.97132050863435e-06	
1.5030709123146e-05	8.36785807762955e-05	0.000677266682200481	0.00436110196124211	0.020301002441085	0.0612403343250236	0.129936504101671	0.199404496628161	0.225748780953802	0.184440020470493	0.109747440889056	0.045853447359235	0.0145994193712011	0.00319652386747016	0.000362277562549843	3.26740969096643e-05	
5.23762842573241e-07	0.000153912948918573	0.000805065390062478	0.00484222938061702	0.0210214207165572	0.0623961502676852	0.131532133169887	0.199471579858231	0.227732408683808	0.181688260064341	0.106375217226711	0.046492636266305	0.014001364486007	0.00313175611511189	0.000324638685083746	3.07029778316434e-05	
2.51621233668883e-06	0.000198104146070905	0.000972389200281325	0.00532332207860453	0.0221064900812813	0.0638712907911323	0.132179319415733	0.203835665453373	0.224328407068857	0.179736715804981	0.105375631807174	0.0446528098500875	0.0138460610049126	0.00314082504614924	0.000352851204777268	7.7600834249143e-05	
4.40661202836884e-05	0.000910355062920893	0.00542096856768237	0.0222347007742756	0.0660638690252105	0.136477527976319	0.205587266458312	0.224321468720237	0.17650792085378	0.102821344320681	0.0439606562049156	0.0123610795447274	0.00274930592987584	0.00044708620614994	8.3117603835236e-05	9.2666307946021e-06	
5.85465330789653e-05	0.00118993955036157	0.005867445519559	0.0233054675970798	0.068453193313359	0.141099603949116	0.208026671634661	0.220413891586154	0.173933073871677	0.0986637532228695	0.0423543162088436	0.0128046872352272	0.00323913153590586	0.000523024139209491	5.19921077964635e-05	1.52619951022506e-05	
0.000127341640960381	0.00124364258993861	0.00600934043622833	0.0243518788509743	0.0703933864598335	0.143661425138876	0.206974949183647	0.219537730976315	0.17216073665242	0.0994788468617663	0.041244636817167	0.0116098393729458	0.0027143145296134	0.000440014444913293	4.04474531300828e-05	1.14685912701126e-05	
1.27923542136969e-06	0.000124118358807301	0.00104344414666807	0.00636107401960779	0.0243198698250035	0.071840050820771	0.145610196867935	0.210606240615575	0.219494422528142	0.169448727263203	0.0982295501019003	0.0390609549065286	0.0108532176115289	0.00254271890149149	0.000386513393882148	7.34259449909906e-05	4.19545854296668e-06	
9.23158419049364e-05	0.00108623814683175	0.00657555286527441	0.0260645639217648	0.0748304780523814	0.149140535599256	0.210711148251917	0.2193136935564	0.166353690530649	0.0933896357806378	0.0381285620367566	0.0110950839042754	0.0027076560307818	0.000392467314225237	0.000106488182126744	1.18899848179892e-05	
