# <P(U)> as a function of N_tot.
# number_of_species: 1
# species_total_upper_bound: 511
# species_total_lower_bound: 490
# volume: 729
# Bin widths for each
10	10	10	10	10	10	10	10	10	10	10	10	10	10	10	10	10	10	10	10	10	10	
# Bin lower bound for each
-2640	-2650	-2660	-2670	-2680	-2690	-2710	-2720	-2720	-2740	-2750	-2760	-2760	-2770	-2780	-2790	-2800	-2810	-2820	-2840	-2850	-2850	
# Bin upper bound for each
-2480	-2490	-2500	-2500	-2510	-2530	-2530	-2550	-2560	-2570	-2580	-2590	-2590	-2600	-2620	-2630	-2640	-2650	-2660	-2670	-2680	-2690	
# Normalized histogram for each
3.22874790965157e-06	5.65376130971494e-05	0.000452311952674234	0.00295213066358876	0.0139188256593651	0.0464149000998744	0.108824103130683	0.186354971610979	0.226596276463736	0.201454955562527	0.128336396201672	0.0600242631152797	0.0192223852047889	0.00452604169550916	0.000773907949557125	8.49721381013093e-05	3.79219065864123e-06	
2.02364489256598e-06	5.3838366444081e-05	0.000520948759470385	0.00301144105427636	0.0139837931512687	0.04573732837377	0.108035205939849	0.187630458136732	0.228828047862164	0.201287904637105	0.128466110252908	0.0585899095667425	0.0186224800067137	0.00442501653070112	0.000717546829696593	8.63246493637277e-05	1.62223790293251e-06	
2.24534801636084e-06	6.23111726609301e-05	0.000510125371992917	0.00314180044668599	0.0137946411893774	0.0462127325113866	0.109565387175009	0.188425045706796	0.228400936973772	0.200966326443903	0.127032530087733	0.058120548587188	0.0185636276461959	0.00436808399282827	0.000749089023320345	7.83604336054601e-05	6.20788952799273e-06	
1.79973097919896e-06	5.67592576558123e-05	0.000533618853050633	0.00309764941090133	0.0140919322710199	0.0465261780629834	0.110200458293891	0.188745675088877	0.229583218686876	0.200470209160919	0.125954822251712	0.057154391218631	0.0185361868452283	0.00418183389258246	0.000754352678401112	9.91704296249232e-05	9.53498025692351e-06	2.20888640918582e-06	
1.80043161904845e-06	6.78577422503422e-05	0.000529727913795577	0.00321751235087794	0.0143696706601807	0.047540247556416	0.111214868089317	0.189157461169502	0.22956850839224	0.198427076009112	0.125327359123251	0.0570230987688245	0.0184249313106298	0.00428736421910811	0.000738436933966839	9.53924537699218e-05	6.58775440333857e-06	2.09912073557262e-06	
3.03416023392458e-06	7.21455877844289e-05	0.000480212505729672	0.00324578600186142	0.0146140355300495	0.0483972598471294	0.112587146857323	0.188886182216543	0.229656328684023	0.198816237030499	0.123882010052786	0.0564529082912192	0.0180178548557888	0.0040935077117355	0.000719891820747384	6.17415684030755e-05	1.37172781431709e-05	
9.95606895574459e-07	1.11496971123173e-05	5.81549939417733e-05	0.000442990062624801	0.00319923974357336	0.0151463134680247	0.0492104065860265	0.114371464249595	0.190531783373618	0.228238430832663	0.197820208911825	0.123007330958855	0.0552304206883857	0.0176993273281021	0.00421460476052297	0.000740552761113441	7.10648800407416e-05	5.45658585861803e-06	1.04511221082402e-07	
5.46536448637364e-08	7.09677578555617e-06	9.08234270345572e-05	0.000519062061364364	0.00348851755751211	0.0155609748348741	0.050045304182471	0.115298006909735	0.192026422894869	0.229887393788942	0.196206229812122	0.121332777662439	0.0539607568848829	0.0168030144392716	0.00401817696061555	0.000663552634972867	9.0309682772838e-05	1.52483669169825e-06	
7.58648802936453e-06	8.11028460523646e-05	0.000548820298121417	0.00360285877352687	0.0163275710382321	0.051242024157422	0.116926275145389	0.19304501330003	0.229917155441991	0.195576913299777	0.11965634258451	0.0522310184166767	0.0162784396261466	0.00378302087549257	0.000678481016677031	8.8640406534424e-05	8.73628539103461e-06	
1.19886844760795e-06	9.32453237028403e-06	7.94406661587288e-05	0.00061363306711884	0.00375025080069664	0.0169109719067471	0.0528822503353399	0.118158217822517	0.192951112958377	0.229308141582232	0.194712952086733	0.119015435947782	0.051450322948926	0.0158047072115186	0.00365296847099676	0.000614367068209213	7.78448934178085e-05	6.85883241114478e-06	
9.01201454987313e-07	1.37345266788607e-05	0.000129118082334669	0.00070975162517136	0.00397686941163591	0.0169826786401104	0.0543672348352132	0.121192088608444	0.194887415405566	0.22875236585341	0.192945047520069	0.116107269137755	0.0500430239799126	0.0155661171494721	0.00372284426637786	0.000537107948240412	5.58041261316469e-05	1.06276820232288e-05	
3.89108475442517e-06	2.54752875819498e-05	0.000102871226859373	0.000675402311823335	0.00413875876622121	0.017738250883731	0.0548573940207355	0.121889156894387	0.197387588750853	0.226996108357452	0.191219012208739	0.115377873870924	0.0502840005485136	0.0152501554810371	0.00341962217076607	0.000547756408210371	8.40301848905778e-05	2.65154251963599e-06	
1.13346963899874e-05	0.000128456305206822	0.000778289811484628	0.00427304601853642	0.0184305391792928	0.0568018037346552	0.12444764037624	0.197768966392803	0.227649416070368	0.188768270434911	0.112853300609915	0.0488606853112405	0.0151644301375388	0.0034348084964034	0.000550737642966055	6.52343658599633e-05	1.03796009191957e-05	2.66081526933244e-06	
9.1308307789648e-06	0.000104375816421413	0.000799013663479115	0.00444377150529764	0.0191625118536884	0.0580932454171745	0.128196333681442	0.200883840185409	0.227566882318974	0.185196601690578	0.110067738297336	0.0475020767927856	0.0143944006374445	0.00307322061131109	0.000451923616569613	4.61092144674117e-05	4.57214705475737e-06	4.25171978766895e-06	
1.15758227169494e-05	0.000113431334875712	0.000776134524781439	0.0045881544971297	0.0196959145184744	0.0586089314916717	0.128750583552203	0.202304952338196	0.227924593560883	0.184752326850314	0.108735247759402	0.0460666968306184	0.0142782695630731	0.00294718633903017	0.00040621995421982	3.89814430659419e-05	7.99619344942397e-07	
2.23272103775277e-06	0.000130192385375422	0.000772766306637516	0.00489972361494887	0.0206970818535624	0.0602024567036737	0.130090185829851	0.203658165725462	0.228733698691475	0.182553036139358	0.105981583404512	0.0452910576076224	0.0135630271934379	0.00295483198687703	0.000424384650838555	4.2584031044243e-05	2.99115428657225e-06	
2.44934963457869e-06	0.000148623985527266	0.000908118957792167	0.005021320831449	0.0209253093011223	0.0618373674081966	0.131560134369408	0.205073612586554	0.227024822152843	0.182028858731515	0.105010791550238	0.0439301908257219	0.0132099562449722	0.002839053912935	0.000425804291571377	4.80651658768245e-05	5.52033464279231e-06	
1.4076510812543e-05	9.87870364864457e-05	0.000945042620421632	0.00527567931903145	0.0217936124377911	0.0639206229843349	0.135413215008763	0.205730815423711	0.226731646078137	0.179191595089564	0.102353197946751	0.0426903753789597	0.0127549466739657	0.00258234093777699	0.000453960856315075	4.56096949625666e-05	4.47600221587256e-06	
4.56169987691656e-06	0.000139745006368461	0.00100977957623045	0.00563065733376349	0.0229220502962351	0.0664957141006034	0.138165471534776	0.209312676469201	0.225627416359647	0.17554143439571	0.0987329881234796	0.0410028393436645	0.0123344585279689	0.00264126387270813	0.000400686925399588	3.38718109053086e-05	4.38462346222745e-06	
6.93477887412009e-07	1.50004601492505e-05	0.000123524415083942	0.00113685830917416	0.00606772880593414	0.0238005265054823	0.0681167321299123	0.140764198015548	0.210774980956564	0.225833941300063	0.172445596606388	0.0975051754254738	0.0390260068930849	0.0114793475136972	0.00253959337315945	0.000342127315754714	2.37222781947785e-05	4.24621844907661e-06	
1.79070786386539e-06	1.13268313008217e-05	0.000156988969024781	0.00121765986967298	0.00636028827443417	0.0248112642236436	0.0706203769131311	0.143825762782486	0.211107148763526	0.224020544547013	0.171313772825485	0.0951206700844935	0.0378147511372472	0.0109857779672593	0.0022782206968243	0.000303429675385204	4.40052362767881e-05	6.22049493339748e-06	
1.1251303154967e-05	0.000153020411390982	0.00123675345903101	0.00671195212679929	0.026239638605024	0.0741378422125526	0.148515717602711	0.211823837746971	0.221331635201167	0.168656803083381	0.0929852509745255	0.0360216963193753	0.00992284821461875	0.00197423134874164	0.000238118977403926	3.64612122790114e-05	2.94120087252902e-06	
