# <P(U)> as a function of N_tot.
# number_of_species: 1
# species_total_upper_bound: 511
# species_total_lower_bound: 490
# volume: 729
# Bin widths for each
10	10	10	10	10	10	10	10	10	10	10	10	10	10	10	10	10	10	10	10	10	10	
# Bin lower bound for each
-2640	-2650	-2660	-2670	-2680	-2690	-2710	-2720	-2720	-2740	-2750	-2760	-2760	-2770	-2780	-2790	-2800	-2810	-2820	-2840	-2850	-2850	
# Bin upper bound for each
-2480	-2490	-2500	-2500	-2510	-2530	-2530	-2550	-2560	-2570	-2580	-2590	-2590	-2600	-2620	-2630	-2640	-2650	-2660	-2670	-2680	-2690	
# Normalized histogram for each
3.3661259364003e-06	5.73565975424787e-05	0.0004514035350041	0.00295881318012859	0.0139622267860056	0.0464103216927659	0.10863410122095	0.186164139136572	0.226708362975182	0.20152295400869	0.128371318739959	0.0601109264905735	0.0192601461939305	0.00453820004538597	0.000765656874669667	7.67528544352011e-05	3.95354226747443e-06	
2.11043363368576e-06	5.48885967765167e-05	0.000515710874899664	0.00297983124401029	0.0139123913614229	0.045539430633241	0.107951313352731	0.187543673309285	0.229006652695981	0.201541238423185	0.128385383473861	0.0586409593254105	0.0186751550482325	0.00444567897273606	0.000721317922902672	8.28034843334355e-05	1.46084735792749e-06	
2.34254043270945e-06	6.07675759539309e-05	0.00051059303707436	0.00311063405345719	0.0137653301384928	0.0461606622008691	0.109485291246321	0.188451466647256	0.228513267133525	0.200867473302194	0.127203035226177	0.0581319640957558	0.0185105929447575	0.00437985246288008	0.000758498436660061	8.17523531799513e-05	6.47660501407971e-06	
1.87630305247962e-06	5.88110042793342e-05	0.000543395809988168	0.0030937989230349	0.0141107443116378	0.0464227724601495	0.109921629127247	0.188481299471119	0.229775294090544	0.20064270037397	0.126107215870427	0.0572369560672748	0.0185569772869653	0.00417761324492643	0.000755285474364733	0.000101386655110715	9.94065933640891e-06	2.30286657285901e-06	
1.87666662265677e-06	7.07310172864923e-05	0.000537764442073932	0.00325004066111016	0.014268792164101	0.047476410934757	0.111079721547644	0.189099149861372	0.229547764278911	0.198348331579952	0.12539395152942	0.0571995216027967	0.0185431209271506	0.00432123389763824	0.000753102568104405	9.94316208121002e-05	6.86669722760126e-06	2.18800302088554e-06	
3.16472124171187e-06	7.51866286988123e-05	0.000481444027369605	0.00326221656113095	0.0145435254647032	0.0483147154675367	0.112484159784769	0.188758714732226	0.229465244341022	0.198936461127831	0.123958349513019	0.0566358282835974	0.0181292641574345	0.00414198889050837	0.000731387831230051	6.40409301180292e-05	1.4307537562712e-05	
1.03920307776125e-06	1.16379261802323e-05	6.07015167935404e-05	0.000451255276794051	0.00316899811255172	0.0150303041521482	0.0491532118312214	0.114318975673947	0.190607407567573	0.228146970954552	0.197896840141994	0.123059704148816	0.0552792536893625	0.0177482594216842	0.00424073513639105	0.000746742050266546	7.21585871895215e-05	5.69552184054784e-06	1.0908761589759e-07	
5.70915108323192e-08	7.41333268157665e-06	9.4874672701148e-05	0.000522498652561844	0.00351148759270587	0.0155340634372722	0.0497597704834485	0.115428101878625	0.192274183213949	0.229713271674445	0.196196424245064	0.121290332429852	0.0540338122588885	0.0168660854585299	0.00401138942528028	0.000661759120359578	9.28821789731001e-05	1.59285315222171e-06	
7.91941102917391e-06	8.24600515653254e-05	0.000550040125110464	0.00363807414247377	0.0164475186022312	0.0512272053827434	0.11692807788392	0.192903408683053	0.229907283757843	0.195461582744149	0.11959709816209	0.0523221497913438	0.016373633419935	0.00378174150873287	0.000671878745741671	9.08079223098003e-05	9.11966572832854e-06	
1.25199226462967e-06	9.73771761378632e-06	8.17003024750854e-05	0.000619503374244069	0.00377713006909027	0.0169938957115654	0.0530424834361849	0.118236562479164	0.192667766636977	0.228939194789777	0.194782475258433	0.119181708757539	0.0515258126254522	0.0157789607145779	0.00368402556496662	0.000592036197009846	7.85916141989641e-05	7.1627584663507e-06	
9.41542256678019e-07	1.4349330188111e-05	0.000130896993312039	0.000720506022696625	0.00396231518115732	0.0170823700609128	0.0547018209893774	0.121436967654871	0.194899057692917	0.22814266695011	0.192726837710588	0.116129479816706	0.0501182858406083	0.0155630629805956	0.00375377629484715	0.000547462996717792	5.80985294000599e-05	1.11034127386624e-05	
4.06293807331971e-06	2.66004269703355e-05	9.59010950768898e-05	0.000671431466975366	0.00411312267406467	0.0176899789115225	0.0551061383625289	0.122046610852796	0.19747400668543	0.226920147558145	0.191262261136065	0.115325661551479	0.0500514691813387	0.0151318585612812	0.00342354585554163	0.000566692637488298	8.77414549019403e-05	2.76865032143116e-06	
1.18410107902778e-05	0.000119877235278169	0.00075469088401923	0.00430965012755801	0.0185448835073882	0.0569427154326465	0.124374770459209	0.197607816211593	0.227694666667086	0.188698851049269	0.112792446265926	0.0488572528009541	0.0151511508821674	0.00349500376236665	0.000563410639216492	6.73501404147701e-05	1.08432517514578e-05	2.77967236448723e-06	
8.15776087061919e-06	8.82927872511897e-05	0.000768882319299614	0.00445128320327132	0.0192647139889179	0.0582063802536722	0.12815274855787	0.200762211008755	0.227626336206994	0.185154544449135	0.110018825080698	0.0475018597993494	0.0143806813964221	0.00309737610388024	0.000460338424695657	4.81535667523209e-05	4.77486313626728e-06	4.44022902954419e-06	
1.12408173285946e-05	0.000112166046247673	0.000772975262807262	0.00464139720726611	0.019872816010288	0.0588124377342142	0.129005224764735	0.201844694101417	0.227590924832582	0.184970270793405	0.108553441259893	0.0461024436326237	0.0142877801581339	0.00296521016575435	0.000415439902428481	4.07023900546414e-05	8.34920821633669e-07	
2.32933224202498e-06	0.000122274672947872	0.000766577965842961	0.00494815966983384	0.0207903758010821	0.0602160119997424	0.130392123731996	0.203509013255327	0.228571942428546	0.182768097589992	0.105822943586094	0.0451702137186486	0.0134875194322946	0.00295053100224053	0.000434338561706027	4.44266681011726e-05	3.12058336118722e-06	
2.55363498293362e-06	0.000154323196978393	0.000931071378858834	0.00507046937148737	0.0210006066378706	0.0618166673932894	0.131692587405033	0.204832119397026	0.226953907506194	0.182099585997883	0.105000133345723	0.0438279568916835	0.0132687427647067	0.00285222193843269	0.000441186142843234	5.01116244535986e-05	5.75537255372674e-06	
1.46816076659658e-05	0.000102826468432975	0.000954442535215815	0.0052740459279559	0.0218757196555243	0.06400396616536	0.135231843732303	0.205712891825274	0.226711508275623	0.179390999956955	0.102204413298994	0.0427000948523512	0.0127562354648495	0.00256256998610288	0.000451521552346066	4.75702861399506e-05	4.6684089061956e-06	
4.75730982221942e-06	0.000128417046307662	0.00103261737024077	0.00564412915209753	0.0229449600559482	0.0665212510118482	0.13830274163076	0.209116731591221	0.225821300134793	0.175610036577566	0.0986421741981933	0.0408602804868527	0.0122784071751654	0.00264917109292404	0.000403128260305903	3.5324265748299e-05	4.57264020571379e-06	
7.22196869099912e-07	1.56216738146843e-05	0.000128639928468289	0.00117298937711181	0.00609309720954852	0.0238050948644753	0.0682675950948144	0.14087173795271	0.21072195526647	0.226031642811384	0.172243375522834	0.0974709671164377	0.0388932401867514	0.0114003664504689	0.00250748141791622	0.000346346174658457	2.47046882837485e-05	4.42206698310408e-06	
1.86794681346589e-06	1.18153937121628e-05	0.00016376040467379	0.00124729277936226	0.00640636864227779	0.0248543878048244	0.0704853263003988	0.143862673949676	0.211212921773849	0.224097369172506	0.170965596430041	0.095145288006985	0.0378310451236915	0.0110844580025457	0.00227781411172374	0.000299622029503881	4.59033226679451e-05	6.48880474782679e-06	
1.17434452697491e-05	0.000149886769195615	0.00125585554207543	0.00678092907028367	0.0261744165730818	0.0739194571891692	0.1486189260793	0.212089868206358	0.221461373242348	0.168755915374719	0.0926530163833296	0.035933188725362	0.00993908805421306	0.00197255926962426	0.00024265016554624	3.80560584822789e-05	3.06985164279701e-06	
