# <P(U)> as a function of N_tot.
# number_of_species: 1
# species_total_upper_bound: 511
# species_total_lower_bound: 490
# volume: 729
# Bin widths for each
10	10	10	10	10	10	10	10	10	10	10	10	10	10	10	10	10	10	10	10	10	10	
# Bin lower bound for each
-2640	-2650	-2660	-2670	-2680	-2690	-2710	-2720	-2720	-2740	-2750	-2760	-2760	-2770	-2780	-2790	-2800	-2810	-2820	-2840	-2850	-2850	
# Bin upper bound for each
-2480	-2490	-2500	-2500	-2510	-2530	-2530	-2550	-2560	-2570	-2580	-2590	-2590	-2600	-2620	-2630	-2640	-2650	-2660	-2670	-2680	-2690	
# Normalized histogram for each
3.2652934810586e-06	5.56384780574904e-05	0.000448806069600147	0.00295732518956663	0.0139508672379267	0.0464861788590453	0.108993345605623	0.186419878485497	0.226539394260294	0.201234202166571	0.128214240100733	0.0600088960113689	0.0192743793878184	0.00454220758576222	0.000781606233672625	8.59339212530093e-05	3.83511372925018e-06	
2.04678131779884e-06	5.32331141094277e-05	0.000517930872534168	0.00300241539515324	0.0140003118107539	0.0457793329445606	0.108250875929305	0.187749671096102	0.228786888924793	0.201157858311532	0.128375378640894	0.0584760466540366	0.018600308623823	0.00443435592497286	0.000724392588034213	8.7311603054612e-05	1.64078502357062e-06	
2.27072976397154e-06	6.18857754639041e-05	0.0005117251718093	0.00315006986506952	0.0138393037152822	0.0462750312755972	0.10965100670469	0.188581788628164	0.228417391037152	0.200783893387157	0.126967491211989	0.0580449814843381	0.0185141434486716	0.00435743813370891	0.000756055135119593	7.92462315904255e-05	6.27806443364052e-06	
1.81941731966956e-06	5.73801182644175e-05	0.000539397146998811	0.00310506622733542	0.0141533171998063	0.0466488735105613	0.110342847785694	0.18889245949926	0.229600060687489	0.200210232972587	0.125888773832093	0.0570260836893231	0.0184912384896946	0.00418064649688201	0.000751617784098332	9.8312815751177e-05	9.63927854921709e-06	2.23304829249767e-06	
1.8192012771363e-06	6.85651651855858e-05	0.000535116239262839	0.00323955594800251	0.0144133081609903	0.0476543044078104	0.111343881624959	0.189209507946211	0.2295286838202	0.198214118330403	0.125250074156205	0.0570189825102185	0.0184052449579251	0.0042727449055916	0.000738928260686278	9.63869284961373e-05	6.65643232279366e-06	2.12100425398841e-06	
3.06498987788489e-06	7.28786482074851e-05	0.000482283694145542	0.00326020014395068	0.0146514527566312	0.0485149906310126	0.112694337804694	0.1888573822693	0.229657678929057	0.198614068522388	0.123822378130894	0.0564811282208759	0.0180029214880567	0.00409136789537998	0.000717640303038062	6.23689151562678e-05	1.38566573349914e-05	
1.00627835131922e-06	1.12692056249948e-05	5.87783307697373e-05	0.000447679895584555	0.00321451727644693	0.0151905472702355	0.0493009955537035	0.114480515875657	0.190563492999195	0.228164606912637	0.197705923307685	0.122910846264888	0.0552337847715766	0.0176752375443053	0.00422183526341089	0.000741515953944219	7.18265920434733e-05	5.5150725110976e-06	1.05631429144007e-07	
5.52449829931635e-08	7.17356104166227e-06	9.1806112738039e-05	0.000524515204281141	0.00351013915592472	0.0155609123669165	0.0500435407808962	0.115480441419789	0.192191298990312	0.229827603831951	0.196058643919523	0.121269820076814	0.0539446238212212	0.0167517538845731	0.00398006955475947	0.000664773929353335	9.12868098979033e-05	1.54133502550926e-06	
7.67030790556183e-06	8.19989168678783e-05	0.000554883979928472	0.00362752797931001	0.0163702426571024	0.0513393412923152	0.117059094569482	0.193220879638935	0.22979099221685	0.19534823170409	0.119601742553247	0.0522009606380465	0.0162501697718634	0.0037701830644988	0.000677628144022384	8.96197566464963e-05	8.83280888874085e-06	
1.21226150892076e-06	9.42870062493922e-06	8.03281310967854e-05	0.000620155603028437	0.00377564207293375	0.0170016158043979	0.0529793272797483	0.118232227818826	0.193047131017656	0.229119838713472	0.194484169450804	0.118930509690211	0.0514996315357258	0.0158563915322527	0.0036756978463094	0.000602384014241197	7.73730718630217e-05	6.93545529933576e-06	
9.11451618548257e-07	1.38907416340312e-05	0.000130586656819632	0.000709927749722874	0.00397822355413617	0.0170727725115323	0.0544230361672515	0.12126192649839	0.194951002536975	0.228567202188651	0.192748075979691	0.116051735121551	0.0501399033072454	0.0156019030923673	0.00374006097250032	0.000541654073876843	5.64388359593545e-05	1.07485600781952e-05	
3.93480197709848e-06	2.57615082351032e-05	0.000103473847282798	0.000679895087606554	0.00414028093325295	0.0177879889946205	0.0549143498110732	0.121954535821043	0.197503177945269	0.22700772105973	0.191063236875632	0.11530850813539	0.0502240059058653	0.0152361472905268	0.00340547573855463	0.000553850627597782	8.49742831397776e-05	2.68133320323054e-06	
1.14685112939996e-05	0.000129972831769121	0.00077923539056821	0.00428912250358609	0.0184288387244887	0.0568268082889434	0.124400485477627	0.197765219157521	0.227706387981207	0.188609508882169	0.112883073083013	0.0488733997898129	0.0151965995605407	0.00346524348965647	0.000555437451091924	6.6004508270973e-05	1.05021401785546e-05	2.69222826246514e-06	
9.237766320635e-06	9.8763190854704e-05	0.000795804555779763	0.00444399489070614	0.0192103450560434	0.0581173404996534	0.128199533464197	0.200806303627263	0.227503540916739	0.185186450324409	0.110096371887028	0.0475066639410125	0.0144268629341042	0.00309115929145488	0.000452051225443778	4.66492216085384e-05	4.62569366335542e-06	4.30151371875042e-06	
1.17092803272214e-05	0.000113029739617339	0.000773605162986482	0.00460503374762608	0.0197658205945481	0.0587054839240249	0.128810751648308	0.202232331291156	0.227817680385096	0.184774220311363	0.108602453446073	0.0460655085838825	0.0143032674216964	0.00296975442743513	0.000409110337750996	3.94308599552413e-05	8.08838152928027e-07	
2.25844397274938e-06	0.000129794578638891	0.000770616615636107	0.0049237147290238	0.020720703927107	0.0602053033244363	0.13021271379325	0.203648194564491	0.228776024444924	0.182573746708617	0.105822310285087	0.0452145059452595	0.0135561605499556	0.00296867749518321	0.000429174342359083	4.30746370106503e-05	3.02561504811717e-06	
2.47595229986053e-06	0.000150238207557481	0.000917283933390846	0.00502941103711648	0.020920330697427	0.0618628229403114	0.131673106344686	0.205074038868885	0.227051423960986	0.181997406147256	0.104952771451567	0.0438525122800521	0.0131923652845364	0.00283997368164751	0.00042967171353827	4.85872071164605e-05	5.58029162593295e-06	
1.42307851980503e-05	9.98697131208038e-05	0.000953526831444388	0.00529850292193236	0.0218087371872558	0.0639525198281159	0.135443767341294	0.205671397126309	0.226685016619272	0.179379975981496	0.102363399996079	0.0426263716337496	0.0126573709293873	0.00255153590017415	0.000443142583599534	4.61095636983084e-05	4.52505787324239e-06	
4.60989082042483e-06	0.000141221307723038	0.00102030024448607	0.00565828308788264	0.0228853489331326	0.0665130191302617	0.138318703055133	0.209374478466038	0.225621392316404	0.175614933928807	0.0986757813520558	0.0408274793551274	0.0122882275316472	0.00261749921285981	0.000400061602670797	3.42296412251244e-05	4.4309437260051e-06	
7.00620118867209e-07	1.51549521096507e-05	0.000124796611326839	0.00114720346671146	0.00609437913497236	0.0237804534639764	0.0681304641969376	0.140791725525493	0.21075180796369	0.225936180728948	0.172528868378325	0.0974232754949868	0.0389237698902683	0.0114457236869584	0.00253284143333726	0.000344397903507471	2.39665974507883e-05	4.28995088167922e-06	
1.80919026830642e-06	1.14437387436053e-05	0.000158609296760446	0.00122819878598234	0.00638957721526282	0.0247938893548978	0.070508967454997	0.143791111661951	0.211138430969134	0.224156783680021	0.171213092643976	0.0951311844541656	0.0378215131487487	0.0110068830358953	0.0022911997847069	0.000306561459241768	4.44594268183065e-05	6.28469842828481e-06	
1.13674944223494e-05	0.000154600640391126	0.00124486694474084	0.00672909765225847	0.0262053857488202	0.0740457535756243	0.148541757715272	0.21187529791799	0.221482851592773	0.168591850311052	0.0929146752228887	0.0360165791904697	0.00992283120049259	0.00198269746204294	0.00024057801218339	3.68377441710639e-05	2.97157440813626e-06	
