# <P(U)> as a function of N_tot.
# number_of_species: 1
# species_total_upper_bound: 511
# species_total_lower_bound: 490
# volume: 729
# Bin widths for each
10	10	10	10	10	10	10	10	10	10	10	10	10	10	10	10	10	10	10	10	10	10	
# Bin lower bound for each
-2640	-2650	-2660	-2660	-2680	-2690	-2700	-2710	-2710	-2720	-2730	-2750	-2760	-2770	-2770	-2780	-2790	-2800	-2810	-2820	-2830	-2840	
# Bin upper bound for each
-2480	-2490	-2500	-2510	-2520	-2530	-2540	-2560	-2570	-2570	-2590	-2600	-2600	-2610	-2630	-2640	-2650	-2650	-2660	-2670	-2680	-2690	
# Normalized histogram for each
1.06464359281325e-05	3.40885882769312e-05	0.000304481403108953	0.00294159858418064	0.0145728381662099	0.0484106104079891	0.112138793003396	0.190872618876288	0.22636492057009	0.199164426388859	0.123437410602844	0.058225458057491	0.0181121033382058	0.00434599510570511	0.000883887437282246	0.000157247358825844	2.28756753197588e-05	
6.76966318211101e-06	8.7100765397557e-05	0.000535674734172586	0.00350470825047338	0.0144114399532719	0.0454607179737205	0.109575996892389	0.191573625968669	0.233641703779446	0.200812574066231	0.121677808739119	0.0557428477084171	0.0178292485174521	0.00421414884404817	0.000752203416447929	0.000168671855423588	4.75887213791962e-06	
8.82291978815604e-06	8.67642602563571e-05	0.000512711521802675	0.0036090569568914	0.0140677460737716	0.0459183200388302	0.110112885596345	0.188895533083893	0.233370306916252	0.201639142014666	0.121957905117222	0.0554353039679817	0.0189354008619527	0.00436980905387053	0.000904648924618422	0.0001755261627289	1.16529129277533e-07	
3.16556181978062e-05	0.000419951261961672	0.00303749593043635	0.0135304208582917	0.0463140442058099	0.110298526581951	0.187314853829768	0.228776679087073	0.201419007881403	0.126641685163276	0.0563513306417541	0.0204855649966243	0.0042799955356951	0.000902450574555277	0.000195840103357916	4.97729845877455e-07	
2.06224003406288e-06	3.3594555393605e-05	0.000484925765429077	0.00306931167134227	0.0144077568431403	0.0487383656192256	0.11129350663312	0.187420598561511	0.226820825318108	0.198728775371519	0.126382052152021	0.0575629069275649	0.0192434103655934	0.00462966235259911	0.000910861487303146	0.000254936108727016	1.64480273684532e-05	
2.83550657574948e-06	6.73642538558234e-05	0.000476130210690051	0.00305315267812002	0.013709003167932	0.0485435202357772	0.112673316774087	0.188400872107865	0.227224879815208	0.19859354511525	0.125194477580816	0.0576874081511888	0.018903248539215	0.00429260461463091	0.00103754373454303	0.000109309617402413	3.0787896843197e-05	
8.70941984116473e-06	9.6644295843658e-05	0.000400599685589944	0.00304959158789756	0.0146447381409521	0.0506154827625533	0.116011960689983	0.189679512349159	0.224950258367966	0.193632462449076	0.126833919249185	0.0564247666779211	0.0183828278622008	0.00427740120932817	0.000822619836194644	0.000147017697087151	2.14877192220242e-05	
4.18568460370926e-06	9.24868870035598e-05	0.000547470803426756	0.00343725071108921	0.0155662931573801	0.0512294310017184	0.114833922247995	0.189681061883405	0.229341779665362	0.19427565438742	0.122445372044241	0.0556505687357555	0.0180378394594399	0.00401527701212305	0.000755315158108543	8.60911609290921e-05	
0.000119805890626905	0.000642863741734816	0.00395114423519949	0.0165620274063317	0.0538278351256808	0.117617415101063	0.190722788317222	0.230036707860325	0.19325448699408	0.118229870063723	0.0532313397374692	0.0171241031444977	0.00408164018778596	0.000537456710073856	6.05154841855469e-05	
0.000106672706619434	0.00078621798073524	0.00425358682338797	0.0174625716398452	0.051360361987068	0.11734387253829	0.19247749334046	0.226562863072513	0.192359252901191	0.122848325845559	0.0532652269302482	0.0164750312682896	0.00398484782158685	0.000606816949163289	0.000106773882123658	8.43129201860847e-08	
8.2399448908148e-05	0.000658263662478438	0.00484096338731376	0.0176984290307	0.0547226889161558	0.120800947042977	0.193028342411308	0.225675349729575	0.191023644981898	0.117894108659677	0.0516584901211736	0.0165820630649765	0.00448859264096503	0.000748491313195256	9.72255886972966e-05	
3.45889535648478e-06	5.52086485885301e-05	0.000550432231584373	0.00454313372844724	0.0183969620806148	0.0546501288914745	0.11998899636826	0.19727555679192	0.224532437554072	0.192164529258712	0.116903895645227	0.0503989292730425	0.0156921059118437	0.00397577463214731	0.000757163890282101	0.000111286198426032	
3.36926236098971e-08	6.31231303331422e-05	0.000532073912047495	0.00434735922438502	0.0187458682314509	0.0597788510525592	0.125708627471341	0.196920126952458	0.221199823302405	0.188288683250827	0.113768433360724	0.0499335295075112	0.0161324661885257	0.00370094939411734	0.000822049477146074	5.7631232684729e-05	3.70618859708868e-07	
6.79401254997325e-06	8.06955510224764e-05	0.0007761992818429	0.00443604059136084	0.0208778506981439	0.0611123427109079	0.132293911580623	0.198933166848942	0.222841596748146	0.183748948447549	0.110183547076354	0.0469725871751323	0.0142915051347165	0.00292237456000651	0.000433817683705645	7.59497334324216e-05	1.26721655650236e-05	
4.72928837298792e-05	0.000584433467388676	0.00461846649227582	0.0210523605826603	0.0632828242004613	0.132903294478899	0.200083635133537	0.222595530709251	0.183120477055974	0.107135550297164	0.045774682247607	0.0150191707699072	0.00347138092789237	0.000274665078957967	3.62356742944426e-05	
5.92426324664005e-05	0.000682639363013831	0.0051617343139042	0.0217189858995328	0.0638849924032846	0.132768638482134	0.197745019274134	0.224751732729687	0.18242425443985	0.106684534758557	0.045891538521445	0.0143766367034135	0.00344279299298589	0.000377627789919492	2.96296956720215e-05	
0.000131801898065027	0.000961688118844926	0.00540843430929677	0.0224628164046302	0.0632315192394033	0.131353243664215	0.20103318631904	0.22391960484382	0.18230983473683	0.106088707973685	0.0451687912541917	0.0142108641720323	0.00329181923827851	0.00032761321390446	0.000100074613762348	
4.30336322555498e-05	0.000861648426933854	0.00519110968158155	0.0221893778838488	0.066134506132673	0.133381717778229	0.20401385041258	0.223286484118506	0.179353362947705	0.104302460213902	0.0455676549561381	0.0124839707162252	0.002604791690758	0.000503288417820383	6.8073186150593e-05	1.46698046928027e-05	
5.5936694426244e-05	0.00116373155332727	0.00565633397582236	0.0223648125106528	0.0671043027918031	0.137202762279468	0.206038535617606	0.221751898009722	0.178467718109864	0.10003517770462	0.0434104317371583	0.0134074585693061	0.00281470292154134	0.000446369452672532	5.55675860647031e-05	2.42604859449156e-05	
0.000125572838437932	0.00120578982519426	0.00583823316026086	0.0238254906172019	0.069535152598198	0.142593558395517	0.203687219261377	0.221350737675806	0.174128829352831	0.100237297694141	0.0426250098893045	0.0117059462886469	0.00260655289516347	0.000456610073631162	5.97201646546603e-05	1.82792696340431e-05	
0.000132764408260001	0.000897846559221957	0.00599875754381762	0.0243184466266664	0.0701239840339467	0.143018304879813	0.207815363565142	0.220288280421682	0.169908651028493	0.101145199419615	0.0421374924405254	0.0112250802036122	0.00257541153333445	0.000333364266713835	7.4357756932693e-05	6.69531222265058e-06	
8.71129580844214e-05	0.000968763010999809	0.006178569767347	0.0252788834860995	0.075808003730249	0.148132541184328	0.207838203555923	0.219845787471046	0.164227966626096	0.0950383228891203	0.0405613178902232	0.0122756489928312	0.00321964388064066	0.000423095444016438	9.72712499695381e-05	1.88678630260061e-05	
