# <P(U)> as a function of N_tot.
# number_of_species: 1
# species_total_upper_bound: 511
# species_total_lower_bound: 490
# volume: 729
# Bin widths for each
10	10	10	10	10	10	10	10	10	10	10	10	10	10	10	10	10	10	10	10	10	10	
# Bin lower bound for each
-2640	-2650	-2660	-2670	-2680	-2690	-2700	-2710	-2720	-2740	-2750	-2760	-2760	-2770	-2780	-2790	-2800	-2810	-2820	-2830	-2840	-2850	
# Bin upper bound for each
-2480	-2490	-2500	-2500	-2510	-2530	-2530	-2550	-2560	-2570	-2580	-2590	-2590	-2610	-2620	-2630	-2640	-2650	-2660	-2670	-2680	-2690	
# Normalized histogram for each
2.88167719169757e-06	4.48878363173295e-05	0.000458294232193134	0.00305691274359892	0.0140401676670038	0.0464443991253774	0.10915910172251	0.18847608327814	0.225454136975887	0.199191297406587	0.127621653442286	0.0605536553391731	0.0199174580989907	0.00473836466253487	0.000759274883075276	7.52776544151541e-05	6.15325471881923e-06	
2.7065912799168e-06	4.89029789894602e-05	0.000532982674201026	0.00302118081222089	0.013733401514256	0.0452565306315905	0.108219176776504	0.189197200208463	0.229614588415498	0.20010140905142	0.127440335982754	0.0586342132164848	0.0187295846810315	0.0046049818148538	0.000766689188023875	9.38404870339261e-05	2.27497539474735e-06	
2.73031062649694e-06	6.17912404944045e-05	0.000554194678826668	0.00314865887972795	0.0136176487817774	0.0460701523228174	0.110671663823678	0.189951891073539	0.22846758374717	0.199937467803497	0.125801514006639	0.0576126033653279	0.0185989702911892	0.00454394191335992	0.000852790969102426	9.94542589556378e-05	6.94253327066492e-06	
5.42577904209889e-07	5.50694152198483e-05	0.000566760735923971	0.00303784884452206	0.0139753449909858	0.0461685906135368	0.110320580585262	0.188515630167242	0.229388050596062	0.200700257320934	0.125963697950916	0.0572698825094632	0.0188474613968152	0.00423732716259333	0.000810234723237065	0.000123671889240568	1.54657123274372e-05	3.5828078137496e-06	
5.53908815914887e-07	5.27642817224729e-05	0.000517730529623801	0.003117930389752	0.0142725907947118	0.0470258533946934	0.110751199923957	0.188934821777449	0.229790872485942	0.198554399838212	0.125737488826956	0.0572785313640213	0.018651856431427	0.00441577001448664	0.000754937513032771	0.00012893567792393	1.03723892786642e-05	3.3904579941887e-06	
1.73181560584391e-06	4.53619639231744e-05	0.000442197690429284	0.00320050236221434	0.01432502968814	0.0480241617557197	0.112398439280635	0.188854777477585	0.229647220948356	0.198979703513882	0.123673723833114	0.0573251229562299	0.0181055519116013	0.00411421363198833	0.000779495560321084	6.06090827622537e-05	2.21565274933226e-05	
4.43703877947909e-06	6.42859852794599e-05	0.00039215605805338	0.0031615344784873	0.0150365292652998	0.0488073199787438	0.114059118465125	0.190639574134528	0.227675248130623	0.198443308248652	0.123602518216265	0.0555274750368601	0.0176233095492954	0.00415305497315165	0.00073006831769457	7.34620834960803e-05	6.43126341610183e-06	1.68776249870076e-07	
4.21311031362024e-06	0.000113015915347112	0.000509188868278964	0.00348001593935174	0.0154291436383651	0.0492260599825304	0.115038529003649	0.191455155056342	0.230088884590159	0.196319048133349	0.121817977045604	0.0547602110241958	0.017030024513185	0.00402530839528172	0.000616941690658697	8.42050942452129e-05	2.07799914321415e-06	
8.88504405081668e-06	9.75338506042042e-05	0.000548641607607533	0.00350932063256832	0.0162223458647477	0.0511889348335233	0.117008337375546	0.19213699550916	0.230730251688839	0.195371462761283	0.119220169809191	0.052957808151946	0.0164295992701798	0.00376424731826511	0.000670945751221686	0.00012043245451218	1.40880767534903e-05	
1.93687650089812e-06	1.49328347008018e-05	9.14548285219989e-05	0.000627956443240159	0.00373614693002835	0.0166408391578489	0.0523486902634676	0.117335833488071	0.193504208999533	0.230160216052469	0.194559024914706	0.119102506417452	0.0519227135855864	0.0155960545939869	0.00365713027441007	0.000597559340603615	9.1977477736527e-05	1.08175211376691e-05	
1.45417869821224e-06	2.19480544661103e-05	0.000135116345649805	0.000694018792705036	0.00396068494698842	0.016825987299998	0.0533376545294129	0.120777606556363	0.195838289040418	0.228633394301122	0.193010444234561	0.116433961684094	0.0503900212074277	0.01550240083593	0.00379186921090587	0.000559500712765907	6.96128006852893e-05	1.60352678073134e-05	
6.28048030938725e-06	3.92921462015266e-05	8.75048361111925e-05	0.000567939832963841	0.00398628261332404	0.0170487943867781	0.0539569981341363	0.120918461441859	0.197782659029318	0.227994839967816	0.192234498381713	0.115980381606246	0.0500984171706488	0.015259144556567	0.00340142375792009	0.000532070635518193	0.000100731249283524	4.27977328562123e-06	
1.40777614533552e-05	0.000152004847891383	0.00071161335356468	0.00404433975467105	0.0173800108125078	0.0564046891589393	0.124116588225482	0.197846905192358	0.226932981247062	0.189637594132078	0.113655386201591	0.0493137294588355	0.0155208937654216	0.00357978237066154	0.000611355208953393	6.50462530754717e-05	1.28186324786452e-05	1.83622975478546e-07	
1.18838826267064e-05	8.67128764060859e-05	0.000760388695051021	0.00418719176179437	0.0186802487897406	0.0576452985540472	0.127313266820134	0.20095080708446	0.228212968824103	0.186170155711751	0.111017394101341	0.0471255190154181	0.0142387243989485	0.00303367019682297	0.000505073782028105	5.68189915845886e-05	3.87651374243855e-06	
8.54011011636219e-06	0.000104977794867067	0.000724789203098706	0.00442688569245829	0.0193285529238417	0.0583506866098745	0.128985902648762	0.201320995694868	0.2278503506475	0.185475123121621	0.109415426249682	0.0463320511431115	0.0143087656363197	0.00288364828502541	0.000447732748164583	3.45381677558013e-05	1.03332293222888e-06	
2.17322417865763e-07	0.00011327713708835	0.000792796526822661	0.00504413155473479	0.0207855070982826	0.0600131771274849	0.130914055264352	0.202494652727578	0.228590076697645	0.182987205729419	0.105303103813985	0.0457511152823493	0.0137209724891334	0.00300423902588616	0.000433323515430902	5.21226087009246e-05	2.60786901438916e-08	
1.29006546991043e-06	0.000113590916173831	0.000984107114457397	0.00503311441689688	0.0207673088757364	0.0611888086221061	0.131185971433676	0.205283913569019	0.227152408430176	0.181943619065576	0.105187768507907	0.0441301860403849	0.0135514688385728	0.00295778566108649	0.000442514174453182	7.2691062757411e-05	3.45320555077034e-06	
1.79908462591499e-05	9.64418133320985e-05	0.000919173399518583	0.00511080317469892	0.021634748000451	0.0640408085571475	0.134329633421702	0.206803905831715	0.226263988708482	0.178843739447293	0.102613580047575	0.0433500274833054	0.0128222332466514	0.00261490993714595	0.000473636652871944	5.70803625074373e-05	7.29906934362344e-06	
4.67615176480917e-06	0.000123679442595769	0.0010383008929281	0.00560624615887534	0.0226096145497551	0.0658582230692699	0.138572452416902	0.208369136114363	0.225074866144071	0.175437168136372	0.0996887279236186	0.0416563051009441	0.0126153855630278	0.00289083779635437	0.000405168162746045	4.29399130981874e-05	6.27246331346388e-06	
1.11102942033834e-05	9.34556404790487e-05	0.00105299493384549	0.0055931734582071	0.0234977704004726	0.0679040104444097	0.140685898245554	0.210133859931605	0.226036727473228	0.171687974168679	0.0990967025345016	0.0395646653335012	0.0115931032530173	0.00262887190698312	0.00037692960412861	3.58051704394189e-05	6.94720674461363e-06	
9.94561485839851e-07	0.000100998823955354	0.00114076644453158	0.0062666877195442	0.0244221645285208	0.070293943796411	0.144230944214087	0.211163747577873	0.22209489330382	0.170950952440039	0.0971035244399141	0.0385892818088953	0.0110541884527018	0.00225156785656312	0.000294704039210794	3.8929346692407e-05	1.71064575564454e-06	
6.6576492506261e-06	0.000124470632337735	0.00124012200579906	0.0068243026778838	0.0264161862147855	0.0742361842803538	0.149022522036101	0.211530974233487	0.221280447290054	0.167882391290921	0.0925968403601233	0.0361795713710808	0.0100698845838149	0.00224859229952504	0.000282857257405086	5.31595167588173e-05	4.83630031884791e-06	
