# <P(U)> as a function of N_tot.
# number_of_species: 1
# species_total_upper_bound: 511
# species_total_lower_bound: 490
# volume: 729
# Bin widths for each
10	10	10	10	10	10	10	10	10	10	10	10	10	10	10	10	10	10	10	10	10	10	
# Bin lower bound for each
-2640	-2650	-2660	-2670	-2680	-2690	-2710	-2720	-2720	-2740	-2750	-2760	-2760	-2770	-2780	-2790	-2800	-2810	-2820	-2840	-2850	-2850	
# Bin upper bound for each
-2480	-2490	-2500	-2500	-2510	-2530	-2530	-2550	-2560	-2570	-2580	-2590	-2590	-2600	-2620	-2630	-2640	-2650	-2660	-2670	-2680	-2690	
# Normalized histogram for each
3.15151719321662e-06	5.51852497392167e-05	0.000445703790834672	0.00293068992518347	0.0139106809667869	0.0461737276090365	0.108763651663457	0.186317658720246	0.226396408691683	0.201531738722068	0.128795104721654	0.0600353295591403	0.019221863607663	0.00455173169911809	0.00077924430294926	8.442777069287e-05	3.70148255456495e-06	
1.97214072003721e-06	5.24681159005248e-05	0.000514164873742998	0.00298863492533606	0.0140188017853026	0.0457682277905086	0.107986766585046	0.187565836215116	0.228663163369561	0.201406751447045	0.128576954380999	0.0585645586267458	0.0186482712790443	0.00443636966879407	0.000718396097611037	8.70817485107539e-05	1.58095001633626e-06	
2.18706310586362e-06	6.06936946151856e-05	0.000512031335809232	0.00312163664978218	0.0138128899423087	0.0462655127147122	0.109526547380007	0.188454282699432	0.228303762983209	0.200960596362765	0.127117553823138	0.0581621933109957	0.0185165246838945	0.00435905917845851	0.000741963852091702	7.65175810030535e-05	6.04674467076825e-06	
1.75248873657856e-06	5.72964213046669e-05	0.000534595208496048	0.00313257496263168	0.0141174758669447	0.0465154551725939	0.110274408858966	0.188787468306773	0.229540037902805	0.200467178501237	0.125948175483842	0.0571087138782089	0.0184918169692041	0.00415767857772063	0.00075637790750029	9.75578983311938e-05	9.28469071038321e-06	2.15090399466401e-06	
1.75379923359297e-06	6.92844987550598e-05	0.000541134618824708	0.00324432922555208	0.0143585913981331	0.0475621785204848	0.111307486935792	0.189099226649701	0.229660917519708	0.198464272096364	0.125310867985925	0.0569432182928771	0.0183486732351198	0.00425476004482517	0.000731652173356906	9.31911260959262e-05	6.41712714964432e-06	2.04475210183881e-06	
2.95665204770975e-06	7.03026153566542e-05	0.000476745332505345	0.00323266009405789	0.0145820301770503	0.048465136084017	0.112910464861234	0.189103735496938	0.229577795069196	0.198520521474254	0.123696323452995	0.056511815426499	0.0179825058560493	0.00407691350622756	0.00071259084215804	6.41361916870227e-05	1.3366867727533e-05	
9.71394732850885e-07	1.08785476435842e-05	5.67407227241214e-05	0.000444684114776567	0.00319912754799253	0.0150916771221299	0.0492360865951713	0.114380015093649	0.190851425873297	0.228279034156708	0.197634949000703	0.122887796072796	0.0551542285027394	0.0177177059284382	0.00422888110031867	0.000743167955437347	7.64074409480555e-05	6.12086018130626e-06	1.01969612840701e-07	
5.33541585284902e-08	6.92803748492445e-06	8.90294166285651e-05	0.000514208705942103	0.00351214952887078	0.0155725155976214	0.0500792455978084	0.115207293043954	0.191974985009482	0.229728563652965	0.19625757392292	0.121364256229825	0.0539725705737463	0.0168821414374459	0.00407071421450554	0.000668674330297935	9.69898570810159e-05	2.10748926187536e-06	
7.60255562945853e-06	8.14017439753123e-05	0.000547086802448239	0.00359512251130972	0.0163413204951316	0.051273893376182	0.116978249337782	0.193049163567228	0.229580977145887	0.195672995247145	0.119670411142467	0.0522451178676475	0.0163392374214251	0.00381806446984688	0.000689224076352713	9.94462041080586e-05	1.06860354344955e-05	
1.17119371768503e-06	1.01848705381453e-05	8.07512838547188e-05	0.000614611124977909	0.00374668057209122	0.0169170673080913	0.0528114246255643	0.118218450760088	0.193037949159596	0.229175349091749	0.194562336128321	0.119034839175516	0.0515271961073983	0.0158092375607243	0.00372183320605344	0.000635068506400421	8.91488224835625e-05	6.70050283383068e-06	
8.80206564233231e-07	1.40172234538403e-05	0.000128248475345442	0.000708108999716423	0.00397052194031561	0.0169779132145774	0.0542312736192231	0.121072333612392	0.194916655368259	0.22864946441532	0.193050958433006	0.116224523270146	0.050098407754697	0.015583184942974	0.0037358609849014	0.000557252696311261	6.94120852155095e-05	1.0982757580748e-05	
3.8031663661915e-06	2.4899677857323e-05	0.000100546869249118	0.000672978716567096	0.00410299757276602	0.0177055330331639	0.05474370903015	0.121912999951404	0.197532225955058	0.227067047060209	0.191162662381541	0.115318749312306	0.0502736216223514	0.0153081554923094	0.00342879415234832	0.000556213081055507	8.24712939228217e-05	2.59163137419144e-06	
1.10797855647809e-05	0.000125567396528847	0.000762104101615115	0.00426236168493279	0.0184664574258937	0.0567665173540422	0.124447430869923	0.197762127371006	0.227657258686531	0.188937195199386	0.112749036655644	0.0488377828293441	0.0151419247682508	0.00343116211544597	0.00056332017764181	6.59264335480485e-05	1.0146169643704e-05	2.60097505900032e-06	
8.93598452267453e-06	0.000102148501342505	0.000802602143935848	0.00444278387798607	0.0191855139716753	0.0580832695830816	0.12813020706057	0.200611353101665	0.227389278494037	0.185557146895145	0.11012174223512	0.0475691100834316	0.0144073447542067	0.00308275654794543	0.000451935243189077	4.52359511401448e-05	4.47458027705731e-06	4.16099072878298e-06	
1.13185239382364e-05	0.00011126711052707	0.000800289747958051	0.00457616288575106	0.0196597235762094	0.0585709298393108	0.128719026092382	0.202228392973637	0.227810368058253	0.18489320441009	0.10881164497696	0.0461124614011425	0.0143026450864001	0.00294251391015448	0.00040702381570939	4.22457455765167e-05	7.81846000799198e-07	
2.18522926289836e-06	0.000127423088472916	0.000767705680758456	0.00491617200091114	0.0207687601124805	0.0602623122119717	0.13002366756961	0.20379475453713	0.228607933843906	0.182486729850196	0.105869364838085	0.0453575484100949	0.0135899355768368	0.00295577652306781	0.000424291302281206	4.25116949094483e-05	2.92753002562308e-06	
2.39993911963549e-06	0.000147835729175377	0.000904206997487394	0.00504030164142404	0.0210048502405192	0.061846792925954	0.131515674627103	0.20509132143178	0.226999290627973	0.18172477752226	0.105074928441989	0.0440662322599858	0.0132310491774805	0.00284349836657853	0.000444623862018889	5.68072357341918e-05	5.40897341713942e-06	
1.37947346442068e-05	0.000100822441923849	0.000948519002294961	0.00531645130352707	0.0218962385947887	0.0639137915308313	0.135359741634737	0.20584140139625	0.226696127149519	0.179177525599641	0.102242796361943	0.0426523078714273	0.0127400392450603	0.0025893972408855	0.000458660660082618	4.79988284799555e-05	4.38640396452684e-06	
4.4744923630085e-06	0.000137612675611576	0.00100944651405703	0.0056353898146897	0.0229468222759268	0.0664760916596079	0.138114886827411	0.209087762947264	0.225665728635747	0.175694406087641	0.0987272811992548	0.041125471500929	0.0123434419581942	0.00260063147582638	0.000393026861922729	3.32242723779357e-05	4.30080117626368e-06	
6.80747706050418e-07	1.47250965339521e-05	0.000122445566235207	0.0011272553629697	0.00607518889832452	0.0238059384135929	0.0683044339349799	0.1407789712216	0.210609400633588	0.225749402421336	0.172623859295942	0.0974093229655109	0.0389993500954016	0.0114858633051275	0.0025273177508787	0.000338389211636031	2.32868080677401e-05	4.16827056935486e-06	
1.75840348141745e-06	1.1122495184558e-05	0.000154156886920367	0.00120956278338768	0.00635479900209152	0.0248556395558637	0.0706555280725557	0.143776865083474	0.21089283239942	0.223995767072015	0.171479715774508	0.0952375948457002	0.0377755394528797	0.0109762629765959	0.0022741034145823	0.000299432122672976	4.32113815051175e-05	6.10827716108579e-06	
1.10548106758671e-05	0.000150604295310367	0.00124728377886554	0.00675754821680489	0.0263033119895801	0.0740112970919746	0.148337065905849	0.211761975159986	0.221180993481175	0.168834222270427	0.0931796995532272	0.0360490957217698	0.0099160964964254	0.00198292133449554	0.000238115603047715	3.58244545725471e-05	2.88983581347637e-06	
