# <P(U)> as a function of N_tot.
# number_of_species: 1
# species_total_upper_bound: 511
# species_total_lower_bound: 490
# volume: 729
# Bin widths for each
10	10	10	10	10	10	10	10	10	10	10	10	10	10	10	10	10	10	10	10	10	10	
# Bin lower bound for each
-2640	-2650	-2660	-2670	-2680	-2690	-2700	-2710	-2720	-2740	-2750	-2760	-2760	-2770	-2780	-2790	-2800	-2810	-2820	-2830	-2840	-2850	
# Bin upper bound for each
-2480	-2490	-2500	-2500	-2510	-2530	-2530	-2550	-2560	-2570	-2580	-2590	-2590	-2600	-2620	-2630	-2640	-2650	-2660	-2670	-2680	-2690	
# Normalized histogram for each
3.74587411874993e-06	5.4064466611564e-05	0.000433275230991392	0.00295183360390637	0.0139416162455788	0.0460361735229288	0.108087783911081	0.186913912645449	0.22606975602178	0.199920697337825	0.128817996943072	0.0612777629368408	0.0199366407514117	0.00470756093482742	0.000773054771257017	6.90627106224643e-05	5.06209169787761e-06	
2.70983402362988e-06	5.90121037238906e-05	0.000553425213709615	0.0030114040751433	0.0136555542724724	0.0450959568353319	0.107341270665788	0.187736081546416	0.229164954562515	0.200957339505567	0.128497667757808	0.0594191348809283	0.0191130117151315	0.0045373927976593	0.000757333736697009	9.58747433011485e-05	1.87575378379852e-06	
3.00119643139264e-06	6.9252977259857e-05	0.000553299391354037	0.00311849072788309	0.0135923742851206	0.0459119777546294	0.109298868953663	0.188738479790148	0.228724909355644	0.200349713305352	0.126962125954411	0.0585411749643372	0.0187640899380953	0.00446982746982897	0.000799131382788504	9.49849102098023e-05	8.29764284295133e-06	
1.61882946743305e-06	6.68303069180921e-05	0.000551547765810579	0.0030554703965838	0.0137828582280748	0.0462271205620067	0.109659947942879	0.187957776699314	0.229722697321157	0.201057045377209	0.126414455943127	0.0575256410390981	0.0188085327895091	0.00427492576410266	0.000759615399825672	0.000118215206657183	1.27473580666132e-05	2.95307019287444e-06	
9.10598027586424e-07	6.19796519829269e-05	0.000562941285896323	0.00317165348303211	0.0140396925551197	0.0469466702513999	0.110675986574806	0.189107151371287	0.229703993005162	0.199029639460729	0.125704345270193	0.0573356831481334	0.0185031823354984	0.00430960608697989	0.000721956770608409	0.000113028441003126	8.78155668708851e-06	2.79815345319067e-06	
3.47349275645998e-06	8.13563462480716e-05	0.000454184041190394	0.00325317091580791	0.0142993493628701	0.048161174189363	0.112581473295766	0.188968360127604	0.229899368899886	0.199117195056251	0.123667208305618	0.056649016559536	0.0179039323989797	0.00413112475673579	0.000753427468056574	5.79001406561977e-05	1.82846426755751e-05	
3.93914389841799e-06	6.59797442185249e-05	0.000430759126491653	0.00319536024399856	0.0151427104015022	0.0490717257166262	0.11434693114692	0.190686348994291	0.22839988123646	0.197959653910408	0.123014355885645	0.0550259890606786	0.017697448589381	0.00414397571681582	0.000739496400129985	6.9999503154864e-05	5.30593522317139e-06	1.39244156409194e-07	
3.63764558464812e-06	0.00010852672366015	0.000531263253060116	0.0035519467207048	0.0155156112301206	0.0493623858944186	0.115214858171775	0.191771309513892	0.230264860569099	0.196527926827764	0.121356728680283	0.0540436146372222	0.0169207952373911	0.00403225389250132	0.000683815653371991	0.00010843959442459	2.02575472678009e-06	
7.32192575374394e-06	8.86361194599748e-05	0.000552037802289922	0.00364279713211836	0.0162062717174161	0.0509473826006416	0.117008321677462	0.192380536035548	0.230443023430556	0.196142019163961	0.119170756906188	0.0525719398440261	0.0162775656733123	0.00375645856071594	0.000687776986292976	0.000105544819239588	1.16096050185165e-05	
1.59107560282553e-06	1.22667960308545e-05	8.48176787909875e-05	0.000640178829681995	0.00386282128587844	0.01691098696873	0.0528173998296142	0.117209261329983	0.19267754536649	0.229695044925156	0.195092119849916	0.11904988685865	0.0518899903629886	0.0157398831674267	0.00363789514912798	0.000588113496293389	8.10943454075046e-05	9.10268423113111e-06	
1.19295141539494e-06	1.8005326768093e-05	0.00012776043942111	0.000740536234025628	0.00405725642325165	0.0169058053013872	0.0537841106724171	0.121313407553015	0.195544830870585	0.227727400040559	0.193401613048002	0.116370013921636	0.0500365272409059	0.0155654867706059	0.00375846329171707	0.000563631928188939	6.98897572460657e-05	1.40682288536214e-05	
5.1462834455099e-06	3.21963467082662e-05	9.88841970076992e-05	0.000637376470887729	0.00410886184271425	0.017343513361507	0.054792358671465	0.12206271194718	0.197474663829102	0.227099330016977	0.19156721868908	0.115538692868453	0.0499461420410369	0.015295378083991	0.00336545910277948	0.000532080803022362	9.64785589704975e-05	3.50688567200952e-06	
1.14944591370246e-05	0.000130476390036456	0.000720502684254279	0.00414729009933365	0.0180674656427136	0.0567347476460927	0.1245085525255	0.197719996924483	0.227400910774536	0.188788737920274	0.113022475062405	0.049189060017865	0.0152947379404856	0.00356978990980894	0.000602520271540676	7.41749585118742e-05	1.35363320023594e-05	3.53044102065757e-06	
1.03864778698814e-05	9.78534390423056e-05	0.000742441621138079	0.00428246190187287	0.0192421586084127	0.0581228554706889	0.127583373217384	0.201081255618266	0.228282062740327	0.185509390432186	0.110097599881523	0.0471988800562733	0.0141855765069141	0.00300439523807093	0.000492843924405603	5.47321913812054e-05	6.07936553707639e-06	5.65330870615054e-06	
1.43130588447271e-05	0.00011946212595063	0.000745437854241783	0.00457046551159679	0.019801572951657	0.0590088647942358	0.129044926154415	0.201708310881693	0.227803519017365	0.184617026717704	0.108863690369025	0.0462416588293013	0.0141460436272594	0.00286247710783224	0.000413859669051533	3.73082157755104e-05	1.06311405135383e-06	
1.23357127827569e-06	0.000124198359816766	0.00076256972903034	0.0049600663993599	0.0208800954932622	0.0598710603435853	0.131080436305325	0.203459715008275	0.228592506835628	0.182414759252659	0.105748074559593	0.0453274529096536	0.0133837570615328	0.00290990274615941	0.000426653071226653	5.35454764888207e-05	3.9728771254495e-06	
2.62812481653089e-06	0.000132028784524673	0.000915432822197367	0.00506288260837094	0.0209046141446215	0.061485351486651	0.131284678557945	0.205661735689042	0.227117806823261	0.181930415899726	0.104961723502041	0.0438322866145344	0.0133032176404492	0.00289110708282892	0.000443742781101772	6.29971776344753e-05	7.35026025403928e-06	
1.47009508972192e-05	9.46179723533593e-05	0.000943322772903375	0.00518136566296289	0.0217129129671434	0.063940787758284	0.134300522813148	0.206057239711296	0.227313530844441	0.179626227970728	0.102236659032554	0.0428654650485157	0.0126968458824155	0.00251513588635967	0.000446128712856445	4.8571687813245e-05	5.96432532802246e-06	
3.8111470032617e-06	0.000113542483447823	0.00103687239119166	0.00548895674372546	0.0227323393383493	0.0663190063891475	0.137944571844662	0.208848787577445	0.225649451356222	0.175914145591451	0.099162279837895	0.0410367905116327	0.0124926499749718	0.00279810311930751	0.000415906442124963	3.7673082065637e-05	5.1121693568798e-06	
1.28175721041674e-05	0.000102522799340823	0.00102412578887223	0.00573124670180848	0.0236431477279086	0.0680516831386809	0.140563963146078	0.21007562285765	0.225691827387673	0.172436721042055	0.098624629002842	0.0394358507591308	0.0116157069451184	0.00257882084188992	0.00037485620719622	3.07977280350342e-05	5.66035361715245e-06	
5.63750466075745e-06	0.000115563442186428	0.00114055904997593	0.00632253892518657	0.0245610768551753	0.0704007043213746	0.144098981440874	0.21099266075422	0.222916944909642	0.171409280201532	0.0959364895223176	0.0383980492692115	0.0110536985395066	0.00228992557528448	0.000296291395116052	5.32519050479088e-05	8.3463886894409e-06	
7.97829692692478e-06	0.000120413518915177	0.0011959910532467	0.00677671421595839	0.0261122628287653	0.0742128525907472	0.148444654087345	0.210735475931351	0.221526751631575	0.169181314938195	0.0929065971477361	0.0361616037823227	0.0101902067447123	0.00211120950610077	0.000263135985586257	4.88936569918454e-05	3.94408352374863e-06	
