# <P(U)> as a function of N_tot.
# number_of_species: 1
# species_total_upper_bound: 511
# species_total_lower_bound: 490
# volume: 729
# Bin widths for each
10	10	10	10	10	10	10	10	10	10	10	10	10	10	10	10	10	10	10	10	10	10	
# Bin lower bound for each
-2630	-2640	-2650	-2660	-2670	-2690	-2700	-2700	-2710	-2720	-2730	-2750	-2760	-2770	-2770	-2780	-2790	-2800	-2810	-2820	-2830	-2840	
# Bin upper bound for each
-2480	-2490	-2500	-2520	-2520	-2540	-2550	-2560	-2570	-2580	-2590	-2600	-2610	-2620	-2640	-2640	-2660	-2670	-2680	-2690	-2690	-2690	
# Normalized histogram for each
9.08919504595364e-05	0.00040442802536297	0.00277955345008148	0.013714160807144	0.0469432231614325	0.107648992689665	0.188279735792503	0.226630024550821	0.204132091519611	0.127673853343075	0.0583980781702521	0.0176364483070845	0.00435052615915604	0.00112774216928514	0.000178844316492826	1.14055875738357e-05	
2.67006721441411e-05	0.000414123335137138	0.00358864044734668	0.0134214404878242	0.043881765918187	0.10766406277661	0.192037368788398	0.238248929022602	0.201498170624189	0.119297609898389	0.0558547679746646	0.0186256176648375	0.00434753548122031	0.000738387515443447	0.000350205314730813	4.67407827468553e-06	
8.31724559719214e-05	0.000424324425205879	0.00336491993303545	0.0131268739884549	0.0458607126239212	0.105534022808843	0.184179578779907	0.234140258783997	0.207185601740837	0.124507369833078	0.0564312652391066	0.0190209321018323	0.00484712844632461	0.000998533150860113	0.000294899969327621	4.05719297424007e-07	
4.31564885263999e-05	0.000565740244538896	0.00264293319960943	0.0132586259318387	0.0440877389776205	0.105894487665336	0.184098693379921	0.231923485841401	0.205814097227666	0.127533793768685	0.0570850730314529	0.0211886306985647	0.0043460649948195	0.00126387679097993	0.000253601759040108	
2.45882317515676e-05	0.000633533014719739	0.00313375231917805	0.0155311506466913	0.0476876282530186	0.111384452267145	0.185358563234785	0.226666555009962	0.204266260141235	0.12409520206983	0.0573623847448909	0.0185893565146906	0.003990836310499	0.000969928533175969	0.000283121016327833	2.26876920992726e-05	
1.02618595825427e-05	9.96432637571158e-05	0.00077577229601518	0.00271077039848197	0.0139693055028463	0.0469489791271347	0.115487635673624	0.188440166982922	0.226442018975332	0.200179066413662	0.124907901328273	0.0574477722960152	0.0176324250474383	0.00390636812144212	0.00102879696394687	1.31157495256167e-05	
3.18737847350415e-05	2.31361835142386e-05	0.000372824829555244	0.0028083388712496	0.0139272440867361	0.0487086809914101	0.120015321568338	0.193339794235644	0.227930173029117	0.194448731201851	0.123492086932979	0.0527318540943661	0.0175809766422998	0.00350968520022644	0.00100445494597455	7.4823402003495e-05	
6.61699122925882e-05	0.000301302771358558	0.00312165561838111	0.0144825205596932	0.0517345672801205	0.116439058100473	0.195301675520255	0.230195689756469	0.194739417485033	0.115866868371098	0.0552964452418215	0.0175409857740275	0.00407770532675863	0.000780693233493323	5.52450487245811e-05	
4.8036175107704e-05	0.000328704683951289	0.00377177551559972	0.0159650411432959	0.0558007549290418	0.118109662969462	0.195234736567744	0.234154456640365	0.188971318410844	0.112857375106257	0.0536403123574121	0.0166195808176206	0.00347950346315869	0.00089459578057724	0.000124145439564066	
6.06277659506391e-05	0.000400106548251443	0.0034449540874677	0.0178832944259285	0.0529248583996007	0.123096450271834	0.200319828289442	0.230732391977656	0.186750954963787	0.114993191459059	0.0501087567906463	0.0155791334279477	0.00270316633554893	0.000757938841939927	0.000244346414941324	
0.000183442377580876	0.000473029840576492	0.00352312921136174	0.0149344655804527	0.0585721155997647	0.127523272710641	0.200033433852688	0.22611060613775	0.184799025191151	0.114555634880138	0.0478580575153494	0.0157658737756177	0.00426867207320337	0.00114263150309701	0.000256609750628087	
1.27912314687034e-05	0.000157325967726178	0.000195452488577338	0.00363190642305818	0.0177329723528346	0.0581798349510946	0.130397953749008	0.207162088569576	0.225787357455783	0.186078616885995	0.108300267176075	0.0436067293247509	0.013884665482417	0.00398005037520637	0.000802263565981528	8.9724000447137e-05	
1.23828849955035e-07	0.000164444712740286	0.000267284572627942	0.00335576183378144	0.0193579783701956	0.0618555443593637	0.128328295047001	0.204813103568902	0.226783313443324	0.182497101630981	0.109048019280152	0.0439888368291766	0.0150202537562708	0.00400654435472012	0.000507945942515552	5.44846939802152e-06	
2.52809954763748e-05	4.71540136213756e-05	0.000354615532135522	0.0038547941411293	0.0221961563592392	0.0646788864341125	0.134728559252798	0.206574545941238	0.22101811154062	0.17811874074618	0.108497543622884	0.0440220204906186	0.0128790561513836	0.00275135304445459	0.000240479273146595	1.27024609623942e-05	
2.59828707924301e-05	0.000886665465791677	0.0047212625076918	0.0207934169398824	0.0661730629082777	0.136181597281992	0.202900800147503	0.224736904695579	0.178812305487607	0.103739047532914	0.0464546872474321	0.0119244513054769	0.00259766249100281	5.2153118056921e-05	
5.38332725555266e-05	0.00127125949370879	0.00517335227793854	0.0231996820432942	0.0709450670536275	0.136263989795632	0.196940958957173	0.217439332769996	0.182633348451616	0.104371747113474	0.0468435831400998	0.0122367945374988	0.00241089852711788	0.000215396126841024	7.56439427009741e-07	
0.00031885531195467	0.00170794608012773	0.00551458116126827	0.0244205805072741	0.066402312975928	0.135978599582673	0.198715464993859	0.220499430169203	0.182058809365737	0.107622377609137	0.0431694243254162	0.0118174014339779	0.00168869610583118	8.5520377612545e-05	
1.40936715223212e-05	0.000846470771517346	0.00641942438408074	0.0251786479175476	0.0683504189738726	0.134269861855897	0.203980745371763	0.220263917363944	0.179054750815686	0.106350541564515	0.0430913399309131	0.0102513235749643	0.00168364700966006	0.000244816794116184	
9.81528316135085e-06	0.00110986777332029	0.0081410674719232	0.0254760921616815	0.0660923511967577	0.135407695688195	0.201592952552613	0.222451787359977	0.17862500476103	0.101802820591378	0.0423149820667369	0.0139314672237138	0.00271840131630972	0.000325694553203063	
2.34872333238898e-06	0.00131528506613783	0.00815762396545879	0.0247446890128436	0.0688374625688089	0.141119359644071	0.196573669706909	0.22518219903856	0.176041955562281	0.100661076747455	0.0427658083521744	0.0115335646212185	0.0026546286766804	0.000410328314069253	
0.000261427528140264	0.00129088605131181	0.00858957044372511	0.0269636811392275	0.0733703177020023	0.150129187389302	0.199385269291704	0.217947579765509	0.16635789709022	0.0992086240747986	0.0428985875966723	0.0100205388224022	0.00304777846190242	0.000458995869738221	6.96587733440539e-05	
3.04076497816555e-05	0.000522802768348977	0.00690690841574774	0.0298532648191127	0.0844639682726843	0.149837413689746	0.206990222766051	0.218307480197018	0.155815126970535	0.0922279678469772	0.0400227313495235	0.0111580414106513	0.00319202019746571	0.000495331479597739	0.000105186977356285	7.1125189403443e-05	
