# <P(U)> as a function of N_tot.
# number_of_species: 1
# species_total_upper_bound: 511
# species_total_lower_bound: 490
# volume: 729
# Bin widths for each
10	10	10	10	10	10	10	10	10	10	10	10	10	10	10	10	10	10	10	10	10	10	
# Bin lower bound for each
-2640	-2650	-2660	-2660	-2680	-2690	-2700	-2710	-2710	-2730	-2730	-2750	-2760	-2770	-2780	-2790	-2800	-2800	-2810	-2820	-2840	-2840	
# Bin upper bound for each
-2480	-2490	-2500	-2500	-2520	-2530	-2540	-2560	-2570	-2570	-2590	-2600	-2590	-2610	-2630	-2640	-2650	-2650	-2660	-2670	-2680	-2690	
# Normalized histogram for each
6.50562751032974e-06	2.84252144113312e-05	0.000491139243702374	0.00312483920460956	0.0150044001050918	0.0481663934676414	0.110575295593214	0.191165980915156	0.226102972131052	0.198530035647377	0.124114127480204	0.0586840893140599	0.0184624211029769	0.00447313305136308	0.000931353371901354	0.000124910084388475	1.39784453390966e-05	
4.15027543292638e-06	8.20912153082046e-05	0.000583319157506004	0.00355388907158205	0.01491657273501	0.046466052282766	0.108983541353391	0.190653010603122	0.231538010816337	0.199915839810751	0.124233194237811	0.0563048965740576	0.0176661713011597	0.00424270124498093	0.00069882830841646	0.000154813492015348	2.91752035383933e-06	
5.41820807018988e-06	7.18985987880102e-05	0.000514208391929209	0.00359988811093644	0.0145430633963671	0.0463701185293331	0.111136944718268	0.188379798147827	0.231653932139786	0.200974320576643	0.121758217106125	0.0565283283648365	0.0188224459144759	0.00462852980154494	0.000867025744605422	0.000145790689224487	7.15612386628852e-08	
4.63693993183097e-05	0.000520659783468456	0.00319913194365198	0.0141828210005471	0.046188893873721	0.110295704108987	0.188410097529182	0.229103947579491	0.20086337355832	0.12575890536999	0.056372035781893	0.0196593924616297	0.00432647586533389	0.000896403731625043	0.000153199360173611	2.19875112566276e-05	6.01141410630691e-07	
1.25685662165839e-06	4.67469575732945e-05	0.000568403271204512	0.00313346518908034	0.014470697082178	0.0474118955417948	0.109843734509432	0.186729870607523	0.2282462977185	0.199821481761586	0.127573197277117	0.057633981397326	0.0187658018678856	0.00465791063986601	0.000843168346203832	0.000239198059794488	1.28929163124958e-05	
1.71300615226666e-06	5.7238732200295e-05	0.0003823145920189	0.00313893680012802	0.0142103793738977	0.0477847627433771	0.11146942559721	0.187859911208303	0.229198094585753	0.198247327112371	0.124723379914802	0.0588651048402337	0.0190013839062484	0.00408902677450915	0.00086293951936818	8.94614928988496e-05	1.85998005290493e-05	
5.24482217334233e-06	5.8989061741105e-05	0.000343282723870653	0.00291784240206456	0.0149072426367025	0.0495147562413713	0.11336689202763	0.188126435409362	0.225790424823812	0.19788496369525	0.126105825951508	0.0574450691194155	0.0184922405944113	0.00420444385682636	0.00072794689218619	9.54598136105626e-05	1.29399280647326e-05	
2.50522512298676e-06	6.31016103977906e-05	0.000541769964196625	0.00337842635005404	0.0154053207233795	0.0502871934966039	0.113905591753665	0.187598903156324	0.229001937050086	0.196968605450702	0.124133784593188	0.0562922782418062	0.0176239480922966	0.00409551196835728	0.000630434891749373	7.06874320701945e-05	
0.00010902563887717	0.000628527849228491	0.00355090184479736	0.0167000270295025	0.0523776480229418	0.116718984046543	0.188894437846104	0.227749199996951	0.194697060245817	0.121839993339248	0.0547338660913303	0.0172943835606928	0.00405853275292784	0.000580922424626422	6.64893104132849e-05	
2.2406825304702e-06	9.09797852687316e-05	0.000704987357604877	0.00379091186028993	0.0169389139678234	0.0520618044030704	0.116807779536702	0.191151516426312	0.22652269870953	0.193402968363359	0.123440149361071	0.0541686313852564	0.016254809367676	0.0039456602591961	0.000614976516133106	0.000100921552352124	5.04658227583379e-08	
6.78939064584573e-05	0.000656994584727616	0.00446615840463428	0.0173831136719997	0.0543411702802316	0.119835099718477	0.191112719109846	0.22499666062263	0.194152476173695	0.119512885327608	0.0524798987752504	0.0160877803554478	0.00419409557480733	0.000644286680573634	6.87668136128044e-05	
7.01980463132662e-06	6.44600319712546e-05	0.000506697709758196	0.00441075053938587	0.0177349505828285	0.055239313301281	0.119676923956459	0.195899374615519	0.224748989160651	0.193513342019933	0.117661799411857	0.0503729263699902	0.0156149795981545	0.00377350048586361	0.000657758698151295	0.000117213713565875	
7.16677935559575e-06	9.54526057191688e-05	0.000597208026950568	0.00435635058578616	0.0185050185195542	0.0590583052070938	0.123737457845514	0.195381729404913	0.224640687350949	0.189131003945398	0.113865820726583	0.0500184087168173	0.0159008393491404	0.00379057934839258	0.000808157982341157	7.92692294874215e-05	2.61198277219456e-05	4.24548283406236e-07	
2.66412797345863e-05	0.00011653417896767	0.000771679837821033	0.00438317091224641	0.0198371795458758	0.0590201315137753	0.129154585607342	0.198829102147747	0.224808966501196	0.185786446848187	0.111862348831905	0.0477143203259175	0.0140696499214884	0.00305630817422804	0.000498805799343929	5.64577403683004e-05	7.6708338547182e-06	
1.44769161361472e-05	8.05955185723595e-05	0.000656694571156449	0.00435311043160058	0.0200478219459622	0.0608207930222066	0.129968439520778	0.199212080806055	0.226227650508797	0.184839209985463	0.109766504586696	0.0460266780289739	0.0144197704145571	0.00316561231139406	0.000369091182515414	3.1470249135295e-05	
5.03840559936959e-07	0.000148058586943075	0.000781567553385409	0.00488615505896784	0.021101356567531	0.0623442232054794	0.131263948636962	0.199477410525147	0.228119607677897	0.18196476919069	0.106083982583119	0.0464774475977351	0.0139321387025096	0.00307183527944605	0.000317459860005079	2.95351336235045e-05	
2.42425040013119e-06	0.000190863882343102	0.000936850548538092	0.00527055464618437	0.0220832608392488	0.0636291576492785	0.131510053249271	0.2037841591269	0.224885771714838	0.180294354317051	0.105259251324046	0.0447922634876609	0.0138731905377188	0.00307312444735622	0.00033995528195117	7.47646972141299e-05	
4.24716536953591e-05	0.000877536057658663	0.00541472301121246	0.0220908180896379	0.0657702959376095	0.135498490846614	0.204993574979254	0.224663488669966	0.177608098363625	0.103017513324349	0.0441669956424164	0.0125532937190345	0.00275550208794798	0.000458156167565798	8.01101177810045e-05	8.9313316329501e-06	
5.64322040673142e-05	0.0011469664897698	0.00579966793407001	0.0233228897300897	0.0681935116536723	0.139850161968666	0.207595858089864	0.220612387994995	0.174490196026168	0.0993057343400532	0.0427833323420988	0.0129902518479639	0.00328012821982756	0.000507655846936899	5.01144830062358e-05	1.4710828750917e-05	
0.000122693157495336	0.00120053222318664	0.00594316300243494	0.0242102378606104	0.0698339550218976	0.142749301614596	0.207315028550465	0.220339038960041	0.172339155464414	0.0998868136728952	0.0412142492650895	0.011687529184177	0.00268432898020448	0.000423952143091717	3.897095796589e-05	1.1049941435821e-05	
1.22810799919299e-06	0.000119157699006445	0.00100312485835778	0.00620652478168429	0.0238318520321363	0.0712364149008841	0.1448414650475	0.210938664279558	0.220202574332928	0.170037547320536	0.0984922320347704	0.039085317651435	0.0109894434230159	0.00256330077129866	0.000376633663345727	7.04913176146958e-05	4.02777792955666e-06	
8.83385059997175e-05	0.00106430531551532	0.00640046484316743	0.0256615767851315	0.0746662657772218	0.148751123991528	0.211063196664145	0.219050832185335	0.167255108168389	0.0939056206960459	0.0379536188523149	0.0110027408441101	0.00263766465188867	0.000385864757428952	0.000101900245088914	1.13777166898624e-05	
