# <P(U)> as a function of N_tot.
# number_of_species: 1
# species_total_upper_bound: 511
# species_total_lower_bound: 490
# volume: 729
# Bin widths for each
10	10	10	10	10	10	10	10	10	10	10	10	10	10	10	10	10	10	10	10	10	10	
# Bin lower bound for each
-2640	-2650	-2660	-2670	-2680	-2690	-2710	-2720	-2720	-2740	-2750	-2760	-2760	-2770	-2780	-2790	-2800	-2810	-2820	-2840	-2850	-2850	
# Bin upper bound for each
-2480	-2490	-2500	-2500	-2510	-2530	-2530	-2550	-2560	-2570	-2580	-2590	-2590	-2600	-2620	-2630	-2640	-2650	-2660	-2670	-2680	-2690	
# Normalized histogram for each
3.5171763941827e-06	5.31547950008774e-05	0.000432062103430464	0.00294267015114044	0.0139689519553885	0.0463024929475499	0.108301858315342	0.186282181058308	0.226783041900017	0.201389961032634	0.128323013364133	0.0603202551276114	0.0194603594754053	0.00460141747443833	0.000755151912745527	7.5780258203832e-05	4.1309522576671e-06	
2.20477116521731e-06	5.1762356685991e-05	0.000527869268157097	0.0030002803497737	0.0138208116361054	0.0452583782638904	0.107546526635929	0.187612779436385	0.229207425212043	0.201563174914272	0.128574412488128	0.0587751426063935	0.0187580573490417	0.00448648311350533	0.000729363033497052	8.38024169980341e-05	1.52614802954851e-06	
2.44912564314356e-06	6.28176598149642e-05	0.00051783021680185	0.00314142288420895	0.0137297078705252	0.0460258421241612	0.109445253919345	0.188410210231075	0.22863450803433	0.200831955313085	0.127190972870342	0.0582130623126875	0.0185136796968455	0.00440923750593182	0.000778806873696727	8.54720720140421e-05	6.77128949366662e-06	
1.96373033508452e-06	6.11018766013395e-05	0.000527377729559903	0.00308062835738877	0.0140308049804533	0.0463132979477573	0.10973260258071	0.188252507836724	0.229870683410403	0.200960965164471	0.126252573010853	0.0573178376247372	0.0185488386958812	0.00417197978643983	0.000757912431339986	0.000106110817200105	1.04038493482435e-05	2.41016979682416e-06	
1.96299307559168e-06	6.67658873728893e-05	0.000518950840689024	0.00323457536277484	0.0142575865807646	0.0473538669404653	0.111216804166341	0.188910559407736	0.229643923127358	0.198659126771064	0.125490197213622	0.0570498405630489	0.0184041908400519	0.00431472813320848	0.000763547014748579	0.000103902942240765	7.18256452543683e-06	2.28865091301703e-06	
3.30743242237809e-06	7.43479481321821e-05	0.000455196683005544	0.00323794923140632	0.0145951450289839	0.0484304769210318	0.112667375208255	0.188842393591615	0.229801937933699	0.198889111164948	0.123838815600377	0.05637943288872	0.0178792748127285	0.00410250845193571	0.000725273541831062	6.25008336356311e-05	1.49527272720262e-05	
1.0849745211417e-06	1.21505157699128e-05	6.02700349327029e-05	0.000423229978260827	0.00320542235018981	0.0151585536807689	0.0491837802615129	0.114606185359421	0.190761266318481	0.228079690287609	0.197916679279745	0.122865814655157	0.0551194031244653	0.0175885579282343	0.004202561889794	0.000739503048340818	7.03165393384128e-05	5.41588110415208e-06	1.13892353048024e-07	
5.95740103792522e-08	7.73568524774589e-06	9.5437564627562e-05	0.000531709957436901	0.00353133584754522	0.0156645749685527	0.0498480646779541	0.115538955720917	0.192429525397838	0.229834530356406	0.196169873682098	0.121018820427743	0.0538338370340733	0.0167823293595929	0.00395737640407193	0.000660491095673731	9.3680131321374e-05	1.66211488958114e-06	
8.26599888452552e-06	8.28998834742937e-05	0.000565357599091668	0.00368456530069964	0.0165036428162311	0.0513174653184853	0.117345968241866	0.193077809085475	0.229800609387445	0.195275694060105	0.119315757849212	0.0522855941530843	0.0162423176003318	0.00372026517549508	0.000670567683066546	9.37010651052018e-05	9.51878194728234e-06	
1.30716715095234e-06	1.01668556185182e-05	8.53008078687218e-05	0.000640203637790456	0.00377773974313288	0.0170684729041101	0.0532293165793117	0.11860761657725	0.193066584465515	0.228852271168393	0.194382160762062	0.118879676298225	0.0514607549932474	0.0156201257726592	0.00363889250764068	0.000595685852211878	7.62454889431903e-05	7.47841887041438e-06	
9.82992676925952e-07	1.49810445507484e-05	0.000136390971905966	0.000733941298068397	0.00399173843361888	0.0170692073337453	0.0546298386836695	0.121802746578953	0.195303414490006	0.227932445378041	0.192476956312248	0.115914942204532	0.0501980501469434	0.0154461653950121	0.00371831001714555	0.000559128005793458	5.91684841330444e-05	1.15922289558205e-05	
4.24016218726077e-06	2.77607294448499e-05	9.91710509351509e-05	0.00063876986246937	0.00408715223486895	0.017624433806577	0.0550712088697404	0.122166927486071	0.197903474123152	0.227216481724192	0.190853796327174	0.11517946907831	0.0499932828372497	0.0150858393085827	0.00338225169884051	0.000574565467577087	8.828581462755e-05	2.88941800018324e-06	
9.45087746526586e-06	0.000112096033121086	0.000705943283027974	0.00426512730524132	0.0184598259146024	0.0568868677592939	0.12472085031842	0.198173483692754	0.227849676121129	0.188291612765832	0.112553668609251	0.0487574172039977	0.0151122640862123	0.00345343454232336	0.000563748801897358	7.03108900031561e-05	1.13199271223209e-05	2.90186830585158e-06	
8.5179971347055e-06	8.52798030956175e-05	0.000729241560970512	0.00439290524068203	0.0192805878142684	0.058153103431837	0.128309027909225	0.201014341068515	0.227825340444834	0.185057569108256	0.10992378113194	0.0473795136425649	0.0142550370380338	0.00306331371481897	0.000463051948340042	4.97661266584362e-05	4.98571497233021e-06	4.63630385236125e-06	
1.17427869596755e-05	0.000115930584307269	0.000755844150882782	0.00464873938594446	0.0199013200610787	0.0589816901110386	0.129137355768652	0.20212614394813	0.227615175712665	0.184671091500363	0.108308099690952	0.0460801933150561	0.0142609271742328	0.00293350459796106	0.00040988984320943	4.14791635438698e-05	8.72205023001398e-07	
2.42060727737344e-06	0.000125465728101464	0.000768616733303279	0.00490308353739802	0.0208248931564965	0.060265981139863	0.130539480396037	0.203873775227435	0.228656085884004	0.182579171200824	0.105509435804015	0.045032064625031	0.0134586344408137	0.00297110845193471	0.000440135977367397	4.63886917994368e-05	3.25839829912305e-06	
2.33488548080519e-06	0.000155507428653975	0.000948250296351574	0.00504496040707749	0.0210140214710912	0.0617512203680183	0.131548470587293	0.205059402513872	0.227053528376534	0.182325462682544	0.104825601971788	0.0436956639232815	0.0132113005919604	0.00285626888492529	0.000449572639624218	5.24132543476531e-05	6.01971715770868e-06	
1.46145294108836e-05	9.85572014989003e-05	0.000966535047049322	0.00525704182030962	0.0218681651977016	0.0639247911276225	0.13478882391568	0.205299578005319	0.227175944763841	0.179605706343112	0.102374631397105	0.0427271114602443	0.0127803857760345	0.0025997043814763	0.000463822352680986	4.97084398497703e-05	4.87824106470672e-06	
4.73599865274836e-06	0.000119346588840404	0.00104497025240169	0.00565211280042859	0.0229008536633243	0.0666233161652468	0.138266915002311	0.208659970653374	0.225890792067376	0.175654149568454	0.0986980185583094	0.0409699179784197	0.0123232474291962	0.00272962933197157	0.000420248450835649	3.69875434086672e-05	4.78794744967064e-06	
7.56203444425834e-07	1.6357262197888e-05	0.000118337113628284	0.00110157900834383	0.00607059475014077	0.0237917134871726	0.0682230256508949	0.140881870903397	0.210472944205603	0.225713968682224	0.172166996280721	0.0979242072935246	0.0391015786535099	0.0114878820768438	0.00254255084797033	0.000355139313775448	2.5867974748936e-05	4.6302918597151e-06	
1.95878050378484e-06	1.09039760278157e-05	0.000147639776682577	0.00125098236366308	0.00642808328570247	0.0248648536895217	0.0704422018936503	0.143583104082107	0.210992306162738	0.22361845258161	0.171224363212058	0.0955326559985862	0.0381240180584879	0.0111300580624242	0.00229345591990602	0.000304571279772913	4.35865370872182e-05	6.80433947116862e-06	
7.37206956594316e-06	0.000140557655171893	0.00124309390274218	0.0068370149941982	0.0262128200989892	0.0737473068889981	0.148553279445584	0.211412066061592	0.221173971719335	0.169041984645144	0.0931911756703842	0.0360943733279159	0.0100385259472182	0.00201519904818757	0.00024814397926035	3.98962519765847e-05	3.21829373708772e-06	
