# <P(U)> as a function of N_tot.
# number_of_species: 1
# species_total_upper_bound: 511
# species_total_lower_bound: 490
# volume: 729
# Bin widths for each
10	10	10	10	10	10	10	10	10	10	10	10	10	10	10	10	10	10	10	10	10	10	
# Bin lower bound for each
-2640	-2650	-2660	-2670	-2680	-2690	-2700	-2710	-2720	-2740	-2750	-2760	-2760	-2770	-2780	-2790	-2800	-2810	-2820	-2830	-2840	-2850	
# Bin upper bound for each
-2480	-2490	-2500	-2500	-2510	-2530	-2530	-2550	-2560	-2570	-2580	-2590	-2590	-2610	-2620	-2640	-2650	-2650	-2660	-2670	-2680	-2690	
# Normalized histogram for each
4.03772266729356e-06	3.03998180787939e-05	0.000465658739035261	0.00310401035840785	0.0143930153438643	0.0471029478876095	0.110340035266316	0.189234368544343	0.225222489576894	0.199551356565501	0.126687839161595	0.0590212815534599	0.0193079664344051	0.00464133377138728	0.000796442375827359	8.81411478655366e-05	8.67573274208773e-06	
2.55728819285862e-06	5.7944099300564e-05	0.000563806087470093	0.00327291744197652	0.0142696048169384	0.0456148305700357	0.108113510781451	0.189347105840993	0.230582744958711	0.200210307836225	0.126795197321623	0.0572711590404872	0.0183737042208067	0.00460408089517848	0.000810660357136184	0.000106665503311536	3.20294016234273e-06	
3.35018209440692e-06	5.50251606260608e-05	0.000557754749932421	0.00326979668743603	0.0138620863786173	0.0461371780983856	0.110509138171598	0.189587620144167	0.229772182055014	0.200392450444296	0.124596312539271	0.057107608531551	0.0184317221131917	0.00465287195687474	0.000933866419365074	0.000123179242403222	7.85712517612792e-06	
7.6181922708453e-07	5.17407471750468e-05	0.000566510183750735	0.00303249383771668	0.0138787597187593	0.0460241627274579	0.110135047190703	0.188529639216076	0.23010892044291	0.20035590683243	0.125927792721152	0.0571975071940132	0.0189422195436966	0.00422790782951904	0.000862901935273307	0.000130982538845178	2.17149959852442e-05	5.03052530942594e-06	
7.76130336819285e-07	6.58959692422051e-05	0.000505386031581745	0.00306448178465913	0.0141827115966015	0.0466977531903025	0.110805267771851	0.187945944775322	0.230069836708436	0.199258376167591	0.126201928583741	0.0574646651016374	0.018354825258636	0.00441144346597776	0.000779998470272143	0.00017142465858715	1.45336664685031e-05	4.75066875520837e-06	
1.05655362049323e-06	4.68822224856729e-05	0.000446347016184107	0.00309138211661462	0.0143515804457332	0.0475081273511717	0.111973208851061	0.1882654453557	0.230275242658639	0.199831087709886	0.123681942325164	0.0574993235087225	0.018062027962398	0.00403274638528781	0.000823980536256728	7.85850828970408e-05	3.10339181782745e-05	
3.21733111427754e-06	6.05889286096089e-05	0.000410899145166303	0.00310619033636464	0.0152645343057309	0.04897495333814	0.114263334402713	0.19008172965112	0.2271075897636	0.199359146150632	0.123494167922772	0.0553659269430314	0.0175654043043617	0.00407135240426434	0.000776780498988429	8.49549323959231e-05	8.99362056655189e-06	2.36020429232715e-07	
3.64217932829126e-06	8.00543658420382e-05	0.000513866129270669	0.00335769078570754	0.0156247715015336	0.049635564701418	0.115324537584712	0.190868800122466	0.229987706908973	0.19659347825851	0.121949575940264	0.05471753308155	0.0166763312160846	0.00393841604527398	0.000621108076159245	0.000104599220810304	2.32388209667069e-06	
3.22735321847524e-06	0.000126117859926526	0.000562110620905893	0.00357309032151554	0.0165221929035929	0.0519935299590423	0.118064168380093	0.191292947635514	0.229298724561031	0.195092056790491	0.11953010325044	0.0530778042842618	0.0164656744162052	0.00367434470123901	0.000577132817196063	0.00012709157750098	1.96825678257674e-05	
2.71779356083833e-06	1.73297856985882e-05	0.0001006323153173	0.0006033563333033	0.00384213428020193	0.0168330026170935	0.0526387618496724	0.117043135512885	0.193115366700607	0.230131862906358	0.19446524114594	0.119388344844001	0.0519641142784739	0.0156467011347805	0.00353417930461215	0.000557307912698801	0.0001006323153173	1.51789694792399e-05	
2.04869605325719e-06	2.4504373513884e-05	0.000148435104134944	0.000630333942439996	0.00404310473722326	0.0173233739307168	0.0535612818790872	0.12070896228174	0.193924665065727	0.227875077749707	0.194820375897828	0.116527118371252	0.050575556547201	0.0154326612586956	0.00374930449691306	0.000553898507708262	7.67061333093412e-05	2.25910267494306e-05	
8.79641970123399e-06	5.13165093927944e-05	0.000101445136623719	0.000511672626596364	0.00402974098741163	0.0174018584093562	0.0541914522594697	0.119693467678217	0.197311533920947	0.227765165345856	0.193883117158984	0.11605252965994	0.0497350057244041	0.0151575835033797	0.00347823471232056	0.000530410706236942	9.17593282269305e-05	4.90991293573033e-06	
1.96798495520729e-05	0.000150801431008648	0.000684883211430213	0.00413234669487347	0.0178770836567852	0.0570807252210357	0.124033975316714	0.196506176413826	0.226559146317952	0.190781570984573	0.113563555832714	0.0487956124594399	0.0153700419529777	0.00367843891023579	0.000679504867453249	6.86411150060032e-05	1.75590707338837e-05	2.56693689809646e-07	
1.65541771640868e-05	8.48539022089778e-05	0.000815045828956683	0.0041382755147135	0.0186292096745666	0.0579144589467249	0.126944357592706	0.200114523141503	0.228157103783787	0.186921839635776	0.111463996756847	0.0472046882162755	0.0141296743674235	0.00294641751876647	0.000459754092279642	5.38468899267252e-05	5.3999603738202e-06	
1.18942616706003e-05	7.28833431193417e-05	0.000652769416168261	0.00445102379932916	0.0191580395022882	0.0584532817014742	0.128873551197144	0.201604101126911	0.228006804194929	0.1856887566326	0.109646915607214	0.0458635957485011	0.0142039616018403	0.00284442771951212	0.00043426451252457	3.22904714392503e-05	1.43916333380929e-06	
3.03213147909114e-07	9.11216152096469e-05	0.00068488572997119	0.00476525538269893	0.0203900835934998	0.0603796164330635	0.130057130632975	0.20124394285497	0.228941075200251	0.183459072692569	0.106216936235991	0.0465061170432708	0.0139262402847399	0.00292086438233441	0.000381836317161947	3.55183881460736e-05	
1.80731396961325e-06	0.000130090094418828	0.00087327342032757	0.00485033779063206	0.020860815002697	0.0614902310176871	0.130487636554589	0.204512667037647	0.227419550096145	0.182392494971134	0.105234300122168	0.0445218713164948	0.0138003452103557	0.00298200111230743	0.000381239798640639	6.13391407868738e-05	
1.50355068510151e-05	0.000107412017190491	0.000856232229978327	0.00502091654745578	0.0213905647734621	0.0640692014762571	0.134477718312523	0.205225053769009	0.226872690659005	0.179392469677906	0.102738391843885	0.0437674418753623	0.0128794768093231	0.0026634904843341	0.000467140144527117	5.14035455284303e-05	5.36032740227106e-06	
4.80953440151591e-06	8.96460684333186e-05	0.00098832279140214	0.00557047580005448	0.0226434036346833	0.0659419006783172	0.139464528600122	0.208280960141842	0.224106507833356	0.174909518655466	0.0993425098600326	0.0422566362199193	0.0129071648328013	0.00304093466567745	0.000400829032229628	4.30483769026822e-05	8.80327436024304e-06	
9.21536469667924e-06	0.000111999768145346	0.00111110093308938	0.00564637159260895	0.0232936234241091	0.0684041877337675	0.142051378783075	0.209030322134286	0.223004099213572	0.172134753018269	0.0999460772493264	0.0403102600065519	0.0117452212681671	0.00274434663569798	0.00042576945614551	2.46437478790186e-05	6.62967061290355e-06	
7.35385270960929e-07	0.00010300379456307	0.0010714314114758	0.00638646584981733	0.0245896693525845	0.0703777726486386	0.144631069299791	0.210362796215992	0.221491487466779	0.170718444237866	0.0973607969901154	0.0390796134824987	0.0111699725392183	0.00226843920608604	0.000331315992882169	5.45743120152954e-05	2.41181440560915e-06	
9.46789547292515e-06	9.59237377993971e-05	0.00111535077798313	0.006723450568847	0.0263957444513166	0.0750673911723254	0.149722570544937	0.211555887050647	0.22036121215718	0.166830623876473	0.0926298909129956	0.0365005602152494	0.0103127071102135	0.00228522053972537	0.000313025221442507	7.40960265895723e-05	6.87774080171322e-06	
