# <P(U)> as a function of N_tot.
# number_of_species: 1
# species_total_upper_bound: 511
# species_total_lower_bound: 490
# volume: 729
# Bin widths for each
10	10	10	10	10	10	10	10	10	10	10	10	10	10	10	10	10	10	10	10	10	10	
# Bin lower bound for each
-2640	-2650	-2660	-2670	-2680	-2690	-2710	-2720	-2720	-2740	-2750	-2760	-2760	-2770	-2780	-2790	-2800	-2810	-2820	-2840	-2850	-2850	
# Bin upper bound for each
-2480	-2490	-2500	-2500	-2510	-2530	-2530	-2550	-2560	-2570	-2580	-2590	-2590	-2600	-2620	-2630	-2640	-2650	-2660	-2670	-2680	-2690	
# Normalized histogram for each
3.65490489299658e-06	5.52362743751673e-05	0.000429502912549625	0.0029291921049402	0.0139867426188211	0.0462532653870777	0.108407339894437	0.186615723274538	0.226616856451381	0.200905213327575	0.128184761876724	0.0606005617160487	0.0195736915180982	0.00458208141637376	0.000773135882510584	7.87477241573181e-05	4.29271549878897e-06	
2.29483804874259e-06	5.38768954754041e-05	0.000535130490597416	0.00300039244242084	0.0137870573689452	0.0451301218222783	0.107664245177207	0.187835008879563	0.229460928697979	0.201208832155442	0.12830275972295	0.0588623259693006	0.0188413078897973	0.00447956468221891	0.000747338654182714	8.72258210455717e-05	1.58849254810363e-06	
2.54586069403317e-06	6.52988185648137e-05	0.000528400911757995	0.00316724195645895	0.013716310460049	0.0459776202102512	0.109548047052234	0.188750535120636	0.228708878443677	0.200831986020691	0.126781253996229	0.0580507845218655	0.0185854571551727	0.00440229478741074	0.000787457913857975	8.88480299846205e-05	7.03874046564588e-06	
2.04345490668978e-06	6.35825231795823e-05	0.000540134413315888	0.00307897803486554	0.0140220651507477	0.0462896494874982	0.109948383176573	0.188200457929142	0.229923553849709	0.201074666432903	0.126002097651976	0.0571693832233777	0.0186048062706029	0.00420467685053652	0.000755202549086635	0.000106984752050242	1.08262303735377e-05	2.50801915582969e-06	
2.0434324184087e-06	6.95018135305768e-05	0.000537133946037658	0.00324702352959068	0.0142497959274894	0.0472991920767305	0.111189818659184	0.189001374106287	0.229719090977676	0.198915631085617	0.125434526408563	0.0568024805825659	0.0182949163591879	0.00434175399606785	0.000778221304452864	0.000107636468601617	7.47689096873967e-06	2.38243503160093e-06	
3.44325183086214e-06	7.60275021743367e-05	0.000447751311167875	0.0032420034827332	0.0145971361646637	0.0485277864072491	0.112959582981436	0.188924165843629	0.229576482690345	0.198974475421916	0.123709145507354	0.0562339972480014	0.0178099065020715	0.00410341540319891	0.000735610927344705	6.35025952413099e-05	1.55667596433512e-05	
1.12912319061518e-06	1.26449320849556e-05	6.27224813261895e-05	0.000427432391019728	0.00323628540304161	0.015228443923204	0.0493799008274258	0.114790768326223	0.190958552289399	0.227883179417519	0.197775954822596	0.122712665440331	0.0549292793028132	0.0175905197319736	0.00419294282410241	0.000741022963776823	7.08010146513091e-05	5.63625857856803e-06	1.18526743766234e-07	
6.19240954625076e-08	8.04084379580661e-06	9.92024009309371e-05	0.000538581724080386	0.00356120519077244	0.0157037152977292	0.0499701782844867	0.115705577974521	0.19229691251352	0.230019641022675	0.195952629354992	0.12099571939163	0.0536907513273414	0.0167320701738464	0.00396020071506602	0.000666433307777053	9.73508704766081e-05	1.72768226340396e-06	
8.58834195630355e-06	8.50279702388318e-05	0.000565239679545483	0.00370969292027924	0.0165013343655509	0.0513255993493366	0.117444711571659	0.193105296309552	0.230167019772351	0.19507374059335	0.119049792984956	0.0523210161841904	0.0161736234226407	0.00369011913196535	0.000675278772471823	9.40286510780249e-05	9.88997887766378e-06	
1.35656434704714e-06	1.05510560325889e-05	8.5875752554456e-05	0.000654799152604393	0.00382107570858578	0.017077942370458	0.0532300838366302	0.11834453266409	0.193041136817165	0.22923104675738	0.194381776144655	0.118695415261311	0.0515481562978563	0.0155994133526715	0.00361130656455361	0.000583857912305978	7.39127622014711e-05	7.7610245977323e-06	
1.02014340238522e-06	1.55472305318468e-05	0.00013605894573614	0.000742155856982096	0.0040066668240077	0.0170251395439762	0.054593700226652	0.121790965840403	0.195334035020439	0.227699554938086	0.192489890532057	0.11604868891415	0.0502630138008921	0.015518850326202	0.00370378532879142	0.000558030695079517	6.08654928486171e-05	1.20303397632635e-05	
4.39554645911489e-06	2.87780444767813e-05	0.000102403447666956	0.00065247686455565	0.00411312651110227	0.0175952263634892	0.0550604352632045	0.122429995671726	0.197972383731328	0.227179630185386	0.190571440216931	0.115233079786809	0.0499801211106986	0.0150407259251065	0.0033720599037491	0.000572437738104149	8.82883860804489e-05	2.99530312726389e-06	
9.79417020703672e-06	0.000113914622311772	0.000725236866730802	0.00429520126466364	0.0184634369395586	0.0569846016487788	0.125074399661001	0.198249755937853	0.22732990614205	0.188239578818936	0.112500643341062	0.0487354412670189	0.0150991409938032	0.00352198786346322	0.000576013363809248	6.64093999756852e-05	1.15304232924816e-05	3.00727548424691e-06	
8.82992962019523e-06	8.82719024182289e-05	0.0007414036252142	0.0044211740677416	0.0193945858134473	0.058100824281996	0.12842289512786	0.201289133199504	0.227714841912453	0.18475483583225	0.109783026318517	0.0474193214261484	0.0142606315807288	0.00307322337083005	0.000468689376985916	4.83378532569185e-05	5.16829386249276e-06	4.80608716659368e-06	
1.21599005059419e-05	0.000117182423221782	0.000760260221629977	0.00464656622970194	0.0198711891714036	0.0589716006351605	0.129249701955239	0.202337742829171	0.227444249362523	0.184512945391242	0.108332821552756	0.046152030795359	0.0142151795942792	0.00292977132405417	0.000407048078238516	3.86473490455003e-05	9.03186469864462e-07	
2.50495205772257e-06	0.000129753516647445	0.000770415255022434	0.00492437875231506	0.0208810193581705	0.0601341460925779	0.130487491599898	0.203823950013421	0.228778489408491	0.182555011079643	0.10551491355007	0.0450863560922308	0.0134556544722291	0.00297181512243037	0.000432723718100759	4.80050812307503e-05	3.37193546452714e-06	
2.41764442736349e-06	0.000157776795135632	0.000932952786901819	0.00505253490348161	0.0210266855212536	0.0616133082842974	0.131441118428948	0.205110748541769	0.227151689892361	0.182344756827234	0.104806349710923	0.0437697786035817	0.0132518679947665	0.00285471014635993	0.000422799817139694	5.42710181442775e-05	6.23308327551034e-06	
1.51333793201661e-05	0.000102056212217559	0.000983816030778557	0.0052159017033183	0.0218579050840901	0.0637657932167641	0.134585605237131	0.205296499345262	0.227211224802042	0.179695093294804	0.102524388071083	0.0428858013688342	0.0127809214938711	0.00256703158005875	0.000456304544914071	5.1473205500549e-05	5.05143000994884e-06	
4.8989452675326e-06	0.000120745119007083	0.0010510282557729	0.0056625329101799	0.0230171435440102	0.0666689401036681	0.138260111137932	0.208289097788088	0.225467388187067	0.175550312314179	0.0989839742752891	0.0412913856164256	0.0124424970253013	0.0027408150881257	0.000405916872654727	3.82601356177317e-05	4.95268141306312e-06	
7.8128182643546e-07	1.68997268918193e-05	0.000121988142407592	0.00111217871937169	0.00606977550464698	0.023814924455922	0.0682986956893554	0.140933235071718	0.210154279031132	0.225466849922129	0.172053463127403	0.0982283103401541	0.039196641793488	0.0115720819793131	0.00257244553679129	0.000355939980403589	2.67258483242961e-05	4.78384872186635e-06	
2.02575052675132e-06	1.12767791691569e-05	0.00015268752920824	0.0012725600805261	0.00646927530812804	0.0249606389383595	0.0706491338677358	0.143645401912883	0.21066762231878	0.223398033901904	0.171124987222131	0.0955379239602012	0.0383079568546845	0.0111621800018017	0.00229576758272037	0.000290414268169438	4.50767456042626e-05	7.03697746699073e-06	
7.62093264499302e-06	0.000145302538618422	0.00125765763841396	0.00692064617820993	0.0264152442932838	0.0739807388803781	0.148553301265162	0.210973638798641	0.221046398208559	0.16911162161696	0.0929782368789253	0.0361812991776716	0.0100819738655898	0.00204716618934367	0.000254583550030164	4.1243052087548e-05	3.32693548029623e-06	
