# <P(U)> as a function of N_tot.
# number_of_species: 1
# species_total_upper_bound: 511
# species_total_lower_bound: 490
# volume: 729
# Bin widths for each
10	10	10	10	10	10	10	10	10	10	10	10	10	10	10	10	10	10	10	10	10	10	
# Bin lower bound for each
-2640	-2650	-2660	-2670	-2680	-2690	-2710	-2720	-2720	-2740	-2750	-2760	-2760	-2770	-2780	-2790	-2800	-2810	-2820	-2840	-2850	-2850	
# Bin upper bound for each
-2480	-2490	-2500	-2500	-2510	-2530	-2530	-2550	-2560	-2570	-2580	-2590	-2590	-2600	-2620	-2630	-2640	-2650	-2660	-2670	-2680	-2690	
# Normalized histogram for each
3.3258730122905e-06	5.66707138852134e-05	0.000446005545570334	0.00294584152085362	0.013945226217276	0.0464456629834951	0.108867377473537	0.186189574915334	0.226630910468605	0.201408397116953	0.128337188875569	0.060064484210967	0.0192803561327751	0.00453816083791584	0.000761075823585806	7.58350257849472e-05	3.9062648809879e-06	
2.08550353370172e-06	5.4240209552308e-05	0.000511016836461175	0.00296722932182592	0.0139302963095403	0.0456784130156875	0.108092971918709	0.187610848007675	0.228800544182334	0.201355089443138	0.12848543629547	0.0586289049591534	0.0186527207818601	0.00443300736428101	0.000713926915568518	8.18253445281794e-05	1.44359068133115e-06	
2.31491964427839e-06	6.00510682106896e-05	0.000509256663764892	0.00309576883862434	0.0138011945584051	0.0462175902162601	0.109576290878092	0.18853729051171	0.228408522821409	0.20086693170501	0.127167328193442	0.0580649897440079	0.0184819820353398	0.00436927683692117	0.000754022354625933	8.07884148763065e-05	6.40023965690268e-06	
1.85451933899746e-06	5.81282136900817e-05	0.00054693222263103	0.00308690868732777	0.0140886495283346	0.0464919395140114	0.110020735719727	0.1887221750703	0.229753347076243	0.200481713534848	0.126073064842898	0.0571361882799192	0.0185105614520265	0.0041676746995319	0.000747815694563571	0.000100209564958393	9.82524915545659e-06	2.27613049440702e-06	
1.85637341012168e-06	6.99661720287951e-05	0.000539987942868959	0.00323565315069798	0.0142905164960079	0.0474892769199153	0.111007382959592	0.189191081322854	0.229613857563451	0.198405579983579	0.125347154659767	0.0571524447799059	0.0185084877441543	0.00429448177804962	0.000744958942438155	9.8356423443805e-05	6.79244464348671e-06	2.16434319244602e-06	
3.12958201054695e-06	7.43517999336318e-05	0.000484461005386772	0.00325707399900939	0.0145335622374602	0.0483218179394168	0.112551626167724	0.188850618965338	0.22960254807261	0.198822570300338	0.123914023997595	0.0566187160832797	0.0180540569736415	0.00410891885981461	0.000724692052906753	6.36832885807381e-05	1.4148674954786e-05	
1.02791894002748e-06	1.15115563062746e-05	6.00423922289533e-05	0.000450714059651221	0.00319361920624173	0.0150538388020415	0.0491930031306918	0.114329619648667	0.190640461847728	0.228155258023882	0.197868089303451	0.122972540988388	0.0553095865108889	0.0177068322764855	0.00423303550480007	0.000743406878936339	7.16703702936288e-05	5.6336772845705e-06	1.07903093152056e-07	
5.646992600915e-08	7.33261989228813e-06	9.38417230420056e-05	0.000517880044437314	0.00351436066923865	0.0155410177495707	0.0498537259506585	0.115509595059243	0.192117001620856	0.22973743573793	0.196224513922406	0.121267339302543	0.0540157034958442	0.0168424603698295	0.00400107496151151	0.000663213869510763	9.18709226242862e-05	1.57551093565529e-06	
7.83920595983455e-06	8.16249245427273e-05	0.000545387967485086	0.00362767330931844	0.0164407922539163	0.0512912561140013	0.116972943451094	0.192933936359922	0.22976281525991	0.195486357665241	0.119632456567534	0.052327649137544	0.0163343801589703	0.0037751632928931	0.000680777879660616	8.99191471150639e-05	9.02730489247877e-06	
1.23888875858551e-06	9.63580145566508e-06	8.08452169944984e-05	0.000613938207032375	0.00377651499710099	0.0169937977717156	0.0530593524944251	0.118240346571068	0.192776906028037	0.228994051853473	0.194649591734323	0.119127056618899	0.0515032773116545	0.0157954833222916	0.0036840843441872	0.000608108968542432	7.86820778922062e-05	7.0877921494586e-06	
9.31748227951975e-07	1.42000668374062e-05	0.000129535388027137	0.000717801486949296	0.00397075559610504	0.0170923000762937	0.0546608866789226	0.121431290966214	0.194920808731496	0.228151849913078	0.192678219456781	0.116140614674698	0.0501200298772764	0.0155888641525745	0.00376737986052339	0.000546049230263482	5.74941819458173e-05	1.09879137872895e-05	
4.02350239201536e-06	2.63422379599122e-05	9.49702600619471e-05	0.000669913148270558	0.00412496765489987	0.0177180612004751	0.0550542909651315	0.122090220972451	0.1974495848672	0.22690348923728	0.191210127387346	0.115313915704599	0.0500939394465509	0.0151663470671101	0.00342419558073488	0.000565979171314488	8.68898189699494e-05	2.74177725328471e-06	
1.1727490368976e-05	0.00011943779474523	0.000755505918241966	0.00431001277010407	0.0185004681879715	0.0569009704463485	0.124451239813274	0.197658774819088	0.22769736210383	0.18866931245493	0.112801980963246	0.0488126625830523	0.015176900757776	0.00348656646319949	0.000566090107739393	6.74950056910897e-05	1.07392969009042e-05	2.75302349274086e-06	
8.08038715644494e-06	8.74553588204268e-05	0.000769394354593643	0.00446828140395883	0.019283839770786	0.0582360298691999	0.128128476406569	0.200801523154929	0.227609233958936	0.18516084333739	0.10999017426593	0.0474267224408543	0.0144154496824167	0.00310118351322148	0.000456487559430642	4.76968458004009e-05	4.72957510914978e-06	4.39811489832008e-06	
1.11329864141512e-05	0.000111090059779534	0.000769970460733309	0.00463845583896278	0.0198703327648812	0.0588079072682376	0.12881580559701	0.202019028139846	0.227818286706655	0.184882740738717	0.108500608176938	0.0460140082793035	0.0142974089419838	0.00298418887701591	0.000417896311769221	4.03119401601787e-05	8.26911593029307e-07	
2.3066842441688e-06	0.000123931353604764	0.000770501270694339	0.00495065026391107	0.0207975325307912	0.0602728839902895	0.130309855162444	0.203576967834253	0.228658601362161	0.182681182651693	0.105823827301525	0.0451215728720648	0.0134886949047781	0.00294292219535899	0.000431484670617807	4.3994709505589e-05	3.09024206250981e-06	
2.52818056206346e-06	0.000153407364127117	0.000924976812169527	0.00506608995778657	0.0210016233496746	0.0618970333917976	0.131680473777308	0.204906369271614	0.226978172550034	0.182145496944902	0.104913022060854	0.0437632003861524	0.0132385515332946	0.0028369558641809	0.00043678843610869	4.96121159538114e-05	5.69800347935777e-06	
1.45242739440952e-05	0.000101724540677279	0.000957602478154671	0.00531284995207741	0.021876148424413	0.0640545115938542	0.135467968624258	0.205663008948496	0.226576595120124	0.179371934616547	0.102284235949818	0.0425766008446218	0.0126884335753265	0.0025540026256599	0.000448179546813102	4.70605047632012e-05	4.61838045119687e-06	
4.70539239686176e-06	0.000144146942632715	0.00103987263642326	0.00569648816146309	0.0229567071376122	0.0665766161064802	0.13835691912181	0.209236158576424	0.225692000809208	0.175582477894041	0.0985602205347081	0.0408196416251563	0.0122624788594367	0.00263315775904035	0.000398946939724422	3.49387653291891e-05	4.52273811494418e-06	
7.14493539649718e-07	1.54550448730385e-05	0.000127267787724068	0.00116894715554392	0.0061379254536628	0.0238354989866105	0.0682796929919091	0.140852876593448	0.210761117458333	0.226028731439557	0.172334085758236	0.0973613195726165	0.0388100854269636	0.0113873012453131	0.00252751265235465	0.000342651865251476	2.44411751601715e-05	4.37489890431674e-06	
1.84723920559885e-06	1.16844111070788e-05	0.000161944996322928	0.00124436347290021	0.00643360735516038	0.0248447331057422	0.0704882497211063	0.14380505470394	0.211269362767584	0.224141875481804	0.171061008254121	0.0951339102611249	0.0377339817517747	0.0110487974213826	0.00226965323833343	0.000298114497463684	4.53944495037043e-05	6.41687142334713e-06	
1.1618001670788e-05	0.000158007598828254	0.00126311413863804	0.00679397696031729	0.0261420056323683	0.0738678237245052	0.148652031558335	0.21212751253479	0.221570729784817	0.168651864825436	0.092702986331403	0.0359090916826149	0.00990021974346658	0.00196816721398651	0.000240163666079221	3.76495432877484e-05	3.03705945707099e-06	
