# <P(U)> as a function of N_tot.
# number_of_species: 1
# species_total_upper_bound: 511
# species_total_lower_bound: 490
# volume: 729
# Bin widths for each
10	10	10	10	10	10	10	10	10	10	10	10	10	10	10	10	10	10	10	10	10	10	
# Bin lower bound for each
-2640	-2650	-2660	-2670	-2680	-2690	-2710	-2720	-2720	-2740	-2750	-2760	-2760	-2770	-2780	-2790	-2800	-2810	-2820	-2840	-2850	-2850	
# Bin upper bound for each
-2480	-2490	-2500	-2500	-2510	-2530	-2530	-2550	-2560	-2570	-2580	-2590	-2590	-2600	-2620	-2630	-2640	-2650	-2660	-2670	-2680	-2690	
# Normalized histogram for each
3.29616832584802e-06	5.61645653400913e-05	0.000446223369039417	0.00294761473836468	0.013940634987739	0.0464642041843698	0.108902987867467	0.186362421890045	0.226552813760698	0.20131535838663	0.128265041528422	0.0600731752751916	0.0192882521983709	0.00453428697131695	0.000761324654539989	8.23280776545001e-05	3.87137648536299e-06	
2.06707627446698e-06	5.37609495624708e-05	0.000518694758005133	0.00297001817276752	0.0139493885338125	0.0456931056194226	0.108166071916604	0.187747018265803	0.228761462160626	0.201258056553493	0.128477098351549	0.0585653438171219	0.0186218377186375	0.00441807721034354	0.000713590924988836	8.27509166839967e-05	1.65705430483946e-06	
2.29387843960716e-06	6.25166623996384e-05	0.000511690265572025	0.00309790543247705	0.0137800368550556	0.0462198030254494	0.109600814075988	0.188558991440184	0.228395894084152	0.200914041063837	0.12710159803437	0.0580450938533584	0.0185102938698969	0.00436297091700005	0.000749660378867133	8.00540975635316e-05	6.34206539029319e-06	
1.83838562225884e-06	5.79783336568299e-05	0.000543845862791239	0.00310388114804759	0.0140974921197996	0.0465324995895896	0.110155956352049	0.188780975841125	0.229628913164409	0.200401439598834	0.126035948300767	0.0571066169425997	0.0185167960713648	0.00418000883503844	0.00074447557848863	9.93377742460818e-05	9.73977267460944e-06	2.25632889736531e-06	
1.83901710902872e-06	6.93120181061884e-05	0.000539591914024261	0.00323678028342242	0.0143349829947698	0.0475243773158692	0.111111314818587	0.189160907172055	0.229591509045009	0.198333548798717	0.125351214131525	0.0571115915920748	0.018480525870982	0.0043021587710534	0.000744036378255638	9.74368327567106e-05	6.72893817773642e-06	2.14410750499662e-06	
3.09992899779202e-06	7.36473113264141e-05	0.000482798413528614	0.00325068492550067	0.0145539069055918	0.0483908317979345	0.112609774012325	0.188822900522762	0.2296082852079	0.198738653007051	0.123866090509384	0.0566143985417392	0.0180795030207382	0.00410919021636096	0.000719141178730949	6.30798848794783e-05	1.40146152504914e-05	
1.01846662871706e-06	1.14057008641408e-05	5.94902675807245e-05	0.000451130074534595	0.00319190254883653	0.0150849425082622	0.049219861596012	0.114363620552083	0.190570791181733	0.22815806737123	0.197766508310111	0.122971517624157	0.0553727729940013	0.0177323564794129	0.00422600629778124	0.000741907923920768	7.10113196376206e-05	5.58187235186368e-06	1.06910861578034e-07	
5.59351221271655e-08	7.26317560821244e-06	9.29529859509236e-05	0.000524425331015453	0.00350453676770658	0.0155323080300526	0.0499222782876421	0.11550895539624	0.192149922885463	0.229793611229629	0.196120592196661	0.121283465273892	0.0540195371704814	0.0167947889072676	0.00398353438928645	0.000667784252271272	9.24271958029282e-05	1.56058990734792e-06	
7.76855115193321e-06	8.30491797636084e-05	0.000557064404637515	0.00364196413901514	0.0163915705614175	0.0513036481954022	0.117065861595743	0.193101693026155	0.229776151801063	0.195378874981358	0.119584823352903	0.0522689720913366	0.0162903121872304	0.00376764988866241	0.000680882473230348	9.07676291882988e-05	8.94594174214021e-06	
1.22760669323237e-06	9.54805205847401e-06	8.13449496363637e-05	0.000622975600707344	0.00377693937653358	0.0169973893844111	0.0530551570256775	0.118202337408796	0.192849712675174	0.229115087815717	0.1946087199637	0.118999070854836	0.0514660800105941	0.0158365550307492	0.00368488279298439	0.000607595720933855	7.83524843410694e-05	7.02324645583963e-06	
9.22980574906473e-07	1.40664456986497e-05	0.000129463962982902	0.000718065028710045	0.00398980388625156	0.0170897309353082	0.0545717032260566	0.121439644700928	0.194828369101251	0.228211678460464	0.19273329743447	0.116095254566607	0.0501923932220542	0.0156052206198251	0.00376410880440927	0.000548239374640692	5.71527310948092e-05	1.08845186716448e-05	
3.98480492330927e-06	2.60888820948517e-05	9.51110017221449e-05	0.000679304376136775	0.00415584798338999	0.0178343311006146	0.0550707298044657	0.122107671498698	0.197255644980483	0.226803050754507	0.191074136315954	0.115407404151126	0.0502278230807876	0.0151822695718599	0.00342694327228676	0.000560888888557742	8.60541251582246e-05	2.71540723305839e-06	
1.1619594905343e-05	0.000118438230244515	0.000756087288713677	0.00430642100193486	0.0184988556808914	0.0569331990840328	0.124456667411262	0.197695704978502	0.227576035231163	0.188537095042362	0.112869225659825	0.0489032233203069	0.0152198186855574	0.00347575097279149	0.000561615592447207	6.68740369498815e-05	1.06404930322367e-05	2.72769507747073e-06	
9.35507931589922e-06	9.03285187145893e-05	0.000770115315822457	0.00445669247145702	0.0192456465720446	0.058180352819409	0.128181219412601	0.200779937183525	0.22762623395317	0.185105936300203	0.11004342555538	0.0474756067479326	0.0144288814842052	0.00309672436932558	0.000453262007184988	4.72416332071537e-05	4.68443664948301e-06	4.35613985249332e-06	
1.18541310929006e-05	0.000110486615820751	0.000768351314018558	0.00460934908870637	0.0198082830805154	0.0587051863895207	0.128828611395019	0.20222006176005	0.22778741090077	0.184868275082921	0.108550909636289	0.046009567569377	0.0142958036910909	0.00297106886715733	0.000414042990530823	3.99186431576492e-05	8.18843962208189e-07	
2.28454138901728e-06	0.000128786596038558	0.000767475205891366	0.00492534597977026	0.020747597680836	0.0602242550483572	0.13029158056478	0.203610037204206	0.228679578753005	0.182670009797551	0.105910701628351	0.0451372689702381	0.0134793605654152	0.002945615236962	0.00043346926436286	4.35723853480984e-05	3.0605774985166e-06	
2.50262544273636e-06	0.000151856706094716	0.000916753500576517	0.00502813280790468	0.020936869451882	0.061818026932761	0.131619407313097	0.204934973254385	0.227042745692152	0.182122988617606	0.105074599396507	0.043846790345276	0.0131919847226063	0.00282465253590425	0.000432965058970582	4.91106313833286e-05	5.64040745119973e-06	
1.43746678240103e-05	0.000100676735196143	0.000953061019694552	0.00529809494430255	0.0218308523538755	0.0639677313304846	0.135518308070783	0.205571978588016	0.226492942580054	0.179450423039744	0.102433493678816	0.0426555644567552	0.0126685423382689	0.00254717329847337	0.000445636326715549	4.65757618043479e-05	4.57080919338125e-06	
4.65585059702369e-06	0.000142629258584952	0.00102960656203891	0.0056687192952419	0.0229359446968895	0.0665868422970043	0.138397554358829	0.209236990167602	0.22560270963815	0.175605596346445	0.098604482155	0.040837827813929	0.01227901289051	0.0026250338456196	0.000403348799578075	3.45709045489314e-05	4.47511943248105e-06	
7.07506470860985e-07	1.53039092004699e-05	0.000126023229532746	0.00115751596165212	0.00611460290498619	0.0237980087529707	0.0681798434100419	0.140790222957194	0.210847418460594	0.226053226446521	0.172444971337212	0.0973402858905753	0.0388026808127687	0.0114213449885772	0.00253560522913134	0.000343703922365533	2.42021636609139e-05	4.3321165446565e-06	
1.82725935475768e-06	1.15580318106787e-05	0.000160193389459454	0.00123138377827688	0.00639110395687479	0.0247521182284908	0.0703835894335942	0.143715191993442	0.211179179855158	0.224296115931218	0.171378424763104	0.0951145174805122	0.0377245337048494	0.0110117415330301	0.00228796157129478	0.000309308162980916	4.4903460395552e-05	6.34746615438314e-06	
1.14853577660951e-05	0.000156203610029351	0.00124938188329361	0.00673991531111589	0.0260313479406336	0.0737485305808916	0.148521041869763	0.212106600630443	0.221683146824022	0.168715794457071	0.0928921904293065	0.0359898062935271	0.00989914615407842	0.00197374432394854	0.000241442254439662	3.72196946293386e-05	3.00238504088603e-06	
