# <P(U)> as a function of N_tot.
# number_of_species: 1
# species_total_upper_bound: 511
# species_total_lower_bound: 490
# volume: 729
# Bin widths for each
10	10	10	10	10	10	10	10	10	10	10	10	10	10	10	10	10	10	10	10	10	10	
# Bin lower bound for each
-2640	-2650	-2660	-2660	-2680	-2690	-2700	-2710	-2710	-2720	-2730	-2750	-2760	-2770	-2770	-2780	-2790	-2800	-2810	-2820	-2830	-2840	
# Bin upper bound for each
-2480	-2490	-2500	-2510	-2520	-2530	-2540	-2560	-2570	-2570	-2590	-2600	-2600	-2610	-2630	-2640	-2650	-2650	-2660	-2670	-2680	-2690	
# Normalized histogram for each
1.19541718581883e-05	3.82757990952319e-05	0.000332135159890884	0.0029352262356021	0.0143237543687447	0.0471882422132975	0.110535737342861	0.189350827107093	0.226759396867693	0.200437245817172	0.124666934135806	0.0594801989338824	0.0184010249383481	0.00438287831839112	0.00095676402401146	0.00017371899823965	2.56855680145423e-05	
7.60166721872834e-06	9.78056094132424e-05	0.000580116341635182	0.00354800291030958	0.0143882249723198	0.045202787267945	0.108403029708444	0.189976671160682	0.233392445703963	0.20175519109199	0.122524970536013	0.056741911129887	0.0182686879274009	0.00417687152858765	0.000757795904868973	0.00017254279305876	5.34374626267042e-06	
9.9426030410108e-06	9.47736425720501e-05	0.000519228994281315	0.00361404240726553	0.0141565408445885	0.0462162955136724	0.10864126637997	0.187258966914769	0.23189416342938	0.203123703240688	0.123005926541798	0.0564347401303719	0.0193722240439906	0.00450985218163222	0.000953495631632936	0.000194706182948398	1.3131739865486e-07	
3.56240692791806e-05	0.000457436948291365	0.00303097721937858	0.0133431743891172	0.0461683830261093	0.109523605744318	0.185921308074001	0.228194699504441	0.202502127828645	0.126942786064357	0.0571791144222327	0.0211819072895173	0.00438415039600783	0.000936028021579224	0.000198434281079209	2.42721646032153e-07	
2.33103756211369e-06	3.79733538344327e-05	0.000531965330102365	0.00310768664147793	0.0146464917621509	0.0486495810636735	0.111187653110631	0.187085596977592	0.226023248415139	0.197943005981217	0.127261510607086	0.0582145613299366	0.0194212274356504	0.00462212790794116	0.000969486041559091	0.000276961100021137	1.85919044268584e-05	
3.20963970654777e-06	6.07742429642181e-05	0.000487276484916545	0.00316422995188294	0.0138241461195124	0.049354629767585	0.113277339364417	0.187878159417866	0.225896151822415	0.198570855692795	0.125470057907408	0.0579121749515729	0.0186163091289465	0.00422420871698261	0.00111469457571839	0.000110931985360624	3.48502299497938e-05	
9.86331839884754e-06	8.69419146894553e-05	0.000276572779427144	0.00305039306466289	0.0148815577310118	0.0514301983048726	0.116602379283741	0.189359299782082	0.224364597602696	0.194059666069168	0.126655994987759	0.0560430895249236	0.0179082064751276	0.00427222591218653	0.000808182791738774	0.00016649586115738	2.43345963585466e-05	
4.7427106955392e-06	6.218642263991e-05	0.000468693641775966	0.00324422279501942	0.0156573194984542	0.0523073183194163	0.116650308425116	0.189956528503473	0.228163179828925	0.193434965323481	0.121536495604617	0.0558894497660715	0.0176939532961754	0.00411249929831595	0.000732976452574193	8.51601132491019e-05	
0.000124553580377358	0.00067252112702688	0.00399122797211955	0.0166501270980808	0.0548504487396083	0.119361302729656	0.190668549584356	0.228983913717525	0.192309098712937	0.117893620480807	0.0526728830788978	0.0170726884767173	0.00412461057112421	0.000560472165306208	6.39819654600455e-05	
0.000108459511936393	0.000773980505861954	0.00446095536730855	0.0179839642821425	0.0521666027373571	0.118884195398566	0.192975566109153	0.225729041625162	0.191331582377927	0.12263306809966	0.0527114944746021	0.01569063501709	0.00378908245332059	0.000654095167747247	0.000107181497989903	9.53741751111438e-08	
9.33618388676797e-05	0.000685037453110538	0.00505576531625157	0.0183116681583507	0.0553303188127292	0.121655698010487	0.194041437412924	0.225493817989108	0.189540006815049	0.117634381100953	0.0509028596656371	0.0159034587518353	0.00447908365556735	0.000769356843673328	0.000103748175455674	
3.91708392441247e-06	6.25219579046318e-05	0.000583986120730885	0.00474826264081775	0.0187374182602039	0.0549510105262831	0.121283590934271	0.199449341261915	0.224572155089123	0.189896954957357	0.115746877961112	0.0497541566221218	0.0150673566234691	0.00418639763654888	0.000830024406649778	0.000126027917568053	
3.8145729235625e-08	6.04037622446122e-05	0.000553074928187327	0.00458589864157146	0.0193543800995714	0.0607469593705451	0.127110534059473	0.197397034615857	0.220748743827759	0.186303779732522	0.1132342239897	0.0495130611835182	0.0156139052550491	0.00380759225511238	0.000908097230183289	6.1853299955566e-05	4.19603021591875e-07	
7.72092942807461e-06	5.7925894557197e-05	0.000681769422806971	0.00449925808113066	0.0214535107605439	0.0613599293111063	0.133633468064183	0.200352876753018	0.222338904557939	0.180999099243824	0.109960133321527	0.0473170725891696	0.0138227156140034	0.00299477442576108	0.000421774693855213	8.46652898558966e-05	1.44010472910901e-05	
3.31040903516422e-05	0.000625261564499689	0.00466305050931477	0.0210715498271449	0.0639314118134241	0.133647981455339	0.20225493839179	0.223130935190363	0.180304480653797	0.106140150849614	0.0459306740055363	0.0146679180998738	0.00335234846692701	0.000225130566343299	2.10645156819442e-05	
6.80130531960007e-05	0.000736195606079709	0.00543629199991219	0.022227396900725	0.065028059376723	0.134437583132009	0.198817719572542	0.224396322585199	0.17968425281562	0.104895695008459	0.0460491467517168	0.0143585656245252	0.00348615478381786	0.000350589492316132	2.80132971579567e-05	
0.000150625065198326	0.00104805377677988	0.00561580355340266	0.0230257476246001	0.0647012379020778	0.132555053230752	0.201296747499684	0.224438302914558	0.180876915341623	0.104048947400955	0.0445286621975146	0.014146420206732	0.00315278878974441	0.000300347033309737	0.000114347463068661	
4.92124169244944e-05	0.000927054507290937	0.00547078665254095	0.0231341292745131	0.0673097063927062	0.133488680907691	0.204384652345576	0.223019438999252	0.178660251526138	0.104045111256092	0.0446671149750151	0.0118767227064711	0.00251117610773094	0.000378909131693052	6.02766997457201e-05	1.67761006195336e-05	
6.40935730794382e-05	0.00128054498992035	0.006091676955473	0.0232056990759452	0.0679995899856849	0.138368373716514	0.204764855406129	0.2211856134497	0.17811577044858	0.100173775478253	0.0425757034682966	0.0129694710046366	0.00268154898671406	0.00044315688261164	5.23283461074477e-05	2.77982323553892e-05	
0.000143749433115127	0.00134538097854434	0.00630989035938905	0.0246105682231561	0.0701595284136719	0.142815496935389	0.202911307972862	0.221171083098699	0.173058304483849	0.101582520161762	0.0419034529066375	0.0108007982512581	0.002597526921834	0.000501102053201408	6.83646234443664e-05	2.09251831872148e-05	
0.000140041551896849	0.000960188252786784	0.00626725751887889	0.0249472002945092	0.0718269855492683	0.144543342432385	0.206537981961828	0.217976805209944	0.1699580179869	0.101634539278321	0.0418109617783494	0.0105105205220684	0.00240938743345215	0.000383521981736838	8.55455642485303e-05	7.7026834258216e-06	
0.000100367506823441	0.00111407733865829	0.00672559662730204	0.0267206678693546	0.0774303025061951	0.148540194255537	0.207854251198787	0.219098770131425	0.162540318885314	0.0944769416234284	0.0400743351442538	0.0116197396080187	0.00313436337830312	0.000436263831381635	0.000112071419220789	2.17386759977913e-05	
