# <P(U)> as a function of N_tot.
# number_of_species: 1
# species_total_upper_bound: 511
# species_total_lower_bound: 490
# volume: 729
# Bin widths for each
10	10	10	10	10	10	10	10	10	10	10	10	10	10	10	10	10	10	10	10	10	10	
# Bin lower bound for each
-2640	-2650	-2660	-2660	-2680	-2690	-2700	-2710	-2710	-2720	-2730	-2750	-2760	-2770	-2770	-2780	-2790	-2800	-2810	-2820	-2830	-2840	
# Bin upper bound for each
-2480	-2490	-2500	-2510	-2520	-2530	-2540	-2560	-2570	-2570	-2590	-2600	-2600	-2610	-2630	-2640	-2650	-2650	-2660	-2670	-2680	-2690	
# Normalized histogram for each
9.38074942498869e-06	3.00360145908088e-05	0.000377975204139568	0.00297974587564488	0.014614297421872	0.0486246962541963	0.111329647829197	0.191433291164002	0.227214214698049	0.197998538570258	0.123642138355778	0.0581824908091777	0.0182401699398362	0.00425260640599487	0.00088559265893966	0.000165021915940998	2.01561329585438e-05	
5.99235123828601e-06	7.70996082589373e-05	0.00051862020061057	0.00348326181298972	0.0144157281776923	0.0459380765552239	0.109649822864466	0.192387106364635	0.233457969789324	0.200092068620313	0.121673801940243	0.0556778277026665	0.0176514198557359	0.00407591128347724	0.000705643855965888	0.000185436572230326	4.21244492988422e-06	
7.83794211724112e-06	7.70780270095485e-05	0.000481027817448117	0.00353928931160537	0.0141959180884768	0.0462756687058626	0.111325264393752	0.18932584676764	0.233474978257105	0.200717156915158	0.120947062982597	0.0555097405655948	0.0188175384750529	0.00428846348088333	0.000845580857320024	0.000171443892387125	1.03519990227713e-07	
2.81038487882137e-05	0.000395368715499598	0.00307773967932183	0.0136313682669575	0.0468483205380055	0.11104830787949	0.188267329524712	0.227926499951238	0.201470924219076	0.126576464997444	0.055656107990777	0.0199275141643472	0.00412180944538837	0.000849832106753029	0.000173866787786203	4.41884414909021e-07	
1.82643101975094e-06	2.97531504830395e-05	0.000441583886872041	0.00298754035271034	0.0141753141056299	0.0480870712692532	0.111112241992683	0.18789319267065	0.227236696769883	0.199359644446906	0.126864502532479	0.0573982755250731	0.0188585630966372	0.00448017637431938	0.000833264964914113	0.000225785170175501	1.45672603107555e-05	
2.50952464836548e-06	5.96197719715231e-05	0.000421808030541242	0.00295613094022489	0.01369207042629	0.0476542396540503	0.112122665683606	0.188780847830578	0.22788390451921	0.198237137635592	0.125994159697625	0.0584527093667087	0.0184836142369996	0.00415134773872748	0.000973220387301027	0.000106766166992591	2.72483889334358e-05	
7.69191247375766e-06	8.53534998053263e-05	0.000372330141635134	0.00296257424254709	0.0146648538699972	0.0501440525924863	0.115104837203197	0.189810948234617	0.225089592961217	0.194135555256591	0.127359212015539	0.0569530433987205	0.0181796866392074	0.00421086175257404	0.000767943910217859	0.000132485025271942	1.89773439024369e-05	
3.69007600700477e-06	8.15359194507774e-05	0.000509614256871386	0.00324973185693687	0.0154911162010544	0.0508254094855205	0.115115345429048	0.189675589477096	0.22984187492939	0.194762359252752	0.122456485959512	0.0555266253596606	0.0177615461666442	0.00392250651453398	0.000690678906383096	8.5890209139043e-05	
0.000107053844294555	0.000625957583441623	0.00384888131312856	0.016530921133974	0.0530757213764544	0.117840510619561	0.190888799319408	0.229717292042858	0.193111010664073	0.119198727703173	0.053334207535134	0.0171105688255372	0.00401948040861572	0.000537701928304974	5.31657020418903e-05	
9.42495274009693e-05	0.000803831175163798	0.00423345359132685	0.0172967135512649	0.0514479350223261	0.117492595288249	0.193029740953752	0.227355081169888	0.192413905300403	0.12210948924946	0.0529410139984392	0.0162223666835326	0.00388388321974098	0.000581891606082886	9.37756140010902e-05	7.40489687311198e-08	
7.23993643624632e-05	0.000617129025612343	0.00460829472505348	0.0177155721221684	0.0551038068130675	0.120569655409099	0.19256998210695	0.225002455742371	0.192419183595409	0.118249823750797	0.0519233115204257	0.0160846286785033	0.00430208248441865	0.000676248473665673	8.54261880961986e-05	
3.03575605878614e-06	4.84547730349247e-05	0.000494226952565666	0.00440857774432678	0.0185091806762776	0.0552714092773028	0.120398055960482	0.197784478830419	0.224709185935322	0.192111076055706	0.116883559704676	0.0494158024771095	0.0152503332108912	0.00391347086246871	0.000701479631902699	9.76721514565976e-05	
2.94461920677642e-08	6.2676219816236e-05	0.000557755047051555	0.00427218605305553	0.0187766588339305	0.0599144320160084	0.125601421909501	0.196838621484174	0.221782991370043	0.18812502211225	0.113969911027006	0.0498983833996385	0.0157551114503771	0.00367229350515501	0.000721814506157103	5.03677115319106e-05	3.23908112745406e-07	
5.95494610379699e-06	8.32086954356535e-05	0.000762714751338527	0.00426549286505505	0.0203189766880499	0.0605042665875243	0.131919994014695	0.200138061338689	0.223794712340636	0.183258854180213	0.110404467237098	0.0471171390734168	0.0140277804657743	0.00287339285418728	0.000446766912346142	6.71099073168102e-05	1.11071421200723e-05	
4.14040836206203e-05	0.00061629395313186	0.00437890463105842	0.0204417500818022	0.061799268687252	0.131875753109665	0.201278181966516	0.224127841931105	0.183037991978921	0.108041361163331	0.0459548151987043	0.0147836633715042	0.00325342792280903	0.000334921131343842	3.44207892353115e-05	
5.18401630071764e-05	0.00062454564700131	0.00486809193532483	0.0212510939227608	0.0629266108124472	0.130919479365797	0.199586138054798	0.226349755065129	0.182842014705536	0.106546126482489	0.0461593317015487	0.0142157018882372	0.00322618858861776	0.000395437056715279	3.7644610591067e-05	
0.000122067302038228	0.000916886352593404	0.00520273271763203	0.0218884212063988	0.0626277811260132	0.130923291450453	0.20261333962293	0.225228830384684	0.182035727079382	0.106357738228392	0.04472920674532	0.0138338706427341	0.00308482586998146	0.000331492295596855	0.000103788975852381	
3.78141958938405e-05	0.000822146306728033	0.00516965981334988	0.0219499054332649	0.0654555592586598	0.133532374742983	0.204635866369515	0.224444720986386	0.17995972017902	0.103945920061168	0.0447192686159018	0.0120873905540982	0.00260833661761202	0.000504315229019236	0.00011411109383491	1.28905425664245e-05	
6.39182640177567e-05	0.00110171871013416	0.00543390901713618	0.0222373087835214	0.0669835198984586	0.137931788697089	0.206752766694969	0.221310018408106	0.178675487741546	0.100140484310222	0.0431623141696099	0.0127860896135243	0.00291312509566325	0.000428716101241095	5.74791782710511e-05	2.13553164902209e-05	
0.000121773045771153	0.00117591958836414	0.00576268455768878	0.0236961101860716	0.0699647412287219	0.142212412224769	0.204373025790239	0.220399849107506	0.174591152443719	0.100961263296305	0.0423536698468263	0.011446503326031	0.00247045640564224	0.000402033288356276	5.23747069961096e-05	1.60309569928686e-05	
0.00013942793020116	0.000898360537455142	0.0058357994856736	0.0240078205650078	0.0704787589514783	0.144008378519054	0.207865825319219	0.219198138553832	0.171331572930766	0.101344249725449	0.04128357116276	0.0107575478695114	0.00247863966684025	0.00030095290039401	6.50946387143806e-05	5.86124364412873e-06	
9.51316186117575e-05	0.000963935840948528	0.0060405021920522	0.0248418510606548	0.0751378182819941	0.148331422883029	0.208296602925103	0.219496319615365	0.165296324475597	0.0956223325280258	0.0403130031501019	0.0120595479445957	0.00302985202047483	0.00037346007300092	8.53415506553701e-05	1.65538397902438e-05	
