# <P(U)> as a function of N_tot.
# number_of_species: 1
# species_total_upper_bound: 511
# species_total_lower_bound: 490
# volume: 729
# Bin widths for each
10	10	10	10	10	10	10	10	10	10	10	10	10	10	10	10	10	10	10	10	10	10	
# Bin lower bound for each
-2640	-2650	-2660	-2660	-2680	-2690	-2700	-2710	-2720	-2730	-2730	-2750	-2760	-2770	-2780	-2790	-2800	-2800	-2810	-2820	-2840	-2840	
# Bin upper bound for each
-2480	-2490	-2500	-2500	-2520	-2530	-2540	-2550	-2560	-2570	-2590	-2600	-2590	-2610	-2630	-2640	-2650	-2650	-2660	-2670	-2680	-2690	
# Normalized histogram for each
6.31028613078999e-06	2.75717040331231e-05	0.000483136836717949	0.00310588530761662	0.015186310901754	0.0479566143041625	0.110375525522653	0.190736466384143	0.225760657838738	0.198041852049426	0.124561078370426	0.0593532379376733	0.0187899385440345	0.0045188561372969	0.000958521600489623	0.000124477553487649	1.35587212168618e-05	
4.0272083378843e-06	7.96569847228549e-05	0.000569650613061228	0.00351089829862509	0.0149854116870045	0.0464436804732759	0.108854883146114	0.19027914445069	0.231316477160431	0.199584896497406	0.124462488552984	0.0567069212389994	0.0179875459778351	0.00433199025602987	0.000728934677494527	0.000150561769147041	2.83100784148302e-06	
5.2636827994307e-06	6.98480776007474e-05	0.000514102905872699	0.0035514564421608	0.0144459192246361	0.0462224544775359	0.111228321298932	0.188534074073206	0.231416572842348	0.200613908290636	0.122151853514528	0.0567248424117924	0.018798120861268	0.00466186508887013	0.000916943475137809	0.000144383812336082	6.95203388604055e-08	
4.50231195351161e-05	0.000513694898233553	0.00314800741631984	0.0140776145356355	0.0461353221647571	0.110478771460637	0.188518835428488	0.229270823027077	0.200394749178437	0.125611288272508	0.0567265089647897	0.0196020136286002	0.00437207038711306	0.000921544409539793	0.000161800290045446	2.1349130291536e-05	5.83687992215304e-07	
1.22023938242898e-06	4.53850325142132e-05	0.000554549596113065	0.00309331667509763	0.0143875965422155	0.0473451797912023	0.110033187066978	0.186372031995267	0.228400510709544	0.199898523318455	0.127366756378863	0.0578419544967814	0.018850759852412	0.00469247974833153	0.00086141027887341	0.000242620983659568	1.25172943100779e-05	
1.66179813894145e-06	5.60291467200495e-05	0.000400277022733074	0.00317629606414714	0.0141741843120375	0.0478267667674867	0.111334978592156	0.187453317853241	0.229570451042203	0.198195308853985	0.124757430324762	0.0589741873485066	0.0189550202277708	0.00412247869208502	0.000896781007523432	8.678716197809e-05	1.80437845263761e-05	
5.09807360037679e-06	6.64029007369541e-05	0.000355369192205416	0.00291887349855704	0.0149973023021926	0.0496561521588762	0.113512515923237	0.187959733918744	0.225605375818225	0.197752887259045	0.126085546442678	0.0575172241812024	0.0184659213512706	0.00419816519150101	0.000790073464126347	0.000100780451096252	1.25778727051767e-05	
2.43083506107366e-06	7.22833113760864e-05	0.000562466063111712	0.00337895796829483	0.0154039586985177	0.0503140172178575	0.113942729292601	0.18721758801344	0.22896918319547	0.19706851792842	0.124208359669	0.0564040271897264	0.0176140836593861	0.00412335745071754	0.000632250476045015	8.55459474693043e-05	2.43083506107366e-07	
1.55433138142989e-06	0.000146388872417294	0.000621071961734848	0.00361373303068429	0.0166550201911532	0.0526358001841727	0.117007161737273	0.18870740947438	0.227994796331685	0.194579420854573	0.121587523739497	0.0545539228254263	0.0171573703790602	0.004072688229336	0.000576686086223891	7.89697487477724e-05	1.04820222535178e-05	
2.04438729502561e-05	0.00011427450360717	0.000696900439991059	0.0038600007100115	0.0169600649229356	0.052481318616704	0.117224043132642	0.190991178111959	0.226458491658875	0.19347810535024	0.122875683859038	0.0539716681554062	0.0162528692183742	0.00388897997324659	0.000625566868950854	0.000100361719672108	4.88853968203158e-08	
9.18815313393245e-05	0.000646139713861092	0.00451768886115555	0.0174360886332941	0.0546592867950264	0.120497034451317	0.191071763654197	0.224762654697516	0.193931298588344	0.119275322713725	0.0523646767951128	0.0159183720779085	0.00412152471944993	0.00063966101397316	6.66057537795767e-05	
1.43657349534671e-05	8.6532996066507e-05	0.000517630805313209	0.00439990054074464	0.0177857859575337	0.0552753237603752	0.120052318749094	0.196396787326361	0.224901549490107	0.19328918380211	0.117146299861181	0.0501557047354096	0.0154599492838284	0.00376464483893365	0.000640344170892152	0.000113677947096425	
1.70368959904139e-05	0.000109455954698298	0.000587201760714872	0.00431534324009797	0.0186005803811444	0.0589767546540821	0.124175413013656	0.195895951370587	0.225011908985563	0.188806679275532	0.113482978983959	0.0496634305058325	0.0157378351119609	0.00373665504574621	0.000780572971022114	7.65635176829946e-05	2.52282746356616e-05	4.1005709547128e-07	
2.63371968219342e-05	0.000121967461297149	0.00076986250311673	0.00443023721670214	0.0196528648611414	0.0587499184615936	0.12884919589331	0.199531924842076	0.22570989338625	0.185649044159957	0.111499873620329	0.0474133199119237	0.0140394072105375	0.00301041934492958	0.000483904687881088	5.44334462729348e-05	7.39579586032912e-06	
1.3968509041103e-05	8.43430957959673e-05	0.000669308269081658	0.00447965441676469	0.0201807906205138	0.0604421836010575	0.12984237978896	0.198896613541028	0.226613704993698	0.185196920911105	0.10975906885377	0.0459935892862696	0.0143589694974292	0.00306419173190987	0.000373793045607521	3.05198379672298e-05	
4.84709931836406e-07	0.000144443559687249	0.000811278401311865	0.00487050111387312	0.0210993263908524	0.0622292325496524	0.131205288053515	0.199772830026826	0.227825931124386	0.182298872182747	0.106005557994293	0.0464787093392107	0.0139470338844621	0.00297647766682509	0.00030561930622149	2.84136962042501e-05	
2.33158761425392e-06	0.000188329581077384	0.00102157825557472	0.00516983509503718	0.0219238595573099	0.0634134814942969	0.131534222856867	0.203817553465116	0.225070807278903	0.180780439194693	0.105115532615433	0.0448159255663186	0.0137618530126022	0.00298169889857956	0.000330644594826403	7.19069457505199e-05	
4.08077389816275e-05	0.000932163693366238	0.00538205510346973	0.0218243522494618	0.0655267124431203	0.135787906256013	0.2051180683114	0.22449092805167	0.177780182254638	0.102960856874286	0.0442294843421683	0.012647893345946	0.00273230934932486	0.000460726919341646	7.69716385343358e-05	8.58142827802361e-06	
5.4271573486132e-05	0.00112694477174205	0.00577748148062049	0.0232599530196221	0.068020107935955	0.139777009874638	0.207606712349693	0.220757682238088	0.174507216411974	0.0994239474105616	0.0428827517885233	0.0129947299826805	0.00325699885360473	0.000491848976153118	4.81957402186202e-05	1.4147592439327e-05	
0.000117885518443074	0.001153490271398	0.00574970082403979	0.0237718493091025	0.0696621284667004	0.143613498070446	0.207748508957685	0.22031438499756	0.172032552691584	0.10030365971147	0.0409731067847237	0.0114967326901125	0.00260470672896211	0.000409734109674332	3.74439103028774e-05	1.06169577955224e-05	
1.17686213249613e-06	0.000114185547075832	0.000972018307586482	0.00603397162146569	0.0234707898330681	0.0708519773727311	0.145232317072988	0.211427441014024	0.220634741588503	0.170259287661309	0.0983279282449206	0.0389334417642241	0.0108255458471079	0.00248019705060397	0.000363570611678083	6.75498917236971e-05	3.85970885827119e-06	
8.48977404517353e-05	0.00102285085552964	0.00621341714734657	0.0251189665320294	0.07445987610747	0.148666028510988	0.211756913761037	0.219787006621714	0.167540763234285	0.0938254664975415	0.0377296193273874	0.0107640020027231	0.00254500317377019	0.000376322677860641	9.79312527603135e-05	1.09345571055096e-05	
