# <P(U)> as a function of N_tot.
# number_of_species: 1
# species_total_upper_bound: 511
# species_total_lower_bound: 490
# volume: 729
# Bin widths for each
10	10	10	10	10	10	10	10	10	10	10	10	10	10	10	10	10	10	10	10	10	10	
# Bin lower bound for each
-2640	-2650	-2660	-2660	-2680	-2690	-2700	-2710	-2720	-2740	-2750	-2760	-2760	-2770	-2780	-2790	-2800	-2810	-2820	-2820	-2840	-2850	
# Bin upper bound for each
-2480	-2490	-2500	-2500	-2520	-2530	-2540	-2550	-2560	-2570	-2580	-2590	-2590	-2610	-2630	-2640	-2650	-2650	-2660	-2670	-2680	-2690	
# Normalized histogram for each
5.17452389642913e-06	2.3750983706145e-05	0.00049831717842654	0.00328008130108294	0.0150281697355912	0.047632431816821	0.109691962616907	0.18950815964114	0.224867649202133	0.198527686804321	0.126058852135769	0.0598835827677892	0.0193700973511766	0.00464111065138737	0.000869781591849071	0.000102073354795758	1.11183432078203e-05	
3.27865630211993e-06	6.49238871706917e-05	0.000534842982512159	0.00345666136977018	0.0148360090374376	0.0464016864758779	0.108410742692668	0.189990504151108	0.229748821410301	0.199587577499137	0.125684643693365	0.0574284812052367	0.0183839533925697	0.00452011464162611	0.000819477419354368	0.000125976687568831	2.30479799455956e-06	
4.27294488362256e-06	6.2578487144676e-05	0.000528813209069001	0.00349186668321667	0.0144364506514048	0.0462574581834296	0.111558931859235	0.189182337006744	0.229111072025759	0.2001212210277	0.12337049634431	0.0571794842274962	0.0189169074753284	0.00470034418006686	0.000954132468192601	0.000123576790898427	5.64351211044489e-08	
4.74811136533185e-05	0.000591612263870713	0.00316727573021651	0.0143924462235983	0.046556618980619	0.11042596163407	0.187995145395854	0.229307662322811	0.199886659646806	0.125910280491724	0.0570851559018445	0.0193486623649609	0.00426352257694389	0.000868184725381219	0.000135504102842629	1.73521157093753e-05	4.74409094927314e-07	
9.93876502444712e-07	5.81417753930156e-05	0.000557500596806809	0.00327479101502299	0.0144787928876146	0.0472833299530845	0.110384877713756	0.187414049720371	0.228450986082587	0.199784814516034	0.126397414407837	0.0575254116588382	0.0186874190431483	0.00464523450003107	0.00084307978859798	0.000202967215091995	1.01952492831425e-05	
1.35201673255908e-06	5.42326711835386e-05	0.000489558058770535	0.00330783293774044	0.0143800819678944	0.0477526149863631	0.111907448966588	0.187690538858109	0.229313389982514	0.199124480364569	0.124133032270407	0.0581204072981607	0.0187025354625789	0.00410818684292037	0.00081863413141601	8.09930023693973e-05	1.46801816819285e-05	
4.14257985734363e-06	6.12909884684972e-05	0.00038991433112866	0.00301443860221614	0.0151554684629234	0.0498131392588518	0.114428572054643	0.189666971127626	0.225408094498676	0.198120761033186	0.124460412979064	0.0564073266659017	0.0181432282110776	0.00404912389554263	0.00078404321744037	8.28515971468725e-05	1.02204962503574e-05	
1.98235453890759e-06	6.03032250735687e-05	0.000520820043298112	0.00342086993361126	0.0155186087664571	0.0500284753335387	0.115590934575338	0.190065116223306	0.228801648126392	0.195975411128041	0.122810471570586	0.0553396947671978	0.0172612569945199	0.00392455450427506	0.000596863163410607	8.27910549629364e-05	1.98235453890759e-07	
4.18168655210708e-06	0.000124752326323012	0.00058004832760072	0.00353721485995881	0.0166402717870908	0.0524474268765453	0.118298555693074	0.191337400641104	0.228846581506157	0.193581895109558	0.119828243612458	0.0536838968392686	0.0166481114575149	0.00377937974019364	0.000568796654866587	8.46255921787893e-05	8.61728955519598e-06	
3.51487184119723e-06	2.24122893819651e-05	0.000115225628589996	0.0006353071076232	0.00384174695219764	0.016851188272564	0.0523526212842196	0.117095181749121	0.192265824991152	0.228657365423109	0.193929634608987	0.121372995976093	0.0527841216166698	0.0157323272542708	0.00363126909373429	0.000595878375200518	0.000111662935363204	1.72156988140272e-06	
2.66267237025481e-06	2.38121270829394e-05	0.000124665840614543	0.000617620049702258	0.00414547703198803	0.0173301670400725	0.0539695623444586	0.12074160526968	0.192307314034764	0.226385938160146	0.194621911957723	0.118170559213812	0.0514131250045677	0.0156032041176013	0.00390750768540799	0.000573578009415881	5.97542060748174e-05	1.53523451978656e-06	
1.13830731007002e-05	4.60131562941737e-05	0.000118860094329887	0.000489361781125529	0.00405051363240067	0.0175819683545365	0.0551701527814157	0.120518128793371	0.19766732453314	0.22578137879491	0.193574613123518	0.116009856385427	0.0494750373424314	0.015277581873916	0.00356114396826052	0.000565984683160713	9.95940066165137e-05	1.10362204577425e-06	
2.54441244261935e-05	0.000139263120772433	0.000603507764922525	0.00417807536691889	0.018318536890148	0.0581932411713432	0.12476561970943	0.196432567815506	0.226422672263637	0.189399851333616	0.112772879344831	0.0487584966188947	0.0154488268480712	0.00370963481280908	0.000731044463133321	7.73043072240531e-05	2.27021644336814e-05	3.31879883819915e-07	
2.14062804605052e-05	0.000101731175664519	0.000719796054230086	0.0042605291253378	0.0193259138585997	0.0587011079764382	0.128457738315093	0.199789610228758	0.227379849154444	0.185871878593056	0.111273218705203	0.0466597513585484	0.0138548872197081	0.00305847563902092	0.000464871740834557	5.26547105349548e-05	6.57986406774938e-06	
1.12935938981307e-05	7.46597280827945e-05	0.000650726869468329	0.00455880308427111	0.0199348903977047	0.0604442687107008	0.130627838727729	0.200232197541913	0.226340116309626	0.184490523141794	0.109290556140361	0.0456565823319889	0.014116601320243	0.00308364386023924	0.000458900015216632	2.83982267618507e-05	
3.92619843143504e-07	0.000117526823846577	0.00078103080156851	0.00486316212990643	0.0210290328946406	0.0618432711684463	0.130982777487156	0.200035224281847	0.227026833391165	0.182929193893119	0.10640172857639	0.0469603407079616	0.0136678348651305	0.0029473736052877	0.00037619262890638	3.80841247849199e-05	
1.88323964822729e-06	0.000160977426065277	0.00102108778960586	0.00518490691352151	0.0216681360156068	0.062659181226905	0.131216621555428	0.20282743428823	0.225391074494883	0.181823963176873	0.105824727297404	0.0448553817545159	0.013830646493699	0.00310818417336794	0.000363227868958931	6.25662852879546e-05	
1.21973203366307e-05	6.64573431726202e-05	0.000909744279882569	0.00524970626552877	0.0219392353204759	0.06492470356332	0.135381417781196	0.205115672314138	0.224328845784295	0.178518622572783	0.102699537780427	0.0444368630240848	0.0130308745338185	0.00284895338475365	0.000466881084674261	6.33255987618637e-05	6.96204835173191e-06	
6.25208584224658e-06	8.66349160950295e-05	0.00104229393619691	0.00575375503045597	0.0230834052784857	0.0673816098297984	0.139708508764356	0.207685325080369	0.221815656378398	0.174730920909294	0.0992219635300796	0.0426844857971999	0.013125723985605	0.00316433101138252	0.000449968157889384	4.77216172515783e-05	1.14436913011248e-05	
0.000124824597362984	0.00111442287178193	0.0056126629801739	0.0233264879068679	0.0692489322321599	0.143033458645811	0.208745622787009	0.22091700944208	0.171832563387921	0.100345549688789	0.0409173306365021	0.0117186938767209	0.00262617162524986	0.00039753937871684	3.01742470250316e-05	8.55569582837635e-06	
9.50991399668981e-07	0.000117528030350617	0.00100075726316861	0.00596080603387602	0.0236168801231337	0.0705509168935224	0.144740471948663	0.210636269822308	0.221399155284307	0.170287381058176	0.0988625917200983	0.0389081609713807	0.0110290179874221	0.00248273229306802	0.000341252786747319	6.20078629580775e-05	3.11892942094827e-06	
1.22040794364017e-05	0.000121027839563519	0.00104123649852806	0.00637621011632287	0.0253033110818228	0.0743275195670453	0.148814713225203	0.211757966038624	0.220839721701608	0.16777005537054	0.0933091661226424	0.0368662954768084	0.0105280201125822	0.00248840855562694	0.00033976935100229	9.55094822293693e-05	8.86538041395978e-06	
