# <P(U)> as a function of N_tot.
# number_of_species: 1
# species_total_upper_bound: 511
# species_total_lower_bound: 490
# volume: 729
# Bin widths for each
10	10	10	10	10	10	10	10	10	10	10	10	10	10	10	10	10	10	10	10	10	10	
# Bin lower bound for each
-2640	-2650	-2660	-2670	-2680	-2690	-2700	-2710	-2720	-2740	-2750	-2760	-2760	-2770	-2780	-2790	-2800	-2810	-2820	-2830	-2840	-2850	
# Bin upper bound for each
-2480	-2490	-2500	-2500	-2510	-2530	-2530	-2550	-2560	-2570	-2580	-2590	-2590	-2610	-2620	-2630	-2650	-2650	-2660	-2670	-2680	-2690	
# Normalized histogram for each
3.75409134269407e-06	2.82643715957765e-05	0.000438370944785295	0.00308590420832582	0.014136263011334	0.0470190658255653	0.110510637966875	0.188618250693073	0.22479903743923	0.199918941001734	0.12736827057977	0.0591666415414753	0.0193234537555754	0.00467697506858002	0.000810866105179934	8.72370928758438e-05	8.06630268156331e-06	
2.38360038566654e-06	5.40086087385929e-05	0.000537602186984034	0.00318335141506626	0.0140876033793742	0.0454924116606722	0.10854382206239	0.189224753916565	0.230209051547825	0.200292825307379	0.1271168126675	0.057375556383365	0.0183917484757849	0.00454976213615151	0.000822743333119871	0.000112577918215107	2.9854004830378e-06	
3.12717179868797e-06	5.13623217124128e-05	0.000541502248725639	0.00320685567631303	0.0137249918153654	0.0460368897470268	0.110717281519582	0.189949383125241	0.229744662174404	0.20036041658035	0.124505867028619	0.0569725387231488	0.0184752424817863	0.00466097286173049	0.000920757384016709	0.000119027239047042	9.12190113353133e-06	
7.12355831322169e-07	4.83813241471536e-05	0.000539212153642954	0.00301187577825978	0.0138570988651754	0.0461220670227814	0.110219055835221	0.187932802897482	0.229785986348872	0.200774594536922	0.126379401269163	0.0572796905215423	0.0188410405102573	0.00421156541954217	0.000843040746559273	0.000128465426407281	2.03050848118195e-05	4.70390338203647e-06	
7.27311165987781e-07	6.17510641574142e-05	0.000505604434026716	0.0030595751896307	0.0141455393868353	0.0466531929144947	0.110520527275491	0.187795567307079	0.230030268637834	0.199455350687185	0.126140478896512	0.0577049324290095	0.0184162636302145	0.00452259679249089	0.000802564410017001	0.000166988297545743	1.36194881243841e-05	4.45184818536069e-06	
9.89556461178631e-07	4.68311986775544e-05	0.000462234119280258	0.00311538137579206	0.0142369127571599	0.0475725814047058	0.1120783885641	0.187743283407477	0.229909133246032	0.200223587061953	0.123651427038494	0.057737697683299	0.0181775490893929	0.00412924930695184	0.000809890482156116	7.57976827808129e-05	2.90660252857439e-05	
3.01285603117475e-06	5.67382443708682e-05	0.000396120772206866	0.00317239780904179	0.0152797982396173	0.0488240939236813	0.114084887905005	0.189467767233118	0.226626158216307	0.199402311016453	0.124347100138866	0.0556323517176955	0.0176492059367828	0.00416801876820859	0.000789135627192405	9.2258537387054e-05	8.42203770876649e-06	2.21020326611275e-07	
3.41768653587832e-06	7.51200596168811e-05	0.000505679518965108	0.00341072458182376	0.0155637992635277	0.0493954092380148	0.115132849129237	0.191050938552246	0.229331392516989	0.19654575572555	0.122622404227519	0.0549656111402634	0.01673654330086	0.00395821610088352	0.000601806268047463	9.81520448073204e-05	2.1806451129594e-06	
3.02881499061806e-06	0.000118439884870317	0.000548577591754258	0.00357030044252711	0.0165010242998263	0.0515656269407656	0.117570068976692	0.191277994461935	0.229321433772509	0.19499956898296	0.120070864385464	0.0536151059268271	0.016465230258533	0.00365895793786919	0.00057603233408857	0.000119273240038513	1.84717483488547e-05	
2.54714083354797e-06	1.62416327073399e-05	9.44867956825651e-05	0.000588684099856862	0.00379222485895901	0.016777491070091	0.0524653888756587	0.116559151428522	0.193544305634767	0.229798794992146	0.194521685736155	0.119631886975702	0.0524293996817044	0.015619263969521	0.00350274028168594	0.000546601405722552	9.48795520922732e-05	1.42258681928087e-05	
1.91655640328228e-06	2.29238563191391e-05	0.000138861130156131	0.000610926814100924	0.00395838537915868	0.0171562589615559	0.0533378165021676	0.120614126139547	0.194326784699913	0.227797813498066	0.194256533986824	0.117034539788131	0.0508554097705217	0.0154979427061981	0.00371885036129621	0.000575830234679857	7.39456957038161e-05	2.11339192578154e-05	
8.23981490545426e-06	4.80693911104894e-05	9.61844321650533e-05	0.000529585001208725	0.00393830056271259	0.0172413733089513	0.0535630195052796	0.119524649414849	0.197295349232201	0.227917229005027	0.193804897445831	0.116698467083437	0.0500803225031599	0.0151651111400671	0.00344446517395724	0.000535565143882489	0.000103556898133091	5.61494312116828e-06	
1.84436792697788e-05	0.000141328988292708	0.00069129430157441	0.00408962812479172	0.0175887803685203	0.0564018365872146	0.123512462852311	0.196790157142209	0.227234485537853	0.190460486891596	0.113959238414889	0.0491547880398537	0.0155319950981512	0.00369701259822433	0.000645855261932436	6.51714853203549e-05	1.67940582667675e-05	2.4056972960581e-07	
1.55339082805372e-05	9.46823236080864e-05	0.000774608940737521	0.00410987088616682	0.0183556054612452	0.0576174841233999	0.126794626404978	0.200594860413275	0.228409521192097	0.186504642615155	0.111608809507522	0.0472937805177528	0.0142955462588267	0.00298058441451914	0.000479516272032599	6.52596109866851e-05	5.0671494169723e-06	
1.11606065698321e-05	9.95546532151872e-05	0.000655706913188938	0.00435187625655054	0.0190365166933255	0.057999658100747	0.128541159894322	0.201545382581026	0.228412003817347	0.186050313024375	0.109632493708286	0.0458166957125188	0.0144372573933359	0.00289830228904041	0.000470510065990505	4.00578964834846e-05	1.35039367748858e-06	
2.84425687821806e-07	9.91735488297072e-05	0.000725023832312808	0.00476453415549195	0.0201079632127456	0.0599191405074389	0.129802048481587	0.201508728097131	0.229158471651536	0.1839230973921	0.105969946148319	0.0465328502966008	0.0140320958005787	0.00297541125138645	0.000436439840935048	4.47572262356393e-05	3.41310825386167e-08	
1.69342292950866e-06	0.000121983468531678	0.000911779957924541	0.00486144661617351	0.0205537297979277	0.0608807209849044	0.13009711392781	0.20471740189512	0.228195467828924	0.182893051829273	0.105184279737138	0.0443339890491186	0.0138064087231556	0.00298117128658765	0.000390314029089277	6.94474453919713e-05	
2.24351592235915e-05	0.000113430988997906	0.000934926458814566	0.0050387682717636	0.021185411166811	0.0638234030011368	0.134449193772651	0.205899250484753	0.227261706041879	0.17940577563321	0.102475049253316	0.0433918538931967	0.0128142245332447	0.00266151211344809	0.000461164648919611	5.6879461136424e-05	5.01511749781393e-06	
4.49634624343049e-06	0.000106512181771593	0.000986691879444443	0.005512207457682	0.0224879350366529	0.0660185428294595	0.139337643690206	0.208257633217931	0.224820789725391	0.17548465333566	0.0990579056145551	0.0418946719736984	0.0126724282619767	0.00290609102552455	0.000402292082503992	4.12753201991872e-05	8.2300210987348e-06	
8.62675692594649e-06	0.000109429034995483	0.00110351937382042	0.00561647762884041	0.0233177396671671	0.0681419384637139	0.142139735589212	0.209078447953278	0.22378168826069	0.172671726924965	0.0995524938675173	0.0398567699088715	0.011547665545085	0.00263748179734213	0.000406983318433249	2.30696917261681e-05	6.20621741613969e-06	
6.86698467944293e-07	9.79592822958159e-05	0.0010713892774781	0.00635031391605735	0.0244572838694262	0.0702291062359891	0.144545540684318	0.210375342282815	0.221908862054394	0.171225446354295	0.0974523533395095	0.0386426876372429	0.0110673969988088	0.00220736312781422	0.000315054929301425	5.09611735914252e-05	2.2521381957156e-06	
8.84154314939888e-06	9.39868952713989e-05	0.00120045964047785	0.00678671803192275	0.0263668965532465	0.074733965393296	0.14937315719359	0.211928965398492	0.220804324808542	0.167253428691431	0.0921958663413942	0.0364013552641412	0.0102425696149849	0.00224153079824452	0.000292316915638592	6.91941750058534e-05	6.4227411722725e-06	
