# <P(U)> as a function of N_tot.
# number_of_species: 1
# species_total_upper_bound: 511
# species_total_lower_bound: 490
# volume: 729
# Bin widths for each
10	10	10	10	10	10	10	10	10	10	10	10	10	10	10	10	10	10	10	10	10	10	
# Bin lower bound for each
-2640	-2650	-2660	-2660	-2680	-2690	-2700	-2710	-2710	-2720	-2730	-2750	-2760	-2770	-2780	-2790	-2800	-2800	-2810	-2820	-2840	-2840	
# Bin upper bound for each
-2480	-2490	-2500	-2500	-2520	-2530	-2540	-2560	-2570	-2570	-2590	-2600	-2600	-2610	-2630	-2640	-2650	-2650	-2660	-2670	-2680	-2690	
# Normalized histogram for each
7.33164579270236e-06	2.67909122471988e-05	0.000378526332311492	0.00297924123088121	0.0148570352017671	0.0483275357110813	0.110923440866433	0.19234700094382	0.227311046048013	0.198569663600226	0.123097644442027	0.057800446599344	0.0180521870907502	0.00420726321709864	0.000962946848895354	0.000136146023436942	1.57532858738347e-05	
4.66952338244185e-06	6.14782051267529e-05	0.000525148007131795	0.00343318615935701	0.0144668653741503	0.0460647325855269	0.110067728200359	0.192299687791506	0.233506682839245	0.19949572383773	0.122682445618026	0.0552514997203025	0.0173396509364833	0.00397201910630269	0.00066856247774897	0.000156637081383297	3.28253623914229e-06	
6.12623736268487e-06	6.65448084848619e-05	0.000447354034737037	0.00346039939484334	0.0143148089593563	0.0461599617214195	0.112286244163964	0.1904677364888	0.232249126100909	0.20066455804659	0.120471694847262	0.0555026355246518	0.0184626993346155	0.00440558534839825	0.000884651793048535	0.000149792282986855	8.09125689411209e-08	
3.30115644219528e-05	0.000384371134821636	0.0030594592853131	0.0139358313450112	0.0465531568572175	0.111923273893288	0.189179223698117	0.228741321093332	0.200849600452412	0.124977568659247	0.0556951724807032	0.0194540591921185	0.00415037231621422	0.000872486321070476	0.000165564452327611	2.48479093207444e-05	6.79345064839629e-07	
1.42146951793888e-06	2.71569458709451e-05	0.000448152655921794	0.00297788693237111	0.0145857445774262	0.0480890474535589	0.111459408080834	0.187821816686649	0.227770291626394	0.19912698156863	0.126707866967144	0.0570776755598538	0.01843277987577	0.00446011280873802	0.000759431553422699	0.000239643711875098	1.45815260227278e-05	
1.94058333429788e-06	4.61032076166036e-05	0.000366150182134655	0.00304924203800475	0.0141888219276639	0.0482628816610695	0.112438133284683	0.188179870166018	0.229306032701746	0.197563199172655	0.124638465879998	0.0582576436936507	0.0186132141369636	0.00412839009574034	0.000837585622211187	0.000101254815632182	2.10708308783232e-05	
5.93754480023698e-06	6.58861148875717e-05	0.000320111609336328	0.00281173694883809	0.0146652083842672	0.0499473146060954	0.114572090946635	0.18846224547376	0.225787119280587	0.197250293200662	0.126164241636203	0.0567311658643168	0.0180982440605324	0.00424049591933064	0.000759581624087459	0.000103677785170161	1.46490004917044e-05	
2.84899901787027e-06	6.33503421613632e-05	0.0004651275796575	0.00335291856815509	0.0153668853186044	0.0505523422771922	0.114517771930518	0.187375485922423	0.229580819481063	0.196293901279996	0.124107571000645	0.0561125399284363	0.0175258795663386	0.00394221692100744	0.00065995352849554	8.03873562882274e-05	
8.86369331958431e-05	0.000579820925816984	0.00356454258744245	0.0166521196722585	0.0526462813951864	0.117527901118561	0.189252091517668	0.228240912084755	0.194574387224266	0.121270879949251	0.0542063848654157	0.0168508861146347	0.00387547839642272	0.000594042948525702	7.56342666007728e-05	
7.73236824751672e-05	0.000683765719083922	0.00380662848521644	0.0168733099352627	0.0516768015061612	0.117336525937679	0.191660815772535	0.226849113392387	0.193907710531562	0.122559550849544	0.0540737668389639	0.0158953907503142	0.00387100179867893	0.000615572677648694	0.000112664769213929	5.73532728639424e-08	
7.24609588112231e-05	0.000633267386961974	0.00441225612080332	0.0172091944412189	0.0542512666475064	0.119616277656612	0.19104416773513	0.225265569645289	0.194309304557133	0.119476350654293	0.0526772786494323	0.0160747243029327	0.00419917442143647	0.000687483030151032	7.12237922893146e-05	
8.027904859868e-06	7.35108720335131e-05	0.000500616024314222	0.00425028891009533	0.0175016227877153	0.0546552131101252	0.1193175474643	0.195400933552573	0.226117449713966	0.193292159839319	0.118064965264653	0.0505725825839792	0.015694611261419	0.00377673413996637	0.000655001452867546	0.000118735117813283	
8.1687567911432e-06	0.000105433418047604	0.000590201319299156	0.00426039263745918	0.0186337292253911	0.0589070597449391	0.123817948344031	0.194515657991689	0.223867683284003	0.188764288656306	0.114709991909244	0.0510580596635627	0.0162468277082341	0.00370821233002289	0.000748380250167428	5.77112874003332e-05	2.53473412419112e-07	
3.03049420171176e-05	0.000132513891370347	0.00075800193222384	0.0043784392182045	0.0202136715121781	0.0593935700182557	0.129606233658923	0.198219615041699	0.223715897738673	0.185800172812699	0.111730732323109	0.048024790841436	0.0143675695704809	0.0030771154254127	0.000486300870537265	5.63444892440847e-05	8.72571353576484e-06	
1.64864590512264e-05	9.17829946764607e-05	0.000687499043094633	0.00433481984336243	0.0203177111917402	0.0606637071645915	0.129844006243344	0.199585084691363	0.224154372808915	0.185326546803487	0.109943742698619	0.0464082633420923	0.0150106583701872	0.00322317124780722	0.000362587926972887	2.95591706950313e-05	
5.74671353211162e-07	0.000168872923854632	0.000829400177235541	0.0047859779638132	0.0208515247944656	0.0617454256246485	0.131127141657902	0.199118773661446	0.227006367622942	0.182569089202568	0.107265603249587	0.0466951391802872	0.0142283110210093	0.00322430856146187	0.000349802452699634	3.36872347252383e-05	
2.76168150664347e-06	0.000216687564937227	0.00102106791671047	0.00526106128867485	0.0221811528465394	0.0635002479711504	0.131472389334897	0.202474014085504	0.224145880371848	0.180708598739049	0.106105114703773	0.045359458376238	0.0139293181269116	0.00319405871799031	0.000343017088310452	8.51711859611893e-05	
4.763847619663e-05	0.000945789401880767	0.00540809803372361	0.0222569245609657	0.0658875654734877	0.135458190634011	0.204986146799667	0.223144483065756	0.177462497380741	0.103544352895047	0.0448720630451021	0.0126168276508247	0.00278088747990702	0.000487511830507191	9.0890099908966e-05	1.01331722749187e-05	
6.39869644238015e-05	0.00121884381611381	0.00569804667996131	0.0229195492715314	0.0680884515560656	0.139892046020043	0.207570194288279	0.220917111422403	0.174705937967228	0.0993217381771077	0.0427354366153459	0.0130203263757382	0.00323520030076988	0.000539626860599501	5.68234697587247e-05	1.66802146307584e-05	
0.000132872171125372	0.00124859092465938	0.00585091341861563	0.0237849173925331	0.0700701128175954	0.143124026632917	0.206727520145362	0.219925947438024	0.173036425577918	0.0996835551656881	0.0417055623766023	0.0115647409119423	0.00268901184999123	0.000399102715779608	4.41749612314359e-05	1.25255000137352e-05	
1.39330176552351e-06	0.000132576205282186	0.000984568427257734	0.00617242128240581	0.0239542697579105	0.0722479981736884	0.146544716709516	0.210401661269118	0.218864906806886	0.169036362035247	0.0983697731730703	0.0394714597129038	0.0107888787219843	0.00256939014733033	0.000375081558335762	7.99731598126335e-05	4.56955748523389e-06	
0.000100061979497972	0.00107531859663557	0.00619436689477341	0.0253036356606846	0.0756116639126247	0.150745187136645	0.210550487974813	0.21924577970628	0.165179110000432	0.0926814833197269	0.0387338508333053	0.0112839269629108	0.00277323720846076	0.000393518190042143	0.000115477888706847	1.28937344606339e-05	
