# <P(U)> as a function of N_tot.
# number_of_species: 1
# species_total_upper_bound: 511
# species_total_lower_bound: 490
# volume: 729
# Bin widths for each
10	10	10	10	10	10	10	10	10	10	10	10	10	10	10	10	10	10	10	10	10	10	
# Bin lower bound for each
-2640	-2650	-2660	-2660	-2680	-2690	-2700	-2710	-2720	-2740	-2750	-2760	-2760	-2770	-2780	-2790	-2800	-2810	-2820	-2820	-2840	-2850	
# Bin upper bound for each
-2480	-2490	-2500	-2500	-2520	-2530	-2540	-2550	-2560	-2570	-2580	-2590	-2590	-2610	-2630	-2640	-2650	-2650	-2660	-2670	-2680	-2690	
# Normalized histogram for each
5.35817909519926e-06	2.45939581943966e-05	0.000492675763283932	0.00325364734353555	0.0150578165133411	0.0477591524826414	0.110006636763052	0.190150531459253	0.225319832980443	0.198211740010216	0.12516091727062	0.0595669356981278	0.0193506151910733	0.00463499262248336	0.000887344645089478	0.000105696161963985	1.15129575863984e-05	
3.39131459987377e-06	6.71547445519559e-05	0.000548108630689995	0.00348988097618991	0.0147883729450491	0.0462707522326119	0.108530839284468	0.190020410425455	0.229968392360325	0.199585243903304	0.125668243222229	0.0573158945333058	0.0182772130226984	0.00450951664575146	0.00082389637787874	0.000130305387460001	2.38399343159444e-06	
4.4147279388923e-06	6.46549401163812e-05	0.000539346479326937	0.00349055045809966	0.014378085863593	0.0463527775110893	0.111403710393914	0.188668071416437	0.229690206545795	0.200407091225888	0.12333953544301	0.0570848395260555	0.0188222008971427	0.00466079487859573	0.000965984121406418	0.000127677263862908	5.8307727494804e-08	
4.59155771736367e-05	0.000605577107413859	0.00316308971219948	0.0143901213607865	0.046619366753398	0.110578934855493	0.187862362581786	0.228959637523855	0.200489462046833	0.12589250272658	0.0568463262216342	0.019261568006325	0.00424466495018629	0.000882026106354153	0.000140023399661622	1.7930838860063e-05	4.90231460956309e-07	
1.02662248182855e-06	5.73418331382626e-05	0.000564857624558346	0.00329795848916573	0.0145385805101236	0.047320499177961	0.11023235538352	0.18759047058876	0.228234918280312	0.19987092043718	0.126481247552302	0.0575991924918726	0.0185663516748795	0.00457636013466273	0.000847733514369929	0.00020965452505923	1.05311596523058e-05	
1.39650036677553e-06	4.80016013644916e-05	0.000474430012177814	0.00331193696451855	0.0142036647541057	0.0478838160613672	0.112141698082967	0.18753575330155	0.2296143008116	0.198740949975241	0.124380569454177	0.0581530517466352	0.0185152563450779	0.00405942824663776	0.000836925148803312	8.36578089540563e-05	1.51631844558172e-05	
4.27676279472644e-06	6.06342586186699e-05	0.000362468031301313	0.00301468018644407	0.0151611488762017	0.0499063541689483	0.114446791609292	0.189363960084857	0.225546042088448	0.198124636211993	0.124527311411335	0.0564140597272381	0.0181597292799243	0.00403071683324837	0.000781103663553445	8.55352558945288e-05	1.05515499066803e-05	
2.04599056150181e-06	6.22390328808852e-05	0.000532440399762986	0.00344228091217985	0.0155150001306979	0.0500516809031873	0.115587794838084	0.19003612908341	0.228858071615267	0.195940653244849	0.122684468595935	0.0553359343820383	0.0172943080984513	0.00396569440158549	0.000605605022242291	8.54487498105617e-05	2.04599056150181e-07	
4.31434744839914e-06	0.000128055071703718	0.000576125023403493	0.0036042156823337	0.0166598158322143	0.0526727136844306	0.118344490737947	0.191440023570909	0.228817409529894	0.193379277722568	0.119672163625597	0.0536018784030234	0.0166425502558031	0.00378671994735677	0.00057404562254601	8.73102761616258e-05	8.89066665837089e-06	
3.63076499823327e-06	2.31512725057414e-05	0.000119024874329838	0.000654015215259988	0.00390529529044663	0.0169271780345864	0.0524164568795282	0.117209763520619	0.192734434173597	0.228031652959856	0.193745400516438	0.121451649662364	0.0528241810858945	0.0156046986413183	0.00364919051312227	0.000583153550090388	0.000115344711168363	1.77833387668569e-06	
2.74956551085061e-06	2.45892074814208e-05	0.000128734161800816	0.000623548613358608	0.00420530769520652	0.0174668337169459	0.0540155447387997	0.120463642140201	0.192358389366946	0.226290686509865	0.194538844358772	0.118078844063503	0.0515855480987192	0.0156205128618399	0.00394439622200121	0.000588539130577807	6.1704213401161e-05	1.58533506931927e-06	
1.17323110731283e-05	4.74248613115302e-05	0.000116973741357221	0.000471128663356243	0.00405682842238481	0.0175590772439843	0.0551944461969336	0.120177702263438	0.197539383373617	0.225701894244184	0.193668094463466	0.116348077682362	0.0495176082367649	0.0152870225811645	0.00362362664828713	0.000575191987611525	0.000102649597020708	1.13748168299027e-06	
2.6253625283213e-05	0.000143693755276816	0.000560987791183687	0.00411571234793117	0.018151992966507	0.058442812037871	0.124804214812445	0.19651423931409	0.225788425719134	0.189554272798713	0.113095489294522	0.0488454079572031	0.0154366180086433	0.00369795357393699	0.000718395396686081	7.97637317222587e-05	2.34244302604568e-05	3.42438590650605e-07	
2.21155740149056e-05	0.000105102021305524	0.00072817363607971	0.00420025347059254	0.0191607211475753	0.0585361868038394	0.128530795255395	0.199859266606272	0.227154177483814	0.185751733781436	0.111649577734125	0.0468167850612905	0.0138427253483756	0.00310625886168399	0.000474929911787993	5.43994156396166e-05	6.79788677284737e-06	
1.16825829588994e-05	7.72312582587629e-05	0.000649694004107658	0.00443883137504576	0.0198206022884449	0.0600962827679563	0.130244004256117	0.1998683719171	0.226612911035683	0.184628571894118	0.109801304425111	0.0459611907021235	0.0142674272524386	0.00305936427671466	0.000433153607366008	2.93763564569001e-05	
4.06575235539808e-07	0.000121704231006486	0.000783999026691412	0.00482562520761256	0.0209069442879469	0.0618232611108535	0.1305018848462	0.199676904418122	0.227482218858978	0.182822141004211	0.106741855763386	0.0471704278575789	0.0137516592437006	0.00298074128732242	0.000370788483307594	3.94377978473614e-05	
1.95111931288071e-06	0.000166779711349769	0.00105421107949824	0.00514798731713421	0.0217464626370817	0.0628223117937194	0.131348319197611	0.202810449644135	0.225170219583886	0.181583337257433	0.105730007847763	0.0450174298898887	0.0138319356979282	0.0031351945984098	0.000368581194567717	6.4821430281293e-05	
1.26202711228925e-05	5.68561892737262e-05	0.000911144593540414	0.00530359178844599	0.022045169184764	0.0653468461840949	0.135934767524008	0.20554538124024	0.22397137501614	0.177647013144435	0.102501070550637	0.0445643944095902	0.0128921023423426	0.00276988963459207	0.000425962574431683	6.46118899959671e-05	7.20346234620699e-06	
6.46249385347301e-06	8.95505319164166e-05	0.00103970073581628	0.00581854315264828	0.0233415625148525	0.0676875716344948	0.139989036665491	0.20804088026365	0.221395861042639	0.173992609688358	0.0990418657530609	0.0427240213268841	0.0131305686348342	0.00319965433020219	0.000440954770477986	4.93276429575219e-05	1.18288178634455e-05	
0.000110744012042596	0.00114627445200747	0.00569984897741788	0.0235046466494884	0.069688910537218	0.143840746761487	0.208638353155098	0.220262806641935	0.171124168290577	0.100258440271107	0.0410314447480667	0.011675712517269	0.0025728602393577	0.000405032112495984	3.1172025518518e-05	8.8386089127454e-06	
9.83187518431121e-07	0.000121506979502382	0.00100585082394072	0.00602965575180488	0.0236587828720102	0.0706557378319484	0.14519621619117	0.210558064151103	0.220905796162881	0.169901602176551	0.0990131988508338	0.039039135170928	0.0110332136824674	0.00248303174570018	0.000337566602726427	5.64332971384236e-05	3.22452177654952e-06	
1.26252076253538e-05	0.00012520416725409	0.00106419769693578	0.00641223061707245	0.0253756529510496	0.0743890143524718	0.149346146281541	0.211775224324412	0.220703241334273	0.167271627326472	0.0930680677170867	0.0368620852917949	0.01064156618903	0.00252877208110879	0.000333033863296683	8.21392990127599e-05	9.17129956317201e-06	
