# <P(U)> as a function of N_tot.
# number_of_species: 1
# species_total_upper_bound: 511
# species_total_lower_bound: 490
# volume: 729
# Bin widths for each
10	10	10	10	10	10	10	10	10	10	10	10	10	10	10	10	10	10	10	10	10	10	
# Bin lower bound for each
-2640	-2650	-2660	-2660	-2680	-2690	-2700	-2710	-2720	-2730	-2730	-2750	-2760	-2770	-2780	-2790	-2800	-2800	-2810	-2820	-2840	-2840	
# Bin upper bound for each
-2480	-2490	-2500	-2500	-2520	-2530	-2540	-2550	-2560	-2570	-2590	-2600	-2590	-2610	-2630	-2640	-2650	-2650	-2660	-2670	-2680	-2690	
# Normalized histogram for each
6.04434123051266e-06	2.64097037802682e-05	0.000468034435188993	0.00310944938917486	0.0151527094298732	0.0481152358290538	0.110607216317239	0.190438340260978	0.224891964967755	0.198085992662964	0.125044186830228	0.0593293900833095	0.019029837450638	0.00461270259267335	0.000950266923878768	0.000119231488592507	1.29872934420875e-05	
3.85011381136556e-06	7.6154107590649e-05	0.000544600504614595	0.0034072077732883	0.0149297693020381	0.0467575642323588	0.108715511211774	0.190095424022516	0.230614488742577	0.199504149179026	0.124988846344178	0.0568148429663896	0.0181585662321022	0.00445064579607645	0.000791265098128394	0.000144407857880253	2.70651564957381e-06	
5.02684305738817e-06	6.67052589105867e-05	0.000504827827495363	0.00345228405806152	0.0144284717507449	0.0465268754093913	0.111074489979823	0.188291826184363	0.230785048909191	0.200539900016661	0.122889240455965	0.0567764092266054	0.0188578792530673	0.0047213532686421	0.000941081928000318	0.0001385132377549	6.63922667956928e-08	
4.30019178704188e-05	0.000502341015526905	0.00312010993145971	0.0142017353480178	0.0465792692450047	0.110688325585917	0.187936031628246	0.228894304848108	0.200393973536803	0.125801236707189	0.0568139997160985	0.0195671860273455	0.00437669948403084	0.000906300143805557	0.000154536665957086	2.03907138572542e-05	5.57484762547728e-07	
1.16737883365561e-06	4.34189611356427e-05	0.000537549709862112	0.00308592828938689	0.014271469843112	0.0472118126235715	0.109918828195671	0.186739557424466	0.22858442117507	0.200056610341956	0.127341015853438	0.0578093718189515	0.018661247317547	0.00462696249326662	0.000866534011008044	0.000232129515334246	1.19750473904028e-05	
1.59071266271002e-06	5.36324304859272e-05	0.000388849239774417	0.0032258711549663	0.0141752923374552	0.0476468328736754	0.11129532212162	0.1870883566243	0.230258152240031	0.198181742009015	0.124874181923068	0.0589286000526592	0.0188230064753583	0.00408045094237913	0.000877772189785123	8.30747334975068e-05	1.72719392667035e-05	
4.88214865435778e-06	6.35904574728802e-05	0.000351872853015045	0.00287009078393123	0.0150804576684489	0.049621772497999	0.11376282889412	0.187981884212493	0.226245827965994	0.197900242528746	0.125728607671053	0.0571740794663943	0.0182434396716519	0.004102984119115	0.000758881940833165	9.65119733988873e-05	1.20451466800564e-05	
2.33394902597445e-06	6.94023082363763e-05	0.000551064036624776	0.00340407399017984	0.0155276041612743	0.0502379633744209	0.114098318984417	0.187881048103315	0.22876289134572	0.196741484141194	0.124020860537649	0.0563271056820428	0.0176292599085915	0.00405307052793451	0.000611149220349463	8.2136334122093e-05	2.33394902597445e-07	
1.4940813322036e-06	0.0001407144474686	0.000622359578929408	0.00360606801336497	0.016757915038262	0.0528391854802711	0.117332027929572	0.189078709950788	0.228410270288931	0.19443492616068	0.120759076985314	0.0542576662970652	0.0170635854028142	0.00403136760258505	0.000578648361954127	7.5908669684269e-05	1.0075710984048e-05	
1.96447278680016e-05	0.000109807546303779	0.000677606885451752	0.00386738081907185	0.0168261087020301	0.0526899128465547	0.117260207394963	0.191168220764126	0.226786000762941	0.193759718315459	0.122342263733299	0.0538099159972271	0.0161137219109985	0.00384754819328067	0.000625455816874383	9.64386090698403e-05	4.69744807938823e-08	
0.000123803236946731	0.000663833371133307	0.00439793613275778	0.0172370988602677	0.0542493289012692	0.120295067082734	0.191261960374596	0.225261129843154	0.194281362823921	0.119319520568431	0.0522034846512068	0.015863154321027	0.00411564251354533	0.000660450408577067	6.62269104324572e-05	
1.37974489158048e-05	8.3109885893518e-05	0.000508740279720467	0.00430374486363252	0.0176766132924976	0.0552115463890859	0.120268785082685	0.196354515164521	0.22485000082506	0.193280926689072	0.117350889436517	0.0501257138066063	0.0154674605424551	0.00376054348086241	0.000633734946565128	0.000109877865911318	
1.63391358145861e-05	0.000113662332179519	0.000596963669833201	0.00422869943643746	0.0184324085157741	0.0587346239134498	0.124832046324418	0.195529389592171	0.225169377848967	0.189445950110635	0.113324154203464	0.0493375046912983	0.0156655046123461	0.00370719542020297	0.000768164104924256	7.34277954487014e-05	2.41950297678455e-05	3.93262867743619e-07	
2.53021761402682e-05	0.000117174284339619	0.000762174370796501	0.00432122888430699	0.0193805986199838	0.0587054368457123	0.128916202665837	0.199546872570734	0.226050593969985	0.186166222860895	0.111436815162991	0.0471887172237384	0.0138815300948565	0.00297504107448837	0.000466689769140704	5.22942762220083e-05	7.1051498312709e-06	
1.34303776708699e-05	8.10938108811041e-05	0.000670914330531993	0.00444536200090231	0.0199546858685352	0.0604867844107133	0.129833711741665	0.19895974470303	0.22659151905319	0.185385046277091	0.109957069016507	0.0458725896343545	0.0143231164525447	0.00303562808542349	0.000359960163862885	2.9344073096672e-05	
4.66756696565327e-07	0.000139093495576467	0.000807339722915115	0.00491504136617221	0.02102820133692	0.0620879944473877	0.130727413893168	0.199902399307721	0.227465577137047	0.182564329738177	0.106461078638692	0.0467099576034624	0.0139050367257705	0.00294704577130989	0.0003116627814306	2.73612775526595e-05	
2.246462284409e-06	0.000181453743510414	0.00100303597107146	0.00519722825064886	0.0219363266505674	0.0633330953467686	0.131706176023195	0.20338475605062	0.224229575759562	0.180725427223325	0.105723310074205	0.0452339244952322	0.0138490152321092	0.0030692998879525	0.000355847176984114	6.92816519645464e-05	
3.93666703513422e-05	0.000923950125993878	0.00534275154322388	0.0219391629828311	0.0657182603000401	0.135600063972239	0.20513826325002	0.22428989638446	0.177392637719602	0.10307056668854	0.0445492299718751	0.0127118319784964	0.00275115907685102	0.000450327456406499	7.42534920140537e-05	8.27838705586547e-06	
5.23558376065195e-05	0.00109464947219284	0.00573620637227081	0.0232725992717697	0.0680348205678988	0.140247282085957	0.2083498811413	0.220962994220065	0.173861343827581	0.0991001903187081	0.0425721389490895	0.0128999233973783	0.00327971049137837	0.000475761375589368	4.6494475581344e-05	1.36481956335005e-05	
0.000113598267678423	0.00111154023280648	0.00563845105632253	0.0236256124853328	0.0697862033135728	0.144283775167148	0.208749827614582	0.219981541936213	0.171182519293575	0.100178127265329	0.040793739292543	0.0115093369899608	0.00260458115697481	0.000394832933531539	3.60821532762496e-05	1.02308411543244e-05	
1.13691248349273e-06	0.000112014784178699	0.000949254479755544	0.0060097771968519	0.0234072263178745	0.0709409880661669	0.145356592648622	0.212046009769104	0.220877083468	0.169359850153393	0.0980648776410947	0.0389412373390463	0.0109495077800029	0.00255308150445625	0.000362376401835975	6.52568495821716e-05	3.72868755179395e-06	
0.00010579190528283	0.00101023778569626	0.00624946469730887	0.0251213970570673	0.074140755390547	0.149202117836988	0.212048270376775	0.219553889502467	0.167176805318566	0.0934668728427984	0.0377924352379314	0.0109871635514148	0.00265805907510849	0.000381459802831146	9.47052615770827e-05	1.05743576408786e-05	
