# <P(U)> as a function of N_tot.
# number_of_species: 1
# species_total_upper_bound: 511
# species_total_lower_bound: 490
# volume: 729
# Bin widths for each
10	10	10	10	10	10	10	10	10	10	10	10	10	10	10	10	10	10	10	10	10	10	
# Bin lower bound for each
-2640	-2650	-2660	-2670	-2680	-2690	-2710	-2720	-2720	-2740	-2750	-2760	-2760	-2770	-2780	-2790	-2800	-2810	-2820	-2840	-2850	-2850	
# Bin upper bound for each
-2480	-2490	-2500	-2500	-2510	-2530	-2530	-2550	-2560	-2570	-2580	-2590	-2590	-2600	-2620	-2630	-2640	-2650	-2660	-2670	-2680	-2690	
# Normalized histogram for each
3.08361641362855e-06	5.39962600401851e-05	0.000459888810964633	0.0029989448967243	0.0139033748664898	0.0462670713053719	0.108818341044441	0.186372815871725	0.226117012348684	0.201533462131252	0.12888104581708	0.0599689533374978	0.0192177938753047	0.00454719203225173	0.000770793314793474	8.26087384308001e-05	3.62173253713601e-06	
1.92937661282094e-06	5.13805397014846e-05	0.00052071789680825	0.00301415607639058	0.0140180956100548	0.045790663207612	0.108333124339528	0.187671233823992	0.228341695733698	0.201348595189744	0.128491084910218	0.0585293524985166	0.0186318368667785	0.00444981022878622	0.000719409376169619	8.53676568605753e-05	1.54666852956645e-06	
2.13899636730981e-06	5.94467130801482e-05	0.000519947342334947	0.00312367228122656	0.013863333326379	0.0463997071703436	0.109726817815526	0.188662975222562	0.227844146550038	0.200756088853361	0.127227132500878	0.0580696472390372	0.0185262848197788	0.00437775373391319	0.000751730779974383	8.32628044063157e-05	5.91385079385531e-06	
1.71339078061531e-06	5.60181403603937e-05	0.000529545660614133	0.00313913983308521	0.0141896707802521	0.0466092325443708	0.110272148832861	0.18907541775086	0.229367157404421	0.200078737017808	0.12600003658392	0.0571159658937853	0.0185335348870445	0.00416102872929965	0.00075966641255318	9.98056709550127e-05	9.07754961957329e-06	2.10291740969529e-06	
1.71520219910105e-06	6.80864135624721e-05	0.000536513140103449	0.00325903172256719	0.0144764830865993	0.0476324481772865	0.111554361339218	0.189466636087062	0.229538570455321	0.198014034032057	0.125138807546325	0.0568494600069228	0.0183916784522926	0.00424212186288727	0.000729930511283491	9.18463113067014e-05	6.27590113403795e-06	1.99975187268463e-06	
2.89114660815393e-06	7.22970969217509e-05	0.000480233143747667	0.00323420300796262	0.0146061621898806	0.048558189662788	0.113111037055394	0.189385717132249	0.229471283170226	0.198162516764503	0.123499269121824	0.0564991898812354	0.0180572011934548	0.00408203043425249	0.00070097403045201	6.37342474047048e-05	1.30707210955156e-05	
9.50697447536241e-07	1.06467609179887e-05	5.55317611274967e-05	0.000461159170428235	0.00321473089412294	0.0151129169226864	0.0492402450136411	0.114774246714418	0.191030807757854	0.228134793193169	0.197364264861315	0.122687061770661	0.0551169208821574	0.017770289620129	0.00421503006180177	0.000729534231654005	7.47794450860412e-05	5.99044441389548e-06	9.97969696308761e-08	
5.22221025552742e-08	6.78104001680236e-06	8.76574102441555e-05	0.000519286143389136	0.00349248888585061	0.0155225395412118	0.0500783695787494	0.115427333164933	0.192218509309064	0.22959849498616	0.196037647446398	0.121331692023983	0.0539290942548138	0.0169045165410781	0.00409093851450328	0.000657604215322163	9.49319491301052e-05	2.06277305093333e-06	
7.4401491033927e-06	8.09898534336852e-05	0.000570014103925789	0.00360874239385637	0.0162994215994327	0.051173818170879	0.116893655011759	0.193060879107035	0.229837414070303	0.195501115570503	0.119666012979235	0.052344718452916	0.0163639028916621	0.00380928362743797	0.000674812434490331	9.73218247116037e-05	1.04577593156588e-05	
1.14685753649342e-06	9.97323957472172e-06	8.1312459395782e-05	0.000616426823821274	0.00371160287160228	0.0168327167279361	0.0526423992929574	0.118065207334055	0.193235123770218	0.229226350502507	0.194711410282755	0.11903843428034	0.0515540913042567	0.0158309899817807	0.00372357335967593	0.000625383235058652	8.7296403140615e-05	6.56127338905421e-06	
8.62242659600068e-07	1.37311496211987e-05	0.000125631085889296	0.000698978436129308	0.0039146515861513	0.0168994304967502	0.0540894841025058	0.120910149379631	0.195103740298352	0.228731002056006	0.193196894540623	0.116289986509812	0.0500848615082671	0.0155618098961252	0.00374342780131234	0.000554851856793995	6.9748440004946e-05	1.07586133652801e-05	
3.72919528051433e-06	2.44153823974948e-05	0.000100559145313481	0.000674398108010852	0.00407861881226236	0.0176655079492214	0.0546604783856126	0.121933981022931	0.197528196396448	0.227204455811936	0.191228919270995	0.115310566065863	0.0502309769035596	0.0152818884508542	0.00342775802127824	0.000559696945137747	8.33129084137066e-05	2.54122448478262e-06	
1.08595208974248e-05	0.000125334285335007	0.000762836879067004	0.00423918268766054	0.0185006592267908	0.0567157385724357	0.12437771439692	0.197595612372069	0.227859161319175	0.188932820730266	0.11284204204359	0.0488035529939722	0.0151594581323325	0.00343274533482664	0.000562475754244377	6.7312017259756e-05	9.94446513701993e-06	2.54926801983222e-06	
8.75914453333175e-06	0.000100806362299559	0.000796684361834831	0.00443697294782769	0.0191977355645675	0.0579172924583794	0.128057396382956	0.200531728376329	0.227487769660216	0.185820764505522	0.110238212232719	0.0474550819586645	0.0143584722339884	0.003086798992018	0.000452719394466054	4.43407475845393e-05	4.38602990787299e-06	4.07864618641428e-06	
1.10829620547425e-05	0.000108951411919221	0.000792032412389204	0.00456718326871543	0.0196767464637128	0.0585356606144992	0.128560037593366	0.202021804312806	0.227869678279271	0.185093785553504	0.109034571137383	0.0460771097888812	0.0142754752415853	0.00292827015854845	0.000405478702924739	4.13665242706368e-05	7.65574169104937e-07	
2.13991247135658e-06	0.00012478061720641	0.000763453945338132	0.004918664056674	0.0207286715172659	0.0601116691005854	0.129748547710398	0.203671818932309	0.228604796121293	0.18278038909021	0.10623388614346	0.0453379531501541	0.0135615588327322	0.00293937254823004	0.000427801405134883	4.16300969695853e-05	2.8668195683013e-06	
2.34875262257209e-06	0.000148348438419591	0.000898932843481698	0.00509001441578765	0.0210385236444112	0.0617611966145661	0.131225685347291	0.204849364075227	0.227020264156208	0.182016411259349	0.105288333712607	0.0440699562467127	0.0132133893470924	0.00285515846323205	0.000461040779160216	5.57382943404309e-05	5.29360948991844e-06	
1.34969872392077e-05	0.000100935536386478	0.000944672359581506	0.00534842610878023	0.0219063996015754	0.0637208604569458	0.135081289793318	0.205651508342764	0.226656261990298	0.179269266156799	0.102608596834197	0.0428369883448033	0.0127489627858444	0.00258939624044745	0.000470138287547587	4.85084462397473e-05	4.29172723232422e-06	
4.37832577251519e-06	0.000137224745648888	0.00100703522119308	0.00560919845962179	0.0229094526234622	0.0663754237847089	0.137884738940411	0.208974726667476	0.225671994558964	0.175798305579301	0.0990336372944146	0.0411809670789652	0.0123769866440745	0.00260039827595128	0.000398813222076067	3.25102103711209e-05	4.2083675878347e-06	
6.66177233086105e-07	1.44099259956779e-05	0.000123009626089349	0.00112803534656457	0.00610025154109277	0.0237407860930809	0.0682388015498224	0.140712891476713	0.210645384586154	0.225635389531982	0.172638881932817	0.0975593036673833	0.039079265787316	0.0114972120905562	0.00252769677325963	0.000331146453686594	2.27883858117993e-05	4.07905444258877e-06	
1.72269679448303e-06	1.08966383447135e-05	0.000164394863066925	0.00123143119136666	0.00634058829826925	0.0247973732133319	0.07049796224469	0.143684315517977	0.210915510010288	0.223979306087968	0.171572444393963	0.095355642759598	0.0378049892300328	0.0110233146710688	0.00227087596066271	0.00030091406421053	4.23339177786677e-05	5.9842405889313e-06	
1.08424855872536e-05	0.000148115866433283	0.00127080148995494	0.00679208532025228	0.0263120880428691	0.0740114776350249	0.148211570475718	0.211884348188343	0.221251517358576	0.168708979878176	0.0931796863915842	0.0359865205597388	0.00991308378565584	0.00203249840874542	0.000248413392010188	3.51363893749901e-05	2.83433195518649e-06	
