# <P(U)> as a function of N_tot.
# number_of_species: 1
# species_total_upper_bound: 511
# species_total_lower_bound: 490
# volume: 729
# Bin widths for each
10	10	10	10	10	10	10	10	10	10	10	10	10	10	10	10	10	10	10	10	10	10	
# Bin lower bound for each
-2640	-2650	-2660	-2670	-2680	-2690	-2710	-2720	-2720	-2740	-2750	-2760	-2760	-2770	-2780	-2790	-2800	-2810	-2820	-2840	-2850	-2850	
# Bin upper bound for each
-2480	-2490	-2500	-2500	-2510	-2530	-2530	-2550	-2560	-2570	-2580	-2590	-2590	-2600	-2620	-2630	-2640	-2650	-2660	-2670	-2680	-2690	
# Normalized histogram for each
3.61779331393916e-06	5.46754101602763e-05	0.000429554928977549	0.00292196075063771	0.0139872059725912	0.0462821977570127	0.108364054041377	0.186613936962901	0.22670622962469	0.200984833281995	0.128171156768027	0.0605097100025158	0.0195472467528278	0.00457552130854266	0.000765901390008802	7.79481267734692e-05	4.24912764759492e-06	
2.27008272234233e-06	5.32957040777552e-05	0.000537553104292007	0.00300256792316532	0.0137758619135325	0.0452145480800834	0.107627214915597	0.187757274942019	0.229454210284073	0.201206133147395	0.128325472051358	0.0588952435298318	0.0188351744703131	0.00448542881258615	0.000739894800515891	8.62848815872525e-05	1.57135685021234e-06	
2.51864306888767e-06	6.4600713295226e-05	0.000523030973158923	0.00315827604973825	0.0136888902167252	0.0459703694484303	0.109530743576233	0.188635211868953	0.228668091203329	0.200846474371639	0.126764670439075	0.0582304042954701	0.0186112306958222	0.00442725031476137	0.000783375538853526	8.78981616824369e-05	6.96348976558229e-06	
2.02181394382963e-06	6.29091601324316e-05	0.000536103688433067	0.00308053945536525	0.0140085463100288	0.0462692027874261	0.109854496634557	0.188254388357259	0.229915147326026	0.200976890185238	0.12602515400531	0.0572912472832652	0.0186249065706888	0.00420927998003404	0.000768652666138252	0.000107320741387061	1.07115764858193e-05	2.48145828129013e-06	
2.02100759472612e-06	6.8739093951499e-05	0.000531773354721078	0.00323969069667773	0.0142523038857925	0.0473178508153227	0.11133548917618	0.188943015915112	0.229535741989639	0.198823153928386	0.125411654954597	0.0569712758598904	0.0183375363513219	0.00433513579787997	0.000778410788470098	0.000106455255653999	7.39483884890572e-06	2.35628996067147e-06	
3.40379923142213e-06	7.51563830296887e-05	0.000449304598547022	0.00324941616628183	0.0145571751129899	0.0485008251485137	0.112913007404243	0.188894904747531	0.229506321577473	0.19896386057396	0.123725181862854	0.0563638741730372	0.0178687927652266	0.00411360607114775	0.000737006233583992	6.27749858254082e-05	1.53883965253001e-05	
1.11638601102702e-06	1.25022897477998e-05	6.20149345186252e-05	0.00042425443964358	0.00323552412327909	0.0152160822794007	0.0493268127590783	0.114767340745269	0.190863029977351	0.227923027170597	0.197850033597359	0.122662780352206	0.0549912566929731	0.0176389729887691	0.0042140919728509	0.000735467085822532	7.00023371942053e-05	5.57267823736416e-06	1.17189691765267e-07	
6.12351035889447e-08	7.95137820102447e-06	9.80986359494894e-05	0.000536796103326228	0.00357593103550771	0.0157084451713405	0.0499823878656813	0.115650769051972	0.192240633039193	0.229962623378706	0.196079149384156	0.120927860253264	0.0537272053168873	0.0167758403855098	0.00396581187830334	0.000662459721156281	9.626770635218e-05	1.70845939013156e-06	
8.49285375956103e-06	8.40825994568937e-05	0.000568729079367867	0.00372841453047736	0.0165166409070896	0.0514441060174589	0.117421620963474	0.193066620418803	0.229964963159348	0.19509388378175	0.119096274183839	0.052331473824372	0.0161785030011527	0.00370945091004397	0.000680691122087067	9.62726288946585e-05	9.78001862530604e-06	
1.34053907842705e-06	1.04264150544326e-05	8.4861291275392e-05	0.000652185940624947	0.00381370904750768	0.0170915540739738	0.0533307056740882	0.118561121406596	0.192880802459946	0.229095885152072	0.194382768585447	0.118737175832459	0.0514890572813351	0.0155701881289744	0.00361522111053704	0.000599269604395336	7.60581140166058e-05	7.6693426187561e-06	
1.00797040337368e-06	1.53617111024668e-05	0.000138912245500375	0.000751649280978237	0.00402358174909218	0.0170833760093776	0.0547903471051421	0.121912894267056	0.195255281717239	0.227619628280917	0.192436666533148	0.115995205971684	0.0501825935358773	0.0154676781531614	0.00369761077990505	0.000555645955063354	6.06719482439102e-05	1.18867861082536e-05	
4.34338798977783e-06	2.84365582100828e-05	0.000101188307038861	0.000648479256842224	0.0041057890257276	0.0176314872432439	0.0551583534591515	0.122398376015653	0.197984483288517	0.227289845427785	0.190532525897105	0.115124329090182	0.0499758975053318	0.0150066942617787	0.00335301130728874	0.000566559470206768	8.72407377115763e-05	2.95976023680151e-06	
9.67491237130594e-06	0.000112527551122706	0.000717054883864527	0.00430263568041841	0.0184840867906382	0.0569996516190511	0.125049206586298	0.198271856999737	0.227584231270932	0.188232803274291	0.112397686224732	0.0486365624484265	0.0150601740501417	0.00349235200730192	0.000569534247015117	6.56007718687742e-05	1.13900241266663e-05	2.97065766383781e-06	
8.71794381107609e-06	8.71523917494029e-05	0.000737202671536198	0.00442354359070474	0.0193752229221206	0.0581722215645616	0.128445300741594	0.201291077893425	0.227843557667314	0.184764834532525	0.109723295528691	0.0473218344385719	0.0142226566816148	0.00305956253075472	0.000466246213148792	4.77248071918991e-05	5.10274684288425e-06	4.74513384270567e-06	
1.20137165649627e-05	0.000115773679093351	0.000751867103773603	0.00464407926540136	0.0198968948876422	0.0589927261006294	0.129181126577987	0.202295725161525	0.227596073875785	0.184565091651867	0.108280846915679	0.0460891140790342	0.0142161410442092	0.00292106126822336	0.000402389605857354	3.81827381887662e-05	8.92328539115825e-07	
2.47486173273529e-06	0.000128194873849421	0.000772260597332746	0.00489903770440291	0.0208465220987399	0.0601269317755548	0.130486323134558	0.203834310099511	0.228907824904013	0.182633423367519	0.105442503706943	0.0450488055478492	0.0134289406110424	0.00296279776580508	0.000428889092423625	4.74284280805151e-05	3.33143064382571e-06	
2.38783939167096e-06	0.000157946984277352	0.000944968182484493	0.00501521225522128	0.0209387058811121	0.0614916844530088	0.131397892728774	0.205205575788659	0.22725323457435	0.182430997662998	0.104897585983252	0.0437103214268828	0.0132090120258228	0.00285574925956241	0.000428966755232005	5.36019579571993e-05	6.15624101227326e-06	
1.49535473335709e-05	0.000100843464489561	0.000976378678839039	0.00519941275595442	0.0218620360219916	0.0637901179603468	0.13457415405383	0.205316086436463	0.227281876344908	0.179664990950388	0.102440394720518	0.0429259493310885	0.0127762004464871	0.00256803413895447	0.000452718202761896	5.08615424604737e-05	4.9914031861564e-06	
4.8403631708264e-06	0.000119301236323732	0.00103947167798796	0.00565114907390019	0.0229168395402914	0.0664629913029086	0.138213741635891	0.208550126641716	0.22573707345472	0.175679069916872	0.0988464898376502	0.0411998085752877	0.0124094552698352	0.00272389151465399	0.000403053885117352	3.78026169392512e-05	4.89345673394333e-06	
7.72472516423167e-07	1.67091747398611e-05	0.000120612670295057	0.00110618361456611	0.0060413976221644	0.0237842891414067	0.0681592521258607	0.140805226658381	0.210339227324383	0.225675418326698	0.172216199346444	0.0980968107360987	0.0391503510617222	0.0115451573439464	0.00255769809655107	0.000353539873429903	2.64245021579525e-05	4.72990863902185e-06	
2.00083073172093e-06	1.1138057731454e-05	0.000150809241688962	0.00126278516963743	0.006459668518503	0.0249233135126001	0.0705234847837108	0.143614215380993	0.210945871190243	0.223696748478775	0.171050602290097	0.0953863594093803	0.0381969385771933	0.0111231369937335	0.00230236222245834	0.000299092697056922	4.45222334635712e-05	6.95041200209504e-06	
7.53180191403043e-06	0.000143603150619463	0.00125354309892563	0.00686689648480496	0.0263920199807344	0.0738558607569993	0.14844693778679	0.211212259296978	0.221252340595356	0.169126608974046	0.0930127374461791	0.0360411298297962	0.0100586853900971	0.00203419062380526	0.00025160606433881	4.07606933591703e-05	3.28802525696301e-06	
