# <P(U)> as a function of N_tot.
# number_of_species: 1
# species_total_upper_bound: 511
# species_total_lower_bound: 490
# volume: 729
# Bin widths for each
10	10	10	10	10	10	10	10	10	10	10	10	10	10	10	10	10	10	10	10	10	10	
# Bin lower bound for each
-2640	-2650	-2660	-2660	-2680	-2690	-2700	-2710	-2710	-2720	-2730	-2750	-2760	-2770	-2780	-2790	-2800	-2800	-2810	-2820	-2840	-2840	
# Bin upper bound for each
-2480	-2490	-2500	-2500	-2520	-2530	-2540	-2560	-2570	-2570	-2590	-2600	-2600	-2610	-2630	-2640	-2650	-2650	-2660	-2670	-2680	-2690	
# Normalized histogram for each
6.93720017575543e-06	2.75208175986542e-05	0.000406624151146979	0.0030098872255519	0.0147889708591887	0.048505120755648	0.111531766476385	0.192809751606003	0.227160725884742	0.198410601674662	0.122311990991758	0.0575032556258712	0.018143698814604	0.00431009658243664	0.000929324271431951	0.000128821310305969	1.49057524903164e-05	
4.42220353366901e-06	7.21125665341866e-05	0.000584584658215661	0.00344705292425324	0.014614101991119	0.0462080754033865	0.109861842261532	0.19210783346288	0.233352609324479	0.199378855540293	0.122586229411441	0.0553196645649159	0.0174457899691945	0.00417333417836827	0.000692042014874147	0.000148340847248224	3.1086777315891e-06	
5.79851027956073e-06	7.05886572145771e-05	0.000499711239658371	0.00353985923864663	0.0142989622406153	0.0463397248488714	0.111862092345171	0.190261616420952	0.232355114073272	0.200564278198651	0.120599900307197	0.0555438096214725	0.0184767232535262	0.00454646968259294	0.000889885337960209	0.00014538943982091	7.65840980319342e-08	
3.80536135266282e-05	0.00043287076373166	0.00311810523726821	0.0138792700234667	0.0463086292940034	0.111227723034978	0.189524123852642	0.229587498392977	0.200519087072865	0.124894163387379	0.0557382339928915	0.019415405289749	0.00421975080294434	0.000916025101071183	0.000156872967000971	2.35434913963485e-05	6.43682109538723e-07	
1.34932783016507e-06	2.57786905617826e-05	0.000487063819985391	0.00308665270155889	0.0144336945092194	0.04757942121845	0.110783286111212	0.187727106019996	0.22845782884795	0.199383720629595	0.126454575400918	0.057339555562752	0.0185659456990437	0.00460909711599893	0.000805973099974485	0.000245109753019904	1.38414919352417e-05	
1.84440696357268e-06	4.38183074481912e-05	0.000360587018203795	0.00306412747632916	0.0141805537778431	0.0481331392915347	0.112287790610873	0.188238221158757	0.229957724446211	0.197909581888439	0.123807880109793	0.0581223491833883	0.0187674301914883	0.00415757705081029	0.000851024652103375	9.63238808313163e-05	2.00265489831708e-05	
5.65473656618262e-06	6.27479262208835e-05	0.000346980312270491	0.00287662344020833	0.014797746938989	0.0498809770742897	0.114431050372448	0.18884289691019	0.226006382363615	0.197058945312377	0.125551733902158	0.0566838980754039	0.0183038691901798	0.004286399481965	0.000751403141551123	9.87395603110459e-05	1.39512612578791e-05	
2.71139170183125e-06	6.42816744670152e-05	0.000493429907466058	0.00336708213430169	0.015467209882064	0.0506518337489138	0.114999178122947	0.188058093888163	0.229717488602285	0.195743739732773	0.123326111487308	0.0559301542027027	0.0174724358835035	0.00399411857926719	0.000635626133876896	7.65046282588705e-05	
8.97171730343151e-05	0.000626524383056234	0.00360169412297236	0.0169201472176756	0.0527759183802435	0.11782743746693	0.189712680130096	0.228068771459512	0.194027743385472	0.12095327395871	0.0541273341084542	0.0167712797953664	0.00385912832130086	0.000566409432996029	7.19406641813156e-05	
8.52450075948977e-05	0.000713192538561053	0.00387370088317475	0.0170948783159186	0.0521916108144966	0.117640436536124	0.192237069358324	0.226743376981085	0.192829197823839	0.122388974411154	0.0538546310529784	0.015783671191026	0.00386342474275113	0.000593275112427365	0.000107260628311182	5.46022339193555e-08	
7.34717213876665e-05	0.00065932099746687	0.00450273550471724	0.0174617571222399	0.0546487524406033	0.119771508555013	0.190943128477803	0.225676139709321	0.193990615832359	0.119252202818242	0.0522868801840741	0.0158273439840753	0.0041741527231962	0.000664247704723519	6.77422247789291e-05	
7.62984269843917e-06	6.98658491887034e-05	0.000548238483195979	0.00443019578274322	0.0179328296294764	0.0553095242695119	0.119406025997519	0.195694145619521	0.225350048965413	0.193362559295225	0.117794692470265	0.050237529193536	0.0154383608572743	0.00366920332632843	0.000636302758906494	0.000112847659197457	
7.76378020889343e-06	0.000103403916096729	0.000603844704991847	0.00441800705119878	0.0188275721685803	0.0591833403336934	0.124212653860138	0.195134501359937	0.224011810669806	0.188858344661535	0.113833311945524	0.050310281282852	0.0161659971984908	0.00356279764282873	0.000711278340576407	5.4850176398233e-05	2.40907143294295e-07	
2.87690206303703e-05	0.000125841334660504	0.00080065610347617	0.00450550293238828	0.020493393602055	0.0595582839622071	0.129152852484316	0.19884367694643	0.224602955132465	0.18560782665397	0.111040114388151	0.0475373614933027	0.014187241695857	0.00299209788041546	0.000461654068473426	5.34888260982367e-05	8.28347510393938e-06	
1.56378947993116e-05	8.70588893986607e-05	0.000672721874680359	0.00441261538429883	0.0205711524484108	0.0611248270585829	0.13008997908215	0.199870380912152	0.224863732911688	0.184621473331189	0.109556307765249	0.045867169187456	0.0147182696257881	0.00315218373616706	0.000348452148935353	2.80377490549984e-05	
5.45196453418562e-07	0.000160211429801579	0.000801231611872987	0.00475792944898379	0.0209039769366199	0.0623705833103742	0.131835993435878	0.1994414113409	0.227634904746165	0.181564735847248	0.106507332930462	0.0464227147335558	0.0140572908352989	0.00317125511452882	0.000337923665757893	3.19594160993961e-05	
2.62314153315547e-06	0.00020581741592498	0.000985287228983051	0.00531073740112561	0.0221057537584521	0.0637405206911696	0.13218084030311	0.203807869078521	0.224416988333071	0.179632059872699	0.10528345562702	0.0449350426943287	0.0138360465783086	0.00314584105924748	0.000330218249894416	8.08985666107611e-05	
4.53694103050512e-05	0.000938243757090262	0.00540889322476836	0.0223329671031846	0.0659932997540945	0.135996722261385	0.205772884278878	0.223999179912549	0.176762486534832	0.102930962913292	0.0441033970384046	0.0123887974809511	0.00276629371379403	0.000464291178742867	8.65609180784142e-05	9.65051965001928e-06	
6.10112517639038e-05	0.00122944216687681	0.00577913051343955	0.0232763699935247	0.06824189352176	0.140675965073275	0.208184238713765	0.220736344104604	0.174248838971387	0.0986054017934646	0.0423020584692593	0.012835471693199	0.00323190250307377	0.000521845833772925	5.41808952927691e-05	1.59045015414828e-05	
0.000132853590400349	0.00125620401330858	0.0058403937836153	0.0242213636734338	0.0704948641427175	0.143716157319927	0.207066994911831	0.219417690129008	0.172402204458402	0.0995291018089884	0.0411717854758426	0.0115932063756232	0.00267793869040132	0.000425078409771053	4.21982105017258e-05	1.19650062271665e-05	
1.33197968076285e-06	0.000129235892924185	0.00105528912199286	0.00623106867438899	0.0241623145923792	0.0719604731643345	0.14609469201582	0.210477453760551	0.21951178655274	0.169005329499038	0.0981270108095795	0.0393084022858577	0.0108679269903558	0.00258588051871352	0.000400982323726599	7.64533760831083e-05	4.36844183436629e-06	
9.60811285792978e-05	0.00108389331546938	0.0064147218278825	0.0255469020074406	0.0751573871439536	0.150054617721367	0.210202795544573	0.219334450524367	0.165952526579062	0.0931545001175676	0.0385323898318837	0.011164335300425	0.00277371761923723	0.000408474880401109	0.000110831516107836	1.23749416842185e-05	
