# <P(U)> as a function of N_tot.
# number_of_species: 1
# species_total_upper_bound: 511
# species_total_lower_bound: 490
# volume: 729
# Bin widths for each
10	10	10	10	10	10	10	10	10	10	10	10	10	10	10	10	10	10	10	10	10	10	
# Bin lower bound for each
-2640	-2650	-2660	-2670	-2680	-2690	-2700	-2710	-2720	-2740	-2750	-2760	-2760	-2770	-2780	-2790	-2800	-2810	-2820	-2830	-2840	-2850	
# Bin upper bound for each
-2480	-2490	-2500	-2500	-2510	-2530	-2530	-2550	-2560	-2570	-2580	-2590	-2590	-2610	-2620	-2630	-2640	-2650	-2660	-2670	-2680	-2690	
# Normalized histogram for each
2.78021540261471e-06	4.3307367764524e-05	0.000447869785122297	0.00302093103542088	0.0140077196766662	0.0465127529042614	0.109108706007156	0.188083941439514	0.225659460607772	0.199151412537078	0.127885022605183	0.0606163446122219	0.0199017374158414	0.00472244015709575	0.00075665097137786	7.29860590919694e-05	5.93660302922239e-06	
2.61383602141402e-06	4.96628844068664e-05	0.000550455630044527	0.00300705769158568	0.0136598245514239	0.0452973006398718	0.108234894293193	0.189143400823231	0.229520736970111	0.199960214115895	0.12747559742012	0.0587876557000137	0.0188380638316211	0.00461042031086751	0.000759701453207292	0.000100202836714606	2.19701167248421e-06	
2.63649248429007e-06	6.05265823942777e-05	0.000572578520741167	0.00318063331142602	0.0135359388768071	0.0459330674607007	0.110599359343601	0.189907455601369	0.228523488886636	0.199762456363502	0.125797589386408	0.0579153100420413	0.0187358132149841	0.00453255554145427	0.000837849558954918	9.60368405420596e-05	6.70397595511916e-06	
1.89833671810815e-06	5.68634195013219e-05	0.0005612488850414	0.00306850961124847	0.0139427110930277	0.0460251303895112	0.110020267214904	0.188165384897868	0.229202925945391	0.200803288550241	0.126401188119543	0.0575407269722936	0.0190112527939681	0.00426629073474117	0.000794367234486339	0.000119534535811468	1.49483181295777e-05	3.46294757481373e-06	
1.06673922220891e-06	6.20090759209533e-05	0.000528666457205726	0.00318233358922118	0.014232901131197	0.0469236558060089	0.110695326105851	0.188687303967773	0.229428238573852	0.198594642334647	0.126191928843743	0.057520280461721	0.0186780077889238	0.00439633464948223	0.000739340975418571	0.000124657331618777	1.00282124452189e-05	3.27795574759741e-06	
1.67424379930864e-06	4.4531433012539e-05	0.000449974596370888	0.00323557538857473	0.0143376241037531	0.0479305664860854	0.112454321623684	0.188678244758702	0.229396259573654	0.199015034605756	0.124035972146383	0.0572927781545498	0.0181244874138636	0.00415127887026309	0.000771520022126254	5.87366149386319e-05	2.14199644839383e-05	
4.28791569169701e-06	6.21254171387612e-05	0.000397814704758312	0.00322120760007346	0.0149934977127919	0.0486974507508525	0.114042667645496	0.190889190399325	0.227607273467343	0.198217405712543	0.123617209962968	0.0555583690978337	0.0177163542224748	0.00415841548715828	0.000731984550781406	7.83671318308348e-05	6.21511703861588e-06	1.63103900184671e-07	
4.07159146783955e-06	0.000109457455299657	0.000507662497385308	0.00346787932105181	0.0154189852731343	0.0491682031581998	0.114790110775989	0.19174704882644	0.229966424102843	0.196380001945873	0.121932310568804	0.0547266430289624	0.0169984613205349	0.00402971648697688	0.000642564215111204	0.000108090351595127	2.36908033269496e-06	
8.59381780165053e-06	9.43369708458441e-05	0.000543937366797414	0.00350346251999483	0.0160770786174917	0.0509997467643131	0.116878504063494	0.192135227941584	0.23076624082116	0.195691953477386	0.119376400867556	0.0529664337008579	0.0164127123551669	0.00374005748912216	0.000673794320643864	0.000117892595762455	1.3626310021956e-05	
1.87435012169186e-06	1.44507719132706e-05	8.9369523829512e-05	0.000639387153983758	0.00374615435739077	0.0166302075816408	0.0524525150928856	0.117215655529367	0.193544131248473	0.230038777923891	0.194536873777552	0.119084952131117	0.0520170835835495	0.0156005093285067	0.00367940454183256	0.000609078785009189	8.91060097534465e-05	1.04683091830546e-05	
1.4061314348549e-06	2.12228726473896e-05	0.000144468392734807	0.000721974596001865	0.00400012301327616	0.0168625519654768	0.0534730882721557	0.12096042982727	0.195734175573126	0.228063535706852	0.193205638779605	0.116404998907883	0.0504156855996859	0.0155398383279059	0.0037952331950118	0.000572810653250365	6.73127363454113e-05	1.55054493356973e-05	
6.06637181270924e-06	3.79526336260494e-05	8.49418086434682e-05	0.000603322522434201	0.00405651225287165	0.0170811595728563	0.0542315365321175	0.120951648886701	0.197692941155055	0.227834352273043	0.19204337613807	0.115762523170736	0.050160480110814	0.0153822057695086	0.00343592745773771	0.000533622262915739	9.72972099600734e-05	4.13387109674923e-06	
1.36000245205908e-05	0.000149156790666045	0.000743845316294524	0.00410302180760975	0.0174978633495638	0.0563485127754428	0.124177076559763	0.19800567973347	0.226920138573775	0.189350814191021	0.113350992444261	0.0494548673028502	0.015582274554178	0.0036036263730476	0.000622813545281465	6.31556418187559e-05	1.23836248119168e-05	1.77391624181619e-07	
1.14990549983252e-05	9.7724994710859e-05	0.000791317441215006	0.00417949914529349	0.0187797941151486	0.0579213383168795	0.127670252419957	0.20085320017852	0.228122784787675	0.18585259806933	0.110767702370851	0.0471333280208548	0.0142315232462944	0.00303363316588842	0.0004950746280183	5.49790611119187e-05	3.75098325406623e-06	
8.27213349357918e-06	0.000122382997863064	0.000738045049172682	0.00440858034637471	0.0195005306823861	0.0586415959089451	0.129182876634885	0.201713098708488	0.227775643321551	0.184888760915904	0.109151444882665	0.0462399898248132	0.0142649262322087	0.00288795025523296	0.000441446798587192	3.34544087145004e-05	1.00089871452559e-06	
2.10309053697083e-07	0.000118908738960331	0.000791817793350593	0.00502878811275351	0.020869106202337	0.0601188409353214	0.131273283525644	0.20289710227437	0.228451995141423	0.182763228111395	0.105073999511881	0.0455476706859026	0.0136036728911529	0.00299007738330043	0.000420832622628938	5.04405234387085e-05	2.523708644365e-08	
2.02813749599101e-06	0.000123783711321709	0.000981673248863483	0.00505732915641922	0.0209334969044457	0.0614428167621828	0.131176428181499	0.205411617005792	0.227185086830646	0.181914436489297	0.104725669346491	0.0441305719800914	0.013470611536599	0.0029305240335745	0.000440164745188024	7.04167655506422e-05	3.34516454214285e-06	
1.74336625611632e-05	9.34549718339899e-05	0.000918044624178107	0.00516284448324317	0.0217854987505882	0.0643003542659936	0.134602853366046	0.20676490270613	0.226253303094517	0.178882043215883	0.102153470162795	0.0431886699195868	0.0127785358553491	0.00257428857763453	0.000461916768541147	5.53125608706388e-05	7.07301424926272e-06	
4.52859085296147e-06	0.000120663000992219	0.00105653116838572	0.00562596335740702	0.0227975270852477	0.0661421026523751	0.138403562416415	0.208457514779159	0.225209079011362	0.175374003526747	0.0994670995416995	0.0414712176775451	0.0125820805516755	0.00284434574114155	0.000396121471140213	4.15848987508958e-05	6.07452910332309e-06	
1.52105445047094e-05	9.80521064479726e-05	0.00107318091687027	0.00566344899446845	0.0236464432850461	0.0681755169582023	0.140983646799731	0.209719008839402	0.225789854146574	0.171626873048285	0.0990951574069211	0.039514256303295	0.011574789781098	0.00261403228129852	0.000369192192706401	3.4619283678541e-05	6.71711147059565e-06	
1.69563188909717e-06	0.000110322850618085	0.00115917581629492	0.00630081861092759	0.0244956492434838	0.0702301215072727	0.144512521336025	0.21090901561325	0.222252874102459	0.171194749831639	0.0969610321496675	0.0383762157499123	0.0109339853944847	0.0022362992793872	0.000286254269116325	3.76156928143041e-05	1.65292075838943e-06	
6.42362808664074e-06	0.000120095400004951	0.00124890514676267	0.00681032111367046	0.0262908946035843	0.0741576426919407	0.149385659735694	0.211578953887683	0.221257778966694	0.168040639198255	0.0926434452880999	0.035953592366662	0.00995783063040769	0.00221894549891944	0.000272914621179031	5.12909214753352e-05	4.66630088099931e-06	
