# <P(U)> as a function of N_tot.
# number_of_species: 1
# species_total_upper_bound: 511
# species_total_lower_bound: 490
# volume: 729
# Bin widths for each
10	10	10	10	10	10	10	10	10	10	10	10	10	10	10	10	10	10	10	10	10	10	
# Bin lower bound for each
-2640	-2650	-2660	-2660	-2680	-2690	-2700	-2710	-2710	-2720	-2730	-2750	-2760	-2770	-2770	-2780	-2790	-2800	-2810	-2820	-2830	-2840	
# Bin upper bound for each
-2480	-2490	-2500	-2510	-2520	-2530	-2540	-2560	-2570	-2570	-2590	-2600	-2600	-2610	-2630	-2640	-2650	-2650	-2660	-2670	-2680	-2690	
# Normalized histogram for each
1.00814099888409e-05	3.22794441896219e-05	0.000401520945564946	0.00310071986473682	0.0145438301605211	0.0484842773627177	0.111837687847709	0.191004712846182	0.226254859843079	0.19895124622241	0.123817936929847	0.0582582911195983	0.0181140534366162	0.00418096108842373	0.000836977905035989	0.000148901952229546	2.16616211497316e-05	
6.41865818776749e-06	8.25846169802361e-05	0.000538245797240562	0.00361343446766064	0.0144354351621467	0.0457981112113241	0.109534576739698	0.191939487178444	0.233386002342747	0.200784223395742	0.121465209982907	0.0557817302872203	0.0176219017581785	0.00413499810872012	0.0007132018961606	0.000159926270589276	4.51212605278704e-06	
8.38023988136237e-06	8.24109627578503e-05	0.000490323091926504	0.00358514568011363	0.0140525712686828	0.045906337410942	0.110619356175264	0.189157066930588	0.233534674657663	0.201439099065393	0.121704816549197	0.0553694465909366	0.0186538131285249	0.00435943240983143	0.000870295817566162	0.000166719338319028	1.10682413527427e-07	
3.00188576009077e-05	0.000415701391787832	0.00315127205617076	0.0137154555596852	0.0465948365330819	0.110522102036835	0.187442734269847	0.229046306400623	0.20141720474184	0.126618676037165	0.0557268625053094	0.0200325528393646	0.00421412526645866	0.000885965361227628	0.000185714148386328	4.71994616366473e-07	
1.94734767634466e-06	3.17229218243243e-05	0.000470818414006556	0.00310661631160603	0.0143441786883715	0.0483885745091498	0.111278152012284	0.187654211483277	0.227492579113434	0.199265853066901	0.126127526082916	0.0572492891160194	0.0188967477629137	0.00455599263739252	0.000879525859787764	0.000240733004279736	1.55316681605231e-05	
2.67349131483916e-06	6.35151930714748e-05	0.00044936801354628	0.00305663900504866	0.0138738537959669	0.0482198645087257	0.112549744735366	0.188582682907699	0.227954667458653	0.198894212353232	0.124826448492058	0.0577313872721122	0.018494453581246	0.00416066436227535	0.000997054065682651	0.000113742026944933	2.90287370575732e-05	
8.20799320999308e-06	9.10802026467958e-05	0.00038512601345344	0.00298576052618877	0.0147043187703146	0.0506297701631968	0.115618299413458	0.189701253449298	0.225302980322335	0.194288063863385	0.126589486600166	0.0563818145477141	0.018225341865294	0.00414210514490008	0.000784766547718373	0.000141373967991425	2.02506087304462e-05	
3.93846752590165e-06	8.70243784523228e-05	0.000541838608343445	0.0033367642111645	0.0155991986069294	0.0512481428944075	0.114552801348456	0.189475261587499	0.229669024107297	0.19483534259768	0.122752580460292	0.0554341194735069	0.0177996046597805	0.00385074997716477	0.000721936851367875	9.16717701328867e-05	
0.000114419889035242	0.00066088083270197	0.00391622989160272	0.016557760289844	0.0533700943536251	0.117970923922246	0.190288249086851	0.229791144543521	0.193478816412681	0.119229526943489	0.0530942007553288	0.0170477282845792	0.00390805141447707	0.000515149510046975	5.68238699712274e-05	
0.000100477048380128	0.000769524583776289	0.00425321601205801	0.0174468562818613	0.0514560023298731	0.117836213580088	0.192888724988505	0.226449298036145	0.192553192638358	0.12263836845858	0.0530116811954424	0.016131490053344	0.0037927306205568	0.000571572409580663	0.000100572347509163	7.94159408632055e-08	
7.74779192709715e-05	0.000619887082663985	0.00471163891051675	0.0177331869489775	0.0550462214816971	0.121119496188	0.192621450979961	0.225836026260601	0.19151947375557	0.117654960219876	0.0517729825270802	0.0161705642218344	0.00431523173194775	0.000709983244185133	9.14185278175683e-05	
3.24952489434335e-06	5.18668128063305e-05	0.000517883218668536	0.00449684011175854	0.0184886663792852	0.0550787876352281	0.120521942770058	0.197500000784909	0.224883982542359	0.191972135088558	0.116472909166203	0.0497916379520646	0.0154703914908286	0.00392044974680393	0.000724706844190148	0.000104549931383221	
3.15326791364013e-08	5.90764743620478e-05	0.000500139823782461	0.00422484294873245	0.0185499341179852	0.0598671405250535	0.125733515152863	0.197268929433853	0.222237403455411	0.188039598044741	0.113395093133581	0.0496973627470375	0.0159103650801561	0.00369293395072007	0.000769350071909486	5.39366476628144e-05	3.46859470500414e-07	
6.3572470895066e-06	7.55078906758553e-05	0.000727982699188328	0.00428088916633633	0.0204210358002916	0.0608477672576938	0.131983757296012	0.199567760174973	0.223646269808142	0.183712131511249	0.10986711281245	0.0471173289004208	0.014284017461675	0.00293654954773718	0.000442607747118932	7.10671666059794e-05	1.1857512340967e-05	
4.41770667233461e-05	0.000557331029447453	0.00446746809361911	0.0204981745149378	0.0620136196341178	0.132087391757826	0.200809174531442	0.224452460646283	0.18325958589071	0.107307837265188	0.0457526480301563	0.015065390847498	0.00334725279077341	0.000300761825737992	3.67260755400775e-05	
5.52042084877587e-05	0.000643804441051299	0.00488214463680652	0.0211782864341959	0.0627478674817275	0.131508855325042	0.199200380704463	0.225748748266045	0.182746184651315	0.106731348196243	0.0464395760735309	0.0144068304674697	0.0033051314006176	0.000365550243926862	4.00874690772494e-05	
0.000123194493082006	0.000917476018130822	0.00527633574599562	0.0220088321289352	0.0625599677365268	0.131063555078759	0.202539478696036	0.224577101781895	0.182054649982349	0.105890169319901	0.0450812795273304	0.0142270702226369	0.00322917612712314	0.000342222640815635	0.000109490500485054	
4.02186198855386e-05	0.000826753858738543	0.0050956929567737	0.0218451097172297	0.0657181986720065	0.133132905907194	0.204404504596716	0.223837099936408	0.179704568424068	0.104333730954621	0.0453720440280435	0.0124061767762603	0.00263391772544013	0.00053058592037313	0.000104781715681809	1.37101905605199e-05	
6.78285928204594e-05	0.00109329724208597	0.00550975671523051	0.0223028499966752	0.0668962160938726	0.137270857327554	0.206306009229359	0.221972752934554	0.178250329163792	0.0999304803939713	0.0437032882088783	0.0131925829433751	0.00299798305535808	0.000431200532084593	5.19057993117749e-05	2.26617710763365e-05	
0.000126196096461331	0.00116038888147399	0.00556846585440444	0.0237599801985705	0.0700358679277716	0.142235336380349	0.203394428912422	0.220532947253202	0.174430658029196	0.101072693636592	0.0428809445676863	0.0117543776597701	0.0025468422952464	0.000428041384684776	5.57629001238504e-05	1.7068022046395e-05	
0.000124567299981304	0.00090210261390561	0.00591712456384068	0.0241281331642218	0.0705729523559013	0.143748837536211	0.207891330371328	0.219192199972642	0.170947006652308	0.100860280589702	0.0416613766784862	0.0110479200671713	0.00260922099981601	0.000321214225010185	6.94770640176022e-05	6.25584545714566e-06	
8.13010014493501e-05	0.000937931232519319	0.006052618922392	0.025015582557811	0.0757586424847775	0.148639895893512	0.20826572199764	0.219471417619696	0.164966604941646	0.0947783606898085	0.0401680224988892	0.0121871504950267	0.00317109316898395	0.000397265891263395	9.07815577458592e-05	1.76090468393564e-05	
