# <P(U)> as a function of N_tot.
# number_of_species: 1
# species_total_upper_bound: 511
# species_total_lower_bound: 490
# volume: 729
# Bin widths for each
10	10	10	10	10	10	10	10	10	10	10	10	10	10	10	10	10	10	10	10	10	10	
# Bin lower bound for each
-2640	-2650	-2660	-2670	-2680	-2690	-2710	-2720	-2720	-2740	-2750	-2760	-2760	-2770	-2780	-2790	-2800	-2810	-2820	-2840	-2850	-2850	
# Bin upper bound for each
-2480	-2490	-2500	-2500	-2510	-2530	-2530	-2550	-2560	-2570	-2580	-2590	-2590	-2600	-2620	-2630	-2640	-2650	-2660	-2670	-2680	-2690	
# Normalized histogram for each
3.1930920651725e-06	5.59132545543893e-05	0.000447316962327553	0.00294417565216386	0.0139462106351397	0.0463162510983902	0.108790340173755	0.186298457244594	0.226406832045764	0.201399690404458	0.128558377085637	0.0601366336932611	0.0192782646630113	0.00454737282177209	0.000781679317152045	8.55415433746854e-05	3.75031257953964e-06	
2.00088326268131e-06	5.32328012211026e-05	0.000516219670212559	0.00300445623527026	0.0140094674624562	0.0457779317110586	0.107964551410526	0.187546302758464	0.228718485866216	0.201328441415541	0.128549887500954	0.0586404140563774	0.0186376199364943	0.00443785232635731	0.000723181071545796	8.83509028082451e-05	1.60399123383207e-06	
2.2198641542102e-06	6.16039641021831e-05	0.000506358668279327	0.00311755862817743	0.0137963381640338	0.0462581689599791	0.10951994237517	0.188440432497445	0.228367797667496	0.201004437133911	0.127074330119973	0.0581306695094706	0.0185348705761378	0.00435520123972086	0.000746268026305029	7.76651733460069e-05	6.1374322982782e-06	
1.77899205660371e-06	5.61052010969751e-05	0.000535815464667547	0.00310618844849739	0.0141108966753133	0.0465582443242714	0.110247362341629	0.188750229195526	0.22952300279496	0.200503887612759	0.125959644267502	0.0570981218754556	0.0185146562424546	0.00416737224014831	0.000756052495109733	9.90332905242988e-05	9.42510538129985e-06	2.18343264704511e-06	
1.77998717113209e-06	6.70871969752642e-05	0.000537435819329312	0.00323030759384115	0.0143766474126466	0.047533567611909	0.111223780744538	0.189081428542676	0.229512396192946	0.198510652196514	0.125401939080839	0.0570137710826527	0.0183901739699034	0.00427848215916808	0.000737379508847292	9.45826670104475e-05	6.51294845105475e-06	2.07528458201115e-06	
3.00113147576524e-06	7.13602373126402e-05	0.000476359923369142	0.00324240823340795	0.0145979052889481	0.0484349438279479	0.112714918869467	0.188785825624334	0.229622106817693	0.198740865722894	0.123905233429919	0.0565027915497278	0.0180148602036333	0.00409458197589533	0.000718199734822428	6.106947227962e-05	1.3567956872221e-05	
9.85140320298455e-07	1.10324830345026e-05	5.75436245102509e-05	0.00044616787395749	0.00320570919403948	0.0151361258594373	0.0492113430591339	0.114425033342986	0.190526260407916	0.2283189590339	0.197680787556441	0.12297078272743	0.0552417244110611	0.0177267373856449	0.00423063612064391	0.000734351352847891	7.03177920889275e-05	5.3992220869396e-06	1.03412519810335e-07	
5.40636882032919e-08	7.02016991319745e-06	8.98430370562305e-05	0.000515086382988043	0.00351415595232043	0.015564687140762	0.0500722931529101	0.115259666299562	0.191988485321057	0.229878721144865	0.196232963308656	0.121286748433706	0.0539456644687597	0.0168406658715232	0.00404901342608442	0.000664088610860726	8.93348383871195e-05	1.50837690087184e-06	
7.50661855276509e-06	8.02490067211939e-05	0.000546186514726898	0.00359038257195014	0.0163127669870696	0.0512576121005292	0.1169729285004	0.193130018546673	0.229916370863266	0.195557625635842	0.119582612105572	0.0521553778594693	0.0163265994984336	0.00379179448056439	0.000674565560502814	8.79600333750017e-05	9.44311635211689e-06	
1.18649957839715e-06	9.22833005420005e-06	7.86210673014093e-05	0.000613116258329832	0.00373063717438026	0.0169286020085129	0.0528708005703851	0.11816553777375	0.192995989136378	0.22926809915245	0.194656184546455	0.118999388691741	0.0514756680899317	0.0158204490689433	0.00367610662232821	0.000622177778919496	8.14191615452484e-05	6.78806901654424e-06	
8.91846904328422e-07	1.35919610794797e-05	0.000127777825241769	0.000707331011013988	0.00397340828561127	0.0169861643477799	0.0542791524197695	0.121084535650535	0.19485831779944	0.228733566415156	0.193042488041819	0.116201574755237	0.0500573902143826	0.0155687142998438	0.00374098173382377	0.000551030154147301	6.19552385520402e-05	1.11279996621159e-05	
3.85228962087478e-06	2.52212922962259e-05	0.000101845573799526	0.000678653914179428	0.00413024672309012	0.017747479608836	0.0548204556386788	0.121909730748592	0.197366459033058	0.226971824988647	0.191206020998489	0.115374572179094	0.0502788195989151	0.0153152335799796	0.00343130959700798	0.000552403392006105	8.32457377630033e-05	2.62510594663489e-06	
1.12191385113536e-05	0.000127146685820814	0.000771617355241936	0.00425714245229368	0.0184557651271515	0.0568432765094309	0.124324298889258	0.197636844656413	0.227690980741218	0.188979389909958	0.112808640118208	0.0488358846922775	0.015169545509237	0.00344426753404286	0.000565867462338373	6.52057501991464e-05	1.0273780293568e-05	2.63368810532369e-06	
9.03706876888732e-06	0.000103304009639746	0.000798436085546998	0.00444166999711477	0.0191737470652479	0.0580711725477335	0.128061604527856	0.200648590771995	0.227464449361393	0.185479307192564	0.110131050049374	0.0475666447777366	0.0144527354361021	0.00308846822081455	0.000455301968962484	4.57476621901267e-05	4.52519692408454e-06	4.20806003717873e-06	
1.14509951446067e-05	0.000112569372945853	0.000794147474690262	0.00459306455120548	0.0196657407848486	0.0586055682627267	0.128709963238772	0.202203444096008	0.227744985003982	0.184786111349282	0.108919809224153	0.046117336546411	0.0143279581409413	0.00295296722982264	0.000411352545589574	4.27401868049906e-05	7.90996671282985e-07	
2.20870822151726e-06	0.000128792172015839	0.000775496147669314	0.00494543986559808	0.0207571660807715	0.0602048949907585	0.130058235685505	0.203710775655338	0.228554594250915	0.182429750843786	0.105972533152164	0.045392173559039	0.0136239493870641	0.00296921200527532	0.00042885005412375	4.29684572009591e-05	2.95898455421383e-06	
2.42417255300197e-06	0.000149328503414042	0.000911872751070539	0.00504641998591761	0.020992590230003	0.061905229461315	0.131634202394987	0.205067040176443	0.226867973636424	0.181797397323159	0.104974391035892	0.0440439182030333	0.0132482844207091	0.00284747199372117	0.000448611272788346	5.73808479356995e-05	5.46359063464001e-06	
1.39308903252963e-05	0.000101681353679335	0.000954826575949519	0.00532694665318271	0.0218877705994894	0.0639524685356906	0.135357119892841	0.205741622996504	0.226627281104049	0.179225139884816	0.102296196326785	0.0426639515034849	0.0127414233378731	0.00259355036871095	0.000463187695663454	4.84725826587596e-05	4.42969829636633e-06	
4.51495275315135e-06	0.000138851800168034	0.00100628252013415	0.0056389117880904	0.0229144864940329	0.0665038101061096	0.138144618880635	0.209193906064158	0.225623241030583	0.175569844389904	0.0987421553513366	0.041117802899476	0.0123492145401307	0.00261791400105814	0.000396580789135004	3.35247013235155e-05	4.33969097188766e-06	
6.86866035362986e-07	1.48574407033901e-05	0.00012234669165281	0.00112870053798756	0.0060686437061106	0.0237781582481385	0.068130857585294	0.140653216943813	0.210734842756142	0.225868691561124	0.172553803821439	0.0974444797795925	0.0390523681274473	0.0115312126733716	0.00254800088657498	0.000341430539009166	2.34961019943015e-05	4.20573357037644e-06	
1.77433332358204e-06	1.1223256809884e-05	0.000155553434927226	0.00121697718621534	0.00636295615093782	0.0248140834523336	0.0705964507124692	0.143767506960514	0.211039998237478	0.224021824204114	0.171402354770159	0.0951415085226031	0.0378119475832994	0.0110115392078491	0.00229239077100978	0.000302144757459927	4.36028448378308e-05	6.16361365927973e-06	
1.11521983681096e-05	0.000151672562608768	0.00123789934846512	0.00671309045710649	0.0262025604035108	0.0740476578871152	0.148403177739647	0.211866432052127	0.22132686990822	0.168813662047911	0.09304703068588	0.035977591516079	0.00992637856927474	0.00199556931286483	0.000240199965711987	3.61400511991165e-05	2.91529391032543e-06	
