# <P(U)> as a function of N_tot.
# number_of_species: 1
# species_total_upper_bound: 511
# species_total_lower_bound: 490
# volume: 729
# Bin widths for each
10	10	10	10	10	10	10	10	10	10	10	10	10	10	10	10	10	10	10	10	10	10	
# Bin lower bound for each
-2640	-2650	-2660	-2660	-2680	-2690	-2700	-2710	-2710	-2720	-2730	-2750	-2760	-2770	-2770	-2780	-2790	-2800	-2810	-2820	-2830	-2840	
# Bin upper bound for each
-2480	-2490	-2500	-2510	-2520	-2530	-2540	-2560	-2570	-2570	-2590	-2600	-2600	-2610	-2630	-2640	-2650	-2650	-2660	-2670	-2680	-2690	
# Normalized histogram for each
8.94567818817286e-06	2.86429695978117e-05	0.000374136540812081	0.00299415628822169	0.0146209900245049	0.0485784344393995	0.111993199156654	0.192715401256155	0.227747699004276	0.197232716750248	0.122683480584469	0.0576226410831097	0.0181054506745174	0.00425328499232569	0.000864230910157238	0.000157368338831379	1.92213085326468e-05	
5.71057884589852e-06	7.34742298044072e-05	0.000506912818246566	0.00355125915224506	0.0144607546334881	0.0462862769998535	0.109944516496527	0.192838360242339	0.233664037571764	0.199314227329069	0.121535097450816	0.0552396023893571	0.0175783490357525	0.00413024682577687	0.000689368639392254	0.000177791239415128	4.01436730751282e-06	
7.47014261517064e-06	7.34611005854139e-05	0.000469251807711087	0.00356359629804538	0.0141450392178259	0.0465820898059418	0.111613768707527	0.189250650825604	0.232999977984221	0.20042794332851	0.121055563851016	0.055467063337817	0.0187708897957485	0.00445544675864451	0.000945142176123581	0.000172546199801734	9.8662260955084e-08	
2.67288883808345e-05	0.000377090260710327	0.00305087566528035	0.0137372477426137	0.0469787530553305	0.111267263107522	0.188080120543364	0.227752935414712	0.201568767209874	0.126384732929654	0.0556858565516036	0.0198301174614168	0.00421688839876588	0.000861810526362977	0.000180391978867928	4.2026554057916e-07	
1.73103690255181e-06	2.81991495415698e-05	0.000418520051116961	0.00289968225142457	0.0140878763117176	0.0480169534403842	0.110804649330593	0.187752980922326	0.227393823710588	0.199375316245784	0.127489876714714	0.0575563906908968	0.0186440212791341	0.00443847633796798	0.000829920514973427	0.000247775596640258	1.38064152953527e-05	
2.37182163620607e-06	5.63483069193335e-05	0.000398662517148341	0.00294329030605621	0.0135856399532653	0.0475806507071607	0.111522028819738	0.188331030514398	0.227578517471133	0.19911602628652	0.126431594348328	0.0586770147326613	0.0185971166227505	0.00411017041327939	0.000928799738959276	0.000114984228789564	2.57532112570304e-05	
7.26261151789057e-06	8.0589750974585e-05	0.000364182112311212	0.00303732788837495	0.0146661148951311	0.0498010871652746	0.114821481503769	0.18889413223892	0.224588241473028	0.195125537044184	0.127597298454328	0.0575347028749258	0.0184176603382027	0.00413556654244423	0.000785806153944427	0.000125090772128609	1.79181805402783e-05	
3.47824025418646e-06	7.6855196656504e-05	0.000499377909774058	0.00330733344105675	0.0154508440756929	0.0508833575469869	0.114029098067537	0.188196255003762	0.229377715270863	0.195562249606701	0.123719725848999	0.0563900518655709	0.0178835809613149	0.00386122233209442	0.000677895112579924	8.0959520156444e-05	
0.000100856582273372	0.000597861040381553	0.00384171764385134	0.0166201674438731	0.0533685640103433	0.117503071604506	0.189516865995814	0.228341691377525	0.193369959695426	0.12044344170941	0.0545086003676063	0.0171895952899407	0.00400460776095915	0.000542911496314144	5.00879817763087e-05	
8.87704724635431e-05	0.000759737987617747	0.00422060076156529	0.0174386133840179	0.0519162753840275	0.117822046308643	0.192311171472429	0.226239346479705	0.1922866214989	0.122327580200474	0.0536201551376992	0.016361818067818	0.00387772411423242	0.00061733419230343	0.000112134793861474	6.97442429788994e-08	
6.80963578446661e-05	0.000612979244221727	0.00464542346895674	0.0176949289049799	0.0553414045137761	0.121040736955224	0.192088006987921	0.224264943366249	0.192053335677614	0.118561836288934	0.0523191052740706	0.0163101069208038	0.00427160064991063	0.000646964409857961	8.05309796349321e-05	
2.85938667647643e-06	4.56396791259814e-05	0.000473649805554109	0.00438453103855259	0.0184123505502531	0.0553182057412147	0.120629070041671	0.196889354734088	0.224527647623884	0.191721890471207	0.1172223663657	0.0501332812621062	0.0155192590259959	0.00390071452481545	0.000703257174328946	0.00011592257482604	
2.77356619455485e-08	5.90353564511e-05	0.000539181268221463	0.0042723458947684	0.0190604877343889	0.0600534632619662	0.125349341063077	0.196338434984765	0.222138397347472	0.187533249858236	0.113524685363184	0.0503009111303627	0.0161284677031391	0.00379267148925111	0.000839530751429808	6.94639653426263e-05	3.05092281401034e-07	
5.62530799595342e-06	7.86026492277707e-05	0.000739700426428679	0.00420722024274803	0.0203960569789653	0.0605182353596327	0.131553466580886	0.199734750182967	0.223585063384399	0.183461726852085	0.110620854489248	0.0472351873162761	0.0142456650866445	0.00303580500266913	0.000503795966108181	6.77518713042037e-05	1.0492302414021e-05	
3.90163285670538e-05	0.00059818626002347	0.00434724329100149	0.020468803993052	0.0617253429889038	0.130993394054739	0.200282917839429	0.223906439283717	0.182912106501608	0.108893501455426	0.0467865265681895	0.0153332660072696	0.00334060827582764	0.000340211394589619	3.24357576573288e-05	
4.8883351449213e-05	0.000681297018161195	0.00480530950359143	0.0210260085841931	0.0625943502267973	0.131164887222789	0.199086388829738	0.225918384384077	0.183145811404103	0.107156855916315	0.046350737507341	0.0142776861163082	0.003323127568165	0.000384774895070538	3.54974719010268e-05	
0.000115469504258008	0.000895503452068698	0.00519102769535501	0.021880409139864	0.0627157997045635	0.130886010472738	0.202131980078437	0.225063421597269	0.182480017795494	0.106680058930806	0.04467352199314	0.0138185725934864	0.00305148844438657	0.000318575108553071	9.81434895823145e-05	
3.57557619269789e-05	0.00090018772187261	0.00537761437556423	0.0221275948074609	0.0654238511654455	0.134053023623758	0.204700294159163	0.223923949445695	0.17948400340529	0.10422425332295	0.0444656016927948	0.0120454593425381	0.00262149373666786	0.000496829197720954	0.000107899401479876	1.21888396730324e-05	
6.03252178771107e-05	0.00111007878978023	0.00566093907435943	0.0223946778215912	0.0667049023731548	0.138335063292764	0.207148267914272	0.221518242168869	0.177993109627967	0.0995860906717853	0.0427514978613609	0.0129549799226998	0.00317334620011132	0.000520653463165803	6.76707330853448e-05	2.01548671557999e-05	
0.000115020011088886	0.00115089983111693	0.00581829964597935	0.0236490882904325	0.069420139467956	0.141909111912148	0.20504587568734	0.221252347788774	0.174329571110265	0.100845554518555	0.0418892132683021	0.0114795540839724	0.00260913078080339	0.000417649009725845	5.34026478057172e-05	1.51419457352689e-05	
0.00013185195858021	0.000872147856374461	0.00577839847850345	0.0237269361119541	0.0700108979095463	0.144489824153944	0.208682507329843	0.21949887948751	0.17103807135789	0.101235506990546	0.0407329026780442	0.0107967934451559	0.00255199279640875	0.000353949321354847	9.37973578907009e-05	5.54276645345874e-06	
0.00010093834320925	0.000960773952185324	0.00618374669511327	0.0247920936208855	0.0746197288111735	0.148418661233697	0.20902429701508	0.219701073156552	0.165337721442789	0.0956367341181614	0.0399662766368649	0.0118147214911409	0.00294645260947647	0.000366173295227774	0.000114957557543868	1.56500209000736e-05	
