# <P(U)> as a function of N_tot.
# number_of_species: 1
# species_total_upper_bound: 511
# species_total_lower_bound: 490
# volume: 729
# Bin widths for each
10	10	10	10	10	10	10	10	10	10	10	10	10	10	10	10	10	10	10	10	10	10	
# Bin lower bound for each
-2640	-2650	-2660	-2670	-2680	-2690	-2710	-2720	-2720	-2740	-2750	-2760	-2760	-2770	-2780	-2790	-2800	-2810	-2820	-2840	-2850	-2850	
# Bin upper bound for each
-2480	-2490	-2500	-2500	-2510	-2530	-2530	-2550	-2560	-2570	-2580	-2590	-2590	-2600	-2620	-2630	-2640	-2650	-2660	-2670	-2680	-2690	
# Normalized histogram for each
3.05669811813792e-06	5.35249020344596e-05	0.000456292599151018	0.00298436236386917	0.0138935558300669	0.0462556712307336	0.10877563569888	0.186409275357729	0.226120179386709	0.201560606245266	0.128963968413949	0.0599227803795113	0.0192190325619487	0.00453211844897134	0.000764462157244485	8.18876090382594e-05	3.59011678032794e-06	
1.91242798152022e-06	5.09291867527417e-05	0.000518474661255373	0.00301583352234366	0.0140416270324034	0.045810093191072	0.108331759090291	0.187606474624085	0.228260379429479	0.201375636917003	0.128546167330029	0.0585645018372599	0.0186310853065945	0.00444111298850553	0.000717861629457289	8.46177436857593e-05	1.53308180187531e-06	
2.12068077655527e-06	6.07031813909781e-05	0.000518610916901092	0.00312351467466177	0.01386686520696	0.0464414464680939	0.109832739608878	0.188610608618877	0.227697983362121	0.200743075575066	0.127234983381071	0.0580595856557487	0.0185524623725938	0.0044047323231803	0.0007621549116983	8.25498497356639e-05	5.86321224552536e-06	
2.0977616194703e-06	6.75536642906785e-05	0.000530751953819688	0.00312272690308099	0.0141726966702658	0.0466570650064807	0.11036561574167	0.189121316643695	0.229251452068506	0.200007068726094	0.125948209125251	0.0571170993287831	0.0185619575877269	0.00418448911718844	0.000778240860104807	0.000100575145703634	8.99897988252869e-06	2.08471583825469e-06	
1.69980523130335e-06	6.88016403146593e-05	0.000538313433666491	0.00325813757928492	0.0144640474286914	0.0476584340869385	0.111572168266461	0.1895456834471	0.229616004206744	0.197978853247942	0.125021152587795	0.0567907982727942	0.018411773274025	0.00424199320258071	0.000732853661874613	9.10844941456005e-05	6.21956384172745e-06	1.98180056921542e-06	
2.86472876028002e-06	7.18556418823971e-05	0.000483173814730216	0.00322778486335766	0.0146011102624185	0.0485669416145319	0.113083991133847	0.18940713577322	0.229451029262082	0.198275558520356	0.123395712758604	0.0564112890559326	0.0181148618475424	0.00411902598387257	0.000711519830967436	6.31936204943009e-05	1.29512874007559e-05	
9.41646340176915e-07	1.05453985167879e-05	5.50811084343817e-05	0.000458652000956723	0.00320067151765924	0.0150714684730419	0.0492938332671098	0.114868084048866	0.191116057372972	0.228154360921446	0.197303945830863	0.122566370635168	0.0550646712431563	0.0177735616646743	0.00424427318464067	0.000736851267353355	7.45981595126894e-05	5.93341243630813e-06	9.88468533887369e-08	
5.17158604954837e-08	6.71530448533856e-06	8.68076576346942e-05	0.000518412714571853	0.00348244002825186	0.0155037711140828	0.0501846029962799	0.115461856702048	0.19218519304839	0.229790507711539	0.195994247179394	0.121164161255173	0.0538554982059703	0.0168922695661819	0.00410617985010184	0.000659591842138474	0.000105368479966523	2.32462792927199e-06	
7.36543604781222e-06	8.0176563358855e-05	0.000571290470696276	0.00360455956431602	0.0162971211451522	0.0511311398355233	0.116833019731576	0.193107200255668	0.229916063310841	0.195545570920746	0.119668882284951	0.0522542570015867	0.016365150523406	0.00382288240043762	0.000674010667110372	0.000104586621046107	1.67232675361321e-05	
1.13587791742806e-06	9.8777592139152e-06	8.05340019143381e-05	0.000619287852505062	0.00369475844807849	0.0168193796144413	0.0525823181222684	0.1179748690694	0.193257869639742	0.229303788563162	0.19481426965256	0.119045798466271	0.0515273605597878	0.0158155957990434	0.00372471883795496	0.000633168229142296	8.87710485808572e-05	6.49845801739454e-06	
8.54174973977867e-07	1.36026723333472e-05	0.000124455602289586	0.000696132083071866	0.00390674238706358	0.0169071700619562	0.054049734997088	0.120794377493016	0.195067197496312	0.228842309698672	0.193298580758526	0.116330261567077	0.0500123884869762	0.0155668515336444	0.00375288315796706	0.000553638767818279	7.21611122160521e-05	1.06579489996337e-05	
3.69268363630055e-06	2.41763373251977e-05	9.95745951733178e-05	0.000674733086868352	0.00408504150169803	0.0176718310927225	0.05470291927969	0.121875954481363	0.197345682635762	0.227293428758484	0.191346854137089	0.115383776800003	0.0501640868523487	0.015258529358873	0.00342738068349723	0.000557324159506973	8.24972119854957e-05	2.51634397376713e-06	
1.07579634068577e-05	0.000124162167741526	0.000756315725047129	0.0042349017882207	0.0185109337244748	0.0567263324817817	0.124246816800851	0.197648071722262	0.228212676555914	0.188908318082331	0.112723240316759	0.0487012339514257	0.0151209827592873	0.00343507925554811	0.000561117292407579	6.66825199161362e-05	9.85146518482245e-06	2.52542744110664e-06	
8.6799540252707e-06	0.00010322771628756	0.000803895311491733	0.00445051012225471	0.0192377729729074	0.0578246813722238	0.128014345048502	0.200664643866222	0.227708186099197	0.18584351358068	0.110122435934926	0.0473162749378586	0.014327614362221	0.00307325662086723	0.000448634084960527	4.39398675310519e-05	4.34637627098486e-06	4.04177157354835e-06	
1.09851577214571e-05	0.00010798994330184	0.000792762637130806	0.00456758962791576	0.0197121003894991	0.0585805806810018	0.128544665741089	0.202137669704657	0.228068257181761	0.184972064450505	0.108876103808845	0.0460275933250297	0.0142398350912069	0.00291792904184543	0.000402112925149981	4.10014751703477e-05	7.58818170950296e-07	
2.12136639550876e-06	0.000124255433581033	0.000766905557554419	0.0049370188441078	0.0207470467868016	0.0600771468897329	0.129732869882285	0.203862289116111	0.22875225069326	0.182721502567004	0.106117798939912	0.0452542799850216	0.0135081254287439	0.00292752608094193	0.000424751155441145	4.1269299532174e-05	2.84197357395929e-06	
2.32704967412357e-06	0.00014795190010534	0.000905956782512996	0.00512205086552505	0.0211379853911708	0.0617840067877767	0.131160914175054	0.204926071890757	0.22707571310273	0.181961784094872	0.105201079945895	0.0440251574866833	0.0131891850068573	0.00284256689439338	0.000456780669276094	5.52232612470974e-05	5.24469546944554e-06	
1.33712169393958e-05	9.99949788792351e-05	0.000941396027964097	0.00535490586504872	0.0219267717434455	0.0638197398033596	0.135175734323826	0.205725090947784	0.226687224179364	0.179160005468169	0.102531006929323	0.0427400741280354	0.0127287925723217	0.00257782630326559	0.000465757351837274	4.80564252280317e-05	4.25173520957472e-06	
4.33821471968118e-06	0.000135967591816844	0.00100375128895372	0.00560609190308316	0.0228879860341859	0.0663894793778892	0.137976401388758	0.209099853271323	0.22571903609172	0.17572023676679	0.0989283493670582	0.0411503192053866	0.0123457950034092	0.00260011125434592	0.000395901051646084	3.22123753461379e-05	4.16981356891719e-06	
6.59882313390339e-07	1.42737620404126e-05	0.00012191833341666	0.00115328139513009	0.00611248479291691	0.0236908105583434	0.0682032684524268	0.140921644581747	0.210750921428572	0.225586608790961	0.172545237984539	0.0974488135063473	0.03906109142489	0.0114902439280605	0.00253933120029083	0.000330631495115332	2.47379727254447e-05	4.040510165067e-06	
1.70535415111389e-06	1.07869402751866e-05	0.000163036459001618	0.00125405914876417	0.00634910253692395	0.0248040667608566	0.0704161694368295	0.143781103297916	0.211131421813712	0.223932827659607	0.171434412878333	0.0952183032925314	0.0377926013478613	0.0110393684840914	0.00230518371029863	0.000312941435364374	4.69854471289653e-05	5.9239963540193e-06	
1.07363869213444e-05	0.000147138526998038	0.0012941258543698	0.00678817491112023	0.0262548683261416	0.0739129561527472	0.148225980610978	0.211983569238691	0.221360747533908	0.168607147385428	0.0931682312532673	0.0359616139354475	0.00994453156652579	0.00204385147298239	0.000248850721088968	4.40230345448675e-05	3.45308884017434e-06	
