# <P(U)> as a function of N_tot.
# number_of_species: 1
# species_total_upper_bound: 462
# species_total_lower_bound: 439
# volume: 729
# Bin widths for each
10	10	10	10	10	10	10	10	10	10	10	10	10	10	10	10	10	10	10	10	10	10	10	10	
# Bin lower bound for each
-2260	-2270	-2280	-2290	-2290	-2290	-2300	-2310	-2320	-2320	-2320	-2330	-2340	-2350	-2360	-2370	-2370	-2380	-2390	-2390	-2400	-2410	-2410	-2420	
# Bin upper bound for each
-2070	-2070	-2080	-2100	-2100	-2110	-2120	-2130	-2140	-2150	-2160	-2160	-2170	-2180	-2190	-2200	-2210	-2220	-2230	-2240	-2250	-2260	-2270	-2280	
# Normalized histogram for each
6.74977826220007e-05	0.000323584875491239	0.000607606443939995	0.00156268742800711	0.00377406141110055	0.00940393264328016	0.0182985983086876	0.0402098447917561	0.06692000665877	0.104578839748509	0.145762851975972	0.166585159512808	0.162051432046355	0.132184674438855	0.0841204387962592	0.043023263603742	0.0161344980534979	0.00345793415578665	0.000861797531679402	7.12897928816636e-05	
3.4544661065058e-06	0.000244755320805392	0.000564869180008263	0.00147019518629104	0.00251574692786013	0.00673083529374285	0.0142355989385321	0.0318856177653724	0.0616310018629808	0.0943673138928775	0.137599445443041	0.170405230624635	0.1685518455869	0.146032181038589	0.0931805128705091	0.0470219367553786	0.018351275446461	0.00421278538847838	0.000859138515006904	0.000130629996101571	5.62950032171315e-06	
2.65381747220347e-05	9.88231077744341e-05	0.00031428781206524	0.000949813910527681	0.00257458206481911	0.00517064741393702	0.0108431190746416	0.0254268570624844	0.050903125678856	0.0875637184734383	0.126925391965681	0.169231033640422	0.177867187556275	0.151830837081008	0.107492623967081	0.0544328292891472	0.0214053126140115	0.00566691128123907	0.00100668142778918	0.000262854302008725	6.82410207138036e-06	
6.60035761245264e-06	2.66552903579818e-05	0.000426611575681795	0.00073098960557913	0.0019500248846175	0.00351113638991663	0.00866208085666549	0.0194709280267812	0.0423589373475016	0.0782794797039638	0.118866855682292	0.163059677006423	0.184049702723701	0.16237577841381	0.117361339496883	0.0643319086292187	0.0251141068554741	0.0076216360230256	0.00155133789883454	0.000244213231660748	
1.02383824063637e-05	6.72446844467342e-05	0.000430770459764042	0.00118702036022421	0.0026397330638827	0.00663333420127851	0.0157615473153571	0.0351970307174224	0.0684452295837175	0.110361293555153	0.154739625295428	0.185794155931322	0.17191798777613	0.129810680933326	0.074477280018242	0.0302944887419505	0.00988964540563333	0.00205273247258452	0.000286548307595388	3.41279413545456e-06	
3.21544498806957e-05	0.000275322477103457	0.00107642045108423	0.00206969150443009	0.0050365675225235	0.0129304849682343	0.0291792840434924	0.0612690482144672	0.102815737543322	0.147588548142434	0.183125746633234	0.1825325221536	0.139406496680995	0.0818492777746307	0.0360370997037897	0.0119963730785361	0.00229665670339266	0.000461717803755615	2.08501510945136e-05	
2.71323038968771e-05	0.000161914535754975	0.000794499176609944	0.00163622866000334	0.00414182155736912	0.0103728305147978	0.0261821708104143	0.050999435999794	0.0929787626915748	0.142291850636667	0.181572392378335	0.186023471955121	0.150678747241235	0.0928569185490749	0.0408939089233877	0.0141554002705694	0.00368609934191602	0.000512247848571597	3.41666049071786e-05	
1.95856793005941e-05	0.000191241059667585	0.000480909514036882	0.00119559968418404	0.00322739559990873	0.00920102778658995	0.0214639085206562	0.0437204756800129	0.0855562351633801	0.134529914380642	0.180419285731483	0.189824029532709	0.155777881430792	0.0994073024144901	0.0496980998522841	0.0187023277392724	0.00580185205676454	0.000752115035052752	3.08131387722723e-05	
1.85426491437808e-06	7.60248614895013e-05	0.000374561512704372	0.000854692507867337	0.00307894508149432	0.0084582912157661	0.0175899278307734	0.0388498167800838	0.0745445399995228	0.125375504097369	0.175130623691893	0.196348977107122	0.166164016654266	0.109666295360419	0.0553238479853844	0.0204246044142136	0.00639610139565575	0.00128500558566401	5.63696533970937e-05	
2.12488084392898e-05	0.000115210302404935	0.000759798433557494	0.00250330615492003	0.0072166112130085	0.0154001046227458	0.0348147601347297	0.0662500999492362	0.119967456160208	0.166493011905597	0.199060802666983	0.173273961132859	0.120738431712655	0.0599205343694564	0.024079567330043	0.00800760731907223	0.00128819365844665	8.92941256379402e-05	
0.000109878612855235	0.000768172504777703	0.00207058240309293	0.0052263841649641	0.0128137529400779	0.0305618989370986	0.0606818389597539	0.108874182999346	0.159775847629775	0.201746422161697	0.183022813195603	0.132791786995359	0.0653899969639769	0.0256673506274203	0.00843694189853621	0.00173324650600678	0.000328902499658997	
0.000150977113500443	0.000513841092510917	0.00151755473414561	0.00435906261744895	0.0116653912271672	0.0273993809197051	0.0578058256409547	0.100313048944507	0.156939597540976	0.197215028227284	0.192822236680223	0.135068795896981	0.0727272322929915	0.0286429035444039	0.00994225063634012	0.00228034744998173	0.000581422500927237	5.51029399518801e-05	
3.58018173789896e-05	0.000403908475791143	0.00115636179225128	0.00355865143535145	0.00906364222099711	0.0237676085579385	0.0516839218713302	0.0957085923992619	0.151043807522048	0.194009187164642	0.196216104690912	0.146319936112826	0.0798336236643369	0.032664175631167	0.0112132276273397	0.00269547084864702	0.000594482410911607	3.14957568694891e-05	
2.10491745646206e-05	0.000193997070841182	0.00066692647831061	0.00258892537686024	0.00725248694151062	0.0187128392825358	0.0489357611196881	0.0922846281694087	0.145596401895952	0.19259403872605	0.19885549113879	0.152955858034519	0.0874162372101646	0.0373647467439635	0.0111552008571322	0.00254042610914994	0.000763801919143104	0.000101183751415895	
1.81774728896411e-05	0.000170673050822872	0.000473712263291789	0.00161511116500644	0.00574017754633151	0.0151008441057226	0.0403338603987162	0.0892642015166844	0.144692806198006	0.189091344729186	0.199609025737472	0.159441690509859	0.095900931064801	0.0408696688613424	0.0140382549186839	0.00302099839708848	0.00051653302157544	0.000101989042521745	
2.05948669838115e-06	0.00014416406888668	0.000365861754653592	0.00150439446002924	0.00394088837049051	0.0136777780416074	0.0328445727195062	0.0801749691440434	0.137252794965742	0.184974251570419	0.207868353733559	0.170608847264105	0.1030243683312	0.0450020861388792	0.0144443916785107	0.00351966276753338	0.000570841254280704	7.97142498549879e-05	
0.000108642177258211	0.000285401275178317	0.00111191942642843	0.00391555275587758	0.0117207910825713	0.0279747447586308	0.0684114370403801	0.131612237592805	0.18531928851938	0.202990640759736	0.183918026151478	0.111382497572796	0.0503555259821093	0.0165536434915576	0.00358260513101483	0.00068449498755542	7.25512952438623e-05	
1.42423490283614e-05	0.000315035891328199	0.000919909671857496	0.00290726514396885	0.0102106686880252	0.0270823744600841	0.060660233912932	0.123117073204578	0.185445000978096	0.208865630984145	0.182859588576273	0.119905240904465	0.0562423059361259	0.0172573447611345	0.00368523824345823	0.000421427455864847	9.14188386350376e-05	
1.48585709640437e-05	0.000204090454068105	0.000538346901705518	0.00304711223059323	0.0093132540417769	0.0276844648605849	0.0553257047874561	0.11069917803859	0.179055235570977	0.211419413496593	0.19052126322904	0.126261259358444	0.0612570989585738	0.0198153165587844	0.00398197422025658	0.000746366895202131	0.000115061826390983	
0.00012916339888221	0.000586498424838109	0.00188420049280233	0.00743265391899461	0.0255046319877182	0.0556047812996166	0.101332091977715	0.171149181496619	0.210999495606401	0.199117329777687	0.130497385586677	0.0683862612248628	0.0221364765487936	0.00445545615051214	0.000735971313093936	4.8420794787099e-05	
9.40945936288192e-05	0.000339902809310938	0.00169345539335126	0.00635898929794552	0.0215649723787237	0.0516307297857982	0.0961965753524591	0.162824326506509	0.209077568813318	0.210374244244836	0.137800481378544	0.0710686203061821	0.0250781257148283	0.00503115507852385	0.000789479606202379	7.72787398397004e-05	
9.80533713391373e-05	0.000313069512577067	0.00110889221354797	0.00552818145308584	0.0191755076453453	0.0497417364362947	0.0962577298428003	0.154960642779296	0.206083391449471	0.208286649451183	0.152837280117193	0.0705030037767454	0.0276667041932656	0.0062100468514787	0.00118127388485579	4.78370215217758e-05	
0.000188244275301731	0.000514600533735186	0.00422041927968831	0.0157214371885811	0.0436533138561933	0.0900271731914341	0.151412303606125	0.208971992676714	0.207179887321469	0.160234966578886	0.0783841965146144	0.0305066165939376	0.00745134623817951	0.00148287349364251	5.06286514984219e-05	
8.45083123147538e-05	0.000763106443584011	0.00250824528676286	0.0137766632164129	0.0401723101582849	0.0869381975401692	0.150559093010017	0.202735441243094	0.211190250754607	0.16475962388135	0.0834175402607968	0.0322390169935246	0.00887554276397877	0.00184423418229829	0.000136225952804097	
