# <P(U)> as a function of N_tot.
# number_of_species: 1
# species_total_upper_bound: 462
# species_total_lower_bound: 439
# volume: 729
# Bin widths for each
10	10	10	10	10	10	10	10	10	10	10	10	10	10	10	10	10	10	10	10	10	10	10	10	
# Bin lower bound for each
-2260	-2270	-2280	-2290	-2290	-2290	-2300	-2300	-2310	-2310	-2320	-2330	-2330	-2340	-2340	-2350	-2360	-2370	-2380	-2390	-2400	-2410	-2410	-2420	
# Bin upper bound for each
-2070	-2070	-2080	-2100	-2100	-2110	-2120	-2130	-2140	-2150	-2160	-2170	-2180	-2190	-2190	-2200	-2210	-2220	-2240	-2250	-2260	-2270	-2280	-2280	
# Normalized histogram for each
0.000176032393227777	0.000940609284463038	0.00181382797755117	0.00380899791007481	0.00677949349231523	0.0163542670292961	0.0211720816708619	0.039390004872544	0.0676307469368934	0.0965041437045139	0.130452256216578	0.160144142348534	0.161630819637047	0.139752157826314	0.0851269781691242	0.0453579522735748	0.0178323673334523	0.00366196389252957	0.00124080373695124	0.000230353294154213	
1.12389249760132e-05	0.000671421703196642	0.00153598641338847	0.00363683287094176	0.00482482886655442	0.0112905407796068	0.0206550628235093	0.0323706014698016	0.058931094983485	0.0915031645898937	0.129040341496817	0.157700432698612	0.167966982535959	0.150134971163832	0.0923215248307397	0.0498962480722122	0.0211429154187644	0.00503753592813748	0.000893286407352754	0.000416672737073675	1.83152851460956e-05	
8.93222483005379e-05	0.000305822364419461	0.00094936789622286	0.00217180666582165	0.00511221001106745	0.00778251989121401	0.0155616370301118	0.0299914335710439	0.0502777921922147	0.0863576003450391	0.122760669967904	0.158808577317763	0.176570093720306	0.148362127706996	0.10904162331702	0.0549131915349731	0.0229154101294832	0.0065468954563899	0.00117480023717184	0.000284129818403616	2.2968578134424e-05	
2.20475939715094e-05	8.90383602695573e-05	0.00136186291993247	0.00156113925005957	0.00359630177050659	0.00472751293812173	0.0117679032822932	0.0253004620666906	0.0411272426007003	0.0741078992289278	0.120838622635926	0.162806641752885	0.177065923153959	0.15883722685363	0.113713857845594	0.0649954590436262	0.0266699568460747	0.00848917166341465	0.00265927902671744	0.000262451166699314	
3.43695833430572e-05	0.000223614449651743	0.00103066318444798	0.00201847046867807	0.00423976391066454	0.00898828251797508	0.0202373198514046	0.0374119279426834	0.0665496969324086	0.10782756652742	0.158830330945142	0.182609415144257	0.165022796368705	0.128002087633951	0.0712383870057516	0.031292869160088	0.0109740806666851	0.00285904015512987	0.000597861023831699	1.14565277810191e-05	
7.97681406046425e-05	0.000743644923701345	0.00187926877489002	0.00368520232374029	0.00607267134925666	0.0159656362281163	0.0308192359584485	0.0627363560026384	0.101783289689582	0.156713518298211	0.179490324467633	0.177911687233409	0.135670597034512	0.0758213330885967	0.0336510049499133	0.0128997091464895	0.00352781034738596	0.000533931908885914	1.50101339847446e-05	
8.63568246810383e-05	0.000430065579630444	0.00148353291355037	0.00271916588759349	0.00552125151231852	0.0121458081280246	0.0260423827265728	0.0514819862241531	0.0886214357402112	0.153249422569292	0.187494414732732	0.179071831692697	0.146954826358337	0.0873256537340519	0.0374161350637923	0.0143597221458425	0.00465854253739551	0.000826619555653322	0.000110846073471183	
0.000290667815699557	0.000726243340105638	0.00197628542727103	0.00451131793134869	0.0105428882066861	0.0244203585101953	0.0435183421194287	0.0832426594656059	0.133894296645685	0.185401315506276	0.18863915039758	0.152144143959842	0.096538794137716	0.0468793485631335	0.0189138655793474	0.00724581163446945	0.00106294066327668	5.15700963337924e-05	
0.000114322023302853	0.000634979627558544	0.00116462885162457	0.00321129278940599	0.0105878464128575	0.0179815269311858	0.0393280605332973	0.0733086763136757	0.1240804998313	0.181670968371763	0.19789399137147	0.164464861606126	0.104724539586248	0.0529490800288417	0.0195199502634973	0.0062830013855658	0.00193790815531353	0.000143865916965388	
5.61253962237106e-05	0.000745172568324035	0.0029694651940514	0.00833418960540393	0.0149910933313531	0.0327664380492194	0.0640515973719499	0.12154040899008	0.17311964811967	0.200170793898047	0.17285110968543	0.119358858012246	0.056417680017891	0.023529924766065	0.00721297688238103	0.00178694626899953	9.75718426658354e-05	
7.68570086210116e-05	0.000854111502584914	0.00251804402821043	0.00679772016927648	0.0157860821944456	0.0285226346061491	0.056837277646595	0.10745261135799	0.16029940364172	0.201352770195807	0.18489798860432	0.1333347517866	0.0649233297061457	0.0250493057250221	0.00876777806822297	0.002222339944194	0.000306993814096357	
7.10049823308539e-05	0.000492153283780731	0.00166417927337939	0.00524327416399399	0.0152301249288286	0.0282169361971418	0.0554828494121897	0.0932095716491307	0.160251144622504	0.200910816410849	0.189867766533843	0.138323918516457	0.071564590347849	0.0263153340140936	0.0101474995373582	0.00286327591249168	0.000145560213778251	
0.000350151471775067	0.00117059567286027	0.00421610955810795	0.0110596950198546	0.0266499213275743	0.0473329757381653	0.0929558366990006	0.150727256567685	0.201029373867535	0.195055361002148	0.150504392301848	0.0786661730007311	0.026801326109375	0.0103549258585522	0.00256628872043308	0.000559617084354795	
2.56097939040603e-05	0.000468165004351418	0.00235879680695292	0.00724532520169959	0.0220967591929051	0.0501686876687944	0.0879970490328708	0.142020684626171	0.200615443784031	0.198226544236875	0.158204277195018	0.0842157854276678	0.0337635928474092	0.0089966756690334	0.00248594718721343	0.00111065632510241	
0.000156131578408323	0.000987771210338369	0.0056234679873365	0.0186383778702833	0.0454333789286096	0.090689232155822	0.138837843927597	0.185297230371461	0.20202834493699	0.162190667155242	0.0994630985518	0.0380665175147312	0.00988180885033901	0.00175158692045255	0.000930871947070029	2.36700935196291e-05	
0.000185052812621328	0.000519327133459363	0.0041695845745781	0.0146758672989909	0.0381580713868438	0.085157857306139	0.135762091024213	0.177338650275584	0.207317205920239	0.176018334742396	0.102958758622191	0.0438284886990787	0.0110079209860775	0.00199158553975551	0.000868115400385345	4.30882774485934e-05	
0.000181703608419894	0.000459138529715743	0.00350209307686016	0.0147509870548959	0.0314212475184213	0.078319367095196	0.132320657144344	0.187311790380025	0.201726323694522	0.186561740190793	0.104310418541018	0.044352874913563	0.0118507000468433	0.00204614063394577	0.000854146374106818	3.06711973291893e-05	
0.000186942824496381	0.00052736615406855	0.00228480717003811	0.0110746892354395	0.0315107969519842	0.0702115309368066	0.135580395007065	0.185528929959796	0.203490610696253	0.173702453948041	0.121009562638562	0.0474870467361523	0.0137101815130055	0.00296922314325397	0.000447056587459126	0.000278406497579336	
5.01177537314737e-05	0.000527385903944957	0.00178676688991291	0.00937339933550296	0.0298513295918208	0.0664657971619557	0.119940061005721	0.185610411250654	0.203324048521342	0.181616164217027	0.127454965290007	0.0538168117935811	0.0170933725937731	0.00260980156128298	0.00047956712974245	
0.000188421762527016	0.000192619277038756	0.00147565954612742	0.0062990701106185	0.0288695720307482	0.0648058929372621	0.111837177479309	0.17680024401551	0.209281077697859	0.194574852410726	0.124023494887894	0.0586318154809932	0.019066510083829	0.00330577587324626	0.000647816406311942	
0.000199716696410697	0.000626664503464444	0.00146348220528979	0.00605269674466529	0.0218312645340149	0.0585335955741642	0.111439544664908	0.175242150564567	0.205433053160695	0.198615171068499	0.129711013260999	0.0653329765947212	0.0207828704744718	0.00409869894771597	0.000637101005414647	
0.000258915940828806	0.00070756792474041	0.00141259247088722	0.00660311950471263	0.0205352387647522	0.0586701487215199	0.108758938068223	0.166165027628722	0.208821556049197	0.196368157103478	0.137015874243154	0.0646247066848637	0.025122476396175	0.00419352262513295	0.000742157873613414	
7.68258741562249e-05	0.000329752615696524	0.00456215986466673	0.0156829545834366	0.0430848481915738	0.101102850389592	0.16098512720918	0.213890217821308	0.2056898040591	0.149434307142861	0.0747515755540068	0.0245648238267966	0.00490737742905704	0.000937375438568485	
0.000196579615246936	0.000541976535130939	0.000978875986920166	0.0120622458542314	0.0436829065226222	0.0853100226443628	0.166946872222245	0.212073708808778	0.209881670132367	0.156813218194323	0.0795644680585777	0.0254110575279435	0.00474908195811396	0.0015555430423888	0.000231772896748945	
