# <P(U)> as a function of N_tot.
# number_of_species: 1
# species_total_upper_bound: 462
# species_total_lower_bound: 439
# volume: 729
# Bin widths for each
10	10	10	10	10	10	10	10	10	10	10	10	10	10	10	10	10	10	10	10	10	10	10	10	
# Bin lower bound for each
-2260	-2270	-2280	-2290	-2290	-2290	-2300	-2310	-2320	-2320	-2320	-2330	-2340	-2350	-2360	-2370	-2370	-2380	-2390	-2390	-2400	-2410	-2410	-2420	
# Bin upper bound for each
-2070	-2070	-2080	-2100	-2100	-2110	-2120	-2130	-2140	-2150	-2160	-2160	-2170	-2180	-2190	-2200	-2210	-2220	-2230	-2240	-2250	-2260	-2270	-2280	
# Normalized histogram for each
6.11845395605598e-05	0.000293319140964481	0.0005718577470913	0.00154565437953549	0.00362191850196415	0.00931563259256883	0.0180010873432218	0.0391532930516018	0.0644414132253705	0.102973809236001	0.143589000303058	0.165869911815204	0.164870908069084	0.134188580146304	0.0857436012601265	0.0445478445339806	0.0168852142518729	0.00347250906453537	0.000788638924710362	6.46218732437373e-05	
3.13895636676264e-06	0.000222400871467294	0.000514207555933005	0.00142496993286702	0.00256336477521294	0.00648147986679199	0.0140519450775642	0.0317275246364478	0.0604357220209996	0.0919428221659148	0.136828503118902	0.168741574953918	0.169136734683201	0.14722798181963	0.0951506030574598	0.048734506489211	0.0194894313082996	0.00439907296155302	0.000800201358238046	0.000118699053720913	5.11533630139096e-06	
2.40335645896326e-05	8.94964167099652e-05	0.000284626072068649	0.000889356335362071	0.00240381424114592	0.00496625000858342	0.0105451270231111	0.0251581065213361	0.0506922811057271	0.0857680097232936	0.12658913362433	0.167007752541263	0.177330740760239	0.152968259672365	0.109459038794751	0.0564873457560158	0.0221550554030887	0.00596467294896415	0.000972672692606131	0.000238046734983028	6.18005946590553e-06	
5.97855423612185e-06	2.41441613381844e-05	0.000386421553607799	0.000681440210721042	0.00187646122476432	0.00341490419079406	0.00843217588906563	0.0190551469890794	0.0428368009906005	0.0773950289471249	0.119029105786493	0.161687010038797	0.183560355517027	0.162003988385509	0.117516991453542	0.0666285725454442	0.0257869990589526	0.00788502320426363	0.00154867549154926	0.00024477580709045	
9.26654495841609e-06	6.086175207256e-05	0.000405554344167717	0.00116483902180979	0.00263227077713822	0.00651746995408599	0.0153798333898097	0.0347241463967669	0.0681498324814595	0.109992172629555	0.154298727325851	0.184244997381343	0.172896683057392	0.130300091910398	0.076063690679526	0.030602821926064	0.0102457098756887	0.00204859284654762	0.000259348857046041	3.08884831947203e-06	
2.91311464869943e-05	0.000249435441794888	0.0010338143196654	0.00220395330140666	0.00499326057753636	0.0125881828821514	0.0280506768155333	0.0609819586030477	0.10204868201476	0.148616071403171	0.181967592737469	0.182475567104336	0.139945344962275	0.0829346671453582	0.036843617519426	0.0123237266929492	0.00227712254824704	0.000418305056586683	1.88897278001603e-05	
2.45910401861997e-05	0.000146749309259312	0.000727484938841741	0.00171340349445512	0.00421178486892805	0.010292374944599	0.0255002255886395	0.0508623542710481	0.0927928101263171	0.14284832781496	0.181337631907876	0.185688652157118	0.14984732493314	0.0934592728543264	0.0416439019286548	0.01466514004882	0.00370630237621172	0.000500700901569011	3.09664950492885e-05	
1.7777898561802e-05	0.000173589289778614	0.000453279795814607	0.00117877658616789	0.0034182256298415	0.00932841440394782	0.0213671090759003	0.0427396534328896	0.084919246443571	0.134342597090539	0.181112964390982	0.18916261568373	0.156570065868813	0.0996168126832284	0.0502247149025216	0.0189382178392719	0.00572527598205904	0.000682693951777733	2.79690506035993e-05	
1.68729800933706e-06	6.91792183828194e-05	0.000340834197886086	0.000893705512278861	0.00313747440509528	0.00878328603087103	0.0183052711302298	0.0388377756327846	0.0742060166122363	0.124649365412843	0.175956835767298	0.195012842025149	0.166774897460088	0.108687863704116	0.0553097412326027	0.0211983122970391	0.00660982122177699	0.00117379698182881	5.12938594838465e-05	
1.93529903782078e-05	0.000104931242628664	0.000785753782754517	0.00255045565105641	0.00749352262124061	0.0157645208675017	0.0354603835896933	0.0657590002312291	0.118545456091253	0.167346202736334	0.197791253276165	0.173650691052777	0.120020981773846	0.0607335991516902	0.0243160815407486	0.00828184934491246	0.00129463674940462	8.1327306387035e-05	
0.000100025323430047	0.000743792310489285	0.00217151750543297	0.0053269326027368	0.0132832294360619	0.0311899875875138	0.0613629212468029	0.108655316963449	0.160020378907942	0.199326770603993	0.182282410986363	0.132800028127254	0.0655396182615309	0.0262114190422403	0.00889958347630613	0.00178432270505859	0.000301744913395204	
0.000208269779460585	0.000530039298724137	0.00152147971360382	0.00439430168500009	0.0121813707897429	0.027681936045364	0.0583784565829849	0.0999624284458162	0.157328696143701	0.196679908302977	0.191574887397491	0.134192469539003	0.0730829535054821	0.0292814748685556	0.0101590117896172	0.00217432752525706	0.000559087157033395	0.000108901430186445	
7.20106871016e-05	0.000466951287789257	0.0011326028721306	0.00357962441953963	0.00951782247733089	0.0242892942136394	0.0520404686643371	0.0955155791878827	0.149951409558882	0.193891458649149	0.195141246614575	0.145981429069976	0.0800461405123068	0.0335359584359681	0.0113526413665392	0.00287315932465157	0.000562555538521972	4.96471196787429e-05	
1.91147757328197e-05	0.0002689482480302	0.000705905314343605	0.00270256101106656	0.00740065989571381	0.0191653013388503	0.0490410251153621	0.0916206971214601	0.144888435102374	0.191786705036319	0.197978103856725	0.152249300494223	0.0890361782342173	0.0383064576978276	0.0112563672603463	0.00266198403100215	0.000799243546723163	0.000113011919683513	
1.65616557654292e-05	0.00016128162762173	0.000472618525601374	0.00162559876221075	0.00593107350096174	0.0157229023801545	0.0409394126836718	0.0892230860589206	0.143857209627768	0.189895611550254	0.19822479057564	0.158815941649619	0.0957312610144737	0.0412554179678404	0.0141238689583997	0.0033016605560826	0.000597219976024502	0.000104482928989956	
1.87826355197536e-06	0.000131478448638275	0.000377530973947048	0.00156647180234745	0.00401970497340986	0.0140380313013726	0.0331896903660437	0.0797533906247911	0.137490770268149	0.18619668535097	0.206173565031506	0.16915973007364	0.103010270897533	0.0457695262345357	0.0148299956037584	0.00362758983541218	0.000590990102324484	7.26998480705759e-05	
9.89297971950374e-05	0.000270430545393691	0.00117448288710798	0.0040010485212519	0.0119403329941081	0.0284706945152176	0.0690897886615012	0.132727894938799	0.185963342360023	0.202126026018088	0.181862018057941	0.110525334047901	0.05067953666308	0.0165769101218306	0.00359758992656874	0.000829574580560654	6.60653634329672e-05	
1.2965556279435e-05	0.000286793672232289	0.000870908605128886	0.00294207310822837	0.0104096794415812	0.0271607348877299	0.0611412415617223	0.12486528842434	0.185888399362183	0.208865359790308	0.182094699758165	0.117897687133148	0.0557571003874263	0.0174924193052035	0.00373673980976537	0.000494685839584597	8.32233569731255e-05	
1.35498168535086e-05	0.000186114013310175	0.000507502231240503	0.00285509198757896	0.0091630356516958	0.0274660386718492	0.0557971379651311	0.112535036354942	0.181767433631093	0.212233356961526	0.188639766360844	0.123132560881791	0.0605513319693931	0.0200180066987607	0.00419338836126723	0.000835721348576317	0.000104927094146591	
0.000117611027967745	0.000545656533399728	0.0018116383272577	0.00759205684660816	0.0252475807986634	0.0554277207501486	0.10273227445069	0.173525881642937	0.21235466073447	0.19679256797534	0.128640078229939	0.0674697143145814	0.0222713339413474	0.00457499005436945	0.000852144332073102	4.40900402065083e-05	
8.57406726598007e-05	0.000309725504785535	0.00173745980694716	0.0062672938993089	0.0215877212145972	0.0517080477141773	0.0967572787465322	0.165636783356981	0.210663931377717	0.206443710121715	0.136257589767724	0.0711690397078463	0.0255346088676136	0.00493408840708364	0.000836563067672826	7.04177666391267e-05	
8.90950908604936e-05	0.000284467084484335	0.00106060707779139	0.0054458378653681	0.0189064789426654	0.0496142455654142	0.0967590892638367	0.158131269725659	0.207562318488665	0.206008331699544	0.149289350018883	0.0712330612652208	0.0279453636587383	0.00649324567043942	0.00113377201192076	4.34665705092063e-05	
0.000171432478261582	0.000479717119459733	0.00410646894862846	0.0153680119652411	0.0435597835453073	0.0908029357105605	0.154627123059024	0.210103780498623	0.206443804444927	0.156089666983653	0.0784870320992342	0.0308553599206235	0.00746527983781154	0.00139349630154487	4.61070871000168e-05	
7.6818491493037e-05	0.000693667690657524	0.00237359276139683	0.0137733034811488	0.0399944901087699	0.0882139284308086	0.153175852868809	0.202496502347786	0.211485471278158	0.161612298498029	0.0824601028754115	0.0330657032612354	0.00872355611097675	0.00173088170204354	0.000123830093276935	
