# <P(U)> as a function of N_tot.
# number_of_species: 1
# species_total_upper_bound: 462
# species_total_lower_bound: 439
# volume: 729
# Bin widths for each
10	10	10	10	10	10	10	10	10	10	10	10	10	10	10	10	10	10	10	10	10	10	10	10	
# Bin lower bound for each
-2260	-2270	-2280	-2290	-2290	-2290	-2300	-2300	-2310	-2310	-2320	-2330	-2330	-2340	-2340	-2350	-2360	-2370	-2380	-2390	-2400	-2410	-2410	-2420	
# Bin upper bound for each
-2070	-2070	-2080	-2100	-2100	-2110	-2120	-2130	-2140	-2150	-2160	-2170	-2170	-2180	-2190	-2200	-2210	-2220	-2240	-2250	-2260	-2270	-2280	-2280	
# Normalized histogram for each
0.000145816734415625	0.000779155311738247	0.00150248751169325	0.00315518994236687	0.0061358057897025	0.0151432877782909	0.0191933391186376	0.0381312452106308	0.0638210412532796	0.0951032981309407	0.132841413305862	0.161927961120048	0.159415244446023	0.139396738238662	0.0877711861396288	0.0496703898990617	0.0206904134800974	0.0039573511425976	0.00102782190059088	0.000190813545731816	
9.35345781746415e-06	0.000558782498502581	0.0012783059017201	0.00302670966485868	0.0041217570782292	0.0102787572926659	0.0191939882901637	0.0315440168528524	0.057421223965776	0.0897443492123869	0.127916156989822	0.159922650368093	0.16523610725714	0.151315737054208	0.0957783687777421	0.0521112313203653	0.0233916123040234	0.00601288767917501	0.000775990574485915	0.000346770787973393	1.52426719988305e-05	
7.38542307396079e-05	0.000252862818579896	0.000784964966718118	0.00179571286741161	0.00443617745975912	0.00709844663451546	0.0146927716754254	0.0283273177303962	0.0495364943647464	0.0842740076365275	0.120325422841847	0.159096783859263	0.173357332441456	0.150630627208813	0.112339318691205	0.0581595033338151	0.0258764123302803	0.00725424389269473	0.00136313808736533	0.000305615840536758	1.89910879044706e-05	
1.83286330963653e-05	7.40194798122443e-05	0.00113214556741395	0.00129780821270802	0.00309366178243842	0.00440662636482228	0.0114039345230731	0.0235593430030972	0.0400981145828597	0.0713509013281562	0.116630731971586	0.160192605735946	0.177940714626355	0.161758293970831	0.11774313901105	0.0669238314879572	0.0290286776137953	0.0100959045726767	0.0029428030331068	0.000308414499217685	
2.86746573378448e-05	0.000186562276753632	0.000859885712020062	0.00170879717246638	0.003889841170719	0.00815103685436885	0.0192438811467314	0.0371666040072303	0.0643997402996466	0.104624266406683	0.156075097865543	0.182584641570323	0.166216722352143	0.130739799079154	0.074509504055871	0.0339348639228206	0.0119831747022969	0.00318678105376888	0.000500567475008797	9.55821911261494e-06	
6.60957087183438e-05	0.00061618257482585	0.00160513073269225	0.00342738231499154	0.00561529241487779	0.014551716516216	0.0303382856549925	0.061212799398458	0.0988926836670041	0.151456184408449	0.179475789959209	0.178775033305485	0.137242408854551	0.0803727371547787	0.0372516835749676	0.0147169557880119	0.00381009778966711	0.000561102817560564	1.24373645437744e-05	
7.17998947649304e-05	0.000357570620197489	0.00131847468446447	0.00249406400621266	0.00525675249433192	0.0111407717309883	0.0259876325574301	0.0503202954011989	0.0871529269887946	0.146735766028076	0.182176694182815	0.18198808550403	0.149978192121515	0.0922725095349189	0.039986111542744	0.0163982386521338	0.00536677422362345	0.000900892211926141	9.64476198334885e-05	
0.000240639748887835	0.000601246528013007	0.00180797371451799	0.00422107524332137	0.00994491396246867	0.0240301018449518	0.0419037779734887	0.0816668501456541	0.129139215387395	0.178042011042612	0.190999508840864	0.157572107242057	0.100000282275365	0.0506056217961746	0.0198584247905517	0.00809001196847549	0.00123354334620509	4.26941489962288e-05	
9.52443463384078e-05	0.000552916617320345	0.00103734291817262	0.00302677257933105	0.0098412023475056	0.0183350717507409	0.0386313922511768	0.0706431240716352	0.119360428863532	0.172926634029128	0.197531066779485	0.168366677178028	0.112080122255215	0.0563425600253414	0.0214752814167222	0.0073548611715554	0.00227944334495291	0.00011985805381912	
4.66972809250947e-05	0.000923887742610335	0.00293294845194922	0.00789399573546062	0.015194217583466	0.0345024656164328	0.0625219118010495	0.114837234831286	0.165188398383843	0.19893221279017	0.175646434051945	0.124765795175668	0.060722270436167	0.0259072922473893	0.00794895484301093	0.00192823849235314	0.000107044536274448	
6.3087839658513e-05	0.00108603755615531	0.00265325355038402	0.00640680179582922	0.0150459151158464	0.0304108337147118	0.054415222062067	0.102665657261232	0.156388695229419	0.197883741586506	0.187222609541162	0.136788337090089	0.0697263199615628	0.0273148960013002	0.00926892243118435	0.00238201148269967	0.000277657780191987	
5.86476296460835e-05	0.00043729138854861	0.00218242491820488	0.00501034031020198	0.0143844308137579	0.0281772536634608	0.055610415525787	0.0904122855054583	0.154947037524953	0.197724618588806	0.191385542919435	0.140440179784309	0.0759406163426019	0.0288777262900463	0.010910291852598	0.00316953783468553	0.000331359107500372	
0.000369417101593001	0.00130981817568788	0.00398149542828013	0.0106104800846434	0.0252570618953223	0.0478816604565746	0.0920182084516623	0.146629270514835	0.196153884211927	0.194214444428563	0.152486803783447	0.0824745668419565	0.0312362682569193	0.0116175814687482	0.00283183129365984	0.000888360172878408	3.88474333024386e-05	
2.09697671141811e-05	0.000505113863995977	0.00241630579659547	0.00711390152082316	0.0214840782444552	0.0490652082500214	0.085743538276631	0.13834638302788	0.19417783613341	0.201113310688437	0.156441820484814	0.089063751403043	0.0388374802580679	0.0112964503334745	0.00271613667726314	0.00135530915874813	0.000302406115225559	
0.000361270732480142	0.00109724788583845	0.00570568900635993	0.0173469665761126	0.0428826120172529	0.0900105283547141	0.134892818661873	0.180225950957498	0.203584641664592	0.162989455597103	0.103303275956724	0.0419387549072919	0.012218638957301	0.00221315645000748	0.000916985733164989	0.000312006541687396	
0.000233378048617077	0.000668868187184828	0.0038174246676503	0.0138537973995656	0.035767884500571	0.0817891423747538	0.131921129385981	0.174197916496069	0.208886380995061	0.177765957921975	0.106536893086799	0.0472469578966645	0.0136568963027259	0.00271120527292949	0.000782393394247361	0.000163774069204966	
0.000148833370954045	0.000434700024627926	0.00309961672552119	0.0134003324579698	0.029418381263896	0.0734814333224595	0.128517425494814	0.181556157571527	0.202148072836235	0.190712645393265	0.111157973110263	0.0486852608143051	0.013916110508207	0.00246888297700239	0.000749495926875995	0.000104678202077653	
0.000153979412327834	0.000615182664049629	0.00241148664366408	0.00990539637203925	0.0287228565349193	0.0659204606299632	0.128846223811097	0.180196704105591	0.203018731466887	0.177114910903249	0.12809433388837	0.0554502280843013	0.0154953267799597	0.0033096386334713	0.000479210390633642	0.000265329679476602	
4.08639156628764e-05	0.000443129801041467	0.00189811013762517	0.0083384881850798	0.0263324823141723	0.0619500710432295	0.115808336988592	0.183480855817859	0.202180408564177	0.183188810035278	0.132905574362954	0.0610690600174703	0.0186358200338158	0.00320650523545488	0.000521483547587717	
0.000155209109699033	0.000158666738380447	0.0015955035459903	0.00615304232905868	0.0251630848194734	0.0587608627167741	0.109264523961367	0.17490568357319	0.206380861641067	0.199164406401992	0.128347176654091	0.0643326392463906	0.0211718287782277	0.00383988874119265	0.000606621743105873	
0.000166652482072983	0.000522916695530665	0.00133321985658386	0.00572358251376071	0.019214120730025	0.0538810037942139	0.105719426097937	0.16933911009158	0.204448156629582	0.203538891187013	0.134175040525054	0.0723311357109351	0.0246839639539786	0.0042276686663645	0.000695111065368545	
0.000213397774709806	0.000583175451122477	0.00127284016506674	0.00589128787862907	0.01799584691875	0.052661036710706	0.104718774015111	0.159089927666959	0.208906359463311	0.201107488333347	0.142465025194773	0.0690021075650559	0.0296115615476495	0.00578479861580728	0.000696372699003906	
6.4126854577783e-05	0.000275245784908536	0.00380805250073912	0.0139534205847203	0.0386963926562259	0.09667956143894	0.156383328683442	0.211761448100971	0.209017318414817	0.152452435779454	0.0798304386027008	0.0297952521143124	0.00609454963376903	0.00118842885042203	
0.00016351143952795	0.00045080647522028	0.000814211695040711	0.0102430925826026	0.038168420964592	0.0833632337628122	0.164607928004784	0.209948270166062	0.207735220196799	0.160629707226704	0.0829793373395727	0.0306318399846107	0.00755456305645117	0.00249156306063305	0.000218294044587186	
