# <P(U)> as a function of N_tot.
# number_of_species: 1
# species_total_upper_bound: 462
# species_total_lower_bound: 439
# volume: 729
# Bin widths for each
10	10	10	10	10	10	10	10	10	10	10	10	10	10	10	10	10	10	10	10	10	10	10	10	
# Bin lower bound for each
-2260	-2270	-2280	-2290	-2290	-2290	-2300	-2310	-2320	-2320	-2320	-2330	-2340	-2350	-2360	-2370	-2370	-2380	-2390	-2390	-2400	-2410	-2410	-2420	
# Bin upper bound for each
-2070	-2070	-2080	-2100	-2100	-2110	-2120	-2130	-2140	-2150	-2160	-2160	-2170	-2180	-2190	-2200	-2210	-2220	-2230	-2240	-2250	-2260	-2270	-2280	
# Normalized histogram for each
5.14939215957793e-05	0.000246862245852425	0.000493338769445706	0.00151916711764027	0.00370418728512859	0.0102269435483902	0.0188765723485741	0.0396229333483508	0.0659618813834623	0.105856459632816	0.144753752981151	0.165250165957002	0.165080833885238	0.130215206020044	0.0846233171419986	0.0436134229803293	0.015944890317947	0.00323649904591599	0.000667685230578981	5.43868385393624e-05	
2.63467533286195e-06	0.000186671626361664	0.000448382709425951	0.00125410545844229	0.00265770434688253	0.00695954368203879	0.0152979007882753	0.0322980945832832	0.0615423077140757	0.0941372423848613	0.137594553130765	0.16835341183625	0.168888933992796	0.144537605696832	0.0933189317425879	0.0485899510360226	0.0187754770665174	0.00434087156230978	0.000711752662144263	9.96297598093354e-05	4.29354498688615e-06	
2.01725754221376e-05	7.51188284767218e-05	0.000245240881203415	0.000830917987626142	0.00230495689168662	0.00536542476287378	0.0114441902166275	0.0261320345012518	0.0517928952765722	0.0868782872292324	0.128627257203122	0.167207980117141	0.176541926824847	0.151679035497297	0.106221385561988	0.0558610313200367	0.0218386380322402	0.00584639659686731	0.000882117905245187	0.000199804556562124	5.18723367997823e-06	
4.9958294431514e-06	2.01754650588807e-05	0.000322903514585228	0.000600460269609543	0.00166735807665178	0.00371026802432815	0.00903332429600597	0.0204021988566852	0.0436315568099784	0.0793193605107736	0.12003392936781	0.161896578260341	0.183414576408425	0.161048728359652	0.115012544335584	0.065042721066894	0.025664440512257	0.00755196479246844	0.0014172783835648	0.000204636859882932	
7.73873717567048e-06	5.08272614500827e-05	0.000345568053881483	0.0010299208241201	0.00265429131128984	0.00688241246819475	0.0162993091314041	0.0359203517705084	0.0692511883260863	0.111848446099791	0.155107795831859	0.182912982964078	0.172344638641101	0.128473546512294	0.0740583772116546	0.0305789033999234	0.00999481791229125	0.00201799514351249	0.000218308820326013	2.57957905855683e-06	
2.42185153387872e-05	0.000213425666423062	0.000894287599599827	0.00219745185269277	0.00556789343853251	0.0131154612988598	0.0286948727227146	0.061200472071842	0.102967193845091	0.149724727246066	0.181082122998839	0.183155927978298	0.138709559927817	0.0811776253083485	0.0364105511367802	0.0119799345816275	0.00250160234806075	0.000366967269527952	1.57041935399948e-05	
2.04525544293605e-05	0.000122052512312248	0.000687622454935258	0.00160003363308951	0.00451831014935289	0.011367075250629	0.0257731539013058	0.0519342435225056	0.0923823892901335	0.144312087800544	0.180063721069578	0.186168145752478	0.149251853133994	0.0921961384819735	0.0408342824202341	0.0145030389087123	0.00376327001500233	0.000476374080250521	2.57550685406762e-05	
1.47963805979679e-05	0.000144476760870604	0.000441912284228481	0.00124506359286468	0.00348516021982709	0.00996729434421075	0.0222530967081069	0.0436093631119446	0.0854798216480096	0.135509871494848	0.17913949716621	0.188137958436873	0.156863593298201	0.0996965988021717	0.0498563573026217	0.0179619578457714	0.00556287363806149	0.000607028582366314	2.32783822146374e-05	
1.40309719675211e-06	5.75269850668365e-05	0.000283425633743926	0.00093726892743041	0.00312787781081292	0.00915015805889921	0.018934983749796	0.0387526091761621	0.0751903885971226	0.126693129079797	0.174948167251057	0.191884953513051	0.166883819342817	0.109638856812528	0.0553273963613948	0.0206691183451685	0.00643357480636089	0.00104268829681305	4.26541547812642e-05	
1.60589394639248e-05	8.70710128159619e-05	0.000804432193031052	0.00256534595968222	0.00751140648833137	0.016031370070741	0.0351726048231029	0.0667182099833507	0.120863012976366	0.166381195037584	0.19412677242422	0.173371753495094	0.120666592653212	0.06190145640657	0.024554675397779	0.00799085401625722	0.00116970344615558	6.74846762443543e-05	
8.31398336167548e-05	0.000637467044627687	0.00209218293204877	0.0054368272285822	0.0134587576485873	0.0318274819783544	0.0612889467117132	0.109852967342969	0.160716419368048	0.195930994123059	0.181180286001028	0.13297610640715	0.0670833029689521	0.0263359988636015	0.00913326677214359	0.0016976617638518	0.000268193011666951	
0.000173458139749721	0.000464890232382533	0.00134058762611093	0.00450682917866683	0.0124420019778151	0.0271522236689003	0.0586195104632061	0.100243392501209	0.158075382460253	0.19419465403321	0.18964000010088	0.135667430399338	0.0740102074090445	0.0302825966562091	0.010499494991151	0.00213100376965544	0.000465637494158515	9.06988980597628e-05	
6.01135099886438e-05	0.000396711828341205	0.00104517231574976	0.00349423778402933	0.010043623366084	0.024656806930901	0.0515840189913886	0.0948657461832122	0.149904425119756	0.192553560297304	0.193264467893692	0.147151618406906	0.081498611135225	0.0341145102625149	0.0120944835026686	0.00273096422630086	0.00049948352787148	4.14447180667047e-05	
1.59346214595554e-05	0.000224482474246018	0.000664315300498073	0.00254096642081378	0.00769204247368691	0.020685654647365	0.0481872271429037	0.0915014420366496	0.144667446313837	0.191433603414295	0.196731725272216	0.152198092504671	0.0889109012379617	0.0394960559482265	0.0114881165929729	0.00278967697447199	0.000678106668778858	9.42099549450908e-05	
1.38347003998136e-05	0.000135932895203537	0.000432868276939133	0.00167279169398014	0.00603508628581934	0.0170786126673859	0.0409370641837248	0.0877919446760545	0.143527774321682	0.189255637408287	0.196574751021818	0.157999149490902	0.0972229392331676	0.0427801433980624	0.0144479768839798	0.00345895365096815	0.000547259893667793	8.72793179585553e-05	
1.57530135051511e-06	0.000110271094536058	0.000350180223740977	0.00157854461800147	0.00424312052000512	0.0150361587258814	0.0346585756718243	0.0779328450887571	0.136818165559724	0.186453409165252	0.204333913476666	0.168952367149741	0.103567538636119	0.0466846115112274	0.0150118805521264	0.00369130172339821	0.000514567552906496	6.09734287434674e-05	
8.27308768328594e-05	0.00022990179038247	0.00122670567712034	0.00405371916563003	0.0121573117305067	0.0301867335317249	0.0698639743050278	0.13128489681246	0.184761872959516	0.20217306436481	0.179389900117005	0.111965173490025	0.0511548836449311	0.0169584227630349	0.00375412458444618	0.000701336469477653	5.52477170686556e-05	
1.08833979717253e-05	0.000240737042314744	0.000836533315895091	0.00309637323320359	0.0107142867109339	0.0279004743952249	0.0625327490281916	0.124371100057589	0.183769523490419	0.207582398252554	0.181303643175612	0.11838420794769	0.0563933963261927	0.0181429034803525	0.00415410928736161	0.000496822466384486	6.98583921091086e-05	
1.13612964572567e-05	0.000156053510016203	0.000506657484986422	0.0029194776094668	0.00927053622408533	0.0273766869764708	0.0562842382292978	0.113604138441435	0.1787666195345	0.211094202705998	0.187932650610181	0.125658098402536	0.0606370231976078	0.0205159662364804	0.00436630585004422	0.000812004064151701	8.79796262847068e-05	
0.000119204798370365	0.000474650118827568	0.00198347730959297	0.00787562714549776	0.0254942660983062	0.0545192198875853	0.103240880455694	0.171860500207477	0.211602097400883	0.195902523671206	0.129945678826059	0.067783017088536	0.0232966162435399	0.00499358708363197	0.00087177939567694	3.68742691161492e-05	
9.68910051593518e-05	0.000277100734599703	0.00160888079578807	0.00620818747843987	0.0222503407208012	0.0505070754939273	0.0968966602763844	0.16453666683632	0.209935475114657	0.205826090070934	0.13663780671941	0.0725415792479825	0.0261171212438241	0.00566934907717915	0.000831867715502372	5.89074690900728e-05	
7.43064376611218e-05	0.000273785533400174	0.00115464422352857	0.00593046986247615	0.0196295211979754	0.049128607551451	0.0956095144506092	0.158567470577545	0.206231017101394	0.205756803475605	0.147421789627372	0.0724830354986432	0.0290029509050818	0.00734020438540842	0.00135962749983511	3.6251672013472e-05	
0.000142236720720684	0.00054438127917224	0.00452672817381271	0.0162955275880637	0.0456021052909904	0.0912134930047568	0.155379975038721	0.207219024578637	0.204477428195069	0.15408606156084	0.078857650671302	0.0321289967979392	0.00789765406923131	0.00155991583561636	6.88211951278719e-05	
6.40304043031355e-05	0.000660764543122513	0.00265758147389405	0.0145339883616291	0.0423184340702402	0.0893850742844031	0.154347710122942	0.202115213806745	0.206297467903504	0.159171821068542	0.0823774443446995	0.0341332292770757	0.0095659231832446	0.00220544095848674	0.000165876197167609	
