# <P(U)> as a function of N_tot.
# number_of_species: 1
# species_total_upper_bound: 462
# species_total_lower_bound: 439
# volume: 729
# Bin widths for each
10	10	10	10	10	10	10	10	10	10	10	10	10	10	10	10	10	10	10	10	10	10	10	10	
# Bin lower bound for each
-2260	-2270	-2280	-2290	-2290	-2290	-2300	-2310	-2320	-2320	-2320	-2330	-2340	-2350	-2360	-2370	-2370	-2380	-2390	-2390	-2400	-2410	-2410	-2420	
# Bin upper bound for each
-2070	-2070	-2080	-2100	-2100	-2110	-2120	-2130	-2140	-2150	-2160	-2160	-2170	-2180	-2190	-2200	-2210	-2220	-2230	-2240	-2250	-2260	-2270	-2280	
# Normalized histogram for each
6.41393751023197e-05	0.000307484644685278	0.000577374487110208	0.0014849346336891	0.00358627989102072	0.0090238335431876	0.0176926184107152	0.0394155677794047	0.0654204810477155	0.103854980632671	0.144821303977518	0.168288387926471	0.163735212961343	0.132571764333679	0.0855076361289173	0.0430799199434901	0.0162977671690237	0.00337584508731423	0.000826725316159675	6.77427107822253e-05	
3.28267357470873e-06	0.000232583501793252	0.00053677791971626	0.00139708155729548	0.00239063742590732	0.0064576268239659	0.0138640678915254	0.0313019946618864	0.0603981542620714	0.0932348596103856	0.137438734064899	0.170525652087908	0.169441154003227	0.146728943442331	0.0944605126587796	0.0474954234059246	0.0188557985936297	0.0042746488967846	0.000832583282948347	0.000124133693325097	5.34954212174755e-06	
2.51888504072557e-05	9.37984810403523e-05	0.000298307956965929	0.000901520950766353	0.00244367833022391	0.00492897823707314	0.0104809607075524	0.0247822303935386	0.0500237374928362	0.0863191916729979	0.127523353063	0.16850945097662	0.177970143295772	0.15293566455744	0.108504931377175	0.0553323476896187	0.0217794795311803	0.00587523938403905	0.00101583035285261	0.000249489565938533	6.47713296186576e-06	
6.26325898804765e-06	2.5293930528654e-05	0.000404823335746695	0.000693655932926278	0.00185043168910339	0.00333181288706489	0.00841023190077745	0.0187982082743192	0.0418074946397946	0.0773428171922123	0.119368923660147	0.163175120600859	0.184328314254684	0.161918253148161	0.11794788655359	0.0654800842215618	0.0253233196669825	0.00790820760342779	0.00162242497248081	0.000256432276645259	
9.70107281888744e-06	6.37156881438039e-05	0.000408163656379857	0.001149996311197	0.00250742790785466	0.00636306540487248	0.0153857817244244	0.0344590490170059	0.0677815155518976	0.11007639654728	0.155042186492466	0.18546726594545	0.172868446745661	0.129968146946581	0.0755647701109228	0.0303460336744598	0.0101989414572592	0.00206465178178766	0.000271510272597751	3.23369093962915e-06	
3.04877903545206e-05	0.000261051704910583	0.00104194405395196	0.00204780294978899	0.0048788801072408	0.012584907305208	0.0284591613666343	0.0603186641012461	0.101912346649987	0.14805073454138	0.182787046118976	0.183834944819481	0.139878696704127	0.0826065488726425	0.0363993252670897	0.0121104410678158	0.00233946153798517	0.000437785614621944	1.97694265580095e-05	
2.57470365578119e-05	0.000153647824643609	0.000753935214019261	0.00164161197904716	0.00405468146088209	0.0102560220947717	0.025855865466966	0.0504275974856112	0.0924479531403935	0.142773635272963	0.180999521415038	0.187238886607548	0.150516579720752	0.0925536828692212	0.0414391401443384	0.0144788936879829	0.00382593811294486	0.000524238272135449	3.24221941839113e-05	
1.86159282625126e-05	0.00018177208934033	0.000457098111159146	0.00115928618230946	0.00319601102157811	0.00919935145425972	0.0216314714954566	0.0427847389228705	0.0842948203373206	0.134783944959459	0.180971248706667	0.190097677894166	0.157369690280754	0.0988188015658249	0.0498014024315485	0.0187175451448118	0.00577236063487667	0.000714875359838779	2.92874794958e-05	
1.76001905513964e-06	7.21607812607251e-05	0.000355523849138207	0.000816883510792144	0.0029851096521205	0.00847355307366794	0.0180437153532916	0.0384606404005334	0.0734638993691505	0.124592922259372	0.176068434234248	0.196451566915631	0.166924783238987	0.109405717832572	0.0551866881545438	0.0209434054139359	0.00647534477306608	0.00122438658935881	5.3504579276245e-05	
2.02202818543658e-05	0.00010963366693292	0.000723021176595994	0.00244197889470095	0.00720134234620255	0.0155804868903614	0.0346704199249956	0.0655398943823382	0.118690950640773	0.167276314008588	0.198485208688503	0.174397476508825	0.120347611189927	0.0607011692465642	0.0243764263772525	0.00805632131594062	0.00129655252376	8.49719358851095e-05	
0.000104496948898319	0.000730548747303595	0.00204111949127305	0.00511012165118663	0.0129880757241383	0.0305491425089636	0.061086196383127	0.108431102104562	0.159900789504089	0.201221486804441	0.182946609382036	0.132774241722947	0.0653631321280809	0.0260771612909825	0.00854887330436556	0.00181166790381445	0.000315234399791146	
0.000143193045552028	0.000487348507733948	0.00144868708851041	0.00424669326010724	0.0115394611676162	0.0272240211841338	0.0578027671645926	0.0999338640303522	0.157252212168503	0.197338999809467	0.192656399733113	0.134571933647483	0.0729873233141948	0.0293222328647023	0.0101174909484887	0.00222945244244917	0.000584138569620998	0.000113781053380539	
3.39650046068685e-05	0.000383185945444499	0.00109703463333319	0.00349244284483409	0.00884058881078364	0.023544984722751	0.0516479330018691	0.095232854033817	0.150797617360763	0.19421131275093	0.195291539959303	0.146837134418081	0.0802319938204701	0.0334813242663501	0.0114144591942567	0.00282259692923677	0.000587209409543489	5.18228936269746e-05	
1.9947346005614e-05	0.000183842206461097	0.000632015910283137	0.00253016336176472	0.00697025594078041	0.0185581475051411	0.0484863988846284	0.0914368843225409	0.145162669440164	0.192600141217878	0.198458945037363	0.15355268648173	0.0881873333419655	0.0383560633924323	0.0113930841501538	0.00257589061108753	0.000777596540780249	0.000117934308840209	
1.72806557092619e-05	0.000162252599578909	0.000450340846436671	0.0015354268519122	0.00552980982696381	0.0149674833728778	0.0402894428647013	0.0887657413436092	0.144317714481352	0.189246259549882	0.199218357669677	0.159933512387215	0.0961051489627315	0.0412115804052673	0.0144083555797614	0.00320074856553161	0.000531525135003673	0.000109018901789974	
1.95858265898564e-06	0.000137100786128995	0.000347936448831567	0.00143068702701669	0.00379630924683741	0.0135029296940256	0.0330223948949658	0.0796753729890253	0.136643284262005	0.185374664189482	0.207007670500957	0.170161661412673	0.104031500460958	0.0455815181688496	0.0150091949695302	0.00365713466730478	0.000542873028772962	7.5808669977209e-05	
0.00010340010494759	0.000271630434425811	0.00105826842104523	0.00376449066890255	0.011601562115327	0.0279655079758761	0.0689640012886326	0.132153071545839	0.185319248410194	0.202588003805874	0.182823108915246	0.111396145262845	0.0507977048459245	0.0168537481717408	0.00361958984156103	0.000651467554641445	6.90506369774719e-05	
1.35687035648811e-05	0.000300135083982157	0.000876399084100912	0.00281486814467346	0.0101200493947198	0.0268318213699891	0.0610101099598459	0.124032910948483	0.184957433701227	0.208922779464266	0.182475752610758	0.118983497673141	0.0566143138921258	0.0177163199263718	0.00380863071601933	0.000434314485901537	8.70948408309892e-05	
1.41830454468146e-05	0.000194811748203354	0.000528289139080936	0.00291654989097223	0.00914865038945353	0.027175887228613	0.0554228874265896	0.111667688197585	0.179621823745067	0.211785337145642	0.190090083437333	0.124759694082259	0.0614812749221603	0.0202074405194136	0.00414309028399263	0.000732478107414416	0.000109830690774093	
0.000123436203542631	0.000572682443856942	0.00189722509970462	0.00741682346693833	0.024932337906548	0.0550860390576764	0.10192481184855	0.171666030155595	0.2117842164742	0.198027766400003	0.130279634482087	0.068319394194522	0.0226923791103339	0.00449613116854083	0.00073481820498197	4.62737829196248e-05	
9.00574663675007e-05	0.000325319283895216	0.00174150548628665	0.00637183201264828	0.0214371088831454	0.0508025883533566	0.0960936834332131	0.163111467711854	0.209309291185019	0.208662676209681	0.138453828093196	0.0715748577541727	0.0260286195764341	0.00505363212057523	0.000869569333598417	7.39630965567516e-05	
9.36136370320723e-05	0.0002988941156835	0.00110232149864075	0.00554054044360191	0.0191475157236238	0.0492658801845874	0.0959936710964369	0.156170979868166	0.207055670583295	0.207672827153359	0.151010513182067	0.0707295861894659	0.0281558256973857	0.00653191244650094	0.00118457715927685	4.56710208764388e-05	
0.000179952443681825	0.000503558420190735	0.00426583376878187	0.0156190891938973	0.0435497962338101	0.089743837637107	0.153007501181791	0.20967449011003	0.207534040608517	0.157606312214524	0.078559502633747	0.0306763756367879	0.00756856016099635	0.00146275120833262	4.8398547806318e-05	
8.07237267876102e-05	0.000728931798239048	0.00249425951814499	0.0141144457469766	0.0400014279232699	0.0876438575116825	0.151534096274272	0.202863907396873	0.212180876422453	0.162488686011188	0.0829283712232005	0.0322496470496111	0.00877585519936803	0.0017847889322128	0.000130125265720399	
