# <P(U)> as a function of N_tot.
# number_of_species: 1
# species_total_upper_bound: 462
# species_total_lower_bound: 439
# volume: 729
# Bin widths for each
10	10	10	10	10	10	10	10	10	10	10	10	10	10	10	10	10	10	10	10	10	10	10	10	
# Bin lower bound for each
-2260	-2270	-2280	-2290	-2290	-2290	-2300	-2310	-2320	-2320	-2320	-2330	-2340	-2350	-2360	-2370	-2370	-2380	-2390	-2390	-2400	-2410	-2410	-2420	
# Bin upper bound for each
-2070	-2070	-2080	-2100	-2100	-2110	-2120	-2130	-2140	-2150	-2160	-2160	-2170	-2180	-2190	-2200	-2210	-2220	-2230	-2240	-2250	-2260	-2270	-2280	
# Normalized histogram for each
7.15704678269303e-05	0.000343109358870677	0.000644268237535681	0.00161717090786468	0.00392565356301646	0.00971897467129185	0.0176389036690989	0.0397567247423932	0.0672790543262739	0.103914154038411	0.146148771681898	0.167875367669824	0.16340462591832	0.130947418758807	0.0837830165692334	0.0433148760155568	0.0158063512222869	0.00316451370011545	0.000569883200749265	7.5591280626196e-05	
3.66306528559156e-06	0.000259534958938395	0.000598979008736546	0.00154839126312802	0.00264405479077385	0.00697135591481935	0.0142999285295262	0.0315914960447035	0.0615347483799755	0.0943242024421521	0.137967590283706	0.170829762975256	0.169670741985077	0.145686211516786	0.0923582217364666	0.0466565982116644	0.018430509480827	0.00387158866870098	0.000607933168323548	0.000138518135429222	5.96943972466773e-06	
2.80941040107946e-05	0.000104617092078292	0.00033271446035641	0.000997340692383207	0.00268579634343196	0.00536209420407932	0.0110051294482666	0.0253732569280729	0.0511376908091343	0.0874220288277615	0.127439003017842	0.169403032397318	0.177964777485332	0.152538409322533	0.106062333057476	0.0541794795848173	0.0214201489308588	0.00551607665034801	0.000782621468872134	0.000238130976853401	7.22419817420432e-06	
6.99897814919022e-06	2.82651040640374e-05	0.000452376260758237	0.000732604578193122	0.00202203170644778	0.00368388522967954	0.00881507838317144	0.0195142278458114	0.0426081638234664	0.0781838351600666	0.118706303495074	0.163692639336195	0.184640580936722	0.162900947230935	0.116895183303238	0.0635073817684157	0.0244798682469283	0.00748621470496077	0.00145605664649884	0.000187357261224477	
1.08393062148166e-05	7.11914926701534e-05	0.000447221745307618	0.00120450117579709	0.00272133495289519	0.00674418956313983	0.0155711317426674	0.0354457356898074	0.0688052394797508	0.110423491693813	0.15636823291073	0.185512317131871	0.172517059529068	0.129313726054333	0.0736786450813704	0.0294135948719644	0.00970626416888014	0.00179022516718292	0.000251445140464696	3.61310207160553e-06	
3.39894176072618e-05	0.000291034388262179	0.00110478884339854	0.00215208777342229	0.0051467413442496	0.0130041387426783	0.0292081952734528	0.0616144495387264	0.103270605155026	0.148185761726747	0.183138965202803	0.182032848647779	0.139917039266806	0.0810983520974392	0.0356140055519589	0.0115692807892343	0.00222989167466392	0.00036578455276565	2.20400129797088e-05	
2.86849999229755e-05	0.000171180393058867	0.000814999280218983	0.00170064865284085	0.00416623063696105	0.0103321776111451	0.0262701478924228	0.0510474805805207	0.0921937225533687	0.142869493343221	0.182323054718762	0.186212528226837	0.150959194525202	0.0922293132014213	0.0409728039640545	0.0136143524865911	0.00357686012928436	0.000481004952412116	3.6121851754858e-05	
2.07747114862321e-05	0.000202851163747731	0.000498857721675765	0.00126606649363229	0.00319943789188284	0.00902297325818269	0.0215789706990558	0.0438153220774976	0.0855251205297154	0.135335865554536	0.180619708320404	0.190833985575469	0.155122785822649	0.0987384986499746	0.0496380635057789	0.0183264712829311	0.00549643290264401	0.000725130056971669	3.26837817649639e-05	
1.9749806813973e-06	8.09742079372894e-05	0.000398946097642255	0.000910334428745396	0.00320697363045294	0.00820262143135803	0.0176789737368386	0.0388358884536178	0.0744763898301135	0.125881055340144	0.175552346138801	0.197327429808857	0.166761312129765	0.108937827739815	0.0550895844653813	0.01980958289593	0.00552836592336733	0.00125937934783768	6.0039412714478e-05	
2.26262157013381e-05	0.000122678556808411	0.000809050695540334	0.00264962140978849	0.00691695184853567	0.0151568179850426	0.0343977332978638	0.0664786990527594	0.119941307858045	0.167377496044336	0.199776013543294	0.173186286473002	0.120944447016596	0.0601829872307055	0.0237308458621098	0.0071413829823131	0.0010699715066627	9.50824208952186e-05	
0.000116972349636208	0.000817765536666928	0.0022042587043237	0.00499337915682843	0.0126775126968346	0.0301078240449611	0.0604973445715266	0.109192322189993	0.159951816239692	0.202624344274997	0.182873582556001	0.132774416286507	0.0661468878654134	0.0253244486393149	0.00786277985374423	0.0015254547576584	0.000308890275902512	
0.000160074530282119	0.00054480357728587	0.00160402015000372	0.00447501317798506	0.0118114568301785	0.0269589349882577	0.0574142278224729	0.100000471577994	0.157013596117551	0.198444997762624	0.192531147726522	0.135097401814842	0.0730953750774174	0.0286085410110423	0.0094949609271433	0.00225650070265121	0.000430052932009981	5.84232737363544e-05	
3.78418691022439e-05	0.000426923904682704	0.00120352748639611	0.00358951585164687	0.00920571737325412	0.0238722375273004	0.0513049918106814	0.0957502020508733	0.150673188645619	0.194745832030216	0.196381745134361	0.146188992177396	0.0794560914030686	0.0328333481796566	0.0109887066078275	0.00269912658105215	0.000608720925318226	3.32904415469912e-05	
2.22797267906158e-05	0.000205338300713511	0.000619663044538998	0.00260685832530199	0.00728638269613098	0.0189349013744246	0.0486187937443218	0.0919298008804792	0.145565051004288	0.192637292953261	0.198797441974667	0.153481259427354	0.0871697567952841	0.0377548862632976	0.0109697036105796	0.0024850364273533	0.000808454413659479	0.00010709903755489	
1.92662008383771e-05	0.000180895402502615	0.000402133453740623	0.00157607867126831	0.00581334982209797	0.0147101969018656	0.040881197235339	0.0892442748673962	0.144691107846632	0.187838734399388	0.199956398906559	0.159652411876203	0.0960173142372957	0.0414220731957882	0.0141819926708269	0.0027573941803919	0.000547082521793112	0.000108097610073042	
2.18129401803212e-06	0.000152690581262248	0.000365815837965268	0.00124551888429634	0.00397906522312906	0.013249949734004	0.0327192819590689	0.0799564870336826	0.137041977976886	0.184307668185147	0.207816500308781	0.171018455158818	0.103678187791195	0.045351797174557	0.0148574351138809	0.00358155646619591	0.000591002367473878	8.44289096391254e-05	
0.000115321086199112	0.000302946662951637	0.00100559464167503	0.00372806137278378	0.0116688726291678	0.027008799835674	0.0686276829967165	0.131677198759292	0.184749087074088	0.203131294364133	0.184075726990273	0.112124260170123	0.05049795305072	0.0167749033074532	0.00373185310917808	0.000703432475908418	7.70114736635796e-05	
1.51707251165747e-05	0.000335571253005943	0.000973908686757202	0.00285870920209506	0.00969655697151871	0.02648289948085	0.0612676865370317	0.123684587917723	0.185104370698873	0.20788457593674	0.182281708176969	0.120671707842435	0.0568072340241243	0.0175330793122916	0.00385647612322363	0.000448379209000986	9.73779022439966e-05	
1.58362909678958e-05	0.000217519963542502	0.000573771071101282	0.00313637088226987	0.0094888176154001	0.0268688197565713	0.0555877371091937	0.111193273685922	0.178554965933651	0.210883379721014	0.190356929057866	0.126684176456592	0.0615930942254077	0.0197748157951428	0.00415238019453247	0.000795479144651823	0.000122633096172879	
0.000137558457398621	0.000624618268686354	0.00187279970763223	0.00739149202919299	0.0251358735970983	0.0548357073267749	0.101504161506026	0.171298922441165	0.211615552203566	0.19876933319494	0.131760295881252	0.0680700706691738	0.0219630607403019	0.00420812818812827	0.00076085785305143	5.15679356115634e-05	
0.00010012612470847	0.000361690823684078	0.00154136340467769	0.00609098399113522	0.0210963508040483	0.0510626131681774	0.0958426738332938	0.16242154703678	0.207837099400112	0.212260805792948	0.138928221541616	0.0720085774274928	0.0245986600203621	0.00497643944132517	0.000790614827034422	8.22323626055107e-05	
0.000101565175632719	0.000320104491539005	0.00117550301560138	0.0049733438310813	0.0189792887436307	0.0491327566718137	0.0964992440227956	0.154703459165172	0.206629124175888	0.208435322813789	0.153226610397594	0.0708963783305472	0.0273940573384993	0.00628712555545968	0.00119493171014853	5.11845608069903e-05	
0.000106264067536128	0.000416555144741622	0.00388793657097809	0.0150775428825324	0.0426412465306442	0.0899587761833002	0.151516886356557	0.209429474862903	0.208390743602737	0.160749108544096	0.0786987699270032	0.0305117345417329	0.00720364113827412	0.00136708722885229	4.42324181119133e-05	
5.09001383546472e-05	0.000442219360590119	0.00221122698233257	0.0128848948697347	0.0385987074749522	0.084544739268923	0.151542469461219	0.204777244852317	0.213083079960863	0.165996156063209	0.0833267809711069	0.0324535897485299	0.0084613994700137	0.00150070791547921	0.000125883462375815	
