# <P(U)> as a function of N_tot.
# number_of_species: 1
# species_total_upper_bound: 462
# species_total_lower_bound: 439
# volume: 729
# Bin widths for each
10	10	10	10	10	10	10	10	10	10	10	10	10	10	10	10	10	10	10	10	10	10	10	10	
# Bin lower bound for each
-2260	-2270	-2280	-2290	-2290	-2290	-2300	-2310	-2320	-2320	-2320	-2330	-2340	-2350	-2360	-2370	-2370	-2380	-2390	-2390	-2400	-2410	-2410	-2420	
# Bin upper bound for each
-2070	-2070	-2080	-2100	-2100	-2110	-2120	-2130	-2140	-2150	-2160	-2160	-2170	-2180	-2190	-2200	-2210	-2220	-2230	-2240	-2250	-2260	-2270	-2280	
# Normalized histogram for each
5.39910399139379e-05	0.000258833449774683	0.000504624120244314	0.00148323699538852	0.0038234553658904	0.0101976334938573	0.0191480133016128	0.0405587971524276	0.0667266567110155	0.105225908015041	0.143918576658683	0.164381079679249	0.164538300778624	0.130965681313337	0.0845200408875965	0.0432742229182865	0.0162770852522565	0.00338677502621194	0.000700063596187464	5.70242444034849e-05	
2.76434850448746e-06	0.000195859210706834	0.000452841238346223	0.00126371679966254	0.00274766003018259	0.0068921351213549	0.0151720755752404	0.0330137951228702	0.062257837951843	0.0941437788848823	0.136887159294047	0.168213473229844	0.167838955199125	0.144597746339286	0.0938056069178333	0.0481313004109665	0.0190229154252694	0.00450455707970129	0.00074678362932339	0.000104533326780804	4.50486422953512e-06	
2.11668796793923e-05	7.88214281394514e-05	0.000250676332203089	0.000824601155510041	0.00238087078527108	0.00548837031153615	0.0112699523039645	0.0262641666901854	0.0529012736413887	0.0871821440234811	0.127965580637748	0.166508251051288	0.176092916554113	0.151046651802813	0.106979828971612	0.0555239508283306	0.0220778618629273	0.00600222151441969	0.000925597409980285	0.000209652903491124	5.44291191755803e-06	
5.24740770491001e-06	2.11914541929058e-05	0.000339164178773126	0.000598103566673108	0.00173547918671235	0.00379115115511085	0.00901111088125671	0.0203312829760471	0.044264608606455	0.080000867840505	0.119859167650135	0.161013274427818	0.183303959623216	0.16010214280921	0.11556436626704	0.0649404040806668	0.0256162298283845	0.00780269343382792	0.001484612733743	0.000214941892528045	
8.12651845502243e-06	5.33741705934806e-05	0.000355660591642648	0.00106597850104461	0.00272970758178087	0.00700515923561767	0.0163787471276269	0.0360356916690545	0.0702195404042471	0.112145854351921	0.155236768623372	0.182563742002904	0.171719555252701	0.127622557931041	0.0741620054562047	0.0302291437418584	0.0101454064904597	0.0020910234276491	0.000229248082342299	2.70883948500748e-06	
2.54411834125472e-05	0.000224200428823072	0.000934665351542993	0.00223703530709546	0.00555502277035605	0.0134178391391737	0.0287431707565522	0.0622862779101459	0.103648474398567	0.149935825608638	0.181050194162938	0.182172388862526	0.137270588352211	0.0813104197049916	0.03617875412736	0.0119991950250561	0.00260851633676773	0.000385493556473713	1.64970173690736e-05	
2.14830356126072e-05	0.000128202004188197	0.000722267613975709	0.00168064970269368	0.00457688117046739	0.0114846717049027	0.0258573198222279	0.05234659894206	0.09343907097806	0.145072950321972	0.180313184865003	0.185449520087882	0.147705417852502	0.0917040174768473	0.0408283102647635	0.0142554860064379	0.00388653973441597	0.000500375704476975	2.7052711512172e-05	
1.55392157347921e-05	0.000151730049181123	0.000464097978219364	0.00130074123048814	0.00361222431501256	0.0100910875174569	0.0225804599805809	0.0438201924685281	0.0859395831333195	0.136172127001911	0.179780115148558	0.187895049918493	0.155746985936515	0.0984797302312968	0.04966541198222	0.0181107084991592	0.0055122645982024	0.000637503748712076	2.44470464107876e-05	
1.47398707608132e-06	6.0433470119334e-05	0.000297745389368426	0.000964478876782542	0.00323599122682892	0.00937947109413078	0.0191024794427936	0.0393404202631951	0.0752844795056837	0.126572645944374	0.176343981415971	0.192308637171203	0.165821187679826	0.10820617738157	0.0548219030548873	0.0206519346571703	0.0064700171375564	0.0010917330943509	4.4809207112872e-05	
1.69060435392186e-05	9.16639817328734e-05	0.000846865741681323	0.00265649645994289	0.00771013308183395	0.0162758292341064	0.0359432257923291	0.0669075729009608	0.120957855383358	0.167996820491141	0.195848012518681	0.172087008076887	0.118686093567426	0.0607854352382731	0.0239519547832719	0.00798571136380271	0.00118137086904979	7.10444719827281e-05	
8.74713662628486e-05	0.000670678673692787	0.00219057879871165	0.0055104041790102	0.0139046390862346	0.0322551392833128	0.0622649207031686	0.110274635765436	0.161838081841479	0.197130102419337	0.179764846999542	0.131811954270865	0.0658518305110439	0.0257291331898959	0.00874626093963707	0.00168715627474727	0.000282165697622092	
0.000182420033079226	0.000488909264747068	0.00140985046567208	0.00465745751661403	0.0127575160344459	0.0277515193565141	0.0596388751334382	0.100582103602594	0.158928124640526	0.195629817197838	0.189041379287988	0.134288355088993	0.0725530739642015	0.029431021405817	0.0100391923104995	0.00203530461247629	0.000489695134571858	9.53849499838062e-05	
6.32401192960039e-05	0.000417345507776423	0.00109953356484061	0.00367362245786259	0.0102551120160253	0.0253519229169721	0.0526227513792287	0.0953921226182706	0.150558914013961	0.193969524350834	0.192732414066841	0.145743434246822	0.0798830725545836	0.0335122550807888	0.0115131386748779	0.00264253355629731	0.000525462544026269	4.36003306947605e-05	
1.672893384548e-05	0.000235672524174043	0.000697430230318287	0.00265833520107151	0.00793254737345466	0.0207970975006288	0.0490084389155699	0.092399086619778	0.145120664038887	0.192250962182729	0.196916671615235	0.150677115826149	0.0879181780997516	0.0385081469418677	0.0113076831492971	0.00274853448180562	0.000707800212702035	9.89061527355573e-05	
1.44946103882775e-05	0.000142416843009653	0.00045351593040369	0.00174859477670664	0.00613267938320666	0.0172590925226002	0.0413576955631803	0.0889710314997068	0.144517199606252	0.190204308829368	0.196659274415369	0.157767608203483	0.0948474773006133	0.0416483660050607	0.0141764099145859	0.00343502810349307	0.000573363984083945	9.14425084898046e-05	
1.64673774955463e-06	0.000115271642468824	0.00036606011503335	0.00165012809198018	0.00439611172282575	0.0152428826783628	0.0350115818940603	0.0789362771579747	0.137143419524556	0.186788784863497	0.204678846907732	0.169070564746774	0.101715600447564	0.0455509940919893	0.0150548639741342	0.00367532492315305	0.000537902042545698	6.37384376004086e-05	
8.64056569254575e-05	0.000240113679279248	0.00128119408307385	0.00421056137716118	0.0124313444847573	0.0304739624586034	0.070476940612765	0.131625205176698	0.185744536091261	0.202088822468214	0.179378829536432	0.111145399070209	0.0497402687098372	0.0165161180348297	0.00377010805115568	0.000732488771917966	5.77017368810595e-05	
1.1349255789527e-05	0.000251041657976887	0.000872340660813813	0.00322891177321354	0.0109609560380272	0.0283070809849912	0.0631165095198916	0.124779538281234	0.184050008119083	0.208672461059927	0.18011482342789	0.118055346731405	0.0556398720114354	0.0174381800217013	0.0039116131599374	0.000517118654820242	7.28486418626903e-05	
1.18484352084967e-05	0.000162744622450591	0.000528381457727672	0.00304465616477511	0.0096240628597677	0.027648960045216	0.0570441444298792	0.11390086815737	0.179366997838591	0.211412021109015	0.187664035955007	0.124531656326051	0.0602622186008878	0.0197591751687349	0.004121199112562	0.000825277784605044	9.17519321517473e-05	
0.000124351446702173	0.000495143062699396	0.00206911362898742	0.00811393189731679	0.0258888103275451	0.0552858268175897	0.104011721304403	0.172046030891693	0.211084121294211	0.196197462620536	0.129867672942709	0.0671580450811378	0.0222246729601222	0.00456824321805016	0.000826386196438492	3.84663098580298e-05	
0.0001008131245351	0.000288317690791045	0.00167400781693984	0.00636868281474559	0.0226880525169693	0.0514213620853411	0.0981504027866787	0.165945758027907	0.209358753016181	0.205235123567176	0.136012988025499	0.0722605528933024	0.024631647181523	0.00500603849041172	0.000796207935895405	6.12920261035384e-05	
7.7286968785343e-05	0.000284767439266558	0.00118526426714483	0.00607595996238898	0.0198615665032158	0.0497646152816572	0.0969345402076818	0.160213616048999	0.206074400404143	0.204641087410871	0.146909004909055	0.0719249508985918	0.0280029540796958	0.00669060358260141	0.00132167626058205	3.77057753205632e-05	
0.000148098424045327	0.000566815721824104	0.0046521649314647	0.0166025460042323	0.0456644942961117	0.0918831129527253	0.156718103777847	0.208606832169828	0.203936606454944	0.15281492441611	0.0784427660607225	0.03103926238589	0.00735737741023595	0.00152706364463876	3.98313493806811e-05	
6.67053068972241e-05	0.000688368316825276	0.0027686032869825	0.014943320947969	0.0422761297105151	0.0897825835203255	0.156078237997874	0.203072459757716	0.206600704221532	0.15822080103653	0.081807350315813	0.0328586916110892	0.00894393509354777	0.00178458106355284	0.000107527812830047	
