# <P(U)> as a function of N_tot.
# number_of_species: 1
# species_total_upper_bound: 462
# species_total_lower_bound: 439
# volume: 729
# Bin widths for each
10	10	10	10	10	10	10	10	10	10	10	10	10	10	10	10	10	10	10	10	10	10	10	10	
# Bin lower bound for each
-2260	-2270	-2280	-2290	-2290	-2290	-2300	-2310	-2320	-2320	-2320	-2330	-2340	-2350	-2360	-2370	-2370	-2380	-2390	-2390	-2400	-2410	-2410	-2420	
# Bin upper bound for each
-2070	-2070	-2080	-2100	-2100	-2110	-2120	-2130	-2140	-2150	-2160	-2160	-2170	-2180	-2190	-2200	-2210	-2220	-2230	-2240	-2250	-2260	-2270	-2280	
# Normalized histogram for each
7.49173383974087e-05	0.000359154281455742	0.000674396340217872	0.00169279514064257	0.00408046963911729	0.00988305599888662	0.017720756423811	0.0391148474379954	0.0661285805998326	0.102512312257711	0.145639726728486	0.16832312549524	0.162830449997868	0.13228942896714	0.0847644789681497	0.0441522668246946	0.0158084001697004	0.00327517839866574	0.000596532814355397	7.91261776332182e-05	
3.84772582302855e-06	0.000272618499979764	0.000629174426247076	0.00162644795623055	0.00277734550240754	0.00722959180474302	0.0141847125007767	0.0312059114749445	0.0606891818480827	0.0931456042155114	0.137234414287775	0.171217101231671	0.168659503626268	0.146697112153512	0.0934452993046162	0.0473362906668992	0.0188910512157959	0.00396444017299375	0.000638579978258924	0.000145501039456006	6.27036800789838e-06	
2.95646562137305e-05	0.000110093148376844	0.000350130000016894	0.00104954529558743	0.00282638113403264	0.00560503646589168	0.0110836488304504	0.0253823836321053	0.0502542842002535	0.0861577434902851	0.126778314071256	0.168746329055187	0.177107776968739	0.152638659645483	0.107916626543205	0.0552004511848106	0.0220001869612545	0.00568105986758413	0.000823586851668207	0.000250595657430668	7.60234016924499e-06	
7.38369858265646e-06	2.98187827376511e-05	0.00047724251800593	0.000772874449719214	0.00213317891937015	0.00388638135014052	0.00896821189965383	0.0197096474127733	0.0418623050969813	0.0767386373753451	0.117593067615794	0.163433198329978	0.184053596564081	0.162588616807485	0.119021387308927	0.0646080725692616	0.0247241727098216	0.00765845736645339	0.00153609329359957	0.000197655931289573	
1.14520620922324e-05	7.52160127539212e-05	0.00047250359891655	0.00127259272706399	0.00283191115688166	0.00696313651904252	0.0156917285855629	0.0352155150840624	0.0674937883166911	0.109495569183038	0.155268188914347	0.186406769893575	0.17132680763731	0.130295765762632	0.0750040789134736	0.0300801842283332	0.00997771513546941	0.00184759935088015	0.000265659563843267	3.81735403074412e-06	
3.59604249904164e-05	0.000307911138980441	0.00116885428259865	0.00227688487761586	0.00534293251927921	0.0129953390513218	0.0291852561695658	0.0613038154432326	0.102574724288191	0.147564306300224	0.183284105478107	0.179866460399916	0.140551461545453	0.0828311867347611	0.0361909369334214	0.0117608850871977	0.00234866525718657	0.000386995979877333	2.33180880797231e-05	
3.0461577514843e-05	0.000181782284336262	0.000865475468558293	0.00179469460858283	0.00427674907275522	0.0105858212638734	0.0262040079538563	0.0508412190272039	0.0914862711362451	0.141904553723787	0.181935015301302	0.185030955167891	0.151406591546912	0.0942554541736592	0.0410978860229308	0.0139007742317618	0.00365313288863191	0.000510795526660932	3.83590235372097e-05	
2.20369094371451e-05	0.00021517568259327	0.000529166551452464	0.00134116350109504	0.00334932950948506	0.00924230789043473	0.0219117061045467	0.0434198700776808	0.0849597250916602	0.134792897265472	0.17970875066023	0.190424022420941	0.154767741501719	0.100452233875895	0.0499656743553958	0.0186599285190032	0.00543441415718436	0.000769186393092706	3.46695326813683e-05	
2.09851462937504e-06	8.60390998043765e-05	0.000423899955133757	0.000964477323660766	0.00335776330797535	0.00840762891210343	0.0179658034450056	0.0390228588400558	0.0744004578679119	0.125935360433178	0.174178672851782	0.196338567635057	0.165883664224788	0.110449021973267	0.0556533074759024	0.0199433037307533	0.00558554643851989	0.00133773312573894	6.37948447330011e-05	
2.40593021467295e-05	0.000130448701812903	0.000860293890633922	0.00274442929805526	0.0072279428350981	0.0152093729478319	0.0344697482785083	0.0668194965458908	0.120289974391446	0.166547390010745	0.19894928994463	0.171992858420325	0.121468184841082	0.060497462925728	0.0242590082616584	0.00727119395051794	0.00113774075643002	0.000101104697460534	
0.00012427451812521	0.000868815735725192	0.00230633599599667	0.00516672345878517	0.0130144035410635	0.0298318285149886	0.0600910839599474	0.109890744866073	0.160222754125147	0.202190355661506	0.181774913826888	0.132867707079846	0.0665136850574061	0.0252397537456879	0.00797250754597915	0.0015959391676925	0.000328173199142658	
0.000169831740106849	0.000578011626108336	0.00170179186383664	0.00465689193739796	0.0122554030328169	0.0270841321702314	0.0575002741351124	0.100216431234753	0.157384824686253	0.199049470373742	0.191757406894474	0.134613751617884	0.0723775067727703	0.0284848965798361	0.00937729705419759	0.00228466773782037	0.000445426126875984	6.19844157836783e-05	
4.01468353256833e-05	0.000452928042523087	0.00126248690744099	0.0037314482991538	0.00941119078548732	0.0242504820379472	0.0507606376697066	0.0960356448713039	0.150561255517086	0.195645047894761	0.196648028969736	0.146240297158321	0.0789899332155325	0.0319212868178211	0.0106925784367071	0.00267548995694493	0.000645798406046472	3.53181781559275e-05	
2.35759310424698e-05	0.000217284604227675	0.000655714199052551	0.00266835420699392	0.00728110230575363	0.0194694450418852	0.0484275819091265	0.0909345719658742	0.146578870450948	0.194031291188944	0.199602793816764	0.152608656089208	0.086307761031054	0.0372549344010059	0.0105786994909805	0.00239054425932973	0.000855489193675584	0.000113329914133977	
2.04048318641854e-05	0.000191586307234869	0.00042589951072226	0.00164142493103441	0.00578401663500494	0.014986321915392	0.0411472335978019	0.0892371770010977	0.144648894468948	0.188771399053873	0.200815864606135	0.159454037910808	0.0950091424602366	0.0402636632945285	0.0143470618137677	0.00258853779796532	0.000552847692857159	0.000114486170727913	
2.31442876154236e-06	0.000162010013307965	0.000378068745341361	0.00130806067887641	0.00404861661827922	0.0132762440905486	0.0329031445599012	0.0799974132855018	0.135804008726758	0.184943960191825	0.209558999213775	0.17158044852268	0.102265757686116	0.0447558788192329	0.0148609470778635	0.00347055399936694	0.000593991334506431	8.9582007358522e-05	
0.000122302769797206	0.000321287434943454	0.00105732269807675	0.00391216331551993	0.0118065159088586	0.0270082509996726	0.0681004563335432	0.130763708691442	0.18411031876234	0.20400102002174	0.186071739033068	0.111506569059257	0.0503263417841034	0.0165883878096032	0.00353319112747485	0.000688750405422589	8.16738451366831e-05	
1.60898877393405e-05	0.000355902815977891	0.00103126553980611	0.00293372286447309	0.0098566377250384	0.0266532428412376	0.0612257358992074	0.122346956288313	0.18402197136055	0.208594530428316	0.183874962044367	0.121754793411342	0.0560754590981302	0.0170427666465704	0.00365061675152593	0.000462068570975933	0.000103277826429442	
1.67474535220102e-05	0.000230035270690752	0.000606783770582586	0.00330935217943194	0.00977123947349882	0.0265931568797639	0.0559364947635142	0.110267863754344	0.176888818638781	0.210339573305334	0.191216887966041	0.128309853910994	0.0621113223996914	0.0194587416793876	0.00404527127345284	0.000768168322703775	0.000129688958265484	
0.000145653140521905	0.000661374183616242	0.00197951415809971	0.00772017504072143	0.0247357575527368	0.0533171490303942	0.100808591384708	0.170097591793598	0.212322339477112	0.1987472712729	0.133449557929452	0.0689025936592984	0.0221247539397569	0.00412744412393616	0.00080563084148693	5.4602471662574e-05	
0.000106249153567026	0.000383809360257232	0.00159485424598704	0.00642535124350603	0.0212216279157434	0.0510134158753827	0.0947397593826659	0.160962581030687	0.207934340536216	0.211058987128634	0.141151791087078	0.0728369361709257	0.0247022999241875	0.00494372704159633	0.000837008772187015	8.72611313789632e-05	
0.000108383352202713	0.000341593441177152	0.00125441576368654	0.0052168424869604	0.0191346661721259	0.0485108441976443	0.0947217593449184	0.15287128661906	0.206050479188824	0.209471990052753	0.155517527647049	0.0722093360104117	0.0270864009777951	0.00623976399310579	0.0012100901183266	5.46206339596785e-05	
0.000113477173215529	0.000444830519004873	0.00399836819824916	0.0153195602305629	0.0421330814896602	0.088632764604654	0.149545467182685	0.207566913233651	0.209144245941347	0.163459896315907	0.08021772297839	0.0309666439523192	0.0070816848409816	0.00132810846602125	4.72348733509639e-05	
5.46094724389764e-05	0.000474445979220467	0.00209862386922777	0.0126323860708135	0.0376925472735069	0.0840601793592954	0.148915841355991	0.203762466951493	0.214326397045781	0.167976921562082	0.0841854599137142	0.0334264441132804	0.00878248809695067	0.00148912070369403	0.000122068232510653	
