# <P(U)> as a function of N_tot.
# number_of_species: 1
# species_total_upper_bound: 462
# species_total_lower_bound: 439
# volume: 729
# Bin widths for each
10	10	10	10	10	10	10	10	10	10	10	10	10	10	10	10	10	10	10	10	10	10	10	10	
# Bin lower bound for each
-2260	-2270	-2280	-2290	-2290	-2290	-2300	-2310	-2320	-2320	-2320	-2330	-2340	-2350	-2360	-2370	-2370	-2380	-2390	-2390	-2400	-2410	-2410	-2420	
# Bin upper bound for each
-2070	-2070	-2080	-2100	-2100	-2110	-2120	-2130	-2140	-2150	-2160	-2160	-2170	-2180	-2190	-2200	-2210	-2220	-2230	-2240	-2250	-2260	-2270	-2280	
# Normalized histogram for each
5.60978110508065e-05	0.000268933326385889	0.000524314934371864	0.00146285022262637	0.00374195511166616	0.00971700230106077	0.0186852984235465	0.0397976150656449	0.0650913196726409	0.103151688481081	0.143446935252621	0.164565449967476	0.165721968323016	0.132426446735233	0.0859649579875719	0.0443146444281217	0.016778813264464	0.00349707871174213	0.000727380606209334	5.92493734693912e-05	
2.87253019587783e-06	0.000203524083878307	0.000470563002087691	0.00131317185954519	0.00262804595920645	0.00658873314928571	0.014886302595097	0.032453526983006	0.0608619995001797	0.0924487670940814	0.135864614034608	0.168421232934644	0.168671675011722	0.146217425640566	0.0948259454161812	0.0491644182025217	0.0194509658563614	0.00463690207619035	0.000776008712916034	0.000108624197407084	4.68116031920832e-06	
2.20195953427507e-05	8.1996778847767e-05	0.000260774921987719	0.000857820521424018	0.00236721135456162	0.00514975421937389	0.0108820840183874	0.0257259126597994	0.0518737627084522	0.0857657995839345	0.126583418615576	0.166429344361306	0.176883933664396	0.152577131496829	0.108473769419186	0.0563910302654095	0.0223432833942892	0.00614881471663926	0.000958376673489246	0.00021809884910915	5.66218165956447e-06	
5.46370920290367e-06	2.20649794732648e-05	0.000353144742903062	0.000622757777800193	0.00179094083391333	0.00350150209974548	0.00876074249286356	0.0197837758097217	0.0433589455209352	0.0781697078512661	0.118371785237562	0.160798117626094	0.184253506020167	0.161376430230955	0.117339039126882	0.0659137675385065	0.0259934914614834	0.00782182508061073	0.00153918992525646	0.0002238019346574	
8.45636385750087e-06	5.55405626196354e-05	0.000370096418207909	0.00110924525908576	0.00269183809508398	0.00670224255461532	0.0160627065479922	0.0351706436806689	0.068927091005613	0.110084840297393	0.154663240969308	0.184011208336096	0.172932327687231	0.129063739581577	0.0751701843226322	0.0306045203962798	0.0100650565819482	0.00206564957141373	0.000238552980424562	2.81878795250029e-06	
2.64946254720778e-05	0.000233483886972686	0.000961051141147323	0.00226208214430939	0.00514471809459761	0.0130206594946957	0.028423972378525	0.0611206170929455	0.101852791928081	0.148455078724743	0.182240486954657	0.183440196714315	0.13873424203689	0.0822092005277812	0.0366830509016607	0.0122258207305334	0.00256418297146953	0.00038468954249888	1.71801087045505e-05	
2.23062216699367e-05	0.000133114443206243	0.000749943434106853	0.00165902523670154	0.00445659720447277	0.0107988962964133	0.0256101242157065	0.0514649972525138	0.0924196333166966	0.14308955834404	0.180572065774025	0.187345721754463	0.149217676400131	0.0927321269591653	0.0408656177165926	0.0144436916094631	0.00391030131264886	0.000480513191806553	2.80893161769573e-05	
1.61254655714634e-05	0.000157454386758302	0.000481607057736254	0.00132064481731131	0.00357687476768288	0.00956106585424448	0.0217509934365247	0.0434468316181966	0.0844360190313361	0.134660578978165	0.179624231459797	0.189742909750905	0.157497319526511	0.0994370158316123	0.0498545986284316	0.0182585462656554	0.00551686071490454	0.000634953045622845	2.53693630328118e-05	
1.53052228766962e-06	6.27514137944545e-05	0.000309165502109264	0.000957086603889404	0.00317144624968981	0.00900702162811655	0.0183994287682683	0.0392363673318793	0.0741705385479384	0.124849600676532	0.175407751544399	0.194152874280042	0.167754936036413	0.108920128776105	0.0552578746392049	0.0206815395340029	0.00653492202907258	0.00107850803871119	4.65278775451565e-05	
1.75367922915965e-05	9.50838795925869e-05	0.000878461514444944	0.00262768051897552	0.00761826640394592	0.0157345574352249	0.0354701391002146	0.0663063075483017	0.118883131369632	0.166855685580114	0.197122364438061	0.173872024396618	0.119906347447038	0.0613068012140731	0.0240581475430143	0.00799576359755231	0.00117800614578406	7.36950751213333e-05	
9.06109333833256e-05	0.000687695660149533	0.00226648282423898	0.00545671337312554	0.0135127208074553	0.0315780614702959	0.0618243740387077	0.108759930414028	0.160215349633222	0.197604504945805	0.181785186573859	0.132993063576824	0.0663943299124934	0.0260983677937094	0.00874632365540027	0.001712939725083	0.000273344662219776	
0.000188891645465944	0.000480722625994644	0.00144216787798393	0.00464681585343066	0.0126675396166405	0.0274165492069857	0.0592069012483225	0.0998074159653416	0.157109634358872	0.194800993954552	0.190683318833331	0.135367463419154	0.0736190184693714	0.0296727719253918	0.0101926216705813	0.00209133668862672	0.00050706777202355	9.87688679307658e-05	
6.54610582938856e-05	0.000424480402849792	0.00110267323039141	0.00368614878566687	0.0102077575419982	0.0252824024614984	0.0523117206805104	0.0946886076412571	0.149240031673394	0.192686048154537	0.193439053620129	0.14681797251652	0.080963334692023	0.0340128136972182	0.011747108887965	0.00273533707870879	0.00054391633995432	4.51315370846043e-05	
1.73374186104515e-05	0.000243940521501441	0.000646249743994257	0.00258459342232532	0.00767895561823613	0.0204633247693921	0.0490187629396962	0.0921079259377921	0.144234446510515	0.191316690763313	0.196626807501931	0.151818908127904	0.089056033320288	0.0389849600428265	0.0115348583502483	0.00283015615843359	0.000733545167524075	0.00010250368546881	
1.50225191595092e-05	0.000146293122821798	0.000428696318565323	0.00158371631515148	0.00587914857200873	0.0168866222248794	0.0414470295388097	0.0892358810752857	0.143601873802168	0.189107403248675	0.1964146993636	0.158470638990414	0.0959832102679826	0.0420052824823412	0.0145600473784041	0.00354541534392041	0.000594246496148639	9.47729396640178e-05	
1.7089660905943e-06	0.000119627626341601	0.000343502184209455	0.00146247286388035	0.00413057104096643	0.0149014806180627	0.0348905532878246	0.079236313317822	0.136980970662581	0.185316864931865	0.204723783329237	0.16989555704001	0.102352592878537	0.045963949862956	0.0152425701442619	0.00381310545778427	0.000558228747121774	6.61470404477089e-05	
9.00160099903483e-05	0.000246064172433934	0.00108437653758214	0.00395672413981385	0.0121199107147322	0.0299872722260704	0.0703987454095152	0.131368875096867	0.185287852727276	0.201548397842596	0.180697954748482	0.111476969832492	0.0503463013880938	0.0166749045263867	0.00389242698982074	0.0007630949055531	6.01127322951419e-05	
1.1815558525491e-05	0.000261356115076673	0.000820019959205017	0.00306447114064978	0.010596637231451	0.0281551631264089	0.062124388948797	0.125204121347604	0.184437636977164	0.208167217015858	0.181048389458583	0.118315852702602	0.0555436277884971	0.0175973051639646	0.00403779039764707	0.000538365320507629	7.58417474584936e-05	
1.23342810342488e-05	0.000169417975858856	0.000511006205162722	0.00291292904822062	0.00935427796189156	0.0273150298718958	0.0567041557454763	0.114011773835769	0.180028107889689	0.211584397521849	0.187533976611961	0.124220379147644	0.0605529611091964	0.0199389259410012	0.0041956942757825	0.000859118351707844	9.55142258602575e-05	
0.000129719589146042	0.000500405630281724	0.00179903828934344	0.00805380078909329	0.0252078823123133	0.0549097684289819	0.104126858369094	0.173369409883627	0.209923856448444	0.196381500796123	0.129699166520852	0.0678218962356176	0.0225249240693979	0.00465810318967539	0.000853542581430087	4.01268665791949e-05	
0.000105298135075792	0.000301144471909367	0.00160169935620638	0.006143961807506	0.0222273300695009	0.0512645199777604	0.0977553879252949	0.166536785309394	0.208399861678403	0.205351439695922	0.136241036854757	0.0726377879361115	0.0253887324439943	0.00515417982381205	0.000826815706548438	6.40188078038619e-05	
8.10510929320652e-05	0.00029863653015199	0.00114744746507272	0.00543963593049812	0.0192245325406681	0.0496427075288391	0.0968820379495088	0.160700509172696	0.205501164371927	0.204206520669116	0.1482169846447	0.0718758607796867	0.0284297836163548	0.00692753939129698	0.00138604614860837	3.95421679438683e-05	
0.000156400523905671	0.000593538441743537	0.00407229023978252	0.015172397297333	0.0441198970334006	0.0915409070364359	0.157601931489766	0.209171524671074	0.203252842221254	0.154891367103475	0.0789908217533025	0.0310457617416894	0.00773558847011626	0.00161266776198583	4.20642147353419e-05	
7.05267219310438e-05	0.000727803575533767	0.00249348684213836	0.0133587269775778	0.0406442178400412	0.089062070054867	0.157474398850243	0.203337694721915	0.207662864159598	0.159082528840751	0.0818225674443219	0.0331785467973977	0.00908406312393135	0.00188681618130499	0.000113687868448045	
