# <P(U)> as a function of N_tot.
# number_of_species: 1
# species_total_upper_bound: 527
# species_total_lower_bound: 505
# volume: 729
# Bin widths for each
10	10	10	10	10	10	10	10	10	10	10	10	10	10	10	10	10	10	10	10	10	10	10	
# Bin lower bound for each
-2790	-2810	-2810	-2820	-2820	-2830	-2840	-2850	-2860	-2870	-2880	-2890	-2900	-2910	-2920	-2940	-2940	-2950	-2960	-2980	-2990	-2990	-3000	
# Bin upper bound for each
-2650	-2660	-2670	-2680	-2690	-2700	-2700	-2710	-2720	-2740	-2760	-2770	-2780	-2780	-2790	-2810	-2820	-2820	-2830	-2850	-2850	-2860	-2870	
# Normalized histogram for each
0.000237584361975983	0.00111606067683293	0.00194376553899365	0.00646893398956087	0.0225676503570535	0.0651589107414429	0.133594663113186	0.200686013454175	0.23771168115736	0.181279471851916	0.0941024140914475	0.0424893269293608	0.0094479164307096	0.00202473949688354	0.00117086780910246	
9.9408475473384e-05	0.000325565907000284	0.000352780394582351	0.00206162342733965	0.00622418009741527	0.0221451593049168	0.0676474045631388	0.13704371793242	0.203747686926047	0.217259806003541	0.188475949637575	0.101747661475461	0.0414950379547607	0.00937387905604534	0.00192315712246608	7.69817218177917e-05	
0.000170670659477176	0.000256880582639146	0.000565986886845977	0.00584165935860567	0.0240921751500771	0.067624188205508	0.138789480240373	0.203523512007356	0.22195331945062	0.170355805844758	0.105680871604813	0.044591770400735	0.0136489049653043	0.00290202592070011	2.74872218777296e-06	
1.96863687346574e-05	8.72180893307607e-07	0.00040568871265851	0.00727286727475119	0.026236571840668	0.0756124765725982	0.135932880945564	0.195620829573611	0.220444094575309	0.172603726604682	0.105711065408832	0.0483606861721202	0.00999419625914139	0.00154874407197336	0.000235613438463526	
4.52149834689762e-05	0.00160569553482625	0.00800392881884059	0.0304185366903308	0.0725136862999477	0.144326602980757	0.193634356573877	0.215331035677377	0.172072570925213	0.0970502671629376	0.0497145631950786	0.0137711563224763	0.00150512037769165	7.26445717784105e-06	
3.24981993658666e-05	0.0015942582575278	0.0102368097010079	0.0331806615525498	0.0804393214917609	0.141226711008654	0.194156429836449	0.214692091255436	0.171165923372939	0.0936478699461453	0.0441593903731717	0.0129602572872596	0.00250740842001264	3.69297720066666e-07	
0.000438960387442839	0.00234485937883781	0.00640918669648868	0.0308762415916988	0.0838535585385683	0.149881440280267	0.206919564517921	0.208437999811222	0.162572049735111	0.0926660109856127	0.0388273304272687	0.0138875489609663	0.00278316790945344	8.39591593445762e-05	1.81216197964225e-05	
9.80449567017354e-05	0.00117009268874729	0.0060081412234184	0.0321672072122407	0.0872391936997654	0.145393552456201	0.199052885718261	0.205026106820115	0.173497937832513	0.0971915626539507	0.0368516072120258	0.0121270866787257	0.00341693389513541	0.000729293308069073	3.03536441295784e-05	
6.58491342495428e-05	0.00191362829972151	0.00738656106140521	0.0282310561911232	0.0860880106120643	0.150915171819994	0.198322959218679	0.223566231735666	0.167642646549871	0.0874849233782511	0.0353850055309131	0.00948476020492471	0.00239652195088483	0.00110935774178056	7.31657047217142e-06	
0.000209449456757794	0.00324772037296521	0.00792067369081222	0.0349777953220843	0.0883717013855207	0.152993523696098	0.207835494938833	0.214657185878276	0.164575009631112	0.0820041475479698	0.0337880115459838	0.00846785544740819	0.000709514983950787	0.000241916102228756	
0.00061707299862888	0.00417492774296558	0.0101476686124297	0.036342970832924	0.0889239547461353	0.163832189350095	0.212175569720256	0.218613329053485	0.154956714957933	0.0726816525934361	0.0289318687765213	0.00783143115277814	0.000770649462413198	
0.0005961243048033	0.0033302970848071	0.0112420059068835	0.0403274641917016	0.0837793351460695	0.159806660256183	0.223356778354421	0.218598768488585	0.15021191775428	0.0773954677090181	0.0260063980910503	0.00486602482964055	0.000482757882557456	
0.000650194433142988	0.00460453627410285	0.0154848503460444	0.0413414835727662	0.100143683076656	0.167546943639602	0.225548491629983	0.215818246747688	0.139425347387536	0.0607727063436415	0.0218122919449951	0.0063942198099624	0.000457004793878609	
0.000135685065205029	0.00371188887246112	0.0150579676008127	0.0399448811171573	0.103196045000921	0.176946960373812	0.224962763472992	0.209062345349104	0.136704775232008	0.0622047178833451	0.0203106506225872	0.00697541547034326	0.000739249665599812	4.66542736517784e-05	
0.000419063928980918	0.00241743695897425	0.0123973868825272	0.0429005019018326	0.0877545593343071	0.155905050810317	0.226022367046383	0.220133537192025	0.150867753443636	0.0707241803813631	0.0218930099324244	0.00680400048310827	0.00160882636644629	0.000152325337674809	
6.21213759654697e-05	0.00161204293926952	0.00389551103358195	0.00976740213954681	0.0365192486263935	0.086990498136291	0.172653304119595	0.209667222962009	0.222153754871757	0.145552955360175	0.0703532026546805	0.0327930487939724	0.00765865887393028	0.000321028112832449	
0.000626030637345248	0.00247782217650167	0.0147332508528203	0.0402628729082857	0.0977001618494967	0.167569078338182	0.215481544156214	0.211707099969625	0.147162033054254	0.0729581882667904	0.0242920055451543	0.00489023409921018	0.000139678146120784	
1.68542212630389e-05	0.00170762036894301	0.0110991213195622	0.0420447047942038	0.118823904218694	0.182677012143946	0.226883990202627	0.194255999177843	0.132040902317455	0.0627678605073395	0.0204728088655944	0.00615288697052224	0.000795574054091088	0.000260760837915147	
2.26947017405896e-05	0.00144306073907915	0.012982846565553	0.051479909414568	0.110448533250827	0.197096770208222	0.225829739781744	0.183582276753965	0.127250938405774	0.0619362582372367	0.0194821257066244	0.00613428387875819	0.00201512836875318	0.000295433987155605	
8.86722782626706e-05	0.000487762254735391	0.004242159461235	0.0172657223392653	0.0465586418254839	0.107406853655143	0.188541599919742	0.23511072708032	0.189859904272774	0.122786898509076	0.0606243952324087	0.0193047963935625	0.00597379313469449	0.00174807364329796	
0.00018473707819736	0.00114797288332628	0.00478282020988255	0.0181593262530089	0.0531005376581859	0.106521269404027	0.186649776660201	0.231589914012598	0.188751002975758	0.126603150133625	0.0557164247941925	0.0191052508545038	0.00611085488283348	0.00136670057303875	0.000210261626621346	
0.000573094499312168	0.00302264381116021	0.013446088935258	0.0485240949788862	0.114889386242461	0.198319618180383	0.224467069527801	0.19194860901016	0.118559798706928	0.0588285355782043	0.0192776662406684	0.00630166888437051	0.00170743045761981	0.000134294946788146	
0.000575700499381049	0.00310101392858948	0.0161643713628831	0.0598947668186872	0.137738866427744	0.195344745460373	0.220837436093186	0.168504115591848	0.114972433628052	0.0545851037234894	0.0199326876830009	0.00695072838577986	0.00120149216003755	0.000196538236948818	
