# <P(U)> as a function of N_tot.
# number_of_species: 1
# species_total_upper_bound: 527
# species_total_lower_bound: 505
# volume: 729
# Bin widths for each
10	10	10	10	10	10	10	10	10	10	10	10	10	10	10	10	10	10	10	10	10	10	10	
# Bin lower bound for each
-2790	-2810	-2810	-2820	-2830	-2850	-2850	-2860	-2880	-2880	-2890	-2900	-2910	-2920	-2930	-2950	-2960	-2970	-2980	-2990	-3000	-3010	-3020	
# Bin upper bound for each
-2630	-2640	-2650	-2660	-2680	-2690	-2690	-2710	-2700	-2710	-2730	-2740	-2750	-2760	-2770	-2790	-2800	-2810	-2820	-2830	-2840	-2850	-2860	
# Normalized histogram for each
1.08951973512587e-05	0.000157038033935531	0.000831928626959482	0.00480827287103816	0.0207754556017476	0.0640867989691383	0.134217727316532	0.20218903460794	0.223918245144228	0.17964044158021	0.10563506966611	0.0461996000154751	0.0138164031447786	0.00300491631483948	0.000601975814949325	9.71815800253986e-05	9.01551474113737e-06	
3.91926800670927e-06	1.32629221519819e-05	0.000126494499101206	0.00103380752634769	0.00523027557341996	0.0211839863259372	0.0645943948546379	0.135752818512528	0.203516853066026	0.224911392006666	0.179362116232256	0.103105077582084	0.0441646217343569	0.0135744070944771	0.00295628051074391	0.000419351741944744	4.46518379116725e-05	6.28871140240043e-06	
6.74718558391784e-06	8.20627681487635e-05	0.000835139563805022	0.00568688957234026	0.0224056943006099	0.0656860249842256	0.138523918506169	0.206638999451848	0.223418879545963	0.177733216716677	0.102161043524662	0.0416324219831723	0.0121745110256323	0.00253263958435282	0.000419871530425283	5.37996671888969e-05	8.14008919641039e-06	
1.25730069558114e-06	0.000100637661490101	0.00106997263845657	0.00612589549719149	0.0234727221231107	0.0686982862294643	0.139587799035143	0.205637025797895	0.222741519897887	0.176631498358036	0.100146383426449	0.0404695903089095	0.0122064355774304	0.00263511707411469	0.000402058446850895	6.92441301686529e-05	4.55649670685414e-06	
9.82727401138529e-06	0.000139211558393354	0.00108673108640544	0.00586792501973946	0.023688051823092	0.0705252068159114	0.144480460163867	0.207667825492162	0.223032807561449	0.173572308754274	0.0967915183656139	0.0392104464627486	0.0110146661395567	0.00250241646697186	0.000377890007726645	3.2707008076737e-05	
7.0701591287213e-06	1.4911343841439e-05	0.000115367733766398	0.0010002917386238	0.00607468266308435	0.0250687524483093	0.0724883436691657	0.147613012929498	0.210511893195713	0.221357575489781	0.170278076147437	0.0947156340780079	0.0373721337717944	0.0106072753644359	0.00244773952222541	0.00030711064330602	2.01291018815653e-05	
3.08067613503e-05	0.000200280180658733	0.00115075838183643	0.00632118800881428	0.0262402350670384	0.0746156716424941	0.149519522010851	0.21370777884927	0.220618280830736	0.166585419489805	0.091961409683583	0.0364124469885903	0.010089250574105	0.00219461338874409	0.000321937177849356	2.8038645582114e-05	2.36231869222153e-06	
2.36939989169362e-05	0.000205810133131298	0.00160996381059488	0.00740780714913623	0.0277189804033311	0.0763224242529144	0.151361184497691	0.215712737507153	0.220324758325289	0.16227302657797	0.089371173358009	0.0352176105505429	0.0100172748873173	0.00205544840938525	0.000322327615555786	5.57785230628098e-05	
1.477542374977e-06	2.51324731949465e-05	0.000298482563505805	0.00169716408355598	0.00789306937464805	0.0287622437012119	0.0789351168717252	0.153633986728068	0.215166604756374	0.219918827622671	0.161109719270417	0.0864499639040198	0.0340842800717774	0.00959256616979925	0.00207864081988646	0.000303566069426144	3.71523516794861e-05	1.04330644869759e-05	1.57256117722633e-06	
1.56600130431013e-05	0.000212969551814023	0.0017971012610707	0.00820318240806855	0.0300399608133374	0.0823093219727361	0.156532672641374	0.216427428456528	0.21927619258808	0.158517627803241	0.083776152659543	0.0322674213811738	0.00845506773118914	0.0017700831243336	0.000346171947435399	2.71553807317363e-05	2.46376633128998e-05	1.19260298786991e-06	
1.56131179058339e-05	0.000179022841768925	0.00166945761212283	0.00866908782226811	0.0317670217459999	0.0850308206830614	0.160459147654274	0.216376120607031	0.216913994176331	0.15593942705038	0.0820794915213335	0.0310113837766701	0.00805696551907551	0.00155149025387223	0.000241953604234994	3.61180619556553e-05	2.88395171509035e-06	
2.07560541658596e-05	0.00027568719205677	0.00194002393918159	0.00919270041427872	0.0324683225052394	0.087325572977617	0.164576017260768	0.221254735984941	0.215171859071429	0.151602191439045	0.0780808226936905	0.0288304646106481	0.00753155835181501	0.00138838646339007	0.00028163024513957	5.74338529148108e-05	1.83694368013832e-06	
1.31548846805402e-05	0.000261085988201589	0.00216535520392706	0.0104625136473237	0.0363931275266921	0.0902089681243099	0.167437740834801	0.223925126215857	0.212494282341547	0.146706106104862	0.0730670687333408	0.0277282534378736	0.0071437466834962	0.00161568683008732	0.000318150746940888	5.43484929102658e-05	5.28420314863138e-06	
4.06022849644903e-06	0.000329469758778407	0.00197600558314214	0.011170441514374	0.0380903015049466	0.093739017260909	0.170377299019509	0.223722091466287	0.212042015059715	0.143701685561595	0.0704204413723352	0.0262181148558638	0.00671427838106301	0.00120194773272014	0.000256708985995625	3.05325487616929e-05	5.58916550705725e-06	
4.60796895925699e-05	0.000361960766986202	0.00214985824115292	0.011144493173835	0.0405597419129053	0.0971080555109941	0.174201344277115	0.225001316611827	0.208060259671397	0.14139695069252	0.0684744003413088	0.0241399496778153	0.00597616465633732	0.00108006543564231	0.00026080249023269	3.14938423330517e-05	7.06300800460905e-06	
8.92864633828938e-06	8.64269020749631e-05	0.000436859002970527	0.00276133698867233	0.0116525235343047	0.0405169630051693	0.100499438729359	0.174888950709442	0.225132004671556	0.2077983386529	0.13962255209004	0.0660178952912272	0.023894770575186	0.00568395599797313	0.000897662802722439	0.000100241207910377	1.15119215295118e-06	
2.93527683462013e-06	7.28942562015235e-05	0.000448419269592679	0.00283388438434071	0.0129918928907823	0.0413441962789152	0.103130333875804	0.179697406305325	0.224037015438567	0.204211681966155	0.136134832758817	0.0651843939746402	0.0234583887748066	0.00552197096742763	0.000827478690691344	0.000100189544108268	2.08534699168424e-06	
3.32568272977558e-06	5.96414969215356e-05	0.000368171017553579	0.00277128267903017	0.013242808832075	0.0438968087107312	0.105598273993662	0.181737682565837	0.225314015977169	0.20317007941666	0.132175097241721	0.0632609206934145	0.0221610019587489	0.00535835565366294	0.00076008639783344	0.000107719001612565	1.47286806372634e-05	
6.91733329582147e-06	5.10414646885094e-05	0.000524658128339083	0.00314324275349409	0.014513359656241	0.0464017783595172	0.108938396905547	0.185120303203861	0.226451281379549	0.200421453745465	0.127359185787968	0.0607524575742853	0.0206662695525812	0.00473161857116214	0.000834525857126583	7.82508811516567e-05	5.25884572926119e-06	
1.30464540087213e-05	7.19510541744365e-05	0.000641883674780267	0.003364076124206	0.015305064321486	0.0489718439736106	0.11464709746989	0.190307870333445	0.226973546456705	0.193472059137667	0.123344831254268	0.057905680395345	0.0195461769089293	0.00465573094453412	0.000730834230591335	4.75390062202159e-05	7.68260139699865e-07	
9.78338974133039e-08	2.53948845142819e-05	0.000543234362279919	0.00350237432852695	0.0170295598459012	0.053068651271068	0.118231831759575	0.192885068012425	0.224726647315401	0.19069657031486	0.1201803522243	0.0554682698604943	0.0182999283450559	0.00444737989618417	0.000790940473016365	9.83044318722917e-05	5.39484062879076e-06	
1.50487813845887e-05	7.73231696212833e-05	0.00061606860234671	0.00358145473046188	0.017482139697927	0.0576649168620452	0.122656068799547	0.19675283426086	0.2236961366998	0.188219488400518	0.115767678465375	0.0518622826977607	0.0168739788797339	0.00400124940167099	0.00066233925370614	7.04926505308104e-05	4.98646710461521e-07	
2.13668744058534e-05	0.0001620839922567	0.000865803268535263	0.00454281877375918	0.0196876501328333	0.0602193523787495	0.128832083233652	0.196831310504212	0.21972012870391	0.184176685786923	0.113778407985581	0.0500169579685414	0.0163332398569073	0.00403999421586955	0.000671025883983782	9.72181260722852e-05	3.87231380818055e-06	
