# <P(U)> as a function of N_tot.
# number_of_species: 1
# species_total_upper_bound: 527
# species_total_lower_bound: 505
# volume: 729
# Bin widths for each
10	10	10	10	10	10	10	10	10	10	10	10	10	10	10	10	10	10	10	10	10	10	10	
# Bin lower bound for each
-2790	-2810	-2810	-2820	-2830	-2850	-2850	-2860	-2880	-2880	-2890	-2900	-2910	-2920	-2930	-2950	-2960	-2970	-2980	-2990	-3000	-3010	-3020	
# Bin upper bound for each
-2630	-2640	-2650	-2660	-2680	-2690	-2690	-2710	-2700	-2710	-2730	-2740	-2750	-2760	-2770	-2790	-2800	-2810	-2820	-2830	-2840	-2850	-2860	
# Normalized histogram for each
1.13701934142034e-05	0.00016388439434986	0.000854030743944334	0.0047655018264184	0.0207897785126801	0.0638136926086114	0.133390173921405	0.201335891341429	0.2238242864529	0.180420822742214	0.106617997464514	0.0465014496088441	0.0137564602133268	0.00302403034072022	0.000619802683811943	0.000101418388815051	9.40856260152931e-06	
4.09402898015232e-06	1.38543186020364e-05	0.0001321349150565	0.001044859500112	0.00521882841748641	0.0211427850410989	0.064163547252678	0.134874505376827	0.202767147442137	0.225306525631571	0.179997076686886	0.103771477093122	0.0444841466666735	0.0136240930357241	0.00297305374986306	0.000428658844207051	4.66428726268558e-05	6.56912634838129e-06	
7.0431373809113e-06	8.5662287296091e-05	0.000850956395668361	0.00560504834763202	0.0225213186126744	0.0652874550307795	0.138309584537494	0.206495811359578	0.223424512813658	0.17764315566007	0.102578464752588	0.0418823928258005	0.0122501711260674	0.00256737825625097	0.000426511981908026	5.60357372296808e-05	8.49713792367629e-06	
1.31084882776124e-06	0.000104923795124409	0.00108377221280336	0.00612998639145846	0.0234678013916073	0.0685129772560514	0.138888243908361	0.205636569682585	0.222601605696327	0.176999715383218	0.100496413370264	0.0407382601014087	0.0121994857468917	0.00265946331186647	0.000405601015194496	6.91193312126509e-05	4.75055679828202e-06	
1.02330672803789e-05	0.000144959959556961	0.00110830030179395	0.00593274306337673	0.0237026223763751	0.070707569717867	0.144257664353355	0.207132957509329	0.223172796144865	0.173993948832625	0.0967515719071726	0.0391218621736299	0.0110687643775105	0.00251138734503885	0.000355288222901482	2.73306473230439e-05	
7.36129673533558e-06	1.55253686290514e-05	0.00012011838863537	0.00103791254628011	0.00618508471019792	0.0251524603821624	0.0721855068992466	0.14726483143514	0.210266383517602	0.221602467458196	0.170585767866809	0.0949225228567506	0.0372965854842196	0.0105713169041779	0.00246189935693671	0.000307387152154116	1.68683761267189e-05	
3.21357591935975e-05	0.000201098058825702	0.00117195191340918	0.00641087220796392	0.0263914392999523	0.0746439623578637	0.149118246495511	0.213366810048754	0.220283802818087	0.167041646038154	0.0922561986143589	0.0363450546036159	0.0101264445827908	0.00224424465644186	0.000335378543664465	2.82486129215135e-05	2.46538849163307e-06	
2.38185081970908e-05	0.000210554610632285	0.00159525898780637	0.00728852862725963	0.0275571774559859	0.0762398589194946	0.151136524287773	0.21547255902731	0.220313546841907	0.162625841306151	0.089626151056959	0.0352948565261478	0.0101236073379619	0.00210554109717286	0.000333689535658759	5.24858735834105e-05	
1.54152632767115e-06	2.20819928931671e-05	0.000266485787635318	0.00167981759629502	0.00787198015426118	0.0285348964509429	0.0787913908183371	0.153573469925453	0.215177337857887	0.220031842184185	0.161291064483162	0.0864875774911282	0.0341245056118126	0.00964246031666371	0.00214078849170794	0.000312815840962464	3.74179493491624e-05	1.08848611432985e-05	1.6406598535664e-06	
9.01394332702438e-06	0.000196126040030582	0.00182915950672012	0.00825918468650721	0.0300430882772374	0.0818861444032636	0.15603754590099	0.216288361365603	0.219511682373977	0.159128474925107	0.0839332617503547	0.0323325657436792	0.00842654208749024	0.00173083993221495	0.000341321080080391	1.97596294607185e-05	2.5685051428839e-05	1.24330252786543e-06	
1.61409495059452e-05	0.000179757542891845	0.00168333957459923	0.00875053754200683	0.0317188519347992	0.0847832627962154	0.160238325736093	0.216137900056445	0.217249670290617	0.156163745720982	0.0821864511437949	0.031047790354376	0.00801460109601047	0.00155577225387864	0.000236579215242539	3.42668062316488e-05	3.00698631052941e-06	
2.16185742366303e-05	0.000272693504992968	0.00194046032286259	0.0091448624204554	0.0326671189799568	0.0873990610639236	0.164443378010758	0.221031576609198	0.215090676927226	0.151812806752363	0.0782014244643958	0.0288392758975509	0.00745875553553307	0.00133508152470529	0.000279573476784888	5.97226569846249e-05	1.91327807300191e-06	
1.36883631048318e-05	0.000234689348821319	0.00219151272097494	0.0105652169182071	0.0365198630399688	0.0902091055184303	0.167691081638825	0.223712390957091	0.212357396967623	0.14668385271684	0.0732040394928665	0.0276483133660084	0.00704423037135034	0.00156678219555093	0.000305875589506383	4.72677795727101e-05	4.69301525757621e-06	
4.21642694032988e-06	0.000326914594809286	0.00193857303928352	0.011165563831979	0.0378688863907985	0.0936622162336275	0.170710822905991	0.224044838990293	0.212146173304741	0.1433369973236	0.0704931420703232	0.0261197575578494	0.00667843652586567	0.00120314471578332	0.000262804758566386	3.17071468436639e-05	5.8041827051185e-06	
4.77376157329919e-05	0.000364032070798128	0.00219453454271675	0.011268101910001	0.0406466719116909	0.0969707131513887	0.173906009479363	0.22483445203672	0.208448006905238	0.141251308044494	0.0685267400056054	0.024130366745793	0.00600477848722092	0.00109641694061211	0.000270186044459445	3.26269763651593e-05	7.31713179980796e-06	
9.25830386058857e-06	8.36255460620671e-05	0.000424473416659341	0.00270428418819692	0.0116833492007324	0.0405051844352967	0.100676696543597	0.174925929988028	0.225211727000265	0.207981970993099	0.13957580161083	0.0656191716315256	0.0239177990581359	0.00568116550156396	0.000894426639544627	0.000103942246901059	1.19369570146836e-06	
3.0481290166907e-06	7.56968115774692e-05	0.000444862854812527	0.00280820460836112	0.0131415452485227	0.0415807626018492	0.103675115168756	0.18011097263506	0.224025825562473	0.20403695750327	0.135508390421245	0.0647408520017369	0.0233538722729283	0.00555835489872555	0.000833841736656074	9.95320229706424e-05	2.16552203875653e-06	
3.44639177867674e-06	5.64436031138469e-05	0.000363029467607833	0.002760049767804	0.0134491983237494	0.0440776491039574	0.105882026443854	0.181759742228581	0.225095425607052	0.202890361511387	0.132201143264919	0.0629721416712225	0.0221764728676038	0.00542881067121874	0.000770704724149396	9.80910788680637e-05	1.52632731332267e-05	
7.16952591517108e-06	5.2902337965067e-05	0.000539640441197313	0.00316316690680887	0.0146050224633188	0.0466402506150396	0.109194893874236	0.18534150414044	0.226151312348495	0.199928133327065	0.127116479319989	0.0609022288380452	0.0207050852686547	0.00475736805172486	0.00082380693611716	6.55850318942548e-05	5.45057309333356e-06	
1.35389116074757e-05	7.46669525590014e-05	0.000664991523515507	0.00339862437216982	0.0153881906742034	0.0488789208611913	0.114495787472988	0.190216682935829	0.226987255530659	0.192998243145024	0.123400540306942	0.0583259356130821	0.0197087028273601	0.00467542297949224	0.000724399417239245	4.72992168899285e-05	7.97259248834222e-07	
1.0105464379725e-07	2.62308982542291e-05	0.00055151774883823	0.00352394385361644	0.0169935317617296	0.0531735532374775	0.118181625434303	0.192989895180445	0.224324798825949	0.190703033403439	0.120230854810356	0.0556323907697227	0.0183536550853521	0.00444407044601988	0.00078281739211245	8.75085094025235e-05	4.715883377205e-07	
1.55248329943632e-05	7.97692028535002e-05	0.000618717250167038	0.0036537905558903	0.0174822625628572	0.0577233819034131	0.12278051729258	0.19636866245828	0.223304354470092	0.188560656626573	0.116012544239768	0.0517784482385398	0.016895944120152	0.00402666802331416	0.00062965111973137	6.85926819450856e-05	5.14420849453734e-07	
2.20534177551805e-05	0.000167291945689783	0.000881123252174456	0.00462031710721204	0.0197955474506404	0.0602480769217502	0.128599240891385	0.196549960471568	0.219752144801932	0.184597893039782	0.113532483863595	0.0499059613243004	0.0164601761784977	0.00408316531777226	0.000683037407949284	9.75298720918423e-05	3.99673590385148e-06	
