# <P(U)> as a function of N_tot.
# number_of_species: 1
# species_total_upper_bound: 189
# species_total_lower_bound: 145
# volume: 729
# Bin widths for each
10	10	10	10	10	10	10	10	10	10	10	10	10	10	10	10	10	10	10	10	10	10	10	10	10	10	10	10	10	10	10	10	10	10	10	10	10	10	10	10	10	10	10	10	10	
# Bin lower bound for each
-570	-570	-570	-580	-580	-590	-590	-590	-590	-600	-610	-620	-620	-620	-620	-630	-630	-650	-650	-650	-660	-670	-670	-670	-670	-680	-690	-690	-700	-700	-700	-710	-720	-720	-720	-730	-730	-730	-740	-740	-750	-750	-760	-760	-760	
# Bin upper bound for each
-420	-430	-430	-430	-440	-440	-450	-450	-450	-460	-460	-460	-470	-470	-470	-480	-480	-490	-490	-490	-500	-500	-500	-500	-510	-520	-530	-530	-530	-540	-540	-540	-560	-560	-570	-570	-580	-580	-580	-590	-600	-600	-610	-610	-610	
# Normalized histogram for each
0.00013846284935242	0.000298227675528289	0.00699769938650307	0.0223457736877982	0.0498572767552829	0.0736302828902522	0.0922375596455351	0.121740797546012	0.192825494205862	0.201058708248125	0.12802488070893	0.0639591854124063	0.0313458588957055	0.0135161042944785	0.00195978186775733	6.39059304703477e-05	
0.000653856699921959	0.00245723566260994	0.0154500010546076	0.0312163843833709	0.0664613697243256	0.0904642382569446	0.109985024572357	0.147486870135623	0.191073801438485	0.168579021746008	0.102697686190968	0.0470354980911603	0.0203011959249963	0.00446099006559659	0.00167682605302567	
0.00179796797702005	0.00692590031384648	0.0234799723389542	0.0416085962019256	0.0837065801372413	0.102452258098835	0.125315176339167	0.164338528645141	0.177424331081441	0.138943560827704	0.0825575828501516	0.036352997499867	0.0120644715144423	0.00272354912495346	0.000308527049311134	
0.000275727496394333	0.00236489352676678	0.017752608806312	0.0325358445745313	0.0675532366166115	0.0988801221684907	0.112814965640112	0.135000424196148	0.165691015525579	0.160770340205311	0.109135064053618	0.0635127683040638	0.0242003902604564	0.00798549249172818	0.00144226690421651	8.48392296597947e-05	
0.000727960981291403	0.0041909753637205	0.027433729552096	0.042928899011013	0.0956956707120498	0.111138842958017	0.122339042627315	0.145872981208207	0.160349005293316	0.135598331929409	0.0852858286795828	0.0461735250990547	0.0152559822793498	0.00626046443910606	0.000748759866471157	
0.000114687268670566	0.00206437083607019	0.00988395733633605	0.0319351912670858	0.0608051046260674	0.115239852783251	0.127594799453672	0.147738054278356	0.133433424040537	0.138521368323376	0.116136498701949	0.0664977635982609	0.0344687372931719	0.0120108848644084	0.00341976582944961	0.000135539499337942	
0.00027945270263008	0.00269779339846731	0.0152516686550801	0.0399724846569718	0.0791281075677941	0.128182805060244	0.140940895753394	0.160169391330517	0.128945925902041	0.124625157192145	0.0954653424907834	0.0501080192177474	0.0229903588817593	0.00985608185814551	0.00138651533228001	
0.0011512148057188	0.0061178843961056	0.0238356284536444	0.0611130602578721	0.100353039207087	0.135317077449347	0.144362336637137	0.164009735988071	0.118169458819402	0.114529427243224	0.0777563371634067	0.0323326901149022	0.0166432769055346	0.00404569774581177	0.000263134812735725	
0.00467764675023771	0.0144919616607832	0.0344703220800227	0.0793232712925824	0.119793658947092	0.147881397610903	0.155673832500902	0.154504420813342	0.108066754827922	0.0945802686368157	0.0527874621580564	0.0208417578334189	0.0115083224953278	0.00134427698663373	5.46454059607209e-05	
0.000219750321777257	0.00952251394368113	0.0220692108870588	0.0526563628182456	0.0994213241526532	0.142555173027218	0.150549899019495	0.158753911032513	0.129474796730952	0.0995050385609493	0.0801042244383286	0.0319893682701464	0.0153197367181859	0.00688551008235405	0.000973179996442138	
0.000224480633443533	0.00162238275988735	0.0129586547487858	0.0299783682298682	0.0706195665483041	0.111862781110975	0.152554997755194	0.168880862005632	0.142381943594139	0.118831884412881	0.0902106036488307	0.0629974286763806	0.0229072282763969	0.00971388922901106	0.00394881841557487	0.000306109954695727	
4.03567537027322e-05	0.000131159449533879	0.00441906453044917	0.0210561362444005	0.0465111586423988	0.0717240405181807	0.133399249364381	0.166128576617297	0.16144719318778	0.140945962306792	0.10465515153961	0.0723697485774244	0.049114169256225	0.0155272609871262	0.00987731546874369	0.00250211872956939	0.000151337826385246	
0.000100753637206303	0.000916858098577359	0.0109216942731633	0.0254302180308709	0.0702454358602346	0.102355620037883	0.143342199653407	0.162364486357958	0.156782734856728	0.128128400435256	0.0902954096642889	0.060230524321928	0.0324829726353121	0.0091383548946117	0.00583363559424495	0.0014307016483295	
0.000173241345575722	0.00591058708434815	0.0183330106288661	0.0381436680288192	0.0848576873299432	0.12039254450774	0.15473509360128	0.166433979761335	0.142618390078366	0.119108520417002	0.0727002211374823	0.0503317062234406	0.0176298545791764	0.00566601106706478	0.00239480683589968	0.000570677373661201	
0.00129820465340955	0.00977175750744707	0.0301404878834232	0.0549875211335641	0.0998208678850334	0.156509137750584	0.155180742291281	0.154778198212704	0.131038161178649	0.0946783672812173	0.057674502858063	0.035202479671524	0.0114322518315756	0.00542428145881974	0.00201272039288302	5.03180098220755e-05	
0.000527163858441584	0.0038592373033082	0.0156657184348207	0.0402832759752531	0.0767669935745688	0.128637927947642	0.159462093934632	0.158815572221449	0.135849131671607	0.116244604030317	0.0829338160695458	0.0478426067755476	0.0203903001850047	0.00824563846505799	0.00332212695697149	0.00115379259583441	
0.0017465342211549	0.0076907046670173	0.0288674320985204	0.048773952823729	0.104990523067152	0.15694991614651	0.164471921485348	0.147889769874269	0.128290877335741	0.0994631391967927	0.0604638239175953	0.0283117166645166	0.0136646455825585	0.00618233420329261	0.00214347381687192	9.92348989292554e-05	
9.77803852547179e-05	0	0.00393077148723966	0.0149995110980737	0.0360907401975164	0.0676249144421629	0.12446465239073	0.16715556859294	0.160076268700499	0.149926664711059	0.118842280238584	0.0766402659626479	0.0412535445389655	0.0221179231446172	0.0103647208370001	0.00530947491933118	0.00110491835337831	
0.00019104021396504	0.00213965039640844	0.00655267933900086	0.0251122361257045	0.048065717833604	0.0818129716305282	0.137682682204604	0.164008023688987	0.16256567007355	0.15010984812303	0.103285891680199	0.0594803706180151	0.0341293342248543	0.0127519342821664	0.00835800936097048	0.00326678765880218	0.000487152545610851	
0.00141886999236746	0.00410004501242734	0.0126524062078008	0.0356772413253224	0.0623813531127072	0.104448402058829	0.15625183474568	0.172544376382175	0.165939291934947	0.127316672211676	0.0783411941992681	0.0406579642640468	0.0240033661467405	0.00711392058242167	0.00595925396794332	0.00117423723506272	1.95706205843787e-05	
0.000179416236225082	0.000887638221324092	0.00648731338350693	0.0196035845475406	0.056695530647126	0.0844295035836032	0.127026695247358	0.171238633037139	0.166819327850121	0.148481099915958	0.10458077979962	0.056015637541431	0.0338057960887261	0.0140039093853577	0.00555246036317623	0.00383384167933597	0.000358832472450165	
6.70106546940964e-05	0.000306334421458726	0.00150295325528188	0.00919960559443237	0.0314375700022018	0.072534247231024	0.0952795780243344	0.149692229635941	0.168206316232852	0.170235781775017	0.132451345478217	0.0799532840007275	0.0476732943395143	0.0235303127482984	0.00982184738802041	0.00445142206182212	0.00306334421458726	0.000593522941576282	
0.000196769236535362	0.00126494509201304	0.00324200742101121	0.016537985832615	0.0491548292792624	0.090260859787864	0.122118736179304	0.16853753607436	0.159711030321202	0.162437689741764	0.104915482927926	0.0623196281998426	0.0352029534125408	0.0131366890296466	0.00711180240620666	0.00237997076571343	0.00122746523743488	0.000243619054758068	
0.000731217430742602	0.00438730458445561	0.0080156239876341	0.0291746498949453	0.0602837864104629	0.111589333481428	0.141161987800702	0.16514406834569	0.157646775701367	0.14714131008247	0.0837938151963643	0.0496394820388934	0.0225936930182619	0.0116809670581919	0.00581271577856145	0.00081452068234619	8.33032516035876e-05	0.000305445255879821	
0.000890752871750144	0.00726520311021211	0.0166552229665782	0.0478408521535806	0.0827936236940264	0.124222910906155	0.148727893555032	0.177027854584594	0.158340601629335	0.11411843301724	0.0604969658730306	0.0347579193497504	0.0162284038821979	0.00681982667433704	0.003479503405274	0.000213409542190139	0.000120622784716165	
0.000679160777547312	0.00185392536573726	0.012279961085923	0.0257530424567264	0.0725692468657648	0.102296297655978	0.146432570348208	0.155922465537179	0.160924392885332	0.142073092384221	0.0881624112043173	0.0489821766185136	0.0242019860863819	0.0102516566016263	0.0050019273481525	0.00235870702472512	0.00025697975366655	
0.000495252245302247	0.0015048048991876	0.00593350286198653	0.0182290922597789	0.0426774098307571	0.0943931731382801	0.121222511119365	0.156671142985038	0.156528281760431	0.156328276045982	0.116450946217511	0.0684210025048335	0.0348962351305275	0.0144575559301694	0.00593350286198653	0.00441917388115851	0.0014381363277046	
0.000273265522999848	0.00348160518192399	0.0111229188806234	0.0250088558271343	0.0637619553666312	0.101351146197055	0.148777895855473	0.163534234097465	0.157239006123172	0.134881837963666	0.0954607560346136	0.0561408835585244	0.0225191032842467	0.00935175345377258	0.00397753150144223	0.00281362279236881	0.00030362835888872	
1.02732689541812e-05	0.00143825765358537	0.00770495171563591	0.0206184507910417	0.0363776453667557	0.0848161084857202	0.12302239572632	0.170649270597904	0.172405999589069	0.140723238134374	0.110745839326074	0.0732484076433121	0.0366344770906102	0.0117217998767208	0.0049208958290528	0.00315389356893363	0.00139716457776865	0.000410930758167249	
1.01488841301899e-05	0.00493235768727228	0.0165731277846001	0.0301726325190545	0.0599393096729015	0.102463134178397	0.14483472542194	0.181066241766718	0.160423411445912	0.122365095957699	0.0896755401743578	0.0516984157591873	0.0253113170206936	0.00621111708767621	0.00297362305014564	0.00116712167497184	0.000182679914343418	
0.000529817518620029	0.00930237297115551	0.0266844631012665	0.0443518395875574	0.0816632194565295	0.120441786300142	0.159638093879589	0.177988119861025	0.151303656759758	0.107420501900211	0.0608576930522583	0.0412748224601873	0.0124303340907007	0.00402457538182522	0.0018849277104751	1.01887984350006e-05	0.000193587170265011	
0.000204146209515255	0.00321530279986526	0.0160765139993263	0.037818085312701	0.0583858159213629	0.104900529759414	0.132592963080158	0.160734518061836	0.177413263379232	0.132531719217303	0.0899264052914698	0.0467086527370903	0.0296930661739938	0.00607334973307883	0.00331737590462289	0.000357255866651696	0	5.10365523788137e-05	
0.000194600352329059	0.000655495923634725	0.00762014011225368	0.025082961202835	0.0505448809865214	0.0862181982055799	0.124708099471506	0.14341021754271	0.161794829775902	0.149616944569626	0.120836576672539	0.0698922528575525	0.034218935638494	0.0166946618050719	0.00532590437953214	0.00302142652300381	0.000163873980908681	
0.000606900458209846	0.001972426489182	0.0155467667378089	0.0325804395982319	0.0745779513063532	0.105722059820155	0.134418336485844	0.153515470904181	0.157682854050555	0.131019693919869	0.101372606536318	0.0501400928557701	0.0252470590615296	0.0108635182019562	0.00373243781799055	0.000971040733135754	3.03450229104923e-05	
0.000872134780735056	0.00332437257597833	0.0204797767334961	0.0575403747101434	0.0932568590835403	0.129322197369231	0.146467341117564	0.152787753175597	0.140495782971825	0.110432784059428	0.079795202232665	0.037296587387905	0.0188688924914326	0.00540723564055735	0.00358088280560629	7.18228642958281e-05	
2.04840378135338e-05	0.00117783217427819	0.0107541198521052	0.0303778280774706	0.0791093540358676	0.114003912451222	0.146778372952876	0.160902117025308	0.145067955795446	0.117291600520295	0.0936222948267563	0.0562798938926841	0.0270491719327714	0.0112764628163504	0.00461915052695187	0.00155678687382857	0.000112662207974436	
0.000431273489002526	0.00735218614585259	0.0177643603803421	0.0426652701620356	0.0980428398332409	0.136744501263015	0.164017415234223	0.151253773643029	0.130347277842811	0.102170743227979	0.0729160248906414	0.0429014437393465	0.0228677633335387	0.00848171195038301	0.00157106770993777	0.000472347154621814	
0.0027356255761168	0.00967380638510868	0.0272075804581182	0.0741592411612532	0.11938626834901	0.160004361142223	0.161094646697922	0.13649383988661	0.117116492055783	0.0909199036584036	0.0552180075527054	0.0290115074684561	0.0129545747390748	0.00339970859640602	0.000227968798009733	0.000396467474799536	
0.000480562257841675	0.00567664167075478	0.0166995384599982	0.0376240201035211	0.0983650871519678	0.149585014466926	0.172191464012895	0.153990168497142	0.114153559664808	0.110108827327974	0.0726449946437332	0.0388754843166505	0.019212478599962	0.00870017920967532	0.00137160477758978	0.000310363124856082	1.00117137050349e-05	
0.00400711934851995	0.00931680106591363	0.0259518151355759	0.0615087848385718	0.131161070288652	0.165236499587356	0.169860098835648	0.147577333426137	0.102972029710354	0.0816040409263108	0.0543596066460511	0.0247884579053604	0.0158992154796114	0.00521024947549492	0.00042755864016466	0.00011931869027851	
0.000847159947930657	0.00637436204723433	0.0106928115379052	0.0452507386821497	0.0883009277434552	0.145515217885406	0.167241771184164	0.165526788850549	0.137911440791785	0.0905634646775627	0.0682790255594355	0.0437423807260781	0.0166125999545426	0.00911213504969316	0.00378122610905635	0.000247949253052875	
0.00226133418717043	0.00797470507599484	0.0202119250357711	0.0630872214606618	0.122412223211695	0.159283977546753	0.167648912858587	0.159103871284058	0.118840115668244	0.0767352738115488	0.056573378293193	0.0262154671256041	0.00887523638946979	0.00693409111375712	0.00383226103401007	1.0005903483055e-05	
0.000209775540172016	0.006902614202803	0.0127663400161827	0.0358716173694147	0.0906330226657476	0.154544637238155	0.156252809493842	0.167720539023245	0.151148271349656	0.0948385227806247	0.0609647676985625	0.0409561768907269	0.0182105147492183	0.00251730648206419	0.00428541460637118	0.00217766989321426	
0.00103278852902838	0.0141883084327685	0.0187405996189712	0.0584678632307229	0.11425849794445	0.156011230321869	0.17456131555199	0.167181389752331	0.136699087536348	0.0724656572746415	0.0470069186804372	0.0282863732076607	0.0063471372706307	0.00146395267221498	0.00252682242053545	0.000762057555399579	
0.00295243853284966	0.017503022974607	0.0286477226924627	0.0719669488109633	0.147067714631197	0.178839177750907	0.18266827891979	0.155743651753325	0.104635227730754	0.0521160822249093	0.0371725110842402	0.0143792825473599	0.00299274486094317	0.00179363160016123	0.00145102781136638	7.05360741636437e-05	
