# <P(U)> as a function of N_tot.
# number_of_species: 1
# species_total_upper_bound: 369
# species_total_lower_bound: 342
# volume: 729
# Bin widths for each
10	10	10	10	10	10	10	10	10	10	10	10	10	10	10	10	10	10	10	10	10	10	10	10	10	10	10	10	
# Bin lower bound for each
-1450	-1460	-1460	-1460	-1470	-1470	-1480	-1490	-1500	-1510	-1510	-1520	-1530	-1530	-1540	-1550	-1550	-1550	-1560	-1570	-1580	-1580	-1590	-1590	-1590	-1600	-1600	-1600	
# Bin upper bound for each
-1240	-1250	-1250	-1250	-1260	-1260	-1270	-1290	-1300	-1310	-1310	-1310	-1320	-1340	-1340	-1350	-1360	-1360	-1370	-1370	-1390	-1400	-1400	-1410	-1410	-1420	-1420	-1430	
# Normalized histogram for each
0.000234569057982457	0.000311885116200139	0.00116236175659463	0.00281613913745419	0.00609093285755565	0.0137537404919267	0.0257868710780938	0.0477367689619271	0.0724254899249969	0.0995706337885589	0.135643161492934	0.150641166345499	0.145177279824506	0.118335503206323	0.087237412061174	0.0501060474917164	0.0287071903278922	0.0115666133535316	0.00222512994667158	0.000360371457794278	4.19341332706069e-05	6.87981873970894e-05	
3.82034120916434e-05	0.000309579373846076	0.000526284935538329	0.0020985529469651	0.00339022348337394	0.0110407860944849	0.0215236706365281	0.0398672365561864	0.0640783196295059	0.0860294732737492	0.120002845495521	0.147340021565167	0.154227833293483	0.127329337783372	0.0996470136458636	0.0635605975277123	0.0351372589315296	0.0175959646657959	0.00512979609258136	0.000843768463610262	0.000218022920729896	6.52092723633224e-05	
0.000169205744270634	0.000351630687312411	0.000829504722889241	0.00290624084983585	0.0067490619326072	0.0167117110864793	0.0324253726657374	0.0524405615251254	0.0808235032066471	0.107212328753542	0.137128697492516	0.151154267388699	0.139919270353105	0.109120520096156	0.0795597478041258	0.0483954867011556	0.0223761377599142	0.00954029575313411	0.00186588990654687	0.000269010694992766	4.49452758218872e-05	6.60959938557164e-06	
0.000370166792028067	0.000712061520011361	0.00219864609687719	0.00560838851864904	0.0120596790397492	0.0236992220579959	0.0435218838925504	0.0693855625746251	0.0983624557509323	0.126886995902523	0.14653608041364	0.145351941173067	0.122089292383111	0.0912918097802932	0.0596336729487631	0.0322005659672728	0.0143004044877628	0.00476482902633641	0.000858681759127274	0.00012558056354771	2.43271248757344e-05	1.77522262606711e-05	
4.67542045858631e-05	0.000725677935966495	0.00146057501086541	0.00419536672417653	0.0103728483188242	0.0185271767045529	0.0352763766149956	0.0586850873842669	0.0888369397726824	0.116182222866099	0.143401072054156	0.145125051034519	0.130371136193022	0.0998860777831922	0.0726935689920847	0.0425950559074925	0.0209551027933991	0.00821161874909455	0.00193601917580898	0.00024891675117544	0.000138287083986356	0.000129067945053932	
0.000405601374705988	0.00125493196809357	0.00326650442611678	0.00621418119140309	0.0159657059764738	0.0269136562104341	0.0472515740883172	0.0787208502772157	0.107255597233233	0.130198698657243	0.145113916794526	0.137905782153277	0.121278755296812	0.0811413109930463	0.0537596026289806	0.0279864948547132	0.0106435848587758	0.00367539268392412	0.000858533866071346	0.000122929427990308	2.7609818051299e-05	3.87852205958725e-05	
0.000125581475278295	0.00103109000754811	0.00240587668427892	0.00513165565295097	0.0109381464967395	0.0223416054071418	0.0396936605149369	0.0627279469015084	0.0983547504828277	0.12294624716285	0.14389323723927	0.142591155627174	0.127585491241684	0.0960770990943593	0.0641040554885053	0.0373611498504259	0.0153890183626555	0.00568421414417546	0.0014170878052456	0.000140783443338299	1.65238783260915e-05	4.36230387808815e-05	
7.21943232742576e-05	0.000217907636304869	0.0013703674757288	0.00364283282576529	0.00790560956515173	0.0173915462434446	0.0318330602312603	0.0523998320322901	0.0833526513861972	0.116775311395973	0.139563548887479	0.147692364754864	0.133002475801655	0.109873799024251	0.0760272457402038	0.0454850729957465	0.021792088296969	0.00859509846908295	0.00246189265697629	0.000535165258766974	9.93499861572353e-06	
3.3226587383599e-05	0.00018806248459117	0.000700416462046266	0.00244082510919918	0.00625789546782703	0.0126879046583011	0.0261978350884724	0.0439993115451094	0.0755745375357435	0.101454726448829	0.13031334665498	0.147564590824544	0.14446587928515	0.121419253744138	0.0871201121197965	0.054040386252433	0.0282180116013953	0.0124858870070088	0.00374795905686996	0.000957590248395322	0.000132241817786724	
2.85593406644497e-05	0.00028692174807075	0.000486837132721898	0.0016544492463987	0.00404347130151557	0.00922798788818288	0.0202485725310948	0.0379586845966192	0.0637324932902154	0.0923476242945677	0.121201856755646	0.142702391080984	0.147346272707166	0.134178424148716	0.0988850566238741	0.065009029400845	0.0353757246932694	0.0166932667037274	0.00638600140671357	0.00191945336093627	0.00028692174807075	
0.000155145516591658	0.000571067539794825	0.00104640699488416	0.00352015274241157	0.00727071308180394	0.0148444550662273	0.0299760943865711	0.0510521176702821	0.0847913160763105	0.110374481665431	0.138898810132917	0.149718724479388	0.140658226310435	0.11233657730505	0.0758569149016939	0.0441194237565417	0.0215962559095587	0.0094057794675802	0.00298275508068557	0.00073545576801322	8.91261478292501e-05	
0.000108459581173014	0.000417203419604169	0.000935547062142682	0.00222042713113096	0.00585548659093571	0.0122585942573646	0.0241059736609567	0.0440578788233666	0.0729034696419636	0.10639951452693	0.12994588998073	0.147254176026573	0.146291347720086	0.123147536969413	0.0880053018769496	0.0525350264561531	0.0269731659019046	0.0117229503135347	0.0037581577574551	0.00100075589008719	9.84786381202823e-05	4.65777342460795e-06	
5.81438090209786e-05	0.000381610516677917	0.000934310862199173	0.00170889332950163	0.00455793997152958	0.00905372621617467	0.0197314691670732	0.0357718089407802	0.063712916613758	0.0927219990777189	0.12247291634643	0.146633339793757	0.146122743585802	0.133522913338992	0.101974884547782	0.0628193732498379	0.0343837090403598	0.0158157843733501	0.00568806848939711	0.00173228451703881	0.000197822614600111	3.34159821959647e-06	
0.000118905421546743	0.000734376097848352	0.00146334740380822	0.00381713427124489	0.00693502359191659	0.0135592716502451	0.0284278541354765	0.0529203441771475	0.0843694769782889	0.114655903924419	0.137418184962788	0.153776463212284	0.140483377562547	0.11189270407143	0.0750367525848417	0.0445854794861124	0.0189762243204825	0.00778492711638138	0.00249431145653737	0.000549937574653688	
3.23075897932247e-05	0.000470479276363835	0.000934227804854081	0.00241768463619298	0.00584834682736103	0.0104925628601371	0.0214616626697242	0.0418766940451054	0.0699163166116877	0.106911199224079	0.129916222381217	0.150764713919658	0.147280878820288	0.125333256154091	0.089789522783245	0.0550689598773388	0.0259369369308732	0.0104858321122635	0.00392739138423888	0.0010876888563719	4.71152351151193e-05	
7.46489970228623e-06	0.000312847160250359	0.000742418206754648	0.0019232296142072	0.00442872140519272	0.00915807468021388	0.0185434894877247	0.032962961203559	0.0598522085584396	0.0916689683440749	0.125137506845652	0.147205107620102	0.151637900788768	0.132014036725949	0.107554953537786	0.0640420531731592	0.033167906631749	0.0127717647633661	0.00525257488142685	0.00135453998234212	0.000261271489580018	
0.00010893364851469	0.000691047832765063	0.00107435810847613	0.00336264556258783	0.00684647980914825	0.0138972102092615	0.0267969966993104	0.0504158542032048	0.0780250874192529	0.114270035621303	0.143037369688123	0.152243624658221	0.138626918593884	0.116387433414307	0.0817540223749714	0.0442774431094021	0.0193969977886469	0.00660478327650628	0.00177698014139588	0.000405777840717219	
0.000184397511862907	0.00096911136790172	0.00222096558732656	0.00625244155964781	0.0104293866802165	0.0217274905274315	0.0400784577265289	0.0683896223812138	0.101592784730247	0.130918818653925	0.153723327241386	0.148627126376493	0.124797504213825	0.0955049350237804	0.0555978986879093	0.0260669786399386	0.0100797143614246	0.00240946082167531	0.000405674526098395	2.39033811674138e-05	
0.000108744578256866	0.000585018300748961	0.00187274681922109	0.00398844829745909	0.00823705767454537	0.0160976388661382	0.0319702177506941	0.0571810652288523	0.0909744753074099	0.123478780353847	0.148459061795827	0.152901071340573	0.139758807278454	0.105489123477404	0.0670981578117838	0.0330776229811707	0.013959913169519	0.00379780115709737	0.000684127283464079	0.000280120527535091	
7.45097905181165e-05	0.00024061877304933	0.0013350240447879	0.00280471257335626	0.00567299772027384	0.0124944032210104	0.0276205742722478	0.0480704356772017	0.0818541317045994	0.111817321133779	0.142045054498101	0.153100530113234	0.14759979356003	0.114261105547562	0.0787876095003401	0.0437235755129384	0.0199153049261909	0.00664572645336815	0.00179575430909259	0.000123727266823661	1.70894014949808e-05	
5.44044851057521e-06	0.000236659510210022	0.000344788424357704	0.00220270159071914	0.00496100898558077	0.0101253547342443	0.0222092709322957	0.039963494590494	0.0692072654469634	0.102719748216043	0.138806243186688	0.151232907640906	0.15345601091354	0.126252408248536	0.0870356152161184	0.0538896826654389	0.0238937698023825	0.00926304364531812	0.0038191948544238	0.00037539094722969	
3.33979481391209e-05	0.000357153567855088	0.00144156449620899	0.00331253118277811	0.00777490600863167	0.0166914765709986	0.0326918200927509	0.0562748610236403	0.092635684276246	0.128689110087816	0.152411877128267	0.153387233532085	0.13825932620662	0.10172674207787	0.063443151239541	0.0322112985940145	0.0131138065754426	0.00424903691223019	0.00129502247886387	
6.04836677296111e-06	0.000157257536096989	0.000906582975191616	0.00280913034566416	0.00571705068195335	0.0132371867030017	0.0260845897695236	0.0492894849143652	0.0814204253345923	0.120158870433903	0.152005537615801	0.153858353970585	0.143634598002023	0.11355674208084	0.07220809069862	0.0401692198614924	0.0164750790487935	0.00590925433718301	0.0023111481480237	8.53491755740068e-05	
6.79987306903605e-05	0.000227329089856989	0.00155597095520884	0.00450124931001288	0.0089638326751234	0.0202436221190538	0.039689925788052	0.071060673534094	0.109191961750047	0.143659985013613	0.160086345054892	0.151510505137237	0.122463047356449	0.0844404237787561	0.048013770409619	0.0226682435261208	0.00824784604020725	0.00296461132725522	0.000442658403709797	
0.000259730303454876	0.00088361174483249	0.00306984035508371	0.00631085157173183	0.0146136296946418	0.028748774046532	0.0587049966030184	0.0997304885044557	0.129395257972332	0.162904432466156	0.160431377006797	0.133909806834674	0.099820369729061	0.0575233228560023	0.0272062536183802	0.0116138438234416	0.00358070937434737	0.00115920344086476	0.000133500054193091	
5.19987257021144e-05	0.000858966291661511	0.00234981583236137	0.00550133353694016	0.00955657592998734	0.0223265414660218	0.0451809687296777	0.0819328782018709	0.121434796230816	0.151354468072782	0.165342783498369	0.147665849606521	0.111622175942625	0.0714561222904715	0.0386021426107836	0.0163085117306492	0.00628592190449611	0.00166132637559667	0.000506823022666179	
0.000231914787880796	0.00212831513906605	0.00408236288038167	0.00667185714049067	0.0159835671807444	0.0326787814534431	0.0698613480875313	0.110301986184505	0.138896416916527	0.1636191959183	0.158996140275316	0.126914373747246	0.0855208971789223	0.0499981778123809	0.0210141302367187	0.00988553348683884	0.00259545778322593	0.000605628903208707	1.39148872728477e-05	
0.000459141327232378	0.00460711041171635	0.00562873256718212	0.0120377437716694	0.0255680238805814	0.0540714128275715	0.0947780195573276	0.136676954833444	0.158464584310317	0.166255597828824	0.138585465364589	0.102921564664693	0.0572461592697168	0.0280658311864225	0.00924365295979374	0.00443836616324633	0.000734495314076868	0.000217143761597079	
