# <P(U)> as a function of N_tot.
# number_of_species: 1
# species_total_upper_bound: 369
# species_total_lower_bound: 342
# volume: 729
# Bin widths for each
10	10	10	10	10	10	10	10	10	10	10	10	10	10	10	10	10	10	10	10	10	10	10	10	10	10	10	10	
# Bin lower bound for each
-1450	-1460	-1460	-1460	-1470	-1470	-1480	-1490	-1500	-1510	-1510	-1520	-1530	-1530	-1540	-1550	-1550	-1550	-1560	-1570	-1580	-1580	-1590	-1590	-1590	-1600	-1600	-1600	
# Bin upper bound for each
-1240	-1250	-1250	-1250	-1260	-1260	-1270	-1290	-1300	-1310	-1310	-1310	-1320	-1340	-1340	-1350	-1360	-1360	-1370	-1370	-1390	-1400	-1400	-1410	-1410	-1420	-1420	-1430	
# Normalized histogram for each
0.000242622875270833	0.000322593543656191	0.00120227089589513	0.00291282993830737	0.00629328497141049	0.0141073680772002	0.0249847344126663	0.0465408958476925	0.0715947574482851	0.0997281674992427	0.135237855132457	0.150391619073953	0.145096612022302	0.118416228352855	0.0876234547193199	0.0509121739077396	0.0296399761172343	0.0119637475339553	0.00230152872742946	0.000372744640779213	4.33739218361265e-05	7.11603405123951e-05	
3.95043969074868e-05	0.000320121837008945	0.000544207122915207	0.00217001738874574	0.0035056746703937	0.0113452541256553	0.0217498949387375	0.0388736887775501	0.0620947819459457	0.085930236597282	0.118714118258455	0.14714093738485	0.15424832327674	0.128006505965504	0.100359558122887	0.0643826314151224	0.0359094967889055	0.0181951803273552	0.00530448695026737	0.000872502283422252	0.000225447506489278	6.7429918859331e-05	
0.00017528423777033	0.000364262556616466	0.00085930358750689	0.00301064372451617	0.00690181686220673	0.0169621735245484	0.0319825263525473	0.0506133236561827	0.0799987675327032	0.10722670893573	0.135980855674656	0.150822500744616	0.139843955946141	0.110425646275039	0.0802562162569283	0.0492774660472377	0.0231505287627055	0.00988301831240992	0.00193291954385016	0.000278674549892673	4.65598756577438e-05	6.8470405379035e-06	
0.00038319756931588	0.000737127828719535	0.00227604382201119	0.00567309367717204	0.0123814333630998	0.0237119661098164	0.0426349835558556	0.0676442401934093	0.0972559514734389	0.12554927253719	0.145776386862109	0.145543609653039	0.122992126412999	0.092702502559188	0.0608249569838608	0.0331142595778973	0.0148038137346721	0.00493256267288132	0.000888909459194564	0.000130001306819419	2.51834992267985e-05	1.83771480844205e-05	
4.84456453505827e-05	0.000751931002483692	0.00151341466743088	0.00428641611397691	0.0106853352984525	0.0183138186085865	0.0344141488577745	0.0572818581293158	0.0867893501460193	0.116121482573214	0.14189797756489	0.145222304102186	0.131368214197986	0.101059663200415	0.0740570157482464	0.0435137421872868	0.0216251808182538	0.00850869292284178	0.00200605911733399	0.00025792188651437	0.000143289936952428	0.000133737274488933	
0.000420669102502129	0.00130155156673673	0.0033537622612771	0.00636935292637745	0.0162915530053296	0.0261864811813643	0.0460492898737379	0.0771808488516143	0.106046112697048	0.129536766275019	0.144151097250924	0.138891028975715	0.12243107196987	0.0824640982443031	0.0548287972204477	0.0286559519905421	0.0109428510456388	0.00381193023029077	0.000890427630255722	0.000127496146139219	2.8635498063354e-05	4.0226056803283e-05	
0.000130402346144106	0.00107067189465687	0.00249823442086602	0.00527649072187307	0.0111452826264954	0.0227963890904025	0.0384034909394391	0.0610056491669006	0.0966356881022958	0.122707235065328	0.142673893244404	0.14311245692433	0.128692016425205	0.0972279892850451	0.0652272535412816	0.0378949217894771	0.0159193811516449	0.00590242198336478	0.00147148752701559	0.000146187893308918	1.71582034400139e-05	4.52976570816367e-05	
7.50676814347982e-05	0.000226580432954574	0.00142490855861099	0.00371688327251015	0.00799367503131837	0.0175823661195449	0.0314003290581485	0.0500880495694627	0.0818492544539584	0.115297071740599	0.139249860367226	0.147727687509082	0.134183824911864	0.111015459121515	0.0774230160266056	0.0464448565897372	0.0222682423074566	0.00890619501206248	0.00255987680635913	0.000556465014672633	1.03304148763484e-05	
3.45385204664911e-05	0.000195488025840339	0.000728072011433632	0.00253719971346843	0.00620864443905644	0.0127682002460524	0.0263300956924248	0.0425072479085199	0.0728348319597364	0.100694293338417	0.130354593174221	0.147365505274377	0.144969913494822	0.122622109212183	0.0883495353532842	0.0552374557820592	0.0283139883080201	0.0129194789656957	0.00389594510862019	0.000995400159844273	0.000137463311456634	
2.96813943904926e-05	0.000298194473876576	0.000505964234610024	0.00171945007969109	0.0041022448107604	0.00924817028008882	0.0204318435804321	0.037701583260798	0.0607122568282738	0.0901596513885716	0.120052957129713	0.143323170331859	0.147654583117913	0.135898680144321	0.0997943700607226	0.0664317925008231	0.0359793721211636	0.0170433327650152	0.00661964121406567	0.00199486580903543	0.000298194473876576	
0.000161312244217128	0.000593766345735385	0.00108799960461339	0.00365183463504306	0.00727003395107914	0.0145023139726607	0.0299580862739068	0.050148887769237	0.0821443133658521	0.109228295952367	0.138280287918331	0.150487162977536	0.141470838178421	0.113409372035458	0.0771079391708688	0.044968362207081	0.0218492286528986	0.00972129362809771	0.0031013136994595	0.000764688681097363	9.26687360396265e-05	
0.000113055637245382	0.000434882727318126	0.000975191570349737	0.00231451939563092	0.0059045560728217	0.0120740646206602	0.0236425000416156	0.0436228297479206	0.0711855166711981	0.103653292346619	0.129184445763812	0.146936261589937	0.147889951781424	0.124703142253123	0.0894166051680992	0.0533261939507605	0.0275536702160126	0.012032449048668	0.00388620083120169	0.00104316367127027	0.000102651744247341	4.8551500657526e-06	
6.0764968087915e-05	0.000398813756071258	0.00097643017686098	0.00178593130345746	0.00476341473976529	0.00886958999710843	0.0194804106314947	0.0351654553251764	0.0622826953942948	0.0906257115438074	0.120855235495682	0.146183052021797	0.146678251589318	0.135377364420784	0.103925556628061	0.0640993584057507	0.0346555883515652	0.0159315968055786	0.00586416864443833	0.00181037698027443	0.000206740581080722	3.49223954528247e-06	
0.000124459291557912	0.000768677556383241	0.00153169787224112	0.00399542612103525	0.00709842254919501	0.013393516943789	0.0278322090746381	0.0523209889987886	0.0829839398013036	0.112575550679329	0.135834587944279	0.153200194891936	0.14172023955585	0.11392268107943	0.0770219154426402	0.0454290557287693	0.0191144014250589	0.00794559431786762	0.00261081650245347	0.000575624223455343	
3.38336961057416e-05	0.000492703199539862	0.000978357712391027	0.00253188825857966	0.00608019713766931	0.010412319976542	0.0211065874206318	0.0413645129639446	0.0683673267996707	0.104797759081528	0.12957671226697	0.149475859657829	0.147179397534651	0.126683226381261	0.092158054111358	0.0562393564831001	0.0265636806550204	0.0107118891608116	0.00405792892668238	0.0011390677688933	4.93408068208731e-05	
7.8074539892541e-06	0.000327203299004195	0.000776486787658545	0.00201148405504965	0.0046007197053041	0.00941366020540702	0.0179173971367937	0.032275305023032	0.058993122342804	0.0902648146439446	0.123899326429651	0.14657927049989	0.150734255559262	0.132704005223896	0.109392367149073	0.0657479895805978	0.0341427060635527	0.0131129738592245	0.00540914607746414	0.00141669801477738	0.000273260889623894	
0.00011417064658405	0.000724270039267567	0.00112600800193519	0.00348505898697812	0.00713923324420887	0.0140372809975089	0.0263748464939978	0.0497527135151644	0.0767226745044816	0.111880097986957	0.143283447896442	0.150955001780349	0.138508974169605	0.117579353951125	0.0834937074134569	0.0456147411430337	0.0200726268025583	0.00685808802699565	0.00185241874082621	0.000425285658525586	
0.000193094096898909	0.00101481675370204	0.0022527644638206	0.00644004571323953	0.0104542574387713	0.0215829138900451	0.0396865582193005	0.0670015061339558	0.0998825701825526	0.129653388944433	0.152964137420063	0.147946551553978	0.12581296190611	0.0981969302329573	0.0566502322135306	0.0269409174973289	0.0104857246249326	0.00239079098493723	0.000424807013177599	2.50307162646734e-05	
0.000113721589395966	0.000611793360674499	0.00193398677662633	0.00396945927543513	0.00841971615667092	0.0161513447218068	0.0318298091636569	0.0561755861340274	0.0899530574553139	0.121637475726199	0.147611342792858	0.15302967269775	0.139722087467737	0.107391327505222	0.0684344855681545	0.0336011308820333	0.0144512789360266	0.00396514073406566	0.00070464200011804	0.000292941056228848	
7.79363038743638e-05	0.000251684210676845	0.0013964183620792	0.00288650329120006	0.00554277273058778	0.0125341596964917	0.0275765813562061	0.0478221450644869	0.0807062602157334	0.110097541931877	0.141733246197209	0.15192288166981	0.147890214203284	0.115116210894208	0.0804510009452458	0.0444251232323117	0.0206116498329017	0.00694133612855343	0.00186904126906043	0.000129417165149173	1.78752990537532e-05	
5.69454192392946e-06	0.000247712573690932	0.00036089159442903	0.00227283404538835	0.00491723695131309	0.0103249163258246	0.0224606969834588	0.0394888009714889	0.0685217111529027	0.101629777898629	0.137197886755492	0.150760150165071	0.153292085867998	0.127222472940249	0.0878632227975291	0.0548989432353825	0.0245463229630979	0.00962804675788374	0.00396767208549785	0.000392923392751133	
3.4944263899081e-05	0.000373689679247315	0.00147906945564681	0.00337818322632544	0.00793733994279125	0.0169044659482411	0.0324225717124044	0.0555150249637542	0.0923077691082723	0.126996725936417	0.151460563258745	0.153177111079257	0.138305830771348	0.102970761635192	0.0647310397059547	0.032812663801237	0.013498469940445	0.00435947520847106	0.00133430036235062	
6.3233286564121e-06	0.000164406545066715	0.000932339680784318	0.00289467934049087	0.00581113903524272	0.0135572166393475	0.026362659760655	0.0490521681640075	0.0803062739364337	0.11962613670615	0.150101770461765	0.153128537111967	0.144977063881779	0.114104465604956	0.0727808102432304	0.0411782188026285	0.0165734444084561	0.00603175294614421	0.00232136420897618	8.92291932627041e-05	
7.10803870396761e-05	0.000237631490005192	0.00162160843766006	0.00458050376482148	0.00925717511210841	0.0206237652396001	0.0398935187927484	0.070736831835651	0.107489573134401	0.142426280230942	0.158738532190008	0.151686939675748	0.123692417046749	0.0854511688194036	0.0488440726274308	0.0228955501587114	0.00849062191854327	0.00283554994965139	0.000427179188777661	
0.000271866393924028	0.00092489915693747	0.00321328091546339	0.00645215739473133	0.0149284396460064	0.0291983123530417	0.059152039724315	0.09935436919733	0.12782078677996	0.160928994447146	0.159306789119533	0.134982702241272	0.101172345999448	0.0584083848299936	0.0275152310898937	0.0117940207379409	0.00330736190674498	0.00112828012338445	0.000139737942932961	
5.44320804767975e-05	0.00089916284838254	0.00245977882660971	0.00575877631170979	0.00974540944637751	0.0225617528507941	0.0454397629792951	0.0807875426327213	0.120078547559169	0.149068109001964	0.164733523960451	0.148647810659042	0.113387535742584	0.0719419850484032	0.0395604092741241	0.0166996244875461	0.00605711923381679	0.00158817652530403	0.000530540531229545	
0.000242718783243805	0.00222746494794029	0.0042725440673288	0.00689321344412406	0.0162933651780377	0.0328460927130273	0.070122149961373	0.11009724007939	0.13666107719983	0.162007852992861	0.158883715511395	0.128493243402557	0.0863662779005241	0.0502462555426568	0.0211623039699084	0.0100568794131476	0.00247919900027601	0.00063384276538525	1.45631269946283e-05	
0.000480526690108885	0.00482169516399856	0.00589090127503855	0.0121753963489555	0.0254959795249083	0.0551592617412453	0.0948629506392306	0.135420224697566	0.156479204214945	0.165166332739406	0.140192635072835	0.103613054171512	0.0575126104030606	0.0278157871499497	0.00951880933426518	0.0044445296280299	0.000722843568027041	0.000227257636917592	
