# <P(U)> as a function of N_tot.
# number_of_species: 1
# species_total_upper_bound: 369
# species_total_lower_bound: 342
# volume: 729
# Bin widths for each
10	10	10	10	10	10	10	10	10	10	10	10	10	10	10	10	10	10	10	10	10	10	10	10	10	10	10	10	
# Bin lower bound for each
-1450	-1460	-1460	-1460	-1470	-1470	-1480	-1490	-1500	-1510	-1510	-1520	-1530	-1530	-1540	-1550	-1550	-1550	-1560	-1570	-1580	-1580	-1590	-1590	-1590	-1600	-1600	-1600	
# Bin upper bound for each
-1240	-1250	-1250	-1250	-1260	-1260	-1270	-1290	-1300	-1310	-1310	-1310	-1320	-1340	-1340	-1350	-1360	-1360	-1370	-1370	-1390	-1400	-1400	-1410	-1410	-1420	-1420	-1430	
# Normalized histogram for each
0.00025640750170998	0.000340921706184219	0.00127057795540085	0.00294438893723388	0.00642809309454489	0.0137285446725612	0.0247827161289629	0.0467363550742543	0.0726600129636195	0.099351460913971	0.133859756556118	0.149803576096805	0.145495500334834	0.120131211883557	0.0891173637297981	0.0502687623324488	0.0285643686681492	0.0113621469472825	0.00238287083293046	0.000393922139498573	4.58382125961976e-05	7.52033175406367e-05	
4.1639535159203e-05	0.000337423819393542	0.000573620492969021	0.00224063774537711	0.00349987472243301	0.0111464728083067	0.0207802818135023	0.0387369723893986	0.0629683101599748	0.085895181803236	0.118139976322899	0.147095965488005	0.15358527166566	0.129539158034241	0.10190558307195	0.0648083468601996	0.034903263462672	0.0174182483109066	0.00517981458920086	0.000895250005922865	0.000237632519615452	7.10743789786396e-05	
0.000184259356560569	0.000382913975352432	0.000903302705013726	0.00305539440859224	0.00687877605722405	0.0166833891629587	0.0312283621214586	0.0507411400759782	0.080515580712076	0.106568126298273	0.135331299762622	0.151484223512358	0.140683458260217	0.111879258298509	0.0808085242984829	0.0485710542946106	0.0223371284042996	0.00948071970553052	0.00195271732167509	0.000274229745506159	4.89438915864011e-05	7.19763111564722e-06	
0.000402716440415849	0.000748208519848985	0.00236050489053695	0.00582400933901571	0.012440576077642	0.0231143500099427	0.0426214193644376	0.0678752451706216	0.0971469364223043	0.124980865604296	0.145050164305446	0.146241861622912	0.12420833673103	0.0938372224439666	0.0606764205589962	0.0322824079438858	0.0144999377685074	0.00462658958545242	0.000879824550109227	0.00013662316184623	2.64662669545052e-05	1.9313221831666e-05	
5.08192637934934e-05	0.00078877223521732	0.00151527297818064	0.00439550843599779	0.0107665262814328	0.0182820512086396	0.0343488119744501	0.0573398763731938	0.0869123933153342	0.115766998685857	0.141725621784429	0.145364567377755	0.132052783320974	0.101940580112633	0.0738396745276672	0.0427397166146067	0.0215323367985868	0.00824775178440035	0.00183521961079602	0.000264117018870409	0.000150310498544135	0.000140289798641193	
0.000441182569498768	0.00136359021075227	0.00335427460862029	0.00641895612056797	0.0160305867513661	0.0261291628113841	0.0463542016740626	0.077551601199559	0.106173409776377	0.129092021960452	0.143252766865401	0.139415122050977	0.123644811564275	0.08267418130959	0.0541617745692928	0.0283665376249362	0.0107885941792503	0.00377543592699108	0.000805855357901315	0.000133713355747601	3.00318766919745e-05	4.21876363053927e-05	
0.000136741507452772	0.00112271974540171	0.00249013481992943	0.00516451082884785	0.0113265149699565	0.0228120819038448	0.0381336079678557	0.0608967508058753	0.0970555235292551	0.122156226452573	0.141915374279498	0.14390244429043	0.129869886857198	0.0975082098881383	0.0652084264435045	0.0371807355685532	0.0155237595566121	0.00593746019202826	0.00144010398112104	0.000153294426776002	1.79923036122068e-05	4.74996815362261e-05	
7.86040497671806e-05	0.000237254425444059	0.00143578589987575	0.00366049684970834	0.00805727567017164	0.0175517795163615	0.0311812890631479	0.0503837536246202	0.0821715198056966	0.114368892411248	0.137925588646979	0.14743235184038	0.13549679562298	0.111927118901966	0.0776802718978984	0.0464535511362612	0.0219384624038272	0.0088562966531261	0.00256941494789417	0.000582679561576898	1.08170710688781e-05	
3.6162206299601e-05	0.000204678087655742	0.000762299308795589	0.00258993721517742	0.00624955249269704	0.0129200330667214	0.026192286022801	0.0419821517814588	0.0722390697923349	0.100012367474554	0.129800623291788	0.146586396211937	0.145355434709498	0.124663420264866	0.0891976980585958	0.0555386396790532	0.0278412826300628	0.0127594728707512	0.00392215289525472	0.00100241635862494	0.000143925581072412	
3.10324122720922e-05	0.000311767490733577	0.000528994376638223	0.00174358855928778	0.00415617819244137	0.00932199230973523	0.0205283015599921	0.0374821022366431	0.0604771197302634	0.0894729397364987	0.119155081232752	0.142428668752815	0.148328435504544	0.136752624043047	0.100718219923097	0.0671216643765228	0.0358583132224057	0.0166709005461705	0.00661206886597462	0.00198823943743288	0.000311767490733577	
0.000168777341031495	0.000621244255286142	0.0011383493001486	0.00371669250994889	0.00741112077491064	0.0147396483829335	0.0301565607343466	0.0500672595659047	0.0819927504745516	0.107223167455132	0.136889914799762	0.150110567113412	0.142789221519901	0.114641470244555	0.0782925765979803	0.0454441968245441	0.0213155008701011	0.00961959023734403	0.002874960409145	0.000689473393149938	9.69571959117101e-05	
0.000118200395354942	0.000454672686426679	0.00101956905441134	0.00241621912467894	0.00595788005052886	0.0122609342617261	0.0237909114773309	0.043536178748004	0.0701247413006685	0.102226663398631	0.127663678541335	0.145988365600349	0.148654038320133	0.126230045525281	0.0910947967170747	0.0543315731384888	0.0274522231101352	0.0116967630495412	0.00385130245233188	0.00103624763780498	8.99193191657228e-05	5.07609059806499e-06	
6.35946782218928e-05	0.000417385761663227	0.00102190069142766	0.00186909876107333	0.00487851589026336	0.00899170272192533	0.0197435891813026	0.0351210747646814	0.0612636043270696	0.0893293246756854	0.120028741870663	0.145348195482731	0.147372991559451	0.136360878600683	0.105113231421034	0.0656421344713126	0.0343871775585345	0.0155982395238732	0.00559998655009104	0.00164176606076289	0.000203210580984899	3.6548665644766e-06	
0.000129830372192695	0.000801850082803746	0.00159779878505328	0.00416785001641321	0.00718271780704699	0.0135591594958746	0.0280227055616823	0.0524728628703577	0.0822807360496896	0.110695883418227	0.135748719216002	0.153727275074413	0.142652596791862	0.114883650594011	0.0779498603954663	0.0455380030465877	0.0185082047631518	0.00744311622400165	0.00222113210609207	0.000416047329072045	
3.53621377591013e-05	0.000514961131116913	0.00102255515020068	0.00264626664230608	0.00633350621489571	0.0101857690970278	0.021051522634715	0.0417162718876899	0.0686533803256853	0.103722307025867	0.128156807506203	0.148935010284488	0.147885196819765	0.127764140434836	0.0933855121321601	0.0570067129124846	0.0261193590023162	0.0102874352430852	0.00365629770205041	0.000875949620741073	4.56760946055059e-05	
8.16055824153324e-06	0.000342001577213347	0.000811604610567033	0.00210245655059138	0.00480879441105622	0.00939725374959104	0.0174346617485702	0.0325027616070958	0.0592211711588067	0.0898121365305906	0.122791919860351	0.146186014732033	0.151475540210409	0.133467413778138	0.111160898759373	0.0662911820716987	0.0337557782316367	0.0121963252264369	0.00494974950795543	0.00115286431884933	0.00013131080079558	
0.000119661597003674	0.000759103255992054	0.00118016250044873	0.00365267024853714	0.00726570259306681	0.0137932427096172	0.026122126625902	0.049575799638622	0.0760606504804413	0.11020608718544	0.143112278476469	0.151081740836913	0.139624142923811	0.118046913329105	0.0852558963251924	0.0458348789622946	0.0197808098696885	0.00651108664696239	0.00163712022400651	0.000379925570486664	
0.000202300986404624	0.00106320407299319	0.00236017817472062	0.00666993844805173	0.010560860753234	0.0216709312214109	0.0396255183962777	0.0669301574576011	0.098188656908766	0.127983096628692	0.152757474834132	0.149568611878065	0.126800759752593	0.0997643568139842	0.0566277924092174	0.0266183142333729	0.0101083059540177	0.00221107485511128	0.000262242019413402	2.62242019413402e-05	
0.000119395044954501	0.000642315115261558	0.00203047142906801	0.00416749160078529	0.0086349821436398	0.0163125369331191	0.0317349006829699	0.0563242346248653	0.0889462858317376	0.118642402772383	0.146329962564364	0.154181320267384	0.141428720402497	0.108508181583239	0.0695748176202905	0.0334351465763093	0.0142609068884896	0.0039755527310483	0.000558436317856814	0.000191938869736983	
8.22882474264162e-05	0.000265738193523839	0.00147439401122744	0.00304768490697653	0.00575187300130151	0.0124338296799365	0.0276382820025789	0.0477702149761591	0.0804854553635329	0.108416653329428	0.138657206789611	0.152082270128913	0.149855202882052	0.116554130568046	0.0812056662630265	0.0450916947755267	0.0205871606175997	0.00670837951037738	0.00184959822196991	2.34030795432927e-05	1.88734512445909e-05	
6.01014813512616e-06	0.000261441443877988	0.00038089313806362	0.00239880037443223	0.00513867665553287	0.010323931959113	0.0225568372196454	0.0395880944975591	0.0684766227775599	0.100159869940394	0.135601713493233	0.150134251683968	0.154141517953064	0.129274530043979	0.0887774006409823	0.0554721647501807	0.0238813236149238	0.00927666364656723	0.0038502511490652	0.000299004869722526	
3.6850167969082e-05	0.000394071183995897	0.00155973976260971	0.00356243358509268	0.00822962016501355	0.0168788810183281	0.0324574775383185	0.055421900581255	0.0921412128518345	0.126035846940947	0.149977927501431	0.153002649451873	0.139794496389812	0.103801658859194	0.0648517833601186	0.0333839960472554	0.0130201420009942	0.00413248312224705	0.00131682947171148	
6.68316666258251e-06	0.000173762333227145	0.00098539579569411	0.00305940518331555	0.0061225232369992	0.0137539569915948	0.0263391023913113	0.0488480077108892	0.0800494851362661	0.11911036655684	0.148257884094583	0.153014813610195	0.145591300596213	0.115685614929303	0.0729126057147016	0.0416183065301221	0.0164183127677444	0.00578539460757559	0.00217945490607552	8.76237406871929e-05	
7.53062083324105e-05	0.00025175899060149	0.00171801516460313	0.00485282066047974	0.00954321616573272	0.0207439072109386	0.0399226265624192	0.0705670852805895	0.108550207830369	0.141509963306681	0.157303594764004	0.151794428817176	0.124841450899614	0.0846818312697956	0.0493381174924509	0.023088735815485	0.0084114081522662	0.00241791992439847	0.000387605484063877	
0.000289478665864278	0.000984816733487378	0.00342144631791239	0.00668158009683172	0.0155640819585552	0.0293412040102739	0.0594808682592167	0.0990238013336643	0.128209585500433	0.159207373529865	0.158636518654432	0.135785382137619	0.102094632270021	0.0574140053166845	0.0279578937443881	0.0119606986674406	0.00307156752329272	0.000739533283785585	0.000135531996231621	
5.82286262245517e-05	0.000961877939532151	0.00263134424837531	0.00614643688717135	0.0102121217258375	0.0235317357068992	0.0456947301619124	0.0802206201569814	0.12062760140073	0.147494584369225	0.162713630879156	0.149536271643175	0.114321220059246	0.0721172591859343	0.03924904236022	0.0170167632107117	0.00588330246233382	0.00116236131083694	0.000420867665496443	
0.000258909060781491	0.00237604543780043	0.00455753920992791	0.00710076592697581	0.0169370910161515	0.033397789360465	0.0688335628993672	0.110708034909818	0.136742450581658	0.159917770482296	0.158352480274828	0.130113638885478	0.0875097830637967	0.0496447027945904	0.020890262504198	0.00982374950622343	0.00246555399881346	0.000356554763704796	1.33153231259053e-05	
0.000511637568191011	0.00513386756458331	0.00627229759523055	0.0127472094980923	0.0262939438000386	0.0547860341893423	0.0928294213466563	0.13658245053988	0.156179918589863	0.163423015673456	0.141663113627999	0.10431284232161	0.0581000171274684	0.0271044010305634	0.00943468421685562	0.00416816987533389	0.000436568238385208	2.04071964520631e-05	
