# <P(U)> as a function of N_tot.
# number_of_species: 1
# species_total_upper_bound: 369
# species_total_lower_bound: 342
# volume: 729
# Bin widths for each
10	10	10	10	10	10	10	10	10	10	10	10	10	10	10	10	10	10	10	10	10	10	10	10	10	10	10	10	
# Bin lower bound for each
-1450	-1460	-1460	-1460	-1470	-1480	-1510	-1520	-1520	-1530	-1530	-1530	-1530	-1540	-1540	-1550	-1550	-1550	-1560	-1570	-1580	-1580	-1590	-1590	-1590	-1600	-1600	-1600	
# Bin upper bound for each
-1240	-1250	-1250	-1250	-1260	-1260	-1270	-1290	-1300	-1310	-1310	-1310	-1320	-1340	-1340	-1350	-1360	-1360	-1370	-1370	-1390	-1390	-1400	-1410	-1410	-1420	-1420	-1430	
# Normalized histogram for each
0.000195161733472309	0.000312367802457075	0.000970357222292485	0.00279931704296175	0.00570602755378396	0.01459188301635	0.0285846522196104	0.0490199392054846	0.0719432657208773	0.100591154703289	0.133412124886065	0.148090140734506	0.14538840455828	0.121128928856461	0.0855375342895895	0.0501494786237936	0.0287356572480233	0.0105665359773569	0.00188510970488057	0.00029982947879824	3.4889248441977e-05	5.72401732251185e-05	
3.17711948105588e-05	0.000259647350693187	0.000557091467626522	0.00203773870164274	0.00334747881874698	0.0108849208979416	0.0235199964065683	0.0426829568903231	0.0634257126470719	0.0879273294174423	0.118876307617473	0.143776159881417	0.152943245142705	0.129000363177623	0.10033671988707	0.0618316751143352	0.0357809387073396	0.0172890077691527	0.00455149754622298	0.000703896298820138	0.000181314922108534	5.42301428662986e-05	
0.00015597539543058	0.000352043057996485	0.000803492970123023	0.00313927943760984	0.0065625	0.0177367091388401	0.0343640158172232	0.0541009446397188	0.0806854130052724	0.108587983304042	0.135505272407733	0.150283391915641	0.139764389279438	0.109191014938489	0.0782238576449912	0.0463719244288225	0.0231854130052724	0.00912456063268893	0.0015954525483304	0.000223528119507909	3.73462214411248e-05	5.4920913884007e-06	
0.000339675587899002	0.000930272819762107	0.00242977618118077	0.00567148659021044	0.0127356430908068	0.0257769942107227	0.0458589436856226	0.0700558985487634	0.0997643637574914	0.127188784569524	0.144593323402388	0.144293094011793	0.122039960093597	0.0902123575074605	0.0577147174310007	0.0313745191809874	0.0138412323430329	0.00431935860483183	0.000719893100805305	0.000104641995626951	2.02709625036501e-05	1.47923239891501e-05	
3.87623350212237e-05	0.000715192378560607	0.001892803035473	0.00458269070659369	0.0105187874486467	0.0199129212332974	0.0379374070181664	0.0605429456644874	0.08969440539397	0.11706661935114	0.141746761843668	0.14336604474047	0.129301868508333	0.100661416463073	0.0710639169066565	0.040941215008121	0.0203016364802708	0.00761106637367437	0.00167551558000191	0.000206368487859473	0.000114649159921929	0.000107005882593801	
8.20894052130056e-06	0.000381989365591186	0.00125213706084905	0.00369894859889803	0.00633018766732557	0.016391612432933	0.0287504460191017	0.0488240419071886	0.0808279646862324	0.107708961317283	0.132115236012513	0.143362579052097	0.136346123957191	0.120429535549091	0.080385776423485	0.0517579172495014	0.0271962199470688	0.0101446086962232	0.00321024300652994	0.000719650452367349	0.000102338125165547	2.29850334596416e-05	3.22884993837822e-05	
2.42994576802854e-05	0	0	0.000144692225278063	0.00107856456476358	0.00243933419485956	0.00542595844792737	0.0114450445674144	0.0232529242188277	0.0412637927035356	0.0637479704430233	0.100429106332218	0.123959265272761	0.144439290014027	0.13982736339839	0.127023758242486	0.0961441178744602	0.062797530291483	0.0352413930216376	0.014640423252372	0.00529120690988215	0.00121607740481792	0.000117631465588654	1.38065100456167e-05	3.64491865204281e-05	
2.88058639875736e-05	9.19571811911003e-05	0	6.0381522589337e-05	0.000288058639875736	0.0014026239926257	0.0038400432531127	0.00853595304201003	0.0185000121870963	0.0329389515108676	0.0532443158274928	0.0855584016733991	0.117947825932811	0.141795757560985	0.146635696669821	0.132106462041627	0.108570963245933	0.0735873493508709	0.0436447616536339	0.0204854009665475	0.00816424660478576	0.00211612308524098	0.000447598809653067	8.30938384256931e-06	
4.60703132892316e-05	3.33038409319747e-05	6.60526178484165e-05	0.000230351566446158	0.000785970645994603	0.00270982252383167	0.00682673232703928	0.0133226465008209	0.0278958522286375	0.045400906086499	0.07536270658095	0.105015891482765	0.130801390324346	0.146904352478971	0.14313213742941	0.119447000822605	0.0862391859653174	0.0524491089557359	0.0271615025360875	0.0117451545686764	0.00351355521832333	0.000799847246382925	0.000110457739091049	
6.15358346448967e-05	0.000106994739517703	0.000133050453286263	0.000356464339429446	0.000471774732277541	0.00202070375928512	0.00451817164284602	0.0100159272480121	0.0212010353542773	0.0390941038137249	0.0634961113233143	0.0942146891026689	0.123512398916304	0.142921688166326	0.146404838157983	0.131289752287775	0.0980537490568663	0.0629927371083812	0.0349268527414214	0.0165902827710196	0.00574001830552486	0.00163762932919842	0.000239490815915273	
1.10080452298562e-06	0.000195943205091441	0.000187687171169049	0.000684700413297058	0.00133087266828962	0.00398050915511602	0.00785258906471795	0.0157679239872461	0.0311533184027547	0.051415827257351	0.0843876747320779	0.112209958648278	0.138931988443754	0.149438066811129	0.138434424799365	0.111294639687416	0.0749532295678297	0.0441196948790023	0.0214777970479725	0.00888624451180145	0.00260835631721444	0.000613148119302993	7.43043053015296e-05	
6.14374707687709e-05	0.000215307893054522	0.000572862903114216	0.000940380746271548	0.00246248024729966	0.00602308609825014	0.0126112862294274	0.0248777477355311	0.0451006384515543	0.0724264756754662	0.107542141400276	0.130587834827297	0.146940718375615	0.144297800151103	0.121568149929568	0.0877033732492396	0.0537223635161052	0.0264856382993444	0.0114782907099349	0.00346374497361233	0.000832450054380464	8.19166276916946e-05	3.8744350935261e-06	
0.000123325892857143	0.000362723214285714	0.00106026785714286	0.00163895089285714	0.00475446428571429	0.00945033482142857	0.0199631696428571	0.036859375	0.0638169642857143	0.0930558035714286	0.122140625	0.146299665178571	0.146866071428571	0.131816964285714	0.101578683035714	0.0634347098214286	0.0344765625	0.0152745535714286	0.00527455357142857	0.00158426339285714	0.000165178571428571	2.79017857142857e-06	
4.63392815263933e-05	0.000186487352484266	0.00101381306168719	0.00169986047355355	0.00366080324058507	0.00696049915317789	0.0141131367907335	0.0278691220458002	0.0534563170330201	0.0834886923676378	0.115128814725946	0.136466923642471	0.153451965661462	0.140797386012431	0.112350718287119	0.0761433511325151	0.0440793938821976	0.0188725200714077	0.00742163151568443	0.00232374543459182	0.00046847883396805	
4.74358655803101e-05	0.000590124756326476	0.00128641549752317	0.00241640558116841	0.00533935844121228	0.0104494435321197	0.0213246804290913	0.0416509488302541	0.069978066559296	0.106223020851451	0.130224439409717	0.150732545295605	0.147811286573617	0.126066459906529	0.0893138289101271	0.0552362419048437	0.0264968839154015	0.0101382868424203	0.00369717395183678	0.000937423057896603	3.95298879835917e-05	
6.25814269703193e-06	0.000318027433421896	0.00102747324643997	0.00220571083967207	0.0046128200897759	0.00857024196255355	0.0184586763459274	0.0325827354910651	0.0597231625239658	0.0921027928384091	0.125447883894385	0.145896649617969	0.152004027968209	0.131133122073607	0.106782688839456	0.0649817091556628	0.0349266943921352	0.0127614908033748	0.004917193393677	0.00132160595320047	0.000219034994396118	
0.000100592815627009	0.00070017146244336	0.00146285823403345	0.00371909257323811	0.00688975538896173	0.0134714808001278	0.0256091122314612	0.0507573161382134	0.0785834485604145	0.11480254539606	0.141298806696413	0.152218526241369	0.138745908799257	0.1152611804368	0.0826173909633552	0.0450525100180783	0.019691185739235	0.006705619387475	0.0019368379415641	0.000375660175872614	
0.000269156382129379	0.00120836451723907	0.00265124714802125	0.00618889326756984	0.00986963518521253	0.0211776102774582	0.0387630617503796	0.0692589341180131	0.102513375482239	0.130314844826235	0.15150608327494	0.148536845464488	0.125078787865022	0.0957793553647864	0.0562059852656755	0.0271825232331928	0.0105527472689713	0.00234631681636834	0.000576358075656793	1.98744164019584e-05	
9.03099173435624e-05	0.000598446097839935	0.00198796134506905	0.00425542616849887	0.00801243304634213	0.0153858376902153	0.0305133204270173	0.0565768768887205	0.0921435516146899	0.122149307442966	0.148064824230037	0.151730378027026	0.139911210490126	0.106928085298289	0.0678084583811319	0.0343640667127362	0.0145027438782165	0.0039187645146042	0.000756774244068839	0.000301223585063654	
6.18394455100875e-05	0.000199701695592209	0.001320187061486	0.0027992277444658	0.00564270756920486	0.0127031837102419	0.0273857970111691	0.046523687060635	0.0821103022814217	0.11176260007069	0.139679422045138	0.153140564463651	0.147479134860484	0.116321699007562	0.0799005349395704	0.0440569172525812	0.0203701402847678	0.00674730757294927	0.00164980832608564	0.000131054237732387	1.41833590619467e-05	
4.53472836693661e-06	0.000205196458603882	0.000311195734181025	0.00233255090374302	0.00499783750141002	0.00992822091836185	0.0221306081127424	0.0385922389257682	0.0687969308958413	0.103507442339512	0.135752762074706	0.149044050918197	0.153807216226619	0.12845298308603	0.0907886629523462	0.0535744146090809	0.0242539946705605	0.00952349641161276	0.00359433907184313	0.00040132346047389	
2.78408774535483e-05	0.000403976813662712	0.00158068002195452	0.00362158679365137	0.00767271855372892	0.0168147536195982	0.0318664410608624	0.0546033470416511	0.0931635304959881	0.128310081465817	0.149328239399728	0.153760052545395	0.138288479217637	0.104233404280222	0.065290266715606	0.032559053910166	0.0133369166625947	0.00401192725917357	0.0011232941780748	3.40908703512837e-06	
5.06362444110245e-06	0.000131654235468664	0.00100316026427619	0.00281143681468766	0.00611967144954126	0.0128689202045929	0.0255049136848952	0.0470022499371267	0.0804052925002658	0.119432896567594	0.148210036891317	0.153575228299134	0.144721762276335	0.115150195540297	0.0766959062846893	0.0405146217781986	0.0176461685523041	0.00605834533131013	0.0020710223964109	7.14533671133346e-05	
5.72774672128616e-05	0.000275156460140217	0.00165711574259955	0.0048770078700363	0.00901670873565607	0.0197635339074183	0.038839176664486	0.0691485030646253	0.108808656759162	0.142464784184681	0.158850632157929	0.150385920973942	0.123713152198023	0.0869971726269861	0.0501059913915336	0.0231148272831669	0.00866630540682444	0.0028414116087949	0.000416665496783758	
0.000219748636635844	0.000886822742250506	0.00302783426815037	0.00656114631624681	0.0143574700837114	0.0287384247545441	0.05773126586957	0.0983411494139757	0.128328730540643	0.15928924456234	0.15931440661997	0.135607834234601	0.101059210794858	0.0603682495092001	0.0289749480962667	0.012080024289773	0.0039152161672371	0.00108532341910986	0.000112949680917151	
4.40116079223123e-05	0.000777167000653489	0.00228358963131086	0.00556050454015948	0.00997002196680633	0.0217890885753108	0.045416079613099	0.080747929922378	0.120551693861941	0.150240030395865	0.164649096564253	0.146343053213377	0.113222368370473	0.0734620589298717	0.0403636584454097	0.0161946003885278	0.00632820068847525	0.00162787238416451	0.000428973900002284	
0.000196151067706305	0.0019194783054117	0.00400596523418476	0.00677113485722164	0.0157615789376346	0.032697262123397	0.0684668103986967	0.109790796479817	0.140280518444085	0.163737944415271	0.156705648422189	0.126702941537454	0.0872104459970891	0.0512548344232794	0.0218758879338511	0.00942645988234299	0.00263178689699659	0.000552585579309761	1.17690640623783e-05	
0.000475877703856878	0.00423420487199166	0.00557108921212913	0.0113148224284482	0.0252735328441384	0.0531643930594897	0.0927424776738655	0.13604347530167	0.159944709650966	0.166045904491345	0.137545810145823	0.103932797214677	0.0599716576093122	0.02930465967274	0.00943731888288262	0.00404108705961254	0.000772471249516514	0.000183710927535446	
