# <P(U)> as a function of N_tot.
# number_of_species: 1
# species_total_upper_bound: 408
# species_total_lower_bound: 383
# volume: 729
# Bin widths for each
10	10	10	10	10	10	10	10	10	10	10	10	10	10	10	10	10	10	10	10	10	10	10	10	10	10	
# Bin lower bound for each
-1700	-1720	-1720	-1730	-1730	-1740	-1740	-1750	-1750	-1760	-1770	-1780	-1780	-1790	-1800	-1810	-1810	-1820	-1820	-1830	-1840	-1850	-1850	-1860	-1870	-1870	
# Bin upper bound for each
-1560	-1560	-1570	-1570	-1580	-1580	-1590	-1610	-1610	-1620	-1620	-1630	-1640	-1650	-1660	-1670	-1670	-1680	-1690	-1700	-1710	-1720	-1720	-1730	-1740	-1740	
# Normalized histogram for each
0.000140193065879297	0.000958462797338048	0.00486670214409558	0.0120852144953908	0.0273433700124171	0.0503092830698276	0.121040976430398	0.162432263860516	0.181721685292317	0.1810607751246	0.139022882941651	0.0638393444686683	0.0337836677939334	0.0192894214318004	0.00210575707116658	
0.000360553766548317	1.65139129716786e-05	0.000220185506289049	0.0020367159331737	0.010464316186387	0.0200506426664465	0.0428728703933064	0.0901659648253654	0.150882118184571	0.188297140340737	0.186761346434371	0.154179396141249	0.0843338012275342	0.0413563427187405	0.0206313819392838	0.00736520518536867	5.50463765722621e-06	
0.000849567260105131	0.00048546700577436	0.00205244661885716	0.0046658773332758	0.019108520755063	0.0353096335533218	0.0689605881702479	0.130725476499351	0.179798099666376	0.197576980233402	0.166536759291973	0.111325675540824	0.0528107191114875	0.0220213227897092	0.00671292987429102	0.00105993629594069	
1.30226646455491e-05	0.000510488454105525	0.00219562125923958	0.00257848759981872	0.0134992941715762	0.0278033890182474	0.0508743417043022	0.107212993493877	0.174943872315378	0.204226636037359	0.183361722742261	0.128494632057633	0.0621285284909857	0.0294155949013663	0.0104337589140139	0.00219301672631047	0.000114599448880832	
0.000933333683881196	0.000762441600917033	0.00185352182291899	0.00813709225806282	0.0213930596781445	0.0516987987601122	0.103429146827849	0.14989338963132	0.196794064523592	0.179823166130767	0.147072355707927	0.0851936470210881	0.0371493097274403	0.0132428218752383	0.00214272380947373	0.000481126941268335	
0.00045404029871628	0.00212237441958075	0.00133308343518443	0.0048835729803786	0.0152288283912455	0.0409085029605011	0.0864788382903799	0.146158739879785	0.19121432021984	0.186811185229963	0.159922496376917	0.0988699148146486	0.044099983897408	0.0169710760491103	0.00332610916501461	0.00119317566871953	2.37579226072472e-05	
0.000611498276207446	0.00159463990131683	0.00537696760113443	0.0138219696570338	0.0322591698383747	0.0713502514523084	0.130673491549726	0.180674018703413	0.196815464580544	0.167600607281047	0.111063374416177	0.0558703834515915	0.0245679975540069	0.0068556336914464	0.00068002825543759	0.000184503790235005	
0.000282203628986126	0.0011974586419141	0.00440847831226976	0.0121627221717985	0.0205551021653408	0.0560542847917668	0.109263651918349	0.165879801593052	0.210994246605294	0.173817096455166	0.13428316464675	0.0685144648427668	0.0314135859437169	0.0101847543938597	0.000988983888969397	
0.000197287915490847	0.00325899657867792	0.00684014684214469	0.017770896286492	0.0374422495816997	0.0943011262892391	0.155043328421946	0.191771345803261	0.195624703443798	0.141158254876008	0.0932772269809954	0.0447643782933347	0.0167919486551957	0.00152835701620758	0.000229753015508329	
0.00012122951468609	0.00148444303697253	0.00598477951072757	0.00994329427598765	0.0328804132689415	0.0705060961127385	0.141826161824084	0.187089304093104	0.188138310505898	0.166438227377088	0.111466827646267	0.0546819333386114	0.0235976961444066	0.00549986145198322	0.000341421898503681	
3.93908209539472e-05	0.00125065856528782	0.00389969127444077	0.00700418035087374	0.0245429433806187	0.0583525773906535	0.12202291561009	0.178787550531038	0.191857917308819	0.187148252278513	0.121897357368299	0.0650859458474689	0.0305131146814514	0.006625043699192	0.000933070071346624	3.93908209539472e-05	
0.000332152888020515	0.000654536573452192	0.00242031994138478	0.00605446330443278	0.0174013921113689	0.0405812675540359	0.0952668213457077	0.173640249114666	0.199914519477348	0.194324093295885	0.143043106606423	0.0765417022835511	0.0375576993527903	0.0103651239467578	0.00150934179997558	0.000393210404200757	
0.00111226003906355	0.00215362877893404	0.00564930318741948	0.0137846909017129	0.040779608728919	0.0725340217122938	0.157535133972333	0.209767354312269	0.199654343803245	0.158244046964263	0.0819454528120623	0.040439819398304	0.0143713775157244	0.00124915358233291	0.000779804291123676	
0.000237868696479543	0.00196670819151128	0.00548569354664679	0.0120871629376048	0.0340887912346611	0.0624662814992104	0.119858848225058	0.195211727662413	0.208488234082415	0.180368230551169	0.103237466526725	0.0517621901576309	0.0171388074195415	0.0054292916907805	0.00217269757815335	
8.11897996088128e-05	0.00109237184928221	0.00428583730056218	0.00949674625727325	0.0356349411373953	0.0568820656653258	0.103248822132831	0.164522517867907	0.215768043202815	0.187007171765632	0.129805267495787	0.0598393426086529	0.0247333653171938	0.00669938861620598	0.000902928983528312	
8.85625107711162e-05	0.000423663902878042	0.00214464890948433	0.0104575570151083	0.0209222947743331	0.0542744576144611	0.0943190739712387	0.142729257223829	0.208804071003198	0.212459069758536	0.141068111751527	0.0712952147521207	0.0279067652183904	0.0105006414798077	0.00260661011431745	
0.000308332138247526	0.000977580190257661	0.00782542186528993	0.0231344710550218	0.0433218605095846	0.0901644438070653	0.124537501792629	0.186464458148095	0.201904966776615	0.165177589750944	0.100011950858072	0.0414575266504135	0.011501505808117	0.00304029829341747	0.000172092356231177	
1.19368777902452e-05	0.00233724067133001	0.00454556306252537	0.0178265332919522	0.0358297323751999	0.0822045025903025	0.124083844629599	0.165905889655502	0.20430682550672	0.170193616157758	0.117435003700432	0.0551436006398167	0.0153174015804426	0.00426862749779168	0.000589681762838112	
0.000212042589587994	0.00348083397065235	0.0157459491526635	0.0314847508023072	0.0750606942131433	0.124106859935148	0.150776576203103	0.188991892349075	0.180360091202139	0.128350094227915	0.0700359995902098	0.0263766686441425	0.00435759434108361	0.000659952778830049	
0.000171189526094347	0.00127789364549301	0.0121689230732137	0.023534943157844	0.0604829473531929	0.103560018806737	0.154113973646457	0.185892536377774	0.195380293915538	0.141834139049295	0.079241461620996	0.0366008029029886	0.00519114154480464	0.000549735379570579	
1.25625299930404e-05	0.000927114713486378	0.00959526040868422	0.0205623490926085	0.0454185709368381	0.105638314711476	0.14546907230741	0.182041109623149	0.193817225238625	0.147627314960214	0.092063244800997	0.0466547238881533	0.00961033544467587	0.000562801343688208	
6.17854512562218e-05	0.00125795178757668	0.00567190442532116	0.0209057252870552	0.0410082397077795	0.0914820105480122	0.13584643596803	0.18420961579335	0.191478056279132	0.157819813852792	0.0923568925378003	0.0577619826704166	0.0184441929090073	0.00169539278247073	
0.000892271161943529	0.00482023071231752	0.0183075361271499	0.0367969677528778	0.0763174518898696	0.126995012622073	0.181573494384591	0.191103343681712	0.164408950241749	0.0985136188109442	0.0690244256158023	0.0270163976333921	0.00412706137989858	0.000103237985679417	
0.000350108114371938	0.00408295096760514	0.013343557147753	0.0361720855348641	0.0657414278986856	0.122609340983113	0.184968034142938	0.187611103851436	0.162341680864126	0.117404564719457	0.0627186634746011	0.0357825286188728	0.00606525324897865	0.000808700433197153	
0.000243636889670557	0.00273330135599156	0.0143212809209474	0.0320204858018065	0.058594671965769	0.104197914366709	0.169903738049737	0.197087016437876	0.175806856855714	0.130089409662741	0.072799210210416	0.035258826127011	0.00566455768484046	0.00127909367077043	
0.00264291587020404	0.0117154572970674	0.0216490861320835	0.0585746928485653	0.099089892856865	0.168155846446329	0.203828726602154	0.173187501783125	0.127150449088207	0.0874704001203448	0.0338754898731452	0.0112330408575601	0.00126310110774227	0.000163399116607316	
