# <P(U)> as a function of N_tot.
# number_of_species: 1
# species_total_upper_bound: 408
# species_total_lower_bound: 383
# volume: 729
# Bin widths for each
10	10	10	10	10	10	10	10	10	10	10	10	10	10	10	10	10	10	10	10	10	10	10	10	10	10	
# Bin lower bound for each
-1710	-1720	-1720	-1740	-1750	-1750	-1750	-1750	-1750	-1760	-1770	-1780	-1780	-1790	-1800	-1810	-1810	-1820	-1830	-1830	-1840	-1850	-1850	-1860	-1870	-1870	
# Bin upper bound for each
-1550	-1560	-1560	-1570	-1580	-1580	-1590	-1600	-1610	-1610	-1620	-1620	-1630	-1650	-1660	-1670	-1670	-1680	-1690	-1700	-1710	-1720	-1720	-1730	-1740	-1740	
# Normalized histogram for each
0.000374684924041147	0.000356651959782482	0.00235831099249428	0.00528165486509339	0.0107135844323423	0.0232665312190685	0.0468135752154939	0.105957690658524	0.1510340903171	0.182211081857636	0.186773421815078	0.14195549464421	0.0746063804634872	0.0414056896005899	0.0221785423754623	0.00397927411307871	0.000733340546519037	
0.000270384880233115	0.00105819694134399	0.00100373092230422	0.00345664699405931	0.00979804778226042	0.0181644173497613	0.0365680961403045	0.0819324543555308	0.140786878357927	0.179374107632634	0.190181721982096	0.16483946140888	0.0922712718982575	0.0477705891278045	0.0224069311899658	0.00956267677141001	0.00055438626522617	
0.00138086384991013	0.00167979387328453	0.00288129970917002	0.0053961690671069	0.0166610094963318	0.0311041510773052	0.0650799589598007	0.1191226500243	0.171709262587847	0.191861003324873	0.175327280161075	0.119095649893157	0.0587561425298351	0.0284118522861397	0.00935747402201668	0.00196329525029122	0.000212143887556025	
0.000148807281385151	0.000226036376787571	0.00158037100103977	0.00335664019529543	0.00475806573137837	0.0120326697909917	0.0257323578607917	0.0495716610659876	0.100175554919305	0.163467624056298	0.19756897876765	0.184455101641024	0.137535600729344	0.0663416765871521	0.0347964165699733	0.0145510917556999	0.00361846566507437	8.28800048221094e-05	
7.38042295500781e-05	0.000626389743104509	0.00156502814969012	0.00320007569664569	0.00339877939158821	0.00830770686473956	0.0193972654586744	0.0465364053555377	0.0932563750768794	0.142633297062024	0.186156975919005	0.178594881014335	0.159078393338695	0.0909419501348347	0.0416274778823863	0.0191247575341818	0.00511141600037848	0.00036902114775039	
0.000276888998277135	0.000605694683731233	0.0034918779227172	0.00474749261629338	0.00568968434654196	0.0150673763229141	0.0374665425793748	0.0796998061777012	0.133389352079744	0.180050916810239	0.18393120846665	0.166566038026089	0.112864955082451	0.0470576698252523	0.0214108263598326	0.00624538518336205	0.00142097895643613	1.73055623923209e-05	
7.36044689534413e-05	0.000807712198778553	0.00411991330168341	0.00718999444092563	0.013953857745805	0.0310359054221313	0.0641385468540869	0.119977221353819	0.16880603866559	0.191088823161389	0.170919261708437	0.124536824509513	0.0650547287965863	0.0256937705438789	0.0110251746653418	0.00144303498342931	0.000135587179651076	
0.000418392146872379	0.00210869642023679	0.00787692948511733	0.0129422637432523	0.022541109352831	0.0548037926783234	0.0996461332197786	0.157088585704377	0.199284828356946	0.178502825541632	0.140131616871803	0.0769413860495042	0.0353401900058203	0.0105081512087814	0.00162150200921207	0.000243597205512363	
0.000722474011758762	0.00582868131291092	0.00790918918135908	0.0191301702612314	0.0401036451439425	0.0856575328327319	0.150709165279963	0.188924238007203	0.189108930611713	0.147382887686979	0.0972279812917256	0.0470603999138101	0.0163507276345404	0.00287178892894586	0.00101218790118584	
0.000324537135560758	0.00217422146556005	0.00760268142157906	0.0112931829467263	0.0353532666524793	0.0668333688018727	0.131238916081436	0.18152266439668	0.192601262680003	0.168546499255161	0.111584024969852	0.0587731432219621	0.0245229481449954	0.00582216074342059	0.00173441157693126	7.27105057813719e-05	
2.82738463387136e-05	0.000902995967442666	0.00408026944975561	0.00888152198114841	0.0253050924731487	0.0609813852064168	0.112893934199691	0.171341275928001	0.193617532612115	0.184007959087744	0.129077176997812	0.068152339484073	0.0318628577083341	0.0062838623487791	0.00209933309064949	0.000484189618550471	
0.000236157030533715	0.000465368266051732	0.00276616286500153	0.00628420804045231	0.0183612091239963	0.0437515628038785	0.0988074069958047	0.165554760647904	0.189087114161087	0.197706845775567	0.144205123218404	0.0812102353235351	0.039056205373267	0.0101096046453477	0.00150550106965243	0.000847386991915095	4.51476676020337e-05	
0.000797429997038117	0.00204352390449768	0.00634964588850351	0.0147638468023057	0.0421691497994157	0.0751529575889923	0.150498700451994	0.205530133214624	0.199527500819337	0.158199595851962	0.0866920325351439	0.0421183245908133	0.0139681693986677	0.00151949847787263	0.000611655096629237	5.78355822027645e-05	
0.000170844730320713	0.0015781121481171	0.00543708951030969	0.0123712720182751	0.0351675951578729	0.0620641918251677	0.124607453409585	0.189759179381683	0.204863967085089	0.180841788973294	0.10353895171787	0.0555685695012215	0.017598768508913	0.00484529745476578	0.00158691857751507	
0.000141203299215086	0.000783678310643728	0.00464382350293615	0.0101684025847264	0.0327326897992972	0.0569861214807284	0.105537110874596	0.165004880339029	0.209540400911467	0.186946107995813	0.127314189696042	0.063965094544434	0.02864132420454	0.00681305918712791	0.00078191326940354	
0.000352484413311187	0.000419542423648437	0.00235562754261623	0.0104025887830863	0.0192731599453907	0.0518650724054568	0.0961439924619919	0.148512859663059	0.20524221697221	0.214097313209052	0.136511195248854	0.0689958148923805	0.0317958135168316	0.0119827506164179	0.00204956790569237	
0.000335449821007416	0.00110784453707065	0.00855999132991232	0.0201252690049526	0.0390532401872326	0.0877519529200477	0.130897680923571	0.189936849420876	0.207335513470461	0.166801133304318	0.0913765312424201	0.0404793319903872	0.0128451477613455	0.00327020569094922	0.000123858395448892	
0.000231921938799694	0.00184860406692895	0.00557966941812986	0.0177259461399387	0.0310335254166131	0.0781712362624341	0.12308960651142	0.179324751657311	0.205752002654406	0.17561738635825	0.10910826860962	0.0511006981358216	0.0166628295153678	0.00427278082868925	0.000480772486270898	
4.03908487800281e-05	0.000412323247962787	0.0034466857625624	0.0157305526477884	0.0285563300874798	0.0718570029317024	0.115556535407628	0.164676856380239	0.197159513559545	0.184927818187326	0.123412555495343	0.0639134693382969	0.0247444437338647	0.00499668458449597	0.000568837786985395	
0.000337415498506093	0.00122313118208459	0.0119596923445485	0.0230741588653392	0.0565474633946361	0.100045382384549	0.157257554311242	0.203264157532548	0.200156560791307	0.135112975144287	0.0724144272118851	0.0315854648151554	0.00642607816904854	0.000595538354863254	
0.000252761896573959	0.000809869750247174	0.00802304088036797	0.0213059364656321	0.042249065038903	0.0932399088681597	0.144531659717147	0.198651936551606	0.204931436186218	0.141747839917466	0.0905953660318961	0.042347074753901	0.0105695740016335	0.000744529940248463	
4.28337433950368e-05	0.000872095015522949	0.00491217369254282	0.0183396955720189	0.0376405803458225	0.0843636276411286	0.131465325228047	0.196754230260498	0.206169087058727	0.156673839890894	0.0873945433237614	0.0546370097249731	0.0183722492169992	0.00236270928567023	
0.00063038125041244	0.00356347748167032	0.0152316086704339	0.0330472594913188	0.0699323772840467	0.127663491027053	0.178338849892853	0.2111551432511	0.170062274026556	0.0965681558483056	0.0651255031762185	0.0242879123092793	0.00432062961715193	7.29366736014393e-05	
0.000248379846249377	0.00292458523189407	0.0113590050812919	0.0296026797036933	0.0609912454849966	0.119236319430476	0.178072607376182	0.201507770615965	0.178732038376435	0.11472525165951	0.0622471379470181	0.0334910487051889	0.00628820807934162	0.000573722461759124	
0.000174355882149953	0.00195605505286979	0.0118144272227651	0.0285852836370637	0.0540575882949084	0.107860907595015	0.169762694379565	0.192941129462875	0.182755840013948	0.138195198674895	0.0698022876944704	0.0347404095183782	0.00606431552602806	0.00128950704506736	
0.00184355641753025	0.00846154402825218	0.0218911017194465	0.047567012099809	0.0992119203380999	0.170906183060267	0.194962875586175	0.185772231227928	0.141080009263012	0.0831572396225323	0.0328873096740578	0.0104444074567244	0.00170063104266775	0.000113978463497945	
