# <P(U)> as a function of N_tot.
# number_of_species: 1
# species_total_upper_bound: 408
# species_total_lower_bound: 383
# volume: 729
# Bin widths for each
10	10	10	10	10	10	10	10	10	10	10	10	10	10	10	10	10	10	10	10	10	10	10	10	10	10	
# Bin lower bound for each
-1690	-1690	-1700	-1710	-1720	-1730	-1730	-1740	-1740	-1750	-1760	-1770	-1780	-1780	-1790	-1790	-1800	-1810	-1820	-1820	-1820	-1840	-1840	-1850	-1850	-1860	
# Bin upper bound for each
-1560	-1560	-1570	-1570	-1580	-1580	-1590	-1610	-1610	-1620	-1620	-1630	-1640	-1650	-1660	-1670	-1670	-1680	-1690	-1700	-1710	-1720	-1730	-1730	-1740	-1750	
# Normalized histogram for each
0.000485590874024413	0.00194627955153333	0.0077302934300338	0.0256932397135014	0.0497730645875023	0.109610391644704	0.14801123124699	0.181117563900235	0.197545416452915	0.145418802548569	0.0705124941748675	0.0409071150811211	0.0194275510164122	0.00182096577759155	
0.00118969632624786	0.00377992123909131	0.0154396982086788	0.0381418148139782	0.0844947931961418	0.142183770433787	0.182983577672864	0.196744147522344	0.169396191465811	0.0874991529060968	0.0477346826597996	0.0237901616631653	0.0066148621684098	7.52972358384724e-06	
0.000971236174167403	0.00306225052561016	0.0112739571589628	0.0297007830829702	0.0638463999512478	0.122691885797861	0.170606203723453	0.204740394283799	0.178977878667845	0.11822039062738	0.0619496328346385	0.025636826228709	0.00685197598951827	0.00147018495383772	
0.000453178884074631	0.00239484776137	0.0096751849559348	0.0210562383941993	0.0498975742034368	0.0934469596486574	0.163265982845521	0.208793880979751	0.195640640198072	0.141966575294014	0.0659320010611018	0.034017891354968	0.0109352433165326	0.00236168833082795	0.000162112771538892	
0.000218697945332804	0.00125751318566362	0.00526697551676502	0.0164898250780934	0.0478875600963729	0.096416634165722	0.136642476243936	0.201398937856979	0.192443256995601	0.15170711971161	0.0903404762512256	0.0424820758808971	0.014434064391965	0.00234735794657209	0.000667028733265051	
0.0002179361447096	0.00100977080382115	0.00304020921869892	0.0132904725582071	0.0372816098216556	0.0779230685409175	0.141258944462606	0.186102938505684	0.193156805056119	0.167868947731648	0.106054992553848	0.0472231302894918	0.0210417347717119	0.00295303476081508	0.00154371435835967	3.269042170644e-05	
0.000727718135312342	0.00472656531450393	0.0117515671157864	0.0323258159809785	0.0665898119461056	0.121020966928453	0.168549607320412	0.197795230203905	0.18707399668564	0.110670797607897	0.0608329130340803	0.0298688666330427	0.00722314287772894	0.000590820664312991	0.000252179551840911	
0.000240675541863791	0.00269212784684784	0.0108785344922434	0.0180162834195181	0.0540557267026075	0.103841181648146	0.149236027065684	0.21236178347453	0.180166272417208	0.145299262845197	0.0755411761469909	0.034261882495324	0.0125735779513698	0.000835487952470019	
0.00207993365613547	0.00586193520772585	0.0148939300714267	0.036843583638747	0.0909452663117627	0.141405393114149	0.183990529948369	0.206154195981916	0.150704903560632	0.100067547684653	0.0451165030363019	0.0198128728498435	0.00186592118990931	0.000257483748428346	
0.0007073857654243	0.00535639081911981	0.00922891661402401	0.0313256738260686	0.0710840440092651	0.132284428300695	0.175773847125711	0.192020688566014	0.178860023162771	0.117488550221099	0.0536955148452306	0.0257291008633397	0.00604074542008844	0.000404690461149716	
0.000498504486540379	0.00249591361968516	0.00672133260083695	0.024267334052265	0.0525701806146187	0.123035654939942	0.167073609104659	0.19015402771278	0.199113543722574	0.127840966895233	0.0651209636396932	0.0313990002780773	0.00845422914928683	0.00120048019207683	5.42589917322861e-05	
0.000265578023759019	0.000537965740434935	0.00563161604227457	0.0167416300361935	0.0403848838436631	0.096285652998478	0.168539899693223	0.189132411073923	0.194014960895338	0.155247379119439	0.0817231246956918	0.0386381976104788	0.0111815157695464	0.00135172404400424	0.000323460413552651	
6.57414423672455e-05	0.000889239509914848	0.00443581732183204	0.0144700374726221	0.0447457017206958	0.0705751684191951	0.152381743255447	0.206587292525198	0.19478497358232	0.167862122894976	0.0854673351533333	0.0393376030670113	0.0165945240838584	0.00135980983422776	0.000442889717000391	
0.000723335984422565	0.00499821737103365	0.0135651208073938	0.0341956229602611	0.0633587472232126	0.123220799166278	0.189613443764912	0.208053369168746	0.176123741875326	0.111877108301566	0.050756931684173	0.0171509475358583	0.00592038504785673	0.000442229108959767	
1.74088645938512e-05	0.00209950907001845	0.0106368162668431	0.0385884892587305	0.061843250583197	0.104366143240138	0.160638557153302	0.214748790083911	0.181706765084781	0.135545419727725	0.0557571115211866	0.0255527314508548	0.00786880679642074	0.000630200898297413	
0.00117697193530713	0.00849246129182816	0.0211990232485778	0.0557505901770193	0.10438861719326	0.138142007751781	0.193277055135047	0.210691504833026	0.150764017126971	0.0750556355986661	0.026505543267247	0.0115972320866901	0.00295934035457971	
5.43581659554807e-05	0.00689329492022939	0.017398010491126	0.0398071644062729	0.0948448074361971	0.130476585220015	0.182653629766532	0.198264615551871	0.16232027831381	0.108165955480662	0.0452225966895877	0.0100188894626695	0.00363520234827277	0.000244611746799663	
8.45711734081168e-05	0.00246609541658069	0.0177531807218319	0.0335849043838313	0.0825854422564942	0.12505708554205	0.178499301442108	0.193380445115	0.167789208041704	0.124674823838246	0.0557662317453122	0.0130950004905128	0.004428146639649	0.000835563193272194	
2.02395007589813e-05	0.00165963906223646	0.0122887502108281	0.0317152976893237	0.0771630966436161	0.123106763366504	0.159618822735706	0.18396694214876	0.175709225839096	0.129846517119244	0.0743194467869793	0.0257007927137797	0.00419632315736212	0.000688143025805363	
0.000209156814435365	0.00929152560398461	0.0222876083450024	0.057532304092738	0.103692149529397	0.161703032773809	0.190173174752291	0.187291064749987	0.142371980076927	0.0841732102025985	0.0357764503607069	0.00471843593243171	0.000779906765691192	
0.00503422469654102	0.0167564114264854	0.0424276718079766	0.105309847586018	0.147960208086155	0.19607921876426	0.187675458610934	0.14116272702382	0.0946609473396003	0.0516345715067993	0.0107693711782422	0.000529341973167838	
0.00015890672175433	0.00137598774973636	0.0124055588460483	0.037068604365601	0.0934299293587391	0.139346748912934	0.199222079366684	0.19352310648195	0.150221024803895	0.0895764413561966	0.0621686433699782	0.0203581179665718	0.00114485069991188	
0.000580817064405352	0.00861787319311441	0.0304202937482303	0.0719668643864757	0.136310504802631	0.194773372441682	0.202516389931536	0.160298249562572	0.0926403217726537	0.0694148994097447	0.0294074939921735	0.00305291969478063	
0.000716946030508811	0.00215819138414704	0.023015805902488	0.0613264604558306	0.1295907524992	0.196733667417928	0.205487762282756	0.162592329780467	0.109490527120782	0.0647530948170317	0.0368510259681529	0.0064414843356484	0.000841952005059065	
0.00150507579131663	0.0174696297206395	0.050673444627033	0.111640532612535	0.185892218143842	0.216078202509484	0.179568596132877	0.120294718412606	0.0728771520280128	0.0365710380415585	0.00619691920200267	0.00123247277809347	
0.00123376847300078	0.00967090567035392	0.0462778124748553	0.0950729724241252	0.185394786753465	0.23093693603945	0.185479081493856	0.115763499611095	0.0851185298997276	0.0334994961473472	0.0100617267394411	0.00149048427328355	
