# <P(U)> as a function of N_tot.
# number_of_species: 1
# species_total_upper_bound: 189
# species_total_lower_bound: 145
# volume: 729
# Bin widths for each
10	10	10	10	10	10	10	10	10	10	10	10	10	10	10	10	10	10	10	10	10	10	10	10	10	10	10	10	10	10	10	10	10	10	10	10	10	10	10	10	10	10	10	10	10	
# Bin lower bound for each
-430	-450	-460	-460	-460	-470	-470	-470	-480	-480	-480	-480	-490	-500	-510	-510	-520	-520	-530	-530	-540	-540	-540	-540	-550	-550	-560	-560	-560	-560	-560	-570	-570	-570	-580	-590	-590	-610	-610	-620	-620	-630	-630	-630	-630	
# Bin upper bound for each
-270	-270	-270	-270	-280	-280	-280	-280	-280	-280	-290	-290	-300	-310	-310	-320	-320	-330	-330	-330	-340	-350	-350	-350	-350	-350	-360	-360	-360	-370	-370	-380	-380	-380	-390	-390	-390	-400	-400	-410	-410	-410	-420	-420	-420	
# Normalized histogram for each
0.000888244983140593	0.000715770229132711	0.00246638898231271	0.00751127553704327	0.0147983338938763	0.0358747488336395	0.0589604946575945	0.0840728188411421	0.128692037702981	0.149915056183651	0.146025750480773	0.148768099069499	0.103545218568632	0.0730603057977389	0.0325459860812874	0.0105813261583836	0.00157814399917212	
1.76822152279238e-05	8.84110761396188e-05	0.00119354952788485	0.00174169819995049	0.00277610779078403	0.00922127524136224	0.0205378929872334	0.0484846341549669	0.0671040067899707	0.100090179297662	0.137956643208261	0.157698836510238	0.146709339746083	0.133739434876401	0.088579057184284	0.054956324928387	0.0206793507090568	0.00769176362414683	0.000733811931958836	
1.8311999853504e-05	9.155999926752e-05	0.000192275998461792	0.00130930798952554	0.00254536797963706	0.00539288395685693	0.0124246919006025	0.0285117837719057	0.0565749235474006	0.0773315753813474	0.112829387097365	0.150460546796316	0.155816806753466	0.144884542840924	0.118945595048435	0.0709132194326942	0.0442692596458459	0.0131480158948159	0.0039096119687231	0.000430331996557344	
0.000327571199940101	7.4873417129166e-05	0.000355648731363538	0.000973354422679158	0.00470766610199631	0.00937789549542804	0.0205340346476738	0.0393459807013767	0.0687899519874213	0.0905593980177263	0.126171067039786	0.147659737755857	0.151216225069492	0.138113377071888	0.10537497543216	0.0567446910067667	0.0300055219145133	0.00803017398710305	0.0015349050511479	0.000102950948552603	
0.000145694720994609	0.000660482735175562	0.000874168325967656	0.0011946967121558	0.00598319654217862	0.0140838230294789	0.0269340974212034	0.0489631392355884	0.0833568063717158	0.107367296391627	0.140556553834199	0.148773736098295	0.143179058812102	0.126560147637317	0.0856393570006313	0.0412801709484726	0.0186586372687096	0.00501189840221456	0.00077703851197125	
0.000144917735032413	8.6950641019448e-05	0.000396108475755263	0.00106273005690436	0.00311090071202914	0.00970948824717169	0.019177446935956	0.0348865294134696	0.0597737351097027	0.0945346691528109	0.118040325775068	0.144676205474026	0.145845208536621	0.13977798602993	0.112407856473475	0.0712029138125924	0.0302105171630904	0.0117576589022965	0.00259885804824794	0.000598993304800641	
0.000232333010648596	0.000251694094869313	0.000774443368828654	0.00269119070667957	0.00448209099709584	0.0136592449177154	0.0212003872216844	0.0448596321393998	0.0742013552758955	0.112313649564376	0.127134559535334	0.147270087124879	0.14379477250726	0.12648596321394	0.0981510164569216	0.0516360116166505	0.0224007744433688	0.00725072604065828	0.0010648596321394	0.000145208131655373	
0.000624145515068656	0.000703402088410708	0.00183280825853494	0.00295230735699142	0.00817333412589907	0.0195169311854802	0.0307416433850482	0.0574114803146486	0.0924230715884999	0.118092294279657	0.13309160078464	0.146773266757812	0.139481662010343	0.111692325982286	0.0780380035269175	0.0374091026174483	0.0170302561968733	0.00369533773207315	0.000297212150032693	1.98141433355129e-05	
0.000111007952206031	0.000918338513704436	0.00149356153877205	0.0027852904371695	0.00397610301537965	0.0111916199087716	0.0235740523957534	0.0422334799983853	0.0645460783917975	0.109635490251483	0.124621563799298	0.136903079966092	0.142907601017237	0.137125095870504	0.102601622734429	0.0563213982965325	0.0268235579057845	0.0103641060832358	0.00167521091510919	0.000141282848262221	5.04581600936503e-05	
0.00034361756406385	0.000645584514301779	0.00249903682955528	0.0034361756406385	0.00632048064808355	0.0139217176713142	0.0294053333611004	0.0485021398002853	0.0760644334995887	0.125420410883305	0.12703437216906	0.143507189937212	0.143257286254256	0.129002363672335	0.0875495902620865	0.0402240803023835	0.0171600528962796	0.00491477243145871	0.000374855524433291	0.000364442870976811	5.20632672824016e-05	
0.000741591811155212	0.00108627532901609	0.00173386254439106	0.00373929392103614	0.00837685397952789	0.0165343639022352	0.0396908293294339	0.0595049091288907	0.0926780864842281	0.133141842490077	0.140891999164404	0.145968247336536	0.1393252559014	0.10397952788803	0.0669521621057029	0.0312095257990391	0.0116356799665761	0.00229789011907249	8.3559640693545e-05	0.000428243158554418	
0.00146741295096744	0.00305012263379662	0.00248412049556632	0.00639372785778672	0.0142653501876192	0.0230907909355806	0.0455526906064608	0.0759071756493302	0.112078904890678	0.132800872062554	0.141186088925225	0.140913569377188	0.129205710332683	0.0877932205521665	0.0513384902417039	0.0251346875458567	0.00557616921367629	0.00167704337253422	2.09630421566778e-05	6.28891264700333e-05	
0.000544439907445216	0.00223010962088136	0.00428222927202102	0.00412517929871952	0.0104595282218802	0.0205421365078368	0.0340798442064265	0.0597941598349928	0.0888693448922114	0.128529698149951	0.128843798096554	0.135031567044634	0.136591596779429	0.115463140371266	0.0723267477044529	0.0392624933253761	0.0153385473924469	0.00290018950696778	0.000753839871847222	3.14099946603009e-05	
1.04772382000105e-05	0.00105820105820106	0.0027974225994028	0.00442139452040442	0.00754361150400754	0.0136308868982136	0.0264655036932265	0.0451464194038451	0.0724710566294725	0.108837550421709	0.132830425899733	0.127707056419928	0.133500969144533	0.129152915291529	0.098978469275499	0.0538739588244539	0.0310964429776311	0.0086018125622086	0.00166588087380167	0.00020954476400021	
1.05604426937577e-05	6.33626561625463e-05	0.00222825340838288	0.00353774830240884	0.00441426504599073	0.0100852227725386	0.0216594679648971	0.0369404285427645	0.0536892906550643	0.0846947504039369	0.113978857993727	0.132744764660535	0.129101411931188	0.130178577085951	0.126947081621662	0.0814104527261783	0.0416609464268742	0.0204766983831962	0.00517461691994128	0.000982121170519468	2.11208853875154e-05	
0.000248863882276564	0.000324605063838996	0.00390608093486258	0.00364639688379139	0.00713049123566328	0.0152023371564596	0.0319735987881411	0.0484310755247782	0.0632763471110149	0.0939623458125947	0.124832287383683	0.132352304695953	0.130837481064705	0.12167279809565	0.11018177883575	0.0620753083748107	0.0314542306859987	0.0142501623025319	0.00360311620861285	0.000638389958883359	
0.000315340785524771	0.000260971684572224	0.00112000347962246	0.0039580705493454	0.00834022008612066	0.012254795354704	0.022160845548258	0.0393523552694533	0.0555760949936932	0.0713431342699317	0.106976643034231	0.12297203253447	0.132921578008786	0.127136705667435	0.11443608368492	0.0936127180200948	0.0516832673654908	0.0241942499238833	0.00889478491583663	0.00239224044191205	9.7864381714584e-05	
0.000617290635592761	2.16593205471144e-05	0.00184104224650473	0.00470007255872383	0.0111112314406697	0.0158546226404878	0.0297815657522824	0.0511051668309165	0.0697755011425292	0.0861066288350534	0.117090286877701	0.125645718493811	0.129306143666273	0.111978687228582	0.106661324034265	0.0729377619424079	0.0406762039874809	0.0192767952869318	0.00477588018063873	0.000736416898601891	
0.000304347826086956	0.000923913043478261	0.000608695652173913	0.00301086956521739	0.00644565217391304	0.0114021739130435	0.0223478260869565	0.0362391304347826	0.057	0.0701304347826087	0.100184782608696	0.125010869565217	0.135065217391304	0.12929347826087	0.102217391304348	0.09125	0.0601413043478261	0.0303913043478261	0.0139891304347826	0.0038695652173913	0.000173913043478261	
0.000536354079509129	0.000547081161099311	0.00117997897492008	0.00439810345197486	0.00953637553367231	0.0167986097702259	0.0246615605758297	0.0487116775010191	0.0688464096457918	0.0878118898972346	0.113031258715754	0.124155242324773	0.130344768402308	0.119317328527601	0.0965437343116432	0.0766342708802643	0.0426508764025659	0.0219368818519234	0.0104910857951986	0.00182360387033104	4.29083263607303e-05	
0.000234684189752835	0.000266686579264585	0.00134410035949351	0.0031469016353221	0.00452300438432736	0.0115315276874007	0.0189880844436385	0.0292395165505691	0.0619352911684072	0.0760803473326008	0.106738636484858	0.124947996117043	0.131796507472558	0.126334766329219	0.106685299169005	0.0853930426805201	0.0597377937552671	0.0295915428351984	0.0153504795024695	0.00550441099602104	0.000629380327064421	
4.34338827719504e-05	0.000694942124351206	0.00124872412969357	0.00318153191304537	0.00537494299302886	0.0127152691814885	0.0243555497643712	0.0433687319477925	0.0731100831758855	0.0871826611939974	0.117152040306643	0.139781093230829	0.130627402436641	0.118965404912372	0.0903750515777358	0.0713184355115426	0.0414576411058267	0.0243989836471431	0.0105652919842769	0.00408278498056334	
0.000280832127195351	0.00113412974444276	0.00093970750253829	0.00468773627703009	0.00742044889935409	0.017357585707805	0.0261497915361517	0.0550971031085956	0.0880516731114039	0.0997710138039792	0.129182778509862	0.138158605344451	0.119980125726383	0.114914346201205	0.0801343673716273	0.057149337884254	0.0330193774167765	0.0186429327515068	0.00554103389427751	0.00238707308116048	
0.000476840713527104	0.00174480351995145	0.00338123415046492	0.00601469536380779	0.0116500856145827	0.0237661746537486	0.0328911719444264	0.0650128963738431	0.101079393978802	0.112339337191408	0.141469969872337	0.13548778637536	0.112501896525565	0.100006502373366	0.0686217135921278	0.0466762034809372	0.0204391269480027	0.0113141296573249	0.00444328846695711	0.000682749203459263	
0.000353415428792313	0.00170081175106301	0.00196587332265724	0.00579822187862389	0.00993980893478381	0.0158042962063063	0.024783256944061	0.0448064498315755	0.0763045999226904	0.11218731017726	0.129151250759291	0.145551935501684	0.124523717488542	0.0980727814898669	0.091633994146557	0.0601468882875918	0.0321166270915015	0.0155834115633111	0.0063173007896626	0.00298194268043514	0.000276105803743995	
0.000490263996504205	0.00106579129674827	0.00266447824187068	0.00763106568471762	0.0147612094599636	0.0208895094162661	0.0327730823750093	0.0549841729992433	0.0908693659607576	0.127575218220768	0.136570496765323	0.139458791179511	0.117620727509139	0.0931075276839289	0.0699798565444915	0.0510940347661121	0.0230637236616326	0.00906988393532778	0.00463619214085498	0.00155605529325248	0.000138552868577275	
0.000171004114786512	0.000470261315662908	0.00216961470635387	0.00338801902420777	0.01293218618073	0.0165125848340726	0.0249559130016566	0.044792390316892	0.0772083578261102	0.10440869983434	0.131929674557794	0.14155934377171	0.135050499652648	0.109699139635547	0.0792604072035483	0.053438785870785	0.0376529685245551	0.0148239192005558	0.00608133383209533	0.00267193929353925	0.000822957302410089	
0.000150237160088425	0.000804841929045136	0.00317644281329813	0.00750112677870066	0.0164617002554032	0.0252291116691349	0.0355096259094714	0.057079389607881	0.0849913077071663	0.116777198291589	0.143315519498637	0.132691606035241	0.123151546369626	0.0955508338162385	0.0691949434464404	0.0449423733178804	0.0272680445560492	0.0101839332088511	0.00434614641684373	0.00134140321507523	0.000332667997338656	
0.000300287417957188	0.00180172450774313	0.0038501136802368	0.0111535326669813	0.0204409935223714	0.0381257775299215	0.0440564540345759	0.072197674917421	0.100135129338081	0.12217408090601	0.136780918879499	0.129702715456222	0.111106344644159	0.0823002016215521	0.0569259148041697	0.0388335978722492	0.0193899875595213	0.00631676032774227	0.00326026339496375	0.00101883231092617	0.000128694607695938	
0.000725434161354144	0.00378105078039129	0.005495713343592	0.0132226863046823	0.0237414816443174	0.0407672015827654	0.0560892503846999	0.0807100461639921	0.10885908990987	0.133820619916465	0.13809628489778	0.131523411738844	0.10120905693559	0.0662563200703451	0.0450868322708288	0.0298966805891405	0.0129588920641899	0.00561661903715102	0.00202242251044186	0.000120905693559024	
0.00121464708373264	0.00636296775056275	0.0098174686309033	0.0128485145646215	0.0288840847801377	0.0482961510174062	0.0687111368650962	0.0979518152844949	0.116282957052754	0.147239742361096	0.14182397646482	0.113898237090196	0.0805233011656155	0.0537007733624551	0.036127393077626	0.0235574672936772	0.00953887985023067	0.00236243286010386	0.000813479239564064	4.457420490762e-05	
0.000497424446753476	0.00254239161673999	0.00720712753962815	0.0125129883049986	0.0191453142617116	0.0373510490128888	0.0574912121681074	0.0868945239095351	0.107056794817943	0.122554329803462	0.139875754427078	0.138184511308116	0.107874781685937	0.0673623239670152	0.0403908650763823	0.0286184865032167	0.016293414100325	0.00610173988017598	0.00165808148917825	0.000386885680808259	
0.00265697260761295	0.00602543578797581	0.0096051227321238	0.0192658306652437	0.0229900391319815	0.0437344361437211	0.0675360192102455	0.0888807363927428	0.112682319459267	0.130147189612238	0.141631092138029	0.137984702952686	0.0922714336535041	0.0529838135894699	0.0325173425827108	0.0231567947349698	0.0116506581287798	0.00254580220562078	0.00145633226609747	0.000277926004980434	
0.00293757917267287	0.00586423797667409	0.0151247106102302	0.0243087406630848	0.0353383130214476	0.0570261652033373	0.0819027650373477	0.107085135194164	0.116465731883108	0.134790110514131	0.132016336871533	0.123563971519679	0.0705128205128205	0.0408858603066439	0.0253461756868912	0.0146769754946927	0.00977372996112349	0.00153977198270214	0.00080810728170183	3.27611060149391e-05	
0.000165701913304759	0.00341345941407803	0.00846184437276302	0.0207458795457558	0.034609606292254	0.0429057487517123	0.0715721797534355	0.0917436259997349	0.117283814237108	0.125215412487296	0.129479475056339	0.125922407317396	0.105055013035217	0.0550903627767222	0.0313618487914807	0.0205028500729088	0.0100304891520481	0.00427510936326278	0.00155759798506473	0.000607573682117449	
0.000143121366919147	0.000363308085256297	0.00739827373612824	0.0135084551699841	0.0274132464329752	0.0378500968821561	0.057788004227585	0.0852673066760613	0.103520785626211	0.121443984498855	0.122368768715871	0.129051435617404	0.117557688920204	0.0840012330456227	0.0424189712876519	0.023328782807821	0.0142680993482473	0.00803681521930597	0.00199268980095121	0.00204773648053549	0.000231196054254007	
0.000338298685000273	0.00181153489387243	0.0069733180553282	0.0205598297593714	0.0297811971408305	0.0472090358487477	0.0723959185900584	0.0975064113057238	0.103464833306051	0.125465160691875	0.132536694494462	0.124461177497681	0.0994379876684673	0.0648987832160201	0.0351284989359961	0.0178425274185628	0.0122442298248486	0.00527091176952038	0.00139684618322693	0.00114585038467834	0.000130954329677525	
2.18261979854419e-05	0	0.000207348880861698	0.00181157443279168	0.0138268964237775	0.0285704931629435	0.0391452860868901	0.0568354195540908	0.083616164482228	0.114740322809468	0.113921840385014	0.124114674844216	0.118832734931739	0.116813811618085	0.0838780788580533	0.0507349972171598	0.025383868257069	0.0150273373129768	0.00780286577979549	0.00289197123307106	0.000731177632512305	0.0010913098992721	
0.000419779131595376	0.000645814048608271	0.00120551955740211	0.0050050588767141	0.0193528943232945	0.0427744171528211	0.0486513249951564	0.0706843476201752	0.0906507652896476	0.11947559899253	0.117269067659785	0.123458118958948	0.121639076055368	0.104137515338084	0.0647428583729791	0.0374141605493725	0.0153488472219232	0.00877230749359568	0.00626439627150023	0.00109788388263406	0.000753449723376316	0.000236798484489699	
0.000657078966054453	9.53824305562915e-05	0.00171688375001325	0.00171688375001325	0.00718547643524063	0.0262407664508198	0.0543043971300486	0.0651038078785888	0.0789236622614115	0.104634526320252	0.113982004514768	0.129412762169208	0.112169738334199	0.118517968990112	0.0837245779327448	0.0542408088430111	0.0275443263350891	0.00782135930561591	0.00634823065591318	0.00477971957565416	0.000540500439818985	0.000339137530866814	
0.000856961489631824	0.000423190859077444	0.00174566229369446	0.0021688531527719	0.013415150232755	0.0344265763859501	0.0590139652983496	0.0811574269995768	0.0949217096910707	0.109236140499365	0.123815065594583	0.125613626745662	0.115118493440542	0.100158696572154	0.0667054591620821	0.0427845958527296	0.0164303851036818	0.00577655522640711	0.00344900550148117	0.00206305543800254	0.000476089716462124	0.00024333474396953	
2.12852004001618e-05	0.00201145143781529	0.0019475958366148	0.00252229624741917	0.0041186862774313	0.0241480598539835	0.0417509205849173	0.0721993997573487	0.0899299716906835	0.100359719886763	0.115280645367276	0.129786509439986	0.118537281028501	0.105500095783402	0.0894297694812797	0.0533194270024052	0.0293842191524233	0.010259466592878	0.0052361592984398	0.00338434686362572	0.000564057810604287	0.000212852004001618	9.5783401800728e-05	
0.000234279324849582	0.00138437782865662	0.00193812896011927	0.00306692934348544	0.00775251584047708	0.0337681699590011	0.0553857622064853	0.0898567701400351	0.0936371865182898	0.104020020233214	0.118737021457856	0.124679197060859	0.121495128054949	0.0934242053138811	0.0674298493157979	0.0467174271870507	0.0233427400031947	0.0065917682764496	0.00343964645120068	0.00219370640540972	0.000276875565731324	0.000628294553005697	
0.000576647822639605	0.00203886194433289	0.00395415649810015	0.00559142442309475	0.0165580303357944	0.0428263981135378	0.0758394859596552	0.101294368416175	0.0989259934303337	0.114341025403396	0.111653434658594	0.128077600321275	0.110603111838786	0.074758271292206	0.0573764583526407	0.0340634106659253	0.0120890097103374	0.00436604779998558	0.00244045596367119	0.00159607879480605	0.000432485866979704	0.000597242387733877	
0.00188437708023964	0.00431153668902658	0.00549951354396026	0.00696400225305955	0.0243740078857084	0.0554047826309591	0.0834451328793077	0.112274053971017	0.109375800092171	0.117015720210968	0.115008448973322	0.122535716114496	0.0983972553638179	0.0562548005530237	0.0473654565005889	0.0265246556403298	0.00885862051308311	0.00222233601310871	0.00151569460801884	0.000317476573301244	0.000337958932869067	0.000112652977623022	
