# <P(U)> as a function of N_tot.
# number_of_species: 1
# species_total_upper_bound: 479
# species_total_lower_bound: 456
# volume: 729
# Bin widths for each
10	10	10	10	10	10	10	10	10	10	10	10	10	10	10	10	10	10	10	10	10	10	10	10	
# Bin lower bound for each
-2420	-2420	-2430	-2440	-2440	-2450	-2460	-2470	-2470	-2480	-2490	-2490	-2500	-2500	-2530	-2540	-2550	-2560	-2560	-2560	-2560	-2570	-2580	-2580	
# Bin upper bound for each
-2220	-2220	-2230	-2240	-2250	-2260	-2270	-2280	-2290	-2300	-2310	-2310	-2320	-2340	-2350	-2360	-2370	-2370	-2380	-2390	-2400	-2420	-2430	-2430	
# Normalized histogram for each
1.77192129300724e-06	1.0277143499442e-05	1.81569817201095e-05	3.54384258601448e-06	9.15770616491859e-05	0.000350486031756832	0.00125420758345624	0.00370341973304943	0.0108693404416979	0.028387805112339	0.0650037039408864	0.120965981445941	0.181777257069174	0.205765360764843	0.180582210810771	0.118283980530713	0.0564115742065628	0.0203407183677445	0.00544630236298421	0.00061604491824647	0.000116279729086993	
8.18370702011541e-06	9.7703440954439e-06	1.46137625359204e-05	3.07932853435465e-05	0.000247995550234569	0.000875385252705253	0.00308210514923647	0.00921522988711516	0.0259945015092155	0.0596300175283731	0.114689205041172	0.177272079427553	0.208304842585456	0.185629731975453	0.125303264278225	0.0605503505392781	0.0222326893876297	0.00596567189602066	0.000836408260341591	0.000107035372173805	1.2526082173646e-07	
6.23392076107399e-06	1.40210743043684e-05	3.27648158519747e-05	8.79465588851852e-06	0.00012990483363733	0.000763057088714087	0.00244157698548959	0.0080791403167197	0.0228901594286404	0.0539619095687304	0.110890913544146	0.171515646018165	0.207982991009574	0.191474666280066	0.131600690970296	0.0662662838353658	0.0240919627990674	0.00663085569546008	0.00109484020477569	0.000120753354001544	2.83360034594272e-06	
5.18944041738732e-06	8.67708053595532e-06	2.02745344242055e-05	9.55949550571349e-06	8.69809041618766e-05	0.000559661189629002	0.00201476347476022	0.00681930288629112	0.0198179056872359	0.0507914695011965	0.103534756875977	0.169120081424211	0.207102982491164	0.196410928381646	0.138259571775781	0.070773651441969	0.0258541493273876	0.00705780704668862	0.00154704152102793	0.000187071973588732	1.81735464009718e-05	
2.53012119828733e-06	1.54126549662336e-05	2.24548256348e-05	6.2515077941016e-05	0.000371337454535303	0.00164310287485443	0.00583639924283593	0.0182289750407339	0.0475115435725455	0.0989656695866655	0.163996257276049	0.208085537831447	0.200032035551239	0.142742733186196	0.0747849639451404	0.0282433423339584	0.0076191437234925	0.00159994322408031	0.000214385602868213	2.17168736186329e-05	
9.32657909352767e-06	1.34109049268107e-05	3.30325115073249e-05	4.83592599951085e-05	0.000268933908218335	0.00128226777939141	0.00494744493734023	0.0155417229779055	0.0431975984837804	0.0938222908566745	0.159410458303675	0.207164227520613	0.202663363612013	0.149529084600052	0.080414754446015	0.031104814980145	0.00849891362196141	0.00176992365194984	0.000259059945250244	2.10111194928682e-05	
1.2296822245559e-05	2.7442652711554e-06	2.66256577071643e-05	4.31750436935213e-05	0.00015070415542513	0.000950144241515455	0.00399862493456184	0.0137422539970433	0.0387796943642637	0.0887778404140614	0.155328368098566	0.206163850233503	0.206882638248648	0.156015963663414	0.0835863608759108	0.0334501217217814	0.0096687588023356	0.00212644945911788	0.000258149472797313	3.52355281380412e-05	
6.74329982919263e-06	2.53914376284414e-05	1.05520154734588e-05	4.48304562718547e-05	0.000169664753727094	0.000768423990721053	0.00327102073350327	0.0125467834636722	0.0360533439139315	0.0835234482538007	0.149429588638106	0.206719831480775	0.209425913539699	0.161790577541361	0.0872708290073365	0.0354780197251094	0.0106950608429837	0.00240567221406447	0.000325988596372359	3.83160956343939e-05	
4.83748570580069e-06	2.65542670288372e-05	3.98833048963224e-05	0.000224185281764961	0.000764966355494534	0.00274924901148679	0.010860653691312	0.0316734480396006	0.0796482678676531	0.144768984832032	0.205196676286066	0.212089013806288	0.165695927233585	0.0940663836329215	0.0375682461791078	0.0116621814731066	0.00256579826600844	0.000369787372987193	2.49556129543881e-05	
6.45641743370941e-06	1.26024301831059e-05	6.87649843981294e-05	0.000183945815923855	0.000617312142515979	0.00227050679752114	0.00966409805410821	0.0304108642632805	0.0752745431137931	0.141677430638883	0.20246052412907	0.214798241197394	0.17009485532586	0.0977115456036319	0.0398595414664755	0.0119593958390831	0.00244793411507442	0.000446258467813921	3.51791975554679e-05	
1.46325465632878e-06	2.06092205116729e-05	5.43671237097932e-05	0.000169366574164928	0.000660360643635025	0.00197990720533591	0.00839277530585062	0.0281824289454359	0.0714732919649946	0.137729359757459	0.201452781050465	0.219947248226994	0.171774679144835	0.100677340580415	0.0417255102848151	0.0126888909768319	0.00253019400221809	0.000475186797337643	6.42389403348846e-05	
2.66241110178373e-05	5.34958881846777e-05	0.000174687190430213	0.000585400220860416	0.00189743228405029	0.00770551306086012	0.0258600815870084	0.0685133108790947	0.135177401817812	0.198905472476634	0.221773994649833	0.174096506664841	0.105381368513154	0.0438205417688754	0.0129551479493594	0.00259225966507859	0.00039546092342076	8.24315499265443e-05	2.86879955928634e-06	
8.5931286230078e-06	4.83207812424207e-05	0.000122939857087138	0.000490617829135351	0.00167559781243853	0.00732281928760514	0.0240859791088589	0.0637146654546619	0.130053182540946	0.198269485038502	0.223664504830615	0.181423196038177	0.105981255480584	0.04539905524155	0.01434813782025	0.00282543729632443	0.000522769414248972	4.31524502590174e-05	2.90588890633114e-07	
3.1466035292388e-05	0.000117480098871251	0.000334450833015671	0.00152510904740843	0.00664740696890704	0.0231382799348504	0.0617440828431153	0.125478578730525	0.195627632925678	0.225071830541157	0.187380799102324	0.108701219934048	0.0460081463081211	0.014447795715212	0.00312304540544752	0.000591561463496894	3.11141125292494e-05	
7.59019059442969e-06	0	1.44378625437521e-06	6.07421502733572e-05	0.000240328534799714	0.0014014626916041	0.00588215020446798	0.0214841994816766	0.0589734708607117	0.12321024388623	0.192913439177029	0.225793443564489	0.189587512535932	0.113221635566033	0.0477160013036152	0.0154383857925162	0.00350637929737564	0.000480368312348553	8.12026640496459e-05	
1.71231456613188e-06	7.22060359212238e-07	0	2.86554811127371e-05	0.000154727219831194	0.00125826238196325	0.00566390334854873	0.0198652833420551	0.0574590464900006	0.120334020170901	0.190394484680169	0.224012170884373	0.193276681440297	0.115596809087365	0.0507219551447028	0.0163265067821479	0.00409226677068737	0.000766415495563847	4.63769053574032e-05	
3.96044398834357e-06	3.22170832212405e-06	0	2.96520288246449e-05	0.000165681993584902	0.000846262746524813	0.00475842215090687	0.0188530061719313	0.0544692173977995	0.11609068883202	0.190968730755679	0.224358433724432	0.194544539707145	0.119410874722538	0.0531260112726959	0.0174483413434852	0.00412731616716849	0.000768510817655208	2.71280152983948e-05	
3.98450855934055e-06	2.97811206754835e-06	6.28484339772272e-06	9.94073269443724e-06	0.000162748689815539	0.000899656847550484	0.00424461070570905	0.0175446743510447	0.0519035229710205	0.11412716957518	0.18909573919658	0.225134571641916	0.195348727064532	0.122931516320752	0.0548327118458454	0.0185961327592245	0.00447088560673098	0.00059666988740929	8.67554853332705e-05	7.18854636994429e-07	
4.98590996266604e-06	7.16982093804869e-06	1.04662903348527e-05	8.65941304672949e-05	0.000880816622826027	0.00388511581640454	0.0159239662740688	0.0507119992742823	0.11287669554161	0.186997191840736	0.227427235228248	0.197775142754122	0.122795607133123	0.0560173371214986	0.0188247151227202	0.00487071896018147	0.000829103259163665	7.44383995665802e-05	7.00499746820849e-07	
2.96869196974964e-06	8.82418095835928e-06	7.64898841309287e-05	0.000802509097505357	0.00373357033732121	0.0161150836986872	0.0488289226760158	0.110197845917107	0.186463972568467	0.227540616824581	0.199362836808341	0.124919855553686	0.057263160825714	0.0186605630359769	0.00502527892396586	0.000904795891166524	8.30414802021004e-05	9.66360420497815e-06	
1.46668348681927e-05	5.7133151725052e-05	0.000622348373821332	0.00374722289004847	0.0152780961785572	0.0473381811893322	0.109378810858441	0.184241895341271	0.227408640500392	0.200162918465306	0.129015084399861	0.0584123983807733	0.0186966346855344	0.00471020185553667	0.000846298873315019	6.85270527314443e-05	9.40968485267594e-07	
1.11219170954034e-05	6.21853174823284e-05	0.000509395980250966	0.00331761916043286	0.0145331998459736	0.0471709729491636	0.108275191380693	0.182128475555964	0.228642910373524	0.201784373588767	0.128321330694354	0.0589822053588522	0.0202022723578491	0.00513796037963162	0.000855616388518277	6.51687514477012e-05	
2.42952970450202e-06	3.59121239514206e-05	0.000493378275957948	0.00335003563548422	0.0144564163093472	0.0452598517786801	0.108137223839289	0.182537936953214	0.225351640227565	0.20166311312219	0.131084785217222	0.0602890246118096	0.0209957507117144	0.00521967103228655	0.000971975211528841	0.000150855420055172	
1.69719000214842e-05	0.000543791872065614	0.00352802101344805	0.0148142735508487	0.0456125199369011	0.107414870677171	0.180606565543953	0.227356568643612	0.200527002902703	0.130953310607925	0.0611446540445867	0.0207603736419685	0.00558735274336028	0.000944288061315105	0.000185491688139	3.94317198103944e-06	
