# <P(U)> as a function of N_tot.
# number_of_species: 1
# species_total_upper_bound: 479
# species_total_lower_bound: 456
# volume: 729
# Bin widths for each
10	10	10	10	10	10	10	10	10	10	10	10	10	10	10	10	10	10	10	10	10	10	10	10	
# Bin lower bound for each
-2420	-2420	-2430	-2440	-2440	-2450	-2460	-2470	-2470	-2480	-2490	-2490	-2500	-2500	-2530	-2540	-2550	-2560	-2560	-2560	-2560	-2570	-2580	-2580	
# Bin upper bound for each
-2220	-2220	-2230	-2240	-2250	-2260	-2270	-2280	-2290	-2300	-2320	-2320	-2330	-2340	-2350	-2360	-2370	-2380	-2390	-2400	-2410	-2420	-2430	-2430	
# Normalized histogram for each
5.96650795521525e-06	3.46057461402485e-05	6.11391579881469e-05	1.19330159104305e-05	0.000140037451419464	0.000411618854698614	0.00153100594130823	0.00423692259031521	0.0115112188951024	0.0302233109500372	0.0678467764256111	0.125254410144355	0.185997883363754	0.202927323230093	0.177644561643819	0.114337666024226	0.0536674053671477	0.01824284375281	0.0047763651036779	0.000820429940947716	0.000316575892682597	
2.73939824924499e-05	3.2705060730782e-05	4.89178258793748e-05	3.50810694163516e-05	0.000345499615925184	0.00107668134760504	0.00361411885857661	0.0103904956298212	0.0280891047981958	0.0633541052398539	0.116721426678608	0.180434379112591	0.206044118847395	0.182271103709145	0.121920203565243	0.0585456227211281	0.0205158566433762	0.0054219819378615	0.000824894309543057	0.000285889750960746	4.19295650394641e-07	
2.10230406154527e-05	4.72841452226344e-05	0.000110494836366066	2.08814713183789e-05	0.000187013041434431	0.00106445954469757	0.0029403943002219	0.00913029946082625	0.0245937722108955	0.0580104261540216	0.114637295567741	0.172134320665925	0.20849681932721	0.186135736500465	0.127879475262075	0.0639263947247882	0.0233151891043739	0.00612428779141067	0.00096557339069155	0.000249303532146884	9.5559275524785e-06	
1.7404736723762e-05	2.91018472344684e-05	6.79982629086246e-05	2.74811632480452e-05	8.91376192532748e-05	0.000927806349966695	0.00267321253882331	0.00714101550226512	0.0220076201742461	0.0518131965814278	0.106941607953866	0.172878149438197	0.206239717905155	0.190961177642538	0.136032321793993	0.068644704425644	0.0250085632009326	0.00646547213801125	0.00182263530403574	0.000190747458749893	2.09279627812036e-05	
8.486942873751e-06	5.16996270059332e-05	7.53216180045401e-05	6.27326527418095e-05	0.000606392068329509	0.00258639584077562	0.00616343008848982	0.0200781972771483	0.0490901042458266	0.100071170088449	0.169353620993076	0.210547119966544	0.194903279616407	0.137864729022169	0.073068617569655	0.0259885750189524	0.0071080268303383	0.00200178692582207	0.000319887021816465	5.04265855748705e-05	
3.13896458383494e-05	4.51359015779426e-05	0.000110324330858488	8.43198161346181e-05	0.000335932981759852	0.00188961416527563	0.00583089242817971	0.0159717320296403	0.0448018108778798	0.0935587171313917	0.1627476611171	0.209891720601825	0.201131529418334	0.144892408623182	0.07827734473923	0.0293852433519494	0.00857688415463432	0.00185248510338105	0.000528734847055899	5.61187347719475e-05	
4.10820177639485e-05	9.16821861512308e-06	8.89527164871865e-05	8.51034643968677e-05	0.000150820695538857	0.00130503643142137	0.0045259506077969	0.0135978679342604	0.0398050458795856	0.0893676658625229	0.157788051781539	0.208826475015904	0.207105229453917	0.153317530403843	0.0809002210870428	0.0313130358771291	0.00895154071563895	0.00237785798219406	0.000337684387923426	0.000105679466479663	
2.24621388171271e-05	8.45796585089355e-05	2.37100354180786e-05	0.000109953556061616	0.000194186576625843	0.000820561342714558	0.00351095708677707	0.0120223051811558	0.0361694510475121	0.0825537677048797	0.15053709469705	0.209599763509729	0.214883427045746	0.161219297583961	0.0824339696311883	0.0334977737524639	0.00967625957136693	0.00215795986098986	0.000371595876727782	0.000110924142306801	
1.61183889441964e-05	7.96926354665848e-05	6.59954637457656e-05	0.000333782088651278	0.000768217636160091	0.00297194037524301	0.0111300588653249	0.0314112119928562	0.0782477222053083	0.145889267774796	0.207028669079721	0.218636399514401	0.165556607747383	0.0887929533447352	0.0361212404463092	0.0103584515250521	0.00223035612854007	0.000301683666032792	5.96311213300313e-05	
2.13163691473159e-05	3.64837856559829e-05	0.000137326608929823	0.000290845459808088	0.000649739328817224	0.00237520376091806	0.010325457914211	0.0293299575127869	0.075437673908607	0.143648552102706	0.201087626742724	0.220742958817253	0.171303261629941	0.0950391001650037	0.0367947860161066	0.0105190132789365	0.00202061415875598	0.000209679284977924	3.04031547133191e-05	
4.82455767809668e-06	6.7951516592911e-05	0.000136174839252194	0.0003153629885077	0.000755281106930205	0.00202787710968224	0.00835735702576212	0.0278850600096831	0.0696873380842769	0.138475949410096	0.199436274218345	0.223365468738055	0.174873227951856	0.10072358172444	0.0393694099260178	0.0116417256287639	0.00241846242705829	0.000458672737002149	
8.78729893348757e-05	0.000171863218675885	0.000367431708893271	0.000970145049695581	0.0019109991029462	0.0075196799733847	0.0260304998290564	0.0688362939151225	0.131403973998042	0.198521703845002	0.225271467933273	0.176236568800906	0.104962582795599	0.0418188237430637	0.0126458087070416	0.00293270993010419	0.000310007732141876	1.56672771682337e-06	
2.80093264291471e-05	0.000157501719630566	0.000315409371528222	0.000767753227821163	0.0020183628873448	0.00753545598473045	0.023984440345581	0.0641394631721672	0.12982187489154	0.195342251980966	0.222232829082016	0.182667490528755	0.110428934419004	0.0428288310145242	0.014133276087863	0.00305125754095298	0.00054205488731963	4.80353182722088e-06	
0.000102904179351694	0.000345135201536143	0.000510391189560804	0.00198009305110418	0.00684055532240387	0.0234962060515375	0.0626109647246504	0.124548719475963	0.192420051068907	0.220552090400238	0.187171937921971	0.112810331417127	0.0482119620286286	0.0141843256218611	0.00337464778167362	0.000778280556465182	6.14040070210438e-05	
2.49945765844015e-05	0	4.75440315464158e-06	0.000166404110412455	0.000453026700592276	0.00193320824272233	0.00651441528244483	0.0223191380891945	0.0609659833321493	0.125091335480603	0.188457069845035	0.223179223203878	0.187965600398935	0.113502274031029	0.0488597107393953	0.0163275033936251	0.00381642733227586	0.000342724547404592	7.62062905643979e-05	
5.65206167121113e-06	2.38339949990831e-06	0	9.37016489106809e-05	0.00030466655321685	0.00162261837953758	0.00606956516646649	0.0208934247932248	0.059225026076093	0.122362027897078	0.190201749319897	0.220231493464685	0.190706485236849	0.114573486914149	0.0517207225078102	0.0168679992321368	0.00439355863813097	0.000677362137873941	4.8076572769579e-05	
1.29946474845022e-05	1.05707754148541e-05	0	7.70252679910389e-05	0.000314901379715113	0.00112629255502981	0.00514527443584546	0.0187384836619913	0.0557148540738119	0.116700619952413	0.198458228840321	0.221254274346903	0.188116845984947	0.118753302946506	0.0527428502675248	0.0177628078241782	0.00407728947004663	0.000970154795876644	2.32287740007941e-05	
1.30725331523484e-05	9.77070776850781e-06	2.06195626011268e-05	3.2613948689364e-05	0.000368254606585484	0.00113232395408279	0.00443502533241296	0.0184125955608912	0.0526052884730715	0.116608680323735	0.194332571712278	0.225686099099505	0.190551240421674	0.118747050257017	0.0540344397907424	0.0178279703153769	0.00442761307134719	0.000721145617507383	3.36247115619683e-05	
1.63001457650638e-05	2.34398790340587e-05	3.42168349117869e-05	0.000194119917747579	0.00118445480693656	0.00434917525640567	0.0176878809022441	0.0528310625276959	0.115123012552527	0.19178273279757	0.229092351978343	0.192855511399224	0.117051009959052	0.0531755883359121	0.0184229366490793	0.00553006019670773	0.000640555314982468	5.59054586157148e-06	
9.61666322345909e-06	2.85847024090405e-05	0.000134434319682425	0.000882610718467542	0.0040195662619599	0.0180674552551583	0.0516923503423366	0.115618953315743	0.189048212312048	0.228131260157601	0.195828888390001	0.119564703397236	0.0529622141405406	0.0173934929677321	0.00522523054292033	0.00135037848201966	4.20480309218832e-05	
4.6974898435618e-05	0.000130966278902092	0.000480428075632338	0.00357670938674434	0.0159356937881298	0.0503954834388587	0.116507772052635	0.188376614991439	0.227140274974152	0.195938394353421	0.122865631283998	0.0546494961729216	0.0179867999880237	0.00491991631523393	0.00102047561789845	2.83683835740901e-05	
3.50073914785238e-05	0.000176378481518621	0.000591803785870519	0.00326514195848596	0.0147736302607469	0.0496298766877412	0.114180312469077	0.18648609922283	0.228678182863409	0.196736301777002	0.127360595360741	0.0535547291057138	0.018874541749732	0.00484354091587896	0.00075023139694121	6.36265728332293e-05	
7.64442699430895e-06	0.000100341134160593	0.000521105813259111	0.00303882032744357	0.0146429320270399	0.0466359510592221	0.11197871431787	0.188484075438032	0.228967611783364	0.197939525002287	0.127775890582169	0.0565492953765478	0.0186401964784759	0.00403098986464611	0.000656135943864467	3.07704246241511e-05	
5.27554220095747e-05	0.000454075710159058	0.00330286849867609	0.0166678702484502	0.0487532756536507	0.111323291101828	0.187281179512675	0.227832787678001	0.19511343268664	0.126723135817665	0.0582386373508261	0.0188662866128157	0.00474053272361965	0.000579551480351891	6.30537858270126e-05	7.26571680371388e-06	
