# <P(U)> as a function of N_tot.
# number_of_species: 1
# species_total_upper_bound: 479
# species_total_lower_bound: 456
# volume: 729
# Bin widths for each
10	10	10	10	10	10	10	10	10	10	10	10	10	10	10	10	10	10	10	10	10	10	10	10	
# Bin lower bound for each
-2420	-2420	-2430	-2440	-2440	-2450	-2460	-2470	-2470	-2480	-2490	-2490	-2500	-2500	-2530	-2540	-2550	-2560	-2560	-2560	-2560	-2570	-2580	-2580	
# Bin upper bound for each
-2220	-2220	-2230	-2240	-2250	-2260	-2270	-2280	-2290	-2300	-2310	-2310	-2320	-2340	-2350	-2360	-2370	-2380	-2390	-2390	-2400	-2420	-2430	-2430	
# Normalized histogram for each
2.01642891388259e-06	1.1695287700519e-05	2.06624656940204e-05	4.03285782776518e-06	0.000100109764900995	0.000352851337236349	0.00130410760803374	0.00367255756489402	0.0107906702443651	0.0279046243357349	0.0642658905866693	0.12044789393489	0.182286715790038	0.206681804907893	0.179134895061481	0.118916926212698	0.0571020405548928	0.0204190471400751	0.00576138813813155	0.000687744595792591	0.000132325182136907	
9.3123439751807e-06	1.11177984193484e-05	1.66291856699655e-05	3.50400698045702e-05	0.000256493310969454	0.0009514982480559	0.00301722320393808	0.00922606225753311	0.025589038420902	0.0590590042704937	0.113949166717445	0.177134133268432	0.209160804581768	0.185870085912312	0.125639721803226	0.0609046538320236	0.0220127182387602	0.0061415146076112	0.000893842485740176	0.000121796907042733	1.42535877171133e-07	
7.10325538367564e-06	1.59763454420718e-05	3.73339449626858e-05	1.00210909284852e-05	0.00013192443332106	0.000831607046955508	0.0024963757253781	0.00790707124290108	0.0225936616241127	0.0532852018024092	0.110363948563343	0.170209903588256	0.20865542431009	0.192569062117968	0.132189597605366	0.0667346299126216	0.0239128342072689	0.00674216127666307	0.0011653404665643	0.000137592687617125	3.22875244712529e-06	
5.91166050142704e-06	9.88467929995696e-06	2.30961634974781e-05	1.08899009236814e-05	8.98237322342336e-05	0.000600763523264454	0.00208875479870664	0.0066374065799079	0.0196773568874949	0.0498435791385016	0.102837379242667	0.168054387085142	0.207367982508952	0.197904897944755	0.138890873403801	0.0713884941997875	0.0256980839350961	0.00704435380057901	0.00160751691327266	0.000197861122936427	2.07027786790866e-05	
2.88390785664459e-06	1.756780536006e-05	2.55946822277208e-05	5.6524593990234e-05	0.000406198421608391	0.00172126040423833	0.0058017496957357	0.0182498976332874	0.0470224059933758	0.097837246948501	0.163720963073338	0.207688757897522	0.201419670933617	0.143449638293067	0.0751990989902814	0.0279058700166012	0.00753706915077517	0.0016796840659717	0.000233163950209715	2.47535424361994e-05	
1.0625141088922e-05	1.52781374122874e-05	3.76317073781459e-05	5.50924358493316e-05	0.00029666449239024	0.00138951901545284	0.00508390215813645	0.0153164167016281	0.0432098824653129	0.092779091756224	0.158917549001088	0.207052508152098	0.203731779801794	0.150287464031619	0.0802515227530081	0.0309391636560501	0.00847248270740299	0.0018364225231501	0.000293066814820628	2.3936548096488e-05	
1.40090507059142e-05	3.12638099229089e-06	3.0333055276349e-05	4.91868032451262e-05	0.000171688434034662	0.00105017762736464	0.00417832466693363	0.0136991571396172	0.0383114841066604	0.0881343030269358	0.15496346513559	0.20647591399092	0.207348031094747	0.156702425066912	0.0835425323728995	0.0332257213903384	0.00958094967664987	0.00222039873863176	0.000258630464224858	4.01417773208648e-05	
7.6828841205527e-06	2.89293784786244e-05	8.10971101613897e-06	5.10769518384893e-05	0.000192475217304094	0.00082617088161783	0.0034529110222663	0.0126586186558495	0.0353557553563871	0.0820965490500102	0.149382086260151	0.207000468537368	0.210027335180024	0.162964548018891	0.0869522266646207	0.035374014062476	0.0107079011799938	0.00252790600171494	0.000341580079495561	4.36549063763504e-05	
5.50491792356386e-06	2.72174482744445e-05	3.26987399408257e-05	0.000243964731668328	0.000845252976967471	0.00289131047524453	0.0112024607219381	0.0312100022232308	0.0781290319684523	0.143804309382058	0.205866801304831	0.213427581623403	0.16637907998882	0.0938109837997117	0.0374731576185583	0.0116214487668157	0.00261129207511543	0.000390187637371919	2.77135996752807e-05	
7.34771732210464e-06	1.25759008012945e-05	4.92909370357853e-05	0.000168502940511727	0.000641535793498245	0.00236542331906895	0.00994478213982814	0.0300014598878102	0.0740981024355163	0.140575114783944	0.202471908699337	0.216213482463107	0.171452366055647	0.0976815667462285	0.0395893596292436	0.0116904537632288	0.00252518907007266	0.000477201269544251	3.43364482552198e-05	
1.66766695366197e-06	2.34882669529855e-05	5.44692910639734e-05	0.000167847155646034	0.000654782417848377	0.00199624432006729	0.00848342179327845	0.028062348571143	0.070489557492325	0.13712403270619	0.201145978451676	0.220307988491125	0.172888019593349	0.101348888892229	0.0416487842660931	0.0124666560562335	0.00261203621477371	0.000476365542073499	4.74228109780777e-05	
3.03047138982469e-05	6.08913321118263e-05	0.000174898135637557	0.000591811125988089	0.0018754154418022	0.00779686256941453	0.0260608323671259	0.068358390124328	0.134239734013882	0.19866581735161	0.221213088300536	0.174396510400449	0.106581255923661	0.0438380003963105	0.0130244492088884	0.00261891458146547	0.000401431745033521	6.81268762053612e-05	3.26539165260179e-06	
9.75658544772759e-06	5.48631181698305e-05	0.000120943952941396	0.00045212582563926	0.00163729172459148	0.00737656776426996	0.0242126164527421	0.0637602521327919	0.129142901879057	0.19725107969344	0.222941865974775	0.182481565355996	0.106813895583514	0.0456473162155063	0.014583550048149	0.00292428903832542	0.000543729322342925	4.50593994590704e-05	3.29932841227503e-07	
3.5925786967363e-05	0.000134036274928892	0.00031300341895315	0.00150387235076274	0.00664643603666529	0.0236214412849028	0.0622844423237726	0.124634118313354	0.195345072147253	0.224073411320338	0.187740717544798	0.108960690145713	0.0463879906522993	0.0143681876021905	0.00330857589660483	0.000606554915094366	3.55239854025964e-05	
8.64845067941336e-06	0	1.64508572706232e-06	6.92111066599792e-05	0.000248172932539688	0.00136260100650105	0.00594301319636068	0.0218830478475064	0.0595111171838276	0.12260318647465	0.193107565528347	0.22546271208739	0.188706843702332	0.113451927093373	0.0479494546940336	0.0155570116914363	0.0035936427683183	0.000449202408386703	9.09967419312188e-05	
1.95766398325183e-06	8.25520956792941e-07	0	3.27613888281541e-05	0.000149820260501393	0.00121254876765052	0.00571836008139165	0.0201084404328843	0.0580304437977077	0.120465985352428	0.189876825197353	0.224125142372882	0.192245008959261	0.115755822222411	0.0508923056021975	0.0164627511971823	0.00414744087324079	0.000735043859928434	3.85164492126535e-05	
4.53394967485003e-06	3.68823885467075e-06	0	3.39458926433072e-05	0.000168296453215677	0.000858185054776925	0.00476153985334717	0.0190595028507737	0.0548166261672982	0.116962229286205	0.190048440906262	0.224074276714043	0.193887827078072	0.119462620309999	0.0533626613316722	0.0175526106129848	0.00414153985428684	0.000778782205548981	2.26932403414774e-05	
4.56120920571456e-06	3.40915121045676e-06	7.19448462344667e-06	1.13795116266281e-05	0.000172432517086137	0.000909114826584354	0.00431664375129269	0.017552261876607	0.0522176399311389	0.114700539805003	0.187957674141619	0.224979222398942	0.195377727018259	0.123095492370896	0.0549957925196216	0.0185331334583246	0.00446746930312082	0.00061891376871768	7.93979561221549e-05	
5.71166455252471e-06	8.21346803420909e-06	1.19897751763742e-05	9.79951703391844e-05	0.000898359867201439	0.00397102297918299	0.0160099373522446	0.0509820817766392	0.112783071098305	0.186306543856438	0.226789618506832	0.198712208458763	0.122554950284326	0.055920783461002	0.018880261207165	0.00510552005236794	0.000878392643187241	8.33383782436561e-05	
3.39836427586974e-06	1.01013448475852e-05	8.75606133424094e-05	0.000819826085309818	0.00372245104281269	0.0162877271753785	0.049212580247685	0.110236562246573	0.185589149571293	0.227495223188863	0.199413226705631	0.125117483796716	0.0574538948606092	0.0184787580905093	0.0050537192331434	0.000938206347085115	7.40843412139604e-05	6.04674471154754e-06	
1.68064508643368e-05	6.52802868300947e-05	0.000627534592106031	0.00367252595330901	0.0149669297333306	0.0473496555146372	0.110673877735766	0.183851532234984	0.226010291548559	0.200304906991413	0.129519440985097	0.0587608371722127	0.018468929982263	0.00477809507669438	0.000869528732584989	6.27487712187302e-05	1.07823813076638e-06	
1.2781441272636e-05	7.14641168966362e-05	0.000507689109820196	0.00327911607657147	0.0139767625934048	0.0474781330064767	0.109426886703998	0.18276831277325	0.228244750792683	0.200050803896679	0.12864896154055	0.0593125114636467	0.0200807171340165	0.00523353372518558	0.00084320194322689	6.43736823220352e-05	
2.79601098047553e-06	4.13292715517349e-05	0.00049534036546542	0.00332925021746622	0.0142381102687521	0.0455375970198188	0.108215540210233	0.183209747298407	0.226027460023269	0.20031548402216	0.131354269769572	0.0601156223377687	0.0206613228552939	0.0053015422655593	0.000984266352799162	0.000170321710903085	
1.95510937748194e-05	0.000538298977105505	0.00337681340492296	0.0143315136845481	0.0460849719101124	0.108140752327962	0.181820606281525	0.227939365291419	0.198945772243385	0.130762023430967	0.060949961188152	0.0204235408468475	0.00544740301533593	0.00100773595805323	0.000207147936078835	4.54240981115563e-06	
