# <P(U)> as a function of N_tot.
# number_of_species: 1
# species_total_upper_bound: 479
# species_total_lower_bound: 456
# volume: 729
# Bin widths for each
10	10	10	10	10	10	10	10	10	10	10	10	10	10	10	10	10	10	10	10	10	10	10	10	
# Bin lower bound for each
-2420	-2420	-2430	-2440	-2440	-2450	-2460	-2470	-2470	-2480	-2490	-2490	-2500	-2500	-2530	-2540	-2550	-2560	-2560	-2560	-2560	-2570	-2580	-2580	
# Bin upper bound for each
-2220	-2220	-2230	-2240	-2250	-2260	-2270	-2280	-2290	-2300	-2310	-2310	-2320	-2340	-2350	-2360	-2370	-2380	-2390	-2390	-2400	-2420	-2430	-2430	
# Normalized histogram for each
2.09789581543335e-06	1.21677957295134e-05	2.14972618263817e-05	4.19579163086669e-06	0.000104154356954456	0.000365330045412287	0.00129632684604712	0.0036275333572839	0.0107602310429938	0.0281215282909396	0.0644667588161233	0.121058683131545	0.182982619451473	0.206367518570327	0.178201761699373	0.118461710242184	0.0570584716636472	0.0204445870684517	0.00580621050217505	0.00069894484232067	0.000137671327746908	
9.68473494795159e-06	1.15623876419422e-05	1.72941695499136e-05	3.64412858373179e-05	0.000263933733288181	0.000973785275442633	0.00301464551807143	0.00919110993708406	0.025800529196647	0.0593221145067225	0.114240491091168	0.177579720006901	0.209314150541645	0.18542408354922	0.125128875533837	0.0605663558879693	0.0219930448285381	0.00609320534560804	0.000892156795167041	0.000126667438974867	1.48235738999259e-07	
7.39061755378174e-06	1.6622668437462e-05	3.88442895671828e-05	1.04264941246954e-05	0.00013726143578	0.00085345457993957	0.00248444194131168	0.00786115353803917	0.0226345998803019	0.0535692365370134	0.111034746926219	0.170673223297406	0.208229156523749	0.192249073665719	0.132045426567658	0.0664770620737471	0.0236657030081083	0.00669358526994679	0.00117207231448038	0.000143158999282513	3.35937161535533e-06	
6.15127974262049e-06	1.02853381931266e-05	2.40323277393878e-05	1.13313047890378e-05	9.34645865346345e-05	0.000607507360491839	0.00210069938805475	0.00664637059801845	0.0197370161053454	0.0499213208984176	0.102992321160756	0.168651604116785	0.207179858389073	0.197380720335279	0.13904791040031	0.0713480960394575	0.0253988830969457	0.00696830417385997	0.00164670007749616	0.000205881091628517	2.15419310824564e-05	
3.00372093440051e-06	1.82976666920565e-05	2.66580232928045e-05	5.887293031425e-05	0.000412085481191964	0.00177302137455326	0.00586151109340473	0.0183631478084264	0.0469301609100814	0.0978697385854161	0.164028444336133	0.207944120978465	0.200583052270576	0.143362043315208	0.0754019810891237	0.0279369576046567	0.00743984128939327	0.00171842874657053	0.000242850837546281	2.57819380202711e-05	
1.10749360422444e-05	1.59249080336561e-05	3.92247734769332e-05	5.74246683725401e-05	0.000304223243110771	0.0014445166579163	0.0051961699921183	0.0154995604900382	0.0431737256717342	0.092704114633738	0.158624808941728	0.206896830170806	0.203633649015677	0.150048508469864	0.0806636341675127	0.0311305452211013	0.00843552628483571	0.00179011466208783	0.000305473235892063	2.49498559145821e-05	
1.46180058569643e-05	3.26228069380293e-06	3.16515936017063e-05	5.13248893887622e-05	0.000177682234734992	0.00109261500336339	0.00428302591027842	0.0138213867950249	0.0384942896142231	0.0882766182929377	0.154321167201199	0.206155644756658	0.207008145939795	0.156869431772462	0.0837578116680873	0.0334630807942911	0.00964726129294494	0.00221922247349808	0.000269872792967499	4.18866879921873e-05	
8.01702003455781e-06	3.01875445745695e-05	8.46241003647769e-06	5.32983368964121e-05	0.00020084614697687	0.000856039583690006	0.00353263554411651	0.0128282960425193	0.0355523661232504	0.0821617617391628	0.148698821564863	0.206432376844283	0.209821794758893	0.163338667208525	0.0871498328339975	0.0355509309776887	0.010828593909455	0.00254530488541612	0.00035621302597992	4.55534996408053e-05	
5.74580003594947e-06	2.84084190618618e-05	3.412955901182e-05	0.000254640047945126	0.00086884880972793	0.0029769655808576	0.0113338988219852	0.031153875755434	0.078117283319654	0.14329877329142	0.205019146214064	0.213139416609934	0.167108061655837	0.0942251775088475	0.0376423882612664	0.0117356856030398	0.00262602789711684	0.000402600563892322	2.8926280867677e-05	
7.665941465328e-06	1.31205536618114e-05	5.1425690663242e-05	0.000175800676873147	0.000657919598131692	0.00243145481239549	0.00999796017160112	0.0298112247171968	0.0742817934234183	0.140150510932542	0.202032840598394	0.215915762310802	0.172083800927097	0.0981190384098557	0.0395834081704489	0.01166237857161	0.00251882688884006	0.000469244070848828	3.58235341552828e-05	
1.73934239383734e-06	2.44977801948921e-05	5.68103522719548e-05	0.000174228212746073	0.000674987337709862	0.00205438384714365	0.00860682961365163	0.0280498603320307	0.0707377812727944	0.136948495254474	0.200808720719794	0.219663584233474	0.172676106886265	0.101881858230121	0.0419200870161152	0.0125750535429608	0.00260649031939593	0.000489024688250436	4.94610182134871e-05	
3.15993388046568e-05	6.34926249470313e-05	0.000181365507371844	0.000612365791300477	0.0019240812902544	0.00790321509554795	0.0262058460785429	0.0685310782804051	0.133906435925519	0.198117517157155	0.220825806342252	0.174847494609679	0.106710526222319	0.0439720231702029	0.0130993711756073	0.00258913714184078	0.000404202084973366	7.10372732817866e-05	3.40488999523046e-06	
1.01571220918215e-05	5.71154111829963e-05	0.000123578318783828	0.000469435686243751	0.00168689189291636	0.0074872464942411	0.0244039824063925	0.0637804705382492	0.129097708742169	0.19619305666494	0.222003874083384	0.182784306127613	0.107643953223558	0.0460189761046833	0.0146877137611119	0.00295012875133616	0.000554151972676262	4.6909220868509e-05	3.43477558660631e-07	
3.74593233643559e-05	0.000139757778157409	0.000315865886553256	0.00156466607921247	0.00675349704963469	0.0238283191893172	0.0621733830411983	0.12433059942705	0.194412951777923	0.223312844397815	0.188085283444349	0.109649058385974	0.0468623282132682	0.0145462685240051	0.00334891279735679	0.000601764314415028	3.70403704056756e-05	
9.03526897602904e-06	0	1.71866529435335e-06	7.23067041695802e-05	0.000259272935833877	0.0014191755906316	0.00609770170255895	0.0220453197306704	0.0596665592910064	0.122252541660447	0.192626508497081	0.225206166178238	0.188201780144407	0.113553001673489	0.0485389135285475	0.0157814230941475	0.00370421475655843	0.000469293834803856	9.50667431390881e-05	
2.04490528232788e-06	8.62309456403321e-07	0	3.42213667126918e-05	0.000156496847630683	0.00124746613445913	0.00588299539795298	0.0203414612405327	0.0581761263122718	0.120208894712188	0.189346797383911	0.224213220844818	0.191522280955351	0.115981484195703	0.0511703300898425	0.0166452087117794	0.0042620753566321	0.000767800339981517	4.0232895494475e-05	
4.73463557399594e-06	3.85149111459773e-06	0	3.54484373286224e-05	0.000173439759109592	0.000845218311225161	0.00487665010942528	0.0192830667623112	0.0550667310086469	0.117363741174596	0.190091840400194	0.223026186239025	0.193410304769964	0.119425490978643	0.0536642976071225	0.0177375884901549	0.00417560513119687	0.000792106984708574	2.36977096605185e-05	
4.75815149836643e-06	3.55635034671718e-06	7.50512555927901e-06	1.18708521918008e-05	0.000172985786175147	0.000910842640179558	0.0043712205806436	0.0178309274745871	0.0526793102034193	0.114690115818313	0.18828005479036	0.223893224529615	0.195323566074635	0.122888116531349	0.0551432478298414	0.0186100625191675	0.00449417219642356	0.000611152675444818	7.33098702506045e-05	
5.96454448009752e-06	8.57711354989231e-06	1.25206140326014e-05	9.63446461681868e-05	0.000910085970775211	0.00400647325604237	0.0162441411290094	0.0513772059263911	0.113064570630435	0.185983517646795	0.226831355462451	0.198316396409541	0.122358316805548	0.0558452659139346	0.0190052815794902	0.00505544438444299	0.000824659891568525	5.38780753450132e-05	
3.54109291803396e-06	1.05255934322251e-05	7.8880897415515e-05	0.000822290618228423	0.00376887066732018	0.01645057452401	0.0495357382971153	0.10986169956342	0.185592489561713	0.227459197451585	0.199138806202334	0.125549571515546	0.0574412892899523	0.0183408343449869	0.00497210961953765	0.00091973172680053	4.90868742430914e-05	4.76215944149394e-06	
1.75030120071639e-05	6.32744869212954e-05	0.000581920223468302	0.00369296465333857	0.015007087377233	0.04760948646651	0.110532204345932	0.183930853289167	0.226589941143498	0.199736048720183	0.129515160708653	0.058663358686906	0.0183096884810505	0.00478215487612188	0.000901881141708047	6.5349460450736e-05	1.12292685122669e-06	
1.32696506333449e-05	7.03436771712902e-05	0.000482986225424631	0.00326941914089957	0.0140322681097073	0.0479576070500007	0.109814010833265	0.183014585670656	0.228473042898456	0.19956268752462	0.128458184764097	0.0589912489075542	0.019762577861128	0.00517741571326164	0.000853519426138945	6.68325469854599e-05	
2.90402419662245e-06	4.29258702677217e-05	0.000471818519474777	0.00329389554591018	0.0143196701028513	0.0456253681887821	0.108507058243012	0.184098905695353	0.225907043893716	0.200089024203944	0.13107305890386	0.0598216538686239	0.0202672092717927	0.00529166896466901	0.00101089326320074	0.000176901440347194	
2.02621519647808e-05	0.000548461267913744	0.00333311186518132	0.014358076340897	0.04632786957328	0.108509890283966	0.182544760306993	0.227595507655235	0.198116745812007	0.130843610693155	0.0608745901888767	0.0203531011211449	0.00531572096934717	0.00103890240966247	0.000214681746625648	4.70761374990118e-06	
