# <P(U)> as a function of N_tot.
# number_of_species: 1
# species_total_upper_bound: 479
# species_total_lower_bound: 456
# volume: 729
# Bin widths for each
10	10	10	10	10	10	10	10	10	10	10	10	10	10	10	10	10	10	10	10	10	10	10	10	
# Bin lower bound for each
-2420	-2420	-2430	-2440	-2440	-2450	-2460	-2470	-2470	-2480	-2490	-2490	-2500	-2500	-2530	-2540	-2550	-2560	-2560	-2560	-2560	-2570	-2580	-2580	
# Bin upper bound for each
-2220	-2220	-2230	-2240	-2250	-2260	-2270	-2280	-2290	-2300	-2310	-2310	-2320	-2340	-2350	-2360	-2370	-2380	-2390	-2390	-2400	-2420	-2430	-2430	
# Normalized histogram for each
2.19172747163299e-06	1.27120193354713e-05	2.24587603269686e-05	4.38345494326597e-06	0.000108812822709308	0.000381670000413076	0.00130652742338404	0.00367663572617887	0.0108797609542152	0.027822742570985	0.064080309639006	0.119887234848034	0.182698070150441	0.207034857285279	0.179277299267803	0.118695682869309	0.0567608165747405	0.0205978805634359	0.00587591821133173	0.000730206238460877	0.00014382889219728	
1.01089843934043e-05	1.20688895309011e-05	1.80517578453649e-05	3.80376326027331e-05	0.000275495612945761	0.00100834540501659	0.00306673577567256	0.00920417871374366	0.0257749187690238	0.0587519731538383	0.113493361478946	0.177298769512242	0.209891450396077	0.18558718255049	0.125826992932763	0.0605582836202965	0.0219681382863678	0.0061666352093296	0.000916900357417069	0.000132216232104551	1.5472935296027e-07	
7.72247334128098e-06	1.73690646194468e-05	4.05884878307731e-05	1.08946677777668e-05	0.000143424791079144	0.000891776660558632	0.00250582559207384	0.00786137385504907	0.0226564627052251	0.0532382111829162	0.110023377772917	0.17006792214322	0.209446945841098	0.192292550379583	0.132541147977124	0.0664323819064166	0.0237002446827976	0.00676181845890062	0.00120686397352039	0.000149587168795924	3.51021515512772e-06	
6.41988106689482e-06	1.07344570065893e-05	2.50817215771397e-05	1.18260967021747e-05	9.75458042269485e-05	0.000634034731764503	0.002141277254312	0.00670022453728967	0.0198923783613828	0.0497085153068548	0.10208853286302	0.16804015300318	0.207766766916445	0.197990145768468	0.139356462284771	0.0712043044496819	0.0254381419377483	0.00699800825139256	0.00166420471591987	0.000202759077744318	2.24825794447936e-05	
3.13011186393779e-06	1.90675981044877e-05	2.77797427924479e-05	6.13501925331808e-05	0.000429425263466732	0.0018112392300676	0.00592963174651269	0.0184813803209032	0.0470521284656338	0.0977079286359536	0.163198763564079	0.207831341643154	0.200653838633552	0.144031914829239	0.0752992230436331	0.0279462386593439	0.0074589261504361	0.00177675583103322	0.000253069544199371	2.68667934987994e-05	
1.1522433371464e-05	1.65683748479065e-05	4.08097019409188e-05	5.97449874813833e-05	0.000316515782612518	0.00147502753159306	0.00530099561107132	0.0155027708461107	0.0430836788762844	0.0927823529381165	0.158693845043819	0.206275694636268	0.203201753906833	0.150404481628351	0.0810583680176785	0.0311487527941251	0.00844672396151143	0.00183661865739462	0.000317816282993044	2.59579875953072e-05	
1.51996442195714e-05	3.3920841444018e-06	3.29109843323258e-05	5.33670642871153e-05	0.000184752063895472	0.00111633230254542	0.00433860508955037	0.013876809084571	0.0386078731308742	0.0883595453830433	0.154422041296682	0.205638394767387	0.206320359043044	0.157013748945638	0.0840676526583517	0.0336956950956548	0.00971272801893871	0.00221642920998749	0.000280610808189941	4.35533246632353e-05	
8.33373844561888e-06	3.13801262458489e-05	8.79672391481993e-06	5.54039278143922e-05	0.000208780725194718	0.000887311651723811	0.00355631999600804	0.012931955797234	0.0356854538453644	0.0823949003693852	0.14908319874603	0.205881510186581	0.209488501370051	0.162717014793157	0.0875386432107939	0.0358066531526353	0.0107602452897016	0.00254238181845774	0.000365861406328651	4.73531249332851e-05	
5.95968302568964e-06	2.94659006248689e-05	3.54000056118217e-05	0.000264118827996872	0.000890218060197863	0.00299181203497367	0.0113966532517527	0.0311904998867021	0.0783438445004621	0.143411817243174	0.204113618773503	0.213136630030474	0.167327999647228	0.094238830690751	0.0378972918458568	0.011706607925166	0.00260982960447732	0.000379399048583924	3.00030394383431e-05	
7.96017057216788e-06	1.36241380946719e-05	5.33994775882928e-05	0.000178848704201592	0.000678145300667379	0.00247318927805845	0.0100169816972206	0.029908963203091	0.0741910604222871	0.140055680372618	0.201409741105657	0.215612777502517	0.172197803094976	0.0986229415177494	0.0397828404235831	0.0118347325714362	0.00247461802662269	0.0004494945036553	3.71984894045537e-05	
1.80643366182778e-06	2.54427276313772e-05	5.90016853771638e-05	0.000180948678914355	0.000685528853299828	0.00210067880688466	0.008689403882489	0.028185428227312	0.070688242574629	0.136984154421888	0.199841176317034	0.219351066948416	0.172816318110627	0.102354261384641	0.0421121412645371	0.0127646673381172	0.00261034752679641	0.000498015950656578	5.13688670877506e-05	
3.28789613796073e-05	6.60637735627459e-05	0.00018870994577877	0.000629186077997664	0.00192283302666693	0.00796904463627407	0.0262601715782228	0.0687529157776603	0.133557348656866	0.197537207769752	0.220536958807198	0.175084368944154	0.106946187794025	0.0441047308594489	0.0133010181569349	0.00262058065978951	0.000412337858294021	7.39139441867142e-05	3.54277180757009e-06	
1.05779000635262e-05	5.94815249949008e-05	0.000128697784106235	0.00048842303771586	0.00168536097582201	0.00759411463014794	0.0243974921383079	0.0640468086897091	0.12892653758273	0.195529774323057	0.221235502304488	0.182667124497259	0.108155706586733	0.0465113076346403	0.0149502265088665	0.00301761427319491	0.000546039377433859	4.88525239648841e-05	3.57706765433252e-07	
3.9063924540217e-05	0.000145744418465507	0.000320349881180135	0.00159344832193588	0.00684451357845312	0.0239665915037352	0.0623728029144566	0.123955229555683	0.193954441338206	0.22217434892581	0.188230085795943	0.110356229324872	0.0472269226717535	0.0147502809068824	0.00340472942308417	0.000626590489615151	3.86270253841751e-05	
9.43389624042059e-06	0	1.7944911326887e-06	7.54968055109746e-05	0.000269635110480282	0.00146868844975526	0.00622109058762996	0.0223234696906474	0.0598013657256757	0.122219612234564	0.192012755858225	0.224703000822415	0.18766170447997	0.114157809549784	0.0486860569295134	0.0160031437433798	0.00379568200827553	0.000489998621574454	9.92609952252949e-05	
2.13694859034641e-06	9.01122899543669e-07	0	3.57617059276045e-05	0.000159215543165087	0.00122596483164488	0.00594702494145984	0.0205042534416909	0.0583320024606319	0.119907995866884	0.189113256189833	0.223916939743379	0.191230380076389	0.116213031529595	0.0513925837430889	0.0168130480742115	0.0043611001310001	0.000802359829753683	4.20438198558517e-05	
4.95559097219708e-06	4.03123203437794e-06	0	3.7102740698574e-05	0.000181533824732815	0.000825914710941406	0.0049515597401627	0.0193894814628802	0.0548941339411507	0.117303023603762	0.190511763622932	0.222788914163259	0.193124566867227	0.119484176900732	0.0535748683237855	0.0177986854075306	0.00427141129838794	0.000829072937312288	2.4803631498147e-05	
4.9777785806085e-06	3.7205046092177e-06	7.85154765807321e-06	1.24187877990439e-05	0.000180021105781182	0.000872471160187788	0.00435134823902615	0.0180859887130667	0.0530234257339042	0.114685914487717	0.188735913143203	0.223621878907171	0.195054895147456	0.122692979238455	0.0549837211245223	0.0184974765228462	0.00446894184332991	0.000639362302430942	7.66937122548393e-05	
6.25010750443177e-06	8.98775789893493e-06	1.31200603812039e-05	0.000100957315019933	0.00093278980470067	0.0039648667510655	0.0163623682163541	0.0513838383687075	0.113287589089213	0.186207799958543	0.226954704334532	0.198458449724368	0.122186140908312	0.0553690050557171	0.0188039649648932	0.00505057757450064	0.000852132425624883	5.64575826639993e-05	
3.7077575185907e-06	1.1020989589742e-05	8.25934950692962e-05	0.000855418015651135	0.00369770821717824	0.0165099026787807	0.0494590305068152	0.110254772548766	0.186127432915415	0.227352403378652	0.19941782581395	0.125302693652595	0.056923743650657	0.0180677745343849	0.00492231659871498	0.000955271761238008	5.13971904301193e-05	4.9862945939668e-06	
1.82894730767095e-05	6.61175930471841e-05	0.00058819659647956	0.00353604131982245	0.014903012607824	0.0473389467135819	0.110524382660773	0.184360643512942	0.226170710574598	0.200328373842135	0.130158042729464	0.0582923004200788	0.0180817077235578	0.00465182671915499	0.000913478828940089	6.67553013134571e-05	1.17338320994231e-06	
1.38809183372403e-05	7.3584065273144e-05	0.000465821328871986	0.00304898930703213	0.0137935040139158	0.0479615364818904	0.110069704500579	0.18381106996145	0.2286136843159	0.19976746422168	0.128541609927146	0.0584500394339665	0.0194143893854948	0.00505488332733516	0.000849927616583503	6.99111945452246e-05	
3.03254210742054e-06	4.46981416505515e-05	0.000421778188402667	0.00317695736895627	0.0140031326924476	0.0456898593703194	0.109095982633472	0.18440626074689	0.226231132459528	0.200126908064663	0.131005742589926	0.0593708800271553	0.0201660482446869	0.00512802870364814	0.000946688292004754	0.000182869934141595	
2.11442123403599e-05	0.000517387480884113	0.00320055004326081	0.0140975427335926	0.046040901972089	0.109213325908127	0.18283965100452	0.227792550309045	0.198525516582228	0.130582375926775	0.0605979704797422	0.0201699579384641	0.00515460445483991	0.00103029289520027	0.000211315511353657	4.91254753776027e-06	
