# <P(U)> as a function of N_tot.
# number_of_species: 1
# species_total_upper_bound: 479
# species_total_lower_bound: 456
# volume: 729
# Bin widths for each
10	10	10	10	10	10	10	10	10	10	10	10	10	10	10	10	10	10	10	10	10	10	10	10	
# Bin lower bound for each
-2420	-2420	-2430	-2440	-2440	-2450	-2460	-2470	-2470	-2480	-2490	-2490	-2500	-2500	-2530	-2540	-2550	-2560	-2560	-2560	-2560	-2570	-2580	-2580	
# Bin upper bound for each
-2220	-2220	-2230	-2240	-2250	-2260	-2270	-2280	-2290	-2300	-2310	-2310	-2320	-2340	-2350	-2360	-2370	-2380	-2390	-2390	-2400	-2420	-2430	-2430	
# Normalized histogram for each
2.13288083471822e-06	1.23707088413657e-05	2.18557553769361e-05	4.26576166943644e-06	0.000105891260264834	0.000371422377829401	0.00129433246136983	0.00359056687531176	0.0107610864071931	0.0279110040667012	0.0642152706087541	0.120630069057914	0.182751176892279	0.206511243556598	0.178833827580372	0.118589705065991	0.0569620454859171	0.0206781291362989	0.00590303627631326	0.000710600615981004	0.00013996716818892	
9.8485595539507e-06	1.17579741613493e-05	1.75867134891977e-05	3.70577177093808e-05	0.00026839837172157	0.000987795448935407	0.00301885986592643	0.00915272867281239	0.0256610500147289	0.059011739759351	0.114072850448241	0.17746096848775	0.209405474869529	0.185704564568676	0.125416607259167	0.0604692009539536	0.0220723052601232	0.00618499589538669	0.000907248301154882	0.000128810114370166	1.50743258478837e-07	
7.5185497431428e-06	1.69104081764963e-05	3.95166873705249e-05	1.06069775837604e-05	0.000139637442367595	0.000868227947948042	0.0024765394034408	0.00779410332547987	0.0225612944704813	0.0531940178975406	0.110728922384998	0.170448889569693	0.208909537138585	0.192355006983264	0.132363764448241	0.0663185704710503	0.0236704451049798	0.00675507519195275	0.00119236098131909	0.000145637093172729	3.41752261051945e-06	
6.25524240596478e-06	1.04591705006618e-05	2.44384976589312e-05	1.15228149583562e-05	9.50442297554081e-05	0.000617774830976133	0.00210135625051552	0.0066421304150171	0.0197489905444287	0.0496185581038198	0.102509165133056	0.168615124026389	0.207357613651866	0.197944233576931	0.139194642351957	0.0712101860468638	0.0253599429825791	0.00703717303157841	0.00166412240379899	0.000209360684089517	2.19060108548969e-05	
3.05448934079946e-06	1.86069309010367e-05	2.71085928995952e-05	5.98679910796693e-05	0.000419050483479845	0.00179634518132416	0.00587979016472759	0.0183674334826402	0.0468033292712019	0.0976609076985248	0.16381620872914	0.207951645193776	0.200809052773329	0.143596074736838	0.0753848987472419	0.0279290032824561	0.00746257563297419	0.00174187345474657	0.000246955463203636	2.62177001751953e-05	
1.12565984820871e-05	1.61861246796602e-05	3.9868178371094e-05	5.83666065764199e-05	0.000309213424217873	0.00144897578294026	0.005238739621791	0.015424538292064	0.0430416752054615	0.0928930588840798	0.158617415279168	0.206867795570516	0.203416644443566	0.15032684156236	0.0806774134572762	0.0310737257651215	0.00840382576970804	0.001798616403964	0.000310483920660546	2.53591089957628e-05	
1.48573731410028e-05	3.31569996843504e-06	3.21698828998545e-05	5.21653254575925e-05	0.000180591750189191	0.00109478844606633	0.00431939525277315	0.0138253551981557	0.0385800674342504	0.0884633560608958	0.154356514640473	0.206130815297971	0.206699672983396	0.156937420060942	0.0837048457031427	0.0334486547281388	0.00963800579832399	0.00220114387599201	0.000274291912655958	4.25725751672347e-05	
8.14956032870497e-06	3.06866160525311e-05	8.60231368029969e-06	5.41794844075016e-05	0.000204166608605241	0.000867701798331282	0.0035646780548891	0.0129423066968308	0.0356304311223056	0.0823265566050099	0.149037524348698	0.206108643800979	0.209649828987513	0.163121247397863	0.0870751092154272	0.0356786493542505	0.0107787996532714	0.00250749897891543	0.000358932795958703	4.63066066825489e-05	
5.83729099992945e-06	2.88607692357027e-05	3.46730074845595e-05	0.000258694707576273	0.000873489218899314	0.00301522385534982	0.0114312195759391	0.0311691798250396	0.0782514913401658	0.143566318239685	0.204579562727279	0.213168422430269	0.167056980177462	0.0941262171628581	0.0378037996806075	0.0116343472816362	0.00259468837584418	0.000371607456660745	2.93868770082285e-05	
7.79315838625271e-06	1.33382903149325e-05	5.22791041744453e-05	0.000175096282973178	0.000665116094580568	0.00244275550494221	0.0100822987499274	0.0299655182715094	0.0743385132192448	0.140049350675042	0.201811254899324	0.21566361890896	0.17206751692689	0.0983458621676031	0.0396387761184456	0.011711193743013	0.002490288775484	0.000443011080572366	3.64180286126809e-05	
1.76884089600013e-06	2.49132520563398e-05	5.77738315186521e-05	0.000177183048624689	0.000676967798126922	0.00207181095425728	0.00864158500102643	0.0282441787695245	0.0708657205610066	0.137010006158556	0.200424098289755	0.219580744846445	0.172441907278855	0.102070839337427	0.0419237714278881	0.0126409840933868	0.00260779465899737	0.000487651995750796	5.02998559017501e-05	
3.21886155055156e-05	6.46766599924778e-05	0.000184747681552587	0.000616923511440595	0.00192383120579477	0.0079573251819449	0.0262861466611635	0.068857262479021	0.133739779896243	0.197862596082705	0.220735526831943	0.174722649539262	0.106784334604301	0.0439501110394949	0.0131896220609891	0.00261276738727329	0.000403680171820334	7.23620038496087e-05	3.46838570175711e-06	
1.03546948186308e-05	5.82263998496919e-05	0.000125982120293341	0.000478191812167637	0.00167600990288997	0.00757080760416773	0.0245100628625019	0.0640879824912615	0.129059065380243	0.196079177298987	0.221551326371377	0.182475209259878	0.10766941731381	0.0462626754970704	0.0148203945668966	0.00298242723250722	0.000534517350166566	4.78216823507778e-05	3.50158761982683e-07	
3.82152204786919e-05	0.000142577970614909	0.000313389949517694	0.00157864058806386	0.00685196389023704	0.0239899314962003	0.0624498802355103	0.124355796977417	0.194402485920205	0.222802101877353	0.187619812258678	0.109813698788839	0.0469745261362944	0.0146620235844228	0.00335325988904311	0.000613907403716249	3.77878134075486e-05	
9.21892276085894e-06	0	1.75359943820686e-06	7.37764335074173e-05	0.000263490841300854	0.00143955483024456	0.00613609494849127	0.0222057545317519	0.0598297816097321	0.122370803310876	0.192535899186671	0.225090320391636	0.187565997967428	0.113736430397033	0.0485476489041406	0.0158766133365346	0.00374102883578834	0.000478832852312657	9.69991003533854e-05	
2.08717244186024e-06	8.80132957410945e-07	0	3.49287050812515e-05	0.000155506920246551	0.00120085340709149	0.0058723225318136	0.0203947929423094	0.058273829430082	0.120085516735741	0.189264822174542	0.224185153419371	0.19132380521511	0.115914516357258	0.0513741905637224	0.0167693492641422	0.00432271015368404	0.000783670385278705	4.10644891272021e-05	
4.83647647502759e-06	3.93433578538514e-06	0	3.6210924903704e-05	0.000177170407660337	0.000810648588034547	0.00487130912943323	0.0192450916780428	0.0547876806875034	0.117410353026697	0.19021405894046	0.223011383712411	0.19327219058103	0.119368048442148	0.0537936970637626	0.0179118279766057	0.00424820556698991	0.000809145020218476	2.42074418387391e-05	
4.86601490661026e-06	3.6369699044252e-06	7.67526062589042e-06	1.21399547154607e-05	0.00017597917827205	0.000861811372042382	0.00427787924923811	0.0178900041343569	0.0527884610633401	0.114692974650847	0.188586420913851	0.22368754485544	0.19525220918958	0.122709533549078	0.0550683395423934	0.0187060147681546	0.00457453058068388	0.000625007007437704	7.49717451332891e-05	
6.10519585468302e-06	8.77937255136236e-06	1.28158656784255e-05	9.86165727105617e-05	0.000917696712437808	0.00394173645090534	0.0162970130354509	0.051309756244253	0.113260364301578	0.186063235499504	0.226934267324023	0.198460138419422	0.122250139057188	0.055408411365473	0.0189968971477332	0.00514387978839088	0.000834999059497101	5.51485873485003e-05	
3.6231000463357e-06	1.0769352551522e-05	8.07076768942367e-05	0.000839384826596933	0.00379870795754706	0.0164374052247002	0.0495629841711007	0.11007320261255	0.185720233309652	0.227336434773605	0.199553778998293	0.1254224784523	0.0569372670971343	0.0182458068988622	0.004983236790627	0.000938882649938372	5.02236627112742e-05	4.87244488989974e-06	
1.78617150504904e-05	6.45712209356639e-05	0.00059274985761697	0.00363043717955099	0.0149873241611309	0.0474279603650287	0.110671958716669	0.184006007515074	0.226241490088542	0.200144976341573	0.129854718240538	0.058377864307864	0.0182318536309927	0.00478170816887228	0.000902178536336832	6.51940143474662e-05	1.14593987771626e-06	
1.35458000307697e-05	7.18075713309965e-05	0.000470049148512988	0.00319030781199141	0.0139826026445357	0.0479184900763667	0.109970761835569	0.183414532329771	0.228675450145721	0.199443440649028	0.128404000223061	0.0586233057368144	0.0197018964911039	0.00519038968003832	0.000861196483708061	6.82233724177454e-05	
2.96164792860228e-06	4.37776361883312e-05	0.000435138255325062	0.0032490522166653	0.0141784788095211	0.0454075131731736	0.108843921228826	0.18429167821979	0.226416018005625	0.200118376321072	0.130791449637812	0.0595024934213462	0.0202680749310863	0.00529736774456299	0.0009732871054105	0.000180411645667546	
2.06593550693666e-05	0.000543180216997453	0.00326524199589163	0.014292562446612	0.0460382717645378	0.108863172596541	0.182845139577448	0.228090116849065	0.198069599759015	0.130627023797227	0.060471961110929	0.0202779858489603	0.00537083851621295	0.00101297642544911	0.000206469841980675	4.7998980640205e-06	
