# <P(U)> as a function of N_tot.
# number_of_species: 1
# species_total_upper_bound: 479
# species_total_lower_bound: 456
# volume: 729
# Bin widths for each
10	10	10	10	10	10	10	10	10	10	10	10	10	10	10	10	10	10	10	10	10	10	10	10	
# Bin lower bound for each
-2420	-2420	-2430	-2440	-2440	-2450	-2460	-2470	-2470	-2480	-2490	-2490	-2500	-2500	-2530	-2540	-2550	-2560	-2560	-2560	-2560	-2570	-2580	-2580	
# Bin upper bound for each
-2220	-2220	-2230	-2240	-2250	-2260	-2270	-2280	-2290	-2300	-2310	-2310	-2320	-2340	-2350	-2360	-2370	-2380	-2390	-2390	-2400	-2420	-2430	-2430	
# Normalized histogram for each
2.68886118061378e-06	1.55953948475599e-05	2.75529186860541e-05	5.37772236122756e-06	0.000129413306939894	0.000374194575358593	0.00124816936004092	0.00349026834708048	0.0107688257610363	0.0277060888723663	0.0632341698201209	0.119930357862749	0.181152025806994	0.203749025366906	0.180375609232676	0.119702658771242	0.0591511499341893	0.0220880772225747	0.00595554281211098	0.000722164845790964	0.000171043204747985	
1.24254855202996e-05	1.48345082232148e-05	2.2188367000535e-05	4.49155943425116e-05	0.000283218655928258	0.00100640093180998	0.00283399332630976	0.00925299280656312	0.0260436591622123	0.0588065898055294	0.112164414024405	0.176669578731347	0.208507761633416	0.184823486627372	0.126848041352016	0.0617994201418959	0.0234045113958344	0.00642835029206072	0.00087938837956549	0.000153638592645133	1.90186002861729e-07	
9.49011163918097e-06	2.13447628786966e-05	4.98790042719242e-05	1.33884066559489e-05	0.000145163559517842	0.000934216814797084	0.00232191398105294	0.00770907011508566	0.0228770484461891	0.0530049256235666	0.108626533847282	0.16868913087928	0.209141386782665	0.191426383909909	0.133898605282707	0.067794481758903	0.0248238953214485	0.00718337544610315	0.00115942323511004	0.000166029023828903	4.31368710871862e-06	
7.89064750940976e-06	1.31936737707945e-05	3.08278333869652e-05	1.24589171201207e-05	0.000103089552683665	0.000713384815921576	0.00210629174995107	0.00636851924268568	0.0204009337031949	0.0499114442533261	0.10149481129229	0.166897513363067	0.206919708125268	0.196558042053701	0.14116774107789	0.0714967098395831	0.0262998795542174	0.00756815323164663	0.00169412521486441	0.000207648618668678	2.7633239253601e-05	
3.84980882009808e-06	2.34517520624308e-05	3.41670532783705e-05	5.85491758056583e-05	0.000478082091975847	0.00189269434292089	0.00583576478168584	0.0188287733042964	0.0475425082255176	0.097453900063262	0.162759297857751	0.20772371744341	0.198612182418443	0.144173864552625	0.0759050443371253	0.0284245180336113	0.00794995145872304	0.00196850349493665	0.000298135611376429	3.30441923725085e-05	
1.41539949538931e-05	2.03523584325732e-05	5.01300633920052e-05	6.17919328235424e-05	0.000319407421115281	0.00153959041725338	0.00534554534479899	0.0159054799412012	0.043716993714476	0.0918119490645328	0.157898229517348	0.206512377684562	0.202952248574568	0.149568970915745	0.0815162436741547	0.0315698946636052	0.00879912011354891	0.00199194314988819	0.000373691027044546	3.18864265552716e-05	
1.86691741243974e-05	4.16637446387745e-06	4.04233736151774e-05	6.41494449896246e-05	0.000181380408912161	0.00110157668649511	0.00443680715140684	0.0140940178972817	0.038525192492066	0.0878202403425587	0.153772389690863	0.206342907566438	0.205788716153972	0.155828861239217	0.084853654506737	0.0340944599782363	0.0101859586501646	0.00246156400290628	0.00033136988961175	5.34949759407777e-05	
1.0261748379586e-05	3.86399167379473e-05	1.08318455117852e-05	6.25206521645147e-05	0.000208813910699415	0.000861955191822324	0.00356418392638374	0.0130371395794463	0.0354799950224186	0.0816507998605289	0.147873156048539	0.206100470054587	0.210917664133419	0.162586887949657	0.0873238364230434	0.0363334937734466	0.010892054103358	0.00259169323504056	0.000397294357017058	5.83082677988205e-05	
7.34538299804235e-06	3.63170867542694e-05	4.36309445033932e-05	0.000282939109044764	0.000752413115941102	0.00283251209009059	0.0115165832582139	0.0314625451985375	0.0778594204663051	0.142568524699686	0.20408349071263	0.213782674895934	0.167227542878594	0.0935008618687802	0.038880310168097	0.0119526720265054	0.00278405778250264	0.000398132368593463	2.8025946288668e-05	
9.82238112652134e-06	1.68113830819307e-05	6.58918067237473e-05	0.000206458895601689	0.000712752271488599	0.00232116718095647	0.0101606865995521	0.0299475585590214	0.0739131976031375	0.139707410155435	0.200746614300782	0.215885894405877	0.17201463837015	0.0988959832505735	0.0401981892062609	0.0120757360993159	0.00262506283805362	0.000465240859896578	3.088383296512e-05	
2.2303489996712e-06	3.14133661925521e-05	7.28475962005282e-05	0.000223191966798082	0.000778517454350018	0.00205430849552813	0.00864850808657009	0.0282858200410554	0.0702179519031835	0.135916148678583	0.197973285005335	0.221183144856801	0.173224013143604	0.102540923527207	0.0426683355122168	0.0129228305842921	0.0026723350620004	0.000527775965401067	5.64184056818235e-05	
4.06691237332868e-05	8.17165648966508e-05	0.000233421854357563	0.000694527748716519	0.00195356815601306	0.00784649265851382	0.0264960286915939	0.0687480010258708	0.132523586909523	0.196139775049303	0.221047374957814	0.176131259754481	0.106652696244679	0.0447038475986065	0.0134293229741614	0.00273438380523966	0.000455935556147903	8.30091494494142e-05	4.38217689839292e-06	
1.30539514452916e-05	7.34048284170019e-05	0.000148007845614006	0.000494978091275814	0.00165772570841729	0.00738708607898555	0.0244454474896132	0.0640948070025305	0.128964999802141	0.195168209150788	0.219951924251767	0.183052407988955	0.109281469837095	0.0465420665950171	0.0150532555498607	0.00307647581779143	0.000552207371162781	4.20312011511441e-05	4.41437971579908e-07	
4.82822662603079e-05	0.000167399699468304	0.000362466408089719	0.00168619461984354	0.00643281786296464	0.0231218690776798	0.0629235140926088	0.124455450683509	0.194277928861036	0.2221751999537	0.18662538024667	0.111408343518668	0.0478048435880102	0.0144208646985417	0.00344922792526845	0.000599494217849204	4.0722279832707e-05	
1.16587724421469e-05	0	2.2177012797562e-06	9.1432655619663e-05	0.000285164703129794	0.00143764069532539	0.00596064245538817	0.0219503003638773	0.060669115325694	0.122769218242874	0.191223130370896	0.224536013330286	0.186536398893494	0.113993013924154	0.0500283628152957	0.0163021637002536	0.00366516322360623	0.000436760426324558	0.000101602400059688	
2.63581304590904e-06	1.11148742899779e-06	0	4.36973343514558e-05	0.000190572458897592	0.00131380989785907	0.00569735753390791	0.0204426355780457	0.0592208441365942	0.121035201283228	0.188589533567476	0.222756942945921	0.190343174919381	0.115922486136973	0.052078870512826	0.0171068712629212	0.00447132338615598	0.000733708730273281	4.92230147127591e-05	
6.10454266537617e-06	4.96587149463243e-06	0	3.61844394258567e-05	0.000214860923968396	0.00091517532373054	0.00502780255441899	0.0191026954876992	0.0549504994338274	0.118263874391918	0.191925492949728	0.221637029586473	0.190725333535764	0.119472478950398	0.0540261831109762	0.0184773752364324	0.00431281194845615	0.000877567545341253	2.35641672834469e-05	
6.1412888982591e-06	4.59013860952356e-06	9.68677527251178e-06	1.53215661173062e-05	0.000219028751995127	0.000947088047722247	0.00413055493826105	0.0182313341222041	0.0531040733206582	0.115577221009793	0.190497020208639	0.223266684520723	0.191900241409635	0.123003210564536	0.054662567831169	0.0191199216447511	0.00456424389654018	0.000653730706381179	8.73392580943137e-05	
7.70468073363079e-06	1.10794582450558e-05	1.61734620358861e-05	0.000116939224523247	0.00102653727642338	0.00383963719486201	0.0161363076457367	0.0516277284200648	0.113485840165825	0.187341381477273	0.225850426422241	0.196602757931857	0.122725121378967	0.0556939851085714	0.0193388123164607	0.00528174966804606	0.000833092482466598	6.47256856672371e-05	
4.54813794684318e-06	1.35189479661339e-05	9.07431936566712e-05	0.000881052736475022	0.00367856533787537	0.0162158055698003	0.0500498428869271	0.110597854615101	0.187785777935	0.226671134088234	0.197708905307423	0.125083517143453	0.057123232487732	0.0180247411803685	0.00500624522073039	0.000998300596097779	6.00981538355279e-05	6.11646137678911e-06	
2.23525152518507e-05	7.37601828254932e-05	0.000600306881017624	0.00358806191129219	0.0147404082691587	0.0473169390571609	0.110714595572076	0.186029821372852	0.227785130414768	0.199312671067275	0.127496658267795	0.058199215903693	0.0182124054464444	0.00485314568942343	0.000971508274467813	8.15851219164479e-05	1.43405258240604e-06	
1.69244024620435e-05	8.97178634164896e-05	0.000497972746894141	0.00299586630735048	0.013803579708778	0.0477211014129344	0.108730483893991	0.184778803927771	0.230465672463027	0.198487415502296	0.12847181107969	0.0582465973149127	0.0196563963339274	0.00514742729625691	0.000804990055060517	8.52396912321898e-05	
3.68636299709366e-06	4.98743229018554e-05	0.00042826864230941	0.0031082545411965	0.0141182126777431	0.0456161089726075	0.108529562462788	0.182799740033964	0.228217466917215	0.200375482402418	0.130760468806244	0.0591706178901984	0.0206557451192864	0.00497708569152143	0.000973106897711791	0.000216318258896681	
2.57391704058848e-05	0.000403349754204794	0.00319449306287743	0.014487114817168	0.0463737855272991	0.10921734180151	0.182829612117175	0.226429023328258	0.199571139183007	0.130225714337501	0.0602342209021299	0.020332125924776	0.00533423499548162	0.00109282044219093	0.000243304517381616	5.98011863322354e-06	
