# <P(U)> as a function of N_tot.
# number_of_species: 1
# species_total_upper_bound: 479
# species_total_lower_bound: 456
# volume: 729
# Bin widths for each
10	10	10	10	10	10	10	10	10	10	10	10	10	10	10	10	10	10	10	10	10	10	10	10	
# Bin lower bound for each
-2420	-2420	-2430	-2440	-2440	-2450	-2460	-2470	-2470	-2480	-2490	-2490	-2500	-2500	-2530	-2540	-2550	-2560	-2560	-2560	-2560	-2570	-2580	-2580	
# Bin upper bound for each
-2220	-2220	-2230	-2240	-2250	-2260	-2270	-2280	-2290	-2300	-2310	-2310	-2320	-2340	-2350	-2360	-2370	-2370	-2380	-2390	-2400	-2420	-2430	-2430	
# Normalized histogram for each
1.8812894410948e-06	1.09114787583499e-05	1.92776835669832e-05	3.7625788821896e-06	9.72294648791702e-05	0.000372119051448552	0.00129025469715368	0.00371818045137977	0.0107802532866293	0.0282178144520522	0.0649962262440452	0.120586580735857	0.182163906479376	0.206288167904507	0.179964391396115	0.11814369319737	0.0565225887419169	0.0204540427880913	0.00559761073585043	0.000647650489709601	0.000123456852969727	
8.69878898655203e-06	1.0385288892108e-05	1.55335517617e-05	3.27314126407251e-05	0.00026360437339605	0.000923469652233068	0.00306725513086529	0.00926185804712542	0.0259608256251411	0.0596839445919096	0.114614822061833	0.177397044506555	0.208621214429054	0.185776641195192	0.124929322339484	0.0603722584612588	0.0220666973432123	0.00602668522171615	0.000853102662752567	0.000113772171260337	1.33144729386e-07	
6.63090280679418e-06	1.49139497472677e-05	3.48513107118037e-05	9.35470800015745e-06	0.000138177297882994	0.0008116492950781	0.00250670452368897	0.00807239856342942	0.0229696929117279	0.0541244204295124	0.111081642912667	0.171086513165658	0.207788024370733	0.191822350924746	0.131583434361575	0.0661343919677575	0.0240186035001656	0.00656459377872624	0.00110019403539799	0.000128443043257532	3.01404673036099e-06	
5.51188631589424e-06	9.21623096544259e-06	2.15342926916516e-05	1.01534747924368e-05	9.23854629465674e-05	0.00059443573960644	0.00209929228049164	0.0068849708377699	0.0199182165499631	0.0507498564287507	0.10349316353153	0.168667626448976	0.207514954896814	0.196703691145132	0.137982018084566	0.0707132392050432	0.0258035499002561	0.00700462563301615	0.00152777438398813	0.000184480826613351	1.93027597702369e-05	
2.68837505627945e-06	1.63766847178357e-05	2.38593286244801e-05	6.64252670155715e-05	0.000394496636383541	0.00170949289203717	0.005893321379623	0.0184274220170166	0.0474627687498534	0.0984579279049052	0.163960230957405	0.207907590871165	0.200854930151647	0.142813831214718	0.0746220329496656	0.0280014648955682	0.00753177396079798	0.0016129354212658	0.000217355123300194	2.30752192330653e-05	
9.90420996889363e-06	1.42414937927432e-05	3.50783418537113e-05	5.13543347597035e-05	0.000285590018380693	0.00134967776887616	0.00503366380604168	0.015747514993476	0.0433475970352116	0.0933532153827628	0.159219520531606	0.207193255550482	0.203056313996455	0.14959247194191	0.0802724368698279	0.0308887045369375	0.00846695930961531	0.00178537357897503	0.000274813880220407	2.23124188464014e-05	
1.30500638019175e-05	2.91236517555571e-06	2.82566117414603e-05	4.58197299757275e-05	0.000159935534907998	0.00100196477936733	0.00408533692385719	0.013814904253327	0.0387729845360301	0.0883684514551966	0.155289578803744	0.206041677101716	0.207106958033907	0.156172848028361	0.0835416396967201	0.0334095417042134	0.00971725091491063	0.00214127758968567	0.000248217993779232	3.73938795823259e-05	
7.16021561442363e-06	2.69613057086322e-05	1.12044114707185e-05	4.76021741773719e-05	0.000180154560767844	0.000790275649295645	0.00338596430667875	0.0127067307838929	0.0358189565117233	0.0829474956858596	0.149239799466228	0.206564463575873	0.21000439469283	0.162034176593105	0.0869773932103565	0.0355881942541745	0.0108467321814609	0.00246331306623991	0.000318342302240038	4.06850523029441e-05	
5.12983547538824e-06	2.81590539614659e-05	4.22936220953683e-05	0.000233946917431225	0.000808224293139495	0.0028227304991396	0.0110516691119616	0.0316480686279517	0.0792070815507338	0.144149015335786	0.205462328073454	0.212594142388381	0.165956100056891	0.0935320040087573	0.037618646709772	0.0118428746805411	0.00260272000169086	0.000369039923770205	2.58253090670833e-05	
6.84782785473817e-06	1.33664332164601e-05	7.29337562862017e-05	0.000195097249361435	0.000644178678001812	0.0023367993072632	0.00980850378626718	0.0304863540239647	0.0748041790098581	0.141150632174128	0.202269141890132	0.215530092219829	0.170505646023092	0.0973708445344885	0.039713648421061	0.0120996948041645	0.00248997555918056	0.000464752419307951	3.73118825418426e-05	
1.55158132688919e-06	2.18532581251998e-05	5.76488949342771e-05	0.000179590075272892	0.000688115391846292	0.00203067030476794	0.00849836057950208	0.0283337981157116	0.0713176708264271	0.137790758418853	0.200901438156361	0.220016155239602	0.171552971412639	0.100912576762028	0.0417655535702356	0.0128069708047246	0.00257975526842171	0.000476444733645606	6.81166055762478e-05	
2.82089340843149e-05	5.66802768577863e-05	0.000185085595418327	0.00062024667160272	0.00192317141543662	0.00787243561381864	0.0260371085685118	0.0687109061621498	0.135157334673834	0.198351513626894	0.221176914779258	0.173774140861378	0.105822689180428	0.0440008420694835	0.0131477030941024	0.00263806015426176	0.000406580396457107	8.73383587075611e-05	3.03956731606184e-06	
9.09175477982537e-06	5.11246500662644e-05	0.000130073583480448	0.000517153945193497	0.00173415340083017	0.0074862475130537	0.0243059718949703	0.0637669986167356	0.129728206602617	0.197803555025452	0.223128769729218	0.181635911500244	0.106340326254326	0.0452427678604448	0.0145971856319354	0.0029282038619139	0.000548294303352416	4.56564207421665e-05	3.07450644728394e-07	
3.33988749632915e-05	0.000124696457510973	0.000350820024778889	0.00157293320016264	0.00675276911280833	0.0234695652202573	0.0620529563332781	0.125212140534995	0.195215039864963	0.224340374966093	0.187511875002953	0.108801910942999	0.0461959395537493	0.0145213254563259	0.00321352109507001	0.000597708024178588	3.30253349143599e-05	
8.04547952162016e-06	0	1.53039012639514e-06	6.43856988890526e-05	0.000252317606410376	0.00141088852023977	0.00593800114127751	0.0219109452430567	0.0592984197563221	0.122859894248731	0.193156222158514	0.224956898201794	0.189210810824519	0.113187413258307	0.0479567422550399	0.0156240370156772	0.00359385885924589	0.000483515829076499	8.60735132516809e-05	
1.81903698472572e-06	7.67063788739762e-07	0	3.04414743588437e-05	0.000149007619989761	0.00124422129755239	0.00578306923217506	0.0202091502425708	0.0580383693635249	0.120421607187554	0.190252398833107	0.223321614571091	0.192513549469555	0.115643829840793	0.0508854337852018	0.0165019090354833	0.00417955525597697	0.00078672253783975	3.65341524522624e-05	
4.21025617969077e-06	3.42492342078472e-06	0	3.15223843505345e-05	0.000158986254080758	0.000865960255487071	0.00486834321685518	0.0191319712652852	0.0549779178607815	0.117079021992829	0.190825978310287	0.223383867533037	0.193638429438321	0.119181096010835	0.0531388212430155	0.0176856501009665	0.00419252074821881	0.000804420707907238	2.78574981423063e-05	
4.23125436538949e-06	3.16253547928596e-06	6.67404039076899e-06	1.05563253239614e-05	0.000168290508677038	0.000910330385065085	0.00438911941227964	0.0176419533494173	0.0523889705768168	0.115007652899648	0.188894754483428	0.224408784712208	0.194984881771774	0.122683628151434	0.0547248192818174	0.0185696667743237	0.00448890285929849	0.000620729377520541	9.21279301000269e-05	7.63370632931094e-07	
5.2942984562307e-06	7.61328868912514e-06	1.11136513048149e-05	9.08344098771482e-05	0.000920179699865783	0.00400879028561865	0.0161278551199913	0.0510868297762721	0.113367841074786	0.18752687348705	0.226844455917855	0.197649878417092	0.122280726894052	0.0554865011797316	0.018658179745808	0.00498963564506761	0.000857610718110329	7.90425633155435e-05	7.43827055834065e-07	
3.14853653199167e-06	9.35875341578214e-06	8.1123672300144e-05	0.000842222665285248	0.00376890679901927	0.0163226648031963	0.0493263412950196	0.111100932049327	0.187004504491789	0.227291484259641	0.198363903162134	0.124508464590755	0.0568490636317496	0.0184424984510286	0.00505596339116232	0.000931098251667606	8.80721667155739e-05	1.02490292627591e-05	
1.55599052881369e-05	6.06120159968847e-05	0.000643468272940791	0.00377658649618971	0.0152805431392189	0.0476589482302637	0.110297419451557	0.184696835319258	0.226542737482566	0.200307109561612	0.128502899263914	0.0580563069786588	0.0184515520104917	0.00477352720613632	0.000864193233450749	7.07031679619944e-05	9.98264495473218e-07	
1.17903819829882e-05	6.59228656859048e-05	0.000511504637342265	0.00332708227935279	0.0143768217269717	0.0475696946045792	0.109078245579112	0.182722262362592	0.228485532749486	0.200863098991746	0.127839970608385	0.0589842043736207	0.0199803944020471	0.00524949545556078	0.000872273113785233	6.17058677503835e-05	
2.57363560762845e-06	3.80422271749449e-05	0.000520501581250368	0.00338396316180175	0.0145648743464588	0.045409551068846	0.1087486265653	0.183355878957981	0.22581016102481	0.200561433201007	0.130752691957964	0.0600128136775194	0.0205260632294256	0.00518267492525427	0.000973374939433055	0.000156775500165535	
1.79477394069916e-05	0.000575058467179227	0.00369106545411596	0.0148130753687911	0.0458202562915693	0.108111980567434	0.182291492137439	0.227560957025051	0.199522676108969	0.129761059703316	0.0608513268376846	0.0203824845969169	0.00545570438805033	0.000950585359609827	0.000190160060519347	4.16989394605554e-06	
