# <P(U)> as a function of N_tot.
# number_of_species: 1
# species_total_upper_bound: 479
# species_total_lower_bound: 456
# volume: 729
# Bin widths for each
10	10	10	10	10	10	10	10	10	10	10	10	10	10	10	10	10	10	10	10	10	10	10	10	
# Bin lower bound for each
-2420	-2420	-2430	-2440	-2440	-2450	-2460	-2470	-2470	-2480	-2490	-2490	-2500	-2500	-2530	-2540	-2550	-2560	-2560	-2560	-2560	-2570	-2580	-2580	
# Bin upper bound for each
-2220	-2220	-2230	-2240	-2250	-2260	-2270	-2280	-2290	-2300	-2310	-2310	-2320	-2340	-2350	-2360	-2370	-2380	-2390	-2390	-2400	-2420	-2430	-2430	
# Normalized histogram for each
2.40978399518429e-06	1.39767471720689e-05	2.46931983506531e-05	4.81956799036858e-06	0.00011901497896216	0.000340913559318718	0.00125008253510184	0.00357552409045467	0.0109258472325658	0.0275496712473447	0.0637268795046482	0.120409336682574	0.182374975941142	0.205023628499081	0.180106717142475	0.119067994210055	0.0574033511476851	0.0211513545353311	0.00599999359280961	0.000770677272059879	0.000158138530883976	
1.11205336199405e-05	1.32765554442147e-05	1.98580957498938e-05	4.18438446158476e-05	0.000287999125789888	0.000970862301212305	0.00284518285292013	0.00932002844700585	0.0258551839289452	0.0587195097024812	0.113191032299562	0.177201022396897	0.208420814155259	0.185493763182052	0.126608069586853	0.0608946804047999	0.0226401865957457	0.00634392400567749	0.000976025406107278	0.000145446367013865	1.70212249284804e-07	
8.48689153881203e-06	1.90883621142304e-05	4.46061875154396e-05	1.19730894099739e-05	0.000146534612158344	0.000875550022724581	0.0023696715644413	0.00782285657053285	0.0228318242430486	0.0533228537844321	0.109793601369561	0.169963176320601	0.208305123467841	0.191857299062484	0.133328351689927	0.0665971808375133	0.0242274178318164	0.00705840767340727	0.00125268805144256	0.000159450689517074	3.85767797218728e-06	
7.0628962924627e-06	1.18096201165469e-05	2.75939065677186e-05	1.30105984334839e-05	0.000106143607439763	0.000678438370182065	0.00207105851283598	0.00650890215169277	0.0201569627189737	0.0499696767272334	0.102257498958652	0.1681507470271	0.206786534024902	0.196932564123878	0.140224312439199	0.0710839621384151	0.0257677046579286	0.00726446048665529	0.00175517262075973	0.000201649978358085	2.47344343845354e-05	
3.44495563758378e-06	2.09855214256145e-05	3.0573981283556e-05	6.10044227488794e-05	0.000453700657469783	0.00181529066526112	0.00589782146747072	0.0187014584219692	0.0473450013980778	0.0982210536167154	0.163345298812581	0.207347085596239	0.199061565376359	0.144458903688801	0.0753933708718666	0.0280672306059045	0.00762230884371787	0.00185387416840206	0.000270457725513973	2.95692025559274e-05	
1.2665945689397e-05	1.8212657797169e-05	4.48597489540945e-05	5.82118858320819e-05	0.000298521758336329	0.00149283752207784	0.0052796693702123	0.0156929637526652	0.0436832741612564	0.0932187298744056	0.158519542510616	0.206488852609707	0.202387973927594	0.149780325897928	0.0810358055991771	0.0311032739182303	0.0085688410588216	0.00193754659488344	0.000349357088891065	2.8534116925549e-05	
1.67398070758623e-05	3.73580021624865e-06	3.62458173652827e-05	5.87746888983852e-05	0.000167226965405207	0.0010672126068143	0.00427860343240191	0.0140334337008819	0.038628174236011	0.0889317222623607	0.154399082989376	0.205859303204818	0.205874674169066	0.156243570181641	0.0839534690398409	0.0336830298993772	0.0100240360245211	0.00238395385402689	0.000309044785828142	4.79665340742766e-05	
9.19165468110831e-06	3.46105515770128e-05	9.7023021633921e-06	6.11074820466275e-05	0.000219521678772889	0.000856384197094495	0.00347506959415951	0.0131038668894073	0.0355258020810928	0.0826343373097831	0.149638606265996	0.205966427878448	0.209613699151355	0.162158803083153	0.0871078362090257	0.0356855780044384	0.010828535185569	0.00261516760329817	0.000403524988222483	5.22278897158037e-05	
6.57759994105567e-06	3.25210091506272e-05	3.90703790490174e-05	0.000283429628361369	0.00084277969373509	0.00286441773913775	0.0115195229800311	0.0314334185268971	0.0785799893318669	0.143609614644391	0.205037001822673	0.21261801040023	0.166575996474632	0.0937159219275586	0.0379852444389992	0.0117368943085552	0.00269800163762477	0.000388473617119601	3.31138400466022e-05	
8.79482683775236e-06	1.50526843953838e-05	5.89986300365887e-05	0.000189624359415257	0.000696116181917611	0.00247306584280938	0.0100803655490847	0.0300615074107692	0.0745030359065719	0.140948065419981	0.201468313253691	0.215497527864379	0.171211346454163	0.0982325780681825	0.0396692073944198	0.011797104472395	0.00257040089752335	0.000477795881089431	4.10989023379581e-05	
1.99327726534487e-06	2.80743276809137e-05	6.51043658920389e-05	0.000199664618466658	0.000736165020448919	0.00213129066022424	0.00872659594200753	0.0282491184450551	0.0708741736426926	0.137996297613814	0.198942013346479	0.219393880318748	0.173025197747844	0.101534259200329	0.0421790383537708	0.012726991116244	0.002621468421533	0.000513030264041017	5.5643317463571e-05	
3.63454149906805e-05	7.30289268649952e-05	0.000208605777202324	0.000666304433422173	0.00200384387981952	0.00793521838311646	0.0264221305823141	0.0690626559736014	0.134177354637006	0.196818198402858	0.22015615286318	0.175303797659158	0.106176959627147	0.0444064899387298	0.0133600110557681	0.00267135982707471	0.000435919581965743	8.1706746878274e-05	3.91628890209658e-06	
1.16751295375363e-05	6.56514530516533e-05	0.000142047409373358	0.000509419178661969	0.00172447867444527	0.00765025553305257	0.0246561815355175	0.0639921182159319	0.129304428495077	0.1952854642494	0.220657833199737	0.18229815167471	0.108493369090439	0.0465516461481435	0.0150012160183228	0.00305313097645369	0.000548618285080267	5.39199219221482e-05	3.9481114378142e-07	
4.3200026010963e-05	0.000161175886518534	0.000352165475198581	0.00164506835892537	0.00681264410192887	0.0238615912092949	0.0627407335659996	0.124246628493759	0.194668724579485	0.221888918863644	0.186877827256965	0.110456469664316	0.0474648064735466	0.0146519140851525	0.00346987156291214	0.000615543528516735	4.27168678253141e-05	
1.04478647573875e-05	0	1.98736557885089e-06	8.36113089959409e-05	0.000298615873690766	0.00148484599677002	0.00629358931510499	0.0225512618238315	0.0607416995973143	0.122729023157579	0.192086889440127	0.223968378401674	0.186880303923843	0.113406234445315	0.0491110684111421	0.015994488524213	0.00374553112458659	0.000502093718028256	0.000109929707447295	
2.3590374911028e-06	9.94774845645761e-07	0	3.94783503029132e-05	0.000172408691819634	0.00127916676294666	0.00607634055645033	0.0208561367702861	0.0592431338011106	0.120779820486342	0.189416044712117	0.223348553672693	0.190087688265758	0.115491824783997	0.051215158686057	0.0168064083736622	0.00436885216710705	0.000769216754930196	4.64133520839865e-05	
5.46281909090539e-06	4.44384765425982e-06	0	4.09003812764678e-05	0.000200114668252337	0.000898591283310742	0.00508030853549349	0.0195930658314422	0.0555697488212765	0.118262362727565	0.191402603992828	0.221617343165577	0.191516445746111	0.118840770541672	0.0536155597391252	0.0181722516868506	0.00431480624371351	0.000837962482830331	2.72574859302688e-05	
5.48895326934364e-06	4.10256816523107e-06	8.65783350731523e-06	1.36940895998058e-05	0.000198507712050077	0.00095691695114676	0.00443807336042632	0.0185698645431019	0.0537682583735185	0.11558615159725	0.189484410453174	0.223081812424076	0.193044364464799	0.12226134123139	0.0546252424228749	0.0187046834210835	0.00449989481864032	0.000663965290575708	8.45694913508668e-05	
6.90206413072852e-06	9.92528230369225e-06	1.44886304892979e-05	0.000111488300359578	0.00101357667387533	0.00407392909269943	0.0168504769055366	0.0518152499966131	0.114105494627727	0.186732692610727	0.226274503931966	0.197030115958956	0.121832640631339	0.0553178764174009	0.018764430697358	0.00513539240159746	0.000849524306602808	6.12914703179156e-05	
4.08259558250206e-06	1.21351634210923e-05	8.99015703098558e-05	0.000921793770865759	0.00381897253119884	0.0167751036901849	0.0502303977622196	0.110217354291671	0.187002755695707	0.226922150054759	0.198775356473241	0.124518517682186	0.0567626633175493	0.0179455134541093	0.00495863612701219	0.00098522885946836	5.39465733522342e-05	5.49038716267519e-06	
2.00650224262306e-05	7.25363153818546e-05	0.000599823836379117	0.00365161020405736	0.0150419385554163	0.0481230318892534	0.110803167587013	0.184926186883156	0.227036036584385	0.199831308291234	0.128250250288067	0.0578523849601883	0.0180241549848078	0.00475627784039352	0.000936703529499011	7.32359326212629e-05	1.28729572051131e-06	
1.5170456830901e-05	8.04200311930061e-05	0.000476845107504141	0.00314452011125039	0.0139455531750673	0.0484735959721441	0.110335120097558	0.184743442521589	0.228828983855395	0.198837848883481	0.12743698647623	0.0581095767079893	0.0195483793758082	0.00510762705513667	0.000839524222361137	7.6405950462202e-05	
3.31301563851959e-06	4.88321800837258e-05	0.00041462808323086	0.00308764705369761	0.0143031237255156	0.046129733739058	0.110847489723875	0.183698838303595	0.226080465577252	0.199333098304106	0.130236537901999	0.0592655623411127	0.0205401401494705	0.0048868094286866	0.000923997277536359	0.000199783195142997	
2.31142130846432e-05	0.000562658078034082	0.00320185830522327	0.0143878363986517	0.0468912089284309	0.110848928575947	0.18386440244818	0.225983453711325	0.197265497242502	0.129946223606787	0.060102601085305	0.0204230820026675	0.00520750764035469	0.00105735760143008	0.00022889991376876	5.37024830948597e-06	
