# <P(U)> as a function of N_tot.
# number_of_species: 1
# species_total_upper_bound: 479
# species_total_lower_bound: 456
# volume: 729
# Bin widths for each
10	10	10	10	10	10	10	10	10	10	10	10	10	10	10	10	10	10	10	10	10	10	10	10	
# Bin lower bound for each
-2420	-2420	-2430	-2440	-2440	-2450	-2460	-2470	-2470	-2480	-2490	-2490	-2500	-2500	-2530	-2540	-2550	-2560	-2560	-2560	-2560	-2570	-2580	-2580	
# Bin upper bound for each
-2220	-2220	-2230	-2240	-2250	-2260	-2270	-2280	-2290	-2300	-2310	-2310	-2320	-2340	-2350	-2360	-2370	-2370	-2380	-2390	-2400	-2420	-2430	-2430	
# Normalized histogram for each
1.9733148402005e-06	1.14452260731629e-05	2.02206732448781e-05	3.946629680401e-06	9.79692779487778e-05	0.000345306881566379	0.00127622396129814	0.00366117227716447	0.0107709560000007	0.0280063753391548	0.0645383065448492	0.120629177275362	0.182248022552806	0.20614117400811	0.180233523471117	0.118431206344472	0.0566976534361401	0.0203634019464963	0.00571875926877588	0.000673689686444451	0.000129495884454569	
9.11911617526029e-06	1.08871080867904e-05	1.62841360272505e-05	3.43130009145636e-05	0.000251171166694606	0.000931755000427808	0.00298327698324376	0.00921970560980577	0.0256838976554147	0.0593935713301687	0.114454748270287	0.177206899393025	0.208696324172669	0.18619704521095	0.125496299755771	0.060478164578738	0.0218443542737552	0.0060940587515809	0.000878715243081906	0.000119269664873876	1.39578308805005e-07	
6.95427373018884e-06	1.56412621271587e-05	3.65509134438545e-05	9.81091142407112e-06	0.000129157487864383	0.000814165157819515	0.0024554908334594	0.0079078053433689	0.0227592305632322	0.0535943397925112	0.110847564169624	0.170608612046146	0.208074843720259	0.192256446641017	0.132204841246926	0.0664557188025134	0.0238597385272689	0.00668008334170227	0.00114513707423776	0.000134706857810695	3.1610335137222e-06	
5.78800867545171e-06	9.67792543709132e-06	2.26130703312182e-05	1.06621212442531e-05	8.79449253399606e-05	0.000588197594180216	0.00205811746540991	0.00659842362294896	0.0196394632992798	0.0501551104308704	0.103270775582618	0.168335327696781	0.20697876843595	0.197713642840263	0.138982320445485	0.0710605307369623	0.0257430238970944	0.00694425128299883	0.00158136832977402	0.000193722541376353	2.02697469808329e-05	
2.82397061564442e-06	1.72026876669673e-05	2.50627392138442e-05	5.53498240666306e-05	0.000397756261213517	0.00169311158260961	0.00579389344594073	0.0181455408562655	0.0471143962256691	0.0982028486332924	0.163935165399959	0.207749893159778	0.200993472862584	0.143517269521638	0.074970818970305	0.0279275868041501	0.00753101190397747	0.00167423804566172	0.000228318024274851	2.42390811176146e-05	
1.0394502579878e-05	1.49464969376575e-05	3.6814840965753e-05	5.38965517516473e-05	0.000290224836141108	0.00136766312951677	0.00502711463484488	0.0153510847660657	0.0430678029883702	0.0928524021460823	0.159203163532838	0.207170367211262	0.203387261013844	0.150309176618836	0.0802752651994259	0.0309266720167461	0.00849559355214223	0.00184832088425447	0.000288418116731062	2.34169606652782e-05	
1.36973588855269e-05	3.05682114821809e-06	2.96581654914901e-05	4.80924304311259e-05	0.000167868483513595	0.0010268118916503	0.00413641570732846	0.013665437272315	0.0382698373633476	0.0879539148976792	0.154941886913158	0.206640409584166	0.207416258792999	0.156367205610681	0.0837150840146292	0.0334178454931851	0.00969266650172278	0.00219407421453056	0.000260529832975993	3.92486501626171e-05	
7.51385976656247e-06	2.82929287506364e-05	1.17577990791579e-05	4.99532528925171e-05	0.000188240739892554	0.000813468083431209	0.00340674691267909	0.0125984469269299	0.0352598305462286	0.0818871800913328	0.149008953204539	0.207375850570665	0.210349205473105	0.162423024970945	0.0872244323818135	0.0356509223088931	0.0108386035677151	0.0025008166104538	0.000334065277584359	4.26944933032145e-05	
5.38353554940297e-06	2.95516822647485e-05	4.43852866540906e-05	0.000239347831571954	0.000829318632938716	0.00286660560089175	0.011097800402901	0.0310851812107308	0.0778817141583843	0.143594650919078	0.206082595727349	0.213517004162744	0.166466520832157	0.0938773304354971	0.0375818609325097	0.0117778818851376	0.00261418016794228	0.000381584075529571	2.7102520169312e-05	
7.19348076971628e-06	1.40411211178116e-05	7.66151814030999e-05	0.000176124998717508	0.000629844575856119	0.0023590697399891	0.00985216359496968	0.0298661562984285	0.0736810943220957	0.140221736739124	0.202837874275709	0.216653830223018	0.171567260025078	0.0975754626681981	0.0396390302127345	0.0118054011282006	0.0025363014280558	0.000467184297553721	3.36156889815588e-05	
1.6334784491047e-06	2.30067387197845e-05	6.06917767427915e-05	0.000172481520182224	0.000655070871568424	0.00200174731579229	0.00853545405156261	0.0279722831376756	0.0701904079108579	0.136783505162229	0.201294538572937	0.220699871433743	0.173107671583222	0.101263355239276	0.0415660907911249	0.0125250296062217	0.00262023747279626	0.00048047273142398	4.64506054752449e-05	
2.97316511057581e-05	5.97398757101745e-05	0.000185719104348992	0.000605442436354388	0.00188212875395226	0.00783770113951739	0.0259668634986478	0.0680105757096329	0.133849311925469	0.198368055023376	0.221689170338276	0.174790440836261	0.106751769868723	0.0437791648194822	0.0130407861786082	0.00267817642646527	0.000405180175534285	6.68385955090687e-05	3.20364302612433e-06	
9.57075797767757e-06	5.38181752947666e-05	0.000129205232698647	0.000481358267176817	0.00166919567396191	0.00746207032324796	0.0241270023863552	0.063477081340485	0.129002929068061	0.197089370674578	0.223454774539065	0.18243076076753	0.106898546867655	0.0455813821663304	0.0145771659931458	0.00296818333281627	0.000543059603028077	4.42011817713032e-05	3.23648820501174e-07	
3.52370823927602e-05	0.000131559501696654	0.000330556288051557	0.00154679200558693	0.00673510465355515	0.023692463726959	0.061959216554474	0.124539996696524	0.19496165359282	0.224717538272514	0.187631297252029	0.109021376970133	0.0463763355172983	0.014386350267031	0.00328750387578928	0.000612174759701064	3.48429834449464e-05	
8.48645680258581e-06	0	1.61427167440491e-06	6.79147154446065e-05	0.000256922867493501	0.00138852731125134	0.00598131471312467	0.0220561859248009	0.0593186034732808	0.12248055719308	0.192884087522213	0.2254612429629	0.188896928730528	0.113485120531555	0.0480650313495018	0.0155307463522822	0.00357542727061551	0.000451996068833374	8.92922846185115e-05	
1.92028459080355e-06	8.09758562387039e-07	0	3.21358469473028e-05	0.000153460815551806	0.00123673268435426	0.00574174347033831	0.0203094619593936	0.0581436724540497	0.120331163488866	0.189484683532472	0.223913304009277	0.192664165823747	0.115630746393798	0.0510405166167084	0.0164328238178219	0.0040896971873152	0.000754394212678691	3.85676435285484e-05	
4.44762860853911e-06	3.61801912715358e-06	0	3.32996027945027e-05	0.000167350668161715	0.000869522915323304	0.00481738094545108	0.0192070495789144	0.0548796350713813	0.116847361372889	0.19007182828024	0.22390447821124	0.194051096247121	0.119404747822799	0.0532338050838515	0.017589518492583	0.00409875477690868	0.000786677190723832	2.94280918813702e-05	
4.47524386215114e-06	3.34489876294802e-06	7.05888980318685e-06	1.11650413880472e-05	0.000177994750723496	0.000924391608474848	0.00440952236852604	0.0175550206434464	0.0522586451965074	0.114878241186717	0.188533996155396	0.224664000882315	0.195336874327747	0.122740068170882	0.054823167543926	0.0185055716670742	0.00445462083115752	0.00061359284272865	9.74403612047753e-05	8.07389356573659e-07	
5.60266968599629e-06	8.05673161457318e-06	1.17609760350666e-05	9.61251427118042e-05	0.000936456141028364	0.00406607964579274	0.0159445496835719	0.0508909008801146	0.113191476515067	0.187095528342633	0.226707722659701	0.198257574357961	0.122305677305581	0.0556847950999514	0.0187646141124211	0.00507979243451602	0.000870358529650185	8.21416200244415e-05	7.87151939354851e-07	
3.33557545347723e-06	9.91471048585302e-06	8.59428268564893e-05	0.000816755906729029	0.00376459946870034	0.0162699018834729	0.0490971632426026	0.110563422401633	0.186519329314693	0.227364992008421	0.198888540250964	0.124842008743348	0.0571819310267407	0.0184417065632163	0.00511316112255686	0.000941207377096697	8.52297038285045e-05	1.08578732002845e-05	
1.64897248660658e-05	6.40500470739098e-05	0.000615708387886073	0.00369160553183583	0.0149969103039231	0.0471451813102745	0.110590007185334	0.184213454957742	0.226314965290049	0.200344384569086	0.129346206787175	0.0585283580605995	0.0184125831733558	0.00476348364457325	0.000884488603380789	7.10645046529197e-05	1.05791819224411e-06	
1.25287733110059e-05	7.00513894615366e-05	0.000497652935512163	0.0032592643534131	0.0140498532693171	0.0472227756271828	0.109179617295359	0.182849375932199	0.228704937740456	0.200505778347984	0.128272027469656	0.0593231700594874	0.0199650346628633	0.0051707024787172	0.00085165936972314	6.55702953576002e-05	
2.73946441122648e-06	4.04934277256082e-05	0.000490571315993583	0.00331125278976466	0.014323278163743	0.0452772922710178	0.107947167840401	0.182950595624021	0.226180932462119	0.200900786543972	0.131577074209651	0.0601484402962968	0.0204791769856996	0.00523088067933561	0.000972440803857387	0.000166877121991435	
1.91226772187813e-05	0.000526503412287165	0.00336000324650386	0.0143734973526199	0.0459619844841116	0.1077159567451	0.182126209944461	0.22786710421795	0.199593206837243	0.130628542475955	0.0609895690032532	0.0202529763015753	0.00539243466582744	0.000985836989505246	0.000202608772879711	4.44287350951327e-06	
