# <P(U)> as a function of N_tot.
# number_of_species: 1
# species_total_upper_bound: 479
# species_total_lower_bound: 456
# volume: 729
# Bin widths for each
10	10	10	10	10	10	10	10	10	10	10	10	10	10	10	10	10	10	10	10	10	10	10	10	
# Bin lower bound for each
-2420	-2420	-2430	-2440	-2440	-2450	-2460	-2470	-2470	-2480	-2490	-2490	-2500	-2500	-2530	-2540	-2550	-2560	-2560	-2560	-2560	-2570	-2580	-2580	
# Bin upper bound for each
-2220	-2220	-2230	-2240	-2250	-2260	-2270	-2280	-2290	-2300	-2310	-2310	-2320	-2340	-2350	-2360	-2370	-2370	-2380	-2390	-2400	-2420	-2430	-2430	
# Normalized histogram for each
1.9171780870785e-06	1.11196329050553e-05	1.9645436633475e-05	3.834356174157e-06	9.90842745474806e-05	0.000379217825624127	0.00131250011841394	0.00376265371370026	0.0107424675877362	0.0281546173001279	0.0648135884891365	0.120570585580168	0.182407292710871	0.206473539017822	0.179963138755245	0.118384032694337	0.05631392604781	0.0202413632480479	0.00556513944109883	0.0006545245989286	0.000125811992584987	
8.86757674395657e-06	1.05868008065604e-05	1.5834958471351e-05	3.33665196360611e-05	0.000268719245258827	0.000941388281121818	0.00308994331062246	0.00923931370475616	0.0258280840634512	0.0595064618959209	0.114505819562141	0.177444870648635	0.208754021994622	0.186053568442955	0.125221562173397	0.0603284093474303	0.0217925448970274	0.00598604410818634	0.000854476980483346	0.000115979760118024	1.35728215468723e-07	
6.75904344651682e-06	1.52021583241523e-05	3.5524804107787e-05	9.5354855356584e-06	0.00014084754171883	0.000827334227120109	0.00253698533781415	0.00805871419462163	0.0228475012556004	0.053845794449205	0.110831858689839	0.170937255617624	0.208005738769252	0.19223133752435	0.131957761030674	0.0661576082853948	0.0237700537917449	0.00653720117204999	0.0011129891541931	0.000130925174908455	3.07229247568946e-06	
5.62189902195345e-06	9.40017933630273e-06	2.19640994177533e-05	1.03561297772827e-05	9.42294006108796e-05	0.000606300186829133	0.00212312040796687	0.00682826295702056	0.0198113217853913	0.0505161768209695	0.103220251072645	0.168577080514607	0.207229684755768	0.197154149193638	0.13853765802885	0.070963888471356	0.0256564124745888	0.00687970219503519	0.00154656848843204	0.000188162911799551	1.96880269392297e-05	
2.74171201591619e-06	1.67015956969561e-05	2.43326941412562e-05	6.77431343932624e-05	0.000398484993913285	0.00172958617764059	0.00587249581449101	0.0183071879486769	0.0473148894862724	0.0980472773051841	0.163886384093793	0.207945536256365	0.200789233790422	0.14328356067419	0.0749379579130298	0.0280080276413922	0.00749170523589085	0.00163095308786801	0.000221667416486824	2.35330281366139e-05	
1.0103880204747e-05	1.45286042673225e-05	3.57855260524788e-05	5.2389645215133e-05	0.0002913475524502	0.00136817485743151	0.00505132429026172	0.0155771954465849	0.0431875876363357	0.09307591809261	0.158988249894365	0.206936156386352	0.203221919845804	0.150017121857494	0.0805141036711023	0.0310758634449871	0.00847241145773629	0.00180670150460233	0.000280354165861739	2.27622402806717e-05	
1.33104342466816e-05	2.97047169730032e-06	2.88203780707535e-05	4.67339096804271e-05	0.00016312651443037	0.00101431404552395	0.00410346855857747	0.013795369420105	0.0384118951291974	0.0881549379897027	0.155122612455029	0.205946884337995	0.207094030621708	0.156528280477833	0.0838068703609055	0.0335977582235582	0.00973092515000882	0.00214638121718592	0.000253170354964565	3.81399495790774e-05	
7.30354758778588e-06	2.75010125219098e-05	1.14286994660724e-05	4.85550663706506e-05	0.00018376086399886	0.000797213777745788	0.00340766849504068	0.0126453938520314	0.0355026575332949	0.082319254159917	0.149073543861399	0.206783516966085	0.210028230691026	0.162506097842336	0.0872016982641654	0.0357146858314761	0.0109311340157477	0.00244414121697796	0.000324714824080419	4.14994787318327e-05	
5.23069474042644e-06	2.87126977382207e-05	4.31251699414557e-05	0.000238546619363825	0.000818704748878162	0.00285991041099522	0.0111451288358278	0.0313711702783753	0.0784239184898818	0.143740209845595	0.205374114553382	0.212783719168534	0.166497929991843	0.0939290671098584	0.0378297986707839	0.0119070367705718	0.00260104714467823	0.000376295730639605	2.63330683713314e-05	
6.98302547367406e-06	1.36303285688061e-05	7.43736975930093e-05	0.000188161202426852	0.000645213648573961	0.00235332434761196	0.0098977671641759	0.0303304578040166	0.0740788885816656	0.140502344528421	0.202315168380216	0.21580055440746	0.171126559413662	0.0976542987885301	0.0398973817548853	0.0120781049608711	0.00252481133857123	0.000473928091041821	3.80485362347625e-05	
1.5826500891723e-06	2.22908463263704e-05	5.88032526089652e-05	0.000183186175110112	0.000680116012263889	0.00202496735282647	0.00853204433988155	0.0282594433387194	0.0707405803787411	0.13720628912155	0.20077880204712	0.220172417913067	0.172260985508632	0.101271394085579	0.0418327186112339	0.012817303510202	0.00260270150791334	0.000484892780137536	6.94805679992967e-05	
2.87893785136432e-05	5.78465651995064e-05	0.000188894030805796	0.000628478828157137	0.00186528391951186	0.00788335757889986	0.0260356633001394	0.0683667620420837	0.134415041785216	0.198294477045626	0.221218075480484	0.174342963893745	0.106243117329974	0.0440417234419992	0.0132167126939645	0.00266562864219114	0.000414946445507107	8.9135486653869e-05	3.10211132821427e-06	
9.2723332657543e-06	5.21400769146763e-05	0.000132657077133002	0.000527425546075478	0.00167936737423379	0.00744982704634796	0.0243523275213871	0.0634669710978236	0.129352946124877	0.197448289720369	0.223069896639912	0.182168805917881	0.106581305058958	0.0454792044857667	0.0146724147368642	0.00295711281580694	0.000553159630428985	4.65632387910705e-05	3.13557163576232e-07	
3.40599012379385e-05	0.000127164433898224	0.000357763409976925	0.00158203759684272	0.00677673273137238	0.0236860171870743	0.0621262009868498	0.124939874190792	0.194951771403925	0.224151907338784	0.187345948971366	0.109062671966089	0.0464591842053124	0.0145251361847058	0.00323347224245774	0.000606378281184114	3.36789681319879e-05	
8.20950935577325e-06	0	1.56159145354383e-06	6.56983832955224e-05	0.000257461813790704	0.00143965346947139	0.00596316004985046	0.0220594201163988	0.0594634170989579	0.122768081472242	0.192940758908907	0.224947159649191	0.188740992545297	0.113369531766841	0.048122693794336	0.0156633646071767	0.00361501728960595	0.000485989568792175	8.7828365037172e-05	
1.85627277959807e-06	7.82765629950993e-07	0	3.10646131429122e-05	0.000152057814801051	0.00126969058124508	0.00580682381976387	0.0203455995242216	0.0582436000634801	0.12022788051937	0.19000761206028	0.223357386453807	0.192473703995075	0.115383590047658	0.0510790804409323	0.0165519370810303	0.00424750995543693	0.00078254198262815	3.72820087179516e-05	
4.29741304641162e-06	3.49582304811722e-06	0	3.21749318759833e-05	0.000162277441876932	0.000883886571452619	0.0048869602237683	0.0192078554038522	0.0550165951396036	0.116818961344213	0.190276557455967	0.223798227328252	0.193934413015684	0.119180356413633	0.05306369923987	0.0176496757791121	0.00423250652293861	0.000819625773256019	2.84341785506095e-05	
4.32182539647179e-06	3.2302303221052e-06	6.81689985216684e-06	1.07822860406822e-05	0.000171892808036991	0.000929816228855358	0.00442773239613584	0.0175862872490111	0.0523462388089227	0.114781934948062	0.188503922167935	0.224824721019487	0.19495609560056	0.122948959687617	0.0547000965059156	0.0185246134639564	0.00454364197107318	0.000634016241152511	9.40999509004991e-05	7.79710767404704e-07	
5.40293600901013e-06	7.76951128568399e-06	1.13417003825502e-05	9.2698307063678e-05	0.000921691765537047	0.00404226685583194	0.0159242608392831	0.0508115544778261	0.113230937425919	0.18722122133949	0.226938494182087	0.197899499228206	0.122468484473324	0.0556871460714114	0.0187260403788646	0.00505455826733826	0.000875208654914075	8.066449504361e-05	7.59090183084068e-07	
3.2146352544038e-06	9.55522616998645e-06	8.28267400720868e-05	0.000824188139432521	0.00376797374622907	0.0162257495121625	0.049030215487421	0.110679891809123	0.186876524263646	0.22707731171183	0.198766285065075	0.124853750723348	0.0571310963285185	0.0185460288989945	0.00507763831877148	0.000947364094421952	8.99211075300813e-05	1.0464192000542e-05	
1.58832386574902e-05	6.1871527992148e-05	0.00062956993395519	0.00369392737709225	0.0150857760236952	0.0475325300136168	0.110367109494462	0.184326313761484	0.226275830006105	0.200274015772521	0.129038288507267	0.0584694357420763	0.0185074066510275	0.00477941493281844	0.000869435635745014	7.21723731465872e-05	1.01900833785851e-06	
1.20348265039207e-05	6.72896138832353e-05	0.000514840214838344	0.00329477533043285	0.0141132498256927	0.0473060260484596	0.108998215771087	0.182723694702278	0.228180046977989	0.200604196605494	0.128390537850452	0.0594488146091198	0.0201562261032927	0.00527230815410446	0.000854758179487402	6.29851868854827e-05	
2.62490951782486e-06	3.88001331248229e-05	0.000518982110381372	0.00331770916602522	0.0144142163687769	0.0452853360466516	0.108536324865508	0.182910511143557	0.225657736150977	0.200475765953009	0.131333421389122	0.0604435047121317	0.020706234773319	0.00523810620410379	0.000960827173839772	0.000159898899955566	
1.8317070151505e-05	0.000539443200114562	0.00344694355334884	0.0146494662285106	0.0459689579844361	0.107711085093803	0.182415116887148	0.227301261817993	0.199019376454905	0.130316148462859	0.0613315614986417	0.0205997719513798	0.00551639955808259	0.00096782133893922	0.000194073197162113	4.25570252621792e-06	
