# <P(U)> as a function of N_tot.
# number_of_species: 1
# species_total_upper_bound: 479
# species_total_lower_bound: 456
# volume: 729
# Bin widths for each
10	10	10	10	10	10	10	10	10	10	10	10	10	10	10	10	10	10	10	10	10	10	10	10	
# Bin lower bound for each
-2360	-2370	-2400	-2400	-2410	-2420	-2420	-2430	-2440	-2460	-2470	-2470	-2480	-2480	-2490	-2490	-2510	-2520	-2520	-2530	-2540	-2540	-2550	-2560	
# Bin upper bound for each
-2240	-2240	-2260	-2260	-2270	-2280	-2290	-2300	-2310	-2320	-2330	-2340	-2350	-2360	-2370	-2390	-2400	-2410	-2410	-2420	-2430	-2440	-2450	-2460	
# Normalized histogram for each
0.000393668083630992	0.000651899899957744	0.0092891221201735	0.0295178830047349	0.0689641473113192	0.113201243846679	0.192987651824056	0.207818826002319	0.16524849846325	0.126761122929179	0.052348826038435	0.0257744245764456	0.0070426858998205	
4.20437657321373e-05	0.00169820253761546	0.0051000915822897	0.025747236536398	0.060967116291228	0.125345261576202	0.17284740489426	0.201952658719786	0.187321428245002	0.126961204572168	0.0579874928936896	0.0298547296494464	0.00413674095007943	3.83877861032558e-05	
9.84843772677324e-05	0	0.00136495891300892	0.00384952969390364	0.00656562515118216	0.0241096666735779	0.0588400959272391	0.110637694981789	0.182989156351724	0.196011555500266	0.190586275770079	0.130146240661262	0.061205448777757	0.0287850828996565	0.00481018432128714	
0.000321138477938123	0.00134676398339495	0.00251362316501306	0.00979556425375656	0.0206352488991339	0.0330200972158471	0.101821073745837	0.17690863021829	0.214090076821032	0.19329005529971	0.143239530633416	0.0710354950492552	0.02650821593284	0.00460690800811757	0.000867578296419222	
0.000401895218277265	0.000803790436554529	0.0038395939861861	0.0100955414541632	0.0210812309950892	0.0317547044160313	0.0945084838087709	0.152052571880288	0.227476014993017	0.206824911524927	0.143204234182019	0.0727762489890342	0.0288916161668164	0.00581585559672306	0.00047330635210339	
7.45433007449469e-05	0.000836181373573752	0.00185223897285814	0.00600235621650616	0.0143463443803264	0.0364873252081136	0.0778539956019453	0.147889047158361	0.204760724107141	0.232852204942221	0.154711379683061	0.0794242664372029	0.033962576022013	0.00888847836056595	5.83382353656106e-05	
0.00161349961343238	0.00357274914402885	0.0051814466752784	0.0139660556817436	0.0296896734424046	0.0848399866181977	0.133326610418277	0.216559500199286	0.223013498653016	0.166345727507447	0.0773311307783055	0.0317369611463531	0.0124710074288211	0.000352152693407862	
0.00131788703307851	0.000863495283987295	0.00656075262973564	0.0127561803316305	0.0311024359020808	0.0830057485839885	0.12993339613299	0.203724502735408	0.230894412038211	0.176248143183218	0.0861442218277116	0.0315960774368078	0.00568518048862964	0.00016756639252201	
0.000890243090552431	0.00181454765587382	0.00614499969809147	0.0135177607367187	0.0311894731463978	0.0823947074661204	0.141248291120328	0.195534540657789	0.228340385606859	0.169519315178567	0.0897906922375447	0.0311523151739225	0.00752448942623446	0.000938238804999605	
0.000284594936632213	0.0011868214378705	0.00157889637716701	0.00490472124834239	0.0160341998340872	0.0294056204472379	0.0895293284165017	0.145217594022295	0.191965339969845	0.2137338250165	0.172350996385039	0.0940510575426741	0.0313841607779736	0.00725111567270371	0.00112172791513016	
0.000145623777935874	0.00125145434163642	0.00200687768967876	0.00639227708564347	0.00915306120901108	0.0364590364863409	0.086679519987622	0.148842670193998	0.198467006354354	0.209335697697172	0.172541423138708	0.0888744950571346	0.0357445698258431	0.00410173641186045	4.55074306049606e-06	
0.00091156338359156	0.00439017307729728	0.00886865853494252	0.014540109537288	0.035577914720177	0.0920499399026768	0.135637338474411	0.208391771681064	0.208173235960203	0.162298696419457	0.0899244554943023	0.0322879043472143	0.0066892886063558	0.000258949861020262	
0.000265154695668698	0.00196067166630576	0.0065345901665908	0.0166826496024889	0.0294763636685036	0.0834544942984375	0.130867100047286	0.197473959599263	0.21898684390785	0.178091151345881	0.091169022860754	0.0374044890689977	0.00747147009128687	0.000162038980686427	
0.0022260093370267	0.00546926608305624	0.017255735721066	0.0332208301182949	0.0709852728110446	0.135159290119516	0.186451874344271	0.241558095513009	0.163775445063089	0.0915425523056683	0.0436153500274782	0.00858484648307178	0.000155432073408348	
0.00102090786099053	0.00522212354368462	0.0170732314638823	0.0320949637978879	0.0800970000802339	0.126744742601185	0.185229759602482	0.223396220150895	0.177561883893173	0.098734793591244	0.0422777588720766	0.0104649972471455	8.16172951198391e-05	
0.00505643390215937	0.0161395903741898	0.0416404164861611	0.0816682405386605	0.11414284562434	0.192490239032663	0.23301277364532	0.185099645912966	0.0842265227724017	0.0402697129175487	0.00625357879358954	
6.88509053894059e-05	0.000992263048259085	0.0106988906904126	0.0334858403388005	0.0803976072285351	0.137076752559296	0.194092052310488	0.223966595160726	0.174689597168203	0.0980882398603542	0.0409716887777074	0.00547162195182867	
2.28301525434692e-05	0.000772420161054043	0.00780664382805851	0.0341856167502293	0.0693757602123712	0.142783579032281	0.213308456922673	0.224298638688738	0.161788412682911	0.100632775727996	0.0398411528719698	0.00518371296917549	
0.00268679116360508	0.00674748189588379	0.0313483372276757	0.0759610281063735	0.161771183493683	0.220862286700872	0.20973687260925	0.164040680116891	0.0916351967202113	0.0305601142069268	0.00464880759915321	1.22015947484336e-06	
0.000647315058835378	0.00647419972135028	0.0314509089688282	0.0741464253940543	0.14604350964363	0.225691588471287	0.215956683396841	0.164031944001477	0.0881082873113659	0.0380572994477364	0.00918935591627079	0.000202482668322898	
0.000200385859282525	0.00345875313394164	0.0185566625968143	0.0620767431239689	0.141252458221878	0.232439208522457	0.219941655093995	0.175686205064636	0.104158705600552	0.0343610487170645	0.00696783573951702	0.000900338325892649	
0.00327191588750833	0.016657026336406	0.0491730060990343	0.14258597588209	0.232266673500318	0.246712525351628	0.165538809040921	0.104216241149811	0.0323091397652641	0.00649898593488018	0.000769701052138323	
0.000527034160843533	0.0129570523595849	0.0596703388300015	0.127845289860106	0.243444632760513	0.245923516663657	0.163821666226748	0.107700776572246	0.033546983315505	0.00448022449745079	8.24847533445397e-05	
0.00034013134435832	0.0177647225809132	0.0588695522729082	0.126741766744329	0.205074101897466	0.262779591426959	0.184832392274431	0.105905476374286	0.0334834642507244	0.00409196182220391	0.000116839011420797	
