# <P(U)> as a function of N_tot.
# number_of_species: 1
# species_total_upper_bound: 479
# species_total_lower_bound: 456
# volume: 729
# Bin widths for each
10	10	10	10	10	10	10	10	10	10	10	10	10	10	10	10	10	10	10	10	10	10	10	10	
# Bin lower bound for each
-2420	-2420	-2430	-2440	-2440	-2450	-2460	-2470	-2470	-2480	-2490	-2490	-2500	-2500	-2530	-2540	-2550	-2560	-2560	-2560	-2560	-2570	-2580	-2580	
# Bin upper bound for each
-2220	-2220	-2230	-2240	-2250	-2260	-2270	-2280	-2290	-2300	-2310	-2310	-2320	-2340	-2350	-2360	-2370	-2380	-2390	-2390	-2400	-2420	-2430	-2430	
# Normalized histogram for each
2.49060113060985e-06	1.44454865575371e-05	2.5521336291308e-05	4.9812022612197e-06	0.000119871167356763	0.000352346807006864	0.00122892120022244	0.00359991487418347	0.0108697451649154	0.0277283605073056	0.0636915273881004	0.120295565789419	0.18237508822222	0.204888657383444	0.179785976491597	0.119177197978206	0.0575648830163184	0.0212708764018092	0.0060484394962809	0.000791747448825985	0.00016344203654755	
1.14924897752022e-05	1.37206255479455e-05	2.05223031700039e-05	4.15430051312794e-05	0.000277725397042068	0.000958889956830456	0.00284878885575612	0.00924758434901143	0.0258264390121712	0.0589244870714181	0.113052823939278	0.177243715132607	0.208795788776481	0.184981590907705	0.126590595765979	0.0609711763665626	0.0227353110735533	0.00631183956296641	0.000995478291624977	0.0001503112119323	1.75905455742891e-07	
8.76107461040283e-06	1.97050432314784e-05	4.60472641981105e-05	1.23598998712417e-05	0.000149056262647695	0.000889735799323132	0.00235398570340116	0.00778343307929855	0.0227166405048786	0.0532637348059884	0.109823993550905	0.169532545931999	0.208649446130468	0.191738300742677	0.133256239809904	0.0669216306536844	0.0243986783343728	0.00705888925916147	0.00120823183490737	0.000164602007831811	3.9823066410922e-06	
7.29006006802895e-06	1.21894526643561e-05	2.84814087678054e-05	1.34290580200533e-05	0.00010955750191305	0.00067921519168239	0.00203808829124563	0.00647761681502234	0.0202644780666737	0.0500197879383507	0.10218612963657	0.167681445979578	0.206955508291174	0.196835399681675	0.140423645755498	0.0710001380979395	0.0260032605752873	0.00731455703101059	0.00171711904735974	0.000207132152054361	2.55299674447168e-05	
3.55572127850581e-06	2.16602687882312e-05	3.15570263467391e-05	6.29658976402071e-05	0.000466036535569495	0.00184115247801031	0.00581496731684709	0.0187039532242495	0.0474050538711034	0.0982050511569028	0.163081082267923	0.207875999672518	0.19873741078362	0.143992548156393	0.0755198457101423	0.0283212607212775	0.00773828658740154	0.00186793891164172	0.00027915375137336	3.05199409738415e-05	
1.30698051507424e-05	1.87933767065979e-05	4.6290122531636e-05	6.00679983903193e-05	0.000308040260900454	0.00152778056416714	0.00523367513479896	0.0156791932242354	0.0438229091557083	0.0933419521273394	0.158490918403112	0.206575705149916	0.202524065553186	0.149245786684258	0.0807464953450251	0.0313838179880643	0.00862925771767569	0.00196224094938121	0.000360496499180408	2.94439402718756e-05	
1.72681361468099e-05	3.8537067039729e-06	3.73897803110653e-05	6.06296909686118e-05	0.000171357569088871	0.00108771607159846	0.00434636339230446	0.0140350233102187	0.0386698875417782	0.0888717129279152	0.154315271921958	0.206031780548407	0.206072523936078	0.155540603565779	0.0839228474974117	0.0339406245581843	0.0101073313210512	0.00239953548419589	0.000318798622526369	4.9480417374675e-05	
9.47537038316234e-06	3.56788637884508e-05	1.00017798488936e-05	6.29936660658385e-05	0.000223168368499728	0.000873342548618447	0.00347251853063677	0.0131168663522988	0.035451279429433	0.0825826198194217	0.149762615651429	0.206000196409221	0.209821139516231	0.162077116998072	0.0868494609888766	0.0356552338524335	0.0108952136921208	0.00264693301854827	0.00040030515371829	5.38399903561786e-05	
6.77302919312206e-06	3.34872516329468e-05	4.02312120312486e-05	0.000287141555234591	0.000815786657835954	0.00283859688299383	0.0114809239958279	0.0316488538421287	0.0784874029360239	0.143675832241776	0.204950206462569	0.21255297533504	0.166560037482467	0.093456698585463	0.0380939579608833	0.0119035842725146	0.00273833860965873	0.00039507399040224	3.40976963241724e-05	
9.05822978499246e-06	1.55035086704679e-05	6.07656248076578e-05	0.000193648694441986	0.00070639675929055	0.00243733156628174	0.0100658707502096	0.0300614775087638	0.0742659582201926	0.141143971968727	0.201845753676074	0.215206758740088	0.17106705017818	0.0980166657492306	0.0397925421503819	0.011932766102339	0.00264404501522131	0.000492105752742379	4.23298045721763e-05	
2.05710089062907e-06	2.89732519806912e-05	6.71889713432228e-05	0.000206057768086676	0.000758258977586669	0.00215004708298313	0.0086761561986259	0.0282635232001722	0.0705782913331761	0.137713980866006	0.199131016842644	0.219583901800609	0.172665168034866	0.101696230345234	0.0424382811061976	0.0128052792046541	0.00264870572282281	0.000529457206695151	5.74249854257299e-05	
3.74533455433175e-05	7.52550943009915e-05	0.000214964783257925	0.000686615634692958	0.00203589418309187	0.00795715197908559	0.0263515642186531	0.0692370094450079	0.13351882514023	0.196950043421202	0.220672382782714	0.174910056081014	0.106238563120109	0.0445599291417543	0.0133428850010123	0.00268319832176494	0.000439975192529794	8.41974434694735e-05	4.03567056629546e-06	
1.20124626688785e-05	6.75483408047079e-05	0.000146151629138021	0.000524137984663335	0.00175866515657824	0.00760609405578373	0.0244902486803193	0.0639896342312475	0.129253140801992	0.195448976963259	0.220753200559641	0.18208119513674	0.108466995918403	0.0466999864526115	0.0151031764636279	0.0030056400253167	0.000537311071744665	5.54778469152068e-05	4.06218544358209e-07	
4.44151992435156e-05	0.000165709601914459	0.000362071535412107	0.00166887189104928	0.00669264001285236	0.0236206458092696	0.0626383756262945	0.124535835599945	0.194586669672095	0.222384974057579	0.186453983705875	0.11036545848656	0.0477074466669154	0.014748768201429	0.00339764586002567	0.000582569623235508	4.39184503046079e-05	
1.073314152315e-05	0	2.04163018103397e-06	8.58942983306436e-05	0.000306769517773076	0.00151141882301945	0.00623172613386088	0.022483277371764	0.0605193726350449	0.122807846988101	0.191850908964381	0.224515416889071	0.186802774178756	0.113166802614932	0.0493437806855193	0.0161431990075811	0.00364897645641658	0.000456129348588433	0.000112931315156622	
2.42505513202146e-06	1.02261360988857e-06	0	4.05831515467206e-05	0.000177233547359544	0.00131496423218985	0.00606970847272774	0.0207337246807444	0.0592343382196928	0.120614207445527	0.189312016533851	0.223672213654019	0.190046779021321	0.115310290478947	0.0513750851471918	0.0169783953299165	0.0043007914503425	0.00076865482425567	4.7566141625674e-05	
5.61279703765297e-06	4.56585043995604e-06	0	4.20232731575572e-05	0.000205608679047702	0.000919946159026302	0.00515074460586939	0.0194522968670588	0.0553518921291369	0.118017113389086	0.191487841402015	0.221917925901075	0.191363865475738	0.118774143024771	0.053823989897198	0.0183985160346269	0.0042248366676062	0.0008317118263204	2.73660207898002e-05	
5.6424520642431e-06	4.21729664595489e-06	8.89995016318757e-06	1.40770453561529e-05	0.000204058988055307	0.000983677171467865	0.0044393300431633	0.018549677500417	0.0537209426443293	0.115521207694152	0.18961375815956	0.222987087946486	0.192527997396328	0.122315214421177	0.0549375309298717	0.0189215558101769	0.00449336960984044	0.00066482046022922	8.69344805155805e-05	
7.09555192750668e-06	1.02035209536046e-05	1.4894794955262e-05	0.00011461368795299	0.0010323441645272	0.00406888854394994	0.016908788204636	0.0520638761522429	0.113865840236201	0.186642072271773	0.226399124092231	0.196283842484142	0.122061026789696	0.0554845185905513	0.0189097338481928	0.00521027550855316	0.000859851883578764	6.30096739347597e-05	
4.1951990836065e-06	1.24698676209269e-05	9.23811770617624e-05	0.000937815055834628	0.00382208675683278	0.0167605147167873	0.0503766160413187	0.110318314925668	0.187171960747519	0.226940393859178	0.19832010919785	0.124460128509653	0.0568666758208804	0.0179345628796402	0.00494764420476067	0.000973054728136922	5.54344927185521e-05	5.64181945726391e-06	
2.0642732344605e-05	7.46247729947227e-05	0.000617093898290465	0.00370331194070647	0.0151099330582389	0.048307477327399	0.111211151428578	0.185279779847707	0.227135381257447	0.198907121351109	0.127749089402148	0.0580042353013525	0.0180291090740672	0.00481128252864201	0.000963097186041459	7.53445335367242e-05	1.32435939728289e-06	
1.56136463611101e-05	8.27694209471255e-05	0.000490775654325038	0.00308423650537191	0.0140793491776324	0.0486133443738149	0.110583963765172	0.184926688374384	0.229142056060227	0.19813207224457	0.127222640311477	0.0581372412732609	0.019521673664363	0.0050517268992042	0.000837210555976019	7.86380729136201e-05	
3.41144236757999e-06	5.02829404431538e-05	0.000426946312440074	0.00316171905275655	0.01439866620057	0.0464710692773355	0.11105070532861	0.1836238955312	0.226092998900369	0.199012453370026	0.130246518852405	0.0591737612723086	0.020305650328992	0.00484215542841037	0.000934047186726817	0.00020571857503995	
2.3797197716096e-05	0.000579283641649542	0.00329646762661997	0.0146259002145025	0.0467187725547916	0.111319557463321	0.183962427217268	0.22613812948041	0.197066845758392	0.129597572286838	0.0600763248804832	0.0201880035618848	0.0051269138753765	0.00103881180449305	0.000235663506484309	5.52892976876961e-06	
