# <P(U)> as a function of N_tot.
# number_of_species: 1
# species_total_upper_bound: 479
# species_total_lower_bound: 456
# volume: 729
# Bin widths for each
10	10	10	10	10	10	10	10	10	10	10	10	10	10	10	10	10	10	10	10	10	10	10	10	
# Bin lower bound for each
-2420	-2420	-2430	-2440	-2440	-2450	-2460	-2470	-2470	-2480	-2490	-2490	-2500	-2500	-2530	-2540	-2550	-2560	-2560	-2560	-2560	-2570	-2580	-2580	
# Bin upper bound for each
-2220	-2220	-2230	-2240	-2250	-2260	-2270	-2280	-2290	-2300	-2310	-2310	-2320	-2340	-2350	-2360	-2370	-2370	-2380	-2390	-2400	-2420	-2430	-2430	
# Normalized histogram for each
1.95133642440328e-06	1.1317751261539e-05	1.99954591253559e-05	3.90267284880655e-06	0.000100849657792983	0.000385974344746968	0.0013285846222293	0.00380248894108778	0.0108374699752456	0.0283108152936107	0.065008956634188	0.12075475856344	0.182330648677028	0.205821617088565	0.179696505202378	0.118245339921657	0.0564815705457475	0.0204041608002224	0.00565885267387039	0.000666186255291278	0.000128053583239076	
9.02008157789392e-06	1.07688729042203e-05	1.61072885319534e-05	3.39403579780447e-05	0.00027334068638725	0.000957233147041803	0.00308668572220261	0.00932140292550239	0.0259068248123208	0.0597159313992422	0.114681271160519	0.177373300240986	0.208402564952238	0.185744396153515	0.12518929803217	0.0603657224290334	0.0218555886320004	0.0060693183604888	0.000869172299596395	0.000117974383290465	1.38062473131029e-07	
6.87793984164759e-06	1.54695751320559e-05	3.61497107502084e-05	9.70322152744223e-06	0.000143325150437566	0.000839687611846128	0.00253263345084884	0.00802975160563421	0.0229476094353756	0.0540084552343959	0.111239375811907	0.170765281966007	0.207770288851473	0.191857491865447	0.131845868841856	0.0662349080457654	0.0238229141229	0.00662528555318842	0.00113256742725797	0.00013322824211784	3.126336291658e-06	
5.72099327282993e-06	9.56587134282899e-06	2.23512490213801e-05	1.05386718183709e-05	9.58903325891333e-05	0.000610339650738225	0.00213177643256972	0.00678695097486304	0.0198559694777829	0.0506095278255795	0.103660808006685	0.168438549386799	0.206657702850729	0.197127338725258	0.138664091555719	0.0709166451048529	0.0256521694921386	0.00695871974454445	0.00157382903601425	0.00019147956026917	2.00350574129469e-05	
2.79069391022682e-06	1.69999770697984e-05	2.4767408453263e-05	6.89533953651877e-05	0.000405604104068883	0.00171148606357694	0.00587031766329245	0.0182550916559229	0.0474943545424985	0.0985020299274945	0.164064383355018	0.207598719983122	0.200592961990888	0.143313550879396	0.0747466433649927	0.0278536135928003	0.00756805955936152	0.00166009078406359	0.000225627602641838	2.39534560627802e-05	
1.02797176136046e-05	1.47814449658378e-05	3.640830008069e-05	5.33013800416475e-05	0.000296417861842405	0.00136613502272177	0.00505202871387344	0.0154800712823001	0.0432631777800121	0.0933370745626903	0.159219204628778	0.207057181613767	0.203098376503081	0.150046215800418	0.0801677352893354	0.0308538646714392	0.00850599062726442	0.00183336327136721	0.000285233157802321	2.31583706058181e-05	
1.35486802581395e-05	3.02364073903965e-06	2.93362395367893e-05	4.75704088790895e-05	0.00016604634715001	0.00102990743066174	0.00414711946402252	0.0138314022078532	0.0385225909702131	0.0883508054759657	0.155264021193367	0.206359487387183	0.207044838260956	0.156162734929673	0.0835799620143015	0.0332854605603803	0.00968949910113624	0.00217612116425494	0.000257701899628838	3.88226238401885e-05	
7.43381444414467e-06	2.79915235242484e-05	1.16325429727819e-05	4.94210997305173e-05	0.000186235406923217	0.000807670173033274	0.00340163548047668	0.0127125110156396	0.0356034283008482	0.0823383513033943	0.149272691884934	0.207000230333528	0.210016661151342	0.16229719366851	0.0870328969003586	0.035523216525241	0.0108638773817087	0.00247417535308267	0.000330506472431802	4.22396678755257e-05	
5.32069009487544e-06	2.92067065722991e-05	4.38671488079645e-05	0.000236553771213797	0.000819637465988687	0.00285072527628311	0.0111506136194321	0.0313821152469695	0.0784037482138009	0.143867874979402	0.205781594303455	0.212999281684002	0.166218038865791	0.0938332927773436	0.0376136481135802	0.0117599125598247	0.0025950124536118	0.000382769988713743	2.67861351128279e-05	
7.1035325525868e-06	1.38655491170685e-05	7.56571752315575e-05	0.000173922708875675	0.000621968917537071	0.00233596935863912	0.009927437187298	0.0302936520670175	0.0741168242865407	0.140502273027962	0.202715557549098	0.216159880846438	0.171136917425236	0.0974582126159694	0.0395762159978429	0.0118337566651683	0.00252997320761538	0.000482106736541749	3.87051453185819e-05	
1.61111869774047e-06	2.2691812644232e-05	5.9861001755484e-05	0.000170120519393807	0.000646103981419218	0.00197793184913448	0.00847986230971156	0.0282808060985063	0.0707477619405566	0.137209358157995	0.201154046592373	0.220260257845252	0.172560796925568	0.101113174099438	0.0416446045518233	0.012496925826682	0.00261010305759014	0.000493251931447671	7.07303800120711e-05	
2.93146533998999e-05	5.89020012500314e-05	0.000183977855756271	0.000597064498782147	0.00185602660188901	0.00783328443012859	0.0261235374942143	0.0685028683820238	0.134153898203525	0.19838666691391	0.221464843686087	0.174377556737716	0.106390285387468	0.0438965119107482	0.0129701206872918	0.0026587027161458	0.000422517326096386	9.07618028520931e-05	3.15871071518301e-06	
9.43877112489314e-06	5.30759883544715e-05	0.000133214347059784	0.00048459198130339	0.00164617640169513	0.00740079452565866	0.0243742584921923	0.0637171312464773	0.129259684350166	0.197235616486952	0.223406068564419	0.181926020918232	0.106720765264556	0.0455652572240684	0.0145181067320736	0.00293899165927258	0.000563088814595678	4.73990463010938e-05	3.19185496977063e-07	
3.47106321886262e-05	0.000129593972151614	0.000336145069616169	0.00153875429524092	0.00669492736309242	0.0237329380401286	0.0622906272364237	0.124785933023049	0.195104741273684	0.224636044749038	0.187168406419119	0.108937674936163	0.0463086647077843	0.0143805920798056	0.00327207081827598	0.000613852963067408	3.43224211707271e-05	
8.35687906719426e-06	0	1.5896237356076e-06	6.68777414480627e-05	0.000257246538242328	0.00138805944593256	0.00593706298121033	0.0219757079150863	0.0596313508136534	0.122732895659959	0.192976052227587	0.225281453101399	0.188642056657006	0.113346826059601	0.0480144486805646	0.0155479053777834	0.00362129912317717	0.000481406193873508	8.94049806726734e-05	
1.88952786549348e-06	7.96788858943034e-07	0	3.16211350020536e-05	0.00015100287146769	0.0012306517753355	0.00570937918605833	0.0202410550376896	0.0583998198619748	0.120593447431525	0.189816095895315	0.223642150558628	0.192434594505157	0.115387661569715	0.0509170618606609	0.0164995394446568	0.00413779284067909	0.0007674897943299	3.79499150816582e-05	
4.37560868854415e-06	3.55943297461882e-06	0	3.27603862950585e-05	0.000164640778736827	0.000861405451405363	0.00478882031526646	0.0191664810055847	0.0549866193659589	0.117091175147703	0.190301773942044	0.223900826126256	0.194001203723149	0.119085432490037	0.053078831306206	0.0175658697443867	0.00412549617532125	0.000811777433689181	2.89515662967403e-05	
4.40107594963989e-06	3.28946398297827e-06	6.94190330200932e-06	1.09800039155964e-05	0.000175044855811451	0.000909071729144175	0.00435581746242581	0.017559385600723	0.0521982807219489	0.115066470992713	0.188547198023236	0.224992507962204	0.195049878482663	0.122631602946725	0.0547509274586985	0.0185074091206174	0.00451920173556657	0.000614970963107414	9.58254887179325e-05	7.94008547615445e-07	
5.50077861020874e-06	7.91021056344066e-06	1.15470889834134e-05	9.4376994998292e-05	0.000922153253874207	0.00400654438087282	0.0159185713832403	0.0507814606121976	0.113111396767706	0.187704750572422	0.226883591613831	0.198202668323144	0.122093281749062	0.0555452712715791	0.0187140807112425	0.00506094362629329	0.00085453004575284	8.0647778962895e-05	7.72836664244203e-07	
3.27229103837738e-06	9.72660301752174e-06	8.43122711681235e-05	0.000838834882044741	0.00371427600380236	0.0162094854825598	0.0491771406684799	0.110449481445681	0.186797199334114	0.227320258582305	0.198955543376113	0.124850473225189	0.0570521008762925	0.0184593999629261	0.00506088018490566	0.000923350260932487	8.36126779116428e-05	1.06518715180284e-05	
1.61732337853124e-05	6.28207197937171e-05	0.000630643333570105	0.0036703090127522	0.0149541960259545	0.0471986842521674	0.110265882324228	0.184279788192443	0.226639314577901	0.200465901917074	0.129250574527626	0.058474834279054	0.0184135537383437	0.00473720107910884	0.000869384625597646	6.97005472756143e-05	1.03761332513859e-06	
1.22835726403414e-05	6.86804134489161e-05	0.000493629264024814	0.00325097750788188	0.0139602578904694	0.0471908186660453	0.108992476266927	0.182626823180303	0.228585922290533	0.200754484826515	0.128343675892287	0.0594636992185227	0.0200627502273582	0.00526243494301633	0.000866798821171535	6.42870188549254e-05	
2.6826866191221e-06	3.96541660759308e-05	0.000480403797088167	0.00329447442979214	0.0142632586206613	0.0449976269495213	0.108185605032738	0.182685728650487	0.225971914254933	0.20122940539243	0.1315278416544	0.0602967182153542	0.0206571603825259	0.00522925507180504	0.000974852247652914	0.000163418447916101	
1.87211037801361e-05	0.000515446917251892	0.00334706431008551	0.014451189945866	0.0455911116773031	0.1073880179241	0.182044528829166	0.22762786059867	0.199965064402503	0.130850852194733	0.0611054361130451	0.0204087832603109	0.00551160505528992	0.000971614075947281	0.000198354018135167	4.34957381239091e-06	
