# <P(U)> as a function of N_tot.
# number_of_species: 1
# species_total_upper_bound: 479
# species_total_lower_bound: 456
# volume: 729
# Bin widths for each
10	10	10	10	10	10	10	10	10	10	10	10	10	10	10	10	10	10	10	10	10	10	10	10	
# Bin lower bound for each
-2420	-2420	-2430	-2440	-2440	-2450	-2460	-2470	-2470	-2480	-2490	-2490	-2500	-2500	-2530	-2540	-2550	-2560	-2560	-2560	-2560	-2570	-2580	-2580	
# Bin upper bound for each
-2220	-2220	-2230	-2240	-2250	-2260	-2270	-2280	-2290	-2300	-2310	-2310	-2320	-2340	-2350	-2360	-2370	-2380	-2390	-2390	-2400	-2420	-2430	-2430	
# Normalized histogram for each
2.31708962638974e-06	1.34391198330605e-05	2.37433537010055e-05	4.63417925277949e-06	0.000115036684980761	0.000398593935494951	0.00130288586697997	0.00371140512403926	0.0111487994068251	0.0278719712571847	0.0637389103408984	0.120271944542504	0.18216653332043	0.205644048691594	0.180025678805036	0.119102086879957	0.0569355535595267	0.0208239025513883	0.00580542716910256	0.000741032522397397	0.000152055599247082	
1.06901060695777e-05	1.27626776544958e-05	1.90894751242459e-05	4.0224251154661e-05	0.000290378187318529	0.00102491391942076	0.00299186616554431	0.0094205196204216	0.026148544859762	0.058710689759732	0.113239829993498	0.177525764587338	0.208635636761213	0.185716840197722	0.126259261088415	0.0604799023142471	0.022218430991861	0.00617642694712851	0.000938247702356686	0.000139816769945727	1.63624072493536e-07	
8.15345628306165e-06	1.83384134581993e-05	4.28536877368998e-05	1.15026874835112e-05	0.000151429174603933	0.000915328415454012	0.00245926909343175	0.00791623737483964	0.0230240702657725	0.0532984848572198	0.109835703737989	0.170233597895145	0.208801312898631	0.191903206120198	0.132958686135034	0.0663104676926844	0.0238877326720523	0.00686241001343261	0.0012043231437092	0.000153186148348431	3.70611649230075e-06	
6.78450891705586e-06	1.13441383916764e-05	2.65062797771616e-05	1.24977795840503e-05	0.000103086080832837	0.000667189156256222	0.00217774495943262	0.00663420595027801	0.0203541859747061	0.0501462556089279	0.102376206952463	0.168352891809029	0.20722373308017	0.196815747048457	0.139438523381025	0.0710182891407727	0.0256030336588277	0.00712269059230603	0.00169162253508422	0.000193701849729061	2.37595150334143e-05	
3.31013078768093e-06	2.0164213381623e-05	2.93774107406682e-05	6.24787186174775e-05	0.000451722514825524	0.0018511354741641	0.00597448264310854	0.0188623389428281	0.0475033007520838	0.0982876858941866	0.163704807611888	0.207404271569309	0.199345178893812	0.143762759174965	0.0750681666266876	0.0280561444523422	0.007517858707288	0.0018065314618001	0.000259872851256184	2.84119559275946e-05	
1.2156035308261e-05	1.74794458044295e-05	4.30537683942698e-05	5.75696660874302e-05	0.000306782110036926	0.00153152324753944	0.0053432498043578	0.0158091022800853	0.0436674698156451	0.0933171907770102	0.159170357999081	0.206255210390924	0.202362672267553	0.150063539294713	0.0804165091252723	0.03099926204908	0.00839353657840205	0.00187065742445772	0.000335292540477745	2.73853797689492e-05	
1.60181796242097e-05	3.5747555890485e-06	3.46833156769515e-05	5.62410020536562e-05	0.000192954937176809	0.00112569326381243	0.00438718019513363	0.0140929417897169	0.0389649177852604	0.0890636983788238	0.154655879018482	0.205702106284197	0.20602151478931	0.156462576866114	0.0834873252538035	0.0332743980752861	0.00978587978091496	0.00233079522048083	0.000295722338309302	4.58987702349586e-05	
8.77738741280384e-06	3.30506563074712e-05	9.26502004684849e-06	5.83533718740107e-05	0.000218947052686051	0.000880474902171412	0.00357421175403788	0.0130257783741103	0.0356741740600353	0.083022192106994	0.149819112674401	0.205933383855686	0.209768641613149	0.162163532805242	0.0866773779689852	0.0354227994371853	0.010654475056155	0.00262023977763518	0.000385338143702845	4.98739821820119e-05	
6.27984188274511e-06	3.10488319696239e-05	3.73017217412843e-05	0.000278307499061056	0.000828966080633439	0.00297012264153867	0.0114492567887988	0.0312905385018319	0.0788968069699237	0.143881338479569	0.204865610709906	0.212751717556969	0.166808825576583	0.0935342020268257	0.0376464392420581	0.0116114276411957	0.00268165419659867	0.000398540866610094	3.16148263024035e-05	
8.38018852523347e-06	1.43430149758804e-05	5.62170980234412e-05	0.000188285646031688	0.000689404804093486	0.00249224657974155	0.0101139743242842	0.0299675810258135	0.0743682640541536	0.140978917755594	0.201469750769433	0.215537132749653	0.171987602907775	0.0979405256945981	0.0393829377105422	0.0117593115309836	0.00253275082428018	0.000473212055889626	3.91612656083026e-05	
1.90123542545726e-06	2.67779637388346e-05	6.20980979103575e-05	0.000190444878110592	0.00071853310100415	0.00214601279199395	0.00867801504273535	0.0282032744147616	0.0706583434685695	0.13771601482096	0.199941923952243	0.218987268658142	0.173103388459431	0.101771204311338	0.04196433609033	0.0126220342099734	0.00263021193231955	0.000524151862223949	5.40647087887071e-05	
3.46001187830124e-05	6.95220991360994e-05	0.000198588588735988	0.000647639122584975	0.00198497394624467	0.00793887655667343	0.0262340246356601	0.068674101186143	0.133907260792012	0.19788773516715	0.220365232953078	0.174939058864431	0.106535696902316	0.0441889113914829	0.0132537498415167	0.0026251029655279	0.000433413425902867	7.77832127680124e-05	3.72822985336336e-06	
1.11220217965837e-05	6.25412240155721e-05	0.000135317931858435	0.000501619301898094	0.00173831290427475	0.00762014308830284	0.0244119781703189	0.0635848135293646	0.128746428863871	0.195624516030863	0.221101091978368	0.182646916534975	0.10856041600445	0.0466154827999813	0.0149847214583668	0.0030340553083637	0.000568781269268768	5.13654726450919e-05	3.76107017275777e-07	
4.11264791564375e-05	0.000153439646905366	0.00033553254474933	0.00164711549021532	0.00690505467968331	0.0236899342698753	0.0619770358939735	0.123859940853088	0.194162572485081	0.222362647503026	0.188044467572678	0.110460933943921	0.0473594676415374	0.0148536396541728	0.00347134540974514	0.000635079420236776	4.06665119553457e-05	
9.92405723074361e-06	0	1.8877282775871e-06	7.94194253927715e-05	0.000283644657480873	0.00146503894868852	0.00629991558079143	0.0223200137383471	0.0599938923899956	0.122063126280824	0.192081853624039	0.224625426168142	0.187593779644076	0.114040308068625	0.0487099966107187	0.0160368180365857	0.00379409113002867	0.000496445569458584	0.000104418341297389	
2.24402531639067e-06	9.46275735827392e-07	0	3.75536284875499e-05	0.000164003103243685	0.00123689053252478	0.0059838151701789	0.0206364623562725	0.0585677900446656	0.120095963174193	0.188825889455257	0.224755330269833	0.190772865299947	0.11573820119201	0.0511132190529645	0.0167828490496891	0.00441361928704612	0.000828207560445728	4.41505221887466e-05	
5.20200910755895e-06	4.23168616521635e-06	0	3.89476847690294e-05	0.000190560644510061	0.000858412362992422	0.00500188000070079	0.0194572390808346	0.0550883600329371	0.117523654990896	0.190719427078209	0.22265938565081	0.193005319256463	0.11905975706887	0.0533209976537052	0.0178976336249244	0.00429028288956782	0.000852671285583562	2.60369989528598e-05	
5.21869520622226e-06	3.90057115928983e-06	8.23155017063923e-06	1.30198375248019e-05	0.00018873384312812	0.000912599148820052	0.00439416826412989	0.018238990039367	0.0533221258715389	0.115127698109135	0.188716411610112	0.223434857489136	0.194882999409023	0.122481673569915	0.0544807838092833	0.0186207349036531	0.00443844647191052	0.00064900123992432	8.0405566862878e-05	
6.5570599010453e-06	9.42916051885852e-06	1.37644067344257e-05	0.000105915484104075	0.000962912375055156	0.00401869195596419	0.0164525303409658	0.0515362419132417	0.113434724807376	0.186372451569542	0.227175138663528	0.198293403231953	0.12209418945595	0.0550077987015125	0.0186086921415669	0.00500582751924883	0.000842500911417779	5.9230301420186e-05	
3.8843130490577e-06	1.15457856837508e-05	8.5535252176836e-05	0.000883560671014276	0.00369960726648354	0.0165267072774721	0.0495779251864162	0.110127213127542	0.186495807968992	0.227667276066272	0.19973743115323	0.125044234289119	0.0564462210964917	0.017899075260253	0.00478236622599983	0.000952540713092369	5.38446153696963e-05	5.22373134183621e-06	
1.91245149154812e-05	6.91363217028276e-05	0.000587658734474035	0.00360538449250432	0.0149276574547052	0.047566029388218	0.110552525906983	0.184003119456441	0.226846620616862	0.20125324519946	0.129028754441682	0.0579365309895694	0.0179470636094436	0.00466584818010503	0.000920270590814413	6.98031457933256e-05	1.22695632651623e-06	
1.44824789225755e-05	7.67729950183972e-05	0.000466187825171954	0.00312335271712711	0.0137909141261412	0.0481195954652504	0.110305985708965	0.183650650260661	0.228798166201034	0.200327198312125	0.128405543026097	0.0577874694103882	0.0192028685033727	0.00502261883072165	0.000835253186766418	7.29409522377888e-05	
3.16222868243988e-06	4.66096563781475e-05	0.0004175736261837	0.00318213212179406	0.0140579134812638	0.0457040897475577	0.11001749669102	0.183128516135883	0.225818895655674	0.201018545886609	0.131339634069554	0.0590299871488621	0.0201740889267069	0.00496108505579354	0.000909579206480964	0.000190690361556207	
2.2051562786332e-05	0.000538533495016624	0.00319697483193078	0.0141153769984031	0.0465412889632298	0.110164959686442	0.183147736201089	0.226010322719472	0.198401950974385	0.1310176569108	0.0603142197165426	0.0201469415789664	0.00514635939129975	0.00101212711830679	0.000218376494227759	5.12335710245317e-06	
