# <P(U)> as a function of N_tot.
# number_of_species: 1
# species_total_upper_bound: 479
# species_total_lower_bound: 456
# volume: 729
# Bin widths for each
10	10	10	10	10	10	10	10	10	10	10	10	10	10	10	10	10	10	10	10	10	10	10	10	
# Bin lower bound for each
-2420	-2420	-2430	-2440	-2440	-2450	-2460	-2470	-2470	-2480	-2490	-2490	-2500	-2500	-2530	-2540	-2550	-2560	-2560	-2560	-2560	-2570	-2580	-2580	
# Bin upper bound for each
-2220	-2220	-2230	-2240	-2250	-2260	-2270	-2280	-2290	-2300	-2310	-2310	-2320	-2340	-2350	-2360	-2370	-2370	-2380	-2390	-2400	-2420	-2430	-2430	
# Normalized histogram for each
1.80885705366681e-06	1.04913709112675e-05	1.85354646322799e-05	3.61771410733362e-06	9.34859886677446e-05	0.000357791925215295	0.00125134602905548	0.00373022501607169	0.0107874488899459	0.0282906520033762	0.0652084881191821	0.120871318356096	0.181864445997413	0.206410678777014	0.180422233628189	0.117795261173315	0.0562334927163391	0.0203625805018531	0.00553850749161558	0.000628886395881901	0.000118703584062982	
8.35529920891302e-06	9.97520415757983e-06	1.49201771587733e-05	3.14389447274151e-05	0.000253195406384382	0.000892610255793009	0.00309282483778091	0.00923825397863043	0.0259303513767796	0.059700680357947	0.114902010777356	0.177386689620436	0.208637661430189	0.185763900175233	0.124812013760752	0.0601520796606163	0.0222241580560015	0.00598552747078507	0.000853945682412988	0.000109279640418615	1.27887232789485e-07	
6.36556787606098e-06	1.43171694990193e-05	3.34567389041454e-05	8.98038026959444e-06	0.000132648146750644	0.00077917122749603	0.00246844719816101	0.00808557860879421	0.022956381049923	0.0539275907437956	0.111025470051643	0.171429929661332	0.208211595419852	0.191510059944145	0.131457078272501	0.066009695767221	0.024115771718905	0.00661166030149173	0.00108960518411848	0.000123303407377033	2.89343994366408e-06	
5.29589017481583e-06	8.85507142590664e-06	2.06904211283291e-05	9.75558716413443e-06	8.87651227681682e-05	0.000571141386545523	0.00203917500751502	0.00685226010153529	0.0197992107193963	0.0506908456571771	0.103533516552551	0.168989346898817	0.207445035306649	0.196631427913501	0.138210126342358	0.0705146275917165	0.0258036352533901	0.00706600394425893	0.00152247194143046	0.000179266954460061	1.85463360373105e-05	
2.58059626870295e-06	1.57201322701822e-05	2.29027918847387e-05	6.37622328058688e-05	0.00037874551236997	0.00166205453182704	0.00585819008461367	0.0182388802483119	0.0474675952913666	0.0990011995686705	0.164118137890764	0.208131325511876	0.200493083131049	0.142421860781519	0.0746174249902921	0.0280607586768087	0.00761693095664144	0.00159089458971756	0.000215802362970284	2.21501179730337e-05	
9.50616951474438e-06	1.36691421690568e-05	3.36685778073001e-05	4.92904545719364e-05	0.000274112436526738	0.00130588589613834	0.00500975133427029	0.0156556526355533	0.0431437610719783	0.0937008751791661	0.159599959786543	0.207103340324195	0.202808590272614	0.149497755589086	0.080260825257828	0.0310062280431357	0.00847282957573193	0.00176911316772928	0.000263769380756745	2.14157046855867e-05	
1.25270489290312e-05	2.7956446502608e-06	2.71241553471868e-05	4.39833864441794e-05	0.000153525706976917	0.000967933272955945	0.00401898460393675	0.0138249963155111	0.0387228581851418	0.0884345418585044	0.155524422175463	0.206082652657883	0.206871451265234	0.156176490284537	0.0835880464380905	0.0334463243269614	0.00967177808676409	0.00213565910481068	0.000258010258180558	3.58952236773944e-05	
6.86625601369589e-06	2.58544207923117e-05	1.07444191325426e-05	4.56478872021634e-05	0.000172758392048299	0.000782435303338475	0.00332574739196709	0.012627850110818	0.0359608291114336	0.0832215023673325	0.149329094734158	0.20645127984469	0.209698086484648	0.161927191068917	0.0873741461895416	0.0355037356671144	0.0107642761753971	0.00240891148480498	0.000324027945831513	3.90147448185621e-05	
4.92119020146677e-06	2.70137436380944e-05	4.05734179271144e-05	0.000228064428306602	0.000778202802459412	0.00279029372324367	0.0109851103370973	0.0316949149320527	0.0794978569589537	0.144714673405107	0.205082871364524	0.212055247435542	0.165736477234637	0.0939671065957255	0.0377073843409417	0.0117270484031794	0.00256066634182587	0.000376185917074355	2.53874275629316e-05	
6.57001722102591e-06	1.28241682295025e-05	6.99748949534266e-05	0.000187182317556729	0.000628173665770589	0.00230243305426202	0.00975620182250593	0.0304686864977302	0.0752137256082846	0.141438888521548	0.202305191619185	0.215094172352609	0.170135755086604	0.0974787348336838	0.0399039050750435	0.0120492431213815	0.00245849202100889	0.000454047151665899	3.57981707555899e-05	
1.48981046232617e-06	2.09832459482559e-05	5.5353802811499e-05	0.000172440315202767	0.000672345166674014	0.00200413080376387	0.00845140098733307	0.0282755114461613	0.0714592834066233	0.137753289024132	0.200978851636889	0.220162259663934	0.171722898023796	0.100623057620266	0.04182284059475	0.0127469651983843	0.00254321137542051	0.000468283099827226	6.54047776207135e-05	
2.71358158944697e-05	5.45240579833066e-05	0.000178044609093637	0.000596651381419177	0.00190224172971852	0.00777430607618458	0.025951221835337	0.0686567695404379	0.135105167483939	0.198614314820228	0.221635373391351	0.174073061564561	0.105505861252091	0.0438331986218876	0.0129911351286221	0.00261885866001069	0.000395194242797986	8.40158516918697e-05	2.9239367514196e-06	
8.76228306999921e-06	4.92719685675318e-05	0.000125359909718853	0.000498413053177322	0.00169804156623905	0.00741712446420967	0.0241730224966327	0.0638167658455518	0.129883893399842	0.197999426853562	0.223228706593893	0.181722025670526	0.106045361535186	0.0454387025386916	0.0144539150473375	0.00286384851324798	0.000533060051693237	4.40018997645613e-05	2.96309089323645e-07	
3.21410837948081e-05	0.000120000427983905	0.000337608252544675	0.00153900813207482	0.00671829004020976	0.0232605234877525	0.0618280901146333	0.125428887873249	0.195144738278326	0.224509995433006	0.187814287464525	0.108794544846095	0.0460938665973321	0.0145739515377584	0.00316803244422496	0.000604252375342392	3.1781611147103e-05	
7.748414049138e-06	0	1.47388310717299e-06	6.20083678660636e-05	0.000243506544777937	0.00137024806926577	0.0059594779000703	0.02159826199704	0.0590486421430766	0.122918334874243	0.192700972910239	0.225124274665276	0.189866990471767	0.113561682744977	0.0478299913735727	0.0155843135884232	0.00354879468997816	0.000490381965229413	8.28953970420008e-05	
1.75058496429323e-06	7.38198478918834e-07	0	2.92959339205217e-05	0.000152469622974407	0.00124089055167745	0.00572331608121305	0.0199945065378337	0.0577126312698809	0.120113771993226	0.190246719219227	0.223407058902734	0.193137314640207	0.115994961943021	0.0508159592521189	0.0164480955881821	0.00414956128969855	0.000783544956909562	4.74134337317011e-05	
4.04993889418622e-06	3.29450987765407e-06	0	3.03220813580263e-05	0.000152932407569063	0.00084643722888492	0.00475672667570943	0.0189617719343012	0.0547118416016438	0.116256496689542	0.190691100038947	0.223889288520165	0.194276743865916	0.119596877895811	0.0531981507097675	0.0176026292287238	0.0042077186379447	0.000785877002726259	2.77410322182082e-05	
4.07329786120788e-06	3.04447520554197e-06	6.42489250272995e-06	1.01622482722918e-05	0.000162008073696289	0.000899862885235295	0.00425365677166033	0.0175126192447451	0.0520457025699738	0.114249664099901	0.188505527171248	0.224930237425394	0.195682678002697	0.123000598648807	0.0547959134996146	0.0187092869679496	0.00452915028319079	0.000609965856525516	8.86887121945467e-05	7.34873325475648e-07	
5.09783428621757e-06	7.3307699653046e-06	1.07012389148699e-05	8.74636692412204e-05	0.00089884087255627	0.0039185914624884	0.0159269614322926	0.050766340365248	0.112888928154852	0.186964125718576	0.227189387640351	0.1979403738343	0.122799644643032	0.0558612465565657	0.0188511170966427	0.00495930801239043	0.000847715071677551	7.61094019673722e-05	7.16224651782634e-07	
3.03421009100852e-06	9.01892792568738e-06	7.8177992413847e-05	0.000816495472696974	0.00370380794412701	0.0160533987495079	0.0486781463738521	0.110336685368212	0.186618568507808	0.22740471350936	0.199367189328537	0.125120131178319	0.0571051103735772	0.0185993102717323	0.00508669627567452	0.000924764458978892	8.48741802009003e-05	9.87687698590358e-06	
1.49759701473147e-05	5.83373565152718e-05	0.000624395608903521	0.00371846863791651	0.0151782397357479	0.0473451197490687	0.109328655037989	0.184566717612814	0.227006507424551	0.20031226882021	0.129221568287771	0.05834938742016	0.0185922387546443	0.00474805092030365	0.000864136453186475	6.99714086380811e-05	9.60801432045293e-07	
1.13453347652195e-05	6.34344994902052e-05	0.00049219705968673	0.00328940176795097	0.0145034991662421	0.0469522952688795	0.108205799072631	0.1822591592461	0.22858178843551	0.201504325139738	0.128742324922438	0.0591398555150914	0.0201317789617412	0.00518351368827061	0.000872804056627961	6.64778648378097e-05	
2.47458764843887e-06	3.65781485176804e-05	0.00050046975575612	0.0033224562382691	0.0144830336864161	0.0450773381422127	0.107947148630389	0.182463117206868	0.225630052889632	0.201533807650094	0.131297378475912	0.060461392065765	0.0209276085377017	0.00519436742261507	0.000969123384603739	0.000153653177599284	
1.72493475615042e-05	0.000552681490611356	0.00355784836224572	0.0147480062439746	0.0453982376496531	0.107189222326696	0.180655474381021	0.227638482926699	0.200753484554129	0.131088926728655	0.0609560129655599	0.0207698464382514	0.0055408003052742	0.000941194639819989	0.000188524007001541	4.00763284662492e-06	
