# <P(U)> as a function of N_tot.
# number_of_species: 1
# species_total_upper_bound: 479
# species_total_lower_bound: 456
# volume: 729
# Bin widths for each
10	10	10	10	10	10	10	10	10	10	10	10	10	10	10	10	10	10	10	10	10	10	10	10	
# Bin lower bound for each
-2420	-2420	-2430	-2440	-2440	-2450	-2460	-2470	-2470	-2480	-2490	-2490	-2500	-2500	-2530	-2540	-2550	-2560	-2560	-2560	-2560	-2570	-2580	-2580	
# Bin upper bound for each
-2220	-2220	-2230	-2240	-2250	-2260	-2270	-2280	-2290	-2300	-2310	-2310	-2320	-2340	-2350	-2360	-2370	-2380	-2390	-2390	-2400	-2420	-2430	-2430	
# Normalized histogram for each
2.23668747952609e-06	1.29727873812513e-05	2.29194681725555e-05	4.47337495905217e-06	0.000111044954865883	0.000384762874419182	0.00133188160913192	0.00373553123051204	0.0110072653661548	0.0277218993308015	0.0637764068257702	0.119706934996889	0.182137855890857	0.206385548030666	0.179874012393933	0.119005667687131	0.0570994999898297	0.0208649259957739	0.0059225379340223	0.000744843244652534	0.000146779326597606	
1.0315953986003e-05	1.23159858812485e-05	1.84213464035769e-05	3.88164084932512e-05	0.000280214995007552	0.00101659515938596	0.00308865451906944	0.00931828018099447	0.0259088342303564	0.0587200943257148	0.113035065769733	0.176782056050683	0.209418208090371	0.185638039385575	0.126322040819914	0.0608233120770294	0.0222720657071531	0.00622665193029131	0.000934935962399821	0.000134923204301626	1.57897254887802e-07	
7.87743767905754e-06	1.77176039380823e-05	4.14029636936324e-05	1.11132875000845e-05	0.000146302849285123	0.000897258717996086	0.00253356431642739	0.00789748933860423	0.0227960049985923	0.0532375804702141	0.109656956155428	0.169649373127036	0.208875697348844	0.192244781960084	0.133232615297374	0.0666062287721952	0.0239069624215721	0.00685737580801756	0.00122752758661435	0.000152588885412855	3.5806534904807e-06	
6.55080789363334e-06	1.09533751419861e-05	2.55932373172315e-05	1.20672776987983e-05	9.95351498979997e-05	0.00064473740847865	0.00216166051894121	0.00670115821731353	0.0199944448088202	0.0498038298250751	0.102083361125644	0.167723304907513	0.20713779210669	0.197696592728555	0.139834340942181	0.0714244397593939	0.0256481368003886	0.00706360089210864	0.00169806488339177	0.000206894139183132	2.29410883724406e-05	
3.19589042580739e-06	1.946829917721e-05	2.83635275290406e-05	6.03224317871145e-05	0.000436212410702494	0.00183606568204656	0.00600340026761854	0.0185823983511762	0.0471501965432663	0.0978055391758773	0.163285285872798	0.207252135860178	0.200025055780938	0.1443831120521	0.0754598999510523	0.0280720889546272	0.00751090178147188	0.00180053803347967	0.000258387740926527	2.74313928215134e-05	
1.17722678957871e-05	1.69276177192243e-05	4.16945560462527e-05	5.57521852039759e-05	0.000297096964051693	0.00150700973446972	0.0053627064970057	0.015645822364928	0.0432175101616197	0.0928468670832827	0.158871830881566	0.206077376167169	0.202797696738513	0.150434622564084	0.0809818560386101	0.0311654981029907	0.00847077123927063	0.00184596069837664	0.00032470731697206	2.65208202257235e-05	
1.55243931059846e-05	3.46455791632706e-06	3.3614145890471e-05	5.45072814164128e-05	0.000187006786460677	0.00110413609502854	0.00436833148636252	0.0139750216481976	0.0386980275980865	0.088604455442638	0.154472762782883	0.205603475475241	0.20596466224977	0.156869840155877	0.084104841013553	0.0335608022773623	0.00978491654197344	0.00226351998766935	0.000286606214803331	4.44838657653597e-05	
8.51450124679629e-06	3.2060776299665e-05	8.98752909384053e-06	5.66056656962938e-05	0.000212389503322863	0.000859912067276754	0.0035114433845584	0.0129516864073451	0.0354448700760692	0.0825095115388311	0.14939593818346	0.206004205532912	0.209461408391009	0.162537518992068	0.0873927356798178	0.0358532507840174	0.0107716324569424	0.0025651511765464	0.000373797116464291	4.83802370226912e-05	
6.09301098951675e-06	3.01251015447352e-05	3.61919622724944e-05	0.000270027602908798	0.000804303600877969	0.0029288031665875	0.0113745009059104	0.0310304236067827	0.0785027196925984	0.143565878458552	0.20447948753855	0.213010330530156	0.167145046480129	0.093948868654688	0.0380792528138009	0.0117393232076905	0.00263126548830972	0.000386683920609374	3.06742570416444e-05	
8.14052126053676e-06	1.39328152343802e-05	5.46093301227674e-05	0.000182900814219111	0.000669688330750631	0.00244374795443312	0.0100852970079618	0.0297361761425117	0.0741681065648503	0.140349552939271	0.201639981063895	0.215870316695499	0.172306186712665	0.0979549706022817	0.0396768223496133	0.0118285165799458	0.00251333375636213	0.000459678537077361	3.80412820444314e-05	
1.84710362964188e-06	2.60155440794631e-05	6.0330046720275e-05	0.000185022549493142	0.000698075094284234	0.00210694688390756	0.00868963398679004	0.0281375799789368	0.070497519704043	0.13695638634519	0.200111929276847	0.219337780569188	0.173153816019841	0.102228938973205	0.0419343254239662	0.0126685293449354	0.00264356951163465	0.000509228259811411	5.25253834964361e-05	
3.36309849303206e-05	6.75748162320861e-05	0.000193026211181468	0.00064357712712395	0.00194405342268921	0.00789201898925334	0.0261227502272373	0.068359904201227	0.133486176166138	0.197813099581477	0.220595171972302	0.175277654413474	0.107055454756744	0.0441488017267034	0.0132203141055781	0.00264579390437095	0.000421769049769556	7.56045397658371e-05	3.62380380256943e-06	
1.08243888540902e-05	6.08675779041593e-05	0.000131696731058097	0.000494339903536916	0.00171864626218819	0.00753625849979252	0.0242999686014286	0.0636346995707868	0.128779401386719	0.195736037917573	0.221172671932148	0.182704754884721	0.108472874042313	0.0466640187875832	0.014955775704335	0.00301804355028136	0.000558763319325511	4.99908973164745e-05	3.6604213516247e-07	
3.99696966589278e-05	0.000149123782732092	0.000326094873860108	0.00160218003140251	0.006800212786043	0.0237174920803465	0.0619423537049937	0.123640708189396	0.194166843506279	0.222292046477394	0.188344783862551	0.110568776672212	0.0475143713410964	0.0147874992670031	0.00343849833849652	0.000629522722378113	3.95226671568214e-05	
9.65252990710489e-06	0	1.83607905841669e-06	7.72464689576737e-05	0.000275883993377525	0.00143864663137198	0.00618247163520152	0.0223348263279048	0.059879652886631	0.121902534628451	0.192263418590353	0.224605767596457	0.187533810084376	0.114160392522227	0.0489239789826653	0.0160471998220577	0.00377448017978886	0.000486639639582927	0.000101561401631278	
2.18466827181e-06	9.21245656787351e-07	0	3.6560291922218e-05	0.000159665032973488	0.00121317524477102	0.00591113327481932	0.0205804700448025	0.0582910819366942	0.119855639226303	0.189276842690039	0.224629355234905	0.190757337103106	0.115762202596239	0.0515021068361745	0.0167841219783998	0.00438639274892281	0.000807827155784588	4.29826902152498e-05	
5.06629695823993e-06	4.12128819919e-06	0	3.79316015785321e-05	0.000185589220180085	0.00083601774883951	0.0049308194525328	0.0193808696364354	0.0548304844600528	0.117235975380947	0.190664468471292	0.222759669703689	0.193109783636307	0.119305439562293	0.0535692915203708	0.0179616502320456	0.00431553999966137	0.000841924053583572	2.53577350345066e-05	
5.0885737074131e-06	3.80331539987061e-06	8.02630698179592e-06	1.26952045071543e-05	0.000184028005830981	0.000889844654762832	0.00437289466820296	0.0180803056669504	0.0531420998371866	0.114739415714229	0.188701546024103	0.223595469721518	0.195005606873792	0.122537681150601	0.0548710083286837	0.0186073140325656	0.00451563702962431	0.000649134134593089	7.84007567600915e-05	
6.39648259008276e-06	9.19824769152397e-06	1.34273270899258e-05	0.000103321696052205	0.000954635378950492	0.00399888532039757	0.0163287398746918	0.0513897111731723	0.113403028385607	0.186089326139282	0.227095775141751	0.198346334800938	0.122027390002768	0.0552846932991003	0.0189167250125438	0.00510679839579388	0.000867833524298295	5.77797972806649e-05	
3.79177218907167e-06	1.12707159551027e-05	8.3497438618661e-05	0.000866328419667279	0.00370545053392598	0.0164778390266662	0.0493766143470095	0.110321794892112	0.186163619310884	0.227667233235882	0.199217488050818	0.125285147806156	0.0568478176677442	0.0180967950006347	0.00487043985132697	0.000947210842983132	5.25618075864418e-05	5.0992798404757e-06	
1.87018569013725e-05	6.7608386455171e-05	0.000574671284868954	0.00358363573436049	0.014954729899149	0.0473972349265446	0.110494978681839	0.183969592502188	0.226514465025558	0.200753817858886	0.129621083424915	0.0583287963289272	0.0180449183129235	0.00468808863083862	0.000918216831937263	6.82604735158883e-05	1.19984019171986e-06	
1.41772113125247e-05	7.51547424505186e-05	0.000456361327651342	0.0030697801823386	0.0137656582512844	0.0479308230735252	0.110289312902489	0.183443231729468	0.228698597713402	0.200273599481673	0.128421785075443	0.058212949061228	0.0193901563896459	0.0050349796818313	0.000852029703223882	7.14034730338834e-05	
3.09320674094487e-06	4.559230776149e-05	0.000408459249808468	0.00311267574807905	0.0139676219754092	0.0455472353204076	0.109282448297569	0.18334925771616	0.225938321665532	0.200855846116552	0.131378445734834	0.0596071596246999	0.0203446445752094	0.00504639784118083	0.000926272455576223	0.000186528164479163	
2.15679518729364e-05	0.000526722963584334	0.00312686225380861	0.0140902525540007	0.0461576383779774	0.109449400151348	0.182560340090697	0.226604267525362	0.198866641582407	0.131153320525672	0.0607463043443615	0.0203132136715812	0.00515567037340117	0.00100919933847605	0.000213587298248277	5.01099720161636e-06	
