# <P(U)> as a function of N_tot.
# number_of_species: 1
# species_total_upper_bound: 479
# species_total_lower_bound: 456
# volume: 729
# Bin widths for each
10	10	10	10	10	10	10	10	10	10	10	10	10	10	10	10	10	10	10	10	10	10	10	10	
# Bin lower bound for each
-2420	-2420	-2430	-2440	-2440	-2450	-2460	-2470	-2470	-2480	-2490	-2490	-2500	-2500	-2530	-2540	-2550	-2560	-2560	-2560	-2560	-2570	-2580	-2580	
# Bin upper bound for each
-2220	-2220	-2230	-2240	-2250	-2260	-2270	-2280	-2290	-2300	-2310	-2310	-2320	-2340	-2350	-2360	-2370	-2380	-2390	-2390	-2400	-2420	-2430	-2430	
# Normalized histogram for each
2.5313895279572e-06	1.46820592621518e-05	2.59392973982438e-05	5.0627790559144e-06	0.000121834288927917	0.000354186066541118	0.00122849822844427	0.00363474777056057	0.0109599041002435	0.0277797962713883	0.0632954593781073	0.120074556271241	0.18183739330491	0.204758202267911	0.180079209263003	0.119414131633923	0.058033445075816	0.0214439963123909	0.00598354966091888	0.000786755865289098	0.000166118715140533	
1.16859425593591e-05	1.39515844841329e-05	2.08677545702842e-05	4.22422974658467e-05	0.000272980040857275	0.000957442390762596	0.00287599393487657	0.00934541520675607	0.0259077048430213	0.0587962400002838	0.112657643588709	0.176838032567828	0.208886998336572	0.185070361745805	0.126804043467294	0.0611262142312899	0.0228778857458838	0.00635977612715164	0.000981499930674338	0.000152841396688353	1.78866467745293e-07	
8.91321793907254e-06	2.00472376542103e-05	4.68469131410513e-05	1.2574539786099e-05	0.000136339222549517	0.000891381815576878	0.00236275302472452	0.00784345172137497	0.0228022623007584	0.0533038342832913	0.109259846082231	0.168933540075974	0.208747744198088	0.192032849619698	0.133562109928548	0.0669575336783839	0.0245942392581994	0.00710698583509604	0.00120523512603755	0.000167460458249242	4.05146269957843e-06	
7.41466842353283e-06	1.23978059065549e-05	2.89682389826282e-05	1.17073711950518e-05	9.68709919139288e-05	0.000670592218272469	0.00206668122383215	0.00655498715101002	0.0202517709200067	0.0498221290088666	0.102012178908084	0.16692135702481	0.206908934003027	0.197197309369925	0.140818932416228	0.0712157588660973	0.0260663118712804	0.00737606411748965	0.00172476594713564	0.000208901528580425	2.5966348932615e-05	
3.6183652298259e-06	2.20418748583561e-05	3.21129914147048e-05	5.50293045369355e-05	0.000449340655457212	0.00186454360292928	0.00587625528628084	0.0188248164855615	0.0473458265835745	0.0977564989759423	0.162640843358919	0.207415942058876	0.199167154844442	0.144318738415954	0.0759289519513663	0.0282893442641735	0.0078052359433446	0.00188857557866404	0.000284071823584915	3.10576348893389e-05	
1.33097215468048e-05	1.91383580706877e-05	4.7139848999857e-05	5.81060981298429e-05	0.000300355048088955	0.00148483013220009	0.00529363378893041	0.0157642084582409	0.0436469033625885	0.0926501434235164	0.158381329951843	0.206245011483315	0.202801909701681	0.14955962848391	0.0812178437277652	0.0314532455320346	0.00870155343979388	0.00196461104276651	0.00036711396745013	2.99844291280161e-05	
1.75856912989175e-05	3.92457505989471e-06	3.80773656574517e-05	6.04264724870811e-05	0.000170853828752515	0.00106952160029192	0.00436787229013335	0.014119123136089	0.0384458263342582	0.0885189702274546	0.154042387208162	0.205824548726296	0.205906485465142	0.155804401575702	0.084513327227773	0.034160789540618	0.010151078164653	0.00240974900395184	0.000324661220794496	5.03903454255183e-05	
9.66500553858512e-06	3.63929220897341e-05	1.02019502907287e-05	5.88849411517501e-05	0.000196670930604604	0.000849595749211243	0.00347331662003302	0.0131158301395561	0.0351856614750672	0.0823307530751572	0.149032118304918	0.205856802442693	0.209827061430835	0.162545466542644	0.0873318863268868	0.0360851632559638	0.0109725555008469	0.00261873921673244	0.000408316653741213	5.49175160386889e-05	
6.91439325323775e-06	3.41861846683686e-05	4.10709024140818e-05	0.000266337680033514	0.000720610349220482	0.00278115888970038	0.0114658148688121	0.0314193887243102	0.0783250894278838	0.143141442697945	0.204416944085676	0.21294764353175	0.166831726785437	0.0938915846284788	0.0385097280616614	0.0120034757141433	0.00276347228721571	0.00039860141707077	3.48093703263858e-05	
9.24463591112598e-06	1.58225499248118e-05	6.20160992371368e-05	0.000194315135593475	0.000691392097276326	0.0023572340061206	0.0100941646169205	0.0298530923647871	0.0739323460358483	0.140580600469325	0.201224878701932	0.215409646558309	0.171507344700265	0.0985576560533802	0.0402219885976305	0.0120843095387368	0.00266595151111426	0.000494795432948374	4.3200894738531e-05	
2.09955218917497e-06	2.95711575940137e-05	6.85755144605178e-05	0.000210103074705468	0.000757110347879534	0.00206838418907088	0.0086125996492565	0.0282078385154569	0.0703297938136251	0.137368997923661	0.19810096983047	0.219861024430655	0.173312621694554	0.102143568857254	0.0427218062299628	0.0129331232006875	0.00267281865029253	0.000540383333873007	5.86100343513352e-05	
3.82376441722214e-05	7.68309873599983e-05	0.000219466292597773	0.000671411533445726	0.00195726347467903	0.00772545656043558	0.026339541743473	0.068784986703378	0.132973482519824	0.195984110687842	0.220849843201946	0.175833198266513	0.106923420491844	0.044857291776464	0.0134960506145471	0.00273013815231198	0.000449188573477398	8.59605954259241e-05	4.12018026351843e-06	
1.22707132752223e-05	6.90005326200907e-05	0.000139127362593946	0.000473370922025545	0.00170159818630559	0.00737336490522652	0.0242277230980172	0.0638290790414735	0.128585160083903	0.195056177044459	0.220831580903569	0.182666728316627	0.109095206804496	0.0469894219930899	0.0152755560574495	0.00306868605854316	0.000548862484131804	5.66705405367755e-05	4.1495165665003e-07	
4.53510084512798e-05	0.00015723672009095	0.000340460761472075	0.00164227339354197	0.00650166378528637	0.0233249485683761	0.0624156083372339	0.123944693967815	0.194238936084437	0.222628189995902	0.186973436004834	0.110736003903051	0.0480445898275779	0.0149013567828281	0.00346556295042204	0.000594844115456029	4.48437932251799e-05	
1.09750895886423e-05	0	2.08765291088305e-06	8.60709471544068e-05	0.000269635285247052	0.00144811535344053	0.00604327799919822	0.0221143879905321	0.0602700325357724	0.122430255840671	0.191751754925772	0.224946062504686	0.187037327651577	0.11331144757316	0.0496551823687094	0.0163260422353657	0.00371545553272459	0.000466411483904286	0.000115477029584845	
2.48097651474751e-06	1.04619491585738e-06	0	4.11304058348502e-05	0.000179377591144576	0.00128436866127314	0.00587477303922224	0.0203253253688607	0.0587433662648591	0.120087333960273	0.189053877812624	0.223738288184194	0.190799229845107	0.115761407657053	0.0517336510896314	0.0171563710774454	0.00438292898049292	0.000786379881325029	4.86630092290234e-05	
5.74920787533048e-06	4.67681676905122e-06	0	3.40782062662076e-05	0.000202354244026528	0.000925265004226115	0.00507056303690676	0.0191168609015199	0.0548719293942462	0.117570794643597	0.191759168839698	0.221635806328788	0.191765811706829	0.119406996315324	0.0539563754872603	0.0184870396470737	0.00430657373960831	0.00085192536801335	2.80311119724662e-05	
5.78098034818308e-06	4.32083582725024e-06	9.11845353888672e-06	1.44226520026836e-05	0.000206178366129272	0.000953235981226952	0.00426403918527273	0.018305444473654	0.0533274875901125	0.115118390007701	0.189453274809152	0.22296868717095	0.193002617949729	0.123114469191874	0.0550508157112266	0.0189819681687302	0.00446449616878937	0.000666183487958665	8.90688157769033e-05	
7.27374986031094e-06	1.04597725263976e-05	1.52688633431321e-05	0.000110398691061662	0.000995992764963321	0.00397654702590495	0.0165845103633202	0.0518824855377114	0.113225564814191	0.186664799937915	0.22586868861684	0.196918082127369	0.122784744914702	0.0556537745561946	0.0191128297465832	0.00525552472861549	0.000868461687867043	6.45921010322653e-05	
4.29860862932342e-06	1.27772435809544e-05	9.46583265753771e-05	0.000902055609469331	0.00369111147048138	0.0162945726805041	0.050177451011055	0.109955710990608	0.186930095285331	0.226733728914028	0.1988067062445	0.125253332570454	0.057115168174169	0.017993353165236	0.00498321393330249	0.000989183959549203	5.6800925060577e-05	5.78088746702115e-06	
2.11497668083347e-05	7.64577344033522e-05	0.000607355228150086	0.00364318744625356	0.0147656639759857	0.0479199145348837	0.110639621748957	0.185199865148851	0.227221472541157	0.19914697120443	0.128441501411622	0.0583126208681888	0.0181254976426564	0.00481716174082108	0.000983006944055445	7.71951739712858e-05	1.35688880499776e-06	
1.600522027199e-05	8.48451914053486e-05	0.000503083794133263	0.00306275077339824	0.0138421790067645	0.0479312829302661	0.109754366891461	0.184189827286441	0.229119897762859	0.198629515045623	0.12822684444027	0.058826982663455	0.0197526615177172	0.00512610989119984	0.000853037351248198	8.06102334866651e-05	
3.49574506136413e-06	5.15255196439722e-05	0.000437496900831059	0.00320230810827198	0.0142711295169433	0.0459196664859455	0.110087504080328	0.182470930089094	0.226056702042432	0.199697814871452	0.131484489584795	0.0597220430285678	0.0205028385449898	0.00492412411904287	0.000957129122599716	0.000210802240002933	
2.4424384533298e-05	0.000594550946136305	0.00337544994250178	0.0146595740984053	0.0464655049005846	0.110471023231948	0.182886866309343	0.225302691251267	0.197894758456877	0.130898115917602	0.0606104118781954	0.0202891753526311	0.00521371394968156	0.00106619019908828	0.00024187453377945	5.67464742450276e-06	
