# <P(U)> as a function of N_tot.
# number_of_species: 1
# species_total_upper_bound: 479
# species_total_lower_bound: 456
# volume: 729
# Bin widths for each
10	10	10	10	10	10	10	10	10	10	10	10	10	10	10	10	10	10	10	10	10	10	10	10	
# Bin lower bound for each
-2420	-2420	-2430	-2440	-2440	-2450	-2460	-2470	-2470	-2480	-2490	-2490	-2500	-2500	-2530	-2540	-2550	-2560	-2560	-2560	-2560	-2570	-2580	-2580	
# Bin upper bound for each
-2220	-2220	-2230	-2240	-2250	-2260	-2270	-2280	-2290	-2300	-2310	-2310	-2320	-2340	-2350	-2360	-2370	-2380	-2390	-2390	-2400	-2420	-2430	-2430	
# Normalized histogram for each
2.36905547541954e-06	1.37405217574334e-05	2.42758508128285e-05	4.73811095083909e-06	0.000117003469244838	0.000340614434883556	0.00124183100897404	0.00358463177547776	0.0109726845673985	0.0275501920635081	0.0635913297920878	0.120635510001065	0.182760310840146	0.205757289764861	0.180063099374519	0.118650408740109	0.0569377956825107	0.0209404715446058	0.00589858580766313	0.000757651812280058	0.000155465781669297	
1.09259798590153e-05	1.30442820765795e-05	1.95106783196701e-05	4.11117864593049e-05	0.000282960580430416	0.000966280279980464	0.00287038312199227	0.00933017360685186	0.025928827442516	0.0586249615326073	0.113408855824421	0.177577971708346	0.209071718438391	0.185566869797913	0.126152980051251	0.0604704487224673	0.0223280202690305	0.00623293704079702	0.000958949839411788	0.000142901782492784	1.67234385597173e-07	
8.3347467791676e-06	1.874616447301e-05	4.38065310514499e-05	1.17584474763341e-05	0.000143907681762867	0.000875429043017284	0.00238216604409569	0.0078457749681231	0.0228906383562914	0.0532793776812207	0.110142949045568	0.170141199029375	0.208990239534449	0.191835674938814	0.132992194299168	0.0660674329844264	0.0240060351424355	0.00693372355289432	0.00123023107510151	0.000156592212214664	3.788521263258e-06	
6.93593170370576e-06	1.15973270997185e-05	2.70978708262189e-05	1.27767162963001e-05	0.000104235540421683	0.000669050642803617	0.00210700688038809	0.00651839984742073	0.0201286634987524	0.0499622960506131	0.102589141183951	0.168513487185964	0.207207309157839	0.197115275802691	0.139732178685101	0.0706259248727959	0.0255708707042925	0.0071518160880705	0.00172362114941362	0.000198025062245073	2.42898013105485e-05	
3.38407604966425e-06	2.06146632692047e-05	3.00336749407702e-05	5.99263467128044e-05	0.000454650617272392	0.00182520141738641	0.00586158632625719	0.0187176066370304	0.0473006127772108	0.0983745549516985	0.163772839834275	0.207837993901669	0.199231611692163	0.14404012318488	0.0750049717717296	0.0278188253668987	0.00752962561177045	0.00182111232549307	0.000265678170532391	2.90466527596181e-05	
1.24414427209317e-05	1.78898397589921e-05	4.40646131583338e-05	5.71800843788194e-05	0.000298566540781547	0.00150729623212733	0.00523961671032359	0.0156921979207176	0.0435447125090113	0.0932141534863436	0.159047106812707	0.206745604203781	0.202515569847706	0.149854846558395	0.0805888694921586	0.0308856428362861	0.00845810279569328	0.00190494496234329	0.000343164759835361	2.80283517731148e-05	
1.6443615235539e-05	3.66969948186645e-06	3.56044888660477e-05	5.77347376498225e-05	0.000164268074516525	0.00109020888881892	0.00431259721552167	0.0139421967986438	0.0387376558732868	0.0889558125042405	0.15461875380031	0.205870449075412	0.206031719761802	0.15650836890374	0.083686852385582	0.0333613780545136	0.0098925293490519	0.00236306236253684	0.00030357658996173	4.71178208282394e-05	
9.01699729036448e-06	3.39528910316194e-05	9.51794158427362e-06	5.99463338377935e-05	0.000215350385903828	0.00087055769209843	0.00347708217426188	0.0130007011271998	0.0354553899504842	0.0826760967389111	0.149888070955086	0.206202391680607	0.209887811020658	0.162050135673804	0.0868862273965933	0.0354677465764006	0.0107278055447798	0.00263510613715482	0.000395857313142421	5.12354691714846e-05	
6.44691218223744e-06	3.18748619482297e-05	3.82941049794705e-05	0.000277798276007141	0.000829604154334872	0.00291375528401235	0.0114753930077787	0.0313396575605	0.0786159713588871	0.143979000442513	0.205017479571105	0.213190310385065	0.166313262435561	0.0933561581693736	0.0377901390632161	0.0116702391690976	0.0027130155935311	0.000409143735788605	3.2455914119161e-05	
8.61252569852069e-06	1.47406689840066e-05	5.77756932275763e-05	0.000185693783249836	0.000694743739680669	0.00247582509583436	0.0100347794214851	0.0299304038912937	0.0744467273465109	0.141005512927387	0.201462351655111	0.215488567465627	0.171708256102395	0.098003586178409	0.0396039265056745	0.0118039909505542	0.00255157115518289	0.000482687898603631	4.0246995091164e-05	
1.95267690276401e-06	2.75024915882254e-05	6.37782779930948e-05	0.000195597720175459	0.00073321642574209	0.00210146538225631	0.00869263000881565	0.0281572709079579	0.0706986199414736	0.137731102749254	0.199340149220819	0.219295792102286	0.173040836634595	0.1018969788568	0.0421507861504713	0.0126671250781965	0.00262588289186059	0.000523784952297753	5.55275305166272e-05	
3.55567472731696e-05	7.14442549860896e-05	0.000204079191326006	0.000659260683162535	0.00199972249199105	0.00788171808218261	0.0262438838949269	0.0688174382637017	0.134068396959055	0.196990278454535	0.220160626089821	0.175368192874351	0.106659795302287	0.0442781007316586	0.0133634935402762	0.0026722135927436	0.00044203376435645	7.99337729396836e-05	3.83130842710897e-06	
1.14150048253211e-05	6.41887227858634e-05	0.000138882558708073	0.000498427638230263	0.00174296646141992	0.00761088553609426	0.024567764914207	0.0637059011687228	0.129013652869648	0.195255118878314	0.220732968488824	0.182618377666979	0.108568552053235	0.0467036926410138	0.0150990459840786	0.0030582286840708	0.000556826141177195	5.27185730096953e-05	3.86014655928732e-07	
4.21526784990529e-05	0.000157268315636927	0.000343627525843266	0.00161824687398371	0.00683821826950886	0.0236725282646882	0.0622462225029689	0.124025049451054	0.194335467599247	0.221809501895942	0.187941710499675	0.11061839005443	0.0473837149726841	0.0148468666679997	0.00347670855136136	0.000602644642409815	4.16812340684714e-05	
1.01822515110752e-05	0	1.93684132004147e-06	8.14856812503163e-05	0.000291024242917089	0.00144742918762871	0.00623483055502208	0.0224510345070693	0.060431773394878	0.122140810632838	0.192125915493012	0.224066670062595	0.187502260224648	0.113877166464234	0.0489109431783605	0.0160374334982074	0.00378857229864798	0.000493396491699708	0.000107134994160008	
2.29981496187572e-06	9.69801489947592e-07	0	3.84872648439202e-05	0.000168080452514917	0.00124705388161661	0.00602352017990649	0.0207945389646843	0.059031068560532	0.120500218066792	0.1889990983617	0.224079118068067	0.190165409342125	0.11575769482065	0.0511790569428643	0.0167755153386575	0.00436510421486811	0.000827517757065281	4.52481666595548e-05	
5.32984093434928e-06	4.33567371343439e-06	0	3.99047676172783e-05	0.00019524339588523	0.000879506601436041	0.00503714153505826	0.0195776103821104	0.0554246568714684	0.118080389024261	0.191263357879322	0.222075251168064	0.192001112804509	0.118834796250399	0.0533453561289249	0.0180280350737777	0.0043351490140678	0.000846146768023119	2.66768204278829e-05	
5.35941004940216e-06	4.00574462455316e-06	8.45350244905701e-06	1.33708992985085e-05	0.000193822788178379	0.000937206113020455	0.00441714841040727	0.0185275634182583	0.0536742706381626	0.115681539876746	0.18955904597418	0.22308254259474	0.193573492733607	0.122109268204604	0.0542885584827941	0.018682074657466	0.00449809207764824	0.000661610882851197	8.25735909157889e-05	
6.73663469075687e-06	9.68739203464211e-06	1.41413653839029e-05	0.000108816136389126	0.000989283155537677	0.0040823449479318	0.0167521175372389	0.0519617233324818	0.113780479409546	0.187264386549657	0.226626960607751	0.197426516468664	0.121565662938719	0.0548055574786513	0.0186452232346753	0.00506884437012619	0.000831696010974145	5.98224295472583e-05	
3.98500308672843e-06	1.18450781405514e-05	8.77525162477508e-05	0.000906464529721129	0.00379050745331617	0.0167270092323727	0.0500791215492175	0.110062817115209	0.187351567223388	0.227401645245626	0.199258536584293	0.124338142517507	0.0561925834915173	0.0178987100709905	0.00486203355916758	0.000969262681811987	5.26570063046322e-05	5.35914208215202e-06	
1.96026228473408e-05	7.0864711883274e-05	0.000602350051007829	0.00364119402883877	0.0151015927117394	0.0480252503654098	0.110817317826428	0.184603777406285	0.227288420306917	0.200483952396192	0.128226333359744	0.057361402758223	0.017997312936982	0.00474454556335778	0.000943277117822809	7.15482064037531e-05	1.25762991768156e-06	
1.48251740003349e-05	7.85896541441109e-05	0.000477219104682312	0.00318757472949536	0.0139200267891976	0.0482904883550287	0.110688157794391	0.184214906804438	0.228914240237021	0.199737161568398	0.127612148992025	0.0575432906578436	0.0193325138547067	0.00506688195993562	0.000847307389946146	7.46669347462121e-05	
3.23855295357934e-06	4.77346376519174e-05	0.000427652278256687	0.00324298895468383	0.014254123426315	0.0459263820851306	0.110493766112141	0.183450335810727	0.226131578977448	0.200491138802039	0.130491531238456	0.0587563586537918	0.0202953309918142	0.00487815883420367	0.000914387736868171	0.000195292907520045	
2.26038106397301e-05	0.000552020247383683	0.00327703820455469	0.0143619198718464	0.0466614929657212	0.110451476873432	0.183142029298112	0.226071700803293	0.198415166978274	0.130642120931524	0.0598076797407649	0.0201630592879816	0.00516858463383749	0.00103400928743206	0.000223845401413087	5.25166378935046e-06	
