# <P(U)> as a function of N_tot.
# number_of_species: 1
# species_total_upper_bound: 479
# species_total_lower_bound: 456
# volume: 729
# Bin widths for each
10	10	10	10	10	10	10	10	10	10	10	10	10	10	10	10	10	10	10	10	10	10	10	10	
# Bin lower bound for each
-2420	-2420	-2430	-2440	-2440	-2450	-2460	-2470	-2470	-2480	-2490	-2490	-2500	-2500	-2530	-2540	-2550	-2560	-2560	-2560	-2560	-2570	-2580	-2580	
# Bin upper bound for each
-2220	-2220	-2230	-2240	-2250	-2260	-2270	-2280	-2290	-2300	-2310	-2310	-2320	-2340	-2350	-2360	-2370	-2380	-2390	-2390	-2400	-2420	-2430	-2430	
# Normalized histogram for each
2.61279360845517e-06	1.515420292904e-05	2.67734497995818e-05	5.22558721691034e-06	0.000125752219437531	0.000365575933945381	0.00124458118132637	0.00349948354291985	0.0108357776529853	0.0277680020019532	0.0629712461448615	0.120140184676556	0.181516335692829	0.204813909308212	0.180502817682735	0.11937663416792	0.0584262455548312	0.0216750902620291	0.00582065864592309	0.00070173488573439	0.000166204412246084	
1.2068039607306e-05	1.44077615719878e-05	2.15500707273321e-05	4.36235003151852e-05	0.000281905710928829	0.000981975151413876	0.00282099661565375	0.00923223501448103	0.025883636021522	0.0586241043328819	0.112628366074869	0.176602983539563	0.209199682093357	0.185497067158517	0.126635511832036	0.0612376045532467	0.0229899233100712	0.00627285615894249	0.000870099498523697	0.000149218846879113	1.84714891948561e-07	
9.20738205111083e-06	2.07088592934075e-05	4.83930080194748e-05	1.29895389879308e-05	0.000140838843966992	0.000920800207683818	0.00234152715932795	0.00768617993035003	0.0227462948347579	0.0529394086678233	0.109011001302488	0.169051657629482	0.209348183693534	0.192108244339491	0.133640345272487	0.0671673560422716	0.0244686333014702	0.00704237621635872	0.00113058591253185	0.000161082683964888	4.18517365959583e-06	
7.65797914921402e-06	1.28046372009125e-05	2.99188254210183e-05	1.20915460250748e-05	0.000100049792366452	0.000692597555523449	0.00209109336719793	0.00638185598410613	0.0201767908044723	0.0496416251781953	0.101685313484182	0.167261364038006	0.207570454958371	0.197053166217833	0.140949880851766	0.0710058988142224	0.0259804848647948	0.00747421865359705	0.00164438825148183	0.000201525767084579	2.68184290043325e-05	
3.7345126260293e-06	2.27494060802285e-05	3.314379955601e-05	5.67957128541956e-05	0.000463764226275738	0.00188300350792107	0.00580579781217935	0.0185930491321506	0.0471130863639967	0.0975799517917989	0.16286869326011	0.20839106397105	0.199024750700276	0.144170642081291	0.0756099696175613	0.0283018172107317	0.00784309893343253	0.00191362651145451	0.000289206881947419	3.20545667067515e-05	
1.37279232218017e-05	1.97396999825906e-05	4.8621019266381e-05	5.99318363678655e-05	0.000309792434420657	0.00150545426193758	0.00530353367899604	0.0157493676633469	0.0433650529962912	0.0919072684054419	0.158253019817729	0.206929477582177	0.203268150592157	0.149482147409138	0.0812332967895811	0.0314444743931468	0.00874818879730811	0.00196538617267794	0.000362441963887567	3.09265629240588e-05	
1.81162903503718e-05	4.04298813611365e-06	3.92262436717591e-05	6.22496722942078e-05	0.000176008865192795	0.00108318133292504	0.00442630044642305	0.0140073181788764	0.0381884302209721	0.0877794140734936	0.154397241854976	0.206417259152176	0.205977591907999	0.155669270855114	0.0847388709576021	0.0340978212398659	0.0101438263710043	0.00240036217766698	0.000321556438092886	5.1910733167505e-05	
9.95344124256303e-06	3.74790071479225e-05	1.05064102004832e-05	6.06422623852451e-05	0.000202540241087093	0.000853722630033415	0.00349052438537808	0.013112092091696	0.0352054138364384	0.0815934267474034	0.148544358371071	0.206376493953162	0.210673431402173	0.162686047941917	0.0871918995208708	0.0360407963293675	0.0109145320119259	0.00255422505762858	0.000385357922675033	5.65564361961683e-05	
7.12764218330754e-06	3.52405313097437e-05	4.23375827540671e-05	0.000274551882382769	0.000742039555538588	0.00279669713014818	0.0114788688964134	0.0312641329214107	0.0779015193563513	0.143007360865977	0.204505085893901	0.213503871808652	0.167252693453386	0.0935172962485476	0.0385341749946894	0.0119689019442005	0.002754573682567	0.000386330442630862	2.71951669569116e-05	
9.52638769698784e-06	1.63047789429215e-05	6.39061841339601e-05	0.000200237341400148	0.00069887656409088	0.00233423978540713	0.010131191182571	0.0298575005067	0.0739593322173211	0.14053394303843	0.20119877375849	0.215831091528006	0.171656468444726	0.0984865134746174	0.039973944108317	0.0119515250983371	0.00261413849059394	0.000452533948900823	2.99531613164906e-05	
2.16249630776599e-06	3.04576944755773e-05	7.06313934888637e-05	0.000216401919248977	0.000754833042188232	0.00205327501537657	0.00861538529013969	0.0282471359259288	0.070351091326605	0.13728775327172	0.198367644230737	0.220734648118905	0.172994740017079	0.101807463146342	0.0424557113141746	0.0128070036615631	0.00263644849150045	0.000512511624940539	5.47020192781368e-05	
3.94093365300721e-05	7.91852715394937e-05	0.000226191261758646	0.000673013708339138	0.00194049740081678	0.00774512607321705	0.02633001928308	0.0688318278355781	0.133159260155389	0.196805644150188	0.221124229226697	0.175916007400401	0.106180972561326	0.0444181715534244	0.0133205695962773	0.00268337866934528	0.000441812267362715	8.04378163439378e-05	4.24643238579846e-06	
1.26645589659112e-05	7.12152011416458e-05	0.000143592849724607	0.000480213156151871	0.00162170595280157	0.0074156193168174	0.0243141483619433	0.0638938624304635	0.129117840050291	0.195299337863819	0.22051120155768	0.183073878123504	0.109103370638719	0.0464054830810364	0.0148738209188535	0.00305647200260633	0.000564368232758687	4.0777432612463e-05	4.28270109958351e-07	
4.6799041038387e-05	0.000162257201494934	0.000351331485058575	0.00165366874616563	0.00642698619902438	0.0233012425330129	0.0625304463169124	0.124348346445173	0.194633609384045	0.222388242504502	0.186820509482686	0.110984510810548	0.0477307422100071	0.0146286412963728	0.00337042383120473	0.000582771216299071	3.94712964547448e-05	
1.13058902305587e-05	0	2.1505769460302e-06	8.86652152320449e-05	0.0002777623738437	0.00147587951300492	0.00606926608950302	0.0220140736827601	0.0604229478234702	0.122563653621318	0.19199088278265	0.224889456504658	0.186708604965283	0.113392364622333	0.0497341810088387	0.0162492985662872	0.00358147867833529	0.000429500938650031	9.85271466559834e-05	
2.55511820961943e-06	1.0774594859841e-06	0	4.23595500775463e-05	0.000184738125011159	0.00131837942705014	0.00583173407561057	0.0204131780067738	0.0589084350301165	0.120538070953478	0.18874750568129	0.223658208917547	0.190653747003893	0.115669031536316	0.0518050832691475	0.0171192304353367	0.00434770294872955	0.000711246398976475	4.77160629507244e-05	
5.91324346551363e-06	4.81025504707585e-06	0	3.50505208525782e-05	0.000208127786845772	0.000922864281993451	0.00507043775955845	0.0191889652626666	0.0549043736615925	0.117488334825125	0.191793110501485	0.222038799333378	0.191721661362824	0.119228574802315	0.0537547839824757	0.0185199108711825	0.00424138877026657	0.000850067046376557	2.28257325482262e-05	
5.95180151367811e-06	4.4485114406357e-06	9.38789310920362e-06	1.48488243949495e-05	0.000212270694191437	0.000979961051288177	0.00422906176936076	0.0182538377691691	0.0531566130972828	0.115143613442395	0.189854737080242	0.223300364136739	0.193101230050229	0.123033800127399	0.054500585101972	0.0189559049126691	0.00452324643283838	0.000635492868836745	8.46444349290614e-05	
7.47430276028472e-06	1.07481709114838e-05	1.56898586868787e-05	0.000113442619993908	0.00101875982044625	0.00396829882583645	0.0164099552523995	0.0518522032607603	0.113089907028939	0.186594732988564	0.226073660427353	0.197188259958227	0.122995983457947	0.0554313441742844	0.019033620834551	0.005273645651707	0.00085948304633555	6.27903202961109e-05	
4.4166288207266e-06	1.3128048425746e-05	8.81193598507728e-05	0.000899773899063888	0.00367149784940636	0.0162514274087456	0.0503542288611768	0.110079386618589	0.186724253414587	0.226511621673403	0.19890263526535	0.125369481460363	0.0571621423634812	0.0179096735441192	0.00498165271468852	0.00101226086620143	5.8360419451808e-05	5.93960427614956e-06	
2.172389038337e-05	7.16858084338263e-05	0.000618085584129356	0.00355217420996695	0.0148057553948116	0.0477370523340942	0.110437047710572	0.185253065749945	0.227178416887698	0.199859215859058	0.128105418010978	0.0582501124521885	0.0181918039548873	0.0048384284895279	0.000999329255947968	7.92906849836532e-05	1.3937223955858e-06	
1.64562143079576e-05	8.72359535850674e-05	0.000504857436031722	0.00304956473613451	0.0137738213461724	0.0480403441510921	0.108953171559938	0.183973779364808	0.229766498931397	0.199044518564141	0.128572222210544	0.0584428337240683	0.0197080583498921	0.00512079551982568	0.00086296027475872	8.28816633028523e-05	
3.5922279160544e-06	4.86007306289713e-05	0.000441632726150218	0.00323629548447291	0.0143057609011892	0.0456512398287878	0.109324807859577	0.182009494711184	0.227308122655203	0.200083804564206	0.131198638310163	0.0594892866179488	0.0207455690170523	0.00495458789991534	0.000981946066229695	0.000216620399374844	
2.50846373689718e-05	0.000492560136888218	0.00331967387207604	0.0147312311786361	0.0462909494688456	0.109617461983857	0.182810318143499	0.226128963395235	0.198739633660952	0.13038345608383	0.0604527143169832	0.0203412375876858	0.00531746245851196	0.00109501201448985	0.000248413013657519	5.82804748452759e-06	
