# <P(U)> as a function of N_tot.
# number_of_species: 1
# species_total_upper_bound: 479
# species_total_lower_bound: 456
# volume: 729
# Bin widths for each
10	10	10	10	10	10	10	10	10	10	10	10	10	10	10	10	10	10	10	10	10	10	10	10	
# Bin lower bound for each
-2420	-2420	-2430	-2440	-2440	-2450	-2460	-2470	-2470	-2480	-2490	-2490	-2500	-2500	-2530	-2540	-2550	-2560	-2560	-2560	-2560	-2570	-2580	-2580	
# Bin upper bound for each
-2220	-2220	-2230	-2240	-2250	-2260	-2270	-2280	-2290	-2300	-2310	-2310	-2320	-2340	-2350	-2360	-2370	-2380	-2390	-2390	-2400	-2420	-2430	-2430	
# Normalized histogram for each
2.05876529983543e-06	1.19408387390455e-05	2.10962891312548e-05	4.11753059967086e-06	0.000102211641944771	0.000358515811390165	0.00128275610640687	0.00359903661409936	0.0107089704666969	0.0279805580862222	0.0642877803172446	0.120482651123909	0.182865007825004	0.207017788361931	0.17899675737199	0.118438297181172	0.056945448193448	0.0203571681678457	0.00571682792611949	0.000685907935600465	0.000135103445205671	
9.50317751588928e-06	1.13456302995821e-05	1.69699598498023e-05	3.57581296835119e-05	0.000258985830107768	0.00095688755033078	0.00299759795066886	0.00914692957304236	0.0256446154402246	0.0591877774785408	0.113886806634411	0.177392905553131	0.209442517182266	0.186117743739109	0.125270789043253	0.0605758232230555	0.0219890436605794	0.00605674836999293	0.000876813582639498	0.000124292834499909	1.45456798712591e-07	
7.25015596379277e-06	1.63067480936484e-05	3.81060385841095e-05	1.02283345078423e-05	0.000134652728270306	0.000846950037588519	0.00246087869546796	0.00781647370185347	0.0225795976803016	0.0534694364182804	0.11054408002063	0.170533701312517	0.208597337469324	0.192708535235123	0.132097792837705	0.0665373665226758	0.0236933143992784	0.00661446131243544	0.001149796619699	0.000140438206261616	3.29552543808762e-06	
6.03544556090413e-06	1.0091655937868e-05	2.35797771913866e-05	1.11179260332445e-05	9.17045635225636e-05	0.000613342992001031	0.00206962025734016	0.00658129907663303	0.019616688608077	0.0498512897979296	0.102811909199825	0.168601784454007	0.20760618126388	0.197764177744214	0.138957532919018	0.0711623014634685	0.0254410890543676	0.00693961394993302	0.00161749941032231	0.000202004163773257	2.11362769642999e-05	
2.94645517502496e-06	1.79488227745271e-05	2.61497896783465e-05	5.77505214304893e-05	0.000415008211402266	0.00175142206362109	0.00578894958995779	0.0182851115251699	0.0468979412994923	0.0978188006184118	0.163957658948059	0.208180538147939	0.201162450227927	0.143420841824342	0.0751015330037969	0.0277545273818376	0.00740964725898027	0.00168726300218492	0.000238220900900768	2.52904069189643e-05	
1.08502615170199e-05	1.56018433100263e-05	3.8429030068181e-05	5.62597081367826e-05	0.000302950078338643	0.00141521210093663	0.00511542069782661	0.0154001949960994	0.0430528090065694	0.0927061529481765	0.158819343611103	0.207144669426944	0.204224601980934	0.150088899891005	0.080241945646362	0.0308417091596463	0.0084065278994146	0.00179470183444612	0.000299276174890442	2.44437042753631e-05	
1.43107513090802e-05	3.19371110986288e-06	3.09863116079063e-05	5.02460961635679e-05	0.000175385936827127	0.00107218489237145	0.00419768223364352	0.0136856859720896	0.0384189306421514	0.0882831711025607	0.154656411294601	0.206174092069377	0.207378828162544	0.157024974723361	0.083457888066618	0.0333169405749343	0.00953503174402566	0.00221884907818283	0.00026420036105026	4.10062754716746e-05	
7.85686232420149e-06	2.95844815911291e-05	8.29335467554602e-06	5.22335847108951e-05	0.000196833800881307	0.000838938299284182	0.00348202073455067	0.0126871836824803	0.0355022023949074	0.0822248286743271	0.148831767020946	0.206619595654825	0.209959732125614	0.163408429094097	0.0870469779258058	0.03547220567054	0.0107213191303249	0.00251603891145015	0.000349315128950995	4.46434677125153e-05	
5.6269890681851e-06	2.78209931611555e-05	3.3423832061666e-05	0.000249374631408066	0.000850882857679681	0.00294124892109126	0.0112828375867414	0.0312323009458655	0.0780966431749936	0.143379811136029	0.20528079641457	0.213388780508303	0.167075859057689	0.0940294989468112	0.0374368654241566	0.0116832232166188	0.00258240157961417	0.000394275637455751	2.83281466823224e-05	
7.50876323208937e-06	1.28515370703068e-05	5.03712866819329e-05	0.000172196156812819	0.000644429977774542	0.00239827972309029	0.00995779930664273	0.0299691587176861	0.074183355815501	0.140286367864419	0.201912881499924	0.215970297065445	0.172075414937385	0.0981713032878516	0.0395446849628593	0.0116593524413709	0.00248751848611781	0.000461139141955335	3.50890281807253e-05	
1.70330111511286e-06	2.39901565508853e-05	5.5633173041503e-05	0.000171433658712626	0.000661000783446542	0.00201517315027436	0.00855632923543875	0.02812562771744	0.0708692734866571	0.137011694457624	0.200630854752725	0.219753672431157	0.172873260026932	0.101829889974185	0.0417911885738339	0.0124987516122285	0.00260146858622145	0.000480618796340436	4.84361260762374e-05	
3.09594469404399e-05	6.22068887361396e-05	0.0001786768081175	0.000604597199475629	0.00189671011717047	0.00785820362105051	0.0261785643461265	0.0686966608028514	0.134338176182821	0.198224386919552	0.220587643422338	0.174582097265414	0.106771212639057	0.0438428967904917	0.0130691105334094	0.00259968155928862	0.000405280760064502	6.95987566878105e-05	3.33594040676057e-06	
9.96606794590698e-06	5.60410777248102e-05	0.000123540726324625	0.000461833366044023	0.001666812827639	0.00746099806992891	0.0242970569984702	0.0640096712263995	0.12944441795118	0.196580690233015	0.222041466208879	0.182537176502698	0.107183953417347	0.0459273482794342	0.0146391909074218	0.00296112581132881	0.0005523464469054	4.60268645231259e-05	3.37016790441299e-07	
3.67352547708341e-05	0.00013705633539829	0.000320055907190892	0.00153669371009784	0.00673043036849376	0.023689188229657	0.0623857430862921	0.124762544038199	0.195068383885152	0.223355569279718	0.187678749036968	0.109166664129034	0.0466139689769807	0.0145025710569791	0.003359100697762	0.000620221607357839	3.63243999477393e-05	
8.84534543261215e-06	0	1.68253853337731e-06	7.07867997256597e-05	0.000253822955892348	0.0013934063045488	0.00603757320064161	0.0219567913528672	0.0595231897315539	0.122491761690434	0.193356535058983	0.225207638474964	0.188197415226618	0.113368605109696	0.0482501575216611	0.0156834223949052	0.00364586871171053	0.000459429164671056	9.30684171605278e-05	
2.00095534769299e-06	8.43776351436804e-07	0	3.34858672041635e-05	0.000153133353837902	0.00123087683358025	0.0058112323797198	0.0202547548846575	0.0579174837837034	0.120513755651915	0.189827114082854	0.224377634179365	0.19170241907787	0.11578752322856	0.0509314977517217	0.0164844728516888	0.00418110468453541	0.00075129846331933	3.93681937684657e-05	
4.63254864200077e-06	3.76844630463275e-06	0	3.46841077082441e-05	0.000171956365136236	0.000865662522143823	0.00483414851787727	0.0191989137657551	0.0549324017542046	0.116948858487208	0.190084080037767	0.223780278745972	0.193723319040121	0.119448730552057	0.0535107853893352	0.0175457659801566	0.0041137992054675	0.000775027788090999	2.31867460527085e-05	
4.65813916656574e-06	3.48159886160841e-06	7.34737414932534e-06	1.16213368897826e-05	0.00017609686931749	0.000923680183498028	0.00437504916257703	0.0177268367306855	0.0523630547903775	0.114372755629313	0.188079284025762	0.224479472156958	0.195471606816942	0.123124750825571	0.0551230262575943	0.0186409605255841	0.00444624185654026	0.000598306761610748	7.17689586023969e-05	
5.83989136643733e-06	8.3978603120669e-06	1.22589455130172e-05	0.00010019516096466	0.00091799713830844	0.00403444792647297	0.0161853795809936	0.0511160623629933	0.112722210581318	0.185918371301596	0.22692118972487	0.19854110343589	0.122476783837652	0.0561170847059592	0.0190117904752192	0.00503828181515503	0.000819853178856784	5.27520765579835e-05	
3.46709082816749e-06	1.03056285995875e-05	8.93313885105775e-05	0.000831408380594564	0.00374773389747922	0.0164020654679523	0.0493114285882346	0.109980664154006	0.185427836377989	0.227484437185711	0.199550851534245	0.125311087713429	0.0574731516855107	0.0184480077211395	0.00496528055244673	0.000910218941764495	4.806105216977e-05	4.66263938960455e-06	
1.71668953111965e-05	6.66803395281484e-05	0.000637904591040739	0.00368384334654953	0.0150071705906231	0.0474333528210716	0.11070490241039	0.183862740113269	0.226324947923493	0.200213381875024	0.129550562061391	0.0584764310977566	0.0183199983029435	0.00474922039070896	0.000886501346990744	6.40945310293907e-05	1.10136287910048e-06	
1.30307296706885e-05	7.28579483777182e-05	0.000514499813658188	0.00328517059924022	0.0140176409923167	0.0478103891867581	0.109626815358389	0.183077709493531	0.228187860415299	0.199938046965175	0.128552428368022	0.0590328673286008	0.0197952477642252	0.00516390220608589	0.000845903608220935	6.5629222429015e-05	
2.8508053764752e-06	4.21392156068897e-05	0.000489595877974989	0.00335336163855669	0.0143373470596817	0.0456167669519309	0.10824105547835	0.183764208210367	0.225891804988622	0.200437922035983	0.131192458350093	0.0598837302620657	0.0202704000877761	0.00530410307553987	0.000998596397588171	0.000173659564487973	
1.9892647363064e-05	0.000538459419999968	0.00337160122803625	0.0144209543382028	0.0462813280607733	0.108236466067146	0.182528142497489	0.22795203789809	0.198562021272125	0.130644806703979	0.0607199118110104	0.0201797923674556	0.00530385625758839	0.00102534089803463	0.000210766767929374	4.62176477656817e-06	
