# <P(U)> as a function of N_tot.
# number_of_species: 1
# species_total_upper_bound: 511
# species_total_lower_bound: 490
# volume: 729
# Bin widths for each
10	10	10	10	10	10	10	10	10	10	10	10	10	10	10	10	10	10	10	10	10	10	
# Bin lower bound for each
-2700	-2700	-2720	-2720	-2730	-2740	-2770	-2780	-2790	-2800	-2800	-2810	-2820	-2830	-2840	-2850	-2860	-2860	-2870	-2880	-2900	-2910	
# Bin upper bound for each
-2540	-2550	-2560	-2570	-2580	-2590	-2590	-2610	-2620	-2630	-2640	-2650	-2660	-2670	-2680	-2690	-2710	-2710	-2720	-2730	-2750	-2760	
# Normalized histogram for each
2.26535960295784e-06	3.21310186162892e-05	0.000386273883449484	0.00291644500264954	0.0131689764154564	0.0422211558214522	0.102095256657249	0.181066118424249	0.227564428543669	0.207555419328813	0.134145684604477	0.0621739871252697	0.0207267573315369	0.00495653163340882	0.000849439685103789	0.000127175884789945	1.19532802058727e-05	
2.91891285636771e-05	0.000407761003503602	0.00282141535519209	0.0128344538172699	0.0421553292612612	0.102901468018272	0.180637693679275	0.226833522801306	0.206720234212044	0.134882281712476	0.0629994783583078	0.0210382021913701	0.0049077165860269	0.000721902361222641	9.47769902229796e-05	1.45745236855023e-05	
1.99757729830107e-06	3.7254816613315e-05	0.000351523665068532	0.00287949269367126	0.0126531190441609	0.0424898924086889	0.102538699015061	0.180940291995063	0.228404606325356	0.206575126555012	0.134410963695011	0.0622291522395808	0.0206696913848946	0.00486986872581196	0.000813238687854596	0.000122865985675253	1.22151851791111e-05	
3.26522725310745e-05	0.000400405325530981	0.00290065493898423	0.0130009769341265	0.0428657244622327	0.10365302890084	0.180171741013704	0.229323688935467	0.207748697375607	0.132396531185579	0.0614610843307807	0.0202511084005252	0.00470034681484536	0.000936822027372147	0.000130614060028793	2.59230218450661e-05	
5.52841033410819e-05	0.000516738037193353	0.00314747631504039	0.0130937553730582	0.0443925516399402	0.104058895292808	0.181554760231712	0.228262066127559	0.205061795298236	0.132609602477487	0.0614126400925281	0.020249648041515	0.0046675493930811	0.000788818086874398	0.000109841499788563	1.85779898377703e-05	
4.68778155280817e-05	0.00047108996480221	0.00307569603956172	0.0135424136476696	0.043711758103223	0.104314796555619	0.18245161718178	0.22929520127608	0.205579522892473	0.131541011574378	0.0603731603420636	0.0199168757540013	0.00471453878885769	0.000852161397414408	9.69882460648912e-05	1.62904204833768e-05	
2.18879501211139e-06	6.44424245753331e-06	5.42068764718211e-05	0.000510116266103907	0.00326642967065245	0.0137429064537007	0.0442443365747417	0.105630133344177	0.185100814701261	0.229407610105098	0.204191768167679	0.130978568379439	0.0583668963632775	0.0188972499935497	0.00462105926939811	0.000831199791552452	0.000113446027190238	3.05649589191269e-05	4.06001931934055e-06	
2.4035723298936e-06	3.42460203913703e-06	4.02451805968771e-05	0.000498482337043402	0.00308018771137788	0.0135743457189106	0.0464171439740363	0.109677501806258	0.187084475410837	0.228435949025644	0.202715062602043	0.126717578985942	0.0575644385650503	0.0187851977092373	0.00453235087933155	0.000774888269671553	8.3792830492551e-05	1.25308191588965e-05	
1.82495574858464e-06	0	4.18041060174455e-05	0.000422215161088771	0.00285925912630642	0.0137923506038199	0.0472288355161705	0.110326811570839	0.189451612106452	0.228697722304279	0.20102717537237	0.126185463467388	0.0561630568451438	0.0186966473762211	0.00426518853275659	0.000765559229319828	6.59265264176202e-05	8.54719966291902e-06	
3.29323945063167e-07	8.23309862657919e-08	4.31026928097381e-05	0.000531441673346494	0.00296055930712838	0.013921075259728	0.0483508185702615	0.11378193153424	0.190937964914302	0.229404159174486	0.199302860920895	0.123785209324523	0.0546197323285001	0.0175295213127778	0.00402167980211544	0.000718778568095516	8.59632356598709e-05	4.78972620099224e-06	
6.17198549052734e-06	5.20436813909186e-05	0.000605873628635536	0.0032783096981379	0.014264467905488	0.0480674037728578	0.11545131956521	0.192433917767484	0.231711606652327	0.197144546294703	0.121721335797244	0.0535159258519967	0.0172035106753382	0.00389484490295567	0.0005747685522265	7.37994495607993e-05	1.53818953034949e-07	
4.75499065479133e-06	7.32402639124203e-05	0.000581861454627396	0.00346786783700283	0.0159330399247116	0.0509101190980067	0.117935327702511	0.19497250672065	0.231105422126857	0.195687958033573	0.117469396080465	0.0512873531451304	0.0161612986301825	0.00362218236755802	0.000675625273370063	0.000111581865295013	4.64485491958468e-07	
2.63276351362496e-06	6.75421762096876e-05	0.000642245091348399	0.00360579344087352	0.0167127827844913	0.0538873362135317	0.121156369225051	0.197666690955153	0.230694179793018	0.190960041161982	0.115040348881692	0.0497462157959198	0.0155954754914577	0.0036115835953651	0.000534407675401841	7.39869117576653e-05	2.36804323346158e-06	
6.63046620556533e-06	8.28233379781889e-05	0.000742013365113132	0.00391244935041241	0.0172878483287754	0.0553981823238028	0.123007235299824	0.198258715013637	0.232980995756803	0.18988429247203	0.11220706340403	0.0477209264752345	0.0147615161436737	0.00314127439007292	0.000508869118080013	9.09772783552642e-05	8.18747597204563e-06	
6.73712128311944e-07	0.000117426590534712	0.000770229752367981	0.00408775550568302	0.018441335742375	0.0574779126823403	0.125349306598754	0.197993884050855	0.230223412211263	0.189002144516488	0.111466006096225	0.0470446967669969	0.0142722951960761	0.00315646077364648	0.000507697036835359	8.1361490219119e-05	7.40127721102979e-06	
8.3109892705224e-07	0.00010222039159681	0.000847286250407298	0.00442124568183208	0.0191959635645848	0.0585168061433763	0.12683569333745	0.198959370525291	0.231245419223924	0.188102815993389	0.109232827005259	0.0453976373233116	0.0137264537613479	0.00288995546159956	0.000463590802654232	5.44751911668437e-05	7.40824388424152e-06	
5.02297843453787e-06	7.34479541110984e-05	0.000666855191978069	0.00432897819022287	0.0192155612672529	0.0594617470669106	0.128314481302585	0.20435484509947	0.230034841408582	0.186105349366712	0.106567286482349	0.0443459608135912	0.0131692820316181	0.00278147192530825	0.000521693974600437	5.3174946273789e-05	
2.56234153394148e-05	0.000672776464717873	0.00493500602138363	0.0204138332919182	0.0614172087342856	0.1306450855196	0.205661250901156	0.230156079485338	0.182140507111661	0.104410724958426	0.0431957099092624	0.0130408763767725	0.00281532040945818	0.000406619424811341	6.04701179982548e-05	2.90785787005617e-06	
3.5155381964257e-05	0.000777618424952968	0.00492917431340625	0.0211498646716995	0.063291346796011	0.13649812411429	0.20853019135227	0.227380877723423	0.180110650652728	0.100663029831842	0.0418597830662372	0.0120040269328434	0.00246175034201977	0.00028336946672036	1.69296876280632e-05	8.1072419630844e-06	
6.64400619164668e-05	0.000821897996306033	0.0050964995847472	0.0223117281870232	0.0652070823119263	0.136842484134602	0.21256021739412	0.227713248319051	0.176210631912499	0.0985133242896794	0.0406639556279531	0.0113040016099925	0.00240255712357681	0.000273316611218132	1.03001866928127e-05	2.31464869501409e-06	
6.51521793118182e-06	0.000120882723771481	0.00100235053562067	0.00555458901046173	0.0234451885323871	0.0685905916300347	0.1419386438337	0.211676688864135	0.227183949006411	0.175725677567648	0.0946481112872464	0.037304597472979	0.0103099714959942	0.00212924588033324	0.000345505155508903	1.74917858360577e-05	
1.18823704152506e-05	0.000166382597621467	0.00123066847647325	0.00580748403061377	0.0250888065031468	0.0711820262480778	0.142818798262939	0.213980677422565	0.227615736689809	0.172406675107856	0.0914962669062749	0.0359720234882698	0.0098615929337151	0.00196636073484422	0.000359206410597663	3.54118167820835e-05	
