# <P(U)> as a function of N_tot.
# number_of_species: 1
# species_total_upper_bound: 511
# species_total_lower_bound: 490
# volume: 729
# Bin widths for each
10	10	10	10	10	10	10	10	10	10	10	10	10	10	10	10	10	10	10	10	10	10	
# Bin lower bound for each
-2700	-2700	-2720	-2720	-2730	-2740	-2770	-2780	-2790	-2800	-2800	-2810	-2820	-2830	-2840	-2850	-2860	-2860	-2870	-2880	-2900	-2910	
# Bin upper bound for each
-2540	-2550	-2560	-2570	-2580	-2590	-2590	-2610	-2620	-2630	-2630	-2640	-2660	-2670	-2680	-2690	-2700	-2710	-2720	-2730	-2750	-2760	
# Normalized histogram for each
2.21693685511017e-06	3.14442083586534e-05	0.000392814725196723	0.00297596796796985	0.0132176620043651	0.0421173418497453	0.101955817498089	0.180781405793306	0.227117936523438	0.207813174101157	0.134582594908207	0.0622221585261604	0.0207401652745063	0.00500449952348855	0.000898933561654287	0.000134168822282166	1.16977752199951e-05	
2.85943932726198e-05	0.00041714144844374	0.00285536072430806	0.0128697199589002	0.0421019458734933	0.102960419843044	0.180595954665882	0.226659377403173	0.206825975425627	0.134967941199169	0.0629725302017358	0.0210147538627413	0.00490337401864936	0.000718501616883857	9.41318003047673e-05	1.42775643717904e-05	
1.95739408797498e-06	3.65053997407334e-05	0.000352521781759074	0.00289393375679271	0.0126535789751995	0.0424467563117273	0.10263821979314	0.180812233399867	0.228503225271641	0.206679289248675	0.134464018765929	0.0620968055671028	0.0206155926110918	0.00486430536757096	0.000808692473961643	0.000120394416866121	1.1969464847967e-05	
3.20303962903009e-05	0.00039975104630434	0.002899053129808	0.0129580357638827	0.0428440969651848	0.10391753587753	0.180423063714523	0.229545069600101	0.207384091575693	0.13223540447726	0.0614188796672224	0.0201529890682939	0.0047018037871356	0.000934522157336212	0.000128243466425626	2.54293070091643e-05	
5.44666837815353e-05	0.000510794232601149	0.00312247535588597	0.0130687414392832	0.0444823467708807	0.104229622812518	0.181705705042134	0.22843066358431	0.204993307772856	0.132333723843539	0.061340810742042	0.0201583547929724	0.00466061256669775	0.000780703678042802	0.0001094520978848	1.82185845706284e-05	
4.59579738698067e-05	0.000467262609682467	0.00304940352062377	0.01347040170592	0.0437533260228895	0.104482574917284	0.182830337210523	0.22932692835428	0.205402415289121	0.131406768922414	0.0601582675264222	0.0198787420155403	0.00476611223132172	0.000847699173652485	9.78317583976013e-05	1.59707680588211e-05	
2.1462746335078e-06	6.31905411070711e-06	5.31538327204665e-05	0.000506650164880842	0.00327623073855054	0.0137124192821083	0.0442950458443304	0.105745734331865	0.185288871223005	0.229336266677536	0.204062076739551	0.130951976472691	0.0583568000677916	0.0188389495495726	0.00460316982150833	0.00081899540434693	0.000111242180781364	2.99711922036267e-05	3.98114781349326e-06	
2.35770780541884e-06	3.3592544138183e-06	4.06081624860146e-05	0.000493733725406724	0.00305212942753925	0.013545956215315	0.0464129301526475	0.109855444813253	0.187195846707934	0.22847070378891	0.20242916935395	0.126695070911848	0.0576499332763899	0.0187414912266098	0.00453917695238261	0.000777602703596958	8.21939111352517e-05	1.22917083758116e-05	
1.79175469277113e-06	0	4.14581537955023e-05	0.000434772135383936	0.00287213511946179	0.013823206373138	0.0472828671487043	0.11029398095989	0.189472540537318	0.228815527918004	0.200978417194879	0.126075270232705	0.0561799299123701	0.0186480777200284	0.00424262731662028	0.000760857193553181	6.81486272907447e-05	8.39170216481374e-06	
3.23266477689838e-07	8.08166194224594e-08	4.23098772270523e-05	0.000537863125769205	0.00297721295074156	0.0139213805372559	0.0484509419802134	0.113870241206661	0.190987237425199	0.229407063723377	0.199133966253918	0.123603119793434	0.0547345862657109	0.0175069667372533	0.00401906753090438	0.000708676181796757	9.24874900508205e-05	6.47483739137587e-06	
6.06098855573015e-06	5.11077282654909e-05	0.000598796402850496	0.00327688007121001	0.0142802413236406	0.0482808057886028	0.11566072587513	0.192565286499955	0.231595720923198	0.196914281808495	0.121640570822392	0.0534306965373959	0.0171656778302303	0.00387615323406372	0.000570195523053636	7.74805811166314e-05	9.18589075502405e-06	1.32171090000346e-07	
4.66576612838354e-06	7.18659546159378e-05	0.00058711595247335	0.00349126170134676	0.0160766607270634	0.0511750720247692	0.118126231705874	0.19510051422851	0.230935891038977	0.195511938008705	0.117226828931456	0.0511669245540073	0.0161236613902882	0.00361260451128181	0.000668144287703939	0.000112072360215714	6.6251059829011e-06	1.92175060071386e-06	
2.58358366661051e-06	6.62804928584009e-05	0.000632056976719961	0.00361459413796957	0.0167691111119938	0.0539985517478513	0.121311495649857	0.197493655566327	0.230433912782343	0.191027380182068	0.115087359205731	0.0496848597070852	0.0156262650025031	0.00362959970526175	0.000533682423505767	8.1224658710605e-05	7.38706554767612e-06	
6.50700430822455e-06	8.12811347403078e-05	0.000728196783432618	0.00391690628843243	0.0173019175854899	0.0553510422803372	0.123166350046525	0.198543826467674	0.232632249538011	0.189819504022309	0.112194718004135	0.0477110340564993	0.0147203012389435	0.003207835584137	0.000508872185185243	0.000100891477926438	8.56630191444012e-06	
6.60687073790944e-07	0.000115156351244583	0.000755563611876895	0.004093856081129	0.0185237397165638	0.0575035320401251	0.125658192511515	0.198177717278834	0.230149217581333	0.188816831045376	0.111080333714447	0.0470380707337673	0.0142793688114326	0.00317607739260268	0.000529257203345822	9.51670529694616e-05	7.2581863638452e-06	
8.15181104592978e-07	0.000100262590916059	0.000857678275855983	0.0043896659191534	0.0192752102053403	0.0587361082657204	0.127135321810848	0.199249362499095	0.230983885036114	0.187849551355943	0.108732261688445	0.0453674707817658	0.0138147898504574	0.00293864823792678	0.000486391392407144	7.48514282073679e-05	7.72548069812541e-06	
4.92210339410551e-06	7.19729198386662e-05	0.000688968387137162	0.00433663460613681	0.0193920179594197	0.0596994682283713	0.128618540466053	0.204536670942841	0.229697893762376	0.185651242029047	0.10634312258286	0.044355245200488	0.0132133492020577	0.00278131998250925	0.000526861200116683	7.1323799941341e-05	1.04466274123473e-05	
2.51112708207835e-05	0.000673923264247302	0.00490780292443323	0.0204628313174263	0.0616833461660136	0.131004464451871	0.206069417477657	0.229799810934145	0.181649448189152	0.104284710394568	0.0431692268875891	0.0130051103674867	0.00280214544280153	0.00039849217452766	6.13089998029717e-05	2.8497374575592e-06	
3.44840427046355e-05	0.00076795737101851	0.00489090982036276	0.0212149559741558	0.0635057169942735	0.136857546311295	0.208484876866283	0.227355821942013	0.179916038701059	0.100477234385048	0.0417480375582829	0.0119763447565429	0.00246071706534619	0.000284799395838065	1.66063924930706e-05	7.95242328346932e-06	
6.51910124106503e-05	0.000806446606639835	0.00508129827413868	0.0223590646773197	0.0652834002541929	0.136978349354103	0.212411107337243	0.227802195308526	0.17604233889871	0.0984941235729376	0.0406458249987443	0.0113512229811217	0.00239078503984269	0.000276274003096086	1.01065468507148e-05	2.27113412375614e-06	
6.39076120770125e-06	0.000118573565753297	0.000987047129160306	0.00552215935392056	0.0234939349205361	0.0688335442949741	0.142001454888862	0.211441223465951	0.226905240577188	0.175469035070416	0.0947276970772725	0.0376009154649018	0.0103839653910204	0.00214443536560395	0.000347148999699525	1.72336735318457e-05	
1.16605398082387e-05	0.000163276420037639	0.00121252777417675	0.00578971777929118	0.0250781507513359	0.0712447292880852	0.143031418723207	0.21392614420935	0.227258932422068	0.17229105636741	0.0915492214836268	0.0361098199452465	0.00995875521794124	0.00198435064159114	0.000355487719178643	3.4750717646335e-05	
