# <P(U)> as a function of N_tot.
# number_of_species: 1
# species_total_upper_bound: 511
# species_total_lower_bound: 490
# volume: 729
# Bin widths for each
10	10	10	10	10	10	10	10	10	10	10	10	10	10	10	10	10	10	10	10	10	10	
# Bin lower bound for each
-2700	-2700	-2720	-2720	-2730	-2740	-2770	-2780	-2790	-2800	-2800	-2810	-2820	-2830	-2840	-2850	-2860	-2860	-2870	-2880	-2900	-2910	
# Bin upper bound for each
-2540	-2550	-2560	-2570	-2580	-2590	-2590	-2610	-2620	-2630	-2630	-2640	-2660	-2670	-2680	-2690	-2700	-2710	-2720	-2730	-2750	-2760	
# Normalized histogram for each
2.02673068552896e-06	2.87463947454119e-05	0.000385751417867382	0.0029084302764132	0.013027470617102	0.0419846184503042	0.102113341586521	0.180525121526381	0.227156230817381	0.207702656332331	0.134854655676818	0.0627718489851938	0.0206116044563701	0.00491633747650444	0.000877807550541227	0.000122657561731515	1.06941431083774e-05	
2.61237782638453e-05	0.000411272389694454	0.0027755460665567	0.0128423166681355	0.0420411362607755	0.102774315657227	0.180531176675686	0.226580712112314	0.20676868260656	0.135010632054905	0.0634021497744096	0.0211253434933816	0.00488235300395246	0.000728883007954785	8.63124970478471e-05	1.30439531358609e-05	
1.78856631439601e-06	3.33567617634856e-05	0.000337489049279169	0.00283004847926881	0.0127058946119851	0.0424800060195988	0.102526760395054	0.180537159405776	0.2284700882763	0.20664094046537	0.134608837774764	0.0622698707615964	0.0208320042049909	0.00483018877441051	0.000774082558039022	0.000110546812477031	1.09370830125316e-05	
2.92312550972835e-05	0.000396281496043356	0.00283748282641517	0.0129904498508632	0.042827214602821	0.104000174017176	0.180679295393454	0.229438719592365	0.206914466971712	0.132565619429294	0.0613903474088842	0.0201842884255148	0.00471389804517294	0.000892287398745847	0.000117036250431361	2.32070360102635e-05	
4.97658442831738e-05	0.000500652809608367	0.00313770658268171	0.0131984467369059	0.0443338503326097	0.104146964549049	0.181822513099657	0.228274045173841	0.204769993496599	0.132638120804157	0.0612801058829354	0.020208082179528	0.0047701281545128	0.000752972505905868	0.000100005648988092	1.66461987375316e-05	
4.28368200492848e-05	0.0004733152087219	0.00306973031113648	0.0134434154028746	0.0437642653391942	0.104443878259463	0.183124534975523	0.229402953247924	0.205143873839059	0.131239342313254	0.0602451559476324	0.0198998482708755	0.00475241195058476	0.000850177232726917	8.9639035386383e-05	1.46218455956405e-05	
1.96658077786075e-06	5.79000010267483e-06	4.8725550522889e-05	0.000511684125828879	0.00330071268931287	0.0137500342999343	0.0442322865690623	0.105776752459529	0.185236303929247	0.229928195351039	0.204009995164362	0.130434523617031	0.058208578621303	0.0189148943687789	0.00465686767166348	0.000847310985457622	0.000104268288429746	2.74618958622697e-05	3.64783175536223e-06	
2.16095354763305e-06	3.07891958717635e-06	3.72193503305741e-05	0.000493448471983597	0.00326317162238612	0.0138245905164322	0.0463016228743574	0.109797979480323	0.186703803912475	0.228559128704935	0.202691328850626	0.126602836783864	0.0575574149984969	0.0187558952964949	0.00453218720105162	0.000785915087491299	7.69510287693719e-05	1.12659468489406e-05	
1.6433085435432e-06	0	4.88185011472807e-05	0.000472027267628447	0.00303901943919063	0.0139739790920543	0.0474253251424717	0.110476775074464	0.188806995452585	0.228642914241273	0.201101294688066	0.125863243417215	0.0563906789843656	0.0186022483424076	0.00432441450784983	0.000759125507589492	6.38005801027756e-05	7.69645304569035e-06	
2.961266873168e-07	7.40316718292e-08	4.44625511397725e-05	0.000572560949927033	0.00310993988941793	0.0141687082859835	0.0485285665228223	0.113722263337381	0.190398564224531	0.228888706045175	0.199413692675056	0.123863923028522	0.0550515189017142	0.0174173922380179	0.00400920260712723	0.000717641252691138	8.65560887810105e-05	5.93124335478649e-06	
5.56008823513606e-06	4.91617458983643e-05	0.000588039954880663	0.00329562105334685	0.0144917680750187	0.0485831243172464	0.115467521556503	0.192017837733043	0.231084589567212	0.197449749479269	0.122013139761604	0.0534474870256705	0.0170122201602503	0.00385565271328603	0.000557567726757102	7.24110556603935e-05	8.42673808845388e-06	1.21248030049696e-07	
4.2782046240714e-06	6.73569497409187e-05	0.000560823941711982	0.00346878381930449	0.0160799142773598	0.0511580686314497	0.117640735160134	0.194613417251057	0.230571864983998	0.195983132068866	0.118215462189783	0.0513005031177255	0.0160521037931217	0.00353916954835127	0.000627254593372161	0.000109294556801051	6.07479206439142e-06	1.76212053499013e-06	
2.37251964023372e-06	6.23361101817899e-05	0.000604328896733172	0.00359404195518624	0.0168056582936559	0.0537225496766794	0.120756474287304	0.196409515523075	0.230381073410642	0.191982745198148	0.115959226562761	0.0499983748023598	0.0155813991233232	0.00356695099051914	0.000491579997194094	7.45890681043864e-05	6.78358449236845e-06	
5.97770862352107e-06	7.87295323623859e-05	0.000705287553656522	0.00384667277585033	0.0172550921763102	0.0550654467960134	0.122426461464023	0.198359436872551	0.232742737448991	0.190272478212267	0.112749268182045	0.0479530144500481	0.014797204377711	0.0031587266240171	0.000482911609877182	9.26847177399845e-05	7.86949791333482e-06	
6.07785187713744e-07	0.000106008944123717	0.000797293471349539	0.00413576698626296	0.0185643330211257	0.0574307043309165	0.125365195381234	0.197688697246029	0.23000259248401	0.189377329635775	0.111460096193256	0.0470023691854565	0.0143133153074592	0.00313833545629251	0.000520958116535603	8.97194389863395e-05	6.67701599835879e-06	
7.49893670249239e-07	9.26592753468887e-05	0.000835364309722704	0.00447388287564191	0.019358539575354	0.0589857138187854	0.126862628133556	0.198798350558017	0.230939896556736	0.188472107851466	0.108677310134508	0.0452438864530657	0.01377339185561	0.00293977281566145	0.000469019703137266	6.96194387885414e-05	7.10675093241951e-06	
4.53877420110792e-06	7.13414347151374e-05	0.000688511376368635	0.00440118991673847	0.0196529052095094	0.0599669048432209	0.128678300770786	0.203870088741648	0.229284291720195	0.186371856775061	0.106445679463756	0.0441323187895477	0.0130765142162461	0.00274777562384569	0.000531139931226805	6.70093599083874e-05	9.63305302455257e-06	
3.44645003088816e-05	0.000684719151824167	0.00494518190744527	0.0205339923646571	0.0618811955512861	0.131130793567048	0.205933858996519	0.229417969506991	0.181794147528921	0.104519232132484	0.0429485100322305	0.0129436299020674	0.00278785497029813	0.00038440411225765	5.74135494520582e-05	2.63222621109083e-06	
4.6099862416806e-05	0.000862666307582164	0.00501291610033081	0.0213985533574179	0.0637754427651972	0.136632144955307	0.208330466237	0.22724797914211	0.179969784743499	0.100288461880789	0.0418384541567117	0.0117962766996959	0.00247774573970811	0.000300306307297696	1.53506622681339e-05	7.3510826682388e-06	
9.04091773642186e-05	0.000868408313981066	0.00515321814554525	0.0225198843115909	0.0657503672632287	0.136825083704369	0.211998193530868	0.22778807413556	0.176348698540386	0.0981460065703925	0.0405301516836999	0.0112391308133764	0.0024057448244529	0.000323888953563368	1.0640747316522e-05	2.09928430412272e-06	
5.89874433012805e-06	0.000131574891188232	0.00101643039754261	0.00552173781797132	0.0235631591865976	0.0683933529545598	0.141408282185263	0.211409110947877	0.22709617021985	0.175915918973778	0.0949190545138224	0.0375892022261431	0.0104330630470205	0.00221352464187725	0.000362906539650138	2.0612712529072e-05	
1.07577715712892e-05	0.000160070670393258	0.00119057110080176	0.00596259252992769	0.0250812961779786	0.0706437739867462	0.142803874516169	0.213799313132262	0.227919793676593	0.171958123368172	0.09165285420278	0.0361879674893042	0.0101634490722212	0.0020701920097131	0.000362662054245477	3.27082411222777e-05	
