# <P(U)> as a function of N_tot.
# number_of_species: 1
# species_total_upper_bound: 511
# species_total_lower_bound: 490
# volume: 729
# Bin widths for each
10	10	10	10	10	10	10	10	10	10	10	10	10	10	10	10	10	10	10	10	10	10	
# Bin lower bound for each
-2690	-2700	-2710	-2720	-2730	-2740	-2750	-2760	-2770	-2780	-2790	-2800	-2810	-2820	-2840	-2840	-2850	-2860	-2870	-2880	-2900	-2910	
# Bin upper bound for each
-2550	-2560	-2570	-2580	-2590	-2610	-2600	-2610	-2620	-2650	-2650	-2660	-2670	-2680	-2690	-2700	-2710	-2710	-2730	-2750	-2750	-2760	
# Normalized histogram for each
2.19714339181221e-05	0.000687298630802583	0.00383982231394695	0.0144959174863553	0.0401496531178169	0.0988892510013594	0.183306114564587	0.227988670583448	0.201665736358279	0.136973639608754	0.065429673261147	0.0205153864895893	0.0050068222056484	0.000978508116509134	5.15348278399888e-05	
2.53690581349585e-05	0.000578404458390491	0.00323168579253718	0.0140559682697512	0.0389647592071183	0.101972590242748	0.177805587545121	0.223529036321595	0.209206994954024	0.135026811923316	0.0665816971003922	0.0230393832983309	0.00495406363234275	0.000942631650185252	8.50165460117953e-05	
1.13872567844804e-05	0.000488408891428673	0.00390224880420129	0.0142768850770696	0.0412982487144956	0.100901885655134	0.17865347826742	0.226917645121264	0.205042824290302	0.129831833091259	0.068426821634137	0.0234191615905939	0.00557896020820082	0.00114921786701365	0.000100993530695544	
9.01978938911784e-05	0.000762817845569301	0.00375941365512588	0.0142124326972022	0.0429041475286161	0.100529080972267	0.181227586135388	0.225267487878728	0.20977049124298	0.130153736765775	0.063662575967364	0.0213357621640428	0.005486278495382	0.000779474934010088	5.85158236579811e-05	
0.000181887019688588	0.000680365600087436	0.00407783903099248	0.0143859664569902	0.0455121902106597	0.102167580296827	0.181210243019434	0.226437280704357	0.204911686458743	0.132371496653107	0.0599006928455093	0.0217751924289061	0.00542981323969063	0.000817558466556045	0.000140207568452397	
3.16722806540503e-05	0.000694114989296154	0.00324490397542537	0.014626049012926	0.0434964076802462	0.103449646400245	0.181521483814342	0.229398411541971	0.206173744386351	0.131874491207264	0.0600773959710088	0.0199942378423944	0.0045754741610321	0.000841966736844097	
9.70471464742286e-08	0.000446562444501163	0.00280461400953197	0.0132504291910053	0.0445525980976818	0.1050130188747	0.185621058066219	0.227591522737661	0.20573043990501	0.132742154466061	0.0574573938765192	0.0184646753239191	0.00504824698886966	0.00115044539787874	9.23403598702286e-05	3.44032134251141e-05	
8.790955354372e-06	0.000354781349050186	0.00286398520919306	0.0121567125795182	0.0457582486295318	0.107518196909247	0.184579907991602	0.228489551311112	0.205643233466607	0.129973587353636	0.0581630233067871	0.0187013578391773	0.00484425840360081	0.000762062872814472	0.000136186140769126	4.6115681998633e-05	
3.96257008614182e-05	0.000407786246762125	0.00210277802321814	0.0128693909771988	0.0469563101942493	0.109681808528613	0.19266790833655	0.229571546382803	0.208141502312048	0.122408343525567	0.0519415430809845	0.0175001240119734	0.00472611568146905	0.000897730425872618	7.6974619399503e-05	1.0511952429007e-05	
1.52985385099943e-05	0.000443034165377201	0.00221761667473557	0.0136145962444726	0.0520909960907199	0.114482464589758	0.193975636957528	0.228192376963662	0.199159155875562	0.123270923449039	0.0519360444357801	0.0158227652324167	0.00422858318508378	0.000550507597354935	
4.30004888525403e-05	0.00108010926201801	0.00382931400782627	0.0131447582728446	0.0487529626549095	0.116040248086872	0.193725542892756	0.229576598096024	0.20135521044986	0.121978254170885	0.0509247190256312	0.0159737548740452	0.00308843597305982	0.000452709888027283	3.43818563885613e-05	
5.7231031075843e-05	0.00101746129961588	0.00472272709130754	0.0174526169309089	0.0536068970394612	0.118958339217097	0.200353515985593	0.230313867391593	0.191151223663398	0.117616724345058	0.0472781533142766	0.0145618430072526	0.00251662489097045	0.000375035973624244	1.77388187673902e-05	
8.81656353944883e-05	0.000928699783935914	0.00466737031329246	0.0188888929296196	0.0534334570449658	0.119857428101647	0.203106488888193	0.23203880444228	0.187798631367216	0.109324921651009	0.0499158300256067	0.015725327166308	0.00377666893911144	0.000400545200250687	4.87685111700871e-05	
8.53962785235841e-05	0.00126197781688703	0.0039125029349014	0.0176235140177848	0.0578647470676124	0.129647610255197	0.203042232891568	0.222309291691719	0.180263442753828	0.113774719947146	0.0485056580514752	0.0167453905666944	0.00426628751735625	0.000585050285398461	0.000112177923908771	
9.44627762581603e-07	0.000134940075884782	0.00122069522619608	0.0045241529747202	0.0187075971357186	0.060224695772002	0.130509818909662	0.201121547096236	0.228586457599131	0.181629719992022	0.107850277066407	0.0465508310575283	0.0141153364993163	0.00415593707286589	0.00050476184493548	0.000162287049611519	
0.000112907834273795	0.00108751834633156	0.00491137163954424	0.0200962600054381	0.0610304257778737	0.129390471655916	0.198023993748843	0.232571598651492	0.182561863984903	0.105614102565019	0.0467136266029731	0.0145056302594902	0.00278380485103339	0.000531462752210675	6.49613246581607e-05	
0.000112914241259565	0.000930911031295721	0.00435355965419803	0.0220828729723673	0.0627767632594833	0.133074484997163	0.199524843401652	0.22784096604448	0.186339790384581	0.102444415579228	0.0442346451482869	0.012901644819975	0.00258004831550802	0.000624817081501771	0.000177323069020303	
2.29670246318857e-05	0.000469041691647254	0.00498957482081321	0.0215831824345669	0.0663781755690509	0.136960038595431	0.205134740855481	0.228906874761446	0.179394165987696	0.0991932708512946	0.0421281109658338	0.01180035798778	0.00252095808680443	0.000423468617230349	8.62278665452528e-05	8.84388374823105e-06	
6.57840753506587e-05	0.00078528643548593	0.00510405483830691	0.0223179931155649	0.0684753018732542	0.144275879817055	0.205517871757103	0.218604561002911	0.176284130368074	0.0990862548077743	0.0430978229812808	0.0135427044561387	0.0025664999157306	0.000227656756763513	4.8197799206916e-05	
6.76098850839452e-05	0.00113821500911782	0.00576447759346159	0.0234652123797677	0.0671787639944681	0.138213798710674	0.213389593057658	0.223148889762688	0.174039299845172	0.0984485087610999	0.0428507042321713	0.0104120519894079	0.00177955788322614	0.000103316896004238	
2.90792015715994e-05	9.14765553812122e-05	0.0012879627704832	0.00605593448006557	0.0247441962830846	0.0696118358963159	0.136086297235899	0.2133240477706	0.22658403651873	0.17576444388528	0.097115843400276	0.0367679798483676	0.0103723307751549	0.00180036712703932	0.000344245183619474	1.99230681321454e-05	
0.000105594380706164	0.00057035776674332	0.00210086641844727	0.00610543747024441	0.0267399037461915	0.0688069364007746	0.142336171995473	0.213380890300899	0.228619849643883	0.170342903375871	0.0936640452919739	0.0355240145101664	0.0098311243531963	0.00162329579316605	0.000246866070735079	1.74248152980469e-06	
