# <P(U)> as a function of N_tot.
# number_of_species: 1
# species_total_upper_bound: 511
# species_total_lower_bound: 490
# volume: 729
# Bin widths for each
10	10	10	10	10	10	10	10	10	10	10	10	10	10	10	10	10	10	10	10	10	10	
# Bin lower bound for each
-2700	-2700	-2720	-2720	-2730	-2740	-2770	-2780	-2790	-2800	-2800	-2810	-2820	-2830	-2840	-2850	-2860	-2860	-2870	-2880	-2900	-2910	
# Bin upper bound for each
-2540	-2550	-2560	-2570	-2580	-2590	-2590	-2610	-2620	-2630	-2640	-2650	-2660	-2670	-2680	-2690	-2710	-2710	-2720	-2730	-2750	-2760	
# Normalized histogram for each
2.30285293827273e-06	3.26628101488196e-05	0.000392666994819814	0.00293993312779997	0.0131389478185446	0.0422030917186484	0.101832105982346	0.180989440532782	0.227734751733144	0.207724987432893	0.134068027315137	0.0622179813951288	0.0207537946864155	0.00498501938120772	0.00084285436502259	0.000129280737408563	1.21511156145585e-05	
2.89735113032453e-05	0.000413381557703418	0.00284952854798194	0.0128629970058584	0.0420884332952984	0.102744127983716	0.180485454439624	0.226834856915674	0.206930874175172	0.134895171194283	0.0630030835766945	0.0211004380869226	0.00492610774751031	0.000725727411636962	9.60371113419411e-05	1.48074392798912e-05	
2.03066409391679e-06	3.62625840571191e-05	0.000345065672819046	0.00289426491977773	0.0126632568262868	0.0425061552601599	0.102378275711844	0.180903553634243	0.228503680540595	0.206725742238821	0.134470845362162	0.0621102473427555	0.0206179417447654	0.00488210738461405	0.000823251530314807	0.000124901071756587	1.24175109343012e-05	
3.319646268397e-05	0.000392521644384202	0.00290089588157863	0.0130561940372756	0.0429269825411314	0.103664589853181	0.180081664611913	0.229228133281605	0.207767090060685	0.132354018820616	0.0614446768090164	0.0203189434280384	0.00472225492323626	0.00094969168040004	0.000132790903469926	2.63550607853253e-05	
5.62305269180002e-05	0.000517931272931111	0.00315209739563711	0.0131428837952692	0.0444647153016191	0.103934433325061	0.181150868680938	0.228475396275877	0.205220631582204	0.132686092799386	0.0613830040645374	0.0201914806573273	0.00469749409559355	0.000796122288961271	0.000111721906249758	1.88960314904627e-05	
4.76904434096583e-05	0.00047925631888285	0.00309161732803535	0.0135792994236492	0.0437582963420972	0.104268883652922	0.182059710238925	0.229091202369855	0.205883909482073	0.131847548057714	0.0603892709148692	0.0197988786721585	0.00472948085536635	0.000859713545515496	9.86695392746896e-05	1.65728152523794e-05	
2.22740868146455e-06	6.55792868493692e-06	5.51631681268955e-05	0.000518315017040174	0.0032864818467684	0.0137144535654399	0.0442982663302617	0.105617107055526	0.185119955404096	0.229094829836418	0.204201370075102	0.131335667604598	0.0584011690315814	0.0187904643838843	0.00458533953414742	0.000822092791658036	0.000115303202526438	3.11041712304514e-05	4.13164422834161e-06	
2.44501246479281e-06	3.48364580857675e-06	4.09390501726894e-05	0.000507076700955415	0.00310237295019498	0.0136141375152933	0.0463347006982717	0.109856452523066	0.186983143249185	0.228180798215864	0.20283135623927	0.126863109437247	0.0575426030501193	0.0187401459040316	0.0045255192908303	0.000773732145743734	8.5237507715704e-05	1.27468637646211e-05	
1.85601698468786e-06	0	4.25156231093524e-05	0.000429401376324459	0.00289425116657455	0.0138341335769402	0.0471983638341506	0.110353794204432	0.189489802304722	0.228875469962875	0.201141037777977	0.126015117268213	0.0560083038594792	0.0186099120893113	0.00425748083318162	0.000772818816860945	6.70486135718488e-05	8.69267529264711e-06	
3.35159289356436e-07	8.37898223391089e-08	4.38664364010629e-05	0.000537664503510826	0.00299178953881407	0.0139735498104839	0.0484538700283722	0.113807205819245	0.191039621875656	0.22945770886894	0.199395921711778	0.123615021391813	0.0544290405508879	0.0174530601898816	0.00398589663511065	0.000723002661711856	8.74864321481873e-05	4.87459613490463e-06	
6.28059343586027e-06	5.29594899766816e-05	0.000613654088392407	0.00328048015038989	0.0142494876718408	0.0481895455706946	0.11556738509351	0.192371417077971	0.231818914643018	0.197165931126347	0.121658768314974	0.0533491998210911	0.0171560328328294	0.00386588624260465	0.000578802664536874	7.50980926952981e-05	1.56525693105552e-07	
4.84213099854391e-06	7.45824709191633e-05	0.000585941737207486	0.00347588935963754	0.0158802635506073	0.0508790547489317	0.118048286500767	0.19502877769151	0.23127397631999	0.195793946543371	0.117324809713395	0.051162585168781	0.0160886604816091	0.00359020851283982	0.000674075348151779	0.000113626723593223	4.72997690693615e-07	
2.68221559304711e-06	6.88108435415541e-05	0.000650508382092899	0.00360377485509772	0.016655367281837	0.0538097609218654	0.121335166125082	0.197903467511928	0.230798144834552	0.190885801013114	0.114869697696797	0.0496432846949576	0.0155365499414005	0.00361474889256982	0.000544445633870579	7.53766327172215e-05	2.41252298314292e-06	
6.76773691694131e-06	7.90954802250908e-05	0.00075376158910766	0.00392155635455166	0.0172346288569896	0.0554701761750966	0.123179814344448	0.198192491014961	0.232979470505271	0.18990668322578	0.11215265256534	0.0476126233452449	0.0147359891892249	0.00315503679895824	0.000518035053111943	9.28607832750834e-05	8.35698149642536e-06	
6.88220482648146e-07	0.000119711316010131	0.000784449325310615	0.00414104216807922	0.018402595940327	0.057325998679671	0.125205189764254	0.198003688119876	0.230295730196173	0.189364153779421	0.111519681416979	0.0468965248887567	0.0141646074231246	0.00316663422756505	0.000518630265133183	8.3113605521508e-05	7.56066331646793e-06	
8.49627483515457e-07	0.000104499297555829	0.000854603175502251	0.00447146737282755	0.0191729379388384	0.0583834904489053	0.12670239773421	0.199043226678147	0.231430674779763	0.188113228096878	0.10930339897137	0.0453393989574045	0.0137025283766424	0.00284234085360267	0.000471694623764808	5.56896635028378e-05	7.57340360306019e-06	
5.13192284462697e-06	7.50409818609022e-05	0.000674054207556422	0.0043477854837554	0.0192308924538473	0.059396436793982	0.128405607783555	0.20434260681854	0.23024454615368	0.186015302829119	0.106563126536449	0.0442913912023495	0.0131200042021392	0.00271847788453844	0.000515266477187376	5.43282685961554e-05	
2.62334844039012e-05	0.000676277204279246	0.00494661973172774	0.0203504793516361	0.061440696382461	0.13049960832979	0.20574693785463	0.230116719320739	0.182301282525038	0.104343450337013	0.0431953908118722	0.0130667748203455	0.00281017431195378	0.000414468589125008	6.19098537956851e-05	2.97709119071018e-06	
3.5985330857971e-05	0.00078826741819603	0.00491925467108044	0.021115385376386	0.0633115760146607	0.136428732140541	0.20818637091756	0.227365260055408	0.180381683983477	0.100801834634758	0.0419549601919156	0.0119775434437009	0.0024186082838379	0.000288909535742703	1.73293640000087e-05	8.29863787808753e-06	
6.79958941100306e-05	0.000827207706709319	0.00506262941020713	0.0222246588486885	0.0651929264806066	0.137048310574449	0.21253642638947	0.227468083902847	0.176142687582476	0.0987656104937178	0.0406711039786323	0.0113460461868107	0.00236338290914072	0.000270019404146916	1.05413869806231e-05	2.3688510068816e-06	
6.67344510068805e-06	0.000120950610572099	0.000939735188568933	0.0054815281123514	0.0233481466944893	0.06872876914145	0.142308592049155	0.211585541291021	0.227244901780682	0.175445164435573	0.0947479014570418	0.0372943668442686	0.0102927942531327	0.00209459346950257	0.000342424639538204	1.7916587552851e-05	
1.21750845874549e-05	0.000170481320572358	0.00122572061357243	0.00581811329725872	0.0248264842003214	0.0714183731449056	0.143325105808969	0.214426625391121	0.227441836019632	0.171958006646531	0.0912509982790839	0.035895208203138	0.00989525981665669	0.00193483892719704	0.0003644890834746	3.62841629784548e-05	
