# <P(U)> as a function of N_tot.
# number_of_species: 1
# species_total_upper_bound: 511
# species_total_lower_bound: 490
# volume: 729
# Bin widths for each
10	10	10	10	10	10	10	10	10	10	10	10	10	10	10	10	10	10	10	10	10	10	
# Bin lower bound for each
-2700	-2710	-2720	-2720	-2730	-2740	-2770	-2780	-2790	-2800	-2800	-2810	-2820	-2830	-2840	-2850	-2860	-2860	-2870	-2880	-2900	-2910	
# Bin upper bound for each
-2540	-2550	-2560	-2570	-2580	-2590	-2590	-2610	-2620	-2630	-2630	-2640	-2660	-2670	-2680	-2690	-2700	-2710	-2720	-2730	-2750	-2760	
# Normalized histogram for each
1.92210048229328e-06	3.573746117963e-05	0.000417516795692481	0.00294251896422155	0.0131642450766225	0.0423326769643682	0.102491011607522	0.180827535018141	0.227288709468652	0.207563927212232	0.134063859373141	0.0622884004442229	0.0204540620493668	0.00506776675678058	0.000923756388868517	0.000126212261757665	1.01420567483838e-05	
1.7007392194988e-06	2.63104357256464e-05	0.000428416209391747	0.00279245222819117	0.0129454189245539	0.0421522007854626	0.10315641977523	0.180928711440713	0.226804906095215	0.206524581583287	0.134644564721478	0.0628828640353215	0.0209018128893651	0.00490771261765841	0.000796490191275677	9.3068701939023e-05	1.2368625973805e-05	
2.29207610606113e-06	3.5563191930272e-05	0.00034633227595188	0.00288658387566318	0.0127894796265723	0.0426858502054037	0.102884060049903	0.180682575773441	0.228705340893637	0.206623140748679	0.134250354711488	0.0617995448784201	0.0205132846422084	0.00483268782863568	0.000815233427593869	0.000136143389264637	1.15324051029545e-05	
3.39582210431169e-05	0.000413311396878541	0.00287022786219048	0.0130498848794404	0.0430751609664747	0.104739655309482	0.181012064839529	0.229455008798431	0.2067259147063	0.13185784736537	0.0609318147648205	0.0200013374366591	0.00474918905266142	0.000932536893004065	0.00012880704533596	2.32804623797205e-05	
4.82671327731282e-05	0.000501122707766188	0.00310569854601616	0.0132980144285431	0.0445142269114149	0.104692031622243	0.182305207900337	0.228312038232199	0.204851020454412	0.13202016930416	0.0607762626417743	0.0199530665665238	0.00474813136584143	0.000759634929046141	9.80774718764485e-05	1.70297850731254e-05	
4.06111433593116e-05	0.000486641863805413	0.00302391723769071	0.0134599016181715	0.0438418506718089	0.104778667059752	0.183485088445894	0.229490253546488	0.204986884192798	0.130916038936784	0.0600586879368141	0.0197361529358977	0.00475304586284271	0.000831323941695235	9.28171349150112e-05	1.81174712831412e-05	
1.86446255341618e-06	5.48934399097307e-06	5.1310175939884e-05	0.000501103443457994	0.00325585518962394	0.0136928502118543	0.044340656768837	0.106097345645817	0.18542524568279	0.229793657140843	0.204026272757779	0.130376847293787	0.0579803906066529	0.0188055561200503	0.00467252211397209	0.000839003987290508	0.000101226166711477	2.85579063427272e-05	4.24498170643861e-06	
2.04907010637235e-06	2.9195084239167e-06	4.37759672521947e-05	0.000487216395109694	0.00324597693509214	0.0137633790065646	0.0462925377010679	0.109504517980934	0.186637851410057	0.228704873369654	0.202560200648943	0.126989937045861	0.0575366308243907	0.0187171600854554	0.00463107752579699	0.000787450978236272	8.1708752879917e-05	1.073679417526e-05	
1.55966038627379e-06	0	5.35552533169704e-05	0.000476608985060793	0.00304561022716437	0.0139451682476175	0.0475242871891603	0.110550316875703	0.188712713725946	0.228320168942413	0.201263902319067	0.126215724160853	0.0562655033768224	0.0184847215751521	0.00429926192722489	0.000760662132910907	7.10682483990128e-05	9.16715280230072e-06	
2.81128939238126e-07	7.02822348095316e-08	4.31532921730524e-05	0.000605956891531356	0.00307622861211856	0.0141173403169951	0.0486595910674471	0.113798819988564	0.190514723646553	0.228682863830572	0.199408130148874	0.123789352847507	0.0550697319042397	0.0174181330720775	0.00401535637063995	0.000708655773584507	8.59799786666958e-05	5.63084728297541e-06	
5.28594013203488e-06	4.79604381138679e-05	0.000575204148853721	0.00324730452045861	0.0145780341852123	0.0488775240261211	0.115414143117405	0.192322386030561	0.23098685620522	0.197380199148206	0.121780012345387	0.0533462882778843	0.0169363456715025	0.00384748103133797	0.000576163357615998	7.06850405506533e-05	8.01124571412763e-06	1.15269722505434e-07	
4.06707548680098e-06	6.40328883793017e-05	0.000568141365711579	0.00343452851985079	0.0161440575011897	0.051236496823014	0.118039829513274	0.19483402529114	0.230640136015128	0.195907294974864	0.117840936006009	0.051098310458614	0.0159359403745927	0.00349758662075188	0.000632170158345174	0.000114910241548528	5.8610121063567e-06	1.67515999406002e-06	
2.25743904163484e-06	5.93124568672319e-05	0.000577875506041897	0.00357224664988618	0.0167309702510969	0.0537199921145632	0.121166488828343	0.196753855483028	0.23050945702706	0.191970915799191	0.115623072819751	0.0497852263416509	0.0154495743914398	0.00351187356809445	0.000484709717440606	7.57170641624759e-05	6.4545423420784e-06	
5.70045190373655e-06	7.6626594810054e-05	0.000699252687642597	0.00387743997103907	0.0172736872918833	0.055022166293723	0.122826862830969	0.198831733570565	0.232539671304447	0.190140270204468	0.112697625225099	0.0476507570692328	0.0146499101443615	0.00313284315405526	0.000479056257566253	8.88924515797993e-05	7.50449665361849e-06	
5.80259975399446e-07	0.000104578485779083	0.000811672591971515	0.00411114604102405	0.0184750167009932	0.057674294149749	0.125542772506031	0.198041466200906	0.230242573773163	0.189347138801849	0.111049442141763	0.0467320972204601	0.0141784631942126	0.0030915839957385	0.000505143058158552	8.5656249134497e-05	6.37462909144498e-06	
2.23800529316691e-06	9.66958419576221e-05	0.000830732727219402	0.00444202010815196	0.0193727549571488	0.0591035724614924	0.127200950437572	0.199167785985299	0.230928052737725	0.188347797002385	0.108267306132235	0.0451245916093711	0.0136802463002723	0.00290840534283661	0.000453474276944178	6.65796270825381e-05	6.79644701368734e-06	
4.34369142739198e-06	7.15390317723884e-05	0.000677179020840792	0.00441877464761556	0.0197691246407584	0.0599595004761452	0.129025092582239	0.204388468539438	0.229309808779741	0.185946366356644	0.106185851785979	0.04398125628738	0.0129631577406926	0.00270705113902098	0.000519137063963131	6.41292052197785e-05	9.21901112246286e-06	
3.30023082185644e-05	0.000671856865425007	0.00487395413983574	0.0206332782396925	0.0622296721632795	0.13134419098548	0.206377273633692	0.229304340178519	0.180953858866462	0.104516709516245	0.0429520833670318	0.0129303992416697	0.00274740090631021	0.000373078718545289	5.638031830289e-05	2.52055129019286e-06	
4.41346715333531e-05	0.000851738325415809	0.00502503152981018	0.0215150815218676	0.0640601590240717	0.136890504800848	0.209008053965036	0.226891029525091	0.179323620574946	0.100170820596089	0.0417227859029709	0.0117139510100896	0.00246439138906724	0.000295229784946438	1.64296648277956e-05	7.03771338933473e-06	
8.6376004197827e-05	0.000853493698987071	0.00513523562805264	0.0227308199088851	0.0663347446971299	0.137535410056437	0.212180001024294	0.227754870666287	0.175883293148839	0.0975716580608152	0.0401650258018437	0.0110998304833312	0.00234235578024589	0.000314713344629263	1.0166061252579e-05	2.00563477239536e-06	
5.62244453103148e-06	0.000126812250775741	0.00100829032581293	0.00555072805640369	0.0239041050909709	0.0692880593198414	0.142508611014164	0.211533995577874	0.226203985882606	0.175402147957742	0.0942752896823461	0.0373391014179889	0.01032174637391	0.00216112136876301	0.000350736032332442	1.96472039374334e-05	
1.02582062454854e-05	0.000152637369167561	0.00118368443130405	0.00604998449800524	0.0252923946378325	0.0716685389726902	0.144056396570946	0.213529175807043	0.226627618674814	0.171313707449382	0.0913947352600304	0.0362365507150524	0.0100565842487224	0.00204584773245102	0.000350696078117629	3.11893481968761e-05	
