# <P(U)> as a function of N_tot.
# number_of_species: 1
# species_total_upper_bound: 511
# species_total_lower_bound: 490
# volume: 729
# Bin widths for each
10	10	10	10	10	10	10	10	10	10	10	10	10	10	10	10	10	10	10	10	10	10	
# Bin lower bound for each
-2700	-2700	-2720	-2720	-2730	-2740	-2770	-2780	-2790	-2800	-2800	-2810	-2820	-2830	-2840	-2850	-2860	-2860	-2870	-2880	-2900	-2910	
# Bin upper bound for each
-2540	-2550	-2560	-2570	-2580	-2590	-2590	-2610	-2620	-2630	-2630	-2640	-2660	-2670	-2680	-2690	-2700	-2710	-2720	-2730	-2750	-2760	
# Normalized histogram for each
2.13662796070575e-06	3.03051368497446e-05	0.000385793704391679	0.00293283858862034	0.0130539932409003	0.0419695183171744	0.101765065522107	0.180583739427367	0.227548088853886	0.208131496442132	0.134787028819055	0.0622741207263056	0.020565587732889	0.00494718241499976	0.000882521888831682	0.000129308535099791	1.12740214298301e-05	
2.75603393206649e-05	0.000406304494320732	0.00278129994173207	0.0128368359176939	0.0420046535533601	0.102619821236146	0.180484317473897	0.226879149534667	0.207059570982777	0.135184112456857	0.063048273533255	0.020971062395875	0.00487692172637984	0.000715627437592211	9.072772877292e-05	1.37612473538988e-05	
1.88757946662365e-06	3.52033570525311e-05	0.000342765555344189	0.00283135032414081	0.0127145229344869	0.042475832659436	0.102562352318142	0.180614305942127	0.228821518828737	0.206730171194775	0.134384785565876	0.0620692331304475	0.0206531914004447	0.00483877221110039	0.000796464155941849	0.000116100294043354	1.15425484384036e-05	
3.08521481660469e-05	0.000400566071645657	0.00284728229860206	0.0128584240095343	0.0427398001765062	0.10386439544516	0.180695636204542	0.229799290669198	0.207300692680973	0.132080638442802	0.0614064017014683	0.0201588123953469	0.00475622726896371	0.000912960614589067	0.000123525990488259	2.44938820143228e-05	
5.25065387815819e-05	0.000503300995194028	0.00311924826152416	0.0131098148437644	0.0445083698507314	0.104102015508006	0.181927515739694	0.228585971103411	0.205015470384513	0.13199944292128	0.0613534722898903	0.0200813372319497	0.00475068974711103	0.000767768509489616	0.000105513139837274	1.75629348234254e-05	
4.43140265547834e-05	0.000462202103111938	0.00305856142826011	0.0135103424428329	0.0436015434967613	0.104724619739722	0.183122313806499	0.229437652734305	0.205139481628028	0.131112870173061	0.0601269760069387	0.0198979007791398	0.00479662875961526	0.000854861140833338	9.43322512827455e-05	1.53994830551885e-05	
2.06959215189591e-06	6.09328582221138e-06	5.1254743136797e-05	0.0005013725576728	0.00328264571080191	0.0136964407509883	0.0442012589486127	0.106038916989634	0.185483962875933	0.229659167137634	0.203887011891484	0.13055090773767	0.0581521255651494	0.0188732160040582	0.00464042289232978	0.000831232285382566	0.000109161746761831	2.89003761211178e-05	3.83890865675334e-06	
2.27375680729051e-06	3.23964130469644e-06	3.91622259857313e-05	0.000497416651793278	0.0032054101732501	0.0136240550160415	0.0464124507965035	0.109916930236058	0.187213976875524	0.228632402753686	0.202246568776198	0.126544229792148	0.0575050057310687	0.0187535995372628	0.00453757748219145	0.000774209571425495	7.96369457382727e-05	1.18540370136182e-05	
1.72888042890066e-06	0	5.13606233798413e-05	0.000469800266122518	0.00300316186481163	0.0139229085963356	0.0474217325714047	0.110399121978878	0.189255078025293	0.228876768824004	0.200920744700163	0.12601833816114	0.055982334594055	0.0185710909930737	0.00428170112858739	0.000750274331021673	6.57572314194369e-05	8.09722988110121e-06	
3.11752810463048e-07	7.7938202615762e-08	4.08946333725057e-05	0.000580061949868039	0.00309211108137743	0.0140632472181907	0.0484611262354523	0.113849962449832	0.190867820338506	0.22923274928431	0.199148217968212	0.123739921501559	0.0547008862444711	0.0174081760750532	0.0040239585702521	0.000695039137126904	8.91933959935088e-05	6.24422540956869e-06	
5.85382674570311e-06	4.98076769445534e-05	0.000600860666627681	0.00332180504826633	0.014401453258992	0.0484161712656826	0.115467402740093	0.192320862541129	0.231259414762212	0.197202302102166	0.121950456593243	0.0534342821804449	0.0170757037983179	0.00384559944751911	0.000564192186475274	7.48323303769244e-05	8.87192122051266e-06	1.27653542741189e-07	
4.50011448100902e-06	7.01890967591821e-05	0.000579114430311361	0.00348563096905007	0.0160947704713437	0.0511258821918157	0.117923800535838	0.194838995896571	0.230401751051193	0.195715562002688	0.117924348888157	0.0513617326026265	0.0161342880929694	0.00357203044798304	0.000651066411796739	0.000108093384291065	6.38989065279227e-06	1.853521473044e-06	
2.49479530740405e-06	6.40026737638044e-05	0.000620364831659582	0.00362764217693649	0.0167711907605552	0.0536712703089508	0.120773994053037	0.197081094051206	0.230380030071177	0.191442250060905	0.115745617808807	0.0500841377698943	0.0155600565757548	0.00357371446264994	0.000516573137307491	7.84332630739075e-05	7.13319901422291e-06	
6.28608420697603e-06	7.85215489669086e-05	0.000715455397664068	0.00389288020161943	0.0172346170242485	0.055067278564883	0.122759080812977	0.198525085706829	0.232624603531014	0.189997317558908	0.112467007766371	0.0480072338658281	0.014827800739724	0.00319320360202981	0.000497886029396319	9.74660989866319e-05	8.27546634762306e-06	
6.37908312216759e-07	0.000111262972498913	0.000781772471225132	0.00411337757069133	0.0185172296320626	0.0573504546114663	0.125340993662087	0.198184571757673	0.230033781995513	0.189090482996124	0.111291664800446	0.0470243658354405	0.0143515797731489	0.0031722275532054	0.000534422392119977	9.41661248970185e-05	7.00794308953021e-06	
7.86697484470592e-07	9.6759269339972e-05	0.000851224763196823	0.0043648734400874	0.019323302174808	0.0589304325042133	0.127108159365885	0.19922189198611	0.231036046768098	0.187947676081163	0.108463912757672	0.0453620213633037	0.0137995510000969	0.0029380393082531	0.000475630969361045	7.22360098240612e-05	7.45554110282762e-06	
4.75565475211666e-06	7.03331558595774e-05	0.000700863491091592	0.00434838751787539	0.0194607393425134	0.0599447709660654	0.128633869003396	0.204660793427032	0.229390310938199	0.185762692259357	0.106312522111369	0.0442862091819141	0.0130651958620696	0.00275400688616101	0.000525544970172953	6.89118738416298e-05	1.00933583306309e-05	
2.56430734386651e-05	0.000682426742714068	0.00490531978136575	0.0204566806867285	0.0618054107741528	0.131154325791055	0.206467464437649	0.229781129741035	0.181198131581111	0.104337337877044	0.0430219857120564	0.0129118284694784	0.00279835899658131	0.00039194049202016	5.92612869815846e-05	2.75455658773284e-06	
4.02305091617586e-05	0.000838024817315994	0.00500279312011124	0.0213463691717342	0.0638240045076382	0.136958289489811	0.208634455272054	0.227490607831135	0.179460224308218	0.10006433102457	0.0416590018425491	0.0119108669120621	0.00245719809155316	0.000289854535339053	1.60585112962339e-05	7.69005545203828e-06	
7.72877747395475e-05	0.000862282905852178	0.00516589821305276	0.0224963963134116	0.0657649753514621	0.137315706383982	0.212661566316989	0.227610859000051	0.175755126054709	0.0978505723670671	0.0404377038693203	0.0112626209996126	0.00242783607400207	0.000299201944717037	9.77075561338029e-06	2.19567541873714e-06	
6.17323926938405e-06	0.000124332251723676	0.00102361945601232	0.00563506590839399	0.0236700536254838	0.0689263736340905	0.141936732880357	0.211687130687108	0.226900218284823	0.175275061412256	0.0945055187152649	0.0374043819166958	0.0103716524118387	0.0021538592452795	0.00036317923933667	1.66470920669561e-05	
1.12571256177121e-05	0.00016750082787939	0.00122204364951387	0.00592278060439424	0.0253079967448517	0.0713613527617266	0.14327528921281	0.213929435348941	0.227557504813338	0.17163099482168	0.0912388034383218	0.0360431056702434	0.00995357926415913	0.00199495863747058	0.00034984861557719	3.35484634745678e-05	
