# <P(U)> as a function of N_tot.
# number_of_species: 1
# species_total_upper_bound: 511
# species_total_lower_bound: 490
# volume: 729
# Bin widths for each
10	10	10	10	10	10	10	10	10	10	10	10	10	10	10	10	10	10	10	10	10	10	
# Bin lower bound for each
-2690	-2700	-2710	-2720	-2730	-2740	-2750	-2760	-2770	-2780	-2790	-2800	-2810	-2820	-2830	-2840	-2850	-2860	-2870	-2880	-2900	-2910	
# Bin upper bound for each
-2550	-2560	-2570	-2580	-2590	-2610	-2600	-2610	-2620	-2650	-2650	-2660	-2670	-2680	-2690	-2700	-2710	-2710	-2730	-2750	-2760	-2760	
# Normalized histogram for each
2.63827663664767e-05	0.000656490163544776	0.00376313636877626	0.0153542870455848	0.0425033610859509	0.100136061420046	0.183201869276351	0.226456807155199	0.201139554389643	0.138035116609111	0.061518996527557	0.0204802110234926	0.00554092428912783	0.00112492010459167	6.18817746582119e-05	
3.01986097854281e-05	0.000540459246556669	0.00300500134515633	0.0146646006982829	0.0410255903258993	0.102210670055622	0.176619685059657	0.220991329284083	0.208493239166399	0.135885595203214	0.0668169407010751	0.0230558596387791	0.00543754729767381	0.00112208207430895	0.000101201293507119	
6.60285518069745e-06	0.000445456908440624	0.00388772575795619	0.0143452924207063	0.0426017395339882	0.102910391178491	0.17891214305746	0.224950609758937	0.204302833114191	0.130316131146617	0.066651814172781	0.023186397599532	0.00600063941577937	0.0013624873757241	0.000119735704214255	
4.51788556355188e-05	0.00072422729789532	0.00358062346024173	0.0141756341099905	0.0441253461744463	0.103269646130639	0.179085968022133	0.226161425189192	0.20869387985258	0.129942923856046	0.0630424841132879	0.0205989407549865	0.00560177979655062	0.000882580893907472	6.93614924681328e-05	
7.06652703073685e-05	0.000563571064633586	0.00409909406106699	0.0146398556643496	0.0467061285034666	0.104717796463686	0.181839646888299	0.22704090451546	0.20404096891067	0.130193840880565	0.0587358881285735	0.0209757230056973	0.00535666473481036	0.000853744920404131	0.000165506988010064	
2.0418325679195e-05	0.000708419748287858	0.00309080283951603	0.0147369972595326	0.0448527267457895	0.106184399765704	0.182748143742298	0.227495894276285	0.204606102783023	0.129869318190816	0.0603786292866889	0.0199901630049803	0.00445306149320969	0.000864922538189056	
1.15358768365188e-07	0.000420078955001832	0.00256771314565654	0.0134217043023687	0.0457932204459343	0.107103752580359	0.184345734381706	0.226061541480389	0.204128724927421	0.133814498601477	0.057495213908899	0.0189317005145636	0.0045942206295278	0.00117112221644339	0.000109763868099476	4.08946833854592e-05	
1.0485411278249e-05	0.000336060360353711	0.00273897687457187	0.0123852037842611	0.0473857409419227	0.108538534003603	0.185190815154618	0.229236278960677	0.204361720211972	0.127958277201236	0.0578822819863329	0.0185675545759799	0.00455078565019332	0.000639844398839739	0.000162436008237901	5.50044759233283e-05	
4.70414331511906e-05	0.000419692395033483	0.00193393197486722	0.0124357306483448	0.04834611407283	0.111089264512368	0.193721337361491	0.231644898598108	0.20705511082168	0.119410710011648	0.0506217002706205	0.0175465120732586	0.00463657157434565	0.000987525048988074	9.13799966714448e-05	1.24792065938977e-05	
1.8204973621621e-05	0.00044331108179546	0.00224337778390571	0.0137258652841083	0.0516972742303633	0.114342700011026	0.193533821645132	0.230066923537513	0.198360707754588	0.122774456241978	0.0518680813966627	0.0161484393600889	0.00417110757689861	0.000605729122319389	
5.14910801413719e-05	0.000933997146572966	0.00395665671745807	0.0137260349388063	0.0470934200780478	0.116778939970667	0.194372557606894	0.229413014448186	0.199752654162657	0.122636716169681	0.0514815920220786	0.0160086766908924	0.00335147006756373	0.000401608230671605	4.11706696820021e-05	
2.97478041666758e-05	0.000889296880116405	0.00519023552697899	0.0183545632375292	0.0519737275908979	0.117896766380074	0.20049661466067	0.23116413577839	0.190233062000866	0.119434184439859	0.0466355373543065	0.014797711850444	0.00254156051154346	0.000341567536731115	2.12884474262463e-05	
5.51995186601973e-06	0.000705089361824847	0.00511462968614342	0.0199559778206081	0.0512853095267948	0.120686481491432	0.202837446767668	0.234361891874507	0.189798419243498	0.108698610515463	0.0488052176838079	0.0142032304335449	0.00314462645640832	0.000338632149168476	5.89170372638432e-05	
5.99739044580085e-05	0.00115398064439892	0.00426308759562147	0.0190420593430295	0.058547283822654	0.132630566320827	0.202705765209862	0.220349582374244	0.180911512582657	0.112588539779617	0.0474110948621149	0.0159378927709099	0.00370522688087844	0.000558205392354855	0.000135228516373709	
4.69095308240483e-05	0.00122879118455198	0.00466715756979553	0.0197071141540593	0.060231951160477	0.131926467663489	0.202313877917776	0.225612069992655	0.181477016431171	0.10909492887527	0.0454880470994406	0.013360697604922	0.00404938290114663	0.000600453352787727	0.000195134561636114	
2.01899551742615e-05	0.00119968713645462	0.00501362735445883	0.019942945494101	0.0615487899208052	0.128859619991586	0.200612355571877	0.232477527281965	0.182410072641728	0.105272560645289	0.0452235959660008	0.0142280921536469	0.00247321182326082	0.000639098609644695	7.86254540071956e-05	
2.48604922332567e-05	0.000749743061481512	0.00495924731184003	0.0227576761960731	0.0626622455769929	0.133501685069978	0.200329606354589	0.227867904700474	0.185416173057759	0.101977795259312	0.0443966863601422	0.0121318640913367	0.00233856982470491	0.000673197437539837	0.000212745205544642	
2.7571453805925e-05	0.000552512433831896	0.0058519733604505	0.0225577284762146	0.0679589751934376	0.13602021935502	0.203635770153311	0.227411788546125	0.179953733042134	0.100279273368148	0.0417163137908783	0.0112251567794657	0.00224135877324473	0.000453493538827513	0.000103514829514976	1.06169055912796e-05	
7.84641079800038e-05	0.000931159724101365	0.0057540868946056	0.0228264644371108	0.0705476025788746	0.14587837718021	0.205768670756809	0.217948915785571	0.172472949629547	0.100029706511281	0.0425610768539722	0.0122433301715785	0.00266118868624981	0.000240518645661372	5.74880364466828e-05	
8.09640017172237e-05	0.00118407264148213	0.00618737875783103	0.0240394234638336	0.0683646778080518	0.138234851203022	0.214216201942442	0.220884239751389	0.172269083963242	0.100138596497313	0.0430402873041767	0.00967742419758281	0.00161280912627884	6.99893416379069e-05	
3.46899023610726e-05	0.000109126544162091	0.00143988378983846	0.00617899979504639	0.0250411538043571	0.0699801018517783	0.138035419806225	0.215547478213502	0.223564992265315	0.17399939226932	0.0974770074467489	0.0367430793518369	0.00986639482459021	0.00169221996007425	0.000290060174844187	
0.000125620074212235	0.000659246272299442	0.00210677923966584	0.00632406900833057	0.0271876769609312	0.0699669609876599	0.14145053561881	0.216960119616844	0.227578747177111	0.167795614895494	0.0931359875134475	0.0356740799612195	0.00945954398772945	0.00141421048068387	0.000158735267042936	2.07293851835372e-06	
