# <P(U)> as a function of N_tot.
# number_of_species: 1
# species_total_upper_bound: 511
# species_total_lower_bound: 490
# volume: 729
# Bin widths for each
10	10	10	10	10	10	10	10	10	10	10	10	10	10	10	10	10	10	10	10	10	10	
# Bin lower bound for each
-2700	-2700	-2720	-2720	-2730	-2740	-2770	-2780	-2790	-2800	-2800	-2810	-2820	-2830	-2840	-2850	-2860	-2860	-2870	-2880	-2900	-2910	
# Bin upper bound for each
-2540	-2550	-2560	-2570	-2580	-2590	-2590	-2610	-2620	-2630	-2630	-2640	-2660	-2670	-2680	-2690	-2700	-2710	-2720	-2730	-2750	-2760	
# Normalized histogram for each
2.16377396416765e-06	3.06901656731833e-05	0.000383394896053591	0.00294267993305207	0.0130902771783916	0.0419234556534861	0.101876174894556	0.180688280987764	0.227324240063675	0.20793627482702	0.134843564264599	0.0623102323559097	0.0206667029912614	0.00495494663573312	0.000884552711395953	0.000130951408827005	1.14172586383625e-05	
2.79121786656544e-05	0.00040802277652943	0.002801810696471	0.0128091555855453	0.0420217466534	0.102821988815744	0.180587325993785	0.226577680443623	0.20693604895867	0.13505996588553	0.0631433943431308	0.0210943535459172	0.00489514264994171	0.00070962857528311	9.18859723015081e-05	1.39369254614467e-05	
1.91175637498224e-06	3.56542563934187e-05	0.000344302543743364	0.00284605561239074	0.0126755613075632	0.0423425551888578	0.102541072639951	0.180830655372883	0.228584260143663	0.206625496642643	0.134462170669078	0.0622237461257122	0.0206835407492616	0.00487368354126066	0.000800055704757254	0.00011758735523422	1.16903902330164e-05	
3.12691432776846e-05	0.000405618376840285	0.00285184581395814	0.0128569626737191	0.0426814810507397	0.103982485205733	0.180694807883455	0.229542563988554	0.207123830457296	0.132234413163778	0.061560404781487	0.0202103705146466	0.00475709327545937	0.00091683317406139	0.0001251955576742	2.48249393206093e-05	
5.32488914135336e-05	0.000507544640391728	0.00310644600793701	0.0131030426288586	0.0444171018509533	0.104254679793159	0.181793184547605	0.228456797171935	0.2048672112465	0.132148363895464	0.0614687950500551	0.0201731730729546	0.0047488721614644	0.000776722881507903	0.000107004915126244	1.78112446757507e-05	
4.49260852069324e-05	0.000464736905034245	0.00304667483694615	0.0135093972734058	0.0436581378672326	0.10456401053224	0.182981025392105	0.229459259668435	0.205225516273992	0.131144739369937	0.060161013099134	0.0199536548306765	0.00481855851095229	0.000857102022196744	9.56351541120093e-05	1.56121783928803e-05	
2.09978779347704e-06	6.18218772231298e-06	5.20025570728298e-05	0.000502261740957588	0.00325970025913584	0.0136990858700391	0.044284051174772	0.105870006927847	0.185420247193487	0.229618089893068	0.203816994250983	0.130705439223276	0.0582477712381314	0.0188918845184394	0.00464907547257423	0.000831136317084605	0.000110754432053264	2.9322036687483e-05	3.89491887584692e-06	
2.30725605015997e-06	3.28737091699622e-06	3.97392027826333e-05	0.000498470476820537	0.00314139007637543	0.0135926409636842	0.0463126925081595	0.109773582586017	0.187270552295947	0.228714610959676	0.202280115778484	0.126479837452123	0.0576597496255774	0.0188238141388576	0.00453848519974028	0.000775885190038551	8.08102362934078e-05	1.20286824566267e-05	
1.75360984200465e-06	0	4.05755468761714e-05	0.000450206679942955	0.0029679939853048	0.0139166523700049	0.0472907159347705	0.110258988352276	0.189447153743149	0.228845520055035	0.201038081060195	0.12598233923671	0.0560636295465629	0.0185968877949245	0.00427667663231636	0.000747914597614983	6.66978041236928e-05	8.21305035045263e-06	
3.16475701272573e-07	7.91189253181431e-08	4.14210844312632e-05	0.000546595422587607	0.00307366320535796	0.0140638683429063	0.048407564780121	0.113681590362258	0.190842722527458	0.229276350803579	0.199133538862893	0.123803679380943	0.054825175401887	0.0174880376955325	0.004015871870754	0.000702641213587138	9.05446289449691e-05	6.33882213431241e-06	
5.94211194542764e-06	5.05588574795927e-05	0.000597362735224101	0.00330521646900938	0.0144445105501827	0.0484077805606566	0.115471691602835	0.192459808878356	0.231359414342485	0.196942502958607	0.12190889624308	0.0534636154026724	0.017079406811367	0.00385316341657516	0.000565032833315411	7.59609232649917e-05	9.00572417897367e-06	1.29578765165089e-07	
4.5706408562286e-06	7.12891093466954e-05	0.000587900406205235	0.00348778561361654	0.0161886621723167	0.0512952114514244	0.118083873570348	0.194985858768597	0.230543230653971	0.195486396875254	0.117478528321398	0.0512946360938141	0.0161429925866415	0.00357558518494843	0.000655318509549827	0.000109787437767135	6.49003384419167e-06	1.88257010090382e-06	
2.53454500276713e-06	6.50224314878082e-05	0.000630249134792288	0.00363976879778547	0.0168079950428933	0.0539187566380348	0.121032451864762	0.197211412964403	0.230362696309025	0.191224808400793	0.115364986828776	0.0499628554784508	0.0155839117443814	0.00358206735551955	0.000523552667189512	7.96829440815105e-05	7.24685262217145e-06	
6.38536936925764e-06	7.97617526414206e-05	0.000723479881620419	0.00393093765347494	0.0173201806166318	0.0552039127107458	0.122922138983581	0.198500145940754	0.232428819925423	0.190009897691619	0.112414441586899	0.0478438656125566	0.0147921833556231	0.00321707734926413	0.000499359875948144	9.90055211668351e-05	8.40617268120479e-06	
6.48383988669669e-07	0.000113090123640803	0.000791221601833196	0.00411479194307387	0.0185436165311044	0.0575548807957763	0.125533532076975	0.198017605961314	0.230029468500469	0.189010287779991	0.111182375613544	0.0470187375477223	0.0142575730410656	0.00319147474933624	0.000537859810175517	9.57125130508546e-05	7.12302693935686e-06	
7.99703091383745e-07	9.83588842454226e-05	0.000857860809305411	0.00438157323769154	0.0192683312354762	0.0588907285328254	0.126947658495086	0.199189724282229	0.231104684296707	0.18777470720388	0.108667020325401	0.0454967772149257	0.0138239112253827	0.0029369096031068	0.000479945946689255	7.34302085691845e-05	7.57879538903331e-06	
4.8365534929057e-06	7.15295975781917e-05	0.000691227927328131	0.00434702911902554	0.0194719689511988	0.0598639223285118	0.128682874878233	0.204512140979055	0.229465517337585	0.185647852394041	0.10633769947158	0.0444081420468779	0.013131765851928	0.0027608598338531	0.0005222835345878	7.00841380428357e-05	1.02650570812429e-05	
2.60781882033867e-05	0.00066962441980616	0.00494338924164335	0.0205138189823095	0.0618626111183897	0.131031552993886	0.206168489156682	0.22979312239319	0.181348330541146	0.104270990117284	0.0431846085579591	0.0129603827207025	0.00277221502188734	0.000391718411024816	6.02668396507591e-05	2.80129623633426e-06	
3.94673276691896e-05	0.000824773553543291	0.00497889744355134	0.0212777083529249	0.0638225979669146	0.136839086284011	0.208515969728087	0.227519506534414	0.179566068640123	0.100223576526824	0.0416846890602869	0.0119474940165159	0.00245318307565372	0.000282813658872035	1.63420127599474e-05	7.82581784846926e-06	
6.59463651104621e-05	0.000868150965417662	0.00513189228772165	0.0225034075820871	0.0654867760513376	0.137036178726462	0.212457650316106	0.2277605327531	0.175935246314821	0.0981772574667432	0.040562059034629	0.0113453925315318	0.00238297036616382	0.000274354206199416	9.94924677750721e-06	2.23578579269825e-06	
6.29277142936172e-06	0.000118561428097736	0.00100403156577665	0.00562136312901186	0.0235566412871007	0.0689388034949669	0.141793928494579	0.21150477784636	0.226997141313245	0.175486502814689	0.0946460848032405	0.0374542012563235	0.0103884158658612	0.00212445834911439	0.000341826151227209	1.6969428977171e-05	
1.14755455272669e-05	0.000160686042197399	0.00119358455650624	0.0058197916688562	0.0252613257243271	0.0713288617336326	0.14313372189985	0.213732305291096	0.227652776389887	0.172198315151316	0.091272062706774	0.0359813883694437	0.00990756182966174	0.0019620957807733	0.000349847912095503	3.41993980565084e-05	
