# <P(U)> as a function of N_tot.
# number_of_species: 1
# species_total_upper_bound: 511
# species_total_lower_bound: 490
# volume: 729
# Bin widths for each
10	10	10	10	10	10	10	10	10	10	10	10	10	10	10	10	10	10	10	10	10	10	
# Bin lower bound for each
-2700	-2700	-2720	-2720	-2730	-2740	-2770	-2780	-2790	-2800	-2800	-2810	-2820	-2830	-2840	-2850	-2860	-2860	-2870	-2880	-2900	-2910	
# Bin upper bound for each
-2540	-2550	-2560	-2570	-2580	-2590	-2590	-2610	-2620	-2630	-2630	-2640	-2660	-2670	-2680	-2690	-2700	-2710	-2720	-2730	-2750	-2760	
# Normalized histogram for each
1.98358074363336e-06	3.08727666625237e-05	0.000401762869645209	0.00293487885987149	0.0131103145522847	0.0421784484180404	0.102447359475307	0.180765170133695	0.227352578765117	0.207590756257449	0.134308862146378	0.0624171114488094	0.0205043092545618	0.00495268953669145	0.000872389343337087	0.000120046131066572	1.04664603397468e-05	
2.6928553507769e-05	0.000418582282337586	0.00279559564059468	0.012890453599499	0.0420136051972898	0.102968998140595	0.180732251201172	0.226761450726432	0.206743052035896	0.134781273548491	0.063136829669875	0.0210213270719544	0.00486586757552364	0.000744363343188259	8.66507644500071e-05	1.27706491936909e-05	
1.75128863429744e-06	3.26615330296473e-05	0.000345962691483874	0.00285963980695002	0.0127156470603672	0.0425083372612913	0.102500625199097	0.180562577918936	0.22875036173414	0.206850506118694	0.134495031092838	0.0619825530409177	0.0206550965710684	0.00482092108316449	0.000787339965985859	0.000120278503403548	1.07091299987289e-05	
2.92563262953806e-05	0.00041064618302521	0.00284315607742598	0.0130045589033869	0.0429900649659314	0.104171972150415	0.180785324929238	0.229324538538686	0.206894890036603	0.132461673255042	0.06124009776505	0.0200707190082104	0.0047199611605512	0.000910123312151092	0.000120315662616707	2.27017253729107e-05	
4.97655614491251e-05	0.000505591766003682	0.00313254888778714	0.0132473992523218	0.0444813538062534	0.104335622238703	0.182048726783329	0.228336967277761	0.204821115007888	0.132244034735617	0.0610977750024544	0.0200858839746692	0.00474651171810242	0.000752621809669799	9.78026706856632e-05	1.62795073055199e-05	
4.19179286706389e-05	0.000490758968064225	0.00305883867015302	0.0134032749001251	0.043736187657481	0.104694556778863	0.18343205570521	0.229447074730418	0.204999144046565	0.131005955348613	0.0601745159006224	0.0198218157643883	0.0047489261907787	0.000842953026185791	8.77161910503209e-05	1.43081928118375e-05	
1.92528788017441e-06	5.66842570078137e-06	4.77024452453929e-05	0.000507068397923347	0.00330506606758584	0.0137197776323441	0.0442873412399234	0.105940302134568	0.185483721317089	0.229812791452808	0.204043242928433	0.130338091639354	0.0580574857784184	0.0188241240668574	0.00464907171858081	0.000841926670993235	0.000104236289137568	2.6885270041007e-05	3.57123711701995e-06	
2.11655508341703e-06	3.01566079974662e-06	3.64546499529998e-05	0.000491049383235203	0.00325866025186429	0.0137918859099031	0.0462611443777119	0.109791605836321	0.186881188070894	0.228470549032969	0.202646249665078	0.126631701033291	0.057575994039127	0.0187319684940107	0.00454158086247718	0.000789401913113702	8.43997849218672e-05	1.10344792458632e-05	
1.610428670071e-06	0	4.78417240550347e-05	0.000469868262823055	0.00303174761389294	0.0139617184315549	0.0474941841253125	0.110615201398154	0.188843581496051	0.228583615820796	0.201003637136019	0.125876330179817	0.0563752613691467	0.0185448785010377	0.00430495851672804	0.000762717863587509	7.33815808625703e-05	9.46555149164071e-06	
2.90385766686985e-07	7.25964416717463e-08	4.45742151864522e-05	0.000579665505233206	0.00308451177678053	0.0141679471789315	0.0486530505321582	0.113827483959741	0.190495847233719	0.228764412363384	0.199375510889451	0.123730761713424	0.055049510196719	0.0174002396886822	0.00401737178188355	0.00071688132075065	8.60524056545505e-05	5.81625609158343e-06	
5.45698076550705e-06	4.95123254814308e-05	0.000581206701391679	0.00326923722675609	0.0144721594892558	0.0487476766766266	0.115488115433265	0.192408551807957	0.231052309848371	0.197162215302482	0.121860173223354	0.0534508970989504	0.0169408270378199	0.00385504666192428	0.000577109715832529	7.11149993374061e-05	8.27047084865788e-06	1.18999580556228e-07	
4.19927923621936e-06	6.61143319023701e-05	0.000552913557198361	0.00343795371668606	0.0160594393301668	0.0512548672733431	0.117740816358152	0.194602004577747	0.230635952041643	0.195945105770075	0.118036567408167	0.0513426081047561	0.0160433991829936	0.00353863915408298	0.000624449315063303	0.000107278263508976	5.96272278254713e-06	1.72961249507927e-06	
2.33064829866978e-06	6.12359732147752e-05	0.000595389033475719	0.00357548291948817	0.0167724529608066	0.053877758630103	0.12106836781666	0.1965017812672	0.230269475010094	0.191949513845938	0.115696116968651	0.0499293123318658	0.0155606479297712	0.00356897670385367	0.000491221410795868	7.32726851777406e-05	6.66386460533735e-06	
5.87984013921218e-06	7.74405535097974e-05	0.00070042321126543	0.00382221047500403	0.0172249152159128	0.0550743298674182	0.12278181065845	0.198535954642539	0.232648174340013	0.190188926783411	0.112651763761499	0.047780779031151	0.0147523277295101	0.00316728380134758	0.000488872170996593	9.11672612336375e-05	7.74065659945419e-06	
5.98444959871082e-07	0.000107855910072652	0.000807408358128478	0.00410360924277444	0.0185254918878027	0.0575435769793758	0.125648676137886	0.197763263153141	0.229954453669834	0.189423130466434	0.111285623603416	0.0468631467577186	0.0142397431627027	0.00311922245956295	0.000519284697838773	8.8340662374161e-05	6.57440597759083e-06	
2.30618168518081e-06	9.96414889797919e-05	0.000842185273378663	0.00446849245952276	0.0193849987655133	0.0591749316912595	0.127155234555262	0.199002842715067	0.231069033408202	0.188245125232015	0.108326739090653	0.045068132995026	0.013709226564466	0.00291005302353394	0.000465445224789411	6.86078433561893e-05	7.00348729072405e-06	
4.47689109730916e-06	7.37327823132729e-05	0.000692558912159638	0.00445298602795844	0.0197526594124182	0.0601006446744418	0.129071594939389	0.204001125848913	0.22923141442978	0.186090367321057	0.106193258511344	0.0440180292984489	0.012995289261427	0.00272152503468794	0.000524739208881948	6.60957327943338e-05	9.50171288869126e-06	
3.3985474947862e-05	0.000684773334724472	0.00493910482598842	0.02065304534495	0.0621247515024554	0.131278540364634	0.206088786713447	0.229152430292817	0.181517088661477	0.104531087958317	0.0428780081181104	0.0129022924392344	0.00277125634275167	0.000384193049732475	5.80599357640538e-05	2.59564064914296e-06	
4.54789985352774e-05	0.000861932647561102	0.00505009671414751	0.0215313388513946	0.0639788478345702	0.136703046888521	0.208390739548456	0.226970975725636	0.179899100170191	0.100273089535559	0.041784705821554	0.0117121946421446	0.00247028849984003	0.000303981935357065	1.69301067999055e-05	7.25207973244746e-06	
8.91503359728221e-05	0.000872588239102409	0.00517241003072038	0.022688273179814	0.0660518125433746	0.13705750207883	0.211860162729896	0.227605935435474	0.176250464349823	0.0979607024525511	0.0404807343890029	0.0112007745521953	0.00237754786049501	0.000319379181072914	1.04925874333338e-05	2.070054240855e-06	
5.81027978112793e-06	0.000129601638448787	0.00102877807384093	0.00553679487972745	0.023761197483716	0.0688732162435672	0.141874232359983	0.211139121939547	0.226637181433537	0.17571754827741	0.094778117532508	0.0375454836369108	0.0103974287097138	0.00219709790046253	0.000358086030942198	2.03035799043132e-05	
1.05945757188426e-05	0.000157642391512878	0.00117785545210197	0.00596579509760135	0.0252575734105101	0.0711788309048284	0.143217409006821	0.213311174411079	0.227283002787379	0.171951310092278	0.0916967521585115	0.0362464168240184	0.0101112244258677	0.00204504595060674	0.000357160455452418	3.22120557128177e-05	
