# <P(U)> as a function of N_tot.
# number_of_species: 1
# species_total_upper_bound: 511
# species_total_lower_bound: 490
# volume: 729
# Bin widths for each
10	10	10	10	10	10	10	10	10	10	10	10	10	10	10	10	10	10	10	10	10	10	
# Bin lower bound for each
-2690	-2700	-2710	-2720	-2730	-2740	-2750	-2760	-2770	-2780	-2790	-2800	-2810	-2820	-2840	-2840	-2850	-2860	-2870	-2880	-2900	-2910	
# Bin upper bound for each
-2550	-2560	-2570	-2580	-2590	-2610	-2600	-2610	-2620	-2650	-2650	-2660	-2670	-2680	-2690	-2700	-2710	-2710	-2730	-2750	-2750	-2760	
# Normalized histogram for each
1.85680987571314e-05	0.000580837322677312	0.00366645593078459	0.0141604910034162	0.0410389824273978	0.0991903586613106	0.183037391689454	0.227284236249271	0.20383939843779	0.13599020590152	0.0650918086258719	0.0205528882975046	0.00461160190047253	0.000893223277053582	4.35521767186719e-05	
2.14636396575153e-05	0.000489362466874024	0.003151407410032	0.0139672931607816	0.0395379832321277	0.101370768532873	0.179342848085299	0.224732015386363	0.209855967053654	0.133714301580831	0.0654665709774456	0.0224589307734593	0.00493685005416162	0.000882308901635717	7.19287448046494e-05	
9.64169929687171e-06	0.000429960843753947	0.00358852258852259	0.0135796808555429	0.0410413877310429	0.100696012799461	0.180817523472696	0.227636478464065	0.207054860847964	0.129238979411393	0.0661291735084839	0.0229592438213128	0.00555854490337249	0.00116715085680603	9.28381962864722e-05	
7.74613902996243e-05	0.000678024207694476	0.00347541513987202	0.0138406478624985	0.0423899728765582	0.100381180946922	0.183936626606334	0.227839467019463	0.209518261058984	0.128776984823421	0.0621228807260313	0.0206344941218801	0.00547914631364171	0.000794401804722597	5.50351016764228e-05	
0.000156303188214945	0.000584666858731937	0.00385005059190015	0.0134753415580364	0.0444620682468819	0.102152337256964	0.183002659498131	0.227032375279637	0.204295134303545	0.1325494624955	0.0601948209652045	0.0218386929714392	0.00550786775393264	0.0007777327541987	0.000120486277682134	
2.71607303196748e-05	0.000636699955698923	0.0030867371163301	0.0142591376193649	0.0426532027007352	0.10322552312263	0.181314875944286	0.22895668137989	0.206992294463939	0.132572262085726	0.060283671091831	0.0203241737628001	0.00488774343163005	0.000779836594819502	
8.2834840168105e-08	0.000384519328060344	0.0025779030608716	0.0130734500669513	0.0433591515724331	0.10369580064636	0.185802978161009	0.227831677948082	0.208155876945532	0.131874805079267	0.0582314016110548	0.0183296520149782	0.00539532306208927	0.00117919536721306	7.88173504199519e-05	2.93649508395932e-05	
7.4841010933979e-06	0.000304506750073838	0.00275799577946871	0.0115632706742648	0.0439634494899271	0.105401773305491	0.185480735171194	0.229256747648822	0.20828755070374	0.130411966734801	0.0580861991168928	0.018633446623391	0.00484108452067134	0.000848588356377675	0.000115940851016717	3.92601727748639e-05	
3.35233811239595e-05	0.00034506952208281	0.00212348898892171	0.012258369370285	0.0447231411326149	0.107065523866352	0.192057827422618	0.231061707610545	0.209887840110685	0.123692137332752	0.0530112028746504	0.0180353331519191	0.00467011845474426	0.000960703056611073	6.51206022077892e-05	8.89312188740734e-06	
1.29483797619341e-05	0.000374975336177891	0.00226783362281824	0.0135214368950971	0.0496191654205035	0.111398036562896	0.193988363587419	0.230899201653236	0.200469575630451	0.123525026315857	0.0534310628870333	0.0160895998654343	0.0039205177306142	0.000482256112700749	
3.67537285132772e-05	0.000936467576181509	0.00382119960605389	0.0127431672026519	0.046733118305539	0.113755562120356	0.191731369533036	0.231776853856284	0.203142689340813	0.122920033035582	0.0529279434043276	0.0160258930017376	0.00303261826076525	0.000386943887472757	2.93871406862626e-05	
4.90720263672883e-05	0.000872409369250748	0.00424324931423244	0.0166262509564242	0.0514314862451831	0.118073419436461	0.198790018317555	0.23013447496374	0.192732344837535	0.11968975432126	0.0497386614400022	0.0149050076041628	0.00237567045756743	0.000322970783652243	1.52099266065005e-05	
7.54596574554541e-05	0.000794860347358641	0.00432183116925198	0.018252258562217	0.0516394259032453	0.118509651413893	0.201116946587013	0.231486645436339	0.189827766823513	0.113296949354798	0.0510267701015988	0.015844173692409	0.00342270002076637	0.000342820685986148	4.17402441556874e-05	
7.30701568105138e-05	0.0010819847159414	0.00378370483310156	0.0173016022915323	0.0564404574452781	0.125594959072557	0.200445100009884	0.223037560670249	0.184509363255563	0.117208772202808	0.0499131965681818	0.016254725502496	0.00375891317275514	0.000500603970514887	9.59861323280967e-05	
8.02008550213154e-07	0.000114566921397949	0.00103639554901295	0.00408005809749938	0.018401083673953	0.0592472588350264	0.128452696934202	0.196533077439139	0.229116238708221	0.183603215893885	0.111507218678458	0.0492552348100583	0.0143395920743911	0.00374104908332428	0.000433726223955274	0.00013778506892662	
9.58199836559987e-05	0.000922929669507209	0.00431679340467291	0.0193896125475075	0.0595758018179021	0.128737565850454	0.196424454457073	0.233294722207796	0.185641612066668	0.10712427443361	0.0470755207081991	0.0141279669612373	0.00276033549371196	0.000457460538264815	5.51298597396059e-05	
9.52626371965477e-05	0.000843354523416495	0.00378406556784464	0.0204978045000744	0.0613865094057056	0.131186595986578	0.197141726258432	0.229379565572383	0.191821264562181	0.104507690662407	0.0439837935129064	0.012191526045097	0.00247236929701777	0.000558868876544121	0.000149602592217114	
1.95330368507433e-05	0.000457625666886276	0.00449505449602155	0.0198794124708117	0.0648887100428514	0.134741843095912	0.202748969852964	0.228929302533201	0.182881875859223	0.103179755822457	0.0437039611310219	0.0113057524294646	0.00230923475931922	0.000378112008036099	7.33352326557378e-05	7.52156232366541e-06	
5.66413962965136e-05	0.000716740228736083	0.004854507510989	0.0217401762483896	0.0669014188216641	0.140657013009169	0.206567660526815	0.219085144781828	0.17774462871527	0.101759553647672	0.0444491091781039	0.0129639317406226	0.00225685755496915	0.000205117376455108	4.14992630199123e-05	
6.52441918425023e-05	0.0012820930575078	0.00593804073404929	0.0234111205224451	0.0654866231717801	0.136853788771557	0.213341878634259	0.22353628360965	0.174167061253757	0.0990891322429385	0.0441948589289861	0.0107637275809208	0.001781144093399	8.90032069084364e-05	
2.51395308091363e-05	7.90832470643093e-05	0.0012274394240834	0.00648607224184991	0.0251384314127453	0.0685462655868298	0.133945142538758	0.211932144814985	0.227931697140774	0.176556793846429	0.0976746996751394	0.0382161179499878	0.0102213081270569	0.00170483398363241	0.000297606603062676	1.72238767934316e-05	
9.080170488442e-05	0.000490456568503181	0.00196677092130841	0.00675318950353269	0.0275301853860649	0.0705734150139121	0.139444560277386	0.210318175317265	0.227041684200811	0.171404775045893	0.0952891970619505	0.0372277250569327	0.0100601471392181	0.00159513572569854	0.000212282698671621	1.49837796838977e-06	
