# <P(U)> as a function of N_tot.
# number_of_species: 1
# species_total_upper_bound: 511
# species_total_lower_bound: 490
# volume: 729
# Bin widths for each
10	10	10	10	10	10	10	10	10	10	10	10	10	10	10	10	10	10	10	10	10	10	
# Bin lower bound for each
-2700	-2710	-2720	-2720	-2730	-2740	-2770	-2780	-2790	-2800	-2800	-2810	-2820	-2830	-2840	-2850	-2860	-2860	-2870	-2880	-2900	-2910	
# Bin upper bound for each
-2540	-2550	-2560	-2570	-2580	-2590	-2590	-2610	-2620	-2630	-2630	-2640	-2660	-2670	-2680	-2690	-2700	-2710	-2720	-2730	-2750	-2760	
# Normalized histogram for each
1.94318376576237e-06	3.60606757239264e-05	0.000404470261580135	0.00293500711501895	0.0131424525577487	0.0422295318413746	0.102454854144841	0.180820497651598	0.227275121468976	0.207591710298952	0.134258190500227	0.0623132474653038	0.0205065257570685	0.00500668175775279	0.00089585070680773	0.000117601309540773	1.0253303719786e-05	
1.71907522485805e-06	2.6594093728554e-05	0.000414903103207552	0.00278098237275736	0.0129030563111798	0.042032751614895	0.103100427807341	0.180827537370933	0.22685002620988	0.206644407106513	0.134769562521657	0.0629402648348843	0.0209650764538937	0.00488557740754208	0.000758868567261337	8.57431745278573e-05	1.25019745727802e-05	
2.31782132199051e-06	3.59626472768731e-05	0.000340848264165618	0.00287803573648618	0.0127651631506717	0.0426302223352752	0.102725793863014	0.18057775753709	0.228756647038133	0.206689578508948	0.134406568292617	0.0618668582937941	0.0205606946019518	0.00482566114910658	0.000805235119495	0.000122176174933833	1.04794657182787e-05	
3.43273325846154e-05	0.000415044786779704	0.00285125498420138	0.012993189179599	0.0430408844151534	0.104590541132886	0.180844154497658	0.229410445051951	0.206789652588915	0.13208621932512	0.0610862462436756	0.0200457741482417	0.00474512568696073	0.000924172523297644	0.000120758804196512	2.22092987796271e-05	
4.8796800211935e-05	0.000505701887026954	0.00310918287862983	0.0132680068396241	0.0444961614215448	0.104755164662237	0.182426867268913	0.22819803693398	0.204699036895307	0.131985593692269	0.0609034050508936	0.0199864656075701	0.00475450414603645	0.000751428328128949	9.57154959500309e-05	1.59320916764945e-05	
4.10724142238626e-05	0.000492169255912012	0.00304025226420535	0.013417616703699	0.0437817646270442	0.10475954672713	0.183523998303082	0.229460892865389	0.20493294363548	0.130929427256817	0.0601989869107982	0.0197703060641784	0.0047212200611227	0.000829591952814743	8.61913717210122e-05	1.40195863822421e-05	
1.88670125644238e-06	5.5548191009989e-06	5.19221870327637e-05	0.000507080442376023	0.00328243062476297	0.0137126373823314	0.0442832410766601	0.105986479081787	0.185419162501145	0.229838073401413	0.204120360135726	0.130418106432751	0.0579735665320793	0.0187917971973701	0.00464304545050271	0.000832662750714328	0.000102147185212076	2.63464354024633e-05	3.4996623752313e-06	
2.07404638140179e-06	2.95509453935499e-06	4.43095559246225e-05	0.000492181323606067	0.00326785820434553	0.0137861525728463	0.0461944678244227	0.109512991862365	0.186748383981679	0.228576149496049	0.202760308702918	0.126899545624917	0.0575226815204023	0.0187094581105717	0.00460180305535951	0.000785161452686198	8.27047072291093e-05	1.08128637566984e-05	
1.58046365339222e-06	0	5.42695910344332e-05	0.000479330246581333	0.00304449841653094	0.0139880070550889	0.047493163969279	0.110446112347343	0.188758464675397	0.228396568762968	0.201211896166733	0.126095712122244	0.0563644577767576	0.0185135134055894	0.00430838595275498	0.000762733440471395	7.20161802488532e-05	9.28942732445956e-06	
2.84951170914018e-07	7.12377927285045e-08	4.37400047353018e-05	0.000599985642651444	0.0030909198268635	0.0141150981558099	0.0487146445629932	0.113770342019809	0.190539548211679	0.228685064703841	0.199262134028568	0.123834767090991	0.0551046200947809	0.0174183024145459	0.00401714522700273	0.000710475459173355	8.71489632573358e-05	5.70740433507195e-06	
5.36313070934032e-06	4.86608043331891e-05	0.00057994071911087	0.00326314759275983	0.0144934722909362	0.0488521979277088	0.115427943099739	0.192391111770355	0.231145578795645	0.1971108923468	0.121868695515066	0.053354324782867	0.0169470126988117	0.00385163005821073	0.000580066025903144	7.17172541116615e-05	8.12823392552669e-06	1.16953006122686e-07	
4.12802647164944e-06	6.49925134519309e-05	0.00055832285526171	0.00341564051362909	0.0161667068861713	0.0513204107924271	0.117942301605395	0.194949072354506	0.230599864644797	0.195805939239034	0.117751659947829	0.0511729658348275	0.0159645499885985	0.00351950215851095	0.000639661189545993	0.000116632337047932	5.94884781563983e-06	1.70026467966226e-06	
2.29178001271532e-06	6.02147392006298e-05	0.000586201295610696	0.00355393909975462	0.0167350804199433	0.053835018586294	0.121187839719727	0.196718951148736	0.230459676101348	0.191886789553224	0.115562416389832	0.0497863021976151	0.0155104947938802	0.00353927924917969	0.00049208329523476	7.68688992564678e-05	6.55273115152971e-06	
5.78591198407981e-06	7.6203470842346e-05	0.00070396655997052	0.00383182890633517	0.0172947389091122	0.0550757073832372	0.12269383801168	0.1987015619199	0.232766248323909	0.190231864695378	0.112557141785901	0.0476040548925356	0.0147126669913383	0.00316031194811351	0.000486238176991574	9.02251101448053e-05	7.61700262644033e-06	
5.89090569081962e-07	0.000106169996748304	0.000796976870758417	0.00411197751061105	0.0185519827932076	0.0576437070775973	0.125489522773552	0.197836851074436	0.230166304445599	0.18953924302029	0.111102280787388	0.0467131566359653	0.0142316092713497	0.00310385971723068	0.00051233749926207	8.69597950700138e-05	6.47164036530467e-06	
2.27119154722569e-06	9.81296959290276e-05	0.00084305124470666	0.00445409941123354	0.0193995018068144	0.0591943873611796	0.127170476959259	0.199054877308141	0.231025265387268	0.188316035358512	0.108343942823326	0.0450158780966923	0.0136497357186304	0.0028991404573114	0.000458743048480796	6.75669028616645e-05	6.89722810566329e-06	
4.40931194306107e-06	7.2619778007208e-05	0.000687409221878472	0.00445426266111439	0.0198179369998263	0.0600551005860063	0.129215342482868	0.20418385303022	0.229227560962367	0.186012676905705	0.106016739162128	0.0439908058232185	0.0129571605684369	0.00271284799830395	0.000516818213895413	6.50980105749273e-05	9.35828350723683e-06	
3.34901119900135e-05	0.000681787513628696	0.00492238503282018	0.020674689451843	0.0621888271477278	0.131366542502356	0.206329063508714	0.229223004535424	0.181099681149854	0.104432999049827	0.0429417667485871	0.0129160686972285	0.00275132991537158	0.000378593157255107	5.72136700709393e-05	2.55780730323728e-06	
4.48348895086646e-05	0.000854271421447335	0.00504787859944542	0.0215694803556727	0.0640434480556228	0.136904528792846	0.208751609581846	0.226984907692362	0.179475391834161	0.100083185820959	0.0417507595983532	0.0117038829266218	0.00246230402535189	0.000299676706244801	1.6690329430954e-05	7.14937012652328e-06	
8.77986841410059e-05	0.000861341957356818	0.00516414854219017	0.0227473428071421	0.0663488692946358	0.137540656583975	0.212102130358281	0.227647691810309	0.175744725835527	0.0976111257310115	0.0403300358992646	0.0111267928183802	0.00235894405772967	0.000316023446733738	1.03335041851329e-05	2.03866913640107e-06	
5.71430664145438e-06	0.000127460902267861	0.00101557036822797	0.00552707706570549	0.0238929903165487	0.0693125342428232	0.142566257640421	0.211444381370395	0.22631423508389	0.175187458360442	0.0942763516355395	0.0374133882117499	0.0103700432882732	0.00217439776667392	0.00035217123131854	1.99682090816621e-05	
1.04263835127013e-05	0.000155139769198065	0.00117008626524758	0.00602980469473898	0.0253306879797545	0.0717597135655663	0.143875089826477	0.213467866255927	0.226911844738142	0.171498377811293	0.0912467017744449	0.036078654882284	0.01006156762259	0.00202084733016535	0.000351490421413947	3.17006792444753e-05	
