# <P(U)> as a function of N_tot.
# number_of_species: 1
# species_total_upper_bound: 511
# species_total_lower_bound: 490
# volume: 729
# Bin widths for each
10	10	10	10	10	10	10	10	10	10	10	10	10	10	10	10	10	10	10	10	10	10	
# Bin lower bound for each
-2700	-2700	-2720	-2720	-2730	-2740	-2770	-2780	-2790	-2800	-2800	-2810	-2820	-2830	-2840	-2850	-2860	-2860	-2870	-2880	-2900	-2910	
# Bin upper bound for each
-2540	-2550	-2560	-2570	-2580	-2590	-2590	-2610	-2620	-2630	-2630	-2640	-2660	-2670	-2680	-2690	-2700	-2710	-2720	-2730	-2750	-2760	
# Normalized histogram for each
2.06477308276295e-06	2.92859739681267e-05	0.000381147061297549	0.00291887651822833	0.0131038082848326	0.0421561339927	0.102082056877975	0.180635732120616	0.227213719280596	0.207562026765544	0.134699861980883	0.0626185377319054	0.0206273526136423	0.00495365100622468	0.000879890258589714	0.000124959884245532	1.08948756690036e-05	
2.66269028500676e-05	0.000408667657422674	0.0027711631501361	0.0128984721038906	0.0422549798432609	0.102862742145767	0.180393514545693	0.22653549661395	0.206616804553743	0.134910765414957	0.0633603515197243	0.0212194752220444	0.00490706945824591	0.000732600886620107	8.79748116994425e-05	1.3295169994996e-05	
1.82363780262751e-06	3.4010845019003e-05	0.000340609950585753	0.00282888166856987	0.0128073171059629	0.0426776107304781	0.102646658764327	0.180480062712716	0.228344869840838	0.206467129354883	0.134520697219952	0.0622536513229414	0.0208495461382666	0.00483766885820364	0.000785595810804891	0.0001127144934859	1.11515451630672e-05	
2.97992769688491e-05	0.000397437084382862	0.0028389911773639	0.013001311150044	0.0429446769211376	0.10404761810161	0.180658719866241	0.229408350368813	0.206757275881271	0.132458448332689	0.0614956112876722	0.0201886654363421	0.0047282018379686	0.000901924782923833	0.00011931049934027	2.36579952312811e-05	
5.07222349646068e-05	0.000505321676666976	0.0031383045415538	0.0131665215443404	0.0444654497652312	0.104084730430305	0.1818105848722	0.228235655566851	0.204775689617881	0.132491529635067	0.0614416603643481	0.0201910251287388	0.004762594387375	0.000761316593373526	0.000101927538833638	1.69661022694252e-05	
4.28648552936945e-05	0.000463949022002341	0.00306368838791742	0.0134390435333876	0.0439024526131734	0.104588509212733	0.183010095629607	0.229260105572139	0.205164973665366	0.131228638334522	0.0601672489825833	0.0199347150025901	0.00477234395186252	0.000855227984241283	9.12473682743425e-05	1.48958843074734e-05	
2.00449342996853e-06	5.90162239760824e-06	4.96425326015644e-05	0.00048795992072658	0.00328792404029418	0.0136217767163985	0.0443245936345951	0.10595787170476	0.185383310866899	0.229583800407148	0.203958463782007	0.130605870130374	0.0582026367822468	0.0189233889054081	0.00463578479658311	0.000831081768190858	0.000106278420629559	2.79913189684891e-05	3.71815633996395e-06	
2.20138543297352e-06	3.13652680592365e-06	3.79157320305236e-05	0.000498421403061149	0.00322226450443308	0.0137242153279076	0.0463689715546505	0.109751059594595	0.186769853417127	0.228454173860115	0.202455172063127	0.126819783433876	0.0576725175091687	0.0188167894244048	0.00453240651665749	0.000781250213231249	7.83907983449107e-05	1.14767350316607e-05	
1.67367496544006e-06	0	4.97206100105464e-05	0.000462561918573496	0.00301263274284493	0.0139309181488412	0.047318908691456	0.110387147771598	0.188938963473241	0.228592774667722	0.200971515792532	0.126193498841953	0.0564141703489259	0.0185691344094491	0.00431960374285179	0.000763956950248886	6.49795402805691e-05	7.83867450569134e-06	
3.0179451367221e-07	7.54486284180525e-08	4.53135585969598e-05	0.000573600416625551	0.00310539009705862	0.0141131008847488	0.0484107292316755	0.113729589293083	0.190357865892761	0.228865461133096	0.199449461122374	0.12397110150657	0.0550788568204899	0.0174634238585801	0.00402280991338524	0.000718936665731784	8.79375954985467e-05	6.04476658266986e-06	
5.66290714317696e-06	5.00708604334019e-05	0.000595381474065667	0.00327703262818908	0.0144091128630801	0.0484108612371466	0.115502330030488	0.19204107597635	0.231037689275615	0.197274431325043	0.122209875947756	0.0536128103850872	0.0170701852596256	0.0038650576154052	0.000557324444674332	7.23917117197092e-05	8.58256799113891e-06	1.23490186922862e-07	
4.35503938909455e-06	6.85666523757343e-05	0.00056702349701637	0.0035022674163913	0.0160777309183434	0.0510946202917688	0.117551052146597	0.194790701872489	0.230475122736566	0.195850020250056	0.118210715620467	0.0514238182893366	0.0161085188100971	0.00351818765101609	0.000638063706507361	0.000111257441311733	6.18389278814029e-06	1.79376748251729e-06	
2.41409606847199e-06	6.30886714786236e-05	0.000605929286509803	0.00360785554098556	0.0167403925133082	0.0536792355511915	0.120537542314095	0.196427264922805	0.230374442717839	0.19180615544715	0.116233676837873	0.0501778076641204	0.0156092847917782	0.00355219451792236	0.000499916486398714	7.58961793226926e-05	6.90246115372979e-06	
6.07731433713584e-06	7.76745760907485e-05	0.000712547541536874	0.00386834670040232	0.0171991552550636	0.0550810578705539	0.122451876836919	0.198241708254371	0.232853690813375	0.190271732049033	0.112722970416657	0.0479168044473013	0.0148536807752675	0.00315909689229549	0.00048135052046423	9.42291100871373e-05	8.0006262444086e-06	
6.17821310723422e-07	0.000107759429039866	0.0007797167844015	0.00417479386501511	0.0185612231649095	0.0573402105521005	0.125295988988374	0.197764465729513	0.230037461704719	0.189261561916772	0.111594110082472	0.0470099358987167	0.0143195337115907	0.00313682339101979	0.000517808747480428	9.12009415701936e-05	6.7872709951105e-06	
7.6185138643817e-07	9.3703342075651e-05	0.000843943062555004	0.00448605242763506	0.0194481306181067	0.0590707383390764	0.12706752893065	0.198923941836587	0.230658138893389	0.188159305751978	0.108594029537066	0.0453518308514784	0.0138318804156031	0.00292661269489603	0.000466226777762696	6.99545954087508e-05	7.22007434618702e-06	
4.61033607867182e-06	6.8183983675841e-05	0.00069254333996952	0.00437699795901647	0.0196484868940415	0.0601358328359325	0.128756193132472	0.204035497155788	0.229046509144722	0.186139064821496	0.106416503473965	0.0442203534361497	0.013110754764112	0.0027548682688541	0.000517009386613637	6.68061318117218e-05	9.78493530169722e-06	
2.77304844223545e-05	0.000685986247096421	0.00495296097428849	0.0205406020771768	0.062069381147323	0.13131824242878	0.20612404880219	0.229222825233698	0.181284718800426	0.104519527643598	0.0430425040989478	0.012981718894584	0.00278571998809732	0.000383884875411638	5.74766978448202e-05	2.67160611511488e-06	
4.28115926634099e-05	0.000850982041946549	0.00503895273829518	0.0213801615206975	0.0638464509377491	0.136953365771364	0.208264982123	0.227108817501344	0.179670307164825	0.100388319440254	0.0418292371864623	0.0118418818519622	0.00247464527835792	0.000286035174434062	1.55859297402814e-05	7.46374690426293e-06	
7.64850770286008e-05	0.000861456486045129	0.00514397676154171	0.0225066799854339	0.0658243986667292	0.137051175507677	0.212110067906578	0.22764695863576	0.176173239108101	0.0981538900892032	0.040455098111921	0.0112689612479963	0.0024168351596196	0.000299157920621797	9.48734753386128e-06	2.13198820985647e-06	
5.98480228651663e-06	0.000128092567599966	0.00101556087751565	0.00554096578921485	0.0236641707712473	0.0686117223668285	0.141533614796731	0.211309837299167	0.226906267655167	0.175732599425409	0.0950353542072083	0.0375716365259861	0.010382955617703	0.00218420365321943	0.000360894702044772	1.61389426715211e-05	
1.09160254837677e-05	0.000162425415490319	0.00119781763792304	0.00595025163690396	0.0251882019164254	0.0710355044449389	0.143128026010979	0.213578766536315	0.22774164761481	0.17176080588801	0.0915445997728422	0.0361620138849322	0.010110734432176	0.00204042762647184	0.000354671755383902	3.31894009139307e-05	
