# <P(U)> as a function of N_tot.
# number_of_species: 1
# species_total_upper_bound: 511
# species_total_lower_bound: 490
# volume: 729
# Bin widths for each
10	10	10	10	10	10	10	10	10	10	10	10	10	10	10	10	10	10	10	10	10	10	
# Bin lower bound for each
-2700	-2700	-2720	-2720	-2730	-2740	-2770	-2780	-2790	-2800	-2800	-2810	-2820	-2830	-2840	-2850	-2860	-2860	-2870	-2880	-2900	-2910	
# Bin upper bound for each
-2540	-2550	-2560	-2570	-2580	-2590	-2590	-2610	-2620	-2630	-2640	-2650	-2660	-2670	-2680	-2690	-2710	-2710	-2720	-2730	-2750	-2760	
# Normalized histogram for each
2.34985506203152e-06	3.33294708023984e-05	0.000381565513888946	0.00289559330380519	0.0131469399878054	0.0422129367017826	0.101692291272915	0.180767399133992	0.227640431146624	0.207960748520128	0.134077946948684	0.0622936075379898	0.0208553431875199	0.00503514153657927	0.000860057350292307	0.000131919407520022	1.23991246082858e-05	
2.88820263850042e-05	0.000409383756861644	0.00281992611013184	0.0128838832737736	0.0420593184129658	0.102603248034857	0.180230397401561	0.226764262972752	0.207022062443679	0.135136491556416	0.0631156147672086	0.0211303201876099	0.0049447920689228	0.000738258475439217	9.80419560643892e-05	1.51165553713525e-05	
2.07301373062199e-06	3.70188426945822e-05	0.000343773049483372	0.0028616088838879	0.0126570133638229	0.0425076855299739	0.102297661564329	0.180799457641564	0.228251788807435	0.206731708889024	0.134711786232026	0.062220838577691	0.0206768245756027	0.00492966811169371	0.000834159995064984	0.000124256443013482	1.26764789627535e-05	
3.28845393384733e-05	0.000369190090219822	0.0028384403115791	0.013067575076528	0.0429566186991953	0.103433360528342	0.180026008193337	0.229241054136145	0.207690114013907	0.132400244074066	0.0616144003698752	0.0204449537162749	0.00476666402104511	0.000958480622431792	0.000133101385377043	2.69102223391083e-05	
4.87266358180631e-05	0.000507077271837438	0.00311695985167969	0.0132059191171	0.044495204293606	0.104010755909584	0.18109507227183	0.228425700751664	0.204977872877463	0.132677532898062	0.0614653355792477	0.0203050522464347	0.00473290425802691	0.000802562694625867	0.000114035930191863	1.92874128296062e-05	
4.6843500473975e-05	0.000473420520645973	0.00310108246437063	0.0136263815513202	0.0438556350060258	0.104457327967168	0.182399245546965	0.228792691290659	0.205391457977804	0.131765201369617	0.0605299981900542	0.019858113641742	0.00472611646126494	0.000858826336502605	0.000100737944872465	1.69202305143832e-05	
2.27231831998417e-06	6.69015148227483e-06	5.6275383393358e-05	0.000510257194175017	0.00329223926805868	0.0137898071875011	0.0444292046952832	0.105611507336474	0.185415230363675	0.228889396914342	0.203943069783159	0.131259301161891	0.0584965390461688	0.0187363246253429	0.00459311107341497	0.000815199269433429	0.000117627978032931	3.17313022540647e-05	4.21494759800636e-06	
2.49562543997762e-06	3.55575901102503e-06	3.81546637388449e-05	0.000503117074217603	0.00312080497473917	0.0136690173412439	0.0465092619228848	0.109884762009828	0.187024818269646	0.227989708426189	0.202671507179065	0.126875223480849	0.0576062684105319	0.0186892722583248	0.004536007205946	0.00077601270159727	8.70019665579191e-05	1.30107301901272e-05	
1.89170376309485e-06	0	3.91170126544215e-05	0.000422921569227438	0.00290683929496563	0.0139107090265694	0.0473280836474375	0.110348891453042	0.189623499734271	0.228984693107943	0.201055910803994	0.12580618905299	0.05589065433037	0.0185553700333054	0.00426337704480473	0.000784654571522004	6.83377984418016e-05	8.85981469896287e-06	
3.41507393142889e-07	8.53768482857223e-08	4.46972911613487e-05	0.000545668548231782	0.00299350314326418	0.01402533699598	0.0486015543447846	0.113925761475608	0.191045593788246	0.229565448114049	0.199299033978037	0.123319655560465	0.0543928718728746	0.0174642762675886	0.00395222990566983	0.000729831432151631	8.91434739453865e-05	4.96692370321055e-06	
6.40407345356539e-06	5.40007034904614e-05	0.000621863462879626	0.00327057128544737	0.0142532979033123	0.0482384588471547	0.115714988765839	0.19247860725248	0.231848970521252	0.197192125016611	0.121531977264462	0.0532410078080419	0.0170376982666727	0.00386292812951758	0.000570366532655278	7.65745636546647e-05	1.59603076724371e-07	
4.9338316042829e-06	7.59949188192416e-05	0.000591861048038448	0.00349402725152449	0.0159363158307289	0.0509602796446067	0.118082256323771	0.195051857799759	0.231240677890377	0.195472555136885	0.117550744035718	0.0511270212909392	0.0160173837022852	0.00360649178159795	0.00067205941251451	0.00011505814547873	4.8195535308705e-07	
2.73148663896806e-06	6.58153453411317e-05	0.000653839002851777	0.00362971629556341	0.0167387248987926	0.0538140169897171	0.12115601368318	0.197669603460896	0.230800878524003	0.190951479614104	0.114982559258067	0.0497186746033848	0.015571396369277	0.00362837302334059	0.000537248966203466	7.64716387370327e-05	2.4568399019603e-06	
5.62577543908816e-07	6.79573758792508e-05	0.000740342090659331	0.00387679155494835	0.0172590774985865	0.0555270308826544	0.123254785509868	0.197927654509321	0.232812142080263	0.190078761802074	0.112105051210015	0.0477374129385736	0.0148538095702595	0.00315585092171037	0.000506807688626811	8.74534259849758e-05	8.50836303132891e-06	
7.00860974403732e-07	0.000121910044384581	0.000798857244690041	0.00413417509155407	0.0183734233598036	0.057433081471072	0.125357992081225	0.19785082622512	0.229969599633317	0.18941151567071	0.111564049005273	0.0469752416039266	0.0142273485436203	0.00318626310899562	0.000503909099305866	8.34074265992527e-05	7.69952942802398e-06	
8.64160002383095e-07	0.000106286713856325	0.000856074643280338	0.00445214736584091	0.0192165941605798	0.0584852811773769	0.126938052009827	0.198970610618587	0.231082607582544	0.187985979808524	0.10932248807895	0.0454446498292308	0.0137463769160693	0.00285594947914022	0.000471692301070901	5.66422116504552e-05	7.70294346951828e-06	
5.21458329361996e-06	7.62496752573727e-05	0.00068423842378959	0.00436892036916222	0.0193234745089078	0.0595233402843465	0.128488851213497	0.204345592282686	0.23028097040585	0.18557292421329	0.106390397120252	0.0444820677233764	0.0131703948554208	0.00271627841661563	0.000515882584227357	5.52033400286637e-05	
2.66445618419588e-05	0.000685736202011704	0.00496731042844594	0.0204777363999654	0.0614777982604823	0.130617753968352	0.205729412201368	0.230255380009155	0.181881519789179	0.104170645947518	0.0432440496368788	0.0131394410283692	0.00284012520568622	0.000420542640454304	6.2879978225098e-05	3.02374206638871e-06	
3.65981640713884e-05	0.000792062423875419	0.00496263909101274	0.0212385132534525	0.0636649849233953	0.136717049139801	0.208189585765549	0.227187046120802	0.180015775387773	0.100540448546779	0.0418878180522373	0.0120116833492465	0.00244090865625933	0.000288822676838091	1.76244845275515e-05	8.43996437965252e-06	
6.92215998441092e-05	0.000826584679514593	0.00507591571741185	0.0223525227484996	0.0654543984046617	0.13751686215162	0.212653020154277	0.227419412226524	0.175441667518497	0.0985559132323072	0.0406122643974924	0.0113923892152205	0.00234827922025952	0.000268405773702402	1.07314078434473e-05	2.41155232437019e-06	
6.80416275945841e-06	0.00012331975880098	0.000928168742103251	0.00538937749691273	0.0233911584978974	0.0691071240707158	0.142600499811031	0.211747163908608	0.226833839229158	0.174842184400723	0.0948124061468189	0.0374431103698739	0.0103156267467601	0.00210040710241678	0.000340542022539556	1.8267532880598e-05	
1.24185617209126e-05	0.000170985766268754	0.00120179811347088	0.00577782293452806	0.0249207847920326	0.0717435167807301	0.143569204069481	0.214397231037801	0.227171140885581	0.171333690923701	0.0914338124012106	0.0360207965005231	0.00990626721672971	0.00194432461636711	0.000359195626805539	3.70097730494525e-05	
