# <P(U)> as a function of N_tot.
# number_of_species: 1
# species_total_upper_bound: 511
# species_total_lower_bound: 490
# volume: 729
# Bin widths for each
10	10	10	10	10	10	10	10	10	10	10	10	10	10	10	10	10	10	10	10	10	10	
# Bin lower bound for each
-2700	-2700	-2720	-2720	-2730	-2740	-2770	-2780	-2790	-2800	-2800	-2810	-2820	-2830	-2840	-2850	-2860	-2860	-2870	-2880	-2900	-2910	
# Bin upper bound for each
-2540	-2550	-2560	-2570	-2580	-2590	-2590	-2610	-2620	-2630	-2640	-2650	-2660	-2670	-2680	-2690	-2710	-2710	-2720	-2730	-2750	-2760	
# Normalized histogram for each
7.66225498684655e-07	2.84348924718767e-05	0.000363333562848695	0.0028569483943956	0.0131727796753455	0.0420937074761362	0.101774794911819	0.180890055994174	0.227869164406786	0.208046546138163	0.134200358878886	0.0620946819035979	0.0206598966504479	0.00495083659406319	0.000851413921197037	0.00013367728579466	1.26030883749166e-05	
2.73213341314782e-05	0.000396354723600455	0.00278226124942732	0.0128567048618636	0.0420428705422146	0.102492515702295	0.180328076523477	0.22696549355631	0.207135596372711	0.135204802125264	0.0629835906504177	0.0210405322183216	0.00488786271539696	0.000741810657155815	9.88457776588984e-05	1.53609897542462e-05	
2.10686667194121e-06	2.89852182392312e-05	0.000324499604812385	0.00283081766342029	0.0126184090014235	0.0423858910344464	0.10222102566241	0.180656290337773	0.22864648358975	0.207022715441115	0.134730789554132	0.0620848942647629	0.0206242179277994	0.00485907713983137	0.000824811966231583	0.000126101237482361	1.28834896989205e-05	
3.03965668821772e-05	0.000364811255678244	0.00284138924532222	0.0129938425839694	0.0428090875821343	0.103340312566927	0.17984199345249	0.229440986940596	0.207949192676101	0.132496070083206	0.0615695863963535	0.0204513662011053	0.00477562848901577	0.000932652695016269	0.000135323732354321	2.73595328485654e-05	
4.50124139540738e-05	0.000502312445574447	0.00314188736931676	0.0132007554132046	0.0442599838330022	0.103964616704265	0.18104161460557	0.22862046679131	0.205147095689195	0.132702629304787	0.0613542008483762	0.0203318177379566	0.00476202114182722	0.000790016139077076	0.000115957197176297	1.96123654074677e-05	
3.92063936870164e-05	0.000474475476364538	0.00310954966307099	0.0136508603237591	0.0437896102456658	0.104447446767544	0.182214365838237	0.229004286874367	0.205658490832566	0.131692227874844	0.0603782963316074	0.0198020274211245	0.00476843172154292	0.000854377619916562	9.91411182229409e-05	1.72054974802766e-05	
2.30956535567832e-06	6.79981407174042e-06	5.7197829511721e-05	0.000511563571002937	0.00330042044606244	0.0137718866631117	0.0443680135261345	0.105484799111015	0.185365797931219	0.229029950794091	0.203988931779213	0.131365814263146	0.0584355761075711	0.018708366089122	0.00463577710986889	0.000816560235227582	0.000113699696248851	3.2251430502508e-05	4.28403752359082e-06	
2.53673866575497e-06	3.61433700141104e-06	3.87832281378229e-05	0.000510348509377557	0.0031165742218772	0.0136607037891662	0.0463892317052302	0.109886739413629	0.186999423670505	0.227944082050874	0.202815179763743	0.126918768889583	0.0575844936218733	0.0186716907291539	0.00456861477729572	0.00078755423625896	8.84352471443683e-05	1.32250704830518e-05	
1.9228130083373e-06	0	3.97602955846343e-05	0.000424706437080884	0.00290212826557828	0.0139026181942417	0.047253462081074	0.110302843253368	0.189664362557111	0.229057625867186	0.201220080083525	0.125719129508186	0.0558003249922182	0.0185475616695736	0.00428995946526079	0.000795047381896785	6.94616199261848e-05	9.00551518000527e-06	
3.47272055691284e-07	8.6818013922821e-08	4.36337124092108e-05	0.000529130260149617	0.00295201164411374	0.0139712910293699	0.048400772094047	0.113870430457042	0.190991061181538	0.22975467113727	0.19962779381071	0.123328854732458	0.0542955722450306	0.0174532908998885	0.0039432026951866	0.000742151024664247	9.06482204194161e-05	5.05076563351e-06	
6.51256025100949e-06	5.4915490527788e-05	0.00060892945555681	0.00326241227919904	0.0142757907466714	0.0482120270503552	0.115770856987753	0.192563376429761	0.231949215623236	0.197235722498692	0.121371334190026	0.0531861217442493	0.0169780061862729	0.00386671599102616	0.0005800287014211	7.78717582038541e-05	1.62306797532947e-07	
5.01557588860031e-06	7.72540112952082e-05	0.000589716563240323	0.00349481590227682	0.0159873830132708	0.0511533079362013	0.118299570064128	0.194955667132785	0.230837667795195	0.195423721886933	0.117608370166795	0.051196604528867	0.0159884588618753	0.00358734393319653	0.000677648245661917	0.000116964441945939	4.89940444304361e-07	
2.77912514258258e-06	6.66837614193719e-05	0.000662544450125195	0.00364086732481973	0.0167954319514951	0.053941030622555	0.121199501911677	0.19757694836106	0.230900025520193	0.190745086499127	0.114963155253057	0.0497397859911059	0.015537915929483	0.00361606350590549	0.000531874761748447	7.78053426572389e-05	2.49968842806331e-06	
5.73017642802475e-07	6.92185028695025e-05	0.000730227315034	0.00386917739468523	0.01730097463151	0.0556177262794821	0.123395865633083	0.197942083707259	0.232852935118323	0.190032482848885	0.111995517359045	0.0476117976056858	0.0148615066813325	0.00310595846209306	0.000516212831876162	8.90763532165334e-05	8.66625797831353e-06	
7.14627841459763e-07	0.00012430469815349	0.000801984759725014	0.00411708756514865	0.0182956992657503	0.0574605030640429	0.125323843616216	0.197895274026707	0.229839047310872	0.189645721727112	0.111679058913184	0.0469372279773556	0.0141467980909503	0.00313371404075695	0.000506123765078109	8.50457814162753e-05	7.8507696909303e-06	
8.80715783430045e-07	0.000108322979776933	0.000871002601887504	0.00447047282401121	0.0191758298142073	0.0585365568975246	0.127063275389895	0.198849634351608	0.231093869148128	0.187902347286743	0.109414697852684	0.0455100567771145	0.0136307420100325	0.00282766456232622	0.000479068893506247	5.77273764943659e-05	7.85051827643678e-06	
5.31091521112276e-06	7.76582782104592e-05	0.000696878743385864	0.00439657615676306	0.0192555545030582	0.0594799980124882	0.128632089689486	0.204426130845643	0.229863615848543	0.185558862694818	0.106479667763253	0.0446459769366301	0.013169815057657	0.00273756516093638	0.000518076251671735	5.62231422445045e-05	
2.71407034508391e-05	0.000697552373832339	0.00497399263768091	0.0204948606199609	0.0614357548068321	0.13075352982265	0.205350993341429	0.230207058513597	0.181718271180543	0.104447014846504	0.0434111670131971	0.0131647333074277	0.00283042653324369	0.000420373402947423	6.40508503057879e-05	3.08004639830288e-06	
3.72882080440888e-05	0.000806996448995683	0.00499746502298372	0.0211471742660941	0.0637253999015212	0.136719587309346	0.207825287862777	0.227027854586701	0.179837560265335	0.100758313037887	0.0422089277847054	0.0121061482664888	0.00248117284060927	0.000294268314683273	1.79567872435146e-05	8.59909658471682e-06	
7.04603761206379e-05	0.000841377078040932	0.00512828086751686	0.0224722880869797	0.0655768706517739	0.137475910802769	0.212477948594783	0.226991313250237	0.17547018812946	0.09869826935396	0.0406821274228496	0.0114563672382121	0.00237201087209024	0.000273209111182244	1.09234550292991e-05	2.45470899534811e-06	
6.9298797107358e-06	0.000125598273389298	0.000945318029775122	0.0054433715656772	0.0235639404775784	0.0694172903219211	0.142636374481075	0.211182365101789	0.226388046275913	0.174841746149768	0.0949747742846724	0.0376137125636241	0.0103938354716615	0.00210826519642888	0.0003398268744991	1.86050525170758e-05	
1.26544462373085e-05	0.000174233557413437	0.00122462568184573	0.00586763284268572	0.0251239308284999	0.0721387067634141	0.143697287562257	0.214079166695945	0.22681662902404	0.171123398360307	0.0913473469770747	0.0361025452006744	0.00991907074433714	0.00196904018729499	0.000366018372355681	3.77127556181173e-05	
