# <P(U)> as a function of N_tot.
# number_of_species: 1
# species_total_upper_bound: 511
# species_total_lower_bound: 490
# volume: 729
# Bin widths for each
10	10	10	10	10	10	10	10	10	10	10	10	10	10	10	10	10	10	10	10	10	10	
# Bin lower bound for each
-2700	-2700	-2720	-2720	-2730	-2740	-2770	-2780	-2790	-2800	-2800	-2810	-2820	-2830	-2840	-2850	-2860	-2860	-2870	-2880	-2900	-2910	
# Bin upper bound for each
-2540	-2550	-2560	-2570	-2580	-2590	-2590	-2610	-2620	-2630	-2630	-2640	-2660	-2670	-2680	-2690	-2700	-2710	-2720	-2730	-2750	-2760	
# Normalized histogram for each
2.09582695813994e-06	2.97264305943255e-05	0.00038687945554496	0.00294221647425708	0.0130282167860345	0.0420388158280932	0.101841981509799	0.180533356430707	0.22730478600633	0.207938450013553	0.134886834154153	0.0625763064165783	0.0205410840970969	0.00492558284159452	0.000885769733717766	0.000126839262035217	1.10587329539021e-05	
2.70248028547358e-05	0.000414774596097135	0.00277538138428323	0.0128349954739022	0.0420951567986159	0.102601505583959	0.180378118183192	0.226843968608349	0.206865268476225	0.135138459044721	0.0632280887655394	0.0210975343921579	0.00487808824299497	0.000719177039924174	8.89647603760689e-05	1.34938468081748e-05	
1.8503147713857e-06	3.45083704863433e-05	0.000345139214306575	0.00283795266112132	0.0127395606003853	0.0425396756289037	0.10247672773535	0.18053197881904	0.228661274966609	0.206662873398031	0.134566750692853	0.062094953953853	0.0207639224367661	0.00482816973237149	0.000789538564524135	0.000113808235801006	1.13146748270236e-05	
3.02495088610089e-05	0.000399841415223226	0.00284974315243318	0.0130010455326059	0.0429453152095281	0.10386549173277	0.180577951536318	0.229611963398057	0.207055632101956	0.132249945715484	0.0614194269408728	0.0201851197196138	0.00475109744136164	0.000912048015188145	0.000121113140120067	2.40154396071571e-05	
5.14392587856915e-05	0.00050501127577397	0.0031471394701445	0.0131666783761375	0.044453770814729	0.104076656262293	0.181622920747669	0.228415362468557	0.205123524157417	0.132282644693976	0.0613728275125817	0.0201442455711588	0.00475155902503856	0.00076564601058788	0.000103368415274104	1.72059398768695e-05	
4.34511347272233e-05	0.00046345758434472	0.00304391292617778	0.0134676181473966	0.043720903124231	0.104495352887294	0.18302440572288	0.229413883144649	0.205344487755499	0.131129050746336	0.0601290658050978	0.0199713282437138	0.00479021180632659	0.000855275955859476	9.24953943091053e-05	1.50996211579505e-05	
2.03183064989051e-06	5.98210854286961e-06	5.03195559386947e-05	0.000493190607570745	0.0032490967639709	0.0136044259838722	0.0442211160204463	0.10586457666398	0.185322393721277	0.229681492812465	0.204079143123679	0.130660021999918	0.0582290508724452	0.0189413511946849	0.00462831066565462	0.000827626304273706	0.000107727842470646	2.83730637181139e-05	3.76886444209602e-06	
2.23277690354578e-06	3.18125327110893e-06	3.84564054484694e-05	0.000490466659812223	0.00320198814442661	0.0136322693044076	0.0462503307414242	0.109673865357236	0.186865374008647	0.228576156171817	0.202463281166952	0.12692781679147	0.057709209562123	0.0187805037260871	0.00451960334554935	0.000774115551686861	7.95086409555327e-05	1.16403917837295e-05	
1.69845202179302e-06	0	5.04566730942235e-05	0.000467291129655437	0.00300049618288266	0.0139196680617643	0.0473376195396281	0.110255274989952	0.188994422084805	0.22879500267714	0.200950096895784	0.126290767072067	0.0562804663219279	0.0185435275218701	0.00427743397073527	0.000761882212243877	6.59414963141875e-05	7.95471811270613e-06	
3.06182106706878e-07	7.65455266767194e-08	4.20730236039568e-05	0.00057236242170811	0.00308625710079081	0.0140991907192673	0.0484178372834097	0.113658692826097	0.190438633424247	0.229217835475134	0.199392024096604	0.123911506851284	0.0549332394230787	0.0173943180489687	0.004024322530214	0.000715975337787755	8.92160626807364e-05	6.13264749021717e-06	
5.74836551449514e-06	4.89103529952176e-05	0.000590272972239218	0.00327081550082755	0.0144227072758307	0.0484054325062602	0.115290919988384	0.192204431110545	0.231247396838798	0.197303338767986	0.12210027081696	0.0535657948470488	0.017047064456127	0.00385074231052472	0.000563832281640613	7.34841678776661e-05	8.71208667539529e-06	1.25353765113601e-07	
4.42272574823723e-06	6.89820507439056e-05	0.000573088161884625	0.00346158237359665	0.0160744746752719	0.05114488602805	0.117687716670693	0.194922012469022	0.230506243895536	0.195765492632367	0.118060227761735	0.0513668730109481	0.0160733122065707	0.00352623523055678	0.000643361844518751	0.000112986613072792	6.28000332831269e-06	1.82164635551765e-06	
2.45326359068225e-06	6.40584348550542e-05	0.000610082254071145	0.00359838603959366	0.0166960015548399	0.0536920865811886	0.120626181403953	0.196763248335374	0.230655309087779	0.191704035768852	0.115985203187745	0.0499855775459018	0.0154889196242004	0.00353634134395655	0.000507973566376332	7.71275575300964e-05	7.01445019346809e-06	
6.17526738483896e-06	7.74942514016496e-05	0.00071267672185217	0.00389907007344508	0.0172224727082407	0.0552142614766162	0.122678843484859	0.198375592344899	0.232831041070213	0.190103072083977	0.11247600335267	0.0478581303708708	0.0147803373953713	0.0031718431009123	0.000489108840649322	9.57478777538e-05	8.12957888379811e-06	
6.27615573994703e-07	0.000109467729157814	0.000781595045989021	0.00412954578343665	0.0185647173388377	0.0574706379289893	0.125479951761912	0.198061939131732	0.230083936194072	0.189052094705481	0.111258797117243	0.0469170461400314	0.014301204562986	0.00316287981308202	0.000526017520970383	9.2646741539899e-05	6.89486896537444e-06	
7.73810912232565e-07	9.51742950154548e-05	0.00085637742600561	0.0044254646317604	0.0193913412382269	0.0589986659989064	0.127223741888522	0.199225842207014	0.230975259464024	0.187987101461531	0.10840704419641	0.0451976105163749	0.0137414453591547	0.00292775805832342	0.000468013291847878	7.10527410617224e-05	7.33341490960632e-06	
4.68262090699337e-06	6.92530310229722e-05	0.000693578790812312	0.00437218180025991	0.01954509528536	0.0600111589432988	0.128723871491805	0.204471084618199	0.22925406013332	0.186023846242526	0.106264617724135	0.0441775160971647	0.0130309476237256	0.0027588856163707	0.000521428053122477	6.78535760080738e-05	9.93835196294513e-06	
2.5765888367197e-05	0.000684168268463824	0.00492027216132185	0.0204479591093842	0.0617978312476064	0.131198371467958	0.206220032000327	0.229548326108537	0.181388194833779	0.104498494072198	0.0430784559399268	0.0129380508552201	0.00280310394667241	0.000389885585866608	5.83751469470535e-05	2.71336742370861e-06	
4.00904339357979e-05	0.000845420145392816	0.00500603839173524	0.0213263705217381	0.0637671319380263	0.13685235631974	0.208526449457461	0.227131806245436	0.179571153731595	0.100442137202643	0.0418265856568385	0.0118783048732892	0.00247403010719822	0.000288729170159012	1.5819977678626e-05	7.57582713331423e-06	
7.76398443172334e-05	0.000873777383797399	0.00515084008272837	0.0224358725657829	0.0657190352451303	0.137164640226903	0.212438570347481	0.227579633986747	0.175817131745641	0.0981612589936483	0.0405650963316819	0.0112879631842859	0.00242017191364204	0.000296573384407606	9.63058696060457e-06	2.16417684507968e-06	
6.0761363831954e-06	0.000130047388894458	0.00102723297221507	0.00559886377604906	0.0236452101952418	0.068679825424696	0.14164410402219	0.21136736243774	0.226841858770081	0.175561747843773	0.0950094726740335	0.0375444647820585	0.0104090134265447	0.00215965312624897	0.000358681784696331	1.63852391537916e-05	
1.10831989868859e-05	0.000164912879974835	0.00120575054522801	0.00590874874899077	0.0251545363263689	0.0711194430593748	0.142992310463741	0.213652322004716	0.227554924040811	0.171813437864848	0.0916758737842739	0.0362420058197951	0.0101035886803924	0.00201161890522703	0.000355745997184264	3.36976800880152e-05	
