# <P(U)> as a function of N_tot.
# number_of_species: 1
# species_total_upper_bound: 326
# species_total_lower_bound: 297
# volume: 729
# Bin widths for each
10	10	10	10	10	10	10	10	10	10	10	10	10	10	10	10	10	10	10	10	10	10	10	10	10	10	10	10	10	10	
# Bin lower bound for each
-1370	-1380	-1380	-1390	-1400	-1410	-1410	-1410	-1420	-1420	-1430	-1430	-1440	-1440	-1450	-1450	-1460	-1460	-1460	-1460	-1470	-1470	-1480	-1490	-1500	-1500	-1500	-1510	-1510	-1520	
# Bin upper bound for each
-1210	-1210	-1220	-1220	-1220	-1240	-1240	-1240	-1240	-1250	-1250	-1250	-1260	-1270	-1270	-1270	-1280	-1280	-1280	-1290	-1300	-1300	-1310	-1320	-1330	-1330	-1340	-1340	-1350	-1360	
# Normalized histogram for each
0.00187375926751205	0.011688206457886	0.0165093384110521	0.021776121217032	0.0359660495077584	0.0820200137746627	0.114167645748086	0.122361544382774	0.141605558481546	0.11835068670745	0.129259004172913	0.0938297613742252	0.0566584288781753	0.0380727626301503	0.0134302961552486	0.00118502613134546	0.00124579670218369	
0.00205032226860273	0.00410064453720546	0.01385807564112	0.0209763739787818	0.0280315854774097	0.0453594372653958	0.100192414859053	0.12558486757021	0.133344548771384	0.130011460775758	0.125973903077586	0.116584478534703	0.0681232716834723	0.0566940393451586	0.0207135121494737	0.00515209185443763	0.0028599367028715	0.000389035507375903	
0.00299272273177453	0.00715885113895707	0.0187314300477974	0.0287538216423373	0.0403909916892736	0.078801188476941	0.123584377556733	0.127470611032166	0.148624208758558	0.104002497524006	0.116522413124919	0.0863368212547905	0.0636330362140981	0.0362894544201869	0.0125414459802782	0.00264823666192998	0.00151789174525255	
0.00083313235842231	0.0042423976672294	0.0118830983753919	0.021179101532525	0.0408234855626932	0.0629343798645064	0.111727434171581	0.136173291530552	0.137346254193067	0.140284141983294	0.102146412049725	0.0997237508495758	0.0599416807349104	0.0416456556532415	0.0199184407270176	0.00448356756045691	0.00376005788077437	0.000953717305036066	
8.98341437121714e-05	0.00353721940866675	0.00427835109429216	0.017809618990938	0.0326996283112304	0.0404141354025131	0.0951568167271176	0.12456626952489	0.155817322268761	0.150820298024772	0.130888347388634	0.0852862901867427	0.0629400469383401	0.0432663694653746	0.0369892086734866	0.00955610703738223	0.00524406813919801	0.000617609738021178	2.24585359280429e-05	
0.000247521967574622	0.000157513979365669	0.00567050325716407	0.00482667836770513	0.0160214219011937	0.0449252371147939	0.0640519346091966	0.107222015953916	0.151179667195464	0.140018676657553	0.145846693894083	0.111643658374681	0.0868127046275357	0.0539597889312676	0.0408973796424433	0.0197230004162869	0.00546798528369393	0.00132761782608206	
0.000945670099526012	0.00311379179112223	0.00710405830863443	0.00497053430360623	0.0192132486074431	0.0584239600512046	0.0802666328378176	0.139636262988548	0.15309476306351	0.143061433958783	0.136234157142692	0.094797661196388	0.0708099318425575	0.0414018982597364	0.0303652362445364	0.0126050904729504	0.00348283378118117	0.000472835049763006	
0.00152873799256166	0.0072786182033906	0.00539621694389303	0.00966299313208753	0.0396102858968216	0.0617199443265567	0.104798411937847	0.155760147854063	0.14954251945148	0.149086179752208	0.123599607547859	0.0840577726059279	0.0481438382732106	0.0273575649713647	0.020603737422137	0.00849932689894357	0.00257831930088758	0.000775777488762635	
0.00180048772705518	0.0066777582788249	0.007475442714862	0.0108940902978782	0.0227112154431707	0.0489778243726782	0.094149554436265	0.125122501538391	0.154716594115368	0.146773936230827	0.131503977026688	0.0976935524306584	0.0673587528773617	0.038995373430271	0.0221300453540579	0.0153269366638558	0.00584588736695763	0.00180048772705518	4.55819677735488e-05	
0.00331630665820897	0.00455157524566265	0.0104385759912752	0.0171713462201894	0.0375477136402586	0.0607507317018885	0.121846448324597	0.15261687755261	0.148232230494441	0.139585350382266	0.115848162120656	0.0824847817135735	0.0483869172815188	0.0217563071033508	0.0228914187783082	0.00624311421226588	0.00616521439143547	0.00016692818749374	
0.000299560644388231	0.00430479740824568	0.00633515288687703	0.0128589180313318	0.0226001863932898	0.042837172147517	0.0879931655793725	0.135467980295567	0.131429459015666	0.162406248613145	0.148604269293924	0.0954821816890782	0.0699307682066303	0.032385834109972	0.0228664625216349	0.0149114631873253	0.00632405804819598	0.00165313096347579	0.00130919096436338	
0.00121426466254052	0.00489242558208075	0.0114353079870321	0.018815207780725	0.0376775714706749	0.0639080459770115	0.124680223990569	0.146301208370174	0.149189507810197	0.153468906572355	0.0980371352785146	0.0656528146183319	0.0585086943707633	0.0338343648688476	0.0161391099322134	0.010621868552903	0.00456233421750663	3.53669319186561e-05	0.00102564102564103	
0.000603563345133771	0.00429458534037491	0.0101096860309907	0.0168881666763392	0.0218907782485056	0.0555394347397133	0.0930648250246648	0.1432186176078	0.146770355754164	0.145806975799431	0.135372294121061	0.0745284661366142	0.0615402472288318	0.0515350240844989	0.0188613545354303	0.00904184318960014	0.00636062909871743	0.00414369450409146	0.000429458534037491	
0.00188805720031281	0.00818902915875321	0.0129929616802592	0.0237627080773098	0.0297843816333371	0.0762596357948832	0.128723047704167	0.136342308121998	0.166450675902134	0.147603619707295	0.0884929058205787	0.0565858563289018	0.0539157636018322	0.0375153614121327	0.0147022679030276	0.0083566082002011	0.00777566752318177	0.000659144229695006	
1.07270815901826e-05	0.00217759756280706	0.0125828667052842	0.0185256699062453	0.0260989895089142	0.0503636480659072	0.0969191821672996	0.137017013151402	0.159082619982408	0.154212524940465	0.134903778078136	0.0678166098131342	0.0506532792688421	0.039776018536397	0.026967883117719	0.0124648688077922	0.00730514256291433	0.00282122245821802	0.000300358284525112	
0.00174600257305642	0.00712695787130634	0.017276235986032	0.0250975106700157	0.0392799526230881	0.0816230676550471	0.13249198472503	0.137464518368764	0.150350221568748	0.165053401131328	0.109140476628071	0.0543915538401846	0.0214012946966448	0.0244848781882415	0.0187976066491045	0.00886274990299986	0.00315505728113705	0.00212379260348384	0.00013273703771774	
0.000213816626788169	0.00306470498396375	0.0120144580766685	0.028457974851092	0.0339052079621239	0.0602046530570687	0.116244972763834	0.137677544163315	0.13927607799216	0.136099373822736	0.151270172580563	0.079529603421066	0.0402891615333707	0.0256274499821819	0.0130835412106094	0.0139693529501604	0.00571195845848394	0.00158835208471211	0.00177162347910197	
0.000437893731153153	0.00723519869428051	0.0201132552422846	0.0374498661438481	0.0479792199520307	0.0712572526149222	0.135557966182661	0.149550661319055	0.1300942466735	0.150416496651108	0.100068669698749	0.0603198614663469	0.0376389566186642	0.0189488560026274	0.0127287745942019	0.0130671470228202	0.00561300146296315	0.00106487793712244	0.000457797991660115	
0.00110079733428537	0.0112658177634972	0.0240787020508549	0.0340354635249316	0.0612578840890158	0.101858463247253	0.163136181522472	0.137907096671824	0.144323455908604	0.131718830576381	0.0721666865008529	0.0447955095402436	0.0270042445158475	0.0159962711729938	0.0151235669800468	0.0100757665912968	0.00289579118568765	0.000872704192946963	0.000386766630965132	
0.00637988693367306	0.0188510231706346	0.0326956764073573	0.0389362210367067	0.0656401783581495	0.124124134087109	0.15963651564615	0.135739310454654	0.153425830082013	0.107900708655148	0.0556274384903257	0.0382395095150888	0.0246635878652759	0.0163030496058603	0.0117445656501314	0.00738514212915041	0.00255792658651167	0.000149295326060992	
0.00132755456639725	0.0122896411698098	0.0266389442036625	0.0413884658935614	0.054810433017063	0.0801218226543282	0.149720823083831	0.157412830424427	0.149593924485573	0.14344422318535	0.0717172308773574	0.0425988832923353	0.0290012104173988	0.0149349888719691	0.0104935379329194	0.0102299793057671	0.00225489047674827	0.0020206161415017	
0.00741039762405928	0.0181367319281451	0.0389358246109782	0.0423382639870054	0.0684813010005478	0.118056957219611	0.159376411675942	0.169170439145353	0.133560162625068	0.0980556116221178	0.0632334707765059	0.0321597800909239	0.0249416106801995	0.0124275539920994	0.007458454677393	0.00445008313870227	0.00118220351200946	0.000624741693338331	
0.0001359843812225	0.0143366390488864	0.0307130438161103	0.0449719775042981	0.0579779122512214	0.0830281779064233	0.142278515439084	0.172233931988383	0.148368673083834	0.116208366924713	0.0815226365428885	0.0428350800850874	0.0343651957689431	0.0156090643303255	0.00849902382640622	0.00425436849824677	0.00218546326964731	0.000475945334278749	
0.00062586926286509	0.00491754420822571	0.0232068348897278	0.0394396979932446	0.0527419034373137	0.0826445459964236	0.108364792370356	0.156149413868468	0.17413073713491	0.12425988476058	0.095022849195311	0.0603914166501093	0.0348301212000795	0.0238823763163123	0.0121895489767534	0.00428174051261673	0.00268229684085039	0.000238426385853368	
0.000585800203077404	0.00128876044677029	0.0163242989924237	0.0321213778020776	0.0560122627509178	0.0680602202608764	0.086864406779661	0.123574552839178	0.177429118175428	0.166933531203624	0.109046707802859	0.0680406935874404	0.0462977427165508	0.0221334843396079	0.0151526985862688	0.00792782941498086	0.00128876044677029	0.000917753651487932	
0.00118587451456091	0.00457150099124625	0.0207120678573692	0.0509473417400672	0.0847311866892375	0.0685815673459042	0.0997130364724307	0.15233508649642	0.168674807861171	0.13673766826292	0.0818524989363339	0.0591669910471	0.0370879991309622	0.0142667040835725	0.012926937456435	0.0049336000796618	0.00116776956014013	0.000407361474467488	
0.00209810639258492	0.0122787914198957	0.031170601722749	0.0748413141051178	0.078692268876318	0.0845882134225693	0.119972733469666	0.151178746270771	0.174222505510849	0.0951318620030276	0.0704946042369355	0.0456271744615303	0.029603661505502	0.0159792491080835	0.0114112200001771	0.00245221717614356	0.000256730318080011	
0.000384087791495199	0.00536808413351623	0.0211339734796525	0.0434659350708733	0.0759213534522176	0.0844078646547782	0.102734339277549	0.142139917695473	0.16503886602652	0.144581618655693	0.0812437128486511	0.0491998171010517	0.0322725194330133	0.0280109739368999	0.0152446273433928	0.00771833561957019	0.000923639689071788	0.000210333790580704	
0.00341871210704842	0.00906314824212316	0.0318545622891126	0.0709471791173669	0.0890734756016132	0.105962269526277	0.130988310497405	0.138965305413851	0.147779172564835	0.10212512130196	0.0671812540619463	0.031542960925189	0.03095536978179	0.0243850324510563	0.0130694514925705	0.00261745145695895	7.12231688968421e-05	
6.79538253756572e-05	0.0115861272265496	0.0191799672122793	0.0660596124933108	0.0843052146066748	0.0986604602172824	0.108046582347295	0.133147026595428	0.14235476993383	0.125723071173138	0.0799136986417729	0.0575908670058695	0.0293815352467998	0.0171838235918693	0.0187977269445412	0.00654904992057897	0.00145251301740467	
