# <P(U)> as a function of N_tot.
# number_of_species: 1
# species_total_upper_bound: 326
# species_total_lower_bound: 297
# volume: 729
# Bin widths for each
10	10	10	10	10	10	10	10	10	10	10	10	10	10	10	10	10	10	10	10	10	10	10	10	10	10	10	10	10	10	
# Bin lower bound for each
-1370	-1380	-1380	-1390	-1400	-1410	-1410	-1410	-1420	-1420	-1430	-1430	-1440	-1450	-1460	-1460	-1460	-1460	-1470	-1470	-1470	-1480	-1480	-1490	-1500	-1500	-1510	-1510	-1510	-1520	
# Bin upper bound for each
-1210	-1210	-1220	-1220	-1220	-1240	-1240	-1240	-1240	-1240	-1250	-1250	-1260	-1260	-1270	-1270	-1270	-1280	-1280	-1290	-1290	-1300	-1310	-1320	-1330	-1320	-1320	-1330	-1330	-1330	
# Normalized histogram for each
0.00102468096419709	0.00639179369018079	0.00986463133640553	0.0188873626373626	0.0368995923431407	0.0814926001417937	0.100629209500177	0.107104085430698	0.129669221907125	0.14202632045374	0.137146623537753	0.115129829847572	0.0644662796880539	0.0359801488833747	0.0117699840482099	0.000836361219425736	0.0006812743707905	
0.00109118990061778	0.00218237980123556	0.00748724147193124	0.0155004924344167	0.0253267973856209	0.0493273793535679	0.0972502014504432	0.106270704628884	0.121368296176918	0.135458635508998	0.139868161876623	0.123684976273614	0.0942340406482228	0.054123019070642	0.0202849404602023	0.00481242725400663	0.0015220700152207	0.000207046288835169	
0.00159454586432274	0.00374690105927428	0.0109533468559838	0.0223968897903989	0.0414581924723913	0.0850405679513185	0.108902411539328	0.113398692810458	0.141593418976786	0.118627450980392	0.126188866351138	0.104084967320261	0.0679682217714672	0.0375591615956728	0.013657876943881	0.00203403200360604	0.000794455713319811	
0.000565498911414595	0.0023015805694574	0.0067068170893771	0.0139282381881415	0.031809313767071	0.0605140385104759	0.104402409025363	0.113173297141403	0.123504962252948	0.135516159131394	0.12388950151271	0.114377809822716	0.083416744422767	0.0532304125314559	0.0243673480928549	0.00560974920123279	0.00219413577628863	0.000491984052930698	
4.52450301162232e-05	0.00301445013149337	0.00346124480389107	0.0108079065690128	0.0214235217600317	0.0444193083166021	0.0837428951163646	0.113994853377824	0.129474309306337	0.138489381556995	0.132946865367757	0.102389503153013	0.096496337980375	0.0664649492407318	0.036382659842208	0.0122444362752029	0.00387976133246614	0.000311059582049034	1.13112575290558e-05	
0.00012521271933569	7.96808213954388e-05	0.00436537071502154	0.00365393480970512	0.0130961121450646	0.0332553599581107	0.066004177551636	0.0950478369502735	0.130955429963404	0.122344209765454	0.13488255616075	0.126231495552103	0.100175866955794	0.0792198109287938	0.0547236498369389	0.0253669586399622	0.00941941138638938	0.0010529251398683	
0.000479866105652472	0.00221791773222301	0.0045996921834493	0.0042368665913706	0.0201192642833317	0.0458564732182045	0.0822911850937202	0.117520379679426	0.132045107413931	0.13945962394883	0.133531521936318	0.107765052873052	0.0913969370497598	0.0604631293122114	0.0362825592078698	0.0156600207161709	0.00541897577846572	0.000655426876013132	
0.00113521326209968	0.00430678845827506	0.00451744658938634	0.0123703135880346	0.0306156483881727	0.0616935743418396	0.10419385229354	0.126377323822509	0.139999882967705	0.145418478229067	0.12448725225726	0.0948605267623601	0.0726887584628978	0.0388313155015126	0.025109278905514	0.00938013844920506	0.00361629791741031	0.000397909803210196	
0.00113235535575774	0.00397456729870968	0.00465398051216433	0.00814163500789818	0.0210844567242092	0.044750683659546	0.0857023151005249	0.109566704223119	0.133300872479802	0.153728563097671	0.13157969233905	0.107398243716843	0.086155257242828	0.0550607791737203	0.0316436704166502	0.0160454753910872	0.00424067080731275	0.00181743034599118	2.26471071151549e-05	
0.00257916526798702	0.00292603782029764	0.00667449927268658	0.0161351684010294	0.0328969452836522	0.063287456640931	0.107071724292268	0.129965312744769	0.139442766028869	0.140203647756518	0.123296408190668	0.0972194248629294	0.0600928723285219	0.0375181828354034	0.0272183059192123	0.00796687926597292	0.00417366006489874	0.00127559583752937	5.59471858565514e-05	
0.000182629196320852	0.00292760135920396	0.00573898413893101	0.00996159252659192	0.0221424064993857	0.0456130253356503	0.0842363332484753	0.124912836065392	0.11914618083611	0.146274917816862	0.142622333890445	0.11107729088957	0.079654000686243	0.0501123446268277	0.0291708634487033	0.0171173364915271	0.00612637940385403	0.00147210200670747	0.00151084153319977	
0.00109116669142263	0.00439323133876441	0.00864935272677415	0.0127169479324962	0.0348487791501468	0.0645159447446898	0.110807691868237	0.125375624135922	0.136824305023937	0.150872362061677	0.113961220735595	0.0839455673495504	0.0720684178654266	0.040767358691057	0.0205664926132014	0.0124198763725277	0.00448463797260086	0.00114829583757041	0.000542726888403926	
0.000636576682139799	0.00240547117941322	0.00709811167695705	0.0122583261976655	0.021266167921042	0.0503965929063951	0.0911206002974447	0.130492586416693	0.126104150705304	0.14387196358556	0.132729054937131	0.0980835098472216	0.0730542160529992	0.0585425210689982	0.0245110189733652	0.0149567353193024	0.00824169633602235	0.00337441975753752	0.000856280138807517	
2.22390250411422e-05	0.00208490859760708	0.0042309745140773	0.0100298002935551	0.0165903126806921	0.030022683805542	0.0724825423653427	0.115809722901748	0.123593381666148	0.143703020059601	0.148929190944269	0.104128674998888	0.0748954765823066	0.0689520971400614	0.0393575145665614	0.0186641017657786	0.0165069163367878	0.0071943246008095	0.00270760129875906	9.45158564248543e-05	
0.000671196782693108	0.00047704895298849	0.00205796699486895	0.00837054500069338	0.0125308556372209	0.0232367216752184	0.0499847455276661	0.0946886700873665	0.123278324781584	0.138948828179171	0.151424213007905	0.130644848148662	0.0882152267369297	0.0702815143530717	0.0473387879628346	0.027563444737207	0.0139176258493968	0.0117930938843434	0.00285119955623353	0.00172514214394675	
0.000967715480714032	0.00357562669145185	0.00471829638336842	0.0134769415816954	0.0175664962685547	0.0357289303190181	0.0744922227385801	0.124080806976299	0.134813154369755	0.144490309176895	0.160290861376124	0.107777261419863	0.0663021787266614	0.0401027855990815	0.0309887646592493	0.0186052868975698	0.0132254449030918	0.00569147918318253	0.00299062354774336	0.000114813701101665	
0.00200767735821783	0.0054555286080639	0.00883913418244701	0.020489016666399	0.0274275496163998	0.0507862064534781	0.106294470053485	0.135579790452022	0.14083187442112	0.144965012875904	0.145869806138674	0.0818596981524014	0.0513269408886248	0.0372357227370799	0.0154671463677101	0.0130258107001172	0.00844295251709203	0.00194878548904344	0.00194343168275485	0.000203444638966073	
0.00411801727505534	0.00639133642953253	0.0133089543817006	0.0243283128608013	0.0399214375623942	0.061694300967924	0.120523894266244	0.153533139459178	0.1410271713182	0.150885455097878	0.116899605017579	0.0669679673596944	0.043448066322323	0.0254839619775164	0.0124734146447328	0.0106775467685229	0.00625027127913538	0.00077585832718434	0.00129128868440471	
0.00031841218457293	0.00271181043861278	0.00799745270252342	0.0179531403401703	0.0255260434632632	0.0548889537506302	0.0899302146628811	0.143449996019848	0.139851938334174	0.15247698145249	0.142940536524531	0.0930718815506673	0.0535038607477379	0.0311884734789185	0.0190675829861756	0.0118130920476557	0.00763127869026455	0.0029453127072996	0.0019635418048664	0.000769496112717913	
0.00170716256697124	0.00620054328569741	0.0136089846140632	0.0234976432567079	0.0326615630737516	0.0643675445848589	0.106375554290991	0.157075061468589	0.140314805072098	0.153714420692099	0.119249063207962	0.0763767353468546	0.046055810258007	0.0268958630834148	0.0153751999742315	0.00813854858971193	0.00588380557673105	0.00186821563932701	0.000633475417932723	
0.0026015877179365	0.0106900631125909	0.0190676038092383	0.0331086832004882	0.0509986135571627	0.0738561846591974	0.135914222548164	0.163230893586497	0.146181393830062	0.145003720377498	0.0874369007917177	0.0514375645713001	0.0351642586813269	0.0242654261839633	0.00982822026776012	0.00662708970124566	0.00284247546959729	0.00135432447044843	0.000390773463805277	
0.000234672006758554	0.00564255802917234	0.01481562602669	0.0307524627523376	0.0393414581997007	0.0651084445417899	0.10754235829722	0.153637155358083	0.164447712469427	0.136688621536632	0.110984214396345	0.0722320436802829	0.0433152375141455	0.0263041244908921	0.0156500153840538	0.00694107646656967	0.00434403959177501	0.00166877871472749	0.000349400543396069	
0.000412050904134772	0.0104914499437392	0.0273274272703741	0.039261055378585	0.0542797825639075	0.0853737777143853	0.130044321885714	0.164292091263993	0.148528502828888	0.124545027126685	0.0882105897082363	0.0544805253120757	0.0345911451317242	0.0201006883363181	0.0104174920891509	0.0040940955218519	0.00254098057549776	0.00100899644474028	
0.00161121024456807	0.00638186207620447	0.0211661593366222	0.0335257688674294	0.0452031069591687	0.0792274588013016	0.106549805815052	0.144688779258948	0.15945208355201	0.129726041776005	0.10790385220951	0.0695654455757321	0.0413246562401595	0.0281883069171827	0.0165057205836045	0.00585178965046709	0.00247192190616144	0.000656030229872993	
0.000305424336211109	0.00307969539012869	0.0141818700114025	0.0321510017918228	0.0435687815605147	0.0650604740185698	0.0857173399576478	0.116264863984362	0.163371477439322	0.159747108649617	0.117959969050334	0.0797412037791171	0.0561217217787913	0.0292087473529891	0.0202394526795895	0.00901001791822773	0.00351747027203128	0.000753380029320736	
0.00145712519501928	0.00872803273380236	0.0226369550498955	0.0427521513447745	0.0649377410143946	0.0742790419279189	0.104883577168762	0.144613542923866	0.16343842296861	0.131008801624915	0.0865689362495462	0.0667137656628693	0.0448617938830179	0.0187463817177396	0.0166318330340585	0.00513182812791302	0.00194283359335904	0.000377773198708703	0.000289462580828746	
2.92124328114045e-05	0.00299914310197087	0.0137152372049544	0.0316370647347511	0.0574365116460232	0.0709716055153073	0.0901933863052115	0.126874464438732	0.155108280750954	0.155161836877775	0.0976717691049311	0.0763223494585962	0.0557470592817636	0.0311258471605515	0.0186375321336761	0.0124055464672431	0.00240028822933707	0.00105164758121056	0.000496611357793877	1.46062164057023e-05	
0.000594750594750595	0.00711263211263211	0.0191295191295191	0.0357532857532858	0.0656321906321906	0.08504446004446	0.11530849030849	0.150096525096525	0.15471802971803	0.127379002379002	0.0872528372528373	0.0558285558285558	0.0408037908037908	0.0282360282360282	0.0169308919308919	0.00713700713700714	0.00220837720837721	0.000531375531375531	0.000302250302250302	
0.00306433184658262	0.0101682275158834	0.0291756899527204	0.059508272739876	0.0825648600972364	0.103302881236824	0.138492501709046	0.148579459893585	0.130384690770194	0.102389796396422	0.080083755216774	0.0399749499237502	0.0347306877775706	0.0231521983354129	0.0105315492324829	0.00275837671681462	0.00052586037928875	0.000305955129768	0.000305955129768	
3.69837872322721e-05	0.00977758874953192	0.0221209277383027	0.0495166681306082	0.0718779904859207	0.0952147602294844	0.116665356824202	0.144444804009043	0.15412531031709	0.110299522446847	0.0870274743309402	0.0571769350610926	0.0364937520514445	0.0204104275788101	0.0150801392439589	0.00650452357947585	0.00162266366481594	0.000434559499979197	0.00111875956377623	5.08527074443741e-05	
