# <P(U)> as a function of N_tot.
# number_of_species: 1
# species_total_upper_bound: 326
# species_total_lower_bound: 297
# volume: 729
# Bin widths for each
10	10	10	10	10	10	10	10	10	10	10	10	10	10	10	10	10	10	10	10	10	10	10	10	10	10	10	10	10	10	
# Bin lower bound for each
-1370	-1380	-1380	-1390	-1400	-1410	-1410	-1410	-1420	-1420	-1430	-1430	-1440	-1440	-1450	-1450	-1460	-1460	-1460	-1460	-1470	-1470	-1480	-1480	-1480	-1490	-1500	-1500	-1510	-1510	
# Bin upper bound for each
-1230	-1230	-1230	-1240	-1240	-1250	-1250	-1250	-1260	-1270	-1270	-1270	-1280	-1280	-1290	-1300	-1300	-1300	-1310	-1320	-1330	-1330	-1340	-1340	-1340	-1350	-1350	-1360	-1360	-1370	
# Normalized histogram for each
0.00244107744107744	0.0110830527497194	0.0158529741863075	0.0196127946127946	0.0246913580246914	0.061952861952862	0.111840628507295	0.108052749719416	0.132070707070707	0.120735129068462	0.136307519640853	0.1337822671156	0.0748597081930415	0.0418350168350168	0.00488215488215488	
0.00472947947234964	0.00447306191059574	0.00991481238781732	0.0166671415140032	0.018803954528619	0.0316818142967036	0.0781503746545486	0.118322459329326	0.123450810564404	0.129490868685718	0.115330921108864	0.154762243938574	0.0977235818684293	0.0748454371919428	0.0202284965383629	0.00142454200974387	
0.00471118394100778	0.0105928483642535	0.0112658746415404	0.0196348100895418	0.0276526013928718	0.0446245683853222	0.0909170714578334	0.120091297477615	0.159185345584362	0.109586235149529	0.137180312518289	0.12041317961023	0.0902440451805466	0.0433663018669164	0.01032949025575	0.000204834084391643	
0.00218265364732912	0.00476737507179782	0.0150775416427341	0.0211659965537048	0.0285468121769098	0.0551120045950603	0.071338311315336	0.125617461229179	0.14684089603676	0.147587593337163	0.102096496266514	0.119500287191269	0.0734348075818495	0.0599080987937967	0.0234635267087881	0.0033601378518093	
0.000221098305834232	0.00870574579222287	0.00627366442804632	0.0168311085316309	0.0397976950501617	0.0382500069093221	0.0835751596053395	0.0892408036923417	0.156537600530636	0.163916756487853	0.117209739380372	0.0856479562225354	0.0741232070309261	0.0628748307216096	0.0484205289776967	0.00823591189232513	0.000138186441146395	
0.000583275889495731	0.000371175566042738	0.0133623203775386	0.0077946868868975	0.0216872580730686	0.0479081605599449	0.0608462802905774	0.08733230818177	0.122169786308924	0.155018823903706	0.162654435548014	0.110875444085052	0.0788217827032186	0.0527334429185004	0.0509571027095816	0.0196988175406967	0.00718489845697015	
0.00220430107526882	0.00725806451612903	0.0165591397849462	0.00559139784946237	0.0278763440860215	0.0652150537634409	0.080752688172043	0.0998118279569892	0.141935483870968	0.156478494623656	0.128790322580645	0.0900268817204301	0.0720161290322581	0.0462634408602151	0.0397043010752688	0.0171505376344086	0.00236559139784946	
0.00356430376379838	0.0169703418007714	0.0101609256550073	0.011570687591435	0.0452719776566033	0.0715254688123421	0.0974065700226094	0.10216784146828	0.14714722702487	0.165527330762069	0.135736135124352	0.094454049740657	0.0431706343928714	0.0280888416012768	0.0185928979917542	0.00813938023673361	0.000505386354568427	
0.00443123177024905	0.0164348216288984	0.0172481489791339	0.016855508189365	0.0369082342382769	0.051463989230424	0.0841934036347319	0.103208436167826	0.108481041059008	0.180250168274624	0.130581108368858	0.11439869867624	0.0671976665918779	0.0235584473861342	0.0261947498317254	0.0157336773614539	0.00286066861117344	
0.00811414256929696	0.0107825518706094	0.0177803191199695	0.0240701410444916	0.0486848554157817	0.0606382399390078	0.0970157381691445	0.128110875129336	0.151173555519251	0.170097478625497	0.103795676087785	0.105020966073082	0.0292708163154169	0.0191689811033056	0.0181615204487284	0.00811414256929696	
0.000683838614087075	0.00914317554390497	0.0123090950535674	0.018716916141124	0.028619912367348	0.0469062634551579	0.083073727933541	0.115366106932097	0.120355596079325	0.186637286933617	0.163184155206038	0.0963452625180457	0.0601018159714307	0.0193501000430565	0.024643517463212	0.0121824582731809	0.00238077147126611	
0.00279125226958619	0.00791306468659386	0.0174521015690632	0.0130348771036015	0.0517330153654373	0.0605674642963605	0.118262377713341	0.138478632015393	0.143898539334977	0.182027587328257	0.101840058534999	0.0742256307417143	0.0365030757974039	0.0260697542072031	0.0195658654237013	0.0041462290994824	0.00149047451288583	
0.00140180617333872	0.00997439007952554	0.0189513411510985	0.024288987734196	0.0217279956867502	0.059765467044076	0.101657905378083	0.116053376465831	0.133548995821539	0.154360425933414	0.15147594015366	0.0804960237228737	0.0593341420676641	0.0329154872624343	0.0177921552769915	0.0127510446151772	0.00350451543334681	
0.00433611289288005	0.0181398332264272	0.0192174470814625	0.0312251443232842	0.0408210391276459	0.08120590121873	0.131982039769083	0.126953175112251	0.161180243745991	0.168774855676716	0.0787427838357922	0.0506221937139192	0.0429762668377165	0.0270686337395767	0.010673508659397	0.0054650416933932	0.000615779345734445	
2.28221922997923e-05	0.00463290503685784	0.0209964169158089	0.0235068580687861	0.030992537143118	0.0555720382499943	0.108291302462515	0.133623935915284	0.162745053289819	0.171006686902344	0.141680169797111	0.057580391172376	0.0457813177533834	0.0198781294931191	0.0166145559942488	0.0044503274984595	0.00262455211447612	
0.00340943076462965	0.00743694546904596	0.0217326288505633	0.0265776094108264	0.0434851958927325	0.0911574120227295	0.164131193300768	0.142298873492174	0.159126707207656	0.165786063204067	0.0866513807197687	0.0566842787359187	0.0134582793340644	0.0110258199581298	0.0053234971588077	0.00171468447811783	
0.000423771566945818	0.00274442538593482	0.0156190091817173	0.0273029966703663	0.0370497427101201	0.0670971647664211	0.144889516698618	0.166340429825446	0.143880536777318	0.136333366965997	0.143275148824538	0.0675814751286449	0.0338008273635355	0.00782968418928463	0.00341035213399253	0.00167490666935728	0.000746645141761679	
0.000843041079092581	0.00507740649908032	0.0204437461679951	0.0473061005518087	0.0559472716125077	0.0805104230533415	0.171520539546291	0.174030502759044	0.135365573267934	0.140500459840589	0.0870631514408338	0.0470953402820356	0.0237584304107909	0.00505824647455549	0.00306560392397302	0.00187768240343348	0.000536480686695279	
0.000784129224496197	0.0108405865286599	0.0267192033247079	0.0349133537206932	0.0727475888026347	0.123225907629577	0.201815259154709	0.149435426958363	0.160138790872736	0.105524190386576	0.0543793617188113	0.0302673880655532	0.0204069630675135	0.00670430486944248	0.00180349721634125	0.000294048459186074	
0.00840556868925663	0.0165282576630094	0.0383504071447334	0.0353801701319432	0.0761350548584591	0.143116930350973	0.182275565254289	0.162271928229375	0.161706168798367	0.0906427431250126	0.0367137459336041	0.0222060576670506	0.0174779252793437	0.00872885979268958	6.06170818936776e-05	
0.00253056211971792	0.0138808775096292	0.0327484509610554	0.0468898275124202	0.0590216400275385	0.0873416072790875	0.167984667770686	0.174273858921162	0.178665128481849	0.127011889920548	0.0564352566845915	0.0180674692518095	0.0205794242971178	0.0123364903336248	0.00223284892916287	
0.0117373392996662	0.0199232900063925	0.0521343845443568	0.0463278641949002	0.0696782441934796	0.136462106683713	0.180801193266567	0.182807727821578	0.131898572341786	0.0769585908090063	0.0472689821720293	0.0181298387669579	0.0166915263868172	0.00788408267632644	0.00129625683642304	
0.000253356979984799	0.0177711824532194	0.0383473886134134	0.0403380505990083	0.0612942922291795	0.0958232292156792	0.156592710557747	0.186778385030222	0.160031126714684	0.111784718954721	0.0682435122516197	0.0308371638495783	0.0190560642802852	0.00893988200803504	0.00390893626262261	
0.00629148104373125	0.0269297208837167	0.0440585507773434	0.052077461587417	0.096317847077007	0.119956359669061	0.163342122011092	0.180252750250023	0.138376216019638	0.0786616965178653	0.0457314301300118	0.0259114464951359	0.0147104282207473	0.00590962814801346	0.0014728611691972	
0.0210478311963938	0.0282040938031677	0.0728430357988529	0.0713872274744357	0.105326855278621	0.138547348850262	0.180467612649747	0.183238910423938	0.0910494097837335	0.0434286917018925	0.0339220879448547	0.0165751670671601	0.00910318699244032	0.00482346131584025	3.50797186606563e-05	
0.00585500812301951	0.0262992809921343	0.0485450948221783	0.0852354067139571	0.0735093052807669	0.118113529250913	0.175232028824655	0.175408965883318	0.131094275281893	0.0540301436407213	0.0471295983528768	0.0354678376682913	0.0141067091315607	0.00683620453923981	0.00313661149447474	
3.07810696421701e-05	0.018822624086187	0.0306117737591381	0.0744286263947672	0.0747056560215467	0.102424009234321	0.145902270103886	0.172958830319354	0.159892266256252	0.0748287803001154	0.0508503270488649	0.040538668718738	0.0327356675644479	0.0146210080800308	0.00506348595613698	0.00158522508657176	
0.00527087799609923	0.0238076048936959	0.0405067779944873	0.0800625413046632	0.0986959815599865	0.123486838923903	0.168071696835861	0.166040716323603	0.131191669756121	0.0600912329341221	0.037508663904963	0.0259675365495898	0.0292719096052483	0.00725350182949435	0.00277244958816229	
0.000327395568254535	0.00898849651026088	0.0335282825126122	0.0793190172180306	0.0970876676042085	0.132059466940488	0.15762608449782	0.157715374198253	0.129455184011191	0.0755093233328869	0.0421893834546185	0.0279030313853297	0.0286024673720553	0.0186615473905085	0.0107594089021831	0.000267869101299165	
0.00134653124955235	0.0176911286510335	0.0676703576902692	0.0949018034923864	0.120672119640734	0.131200848028191	0.161268604334685	0.146112965376957	0.110372588061711	0.0459539600911057	0.0432035983898924	0.0223610136228853	0.0135942357002679	0.0154421349682706	0.00820811070205847	
