# <P(N_1)> as a function of N_tot.
# number_of_species: 2
# species_total_upper_bound: 100
# species_total_lower_bound: 0
# volume: 512
# Bin widths for each species index 
1	1	1	1	1	1	1	1	1	1	1	1	1	1	1	1	1	1	1	1	1	1	1	1	1	1	1	1	1	1	1	1	1	1	1	1	1	1	1	1	1	1	1	1	1	1	1	1	1	1	1	1	1	1	1	1	1	1	1	1	1	1	1	1	1	1	1	1	1	1	1	1	1	1	1	1	1	1	1	1	1	1	1	1	1	1	1	1	1	1	1	1	1	1	1	1	1	1	1	1	1	
# Bin lower bound for each species index 
0	0	0	0	0	0	0	0	0	0	0	0	0	0	0	0	0	0	0	0	0	0	0	0	0	0	0	0	0	0	0	0	0	0	0	0	0	0	0	0	0	0	0	0	0	0	0	0	0	0	0	0	0	0	0	0	0	0	0	0	0	0	0	0	0	0	0	0	0	0	0	0	0	0	0	0	0	0	0	0	0	0	0	0	0	0	0	0	0	0	0	0	0	0	0	0	0	0	0	0	0	
# Bin upper bound for each species index 
0	1	2	3	4	4	4	5	5	6	6	6	7	6	7	7	7	8	8	8	8	8	8	9	10	10	10	11	11	11	11	10	10	10	10	11	11	12	12	13	12	12	13	13	14	15	15	16	16	14	14	14	15	16	16	16	15	15	16	15	16	16	15	15	15	15	15	16	16	16	16	17	17	18	18	18	18	18	19	19	18	19	19	19	18	18	18	19	19	19	20	20	20	19	19	20	19	20	20	20	20	
# Normalized histogram for each species index 
1	
0.921452274865348	0.0785477251346518	
0.848437142797764	0.146050252509508	0.00551260469272814	
0.783391239961269	0.199702786249463	0.0164762047771674	0.000429769012100846	
0.717365979488673	0.249625553868237	0.0310842295770839	0.00184102681450355	8.32102515029852e-05	
0.66056955207647	0.286151287923948	0.0490645164663927	0.00397410556479361	0.000240537968395403	
0.610016776506619	0.315346061179373	0.0666252044800067	0.00752590951139078	0.000486048322610654	
0.559244709826105	0.34137335009428	0.0866383825686151	0.0116488581604861	0.00106851037083595	2.61889796773518e-05	
0.517488263525077	0.355506591790486	0.106520612756515	0.0181660220546289	0.00218243480172292	0.000136075071570254	
0.471005954676825	0.372058986701046	0.12795422243122	0.0255253271902062	0.00314905713213888	0.000264182645313664	4.22692232501862e-05	
0.433547772982743	0.381477975818052	0.146407200038503	0.0328076620730592	0.00514441253696544	0.000502676484900989	0.000112300065775753	
0.400248266184527	0.382038481258602	0.165480206168875	0.0436408775669914	0.00749116226353995	0.000906711282618669	0.000194295274846858	
0.37213642664883	0.382536180679544	0.180895306625528	0.0530020659262416	0.00975786049873509	0.00151573178559677	0.00012406345576059	3.23643797636321e-05	
0.341870643540282	0.385048900416059	0.194883017236721	0.062565515750797	0.0134489652563895	0.00198843680769439	0.000194520992057059	
0.315250409957257	0.381225301755424	0.211161590365332	0.0717546170595984	0.0174789644882927	0.00292480980671523	0.000198930078765558	5.37648861528536e-06	
0.290675710710525	0.37436838958524	0.226242189194766	0.0828461225072883	0.0211586182083693	0.00404759763175856	0.000619044343680721	4.23278183713314e-05	
0.265010460800908	0.368057234774015	0.239210656349548	0.094699159981917	0.0264411198839324	0.00523565713805103	0.00108287687795031	0.000262834193677261	
0.242336565118812	0.359180602974365	0.249733022604963	0.108248154831107	0.0317900374031385	0.00699138833506058	0.00154662766780121	0.000168340426427343	5.26063832585446e-06	
0.221845027830591	0.351046758570286	0.258668262534358	0.119525900191186	0.0378347747337425	0.00907738016428257	0.00174239094168551	0.000243616970570011	1.58880632980442e-05	
0.203850497616636	0.338734563809988	0.266353480135101	0.130971001967137	0.0456577182275622	0.0120043054310998	0.00216332006002153	0.000243903732257329	2.12090201962895e-05	
0.185527109082296	0.326143361612334	0.274363722492571	0.141725162568365	0.0534591533525688	0.0149756685758581	0.00322983506308945	0.000522156668532794	5.38305843848241e-05	
0.171167593328038	0.317157561447985	0.276371767112407	0.15120175829915	0.0614697465916633	0.0178822070136116	0.00407477123614088	0.000620192150761095	5.44028202422014e-05	
0.159963451932178	0.307200735338371	0.278088120236578	0.160516049963616	0.0671105688476963	0.0208236446302244	0.00527977327066908	0.000875402822079848	0.000142252958587975	
0.15069966525819	0.292882620863744	0.27937770948801	0.171212204357131	0.0737035614333535	0.0238160566317291	0.0064424079460023	0.00148713164681995	0.000312791527190913	6.58508478296658e-05	
0.137735642861046	0.284153871373149	0.278585869624611	0.17900114747828	0.0823397628544888	0.0277962952844107	0.00815255996940058	0.00164471886782143	0.000540954046226982	4.37134582809683e-05	5.46418228512103e-06	
0.12640434192673	0.270138398914518	0.278290366350068	0.187549525101764	0.0915983717774763	0.0330312075983718	0.00994843962008141	0.00232293080054274	0.000597014925373134	9.76933514246947e-05	2.17096336499322e-05	
0.115225891706292	0.261240427629085	0.280504316367536	0.19257931393044	0.0983286938249407	0.0368759680686286	0.0115572500893602	0.00297325693489163	0.000595734540688669	0.000108315371034303	1.08315371034303e-05	
0.107467767282772	0.248209595588835	0.279449909460187	0.199410539595534	0.104977242695639	0.0420615888241788	0.0139915278661425	0.00369228426782384	0.000603598753650141	8.70052257513717e-05	2.71891330473037e-05	2.17513064378429e-05	
0.0985055273151251	0.238194864418692	0.276131478727056	0.205564908495557	0.112801904730772	0.0470843344611344	0.0163721852644884	0.00420065052875893	0.000926213475861242	0.000185242695172248	1.08966291277793e-05	2.17932582555586e-05	
0.0915332304951442	0.227567514719621	0.27339930910118	0.212310165772264	0.117273556825342	0.0524311816976992	0.0192006865535447	0.0046820344580355	0.00122754035674713	0.000331327264431747	2.17263779955244e-05	2.17263779955244e-05	
0.0852946734699387	0.21820685186685	0.269118004373532	0.217240355281985	0.124267703355741	0.0569963013957507	0.0213709133122756	0.00584757430954888	0.00133905672093086	0.000296968224399989	1.0798844523636e-05	1.0798844523636e-05	
0.0763561559518603	0.209080454184687	0.265945327221385	0.222470587600089	0.132189772745679	0.0612274648913941	0.0233679425088143	0.00710001025856996	0.00168996441896	0.00047513376635297	9.71864522085621e-05	
0.0698990973582939	0.196697731725983	0.263964350266233	0.2247105630248	0.141090009064412	0.0664741609991478	0.0259991206977969	0.0084347878004961	0.00213854980269978	0.000504784598099187	8.68446620385699e-05	
0.0635937346289637	0.185720375572486	0.257818050652005	0.2317651688218	0.145550733984063	0.0726223397859805	0.0298020483784581	0.00981013695934942	0.00259599724551029	0.000633969853640408	8.74441177435045e-05	
0.057627099954238	0.175263131778159	0.250511377106846	0.232239638755493	0.155590964476521	0.080006395659773	0.0334945113109449	0.0111924046026696	0.00309307339019589	0.000854592469661967	0.000126810495498227	
0.0540040023439141	0.164355921147191	0.246210487910047	0.231212754430772	0.16321713268544	0.0861277875440866	0.036767388636439	0.0131071235087952	0.00370382655035546	0.00111114796510664	0.00017689917852444	5.52809932888874e-06	
0.0502079111145472	0.157112327223931	0.236444360997752	0.231651084837675	0.167195878224279	0.0932535190267661	0.0420571327593919	0.0156168029731565	0.00453925461242386	0.00162352902196182	0.000259543755211583	3.86554529038528e-05	
0.0451119850500655	0.150163166262237	0.230100688924218	0.232940060803838	0.171662064541322	0.0983125540401082	0.0466348701642819	0.0178116196692048	0.00515995872033024	0.00161771678799543	0.000379326695116169	0.000100410007530751	5.57833375170836e-06	
0.0412156466496586	0.140009266961051	0.225823559294594	0.231841501470991	0.178857930788082	0.103935108942617	0.0499466870614243	0.0197453260463013	0.00588954452328184	0.00224416767616995	0.000418687999285439	5.02425599142527e-05	2.23300266285568e-05	
0.0384241733945261	0.133351199848135	0.215029088919411	0.234062510468661	0.179698055899858	0.109717150737552	0.0575134278025303	0.0221712282112269	0.00725827163802441	0.0021439817761549	0.000541578729914129	5.02495728786305e-05	5.58328587540339e-06	3.34997152524204e-05	
0.0357861575286026	0.125627126624924	0.209453285723095	0.229504520917301	0.184962414444513	0.11653484161374	0.0613196706148784	0.0247038841210137	0.00880639935423475	0.00245525328908645	0.000723122544046011	0.000100900820099443	2.2422404466543e-05	
0.0325899353616028	0.119586675239997	0.203684275835618	0.226189267544305	0.188844518145002	0.12194434103805	0.0652475549087956	0.0269439462136339	0.0103951628368698	0.00344625311629271	0.000919376854264668	0.000152289417577583	5.64034879916974e-05	
0.0305229758059947	0.110572836987931	0.19865148167035	0.227820273103292	0.189914442744631	0.125463199048105	0.0694713581506034	0.0305513060230041	0.0118703609269647	0.00347895064876197	0.00141084480707122	0.000203977562468129	6.2326477420817e-05	5.66604340189246e-06	
0.0285134576038721	0.104169618517028	0.191857993799697	0.228294690069881	0.1936716106618	0.129520581717609	0.0717568846596351	0.0332571992088096	0.0130637089598341	0.00415431612475417	0.00122985893461344	0.000374058477808697	0.000113351053881423	2.26702107762847e-05	
0.0276987353206865	0.0999717705510388	0.185523938572719	0.222617434507678	0.197560975609756	0.133892276422764	0.0749717705510388	0.0360659439927733	0.0143913730803975	0.00518857271906052	0.00134936766034327	0.00049683830171635	0.000220189701897019	3.95212285456188e-05	1.12917795844625e-05	
0.0245935406685064	0.096201488704917	0.179886118024165	0.219536007133143	0.202058679127093	0.137877325748726	0.0764837670216308	0.0388823990835266	0.0163825260579794	0.00558687592056478	0.00157448321397735	0.000699770317323266	0.000174942579330816	4.5146472085372e-05	5.6433090106715e-06	1.1286618021343e-05	
0.0225138603061075	0.0883460971852052	0.174223766629556	0.218655465964936	0.201449568728001	0.145041215433577	0.0827851062154898	0.0406025437738268	0.017295862712684	0.00617388077325326	0.0019736176242367	0.000674741068115111	0.00017430810926307	6.18512645772185e-05	1.12456844685852e-05	1.68685267028778e-05	
0.0202053047334458	0.083181494542213	0.161715320487304	0.215889532373899	0.20344342346484	0.152066782905101	0.0870554860990419	0.0457927106167552	0.0199866568742326	0.00706961411456027	0.00261256159982957	0.000689581709826259	0.00019622243775544	2.24254214577645e-05	2.80317768222057e-05	5.60635536444113e-06	3.92444875510879e-05	
0.0185502684167627	0.0780629022738132	0.156766632002024	0.207999100593046	0.203715674976812	0.156142668428005	0.0950616936957194	0.048635431012676	0.0224177183169847	0.00875235391663622	0.00274319120829703	0.000843194018943759	0.000224851738385002	6.18342280558757e-05	1.12425869192501e-05	5.62129345962506e-06	5.62129345962506e-06	
0.0178733631598842	0.0723848640597584	0.151697913081745	0.2007029738162	0.203727002431635	0.161966069947587	0.101073642995368	0.051983954594436	0.0244404700784781	0.00971525611152798	0.00320456763725197	0.000902695109085062	0.000259524843861955	6.2060288749598e-05	5.64184443178164e-06	
0.0168389888666436	0.0687965425909016	0.144274233341085	0.20101294826931	0.201324886426153	0.164329021024632	0.104992711990336	0.0572264727734705	0.0260950447205885	0.0101294826931039	0.00358445300226297	0.000992530499044335	0.000260893731177368	0.000124775262737002	1.70148085550457e-05	
0.0143640801058346	0.06566762465216	0.138656995575019	0.194875918069431	0.204313215637973	0.165372245791707	0.109027872816021	0.0609461247205876	0.0297944893024953	0.0116326809908307	0.00366657542995301	0.00121458875051321	0.00038775603302769	5.70229460334839e-05	2.28091784133936e-05	
0.0132976140835899	0.0596107820345121	0.131605252786044	0.190987553478914	0.203159896954915	0.170052950550926	0.113886524741673	0.0653113915084909	0.0315875454820671	0.0136631842302178	0.00478097207386802	0.00147941668713479	0.00041697844849745	0.000131376771444402	2.28481341642438e-05	5.71203354106095e-06	
0.0120716824440125	0.0580752021532339	0.126836057465579	0.184198115920358	0.201261804253557	0.172367982148403	0.118491125961881	0.0691174271615731	0.0346392298048057	0.0145446807531718	0.00596395173627486	0.00182311735814767	0.000402581120095699	0.00013227665374573	5.17604297265899e-05	1.725347657553e-05	5.75115885850999e-06	
0.0113430466318859	0.0542706110404887	0.123047897337375	0.177462309678978	0.19974575929963	0.173355344519157	0.122679766006523	0.07437403293625	0.0377507175684926	0.0161977785575004	0.00638477776946926	0.00243887006689637	0.00064998188103606	0.000184065665426141	8.05287286239366e-05	2.30082081782676e-05	1.15041040891338e-05	
0.00998830722334367	0.0499182669094421	0.116747430206921	0.174030401219306	0.198358357426658	0.174472516157556	0.128131889866842	0.0780332866010087	0.0418264000791153	0.0180278183372988	0.00680042582649316	0.00236182453854253	0.000971489403784737	0.000139615243657687	0.000151249847295827	3.49038109144217e-05	5.81730181907028e-06	
0.00910443841372669	0.0464151273745951	0.110496366978902	0.170813271469842	0.196772593305903	0.175575593101637	0.130356882313461	0.0827686830663282	0.0444891884793837	0.0209402083515714	0.00765706615308296	0.00306399369692725	0.00101549505383875	0.000315153637398232	0.000180921532580466	3.50170708220257e-05	
0.008772495646004	0.0448124409938252	0.104847742079246	0.167826754938927	0.193211871016167	0.1771094157729	0.133176569930747	0.0859423102859857	0.0470114288730041	0.0229926172646936	0.00903051022382765	0.00352424457436391	0.00116106560020641	0.00037529393137985	0.000170055062656495	3.5183806066861e-05	
0.00828649278034884	0.0397361561785201	0.100950996211382	0.162951930067202	0.193390901407285	0.177403053353902	0.137791017252691	0.0892600670248418	0.0491219982150351	0.0251668232943833	0.0102073987387036	0.00380634903747835	0.00141260468937473	0.000342807832567926	0.000135941037052798	1.77314396155824e-05	1.77314396155824e-05	
0.0081170959629069	0.0382731206121792	0.095730479039775	0.157311942024149	0.191496716211545	0.179923000822437	0.138723673075319	0.0945087428632728	0.0531604228995077	0.0257279759705353	0.0109002705698654	0.00412410455677795	0.00135284932715115	0.000381420074615302	0.000238387546634564	2.97984433293205e-05	
0.00681599200637587	0.0361735282572234	0.0917125625988795	0.152271402571758	0.188766103227188	0.181944163583808	0.14232100586437	0.0968929544292053	0.0569545719485648	0.0278825222739006	0.011984488562694	0.0040443931625965	0.00133821832585914	0.000636397159408567	0.000142743288091641	9.51621920610941e-05	2.37905480152735e-05	
0.00618746158940793	0.0337058539233996	0.0884264038139107	0.147460873404655	0.184573709553274	0.182676300888441	0.146607636174872	0.0990351855940142	0.0595834054308848	0.0309373079470396	0.0132878273477449	0.00495832264300674	0.00163487413259187	0.000662303024517145	0.00016110073569336	8.95004087185331e-05	1.19333878291378e-05	
0.00556878132813341	0.0312473830914811	0.0847340024643801	0.143711643597995	0.183464727063918	0.179941620509385	0.149406036535034	0.103318539077173	0.062022227273271	0.0327965929346461	0.0149358184493546	0.00581402304075798	0.00202773025804213	0.00070581761194387	0.000233278702252635	7.177806223158e-05	
0.00509971714847308	0.0287585694424469	0.0800613643990604	0.140149336018026	0.181642216788916	0.182415264394266	0.151145788388705	0.105787669591064	0.0635696821515892	0.0347991274749509	0.0163958003739393	0.00643007814372693	0.0024569730092526	0.000904885181456446	0.000293638237691164	8.98892564360708e-05	
0.0049054210885249	0.0267405271533004	0.076961271102284	0.136083559660688	0.176481496990943	0.182691042222515	0.152732080257475	0.110695014417152	0.0672281977961498	0.036036898338139	0.0182397913401371	0.00740598939950467	0.00237494167334681	0.000999030880223974	0.000346968808700542	7.77688709156387e-05	
0.00455479411380453	0.0249830754064872	0.0732627053220423	0.130539092841788	0.173200945401855	0.182809363754053	0.15657327458223	0.114677482570638	0.0701925246742758	0.037329120990059	0.0191990213428032	0.00831977386367685	0.00299891920139672	0.00103329097236244	0.000273168877750989	5.34460847773674e-05	
0.0041884507458278	0.0227617781716142	0.0658100723674494	0.126191109141929	0.168879042977404	0.182295081967213	0.162729286663713	0.118576281199232	0.0743937380002954	0.0402185792349727	0.0202097179146359	0.00846551469502289	0.00337911682173977	0.00131738295672722	0.000490326391965736	9.45207502584552e-05	
0.00407279080611745	0.0211194862380989	0.0625675109345579	0.120607731219417	0.16566224168767	0.180412827520261	0.162545671331685	0.123789230124486	0.0784750054599007	0.042534102244757	0.0219753625669207	0.0101406588476953	0.00399015447092086	0.0013516943400013	0.000566649155633732	0.000153467479650802	3.54155722271083e-05	
0.00327136312723351	0.0194622400540486	0.0612017518386602	0.115718544243408	0.163022929173803	0.178449302761102	0.161458364199909	0.126469002056455	0.0844272447655227	0.0451649608562437	0.0231603027196169	0.0113905071205485	0.00446849238756171	0.00157049135637116	0.000610417395117846	0.000112601267060574	4.1484677338106e-05	
0.0033454321528596	0.0187048144617407	0.0574881429594936	0.112726260754232	0.159615600963958	0.176786845642353	0.16323340458413	0.128855388514214	0.0867858390521473	0.0493466045343928	0.0241226382137169	0.0118718433035106	0.00473689508369501	0.00155133313991012	0.000686849787135777	0.000112501258237757	2.96055942730938e-05	
0.00298190313510721	0.0184666678406443	0.0554997916189738	0.109115349170291	0.15403760250292	0.17414783900071	0.163793356460692	0.130452392272879	0.0888114063664806	0.0534218512452968	0.0279934961640282	0.0129489730630837	0.00554117432980553	0.00183727496316645	0.000721996231531865	0.000164356865714571	6.45687686735814e-05	
0.00269205901369541	0.0166696055957209	0.0516017163345677	0.104737553635455	0.152671486510316	0.173308646329278	0.16488567565979	0.130206312819609	0.092787868100864	0.0559689649091871	0.0302180685358255	0.0144595309469229	0.00643625462881326	0.00221595250690648	0.000758243695997179	0.000264503614882737	7.05342973020631e-05	4.70228648680421e-05	
0.00244257597820471	0.0152308704025553	0.0472427075015266	0.0988714829254545	0.150846681384753	0.173892620602189	0.165008924796843	0.132609563624407	0.0950901874207337	0.0598078820047912	0.0320881675982902	0.0156183944760205	0.00697543332237306	0.0027831274367044	0.000992296491145662	0.000299450420404904	0.000158532575508479	4.11010380947907e-05	
0.00255965699424809	0.0138526059299697	0.0445392031676487	0.0937349905696848	0.144857842390731	0.17301992666612	0.167051298571981	0.136716141653878	0.0985497229478814	0.0624509447887258	0.0334746904396518	0.0171444302566686	0.00710495179410283	0.00308096013495308	0.00108360765202722	0.000462729754108923	0.000246008223703478	6.44307252556728e-05	5.85733865960662e-06	
0.00236244876000678	0.0140226537784561	0.0433018145243818	0.0890713354267904	0.138782169359507	0.170376997701875	0.16933026916712	0.139378629194955	0.101368933798806	0.0652129420089001	0.035272997327626	0.0185896648714395	0.00764872024279424	0.00315188089515756	0.00139758726148916	0.000473659281090469	0.000169581717921279	7.60193907922975e-05	1.16952908911227e-05	
0.00231271937252887	0.0138646358343018	0.041056609062823	0.0859151886092731	0.134073481401882	0.166293867205522	0.170399528111805	0.142489210229695	0.10420669637382	0.0669170165920094	0.0379437822306062	0.0199618050891507	0.00863765644436917	0.00352748106315009	0.00138412750325591	0.000718344653588511	0.000181046213506048	8.17628060995053e-05	3.50412026140737e-05	
0.00228701107054459	0.0130929913987219	0.0397199146339312	0.0836493406470654	0.129689401555638	0.163394888618445	0.164841173254317	0.146974266716052	0.107213197641263	0.0704211275140954	0.0397669482806263	0.0217765784197871	0.010582570506376	0.00380972538229536	0.00159914398763015	0.00074077993544632	0.000305718703517529	9.40672933900089e-05	4.11544408581289e-05	
0.00212472553162527	0.0126891686345531	0.0391979309079503	0.0805975272692838	0.126098613305872	0.160473002965146	0.165622059267414	0.145860336286643	0.110290418612359	0.0727674106165255	0.0426957381201802	0.0232299379154016	0.010984653444837	0.00467557986067956	0.00170451518971609	0.000580008640945059	0.000290004320472529	7.10214662381705e-05	4.73476441587803e-05	
0.00159762435040831	0.0112308834446919	0.0374758723088344	0.0770838901262064	0.123628804751299	0.157113585746102	0.166146993318486	0.147610987379362	0.11267706013363	0.0760564216778025	0.0442108389012621	0.0244691907943578	0.0117535263548627	0.00579064587973274	0.0019539717891611	0.000706755753526355	0.000391982182628062	5.93912397921307e-05	3.56347438752784e-05	5.93912397921307e-06	
0.00136171730986502	0.0107688648391509	0.0344770173039187	0.0748825593149789	0.119813284176726	0.155015757864066	0.166331688172682	0.14963429862639	0.114949158589523	0.0784682166854968	0.0462270321698282	0.025581257061307	0.0125468276149135	0.00585716834155914	0.00265207825414759	0.000832490931795207	0.000440030921091752	0.00010703454837367	4.75709103882976e-05	5.94636379853719e-06	
0.000971566681260158	0.00999154377147792	0.0326674303260746	0.0705525335700278	0.118159300951776	0.154299182564576	0.165082373261525	0.150778752676306	0.117025806490305	0.081155804511188	0.0493100077365495	0.0264661960765499	0.0131701261237488	0.00627320215184028	0.00237494077641372	0.00123544898975057	0.000377831487156728	7.19679023155673e-05	3.59839511577836e-05	
0.00115258123887397	0.00871375554415714	0.0310171076848807	0.0674229852457533	0.114624505928854	0.152665721268443	0.164239809311167	0.14939504571101	0.119802069818665	0.08533325287391	0.0519687415140452	0.0287964276016052	0.0138792505204719	0.00622755936396826	0.00283619467157469	0.00128533928733066	0.000476722083094469	0.000102585764716531	5.43101107322813e-05	6.03445674803126e-06	
0.00108534840290073	0.00788241856855279	0.0289042225509932	0.064520627683054	0.113355242414688	0.147995440324028	0.163214571560234	0.151015012975674	0.120413038732992	0.0871674225703961	0.0562501515849725	0.0306504814338726	0.0156314423613301	0.00717300089738304	0.00288011447697121	0.00112779219519294	0.000545705900899808	0.000133394775775509	4.85071911910941e-05	6.06339889888676e-06	
0.000976894325518179	0.00651060628124848	0.0265885151206252	0.0630430561623222	0.107949856803068	0.146697975826416	0.162528518033105	0.150793650793651	0.1240291733411	0.0906812776078831	0.0577702538711713	0.0327653997378768	0.0166375418668997	0.00769986893840105	0.00335541963982331	0.00123173632347944	0.000564292995485656	0.000133488665598757	1.8202999854376e-05	2.42706664725013e-05	
0.00111651840434957	0.00651706938190997	0.0253279772812777	0.058635420332771	0.105237927644753	0.142780858991007	0.161506814403087	0.151846502991541	0.126512457675457	0.093478076190245	0.0614449204480637	0.0345028459083241	0.0176943894950181	0.00817971091882183	0.00332528307382371	0.00128035534411825	0.000442966540856078	0.000151700870156191	1.82041044187429e-05	
0.000856143589245379	0.00618730721589391	0.0236927112428048	0.056456901367401	0.0992033614261773	0.141876958200763	0.159096981031258	0.153759745464261	0.126460301653997	0.0966835061812353	0.0650547689019503	0.0372088504602531	0.0186833604546669	0.00887717679061521	0.00372209943409516	0.00134797075753528	0.000643625677021349	0.000157870449080708	3.035970174629e-05	
0.000743557347616083	0.00625676304701338	0.0221435005229082	0.055875614341589	0.095133024223043	0.136735964599416	0.15871624521675	0.154109816770543	0.130829822090303	0.0966805907351545	0.0668355287418163	0.0402306841332116	0.0192236777676353	0.00938816716136403	0.00440089226881714	0.00152943096704771	0.000918867616566216	0.000157174723886326	9.06777253190345e-05	
0.000811442551078492	0.00561954244328985	0.0205888408482602	0.0523259334617108	0.0935581150310649	0.131817025760273	0.156765856435224	0.154706972350398	0.133506521818116	0.101630151751868	0.0679371192578328	0.0422616236117671	0.0213155058193753	0.00968281074010827	0.00440843415809808	0.00179244026208383	0.000920442296745752	0.000254332739890274	9.08331213893834e-05	6.0555414259589e-06	
0.000718907260963336	0.00578750551262921	0.0193802898585746	0.0499851989681566	0.0889813869473023	0.130424276108718	0.15167734958829	0.154661720906911	0.135456626935461	0.105220233312592	0.0720115508460753	0.0431646418452356	0.0242555685106537	0.0108681862392693	0.00447655697793136	0.00187278362099692	0.000616206223682859	0.000277896924405995	0.000144989699690085	1.81237124612606e-05	
0.000599538355466291	0.0049941545010342	0.0181959890884019	0.0481848976288258	0.088785635061003	0.126088911538116	0.151035702509068	0.154578974189874	0.134074762432927	0.105758565904254	0.0740789592014149	0.0454210258101262	0.025576306244192	0.013231811505141	0.00624119428040409	0.00208039809346803	0.000635510656794268	0.000269792259959831	8.99307533199436e-05	7.79399862106178e-05	
0.000524233903636277	0.00439641614640423	0.0176214078063194	0.0449232712195587	0.0842586856026307	0.122897107182004	0.151116379926607	0.15519706429014	0.136080398417767	0.10882023542868	0.0758292427202974	0.0452211313920793	0.0269325167993137	0.0152623552399562	0.00690439879902778	0.00279392841824334	0.000774436448553591	0.000321688986322261	4.17004241528857e-05	6.55292379545346e-05	1.78716103512367e-05	
0.000523557129495091	0.00402962509779929	0.0159831991105411	0.0426963780435435	0.0803454300521792	0.121065232865269	0.148737286091617	0.156625939020301	0.139548564335759	0.110188186433399	0.0783217935067151	0.0475966374690425	0.0274073333294116	0.0148890235365402	0.00732979981293127	0.00316487343447594	0.00114711955338812	0.000305898547570165	5.2943979387144e-05	2.35306575053973e-05	1.7647993129048e-05	
0.00054528824053661	0.00395773722970121	0.0144589333458417	0.0391141704582767	0.0772081242084525	0.116345747924387	0.146823256250293	0.156210422627703	0.139400300201698	0.115061682067639	0.0811599981237394	0.0511163750644965	0.0295452413340213	0.0158895820629485	0.00745813593508138	0.00351212533420892	0.00154205169097988	0.000551151554950983	6.44964585580937e-05	2.93165720718608e-05	5.86331441437216e-06	
0.000429548277743594	0.00361052741562859	0.0145291802593543	0.0369353471794931	0.0737604049363224	0.114497834844492	0.144467534276792	0.155618375378757	0.140700279786851	0.114811288993116	0.083703867095441	0.0536122688275654	0.0319781278660738	0.0166188745835123	0.00885217734539164	0.00355828505752464	0.00157307544957451	0.000626908297247408	6.38517710159397e-05	5.22423581039507e-05	
0.000498950483465813	0.00310266909833339	0.0141598706169781	0.0362628035282108	0.0700079143869791	0.110411433421653	0.141994425518736	0.153556312583875	0.143829645687806	0.116983815652134	0.0854008235550509	0.056048770975993	0.033722170606655	0.0182432354931581	0.00879758668547767	0.00457658029661746	0.00168037346730441	0.000504685546494156	0.000143376575708567	7.45558193684549e-05	
0.000602961336526374	0.00325371589144421	0.0127873309859556	0.0353358096462437	0.067639747666369	0.106405610953418	0.138789185376481	0.153226127566141	0.145347811989829	0.11909624059295	0.087929965471931	0.0582654053777325	0.0351196536954135	0.0194483472602233	0.00926057599872582	0.00482369069221099	0.00182026063857019	0.000625714594508501	0.000147896176883828	6.25714594508501e-05	1.13766289910637e-05	
0.000305623471882641	0.00328828216970026	0.011964592954813	0.0327356696549851	0.0662353979896767	0.105575930453681	0.135396857737934	0.150236575206013	0.145312641492348	0.122034320383954	0.0904305895137191	0.0609549035588155	0.0372124875486734	0.0198711853662954	0.0103063026351535	0.00475980258987594	0.00234877297835733	0.000718781128316581	0.000232047450873857	7.92357149325365e-05	
0.000373903782093408	0.00262865689229305	0.0117043214212876	0.0303598540642208	0.0651725622606449	0.101543202882458	0.133404337283872	0.149652156178477	0.143006866233089	0.124073738357996	0.0922635908359582	0.0640961725849215	0.0396734573636384	0.021765732284892	0.0109225226041832	0.00551791339028757	0.00256067438645788	0.000889437784676743	0.000226608352783884	0.000130299802850733	3.39912529175825e-05	
0.000371140977337907	0.00271045380419502	0.0107743350390823	0.0294269808243828	0.0608333801945678	0.0997188325929258	0.131693190125401	0.148737558342237	0.144441320362144	0.123719282460777	0.0943766518585166	0.0655963560704043	0.0412303885733566	0.0232975313501659	0.0126412866220548	0.00625316313332958	0.00253613001180903	0.00114153967272114	0.000421751110611258	5.62334814148344e-05	2.24933925659338e-05	
0.000518501586168831	0.00300507908543011	0.0107156994474892	0.0280325373683536	0.05735296577332	0.0963130634523285	0.130093720555521	0.148012689350646	0.145236196986	0.125421630994129	0.0979521974989268	0.0656266900085302	0.0429408517921756	0.0247709951327754	0.0130907712292948	0.00629449775037215	0.00280436879400991	0.00108160545931993	0.000590980302515011	0.000117081003328446	2.78764293639156e-05	
0.000501613523500594	0.00302082810819246	0.0109073073943407	0.0271930264573266	0.0530539903355794	0.091009413613791	0.128318312795046	0.148873320291382	0.148700542299954	0.125035530957915	0.0997765033078625	0.0687433466539591	0.0432223652749678	0.025554422280558	0.0142235301330391	0.00679964998523027	0.00255822896985303	0.00133763606266825	0.000897330858706617	0.000250806761750297	2.22939343778042e-05	
