# <P(N_2)> as a function of N_tot.
# number_of_species: 2
# species_total_upper_bound: 100
# species_total_lower_bound: 0
# volume: 512
# Bin widths for each species index 
1	1	1	1	1	1	1	1	1	1	1	1	1	1	1	1	1	1	1	1	1	1	1	1	1	1	1	1	1	1	1	1	1	1	1	1	1	1	1	1	1	1	1	1	1	1	1	1	1	1	1	1	1	1	1	1	1	1	1	1	1	1	1	1	1	1	1	1	1	1	1	1	1	1	1	1	1	1	1	1	1	1	1	1	1	1	1	1	1	1	1	1	1	1	1	1	1	1	1	1	1	
# Bin lower bound for each species index 
0	0	0	0	0	1	2	2	3	3	4	5	5	7	7	8	9	9	10	11	12	13	13	14	14	15	16	16	17	18	19	21	21	22	23	24	25	25	26	26	28	29	29	30	30	30	31	31	32	35	35	36	37	37	38	39	41	41	42	44	44	45	47	48	49	49	50	51	52	53	54	54	55	55	56	57	58	59	59	60	62	62	63	64	66	66	66	67	68	69	70	71	72	74	75	75	76	76	77	79	80	
# Bin upper bound for each species index 
0	1	2	3	4	5	6	7	8	9	10	11	12	13	14	15	16	17	18	19	20	21	22	23	24	25	26	27	28	29	30	31	32	33	34	35	36	37	38	39	40	41	42	43	44	45	46	47	48	49	50	51	52	53	54	55	56	57	58	59	60	61	62	63	64	65	66	67	68	69	70	71	72	73	74	75	76	77	78	79	80	81	82	83	84	85	86	87	88	89	90	91	92	93	94	95	96	97	98	99	100	
# Normalized histogram for each species index 
1	
0.0784700092395301	0.92152999076047	
0.00586399588981143	0.144836575604001	0.849299428506187	
0.000456667343210879	0.016570047696367	0.200546732291455	0.782426552668967	
8.62735574741659e-05	0.00178937748835307	0.0312853481936873	0.249691651914953	0.717147348845532	
0.000208958870464789	0.00386091697581864	0.0488963756887606	0.287729935126308	0.659303813338648	
0.000416582549036573	0.00773241300634808	0.0668871349695414	0.315910569340165	0.609053300134909	
1.92161723306335e-05	0.000864727754878506	0.0114176090597847	0.0862261679429408	0.339415251875979	0.562057027194087	
0.000137450014544129	0.00184758391643039	0.0172547715932375	0.106312791481935	0.355922017894074	0.518525385099779	
3.21289269580975e-05	0.00025060563027316	0.00277915218187543	0.0246878674746021	0.127494007955122	0.37156140159231	0.473194836238859	
9.7229604469969e-05	0.000456979141008854	0.0049133360125491	0.0327858226272736	0.146700027224289	0.380358971699703	0.434687633690706	
0.000133513522314669	0.000853183971864467	0.00727160232508915	0.0438184867381995	0.165328817754042	0.381724929579758	0.400869466108732	
1.95094669688466e-05	0.000104050490500515	0.00139492688827253	0.00993031868714294	0.0533193732258578	0.180693431487629	0.382596905148223	0.371941484605405	
0.000192033537518146	0.00194637382094663	0.0132177660315456	0.063325500100899	0.196261530149265	0.383829474218684	0.341227322141141	
9.7690594349576e-06	0.000211662954424081	0.00293071783048728	0.0174931290948641	0.0731637424615425	0.211614109126907	0.380042462845011	0.31453440662733	
5.16987899251983e-05	0.000591304909769456	0.00402281209105449	0.0216488682811768	0.0840040712797066	0.22605295894793	0.373856568169701	0.289771717530737	
0.000177518421570748	0.00101346880678572	0.00539010480042088	0.0268085092648478	0.0957792574565806	0.238723545720676	0.367392125282819	0.264715470246299	
3.23738794590972e-06	0.000161869397295486	0.00154423405019894	0.00731973414570188	0.0323415055796381	0.109698890547151	0.247731400396904	0.357935323463617	0.243263805031548	
9.81929229087362e-06	0.000258574696993005	0.00192458128901123	0.00946907086583246	0.0387043771131935	0.120613640306231	0.256293348084092	0.349651906088289	0.223074682264067	
3.27884977949735e-05	0.000259029132580291	0.0023509352918996	0.0115612243225077	0.0453858386478024	0.131219568175484	0.26334082004033	0.340826598029411	0.20502319786219	
6.30567245018519e-05	0.000491178696119688	0.00309641705053831	0.0145461907100851	0.0520118413891065	0.141409682857864	0.273052210967888	0.326942478992154	0.188386942611743	
5.34462831450465e-05	0.000604611078078339	0.00397172691621627	0.0174001055564092	0.0601270685381773	0.151901017483615	0.274931020890816	0.318085554137744	0.172925449115798	
3.34119628191678e-06	0.000150353832686255	0.000932193762654781	0.00518887782581676	0.0207220993404479	0.0661924395410533	0.159886265678564	0.277145549192433	0.307637306461205	0.162141573168857	
4.34938255496114e-05	0.000247580237743942	0.0014486789586909	0.00643374050245406	0.0237543201078647	0.0728454664378222	0.169773129514575	0.278982779790761	0.295052075491898	0.151418735132639	
3.33476728326514e-06	4.00172073991817e-05	0.000453528350524059	0.00175408759099746	0.00805679775636857	0.0275551820616198	0.0802278313007927	0.178096581530058	0.281024173728036	0.286159715344265	0.136628750362656	
1.3265238442661e-05	7.62751210453008e-05	0.000583670491477084	0.0024142733965643	0.00957086953637992	0.0326324865689461	0.0899781123565696	0.187427870265968	0.279753929826889	0.271526165682828	0.12602308151489	
6.59893955041425e-06	7.9187274604971e-05	0.000640097136390182	0.00294642650925996	0.0114887537572712	0.0368913715565909	0.0975257276155722	0.193421517162192	0.280827770977204	0.261189326875171	0.114983222196193	
1.32704755143139e-05	1.65880943928923e-05	7.63052342073047e-05	0.000660206156837115	0.003636110290922	0.013804612153765	0.0417721393001815	0.104650969905879	0.201442500688406	0.279525978614629	0.247812859754297	0.106588459330969	
1.32923927636214e-05	9.96929457271603e-06	0.000182770400499794	0.00106671451928062	0.00424027329159522	0.0160937645385546	0.0467593146442291	0.112290810968883	0.20775345269902	0.274760404620436	0.237289149419787	0.0995400832103787	
1.32335961304965e-05	1.98503941957447e-05	0.000314297908099292	0.00122741604110355	0.0050056077363603	0.0187486973178809	0.0526862545945392	0.118731824482815	0.212137854370891	0.27166918656393	0.227419349502582	0.0920264274914726	
6.57940186657631e-06	1.64485046664408e-05	0.000371736205461562	0.00140141259758075	0.00624714207231421	0.0214389809822389	0.0574217297905447	0.125232335128413	0.215722138700371	0.268383671240448	0.218492066886199	0.0852657584898957	
7.90165078654349e-05	0.000490560819664575	0.00178445613596107	0.00734195052249666	0.0232374380214266	0.0622320846530188	0.13261274667966	0.221845430541197	0.265841163649773	0.208086681109128	0.0764484713598083	
9.91594583249323e-06	9.58541430474346e-05	0.000535461074954635	0.00216498150676102	0.00818065531180692	0.0259764727658548	0.0672301127443041	0.141573263965783	0.22339634366024	0.264088080041515	0.196401833788916	0.0703470250509845	
1.33162884840737e-05	0.000109859379993608	0.00063585277511452	0.00269654841802493	0.00971423244913178	0.0295055662085863	0.073159688931501	0.146329365079365	0.22956948439331	0.257926520720145	0.186311521252796	0.0640280441035475	
1.00647498909652e-05	0.000161035998255443	0.000862213573992686	0.00330123796423659	0.0114469755426578	0.0338712382997283	0.0806387761264133	0.154369778910994	0.230623679001577	0.251628812024021	0.174921998188345	0.0581641896198879	
6.72578632849413e-06	0.000205136483019071	0.00111984342369427	0.00387741581837687	0.0132397103876407	0.0370052763793747	0.0867626436375743	0.161422234777023	0.231027397490609	0.245474386524215	0.165629214125496	0.0542300151666482	
3.0101441859065e-05	0.000254189953476549	0.00153517353481232	0.00456204074397386	0.0149470381853513	0.0416236048817849	0.0932709899026386	0.16676198789922	0.230854646826472	0.237443517988956	0.157785069015917	0.0509316396255381	
3.36117506680335e-06	8.06682016032805e-05	0.000386535132682386	0.001606641681932	0.00524343310421323	0.017589029124582	0.0459640690385359	0.0976454968657043	0.170465354687999	0.233322689612288	0.230741307160983	0.150879787573736	0.0460716266406736	
1.34015472086252e-05	9.04604436582203e-05	0.000351790614226412	0.00210069252495201	0.00607425127230939	0.0193216806880354	0.0493109929541366	0.103382885554137	0.177386229240166	0.233552113591514	0.224911466028753	0.140753099945389	0.0427509355955145	
2.00583698562818e-05	3.34306164271363e-06	5.34889862834181e-05	0.000498116184764331	0.00208941352669602	0.00756534849746094	0.0218736523282753	0.0562236107071578	0.109227853052382	0.18163856823356	0.232449762141164	0.214881973208704	0.134066801057745	0.0394080106443083	
1.34269640291634e-05	0.000104058971226016	0.00071834257556024	0.00246720464035877	0.00875773728802181	0.0244270043100555	0.06030385219598	0.117220752715603	0.183815137559246	0.22961786860373	0.210242759509647	0.126236959061187	0.0360748956053547	
4.05289021733624e-05	0.000141851157606768	0.000824087677525035	0.00316125436952227	0.0101524899944273	0.0265261664724657	0.0643767836938717	0.121066585608862	0.188428998429505	0.227289460796731	0.206092844960062	0.118918553793674	0.0329803941435736	
3.38392298191293e-06	4.39909987648681e-05	0.000247026377679644	0.00121482835050674	0.00347867282540649	0.0120129265857909	0.0298225132395987	0.0688086899142176	0.125130704025176	0.190298292810856	0.229122041182343	0.198348645584826	0.110671201123462	0.0307970830583896	
1.3553946400919e-05	9.1489138206203e-05	0.000352402606423893	0.00113514301107696	0.00428643554929062	0.0130050115716817	0.0331665068430487	0.0715750024566528	0.129186051633759	0.19410606640756	0.227862169919049	0.19144949291298	0.105439537539349	0.0283311364645209	
6.75593508897567e-06	2.36457728114148e-05	0.000162142442135416	0.000472915456228297	0.00137483279060655	0.00504668351146482	0.0141705738491265	0.0356443135294356	0.0751597778648543	0.135172749260225	0.197496250456026	0.223455931035415	0.185061951924766	0.0999810833817509	0.0267703927900661	
6.74152001051677e-06	3.37076000525839e-06	2.69660800420671e-05	0.000138201160215594	0.00066741048104116	0.00161459404251877	0.00550108032858169	0.0160279638250036	0.0386659880203189	0.078299384162147	0.140264065338812	0.200823139593284	0.218708392181185	0.179098591359394	0.0961239630699534	0.024030148077487	
1.00815598189352e-05	6.72103987929012e-06	3.69657193360957e-05	0.000191549636559769	0.000648580348351497	0.00201295144384739	0.00620688032852443	0.0178578029592739	0.040702617508981	0.0843927372443064	0.146115406975767	0.200797787433672	0.217640713371173	0.172861785175402	0.0886975632869918	0.0218198559681154	
2.34901693641211e-05	3.35573848058873e-06	1.67786924029437e-05	6.04032926505972e-05	0.000177854139471203	0.000785242804457763	0.00260069732245627	0.00712423279428988	0.0203726883156542	0.0456716007208126	0.0889069353047178	0.151531726829465	0.20348862572442	0.213445101796327	0.162867411416893	0.0827088863310704	0.0202149686070665	
3.36641396119198e-06	3.36641396119198e-06	1.68320698059599e-05	8.75267629909915e-05	0.000228916149361055	0.000895466113677067	0.00278402434590577	0.00844633262863068	0.0222587291114014	0.0491698423171701	0.0949261408776915	0.155649515909672	0.203496357540094	0.20803091714582	0.15694221887077	0.0781311016253047	0.0189293457037825	
1.01420221163696e-05	7.43748288533768e-05	0.000331306055801406	0.000987156819326637	0.00318797561857883	0.00925966619224541	0.0243070463388991	0.0521266130041008	0.100520961869378	0.161109401992569	0.204084530373666	0.202346863917728	0.15163675333588	0.0722145781425901	0.0178026294882674	
3.3819202543204e-06	2.70553620345632e-05	0.000135276810172816	0.000280699381108593	0.00111941560418005	0.00336839257330312	0.00996313706922791	0.0258141973012276	0.0566302546585951	0.104805708681389	0.164029896175048	0.202837431093375	0.200716967093916	0.144786769927965	0.0686563630829585	0.016825053265244	
1.69594431875613e-05	3.39188863751225e-05	8.14053273002941e-05	0.000393459081951421	0.00117698535721675	0.00355809118075035	0.0118309075676427	0.0292686070530932	0.0596734967997531	0.109737773089434	0.165809084156149	0.205409383999105	0.19510821820698	0.138151624205874	0.0652395860539107	0.0145104995912774	
1.02056090027079e-05	4.42243056784008e-05	0.000102056090027079	0.000459252405121855	0.00146620582672237	0.00478983249193757	0.0134067683598906	0.0307835186218346	0.0638292805726027	0.114265400263985	0.170930343316687	0.204306086625209	0.190770047217951	0.131706786049613	0.0597776537985277	0.0133523384452095	
3.42030016554253e-06	1.02609004966276e-05	8.55075041385632e-05	0.000112869905462903	0.000424117220527273	0.0019222086930349	0.00564349527314517	0.014033491579221	0.0333239845128808	0.0686693664235973	0.11880412625012	0.174195887431081	0.201349650445323	0.186378996620743	0.125973075397097	0.0570642879619115	0.0120052535810543	
6.86509067068503e-06	2.40278173473976e-05	6.86509067068503e-05	0.000192222538779181	0.000652183613715078	0.0022689124666614	0.00603784724486749	0.0153503427396517	0.036889564718926	0.0728592072879803	0.123612822616355	0.174338977582046	0.201212375012443	0.178993509056771	0.122809607007885	0.0536747114087509	0.0110081728904434	
3.45386158995064e-06	3.45386158995064e-05	0.000127792878828174	0.000221047141756841	0.000849649951127859	0.00233481043480664	0.0064310902804881	0.0174696319219704	0.0399439092877792	0.0770521982102089	0.127782517243404	0.175445807184723	0.200545019358894	0.175953524838446	0.115946133574643	0.0495767292621516	0.0102821459532831	
2.42517469919172e-05	0.000169762228943421	0.000280627358049328	0.000959676273823011	0.00287902882146903	0.00750071889107155	0.0196820249515831	0.0430988189399215	0.0817249228274765	0.131600372783997	0.177301057722622	0.198860860798437	0.170746156964236	0.109690651644442	0.0463346948957002	0.00914637315123736	
3.47358512194021e-06	2.43150958535814e-05	0.000138943404877608	0.0003369377568282	0.00108375855804534	0.00341106058974528	0.00872911941143574	0.0216508560650533	0.0461569991003415	0.0855787166492409	0.134386061197623	0.180004654604063	0.193871206410849	0.166898817938983	0.104832798980155	0.04414926689986	0.0087430137519235	
1.39465151145358e-05	3.48662877863394e-05	0.00011505874969492	0.000320769847634322	0.00126564624664412	0.00360866078588613	0.00991248561765629	0.0242843694431854	0.0489627279383564	0.0891530978696698	0.138966563230013	0.178717617935218	0.193891426379833	0.16207245214602	0.100655486210383	0.0396081029252815	0.00841672187162233	
3.85541493026956e-05	0.000161226442538545	0.000389046415690838	0.00131084107629165	0.00420941211932159	0.0110019522419238	0.0259469424807142	0.0527841353180542	0.0955441918174075	0.13955901063043	0.179911185259697	0.190850048893671	0.157661936189378	0.0947590891406981	0.0379057386098776	0.00796668921500247	
1.40283442695967e-05	9.11842377523787e-05	0.000133269270561169	0.000578669201120865	0.00150103283684685	0.00441892844492297	0.0123274075269081	0.0281268302605414	0.0570567832305173	0.09835622876021	0.1425174565209	0.18123217961892	0.188449762745628	0.151411426787825	0.0912473653015919	0.035723178682528	0.00681426822895661	
7.06661343151215e-06	8.12660544623897e-05	0.000127199041767219	0.00057592899466824	0.00162178778253204	0.00507736175054148	0.0137586963511542	0.0305737030114373	0.0599814148066751	0.100391843714777	0.146748827825497	0.182297426692719	0.183894481328241	0.148257549793125	0.0871666766777024	0.0334286148377682	0.00601015472350108	
6.03967712596635e-05	0.00020605957253297	0.000596862210095498	0.00198243519781719	0.00616402341973624	0.0150707708049113	0.0326711005002274	0.0625852660300136	0.101981724647567	0.150299141655298	0.180149357662574	0.184057384038199	0.14393616416553	0.083599789677126	0.0311718394724875	0.00546768417462483	
6.04145862133914e-05	0.000273642537554773	0.000820927612664319	0.0024379062436698	0.00672378806563156	0.0163439224703169	0.0348734314418829	0.0640074771934937	0.105825032250728	0.152059959699917	0.181911872887711	0.182707923906052	0.139913074071837	0.0794167504770975	0.0279541844208551	0.00466969213437625	
6.75524331319797e-05	0.000373316077834625	0.000991954149674859	0.00254210472049292	0.00784674841696206	0.0181396059915453	0.0363005443303954	0.0679364153834667	0.110693550164792	0.154417751357271	0.182860881097052	0.176642501857692	0.134272904719071	0.0756765020639046	0.0265943263066952	0.00464334093001923	
7.11756436947277e-06	0.000110322247726828	0.000338084307549956	0.00127048523995089	0.00332746134272852	0.00846634281748786	0.0192957170056407	0.0374739764052741	0.0708909411199488	0.114927311873877	0.156721649851421	0.183138490008719	0.17306357764373	0.129514760049111	0.0720653392409118	0.0249968860655884	0.0043915372159647	
3.2120143612731e-05	0.000153462908371937	0.000549611346262286	0.00147752660618563	0.00358318046524244	0.008783074825659	0.0201107788064155	0.0404963632859621	0.0751183091956402	0.118569725693974	0.160839834688328	0.182620860962605	0.169037609119266	0.125643295098466	0.0657891919285648	0.0231836058787001	0.00401144904674552	
3.21928710675514e-05	0.000243235025843721	0.000651011392699372	0.00158460465365836	0.00418865022445585	0.0103875663977966	0.021644340314417	0.0429274050757427	0.0796165471357287	0.122930266664282	0.162058912954054	0.18048754314739	0.165564358914743	0.11978251927101	0.0624541698710497	0.0213832203602025	0.00406345572585982	
7.17748852499022e-05	0.000218913400012202	0.000760813783648963	0.00167235482632272	0.00460435888878123	0.0115737002465467	0.0230002619783312	0.0466967403435864	0.0844323862637225	0.125480443138142	0.162455275274629	0.178504139616507	0.160678846864694	0.115765712419567	0.0608256265050296	0.0197309159551981	0.00352773561003269	
7.1644271861354e-05	0.000214932815584062	0.00076301149532342	0.00165498267999728	0.00507241444778386	0.0117854827211927	0.0250110153067987	0.0496279871183599	0.0858549131850536	0.128608632418317	0.163624770290553	0.17666402776932	0.158767288658354	0.112517328958256	0.0572222799356634	0.0192651447035181	0.00327414322406388	
0.000103235544353906	0.000242069552278124	0.000683490500549996	0.00200063365265155	0.00534688922826091	0.0131714315210156	0.0279163151318389	0.0524187376072849	0.0878498883988167	0.131080662558604	0.163906005816789	0.174649622122309	0.155180822395705	0.108949097756941	0.0550708231432731	0.0183652473559241	0.00306502771340389	
3.56346168922338e-05	9.26500039198079e-05	0.00024231539486719	0.000744763493047686	0.00220578278562927	0.0065852772016848	0.0146850256212895	0.0298867531875165	0.0548594927055939	0.0926892019983893	0.131263674784232	0.163602089613935	0.174834120858367	0.15338920841262	0.103921233242821	0.0517236464190773	0.0165380256996857	0.00270110396043132	
3.20302935398457e-05	0.000124562252654955	0.000309626170885175	0.00097514449221308	0.00287560857557726	0.00705378242177491	0.0157304330495687	0.0317811690345358	0.0591243629530507	0.0948986419155539	0.133662414941776	0.16439726105401	0.174632719300743	0.149161518093557	0.0988490447854682	0.0481237365828659	0.0157446687355864	0.00252327534663895	
7.07711579223003e-06	5.30783684417253e-05	0.000180466452701866	0.000442319737014377	0.00113587708465292	0.00316347075912683	0.00748404995028326	0.0172681625330413	0.0334818348130403	0.0622892346453126	0.0980322079539704	0.136828956726975	0.167076549622967	0.172313615309217	0.144079461856115	0.094019483299776	0.0453961592492596	0.0142993124582008	0.00244868206411159	
2.46931871496654e-05	7.76071596132341e-05	0.000123465935748327	0.000430366976037026	0.00136518048956007	0.0034147150229823	0.00803939621629821	0.0181212717696902	0.0354170855689487	0.0652993696182081	0.100801117543098	0.140444265712804	0.169356460266898	0.169317656687091	0.138676939032521	0.0900207775531874	0.0430402252018668	0.0137047188680643	0.00232468719023279	
3.87005073284688e-05	5.9809874962179e-05	0.00014424734549702	0.000647353940767114	0.00152691092550504	0.00352878262276856	0.0085387392078358	0.0196950400022517	0.0379405700936552	0.0670714974281754	0.103812351794648	0.143754793585567	0.169427302856097	0.16545874174096	0.135064770576356	0.0864534151438603	0.0416136000619208	0.0132285370504584	0.00199483524138562	
2.82788435366936e-05	7.77668197259073e-05	0.000275718724482762	0.000798877329911593	0.00169673061220161	0.00387066670908493	0.0100884774317154	0.0216191758838022	0.0397706585789174	0.0704037158400407	0.107282862667331	0.147604958695214	0.164211709562137	0.163561296160794	0.130839139333397	0.0833907747342672	0.0401665623884311	0.012435621445261	0.00187700823974804	
2.84396918559387e-05	7.10992296398469e-05	0.000355496148199234	0.000714547257880461	0.00188412958545594	0.00450769115916629	0.0107964180208107	0.0223998122980338	0.0425528889394483	0.072898040149735	0.110299789901776	0.146827019129248	0.165074636416314	0.161736527584724	0.126627727988567	0.0813481835924308	0.0386139916174008	0.0114967454327632	0.00176681585655019	
3.56849730578453e-06	2.14109838347072e-05	8.56439353388288e-05	0.000413945687471006	0.000770795418049459	0.00199835849123934	0.00530278699639582	0.011808157584841	0.0235413767262606	0.0441316061806373	0.0766548906255576	0.11285015879813	0.148317453520323	0.166695214645113	0.157980944224387	0.124148021268244	0.0773043571352104	0.0359097883881098	0.0107090604146594	0.00135246047889234	
3.56947810660603e-06	2.85558248528483e-05	0.000103514865091575	0.000374795201193633	0.000942342220143993	0.00234157763793356	0.0055005657622799	0.0124003669423494	0.025061305786481	0.0473705439527687	0.0788854661559933	0.116140109154641	0.149793148743722	0.167479912761955	0.155879108915485	0.119652475611541	0.0736668891641353	0.0331640210884767	0.0098803153990855	0.00133141533376405	
2.1425740170049e-05	6.07062638151387e-05	0.000417801933315955	0.00116770283926767	0.00219256741073501	0.00594564289718859	0.0130054242832197	0.0265607758974707	0.0501398029546096	0.0821534297253577	0.11831293721901	0.15109789063588	0.166038773447794	0.153929659295022	0.117655881187129	0.0692515631862932	0.0314029931759018	0.00942375471812653	0.00122126718969279	
3.58503891559743e-06	4.66055059027666e-05	9.32110118055332e-05	0.000587946382157978	0.00114004237515998	0.00276765004284121	0.00603362049495047	0.014185998989019	0.0288523931927281	0.0525961059307299	0.085553368681817	0.121156390152615	0.151403363483511	0.165001416090372	0.15155035007905	0.112953821113728	0.0665383222734883	0.0299063946339138	0.00853239261912188	0.00109702190817281	
3.59022596882248e-06	5.38533895323372e-05	0.000165150394565834	0.000534943669354549	0.001213496377462	0.00271062060646097	0.00729533916864727	0.0159118814938212	0.031084176438065	0.0561295927965706	0.0875584309276426	0.1229042055907	0.150828983176201	0.163962029770154	0.147059245908938	0.111167756898619	0.064110665125263	0.0284920332885752	0.00775488809265655	0.00105911666080263	
1.79265441925167e-05	6.45355590930603e-05	0.000164924206571154	0.000595161267191556	0.00122617562276815	0.00342038463193219	0.00761519597298111	0.0168832193205123	0.0330816446528704	0.0576410101966183	0.0916440792209841	0.124757991653401	0.151149450013624	0.162296175192531	0.144778356207604	0.106974859814424	0.0631552151902365	0.0265420413314403	0.00698059630856602	0.00101105709245794	
5.36246702082782e-05	0.000214498680833113	0.000604171284346601	0.00138709146938746	0.00355710312381579	0.00820457454186657	0.0184933612658282	0.0349168102616169	0.0606959767197432	0.0937180486340009	0.127430091304938	0.153205682785051	0.160498637933377	0.141115107142091	0.103942485753713	0.0591372863056892	0.0253465941184462	0.00649216007321555	0.000986693931832319	
1.07533433936835e-05	6.45200603621009e-05	0.000218651315671564	0.000698967320589427	0.00137284350659359	0.00404684156382288	0.00915109522802465	0.0196069294544829	0.037507661757168	0.0637960019069262	0.0963320345684146	0.12963872350645	0.154790793704276	0.158117161260722	0.138700207539527	0.0981995318711176	0.0566737041325099	0.0238222400648068	0.00623693916833642	0.00101439872680414	
3.56965649195578e-06	3.92662214115136e-05	9.28110687908503e-05	0.000257015267420816	0.000831729962625697	0.00163490267331575	0.00469052863042989	0.0102413444754211	0.0207896794091505	0.0403835238934957	0.0667204494911455	0.097833575475032	0.132473522072971	0.154544708162733	0.15672933793581	0.13400490470802	0.0937284705092829	0.0556259571141469	0.0221568578455695	0.00628616508233413	0.000931680344400458	
1.06984291139918e-05	1.4264572151989e-05	0.000146211864557887	0.000313820587343758	0.000855874329119341	0.0018222990924166	0.00498903411015816	0.0107768842608277	0.0222206372697609	0.0419378421268477	0.0690868890751208	0.102045183032291	0.134425761817307	0.154874025997183	0.153550986930086	0.129946686161582	0.0936362177486939	0.0524686625180536	0.0202592585988624	0.00580568086585953	0.000813080612663374	
1.42556247349345e-05	3.56390618373362e-05	0.000153247965900546	0.000277984682331222	0.000716345142930457	0.00216685495971004	0.00534585927560043	0.0116682288455439	0.0241597200195302	0.0433370991942008	0.0720942581907474	0.105580720693108	0.136137652312441	0.153992822292946	0.150261412518577	0.129719057275536	0.0891511131860965	0.0493565367385269	0.0192023265179567	0.00587331739079301	0.000755548110951527	
3.55732631354274e-06	6.04745473302266e-05	8.89331578385685e-05	0.000284586105083419	0.000718579915335634	0.00253281633524243	0.00654548041691864	0.0139945217174771	0.0258084024047526	0.0460816050656327	0.0741240083952901	0.106684216143147	0.134506065241365	0.154149621144748	0.150329052684003	0.125726583899541	0.0873999501974316	0.0470420831702892	0.0181708228095763	0.00511899256518801	0.000629646757497065	
1.06331698188108e-05	5.31658490940539e-05	6.37990189128647e-05	0.000357983383899963	0.00102078430260584	0.00296665437944821	0.00683712819349534	0.0154783508662489	0.0271393937675447	0.0464102418691695	0.0759314656761278	0.108585930189696	0.13617546147957	0.154407803328891	0.150140357841608	0.123011597243882	0.0843281254430487	0.0447585561573142	0.0173958658235744	0.00441985425468568	0.000506847761363314	
1.40726146918097e-05	2.4627075710667e-05	9.49901491697157e-05	0.000351815367295243	0.00129819870531945	0.00312412046158176	0.00730368702504925	0.015536166619758	0.0276456515620602	0.0489234449760766	0.0783563186039966	0.110079510273009	0.139906417112299	0.156047706163805	0.148318322544329	0.120560090064734	0.0799254151421334	0.0419258373205742	0.0160427807486631	0.00404235857022235	0.000478468899521531	
3.51409856343651e-06	5.27114784515476e-05	0.000122993449720278	0.000541171178769222	0.00148997779089708	0.00347192938067527	0.00779075651513874	0.0164635517697	0.0301790784627927	0.0518013269236176	0.0816817070085182	0.114376880042731	0.140585027128841	0.155400466672289	0.145933485142391	0.115652497821259	0.0767338562311996	0.0390592055325968	0.0145378257569368	0.00367574709735459	0.000446290517556436	
6.29258418953264e-05	0.000129347563895949	0.000667713100111519	0.00165355128980496	0.00385945163624668	0.00904733771250581	0.0169480267504746	0.0324802220583043	0.0547489783290392	0.0846702161502669	0.115640218003083	0.141279002695324	0.155363903639561	0.14300596746734	0.112986845003164	0.0726863391493125	0.0371367343585584	0.0139975039416048	0.00323368909739872	0.000402026212109029	
6.58964870235944e-05	0.000208094169548193	0.000606941327848896	0.00196648990223042	0.00446708817296787	0.00894458105441316	0.0186036187576084	0.034214149709882	0.0572987295850949	0.0873926147379227	0.117701530532617	0.143609254641367	0.152820889880034	0.140602293891396	0.110088752163312	0.0693924690720041	0.0353760088231928	0.0132001068216737	0.0029896195691757	0.000450870700687751	
6.92058285148775e-06	5.5364662811902e-05	0.000259521856930791	0.000685137702297287	0.00196198523839678	0.00477174187610081	0.00993103639188492	0.0200939123092947	0.0359697293706076	0.0591294598831114	0.0897668801666476	0.119874875862045	0.145027734235777	0.15215593457281	0.137947977978705	0.105372794496753	0.0670293052080846	0.0339766015093791	0.0125297152526186	0.00298277120899122	0.000470599633901167	
1.72820815921636e-05	8.64104079608181e-05	0.000335272382887974	0.000743129508463035	0.00219828077852321	0.00496341383326939	0.0108566036561972	0.020344466450295	0.0374744657244476	0.0615933387944711	0.0918024174175731	0.123017313189339	0.145204049537359	0.151194019017203	0.134738020925144	0.104038131184825	0.0640301122989662	0.0319407431986368	0.0121700418572016	0.00296214878489684	0.000290338970748349	
3.45328908518919e-06	5.17993362778378e-05	0.000117411828896432	0.000321155884922595	0.000925481474830702	0.00252780761035849	0.00579807237403265	0.0112818954413131	0.0216003232278584	0.039281163344027	0.0650254334741124	0.0936808263030123	0.124204448527	0.144364750206334	0.149620656193992	0.132699539676565	0.0994305526298523	0.0630846850082361	0.0306375807637985	0.0120934183763325	0.00291112269881449	0.00033842233034854	
3.43253355301548e-06	3.77578690831703e-05	6.86506710603096e-05	0.00042563416057392	0.00124600967974462	0.00263275323516287	0.00636048467373769	0.0125081522671884	0.0233858510966945	0.041691552534926	0.0661483541001613	0.0946967356605911	0.123746267119761	0.145172141557684	0.148590944976487	0.130350461675763	0.0979095870662136	0.060532729207428	0.0299007997803179	0.0115092850032609	0.00272886417464731	0.000353550955960595	
3.40637741980536e-05	0.000109004077433772	0.000592709671046133	0.00120245122919129	0.00295673560039105	0.00649936811698863	0.0128181982307276	0.0249483082226545	0.0429373873766466	0.0672521093992172	0.0981820163710499	0.124618911526159	0.14614040406449	0.146886400719427	0.128515807294417	0.0951741851093618	0.0581673008205963	0.0286612596102423	0.011060507482108	0.00277960397456117	0.000463267329093529	
3.73081175680534e-05	0.000203498823098473	0.000803820351238969	0.00145840823220572	0.00320171481674931	0.00676972751507587	0.0139871524409684	0.0253593450051214	0.0439557457892702	0.0702613603217995	0.0990869686136982	0.124809219853345	0.148360816979942	0.146288520631389	0.127308863730405	0.0907876082783321	0.0548598910602967	0.0281574538227254	0.011155127152848	0.00258443505335061	0.000563013410572442	
