# <P(N_2)> as a function of N_tot.
# number_of_species: 2
# species_total_upper_bound: 100
# species_total_lower_bound: 0
# volume: 512
# Bin widths for each species index 
1	1	1	1	1	1	1	1	1	1	1	1	1	1	1	1	1	1	1	1	1	1	1	1	1	1	1	1	1	1	1	1	1	1	1	1	1	1	1	1	1	1	1	1	1	1	1	1	1	1	1	1	1	1	1	1	1	1	1	1	1	1	1	1	1	1	1	1	1	1	1	1	1	1	1	1	1	1	1	1	1	1	1	1	1	1	1	1	1	1	1	1	1	1	1	1	1	1	1	1	1	
# Bin lower bound for each species index 
0	0	0	0	0	0	1	2	2	2	3	4	4	5	6	7	8	9	10	10	11	12	13	13	13	15	15	16	17	18	19	20	20	21	22	23	24	25	26	26	27	28	29	30	30	30	31	31	32	34	35	36	37	37	38	39	39	40	41	42	43	44	44	44	45	46	49	51	51	52	52	53	54	55	56	57	58	59	59	60	61	62	62	63	64	64	65	67	68	69	70	71	72	72	73	74	76	76	76	76	77	
# Bin upper bound for each species index 
0	1	2	3	4	5	6	7	8	9	10	11	12	13	14	15	16	17	18	19	20	21	22	23	24	25	26	27	28	29	30	31	32	33	34	35	36	37	38	39	40	41	42	43	44	45	46	47	48	49	50	51	52	53	54	55	56	57	58	59	60	61	62	63	64	65	66	67	68	69	70	71	72	73	74	75	76	77	78	79	80	81	82	83	84	85	86	87	88	89	90	91	92	93	94	95	96	97	98	99	100	
# Normalized histogram for each species index 
1	
0.078960258252783	0.921039741747217	
0.00643312028293709	0.145517273263138	0.848049606453924	
0.000407366859317244	0.0172413394037168	0.201549382816062	0.780801910920904	
7.56488635794947e-05	0.00181673655457833	0.0318481715669673	0.247965336526879	0.718294106487996	
2.33467304654988e-06	0.000179769824584341	0.00401447030354252	0.0495499334034513	0.286333641121063	0.659919850674312	
1.04677453872135e-05	0.000476863956528616	0.00788337535939259	0.0675576656462553	0.3154745843142	0.608597042978236	
4.88414687327383e-05	0.0010559060383173	0.0123475884524813	0.0864889379887781	0.338846992470274	0.561211733581417	
1.16341840248692e-06	0.000129139442676048	0.00198130153943523	0.0180923195770741	0.106576106178217	0.356096777796392	0.517123192047803	
1.16598631365265e-06	2.09877536457477e-05	0.000264678893199152	0.00327525555505029	0.0254196676239414	0.127346693204515	0.369552366194326	0.474119184789009	
8.19031483570228e-06	5.96722938029738e-05	0.000565131723663458	0.00515755825653938	0.0335908212311681	0.146524732410714	0.377655417074232	0.436438476695044	
8.20538789212963e-06	0.000123080818381944	0.000894387280242129	0.00730513962053598	0.0434170517337985	0.16444535094444	0.380772197332546	0.403034586882164	
7.02319527292137e-06	2.34106509097379e-05	9.48131361844385e-05	0.00132504284149116	0.010044339772823	0.0522748129488992	0.180373212596803	0.383940527582429	0.371916817275187	
7.01923504376493e-06	1.75480876094123e-05	0.000170801386064947	0.00194315823461559	0.0132780529577887	0.0628514004543785	0.196428613209732	0.383660858639625	0.341642547795141	
3.51022528625887e-06	1.28708260496159e-05	0.000294858924045745	0.00288072488492311	0.0171755323256647	0.0733297763050433	0.212289064712173	0.379797015372447	0.314216646424368	
2.33563003620227e-06	6.189419595936e-05	0.000531355833236015	0.0039180193857293	0.0210557047763634	0.0846175405815719	0.226169566740628	0.373898166530422	0.289745416326054	
1.16459717748228e-06	0.000123447300813122	0.000876941674644157	0.00526165004786494	0.0267391511949932	0.0960746087535782	0.238032017105603	0.367057738398865	0.26583328092646	
3.49495968564003e-06	0.000150283266482521	0.00131060988211501	0.00723573153583673	0.0319334466476929	0.108509178346628	0.24790564540838	0.358854305615585	0.244097304337594	
1.28409266012635e-05	0.000232304035786495	0.00176037430133686	0.00923612829719974	0.0380908577272027	0.11927703248521	0.256662106192128	0.349619908572603	0.225108447461932	
1.16409014714099e-06	5.00558763270628e-05	0.00036319612590799	0.00215938722294654	0.0113591916558018	0.0444193518346061	0.129934578133731	0.264792093499721	0.339170469361147	0.207750512199665	
7.00943586891888e-06	8.06085124925671e-05	0.00054089480121824	0.00291592532147025	0.0141952758738722	0.0515275313117341	0.141096439323403	0.271355122554145	0.328546278047966	0.189734914817831	
1.05281505197982e-05	7.83762316473865e-05	0.000644556770712089	0.00386851041877473	0.0170778299376149	0.0595635964630093	0.15068356941736	0.274950839386045	0.31904273376296	0.174079459461356	
2.57072412624592e-05	0.000184624732703116	0.00097220112410755	0.00482478178057701	0.0207071828369109	0.0658362448731581	0.160144427955456	0.278622091868332	0.307113894763902	0.16156884282359	
4.68574467611547e-06	5.15431914372702e-05	0.000210858510425196	0.00134246584970708	0.00612778260019001	0.0239382981141049	0.0731608745005289	0.170377190732066	0.280705392003542	0.294648996723493	0.149431912029829	
1.16935130236501e-06	1.05241617212851e-05	4.56047007922355e-05	0.000335603823778759	0.00168854328061508	0.00775162978337767	0.0275662876019528	0.0807331832665829	0.179156313035344	0.281361124915953	0.284252930686702	0.137097085391879	
9.34694092149154e-06	6.19234836048814e-05	0.000443979693770848	0.00225728623254021	0.00934810928910672	0.0324385584680364	0.0890483061590499	0.187811589038375	0.281488967688794	0.271360388832742	0.125731544173059	
4.66959138740565e-06	9.33918277481129e-06	8.40526449733016e-05	0.00059537290189422	0.00287179870325447	0.0111883409642239	0.0370543750569106	0.0969302106219195	0.194573701328265	0.28123548048928	0.26042427907346	0.115028379441657	
7.03247244149862e-06	1.17207874024977e-05	0.000107831244102979	0.00076419533864285	0.00339434003176333	0.0136488569302086	0.0414939315623224	0.104618576275954	0.201442828929247	0.279579458147998	0.248670569688872	0.106260658591044	
4.70482515105429e-06	1.52906817409265e-05	0.000165845086574664	0.000985660869145874	0.00428962433147375	0.0157693977000462	0.0464189811465894	0.112061877860387	0.207284010298862	0.277235350644737	0.23758426047794	0.098184996077352	
4.70807022086734e-06	1.76552633282525e-05	0.000250704739261186	0.00124881562608506	0.00514945180407366	0.0181955143860971	0.0517746482188782	0.11933898694099	0.213751096097598	0.272955079125005	0.226346360955974	0.0909669787724884	
2.34755836323536e-06	3.05182587220597e-05	0.000340395962669127	0.00157403788254931	0.00627619728410973	0.0207934982023572	0.0573074209841199	0.127069812864385	0.21751184636639	0.268347048943071	0.216523524295468	0.0842233513977949	
2.34776504506535e-06	7.74762464871565e-05	0.00050007395459892	0.00201790405623367	0.00750815261411899	0.0231700932297499	0.0629212770902739	0.134587978973416	0.221425938577771	0.263967441194355	0.206821666114942	0.0769996501830083	
1.17604444507167e-06	8.23231111550168e-06	0.000128188844512812	0.000548036711403397	0.00230269502345033	0.00841342196004271	0.0261375877917178	0.067853060302855	0.14144756958655	0.223853003852722	0.262132074495359	0.196311218993588	0.0708637340822384	
2.35392982699793e-06	2.11853684429813e-05	0.000116519526436397	0.000602606035711469	0.00270231144139362	0.00992299118570976	0.0295029794866785	0.0734461414970758	0.146856974046747	0.228827872412296	0.256852583967619	0.185833344122178	0.0653121369798845	
8.26480433075747e-06	2.0071667660411e-05	0.000159392654950323	0.0008689851410625	0.00334016163595898	0.0114302243894376	0.0333048000802867	0.0800682436700454	0.153955594387017	0.231723861080446	0.249992620710419	0.175466518687313	0.0596612610910722	
3.5576384870075e-06	2.60893489047217e-05	0.000193298357794074	0.00112895727987705	0.00408772662157162	0.0134502452398797	0.0365677801284545	0.0861102678190253	0.160713946891573	0.232178602939084	0.24425797148197	0.16600771296024	0.0552738432931399	
2.36246329322658e-06	4.84304975111449e-05	0.000298851606593163	0.00143165275569531	0.00450757996347632	0.0151103152234772	0.041074968047684	0.0922789974650769	0.166341040476084	0.232503006234541	0.237337787364129	0.157607013681025	0.0514579942214148	
1.18014848628254e-05	8.96912849574734e-05	0.000382368109555544	0.00158139897161861	0.00524221957606706	0.0172820944331216	0.0456044779554163	0.0979228206492941	0.17144489119621	0.233613933305088	0.230462936846714	0.14962276553636	0.0467386006507339	
1.17743054042884e-05	0.000133049651068459	0.000455665619145963	0.00190390518387344	0.00633104401588589	0.0197043000940767	0.049848876790136	0.104367443103613	0.177119698766171	0.232549596317939	0.224201613786299	0.140042411048066	0.0433306213183219	
1.29268960524785e-05	2.23282749997356e-05	0.000133969649998414	0.000555856530256575	0.00216936819207957	0.00768210177227745	0.0224481425813131	0.0547900613322459	0.109802230242121	0.181423110234694	0.232516079295931	0.216187059236914	0.132825032111585	0.039431733649533	
9.39480983730538e-06	5.75432102534955e-05	0.000176152684449476	0.000744538679606451	0.00263289545690483	0.00886400308149763	0.0246731193352233	0.0591508970869043	0.115349475182435	0.185284439611337	0.23031963491769	0.211446636305773	0.125171748867338	0.0361195207707502	
8.22699936652105e-06	5.40631386942812e-05	0.000206850269786815	0.000917898072178991	0.00330255260284631	0.00986534752608253	0.0271855317638569	0.0634807023977002	0.120852270122947	0.188388883208342	0.229388722194211	0.205233076768482	0.118440584022932	0.032675290912574	
4.70160113026491e-06	6.22962149760101e-05	0.000283271468098461	0.00121653929245605	0.00379301671184122	0.0116153055923195	0.029923340393571	0.068160286985733	0.126047575501837	0.191604350861686	0.228497814930875	0.198042018209301	0.110822615641757	0.0299268665944187	
1.29267137590766e-05	8.93118405172566e-05	0.000345495804106229	0.00132440058240721	0.00452199950408425	0.0127633671033937	0.032730439237982	0.0725834977572152	0.130766636386819	0.195186326827279	0.225917826055789	0.190625547181918	0.105212873596717	0.0279193514080129	
2.35044969978881e-06	2.93806212473602e-05	0.000135150857737857	0.000444234993260086	0.0014925355593659	0.00494769661805545	0.0142025923109739	0.0358349561229802	0.0763708116455381	0.135805457979248	0.198379129887026	0.222832033338779	0.183584224251705	0.0996202848509991	0.0263191605133852	
2.3508226703935e-06	5.87705667598376e-06	3.17361060503123e-05	0.000109313254173298	0.000497198994788226	0.00162089223123632	0.00567253510365953	0.0157646168276588	0.0387721183028001	0.0799961446508206	0.141305599894683	0.200860166015097	0.2192812124603	0.17719325878091	0.0947922225382773	0.0240947569601982	
3.51454317967751e-06	7.02908635935501e-06	5.03751189087109e-05	9.9578723424196e-05	0.000543582678456788	0.00206069381768424	0.00627697411890402	0.0176207479885098	0.0415676737004391	0.0852499308806508	0.146675945060661	0.200690959189125	0.216557950130975	0.171195741310878	0.0887586164883622	0.0226406871634825	
8.18763246419665e-06	1.16966178059952e-06	1.05269560253957e-05	3.97685005403837e-05	0.000115796516279353	0.00068425214165072	0.00241301225337681	0.00719108062712586	0.019986010845104	0.0452635715856403	0.0902417456968143	0.151043104375939	0.201938597435166	0.212153253765141	0.164777273003738	0.0836542105484778	0.0204784384547364	
1.16977534464506e-06	2.33955068929012e-06	1.52070794803858e-05	5.61492165429629e-05	0.000168447649628889	0.000849256900212314	0.00261912699666029	0.00829838629491206	0.0217496329829856	0.0492604095383482	0.0959344457896861	0.1546501494388	0.202388681253765	0.207959151444965	0.158559538640604	0.0787785205851216	0.0187093868622531	
5.86914391493028e-06	1.17382878298606e-05	5.16484664513865e-05	0.00028876188061457	0.000915586450729124	0.00307425758264048	0.00925563995384505	0.0240928357707888	0.0529690238322458	0.100200372573256	0.158532620114965	0.202795355863803	0.204726304211815	0.15183240542168	0.0737375764896181	0.017510003955803	
1.17539890100203e-06	3.87881637330669e-05	9.52073109811642e-05	0.000282095736240487	0.0011025241691399	0.00359789603596721	0.0101342893244395	0.0260409626516999	0.0568411154535571	0.104530575063912	0.161649084658106	0.203072492727219	0.201395198495489	0.146039787252799	0.0687232229437865	0.0164555846140284	
7.05378629613911e-06	4.11470867274781e-05	9.05235908004519e-05	0.000331527955918538	0.00127438405750247	0.00401948255774994	0.0117045827273935	0.0287994338160866	0.0605285402071697	0.109186733708987	0.16448254011547	0.204036646771071	0.196061165732236	0.139589728276396	0.0651240819791043	0.0147224276310917	
8.23419945348442e-06	4.70525683056253e-05	0.000114102478141141	0.000412886286881862	0.00156685052457732	0.00489229078957739	0.0130770850463409	0.0312382000981046	0.0639209140431919	0.113596663031856	0.169126927831947	0.204051696656797	0.190987551066741	0.132935268605468	0.0603484477945873	0.01367582897803	
2.36089322034098e-06	7.08267966102295e-06	5.78418838983541e-05	0.000146375379661141	0.000494607129661436	0.0018403162652558	0.00541706949407239	0.0144097117703512	0.0336958484873167	0.0682664079127697	0.119138935024677	0.172379438036587	0.201842204979832	0.186087964520497	0.126945228457735	0.0565988736178446	0.0126697334669599	
5.91412920952932e-06	1.41939101028704e-05	3.90332527828935e-05	0.00021172582570115	0.000620983567000578	0.00207585935254479	0.00617671654643242	0.0158652430174833	0.0364203904981234	0.0732228337431825	0.12248043310351	0.173941637007309	0.201028348786953	0.180719229081429	0.121855901058984	0.0537748112505663	0.011546745868685	
4.73162797575041e-06	2.01094188969392e-05	8.16205825816945e-05	0.000228301049829957	0.000715658731332249	0.00241194736063877	0.00692237172852284	0.0175673517669673	0.0397575040662428	0.0767517373946473	0.126471684163833	0.176143131746266	0.199338754990389	0.176507467100399	0.116372024249593	0.0498559810734881	0.0108496229483957	
1.1834669664783e-06	7.10080179886979e-06	1.65685375306962e-05	0.00011834669664783	0.000259179265658747	0.000958608242847422	0.00300837302878783	0.00798011775496317	0.0193449510340543	0.0427894316399893	0.0810994408118583	0.130948252906891	0.17652356578597	0.197661469274239	0.172384981804195	0.110400899434895	0.0470700316577414	0.00942749785496612	
3.54892248798394e-06	1.30127157892744e-05	2.83913799038715e-05	0.000120663364591454	0.000319403023918555	0.00115813170524543	0.00349095675401354	0.00890069759986372	0.0210391954829315	0.0456509729371001	0.085155212125012	0.133653603871638	0.178937854818313	0.195739636850592	0.167648732384036	0.106082025062491	0.0434127858213449	0.00864517518072888	
1.1814814596022e-06	1.89037033536351e-05	3.18999994092593e-05	0.000109877775743004	0.000368622215395885	0.00132562219767366	0.0037157591904489	0.0100165998145074	0.0237276921531909	0.0489771324263494	0.0882188576255767	0.137340130789998	0.180076678146728	0.194429314917976	0.162531678471636	0.100468457398732	0.0402967881426521	0.0083448035491703	
2.36675747126165e-06	1.06504086206774e-05	3.90514982758172e-05	0.000125438145976867	0.000391698361493803	0.00140230380172253	0.00428264764424795	0.0110539407695275	0.0258485417223841	0.0517976706372968	0.0936880944998923	0.14001973875731	0.181058129930252	0.190248249191161	0.157867456848094	0.0955874173705798	0.0389615614919092	0.00761504216378435	
4.74747582644653e-06	2.13636412190094e-05	4.5101020351242e-05	0.000137676798966949	0.000493737485950439	0.00169247513212819	0.00450654142825437	0.0124217704998973	0.0275721527310448	0.0559513763525855	0.09726153725641	0.143777305403933	0.182060950468398	0.187225017298615	0.151935842611681	0.0920084552544469	0.0359645031232457	0.00691944601704581	
5.95866592620311e-06	1.07255986671656e-05	6.67370583734749e-05	0.000154925314081281	0.00063161858817753	0.00182335177341815	0.00515186255979521	0.0132449226207643	0.029711100041234	0.0586237388483567	0.100399945656967	0.147611647523459	0.182407873066115	0.184288428032425	0.148262333842601	0.0878748298800878	0.0333423110566621	0.00638768987288974	
5.97213164489227e-06	4.77770531591382e-06	5.97213164489227e-06	6.21101691068797e-05	0.000186330507320639	0.000762043997888254	0.00211055132330493	0.00570338572087212	0.014471669401903	0.0320691525067425	0.0619644490947443	0.103463597468772	0.149879004612874	0.180753730790639	0.183063751310883	0.144631889749672	0.0834223180948422	0.031600937385783	0.00583835589604669	
3.58124715738507e-06	1.07437414721552e-05	1.19374905246169e-06	1.31312395770786e-05	7.28186922001631e-05	0.000286499772590806	0.000919186770395501	0.0023433293899823	0.00655487604706714	0.0159341623522586	0.0347106411984286	0.0645054237988199	0.106275896893507	0.151787579518609	0.182550492600547	0.181523868415429	0.139089670847574	0.0790226060258065	0.0292898267512	0.00510447094832618	
2.39014590645686e-06	2.39014590645686e-06	7.17043771937058e-06	2.62916049710255e-05	0.000105166419884102	0.000401544512284752	0.00090586529854715	0.00271759589564145	0.00759946890957959	0.0176117901117274	0.0365202343777076	0.0682649572343144	0.109779401483564	0.154782263683287	0.18325726693986	0.177131322981611	0.134066869112025	0.0748366634041175	0.0271126200898934	0.00486872721145262	
2.39052872519079e-06	0	3.58579308778619e-06	1.7928965438931e-05	0.000133869608610684	0.000356188780053428	0.0010649805470725	0.00320211322739307	0.00824254304445786	0.0187429404698584	0.0384050392345527	0.0718604887435979	0.114862514716692	0.156295158581699	0.182935210695226	0.173631272896783	0.12915190017152	0.0709652357360139	0.0254674977738201	0.00465914048539686	
2.39812466651079e-06	2.75784336648741e-05	0.000139091230657626	0.000446051187971007	0.00128539482124978	0.00361397387243176	0.00884548283242504	0.0200579147106962	0.0411889902096561	0.0752747351571071	0.117660389575352	0.159540039688963	0.182449324628141	0.169909530746956	0.124170098982596	0.0672170362776309	0.0238349610604507	0.00433700845938476	
3.59877929406345e-05	0.000164344254428898	0.000521822997639201	0.00147310032436997	0.00405702385750753	0.0100010076582023	0.022403600698643	0.0442086044413735	0.0788252624709699	0.12171431450452	0.161033377478359	0.18032883246003	0.165425087810215	0.119263545805263	0.0639814974760561	0.0224359897122896	0.00412660025719276	
4.80609220247586e-06	5.16654911766155e-05	0.000163407134884179	0.000645217878182384	0.00169655054747398	0.00453454799303597	0.0113363699825899	0.0239319361222285	0.0470384259086818	0.0824100629958535	0.124412905799391	0.162722266745326	0.17804529020987	0.161235982731711	0.115729498712568	0.0614374781472995	0.0209413452492379	0.0036622422582866	
1.31796664106616e-05	7.78798469720915e-05	0.000228846934948761	0.00068893710783004	0.00197335550712361	0.0050370288718565	0.0120905467045442	0.0255290138374516	0.0498502909710898	0.0846266380228583	0.127600737582058	0.163351181796724	0.176849556504225	0.15927866487583	0.111511959349116	0.0582816830194376	0.0197227717078092	0.00328772769371414	
2.38663199685919e-06	2.98328999607399e-05	8.59187518869309e-05	0.000243436463679638	0.000735082655032631	0.00215512869316385	0.00573627000445107	0.0131252826667271	0.02764435841962	0.052730247338607	0.0877075325685769	0.129384093813731	0.164827965599086	0.175535590052995	0.155496234491367	0.107769561134175	0.0553925353311034	0.0182899543079304	0.0031085881759091	
9.54733688971632e-06	2.8642010669149e-05	8.59260320074469e-05	0.000292387192247562	0.000798396047402528	0.00240592889620851	0.00649099566789589	0.0141276717625577	0.0296707362190159	0.0551931545594501	0.0912128698101273	0.132274772355686	0.165241726635876	0.175526595300323	0.15171434368026	0.103210292029167	0.0520890766531811	0.0169345888081343	0.0026923490029	
1.07321854664744e-05	3.21965563994233e-05	0.000125208830442202	0.000347007330082674	0.00100763296879677	0.00289292021574078	0.00682924735183324	0.0150691808599819	0.0316981060077582	0.0584343649348497	0.0952052172730948	0.135485494258877	0.165027623452926	0.173771969677999	0.147431609148115	0.0997318146098433	0.0489316109368125	0.0154996607436928	0.00246840265728912	
1.31032404313587e-05	4.52657396719663e-05	0.000164386107229772	0.000414538879101165	0.00117929163882228	0.0032472212196258	0.00754508408111144	0.0164004922053587	0.0337730066099892	0.0616293045633822	0.0984958671188476	0.137593554158671	0.16621579607546	0.171015155684364	0.144434636867516	0.0951902769191185	0.0459173280825075	0.0145136255832431	0.00221206522554846	
1.42928096447879e-05	4.28784289343638e-05	0.000175086918148652	0.000470471650807603	0.00138640253554443	0.00355176319672981	0.00792893615044611	0.0174134064172333	0.0356117262974596	0.0646690083053135	0.101880338215519	0.140195787670784	0.167284235150069	0.168905277977282	0.140494745605854	0.090793882201045	0.0432643347947731	0.0137592114180492	0.00215821425636298	
1.78086355260908e-05	5.22386642098665e-05	0.000195894990786999	0.000612617062097525	0.00149592538419163	0.00352136086469236	0.0085279619322607	0.0191027297076534	0.0380309347871512	0.0672406587770454	0.104992591607621	0.142311180973729	0.167524647151568	0.166471563170792	0.136156516535912	0.0872801227133712	0.0415297380468438	0.0129967422069411	0.00193876678760709	
1.77587929703594e-05	9.94492406340126e-05	0.000268749733618105	0.00069969644303216	0.00158526825248742	0.00389983093629092	0.0097412899040078	0.0206558440635907	0.0404935997310135	0.0705829146204591	0.107161292461274	0.145056188820958	0.166589317257285	0.164811070121186	0.132263938284643	0.0827796536325019	0.0396447294270303	0.0118830003362331	0.00176640794078508	
3.79401352091569e-05	8.29940457700306e-05	0.000288107901744535	0.000647353557006239	0.00169189290448334	0.00445322337017479	0.0103576569120998	0.0222827156600279	0.0426589395257957	0.0724822570586436	0.110797051102991	0.146394382962982	0.167172535136122	0.163219647299018	0.127418387212277	0.0798390864015442	0.0373876319901735	0.011108160211706	0.00168003661223048	
4.74602253648801e-06	3.44086633895381e-05	7.83093718520522e-05	0.000252725700067987	0.000719022414277934	0.0019518017681307	0.00509248218165164	0.0116135171467862	0.0238131680768286	0.0440739382850959	0.0764252009050665	0.113185518461434	0.148925441172457	0.167526289998588	0.159149560221687	0.1233135305543	0.0767443709206453	0.0350814120840853	0.010463793187322	0.00155076286379746	
3.56021812269698e-06	2.37347874846466e-05	7.5951319950869e-05	0.00029549810418385	0.0008259706044657	0.00214799826736051	0.00547680221208219	0.0126399610749485	0.0252158382236885	0.0473378468987533	0.0789929329670264	0.116072604714916	0.150235271080942	0.166424769624219	0.155738181559257	0.12039470951587	0.0735956422930178	0.0331658052916709	0.00983925615176023	0.0014976650902812	
1.06957718425487e-05	2.2579962778714e-05	0.000106957718425487	0.000344641537148792	0.000989953104982566	0.00224254682965438	0.00602409638554217	0.0131664951381775	0.0271684488991674	0.0499409355710473	0.0821542235226168	0.118233438785721	0.150733135738852	0.165250863386472	0.154595497793106	0.117841260484827	0.0697316787370433	0.0310581445925743	0.00903079669239198	0.00135360934762922	
7.14272959411439e-06	3.69041029029244e-05	0.000102379124182306	0.000435706505240978	0.00104879079540246	0.00255352582989589	0.00634869615423534	0.0144116474110581	0.0289982916971721	0.0528335803527318	0.0847270584453849	0.121014505693351	0.151763956596013	0.165616090188866	0.151965143479581	0.113186074058201	0.0659512032523229	0.0294268554728189	0.00841175455200205	0.00116069355904359	
1.19072567585589e-06	3.57217702756768e-06	5.83455581169388e-05	0.000152412886509554	0.000384604393301454	0.00112642648935968	0.00277081864771666	0.00731224637543104	0.0158187906037455	0.0311731981939073	0.0557390596124902	0.087660033530835	0.123021013926727	0.152779630017718	0.164451123092457	0.148190573262969	0.108620377602926	0.0637431176055935	0.0280796928880337	0.00787188744308331	0.00104188496637391	
1.18933075169272e-06	1.90292920270834e-05	5.8277206832943e-05	0.000133205044189584	0.000456703008650003	0.00124522929702227	0.00339316063457932	0.00793878276754887	0.0170359736872465	0.0331085894656218	0.0579572768607377	0.0905282888265944	0.125757455022484	0.154069473566529	0.162790835968692	0.144217057619507	0.105264096840067	0.0611910671745902	0.0264673665481697	0.00741547723680408	0.000951464601354172	
3.56224730308194e-06	1.18741576769398e-05	5.5808541081617e-05	0.000173362702083321	0.000559272826583864	0.00142371150546508	0.00387335023421776	0.00855058094316434	0.01856287069636	0.0350596379569324	0.0605973888727268	0.0937630986801874	0.128172032796424	0.154577784638402	0.160574234265257	0.140994935671751	0.101610729488877	0.0583484234087144	0.0251387792178492	0.00701169010823295	0.00093687104071055	
2.3753053751973e-06	4.7506107503946e-06	2.0190095689177e-05	6.65085505055244e-05	0.000243468800957723	0.000643707756678468	0.00150356830249989	0.00423041887322639	0.00934682665140137	0.0199751305527217	0.0375191360539289	0.0634788484994602	0.0965027191308283	0.129304498709615	0.154930480749931	0.15858132511161	0.138002866993588	0.0979611566311994	0.0563220534039907	0.023747115488535	0.0065914724161725	0.00102138131133484	
2.37299155926902e-06	7.11897467780707e-06	3.32218818297663e-05	7.47492341169742e-05	0.000258656079960324	0.000775968239880971	0.00171685939313114	0.00473649115230097	0.0103391242237351	0.0211196248774943	0.0391282578207869	0.0657650880735817	0.0981860852520948	0.132431912939686	0.155868764074806	0.156849996084564	0.135029152201306	0.0943252279851641	0.0539618280577776	0.0221732331298098	0.00628368164894437	0.000932585682792726	
7.12222811784439e-06	2.25537223731739e-05	0.000103272307708744	0.000283702086694135	0.00084398403196456	0.00205951096407667	0.00518142095573179	0.0111652796127407	0.0217690902421914	0.0411736007492584	0.0681015582248084	0.102270447620167	0.135436289888929	0.155200472915947	0.15472921882215	0.130949286174687	0.091871994568114	0.0515946075236844	0.0205998577928452	0.00577731404159144	0.000859415526219889	
7.12472302639235e-06	4.74981535092823e-05	0.000138932099014651	0.000295676005595282	0.000904839824351828	0.00239153202919237	0.00560596956793305	0.012027719922388	0.0233809660649442	0.0431105115788624	0.0712009195642519	0.105239283822841	0.136935989113423	0.155159843161097	0.15262937903289	0.127908965038984	0.088755049647445	0.0488126649076517	0.0192343772635839	0.00544447584600149	0.000768282633012642	
9.501323059236e-06	5.58202729730115e-05	0.000119954203622854	0.000365800937780586	0.000952507636688409	0.00279101364865057	0.00636232345354091	0.0130880725140976	0.0249374100343473	0.0456467313073345	0.0737920255395564	0.107404143526986	0.13708152610251	0.155262307776358	0.151018779365027	0.125417464381915	0.0858598934901685	0.0462310626754776	0.0180358864971947	0.00494781398309715	0.000619961329615149	
4.76760886536868e-06	6.43627196824772e-05	0.000129917341581297	0.000399287242474627	0.00114065042103946	0.00289632238571148	0.0064863318613341	0.0140370324018618	0.0268785868807323	0.0476403315871966	0.0765916364221479	0.109947019946484	0.139354823330294	0.155388291944529	0.149696958861495	0.121843395967795	0.0820493566707787	0.0435854802472005	0.0170728073468853	0.00429680748991353	0.000495831321998343	
1.4301241347749e-05	5.48214251663711e-05	0.000168039585836051	0.000421886619758595	0.00130498827298209	0.00316534141830178	0.00688366416871651	0.0148840169326698	0.0282664035238259	0.0507026676582194	0.079513710123372	0.112258785729268	0.141273620883626	0.155869229449116	0.146982199721603	0.118117527601396	0.0781109967011803	0.0414783669889213	0.0160078561485804	0.00398885456590965	0.00053272124020365	
1.6730721428708e-05	8.1263504082296e-05	0.00014340618367464	0.000562869270922962	0.00148544905256315	0.00339753150155835	0.00764474464138894	0.0162084839098262	0.0307701868104553	0.053072238474923	0.0822613721103654	0.114653243847875	0.141752232356259	0.1545309183732	0.144167431499646	0.115128874357062	0.07592998910113	0.0391164267003193	0.0148461251649171	0.00376202221839806	0.000468460200003824	
2.38576651695982e-06	1.90861321356785e-05	6.79943457333548e-05	0.000181318255288946	0.000635806776769791	0.0015913062668122	0.00384227697556379	0.0085971096438647	0.0171894477546955	0.033073881224614	0.0554201633057181	0.0847949135457858	0.116994411341934	0.142287115071484	0.154032243634477	0.141702602274828	0.112379146014875	0.0719905046492625	0.037197678649179	0.0139710487233167	0.00357626400892277	0.000453295638222365	
5.95939033053163e-06	2.14538051899139e-05	8.46233426935491e-05	0.000276515711336667	0.000668643595085648	0.00185813790505976	0.00438253564907296	0.00911905908377949	0.018742282589522	0.0345906852345378	0.0578215806210161	0.0882406926241818	0.118826667556602	0.143424647084905	0.151784479840574	0.13956296215072	0.109456122200874	0.0688178476589131	0.0353749410020357	0.0132489165828379	0.0032228382907515	0.000468408079979786	
1.1911838103826e-06	1.31030219142086e-05	0.000103632991503286	0.000277545827819145	0.000780225395800601	0.00201071827192582	0.00462417555190524	0.0101703273730466	0.0198463134647844	0.0364466510462763	0.0598808101479331	0.0908468244826391	0.120627610926014	0.143302985940457	0.150620428087638	0.137989114962341	0.105584150584693	0.0668528089901025	0.0339558856987663	0.012525297766173	0.00311494566415049	0.000425252620306587	
2.14178624973228e-05	9.8760143737655e-05	0.000343875681207016	0.000831726993646034	0.00219890054972514	0.00511886913686014	0.0110111610861236	0.0212869755598391	0.0381464029889817	0.0621605863734799	0.0931700816258537	0.121856928678518	0.143392589419576	0.149915518431261	0.135627424383047	0.103423288355822	0.064111991623236	0.0319161847647605	0.0120630161109921	0.00299969063087504	0.000304609599961924	
1.66615095327637e-05	3.80834503606027e-05	0.000104729488491657	0.000340370837597886	0.000886630328707781	0.00242424963701711	0.00564349130031181	0.0114333658629472	0.0223299930973746	0.0397567419608216	0.0654118963178064	0.094202984790422	0.123246376121677	0.144419584414348	0.149540618380025	0.133242091733511	0.0996941422892914	0.0619463023349916	0.0306797895889368	0.0115404755670864	0.00279080284673791	0.000310618142003666	
4.75466521807866e-06	2.25846597858737e-05	2.8527991308472e-05	0.000114111965233888	0.000446938530499394	0.00104483768167279	0.00259129254385287	0.00592074686281246	0.0121588676289317	0.0237626280936526	0.0418719592430098	0.0668470269672724	0.0957197315040551	0.124442664086468	0.145848166898258	0.149124131233515	0.130460881586251	0.0963283286519692	0.0598160657760386	0.0295502443303589	0.0109321640026674	0.00264002786233818	0.000323317234829349	
1.18666755271177e-06	1.89866808433884e-05	1.18666755271177e-05	2.96666888177943e-05	0.000136466768561854	0.000492467034375386	0.00114632085591957	0.0027922287515308	0.00615049792570512	0.0128266895772616	0.025081405394116	0.0432386056181589	0.0685763312036606	0.0985005268803934	0.126324320988826	0.146387309302524	0.146750429573654	0.127554895240988	0.0941822436560753	0.0578820832186221	0.028580888007063	0.0103489277271994	0.00265813531807437	0.000327520244548449	
5.93619774661934e-06	3.32427073810683e-05	1.18723954932387e-06	3.44299469303921e-05	0.000182834890595876	0.000642296596184212	0.00119792470526778	0.00291467309359009	0.00674352064015957	0.0134906029989671	0.0264493226798371	0.0454772109368507	0.070229968300704	0.100937919243966	0.127646060145556	0.146626458820596	0.144514359662349	0.125659808379537	0.0911847463462703	0.0561136900592433	0.0270512531313443	0.0101022213251968	0.00242671763881798	0.000333614313360007	
