# <P(N_1)> as a function of N_tot.
# number_of_species: 2
# species_total_upper_bound: 100
# species_total_lower_bound: 0
# volume: 512
# Bin widths for each species index 
1	1	1	1	1	1	1	1	1	1	1	1	1	1	1	1	1	1	1	1	1	1	1	1	1	1	1	1	1	1	1	1	1	1	1	1	1	1	1	1	1	1	1	1	1	1	1	1	1	1	1	1	1	1	1	1	1	1	1	1	1	1	1	1	1	1	1	1	1	1	1	1	1	1	1	1	1	1	1	1	1	1	1	1	1	1	1	1	1	1	1	1	1	1	1	1	1	1	1	1	1	
# Bin lower bound for each species index 
0	0	0	0	0	0	0	0	0	0	0	0	0	0	0	0	0	0	0	0	0	0	0	0	0	0	0	0	0	0	0	0	0	0	0	0	0	0	0	0	0	0	0	0	0	0	0	0	0	0	0	0	0	0	0	0	0	0	0	0	0	0	0	0	0	0	0	0	0	0	0	0	0	0	0	0	0	0	0	0	0	0	0	0	0	0	0	0	0	0	0	0	0	0	0	0	0	0	0	0	0	
# Bin upper bound for each species index 
0	1	2	3	4	5	5	5	6	7	7	7	8	9	9	8	8	8	9	9	9	9	10	10	11	10	11	11	11	11	11	11	12	12	12	12	12	12	12	13	13	13	13	13	14	15	15	16	16	15	15	15	15	16	16	16	17	17	17	17	17	17	18	19	19	19	17	17	17	17	18	18	18	18	18	18	19	19	19	19	19	19	20	20	20	21	21	20	20	21	21	21	22	22	21	22	21	21	22	23	23	
# Normalized histogram for each species index 
1	
0.920789791740321	0.0792102082596792	
0.848061220302819	0.145577120347955	0.00636165934922654	
0.780357815427108	0.202077177388848	0.017107952666548	0.000457054517495669	
0.718432270170094	0.247851752346281	0.031812383346068	0.00183593279413294	6.76613434242251e-05	
0.661079110679669	0.285130447846451	0.0495244510261325	0.00408521414974881	0.000179125372902706	1.65092509587747e-06	
0.608618373564796	0.315338652951632	0.0677371672292659	0.00779445205355572	0.000503133072120673	8.22112862942276e-06	
0.560839651991552	0.338974374193165	0.0869287446602598	0.0121649627310453	0.00104610271096405	4.61637130133858e-05	
0.516122959083827	0.356636502435516	0.107293996797786	0.0178764150063128	0.00193222832993542	0.000130466699200768	7.43164742282853e-06	
0.474111349993297	0.369501641004762	0.127599498843932	0.0253573716118589	0.00312891528178443	0.000271431952506029	2.64811660981491e-05	3.31014576226864e-06	
0.436142573442677	0.377906889932625	0.146611607816852	0.0337146971625005	0.0049921277347619	0.000571548024136083	5.30900922274446e-05	7.4657942194844e-06	
0.40231988052773	0.381065239064909	0.164897798578984	0.0434381980872151	0.00723375041817785	0.000925594642674811	0.000108746993892736	1.07916864168364e-05	
0.370467681735878	0.38434191409738	0.181032640477638	0.0525431674996728	0.0101112092201108	0.00135511905333835	0.000108508921752643	3.39608075714378e-05	5.79818665853816e-06	
0.341352474211156	0.38272493752369	0.197347172537463	0.0629955285790237	0.0133056084773696	0.00201218091049113	0.000219797172827761	3.06886618665176e-05	1.07825028179656e-05	8.29423293689665e-07	
0.314482756327446	0.379097273832147	0.21247383480723	0.0733290438211905	0.017249491659559	0.00297273167106425	0.000359121946839976	3.07581297062017e-05	3.32520321148126e-06	1.66260160574063e-06	
0.289470276086047	0.37353970604839	0.226395373549668	0.0846206722499319	0.0213000351998087	0.00402639321507083	0.000591921311823815	5.39619709236297e-05	1.66036833611168e-06	
0.266000640961409	0.367425744952015	0.237528373307849	0.0958452616472377	0.0266711164073699	0.00550448383145862	0.000906786489460988	0.000116764287684018	8.28115515489487e-07	
0.244606623431826	0.35900578094071	0.247652450871947	0.107884102785905	0.0320839309402542	0.00724005445369406	0.00134311378684345	0.000173999935371453	9.94285344979729e-06	
0.22544594938461	0.35016672593042	0.256866513989976	0.118248180022562	0.0379901381798651	0.00925011873472301	0.00174144260409077	0.000267722970547987	2.23793195194911e-05	8.28863685907079e-07	
0.208333160963429	0.338977413475134	0.264895035002122	0.12955459892557	0.0441868180874222	0.0114674249839282	0.00215779540823123	0.000363217862045057	5.95710388775492e-05	4.96425323979577e-06	
0.190132124436021	0.329251675887187	0.271087436043771	0.140592294522108	0.0511020309441708	0.0143712555010433	0.00287590772908485	0.000501958549488889	7.45482994290429e-05	1.07680876953062e-05	
0.174453367237923	0.319335810423838	0.275022523399885	0.150171194415689	0.0590556499958973	0.0172462522471598	0.00393113102692613	0.000662233542170352	0.000107747635146616	1.40900753653266e-05	
0.161389820681658	0.307274609682362	0.278718681409699	0.159993373918085	0.0656744108999048	0.0207197581480101	0.00500020706505984	0.0010129622727461	0.000187186814096989	2.81608481384851e-05	8.28260239367209e-07	
0.149278189880788	0.294725773617157	0.280568644013598	0.169994360404224	0.0735298636945416	0.0240185317615556	0.00619441904273053	0.00140366964095127	0.000227577208059555	5.14955726266147e-05	7.47516376837956e-06	
0.136638294946034	0.285024354718038	0.281057340260971	0.178370657349541	0.0810843504262386	0.0278386979443276	0.0078395761889651	0.00175648927505876	0.000329756005411975	4.72263625841271e-05	1.24279901537177e-05	8.28532676914511e-07	
0.125688548971027	0.271229500866172	0.282304250040576	0.187317615260531	0.0888480737190422	0.0323025938794911	0.00950636462704909	0.00226065988082265	0.000472005909182751	6.21060406819409e-05	8.28080542425879e-06	
0.114753623476286	0.26014043660489	0.281373941428467	0.194773023723921	0.0971212482370935	0.0371211820246443	0.0112279760840633	0.00277181865734395	0.000606671566387912	9.76633626654484e-05	9.10421177389773e-06	3.31062246323554e-06	
0.106139618564247	0.249207900908362	0.279122608142895	0.20150104645045	0.104820144959528	0.0414190233239781	0.0134470127615504	0.00341071478955641	0.000770107864892542	0.000136096648537044	2.07464403257689e-05	4.97914567818454e-06	
0.0981937436177806	0.237314287281094	0.276737189239401	0.207377575633195	0.112547246080102	0.0466241642356417	0.0157128269212714	0.00425495143904767	0.00100536833455335	0.000197750135226195	3.15735510025018e-05	3.32353168447387e-06	
0.0911369171285152	0.225636152904675	0.273207734927068	0.213698951553118	0.120030984970958	0.0516668566479154	0.0179478197779632	0.00509787639792224	0.00126386065749043	0.000282891786403389	2.57930746426619e-05	4.1601733294616e-06	
0.0841951691800028	0.215919668457182	0.269121130872558	0.217598639551809	0.127180814890531	0.0573822831183691	0.0205138382259038	0.00613962031339133	0.00153448990250841	0.000362863683655939	4.81603973730994e-05	3.32140671538617e-06	
0.0769864766946462	0.206314029858675	0.264580526871894	0.22191567294069	0.134199694723396	0.0627983356698033	0.0232592884017301	0.00744682352140464	0.00195798670162656	0.00046646397893774	7.05506017966333e-05	4.15003539980196e-06	
0.0708234415006794	0.195604905849724	0.26136406187981	0.224594320444619	0.141325684481535	0.0682912987653828	0.0265030384880703	0.00854670983707912	0.00230830231604104	0.000518411082513903	0.000111504149368961	7.48908465910935e-06	8.32120517678816e-07	
0.0652614933694583	0.185810132477532	0.256316239807578	0.228516869827765	0.147120794415298	0.0737295245522083	0.0298122353219543	0.00998934414415315	0.0026760444863236	0.000631519838304261	0.000119138966856872	1.49965133106553e-05	1.66627925673947e-06	
0.0599603493525506	0.175749243836475	0.249937472696411	0.231302668832057	0.154085617386259	0.0796781261150702	0.0334771183416759	0.0114108160563446	0.00333145473523439	0.000868712671199757	0.000176743844812235	1.58402502426059e-05	5.8358816683285e-06	
0.0553929839288193	0.166338643572949	0.24450819110174	0.231787193554806	0.160473523770666	0.085965182174049	0.0367842923480044	0.0132761564277198	0.00407841117541516	0.00112787549726016	0.000225742315982389	3.92958846339714e-05	2.50824795535988e-06	
0.0515395197421649	0.15810813175386	0.237647554841199	0.232807314437315	0.165676371311181	0.0919395707359182	0.040803334924805	0.0150464901382914	0.00466026245118306	0.0013831638957561	0.000320794036063915	6.08258821627684e-05	6.66585010002941e-06	
0.0472454557770997	0.149876030756674	0.231425600583815	0.233052203394339	0.171499790960344	0.0974108173658344	0.0449971366138568	0.0169351212388446	0.00544334277267208	0.00160000531949821	0.000403118223354093	9.64159049671646e-05	1.49610887018014e-05	
0.0436053500282689	0.140654610809816	0.224838635334924	0.232562419483467	0.17657182364869	0.103926636900074	0.0494920722820852	0.0194748456818268	0.00635096172179787	0.00189840782442463	0.000479161450880977	0.000133468847044701	1.16059866995392e-05	
0.0395337922791485	0.133049313360886	0.217502903244764	0.232544318455532	0.181114465235972	0.10936148480587	0.0542664661365365	0.0219909926986395	0.00764817722581409	0.0022605164506167	0.000565336043856171	0.000134091418894143	1.90376705837364e-05	9.10497288787391e-06	
0.0361507107273853	0.125476868618513	0.212448119751553	0.230633783905493	0.184885795285064	0.114863262545662	0.058576033328954	0.0244662417919105	0.00886766993957392	0.00265319494744427	0.000746959898003617	0.000180955992989814	4.37930028696811e-05	6.61026458410281e-06	
0.0332460033945415	0.11855597231787	0.205357356920408	0.229970675989944	0.18823087842234	0.120430162642021	0.063104079154159	0.0268595365863942	0.00981325061653173	0.00327714620420655	0.000887078172833913	0.000211642136295882	5.04303527892532e-05	5.78708966434053e-06	
0.0305457520931655	0.111555595963269	0.197775004339237	0.228710048020894	0.191499227202473	0.125969302994487	0.0675391977783104	0.029725016323798	0.0114655051285654	0.00372678507963534	0.00115795650844292	0.000276884675466365	5.04178065774575e-05	3.30608567721033e-06	
0.0283366928821624	0.105891051483709	0.190949871125504	0.225959949771991	0.194878891018439	0.130745654616351	0.0718524882691164	0.0324738946533607	0.0127891414975877	0.00440321194897892	0.00131270239904831	0.000326316832991871	7.10461965501289e-05	9.08730420990021e-06	
0.0263606545455146	0.10004289039974	0.18338166423015	0.223271388797755	0.198300746821854	0.135584900265359	0.0761887210644753	0.0355172177270402	0.0142794454163881	0.00501544963435728	0.00150736202555078	0.000414028714254901	0.00011156462360162	2.2312924720324e-05	1.65280923854252e-06	
0.0241880282528471	0.0947399574090975	0.177180469029007	0.219835853074613	0.200583144848749	0.14082443818367	0.0800381598613812	0.0387914500747325	0.0157293692049257	0.00576200679867201	0.00168561432747378	0.000507585677817018	0.000104162533232808	2.39739163789797e-05	4.13343385844477e-06	1.65337354337791e-06	
0.0225766064123793	0.0884205771784311	0.171501763449652	0.216637667350507	0.201141235049417	0.146150783805771	0.0850692398167892	0.0418455598901131	0.0176081210174021	0.00628643631511143	0.0020597619445999	0.000544818985746513	0.00010715048131172	4.28601925246879e-05	4.94540682977168e-06	2.47270341488584e-06	
0.0204676484153654	0.08353676615932	0.164753409764776	0.212785794293997	0.201740297819068	0.150731369835936	0.0901693351782302	0.0454017592409567	0.019999835277064	0.0072058048362654	0.00235389075574883	0.000675364037688608	0.000122718587336101	4.2004348685511e-05	7.41253212097252e-06	8.23614680108058e-07	5.76530276075641e-06	
0.0185185947436663	0.0786614254255078	0.158100804708885	0.209049784930746	0.202378316079771	0.15415999506061	0.0958060466360699	0.0492185474078495	0.0219909856140279	0.00828500277840664	0.002713371339192	0.000861923480623186	0.00019345942497273	4.85706641420898e-05	1.07020107431723e-05	1.64646319125728e-06	8.2323159562864e-07	
0.0174100183936539	0.0736208266664246	0.151615200469372	0.204707587114045	0.20345246160562	0.158234935399408	0.100214468849204	0.0527730351839489	0.0241791140843897	0.00931978138865898	0.00317123427276576	0.000956403987024593	0.000273140396639465	5.94142252508807e-05	8.25197572928898e-06	4.12598786464449e-06	
0.0163582780899016	0.0691590498735444	0.14600785329503	0.200342445952844	0.203563717578727	0.161170131047937	0.104622772573267	0.0570288972843854	0.0261558996350877	0.0102709006840659	0.00379531874895722	0.00112827103614267	0.000282480742577447	8.0944774188859e-05	3.22127162588317e-05	8.25967083559786e-07	
0.0145622557313711	0.0650658026400446	0.139559154563844	0.196247669989464	0.203474630795669	0.164657110108814	0.109238832902478	0.0607407076616204	0.0288226644900606	0.0117124895180538	0.00414481377282253	0.00130579827360071	0.000342368895041605	9.01406028008091e-05	3.05981862718343e-05	4.96186804408124e-06	
0.0135170630859804	0.0600897381188139	0.132728726555606	0.191427233820416	0.204408188292614	0.168706834763371	0.11378428878605	0.0641913418873178	0.0312616781773964	0.0129229519946638	0.00482083448993036	0.00159092509808633	0.000401874308631183	0.000105233066383836	3.56300933425585e-05	7.45746139727968e-06	
0.0124248746872376	0.0565648924762467	0.126686838627088	0.186492822051721	0.202487136218921	0.171949891520295	0.119189685699798	0.0684569281540162	0.0336810779806981	0.0142470012219553	0.00532672757047024	0.0018196327484019	0.000477975710521284	0.000140483295787995	4.65506778942468e-05	5.81883473678085e-06	1.66252421050882e-06	
0.0114300627606195	0.0537924419624267	0.121293977523869	0.181141393832653	0.201375065141883	0.17397266991538	0.122416038658746	0.0731583859940173	0.0364071436229941	0.0159399173664311	0.00610484373013017	0.00208952718006089	0.000623367297154204	0.000200308691485551	4.07266634140746e-05	9.97387675446726e-06	4.15578198102802e-06	
0.0107436587304491	0.0500774887009501	0.116519892646555	0.176631004127188	0.199552527694728	0.175997459168776	0.126230922980222	0.0767146453644796	0.0396938364888639	0.0174382834091038	0.00696317457572442	0.00238951208723964	0.000717518765235842	0.000236124367702177	7.56595685242892e-05	1.49656289388704e-05	3.32569531974898e-06	
0.00968733347687402	0.0473044140422691	0.110936719341664	0.172162362801571	0.198010492879357	0.176559196815059	0.130278133627509	0.0808247659220009	0.0425193551310114	0.0194760875908525	0.00797565239656134	0.00292789740886899	0.000916942317428305	0.000284310310571605	0.000107239853987535	2.32768675321782e-05	4.98790018546676e-06	8.31316697577793e-07	
0.00885902003270102	0.0439270474696585	0.106397968814388	0.167812919563455	0.195612114001622	0.178648457335797	0.133225105347814	0.0846978146144337	0.0454515998245311	0.0213944129102583	0.00902435295837931	0.00337478564876972	0.00110166562537387	0.000323188482858548	0.000108837252582185	2.57553803820437e-05	1.24622808300211e-05	2.49245616600423e-06	
0.00843606055050894	0.0407659976160041	0.100897606796628	0.163069796995369	0.193733259562735	0.180224779123695	0.137147782029449	0.0877889475164221	0.0487184570553089	0.0235952549025788	0.0100925809948911	0.0037103735341619	0.00132886617521291	0.000356686925931057	9.3734006116766e-05	2.4885134367283e-05	1.41015761414604e-05	8.29504478909434e-07	
0.00764067391508497	0.0388540817437424	0.0957078759441767	0.158416417559422	0.190474172211848	0.181204640250911	0.140405901452426	0.0926180319571976	0.051667211004432	0.0257675370253562	0.0110288648604625	0.00422588936895879	0.00142192659002723	0.000412200811603453	0.00011468490322838	3.07488508655802e-05	7.47945021054652e-06	1.66210004678812e-06	
0.00682586475371654	0.0362196720656933	0.0918314212704793	0.152747647630329	0.187505822697206	0.182484162263598	0.143996133729055	0.096621837443603	0.0551109972450324	0.0274540173283469	0.0122068687863503	0.00458163088757869	0.00170105939816602	0.000507406470846587	0.000140576546841104	4.65815776514899e-05	1.49726499594075e-05	3.327255546535e-06	
0.00627709959308919	0.0333008138216263	0.0876259088786605	0.148801781068641	0.184788373023814	0.182679607764659	0.14767193649523	0.100048362350744	0.0582374424654793	0.0293959709158829	0.013308818624508	0.00515309185511307	0.00185944900273497	0.000627042892402108	0.000146754719498366	6.58728570475619e-05	7.50450270162097e-06	4.16916816756721e-06	
0.00576445940852869	0.0314346049740817	0.0828902187202031	0.144358008194591	0.183077994021609	0.181796074518465	0.150432501589864	0.10340928748173	0.0617276831937345	0.0317830798324981	0.0144362186550208	0.00581961370266654	0.00209837019060823	0.000717841494915359	0.000180504962632966	5.76613075077529e-05	8.35671123300767e-06	3.34268449320307e-06	4.17835561650384e-06	
0.00513064569322162	0.0295206248617147	0.0785226746152016	0.138832183217069	0.180621271515106	0.182824652147232	0.152810583574419	0.106841000079318	0.0645225660742837	0.0343548703562229	0.0158336151222546	0.00654334748539916	0.00242714190890077	0.000868327342709599	0.000251313971303451	6.09499000171161e-05	1.75335328816361e-05	6.67944109776614e-06	7.51437123498691e-06	2.5047904116623e-06	
0.00492034600227106	0.0272785719056843	0.0744848373522143	0.133861298510454	0.176917039609913	0.182951205664284	0.155238461024648	0.110671464832009	0.0684206131854919	0.0362517533898871	0.0173677443056576	0.00750033397902612	0.0027519871752054	0.000920947164518068	0.00034566829203126	8.349475652929e-05	1.92037940017367e-05	1.16892659141006e-05	1.6698951305858e-06	1.6698951305858e-06	
0.0046217676653349	0.025409280790136	0.0710255345772206	0.129048640909619	0.173738536420749	0.182570264149935	0.15646099396823	0.115291928153356	0.0717923487317078	0.0384693453929755	0.0186140377108843	0.00813842081390891	0.00319255304842039	0.00111179699305273	0.000370042124659925	0.000121119882789366	1.58708811930893e-05	5.8471667553487e-06	0	1.67061907295677e-06	
0.00427647669332787	0.023859165730462	0.0673018595164401	0.123620968411797	0.169949046413658	0.182177739332091	0.159179406461616	0.118055759483635	0.0755863270208387	0.041222651147064	0.0202396404302822	0.00884157571008223	0.00363798370458498	0.0013944485509733	0.000484113606445004	0.00013927705142092	3.02046617539344e-05	3.35607352821493e-06	
0.00397088742999769	0.0224577888709441	0.063823646622061	0.119228139354406	0.165244457495228	0.180315036600457	0.161225748264362	0.121622585313673	0.0790024540134656	0.0444323258594291	0.0223503995637309	0.0100241206451748	0.00400192965161399	0.00152190783816096	0.000544497346729031	0.00019044822451077	3.94320112423181e-05	4.19489481301256e-06	
0.00355148690709223	0.0207977289286278	0.0609712489885271	0.11526006184674	0.161030678266008	0.178245862614284	0.163020048147788	0.124765388657402	0.082391810175501	0.0473889730150789	0.0241527970372659	0.0111925139255892	0.00456715676234668	0.00178119953128095	0.000623671654920711	0.000189703625857444	6.12759499451035e-05	8.39396574590458e-06	
0.00321634803635915	0.0196653354652679	0.0575580405766285	0.111149307806016	0.158296978930237	0.176998080755825	0.163908818713176	0.127767664969895	0.0850479224118921	0.0501275723028499	0.0259873542854316	0.0121208360827966	0.00507354587278656	0.00206597538101902	0.000701794396880243	0.000227223753350712	7.54617631054025e-05	1.17384964830626e-05	
0.00306697682041128	0.0184712608886875	0.0549906937153732	0.107178632168473	0.155030326949094	0.175535926606609	0.16529483279625	0.129981956008783	0.0875334248632486	0.0530391332195062	0.0277934322547631	0.0130371599192619	0.00572424299687449	0.00214805437612775	0.000813568278696886	0.000256696260596037	7.60891195903562e-05	2.59204693110005e-05	1.67228834264519e-06	
0.00277030302017349	0.0170831174474771	0.0522012000467985	0.102755260650833	0.15137219835871	0.17531797897411	0.165557152646621	0.132592635924521	0.0911007671608364	0.0553275058080259	0.0298457321455433	0.0140412160919924	0.00634620848723906	0.00239591516103692	0.000834015811201551	0.000325918002373352	9.86110878975782e-05	2.67419899383263e-05	7.52118467015427e-06	
0.00254193907195842	0.0158211490332865	0.0492813844716249	0.0995414655898777	0.14677860996684	0.173568343004782	0.165470713838954	0.135673075236887	0.0951206293720893	0.0581906972044516	0.0316272668894064	0.0151355603414081	0.00681914404126559	0.00281166519555979	0.00107639929821104	0.000369933971378969	0.000126929940518292	3.59078121203062e-05	9.18571937961321e-06	
0.0023236927350381	0.01475594966334	0.0463903887260839	0.0949483888145578	0.143708376561753	0.170407472541781	0.166225827210409	0.138096959084145	0.098468148966733	0.0614509891969989	0.0338479567112069	0.0166247528363825	0.00757286788254334	0.00324766107472458	0.00123446176548899	0.000472417416678004	0.000166097289609404	4.00636678454844e-05	1.75278546823994e-05	
0.00226477404016322	0.0137455839827967	0.0433036817395602	0.0912754860123281	0.139895084113023	0.168292829523371	0.166730110392082	0.140509486506521	0.102123528272528	0.0646933998490707	0.035775582847488	0.0176699123140932	0.0080339791236752	0.00355201383741043	0.00138908367225639	0.000503375874020796	0.000185322461082283	4.67480082009363e-05	1.00174303287721e-05	
0.0020080354678099	0.0130667815224152	0.0415077145147289	0.0871246262476427	0.135696634482667	0.166001756095614	0.166868994602002	0.142592136815813	0.105119617384016	0.0675356790070078	0.0384619861840508	0.0192039698403882	0.00877798361642615	0.00364273432069366	0.00150831318368827	0.000589522628023694	0.000204545227776909	7.23391659211021e-05	1.66296933151959e-05	
0.00184222041011158	0.0119673886380663	0.0395518009506951	0.0831526747416085	0.132015022839224	0.163838282384296	0.166715560505711	0.14512520137632	0.107154577457786	0.070352433421508	0.0408984532972679	0.0207392748463573	0.00991218997991209	0.00402586898440038	0.00164498763565969	0.000685342455763506	0.000266844341905501	8.70144593170111e-05	2.32038558178696e-05	1.65741827270497e-06	
0.0017534299295725	0.0110671785952156	0.0373702864129087	0.0801169838019238	0.127598937325248	0.162633528997534	0.166969825909457	0.14640144587467	0.110648561714679	0.072269679845592	0.0428196878496596	0.0224371017146952	0.0105736635488128	0.00452374968585072	0.00172274075861972	0.000702533183702889	0.000261272671625041	9.123807580557e-05	3.40069191638943e-05	4.14718526388955e-06	
0.00154162512359151	0.0104236106902612	0.0351991950674637	0.0771775558641942	0.123854677134553	0.15950548451609	0.167270061673307	0.148484151645438	0.112508747913161	0.0764121394054159	0.0440820108038284	0.0238972648399059	0.0115875086026335	0.0049951310547389	0.00192267301359071	0.000761265610303402	0.000263163793310991	7.47152725488617e-05	3.40369574944814e-05	4.98101816992411e-06	
0.00138391950215382	0.00988975907860314	0.0332381145858814	0.0737954966645799	0.120954066973744	0.15602054734887	0.166504007064706	0.149820687482121	0.115530329727735	0.0785666607241324	0.0473235792851546	0.0253898233408928	0.0126766694720957	0.00549836442107969	0.00217247998540624	0.000826703261622146	0.000305142226957823	7.54563659053313e-05	2.57049158578601e-05	2.48757250237356e-06	
0.00125098614707051	0.00896595376494568	0.030972691503332	0.0702684228034533	0.117946922681922	0.154559006643997	0.165393973531854	0.150578747006302	0.118050618483237	0.0815380824904247	0.0499871831989574	0.027291905339836	0.0133352800491767	0.00615289406685808	0.00225890933585743	0.000963126602618609	0.00034675875959912	0.000103695801315526	2.7375691547299e-05	7.4660976947179e-06	
0.0011040862814374	0.0084292421817409	0.0294807639945012	0.0664269775596539	0.113288384016151	0.151720548290908	0.165260962829649	0.151907329804685	0.120936464400274	0.0846087051807381	0.052495567052073	0.0290789762048653	0.0144510781859115	0.00658716138586902	0.00264233581489869	0.000980395412313966	0.000439974232452499	0.000123690869123439	3.23754623880141e-05	4.98084036738679e-06	
0.00108485147570488	0.00789005511344079	0.0280286473776536	0.0640501951156802	0.108960392138974	0.147654257502934	0.164257959102426	0.153059438746947	0.123211094016314	0.087770953682316	0.0552776614317883	0.0310318944675063	0.01576103409237	0.00732855324107672	0.00290620762298923	0.00112632133333886	0.000384010881690643	0.000160903047619838	5.22520206188132e-05	2.48819145803872e-06	8.29397152679575e-07	
0.000998157756969709	0.00747251545694917	0.0262925521692743	0.0612860579312538	0.105617515887689	0.144244150215701	0.162502567874727	0.154111415942692	0.125698296256536	0.0904852786226914	0.0580447373478327	0.0328505728845682	0.0169786220287204	0.00799437386930677	0.00348982458930571	0.00126654208332505	0.000440680437101979	0.000149930750217027	6.12976547848618e-05	1.40818936667926e-05	8.28346686281916e-07	
0.000922397903941681	0.00700394250717007	0.0252246071956955	0.0585160634437841	0.101228210829084	0.141098777574821	0.160637743927134	0.154182611642381	0.128447214209556	0.0934456851449305	0.0604931026787559	0.0353280050252502	0.0185157328352164	0.00877021878021969	0.0039375480415575	0.00145137161229533	0.000516575887064113	0.000190926447858896	7.76930134144426e-05	9.09173561232839e-06	2.47956425790774e-06	
0.000924847854270402	0.00648466982105845	0.0234944385265192	0.0562125828853602	0.0977638500094962	0.137507535032741	0.158817020503547	0.155096985161146	0.129330063335563	0.0966515553133335	0.0635676005978481	0.0375587319675312	0.0201823271484133	0.00963906160973072	0.00426668648483497	0.00153590804369906	0.000609408675403176	0.000251030131873395	8.50529723123674e-05	1.56893832420872e-05	3.30302805096572e-06	1.65151402548286e-06	
0.000844522081404334	0.0062129747650528	0.0219798635556113	0.0539264085274441	0.0944073320697148	0.1342162702999	0.156577530924533	0.156136695351249	0.132434766241571	0.0985052867247403	0.065987471684157	0.0393169195004524	0.0214176743694565	0.0104388873112002	0.00475012713235634	0.00170472932365586	0.000752062185884016	0.000261694525713757	8.8332221613161e-05	3.38469260386879e-05	4.95320868858847e-06	1.65106956286282e-06	
0.000796373235243526	0.00574414173624251	0.020638719451685	0.0512655966762375	0.0917995884991466	0.130733391111052	0.154314473980179	0.155316763036374	0.135230460325231	0.102250850126361	0.0683723222673565	0.0415569551583154	0.0222794302499438	0.011236884237268	0.00520164864972148	0.00202690633393757	0.000792238379401141	0.000284478081956151	0.000114122021249851	3.72137025814732e-05	7.44274051629464e-06	
0.000737216614264438	0.00533509846102929	0.0193786198907827	0.0488209498593414	0.0886794638424623	0.127910805891114	0.152556677147112	0.154939599536654	0.136877378785372	0.105038060565944	0.0711633294721165	0.0431540625517127	0.0237845441006123	0.0121578686083071	0.00575376468641403	0.00231259308290584	0.000877875227535992	0.000321032599702135	0.000138176402449115	5.29538308787026e-05	9.92884328975674e-06	
0.000613050276741319	0.00490026557238709	0.0182467258482183	0.0467117836371007	0.0862431848830571	0.125192146999694	0.151276153916159	0.154647516774081	0.137267830993373	0.107317718890387	0.0736214642056407	0.0453607565090055	0.0248314318571039	0.0130850245302844	0.00640186645266441	0.00273680204515558	0.000985348015653052	0.000367333769059576	0.000118307948143062	5.7085653299799e-05	1.73738944825475e-05	8.27328308692739e-07	
0.000513597068189123	0.00435729125592708	0.0173082211979734	0.0439017803593854	0.0828473490107458	0.122111844873804	0.149468344196187	0.154757565616167	0.138758188559708	0.109931310534042	0.0764754318357285	0.0475739993969376	0.0266722554863764	0.0140170580497228	0.00665770909199352	0.00286206108160229	0.00116719075657818	0.000410049272183251	0.00013668309072775	5.38448539230532e-05	1.73960297289864e-05	8.28382368046973e-07	
0.000504198341195737	0.00405014496737199	0.0162502545829063	0.0419560908649858	0.0790688971716874	0.118812807465778	0.147403916685571	0.154905626323624	0.140352591115843	0.111571062161281	0.0792187492238326	0.0503171730451758	0.0283692288331907	0.0150489544300737	0.00705546512917909	0.00316759089230688	0.00127664013485029	0.000430514182958593	0.000162270730499777	5.38142728698241e-05	2.31815329285396e-05	8.27911890304986e-07	
0.000483491622242937	0.00374519410986124	0.0149111138386415	0.0396413371238634	0.0764472405316915	0.11567806590082	0.144934699604914	0.154080403910394	0.140846168391092	0.114067532915579	0.0820965457301802	0.0526516571405824	0.0305876869694447	0.0162537775374602	0.00781382172345274	0.00350386295707789	0.00141730219967955	0.000565593973189851	0.000157570168483976	8.37609842993767e-05	2.48795002869436e-05	4.14658338115726e-06	4.14658338115726e-06	
0.000472013335618872	0.00356908329213568	0.0138945820321913	0.0376517584981033	0.072787768726715	0.112747424007923	0.142830407264699	0.153405162169705	0.141911223400599	0.116416706622181	0.0844100619993657	0.0550996900445763	0.0326964465676764	0.0171365683636788	0.00863784404182535	0.00382330801851286	0.00159822059253407	0.000598711652021832	0.000185492959962504	8.19812635548566e-05	2.98113685654024e-05	1.07652164263953e-05	4.96856142756707e-06	
0.000478246803482762	0.0033502098742244	0.0132957575867898	0.0359611809220896	0.0698976733872202	0.109933881138294	0.140108110254919	0.151904588935289	0.143039647321942	0.11785639522713	0.0874521442915287	0.0576510800682784	0.0342327076133085	0.0183893342688657	0.00921824850796099	0.0042909825655045	0.00189892113147567	0.000661105875402642	0.000249052401121646	9.3498077497495e-05	2.73047482957286e-05	9.92899938026496e-06	
0.000411027080742061	0.00320155430963545	0.0126626053669572	0.0342241946386552	0.0675867180478029	0.106257103216493	0.138092718795575	0.151033468994279	0.14329080826247	0.119735985255848	0.0896847884489835	0.0598225980708139	0.0364485279370485	0.0196591446509943	0.0100668620558452	0.00457246993435947	0.00202707331386044	0.00079646813838572	0.000277319476163318	0.000114724426150896	2.39353119307626e-05	7.42820025437459e-06	2.4760667514582e-06	
0.000323036543508984	0.00303918054199269	0.0121649628961215	0.0322336081616172	0.0648034380317845	0.103787026621672	0.135687709366	0.150051298532738	0.14332933658018	0.121572166116598	0.0923431274387405	0.0618458406984841	0.0381158399156149	0.0212437730997911	0.010833261226962	0.00503178860884148	0.00222005216380919	0.000879285693683894	0.000346934655146129	0.000118666485370647	2.63703300823661e-05	3.29629126029576e-06	
0.000318339567140447	0.0027967817268153	0.0115153374687316	0.0308970348355616	0.0624603617883938	0.100010446802333	0.133483811158007	0.149721596830753	0.144292549949288	0.123009041008223	0.0939085271407102	0.0647627712158515	0.0394749289082763	0.0223627376544708	0.0114519985884478	0.00557217629924906	0.00244718401096338	0.000987922015854462	0.000361936458764332	0.000111048686211784	4.11291430414014e-05	1.23387429124204e-05	
0.000338827868879358	0.0026211986466575	0.0109081243211137	0.029731530189317	0.0599815572627302	0.0966135262054232	0.130629218940232	0.149324641400335	0.14504294007423	0.124506525513	0.0956618547092972	0.0664594866880847	0.0418202194095042	0.0237606119575883	0.0122970724615804	0.00599471001913188	0.00258345994939733	0.00111657319502374	0.000425790953870185	0.000115677311167045	4.7583574806302e-05	1.55877227813748e-05	3.28162584871049e-06	
0.000326965562905224	0.0025624594366031	0.0102211565566839	0.0284492818230092	0.0583162338811714	0.0942480283730718	0.127717337861137	0.146891942388504	0.146200315984765	0.126313598489567	0.0978143294501734	0.0685865581916756	0.043123397950688	0.0252959898779984	0.0130106071234242	0.00623856849723677	0.00283124315748759	0.00115953952759622	0.000499052701276395	0.000125377772241853	4.17925907472843e-05	1.22919384550836e-05	1.31114010187559e-05	8.19462563672241e-07	
0.00028378031466808	0.00230715036173788	0.0096665745337514	0.0267696696255822	0.0564214318111171	0.09165940128915	0.126023064942223	0.144495851148203	0.146355186331303	0.127424742854846	0.100463152438419	0.0703570136796875	0.0454573415033631	0.0265260778525868	0.0138256785097105	0.00685091609370656	0.00296903103785679	0.00128849385648426	0.000597086904850757	0.000184539221966237	4.01885416726471e-05	6.56139455879953e-06	2.29648809557983e-05	4.1008715992497e-06	
