# <P(N_2)> as a function of N_tot.
# number_of_species: 2
# species_total_upper_bound: 100
# species_total_lower_bound: 0
# volume: 512
# Bin widths for each species index 
1	1	1	1	1	1	1	1	1	1	1	1	1	1	1	1	1	1	1	1	1	1	1	1	1	1	1	1	1	1	1	1	1	1	1	1	1	1	1	1	1	1	1	1	1	1	1	1	1	1	1	1	1	1	1	1	1	1	1	1	1	1	1	1	1	1	1	1	1	1	1	1	1	1	1	1	1	1	1	1	1	1	1	1	1	1	1	1	1	1	1	1	1	1	1	1	1	1	1	1	1	
# Bin lower bound for each species index 
0	0	0	0	0	0	1	2	2	2	3	4	4	5	6	7	8	9	10	11	11	12	13	13	13	15	15	16	17	18	19	20	20	21	22	23	24	25	26	26	27	28	29	30	30	30	31	31	32	34	35	36	37	37	38	39	39	40	41	42	43	44	44	44	45	46	49	51	51	52	52	53	54	55	56	57	58	59	59	60	61	62	62	63	64	64	65	67	68	69	70	71	72	72	73	74	76	76	76	76	77	
# Bin upper bound for each species index 
0	1	2	3	4	5	6	7	8	9	10	11	12	13	14	15	16	17	18	19	20	21	22	23	24	25	26	27	28	29	30	31	32	33	34	35	36	37	38	39	40	41	42	43	44	45	46	47	48	49	50	51	52	53	54	55	56	57	58	59	60	61	62	63	64	65	66	67	68	69	70	71	72	73	74	75	76	77	78	79	80	81	82	83	84	85	86	87	88	89	90	91	92	93	94	95	96	97	98	99	100	
# Normalized histogram for each species index 
1	
0.0787972364702188	0.921202763529781	
0.00638483034281291	0.145119321983496	0.848495847673691	
0.000400750204382604	0.0169306031800622	0.201964987547598	0.780703659067957	
9.09724514874729e-05	0.00181211254172628	0.0315615714757346	0.248282894978174	0.718252448552878	
2.94788290419528e-06	0.000194560271676888	0.00398406374501992	0.0493873562354356	0.286999983786644	0.659431088078319	
1.17606069649255e-05	0.000493945492526869	0.00811334872992795	0.0673912180607641	0.315251890150051	0.608737836959765	
4.69983477143382e-05	0.0011015237745548	0.0121916651367725	0.08671342023132	0.339029924729209	0.56091646778043	
1.46818516163985e-06	0.000126263923901027	0.00199966819015347	0.0178663452319953	0.106195300926572	0.355832292145356	0.517978661396861	
1.46824983151833e-06	2.49602471358116e-05	0.000262816719841781	0.00323014962934033	0.0251129451182895	0.12693019793476	0.369427808358159	0.475009653742642	
1.0300813175623e-05	6.91626027506114e-05	0.000569487814138013	0.00504004073235839	0.0334099517627634	0.146742441410446	0.378700567133343	0.435458047731025	
1.0343966438262e-05	0.000128560725732685	0.00086150463335811	0.00720678918848628	0.0435022897108566	0.165008430332647	0.3812682589479	0.402013822494581	
8.84855259800878e-06	2.80204165603611e-05	0.000104707872409771	0.00132875764846765	0.0100018139532826	0.0523465624110536	0.180905708348757	0.383713059136352	0.371562521660519	
8.84448303259634e-06	2.21112075814909e-05	0.000179837821662792	0.0019413640256549	0.0131311091423947	0.0628592149931676	0.196767636267687	0.383571962399154	0.341517919659664	
4.4284953006284e-06	1.62378161023041e-05	0.000290804524741265	0.00288147427560888	0.0171766571060374	0.0731056004227737	0.212234161117516	0.379468905320247	0.314821730921673	
2.94794373554586e-06	6.33807903142361e-05	0.000543895619208212	0.00381906110939967	0.0210129429469709	0.0845573441385298	0.225867027101921	0.373781578004802	0.290351822345119	
1.46639176709006e-06	0.000137840826106466	0.000859305575514777	0.00520715716493681	0.0263921190240869	0.0958257691958014	0.237863408539679	0.367293011470116	0.266419921811991	
1.46552785382239e-06	0.000136294090405482	0.00126035395428726	0.00723531101432114	0.0316788500882248	0.108610269246777	0.248024468453047	0.358923892207495	0.244129095417588	
4.40197032191609e-06	0.000240641044264746	0.00169182392705642	0.00923386641193932	0.0382824685662636	0.119798154987506	0.256251898349701	0.349236184782976	0.225260559959971	
4.53898549281669e-05	0.000345548573001529	0.00213332318162384	0.0114689914081397	0.0445655165951166	0.12997458168124	0.26448522047756	0.339350661520531	0.207630766707859	
5.89118972576512e-06	8.39494535921529e-05	0.000508115113847241	0.00285280862470176	0.0144260508409673	0.0513962119650063	0.141148487437038	0.271604465521812	0.328480956729211	0.189493063124098	
1.32778417900891e-05	7.81917349860804e-05	0.000591601617536193	0.00383287033007239	0.0172892253264505	0.059396212274332	0.150843659314185	0.275046066734433	0.319075390110368	0.173833504715847	
3.08906207249587e-05	0.000167691941078347	0.000926718621748762	0.00493220244241841	0.020746729271658	0.0657631895595586	0.159819245739301	0.278561320824103	0.307063066879665	0.161988944099744	
5.8838671716986e-06	6.32515720957599e-05	0.000205935351009451	0.00132828301401096	0.00619865406538447	0.0240194167616666	0.0731320560438348	0.170070238664362	0.280360386864267	0.294449306806899	0.150166586989299	
1.46715121780887e-06	1.32043609602798e-05	5.72188974945459e-05	0.000374123560541261	0.00165934802734183	0.00783605465431716	0.027557501324104	0.0809530027450399	0.179064338982355	0.280969728268923	0.284521701367238	0.136992310660467	
1.1707579779839e-05	7.31723736239935e-05	0.000496108693170676	0.00222883050058684	0.0094582610146374	0.0324929242314706	0.0892878571909418	0.188017877474324	0.28115606496536	0.271410968246117	0.125366227729988	
5.84722658733929e-06	1.16944531746786e-05	8.91702054569242e-05	0.000628576858138974	0.00289437716073295	0.0111989007214016	0.0370158679111514	0.0973592462924929	0.194679023805521	0.281473793461339	0.260485173626084	0.114158328277919	
8.81572490236585e-06	1.46928748372764e-05	0.000107257986312118	0.000734643741863821	0.00339258479992712	0.0137216758105324	0.0414882706780174	0.105225961722122	0.202387004446064	0.279908081375018	0.247522046658693	0.10548896418171	
5.90036641275423e-06	1.62260076350741e-05	0.000169635534366684	0.000969135183294883	0.00427924074085001	0.0160696479251362	0.0466777986912987	0.113017093361498	0.207939238026681	0.276895345200937	0.236058909258265	0.0979018297036246	
5.90824495583587e-06	1.47706123895897e-05	0.00025700865557886	0.00128799740037222	0.00509438421316948	0.0184972378954831	0.0521181058166672	0.119610942069658	0.214006971729048	0.272189890992881	0.225696434374169	0.0912203479956279	
2.94664075587229e-06	2.20998056690422e-05	0.00034770360919293	0.00157055952287993	0.00627929145076384	0.0211671938698086	0.0576215599810826	0.126748278793468	0.217263189532353	0.267774505369516	0.216635555051353	0.0845671163731567	
2.94396024476085e-06	7.50709862414018e-05	0.000519608983200291	0.00200483692668214	0.00758511357062634	0.0233617965222998	0.0630331328005747	0.13430935428648	0.22103547913689	0.26377736595045	0.207057555894765	0.0772377409815458	
1.47705687555205e-06	8.8623412533123e-06	0.000135889232550789	0.000574575124589748	0.00228205287272792	0.00836161897250015	0.0263521717167241	0.0678456534647323	0.141426718777233	0.223700263802358	0.261696074869059	0.196613994818484	0.0710006469509115	
2.96246702403894e-06	2.2218502680292e-05	0.000105167579353382	0.00064137411070443	0.00260548974764225	0.0100012886731555	0.0295120964934759	0.0735580562068869	0.147058344306805	0.228966113820946	0.256500763575875	0.185659289630032	0.0653668348854192	
1.03980677419259e-05	1.18835059907725e-05	0.000173796275115047	0.000843728925344844	0.0032798476534532	0.011452728898607	0.0336837977308445	0.0803488403183591	0.154231567939489	0.232194794430201	0.249616014212673	0.174911839239931	0.0592407628022495	
4.4742662576193e-06	2.23713312880965e-05	0.000201341981592869	0.00113198936317768	0.00402683963185737	0.0135286897409549	0.0368396169431515	0.08657108639659	0.16086926044853	0.231999653990076	0.244368017348222	0.165731296448477	0.0547053621098253	
2.97338522881686e-06	4.75741636610698e-05	0.000289905059809644	0.00143317168028973	0.00451805885518722	0.0152579263016737	0.041303294213495	0.0923607786701237	0.165897055456608	0.232181245670008	0.237621053946128	0.157796067400696	0.0512908951970908	
1.48773880067424e-05	8.62888504391061e-05	0.000398713998580697	0.00154278513629919	0.00518476972034974	0.0173991052738853	0.0455828291138581	0.0975346680334027	0.171000697749498	0.233817493130366	0.230760189894981	0.150155989413251	0.0465215922970836	
1.1876396404421e-05	0.000142516756853052	0.000430519369660261	0.00197296635268444	0.00636871757187076	0.0195678476258341	0.0494236236369979	0.104215378448794	0.177075585840366	0.232464129571485	0.224762286503218	0.14028102522992	0.0432835266959123	
1.63419326563812e-05	2.37700838638271e-05	0.000127764200768071	0.000519970584521219	0.00214079317798593	0.00758859927352681	0.02247609992349	0.0547737013734652	0.109418152915921	0.181080498874635	0.232487762120886	0.216396900975316	0.133375426190176	0.0395742183727892	
1.18849183357549e-05	4.30828289671115e-05	0.000135190946069212	0.000710123870561354	0.00261616764865804	0.00881860940513013	0.0247013171460746	0.0589447381009683	0.11540255704018	0.184746598684934	0.229812723399324	0.211798158431904	0.126033616491513	0.0362252310873809	
1.0410779618668e-05	5.20538980933401e-05	0.000168059728129927	0.000874505487968113	0.00332401320681757	0.00986347006157232	0.026894018263482	0.0633986733692257	0.120891460186204	0.187553169338767	0.229374758321187	0.205766084654511	0.119047264939469	0.0327820577649543	
5.95021160440018e-06	5.35519044396016e-05	0.000254371546088108	0.00114392818094593	0.00377540926299192	0.0116787778265365	0.0295323877455392	0.0684214832389977	0.12497675698592	0.191306740845971	0.228848113411033	0.198772768856592	0.111306145824811	0.0299236141585285	
1.33840937481411e-05	9.36886562369877e-05	0.000294450062459104	0.00127297602760098	0.00448961989173755	0.0126598655642139	0.0324698114329903	0.0721521622747011	0.129810838141693	0.195009220153471	0.226826185235857	0.191243828445661	0.105752186068646	0.0279117839509845	
2.97563254508827e-06	3.71954068136034e-05	0.000126464383166252	0.000389807863406564	0.00146103557963834	0.00495889163638961	0.0140866444684479	0.0356198093809792	0.0756614087239595	0.135373427006246	0.198916572190333	0.223025147070639	0.184139580971425	0.0999872047800561	0.0262138349059551	
2.97322167894855e-06	7.43305419737137e-06	4.01384926658054e-05	9.96029262447764e-05	0.000480175301150191	0.00160851292831117	0.00568925968266805	0.0157982133910931	0.0385225466832969	0.0793315008377052	0.141495619701161	0.201070062482254	0.219278072044134	0.177471602016439	0.0950018656966035	0.0241024215403964	
4.44506346068934e-06	8.89012692137868e-06	4.59323224271232e-05	0.000105199835236314	0.000512663985799504	0.00195434623488308	0.0061593762686952	0.0175105866594755	0.0413213099305681	0.0851777877215494	0.146854524926434	0.201343594515384	0.216886499749595	0.170908245000044	0.0889012692137868	0.0223053284457391	
1.0361421172528e-05	1.48020302464686e-06	1.18416241971749e-05	4.2925887714759e-05	0.000118416241971749	0.000637967503622797	0.00235500301221316	0.007025043554974	0.0199708992085354	0.0455591688956057	0.0902613002399409	0.151470655715138	0.202049193067321	0.211870340135853	0.164530487001597	0.0835663419594632	0.0205185743276548	
1.48335160328058e-06	2.96670320656116e-06	1.92835708426475e-05	6.67508221476261e-05	0.000180968895600231	0.000827710194630564	0.00255729816405572	0.00820145101453833	0.0218987197192312	0.0492888070738071	0.0960143825771454	0.154990958971978	0.202829048177777	0.207854643409691	0.158046663274736	0.0783298647628343	0.0188889993161749	
7.45113175240187e-06	1.49022635048037e-05	6.10992803696953e-05	0.000290594138343673	0.00091350875284447	0.00297598202190931	0.009073988248075	0.024147627783184	0.0528553481988379	0.100676711785753	0.158929659826031	0.203153617002887	0.204348778535972	0.151556019843854	0.0732833710112229	0.0177113401754593	
1.49095289781605e-06	4.92014456279297e-05	0.000114803373131836	0.000289244862176314	0.00114057896682928	0.00343366452367037	0.00990738200598767	0.0260350195016639	0.0570930593160701	0.104687257720154	0.161719187967414	0.203139350421641	0.201254785958802	0.14554234902611	0.0690385739333723	0.0165540500244516	
8.93660373311727e-06	5.06407544876645e-05	9.83026410642899e-05	0.000341080375813976	0.00124665622076986	0.00380550375635244	0.0115356659854989	0.0287788428885486	0.0607555004795977	0.10909656893994	0.164388825670692	0.204415873791324	0.195991635338906	0.139485489934405	0.0652208234782453	0.0147796531406204	
1.04376040032685e-05	5.51701925887047e-05	0.000116304730322134	0.000441361540709638	0.00151047040790156	0.00484453934380275	0.0130857732475263	0.0310921312394506	0.063861734550855	0.113252476694321	0.168853593219732	0.204596422585782	0.191222869685023	0.132963146311351	0.0603994321943422	0.0136941364522882	
2.99099411671457e-06	8.97298235014372e-06	7.17838588011497e-05	0.000146558711719014	0.000489027538082833	0.00178263249356189	0.00535836596009416	0.0143298528131795	0.0336038189012882	0.0678447195494366	0.118571979768916	0.172345567496269	0.202686211816221	0.186406230838944	0.126960222769242	0.0567062574587916	0.0126848060489865	
7.4949371699417e-06	1.79878492078601e-05	4.49696230196502e-05	0.000202363303588426	0.000634071684577068	0.00205361278456403	0.00599894771082134	0.0155070250046094	0.0363234635004055	0.0727203773850764	0.122638157924322	0.174302258824164	0.201129636930254	0.18051706072548	0.12238183107311	0.0540549858570536	0.0114657548825768	
6.00511335402095e-06	2.5521731754589e-05	9.30792569873247e-05	0.00022369047243728	0.000701096984081946	0.00241555684665493	0.00672722823484197	0.017338263531397	0.0396232391881687	0.0768489368697446	0.126407636102141	0.176368677929257	0.199644497289442	0.176394199661011	0.116398613419327	0.0498319318900043	0.0109518254793957	
1.50256864109195e-06	9.01541184655168e-06	2.10359609752873e-05	0.000126215765851724	0.000255436668985631	0.000963146498939938	0.00298109618392642	0.00781335693367812	0.0193170224498781	0.0425272002488254	0.0809599009506752	0.131141185857223	0.176789221173596	0.198100152210203	0.172228925347882	0.110073670940473	0.047260291468265	0.00943162336013415	
4.50894574836476e-06	1.65328010773374e-05	3.45685840707965e-05	0.000127753462870335	0.000306608310888803	0.00122342727972297	0.00349142699115044	0.00880747402847249	0.0210597826086957	0.0453990717583686	0.0852040448249327	0.133766893516737	0.179314760484802	0.195731831954598	0.167381084070796	0.105924153520585	0.0435188413813005	0.00868723547518276	
1.50411902996356e-06	2.40659044794169e-05	3.30906186591982e-05	0.000100775975007558	0.000371517400400998	0.00137476479338669	0.003673058671171	0.0101197128335948	0.0235845863898285	0.0489816362107632	0.0882978035349805	0.137783319620781	0.17993475131648	0.194300592171662	0.16217862616776	0.100518770653434	0.0402261593373453	0.00849526428123416	
3.01384106509143e-06	1.20553642603657e-05	3.91799338461886e-05	0.000135622847929114	0.000402347782189706	0.0014436298701788	0.00417416987515163	0.0111346358149803	0.0256161421327446	0.052098763571703	0.0937168948395506	0.140068263500124	0.181030884336315	0.190018158392417	0.157899654161738	0.0953910835512089	0.0390518456009222	0.00776365458367553	
6.05050355315821e-06	2.57146401009224e-05	4.84040284252657e-05	0.000149749962940666	0.000518830679683317	0.00161397182280495	0.00442896860091181	0.0123384893707779	0.0275978593318429	0.0561411098438668	0.0972663824946831	0.143398446835738	0.181970406987121	0.187742587376834	0.15190394220559	0.0920084949069886	0.0359294027245418	0.00691118768359497	
7.59249557737133e-06	1.36664920392684e-05	7.28879575427647e-05	0.000160960906240272	0.000605881147074232	0.00180701394741438	0.00511430502091733	0.0132534602798594	0.0300237645111572	0.0583726244979462	0.100161720155798	0.147022602859334	0.182795405021677	0.184670751429287	0.148261698137561	0.0878330258372624	0.0334753130006302	0.00634732630268243	
7.61026899256781e-06	6.08821519405425e-06	6.08821519405425e-06	6.69703671345967e-05	0.000193300832411222	0.000761026899256781	0.0021095665647398	0.00565899602287342	0.0145554004751852	0.0323101580348459	0.0617771195740685	0.103277438444339	0.149582881156517	0.18111831380792	0.183498805948795	0.144432251102347	0.0833750629749759	0.0314654181766709	0.00579750291853816	
4.56890827459748e-06	1.37067248237924e-05	1.52296942486583e-06	1.52296942486583e-05	8.52862877924863e-05	0.000300024976698568	0.000945764012841678	0.00232557431177012	0.00645891333085597	0.0161145394845053	0.0348424945020804	0.0641322424810999	0.105890541141496	0.151957320304838	0.182597942163713	0.181940019372171	0.13927859984283	0.0790390672116867	0.0289912459717459	0.00506539630710374	
3.04883161150568e-06	3.04883161150568e-06	9.14649483451704e-06	3.35371477265625e-05	0.000128050927683239	0.000440556167862571	0.000932942473120738	0.0026052266120316	0.00756415122814559	0.0176359664567546	0.0363009135823924	0.0681825457439073	0.109805194904183	0.154645885830403	0.183169229971844	0.177617307607292	0.134322374308106	0.0746293001864361	0.0270370387308324	0.00493453396322194	
3.04949172596657e-06	0	4.57423758894986e-06	2.28711879447493e-05	0.000141801365257446	0.000387285449197755	0.00109019329203305	0.00313640224015662	0.00820465748871307	0.0186018995283961	0.0380988248783634	0.0714434921559449	0.114880452300613	0.156063838059791	0.183050315088733	0.174129027044417	0.129447874275555	0.0711324439998963	0.0254480084531911	0.00471298946248134	
3.05603390975226e-06	3.36163730072749e-05	0.000146689627668109	0.000481325340785981	0.00126519803863744	0.00356333553877114	0.00878151343967313	0.0198321320573373	0.0405978824741039	0.0751112014338911	0.117593128813357	0.158857226679787	0.183053375160251	0.170135519823728	0.125170564892588	0.0672862266079704	0.0238110882078348	0.00427691945669829	
3.82011827086167e-05	0.000171141298534603	0.000569961646012561	0.00144247665907736	0.00410739116483046	0.00998426111272405	0.0222407285729566	0.0437617468636829	0.0785905291627829	0.121724248582736	0.160539706309307	0.180575462616323	0.166399767736809	0.119407728863286	0.063912106718824	0.0225081368519169	0.0040264046574882	
6.12227405747591e-06	5.20393294885452e-05	0.000171423673609325	0.000682633557408564	0.00168974763986335	0.00464068373556674	0.0113522266710747	0.0236840171913456	0.0468001934638602	0.0824823372393442	0.124381650320195	0.162100980788304	0.178554592317771	0.161219373324027	0.116032399074312	0.0618242540009061	0.0207330810956422	0.00359224430322399	
1.6780750343624e-05	7.32250924085411e-05	0.000225777368259668	0.000694112855122629	0.00193588838055081	0.00507236317204998	0.0119890833591401	0.0254441940892095	0.0500630803660644	0.0849533113759758	0.127497090065338	0.163194322614502	0.176690622459051	0.159324071376159	0.111785731175431	0.0582353057834093	0.0195449975820464	0.00326004213493859	
3.03662473087913e-06	2.58113102124726e-05	7.28789935410992e-05	0.000239893353739452	0.000733344872507311	0.00212260068688451	0.00567089668491678	0.0130089003470862	0.0277517134155044	0.052771982885583	0.087831333715948	0.129672985882732	0.164771812834598	0.175415182516329	0.155346129669949	0.10816609122628	0.0551709164229775	0.018102838333136	0.00312165022334375	
1.21295373946057e-05	3.03238434865142e-05	6.06476869730285e-05	0.000260785053984022	0.000768709432383136	0.00237435694499406	0.00644684912523292	0.0140308423812101	0.029577876936746	0.0553137229037506	0.0916098473649338	0.131778326639345	0.16555150732245	0.175347624960769	0.151728383269123	0.103504374972519	0.0519614220063165	0.0168312493271897	0.00281102029119987	
7.57451810915789e-06	3.02980724366316e-05	9.24091209317263e-05	0.000307525435231811	0.00102407484835815	0.00279802698952293	0.00676101486423434	0.0151808491943743	0.0318387294200343	0.0584964884534046	0.0950556575590661	0.135097590091318	0.16530476831064	0.173568567567731	0.147934883382719	0.0996488453404594	0.0488995740091015	0.0154929193404716	0.00246020348185448	
6.05012833834738e-06	3.9325834199258e-05	0.000137640419697403	0.000411408727007622	0.00121002566766948	0.00314606673594064	0.00759896119296431	0.0164941623824195	0.0338550056493073	0.0615479555860079	0.0987275067572371	0.137543617643989	0.166104760997243	0.171012927611727	0.14425774756747	0.0952955714573095	0.0458463600159118	0.0145324082687104	0.00223249735685018	
1.51156041404663e-05	4.83699332494921e-05	0.000146621360162523	0.000482187772080875	0.00139819338299313	0.00353402824804102	0.00783441762600368	0.0176051441424011	0.0353780714907613	0.06496535503531	0.102195088033279	0.140484424881494	0.167133234981136	0.16883071732611	0.140405823739963	0.0902582954435523	0.0432729515333269	0.0138065928219019	0.00220536664409403	
2.25964529594574e-05	4.21800455243206e-05	0.000176252333083768	0.0006372199734567	0.00149136589532419	0.0035581881260159	0.00853091420729383	0.0192416329100767	0.0377134799893345	0.0676040679641048	0.105673065480001	0.142238645658995	0.167549685833982	0.166776887142769	0.135191565196039	0.0869165030934544	0.0415970570379666	0.0130908784145123	0.00194781424510523	
1.95396165726009e-05	8.56737034337119e-05	0.000281069869159721	0.000745511524616159	0.00163982474466982	0.00395000864252272	0.00980738447201701	0.0208021764126767	0.0402711497561306	0.0711136829922668	0.107488933813306	0.145461924051013	0.166295664459692	0.164188391964708	0.131512140865605	0.0826766268609606	0.0398908787566792	0.011983797148719	0.00178562034524999	
4.36287703155865e-05	8.12397792083334e-05	0.000326463557189043	0.000683015921492285	0.00170302648266358	0.00442606352649846	0.0104964803617878	0.0222882838698418	0.042500440048804	0.0727442045196397	0.110984069481073	0.146460277509068	0.166934206309924	0.162642037975083	0.127522382311392	0.0797022411647979	0.0377373818826266	0.0110471055319776	0.00167745099661651	
6.01476625114656e-06	3.30812143813061e-05	8.72141106416252e-05	0.000287205088492248	0.000745831015142174	0.0019247252003669	0.00505541103408869	0.0116866908259778	0.0236335202923176	0.0439559117633791	0.0765033156398959	0.113438491496624	0.14893162714464	0.167455603506609	0.158780806880893	0.123862081409861	0.0766642106371141	0.0350315023382404	0.0103438942604093	0.00157286137467483	
4.50984725147359e-06	2.85623659259994e-05	8.11772505265247e-05	0.000314186025185994	0.000864387389865772	0.00220982515322206	0.00547194799845463	0.0126862003183952	0.0250086062918382	0.0470437199625382	0.0788531759095986	0.116534452978078	0.150349287669627	0.166360748694775	0.15584829475159	0.120306188562727	0.0736367859220608	0.033138357603828	0.00981643418404085	0.00144315112047155	
1.20375511407837e-05	2.40751022815673e-05	0.000108337960267053	0.0003686500036865	0.00104275286757039	0.00226456430835993	0.00596611128415091	0.0130848180900319	0.0269626098614628	0.0496564031496253	0.0821833710259153	0.118548813022223	0.150950891305427	0.164986675935581	0.154538081545381	0.117572266685927	0.070159362130165	0.0312314264347632	0.00902364927390996	0.00131510246213062	
6.02034273811208e-06	4.21423991667846e-05	9.93356551788493e-05	0.000484637590418022	0.00111827866360432	0.00255112023527499	0.0062521259335294	0.0143133648598615	0.0288524925724021	0.0527893752991358	0.0847935172949396	0.120870421153076	0.151483863976376	0.165261418332546	0.152281559389176	0.113289304560109	0.0663501973167332	0.0296471778138329	0.00838633743419013	0.00112730917771149	
1.50481616413331e-06	3.00963232826662e-06	4.96589334163992e-05	0.000168539410382931	0.000439406319926926	0.00119181440199358	0.00278240508748249	0.00724719464646601	0.0157840167455943	0.0313031858463011	0.0560754695402636	0.0874057420775191	0.122376164915813	0.152329530662887	0.16451252232771	0.14854792764242	0.109132277855276	0.0638087198077447	0.0280166673438339	0.00778290920089747	0.00104133278558025	
1.50172473085339e-06	1.80206967702406e-05	5.25603655798685e-05	0.000159182821470459	0.000495569161181617	0.00132602293734354	0.00332632027884025	0.0078284910219387	0.0170565894930327	0.0334073683625644	0.0582458954108794	0.0905885409392688	0.125413537447759	0.15362493824157	0.162881569482551	0.144084481026459	0.105323463998402	0.0615421811951026	0.0264498776845207	0.00721879078121222	0.000955096928822753	
4.4973398234944e-06	7.49556637249067e-06	5.24689646074347e-05	0.000184390932763271	0.000596647083250257	0.00148262302847865	0.00383173352961723	0.00853145364516888	0.0188003795754811	0.0352231654976082	0.0608639989446243	0.0933962561145083	0.128303108711197	0.154380184121092	0.160346654953595	0.141217969570999	0.10175531173311	0.0581580994841551	0.0251011526681968	0.00685244677773097	0.000909961757620368	
3.00595027857644e-06	6.01190055715288e-06	1.50297513928822e-05	4.95981795965113e-05	0.000258511723957574	0.000680847738097564	0.00154956736860616	0.00417676791208197	0.00946874337751579	0.0200376645569906	0.0377066402944629	0.0635698364913346	0.0964233700610358	0.129350549412562	0.154705740012354	0.158481213562246	0.138687030977821	0.0976452888492771	0.0559527584854219	0.0236989119962967	0.00651539722881444	0.00101751416929813	
3.00097531697802e-06	9.00292595093405e-06	2.55082901943132e-05	7.80253582414285e-05	0.000285092655112912	0.000816265286218021	0.00173906519618876	0.00472053417360642	0.010312851676795	0.0213369345037137	0.0395003376097232	0.0659479330782504	0.0978993172781154	0.132287493435366	0.156076224773051	0.156908995423513	0.135154925350739	0.0936799459824443	0.0539425313226799	0.0221216895491035	0.00617150573936529	0.000982819416310301	
7.48531007897002e-06	1.94618062053221e-05	0.000118267899247726	0.000308394775253565	0.000877278341255287	0.00203600434147985	0.00516186983045773	0.0112129944982971	0.0221595119577829	0.0412799880235039	0.0682465661140013	0.102018788128298	0.135638309816984	0.155023765859501	0.154573150192747	0.130825255436206	0.0918208016767095	0.051591751188293	0.0204678318799356	0.00571578277630151	0.000896740147460609	
5.97690226121155e-06	4.63209925243895e-05	0.000149422556530289	0.000294362436364669	0.000893546888051126	0.00237581864883159	0.00556897868188386	0.0122018459662634	0.0237253135258792	0.0431099017845536	0.0712207673445968	0.105115780067927	0.137225193240721	0.154741999542767	0.15194480928452	0.128111911517939	0.0884402227591473	0.0491151943315059	0.0194040131910233	0.00550323275701053	0.000805387579698256	
1.04523633540141e-05	4.18094534160563e-05	0.000110496412599577	0.000359859938331056	0.000967590207628732	0.00276987628881373	0.00650286320096162	0.0133745455088434	0.0250991108025175	0.0457679127376979	0.0739444979505902	0.107162108689647	0.136952837443352	0.154921943243667	0.150264668772071	0.125358180094221	0.0860050320663576	0.0465219760939518	0.018255799195168	0.0049753249565107	0.000633114580300282	
4.49351361309949e-06	5.24243254861607e-05	0.000128814056908852	0.000408909738792054	0.00115782867430864	0.00292827303786983	0.00662343906570865	0.0143522824802398	0.0269505968134997	0.0476342399745967	0.0764616276405009	0.11005064189842	0.138606920909667	0.154677223427982	0.149974012512938	0.121805673510288	0.0823885720961792	0.0437503463750077	0.0171712133535242	0.0043766822591589	0.000495784335311977	
1.04727394591877e-05	6.28364367551264e-05	0.000152602774976736	0.000406940733271295	0.00130610022112441	0.00317772837304496	0.00706461081804064	0.0149879862717347	0.0283182874976436	0.0508152279616159	0.0795838432560046	0.111570581775638	0.140556132387396	0.155969012660046	0.147320025972394	0.118485582029976	0.0782403403939545	0.0414331495118207	0.0159200600836024	0.00404546964252052	0.000573008458981272	
7.50786824592173e-06	9.45991398986138e-05	0.000123129039233116	0.000531557071811258	0.00146703745525311	0.00335151238497946	0.00759045479662687	0.016226004853086	0.0309098935684597	0.0534154794224347	0.082082021959013	0.114667671719963	0.141050320736131	0.154846779424837	0.14471716358744	0.114871885736252	0.0758925353770752	0.0390589337625832	0.014792002018115	0.00379747975878721	0.000506030319775124	
2.99546037979442e-06	2.24659528484582e-05	7.63842396847578e-05	0.000164750320888693	0.000656005823174978	0.00159807811262032	0.003759302776642	0.0086448986560867	0.0170786173553979	0.0332526056760979	0.0555762741565158	0.0849827087049576	0.116220867275644	0.142016274336243	0.154570248787962	0.142245427055298	0.112322275591341	0.071572032584618	0.0372036179170467	0.0140187545774379	0.00354962055005639	0.000465794089058033	
7.46804795681676e-06	2.5391363053177e-05	8.36421371163477e-05	0.000261381678488587	0.000675111535296235	0.00186850559879555	0.00438225054106007	0.00904231246611373	0.018806038364856	0.0346831083210484	0.0580461495491539	0.0882588843632518	0.118101203998692	0.142809987468616	0.152076341373434	0.140255915067384	0.109651854540349	0.0685701227299001	0.0351864547533378	0.0135082051442902	0.00320677979265712	0.000492891165149906	
1.49097290454941e-06	8.94583742729643e-06	8.49854555593161e-05	0.000277320960246189	0.000787233693602086	0.00195764742367337	0.00458325070858487	0.0100506483495675	0.0201176974010851	0.0365497097821241	0.0598237968221404	0.090624315084322	0.119725124235317	0.143206456509066	0.151245782410396	0.138238534791107	0.105547462885957	0.0668880264438954	0.0339330523346399	0.0127701829274657	0.00315042574731289	0.000427909223605679	
1.63704605457019e-05	9.22698685303196e-05	0.000342291447773766	0.000815546579913147	0.00213708921305708	0.00510758369025898	0.0108937973813216	0.0213485687752812	0.0381178732688238	0.0616660366519729	0.0930065392548762	0.121500069946513	0.143497504248879	0.15021534596736	0.135367338252409	0.103802113872924	0.0643150748130047	0.0321039613538073	0.012246592711871	0.00308211125364987	0.000325920987228064	
1.04142955547323e-05	2.97551301563781e-05	0.000110093981578599	0.000351110535845261	0.000922409034847721	0.00241760432520572	0.00570405845097768	0.0114676271622681	0.0221854250445955	0.0394314984832322	0.0651518329904055	0.093432596447535	0.122943734536631	0.144556373325716	0.149748643538004	0.133197352388519	0.100146841567322	0.06242031204205	0.0308962393978752	0.0116848396124097	0.0028802965991374	0.000310941110134151	
5.93428667648791e-06	1.03850016838538e-05	2.96714333824396e-05	0.000109784303515026	0.000467325075773423	0.00113493232687831	0.002578447560934	0.00605148883834855	0.0121534191134472	0.0235887895390394	0.0414613774369519	0.0664239543415983	0.0949307839637771	0.1243099537274	0.146134776551853	0.149320004925458	0.130827284069853	0.0969425071471065	0.0600253097326752	0.029616541230682	0.0108582610463038	0.00268229757777254	0.000336770768890689	
1.4786424879047e-06	1.18291399032376e-05	2.95728497580941e-06	2.95728497580941e-05	0.000149342891278375	0.000563362787891692	0.00119030720276329	0.00277097602233342	0.006191076096857	0.0127976507328152	0.0249772289056863	0.0431541810094988	0.0680160758011285	0.0977752345126986	0.126089759513586	0.146783361131812	0.147253569442966	0.12838017672735	0.0943255615884169	0.0579051184688361	0.0283692347729397	0.0102676934360103	0.00264677005334942	0.000347480984657606	
7.39674513627024e-06	1.33141412452864e-05	1.47934902725405e-06	3.40250276268431e-05	0.000207108863815567	0.000702690787945672	0.00122194229651184	0.00284922622649129	0.00661712819890735	0.0134798283363389	0.0261267831703337	0.0450787235584853	0.0700604905817244	0.100434484809305	0.127234371787039	0.147605007892327	0.145477703991136	0.126397060237613	0.0911781979457759	0.055482985267163	0.0269448631824052	0.0101202266954449	0.00235364430236119	0.000371316605840766	
