# <P(N_2)> as a function of N_tot.
# number_of_species: 2
# species_total_upper_bound: 100
# species_total_lower_bound: 0
# volume: 512
# Bin widths for each species index 
1	1	1	1	1	1	1	1	1	1	1	1	1	1	1	1	1	1	1	1	1	1	1	1	1	1	1	1	1	1	1	1	1	1	1	1	1	1	1	1	1	1	1	1	1	1	1	1	1	1	1	1	1	1	1	1	1	1	1	1	1	1	1	1	1	1	1	1	1	1	1	1	1	1	1	1	1	1	1	1	1	1	1	1	1	1	1	1	1	1	1	1	1	1	1	1	1	1	1	1	1	
# Bin lower bound for each species index 
0	0	0	0	0	0	1	2	2	2	3	4	4	5	6	7	8	9	9	10	11	12	12	13	13	15	15	16	17	18	19	20	20	21	22	23	24	25	26	26	27	28	29	30	30	30	31	31	32	34	35	36	37	37	38	39	39	40	41	42	43	44	44	44	45	46	49	51	51	52	52	53	54	55	56	57	58	59	59	60	61	62	62	63	64	64	65	67	68	69	70	71	71	72	73	73	75	76	76	76	77	
# Bin upper bound for each species index 
0	1	2	3	4	5	6	7	8	9	10	11	12	13	14	15	16	17	18	19	20	21	22	23	24	25	26	27	28	29	30	31	32	33	34	35	36	37	38	39	40	41	42	43	44	45	46	47	48	49	50	51	52	53	54	55	56	57	58	59	60	61	62	63	64	65	66	67	68	69	70	71	72	73	74	75	76	77	78	79	80	81	82	83	84	85	86	87	88	89	90	91	92	93	94	95	96	97	98	99	100	
# Normalized histogram for each species index 
1	
0.0791204481280412	0.920879551871959	
0.00642908336764414	0.145715723500618	0.847855193131738	
0.000442581870015231	0.017256623212249	0.201705415472459	0.780595379445277	
7.87612592800198e-05	0.00184117229485761	0.0317868167972194	0.247602895959445	0.718690353689198	
2.05056698177046e-06	0.000173272909959604	0.0040191112842701	0.049338692148379	0.285873644062583	0.660593229027826	
9.18955290782981e-06	0.00046866719829932	0.00778763555866866	0.0677280259921399	0.31517920138701	0.608827280310974	
4.50274821143678e-05	0.00103460873676422	0.0121748171526053	0.0868385693131569	0.3387929155397	0.561114061775659	
7.1720062253014e-06	0.000138317262916527	0.00194463825937458	0.0179300155632535	0.106737894934207	0.356228426349131	0.517013535624892	
4.10688159347006e-06	2.46412895608203e-05	0.000277214507559229	0.0032269822120691	0.025403116096409	0.127228111604507	0.369233296542519	0.474602530865782	
9.26152699940932e-06	5.76272791074358e-05	0.000571127498296908	0.00501254422379142	0.0335720063143033	0.146403131630996	0.377798267477016	0.436576034049489	
7.20335799968923e-06	0.000113195625709402	0.000891158289675839	0.00716631215854797	0.0433415760329873	0.164480447513761	0.380967081682993	0.403033025338326	
6.15848238571396e-06	2.25811020809512e-05	9.85357181714234e-05	0.0013671830896285	0.0100701451143733	0.0523604436570711	0.180351156665633	0.384423761067306	0.37130003510335	
6.15832436099687e-06	3.07916218049843e-05	0.000190908055190903	0.00203635258870296	0.0132978750701792	0.0628734125635975	0.196653771819713	0.383153493155536	0.341757236800915	
3.08144885616618e-06	2.36244412306074e-05	0.000345122271890613	0.00298181534315014	0.0173084982250855	0.0731792745858533	0.212047848737839	0.379497888180384	0.314612846765711	
2.04950791315005e-06	6.25099913510766e-05	0.000567713691942565	0.00399756518459918	0.0213271793442394	0.0843761912764745	0.225938777099618	0.373482851767291	0.290245162136571	
1.02102286070185e-06	0.000122522743284222	0.000870932500178679	0.00531544501281384	0.0265823301783727	0.0957065988707487	0.237739046977262	0.367345646869033	0.266316455825446	
3.05911432522056e-06	0.000140719258960146	0.00131541915984484	0.00716036693056626	0.0318362027825704	0.108203932797377	0.247876974658297	0.358833090643597	0.244630234654463	
1.02048209615186e-06	1.5307231442278e-05	0.000247977149364903	0.00174196293813123	0.00915984729505913	0.0380425520624453	0.118951475055846	0.25681146287129	0.349724316761725	0.225304078152601	
6.10985519643184e-06	6.31351703631291e-05	0.000368627930184721	0.0021486324107452	0.011313415205393	0.0444115191136637	0.130004480560477	0.264831673489338	0.338676401702613	0.208176004562025	
1.32817999495292e-05	8.27558304547586e-05	0.000514925167274054	0.00293016940424997	0.0143698858684714	0.0513964790970011	0.140903550633797	0.271176552923375	0.328816499673574	0.189795899601853	
1.74043019339251e-05	9.00928570697298e-05	0.000638840259221721	0.00393132467213366	0.0171329995802492	0.0592892902116158	0.150334264975378	0.275013565117684	0.319525579204931	0.174026638819784	
1.02293418441457e-06	3.3756828085681e-05	0.000194357495038769	0.000959512264980871	0.00491724462448086	0.0206346283680108	0.0657071544016858	0.159847787393359	0.278949037418932	0.307573804701405	0.161181693569836	
9.23443459096072e-06	5.54066075457643e-05	0.000207261754152674	0.00137593075405315	0.00613782085812522	0.0239069251077094	0.0733768172597739	0.170103415406936	0.280753488820691	0.294860626730815	0.149213072265607	
1.02415993281511e-06	1.33140791265964e-05	4.09663973126043e-05	0.000319537899038314	0.00170317796827153	0.00772933501295562	0.0275898444301062	0.0808512817361559	0.178940199301523	0.2809618910089	0.284916172509499	0.136933255497178	
8.18185816135238e-06	6.13639362101428e-05	0.000429547553471	0.00221114716810548	0.00938663677561152	0.0324257266257096	0.0889521391979529	0.187685689827803	0.281938650382042	0.271309393898175	0.125591522776759	
4.08741342347442e-06	8.17482684694885e-06	8.89012419605687e-05	0.000577347146065762	0.00281827155548562	0.0112322120877077	0.03708101457776	0.0970597191538237	0.194842910483602	0.281340753351168	0.260352907274983	0.114593700887173	
6.15303837034728e-06	1.02550639505788e-05	0.000122035261011888	0.000773231821873641	0.00340468123159216	0.0135705261258009	0.0415596721661156	0.104593448244743	0.201859653296798	0.279184886496952	0.248919116259609	0.105996340993182	
4.11288639282384e-06	1.33668807766775e-05	0.000195362103659132	0.00102410871181314	0.00425683741657267	0.0157276775661583	0.0464992653356681	0.112378451354322	0.207182539152108	0.277138623807649	0.237452354781693	0.0981273000031875	
4.1170603777197e-06	2.26438320774584e-05	0.00027584304530722	0.0012690838614321	0.00512574017026103	0.0180203732732791	0.0516258786064162	0.119380341242549	0.213780418643285	0.273174160917363	0.226197472742487	0.0911239266051646	
2.05408825184765e-06	4.00547209110292e-05	0.000350222046940025	0.00155289071839683	0.00621977922659469	0.0205737479305061	0.056965002444365	0.126845084772222	0.21777649054914	0.268914044623013	0.21637046714075	0.084390161738909	
3.08161661607679e-06	7.29315932471508e-05	0.000487922630878826	0.00202154050014638	0.00750887248784045	0.0230915805098021	0.0626410481605317	0.133993826494712	0.221746968459654	0.264615337205898	0.206694298495657	0.0771225918450152	
1.02831464371468e-06	7.19820250600279e-06	0.000119284498670903	0.000531638670800492	0.00233941581445091	0.00849387895708329	0.0261778058850447	0.0679602864884597	0.141206110245613	0.224196243566607	0.262098893019286	0.195862061873692	0.0710061544631426	
2.05807051772822e-06	1.8522634659554e-05	0.000126571336840286	0.000613305014283009	0.00270739176607147	0.00990240629604933	0.0296876672182296	0.0736521696179398	0.146999744799256	0.228657808731158	0.256786487532209	0.185493895762844	0.0653519712199419	
7.22493386605179e-06	1.75462679604115e-05	0.000159980678462575	0.000869056330745087	0.00334308011316311	0.0114112669747241	0.0335732355421332	0.0799996284319726	0.153981919086934	0.231447659998741	0.249992000966077	0.175355337729534	0.0598420629456881	
3.10959132714248e-06	3.21324437138057e-05	0.000186575479628549	0.00114122001706129	0.00407874729076856	0.0134583112638727	0.036743967651958	0.0861709217968877	0.16042796268905	0.231795156707855	0.244545517679581	0.166156866444089	0.0552595109442067	
2.06301265864567e-06	5.57013417834332e-05	0.000299136835503623	0.00139356505091515	0.00455203743130168	0.015129103332178	0.0409992820715948	0.0922135713224736	0.165866217755112	0.23272536350283	0.237633270617748	0.157624482183823	0.0515062055420772	
1.13319116935027e-05	0.000110228595564072	0.000387345345159728	0.00158543746330006	0.00536102440481709	0.0171771177797694	0.0454883538853005	0.0975811519403323	0.17146624635576	0.233415747236559	0.230777472159553	0.149568872268752	0.0470696706534392	
1.43882821829902e-05	0.000145938290713186	0.000460425029855686	0.00189205910706321	0.00636475939708987	0.0197098911218133	0.0499263114405343	0.104088944249517	0.176849459514457	0.232508473670471	0.224141687581063	0.140364886836161	0.0435327754790784	
1.12886623858691e-05	2.25773247717381e-05	0.000128280254384876	0.000561354393188216	0.00214895082145544	0.00760855844807574	0.0223135805687228	0.0545734989414313	0.109679617499069	0.180939811930885	0.232662410498867	0.216566830420687	0.133228793478027	0.0395544467580501	
8.20230997554686e-06	5.12644373471679e-05	0.000165071488257881	0.000759738961485028	0.00261858745969334	0.0087682693638596	0.0245320838481137	0.058936673040545	0.114944096131073	0.18505334064706	0.230199880041217	0.211979473719286	0.125579416303116	0.0364039022489709	
7.17963445404008e-06	5.23087653080063e-05	0.00022154300601038	0.000920018872181993	0.00323904080083694	0.00972943034728918	0.0270097848160988	0.0632105273954338	0.120459906869885	0.188538226425157	0.229741122894829	0.205309852509795	0.118564483374018	0.0329965742887034	
4.10428158655109e-06	5.8486012608353e-05	0.000282169359075387	0.0012251280535855	0.00378825190438666	0.0114858320199632	0.0295980266614132	0.0679422773837667	0.1261902416601	0.191817704229052	0.228545894076701	0.197699139742579	0.111079302928815	0.0302834416863672	
1.12815653069304e-05	8.10221508406817e-05	0.000335370168669657	0.00135173664313947	0.00447980702369744	0.0127194520851409	0.0324406538385013	0.0724194444957243	0.131165631839449	0.195060315350518	0.225904114899666	0.190322057921607	0.105479558829261	0.028229553188478	
2.05282746190465e-06	2.77131707357128e-05	0.000122143233983327	0.000447516386695215	0.00149137915107373	0.00496476321661641	0.0142281471384612	0.0356699299780553	0.0766679736334841	0.135919759080169	0.198397562883237	0.222766677683507	0.1833544432424	0.0995806073495329	0.0263593310245867	
2.05458413676134e-06	5.13646034190335e-06	2.97914699830394e-05	0.00010786566717997	0.000499263945233005	0.00169811378903325	0.00572201682088033	0.0158110522244469	0.038998061499867	0.080246919921556	0.140880779673588	0.200629113662676	0.219446022479205	0.177094879668144	0.0945899717802869	0.0242389563534419	
3.07176880639256e-06	6.14353761278511e-06	5.01722238377451e-05	0.000109559754094668	0.00056520546037623	0.00209289848008879	0.00626538444210535	0.0176555031762089	0.0419050700568072	0.0851402160067825	0.146401525235605	0.200636675281272	0.216309863654422	0.171294115719674	0.088699372130456	0.0228652230718507	
7.16304523565396e-06	1.02329217652199e-06	9.20962958869794e-06	4.40015635904457e-05	0.000124841645535683	0.000695838680034956	0.00242724904271017	0.00714257939212352	0.0201025748077746	0.0454157533783991	0.090121341986292	0.150638841305803	0.201849498279846	0.21212539831648	0.16485032305334	0.0838823295860374	0.0205620329950329	
1.02404876110581e-06	2.04809752221162e-06	1.33126338943755e-05	5.83707793830311e-05	0.000196617362132315	0.000874537641984361	0.00268300775409722	0.00832449237902912	0.0220047597786416	0.0492188556050285	0.095592903751705	0.15433746093254	0.202132888759631	0.208214714351839	0.158685571972195	0.0789254861159469	0.0187339480356697	
5.13737864227302e-06	1.0274757284546e-05	6.47309708926401e-05	0.000302077864165654	0.000951442524548964	0.00314510320479954	0.00927913330367353	0.024194998453649	0.0525749055492937	0.10014805925247	0.15828366344416	0.202622323554162	0.204809819380042	0.152286287617171	0.0737604275942992	0.0175616151507461	
1.02738177917867e-06	3.49309804920748e-05	9.55465054636163e-05	0.000288694279949206	0.00113114733887572	0.00369241011436814	0.0101022450346639	0.0260841959915672	0.0566436670132368	0.10436041374719	0.161117092756137	0.203043515782639	0.201544565766817	0.146256015320317	0.0690852603590905	0.0165192716274138	
6.16365110036581e-06	3.80091817855892e-05	0.000100672967972642	0.00033180988423636	0.0012799848785093	0.00405568242404071	0.0116688188081759	0.0286209138845487	0.0603893989310174	0.108910687668281	0.164398956699324	0.20393261485707	0.196441724219759	0.139564579140767	0.0654836565654698	0.0147763262379436	
9.25962126091349e-06	4.3211565884263e-05	0.000116259689164803	0.000403307948253121	0.00158853946965005	0.00487879155769464	0.0129223158930082	0.0311545101557468	0.0638594924492933	0.113446821995099	0.168828616756622	0.204391735479371	0.191061996250882	0.133201709531854	0.060487961463514	0.0136054701727022	
2.0636065445218e-06	7.22262290582628e-06	5.36537701575667e-05	0.000152706884294613	0.000490106554323926	0.00183454621807988	0.00538188586811284	0.014371987779322	0.0334139171688969	0.0682073553128066	0.118887468439717	0.172236856631967	0.202036366938134	0.186449946707361	0.127105781503275	0.0567997383346902	0.01256839565941	
5.16435561752782e-06	1.23944534820668e-05	3.92491026932115e-05	0.000217935807059674	0.000613525447362305	0.00208433392723423	0.00615384615384615	0.0159299713378263	0.0360916156686549	0.0730869935703773	0.122232034497896	0.173758876236218	0.2010018849898	0.181077801017378	0.121905647222868	0.0542174710150541	0.0115712551966328	
4.12804365818973e-06	1.85761964618538e-05	7.84328295056049e-05	0.000228074412114983	0.000710023509208633	0.00240664945272461	0.00694646546581877	0.0175090971762117	0.0394640973722938	0.0763450714254754	0.126134437997816	0.175773130976633	0.199406180919769	0.176787597705633	0.116966053032977	0.0503456204552819	0.0108763630284154	
1.03086619562954e-06	6.18519717377724e-06	2.4740788695109e-05	0.000113395281519249	0.000250500485537978	0.000939119104218511	0.00299260456591255	0.00806240451601863	0.0193483276257708	0.042455193400807	0.0807013601248585	0.13023860428964	0.176354403551128	0.197834562469461	0.172477315789365	0.111280974952013	0.0473909807454812	0.00952829624620384	
3.08743619298534e-06	1.33788901696032e-05	2.77869257368681e-05	0.000110118557549811	0.000326239091058785	0.00114338053680224	0.00348056973489215	0.00899575992096163	0.0210377902190021	0.0453256216038202	0.0846626461386465	0.133315494813107	0.178728593775729	0.195743454635271	0.167971966079368	0.106600938580603	0.0437767577803392	0.00873641528075086	
1.02688065490341e-06	1.64300904784545e-05	2.7725777682392e-05	9.75536622158236e-05	0.000363515751835806	0.00131748788024107	0.00371936173206014	0.0100192745498925	0.0235391852523508	0.0486864656102803	0.0880190753350455	0.13698485248346	0.180079952927791	0.194184158722889	0.162964933052516	0.100949556541589	0.040641882559767	0.00838756118925102	
2.05426969685142e-06	9.24421363583139e-06	3.38954499980484e-05	0.000114011968175254	0.000395446916643899	0.00141744609082748	0.00428520658763206	0.0110067770357299	0.025799573122757	0.0515662779303644	0.0929639208613142	0.139945068828306	0.180993485910791	0.190607468092056	0.15839343784088	0.0958173014702408	0.0389992830598758	0.00765010035107469	
4.11531524858047e-06	1.85189186186121e-05	4.3210810110095e-05	0.000141978376076026	0.000502068460326818	0.00170682699934875	0.00449392425144988	0.0122142556577868	0.0275314590130034	0.0554178639661968	0.0967057930263925	0.143623473346646	0.182269370017253	0.187581213174359	0.152560909237751	0.09196597868884	0.036284734546734	0.0069343061938581	
5.15758484742833e-06	9.28365272537099e-06	6.70486030165682e-05	0.000161948164209249	0.000632319902294713	0.00179793407781351	0.00509363079532021	0.0131972281075996	0.0294302106563955	0.0581032878571885	0.0998126765183414	0.147530651526748	0.18268371832985	0.184613686579758	0.148787039195582	0.0881059904316486	0.0335841294925143	0.00638405852414678	
5.16873329853053e-06	4.13498663882442e-06	6.20247995823663e-06	6.30585462420725e-05	0.000192276878705336	0.00074326384832869	0.00211918065239752	0.00570421406825829	0.0144466095693928	0.0316760651467145	0.0614262602663965	0.103035597066227	0.150074171322834	0.181263341792827	0.18311581580702	0.145086343689752	0.0835215613709548	0.0316977738265683	0.00581895994748567	
3.1024234063368e-06	9.30727021901041e-06	5.17070567722801e-06	1.5512117031684e-05	7.13557383457465e-05	0.000269910836351302	0.000916249046004803	0.00236714905903498	0.00649233804832748	0.015816154525505	0.0342197301718949	0.0641043407040019	0.106080129391739	0.152039429733212	0.182809265077261	0.181593115101977	0.13942187373964	0.0791355821077037	0.0294616468077097	0.00516863739495711	
2.06937582451693e-06	2.06937582451693e-06	8.27750329806772e-06	2.37978219819447e-05	9.62259758400372e-05	0.000379730463798857	0.000914664114436483	0.0026829457564862	0.0075604645748726	0.0173444734731887	0.0361757934762927	0.0679013942419618	0.109789699681833	0.154967277994775	0.183537080628056	0.177255490312734	0.13415660001552	0.0749993533200548	0.0272309164748183	0.00497167541840192	
2.06946361572544e-06	0	3.10419542358816e-06	1.75904407336662e-05	0.000132445671406428	0.000381816037101344	0.00109060732548731	0.00315489728217343	0.00809574166471792	0.0185175604335112	0.0381578048785535	0.0713964947425277	0.11488523789519	0.156643909465106	0.182792616981605	0.173831839525513	0.129401490427696	0.0712950910253571	0.0255527019951699	0.00464698054911148	
2.07485022174962e-06	3.00853282153695e-05	0.000145239515522473	0.00046165417433929	0.00132790414191976	0.00355940555541147	0.00876001763622689	0.0200036309878881	0.0409015224213502	0.0750151723422465	0.117836968643826	0.159446014990793	0.182157325518064	0.170294369375211	0.124409056721218	0.0673859480768732	0.0239593329356537	0.00430427678501958	
3.73543181591792e-05	0.000175357771358369	0.000531261413819437	0.0014993608261115	0.00404256732078228	0.00990408241192682	0.0222642112428197	0.0440946973470133	0.0786567802237939	0.121384932098151	0.161166243317728	0.180397491450012	0.165718282033403	0.119563909087891	0.0640989723412026	0.0224188166152007	0.00404568018062888	
6.23057488476033e-06	5.91904614052231e-05	0.000169263951035989	0.000645902929720154	0.00175598368835495	0.0045026287833868	0.0112316496589279	0.0239866748771798	0.0469858036351251	0.0821148232645512	0.124203395040255	0.163288829721504	0.178251555307256	0.161406157677159	0.115688276031082	0.0614500832300962	0.0206792780425195	0.00357427312555751	
1.24277378824377e-05	7.97446514123088e-05	0.000226806216354489	0.000706309769651878	0.00202157869554321	0.0050394477113285	0.0120393710736116	0.0256705282409987	0.0497358070055158	0.0844775482558705	0.127821355410519	0.163834868504177	0.176968916156266	0.158959052674967	0.111649761490997	0.057901866439101	0.0196316832749575	0.00322292669084552	
2.0645203912679e-06	2.78710252821167e-05	8.36130758463501e-05	0.000253936008125952	0.000782453228290536	0.00215432702828806	0.00571149566244266	0.0131241561272901	0.0277275411149236	0.0527412701755255	0.0874582450750866	0.129831493845665	0.165234921775322	0.175349007172144	0.155327288417628	0.107715319154207	0.0550896621205928	0.018363908880328	0.00302142559262058	
8.26179138357122e-06	3.09817176883921e-05	0.000100174220525801	0.000302588109423296	0.000834440929740693	0.00243413028638467	0.00647311354902805	0.0142856700261176	0.0295854749445685	0.0552001264054082	0.0911482134392495	0.132469563044181	0.165344263683334	0.175551706937736	0.151573922894766	0.10282728828385	0.0521473944891786	0.0169738503975471	0.00270883484988841	
1.03197150933057e-05	3.81829458452311e-05	0.000124868552628999	0.000354998199209716	0.0010464191104612	0.0028761045965043	0.00689976151138419	0.0152773062241298	0.0314823548351477	0.0583889479979237	0.0952530342542303	0.135583512810378	0.165478695464176	0.173803609629945	0.147015693190742	0.0993499611462727	0.0488793305394425	0.0156467520244701	0.00249014725201467	
2.16523640772845e-05	4.43357931106302e-05	0.000166001457925848	0.000437171541369935	0.00120428386867944	0.00329322146965937	0.00766184368849053	0.0165166295311438	0.033899353625379	0.0616576843724578	0.0981800672460564	0.137777085818629	0.166656184172947	0.170915513506435	0.143839747760269	0.0948218886841652	0.0460267396385705	0.0146772096495307	0.00220338581110271	
1.23772333170366e-05	4.53831888291344e-05	0.000183595627536044	0.000462083377169368	0.00142131895923971	0.00361105782024544	0.00806686181437863	0.0176354946045577	0.0357248210974068	0.0647112700897968	0.101880101740858	0.140408366184573	0.167134938660495	0.168552131875295	0.139936999882416	0.0910417710995728	0.0432429589013968	0.0137552319596667	0.00217323588324968	
1.5417046525563e-05	6.1668186102252e-05	0.000204532817239136	0.000596125798988436	0.00153142662153926	0.00365486782966014	0.00870446446833287	0.0192435574732077	0.0381561623476667	0.0674485507462364	0.105038393584864	0.142371285648066	0.167182452523205	0.166139232374975	0.135883792470109	0.0873848475099928	0.0414245762110861	0.0129626527186934	0.00199599362350956	
1.84394489473123e-05	9.62949000581867e-05	0.00028068938953131	0.000695576990845838	0.00166262364674933	0.00403311725030937	0.00983642159956073	0.0207167208923054	0.0407696216225076	0.0702286901434999	0.107063538243417	0.145081584317454	0.166476467165488	0.164446078953623	0.132367584268282	0.0830666442661509	0.0394286639185058	0.0118975422263381	0.00183370075642717	
3.38591418657003e-05	8.82389757712189e-05	0.00027908141174153	0.000691547321741878	0.00176170141161841	0.00451660431796402	0.0104378500060536	0.0224229601919095	0.0427333151383197	0.0721302325199615	0.110752227008104	0.146289961482661	0.167235431847704	0.163086147917252	0.127627418107048	0.079873715661187	0.0372306915678424	0.0110934861167258	0.00171552985452881	
4.10945956497261e-06	3.59577711935103e-05	7.29429072782638e-05	0.000251704398354572	0.000749976370607501	0.00198692369966426	0.00503100587241772	0.0116451810422411	0.0239057536543369	0.0440195034950954	0.0763044452024114	0.112976234995336	0.148875446390045	0.167562186396867	0.159429565917786	0.123602270065464	0.0765849158177208	0.0350341701562827	0.0103907685100332	0.00153693787729976	
3.08220550296971e-06	2.46576440237576e-05	7.19181284026264e-05	0.000305138344794001	0.000812674850949679	0.00219144811261146	0.00544831192741612	0.0126740290282114	0.0251888107721028	0.0472964434430701	0.0787215833495149	0.115898118724501	0.150277038904625	0.166587043024507	0.155843502042989	0.120539920211974	0.0735989578035793	0.0332241205183448	0.00984353697465091	0.00144966398823008	
9.25566935458161e-06	2.98238234758741e-05	0.000104897586018592	0.000349658620061972	0.000957447574346164	0.00224604243004514	0.00604909412707211	0.0131841867917485	0.0270512363003238	0.0500299780846318	0.0817800091939649	0.11833270429062	0.150586655175925	0.165642543992711	0.154595388414164	0.11810542618758	0.0698453377650849	0.0308830834131206	0.00891835162699241	0.00129887893275962	
6.18030419457246e-06	3.50217237692439e-05	0.000115365678298686	0.000429531141522786	0.00100120927952074	0.00257512674773852	0.00643060651445264	0.0143939284691593	0.0289083728701127	0.0525397960087595	0.0847700823834549	0.12105464830979	0.151974710195236	0.165575499626092	0.151989130905023	0.113269525126027	0.0660427306232013	0.02934408431583	0.0084134541102113	0.00113099566760676	
1.03018652557232e-06	3.09055957671696e-06	6.18111915343392e-05	0.000162769471040427	0.000387350133615192	0.00113423536465512	0.00280725828218457	0.00723190940951769	0.0158061518618561	0.031032308709815	0.0553951898530748	0.0877698316057105	0.123204127339296	0.153107351617084	0.164466188248044	0.14796156992185	0.108541482520825	0.0639859152898224	0.0279901678997999	0.00788813822630726	0.00106212230786506	
1.02941978812482e-06	1.75001363981219e-05	6.17651872874891e-05	0.000151324708854348	0.000474562522325542	0.00125589214151228	0.00337855574462566	0.00795226786326423	0.0169586615895683	0.0327942261902924	0.0579625105901561	0.0906908539140085	0.125784803910972	0.154101054022921	0.162913916829058	0.144187741463279	0.105429057020591	0.0610476816951662	0.0263840291696391	0.00748285243987931	0.00096971344041358	
3.08446498926606e-06	1.13097049606422e-05	6.58019197710093e-05	0.000196377604316606	0.000567541558024955	0.00144250145998009	0.00388745404147166	0.00859434761509167	0.0183998618159685	0.0351474785526868	0.0604781331995361	0.0938222278884986	0.12832196879344	0.154706482311621	0.160808582215386	0.140857234509817	0.101127269138077	0.0584434144616169	0.0251260518025613	0.00704800250047295	0.000944874441711837	
2.05659545019389e-06	4.11319090038777e-06	1.8509359051745e-05	6.58110544062043e-05	0.000249876347198557	0.000644742673635783	0.00151159765589251	0.00420162450474611	0.00947370694131813	0.0200291830894383	0.0373385186959951	0.0635241202655887	0.0966928916863157	0.129469881673781	0.155131051403575	0.158648857921132	0.137781612185739	0.0978528115202251	0.0562694798150298	0.0235778385387478	0.00652866225664049	0.000983052625192677	
2.05530201121578e-06	6.16590603364735e-06	2.8774228157021e-05	7.19355703925524e-05	0.000265133959446836	0.000768682952194703	0.00170281771629228	0.00473027757881312	0.0103638603915556	0.0211285046752983	0.0391432268036046	0.065864208251421	0.0984109432500285	0.132623500528726	0.156031335134463	0.156602709093581	0.134704493815082	0.0942520396303334	0.0540503322909527	0.0220688053454295	0.00627894764426422	0.000901249931918121	
6.16865725809353e-06	2.77589576614209e-05	0.000107951502016637	0.000283758233872303	0.000821459524869456	0.0020839780436926	0.00519914995902983	0.0111508761035471	0.0219840663583023	0.0414091680640389	0.0681862811118799	0.102487099795509	0.135335199694857	0.155239400447639	0.154526920534329	0.130639823411905	0.0919787921563467	0.0513468749068276	0.0206146244470056	0.0057574134408873	0.000813234648525331	
6.17075719304597e-06	4.73091384800191e-05	0.000152212010761801	0.000301338642927078	0.000898873631120363	0.00235928616680791	0.00570177964637447	0.0121162817485458	0.0236391423470269	0.0429813807686295	0.0711231189475156	0.10522375165582	0.136966126656848	0.155151348104755	0.152332340527065	0.128012357969739	0.0887149192453575	0.0489053076739536	0.0192733316329469	0.00536650183888564	0.00072712088924725	
9.2609361365844e-06	5.76236026276363e-05	0.000121421162679662	0.000370437445463376	0.000966224336916973	0.00281841156423385	0.00641679974974893	0.0130774708177612	0.0250292233984754	0.0453991669273449	0.0737726172640314	0.107267365284249	0.137106101516324	0.155029099919327	0.151257840925929	0.125216088509854	0.0860135168507878	0.0465135662424472	0.0180516225160111	0.00490726715948567	0.000598873870165791	
5.15989482070397e-06	5.98547799201661e-05	0.000138285181194867	0.000401439817050769	0.00113414488159073	0.00291637255266189	0.00645502842070067	0.0140173702699244	0.0268283571307682	0.0476557565850578	0.0766099903819561	0.109569334538685	0.139006534490801	0.155264331091875	0.14991971203659	0.121810669011323	0.0825965003529368	0.0437280446475379	0.0170720280037812	0.00432502383871407	0.000486062092110314	
1.44257619378332e-05	5.56422246173567e-05	0.00016177461601713	0.00042555997716608	0.00128492322403414	0.00312832951737583	0.00694291313836573	0.0149687888336359	0.0282909799832249	0.0506766712760411	0.07948285704276	0.111773894729033	0.14090569055092	0.155469527638729	0.147035608962932	0.118245909781285	0.0786533757313346	0.0418841693749317	0.0161104848498587	0.00397944947170799	0.000509023314092115	
1.03215578120775e-06	2.27074271865704e-05	8.46367740590352e-05	0.000143469653587877	0.000566653523883053	0.00146050043040896	0.00341849994736006	0.00773084680124602	0.0162925790063643	0.0307468885663976	0.0530042958323614	0.0822235938425715	0.11417604036142	0.141273226085467	0.154048218189475	0.144490455655491	0.115418755921994	0.0762711514523464	0.039578013430411	0.0148186605507996	0.00376014351093982	0.000469630880449525	
9.27668645005947e-06	2.67993164112829e-05	7.21520057226848e-05	0.000178318528428921	0.000623599478031776	0.00159971304116581	0.00387250122143038	0.00875822275179504	0.0172618519976829	0.0329157450106888	0.0553220350163991	0.0844951524159584	0.116519304784503	0.141883827024843	0.153475562115662	0.142565148107453	0.112414886401821	0.0725890407287765	0.0373922615943119	0.0139717205367285	0.00359935434262308	0.000453526893114019	
9.26989293273663e-06	2.67796906945725e-05	8.96089650164541e-05	0.000264706942634813	0.00066228235063885	0.00191577787276557	0.00444233869098812	0.00928225278998028	0.0187426935218898	0.0345262312220294	0.0577885125426801	0.0879197845264887	0.118250874202403	0.142850080081575	0.151835696297708	0.139745695937212	0.109810121693094	0.069290389695999	0.0355531293613559	0.0132394670841552	0.00330111187215788	0.000453194765600457	
3.08558804108358e-06	8.22823477622287e-06	2.1599116287585e-05	0.000102852934702786	0.000281817041085633	0.000800195831987674	0.00208174339838439	0.00468392264636487	0.0102750081768083	0.019862958749802	0.036474736233649	0.0599293194632722	0.0902174516745486	0.120055088031827	0.143217568926894	0.151063190786023	0.138170575421028	0.105708132170135	0.0669120052002444	0.0339949519779648	0.0125758283261096	0.00315038538994633	0.000409354680117088	
4.11162654918379e-06	2.67255725696946e-05	0.00010895810355337	0.000361823136328174	0.000868581108515076	0.00226447832196297	0.0050984169209879	0.0110828893633249	0.021298225524772	0.0380243223268517	0.0621852678364929	0.0927449321633015	0.121657890057162	0.143576971190861	0.150135015536809	0.135702178442536	0.103272751942487	0.06418968577922	0.0319977057123856	0.0121066843740717	0.00298298506143284	0.00030939989782608	
1.43741593683584e-05	4.62026551125805e-05	0.000109859646601025	0.000359353984208959	0.000939453987289136	0.00247440886269598	0.00569114038420075	0.01147057917595	0.0223795394108648	0.039727096317135	0.0650800332659117	0.0942226146595891	0.12321221392856	0.144313479881311	0.149713030175467	0.133514379292997	0.099603683891701	0.0619813751963613	0.0305912913128741	0.0115260223620851	0.00273622390833393	0.000293643541382178	
4.09880161287843e-06	1.94693076611726e-05	5.12350201609804e-05	0.000121939347983133	0.000424225966932918	0.00109847883225142	0.0026181095302261	0.00600884316447979	0.0122175029075874	0.0239072851075167	0.0419809508195041	0.0667479595653221	0.0957029188590986	0.124653779351262	0.145500284354362	0.149095958069259	0.130348039491954	0.0963136402994175	0.0598455776492348	0.0295851500417565	0.0108802688813858	0.00256687451006512	0.000307410120965883	
1.0239051126654e-06	1.63824818026464e-05	1.5358576689981e-05	4.30040147319468e-05	0.000137203285097163	0.000496593979642719	0.00116520401821322	0.00283928887742115	0.00623353432590695	0.0129902841643859	0.0253856794583132	0.0435149433831668	0.0685545429133991	0.0983071776772303	0.126692899115653	0.145946410854213	0.146715363593825	0.127394274117829	0.0942095094163434	0.0578823799240877	0.0284174624969155	0.0101632821483168	0.00255361935098751	0.000324577920714931	
5.12735319875057e-06	2.87131779130032e-05	8.20376511800091e-06	4.20442962297546e-05	0.000188686597714021	0.000637842737924571	0.00126748171073114	0.00298514503231258	0.00681117598922025	0.0137905291633595	0.026891942056807	0.0454580879894828	0.0706723600796586	0.100838629889188	0.127285517688343	0.146638199601707	0.144157586124152	0.126012908624413	0.0908741316827358	0.056246039119654	0.0267514525791612	0.00980452478665083	0.0022960287624005	0.000307641191925034	
