# <P(N_1)> as a function of N_tot.
# number_of_species: 2
# species_total_upper_bound: 100
# species_total_lower_bound: 0
# volume: 512
# Bin widths for each species index 
1	1	1	1	1	1	1	1	1	1	1	1	1	1	1	1	1	1	1	1	1	1	1	1	1	1	1	1	1	1	1	1	1	1	1	1	1	1	1	1	1	1	1	1	1	1	1	1	1	1	1	1	1	1	1	1	1	1	1	1	1	1	1	1	1	1	1	1	1	1	1	1	1	1	1	1	1	1	1	1	1	1	1	1	1	1	1	1	1	1	1	1	1	1	1	1	1	1	1	1	1	
# Bin lower bound for each species index 
0	0	0	0	0	0	0	0	0	0	0	0	0	0	0	0	0	0	0	0	0	0	0	0	0	0	0	0	0	0	0	0	0	0	0	0	0	0	0	0	0	0	0	0	0	0	0	0	0	0	0	0	0	0	0	0	0	0	0	0	0	0	0	0	0	0	0	0	0	0	0	0	0	0	0	0	0	0	0	0	0	0	0	0	0	0	0	0	0	0	0	0	0	0	0	0	0	0	1	0	1	
# Bin upper bound for each species index 
0	1	2	3	4	4	4	5	5	5	5	6	6	6	6	7	7	7	8	7	7	8	7	8	9	9	10	10	10	10	9	10	10	10	10	10	10	10	11	11	10	11	11	11	12	12	12	12	12	12	13	12	13	13	13	13	13	14	14	14	14	14	14	15	15	15	15	15	15	16	16	17	17	18	18	18	18	18	18	18	18	18	18	16	17	18	18	18	18	17	18	18	17	17	18	18	18	18	18	19	19	
# Normalized histogram for each species index 
1	
0.926996320270742	0.0730036797292579	
0.85345082341563	0.141686591623459	0.00486258496091126	
0.786086496495173	0.198254199180003	0.0151567253008861	0.000502579023938633	
0.719484987769804	0.25127005886622	0.0278203370695912	0.00137085718893638	5.37591054484853e-05	
0.660184492645226	0.291282306989113	0.045707637330674	0.00271475664145821	0.000110806393528907	
0.609429799751103	0.319068899196742	0.0650808915035637	0.00636384206358185	5.65674850096165e-05	
0.552657170642412	0.347605972198387	0.0894113609061267	0.00966763915107831	0.000629254619300955	2.8602482695498e-05	
0.511397165172115	0.359531385594446	0.110066531674863	0.0170089673126989	0.00188024298524732	0.000115707260630605	
0.469236449564318	0.375867670949638	0.126953182690888	0.0246935460050214	0.00301284891448826	0.000236301875646138	
0.431003184239502	0.387435645626879	0.14433235127816	0.031604321042764	0.00517810909740202	0.000446388715293277	
0.402310577644411	0.383465866466617	0.162940735183796	0.0431207801950488	0.00741185296324081	0.000720180045011253	3.00075018754689e-05	
0.371546416765232	0.382343129226943	0.181936736117429	0.0539229066205683	0.00888605829011616	0.0013344251357171	3.03278439935705e-05	
0.341897112024036	0.391409651112882	0.191029492918021	0.0627874179900668	0.0110675087375069	0.00165552762278497	0.000153289594702312	
0.319989057085537	0.385646543862849	0.20721624414858	0.0689403611161773	0.0160496078788984	0.00209739193871968	6.07939692382516e-05	
0.277954400944682	0.388530596178884	0.232930632512793	0.0775426166469858	0.0192872498259	0.00305810397553517	0.00060556514367033	9.08347715505496e-05	
0.260373443983403	0.365206248474494	0.248016841591408	0.0947339516719551	0.0251708567244325	0.00460702953380522	0.00118989504515499	0.000701732975347815	
0.242520667602558	0.352799875214475	0.256247075339261	0.110216814849477	0.0309156137888005	0.00592731243175792	0.000998284199032912	0.000374356574637342	
0.223713077485613	0.348001653365553	0.256494229118311	0.12009157101523	0.0411751613621189	0.0086165781692156	0.00136720613017074	0.000476932370989794	6.35909827986391e-05	
0.203799764503707	0.342328867390128	0.261560003818859	0.129650256181778	0.0486904496706234	0.0119975813894281	0.00162301498902078	0.000350062056455463	
0.189179586563307	0.327874677002584	0.271802325581395	0.139502583979328	0.0541666666666667	0.014922480620155	0.00222868217054264	0.000322997416020672	
0.174584439854431	0.313825776204059	0.272482869414118	0.155568669879676	0.0616701091767483	0.0183272679584276	0.00291793711681584	0.000590144585423429	3.27858103013016e-05	
0.153464199410772	0.312026217352445	0.276540103942534	0.163659836472574	0.0664702572081168	0.0219139991393293	0.00499851037770201	0.000926876096527525	
0.148211130005668	0.292921209696242	0.285052182321363	0.171251375412624	0.0703877830015671	0.0246740688873329	0.00616851722183322	0.00116701677169818	0.000166716681671168	
0.141363621696622	0.28327578974541	0.282049627311155	0.180891226485109	0.0780549191700816	0.0250717950372689	0.00767964893033461	0.00122616243425511	0.000354941757284373	3.22674324803975e-05	
0.128352188573409	0.277691992562947	0.276557526864778	0.186556581476696	0.0884252985850692	0.0312293196357105	0.00816185043960546	0.00239498314057921	0.000441181104843538	0.000189077616361516	
0.115867067240685	0.272493573264781	0.283148016229442	0.188589834918078	0.0929785981974169	0.0337597175333726	0.0100349986062502	0.00247777743364202	0.000557499922569455	6.19444358410506e-05	3.09722179205253e-05	
0.106153941882895	0.251228921660133	0.286260966959119	0.197716383548006	0.101082695538548	0.0404144110509614	0.0139692614025263	0.0027378507871321	0.000280007466865783	9.33358222885944e-05	6.22238815257296e-05	
0.0946583850931677	0.239472049689441	0.279565217391304	0.20111801242236	0.11416149068323	0.0481055900621118	0.0172360248447205	0.00406832298136646	0.00127329192546584	0.000279503105590062	6.2111801242236e-05	
0.0906372934697089	0.224169944925256	0.271408339889851	0.212525570416994	0.119590873328088	0.0545397324940991	0.0189142407553108	0.00616837136113297	0.0017309205350118	0.00028324154209284	3.147128245476e-05	
0.0853374956200427	0.211735100181569	0.270601726499538	0.213136686522473	0.132354346510369	0.056827955276654	0.0206733985283343	0.00691236899945848	0.0020068168062944	0.000414105055267098	
0.0766246673719983	0.202109582892501	0.259369689974672	0.225032862043538	0.139623609374499	0.0642493026834664	0.0225706133179443	0.00724567984354461	0.00240453977108781	0.000705331666185759	6.41210605623417e-05	
0.0701582958764901	0.192365318220311	0.261481336720735	0.220604520878119	0.14718910820142	0.0715588561005798	0.0264803595856947	0.00771936681649404	0.00175884307211257	0.000521138688033353	0.000162855840010423	
0.0617384771175644	0.182242838009996	0.253389083069284	0.231633619704047	0.146669715480351	0.0799006957828374	0.0314245581942312	0.00993042171626433	0.00199261751543462	0.000849312383627871	0.00022866102636135	
0.0547395643380525	0.177746095951726	0.244985245847286	0.232750903484632	0.156161930970459	0.0828553429926063	0.0352110341169059	0.0114717681774477	0.00281820894532675	0.000862040383276417	0.000397864792281423	
0.0538696537678208	0.162016293279022	0.247488119484046	0.230617786829599	0.162525458248473	0.088255261371351	0.0373048200950441	0.0128309572301426	0.00407331975560081	0.000848608282416836	0.000169721656483367	
0.0493634439934783	0.158566621570056	0.234294238040726	0.232976029416866	0.163804766364866	0.0966455059492837	0.0419398480591113	0.0158185034863149	0.00496062718978735	0.00152634682762688	0.000104069101883651	
0.0442649548532731	0.15293453724605	0.226086343115124	0.234551354401806	0.170957957110609	0.0989348194130926	0.0459579571106095	0.0183761286681716	0.00553752821670429	0.00190462753950339	0.000493792325056433	
0.0412543010180554	0.144301372778546	0.224929942180128	0.224539746727679	0.17792912631691	0.103259905643645	0.0517541059203292	0.0229505870667944	0.00592387641445852	0.00244758965627328	0.000567557021744528	0.000141889255436132	
0.042623291947007	0.139661510716515	0.213151141014081	0.226642158562808	0.175313865575362	0.108725809807866	0.0585073177498786	0.0236873135881251	0.00870500104043837	0.00249705209128113	0.000450856627592426	3.46812790455712e-05	
0.0376390972197998	0.128440366972477	0.208183625771793	0.230997313984721	0.176090975686329	0.114033557749328	0.0631039173963093	0.0289531517075383	0.00948826176439809	0.00247671538703038	0.00059301636027488	
0.0347636571510236	0.115331022901854	0.210332630676337	0.228804173067991	0.184250955732609	0.116009861016828	0.0670977884168781	0.0267247847368609	0.0115402479545536	0.00418021365536461	0.000893208046018078	7.14566436814463e-05	
0.0308734663980956	0.107745834096319	0.20479765610694	0.231972166269914	0.184288591832998	0.11796374290423	0.0721845815784655	0.0320454129280352	0.0121223219190624	0.00421168284197034	0.0015748031496063	0.00021973997436367	
0.0284020203499012	0.10281092160164	0.195080887197131	0.235085279262133	0.195154088280507	0.119281165361247	0.0672717956225752	0.034404509186736	0.0154820291340312	0.00479467096113022	0.00179342654271283	0.000439206500256204	
0.0280633712634005	0.0974717353920457	0.184003512494969	0.225165562913907	0.199407266473967	0.132816216018441	0.0728842706084666	0.0349420072445209	0.0175990633346749	0.00537850792140793	0.00179283597380264	0.00021953093556767	0.000256119424828949	
0.0253968253968254	0.0989294942783315	0.176596530084902	0.217386489479513	0.196197858988557	0.142857142857143	0.0788113695090439	0.0400147655961609	0.0157991878922111	0.00564784053156146	0.00184569952011812	0.000406053894425987	0.000110741971207087	
0.0249255141341472	0.0951602354480052	0.17149916430492	0.216517694934961	0.198822759973839	0.141559479688976	0.083751180873483	0.0431654676258993	0.0168229053121139	0.00505050505050505	0.0017803938667248	0.000872029649008066	7.26691374173389e-05	
0.0237991425041785	0.0874209723130586	0.162597194971296	0.21571833442337	0.205580989753652	0.144393576048252	0.0853862364653732	0.0466899207906402	0.0199840127897682	0.00472349393212703	0.00247075067218952	0.00109003706126008	0.000145338274834678	
0.0191480760042633	0.083501782498438	0.16263001212834	0.209820280054394	0.2015509574038	0.154581204748429	0.0901907457091404	0.0468227424749164	0.0220882796133632	0.00639494284979235	0.00183762725568746	0.000992318718071226	0.00044103054136499	
0.0178584579129538	0.0712129022755726	0.15579203181383	0.206090286471758	0.200382944252154	0.161020693718241	0.0997496133735916	0.0493040724648354	0.0251123057662567	0.0100891081817512	0.00220929376242728	0.000810074379556668	0.000368215627071213	
0.0169165989510231	0.0671492945261136	0.142498337888749	0.202814508384428	0.198899312994016	0.167208391815025	0.108406589347714	0.0561424244662776	0.0251163477875452	0.0106744478097067	0.00317647927901308	0.000590972889118712	0.000332422250129275	7.3871611139839e-05	
0.0147959560180061	0.0621356357464394	0.142461810936462	0.193306767028264	0.199985240941628	0.167552210168991	0.117961774038816	0.057006862962143	0.0288908567633385	0.0108848055494059	0.0039111504686001	0.000885543502324552	0.000221385875581138	
0.0130881438964647	0.0594815925127043	0.13201476986071	0.190472708660842	0.210068365444375	0.167732972617263	0.113369648667422	0.063941797974628	0.0307827294995065	0.013234380141118	0.00413117391145395	0.00149892150769568	0.000146236244653237	3.65590611633093e-05	
0.0129813776893871	0.05590309166516	0.127101789911408	0.181883926957151	0.205098535527029	0.175700596637136	0.112529379858977	0.0714518170312782	0.0326161634424155	0.0153679262339541	0.00694268667510396	0.00198879045380582	0.000397758090761164	3.61598264328331e-05	
0.011717466691002	0.0551560503741559	0.124767293301697	0.175542982296039	0.194488045263734	0.174192370870597	0.11812374520898	0.0784814747216645	0.0382186530388757	0.0181784997262274	0.0066800511042161	0.00335827705785727	0.000949078298959664	0.000146012045993794	
0.0086045355462924	0.0537305441890703	0.115339018700524	0.173046770430992	0.19274159623695	0.171823014264408	0.127500095605951	0.0806149374737084	0.0454701900646296	0.0194653715247237	0.00753374890053157	0.00263872423419634	0.00141496806761253	7.6484760411488e-05	
0.00714983395194374	0.0478609103340496	0.112404766555968	0.173862082437976	0.197577651885134	0.172299277202579	0.126548153936316	0.0846259034967767	0.0423129517483884	0.0233248681383083	0.00754053526079312	0.00261769876929088	0.00156280523539754	0.000312561047079508	
0.00664967747073346	0.0436808154814048	0.103965915425659	0.168113402882854	0.19984868997372	0.175161264633272	0.131878633431552	0.0856892569881341	0.0455124631679541	0.0251254280481007	0.00955642271243131	0.00314565580950864	0.00115473441108545	0.000438002707653102	7.96368559369276e-05	
0.00800549872639793	0.0368738123155299	0.0975215299397566	0.162738042291675	0.201107831641936	0.17567622205151	0.136093478348765	0.092467553471071	0.0485990377228804	0.0257954958961711	0.00962277119637731	0.00355799943395464	0.00161727246997938	0.000283022682246391	4.04318117494845e-05	
0.00852869679864859	0.0364220674879486	0.0941864776894236	0.157719088624284	0.197684479419884	0.17531210086111	0.137612788925055	0.0969881751884966	0.0526966338428577	0.0251328746240369	0.0112479914301018	0.00457335915289852	0.00156565448477607	0.000164805735239586	0.000164805735239586	
0.0065308146984665	0.0343901128425578	0.0962675153970157	0.147439341958418	0.188566940850659	0.185508204852643	0.136692431695118	0.0977555491257802	0.059728020501798	0.0303806886289423	0.0114082585871946	0.00396808994337205	0.000826685404869177	0.000413342702434588	0.000124002810730377	
0.00463814140063513	0.0305030920942671	0.0909660705331773	0.143364532843055	0.181305365201404	0.186988133043624	0.146958047802106	0.100409493565101	0.0606719037272271	0.0337623265920107	0.0126190874143406	0.00559919772689286	0.00137890690289153	0.000710345980277453	0.000125355172990139	
0.00409613375130616	0.0287565308254963	0.0830512016718913	0.141024033437827	0.175632183908046	0.187460815047022	0.157157784743992	0.101609195402299	0.0635318704284221	0.0313897596656217	0.0168861024033438	0.00668756530825496	0.00158829676071055	0.000961337513061651	0.000167189132706374	
0.00441942880967271	0.025515947467167	0.076172607879925	0.138753387533875	0.182947675630602	0.182572441109026	0.157598499061914	0.111319574734209	0.0622055451323744	0.0325620179278716	0.0153846153846154	0.00733791953304148	0.00200125078173859	0.000833854492391078	0.000333541796956431	4.16927246195539e-05	
0.00404674402279391	0.0257257298591898	0.0719329396704794	0.13461617871743	0.178882603130033	0.185985051823099	0.154808605525044	0.110624767725152	0.0675145558904902	0.0364206962051451	0.0176735351199571	0.00796960812652269	0.00222983854317215	0.000867159433455837	0.000454226369905438	0.000247759838130239	
0.00352269506417784	0.0244159209620602	0.0706563550228773	0.128639105964287	0.17394825282423	0.183868486050937	0.162165445195773	0.112159371583593	0.0689962343604486	0.0393570069239179	0.0190306514961331	0.009312872008746	0.00255091711543912	0.000890796453010487	0.000364416730777017	0.000121472243592339	
0.00350086515633174	0.0207637519616917	0.0649873244537443	0.125387308357813	0.168443925797755	0.185545853285582	0.164621142006358	0.116252867087844	0.0721902539133234	0.0413665446058509	0.0215685485493542	0.0102611564926965	0.00297774737435113	0.00128767454025995	0.000563357611363728	0.000281678805681864	
0.00423352955406822	0.0221756309975002	0.0603177163132005	0.123981936940569	0.165268929925006	0.18075155229417	0.161317635674542	0.119385533424724	0.0791871623256189	0.0426175308442868	0.0234255301991775	0.0117732440932183	0.00322554632690912	0.00112894121441819	0.000766067252640916	0.000443512619950004	
0.00391428917315685	0.0217505346838304	0.0617812033412695	0.119970945482426	0.163310600863565	0.177999273637061	0.153343287195836	0.13114886404907	0.0810701747306404	0.0440660183204875	0.0246559864412251	0.0109357975868609	0.00447923812598362	0.000645655946087729	0.000766716435979178	0.000161413986521932	
0.00437241766617193	0.0207388984716595	0.0568414296602351	0.112599783384813	0.163704921978419	0.178707529383449	0.156404187893618	0.129487745196358	0.0853624292992098	0.0507441132817201	0.0242288098198885	0.0107906454330298	0.00401139235428617	0.0013638734004573	0.000401139235428617	0.000200569617714309	4.01139235428617e-05	
0.00302091098120758	0.020714818156852	0.0580250304052729	0.109380517085802	0.159990584173565	0.174349719486837	0.165914708305544	0.123582721958492	0.0845070422535211	0.0495507866138334	0.0301698772019302	0.0123582721958492	0.00513947192906744	0.0020008631174232	0.000863117423202166	0.000156930440582212	0.000274628271018871	
0.0019862906994859	0.0200576413771616	0.0530456457392117	0.111388066677053	0.151191774419692	0.172417822090668	0.168756815703381	0.125876304720361	0.0857610219660383	0.0528898582333697	0.0317027574388534	0.014721919302072	0.00704938463935192	0.00171366256426235	0.000817884405670665	0.000116840629381524	0.000272628135223555	0.000233681258763047	
0.00172016106962743	0.0166933812893389	0.0478517533914539	0.102818718480003	0.153485280894484	0.174244497439306	0.16529184096329	0.131865983814848	0.089096524492748	0.0560616130419485	0.0314320340904648	0.0172797998358028	0.00703702255756675	0.00371398412760468	0.000977364244106494	7.81891395285195e-05	7.81891395285195e-05	0.000273661988349818	
0.00247610941308469	0.0147405888497698	0.0425968197469726	0.0948272526792278	0.144039927264286	0.176074592796069	0.168027237203544	0.135915193252602	0.0964135102719851	0.0616706000696406	0.0322281115796804	0.0170232522149572	0.00758308507757187	0.0034433396525709	0.00170232522149572	0.000619027353271173	0.000270824467056138	0.000309513676635586	3.86892095794483e-05	
0.00256699467154136	0.0164521022130606	0.0462447979464043	0.088561316168177	0.14056240519622	0.169343860604411	0.167904787834001	0.137995410524678	0.100423943059391	0.0647193808097701	0.0346544280658084	0.016257632919762	0.006611955972152	0.00400606744195092	0.00210026836762475	0.00101124032515266	0.000155575434638871	0.000350044727937459	7.77877173194353e-05	
0.00277224630041779	0.0152278317910273	0.0459177697083285	0.0920698137519035	0.133848736870876	0.166490960915232	0.164929132013588	0.136425754558588	0.104525399242513	0.0668072312678146	0.0358830190152669	0.019171449767678	0.00722345867010269	0.00417789231189723	0.00210846901721916	0.00167896606926711	0.000390457225410956	0.000117137167623287	0.000234274335246574	
0.00174879527436655	0.0141846727809731	0.0411549821234261	0.0890719726410695	0.137299860096378	0.163648375563501	0.159023783615731	0.142274211099021	0.107337167728898	0.068902533810042	0.0364138038240323	0.0219182341053941	0.00913259754391419	0.00439141924452044	0.00167107103995026	0.00077724234416291	0.00077724234416291	0.000233172703248873	3.88621172081455e-05	
0.00163316094412256	0.0124820157872225	0.0377182408523545	0.0832134385814831	0.128280903682389	0.168954388147918	0.165649181475289	0.136991095384376	0.108760741921686	0.0726756620134541	0.0422677606252673	0.0235252945522417	0.010809970058716	0.00416067192907415	0.00147762180658708	0.000894350040829024	0.000427732628222577	0	7.77695687677412e-05	
0.000716931533038595	0.0101167005217668	0.0382761779583383	0.0787828095750189	0.125423188752141	0.164416298243518	0.164655275421197	0.143784601903852	0.107579559485402	0.0761938901501573	0.0445294141076194	0.0250527741267376	0.0125064722985622	0.00473971402397738	0.00147369259569044	0.00111522682917115	0.000517783884972318	7.96590592265105e-05	3.98295296132553e-05	
0.000724666854543259	0.00917911349088128	0.0340190828938363	0.0752445750634084	0.122831031845082	0.159144893111639	0.166955191432827	0.141148999557148	0.115825918917831	0.0763718346149201	0.0478682716695519	0.0265308587302226	0.0138491887757156	0.00595837191513346	0.00265711179999195	0.00104674101211804	0.00052337050605902	8.05185393936954e-05	4.02592696968477e-05	
0.000449750592853054	0.00707335023305258	0.0300515168860904	0.0649685174585003	0.122495706926159	0.154795976776515	0.168983563660152	0.149726061002535	0.113010058058713	0.0829176547550904	0.0515168860904408	0.0261673072205413	0.0150053152342792	0.00764576007850192	0.0029029356447788	0.00171722953634803	0.000408864175320958	8.17728350641917e-05	8.17728350641917e-05	
0.00128422884129417	0.00716682546915779	0.0279630473507602	0.0636728944861013	0.116906251294586	0.149591946642363	0.164464145159286	0.152491818219479	0.120344670450309	0.0855462115249182	0.0556775342806247	0.0276730601930486	0.014747918306475	0.00625543725920709	0.00347984589253904	0.00173992294626952	0.000662827789055056	0.000207133684079705	0.000124280210447823	
0.000496298440795732	0.00620373050994665	0.0273791306505645	0.0625749617436619	0.108358492907068	0.152942636171885	0.163075396004798	0.150171636544109	0.121096819554159	0.0896232267670292	0.056743455064312	0.0323421150585219	0.0153025352578684	0.0076512676289342	0.00314322345837297	0.00177840274618471	0.000951238678191819	8.27164067992886e-05	8.27164067992886e-05	
0.00112956532652805	0.00564782663264025	0.0253524662176296	0.0611638706438522	0.104631217838765	0.145002719323934	0.168137890641342	0.14964648788855	0.126762331088148	0.0893193323013848	0.0594067690248086	0.0322972011881354	0.0177383592017738	0.00807430029703384	0.00322135296824666	0.00138057984353428	0.00108772957369368	
0.00110520722635494	0.00607863974495218	0.024442082890542	0.0545802337938363	0.10567481402763	0.143889479277365	0.165228480340064	0.154558979808714	0.125398512221041	0.0895217853347503	0.0619341126461211	0.0358342189160468	0.0175557917109458	0.00871413390010627	0.00340063761955367	0.0012327311370882	0.000722635494155154	0.000127523910733262	
0.000843454790823212	0.00586201079622132	0.02180330634278	0.0571440620782726	0.097165991902834	0.144315114709852	0.168058367071525	0.15224358974359	0.128373819163293	0.0944669365721997	0.0622891363022942	0.0355937921727395	0.0171221322537112	0.00830802968960864	0.00358468286099865	0.00185560053981107	0.00071693657219973	0.000168690958164642	8.43454790823212e-05	
0.000337581230483585	0.00531690438011647	0.0213520128280868	0.0531690438011647	0.0891214448476665	0.137901932652545	0.168031057473204	0.161617014094016	0.130432947928095	0.0984049286859651	0.0655751540214364	0.0378090978141615	0.0169212591779897	0.00632964807156722	0.00417756772723437	0.00206768503671196	0.00101274369145076	0.000253185922862689	0.000168790615241793	
0.000417798203467725	0.00497179862126593	0.0192604971798621	0.0507207019009818	0.0914978065594318	0.128974305410487	0.160267390850219	0.163359097555881	0.133737204930019	0.101733862544391	0.0708167954877794	0.0405682055567161	0.0182577814915396	0.00848130353039482	0.00367662419051598	0.00179653227491122	0.00100271568832254	0.00033423856277418	0.000125339461040318	
0.000169033130493577	0.00515551048005409	0.0178752535496957	0.0460615280594997	0.087263353617309	0.128338404327248	0.154623056118999	0.161595672751859	0.139452332657201	0.10619506423259	0.0696416497633536	0.0450473292765382	0.0212559161595673	0.00971940500338066	0.00524002704530088	0.00160581473968898	0.000549357674104124	0.000126774847870183	8.45165652467884e-05	
8.53788687299893e-05	0.00311632870864461	0.016051227321238	0.0467876200640342	0.0855923159018143	0.130416221985059	0.150010672358591	0.15897545357524	0.144119530416222	0.104461045891142	0.0686446104589114	0.0460192102454643	0.0246318036286019	0.0118249733191035	0.00584845250800427	0.00260405549626467	0.00064034151547492	0.000170757737459979	
0.000379027163613392	0.00341124447252053	0.013855548536534	0.0393767108865024	0.0845651716150769	0.125247420509581	0.151526637186776	0.155864392503685	0.143567066750895	0.112992208886081	0.0716782480522215	0.0472099389345125	0.0264897873236471	0.0130974942093072	0.00652769004000842	0.00307433143819752	0.000673826068646031	0.000421141292903769	4.21141292903769e-05	
0.00049877384762459	0.00415644873020491	0.013550022860468	0.0349557338210233	0.0726547238039819	0.117502805602893	0.150380315058814	0.1622677584272	0.147637058896879	0.11500893636477	0.0802194604929548	0.0466769192402012	0.0285132382892057	0.0146306995303213	0.00660875348102581	0.00361611039527827	0.00103911218255123	4.15644873020491e-05	4.15644873020491e-05	
0.000245248313917842	0.00457796852646638	0.0130799100756182	0.0339668914776211	0.0653995503780912	0.106846515430206	0.148906601267116	0.164438994481913	0.145473124872266	0.12274678111588	0.0796648273043123	0.0541181279378704	0.0302064173308808	0.015573267933783	0.00739832413652156	0.00453709380748007	0.00265685673410995	0.000163498875945228	
0.000119493348203617	0.00402294272285509	0.0126662949095834	0.0326615151756552	0.0665577949494145	0.101529514857006	0.144786106906716	0.159842268780371	0.146419182665498	0.116864494543137	0.0872301441886402	0.0589500517804509	0.0368836134788497	0.0166494065163706	0.00820520990998168	0.00390344937465148	0.00207121803552936	0.000637297857085956	
0.000118934348239772	0.0025372660957818	0.0105455122105931	0.0346098953377735	0.0661671424040596	0.0990326673009832	0.13348398350777	0.157469077069458	0.145496352679987	0.119806533460197	0.0908658420551855	0.0650570884871551	0.0398430066603235	0.0192277196320964	0.00816682524579765	0.00455915001585791	0.00198223913732953	0.000991119568664764	3.96447827465905e-05	
3.99696230864543e-05	0.00259802550061953	0.0105120108717375	0.0344538151005236	0.0660298173388225	0.0992046045005796	0.131340181462089	0.154282745113714	0.150045965066549	0.122786682121588	0.0864942643590871	0.0645509412846237	0.0381709900475639	0.0220632319437228	0.00983252727926776	0.0046364762780287	0.00203845077740917	0.000679483592469723	0.000239817738518726	
7.96178343949045e-05	0.00270700636942675	0.0106687898089172	0.0322054140127389	0.063296178343949	0.100597133757962	0.132762738853503	0.144824840764331	0.148168789808917	0.127746815286624	0.0948248407643312	0.0624601910828025	0.0376990445859873	0.0209792993630573	0.0123009554140127	0.00525477707006369	0.00262738853503185	0.000597133757961783	0.000199044585987261	
3.96275014860313e-05	0.00245690509213394	0.0100257578759659	0.0296017436100654	0.0625321973449574	0.101684168813156	0.128353477313255	0.144204477907668	0.143491182880919	0.130889637408361	0.0984347136913018	0.0641172974043987	0.0402615415098078	0.0211610857935407	0.012641172974044	0.00578561521696057	0.00305131761442441	0.00103031503863681	0.000237765008916188	
0.00209984152139461	0.0104199683042789	0.0279714738510301	0.05756735340729	0.101307448494453	0.126267828843106	0.145126782884311	0.144175911251981	0.129397781299525	0.0964738510301109	0.0708795562599049	0.0398573692551506	0.0241679873217116	0.0129556259904913	0.00602218700475436	0.00285261489698891	0.00209984152139461	0.000356576862123613	
0.000193948797517455	0.00283165244375485	0.0103180760279286	0.0256400310318076	0.0599301784328937	0.0987587276958883	0.125601241272304	0.143987587276959	0.144685802948022	0.126377036462374	0.100193948797517	0.0674941815360745	0.0451900698215671	0.0240496508921645	0.0141970519782777	0.00508145849495733	0.00329712955779674	0.0017455391776571	0.000387897595034911	3.87897595034911e-05	
0.00294730223601996	0.0108460722285535	0.0248752308720085	0.0521868982591268	0.095374700357606	0.129877785200613	0.145636027822533	0.146107596180296	0.128227295948442	0.099461626124887	0.0675128698864306	0.0441702361771525	0.0266436122136205	0.0151294848115691	0.00510865720910127	0.00279011278343223	0.00192557079419971	0.00113962353126105	3.92973631469328e-05	
